,R513A_UNIT,R513A_UNIT,R513A_UNIT,R513A_UNIT,R513A_UNIT,R513A_UNIT,R513A_UNIT,R513A_UNIT,R513A_UNIT,R513A_UNIT,R513A_UNIT,R513A_UNIT,R513A_UNIT,R513A_UNIT,R513A_UNIT,R513A_UNIT,R513A_UNIT,R513A_UNIT,R513A_UNIT,R513A_UNIT,R513A_UNIT,R513A_UNIT,R513A_UNIT,R513A_UNIT,R513A_UNIT,R513A_UNIT,R513A_UNIT,R513A_UNIT,R513A_UNIT,R513A_UNIT,R513A_UNIT,R513A_UNIT,R513A_UNIT,R513A_UNIT,R513A_UNIT,R513A_UNIT,R513A_UNIT,R513A_UNIT,R513A_UNIT,R513A_UNIT,R513A_UNIT,R513A_UNIT,R513A_UNIT,R513A_UNIT,R513A_UNIT,R513A_UNIT,R513A_UNIT,R513A_UNIT,R513A_UNIT,R513A_UNIT,R513A_UNIT,R513A_UNIT,R513A_UNIT,R513A_UNIT,R513A_UNIT,R513A_UNIT,R513A_UNIT,R513A_UNIT,R513A_UNIT,R513A_UNIT,R513A_UNIT,R513A_UNIT,R513A_UNIT,R513A_UNIT,R513A_UNIT,R513A_UNIT,R513A_UNIT,R513A_UNIT,R513A_UNIT,R513A_UNIT,R513A_UNIT,R513A_UNIT,R513A_UNIT,R513A_UNIT,R513A_UNIT,R513A_UNIT,R513A_UNIT,R513A_UNIT,R513A_UNIT,R513A_UNIT,R513A_UNIT,R513A_UNIT,R513A_UNIT,R513A_UNIT,R513A_UNIT,R513A_UNIT,R513A_UNIT,R513A_UNIT,R513A_UNIT,R513A_UNIT,R513A_UNIT,R513A_UNIT,R513A_UNIT,R513A_UNIT,R513A_UNIT,R513A_UNIT,R513A_UNIT,R513A_UNIT,R513A_UNIT,R513A_UNIT,R513A_UNIT,R513A_UNIT,R513A_UNIT,R513A_UNIT,R513A_UNIT,R513A_UNIT,R513A_UNIT,R513A_UNIT,R513A_UNIT,R513A_UNIT,R513A_UNIT,R513A_UNIT,R513A_UNIT,R513A_UNIT,R513A_UNIT,R513A_UNIT,R513A_UNIT,R513A_UNIT,R513A_UNIT,R513A_UNIT,R513A_UNIT,R513A_UNIT,R513A_UNIT,R513A_UNIT,R513A_UNIT,LOGGER,LOGGER,LOGGER,LOGGER,LOGGER,LOGGER,LOGGER,LOGGER,LOGGER,LOGGER,LOGGER,LOGGER,LOGGER,LOGGER,LOGGER,LOGGER,LOGGER,LOGGER,LOGGER,LOGGER,LOGGER,LOGGER,LOGGER,LOGGER,LOGGER,LOGGER,LOGGER,LOGGER,LOGGER,LOGGER,LOGGER,LOGGER,LOGGER,LOGGER,LOGGER,LOGGER,LOGGER,LOGGER,LOGGER,LOGGER,LOGGER,LOGGER,LOGGER,LOGGER,LOGGER,LOGGER,LOGGER,LOGGER,LOGGER,LOGGER,LOGGER,LOGGER,LOGGER,LOGGER,LOGGER,LOGGER,LOGGER,LOGGER,LOGGER,LOGGER,LOGGER,LOGGER,LOGGER,LOGGER,LOGGER,LOGGER,LOGGER,LOGGER,LOGGER,LOGGER,LOGGER,LOGGER,LOGGER,LOGGER,LOGGER,LOGGER,LOGGER,LOGGER,LOGGER,LOGGER,LOGGER,LOGGER,LOGGER,LOGGER,LOGGER,LOGGER,LOGGER,LOGGER,LOGGER,LOGGER,LOGGER,LOGGER,LOGGER,LOGGER,LOGGER,LOGGER,LOGGER,LOGGER,LOGGER,LOGGER,LOGGER,LOGGER,LOGGER,LOGGER,LOGGER,LOGGER,LOGGER,LOGGER,LOGGER,LOGGER,LOGGER,LOGGER,LOGGER,LOGGER,LOGGER,LOGGER,LOGGER,LOGGER,LOGGER,LOGGER,LOGGER,LOGGER,LOGGER,LOGGER,LOGGER,LOGGER,LOGGER,LOGGER,LOGGER,LOGGER,LOGGER,LOGGER,LOGGER,LOGGER,LOGGER,LOGGER,LOGGER,LOGGER,LOGGER,LOGGER,LOGGER,LOGGER,LOGGER,LOGGER,LOGGER,LOGGER,TEST_STATION,TEST_STATION,TEST_STATION,TEST_STATION,TEST_STATION,TEST_STATION,TEST_STATION,TEST_STATION,TEST_STATION,TEST_STATION,TEST_STATION,TEST_STATION,TEST_STATION,TEST_STATION,TEST_STATION,TEST_STATION,TEST_STATION,TEST_STATION,TEST_STATION,TEST_STATION,TEST_STATION,TEST_STATION,TEST_STATION,TEST_STATION,TEST_STATION,TEST_STATION,TEST_STATION,TEST_STATION,TEST_STATION,TEST_STATION,TEST_STATION,TEST_STATION,TEST_STATION,TEST_STATION,TEST_STATION,TEST_STATION,TEST_STATION,TEST_STATION,TEST_STATION,TEST_STATION,TEST_STATION,TEST_STATION,TEST_STATION,TEST_STATION,TEST_STATION,TEST_STATION,TEST_STATION,TEST_STATION,TEST_STATION,TEST_STATION,TEST_STATION,TEST_STATION,TEST_STATION,TEST_STATION,TEST_STATION,TEST_STATION,TEST_STATION,TEST_STATION,TEST_STATION,TEST_STATION,TEST_STATION,TEST_STATION,TEST_STATION,TEST_STATION,TEST_STATION,TEST_STATION,TEST_STATION,CHAMBER,CHAMBER,CHAMBER,CHAMBER,CHAMBER,CHAMBER,CHAMBER,CHAMBER,CHAMBER,CHAMBER,CHAMBER,CHAMBER,CHAMBER,CHAMBER,CHAMBER,CHAMBER,CHAMBER,CHAMBER,CHAMBER,CHAMBER,CHAMBER,CHAMBER,CHAMBER,CHAMBER,CHAMBER,CHAMBER,CHAMBER,CHAMBER,CHAMBER,CHAMBER,CHAMBER,CHAMBER,CHAMBER,CHAMBER,CHAMBER,CHAMBER,CHAMBER,CHAMBER,CHAMBER,CHAMBER,CHAMBER
TIME,Cycle_Status,Unit_SN,Heat_Call,Defrost,Alarm_Register_1,Alarm_Register_2,Alarm_Register_3,AMB_Fahr_W,Cond_LWT_Fahr_W,Cond_EWT_Fahr_W,Cond_Flow_F,Evap1_Fahr_W,Evap2_Fahr_W,Cold_Sensor_Fahr_W,Warm_Sensor_Fahr_W,SLT_Fahr_W,SH_F,DLP_W,SLP_W,Flow_Percent_Set_W,VFP_Head_ft_F,Circ_Pump_Output,Evap_Flow_Output,LLSV_Output,Comp_Output,HGBV_Output,AOTS,Remote_Enable,Comp_Feedback,MMP_Aux,Voltage_Monitor,O.P.S.S.,F.C._Aux,Evap_Flow,Pan_Sensor,Damper_Switch,TT_High,TT_ODR,Cond_Heat_Output,Defrost_Heat_Output,Pan_Heat_Output,PD_ctl,SP_HC_Cut_In,EWT_Block,MP_HC_Cut_In,MP_HC_Cut_Out,BMS_Heat_Call,MCP6_HC_Rgstr,Master_Comm_Status,Member_Unit_Status,MCPLA_HeatCall,mqtt_member_status,Cond_Flow_Verif,Flow_Valve_Verif,PID_Start,Pump_OFF_Delay,HGBV_Max,Post_HGBV_Fan,Defrost_Enable,VFP_Setpoint_W,Hardware_IO_Map_W,K2_EEV_POS,Tank_Storage_Temp,Demand_Diff,Cold_Sensor_Cut_In_F,Hot_Sensor_Cut_In_F,Cond_LWT_Input_F,Startup_GPM_F,CFlow_Low_Limit_F,Start_Valve_Pos_F,Min_Valve_Pos_F,Defrost_Cut_In_F,Defrost_Cut_Out_F,HGBV_PSIG_Cut_In_F,HGBV_PSIG_Cut_Out_F,Freeze_Po_1_Cut_In,Freeze_Po_1_Cut_Out,Freeze_Pro_2_Cut_In,Freeze_Pro_2_Cut_Out,WS_FrzPro2_Cut_In,WS_FrzPro2_Cut_Out,Purge_Cut_Out_Fahr_F,Kp_Input,Ki_Input,Kd_Input,PID_Start_Diff_F,Pump_Delay_Time,Max_Pump_Duration,CFlow_VerifFail_Time,Manual_EvapFlow_TIME,EFlow_VerifFail_Time,Defr_Cut_In_Delay_W,Def_Enable_Time_W,Def_Max_Dur_Time_W,Post_Def_Fan_Time_W,HGBV_Duration_W,PostHGBVFan_Time_W,Max_Purge_Time,SinglePass_Config,Glycol_Source_Config,CWP_Config,K2_Config,Standby_Valve_Pos,HGBV_Defrost_Enable,HGBV_Disable,Unit_Model,Pump_Down_PSIG_F,Amb_Range_LOW,InitSV_Max_F,SrcTemp_SwitchTemp_F,EWT_Cut_Out_F,Demand_Mode,Unit_number,StaticIP_Status,ODR_LWT_Min_F,ODR_LWT_Max_F,ODR_Amb_Min_F,ODR_Amb_Max_F,HPB_WWSD_F,Password_Lock,Dev_psswrd_Lock,Service_Lock,Manual_Ctl_Status_W,Ducted_Config,Fans_Adj_Input_F,EWT_float,LWT_float,dT_float,GPM_float,Capacity,KW_float,KWX3412_float,COP,VFD_Hz_W,CompVFD_ErrorCode,CompVFD_Status,GPMXdT,VFD_Hz_Setpoint_W,FlowValve_FB%,FlowValve_SetPont,GPM_ps_1X10_float,GPM_ps_2X100_float,GPM_ps_1_float,GPM_ps_2_float,Amb_unit,VFP_ctl_Word_1_W,VFP_Ctl_Mode_W,VFP_Operation_Mode_W,VFP_Ctl_Setpoint_W,Fans_Spd_Disp_F,VFP_Status_Word_1_W,VFP_ProcFB_Status_W,VFP_CtlMode_Status_W,VFP_OpMode_Status_W,VFP_Alarm_Code_W,VFP_Warning_Code_W,VFP_Head_W,VFP_Flow_W,VFP_Performance_W,VFP_Speed_W,VFP_Freq_W,VFP_Dig_Inputs_W,VFP_Dig_Outputs_W,VFP_Pwr_Lo_W,VFP_RemoteFlow_W,VFP_InletPress_W,VFP_RemotePress1_W,VFP_FeedTankLvl_W,VFP_PwrEleTemp_W,VFP_MotorTemp_W,VFP_RemoteTemp1_W,VFP_EleTemp_W,VFP_LiquidTemp_W,CMRC_Alarm_1,CMRC_Alarm_2,CMRC_Alarm_3,CMRC_Alarm_4,CMRC_Alarm_5,CMRC_Alarm_6,CMRC_Alarm_7,CMRC_Alarm_8,CMRC_Alarm_9,CMRC_Alarm_10,K2_SuperHeat,K2_SLP,K2_SatT,K2_SLT,K2_NA1,K2_EEV_POS,K2_DLT,K2_Relay,K2_Alarm,K2_System,K2_Firm,VFP_head_F_feet,GPM_vfp,VFP_SetPoint_F,EWT_Raw,LWT_Raw,LLT_Raw,DLT_Raw,GPM_prosense_1X10,GPM_prosense_2X100,Temp_prosense_1,Temp_prosense_2,LLP,Water_Pressure_Out,LLT_Raw_C270,DLT_Raw_C270,SourceWater_EWT_C270,SourceWater_LWT_C270,Tekmar_Loop_LWT_C270,Compressor_head_Temp,LWT_SM_3_Raw,Compressor_head_X10,Compressor_head_F,EWT_Float,LWT_Float,LLT_Float,DLT_Float,LLP_SM_I_Float,LWT_SM_I_Float,LWT_SM_2_Float,LWT_SM_3_Float,AIR_TEMP_F_FL_ub,RH_FL,RH_FL_UB,EWT_Thermowell_ANSI,LWT_Thermowell_ANSI,LLT,DLT,EWT_SM_Internal,LWT_SM_Internal,LWT_SM_2,LWT_SM_3,DLP_Word,Ambient_air_temp,RH,DefrostCutOut,DefrostDelayTimer,DefrostMaxDurTimer,DefrostEnableTimer,DefrostEnableTC,LWTSet,Voltage_monitor,AlarmReg_1,AlarmReg_2,AlarmReg_3,PhAVolt_C90,PhAAmps_C90,PhBVolt_C90,PhBAmp_C90,PhCVolt_C90,PhCAmp_C90,TruPwr3Ph_C90,ReacPwr3Ph_C90,AprntPwr3Ph_C90,NetEnergy_C90,UnsignedEnergy_C90,PositiveEng_C90,NegativeEng_C90,NetReactiveEng_C90,NetApparentEng_C90,PowFac3ph_C90,PSIG_Table_START,SSLT_Table_START,Fist_Match_LLP_W,x2_LLP_First_Match_D,SLLT_Lookup_I,SLLT_F,SubCooling_F,CondFlowLoss_Fault,HotTankT_lo,HotTankT_hi,Cooler_EWT_lo,Cooler_EWT_hi,Cooler_LWT_lo,Cooler_LWT_hi,CoolFlowRt_lo,CoolFlowRt_hi,HW_Pump_set,HTank_cutIn,HTank_cutOut,ChillerFanPercent,ColdTankT_lo,ColdTankT_hi,EvapHeadrRetT_lo,EvapHeadrRetT_hi,EvapHeadrSupT_lo,EvapHeadrSupT_hi,Evap_Pump_set,CTank_cutIn,CTank_cutOut,HeatingEnable,Cond_hd_Sply,condReturnT_hi,EvapHeadrFlowIn_l,EvapHeadrFlowIn_h,CoolerFanFreq,condPumpFreq,evapPumpFreq_l,evapPumpFreq_h,AMTemp_low,AMTemp_high,Cooling_Cap,AMB_RH,HTank_cutIn_F,SupplyHeaderInletR,SupplyHeaderInletS,ReturnHeaderOutletR,ReturnHeaderOutletS,BoilerControlVR,BoilerControlVS,HotTankR,HotTankS,FluidCoolerInletR,FluidCoolerInletS,FluidCoolerOutletR,FluidCoolerOutletS,EvapInletR,EvapInletS,EvapOutletR,EvapOutletS,ColdTankR,ColdTankS,AuxTempRaw,HeatedTank_Float,SourceTank_Float,AuxTmpFlot,AuxTmpScld,TempC1,TempC1_ub,TempF,RH1,ABS_H1,DPC1,DPF1,MR1,Amb_temp_set_epic_F,RH_set_epic_F,Hum_manual_override,TempF1,RH1,ABS_H1,DPF1,TempF2,RH2,ABS_H2,DPF2,TempF3,RH3,DPC3,DPF3,TempF4,RH4,ABS_H4,DPF4,FloorTC,K2_SUP1_In,K2_SLP1_In,K2_ET1_In,K2_SAT1_In,K2_RT1_In,K2_ValvePos1_In,K2_AUX1a_In,K2_RLY1,K2_Alarm1,K2_System1,K2_Firmware1,K2_AUX1b_In,K2_SLP2_In,K2_ET2_In,TempC1,TempF,RH1,ABS_H1,DPC1,DPF1,MR1
2026-05-17T16:00:00,ERR,ERR,ERR,ERR,ERR,ERR,ERR,ERR,ERR,ERR,ERR,ERR,ERR,ERR,ERR,ERR,ERR,ERR,ERR,ERR,ERR,ERR,ERR,ERR,ERR,ERR,ERR,ERR,ERR,ERR,ERR,ERR,ERR,ERR,ERR,ERR,ERR,ERR,ERR,ERR,ERR,ERR,ERR,ERR,ERR,ERR,ERR,ERR,ERR,ERR,ERR,ERR,ERR,ERR,ERR,ERR,ERR,ERR,ERR,ERR,ERR,ERR,ERR,ERR,ERR,ERR,ERR,ERR,ERR,ERR,ERR,ERR,ERR,ERR,ERR,ERR,ERR,ERR,ERR,ERR,ERR,ERR,ERR,ERR,ERR,ERR,ERR,ERR,ERR,ERR,ERR,ERR,ERR,ERR,ERR,ERR,ERR,ERR,ERR,ERR,ERR,ERR,ERR,ERR,ERR,ERR,ERR,ERR,ERR,ERR,ERR,ERR,ERR,ERR,ERR,ERR,ERR,ERR,ERR,ERR,ERR,ERR,ERR,ERR,ERR,0.0,-0.0,-0.0,0.0,0.0,1.3936040501711995e+18,7.805,0.0,0,0,4,0,8422,0.0,45,0.0,0.0,0.0,0.0,0.0,0,0,0,0,0.0,0,0,0,0,0,0,0,0,0,0,0,0,0,0,0,0,0,0,0,0,0,0,0,0,0,0,0,0,0,0,0,0,0,38,14,7,45,65476,0,300,0,0,8,21553,0.0,-107605600.0,0.0,0.0,0.0,0.0,0.0,0.0,0.0,0.0,0.0,0.0,0.0,0.0,0.0,0.0,0.0,0.0,0.0,0.0,0.0,0.0,-2.004,-0.0,2.004,-2.004,0.0,0.0,0.0,0.0,4997.0,-0.0,0.0,0.0,-0.0,-107615272.0,2.718429120148166e+23,0.0,0.0,0.0,0.0,53,0.0,4.066853658014554e+29,0.0,0.0,0.0,0.0,0.0,0.0,0.0,0,0,0,0.0,0.0,0.0,0.0,0.0,0.0,0.0,0.0,0.0,0.0,0.0,0.0,0.0,0.0,0.0,0.0,0,-107875648.0,53,0.0,106,-107614832.0,0.0,ERR,ERR,ERR,ERR,ERR,ERR,ERR,ERR,ERR,ERR,ERR,ERR,ERR,ERR,ERR,ERR,ERR,ERR,ERR,ERR,ERR,ERR,ERR,ERR,ERR,ERR,ERR,ERR,ERR,ERR,ERR,ERR,ERR,ERR,ERR,ERR,ERR,ERR,ERR,ERR,ERR,ERR,ERR,ERR,ERR,ERR,ERR,ERR,ERR,ERR,ERR,ERR,ERR,ERR,ERR,ERR,ERR,ERR,ERR,ERR,ERR,ERR,ERR,ERR,ERR,ERR,ERR,50.0,60.0,100,0.0,0.0,0.0,0.0,0.0,0.0,0.0,0.0,0.0,0.0,0.0,0.0,0.0,0.0,0.0,0.0,61.6,65,19,65520,50,65476,0,300,0,0,8,20529,65476,0,0,26214,60.0,0.0,0.0,0.0,0.0,0.0
2026-05-17T16:00:01,ERR,ERR,ERR,ERR,ERR,ERR,ERR,ERR,ERR,ERR,ERR,ERR,ERR,ERR,ERR,ERR,ERR,ERR,ERR,ERR,ERR,ERR,ERR,ERR,ERR,ERR,ERR,ERR,ERR,ERR,ERR,ERR,ERR,ERR,ERR,ERR,ERR,ERR,ERR,ERR,ERR,ERR,ERR,ERR,ERR,ERR,ERR,ERR,ERR,ERR,ERR,ERR,ERR,ERR,ERR,ERR,ERR,ERR,ERR,ERR,ERR,ERR,ERR,ERR,ERR,ERR,ERR,ERR,ERR,ERR,ERR,ERR,ERR,ERR,ERR,ERR,ERR,ERR,ERR,ERR,ERR,ERR,ERR,ERR,ERR,ERR,ERR,ERR,ERR,ERR,ERR,ERR,ERR,ERR,ERR,ERR,ERR,ERR,ERR,ERR,ERR,ERR,ERR,ERR,ERR,ERR,ERR,ERR,ERR,ERR,ERR,ERR,ERR,ERR,ERR,ERR,ERR,ERR,ERR,ERR,ERR,ERR,ERR,ERR,ERR,0.0,-0.0,-0.0,0.0,0.0,1.3936040501711995e+18,7.805,0.0,0,0,4,0,8422,0.0,45,0.0,0.0,0.0,0.0,0.0,0,0,0,0,0.0,0,0,0,0,0,0,0,0,0,0,0,0,0,0,0,0,0,0,0,0,0,0,0,0,0,0,0,0,0,0,0,0,0,38,14,7,45,65476,0,300,0,0,8,21553,0.0,-107605600.0,0.0,0.0,0.0,0.0,0.0,0.0,0.0,0.0,0.0,0.0,0.0,0.0,0.0,0.0,0.0,0.0,0.0,0.0,0.0,0.0,-2.004,-0.0,2.004,-2.004,0.0,0.0,0.0,0.0,4997.0,-0.0,0.0,0.0,-0.0,-107615272.0,2.718429120148166e+23,0.0,0.0,0.0,0.0,53,0.0,4.066853658014554e+29,0.0,0.0,0.0,0.0,0.0,0.0,0.0,0,0,0,0.0,0.0,0.0,0.0,0.0,0.0,0.0,0.0,0.0,0.0,0.0,0.0,0.0,0.0,0.0,0.0,0,-107875648.0,53,0.0,106,-107614832.0,0.0,ERR,ERR,ERR,ERR,ERR,ERR,ERR,ERR,ERR,ERR,ERR,ERR,ERR,ERR,ERR,ERR,ERR,ERR,ERR,ERR,ERR,ERR,ERR,ERR,ERR,ERR,ERR,ERR,ERR,ERR,ERR,ERR,ERR,ERR,ERR,ERR,ERR,ERR,ERR,ERR,ERR,ERR,ERR,ERR,ERR,ERR,ERR,ERR,ERR,ERR,ERR,ERR,ERR,ERR,ERR,ERR,ERR,ERR,ERR,ERR,ERR,ERR,ERR,ERR,ERR,ERR,ERR,50.0,60.0,100,0.0,0.0,0.0,0.0,0.0,0.0,0.0,0.0,0.0,0.0,0.0,0.0,0.0,0.0,0.0,0.0,62.0,65,19,65520,50,65476,0,300,0,0,8,20529,65476,0,0,26214,60.0,0.0,0.0,0.0,0.0,0.0
2026-05-17T16:00:02,ERR,ERR,ERR,ERR,ERR,ERR,ERR,ERR,ERR,ERR,ERR,ERR,ERR,ERR,ERR,ERR,ERR,ERR,ERR,ERR,ERR,ERR,ERR,ERR,ERR,ERR,ERR,ERR,ERR,ERR,ERR,ERR,ERR,ERR,ERR,ERR,ERR,ERR,ERR,ERR,ERR,ERR,ERR,ERR,ERR,ERR,ERR,ERR,ERR,ERR,ERR,ERR,ERR,ERR,ERR,ERR,ERR,ERR,ERR,ERR,ERR,ERR,ERR,ERR,ERR,ERR,ERR,ERR,ERR,ERR,ERR,ERR,ERR,ERR,ERR,ERR,ERR,ERR,ERR,ERR,ERR,ERR,ERR,ERR,ERR,ERR,ERR,ERR,ERR,ERR,ERR,ERR,ERR,ERR,ERR,ERR,ERR,ERR,ERR,ERR,ERR,ERR,ERR,ERR,ERR,ERR,ERR,ERR,ERR,ERR,ERR,ERR,ERR,ERR,ERR,ERR,ERR,ERR,ERR,ERR,ERR,ERR,ERR,ERR,ERR,0.0,-0.0,-0.0,0.0,0.0,1.3936040501711995e+18,7.805,0.0,0,0,4,0,8422,0.0,45,0.0,0.0,0.0,0.0,0.0,0,0,0,0,0.0,0,0,0,0,0,0,0,0,0,0,0,0,0,0,0,0,0,0,0,0,0,0,0,0,0,0,0,0,0,0,0,0,0,38,14,7,45,65476,0,300,0,0,8,21553,0.0,-107605600.0,0.0,0.0,0.0,0.0,0.0,0.0,0.0,0.0,0.0,0.0,0.0,0.0,0.0,0.0,0.0,0.0,0.0,0.0,0.0,0.0,-2.004,-0.0,2.004,-2.004,0.0,0.0,0.0,0.0,4971.0,-2.4229876163019057e+24,0.0,0.0,-0.0,-107615272.0,2.718429120148166e+23,0.0,0.0,0.0,0.0,53,71.63,-0.0,0.0,0.0,0.0,0.0,0.0,0.0,0.0,0,0,0,0.0,0.0,0.0,0.0,0.0,0.0,0.0,0.0,0.0,0.0,0.0,0.0,0.0,0.0,0.0,0.0,0,-107875648.0,53,0.0,106,-107614832.0,0.0,ERR,ERR,ERR,ERR,ERR,ERR,ERR,ERR,ERR,ERR,ERR,ERR,ERR,ERR,ERR,ERR,ERR,ERR,ERR,ERR,ERR,ERR,ERR,ERR,ERR,ERR,ERR,ERR,ERR,ERR,ERR,ERR,ERR,ERR,ERR,ERR,ERR,ERR,ERR,ERR,ERR,ERR,ERR,ERR,ERR,ERR,ERR,ERR,ERR,ERR,ERR,ERR,ERR,ERR,ERR,ERR,ERR,ERR,ERR,ERR,ERR,ERR,ERR,ERR,ERR,ERR,ERR,50.0,60.0,100,0.0,0.0,0.0,0.0,0.0,0.0,0.0,0.0,0.0,0.0,0.0,0.0,0.0,0.0,0.0,0.0,61.6,65,19,65520,50,65476,0,300,0,0,8,20529,65476,0,0,26214,60.0,0.0,0.0,0.0,0.0,0.0
2026-05-17T16:00:03,ERR,ERR,ERR,ERR,ERR,ERR,ERR,ERR,ERR,ERR,ERR,ERR,ERR,ERR,ERR,ERR,ERR,ERR,ERR,ERR,ERR,ERR,ERR,ERR,ERR,ERR,ERR,ERR,ERR,ERR,ERR,ERR,ERR,ERR,ERR,ERR,ERR,ERR,ERR,ERR,ERR,ERR,ERR,ERR,ERR,ERR,ERR,ERR,ERR,ERR,ERR,ERR,ERR,ERR,ERR,ERR,ERR,ERR,ERR,ERR,ERR,ERR,ERR,ERR,ERR,ERR,ERR,ERR,ERR,ERR,ERR,ERR,ERR,ERR,ERR,ERR,ERR,ERR,ERR,ERR,ERR,ERR,ERR,ERR,ERR,ERR,ERR,ERR,ERR,ERR,ERR,ERR,ERR,ERR,ERR,ERR,ERR,ERR,ERR,ERR,ERR,ERR,ERR,ERR,ERR,ERR,ERR,ERR,ERR,ERR,ERR,ERR,ERR,ERR,ERR,ERR,ERR,ERR,ERR,ERR,ERR,ERR,ERR,ERR,ERR,0.0,-0.0,-0.0,0.0,0.0,1.3936040501711995e+18,7.805,0.0,0,0,4,0,8422,0.0,45,0.0,0.0,0.0,0.0,0.0,0,0,0,0,0.0,0,0,0,0,0,0,0,0,0,0,0,0,0,0,0,0,0,0,0,0,0,0,0,0,0,0,0,0,0,0,0,0,0,38,14,7,45,65476,0,300,0,0,8,21553,0.0,-107605600.0,0.0,0.0,0.0,0.0,0.0,0.0,0.0,0.0,0.0,0.0,0.0,0.0,0.0,0.0,0.0,0.0,0.0,0.0,0.0,0.0,-2.004,-0.0,2.004,-2.004,0.0,0.0,0.0,0.0,4971.0,-2.4229876163019057e+24,0.0,0.0,-0.0,-107615272.0,2.718429120148166e+23,0.0,0.0,0.0,0.0,53,71.63,-0.0,0.0,0.0,0.0,0.0,0.0,0.0,0.0,0,0,0,0.0,0.0,0.0,0.0,0.0,0.0,0.0,0.0,0.0,0.0,0.0,0.0,0.0,0.0,0.0,0.0,0,-107875648.0,53,0.0,106,-107614832.0,0.0,ERR,ERR,ERR,ERR,ERR,ERR,ERR,ERR,ERR,ERR,ERR,ERR,ERR,ERR,ERR,ERR,ERR,ERR,ERR,ERR,ERR,ERR,ERR,ERR,ERR,ERR,ERR,ERR,ERR,ERR,ERR,ERR,ERR,ERR,ERR,ERR,ERR,ERR,ERR,ERR,ERR,ERR,ERR,ERR,ERR,ERR,ERR,ERR,ERR,ERR,ERR,ERR,ERR,ERR,ERR,ERR,ERR,ERR,ERR,ERR,ERR,ERR,ERR,ERR,ERR,ERR,ERR,50.0,60.0,100,0.0,0.0,0.0,0.0,0.0,0.0,0.0,0.0,0.0,0.0,0.0,0.0,0.0,0.0,0.0,0.0,61.6,65,19,65520,50,65476,0,300,0,0,8,20529,65476,0,0,26214,60.0,0.0,0.0,0.0,0.0,0.0
2026-05-17T16:00:04,ERR,ERR,ERR,ERR,ERR,ERR,ERR,ERR,ERR,ERR,ERR,ERR,ERR,ERR,ERR,ERR,ERR,ERR,ERR,ERR,ERR,ERR,ERR,ERR,ERR,ERR,ERR,ERR,ERR,ERR,ERR,ERR,ERR,ERR,ERR,ERR,ERR,ERR,ERR,ERR,ERR,ERR,ERR,ERR,ERR,ERR,ERR,ERR,ERR,ERR,ERR,ERR,ERR,ERR,ERR,ERR,ERR,ERR,ERR,ERR,ERR,ERR,ERR,ERR,ERR,ERR,ERR,ERR,ERR,ERR,ERR,ERR,ERR,ERR,ERR,ERR,ERR,ERR,ERR,ERR,ERR,ERR,ERR,ERR,ERR,ERR,ERR,ERR,ERR,ERR,ERR,ERR,ERR,ERR,ERR,ERR,ERR,ERR,ERR,ERR,ERR,ERR,ERR,ERR,ERR,ERR,ERR,ERR,ERR,ERR,ERR,ERR,ERR,ERR,ERR,ERR,ERR,ERR,ERR,ERR,ERR,ERR,ERR,ERR,ERR,0.0,-0.0,-0.0,0.0,0.0,1.3936040501711995e+18,7.805,0.0,0,0,4,0,8422,0.0,45,0.0,0.0,0.0,0.0,0.0,0,0,0,0,0.0,0,0,0,0,0,0,0,0,0,0,0,0,0,0,0,0,0,0,0,0,0,0,0,0,0,0,0,0,0,0,0,0,0,38,14,7,45,65476,0,300,0,0,8,21553,0.0,-107605600.0,0.0,0.0,0.0,0.0,0.0,0.0,0.0,0.0,0.0,0.0,0.0,0.0,0.0,0.0,0.0,0.0,0.0,0.0,0.0,0.0,-2.004,-0.0,2.004,-2.004,0.0,0.0,0.0,0.0,4971.0,-2.4229876163019057e+24,0.0,0.0,-0.0,-107615272.0,2.718429120148166e+23,0.0,0.0,0.0,0.0,53,71.63,-0.0,0.0,0.0,0.0,0.0,0.0,0.0,0.0,0,0,0,0.0,0.0,0.0,0.0,0.0,0.0,0.0,0.0,0.0,0.0,0.0,0.0,0.0,0.0,0.0,0.0,0,-107875648.0,53,0.0,106,-107614832.0,0.0,ERR,ERR,ERR,ERR,ERR,ERR,ERR,ERR,ERR,ERR,ERR,ERR,ERR,ERR,ERR,ERR,ERR,ERR,ERR,ERR,ERR,ERR,ERR,ERR,ERR,ERR,ERR,ERR,ERR,ERR,ERR,ERR,ERR,ERR,ERR,ERR,ERR,ERR,ERR,ERR,ERR,ERR,ERR,ERR,ERR,ERR,ERR,ERR,ERR,ERR,ERR,ERR,ERR,ERR,ERR,ERR,ERR,ERR,ERR,ERR,ERR,ERR,ERR,ERR,ERR,ERR,ERR,50.0,60.0,100,0.0,0.0,0.0,0.0,0.0,0.0,0.0,0.0,0.0,0.0,0.0,0.0,0.0,0.0,0.0,0.0,61.6,65,19,65520,50,65476,0,300,0,0,8,20529,65476,0,0,26214,60.0,0.0,0.0,0.0,0.0,0.0
2026-05-17T16:00:05,ERR,ERR,ERR,ERR,ERR,ERR,ERR,ERR,ERR,ERR,ERR,ERR,ERR,ERR,ERR,ERR,ERR,ERR,ERR,ERR,ERR,ERR,ERR,ERR,ERR,ERR,ERR,ERR,ERR,ERR,ERR,ERR,ERR,ERR,ERR,ERR,ERR,ERR,ERR,ERR,ERR,ERR,ERR,ERR,ERR,ERR,ERR,ERR,ERR,ERR,ERR,ERR,ERR,ERR,ERR,ERR,ERR,ERR,ERR,ERR,ERR,ERR,ERR,ERR,ERR,ERR,ERR,ERR,ERR,ERR,ERR,ERR,ERR,ERR,ERR,ERR,ERR,ERR,ERR,ERR,ERR,ERR,ERR,ERR,ERR,ERR,ERR,ERR,ERR,ERR,ERR,ERR,ERR,ERR,ERR,ERR,ERR,ERR,ERR,ERR,ERR,ERR,ERR,ERR,ERR,ERR,ERR,ERR,ERR,ERR,ERR,ERR,ERR,ERR,ERR,ERR,ERR,ERR,ERR,ERR,ERR,ERR,ERR,ERR,ERR,0.0,-0.0,-0.0,0.0,0.0,1.3936040501711995e+18,7.805,0.0,0,0,4,0,8422,0.0,45,0.0,0.0,0.0,0.0,0.0,0,0,0,0,0.0,0,0,0,0,0,0,0,0,0,0,0,0,0,0,0,0,0,0,0,0,0,0,0,0,0,0,0,0,0,0,0,0,0,38,14,7,45,65476,0,300,0,0,8,21553,0.0,-107605600.0,0.0,0.0,0.0,0.0,0.0,0.0,0.0,0.0,0.0,0.0,0.0,0.0,0.0,0.0,0.0,0.0,0.0,0.0,0.0,0.0,-2.004,-0.0,2.004,-2.004,0.0,0.0,0.0,0.0,4971.0,-2.4229876163019057e+24,0.0,0.0,-0.0,-107615272.0,2.718429120148166e+23,0.0,0.0,0.0,0.0,53,71.63,-0.0,0.0,0.0,0.0,0.0,0.0,0.0,0.0,0,0,0,0.0,0.0,0.0,0.0,0.0,0.0,0.0,0.0,0.0,0.0,0.0,0.0,0.0,0.0,0.0,0.0,0,-107875648.0,53,0.0,106,-107614832.0,0.0,ERR,ERR,ERR,ERR,ERR,ERR,ERR,ERR,ERR,ERR,ERR,ERR,ERR,ERR,ERR,ERR,ERR,ERR,ERR,ERR,ERR,ERR,ERR,ERR,ERR,ERR,ERR,ERR,ERR,ERR,ERR,ERR,ERR,ERR,ERR,ERR,ERR,ERR,ERR,ERR,ERR,ERR,ERR,ERR,ERR,ERR,ERR,ERR,ERR,ERR,ERR,ERR,ERR,ERR,ERR,ERR,ERR,ERR,ERR,ERR,ERR,ERR,ERR,ERR,ERR,ERR,ERR,50.0,60.0,100,0.0,0.0,0.0,0.0,0.0,0.0,0.0,0.0,0.0,0.0,0.0,0.0,0.0,0.0,0.0,0.0,61.6,65,19,65520,50,65476,0,300,0,0,8,20529,65476,0,0,26214,60.0,0.0,0.0,0.0,0.0,0.0
2026-05-17T16:00:06,ERR,ERR,ERR,ERR,ERR,ERR,ERR,ERR,ERR,ERR,ERR,ERR,ERR,ERR,ERR,ERR,ERR,ERR,ERR,ERR,ERR,ERR,ERR,ERR,ERR,ERR,ERR,ERR,ERR,ERR,ERR,ERR,ERR,ERR,ERR,ERR,ERR,ERR,ERR,ERR,ERR,ERR,ERR,ERR,ERR,ERR,ERR,ERR,ERR,ERR,ERR,ERR,ERR,ERR,ERR,ERR,ERR,ERR,ERR,ERR,ERR,ERR,ERR,ERR,ERR,ERR,ERR,ERR,ERR,ERR,ERR,ERR,ERR,ERR,ERR,ERR,ERR,ERR,ERR,ERR,ERR,ERR,ERR,ERR,ERR,ERR,ERR,ERR,ERR,ERR,ERR,ERR,ERR,ERR,ERR,ERR,ERR,ERR,ERR,ERR,ERR,ERR,ERR,ERR,ERR,ERR,ERR,ERR,ERR,ERR,ERR,ERR,ERR,ERR,ERR,ERR,ERR,ERR,ERR,ERR,ERR,ERR,ERR,ERR,ERR,0.0,-0.0,-0.0,0.0,0.0,1.3936040501711995e+18,7.805,0.0,0,0,4,0,8422,0.0,45,0.0,0.0,0.0,0.0,0.0,0,0,0,0,0.0,0,0,0,0,0,0,0,0,0,0,0,0,0,0,0,0,0,0,0,0,0,0,0,0,0,0,0,0,0,0,0,0,0,38,14,7,45,65476,0,300,0,0,8,21553,0.0,-107605600.0,0.0,0.0,0.0,0.0,0.0,0.0,0.0,0.0,0.0,0.0,0.0,0.0,0.0,0.0,0.0,0.0,0.0,0.0,0.0,0.0,-2.004,-0.0,2.004,-2.004,0.0,0.0,0.0,0.0,4971.0,-2.4229876163019057e+24,0.0,0.0,-0.0,-107615272.0,2.718429120148166e+23,0.0,0.0,0.0,0.0,53,71.63,-0.0,0.0,0.0,0.0,0.0,0.0,0.0,0.0,0,0,0,0.0,0.0,0.0,0.0,0.0,0.0,0.0,0.0,0.0,0.0,0.0,0.0,0.0,0.0,0.0,0.0,0,-107875648.0,53,0.0,106,-107614832.0,0.0,ERR,ERR,ERR,ERR,ERR,ERR,ERR,ERR,ERR,ERR,ERR,ERR,ERR,ERR,ERR,ERR,ERR,ERR,ERR,ERR,ERR,ERR,ERR,ERR,ERR,ERR,ERR,ERR,ERR,ERR,ERR,ERR,ERR,ERR,ERR,ERR,ERR,ERR,ERR,ERR,ERR,ERR,ERR,ERR,ERR,ERR,ERR,ERR,ERR,ERR,ERR,ERR,ERR,ERR,ERR,ERR,ERR,ERR,ERR,ERR,ERR,ERR,ERR,ERR,ERR,ERR,ERR,50.0,60.0,100,0.0,0.0,0.0,0.0,0.0,0.0,0.0,0.0,0.0,0.0,0.0,0.0,0.0,0.0,0.0,0.0,61.6,65,19,65520,50,65476,0,300,0,0,8,20529,65476,0,0,26214,60.0,0.0,0.0,0.0,0.0,0.0
2026-05-17T16:00:07,ERR,ERR,ERR,ERR,ERR,ERR,ERR,ERR,ERR,ERR,ERR,ERR,ERR,ERR,ERR,ERR,ERR,ERR,ERR,ERR,ERR,ERR,ERR,ERR,ERR,ERR,ERR,ERR,ERR,ERR,ERR,ERR,ERR,ERR,ERR,ERR,ERR,ERR,ERR,ERR,ERR,ERR,ERR,ERR,ERR,ERR,ERR,ERR,ERR,ERR,ERR,ERR,ERR,ERR,ERR,ERR,ERR,ERR,ERR,ERR,ERR,ERR,ERR,ERR,ERR,ERR,ERR,ERR,ERR,ERR,ERR,ERR,ERR,ERR,ERR,ERR,ERR,ERR,ERR,ERR,ERR,ERR,ERR,ERR,ERR,ERR,ERR,ERR,ERR,ERR,ERR,ERR,ERR,ERR,ERR,ERR,ERR,ERR,ERR,ERR,ERR,ERR,ERR,ERR,ERR,ERR,ERR,ERR,ERR,ERR,ERR,ERR,ERR,ERR,ERR,ERR,ERR,ERR,ERR,ERR,ERR,ERR,ERR,ERR,ERR,0.0,-0.0,-0.0,0.0,0.0,1.3936040501711995e+18,7.805,0.0,0,0,4,0,8422,0.0,45,0.0,0.0,0.0,0.0,0.0,0,0,0,0,0.0,0,0,0,0,0,0,0,0,0,0,0,0,0,0,0,0,0,0,0,0,0,0,0,0,0,0,0,0,0,0,0,0,0,38,14,7,45,65476,0,300,0,0,8,21553,0.0,-107605600.0,0.0,0.0,0.0,0.0,0.0,0.0,0.0,0.0,0.0,0.0,0.0,0.0,-2.596148429267414e+33,0.0,0.0,0.0,0.0,0.0,0.0,0.0,-2.004,-0.0,2.004,-2.004,0.0,0.0,0.0,0.0,4968.0,-0.0,0.0,0.0,-0.0,-107615272.0,2.718429120148166e+23,0.0,0.0,0.0,0.0,53,0.059,89220.555,0.0,0.0,0.0,0.0,0.0,0.0,0.0,0,0,0,0.0,0.0,0.0,0.0,0.0,0.0,0.0,0.0,0.0,0.0,0.0,0.0,0.0,0.0,0.0,0.0,0,-107875648.0,53,0.0,106,-107614832.0,0.0,ERR,ERR,ERR,ERR,ERR,ERR,ERR,ERR,ERR,ERR,ERR,ERR,ERR,ERR,ERR,ERR,ERR,ERR,ERR,ERR,ERR,ERR,ERR,ERR,ERR,ERR,ERR,ERR,ERR,ERR,ERR,ERR,ERR,ERR,ERR,ERR,ERR,ERR,ERR,ERR,ERR,ERR,ERR,ERR,ERR,ERR,ERR,ERR,ERR,ERR,ERR,ERR,ERR,ERR,ERR,ERR,ERR,ERR,ERR,ERR,ERR,ERR,ERR,ERR,ERR,ERR,ERR,50.0,60.0,100,0.0,0.0,0.0,0.0,0.0,0.0,0.0,0.0,0.0,0.0,0.0,0.0,0.0,0.0,0.0,0.0,61.6,65,19,65520,50,65476,0,300,0,0,8,20529,65476,0,0,26214,60.0,0.0,0.0,0.0,0.0,0.0
2026-05-17T16:00:08,ERR,ERR,ERR,ERR,ERR,ERR,ERR,ERR,ERR,ERR,ERR,ERR,ERR,ERR,ERR,ERR,ERR,ERR,ERR,ERR,ERR,ERR,ERR,ERR,ERR,ERR,ERR,ERR,ERR,ERR,ERR,ERR,ERR,ERR,ERR,ERR,ERR,ERR,ERR,ERR,ERR,ERR,ERR,ERR,ERR,ERR,ERR,ERR,ERR,ERR,ERR,ERR,ERR,ERR,ERR,ERR,ERR,ERR,ERR,ERR,ERR,ERR,ERR,ERR,ERR,ERR,ERR,ERR,ERR,ERR,ERR,ERR,ERR,ERR,ERR,ERR,ERR,ERR,ERR,ERR,ERR,ERR,ERR,ERR,ERR,ERR,ERR,ERR,ERR,ERR,ERR,ERR,ERR,ERR,ERR,ERR,ERR,ERR,ERR,ERR,ERR,ERR,ERR,ERR,ERR,ERR,ERR,ERR,ERR,ERR,ERR,ERR,ERR,ERR,ERR,ERR,ERR,ERR,ERR,ERR,ERR,ERR,ERR,ERR,ERR,0.0,-0.0,-0.0,0.0,0.0,1.3936040501711995e+18,7.805,0.0,0,0,4,0,8422,0.0,45,0.0,0.0,0.0,0.0,0.0,0,0,0,0,0.0,0,0,0,0,0,0,0,0,0,0,0,0,0,0,0,0,0,0,0,0,0,0,0,0,0,0,0,0,0,0,0,0,0,38,14,7,45,65476,0,300,0,0,8,21553,0.0,-107605600.0,0.0,0.0,0.0,0.0,0.0,0.0,0.0,0.0,0.0,0.0,0.0,0.0,-2.596148429267414e+33,0.0,0.0,0.0,0.0,0.0,0.0,0.0,-2.004,-0.0,2.004,-2.004,0.0,0.0,0.0,0.0,4968.0,-0.0,0.0,0.0,-0.0,-107615272.0,2.718429120148166e+23,0.0,0.0,0.0,0.0,53,0.059,89220.555,0.0,0.0,0.0,0.0,0.0,0.0,0.0,0,0,0,0.0,0.0,0.0,0.0,0.0,0.0,0.0,0.0,0.0,0.0,0.0,0.0,0.0,0.0,0.0,0.0,0,-107875648.0,53,0.0,106,-107614832.0,0.0,ERR,ERR,ERR,ERR,ERR,ERR,ERR,ERR,ERR,ERR,ERR,ERR,ERR,ERR,ERR,ERR,ERR,ERR,ERR,ERR,ERR,ERR,ERR,ERR,ERR,ERR,ERR,ERR,ERR,ERR,ERR,ERR,ERR,ERR,ERR,ERR,ERR,ERR,ERR,ERR,ERR,ERR,ERR,ERR,ERR,ERR,ERR,ERR,ERR,ERR,ERR,ERR,ERR,ERR,ERR,ERR,ERR,ERR,ERR,ERR,ERR,ERR,ERR,ERR,ERR,ERR,ERR,50.0,60.0,100,0.0,0.0,0.0,0.0,0.0,0.0,0.0,0.0,0.0,0.0,0.0,0.0,0.0,0.0,0.0,0.0,61.6,65,19,65520,50,65476,0,300,0,0,8,20529,65476,0,0,26214,60.0,0.0,0.0,0.0,0.0,0.0
2026-05-17T16:00:09,ERR,ERR,ERR,ERR,ERR,ERR,ERR,ERR,ERR,ERR,ERR,ERR,ERR,ERR,ERR,ERR,ERR,ERR,ERR,ERR,ERR,ERR,ERR,ERR,ERR,ERR,ERR,ERR,ERR,ERR,ERR,ERR,ERR,ERR,ERR,ERR,ERR,ERR,ERR,ERR,ERR,ERR,ERR,ERR,ERR,ERR,ERR,ERR,ERR,ERR,ERR,ERR,ERR,ERR,ERR,ERR,ERR,ERR,ERR,ERR,ERR,ERR,ERR,ERR,ERR,ERR,ERR,ERR,ERR,ERR,ERR,ERR,ERR,ERR,ERR,ERR,ERR,ERR,ERR,ERR,ERR,ERR,ERR,ERR,ERR,ERR,ERR,ERR,ERR,ERR,ERR,ERR,ERR,ERR,ERR,ERR,ERR,ERR,ERR,ERR,ERR,ERR,ERR,ERR,ERR,ERR,ERR,ERR,ERR,ERR,ERR,ERR,ERR,ERR,ERR,ERR,ERR,ERR,ERR,ERR,ERR,ERR,ERR,ERR,ERR,0.0,-0.0,-0.0,0.0,0.0,1.3936040501711995e+18,7.805,0.0,0,0,4,0,8422,0.0,45,0.0,0.0,0.0,0.0,0.0,0,0,0,0,0.0,0,0,0,0,0,0,0,0,0,0,0,0,0,0,0,0,0,0,0,0,0,0,0,0,0,0,0,0,0,0,0,0,0,38,14,7,45,65476,0,300,0,0,8,21553,0.0,-107605600.0,0.0,0.0,0.0,0.0,0.0,0.0,0.0,0.0,0.0,0.0,0.0,0.0,-2.596148429267414e+33,0.0,0.0,0.0,0.0,0.0,0.0,0.0,-2.004,-0.0,2.004,-2.004,0.0,0.0,0.0,0.0,4968.0,-0.0,0.0,0.0,-0.0,-107615272.0,2.718429120148166e+23,0.0,0.0,0.0,0.0,53,0.059,89220.555,0.0,0.0,0.0,0.0,0.0,0.0,0.0,0,0,0,0.0,0.0,0.0,0.0,0.0,0.0,0.0,0.0,0.0,0.0,0.0,0.0,0.0,0.0,0.0,0.0,0,-107875648.0,53,0.0,106,-107614832.0,0.0,ERR,ERR,ERR,ERR,ERR,ERR,ERR,ERR,ERR,ERR,ERR,ERR,ERR,ERR,ERR,ERR,ERR,ERR,ERR,ERR,ERR,ERR,ERR,ERR,ERR,ERR,ERR,ERR,ERR,ERR,ERR,ERR,ERR,ERR,ERR,ERR,ERR,ERR,ERR,ERR,ERR,ERR,ERR,ERR,ERR,ERR,ERR,ERR,ERR,ERR,ERR,ERR,ERR,ERR,ERR,ERR,ERR,ERR,ERR,ERR,ERR,ERR,ERR,ERR,ERR,ERR,ERR,50.0,60.0,100,0.0,0.0,0.0,0.0,0.0,0.0,0.0,0.0,0.0,0.0,0.0,0.0,0.0,0.0,0.0,0.0,61.6,65,19,65520,50,65476,0,300,0,0,8,20529,65476,0,0,26214,60.0,0.0,0.0,0.0,0.0,0.0
2026-05-17T16:00:10,ERR,ERR,ERR,ERR,ERR,ERR,ERR,ERR,ERR,ERR,ERR,ERR,ERR,ERR,ERR,ERR,ERR,ERR,ERR,ERR,ERR,ERR,ERR,ERR,ERR,ERR,ERR,ERR,ERR,ERR,ERR,ERR,ERR,ERR,ERR,ERR,ERR,ERR,ERR,ERR,ERR,ERR,ERR,ERR,ERR,ERR,ERR,ERR,ERR,ERR,ERR,ERR,ERR,ERR,ERR,ERR,ERR,ERR,ERR,ERR,ERR,ERR,ERR,ERR,ERR,ERR,ERR,ERR,ERR,ERR,ERR,ERR,ERR,ERR,ERR,ERR,ERR,ERR,ERR,ERR,ERR,ERR,ERR,ERR,ERR,ERR,ERR,ERR,ERR,ERR,ERR,ERR,ERR,ERR,ERR,ERR,ERR,ERR,ERR,ERR,ERR,ERR,ERR,ERR,ERR,ERR,ERR,ERR,ERR,ERR,ERR,ERR,ERR,ERR,ERR,ERR,ERR,ERR,ERR,ERR,ERR,ERR,ERR,ERR,ERR,0.0,-0.0,-0.0,0.0,0.0,1.3936040501711995e+18,7.805,0.0,0,0,4,0,8422,0.0,45,0.0,0.0,0.0,0.0,0.0,0,0,0,0,0.0,0,0,0,0,0,0,0,0,0,0,0,0,0,0,0,0,0,0,0,0,0,0,0,0,0,0,0,0,0,0,0,0,0,38,14,7,45,65476,0,300,0,0,8,21553,0.0,-107605600.0,0.0,0.0,0.0,0.0,0.0,0.0,0.0,0.0,0.0,0.0,0.0,0.0,-2.596148429267414e+33,0.0,0.0,0.0,0.0,0.0,0.0,0.0,-2.004,-0.0,2.004,-2.004,0.0,0.0,0.0,0.0,4968.0,-0.0,0.0,0.0,-0.0,-107615272.0,2.718429120148166e+23,0.0,0.0,0.0,0.0,53,0.059,89220.555,0.0,0.0,0.0,0.0,0.0,0.0,0.0,0,0,0,0.0,0.0,0.0,0.0,0.0,0.0,0.0,0.0,0.0,0.0,0.0,0.0,0.0,0.0,0.0,0.0,0,-107875648.0,53,0.0,106,-107614832.0,0.0,ERR,ERR,ERR,ERR,ERR,ERR,ERR,ERR,ERR,ERR,ERR,ERR,ERR,ERR,ERR,ERR,ERR,ERR,ERR,ERR,ERR,ERR,ERR,ERR,ERR,ERR,ERR,ERR,ERR,ERR,ERR,ERR,ERR,ERR,ERR,ERR,ERR,ERR,ERR,ERR,ERR,ERR,ERR,ERR,ERR,ERR,ERR,ERR,ERR,ERR,ERR,ERR,ERR,ERR,ERR,ERR,ERR,ERR,ERR,ERR,ERR,ERR,ERR,ERR,ERR,ERR,ERR,50.0,60.0,100,0.0,0.0,0.0,0.0,0.0,0.0,0.0,0.0,0.0,0.0,0.0,0.0,0.0,0.0,0.0,0.0,61.6,65,19,65520,50,65476,0,300,0,0,8,20529,65476,0,0,26214,60.0,0.0,0.0,0.0,0.0,0.0
2026-05-17T16:00:11,ERR,ERR,ERR,ERR,ERR,ERR,ERR,ERR,ERR,ERR,ERR,ERR,ERR,ERR,ERR,ERR,ERR,ERR,ERR,ERR,ERR,ERR,ERR,ERR,ERR,ERR,ERR,ERR,ERR,ERR,ERR,ERR,ERR,ERR,ERR,ERR,ERR,ERR,ERR,ERR,ERR,ERR,ERR,ERR,ERR,ERR,ERR,ERR,ERR,ERR,ERR,ERR,ERR,ERR,ERR,ERR,ERR,ERR,ERR,ERR,ERR,ERR,ERR,ERR,ERR,ERR,ERR,ERR,ERR,ERR,ERR,ERR,ERR,ERR,ERR,ERR,ERR,ERR,ERR,ERR,ERR,ERR,ERR,ERR,ERR,ERR,ERR,ERR,ERR,ERR,ERR,ERR,ERR,ERR,ERR,ERR,ERR,ERR,ERR,ERR,ERR,ERR,ERR,ERR,ERR,ERR,ERR,ERR,ERR,ERR,ERR,ERR,ERR,ERR,ERR,ERR,ERR,ERR,ERR,ERR,ERR,ERR,ERR,ERR,ERR,0.0,-0.0,-0.0,0.0,0.0,1.3936040501711995e+18,7.805,0.0,0,0,4,0,8422,0.0,45,0.0,0.0,0.0,0.0,0.0,0,0,0,0,0.0,0,0,0,0,0,0,0,0,0,0,0,0,0,0,0,0,0,0,0,0,0,0,0,0,0,0,0,0,0,0,0,0,0,38,14,7,45,65476,0,300,0,0,8,21553,0.0,-107605600.0,0.0,0.0,0.0,0.0,0.0,0.0,0.0,0.0,0.0,0.0,0.0,0.0,-2.596148429267414e+33,0.0,0.0,0.0,0.0,0.0,0.0,0.0,-2.004,-0.0,2.004,-2.004,0.0,0.0,0.0,0.0,4968.0,-0.0,0.0,0.0,-0.0,-107615272.0,2.718429120148166e+23,0.0,0.0,0.0,0.0,53,0.059,89220.555,0.0,0.0,0.0,0.0,0.0,0.0,0.0,0,0,0,0.0,0.0,0.0,0.0,0.0,0.0,0.0,0.0,0.0,0.0,0.0,0.0,0.0,0.0,0.0,0.0,0,-107875648.0,53,0.0,106,-107614832.0,0.0,ERR,ERR,ERR,ERR,ERR,ERR,ERR,ERR,ERR,ERR,ERR,ERR,ERR,ERR,ERR,ERR,ERR,ERR,ERR,ERR,ERR,ERR,ERR,ERR,ERR,ERR,ERR,ERR,ERR,ERR,ERR,ERR,ERR,ERR,ERR,ERR,ERR,ERR,ERR,ERR,ERR,ERR,ERR,ERR,ERR,ERR,ERR,ERR,ERR,ERR,ERR,ERR,ERR,ERR,ERR,ERR,ERR,ERR,ERR,ERR,ERR,ERR,ERR,ERR,ERR,ERR,ERR,50.0,60.0,100,0.0,0.0,0.0,0.0,0.0,0.0,0.0,0.0,0.0,0.0,0.0,0.0,0.0,0.0,0.0,0.0,61.6,65,19,65520,50,65476,0,300,0,0,8,20529,65476,0,0,26214,60.0,0.0,0.0,0.0,0.0,0.0
2026-05-17T16:00:12,ERR,ERR,ERR,ERR,ERR,ERR,ERR,ERR,ERR,ERR,ERR,ERR,ERR,ERR,ERR,ERR,ERR,ERR,ERR,ERR,ERR,ERR,ERR,ERR,ERR,ERR,ERR,ERR,ERR,ERR,ERR,ERR,ERR,ERR,ERR,ERR,ERR,ERR,ERR,ERR,ERR,ERR,ERR,ERR,ERR,ERR,ERR,ERR,ERR,ERR,ERR,ERR,ERR,ERR,ERR,ERR,ERR,ERR,ERR,ERR,ERR,ERR,ERR,ERR,ERR,ERR,ERR,ERR,ERR,ERR,ERR,ERR,ERR,ERR,ERR,ERR,ERR,ERR,ERR,ERR,ERR,ERR,ERR,ERR,ERR,ERR,ERR,ERR,ERR,ERR,ERR,ERR,ERR,ERR,ERR,ERR,ERR,ERR,ERR,ERR,ERR,ERR,ERR,ERR,ERR,ERR,ERR,ERR,ERR,ERR,ERR,ERR,ERR,ERR,ERR,ERR,ERR,ERR,ERR,ERR,ERR,ERR,ERR,ERR,ERR,0.0,-0.0,-0.0,0.0,0.0,1.3936040501711995e+18,7.805,0.0,0,0,4,0,8422,0.0,45,0.0,0.0,0.0,0.0,0.0,0,0,0,0,0.0,0,0,0,0,0,0,0,0,0,0,0,0,0,0,0,0,0,0,0,0,0,0,0,0,0,0,0,0,0,0,0,0,0,38,14,7,45,65476,0,300,0,0,8,21553,0.0,-107605600.0,0.0,0.0,0.0,0.0,0.0,0.0,0.0,0.0,0.0,0.0,0.0,0.0,0.0,0.0,0.0,0.0,0.0,0.0,0.0,0.0,-2.004,-0.0,2.004,-2.004,0.0,0.0,0.0,0.0,5002.0,0.0,0.0,0.0,-0.0,-107615272.0,2.718429120148166e+23,0.0,0.0,0.0,0.0,53,89221.109,-71.629,0.0,0.0,0.0,0.0,0.0,0.0,0.0,0,0,0,0.0,0.0,0.0,0.0,0.0,0.0,0.0,0.0,0.0,0.0,0.0,0.0,0.0,0.0,0.0,0.0,0,-107875648.0,53,0.0,106,-107614832.0,0.0,ERR,ERR,ERR,ERR,ERR,ERR,ERR,ERR,ERR,ERR,ERR,ERR,ERR,ERR,ERR,ERR,ERR,ERR,ERR,ERR,ERR,ERR,ERR,ERR,ERR,ERR,ERR,ERR,ERR,ERR,ERR,ERR,ERR,ERR,ERR,ERR,ERR,ERR,ERR,ERR,ERR,ERR,ERR,ERR,ERR,ERR,ERR,ERR,ERR,ERR,ERR,ERR,ERR,ERR,ERR,ERR,ERR,ERR,ERR,ERR,ERR,ERR,ERR,ERR,ERR,ERR,ERR,50.0,60.0,100,0.0,0.0,0.0,0.0,0.0,0.0,0.0,0.0,0.0,0.0,0.0,0.0,0.0,0.0,0.0,0.0,61.6,65,19,65520,50,65476,0,300,0,0,8,20529,65476,0,0,26214,60.0,0.0,0.0,0.0,0.0,0.0
2026-05-17T16:00:13,ERR,ERR,ERR,ERR,ERR,ERR,ERR,ERR,ERR,ERR,ERR,ERR,ERR,ERR,ERR,ERR,ERR,ERR,ERR,ERR,ERR,ERR,ERR,ERR,ERR,ERR,ERR,ERR,ERR,ERR,ERR,ERR,ERR,ERR,ERR,ERR,ERR,ERR,ERR,ERR,ERR,ERR,ERR,ERR,ERR,ERR,ERR,ERR,ERR,ERR,ERR,ERR,ERR,ERR,ERR,ERR,ERR,ERR,ERR,ERR,ERR,ERR,ERR,ERR,ERR,ERR,ERR,ERR,ERR,ERR,ERR,ERR,ERR,ERR,ERR,ERR,ERR,ERR,ERR,ERR,ERR,ERR,ERR,ERR,ERR,ERR,ERR,ERR,ERR,ERR,ERR,ERR,ERR,ERR,ERR,ERR,ERR,ERR,ERR,ERR,ERR,ERR,ERR,ERR,ERR,ERR,ERR,ERR,ERR,ERR,ERR,ERR,ERR,ERR,ERR,ERR,ERR,ERR,ERR,ERR,ERR,ERR,ERR,ERR,ERR,0.0,-0.0,-0.0,0.0,0.0,1.3936040501711995e+18,7.805,0.0,0,0,4,0,8422,0.0,45,0.0,0.0,0.0,0.0,0.0,0,0,0,0,0.0,0,0,0,0,0,0,0,0,0,0,0,0,0,0,0,0,0,0,0,0,0,0,0,0,0,0,0,0,0,0,0,0,0,38,14,7,45,65476,0,300,0,0,8,21553,0.0,-107605600.0,0.0,0.0,0.0,0.0,0.0,0.0,0.0,0.0,0.0,0.0,0.0,0.0,0.0,0.0,0.0,0.0,0.0,0.0,0.0,0.0,-2.004,-0.0,2.004,-2.004,0.0,0.0,0.0,0.0,5002.0,0.0,0.0,0.0,-0.0,-107615272.0,2.718429120148166e+23,0.0,0.0,0.0,0.0,53,89221.109,-71.629,0.0,0.0,0.0,0.0,0.0,0.0,0.0,0,0,0,0.0,0.0,0.0,0.0,0.0,0.0,0.0,0.0,0.0,0.0,0.0,0.0,0.0,0.0,0.0,0.0,0,-107875648.0,53,0.0,106,-107614832.0,0.0,ERR,ERR,ERR,ERR,ERR,ERR,ERR,ERR,ERR,ERR,ERR,ERR,ERR,ERR,ERR,ERR,ERR,ERR,ERR,ERR,ERR,ERR,ERR,ERR,ERR,ERR,ERR,ERR,ERR,ERR,ERR,ERR,ERR,ERR,ERR,ERR,ERR,ERR,ERR,ERR,ERR,ERR,ERR,ERR,ERR,ERR,ERR,ERR,ERR,ERR,ERR,ERR,ERR,ERR,ERR,ERR,ERR,ERR,ERR,ERR,ERR,ERR,ERR,ERR,ERR,ERR,ERR,50.0,60.0,100,0.0,0.0,0.0,0.0,0.0,0.0,0.0,0.0,0.0,0.0,0.0,0.0,0.0,0.0,0.0,0.0,61.6,65,19,65520,50,65476,0,300,0,0,8,20529,65476,0,0,26214,60.0,0.0,0.0,0.0,0.0,0.0
2026-05-17T16:00:14,ERR,ERR,ERR,ERR,ERR,ERR,ERR,ERR,ERR,ERR,ERR,ERR,ERR,ERR,ERR,ERR,ERR,ERR,ERR,ERR,ERR,ERR,ERR,ERR,ERR,ERR,ERR,ERR,ERR,ERR,ERR,ERR,ERR,ERR,ERR,ERR,ERR,ERR,ERR,ERR,ERR,ERR,ERR,ERR,ERR,ERR,ERR,ERR,ERR,ERR,ERR,ERR,ERR,ERR,ERR,ERR,ERR,ERR,ERR,ERR,ERR,ERR,ERR,ERR,ERR,ERR,ERR,ERR,ERR,ERR,ERR,ERR,ERR,ERR,ERR,ERR,ERR,ERR,ERR,ERR,ERR,ERR,ERR,ERR,ERR,ERR,ERR,ERR,ERR,ERR,ERR,ERR,ERR,ERR,ERR,ERR,ERR,ERR,ERR,ERR,ERR,ERR,ERR,ERR,ERR,ERR,ERR,ERR,ERR,ERR,ERR,ERR,ERR,ERR,ERR,ERR,ERR,ERR,ERR,ERR,ERR,ERR,ERR,ERR,ERR,0.0,-0.0,-0.0,0.0,0.0,1.3936040501711995e+18,7.805,0.0,0,0,4,0,8422,0.0,45,0.0,0.0,0.0,0.0,0.0,0,0,0,0,0.0,0,0,0,0,0,0,0,0,0,0,0,0,0,0,0,0,0,0,0,0,0,0,0,0,0,0,0,0,0,0,0,0,0,38,14,7,45,65476,0,300,0,0,8,21553,0.0,-107605600.0,0.0,0.0,0.0,0.0,0.0,0.0,0.0,0.0,0.0,0.0,0.0,0.0,0.0,0.0,0.0,0.0,0.0,0.0,0.0,0.0,-2.004,-0.0,2.004,-2.004,0.0,0.0,0.0,0.0,5002.0,0.0,0.0,0.0,-0.0,-107615272.0,2.718429120148166e+23,0.0,0.0,0.0,0.0,53,89221.109,-71.629,0.0,0.0,0.0,0.0,0.0,0.0,0.0,0,0,0,0.0,0.0,0.0,0.0,0.0,0.0,0.0,0.0,0.0,0.0,0.0,0.0,0.0,0.0,0.0,0.0,0,-107875648.0,53,0.0,106,-107614832.0,0.0,ERR,ERR,ERR,ERR,ERR,ERR,ERR,ERR,ERR,ERR,ERR,ERR,ERR,ERR,ERR,ERR,ERR,ERR,ERR,ERR,ERR,ERR,ERR,ERR,ERR,ERR,ERR,ERR,ERR,ERR,ERR,ERR,ERR,ERR,ERR,ERR,ERR,ERR,ERR,ERR,ERR,ERR,ERR,ERR,ERR,ERR,ERR,ERR,ERR,ERR,ERR,ERR,ERR,ERR,ERR,ERR,ERR,ERR,ERR,ERR,ERR,ERR,ERR,ERR,ERR,ERR,ERR,50.0,60.0,100,0.0,0.0,0.0,0.0,0.0,0.0,0.0,0.0,0.0,0.0,0.0,0.0,0.0,0.0,0.0,0.0,61.6,65,19,65520,50,65476,0,300,0,0,8,20529,65476,0,0,26214,60.0,0.0,0.0,0.0,0.0,0.0
2026-05-17T16:00:15,ERR,ERR,ERR,ERR,ERR,ERR,ERR,ERR,ERR,ERR,ERR,ERR,ERR,ERR,ERR,ERR,ERR,ERR,ERR,ERR,ERR,ERR,ERR,ERR,ERR,ERR,ERR,ERR,ERR,ERR,ERR,ERR,ERR,ERR,ERR,ERR,ERR,ERR,ERR,ERR,ERR,ERR,ERR,ERR,ERR,ERR,ERR,ERR,ERR,ERR,ERR,ERR,ERR,ERR,ERR,ERR,ERR,ERR,ERR,ERR,ERR,ERR,ERR,ERR,ERR,ERR,ERR,ERR,ERR,ERR,ERR,ERR,ERR,ERR,ERR,ERR,ERR,ERR,ERR,ERR,ERR,ERR,ERR,ERR,ERR,ERR,ERR,ERR,ERR,ERR,ERR,ERR,ERR,ERR,ERR,ERR,ERR,ERR,ERR,ERR,ERR,ERR,ERR,ERR,ERR,ERR,ERR,ERR,ERR,ERR,ERR,ERR,ERR,ERR,ERR,ERR,ERR,ERR,ERR,ERR,ERR,ERR,ERR,ERR,ERR,0.0,-0.0,-0.0,0.0,0.0,1.3936040501711995e+18,7.805,0.0,0,0,4,0,8422,0.0,45,0.0,0.0,0.0,0.0,0.0,0,0,0,0,0.0,0,0,0,0,0,0,0,0,0,0,0,0,0,0,0,0,0,0,0,0,0,0,0,0,0,0,0,0,0,0,0,0,0,38,14,7,45,65476,0,300,0,0,8,21553,0.0,-107605600.0,0.0,0.0,0.0,0.0,0.0,0.0,0.0,0.0,0.0,0.0,0.0,0.0,0.0,0.0,0.0,0.0,0.0,0.0,0.0,0.0,-2.004,-0.0,2.004,-2.004,0.0,0.0,0.0,0.0,5002.0,0.0,0.0,0.0,-0.0,-107615272.0,2.718429120148166e+23,0.0,0.0,0.0,0.0,53,89221.109,-71.629,0.0,0.0,0.0,0.0,0.0,0.0,0.0,0,0,0,0.0,0.0,0.0,0.0,0.0,0.0,0.0,0.0,0.0,0.0,0.0,0.0,0.0,0.0,0.0,0.0,0,-107875648.0,53,0.0,106,-107614832.0,0.0,ERR,ERR,ERR,ERR,ERR,ERR,ERR,ERR,ERR,ERR,ERR,ERR,ERR,ERR,ERR,ERR,ERR,ERR,ERR,ERR,ERR,ERR,ERR,ERR,ERR,ERR,ERR,ERR,ERR,ERR,ERR,ERR,ERR,ERR,ERR,ERR,ERR,ERR,ERR,ERR,ERR,ERR,ERR,ERR,ERR,ERR,ERR,ERR,ERR,ERR,ERR,ERR,ERR,ERR,ERR,ERR,ERR,ERR,ERR,ERR,ERR,ERR,ERR,ERR,ERR,ERR,ERR,50.0,60.0,100,0.0,0.0,0.0,0.0,0.0,0.0,0.0,0.0,0.0,0.0,0.0,0.0,0.0,0.0,0.0,0.0,61.6,65,19,65520,50,65476,0,300,0,0,8,20529,65476,0,0,26214,60.0,0.0,0.0,0.0,0.0,0.0
2026-05-17T16:00:16,ERR,ERR,ERR,ERR,ERR,ERR,ERR,ERR,ERR,ERR,ERR,ERR,ERR,ERR,ERR,ERR,ERR,ERR,ERR,ERR,ERR,ERR,ERR,ERR,ERR,ERR,ERR,ERR,ERR,ERR,ERR,ERR,ERR,ERR,ERR,ERR,ERR,ERR,ERR,ERR,ERR,ERR,ERR,ERR,ERR,ERR,ERR,ERR,ERR,ERR,ERR,ERR,ERR,ERR,ERR,ERR,ERR,ERR,ERR,ERR,ERR,ERR,ERR,ERR,ERR,ERR,ERR,ERR,ERR,ERR,ERR,ERR,ERR,ERR,ERR,ERR,ERR,ERR,ERR,ERR,ERR,ERR,ERR,ERR,ERR,ERR,ERR,ERR,ERR,ERR,ERR,ERR,ERR,ERR,ERR,ERR,ERR,ERR,ERR,ERR,ERR,ERR,ERR,ERR,ERR,ERR,ERR,ERR,ERR,ERR,ERR,ERR,ERR,ERR,ERR,ERR,ERR,ERR,ERR,ERR,ERR,ERR,ERR,ERR,ERR,0.0,-0.0,-0.0,0.0,0.0,1.3936040501711995e+18,7.805,0.0,0,0,4,0,8422,0.0,45,0.0,0.0,0.0,0.0,0.0,0,0,0,0,0.0,0,0,0,0,0,0,0,0,0,0,0,0,0,0,0,0,0,0,0,0,0,0,0,0,0,0,0,0,0,0,0,0,0,38,14,7,45,65476,0,300,0,0,8,21553,0.0,-107605600.0,0.0,0.0,0.0,0.0,0.0,0.0,0.0,0.0,0.0,0.0,0.0,0.0,0.0,0.0,0.0,0.0,0.0,0.0,0.0,0.0,-2.004,-0.0,2.004,-2.004,0.0,0.0,0.0,0.0,5002.0,0.0,0.0,0.0,-0.0,-107615272.0,2.718429120148166e+23,0.0,0.0,0.0,0.0,53,89221.109,-71.629,0.0,0.0,0.0,0.0,0.0,0.0,0.0,0,0,0,0.0,0.0,0.0,0.0,0.0,0.0,0.0,0.0,0.0,0.0,0.0,0.0,0.0,0.0,0.0,0.0,0,-107875648.0,53,0.0,106,-107614832.0,0.0,ERR,ERR,ERR,ERR,ERR,ERR,ERR,ERR,ERR,ERR,ERR,ERR,ERR,ERR,ERR,ERR,ERR,ERR,ERR,ERR,ERR,ERR,ERR,ERR,ERR,ERR,ERR,ERR,ERR,ERR,ERR,ERR,ERR,ERR,ERR,ERR,ERR,ERR,ERR,ERR,ERR,ERR,ERR,ERR,ERR,ERR,ERR,ERR,ERR,ERR,ERR,ERR,ERR,ERR,ERR,ERR,ERR,ERR,ERR,ERR,ERR,ERR,ERR,ERR,ERR,ERR,ERR,50.0,60.0,100,0.0,0.0,0.0,0.0,0.0,0.0,0.0,0.0,0.0,0.0,0.0,0.0,0.0,0.0,0.0,0.0,61.6,65,19,65520,50,65476,0,300,0,0,8,20529,65476,0,0,26214,60.0,0.0,0.0,0.0,0.0,0.0
2026-05-17T16:00:17,ERR,ERR,ERR,ERR,ERR,ERR,ERR,ERR,ERR,ERR,ERR,ERR,ERR,ERR,ERR,ERR,ERR,ERR,ERR,ERR,ERR,ERR,ERR,ERR,ERR,ERR,ERR,ERR,ERR,ERR,ERR,ERR,ERR,ERR,ERR,ERR,ERR,ERR,ERR,ERR,ERR,ERR,ERR,ERR,ERR,ERR,ERR,ERR,ERR,ERR,ERR,ERR,ERR,ERR,ERR,ERR,ERR,ERR,ERR,ERR,ERR,ERR,ERR,ERR,ERR,ERR,ERR,ERR,ERR,ERR,ERR,ERR,ERR,ERR,ERR,ERR,ERR,ERR,ERR,ERR,ERR,ERR,ERR,ERR,ERR,ERR,ERR,ERR,ERR,ERR,ERR,ERR,ERR,ERR,ERR,ERR,ERR,ERR,ERR,ERR,ERR,ERR,ERR,ERR,ERR,ERR,ERR,ERR,ERR,ERR,ERR,ERR,ERR,ERR,ERR,ERR,ERR,ERR,ERR,ERR,ERR,ERR,ERR,ERR,ERR,0.0,2.718428759860196e+23,-33618224.0,0.0,0.0,1.3936040501711995e+18,7.805,0.0,0,0,4,0,8422,0.0,45,0.0,0.0,0.0,0.0,0.0,0,0,0,0,0.0,0,0,0,0,0,0,0,0,0,0,0,0,0,0,0,0,0,0,0,0,0,0,0,0,0,0,0,0,0,0,0,0,0,38,14,7,45,65476,0,300,0,0,8,21553,0.0,-107605600.0,0.0,0.0,0.0,0.0,0.0,0.0,0.0,0.0,0.0,0.0,0.0,0.0,0.0,0.0,0.0,0.0,0.0,0.0,0.0,0.0,-2.004,-0.0,2.004,-2.004,0.0,0.0,0.0,0.0,4969.0,-564145766268928.0,0.0,0.0,-0.0,-107615272.0,2.718429120148166e+23,0.0,0.0,0.0,0.0,53,71.63,5.848055287018579e+35,0.0,0.0,0.0,0.0,0.0,0.0,0.0,0,0,0,0.0,0.0,0.0,0.0,0.0,0.0,0.0,0.0,0.0,0.0,0.0,0.0,0.0,0.0,0.0,0.0,0,-107875648.0,53,0.0,106,-107614832.0,0.0,ERR,ERR,ERR,ERR,ERR,ERR,ERR,ERR,ERR,ERR,ERR,ERR,ERR,ERR,ERR,ERR,ERR,ERR,ERR,ERR,ERR,ERR,ERR,ERR,ERR,ERR,ERR,ERR,ERR,ERR,ERR,ERR,ERR,ERR,ERR,ERR,ERR,ERR,ERR,ERR,ERR,ERR,ERR,ERR,ERR,ERR,ERR,ERR,ERR,ERR,ERR,ERR,ERR,ERR,ERR,ERR,ERR,ERR,ERR,ERR,ERR,ERR,ERR,ERR,ERR,ERR,ERR,50.0,60.0,100,0.0,0.0,0.0,0.0,0.0,0.0,0.0,0.0,0.0,0.0,0.0,0.0,0.0,0.0,0.0,0.0,61.6,65,19,65520,50,65476,0,300,0,0,8,20529,65476,0,0,26214,60.0,0.0,0.0,0.0,0.0,0.0
2026-05-17T16:00:18,ERR,ERR,ERR,ERR,ERR,ERR,ERR,ERR,ERR,ERR,ERR,ERR,ERR,ERR,ERR,ERR,ERR,ERR,ERR,ERR,ERR,ERR,ERR,ERR,ERR,ERR,ERR,ERR,ERR,ERR,ERR,ERR,ERR,ERR,ERR,ERR,ERR,ERR,ERR,ERR,ERR,ERR,ERR,ERR,ERR,ERR,ERR,ERR,ERR,ERR,ERR,ERR,ERR,ERR,ERR,ERR,ERR,ERR,ERR,ERR,ERR,ERR,ERR,ERR,ERR,ERR,ERR,ERR,ERR,ERR,ERR,ERR,ERR,ERR,ERR,ERR,ERR,ERR,ERR,ERR,ERR,ERR,ERR,ERR,ERR,ERR,ERR,ERR,ERR,ERR,ERR,ERR,ERR,ERR,ERR,ERR,ERR,ERR,ERR,ERR,ERR,ERR,ERR,ERR,ERR,ERR,ERR,ERR,ERR,ERR,ERR,ERR,ERR,ERR,ERR,ERR,ERR,ERR,ERR,ERR,ERR,ERR,ERR,ERR,ERR,0.0,2.718428759860196e+23,-33618224.0,0.0,0.0,1.3936040501711995e+18,7.805,0.0,0,0,4,0,8422,0.0,45,0.0,0.0,0.0,0.0,0.0,0,0,0,0,0.0,0,0,0,0,0,0,0,0,0,0,0,0,0,0,0,0,0,0,0,0,0,0,0,0,0,0,0,0,0,0,0,0,0,38,14,7,45,65476,0,300,0,0,8,21553,0.0,-107605600.0,0.0,0.0,0.0,0.0,0.0,0.0,0.0,0.0,0.0,0.0,0.0,0.0,0.0,0.0,0.0,0.0,0.0,0.0,0.0,0.0,-2.004,-0.0,2.004,-2.004,0.0,0.0,0.0,0.0,4969.0,-564145766268928.0,0.0,0.0,-0.0,-107615272.0,2.718429120148166e+23,0.0,0.0,0.0,0.0,53,71.63,5.848055287018579e+35,0.0,0.0,0.0,0.0,0.0,0.0,0.0,0,0,0,0.0,0.0,0.0,0.0,0.0,0.0,0.0,0.0,0.0,0.0,0.0,0.0,0.0,0.0,0.0,0.0,0,-107875648.0,53,0.0,106,-107614832.0,0.0,ERR,ERR,ERR,ERR,ERR,ERR,ERR,ERR,ERR,ERR,ERR,ERR,ERR,ERR,ERR,ERR,ERR,ERR,ERR,ERR,ERR,ERR,ERR,ERR,ERR,ERR,ERR,ERR,ERR,ERR,ERR,ERR,ERR,ERR,ERR,ERR,ERR,ERR,ERR,ERR,ERR,ERR,ERR,ERR,ERR,ERR,ERR,ERR,ERR,ERR,ERR,ERR,ERR,ERR,ERR,ERR,ERR,ERR,ERR,ERR,ERR,ERR,ERR,ERR,ERR,ERR,ERR,50.0,60.0,100,0.0,0.0,0.0,0.0,0.0,0.0,0.0,0.0,0.0,0.0,0.0,0.0,0.0,0.0,0.0,0.0,62.0,65,19,65520,50,65476,0,300,0,0,8,20529,65476,0,0,26214,60.0,0.0,0.0,0.0,0.0,0.0
2026-05-17T16:00:19,ERR,ERR,ERR,ERR,ERR,ERR,ERR,ERR,ERR,ERR,ERR,ERR,ERR,ERR,ERR,ERR,ERR,ERR,ERR,ERR,ERR,ERR,ERR,ERR,ERR,ERR,ERR,ERR,ERR,ERR,ERR,ERR,ERR,ERR,ERR,ERR,ERR,ERR,ERR,ERR,ERR,ERR,ERR,ERR,ERR,ERR,ERR,ERR,ERR,ERR,ERR,ERR,ERR,ERR,ERR,ERR,ERR,ERR,ERR,ERR,ERR,ERR,ERR,ERR,ERR,ERR,ERR,ERR,ERR,ERR,ERR,ERR,ERR,ERR,ERR,ERR,ERR,ERR,ERR,ERR,ERR,ERR,ERR,ERR,ERR,ERR,ERR,ERR,ERR,ERR,ERR,ERR,ERR,ERR,ERR,ERR,ERR,ERR,ERR,ERR,ERR,ERR,ERR,ERR,ERR,ERR,ERR,ERR,ERR,ERR,ERR,ERR,ERR,ERR,ERR,ERR,ERR,ERR,ERR,ERR,ERR,ERR,ERR,ERR,ERR,0.0,2.718428759860196e+23,-33618224.0,0.0,0.0,1.3936040501711995e+18,7.805,0.0,0,0,4,0,8422,0.0,45,0.0,0.0,0.0,0.0,0.0,0,0,0,0,0.0,0,0,0,0,0,0,0,0,0,0,0,0,0,0,0,0,0,0,0,0,0,0,0,0,0,0,0,0,0,0,0,0,0,38,14,7,45,65476,0,300,0,0,8,21553,0.0,-107605600.0,0.0,0.0,0.0,0.0,0.0,0.0,0.0,0.0,0.0,0.0,0.0,0.0,0.0,0.0,0.0,0.0,0.0,0.0,0.0,0.0,-2.004,-0.0,2.004,-2.004,0.0,0.0,0.0,0.0,4969.0,-564145766268928.0,0.0,0.0,-0.0,-107615272.0,2.718429120148166e+23,0.0,0.0,0.0,0.0,53,71.63,5.848055287018579e+35,0.0,0.0,0.0,0.0,0.0,0.0,0.0,0,0,0,0.0,0.0,0.0,0.0,0.0,0.0,0.0,0.0,0.0,0.0,0.0,0.0,0.0,0.0,0.0,0.0,0,-107875648.0,53,0.0,106,-107614832.0,0.0,ERR,ERR,ERR,ERR,ERR,ERR,ERR,ERR,ERR,ERR,ERR,ERR,ERR,ERR,ERR,ERR,ERR,ERR,ERR,ERR,ERR,ERR,ERR,ERR,ERR,ERR,ERR,ERR,ERR,ERR,ERR,ERR,ERR,ERR,ERR,ERR,ERR,ERR,ERR,ERR,ERR,ERR,ERR,ERR,ERR,ERR,ERR,ERR,ERR,ERR,ERR,ERR,ERR,ERR,ERR,ERR,ERR,ERR,ERR,ERR,ERR,ERR,ERR,ERR,ERR,ERR,ERR,50.0,60.0,100,0.0,0.0,0.0,0.0,0.0,0.0,0.0,0.0,0.0,0.0,0.0,0.0,0.0,0.0,0.0,0.0,62.0,65,19,65520,50,65476,0,300,0,0,8,20529,65476,0,0,26214,60.0,0.0,0.0,0.0,0.0,0.0
2026-05-17T16:00:20,ERR,ERR,ERR,ERR,ERR,ERR,ERR,ERR,ERR,ERR,ERR,ERR,ERR,ERR,ERR,ERR,ERR,ERR,ERR,ERR,ERR,ERR,ERR,ERR,ERR,ERR,ERR,ERR,ERR,ERR,ERR,ERR,ERR,ERR,ERR,ERR,ERR,ERR,ERR,ERR,ERR,ERR,ERR,ERR,ERR,ERR,ERR,ERR,ERR,ERR,ERR,ERR,ERR,ERR,ERR,ERR,ERR,ERR,ERR,ERR,ERR,ERR,ERR,ERR,ERR,ERR,ERR,ERR,ERR,ERR,ERR,ERR,ERR,ERR,ERR,ERR,ERR,ERR,ERR,ERR,ERR,ERR,ERR,ERR,ERR,ERR,ERR,ERR,ERR,ERR,ERR,ERR,ERR,ERR,ERR,ERR,ERR,ERR,ERR,ERR,ERR,ERR,ERR,ERR,ERR,ERR,ERR,ERR,ERR,ERR,ERR,ERR,ERR,ERR,ERR,ERR,ERR,ERR,ERR,ERR,ERR,ERR,ERR,ERR,ERR,0.0,2.718428759860196e+23,-33618224.0,0.0,0.0,1.3936040501711995e+18,7.805,0.0,0,0,4,0,8422,0.0,45,0.0,0.0,0.0,0.0,0.0,0,0,0,0,0.0,0,0,0,0,0,0,0,0,0,0,0,0,0,0,0,0,0,0,0,0,0,0,0,0,0,0,0,0,0,0,0,0,0,38,14,7,45,65476,0,300,0,0,8,21553,0.0,-107605600.0,0.0,0.0,0.0,0.0,0.0,0.0,0.0,0.0,0.0,0.0,0.0,0.0,0.0,0.0,0.0,0.0,0.0,0.0,0.0,0.0,-2.004,-0.0,2.004,-2.004,0.0,0.0,0.0,0.0,4969.0,-564145766268928.0,0.0,0.0,-0.0,-107615272.0,2.718429120148166e+23,0.0,0.0,0.0,0.0,53,71.63,5.848055287018579e+35,0.0,0.0,0.0,0.0,0.0,0.0,0.0,0,0,0,0.0,0.0,0.0,0.0,0.0,0.0,0.0,0.0,0.0,0.0,0.0,0.0,0.0,0.0,0.0,0.0,0,-107875648.0,53,0.0,106,-107614832.0,0.0,ERR,ERR,ERR,ERR,ERR,ERR,ERR,ERR,ERR,ERR,ERR,ERR,ERR,ERR,ERR,ERR,ERR,ERR,ERR,ERR,ERR,ERR,ERR,ERR,ERR,ERR,ERR,ERR,ERR,ERR,ERR,ERR,ERR,ERR,ERR,ERR,ERR,ERR,ERR,ERR,ERR,ERR,ERR,ERR,ERR,ERR,ERR,ERR,ERR,ERR,ERR,ERR,ERR,ERR,ERR,ERR,ERR,ERR,ERR,ERR,ERR,ERR,ERR,ERR,ERR,ERR,ERR,50.0,60.0,100,0.0,0.0,0.0,0.0,0.0,0.0,0.0,0.0,0.0,0.0,0.0,0.0,0.0,0.0,0.0,0.0,61.6,65,19,65520,50,65476,0,300,0,0,8,20529,65476,0,0,26214,60.0,0.0,0.0,0.0,0.0,0.0
2026-05-17T16:00:21,ERR,ERR,ERR,ERR,ERR,ERR,ERR,ERR,ERR,ERR,ERR,ERR,ERR,ERR,ERR,ERR,ERR,ERR,ERR,ERR,ERR,ERR,ERR,ERR,ERR,ERR,ERR,ERR,ERR,ERR,ERR,ERR,ERR,ERR,ERR,ERR,ERR,ERR,ERR,ERR,ERR,ERR,ERR,ERR,ERR,ERR,ERR,ERR,ERR,ERR,ERR,ERR,ERR,ERR,ERR,ERR,ERR,ERR,ERR,ERR,ERR,ERR,ERR,ERR,ERR,ERR,ERR,ERR,ERR,ERR,ERR,ERR,ERR,ERR,ERR,ERR,ERR,ERR,ERR,ERR,ERR,ERR,ERR,ERR,ERR,ERR,ERR,ERR,ERR,ERR,ERR,ERR,ERR,ERR,ERR,ERR,ERR,ERR,ERR,ERR,ERR,ERR,ERR,ERR,ERR,ERR,ERR,ERR,ERR,ERR,ERR,ERR,ERR,ERR,ERR,ERR,ERR,ERR,ERR,ERR,ERR,ERR,ERR,ERR,ERR,0.0,2.718428759860196e+23,-33618224.0,0.0,0.0,1.3936040501711995e+18,7.805,0.0,0,0,4,0,8422,0.0,45,0.0,0.0,0.0,0.0,0.0,0,0,0,0,0.0,0,0,0,0,0,0,0,0,0,0,0,0,0,0,0,0,0,0,0,0,0,0,0,0,0,0,0,0,0,0,0,0,0,38,14,7,45,65476,0,300,0,0,8,21553,0.0,-107605600.0,0.0,0.0,0.0,0.0,0.0,0.0,0.0,0.0,0.0,0.0,0.0,0.0,0.0,0.0,0.0,0.0,0.0,0.0,0.0,0.0,-2.004,-0.0,2.004,-2.004,0.0,0.0,0.0,0.0,4969.0,-564145766268928.0,0.0,0.0,-0.0,-107615272.0,2.718429120148166e+23,0.0,0.0,0.0,0.0,53,71.63,5.848055287018579e+35,0.0,0.0,0.0,0.0,0.0,0.0,0.0,0,0,0,0.0,0.0,0.0,0.0,0.0,0.0,0.0,0.0,0.0,0.0,0.0,0.0,0.0,0.0,0.0,0.0,0,-107875648.0,53,0.0,106,-107614832.0,0.0,ERR,ERR,ERR,ERR,ERR,ERR,ERR,ERR,ERR,ERR,ERR,ERR,ERR,ERR,ERR,ERR,ERR,ERR,ERR,ERR,ERR,ERR,ERR,ERR,ERR,ERR,ERR,ERR,ERR,ERR,ERR,ERR,ERR,ERR,ERR,ERR,ERR,ERR,ERR,ERR,ERR,ERR,ERR,ERR,ERR,ERR,ERR,ERR,ERR,ERR,ERR,ERR,ERR,ERR,ERR,ERR,ERR,ERR,ERR,ERR,ERR,ERR,ERR,ERR,ERR,ERR,ERR,50.0,60.0,100,0.0,0.0,0.0,0.0,0.0,0.0,0.0,0.0,0.0,0.0,0.0,0.0,0.0,0.0,0.0,0.0,61.6,65,19,65520,50,65476,0,300,0,0,8,20529,65476,0,0,26214,60.0,0.0,0.0,0.0,0.0,0.0
2026-05-17T16:00:22,ERR,ERR,ERR,ERR,ERR,ERR,ERR,ERR,ERR,ERR,ERR,ERR,ERR,ERR,ERR,ERR,ERR,ERR,ERR,ERR,ERR,ERR,ERR,ERR,ERR,ERR,ERR,ERR,ERR,ERR,ERR,ERR,ERR,ERR,ERR,ERR,ERR,ERR,ERR,ERR,ERR,ERR,ERR,ERR,ERR,ERR,ERR,ERR,ERR,ERR,ERR,ERR,ERR,ERR,ERR,ERR,ERR,ERR,ERR,ERR,ERR,ERR,ERR,ERR,ERR,ERR,ERR,ERR,ERR,ERR,ERR,ERR,ERR,ERR,ERR,ERR,ERR,ERR,ERR,ERR,ERR,ERR,ERR,ERR,ERR,ERR,ERR,ERR,ERR,ERR,ERR,ERR,ERR,ERR,ERR,ERR,ERR,ERR,ERR,ERR,ERR,ERR,ERR,ERR,ERR,ERR,ERR,ERR,ERR,ERR,ERR,ERR,ERR,ERR,ERR,ERR,ERR,ERR,ERR,ERR,ERR,ERR,ERR,ERR,ERR,0.0,-0.0,-0.0,0.0,0.0,1.3936040501711995e+18,7.805,0.0,0,0,4,0,8422,0.0,45,0.0,0.0,0.0,0.0,0.0,0,0,0,0,0.0,0,0,0,0,0,0,0,0,0,0,0,0,0,0,0,0,0,0,0,0,0,0,0,0,0,0,0,0,0,0,0,0,0,38,14,7,45,65476,0,300,0,0,8,21553,0.0,-107605600.0,0.0,0.0,0.0,0.0,0.0,0.0,0.0,0.0,0.0,0.0,0.0,0.0,0.0,0.0,0.0,0.0,0.0,0.0,0.0,0.0,-2.004,-0.0,2.004,-2.004,0.0,0.0,0.0,0.0,4966.0,-1.587929164219617e+29,0.0,0.0,-0.0,-107615272.0,2.718429120148166e+23,0.0,0.0,0.0,0.0,53,0.0,-0.0,0.0,0.0,0.0,0.0,0.0,0.0,0.0,0,0,0,0.0,0.0,0.0,0.0,0.0,0.0,0.0,0.0,0.0,0.0,0.0,0.0,0.0,0.0,0.0,0.0,0,-107875648.0,53,0.0,106,-107614832.0,0.0,ERR,ERR,ERR,ERR,ERR,ERR,ERR,ERR,ERR,ERR,ERR,ERR,ERR,ERR,ERR,ERR,ERR,ERR,ERR,ERR,ERR,ERR,ERR,ERR,ERR,ERR,ERR,ERR,ERR,ERR,ERR,ERR,ERR,ERR,ERR,ERR,ERR,ERR,ERR,ERR,ERR,ERR,ERR,ERR,ERR,ERR,ERR,ERR,ERR,ERR,ERR,ERR,ERR,ERR,ERR,ERR,ERR,ERR,ERR,ERR,ERR,ERR,ERR,ERR,ERR,ERR,ERR,50.0,60.0,100,0.0,0.0,0.0,0.0,0.0,0.0,0.0,0.0,0.0,0.0,0.0,0.0,0.0,0.0,0.0,0.0,62.0,65,19,65520,50,65476,0,300,0,0,8,20529,65476,0,0,26214,60.0,0.0,0.0,0.0,0.0,0.0
2026-05-17T16:00:23,ERR,ERR,ERR,ERR,ERR,ERR,ERR,ERR,ERR,ERR,ERR,ERR,ERR,ERR,ERR,ERR,ERR,ERR,ERR,ERR,ERR,ERR,ERR,ERR,ERR,ERR,ERR,ERR,ERR,ERR,ERR,ERR,ERR,ERR,ERR,ERR,ERR,ERR,ERR,ERR,ERR,ERR,ERR,ERR,ERR,ERR,ERR,ERR,ERR,ERR,ERR,ERR,ERR,ERR,ERR,ERR,ERR,ERR,ERR,ERR,ERR,ERR,ERR,ERR,ERR,ERR,ERR,ERR,ERR,ERR,ERR,ERR,ERR,ERR,ERR,ERR,ERR,ERR,ERR,ERR,ERR,ERR,ERR,ERR,ERR,ERR,ERR,ERR,ERR,ERR,ERR,ERR,ERR,ERR,ERR,ERR,ERR,ERR,ERR,ERR,ERR,ERR,ERR,ERR,ERR,ERR,ERR,ERR,ERR,ERR,ERR,ERR,ERR,ERR,ERR,ERR,ERR,ERR,ERR,ERR,ERR,ERR,ERR,ERR,ERR,0.0,-0.0,-0.0,0.0,0.0,1.3936040501711995e+18,7.805,0.0,0,0,4,0,8422,0.0,45,0.0,0.0,0.0,0.0,0.0,0,0,0,0,0.0,0,0,0,0,0,0,0,0,0,0,0,0,0,0,0,0,0,0,0,0,0,0,0,0,0,0,0,0,0,0,0,0,0,38,14,7,45,65476,0,300,0,0,8,21553,0.0,-107605600.0,0.0,0.0,0.0,0.0,0.0,0.0,0.0,0.0,0.0,0.0,0.0,0.0,0.0,0.0,0.0,0.0,0.0,0.0,0.0,0.0,-2.004,-0.0,2.004,-2.004,0.0,0.0,0.0,0.0,4966.0,-1.587929164219617e+29,0.0,0.0,-0.0,-107615272.0,2.718429120148166e+23,0.0,0.0,0.0,0.0,53,0.0,-0.0,0.0,0.0,0.0,0.0,0.0,0.0,0.0,0,0,0,0.0,0.0,0.0,0.0,0.0,0.0,0.0,0.0,0.0,0.0,0.0,0.0,0.0,0.0,0.0,0.0,0,-107875648.0,53,0.0,106,-107614832.0,0.0,ERR,ERR,ERR,ERR,ERR,ERR,ERR,ERR,ERR,ERR,ERR,ERR,ERR,ERR,ERR,ERR,ERR,ERR,ERR,ERR,ERR,ERR,ERR,ERR,ERR,ERR,ERR,ERR,ERR,ERR,ERR,ERR,ERR,ERR,ERR,ERR,ERR,ERR,ERR,ERR,ERR,ERR,ERR,ERR,ERR,ERR,ERR,ERR,ERR,ERR,ERR,ERR,ERR,ERR,ERR,ERR,ERR,ERR,ERR,ERR,ERR,ERR,ERR,ERR,ERR,ERR,ERR,50.0,60.0,100,0.0,0.0,0.0,0.0,0.0,0.0,0.0,0.0,0.0,0.0,0.0,0.0,0.0,0.0,0.0,0.0,62.0,65,19,65520,50,65476,0,300,0,0,8,20529,65476,0,0,26214,60.0,0.0,0.0,0.0,0.0,0.0
2026-05-17T16:00:24,ERR,ERR,ERR,ERR,ERR,ERR,ERR,ERR,ERR,ERR,ERR,ERR,ERR,ERR,ERR,ERR,ERR,ERR,ERR,ERR,ERR,ERR,ERR,ERR,ERR,ERR,ERR,ERR,ERR,ERR,ERR,ERR,ERR,ERR,ERR,ERR,ERR,ERR,ERR,ERR,ERR,ERR,ERR,ERR,ERR,ERR,ERR,ERR,ERR,ERR,ERR,ERR,ERR,ERR,ERR,ERR,ERR,ERR,ERR,ERR,ERR,ERR,ERR,ERR,ERR,ERR,ERR,ERR,ERR,ERR,ERR,ERR,ERR,ERR,ERR,ERR,ERR,ERR,ERR,ERR,ERR,ERR,ERR,ERR,ERR,ERR,ERR,ERR,ERR,ERR,ERR,ERR,ERR,ERR,ERR,ERR,ERR,ERR,ERR,ERR,ERR,ERR,ERR,ERR,ERR,ERR,ERR,ERR,ERR,ERR,ERR,ERR,ERR,ERR,ERR,ERR,ERR,ERR,ERR,ERR,ERR,ERR,ERR,ERR,ERR,0.0,-0.0,-0.0,0.0,0.0,1.3936040501711995e+18,7.805,0.0,0,0,4,0,8422,0.0,45,0.0,0.0,0.0,0.0,0.0,0,0,0,0,0.0,0,0,0,0,0,0,0,0,0,0,0,0,0,0,0,0,0,0,0,0,0,0,0,0,0,0,0,0,0,0,0,0,0,38,14,7,45,65476,0,300,0,0,8,21553,0.0,-107605600.0,0.0,0.0,0.0,0.0,0.0,0.0,0.0,0.0,0.0,0.0,0.0,0.0,0.0,0.0,0.0,0.0,0.0,0.0,0.0,0.0,-2.004,-0.0,2.004,-2.004,0.0,0.0,0.0,0.0,4966.0,-1.587929164219617e+29,0.0,0.0,-0.0,-107615272.0,2.718429120148166e+23,0.0,0.0,0.0,0.0,53,0.0,-0.0,0.0,0.0,0.0,0.0,0.0,0.0,0.0,0,0,0,0.0,0.0,0.0,0.0,0.0,0.0,0.0,0.0,0.0,0.0,0.0,0.0,0.0,0.0,0.0,0.0,0,-107875648.0,53,0.0,106,-107614832.0,0.0,ERR,ERR,ERR,ERR,ERR,ERR,ERR,ERR,ERR,ERR,ERR,ERR,ERR,ERR,ERR,ERR,ERR,ERR,ERR,ERR,ERR,ERR,ERR,ERR,ERR,ERR,ERR,ERR,ERR,ERR,ERR,ERR,ERR,ERR,ERR,ERR,ERR,ERR,ERR,ERR,ERR,ERR,ERR,ERR,ERR,ERR,ERR,ERR,ERR,ERR,ERR,ERR,ERR,ERR,ERR,ERR,ERR,ERR,ERR,ERR,ERR,ERR,ERR,ERR,ERR,ERR,ERR,50.0,60.0,100,0.0,0.0,0.0,0.0,0.0,0.0,0.0,0.0,0.0,0.0,0.0,0.0,0.0,0.0,0.0,0.0,61.6,65,19,65520,50,65476,0,300,0,0,8,20529,65476,0,0,26214,60.0,0.0,0.0,0.0,0.0,0.0
2026-05-17T16:00:25,ERR,ERR,ERR,ERR,ERR,ERR,ERR,ERR,ERR,ERR,ERR,ERR,ERR,ERR,ERR,ERR,ERR,ERR,ERR,ERR,ERR,ERR,ERR,ERR,ERR,ERR,ERR,ERR,ERR,ERR,ERR,ERR,ERR,ERR,ERR,ERR,ERR,ERR,ERR,ERR,ERR,ERR,ERR,ERR,ERR,ERR,ERR,ERR,ERR,ERR,ERR,ERR,ERR,ERR,ERR,ERR,ERR,ERR,ERR,ERR,ERR,ERR,ERR,ERR,ERR,ERR,ERR,ERR,ERR,ERR,ERR,ERR,ERR,ERR,ERR,ERR,ERR,ERR,ERR,ERR,ERR,ERR,ERR,ERR,ERR,ERR,ERR,ERR,ERR,ERR,ERR,ERR,ERR,ERR,ERR,ERR,ERR,ERR,ERR,ERR,ERR,ERR,ERR,ERR,ERR,ERR,ERR,ERR,ERR,ERR,ERR,ERR,ERR,ERR,ERR,ERR,ERR,ERR,ERR,ERR,ERR,ERR,ERR,ERR,ERR,0.0,-0.0,-0.0,0.0,0.0,1.3936040501711995e+18,7.805,0.0,0,0,4,0,8422,0.0,45,0.0,0.0,0.0,0.0,0.0,0,0,0,0,0.0,0,0,0,0,0,0,0,0,0,0,0,0,0,0,0,0,0,0,0,0,0,0,0,0,0,0,0,0,0,0,0,0,0,38,14,7,45,65476,0,300,0,0,8,21553,0.0,-107605600.0,0.0,0.0,0.0,0.0,0.0,0.0,0.0,0.0,0.0,0.0,0.0,0.0,0.0,0.0,0.0,0.0,0.0,0.0,0.0,0.0,-2.004,-0.0,2.004,-2.004,0.0,0.0,0.0,0.0,4966.0,-1.587929164219617e+29,0.0,0.0,-0.0,-107615272.0,2.718429120148166e+23,0.0,0.0,0.0,0.0,53,0.0,-0.0,0.0,0.0,0.0,0.0,0.0,0.0,0.0,0,0,0,0.0,0.0,0.0,0.0,0.0,0.0,0.0,0.0,0.0,0.0,0.0,0.0,0.0,0.0,0.0,0.0,0,-107875648.0,53,0.0,106,-107614832.0,0.0,ERR,ERR,ERR,ERR,ERR,ERR,ERR,ERR,ERR,ERR,ERR,ERR,ERR,ERR,ERR,ERR,ERR,ERR,ERR,ERR,ERR,ERR,ERR,ERR,ERR,ERR,ERR,ERR,ERR,ERR,ERR,ERR,ERR,ERR,ERR,ERR,ERR,ERR,ERR,ERR,ERR,ERR,ERR,ERR,ERR,ERR,ERR,ERR,ERR,ERR,ERR,ERR,ERR,ERR,ERR,ERR,ERR,ERR,ERR,ERR,ERR,ERR,ERR,ERR,ERR,ERR,ERR,50.0,60.0,100,0.0,0.0,0.0,0.0,0.0,0.0,0.0,0.0,0.0,0.0,0.0,0.0,0.0,0.0,0.0,0.0,62.0,65,19,65520,50,65476,0,300,0,0,8,20529,65476,0,0,26214,60.0,0.0,0.0,0.0,0.0,0.0
2026-05-17T16:00:26,ERR,ERR,ERR,ERR,ERR,ERR,ERR,ERR,ERR,ERR,ERR,ERR,ERR,ERR,ERR,ERR,ERR,ERR,ERR,ERR,ERR,ERR,ERR,ERR,ERR,ERR,ERR,ERR,ERR,ERR,ERR,ERR,ERR,ERR,ERR,ERR,ERR,ERR,ERR,ERR,ERR,ERR,ERR,ERR,ERR,ERR,ERR,ERR,ERR,ERR,ERR,ERR,ERR,ERR,ERR,ERR,ERR,ERR,ERR,ERR,ERR,ERR,ERR,ERR,ERR,ERR,ERR,ERR,ERR,ERR,ERR,ERR,ERR,ERR,ERR,ERR,ERR,ERR,ERR,ERR,ERR,ERR,ERR,ERR,ERR,ERR,ERR,ERR,ERR,ERR,ERR,ERR,ERR,ERR,ERR,ERR,ERR,ERR,ERR,ERR,ERR,ERR,ERR,ERR,ERR,ERR,ERR,ERR,ERR,ERR,ERR,ERR,ERR,ERR,ERR,ERR,ERR,ERR,ERR,ERR,ERR,ERR,ERR,ERR,ERR,0.0,-0.0,-0.0,0.0,0.0,1.3936040501711995e+18,7.805,0.0,0,0,4,0,8422,0.0,45,0.0,0.0,0.0,0.0,0.0,0,0,0,0,0.0,0,0,0,0,0,0,0,0,0,0,0,0,0,0,0,0,0,0,0,0,0,0,0,0,0,0,0,0,0,0,0,0,0,38,14,7,45,65476,0,300,0,0,8,21553,0.0,-107605600.0,0.0,0.0,0.0,0.0,0.0,0.0,0.0,0.0,0.0,0.0,0.0,0.0,0.0,0.0,0.0,0.0,0.0,0.0,0.0,0.0,-2.004,-0.0,2.004,-2.004,0.0,0.0,0.0,0.0,4966.0,-1.587929164219617e+29,0.0,0.0,-0.0,-107615272.0,2.718429120148166e+23,0.0,0.0,0.0,0.0,53,0.0,-0.0,0.0,0.0,0.0,0.0,0.0,0.0,0.0,0,0,0,0.0,0.0,0.0,0.0,0.0,0.0,0.0,0.0,0.0,0.0,0.0,0.0,0.0,0.0,0.0,0.0,0,-107875648.0,53,0.0,106,-107614832.0,0.0,ERR,ERR,ERR,ERR,ERR,ERR,ERR,ERR,ERR,ERR,ERR,ERR,ERR,ERR,ERR,ERR,ERR,ERR,ERR,ERR,ERR,ERR,ERR,ERR,ERR,ERR,ERR,ERR,ERR,ERR,ERR,ERR,ERR,ERR,ERR,ERR,ERR,ERR,ERR,ERR,ERR,ERR,ERR,ERR,ERR,ERR,ERR,ERR,ERR,ERR,ERR,ERR,ERR,ERR,ERR,ERR,ERR,ERR,ERR,ERR,ERR,ERR,ERR,ERR,ERR,ERR,ERR,50.0,60.0,100,0.0,0.0,0.0,0.0,0.0,0.0,0.0,0.0,0.0,0.0,0.0,0.0,0.0,0.0,0.0,0.0,62.0,65,19,65520,50,65476,0,300,0,0,8,20529,65476,0,0,26214,60.0,0.0,0.0,0.0,0.0,0.0
2026-05-17T16:00:27,ERR,ERR,ERR,ERR,ERR,ERR,ERR,ERR,ERR,ERR,ERR,ERR,ERR,ERR,ERR,ERR,ERR,ERR,ERR,ERR,ERR,ERR,ERR,ERR,ERR,ERR,ERR,ERR,ERR,ERR,ERR,ERR,ERR,ERR,ERR,ERR,ERR,ERR,ERR,ERR,ERR,ERR,ERR,ERR,ERR,ERR,ERR,ERR,ERR,ERR,ERR,ERR,ERR,ERR,ERR,ERR,ERR,ERR,ERR,ERR,ERR,ERR,ERR,ERR,ERR,ERR,ERR,ERR,ERR,ERR,ERR,ERR,ERR,ERR,ERR,ERR,ERR,ERR,ERR,ERR,ERR,ERR,ERR,ERR,ERR,ERR,ERR,ERR,ERR,ERR,ERR,ERR,ERR,ERR,ERR,ERR,ERR,ERR,ERR,ERR,ERR,ERR,ERR,ERR,ERR,ERR,ERR,ERR,ERR,ERR,ERR,ERR,ERR,ERR,ERR,ERR,ERR,ERR,ERR,ERR,ERR,ERR,ERR,ERR,ERR,0.0,-0.0,-0.0,0.0,0.0,1.3936040501711995e+18,7.805,0.0,0,0,4,0,8422,0.0,45,0.0,0.0,0.0,0.0,0.0,0,0,0,0,0.0,0,0,0,0,0,0,0,0,0,0,0,0,0,0,0,0,0,0,0,0,0,0,0,0,0,0,0,0,0,0,0,0,0,38,14,7,45,65476,0,300,0,0,8,21553,0.0,-107605600.0,0.0,0.0,0.0,0.0,0.0,0.0,0.0,0.0,0.0,0.0,0.0,0.0,0.0,0.0,0.0,0.0,0.0,0.0,0.0,0.0,-2.004,-0.0,2.004,-2.004,0.0,0.0,0.0,0.0,5033.0,2.004,0.0,0.0,-0.0,-107615272.0,2.718429120148166e+23,0.0,0.0,0.0,0.0,53,71.63,89220.57,0.0,0.0,0.0,0.0,0.0,0.0,0.0,0,0,0,0.0,0.0,0.0,0.0,0.0,0.0,0.0,0.0,0.0,0.0,0.0,0.0,0.0,0.0,0.0,0.0,0,-107875648.0,53,0.0,106,-107614832.0,0.0,ERR,ERR,ERR,ERR,ERR,ERR,ERR,ERR,ERR,ERR,ERR,ERR,ERR,ERR,ERR,ERR,ERR,ERR,ERR,ERR,ERR,ERR,ERR,ERR,ERR,ERR,ERR,ERR,ERR,ERR,ERR,ERR,ERR,ERR,ERR,ERR,ERR,ERR,ERR,ERR,ERR,ERR,ERR,ERR,ERR,ERR,ERR,ERR,ERR,ERR,ERR,ERR,ERR,ERR,ERR,ERR,ERR,ERR,ERR,ERR,ERR,ERR,ERR,ERR,ERR,ERR,ERR,50.0,60.0,100,0.0,0.0,0.0,0.0,0.0,0.0,0.0,0.0,0.0,0.0,0.0,0.0,0.0,0.0,0.0,0.0,62.0,65,19,65520,50,65476,0,300,0,0,8,20529,65476,0,0,26214,60.0,0.0,0.0,0.0,0.0,0.0
2026-05-17T16:00:28,ERR,ERR,ERR,ERR,ERR,ERR,ERR,ERR,ERR,ERR,ERR,ERR,ERR,ERR,ERR,ERR,ERR,ERR,ERR,ERR,ERR,ERR,ERR,ERR,ERR,ERR,ERR,ERR,ERR,ERR,ERR,ERR,ERR,ERR,ERR,ERR,ERR,ERR,ERR,ERR,ERR,ERR,ERR,ERR,ERR,ERR,ERR,ERR,ERR,ERR,ERR,ERR,ERR,ERR,ERR,ERR,ERR,ERR,ERR,ERR,ERR,ERR,ERR,ERR,ERR,ERR,ERR,ERR,ERR,ERR,ERR,ERR,ERR,ERR,ERR,ERR,ERR,ERR,ERR,ERR,ERR,ERR,ERR,ERR,ERR,ERR,ERR,ERR,ERR,ERR,ERR,ERR,ERR,ERR,ERR,ERR,ERR,ERR,ERR,ERR,ERR,ERR,ERR,ERR,ERR,ERR,ERR,ERR,ERR,ERR,ERR,ERR,ERR,ERR,ERR,ERR,ERR,ERR,ERR,ERR,ERR,ERR,ERR,ERR,ERR,0.0,-0.0,-0.0,0.0,0.0,1.3936040501711995e+18,7.805,0.0,0,0,4,0,8422,0.0,45,0.0,0.0,0.0,0.0,0.0,0,0,0,0,0.0,0,0,0,0,0,0,0,0,0,0,0,0,0,0,0,0,0,0,0,0,0,0,0,0,0,0,0,0,0,0,0,0,0,38,14,7,45,65476,0,300,0,0,8,21553,0.0,-107605600.0,0.0,0.0,0.0,0.0,0.0,0.0,0.0,0.0,0.0,0.0,0.0,0.0,0.0,0.0,0.0,0.0,0.0,0.0,0.0,0.0,-2.004,-0.0,2.004,-2.004,0.0,0.0,0.0,0.0,5033.0,2.004,0.0,0.0,-0.0,-107615272.0,2.718429120148166e+23,0.0,0.0,0.0,0.0,53,71.63,89220.57,0.0,0.0,0.0,0.0,0.0,0.0,0.0,0,0,0,0.0,0.0,0.0,0.0,0.0,0.0,0.0,0.0,0.0,0.0,0.0,0.0,0.0,0.0,0.0,0.0,0,-107875648.0,53,0.0,106,-107614832.0,0.0,ERR,ERR,ERR,ERR,ERR,ERR,ERR,ERR,ERR,ERR,ERR,ERR,ERR,ERR,ERR,ERR,ERR,ERR,ERR,ERR,ERR,ERR,ERR,ERR,ERR,ERR,ERR,ERR,ERR,ERR,ERR,ERR,ERR,ERR,ERR,ERR,ERR,ERR,ERR,ERR,ERR,ERR,ERR,ERR,ERR,ERR,ERR,ERR,ERR,ERR,ERR,ERR,ERR,ERR,ERR,ERR,ERR,ERR,ERR,ERR,ERR,ERR,ERR,ERR,ERR,ERR,ERR,50.0,60.0,100,0.0,0.0,0.0,0.0,0.0,0.0,0.0,0.0,0.0,0.0,0.0,0.0,0.0,0.0,0.0,0.0,62.0,65,19,65520,50,65476,0,300,0,0,8,20529,65476,0,0,26214,60.0,0.0,0.0,0.0,0.0,0.0
2026-05-17T16:00:29,ERR,ERR,ERR,ERR,ERR,ERR,ERR,ERR,ERR,ERR,ERR,ERR,ERR,ERR,ERR,ERR,ERR,ERR,ERR,ERR,ERR,ERR,ERR,ERR,ERR,ERR,ERR,ERR,ERR,ERR,ERR,ERR,ERR,ERR,ERR,ERR,ERR,ERR,ERR,ERR,ERR,ERR,ERR,ERR,ERR,ERR,ERR,ERR,ERR,ERR,ERR,ERR,ERR,ERR,ERR,ERR,ERR,ERR,ERR,ERR,ERR,ERR,ERR,ERR,ERR,ERR,ERR,ERR,ERR,ERR,ERR,ERR,ERR,ERR,ERR,ERR,ERR,ERR,ERR,ERR,ERR,ERR,ERR,ERR,ERR,ERR,ERR,ERR,ERR,ERR,ERR,ERR,ERR,ERR,ERR,ERR,ERR,ERR,ERR,ERR,ERR,ERR,ERR,ERR,ERR,ERR,ERR,ERR,ERR,ERR,ERR,ERR,ERR,ERR,ERR,ERR,ERR,ERR,ERR,ERR,ERR,ERR,ERR,ERR,ERR,0.0,-0.0,-0.0,0.0,0.0,1.3936040501711995e+18,7.805,0.0,0,0,4,0,8422,0.0,45,0.0,0.0,0.0,0.0,0.0,0,0,0,0,0.0,0,0,0,0,0,0,0,0,0,0,0,0,0,0,0,0,0,0,0,0,0,0,0,0,0,0,0,0,0,0,0,0,0,38,14,7,45,65476,0,300,0,0,8,21553,0.0,-107605600.0,0.0,0.0,0.0,0.0,0.0,0.0,0.0,0.0,0.0,0.0,0.0,0.0,0.0,0.0,0.0,0.0,0.0,0.0,0.0,0.0,-2.004,-0.0,2.004,-2.004,0.0,0.0,0.0,0.0,5033.0,2.004,0.0,0.0,-0.0,-107615272.0,2.718429120148166e+23,0.0,0.0,0.0,0.0,53,71.63,89220.57,0.0,0.0,0.0,0.0,0.0,0.0,0.0,0,0,0,0.0,0.0,0.0,0.0,0.0,0.0,0.0,0.0,0.0,0.0,0.0,0.0,0.0,0.0,0.0,0.0,0,-107875648.0,53,0.0,106,-107614832.0,0.0,ERR,ERR,ERR,ERR,ERR,ERR,ERR,ERR,ERR,ERR,ERR,ERR,ERR,ERR,ERR,ERR,ERR,ERR,ERR,ERR,ERR,ERR,ERR,ERR,ERR,ERR,ERR,ERR,ERR,ERR,ERR,ERR,ERR,ERR,ERR,ERR,ERR,ERR,ERR,ERR,ERR,ERR,ERR,ERR,ERR,ERR,ERR,ERR,ERR,ERR,ERR,ERR,ERR,ERR,ERR,ERR,ERR,ERR,ERR,ERR,ERR,ERR,ERR,ERR,ERR,ERR,ERR,50.0,60.0,100,0.0,0.0,0.0,0.0,0.0,0.0,0.0,0.0,0.0,0.0,0.0,0.0,0.0,0.0,0.0,0.0,62.0,65,19,65520,50,65476,0,300,0,0,8,20529,65476,0,0,26214,60.0,0.0,0.0,0.0,0.0,0.0
2026-05-17T16:00:30,ERR,ERR,ERR,ERR,ERR,ERR,ERR,ERR,ERR,ERR,ERR,ERR,ERR,ERR,ERR,ERR,ERR,ERR,ERR,ERR,ERR,ERR,ERR,ERR,ERR,ERR,ERR,ERR,ERR,ERR,ERR,ERR,ERR,ERR,ERR,ERR,ERR,ERR,ERR,ERR,ERR,ERR,ERR,ERR,ERR,ERR,ERR,ERR,ERR,ERR,ERR,ERR,ERR,ERR,ERR,ERR,ERR,ERR,ERR,ERR,ERR,ERR,ERR,ERR,ERR,ERR,ERR,ERR,ERR,ERR,ERR,ERR,ERR,ERR,ERR,ERR,ERR,ERR,ERR,ERR,ERR,ERR,ERR,ERR,ERR,ERR,ERR,ERR,ERR,ERR,ERR,ERR,ERR,ERR,ERR,ERR,ERR,ERR,ERR,ERR,ERR,ERR,ERR,ERR,ERR,ERR,ERR,ERR,ERR,ERR,ERR,ERR,ERR,ERR,ERR,ERR,ERR,ERR,ERR,ERR,ERR,ERR,ERR,ERR,ERR,0.0,-0.0,-0.0,0.0,0.0,1.3936040501711995e+18,7.805,0.0,0,0,4,0,8422,0.0,45,0.0,0.0,0.0,0.0,0.0,0,0,0,0,0.0,0,0,0,0,0,0,0,0,0,0,0,0,0,0,0,0,0,0,0,0,0,0,0,0,0,0,0,0,0,0,0,0,0,38,14,7,45,65476,0,300,0,0,8,21553,0.0,-107605600.0,0.0,0.0,0.0,0.0,0.0,0.0,0.0,0.0,0.0,0.0,0.0,0.0,0.0,0.0,0.0,0.0,0.0,0.0,0.0,0.0,-2.004,-0.0,2.004,-2.004,0.0,0.0,0.0,0.0,5033.0,2.004,0.0,0.0,-0.0,-107615272.0,2.718429120148166e+23,0.0,0.0,0.0,0.0,53,71.63,89220.57,0.0,0.0,0.0,0.0,0.0,0.0,0.0,0,0,0,0.0,0.0,0.0,0.0,0.0,0.0,0.0,0.0,0.0,0.0,0.0,0.0,0.0,0.0,0.0,0.0,0,-107875648.0,53,0.0,106,-107614832.0,0.0,ERR,ERR,ERR,ERR,ERR,ERR,ERR,ERR,ERR,ERR,ERR,ERR,ERR,ERR,ERR,ERR,ERR,ERR,ERR,ERR,ERR,ERR,ERR,ERR,ERR,ERR,ERR,ERR,ERR,ERR,ERR,ERR,ERR,ERR,ERR,ERR,ERR,ERR,ERR,ERR,ERR,ERR,ERR,ERR,ERR,ERR,ERR,ERR,ERR,ERR,ERR,ERR,ERR,ERR,ERR,ERR,ERR,ERR,ERR,ERR,ERR,ERR,ERR,ERR,ERR,ERR,ERR,50.0,60.0,100,0.0,0.0,0.0,0.0,0.0,0.0,0.0,0.0,0.0,0.0,0.0,0.0,0.0,0.0,0.0,0.0,62.0,65,19,65520,50,65476,0,300,0,0,8,20529,65476,0,0,26214,60.0,0.0,0.0,0.0,0.0,0.0
2026-05-17T16:00:31,ERR,ERR,ERR,ERR,ERR,ERR,ERR,ERR,ERR,ERR,ERR,ERR,ERR,ERR,ERR,ERR,ERR,ERR,ERR,ERR,ERR,ERR,ERR,ERR,ERR,ERR,ERR,ERR,ERR,ERR,ERR,ERR,ERR,ERR,ERR,ERR,ERR,ERR,ERR,ERR,ERR,ERR,ERR,ERR,ERR,ERR,ERR,ERR,ERR,ERR,ERR,ERR,ERR,ERR,ERR,ERR,ERR,ERR,ERR,ERR,ERR,ERR,ERR,ERR,ERR,ERR,ERR,ERR,ERR,ERR,ERR,ERR,ERR,ERR,ERR,ERR,ERR,ERR,ERR,ERR,ERR,ERR,ERR,ERR,ERR,ERR,ERR,ERR,ERR,ERR,ERR,ERR,ERR,ERR,ERR,ERR,ERR,ERR,ERR,ERR,ERR,ERR,ERR,ERR,ERR,ERR,ERR,ERR,ERR,ERR,ERR,ERR,ERR,ERR,ERR,ERR,ERR,ERR,ERR,ERR,ERR,ERR,ERR,ERR,ERR,0.0,-0.0,-0.0,0.0,0.0,1.3936040501711995e+18,7.805,0.0,0,0,4,0,8422,0.0,45,0.0,0.0,0.0,0.0,0.0,0,0,0,0,0.0,0,0,0,0,0,0,0,0,0,0,0,0,0,0,0,0,0,0,0,0,0,0,0,0,0,0,0,0,0,0,0,0,0,38,14,7,45,65476,0,300,0,0,8,21553,0.0,-107605600.0,0.0,0.0,0.0,0.0,0.0,0.0,0.0,0.0,0.0,0.0,0.0,0.0,0.0,0.0,0.0,0.0,0.0,0.0,0.0,0.0,-2.004,-0.0,2.004,-2.004,0.0,0.0,0.0,0.0,5033.0,2.004,0.0,0.0,-0.0,-107615272.0,2.718429120148166e+23,0.0,0.0,0.0,0.0,53,71.63,89220.57,0.0,0.0,0.0,0.0,0.0,0.0,0.0,0,0,0,0.0,0.0,0.0,0.0,0.0,0.0,0.0,0.0,0.0,0.0,0.0,0.0,0.0,0.0,0.0,0.0,0,-107875648.0,53,0.0,106,-107614832.0,0.0,ERR,ERR,ERR,ERR,ERR,ERR,ERR,ERR,ERR,ERR,ERR,ERR,ERR,ERR,ERR,ERR,ERR,ERR,ERR,ERR,ERR,ERR,ERR,ERR,ERR,ERR,ERR,ERR,ERR,ERR,ERR,ERR,ERR,ERR,ERR,ERR,ERR,ERR,ERR,ERR,ERR,ERR,ERR,ERR,ERR,ERR,ERR,ERR,ERR,ERR,ERR,ERR,ERR,ERR,ERR,ERR,ERR,ERR,ERR,ERR,ERR,ERR,ERR,ERR,ERR,ERR,ERR,50.0,60.0,100,0.0,0.0,0.0,0.0,0.0,0.0,0.0,0.0,0.0,0.0,0.0,0.0,0.0,0.0,0.0,0.0,61.6,65,19,65520,50,65476,0,300,0,0,8,20529,65476,0,0,26214,60.0,0.0,0.0,0.0,0.0,0.0
2026-05-17T16:00:32,ERR,ERR,ERR,ERR,ERR,ERR,ERR,ERR,ERR,ERR,ERR,ERR,ERR,ERR,ERR,ERR,ERR,ERR,ERR,ERR,ERR,ERR,ERR,ERR,ERR,ERR,ERR,ERR,ERR,ERR,ERR,ERR,ERR,ERR,ERR,ERR,ERR,ERR,ERR,ERR,ERR,ERR,ERR,ERR,ERR,ERR,ERR,ERR,ERR,ERR,ERR,ERR,ERR,ERR,ERR,ERR,ERR,ERR,ERR,ERR,ERR,ERR,ERR,ERR,ERR,ERR,ERR,ERR,ERR,ERR,ERR,ERR,ERR,ERR,ERR,ERR,ERR,ERR,ERR,ERR,ERR,ERR,ERR,ERR,ERR,ERR,ERR,ERR,ERR,ERR,ERR,ERR,ERR,ERR,ERR,ERR,ERR,ERR,ERR,ERR,ERR,ERR,ERR,ERR,ERR,ERR,ERR,ERR,ERR,ERR,ERR,ERR,ERR,ERR,ERR,ERR,ERR,ERR,ERR,ERR,ERR,ERR,ERR,ERR,ERR,0.0,-0.0,-0.0,0.0,0.0,1.3936040501711995e+18,7.805,0.0,0,0,4,0,8422,0.0,45,0.0,0.0,0.0,0.0,0.0,0,0,0,0,0.0,0,0,0,0,0,0,0,0,0,0,0,0,0,0,0,0,0,0,0,0,0,0,0,0,0,0,0,0,0,0,0,0,0,38,14,7,45,65476,0,300,0,0,8,21553,0.0,-107605600.0,0.0,0.0,0.0,0.0,0.0,0.0,0.0,0.0,0.0,0.0,0.0,0.0,0.0,0.0,0.0,0.0,0.0,0.0,0.0,0.0,-2.004,-0.0,2.004,-2.004,0.0,0.0,0.0,0.0,5033.0,2.004,0.0,0.0,-0.0,-107615272.0,2.718429120148166e+23,0.0,0.0,0.0,0.0,53,71.63,89220.57,0.0,0.0,0.0,0.0,0.0,0.0,0.0,0,0,0,0.0,0.0,0.0,0.0,0.0,0.0,0.0,0.0,0.0,0.0,0.0,0.0,0.0,0.0,0.0,0.0,0,-107875648.0,53,0.0,106,-107614832.0,0.0,ERR,ERR,ERR,ERR,ERR,ERR,ERR,ERR,ERR,ERR,ERR,ERR,ERR,ERR,ERR,ERR,ERR,ERR,ERR,ERR,ERR,ERR,ERR,ERR,ERR,ERR,ERR,ERR,ERR,ERR,ERR,ERR,ERR,ERR,ERR,ERR,ERR,ERR,ERR,ERR,ERR,ERR,ERR,ERR,ERR,ERR,ERR,ERR,ERR,ERR,ERR,ERR,ERR,ERR,ERR,ERR,ERR,ERR,ERR,ERR,ERR,ERR,ERR,ERR,ERR,ERR,ERR,50.0,60.0,100,0.0,0.0,0.0,0.0,0.0,0.0,0.0,0.0,0.0,0.0,0.0,0.0,0.0,0.0,0.0,0.0,61.6,65,19,65520,50,65476,0,300,0,0,8,20529,65476,0,0,26214,60.0,0.0,0.0,0.0,0.0,0.0
2026-05-17T16:00:33,ERR,ERR,ERR,ERR,ERR,ERR,ERR,ERR,ERR,ERR,ERR,ERR,ERR,ERR,ERR,ERR,ERR,ERR,ERR,ERR,ERR,ERR,ERR,ERR,ERR,ERR,ERR,ERR,ERR,ERR,ERR,ERR,ERR,ERR,ERR,ERR,ERR,ERR,ERR,ERR,ERR,ERR,ERR,ERR,ERR,ERR,ERR,ERR,ERR,ERR,ERR,ERR,ERR,ERR,ERR,ERR,ERR,ERR,ERR,ERR,ERR,ERR,ERR,ERR,ERR,ERR,ERR,ERR,ERR,ERR,ERR,ERR,ERR,ERR,ERR,ERR,ERR,ERR,ERR,ERR,ERR,ERR,ERR,ERR,ERR,ERR,ERR,ERR,ERR,ERR,ERR,ERR,ERR,ERR,ERR,ERR,ERR,ERR,ERR,ERR,ERR,ERR,ERR,ERR,ERR,ERR,ERR,ERR,ERR,ERR,ERR,ERR,ERR,ERR,ERR,ERR,ERR,ERR,ERR,ERR,ERR,ERR,ERR,ERR,ERR,0.0,-0.0,-0.0,0.0,0.0,1.3936040501711995e+18,7.805,0.0,0,0,4,0,8422,0.0,45,0.0,0.0,0.0,0.0,0.0,0,0,0,0,0.0,0,0,0,0,0,0,0,0,0,0,0,0,0,0,0,0,0,0,0,0,0,0,0,0,0,0,0,0,0,0,0,0,0,38,14,7,45,65476,0,300,0,0,8,21553,0.0,-107605600.0,0.0,0.0,0.0,0.0,0.0,0.0,0.0,0.0,0.0,0.0,0.0,0.0,0.0,0.0,0.0,0.0,0.0,0.0,0.0,0.0,-2.004,-0.0,2.004,-2.004,0.0,0.0,0.0,0.0,5036.0,0.0,0.0,0.0,2.718428759860196e+23,-107615272.0,2.718429120148166e+23,0.0,0.0,0.0,0.0,53,89221.109,0.0,0.0,0.0,0.0,0.0,0.0,0.0,0.0,0,0,0,0.0,0.0,0.0,0.0,0.0,0.0,0.0,0.0,0.0,0.0,0.0,0.0,0.0,0.0,0.0,0.0,0,-107875648.0,53,0.0,106,-107614832.0,0.0,ERR,ERR,ERR,ERR,ERR,ERR,ERR,ERR,ERR,ERR,ERR,ERR,ERR,ERR,ERR,ERR,ERR,ERR,ERR,ERR,ERR,ERR,ERR,ERR,ERR,ERR,ERR,ERR,ERR,ERR,ERR,ERR,ERR,ERR,ERR,ERR,ERR,ERR,ERR,ERR,ERR,ERR,ERR,ERR,ERR,ERR,ERR,ERR,ERR,ERR,ERR,ERR,ERR,ERR,ERR,ERR,ERR,ERR,ERR,ERR,ERR,ERR,ERR,ERR,ERR,ERR,ERR,50.0,60.0,100,0.0,0.0,0.0,0.0,0.0,0.0,0.0,0.0,0.0,0.0,0.0,0.0,0.0,0.0,0.0,0.0,61.6,65,19,65520,50,65476,0,300,0,0,8,20529,65476,0,0,26214,60.0,0.0,0.0,0.0,0.0,0.0
2026-05-17T16:00:34,ERR,ERR,ERR,ERR,ERR,ERR,ERR,ERR,ERR,ERR,ERR,ERR,ERR,ERR,ERR,ERR,ERR,ERR,ERR,ERR,ERR,ERR,ERR,ERR,ERR,ERR,ERR,ERR,ERR,ERR,ERR,ERR,ERR,ERR,ERR,ERR,ERR,ERR,ERR,ERR,ERR,ERR,ERR,ERR,ERR,ERR,ERR,ERR,ERR,ERR,ERR,ERR,ERR,ERR,ERR,ERR,ERR,ERR,ERR,ERR,ERR,ERR,ERR,ERR,ERR,ERR,ERR,ERR,ERR,ERR,ERR,ERR,ERR,ERR,ERR,ERR,ERR,ERR,ERR,ERR,ERR,ERR,ERR,ERR,ERR,ERR,ERR,ERR,ERR,ERR,ERR,ERR,ERR,ERR,ERR,ERR,ERR,ERR,ERR,ERR,ERR,ERR,ERR,ERR,ERR,ERR,ERR,ERR,ERR,ERR,ERR,ERR,ERR,ERR,ERR,ERR,ERR,ERR,ERR,ERR,ERR,ERR,ERR,ERR,ERR,0.0,-0.0,-0.0,0.0,0.0,1.3936040501711995e+18,7.805,0.0,0,0,4,0,8422,0.0,45,0.0,0.0,0.0,0.0,0.0,0,0,0,0,0.0,0,0,0,0,0,0,0,0,0,0,0,0,0,0,0,0,0,0,0,0,0,0,0,0,0,0,0,0,0,0,0,0,0,38,14,7,45,65476,0,300,0,0,8,21553,0.0,-107605600.0,0.0,0.0,0.0,0.0,0.0,0.0,0.0,0.0,0.0,0.0,0.0,0.0,0.0,0.0,0.0,0.0,0.0,0.0,0.0,0.0,-2.004,-0.0,2.004,-2.004,0.0,0.0,0.0,0.0,5036.0,0.0,0.0,0.0,2.718428759860196e+23,-107615272.0,2.718429120148166e+23,0.0,0.0,0.0,0.0,53,89221.109,0.0,0.0,0.0,0.0,0.0,0.0,0.0,0.0,0,0,0,0.0,0.0,0.0,0.0,0.0,0.0,0.0,0.0,0.0,0.0,0.0,0.0,0.0,0.0,0.0,0.0,0,-107875648.0,53,0.0,106,-107614832.0,0.0,ERR,ERR,ERR,ERR,ERR,ERR,ERR,ERR,ERR,ERR,ERR,ERR,ERR,ERR,ERR,ERR,ERR,ERR,ERR,ERR,ERR,ERR,ERR,ERR,ERR,ERR,ERR,ERR,ERR,ERR,ERR,ERR,ERR,ERR,ERR,ERR,ERR,ERR,ERR,ERR,ERR,ERR,ERR,ERR,ERR,ERR,ERR,ERR,ERR,ERR,ERR,ERR,ERR,ERR,ERR,ERR,ERR,ERR,ERR,ERR,ERR,ERR,ERR,ERR,ERR,ERR,ERR,50.0,60.0,100,0.0,0.0,0.0,0.0,0.0,0.0,0.0,0.0,0.0,0.0,0.0,0.0,0.0,0.0,0.0,0.0,61.6,65,19,65520,50,65476,0,300,0,0,8,20529,65476,0,0,26214,60.0,0.0,0.0,0.0,0.0,0.0
2026-05-17T16:00:35,ERR,ERR,ERR,ERR,ERR,ERR,ERR,ERR,ERR,ERR,ERR,ERR,ERR,ERR,ERR,ERR,ERR,ERR,ERR,ERR,ERR,ERR,ERR,ERR,ERR,ERR,ERR,ERR,ERR,ERR,ERR,ERR,ERR,ERR,ERR,ERR,ERR,ERR,ERR,ERR,ERR,ERR,ERR,ERR,ERR,ERR,ERR,ERR,ERR,ERR,ERR,ERR,ERR,ERR,ERR,ERR,ERR,ERR,ERR,ERR,ERR,ERR,ERR,ERR,ERR,ERR,ERR,ERR,ERR,ERR,ERR,ERR,ERR,ERR,ERR,ERR,ERR,ERR,ERR,ERR,ERR,ERR,ERR,ERR,ERR,ERR,ERR,ERR,ERR,ERR,ERR,ERR,ERR,ERR,ERR,ERR,ERR,ERR,ERR,ERR,ERR,ERR,ERR,ERR,ERR,ERR,ERR,ERR,ERR,ERR,ERR,ERR,ERR,ERR,ERR,ERR,ERR,ERR,ERR,ERR,ERR,ERR,ERR,ERR,ERR,0.0,-0.0,-0.0,0.0,0.0,1.3936040501711995e+18,7.805,0.0,0,0,4,0,8422,0.0,45,0.0,0.0,0.0,0.0,0.0,0,0,0,0,0.0,0,0,0,0,0,0,0,0,0,0,0,0,0,0,0,0,0,0,0,0,0,0,0,0,0,0,0,0,0,0,0,0,0,38,14,7,45,65476,0,300,0,0,8,21553,0.0,-107605600.0,0.0,0.0,0.0,0.0,0.0,0.0,0.0,0.0,0.0,0.0,0.0,0.0,0.0,0.0,0.0,0.0,0.0,0.0,0.0,0.0,-2.004,-0.0,2.004,-2.004,0.0,0.0,0.0,0.0,5036.0,0.0,0.0,0.0,2.718428759860196e+23,-107615272.0,2.718429120148166e+23,0.0,0.0,0.0,0.0,53,89221.109,0.0,0.0,0.0,0.0,0.0,0.0,0.0,0.0,0,0,0,0.0,0.0,0.0,0.0,0.0,0.0,0.0,0.0,0.0,0.0,0.0,0.0,0.0,0.0,0.0,0.0,0,-107875648.0,53,0.0,106,-107614832.0,0.0,ERR,ERR,ERR,ERR,ERR,ERR,ERR,ERR,ERR,ERR,ERR,ERR,ERR,ERR,ERR,ERR,ERR,ERR,ERR,ERR,ERR,ERR,ERR,ERR,ERR,ERR,ERR,ERR,ERR,ERR,ERR,ERR,ERR,ERR,ERR,ERR,ERR,ERR,ERR,ERR,ERR,ERR,ERR,ERR,ERR,ERR,ERR,ERR,ERR,ERR,ERR,ERR,ERR,ERR,ERR,ERR,ERR,ERR,ERR,ERR,ERR,ERR,ERR,ERR,ERR,ERR,ERR,50.0,60.0,100,0.0,0.0,0.0,0.0,0.0,0.0,0.0,0.0,0.0,0.0,0.0,0.0,0.0,0.0,0.0,0.0,61.6,65,19,65520,50,65476,0,300,0,0,8,20529,65476,0,0,26214,60.0,0.0,0.0,0.0,0.0,0.0
2026-05-17T16:00:36,ERR,ERR,ERR,ERR,ERR,ERR,ERR,ERR,ERR,ERR,ERR,ERR,ERR,ERR,ERR,ERR,ERR,ERR,ERR,ERR,ERR,ERR,ERR,ERR,ERR,ERR,ERR,ERR,ERR,ERR,ERR,ERR,ERR,ERR,ERR,ERR,ERR,ERR,ERR,ERR,ERR,ERR,ERR,ERR,ERR,ERR,ERR,ERR,ERR,ERR,ERR,ERR,ERR,ERR,ERR,ERR,ERR,ERR,ERR,ERR,ERR,ERR,ERR,ERR,ERR,ERR,ERR,ERR,ERR,ERR,ERR,ERR,ERR,ERR,ERR,ERR,ERR,ERR,ERR,ERR,ERR,ERR,ERR,ERR,ERR,ERR,ERR,ERR,ERR,ERR,ERR,ERR,ERR,ERR,ERR,ERR,ERR,ERR,ERR,ERR,ERR,ERR,ERR,ERR,ERR,ERR,ERR,ERR,ERR,ERR,ERR,ERR,ERR,ERR,ERR,ERR,ERR,ERR,ERR,ERR,ERR,ERR,ERR,ERR,ERR,0.0,-0.0,-0.0,0.0,0.0,1.3936040501711995e+18,7.805,0.0,0,0,4,0,8422,0.0,45,0.0,0.0,0.0,0.0,0.0,0,0,0,0,0.0,0,0,0,0,0,0,0,0,0,0,0,0,0,0,0,0,0,0,0,0,0,0,0,0,0,0,0,0,0,0,0,0,0,38,14,7,45,65476,0,300,0,0,8,21553,0.0,-107605600.0,0.0,0.0,0.0,0.0,0.0,0.0,0.0,0.0,0.0,0.0,0.0,0.0,0.0,0.0,0.0,0.0,0.0,0.0,0.0,0.0,-2.004,-0.0,2.004,-2.004,0.0,0.0,0.0,0.0,5036.0,0.0,0.0,0.0,2.718428759860196e+23,-107615272.0,2.718429120148166e+23,0.0,0.0,0.0,0.0,53,89221.109,0.0,0.0,0.0,0.0,0.0,0.0,0.0,0.0,0,0,0,0.0,0.0,0.0,0.0,0.0,0.0,0.0,0.0,0.0,0.0,0.0,0.0,0.0,0.0,0.0,0.0,0,-107875648.0,53,0.0,106,-107614832.0,0.0,ERR,ERR,ERR,ERR,ERR,ERR,ERR,ERR,ERR,ERR,ERR,ERR,ERR,ERR,ERR,ERR,ERR,ERR,ERR,ERR,ERR,ERR,ERR,ERR,ERR,ERR,ERR,ERR,ERR,ERR,ERR,ERR,ERR,ERR,ERR,ERR,ERR,ERR,ERR,ERR,ERR,ERR,ERR,ERR,ERR,ERR,ERR,ERR,ERR,ERR,ERR,ERR,ERR,ERR,ERR,ERR,ERR,ERR,ERR,ERR,ERR,ERR,ERR,ERR,ERR,ERR,ERR,50.0,60.0,100,0.0,0.0,0.0,0.0,0.0,0.0,0.0,0.0,0.0,0.0,0.0,0.0,0.0,0.0,0.0,0.0,61.6,65,19,65520,50,65476,0,300,0,0,8,20529,65476,0,0,26214,60.0,0.0,0.0,0.0,0.0,0.0
2026-05-17T16:00:37,ERR,ERR,ERR,ERR,ERR,ERR,ERR,ERR,ERR,ERR,ERR,ERR,ERR,ERR,ERR,ERR,ERR,ERR,ERR,ERR,ERR,ERR,ERR,ERR,ERR,ERR,ERR,ERR,ERR,ERR,ERR,ERR,ERR,ERR,ERR,ERR,ERR,ERR,ERR,ERR,ERR,ERR,ERR,ERR,ERR,ERR,ERR,ERR,ERR,ERR,ERR,ERR,ERR,ERR,ERR,ERR,ERR,ERR,ERR,ERR,ERR,ERR,ERR,ERR,ERR,ERR,ERR,ERR,ERR,ERR,ERR,ERR,ERR,ERR,ERR,ERR,ERR,ERR,ERR,ERR,ERR,ERR,ERR,ERR,ERR,ERR,ERR,ERR,ERR,ERR,ERR,ERR,ERR,ERR,ERR,ERR,ERR,ERR,ERR,ERR,ERR,ERR,ERR,ERR,ERR,ERR,ERR,ERR,ERR,ERR,ERR,ERR,ERR,ERR,ERR,ERR,ERR,ERR,ERR,ERR,ERR,ERR,ERR,ERR,ERR,0.0,-0.0,-0.0,0.0,0.0,1.3936040501711995e+18,7.805,0.0,0,0,4,0,8422,0.0,45,0.0,0.0,0.0,0.0,0.0,0,0,0,0,0.0,0,0,0,0,0,0,0,0,0,0,0,0,0,0,0,0,0,0,0,0,0,0,0,0,0,0,0,0,0,0,0,0,0,38,14,7,45,65476,0,300,0,0,8,21553,0.0,-107605600.0,0.0,0.0,0.0,0.0,0.0,0.0,0.0,0.0,0.0,0.0,0.0,0.0,0.0,0.0,0.0,0.0,0.0,0.0,0.0,0.0,-2.004,-0.0,2.004,-2.004,0.0,0.0,0.0,0.0,5036.0,0.0,0.0,0.0,2.718428759860196e+23,-107615272.0,2.718429120148166e+23,0.0,0.0,0.0,0.0,53,89221.109,0.0,0.0,0.0,0.0,0.0,0.0,0.0,0.0,0,0,0,0.0,0.0,0.0,0.0,0.0,0.0,0.0,0.0,0.0,0.0,0.0,0.0,0.0,0.0,0.0,0.0,0,-107875648.0,53,0.0,106,-107614832.0,0.0,ERR,ERR,ERR,ERR,ERR,ERR,ERR,ERR,ERR,ERR,ERR,ERR,ERR,ERR,ERR,ERR,ERR,ERR,ERR,ERR,ERR,ERR,ERR,ERR,ERR,ERR,ERR,ERR,ERR,ERR,ERR,ERR,ERR,ERR,ERR,ERR,ERR,ERR,ERR,ERR,ERR,ERR,ERR,ERR,ERR,ERR,ERR,ERR,ERR,ERR,ERR,ERR,ERR,ERR,ERR,ERR,ERR,ERR,ERR,ERR,ERR,ERR,ERR,ERR,ERR,ERR,ERR,50.0,60.0,100,0.0,0.0,0.0,0.0,0.0,0.0,0.0,0.0,0.0,0.0,0.0,0.0,0.0,0.0,0.0,0.0,61.6,65,19,65520,50,65476,0,300,0,0,8,20529,65476,0,0,26214,60.0,0.0,0.0,0.0,0.0,0.0
2026-05-17T16:00:38,ERR,ERR,ERR,ERR,ERR,ERR,ERR,ERR,ERR,ERR,ERR,ERR,ERR,ERR,ERR,ERR,ERR,ERR,ERR,ERR,ERR,ERR,ERR,ERR,ERR,ERR,ERR,ERR,ERR,ERR,ERR,ERR,ERR,ERR,ERR,ERR,ERR,ERR,ERR,ERR,ERR,ERR,ERR,ERR,ERR,ERR,ERR,ERR,ERR,ERR,ERR,ERR,ERR,ERR,ERR,ERR,ERR,ERR,ERR,ERR,ERR,ERR,ERR,ERR,ERR,ERR,ERR,ERR,ERR,ERR,ERR,ERR,ERR,ERR,ERR,ERR,ERR,ERR,ERR,ERR,ERR,ERR,ERR,ERR,ERR,ERR,ERR,ERR,ERR,ERR,ERR,ERR,ERR,ERR,ERR,ERR,ERR,ERR,ERR,ERR,ERR,ERR,ERR,ERR,ERR,ERR,ERR,ERR,ERR,ERR,ERR,ERR,ERR,ERR,ERR,ERR,ERR,ERR,ERR,ERR,ERR,ERR,ERR,ERR,ERR,0.0,-0.0,-0.0,0.0,0.0,1.3936040501711995e+18,7.805,0.0,0,0,4,0,8422,0.0,45,0.0,0.0,0.0,0.0,0.0,0,0,0,0,0.0,0,0,0,0,0,0,0,0,0,0,0,0,0,0,0,0,0,0,0,0,0,0,0,0,0,0,0,0,0,0,0,0,0,38,14,7,45,65476,0,300,0,0,8,21553,0.0,-107605600.0,0.0,0.0,0.0,0.0,0.0,0.0,0.0,0.0,0.0,0.0,0.0,0.0,0.0,0.0,0.0,0.0,0.0,0.0,0.0,0.0,-2.004,2.004,2.004,-2.004,0.0,0.0,0.0,0.0,5004.0,-0.0,0.0,0.0,-0.0,-107615272.0,2.718429120148166e+23,0.0,0.0,0.0,0.0,53,71.63,4.066853658014554e+29,0.0,0.0,0.0,0.0,0.0,0.0,0.0,0,0,0,0.0,0.0,0.0,0.0,0.0,0.0,0.0,0.0,0.0,0.0,0.0,0.0,0.0,0.0,0.0,0.0,0,-107875648.0,53,0.0,106,-107614832.0,0.0,ERR,ERR,ERR,ERR,ERR,ERR,ERR,ERR,ERR,ERR,ERR,ERR,ERR,ERR,ERR,ERR,ERR,ERR,ERR,ERR,ERR,ERR,ERR,ERR,ERR,ERR,ERR,ERR,ERR,ERR,ERR,ERR,ERR,ERR,ERR,ERR,ERR,ERR,ERR,ERR,ERR,ERR,ERR,ERR,ERR,ERR,ERR,ERR,ERR,ERR,ERR,ERR,ERR,ERR,ERR,ERR,ERR,ERR,ERR,ERR,ERR,ERR,ERR,ERR,ERR,ERR,ERR,50.0,60.0,100,0.0,0.0,0.0,0.0,0.0,0.0,0.0,0.0,0.0,0.0,0.0,0.0,0.0,0.0,0.0,0.0,61.6,65,19,65520,50,65476,0,300,0,0,8,20529,65476,0,0,26214,60.0,0.0,0.0,0.0,0.0,0.0
2026-05-17T16:00:39,ERR,ERR,ERR,ERR,ERR,ERR,ERR,ERR,ERR,ERR,ERR,ERR,ERR,ERR,ERR,ERR,ERR,ERR,ERR,ERR,ERR,ERR,ERR,ERR,ERR,ERR,ERR,ERR,ERR,ERR,ERR,ERR,ERR,ERR,ERR,ERR,ERR,ERR,ERR,ERR,ERR,ERR,ERR,ERR,ERR,ERR,ERR,ERR,ERR,ERR,ERR,ERR,ERR,ERR,ERR,ERR,ERR,ERR,ERR,ERR,ERR,ERR,ERR,ERR,ERR,ERR,ERR,ERR,ERR,ERR,ERR,ERR,ERR,ERR,ERR,ERR,ERR,ERR,ERR,ERR,ERR,ERR,ERR,ERR,ERR,ERR,ERR,ERR,ERR,ERR,ERR,ERR,ERR,ERR,ERR,ERR,ERR,ERR,ERR,ERR,ERR,ERR,ERR,ERR,ERR,ERR,ERR,ERR,ERR,ERR,ERR,ERR,ERR,ERR,ERR,ERR,ERR,ERR,ERR,ERR,ERR,ERR,ERR,ERR,ERR,0.0,-0.0,-0.0,0.0,0.0,1.3936040501711995e+18,7.805,0.0,0,0,4,0,8422,0.0,45,0.0,0.0,0.0,0.0,0.0,0,0,0,0,0.0,0,0,0,0,0,0,0,0,0,0,0,0,0,0,0,0,0,0,0,0,0,0,0,0,0,0,0,0,0,0,0,0,0,38,14,7,45,65476,0,300,0,0,8,21553,0.0,-107605600.0,0.0,0.0,0.0,0.0,0.0,0.0,0.0,0.0,0.0,0.0,0.0,0.0,0.0,0.0,0.0,0.0,0.0,0.0,0.0,0.0,-2.004,2.004,2.004,-2.004,0.0,0.0,0.0,0.0,5004.0,-0.0,0.0,0.0,-0.0,-107615272.0,2.718429120148166e+23,0.0,0.0,0.0,0.0,53,71.63,4.066853658014554e+29,0.0,0.0,0.0,0.0,0.0,0.0,0.0,0,0,0,0.0,0.0,0.0,0.0,0.0,0.0,0.0,0.0,0.0,0.0,0.0,0.0,0.0,0.0,0.0,0.0,0,-107875648.0,53,0.0,106,-107614832.0,0.0,ERR,ERR,ERR,ERR,ERR,ERR,ERR,ERR,ERR,ERR,ERR,ERR,ERR,ERR,ERR,ERR,ERR,ERR,ERR,ERR,ERR,ERR,ERR,ERR,ERR,ERR,ERR,ERR,ERR,ERR,ERR,ERR,ERR,ERR,ERR,ERR,ERR,ERR,ERR,ERR,ERR,ERR,ERR,ERR,ERR,ERR,ERR,ERR,ERR,ERR,ERR,ERR,ERR,ERR,ERR,ERR,ERR,ERR,ERR,ERR,ERR,ERR,ERR,ERR,ERR,ERR,ERR,50.0,60.0,100,0.0,0.0,0.0,0.0,0.0,0.0,0.0,0.0,0.0,0.0,0.0,0.0,0.0,0.0,0.0,0.0,61.6,65,19,65520,50,65476,0,300,0,0,8,20529,65476,0,0,26214,60.0,0.0,0.0,0.0,0.0,0.0
2026-05-17T16:00:40,ERR,ERR,ERR,ERR,ERR,ERR,ERR,ERR,ERR,ERR,ERR,ERR,ERR,ERR,ERR,ERR,ERR,ERR,ERR,ERR,ERR,ERR,ERR,ERR,ERR,ERR,ERR,ERR,ERR,ERR,ERR,ERR,ERR,ERR,ERR,ERR,ERR,ERR,ERR,ERR,ERR,ERR,ERR,ERR,ERR,ERR,ERR,ERR,ERR,ERR,ERR,ERR,ERR,ERR,ERR,ERR,ERR,ERR,ERR,ERR,ERR,ERR,ERR,ERR,ERR,ERR,ERR,ERR,ERR,ERR,ERR,ERR,ERR,ERR,ERR,ERR,ERR,ERR,ERR,ERR,ERR,ERR,ERR,ERR,ERR,ERR,ERR,ERR,ERR,ERR,ERR,ERR,ERR,ERR,ERR,ERR,ERR,ERR,ERR,ERR,ERR,ERR,ERR,ERR,ERR,ERR,ERR,ERR,ERR,ERR,ERR,ERR,ERR,ERR,ERR,ERR,ERR,ERR,ERR,ERR,ERR,ERR,ERR,ERR,ERR,0.0,-0.0,-0.0,0.0,0.0,1.3936040501711995e+18,7.805,0.0,0,0,4,0,8422,0.0,45,0.0,0.0,0.0,0.0,0.0,0,0,0,0,0.0,0,0,0,0,0,0,0,0,0,0,0,0,0,0,0,0,0,0,0,0,0,0,0,0,0,0,0,0,0,0,0,0,0,38,14,7,45,65476,0,300,0,0,8,21553,0.0,-107605600.0,0.0,0.0,0.0,0.0,0.0,0.0,0.0,0.0,0.0,0.0,0.0,0.0,0.0,0.0,0.0,0.0,0.0,0.0,0.0,0.0,-2.004,2.004,2.004,-2.004,0.0,0.0,0.0,0.0,5004.0,-0.0,0.0,0.0,-0.0,-107615272.0,2.718429120148166e+23,0.0,0.0,0.0,0.0,53,71.63,4.066853658014554e+29,0.0,0.0,0.0,0.0,0.0,0.0,0.0,0,0,0,0.0,0.0,0.0,0.0,0.0,0.0,0.0,0.0,0.0,0.0,0.0,0.0,0.0,0.0,0.0,0.0,0,-107875648.0,53,0.0,106,-107614832.0,0.0,ERR,ERR,ERR,ERR,ERR,ERR,ERR,ERR,ERR,ERR,ERR,ERR,ERR,ERR,ERR,ERR,ERR,ERR,ERR,ERR,ERR,ERR,ERR,ERR,ERR,ERR,ERR,ERR,ERR,ERR,ERR,ERR,ERR,ERR,ERR,ERR,ERR,ERR,ERR,ERR,ERR,ERR,ERR,ERR,ERR,ERR,ERR,ERR,ERR,ERR,ERR,ERR,ERR,ERR,ERR,ERR,ERR,ERR,ERR,ERR,ERR,ERR,ERR,ERR,ERR,ERR,ERR,50.0,60.0,100,0.0,0.0,0.0,0.0,0.0,0.0,0.0,0.0,0.0,0.0,0.0,0.0,0.0,0.0,0.0,0.0,61.6,65,19,65520,50,65476,0,300,0,0,8,20529,65476,0,0,26214,60.0,0.0,0.0,0.0,0.0,0.0
2026-05-17T16:00:41,ERR,ERR,ERR,ERR,ERR,ERR,ERR,ERR,ERR,ERR,ERR,ERR,ERR,ERR,ERR,ERR,ERR,ERR,ERR,ERR,ERR,ERR,ERR,ERR,ERR,ERR,ERR,ERR,ERR,ERR,ERR,ERR,ERR,ERR,ERR,ERR,ERR,ERR,ERR,ERR,ERR,ERR,ERR,ERR,ERR,ERR,ERR,ERR,ERR,ERR,ERR,ERR,ERR,ERR,ERR,ERR,ERR,ERR,ERR,ERR,ERR,ERR,ERR,ERR,ERR,ERR,ERR,ERR,ERR,ERR,ERR,ERR,ERR,ERR,ERR,ERR,ERR,ERR,ERR,ERR,ERR,ERR,ERR,ERR,ERR,ERR,ERR,ERR,ERR,ERR,ERR,ERR,ERR,ERR,ERR,ERR,ERR,ERR,ERR,ERR,ERR,ERR,ERR,ERR,ERR,ERR,ERR,ERR,ERR,ERR,ERR,ERR,ERR,ERR,ERR,ERR,ERR,ERR,ERR,ERR,ERR,ERR,ERR,ERR,ERR,0.0,-0.0,-0.0,0.0,0.0,1.3936040501711995e+18,7.805,0.0,0,0,4,0,8422,0.0,45,0.0,0.0,0.0,0.0,0.0,0,0,0,0,0.0,0,0,0,0,0,0,0,0,0,0,0,0,0,0,0,0,0,0,0,0,0,0,0,0,0,0,0,0,0,0,0,0,0,38,14,7,45,65476,0,300,0,0,8,21553,0.0,-107605600.0,0.0,0.0,0.0,0.0,0.0,0.0,0.0,0.0,0.0,0.0,0.0,0.0,0.0,0.0,0.0,0.0,0.0,0.0,0.0,0.0,-2.004,2.004,2.004,-2.004,0.0,0.0,0.0,0.0,5004.0,-0.0,0.0,0.0,-0.0,-107615272.0,2.718429120148166e+23,0.0,0.0,0.0,0.0,53,71.63,4.066853658014554e+29,0.0,0.0,0.0,0.0,0.0,0.0,0.0,0,0,0,0.0,0.0,0.0,0.0,0.0,0.0,0.0,0.0,0.0,0.0,0.0,0.0,0.0,0.0,0.0,0.0,0,-107875648.0,53,0.0,106,-107614832.0,0.0,ERR,ERR,ERR,ERR,ERR,ERR,ERR,ERR,ERR,ERR,ERR,ERR,ERR,ERR,ERR,ERR,ERR,ERR,ERR,ERR,ERR,ERR,ERR,ERR,ERR,ERR,ERR,ERR,ERR,ERR,ERR,ERR,ERR,ERR,ERR,ERR,ERR,ERR,ERR,ERR,ERR,ERR,ERR,ERR,ERR,ERR,ERR,ERR,ERR,ERR,ERR,ERR,ERR,ERR,ERR,ERR,ERR,ERR,ERR,ERR,ERR,ERR,ERR,ERR,ERR,ERR,ERR,50.0,60.0,100,0.0,0.0,0.0,0.0,0.0,0.0,0.0,0.0,0.0,0.0,0.0,0.0,0.0,0.0,0.0,0.0,61.6,65,19,65520,50,65476,0,300,0,0,8,20529,65476,0,0,26214,60.0,0.0,0.0,0.0,0.0,0.0
2026-05-17T16:00:42,ERR,ERR,ERR,ERR,ERR,ERR,ERR,ERR,ERR,ERR,ERR,ERR,ERR,ERR,ERR,ERR,ERR,ERR,ERR,ERR,ERR,ERR,ERR,ERR,ERR,ERR,ERR,ERR,ERR,ERR,ERR,ERR,ERR,ERR,ERR,ERR,ERR,ERR,ERR,ERR,ERR,ERR,ERR,ERR,ERR,ERR,ERR,ERR,ERR,ERR,ERR,ERR,ERR,ERR,ERR,ERR,ERR,ERR,ERR,ERR,ERR,ERR,ERR,ERR,ERR,ERR,ERR,ERR,ERR,ERR,ERR,ERR,ERR,ERR,ERR,ERR,ERR,ERR,ERR,ERR,ERR,ERR,ERR,ERR,ERR,ERR,ERR,ERR,ERR,ERR,ERR,ERR,ERR,ERR,ERR,ERR,ERR,ERR,ERR,ERR,ERR,ERR,ERR,ERR,ERR,ERR,ERR,ERR,ERR,ERR,ERR,ERR,ERR,ERR,ERR,ERR,ERR,ERR,ERR,ERR,ERR,ERR,ERR,ERR,ERR,0.0,-0.0,-0.0,0.0,0.0,1.3936040501711995e+18,7.805,0.0,0,0,4,0,8422,0.0,45,0.0,0.0,0.0,0.0,0.0,0,0,0,0,0.0,0,0,0,0,0,0,0,0,0,0,0,0,0,0,0,0,0,0,0,0,0,0,0,0,0,0,0,0,0,0,0,0,0,38,14,7,45,65476,0,300,0,0,8,21553,0.0,-107605600.0,0.0,0.0,0.0,0.0,0.0,0.0,0.0,0.0,0.0,0.0,0.0,0.0,0.0,0.0,0.0,0.0,0.0,0.0,0.0,0.0,-2.004,2.004,2.004,-2.004,0.0,0.0,0.0,0.0,5004.0,-0.0,0.0,0.0,-0.0,-107615272.0,2.718429120148166e+23,0.0,0.0,0.0,0.0,53,71.63,4.066853658014554e+29,0.0,0.0,0.0,0.0,0.0,0.0,0.0,0,0,0,0.0,0.0,0.0,0.0,0.0,0.0,0.0,0.0,0.0,0.0,0.0,0.0,0.0,0.0,0.0,0.0,0,-107875648.0,53,0.0,106,-107614832.0,0.0,ERR,ERR,ERR,ERR,ERR,ERR,ERR,ERR,ERR,ERR,ERR,ERR,ERR,ERR,ERR,ERR,ERR,ERR,ERR,ERR,ERR,ERR,ERR,ERR,ERR,ERR,ERR,ERR,ERR,ERR,ERR,ERR,ERR,ERR,ERR,ERR,ERR,ERR,ERR,ERR,ERR,ERR,ERR,ERR,ERR,ERR,ERR,ERR,ERR,ERR,ERR,ERR,ERR,ERR,ERR,ERR,ERR,ERR,ERR,ERR,ERR,ERR,ERR,ERR,ERR,ERR,ERR,50.0,60.0,100,0.0,0.0,0.0,0.0,0.0,0.0,0.0,0.0,0.0,0.0,0.0,0.0,0.0,0.0,0.0,0.0,61.6,65,19,65520,50,65476,0,300,0,0,8,20529,65476,0,0,26214,60.0,0.0,0.0,0.0,0.0,0.0
2026-05-17T16:00:43,ERR,ERR,ERR,ERR,ERR,ERR,ERR,ERR,ERR,ERR,ERR,ERR,ERR,ERR,ERR,ERR,ERR,ERR,ERR,ERR,ERR,ERR,ERR,ERR,ERR,ERR,ERR,ERR,ERR,ERR,ERR,ERR,ERR,ERR,ERR,ERR,ERR,ERR,ERR,ERR,ERR,ERR,ERR,ERR,ERR,ERR,ERR,ERR,ERR,ERR,ERR,ERR,ERR,ERR,ERR,ERR,ERR,ERR,ERR,ERR,ERR,ERR,ERR,ERR,ERR,ERR,ERR,ERR,ERR,ERR,ERR,ERR,ERR,ERR,ERR,ERR,ERR,ERR,ERR,ERR,ERR,ERR,ERR,ERR,ERR,ERR,ERR,ERR,ERR,ERR,ERR,ERR,ERR,ERR,ERR,ERR,ERR,ERR,ERR,ERR,ERR,ERR,ERR,ERR,ERR,ERR,ERR,ERR,ERR,ERR,ERR,ERR,ERR,ERR,ERR,ERR,ERR,ERR,ERR,ERR,ERR,ERR,ERR,ERR,ERR,0.0,2.718428759860196e+23,-33618224.0,0.0,0.0,1.3936040501711995e+18,7.805,0.0,0,0,4,0,8422,0.0,45,0.0,0.0,0.0,0.0,0.0,0,0,0,0,0.0,0,0,0,0,0,0,0,0,0,0,0,0,0,0,0,0,0,0,0,0,0,0,0,0,0,0,0,0,0,0,0,0,0,38,14,7,45,65476,0,300,0,0,8,21553,0.0,-107605600.0,0.0,0.0,0.0,0.0,0.0,0.0,0.0,0.0,0.0,0.0,0.0,0.0,0.0,0.0,0.0,0.0,0.0,0.0,0.0,0.0,-2.004,-0.0,2.004,-2.004,0.0,0.0,0.0,0.0,4999.0,-0.0,0.0,0.0,-0.0,-107615272.0,2.718429120148166e+23,0.0,0.0,0.0,0.0,53,0.0,-0.0,0.0,0.0,0.0,0.0,0.0,0.0,0.0,0,0,0,0.0,0.0,0.0,0.0,0.0,0.0,0.0,0.0,0.0,0.0,0.0,0.0,0.0,0.0,0.0,0.0,0,-107875648.0,53,0.0,106,-107614832.0,0.0,ERR,ERR,ERR,ERR,ERR,ERR,ERR,ERR,ERR,ERR,ERR,ERR,ERR,ERR,ERR,ERR,ERR,ERR,ERR,ERR,ERR,ERR,ERR,ERR,ERR,ERR,ERR,ERR,ERR,ERR,ERR,ERR,ERR,ERR,ERR,ERR,ERR,ERR,ERR,ERR,ERR,ERR,ERR,ERR,ERR,ERR,ERR,ERR,ERR,ERR,ERR,ERR,ERR,ERR,ERR,ERR,ERR,ERR,ERR,ERR,ERR,ERR,ERR,ERR,ERR,ERR,ERR,50.0,60.0,100,0.0,0.0,0.0,0.0,0.0,0.0,0.0,0.0,0.0,0.0,0.0,0.0,0.0,0.0,0.0,0.0,61.6,65,19,65520,50,65476,0,300,0,0,8,20529,65476,0,0,26214,60.0,0.0,0.0,0.0,0.0,0.0
2026-05-17T16:00:44,ERR,ERR,ERR,ERR,ERR,ERR,ERR,ERR,ERR,ERR,ERR,ERR,ERR,ERR,ERR,ERR,ERR,ERR,ERR,ERR,ERR,ERR,ERR,ERR,ERR,ERR,ERR,ERR,ERR,ERR,ERR,ERR,ERR,ERR,ERR,ERR,ERR,ERR,ERR,ERR,ERR,ERR,ERR,ERR,ERR,ERR,ERR,ERR,ERR,ERR,ERR,ERR,ERR,ERR,ERR,ERR,ERR,ERR,ERR,ERR,ERR,ERR,ERR,ERR,ERR,ERR,ERR,ERR,ERR,ERR,ERR,ERR,ERR,ERR,ERR,ERR,ERR,ERR,ERR,ERR,ERR,ERR,ERR,ERR,ERR,ERR,ERR,ERR,ERR,ERR,ERR,ERR,ERR,ERR,ERR,ERR,ERR,ERR,ERR,ERR,ERR,ERR,ERR,ERR,ERR,ERR,ERR,ERR,ERR,ERR,ERR,ERR,ERR,ERR,ERR,ERR,ERR,ERR,ERR,ERR,ERR,ERR,ERR,ERR,ERR,0.0,2.718428759860196e+23,-33618224.0,0.0,0.0,1.3936040501711995e+18,7.805,0.0,0,0,4,0,8422,0.0,45,0.0,0.0,0.0,0.0,0.0,0,0,0,0,0.0,0,0,0,0,0,0,0,0,0,0,0,0,0,0,0,0,0,0,0,0,0,0,0,0,0,0,0,0,0,0,0,0,0,38,14,7,45,65476,0,300,0,0,8,21553,0.0,-107605600.0,0.0,0.0,0.0,0.0,0.0,0.0,0.0,0.0,0.0,0.0,0.0,0.0,0.0,0.0,0.0,0.0,0.0,0.0,0.0,0.0,-2.004,-0.0,2.004,-2.004,0.0,0.0,0.0,0.0,4999.0,-0.0,0.0,0.0,-0.0,-107615272.0,2.718429120148166e+23,0.0,0.0,0.0,0.0,53,0.0,-0.0,0.0,0.0,0.0,0.0,0.0,0.0,0.0,0,0,0,0.0,0.0,0.0,0.0,0.0,0.0,0.0,0.0,0.0,0.0,0.0,0.0,0.0,0.0,0.0,0.0,0,-107875648.0,53,0.0,106,-107614832.0,0.0,ERR,ERR,ERR,ERR,ERR,ERR,ERR,ERR,ERR,ERR,ERR,ERR,ERR,ERR,ERR,ERR,ERR,ERR,ERR,ERR,ERR,ERR,ERR,ERR,ERR,ERR,ERR,ERR,ERR,ERR,ERR,ERR,ERR,ERR,ERR,ERR,ERR,ERR,ERR,ERR,ERR,ERR,ERR,ERR,ERR,ERR,ERR,ERR,ERR,ERR,ERR,ERR,ERR,ERR,ERR,ERR,ERR,ERR,ERR,ERR,ERR,ERR,ERR,ERR,ERR,ERR,ERR,50.0,60.0,100,0.0,0.0,0.0,0.0,0.0,0.0,0.0,0.0,0.0,0.0,0.0,0.0,0.0,0.0,0.0,0.0,61.6,65,19,65520,50,65476,0,300,0,0,8,20529,65476,0,0,26214,60.0,0.0,0.0,0.0,0.0,0.0
2026-05-17T16:00:45,ERR,ERR,ERR,ERR,ERR,ERR,ERR,ERR,ERR,ERR,ERR,ERR,ERR,ERR,ERR,ERR,ERR,ERR,ERR,ERR,ERR,ERR,ERR,ERR,ERR,ERR,ERR,ERR,ERR,ERR,ERR,ERR,ERR,ERR,ERR,ERR,ERR,ERR,ERR,ERR,ERR,ERR,ERR,ERR,ERR,ERR,ERR,ERR,ERR,ERR,ERR,ERR,ERR,ERR,ERR,ERR,ERR,ERR,ERR,ERR,ERR,ERR,ERR,ERR,ERR,ERR,ERR,ERR,ERR,ERR,ERR,ERR,ERR,ERR,ERR,ERR,ERR,ERR,ERR,ERR,ERR,ERR,ERR,ERR,ERR,ERR,ERR,ERR,ERR,ERR,ERR,ERR,ERR,ERR,ERR,ERR,ERR,ERR,ERR,ERR,ERR,ERR,ERR,ERR,ERR,ERR,ERR,ERR,ERR,ERR,ERR,ERR,ERR,ERR,ERR,ERR,ERR,ERR,ERR,ERR,ERR,ERR,ERR,ERR,ERR,0.0,2.718428759860196e+23,-33618224.0,0.0,0.0,1.3936040501711995e+18,7.805,0.0,0,0,4,0,8422,0.0,45,0.0,0.0,0.0,0.0,0.0,0,0,0,0,0.0,0,0,0,0,0,0,0,0,0,0,0,0,0,0,0,0,0,0,0,0,0,0,0,0,0,0,0,0,0,0,0,0,0,38,14,7,45,65476,0,300,0,0,8,21553,0.0,-107605600.0,0.0,0.0,0.0,0.0,0.0,0.0,0.0,0.0,0.0,0.0,0.0,0.0,0.0,0.0,0.0,0.0,0.0,0.0,0.0,0.0,-2.004,-0.0,2.004,-2.004,0.0,0.0,0.0,0.0,4999.0,-0.0,0.0,0.0,-0.0,-107615272.0,2.718429120148166e+23,0.0,0.0,0.0,0.0,53,0.0,-0.0,0.0,0.0,0.0,0.0,0.0,0.0,0.0,0,0,0,0.0,0.0,0.0,0.0,0.0,0.0,0.0,0.0,0.0,0.0,0.0,0.0,0.0,0.0,0.0,0.0,0,-107875648.0,53,0.0,106,-107614832.0,0.0,ERR,ERR,ERR,ERR,ERR,ERR,ERR,ERR,ERR,ERR,ERR,ERR,ERR,ERR,ERR,ERR,ERR,ERR,ERR,ERR,ERR,ERR,ERR,ERR,ERR,ERR,ERR,ERR,ERR,ERR,ERR,ERR,ERR,ERR,ERR,ERR,ERR,ERR,ERR,ERR,ERR,ERR,ERR,ERR,ERR,ERR,ERR,ERR,ERR,ERR,ERR,ERR,ERR,ERR,ERR,ERR,ERR,ERR,ERR,ERR,ERR,ERR,ERR,ERR,ERR,ERR,ERR,50.0,60.0,100,0.0,0.0,0.0,0.0,0.0,0.0,0.0,0.0,0.0,0.0,0.0,0.0,0.0,0.0,0.0,0.0,62.0,65,19,65520,50,65476,0,300,0,0,8,20529,65476,0,0,26214,60.0,0.0,0.0,0.0,0.0,0.0
2026-05-17T16:00:46,ERR,ERR,ERR,ERR,ERR,ERR,ERR,ERR,ERR,ERR,ERR,ERR,ERR,ERR,ERR,ERR,ERR,ERR,ERR,ERR,ERR,ERR,ERR,ERR,ERR,ERR,ERR,ERR,ERR,ERR,ERR,ERR,ERR,ERR,ERR,ERR,ERR,ERR,ERR,ERR,ERR,ERR,ERR,ERR,ERR,ERR,ERR,ERR,ERR,ERR,ERR,ERR,ERR,ERR,ERR,ERR,ERR,ERR,ERR,ERR,ERR,ERR,ERR,ERR,ERR,ERR,ERR,ERR,ERR,ERR,ERR,ERR,ERR,ERR,ERR,ERR,ERR,ERR,ERR,ERR,ERR,ERR,ERR,ERR,ERR,ERR,ERR,ERR,ERR,ERR,ERR,ERR,ERR,ERR,ERR,ERR,ERR,ERR,ERR,ERR,ERR,ERR,ERR,ERR,ERR,ERR,ERR,ERR,ERR,ERR,ERR,ERR,ERR,ERR,ERR,ERR,ERR,ERR,ERR,ERR,ERR,ERR,ERR,ERR,ERR,0.0,2.718428759860196e+23,-33618224.0,0.0,0.0,1.3936040501711995e+18,7.805,0.0,0,0,4,0,8422,0.0,45,0.0,0.0,0.0,0.0,0.0,0,0,0,0,0.0,0,0,0,0,0,0,0,0,0,0,0,0,0,0,0,0,0,0,0,0,0,0,0,0,0,0,0,0,0,0,0,0,0,38,14,7,45,65476,0,300,0,0,8,21553,0.0,-107605600.0,0.0,0.0,0.0,0.0,0.0,0.0,0.0,0.0,0.0,0.0,0.0,0.0,0.0,0.0,0.0,0.0,0.0,0.0,0.0,0.0,-2.004,-0.0,2.004,-2.004,0.0,0.0,0.0,0.0,4999.0,-0.0,0.0,0.0,-0.0,-107615272.0,2.718429120148166e+23,0.0,0.0,0.0,0.0,53,0.0,-0.0,0.0,0.0,0.0,0.0,0.0,0.0,0.0,0,0,0,0.0,0.0,0.0,0.0,0.0,0.0,0.0,0.0,0.0,0.0,0.0,0.0,0.0,0.0,0.0,0.0,0,-107875648.0,53,0.0,106,-107614832.0,0.0,ERR,ERR,ERR,ERR,ERR,ERR,ERR,ERR,ERR,ERR,ERR,ERR,ERR,ERR,ERR,ERR,ERR,ERR,ERR,ERR,ERR,ERR,ERR,ERR,ERR,ERR,ERR,ERR,ERR,ERR,ERR,ERR,ERR,ERR,ERR,ERR,ERR,ERR,ERR,ERR,ERR,ERR,ERR,ERR,ERR,ERR,ERR,ERR,ERR,ERR,ERR,ERR,ERR,ERR,ERR,ERR,ERR,ERR,ERR,ERR,ERR,ERR,ERR,ERR,ERR,ERR,ERR,50.0,60.0,100,0.0,0.0,0.0,0.0,0.0,0.0,0.0,0.0,0.0,0.0,0.0,0.0,0.0,0.0,0.0,0.0,62.0,65,19,65520,50,65476,0,300,0,0,8,20529,65476,0,0,26214,60.0,0.0,0.0,0.0,0.0,0.0
2026-05-17T16:00:47,ERR,ERR,ERR,ERR,ERR,ERR,ERR,ERR,ERR,ERR,ERR,ERR,ERR,ERR,ERR,ERR,ERR,ERR,ERR,ERR,ERR,ERR,ERR,ERR,ERR,ERR,ERR,ERR,ERR,ERR,ERR,ERR,ERR,ERR,ERR,ERR,ERR,ERR,ERR,ERR,ERR,ERR,ERR,ERR,ERR,ERR,ERR,ERR,ERR,ERR,ERR,ERR,ERR,ERR,ERR,ERR,ERR,ERR,ERR,ERR,ERR,ERR,ERR,ERR,ERR,ERR,ERR,ERR,ERR,ERR,ERR,ERR,ERR,ERR,ERR,ERR,ERR,ERR,ERR,ERR,ERR,ERR,ERR,ERR,ERR,ERR,ERR,ERR,ERR,ERR,ERR,ERR,ERR,ERR,ERR,ERR,ERR,ERR,ERR,ERR,ERR,ERR,ERR,ERR,ERR,ERR,ERR,ERR,ERR,ERR,ERR,ERR,ERR,ERR,ERR,ERR,ERR,ERR,ERR,ERR,ERR,ERR,ERR,ERR,ERR,0.0,2.718428759860196e+23,-33618224.0,0.0,0.0,1.3936040501711995e+18,7.805,0.0,0,0,4,0,8422,0.0,45,0.0,0.0,0.0,0.0,0.0,0,0,0,0,0.0,0,0,0,0,0,0,0,0,0,0,0,0,0,0,0,0,0,0,0,0,0,0,0,0,0,0,0,0,0,0,0,0,0,38,14,7,45,65476,0,300,0,0,8,21553,0.0,-107605600.0,0.0,0.0,0.0,0.0,0.0,0.0,0.0,0.0,0.0,0.0,0.0,0.0,0.0,0.0,0.0,0.0,0.0,0.0,0.0,0.0,-2.004,-0.0,2.004,-2.004,0.0,0.0,0.0,0.0,4999.0,-0.0,0.0,0.0,-0.0,-107615272.0,2.718429120148166e+23,0.0,0.0,0.0,0.0,53,0.0,-0.0,0.0,0.0,0.0,0.0,0.0,0.0,0.0,0,0,0,0.0,0.0,0.0,0.0,0.0,0.0,0.0,0.0,0.0,0.0,0.0,0.0,0.0,0.0,0.0,0.0,0,-107875648.0,53,0.0,106,-107614832.0,0.0,ERR,ERR,ERR,ERR,ERR,ERR,ERR,ERR,ERR,ERR,ERR,ERR,ERR,ERR,ERR,ERR,ERR,ERR,ERR,ERR,ERR,ERR,ERR,ERR,ERR,ERR,ERR,ERR,ERR,ERR,ERR,ERR,ERR,ERR,ERR,ERR,ERR,ERR,ERR,ERR,ERR,ERR,ERR,ERR,ERR,ERR,ERR,ERR,ERR,ERR,ERR,ERR,ERR,ERR,ERR,ERR,ERR,ERR,ERR,ERR,ERR,ERR,ERR,ERR,ERR,ERR,ERR,50.0,60.0,100,0.0,0.0,0.0,0.0,0.0,0.0,0.0,0.0,0.0,0.0,0.0,0.0,0.0,0.0,0.0,0.0,62.0,65,19,65520,50,65476,0,300,0,0,8,20529,65476,0,0,26214,60.0,0.0,0.0,0.0,0.0,0.0
2026-05-17T16:00:48,ERR,ERR,ERR,ERR,ERR,ERR,ERR,ERR,ERR,ERR,ERR,ERR,ERR,ERR,ERR,ERR,ERR,ERR,ERR,ERR,ERR,ERR,ERR,ERR,ERR,ERR,ERR,ERR,ERR,ERR,ERR,ERR,ERR,ERR,ERR,ERR,ERR,ERR,ERR,ERR,ERR,ERR,ERR,ERR,ERR,ERR,ERR,ERR,ERR,ERR,ERR,ERR,ERR,ERR,ERR,ERR,ERR,ERR,ERR,ERR,ERR,ERR,ERR,ERR,ERR,ERR,ERR,ERR,ERR,ERR,ERR,ERR,ERR,ERR,ERR,ERR,ERR,ERR,ERR,ERR,ERR,ERR,ERR,ERR,ERR,ERR,ERR,ERR,ERR,ERR,ERR,ERR,ERR,ERR,ERR,ERR,ERR,ERR,ERR,ERR,ERR,ERR,ERR,ERR,ERR,ERR,ERR,ERR,ERR,ERR,ERR,ERR,ERR,ERR,ERR,ERR,ERR,ERR,ERR,ERR,ERR,ERR,ERR,ERR,ERR,0.0,-0.0,-0.0,0.0,0.0,1.3936040501711995e+18,7.805,0.0,0,0,4,0,8422,0.0,45,0.0,0.0,0.0,0.0,0.0,0,0,0,0,0.0,0,0,0,0,0,0,0,0,0,0,0,0,0,0,0,0,0,0,0,0,0,0,0,0,0,0,0,0,0,0,0,0,0,38,14,7,45,65476,0,300,0,0,8,21553,0.0,-107605600.0,0.0,0.0,0.0,0.0,0.0,0.0,0.0,0.0,0.0,0.0,0.0,0.0,0.0,0.0,0.0,0.0,0.0,0.0,0.0,0.0,-2.004,-0.0,2.004,-2.004,0.0,0.0,0.0,0.0,5036.0,0.0,0.0,0.0,-0.0,-107615272.0,2.718429120148166e+23,0.0,0.0,0.0,0.0,53,1.9056979486756045e+17,0.0,0.0,0.0,0.0,0.0,0.0,0.0,0.0,0,0,0,0.0,0.0,0.0,0.0,0.0,0.0,0.0,0.0,0.0,0.0,0.0,0.0,0.0,0.0,0.0,0.0,0,-107875648.0,53,0.0,106,-107614832.0,0.0,ERR,ERR,ERR,ERR,ERR,ERR,ERR,ERR,ERR,ERR,ERR,ERR,ERR,ERR,ERR,ERR,ERR,ERR,ERR,ERR,ERR,ERR,ERR,ERR,ERR,ERR,ERR,ERR,ERR,ERR,ERR,ERR,ERR,ERR,ERR,ERR,ERR,ERR,ERR,ERR,ERR,ERR,ERR,ERR,ERR,ERR,ERR,ERR,ERR,ERR,ERR,ERR,ERR,ERR,ERR,ERR,ERR,ERR,ERR,ERR,ERR,ERR,ERR,ERR,ERR,ERR,ERR,50.0,60.0,100,0.0,0.0,0.0,0.0,0.0,0.0,0.0,0.0,0.0,0.0,0.0,0.0,0.0,0.0,0.0,0.0,61.6,65,19,65520,50,65476,0,300,0,0,8,20529,65476,0,0,26214,60.0,0.0,0.0,0.0,0.0,0.0
2026-05-17T16:00:49,ERR,ERR,ERR,ERR,ERR,ERR,ERR,ERR,ERR,ERR,ERR,ERR,ERR,ERR,ERR,ERR,ERR,ERR,ERR,ERR,ERR,ERR,ERR,ERR,ERR,ERR,ERR,ERR,ERR,ERR,ERR,ERR,ERR,ERR,ERR,ERR,ERR,ERR,ERR,ERR,ERR,ERR,ERR,ERR,ERR,ERR,ERR,ERR,ERR,ERR,ERR,ERR,ERR,ERR,ERR,ERR,ERR,ERR,ERR,ERR,ERR,ERR,ERR,ERR,ERR,ERR,ERR,ERR,ERR,ERR,ERR,ERR,ERR,ERR,ERR,ERR,ERR,ERR,ERR,ERR,ERR,ERR,ERR,ERR,ERR,ERR,ERR,ERR,ERR,ERR,ERR,ERR,ERR,ERR,ERR,ERR,ERR,ERR,ERR,ERR,ERR,ERR,ERR,ERR,ERR,ERR,ERR,ERR,ERR,ERR,ERR,ERR,ERR,ERR,ERR,ERR,ERR,ERR,ERR,ERR,ERR,ERR,ERR,ERR,ERR,0.0,-0.0,-0.0,0.0,0.0,1.3936040501711995e+18,7.805,0.0,0,0,4,0,8422,0.0,45,0.0,0.0,0.0,0.0,0.0,0,0,0,0,0.0,0,0,0,0,0,0,0,0,0,0,0,0,0,0,0,0,0,0,0,0,0,0,0,0,0,0,0,0,0,0,0,0,0,38,14,7,45,65476,0,300,0,0,8,21553,0.0,-107605600.0,0.0,0.0,0.0,0.0,0.0,0.0,0.0,0.0,0.0,0.0,0.0,0.0,0.0,0.0,0.0,0.0,0.0,0.0,0.0,0.0,-2.004,-0.0,2.004,-2.004,0.0,0.0,0.0,0.0,5036.0,0.0,0.0,0.0,-0.0,-107615272.0,2.718429120148166e+23,0.0,0.0,0.0,0.0,53,1.9056979486756045e+17,0.0,0.0,0.0,0.0,0.0,0.0,0.0,0.0,0,0,0,0.0,0.0,0.0,0.0,0.0,0.0,0.0,0.0,0.0,0.0,0.0,0.0,0.0,0.0,0.0,0.0,0,-107875648.0,53,0.0,106,-107614832.0,0.0,ERR,ERR,ERR,ERR,ERR,ERR,ERR,ERR,ERR,ERR,ERR,ERR,ERR,ERR,ERR,ERR,ERR,ERR,ERR,ERR,ERR,ERR,ERR,ERR,ERR,ERR,ERR,ERR,ERR,ERR,ERR,ERR,ERR,ERR,ERR,ERR,ERR,ERR,ERR,ERR,ERR,ERR,ERR,ERR,ERR,ERR,ERR,ERR,ERR,ERR,ERR,ERR,ERR,ERR,ERR,ERR,ERR,ERR,ERR,ERR,ERR,ERR,ERR,ERR,ERR,ERR,ERR,50.0,60.0,100,0.0,0.0,0.0,0.0,0.0,0.0,0.0,0.0,0.0,0.0,0.0,0.0,0.0,0.0,0.0,0.0,61.6,65,19,65520,50,65476,0,300,0,0,8,20529,65476,0,0,26214,60.0,0.0,0.0,0.0,0.0,0.0
2026-05-17T16:00:50,ERR,ERR,ERR,ERR,ERR,ERR,ERR,ERR,ERR,ERR,ERR,ERR,ERR,ERR,ERR,ERR,ERR,ERR,ERR,ERR,ERR,ERR,ERR,ERR,ERR,ERR,ERR,ERR,ERR,ERR,ERR,ERR,ERR,ERR,ERR,ERR,ERR,ERR,ERR,ERR,ERR,ERR,ERR,ERR,ERR,ERR,ERR,ERR,ERR,ERR,ERR,ERR,ERR,ERR,ERR,ERR,ERR,ERR,ERR,ERR,ERR,ERR,ERR,ERR,ERR,ERR,ERR,ERR,ERR,ERR,ERR,ERR,ERR,ERR,ERR,ERR,ERR,ERR,ERR,ERR,ERR,ERR,ERR,ERR,ERR,ERR,ERR,ERR,ERR,ERR,ERR,ERR,ERR,ERR,ERR,ERR,ERR,ERR,ERR,ERR,ERR,ERR,ERR,ERR,ERR,ERR,ERR,ERR,ERR,ERR,ERR,ERR,ERR,ERR,ERR,ERR,ERR,ERR,ERR,ERR,ERR,ERR,ERR,ERR,ERR,0.0,-0.0,-0.0,0.0,0.0,1.3936040501711995e+18,7.805,0.0,0,0,4,0,8422,0.0,45,0.0,0.0,0.0,0.0,0.0,0,0,0,0,0.0,0,0,0,0,0,0,0,0,0,0,0,0,0,0,0,0,0,0,0,0,0,0,0,0,0,0,0,0,0,0,0,0,0,38,14,7,45,65476,0,300,0,0,8,21553,0.0,-107605600.0,0.0,0.0,0.0,0.0,0.0,0.0,0.0,0.0,0.0,0.0,0.0,0.0,0.0,0.0,0.0,0.0,0.0,0.0,0.0,0.0,-2.004,-0.0,2.004,-2.004,0.0,0.0,0.0,0.0,5036.0,0.0,0.0,0.0,-0.0,-107615272.0,2.718429120148166e+23,0.0,0.0,0.0,0.0,53,1.9056979486756045e+17,0.0,0.0,0.0,0.0,0.0,0.0,0.0,0.0,0,0,0,0.0,0.0,0.0,0.0,0.0,0.0,0.0,0.0,0.0,0.0,0.0,0.0,0.0,0.0,0.0,0.0,0,-107875648.0,53,0.0,106,-107614832.0,0.0,ERR,ERR,ERR,ERR,ERR,ERR,ERR,ERR,ERR,ERR,ERR,ERR,ERR,ERR,ERR,ERR,ERR,ERR,ERR,ERR,ERR,ERR,ERR,ERR,ERR,ERR,ERR,ERR,ERR,ERR,ERR,ERR,ERR,ERR,ERR,ERR,ERR,ERR,ERR,ERR,ERR,ERR,ERR,ERR,ERR,ERR,ERR,ERR,ERR,ERR,ERR,ERR,ERR,ERR,ERR,ERR,ERR,ERR,ERR,ERR,ERR,ERR,ERR,ERR,ERR,ERR,ERR,50.0,60.0,100,0.0,0.0,0.0,0.0,0.0,0.0,0.0,0.0,0.0,0.0,0.0,0.0,0.0,0.0,0.0,0.0,61.6,65,19,65520,50,65476,0,300,0,0,8,20529,65476,0,0,26214,60.0,0.0,0.0,0.0,0.0,0.0
2026-05-17T16:00:51,ERR,ERR,ERR,ERR,ERR,ERR,ERR,ERR,ERR,ERR,ERR,ERR,ERR,ERR,ERR,ERR,ERR,ERR,ERR,ERR,ERR,ERR,ERR,ERR,ERR,ERR,ERR,ERR,ERR,ERR,ERR,ERR,ERR,ERR,ERR,ERR,ERR,ERR,ERR,ERR,ERR,ERR,ERR,ERR,ERR,ERR,ERR,ERR,ERR,ERR,ERR,ERR,ERR,ERR,ERR,ERR,ERR,ERR,ERR,ERR,ERR,ERR,ERR,ERR,ERR,ERR,ERR,ERR,ERR,ERR,ERR,ERR,ERR,ERR,ERR,ERR,ERR,ERR,ERR,ERR,ERR,ERR,ERR,ERR,ERR,ERR,ERR,ERR,ERR,ERR,ERR,ERR,ERR,ERR,ERR,ERR,ERR,ERR,ERR,ERR,ERR,ERR,ERR,ERR,ERR,ERR,ERR,ERR,ERR,ERR,ERR,ERR,ERR,ERR,ERR,ERR,ERR,ERR,ERR,ERR,ERR,ERR,ERR,ERR,ERR,0.0,-0.0,-0.0,0.0,0.0,1.3936040501711995e+18,7.805,0.0,0,0,4,0,8422,0.0,45,0.0,0.0,0.0,0.0,0.0,0,0,0,0,0.0,0,0,0,0,0,0,0,0,0,0,0,0,0,0,0,0,0,0,0,0,0,0,0,0,0,0,0,0,0,0,0,0,0,38,14,7,45,65476,0,300,0,0,8,21553,0.0,-107605600.0,0.0,0.0,0.0,0.0,0.0,0.0,0.0,0.0,0.0,0.0,0.0,0.0,0.0,0.0,0.0,0.0,0.0,0.0,0.0,0.0,-2.004,-0.0,2.004,-2.004,0.0,0.0,0.0,0.0,5036.0,0.0,0.0,0.0,-0.0,-107615272.0,2.718429120148166e+23,0.0,0.0,0.0,0.0,53,1.9056979486756045e+17,0.0,0.0,0.0,0.0,0.0,0.0,0.0,0.0,0,0,0,0.0,0.0,0.0,0.0,0.0,0.0,0.0,0.0,0.0,0.0,0.0,0.0,0.0,0.0,0.0,0.0,0,-107875648.0,53,0.0,106,-107614832.0,0.0,ERR,ERR,ERR,ERR,ERR,ERR,ERR,ERR,ERR,ERR,ERR,ERR,ERR,ERR,ERR,ERR,ERR,ERR,ERR,ERR,ERR,ERR,ERR,ERR,ERR,ERR,ERR,ERR,ERR,ERR,ERR,ERR,ERR,ERR,ERR,ERR,ERR,ERR,ERR,ERR,ERR,ERR,ERR,ERR,ERR,ERR,ERR,ERR,ERR,ERR,ERR,ERR,ERR,ERR,ERR,ERR,ERR,ERR,ERR,ERR,ERR,ERR,ERR,ERR,ERR,ERR,ERR,50.0,60.0,100,0.0,0.0,0.0,0.0,0.0,0.0,0.0,0.0,0.0,0.0,0.0,0.0,0.0,0.0,0.0,0.0,61.6,65,19,65520,50,65476,0,300,0,0,8,20529,65476,0,0,26214,60.0,0.0,0.0,0.0,0.0,0.0
2026-05-17T16:00:52,ERR,ERR,ERR,ERR,ERR,ERR,ERR,ERR,ERR,ERR,ERR,ERR,ERR,ERR,ERR,ERR,ERR,ERR,ERR,ERR,ERR,ERR,ERR,ERR,ERR,ERR,ERR,ERR,ERR,ERR,ERR,ERR,ERR,ERR,ERR,ERR,ERR,ERR,ERR,ERR,ERR,ERR,ERR,ERR,ERR,ERR,ERR,ERR,ERR,ERR,ERR,ERR,ERR,ERR,ERR,ERR,ERR,ERR,ERR,ERR,ERR,ERR,ERR,ERR,ERR,ERR,ERR,ERR,ERR,ERR,ERR,ERR,ERR,ERR,ERR,ERR,ERR,ERR,ERR,ERR,ERR,ERR,ERR,ERR,ERR,ERR,ERR,ERR,ERR,ERR,ERR,ERR,ERR,ERR,ERR,ERR,ERR,ERR,ERR,ERR,ERR,ERR,ERR,ERR,ERR,ERR,ERR,ERR,ERR,ERR,ERR,ERR,ERR,ERR,ERR,ERR,ERR,ERR,ERR,ERR,ERR,ERR,ERR,ERR,ERR,0.0,-0.0,-0.0,0.0,0.0,1.3936040501711995e+18,7.805,0.0,0,0,4,0,8422,0.0,45,0.0,0.0,0.0,0.0,0.0,0,0,0,0,0.0,0,0,0,0,0,0,0,0,0,0,0,0,0,0,0,0,0,0,0,0,0,0,0,0,0,0,0,0,0,0,0,0,0,38,14,7,45,65476,0,300,0,0,8,21553,0.0,-107605600.0,0.0,0.0,0.0,0.0,0.0,0.0,0.0,0.0,0.0,0.0,0.0,0.0,0.0,0.0,0.0,0.0,0.0,0.0,0.0,0.0,-2.004,-0.0,2.004,-2.004,0.0,0.0,0.0,0.0,5036.0,0.0,0.0,0.0,-0.0,-107615272.0,2.718429120148166e+23,0.0,0.0,0.0,0.0,53,1.9056979486756045e+17,0.0,0.0,0.0,0.0,0.0,0.0,0.0,0.0,0,0,0,0.0,0.0,0.0,0.0,0.0,0.0,0.0,0.0,0.0,0.0,0.0,0.0,0.0,0.0,0.0,0.0,0,-107875648.0,53,0.0,106,-107614832.0,0.0,ERR,ERR,ERR,ERR,ERR,ERR,ERR,ERR,ERR,ERR,ERR,ERR,ERR,ERR,ERR,ERR,ERR,ERR,ERR,ERR,ERR,ERR,ERR,ERR,ERR,ERR,ERR,ERR,ERR,ERR,ERR,ERR,ERR,ERR,ERR,ERR,ERR,ERR,ERR,ERR,ERR,ERR,ERR,ERR,ERR,ERR,ERR,ERR,ERR,ERR,ERR,ERR,ERR,ERR,ERR,ERR,ERR,ERR,ERR,ERR,ERR,ERR,ERR,ERR,ERR,ERR,ERR,50.0,60.0,100,0.0,0.0,0.0,0.0,0.0,0.0,0.0,0.0,0.0,0.0,0.0,0.0,0.0,0.0,0.0,0.0,62.0,65,19,65520,50,65476,0,300,0,0,8,20529,65476,0,0,26214,60.0,0.0,0.0,0.0,0.0,0.0
2026-05-17T16:00:53,ERR,ERR,ERR,ERR,ERR,ERR,ERR,ERR,ERR,ERR,ERR,ERR,ERR,ERR,ERR,ERR,ERR,ERR,ERR,ERR,ERR,ERR,ERR,ERR,ERR,ERR,ERR,ERR,ERR,ERR,ERR,ERR,ERR,ERR,ERR,ERR,ERR,ERR,ERR,ERR,ERR,ERR,ERR,ERR,ERR,ERR,ERR,ERR,ERR,ERR,ERR,ERR,ERR,ERR,ERR,ERR,ERR,ERR,ERR,ERR,ERR,ERR,ERR,ERR,ERR,ERR,ERR,ERR,ERR,ERR,ERR,ERR,ERR,ERR,ERR,ERR,ERR,ERR,ERR,ERR,ERR,ERR,ERR,ERR,ERR,ERR,ERR,ERR,ERR,ERR,ERR,ERR,ERR,ERR,ERR,ERR,ERR,ERR,ERR,ERR,ERR,ERR,ERR,ERR,ERR,ERR,ERR,ERR,ERR,ERR,ERR,ERR,ERR,ERR,ERR,ERR,ERR,ERR,ERR,ERR,ERR,ERR,ERR,ERR,ERR,0.0,-0.0,-0.0,0.0,0.0,1.3936040501711995e+18,7.805,0.0,0,0,4,0,8422,0.0,45,0.0,0.0,0.0,0.0,0.0,0,0,0,0,0.0,0,0,0,0,0,0,0,0,0,0,0,0,0,0,0,0,0,0,0,0,0,0,0,0,0,0,0,0,0,0,0,0,0,38,14,7,45,65476,0,300,0,0,8,21553,0.0,-107605600.0,0.0,0.0,0.0,0.0,0.0,0.0,0.0,0.0,0.0,0.0,0.0,0.0,0.0,0.0,0.0,0.0,0.0,0.0,0.0,0.0,-2.004,-0.0,2.004,-2.004,0.0,0.0,0.0,0.0,5005.0,-131350.438,0.0,0.0,-0.0,-107615272.0,2.718429120148166e+23,0.0,0.0,0.0,0.0,53,2.3088403658719416e+20,5.848055683159391e+35,0.0,0.0,0.0,0.0,0.0,0.0,0.0,0,0,0,0.0,0.0,0.0,0.0,0.0,0.0,0.0,0.0,0.0,0.0,0.0,0.0,0.0,0.0,0.0,0.0,0,-107875648.0,53,0.0,106,-107614832.0,0.0,ERR,ERR,ERR,ERR,ERR,ERR,ERR,ERR,ERR,ERR,ERR,ERR,ERR,ERR,ERR,ERR,ERR,ERR,ERR,ERR,ERR,ERR,ERR,ERR,ERR,ERR,ERR,ERR,ERR,ERR,ERR,ERR,ERR,ERR,ERR,ERR,ERR,ERR,ERR,ERR,ERR,ERR,ERR,ERR,ERR,ERR,ERR,ERR,ERR,ERR,ERR,ERR,ERR,ERR,ERR,ERR,ERR,ERR,ERR,ERR,ERR,ERR,ERR,ERR,ERR,ERR,ERR,50.0,60.0,100,0.0,0.0,0.0,0.0,0.0,0.0,0.0,0.0,0.0,0.0,0.0,0.0,0.0,0.0,0.0,0.0,61.6,65,19,65520,50,65476,0,300,0,0,8,20529,65476,0,0,26214,60.0,0.0,0.0,0.0,0.0,0.0
2026-05-17T16:00:54,ERR,ERR,ERR,ERR,ERR,ERR,ERR,ERR,ERR,ERR,ERR,ERR,ERR,ERR,ERR,ERR,ERR,ERR,ERR,ERR,ERR,ERR,ERR,ERR,ERR,ERR,ERR,ERR,ERR,ERR,ERR,ERR,ERR,ERR,ERR,ERR,ERR,ERR,ERR,ERR,ERR,ERR,ERR,ERR,ERR,ERR,ERR,ERR,ERR,ERR,ERR,ERR,ERR,ERR,ERR,ERR,ERR,ERR,ERR,ERR,ERR,ERR,ERR,ERR,ERR,ERR,ERR,ERR,ERR,ERR,ERR,ERR,ERR,ERR,ERR,ERR,ERR,ERR,ERR,ERR,ERR,ERR,ERR,ERR,ERR,ERR,ERR,ERR,ERR,ERR,ERR,ERR,ERR,ERR,ERR,ERR,ERR,ERR,ERR,ERR,ERR,ERR,ERR,ERR,ERR,ERR,ERR,ERR,ERR,ERR,ERR,ERR,ERR,ERR,ERR,ERR,ERR,ERR,ERR,ERR,ERR,ERR,ERR,ERR,ERR,0.0,-0.0,-0.0,0.0,0.0,1.3936040501711995e+18,7.805,0.0,0,0,4,0,8422,0.0,45,0.0,0.0,0.0,0.0,0.0,0,0,0,0,0.0,0,0,0,0,0,0,0,0,0,0,0,0,0,0,0,0,0,0,0,0,0,0,0,0,0,0,0,0,0,0,0,0,0,38,14,7,45,65476,0,300,0,0,8,21553,0.0,-107605600.0,0.0,0.0,0.0,0.0,0.0,0.0,0.0,0.0,0.0,0.0,0.0,0.0,0.0,0.0,0.0,0.0,0.0,0.0,0.0,0.0,-2.004,-0.0,2.004,-2.004,0.0,0.0,0.0,0.0,5005.0,-131350.438,0.0,0.0,-0.0,-107615272.0,2.718429120148166e+23,0.0,0.0,0.0,0.0,53,2.3088403658719416e+20,5.848055683159391e+35,0.0,0.0,0.0,0.0,0.0,0.0,0.0,0,0,0,0.0,0.0,0.0,0.0,0.0,0.0,0.0,0.0,0.0,0.0,0.0,0.0,0.0,0.0,0.0,0.0,0,-107875648.0,53,0.0,106,-107614832.0,0.0,ERR,ERR,ERR,ERR,ERR,ERR,ERR,ERR,ERR,ERR,ERR,ERR,ERR,ERR,ERR,ERR,ERR,ERR,ERR,ERR,ERR,ERR,ERR,ERR,ERR,ERR,ERR,ERR,ERR,ERR,ERR,ERR,ERR,ERR,ERR,ERR,ERR,ERR,ERR,ERR,ERR,ERR,ERR,ERR,ERR,ERR,ERR,ERR,ERR,ERR,ERR,ERR,ERR,ERR,ERR,ERR,ERR,ERR,ERR,ERR,ERR,ERR,ERR,ERR,ERR,ERR,ERR,50.0,60.0,100,0.0,0.0,0.0,0.0,0.0,0.0,0.0,0.0,0.0,0.0,0.0,0.0,0.0,0.0,0.0,0.0,61.6,65,19,65520,50,65476,0,300,0,0,8,20529,65476,0,0,26214,60.0,0.0,0.0,0.0,0.0,0.0
2026-05-17T16:00:55,ERR,ERR,ERR,ERR,ERR,ERR,ERR,ERR,ERR,ERR,ERR,ERR,ERR,ERR,ERR,ERR,ERR,ERR,ERR,ERR,ERR,ERR,ERR,ERR,ERR,ERR,ERR,ERR,ERR,ERR,ERR,ERR,ERR,ERR,ERR,ERR,ERR,ERR,ERR,ERR,ERR,ERR,ERR,ERR,ERR,ERR,ERR,ERR,ERR,ERR,ERR,ERR,ERR,ERR,ERR,ERR,ERR,ERR,ERR,ERR,ERR,ERR,ERR,ERR,ERR,ERR,ERR,ERR,ERR,ERR,ERR,ERR,ERR,ERR,ERR,ERR,ERR,ERR,ERR,ERR,ERR,ERR,ERR,ERR,ERR,ERR,ERR,ERR,ERR,ERR,ERR,ERR,ERR,ERR,ERR,ERR,ERR,ERR,ERR,ERR,ERR,ERR,ERR,ERR,ERR,ERR,ERR,ERR,ERR,ERR,ERR,ERR,ERR,ERR,ERR,ERR,ERR,ERR,ERR,ERR,ERR,ERR,ERR,ERR,ERR,0.0,-0.0,-0.0,0.0,0.0,1.3936040501711995e+18,7.805,0.0,0,0,4,0,8422,0.0,45,0.0,0.0,0.0,0.0,0.0,0,0,0,0,0.0,0,0,0,0,0,0,0,0,0,0,0,0,0,0,0,0,0,0,0,0,0,0,0,0,0,0,0,0,0,0,0,0,0,38,14,7,45,65476,0,300,0,0,8,21553,0.0,-107605600.0,0.0,0.0,0.0,0.0,0.0,0.0,0.0,0.0,0.0,0.0,0.0,0.0,0.0,0.0,0.0,0.0,0.0,0.0,0.0,0.0,-2.004,-0.0,2.004,-2.004,0.0,0.0,0.0,0.0,5005.0,-131350.438,0.0,0.0,-0.0,-107615272.0,2.718429120148166e+23,0.0,0.0,0.0,0.0,53,2.3088403658719416e+20,5.848055683159391e+35,0.0,0.0,0.0,0.0,0.0,0.0,0.0,0,0,0,0.0,0.0,0.0,0.0,0.0,0.0,0.0,0.0,0.0,0.0,0.0,0.0,0.0,0.0,0.0,0.0,0,-107875648.0,53,0.0,106,-107614832.0,0.0,ERR,ERR,ERR,ERR,ERR,ERR,ERR,ERR,ERR,ERR,ERR,ERR,ERR,ERR,ERR,ERR,ERR,ERR,ERR,ERR,ERR,ERR,ERR,ERR,ERR,ERR,ERR,ERR,ERR,ERR,ERR,ERR,ERR,ERR,ERR,ERR,ERR,ERR,ERR,ERR,ERR,ERR,ERR,ERR,ERR,ERR,ERR,ERR,ERR,ERR,ERR,ERR,ERR,ERR,ERR,ERR,ERR,ERR,ERR,ERR,ERR,ERR,ERR,ERR,ERR,ERR,ERR,50.0,60.0,100,0.0,0.0,0.0,0.0,0.0,0.0,0.0,0.0,0.0,0.0,0.0,0.0,0.0,0.0,0.0,0.0,62.0,65,19,65520,50,65476,0,300,0,0,8,20529,65476,0,0,26214,60.0,0.0,0.0,0.0,0.0,0.0
2026-05-17T16:00:56,ERR,ERR,ERR,ERR,ERR,ERR,ERR,ERR,ERR,ERR,ERR,ERR,ERR,ERR,ERR,ERR,ERR,ERR,ERR,ERR,ERR,ERR,ERR,ERR,ERR,ERR,ERR,ERR,ERR,ERR,ERR,ERR,ERR,ERR,ERR,ERR,ERR,ERR,ERR,ERR,ERR,ERR,ERR,ERR,ERR,ERR,ERR,ERR,ERR,ERR,ERR,ERR,ERR,ERR,ERR,ERR,ERR,ERR,ERR,ERR,ERR,ERR,ERR,ERR,ERR,ERR,ERR,ERR,ERR,ERR,ERR,ERR,ERR,ERR,ERR,ERR,ERR,ERR,ERR,ERR,ERR,ERR,ERR,ERR,ERR,ERR,ERR,ERR,ERR,ERR,ERR,ERR,ERR,ERR,ERR,ERR,ERR,ERR,ERR,ERR,ERR,ERR,ERR,ERR,ERR,ERR,ERR,ERR,ERR,ERR,ERR,ERR,ERR,ERR,ERR,ERR,ERR,ERR,ERR,ERR,ERR,ERR,ERR,ERR,ERR,0.0,-0.0,-0.0,0.0,0.0,1.3936040501711995e+18,7.805,0.0,0,0,4,0,8422,0.0,45,0.0,0.0,0.0,0.0,0.0,0,0,0,0,0.0,0,0,0,0,0,0,0,0,0,0,0,0,0,0,0,0,0,0,0,0,0,0,0,0,0,0,0,0,0,0,0,0,0,38,14,7,45,65476,0,300,0,0,8,21553,0.0,-107605600.0,0.0,0.0,0.0,0.0,0.0,0.0,0.0,0.0,0.0,0.0,0.0,0.0,0.0,0.0,0.0,0.0,0.0,0.0,0.0,0.0,-2.004,-0.0,2.004,-2.004,0.0,0.0,0.0,0.0,5005.0,-131350.438,0.0,0.0,-0.0,-107615272.0,2.718429120148166e+23,0.0,0.0,0.0,0.0,53,2.3088403658719416e+20,5.848055683159391e+35,0.0,0.0,0.0,0.0,0.0,0.0,0.0,0,0,0,0.0,0.0,0.0,0.0,0.0,0.0,0.0,0.0,0.0,0.0,0.0,0.0,0.0,0.0,0.0,0.0,0,-107875648.0,53,0.0,106,-107614832.0,0.0,ERR,ERR,ERR,ERR,ERR,ERR,ERR,ERR,ERR,ERR,ERR,ERR,ERR,ERR,ERR,ERR,ERR,ERR,ERR,ERR,ERR,ERR,ERR,ERR,ERR,ERR,ERR,ERR,ERR,ERR,ERR,ERR,ERR,ERR,ERR,ERR,ERR,ERR,ERR,ERR,ERR,ERR,ERR,ERR,ERR,ERR,ERR,ERR,ERR,ERR,ERR,ERR,ERR,ERR,ERR,ERR,ERR,ERR,ERR,ERR,ERR,ERR,ERR,ERR,ERR,ERR,ERR,50.0,60.0,100,0.0,0.0,0.0,0.0,0.0,0.0,0.0,0.0,0.0,0.0,0.0,0.0,0.0,0.0,0.0,0.0,62.0,65,19,65520,50,65476,0,300,0,0,8,20529,65476,0,0,26214,60.0,0.0,0.0,0.0,0.0,0.0
2026-05-17T16:00:57,ERR,ERR,ERR,ERR,ERR,ERR,ERR,ERR,ERR,ERR,ERR,ERR,ERR,ERR,ERR,ERR,ERR,ERR,ERR,ERR,ERR,ERR,ERR,ERR,ERR,ERR,ERR,ERR,ERR,ERR,ERR,ERR,ERR,ERR,ERR,ERR,ERR,ERR,ERR,ERR,ERR,ERR,ERR,ERR,ERR,ERR,ERR,ERR,ERR,ERR,ERR,ERR,ERR,ERR,ERR,ERR,ERR,ERR,ERR,ERR,ERR,ERR,ERR,ERR,ERR,ERR,ERR,ERR,ERR,ERR,ERR,ERR,ERR,ERR,ERR,ERR,ERR,ERR,ERR,ERR,ERR,ERR,ERR,ERR,ERR,ERR,ERR,ERR,ERR,ERR,ERR,ERR,ERR,ERR,ERR,ERR,ERR,ERR,ERR,ERR,ERR,ERR,ERR,ERR,ERR,ERR,ERR,ERR,ERR,ERR,ERR,ERR,ERR,ERR,ERR,ERR,ERR,ERR,ERR,ERR,ERR,ERR,ERR,ERR,ERR,0.0,-0.0,-0.0,0.0,0.0,1.3936040501711995e+18,7.805,0.0,0,0,4,0,8422,0.0,45,0.0,0.0,0.0,0.0,0.0,0,0,0,0,0.0,0,0,0,0,0,0,0,0,0,0,0,0,0,0,0,0,0,0,0,0,0,0,0,0,0,0,0,0,0,0,0,0,0,38,14,7,45,65476,0,300,0,0,8,21553,0.0,-107605600.0,0.0,0.0,0.0,0.0,0.0,0.0,0.0,0.0,0.0,0.0,0.0,0.0,0.0,0.0,0.0,0.0,0.0,0.0,0.0,0.0,-2.004,-0.0,2.004,-2.004,0.0,0.0,0.0,0.0,5005.0,-131350.438,0.0,0.0,-0.0,-107615272.0,2.718429120148166e+23,0.0,0.0,0.0,0.0,53,2.3088403658719416e+20,5.848055683159391e+35,0.0,0.0,0.0,0.0,0.0,0.0,0.0,0,0,0,0.0,0.0,0.0,0.0,0.0,0.0,0.0,0.0,0.0,0.0,0.0,0.0,0.0,0.0,0.0,0.0,0,-107875648.0,53,0.0,106,-107614832.0,0.0,ERR,ERR,ERR,ERR,ERR,ERR,ERR,ERR,ERR,ERR,ERR,ERR,ERR,ERR,ERR,ERR,ERR,ERR,ERR,ERR,ERR,ERR,ERR,ERR,ERR,ERR,ERR,ERR,ERR,ERR,ERR,ERR,ERR,ERR,ERR,ERR,ERR,ERR,ERR,ERR,ERR,ERR,ERR,ERR,ERR,ERR,ERR,ERR,ERR,ERR,ERR,ERR,ERR,ERR,ERR,ERR,ERR,ERR,ERR,ERR,ERR,ERR,ERR,ERR,ERR,ERR,ERR,50.0,60.0,100,0.0,0.0,0.0,0.0,0.0,0.0,0.0,0.0,0.0,0.0,0.0,0.0,0.0,0.0,0.0,0.0,62.0,65,19,65520,50,65476,0,300,0,0,8,20529,65476,0,0,26214,60.0,0.0,0.0,0.0,0.0,0.0
2026-05-17T16:00:58,ERR,ERR,ERR,ERR,ERR,ERR,ERR,ERR,ERR,ERR,ERR,ERR,ERR,ERR,ERR,ERR,ERR,ERR,ERR,ERR,ERR,ERR,ERR,ERR,ERR,ERR,ERR,ERR,ERR,ERR,ERR,ERR,ERR,ERR,ERR,ERR,ERR,ERR,ERR,ERR,ERR,ERR,ERR,ERR,ERR,ERR,ERR,ERR,ERR,ERR,ERR,ERR,ERR,ERR,ERR,ERR,ERR,ERR,ERR,ERR,ERR,ERR,ERR,ERR,ERR,ERR,ERR,ERR,ERR,ERR,ERR,ERR,ERR,ERR,ERR,ERR,ERR,ERR,ERR,ERR,ERR,ERR,ERR,ERR,ERR,ERR,ERR,ERR,ERR,ERR,ERR,ERR,ERR,ERR,ERR,ERR,ERR,ERR,ERR,ERR,ERR,ERR,ERR,ERR,ERR,ERR,ERR,ERR,ERR,ERR,ERR,ERR,ERR,ERR,ERR,ERR,ERR,ERR,ERR,ERR,ERR,ERR,ERR,ERR,ERR,0.0,-0.0,-0.0,0.0,0.0,1.3936040501711995e+18,7.805,0.0,0,0,4,0,8422,0.0,45,0.0,0.0,0.0,0.0,0.0,0,0,0,0,0.0,0,0,0,0,0,0,0,0,0,0,0,0,0,0,0,0,0,0,0,0,0,0,0,0,0,0,0,0,0,0,0,0,0,38,14,7,45,65476,0,300,0,0,8,21553,0.0,-107605600.0,0.0,0.0,0.0,0.0,0.0,0.0,0.0,0.0,0.0,0.0,0.0,0.0,0.0,0.0,0.0,0.0,0.0,0.0,0.0,0.0,-2.004,-0.0,2.004,-2.004,0.0,0.0,0.0,0.0,5004.0,0.0,0.0,0.0,-0.0,-107615272.0,2.718429120148166e+23,0.0,0.0,0.0,0.0,53,1.9056979486756045e+17,-107614776.0,0.0,0.0,0.0,0.0,0.0,0.0,0.0,0,0,0,0.0,0.0,0.0,0.0,0.0,0.0,0.0,0.0,0.0,0.0,0.0,0.0,0.0,0.0,0.0,0.0,0,-107875648.0,53,0.0,106,-107614832.0,0.0,ERR,ERR,ERR,ERR,ERR,ERR,ERR,ERR,ERR,ERR,ERR,ERR,ERR,ERR,ERR,ERR,ERR,ERR,ERR,ERR,ERR,ERR,ERR,ERR,ERR,ERR,ERR,ERR,ERR,ERR,ERR,ERR,ERR,ERR,ERR,ERR,ERR,ERR,ERR,ERR,ERR,ERR,ERR,ERR,ERR,ERR,ERR,ERR,ERR,ERR,ERR,ERR,ERR,ERR,ERR,ERR,ERR,ERR,ERR,ERR,ERR,ERR,ERR,ERR,ERR,ERR,ERR,50.0,60.0,100,0.0,0.0,0.0,0.0,0.0,0.0,0.0,0.0,0.0,0.0,0.0,0.0,0.0,0.0,0.0,0.0,62.0,65,19,65520,50,65476,0,300,0,0,8,20529,65476,0,0,26214,60.0,0.0,0.0,0.0,0.0,0.0
2026-05-17T16:00:59,ERR,ERR,ERR,ERR,ERR,ERR,ERR,ERR,ERR,ERR,ERR,ERR,ERR,ERR,ERR,ERR,ERR,ERR,ERR,ERR,ERR,ERR,ERR,ERR,ERR,ERR,ERR,ERR,ERR,ERR,ERR,ERR,ERR,ERR,ERR,ERR,ERR,ERR,ERR,ERR,ERR,ERR,ERR,ERR,ERR,ERR,ERR,ERR,ERR,ERR,ERR,ERR,ERR,ERR,ERR,ERR,ERR,ERR,ERR,ERR,ERR,ERR,ERR,ERR,ERR,ERR,ERR,ERR,ERR,ERR,ERR,ERR,ERR,ERR,ERR,ERR,ERR,ERR,ERR,ERR,ERR,ERR,ERR,ERR,ERR,ERR,ERR,ERR,ERR,ERR,ERR,ERR,ERR,ERR,ERR,ERR,ERR,ERR,ERR,ERR,ERR,ERR,ERR,ERR,ERR,ERR,ERR,ERR,ERR,ERR,ERR,ERR,ERR,ERR,ERR,ERR,ERR,ERR,ERR,ERR,ERR,ERR,ERR,ERR,ERR,0.0,-0.0,-0.0,0.0,0.0,1.3936040501711995e+18,7.805,0.0,0,0,4,0,8422,0.0,45,0.0,0.0,0.0,0.0,0.0,0,0,0,0,0.0,0,0,0,0,0,0,0,0,0,0,0,0,0,0,0,0,0,0,0,0,0,0,0,0,0,0,0,0,0,0,0,0,0,38,14,7,45,65476,0,300,0,0,8,21553,0.0,-107605600.0,0.0,0.0,0.0,0.0,0.0,0.0,0.0,0.0,0.0,0.0,0.0,0.0,0.0,0.0,0.0,0.0,0.0,0.0,0.0,0.0,-2.004,-0.0,2.004,-2.004,0.0,0.0,0.0,0.0,5004.0,0.0,0.0,0.0,-0.0,-107615272.0,2.718429120148166e+23,0.0,0.0,0.0,0.0,53,1.9056979486756045e+17,-107614776.0,0.0,0.0,0.0,0.0,0.0,0.0,0.0,0,0,0,0.0,0.0,0.0,0.0,0.0,0.0,0.0,0.0,0.0,0.0,0.0,0.0,0.0,0.0,0.0,0.0,0,-107875648.0,53,0.0,106,-107614832.0,0.0,ERR,ERR,ERR,ERR,ERR,ERR,ERR,ERR,ERR,ERR,ERR,ERR,ERR,ERR,ERR,ERR,ERR,ERR,ERR,ERR,ERR,ERR,ERR,ERR,ERR,ERR,ERR,ERR,ERR,ERR,ERR,ERR,ERR,ERR,ERR,ERR,ERR,ERR,ERR,ERR,ERR,ERR,ERR,ERR,ERR,ERR,ERR,ERR,ERR,ERR,ERR,ERR,ERR,ERR,ERR,ERR,ERR,ERR,ERR,ERR,ERR,ERR,ERR,ERR,ERR,ERR,ERR,50.0,60.0,100,0.0,0.0,0.0,0.0,0.0,0.0,0.0,0.0,0.0,0.0,0.0,0.0,0.0,0.0,0.0,0.0,61.6,65,19,65520,50,65476,0,300,0,0,8,20529,65476,0,0,26214,60.0,0.0,0.0,0.0,0.0,0.0
2026-05-17T16:01:00,ERR,ERR,ERR,ERR,ERR,ERR,ERR,ERR,ERR,ERR,ERR,ERR,ERR,ERR,ERR,ERR,ERR,ERR,ERR,ERR,ERR,ERR,ERR,ERR,ERR,ERR,ERR,ERR,ERR,ERR,ERR,ERR,ERR,ERR,ERR,ERR,ERR,ERR,ERR,ERR,ERR,ERR,ERR,ERR,ERR,ERR,ERR,ERR,ERR,ERR,ERR,ERR,ERR,ERR,ERR,ERR,ERR,ERR,ERR,ERR,ERR,ERR,ERR,ERR,ERR,ERR,ERR,ERR,ERR,ERR,ERR,ERR,ERR,ERR,ERR,ERR,ERR,ERR,ERR,ERR,ERR,ERR,ERR,ERR,ERR,ERR,ERR,ERR,ERR,ERR,ERR,ERR,ERR,ERR,ERR,ERR,ERR,ERR,ERR,ERR,ERR,ERR,ERR,ERR,ERR,ERR,ERR,ERR,ERR,ERR,ERR,ERR,ERR,ERR,ERR,ERR,ERR,ERR,ERR,ERR,ERR,ERR,ERR,ERR,ERR,0.0,-0.0,-0.0,0.0,0.0,1.3936040501711995e+18,7.805,0.0,0,0,4,0,8422,0.0,45,0.0,0.0,0.0,0.0,0.0,0,0,0,0,0.0,0,0,0,0,0,0,0,0,0,0,0,0,0,0,0,0,0,0,0,0,0,0,0,0,0,0,0,0,0,0,0,0,0,38,14,7,45,65476,0,300,0,0,8,21553,0.0,-107605600.0,0.0,0.0,0.0,0.0,0.0,0.0,0.0,0.0,0.0,0.0,0.0,0.0,0.0,0.0,0.0,0.0,0.0,0.0,0.0,0.0,-2.004,-0.0,2.004,-2.004,0.0,0.0,0.0,0.0,5004.0,0.0,0.0,0.0,-0.0,-107615272.0,2.718429120148166e+23,0.0,0.0,0.0,0.0,53,1.9056979486756045e+17,-107614776.0,0.0,0.0,0.0,0.0,0.0,0.0,0.0,0,0,0,0.0,0.0,0.0,0.0,0.0,0.0,0.0,0.0,0.0,0.0,0.0,0.0,0.0,0.0,0.0,0.0,0,-107875648.0,53,0.0,106,-107614832.0,0.0,ERR,ERR,ERR,ERR,ERR,ERR,ERR,ERR,ERR,ERR,ERR,ERR,ERR,ERR,ERR,ERR,ERR,ERR,ERR,ERR,ERR,ERR,ERR,ERR,ERR,ERR,ERR,ERR,ERR,ERR,ERR,ERR,ERR,ERR,ERR,ERR,ERR,ERR,ERR,ERR,ERR,ERR,ERR,ERR,ERR,ERR,ERR,ERR,ERR,ERR,ERR,ERR,ERR,ERR,ERR,ERR,ERR,ERR,ERR,ERR,ERR,ERR,ERR,ERR,ERR,ERR,ERR,50.0,60.0,100,0.0,0.0,0.0,0.0,0.0,0.0,0.0,0.0,0.0,0.0,0.0,0.0,0.0,0.0,0.0,0.0,62.0,65,19,65520,50,65476,0,300,0,0,8,20529,65476,0,0,26214,60.0,0.0,0.0,0.0,0.0,0.0
2026-05-17T16:01:01,ERR,ERR,ERR,ERR,ERR,ERR,ERR,ERR,ERR,ERR,ERR,ERR,ERR,ERR,ERR,ERR,ERR,ERR,ERR,ERR,ERR,ERR,ERR,ERR,ERR,ERR,ERR,ERR,ERR,ERR,ERR,ERR,ERR,ERR,ERR,ERR,ERR,ERR,ERR,ERR,ERR,ERR,ERR,ERR,ERR,ERR,ERR,ERR,ERR,ERR,ERR,ERR,ERR,ERR,ERR,ERR,ERR,ERR,ERR,ERR,ERR,ERR,ERR,ERR,ERR,ERR,ERR,ERR,ERR,ERR,ERR,ERR,ERR,ERR,ERR,ERR,ERR,ERR,ERR,ERR,ERR,ERR,ERR,ERR,ERR,ERR,ERR,ERR,ERR,ERR,ERR,ERR,ERR,ERR,ERR,ERR,ERR,ERR,ERR,ERR,ERR,ERR,ERR,ERR,ERR,ERR,ERR,ERR,ERR,ERR,ERR,ERR,ERR,ERR,ERR,ERR,ERR,ERR,ERR,ERR,ERR,ERR,ERR,ERR,ERR,0.0,-0.0,-0.0,0.0,0.0,1.3936040501711995e+18,7.805,0.0,0,0,4,0,8422,0.0,45,0.0,0.0,0.0,0.0,0.0,0,0,0,0,0.0,0,0,0,0,0,0,0,0,0,0,0,0,0,0,0,0,0,0,0,0,0,0,0,0,0,0,0,0,0,0,0,0,0,38,14,7,45,65476,0,300,0,0,8,21553,0.0,-107605600.0,0.0,0.0,0.0,0.0,0.0,0.0,0.0,0.0,0.0,0.0,0.0,0.0,0.0,0.0,0.0,0.0,0.0,0.0,0.0,0.0,-2.004,-0.0,2.004,-2.004,0.0,0.0,0.0,0.0,5004.0,0.0,0.0,0.0,-0.0,-107615272.0,2.718429120148166e+23,0.0,0.0,0.0,0.0,53,1.9056979486756045e+17,-107614776.0,0.0,0.0,0.0,0.0,0.0,0.0,0.0,0,0,0,0.0,0.0,0.0,0.0,0.0,0.0,0.0,0.0,0.0,0.0,0.0,0.0,0.0,0.0,0.0,0.0,0,-107875648.0,53,0.0,106,-107614832.0,0.0,ERR,ERR,ERR,ERR,ERR,ERR,ERR,ERR,ERR,ERR,ERR,ERR,ERR,ERR,ERR,ERR,ERR,ERR,ERR,ERR,ERR,ERR,ERR,ERR,ERR,ERR,ERR,ERR,ERR,ERR,ERR,ERR,ERR,ERR,ERR,ERR,ERR,ERR,ERR,ERR,ERR,ERR,ERR,ERR,ERR,ERR,ERR,ERR,ERR,ERR,ERR,ERR,ERR,ERR,ERR,ERR,ERR,ERR,ERR,ERR,ERR,ERR,ERR,ERR,ERR,ERR,ERR,50.0,60.0,100,0.0,0.0,0.0,0.0,0.0,0.0,0.0,0.0,0.0,0.0,0.0,0.0,0.0,0.0,0.0,0.0,62.0,65,19,65520,50,65476,0,300,0,0,8,20529,65476,0,0,26214,60.0,0.0,0.0,0.0,0.0,0.0
2026-05-17T16:01:02,ERR,ERR,ERR,ERR,ERR,ERR,ERR,ERR,ERR,ERR,ERR,ERR,ERR,ERR,ERR,ERR,ERR,ERR,ERR,ERR,ERR,ERR,ERR,ERR,ERR,ERR,ERR,ERR,ERR,ERR,ERR,ERR,ERR,ERR,ERR,ERR,ERR,ERR,ERR,ERR,ERR,ERR,ERR,ERR,ERR,ERR,ERR,ERR,ERR,ERR,ERR,ERR,ERR,ERR,ERR,ERR,ERR,ERR,ERR,ERR,ERR,ERR,ERR,ERR,ERR,ERR,ERR,ERR,ERR,ERR,ERR,ERR,ERR,ERR,ERR,ERR,ERR,ERR,ERR,ERR,ERR,ERR,ERR,ERR,ERR,ERR,ERR,ERR,ERR,ERR,ERR,ERR,ERR,ERR,ERR,ERR,ERR,ERR,ERR,ERR,ERR,ERR,ERR,ERR,ERR,ERR,ERR,ERR,ERR,ERR,ERR,ERR,ERR,ERR,ERR,ERR,ERR,ERR,ERR,ERR,ERR,ERR,ERR,ERR,ERR,0.0,-0.0,-0.0,0.0,0.0,1.3936040501711995e+18,7.805,0.0,0,0,4,0,8422,0.0,45,0.0,0.0,0.0,0.0,0.0,0,0,0,0,0.0,0,0,0,0,0,0,0,0,0,0,0,0,0,0,0,0,0,0,0,0,0,0,0,0,0,0,0,0,0,0,0,0,0,38,14,7,45,65476,0,300,0,0,8,21553,0.0,-107605600.0,0.0,0.0,0.0,0.0,0.0,0.0,0.0,0.0,0.0,0.0,0.0,0.0,0.0,0.0,0.0,0.0,0.0,0.0,0.0,0.0,-2.004,-0.0,2.004,-2.004,0.0,0.0,0.0,0.0,5004.0,0.0,0.0,0.0,-0.0,-107615272.0,2.718429120148166e+23,0.0,0.0,0.0,0.0,53,1.9056979486756045e+17,-107614776.0,0.0,0.0,0.0,0.0,0.0,0.0,0.0,0,0,0,0.0,0.0,0.0,0.0,0.0,0.0,0.0,0.0,0.0,0.0,0.0,0.0,0.0,0.0,0.0,0.0,0,-107875648.0,53,0.0,106,-107614832.0,0.0,ERR,ERR,ERR,ERR,ERR,ERR,ERR,ERR,ERR,ERR,ERR,ERR,ERR,ERR,ERR,ERR,ERR,ERR,ERR,ERR,ERR,ERR,ERR,ERR,ERR,ERR,ERR,ERR,ERR,ERR,ERR,ERR,ERR,ERR,ERR,ERR,ERR,ERR,ERR,ERR,ERR,ERR,ERR,ERR,ERR,ERR,ERR,ERR,ERR,ERR,ERR,ERR,ERR,ERR,ERR,ERR,ERR,ERR,ERR,ERR,ERR,ERR,ERR,ERR,ERR,ERR,ERR,50.0,60.0,100,0.0,0.0,0.0,0.0,0.0,0.0,0.0,0.0,0.0,0.0,0.0,0.0,0.0,0.0,0.0,0.0,62.0,65,19,65520,50,65476,0,300,0,0,8,20529,65476,0,0,26214,60.0,0.0,0.0,0.0,0.0,0.0
2026-05-17T16:01:03,ERR,ERR,ERR,ERR,ERR,ERR,ERR,ERR,ERR,ERR,ERR,ERR,ERR,ERR,ERR,ERR,ERR,ERR,ERR,ERR,ERR,ERR,ERR,ERR,ERR,ERR,ERR,ERR,ERR,ERR,ERR,ERR,ERR,ERR,ERR,ERR,ERR,ERR,ERR,ERR,ERR,ERR,ERR,ERR,ERR,ERR,ERR,ERR,ERR,ERR,ERR,ERR,ERR,ERR,ERR,ERR,ERR,ERR,ERR,ERR,ERR,ERR,ERR,ERR,ERR,ERR,ERR,ERR,ERR,ERR,ERR,ERR,ERR,ERR,ERR,ERR,ERR,ERR,ERR,ERR,ERR,ERR,ERR,ERR,ERR,ERR,ERR,ERR,ERR,ERR,ERR,ERR,ERR,ERR,ERR,ERR,ERR,ERR,ERR,ERR,ERR,ERR,ERR,ERR,ERR,ERR,ERR,ERR,ERR,ERR,ERR,ERR,ERR,ERR,ERR,ERR,ERR,ERR,ERR,ERR,ERR,ERR,ERR,ERR,ERR,0.0,-0.0,-0.0,0.0,0.0,1.3936040501711995e+18,7.805,0.0,0,0,4,0,8422,0.0,45,0.0,0.0,0.0,0.0,0.0,0,0,0,0,0.0,0,0,0,0,0,0,0,0,0,0,0,0,0,0,0,0,0,0,0,0,0,0,0,0,0,0,0,0,0,0,0,0,0,38,14,7,45,65476,0,300,0,0,8,21553,0.0,-107605600.0,0.0,0.0,0.0,0.0,0.0,0.0,0.0,0.0,0.0,0.0,0.0,0.0,0.0,0.0,0.0,0.0,0.0,0.0,0.0,0.0,-2.004,-0.0,2.004,-2.004,0.0,0.0,0.0,0.0,5004.0,1.040665380856972e+34,0.0,0.0,-0.0,-107615272.0,2.718429120148166e+23,0.0,0.0,0.0,0.0,53,89221.109,89220.562,0.0,0.0,0.0,0.0,0.0,0.0,0.0,0,0,0,0.0,0.0,0.0,0.0,0.0,0.0,0.0,0.0,0.0,0.0,0.0,0.0,0.0,0.0,0.0,0.0,0,-107875648.0,53,0.0,106,-107614832.0,0.0,ERR,ERR,ERR,ERR,ERR,ERR,ERR,ERR,ERR,ERR,ERR,ERR,ERR,ERR,ERR,ERR,ERR,ERR,ERR,ERR,ERR,ERR,ERR,ERR,ERR,ERR,ERR,ERR,ERR,ERR,ERR,ERR,ERR,ERR,ERR,ERR,ERR,ERR,ERR,ERR,ERR,ERR,ERR,ERR,ERR,ERR,ERR,ERR,ERR,ERR,ERR,ERR,ERR,ERR,ERR,ERR,ERR,ERR,ERR,ERR,ERR,ERR,ERR,ERR,ERR,ERR,ERR,50.0,60.0,100,0.0,0.0,0.0,0.0,0.0,0.0,0.0,0.0,0.0,0.0,0.0,0.0,0.0,0.0,0.0,0.0,62.0,65,19,65520,50,65476,0,300,0,0,8,20529,65476,0,0,26214,60.0,0.0,0.0,0.0,0.0,0.0
2026-05-17T16:01:04,ERR,ERR,ERR,ERR,ERR,ERR,ERR,ERR,ERR,ERR,ERR,ERR,ERR,ERR,ERR,ERR,ERR,ERR,ERR,ERR,ERR,ERR,ERR,ERR,ERR,ERR,ERR,ERR,ERR,ERR,ERR,ERR,ERR,ERR,ERR,ERR,ERR,ERR,ERR,ERR,ERR,ERR,ERR,ERR,ERR,ERR,ERR,ERR,ERR,ERR,ERR,ERR,ERR,ERR,ERR,ERR,ERR,ERR,ERR,ERR,ERR,ERR,ERR,ERR,ERR,ERR,ERR,ERR,ERR,ERR,ERR,ERR,ERR,ERR,ERR,ERR,ERR,ERR,ERR,ERR,ERR,ERR,ERR,ERR,ERR,ERR,ERR,ERR,ERR,ERR,ERR,ERR,ERR,ERR,ERR,ERR,ERR,ERR,ERR,ERR,ERR,ERR,ERR,ERR,ERR,ERR,ERR,ERR,ERR,ERR,ERR,ERR,ERR,ERR,ERR,ERR,ERR,ERR,ERR,ERR,ERR,ERR,ERR,ERR,ERR,0.0,-0.0,-0.0,0.0,0.0,1.3936040501711995e+18,7.805,0.0,0,0,4,0,8422,0.0,45,0.0,0.0,0.0,0.0,0.0,0,0,0,0,0.0,0,0,0,0,0,0,0,0,0,0,0,0,0,0,0,0,0,0,0,0,0,0,0,0,0,0,0,0,0,0,0,0,0,38,14,7,45,65476,0,300,0,0,8,21553,0.0,-107605600.0,0.0,0.0,0.0,0.0,0.0,0.0,0.0,0.0,0.0,0.0,0.0,0.0,0.0,0.0,0.0,0.0,0.0,0.0,0.0,0.0,-2.004,-0.0,2.004,-2.004,0.0,0.0,0.0,0.0,5004.0,1.040665380856972e+34,0.0,0.0,-0.0,-107615272.0,2.718429120148166e+23,0.0,0.0,0.0,0.0,53,89221.109,89220.562,0.0,0.0,0.0,0.0,0.0,0.0,0.0,0,0,0,0.0,0.0,0.0,0.0,0.0,0.0,0.0,0.0,0.0,0.0,0.0,0.0,0.0,0.0,0.0,0.0,0,-107875648.0,53,0.0,106,-107614832.0,0.0,ERR,ERR,ERR,ERR,ERR,ERR,ERR,ERR,ERR,ERR,ERR,ERR,ERR,ERR,ERR,ERR,ERR,ERR,ERR,ERR,ERR,ERR,ERR,ERR,ERR,ERR,ERR,ERR,ERR,ERR,ERR,ERR,ERR,ERR,ERR,ERR,ERR,ERR,ERR,ERR,ERR,ERR,ERR,ERR,ERR,ERR,ERR,ERR,ERR,ERR,ERR,ERR,ERR,ERR,ERR,ERR,ERR,ERR,ERR,ERR,ERR,ERR,ERR,ERR,ERR,ERR,ERR,50.0,60.0,100,0.0,0.0,0.0,0.0,0.0,0.0,0.0,0.0,0.0,0.0,0.0,0.0,0.0,0.0,0.0,0.0,61.6,65,19,65520,50,65476,0,300,0,0,8,20529,65476,0,0,26214,60.0,0.0,0.0,0.0,0.0,0.0
2026-05-17T16:01:05,ERR,ERR,ERR,ERR,ERR,ERR,ERR,ERR,ERR,ERR,ERR,ERR,ERR,ERR,ERR,ERR,ERR,ERR,ERR,ERR,ERR,ERR,ERR,ERR,ERR,ERR,ERR,ERR,ERR,ERR,ERR,ERR,ERR,ERR,ERR,ERR,ERR,ERR,ERR,ERR,ERR,ERR,ERR,ERR,ERR,ERR,ERR,ERR,ERR,ERR,ERR,ERR,ERR,ERR,ERR,ERR,ERR,ERR,ERR,ERR,ERR,ERR,ERR,ERR,ERR,ERR,ERR,ERR,ERR,ERR,ERR,ERR,ERR,ERR,ERR,ERR,ERR,ERR,ERR,ERR,ERR,ERR,ERR,ERR,ERR,ERR,ERR,ERR,ERR,ERR,ERR,ERR,ERR,ERR,ERR,ERR,ERR,ERR,ERR,ERR,ERR,ERR,ERR,ERR,ERR,ERR,ERR,ERR,ERR,ERR,ERR,ERR,ERR,ERR,ERR,ERR,ERR,ERR,ERR,ERR,ERR,ERR,ERR,ERR,ERR,0.0,-0.0,-0.0,0.0,0.0,1.3936040501711995e+18,7.805,0.0,0,0,4,0,8422,0.0,45,0.0,0.0,0.0,0.0,0.0,0,0,0,0,0.0,0,0,0,0,0,0,0,0,0,0,0,0,0,0,0,0,0,0,0,0,0,0,0,0,0,0,0,0,0,0,0,0,0,38,14,7,45,65476,0,300,0,0,8,21553,0.0,-107605600.0,0.0,0.0,0.0,0.0,0.0,0.0,0.0,0.0,0.0,0.0,0.0,0.0,0.0,0.0,0.0,0.0,0.0,0.0,0.0,0.0,-2.004,-0.0,2.004,-2.004,0.0,0.0,0.0,0.0,5004.0,1.040665380856972e+34,0.0,0.0,-0.0,-107615272.0,2.718429120148166e+23,0.0,0.0,0.0,0.0,53,89221.109,89220.562,0.0,0.0,0.0,0.0,0.0,0.0,0.0,0,0,0,0.0,0.0,0.0,0.0,0.0,0.0,0.0,0.0,0.0,0.0,0.0,0.0,0.0,0.0,0.0,0.0,0,-107875648.0,53,0.0,106,-107614832.0,0.0,ERR,ERR,ERR,ERR,ERR,ERR,ERR,ERR,ERR,ERR,ERR,ERR,ERR,ERR,ERR,ERR,ERR,ERR,ERR,ERR,ERR,ERR,ERR,ERR,ERR,ERR,ERR,ERR,ERR,ERR,ERR,ERR,ERR,ERR,ERR,ERR,ERR,ERR,ERR,ERR,ERR,ERR,ERR,ERR,ERR,ERR,ERR,ERR,ERR,ERR,ERR,ERR,ERR,ERR,ERR,ERR,ERR,ERR,ERR,ERR,ERR,ERR,ERR,ERR,ERR,ERR,ERR,50.0,60.0,100,0.0,0.0,0.0,0.0,0.0,0.0,0.0,0.0,0.0,0.0,0.0,0.0,0.0,0.0,0.0,0.0,61.6,65,19,65520,50,65476,0,300,0,0,8,20529,65476,0,0,26214,60.0,0.0,0.0,0.0,0.0,0.0
2026-05-17T16:01:06,ERR,ERR,ERR,ERR,ERR,ERR,ERR,ERR,ERR,ERR,ERR,ERR,ERR,ERR,ERR,ERR,ERR,ERR,ERR,ERR,ERR,ERR,ERR,ERR,ERR,ERR,ERR,ERR,ERR,ERR,ERR,ERR,ERR,ERR,ERR,ERR,ERR,ERR,ERR,ERR,ERR,ERR,ERR,ERR,ERR,ERR,ERR,ERR,ERR,ERR,ERR,ERR,ERR,ERR,ERR,ERR,ERR,ERR,ERR,ERR,ERR,ERR,ERR,ERR,ERR,ERR,ERR,ERR,ERR,ERR,ERR,ERR,ERR,ERR,ERR,ERR,ERR,ERR,ERR,ERR,ERR,ERR,ERR,ERR,ERR,ERR,ERR,ERR,ERR,ERR,ERR,ERR,ERR,ERR,ERR,ERR,ERR,ERR,ERR,ERR,ERR,ERR,ERR,ERR,ERR,ERR,ERR,ERR,ERR,ERR,ERR,ERR,ERR,ERR,ERR,ERR,ERR,ERR,ERR,ERR,ERR,ERR,ERR,ERR,ERR,0.0,-0.0,-0.0,0.0,0.0,1.3936040501711995e+18,7.805,0.0,0,0,4,0,8422,0.0,45,0.0,0.0,0.0,0.0,0.0,0,0,0,0,0.0,0,0,0,0,0,0,0,0,0,0,0,0,0,0,0,0,0,0,0,0,0,0,0,0,0,0,0,0,0,0,0,0,0,38,14,7,45,65476,0,300,0,0,8,21553,0.0,-107605600.0,0.0,0.0,0.0,0.0,0.0,0.0,0.0,0.0,0.0,0.0,0.0,0.0,0.0,0.0,0.0,0.0,0.0,0.0,0.0,0.0,-2.004,-0.0,2.004,-2.004,0.0,0.0,0.0,0.0,5004.0,1.040665380856972e+34,0.0,0.0,-0.0,-107615272.0,2.718429120148166e+23,0.0,0.0,0.0,0.0,53,89221.109,89220.562,0.0,0.0,0.0,0.0,0.0,0.0,0.0,0,0,0,0.0,0.0,0.0,0.0,0.0,0.0,0.0,0.0,0.0,0.0,0.0,0.0,0.0,0.0,0.0,0.0,0,-107875648.0,53,0.0,106,-107614832.0,0.0,ERR,ERR,ERR,ERR,ERR,ERR,ERR,ERR,ERR,ERR,ERR,ERR,ERR,ERR,ERR,ERR,ERR,ERR,ERR,ERR,ERR,ERR,ERR,ERR,ERR,ERR,ERR,ERR,ERR,ERR,ERR,ERR,ERR,ERR,ERR,ERR,ERR,ERR,ERR,ERR,ERR,ERR,ERR,ERR,ERR,ERR,ERR,ERR,ERR,ERR,ERR,ERR,ERR,ERR,ERR,ERR,ERR,ERR,ERR,ERR,ERR,ERR,ERR,ERR,ERR,ERR,ERR,50.0,60.0,100,0.0,0.0,0.0,0.0,0.0,0.0,0.0,0.0,0.0,0.0,0.0,0.0,0.0,0.0,0.0,0.0,61.6,65,19,65520,50,65476,0,300,0,0,8,20529,65476,0,0,26214,60.0,0.0,0.0,0.0,0.0,0.0
2026-05-17T16:01:07,ERR,ERR,ERR,ERR,ERR,ERR,ERR,ERR,ERR,ERR,ERR,ERR,ERR,ERR,ERR,ERR,ERR,ERR,ERR,ERR,ERR,ERR,ERR,ERR,ERR,ERR,ERR,ERR,ERR,ERR,ERR,ERR,ERR,ERR,ERR,ERR,ERR,ERR,ERR,ERR,ERR,ERR,ERR,ERR,ERR,ERR,ERR,ERR,ERR,ERR,ERR,ERR,ERR,ERR,ERR,ERR,ERR,ERR,ERR,ERR,ERR,ERR,ERR,ERR,ERR,ERR,ERR,ERR,ERR,ERR,ERR,ERR,ERR,ERR,ERR,ERR,ERR,ERR,ERR,ERR,ERR,ERR,ERR,ERR,ERR,ERR,ERR,ERR,ERR,ERR,ERR,ERR,ERR,ERR,ERR,ERR,ERR,ERR,ERR,ERR,ERR,ERR,ERR,ERR,ERR,ERR,ERR,ERR,ERR,ERR,ERR,ERR,ERR,ERR,ERR,ERR,ERR,ERR,ERR,ERR,ERR,ERR,ERR,ERR,ERR,0.0,-0.0,-0.0,0.0,0.0,1.3936040501711995e+18,7.805,0.0,0,0,4,0,8422,0.0,45,0.0,0.0,0.0,0.0,0.0,0,0,0,0,0.0,0,0,0,0,0,0,0,0,0,0,0,0,0,0,0,0,0,0,0,0,0,0,0,0,0,0,0,0,0,0,0,0,0,38,14,7,45,65476,0,300,0,0,8,21553,0.0,-107605600.0,0.0,0.0,0.0,0.0,0.0,0.0,0.0,0.0,0.0,0.0,0.0,0.0,0.0,0.0,0.0,0.0,0.0,0.0,0.0,0.0,-2.004,-0.0,2.004,-2.004,0.0,0.0,0.0,0.0,5004.0,1.040665380856972e+34,0.0,0.0,-0.0,-107615272.0,2.718429120148166e+23,0.0,0.0,0.0,0.0,53,89221.109,89220.562,0.0,0.0,0.0,0.0,0.0,0.0,0.0,0,0,0,0.0,0.0,0.0,0.0,0.0,0.0,0.0,0.0,0.0,0.0,0.0,0.0,0.0,0.0,0.0,0.0,0,-107875648.0,53,0.0,106,-107614832.0,0.0,ERR,ERR,ERR,ERR,ERR,ERR,ERR,ERR,ERR,ERR,ERR,ERR,ERR,ERR,ERR,ERR,ERR,ERR,ERR,ERR,ERR,ERR,ERR,ERR,ERR,ERR,ERR,ERR,ERR,ERR,ERR,ERR,ERR,ERR,ERR,ERR,ERR,ERR,ERR,ERR,ERR,ERR,ERR,ERR,ERR,ERR,ERR,ERR,ERR,ERR,ERR,ERR,ERR,ERR,ERR,ERR,ERR,ERR,ERR,ERR,ERR,ERR,ERR,ERR,ERR,ERR,ERR,50.0,60.0,100,0.0,0.0,0.0,0.0,0.0,0.0,0.0,0.0,0.0,0.0,0.0,0.0,0.0,0.0,0.0,0.0,61.6,65,19,65520,50,65476,0,300,0,0,8,20529,65476,0,0,26214,60.0,0.0,0.0,0.0,0.0,0.0
2026-05-17T16:01:08,ERR,ERR,ERR,ERR,ERR,ERR,ERR,ERR,ERR,ERR,ERR,ERR,ERR,ERR,ERR,ERR,ERR,ERR,ERR,ERR,ERR,ERR,ERR,ERR,ERR,ERR,ERR,ERR,ERR,ERR,ERR,ERR,ERR,ERR,ERR,ERR,ERR,ERR,ERR,ERR,ERR,ERR,ERR,ERR,ERR,ERR,ERR,ERR,ERR,ERR,ERR,ERR,ERR,ERR,ERR,ERR,ERR,ERR,ERR,ERR,ERR,ERR,ERR,ERR,ERR,ERR,ERR,ERR,ERR,ERR,ERR,ERR,ERR,ERR,ERR,ERR,ERR,ERR,ERR,ERR,ERR,ERR,ERR,ERR,ERR,ERR,ERR,ERR,ERR,ERR,ERR,ERR,ERR,ERR,ERR,ERR,ERR,ERR,ERR,ERR,ERR,ERR,ERR,ERR,ERR,ERR,ERR,ERR,ERR,ERR,ERR,ERR,ERR,ERR,ERR,ERR,ERR,ERR,ERR,ERR,ERR,ERR,ERR,ERR,ERR,0.0,-0.0,-0.0,0.0,0.0,1.3936040501711995e+18,7.805,0.0,0,0,4,0,8422,0.0,45,0.0,0.0,0.0,0.0,0.0,0,0,0,0,0.0,0,0,0,0,0,0,0,0,0,0,0,0,0,0,0,0,0,0,0,0,0,0,0,0,0,0,0,0,0,0,0,0,0,38,14,7,45,65476,0,300,0,0,8,21553,0.0,-107605600.0,0.0,0.0,0.0,0.0,0.0,0.0,0.0,0.0,0.0,0.0,0.0,0.0,0.0,0.0,0.0,0.0,0.0,0.0,0.0,0.0,-2.004,-0.0,2.004,-2.004,0.0,0.0,0.0,0.0,5005.0,-0.0,0.0,0.0,-0.0,-107615272.0,2.718429120148166e+23,0.0,0.0,0.0,0.0,53,152018454839296.0,-0.0,0.0,0.0,0.0,0.0,0.0,0.0,0.0,0,0,0,0.0,0.0,0.0,0.0,0.0,0.0,0.0,0.0,0.0,0.0,0.0,0.0,0.0,0.0,0.0,0.0,0,-107875648.0,53,0.0,106,-107614832.0,0.0,ERR,ERR,ERR,ERR,ERR,ERR,ERR,ERR,ERR,ERR,ERR,ERR,ERR,ERR,ERR,ERR,ERR,ERR,ERR,ERR,ERR,ERR,ERR,ERR,ERR,ERR,ERR,ERR,ERR,ERR,ERR,ERR,ERR,ERR,ERR,ERR,ERR,ERR,ERR,ERR,ERR,ERR,ERR,ERR,ERR,ERR,ERR,ERR,ERR,ERR,ERR,ERR,ERR,ERR,ERR,ERR,ERR,ERR,ERR,ERR,ERR,ERR,ERR,ERR,ERR,ERR,ERR,50.0,60.0,100,0.0,0.0,0.0,0.0,0.0,0.0,0.0,0.0,0.0,0.0,0.0,0.0,0.0,0.0,0.0,0.0,61.6,65,19,65520,50,65476,0,300,0,0,8,20529,65476,0,0,26214,60.0,0.0,0.0,0.0,0.0,0.0
2026-05-17T16:01:09,ERR,ERR,ERR,ERR,ERR,ERR,ERR,ERR,ERR,ERR,ERR,ERR,ERR,ERR,ERR,ERR,ERR,ERR,ERR,ERR,ERR,ERR,ERR,ERR,ERR,ERR,ERR,ERR,ERR,ERR,ERR,ERR,ERR,ERR,ERR,ERR,ERR,ERR,ERR,ERR,ERR,ERR,ERR,ERR,ERR,ERR,ERR,ERR,ERR,ERR,ERR,ERR,ERR,ERR,ERR,ERR,ERR,ERR,ERR,ERR,ERR,ERR,ERR,ERR,ERR,ERR,ERR,ERR,ERR,ERR,ERR,ERR,ERR,ERR,ERR,ERR,ERR,ERR,ERR,ERR,ERR,ERR,ERR,ERR,ERR,ERR,ERR,ERR,ERR,ERR,ERR,ERR,ERR,ERR,ERR,ERR,ERR,ERR,ERR,ERR,ERR,ERR,ERR,ERR,ERR,ERR,ERR,ERR,ERR,ERR,ERR,ERR,ERR,ERR,ERR,ERR,ERR,ERR,ERR,ERR,ERR,ERR,ERR,ERR,ERR,0.0,-0.0,-0.0,0.0,0.0,1.3936040501711995e+18,7.805,0.0,0,0,4,0,8422,0.0,45,0.0,0.0,0.0,0.0,0.0,0,0,0,0,0.0,0,0,0,0,0,0,0,0,0,0,0,0,0,0,0,0,0,0,0,0,0,0,0,0,0,0,0,0,0,0,0,0,0,38,14,7,45,65476,0,300,0,0,8,21553,0.0,-107605600.0,0.0,0.0,0.0,0.0,0.0,0.0,0.0,0.0,0.0,0.0,0.0,0.0,0.0,0.0,0.0,0.0,0.0,0.0,0.0,0.0,-2.004,-0.0,2.004,-2.004,0.0,0.0,0.0,0.0,5005.0,-0.0,0.0,0.0,-0.0,-107615272.0,2.718429120148166e+23,0.0,0.0,0.0,0.0,53,152018454839296.0,-0.0,0.0,0.0,0.0,0.0,0.0,0.0,0.0,0,0,0,0.0,0.0,0.0,0.0,0.0,0.0,0.0,0.0,0.0,0.0,0.0,0.0,0.0,0.0,0.0,0.0,0,-107875648.0,53,0.0,106,-107614832.0,0.0,ERR,ERR,ERR,ERR,ERR,ERR,ERR,ERR,ERR,ERR,ERR,ERR,ERR,ERR,ERR,ERR,ERR,ERR,ERR,ERR,ERR,ERR,ERR,ERR,ERR,ERR,ERR,ERR,ERR,ERR,ERR,ERR,ERR,ERR,ERR,ERR,ERR,ERR,ERR,ERR,ERR,ERR,ERR,ERR,ERR,ERR,ERR,ERR,ERR,ERR,ERR,ERR,ERR,ERR,ERR,ERR,ERR,ERR,ERR,ERR,ERR,ERR,ERR,ERR,ERR,ERR,ERR,50.0,60.0,100,0.0,0.0,0.0,0.0,0.0,0.0,0.0,0.0,0.0,0.0,0.0,0.0,0.0,0.0,0.0,0.0,62.0,65,19,65520,50,65476,0,300,0,0,8,20529,65476,0,0,26214,60.0,0.0,0.0,0.0,0.0,0.0
2026-05-17T16:01:10,ERR,ERR,ERR,ERR,ERR,ERR,ERR,ERR,ERR,ERR,ERR,ERR,ERR,ERR,ERR,ERR,ERR,ERR,ERR,ERR,ERR,ERR,ERR,ERR,ERR,ERR,ERR,ERR,ERR,ERR,ERR,ERR,ERR,ERR,ERR,ERR,ERR,ERR,ERR,ERR,ERR,ERR,ERR,ERR,ERR,ERR,ERR,ERR,ERR,ERR,ERR,ERR,ERR,ERR,ERR,ERR,ERR,ERR,ERR,ERR,ERR,ERR,ERR,ERR,ERR,ERR,ERR,ERR,ERR,ERR,ERR,ERR,ERR,ERR,ERR,ERR,ERR,ERR,ERR,ERR,ERR,ERR,ERR,ERR,ERR,ERR,ERR,ERR,ERR,ERR,ERR,ERR,ERR,ERR,ERR,ERR,ERR,ERR,ERR,ERR,ERR,ERR,ERR,ERR,ERR,ERR,ERR,ERR,ERR,ERR,ERR,ERR,ERR,ERR,ERR,ERR,ERR,ERR,ERR,ERR,ERR,ERR,ERR,ERR,ERR,0.0,-0.0,-0.0,0.0,0.0,1.3936040501711995e+18,7.805,0.0,0,0,4,0,8422,0.0,45,0.0,0.0,0.0,0.0,0.0,0,0,0,0,0.0,0,0,0,0,0,0,0,0,0,0,0,0,0,0,0,0,0,0,0,0,0,0,0,0,0,0,0,0,0,0,0,0,0,38,14,7,45,65476,0,300,0,0,8,21553,0.0,-107605600.0,0.0,0.0,0.0,0.0,0.0,0.0,0.0,0.0,0.0,0.0,0.0,0.0,0.0,0.0,0.0,0.0,0.0,0.0,0.0,0.0,-2.004,-0.0,2.004,-2.004,0.0,0.0,0.0,0.0,5005.0,-0.0,0.0,0.0,-0.0,-107615272.0,2.718429120148166e+23,0.0,0.0,0.0,0.0,53,152018454839296.0,-0.0,0.0,0.0,0.0,0.0,0.0,0.0,0.0,0,0,0,0.0,0.0,0.0,0.0,0.0,0.0,0.0,0.0,0.0,0.0,0.0,0.0,0.0,0.0,0.0,0.0,0,-107875648.0,53,0.0,106,-107614832.0,0.0,ERR,ERR,ERR,ERR,ERR,ERR,ERR,ERR,ERR,ERR,ERR,ERR,ERR,ERR,ERR,ERR,ERR,ERR,ERR,ERR,ERR,ERR,ERR,ERR,ERR,ERR,ERR,ERR,ERR,ERR,ERR,ERR,ERR,ERR,ERR,ERR,ERR,ERR,ERR,ERR,ERR,ERR,ERR,ERR,ERR,ERR,ERR,ERR,ERR,ERR,ERR,ERR,ERR,ERR,ERR,ERR,ERR,ERR,ERR,ERR,ERR,ERR,ERR,ERR,ERR,ERR,ERR,50.0,60.0,100,0.0,0.0,0.0,0.0,0.0,0.0,0.0,0.0,0.0,0.0,0.0,0.0,0.0,0.0,0.0,0.0,62.0,65,19,65520,50,65476,0,300,0,0,8,20529,65476,0,0,26214,60.0,0.0,0.0,0.0,0.0,0.0
2026-05-17T16:01:11,ERR,ERR,ERR,ERR,ERR,ERR,ERR,ERR,ERR,ERR,ERR,ERR,ERR,ERR,ERR,ERR,ERR,ERR,ERR,ERR,ERR,ERR,ERR,ERR,ERR,ERR,ERR,ERR,ERR,ERR,ERR,ERR,ERR,ERR,ERR,ERR,ERR,ERR,ERR,ERR,ERR,ERR,ERR,ERR,ERR,ERR,ERR,ERR,ERR,ERR,ERR,ERR,ERR,ERR,ERR,ERR,ERR,ERR,ERR,ERR,ERR,ERR,ERR,ERR,ERR,ERR,ERR,ERR,ERR,ERR,ERR,ERR,ERR,ERR,ERR,ERR,ERR,ERR,ERR,ERR,ERR,ERR,ERR,ERR,ERR,ERR,ERR,ERR,ERR,ERR,ERR,ERR,ERR,ERR,ERR,ERR,ERR,ERR,ERR,ERR,ERR,ERR,ERR,ERR,ERR,ERR,ERR,ERR,ERR,ERR,ERR,ERR,ERR,ERR,ERR,ERR,ERR,ERR,ERR,ERR,ERR,ERR,ERR,ERR,ERR,0.0,-0.0,-0.0,0.0,0.0,1.3936040501711995e+18,7.805,0.0,0,0,4,0,8422,0.0,45,0.0,0.0,0.0,0.0,0.0,0,0,0,0,0.0,0,0,0,0,0,0,0,0,0,0,0,0,0,0,0,0,0,0,0,0,0,0,0,0,0,0,0,0,0,0,0,0,0,38,14,7,45,65476,0,300,0,0,8,21553,0.0,-107605600.0,0.0,0.0,0.0,0.0,0.0,0.0,0.0,0.0,0.0,0.0,0.0,0.0,0.0,0.0,0.0,0.0,0.0,0.0,0.0,0.0,-2.004,-0.0,2.004,-2.004,0.0,0.0,0.0,0.0,5005.0,-0.0,0.0,0.0,-0.0,-107615272.0,2.718429120148166e+23,0.0,0.0,0.0,0.0,53,152018454839296.0,-0.0,0.0,0.0,0.0,0.0,0.0,0.0,0.0,0,0,0,0.0,0.0,0.0,0.0,0.0,0.0,0.0,0.0,0.0,0.0,0.0,0.0,0.0,0.0,0.0,0.0,0,-107875648.0,53,0.0,106,-107614832.0,0.0,ERR,ERR,ERR,ERR,ERR,ERR,ERR,ERR,ERR,ERR,ERR,ERR,ERR,ERR,ERR,ERR,ERR,ERR,ERR,ERR,ERR,ERR,ERR,ERR,ERR,ERR,ERR,ERR,ERR,ERR,ERR,ERR,ERR,ERR,ERR,ERR,ERR,ERR,ERR,ERR,ERR,ERR,ERR,ERR,ERR,ERR,ERR,ERR,ERR,ERR,ERR,ERR,ERR,ERR,ERR,ERR,ERR,ERR,ERR,ERR,ERR,ERR,ERR,ERR,ERR,ERR,ERR,50.0,60.0,100,0.0,0.0,0.0,0.0,0.0,0.0,0.0,0.0,0.0,0.0,0.0,0.0,0.0,0.0,0.0,0.0,61.6,65,19,65520,50,65476,0,300,0,0,8,20529,65476,0,0,26214,60.0,0.0,0.0,0.0,0.0,0.0
2026-05-17T16:01:12,ERR,ERR,ERR,ERR,ERR,ERR,ERR,ERR,ERR,ERR,ERR,ERR,ERR,ERR,ERR,ERR,ERR,ERR,ERR,ERR,ERR,ERR,ERR,ERR,ERR,ERR,ERR,ERR,ERR,ERR,ERR,ERR,ERR,ERR,ERR,ERR,ERR,ERR,ERR,ERR,ERR,ERR,ERR,ERR,ERR,ERR,ERR,ERR,ERR,ERR,ERR,ERR,ERR,ERR,ERR,ERR,ERR,ERR,ERR,ERR,ERR,ERR,ERR,ERR,ERR,ERR,ERR,ERR,ERR,ERR,ERR,ERR,ERR,ERR,ERR,ERR,ERR,ERR,ERR,ERR,ERR,ERR,ERR,ERR,ERR,ERR,ERR,ERR,ERR,ERR,ERR,ERR,ERR,ERR,ERR,ERR,ERR,ERR,ERR,ERR,ERR,ERR,ERR,ERR,ERR,ERR,ERR,ERR,ERR,ERR,ERR,ERR,ERR,ERR,ERR,ERR,ERR,ERR,ERR,ERR,ERR,ERR,ERR,ERR,ERR,0.0,-0.0,-0.0,0.0,0.0,1.3936040501711995e+18,7.805,0.0,0,0,4,0,8422,0.0,45,0.0,0.0,0.0,0.0,0.0,0,0,0,0,0.0,0,0,0,0,0,0,0,0,0,0,0,0,0,0,0,0,0,0,0,0,0,0,0,0,0,0,0,0,0,0,0,0,0,38,14,7,45,65476,0,300,0,0,8,21553,0.0,-107605600.0,0.0,0.0,0.0,0.0,0.0,0.0,0.0,0.0,0.0,0.0,0.0,0.0,0.0,0.0,0.0,0.0,0.0,0.0,0.0,0.0,-2.004,-0.0,2.004,-2.004,0.0,0.0,0.0,0.0,5005.0,-0.0,0.0,0.0,-0.0,-107615272.0,2.718429120148166e+23,0.0,0.0,0.0,0.0,53,152018454839296.0,-0.0,0.0,0.0,0.0,0.0,0.0,0.0,0.0,0,0,0,0.0,0.0,0.0,0.0,0.0,0.0,0.0,0.0,0.0,0.0,0.0,0.0,0.0,0.0,0.0,0.0,0,-107875648.0,53,0.0,106,-107614832.0,0.0,ERR,ERR,ERR,ERR,ERR,ERR,ERR,ERR,ERR,ERR,ERR,ERR,ERR,ERR,ERR,ERR,ERR,ERR,ERR,ERR,ERR,ERR,ERR,ERR,ERR,ERR,ERR,ERR,ERR,ERR,ERR,ERR,ERR,ERR,ERR,ERR,ERR,ERR,ERR,ERR,ERR,ERR,ERR,ERR,ERR,ERR,ERR,ERR,ERR,ERR,ERR,ERR,ERR,ERR,ERR,ERR,ERR,ERR,ERR,ERR,ERR,ERR,ERR,ERR,ERR,ERR,ERR,50.0,60.0,100,0.0,0.0,0.0,0.0,0.0,0.0,0.0,0.0,0.0,0.0,0.0,0.0,0.0,0.0,0.0,0.0,61.6,65,19,65520,50,65476,0,300,0,0,8,20529,65476,0,0,26214,60.0,0.0,0.0,0.0,0.0,0.0
2026-05-17T16:01:13,ERR,ERR,ERR,ERR,ERR,ERR,ERR,ERR,ERR,ERR,ERR,ERR,ERR,ERR,ERR,ERR,ERR,ERR,ERR,ERR,ERR,ERR,ERR,ERR,ERR,ERR,ERR,ERR,ERR,ERR,ERR,ERR,ERR,ERR,ERR,ERR,ERR,ERR,ERR,ERR,ERR,ERR,ERR,ERR,ERR,ERR,ERR,ERR,ERR,ERR,ERR,ERR,ERR,ERR,ERR,ERR,ERR,ERR,ERR,ERR,ERR,ERR,ERR,ERR,ERR,ERR,ERR,ERR,ERR,ERR,ERR,ERR,ERR,ERR,ERR,ERR,ERR,ERR,ERR,ERR,ERR,ERR,ERR,ERR,ERR,ERR,ERR,ERR,ERR,ERR,ERR,ERR,ERR,ERR,ERR,ERR,ERR,ERR,ERR,ERR,ERR,ERR,ERR,ERR,ERR,ERR,ERR,ERR,ERR,ERR,ERR,ERR,ERR,ERR,ERR,ERR,ERR,ERR,ERR,ERR,ERR,ERR,ERR,ERR,ERR,0.0,-0.0,-0.0,0.0,0.0,1.3936040501711995e+18,7.805,0.0,0,0,4,0,8422,0.0,45,0.0,0.0,0.0,0.0,0.0,0,0,0,0,0.0,0,0,0,0,0,0,0,0,0,0,0,0,0,0,0,0,0,0,0,0,0,0,0,0,0,0,0,0,0,0,0,0,0,38,14,7,45,65476,0,300,0,0,8,21553,0.0,-107605600.0,0.0,0.0,0.0,0.0,0.0,0.0,0.0,0.0,0.0,0.0,0.0,0.0,0.0,0.0,0.0,0.0,0.0,0.0,0.0,0.0,-2.004,-0.0,2.004,-2.004,0.0,0.0,0.0,0.0,5036.0,2.004,0.0,0.0,-0.0,-107615272.0,2.718429120148166e+23,0.0,0.0,0.0,0.0,53,126841110528.0,89220.57,0.0,0.0,0.0,0.0,0.0,0.0,0.0,0,0,0,0.0,0.0,0.0,0.0,0.0,0.0,0.0,0.0,0.0,0.0,0.0,0.0,0.0,0.0,0.0,0.0,0,-107875648.0,53,0.0,106,-107614832.0,0.0,ERR,ERR,ERR,ERR,ERR,ERR,ERR,ERR,ERR,ERR,ERR,ERR,ERR,ERR,ERR,ERR,ERR,ERR,ERR,ERR,ERR,ERR,ERR,ERR,ERR,ERR,ERR,ERR,ERR,ERR,ERR,ERR,ERR,ERR,ERR,ERR,ERR,ERR,ERR,ERR,ERR,ERR,ERR,ERR,ERR,ERR,ERR,ERR,ERR,ERR,ERR,ERR,ERR,ERR,ERR,ERR,ERR,ERR,ERR,ERR,ERR,ERR,ERR,ERR,ERR,ERR,ERR,50.0,60.0,100,0.0,0.0,0.0,0.0,0.0,0.0,0.0,0.0,0.0,0.0,0.0,0.0,0.0,0.0,0.0,0.0,61.6,65,19,65520,50,65476,0,300,0,0,8,20529,65476,0,0,26214,60.0,0.0,0.0,0.0,0.0,0.0
2026-05-17T16:01:14,ERR,ERR,ERR,ERR,ERR,ERR,ERR,ERR,ERR,ERR,ERR,ERR,ERR,ERR,ERR,ERR,ERR,ERR,ERR,ERR,ERR,ERR,ERR,ERR,ERR,ERR,ERR,ERR,ERR,ERR,ERR,ERR,ERR,ERR,ERR,ERR,ERR,ERR,ERR,ERR,ERR,ERR,ERR,ERR,ERR,ERR,ERR,ERR,ERR,ERR,ERR,ERR,ERR,ERR,ERR,ERR,ERR,ERR,ERR,ERR,ERR,ERR,ERR,ERR,ERR,ERR,ERR,ERR,ERR,ERR,ERR,ERR,ERR,ERR,ERR,ERR,ERR,ERR,ERR,ERR,ERR,ERR,ERR,ERR,ERR,ERR,ERR,ERR,ERR,ERR,ERR,ERR,ERR,ERR,ERR,ERR,ERR,ERR,ERR,ERR,ERR,ERR,ERR,ERR,ERR,ERR,ERR,ERR,ERR,ERR,ERR,ERR,ERR,ERR,ERR,ERR,ERR,ERR,ERR,ERR,ERR,ERR,ERR,ERR,ERR,0.0,-0.0,-0.0,0.0,0.0,1.3936040501711995e+18,7.805,0.0,0,0,4,0,8422,0.0,45,0.0,0.0,0.0,0.0,0.0,0,0,0,0,0.0,0,0,0,0,0,0,0,0,0,0,0,0,0,0,0,0,0,0,0,0,0,0,0,0,0,0,0,0,0,0,0,0,0,38,14,7,45,65476,0,300,0,0,8,21553,0.0,-107605600.0,0.0,0.0,0.0,0.0,0.0,0.0,0.0,0.0,0.0,0.0,0.0,0.0,0.0,0.0,0.0,0.0,0.0,0.0,0.0,0.0,-2.004,-0.0,2.004,-2.004,0.0,0.0,0.0,0.0,5036.0,2.004,0.0,0.0,-0.0,-107615272.0,2.718429120148166e+23,0.0,0.0,0.0,0.0,53,126841110528.0,89220.57,0.0,0.0,0.0,0.0,0.0,0.0,0.0,0,0,0,0.0,0.0,0.0,0.0,0.0,0.0,0.0,0.0,0.0,0.0,0.0,0.0,0.0,0.0,0.0,0.0,0,-107875648.0,53,0.0,106,-107614832.0,0.0,ERR,ERR,ERR,ERR,ERR,ERR,ERR,ERR,ERR,ERR,ERR,ERR,ERR,ERR,ERR,ERR,ERR,ERR,ERR,ERR,ERR,ERR,ERR,ERR,ERR,ERR,ERR,ERR,ERR,ERR,ERR,ERR,ERR,ERR,ERR,ERR,ERR,ERR,ERR,ERR,ERR,ERR,ERR,ERR,ERR,ERR,ERR,ERR,ERR,ERR,ERR,ERR,ERR,ERR,ERR,ERR,ERR,ERR,ERR,ERR,ERR,ERR,ERR,ERR,ERR,ERR,ERR,50.0,60.0,100,0.0,0.0,0.0,0.0,0.0,0.0,0.0,0.0,0.0,0.0,0.0,0.0,0.0,0.0,0.0,0.0,61.6,65,19,65520,50,65476,0,300,0,0,8,20529,65476,0,0,26214,60.0,0.0,0.0,0.0,0.0,0.0
2026-05-17T16:01:15,ERR,ERR,ERR,ERR,ERR,ERR,ERR,ERR,ERR,ERR,ERR,ERR,ERR,ERR,ERR,ERR,ERR,ERR,ERR,ERR,ERR,ERR,ERR,ERR,ERR,ERR,ERR,ERR,ERR,ERR,ERR,ERR,ERR,ERR,ERR,ERR,ERR,ERR,ERR,ERR,ERR,ERR,ERR,ERR,ERR,ERR,ERR,ERR,ERR,ERR,ERR,ERR,ERR,ERR,ERR,ERR,ERR,ERR,ERR,ERR,ERR,ERR,ERR,ERR,ERR,ERR,ERR,ERR,ERR,ERR,ERR,ERR,ERR,ERR,ERR,ERR,ERR,ERR,ERR,ERR,ERR,ERR,ERR,ERR,ERR,ERR,ERR,ERR,ERR,ERR,ERR,ERR,ERR,ERR,ERR,ERR,ERR,ERR,ERR,ERR,ERR,ERR,ERR,ERR,ERR,ERR,ERR,ERR,ERR,ERR,ERR,ERR,ERR,ERR,ERR,ERR,ERR,ERR,ERR,ERR,ERR,ERR,ERR,ERR,ERR,0.0,-0.0,-0.0,0.0,0.0,1.3936040501711995e+18,7.805,0.0,0,0,4,0,8422,0.0,45,0.0,0.0,0.0,0.0,0.0,0,0,0,0,0.0,0,0,0,0,0,0,0,0,0,0,0,0,0,0,0,0,0,0,0,0,0,0,0,0,0,0,0,0,0,0,0,0,0,38,14,7,45,65476,0,300,0,0,8,21553,0.0,-107605600.0,0.0,0.0,0.0,0.0,0.0,0.0,0.0,0.0,0.0,0.0,0.0,0.0,0.0,0.0,0.0,0.0,0.0,0.0,0.0,0.0,-2.004,-0.0,2.004,-2.004,0.0,0.0,0.0,0.0,5036.0,2.004,0.0,0.0,-0.0,-107615272.0,2.718429120148166e+23,0.0,0.0,0.0,0.0,53,126841110528.0,89220.57,0.0,0.0,0.0,0.0,0.0,0.0,0.0,0,0,0,0.0,0.0,0.0,0.0,0.0,0.0,0.0,0.0,0.0,0.0,0.0,0.0,0.0,0.0,0.0,0.0,0,-107875648.0,53,0.0,106,-107614832.0,0.0,ERR,ERR,ERR,ERR,ERR,ERR,ERR,ERR,ERR,ERR,ERR,ERR,ERR,ERR,ERR,ERR,ERR,ERR,ERR,ERR,ERR,ERR,ERR,ERR,ERR,ERR,ERR,ERR,ERR,ERR,ERR,ERR,ERR,ERR,ERR,ERR,ERR,ERR,ERR,ERR,ERR,ERR,ERR,ERR,ERR,ERR,ERR,ERR,ERR,ERR,ERR,ERR,ERR,ERR,ERR,ERR,ERR,ERR,ERR,ERR,ERR,ERR,ERR,ERR,ERR,ERR,ERR,50.0,60.0,100,0.0,0.0,0.0,0.0,0.0,0.0,0.0,0.0,0.0,0.0,0.0,0.0,0.0,0.0,0.0,0.0,61.6,65,19,65520,50,65476,0,300,0,0,8,20529,65476,0,0,26214,60.0,0.0,0.0,0.0,0.0,0.0
2026-05-17T16:01:16,ERR,ERR,ERR,ERR,ERR,ERR,ERR,ERR,ERR,ERR,ERR,ERR,ERR,ERR,ERR,ERR,ERR,ERR,ERR,ERR,ERR,ERR,ERR,ERR,ERR,ERR,ERR,ERR,ERR,ERR,ERR,ERR,ERR,ERR,ERR,ERR,ERR,ERR,ERR,ERR,ERR,ERR,ERR,ERR,ERR,ERR,ERR,ERR,ERR,ERR,ERR,ERR,ERR,ERR,ERR,ERR,ERR,ERR,ERR,ERR,ERR,ERR,ERR,ERR,ERR,ERR,ERR,ERR,ERR,ERR,ERR,ERR,ERR,ERR,ERR,ERR,ERR,ERR,ERR,ERR,ERR,ERR,ERR,ERR,ERR,ERR,ERR,ERR,ERR,ERR,ERR,ERR,ERR,ERR,ERR,ERR,ERR,ERR,ERR,ERR,ERR,ERR,ERR,ERR,ERR,ERR,ERR,ERR,ERR,ERR,ERR,ERR,ERR,ERR,ERR,ERR,ERR,ERR,ERR,ERR,ERR,ERR,ERR,ERR,ERR,0.0,-0.0,-0.0,0.0,0.0,1.3936040501711995e+18,7.805,0.0,0,0,4,0,8422,0.0,45,0.0,0.0,0.0,0.0,0.0,0,0,0,0,0.0,0,0,0,0,0,0,0,0,0,0,0,0,0,0,0,0,0,0,0,0,0,0,0,0,0,0,0,0,0,0,0,0,0,38,14,7,45,65476,0,300,0,0,8,21553,0.0,-107605600.0,0.0,0.0,0.0,0.0,0.0,0.0,0.0,0.0,0.0,0.0,0.0,0.0,0.0,0.0,0.0,0.0,0.0,0.0,0.0,0.0,-2.004,-0.0,2.004,-2.004,0.0,0.0,0.0,0.0,5036.0,2.004,0.0,0.0,-0.0,-107615272.0,2.718429120148166e+23,0.0,0.0,0.0,0.0,53,126841110528.0,89220.57,0.0,0.0,0.0,0.0,0.0,0.0,0.0,0,0,0,0.0,0.0,0.0,0.0,0.0,0.0,0.0,0.0,0.0,0.0,0.0,0.0,0.0,0.0,0.0,0.0,0,-107875648.0,53,0.0,106,-107614832.0,0.0,ERR,ERR,ERR,ERR,ERR,ERR,ERR,ERR,ERR,ERR,ERR,ERR,ERR,ERR,ERR,ERR,ERR,ERR,ERR,ERR,ERR,ERR,ERR,ERR,ERR,ERR,ERR,ERR,ERR,ERR,ERR,ERR,ERR,ERR,ERR,ERR,ERR,ERR,ERR,ERR,ERR,ERR,ERR,ERR,ERR,ERR,ERR,ERR,ERR,ERR,ERR,ERR,ERR,ERR,ERR,ERR,ERR,ERR,ERR,ERR,ERR,ERR,ERR,ERR,ERR,ERR,ERR,50.0,60.0,100,0.0,0.0,0.0,0.0,0.0,0.0,0.0,0.0,0.0,0.0,0.0,0.0,0.0,0.0,0.0,0.0,61.6,65,19,65520,50,65476,0,300,0,0,8,20529,65476,0,0,26214,60.0,0.0,0.0,0.0,0.0,0.0
2026-05-17T16:01:17,ERR,ERR,ERR,ERR,ERR,ERR,ERR,ERR,ERR,ERR,ERR,ERR,ERR,ERR,ERR,ERR,ERR,ERR,ERR,ERR,ERR,ERR,ERR,ERR,ERR,ERR,ERR,ERR,ERR,ERR,ERR,ERR,ERR,ERR,ERR,ERR,ERR,ERR,ERR,ERR,ERR,ERR,ERR,ERR,ERR,ERR,ERR,ERR,ERR,ERR,ERR,ERR,ERR,ERR,ERR,ERR,ERR,ERR,ERR,ERR,ERR,ERR,ERR,ERR,ERR,ERR,ERR,ERR,ERR,ERR,ERR,ERR,ERR,ERR,ERR,ERR,ERR,ERR,ERR,ERR,ERR,ERR,ERR,ERR,ERR,ERR,ERR,ERR,ERR,ERR,ERR,ERR,ERR,ERR,ERR,ERR,ERR,ERR,ERR,ERR,ERR,ERR,ERR,ERR,ERR,ERR,ERR,ERR,ERR,ERR,ERR,ERR,ERR,ERR,ERR,ERR,ERR,ERR,ERR,ERR,ERR,ERR,ERR,ERR,ERR,0.0,-0.0,-0.0,0.0,0.0,1.3936040501711995e+18,7.805,0.0,0,0,4,0,8422,0.0,45,0.0,0.0,0.0,0.0,0.0,0,0,0,0,0.0,0,0,0,0,0,0,0,0,0,0,0,0,0,0,0,0,0,0,0,0,0,0,0,0,0,0,0,0,0,0,0,0,0,38,14,7,45,65476,0,300,0,0,8,21553,0.0,-107605600.0,0.0,0.0,0.0,0.0,0.0,0.0,0.0,0.0,0.0,0.0,0.0,0.0,0.0,0.0,0.0,0.0,0.0,0.0,0.0,0.0,-2.004,-0.0,2.004,-2.004,0.0,0.0,0.0,0.0,5036.0,2.004,0.0,0.0,-0.0,-107615272.0,2.718429120148166e+23,0.0,0.0,0.0,0.0,53,126841110528.0,89220.57,0.0,0.0,0.0,0.0,0.0,0.0,0.0,0,0,0,0.0,0.0,0.0,0.0,0.0,0.0,0.0,0.0,0.0,0.0,0.0,0.0,0.0,0.0,0.0,0.0,0,-107875648.0,53,0.0,106,-107614832.0,0.0,ERR,ERR,ERR,ERR,ERR,ERR,ERR,ERR,ERR,ERR,ERR,ERR,ERR,ERR,ERR,ERR,ERR,ERR,ERR,ERR,ERR,ERR,ERR,ERR,ERR,ERR,ERR,ERR,ERR,ERR,ERR,ERR,ERR,ERR,ERR,ERR,ERR,ERR,ERR,ERR,ERR,ERR,ERR,ERR,ERR,ERR,ERR,ERR,ERR,ERR,ERR,ERR,ERR,ERR,ERR,ERR,ERR,ERR,ERR,ERR,ERR,ERR,ERR,ERR,ERR,ERR,ERR,50.0,60.0,100,0.0,0.0,0.0,0.0,0.0,0.0,0.0,0.0,0.0,0.0,0.0,0.0,0.0,0.0,0.0,0.0,61.6,65,19,65520,50,65476,0,300,0,0,8,20529,65476,0,0,26214,60.0,0.0,0.0,0.0,0.0,0.0
2026-05-17T16:01:18,ERR,ERR,ERR,ERR,ERR,ERR,ERR,ERR,ERR,ERR,ERR,ERR,ERR,ERR,ERR,ERR,ERR,ERR,ERR,ERR,ERR,ERR,ERR,ERR,ERR,ERR,ERR,ERR,ERR,ERR,ERR,ERR,ERR,ERR,ERR,ERR,ERR,ERR,ERR,ERR,ERR,ERR,ERR,ERR,ERR,ERR,ERR,ERR,ERR,ERR,ERR,ERR,ERR,ERR,ERR,ERR,ERR,ERR,ERR,ERR,ERR,ERR,ERR,ERR,ERR,ERR,ERR,ERR,ERR,ERR,ERR,ERR,ERR,ERR,ERR,ERR,ERR,ERR,ERR,ERR,ERR,ERR,ERR,ERR,ERR,ERR,ERR,ERR,ERR,ERR,ERR,ERR,ERR,ERR,ERR,ERR,ERR,ERR,ERR,ERR,ERR,ERR,ERR,ERR,ERR,ERR,ERR,ERR,ERR,ERR,ERR,ERR,ERR,ERR,ERR,ERR,ERR,ERR,ERR,ERR,ERR,ERR,ERR,ERR,ERR,0.0,-0.0,-0.0,0.0,0.0,1.3936040501711995e+18,7.805,0.0,0,0,4,0,8422,0.0,45,0.0,0.0,0.0,0.0,0.0,0,0,0,0,0.0,0,0,0,0,0,0,0,0,0,0,0,0,0,0,0,0,0,0,0,0,0,0,0,0,0,0,0,0,0,0,0,0,0,38,14,7,45,65476,0,300,0,0,8,21553,0.0,-107605600.0,0.0,0.0,0.0,0.0,0.0,0.0,0.0,0.0,0.0,0.0,0.0,0.0,0.0,0.0,0.0,0.0,0.0,0.0,0.0,0.0,-2.004,-0.0,2.004,-2.004,0.0,0.0,0.0,0.0,5036.0,2.004,0.0,0.0,-0.0,-107615272.0,2.718429120148166e+23,0.0,0.0,0.0,0.0,53,126841110528.0,89220.57,0.0,0.0,0.0,0.0,0.0,0.0,0.0,0,0,0,0.0,0.0,0.0,0.0,0.0,0.0,0.0,0.0,0.0,0.0,0.0,0.0,0.0,0.0,0.0,0.0,0,-107875648.0,53,0.0,106,-107614832.0,0.0,ERR,ERR,ERR,ERR,ERR,ERR,ERR,ERR,ERR,ERR,ERR,ERR,ERR,ERR,ERR,ERR,ERR,ERR,ERR,ERR,ERR,ERR,ERR,ERR,ERR,ERR,ERR,ERR,ERR,ERR,ERR,ERR,ERR,ERR,ERR,ERR,ERR,ERR,ERR,ERR,ERR,ERR,ERR,ERR,ERR,ERR,ERR,ERR,ERR,ERR,ERR,ERR,ERR,ERR,ERR,ERR,ERR,ERR,ERR,ERR,ERR,ERR,ERR,ERR,ERR,ERR,ERR,50.0,60.0,100,0.0,0.0,0.0,0.0,0.0,0.0,0.0,0.0,0.0,0.0,0.0,0.0,0.0,0.0,0.0,0.0,61.6,65,19,65520,50,65476,0,300,0,0,8,20529,65476,0,0,26214,60.0,0.0,0.0,0.0,0.0,0.0
2026-05-17T16:01:19,ERR,ERR,ERR,ERR,ERR,ERR,ERR,ERR,ERR,ERR,ERR,ERR,ERR,ERR,ERR,ERR,ERR,ERR,ERR,ERR,ERR,ERR,ERR,ERR,ERR,ERR,ERR,ERR,ERR,ERR,ERR,ERR,ERR,ERR,ERR,ERR,ERR,ERR,ERR,ERR,ERR,ERR,ERR,ERR,ERR,ERR,ERR,ERR,ERR,ERR,ERR,ERR,ERR,ERR,ERR,ERR,ERR,ERR,ERR,ERR,ERR,ERR,ERR,ERR,ERR,ERR,ERR,ERR,ERR,ERR,ERR,ERR,ERR,ERR,ERR,ERR,ERR,ERR,ERR,ERR,ERR,ERR,ERR,ERR,ERR,ERR,ERR,ERR,ERR,ERR,ERR,ERR,ERR,ERR,ERR,ERR,ERR,ERR,ERR,ERR,ERR,ERR,ERR,ERR,ERR,ERR,ERR,ERR,ERR,ERR,ERR,ERR,ERR,ERR,ERR,ERR,ERR,ERR,ERR,ERR,ERR,ERR,ERR,ERR,ERR,0.0,-0.0,-0.0,0.0,0.0,1.3936040501711995e+18,7.805,0.0,0,0,4,0,8422,0.0,45,0.0,0.0,0.0,0.0,0.0,0,0,0,0,0.0,0,0,0,0,0,0,0,0,0,0,0,0,0,0,0,0,0,0,0,0,0,0,0,0,0,0,0,0,0,0,0,0,0,38,14,7,45,65476,0,300,0,0,8,21553,0.0,-107605600.0,0.0,0.0,0.0,0.0,0.0,0.0,0.0,0.0,0.0,0.0,0.0,0.0,0.0,0.0,0.0,0.0,0.0,0.0,0.0,0.0,-2.004,-0.0,2.004,-2.004,0.0,0.0,0.0,0.0,5031.0,1.040665504650976e+34,0.0,0.0,-0.0,-107615272.0,2.718429120148166e+23,0.0,0.0,0.0,0.0,53,0.0,-0.0,0.0,0.0,0.0,0.0,0.0,0.0,0.0,0,0,0,0.0,0.0,0.0,0.0,0.0,0.0,0.0,0.0,0.0,0.0,0.0,0.0,0.0,0.0,0.0,0.0,0,-107875648.0,53,0.0,106,-107614832.0,0.0,ERR,ERR,ERR,ERR,ERR,ERR,ERR,ERR,ERR,ERR,ERR,ERR,ERR,ERR,ERR,ERR,ERR,ERR,ERR,ERR,ERR,ERR,ERR,ERR,ERR,ERR,ERR,ERR,ERR,ERR,ERR,ERR,ERR,ERR,ERR,ERR,ERR,ERR,ERR,ERR,ERR,ERR,ERR,ERR,ERR,ERR,ERR,ERR,ERR,ERR,ERR,ERR,ERR,ERR,ERR,ERR,ERR,ERR,ERR,ERR,ERR,ERR,ERR,ERR,ERR,ERR,ERR,50.0,60.0,100,0.0,0.0,0.0,0.0,0.0,0.0,0.0,0.0,0.0,0.0,0.0,0.0,0.0,0.0,0.0,0.0,61.6,65,19,65520,50,65476,0,300,0,0,8,20529,65476,0,0,26214,60.0,0.0,0.0,0.0,0.0,0.0
2026-05-17T16:01:20,ERR,ERR,ERR,ERR,ERR,ERR,ERR,ERR,ERR,ERR,ERR,ERR,ERR,ERR,ERR,ERR,ERR,ERR,ERR,ERR,ERR,ERR,ERR,ERR,ERR,ERR,ERR,ERR,ERR,ERR,ERR,ERR,ERR,ERR,ERR,ERR,ERR,ERR,ERR,ERR,ERR,ERR,ERR,ERR,ERR,ERR,ERR,ERR,ERR,ERR,ERR,ERR,ERR,ERR,ERR,ERR,ERR,ERR,ERR,ERR,ERR,ERR,ERR,ERR,ERR,ERR,ERR,ERR,ERR,ERR,ERR,ERR,ERR,ERR,ERR,ERR,ERR,ERR,ERR,ERR,ERR,ERR,ERR,ERR,ERR,ERR,ERR,ERR,ERR,ERR,ERR,ERR,ERR,ERR,ERR,ERR,ERR,ERR,ERR,ERR,ERR,ERR,ERR,ERR,ERR,ERR,ERR,ERR,ERR,ERR,ERR,ERR,ERR,ERR,ERR,ERR,ERR,ERR,ERR,ERR,ERR,ERR,ERR,ERR,ERR,0.0,-0.0,-0.0,0.0,0.0,1.3936040501711995e+18,7.805,0.0,0,0,4,0,8422,0.0,45,0.0,0.0,0.0,0.0,0.0,0,0,0,0,0.0,0,0,0,0,0,0,0,0,0,0,0,0,0,0,0,0,0,0,0,0,0,0,0,0,0,0,0,0,0,0,0,0,0,38,14,7,45,65476,0,300,0,0,8,21553,0.0,-107605600.0,0.0,0.0,0.0,0.0,0.0,0.0,0.0,0.0,0.0,0.0,0.0,0.0,0.0,0.0,0.0,0.0,0.0,0.0,0.0,0.0,-2.004,-0.0,2.004,-2.004,0.0,0.0,0.0,0.0,5031.0,1.040665504650976e+34,0.0,0.0,-0.0,-107615272.0,2.718429120148166e+23,0.0,0.0,0.0,0.0,53,0.0,-0.0,0.0,0.0,0.0,0.0,0.0,0.0,0.0,0,0,0,0.0,0.0,0.0,0.0,0.0,0.0,0.0,0.0,0.0,0.0,0.0,0.0,0.0,0.0,0.0,0.0,0,-107875648.0,53,0.0,106,-107614832.0,0.0,ERR,ERR,ERR,ERR,ERR,ERR,ERR,ERR,ERR,ERR,ERR,ERR,ERR,ERR,ERR,ERR,ERR,ERR,ERR,ERR,ERR,ERR,ERR,ERR,ERR,ERR,ERR,ERR,ERR,ERR,ERR,ERR,ERR,ERR,ERR,ERR,ERR,ERR,ERR,ERR,ERR,ERR,ERR,ERR,ERR,ERR,ERR,ERR,ERR,ERR,ERR,ERR,ERR,ERR,ERR,ERR,ERR,ERR,ERR,ERR,ERR,ERR,ERR,ERR,ERR,ERR,ERR,50.0,60.0,100,0.0,0.0,0.0,0.0,0.0,0.0,0.0,0.0,0.0,0.0,0.0,0.0,0.0,0.0,0.0,0.0,61.6,65,19,65520,50,65476,0,300,0,0,8,20529,65476,0,0,26214,60.0,0.0,0.0,0.0,0.0,0.0
2026-05-17T16:01:21,ERR,ERR,ERR,ERR,ERR,ERR,ERR,ERR,ERR,ERR,ERR,ERR,ERR,ERR,ERR,ERR,ERR,ERR,ERR,ERR,ERR,ERR,ERR,ERR,ERR,ERR,ERR,ERR,ERR,ERR,ERR,ERR,ERR,ERR,ERR,ERR,ERR,ERR,ERR,ERR,ERR,ERR,ERR,ERR,ERR,ERR,ERR,ERR,ERR,ERR,ERR,ERR,ERR,ERR,ERR,ERR,ERR,ERR,ERR,ERR,ERR,ERR,ERR,ERR,ERR,ERR,ERR,ERR,ERR,ERR,ERR,ERR,ERR,ERR,ERR,ERR,ERR,ERR,ERR,ERR,ERR,ERR,ERR,ERR,ERR,ERR,ERR,ERR,ERR,ERR,ERR,ERR,ERR,ERR,ERR,ERR,ERR,ERR,ERR,ERR,ERR,ERR,ERR,ERR,ERR,ERR,ERR,ERR,ERR,ERR,ERR,ERR,ERR,ERR,ERR,ERR,ERR,ERR,ERR,ERR,ERR,ERR,ERR,ERR,ERR,0.0,-0.0,-0.0,0.0,0.0,1.3936040501711995e+18,7.805,0.0,0,0,4,0,8422,0.0,45,0.0,0.0,0.0,0.0,0.0,0,0,0,0,0.0,0,0,0,0,0,0,0,0,0,0,0,0,0,0,0,0,0,0,0,0,0,0,0,0,0,0,0,0,0,0,0,0,0,38,14,7,45,65476,0,300,0,0,8,21553,0.0,-107605600.0,0.0,0.0,0.0,0.0,0.0,0.0,0.0,0.0,0.0,0.0,0.0,0.0,0.0,0.0,0.0,0.0,0.0,0.0,0.0,0.0,-2.004,-0.0,2.004,-2.004,0.0,0.0,0.0,0.0,5031.0,1.040665504650976e+34,0.0,0.0,-0.0,-107615272.0,2.718429120148166e+23,0.0,0.0,0.0,0.0,53,0.0,-0.0,0.0,0.0,0.0,0.0,0.0,0.0,0.0,0,0,0,0.0,0.0,0.0,0.0,0.0,0.0,0.0,0.0,0.0,0.0,0.0,0.0,0.0,0.0,0.0,0.0,0,-107875648.0,53,0.0,106,-107614832.0,0.0,ERR,ERR,ERR,ERR,ERR,ERR,ERR,ERR,ERR,ERR,ERR,ERR,ERR,ERR,ERR,ERR,ERR,ERR,ERR,ERR,ERR,ERR,ERR,ERR,ERR,ERR,ERR,ERR,ERR,ERR,ERR,ERR,ERR,ERR,ERR,ERR,ERR,ERR,ERR,ERR,ERR,ERR,ERR,ERR,ERR,ERR,ERR,ERR,ERR,ERR,ERR,ERR,ERR,ERR,ERR,ERR,ERR,ERR,ERR,ERR,ERR,ERR,ERR,ERR,ERR,ERR,ERR,50.0,60.0,100,0.0,0.0,0.0,0.0,0.0,0.0,0.0,0.0,0.0,0.0,0.0,0.0,0.0,0.0,0.0,0.0,61.6,65,19,65520,50,65476,0,300,0,0,8,20529,65476,0,0,26214,60.0,0.0,0.0,0.0,0.0,0.0
2026-05-17T16:01:22,ERR,ERR,ERR,ERR,ERR,ERR,ERR,ERR,ERR,ERR,ERR,ERR,ERR,ERR,ERR,ERR,ERR,ERR,ERR,ERR,ERR,ERR,ERR,ERR,ERR,ERR,ERR,ERR,ERR,ERR,ERR,ERR,ERR,ERR,ERR,ERR,ERR,ERR,ERR,ERR,ERR,ERR,ERR,ERR,ERR,ERR,ERR,ERR,ERR,ERR,ERR,ERR,ERR,ERR,ERR,ERR,ERR,ERR,ERR,ERR,ERR,ERR,ERR,ERR,ERR,ERR,ERR,ERR,ERR,ERR,ERR,ERR,ERR,ERR,ERR,ERR,ERR,ERR,ERR,ERR,ERR,ERR,ERR,ERR,ERR,ERR,ERR,ERR,ERR,ERR,ERR,ERR,ERR,ERR,ERR,ERR,ERR,ERR,ERR,ERR,ERR,ERR,ERR,ERR,ERR,ERR,ERR,ERR,ERR,ERR,ERR,ERR,ERR,ERR,ERR,ERR,ERR,ERR,ERR,ERR,ERR,ERR,ERR,ERR,ERR,0.0,-0.0,-0.0,0.0,0.0,1.3936040501711995e+18,7.805,0.0,0,0,4,0,8422,0.0,45,0.0,0.0,0.0,0.0,0.0,0,0,0,0,0.0,0,0,0,0,0,0,0,0,0,0,0,0,0,0,0,0,0,0,0,0,0,0,0,0,0,0,0,0,0,0,0,0,0,38,14,7,45,65476,0,300,0,0,8,21553,0.0,-107605600.0,0.0,0.0,0.0,0.0,0.0,0.0,0.0,0.0,0.0,0.0,0.0,0.0,0.0,0.0,0.0,0.0,0.0,0.0,0.0,0.0,-2.004,-0.0,2.004,-2.004,0.0,0.0,0.0,0.0,5031.0,1.040665504650976e+34,0.0,0.0,-0.0,-107615272.0,2.718429120148166e+23,0.0,0.0,0.0,0.0,53,0.0,-0.0,0.0,0.0,0.0,0.0,0.0,0.0,0.0,0,0,0,0.0,0.0,0.0,0.0,0.0,0.0,0.0,0.0,0.0,0.0,0.0,0.0,0.0,0.0,0.0,0.0,0,-107875648.0,53,0.0,106,-107614832.0,0.0,ERR,ERR,ERR,ERR,ERR,ERR,ERR,ERR,ERR,ERR,ERR,ERR,ERR,ERR,ERR,ERR,ERR,ERR,ERR,ERR,ERR,ERR,ERR,ERR,ERR,ERR,ERR,ERR,ERR,ERR,ERR,ERR,ERR,ERR,ERR,ERR,ERR,ERR,ERR,ERR,ERR,ERR,ERR,ERR,ERR,ERR,ERR,ERR,ERR,ERR,ERR,ERR,ERR,ERR,ERR,ERR,ERR,ERR,ERR,ERR,ERR,ERR,ERR,ERR,ERR,ERR,ERR,50.0,60.0,100,0.0,0.0,0.0,0.0,0.0,0.0,0.0,0.0,0.0,0.0,0.0,0.0,0.0,0.0,0.0,0.0,61.6,65,19,65520,50,65476,0,300,0,0,8,20529,65476,0,0,26214,60.0,0.0,0.0,0.0,0.0,0.0
2026-05-17T16:01:23,ERR,ERR,ERR,ERR,ERR,ERR,ERR,ERR,ERR,ERR,ERR,ERR,ERR,ERR,ERR,ERR,ERR,ERR,ERR,ERR,ERR,ERR,ERR,ERR,ERR,ERR,ERR,ERR,ERR,ERR,ERR,ERR,ERR,ERR,ERR,ERR,ERR,ERR,ERR,ERR,ERR,ERR,ERR,ERR,ERR,ERR,ERR,ERR,ERR,ERR,ERR,ERR,ERR,ERR,ERR,ERR,ERR,ERR,ERR,ERR,ERR,ERR,ERR,ERR,ERR,ERR,ERR,ERR,ERR,ERR,ERR,ERR,ERR,ERR,ERR,ERR,ERR,ERR,ERR,ERR,ERR,ERR,ERR,ERR,ERR,ERR,ERR,ERR,ERR,ERR,ERR,ERR,ERR,ERR,ERR,ERR,ERR,ERR,ERR,ERR,ERR,ERR,ERR,ERR,ERR,ERR,ERR,ERR,ERR,ERR,ERR,ERR,ERR,ERR,ERR,ERR,ERR,ERR,ERR,ERR,ERR,ERR,ERR,ERR,ERR,0.0,-0.0,-0.0,0.0,0.0,1.3936040501711995e+18,7.805,0.0,0,0,4,0,8422,0.0,45,0.0,0.0,0.0,0.0,0.0,0,0,0,0,0.0,0,0,0,0,0,0,0,0,0,0,0,0,0,0,0,0,0,0,0,0,0,0,0,0,0,0,0,0,0,0,0,0,0,38,14,7,45,65476,0,300,0,0,8,21553,0.0,-107605600.0,0.0,0.0,0.0,0.0,0.0,0.0,0.0,0.0,0.0,0.0,0.0,0.0,0.0,0.0,0.0,0.0,0.0,0.0,0.0,0.0,-2.004,-0.0,2.004,-2.004,0.0,0.0,0.0,0.0,5031.0,1.040665504650976e+34,0.0,0.0,-0.0,-107615272.0,2.718429120148166e+23,0.0,0.0,0.0,0.0,53,0.0,-0.0,0.0,0.0,0.0,0.0,0.0,0.0,0.0,0,0,0,0.0,0.0,0.0,0.0,0.0,0.0,0.0,0.0,0.0,0.0,0.0,0.0,0.0,0.0,0.0,0.0,0,-107875648.0,53,0.0,106,-107614832.0,0.0,ERR,ERR,ERR,ERR,ERR,ERR,ERR,ERR,ERR,ERR,ERR,ERR,ERR,ERR,ERR,ERR,ERR,ERR,ERR,ERR,ERR,ERR,ERR,ERR,ERR,ERR,ERR,ERR,ERR,ERR,ERR,ERR,ERR,ERR,ERR,ERR,ERR,ERR,ERR,ERR,ERR,ERR,ERR,ERR,ERR,ERR,ERR,ERR,ERR,ERR,ERR,ERR,ERR,ERR,ERR,ERR,ERR,ERR,ERR,ERR,ERR,ERR,ERR,ERR,ERR,ERR,ERR,50.0,60.0,100,0.0,0.0,0.0,0.0,0.0,0.0,0.0,0.0,0.0,0.0,0.0,0.0,0.0,0.0,0.0,0.0,61.6,65,19,65520,50,65476,0,300,0,0,8,20529,65476,0,0,26214,60.0,0.0,0.0,0.0,0.0,0.0
2026-05-17T16:01:24,ERR,ERR,ERR,ERR,ERR,ERR,ERR,ERR,ERR,ERR,ERR,ERR,ERR,ERR,ERR,ERR,ERR,ERR,ERR,ERR,ERR,ERR,ERR,ERR,ERR,ERR,ERR,ERR,ERR,ERR,ERR,ERR,ERR,ERR,ERR,ERR,ERR,ERR,ERR,ERR,ERR,ERR,ERR,ERR,ERR,ERR,ERR,ERR,ERR,ERR,ERR,ERR,ERR,ERR,ERR,ERR,ERR,ERR,ERR,ERR,ERR,ERR,ERR,ERR,ERR,ERR,ERR,ERR,ERR,ERR,ERR,ERR,ERR,ERR,ERR,ERR,ERR,ERR,ERR,ERR,ERR,ERR,ERR,ERR,ERR,ERR,ERR,ERR,ERR,ERR,ERR,ERR,ERR,ERR,ERR,ERR,ERR,ERR,ERR,ERR,ERR,ERR,ERR,ERR,ERR,ERR,ERR,ERR,ERR,ERR,ERR,ERR,ERR,ERR,ERR,ERR,ERR,ERR,ERR,ERR,ERR,ERR,ERR,ERR,ERR,0.0,-0.0,-0.0,0.0,0.0,1.3936040501711995e+18,7.805,0.0,0,0,4,0,8422,0.0,45,0.0,0.0,0.0,0.0,0.0,0,0,0,0,0.0,0,0,0,0,0,0,0,0,0,0,0,0,0,0,0,0,0,0,0,0,0,0,0,0,0,0,0,0,0,0,0,0,0,38,14,7,45,65476,0,300,0,0,8,21553,0.0,-107605600.0,0.0,0.0,0.0,0.0,0.0,0.0,0.0,0.0,0.0,0.0,0.0,0.0,0.0,0.0,0.0,0.0,0.0,0.0,0.0,0.0,-2.004,-0.0,2.004,-2.004,0.0,0.0,0.0,0.0,5029.0,-0.0,0.0,0.0,-0.0,-107615272.0,2.718429120148166e+23,0.0,0.0,0.0,0.0,53,0.0,-107614792.0,0.0,0.0,0.0,0.0,0.0,0.0,0.0,0,0,0,0.0,0.0,0.0,0.0,0.0,0.0,0.0,0.0,0.0,0.0,0.0,0.0,0.0,0.0,0.0,0.0,0,-107875648.0,53,0.0,106,-107614832.0,0.0,ERR,ERR,ERR,ERR,ERR,ERR,ERR,ERR,ERR,ERR,ERR,ERR,ERR,ERR,ERR,ERR,ERR,ERR,ERR,ERR,ERR,ERR,ERR,ERR,ERR,ERR,ERR,ERR,ERR,ERR,ERR,ERR,ERR,ERR,ERR,ERR,ERR,ERR,ERR,ERR,ERR,ERR,ERR,ERR,ERR,ERR,ERR,ERR,ERR,ERR,ERR,ERR,ERR,ERR,ERR,ERR,ERR,ERR,ERR,ERR,ERR,ERR,ERR,ERR,ERR,ERR,ERR,50.0,60.0,100,0.0,0.0,0.0,0.0,0.0,0.0,0.0,0.0,0.0,0.0,0.0,0.0,0.0,0.0,0.0,0.0,61.6,65,19,65520,50,65476,0,300,0,0,8,20529,65476,0,0,26214,60.0,0.0,0.0,0.0,0.0,0.0
2026-05-17T16:01:25,ERR,ERR,ERR,ERR,ERR,ERR,ERR,ERR,ERR,ERR,ERR,ERR,ERR,ERR,ERR,ERR,ERR,ERR,ERR,ERR,ERR,ERR,ERR,ERR,ERR,ERR,ERR,ERR,ERR,ERR,ERR,ERR,ERR,ERR,ERR,ERR,ERR,ERR,ERR,ERR,ERR,ERR,ERR,ERR,ERR,ERR,ERR,ERR,ERR,ERR,ERR,ERR,ERR,ERR,ERR,ERR,ERR,ERR,ERR,ERR,ERR,ERR,ERR,ERR,ERR,ERR,ERR,ERR,ERR,ERR,ERR,ERR,ERR,ERR,ERR,ERR,ERR,ERR,ERR,ERR,ERR,ERR,ERR,ERR,ERR,ERR,ERR,ERR,ERR,ERR,ERR,ERR,ERR,ERR,ERR,ERR,ERR,ERR,ERR,ERR,ERR,ERR,ERR,ERR,ERR,ERR,ERR,ERR,ERR,ERR,ERR,ERR,ERR,ERR,ERR,ERR,ERR,ERR,ERR,ERR,ERR,ERR,ERR,ERR,ERR,0.0,-0.0,-0.0,0.0,0.0,1.3936040501711995e+18,7.805,0.0,0,0,4,0,8422,0.0,45,0.0,0.0,0.0,0.0,0.0,0,0,0,0,0.0,0,0,0,0,0,0,0,0,0,0,0,0,0,0,0,0,0,0,0,0,0,0,0,0,0,0,0,0,0,0,0,0,0,38,14,7,45,65476,0,300,0,0,8,21553,0.0,-107605600.0,0.0,0.0,0.0,0.0,0.0,0.0,0.0,0.0,0.0,0.0,0.0,0.0,0.0,0.0,0.0,0.0,0.0,0.0,0.0,0.0,-2.004,-0.0,2.004,-2.004,0.0,0.0,0.0,0.0,5029.0,-0.0,0.0,0.0,-0.0,-107615272.0,2.718429120148166e+23,0.0,0.0,0.0,0.0,53,0.0,-107614792.0,0.0,0.0,0.0,0.0,0.0,0.0,0.0,0,0,0,0.0,0.0,0.0,0.0,0.0,0.0,0.0,0.0,0.0,0.0,0.0,0.0,0.0,0.0,0.0,0.0,0,-107875648.0,53,0.0,106,-107614832.0,0.0,ERR,ERR,ERR,ERR,ERR,ERR,ERR,ERR,ERR,ERR,ERR,ERR,ERR,ERR,ERR,ERR,ERR,ERR,ERR,ERR,ERR,ERR,ERR,ERR,ERR,ERR,ERR,ERR,ERR,ERR,ERR,ERR,ERR,ERR,ERR,ERR,ERR,ERR,ERR,ERR,ERR,ERR,ERR,ERR,ERR,ERR,ERR,ERR,ERR,ERR,ERR,ERR,ERR,ERR,ERR,ERR,ERR,ERR,ERR,ERR,ERR,ERR,ERR,ERR,ERR,ERR,ERR,50.0,60.0,100,0.0,0.0,0.0,0.0,0.0,0.0,0.0,0.0,0.0,0.0,0.0,0.0,0.0,0.0,0.0,0.0,62.0,65,19,65520,50,65476,0,300,0,0,8,20529,65476,0,0,26214,60.0,0.0,0.0,0.0,0.0,0.0
2026-05-17T16:01:26,ERR,ERR,ERR,ERR,ERR,ERR,ERR,ERR,ERR,ERR,ERR,ERR,ERR,ERR,ERR,ERR,ERR,ERR,ERR,ERR,ERR,ERR,ERR,ERR,ERR,ERR,ERR,ERR,ERR,ERR,ERR,ERR,ERR,ERR,ERR,ERR,ERR,ERR,ERR,ERR,ERR,ERR,ERR,ERR,ERR,ERR,ERR,ERR,ERR,ERR,ERR,ERR,ERR,ERR,ERR,ERR,ERR,ERR,ERR,ERR,ERR,ERR,ERR,ERR,ERR,ERR,ERR,ERR,ERR,ERR,ERR,ERR,ERR,ERR,ERR,ERR,ERR,ERR,ERR,ERR,ERR,ERR,ERR,ERR,ERR,ERR,ERR,ERR,ERR,ERR,ERR,ERR,ERR,ERR,ERR,ERR,ERR,ERR,ERR,ERR,ERR,ERR,ERR,ERR,ERR,ERR,ERR,ERR,ERR,ERR,ERR,ERR,ERR,ERR,ERR,ERR,ERR,ERR,ERR,ERR,ERR,ERR,ERR,ERR,ERR,0.0,-0.0,-0.0,0.0,0.0,1.3936040501711995e+18,7.805,0.0,0,0,4,0,8422,0.0,45,0.0,0.0,0.0,0.0,0.0,0,0,0,0,0.0,0,0,0,0,0,0,0,0,0,0,0,0,0,0,0,0,0,0,0,0,0,0,0,0,0,0,0,0,0,0,0,0,0,38,14,7,45,65476,0,300,0,0,8,21553,0.0,-107605600.0,0.0,0.0,0.0,0.0,0.0,0.0,0.0,0.0,0.0,0.0,0.0,0.0,0.0,0.0,0.0,0.0,0.0,0.0,0.0,0.0,-2.004,-0.0,2.004,-2.004,0.0,0.0,0.0,0.0,5029.0,-0.0,0.0,0.0,-0.0,-107615272.0,2.718429120148166e+23,0.0,0.0,0.0,0.0,53,0.0,-107614792.0,0.0,0.0,0.0,0.0,0.0,0.0,0.0,0,0,0,0.0,0.0,0.0,0.0,0.0,0.0,0.0,0.0,0.0,0.0,0.0,0.0,0.0,0.0,0.0,0.0,0,-107875648.0,53,0.0,106,-107614832.0,0.0,ERR,ERR,ERR,ERR,ERR,ERR,ERR,ERR,ERR,ERR,ERR,ERR,ERR,ERR,ERR,ERR,ERR,ERR,ERR,ERR,ERR,ERR,ERR,ERR,ERR,ERR,ERR,ERR,ERR,ERR,ERR,ERR,ERR,ERR,ERR,ERR,ERR,ERR,ERR,ERR,ERR,ERR,ERR,ERR,ERR,ERR,ERR,ERR,ERR,ERR,ERR,ERR,ERR,ERR,ERR,ERR,ERR,ERR,ERR,ERR,ERR,ERR,ERR,ERR,ERR,ERR,ERR,50.0,60.0,100,0.0,0.0,0.0,0.0,0.0,0.0,0.0,0.0,0.0,0.0,0.0,0.0,0.0,0.0,0.0,0.0,62.0,65,19,65520,50,65476,0,300,0,0,8,20529,65476,0,0,26214,60.0,0.0,0.0,0.0,0.0,0.0
2026-05-17T16:01:27,ERR,ERR,ERR,ERR,ERR,ERR,ERR,ERR,ERR,ERR,ERR,ERR,ERR,ERR,ERR,ERR,ERR,ERR,ERR,ERR,ERR,ERR,ERR,ERR,ERR,ERR,ERR,ERR,ERR,ERR,ERR,ERR,ERR,ERR,ERR,ERR,ERR,ERR,ERR,ERR,ERR,ERR,ERR,ERR,ERR,ERR,ERR,ERR,ERR,ERR,ERR,ERR,ERR,ERR,ERR,ERR,ERR,ERR,ERR,ERR,ERR,ERR,ERR,ERR,ERR,ERR,ERR,ERR,ERR,ERR,ERR,ERR,ERR,ERR,ERR,ERR,ERR,ERR,ERR,ERR,ERR,ERR,ERR,ERR,ERR,ERR,ERR,ERR,ERR,ERR,ERR,ERR,ERR,ERR,ERR,ERR,ERR,ERR,ERR,ERR,ERR,ERR,ERR,ERR,ERR,ERR,ERR,ERR,ERR,ERR,ERR,ERR,ERR,ERR,ERR,ERR,ERR,ERR,ERR,ERR,ERR,ERR,ERR,ERR,ERR,0.0,-0.0,-0.0,0.0,0.0,1.3936040501711995e+18,7.805,0.0,0,0,4,0,8422,0.0,45,0.0,0.0,0.0,0.0,0.0,0,0,0,0,0.0,0,0,0,0,0,0,0,0,0,0,0,0,0,0,0,0,0,0,0,0,0,0,0,0,0,0,0,0,0,0,0,0,0,38,14,7,45,65476,0,300,0,0,8,21553,0.0,-107605600.0,0.0,0.0,0.0,0.0,0.0,0.0,0.0,0.0,0.0,0.0,0.0,0.0,0.0,0.0,0.0,0.0,0.0,0.0,0.0,0.0,-2.004,-0.0,2.004,-2.004,0.0,0.0,0.0,0.0,5029.0,-0.0,0.0,0.0,-0.0,-107615272.0,2.718429120148166e+23,0.0,0.0,0.0,0.0,53,0.0,-107614792.0,0.0,0.0,0.0,0.0,0.0,0.0,0.0,0,0,0,0.0,0.0,0.0,0.0,0.0,0.0,0.0,0.0,0.0,0.0,0.0,0.0,0.0,0.0,0.0,0.0,0,-107875648.0,53,0.0,106,-107614832.0,0.0,ERR,ERR,ERR,ERR,ERR,ERR,ERR,ERR,ERR,ERR,ERR,ERR,ERR,ERR,ERR,ERR,ERR,ERR,ERR,ERR,ERR,ERR,ERR,ERR,ERR,ERR,ERR,ERR,ERR,ERR,ERR,ERR,ERR,ERR,ERR,ERR,ERR,ERR,ERR,ERR,ERR,ERR,ERR,ERR,ERR,ERR,ERR,ERR,ERR,ERR,ERR,ERR,ERR,ERR,ERR,ERR,ERR,ERR,ERR,ERR,ERR,ERR,ERR,ERR,ERR,ERR,ERR,50.0,60.0,100,0.0,0.0,0.0,0.0,0.0,0.0,0.0,0.0,0.0,0.0,0.0,0.0,0.0,0.0,0.0,0.0,61.6,65,19,65520,50,65476,0,300,0,0,8,20529,65476,0,0,26214,60.0,0.0,0.0,0.0,0.0,0.0
2026-05-17T16:01:28,ERR,ERR,ERR,ERR,ERR,ERR,ERR,ERR,ERR,ERR,ERR,ERR,ERR,ERR,ERR,ERR,ERR,ERR,ERR,ERR,ERR,ERR,ERR,ERR,ERR,ERR,ERR,ERR,ERR,ERR,ERR,ERR,ERR,ERR,ERR,ERR,ERR,ERR,ERR,ERR,ERR,ERR,ERR,ERR,ERR,ERR,ERR,ERR,ERR,ERR,ERR,ERR,ERR,ERR,ERR,ERR,ERR,ERR,ERR,ERR,ERR,ERR,ERR,ERR,ERR,ERR,ERR,ERR,ERR,ERR,ERR,ERR,ERR,ERR,ERR,ERR,ERR,ERR,ERR,ERR,ERR,ERR,ERR,ERR,ERR,ERR,ERR,ERR,ERR,ERR,ERR,ERR,ERR,ERR,ERR,ERR,ERR,ERR,ERR,ERR,ERR,ERR,ERR,ERR,ERR,ERR,ERR,ERR,ERR,ERR,ERR,ERR,ERR,ERR,ERR,ERR,ERR,ERR,ERR,ERR,ERR,ERR,ERR,ERR,ERR,0.0,-0.0,-0.0,0.0,0.0,1.3936040501711995e+18,7.805,0.0,0,0,4,0,8422,0.0,45,0.0,0.0,0.0,0.0,0.0,0,0,0,0,0.0,0,0,0,0,0,0,0,0,0,0,0,0,0,0,0,0,0,0,0,0,0,0,0,0,0,0,0,0,0,0,0,0,0,38,14,7,45,65476,0,300,0,0,8,21553,0.0,-107605600.0,0.0,0.0,0.0,0.0,0.0,0.0,0.0,0.0,0.0,0.0,0.0,0.0,0.0,0.0,0.0,0.0,0.0,0.0,0.0,0.0,-2.004,-0.0,2.004,-2.004,0.0,0.0,0.0,0.0,5029.0,-0.0,0.0,0.0,-0.0,-107615272.0,2.718429120148166e+23,0.0,0.0,0.0,0.0,53,0.0,-107614792.0,0.0,0.0,0.0,0.0,0.0,0.0,0.0,0,0,0,0.0,0.0,0.0,0.0,0.0,0.0,0.0,0.0,0.0,0.0,0.0,0.0,0.0,0.0,0.0,0.0,0,-107875648.0,53,0.0,106,-107614832.0,0.0,ERR,ERR,ERR,ERR,ERR,ERR,ERR,ERR,ERR,ERR,ERR,ERR,ERR,ERR,ERR,ERR,ERR,ERR,ERR,ERR,ERR,ERR,ERR,ERR,ERR,ERR,ERR,ERR,ERR,ERR,ERR,ERR,ERR,ERR,ERR,ERR,ERR,ERR,ERR,ERR,ERR,ERR,ERR,ERR,ERR,ERR,ERR,ERR,ERR,ERR,ERR,ERR,ERR,ERR,ERR,ERR,ERR,ERR,ERR,ERR,ERR,ERR,ERR,ERR,ERR,ERR,ERR,50.0,60.0,100,0.0,0.0,0.0,0.0,0.0,0.0,0.0,0.0,0.0,0.0,0.0,0.0,0.0,0.0,0.0,0.0,61.6,65,19,65520,50,65476,0,300,0,0,8,20529,65476,0,0,26214,60.0,0.0,0.0,0.0,0.0,0.0
2026-05-17T16:01:29,ERR,ERR,ERR,ERR,ERR,ERR,ERR,ERR,ERR,ERR,ERR,ERR,ERR,ERR,ERR,ERR,ERR,ERR,ERR,ERR,ERR,ERR,ERR,ERR,ERR,ERR,ERR,ERR,ERR,ERR,ERR,ERR,ERR,ERR,ERR,ERR,ERR,ERR,ERR,ERR,ERR,ERR,ERR,ERR,ERR,ERR,ERR,ERR,ERR,ERR,ERR,ERR,ERR,ERR,ERR,ERR,ERR,ERR,ERR,ERR,ERR,ERR,ERR,ERR,ERR,ERR,ERR,ERR,ERR,ERR,ERR,ERR,ERR,ERR,ERR,ERR,ERR,ERR,ERR,ERR,ERR,ERR,ERR,ERR,ERR,ERR,ERR,ERR,ERR,ERR,ERR,ERR,ERR,ERR,ERR,ERR,ERR,ERR,ERR,ERR,ERR,ERR,ERR,ERR,ERR,ERR,ERR,ERR,ERR,ERR,ERR,ERR,ERR,ERR,ERR,ERR,ERR,ERR,ERR,ERR,ERR,ERR,ERR,ERR,ERR,0.0,-0.0,-0.0,0.0,0.0,1.3936040501711995e+18,7.805,0.0,0,0,4,0,8422,0.0,45,0.0,0.0,0.0,0.0,0.0,0,0,0,0,0.0,0,0,0,0,0,0,0,0,0,0,0,0,0,0,0,0,0,0,0,0,0,0,0,0,0,0,0,0,0,0,0,0,0,38,14,7,45,65476,0,300,0,0,8,21553,0.0,-107605600.0,0.0,0.0,0.0,0.0,0.0,0.0,0.0,0.0,0.0,0.0,0.0,0.0,0.0,0.0,0.0,0.0,0.0,0.0,0.0,0.0,-2.004,-0.0,2.004,-2.004,0.0,0.0,0.0,0.0,5039.0,0.0,0.0,0.0,-0.0,-107615272.0,2.718429120148166e+23,0.0,0.0,0.0,0.0,53,2.3088403658719416e+20,0.059,0.0,0.0,0.0,0.0,0.0,0.0,0.0,0,0,0,0.0,0.0,0.0,0.0,0.0,0.0,0.0,0.0,0.0,0.0,0.0,0.0,0.0,0.0,0.0,0.0,0,-107875648.0,53,0.0,106,-107614832.0,0.0,ERR,ERR,ERR,ERR,ERR,ERR,ERR,ERR,ERR,ERR,ERR,ERR,ERR,ERR,ERR,ERR,ERR,ERR,ERR,ERR,ERR,ERR,ERR,ERR,ERR,ERR,ERR,ERR,ERR,ERR,ERR,ERR,ERR,ERR,ERR,ERR,ERR,ERR,ERR,ERR,ERR,ERR,ERR,ERR,ERR,ERR,ERR,ERR,ERR,ERR,ERR,ERR,ERR,ERR,ERR,ERR,ERR,ERR,ERR,ERR,ERR,ERR,ERR,ERR,ERR,ERR,ERR,50.0,60.0,100,0.0,0.0,0.0,0.0,0.0,0.0,0.0,0.0,0.0,0.0,0.0,0.0,0.0,0.0,0.0,0.0,61.6,65,19,65520,50,65476,0,300,0,0,8,20529,65476,0,0,26214,60.0,0.0,0.0,0.0,0.0,0.0
2026-05-17T16:01:30,ERR,ERR,ERR,ERR,ERR,ERR,ERR,ERR,ERR,ERR,ERR,ERR,ERR,ERR,ERR,ERR,ERR,ERR,ERR,ERR,ERR,ERR,ERR,ERR,ERR,ERR,ERR,ERR,ERR,ERR,ERR,ERR,ERR,ERR,ERR,ERR,ERR,ERR,ERR,ERR,ERR,ERR,ERR,ERR,ERR,ERR,ERR,ERR,ERR,ERR,ERR,ERR,ERR,ERR,ERR,ERR,ERR,ERR,ERR,ERR,ERR,ERR,ERR,ERR,ERR,ERR,ERR,ERR,ERR,ERR,ERR,ERR,ERR,ERR,ERR,ERR,ERR,ERR,ERR,ERR,ERR,ERR,ERR,ERR,ERR,ERR,ERR,ERR,ERR,ERR,ERR,ERR,ERR,ERR,ERR,ERR,ERR,ERR,ERR,ERR,ERR,ERR,ERR,ERR,ERR,ERR,ERR,ERR,ERR,ERR,ERR,ERR,ERR,ERR,ERR,ERR,ERR,ERR,ERR,ERR,ERR,ERR,ERR,ERR,ERR,0.0,-0.0,-0.0,0.0,0.0,1.3936040501711995e+18,7.805,0.0,0,0,4,0,8422,0.0,45,0.0,0.0,0.0,0.0,0.0,0,0,0,0,0.0,0,0,0,0,0,0,0,0,0,0,0,0,0,0,0,0,0,0,0,0,0,0,0,0,0,0,0,0,0,0,0,0,0,38,14,7,45,65476,0,300,0,0,8,21553,0.0,-107605600.0,0.0,0.0,0.0,0.0,0.0,0.0,0.0,0.0,0.0,0.0,0.0,0.0,0.0,0.0,0.0,0.0,0.0,0.0,0.0,0.0,-2.004,-0.0,2.004,-2.004,0.0,0.0,0.0,0.0,5039.0,0.0,0.0,0.0,-0.0,-107615272.0,2.718429120148166e+23,0.0,0.0,0.0,0.0,53,2.3088403658719416e+20,0.059,0.0,0.0,0.0,0.0,0.0,0.0,0.0,0,0,0,0.0,0.0,0.0,0.0,0.0,0.0,0.0,0.0,0.0,0.0,0.0,0.0,0.0,0.0,0.0,0.0,0,-107875648.0,53,0.0,106,-107614832.0,0.0,ERR,ERR,ERR,ERR,ERR,ERR,ERR,ERR,ERR,ERR,ERR,ERR,ERR,ERR,ERR,ERR,ERR,ERR,ERR,ERR,ERR,ERR,ERR,ERR,ERR,ERR,ERR,ERR,ERR,ERR,ERR,ERR,ERR,ERR,ERR,ERR,ERR,ERR,ERR,ERR,ERR,ERR,ERR,ERR,ERR,ERR,ERR,ERR,ERR,ERR,ERR,ERR,ERR,ERR,ERR,ERR,ERR,ERR,ERR,ERR,ERR,ERR,ERR,ERR,ERR,ERR,ERR,50.0,60.0,100,0.0,0.0,0.0,0.0,0.0,0.0,0.0,0.0,0.0,0.0,0.0,0.0,0.0,0.0,0.0,0.0,61.6,65,19,65520,50,65476,0,300,0,0,8,20529,65476,0,0,26214,60.0,0.0,0.0,0.0,0.0,0.0
2026-05-17T16:01:31,ERR,ERR,ERR,ERR,ERR,ERR,ERR,ERR,ERR,ERR,ERR,ERR,ERR,ERR,ERR,ERR,ERR,ERR,ERR,ERR,ERR,ERR,ERR,ERR,ERR,ERR,ERR,ERR,ERR,ERR,ERR,ERR,ERR,ERR,ERR,ERR,ERR,ERR,ERR,ERR,ERR,ERR,ERR,ERR,ERR,ERR,ERR,ERR,ERR,ERR,ERR,ERR,ERR,ERR,ERR,ERR,ERR,ERR,ERR,ERR,ERR,ERR,ERR,ERR,ERR,ERR,ERR,ERR,ERR,ERR,ERR,ERR,ERR,ERR,ERR,ERR,ERR,ERR,ERR,ERR,ERR,ERR,ERR,ERR,ERR,ERR,ERR,ERR,ERR,ERR,ERR,ERR,ERR,ERR,ERR,ERR,ERR,ERR,ERR,ERR,ERR,ERR,ERR,ERR,ERR,ERR,ERR,ERR,ERR,ERR,ERR,ERR,ERR,ERR,ERR,ERR,ERR,ERR,ERR,ERR,ERR,ERR,ERR,ERR,ERR,0.0,-0.0,-0.0,0.0,0.0,1.3936040501711995e+18,7.805,0.0,0,0,4,0,8422,0.0,45,0.0,0.0,0.0,0.0,0.0,0,0,0,0,0.0,0,0,0,0,0,0,0,0,0,0,0,0,0,0,0,0,0,0,0,0,0,0,0,0,0,0,0,0,0,0,0,0,0,38,14,7,45,65476,0,300,0,0,8,21553,0.0,-107605600.0,0.0,0.0,0.0,0.0,0.0,0.0,0.0,0.0,0.0,0.0,0.0,0.0,0.0,0.0,0.0,0.0,0.0,0.0,0.0,0.0,-2.004,-0.0,2.004,-2.004,0.0,0.0,0.0,0.0,5039.0,0.0,0.0,0.0,-0.0,-107615272.0,2.718429120148166e+23,0.0,0.0,0.0,0.0,53,2.3088403658719416e+20,0.059,0.0,0.0,0.0,0.0,0.0,0.0,0.0,0,0,0,0.0,0.0,0.0,0.0,0.0,0.0,0.0,0.0,0.0,0.0,0.0,0.0,0.0,0.0,0.0,0.0,0,-107875648.0,53,0.0,106,-107614832.0,0.0,ERR,ERR,ERR,ERR,ERR,ERR,ERR,ERR,ERR,ERR,ERR,ERR,ERR,ERR,ERR,ERR,ERR,ERR,ERR,ERR,ERR,ERR,ERR,ERR,ERR,ERR,ERR,ERR,ERR,ERR,ERR,ERR,ERR,ERR,ERR,ERR,ERR,ERR,ERR,ERR,ERR,ERR,ERR,ERR,ERR,ERR,ERR,ERR,ERR,ERR,ERR,ERR,ERR,ERR,ERR,ERR,ERR,ERR,ERR,ERR,ERR,ERR,ERR,ERR,ERR,ERR,ERR,50.0,60.0,100,0.0,0.0,0.0,0.0,0.0,0.0,0.0,0.0,0.0,0.0,0.0,0.0,0.0,0.0,0.0,0.0,61.6,65,19,65520,50,65476,0,300,0,0,8,20529,65476,0,0,26214,60.0,0.0,0.0,0.0,0.0,0.0
2026-05-17T16:01:32,ERR,ERR,ERR,ERR,ERR,ERR,ERR,ERR,ERR,ERR,ERR,ERR,ERR,ERR,ERR,ERR,ERR,ERR,ERR,ERR,ERR,ERR,ERR,ERR,ERR,ERR,ERR,ERR,ERR,ERR,ERR,ERR,ERR,ERR,ERR,ERR,ERR,ERR,ERR,ERR,ERR,ERR,ERR,ERR,ERR,ERR,ERR,ERR,ERR,ERR,ERR,ERR,ERR,ERR,ERR,ERR,ERR,ERR,ERR,ERR,ERR,ERR,ERR,ERR,ERR,ERR,ERR,ERR,ERR,ERR,ERR,ERR,ERR,ERR,ERR,ERR,ERR,ERR,ERR,ERR,ERR,ERR,ERR,ERR,ERR,ERR,ERR,ERR,ERR,ERR,ERR,ERR,ERR,ERR,ERR,ERR,ERR,ERR,ERR,ERR,ERR,ERR,ERR,ERR,ERR,ERR,ERR,ERR,ERR,ERR,ERR,ERR,ERR,ERR,ERR,ERR,ERR,ERR,ERR,ERR,ERR,ERR,ERR,ERR,ERR,0.0,-0.0,-0.0,0.0,0.0,1.3936040501711995e+18,7.805,0.0,0,0,4,0,8422,0.0,45,0.0,0.0,0.0,0.0,0.0,0,0,0,0,0.0,0,0,0,0,0,0,0,0,0,0,0,0,0,0,0,0,0,0,0,0,0,0,0,0,0,0,0,0,0,0,0,0,0,38,14,7,45,65476,0,300,0,0,8,21553,0.0,-107605600.0,0.0,0.0,0.0,0.0,0.0,0.0,0.0,0.0,0.0,0.0,0.0,0.0,0.0,0.0,0.0,0.0,0.0,0.0,0.0,0.0,-2.004,-0.0,2.004,-2.004,0.0,0.0,0.0,0.0,5039.0,0.0,0.0,0.0,-0.0,-107615272.0,2.718429120148166e+23,0.0,0.0,0.0,0.0,53,2.3088403658719416e+20,0.059,0.0,0.0,0.0,0.0,0.0,0.0,0.0,0,0,0,0.0,0.0,0.0,0.0,0.0,0.0,0.0,0.0,0.0,0.0,0.0,0.0,0.0,0.0,0.0,0.0,0,-107875648.0,53,0.0,106,-107614832.0,0.0,ERR,ERR,ERR,ERR,ERR,ERR,ERR,ERR,ERR,ERR,ERR,ERR,ERR,ERR,ERR,ERR,ERR,ERR,ERR,ERR,ERR,ERR,ERR,ERR,ERR,ERR,ERR,ERR,ERR,ERR,ERR,ERR,ERR,ERR,ERR,ERR,ERR,ERR,ERR,ERR,ERR,ERR,ERR,ERR,ERR,ERR,ERR,ERR,ERR,ERR,ERR,ERR,ERR,ERR,ERR,ERR,ERR,ERR,ERR,ERR,ERR,ERR,ERR,ERR,ERR,ERR,ERR,50.0,60.0,100,0.0,0.0,0.0,0.0,0.0,0.0,0.0,0.0,0.0,0.0,0.0,0.0,0.0,0.0,0.0,0.0,62.0,65,19,65520,50,65476,0,300,0,0,8,20529,65476,0,0,26214,60.0,0.0,0.0,0.0,0.0,0.0
2026-05-17T16:01:33,ERR,ERR,ERR,ERR,ERR,ERR,ERR,ERR,ERR,ERR,ERR,ERR,ERR,ERR,ERR,ERR,ERR,ERR,ERR,ERR,ERR,ERR,ERR,ERR,ERR,ERR,ERR,ERR,ERR,ERR,ERR,ERR,ERR,ERR,ERR,ERR,ERR,ERR,ERR,ERR,ERR,ERR,ERR,ERR,ERR,ERR,ERR,ERR,ERR,ERR,ERR,ERR,ERR,ERR,ERR,ERR,ERR,ERR,ERR,ERR,ERR,ERR,ERR,ERR,ERR,ERR,ERR,ERR,ERR,ERR,ERR,ERR,ERR,ERR,ERR,ERR,ERR,ERR,ERR,ERR,ERR,ERR,ERR,ERR,ERR,ERR,ERR,ERR,ERR,ERR,ERR,ERR,ERR,ERR,ERR,ERR,ERR,ERR,ERR,ERR,ERR,ERR,ERR,ERR,ERR,ERR,ERR,ERR,ERR,ERR,ERR,ERR,ERR,ERR,ERR,ERR,ERR,ERR,ERR,ERR,ERR,ERR,ERR,ERR,ERR,0.0,-0.0,-0.0,0.0,0.0,1.3936040501711995e+18,7.805,0.0,0,0,4,0,8422,0.0,45,0.0,0.0,0.0,0.0,0.0,0,0,0,0,0.0,0,0,0,0,0,0,0,0,0,0,0,0,0,0,0,0,0,0,0,0,0,0,0,0,0,0,0,0,0,0,0,0,0,38,14,7,45,65476,0,300,0,0,8,21553,0.0,-107605600.0,0.0,0.0,0.0,0.0,0.0,0.0,0.0,0.0,0.0,0.0,0.0,0.0,0.0,0.0,0.0,0.0,0.0,0.0,0.0,0.0,-2.004,-0.0,2.004,-2.004,0.0,0.0,0.0,0.0,5039.0,0.0,0.0,0.0,-0.0,-107615272.0,2.718429120148166e+23,0.0,0.0,0.0,0.0,53,2.3088403658719416e+20,0.059,0.0,0.0,0.0,0.0,0.0,0.0,0.0,0,0,0,0.0,0.0,0.0,0.0,0.0,0.0,0.0,0.0,0.0,0.0,0.0,0.0,0.0,0.0,0.0,0.0,0,-107875648.0,53,0.0,106,-107614832.0,0.0,ERR,ERR,ERR,ERR,ERR,ERR,ERR,ERR,ERR,ERR,ERR,ERR,ERR,ERR,ERR,ERR,ERR,ERR,ERR,ERR,ERR,ERR,ERR,ERR,ERR,ERR,ERR,ERR,ERR,ERR,ERR,ERR,ERR,ERR,ERR,ERR,ERR,ERR,ERR,ERR,ERR,ERR,ERR,ERR,ERR,ERR,ERR,ERR,ERR,ERR,ERR,ERR,ERR,ERR,ERR,ERR,ERR,ERR,ERR,ERR,ERR,ERR,ERR,ERR,ERR,ERR,ERR,50.0,60.0,100,0.0,0.0,0.0,0.0,0.0,0.0,0.0,0.0,0.0,0.0,0.0,0.0,0.0,0.0,0.0,0.0,62.0,65,19,65520,50,65476,0,300,0,0,8,20529,65476,0,0,26214,60.0,0.0,0.0,0.0,0.0,0.0
2026-05-17T16:01:34,ERR,ERR,ERR,ERR,ERR,ERR,ERR,ERR,ERR,ERR,ERR,ERR,ERR,ERR,ERR,ERR,ERR,ERR,ERR,ERR,ERR,ERR,ERR,ERR,ERR,ERR,ERR,ERR,ERR,ERR,ERR,ERR,ERR,ERR,ERR,ERR,ERR,ERR,ERR,ERR,ERR,ERR,ERR,ERR,ERR,ERR,ERR,ERR,ERR,ERR,ERR,ERR,ERR,ERR,ERR,ERR,ERR,ERR,ERR,ERR,ERR,ERR,ERR,ERR,ERR,ERR,ERR,ERR,ERR,ERR,ERR,ERR,ERR,ERR,ERR,ERR,ERR,ERR,ERR,ERR,ERR,ERR,ERR,ERR,ERR,ERR,ERR,ERR,ERR,ERR,ERR,ERR,ERR,ERR,ERR,ERR,ERR,ERR,ERR,ERR,ERR,ERR,ERR,ERR,ERR,ERR,ERR,ERR,ERR,ERR,ERR,ERR,ERR,ERR,ERR,ERR,ERR,ERR,ERR,ERR,ERR,ERR,ERR,ERR,ERR,0.0,-0.0,-0.0,0.0,0.0,1.3936040501711995e+18,7.805,0.0,0,0,4,0,8422,0.0,45,0.0,0.0,0.0,0.0,0.0,0,0,0,0,0.0,0,0,0,0,0,0,0,0,0,0,0,0,0,0,0,0,0,0,0,0,0,0,0,0,0,0,0,0,0,0,0,0,0,38,14,7,45,65476,0,300,0,0,8,21553,0.0,-107605600.0,0.0,0.0,0.0,0.0,0.0,0.0,0.0,0.0,0.0,0.0,0.0,0.0,0.0,0.0,0.0,0.0,0.0,0.0,0.0,0.0,-2.004,-0.0,2.004,-2.004,0.0,0.0,0.0,0.0,4998.0,1.5879293531142762e+29,0.0,0.0,-0.0,-107615272.0,2.718429120148166e+23,0.0,0.0,0.0,0.0,53,0.0,0.059,0.0,0.0,0.0,0.0,0.0,0.0,0.0,0,0,0,0.0,0.0,0.0,0.0,0.0,0.0,0.0,0.0,0.0,0.0,0.0,0.0,0.0,0.0,0.0,0.0,0,-107875648.0,53,0.0,106,-107614832.0,0.0,ERR,ERR,ERR,ERR,ERR,ERR,ERR,ERR,ERR,ERR,ERR,ERR,ERR,ERR,ERR,ERR,ERR,ERR,ERR,ERR,ERR,ERR,ERR,ERR,ERR,ERR,ERR,ERR,ERR,ERR,ERR,ERR,ERR,ERR,ERR,ERR,ERR,ERR,ERR,ERR,ERR,ERR,ERR,ERR,ERR,ERR,ERR,ERR,ERR,ERR,ERR,ERR,ERR,ERR,ERR,ERR,ERR,ERR,ERR,ERR,ERR,ERR,ERR,ERR,ERR,ERR,ERR,50.0,60.0,100,0.0,0.0,0.0,0.0,0.0,0.0,0.0,0.0,0.0,0.0,0.0,0.0,0.0,0.0,0.0,0.0,62.0,65,19,65520,50,65476,0,300,0,0,8,20529,65476,0,0,26214,60.0,0.0,0.0,0.0,0.0,0.0
2026-05-17T16:01:35,ERR,ERR,ERR,ERR,ERR,ERR,ERR,ERR,ERR,ERR,ERR,ERR,ERR,ERR,ERR,ERR,ERR,ERR,ERR,ERR,ERR,ERR,ERR,ERR,ERR,ERR,ERR,ERR,ERR,ERR,ERR,ERR,ERR,ERR,ERR,ERR,ERR,ERR,ERR,ERR,ERR,ERR,ERR,ERR,ERR,ERR,ERR,ERR,ERR,ERR,ERR,ERR,ERR,ERR,ERR,ERR,ERR,ERR,ERR,ERR,ERR,ERR,ERR,ERR,ERR,ERR,ERR,ERR,ERR,ERR,ERR,ERR,ERR,ERR,ERR,ERR,ERR,ERR,ERR,ERR,ERR,ERR,ERR,ERR,ERR,ERR,ERR,ERR,ERR,ERR,ERR,ERR,ERR,ERR,ERR,ERR,ERR,ERR,ERR,ERR,ERR,ERR,ERR,ERR,ERR,ERR,ERR,ERR,ERR,ERR,ERR,ERR,ERR,ERR,ERR,ERR,ERR,ERR,ERR,ERR,ERR,ERR,ERR,ERR,ERR,0.0,-0.0,-0.0,0.0,0.0,1.3936040501711995e+18,7.805,0.0,0,0,4,0,8422,0.0,45,0.0,0.0,0.0,0.0,0.0,0,0,0,0,0.0,0,0,0,0,0,0,0,0,0,0,0,0,0,0,0,0,0,0,0,0,0,0,0,0,0,0,0,0,0,0,0,0,0,38,14,7,45,65476,0,300,0,0,8,21553,0.0,-107605600.0,0.0,0.0,0.0,0.0,0.0,0.0,0.0,0.0,0.0,0.0,0.0,0.0,0.0,0.0,0.0,0.0,0.0,0.0,0.0,0.0,-2.004,-0.0,2.004,-2.004,0.0,0.0,0.0,0.0,4998.0,1.5879293531142762e+29,0.0,0.0,-0.0,-107615272.0,2.718429120148166e+23,0.0,0.0,0.0,0.0,53,0.0,0.059,0.0,0.0,0.0,0.0,0.0,0.0,0.0,0,0,0,0.0,0.0,0.0,0.0,0.0,0.0,0.0,0.0,0.0,0.0,0.0,0.0,0.0,0.0,0.0,0.0,0,-107875648.0,53,0.0,106,-107614832.0,0.0,ERR,ERR,ERR,ERR,ERR,ERR,ERR,ERR,ERR,ERR,ERR,ERR,ERR,ERR,ERR,ERR,ERR,ERR,ERR,ERR,ERR,ERR,ERR,ERR,ERR,ERR,ERR,ERR,ERR,ERR,ERR,ERR,ERR,ERR,ERR,ERR,ERR,ERR,ERR,ERR,ERR,ERR,ERR,ERR,ERR,ERR,ERR,ERR,ERR,ERR,ERR,ERR,ERR,ERR,ERR,ERR,ERR,ERR,ERR,ERR,ERR,ERR,ERR,ERR,ERR,ERR,ERR,50.0,60.0,100,0.0,0.0,0.0,0.0,0.0,0.0,0.0,0.0,0.0,0.0,0.0,0.0,0.0,0.0,0.0,0.0,62.0,65,19,65520,50,65476,0,300,0,0,8,20529,65476,0,0,26214,60.0,0.0,0.0,0.0,0.0,0.0
2026-05-17T16:01:36,ERR,ERR,ERR,ERR,ERR,ERR,ERR,ERR,ERR,ERR,ERR,ERR,ERR,ERR,ERR,ERR,ERR,ERR,ERR,ERR,ERR,ERR,ERR,ERR,ERR,ERR,ERR,ERR,ERR,ERR,ERR,ERR,ERR,ERR,ERR,ERR,ERR,ERR,ERR,ERR,ERR,ERR,ERR,ERR,ERR,ERR,ERR,ERR,ERR,ERR,ERR,ERR,ERR,ERR,ERR,ERR,ERR,ERR,ERR,ERR,ERR,ERR,ERR,ERR,ERR,ERR,ERR,ERR,ERR,ERR,ERR,ERR,ERR,ERR,ERR,ERR,ERR,ERR,ERR,ERR,ERR,ERR,ERR,ERR,ERR,ERR,ERR,ERR,ERR,ERR,ERR,ERR,ERR,ERR,ERR,ERR,ERR,ERR,ERR,ERR,ERR,ERR,ERR,ERR,ERR,ERR,ERR,ERR,ERR,ERR,ERR,ERR,ERR,ERR,ERR,ERR,ERR,ERR,ERR,ERR,ERR,ERR,ERR,ERR,ERR,0.0,-0.0,-0.0,0.0,0.0,1.3936040501711995e+18,7.805,0.0,0,0,4,0,8422,0.0,45,0.0,0.0,0.0,0.0,0.0,0,0,0,0,0.0,0,0,0,0,0,0,0,0,0,0,0,0,0,0,0,0,0,0,0,0,0,0,0,0,0,0,0,0,0,0,0,0,0,38,14,7,45,65476,0,300,0,0,8,21553,0.0,-107605600.0,0.0,0.0,0.0,0.0,0.0,0.0,0.0,0.0,0.0,0.0,0.0,0.0,0.0,0.0,0.0,0.0,0.0,0.0,0.0,0.0,-2.004,-0.0,2.004,-2.004,0.0,0.0,0.0,0.0,4998.0,1.5879293531142762e+29,0.0,0.0,-0.0,-107615272.0,2.718429120148166e+23,0.0,0.0,0.0,0.0,53,0.0,0.059,0.0,0.0,0.0,0.0,0.0,0.0,0.0,0,0,0,0.0,0.0,0.0,0.0,0.0,0.0,0.0,0.0,0.0,0.0,0.0,0.0,0.0,0.0,0.0,0.0,0,-107875648.0,53,0.0,106,-107614832.0,0.0,ERR,ERR,ERR,ERR,ERR,ERR,ERR,ERR,ERR,ERR,ERR,ERR,ERR,ERR,ERR,ERR,ERR,ERR,ERR,ERR,ERR,ERR,ERR,ERR,ERR,ERR,ERR,ERR,ERR,ERR,ERR,ERR,ERR,ERR,ERR,ERR,ERR,ERR,ERR,ERR,ERR,ERR,ERR,ERR,ERR,ERR,ERR,ERR,ERR,ERR,ERR,ERR,ERR,ERR,ERR,ERR,ERR,ERR,ERR,ERR,ERR,ERR,ERR,ERR,ERR,ERR,ERR,50.0,60.0,100,0.0,0.0,0.0,0.0,0.0,0.0,0.0,0.0,0.0,0.0,0.0,0.0,0.0,0.0,0.0,0.0,61.6,65,19,65520,50,65476,0,300,0,0,8,20529,65476,0,0,26214,60.0,0.0,0.0,0.0,0.0,0.0
2026-05-17T16:01:37,ERR,ERR,ERR,ERR,ERR,ERR,ERR,ERR,ERR,ERR,ERR,ERR,ERR,ERR,ERR,ERR,ERR,ERR,ERR,ERR,ERR,ERR,ERR,ERR,ERR,ERR,ERR,ERR,ERR,ERR,ERR,ERR,ERR,ERR,ERR,ERR,ERR,ERR,ERR,ERR,ERR,ERR,ERR,ERR,ERR,ERR,ERR,ERR,ERR,ERR,ERR,ERR,ERR,ERR,ERR,ERR,ERR,ERR,ERR,ERR,ERR,ERR,ERR,ERR,ERR,ERR,ERR,ERR,ERR,ERR,ERR,ERR,ERR,ERR,ERR,ERR,ERR,ERR,ERR,ERR,ERR,ERR,ERR,ERR,ERR,ERR,ERR,ERR,ERR,ERR,ERR,ERR,ERR,ERR,ERR,ERR,ERR,ERR,ERR,ERR,ERR,ERR,ERR,ERR,ERR,ERR,ERR,ERR,ERR,ERR,ERR,ERR,ERR,ERR,ERR,ERR,ERR,ERR,ERR,ERR,ERR,ERR,ERR,ERR,ERR,0.0,-0.0,-0.0,0.0,0.0,1.3936040501711995e+18,7.805,0.0,0,0,4,0,8422,0.0,45,0.0,0.0,0.0,0.0,0.0,0,0,0,0,0.0,0,0,0,0,0,0,0,0,0,0,0,0,0,0,0,0,0,0,0,0,0,0,0,0,0,0,0,0,0,0,0,0,0,38,14,7,45,65476,0,300,0,0,8,21553,0.0,-107605600.0,0.0,0.0,0.0,0.0,0.0,0.0,0.0,0.0,0.0,0.0,0.0,0.0,0.0,0.0,0.0,0.0,0.0,0.0,0.0,0.0,-2.004,-0.0,2.004,-2.004,0.0,0.0,0.0,0.0,4998.0,1.5879293531142762e+29,0.0,0.0,-0.0,-107615272.0,2.718429120148166e+23,0.0,0.0,0.0,0.0,53,0.0,0.059,0.0,0.0,0.0,0.0,0.0,0.0,0.0,0,0,0,0.0,0.0,0.0,0.0,0.0,0.0,0.0,0.0,0.0,0.0,0.0,0.0,0.0,0.0,0.0,0.0,0,-107875648.0,53,0.0,106,-107614832.0,0.0,ERR,ERR,ERR,ERR,ERR,ERR,ERR,ERR,ERR,ERR,ERR,ERR,ERR,ERR,ERR,ERR,ERR,ERR,ERR,ERR,ERR,ERR,ERR,ERR,ERR,ERR,ERR,ERR,ERR,ERR,ERR,ERR,ERR,ERR,ERR,ERR,ERR,ERR,ERR,ERR,ERR,ERR,ERR,ERR,ERR,ERR,ERR,ERR,ERR,ERR,ERR,ERR,ERR,ERR,ERR,ERR,ERR,ERR,ERR,ERR,ERR,ERR,ERR,ERR,ERR,ERR,ERR,50.0,60.0,100,0.0,0.0,0.0,0.0,0.0,0.0,0.0,0.0,0.0,0.0,0.0,0.0,0.0,0.0,0.0,0.0,62.0,65,19,65520,50,65476,0,300,0,0,8,20529,65476,0,0,26214,60.0,0.0,0.0,0.0,0.0,0.0
2026-05-17T16:01:38,ERR,ERR,ERR,ERR,ERR,ERR,ERR,ERR,ERR,ERR,ERR,ERR,ERR,ERR,ERR,ERR,ERR,ERR,ERR,ERR,ERR,ERR,ERR,ERR,ERR,ERR,ERR,ERR,ERR,ERR,ERR,ERR,ERR,ERR,ERR,ERR,ERR,ERR,ERR,ERR,ERR,ERR,ERR,ERR,ERR,ERR,ERR,ERR,ERR,ERR,ERR,ERR,ERR,ERR,ERR,ERR,ERR,ERR,ERR,ERR,ERR,ERR,ERR,ERR,ERR,ERR,ERR,ERR,ERR,ERR,ERR,ERR,ERR,ERR,ERR,ERR,ERR,ERR,ERR,ERR,ERR,ERR,ERR,ERR,ERR,ERR,ERR,ERR,ERR,ERR,ERR,ERR,ERR,ERR,ERR,ERR,ERR,ERR,ERR,ERR,ERR,ERR,ERR,ERR,ERR,ERR,ERR,ERR,ERR,ERR,ERR,ERR,ERR,ERR,ERR,ERR,ERR,ERR,ERR,ERR,ERR,ERR,ERR,ERR,ERR,0.0,-0.0,-0.0,0.0,0.0,1.3936040501711995e+18,7.805,0.0,0,0,4,0,8422,0.0,45,0.0,0.0,0.0,0.0,0.0,0,0,0,0,0.0,0,0,0,0,0,0,0,0,0,0,0,0,0,0,0,0,0,0,0,0,0,0,0,0,0,0,0,0,0,0,0,0,0,38,14,7,45,65476,0,300,0,0,8,21553,0.0,-107605600.0,0.0,0.0,0.0,0.0,0.0,0.0,0.0,0.0,0.0,0.0,0.0,0.0,0.0,0.0,0.0,0.0,0.0,0.0,0.0,0.0,-2.004,-0.0,2.004,-2.004,0.0,0.0,0.0,0.0,4998.0,1.5879293531142762e+29,0.0,0.0,-0.0,-107615272.0,2.718429120148166e+23,0.0,0.0,0.0,0.0,53,0.0,0.059,0.0,0.0,0.0,0.0,0.0,0.0,0.0,0,0,0,0.0,0.0,0.0,0.0,0.0,0.0,0.0,0.0,0.0,0.0,0.0,0.0,0.0,0.0,0.0,0.0,0,-107875648.0,53,0.0,106,-107614832.0,0.0,ERR,ERR,ERR,ERR,ERR,ERR,ERR,ERR,ERR,ERR,ERR,ERR,ERR,ERR,ERR,ERR,ERR,ERR,ERR,ERR,ERR,ERR,ERR,ERR,ERR,ERR,ERR,ERR,ERR,ERR,ERR,ERR,ERR,ERR,ERR,ERR,ERR,ERR,ERR,ERR,ERR,ERR,ERR,ERR,ERR,ERR,ERR,ERR,ERR,ERR,ERR,ERR,ERR,ERR,ERR,ERR,ERR,ERR,ERR,ERR,ERR,ERR,ERR,ERR,ERR,ERR,ERR,50.0,60.0,100,0.0,0.0,0.0,0.0,0.0,0.0,0.0,0.0,0.0,0.0,0.0,0.0,0.0,0.0,0.0,0.0,62.0,65,19,65520,50,65476,0,300,0,0,8,20529,65476,0,0,26214,60.0,0.0,0.0,0.0,0.0,0.0
2026-05-17T16:01:39,ERR,ERR,ERR,ERR,ERR,ERR,ERR,ERR,ERR,ERR,ERR,ERR,ERR,ERR,ERR,ERR,ERR,ERR,ERR,ERR,ERR,ERR,ERR,ERR,ERR,ERR,ERR,ERR,ERR,ERR,ERR,ERR,ERR,ERR,ERR,ERR,ERR,ERR,ERR,ERR,ERR,ERR,ERR,ERR,ERR,ERR,ERR,ERR,ERR,ERR,ERR,ERR,ERR,ERR,ERR,ERR,ERR,ERR,ERR,ERR,ERR,ERR,ERR,ERR,ERR,ERR,ERR,ERR,ERR,ERR,ERR,ERR,ERR,ERR,ERR,ERR,ERR,ERR,ERR,ERR,ERR,ERR,ERR,ERR,ERR,ERR,ERR,ERR,ERR,ERR,ERR,ERR,ERR,ERR,ERR,ERR,ERR,ERR,ERR,ERR,ERR,ERR,ERR,ERR,ERR,ERR,ERR,ERR,ERR,ERR,ERR,ERR,ERR,ERR,ERR,ERR,ERR,ERR,ERR,ERR,ERR,ERR,ERR,ERR,ERR,0.0,-0.0,-0.0,0.0,0.0,1.3936040501711995e+18,7.805,0.0,0,0,4,0,8422,0.0,45,0.0,0.0,0.0,0.0,0.0,0,0,0,0,0.0,0,0,0,0,0,0,0,0,0,0,0,0,0,0,0,0,0,0,0,0,0,0,0,0,0,0,0,0,0,0,0,0,0,38,14,7,45,65476,0,300,0,0,8,21553,0.0,-107605600.0,0.0,0.0,0.0,0.0,0.0,0.0,0.0,0.0,0.0,0.0,0.0,0.0,0.0,0.0,0.0,0.0,0.0,0.0,0.0,0.0,-2.004,-0.0,2.004,-2.004,0.0,0.0,0.0,0.0,5034.0,3.697186573429349e+19,0.0,0.0,-0.0,-107615272.0,2.718429120148166e+23,0.0,0.0,0.0,0.0,53,89221.109,4.0668540358038725e+29,0.0,0.0,0.0,0.0,0.0,0.0,0.0,0,0,0,0.0,0.0,0.0,0.0,0.0,0.0,0.0,0.0,0.0,0.0,0.0,0.0,0.0,0.0,0.0,0.0,0,-107875648.0,53,0.0,106,-107614832.0,0.0,ERR,ERR,ERR,ERR,ERR,ERR,ERR,ERR,ERR,ERR,ERR,ERR,ERR,ERR,ERR,ERR,ERR,ERR,ERR,ERR,ERR,ERR,ERR,ERR,ERR,ERR,ERR,ERR,ERR,ERR,ERR,ERR,ERR,ERR,ERR,ERR,ERR,ERR,ERR,ERR,ERR,ERR,ERR,ERR,ERR,ERR,ERR,ERR,ERR,ERR,ERR,ERR,ERR,ERR,ERR,ERR,ERR,ERR,ERR,ERR,ERR,ERR,ERR,ERR,ERR,ERR,ERR,50.0,60.0,100,0.0,0.0,0.0,0.0,0.0,0.0,0.0,0.0,0.0,0.0,0.0,0.0,0.0,0.0,0.0,0.0,62.0,65,19,65520,50,65476,0,300,0,0,8,20529,65476,0,0,26214,60.0,0.0,0.0,0.0,0.0,0.0
2026-05-17T16:01:40,ERR,ERR,ERR,ERR,ERR,ERR,ERR,ERR,ERR,ERR,ERR,ERR,ERR,ERR,ERR,ERR,ERR,ERR,ERR,ERR,ERR,ERR,ERR,ERR,ERR,ERR,ERR,ERR,ERR,ERR,ERR,ERR,ERR,ERR,ERR,ERR,ERR,ERR,ERR,ERR,ERR,ERR,ERR,ERR,ERR,ERR,ERR,ERR,ERR,ERR,ERR,ERR,ERR,ERR,ERR,ERR,ERR,ERR,ERR,ERR,ERR,ERR,ERR,ERR,ERR,ERR,ERR,ERR,ERR,ERR,ERR,ERR,ERR,ERR,ERR,ERR,ERR,ERR,ERR,ERR,ERR,ERR,ERR,ERR,ERR,ERR,ERR,ERR,ERR,ERR,ERR,ERR,ERR,ERR,ERR,ERR,ERR,ERR,ERR,ERR,ERR,ERR,ERR,ERR,ERR,ERR,ERR,ERR,ERR,ERR,ERR,ERR,ERR,ERR,ERR,ERR,ERR,ERR,ERR,ERR,ERR,ERR,ERR,ERR,ERR,0.0,-0.0,-0.0,0.0,0.0,1.3936040501711995e+18,7.805,0.0,0,0,4,0,8422,0.0,45,0.0,0.0,0.0,0.0,0.0,0,0,0,0,0.0,0,0,0,0,0,0,0,0,0,0,0,0,0,0,0,0,0,0,0,0,0,0,0,0,0,0,0,0,0,0,0,0,0,38,14,7,45,65476,0,300,0,0,8,21553,0.0,-107605600.0,0.0,0.0,0.0,0.0,0.0,0.0,0.0,0.0,0.0,0.0,0.0,0.0,0.0,0.0,0.0,0.0,0.0,0.0,0.0,0.0,-2.004,-0.0,2.004,-2.004,0.0,0.0,0.0,0.0,5034.0,3.697186573429349e+19,0.0,0.0,-0.0,-107615272.0,2.718429120148166e+23,0.0,0.0,0.0,0.0,53,89221.109,4.0668540358038725e+29,0.0,0.0,0.0,0.0,0.0,0.0,0.0,0,0,0,0.0,0.0,0.0,0.0,0.0,0.0,0.0,0.0,0.0,0.0,0.0,0.0,0.0,0.0,0.0,0.0,0,-107875648.0,53,0.0,106,-107614832.0,0.0,ERR,ERR,ERR,ERR,ERR,ERR,ERR,ERR,ERR,ERR,ERR,ERR,ERR,ERR,ERR,ERR,ERR,ERR,ERR,ERR,ERR,ERR,ERR,ERR,ERR,ERR,ERR,ERR,ERR,ERR,ERR,ERR,ERR,ERR,ERR,ERR,ERR,ERR,ERR,ERR,ERR,ERR,ERR,ERR,ERR,ERR,ERR,ERR,ERR,ERR,ERR,ERR,ERR,ERR,ERR,ERR,ERR,ERR,ERR,ERR,ERR,ERR,ERR,ERR,ERR,ERR,ERR,50.0,60.0,100,0.0,0.0,0.0,0.0,0.0,0.0,0.0,0.0,0.0,0.0,0.0,0.0,0.0,0.0,0.0,0.0,62.0,65,19,65520,50,65476,0,300,0,0,8,20529,65476,0,0,26214,60.0,0.0,0.0,0.0,0.0,0.0
2026-05-17T16:01:41,ERR,ERR,ERR,ERR,ERR,ERR,ERR,ERR,ERR,ERR,ERR,ERR,ERR,ERR,ERR,ERR,ERR,ERR,ERR,ERR,ERR,ERR,ERR,ERR,ERR,ERR,ERR,ERR,ERR,ERR,ERR,ERR,ERR,ERR,ERR,ERR,ERR,ERR,ERR,ERR,ERR,ERR,ERR,ERR,ERR,ERR,ERR,ERR,ERR,ERR,ERR,ERR,ERR,ERR,ERR,ERR,ERR,ERR,ERR,ERR,ERR,ERR,ERR,ERR,ERR,ERR,ERR,ERR,ERR,ERR,ERR,ERR,ERR,ERR,ERR,ERR,ERR,ERR,ERR,ERR,ERR,ERR,ERR,ERR,ERR,ERR,ERR,ERR,ERR,ERR,ERR,ERR,ERR,ERR,ERR,ERR,ERR,ERR,ERR,ERR,ERR,ERR,ERR,ERR,ERR,ERR,ERR,ERR,ERR,ERR,ERR,ERR,ERR,ERR,ERR,ERR,ERR,ERR,ERR,ERR,ERR,ERR,ERR,ERR,ERR,0.0,-0.0,-0.0,0.0,0.0,1.3936040501711995e+18,7.805,0.0,0,0,4,0,8422,0.0,45,0.0,0.0,0.0,0.0,0.0,0,0,0,0,0.0,0,0,0,0,0,0,0,0,0,0,0,0,0,0,0,0,0,0,0,0,0,0,0,0,0,0,0,0,0,0,0,0,0,38,14,7,45,65476,0,300,0,0,8,21553,0.0,-107605600.0,0.0,0.0,0.0,0.0,0.0,0.0,0.0,0.0,0.0,0.0,0.0,0.0,0.0,0.0,0.0,0.0,0.0,0.0,0.0,0.0,-2.004,-0.0,2.004,-2.004,0.0,0.0,0.0,0.0,5034.0,3.697186573429349e+19,0.0,0.0,-0.0,-107615272.0,2.718429120148166e+23,0.0,0.0,0.0,0.0,53,89221.109,4.0668540358038725e+29,0.0,0.0,0.0,0.0,0.0,0.0,0.0,0,0,0,0.0,0.0,0.0,0.0,0.0,0.0,0.0,0.0,0.0,0.0,0.0,0.0,0.0,0.0,0.0,0.0,0,-107875648.0,53,0.0,106,-107614832.0,0.0,ERR,ERR,ERR,ERR,ERR,ERR,ERR,ERR,ERR,ERR,ERR,ERR,ERR,ERR,ERR,ERR,ERR,ERR,ERR,ERR,ERR,ERR,ERR,ERR,ERR,ERR,ERR,ERR,ERR,ERR,ERR,ERR,ERR,ERR,ERR,ERR,ERR,ERR,ERR,ERR,ERR,ERR,ERR,ERR,ERR,ERR,ERR,ERR,ERR,ERR,ERR,ERR,ERR,ERR,ERR,ERR,ERR,ERR,ERR,ERR,ERR,ERR,ERR,ERR,ERR,ERR,ERR,50.0,60.0,100,0.0,0.0,0.0,0.0,0.0,0.0,0.0,0.0,0.0,0.0,0.0,0.0,0.0,0.0,0.0,0.0,61.6,65,19,65520,50,65476,0,300,0,0,8,20529,65476,0,0,26214,60.0,0.0,0.0,0.0,0.0,0.0
2026-05-17T16:01:42,ERR,ERR,ERR,ERR,ERR,ERR,ERR,ERR,ERR,ERR,ERR,ERR,ERR,ERR,ERR,ERR,ERR,ERR,ERR,ERR,ERR,ERR,ERR,ERR,ERR,ERR,ERR,ERR,ERR,ERR,ERR,ERR,ERR,ERR,ERR,ERR,ERR,ERR,ERR,ERR,ERR,ERR,ERR,ERR,ERR,ERR,ERR,ERR,ERR,ERR,ERR,ERR,ERR,ERR,ERR,ERR,ERR,ERR,ERR,ERR,ERR,ERR,ERR,ERR,ERR,ERR,ERR,ERR,ERR,ERR,ERR,ERR,ERR,ERR,ERR,ERR,ERR,ERR,ERR,ERR,ERR,ERR,ERR,ERR,ERR,ERR,ERR,ERR,ERR,ERR,ERR,ERR,ERR,ERR,ERR,ERR,ERR,ERR,ERR,ERR,ERR,ERR,ERR,ERR,ERR,ERR,ERR,ERR,ERR,ERR,ERR,ERR,ERR,ERR,ERR,ERR,ERR,ERR,ERR,ERR,ERR,ERR,ERR,ERR,ERR,0.0,-0.0,-0.0,0.0,0.0,1.3936040501711995e+18,7.805,0.0,0,0,4,0,8422,0.0,45,0.0,0.0,0.0,0.0,0.0,0,0,0,0,0.0,0,0,0,0,0,0,0,0,0,0,0,0,0,0,0,0,0,0,0,0,0,0,0,0,0,0,0,0,0,0,0,0,0,38,14,7,45,65476,0,300,0,0,8,21553,0.0,-107605600.0,0.0,0.0,0.0,0.0,0.0,0.0,0.0,0.0,0.0,0.0,0.0,0.0,0.0,0.0,0.0,0.0,0.0,0.0,0.0,0.0,-2.004,-0.0,2.004,-2.004,0.0,0.0,0.0,0.0,5034.0,3.697186573429349e+19,0.0,0.0,-0.0,-107615272.0,2.718429120148166e+23,0.0,0.0,0.0,0.0,53,89221.109,4.0668540358038725e+29,0.0,0.0,0.0,0.0,0.0,0.0,0.0,0,0,0,0.0,0.0,0.0,0.0,0.0,0.0,0.0,0.0,0.0,0.0,0.0,0.0,0.0,0.0,0.0,0.0,0,-107875648.0,53,0.0,106,-107614832.0,0.0,ERR,ERR,ERR,ERR,ERR,ERR,ERR,ERR,ERR,ERR,ERR,ERR,ERR,ERR,ERR,ERR,ERR,ERR,ERR,ERR,ERR,ERR,ERR,ERR,ERR,ERR,ERR,ERR,ERR,ERR,ERR,ERR,ERR,ERR,ERR,ERR,ERR,ERR,ERR,ERR,ERR,ERR,ERR,ERR,ERR,ERR,ERR,ERR,ERR,ERR,ERR,ERR,ERR,ERR,ERR,ERR,ERR,ERR,ERR,ERR,ERR,ERR,ERR,ERR,ERR,ERR,ERR,50.0,60.0,100,0.0,0.0,0.0,0.0,0.0,0.0,0.0,0.0,0.0,0.0,0.0,0.0,0.0,0.0,0.0,0.0,61.6,65,19,65520,50,65476,0,300,0,0,8,20529,65476,0,0,26214,60.0,0.0,0.0,0.0,0.0,0.0
2026-05-17T16:01:43,ERR,ERR,ERR,ERR,ERR,ERR,ERR,ERR,ERR,ERR,ERR,ERR,ERR,ERR,ERR,ERR,ERR,ERR,ERR,ERR,ERR,ERR,ERR,ERR,ERR,ERR,ERR,ERR,ERR,ERR,ERR,ERR,ERR,ERR,ERR,ERR,ERR,ERR,ERR,ERR,ERR,ERR,ERR,ERR,ERR,ERR,ERR,ERR,ERR,ERR,ERR,ERR,ERR,ERR,ERR,ERR,ERR,ERR,ERR,ERR,ERR,ERR,ERR,ERR,ERR,ERR,ERR,ERR,ERR,ERR,ERR,ERR,ERR,ERR,ERR,ERR,ERR,ERR,ERR,ERR,ERR,ERR,ERR,ERR,ERR,ERR,ERR,ERR,ERR,ERR,ERR,ERR,ERR,ERR,ERR,ERR,ERR,ERR,ERR,ERR,ERR,ERR,ERR,ERR,ERR,ERR,ERR,ERR,ERR,ERR,ERR,ERR,ERR,ERR,ERR,ERR,ERR,ERR,ERR,ERR,ERR,ERR,ERR,ERR,ERR,0.0,-0.0,-0.0,0.0,0.0,1.3936040501711995e+18,7.805,0.0,0,0,4,0,8422,0.0,45,0.0,0.0,0.0,0.0,0.0,0,0,0,0,0.0,0,0,0,0,0,0,0,0,0,0,0,0,0,0,0,0,0,0,0,0,0,0,0,0,0,0,0,0,0,0,0,0,0,38,14,7,45,65476,0,300,0,0,8,21553,0.0,-107605600.0,0.0,0.0,0.0,0.0,0.0,0.0,0.0,0.0,0.0,0.0,0.0,0.0,0.0,0.0,0.0,0.0,0.0,0.0,0.0,0.0,-2.004,-0.0,2.004,-2.004,0.0,0.0,0.0,0.0,5034.0,3.697186573429349e+19,0.0,0.0,-0.0,-107615272.0,2.718429120148166e+23,0.0,0.0,0.0,0.0,53,89221.109,4.0668540358038725e+29,0.0,0.0,0.0,0.0,0.0,0.0,0.0,0,0,0,0.0,0.0,0.0,0.0,0.0,0.0,0.0,0.0,0.0,0.0,0.0,0.0,0.0,0.0,0.0,0.0,0,-107875648.0,53,0.0,106,-107614832.0,0.0,ERR,ERR,ERR,ERR,ERR,ERR,ERR,ERR,ERR,ERR,ERR,ERR,ERR,ERR,ERR,ERR,ERR,ERR,ERR,ERR,ERR,ERR,ERR,ERR,ERR,ERR,ERR,ERR,ERR,ERR,ERR,ERR,ERR,ERR,ERR,ERR,ERR,ERR,ERR,ERR,ERR,ERR,ERR,ERR,ERR,ERR,ERR,ERR,ERR,ERR,ERR,ERR,ERR,ERR,ERR,ERR,ERR,ERR,ERR,ERR,ERR,ERR,ERR,ERR,ERR,ERR,ERR,50.0,60.0,100,0.0,0.0,0.0,0.0,0.0,0.0,0.0,0.0,0.0,0.0,0.0,0.0,0.0,0.0,0.0,0.0,61.6,65,19,65520,50,65476,0,300,0,0,8,20529,65476,0,0,26214,60.0,0.0,0.0,0.0,0.0,0.0
2026-05-17T16:01:44,ERR,ERR,ERR,ERR,ERR,ERR,ERR,ERR,ERR,ERR,ERR,ERR,ERR,ERR,ERR,ERR,ERR,ERR,ERR,ERR,ERR,ERR,ERR,ERR,ERR,ERR,ERR,ERR,ERR,ERR,ERR,ERR,ERR,ERR,ERR,ERR,ERR,ERR,ERR,ERR,ERR,ERR,ERR,ERR,ERR,ERR,ERR,ERR,ERR,ERR,ERR,ERR,ERR,ERR,ERR,ERR,ERR,ERR,ERR,ERR,ERR,ERR,ERR,ERR,ERR,ERR,ERR,ERR,ERR,ERR,ERR,ERR,ERR,ERR,ERR,ERR,ERR,ERR,ERR,ERR,ERR,ERR,ERR,ERR,ERR,ERR,ERR,ERR,ERR,ERR,ERR,ERR,ERR,ERR,ERR,ERR,ERR,ERR,ERR,ERR,ERR,ERR,ERR,ERR,ERR,ERR,ERR,ERR,ERR,ERR,ERR,ERR,ERR,ERR,ERR,ERR,ERR,ERR,ERR,ERR,ERR,ERR,ERR,ERR,ERR,0.0,-0.0,-0.0,0.0,0.0,1.3936040501711995e+18,7.805,0.0,0,0,4,0,8422,0.0,45,0.0,0.0,0.0,0.0,0.0,0,0,0,0,0.0,0,0,0,0,0,0,0,0,0,0,0,0,0,0,0,0,0,0,0,0,0,0,0,0,0,0,0,0,0,0,0,0,0,38,14,7,45,65476,0,300,0,0,8,21553,0.0,-107605600.0,0.0,0.0,0.0,0.0,0.0,0.0,0.0,0.0,0.0,0.0,0.0,0.0,0.0,0.0,0.0,0.0,0.0,0.0,0.0,0.0,-2.004,-0.0,2.004,-2.004,0.0,0.0,0.0,0.0,5036.0,-0.0,0.0,0.0,-0.0,-107615272.0,2.718429120148166e+23,0.0,0.0,0.0,0.0,53,126841110528.0,-71.629,0.0,0.0,0.0,0.0,0.0,0.0,0.0,0,0,0,0.0,0.0,0.0,0.0,0.0,0.0,0.0,0.0,0.0,0.0,0.0,0.0,0.0,0.0,0.0,0.0,0,-107875648.0,53,0.0,106,-107614832.0,0.0,ERR,ERR,ERR,ERR,ERR,ERR,ERR,ERR,ERR,ERR,ERR,ERR,ERR,ERR,ERR,ERR,ERR,ERR,ERR,ERR,ERR,ERR,ERR,ERR,ERR,ERR,ERR,ERR,ERR,ERR,ERR,ERR,ERR,ERR,ERR,ERR,ERR,ERR,ERR,ERR,ERR,ERR,ERR,ERR,ERR,ERR,ERR,ERR,ERR,ERR,ERR,ERR,ERR,ERR,ERR,ERR,ERR,ERR,ERR,ERR,ERR,ERR,ERR,ERR,ERR,ERR,ERR,50.0,60.0,100,0.0,0.0,0.0,0.0,0.0,0.0,0.0,0.0,0.0,0.0,0.0,0.0,0.0,0.0,0.0,0.0,61.6,65,19,65520,50,65476,0,300,0,0,8,20529,65476,0,0,26214,60.0,0.0,0.0,0.0,0.0,0.0
2026-05-17T16:01:45,ERR,ERR,ERR,ERR,ERR,ERR,ERR,ERR,ERR,ERR,ERR,ERR,ERR,ERR,ERR,ERR,ERR,ERR,ERR,ERR,ERR,ERR,ERR,ERR,ERR,ERR,ERR,ERR,ERR,ERR,ERR,ERR,ERR,ERR,ERR,ERR,ERR,ERR,ERR,ERR,ERR,ERR,ERR,ERR,ERR,ERR,ERR,ERR,ERR,ERR,ERR,ERR,ERR,ERR,ERR,ERR,ERR,ERR,ERR,ERR,ERR,ERR,ERR,ERR,ERR,ERR,ERR,ERR,ERR,ERR,ERR,ERR,ERR,ERR,ERR,ERR,ERR,ERR,ERR,ERR,ERR,ERR,ERR,ERR,ERR,ERR,ERR,ERR,ERR,ERR,ERR,ERR,ERR,ERR,ERR,ERR,ERR,ERR,ERR,ERR,ERR,ERR,ERR,ERR,ERR,ERR,ERR,ERR,ERR,ERR,ERR,ERR,ERR,ERR,ERR,ERR,ERR,ERR,ERR,ERR,ERR,ERR,ERR,ERR,ERR,0.0,-0.0,-0.0,0.0,0.0,1.3936040501711995e+18,7.805,0.0,0,0,4,0,8422,0.0,45,0.0,0.0,0.0,0.0,0.0,0,0,0,0,0.0,0,0,0,0,0,0,0,0,0,0,0,0,0,0,0,0,0,0,0,0,0,0,0,0,0,0,0,0,0,0,0,0,0,38,14,7,45,65476,0,300,0,0,8,21553,0.0,-107605600.0,0.0,0.0,0.0,0.0,0.0,0.0,0.0,0.0,0.0,0.0,0.0,0.0,0.0,0.0,0.0,0.0,0.0,0.0,0.0,0.0,-2.004,-0.0,2.004,-2.004,0.0,0.0,0.0,0.0,5036.0,-0.0,0.0,0.0,-0.0,-107615272.0,2.718429120148166e+23,0.0,0.0,0.0,0.0,53,126841110528.0,-71.629,0.0,0.0,0.0,0.0,0.0,0.0,0.0,0,0,0,0.0,0.0,0.0,0.0,0.0,0.0,0.0,0.0,0.0,0.0,0.0,0.0,0.0,0.0,0.0,0.0,0,-107875648.0,53,0.0,106,-107614832.0,0.0,ERR,ERR,ERR,ERR,ERR,ERR,ERR,ERR,ERR,ERR,ERR,ERR,ERR,ERR,ERR,ERR,ERR,ERR,ERR,ERR,ERR,ERR,ERR,ERR,ERR,ERR,ERR,ERR,ERR,ERR,ERR,ERR,ERR,ERR,ERR,ERR,ERR,ERR,ERR,ERR,ERR,ERR,ERR,ERR,ERR,ERR,ERR,ERR,ERR,ERR,ERR,ERR,ERR,ERR,ERR,ERR,ERR,ERR,ERR,ERR,ERR,ERR,ERR,ERR,ERR,ERR,ERR,50.0,60.0,100,0.0,0.0,0.0,0.0,0.0,0.0,0.0,0.0,0.0,0.0,0.0,0.0,0.0,0.0,0.0,0.0,61.6,65,19,65520,50,65476,0,300,0,0,8,20529,65476,0,0,26214,60.0,0.0,0.0,0.0,0.0,0.0
2026-05-17T16:01:46,ERR,ERR,ERR,ERR,ERR,ERR,ERR,ERR,ERR,ERR,ERR,ERR,ERR,ERR,ERR,ERR,ERR,ERR,ERR,ERR,ERR,ERR,ERR,ERR,ERR,ERR,ERR,ERR,ERR,ERR,ERR,ERR,ERR,ERR,ERR,ERR,ERR,ERR,ERR,ERR,ERR,ERR,ERR,ERR,ERR,ERR,ERR,ERR,ERR,ERR,ERR,ERR,ERR,ERR,ERR,ERR,ERR,ERR,ERR,ERR,ERR,ERR,ERR,ERR,ERR,ERR,ERR,ERR,ERR,ERR,ERR,ERR,ERR,ERR,ERR,ERR,ERR,ERR,ERR,ERR,ERR,ERR,ERR,ERR,ERR,ERR,ERR,ERR,ERR,ERR,ERR,ERR,ERR,ERR,ERR,ERR,ERR,ERR,ERR,ERR,ERR,ERR,ERR,ERR,ERR,ERR,ERR,ERR,ERR,ERR,ERR,ERR,ERR,ERR,ERR,ERR,ERR,ERR,ERR,ERR,ERR,ERR,ERR,ERR,ERR,0.0,-0.0,-0.0,0.0,0.0,1.3936040501711995e+18,7.805,0.0,0,0,4,0,8422,0.0,45,0.0,0.0,0.0,0.0,0.0,0,0,0,0,0.0,0,0,0,0,0,0,0,0,0,0,0,0,0,0,0,0,0,0,0,0,0,0,0,0,0,0,0,0,0,0,0,0,0,38,14,7,45,65476,0,300,0,0,8,21553,0.0,-107605600.0,0.0,0.0,0.0,0.0,0.0,0.0,0.0,0.0,0.0,0.0,0.0,0.0,0.0,0.0,0.0,0.0,0.0,0.0,0.0,0.0,-2.004,-0.0,2.004,-2.004,0.0,0.0,0.0,0.0,5036.0,-0.0,0.0,0.0,-0.0,-107615272.0,2.718429120148166e+23,0.0,0.0,0.0,0.0,53,126841110528.0,-71.629,0.0,0.0,0.0,0.0,0.0,0.0,0.0,0,0,0,0.0,0.0,0.0,0.0,0.0,0.0,0.0,0.0,0.0,0.0,0.0,0.0,0.0,0.0,0.0,0.0,0,-107875648.0,53,0.0,106,-107614832.0,0.0,ERR,ERR,ERR,ERR,ERR,ERR,ERR,ERR,ERR,ERR,ERR,ERR,ERR,ERR,ERR,ERR,ERR,ERR,ERR,ERR,ERR,ERR,ERR,ERR,ERR,ERR,ERR,ERR,ERR,ERR,ERR,ERR,ERR,ERR,ERR,ERR,ERR,ERR,ERR,ERR,ERR,ERR,ERR,ERR,ERR,ERR,ERR,ERR,ERR,ERR,ERR,ERR,ERR,ERR,ERR,ERR,ERR,ERR,ERR,ERR,ERR,ERR,ERR,ERR,ERR,ERR,ERR,50.0,60.0,100,0.0,0.0,0.0,0.0,0.0,0.0,0.0,0.0,0.0,0.0,0.0,0.0,0.0,0.0,0.0,0.0,61.6,65,19,65520,50,65476,0,300,0,0,8,20529,65476,0,0,26214,60.0,0.0,0.0,0.0,0.0,0.0
2026-05-17T16:01:47,ERR,ERR,ERR,ERR,ERR,ERR,ERR,ERR,ERR,ERR,ERR,ERR,ERR,ERR,ERR,ERR,ERR,ERR,ERR,ERR,ERR,ERR,ERR,ERR,ERR,ERR,ERR,ERR,ERR,ERR,ERR,ERR,ERR,ERR,ERR,ERR,ERR,ERR,ERR,ERR,ERR,ERR,ERR,ERR,ERR,ERR,ERR,ERR,ERR,ERR,ERR,ERR,ERR,ERR,ERR,ERR,ERR,ERR,ERR,ERR,ERR,ERR,ERR,ERR,ERR,ERR,ERR,ERR,ERR,ERR,ERR,ERR,ERR,ERR,ERR,ERR,ERR,ERR,ERR,ERR,ERR,ERR,ERR,ERR,ERR,ERR,ERR,ERR,ERR,ERR,ERR,ERR,ERR,ERR,ERR,ERR,ERR,ERR,ERR,ERR,ERR,ERR,ERR,ERR,ERR,ERR,ERR,ERR,ERR,ERR,ERR,ERR,ERR,ERR,ERR,ERR,ERR,ERR,ERR,ERR,ERR,ERR,ERR,ERR,ERR,0.0,-0.0,-0.0,0.0,0.0,1.3936040501711995e+18,7.805,0.0,0,0,4,0,8422,0.0,45,0.0,0.0,0.0,0.0,0.0,0,0,0,0,0.0,0,0,0,0,0,0,0,0,0,0,0,0,0,0,0,0,0,0,0,0,0,0,0,0,0,0,0,0,0,0,0,0,0,38,14,7,45,65476,0,300,0,0,8,21553,0.0,-107605600.0,0.0,0.0,0.0,0.0,0.0,0.0,0.0,0.0,0.0,0.0,0.0,0.0,0.0,0.0,0.0,0.0,0.0,0.0,0.0,0.0,-2.004,-0.0,2.004,-2.004,0.0,0.0,0.0,0.0,5036.0,-0.0,0.0,0.0,-0.0,-107615272.0,2.718429120148166e+23,0.0,0.0,0.0,0.0,53,126841110528.0,-71.629,0.0,0.0,0.0,0.0,0.0,0.0,0.0,0,0,0,0.0,0.0,0.0,0.0,0.0,0.0,0.0,0.0,0.0,0.0,0.0,0.0,0.0,0.0,0.0,0.0,0,-107875648.0,53,0.0,106,-107614832.0,0.0,ERR,ERR,ERR,ERR,ERR,ERR,ERR,ERR,ERR,ERR,ERR,ERR,ERR,ERR,ERR,ERR,ERR,ERR,ERR,ERR,ERR,ERR,ERR,ERR,ERR,ERR,ERR,ERR,ERR,ERR,ERR,ERR,ERR,ERR,ERR,ERR,ERR,ERR,ERR,ERR,ERR,ERR,ERR,ERR,ERR,ERR,ERR,ERR,ERR,ERR,ERR,ERR,ERR,ERR,ERR,ERR,ERR,ERR,ERR,ERR,ERR,ERR,ERR,ERR,ERR,ERR,ERR,50.0,60.0,100,0.0,0.0,0.0,0.0,0.0,0.0,0.0,0.0,0.0,0.0,0.0,0.0,0.0,0.0,0.0,0.0,61.6,65,19,65520,50,65476,0,300,0,0,8,20529,65476,0,0,26214,60.0,0.0,0.0,0.0,0.0,0.0
2026-05-17T16:01:48,ERR,ERR,ERR,ERR,ERR,ERR,ERR,ERR,ERR,ERR,ERR,ERR,ERR,ERR,ERR,ERR,ERR,ERR,ERR,ERR,ERR,ERR,ERR,ERR,ERR,ERR,ERR,ERR,ERR,ERR,ERR,ERR,ERR,ERR,ERR,ERR,ERR,ERR,ERR,ERR,ERR,ERR,ERR,ERR,ERR,ERR,ERR,ERR,ERR,ERR,ERR,ERR,ERR,ERR,ERR,ERR,ERR,ERR,ERR,ERR,ERR,ERR,ERR,ERR,ERR,ERR,ERR,ERR,ERR,ERR,ERR,ERR,ERR,ERR,ERR,ERR,ERR,ERR,ERR,ERR,ERR,ERR,ERR,ERR,ERR,ERR,ERR,ERR,ERR,ERR,ERR,ERR,ERR,ERR,ERR,ERR,ERR,ERR,ERR,ERR,ERR,ERR,ERR,ERR,ERR,ERR,ERR,ERR,ERR,ERR,ERR,ERR,ERR,ERR,ERR,ERR,ERR,ERR,ERR,ERR,ERR,ERR,ERR,ERR,ERR,0.0,-0.0,-0.0,0.0,0.0,1.3936040501711995e+18,7.805,0.0,0,0,4,0,8422,0.0,45,0.0,0.0,0.0,0.0,0.0,0,0,0,0,0.0,0,0,0,0,0,0,0,0,0,0,0,0,0,0,0,0,0,0,0,0,0,0,0,0,0,0,0,0,0,0,0,0,0,38,14,7,45,65476,0,300,0,0,8,21553,0.0,-107605600.0,0.0,0.0,0.0,0.0,0.0,0.0,0.0,0.0,0.0,0.0,0.0,0.0,0.0,0.0,0.0,0.0,0.0,0.0,0.0,0.0,-2.004,-0.0,2.004,-2.004,0.0,0.0,0.0,0.0,5036.0,-0.0,0.0,0.0,-0.0,-107615272.0,2.718429120148166e+23,0.0,0.0,0.0,0.0,53,126841110528.0,-71.629,0.0,0.0,0.0,0.0,0.0,0.0,0.0,0,0,0,0.0,0.0,0.0,0.0,0.0,0.0,0.0,0.0,0.0,0.0,0.0,0.0,0.0,0.0,0.0,0.0,0,-107875648.0,53,0.0,106,-107614832.0,0.0,ERR,ERR,ERR,ERR,ERR,ERR,ERR,ERR,ERR,ERR,ERR,ERR,ERR,ERR,ERR,ERR,ERR,ERR,ERR,ERR,ERR,ERR,ERR,ERR,ERR,ERR,ERR,ERR,ERR,ERR,ERR,ERR,ERR,ERR,ERR,ERR,ERR,ERR,ERR,ERR,ERR,ERR,ERR,ERR,ERR,ERR,ERR,ERR,ERR,ERR,ERR,ERR,ERR,ERR,ERR,ERR,ERR,ERR,ERR,ERR,ERR,ERR,ERR,ERR,ERR,ERR,ERR,50.0,60.0,100,0.0,0.0,0.0,0.0,0.0,0.0,0.0,0.0,0.0,0.0,0.0,0.0,0.0,0.0,0.0,0.0,61.6,65,19,65520,50,65476,0,300,0,0,8,20529,65476,0,0,26214,60.0,0.0,0.0,0.0,0.0,0.0
2026-05-17T16:01:49,ERR,ERR,ERR,ERR,ERR,ERR,ERR,ERR,ERR,ERR,ERR,ERR,ERR,ERR,ERR,ERR,ERR,ERR,ERR,ERR,ERR,ERR,ERR,ERR,ERR,ERR,ERR,ERR,ERR,ERR,ERR,ERR,ERR,ERR,ERR,ERR,ERR,ERR,ERR,ERR,ERR,ERR,ERR,ERR,ERR,ERR,ERR,ERR,ERR,ERR,ERR,ERR,ERR,ERR,ERR,ERR,ERR,ERR,ERR,ERR,ERR,ERR,ERR,ERR,ERR,ERR,ERR,ERR,ERR,ERR,ERR,ERR,ERR,ERR,ERR,ERR,ERR,ERR,ERR,ERR,ERR,ERR,ERR,ERR,ERR,ERR,ERR,ERR,ERR,ERR,ERR,ERR,ERR,ERR,ERR,ERR,ERR,ERR,ERR,ERR,ERR,ERR,ERR,ERR,ERR,ERR,ERR,ERR,ERR,ERR,ERR,ERR,ERR,ERR,ERR,ERR,ERR,ERR,ERR,ERR,ERR,ERR,ERR,ERR,ERR,0.0,-0.0,-0.0,0.0,0.0,1.3936040501711995e+18,7.805,0.0,0,0,4,0,8422,0.0,45,0.0,0.0,0.0,0.0,0.0,0,0,0,0,0.0,0,0,0,0,0,0,0,0,0,0,0,0,0,0,0,0,0,0,0,0,0,0,0,0,0,0,0,0,0,0,0,0,0,38,14,7,45,65476,0,300,0,0,8,21553,0.0,-107605600.0,0.0,0.0,0.0,0.0,0.0,0.0,0.0,0.0,0.0,0.0,0.0,0.0,0.0,0.0,0.0,0.0,0.0,0.0,0.0,0.0,-2.004,-0.0,2.004,-2.004,0.0,0.0,0.0,0.0,5042.0,2.004,0.0,0.0,-0.0,-107615272.0,2.718429120148166e+23,0.0,0.0,0.0,0.0,53,4.066880103266858e+29,89220.57,0.0,0.0,0.0,0.0,0.0,0.0,0.0,0,0,0,0.0,0.0,0.0,0.0,0.0,0.0,0.0,0.0,0.0,0.0,0.0,0.0,0.0,0.0,0.0,0.0,0,-107875648.0,53,0.0,106,-107614832.0,0.0,ERR,ERR,ERR,ERR,ERR,ERR,ERR,ERR,ERR,ERR,ERR,ERR,ERR,ERR,ERR,ERR,ERR,ERR,ERR,ERR,ERR,ERR,ERR,ERR,ERR,ERR,ERR,ERR,ERR,ERR,ERR,ERR,ERR,ERR,ERR,ERR,ERR,ERR,ERR,ERR,ERR,ERR,ERR,ERR,ERR,ERR,ERR,ERR,ERR,ERR,ERR,ERR,ERR,ERR,ERR,ERR,ERR,ERR,ERR,ERR,ERR,ERR,ERR,ERR,ERR,ERR,ERR,50.0,60.0,100,0.0,0.0,0.0,0.0,0.0,0.0,0.0,0.0,0.0,0.0,0.0,0.0,0.0,0.0,0.0,0.0,61.6,65,19,65520,50,65476,0,300,0,0,8,20529,65476,0,0,26214,60.0,0.0,0.0,0.0,0.0,0.0
2026-05-17T16:01:50,ERR,ERR,ERR,ERR,ERR,ERR,ERR,ERR,ERR,ERR,ERR,ERR,ERR,ERR,ERR,ERR,ERR,ERR,ERR,ERR,ERR,ERR,ERR,ERR,ERR,ERR,ERR,ERR,ERR,ERR,ERR,ERR,ERR,ERR,ERR,ERR,ERR,ERR,ERR,ERR,ERR,ERR,ERR,ERR,ERR,ERR,ERR,ERR,ERR,ERR,ERR,ERR,ERR,ERR,ERR,ERR,ERR,ERR,ERR,ERR,ERR,ERR,ERR,ERR,ERR,ERR,ERR,ERR,ERR,ERR,ERR,ERR,ERR,ERR,ERR,ERR,ERR,ERR,ERR,ERR,ERR,ERR,ERR,ERR,ERR,ERR,ERR,ERR,ERR,ERR,ERR,ERR,ERR,ERR,ERR,ERR,ERR,ERR,ERR,ERR,ERR,ERR,ERR,ERR,ERR,ERR,ERR,ERR,ERR,ERR,ERR,ERR,ERR,ERR,ERR,ERR,ERR,ERR,ERR,ERR,ERR,ERR,ERR,ERR,ERR,0.0,-0.0,-0.0,0.0,0.0,1.3936040501711995e+18,7.805,0.0,0,0,4,0,8422,0.0,45,0.0,0.0,0.0,0.0,0.0,0,0,0,0,0.0,0,0,0,0,0,0,0,0,0,0,0,0,0,0,0,0,0,0,0,0,0,0,0,0,0,0,0,0,0,0,0,0,0,38,14,7,45,65476,0,300,0,0,8,21553,0.0,-107605600.0,0.0,0.0,0.0,0.0,0.0,0.0,0.0,0.0,0.0,0.0,0.0,0.0,0.0,0.0,0.0,0.0,0.0,0.0,0.0,0.0,-2.004,-0.0,2.004,-2.004,0.0,0.0,0.0,0.0,5042.0,2.004,0.0,0.0,-0.0,-107615272.0,2.718429120148166e+23,0.0,0.0,0.0,0.0,53,4.066880103266858e+29,89220.57,0.0,0.0,0.0,0.0,0.0,0.0,0.0,0,0,0,0.0,0.0,0.0,0.0,0.0,0.0,0.0,0.0,0.0,0.0,0.0,0.0,0.0,0.0,0.0,0.0,0,-107875648.0,53,0.0,106,-107614832.0,0.0,ERR,ERR,ERR,ERR,ERR,ERR,ERR,ERR,ERR,ERR,ERR,ERR,ERR,ERR,ERR,ERR,ERR,ERR,ERR,ERR,ERR,ERR,ERR,ERR,ERR,ERR,ERR,ERR,ERR,ERR,ERR,ERR,ERR,ERR,ERR,ERR,ERR,ERR,ERR,ERR,ERR,ERR,ERR,ERR,ERR,ERR,ERR,ERR,ERR,ERR,ERR,ERR,ERR,ERR,ERR,ERR,ERR,ERR,ERR,ERR,ERR,ERR,ERR,ERR,ERR,ERR,ERR,50.0,60.0,100,0.0,0.0,0.0,0.0,0.0,0.0,0.0,0.0,0.0,0.0,0.0,0.0,0.0,0.0,0.0,0.0,61.6,65,19,65520,50,65476,0,300,0,0,8,20529,65476,0,0,26214,60.0,0.0,0.0,0.0,0.0,0.0
2026-05-17T16:01:51,ERR,ERR,ERR,ERR,ERR,ERR,ERR,ERR,ERR,ERR,ERR,ERR,ERR,ERR,ERR,ERR,ERR,ERR,ERR,ERR,ERR,ERR,ERR,ERR,ERR,ERR,ERR,ERR,ERR,ERR,ERR,ERR,ERR,ERR,ERR,ERR,ERR,ERR,ERR,ERR,ERR,ERR,ERR,ERR,ERR,ERR,ERR,ERR,ERR,ERR,ERR,ERR,ERR,ERR,ERR,ERR,ERR,ERR,ERR,ERR,ERR,ERR,ERR,ERR,ERR,ERR,ERR,ERR,ERR,ERR,ERR,ERR,ERR,ERR,ERR,ERR,ERR,ERR,ERR,ERR,ERR,ERR,ERR,ERR,ERR,ERR,ERR,ERR,ERR,ERR,ERR,ERR,ERR,ERR,ERR,ERR,ERR,ERR,ERR,ERR,ERR,ERR,ERR,ERR,ERR,ERR,ERR,ERR,ERR,ERR,ERR,ERR,ERR,ERR,ERR,ERR,ERR,ERR,ERR,ERR,ERR,ERR,ERR,ERR,ERR,0.0,-0.0,-0.0,0.0,0.0,1.3936040501711995e+18,7.805,0.0,0,0,4,0,8422,0.0,45,0.0,0.0,0.0,0.0,0.0,0,0,0,0,0.0,0,0,0,0,0,0,0,0,0,0,0,0,0,0,0,0,0,0,0,0,0,0,0,0,0,0,0,0,0,0,0,0,0,38,14,7,45,65476,0,300,0,0,8,21553,0.0,-107605600.0,0.0,0.0,0.0,0.0,0.0,0.0,0.0,0.0,0.0,0.0,0.0,0.0,0.0,0.0,0.0,0.0,0.0,0.0,0.0,0.0,-2.004,-0.0,2.004,-2.004,0.0,0.0,0.0,0.0,5042.0,2.004,0.0,0.0,-0.0,-107615272.0,2.718429120148166e+23,0.0,0.0,0.0,0.0,53,4.066880103266858e+29,89220.57,0.0,0.0,0.0,0.0,0.0,0.0,0.0,0,0,0,0.0,0.0,0.0,0.0,0.0,0.0,0.0,0.0,0.0,0.0,0.0,0.0,0.0,0.0,0.0,0.0,0,-107875648.0,53,0.0,106,-107614832.0,0.0,ERR,ERR,ERR,ERR,ERR,ERR,ERR,ERR,ERR,ERR,ERR,ERR,ERR,ERR,ERR,ERR,ERR,ERR,ERR,ERR,ERR,ERR,ERR,ERR,ERR,ERR,ERR,ERR,ERR,ERR,ERR,ERR,ERR,ERR,ERR,ERR,ERR,ERR,ERR,ERR,ERR,ERR,ERR,ERR,ERR,ERR,ERR,ERR,ERR,ERR,ERR,ERR,ERR,ERR,ERR,ERR,ERR,ERR,ERR,ERR,ERR,ERR,ERR,ERR,ERR,ERR,ERR,50.0,60.0,100,0.0,0.0,0.0,0.0,0.0,0.0,0.0,0.0,0.0,0.0,0.0,0.0,0.0,0.0,0.0,0.0,61.6,65,19,65520,50,65476,0,300,0,0,8,20529,65476,0,0,26214,60.0,0.0,0.0,0.0,0.0,0.0
2026-05-17T16:01:52,ERR,ERR,ERR,ERR,ERR,ERR,ERR,ERR,ERR,ERR,ERR,ERR,ERR,ERR,ERR,ERR,ERR,ERR,ERR,ERR,ERR,ERR,ERR,ERR,ERR,ERR,ERR,ERR,ERR,ERR,ERR,ERR,ERR,ERR,ERR,ERR,ERR,ERR,ERR,ERR,ERR,ERR,ERR,ERR,ERR,ERR,ERR,ERR,ERR,ERR,ERR,ERR,ERR,ERR,ERR,ERR,ERR,ERR,ERR,ERR,ERR,ERR,ERR,ERR,ERR,ERR,ERR,ERR,ERR,ERR,ERR,ERR,ERR,ERR,ERR,ERR,ERR,ERR,ERR,ERR,ERR,ERR,ERR,ERR,ERR,ERR,ERR,ERR,ERR,ERR,ERR,ERR,ERR,ERR,ERR,ERR,ERR,ERR,ERR,ERR,ERR,ERR,ERR,ERR,ERR,ERR,ERR,ERR,ERR,ERR,ERR,ERR,ERR,ERR,ERR,ERR,ERR,ERR,ERR,ERR,ERR,ERR,ERR,ERR,ERR,0.0,-0.0,-0.0,0.0,0.0,1.3936040501711995e+18,7.805,0.0,0,0,4,0,8422,0.0,45,0.0,0.0,0.0,0.0,0.0,0,0,0,0,0.0,0,0,0,0,0,0,0,0,0,0,0,0,0,0,0,0,0,0,0,0,0,0,0,0,0,0,0,0,0,0,0,0,0,38,14,7,45,65476,0,300,0,0,8,21553,0.0,-107605600.0,0.0,0.0,0.0,0.0,0.0,0.0,0.0,0.0,0.0,0.0,0.0,0.0,0.0,0.0,0.0,0.0,0.0,0.0,0.0,0.0,-2.004,-0.0,2.004,-2.004,0.0,0.0,0.0,0.0,5042.0,2.004,0.0,0.0,-0.0,-107615272.0,2.718429120148166e+23,0.0,0.0,0.0,0.0,53,4.066880103266858e+29,89220.57,0.0,0.0,0.0,0.0,0.0,0.0,0.0,0,0,0,0.0,0.0,0.0,0.0,0.0,0.0,0.0,0.0,0.0,0.0,0.0,0.0,0.0,0.0,0.0,0.0,0,-107875648.0,53,0.0,106,-107614832.0,0.0,ERR,ERR,ERR,ERR,ERR,ERR,ERR,ERR,ERR,ERR,ERR,ERR,ERR,ERR,ERR,ERR,ERR,ERR,ERR,ERR,ERR,ERR,ERR,ERR,ERR,ERR,ERR,ERR,ERR,ERR,ERR,ERR,ERR,ERR,ERR,ERR,ERR,ERR,ERR,ERR,ERR,ERR,ERR,ERR,ERR,ERR,ERR,ERR,ERR,ERR,ERR,ERR,ERR,ERR,ERR,ERR,ERR,ERR,ERR,ERR,ERR,ERR,ERR,ERR,ERR,ERR,ERR,50.0,60.0,100,0.0,0.0,0.0,0.0,0.0,0.0,0.0,0.0,0.0,0.0,0.0,0.0,0.0,0.0,0.0,0.0,61.6,65,19,65520,50,65476,0,300,0,0,8,20529,65476,0,0,26214,60.0,0.0,0.0,0.0,0.0,0.0
2026-05-17T16:01:53,ERR,ERR,ERR,ERR,ERR,ERR,ERR,ERR,ERR,ERR,ERR,ERR,ERR,ERR,ERR,ERR,ERR,ERR,ERR,ERR,ERR,ERR,ERR,ERR,ERR,ERR,ERR,ERR,ERR,ERR,ERR,ERR,ERR,ERR,ERR,ERR,ERR,ERR,ERR,ERR,ERR,ERR,ERR,ERR,ERR,ERR,ERR,ERR,ERR,ERR,ERR,ERR,ERR,ERR,ERR,ERR,ERR,ERR,ERR,ERR,ERR,ERR,ERR,ERR,ERR,ERR,ERR,ERR,ERR,ERR,ERR,ERR,ERR,ERR,ERR,ERR,ERR,ERR,ERR,ERR,ERR,ERR,ERR,ERR,ERR,ERR,ERR,ERR,ERR,ERR,ERR,ERR,ERR,ERR,ERR,ERR,ERR,ERR,ERR,ERR,ERR,ERR,ERR,ERR,ERR,ERR,ERR,ERR,ERR,ERR,ERR,ERR,ERR,ERR,ERR,ERR,ERR,ERR,ERR,ERR,ERR,ERR,ERR,ERR,ERR,0.0,-0.0,-0.0,0.0,0.0,1.3936040501711995e+18,7.805,0.0,0,0,4,0,8422,0.0,45,0.0,0.0,0.0,0.0,0.0,0,0,0,0,0.0,0,0,0,0,0,0,0,0,0,0,0,0,0,0,0,0,0,0,0,0,0,0,0,0,0,0,0,0,0,0,0,0,0,38,14,7,45,65476,0,300,0,0,8,21553,0.0,-107605600.0,0.0,0.0,0.0,0.0,0.0,0.0,0.0,0.0,0.0,0.0,0.0,0.0,0.0,0.0,0.0,0.0,0.0,0.0,0.0,0.0,-2.004,-0.0,2.004,-2.004,0.0,0.0,0.0,0.0,5042.0,2.004,0.0,0.0,-0.0,-107615272.0,2.718429120148166e+23,0.0,0.0,0.0,0.0,53,4.066880103266858e+29,89220.57,0.0,0.0,0.0,0.0,0.0,0.0,0.0,0,0,0,0.0,0.0,0.0,0.0,0.0,0.0,0.0,0.0,0.0,0.0,0.0,0.0,0.0,0.0,0.0,0.0,0,-107875648.0,53,0.0,106,-107614832.0,0.0,ERR,ERR,ERR,ERR,ERR,ERR,ERR,ERR,ERR,ERR,ERR,ERR,ERR,ERR,ERR,ERR,ERR,ERR,ERR,ERR,ERR,ERR,ERR,ERR,ERR,ERR,ERR,ERR,ERR,ERR,ERR,ERR,ERR,ERR,ERR,ERR,ERR,ERR,ERR,ERR,ERR,ERR,ERR,ERR,ERR,ERR,ERR,ERR,ERR,ERR,ERR,ERR,ERR,ERR,ERR,ERR,ERR,ERR,ERR,ERR,ERR,ERR,ERR,ERR,ERR,ERR,ERR,50.0,60.0,100,0.0,0.0,0.0,0.0,0.0,0.0,0.0,0.0,0.0,0.0,0.0,0.0,0.0,0.0,0.0,0.0,61.6,65,19,65520,50,65476,0,300,0,0,8,20529,65476,0,0,26214,60.0,0.0,0.0,0.0,0.0,0.0
2026-05-17T16:01:54,ERR,ERR,ERR,ERR,ERR,ERR,ERR,ERR,ERR,ERR,ERR,ERR,ERR,ERR,ERR,ERR,ERR,ERR,ERR,ERR,ERR,ERR,ERR,ERR,ERR,ERR,ERR,ERR,ERR,ERR,ERR,ERR,ERR,ERR,ERR,ERR,ERR,ERR,ERR,ERR,ERR,ERR,ERR,ERR,ERR,ERR,ERR,ERR,ERR,ERR,ERR,ERR,ERR,ERR,ERR,ERR,ERR,ERR,ERR,ERR,ERR,ERR,ERR,ERR,ERR,ERR,ERR,ERR,ERR,ERR,ERR,ERR,ERR,ERR,ERR,ERR,ERR,ERR,ERR,ERR,ERR,ERR,ERR,ERR,ERR,ERR,ERR,ERR,ERR,ERR,ERR,ERR,ERR,ERR,ERR,ERR,ERR,ERR,ERR,ERR,ERR,ERR,ERR,ERR,ERR,ERR,ERR,ERR,ERR,ERR,ERR,ERR,ERR,ERR,ERR,ERR,ERR,ERR,ERR,ERR,ERR,ERR,ERR,ERR,ERR,0.0,-0.0,-0.0,0.0,0.0,1.3936040501711995e+18,7.805,0.0,0,0,4,0,8422,0.0,45,0.0,0.0,0.0,0.0,0.0,0,0,0,0,0.0,0,0,0,0,0,0,0,0,0,0,0,0,0,0,0,0,0,0,0,0,0,0,0,0,0,0,0,0,0,0,0,0,0,38,14,7,45,65476,0,300,0,0,8,21553,0.0,-107605600.0,0.0,0.0,0.0,0.0,0.0,0.0,0.0,0.0,0.0,0.0,0.0,0.0,0.0,0.0,0.0,0.0,0.0,0.0,0.0,0.0,-2.004,-0.0,2.004,-2.004,0.0,0.0,0.0,0.0,5034.0,0.0,0.0,0.0,-0.0,-107615272.0,2.718429120148166e+23,0.0,0.0,0.0,0.0,53,89221.109,0.0,0.0,0.0,0.0,0.0,0.0,0.0,0.0,0,0,0,0.0,0.0,0.0,0.0,0.0,0.0,0.0,0.0,0.0,0.0,0.0,0.0,0.0,0.0,0.0,0.0,0,-107875648.0,53,0.0,106,-107614832.0,0.0,ERR,ERR,ERR,ERR,ERR,ERR,ERR,ERR,ERR,ERR,ERR,ERR,ERR,ERR,ERR,ERR,ERR,ERR,ERR,ERR,ERR,ERR,ERR,ERR,ERR,ERR,ERR,ERR,ERR,ERR,ERR,ERR,ERR,ERR,ERR,ERR,ERR,ERR,ERR,ERR,ERR,ERR,ERR,ERR,ERR,ERR,ERR,ERR,ERR,ERR,ERR,ERR,ERR,ERR,ERR,ERR,ERR,ERR,ERR,ERR,ERR,ERR,ERR,ERR,ERR,ERR,ERR,50.0,60.0,100,0.0,0.0,0.0,0.0,0.0,0.0,0.0,0.0,0.0,0.0,0.0,0.0,0.0,0.0,0.0,0.0,61.6,65,19,65520,50,65476,0,300,0,0,8,20529,65476,0,0,26214,60.0,0.0,0.0,0.0,0.0,0.0
2026-05-17T16:01:55,ERR,ERR,ERR,ERR,ERR,ERR,ERR,ERR,ERR,ERR,ERR,ERR,ERR,ERR,ERR,ERR,ERR,ERR,ERR,ERR,ERR,ERR,ERR,ERR,ERR,ERR,ERR,ERR,ERR,ERR,ERR,ERR,ERR,ERR,ERR,ERR,ERR,ERR,ERR,ERR,ERR,ERR,ERR,ERR,ERR,ERR,ERR,ERR,ERR,ERR,ERR,ERR,ERR,ERR,ERR,ERR,ERR,ERR,ERR,ERR,ERR,ERR,ERR,ERR,ERR,ERR,ERR,ERR,ERR,ERR,ERR,ERR,ERR,ERR,ERR,ERR,ERR,ERR,ERR,ERR,ERR,ERR,ERR,ERR,ERR,ERR,ERR,ERR,ERR,ERR,ERR,ERR,ERR,ERR,ERR,ERR,ERR,ERR,ERR,ERR,ERR,ERR,ERR,ERR,ERR,ERR,ERR,ERR,ERR,ERR,ERR,ERR,ERR,ERR,ERR,ERR,ERR,ERR,ERR,ERR,ERR,ERR,ERR,ERR,ERR,0.0,-0.0,-0.0,0.0,0.0,1.3936040501711995e+18,7.805,0.0,0,0,4,0,8422,0.0,45,0.0,0.0,0.0,0.0,0.0,0,0,0,0,0.0,0,0,0,0,0,0,0,0,0,0,0,0,0,0,0,0,0,0,0,0,0,0,0,0,0,0,0,0,0,0,0,0,0,38,14,7,45,65476,0,300,0,0,8,21553,0.0,-107605600.0,0.0,0.0,0.0,0.0,0.0,0.0,0.0,0.0,0.0,0.0,0.0,0.0,0.0,0.0,0.0,0.0,0.0,0.0,0.0,0.0,-2.004,-0.0,2.004,-2.004,0.0,0.0,0.0,0.0,5034.0,0.0,0.0,0.0,-0.0,-107615272.0,2.718429120148166e+23,0.0,0.0,0.0,0.0,53,89221.109,0.0,0.0,0.0,0.0,0.0,0.0,0.0,0.0,0,0,0,0.0,0.0,0.0,0.0,0.0,0.0,0.0,0.0,0.0,0.0,0.0,0.0,0.0,0.0,0.0,0.0,0,-107875648.0,53,0.0,106,-107614832.0,0.0,ERR,ERR,ERR,ERR,ERR,ERR,ERR,ERR,ERR,ERR,ERR,ERR,ERR,ERR,ERR,ERR,ERR,ERR,ERR,ERR,ERR,ERR,ERR,ERR,ERR,ERR,ERR,ERR,ERR,ERR,ERR,ERR,ERR,ERR,ERR,ERR,ERR,ERR,ERR,ERR,ERR,ERR,ERR,ERR,ERR,ERR,ERR,ERR,ERR,ERR,ERR,ERR,ERR,ERR,ERR,ERR,ERR,ERR,ERR,ERR,ERR,ERR,ERR,ERR,ERR,ERR,ERR,50.0,60.0,100,0.0,0.0,0.0,0.0,0.0,0.0,0.0,0.0,0.0,0.0,0.0,0.0,0.0,0.0,0.0,0.0,62.0,65,19,65520,50,65476,0,300,0,0,8,20529,65476,0,0,26214,60.0,0.0,0.0,0.0,0.0,0.0
2026-05-17T16:01:56,ERR,ERR,ERR,ERR,ERR,ERR,ERR,ERR,ERR,ERR,ERR,ERR,ERR,ERR,ERR,ERR,ERR,ERR,ERR,ERR,ERR,ERR,ERR,ERR,ERR,ERR,ERR,ERR,ERR,ERR,ERR,ERR,ERR,ERR,ERR,ERR,ERR,ERR,ERR,ERR,ERR,ERR,ERR,ERR,ERR,ERR,ERR,ERR,ERR,ERR,ERR,ERR,ERR,ERR,ERR,ERR,ERR,ERR,ERR,ERR,ERR,ERR,ERR,ERR,ERR,ERR,ERR,ERR,ERR,ERR,ERR,ERR,ERR,ERR,ERR,ERR,ERR,ERR,ERR,ERR,ERR,ERR,ERR,ERR,ERR,ERR,ERR,ERR,ERR,ERR,ERR,ERR,ERR,ERR,ERR,ERR,ERR,ERR,ERR,ERR,ERR,ERR,ERR,ERR,ERR,ERR,ERR,ERR,ERR,ERR,ERR,ERR,ERR,ERR,ERR,ERR,ERR,ERR,ERR,ERR,ERR,ERR,ERR,ERR,ERR,0.0,-0.0,-0.0,0.0,0.0,1.3936040501711995e+18,7.805,0.0,0,0,4,0,8422,0.0,45,0.0,0.0,0.0,0.0,0.0,0,0,0,0,0.0,0,0,0,0,0,0,0,0,0,0,0,0,0,0,0,0,0,0,0,0,0,0,0,0,0,0,0,0,0,0,0,0,0,38,14,7,45,65476,0,300,0,0,8,21553,0.0,-107605600.0,0.0,0.0,0.0,0.0,0.0,0.0,0.0,0.0,0.0,0.0,0.0,0.0,0.0,0.0,0.0,0.0,0.0,0.0,0.0,0.0,-2.004,-0.0,2.004,-2.004,0.0,0.0,0.0,0.0,5034.0,0.0,0.0,0.0,-0.0,-107615272.0,2.718429120148166e+23,0.0,0.0,0.0,0.0,53,89221.109,0.0,0.0,0.0,0.0,0.0,0.0,0.0,0.0,0,0,0,0.0,0.0,0.0,0.0,0.0,0.0,0.0,0.0,0.0,0.0,0.0,0.0,0.0,0.0,0.0,0.0,0,-107875648.0,53,0.0,106,-107614832.0,0.0,ERR,ERR,ERR,ERR,ERR,ERR,ERR,ERR,ERR,ERR,ERR,ERR,ERR,ERR,ERR,ERR,ERR,ERR,ERR,ERR,ERR,ERR,ERR,ERR,ERR,ERR,ERR,ERR,ERR,ERR,ERR,ERR,ERR,ERR,ERR,ERR,ERR,ERR,ERR,ERR,ERR,ERR,ERR,ERR,ERR,ERR,ERR,ERR,ERR,ERR,ERR,ERR,ERR,ERR,ERR,ERR,ERR,ERR,ERR,ERR,ERR,ERR,ERR,ERR,ERR,ERR,ERR,50.0,60.0,100,0.0,0.0,0.0,0.0,0.0,0.0,0.0,0.0,0.0,0.0,0.0,0.0,0.0,0.0,0.0,0.0,62.0,65,19,65520,50,65476,0,300,0,0,8,20529,65476,0,0,26214,60.0,0.0,0.0,0.0,0.0,0.0
2026-05-17T16:01:57,ERR,ERR,ERR,ERR,ERR,ERR,ERR,ERR,ERR,ERR,ERR,ERR,ERR,ERR,ERR,ERR,ERR,ERR,ERR,ERR,ERR,ERR,ERR,ERR,ERR,ERR,ERR,ERR,ERR,ERR,ERR,ERR,ERR,ERR,ERR,ERR,ERR,ERR,ERR,ERR,ERR,ERR,ERR,ERR,ERR,ERR,ERR,ERR,ERR,ERR,ERR,ERR,ERR,ERR,ERR,ERR,ERR,ERR,ERR,ERR,ERR,ERR,ERR,ERR,ERR,ERR,ERR,ERR,ERR,ERR,ERR,ERR,ERR,ERR,ERR,ERR,ERR,ERR,ERR,ERR,ERR,ERR,ERR,ERR,ERR,ERR,ERR,ERR,ERR,ERR,ERR,ERR,ERR,ERR,ERR,ERR,ERR,ERR,ERR,ERR,ERR,ERR,ERR,ERR,ERR,ERR,ERR,ERR,ERR,ERR,ERR,ERR,ERR,ERR,ERR,ERR,ERR,ERR,ERR,ERR,ERR,ERR,ERR,ERR,ERR,0.0,-0.0,-0.0,0.0,0.0,1.3936040501711995e+18,7.805,0.0,0,0,4,0,8422,0.0,45,0.0,0.0,0.0,0.0,0.0,0,0,0,0,0.0,0,0,0,0,0,0,0,0,0,0,0,0,0,0,0,0,0,0,0,0,0,0,0,0,0,0,0,0,0,0,0,0,0,38,14,7,45,65476,0,300,0,0,8,21553,0.0,-107605600.0,0.0,0.0,0.0,0.0,0.0,0.0,0.0,0.0,0.0,0.0,0.0,0.0,0.0,0.0,0.0,0.0,0.0,0.0,0.0,0.0,-2.004,-0.0,2.004,-2.004,0.0,0.0,0.0,0.0,5034.0,0.0,0.0,0.0,-0.0,-107615272.0,2.718429120148166e+23,0.0,0.0,0.0,0.0,53,89221.109,0.0,0.0,0.0,0.0,0.0,0.0,0.0,0.0,0,0,0,0.0,0.0,0.0,0.0,0.0,0.0,0.0,0.0,0.0,0.0,0.0,0.0,0.0,0.0,0.0,0.0,0,-107875648.0,53,0.0,106,-107614832.0,0.0,ERR,ERR,ERR,ERR,ERR,ERR,ERR,ERR,ERR,ERR,ERR,ERR,ERR,ERR,ERR,ERR,ERR,ERR,ERR,ERR,ERR,ERR,ERR,ERR,ERR,ERR,ERR,ERR,ERR,ERR,ERR,ERR,ERR,ERR,ERR,ERR,ERR,ERR,ERR,ERR,ERR,ERR,ERR,ERR,ERR,ERR,ERR,ERR,ERR,ERR,ERR,ERR,ERR,ERR,ERR,ERR,ERR,ERR,ERR,ERR,ERR,ERR,ERR,ERR,ERR,ERR,ERR,50.0,60.0,100,0.0,0.0,0.0,0.0,0.0,0.0,0.0,0.0,0.0,0.0,0.0,0.0,0.0,0.0,0.0,0.0,62.0,65,19,65520,50,65476,0,300,0,0,8,20529,65476,0,0,26214,60.0,0.0,0.0,0.0,0.0,0.0
2026-05-17T16:01:58,ERR,ERR,ERR,ERR,ERR,ERR,ERR,ERR,ERR,ERR,ERR,ERR,ERR,ERR,ERR,ERR,ERR,ERR,ERR,ERR,ERR,ERR,ERR,ERR,ERR,ERR,ERR,ERR,ERR,ERR,ERR,ERR,ERR,ERR,ERR,ERR,ERR,ERR,ERR,ERR,ERR,ERR,ERR,ERR,ERR,ERR,ERR,ERR,ERR,ERR,ERR,ERR,ERR,ERR,ERR,ERR,ERR,ERR,ERR,ERR,ERR,ERR,ERR,ERR,ERR,ERR,ERR,ERR,ERR,ERR,ERR,ERR,ERR,ERR,ERR,ERR,ERR,ERR,ERR,ERR,ERR,ERR,ERR,ERR,ERR,ERR,ERR,ERR,ERR,ERR,ERR,ERR,ERR,ERR,ERR,ERR,ERR,ERR,ERR,ERR,ERR,ERR,ERR,ERR,ERR,ERR,ERR,ERR,ERR,ERR,ERR,ERR,ERR,ERR,ERR,ERR,ERR,ERR,ERR,ERR,ERR,ERR,ERR,ERR,ERR,0.0,-0.0,-0.0,0.0,0.0,1.3936040501711995e+18,7.805,0.0,0,0,4,0,8422,0.0,45,0.0,0.0,0.0,0.0,0.0,0,0,0,0,0.0,0,0,0,0,0,0,0,0,0,0,0,0,0,0,0,0,0,0,0,0,0,0,0,0,0,0,0,0,0,0,0,0,0,38,14,7,45,65476,0,300,0,0,8,21553,0.0,-107605600.0,0.0,0.0,0.0,0.0,0.0,0.0,0.0,0.0,0.0,0.0,0.0,0.0,0.0,0.0,0.0,0.0,0.0,0.0,0.0,0.0,-2.004,-0.0,2.004,-2.004,0.0,0.0,0.0,0.0,5034.0,0.0,0.0,0.0,-0.0,-107615272.0,2.718429120148166e+23,0.0,0.0,0.0,0.0,53,89221.109,0.0,0.0,0.0,0.0,0.0,0.0,0.0,0.0,0,0,0,0.0,0.0,0.0,0.0,0.0,0.0,0.0,0.0,0.0,0.0,0.0,0.0,0.0,0.0,0.0,0.0,0,-107875648.0,53,0.0,106,-107614832.0,0.0,ERR,ERR,ERR,ERR,ERR,ERR,ERR,ERR,ERR,ERR,ERR,ERR,ERR,ERR,ERR,ERR,ERR,ERR,ERR,ERR,ERR,ERR,ERR,ERR,ERR,ERR,ERR,ERR,ERR,ERR,ERR,ERR,ERR,ERR,ERR,ERR,ERR,ERR,ERR,ERR,ERR,ERR,ERR,ERR,ERR,ERR,ERR,ERR,ERR,ERR,ERR,ERR,ERR,ERR,ERR,ERR,ERR,ERR,ERR,ERR,ERR,ERR,ERR,ERR,ERR,ERR,ERR,50.0,60.0,100,0.0,0.0,0.0,0.0,0.0,0.0,0.0,0.0,0.0,0.0,0.0,0.0,0.0,0.0,0.0,0.0,61.6,65,19,65520,50,65476,0,300,0,0,8,20529,65476,0,0,26214,60.0,0.0,0.0,0.0,0.0,0.0
2026-05-17T16:01:59,ERR,ERR,ERR,ERR,ERR,ERR,ERR,ERR,ERR,ERR,ERR,ERR,ERR,ERR,ERR,ERR,ERR,ERR,ERR,ERR,ERR,ERR,ERR,ERR,ERR,ERR,ERR,ERR,ERR,ERR,ERR,ERR,ERR,ERR,ERR,ERR,ERR,ERR,ERR,ERR,ERR,ERR,ERR,ERR,ERR,ERR,ERR,ERR,ERR,ERR,ERR,ERR,ERR,ERR,ERR,ERR,ERR,ERR,ERR,ERR,ERR,ERR,ERR,ERR,ERR,ERR,ERR,ERR,ERR,ERR,ERR,ERR,ERR,ERR,ERR,ERR,ERR,ERR,ERR,ERR,ERR,ERR,ERR,ERR,ERR,ERR,ERR,ERR,ERR,ERR,ERR,ERR,ERR,ERR,ERR,ERR,ERR,ERR,ERR,ERR,ERR,ERR,ERR,ERR,ERR,ERR,ERR,ERR,ERR,ERR,ERR,ERR,ERR,ERR,ERR,ERR,ERR,ERR,ERR,ERR,ERR,ERR,ERR,ERR,ERR,0.0,-0.0,-0.0,0.0,0.0,1.3936040501711995e+18,7.805,0.0,0,0,4,0,8422,0.0,45,0.0,0.0,0.0,0.0,0.0,0,0,0,0,0.0,0,0,0,0,0,0,0,0,0,0,0,0,0,0,0,0,0,0,0,0,0,0,0,0,0,0,0,0,0,0,0,0,0,38,14,7,45,65476,0,300,0,0,8,21553,0.0,-107605600.0,0.0,0.0,0.0,0.0,0.0,0.0,0.0,0.0,0.0,0.0,0.0,0.0,0.0,0.0,0.0,0.0,0.0,0.0,0.0,0.0,-2.004,-0.0,2.004,-2.004,0.0,0.0,0.0,0.0,5006.0,-3.697186133624698e+19,0.0,0.0,-0.0,-107615272.0,2.718429120148166e+23,0.0,0.0,0.0,0.0,53,1.9056979486756045e+17,-107614784.0,0.0,0.0,0.0,0.0,0.0,0.0,0.0,0,0,0,0.0,0.0,0.0,0.0,0.0,0.0,0.0,0.0,0.0,0.0,0.0,0.0,0.0,0.0,0.0,0.0,0,-107875648.0,53,0.0,106,-107614832.0,0.0,ERR,ERR,ERR,ERR,ERR,ERR,ERR,ERR,ERR,ERR,ERR,ERR,ERR,ERR,ERR,ERR,ERR,ERR,ERR,ERR,ERR,ERR,ERR,ERR,ERR,ERR,ERR,ERR,ERR,ERR,ERR,ERR,ERR,ERR,ERR,ERR,ERR,ERR,ERR,ERR,ERR,ERR,ERR,ERR,ERR,ERR,ERR,ERR,ERR,ERR,ERR,ERR,ERR,ERR,ERR,ERR,ERR,ERR,ERR,ERR,ERR,ERR,ERR,ERR,ERR,ERR,ERR,50.0,60.0,100,0.0,0.0,0.0,0.0,0.0,0.0,0.0,0.0,0.0,0.0,0.0,0.0,0.0,0.0,0.0,0.0,61.6,65,19,65520,50,65476,0,300,0,0,8,20529,65476,0,0,26214,60.0,0.0,0.0,0.0,0.0,0.0
2026-05-17T16:02:00,ERR,ERR,ERR,ERR,ERR,ERR,ERR,ERR,ERR,ERR,ERR,ERR,ERR,ERR,ERR,ERR,ERR,ERR,ERR,ERR,ERR,ERR,ERR,ERR,ERR,ERR,ERR,ERR,ERR,ERR,ERR,ERR,ERR,ERR,ERR,ERR,ERR,ERR,ERR,ERR,ERR,ERR,ERR,ERR,ERR,ERR,ERR,ERR,ERR,ERR,ERR,ERR,ERR,ERR,ERR,ERR,ERR,ERR,ERR,ERR,ERR,ERR,ERR,ERR,ERR,ERR,ERR,ERR,ERR,ERR,ERR,ERR,ERR,ERR,ERR,ERR,ERR,ERR,ERR,ERR,ERR,ERR,ERR,ERR,ERR,ERR,ERR,ERR,ERR,ERR,ERR,ERR,ERR,ERR,ERR,ERR,ERR,ERR,ERR,ERR,ERR,ERR,ERR,ERR,ERR,ERR,ERR,ERR,ERR,ERR,ERR,ERR,ERR,ERR,ERR,ERR,ERR,ERR,ERR,ERR,ERR,ERR,ERR,ERR,ERR,0.0,-0.0,-0.0,0.0,0.0,1.3936040501711995e+18,7.805,0.0,0,0,4,0,8422,0.0,45,0.0,0.0,0.0,0.0,0.0,0,0,0,0,0.0,0,0,0,0,0,0,0,0,0,0,0,0,0,0,0,0,0,0,0,0,0,0,0,0,0,0,0,0,0,0,0,0,0,38,14,7,45,65476,0,300,0,0,8,21553,0.0,-107605600.0,0.0,0.0,0.0,0.0,0.0,0.0,0.0,0.0,0.0,0.0,0.0,0.0,0.0,0.0,0.0,0.0,0.0,0.0,0.0,0.0,-2.004,-0.0,2.004,-2.004,0.0,0.0,0.0,0.0,5006.0,-3.697186133624698e+19,0.0,0.0,-0.0,-107615272.0,2.718429120148166e+23,0.0,0.0,0.0,0.0,53,1.9056979486756045e+17,-107614784.0,0.0,0.0,0.0,0.0,0.0,0.0,0.0,0,0,0,0.0,0.0,0.0,0.0,0.0,0.0,0.0,0.0,0.0,0.0,0.0,0.0,0.0,0.0,0.0,0.0,0,-107875648.0,53,0.0,106,-107614832.0,0.0,ERR,ERR,ERR,ERR,ERR,ERR,ERR,ERR,ERR,ERR,ERR,ERR,ERR,ERR,ERR,ERR,ERR,ERR,ERR,ERR,ERR,ERR,ERR,ERR,ERR,ERR,ERR,ERR,ERR,ERR,ERR,ERR,ERR,ERR,ERR,ERR,ERR,ERR,ERR,ERR,ERR,ERR,ERR,ERR,ERR,ERR,ERR,ERR,ERR,ERR,ERR,ERR,ERR,ERR,ERR,ERR,ERR,ERR,ERR,ERR,ERR,ERR,ERR,ERR,ERR,ERR,ERR,50.0,60.0,100,0.0,0.0,0.0,0.0,0.0,0.0,0.0,0.0,0.0,0.0,0.0,0.0,0.0,0.0,0.0,0.0,61.6,65,19,65520,50,65476,0,300,0,0,8,20529,65476,0,0,26214,60.0,0.0,0.0,0.0,0.0,0.0
2026-05-17T16:02:01,ERR,ERR,ERR,ERR,ERR,ERR,ERR,ERR,ERR,ERR,ERR,ERR,ERR,ERR,ERR,ERR,ERR,ERR,ERR,ERR,ERR,ERR,ERR,ERR,ERR,ERR,ERR,ERR,ERR,ERR,ERR,ERR,ERR,ERR,ERR,ERR,ERR,ERR,ERR,ERR,ERR,ERR,ERR,ERR,ERR,ERR,ERR,ERR,ERR,ERR,ERR,ERR,ERR,ERR,ERR,ERR,ERR,ERR,ERR,ERR,ERR,ERR,ERR,ERR,ERR,ERR,ERR,ERR,ERR,ERR,ERR,ERR,ERR,ERR,ERR,ERR,ERR,ERR,ERR,ERR,ERR,ERR,ERR,ERR,ERR,ERR,ERR,ERR,ERR,ERR,ERR,ERR,ERR,ERR,ERR,ERR,ERR,ERR,ERR,ERR,ERR,ERR,ERR,ERR,ERR,ERR,ERR,ERR,ERR,ERR,ERR,ERR,ERR,ERR,ERR,ERR,ERR,ERR,ERR,ERR,ERR,ERR,ERR,ERR,ERR,0.0,-0.0,-0.0,0.0,0.0,1.3936040501711995e+18,7.805,0.0,0,0,4,0,8422,0.0,45,0.0,0.0,0.0,0.0,0.0,0,0,0,0,0.0,0,0,0,0,0,0,0,0,0,0,0,0,0,0,0,0,0,0,0,0,0,0,0,0,0,0,0,0,0,0,0,0,0,38,14,7,45,65476,0,300,0,0,8,21553,0.0,-107605600.0,0.0,0.0,0.0,0.0,0.0,0.0,0.0,0.0,0.0,0.0,0.0,0.0,0.0,0.0,0.0,0.0,0.0,0.0,0.0,0.0,-2.004,-0.0,2.004,-2.004,0.0,0.0,0.0,0.0,5006.0,-3.697186133624698e+19,0.0,0.0,-0.0,-107615272.0,2.718429120148166e+23,0.0,0.0,0.0,0.0,53,1.9056979486756045e+17,-107614784.0,0.0,0.0,0.0,0.0,0.0,0.0,0.0,0,0,0,0.0,0.0,0.0,0.0,0.0,0.0,0.0,0.0,0.0,0.0,0.0,0.0,0.0,0.0,0.0,0.0,0,-107875648.0,53,0.0,106,-107614832.0,0.0,ERR,ERR,ERR,ERR,ERR,ERR,ERR,ERR,ERR,ERR,ERR,ERR,ERR,ERR,ERR,ERR,ERR,ERR,ERR,ERR,ERR,ERR,ERR,ERR,ERR,ERR,ERR,ERR,ERR,ERR,ERR,ERR,ERR,ERR,ERR,ERR,ERR,ERR,ERR,ERR,ERR,ERR,ERR,ERR,ERR,ERR,ERR,ERR,ERR,ERR,ERR,ERR,ERR,ERR,ERR,ERR,ERR,ERR,ERR,ERR,ERR,ERR,ERR,ERR,ERR,ERR,ERR,50.0,60.0,100,0.0,0.0,0.0,0.0,0.0,0.0,0.0,0.0,0.0,0.0,0.0,0.0,0.0,0.0,0.0,0.0,61.6,65,19,65520,50,65476,0,300,0,0,8,20529,65476,0,0,26214,60.0,0.0,0.0,0.0,0.0,0.0
2026-05-17T16:02:02,ERR,ERR,ERR,ERR,ERR,ERR,ERR,ERR,ERR,ERR,ERR,ERR,ERR,ERR,ERR,ERR,ERR,ERR,ERR,ERR,ERR,ERR,ERR,ERR,ERR,ERR,ERR,ERR,ERR,ERR,ERR,ERR,ERR,ERR,ERR,ERR,ERR,ERR,ERR,ERR,ERR,ERR,ERR,ERR,ERR,ERR,ERR,ERR,ERR,ERR,ERR,ERR,ERR,ERR,ERR,ERR,ERR,ERR,ERR,ERR,ERR,ERR,ERR,ERR,ERR,ERR,ERR,ERR,ERR,ERR,ERR,ERR,ERR,ERR,ERR,ERR,ERR,ERR,ERR,ERR,ERR,ERR,ERR,ERR,ERR,ERR,ERR,ERR,ERR,ERR,ERR,ERR,ERR,ERR,ERR,ERR,ERR,ERR,ERR,ERR,ERR,ERR,ERR,ERR,ERR,ERR,ERR,ERR,ERR,ERR,ERR,ERR,ERR,ERR,ERR,ERR,ERR,ERR,ERR,ERR,ERR,ERR,ERR,ERR,ERR,0.0,-0.0,-0.0,0.0,0.0,1.3936040501711995e+18,7.805,0.0,0,0,4,0,8422,0.0,45,0.0,0.0,0.0,0.0,0.0,0,0,0,0,0.0,0,0,0,0,0,0,0,0,0,0,0,0,0,0,0,0,0,0,0,0,0,0,0,0,0,0,0,0,0,0,0,0,0,38,14,7,45,65476,0,300,0,0,8,21553,0.0,-107605600.0,0.0,0.0,0.0,0.0,0.0,0.0,0.0,0.0,0.0,0.0,0.0,0.0,0.0,0.0,0.0,0.0,0.0,0.0,0.0,0.0,-2.004,-0.0,2.004,-2.004,0.0,0.0,0.0,0.0,5006.0,-3.697186133624698e+19,0.0,0.0,-0.0,-107615272.0,2.718429120148166e+23,0.0,0.0,0.0,0.0,53,1.9056979486756045e+17,-107614784.0,0.0,0.0,0.0,0.0,0.0,0.0,0.0,0,0,0,0.0,0.0,0.0,0.0,0.0,0.0,0.0,0.0,0.0,0.0,0.0,0.0,0.0,0.0,0.0,0.0,0,-107875648.0,53,0.0,106,-107614832.0,0.0,ERR,ERR,ERR,ERR,ERR,ERR,ERR,ERR,ERR,ERR,ERR,ERR,ERR,ERR,ERR,ERR,ERR,ERR,ERR,ERR,ERR,ERR,ERR,ERR,ERR,ERR,ERR,ERR,ERR,ERR,ERR,ERR,ERR,ERR,ERR,ERR,ERR,ERR,ERR,ERR,ERR,ERR,ERR,ERR,ERR,ERR,ERR,ERR,ERR,ERR,ERR,ERR,ERR,ERR,ERR,ERR,ERR,ERR,ERR,ERR,ERR,ERR,ERR,ERR,ERR,ERR,ERR,50.0,60.0,100,0.0,0.0,0.0,0.0,0.0,0.0,0.0,0.0,0.0,0.0,0.0,0.0,0.0,0.0,0.0,0.0,62.0,65,19,65520,50,65476,0,300,0,0,8,20529,65476,0,0,26214,60.0,0.0,0.0,0.0,0.0,0.0
2026-05-17T16:02:03,ERR,ERR,ERR,ERR,ERR,ERR,ERR,ERR,ERR,ERR,ERR,ERR,ERR,ERR,ERR,ERR,ERR,ERR,ERR,ERR,ERR,ERR,ERR,ERR,ERR,ERR,ERR,ERR,ERR,ERR,ERR,ERR,ERR,ERR,ERR,ERR,ERR,ERR,ERR,ERR,ERR,ERR,ERR,ERR,ERR,ERR,ERR,ERR,ERR,ERR,ERR,ERR,ERR,ERR,ERR,ERR,ERR,ERR,ERR,ERR,ERR,ERR,ERR,ERR,ERR,ERR,ERR,ERR,ERR,ERR,ERR,ERR,ERR,ERR,ERR,ERR,ERR,ERR,ERR,ERR,ERR,ERR,ERR,ERR,ERR,ERR,ERR,ERR,ERR,ERR,ERR,ERR,ERR,ERR,ERR,ERR,ERR,ERR,ERR,ERR,ERR,ERR,ERR,ERR,ERR,ERR,ERR,ERR,ERR,ERR,ERR,ERR,ERR,ERR,ERR,ERR,ERR,ERR,ERR,ERR,ERR,ERR,ERR,ERR,ERR,0.0,-0.0,-0.0,0.0,0.0,1.3936040501711995e+18,7.805,0.0,0,0,4,0,8422,0.0,45,0.0,0.0,0.0,0.0,0.0,0,0,0,0,0.0,0,0,0,0,0,0,0,0,0,0,0,0,0,0,0,0,0,0,0,0,0,0,0,0,0,0,0,0,0,0,0,0,0,38,14,7,45,65476,0,300,0,0,8,21553,0.0,-107605600.0,0.0,0.0,0.0,0.0,0.0,0.0,0.0,0.0,0.0,0.0,0.0,0.0,0.0,0.0,0.0,0.0,0.0,0.0,0.0,0.0,-2.004,-0.0,2.004,-2.004,0.0,0.0,0.0,0.0,5006.0,-3.697186133624698e+19,0.0,0.0,-0.0,-107615272.0,2.718429120148166e+23,0.0,0.0,0.0,0.0,53,1.9056979486756045e+17,-107614784.0,0.0,0.0,0.0,0.0,0.0,0.0,0.0,0,0,0,0.0,0.0,0.0,0.0,0.0,0.0,0.0,0.0,0.0,0.0,0.0,0.0,0.0,0.0,0.0,0.0,0,-107875648.0,53,0.0,106,-107614832.0,0.0,ERR,ERR,ERR,ERR,ERR,ERR,ERR,ERR,ERR,ERR,ERR,ERR,ERR,ERR,ERR,ERR,ERR,ERR,ERR,ERR,ERR,ERR,ERR,ERR,ERR,ERR,ERR,ERR,ERR,ERR,ERR,ERR,ERR,ERR,ERR,ERR,ERR,ERR,ERR,ERR,ERR,ERR,ERR,ERR,ERR,ERR,ERR,ERR,ERR,ERR,ERR,ERR,ERR,ERR,ERR,ERR,ERR,ERR,ERR,ERR,ERR,ERR,ERR,ERR,ERR,ERR,ERR,50.0,60.0,100,0.0,0.0,0.0,0.0,0.0,0.0,0.0,0.0,0.0,0.0,0.0,0.0,0.0,0.0,0.0,0.0,61.6,65,19,65520,50,65476,0,300,0,0,8,20529,65476,0,0,26214,60.0,0.0,0.0,0.0,0.0,0.0
2026-05-17T16:02:04,ERR,ERR,ERR,ERR,ERR,ERR,ERR,ERR,ERR,ERR,ERR,ERR,ERR,ERR,ERR,ERR,ERR,ERR,ERR,ERR,ERR,ERR,ERR,ERR,ERR,ERR,ERR,ERR,ERR,ERR,ERR,ERR,ERR,ERR,ERR,ERR,ERR,ERR,ERR,ERR,ERR,ERR,ERR,ERR,ERR,ERR,ERR,ERR,ERR,ERR,ERR,ERR,ERR,ERR,ERR,ERR,ERR,ERR,ERR,ERR,ERR,ERR,ERR,ERR,ERR,ERR,ERR,ERR,ERR,ERR,ERR,ERR,ERR,ERR,ERR,ERR,ERR,ERR,ERR,ERR,ERR,ERR,ERR,ERR,ERR,ERR,ERR,ERR,ERR,ERR,ERR,ERR,ERR,ERR,ERR,ERR,ERR,ERR,ERR,ERR,ERR,ERR,ERR,ERR,ERR,ERR,ERR,ERR,ERR,ERR,ERR,ERR,ERR,ERR,ERR,ERR,ERR,ERR,ERR,ERR,ERR,ERR,ERR,ERR,ERR,0.0,-0.0,-0.0,0.0,0.0,1.3936040501711995e+18,7.805,0.0,0,0,4,0,8422,0.0,45,0.0,0.0,0.0,0.0,0.0,0,0,0,0,0.0,0,0,0,0,0,0,0,0,0,0,0,0,0,0,0,0,0,0,0,0,0,0,0,0,0,0,0,0,0,0,0,0,0,38,14,7,45,65476,0,300,0,0,8,21553,0.0,-107605600.0,0.0,0.0,0.0,0.0,0.0,0.0,0.0,0.0,0.0,0.0,0.0,0.0,0.0,0.0,0.0,0.0,0.0,0.0,0.0,0.0,-2.004,-0.0,2.004,-2.004,0.0,0.0,0.0,0.0,5037.0,-0.0,0.0,0.0,2.718428759860196e+23,-107615272.0,2.718429120148166e+23,0.0,0.0,0.0,0.0,53,152018454839296.0,-71.629,0.0,0.0,0.0,0.0,0.0,0.0,0.0,0,0,0,0.0,0.0,0.0,0.0,0.0,0.0,0.0,0.0,0.0,0.0,0.0,0.0,0.0,0.0,0.0,0.0,0,-107875648.0,53,0.0,106,-107614832.0,0.0,ERR,ERR,ERR,ERR,ERR,ERR,ERR,ERR,ERR,ERR,ERR,ERR,ERR,ERR,ERR,ERR,ERR,ERR,ERR,ERR,ERR,ERR,ERR,ERR,ERR,ERR,ERR,ERR,ERR,ERR,ERR,ERR,ERR,ERR,ERR,ERR,ERR,ERR,ERR,ERR,ERR,ERR,ERR,ERR,ERR,ERR,ERR,ERR,ERR,ERR,ERR,ERR,ERR,ERR,ERR,ERR,ERR,ERR,ERR,ERR,ERR,ERR,ERR,ERR,ERR,ERR,ERR,50.0,60.0,100,0.0,0.0,0.0,0.0,0.0,0.0,0.0,0.0,0.0,0.0,0.0,0.0,0.0,0.0,0.0,0.0,61.6,65,19,65520,50,65476,0,300,0,0,8,20529,65476,0,0,26214,60.0,0.0,0.0,0.0,0.0,0.0
2026-05-17T16:02:05,ERR,ERR,ERR,ERR,ERR,ERR,ERR,ERR,ERR,ERR,ERR,ERR,ERR,ERR,ERR,ERR,ERR,ERR,ERR,ERR,ERR,ERR,ERR,ERR,ERR,ERR,ERR,ERR,ERR,ERR,ERR,ERR,ERR,ERR,ERR,ERR,ERR,ERR,ERR,ERR,ERR,ERR,ERR,ERR,ERR,ERR,ERR,ERR,ERR,ERR,ERR,ERR,ERR,ERR,ERR,ERR,ERR,ERR,ERR,ERR,ERR,ERR,ERR,ERR,ERR,ERR,ERR,ERR,ERR,ERR,ERR,ERR,ERR,ERR,ERR,ERR,ERR,ERR,ERR,ERR,ERR,ERR,ERR,ERR,ERR,ERR,ERR,ERR,ERR,ERR,ERR,ERR,ERR,ERR,ERR,ERR,ERR,ERR,ERR,ERR,ERR,ERR,ERR,ERR,ERR,ERR,ERR,ERR,ERR,ERR,ERR,ERR,ERR,ERR,ERR,ERR,ERR,ERR,ERR,ERR,ERR,ERR,ERR,ERR,ERR,0.0,-0.0,-0.0,0.0,0.0,1.3936040501711995e+18,7.805,0.0,0,0,4,0,8422,0.0,45,0.0,0.0,0.0,0.0,0.0,0,0,0,0,0.0,0,0,0,0,0,0,0,0,0,0,0,0,0,0,0,0,0,0,0,0,0,0,0,0,0,0,0,0,0,0,0,0,0,38,14,7,45,65476,0,300,0,0,8,21553,0.0,-107605600.0,0.0,0.0,0.0,0.0,0.0,0.0,0.0,0.0,0.0,0.0,0.0,0.0,0.0,0.0,0.0,0.0,0.0,0.0,0.0,0.0,-2.004,-0.0,2.004,-2.004,0.0,0.0,0.0,0.0,5037.0,-0.0,0.0,0.0,2.718428759860196e+23,-107615272.0,2.718429120148166e+23,0.0,0.0,0.0,0.0,53,152018454839296.0,-71.629,0.0,0.0,0.0,0.0,0.0,0.0,0.0,0,0,0,0.0,0.0,0.0,0.0,0.0,0.0,0.0,0.0,0.0,0.0,0.0,0.0,0.0,0.0,0.0,0.0,0,-107875648.0,53,0.0,106,-107614832.0,0.0,ERR,ERR,ERR,ERR,ERR,ERR,ERR,ERR,ERR,ERR,ERR,ERR,ERR,ERR,ERR,ERR,ERR,ERR,ERR,ERR,ERR,ERR,ERR,ERR,ERR,ERR,ERR,ERR,ERR,ERR,ERR,ERR,ERR,ERR,ERR,ERR,ERR,ERR,ERR,ERR,ERR,ERR,ERR,ERR,ERR,ERR,ERR,ERR,ERR,ERR,ERR,ERR,ERR,ERR,ERR,ERR,ERR,ERR,ERR,ERR,ERR,ERR,ERR,ERR,ERR,ERR,ERR,50.0,60.0,100,0.0,0.0,0.0,0.0,0.0,0.0,0.0,0.0,0.0,0.0,0.0,0.0,0.0,0.0,0.0,0.0,62.0,65,19,65520,50,65476,0,300,0,0,8,20529,65476,0,0,26214,60.0,0.0,0.0,0.0,0.0,0.0
2026-05-17T16:02:06,ERR,ERR,ERR,ERR,ERR,ERR,ERR,ERR,ERR,ERR,ERR,ERR,ERR,ERR,ERR,ERR,ERR,ERR,ERR,ERR,ERR,ERR,ERR,ERR,ERR,ERR,ERR,ERR,ERR,ERR,ERR,ERR,ERR,ERR,ERR,ERR,ERR,ERR,ERR,ERR,ERR,ERR,ERR,ERR,ERR,ERR,ERR,ERR,ERR,ERR,ERR,ERR,ERR,ERR,ERR,ERR,ERR,ERR,ERR,ERR,ERR,ERR,ERR,ERR,ERR,ERR,ERR,ERR,ERR,ERR,ERR,ERR,ERR,ERR,ERR,ERR,ERR,ERR,ERR,ERR,ERR,ERR,ERR,ERR,ERR,ERR,ERR,ERR,ERR,ERR,ERR,ERR,ERR,ERR,ERR,ERR,ERR,ERR,ERR,ERR,ERR,ERR,ERR,ERR,ERR,ERR,ERR,ERR,ERR,ERR,ERR,ERR,ERR,ERR,ERR,ERR,ERR,ERR,ERR,ERR,ERR,ERR,ERR,ERR,ERR,0.0,-0.0,-0.0,0.0,0.0,1.3936040501711995e+18,7.805,0.0,0,0,4,0,8422,0.0,45,0.0,0.0,0.0,0.0,0.0,0,0,0,0,0.0,0,0,0,0,0,0,0,0,0,0,0,0,0,0,0,0,0,0,0,0,0,0,0,0,0,0,0,0,0,0,0,0,0,38,14,7,45,65476,0,300,0,0,8,21553,0.0,-107605600.0,0.0,0.0,0.0,0.0,0.0,0.0,0.0,0.0,0.0,0.0,0.0,0.0,0.0,0.0,0.0,0.0,0.0,0.0,0.0,0.0,-2.004,-0.0,2.004,-2.004,0.0,0.0,0.0,0.0,5037.0,-0.0,0.0,0.0,2.718428759860196e+23,-107615272.0,2.718429120148166e+23,0.0,0.0,0.0,0.0,53,152018454839296.0,-71.629,0.0,0.0,0.0,0.0,0.0,0.0,0.0,0,0,0,0.0,0.0,0.0,0.0,0.0,0.0,0.0,0.0,0.0,0.0,0.0,0.0,0.0,0.0,0.0,0.0,0,-107875648.0,53,0.0,106,-107614832.0,0.0,ERR,ERR,ERR,ERR,ERR,ERR,ERR,ERR,ERR,ERR,ERR,ERR,ERR,ERR,ERR,ERR,ERR,ERR,ERR,ERR,ERR,ERR,ERR,ERR,ERR,ERR,ERR,ERR,ERR,ERR,ERR,ERR,ERR,ERR,ERR,ERR,ERR,ERR,ERR,ERR,ERR,ERR,ERR,ERR,ERR,ERR,ERR,ERR,ERR,ERR,ERR,ERR,ERR,ERR,ERR,ERR,ERR,ERR,ERR,ERR,ERR,ERR,ERR,ERR,ERR,ERR,ERR,50.0,60.0,100,0.0,0.0,0.0,0.0,0.0,0.0,0.0,0.0,0.0,0.0,0.0,0.0,0.0,0.0,0.0,0.0,62.0,65,19,65520,50,65476,0,300,0,0,8,20529,65476,0,0,26214,60.0,0.0,0.0,0.0,0.0,0.0
2026-05-17T16:02:07,ERR,ERR,ERR,ERR,ERR,ERR,ERR,ERR,ERR,ERR,ERR,ERR,ERR,ERR,ERR,ERR,ERR,ERR,ERR,ERR,ERR,ERR,ERR,ERR,ERR,ERR,ERR,ERR,ERR,ERR,ERR,ERR,ERR,ERR,ERR,ERR,ERR,ERR,ERR,ERR,ERR,ERR,ERR,ERR,ERR,ERR,ERR,ERR,ERR,ERR,ERR,ERR,ERR,ERR,ERR,ERR,ERR,ERR,ERR,ERR,ERR,ERR,ERR,ERR,ERR,ERR,ERR,ERR,ERR,ERR,ERR,ERR,ERR,ERR,ERR,ERR,ERR,ERR,ERR,ERR,ERR,ERR,ERR,ERR,ERR,ERR,ERR,ERR,ERR,ERR,ERR,ERR,ERR,ERR,ERR,ERR,ERR,ERR,ERR,ERR,ERR,ERR,ERR,ERR,ERR,ERR,ERR,ERR,ERR,ERR,ERR,ERR,ERR,ERR,ERR,ERR,ERR,ERR,ERR,ERR,ERR,ERR,ERR,ERR,ERR,0.0,-0.0,-0.0,0.0,0.0,1.3936040501711995e+18,7.805,0.0,0,0,4,0,8422,0.0,45,0.0,0.0,0.0,0.0,0.0,0,0,0,0,0.0,0,0,0,0,0,0,0,0,0,0,0,0,0,0,0,0,0,0,0,0,0,0,0,0,0,0,0,0,0,0,0,0,0,38,14,7,45,65476,0,300,0,0,8,21553,0.0,-107605600.0,0.0,0.0,0.0,0.0,0.0,0.0,0.0,0.0,0.0,0.0,0.0,0.0,0.0,0.0,0.0,0.0,0.0,0.0,0.0,0.0,-2.004,-0.0,2.004,-2.004,0.0,0.0,0.0,0.0,5037.0,-0.0,0.0,0.0,2.718428759860196e+23,-107615272.0,2.718429120148166e+23,0.0,0.0,0.0,0.0,53,152018454839296.0,-71.629,0.0,0.0,0.0,0.0,0.0,0.0,0.0,0,0,0,0.0,0.0,0.0,0.0,0.0,0.0,0.0,0.0,0.0,0.0,0.0,0.0,0.0,0.0,0.0,0.0,0,-107875648.0,53,0.0,106,-107614832.0,0.0,ERR,ERR,ERR,ERR,ERR,ERR,ERR,ERR,ERR,ERR,ERR,ERR,ERR,ERR,ERR,ERR,ERR,ERR,ERR,ERR,ERR,ERR,ERR,ERR,ERR,ERR,ERR,ERR,ERR,ERR,ERR,ERR,ERR,ERR,ERR,ERR,ERR,ERR,ERR,ERR,ERR,ERR,ERR,ERR,ERR,ERR,ERR,ERR,ERR,ERR,ERR,ERR,ERR,ERR,ERR,ERR,ERR,ERR,ERR,ERR,ERR,ERR,ERR,ERR,ERR,ERR,ERR,50.0,60.0,100,0.0,0.0,0.0,0.0,0.0,0.0,0.0,0.0,0.0,0.0,0.0,0.0,0.0,0.0,0.0,0.0,62.0,65,19,65520,50,65476,0,300,0,0,8,20529,65476,0,0,26214,60.0,0.0,0.0,0.0,0.0,0.0
2026-05-17T16:02:08,ERR,ERR,ERR,ERR,ERR,ERR,ERR,ERR,ERR,ERR,ERR,ERR,ERR,ERR,ERR,ERR,ERR,ERR,ERR,ERR,ERR,ERR,ERR,ERR,ERR,ERR,ERR,ERR,ERR,ERR,ERR,ERR,ERR,ERR,ERR,ERR,ERR,ERR,ERR,ERR,ERR,ERR,ERR,ERR,ERR,ERR,ERR,ERR,ERR,ERR,ERR,ERR,ERR,ERR,ERR,ERR,ERR,ERR,ERR,ERR,ERR,ERR,ERR,ERR,ERR,ERR,ERR,ERR,ERR,ERR,ERR,ERR,ERR,ERR,ERR,ERR,ERR,ERR,ERR,ERR,ERR,ERR,ERR,ERR,ERR,ERR,ERR,ERR,ERR,ERR,ERR,ERR,ERR,ERR,ERR,ERR,ERR,ERR,ERR,ERR,ERR,ERR,ERR,ERR,ERR,ERR,ERR,ERR,ERR,ERR,ERR,ERR,ERR,ERR,ERR,ERR,ERR,ERR,ERR,ERR,ERR,ERR,ERR,ERR,ERR,0.0,-0.0,-0.0,0.0,0.0,1.3936040501711995e+18,7.805,0.0,0,0,4,0,8422,0.0,45,0.0,0.0,0.0,0.0,0.0,0,0,0,0,0.0,0,0,0,0,0,0,0,0,0,0,0,0,0,0,0,0,0,0,0,0,0,0,0,0,0,0,0,0,0,0,0,0,0,38,14,7,45,65476,0,300,0,0,8,21553,0.0,-107605600.0,0.0,0.0,0.0,0.0,0.0,0.0,0.0,0.0,0.0,0.0,0.0,0.0,0.0,0.0,0.0,0.0,0.0,0.0,0.0,0.0,-2.004,-0.0,2.004,-2.004,0.0,0.0,0.0,0.0,5037.0,-0.0,0.0,0.0,2.718428759860196e+23,-107615272.0,2.718429120148166e+23,0.0,0.0,0.0,0.0,53,152018454839296.0,-71.629,0.0,0.0,0.0,0.0,0.0,0.0,0.0,0,0,0,0.0,0.0,0.0,0.0,0.0,0.0,0.0,0.0,0.0,0.0,0.0,0.0,0.0,0.0,0.0,0.0,0,-107875648.0,53,0.0,106,-107614832.0,0.0,ERR,ERR,ERR,ERR,ERR,ERR,ERR,ERR,ERR,ERR,ERR,ERR,ERR,ERR,ERR,ERR,ERR,ERR,ERR,ERR,ERR,ERR,ERR,ERR,ERR,ERR,ERR,ERR,ERR,ERR,ERR,ERR,ERR,ERR,ERR,ERR,ERR,ERR,ERR,ERR,ERR,ERR,ERR,ERR,ERR,ERR,ERR,ERR,ERR,ERR,ERR,ERR,ERR,ERR,ERR,ERR,ERR,ERR,ERR,ERR,ERR,ERR,ERR,ERR,ERR,ERR,ERR,50.0,60.0,100,0.0,0.0,0.0,0.0,0.0,0.0,0.0,0.0,0.0,0.0,0.0,0.0,0.0,0.0,0.0,0.0,62.0,65,19,65520,50,65476,0,300,0,0,8,20529,65476,0,0,26214,60.0,0.0,0.0,0.0,0.0,0.0
2026-05-17T16:02:09,ERR,ERR,ERR,ERR,ERR,ERR,ERR,ERR,ERR,ERR,ERR,ERR,ERR,ERR,ERR,ERR,ERR,ERR,ERR,ERR,ERR,ERR,ERR,ERR,ERR,ERR,ERR,ERR,ERR,ERR,ERR,ERR,ERR,ERR,ERR,ERR,ERR,ERR,ERR,ERR,ERR,ERR,ERR,ERR,ERR,ERR,ERR,ERR,ERR,ERR,ERR,ERR,ERR,ERR,ERR,ERR,ERR,ERR,ERR,ERR,ERR,ERR,ERR,ERR,ERR,ERR,ERR,ERR,ERR,ERR,ERR,ERR,ERR,ERR,ERR,ERR,ERR,ERR,ERR,ERR,ERR,ERR,ERR,ERR,ERR,ERR,ERR,ERR,ERR,ERR,ERR,ERR,ERR,ERR,ERR,ERR,ERR,ERR,ERR,ERR,ERR,ERR,ERR,ERR,ERR,ERR,ERR,ERR,ERR,ERR,ERR,ERR,ERR,ERR,ERR,ERR,ERR,ERR,ERR,ERR,ERR,ERR,ERR,ERR,ERR,0.0,-0.0,-0.0,0.0,0.0,1.3936040501711995e+18,7.805,0.0,0,0,4,0,8422,0.0,45,0.0,0.0,0.0,0.0,0.0,0,0,0,0,0.0,0,0,0,0,0,0,0,0,0,0,0,0,0,0,0,0,0,0,0,0,0,0,0,0,0,0,0,0,0,0,0,0,0,38,14,7,45,65476,0,300,0,0,8,21553,0.0,-107605600.0,0.0,0.0,0.0,0.0,0.0,0.0,0.0,0.0,0.0,0.0,0.0,0.0,0.0,0.0,0.0,0.0,0.0,0.0,0.0,0.0,-2.004,-0.0,2.004,-2.004,0.0,0.0,0.0,0.0,5005.0,-1.040665380856972e+34,0.0,0.0,-0.0,-107615272.0,2.718429120148166e+23,0.0,0.0,0.0,0.0,53,152018454839296.0,-3.222002767243768e+26,0.0,0.0,0.0,0.0,0.0,0.0,0.0,0,0,0,0.0,0.0,0.0,0.0,0.0,0.0,0.0,0.0,0.0,0.0,0.0,0.0,0.0,0.0,0.0,0.0,0,-107875648.0,53,0.0,106,-107614832.0,0.0,ERR,ERR,ERR,ERR,ERR,ERR,ERR,ERR,ERR,ERR,ERR,ERR,ERR,ERR,ERR,ERR,ERR,ERR,ERR,ERR,ERR,ERR,ERR,ERR,ERR,ERR,ERR,ERR,ERR,ERR,ERR,ERR,ERR,ERR,ERR,ERR,ERR,ERR,ERR,ERR,ERR,ERR,ERR,ERR,ERR,ERR,ERR,ERR,ERR,ERR,ERR,ERR,ERR,ERR,ERR,ERR,ERR,ERR,ERR,ERR,ERR,ERR,ERR,ERR,ERR,ERR,ERR,50.0,60.0,100,0.0,0.0,0.0,0.0,0.0,0.0,0.0,0.0,0.0,0.0,0.0,0.0,0.0,0.0,0.0,0.0,61.6,65,19,65520,50,65476,0,300,0,0,8,20529,65476,0,0,26214,60.0,0.0,0.0,0.0,0.0,0.0
2026-05-17T16:02:10,ERR,ERR,ERR,ERR,ERR,ERR,ERR,ERR,ERR,ERR,ERR,ERR,ERR,ERR,ERR,ERR,ERR,ERR,ERR,ERR,ERR,ERR,ERR,ERR,ERR,ERR,ERR,ERR,ERR,ERR,ERR,ERR,ERR,ERR,ERR,ERR,ERR,ERR,ERR,ERR,ERR,ERR,ERR,ERR,ERR,ERR,ERR,ERR,ERR,ERR,ERR,ERR,ERR,ERR,ERR,ERR,ERR,ERR,ERR,ERR,ERR,ERR,ERR,ERR,ERR,ERR,ERR,ERR,ERR,ERR,ERR,ERR,ERR,ERR,ERR,ERR,ERR,ERR,ERR,ERR,ERR,ERR,ERR,ERR,ERR,ERR,ERR,ERR,ERR,ERR,ERR,ERR,ERR,ERR,ERR,ERR,ERR,ERR,ERR,ERR,ERR,ERR,ERR,ERR,ERR,ERR,ERR,ERR,ERR,ERR,ERR,ERR,ERR,ERR,ERR,ERR,ERR,ERR,ERR,ERR,ERR,ERR,ERR,ERR,ERR,0.0,-0.0,-0.0,0.0,0.0,1.3936040501711995e+18,7.805,0.0,0,0,4,0,8422,0.0,45,0.0,0.0,0.0,0.0,0.0,0,0,0,0,0.0,0,0,0,0,0,0,0,0,0,0,0,0,0,0,0,0,0,0,0,0,0,0,0,0,0,0,0,0,0,0,0,0,0,38,14,7,45,65476,0,300,0,0,8,21553,0.0,-107605600.0,0.0,0.0,0.0,0.0,0.0,0.0,0.0,0.0,0.0,0.0,0.0,0.0,0.0,0.0,0.0,0.0,0.0,0.0,0.0,0.0,-2.004,-0.0,2.004,-2.004,0.0,0.0,0.0,0.0,5005.0,-1.040665380856972e+34,0.0,0.0,-0.0,-107615272.0,2.718429120148166e+23,0.0,0.0,0.0,0.0,53,152018454839296.0,-3.222002767243768e+26,0.0,0.0,0.0,0.0,0.0,0.0,0.0,0,0,0,0.0,0.0,0.0,0.0,0.0,0.0,0.0,0.0,0.0,0.0,0.0,0.0,0.0,0.0,0.0,0.0,0,-107875648.0,53,0.0,106,-107614832.0,0.0,ERR,ERR,ERR,ERR,ERR,ERR,ERR,ERR,ERR,ERR,ERR,ERR,ERR,ERR,ERR,ERR,ERR,ERR,ERR,ERR,ERR,ERR,ERR,ERR,ERR,ERR,ERR,ERR,ERR,ERR,ERR,ERR,ERR,ERR,ERR,ERR,ERR,ERR,ERR,ERR,ERR,ERR,ERR,ERR,ERR,ERR,ERR,ERR,ERR,ERR,ERR,ERR,ERR,ERR,ERR,ERR,ERR,ERR,ERR,ERR,ERR,ERR,ERR,ERR,ERR,ERR,ERR,50.0,60.0,100,0.0,0.0,0.0,0.0,0.0,0.0,0.0,0.0,0.0,0.0,0.0,0.0,0.0,0.0,0.0,0.0,62.0,65,19,65520,50,65476,0,300,0,0,8,20529,65476,0,0,26214,60.0,0.0,0.0,0.0,0.0,0.0
2026-05-17T16:02:11,ERR,ERR,ERR,ERR,ERR,ERR,ERR,ERR,ERR,ERR,ERR,ERR,ERR,ERR,ERR,ERR,ERR,ERR,ERR,ERR,ERR,ERR,ERR,ERR,ERR,ERR,ERR,ERR,ERR,ERR,ERR,ERR,ERR,ERR,ERR,ERR,ERR,ERR,ERR,ERR,ERR,ERR,ERR,ERR,ERR,ERR,ERR,ERR,ERR,ERR,ERR,ERR,ERR,ERR,ERR,ERR,ERR,ERR,ERR,ERR,ERR,ERR,ERR,ERR,ERR,ERR,ERR,ERR,ERR,ERR,ERR,ERR,ERR,ERR,ERR,ERR,ERR,ERR,ERR,ERR,ERR,ERR,ERR,ERR,ERR,ERR,ERR,ERR,ERR,ERR,ERR,ERR,ERR,ERR,ERR,ERR,ERR,ERR,ERR,ERR,ERR,ERR,ERR,ERR,ERR,ERR,ERR,ERR,ERR,ERR,ERR,ERR,ERR,ERR,ERR,ERR,ERR,ERR,ERR,ERR,ERR,ERR,ERR,ERR,ERR,0.0,-0.0,-0.0,0.0,0.0,1.3936040501711995e+18,7.805,0.0,0,0,4,0,8422,0.0,45,0.0,0.0,0.0,0.0,0.0,0,0,0,0,0.0,0,0,0,0,0,0,0,0,0,0,0,0,0,0,0,0,0,0,0,0,0,0,0,0,0,0,0,0,0,0,0,0,0,38,14,7,45,65476,0,300,0,0,8,21553,0.0,-107605600.0,0.0,0.0,0.0,0.0,0.0,0.0,0.0,0.0,0.0,0.0,0.0,0.0,0.0,0.0,0.0,0.0,0.0,0.0,0.0,0.0,-2.004,-0.0,2.004,-2.004,0.0,0.0,0.0,0.0,5005.0,-1.040665380856972e+34,0.0,0.0,-0.0,-107615272.0,2.718429120148166e+23,0.0,0.0,0.0,0.0,53,152018454839296.0,-3.222002767243768e+26,0.0,0.0,0.0,0.0,0.0,0.0,0.0,0,0,0,0.0,0.0,0.0,0.0,0.0,0.0,0.0,0.0,0.0,0.0,0.0,0.0,0.0,0.0,0.0,0.0,0,-107875648.0,53,0.0,106,-107614832.0,0.0,ERR,ERR,ERR,ERR,ERR,ERR,ERR,ERR,ERR,ERR,ERR,ERR,ERR,ERR,ERR,ERR,ERR,ERR,ERR,ERR,ERR,ERR,ERR,ERR,ERR,ERR,ERR,ERR,ERR,ERR,ERR,ERR,ERR,ERR,ERR,ERR,ERR,ERR,ERR,ERR,ERR,ERR,ERR,ERR,ERR,ERR,ERR,ERR,ERR,ERR,ERR,ERR,ERR,ERR,ERR,ERR,ERR,ERR,ERR,ERR,ERR,ERR,ERR,ERR,ERR,ERR,ERR,50.0,60.0,100,0.0,0.0,0.0,0.0,0.0,0.0,0.0,0.0,0.0,0.0,0.0,0.0,0.0,0.0,0.0,0.0,62.0,65,19,65520,50,65476,0,300,0,0,8,20529,65476,0,0,26214,60.0,0.0,0.0,0.0,0.0,0.0
2026-05-17T16:02:12,ERR,ERR,ERR,ERR,ERR,ERR,ERR,ERR,ERR,ERR,ERR,ERR,ERR,ERR,ERR,ERR,ERR,ERR,ERR,ERR,ERR,ERR,ERR,ERR,ERR,ERR,ERR,ERR,ERR,ERR,ERR,ERR,ERR,ERR,ERR,ERR,ERR,ERR,ERR,ERR,ERR,ERR,ERR,ERR,ERR,ERR,ERR,ERR,ERR,ERR,ERR,ERR,ERR,ERR,ERR,ERR,ERR,ERR,ERR,ERR,ERR,ERR,ERR,ERR,ERR,ERR,ERR,ERR,ERR,ERR,ERR,ERR,ERR,ERR,ERR,ERR,ERR,ERR,ERR,ERR,ERR,ERR,ERR,ERR,ERR,ERR,ERR,ERR,ERR,ERR,ERR,ERR,ERR,ERR,ERR,ERR,ERR,ERR,ERR,ERR,ERR,ERR,ERR,ERR,ERR,ERR,ERR,ERR,ERR,ERR,ERR,ERR,ERR,ERR,ERR,ERR,ERR,ERR,ERR,ERR,ERR,ERR,ERR,ERR,ERR,0.0,-0.0,-0.0,0.0,0.0,1.3936040501711995e+18,7.805,0.0,0,0,4,0,8422,0.0,45,0.0,0.0,0.0,0.0,0.0,0,0,0,0,0.0,0,0,0,0,0,0,0,0,0,0,0,0,0,0,0,0,0,0,0,0,0,0,0,0,0,0,0,0,0,0,0,0,0,38,14,7,45,65476,0,300,0,0,8,21553,0.0,-107605600.0,0.0,0.0,0.0,0.0,0.0,0.0,0.0,0.0,0.0,0.0,0.0,0.0,0.0,0.0,0.0,0.0,0.0,0.0,0.0,0.0,-2.004,-0.0,2.004,-2.004,0.0,0.0,0.0,0.0,5005.0,-1.040665380856972e+34,0.0,0.0,-0.0,-107615272.0,2.718429120148166e+23,0.0,0.0,0.0,0.0,53,152018454839296.0,-3.222002767243768e+26,0.0,0.0,0.0,0.0,0.0,0.0,0.0,0,0,0,0.0,0.0,0.0,0.0,0.0,0.0,0.0,0.0,0.0,0.0,0.0,0.0,0.0,0.0,0.0,0.0,0,-107875648.0,53,0.0,106,-107614832.0,0.0,ERR,ERR,ERR,ERR,ERR,ERR,ERR,ERR,ERR,ERR,ERR,ERR,ERR,ERR,ERR,ERR,ERR,ERR,ERR,ERR,ERR,ERR,ERR,ERR,ERR,ERR,ERR,ERR,ERR,ERR,ERR,ERR,ERR,ERR,ERR,ERR,ERR,ERR,ERR,ERR,ERR,ERR,ERR,ERR,ERR,ERR,ERR,ERR,ERR,ERR,ERR,ERR,ERR,ERR,ERR,ERR,ERR,ERR,ERR,ERR,ERR,ERR,ERR,ERR,ERR,ERR,ERR,50.0,60.0,100,0.0,0.0,0.0,0.0,0.0,0.0,0.0,0.0,0.0,0.0,0.0,0.0,0.0,0.0,0.0,0.0,61.6,65,19,65520,50,65476,0,300,0,0,8,20529,65476,0,0,26214,60.0,0.0,0.0,0.0,0.0,0.0
2026-05-17T16:02:13,ERR,ERR,ERR,ERR,ERR,ERR,ERR,ERR,ERR,ERR,ERR,ERR,ERR,ERR,ERR,ERR,ERR,ERR,ERR,ERR,ERR,ERR,ERR,ERR,ERR,ERR,ERR,ERR,ERR,ERR,ERR,ERR,ERR,ERR,ERR,ERR,ERR,ERR,ERR,ERR,ERR,ERR,ERR,ERR,ERR,ERR,ERR,ERR,ERR,ERR,ERR,ERR,ERR,ERR,ERR,ERR,ERR,ERR,ERR,ERR,ERR,ERR,ERR,ERR,ERR,ERR,ERR,ERR,ERR,ERR,ERR,ERR,ERR,ERR,ERR,ERR,ERR,ERR,ERR,ERR,ERR,ERR,ERR,ERR,ERR,ERR,ERR,ERR,ERR,ERR,ERR,ERR,ERR,ERR,ERR,ERR,ERR,ERR,ERR,ERR,ERR,ERR,ERR,ERR,ERR,ERR,ERR,ERR,ERR,ERR,ERR,ERR,ERR,ERR,ERR,ERR,ERR,ERR,ERR,ERR,ERR,ERR,ERR,ERR,ERR,0.0,-0.0,-0.0,0.0,0.0,1.3936040501711995e+18,7.805,0.0,0,0,4,0,8422,0.0,45,0.0,0.0,0.0,0.0,0.0,0,0,0,0,0.0,0,0,0,0,0,0,0,0,0,0,0,0,0,0,0,0,0,0,0,0,0,0,0,0,0,0,0,0,0,0,0,0,0,38,14,7,45,65476,0,300,0,0,8,21553,0.0,-107605600.0,0.0,0.0,0.0,0.0,0.0,0.0,0.0,0.0,0.0,0.0,0.0,0.0,0.0,0.0,0.0,0.0,0.0,0.0,0.0,0.0,-2.004,-0.0,2.004,-2.004,0.0,0.0,0.0,0.0,5005.0,-1.040665380856972e+34,0.0,0.0,-0.0,-107615272.0,2.718429120148166e+23,0.0,0.0,0.0,0.0,53,152018454839296.0,-3.222002767243768e+26,0.0,0.0,0.0,0.0,0.0,0.0,0.0,0,0,0,0.0,0.0,0.0,0.0,0.0,0.0,0.0,0.0,0.0,0.0,0.0,0.0,0.0,0.0,0.0,0.0,0,-107875648.0,53,0.0,106,-107614832.0,0.0,ERR,ERR,ERR,ERR,ERR,ERR,ERR,ERR,ERR,ERR,ERR,ERR,ERR,ERR,ERR,ERR,ERR,ERR,ERR,ERR,ERR,ERR,ERR,ERR,ERR,ERR,ERR,ERR,ERR,ERR,ERR,ERR,ERR,ERR,ERR,ERR,ERR,ERR,ERR,ERR,ERR,ERR,ERR,ERR,ERR,ERR,ERR,ERR,ERR,ERR,ERR,ERR,ERR,ERR,ERR,ERR,ERR,ERR,ERR,ERR,ERR,ERR,ERR,ERR,ERR,ERR,ERR,50.0,60.0,100,0.0,0.0,0.0,0.0,0.0,0.0,0.0,0.0,0.0,0.0,0.0,0.0,0.0,0.0,0.0,0.0,61.6,65,19,65520,50,65476,0,300,0,0,8,20529,65476,0,0,26214,60.0,0.0,0.0,0.0,0.0,0.0
2026-05-17T16:02:14,ERR,ERR,ERR,ERR,ERR,ERR,ERR,ERR,ERR,ERR,ERR,ERR,ERR,ERR,ERR,ERR,ERR,ERR,ERR,ERR,ERR,ERR,ERR,ERR,ERR,ERR,ERR,ERR,ERR,ERR,ERR,ERR,ERR,ERR,ERR,ERR,ERR,ERR,ERR,ERR,ERR,ERR,ERR,ERR,ERR,ERR,ERR,ERR,ERR,ERR,ERR,ERR,ERR,ERR,ERR,ERR,ERR,ERR,ERR,ERR,ERR,ERR,ERR,ERR,ERR,ERR,ERR,ERR,ERR,ERR,ERR,ERR,ERR,ERR,ERR,ERR,ERR,ERR,ERR,ERR,ERR,ERR,ERR,ERR,ERR,ERR,ERR,ERR,ERR,ERR,ERR,ERR,ERR,ERR,ERR,ERR,ERR,ERR,ERR,ERR,ERR,ERR,ERR,ERR,ERR,ERR,ERR,ERR,ERR,ERR,ERR,ERR,ERR,ERR,ERR,ERR,ERR,ERR,ERR,ERR,ERR,ERR,ERR,ERR,ERR,0.0,-0.0,-0.0,0.0,0.0,1.3936040501711995e+18,7.805,0.0,0,0,4,0,8422,0.0,45,0.0,0.0,0.0,0.0,0.0,0,0,0,0,0.0,0,0,0,0,0,0,0,0,0,0,0,0,0,0,0,0,0,0,0,0,0,0,0,0,0,0,0,0,0,0,0,0,0,38,14,7,45,65476,0,300,0,0,8,21553,0.0,-107605600.0,0.0,0.0,0.0,0.0,0.0,0.0,0.0,0.0,0.0,0.0,0.0,0.0,0.0,0.0,0.0,0.0,0.0,0.0,0.0,0.0,-2.004,-0.0,2.004,-2.004,0.0,0.0,0.0,0.0,5008.0,-1.5879293531142762e+29,0.0,0.0,-0.0,-107615272.0,2.718429120148166e+23,0.0,0.0,0.0,0.0,53,2.7184300208680915e+23,-2.3088280513417105e+20,0.0,0.0,0.0,0.0,0.0,0.0,0.0,0,0,0,0.0,0.0,0.0,0.0,0.0,0.0,0.0,0.0,0.0,0.0,0.0,0.0,0.0,0.0,0.0,0.0,0,-107875648.0,53,0.0,106,-107614832.0,0.0,ERR,ERR,ERR,ERR,ERR,ERR,ERR,ERR,ERR,ERR,ERR,ERR,ERR,ERR,ERR,ERR,ERR,ERR,ERR,ERR,ERR,ERR,ERR,ERR,ERR,ERR,ERR,ERR,ERR,ERR,ERR,ERR,ERR,ERR,ERR,ERR,ERR,ERR,ERR,ERR,ERR,ERR,ERR,ERR,ERR,ERR,ERR,ERR,ERR,ERR,ERR,ERR,ERR,ERR,ERR,ERR,ERR,ERR,ERR,ERR,ERR,ERR,ERR,ERR,ERR,ERR,ERR,50.0,60.0,100,0.0,0.0,0.0,0.0,0.0,0.0,0.0,0.0,0.0,0.0,0.0,0.0,0.0,0.0,0.0,0.0,61.6,65,19,65520,50,65476,0,300,0,0,8,20529,65476,0,0,26214,60.0,0.0,0.0,0.0,0.0,0.0
2026-05-17T16:02:15,ERR,ERR,ERR,ERR,ERR,ERR,ERR,ERR,ERR,ERR,ERR,ERR,ERR,ERR,ERR,ERR,ERR,ERR,ERR,ERR,ERR,ERR,ERR,ERR,ERR,ERR,ERR,ERR,ERR,ERR,ERR,ERR,ERR,ERR,ERR,ERR,ERR,ERR,ERR,ERR,ERR,ERR,ERR,ERR,ERR,ERR,ERR,ERR,ERR,ERR,ERR,ERR,ERR,ERR,ERR,ERR,ERR,ERR,ERR,ERR,ERR,ERR,ERR,ERR,ERR,ERR,ERR,ERR,ERR,ERR,ERR,ERR,ERR,ERR,ERR,ERR,ERR,ERR,ERR,ERR,ERR,ERR,ERR,ERR,ERR,ERR,ERR,ERR,ERR,ERR,ERR,ERR,ERR,ERR,ERR,ERR,ERR,ERR,ERR,ERR,ERR,ERR,ERR,ERR,ERR,ERR,ERR,ERR,ERR,ERR,ERR,ERR,ERR,ERR,ERR,ERR,ERR,ERR,ERR,ERR,ERR,ERR,ERR,ERR,ERR,0.0,-0.0,-0.0,0.0,0.0,1.3936040501711995e+18,7.805,0.0,0,0,4,0,8422,0.0,45,0.0,0.0,0.0,0.0,0.0,0,0,0,0,0.0,0,0,0,0,0,0,0,0,0,0,0,0,0,0,0,0,0,0,0,0,0,0,0,0,0,0,0,0,0,0,0,0,0,38,14,7,45,65476,0,300,0,0,8,21553,0.0,-107605600.0,0.0,0.0,0.0,0.0,0.0,0.0,0.0,0.0,0.0,0.0,0.0,0.0,0.0,0.0,0.0,0.0,0.0,0.0,0.0,0.0,-2.004,-0.0,2.004,-2.004,0.0,0.0,0.0,0.0,5008.0,-1.5879293531142762e+29,0.0,0.0,-0.0,-107615272.0,2.718429120148166e+23,0.0,0.0,0.0,0.0,53,2.7184300208680915e+23,-2.3088280513417105e+20,0.0,0.0,0.0,0.0,0.0,0.0,0.0,0,0,0,0.0,0.0,0.0,0.0,0.0,0.0,0.0,0.0,0.0,0.0,0.0,0.0,0.0,0.0,0.0,0.0,0,-107875648.0,53,0.0,106,-107614832.0,0.0,ERR,ERR,ERR,ERR,ERR,ERR,ERR,ERR,ERR,ERR,ERR,ERR,ERR,ERR,ERR,ERR,ERR,ERR,ERR,ERR,ERR,ERR,ERR,ERR,ERR,ERR,ERR,ERR,ERR,ERR,ERR,ERR,ERR,ERR,ERR,ERR,ERR,ERR,ERR,ERR,ERR,ERR,ERR,ERR,ERR,ERR,ERR,ERR,ERR,ERR,ERR,ERR,ERR,ERR,ERR,ERR,ERR,ERR,ERR,ERR,ERR,ERR,ERR,ERR,ERR,ERR,ERR,50.0,60.0,100,0.0,0.0,0.0,0.0,0.0,0.0,0.0,0.0,0.0,0.0,0.0,0.0,0.0,0.0,0.0,0.0,61.6,65,19,65520,50,65476,0,300,0,0,8,20529,65476,0,0,26214,60.0,0.0,0.0,0.0,0.0,0.0
2026-05-17T16:02:16,ERR,ERR,ERR,ERR,ERR,ERR,ERR,ERR,ERR,ERR,ERR,ERR,ERR,ERR,ERR,ERR,ERR,ERR,ERR,ERR,ERR,ERR,ERR,ERR,ERR,ERR,ERR,ERR,ERR,ERR,ERR,ERR,ERR,ERR,ERR,ERR,ERR,ERR,ERR,ERR,ERR,ERR,ERR,ERR,ERR,ERR,ERR,ERR,ERR,ERR,ERR,ERR,ERR,ERR,ERR,ERR,ERR,ERR,ERR,ERR,ERR,ERR,ERR,ERR,ERR,ERR,ERR,ERR,ERR,ERR,ERR,ERR,ERR,ERR,ERR,ERR,ERR,ERR,ERR,ERR,ERR,ERR,ERR,ERR,ERR,ERR,ERR,ERR,ERR,ERR,ERR,ERR,ERR,ERR,ERR,ERR,ERR,ERR,ERR,ERR,ERR,ERR,ERR,ERR,ERR,ERR,ERR,ERR,ERR,ERR,ERR,ERR,ERR,ERR,ERR,ERR,ERR,ERR,ERR,ERR,ERR,ERR,ERR,ERR,ERR,0.0,-0.0,-0.0,0.0,0.0,1.3936040501711995e+18,7.805,0.0,0,0,4,0,8422,0.0,45,0.0,0.0,0.0,0.0,0.0,0,0,0,0,0.0,0,0,0,0,0,0,0,0,0,0,0,0,0,0,0,0,0,0,0,0,0,0,0,0,0,0,0,0,0,0,0,0,0,38,14,7,45,65476,0,300,0,0,8,21553,0.0,-107605600.0,0.0,0.0,0.0,0.0,0.0,0.0,0.0,0.0,0.0,0.0,0.0,0.0,0.0,0.0,0.0,0.0,0.0,0.0,0.0,0.0,-2.004,-0.0,2.004,-2.004,0.0,0.0,0.0,0.0,5008.0,-1.5879293531142762e+29,0.0,0.0,-0.0,-107615272.0,2.718429120148166e+23,0.0,0.0,0.0,0.0,53,2.7184300208680915e+23,-2.3088280513417105e+20,0.0,0.0,0.0,0.0,0.0,0.0,0.0,0,0,0,0.0,0.0,0.0,0.0,0.0,0.0,0.0,0.0,0.0,0.0,0.0,0.0,0.0,0.0,0.0,0.0,0,-107875648.0,53,0.0,106,-107614832.0,0.0,ERR,ERR,ERR,ERR,ERR,ERR,ERR,ERR,ERR,ERR,ERR,ERR,ERR,ERR,ERR,ERR,ERR,ERR,ERR,ERR,ERR,ERR,ERR,ERR,ERR,ERR,ERR,ERR,ERR,ERR,ERR,ERR,ERR,ERR,ERR,ERR,ERR,ERR,ERR,ERR,ERR,ERR,ERR,ERR,ERR,ERR,ERR,ERR,ERR,ERR,ERR,ERR,ERR,ERR,ERR,ERR,ERR,ERR,ERR,ERR,ERR,ERR,ERR,ERR,ERR,ERR,ERR,50.0,60.0,100,0.0,0.0,0.0,0.0,0.0,0.0,0.0,0.0,0.0,0.0,0.0,0.0,0.0,0.0,0.0,0.0,61.6,65,19,65521,50,65476,0,300,0,0,8,20529,65476,0,0,26214,60.0,0.0,0.0,0.0,0.0,0.0
2026-05-17T16:02:17,ERR,ERR,ERR,ERR,ERR,ERR,ERR,ERR,ERR,ERR,ERR,ERR,ERR,ERR,ERR,ERR,ERR,ERR,ERR,ERR,ERR,ERR,ERR,ERR,ERR,ERR,ERR,ERR,ERR,ERR,ERR,ERR,ERR,ERR,ERR,ERR,ERR,ERR,ERR,ERR,ERR,ERR,ERR,ERR,ERR,ERR,ERR,ERR,ERR,ERR,ERR,ERR,ERR,ERR,ERR,ERR,ERR,ERR,ERR,ERR,ERR,ERR,ERR,ERR,ERR,ERR,ERR,ERR,ERR,ERR,ERR,ERR,ERR,ERR,ERR,ERR,ERR,ERR,ERR,ERR,ERR,ERR,ERR,ERR,ERR,ERR,ERR,ERR,ERR,ERR,ERR,ERR,ERR,ERR,ERR,ERR,ERR,ERR,ERR,ERR,ERR,ERR,ERR,ERR,ERR,ERR,ERR,ERR,ERR,ERR,ERR,ERR,ERR,ERR,ERR,ERR,ERR,ERR,ERR,ERR,ERR,ERR,ERR,ERR,ERR,0.0,-0.0,-0.0,0.0,0.0,1.3936040501711995e+18,7.805,0.0,0,0,4,0,8422,0.0,45,0.0,0.0,0.0,0.0,0.0,0,0,0,0,0.0,0,0,0,0,0,0,0,0,0,0,0,0,0,0,0,0,0,0,0,0,0,0,0,0,0,0,0,0,0,0,0,0,0,38,14,7,45,65476,0,300,0,0,8,21553,0.0,-107605600.0,0.0,0.0,0.0,0.0,0.0,0.0,0.0,0.0,0.0,0.0,0.0,0.0,0.0,0.0,0.0,0.0,0.0,0.0,0.0,0.0,-2.004,-0.0,2.004,-2.004,0.0,0.0,0.0,0.0,5008.0,-1.5879293531142762e+29,0.0,0.0,-0.0,-107615272.0,2.718429120148166e+23,0.0,0.0,0.0,0.0,53,2.7184300208680915e+23,-2.3088280513417105e+20,0.0,0.0,0.0,0.0,0.0,0.0,0.0,0,0,0,0.0,0.0,0.0,0.0,0.0,0.0,0.0,0.0,0.0,0.0,0.0,0.0,0.0,0.0,0.0,0.0,0,-107875648.0,53,0.0,106,-107614832.0,0.0,ERR,ERR,ERR,ERR,ERR,ERR,ERR,ERR,ERR,ERR,ERR,ERR,ERR,ERR,ERR,ERR,ERR,ERR,ERR,ERR,ERR,ERR,ERR,ERR,ERR,ERR,ERR,ERR,ERR,ERR,ERR,ERR,ERR,ERR,ERR,ERR,ERR,ERR,ERR,ERR,ERR,ERR,ERR,ERR,ERR,ERR,ERR,ERR,ERR,ERR,ERR,ERR,ERR,ERR,ERR,ERR,ERR,ERR,ERR,ERR,ERR,ERR,ERR,ERR,ERR,ERR,ERR,50.0,60.0,100,0.0,0.0,0.0,0.0,0.0,0.0,0.0,0.0,0.0,0.0,0.0,0.0,0.0,0.0,0.0,0.0,62.0,65,19,65521,50,65476,0,300,0,0,8,20529,65476,0,0,26214,60.0,0.0,0.0,0.0,0.0,0.0
2026-05-17T16:02:18,ERR,ERR,ERR,ERR,ERR,ERR,ERR,ERR,ERR,ERR,ERR,ERR,ERR,ERR,ERR,ERR,ERR,ERR,ERR,ERR,ERR,ERR,ERR,ERR,ERR,ERR,ERR,ERR,ERR,ERR,ERR,ERR,ERR,ERR,ERR,ERR,ERR,ERR,ERR,ERR,ERR,ERR,ERR,ERR,ERR,ERR,ERR,ERR,ERR,ERR,ERR,ERR,ERR,ERR,ERR,ERR,ERR,ERR,ERR,ERR,ERR,ERR,ERR,ERR,ERR,ERR,ERR,ERR,ERR,ERR,ERR,ERR,ERR,ERR,ERR,ERR,ERR,ERR,ERR,ERR,ERR,ERR,ERR,ERR,ERR,ERR,ERR,ERR,ERR,ERR,ERR,ERR,ERR,ERR,ERR,ERR,ERR,ERR,ERR,ERR,ERR,ERR,ERR,ERR,ERR,ERR,ERR,ERR,ERR,ERR,ERR,ERR,ERR,ERR,ERR,ERR,ERR,ERR,ERR,ERR,ERR,ERR,ERR,ERR,ERR,0.0,-0.0,-0.0,0.0,0.0,1.3936040501711995e+18,7.805,0.0,0,0,4,0,8422,0.0,45,0.0,0.0,0.0,0.0,0.0,0,0,0,0,0.0,0,0,0,0,0,0,0,0,0,0,0,0,0,0,0,0,0,0,0,0,0,0,0,0,0,0,0,0,0,0,0,0,0,38,14,7,45,65476,0,300,0,0,8,21553,0.0,-107605600.0,0.0,0.0,0.0,0.0,0.0,0.0,0.0,0.0,0.0,0.0,0.0,0.0,0.0,0.0,0.0,0.0,0.0,0.0,0.0,0.0,-2.004,-0.0,2.004,-2.004,0.0,0.0,0.0,0.0,5008.0,-1.5879293531142762e+29,0.0,0.0,-0.0,-107615272.0,2.718429120148166e+23,0.0,0.0,0.0,0.0,53,2.7184300208680915e+23,-2.3088280513417105e+20,0.0,0.0,0.0,0.0,0.0,0.0,0.0,0,0,0,0.0,0.0,0.0,0.0,0.0,0.0,0.0,0.0,0.0,0.0,0.0,0.0,0.0,0.0,0.0,0.0,0,-107875648.0,53,0.0,106,-107614832.0,0.0,ERR,ERR,ERR,ERR,ERR,ERR,ERR,ERR,ERR,ERR,ERR,ERR,ERR,ERR,ERR,ERR,ERR,ERR,ERR,ERR,ERR,ERR,ERR,ERR,ERR,ERR,ERR,ERR,ERR,ERR,ERR,ERR,ERR,ERR,ERR,ERR,ERR,ERR,ERR,ERR,ERR,ERR,ERR,ERR,ERR,ERR,ERR,ERR,ERR,ERR,ERR,ERR,ERR,ERR,ERR,ERR,ERR,ERR,ERR,ERR,ERR,ERR,ERR,ERR,ERR,ERR,ERR,50.0,60.0,100,0.0,0.0,0.0,0.0,0.0,0.0,0.0,0.0,0.0,0.0,0.0,0.0,0.0,0.0,0.0,0.0,62.0,65,19,65521,50,65476,0,300,0,0,8,20529,65476,0,0,26214,60.0,0.0,0.0,0.0,0.0,0.0
2026-05-17T16:02:19,ERR,ERR,ERR,ERR,ERR,ERR,ERR,ERR,ERR,ERR,ERR,ERR,ERR,ERR,ERR,ERR,ERR,ERR,ERR,ERR,ERR,ERR,ERR,ERR,ERR,ERR,ERR,ERR,ERR,ERR,ERR,ERR,ERR,ERR,ERR,ERR,ERR,ERR,ERR,ERR,ERR,ERR,ERR,ERR,ERR,ERR,ERR,ERR,ERR,ERR,ERR,ERR,ERR,ERR,ERR,ERR,ERR,ERR,ERR,ERR,ERR,ERR,ERR,ERR,ERR,ERR,ERR,ERR,ERR,ERR,ERR,ERR,ERR,ERR,ERR,ERR,ERR,ERR,ERR,ERR,ERR,ERR,ERR,ERR,ERR,ERR,ERR,ERR,ERR,ERR,ERR,ERR,ERR,ERR,ERR,ERR,ERR,ERR,ERR,ERR,ERR,ERR,ERR,ERR,ERR,ERR,ERR,ERR,ERR,ERR,ERR,ERR,ERR,ERR,ERR,ERR,ERR,ERR,ERR,ERR,ERR,ERR,ERR,ERR,ERR,0.0,-0.0,-0.0,0.0,0.0,1.3936040501711995e+18,7.805,0.0,0,0,4,0,8422,0.0,45,0.0,0.0,0.0,0.0,0.0,0,0,0,0,0.0,0,0,0,0,0,0,0,0,0,0,0,0,0,0,0,0,0,0,0,0,0,0,0,0,0,0,0,0,0,0,0,0,0,38,14,7,45,65476,0,300,0,0,8,21553,0.0,-107605600.0,0.0,0.0,0.0,0.0,0.0,0.0,0.0,0.0,0.0,0.0,0.0,0.0,0.0,0.0,0.0,0.0,0.0,0.0,0.0,0.0,-2.004,-0.0,2.004,-2.004,0.0,0.0,0.0,0.0,5006.0,-8608182272.0,0.0,0.0,-0.0,-107615272.0,2.718429120148166e+23,0.0,0.0,0.0,0.0,53,1.9056979486756045e+17,-0.0,0.0,0.0,0.0,0.0,0.0,0.0,0.0,0,0,0,0.0,0.0,0.0,0.0,0.0,0.0,0.0,0.0,0.0,0.0,0.0,0.0,0.0,0.0,0.0,0.0,0,-107875648.0,53,0.0,106,-107614832.0,0.0,ERR,ERR,ERR,ERR,ERR,ERR,ERR,ERR,ERR,ERR,ERR,ERR,ERR,ERR,ERR,ERR,ERR,ERR,ERR,ERR,ERR,ERR,ERR,ERR,ERR,ERR,ERR,ERR,ERR,ERR,ERR,ERR,ERR,ERR,ERR,ERR,ERR,ERR,ERR,ERR,ERR,ERR,ERR,ERR,ERR,ERR,ERR,ERR,ERR,ERR,ERR,ERR,ERR,ERR,ERR,ERR,ERR,ERR,ERR,ERR,ERR,ERR,ERR,ERR,ERR,ERR,ERR,50.0,60.0,100,0.0,0.0,0.0,0.0,0.0,0.0,0.0,0.0,0.0,0.0,0.0,0.0,0.0,0.0,0.0,0.0,61.6,65,19,65521,50,65476,0,300,0,0,8,20529,65476,0,0,26214,60.0,0.0,0.0,0.0,0.0,0.0
2026-05-17T16:02:20,ERR,ERR,ERR,ERR,ERR,ERR,ERR,ERR,ERR,ERR,ERR,ERR,ERR,ERR,ERR,ERR,ERR,ERR,ERR,ERR,ERR,ERR,ERR,ERR,ERR,ERR,ERR,ERR,ERR,ERR,ERR,ERR,ERR,ERR,ERR,ERR,ERR,ERR,ERR,ERR,ERR,ERR,ERR,ERR,ERR,ERR,ERR,ERR,ERR,ERR,ERR,ERR,ERR,ERR,ERR,ERR,ERR,ERR,ERR,ERR,ERR,ERR,ERR,ERR,ERR,ERR,ERR,ERR,ERR,ERR,ERR,ERR,ERR,ERR,ERR,ERR,ERR,ERR,ERR,ERR,ERR,ERR,ERR,ERR,ERR,ERR,ERR,ERR,ERR,ERR,ERR,ERR,ERR,ERR,ERR,ERR,ERR,ERR,ERR,ERR,ERR,ERR,ERR,ERR,ERR,ERR,ERR,ERR,ERR,ERR,ERR,ERR,ERR,ERR,ERR,ERR,ERR,ERR,ERR,ERR,ERR,ERR,ERR,ERR,ERR,0.0,-0.0,-0.0,0.0,0.0,1.3936040501711995e+18,7.805,0.0,0,0,4,0,8422,0.0,45,0.0,0.0,0.0,0.0,0.0,0,0,0,0,0.0,0,0,0,0,0,0,0,0,0,0,0,0,0,0,0,0,0,0,0,0,0,0,0,0,0,0,0,0,0,0,0,0,0,38,14,7,45,65476,0,300,0,0,8,21553,0.0,-107605600.0,0.0,0.0,0.0,0.0,0.0,0.0,0.0,0.0,0.0,0.0,0.0,0.0,0.0,0.0,0.0,0.0,0.0,0.0,0.0,0.0,-2.004,-0.0,2.004,-2.004,0.0,0.0,0.0,0.0,5006.0,-8608182272.0,0.0,0.0,-0.0,-107615272.0,2.718429120148166e+23,0.0,0.0,0.0,0.0,53,1.9056979486756045e+17,-0.0,0.0,0.0,0.0,0.0,0.0,0.0,0.0,0,0,0,0.0,0.0,0.0,0.0,0.0,0.0,0.0,0.0,0.0,0.0,0.0,0.0,0.0,0.0,0.0,0.0,0,-107875648.0,53,0.0,106,-107614832.0,0.0,ERR,ERR,ERR,ERR,ERR,ERR,ERR,ERR,ERR,ERR,ERR,ERR,ERR,ERR,ERR,ERR,ERR,ERR,ERR,ERR,ERR,ERR,ERR,ERR,ERR,ERR,ERR,ERR,ERR,ERR,ERR,ERR,ERR,ERR,ERR,ERR,ERR,ERR,ERR,ERR,ERR,ERR,ERR,ERR,ERR,ERR,ERR,ERR,ERR,ERR,ERR,ERR,ERR,ERR,ERR,ERR,ERR,ERR,ERR,ERR,ERR,ERR,ERR,ERR,ERR,ERR,ERR,50.0,60.0,100,0.0,0.0,0.0,0.0,0.0,0.0,0.0,0.0,0.0,0.0,0.0,0.0,0.0,0.0,0.0,0.0,61.6,65,19,65521,50,65476,0,300,0,0,8,20529,65476,0,0,26214,60.0,0.0,0.0,0.0,0.0,0.0
2026-05-17T16:02:21,ERR,ERR,ERR,ERR,ERR,ERR,ERR,ERR,ERR,ERR,ERR,ERR,ERR,ERR,ERR,ERR,ERR,ERR,ERR,ERR,ERR,ERR,ERR,ERR,ERR,ERR,ERR,ERR,ERR,ERR,ERR,ERR,ERR,ERR,ERR,ERR,ERR,ERR,ERR,ERR,ERR,ERR,ERR,ERR,ERR,ERR,ERR,ERR,ERR,ERR,ERR,ERR,ERR,ERR,ERR,ERR,ERR,ERR,ERR,ERR,ERR,ERR,ERR,ERR,ERR,ERR,ERR,ERR,ERR,ERR,ERR,ERR,ERR,ERR,ERR,ERR,ERR,ERR,ERR,ERR,ERR,ERR,ERR,ERR,ERR,ERR,ERR,ERR,ERR,ERR,ERR,ERR,ERR,ERR,ERR,ERR,ERR,ERR,ERR,ERR,ERR,ERR,ERR,ERR,ERR,ERR,ERR,ERR,ERR,ERR,ERR,ERR,ERR,ERR,ERR,ERR,ERR,ERR,ERR,ERR,ERR,ERR,ERR,ERR,ERR,0.0,-0.0,-0.0,0.0,0.0,1.3936040501711995e+18,7.805,0.0,0,0,4,0,8422,0.0,45,0.0,0.0,0.0,0.0,0.0,0,0,0,0,0.0,0,0,0,0,0,0,0,0,0,0,0,0,0,0,0,0,0,0,0,0,0,0,0,0,0,0,0,0,0,0,0,0,0,38,14,7,45,65476,0,300,0,0,8,21553,0.0,-107605600.0,0.0,0.0,0.0,0.0,0.0,0.0,0.0,0.0,0.0,0.0,0.0,0.0,0.0,0.0,0.0,0.0,0.0,0.0,0.0,0.0,-2.004,-0.0,2.004,-2.004,0.0,0.0,0.0,0.0,5006.0,-8608182272.0,0.0,0.0,-0.0,-107615272.0,2.718429120148166e+23,0.0,0.0,0.0,0.0,53,1.9056979486756045e+17,-0.0,0.0,0.0,0.0,0.0,0.0,0.0,0.0,0,0,0,0.0,0.0,0.0,0.0,0.0,0.0,0.0,0.0,0.0,0.0,0.0,0.0,0.0,0.0,0.0,0.0,0,-107875648.0,53,0.0,106,-107614832.0,0.0,ERR,ERR,ERR,ERR,ERR,ERR,ERR,ERR,ERR,ERR,ERR,ERR,ERR,ERR,ERR,ERR,ERR,ERR,ERR,ERR,ERR,ERR,ERR,ERR,ERR,ERR,ERR,ERR,ERR,ERR,ERR,ERR,ERR,ERR,ERR,ERR,ERR,ERR,ERR,ERR,ERR,ERR,ERR,ERR,ERR,ERR,ERR,ERR,ERR,ERR,ERR,ERR,ERR,ERR,ERR,ERR,ERR,ERR,ERR,ERR,ERR,ERR,ERR,ERR,ERR,ERR,ERR,50.0,60.0,100,0.0,0.0,0.0,0.0,0.0,0.0,0.0,0.0,0.0,0.0,0.0,0.0,0.0,0.0,0.0,0.0,61.6,65,19,65521,50,65476,0,300,0,0,8,20529,65476,0,0,26214,60.0,0.0,0.0,0.0,0.0,0.0
2026-05-17T16:02:22,ERR,ERR,ERR,ERR,ERR,ERR,ERR,ERR,ERR,ERR,ERR,ERR,ERR,ERR,ERR,ERR,ERR,ERR,ERR,ERR,ERR,ERR,ERR,ERR,ERR,ERR,ERR,ERR,ERR,ERR,ERR,ERR,ERR,ERR,ERR,ERR,ERR,ERR,ERR,ERR,ERR,ERR,ERR,ERR,ERR,ERR,ERR,ERR,ERR,ERR,ERR,ERR,ERR,ERR,ERR,ERR,ERR,ERR,ERR,ERR,ERR,ERR,ERR,ERR,ERR,ERR,ERR,ERR,ERR,ERR,ERR,ERR,ERR,ERR,ERR,ERR,ERR,ERR,ERR,ERR,ERR,ERR,ERR,ERR,ERR,ERR,ERR,ERR,ERR,ERR,ERR,ERR,ERR,ERR,ERR,ERR,ERR,ERR,ERR,ERR,ERR,ERR,ERR,ERR,ERR,ERR,ERR,ERR,ERR,ERR,ERR,ERR,ERR,ERR,ERR,ERR,ERR,ERR,ERR,ERR,ERR,ERR,ERR,ERR,ERR,0.0,-0.0,-0.0,0.0,0.0,1.3936040501711995e+18,7.805,0.0,0,0,4,0,8422,0.0,45,0.0,0.0,0.0,0.0,0.0,0,0,0,0,0.0,0,0,0,0,0,0,0,0,0,0,0,0,0,0,0,0,0,0,0,0,0,0,0,0,0,0,0,0,0,0,0,0,0,38,14,7,45,65476,0,300,0,0,8,21553,0.0,-107605600.0,0.0,0.0,0.0,0.0,0.0,0.0,0.0,0.0,0.0,0.0,0.0,0.0,0.0,0.0,0.0,0.0,0.0,0.0,0.0,0.0,-2.004,-0.0,2.004,-2.004,0.0,0.0,0.0,0.0,5006.0,-8608182272.0,0.0,0.0,-0.0,-107615272.0,2.718429120148166e+23,0.0,0.0,0.0,0.0,53,1.9056979486756045e+17,-0.0,0.0,0.0,0.0,0.0,0.0,0.0,0.0,0,0,0,0.0,0.0,0.0,0.0,0.0,0.0,0.0,0.0,0.0,0.0,0.0,0.0,0.0,0.0,0.0,0.0,0,-107875648.0,53,0.0,106,-107614832.0,0.0,ERR,ERR,ERR,ERR,ERR,ERR,ERR,ERR,ERR,ERR,ERR,ERR,ERR,ERR,ERR,ERR,ERR,ERR,ERR,ERR,ERR,ERR,ERR,ERR,ERR,ERR,ERR,ERR,ERR,ERR,ERR,ERR,ERR,ERR,ERR,ERR,ERR,ERR,ERR,ERR,ERR,ERR,ERR,ERR,ERR,ERR,ERR,ERR,ERR,ERR,ERR,ERR,ERR,ERR,ERR,ERR,ERR,ERR,ERR,ERR,ERR,ERR,ERR,ERR,ERR,ERR,ERR,50.0,60.0,100,0.0,0.0,0.0,0.0,0.0,0.0,0.0,0.0,0.0,0.0,0.0,0.0,0.0,0.0,0.0,0.0,61.6,65,19,65521,50,65476,0,300,0,0,8,20529,65476,0,0,26214,60.0,0.0,0.0,0.0,0.0,0.0
2026-05-17T16:02:23,ERR,ERR,ERR,ERR,ERR,ERR,ERR,ERR,ERR,ERR,ERR,ERR,ERR,ERR,ERR,ERR,ERR,ERR,ERR,ERR,ERR,ERR,ERR,ERR,ERR,ERR,ERR,ERR,ERR,ERR,ERR,ERR,ERR,ERR,ERR,ERR,ERR,ERR,ERR,ERR,ERR,ERR,ERR,ERR,ERR,ERR,ERR,ERR,ERR,ERR,ERR,ERR,ERR,ERR,ERR,ERR,ERR,ERR,ERR,ERR,ERR,ERR,ERR,ERR,ERR,ERR,ERR,ERR,ERR,ERR,ERR,ERR,ERR,ERR,ERR,ERR,ERR,ERR,ERR,ERR,ERR,ERR,ERR,ERR,ERR,ERR,ERR,ERR,ERR,ERR,ERR,ERR,ERR,ERR,ERR,ERR,ERR,ERR,ERR,ERR,ERR,ERR,ERR,ERR,ERR,ERR,ERR,ERR,ERR,ERR,ERR,ERR,ERR,ERR,ERR,ERR,ERR,ERR,ERR,ERR,ERR,ERR,ERR,ERR,ERR,0.0,-0.0,-0.0,0.0,0.0,1.3936040501711995e+18,7.805,0.0,0,0,4,0,8422,0.0,45,0.0,0.0,0.0,0.0,0.0,0,0,0,0,0.0,0,0,0,0,0,0,0,0,0,0,0,0,0,0,0,0,0,0,0,0,0,0,0,0,0,0,0,0,0,0,0,0,0,38,14,7,45,65476,0,300,0,0,8,21553,0.0,-107605600.0,0.0,0.0,0.0,0.0,0.0,0.0,0.0,0.0,0.0,0.0,0.0,0.0,0.0,0.0,0.0,0.0,0.0,0.0,0.0,0.0,-2.004,-0.0,2.004,-2.004,0.0,0.0,0.0,0.0,5006.0,-8608182272.0,0.0,0.0,-0.0,-107615272.0,2.718429120148166e+23,0.0,0.0,0.0,0.0,53,1.9056979486756045e+17,-0.0,0.0,0.0,0.0,0.0,0.0,0.0,0.0,0,0,0,0.0,0.0,0.0,0.0,0.0,0.0,0.0,0.0,0.0,0.0,0.0,0.0,0.0,0.0,0.0,0.0,0,-107875648.0,53,0.0,106,-107614832.0,0.0,ERR,ERR,ERR,ERR,ERR,ERR,ERR,ERR,ERR,ERR,ERR,ERR,ERR,ERR,ERR,ERR,ERR,ERR,ERR,ERR,ERR,ERR,ERR,ERR,ERR,ERR,ERR,ERR,ERR,ERR,ERR,ERR,ERR,ERR,ERR,ERR,ERR,ERR,ERR,ERR,ERR,ERR,ERR,ERR,ERR,ERR,ERR,ERR,ERR,ERR,ERR,ERR,ERR,ERR,ERR,ERR,ERR,ERR,ERR,ERR,ERR,ERR,ERR,ERR,ERR,ERR,ERR,50.0,60.0,100,0.0,0.0,0.0,0.0,0.0,0.0,0.0,0.0,0.0,0.0,0.0,0.0,0.0,0.0,0.0,0.0,62.0,65,19,65521,50,65476,0,300,0,0,8,20529,65476,0,0,26214,60.0,0.0,0.0,0.0,0.0,0.0
2026-05-17T16:02:24,ERR,ERR,ERR,ERR,ERR,ERR,ERR,ERR,ERR,ERR,ERR,ERR,ERR,ERR,ERR,ERR,ERR,ERR,ERR,ERR,ERR,ERR,ERR,ERR,ERR,ERR,ERR,ERR,ERR,ERR,ERR,ERR,ERR,ERR,ERR,ERR,ERR,ERR,ERR,ERR,ERR,ERR,ERR,ERR,ERR,ERR,ERR,ERR,ERR,ERR,ERR,ERR,ERR,ERR,ERR,ERR,ERR,ERR,ERR,ERR,ERR,ERR,ERR,ERR,ERR,ERR,ERR,ERR,ERR,ERR,ERR,ERR,ERR,ERR,ERR,ERR,ERR,ERR,ERR,ERR,ERR,ERR,ERR,ERR,ERR,ERR,ERR,ERR,ERR,ERR,ERR,ERR,ERR,ERR,ERR,ERR,ERR,ERR,ERR,ERR,ERR,ERR,ERR,ERR,ERR,ERR,ERR,ERR,ERR,ERR,ERR,ERR,ERR,ERR,ERR,ERR,ERR,ERR,ERR,ERR,ERR,ERR,ERR,ERR,ERR,0.0,-0.0,-0.0,0.0,0.0,1.3936040501711995e+18,7.805,0.0,0,0,4,0,8422,0.0,45,0.0,0.0,0.0,0.0,0.0,0,0,0,0,0.0,0,0,0,0,0,0,0,0,0,0,0,0,0,0,0,0,0,0,0,0,0,0,0,0,0,0,0,0,0,0,0,0,0,38,14,7,45,65476,0,300,0,0,8,21553,0.0,-107605600.0,0.0,0.0,0.0,0.0,0.0,0.0,0.0,0.0,0.0,0.0,0.0,0.0,0.0,0.0,0.0,0.0,0.0,0.0,0.0,0.0,-2.004,-0.0,2.004,-2.004,0.0,0.0,0.0,0.0,5006.0,1.040665380856972e+34,0.0,0.0,-0.0,-107615272.0,2.718429120148166e+23,0.0,0.0,0.0,0.0,53,1.9056979486756045e+17,89220.562,0.0,0.0,0.0,0.0,0.0,0.0,0.0,0,0,0,0.0,0.0,0.0,0.0,0.0,0.0,0.0,0.0,0.0,0.0,0.0,0.0,0.0,0.0,0.0,0.0,0,-107875648.0,53,0.0,106,-107614832.0,0.0,ERR,ERR,ERR,ERR,ERR,ERR,ERR,ERR,ERR,ERR,ERR,ERR,ERR,ERR,ERR,ERR,ERR,ERR,ERR,ERR,ERR,ERR,ERR,ERR,ERR,ERR,ERR,ERR,ERR,ERR,ERR,ERR,ERR,ERR,ERR,ERR,ERR,ERR,ERR,ERR,ERR,ERR,ERR,ERR,ERR,ERR,ERR,ERR,ERR,ERR,ERR,ERR,ERR,ERR,ERR,ERR,ERR,ERR,ERR,ERR,ERR,ERR,ERR,ERR,ERR,ERR,ERR,50.0,60.0,100,0.0,0.0,0.0,0.0,0.0,0.0,0.0,0.0,0.0,0.0,0.0,0.0,0.0,0.0,0.0,0.0,61.6,65,19,65521,50,65476,0,300,0,0,8,20529,65476,0,0,26214,60.0,0.0,0.0,0.0,0.0,0.0
2026-05-17T16:02:25,ERR,ERR,ERR,ERR,ERR,ERR,ERR,ERR,ERR,ERR,ERR,ERR,ERR,ERR,ERR,ERR,ERR,ERR,ERR,ERR,ERR,ERR,ERR,ERR,ERR,ERR,ERR,ERR,ERR,ERR,ERR,ERR,ERR,ERR,ERR,ERR,ERR,ERR,ERR,ERR,ERR,ERR,ERR,ERR,ERR,ERR,ERR,ERR,ERR,ERR,ERR,ERR,ERR,ERR,ERR,ERR,ERR,ERR,ERR,ERR,ERR,ERR,ERR,ERR,ERR,ERR,ERR,ERR,ERR,ERR,ERR,ERR,ERR,ERR,ERR,ERR,ERR,ERR,ERR,ERR,ERR,ERR,ERR,ERR,ERR,ERR,ERR,ERR,ERR,ERR,ERR,ERR,ERR,ERR,ERR,ERR,ERR,ERR,ERR,ERR,ERR,ERR,ERR,ERR,ERR,ERR,ERR,ERR,ERR,ERR,ERR,ERR,ERR,ERR,ERR,ERR,ERR,ERR,ERR,ERR,ERR,ERR,ERR,ERR,ERR,0.0,-0.0,-0.0,0.0,0.0,1.3936040501711995e+18,7.805,0.0,0,0,4,0,8422,0.0,45,0.0,0.0,0.0,0.0,0.0,0,0,0,0,0.0,0,0,0,0,0,0,0,0,0,0,0,0,0,0,0,0,0,0,0,0,0,0,0,0,0,0,0,0,0,0,0,0,0,38,14,7,45,65476,0,300,0,0,8,21553,0.0,-107605600.0,0.0,0.0,0.0,0.0,0.0,0.0,0.0,0.0,0.0,0.0,0.0,0.0,0.0,0.0,0.0,0.0,0.0,0.0,0.0,0.0,-2.004,-0.0,2.004,-2.004,0.0,0.0,0.0,0.0,5006.0,1.040665380856972e+34,0.0,0.0,-0.0,-107615272.0,2.718429120148166e+23,0.0,0.0,0.0,0.0,53,1.9056979486756045e+17,89220.562,0.0,0.0,0.0,0.0,0.0,0.0,0.0,0,0,0,0.0,0.0,0.0,0.0,0.0,0.0,0.0,0.0,0.0,0.0,0.0,0.0,0.0,0.0,0.0,0.0,0,-107875648.0,53,0.0,106,-107614832.0,0.0,ERR,ERR,ERR,ERR,ERR,ERR,ERR,ERR,ERR,ERR,ERR,ERR,ERR,ERR,ERR,ERR,ERR,ERR,ERR,ERR,ERR,ERR,ERR,ERR,ERR,ERR,ERR,ERR,ERR,ERR,ERR,ERR,ERR,ERR,ERR,ERR,ERR,ERR,ERR,ERR,ERR,ERR,ERR,ERR,ERR,ERR,ERR,ERR,ERR,ERR,ERR,ERR,ERR,ERR,ERR,ERR,ERR,ERR,ERR,ERR,ERR,ERR,ERR,ERR,ERR,ERR,ERR,50.0,60.0,100,0.0,0.0,0.0,0.0,0.0,0.0,0.0,0.0,0.0,0.0,0.0,0.0,0.0,0.0,0.0,0.0,61.6,65,19,65521,50,65476,0,300,0,0,8,20529,65476,0,0,26214,60.0,0.0,0.0,0.0,0.0,0.0
2026-05-17T16:02:26,ERR,ERR,ERR,ERR,ERR,ERR,ERR,ERR,ERR,ERR,ERR,ERR,ERR,ERR,ERR,ERR,ERR,ERR,ERR,ERR,ERR,ERR,ERR,ERR,ERR,ERR,ERR,ERR,ERR,ERR,ERR,ERR,ERR,ERR,ERR,ERR,ERR,ERR,ERR,ERR,ERR,ERR,ERR,ERR,ERR,ERR,ERR,ERR,ERR,ERR,ERR,ERR,ERR,ERR,ERR,ERR,ERR,ERR,ERR,ERR,ERR,ERR,ERR,ERR,ERR,ERR,ERR,ERR,ERR,ERR,ERR,ERR,ERR,ERR,ERR,ERR,ERR,ERR,ERR,ERR,ERR,ERR,ERR,ERR,ERR,ERR,ERR,ERR,ERR,ERR,ERR,ERR,ERR,ERR,ERR,ERR,ERR,ERR,ERR,ERR,ERR,ERR,ERR,ERR,ERR,ERR,ERR,ERR,ERR,ERR,ERR,ERR,ERR,ERR,ERR,ERR,ERR,ERR,ERR,ERR,ERR,ERR,ERR,ERR,ERR,0.0,-0.0,-0.0,0.0,0.0,1.3936040501711995e+18,7.805,0.0,0,0,4,0,8422,0.0,45,0.0,0.0,0.0,0.0,0.0,0,0,0,0,0.0,0,0,0,0,0,0,0,0,0,0,0,0,0,0,0,0,0,0,0,0,0,0,0,0,0,0,0,0,0,0,0,0,0,38,14,7,45,65476,0,300,0,0,8,21553,0.0,-107605600.0,0.0,0.0,0.0,0.0,0.0,0.0,0.0,0.0,0.0,0.0,0.0,0.0,0.0,0.0,0.0,0.0,0.0,0.0,0.0,0.0,-2.004,-0.0,2.004,-2.004,0.0,0.0,0.0,0.0,5006.0,1.040665380856972e+34,0.0,0.0,-0.0,-107615272.0,2.718429120148166e+23,0.0,0.0,0.0,0.0,53,1.9056979486756045e+17,89220.562,0.0,0.0,0.0,0.0,0.0,0.0,0.0,0,0,0,0.0,0.0,0.0,0.0,0.0,0.0,0.0,0.0,0.0,0.0,0.0,0.0,0.0,0.0,0.0,0.0,0,-107875648.0,53,0.0,106,-107614832.0,0.0,ERR,ERR,ERR,ERR,ERR,ERR,ERR,ERR,ERR,ERR,ERR,ERR,ERR,ERR,ERR,ERR,ERR,ERR,ERR,ERR,ERR,ERR,ERR,ERR,ERR,ERR,ERR,ERR,ERR,ERR,ERR,ERR,ERR,ERR,ERR,ERR,ERR,ERR,ERR,ERR,ERR,ERR,ERR,ERR,ERR,ERR,ERR,ERR,ERR,ERR,ERR,ERR,ERR,ERR,ERR,ERR,ERR,ERR,ERR,ERR,ERR,ERR,ERR,ERR,ERR,ERR,ERR,50.0,60.0,100,0.0,0.0,0.0,0.0,0.0,0.0,0.0,0.0,0.0,0.0,0.0,0.0,0.0,0.0,0.0,0.0,61.6,65,19,65521,50,65476,0,300,0,0,8,20529,65476,0,0,26214,60.0,0.0,0.0,0.0,0.0,0.0
2026-05-17T16:02:27,ERR,ERR,ERR,ERR,ERR,ERR,ERR,ERR,ERR,ERR,ERR,ERR,ERR,ERR,ERR,ERR,ERR,ERR,ERR,ERR,ERR,ERR,ERR,ERR,ERR,ERR,ERR,ERR,ERR,ERR,ERR,ERR,ERR,ERR,ERR,ERR,ERR,ERR,ERR,ERR,ERR,ERR,ERR,ERR,ERR,ERR,ERR,ERR,ERR,ERR,ERR,ERR,ERR,ERR,ERR,ERR,ERR,ERR,ERR,ERR,ERR,ERR,ERR,ERR,ERR,ERR,ERR,ERR,ERR,ERR,ERR,ERR,ERR,ERR,ERR,ERR,ERR,ERR,ERR,ERR,ERR,ERR,ERR,ERR,ERR,ERR,ERR,ERR,ERR,ERR,ERR,ERR,ERR,ERR,ERR,ERR,ERR,ERR,ERR,ERR,ERR,ERR,ERR,ERR,ERR,ERR,ERR,ERR,ERR,ERR,ERR,ERR,ERR,ERR,ERR,ERR,ERR,ERR,ERR,ERR,ERR,ERR,ERR,ERR,ERR,0.0,-0.0,-0.0,0.0,0.0,1.3936040501711995e+18,7.805,0.0,0,0,4,0,8422,0.0,45,0.0,0.0,0.0,0.0,0.0,0,0,0,0,0.0,0,0,0,0,0,0,0,0,0,0,0,0,0,0,0,0,0,0,0,0,0,0,0,0,0,0,0,0,0,0,0,0,0,38,14,7,45,65476,0,300,0,0,8,21553,0.0,-107605600.0,0.0,0.0,0.0,0.0,0.0,0.0,0.0,0.0,0.0,0.0,0.0,0.0,0.0,0.0,0.0,0.0,0.0,0.0,0.0,0.0,-2.004,-0.0,2.004,-2.004,0.0,0.0,0.0,0.0,5006.0,1.040665380856972e+34,0.0,0.0,-0.0,-107615272.0,2.718429120148166e+23,0.0,0.0,0.0,0.0,53,1.9056979486756045e+17,89220.562,0.0,0.0,0.0,0.0,0.0,0.0,0.0,0,0,0,0.0,0.0,0.0,0.0,0.0,0.0,0.0,0.0,0.0,0.0,0.0,0.0,0.0,0.0,0.0,0.0,0,-107875648.0,53,0.0,106,-107614832.0,0.0,ERR,ERR,ERR,ERR,ERR,ERR,ERR,ERR,ERR,ERR,ERR,ERR,ERR,ERR,ERR,ERR,ERR,ERR,ERR,ERR,ERR,ERR,ERR,ERR,ERR,ERR,ERR,ERR,ERR,ERR,ERR,ERR,ERR,ERR,ERR,ERR,ERR,ERR,ERR,ERR,ERR,ERR,ERR,ERR,ERR,ERR,ERR,ERR,ERR,ERR,ERR,ERR,ERR,ERR,ERR,ERR,ERR,ERR,ERR,ERR,ERR,ERR,ERR,ERR,ERR,ERR,ERR,50.0,60.0,100,0.0,0.0,0.0,0.0,0.0,0.0,0.0,0.0,0.0,0.0,0.0,0.0,0.0,0.0,0.0,0.0,61.6,65,19,65521,50,65476,0,300,0,0,8,20529,65476,0,0,26214,60.0,0.0,0.0,0.0,0.0,0.0
2026-05-17T16:02:28,ERR,ERR,ERR,ERR,ERR,ERR,ERR,ERR,ERR,ERR,ERR,ERR,ERR,ERR,ERR,ERR,ERR,ERR,ERR,ERR,ERR,ERR,ERR,ERR,ERR,ERR,ERR,ERR,ERR,ERR,ERR,ERR,ERR,ERR,ERR,ERR,ERR,ERR,ERR,ERR,ERR,ERR,ERR,ERR,ERR,ERR,ERR,ERR,ERR,ERR,ERR,ERR,ERR,ERR,ERR,ERR,ERR,ERR,ERR,ERR,ERR,ERR,ERR,ERR,ERR,ERR,ERR,ERR,ERR,ERR,ERR,ERR,ERR,ERR,ERR,ERR,ERR,ERR,ERR,ERR,ERR,ERR,ERR,ERR,ERR,ERR,ERR,ERR,ERR,ERR,ERR,ERR,ERR,ERR,ERR,ERR,ERR,ERR,ERR,ERR,ERR,ERR,ERR,ERR,ERR,ERR,ERR,ERR,ERR,ERR,ERR,ERR,ERR,ERR,ERR,ERR,ERR,ERR,ERR,ERR,ERR,ERR,ERR,ERR,ERR,0.0,-0.0,-0.0,0.0,0.0,1.3936040501711995e+18,7.805,0.0,0,0,4,0,8422,0.0,45,0.0,0.0,0.0,0.0,0.0,0,0,0,0,0.0,0,0,0,0,0,0,0,0,0,0,0,0,0,0,0,0,0,0,0,0,0,0,0,0,0,0,0,0,0,0,0,0,0,38,14,7,45,65476,0,300,0,0,8,21553,0.0,-107605600.0,0.0,0.0,0.0,0.0,0.0,0.0,0.0,0.0,0.0,0.0,0.0,0.0,0.0,0.0,0.0,0.0,0.0,0.0,0.0,0.0,-2.004,-0.0,2.004,-2.004,0.0,0.0,0.0,0.0,5006.0,1.040665380856972e+34,0.0,0.0,-0.0,-107615272.0,2.718429120148166e+23,0.0,0.0,0.0,0.0,53,1.9056979486756045e+17,89220.562,0.0,0.0,0.0,0.0,0.0,0.0,0.0,0,0,0,0.0,0.0,0.0,0.0,0.0,0.0,0.0,0.0,0.0,0.0,0.0,0.0,0.0,0.0,0.0,0.0,0,-107875648.0,53,0.0,106,-107614832.0,0.0,ERR,ERR,ERR,ERR,ERR,ERR,ERR,ERR,ERR,ERR,ERR,ERR,ERR,ERR,ERR,ERR,ERR,ERR,ERR,ERR,ERR,ERR,ERR,ERR,ERR,ERR,ERR,ERR,ERR,ERR,ERR,ERR,ERR,ERR,ERR,ERR,ERR,ERR,ERR,ERR,ERR,ERR,ERR,ERR,ERR,ERR,ERR,ERR,ERR,ERR,ERR,ERR,ERR,ERR,ERR,ERR,ERR,ERR,ERR,ERR,ERR,ERR,ERR,ERR,ERR,ERR,ERR,50.0,60.0,100,0.0,0.0,0.0,0.0,0.0,0.0,0.0,0.0,0.0,0.0,0.0,0.0,0.0,0.0,0.0,0.0,61.6,65,19,65521,50,65476,0,300,0,0,8,20529,65476,0,0,26214,60.0,0.0,0.0,0.0,0.0,0.0
2026-05-17T16:02:29,ERR,ERR,ERR,ERR,ERR,ERR,ERR,ERR,ERR,ERR,ERR,ERR,ERR,ERR,ERR,ERR,ERR,ERR,ERR,ERR,ERR,ERR,ERR,ERR,ERR,ERR,ERR,ERR,ERR,ERR,ERR,ERR,ERR,ERR,ERR,ERR,ERR,ERR,ERR,ERR,ERR,ERR,ERR,ERR,ERR,ERR,ERR,ERR,ERR,ERR,ERR,ERR,ERR,ERR,ERR,ERR,ERR,ERR,ERR,ERR,ERR,ERR,ERR,ERR,ERR,ERR,ERR,ERR,ERR,ERR,ERR,ERR,ERR,ERR,ERR,ERR,ERR,ERR,ERR,ERR,ERR,ERR,ERR,ERR,ERR,ERR,ERR,ERR,ERR,ERR,ERR,ERR,ERR,ERR,ERR,ERR,ERR,ERR,ERR,ERR,ERR,ERR,ERR,ERR,ERR,ERR,ERR,ERR,ERR,ERR,ERR,ERR,ERR,ERR,ERR,ERR,ERR,ERR,ERR,ERR,ERR,ERR,ERR,ERR,ERR,0.0,-0.0,-0.0,0.0,0.0,1.3936040501711995e+18,7.805,0.0,0,0,4,0,8422,0.0,45,0.0,0.0,0.0,0.0,0.0,0,0,0,0,0.0,0,0,0,0,0,0,0,0,0,0,0,0,0,0,0,0,0,0,0,0,0,0,0,0,0,0,0,0,0,0,0,0,0,38,14,7,45,65476,0,300,0,0,8,21553,0.0,-107605600.0,0.0,0.0,0.0,0.0,0.0,0.0,0.0,0.0,0.0,0.0,0.0,0.0,0.0,0.0,0.0,0.0,0.0,0.0,0.0,0.0,-2.004,-0.0,2.004,-2.004,0.0,0.0,0.0,0.0,5007.0,8608182272.0,0.0,0.0,-0.0,-107615272.0,2.718429120148166e+23,0.0,0.0,0.0,0.0,53,2.3088403658719416e+20,0.0,0.0,0.0,0.0,0.0,0.0,0.0,0.0,0,0,0,0.0,0.0,0.0,0.0,0.0,0.0,0.0,0.0,0.0,0.0,0.0,0.0,0.0,0.0,0.0,0.0,0,-107875648.0,53,0.0,106,-107614832.0,0.0,ERR,ERR,ERR,ERR,ERR,ERR,ERR,ERR,ERR,ERR,ERR,ERR,ERR,ERR,ERR,ERR,ERR,ERR,ERR,ERR,ERR,ERR,ERR,ERR,ERR,ERR,ERR,ERR,ERR,ERR,ERR,ERR,ERR,ERR,ERR,ERR,ERR,ERR,ERR,ERR,ERR,ERR,ERR,ERR,ERR,ERR,ERR,ERR,ERR,ERR,ERR,ERR,ERR,ERR,ERR,ERR,ERR,ERR,ERR,ERR,ERR,ERR,ERR,ERR,ERR,ERR,ERR,50.0,60.0,100,0.0,0.0,0.0,0.0,0.0,0.0,0.0,0.0,0.0,0.0,0.0,0.0,0.0,0.0,0.0,0.0,61.6,65,19,65521,50,65476,0,300,0,0,8,20529,65476,0,0,26214,60.0,0.0,0.0,0.0,0.0,0.0
2026-05-17T16:02:30,ERR,ERR,ERR,ERR,ERR,ERR,ERR,ERR,ERR,ERR,ERR,ERR,ERR,ERR,ERR,ERR,ERR,ERR,ERR,ERR,ERR,ERR,ERR,ERR,ERR,ERR,ERR,ERR,ERR,ERR,ERR,ERR,ERR,ERR,ERR,ERR,ERR,ERR,ERR,ERR,ERR,ERR,ERR,ERR,ERR,ERR,ERR,ERR,ERR,ERR,ERR,ERR,ERR,ERR,ERR,ERR,ERR,ERR,ERR,ERR,ERR,ERR,ERR,ERR,ERR,ERR,ERR,ERR,ERR,ERR,ERR,ERR,ERR,ERR,ERR,ERR,ERR,ERR,ERR,ERR,ERR,ERR,ERR,ERR,ERR,ERR,ERR,ERR,ERR,ERR,ERR,ERR,ERR,ERR,ERR,ERR,ERR,ERR,ERR,ERR,ERR,ERR,ERR,ERR,ERR,ERR,ERR,ERR,ERR,ERR,ERR,ERR,ERR,ERR,ERR,ERR,ERR,ERR,ERR,ERR,ERR,ERR,ERR,ERR,ERR,0.0,-0.0,-0.0,0.0,0.0,1.3936040501711995e+18,7.805,0.0,0,0,4,0,8422,0.0,45,0.0,0.0,0.0,0.0,0.0,0,0,0,0,0.0,0,0,0,0,0,0,0,0,0,0,0,0,0,0,0,0,0,0,0,0,0,0,0,0,0,0,0,0,0,0,0,0,0,38,14,7,45,65476,0,300,0,0,8,21553,0.0,-107605600.0,0.0,0.0,0.0,0.0,0.0,0.0,0.0,0.0,0.0,0.0,0.0,0.0,0.0,0.0,0.0,0.0,0.0,0.0,0.0,0.0,-2.004,-0.0,2.004,-2.004,0.0,0.0,0.0,0.0,5007.0,8608182272.0,0.0,0.0,-0.0,-107615272.0,2.718429120148166e+23,0.0,0.0,0.0,0.0,53,2.3088403658719416e+20,0.0,0.0,0.0,0.0,0.0,0.0,0.0,0.0,0,0,0,0.0,0.0,0.0,0.0,0.0,0.0,0.0,0.0,0.0,0.0,0.0,0.0,0.0,0.0,0.0,0.0,0,-107875648.0,53,0.0,106,-107614832.0,0.0,ERR,ERR,ERR,ERR,ERR,ERR,ERR,ERR,ERR,ERR,ERR,ERR,ERR,ERR,ERR,ERR,ERR,ERR,ERR,ERR,ERR,ERR,ERR,ERR,ERR,ERR,ERR,ERR,ERR,ERR,ERR,ERR,ERR,ERR,ERR,ERR,ERR,ERR,ERR,ERR,ERR,ERR,ERR,ERR,ERR,ERR,ERR,ERR,ERR,ERR,ERR,ERR,ERR,ERR,ERR,ERR,ERR,ERR,ERR,ERR,ERR,ERR,ERR,ERR,ERR,ERR,ERR,50.0,60.0,100,0.0,0.0,0.0,0.0,0.0,0.0,0.0,0.0,0.0,0.0,0.0,0.0,0.0,0.0,0.0,0.0,61.6,65,19,65521,50,65476,0,300,0,0,8,20529,65476,0,0,26214,60.0,0.0,0.0,0.0,0.0,0.0
2026-05-17T16:02:31,ERR,ERR,ERR,ERR,ERR,ERR,ERR,ERR,ERR,ERR,ERR,ERR,ERR,ERR,ERR,ERR,ERR,ERR,ERR,ERR,ERR,ERR,ERR,ERR,ERR,ERR,ERR,ERR,ERR,ERR,ERR,ERR,ERR,ERR,ERR,ERR,ERR,ERR,ERR,ERR,ERR,ERR,ERR,ERR,ERR,ERR,ERR,ERR,ERR,ERR,ERR,ERR,ERR,ERR,ERR,ERR,ERR,ERR,ERR,ERR,ERR,ERR,ERR,ERR,ERR,ERR,ERR,ERR,ERR,ERR,ERR,ERR,ERR,ERR,ERR,ERR,ERR,ERR,ERR,ERR,ERR,ERR,ERR,ERR,ERR,ERR,ERR,ERR,ERR,ERR,ERR,ERR,ERR,ERR,ERR,ERR,ERR,ERR,ERR,ERR,ERR,ERR,ERR,ERR,ERR,ERR,ERR,ERR,ERR,ERR,ERR,ERR,ERR,ERR,ERR,ERR,ERR,ERR,ERR,ERR,ERR,ERR,ERR,ERR,ERR,0.0,-0.0,-0.0,0.0,0.0,1.3936040501711995e+18,7.805,0.0,0,0,4,0,8422,0.0,45,0.0,0.0,0.0,0.0,0.0,0,0,0,0,0.0,0,0,0,0,0,0,0,0,0,0,0,0,0,0,0,0,0,0,0,0,0,0,0,0,0,0,0,0,0,0,0,0,0,38,14,7,45,65476,0,300,0,0,8,21553,0.0,-107605600.0,0.0,0.0,0.0,0.0,0.0,0.0,0.0,0.0,0.0,0.0,0.0,0.0,0.0,0.0,0.0,0.0,0.0,0.0,0.0,0.0,-2.004,-0.0,2.004,-2.004,0.0,0.0,0.0,0.0,5007.0,8608182272.0,0.0,0.0,-0.0,-107615272.0,2.718429120148166e+23,0.0,0.0,0.0,0.0,53,2.3088403658719416e+20,0.0,0.0,0.0,0.0,0.0,0.0,0.0,0.0,0,0,0,0.0,0.0,0.0,0.0,0.0,0.0,0.0,0.0,0.0,0.0,0.0,0.0,0.0,0.0,0.0,0.0,0,-107875648.0,53,0.0,106,-107614832.0,0.0,ERR,ERR,ERR,ERR,ERR,ERR,ERR,ERR,ERR,ERR,ERR,ERR,ERR,ERR,ERR,ERR,ERR,ERR,ERR,ERR,ERR,ERR,ERR,ERR,ERR,ERR,ERR,ERR,ERR,ERR,ERR,ERR,ERR,ERR,ERR,ERR,ERR,ERR,ERR,ERR,ERR,ERR,ERR,ERR,ERR,ERR,ERR,ERR,ERR,ERR,ERR,ERR,ERR,ERR,ERR,ERR,ERR,ERR,ERR,ERR,ERR,ERR,ERR,ERR,ERR,ERR,ERR,50.0,60.0,100,0.0,0.0,0.0,0.0,0.0,0.0,0.0,0.0,0.0,0.0,0.0,0.0,0.0,0.0,0.0,0.0,61.6,65,19,65521,50,65476,0,300,0,0,8,20529,65476,0,0,26214,60.0,0.0,0.0,0.0,0.0,0.0
2026-05-17T16:02:32,ERR,ERR,ERR,ERR,ERR,ERR,ERR,ERR,ERR,ERR,ERR,ERR,ERR,ERR,ERR,ERR,ERR,ERR,ERR,ERR,ERR,ERR,ERR,ERR,ERR,ERR,ERR,ERR,ERR,ERR,ERR,ERR,ERR,ERR,ERR,ERR,ERR,ERR,ERR,ERR,ERR,ERR,ERR,ERR,ERR,ERR,ERR,ERR,ERR,ERR,ERR,ERR,ERR,ERR,ERR,ERR,ERR,ERR,ERR,ERR,ERR,ERR,ERR,ERR,ERR,ERR,ERR,ERR,ERR,ERR,ERR,ERR,ERR,ERR,ERR,ERR,ERR,ERR,ERR,ERR,ERR,ERR,ERR,ERR,ERR,ERR,ERR,ERR,ERR,ERR,ERR,ERR,ERR,ERR,ERR,ERR,ERR,ERR,ERR,ERR,ERR,ERR,ERR,ERR,ERR,ERR,ERR,ERR,ERR,ERR,ERR,ERR,ERR,ERR,ERR,ERR,ERR,ERR,ERR,ERR,ERR,ERR,ERR,ERR,ERR,0.0,-0.0,-0.0,0.0,0.0,1.3936040501711995e+18,7.805,0.0,0,0,4,0,8422,0.0,45,0.0,0.0,0.0,0.0,0.0,0,0,0,0,0.0,0,0,0,0,0,0,0,0,0,0,0,0,0,0,0,0,0,0,0,0,0,0,0,0,0,0,0,0,0,0,0,0,0,38,14,7,45,65476,0,300,0,0,8,21553,0.0,-107605600.0,0.0,0.0,0.0,0.0,0.0,0.0,0.0,0.0,0.0,0.0,0.0,0.0,0.0,0.0,0.0,0.0,0.0,0.0,0.0,0.0,-2.004,-0.0,2.004,-2.004,0.0,0.0,0.0,0.0,5007.0,8608182272.0,0.0,0.0,-0.0,-107615272.0,2.718429120148166e+23,0.0,0.0,0.0,0.0,53,2.3088403658719416e+20,0.0,0.0,0.0,0.0,0.0,0.0,0.0,0.0,0,0,0,0.0,0.0,0.0,0.0,0.0,0.0,0.0,0.0,0.0,0.0,0.0,0.0,0.0,0.0,0.0,0.0,0,-107875648.0,53,0.0,106,-107614832.0,0.0,ERR,ERR,ERR,ERR,ERR,ERR,ERR,ERR,ERR,ERR,ERR,ERR,ERR,ERR,ERR,ERR,ERR,ERR,ERR,ERR,ERR,ERR,ERR,ERR,ERR,ERR,ERR,ERR,ERR,ERR,ERR,ERR,ERR,ERR,ERR,ERR,ERR,ERR,ERR,ERR,ERR,ERR,ERR,ERR,ERR,ERR,ERR,ERR,ERR,ERR,ERR,ERR,ERR,ERR,ERR,ERR,ERR,ERR,ERR,ERR,ERR,ERR,ERR,ERR,ERR,ERR,ERR,50.0,60.0,100,0.0,0.0,0.0,0.0,0.0,0.0,0.0,0.0,0.0,0.0,0.0,0.0,0.0,0.0,0.0,0.0,61.6,65,19,65521,50,65476,0,300,0,0,8,20529,65476,0,0,26214,60.0,0.0,0.0,0.0,0.0,0.0
2026-05-17T16:02:33,ERR,ERR,ERR,ERR,ERR,ERR,ERR,ERR,ERR,ERR,ERR,ERR,ERR,ERR,ERR,ERR,ERR,ERR,ERR,ERR,ERR,ERR,ERR,ERR,ERR,ERR,ERR,ERR,ERR,ERR,ERR,ERR,ERR,ERR,ERR,ERR,ERR,ERR,ERR,ERR,ERR,ERR,ERR,ERR,ERR,ERR,ERR,ERR,ERR,ERR,ERR,ERR,ERR,ERR,ERR,ERR,ERR,ERR,ERR,ERR,ERR,ERR,ERR,ERR,ERR,ERR,ERR,ERR,ERR,ERR,ERR,ERR,ERR,ERR,ERR,ERR,ERR,ERR,ERR,ERR,ERR,ERR,ERR,ERR,ERR,ERR,ERR,ERR,ERR,ERR,ERR,ERR,ERR,ERR,ERR,ERR,ERR,ERR,ERR,ERR,ERR,ERR,ERR,ERR,ERR,ERR,ERR,ERR,ERR,ERR,ERR,ERR,ERR,ERR,ERR,ERR,ERR,ERR,ERR,ERR,ERR,ERR,ERR,ERR,ERR,0.0,-0.0,-0.0,0.0,0.0,1.3936040501711995e+18,7.805,0.0,0,0,4,0,8422,0.0,45,0.0,0.0,0.0,0.0,0.0,0,0,0,0,0.0,0,0,0,0,0,0,0,0,0,0,0,0,0,0,0,0,0,0,0,0,0,0,0,0,0,0,0,0,0,0,0,0,0,38,14,7,45,65476,0,300,0,0,8,21553,0.0,-107605600.0,0.0,0.0,0.0,0.0,0.0,0.0,0.0,0.0,0.0,0.0,0.0,0.0,0.0,0.0,0.0,0.0,0.0,0.0,0.0,0.0,-2.004,-0.0,2.004,-2.004,0.0,0.0,0.0,0.0,5007.0,8608182272.0,0.0,0.0,-0.0,-107615272.0,2.718429120148166e+23,0.0,0.0,0.0,0.0,53,2.3088403658719416e+20,0.0,0.0,0.0,0.0,0.0,0.0,0.0,0.0,0,0,0,0.0,0.0,0.0,0.0,0.0,0.0,0.0,0.0,0.0,0.0,0.0,0.0,0.0,0.0,0.0,0.0,0,-107875648.0,53,0.0,106,-107614832.0,0.0,ERR,ERR,ERR,ERR,ERR,ERR,ERR,ERR,ERR,ERR,ERR,ERR,ERR,ERR,ERR,ERR,ERR,ERR,ERR,ERR,ERR,ERR,ERR,ERR,ERR,ERR,ERR,ERR,ERR,ERR,ERR,ERR,ERR,ERR,ERR,ERR,ERR,ERR,ERR,ERR,ERR,ERR,ERR,ERR,ERR,ERR,ERR,ERR,ERR,ERR,ERR,ERR,ERR,ERR,ERR,ERR,ERR,ERR,ERR,ERR,ERR,ERR,ERR,ERR,ERR,ERR,ERR,50.0,60.0,100,0.0,0.0,0.0,0.0,0.0,0.0,0.0,0.0,0.0,0.0,0.0,0.0,0.0,0.0,0.0,0.0,61.6,65,19,65521,50,65476,0,300,0,0,8,20529,65476,0,0,26214,60.0,0.0,0.0,0.0,0.0,0.0
2026-05-17T16:02:34,ERR,ERR,ERR,ERR,ERR,ERR,ERR,ERR,ERR,ERR,ERR,ERR,ERR,ERR,ERR,ERR,ERR,ERR,ERR,ERR,ERR,ERR,ERR,ERR,ERR,ERR,ERR,ERR,ERR,ERR,ERR,ERR,ERR,ERR,ERR,ERR,ERR,ERR,ERR,ERR,ERR,ERR,ERR,ERR,ERR,ERR,ERR,ERR,ERR,ERR,ERR,ERR,ERR,ERR,ERR,ERR,ERR,ERR,ERR,ERR,ERR,ERR,ERR,ERR,ERR,ERR,ERR,ERR,ERR,ERR,ERR,ERR,ERR,ERR,ERR,ERR,ERR,ERR,ERR,ERR,ERR,ERR,ERR,ERR,ERR,ERR,ERR,ERR,ERR,ERR,ERR,ERR,ERR,ERR,ERR,ERR,ERR,ERR,ERR,ERR,ERR,ERR,ERR,ERR,ERR,ERR,ERR,ERR,ERR,ERR,ERR,ERR,ERR,ERR,ERR,ERR,ERR,ERR,ERR,ERR,ERR,ERR,ERR,ERR,ERR,0.0,-0.0,-0.0,0.0,0.0,1.3936040501711995e+18,7.805,0.0,0,0,4,0,8422,0.0,45,0.0,0.0,0.0,0.0,0.0,0,0,0,0,0.0,0,0,0,0,0,0,0,0,0,0,0,0,0,0,0,0,0,0,0,0,0,0,0,0,0,0,0,0,0,0,0,0,0,38,14,7,45,65476,0,300,0,0,8,21553,0.0,-107605600.0,0.0,0.0,0.0,0.0,0.0,0.0,0.0,0.0,0.0,0.0,0.0,0.0,0.0,0.0,0.0,0.0,0.0,0.0,0.0,0.0,-2.004,-0.0,2.004,-2.004,0.0,0.0,0.0,0.0,5002.0,-0.0,0.0,0.0,-0.0,-107615272.0,2.718429120148166e+23,0.0,0.0,0.0,0.0,53,0.059,-0.0,0.0,0.0,0.0,0.0,0.0,0.0,0.0,0,0,0,0.0,0.0,0.0,0.0,0.0,0.0,0.0,0.0,0.0,0.0,0.0,0.0,0.0,0.0,0.0,0.0,0,-107875648.0,53,0.0,106,-107614832.0,0.0,ERR,ERR,ERR,ERR,ERR,ERR,ERR,ERR,ERR,ERR,ERR,ERR,ERR,ERR,ERR,ERR,ERR,ERR,ERR,ERR,ERR,ERR,ERR,ERR,ERR,ERR,ERR,ERR,ERR,ERR,ERR,ERR,ERR,ERR,ERR,ERR,ERR,ERR,ERR,ERR,ERR,ERR,ERR,ERR,ERR,ERR,ERR,ERR,ERR,ERR,ERR,ERR,ERR,ERR,ERR,ERR,ERR,ERR,ERR,ERR,ERR,ERR,ERR,ERR,ERR,ERR,ERR,50.0,60.0,100,0.0,0.0,0.0,0.0,0.0,0.0,0.0,0.0,0.0,0.0,0.0,0.0,0.0,0.0,0.0,0.0,61.6,65,19,65521,50,65476,0,300,0,0,8,20529,65476,0,0,26214,60.0,0.0,0.0,0.0,0.0,0.0
2026-05-17T16:02:35,ERR,ERR,ERR,ERR,ERR,ERR,ERR,ERR,ERR,ERR,ERR,ERR,ERR,ERR,ERR,ERR,ERR,ERR,ERR,ERR,ERR,ERR,ERR,ERR,ERR,ERR,ERR,ERR,ERR,ERR,ERR,ERR,ERR,ERR,ERR,ERR,ERR,ERR,ERR,ERR,ERR,ERR,ERR,ERR,ERR,ERR,ERR,ERR,ERR,ERR,ERR,ERR,ERR,ERR,ERR,ERR,ERR,ERR,ERR,ERR,ERR,ERR,ERR,ERR,ERR,ERR,ERR,ERR,ERR,ERR,ERR,ERR,ERR,ERR,ERR,ERR,ERR,ERR,ERR,ERR,ERR,ERR,ERR,ERR,ERR,ERR,ERR,ERR,ERR,ERR,ERR,ERR,ERR,ERR,ERR,ERR,ERR,ERR,ERR,ERR,ERR,ERR,ERR,ERR,ERR,ERR,ERR,ERR,ERR,ERR,ERR,ERR,ERR,ERR,ERR,ERR,ERR,ERR,ERR,ERR,ERR,ERR,ERR,ERR,ERR,0.0,-0.0,-0.0,0.0,0.0,1.3936040501711995e+18,7.805,0.0,0,0,4,0,8422,0.0,45,0.0,0.0,0.0,0.0,0.0,0,0,0,0,0.0,0,0,0,0,0,0,0,0,0,0,0,0,0,0,0,0,0,0,0,0,0,0,0,0,0,0,0,0,0,0,0,0,0,38,14,7,45,65476,0,300,0,0,8,21553,0.0,-107605600.0,0.0,0.0,0.0,0.0,0.0,0.0,0.0,0.0,0.0,0.0,0.0,0.0,0.0,0.0,0.0,0.0,0.0,0.0,0.0,0.0,-2.004,-0.0,2.004,-2.004,0.0,0.0,0.0,0.0,5002.0,-0.0,0.0,0.0,-0.0,-107615272.0,2.718429120148166e+23,0.0,0.0,0.0,0.0,53,0.059,-0.0,0.0,0.0,0.0,0.0,0.0,0.0,0.0,0,0,0,0.0,0.0,0.0,0.0,0.0,0.0,0.0,0.0,0.0,0.0,0.0,0.0,0.0,0.0,0.0,0.0,0,-107875648.0,53,0.0,106,-107614832.0,0.0,ERR,ERR,ERR,ERR,ERR,ERR,ERR,ERR,ERR,ERR,ERR,ERR,ERR,ERR,ERR,ERR,ERR,ERR,ERR,ERR,ERR,ERR,ERR,ERR,ERR,ERR,ERR,ERR,ERR,ERR,ERR,ERR,ERR,ERR,ERR,ERR,ERR,ERR,ERR,ERR,ERR,ERR,ERR,ERR,ERR,ERR,ERR,ERR,ERR,ERR,ERR,ERR,ERR,ERR,ERR,ERR,ERR,ERR,ERR,ERR,ERR,ERR,ERR,ERR,ERR,ERR,ERR,50.0,60.0,100,0.0,0.0,0.0,0.0,0.0,0.0,0.0,0.0,0.0,0.0,0.0,0.0,0.0,0.0,0.0,0.0,62.0,65,19,65521,50,65476,0,300,0,0,8,20529,65476,0,0,26214,60.0,0.0,0.0,0.0,0.0,0.0
2026-05-17T16:02:36,ERR,ERR,ERR,ERR,ERR,ERR,ERR,ERR,ERR,ERR,ERR,ERR,ERR,ERR,ERR,ERR,ERR,ERR,ERR,ERR,ERR,ERR,ERR,ERR,ERR,ERR,ERR,ERR,ERR,ERR,ERR,ERR,ERR,ERR,ERR,ERR,ERR,ERR,ERR,ERR,ERR,ERR,ERR,ERR,ERR,ERR,ERR,ERR,ERR,ERR,ERR,ERR,ERR,ERR,ERR,ERR,ERR,ERR,ERR,ERR,ERR,ERR,ERR,ERR,ERR,ERR,ERR,ERR,ERR,ERR,ERR,ERR,ERR,ERR,ERR,ERR,ERR,ERR,ERR,ERR,ERR,ERR,ERR,ERR,ERR,ERR,ERR,ERR,ERR,ERR,ERR,ERR,ERR,ERR,ERR,ERR,ERR,ERR,ERR,ERR,ERR,ERR,ERR,ERR,ERR,ERR,ERR,ERR,ERR,ERR,ERR,ERR,ERR,ERR,ERR,ERR,ERR,ERR,ERR,ERR,ERR,ERR,ERR,ERR,ERR,0.0,-0.0,-0.0,0.0,0.0,1.3936040501711995e+18,7.805,0.0,0,0,4,0,8422,0.0,45,0.0,0.0,0.0,0.0,0.0,0,0,0,0,0.0,0,0,0,0,0,0,0,0,0,0,0,0,0,0,0,0,0,0,0,0,0,0,0,0,0,0,0,0,0,0,0,0,0,38,14,7,45,65476,0,300,0,0,8,21553,0.0,-107605600.0,0.0,0.0,0.0,0.0,0.0,0.0,0.0,0.0,0.0,0.0,0.0,0.0,0.0,0.0,0.0,0.0,0.0,0.0,0.0,0.0,-2.004,-0.0,2.004,-2.004,0.0,0.0,0.0,0.0,5002.0,-0.0,0.0,0.0,-0.0,-107615272.0,2.718429120148166e+23,0.0,0.0,0.0,0.0,53,0.059,-0.0,0.0,0.0,0.0,0.0,0.0,0.0,0.0,0,0,0,0.0,0.0,0.0,0.0,0.0,0.0,0.0,0.0,0.0,0.0,0.0,0.0,0.0,0.0,0.0,0.0,0,-107875648.0,53,0.0,106,-107614832.0,0.0,ERR,ERR,ERR,ERR,ERR,ERR,ERR,ERR,ERR,ERR,ERR,ERR,ERR,ERR,ERR,ERR,ERR,ERR,ERR,ERR,ERR,ERR,ERR,ERR,ERR,ERR,ERR,ERR,ERR,ERR,ERR,ERR,ERR,ERR,ERR,ERR,ERR,ERR,ERR,ERR,ERR,ERR,ERR,ERR,ERR,ERR,ERR,ERR,ERR,ERR,ERR,ERR,ERR,ERR,ERR,ERR,ERR,ERR,ERR,ERR,ERR,ERR,ERR,ERR,ERR,ERR,ERR,50.0,60.0,100,0.0,0.0,0.0,0.0,0.0,0.0,0.0,0.0,0.0,0.0,0.0,0.0,0.0,0.0,0.0,0.0,62.0,65,19,65521,50,65476,0,300,0,0,8,20529,65476,0,0,26214,60.0,0.0,0.0,0.0,0.0,0.0
2026-05-17T16:02:37,ERR,ERR,ERR,ERR,ERR,ERR,ERR,ERR,ERR,ERR,ERR,ERR,ERR,ERR,ERR,ERR,ERR,ERR,ERR,ERR,ERR,ERR,ERR,ERR,ERR,ERR,ERR,ERR,ERR,ERR,ERR,ERR,ERR,ERR,ERR,ERR,ERR,ERR,ERR,ERR,ERR,ERR,ERR,ERR,ERR,ERR,ERR,ERR,ERR,ERR,ERR,ERR,ERR,ERR,ERR,ERR,ERR,ERR,ERR,ERR,ERR,ERR,ERR,ERR,ERR,ERR,ERR,ERR,ERR,ERR,ERR,ERR,ERR,ERR,ERR,ERR,ERR,ERR,ERR,ERR,ERR,ERR,ERR,ERR,ERR,ERR,ERR,ERR,ERR,ERR,ERR,ERR,ERR,ERR,ERR,ERR,ERR,ERR,ERR,ERR,ERR,ERR,ERR,ERR,ERR,ERR,ERR,ERR,ERR,ERR,ERR,ERR,ERR,ERR,ERR,ERR,ERR,ERR,ERR,ERR,ERR,ERR,ERR,ERR,ERR,0.0,-0.0,-0.0,0.0,0.0,1.3936040501711995e+18,7.805,0.0,0,0,4,0,8422,0.0,45,0.0,0.0,0.0,0.0,0.0,0,0,0,0,0.0,0,0,0,0,0,0,0,0,0,0,0,0,0,0,0,0,0,0,0,0,0,0,0,0,0,0,0,0,0,0,0,0,0,38,14,7,45,65476,0,300,0,0,8,21553,0.0,-107605600.0,0.0,0.0,0.0,0.0,0.0,0.0,0.0,0.0,0.0,0.0,0.0,0.0,0.0,0.0,0.0,0.0,0.0,0.0,0.0,0.0,-2.004,-0.0,2.004,-2.004,0.0,0.0,0.0,0.0,5002.0,-0.0,0.0,0.0,-0.0,-107615272.0,2.718429120148166e+23,0.0,0.0,0.0,0.0,53,0.059,-0.0,0.0,0.0,0.0,0.0,0.0,0.0,0.0,0,0,0,0.0,0.0,0.0,0.0,0.0,0.0,0.0,0.0,0.0,0.0,0.0,0.0,0.0,0.0,0.0,0.0,0,-107875648.0,53,0.0,106,-107614832.0,0.0,ERR,ERR,ERR,ERR,ERR,ERR,ERR,ERR,ERR,ERR,ERR,ERR,ERR,ERR,ERR,ERR,ERR,ERR,ERR,ERR,ERR,ERR,ERR,ERR,ERR,ERR,ERR,ERR,ERR,ERR,ERR,ERR,ERR,ERR,ERR,ERR,ERR,ERR,ERR,ERR,ERR,ERR,ERR,ERR,ERR,ERR,ERR,ERR,ERR,ERR,ERR,ERR,ERR,ERR,ERR,ERR,ERR,ERR,ERR,ERR,ERR,ERR,ERR,ERR,ERR,ERR,ERR,50.0,60.0,100,0.0,0.0,0.0,0.0,0.0,0.0,0.0,0.0,0.0,0.0,0.0,0.0,0.0,0.0,0.0,0.0,61.6,65,19,65521,50,65476,0,300,0,0,8,20529,65476,0,0,26214,60.0,0.0,0.0,0.0,0.0,0.0
2026-05-17T16:02:38,ERR,ERR,ERR,ERR,ERR,ERR,ERR,ERR,ERR,ERR,ERR,ERR,ERR,ERR,ERR,ERR,ERR,ERR,ERR,ERR,ERR,ERR,ERR,ERR,ERR,ERR,ERR,ERR,ERR,ERR,ERR,ERR,ERR,ERR,ERR,ERR,ERR,ERR,ERR,ERR,ERR,ERR,ERR,ERR,ERR,ERR,ERR,ERR,ERR,ERR,ERR,ERR,ERR,ERR,ERR,ERR,ERR,ERR,ERR,ERR,ERR,ERR,ERR,ERR,ERR,ERR,ERR,ERR,ERR,ERR,ERR,ERR,ERR,ERR,ERR,ERR,ERR,ERR,ERR,ERR,ERR,ERR,ERR,ERR,ERR,ERR,ERR,ERR,ERR,ERR,ERR,ERR,ERR,ERR,ERR,ERR,ERR,ERR,ERR,ERR,ERR,ERR,ERR,ERR,ERR,ERR,ERR,ERR,ERR,ERR,ERR,ERR,ERR,ERR,ERR,ERR,ERR,ERR,ERR,ERR,ERR,ERR,ERR,ERR,ERR,0.0,-0.0,-0.0,0.0,0.0,1.3936040501711995e+18,7.805,0.0,0,0,4,0,8422,0.0,45,0.0,0.0,0.0,0.0,0.0,0,0,0,0,0.0,0,0,0,0,0,0,0,0,0,0,0,0,0,0,0,0,0,0,0,0,0,0,0,0,0,0,0,0,0,0,0,0,0,38,14,7,45,65476,0,300,0,0,8,21553,0.0,-107605600.0,0.0,0.0,0.0,0.0,0.0,0.0,0.0,0.0,0.0,0.0,0.0,0.0,0.0,0.0,0.0,0.0,0.0,0.0,0.0,0.0,-2.004,-0.0,2.004,-2.004,0.0,0.0,0.0,0.0,5002.0,-0.0,0.0,0.0,-0.0,-107615272.0,2.718429120148166e+23,0.0,0.0,0.0,0.0,53,0.059,-0.0,0.0,0.0,0.0,0.0,0.0,0.0,0.0,0,0,0,0.0,0.0,0.0,0.0,0.0,0.0,0.0,0.0,0.0,0.0,0.0,0.0,0.0,0.0,0.0,0.0,0,-107875648.0,53,0.0,106,-107614832.0,0.0,ERR,ERR,ERR,ERR,ERR,ERR,ERR,ERR,ERR,ERR,ERR,ERR,ERR,ERR,ERR,ERR,ERR,ERR,ERR,ERR,ERR,ERR,ERR,ERR,ERR,ERR,ERR,ERR,ERR,ERR,ERR,ERR,ERR,ERR,ERR,ERR,ERR,ERR,ERR,ERR,ERR,ERR,ERR,ERR,ERR,ERR,ERR,ERR,ERR,ERR,ERR,ERR,ERR,ERR,ERR,ERR,ERR,ERR,ERR,ERR,ERR,ERR,ERR,ERR,ERR,ERR,ERR,50.0,60.0,100,0.0,0.0,0.0,0.0,0.0,0.0,0.0,0.0,0.0,0.0,0.0,0.0,0.0,0.0,0.0,0.0,62.0,65,19,65521,50,65476,0,300,0,0,8,20529,65476,0,0,26214,60.0,0.0,0.0,0.0,0.0,0.0
2026-05-17T16:02:39,ERR,ERR,ERR,ERR,ERR,ERR,ERR,ERR,ERR,ERR,ERR,ERR,ERR,ERR,ERR,ERR,ERR,ERR,ERR,ERR,ERR,ERR,ERR,ERR,ERR,ERR,ERR,ERR,ERR,ERR,ERR,ERR,ERR,ERR,ERR,ERR,ERR,ERR,ERR,ERR,ERR,ERR,ERR,ERR,ERR,ERR,ERR,ERR,ERR,ERR,ERR,ERR,ERR,ERR,ERR,ERR,ERR,ERR,ERR,ERR,ERR,ERR,ERR,ERR,ERR,ERR,ERR,ERR,ERR,ERR,ERR,ERR,ERR,ERR,ERR,ERR,ERR,ERR,ERR,ERR,ERR,ERR,ERR,ERR,ERR,ERR,ERR,ERR,ERR,ERR,ERR,ERR,ERR,ERR,ERR,ERR,ERR,ERR,ERR,ERR,ERR,ERR,ERR,ERR,ERR,ERR,ERR,ERR,ERR,ERR,ERR,ERR,ERR,ERR,ERR,ERR,ERR,ERR,ERR,ERR,ERR,ERR,ERR,ERR,ERR,0.0,-0.0,-0.0,0.0,0.0,1.3936040501711995e+18,7.805,0.0,0,0,4,0,8422,0.0,45,0.0,0.0,0.0,0.0,0.0,0,0,0,0,0.0,0,0,0,0,0,0,0,0,0,0,0,0,0,0,0,0,0,0,0,0,0,0,0,0,0,0,0,0,0,0,0,0,0,38,14,7,45,65476,0,300,0,0,8,21553,0.0,-107605600.0,0.0,0.0,0.0,0.0,0.0,0.0,0.0,0.0,0.0,0.0,0.0,0.0,0.0,0.0,0.0,0.0,0.0,0.0,0.0,0.0,-2.004,-0.0,2.004,-2.004,0.0,0.0,0.0,0.0,5003.0,-131350.438,0.0,0.0,-0.0,-107615272.0,2.718429120148166e+23,0.0,0.0,0.0,0.0,53,71.63,-0.0,0.0,0.0,0.0,0.0,0.0,0.0,0.0,0,0,0,0.0,0.0,0.0,0.0,0.0,0.0,0.0,0.0,0.0,0.0,0.0,0.0,0.0,0.0,0.0,0.0,0,-107875648.0,53,0.0,106,-107614832.0,0.0,ERR,ERR,ERR,ERR,ERR,ERR,ERR,ERR,ERR,ERR,ERR,ERR,ERR,ERR,ERR,ERR,ERR,ERR,ERR,ERR,ERR,ERR,ERR,ERR,ERR,ERR,ERR,ERR,ERR,ERR,ERR,ERR,ERR,ERR,ERR,ERR,ERR,ERR,ERR,ERR,ERR,ERR,ERR,ERR,ERR,ERR,ERR,ERR,ERR,ERR,ERR,ERR,ERR,ERR,ERR,ERR,ERR,ERR,ERR,ERR,ERR,ERR,ERR,ERR,ERR,ERR,ERR,50.0,60.0,100,0.0,0.0,0.0,0.0,0.0,0.0,0.0,0.0,0.0,0.0,0.0,0.0,0.0,0.0,0.0,0.0,62.0,65,19,65521,50,65476,0,300,0,0,8,20529,65476,0,0,26214,60.0,0.0,0.0,0.0,0.0,0.0
2026-05-17T16:02:40,ERR,ERR,ERR,ERR,ERR,ERR,ERR,ERR,ERR,ERR,ERR,ERR,ERR,ERR,ERR,ERR,ERR,ERR,ERR,ERR,ERR,ERR,ERR,ERR,ERR,ERR,ERR,ERR,ERR,ERR,ERR,ERR,ERR,ERR,ERR,ERR,ERR,ERR,ERR,ERR,ERR,ERR,ERR,ERR,ERR,ERR,ERR,ERR,ERR,ERR,ERR,ERR,ERR,ERR,ERR,ERR,ERR,ERR,ERR,ERR,ERR,ERR,ERR,ERR,ERR,ERR,ERR,ERR,ERR,ERR,ERR,ERR,ERR,ERR,ERR,ERR,ERR,ERR,ERR,ERR,ERR,ERR,ERR,ERR,ERR,ERR,ERR,ERR,ERR,ERR,ERR,ERR,ERR,ERR,ERR,ERR,ERR,ERR,ERR,ERR,ERR,ERR,ERR,ERR,ERR,ERR,ERR,ERR,ERR,ERR,ERR,ERR,ERR,ERR,ERR,ERR,ERR,ERR,ERR,ERR,ERR,ERR,ERR,ERR,ERR,0.0,-0.0,-0.0,0.0,0.0,1.3936040501711995e+18,7.805,0.0,0,0,4,0,8422,0.0,45,0.0,0.0,0.0,0.0,0.0,0,0,0,0,0.0,0,0,0,0,0,0,0,0,0,0,0,0,0,0,0,0,0,0,0,0,0,0,0,0,0,0,0,0,0,0,0,0,0,38,14,7,45,65476,0,300,0,0,8,21553,0.0,-107605600.0,0.0,0.0,0.0,0.0,0.0,0.0,0.0,0.0,0.0,0.0,0.0,0.0,0.0,0.0,0.0,0.0,0.0,0.0,0.0,0.0,-2.004,-0.0,2.004,-2.004,0.0,0.0,0.0,0.0,5003.0,-131350.438,0.0,0.0,-0.0,-107615272.0,2.718429120148166e+23,0.0,0.0,0.0,0.0,53,71.63,-0.0,0.0,0.0,0.0,0.0,0.0,0.0,0.0,0,0,0,0.0,0.0,0.0,0.0,0.0,0.0,0.0,0.0,0.0,0.0,0.0,0.0,0.0,0.0,0.0,0.0,0,-107875648.0,53,0.0,106,-107614832.0,0.0,ERR,ERR,ERR,ERR,ERR,ERR,ERR,ERR,ERR,ERR,ERR,ERR,ERR,ERR,ERR,ERR,ERR,ERR,ERR,ERR,ERR,ERR,ERR,ERR,ERR,ERR,ERR,ERR,ERR,ERR,ERR,ERR,ERR,ERR,ERR,ERR,ERR,ERR,ERR,ERR,ERR,ERR,ERR,ERR,ERR,ERR,ERR,ERR,ERR,ERR,ERR,ERR,ERR,ERR,ERR,ERR,ERR,ERR,ERR,ERR,ERR,ERR,ERR,ERR,ERR,ERR,ERR,50.0,60.0,100,0.0,0.0,0.0,0.0,0.0,0.0,0.0,0.0,0.0,0.0,0.0,0.0,0.0,0.0,0.0,0.0,61.6,65,19,65521,50,65476,0,300,0,0,8,20529,65476,0,0,26214,60.0,0.0,0.0,0.0,0.0,0.0
2026-05-17T16:02:41,ERR,ERR,ERR,ERR,ERR,ERR,ERR,ERR,ERR,ERR,ERR,ERR,ERR,ERR,ERR,ERR,ERR,ERR,ERR,ERR,ERR,ERR,ERR,ERR,ERR,ERR,ERR,ERR,ERR,ERR,ERR,ERR,ERR,ERR,ERR,ERR,ERR,ERR,ERR,ERR,ERR,ERR,ERR,ERR,ERR,ERR,ERR,ERR,ERR,ERR,ERR,ERR,ERR,ERR,ERR,ERR,ERR,ERR,ERR,ERR,ERR,ERR,ERR,ERR,ERR,ERR,ERR,ERR,ERR,ERR,ERR,ERR,ERR,ERR,ERR,ERR,ERR,ERR,ERR,ERR,ERR,ERR,ERR,ERR,ERR,ERR,ERR,ERR,ERR,ERR,ERR,ERR,ERR,ERR,ERR,ERR,ERR,ERR,ERR,ERR,ERR,ERR,ERR,ERR,ERR,ERR,ERR,ERR,ERR,ERR,ERR,ERR,ERR,ERR,ERR,ERR,ERR,ERR,ERR,ERR,ERR,ERR,ERR,ERR,ERR,0.0,-0.0,-0.0,0.0,0.0,1.3936040501711995e+18,7.805,0.0,0,0,4,0,8422,0.0,45,0.0,0.0,0.0,0.0,0.0,0,0,0,0,0.0,0,0,0,0,0,0,0,0,0,0,0,0,0,0,0,0,0,0,0,0,0,0,0,0,0,0,0,0,0,0,0,0,0,38,14,7,45,65476,0,300,0,0,8,21553,0.0,-107605600.0,0.0,0.0,0.0,0.0,0.0,0.0,0.0,0.0,0.0,0.0,0.0,0.0,0.0,0.0,0.0,0.0,0.0,0.0,0.0,0.0,-2.004,-0.0,2.004,-2.004,0.0,0.0,0.0,0.0,5003.0,-131350.438,0.0,0.0,-0.0,-107615272.0,2.718429120148166e+23,0.0,0.0,0.0,0.0,53,71.63,-0.0,0.0,0.0,0.0,0.0,0.0,0.0,0.0,0,0,0,0.0,0.0,0.0,0.0,0.0,0.0,0.0,0.0,0.0,0.0,0.0,0.0,0.0,0.0,0.0,0.0,0,-107875648.0,53,0.0,106,-107614832.0,0.0,ERR,ERR,ERR,ERR,ERR,ERR,ERR,ERR,ERR,ERR,ERR,ERR,ERR,ERR,ERR,ERR,ERR,ERR,ERR,ERR,ERR,ERR,ERR,ERR,ERR,ERR,ERR,ERR,ERR,ERR,ERR,ERR,ERR,ERR,ERR,ERR,ERR,ERR,ERR,ERR,ERR,ERR,ERR,ERR,ERR,ERR,ERR,ERR,ERR,ERR,ERR,ERR,ERR,ERR,ERR,ERR,ERR,ERR,ERR,ERR,ERR,ERR,ERR,ERR,ERR,ERR,ERR,50.0,60.0,100,0.0,0.0,0.0,0.0,0.0,0.0,0.0,0.0,0.0,0.0,0.0,0.0,0.0,0.0,0.0,0.0,61.6,65,19,65521,50,65476,0,300,0,0,8,20529,65476,0,0,26214,60.0,0.0,0.0,0.0,0.0,0.0
2026-05-17T16:02:42,ERR,ERR,ERR,ERR,ERR,ERR,ERR,ERR,ERR,ERR,ERR,ERR,ERR,ERR,ERR,ERR,ERR,ERR,ERR,ERR,ERR,ERR,ERR,ERR,ERR,ERR,ERR,ERR,ERR,ERR,ERR,ERR,ERR,ERR,ERR,ERR,ERR,ERR,ERR,ERR,ERR,ERR,ERR,ERR,ERR,ERR,ERR,ERR,ERR,ERR,ERR,ERR,ERR,ERR,ERR,ERR,ERR,ERR,ERR,ERR,ERR,ERR,ERR,ERR,ERR,ERR,ERR,ERR,ERR,ERR,ERR,ERR,ERR,ERR,ERR,ERR,ERR,ERR,ERR,ERR,ERR,ERR,ERR,ERR,ERR,ERR,ERR,ERR,ERR,ERR,ERR,ERR,ERR,ERR,ERR,ERR,ERR,ERR,ERR,ERR,ERR,ERR,ERR,ERR,ERR,ERR,ERR,ERR,ERR,ERR,ERR,ERR,ERR,ERR,ERR,ERR,ERR,ERR,ERR,ERR,ERR,ERR,ERR,ERR,ERR,0.0,-0.0,-0.0,0.0,0.0,1.3936040501711995e+18,7.805,0.0,0,0,4,0,8422,0.0,45,0.0,0.0,0.0,0.0,0.0,0,0,0,0,0.0,0,0,0,0,0,0,0,0,0,0,0,0,0,0,0,0,0,0,0,0,0,0,0,0,0,0,0,0,0,0,0,0,0,38,14,7,45,65476,0,300,0,0,8,21553,0.0,-107605600.0,0.0,0.0,0.0,0.0,0.0,0.0,0.0,0.0,0.0,0.0,0.0,0.0,0.0,0.0,0.0,0.0,0.0,0.0,0.0,0.0,-2.004,-0.0,2.004,-2.004,0.0,0.0,0.0,0.0,5003.0,-131350.438,0.0,0.0,-0.0,-107615272.0,2.718429120148166e+23,0.0,0.0,0.0,0.0,53,71.63,-0.0,0.0,0.0,0.0,0.0,0.0,0.0,0.0,0,0,0,0.0,0.0,0.0,0.0,0.0,0.0,0.0,0.0,0.0,0.0,0.0,0.0,0.0,0.0,0.0,0.0,0,-107875648.0,53,0.0,106,-107614832.0,0.0,ERR,ERR,ERR,ERR,ERR,ERR,ERR,ERR,ERR,ERR,ERR,ERR,ERR,ERR,ERR,ERR,ERR,ERR,ERR,ERR,ERR,ERR,ERR,ERR,ERR,ERR,ERR,ERR,ERR,ERR,ERR,ERR,ERR,ERR,ERR,ERR,ERR,ERR,ERR,ERR,ERR,ERR,ERR,ERR,ERR,ERR,ERR,ERR,ERR,ERR,ERR,ERR,ERR,ERR,ERR,ERR,ERR,ERR,ERR,ERR,ERR,ERR,ERR,ERR,ERR,ERR,ERR,50.0,60.0,100,0.0,0.0,0.0,0.0,0.0,0.0,0.0,0.0,0.0,0.0,0.0,0.0,0.0,0.0,0.0,0.0,61.6,65,19,65521,50,65476,0,300,0,0,8,20529,65476,0,0,26214,60.0,0.0,0.0,0.0,0.0,0.0
2026-05-17T16:02:43,ERR,ERR,ERR,ERR,ERR,ERR,ERR,ERR,ERR,ERR,ERR,ERR,ERR,ERR,ERR,ERR,ERR,ERR,ERR,ERR,ERR,ERR,ERR,ERR,ERR,ERR,ERR,ERR,ERR,ERR,ERR,ERR,ERR,ERR,ERR,ERR,ERR,ERR,ERR,ERR,ERR,ERR,ERR,ERR,ERR,ERR,ERR,ERR,ERR,ERR,ERR,ERR,ERR,ERR,ERR,ERR,ERR,ERR,ERR,ERR,ERR,ERR,ERR,ERR,ERR,ERR,ERR,ERR,ERR,ERR,ERR,ERR,ERR,ERR,ERR,ERR,ERR,ERR,ERR,ERR,ERR,ERR,ERR,ERR,ERR,ERR,ERR,ERR,ERR,ERR,ERR,ERR,ERR,ERR,ERR,ERR,ERR,ERR,ERR,ERR,ERR,ERR,ERR,ERR,ERR,ERR,ERR,ERR,ERR,ERR,ERR,ERR,ERR,ERR,ERR,ERR,ERR,ERR,ERR,ERR,ERR,ERR,ERR,ERR,ERR,0.0,-0.0,-0.0,0.0,0.0,1.3936040501711995e+18,7.805,0.0,0,0,4,0,8422,0.0,45,0.0,0.0,0.0,0.0,0.0,0,0,0,0,0.0,0,0,0,0,0,0,0,0,0,0,0,0,0,0,0,0,0,0,0,0,0,0,0,0,0,0,0,0,0,0,0,0,0,38,14,7,45,65476,0,300,0,0,8,21553,0.0,-107605600.0,0.0,0.0,0.0,0.0,0.0,0.0,0.0,0.0,0.0,0.0,0.0,0.0,0.0,0.0,0.0,0.0,0.0,0.0,0.0,0.0,-2.004,-0.0,2.004,-2.004,0.0,0.0,0.0,0.0,5003.0,-131350.438,0.0,0.0,-0.0,-107615272.0,2.718429120148166e+23,0.0,0.0,0.0,0.0,53,71.63,-0.0,0.0,0.0,0.0,0.0,0.0,0.0,0.0,0,0,0,0.0,0.0,0.0,0.0,0.0,0.0,0.0,0.0,0.0,0.0,0.0,0.0,0.0,0.0,0.0,0.0,0,-107875648.0,53,0.0,106,-107614832.0,0.0,ERR,ERR,ERR,ERR,ERR,ERR,ERR,ERR,ERR,ERR,ERR,ERR,ERR,ERR,ERR,ERR,ERR,ERR,ERR,ERR,ERR,ERR,ERR,ERR,ERR,ERR,ERR,ERR,ERR,ERR,ERR,ERR,ERR,ERR,ERR,ERR,ERR,ERR,ERR,ERR,ERR,ERR,ERR,ERR,ERR,ERR,ERR,ERR,ERR,ERR,ERR,ERR,ERR,ERR,ERR,ERR,ERR,ERR,ERR,ERR,ERR,ERR,ERR,ERR,ERR,ERR,ERR,50.0,60.0,100,0.0,0.0,0.0,0.0,0.0,0.0,0.0,0.0,0.0,0.0,0.0,0.0,0.0,0.0,0.0,0.0,61.6,65,19,65521,50,65476,0,300,0,0,8,20529,65476,0,0,26214,60.0,0.0,0.0,0.0,0.0,0.0
2026-05-17T16:02:44,ERR,ERR,ERR,ERR,ERR,ERR,ERR,ERR,ERR,ERR,ERR,ERR,ERR,ERR,ERR,ERR,ERR,ERR,ERR,ERR,ERR,ERR,ERR,ERR,ERR,ERR,ERR,ERR,ERR,ERR,ERR,ERR,ERR,ERR,ERR,ERR,ERR,ERR,ERR,ERR,ERR,ERR,ERR,ERR,ERR,ERR,ERR,ERR,ERR,ERR,ERR,ERR,ERR,ERR,ERR,ERR,ERR,ERR,ERR,ERR,ERR,ERR,ERR,ERR,ERR,ERR,ERR,ERR,ERR,ERR,ERR,ERR,ERR,ERR,ERR,ERR,ERR,ERR,ERR,ERR,ERR,ERR,ERR,ERR,ERR,ERR,ERR,ERR,ERR,ERR,ERR,ERR,ERR,ERR,ERR,ERR,ERR,ERR,ERR,ERR,ERR,ERR,ERR,ERR,ERR,ERR,ERR,ERR,ERR,ERR,ERR,ERR,ERR,ERR,ERR,ERR,ERR,ERR,ERR,ERR,ERR,ERR,ERR,ERR,ERR,0.0,-0.0,-0.0,0.0,0.0,1.3936040501711995e+18,7.805,0.0,0,0,4,0,8422,0.0,45,0.0,0.0,0.0,0.0,0.0,0,0,0,0,0.0,0,0,0,0,0,0,0,0,0,0,0,0,0,0,0,0,0,0,0,0,0,0,0,0,0,0,0,0,0,0,0,0,0,38,14,7,45,65476,0,300,0,0,8,21553,0.0,-107605600.0,0.0,0.0,0.0,0.0,0.0,0.0,0.0,0.0,0.0,0.0,0.0,0.0,0.0,0.0,0.0,0.0,0.0,0.0,0.0,0.0,-2.004,-0.0,2.004,-2.004,0.0,0.0,0.0,0.0,5034.0,0.0,0.0,0.0,-0.0,-107615272.0,2.718429120148166e+23,0.0,0.0,0.0,0.0,53,0.059,-4.9504015179484054e+32,0.0,0.0,0.0,0.0,0.0,0.0,0.0,0,0,0,0.0,0.0,0.0,0.0,0.0,0.0,0.0,0.0,0.0,0.0,0.0,0.0,0.0,0.0,0.0,0.0,0,-107875648.0,53,0.0,106,-107614832.0,0.0,ERR,ERR,ERR,ERR,ERR,ERR,ERR,ERR,ERR,ERR,ERR,ERR,ERR,ERR,ERR,ERR,ERR,ERR,ERR,ERR,ERR,ERR,ERR,ERR,ERR,ERR,ERR,ERR,ERR,ERR,ERR,ERR,ERR,ERR,ERR,ERR,ERR,ERR,ERR,ERR,ERR,ERR,ERR,ERR,ERR,ERR,ERR,ERR,ERR,ERR,ERR,ERR,ERR,ERR,ERR,ERR,ERR,ERR,ERR,ERR,ERR,ERR,ERR,ERR,ERR,ERR,ERR,50.0,60.0,100,0.0,0.0,0.0,0.0,0.0,0.0,0.0,0.0,0.0,0.0,0.0,0.0,0.0,0.0,0.0,0.0,62.0,65,19,65521,50,65476,0,300,0,0,8,20529,65476,0,0,26214,60.0,0.0,0.0,0.0,0.0,0.0
2026-05-17T16:02:45,ERR,ERR,ERR,ERR,ERR,ERR,ERR,ERR,ERR,ERR,ERR,ERR,ERR,ERR,ERR,ERR,ERR,ERR,ERR,ERR,ERR,ERR,ERR,ERR,ERR,ERR,ERR,ERR,ERR,ERR,ERR,ERR,ERR,ERR,ERR,ERR,ERR,ERR,ERR,ERR,ERR,ERR,ERR,ERR,ERR,ERR,ERR,ERR,ERR,ERR,ERR,ERR,ERR,ERR,ERR,ERR,ERR,ERR,ERR,ERR,ERR,ERR,ERR,ERR,ERR,ERR,ERR,ERR,ERR,ERR,ERR,ERR,ERR,ERR,ERR,ERR,ERR,ERR,ERR,ERR,ERR,ERR,ERR,ERR,ERR,ERR,ERR,ERR,ERR,ERR,ERR,ERR,ERR,ERR,ERR,ERR,ERR,ERR,ERR,ERR,ERR,ERR,ERR,ERR,ERR,ERR,ERR,ERR,ERR,ERR,ERR,ERR,ERR,ERR,ERR,ERR,ERR,ERR,ERR,ERR,ERR,ERR,ERR,ERR,ERR,0.0,-0.0,-0.0,0.0,0.0,1.3936040501711995e+18,7.805,0.0,0,0,4,0,8422,0.0,45,0.0,0.0,0.0,0.0,0.0,0,0,0,0,0.0,0,0,0,0,0,0,0,0,0,0,0,0,0,0,0,0,0,0,0,0,0,0,0,0,0,0,0,0,0,0,0,0,0,38,14,7,45,65476,0,300,0,0,8,21553,0.0,-107605600.0,0.0,0.0,0.0,0.0,0.0,0.0,0.0,0.0,0.0,0.0,0.0,0.0,0.0,0.0,0.0,0.0,0.0,0.0,0.0,0.0,-2.004,-0.0,2.004,-2.004,0.0,0.0,0.0,0.0,5034.0,0.0,0.0,0.0,-0.0,-107615272.0,2.718429120148166e+23,0.0,0.0,0.0,0.0,53,0.059,-4.9504015179484054e+32,0.0,0.0,0.0,0.0,0.0,0.0,0.0,0,0,0,0.0,0.0,0.0,0.0,0.0,0.0,0.0,0.0,0.0,0.0,0.0,0.0,0.0,0.0,0.0,0.0,0,-107875648.0,53,0.0,106,-107614832.0,0.0,ERR,ERR,ERR,ERR,ERR,ERR,ERR,ERR,ERR,ERR,ERR,ERR,ERR,ERR,ERR,ERR,ERR,ERR,ERR,ERR,ERR,ERR,ERR,ERR,ERR,ERR,ERR,ERR,ERR,ERR,ERR,ERR,ERR,ERR,ERR,ERR,ERR,ERR,ERR,ERR,ERR,ERR,ERR,ERR,ERR,ERR,ERR,ERR,ERR,ERR,ERR,ERR,ERR,ERR,ERR,ERR,ERR,ERR,ERR,ERR,ERR,ERR,ERR,ERR,ERR,ERR,ERR,50.0,60.0,100,0.0,0.0,0.0,0.0,0.0,0.0,0.0,0.0,0.0,0.0,0.0,0.0,0.0,0.0,0.0,0.0,61.6,65,19,65521,50,65476,0,300,0,0,8,20529,65476,0,0,26214,60.0,0.0,0.0,0.0,0.0,0.0
2026-05-17T16:02:46,ERR,ERR,ERR,ERR,ERR,ERR,ERR,ERR,ERR,ERR,ERR,ERR,ERR,ERR,ERR,ERR,ERR,ERR,ERR,ERR,ERR,ERR,ERR,ERR,ERR,ERR,ERR,ERR,ERR,ERR,ERR,ERR,ERR,ERR,ERR,ERR,ERR,ERR,ERR,ERR,ERR,ERR,ERR,ERR,ERR,ERR,ERR,ERR,ERR,ERR,ERR,ERR,ERR,ERR,ERR,ERR,ERR,ERR,ERR,ERR,ERR,ERR,ERR,ERR,ERR,ERR,ERR,ERR,ERR,ERR,ERR,ERR,ERR,ERR,ERR,ERR,ERR,ERR,ERR,ERR,ERR,ERR,ERR,ERR,ERR,ERR,ERR,ERR,ERR,ERR,ERR,ERR,ERR,ERR,ERR,ERR,ERR,ERR,ERR,ERR,ERR,ERR,ERR,ERR,ERR,ERR,ERR,ERR,ERR,ERR,ERR,ERR,ERR,ERR,ERR,ERR,ERR,ERR,ERR,ERR,ERR,ERR,ERR,ERR,ERR,0.0,-0.0,-0.0,0.0,0.0,1.3936040501711995e+18,7.805,0.0,0,0,4,0,8422,0.0,45,0.0,0.0,0.0,0.0,0.0,0,0,0,0,0.0,0,0,0,0,0,0,0,0,0,0,0,0,0,0,0,0,0,0,0,0,0,0,0,0,0,0,0,0,0,0,0,0,0,38,14,7,45,65476,0,300,0,0,8,21553,0.0,-107605600.0,0.0,0.0,0.0,0.0,0.0,0.0,0.0,0.0,0.0,0.0,0.0,0.0,0.0,0.0,0.0,0.0,0.0,0.0,0.0,0.0,-2.004,-0.0,2.004,-2.004,0.0,0.0,0.0,0.0,5034.0,0.0,0.0,0.0,-0.0,-107615272.0,2.718429120148166e+23,0.0,0.0,0.0,0.0,53,0.059,-4.9504015179484054e+32,0.0,0.0,0.0,0.0,0.0,0.0,0.0,0,0,0,0.0,0.0,0.0,0.0,0.0,0.0,0.0,0.0,0.0,0.0,0.0,0.0,0.0,0.0,0.0,0.0,0,-107875648.0,53,0.0,106,-107614832.0,0.0,ERR,ERR,ERR,ERR,ERR,ERR,ERR,ERR,ERR,ERR,ERR,ERR,ERR,ERR,ERR,ERR,ERR,ERR,ERR,ERR,ERR,ERR,ERR,ERR,ERR,ERR,ERR,ERR,ERR,ERR,ERR,ERR,ERR,ERR,ERR,ERR,ERR,ERR,ERR,ERR,ERR,ERR,ERR,ERR,ERR,ERR,ERR,ERR,ERR,ERR,ERR,ERR,ERR,ERR,ERR,ERR,ERR,ERR,ERR,ERR,ERR,ERR,ERR,ERR,ERR,ERR,ERR,50.0,60.0,100,0.0,0.0,0.0,0.0,0.0,0.0,0.0,0.0,0.0,0.0,0.0,0.0,0.0,0.0,0.0,0.0,61.6,65,19,65521,50,65476,0,300,0,0,8,20529,65476,0,0,26214,60.0,0.0,0.0,0.0,0.0,0.0
2026-05-17T16:02:47,ERR,ERR,ERR,ERR,ERR,ERR,ERR,ERR,ERR,ERR,ERR,ERR,ERR,ERR,ERR,ERR,ERR,ERR,ERR,ERR,ERR,ERR,ERR,ERR,ERR,ERR,ERR,ERR,ERR,ERR,ERR,ERR,ERR,ERR,ERR,ERR,ERR,ERR,ERR,ERR,ERR,ERR,ERR,ERR,ERR,ERR,ERR,ERR,ERR,ERR,ERR,ERR,ERR,ERR,ERR,ERR,ERR,ERR,ERR,ERR,ERR,ERR,ERR,ERR,ERR,ERR,ERR,ERR,ERR,ERR,ERR,ERR,ERR,ERR,ERR,ERR,ERR,ERR,ERR,ERR,ERR,ERR,ERR,ERR,ERR,ERR,ERR,ERR,ERR,ERR,ERR,ERR,ERR,ERR,ERR,ERR,ERR,ERR,ERR,ERR,ERR,ERR,ERR,ERR,ERR,ERR,ERR,ERR,ERR,ERR,ERR,ERR,ERR,ERR,ERR,ERR,ERR,ERR,ERR,ERR,ERR,ERR,ERR,ERR,ERR,0.0,-0.0,-0.0,0.0,0.0,1.3936040501711995e+18,7.805,0.0,0,0,4,0,8422,0.0,45,0.0,0.0,0.0,0.0,0.0,0,0,0,0,0.0,0,0,0,0,0,0,0,0,0,0,0,0,0,0,0,0,0,0,0,0,0,0,0,0,0,0,0,0,0,0,0,0,0,38,14,7,45,65476,0,300,0,0,8,21553,0.0,-107605600.0,0.0,0.0,0.0,0.0,0.0,0.0,0.0,0.0,0.0,0.0,0.0,0.0,0.0,0.0,0.0,0.0,0.0,0.0,0.0,0.0,-2.004,-0.0,2.004,-2.004,0.0,0.0,0.0,0.0,5034.0,0.0,0.0,0.0,-0.0,-107615272.0,2.718429120148166e+23,0.0,0.0,0.0,0.0,53,0.059,-4.9504015179484054e+32,0.0,0.0,0.0,0.0,0.0,0.0,0.0,0,0,0,0.0,0.0,0.0,0.0,0.0,0.0,0.0,0.0,0.0,0.0,0.0,0.0,0.0,0.0,0.0,0.0,0,-107875648.0,53,0.0,106,-107614832.0,0.0,ERR,ERR,ERR,ERR,ERR,ERR,ERR,ERR,ERR,ERR,ERR,ERR,ERR,ERR,ERR,ERR,ERR,ERR,ERR,ERR,ERR,ERR,ERR,ERR,ERR,ERR,ERR,ERR,ERR,ERR,ERR,ERR,ERR,ERR,ERR,ERR,ERR,ERR,ERR,ERR,ERR,ERR,ERR,ERR,ERR,ERR,ERR,ERR,ERR,ERR,ERR,ERR,ERR,ERR,ERR,ERR,ERR,ERR,ERR,ERR,ERR,ERR,ERR,ERR,ERR,ERR,ERR,50.0,60.0,100,0.0,0.0,0.0,0.0,0.0,0.0,0.0,0.0,0.0,0.0,0.0,0.0,0.0,0.0,0.0,0.0,62.0,65,19,65521,50,65476,0,300,0,0,8,20529,65476,0,0,26214,60.0,0.0,0.0,0.0,0.0,0.0
2026-05-17T16:02:48,ERR,ERR,ERR,ERR,ERR,ERR,ERR,ERR,ERR,ERR,ERR,ERR,ERR,ERR,ERR,ERR,ERR,ERR,ERR,ERR,ERR,ERR,ERR,ERR,ERR,ERR,ERR,ERR,ERR,ERR,ERR,ERR,ERR,ERR,ERR,ERR,ERR,ERR,ERR,ERR,ERR,ERR,ERR,ERR,ERR,ERR,ERR,ERR,ERR,ERR,ERR,ERR,ERR,ERR,ERR,ERR,ERR,ERR,ERR,ERR,ERR,ERR,ERR,ERR,ERR,ERR,ERR,ERR,ERR,ERR,ERR,ERR,ERR,ERR,ERR,ERR,ERR,ERR,ERR,ERR,ERR,ERR,ERR,ERR,ERR,ERR,ERR,ERR,ERR,ERR,ERR,ERR,ERR,ERR,ERR,ERR,ERR,ERR,ERR,ERR,ERR,ERR,ERR,ERR,ERR,ERR,ERR,ERR,ERR,ERR,ERR,ERR,ERR,ERR,ERR,ERR,ERR,ERR,ERR,ERR,ERR,ERR,ERR,ERR,ERR,0.0,-0.0,-0.0,0.0,0.0,1.3936040501711995e+18,7.805,0.0,0,0,4,0,8422,0.0,45,0.0,0.0,0.0,0.0,0.0,0,0,0,0,0.0,0,0,0,0,0,0,0,0,0,0,0,0,0,0,0,0,0,0,0,0,0,0,0,0,0,0,0,0,0,0,0,0,0,38,14,7,45,65476,0,300,0,0,8,21553,0.0,-107605600.0,0.0,0.0,0.0,0.0,0.0,0.0,0.0,0.0,0.0,0.0,0.0,0.0,0.0,0.0,0.0,0.0,0.0,0.0,0.0,0.0,-2.004,-0.0,2.004,-2.004,0.0,0.0,0.0,0.0,5034.0,0.0,0.0,0.0,-0.0,-107615272.0,2.718429120148166e+23,0.0,0.0,0.0,0.0,53,0.059,-4.9504015179484054e+32,0.0,0.0,0.0,0.0,0.0,0.0,0.0,0,0,0,0.0,0.0,0.0,0.0,0.0,0.0,0.0,0.0,0.0,0.0,0.0,0.0,0.0,0.0,0.0,0.0,0,-107875648.0,53,0.0,106,-107614832.0,0.0,ERR,ERR,ERR,ERR,ERR,ERR,ERR,ERR,ERR,ERR,ERR,ERR,ERR,ERR,ERR,ERR,ERR,ERR,ERR,ERR,ERR,ERR,ERR,ERR,ERR,ERR,ERR,ERR,ERR,ERR,ERR,ERR,ERR,ERR,ERR,ERR,ERR,ERR,ERR,ERR,ERR,ERR,ERR,ERR,ERR,ERR,ERR,ERR,ERR,ERR,ERR,ERR,ERR,ERR,ERR,ERR,ERR,ERR,ERR,ERR,ERR,ERR,ERR,ERR,ERR,ERR,ERR,50.0,60.0,100,0.0,0.0,0.0,0.0,0.0,0.0,0.0,0.0,0.0,0.0,0.0,0.0,0.0,0.0,0.0,0.0,62.0,65,19,65521,50,65476,0,300,0,0,8,20529,65476,0,0,26214,60.0,0.0,0.0,0.0,0.0,0.0
2026-05-17T16:02:49,ERR,ERR,ERR,ERR,ERR,ERR,ERR,ERR,ERR,ERR,ERR,ERR,ERR,ERR,ERR,ERR,ERR,ERR,ERR,ERR,ERR,ERR,ERR,ERR,ERR,ERR,ERR,ERR,ERR,ERR,ERR,ERR,ERR,ERR,ERR,ERR,ERR,ERR,ERR,ERR,ERR,ERR,ERR,ERR,ERR,ERR,ERR,ERR,ERR,ERR,ERR,ERR,ERR,ERR,ERR,ERR,ERR,ERR,ERR,ERR,ERR,ERR,ERR,ERR,ERR,ERR,ERR,ERR,ERR,ERR,ERR,ERR,ERR,ERR,ERR,ERR,ERR,ERR,ERR,ERR,ERR,ERR,ERR,ERR,ERR,ERR,ERR,ERR,ERR,ERR,ERR,ERR,ERR,ERR,ERR,ERR,ERR,ERR,ERR,ERR,ERR,ERR,ERR,ERR,ERR,ERR,ERR,ERR,ERR,ERR,ERR,ERR,ERR,ERR,ERR,ERR,ERR,ERR,ERR,ERR,ERR,ERR,ERR,ERR,ERR,0.0,-0.0,-0.0,0.0,0.0,1.3936040501711995e+18,7.805,0.0,0,0,4,0,8422,0.0,45,0.0,0.0,0.0,0.0,0.0,0,0,0,0,0.0,0,0,0,0,0,0,0,0,0,0,0,0,0,0,0,0,0,0,0,0,0,0,0,0,0,0,0,0,0,0,0,0,0,38,14,7,45,65476,0,300,0,0,8,21553,0.0,-107605600.0,0.0,0.0,0.0,0.0,0.0,0.0,0.0,0.0,0.0,0.0,0.0,0.0,0.0,0.0,0.0,0.0,0.0,0.0,0.0,0.0,-2.004,-0.0,2.004,-2.004,0.0,0.0,0.0,0.0,4998.0,-131350.438,0.0,0.0,-0.0,-107615272.0,2.718429120148166e+23,0.0,0.0,0.0,0.0,53,0.0,-0.0,0.0,0.0,0.0,0.0,0.0,0.0,0.0,0,0,0,0.0,0.0,0.0,0.0,0.0,0.0,0.0,0.0,0.0,0.0,0.0,0.0,0.0,0.0,0.0,0.0,0,-107875648.0,53,0.0,106,-107614832.0,0.0,ERR,ERR,ERR,ERR,ERR,ERR,ERR,ERR,ERR,ERR,ERR,ERR,ERR,ERR,ERR,ERR,ERR,ERR,ERR,ERR,ERR,ERR,ERR,ERR,ERR,ERR,ERR,ERR,ERR,ERR,ERR,ERR,ERR,ERR,ERR,ERR,ERR,ERR,ERR,ERR,ERR,ERR,ERR,ERR,ERR,ERR,ERR,ERR,ERR,ERR,ERR,ERR,ERR,ERR,ERR,ERR,ERR,ERR,ERR,ERR,ERR,ERR,ERR,ERR,ERR,ERR,ERR,50.0,60.0,100,0.0,0.0,0.0,0.0,0.0,0.0,0.0,0.0,0.0,0.0,0.0,0.0,0.0,0.0,0.0,0.0,61.6,65,19,65521,50,65476,0,300,0,0,8,20529,65476,0,0,26214,60.0,0.0,0.0,0.0,0.0,0.0
2026-05-17T16:02:50,ERR,ERR,ERR,ERR,ERR,ERR,ERR,ERR,ERR,ERR,ERR,ERR,ERR,ERR,ERR,ERR,ERR,ERR,ERR,ERR,ERR,ERR,ERR,ERR,ERR,ERR,ERR,ERR,ERR,ERR,ERR,ERR,ERR,ERR,ERR,ERR,ERR,ERR,ERR,ERR,ERR,ERR,ERR,ERR,ERR,ERR,ERR,ERR,ERR,ERR,ERR,ERR,ERR,ERR,ERR,ERR,ERR,ERR,ERR,ERR,ERR,ERR,ERR,ERR,ERR,ERR,ERR,ERR,ERR,ERR,ERR,ERR,ERR,ERR,ERR,ERR,ERR,ERR,ERR,ERR,ERR,ERR,ERR,ERR,ERR,ERR,ERR,ERR,ERR,ERR,ERR,ERR,ERR,ERR,ERR,ERR,ERR,ERR,ERR,ERR,ERR,ERR,ERR,ERR,ERR,ERR,ERR,ERR,ERR,ERR,ERR,ERR,ERR,ERR,ERR,ERR,ERR,ERR,ERR,ERR,ERR,ERR,ERR,ERR,ERR,0.0,-0.0,-0.0,0.0,0.0,1.3936040501711995e+18,7.805,0.0,0,0,4,0,8422,0.0,45,0.0,0.0,0.0,0.0,0.0,0,0,0,0,0.0,0,0,0,0,0,0,0,0,0,0,0,0,0,0,0,0,0,0,0,0,0,0,0,0,0,0,0,0,0,0,0,0,0,38,14,7,45,65476,0,300,0,0,8,21553,0.0,-107605600.0,0.0,0.0,0.0,0.0,0.0,0.0,0.0,0.0,0.0,0.0,0.0,0.0,0.0,0.0,0.0,0.0,0.0,0.0,0.0,0.0,-2.004,-0.0,2.004,-2.004,0.0,0.0,0.0,0.0,4998.0,-131350.438,0.0,0.0,-0.0,-107615272.0,2.718429120148166e+23,0.0,0.0,0.0,0.0,53,0.0,-0.0,0.0,0.0,0.0,0.0,0.0,0.0,0.0,0,0,0,0.0,0.0,0.0,0.0,0.0,0.0,0.0,0.0,0.0,0.0,0.0,0.0,0.0,0.0,0.0,0.0,0,-107875648.0,53,0.0,106,-107614832.0,0.0,ERR,ERR,ERR,ERR,ERR,ERR,ERR,ERR,ERR,ERR,ERR,ERR,ERR,ERR,ERR,ERR,ERR,ERR,ERR,ERR,ERR,ERR,ERR,ERR,ERR,ERR,ERR,ERR,ERR,ERR,ERR,ERR,ERR,ERR,ERR,ERR,ERR,ERR,ERR,ERR,ERR,ERR,ERR,ERR,ERR,ERR,ERR,ERR,ERR,ERR,ERR,ERR,ERR,ERR,ERR,ERR,ERR,ERR,ERR,ERR,ERR,ERR,ERR,ERR,ERR,ERR,ERR,50.0,60.0,100,0.0,0.0,0.0,0.0,0.0,0.0,0.0,0.0,0.0,0.0,0.0,0.0,0.0,0.0,0.0,0.0,61.6,65,19,65521,50,65476,0,300,0,0,8,20529,65476,0,0,26214,60.0,0.0,0.0,0.0,0.0,0.0
2026-05-17T16:02:51,ERR,ERR,ERR,ERR,ERR,ERR,ERR,ERR,ERR,ERR,ERR,ERR,ERR,ERR,ERR,ERR,ERR,ERR,ERR,ERR,ERR,ERR,ERR,ERR,ERR,ERR,ERR,ERR,ERR,ERR,ERR,ERR,ERR,ERR,ERR,ERR,ERR,ERR,ERR,ERR,ERR,ERR,ERR,ERR,ERR,ERR,ERR,ERR,ERR,ERR,ERR,ERR,ERR,ERR,ERR,ERR,ERR,ERR,ERR,ERR,ERR,ERR,ERR,ERR,ERR,ERR,ERR,ERR,ERR,ERR,ERR,ERR,ERR,ERR,ERR,ERR,ERR,ERR,ERR,ERR,ERR,ERR,ERR,ERR,ERR,ERR,ERR,ERR,ERR,ERR,ERR,ERR,ERR,ERR,ERR,ERR,ERR,ERR,ERR,ERR,ERR,ERR,ERR,ERR,ERR,ERR,ERR,ERR,ERR,ERR,ERR,ERR,ERR,ERR,ERR,ERR,ERR,ERR,ERR,ERR,ERR,ERR,ERR,ERR,ERR,0.0,-0.0,-0.0,0.0,0.0,1.3936040501711995e+18,7.805,0.0,0,0,4,0,8422,0.0,45,0.0,0.0,0.0,0.0,0.0,0,0,0,0,0.0,0,0,0,0,0,0,0,0,0,0,0,0,0,0,0,0,0,0,0,0,0,0,0,0,0,0,0,0,0,0,0,0,0,38,14,7,45,65476,0,300,0,0,8,21553,0.0,-107605600.0,0.0,0.0,0.0,0.0,0.0,0.0,0.0,0.0,0.0,0.0,0.0,0.0,0.0,0.0,0.0,0.0,0.0,0.0,0.0,0.0,-2.004,-0.0,2.004,-2.004,0.0,0.0,0.0,0.0,4998.0,-131350.438,0.0,0.0,-0.0,-107615272.0,2.718429120148166e+23,0.0,0.0,0.0,0.0,53,0.0,-0.0,0.0,0.0,0.0,0.0,0.0,0.0,0.0,0,0,0,0.0,0.0,0.0,0.0,0.0,0.0,0.0,0.0,0.0,0.0,0.0,0.0,0.0,0.0,0.0,0.0,0,-107875648.0,53,0.0,106,-107614832.0,0.0,ERR,ERR,ERR,ERR,ERR,ERR,ERR,ERR,ERR,ERR,ERR,ERR,ERR,ERR,ERR,ERR,ERR,ERR,ERR,ERR,ERR,ERR,ERR,ERR,ERR,ERR,ERR,ERR,ERR,ERR,ERR,ERR,ERR,ERR,ERR,ERR,ERR,ERR,ERR,ERR,ERR,ERR,ERR,ERR,ERR,ERR,ERR,ERR,ERR,ERR,ERR,ERR,ERR,ERR,ERR,ERR,ERR,ERR,ERR,ERR,ERR,ERR,ERR,ERR,ERR,ERR,ERR,50.0,60.0,100,0.0,0.0,0.0,0.0,0.0,0.0,0.0,0.0,0.0,0.0,0.0,0.0,0.0,0.0,0.0,0.0,61.6,65,19,65521,50,65476,0,300,0,0,8,20529,65476,0,0,26214,60.0,0.0,0.0,0.0,0.0,0.0
2026-05-17T16:02:52,ERR,ERR,ERR,ERR,ERR,ERR,ERR,ERR,ERR,ERR,ERR,ERR,ERR,ERR,ERR,ERR,ERR,ERR,ERR,ERR,ERR,ERR,ERR,ERR,ERR,ERR,ERR,ERR,ERR,ERR,ERR,ERR,ERR,ERR,ERR,ERR,ERR,ERR,ERR,ERR,ERR,ERR,ERR,ERR,ERR,ERR,ERR,ERR,ERR,ERR,ERR,ERR,ERR,ERR,ERR,ERR,ERR,ERR,ERR,ERR,ERR,ERR,ERR,ERR,ERR,ERR,ERR,ERR,ERR,ERR,ERR,ERR,ERR,ERR,ERR,ERR,ERR,ERR,ERR,ERR,ERR,ERR,ERR,ERR,ERR,ERR,ERR,ERR,ERR,ERR,ERR,ERR,ERR,ERR,ERR,ERR,ERR,ERR,ERR,ERR,ERR,ERR,ERR,ERR,ERR,ERR,ERR,ERR,ERR,ERR,ERR,ERR,ERR,ERR,ERR,ERR,ERR,ERR,ERR,ERR,ERR,ERR,ERR,ERR,ERR,0.0,-0.0,-0.0,0.0,0.0,1.3936040501711995e+18,7.805,0.0,0,0,4,0,8422,0.0,45,0.0,0.0,0.0,0.0,0.0,0,0,0,0,0.0,0,0,0,0,0,0,0,0,0,0,0,0,0,0,0,0,0,0,0,0,0,0,0,0,0,0,0,0,0,0,0,0,0,38,14,7,45,65476,0,300,0,0,8,21553,0.0,-107605600.0,0.0,0.0,0.0,0.0,0.0,0.0,0.0,0.0,0.0,0.0,0.0,0.0,0.0,0.0,0.0,0.0,0.0,0.0,0.0,0.0,-2.004,-0.0,2.004,-2.004,0.0,0.0,0.0,0.0,4998.0,-131350.438,0.0,0.0,-0.0,-107615272.0,2.718429120148166e+23,0.0,0.0,0.0,0.0,53,0.0,-0.0,0.0,0.0,0.0,0.0,0.0,0.0,0.0,0,0,0,0.0,0.0,0.0,0.0,0.0,0.0,0.0,0.0,0.0,0.0,0.0,0.0,0.0,0.0,0.0,0.0,0,-107875648.0,53,0.0,106,-107614832.0,0.0,ERR,ERR,ERR,ERR,ERR,ERR,ERR,ERR,ERR,ERR,ERR,ERR,ERR,ERR,ERR,ERR,ERR,ERR,ERR,ERR,ERR,ERR,ERR,ERR,ERR,ERR,ERR,ERR,ERR,ERR,ERR,ERR,ERR,ERR,ERR,ERR,ERR,ERR,ERR,ERR,ERR,ERR,ERR,ERR,ERR,ERR,ERR,ERR,ERR,ERR,ERR,ERR,ERR,ERR,ERR,ERR,ERR,ERR,ERR,ERR,ERR,ERR,ERR,ERR,ERR,ERR,ERR,50.0,60.0,100,0.0,0.0,0.0,0.0,0.0,0.0,0.0,0.0,0.0,0.0,0.0,0.0,0.0,0.0,0.0,0.0,61.6,65,19,65520,50,65476,0,300,0,0,8,20529,65476,0,0,26214,60.0,0.0,0.0,0.0,0.0,0.0
2026-05-17T16:02:53,ERR,ERR,ERR,ERR,ERR,ERR,ERR,ERR,ERR,ERR,ERR,ERR,ERR,ERR,ERR,ERR,ERR,ERR,ERR,ERR,ERR,ERR,ERR,ERR,ERR,ERR,ERR,ERR,ERR,ERR,ERR,ERR,ERR,ERR,ERR,ERR,ERR,ERR,ERR,ERR,ERR,ERR,ERR,ERR,ERR,ERR,ERR,ERR,ERR,ERR,ERR,ERR,ERR,ERR,ERR,ERR,ERR,ERR,ERR,ERR,ERR,ERR,ERR,ERR,ERR,ERR,ERR,ERR,ERR,ERR,ERR,ERR,ERR,ERR,ERR,ERR,ERR,ERR,ERR,ERR,ERR,ERR,ERR,ERR,ERR,ERR,ERR,ERR,ERR,ERR,ERR,ERR,ERR,ERR,ERR,ERR,ERR,ERR,ERR,ERR,ERR,ERR,ERR,ERR,ERR,ERR,ERR,ERR,ERR,ERR,ERR,ERR,ERR,ERR,ERR,ERR,ERR,ERR,ERR,ERR,ERR,ERR,ERR,ERR,ERR,0.0,-0.0,-0.0,0.0,0.0,1.3936040501711995e+18,7.805,0.0,0,0,4,0,8422,0.0,45,0.0,0.0,0.0,0.0,0.0,0,0,0,0,0.0,0,0,0,0,0,0,0,0,0,0,0,0,0,0,0,0,0,0,0,0,0,0,0,0,0,0,0,0,0,0,0,0,0,38,14,7,45,65476,0,300,0,0,8,21553,0.0,-107605600.0,0.0,0.0,0.0,0.0,0.0,0.0,0.0,0.0,0.0,0.0,0.0,0.0,0.0,0.0,0.0,0.0,0.0,0.0,0.0,0.0,-2.004,-0.0,2.004,-2.004,0.0,0.0,0.0,0.0,4998.0,-131350.438,0.0,0.0,-0.0,-107615272.0,2.718429120148166e+23,0.0,0.0,0.0,0.0,53,0.0,-0.0,0.0,0.0,0.0,0.0,0.0,0.0,0.0,0,0,0,0.0,0.0,0.0,0.0,0.0,0.0,0.0,0.0,0.0,0.0,0.0,0.0,0.0,0.0,0.0,0.0,0,-107875648.0,53,0.0,106,-107614832.0,0.0,ERR,ERR,ERR,ERR,ERR,ERR,ERR,ERR,ERR,ERR,ERR,ERR,ERR,ERR,ERR,ERR,ERR,ERR,ERR,ERR,ERR,ERR,ERR,ERR,ERR,ERR,ERR,ERR,ERR,ERR,ERR,ERR,ERR,ERR,ERR,ERR,ERR,ERR,ERR,ERR,ERR,ERR,ERR,ERR,ERR,ERR,ERR,ERR,ERR,ERR,ERR,ERR,ERR,ERR,ERR,ERR,ERR,ERR,ERR,ERR,ERR,ERR,ERR,ERR,ERR,ERR,ERR,50.0,60.0,100,0.0,0.0,0.0,0.0,0.0,0.0,0.0,0.0,0.0,0.0,0.0,0.0,0.0,0.0,0.0,0.0,61.6,65,19,65520,50,65476,0,300,0,0,8,20529,65476,0,0,26214,60.0,0.0,0.0,0.0,0.0,0.0
2026-05-17T16:02:54,ERR,ERR,ERR,ERR,ERR,ERR,ERR,ERR,ERR,ERR,ERR,ERR,ERR,ERR,ERR,ERR,ERR,ERR,ERR,ERR,ERR,ERR,ERR,ERR,ERR,ERR,ERR,ERR,ERR,ERR,ERR,ERR,ERR,ERR,ERR,ERR,ERR,ERR,ERR,ERR,ERR,ERR,ERR,ERR,ERR,ERR,ERR,ERR,ERR,ERR,ERR,ERR,ERR,ERR,ERR,ERR,ERR,ERR,ERR,ERR,ERR,ERR,ERR,ERR,ERR,ERR,ERR,ERR,ERR,ERR,ERR,ERR,ERR,ERR,ERR,ERR,ERR,ERR,ERR,ERR,ERR,ERR,ERR,ERR,ERR,ERR,ERR,ERR,ERR,ERR,ERR,ERR,ERR,ERR,ERR,ERR,ERR,ERR,ERR,ERR,ERR,ERR,ERR,ERR,ERR,ERR,ERR,ERR,ERR,ERR,ERR,ERR,ERR,ERR,ERR,ERR,ERR,ERR,ERR,ERR,ERR,ERR,ERR,ERR,ERR,0.0,-0.0,-0.0,0.0,0.0,1.3936040501711995e+18,7.805,0.0,0,0,4,0,8422,0.0,45,0.0,0.0,0.0,0.0,0.0,0,0,0,0,0.0,0,0,0,0,0,0,0,0,0,0,0,0,0,0,0,0,0,0,0,0,0,0,0,0,0,0,0,0,0,0,0,0,0,38,14,7,45,65476,0,300,0,0,8,21553,0.0,-107605600.0,0.0,0.0,0.0,0.0,0.0,0.0,0.0,0.0,0.0,0.0,0.0,0.0,0.0,0.0,0.0,0.0,0.0,0.0,0.0,0.0,-2.004,-0.0,2.004,-2.004,0.0,0.0,0.0,0.0,5029.0,0.0,0.0,0.0,-0.0,-107615272.0,2.718429120148166e+23,0.0,0.0,0.0,0.0,53,0.0,0.0,0.0,0.0,0.0,0.0,0.0,0.0,0.0,0,0,0,0.0,0.0,0.0,0.0,0.0,0.0,0.0,0.0,0.0,0.0,0.0,0.0,0.0,0.0,0.0,0.0,0,-107875648.0,53,0.0,106,-107614832.0,0.0,ERR,ERR,ERR,ERR,ERR,ERR,ERR,ERR,ERR,ERR,ERR,ERR,ERR,ERR,ERR,ERR,ERR,ERR,ERR,ERR,ERR,ERR,ERR,ERR,ERR,ERR,ERR,ERR,ERR,ERR,ERR,ERR,ERR,ERR,ERR,ERR,ERR,ERR,ERR,ERR,ERR,ERR,ERR,ERR,ERR,ERR,ERR,ERR,ERR,ERR,ERR,ERR,ERR,ERR,ERR,ERR,ERR,ERR,ERR,ERR,ERR,ERR,ERR,ERR,ERR,ERR,ERR,50.0,60.0,100,0.0,0.0,0.0,0.0,0.0,0.0,0.0,0.0,0.0,0.0,0.0,0.0,0.0,0.0,0.0,0.0,61.6,65,19,65520,50,65476,0,300,0,0,8,20529,65476,0,0,26214,60.0,0.0,0.0,0.0,0.0,0.0
2026-05-17T16:02:55,ERR,ERR,ERR,ERR,ERR,ERR,ERR,ERR,ERR,ERR,ERR,ERR,ERR,ERR,ERR,ERR,ERR,ERR,ERR,ERR,ERR,ERR,ERR,ERR,ERR,ERR,ERR,ERR,ERR,ERR,ERR,ERR,ERR,ERR,ERR,ERR,ERR,ERR,ERR,ERR,ERR,ERR,ERR,ERR,ERR,ERR,ERR,ERR,ERR,ERR,ERR,ERR,ERR,ERR,ERR,ERR,ERR,ERR,ERR,ERR,ERR,ERR,ERR,ERR,ERR,ERR,ERR,ERR,ERR,ERR,ERR,ERR,ERR,ERR,ERR,ERR,ERR,ERR,ERR,ERR,ERR,ERR,ERR,ERR,ERR,ERR,ERR,ERR,ERR,ERR,ERR,ERR,ERR,ERR,ERR,ERR,ERR,ERR,ERR,ERR,ERR,ERR,ERR,ERR,ERR,ERR,ERR,ERR,ERR,ERR,ERR,ERR,ERR,ERR,ERR,ERR,ERR,ERR,ERR,ERR,ERR,ERR,ERR,ERR,ERR,0.0,-0.0,-0.0,0.0,0.0,1.3936040501711995e+18,7.805,0.0,0,0,4,0,8422,0.0,45,0.0,0.0,0.0,0.0,0.0,0,0,0,0,0.0,0,0,0,0,0,0,0,0,0,0,0,0,0,0,0,0,0,0,0,0,0,0,0,0,0,0,0,0,0,0,0,0,0,38,14,7,45,65476,0,300,0,0,8,21553,0.0,-107605600.0,0.0,0.0,0.0,0.0,0.0,0.0,0.0,0.0,0.0,0.0,0.0,0.0,0.0,0.0,0.0,0.0,0.0,0.0,0.0,0.0,-2.004,-0.0,2.004,-2.004,0.0,0.0,0.0,0.0,5029.0,0.0,0.0,0.0,-0.0,-107615272.0,2.718429120148166e+23,0.0,0.0,0.0,0.0,53,0.0,0.0,0.0,0.0,0.0,0.0,0.0,0.0,0.0,0,0,0,0.0,0.0,0.0,0.0,0.0,0.0,0.0,0.0,0.0,0.0,0.0,0.0,0.0,0.0,0.0,0.0,0,-107875648.0,53,0.0,106,-107614832.0,0.0,ERR,ERR,ERR,ERR,ERR,ERR,ERR,ERR,ERR,ERR,ERR,ERR,ERR,ERR,ERR,ERR,ERR,ERR,ERR,ERR,ERR,ERR,ERR,ERR,ERR,ERR,ERR,ERR,ERR,ERR,ERR,ERR,ERR,ERR,ERR,ERR,ERR,ERR,ERR,ERR,ERR,ERR,ERR,ERR,ERR,ERR,ERR,ERR,ERR,ERR,ERR,ERR,ERR,ERR,ERR,ERR,ERR,ERR,ERR,ERR,ERR,ERR,ERR,ERR,ERR,ERR,ERR,50.0,60.0,100,0.0,0.0,0.0,0.0,0.0,0.0,0.0,0.0,0.0,0.0,0.0,0.0,0.0,0.0,0.0,0.0,61.6,65,19,65520,50,65476,0,300,0,0,8,20529,65476,0,0,26214,60.0,0.0,0.0,0.0,0.0,0.0
2026-05-17T16:02:56,ERR,ERR,ERR,ERR,ERR,ERR,ERR,ERR,ERR,ERR,ERR,ERR,ERR,ERR,ERR,ERR,ERR,ERR,ERR,ERR,ERR,ERR,ERR,ERR,ERR,ERR,ERR,ERR,ERR,ERR,ERR,ERR,ERR,ERR,ERR,ERR,ERR,ERR,ERR,ERR,ERR,ERR,ERR,ERR,ERR,ERR,ERR,ERR,ERR,ERR,ERR,ERR,ERR,ERR,ERR,ERR,ERR,ERR,ERR,ERR,ERR,ERR,ERR,ERR,ERR,ERR,ERR,ERR,ERR,ERR,ERR,ERR,ERR,ERR,ERR,ERR,ERR,ERR,ERR,ERR,ERR,ERR,ERR,ERR,ERR,ERR,ERR,ERR,ERR,ERR,ERR,ERR,ERR,ERR,ERR,ERR,ERR,ERR,ERR,ERR,ERR,ERR,ERR,ERR,ERR,ERR,ERR,ERR,ERR,ERR,ERR,ERR,ERR,ERR,ERR,ERR,ERR,ERR,ERR,ERR,ERR,ERR,ERR,ERR,ERR,0.0,-0.0,-0.0,0.0,0.0,1.3936040501711995e+18,7.805,0.0,0,0,4,0,8422,0.0,45,0.0,0.0,0.0,0.0,0.0,0,0,0,0,0.0,0,0,0,0,0,0,0,0,0,0,0,0,0,0,0,0,0,0,0,0,0,0,0,0,0,0,0,0,0,0,0,0,0,38,14,7,45,65476,0,300,0,0,8,21553,0.0,-107605600.0,0.0,0.0,0.0,0.0,0.0,0.0,0.0,0.0,0.0,0.0,0.0,0.0,0.0,0.0,0.0,0.0,0.0,0.0,0.0,0.0,-2.004,-0.0,2.004,-2.004,0.0,0.0,0.0,0.0,5029.0,0.0,0.0,0.0,-0.0,-107615272.0,2.718429120148166e+23,0.0,0.0,0.0,0.0,53,0.0,0.0,0.0,0.0,0.0,0.0,0.0,0.0,0.0,0,0,0,0.0,0.0,0.0,0.0,0.0,0.0,0.0,0.0,0.0,0.0,0.0,0.0,0.0,0.0,0.0,0.0,0,-107875648.0,53,0.0,106,-107614832.0,0.0,ERR,ERR,ERR,ERR,ERR,ERR,ERR,ERR,ERR,ERR,ERR,ERR,ERR,ERR,ERR,ERR,ERR,ERR,ERR,ERR,ERR,ERR,ERR,ERR,ERR,ERR,ERR,ERR,ERR,ERR,ERR,ERR,ERR,ERR,ERR,ERR,ERR,ERR,ERR,ERR,ERR,ERR,ERR,ERR,ERR,ERR,ERR,ERR,ERR,ERR,ERR,ERR,ERR,ERR,ERR,ERR,ERR,ERR,ERR,ERR,ERR,ERR,ERR,ERR,ERR,ERR,ERR,50.0,60.0,100,0.0,0.0,0.0,0.0,0.0,0.0,0.0,0.0,0.0,0.0,0.0,0.0,0.0,0.0,0.0,0.0,61.6,65,19,65520,50,65476,0,300,0,0,8,20529,65476,0,0,26214,60.0,0.0,0.0,0.0,0.0,0.0
2026-05-17T16:02:57,ERR,ERR,ERR,ERR,ERR,ERR,ERR,ERR,ERR,ERR,ERR,ERR,ERR,ERR,ERR,ERR,ERR,ERR,ERR,ERR,ERR,ERR,ERR,ERR,ERR,ERR,ERR,ERR,ERR,ERR,ERR,ERR,ERR,ERR,ERR,ERR,ERR,ERR,ERR,ERR,ERR,ERR,ERR,ERR,ERR,ERR,ERR,ERR,ERR,ERR,ERR,ERR,ERR,ERR,ERR,ERR,ERR,ERR,ERR,ERR,ERR,ERR,ERR,ERR,ERR,ERR,ERR,ERR,ERR,ERR,ERR,ERR,ERR,ERR,ERR,ERR,ERR,ERR,ERR,ERR,ERR,ERR,ERR,ERR,ERR,ERR,ERR,ERR,ERR,ERR,ERR,ERR,ERR,ERR,ERR,ERR,ERR,ERR,ERR,ERR,ERR,ERR,ERR,ERR,ERR,ERR,ERR,ERR,ERR,ERR,ERR,ERR,ERR,ERR,ERR,ERR,ERR,ERR,ERR,ERR,ERR,ERR,ERR,ERR,ERR,0.0,-0.0,-0.0,0.0,0.0,1.3936040501711995e+18,7.805,0.0,0,0,4,0,8422,0.0,45,0.0,0.0,0.0,0.0,0.0,0,0,0,0,0.0,0,0,0,0,0,0,0,0,0,0,0,0,0,0,0,0,0,0,0,0,0,0,0,0,0,0,0,0,0,0,0,0,0,38,14,7,45,65476,0,300,0,0,8,21553,0.0,-107605600.0,0.0,0.0,0.0,0.0,0.0,0.0,0.0,0.0,0.0,0.0,0.0,0.0,0.0,0.0,0.0,0.0,0.0,0.0,0.0,0.0,-2.004,-0.0,2.004,-2.004,0.0,0.0,0.0,0.0,5029.0,0.0,0.0,0.0,-0.0,-107615272.0,2.718429120148166e+23,0.0,0.0,0.0,0.0,53,0.0,0.0,0.0,0.0,0.0,0.0,0.0,0.0,0.0,0,0,0,0.0,0.0,0.0,0.0,0.0,0.0,0.0,0.0,0.0,0.0,0.0,0.0,0.0,0.0,0.0,0.0,0,-107875648.0,53,0.0,106,-107614832.0,0.0,ERR,ERR,ERR,ERR,ERR,ERR,ERR,ERR,ERR,ERR,ERR,ERR,ERR,ERR,ERR,ERR,ERR,ERR,ERR,ERR,ERR,ERR,ERR,ERR,ERR,ERR,ERR,ERR,ERR,ERR,ERR,ERR,ERR,ERR,ERR,ERR,ERR,ERR,ERR,ERR,ERR,ERR,ERR,ERR,ERR,ERR,ERR,ERR,ERR,ERR,ERR,ERR,ERR,ERR,ERR,ERR,ERR,ERR,ERR,ERR,ERR,ERR,ERR,ERR,ERR,ERR,ERR,50.0,60.0,100,0.0,0.0,0.0,0.0,0.0,0.0,0.0,0.0,0.0,0.0,0.0,0.0,0.0,0.0,0.0,0.0,61.6,65,19,65520,50,65476,0,300,0,0,8,20529,65476,0,0,26214,60.0,0.0,0.0,0.0,0.0,0.0
2026-05-17T16:02:58,ERR,ERR,ERR,ERR,ERR,ERR,ERR,ERR,ERR,ERR,ERR,ERR,ERR,ERR,ERR,ERR,ERR,ERR,ERR,ERR,ERR,ERR,ERR,ERR,ERR,ERR,ERR,ERR,ERR,ERR,ERR,ERR,ERR,ERR,ERR,ERR,ERR,ERR,ERR,ERR,ERR,ERR,ERR,ERR,ERR,ERR,ERR,ERR,ERR,ERR,ERR,ERR,ERR,ERR,ERR,ERR,ERR,ERR,ERR,ERR,ERR,ERR,ERR,ERR,ERR,ERR,ERR,ERR,ERR,ERR,ERR,ERR,ERR,ERR,ERR,ERR,ERR,ERR,ERR,ERR,ERR,ERR,ERR,ERR,ERR,ERR,ERR,ERR,ERR,ERR,ERR,ERR,ERR,ERR,ERR,ERR,ERR,ERR,ERR,ERR,ERR,ERR,ERR,ERR,ERR,ERR,ERR,ERR,ERR,ERR,ERR,ERR,ERR,ERR,ERR,ERR,ERR,ERR,ERR,ERR,ERR,ERR,ERR,ERR,ERR,0.0,-0.0,-0.0,0.0,0.0,1.3936040501711995e+18,7.805,0.0,0,0,4,0,8422,0.0,45,0.0,0.0,0.0,0.0,0.0,0,0,0,0,0.0,0,0,0,0,0,0,0,0,0,0,0,0,0,0,0,0,0,0,0,0,0,0,0,0,0,0,0,0,0,0,0,0,0,38,14,7,45,65476,0,300,0,0,8,21553,0.0,-107605600.0,0.0,0.0,0.0,0.0,0.0,0.0,0.0,0.0,0.0,0.0,0.0,0.0,0.0,0.0,0.0,0.0,0.0,0.0,0.0,0.0,-2.004,-0.0,2.004,-2.004,0.0,0.0,0.0,0.0,5029.0,0.0,0.0,0.0,-0.0,-107615272.0,2.718429120148166e+23,0.0,0.0,0.0,0.0,53,0.0,0.0,0.0,0.0,0.0,0.0,0.0,0.0,0.0,0,0,0,0.0,0.0,0.0,0.0,0.0,0.0,0.0,0.0,0.0,0.0,0.0,0.0,0.0,0.0,0.0,0.0,0,-107875648.0,53,0.0,106,-107614832.0,0.0,ERR,ERR,ERR,ERR,ERR,ERR,ERR,ERR,ERR,ERR,ERR,ERR,ERR,ERR,ERR,ERR,ERR,ERR,ERR,ERR,ERR,ERR,ERR,ERR,ERR,ERR,ERR,ERR,ERR,ERR,ERR,ERR,ERR,ERR,ERR,ERR,ERR,ERR,ERR,ERR,ERR,ERR,ERR,ERR,ERR,ERR,ERR,ERR,ERR,ERR,ERR,ERR,ERR,ERR,ERR,ERR,ERR,ERR,ERR,ERR,ERR,ERR,ERR,ERR,ERR,ERR,ERR,50.0,60.0,100,0.0,0.0,0.0,0.0,0.0,0.0,0.0,0.0,0.0,0.0,0.0,0.0,0.0,0.0,0.0,0.0,61.6,65,19,65520,50,65476,0,300,0,0,8,20529,65476,0,0,26214,60.0,0.0,0.0,0.0,0.0,0.0
2026-05-17T16:02:59,ERR,ERR,ERR,ERR,ERR,ERR,ERR,ERR,ERR,ERR,ERR,ERR,ERR,ERR,ERR,ERR,ERR,ERR,ERR,ERR,ERR,ERR,ERR,ERR,ERR,ERR,ERR,ERR,ERR,ERR,ERR,ERR,ERR,ERR,ERR,ERR,ERR,ERR,ERR,ERR,ERR,ERR,ERR,ERR,ERR,ERR,ERR,ERR,ERR,ERR,ERR,ERR,ERR,ERR,ERR,ERR,ERR,ERR,ERR,ERR,ERR,ERR,ERR,ERR,ERR,ERR,ERR,ERR,ERR,ERR,ERR,ERR,ERR,ERR,ERR,ERR,ERR,ERR,ERR,ERR,ERR,ERR,ERR,ERR,ERR,ERR,ERR,ERR,ERR,ERR,ERR,ERR,ERR,ERR,ERR,ERR,ERR,ERR,ERR,ERR,ERR,ERR,ERR,ERR,ERR,ERR,ERR,ERR,ERR,ERR,ERR,ERR,ERR,ERR,ERR,ERR,ERR,ERR,ERR,ERR,ERR,ERR,ERR,ERR,ERR,0.0,-0.0,-0.0,0.0,0.0,1.3936040501711995e+18,7.805,0.0,0,0,4,0,8422,0.0,45,0.0,0.0,0.0,0.0,0.0,0,0,0,0,0.0,0,0,0,0,0,0,0,0,0,0,0,0,0,0,0,0,0,0,0,0,0,0,0,0,0,0,0,0,0,0,0,0,0,38,14,7,45,65476,0,300,0,0,8,21553,0.0,-107605600.0,0.0,0.0,0.0,0.0,0.0,0.0,0.0,0.0,0.0,0.0,0.0,0.0,0.0,0.0,0.0,0.0,0.0,0.0,0.0,0.0,-2.004,-0.0,2.004,-2.004,0.0,0.0,0.0,0.0,5032.0,-0.0,0.0,0.0,-0.0,-107615272.0,2.718429120148166e+23,0.0,0.0,0.0,0.0,53,0.0,-0.0,0.0,0.0,0.0,0.0,0.0,0.0,0.0,0,0,0,0.0,0.0,0.0,0.0,0.0,0.0,0.0,0.0,0.0,0.0,0.0,0.0,0.0,0.0,0.0,0.0,0,-107875648.0,53,0.0,106,-107614832.0,0.0,ERR,ERR,ERR,ERR,ERR,ERR,ERR,ERR,ERR,ERR,ERR,ERR,ERR,ERR,ERR,ERR,ERR,ERR,ERR,ERR,ERR,ERR,ERR,ERR,ERR,ERR,ERR,ERR,ERR,ERR,ERR,ERR,ERR,ERR,ERR,ERR,ERR,ERR,ERR,ERR,ERR,ERR,ERR,ERR,ERR,ERR,ERR,ERR,ERR,ERR,ERR,ERR,ERR,ERR,ERR,ERR,ERR,ERR,ERR,ERR,ERR,ERR,ERR,ERR,ERR,ERR,ERR,50.0,60.0,100,0.0,0.0,0.0,0.0,0.0,0.0,0.0,0.0,0.0,0.0,0.0,0.0,0.0,0.0,0.0,0.0,61.6,65,19,65520,50,65476,0,300,0,0,8,20529,65476,0,0,26214,60.0,0.0,0.0,0.0,0.0,0.0
2026-05-17T16:03:00,ERR,ERR,ERR,ERR,ERR,ERR,ERR,ERR,ERR,ERR,ERR,ERR,ERR,ERR,ERR,ERR,ERR,ERR,ERR,ERR,ERR,ERR,ERR,ERR,ERR,ERR,ERR,ERR,ERR,ERR,ERR,ERR,ERR,ERR,ERR,ERR,ERR,ERR,ERR,ERR,ERR,ERR,ERR,ERR,ERR,ERR,ERR,ERR,ERR,ERR,ERR,ERR,ERR,ERR,ERR,ERR,ERR,ERR,ERR,ERR,ERR,ERR,ERR,ERR,ERR,ERR,ERR,ERR,ERR,ERR,ERR,ERR,ERR,ERR,ERR,ERR,ERR,ERR,ERR,ERR,ERR,ERR,ERR,ERR,ERR,ERR,ERR,ERR,ERR,ERR,ERR,ERR,ERR,ERR,ERR,ERR,ERR,ERR,ERR,ERR,ERR,ERR,ERR,ERR,ERR,ERR,ERR,ERR,ERR,ERR,ERR,ERR,ERR,ERR,ERR,ERR,ERR,ERR,ERR,ERR,ERR,ERR,ERR,ERR,ERR,0.0,-0.0,-0.0,0.0,0.0,1.3936040501711995e+18,7.805,0.0,0,0,4,0,8422,0.0,45,0.0,0.0,0.0,0.0,0.0,0,0,0,0,0.0,0,0,0,0,0,0,0,0,0,0,0,0,0,0,0,0,0,0,0,0,0,0,0,0,0,0,0,0,0,0,0,0,0,38,14,7,45,65476,0,300,0,0,8,21553,0.0,-107605600.0,0.0,0.0,0.0,0.0,0.0,0.0,0.0,0.0,0.0,0.0,0.0,0.0,0.0,0.0,0.0,0.0,0.0,0.0,0.0,0.0,-2.004,-0.0,2.004,-2.004,0.0,0.0,0.0,0.0,5032.0,-0.0,0.0,0.0,-0.0,-107615272.0,2.718429120148166e+23,0.0,0.0,0.0,0.0,53,0.0,-0.0,0.0,0.0,0.0,0.0,0.0,0.0,0.0,0,0,0,0.0,0.0,0.0,0.0,0.0,0.0,0.0,0.0,0.0,0.0,0.0,0.0,0.0,0.0,0.0,0.0,0,-107875648.0,53,0.0,106,-107614832.0,0.0,ERR,ERR,ERR,ERR,ERR,ERR,ERR,ERR,ERR,ERR,ERR,ERR,ERR,ERR,ERR,ERR,ERR,ERR,ERR,ERR,ERR,ERR,ERR,ERR,ERR,ERR,ERR,ERR,ERR,ERR,ERR,ERR,ERR,ERR,ERR,ERR,ERR,ERR,ERR,ERR,ERR,ERR,ERR,ERR,ERR,ERR,ERR,ERR,ERR,ERR,ERR,ERR,ERR,ERR,ERR,ERR,ERR,ERR,ERR,ERR,ERR,ERR,ERR,ERR,ERR,ERR,ERR,50.0,60.0,100,0.0,0.0,0.0,0.0,0.0,0.0,0.0,0.0,0.0,0.0,0.0,0.0,0.0,0.0,0.0,0.0,61.6,65,19,65520,50,65476,0,300,0,0,8,20529,65476,0,0,26214,60.0,0.0,0.0,0.0,0.0,0.0
2026-05-17T16:03:01,ERR,ERR,ERR,ERR,ERR,ERR,ERR,ERR,ERR,ERR,ERR,ERR,ERR,ERR,ERR,ERR,ERR,ERR,ERR,ERR,ERR,ERR,ERR,ERR,ERR,ERR,ERR,ERR,ERR,ERR,ERR,ERR,ERR,ERR,ERR,ERR,ERR,ERR,ERR,ERR,ERR,ERR,ERR,ERR,ERR,ERR,ERR,ERR,ERR,ERR,ERR,ERR,ERR,ERR,ERR,ERR,ERR,ERR,ERR,ERR,ERR,ERR,ERR,ERR,ERR,ERR,ERR,ERR,ERR,ERR,ERR,ERR,ERR,ERR,ERR,ERR,ERR,ERR,ERR,ERR,ERR,ERR,ERR,ERR,ERR,ERR,ERR,ERR,ERR,ERR,ERR,ERR,ERR,ERR,ERR,ERR,ERR,ERR,ERR,ERR,ERR,ERR,ERR,ERR,ERR,ERR,ERR,ERR,ERR,ERR,ERR,ERR,ERR,ERR,ERR,ERR,ERR,ERR,ERR,ERR,ERR,ERR,ERR,ERR,ERR,0.0,-0.0,-0.0,0.0,0.0,1.3936040501711995e+18,7.805,0.0,0,0,4,0,8422,0.0,45,0.0,0.0,0.0,0.0,0.0,0,0,0,0,0.0,0,0,0,0,0,0,0,0,0,0,0,0,0,0,0,0,0,0,0,0,0,0,0,0,0,0,0,0,0,0,0,0,0,38,14,7,45,65476,0,300,0,0,8,21553,0.0,-107605600.0,0.0,0.0,0.0,0.0,0.0,0.0,0.0,0.0,0.0,0.0,0.0,0.0,0.0,0.0,0.0,0.0,0.0,0.0,0.0,0.0,-2.004,-0.0,2.004,-2.004,0.0,0.0,0.0,0.0,5032.0,-0.0,0.0,0.0,-0.0,-107615272.0,2.718429120148166e+23,0.0,0.0,0.0,0.0,53,0.0,-0.0,0.0,0.0,0.0,0.0,0.0,0.0,0.0,0,0,0,0.0,0.0,0.0,0.0,0.0,0.0,0.0,0.0,0.0,0.0,0.0,0.0,0.0,0.0,0.0,0.0,0,-107875648.0,53,0.0,106,-107614832.0,0.0,ERR,ERR,ERR,ERR,ERR,ERR,ERR,ERR,ERR,ERR,ERR,ERR,ERR,ERR,ERR,ERR,ERR,ERR,ERR,ERR,ERR,ERR,ERR,ERR,ERR,ERR,ERR,ERR,ERR,ERR,ERR,ERR,ERR,ERR,ERR,ERR,ERR,ERR,ERR,ERR,ERR,ERR,ERR,ERR,ERR,ERR,ERR,ERR,ERR,ERR,ERR,ERR,ERR,ERR,ERR,ERR,ERR,ERR,ERR,ERR,ERR,ERR,ERR,ERR,ERR,ERR,ERR,50.0,60.0,100,0.0,0.0,0.0,0.0,0.0,0.0,0.0,0.0,0.0,0.0,0.0,0.0,0.0,0.0,0.0,0.0,61.6,65,19,65520,50,65476,0,300,0,0,8,20529,65476,0,0,26214,60.0,0.0,0.0,0.0,0.0,0.0
2026-05-17T16:03:02,ERR,ERR,ERR,ERR,ERR,ERR,ERR,ERR,ERR,ERR,ERR,ERR,ERR,ERR,ERR,ERR,ERR,ERR,ERR,ERR,ERR,ERR,ERR,ERR,ERR,ERR,ERR,ERR,ERR,ERR,ERR,ERR,ERR,ERR,ERR,ERR,ERR,ERR,ERR,ERR,ERR,ERR,ERR,ERR,ERR,ERR,ERR,ERR,ERR,ERR,ERR,ERR,ERR,ERR,ERR,ERR,ERR,ERR,ERR,ERR,ERR,ERR,ERR,ERR,ERR,ERR,ERR,ERR,ERR,ERR,ERR,ERR,ERR,ERR,ERR,ERR,ERR,ERR,ERR,ERR,ERR,ERR,ERR,ERR,ERR,ERR,ERR,ERR,ERR,ERR,ERR,ERR,ERR,ERR,ERR,ERR,ERR,ERR,ERR,ERR,ERR,ERR,ERR,ERR,ERR,ERR,ERR,ERR,ERR,ERR,ERR,ERR,ERR,ERR,ERR,ERR,ERR,ERR,ERR,ERR,ERR,ERR,ERR,ERR,ERR,0.0,-0.0,-0.0,0.0,0.0,1.3936040501711995e+18,7.805,0.0,0,0,4,0,8422,0.0,45,0.0,0.0,0.0,0.0,0.0,0,0,0,0,0.0,0,0,0,0,0,0,0,0,0,0,0,0,0,0,0,0,0,0,0,0,0,0,0,0,0,0,0,0,0,0,0,0,0,38,14,7,45,65476,0,300,0,0,8,21553,0.0,-107605600.0,0.0,0.0,0.0,0.0,0.0,0.0,0.0,0.0,0.0,0.0,0.0,0.0,0.0,0.0,0.0,0.0,0.0,0.0,0.0,0.0,-2.004,-0.0,2.004,-2.004,0.0,0.0,0.0,0.0,5032.0,-0.0,0.0,0.0,-0.0,-107615272.0,2.718429120148166e+23,0.0,0.0,0.0,0.0,53,0.0,-0.0,0.0,0.0,0.0,0.0,0.0,0.0,0.0,0,0,0,0.0,0.0,0.0,0.0,0.0,0.0,0.0,0.0,0.0,0.0,0.0,0.0,0.0,0.0,0.0,0.0,0,-107875648.0,53,0.0,106,-107614832.0,0.0,ERR,ERR,ERR,ERR,ERR,ERR,ERR,ERR,ERR,ERR,ERR,ERR,ERR,ERR,ERR,ERR,ERR,ERR,ERR,ERR,ERR,ERR,ERR,ERR,ERR,ERR,ERR,ERR,ERR,ERR,ERR,ERR,ERR,ERR,ERR,ERR,ERR,ERR,ERR,ERR,ERR,ERR,ERR,ERR,ERR,ERR,ERR,ERR,ERR,ERR,ERR,ERR,ERR,ERR,ERR,ERR,ERR,ERR,ERR,ERR,ERR,ERR,ERR,ERR,ERR,ERR,ERR,50.0,60.0,100,0.0,0.0,0.0,0.0,0.0,0.0,0.0,0.0,0.0,0.0,0.0,0.0,0.0,0.0,0.0,0.0,61.6,65,19,65520,50,65476,0,300,0,0,8,20529,65476,0,0,26214,60.0,0.0,0.0,0.0,0.0,0.0
2026-05-17T16:03:03,ERR,ERR,ERR,ERR,ERR,ERR,ERR,ERR,ERR,ERR,ERR,ERR,ERR,ERR,ERR,ERR,ERR,ERR,ERR,ERR,ERR,ERR,ERR,ERR,ERR,ERR,ERR,ERR,ERR,ERR,ERR,ERR,ERR,ERR,ERR,ERR,ERR,ERR,ERR,ERR,ERR,ERR,ERR,ERR,ERR,ERR,ERR,ERR,ERR,ERR,ERR,ERR,ERR,ERR,ERR,ERR,ERR,ERR,ERR,ERR,ERR,ERR,ERR,ERR,ERR,ERR,ERR,ERR,ERR,ERR,ERR,ERR,ERR,ERR,ERR,ERR,ERR,ERR,ERR,ERR,ERR,ERR,ERR,ERR,ERR,ERR,ERR,ERR,ERR,ERR,ERR,ERR,ERR,ERR,ERR,ERR,ERR,ERR,ERR,ERR,ERR,ERR,ERR,ERR,ERR,ERR,ERR,ERR,ERR,ERR,ERR,ERR,ERR,ERR,ERR,ERR,ERR,ERR,ERR,ERR,ERR,ERR,ERR,ERR,ERR,0.0,-0.0,-0.0,0.0,0.0,1.3936040501711995e+18,7.805,0.0,0,0,4,0,8422,0.0,45,0.0,0.0,0.0,0.0,0.0,0,0,0,0,0.0,0,0,0,0,0,0,0,0,0,0,0,0,0,0,0,0,0,0,0,0,0,0,0,0,0,0,0,0,0,0,0,0,0,38,14,7,45,65476,0,300,0,0,8,21553,0.0,-107605600.0,0.0,0.0,0.0,0.0,0.0,0.0,0.0,0.0,0.0,0.0,0.0,0.0,0.0,0.0,0.0,0.0,0.0,0.0,0.0,0.0,-2.004,-0.0,2.004,-2.004,0.0,0.0,0.0,0.0,5032.0,-0.0,0.0,0.0,-0.0,-107615272.0,2.718429120148166e+23,0.0,0.0,0.0,0.0,53,0.0,-0.0,0.0,0.0,0.0,0.0,0.0,0.0,0.0,0,0,0,0.0,0.0,0.0,0.0,0.0,0.0,0.0,0.0,0.0,0.0,0.0,0.0,0.0,0.0,0.0,0.0,0,-107875648.0,53,0.0,106,-107614832.0,0.0,ERR,ERR,ERR,ERR,ERR,ERR,ERR,ERR,ERR,ERR,ERR,ERR,ERR,ERR,ERR,ERR,ERR,ERR,ERR,ERR,ERR,ERR,ERR,ERR,ERR,ERR,ERR,ERR,ERR,ERR,ERR,ERR,ERR,ERR,ERR,ERR,ERR,ERR,ERR,ERR,ERR,ERR,ERR,ERR,ERR,ERR,ERR,ERR,ERR,ERR,ERR,ERR,ERR,ERR,ERR,ERR,ERR,ERR,ERR,ERR,ERR,ERR,ERR,ERR,ERR,ERR,ERR,50.0,60.0,100,0.0,0.0,0.0,0.0,0.0,0.0,0.0,0.0,0.0,0.0,0.0,0.0,0.0,0.0,0.0,0.0,62.0,65,19,65520,50,65476,0,300,0,0,8,20529,65476,0,0,26214,60.0,0.0,0.0,0.0,0.0,0.0
2026-05-17T16:03:04,ERR,ERR,ERR,ERR,ERR,ERR,ERR,ERR,ERR,ERR,ERR,ERR,ERR,ERR,ERR,ERR,ERR,ERR,ERR,ERR,ERR,ERR,ERR,ERR,ERR,ERR,ERR,ERR,ERR,ERR,ERR,ERR,ERR,ERR,ERR,ERR,ERR,ERR,ERR,ERR,ERR,ERR,ERR,ERR,ERR,ERR,ERR,ERR,ERR,ERR,ERR,ERR,ERR,ERR,ERR,ERR,ERR,ERR,ERR,ERR,ERR,ERR,ERR,ERR,ERR,ERR,ERR,ERR,ERR,ERR,ERR,ERR,ERR,ERR,ERR,ERR,ERR,ERR,ERR,ERR,ERR,ERR,ERR,ERR,ERR,ERR,ERR,ERR,ERR,ERR,ERR,ERR,ERR,ERR,ERR,ERR,ERR,ERR,ERR,ERR,ERR,ERR,ERR,ERR,ERR,ERR,ERR,ERR,ERR,ERR,ERR,ERR,ERR,ERR,ERR,ERR,ERR,ERR,ERR,ERR,ERR,ERR,ERR,ERR,ERR,0.0,-0.0,-0.0,0.0,0.0,1.3936040501711995e+18,7.805,0.0,0,0,4,0,8422,0.0,45,0.0,0.0,0.0,0.0,0.0,0,0,0,0,0.0,0,0,0,0,0,0,0,0,0,0,0,0,0,0,0,0,0,0,0,0,0,0,0,0,0,0,0,0,0,0,0,0,0,38,14,7,45,65476,0,300,0,0,8,21553,0.0,-107605600.0,0.0,0.0,0.0,0.0,0.0,0.0,0.0,0.0,0.0,0.0,0.0,0.0,0.0,0.0,0.0,0.0,0.0,0.0,0.0,0.0,-2.004,-0.0,2.004,-2.004,0.0,0.0,0.0,0.0,5032.0,-0.0,0.0,0.0,-0.0,-107615272.0,2.718429120148166e+23,0.0,0.0,0.0,0.0,53,0.0,-0.0,0.0,0.0,0.0,0.0,0.0,0.0,0.0,0,0,0,0.0,0.0,0.0,0.0,0.0,0.0,0.0,0.0,0.0,0.0,0.0,0.0,0.0,0.0,0.0,0.0,0,-107875648.0,53,0.0,106,-107614832.0,0.0,ERR,ERR,ERR,ERR,ERR,ERR,ERR,ERR,ERR,ERR,ERR,ERR,ERR,ERR,ERR,ERR,ERR,ERR,ERR,ERR,ERR,ERR,ERR,ERR,ERR,ERR,ERR,ERR,ERR,ERR,ERR,ERR,ERR,ERR,ERR,ERR,ERR,ERR,ERR,ERR,ERR,ERR,ERR,ERR,ERR,ERR,ERR,ERR,ERR,ERR,ERR,ERR,ERR,ERR,ERR,ERR,ERR,ERR,ERR,ERR,ERR,ERR,ERR,ERR,ERR,ERR,ERR,50.0,60.0,100,0.0,0.0,0.0,0.0,0.0,0.0,0.0,0.0,0.0,0.0,0.0,0.0,0.0,0.0,0.0,0.0,62.0,65,19,65520,50,65476,0,300,0,0,8,20529,65476,0,0,26214,60.0,0.0,0.0,0.0,0.0,0.0
2026-05-17T16:03:05,ERR,ERR,ERR,ERR,ERR,ERR,ERR,ERR,ERR,ERR,ERR,ERR,ERR,ERR,ERR,ERR,ERR,ERR,ERR,ERR,ERR,ERR,ERR,ERR,ERR,ERR,ERR,ERR,ERR,ERR,ERR,ERR,ERR,ERR,ERR,ERR,ERR,ERR,ERR,ERR,ERR,ERR,ERR,ERR,ERR,ERR,ERR,ERR,ERR,ERR,ERR,ERR,ERR,ERR,ERR,ERR,ERR,ERR,ERR,ERR,ERR,ERR,ERR,ERR,ERR,ERR,ERR,ERR,ERR,ERR,ERR,ERR,ERR,ERR,ERR,ERR,ERR,ERR,ERR,ERR,ERR,ERR,ERR,ERR,ERR,ERR,ERR,ERR,ERR,ERR,ERR,ERR,ERR,ERR,ERR,ERR,ERR,ERR,ERR,ERR,ERR,ERR,ERR,ERR,ERR,ERR,ERR,ERR,ERR,ERR,ERR,ERR,ERR,ERR,ERR,ERR,ERR,ERR,ERR,ERR,ERR,ERR,ERR,ERR,ERR,0.0,-0.0,-0.0,0.0,0.0,1.3936040501711995e+18,7.805,0.0,0,0,4,0,8422,0.0,45,0.0,0.0,0.0,0.0,0.0,0,0,0,0,0.0,0,0,0,0,0,0,0,0,0,0,0,0,0,0,0,0,0,0,0,0,0,0,0,0,0,0,0,0,0,0,0,0,0,38,14,7,45,65476,0,300,0,0,8,21553,0.0,-107605600.0,0.0,0.0,0.0,0.0,0.0,0.0,0.0,0.0,0.0,0.0,0.0,0.0,0.0,0.0,0.0,0.0,0.0,0.0,0.0,0.0,-2.004,-0.0,2.004,-2.004,0.0,0.0,0.0,0.0,5037.0,-0.0,0.0,0.0,-0.0,-107615272.0,2.718429120148166e+23,0.0,0.0,0.0,0.0,53,1.9056979486756045e+17,-0.0,0.0,0.0,0.0,0.0,0.0,0.0,0.0,0,0,0,0.0,0.0,0.0,0.0,0.0,0.0,0.0,0.0,0.0,0.0,0.0,0.0,0.0,0.0,0.0,0.0,0,-107875648.0,53,0.0,106,-107614832.0,0.0,ERR,ERR,ERR,ERR,ERR,ERR,ERR,ERR,ERR,ERR,ERR,ERR,ERR,ERR,ERR,ERR,ERR,ERR,ERR,ERR,ERR,ERR,ERR,ERR,ERR,ERR,ERR,ERR,ERR,ERR,ERR,ERR,ERR,ERR,ERR,ERR,ERR,ERR,ERR,ERR,ERR,ERR,ERR,ERR,ERR,ERR,ERR,ERR,ERR,ERR,ERR,ERR,ERR,ERR,ERR,ERR,ERR,ERR,ERR,ERR,ERR,ERR,ERR,ERR,ERR,ERR,ERR,50.0,60.0,100,0.0,0.0,0.0,0.0,0.0,0.0,0.0,0.0,0.0,0.0,0.0,0.0,0.0,0.0,0.0,0.0,61.6,65,19,65520,50,65476,0,300,0,0,8,20529,65476,0,0,26214,60.0,0.0,0.0,0.0,0.0,0.0
2026-05-17T16:03:06,ERR,ERR,ERR,ERR,ERR,ERR,ERR,ERR,ERR,ERR,ERR,ERR,ERR,ERR,ERR,ERR,ERR,ERR,ERR,ERR,ERR,ERR,ERR,ERR,ERR,ERR,ERR,ERR,ERR,ERR,ERR,ERR,ERR,ERR,ERR,ERR,ERR,ERR,ERR,ERR,ERR,ERR,ERR,ERR,ERR,ERR,ERR,ERR,ERR,ERR,ERR,ERR,ERR,ERR,ERR,ERR,ERR,ERR,ERR,ERR,ERR,ERR,ERR,ERR,ERR,ERR,ERR,ERR,ERR,ERR,ERR,ERR,ERR,ERR,ERR,ERR,ERR,ERR,ERR,ERR,ERR,ERR,ERR,ERR,ERR,ERR,ERR,ERR,ERR,ERR,ERR,ERR,ERR,ERR,ERR,ERR,ERR,ERR,ERR,ERR,ERR,ERR,ERR,ERR,ERR,ERR,ERR,ERR,ERR,ERR,ERR,ERR,ERR,ERR,ERR,ERR,ERR,ERR,ERR,ERR,ERR,ERR,ERR,ERR,ERR,0.0,-0.0,-0.0,0.0,0.0,1.3936040501711995e+18,7.805,0.0,0,0,4,0,8422,0.0,45,0.0,0.0,0.0,0.0,0.0,0,0,0,0,0.0,0,0,0,0,0,0,0,0,0,0,0,0,0,0,0,0,0,0,0,0,0,0,0,0,0,0,0,0,0,0,0,0,0,38,14,7,45,65476,0,300,0,0,8,21553,0.0,-107605600.0,0.0,0.0,0.0,0.0,0.0,0.0,0.0,0.0,0.0,0.0,0.0,0.0,0.0,0.0,0.0,0.0,0.0,0.0,0.0,0.0,-2.004,-0.0,2.004,-2.004,0.0,0.0,0.0,0.0,5037.0,-0.0,0.0,0.0,-0.0,-107615272.0,2.718429120148166e+23,0.0,0.0,0.0,0.0,53,1.9056979486756045e+17,-0.0,0.0,0.0,0.0,0.0,0.0,0.0,0.0,0,0,0,0.0,0.0,0.0,0.0,0.0,0.0,0.0,0.0,0.0,0.0,0.0,0.0,0.0,0.0,0.0,0.0,0,-107875648.0,53,0.0,106,-107614832.0,0.0,ERR,ERR,ERR,ERR,ERR,ERR,ERR,ERR,ERR,ERR,ERR,ERR,ERR,ERR,ERR,ERR,ERR,ERR,ERR,ERR,ERR,ERR,ERR,ERR,ERR,ERR,ERR,ERR,ERR,ERR,ERR,ERR,ERR,ERR,ERR,ERR,ERR,ERR,ERR,ERR,ERR,ERR,ERR,ERR,ERR,ERR,ERR,ERR,ERR,ERR,ERR,ERR,ERR,ERR,ERR,ERR,ERR,ERR,ERR,ERR,ERR,ERR,ERR,ERR,ERR,ERR,ERR,50.0,60.0,100,0.0,0.0,0.0,0.0,0.0,0.0,0.0,0.0,0.0,0.0,0.0,0.0,0.0,0.0,0.0,0.0,62.0,65,19,65520,50,65476,0,300,0,0,8,20529,65476,0,0,26214,60.0,0.0,0.0,0.0,0.0,0.0
2026-05-17T16:03:07,ERR,ERR,ERR,ERR,ERR,ERR,ERR,ERR,ERR,ERR,ERR,ERR,ERR,ERR,ERR,ERR,ERR,ERR,ERR,ERR,ERR,ERR,ERR,ERR,ERR,ERR,ERR,ERR,ERR,ERR,ERR,ERR,ERR,ERR,ERR,ERR,ERR,ERR,ERR,ERR,ERR,ERR,ERR,ERR,ERR,ERR,ERR,ERR,ERR,ERR,ERR,ERR,ERR,ERR,ERR,ERR,ERR,ERR,ERR,ERR,ERR,ERR,ERR,ERR,ERR,ERR,ERR,ERR,ERR,ERR,ERR,ERR,ERR,ERR,ERR,ERR,ERR,ERR,ERR,ERR,ERR,ERR,ERR,ERR,ERR,ERR,ERR,ERR,ERR,ERR,ERR,ERR,ERR,ERR,ERR,ERR,ERR,ERR,ERR,ERR,ERR,ERR,ERR,ERR,ERR,ERR,ERR,ERR,ERR,ERR,ERR,ERR,ERR,ERR,ERR,ERR,ERR,ERR,ERR,ERR,ERR,ERR,ERR,ERR,ERR,0.0,-0.0,-0.0,0.0,0.0,1.3936040501711995e+18,7.805,0.0,0,0,4,0,8422,0.0,45,0.0,0.0,0.0,0.0,0.0,0,0,0,0,0.0,0,0,0,0,0,0,0,0,0,0,0,0,0,0,0,0,0,0,0,0,0,0,0,0,0,0,0,0,0,0,0,0,0,38,14,7,45,65476,0,300,0,0,8,21553,0.0,-107605600.0,0.0,0.0,0.0,0.0,0.0,0.0,0.0,0.0,0.0,0.0,0.0,0.0,0.0,0.0,0.0,0.0,0.0,0.0,0.0,0.0,-2.004,-0.0,2.004,-2.004,0.0,0.0,0.0,0.0,5037.0,-0.0,0.0,0.0,-0.0,-107615272.0,2.718429120148166e+23,0.0,0.0,0.0,0.0,53,1.9056979486756045e+17,-0.0,0.0,0.0,0.0,0.0,0.0,0.0,0.0,0,0,0,0.0,0.0,0.0,0.0,0.0,0.0,0.0,0.0,0.0,0.0,0.0,0.0,0.0,0.0,0.0,0.0,0,-107875648.0,53,0.0,106,-107614832.0,0.0,ERR,ERR,ERR,ERR,ERR,ERR,ERR,ERR,ERR,ERR,ERR,ERR,ERR,ERR,ERR,ERR,ERR,ERR,ERR,ERR,ERR,ERR,ERR,ERR,ERR,ERR,ERR,ERR,ERR,ERR,ERR,ERR,ERR,ERR,ERR,ERR,ERR,ERR,ERR,ERR,ERR,ERR,ERR,ERR,ERR,ERR,ERR,ERR,ERR,ERR,ERR,ERR,ERR,ERR,ERR,ERR,ERR,ERR,ERR,ERR,ERR,ERR,ERR,ERR,ERR,ERR,ERR,50.0,60.0,100,0.0,0.0,0.0,0.0,0.0,0.0,0.0,0.0,0.0,0.0,0.0,0.0,0.0,0.0,0.0,0.0,62.0,65,19,65520,50,65476,0,300,0,0,8,20529,65476,0,0,26214,60.0,0.0,0.0,0.0,0.0,0.0
2026-05-17T16:03:08,ERR,ERR,ERR,ERR,ERR,ERR,ERR,ERR,ERR,ERR,ERR,ERR,ERR,ERR,ERR,ERR,ERR,ERR,ERR,ERR,ERR,ERR,ERR,ERR,ERR,ERR,ERR,ERR,ERR,ERR,ERR,ERR,ERR,ERR,ERR,ERR,ERR,ERR,ERR,ERR,ERR,ERR,ERR,ERR,ERR,ERR,ERR,ERR,ERR,ERR,ERR,ERR,ERR,ERR,ERR,ERR,ERR,ERR,ERR,ERR,ERR,ERR,ERR,ERR,ERR,ERR,ERR,ERR,ERR,ERR,ERR,ERR,ERR,ERR,ERR,ERR,ERR,ERR,ERR,ERR,ERR,ERR,ERR,ERR,ERR,ERR,ERR,ERR,ERR,ERR,ERR,ERR,ERR,ERR,ERR,ERR,ERR,ERR,ERR,ERR,ERR,ERR,ERR,ERR,ERR,ERR,ERR,ERR,ERR,ERR,ERR,ERR,ERR,ERR,ERR,ERR,ERR,ERR,ERR,ERR,ERR,ERR,ERR,ERR,ERR,0.0,-0.0,-0.0,0.0,0.0,1.3936040501711995e+18,7.805,0.0,0,0,4,0,8422,0.0,45,0.0,0.0,0.0,0.0,0.0,0,0,0,0,0.0,0,0,0,0,0,0,0,0,0,0,0,0,0,0,0,0,0,0,0,0,0,0,0,0,0,0,0,0,0,0,0,0,0,38,14,7,45,65476,0,300,0,0,8,21553,0.0,-107605600.0,0.0,0.0,0.0,0.0,0.0,0.0,0.0,0.0,0.0,0.0,0.0,0.0,0.0,0.0,0.0,0.0,0.0,0.0,0.0,0.0,-2.004,-0.0,2.004,-2.004,0.0,0.0,0.0,0.0,5037.0,-0.0,0.0,0.0,-0.0,-107615272.0,2.718429120148166e+23,0.0,0.0,0.0,0.0,53,1.9056979486756045e+17,-0.0,0.0,0.0,0.0,0.0,0.0,0.0,0.0,0,0,0,0.0,0.0,0.0,0.0,0.0,0.0,0.0,0.0,0.0,0.0,0.0,0.0,0.0,0.0,0.0,0.0,0,-107875648.0,53,0.0,106,-107614832.0,0.0,ERR,ERR,ERR,ERR,ERR,ERR,ERR,ERR,ERR,ERR,ERR,ERR,ERR,ERR,ERR,ERR,ERR,ERR,ERR,ERR,ERR,ERR,ERR,ERR,ERR,ERR,ERR,ERR,ERR,ERR,ERR,ERR,ERR,ERR,ERR,ERR,ERR,ERR,ERR,ERR,ERR,ERR,ERR,ERR,ERR,ERR,ERR,ERR,ERR,ERR,ERR,ERR,ERR,ERR,ERR,ERR,ERR,ERR,ERR,ERR,ERR,ERR,ERR,ERR,ERR,ERR,ERR,50.0,60.0,100,0.0,0.0,0.0,0.0,0.0,0.0,0.0,0.0,0.0,0.0,0.0,0.0,0.0,0.0,0.0,0.0,61.6,65,19,65520,50,65476,0,300,0,0,8,20529,65476,0,0,26214,60.0,0.0,0.0,0.0,0.0,0.0
2026-05-17T16:03:09,ERR,ERR,ERR,ERR,ERR,ERR,ERR,ERR,ERR,ERR,ERR,ERR,ERR,ERR,ERR,ERR,ERR,ERR,ERR,ERR,ERR,ERR,ERR,ERR,ERR,ERR,ERR,ERR,ERR,ERR,ERR,ERR,ERR,ERR,ERR,ERR,ERR,ERR,ERR,ERR,ERR,ERR,ERR,ERR,ERR,ERR,ERR,ERR,ERR,ERR,ERR,ERR,ERR,ERR,ERR,ERR,ERR,ERR,ERR,ERR,ERR,ERR,ERR,ERR,ERR,ERR,ERR,ERR,ERR,ERR,ERR,ERR,ERR,ERR,ERR,ERR,ERR,ERR,ERR,ERR,ERR,ERR,ERR,ERR,ERR,ERR,ERR,ERR,ERR,ERR,ERR,ERR,ERR,ERR,ERR,ERR,ERR,ERR,ERR,ERR,ERR,ERR,ERR,ERR,ERR,ERR,ERR,ERR,ERR,ERR,ERR,ERR,ERR,ERR,ERR,ERR,ERR,ERR,ERR,ERR,ERR,ERR,ERR,ERR,ERR,0.0,-0.0,-0.0,0.0,0.0,1.3936040501711995e+18,7.805,0.0,0,0,4,0,8422,0.0,45,0.0,0.0,0.0,0.0,0.0,0,0,0,0,0.0,0,0,0,0,0,0,0,0,0,0,0,0,0,0,0,0,0,0,0,0,0,0,0,0,0,0,0,0,0,0,0,0,0,38,14,7,45,65476,0,300,0,0,8,21553,0.0,-107605600.0,0.0,0.0,0.0,0.0,0.0,0.0,0.0,0.0,0.0,0.0,0.0,0.0,0.0,0.0,0.0,0.0,0.0,0.0,0.0,0.0,-2.004,-0.0,2.004,-2.004,0.0,0.0,0.0,0.0,5037.0,-0.0,0.0,0.0,-0.0,-107615272.0,2.718429120148166e+23,0.0,0.0,0.0,0.0,53,1.9056979486756045e+17,-0.0,0.0,0.0,0.0,0.0,0.0,0.0,0.0,0,0,0,0.0,0.0,0.0,0.0,0.0,0.0,0.0,0.0,0.0,0.0,0.0,0.0,0.0,0.0,0.0,0.0,0,-107875648.0,53,0.0,106,-107614832.0,0.0,ERR,ERR,ERR,ERR,ERR,ERR,ERR,ERR,ERR,ERR,ERR,ERR,ERR,ERR,ERR,ERR,ERR,ERR,ERR,ERR,ERR,ERR,ERR,ERR,ERR,ERR,ERR,ERR,ERR,ERR,ERR,ERR,ERR,ERR,ERR,ERR,ERR,ERR,ERR,ERR,ERR,ERR,ERR,ERR,ERR,ERR,ERR,ERR,ERR,ERR,ERR,ERR,ERR,ERR,ERR,ERR,ERR,ERR,ERR,ERR,ERR,ERR,ERR,ERR,ERR,ERR,ERR,50.0,60.0,100,0.0,0.0,0.0,0.0,0.0,0.0,0.0,0.0,0.0,0.0,0.0,0.0,0.0,0.0,0.0,0.0,61.6,65,19,65520,50,65476,0,300,0,0,8,20529,65476,0,0,26214,60.0,0.0,0.0,0.0,0.0,0.0
2026-05-17T16:03:10,ERR,ERR,ERR,ERR,ERR,ERR,ERR,ERR,ERR,ERR,ERR,ERR,ERR,ERR,ERR,ERR,ERR,ERR,ERR,ERR,ERR,ERR,ERR,ERR,ERR,ERR,ERR,ERR,ERR,ERR,ERR,ERR,ERR,ERR,ERR,ERR,ERR,ERR,ERR,ERR,ERR,ERR,ERR,ERR,ERR,ERR,ERR,ERR,ERR,ERR,ERR,ERR,ERR,ERR,ERR,ERR,ERR,ERR,ERR,ERR,ERR,ERR,ERR,ERR,ERR,ERR,ERR,ERR,ERR,ERR,ERR,ERR,ERR,ERR,ERR,ERR,ERR,ERR,ERR,ERR,ERR,ERR,ERR,ERR,ERR,ERR,ERR,ERR,ERR,ERR,ERR,ERR,ERR,ERR,ERR,ERR,ERR,ERR,ERR,ERR,ERR,ERR,ERR,ERR,ERR,ERR,ERR,ERR,ERR,ERR,ERR,ERR,ERR,ERR,ERR,ERR,ERR,ERR,ERR,ERR,ERR,ERR,ERR,ERR,ERR,0.0,-0.0,-0.0,0.0,0.0,1.3936040501711995e+18,7.805,0.0,0,0,4,0,8422,0.0,45,0.0,0.0,0.0,0.0,0.0,0,0,0,0,0.0,0,0,0,0,0,0,0,0,0,0,0,0,0,0,0,0,0,0,0,0,0,0,0,0,0,0,0,0,0,0,0,0,0,38,14,7,45,65476,0,300,0,0,8,21553,0.0,-107605600.0,0.0,0.0,0.0,0.0,0.0,0.0,0.0,0.0,0.0,0.0,0.0,0.0,0.0,0.0,0.0,0.0,0.0,0.0,0.0,0.0,-2.004,-0.0,2.004,-2.004,0.0,0.0,0.0,0.0,5031.0,-0.0,0.0,0.0,-0.0,-107615272.0,2.718429120148166e+23,0.0,0.0,0.0,0.0,53,107615344.0,-0.0,0.0,0.0,0.0,0.0,0.0,0.0,0.0,0,0,0,0.0,0.0,0.0,0.0,0.0,0.0,0.0,0.0,0.0,0.0,0.0,0.0,0.0,0.0,0.0,0.0,0,-107875648.0,53,0.0,106,-107614832.0,0.0,ERR,ERR,ERR,ERR,ERR,ERR,ERR,ERR,ERR,ERR,ERR,ERR,ERR,ERR,ERR,ERR,ERR,ERR,ERR,ERR,ERR,ERR,ERR,ERR,ERR,ERR,ERR,ERR,ERR,ERR,ERR,ERR,ERR,ERR,ERR,ERR,ERR,ERR,ERR,ERR,ERR,ERR,ERR,ERR,ERR,ERR,ERR,ERR,ERR,ERR,ERR,ERR,ERR,ERR,ERR,ERR,ERR,ERR,ERR,ERR,ERR,ERR,ERR,ERR,ERR,ERR,ERR,50.0,60.0,100,0.0,0.0,0.0,0.0,0.0,0.0,0.0,0.0,0.0,0.0,0.0,0.0,0.0,0.0,0.0,0.0,62.0,65,19,65521,50,65476,0,300,0,0,8,20529,65476,0,0,26214,60.0,0.0,0.0,0.0,0.0,0.0
2026-05-17T16:03:11,ERR,ERR,ERR,ERR,ERR,ERR,ERR,ERR,ERR,ERR,ERR,ERR,ERR,ERR,ERR,ERR,ERR,ERR,ERR,ERR,ERR,ERR,ERR,ERR,ERR,ERR,ERR,ERR,ERR,ERR,ERR,ERR,ERR,ERR,ERR,ERR,ERR,ERR,ERR,ERR,ERR,ERR,ERR,ERR,ERR,ERR,ERR,ERR,ERR,ERR,ERR,ERR,ERR,ERR,ERR,ERR,ERR,ERR,ERR,ERR,ERR,ERR,ERR,ERR,ERR,ERR,ERR,ERR,ERR,ERR,ERR,ERR,ERR,ERR,ERR,ERR,ERR,ERR,ERR,ERR,ERR,ERR,ERR,ERR,ERR,ERR,ERR,ERR,ERR,ERR,ERR,ERR,ERR,ERR,ERR,ERR,ERR,ERR,ERR,ERR,ERR,ERR,ERR,ERR,ERR,ERR,ERR,ERR,ERR,ERR,ERR,ERR,ERR,ERR,ERR,ERR,ERR,ERR,ERR,ERR,ERR,ERR,ERR,ERR,ERR,0.0,-0.0,-0.0,0.0,0.0,1.3936040501711995e+18,7.805,0.0,0,0,4,0,8422,0.0,45,0.0,0.0,0.0,0.0,0.0,0,0,0,0,0.0,0,0,0,0,0,0,0,0,0,0,0,0,0,0,0,0,0,0,0,0,0,0,0,0,0,0,0,0,0,0,0,0,0,38,14,7,45,65476,0,300,0,0,8,21553,0.0,-107605600.0,0.0,0.0,0.0,0.0,0.0,0.0,0.0,0.0,0.0,0.0,0.0,0.0,0.0,0.0,0.0,0.0,0.0,0.0,0.0,0.0,-2.004,-0.0,2.004,-2.004,0.0,0.0,0.0,0.0,5031.0,-0.0,0.0,0.0,-0.0,-107615272.0,2.718429120148166e+23,0.0,0.0,0.0,0.0,53,107615344.0,-0.0,0.0,0.0,0.0,0.0,0.0,0.0,0.0,0,0,0,0.0,0.0,0.0,0.0,0.0,0.0,0.0,0.0,0.0,0.0,0.0,0.0,0.0,0.0,0.0,0.0,0,-107875648.0,53,0.0,106,-107614832.0,0.0,ERR,ERR,ERR,ERR,ERR,ERR,ERR,ERR,ERR,ERR,ERR,ERR,ERR,ERR,ERR,ERR,ERR,ERR,ERR,ERR,ERR,ERR,ERR,ERR,ERR,ERR,ERR,ERR,ERR,ERR,ERR,ERR,ERR,ERR,ERR,ERR,ERR,ERR,ERR,ERR,ERR,ERR,ERR,ERR,ERR,ERR,ERR,ERR,ERR,ERR,ERR,ERR,ERR,ERR,ERR,ERR,ERR,ERR,ERR,ERR,ERR,ERR,ERR,ERR,ERR,ERR,ERR,50.0,60.0,100,0.0,0.0,0.0,0.0,0.0,0.0,0.0,0.0,0.0,0.0,0.0,0.0,0.0,0.0,0.0,0.0,62.0,65,19,65521,50,65476,0,300,0,0,8,20529,65476,0,0,26214,60.0,0.0,0.0,0.0,0.0,0.0
2026-05-17T16:03:12,ERR,ERR,ERR,ERR,ERR,ERR,ERR,ERR,ERR,ERR,ERR,ERR,ERR,ERR,ERR,ERR,ERR,ERR,ERR,ERR,ERR,ERR,ERR,ERR,ERR,ERR,ERR,ERR,ERR,ERR,ERR,ERR,ERR,ERR,ERR,ERR,ERR,ERR,ERR,ERR,ERR,ERR,ERR,ERR,ERR,ERR,ERR,ERR,ERR,ERR,ERR,ERR,ERR,ERR,ERR,ERR,ERR,ERR,ERR,ERR,ERR,ERR,ERR,ERR,ERR,ERR,ERR,ERR,ERR,ERR,ERR,ERR,ERR,ERR,ERR,ERR,ERR,ERR,ERR,ERR,ERR,ERR,ERR,ERR,ERR,ERR,ERR,ERR,ERR,ERR,ERR,ERR,ERR,ERR,ERR,ERR,ERR,ERR,ERR,ERR,ERR,ERR,ERR,ERR,ERR,ERR,ERR,ERR,ERR,ERR,ERR,ERR,ERR,ERR,ERR,ERR,ERR,ERR,ERR,ERR,ERR,ERR,ERR,ERR,ERR,0.0,-0.0,-0.0,0.0,0.0,1.3936040501711995e+18,7.805,0.0,0,0,4,0,8422,0.0,45,0.0,0.0,0.0,0.0,0.0,0,0,0,0,0.0,0,0,0,0,0,0,0,0,0,0,0,0,0,0,0,0,0,0,0,0,0,0,0,0,0,0,0,0,0,0,0,0,0,38,14,7,45,65476,0,300,0,0,8,21553,0.0,-107605600.0,0.0,0.0,0.0,0.0,0.0,0.0,0.0,0.0,0.0,0.0,0.0,0.0,0.0,0.0,0.0,0.0,0.0,0.0,0.0,0.0,-2.004,-0.0,2.004,-2.004,0.0,0.0,0.0,0.0,5031.0,-0.0,0.0,0.0,-0.0,-107615272.0,2.718429120148166e+23,0.0,0.0,0.0,0.0,53,107615344.0,-0.0,0.0,0.0,0.0,0.0,0.0,0.0,0.0,0,0,0,0.0,0.0,0.0,0.0,0.0,0.0,0.0,0.0,0.0,0.0,0.0,0.0,0.0,0.0,0.0,0.0,0,-107875648.0,53,0.0,106,-107614832.0,0.0,ERR,ERR,ERR,ERR,ERR,ERR,ERR,ERR,ERR,ERR,ERR,ERR,ERR,ERR,ERR,ERR,ERR,ERR,ERR,ERR,ERR,ERR,ERR,ERR,ERR,ERR,ERR,ERR,ERR,ERR,ERR,ERR,ERR,ERR,ERR,ERR,ERR,ERR,ERR,ERR,ERR,ERR,ERR,ERR,ERR,ERR,ERR,ERR,ERR,ERR,ERR,ERR,ERR,ERR,ERR,ERR,ERR,ERR,ERR,ERR,ERR,ERR,ERR,ERR,ERR,ERR,ERR,50.0,60.0,100,0.0,0.0,0.0,0.0,0.0,0.0,0.0,0.0,0.0,0.0,0.0,0.0,0.0,0.0,0.0,0.0,61.6,65,19,65521,50,65476,0,300,0,0,8,20529,65476,0,0,26214,60.0,0.0,0.0,0.0,0.0,0.0
2026-05-17T16:03:13,ERR,ERR,ERR,ERR,ERR,ERR,ERR,ERR,ERR,ERR,ERR,ERR,ERR,ERR,ERR,ERR,ERR,ERR,ERR,ERR,ERR,ERR,ERR,ERR,ERR,ERR,ERR,ERR,ERR,ERR,ERR,ERR,ERR,ERR,ERR,ERR,ERR,ERR,ERR,ERR,ERR,ERR,ERR,ERR,ERR,ERR,ERR,ERR,ERR,ERR,ERR,ERR,ERR,ERR,ERR,ERR,ERR,ERR,ERR,ERR,ERR,ERR,ERR,ERR,ERR,ERR,ERR,ERR,ERR,ERR,ERR,ERR,ERR,ERR,ERR,ERR,ERR,ERR,ERR,ERR,ERR,ERR,ERR,ERR,ERR,ERR,ERR,ERR,ERR,ERR,ERR,ERR,ERR,ERR,ERR,ERR,ERR,ERR,ERR,ERR,ERR,ERR,ERR,ERR,ERR,ERR,ERR,ERR,ERR,ERR,ERR,ERR,ERR,ERR,ERR,ERR,ERR,ERR,ERR,ERR,ERR,ERR,ERR,ERR,ERR,0.0,-0.0,-0.0,0.0,0.0,1.3936040501711995e+18,7.805,0.0,0,0,4,0,8422,0.0,45,0.0,0.0,0.0,0.0,0.0,0,0,0,0,0.0,0,0,0,0,0,0,0,0,0,0,0,0,0,0,0,0,0,0,0,0,0,0,0,0,0,0,0,0,0,0,0,0,0,38,14,7,45,65476,0,300,0,0,8,21553,0.0,-107605600.0,0.0,0.0,0.0,0.0,0.0,0.0,0.0,0.0,0.0,0.0,0.0,0.0,0.0,0.0,0.0,0.0,0.0,0.0,0.0,0.0,-2.004,-0.0,2.004,-2.004,0.0,0.0,0.0,0.0,5031.0,-0.0,0.0,0.0,-0.0,-107615272.0,2.718429120148166e+23,0.0,0.0,0.0,0.0,53,107615344.0,-0.0,0.0,0.0,0.0,0.0,0.0,0.0,0.0,0,0,0,0.0,0.0,0.0,0.0,0.0,0.0,0.0,0.0,0.0,0.0,0.0,0.0,0.0,0.0,0.0,0.0,0,-107875648.0,53,0.0,106,-107614832.0,0.0,ERR,ERR,ERR,ERR,ERR,ERR,ERR,ERR,ERR,ERR,ERR,ERR,ERR,ERR,ERR,ERR,ERR,ERR,ERR,ERR,ERR,ERR,ERR,ERR,ERR,ERR,ERR,ERR,ERR,ERR,ERR,ERR,ERR,ERR,ERR,ERR,ERR,ERR,ERR,ERR,ERR,ERR,ERR,ERR,ERR,ERR,ERR,ERR,ERR,ERR,ERR,ERR,ERR,ERR,ERR,ERR,ERR,ERR,ERR,ERR,ERR,ERR,ERR,ERR,ERR,ERR,ERR,50.0,60.0,100,0.0,0.0,0.0,0.0,0.0,0.0,0.0,0.0,0.0,0.0,0.0,0.0,0.0,0.0,0.0,0.0,61.6,65,19,65521,50,65476,0,300,0,0,8,20529,65476,0,0,26214,60.0,0.0,0.0,0.0,0.0,0.0
2026-05-17T16:03:14,ERR,ERR,ERR,ERR,ERR,ERR,ERR,ERR,ERR,ERR,ERR,ERR,ERR,ERR,ERR,ERR,ERR,ERR,ERR,ERR,ERR,ERR,ERR,ERR,ERR,ERR,ERR,ERR,ERR,ERR,ERR,ERR,ERR,ERR,ERR,ERR,ERR,ERR,ERR,ERR,ERR,ERR,ERR,ERR,ERR,ERR,ERR,ERR,ERR,ERR,ERR,ERR,ERR,ERR,ERR,ERR,ERR,ERR,ERR,ERR,ERR,ERR,ERR,ERR,ERR,ERR,ERR,ERR,ERR,ERR,ERR,ERR,ERR,ERR,ERR,ERR,ERR,ERR,ERR,ERR,ERR,ERR,ERR,ERR,ERR,ERR,ERR,ERR,ERR,ERR,ERR,ERR,ERR,ERR,ERR,ERR,ERR,ERR,ERR,ERR,ERR,ERR,ERR,ERR,ERR,ERR,ERR,ERR,ERR,ERR,ERR,ERR,ERR,ERR,ERR,ERR,ERR,ERR,ERR,ERR,ERR,ERR,ERR,ERR,ERR,0.0,-0.0,-0.0,0.0,0.0,1.3936040501711995e+18,7.805,0.0,0,0,4,0,8422,0.0,45,0.0,0.0,0.0,0.0,0.0,0,0,0,0,0.0,0,0,0,0,0,0,0,0,0,0,0,0,0,0,0,0,0,0,0,0,0,0,0,0,0,0,0,0,0,0,0,0,0,38,14,7,45,65476,0,300,0,0,8,21553,0.0,-107605600.0,0.0,0.0,0.0,0.0,0.0,0.0,0.0,0.0,0.0,0.0,0.0,0.0,0.0,0.0,0.0,0.0,0.0,0.0,0.0,0.0,-2.004,-0.0,2.004,-2.004,0.0,0.0,0.0,0.0,5031.0,-0.0,0.0,0.0,-0.0,-107615272.0,2.718429120148166e+23,0.0,0.0,0.0,0.0,53,107615344.0,-0.0,0.0,0.0,0.0,0.0,0.0,0.0,0.0,0,0,0,0.0,0.0,0.0,0.0,0.0,0.0,0.0,0.0,0.0,0.0,0.0,0.0,0.0,0.0,0.0,0.0,0,-107875648.0,53,0.0,106,-107614832.0,0.0,ERR,ERR,ERR,ERR,ERR,ERR,ERR,ERR,ERR,ERR,ERR,ERR,ERR,ERR,ERR,ERR,ERR,ERR,ERR,ERR,ERR,ERR,ERR,ERR,ERR,ERR,ERR,ERR,ERR,ERR,ERR,ERR,ERR,ERR,ERR,ERR,ERR,ERR,ERR,ERR,ERR,ERR,ERR,ERR,ERR,ERR,ERR,ERR,ERR,ERR,ERR,ERR,ERR,ERR,ERR,ERR,ERR,ERR,ERR,ERR,ERR,ERR,ERR,ERR,ERR,ERR,ERR,50.0,60.0,100,0.0,0.0,0.0,0.0,0.0,0.0,0.0,0.0,0.0,0.0,0.0,0.0,0.0,0.0,0.0,0.0,61.6,65,19,65521,50,65476,0,300,0,0,8,20529,65476,0,0,26214,60.0,0.0,0.0,0.0,0.0,0.0
2026-05-17T16:03:15,ERR,ERR,ERR,ERR,ERR,ERR,ERR,ERR,ERR,ERR,ERR,ERR,ERR,ERR,ERR,ERR,ERR,ERR,ERR,ERR,ERR,ERR,ERR,ERR,ERR,ERR,ERR,ERR,ERR,ERR,ERR,ERR,ERR,ERR,ERR,ERR,ERR,ERR,ERR,ERR,ERR,ERR,ERR,ERR,ERR,ERR,ERR,ERR,ERR,ERR,ERR,ERR,ERR,ERR,ERR,ERR,ERR,ERR,ERR,ERR,ERR,ERR,ERR,ERR,ERR,ERR,ERR,ERR,ERR,ERR,ERR,ERR,ERR,ERR,ERR,ERR,ERR,ERR,ERR,ERR,ERR,ERR,ERR,ERR,ERR,ERR,ERR,ERR,ERR,ERR,ERR,ERR,ERR,ERR,ERR,ERR,ERR,ERR,ERR,ERR,ERR,ERR,ERR,ERR,ERR,ERR,ERR,ERR,ERR,ERR,ERR,ERR,ERR,ERR,ERR,ERR,ERR,ERR,ERR,ERR,ERR,ERR,ERR,ERR,ERR,0.0,-0.0,-0.0,0.0,0.0,1.3936040501711995e+18,7.805,0.0,0,0,4,0,8422,0.0,45,0.0,0.0,0.0,0.0,0.0,0,0,0,0,0.0,0,0,0,0,0,0,0,0,0,0,0,0,0,0,0,0,0,0,0,0,0,0,0,0,0,0,0,0,0,0,0,0,0,38,14,7,45,65476,0,300,0,0,8,21553,0.0,-107605600.0,0.0,0.0,0.0,0.0,0.0,0.0,0.0,0.0,0.0,0.0,0.0,0.0,0.0,0.0,0.0,0.0,0.0,0.0,0.0,0.0,-2.004,-0.0,2.004,-2.004,0.0,0.0,0.0,0.0,5041.0,2.004,0.0,0.0,-0.0,-107615272.0,2.718429120148166e+23,0.0,0.0,0.0,0.0,53,1.9056979486756045e+17,89220.57,0.0,0.0,0.0,0.0,0.0,0.0,0.0,0,0,0,0.0,0.0,0.0,0.0,0.0,0.0,0.0,0.0,0.0,0.0,0.0,0.0,0.0,0.0,0.0,0.0,0,-107875648.0,53,0.0,106,-107614832.0,0.0,ERR,ERR,ERR,ERR,ERR,ERR,ERR,ERR,ERR,ERR,ERR,ERR,ERR,ERR,ERR,ERR,ERR,ERR,ERR,ERR,ERR,ERR,ERR,ERR,ERR,ERR,ERR,ERR,ERR,ERR,ERR,ERR,ERR,ERR,ERR,ERR,ERR,ERR,ERR,ERR,ERR,ERR,ERR,ERR,ERR,ERR,ERR,ERR,ERR,ERR,ERR,ERR,ERR,ERR,ERR,ERR,ERR,ERR,ERR,ERR,ERR,ERR,ERR,ERR,ERR,ERR,ERR,50.0,60.0,100,0.0,0.0,0.0,0.0,0.0,0.0,0.0,0.0,0.0,0.0,0.0,0.0,0.0,0.0,0.0,0.0,61.6,65,19,65521,50,65476,0,300,0,0,8,20529,65476,0,0,26214,60.0,0.0,0.0,0.0,0.0,0.0
2026-05-17T16:03:16,ERR,ERR,ERR,ERR,ERR,ERR,ERR,ERR,ERR,ERR,ERR,ERR,ERR,ERR,ERR,ERR,ERR,ERR,ERR,ERR,ERR,ERR,ERR,ERR,ERR,ERR,ERR,ERR,ERR,ERR,ERR,ERR,ERR,ERR,ERR,ERR,ERR,ERR,ERR,ERR,ERR,ERR,ERR,ERR,ERR,ERR,ERR,ERR,ERR,ERR,ERR,ERR,ERR,ERR,ERR,ERR,ERR,ERR,ERR,ERR,ERR,ERR,ERR,ERR,ERR,ERR,ERR,ERR,ERR,ERR,ERR,ERR,ERR,ERR,ERR,ERR,ERR,ERR,ERR,ERR,ERR,ERR,ERR,ERR,ERR,ERR,ERR,ERR,ERR,ERR,ERR,ERR,ERR,ERR,ERR,ERR,ERR,ERR,ERR,ERR,ERR,ERR,ERR,ERR,ERR,ERR,ERR,ERR,ERR,ERR,ERR,ERR,ERR,ERR,ERR,ERR,ERR,ERR,ERR,ERR,ERR,ERR,ERR,ERR,ERR,0.0,-0.0,-0.0,0.0,0.0,1.3936040501711995e+18,7.805,0.0,0,0,4,0,8422,0.0,45,0.0,0.0,0.0,0.0,0.0,0,0,0,0,0.0,0,0,0,0,0,0,0,0,0,0,0,0,0,0,0,0,0,0,0,0,0,0,0,0,0,0,0,0,0,0,0,0,0,38,14,7,45,65476,0,300,0,0,8,21553,0.0,-107605600.0,0.0,0.0,0.0,0.0,0.0,0.0,0.0,0.0,0.0,0.0,0.0,0.0,0.0,0.0,0.0,0.0,0.0,0.0,0.0,0.0,-2.004,-0.0,2.004,-2.004,0.0,0.0,0.0,0.0,5041.0,2.004,0.0,0.0,-0.0,-107615272.0,2.718429120148166e+23,0.0,0.0,0.0,0.0,53,1.9056979486756045e+17,89220.57,0.0,0.0,0.0,0.0,0.0,0.0,0.0,0,0,0,0.0,0.0,0.0,0.0,0.0,0.0,0.0,0.0,0.0,0.0,0.0,0.0,0.0,0.0,0.0,0.0,0,-107875648.0,53,0.0,106,-107614832.0,0.0,ERR,ERR,ERR,ERR,ERR,ERR,ERR,ERR,ERR,ERR,ERR,ERR,ERR,ERR,ERR,ERR,ERR,ERR,ERR,ERR,ERR,ERR,ERR,ERR,ERR,ERR,ERR,ERR,ERR,ERR,ERR,ERR,ERR,ERR,ERR,ERR,ERR,ERR,ERR,ERR,ERR,ERR,ERR,ERR,ERR,ERR,ERR,ERR,ERR,ERR,ERR,ERR,ERR,ERR,ERR,ERR,ERR,ERR,ERR,ERR,ERR,ERR,ERR,ERR,ERR,ERR,ERR,50.0,60.0,100,0.0,0.0,0.0,0.0,0.0,0.0,0.0,0.0,0.0,0.0,0.0,0.0,0.0,0.0,0.0,0.0,61.6,65,19,65521,50,65476,0,300,0,0,8,20529,65476,0,0,26214,60.0,0.0,0.0,0.0,0.0,0.0
2026-05-17T16:03:17,ERR,ERR,ERR,ERR,ERR,ERR,ERR,ERR,ERR,ERR,ERR,ERR,ERR,ERR,ERR,ERR,ERR,ERR,ERR,ERR,ERR,ERR,ERR,ERR,ERR,ERR,ERR,ERR,ERR,ERR,ERR,ERR,ERR,ERR,ERR,ERR,ERR,ERR,ERR,ERR,ERR,ERR,ERR,ERR,ERR,ERR,ERR,ERR,ERR,ERR,ERR,ERR,ERR,ERR,ERR,ERR,ERR,ERR,ERR,ERR,ERR,ERR,ERR,ERR,ERR,ERR,ERR,ERR,ERR,ERR,ERR,ERR,ERR,ERR,ERR,ERR,ERR,ERR,ERR,ERR,ERR,ERR,ERR,ERR,ERR,ERR,ERR,ERR,ERR,ERR,ERR,ERR,ERR,ERR,ERR,ERR,ERR,ERR,ERR,ERR,ERR,ERR,ERR,ERR,ERR,ERR,ERR,ERR,ERR,ERR,ERR,ERR,ERR,ERR,ERR,ERR,ERR,ERR,ERR,ERR,ERR,ERR,ERR,ERR,ERR,0.0,-0.0,-0.0,0.0,0.0,1.3936040501711995e+18,7.805,0.0,0,0,4,0,8422,0.0,45,0.0,0.0,0.0,0.0,0.0,0,0,0,0,0.0,0,0,0,0,0,0,0,0,0,0,0,0,0,0,0,0,0,0,0,0,0,0,0,0,0,0,0,0,0,0,0,0,0,38,14,7,45,65476,0,300,0,0,8,21553,0.0,-107605600.0,0.0,0.0,0.0,0.0,0.0,0.0,0.0,0.0,0.0,0.0,0.0,0.0,0.0,0.0,0.0,0.0,0.0,0.0,0.0,0.0,-2.004,-0.0,2.004,-2.004,0.0,0.0,0.0,0.0,5041.0,2.004,0.0,0.0,-0.0,-107615272.0,2.718429120148166e+23,0.0,0.0,0.0,0.0,53,1.9056979486756045e+17,89220.57,0.0,0.0,0.0,0.0,0.0,0.0,0.0,0,0,0,0.0,0.0,0.0,0.0,0.0,0.0,0.0,0.0,0.0,0.0,0.0,0.0,0.0,0.0,0.0,0.0,0,-107875648.0,53,0.0,106,-107614832.0,0.0,ERR,ERR,ERR,ERR,ERR,ERR,ERR,ERR,ERR,ERR,ERR,ERR,ERR,ERR,ERR,ERR,ERR,ERR,ERR,ERR,ERR,ERR,ERR,ERR,ERR,ERR,ERR,ERR,ERR,ERR,ERR,ERR,ERR,ERR,ERR,ERR,ERR,ERR,ERR,ERR,ERR,ERR,ERR,ERR,ERR,ERR,ERR,ERR,ERR,ERR,ERR,ERR,ERR,ERR,ERR,ERR,ERR,ERR,ERR,ERR,ERR,ERR,ERR,ERR,ERR,ERR,ERR,50.0,60.0,100,0.0,0.0,0.0,0.0,0.0,0.0,0.0,0.0,0.0,0.0,0.0,0.0,0.0,0.0,0.0,0.0,61.6,65,19,65521,50,65476,0,300,0,0,8,20529,65476,0,0,26214,60.0,0.0,0.0,0.0,0.0,0.0
2026-05-17T16:03:18,ERR,ERR,ERR,ERR,ERR,ERR,ERR,ERR,ERR,ERR,ERR,ERR,ERR,ERR,ERR,ERR,ERR,ERR,ERR,ERR,ERR,ERR,ERR,ERR,ERR,ERR,ERR,ERR,ERR,ERR,ERR,ERR,ERR,ERR,ERR,ERR,ERR,ERR,ERR,ERR,ERR,ERR,ERR,ERR,ERR,ERR,ERR,ERR,ERR,ERR,ERR,ERR,ERR,ERR,ERR,ERR,ERR,ERR,ERR,ERR,ERR,ERR,ERR,ERR,ERR,ERR,ERR,ERR,ERR,ERR,ERR,ERR,ERR,ERR,ERR,ERR,ERR,ERR,ERR,ERR,ERR,ERR,ERR,ERR,ERR,ERR,ERR,ERR,ERR,ERR,ERR,ERR,ERR,ERR,ERR,ERR,ERR,ERR,ERR,ERR,ERR,ERR,ERR,ERR,ERR,ERR,ERR,ERR,ERR,ERR,ERR,ERR,ERR,ERR,ERR,ERR,ERR,ERR,ERR,ERR,ERR,ERR,ERR,ERR,ERR,0.0,-0.0,-0.0,0.0,0.0,1.3936040501711995e+18,7.805,0.0,0,0,4,0,8422,0.0,45,0.0,0.0,0.0,0.0,0.0,0,0,0,0,0.0,0,0,0,0,0,0,0,0,0,0,0,0,0,0,0,0,0,0,0,0,0,0,0,0,0,0,0,0,0,0,0,0,0,38,14,7,45,65476,0,300,0,0,8,21553,0.0,-107605600.0,0.0,0.0,0.0,0.0,0.0,0.0,0.0,0.0,0.0,0.0,0.0,0.0,0.0,0.0,0.0,0.0,0.0,0.0,0.0,0.0,-2.004,-0.0,2.004,-2.004,0.0,0.0,0.0,0.0,5041.0,2.004,0.0,0.0,-0.0,-107615272.0,2.718429120148166e+23,0.0,0.0,0.0,0.0,53,1.9056979486756045e+17,89220.57,0.0,0.0,0.0,0.0,0.0,0.0,0.0,0,0,0,0.0,0.0,0.0,0.0,0.0,0.0,0.0,0.0,0.0,0.0,0.0,0.0,0.0,0.0,0.0,0.0,0,-107875648.0,53,0.0,106,-107614832.0,0.0,ERR,ERR,ERR,ERR,ERR,ERR,ERR,ERR,ERR,ERR,ERR,ERR,ERR,ERR,ERR,ERR,ERR,ERR,ERR,ERR,ERR,ERR,ERR,ERR,ERR,ERR,ERR,ERR,ERR,ERR,ERR,ERR,ERR,ERR,ERR,ERR,ERR,ERR,ERR,ERR,ERR,ERR,ERR,ERR,ERR,ERR,ERR,ERR,ERR,ERR,ERR,ERR,ERR,ERR,ERR,ERR,ERR,ERR,ERR,ERR,ERR,ERR,ERR,ERR,ERR,ERR,ERR,50.0,60.0,100,0.0,0.0,0.0,0.0,0.0,0.0,0.0,0.0,0.0,0.0,0.0,0.0,0.0,0.0,0.0,0.0,61.6,65,19,65521,50,65476,0,300,0,0,8,20529,65476,0,0,26214,60.0,0.0,0.0,0.0,0.0,0.0
2026-05-17T16:03:19,ERR,ERR,ERR,ERR,ERR,ERR,ERR,ERR,ERR,ERR,ERR,ERR,ERR,ERR,ERR,ERR,ERR,ERR,ERR,ERR,ERR,ERR,ERR,ERR,ERR,ERR,ERR,ERR,ERR,ERR,ERR,ERR,ERR,ERR,ERR,ERR,ERR,ERR,ERR,ERR,ERR,ERR,ERR,ERR,ERR,ERR,ERR,ERR,ERR,ERR,ERR,ERR,ERR,ERR,ERR,ERR,ERR,ERR,ERR,ERR,ERR,ERR,ERR,ERR,ERR,ERR,ERR,ERR,ERR,ERR,ERR,ERR,ERR,ERR,ERR,ERR,ERR,ERR,ERR,ERR,ERR,ERR,ERR,ERR,ERR,ERR,ERR,ERR,ERR,ERR,ERR,ERR,ERR,ERR,ERR,ERR,ERR,ERR,ERR,ERR,ERR,ERR,ERR,ERR,ERR,ERR,ERR,ERR,ERR,ERR,ERR,ERR,ERR,ERR,ERR,ERR,ERR,ERR,ERR,ERR,ERR,ERR,ERR,ERR,ERR,0.0,-0.0,-0.0,0.0,0.0,1.3936040501711995e+18,7.805,0.0,0,0,4,0,8422,0.0,45,0.0,0.0,0.0,0.0,0.0,0,0,0,0,0.0,0,0,0,0,0,0,0,0,0,0,0,0,0,0,0,0,0,0,0,0,0,0,0,0,0,0,0,0,0,0,0,0,0,38,14,7,45,65476,0,300,0,0,8,21553,0.0,-107605600.0,0.0,0.0,0.0,0.0,0.0,0.0,0.0,0.0,0.0,0.0,0.0,0.0,0.0,0.0,0.0,0.0,0.0,0.0,0.0,0.0,-2.004,-0.0,2.004,-2.004,0.0,0.0,0.0,0.0,5041.0,2.004,0.0,0.0,-0.0,-107615272.0,2.718429120148166e+23,0.0,0.0,0.0,0.0,53,1.9056979486756045e+17,89220.57,0.0,0.0,0.0,0.0,0.0,0.0,0.0,0,0,0,0.0,0.0,0.0,0.0,0.0,0.0,0.0,0.0,0.0,0.0,0.0,0.0,0.0,0.0,0.0,0.0,0,-107875648.0,53,0.0,106,-107614832.0,0.0,ERR,ERR,ERR,ERR,ERR,ERR,ERR,ERR,ERR,ERR,ERR,ERR,ERR,ERR,ERR,ERR,ERR,ERR,ERR,ERR,ERR,ERR,ERR,ERR,ERR,ERR,ERR,ERR,ERR,ERR,ERR,ERR,ERR,ERR,ERR,ERR,ERR,ERR,ERR,ERR,ERR,ERR,ERR,ERR,ERR,ERR,ERR,ERR,ERR,ERR,ERR,ERR,ERR,ERR,ERR,ERR,ERR,ERR,ERR,ERR,ERR,ERR,ERR,ERR,ERR,ERR,ERR,50.0,60.0,100,0.0,0.0,0.0,0.0,0.0,0.0,0.0,0.0,0.0,0.0,0.0,0.0,0.0,0.0,0.0,0.0,61.6,65,19,65521,50,65476,0,300,0,0,8,20529,65476,0,0,26214,60.0,0.0,0.0,0.0,0.0,0.0
2026-05-17T16:03:20,ERR,ERR,ERR,ERR,ERR,ERR,ERR,ERR,ERR,ERR,ERR,ERR,ERR,ERR,ERR,ERR,ERR,ERR,ERR,ERR,ERR,ERR,ERR,ERR,ERR,ERR,ERR,ERR,ERR,ERR,ERR,ERR,ERR,ERR,ERR,ERR,ERR,ERR,ERR,ERR,ERR,ERR,ERR,ERR,ERR,ERR,ERR,ERR,ERR,ERR,ERR,ERR,ERR,ERR,ERR,ERR,ERR,ERR,ERR,ERR,ERR,ERR,ERR,ERR,ERR,ERR,ERR,ERR,ERR,ERR,ERR,ERR,ERR,ERR,ERR,ERR,ERR,ERR,ERR,ERR,ERR,ERR,ERR,ERR,ERR,ERR,ERR,ERR,ERR,ERR,ERR,ERR,ERR,ERR,ERR,ERR,ERR,ERR,ERR,ERR,ERR,ERR,ERR,ERR,ERR,ERR,ERR,ERR,ERR,ERR,ERR,ERR,ERR,ERR,ERR,ERR,ERR,ERR,ERR,ERR,ERR,ERR,ERR,ERR,ERR,0.0,-0.0,-0.0,0.0,0.0,1.3936040501711995e+18,7.805,0.0,0,0,4,0,8422,0.0,45,0.0,0.0,0.0,0.0,0.0,0,0,0,0,0.0,0,0,0,0,0,0,0,0,0,0,0,0,0,0,0,0,0,0,0,0,0,0,0,0,0,0,0,0,0,0,0,0,0,38,14,7,45,65476,0,300,0,0,8,21553,0.0,-107605600.0,0.0,0.0,0.0,0.0,0.0,0.0,0.0,0.0,0.0,0.0,0.0,0.0,0.0,0.0,0.0,0.0,0.0,0.0,0.0,0.0,-2.004,-0.0,2.004,-2.004,0.0,0.0,0.0,0.0,5039.0,0.0,0.0,0.0,-0.0,-107615272.0,2.718429120148166e+23,0.0,0.0,0.0,0.0,53,2.3088403658719416e+20,0.0,0.0,0.0,0.0,0.0,0.0,0.0,0.0,0,0,0,0.0,0.0,0.0,0.0,0.0,0.0,0.0,0.0,0.0,0.0,0.0,0.0,0.0,0.0,0.0,0.0,0,-107875648.0,53,0.0,106,-107614832.0,0.0,ERR,ERR,ERR,ERR,ERR,ERR,ERR,ERR,ERR,ERR,ERR,ERR,ERR,ERR,ERR,ERR,ERR,ERR,ERR,ERR,ERR,ERR,ERR,ERR,ERR,ERR,ERR,ERR,ERR,ERR,ERR,ERR,ERR,ERR,ERR,ERR,ERR,ERR,ERR,ERR,ERR,ERR,ERR,ERR,ERR,ERR,ERR,ERR,ERR,ERR,ERR,ERR,ERR,ERR,ERR,ERR,ERR,ERR,ERR,ERR,ERR,ERR,ERR,ERR,ERR,ERR,ERR,50.0,60.0,100,0.0,0.0,0.0,0.0,0.0,0.0,0.0,0.0,0.0,0.0,0.0,0.0,0.0,0.0,0.0,0.0,62.0,65,19,65521,50,65476,0,300,0,0,8,20529,65476,0,0,26214,60.0,0.0,0.0,0.0,0.0,0.0
2026-05-17T16:03:21,ERR,ERR,ERR,ERR,ERR,ERR,ERR,ERR,ERR,ERR,ERR,ERR,ERR,ERR,ERR,ERR,ERR,ERR,ERR,ERR,ERR,ERR,ERR,ERR,ERR,ERR,ERR,ERR,ERR,ERR,ERR,ERR,ERR,ERR,ERR,ERR,ERR,ERR,ERR,ERR,ERR,ERR,ERR,ERR,ERR,ERR,ERR,ERR,ERR,ERR,ERR,ERR,ERR,ERR,ERR,ERR,ERR,ERR,ERR,ERR,ERR,ERR,ERR,ERR,ERR,ERR,ERR,ERR,ERR,ERR,ERR,ERR,ERR,ERR,ERR,ERR,ERR,ERR,ERR,ERR,ERR,ERR,ERR,ERR,ERR,ERR,ERR,ERR,ERR,ERR,ERR,ERR,ERR,ERR,ERR,ERR,ERR,ERR,ERR,ERR,ERR,ERR,ERR,ERR,ERR,ERR,ERR,ERR,ERR,ERR,ERR,ERR,ERR,ERR,ERR,ERR,ERR,ERR,ERR,ERR,ERR,ERR,ERR,ERR,ERR,0.0,-0.0,-0.0,0.0,0.0,1.3936040501711995e+18,7.805,0.0,0,0,4,0,8422,0.0,45,0.0,0.0,0.0,0.0,0.0,0,0,0,0,0.0,0,0,0,0,0,0,0,0,0,0,0,0,0,0,0,0,0,0,0,0,0,0,0,0,0,0,0,0,0,0,0,0,0,38,14,7,45,65476,0,300,0,0,8,21553,0.0,-107605600.0,0.0,0.0,0.0,0.0,0.0,0.0,0.0,0.0,0.0,0.0,0.0,0.0,0.0,0.0,0.0,0.0,0.0,0.0,0.0,0.0,-2.004,-0.0,2.004,-2.004,0.0,0.0,0.0,0.0,5039.0,0.0,0.0,0.0,-0.0,-107615272.0,2.718429120148166e+23,0.0,0.0,0.0,0.0,53,2.3088403658719416e+20,0.0,0.0,0.0,0.0,0.0,0.0,0.0,0.0,0,0,0,0.0,0.0,0.0,0.0,0.0,0.0,0.0,0.0,0.0,0.0,0.0,0.0,0.0,0.0,0.0,0.0,0,-107875648.0,53,0.0,106,-107614832.0,0.0,ERR,ERR,ERR,ERR,ERR,ERR,ERR,ERR,ERR,ERR,ERR,ERR,ERR,ERR,ERR,ERR,ERR,ERR,ERR,ERR,ERR,ERR,ERR,ERR,ERR,ERR,ERR,ERR,ERR,ERR,ERR,ERR,ERR,ERR,ERR,ERR,ERR,ERR,ERR,ERR,ERR,ERR,ERR,ERR,ERR,ERR,ERR,ERR,ERR,ERR,ERR,ERR,ERR,ERR,ERR,ERR,ERR,ERR,ERR,ERR,ERR,ERR,ERR,ERR,ERR,ERR,ERR,50.0,60.0,100,0.0,0.0,0.0,0.0,0.0,0.0,0.0,0.0,0.0,0.0,0.0,0.0,0.0,0.0,0.0,0.0,62.0,65,19,65521,50,65476,0,300,0,0,8,20529,65476,0,0,26214,60.0,0.0,0.0,0.0,0.0,0.0
2026-05-17T16:03:22,ERR,ERR,ERR,ERR,ERR,ERR,ERR,ERR,ERR,ERR,ERR,ERR,ERR,ERR,ERR,ERR,ERR,ERR,ERR,ERR,ERR,ERR,ERR,ERR,ERR,ERR,ERR,ERR,ERR,ERR,ERR,ERR,ERR,ERR,ERR,ERR,ERR,ERR,ERR,ERR,ERR,ERR,ERR,ERR,ERR,ERR,ERR,ERR,ERR,ERR,ERR,ERR,ERR,ERR,ERR,ERR,ERR,ERR,ERR,ERR,ERR,ERR,ERR,ERR,ERR,ERR,ERR,ERR,ERR,ERR,ERR,ERR,ERR,ERR,ERR,ERR,ERR,ERR,ERR,ERR,ERR,ERR,ERR,ERR,ERR,ERR,ERR,ERR,ERR,ERR,ERR,ERR,ERR,ERR,ERR,ERR,ERR,ERR,ERR,ERR,ERR,ERR,ERR,ERR,ERR,ERR,ERR,ERR,ERR,ERR,ERR,ERR,ERR,ERR,ERR,ERR,ERR,ERR,ERR,ERR,ERR,ERR,ERR,ERR,ERR,0.0,-0.0,-0.0,0.0,0.0,1.3936040501711995e+18,7.805,0.0,0,0,4,0,8422,0.0,45,0.0,0.0,0.0,0.0,0.0,0,0,0,0,0.0,0,0,0,0,0,0,0,0,0,0,0,0,0,0,0,0,0,0,0,0,0,0,0,0,0,0,0,0,0,0,0,0,0,38,14,7,45,65476,0,300,0,0,8,21553,0.0,-107605600.0,0.0,0.0,0.0,0.0,0.0,0.0,0.0,0.0,0.0,0.0,0.0,0.0,0.0,0.0,0.0,0.0,0.0,0.0,0.0,0.0,-2.004,-0.0,2.004,-2.004,0.0,0.0,0.0,0.0,5039.0,0.0,0.0,0.0,-0.0,-107615272.0,2.718429120148166e+23,0.0,0.0,0.0,0.0,53,2.3088403658719416e+20,0.0,0.0,0.0,0.0,0.0,0.0,0.0,0.0,0,0,0,0.0,0.0,0.0,0.0,0.0,0.0,0.0,0.0,0.0,0.0,0.0,0.0,0.0,0.0,0.0,0.0,0,-107875648.0,53,0.0,106,-107614832.0,0.0,ERR,ERR,ERR,ERR,ERR,ERR,ERR,ERR,ERR,ERR,ERR,ERR,ERR,ERR,ERR,ERR,ERR,ERR,ERR,ERR,ERR,ERR,ERR,ERR,ERR,ERR,ERR,ERR,ERR,ERR,ERR,ERR,ERR,ERR,ERR,ERR,ERR,ERR,ERR,ERR,ERR,ERR,ERR,ERR,ERR,ERR,ERR,ERR,ERR,ERR,ERR,ERR,ERR,ERR,ERR,ERR,ERR,ERR,ERR,ERR,ERR,ERR,ERR,ERR,ERR,ERR,ERR,50.0,60.0,100,0.0,0.0,0.0,0.0,0.0,0.0,0.0,0.0,0.0,0.0,0.0,0.0,0.0,0.0,0.0,0.0,61.6,65,19,65521,50,65476,0,300,0,0,8,20529,65476,0,0,26214,60.0,0.0,0.0,0.0,0.0,0.0
2026-05-17T16:03:23,ERR,ERR,ERR,ERR,ERR,ERR,ERR,ERR,ERR,ERR,ERR,ERR,ERR,ERR,ERR,ERR,ERR,ERR,ERR,ERR,ERR,ERR,ERR,ERR,ERR,ERR,ERR,ERR,ERR,ERR,ERR,ERR,ERR,ERR,ERR,ERR,ERR,ERR,ERR,ERR,ERR,ERR,ERR,ERR,ERR,ERR,ERR,ERR,ERR,ERR,ERR,ERR,ERR,ERR,ERR,ERR,ERR,ERR,ERR,ERR,ERR,ERR,ERR,ERR,ERR,ERR,ERR,ERR,ERR,ERR,ERR,ERR,ERR,ERR,ERR,ERR,ERR,ERR,ERR,ERR,ERR,ERR,ERR,ERR,ERR,ERR,ERR,ERR,ERR,ERR,ERR,ERR,ERR,ERR,ERR,ERR,ERR,ERR,ERR,ERR,ERR,ERR,ERR,ERR,ERR,ERR,ERR,ERR,ERR,ERR,ERR,ERR,ERR,ERR,ERR,ERR,ERR,ERR,ERR,ERR,ERR,ERR,ERR,ERR,ERR,0.0,-0.0,-0.0,0.0,0.0,1.3936040501711995e+18,7.805,0.0,0,0,4,0,8422,0.0,45,0.0,0.0,0.0,0.0,0.0,0,0,0,0,0.0,0,0,0,0,0,0,0,0,0,0,0,0,0,0,0,0,0,0,0,0,0,0,0,0,0,0,0,0,0,0,0,0,0,38,14,7,45,65476,0,300,0,0,8,21553,0.0,-107605600.0,0.0,0.0,0.0,0.0,0.0,0.0,0.0,0.0,0.0,0.0,0.0,0.0,0.0,0.0,0.0,0.0,0.0,0.0,0.0,0.0,-2.004,-0.0,2.004,-2.004,0.0,0.0,0.0,0.0,5039.0,0.0,0.0,0.0,-0.0,-107615272.0,2.718429120148166e+23,0.0,0.0,0.0,0.0,53,2.3088403658719416e+20,0.0,0.0,0.0,0.0,0.0,0.0,0.0,0.0,0,0,0,0.0,0.0,0.0,0.0,0.0,0.0,0.0,0.0,0.0,0.0,0.0,0.0,0.0,0.0,0.0,0.0,0,-107875648.0,53,0.0,106,-107614832.0,0.0,ERR,ERR,ERR,ERR,ERR,ERR,ERR,ERR,ERR,ERR,ERR,ERR,ERR,ERR,ERR,ERR,ERR,ERR,ERR,ERR,ERR,ERR,ERR,ERR,ERR,ERR,ERR,ERR,ERR,ERR,ERR,ERR,ERR,ERR,ERR,ERR,ERR,ERR,ERR,ERR,ERR,ERR,ERR,ERR,ERR,ERR,ERR,ERR,ERR,ERR,ERR,ERR,ERR,ERR,ERR,ERR,ERR,ERR,ERR,ERR,ERR,ERR,ERR,ERR,ERR,ERR,ERR,50.0,60.0,100,0.0,0.0,0.0,0.0,0.0,0.0,0.0,0.0,0.0,0.0,0.0,0.0,0.0,0.0,0.0,0.0,61.6,65,19,65521,50,65476,0,300,0,0,8,20529,65476,0,0,26214,60.0,0.0,0.0,0.0,0.0,0.0
2026-05-17T16:03:24,ERR,ERR,ERR,ERR,ERR,ERR,ERR,ERR,ERR,ERR,ERR,ERR,ERR,ERR,ERR,ERR,ERR,ERR,ERR,ERR,ERR,ERR,ERR,ERR,ERR,ERR,ERR,ERR,ERR,ERR,ERR,ERR,ERR,ERR,ERR,ERR,ERR,ERR,ERR,ERR,ERR,ERR,ERR,ERR,ERR,ERR,ERR,ERR,ERR,ERR,ERR,ERR,ERR,ERR,ERR,ERR,ERR,ERR,ERR,ERR,ERR,ERR,ERR,ERR,ERR,ERR,ERR,ERR,ERR,ERR,ERR,ERR,ERR,ERR,ERR,ERR,ERR,ERR,ERR,ERR,ERR,ERR,ERR,ERR,ERR,ERR,ERR,ERR,ERR,ERR,ERR,ERR,ERR,ERR,ERR,ERR,ERR,ERR,ERR,ERR,ERR,ERR,ERR,ERR,ERR,ERR,ERR,ERR,ERR,ERR,ERR,ERR,ERR,ERR,ERR,ERR,ERR,ERR,ERR,ERR,ERR,ERR,ERR,ERR,ERR,0.0,-0.0,-0.0,0.0,0.0,1.3936040501711995e+18,7.805,0.0,0,0,4,0,8422,0.0,45,0.0,0.0,0.0,0.0,0.0,0,0,0,0,0.0,0,0,0,0,0,0,0,0,0,0,0,0,0,0,0,0,0,0,0,0,0,0,0,0,0,0,0,0,0,0,0,0,0,38,14,7,45,65476,0,300,0,0,8,21553,0.0,-107605600.0,0.0,0.0,0.0,0.0,0.0,0.0,0.0,0.0,0.0,0.0,0.0,0.0,0.0,0.0,0.0,0.0,0.0,0.0,0.0,0.0,-2.004,-0.0,2.004,-2.004,0.0,0.0,0.0,0.0,5039.0,0.0,0.0,0.0,-0.0,-107615272.0,2.718429120148166e+23,0.0,0.0,0.0,0.0,53,2.3088403658719416e+20,0.0,0.0,0.0,0.0,0.0,0.0,0.0,0.0,0,0,0,0.0,0.0,0.0,0.0,0.0,0.0,0.0,0.0,0.0,0.0,0.0,0.0,0.0,0.0,0.0,0.0,0,-107875648.0,53,0.0,106,-107614832.0,0.0,ERR,ERR,ERR,ERR,ERR,ERR,ERR,ERR,ERR,ERR,ERR,ERR,ERR,ERR,ERR,ERR,ERR,ERR,ERR,ERR,ERR,ERR,ERR,ERR,ERR,ERR,ERR,ERR,ERR,ERR,ERR,ERR,ERR,ERR,ERR,ERR,ERR,ERR,ERR,ERR,ERR,ERR,ERR,ERR,ERR,ERR,ERR,ERR,ERR,ERR,ERR,ERR,ERR,ERR,ERR,ERR,ERR,ERR,ERR,ERR,ERR,ERR,ERR,ERR,ERR,ERR,ERR,50.0,60.0,100,0.0,0.0,0.0,0.0,0.0,0.0,0.0,0.0,0.0,0.0,0.0,0.0,0.0,0.0,0.0,0.0,62.0,65,19,65521,50,65476,0,300,0,0,8,20529,65476,0,0,26214,60.0,0.0,0.0,0.0,0.0,0.0
2026-05-17T16:03:25,ERR,ERR,ERR,ERR,ERR,ERR,ERR,ERR,ERR,ERR,ERR,ERR,ERR,ERR,ERR,ERR,ERR,ERR,ERR,ERR,ERR,ERR,ERR,ERR,ERR,ERR,ERR,ERR,ERR,ERR,ERR,ERR,ERR,ERR,ERR,ERR,ERR,ERR,ERR,ERR,ERR,ERR,ERR,ERR,ERR,ERR,ERR,ERR,ERR,ERR,ERR,ERR,ERR,ERR,ERR,ERR,ERR,ERR,ERR,ERR,ERR,ERR,ERR,ERR,ERR,ERR,ERR,ERR,ERR,ERR,ERR,ERR,ERR,ERR,ERR,ERR,ERR,ERR,ERR,ERR,ERR,ERR,ERR,ERR,ERR,ERR,ERR,ERR,ERR,ERR,ERR,ERR,ERR,ERR,ERR,ERR,ERR,ERR,ERR,ERR,ERR,ERR,ERR,ERR,ERR,ERR,ERR,ERR,ERR,ERR,ERR,ERR,ERR,ERR,ERR,ERR,ERR,ERR,ERR,ERR,ERR,ERR,ERR,ERR,ERR,0.0,-0.0,-0.0,0.0,0.0,1.3936040501711995e+18,7.805,0.0,0,0,4,0,8422,0.0,45,0.0,0.0,0.0,0.0,0.0,0,0,0,0,0.0,0,0,0,0,0,0,0,0,0,0,0,0,0,0,0,0,0,0,0,0,0,0,0,0,0,0,0,0,0,0,0,0,0,38,14,7,45,65476,0,300,0,0,8,21553,0.0,-107605600.0,0.0,0.0,0.0,0.0,0.0,0.0,0.0,0.0,0.0,0.0,0.0,0.0,0.0,0.0,0.0,0.0,0.0,0.0,0.0,0.0,-2.004,-0.0,2.004,-2.004,0.0,0.0,0.0,0.0,5001.0,-8608182272.0,0.0,0.0,-0.0,-107615272.0,2.718429120148166e+23,0.0,0.0,0.0,0.0,53,71.63,-0.0,0.0,0.0,0.0,0.0,0.0,0.0,0.0,0,0,0,0.0,0.0,0.0,0.0,0.0,0.0,0.0,0.0,0.0,0.0,0.0,0.0,0.0,0.0,0.0,0.0,0,-107875648.0,53,0.0,106,-107614832.0,0.0,ERR,ERR,ERR,ERR,ERR,ERR,ERR,ERR,ERR,ERR,ERR,ERR,ERR,ERR,ERR,ERR,ERR,ERR,ERR,ERR,ERR,ERR,ERR,ERR,ERR,ERR,ERR,ERR,ERR,ERR,ERR,ERR,ERR,ERR,ERR,ERR,ERR,ERR,ERR,ERR,ERR,ERR,ERR,ERR,ERR,ERR,ERR,ERR,ERR,ERR,ERR,ERR,ERR,ERR,ERR,ERR,ERR,ERR,ERR,ERR,ERR,ERR,ERR,ERR,ERR,ERR,ERR,50.0,60.0,100,0.0,0.0,0.0,0.0,0.0,0.0,0.0,0.0,0.0,0.0,0.0,0.0,0.0,0.0,0.0,0.0,62.0,65,19,65521,50,65476,0,300,0,0,8,20529,65476,0,0,26214,60.0,0.0,0.0,0.0,0.0,0.0
2026-05-17T16:03:26,ERR,ERR,ERR,ERR,ERR,ERR,ERR,ERR,ERR,ERR,ERR,ERR,ERR,ERR,ERR,ERR,ERR,ERR,ERR,ERR,ERR,ERR,ERR,ERR,ERR,ERR,ERR,ERR,ERR,ERR,ERR,ERR,ERR,ERR,ERR,ERR,ERR,ERR,ERR,ERR,ERR,ERR,ERR,ERR,ERR,ERR,ERR,ERR,ERR,ERR,ERR,ERR,ERR,ERR,ERR,ERR,ERR,ERR,ERR,ERR,ERR,ERR,ERR,ERR,ERR,ERR,ERR,ERR,ERR,ERR,ERR,ERR,ERR,ERR,ERR,ERR,ERR,ERR,ERR,ERR,ERR,ERR,ERR,ERR,ERR,ERR,ERR,ERR,ERR,ERR,ERR,ERR,ERR,ERR,ERR,ERR,ERR,ERR,ERR,ERR,ERR,ERR,ERR,ERR,ERR,ERR,ERR,ERR,ERR,ERR,ERR,ERR,ERR,ERR,ERR,ERR,ERR,ERR,ERR,ERR,ERR,ERR,ERR,ERR,ERR,0.0,-0.0,-0.0,0.0,0.0,1.3936040501711995e+18,7.805,0.0,0,0,4,0,8422,0.0,45,0.0,0.0,0.0,0.0,0.0,0,0,0,0,0.0,0,0,0,0,0,0,0,0,0,0,0,0,0,0,0,0,0,0,0,0,0,0,0,0,0,0,0,0,0,0,0,0,0,38,14,7,45,65476,0,300,0,0,8,21553,0.0,-107605600.0,0.0,0.0,0.0,0.0,0.0,0.0,0.0,0.0,0.0,0.0,0.0,0.0,0.0,0.0,0.0,0.0,0.0,0.0,0.0,0.0,-2.004,-0.0,2.004,-2.004,0.0,0.0,0.0,0.0,5001.0,-8608182272.0,0.0,0.0,-0.0,-107615272.0,2.718429120148166e+23,0.0,0.0,0.0,0.0,53,71.63,-0.0,0.0,0.0,0.0,0.0,0.0,0.0,0.0,0,0,0,0.0,0.0,0.0,0.0,0.0,0.0,0.0,0.0,0.0,0.0,0.0,0.0,0.0,0.0,0.0,0.0,0,-107875648.0,53,0.0,106,-107614832.0,0.0,ERR,ERR,ERR,ERR,ERR,ERR,ERR,ERR,ERR,ERR,ERR,ERR,ERR,ERR,ERR,ERR,ERR,ERR,ERR,ERR,ERR,ERR,ERR,ERR,ERR,ERR,ERR,ERR,ERR,ERR,ERR,ERR,ERR,ERR,ERR,ERR,ERR,ERR,ERR,ERR,ERR,ERR,ERR,ERR,ERR,ERR,ERR,ERR,ERR,ERR,ERR,ERR,ERR,ERR,ERR,ERR,ERR,ERR,ERR,ERR,ERR,ERR,ERR,ERR,ERR,ERR,ERR,50.0,60.0,100,0.0,0.0,0.0,0.0,0.0,0.0,0.0,0.0,0.0,0.0,0.0,0.0,0.0,0.0,0.0,0.0,61.6,65,19,65521,50,65476,0,300,0,0,8,20529,65476,0,0,26214,60.0,0.0,0.0,0.0,0.0,0.0
2026-05-17T16:03:27,ERR,ERR,ERR,ERR,ERR,ERR,ERR,ERR,ERR,ERR,ERR,ERR,ERR,ERR,ERR,ERR,ERR,ERR,ERR,ERR,ERR,ERR,ERR,ERR,ERR,ERR,ERR,ERR,ERR,ERR,ERR,ERR,ERR,ERR,ERR,ERR,ERR,ERR,ERR,ERR,ERR,ERR,ERR,ERR,ERR,ERR,ERR,ERR,ERR,ERR,ERR,ERR,ERR,ERR,ERR,ERR,ERR,ERR,ERR,ERR,ERR,ERR,ERR,ERR,ERR,ERR,ERR,ERR,ERR,ERR,ERR,ERR,ERR,ERR,ERR,ERR,ERR,ERR,ERR,ERR,ERR,ERR,ERR,ERR,ERR,ERR,ERR,ERR,ERR,ERR,ERR,ERR,ERR,ERR,ERR,ERR,ERR,ERR,ERR,ERR,ERR,ERR,ERR,ERR,ERR,ERR,ERR,ERR,ERR,ERR,ERR,ERR,ERR,ERR,ERR,ERR,ERR,ERR,ERR,ERR,ERR,ERR,ERR,ERR,ERR,0.0,-0.0,-0.0,0.0,0.0,1.3936040501711995e+18,7.805,0.0,0,0,4,0,8422,0.0,45,0.0,0.0,0.0,0.0,0.0,0,0,0,0,0.0,0,0,0,0,0,0,0,0,0,0,0,0,0,0,0,0,0,0,0,0,0,0,0,0,0,0,0,0,0,0,0,0,0,38,14,7,45,65476,0,300,0,0,8,21553,0.0,-107605600.0,0.0,0.0,0.0,0.0,0.0,0.0,0.0,0.0,0.0,0.0,0.0,0.0,0.0,0.0,0.0,0.0,0.0,0.0,0.0,0.0,-2.004,-0.0,2.004,-2.004,0.0,0.0,0.0,0.0,5001.0,-8608182272.0,0.0,0.0,-0.0,-107615272.0,2.718429120148166e+23,0.0,0.0,0.0,0.0,53,71.63,-0.0,0.0,0.0,0.0,0.0,0.0,0.0,0.0,0,0,0,0.0,0.0,0.0,0.0,0.0,0.0,0.0,0.0,0.0,0.0,0.0,0.0,0.0,0.0,0.0,0.0,0,-107875648.0,53,0.0,106,-107614832.0,0.0,ERR,ERR,ERR,ERR,ERR,ERR,ERR,ERR,ERR,ERR,ERR,ERR,ERR,ERR,ERR,ERR,ERR,ERR,ERR,ERR,ERR,ERR,ERR,ERR,ERR,ERR,ERR,ERR,ERR,ERR,ERR,ERR,ERR,ERR,ERR,ERR,ERR,ERR,ERR,ERR,ERR,ERR,ERR,ERR,ERR,ERR,ERR,ERR,ERR,ERR,ERR,ERR,ERR,ERR,ERR,ERR,ERR,ERR,ERR,ERR,ERR,ERR,ERR,ERR,ERR,ERR,ERR,50.0,60.0,100,0.0,0.0,0.0,0.0,0.0,0.0,0.0,0.0,0.0,0.0,0.0,0.0,0.0,0.0,0.0,0.0,61.6,65,19,65521,50,65476,0,300,0,0,8,20529,65476,0,0,26214,60.0,0.0,0.0,0.0,0.0,0.0
2026-05-17T16:03:28,ERR,ERR,ERR,ERR,ERR,ERR,ERR,ERR,ERR,ERR,ERR,ERR,ERR,ERR,ERR,ERR,ERR,ERR,ERR,ERR,ERR,ERR,ERR,ERR,ERR,ERR,ERR,ERR,ERR,ERR,ERR,ERR,ERR,ERR,ERR,ERR,ERR,ERR,ERR,ERR,ERR,ERR,ERR,ERR,ERR,ERR,ERR,ERR,ERR,ERR,ERR,ERR,ERR,ERR,ERR,ERR,ERR,ERR,ERR,ERR,ERR,ERR,ERR,ERR,ERR,ERR,ERR,ERR,ERR,ERR,ERR,ERR,ERR,ERR,ERR,ERR,ERR,ERR,ERR,ERR,ERR,ERR,ERR,ERR,ERR,ERR,ERR,ERR,ERR,ERR,ERR,ERR,ERR,ERR,ERR,ERR,ERR,ERR,ERR,ERR,ERR,ERR,ERR,ERR,ERR,ERR,ERR,ERR,ERR,ERR,ERR,ERR,ERR,ERR,ERR,ERR,ERR,ERR,ERR,ERR,ERR,ERR,ERR,ERR,ERR,0.0,-0.0,-0.0,0.0,0.0,1.3936040501711995e+18,7.805,0.0,0,0,4,0,8422,0.0,45,0.0,0.0,0.0,0.0,0.0,0,0,0,0,0.0,0,0,0,0,0,0,0,0,0,0,0,0,0,0,0,0,0,0,0,0,0,0,0,0,0,0,0,0,0,0,0,0,0,38,14,7,45,65476,0,300,0,0,8,21553,0.0,-107605600.0,0.0,0.0,0.0,0.0,0.0,0.0,0.0,0.0,0.0,0.0,0.0,0.0,0.0,0.0,0.0,0.0,0.0,0.0,0.0,0.0,-2.004,-0.0,2.004,-2.004,0.0,0.0,0.0,0.0,5001.0,-8608182272.0,0.0,0.0,-0.0,-107615272.0,2.718429120148166e+23,0.0,0.0,0.0,0.0,53,71.63,-0.0,0.0,0.0,0.0,0.0,0.0,0.0,0.0,0,0,0,0.0,0.0,0.0,0.0,0.0,0.0,0.0,0.0,0.0,0.0,0.0,0.0,0.0,0.0,0.0,0.0,0,-107875648.0,53,0.0,106,-107614832.0,0.0,ERR,ERR,ERR,ERR,ERR,ERR,ERR,ERR,ERR,ERR,ERR,ERR,ERR,ERR,ERR,ERR,ERR,ERR,ERR,ERR,ERR,ERR,ERR,ERR,ERR,ERR,ERR,ERR,ERR,ERR,ERR,ERR,ERR,ERR,ERR,ERR,ERR,ERR,ERR,ERR,ERR,ERR,ERR,ERR,ERR,ERR,ERR,ERR,ERR,ERR,ERR,ERR,ERR,ERR,ERR,ERR,ERR,ERR,ERR,ERR,ERR,ERR,ERR,ERR,ERR,ERR,ERR,50.0,60.0,100,0.0,0.0,0.0,0.0,0.0,0.0,0.0,0.0,0.0,0.0,0.0,0.0,0.0,0.0,0.0,0.0,61.6,65,19,65521,50,65476,0,300,0,0,8,20529,65476,0,0,26214,60.0,0.0,0.0,0.0,0.0,0.0
2026-05-17T16:03:29,ERR,ERR,ERR,ERR,ERR,ERR,ERR,ERR,ERR,ERR,ERR,ERR,ERR,ERR,ERR,ERR,ERR,ERR,ERR,ERR,ERR,ERR,ERR,ERR,ERR,ERR,ERR,ERR,ERR,ERR,ERR,ERR,ERR,ERR,ERR,ERR,ERR,ERR,ERR,ERR,ERR,ERR,ERR,ERR,ERR,ERR,ERR,ERR,ERR,ERR,ERR,ERR,ERR,ERR,ERR,ERR,ERR,ERR,ERR,ERR,ERR,ERR,ERR,ERR,ERR,ERR,ERR,ERR,ERR,ERR,ERR,ERR,ERR,ERR,ERR,ERR,ERR,ERR,ERR,ERR,ERR,ERR,ERR,ERR,ERR,ERR,ERR,ERR,ERR,ERR,ERR,ERR,ERR,ERR,ERR,ERR,ERR,ERR,ERR,ERR,ERR,ERR,ERR,ERR,ERR,ERR,ERR,ERR,ERR,ERR,ERR,ERR,ERR,ERR,ERR,ERR,ERR,ERR,ERR,ERR,ERR,ERR,ERR,ERR,ERR,0.0,-0.0,-0.0,0.0,0.0,1.3936040501711995e+18,7.805,0.0,0,0,4,0,8422,0.0,45,0.0,0.0,0.0,0.0,0.0,0,0,0,0,0.0,0,0,0,0,0,0,0,0,0,0,0,0,0,0,0,0,0,0,0,0,0,0,0,0,0,0,0,0,0,0,0,0,0,38,14,7,45,65476,0,300,0,0,8,21553,0.0,-107605600.0,0.0,0.0,0.0,0.0,0.0,0.0,0.0,0.0,0.0,0.0,0.0,0.0,0.0,0.0,0.0,0.0,0.0,0.0,0.0,0.0,-2.004,-0.0,2.004,-2.004,0.0,0.0,0.0,0.0,5001.0,-8608182272.0,0.0,0.0,-0.0,-107615272.0,2.718429120148166e+23,0.0,0.0,0.0,0.0,53,71.63,-0.0,0.0,0.0,0.0,0.0,0.0,0.0,0.0,0,0,0,0.0,0.0,0.0,0.0,0.0,0.0,0.0,0.0,0.0,0.0,0.0,0.0,0.0,0.0,0.0,0.0,0,-107875648.0,53,0.0,106,-107614832.0,0.0,ERR,ERR,ERR,ERR,ERR,ERR,ERR,ERR,ERR,ERR,ERR,ERR,ERR,ERR,ERR,ERR,ERR,ERR,ERR,ERR,ERR,ERR,ERR,ERR,ERR,ERR,ERR,ERR,ERR,ERR,ERR,ERR,ERR,ERR,ERR,ERR,ERR,ERR,ERR,ERR,ERR,ERR,ERR,ERR,ERR,ERR,ERR,ERR,ERR,ERR,ERR,ERR,ERR,ERR,ERR,ERR,ERR,ERR,ERR,ERR,ERR,ERR,ERR,ERR,ERR,ERR,ERR,50.0,60.0,100,0.0,0.0,0.0,0.0,0.0,0.0,0.0,0.0,0.0,0.0,0.0,0.0,0.0,0.0,0.0,0.0,61.6,65,19,65521,50,65476,0,300,0,0,8,20529,65476,0,0,26214,60.0,0.0,0.0,0.0,0.0,0.0
2026-05-17T16:03:30,ERR,ERR,ERR,ERR,ERR,ERR,ERR,ERR,ERR,ERR,ERR,ERR,ERR,ERR,ERR,ERR,ERR,ERR,ERR,ERR,ERR,ERR,ERR,ERR,ERR,ERR,ERR,ERR,ERR,ERR,ERR,ERR,ERR,ERR,ERR,ERR,ERR,ERR,ERR,ERR,ERR,ERR,ERR,ERR,ERR,ERR,ERR,ERR,ERR,ERR,ERR,ERR,ERR,ERR,ERR,ERR,ERR,ERR,ERR,ERR,ERR,ERR,ERR,ERR,ERR,ERR,ERR,ERR,ERR,ERR,ERR,ERR,ERR,ERR,ERR,ERR,ERR,ERR,ERR,ERR,ERR,ERR,ERR,ERR,ERR,ERR,ERR,ERR,ERR,ERR,ERR,ERR,ERR,ERR,ERR,ERR,ERR,ERR,ERR,ERR,ERR,ERR,ERR,ERR,ERR,ERR,ERR,ERR,ERR,ERR,ERR,ERR,ERR,ERR,ERR,ERR,ERR,ERR,ERR,ERR,ERR,ERR,ERR,ERR,ERR,0.0,-0.0,-0.0,0.0,0.0,1.3936040501711995e+18,7.805,0.0,0,0,4,0,8422,0.0,45,0.0,0.0,0.0,0.0,0.0,0,0,0,0,0.0,0,0,0,0,0,0,0,0,0,0,0,0,0,0,0,0,0,0,0,0,0,0,0,0,0,0,0,0,0,0,0,0,0,38,14,7,45,65476,0,300,0,0,8,21553,0.0,-107605600.0,0.0,0.0,0.0,0.0,0.0,0.0,0.0,0.0,0.0,0.0,0.0,0.0,0.0,0.0,0.0,0.0,0.0,0.0,0.0,0.0,-2.004,-0.0,2.004,-2.004,0.0,0.0,0.0,0.0,5031.0,0.0,0.0,0.0,-0.0,-107615272.0,2.718429120148166e+23,0.0,0.0,0.0,0.0,53,0.0,0.0,0.0,0.0,0.0,0.0,0.0,0.0,0.0,0,0,0,0.0,0.0,0.0,0.0,0.0,0.0,0.0,0.0,0.0,0.0,0.0,0.0,0.0,0.0,0.0,0.0,0,-107875648.0,53,0.0,106,-107614832.0,0.0,ERR,ERR,ERR,ERR,ERR,ERR,ERR,ERR,ERR,ERR,ERR,ERR,ERR,ERR,ERR,ERR,ERR,ERR,ERR,ERR,ERR,ERR,ERR,ERR,ERR,ERR,ERR,ERR,ERR,ERR,ERR,ERR,ERR,ERR,ERR,ERR,ERR,ERR,ERR,ERR,ERR,ERR,ERR,ERR,ERR,ERR,ERR,ERR,ERR,ERR,ERR,ERR,ERR,ERR,ERR,ERR,ERR,ERR,ERR,ERR,ERR,ERR,ERR,ERR,ERR,ERR,ERR,50.0,60.0,100,0.0,0.0,0.0,0.0,0.0,0.0,0.0,0.0,0.0,0.0,0.0,0.0,0.0,0.0,0.0,0.0,61.6,65,19,65521,50,65476,0,300,0,0,8,20529,65476,0,0,26214,60.0,0.0,0.0,0.0,0.0,0.0
2026-05-17T16:03:31,ERR,ERR,ERR,ERR,ERR,ERR,ERR,ERR,ERR,ERR,ERR,ERR,ERR,ERR,ERR,ERR,ERR,ERR,ERR,ERR,ERR,ERR,ERR,ERR,ERR,ERR,ERR,ERR,ERR,ERR,ERR,ERR,ERR,ERR,ERR,ERR,ERR,ERR,ERR,ERR,ERR,ERR,ERR,ERR,ERR,ERR,ERR,ERR,ERR,ERR,ERR,ERR,ERR,ERR,ERR,ERR,ERR,ERR,ERR,ERR,ERR,ERR,ERR,ERR,ERR,ERR,ERR,ERR,ERR,ERR,ERR,ERR,ERR,ERR,ERR,ERR,ERR,ERR,ERR,ERR,ERR,ERR,ERR,ERR,ERR,ERR,ERR,ERR,ERR,ERR,ERR,ERR,ERR,ERR,ERR,ERR,ERR,ERR,ERR,ERR,ERR,ERR,ERR,ERR,ERR,ERR,ERR,ERR,ERR,ERR,ERR,ERR,ERR,ERR,ERR,ERR,ERR,ERR,ERR,ERR,ERR,ERR,ERR,ERR,ERR,0.0,-0.0,-0.0,0.0,0.0,1.3936040501711995e+18,7.805,0.0,0,0,4,0,8422,0.0,45,0.0,0.0,0.0,0.0,0.0,0,0,0,0,0.0,0,0,0,0,0,0,0,0,0,0,0,0,0,0,0,0,0,0,0,0,0,0,0,0,0,0,0,0,0,0,0,0,0,38,14,7,45,65476,0,300,0,0,8,21553,0.0,-107605600.0,0.0,0.0,0.0,0.0,0.0,0.0,0.0,0.0,0.0,0.0,0.0,0.0,0.0,0.0,0.0,0.0,0.0,0.0,0.0,0.0,-2.004,-0.0,2.004,-2.004,0.0,0.0,0.0,0.0,5031.0,0.0,0.0,0.0,-0.0,-107615272.0,2.718429120148166e+23,0.0,0.0,0.0,0.0,53,0.0,0.0,0.0,0.0,0.0,0.0,0.0,0.0,0.0,0,0,0,0.0,0.0,0.0,0.0,0.0,0.0,0.0,0.0,0.0,0.0,0.0,0.0,0.0,0.0,0.0,0.0,0,-107875648.0,53,0.0,106,-107614832.0,0.0,ERR,ERR,ERR,ERR,ERR,ERR,ERR,ERR,ERR,ERR,ERR,ERR,ERR,ERR,ERR,ERR,ERR,ERR,ERR,ERR,ERR,ERR,ERR,ERR,ERR,ERR,ERR,ERR,ERR,ERR,ERR,ERR,ERR,ERR,ERR,ERR,ERR,ERR,ERR,ERR,ERR,ERR,ERR,ERR,ERR,ERR,ERR,ERR,ERR,ERR,ERR,ERR,ERR,ERR,ERR,ERR,ERR,ERR,ERR,ERR,ERR,ERR,ERR,ERR,ERR,ERR,ERR,50.0,60.0,100,0.0,0.0,0.0,0.0,0.0,0.0,0.0,0.0,0.0,0.0,0.0,0.0,0.0,0.0,0.0,0.0,61.6,65,19,65521,50,65476,0,300,0,0,8,20529,65476,0,0,26214,60.0,0.0,0.0,0.0,0.0,0.0
2026-05-17T16:03:32,ERR,ERR,ERR,ERR,ERR,ERR,ERR,ERR,ERR,ERR,ERR,ERR,ERR,ERR,ERR,ERR,ERR,ERR,ERR,ERR,ERR,ERR,ERR,ERR,ERR,ERR,ERR,ERR,ERR,ERR,ERR,ERR,ERR,ERR,ERR,ERR,ERR,ERR,ERR,ERR,ERR,ERR,ERR,ERR,ERR,ERR,ERR,ERR,ERR,ERR,ERR,ERR,ERR,ERR,ERR,ERR,ERR,ERR,ERR,ERR,ERR,ERR,ERR,ERR,ERR,ERR,ERR,ERR,ERR,ERR,ERR,ERR,ERR,ERR,ERR,ERR,ERR,ERR,ERR,ERR,ERR,ERR,ERR,ERR,ERR,ERR,ERR,ERR,ERR,ERR,ERR,ERR,ERR,ERR,ERR,ERR,ERR,ERR,ERR,ERR,ERR,ERR,ERR,ERR,ERR,ERR,ERR,ERR,ERR,ERR,ERR,ERR,ERR,ERR,ERR,ERR,ERR,ERR,ERR,ERR,ERR,ERR,ERR,ERR,ERR,0.0,-0.0,-0.0,0.0,0.0,1.3936040501711995e+18,7.805,0.0,0,0,4,0,8422,0.0,45,0.0,0.0,0.0,0.0,0.0,0,0,0,0,0.0,0,0,0,0,0,0,0,0,0,0,0,0,0,0,0,0,0,0,0,0,0,0,0,0,0,0,0,0,0,0,0,0,0,38,14,7,45,65476,0,300,0,0,8,21553,0.0,-107605600.0,0.0,0.0,0.0,0.0,0.0,0.0,0.0,0.0,0.0,0.0,0.0,0.0,0.0,0.0,0.0,0.0,0.0,0.0,0.0,0.0,-2.004,-0.0,2.004,-2.004,0.0,0.0,0.0,0.0,5031.0,0.0,0.0,0.0,-0.0,-107615272.0,2.718429120148166e+23,0.0,0.0,0.0,0.0,53,0.0,0.0,0.0,0.0,0.0,0.0,0.0,0.0,0.0,0,0,0,0.0,0.0,0.0,0.0,0.0,0.0,0.0,0.0,0.0,0.0,0.0,0.0,0.0,0.0,0.0,0.0,0,-107875648.0,53,0.0,106,-107614832.0,0.0,ERR,ERR,ERR,ERR,ERR,ERR,ERR,ERR,ERR,ERR,ERR,ERR,ERR,ERR,ERR,ERR,ERR,ERR,ERR,ERR,ERR,ERR,ERR,ERR,ERR,ERR,ERR,ERR,ERR,ERR,ERR,ERR,ERR,ERR,ERR,ERR,ERR,ERR,ERR,ERR,ERR,ERR,ERR,ERR,ERR,ERR,ERR,ERR,ERR,ERR,ERR,ERR,ERR,ERR,ERR,ERR,ERR,ERR,ERR,ERR,ERR,ERR,ERR,ERR,ERR,ERR,ERR,50.0,60.0,100,0.0,0.0,0.0,0.0,0.0,0.0,0.0,0.0,0.0,0.0,0.0,0.0,0.0,0.0,0.0,0.0,61.6,65,19,65521,50,65476,0,300,0,0,8,20529,65476,0,0,26214,60.0,0.0,0.0,0.0,0.0,0.0
2026-05-17T16:03:33,ERR,ERR,ERR,ERR,ERR,ERR,ERR,ERR,ERR,ERR,ERR,ERR,ERR,ERR,ERR,ERR,ERR,ERR,ERR,ERR,ERR,ERR,ERR,ERR,ERR,ERR,ERR,ERR,ERR,ERR,ERR,ERR,ERR,ERR,ERR,ERR,ERR,ERR,ERR,ERR,ERR,ERR,ERR,ERR,ERR,ERR,ERR,ERR,ERR,ERR,ERR,ERR,ERR,ERR,ERR,ERR,ERR,ERR,ERR,ERR,ERR,ERR,ERR,ERR,ERR,ERR,ERR,ERR,ERR,ERR,ERR,ERR,ERR,ERR,ERR,ERR,ERR,ERR,ERR,ERR,ERR,ERR,ERR,ERR,ERR,ERR,ERR,ERR,ERR,ERR,ERR,ERR,ERR,ERR,ERR,ERR,ERR,ERR,ERR,ERR,ERR,ERR,ERR,ERR,ERR,ERR,ERR,ERR,ERR,ERR,ERR,ERR,ERR,ERR,ERR,ERR,ERR,ERR,ERR,ERR,ERR,ERR,ERR,ERR,ERR,0.0,-0.0,-0.0,0.0,0.0,1.3936040501711995e+18,7.805,0.0,0,0,4,0,8422,0.0,45,0.0,0.0,0.0,0.0,0.0,0,0,0,0,0.0,0,0,0,0,0,0,0,0,0,0,0,0,0,0,0,0,0,0,0,0,0,0,0,0,0,0,0,0,0,0,0,0,0,38,14,7,45,65476,0,300,0,0,8,21553,0.0,-107605600.0,0.0,0.0,0.0,0.0,0.0,0.0,0.0,0.0,0.0,0.0,0.0,0.0,0.0,0.0,0.0,0.0,0.0,0.0,0.0,0.0,-2.004,-0.0,2.004,-2.004,0.0,0.0,0.0,0.0,5031.0,0.0,0.0,0.0,-0.0,-107615272.0,2.718429120148166e+23,0.0,0.0,0.0,0.0,53,0.0,0.0,0.0,0.0,0.0,0.0,0.0,0.0,0.0,0,0,0,0.0,0.0,0.0,0.0,0.0,0.0,0.0,0.0,0.0,0.0,0.0,0.0,0.0,0.0,0.0,0.0,0,-107875648.0,53,0.0,106,-107614832.0,0.0,ERR,ERR,ERR,ERR,ERR,ERR,ERR,ERR,ERR,ERR,ERR,ERR,ERR,ERR,ERR,ERR,ERR,ERR,ERR,ERR,ERR,ERR,ERR,ERR,ERR,ERR,ERR,ERR,ERR,ERR,ERR,ERR,ERR,ERR,ERR,ERR,ERR,ERR,ERR,ERR,ERR,ERR,ERR,ERR,ERR,ERR,ERR,ERR,ERR,ERR,ERR,ERR,ERR,ERR,ERR,ERR,ERR,ERR,ERR,ERR,ERR,ERR,ERR,ERR,ERR,ERR,ERR,50.0,60.0,100,0.0,0.0,0.0,0.0,0.0,0.0,0.0,0.0,0.0,0.0,0.0,0.0,0.0,0.0,0.0,0.0,61.6,65,19,65521,50,65476,0,300,0,0,8,20529,65476,0,0,26214,60.0,0.0,0.0,0.0,0.0,0.0
2026-05-17T16:03:34,ERR,ERR,ERR,ERR,ERR,ERR,ERR,ERR,ERR,ERR,ERR,ERR,ERR,ERR,ERR,ERR,ERR,ERR,ERR,ERR,ERR,ERR,ERR,ERR,ERR,ERR,ERR,ERR,ERR,ERR,ERR,ERR,ERR,ERR,ERR,ERR,ERR,ERR,ERR,ERR,ERR,ERR,ERR,ERR,ERR,ERR,ERR,ERR,ERR,ERR,ERR,ERR,ERR,ERR,ERR,ERR,ERR,ERR,ERR,ERR,ERR,ERR,ERR,ERR,ERR,ERR,ERR,ERR,ERR,ERR,ERR,ERR,ERR,ERR,ERR,ERR,ERR,ERR,ERR,ERR,ERR,ERR,ERR,ERR,ERR,ERR,ERR,ERR,ERR,ERR,ERR,ERR,ERR,ERR,ERR,ERR,ERR,ERR,ERR,ERR,ERR,ERR,ERR,ERR,ERR,ERR,ERR,ERR,ERR,ERR,ERR,ERR,ERR,ERR,ERR,ERR,ERR,ERR,ERR,ERR,ERR,ERR,ERR,ERR,ERR,0.0,-0.0,-0.0,0.0,0.0,1.3936040501711995e+18,7.805,0.0,0,0,4,0,8422,0.0,45,0.0,0.0,0.0,0.0,0.0,0,0,0,0,0.0,0,0,0,0,0,0,0,0,0,0,0,0,0,0,0,0,0,0,0,0,0,0,0,0,0,0,0,0,0,0,0,0,0,38,14,7,45,65476,0,300,0,0,8,21553,0.0,-107605600.0,0.0,0.0,0.0,0.0,0.0,0.0,0.0,0.0,0.0,0.0,0.0,0.0,0.0,0.0,0.0,0.0,0.0,0.0,0.0,0.0,-2.004,-0.0,2.004,-2.004,0.0,0.0,0.0,0.0,5031.0,0.0,0.0,0.0,-0.0,-107615272.0,2.718429120148166e+23,0.0,0.0,0.0,0.0,53,0.0,0.0,0.0,0.0,0.0,0.0,0.0,0.0,0.0,0,0,0,0.0,0.0,0.0,0.0,0.0,0.0,0.0,0.0,0.0,0.0,0.0,0.0,0.0,0.0,0.0,0.0,0,-107875648.0,53,0.0,106,-107614832.0,0.0,ERR,ERR,ERR,ERR,ERR,ERR,ERR,ERR,ERR,ERR,ERR,ERR,ERR,ERR,ERR,ERR,ERR,ERR,ERR,ERR,ERR,ERR,ERR,ERR,ERR,ERR,ERR,ERR,ERR,ERR,ERR,ERR,ERR,ERR,ERR,ERR,ERR,ERR,ERR,ERR,ERR,ERR,ERR,ERR,ERR,ERR,ERR,ERR,ERR,ERR,ERR,ERR,ERR,ERR,ERR,ERR,ERR,ERR,ERR,ERR,ERR,ERR,ERR,ERR,ERR,ERR,ERR,50.0,60.0,100,0.0,0.0,0.0,0.0,0.0,0.0,0.0,0.0,0.0,0.0,0.0,0.0,0.0,0.0,0.0,0.0,61.6,65,19,65521,50,65476,0,300,0,0,8,20529,65476,0,0,26214,60.0,0.0,0.0,0.0,0.0,0.0
2026-05-17T16:03:35,ERR,ERR,ERR,ERR,ERR,ERR,ERR,ERR,ERR,ERR,ERR,ERR,ERR,ERR,ERR,ERR,ERR,ERR,ERR,ERR,ERR,ERR,ERR,ERR,ERR,ERR,ERR,ERR,ERR,ERR,ERR,ERR,ERR,ERR,ERR,ERR,ERR,ERR,ERR,ERR,ERR,ERR,ERR,ERR,ERR,ERR,ERR,ERR,ERR,ERR,ERR,ERR,ERR,ERR,ERR,ERR,ERR,ERR,ERR,ERR,ERR,ERR,ERR,ERR,ERR,ERR,ERR,ERR,ERR,ERR,ERR,ERR,ERR,ERR,ERR,ERR,ERR,ERR,ERR,ERR,ERR,ERR,ERR,ERR,ERR,ERR,ERR,ERR,ERR,ERR,ERR,ERR,ERR,ERR,ERR,ERR,ERR,ERR,ERR,ERR,ERR,ERR,ERR,ERR,ERR,ERR,ERR,ERR,ERR,ERR,ERR,ERR,ERR,ERR,ERR,ERR,ERR,ERR,ERR,ERR,ERR,ERR,ERR,ERR,ERR,0.0,-0.0,-0.0,0.0,0.0,1.3936040501711995e+18,7.805,0.0,0,0,4,0,8422,0.0,45,0.0,0.0,0.0,0.0,0.0,0,0,0,0,0.0,0,0,0,0,0,0,0,0,0,0,0,0,0,0,0,0,0,0,0,0,0,0,0,0,0,0,0,0,0,0,0,0,0,38,14,7,45,65476,0,300,0,0,8,21553,0.0,-107605600.0,0.0,0.0,0.0,0.0,0.0,0.0,0.0,0.0,0.0,0.0,0.0,0.0,0.0,0.0,0.0,0.0,0.0,0.0,0.0,0.0,-2.004,-0.0,2.004,-2.004,0.0,0.0,0.0,0.0,5033.0,1.040665504650976e+34,0.0,0.0,-0.0,-107615272.0,2.718429120148166e+23,0.0,0.0,0.0,0.0,53,71.63,-0.0,0.0,0.0,0.0,0.0,0.0,0.0,0.0,0,0,0,0.0,0.0,0.0,0.0,0.0,0.0,0.0,0.0,0.0,0.0,0.0,0.0,0.0,0.0,0.0,0.0,0,-107875648.0,53,0.0,106,-107614832.0,0.0,ERR,ERR,ERR,ERR,ERR,ERR,ERR,ERR,ERR,ERR,ERR,ERR,ERR,ERR,ERR,ERR,ERR,ERR,ERR,ERR,ERR,ERR,ERR,ERR,ERR,ERR,ERR,ERR,ERR,ERR,ERR,ERR,ERR,ERR,ERR,ERR,ERR,ERR,ERR,ERR,ERR,ERR,ERR,ERR,ERR,ERR,ERR,ERR,ERR,ERR,ERR,ERR,ERR,ERR,ERR,ERR,ERR,ERR,ERR,ERR,ERR,ERR,ERR,ERR,ERR,ERR,ERR,50.0,60.0,100,0.0,0.0,0.0,0.0,0.0,0.0,0.0,0.0,0.0,0.0,0.0,0.0,0.0,0.0,0.0,0.0,62.0,65,19,65521,50,65476,0,300,0,0,8,20529,65476,0,0,26214,60.0,0.0,0.0,0.0,0.0,0.0
2026-05-17T16:03:36,ERR,ERR,ERR,ERR,ERR,ERR,ERR,ERR,ERR,ERR,ERR,ERR,ERR,ERR,ERR,ERR,ERR,ERR,ERR,ERR,ERR,ERR,ERR,ERR,ERR,ERR,ERR,ERR,ERR,ERR,ERR,ERR,ERR,ERR,ERR,ERR,ERR,ERR,ERR,ERR,ERR,ERR,ERR,ERR,ERR,ERR,ERR,ERR,ERR,ERR,ERR,ERR,ERR,ERR,ERR,ERR,ERR,ERR,ERR,ERR,ERR,ERR,ERR,ERR,ERR,ERR,ERR,ERR,ERR,ERR,ERR,ERR,ERR,ERR,ERR,ERR,ERR,ERR,ERR,ERR,ERR,ERR,ERR,ERR,ERR,ERR,ERR,ERR,ERR,ERR,ERR,ERR,ERR,ERR,ERR,ERR,ERR,ERR,ERR,ERR,ERR,ERR,ERR,ERR,ERR,ERR,ERR,ERR,ERR,ERR,ERR,ERR,ERR,ERR,ERR,ERR,ERR,ERR,ERR,ERR,ERR,ERR,ERR,ERR,ERR,0.0,-0.0,-0.0,0.0,0.0,1.3936040501711995e+18,7.805,0.0,0,0,4,0,8422,0.0,45,0.0,0.0,0.0,0.0,0.0,0,0,0,0,0.0,0,0,0,0,0,0,0,0,0,0,0,0,0,0,0,0,0,0,0,0,0,0,0,0,0,0,0,0,0,0,0,0,0,38,14,7,45,65476,0,300,0,0,8,21553,0.0,-107605600.0,0.0,0.0,0.0,0.0,0.0,0.0,0.0,0.0,0.0,0.0,0.0,0.0,0.0,0.0,0.0,0.0,0.0,0.0,0.0,0.0,-2.004,-0.0,2.004,-2.004,0.0,0.0,0.0,0.0,5033.0,1.040665504650976e+34,0.0,0.0,-0.0,-107615272.0,2.718429120148166e+23,0.0,0.0,0.0,0.0,53,71.63,-0.0,0.0,0.0,0.0,0.0,0.0,0.0,0.0,0,0,0,0.0,0.0,0.0,0.0,0.0,0.0,0.0,0.0,0.0,0.0,0.0,0.0,0.0,0.0,0.0,0.0,0,-107875648.0,53,0.0,106,-107614832.0,0.0,ERR,ERR,ERR,ERR,ERR,ERR,ERR,ERR,ERR,ERR,ERR,ERR,ERR,ERR,ERR,ERR,ERR,ERR,ERR,ERR,ERR,ERR,ERR,ERR,ERR,ERR,ERR,ERR,ERR,ERR,ERR,ERR,ERR,ERR,ERR,ERR,ERR,ERR,ERR,ERR,ERR,ERR,ERR,ERR,ERR,ERR,ERR,ERR,ERR,ERR,ERR,ERR,ERR,ERR,ERR,ERR,ERR,ERR,ERR,ERR,ERR,ERR,ERR,ERR,ERR,ERR,ERR,50.0,60.0,100,0.0,0.0,0.0,0.0,0.0,0.0,0.0,0.0,0.0,0.0,0.0,0.0,0.0,0.0,0.0,0.0,62.0,65,19,65521,50,65476,0,300,0,0,8,20529,65476,0,0,26214,60.0,0.0,0.0,0.0,0.0,0.0
2026-05-17T16:03:37,ERR,ERR,ERR,ERR,ERR,ERR,ERR,ERR,ERR,ERR,ERR,ERR,ERR,ERR,ERR,ERR,ERR,ERR,ERR,ERR,ERR,ERR,ERR,ERR,ERR,ERR,ERR,ERR,ERR,ERR,ERR,ERR,ERR,ERR,ERR,ERR,ERR,ERR,ERR,ERR,ERR,ERR,ERR,ERR,ERR,ERR,ERR,ERR,ERR,ERR,ERR,ERR,ERR,ERR,ERR,ERR,ERR,ERR,ERR,ERR,ERR,ERR,ERR,ERR,ERR,ERR,ERR,ERR,ERR,ERR,ERR,ERR,ERR,ERR,ERR,ERR,ERR,ERR,ERR,ERR,ERR,ERR,ERR,ERR,ERR,ERR,ERR,ERR,ERR,ERR,ERR,ERR,ERR,ERR,ERR,ERR,ERR,ERR,ERR,ERR,ERR,ERR,ERR,ERR,ERR,ERR,ERR,ERR,ERR,ERR,ERR,ERR,ERR,ERR,ERR,ERR,ERR,ERR,ERR,ERR,ERR,ERR,ERR,ERR,ERR,0.0,-0.0,-0.0,0.0,0.0,1.3936040501711995e+18,7.805,0.0,0,0,4,0,8422,0.0,45,0.0,0.0,0.0,0.0,0.0,0,0,0,0,0.0,0,0,0,0,0,0,0,0,0,0,0,0,0,0,0,0,0,0,0,0,0,0,0,0,0,0,0,0,0,0,0,0,0,38,14,7,45,65476,0,300,0,0,8,21553,0.0,-107605600.0,0.0,0.0,0.0,0.0,0.0,0.0,0.0,0.0,0.0,0.0,0.0,0.0,0.0,0.0,0.0,0.0,0.0,0.0,0.0,0.0,-2.004,-0.0,2.004,-2.004,0.0,0.0,0.0,0.0,5033.0,1.040665504650976e+34,0.0,0.0,-0.0,-107615272.0,2.718429120148166e+23,0.0,0.0,0.0,0.0,53,71.63,-0.0,0.0,0.0,0.0,0.0,0.0,0.0,0.0,0,0,0,0.0,0.0,0.0,0.0,0.0,0.0,0.0,0.0,0.0,0.0,0.0,0.0,0.0,0.0,0.0,0.0,0,-107875648.0,53,0.0,106,-107614832.0,0.0,ERR,ERR,ERR,ERR,ERR,ERR,ERR,ERR,ERR,ERR,ERR,ERR,ERR,ERR,ERR,ERR,ERR,ERR,ERR,ERR,ERR,ERR,ERR,ERR,ERR,ERR,ERR,ERR,ERR,ERR,ERR,ERR,ERR,ERR,ERR,ERR,ERR,ERR,ERR,ERR,ERR,ERR,ERR,ERR,ERR,ERR,ERR,ERR,ERR,ERR,ERR,ERR,ERR,ERR,ERR,ERR,ERR,ERR,ERR,ERR,ERR,ERR,ERR,ERR,ERR,ERR,ERR,50.0,60.0,100,0.0,0.0,0.0,0.0,0.0,0.0,0.0,0.0,0.0,0.0,0.0,0.0,0.0,0.0,0.0,0.0,62.0,65,19,65521,50,65476,0,300,0,0,8,20529,65476,0,0,26214,60.0,0.0,0.0,0.0,0.0,0.0
2026-05-17T16:03:38,ERR,ERR,ERR,ERR,ERR,ERR,ERR,ERR,ERR,ERR,ERR,ERR,ERR,ERR,ERR,ERR,ERR,ERR,ERR,ERR,ERR,ERR,ERR,ERR,ERR,ERR,ERR,ERR,ERR,ERR,ERR,ERR,ERR,ERR,ERR,ERR,ERR,ERR,ERR,ERR,ERR,ERR,ERR,ERR,ERR,ERR,ERR,ERR,ERR,ERR,ERR,ERR,ERR,ERR,ERR,ERR,ERR,ERR,ERR,ERR,ERR,ERR,ERR,ERR,ERR,ERR,ERR,ERR,ERR,ERR,ERR,ERR,ERR,ERR,ERR,ERR,ERR,ERR,ERR,ERR,ERR,ERR,ERR,ERR,ERR,ERR,ERR,ERR,ERR,ERR,ERR,ERR,ERR,ERR,ERR,ERR,ERR,ERR,ERR,ERR,ERR,ERR,ERR,ERR,ERR,ERR,ERR,ERR,ERR,ERR,ERR,ERR,ERR,ERR,ERR,ERR,ERR,ERR,ERR,ERR,ERR,ERR,ERR,ERR,ERR,0.0,-0.0,-0.0,0.0,0.0,1.3936040501711995e+18,7.805,0.0,0,0,4,0,8422,0.0,45,0.0,0.0,0.0,0.0,0.0,0,0,0,0,0.0,0,0,0,0,0,0,0,0,0,0,0,0,0,0,0,0,0,0,0,0,0,0,0,0,0,0,0,0,0,0,0,0,0,38,14,7,45,65476,0,300,0,0,8,21553,0.0,-107605600.0,0.0,0.0,0.0,0.0,0.0,0.0,0.0,0.0,0.0,0.0,0.0,0.0,0.0,0.0,0.0,0.0,0.0,0.0,0.0,0.0,-2.004,-0.0,2.004,-2.004,0.0,0.0,0.0,0.0,5033.0,1.040665504650976e+34,0.0,0.0,-0.0,-107615272.0,2.718429120148166e+23,0.0,0.0,0.0,0.0,53,71.63,-0.0,0.0,0.0,0.0,0.0,0.0,0.0,0.0,0,0,0,0.0,0.0,0.0,0.0,0.0,0.0,0.0,0.0,0.0,0.0,0.0,0.0,0.0,0.0,0.0,0.0,0,-107875648.0,53,0.0,106,-107614832.0,0.0,ERR,ERR,ERR,ERR,ERR,ERR,ERR,ERR,ERR,ERR,ERR,ERR,ERR,ERR,ERR,ERR,ERR,ERR,ERR,ERR,ERR,ERR,ERR,ERR,ERR,ERR,ERR,ERR,ERR,ERR,ERR,ERR,ERR,ERR,ERR,ERR,ERR,ERR,ERR,ERR,ERR,ERR,ERR,ERR,ERR,ERR,ERR,ERR,ERR,ERR,ERR,ERR,ERR,ERR,ERR,ERR,ERR,ERR,ERR,ERR,ERR,ERR,ERR,ERR,ERR,ERR,ERR,50.0,60.0,100,0.0,0.0,0.0,0.0,0.0,0.0,0.0,0.0,0.0,0.0,0.0,0.0,0.0,0.0,0.0,0.0,61.6,65,19,65521,50,65476,0,300,0,0,8,20529,65476,0,0,26214,60.0,0.0,0.0,0.0,0.0,0.0
2026-05-17T16:03:39,ERR,ERR,ERR,ERR,ERR,ERR,ERR,ERR,ERR,ERR,ERR,ERR,ERR,ERR,ERR,ERR,ERR,ERR,ERR,ERR,ERR,ERR,ERR,ERR,ERR,ERR,ERR,ERR,ERR,ERR,ERR,ERR,ERR,ERR,ERR,ERR,ERR,ERR,ERR,ERR,ERR,ERR,ERR,ERR,ERR,ERR,ERR,ERR,ERR,ERR,ERR,ERR,ERR,ERR,ERR,ERR,ERR,ERR,ERR,ERR,ERR,ERR,ERR,ERR,ERR,ERR,ERR,ERR,ERR,ERR,ERR,ERR,ERR,ERR,ERR,ERR,ERR,ERR,ERR,ERR,ERR,ERR,ERR,ERR,ERR,ERR,ERR,ERR,ERR,ERR,ERR,ERR,ERR,ERR,ERR,ERR,ERR,ERR,ERR,ERR,ERR,ERR,ERR,ERR,ERR,ERR,ERR,ERR,ERR,ERR,ERR,ERR,ERR,ERR,ERR,ERR,ERR,ERR,ERR,ERR,ERR,ERR,ERR,ERR,ERR,0.0,-0.0,-0.0,0.0,0.0,1.3936040501711995e+18,7.805,0.0,0,0,4,0,8422,0.0,45,0.0,0.0,0.0,0.0,0.0,0,0,0,0,0.0,0,0,0,0,0,0,0,0,0,0,0,0,0,0,0,0,0,0,0,0,0,0,0,0,0,0,0,0,0,0,0,0,0,38,14,7,45,65476,0,300,0,0,8,21553,0.0,-107605600.0,0.0,0.0,0.0,0.0,0.0,0.0,0.0,0.0,0.0,0.0,0.0,0.0,0.0,0.0,0.0,0.0,0.0,0.0,0.0,0.0,-2.004,-0.0,2.004,-2.004,0.0,0.0,0.0,0.0,5033.0,1.040665504650976e+34,0.0,0.0,-0.0,-107615272.0,2.718429120148166e+23,0.0,0.0,0.0,0.0,53,71.63,-0.0,0.0,0.0,0.0,0.0,0.0,0.0,0.0,0,0,0,0.0,0.0,0.0,0.0,0.0,0.0,0.0,0.0,0.0,0.0,0.0,0.0,0.0,0.0,0.0,0.0,0,-107875648.0,53,0.0,106,-107614832.0,0.0,ERR,ERR,ERR,ERR,ERR,ERR,ERR,ERR,ERR,ERR,ERR,ERR,ERR,ERR,ERR,ERR,ERR,ERR,ERR,ERR,ERR,ERR,ERR,ERR,ERR,ERR,ERR,ERR,ERR,ERR,ERR,ERR,ERR,ERR,ERR,ERR,ERR,ERR,ERR,ERR,ERR,ERR,ERR,ERR,ERR,ERR,ERR,ERR,ERR,ERR,ERR,ERR,ERR,ERR,ERR,ERR,ERR,ERR,ERR,ERR,ERR,ERR,ERR,ERR,ERR,ERR,ERR,50.0,60.0,100,0.0,0.0,0.0,0.0,0.0,0.0,0.0,0.0,0.0,0.0,0.0,0.0,0.0,0.0,0.0,0.0,61.6,65,19,65521,50,65476,0,300,0,0,8,20529,65476,0,0,26214,60.0,0.0,0.0,0.0,0.0,0.0
2026-05-17T16:03:40,ERR,ERR,ERR,ERR,ERR,ERR,ERR,ERR,ERR,ERR,ERR,ERR,ERR,ERR,ERR,ERR,ERR,ERR,ERR,ERR,ERR,ERR,ERR,ERR,ERR,ERR,ERR,ERR,ERR,ERR,ERR,ERR,ERR,ERR,ERR,ERR,ERR,ERR,ERR,ERR,ERR,ERR,ERR,ERR,ERR,ERR,ERR,ERR,ERR,ERR,ERR,ERR,ERR,ERR,ERR,ERR,ERR,ERR,ERR,ERR,ERR,ERR,ERR,ERR,ERR,ERR,ERR,ERR,ERR,ERR,ERR,ERR,ERR,ERR,ERR,ERR,ERR,ERR,ERR,ERR,ERR,ERR,ERR,ERR,ERR,ERR,ERR,ERR,ERR,ERR,ERR,ERR,ERR,ERR,ERR,ERR,ERR,ERR,ERR,ERR,ERR,ERR,ERR,ERR,ERR,ERR,ERR,ERR,ERR,ERR,ERR,ERR,ERR,ERR,ERR,ERR,ERR,ERR,ERR,ERR,ERR,ERR,ERR,ERR,ERR,0.0,-0.0,-0.0,0.0,0.0,1.3936040501711995e+18,7.805,0.0,0,0,4,0,8422,0.0,45,0.0,0.0,0.0,0.0,0.0,0,0,0,0,0.0,0,0,0,0,0,0,0,0,0,0,0,0,0,0,0,0,0,0,0,0,0,0,0,0,0,0,0,0,0,0,0,0,0,38,14,7,45,65476,0,300,0,0,8,21553,0.0,-107605600.0,0.0,0.0,0.0,0.0,0.0,0.0,0.0,0.0,0.0,0.0,0.0,0.0,0.0,0.0,0.0,0.0,0.0,0.0,0.0,0.0,-2.004,-0.0,2.004,-2.004,0.0,0.0,0.0,0.0,5038.0,0.0,0.0,0.0,-0.0,-107615272.0,2.718429120148166e+23,0.0,0.0,0.0,0.0,53,1.9056979486756045e+17,-4.9504015179484054e+32,0.0,0.0,0.0,0.0,0.0,0.0,0.0,0,0,0,0.0,0.0,0.0,0.0,0.0,0.0,0.0,0.0,0.0,0.0,0.0,0.0,0.0,0.0,0.0,0.0,0,-107875648.0,53,0.0,106,-107614832.0,0.0,ERR,ERR,ERR,ERR,ERR,ERR,ERR,ERR,ERR,ERR,ERR,ERR,ERR,ERR,ERR,ERR,ERR,ERR,ERR,ERR,ERR,ERR,ERR,ERR,ERR,ERR,ERR,ERR,ERR,ERR,ERR,ERR,ERR,ERR,ERR,ERR,ERR,ERR,ERR,ERR,ERR,ERR,ERR,ERR,ERR,ERR,ERR,ERR,ERR,ERR,ERR,ERR,ERR,ERR,ERR,ERR,ERR,ERR,ERR,ERR,ERR,ERR,ERR,ERR,ERR,ERR,ERR,50.0,60.0,100,0.0,0.0,0.0,0.0,0.0,0.0,0.0,0.0,0.0,0.0,0.0,0.0,0.0,0.0,0.0,0.0,61.6,65,19,65521,50,65476,0,300,0,0,8,20529,65476,0,0,26214,60.0,0.0,0.0,0.0,0.0,0.0
2026-05-17T16:03:41,ERR,ERR,ERR,ERR,ERR,ERR,ERR,ERR,ERR,ERR,ERR,ERR,ERR,ERR,ERR,ERR,ERR,ERR,ERR,ERR,ERR,ERR,ERR,ERR,ERR,ERR,ERR,ERR,ERR,ERR,ERR,ERR,ERR,ERR,ERR,ERR,ERR,ERR,ERR,ERR,ERR,ERR,ERR,ERR,ERR,ERR,ERR,ERR,ERR,ERR,ERR,ERR,ERR,ERR,ERR,ERR,ERR,ERR,ERR,ERR,ERR,ERR,ERR,ERR,ERR,ERR,ERR,ERR,ERR,ERR,ERR,ERR,ERR,ERR,ERR,ERR,ERR,ERR,ERR,ERR,ERR,ERR,ERR,ERR,ERR,ERR,ERR,ERR,ERR,ERR,ERR,ERR,ERR,ERR,ERR,ERR,ERR,ERR,ERR,ERR,ERR,ERR,ERR,ERR,ERR,ERR,ERR,ERR,ERR,ERR,ERR,ERR,ERR,ERR,ERR,ERR,ERR,ERR,ERR,ERR,ERR,ERR,ERR,ERR,ERR,0.0,-0.0,-0.0,0.0,0.0,1.3936040501711995e+18,7.805,0.0,0,0,4,0,8422,0.0,45,0.0,0.0,0.0,0.0,0.0,0,0,0,0,0.0,0,0,0,0,0,0,0,0,0,0,0,0,0,0,0,0,0,0,0,0,0,0,0,0,0,0,0,0,0,0,0,0,0,38,14,7,45,65476,0,300,0,0,8,21553,0.0,-107605600.0,0.0,0.0,0.0,0.0,0.0,0.0,0.0,0.0,0.0,0.0,0.0,0.0,0.0,0.0,0.0,0.0,0.0,0.0,0.0,0.0,-2.004,-0.0,2.004,-2.004,0.0,0.0,0.0,0.0,5038.0,0.0,0.0,0.0,-0.0,-107615272.0,2.718429120148166e+23,0.0,0.0,0.0,0.0,53,1.9056979486756045e+17,-4.9504015179484054e+32,0.0,0.0,0.0,0.0,0.0,0.0,0.0,0,0,0,0.0,0.0,0.0,0.0,0.0,0.0,0.0,0.0,0.0,0.0,0.0,0.0,0.0,0.0,0.0,0.0,0,-107875648.0,53,0.0,106,-107614832.0,0.0,ERR,ERR,ERR,ERR,ERR,ERR,ERR,ERR,ERR,ERR,ERR,ERR,ERR,ERR,ERR,ERR,ERR,ERR,ERR,ERR,ERR,ERR,ERR,ERR,ERR,ERR,ERR,ERR,ERR,ERR,ERR,ERR,ERR,ERR,ERR,ERR,ERR,ERR,ERR,ERR,ERR,ERR,ERR,ERR,ERR,ERR,ERR,ERR,ERR,ERR,ERR,ERR,ERR,ERR,ERR,ERR,ERR,ERR,ERR,ERR,ERR,ERR,ERR,ERR,ERR,ERR,ERR,50.0,60.0,100,0.0,0.0,0.0,0.0,0.0,0.0,0.0,0.0,0.0,0.0,0.0,0.0,0.0,0.0,0.0,0.0,61.6,65,19,65521,50,65476,0,300,0,0,8,20529,65476,0,0,26214,60.0,0.0,0.0,0.0,0.0,0.0
2026-05-17T16:03:42,ERR,ERR,ERR,ERR,ERR,ERR,ERR,ERR,ERR,ERR,ERR,ERR,ERR,ERR,ERR,ERR,ERR,ERR,ERR,ERR,ERR,ERR,ERR,ERR,ERR,ERR,ERR,ERR,ERR,ERR,ERR,ERR,ERR,ERR,ERR,ERR,ERR,ERR,ERR,ERR,ERR,ERR,ERR,ERR,ERR,ERR,ERR,ERR,ERR,ERR,ERR,ERR,ERR,ERR,ERR,ERR,ERR,ERR,ERR,ERR,ERR,ERR,ERR,ERR,ERR,ERR,ERR,ERR,ERR,ERR,ERR,ERR,ERR,ERR,ERR,ERR,ERR,ERR,ERR,ERR,ERR,ERR,ERR,ERR,ERR,ERR,ERR,ERR,ERR,ERR,ERR,ERR,ERR,ERR,ERR,ERR,ERR,ERR,ERR,ERR,ERR,ERR,ERR,ERR,ERR,ERR,ERR,ERR,ERR,ERR,ERR,ERR,ERR,ERR,ERR,ERR,ERR,ERR,ERR,ERR,ERR,ERR,ERR,ERR,ERR,0.0,-0.0,-0.0,0.0,0.0,1.3936040501711995e+18,7.805,0.0,0,0,4,0,8422,0.0,45,0.0,0.0,0.0,0.0,0.0,0,0,0,0,0.0,0,0,0,0,0,0,0,0,0,0,0,0,0,0,0,0,0,0,0,0,0,0,0,0,0,0,0,0,0,0,0,0,0,38,14,7,45,65476,0,300,0,0,8,21553,0.0,-107605600.0,0.0,0.0,0.0,0.0,0.0,0.0,0.0,0.0,0.0,0.0,0.0,0.0,0.0,0.0,0.0,0.0,0.0,0.0,0.0,0.0,-2.004,-0.0,2.004,-2.004,0.0,0.0,0.0,0.0,5038.0,0.0,0.0,0.0,-0.0,-107615272.0,2.718429120148166e+23,0.0,0.0,0.0,0.0,53,1.9056979486756045e+17,-4.9504015179484054e+32,0.0,0.0,0.0,0.0,0.0,0.0,0.0,0,0,0,0.0,0.0,0.0,0.0,0.0,0.0,0.0,0.0,0.0,0.0,0.0,0.0,0.0,0.0,0.0,0.0,0,-107875648.0,53,0.0,106,-107614832.0,0.0,ERR,ERR,ERR,ERR,ERR,ERR,ERR,ERR,ERR,ERR,ERR,ERR,ERR,ERR,ERR,ERR,ERR,ERR,ERR,ERR,ERR,ERR,ERR,ERR,ERR,ERR,ERR,ERR,ERR,ERR,ERR,ERR,ERR,ERR,ERR,ERR,ERR,ERR,ERR,ERR,ERR,ERR,ERR,ERR,ERR,ERR,ERR,ERR,ERR,ERR,ERR,ERR,ERR,ERR,ERR,ERR,ERR,ERR,ERR,ERR,ERR,ERR,ERR,ERR,ERR,ERR,ERR,50.0,60.0,100,0.0,0.0,0.0,0.0,0.0,0.0,0.0,0.0,0.0,0.0,0.0,0.0,0.0,0.0,0.0,0.0,61.6,65,19,65521,50,65476,0,300,0,0,8,20529,65476,0,0,26214,60.0,0.0,0.0,0.0,0.0,0.0
2026-05-17T16:03:43,ERR,ERR,ERR,ERR,ERR,ERR,ERR,ERR,ERR,ERR,ERR,ERR,ERR,ERR,ERR,ERR,ERR,ERR,ERR,ERR,ERR,ERR,ERR,ERR,ERR,ERR,ERR,ERR,ERR,ERR,ERR,ERR,ERR,ERR,ERR,ERR,ERR,ERR,ERR,ERR,ERR,ERR,ERR,ERR,ERR,ERR,ERR,ERR,ERR,ERR,ERR,ERR,ERR,ERR,ERR,ERR,ERR,ERR,ERR,ERR,ERR,ERR,ERR,ERR,ERR,ERR,ERR,ERR,ERR,ERR,ERR,ERR,ERR,ERR,ERR,ERR,ERR,ERR,ERR,ERR,ERR,ERR,ERR,ERR,ERR,ERR,ERR,ERR,ERR,ERR,ERR,ERR,ERR,ERR,ERR,ERR,ERR,ERR,ERR,ERR,ERR,ERR,ERR,ERR,ERR,ERR,ERR,ERR,ERR,ERR,ERR,ERR,ERR,ERR,ERR,ERR,ERR,ERR,ERR,ERR,ERR,ERR,ERR,ERR,ERR,0.0,-0.0,-0.0,0.0,0.0,1.3936040501711995e+18,7.805,0.0,0,0,4,0,8422,0.0,45,0.0,0.0,0.0,0.0,0.0,0,0,0,0,0.0,0,0,0,0,0,0,0,0,0,0,0,0,0,0,0,0,0,0,0,0,0,0,0,0,0,0,0,0,0,0,0,0,0,38,14,7,45,65476,0,300,0,0,8,21553,0.0,-107605600.0,0.0,0.0,0.0,0.0,0.0,0.0,0.0,0.0,0.0,0.0,0.0,0.0,0.0,0.0,0.0,0.0,0.0,0.0,0.0,0.0,-2.004,-0.0,2.004,-2.004,0.0,0.0,0.0,0.0,5038.0,0.0,0.0,0.0,-0.0,-107615272.0,2.718429120148166e+23,0.0,0.0,0.0,0.0,53,1.9056979486756045e+17,-4.9504015179484054e+32,0.0,0.0,0.0,0.0,0.0,0.0,0.0,0,0,0,0.0,0.0,0.0,0.0,0.0,0.0,0.0,0.0,0.0,0.0,0.0,0.0,0.0,0.0,0.0,0.0,0,-107875648.0,53,0.0,106,-107614832.0,0.0,ERR,ERR,ERR,ERR,ERR,ERR,ERR,ERR,ERR,ERR,ERR,ERR,ERR,ERR,ERR,ERR,ERR,ERR,ERR,ERR,ERR,ERR,ERR,ERR,ERR,ERR,ERR,ERR,ERR,ERR,ERR,ERR,ERR,ERR,ERR,ERR,ERR,ERR,ERR,ERR,ERR,ERR,ERR,ERR,ERR,ERR,ERR,ERR,ERR,ERR,ERR,ERR,ERR,ERR,ERR,ERR,ERR,ERR,ERR,ERR,ERR,ERR,ERR,ERR,ERR,ERR,ERR,50.0,60.0,100,0.0,0.0,0.0,0.0,0.0,0.0,0.0,0.0,0.0,0.0,0.0,0.0,0.0,0.0,0.0,0.0,62.0,65,19,65521,50,65476,0,300,0,0,8,20529,65476,0,0,26214,60.0,0.0,0.0,0.0,0.0,0.0
2026-05-17T16:03:44,ERR,ERR,ERR,ERR,ERR,ERR,ERR,ERR,ERR,ERR,ERR,ERR,ERR,ERR,ERR,ERR,ERR,ERR,ERR,ERR,ERR,ERR,ERR,ERR,ERR,ERR,ERR,ERR,ERR,ERR,ERR,ERR,ERR,ERR,ERR,ERR,ERR,ERR,ERR,ERR,ERR,ERR,ERR,ERR,ERR,ERR,ERR,ERR,ERR,ERR,ERR,ERR,ERR,ERR,ERR,ERR,ERR,ERR,ERR,ERR,ERR,ERR,ERR,ERR,ERR,ERR,ERR,ERR,ERR,ERR,ERR,ERR,ERR,ERR,ERR,ERR,ERR,ERR,ERR,ERR,ERR,ERR,ERR,ERR,ERR,ERR,ERR,ERR,ERR,ERR,ERR,ERR,ERR,ERR,ERR,ERR,ERR,ERR,ERR,ERR,ERR,ERR,ERR,ERR,ERR,ERR,ERR,ERR,ERR,ERR,ERR,ERR,ERR,ERR,ERR,ERR,ERR,ERR,ERR,ERR,ERR,ERR,ERR,ERR,ERR,0.0,-0.0,-0.0,0.0,0.0,1.3936040501711995e+18,7.805,0.0,0,0,4,0,8422,0.0,45,0.0,0.0,0.0,0.0,0.0,0,0,0,0,0.0,0,0,0,0,0,0,0,0,0,0,0,0,0,0,0,0,0,0,0,0,0,0,0,0,0,0,0,0,0,0,0,0,0,38,14,7,45,65476,0,300,0,0,8,21553,0.0,-107605600.0,0.0,0.0,0.0,0.0,0.0,0.0,0.0,0.0,0.0,0.0,0.0,0.0,0.0,0.0,0.0,0.0,0.0,0.0,0.0,0.0,-2.004,-0.0,2.004,-2.004,0.0,0.0,0.0,0.0,5038.0,0.0,0.0,0.0,-0.0,-107615272.0,2.718429120148166e+23,0.0,0.0,0.0,0.0,53,1.9056979486756045e+17,-4.9504015179484054e+32,0.0,0.0,0.0,0.0,0.0,0.0,0.0,0,0,0,0.0,0.0,0.0,0.0,0.0,0.0,0.0,0.0,0.0,0.0,0.0,0.0,0.0,0.0,0.0,0.0,0,-107875648.0,53,0.0,106,-107614832.0,0.0,ERR,ERR,ERR,ERR,ERR,ERR,ERR,ERR,ERR,ERR,ERR,ERR,ERR,ERR,ERR,ERR,ERR,ERR,ERR,ERR,ERR,ERR,ERR,ERR,ERR,ERR,ERR,ERR,ERR,ERR,ERR,ERR,ERR,ERR,ERR,ERR,ERR,ERR,ERR,ERR,ERR,ERR,ERR,ERR,ERR,ERR,ERR,ERR,ERR,ERR,ERR,ERR,ERR,ERR,ERR,ERR,ERR,ERR,ERR,ERR,ERR,ERR,ERR,ERR,ERR,ERR,ERR,50.0,60.0,100,0.0,0.0,0.0,0.0,0.0,0.0,0.0,0.0,0.0,0.0,0.0,0.0,0.0,0.0,0.0,0.0,62.0,65,19,65521,50,65476,0,300,0,0,8,20529,65476,0,0,26214,60.0,0.0,0.0,0.0,0.0,0.0
2026-05-17T16:03:45,ERR,ERR,ERR,ERR,ERR,ERR,ERR,ERR,ERR,ERR,ERR,ERR,ERR,ERR,ERR,ERR,ERR,ERR,ERR,ERR,ERR,ERR,ERR,ERR,ERR,ERR,ERR,ERR,ERR,ERR,ERR,ERR,ERR,ERR,ERR,ERR,ERR,ERR,ERR,ERR,ERR,ERR,ERR,ERR,ERR,ERR,ERR,ERR,ERR,ERR,ERR,ERR,ERR,ERR,ERR,ERR,ERR,ERR,ERR,ERR,ERR,ERR,ERR,ERR,ERR,ERR,ERR,ERR,ERR,ERR,ERR,ERR,ERR,ERR,ERR,ERR,ERR,ERR,ERR,ERR,ERR,ERR,ERR,ERR,ERR,ERR,ERR,ERR,ERR,ERR,ERR,ERR,ERR,ERR,ERR,ERR,ERR,ERR,ERR,ERR,ERR,ERR,ERR,ERR,ERR,ERR,ERR,ERR,ERR,ERR,ERR,ERR,ERR,ERR,ERR,ERR,ERR,ERR,ERR,ERR,ERR,ERR,ERR,ERR,ERR,0.0,-0.0,-0.0,0.0,0.0,1.3936040501711995e+18,7.805,0.0,0,0,4,0,8422,0.0,45,0.0,0.0,0.0,0.0,0.0,0,0,0,0,0.0,0,0,0,0,0,0,0,0,0,0,0,0,0,0,0,0,0,0,0,0,0,0,0,0,0,0,0,0,0,0,0,0,0,38,14,7,45,65476,0,300,0,0,8,21553,0.0,-107605600.0,0.0,0.0,0.0,0.0,0.0,0.0,0.0,0.0,0.0,0.0,0.0,0.0,0.0,0.0,0.0,0.0,0.0,0.0,0.0,0.0,-2.004,-0.0,2.004,-2.004,0.0,0.0,0.0,0.0,5005.0,2.004,0.0,0.0,-0.0,-107615272.0,2.718429120148166e+23,0.0,0.0,0.0,0.0,53,152018454839296.0,0.0,0.0,0.0,0.0,0.0,0.0,0.0,0.0,0,0,0,0.0,0.0,0.0,0.0,0.0,0.0,0.0,0.0,0.0,0.0,0.0,0.0,0.0,0.0,0.0,0.0,0,-107875648.0,53,0.0,106,-107614832.0,0.0,ERR,ERR,ERR,ERR,ERR,ERR,ERR,ERR,ERR,ERR,ERR,ERR,ERR,ERR,ERR,ERR,ERR,ERR,ERR,ERR,ERR,ERR,ERR,ERR,ERR,ERR,ERR,ERR,ERR,ERR,ERR,ERR,ERR,ERR,ERR,ERR,ERR,ERR,ERR,ERR,ERR,ERR,ERR,ERR,ERR,ERR,ERR,ERR,ERR,ERR,ERR,ERR,ERR,ERR,ERR,ERR,ERR,ERR,ERR,ERR,ERR,ERR,ERR,ERR,ERR,ERR,ERR,50.0,60.0,100,0.0,0.0,0.0,0.0,0.0,0.0,0.0,0.0,0.0,0.0,0.0,0.0,0.0,0.0,0.0,0.0,62.0,65,19,65521,50,65476,0,300,0,0,8,20529,65476,0,0,26214,60.0,0.0,0.0,0.0,0.0,0.0
2026-05-17T16:03:46,ERR,ERR,ERR,ERR,ERR,ERR,ERR,ERR,ERR,ERR,ERR,ERR,ERR,ERR,ERR,ERR,ERR,ERR,ERR,ERR,ERR,ERR,ERR,ERR,ERR,ERR,ERR,ERR,ERR,ERR,ERR,ERR,ERR,ERR,ERR,ERR,ERR,ERR,ERR,ERR,ERR,ERR,ERR,ERR,ERR,ERR,ERR,ERR,ERR,ERR,ERR,ERR,ERR,ERR,ERR,ERR,ERR,ERR,ERR,ERR,ERR,ERR,ERR,ERR,ERR,ERR,ERR,ERR,ERR,ERR,ERR,ERR,ERR,ERR,ERR,ERR,ERR,ERR,ERR,ERR,ERR,ERR,ERR,ERR,ERR,ERR,ERR,ERR,ERR,ERR,ERR,ERR,ERR,ERR,ERR,ERR,ERR,ERR,ERR,ERR,ERR,ERR,ERR,ERR,ERR,ERR,ERR,ERR,ERR,ERR,ERR,ERR,ERR,ERR,ERR,ERR,ERR,ERR,ERR,ERR,ERR,ERR,ERR,ERR,ERR,0.0,-0.0,-0.0,0.0,0.0,1.3936040501711995e+18,7.805,0.0,0,0,4,0,8422,0.0,45,0.0,0.0,0.0,0.0,0.0,0,0,0,0,0.0,0,0,0,0,0,0,0,0,0,0,0,0,0,0,0,0,0,0,0,0,0,0,0,0,0,0,0,0,0,0,0,0,0,38,14,7,45,65476,0,300,0,0,8,21553,0.0,-107605600.0,0.0,0.0,0.0,0.0,0.0,0.0,0.0,0.0,0.0,0.0,0.0,0.0,0.0,0.0,0.0,0.0,0.0,0.0,0.0,0.0,-2.004,-0.0,2.004,-2.004,0.0,0.0,0.0,0.0,5005.0,2.004,0.0,0.0,-0.0,-107615272.0,2.718429120148166e+23,0.0,0.0,0.0,0.0,53,152018454839296.0,0.0,0.0,0.0,0.0,0.0,0.0,0.0,0.0,0,0,0,0.0,0.0,0.0,0.0,0.0,0.0,0.0,0.0,0.0,0.0,0.0,0.0,0.0,0.0,0.0,0.0,0,-107875648.0,53,0.0,106,-107614832.0,0.0,ERR,ERR,ERR,ERR,ERR,ERR,ERR,ERR,ERR,ERR,ERR,ERR,ERR,ERR,ERR,ERR,ERR,ERR,ERR,ERR,ERR,ERR,ERR,ERR,ERR,ERR,ERR,ERR,ERR,ERR,ERR,ERR,ERR,ERR,ERR,ERR,ERR,ERR,ERR,ERR,ERR,ERR,ERR,ERR,ERR,ERR,ERR,ERR,ERR,ERR,ERR,ERR,ERR,ERR,ERR,ERR,ERR,ERR,ERR,ERR,ERR,ERR,ERR,ERR,ERR,ERR,ERR,50.0,60.0,100,0.0,0.0,0.0,0.0,0.0,0.0,0.0,0.0,0.0,0.0,0.0,0.0,0.0,0.0,0.0,0.0,62.0,65,19,65521,50,65476,0,300,0,0,8,20529,65476,0,0,26214,60.0,0.0,0.0,0.0,0.0,0.0
2026-05-17T16:03:47,ERR,ERR,ERR,ERR,ERR,ERR,ERR,ERR,ERR,ERR,ERR,ERR,ERR,ERR,ERR,ERR,ERR,ERR,ERR,ERR,ERR,ERR,ERR,ERR,ERR,ERR,ERR,ERR,ERR,ERR,ERR,ERR,ERR,ERR,ERR,ERR,ERR,ERR,ERR,ERR,ERR,ERR,ERR,ERR,ERR,ERR,ERR,ERR,ERR,ERR,ERR,ERR,ERR,ERR,ERR,ERR,ERR,ERR,ERR,ERR,ERR,ERR,ERR,ERR,ERR,ERR,ERR,ERR,ERR,ERR,ERR,ERR,ERR,ERR,ERR,ERR,ERR,ERR,ERR,ERR,ERR,ERR,ERR,ERR,ERR,ERR,ERR,ERR,ERR,ERR,ERR,ERR,ERR,ERR,ERR,ERR,ERR,ERR,ERR,ERR,ERR,ERR,ERR,ERR,ERR,ERR,ERR,ERR,ERR,ERR,ERR,ERR,ERR,ERR,ERR,ERR,ERR,ERR,ERR,ERR,ERR,ERR,ERR,ERR,ERR,0.0,-0.0,-0.0,0.0,0.0,1.3936040501711995e+18,7.805,0.0,0,0,4,0,8422,0.0,45,0.0,0.0,0.0,0.0,0.0,0,0,0,0,0.0,0,0,0,0,0,0,0,0,0,0,0,0,0,0,0,0,0,0,0,0,0,0,0,0,0,0,0,0,0,0,0,0,0,38,14,7,45,65476,0,300,0,0,8,21553,0.0,-107605600.0,0.0,0.0,0.0,0.0,0.0,0.0,0.0,0.0,0.0,0.0,0.0,0.0,0.0,0.0,0.0,0.0,0.0,0.0,0.0,0.0,-2.004,-0.0,2.004,-2.004,0.0,0.0,0.0,0.0,5005.0,2.004,0.0,0.0,-0.0,-107615272.0,2.718429120148166e+23,0.0,0.0,0.0,0.0,53,152018454839296.0,0.0,0.0,0.0,0.0,0.0,0.0,0.0,0.0,0,0,0,0.0,0.0,0.0,0.0,0.0,0.0,0.0,0.0,0.0,0.0,0.0,0.0,0.0,0.0,0.0,0.0,0,-107875648.0,53,0.0,106,-107614832.0,0.0,ERR,ERR,ERR,ERR,ERR,ERR,ERR,ERR,ERR,ERR,ERR,ERR,ERR,ERR,ERR,ERR,ERR,ERR,ERR,ERR,ERR,ERR,ERR,ERR,ERR,ERR,ERR,ERR,ERR,ERR,ERR,ERR,ERR,ERR,ERR,ERR,ERR,ERR,ERR,ERR,ERR,ERR,ERR,ERR,ERR,ERR,ERR,ERR,ERR,ERR,ERR,ERR,ERR,ERR,ERR,ERR,ERR,ERR,ERR,ERR,ERR,ERR,ERR,ERR,ERR,ERR,ERR,50.0,60.0,100,0.0,0.0,0.0,0.0,0.0,0.0,0.0,0.0,0.0,0.0,0.0,0.0,0.0,0.0,0.0,0.0,61.6,65,19,65521,50,65476,0,300,0,0,8,20529,65476,0,0,26214,60.0,0.0,0.0,0.0,0.0,0.0
2026-05-17T16:03:48,ERR,ERR,ERR,ERR,ERR,ERR,ERR,ERR,ERR,ERR,ERR,ERR,ERR,ERR,ERR,ERR,ERR,ERR,ERR,ERR,ERR,ERR,ERR,ERR,ERR,ERR,ERR,ERR,ERR,ERR,ERR,ERR,ERR,ERR,ERR,ERR,ERR,ERR,ERR,ERR,ERR,ERR,ERR,ERR,ERR,ERR,ERR,ERR,ERR,ERR,ERR,ERR,ERR,ERR,ERR,ERR,ERR,ERR,ERR,ERR,ERR,ERR,ERR,ERR,ERR,ERR,ERR,ERR,ERR,ERR,ERR,ERR,ERR,ERR,ERR,ERR,ERR,ERR,ERR,ERR,ERR,ERR,ERR,ERR,ERR,ERR,ERR,ERR,ERR,ERR,ERR,ERR,ERR,ERR,ERR,ERR,ERR,ERR,ERR,ERR,ERR,ERR,ERR,ERR,ERR,ERR,ERR,ERR,ERR,ERR,ERR,ERR,ERR,ERR,ERR,ERR,ERR,ERR,ERR,ERR,ERR,ERR,ERR,ERR,ERR,0.0,-0.0,-0.0,0.0,0.0,1.3936040501711995e+18,7.805,0.0,0,0,4,0,8422,0.0,45,0.0,0.0,0.0,0.0,0.0,0,0,0,0,0.0,0,0,0,0,0,0,0,0,0,0,0,0,0,0,0,0,0,0,0,0,0,0,0,0,0,0,0,0,0,0,0,0,0,38,14,7,45,65476,0,300,0,0,8,21553,0.0,-107605600.0,0.0,0.0,0.0,0.0,0.0,0.0,0.0,0.0,0.0,0.0,0.0,0.0,0.0,0.0,0.0,0.0,0.0,0.0,0.0,0.0,-2.004,-0.0,2.004,-2.004,0.0,0.0,0.0,0.0,5005.0,2.004,0.0,0.0,-0.0,-107615272.0,2.718429120148166e+23,0.0,0.0,0.0,0.0,53,152018454839296.0,0.0,0.0,0.0,0.0,0.0,0.0,0.0,0.0,0,0,0,0.0,0.0,0.0,0.0,0.0,0.0,0.0,0.0,0.0,0.0,0.0,0.0,0.0,0.0,0.0,0.0,0,-107875648.0,53,0.0,106,-107614832.0,0.0,ERR,ERR,ERR,ERR,ERR,ERR,ERR,ERR,ERR,ERR,ERR,ERR,ERR,ERR,ERR,ERR,ERR,ERR,ERR,ERR,ERR,ERR,ERR,ERR,ERR,ERR,ERR,ERR,ERR,ERR,ERR,ERR,ERR,ERR,ERR,ERR,ERR,ERR,ERR,ERR,ERR,ERR,ERR,ERR,ERR,ERR,ERR,ERR,ERR,ERR,ERR,ERR,ERR,ERR,ERR,ERR,ERR,ERR,ERR,ERR,ERR,ERR,ERR,ERR,ERR,ERR,ERR,50.0,60.0,100,0.0,0.0,0.0,0.0,0.0,0.0,0.0,0.0,0.0,0.0,0.0,0.0,0.0,0.0,0.0,0.0,61.6,65,19,65521,50,65476,0,300,0,0,8,20529,65476,0,0,26214,60.0,0.0,0.0,0.0,0.0,0.0
2026-05-17T16:03:49,ERR,ERR,ERR,ERR,ERR,ERR,ERR,ERR,ERR,ERR,ERR,ERR,ERR,ERR,ERR,ERR,ERR,ERR,ERR,ERR,ERR,ERR,ERR,ERR,ERR,ERR,ERR,ERR,ERR,ERR,ERR,ERR,ERR,ERR,ERR,ERR,ERR,ERR,ERR,ERR,ERR,ERR,ERR,ERR,ERR,ERR,ERR,ERR,ERR,ERR,ERR,ERR,ERR,ERR,ERR,ERR,ERR,ERR,ERR,ERR,ERR,ERR,ERR,ERR,ERR,ERR,ERR,ERR,ERR,ERR,ERR,ERR,ERR,ERR,ERR,ERR,ERR,ERR,ERR,ERR,ERR,ERR,ERR,ERR,ERR,ERR,ERR,ERR,ERR,ERR,ERR,ERR,ERR,ERR,ERR,ERR,ERR,ERR,ERR,ERR,ERR,ERR,ERR,ERR,ERR,ERR,ERR,ERR,ERR,ERR,ERR,ERR,ERR,ERR,ERR,ERR,ERR,ERR,ERR,ERR,ERR,ERR,ERR,ERR,ERR,0.0,-0.0,-0.0,0.0,0.0,1.3936040501711995e+18,7.805,0.0,0,0,4,0,8422,0.0,45,0.0,0.0,0.0,0.0,0.0,0,0,0,0,0.0,0,0,0,0,0,0,0,0,0,0,0,0,0,0,0,0,0,0,0,0,0,0,0,0,0,0,0,0,0,0,0,0,0,38,14,7,45,65476,0,300,0,0,8,21553,0.0,-107605600.0,0.0,0.0,0.0,0.0,0.0,0.0,0.0,0.0,0.0,0.0,0.0,0.0,0.0,0.0,0.0,0.0,0.0,0.0,0.0,0.0,-2.004,-0.0,2.004,-2.004,0.0,0.0,0.0,0.0,5005.0,2.004,0.0,0.0,-0.0,-107615272.0,2.718429120148166e+23,0.0,0.0,0.0,0.0,53,152018454839296.0,0.0,0.0,0.0,0.0,0.0,0.0,0.0,0.0,0,0,0,0.0,0.0,0.0,0.0,0.0,0.0,0.0,0.0,0.0,0.0,0.0,0.0,0.0,0.0,0.0,0.0,0,-107875648.0,53,0.0,106,-107614832.0,0.0,ERR,ERR,ERR,ERR,ERR,ERR,ERR,ERR,ERR,ERR,ERR,ERR,ERR,ERR,ERR,ERR,ERR,ERR,ERR,ERR,ERR,ERR,ERR,ERR,ERR,ERR,ERR,ERR,ERR,ERR,ERR,ERR,ERR,ERR,ERR,ERR,ERR,ERR,ERR,ERR,ERR,ERR,ERR,ERR,ERR,ERR,ERR,ERR,ERR,ERR,ERR,ERR,ERR,ERR,ERR,ERR,ERR,ERR,ERR,ERR,ERR,ERR,ERR,ERR,ERR,ERR,ERR,50.0,60.0,100,0.0,0.0,0.0,0.0,0.0,0.0,0.0,0.0,0.0,0.0,0.0,0.0,0.0,0.0,0.0,0.0,61.6,65,19,65521,50,65476,0,300,0,0,8,20529,65476,0,0,26214,60.0,0.0,0.0,0.0,0.0,0.0
2026-05-17T16:03:50,ERR,ERR,ERR,ERR,ERR,ERR,ERR,ERR,ERR,ERR,ERR,ERR,ERR,ERR,ERR,ERR,ERR,ERR,ERR,ERR,ERR,ERR,ERR,ERR,ERR,ERR,ERR,ERR,ERR,ERR,ERR,ERR,ERR,ERR,ERR,ERR,ERR,ERR,ERR,ERR,ERR,ERR,ERR,ERR,ERR,ERR,ERR,ERR,ERR,ERR,ERR,ERR,ERR,ERR,ERR,ERR,ERR,ERR,ERR,ERR,ERR,ERR,ERR,ERR,ERR,ERR,ERR,ERR,ERR,ERR,ERR,ERR,ERR,ERR,ERR,ERR,ERR,ERR,ERR,ERR,ERR,ERR,ERR,ERR,ERR,ERR,ERR,ERR,ERR,ERR,ERR,ERR,ERR,ERR,ERR,ERR,ERR,ERR,ERR,ERR,ERR,ERR,ERR,ERR,ERR,ERR,ERR,ERR,ERR,ERR,ERR,ERR,ERR,ERR,ERR,ERR,ERR,ERR,ERR,ERR,ERR,ERR,ERR,ERR,ERR,0.0,-0.0,-0.0,0.0,0.0,1.3936040501711995e+18,7.805,0.0,0,0,4,0,8422,0.0,45,0.0,0.0,0.0,0.0,0.0,0,0,0,0,0.0,0,0,0,0,0,0,0,0,0,0,0,0,0,0,0,0,0,0,0,0,0,0,0,0,0,0,0,0,0,0,0,0,0,38,14,7,45,65476,0,300,0,0,8,21553,0.0,-107605600.0,0.0,0.0,0.0,0.0,0.0,0.0,0.0,0.0,0.0,0.0,0.0,0.0,0.0,0.0,0.0,0.0,0.0,0.0,0.0,0.0,-2.004,-0.0,2.004,-2.004,0.0,0.0,0.0,0.0,5000.0,2.004,0.0,0.0,-0.0,-107615272.0,2.718429120148166e+23,0.0,0.0,0.0,0.0,53,0.059,0.0,0.0,0.0,0.0,0.0,0.0,0.0,0.0,0,0,0,0.0,0.0,0.0,0.0,0.0,0.0,0.0,0.0,0.0,0.0,0.0,0.0,0.0,0.0,0.0,0.0,0,-107875648.0,53,0.0,106,-107614832.0,0.0,ERR,ERR,ERR,ERR,ERR,ERR,ERR,ERR,ERR,ERR,ERR,ERR,ERR,ERR,ERR,ERR,ERR,ERR,ERR,ERR,ERR,ERR,ERR,ERR,ERR,ERR,ERR,ERR,ERR,ERR,ERR,ERR,ERR,ERR,ERR,ERR,ERR,ERR,ERR,ERR,ERR,ERR,ERR,ERR,ERR,ERR,ERR,ERR,ERR,ERR,ERR,ERR,ERR,ERR,ERR,ERR,ERR,ERR,ERR,ERR,ERR,ERR,ERR,ERR,ERR,ERR,ERR,50.0,60.0,100,0.0,0.0,0.0,0.0,0.0,0.0,0.0,0.0,0.0,0.0,0.0,0.0,0.0,0.0,0.0,0.0,61.6,65,19,65521,50,65476,0,300,0,0,8,20529,65476,0,0,26214,60.0,0.0,0.0,0.0,0.0,0.0
2026-05-17T16:03:51,ERR,ERR,ERR,ERR,ERR,ERR,ERR,ERR,ERR,ERR,ERR,ERR,ERR,ERR,ERR,ERR,ERR,ERR,ERR,ERR,ERR,ERR,ERR,ERR,ERR,ERR,ERR,ERR,ERR,ERR,ERR,ERR,ERR,ERR,ERR,ERR,ERR,ERR,ERR,ERR,ERR,ERR,ERR,ERR,ERR,ERR,ERR,ERR,ERR,ERR,ERR,ERR,ERR,ERR,ERR,ERR,ERR,ERR,ERR,ERR,ERR,ERR,ERR,ERR,ERR,ERR,ERR,ERR,ERR,ERR,ERR,ERR,ERR,ERR,ERR,ERR,ERR,ERR,ERR,ERR,ERR,ERR,ERR,ERR,ERR,ERR,ERR,ERR,ERR,ERR,ERR,ERR,ERR,ERR,ERR,ERR,ERR,ERR,ERR,ERR,ERR,ERR,ERR,ERR,ERR,ERR,ERR,ERR,ERR,ERR,ERR,ERR,ERR,ERR,ERR,ERR,ERR,ERR,ERR,ERR,ERR,ERR,ERR,ERR,ERR,0.0,-0.0,-0.0,0.0,0.0,1.3936040501711995e+18,7.805,0.0,0,0,4,0,8422,0.0,45,0.0,0.0,0.0,0.0,0.0,0,0,0,0,0.0,0,0,0,0,0,0,0,0,0,0,0,0,0,0,0,0,0,0,0,0,0,0,0,0,0,0,0,0,0,0,0,0,0,38,14,7,45,65476,0,300,0,0,8,21553,0.0,-107605600.0,0.0,0.0,0.0,0.0,0.0,0.0,0.0,0.0,0.0,0.0,0.0,0.0,0.0,0.0,0.0,0.0,0.0,0.0,0.0,0.0,-2.004,-0.0,2.004,-2.004,0.0,0.0,0.0,0.0,5000.0,2.004,0.0,0.0,-0.0,-107615272.0,2.718429120148166e+23,0.0,0.0,0.0,0.0,53,0.059,0.0,0.0,0.0,0.0,0.0,0.0,0.0,0.0,0,0,0,0.0,0.0,0.0,0.0,0.0,0.0,0.0,0.0,0.0,0.0,0.0,0.0,0.0,0.0,0.0,0.0,0,-107875648.0,53,0.0,106,-107614832.0,0.0,ERR,ERR,ERR,ERR,ERR,ERR,ERR,ERR,ERR,ERR,ERR,ERR,ERR,ERR,ERR,ERR,ERR,ERR,ERR,ERR,ERR,ERR,ERR,ERR,ERR,ERR,ERR,ERR,ERR,ERR,ERR,ERR,ERR,ERR,ERR,ERR,ERR,ERR,ERR,ERR,ERR,ERR,ERR,ERR,ERR,ERR,ERR,ERR,ERR,ERR,ERR,ERR,ERR,ERR,ERR,ERR,ERR,ERR,ERR,ERR,ERR,ERR,ERR,ERR,ERR,ERR,ERR,50.0,60.0,100,0.0,0.0,0.0,0.0,0.0,0.0,0.0,0.0,0.0,0.0,0.0,0.0,0.0,0.0,0.0,0.0,61.6,65,19,65521,50,65476,0,300,0,0,8,20529,65476,0,0,26214,60.0,0.0,0.0,0.0,0.0,0.0
2026-05-17T16:03:52,ERR,ERR,ERR,ERR,ERR,ERR,ERR,ERR,ERR,ERR,ERR,ERR,ERR,ERR,ERR,ERR,ERR,ERR,ERR,ERR,ERR,ERR,ERR,ERR,ERR,ERR,ERR,ERR,ERR,ERR,ERR,ERR,ERR,ERR,ERR,ERR,ERR,ERR,ERR,ERR,ERR,ERR,ERR,ERR,ERR,ERR,ERR,ERR,ERR,ERR,ERR,ERR,ERR,ERR,ERR,ERR,ERR,ERR,ERR,ERR,ERR,ERR,ERR,ERR,ERR,ERR,ERR,ERR,ERR,ERR,ERR,ERR,ERR,ERR,ERR,ERR,ERR,ERR,ERR,ERR,ERR,ERR,ERR,ERR,ERR,ERR,ERR,ERR,ERR,ERR,ERR,ERR,ERR,ERR,ERR,ERR,ERR,ERR,ERR,ERR,ERR,ERR,ERR,ERR,ERR,ERR,ERR,ERR,ERR,ERR,ERR,ERR,ERR,ERR,ERR,ERR,ERR,ERR,ERR,ERR,ERR,ERR,ERR,ERR,ERR,0.0,-0.0,-0.0,0.0,0.0,1.3936040501711995e+18,7.805,0.0,0,0,4,0,8422,0.0,45,0.0,0.0,0.0,0.0,0.0,0,0,0,0,0.0,0,0,0,0,0,0,0,0,0,0,0,0,0,0,0,0,0,0,0,0,0,0,0,0,0,0,0,0,0,0,0,0,0,38,14,7,45,65476,0,300,0,0,8,21553,0.0,-107605600.0,0.0,0.0,0.0,0.0,0.0,0.0,0.0,0.0,0.0,0.0,0.0,0.0,0.0,0.0,0.0,0.0,0.0,0.0,0.0,0.0,-2.004,-0.0,2.004,-2.004,0.0,0.0,0.0,0.0,5000.0,2.004,0.0,0.0,-0.0,-107615272.0,2.718429120148166e+23,0.0,0.0,0.0,0.0,53,0.059,0.0,0.0,0.0,0.0,0.0,0.0,0.0,0.0,0,0,0,0.0,0.0,0.0,0.0,0.0,0.0,0.0,0.0,0.0,0.0,0.0,0.0,0.0,0.0,0.0,0.0,0,-107875648.0,53,0.0,106,-107614832.0,0.0,ERR,ERR,ERR,ERR,ERR,ERR,ERR,ERR,ERR,ERR,ERR,ERR,ERR,ERR,ERR,ERR,ERR,ERR,ERR,ERR,ERR,ERR,ERR,ERR,ERR,ERR,ERR,ERR,ERR,ERR,ERR,ERR,ERR,ERR,ERR,ERR,ERR,ERR,ERR,ERR,ERR,ERR,ERR,ERR,ERR,ERR,ERR,ERR,ERR,ERR,ERR,ERR,ERR,ERR,ERR,ERR,ERR,ERR,ERR,ERR,ERR,ERR,ERR,ERR,ERR,ERR,ERR,50.0,60.0,100,0.0,0.0,0.0,0.0,0.0,0.0,0.0,0.0,0.0,0.0,0.0,0.0,0.0,0.0,0.0,0.0,61.6,65,19,65521,50,65476,0,300,0,0,8,20529,65476,0,0,26214,60.0,0.0,0.0,0.0,0.0,0.0
2026-05-17T16:03:53,ERR,ERR,ERR,ERR,ERR,ERR,ERR,ERR,ERR,ERR,ERR,ERR,ERR,ERR,ERR,ERR,ERR,ERR,ERR,ERR,ERR,ERR,ERR,ERR,ERR,ERR,ERR,ERR,ERR,ERR,ERR,ERR,ERR,ERR,ERR,ERR,ERR,ERR,ERR,ERR,ERR,ERR,ERR,ERR,ERR,ERR,ERR,ERR,ERR,ERR,ERR,ERR,ERR,ERR,ERR,ERR,ERR,ERR,ERR,ERR,ERR,ERR,ERR,ERR,ERR,ERR,ERR,ERR,ERR,ERR,ERR,ERR,ERR,ERR,ERR,ERR,ERR,ERR,ERR,ERR,ERR,ERR,ERR,ERR,ERR,ERR,ERR,ERR,ERR,ERR,ERR,ERR,ERR,ERR,ERR,ERR,ERR,ERR,ERR,ERR,ERR,ERR,ERR,ERR,ERR,ERR,ERR,ERR,ERR,ERR,ERR,ERR,ERR,ERR,ERR,ERR,ERR,ERR,ERR,ERR,ERR,ERR,ERR,ERR,ERR,0.0,-0.0,-0.0,0.0,0.0,1.3936040501711995e+18,7.805,0.0,0,0,4,0,8422,0.0,45,0.0,0.0,0.0,0.0,0.0,0,0,0,0,0.0,0,0,0,0,0,0,0,0,0,0,0,0,0,0,0,0,0,0,0,0,0,0,0,0,0,0,0,0,0,0,0,0,0,38,14,7,45,65476,0,300,0,0,8,21553,0.0,-107605600.0,0.0,0.0,0.0,0.0,0.0,0.0,0.0,0.0,0.0,0.0,0.0,0.0,0.0,0.0,0.0,0.0,0.0,0.0,0.0,0.0,-2.004,-0.0,2.004,-2.004,0.0,0.0,0.0,0.0,5000.0,2.004,0.0,0.0,-0.0,-107615272.0,2.718429120148166e+23,0.0,0.0,0.0,0.0,53,0.059,0.0,0.0,0.0,0.0,0.0,0.0,0.0,0.0,0,0,0,0.0,0.0,0.0,0.0,0.0,0.0,0.0,0.0,0.0,0.0,0.0,0.0,0.0,0.0,0.0,0.0,0,-107875648.0,53,0.0,106,-107614832.0,0.0,ERR,ERR,ERR,ERR,ERR,ERR,ERR,ERR,ERR,ERR,ERR,ERR,ERR,ERR,ERR,ERR,ERR,ERR,ERR,ERR,ERR,ERR,ERR,ERR,ERR,ERR,ERR,ERR,ERR,ERR,ERR,ERR,ERR,ERR,ERR,ERR,ERR,ERR,ERR,ERR,ERR,ERR,ERR,ERR,ERR,ERR,ERR,ERR,ERR,ERR,ERR,ERR,ERR,ERR,ERR,ERR,ERR,ERR,ERR,ERR,ERR,ERR,ERR,ERR,ERR,ERR,ERR,50.0,60.0,100,0.0,0.0,0.0,0.0,0.0,0.0,0.0,0.0,0.0,0.0,0.0,0.0,0.0,0.0,0.0,0.0,61.6,65,19,65521,50,65476,0,300,0,0,8,20529,65476,0,0,26214,60.0,0.0,0.0,0.0,0.0,0.0
2026-05-17T16:03:54,ERR,ERR,ERR,ERR,ERR,ERR,ERR,ERR,ERR,ERR,ERR,ERR,ERR,ERR,ERR,ERR,ERR,ERR,ERR,ERR,ERR,ERR,ERR,ERR,ERR,ERR,ERR,ERR,ERR,ERR,ERR,ERR,ERR,ERR,ERR,ERR,ERR,ERR,ERR,ERR,ERR,ERR,ERR,ERR,ERR,ERR,ERR,ERR,ERR,ERR,ERR,ERR,ERR,ERR,ERR,ERR,ERR,ERR,ERR,ERR,ERR,ERR,ERR,ERR,ERR,ERR,ERR,ERR,ERR,ERR,ERR,ERR,ERR,ERR,ERR,ERR,ERR,ERR,ERR,ERR,ERR,ERR,ERR,ERR,ERR,ERR,ERR,ERR,ERR,ERR,ERR,ERR,ERR,ERR,ERR,ERR,ERR,ERR,ERR,ERR,ERR,ERR,ERR,ERR,ERR,ERR,ERR,ERR,ERR,ERR,ERR,ERR,ERR,ERR,ERR,ERR,ERR,ERR,ERR,ERR,ERR,ERR,ERR,ERR,ERR,0.0,-0.0,-0.0,0.0,0.0,1.3936040501711995e+18,7.805,0.0,0,0,4,0,8422,0.0,45,0.0,0.0,0.0,0.0,0.0,0,0,0,0,0.0,0,0,0,0,0,0,0,0,0,0,0,0,0,0,0,0,0,0,0,0,0,0,0,0,0,0,0,0,0,0,0,0,0,38,14,7,45,65476,0,300,0,0,8,21553,0.0,-107605600.0,0.0,0.0,0.0,0.0,0.0,0.0,0.0,0.0,0.0,0.0,0.0,0.0,0.0,0.0,0.0,0.0,0.0,0.0,0.0,0.0,-2.004,-0.0,2.004,-2.004,0.0,0.0,0.0,0.0,5000.0,2.004,0.0,0.0,-0.0,-107615272.0,2.718429120148166e+23,0.0,0.0,0.0,0.0,53,0.059,0.0,0.0,0.0,0.0,0.0,0.0,0.0,0.0,0,0,0,0.0,0.0,0.0,0.0,0.0,0.0,0.0,0.0,0.0,0.0,0.0,0.0,0.0,0.0,0.0,0.0,0,-107875648.0,53,0.0,106,-107614832.0,0.0,ERR,ERR,ERR,ERR,ERR,ERR,ERR,ERR,ERR,ERR,ERR,ERR,ERR,ERR,ERR,ERR,ERR,ERR,ERR,ERR,ERR,ERR,ERR,ERR,ERR,ERR,ERR,ERR,ERR,ERR,ERR,ERR,ERR,ERR,ERR,ERR,ERR,ERR,ERR,ERR,ERR,ERR,ERR,ERR,ERR,ERR,ERR,ERR,ERR,ERR,ERR,ERR,ERR,ERR,ERR,ERR,ERR,ERR,ERR,ERR,ERR,ERR,ERR,ERR,ERR,ERR,ERR,50.0,60.0,100,0.0,0.0,0.0,0.0,0.0,0.0,0.0,0.0,0.0,0.0,0.0,0.0,0.0,0.0,0.0,0.0,61.6,65,19,65521,50,65476,0,300,0,0,8,20529,65476,0,0,26214,60.0,0.0,0.0,0.0,0.0,0.0
2026-05-17T16:03:55,ERR,ERR,ERR,ERR,ERR,ERR,ERR,ERR,ERR,ERR,ERR,ERR,ERR,ERR,ERR,ERR,ERR,ERR,ERR,ERR,ERR,ERR,ERR,ERR,ERR,ERR,ERR,ERR,ERR,ERR,ERR,ERR,ERR,ERR,ERR,ERR,ERR,ERR,ERR,ERR,ERR,ERR,ERR,ERR,ERR,ERR,ERR,ERR,ERR,ERR,ERR,ERR,ERR,ERR,ERR,ERR,ERR,ERR,ERR,ERR,ERR,ERR,ERR,ERR,ERR,ERR,ERR,ERR,ERR,ERR,ERR,ERR,ERR,ERR,ERR,ERR,ERR,ERR,ERR,ERR,ERR,ERR,ERR,ERR,ERR,ERR,ERR,ERR,ERR,ERR,ERR,ERR,ERR,ERR,ERR,ERR,ERR,ERR,ERR,ERR,ERR,ERR,ERR,ERR,ERR,ERR,ERR,ERR,ERR,ERR,ERR,ERR,ERR,ERR,ERR,ERR,ERR,ERR,ERR,ERR,ERR,ERR,ERR,ERR,ERR,0.0,-0.0,-0.0,0.0,0.0,1.3936040501711995e+18,7.805,0.0,0,0,4,0,8422,0.0,45,0.0,0.0,0.0,0.0,0.0,0,0,0,0,0.0,0,0,0,0,0,0,0,0,0,0,0,0,0,0,0,0,0,0,0,0,0,0,0,0,0,0,0,0,0,0,0,0,0,38,14,7,45,65476,0,300,0,0,8,21553,0.0,-107605600.0,0.0,0.0,0.0,0.0,0.0,0.0,0.0,0.0,0.0,0.0,0.0,0.0,0.0,0.0,0.0,0.0,0.0,0.0,0.0,0.0,-2.004,-0.0,2.004,-2.004,0.0,0.0,0.0,0.0,4970.0,-0.0,0.0,0.0,-0.0,-107615272.0,2.718429120148166e+23,0.0,0.0,0.0,0.0,53,89221.109,89220.555,0.0,0.0,0.0,0.0,0.0,0.0,0.0,0,0,0,0.0,0.0,0.0,0.0,0.0,0.0,0.0,0.0,0.0,0.0,0.0,0.0,0.0,0.0,0.0,0.0,0,-107875648.0,53,0.0,106,-107614832.0,0.0,ERR,ERR,ERR,ERR,ERR,ERR,ERR,ERR,ERR,ERR,ERR,ERR,ERR,ERR,ERR,ERR,ERR,ERR,ERR,ERR,ERR,ERR,ERR,ERR,ERR,ERR,ERR,ERR,ERR,ERR,ERR,ERR,ERR,ERR,ERR,ERR,ERR,ERR,ERR,ERR,ERR,ERR,ERR,ERR,ERR,ERR,ERR,ERR,ERR,ERR,ERR,ERR,ERR,ERR,ERR,ERR,ERR,ERR,ERR,ERR,ERR,ERR,ERR,ERR,ERR,ERR,ERR,50.0,60.0,100,0.0,0.0,0.0,0.0,0.0,0.0,0.0,0.0,0.0,0.0,0.0,0.0,0.0,0.0,0.0,0.0,61.6,65,19,65521,50,65476,0,300,0,0,8,20529,65476,0,0,26214,60.0,0.0,0.0,0.0,0.0,0.0
2026-05-17T16:03:56,ERR,ERR,ERR,ERR,ERR,ERR,ERR,ERR,ERR,ERR,ERR,ERR,ERR,ERR,ERR,ERR,ERR,ERR,ERR,ERR,ERR,ERR,ERR,ERR,ERR,ERR,ERR,ERR,ERR,ERR,ERR,ERR,ERR,ERR,ERR,ERR,ERR,ERR,ERR,ERR,ERR,ERR,ERR,ERR,ERR,ERR,ERR,ERR,ERR,ERR,ERR,ERR,ERR,ERR,ERR,ERR,ERR,ERR,ERR,ERR,ERR,ERR,ERR,ERR,ERR,ERR,ERR,ERR,ERR,ERR,ERR,ERR,ERR,ERR,ERR,ERR,ERR,ERR,ERR,ERR,ERR,ERR,ERR,ERR,ERR,ERR,ERR,ERR,ERR,ERR,ERR,ERR,ERR,ERR,ERR,ERR,ERR,ERR,ERR,ERR,ERR,ERR,ERR,ERR,ERR,ERR,ERR,ERR,ERR,ERR,ERR,ERR,ERR,ERR,ERR,ERR,ERR,ERR,ERR,ERR,ERR,ERR,ERR,ERR,ERR,0.0,-0.0,-0.0,0.0,0.0,1.3936040501711995e+18,7.805,0.0,0,0,4,0,8422,0.0,45,0.0,0.0,0.0,0.0,0.0,0,0,0,0,0.0,0,0,0,0,0,0,0,0,0,0,0,0,0,0,0,0,0,0,0,0,0,0,0,0,0,0,0,0,0,0,0,0,0,38,14,7,45,65476,0,300,0,0,8,21553,0.0,-107605600.0,0.0,0.0,0.0,0.0,0.0,0.0,0.0,0.0,0.0,0.0,0.0,0.0,0.0,0.0,0.0,0.0,0.0,0.0,0.0,0.0,-2.004,-0.0,2.004,-2.004,0.0,0.0,0.0,0.0,4970.0,-0.0,0.0,0.0,-0.0,-107615272.0,2.718429120148166e+23,0.0,0.0,0.0,0.0,53,89221.109,89220.555,0.0,0.0,0.0,0.0,0.0,0.0,0.0,0,0,0,0.0,0.0,0.0,0.0,0.0,0.0,0.0,0.0,0.0,0.0,0.0,0.0,0.0,0.0,0.0,0.0,0,-107875648.0,53,0.0,106,-107614832.0,0.0,ERR,ERR,ERR,ERR,ERR,ERR,ERR,ERR,ERR,ERR,ERR,ERR,ERR,ERR,ERR,ERR,ERR,ERR,ERR,ERR,ERR,ERR,ERR,ERR,ERR,ERR,ERR,ERR,ERR,ERR,ERR,ERR,ERR,ERR,ERR,ERR,ERR,ERR,ERR,ERR,ERR,ERR,ERR,ERR,ERR,ERR,ERR,ERR,ERR,ERR,ERR,ERR,ERR,ERR,ERR,ERR,ERR,ERR,ERR,ERR,ERR,ERR,ERR,ERR,ERR,ERR,ERR,50.0,60.0,100,0.0,0.0,0.0,0.0,0.0,0.0,0.0,0.0,0.0,0.0,0.0,0.0,0.0,0.0,0.0,0.0,61.6,65,19,65521,50,65476,0,300,0,0,8,20529,65476,0,0,26214,60.0,0.0,0.0,0.0,0.0,0.0
2026-05-17T16:03:57,ERR,ERR,ERR,ERR,ERR,ERR,ERR,ERR,ERR,ERR,ERR,ERR,ERR,ERR,ERR,ERR,ERR,ERR,ERR,ERR,ERR,ERR,ERR,ERR,ERR,ERR,ERR,ERR,ERR,ERR,ERR,ERR,ERR,ERR,ERR,ERR,ERR,ERR,ERR,ERR,ERR,ERR,ERR,ERR,ERR,ERR,ERR,ERR,ERR,ERR,ERR,ERR,ERR,ERR,ERR,ERR,ERR,ERR,ERR,ERR,ERR,ERR,ERR,ERR,ERR,ERR,ERR,ERR,ERR,ERR,ERR,ERR,ERR,ERR,ERR,ERR,ERR,ERR,ERR,ERR,ERR,ERR,ERR,ERR,ERR,ERR,ERR,ERR,ERR,ERR,ERR,ERR,ERR,ERR,ERR,ERR,ERR,ERR,ERR,ERR,ERR,ERR,ERR,ERR,ERR,ERR,ERR,ERR,ERR,ERR,ERR,ERR,ERR,ERR,ERR,ERR,ERR,ERR,ERR,ERR,ERR,ERR,ERR,ERR,ERR,0.0,-0.0,-0.0,0.0,0.0,1.3936040501711995e+18,7.805,0.0,0,0,4,0,8422,0.0,45,0.0,0.0,0.0,0.0,0.0,0,0,0,0,0.0,0,0,0,0,0,0,0,0,0,0,0,0,0,0,0,0,0,0,0,0,0,0,0,0,0,0,0,0,0,0,0,0,0,38,14,7,45,65476,0,300,0,0,8,21553,0.0,-107605600.0,0.0,0.0,0.0,0.0,0.0,0.0,0.0,0.0,0.0,0.0,0.0,0.0,0.0,0.0,0.0,0.0,0.0,0.0,0.0,0.0,-2.004,-0.0,2.004,-2.004,0.0,0.0,0.0,0.0,4970.0,-0.0,0.0,0.0,-0.0,-107615272.0,2.718429120148166e+23,0.0,0.0,0.0,0.0,53,89221.109,89220.555,0.0,0.0,0.0,0.0,0.0,0.0,0.0,0,0,0,0.0,0.0,0.0,0.0,0.0,0.0,0.0,0.0,0.0,0.0,0.0,0.0,0.0,0.0,0.0,0.0,0,-107875648.0,53,0.0,106,-107614832.0,0.0,ERR,ERR,ERR,ERR,ERR,ERR,ERR,ERR,ERR,ERR,ERR,ERR,ERR,ERR,ERR,ERR,ERR,ERR,ERR,ERR,ERR,ERR,ERR,ERR,ERR,ERR,ERR,ERR,ERR,ERR,ERR,ERR,ERR,ERR,ERR,ERR,ERR,ERR,ERR,ERR,ERR,ERR,ERR,ERR,ERR,ERR,ERR,ERR,ERR,ERR,ERR,ERR,ERR,ERR,ERR,ERR,ERR,ERR,ERR,ERR,ERR,ERR,ERR,ERR,ERR,ERR,ERR,50.0,60.0,100,0.0,0.0,0.0,0.0,0.0,0.0,0.0,0.0,0.0,0.0,0.0,0.0,0.0,0.0,0.0,0.0,61.6,65,19,65521,50,65476,0,300,0,0,8,20529,65476,0,0,26214,60.0,0.0,0.0,0.0,0.0,0.0
2026-05-17T16:03:58,ERR,ERR,ERR,ERR,ERR,ERR,ERR,ERR,ERR,ERR,ERR,ERR,ERR,ERR,ERR,ERR,ERR,ERR,ERR,ERR,ERR,ERR,ERR,ERR,ERR,ERR,ERR,ERR,ERR,ERR,ERR,ERR,ERR,ERR,ERR,ERR,ERR,ERR,ERR,ERR,ERR,ERR,ERR,ERR,ERR,ERR,ERR,ERR,ERR,ERR,ERR,ERR,ERR,ERR,ERR,ERR,ERR,ERR,ERR,ERR,ERR,ERR,ERR,ERR,ERR,ERR,ERR,ERR,ERR,ERR,ERR,ERR,ERR,ERR,ERR,ERR,ERR,ERR,ERR,ERR,ERR,ERR,ERR,ERR,ERR,ERR,ERR,ERR,ERR,ERR,ERR,ERR,ERR,ERR,ERR,ERR,ERR,ERR,ERR,ERR,ERR,ERR,ERR,ERR,ERR,ERR,ERR,ERR,ERR,ERR,ERR,ERR,ERR,ERR,ERR,ERR,ERR,ERR,ERR,ERR,ERR,ERR,ERR,ERR,ERR,0.0,-0.0,-0.0,0.0,0.0,1.3936040501711995e+18,7.805,0.0,0,0,4,0,8422,0.0,45,0.0,0.0,0.0,0.0,0.0,0,0,0,0,0.0,0,0,0,0,0,0,0,0,0,0,0,0,0,0,0,0,0,0,0,0,0,0,0,0,0,0,0,0,0,0,0,0,0,38,14,7,45,65476,0,300,0,0,8,21553,0.0,-107605600.0,0.0,0.0,0.0,0.0,0.0,0.0,0.0,0.0,0.0,0.0,0.0,0.0,0.0,0.0,0.0,0.0,0.0,0.0,0.0,0.0,-2.004,-0.0,2.004,-2.004,0.0,0.0,0.0,0.0,4970.0,-0.0,0.0,0.0,-0.0,-107615272.0,2.718429120148166e+23,0.0,0.0,0.0,0.0,53,89221.109,89220.555,0.0,0.0,0.0,0.0,0.0,0.0,0.0,0,0,0,0.0,0.0,0.0,0.0,0.0,0.0,0.0,0.0,0.0,0.0,0.0,0.0,0.0,0.0,0.0,0.0,0,-107875648.0,53,0.0,106,-107614832.0,0.0,ERR,ERR,ERR,ERR,ERR,ERR,ERR,ERR,ERR,ERR,ERR,ERR,ERR,ERR,ERR,ERR,ERR,ERR,ERR,ERR,ERR,ERR,ERR,ERR,ERR,ERR,ERR,ERR,ERR,ERR,ERR,ERR,ERR,ERR,ERR,ERR,ERR,ERR,ERR,ERR,ERR,ERR,ERR,ERR,ERR,ERR,ERR,ERR,ERR,ERR,ERR,ERR,ERR,ERR,ERR,ERR,ERR,ERR,ERR,ERR,ERR,ERR,ERR,ERR,ERR,ERR,ERR,50.0,60.0,100,0.0,0.0,0.0,0.0,0.0,0.0,0.0,0.0,0.0,0.0,0.0,0.0,0.0,0.0,0.0,0.0,61.6,65,19,65521,50,65476,0,300,0,0,8,20529,65476,0,0,26214,60.0,0.0,0.0,0.0,0.0,0.0
2026-05-17T16:03:59,ERR,ERR,ERR,ERR,ERR,ERR,ERR,ERR,ERR,ERR,ERR,ERR,ERR,ERR,ERR,ERR,ERR,ERR,ERR,ERR,ERR,ERR,ERR,ERR,ERR,ERR,ERR,ERR,ERR,ERR,ERR,ERR,ERR,ERR,ERR,ERR,ERR,ERR,ERR,ERR,ERR,ERR,ERR,ERR,ERR,ERR,ERR,ERR,ERR,ERR,ERR,ERR,ERR,ERR,ERR,ERR,ERR,ERR,ERR,ERR,ERR,ERR,ERR,ERR,ERR,ERR,ERR,ERR,ERR,ERR,ERR,ERR,ERR,ERR,ERR,ERR,ERR,ERR,ERR,ERR,ERR,ERR,ERR,ERR,ERR,ERR,ERR,ERR,ERR,ERR,ERR,ERR,ERR,ERR,ERR,ERR,ERR,ERR,ERR,ERR,ERR,ERR,ERR,ERR,ERR,ERR,ERR,ERR,ERR,ERR,ERR,ERR,ERR,ERR,ERR,ERR,ERR,ERR,ERR,ERR,ERR,ERR,ERR,ERR,ERR,0.0,-0.0,-0.0,0.0,0.0,1.3936040501711995e+18,7.805,0.0,0,0,4,0,8422,0.0,45,0.0,0.0,0.0,0.0,0.0,0,0,0,0,0.0,0,0,0,0,0,0,0,0,0,0,0,0,0,0,0,0,0,0,0,0,0,0,0,0,0,0,0,0,0,0,0,0,0,38,14,7,45,65476,0,300,0,0,8,21553,0.0,-107605600.0,0.0,0.0,0.0,0.0,0.0,0.0,0.0,0.0,0.0,0.0,0.0,0.0,0.0,0.0,0.0,0.0,0.0,0.0,0.0,0.0,-2.004,-0.0,2.004,-2.004,0.0,0.0,0.0,0.0,4970.0,-0.0,0.0,0.0,-0.0,-107615272.0,2.718429120148166e+23,0.0,0.0,0.0,0.0,53,89221.109,89220.555,0.0,0.0,0.0,0.0,0.0,0.0,0.0,0,0,0,0.0,0.0,0.0,0.0,0.0,0.0,0.0,0.0,0.0,0.0,0.0,0.0,0.0,0.0,0.0,0.0,0,-107875648.0,53,0.0,106,-107614832.0,0.0,ERR,ERR,ERR,ERR,ERR,ERR,ERR,ERR,ERR,ERR,ERR,ERR,ERR,ERR,ERR,ERR,ERR,ERR,ERR,ERR,ERR,ERR,ERR,ERR,ERR,ERR,ERR,ERR,ERR,ERR,ERR,ERR,ERR,ERR,ERR,ERR,ERR,ERR,ERR,ERR,ERR,ERR,ERR,ERR,ERR,ERR,ERR,ERR,ERR,ERR,ERR,ERR,ERR,ERR,ERR,ERR,ERR,ERR,ERR,ERR,ERR,ERR,ERR,ERR,ERR,ERR,ERR,50.0,60.0,100,0.0,0.0,0.0,0.0,0.0,0.0,0.0,0.0,0.0,0.0,0.0,0.0,0.0,0.0,0.0,0.0,61.6,65,19,65521,50,65476,0,300,0,0,8,20529,65476,0,0,26214,60.0,0.0,0.0,0.0,0.0,0.0
2026-05-17T16:04:00,ERR,ERR,ERR,ERR,ERR,ERR,ERR,ERR,ERR,ERR,ERR,ERR,ERR,ERR,ERR,ERR,ERR,ERR,ERR,ERR,ERR,ERR,ERR,ERR,ERR,ERR,ERR,ERR,ERR,ERR,ERR,ERR,ERR,ERR,ERR,ERR,ERR,ERR,ERR,ERR,ERR,ERR,ERR,ERR,ERR,ERR,ERR,ERR,ERR,ERR,ERR,ERR,ERR,ERR,ERR,ERR,ERR,ERR,ERR,ERR,ERR,ERR,ERR,ERR,ERR,ERR,ERR,ERR,ERR,ERR,ERR,ERR,ERR,ERR,ERR,ERR,ERR,ERR,ERR,ERR,ERR,ERR,ERR,ERR,ERR,ERR,ERR,ERR,ERR,ERR,ERR,ERR,ERR,ERR,ERR,ERR,ERR,ERR,ERR,ERR,ERR,ERR,ERR,ERR,ERR,ERR,ERR,ERR,ERR,ERR,ERR,ERR,ERR,ERR,ERR,ERR,ERR,ERR,ERR,ERR,ERR,ERR,ERR,ERR,ERR,0.0,-0.0,-0.0,0.0,0.0,1.3936040501711995e+18,7.805,0.0,0,0,4,0,8422,0.0,45,0.0,0.0,0.0,0.0,0.0,0,0,0,0,0.0,0,0,0,0,0,0,0,0,0,0,0,0,0,0,0,0,0,0,0,0,0,0,0,0,0,0,0,0,0,0,0,0,0,38,14,7,45,65476,0,300,0,0,8,21553,0.0,-107605600.0,0.0,0.0,0.0,0.0,0.0,0.0,0.0,0.0,0.0,0.0,0.0,0.0,0.0,0.0,0.0,0.0,0.0,0.0,0.0,0.0,-2.004,-0.0,2.004,-2.004,0.0,0.0,0.0,0.0,4968.0,564145766268928.0,0.0,0.0,-0.0,-107615272.0,2.718429120148166e+23,0.0,0.0,0.0,0.0,53,0.059,-71.629,0.0,0.0,0.0,0.0,0.0,0.0,0.0,0,0,0,0.0,0.0,0.0,0.0,0.0,0.0,0.0,0.0,0.0,0.0,0.0,0.0,0.0,0.0,0.0,0.0,0,-107875648.0,53,0.0,106,-107614832.0,0.0,ERR,ERR,ERR,ERR,ERR,ERR,ERR,ERR,ERR,ERR,ERR,ERR,ERR,ERR,ERR,ERR,ERR,ERR,ERR,ERR,ERR,ERR,ERR,ERR,ERR,ERR,ERR,ERR,ERR,ERR,ERR,ERR,ERR,ERR,ERR,ERR,ERR,ERR,ERR,ERR,ERR,ERR,ERR,ERR,ERR,ERR,ERR,ERR,ERR,ERR,ERR,ERR,ERR,ERR,ERR,ERR,ERR,ERR,ERR,ERR,ERR,ERR,ERR,ERR,ERR,ERR,ERR,50.0,60.0,100,0.0,0.0,0.0,0.0,0.0,0.0,0.0,0.0,0.0,0.0,0.0,0.0,0.0,0.0,0.0,0.0,61.6,65,19,65521,50,65476,0,300,0,0,8,20529,65476,0,0,26214,60.0,0.0,0.0,0.0,0.0,0.0
2026-05-17T16:04:01,ERR,ERR,ERR,ERR,ERR,ERR,ERR,ERR,ERR,ERR,ERR,ERR,ERR,ERR,ERR,ERR,ERR,ERR,ERR,ERR,ERR,ERR,ERR,ERR,ERR,ERR,ERR,ERR,ERR,ERR,ERR,ERR,ERR,ERR,ERR,ERR,ERR,ERR,ERR,ERR,ERR,ERR,ERR,ERR,ERR,ERR,ERR,ERR,ERR,ERR,ERR,ERR,ERR,ERR,ERR,ERR,ERR,ERR,ERR,ERR,ERR,ERR,ERR,ERR,ERR,ERR,ERR,ERR,ERR,ERR,ERR,ERR,ERR,ERR,ERR,ERR,ERR,ERR,ERR,ERR,ERR,ERR,ERR,ERR,ERR,ERR,ERR,ERR,ERR,ERR,ERR,ERR,ERR,ERR,ERR,ERR,ERR,ERR,ERR,ERR,ERR,ERR,ERR,ERR,ERR,ERR,ERR,ERR,ERR,ERR,ERR,ERR,ERR,ERR,ERR,ERR,ERR,ERR,ERR,ERR,ERR,ERR,ERR,ERR,ERR,0.0,-0.0,-0.0,0.0,0.0,1.3936040501711995e+18,7.805,0.0,0,0,4,0,8422,0.0,45,0.0,0.0,0.0,0.0,0.0,0,0,0,0,0.0,0,0,0,0,0,0,0,0,0,0,0,0,0,0,0,0,0,0,0,0,0,0,0,0,0,0,0,0,0,0,0,0,0,38,14,7,45,65476,0,300,0,0,8,21553,0.0,-107605600.0,0.0,0.0,0.0,0.0,0.0,0.0,0.0,0.0,0.0,0.0,0.0,0.0,0.0,0.0,0.0,0.0,0.0,0.0,0.0,0.0,-2.004,-0.0,2.004,-2.004,0.0,0.0,0.0,0.0,4968.0,564145766268928.0,0.0,0.0,-0.0,-107615272.0,2.718429120148166e+23,0.0,0.0,0.0,0.0,53,0.059,-71.629,0.0,0.0,0.0,0.0,0.0,0.0,0.0,0,0,0,0.0,0.0,0.0,0.0,0.0,0.0,0.0,0.0,0.0,0.0,0.0,0.0,0.0,0.0,0.0,0.0,0,-107875648.0,53,0.0,106,-107614832.0,0.0,ERR,ERR,ERR,ERR,ERR,ERR,ERR,ERR,ERR,ERR,ERR,ERR,ERR,ERR,ERR,ERR,ERR,ERR,ERR,ERR,ERR,ERR,ERR,ERR,ERR,ERR,ERR,ERR,ERR,ERR,ERR,ERR,ERR,ERR,ERR,ERR,ERR,ERR,ERR,ERR,ERR,ERR,ERR,ERR,ERR,ERR,ERR,ERR,ERR,ERR,ERR,ERR,ERR,ERR,ERR,ERR,ERR,ERR,ERR,ERR,ERR,ERR,ERR,ERR,ERR,ERR,ERR,50.0,60.0,100,0.0,0.0,0.0,0.0,0.0,0.0,0.0,0.0,0.0,0.0,0.0,0.0,0.0,0.0,0.0,0.0,61.6,65,19,65521,50,65476,0,300,0,0,8,20529,65476,0,0,26214,60.0,0.0,0.0,0.0,0.0,0.0
2026-05-17T16:04:02,ERR,ERR,ERR,ERR,ERR,ERR,ERR,ERR,ERR,ERR,ERR,ERR,ERR,ERR,ERR,ERR,ERR,ERR,ERR,ERR,ERR,ERR,ERR,ERR,ERR,ERR,ERR,ERR,ERR,ERR,ERR,ERR,ERR,ERR,ERR,ERR,ERR,ERR,ERR,ERR,ERR,ERR,ERR,ERR,ERR,ERR,ERR,ERR,ERR,ERR,ERR,ERR,ERR,ERR,ERR,ERR,ERR,ERR,ERR,ERR,ERR,ERR,ERR,ERR,ERR,ERR,ERR,ERR,ERR,ERR,ERR,ERR,ERR,ERR,ERR,ERR,ERR,ERR,ERR,ERR,ERR,ERR,ERR,ERR,ERR,ERR,ERR,ERR,ERR,ERR,ERR,ERR,ERR,ERR,ERR,ERR,ERR,ERR,ERR,ERR,ERR,ERR,ERR,ERR,ERR,ERR,ERR,ERR,ERR,ERR,ERR,ERR,ERR,ERR,ERR,ERR,ERR,ERR,ERR,ERR,ERR,ERR,ERR,ERR,ERR,0.0,-0.0,-0.0,0.0,0.0,1.3936040501711995e+18,7.805,0.0,0,0,4,0,8422,0.0,45,0.0,0.0,0.0,0.0,0.0,0,0,0,0,0.0,0,0,0,0,0,0,0,0,0,0,0,0,0,0,0,0,0,0,0,0,0,0,0,0,0,0,0,0,0,0,0,0,0,38,14,7,45,65476,0,300,0,0,8,21553,0.0,-107605600.0,0.0,0.0,0.0,0.0,0.0,0.0,0.0,0.0,0.0,0.0,0.0,0.0,0.0,0.0,0.0,0.0,0.0,0.0,0.0,0.0,-2.004,-0.0,2.004,-2.004,0.0,0.0,0.0,0.0,4968.0,564145766268928.0,0.0,0.0,-0.0,-107615272.0,2.718429120148166e+23,0.0,0.0,0.0,0.0,53,0.059,-71.629,0.0,0.0,0.0,0.0,0.0,0.0,0.0,0,0,0,0.0,0.0,0.0,0.0,0.0,0.0,0.0,0.0,0.0,0.0,0.0,0.0,0.0,0.0,0.0,0.0,0,-107875648.0,53,0.0,106,-107614832.0,0.0,ERR,ERR,ERR,ERR,ERR,ERR,ERR,ERR,ERR,ERR,ERR,ERR,ERR,ERR,ERR,ERR,ERR,ERR,ERR,ERR,ERR,ERR,ERR,ERR,ERR,ERR,ERR,ERR,ERR,ERR,ERR,ERR,ERR,ERR,ERR,ERR,ERR,ERR,ERR,ERR,ERR,ERR,ERR,ERR,ERR,ERR,ERR,ERR,ERR,ERR,ERR,ERR,ERR,ERR,ERR,ERR,ERR,ERR,ERR,ERR,ERR,ERR,ERR,ERR,ERR,ERR,ERR,50.0,60.0,100,0.0,0.0,0.0,0.0,0.0,0.0,0.0,0.0,0.0,0.0,0.0,0.0,0.0,0.0,0.0,0.0,61.6,65,19,65521,50,65476,0,300,0,0,8,20529,65476,0,0,26214,60.0,0.0,0.0,0.0,0.0,0.0
2026-05-17T16:04:03,ERR,ERR,ERR,ERR,ERR,ERR,ERR,ERR,ERR,ERR,ERR,ERR,ERR,ERR,ERR,ERR,ERR,ERR,ERR,ERR,ERR,ERR,ERR,ERR,ERR,ERR,ERR,ERR,ERR,ERR,ERR,ERR,ERR,ERR,ERR,ERR,ERR,ERR,ERR,ERR,ERR,ERR,ERR,ERR,ERR,ERR,ERR,ERR,ERR,ERR,ERR,ERR,ERR,ERR,ERR,ERR,ERR,ERR,ERR,ERR,ERR,ERR,ERR,ERR,ERR,ERR,ERR,ERR,ERR,ERR,ERR,ERR,ERR,ERR,ERR,ERR,ERR,ERR,ERR,ERR,ERR,ERR,ERR,ERR,ERR,ERR,ERR,ERR,ERR,ERR,ERR,ERR,ERR,ERR,ERR,ERR,ERR,ERR,ERR,ERR,ERR,ERR,ERR,ERR,ERR,ERR,ERR,ERR,ERR,ERR,ERR,ERR,ERR,ERR,ERR,ERR,ERR,ERR,ERR,ERR,ERR,ERR,ERR,ERR,ERR,0.0,-0.0,-0.0,0.0,0.0,1.3936040501711995e+18,7.805,0.0,0,0,4,0,8422,0.0,45,0.0,0.0,0.0,0.0,0.0,0,0,0,0,0.0,0,0,0,0,0,0,0,0,0,0,0,0,0,0,0,0,0,0,0,0,0,0,0,0,0,0,0,0,0,0,0,0,0,38,14,7,45,65476,0,300,0,0,8,21553,0.0,-107605600.0,0.0,0.0,0.0,0.0,0.0,0.0,0.0,0.0,0.0,0.0,0.0,0.0,0.0,0.0,0.0,0.0,0.0,0.0,0.0,0.0,-2.004,-0.0,2.004,-2.004,0.0,0.0,0.0,0.0,4968.0,564145766268928.0,0.0,0.0,-0.0,-107615272.0,2.718429120148166e+23,0.0,0.0,0.0,0.0,53,0.059,-71.629,0.0,0.0,0.0,0.0,0.0,0.0,0.0,0,0,0,0.0,0.0,0.0,0.0,0.0,0.0,0.0,0.0,0.0,0.0,0.0,0.0,0.0,0.0,0.0,0.0,0,-107875648.0,53,0.0,106,-107614832.0,0.0,ERR,ERR,ERR,ERR,ERR,ERR,ERR,ERR,ERR,ERR,ERR,ERR,ERR,ERR,ERR,ERR,ERR,ERR,ERR,ERR,ERR,ERR,ERR,ERR,ERR,ERR,ERR,ERR,ERR,ERR,ERR,ERR,ERR,ERR,ERR,ERR,ERR,ERR,ERR,ERR,ERR,ERR,ERR,ERR,ERR,ERR,ERR,ERR,ERR,ERR,ERR,ERR,ERR,ERR,ERR,ERR,ERR,ERR,ERR,ERR,ERR,ERR,ERR,ERR,ERR,ERR,ERR,50.0,60.0,100,0.0,0.0,0.0,0.0,0.0,0.0,0.0,0.0,0.0,0.0,0.0,0.0,0.0,0.0,0.0,0.0,61.6,65,19,65521,50,65476,0,300,0,0,8,20529,65476,0,0,26214,60.0,0.0,0.0,0.0,0.0,0.0
2026-05-17T16:04:04,ERR,ERR,ERR,ERR,ERR,ERR,ERR,ERR,ERR,ERR,ERR,ERR,ERR,ERR,ERR,ERR,ERR,ERR,ERR,ERR,ERR,ERR,ERR,ERR,ERR,ERR,ERR,ERR,ERR,ERR,ERR,ERR,ERR,ERR,ERR,ERR,ERR,ERR,ERR,ERR,ERR,ERR,ERR,ERR,ERR,ERR,ERR,ERR,ERR,ERR,ERR,ERR,ERR,ERR,ERR,ERR,ERR,ERR,ERR,ERR,ERR,ERR,ERR,ERR,ERR,ERR,ERR,ERR,ERR,ERR,ERR,ERR,ERR,ERR,ERR,ERR,ERR,ERR,ERR,ERR,ERR,ERR,ERR,ERR,ERR,ERR,ERR,ERR,ERR,ERR,ERR,ERR,ERR,ERR,ERR,ERR,ERR,ERR,ERR,ERR,ERR,ERR,ERR,ERR,ERR,ERR,ERR,ERR,ERR,ERR,ERR,ERR,ERR,ERR,ERR,ERR,ERR,ERR,ERR,ERR,ERR,ERR,ERR,ERR,ERR,0.0,-0.0,-0.0,0.0,0.0,1.3936040501711995e+18,7.805,0.0,0,0,4,0,8422,0.0,45,0.0,0.0,0.0,0.0,0.0,0,0,0,0,0.0,0,0,0,0,0,0,0,0,0,0,0,0,0,0,0,0,0,0,0,0,0,0,0,0,0,0,0,0,0,0,0,0,0,38,14,7,45,65476,0,300,0,0,8,21553,0.0,-107605600.0,0.0,0.0,0.0,0.0,0.0,0.0,0.0,0.0,0.0,0.0,0.0,0.0,0.0,0.0,0.0,0.0,0.0,0.0,0.0,0.0,-2.004,-0.0,2.004,-2.004,0.0,0.0,0.0,0.0,4968.0,564145766268928.0,0.0,0.0,-0.0,-107615272.0,2.718429120148166e+23,0.0,0.0,0.0,0.0,53,0.059,-71.629,0.0,0.0,0.0,0.0,0.0,0.0,0.0,0,0,0,0.0,0.0,0.0,0.0,0.0,0.0,0.0,0.0,0.0,0.0,0.0,0.0,0.0,0.0,0.0,0.0,0,-107875648.0,53,0.0,106,-107614832.0,0.0,ERR,ERR,ERR,ERR,ERR,ERR,ERR,ERR,ERR,ERR,ERR,ERR,ERR,ERR,ERR,ERR,ERR,ERR,ERR,ERR,ERR,ERR,ERR,ERR,ERR,ERR,ERR,ERR,ERR,ERR,ERR,ERR,ERR,ERR,ERR,ERR,ERR,ERR,ERR,ERR,ERR,ERR,ERR,ERR,ERR,ERR,ERR,ERR,ERR,ERR,ERR,ERR,ERR,ERR,ERR,ERR,ERR,ERR,ERR,ERR,ERR,ERR,ERR,ERR,ERR,ERR,ERR,50.0,60.0,100,0.0,0.0,0.0,0.0,0.0,0.0,0.0,0.0,0.0,0.0,0.0,0.0,0.0,0.0,0.0,0.0,61.6,65,19,65521,50,65476,0,300,0,0,8,20529,65476,0,0,26214,60.0,0.0,0.0,0.0,0.0,0.0
2026-05-17T16:04:05,ERR,ERR,ERR,ERR,ERR,ERR,ERR,ERR,ERR,ERR,ERR,ERR,ERR,ERR,ERR,ERR,ERR,ERR,ERR,ERR,ERR,ERR,ERR,ERR,ERR,ERR,ERR,ERR,ERR,ERR,ERR,ERR,ERR,ERR,ERR,ERR,ERR,ERR,ERR,ERR,ERR,ERR,ERR,ERR,ERR,ERR,ERR,ERR,ERR,ERR,ERR,ERR,ERR,ERR,ERR,ERR,ERR,ERR,ERR,ERR,ERR,ERR,ERR,ERR,ERR,ERR,ERR,ERR,ERR,ERR,ERR,ERR,ERR,ERR,ERR,ERR,ERR,ERR,ERR,ERR,ERR,ERR,ERR,ERR,ERR,ERR,ERR,ERR,ERR,ERR,ERR,ERR,ERR,ERR,ERR,ERR,ERR,ERR,ERR,ERR,ERR,ERR,ERR,ERR,ERR,ERR,ERR,ERR,ERR,ERR,ERR,ERR,ERR,ERR,ERR,ERR,ERR,ERR,ERR,ERR,ERR,ERR,ERR,ERR,ERR,0.0,-0.0,-0.0,0.0,0.0,1.3936040501711995e+18,7.805,0.0,0,0,4,0,8422,0.0,45,0.0,0.0,0.0,0.0,0.0,0,0,0,0,0.0,0,0,0,0,0,0,0,0,0,0,0,0,0,0,0,0,0,0,0,0,0,0,0,0,0,0,0,0,0,0,0,0,0,38,14,7,45,65476,0,300,0,0,8,21553,0.0,-107605600.0,0.0,0.0,0.0,0.0,0.0,0.0,0.0,0.0,0.0,0.0,0.0,0.0,0.0,0.0,0.0,0.0,0.0,0.0,0.0,0.0,-2.004,-0.0,2.004,-2.004,0.0,0.0,0.0,0.0,4968.0,564145766268928.0,0.0,0.0,-0.0,-107615272.0,2.718429120148166e+23,0.0,0.0,0.0,0.0,53,0.059,-71.629,0.0,0.0,0.0,0.0,0.0,0.0,0.0,0,0,0,0.0,0.0,0.0,0.0,0.0,0.0,0.0,0.0,0.0,0.0,0.0,0.0,0.0,0.0,0.0,0.0,0,-107875648.0,53,0.0,106,-107614832.0,0.0,ERR,ERR,ERR,ERR,ERR,ERR,ERR,ERR,ERR,ERR,ERR,ERR,ERR,ERR,ERR,ERR,ERR,ERR,ERR,ERR,ERR,ERR,ERR,ERR,ERR,ERR,ERR,ERR,ERR,ERR,ERR,ERR,ERR,ERR,ERR,ERR,ERR,ERR,ERR,ERR,ERR,ERR,ERR,ERR,ERR,ERR,ERR,ERR,ERR,ERR,ERR,ERR,ERR,ERR,ERR,ERR,ERR,ERR,ERR,ERR,ERR,ERR,ERR,ERR,ERR,ERR,ERR,50.0,60.0,100,0.0,0.0,0.0,0.0,0.0,0.0,0.0,0.0,0.0,0.0,0.0,0.0,0.0,0.0,0.0,0.0,61.6,65,19,65521,50,65476,0,300,0,0,8,20529,65476,0,0,26214,60.0,0.0,0.0,0.0,0.0,0.0
2026-05-17T16:04:06,ERR,ERR,ERR,ERR,ERR,ERR,ERR,ERR,ERR,ERR,ERR,ERR,ERR,ERR,ERR,ERR,ERR,ERR,ERR,ERR,ERR,ERR,ERR,ERR,ERR,ERR,ERR,ERR,ERR,ERR,ERR,ERR,ERR,ERR,ERR,ERR,ERR,ERR,ERR,ERR,ERR,ERR,ERR,ERR,ERR,ERR,ERR,ERR,ERR,ERR,ERR,ERR,ERR,ERR,ERR,ERR,ERR,ERR,ERR,ERR,ERR,ERR,ERR,ERR,ERR,ERR,ERR,ERR,ERR,ERR,ERR,ERR,ERR,ERR,ERR,ERR,ERR,ERR,ERR,ERR,ERR,ERR,ERR,ERR,ERR,ERR,ERR,ERR,ERR,ERR,ERR,ERR,ERR,ERR,ERR,ERR,ERR,ERR,ERR,ERR,ERR,ERR,ERR,ERR,ERR,ERR,ERR,ERR,ERR,ERR,ERR,ERR,ERR,ERR,ERR,ERR,ERR,ERR,ERR,ERR,ERR,ERR,ERR,ERR,ERR,0.0,-0.0,-0.0,0.0,0.0,1.3936040501711995e+18,7.805,0.0,0,0,4,0,8422,0.0,45,0.0,0.0,0.0,0.0,0.0,0,0,0,0,0.0,0,0,0,0,0,0,0,0,0,0,0,0,0,0,0,0,0,0,0,0,0,0,0,0,0,0,0,0,0,0,0,0,0,38,14,7,45,65476,0,300,0,0,8,21553,0.0,-107605600.0,0.0,0.0,0.0,0.0,0.0,0.0,0.0,0.0,0.0,0.0,0.0,0.0,0.0,0.0,0.0,0.0,0.0,0.0,0.0,0.0,-2.004,-0.0,2.004,-2.004,0.0,0.0,0.0,0.0,4972.0,-3.6971856938200465e+19,0.0,0.0,-0.0,-107615272.0,2.718429120148166e+23,0.0,0.0,0.0,0.0,53,2.3088403658719416e+20,-0.0,0.0,0.0,0.0,0.0,0.0,0.0,0.0,0,0,0,0.0,0.0,0.0,0.0,0.0,0.0,0.0,0.0,0.0,0.0,0.0,0.0,0.0,0.0,0.0,0.0,0,-107875648.0,53,0.0,106,-107614832.0,0.0,ERR,ERR,ERR,ERR,ERR,ERR,ERR,ERR,ERR,ERR,ERR,ERR,ERR,ERR,ERR,ERR,ERR,ERR,ERR,ERR,ERR,ERR,ERR,ERR,ERR,ERR,ERR,ERR,ERR,ERR,ERR,ERR,ERR,ERR,ERR,ERR,ERR,ERR,ERR,ERR,ERR,ERR,ERR,ERR,ERR,ERR,ERR,ERR,ERR,ERR,ERR,ERR,ERR,ERR,ERR,ERR,ERR,ERR,ERR,ERR,ERR,ERR,ERR,ERR,ERR,ERR,ERR,50.0,60.0,100,0.0,0.0,0.0,0.0,0.0,0.0,0.0,0.0,0.0,0.0,0.0,0.0,0.0,0.0,0.0,0.0,61.6,65,19,65521,50,65476,0,300,0,0,8,20529,65476,0,0,26214,60.0,0.0,0.0,0.0,0.0,0.0
2026-05-17T16:04:07,ERR,ERR,ERR,ERR,ERR,ERR,ERR,ERR,ERR,ERR,ERR,ERR,ERR,ERR,ERR,ERR,ERR,ERR,ERR,ERR,ERR,ERR,ERR,ERR,ERR,ERR,ERR,ERR,ERR,ERR,ERR,ERR,ERR,ERR,ERR,ERR,ERR,ERR,ERR,ERR,ERR,ERR,ERR,ERR,ERR,ERR,ERR,ERR,ERR,ERR,ERR,ERR,ERR,ERR,ERR,ERR,ERR,ERR,ERR,ERR,ERR,ERR,ERR,ERR,ERR,ERR,ERR,ERR,ERR,ERR,ERR,ERR,ERR,ERR,ERR,ERR,ERR,ERR,ERR,ERR,ERR,ERR,ERR,ERR,ERR,ERR,ERR,ERR,ERR,ERR,ERR,ERR,ERR,ERR,ERR,ERR,ERR,ERR,ERR,ERR,ERR,ERR,ERR,ERR,ERR,ERR,ERR,ERR,ERR,ERR,ERR,ERR,ERR,ERR,ERR,ERR,ERR,ERR,ERR,ERR,ERR,ERR,ERR,ERR,ERR,0.0,-0.0,-0.0,0.0,0.0,1.3936040501711995e+18,7.805,0.0,0,0,4,0,8422,0.0,45,0.0,0.0,0.0,0.0,0.0,0,0,0,0,0.0,0,0,0,0,0,0,0,0,0,0,0,0,0,0,0,0,0,0,0,0,0,0,0,0,0,0,0,0,0,0,0,0,0,38,14,7,45,65476,0,300,0,0,8,21553,0.0,-107605600.0,0.0,0.0,0.0,0.0,0.0,0.0,0.0,0.0,0.0,0.0,0.0,0.0,0.0,0.0,0.0,0.0,0.0,0.0,0.0,0.0,-2.004,-0.0,2.004,-2.004,0.0,0.0,0.0,0.0,4972.0,-3.6971856938200465e+19,0.0,0.0,-0.0,-107615272.0,2.718429120148166e+23,0.0,0.0,0.0,0.0,53,2.3088403658719416e+20,-0.0,0.0,0.0,0.0,0.0,0.0,0.0,0.0,0,0,0,0.0,0.0,0.0,0.0,0.0,0.0,0.0,0.0,0.0,0.0,0.0,0.0,0.0,0.0,0.0,0.0,0,-107875648.0,53,0.0,106,-107614832.0,0.0,ERR,ERR,ERR,ERR,ERR,ERR,ERR,ERR,ERR,ERR,ERR,ERR,ERR,ERR,ERR,ERR,ERR,ERR,ERR,ERR,ERR,ERR,ERR,ERR,ERR,ERR,ERR,ERR,ERR,ERR,ERR,ERR,ERR,ERR,ERR,ERR,ERR,ERR,ERR,ERR,ERR,ERR,ERR,ERR,ERR,ERR,ERR,ERR,ERR,ERR,ERR,ERR,ERR,ERR,ERR,ERR,ERR,ERR,ERR,ERR,ERR,ERR,ERR,ERR,ERR,ERR,ERR,50.0,60.0,100,0.0,0.0,0.0,0.0,0.0,0.0,0.0,0.0,0.0,0.0,0.0,0.0,0.0,0.0,0.0,0.0,61.6,65,19,65521,50,65476,0,300,0,0,8,20529,65476,0,0,26214,60.0,0.0,0.0,0.0,0.0,0.0
2026-05-17T16:04:08,ERR,ERR,ERR,ERR,ERR,ERR,ERR,ERR,ERR,ERR,ERR,ERR,ERR,ERR,ERR,ERR,ERR,ERR,ERR,ERR,ERR,ERR,ERR,ERR,ERR,ERR,ERR,ERR,ERR,ERR,ERR,ERR,ERR,ERR,ERR,ERR,ERR,ERR,ERR,ERR,ERR,ERR,ERR,ERR,ERR,ERR,ERR,ERR,ERR,ERR,ERR,ERR,ERR,ERR,ERR,ERR,ERR,ERR,ERR,ERR,ERR,ERR,ERR,ERR,ERR,ERR,ERR,ERR,ERR,ERR,ERR,ERR,ERR,ERR,ERR,ERR,ERR,ERR,ERR,ERR,ERR,ERR,ERR,ERR,ERR,ERR,ERR,ERR,ERR,ERR,ERR,ERR,ERR,ERR,ERR,ERR,ERR,ERR,ERR,ERR,ERR,ERR,ERR,ERR,ERR,ERR,ERR,ERR,ERR,ERR,ERR,ERR,ERR,ERR,ERR,ERR,ERR,ERR,ERR,ERR,ERR,ERR,ERR,ERR,ERR,0.0,-0.0,-0.0,0.0,0.0,1.3936040501711995e+18,7.805,0.0,0,0,4,0,8422,0.0,45,0.0,0.0,0.0,0.0,0.0,0,0,0,0,0.0,0,0,0,0,0,0,0,0,0,0,0,0,0,0,0,0,0,0,0,0,0,0,0,0,0,0,0,0,0,0,0,0,0,38,14,7,45,65476,0,300,0,0,8,21553,0.0,-107605600.0,0.0,0.0,0.0,0.0,0.0,0.0,0.0,0.0,0.0,0.0,0.0,0.0,0.0,0.0,0.0,0.0,0.0,0.0,0.0,0.0,-2.004,-0.0,2.004,-2.004,0.0,0.0,0.0,0.0,4972.0,-3.6971856938200465e+19,0.0,0.0,-0.0,-107615272.0,2.718429120148166e+23,0.0,0.0,0.0,0.0,53,2.3088403658719416e+20,-0.0,0.0,0.0,0.0,0.0,0.0,0.0,0.0,0,0,0,0.0,0.0,0.0,0.0,0.0,0.0,0.0,0.0,0.0,0.0,0.0,0.0,0.0,0.0,0.0,0.0,0,-107875648.0,53,0.0,106,-107614832.0,0.0,ERR,ERR,ERR,ERR,ERR,ERR,ERR,ERR,ERR,ERR,ERR,ERR,ERR,ERR,ERR,ERR,ERR,ERR,ERR,ERR,ERR,ERR,ERR,ERR,ERR,ERR,ERR,ERR,ERR,ERR,ERR,ERR,ERR,ERR,ERR,ERR,ERR,ERR,ERR,ERR,ERR,ERR,ERR,ERR,ERR,ERR,ERR,ERR,ERR,ERR,ERR,ERR,ERR,ERR,ERR,ERR,ERR,ERR,ERR,ERR,ERR,ERR,ERR,ERR,ERR,ERR,ERR,50.0,60.0,100,0.0,0.0,0.0,0.0,0.0,0.0,0.0,0.0,0.0,0.0,0.0,0.0,0.0,0.0,0.0,0.0,62.0,65,19,65521,50,65476,0,300,0,0,8,20529,65476,0,0,26214,60.0,0.0,0.0,0.0,0.0,0.0
2026-05-17T16:04:09,ERR,ERR,ERR,ERR,ERR,ERR,ERR,ERR,ERR,ERR,ERR,ERR,ERR,ERR,ERR,ERR,ERR,ERR,ERR,ERR,ERR,ERR,ERR,ERR,ERR,ERR,ERR,ERR,ERR,ERR,ERR,ERR,ERR,ERR,ERR,ERR,ERR,ERR,ERR,ERR,ERR,ERR,ERR,ERR,ERR,ERR,ERR,ERR,ERR,ERR,ERR,ERR,ERR,ERR,ERR,ERR,ERR,ERR,ERR,ERR,ERR,ERR,ERR,ERR,ERR,ERR,ERR,ERR,ERR,ERR,ERR,ERR,ERR,ERR,ERR,ERR,ERR,ERR,ERR,ERR,ERR,ERR,ERR,ERR,ERR,ERR,ERR,ERR,ERR,ERR,ERR,ERR,ERR,ERR,ERR,ERR,ERR,ERR,ERR,ERR,ERR,ERR,ERR,ERR,ERR,ERR,ERR,ERR,ERR,ERR,ERR,ERR,ERR,ERR,ERR,ERR,ERR,ERR,ERR,ERR,ERR,ERR,ERR,ERR,ERR,0.0,-0.0,-0.0,0.0,0.0,1.3936040501711995e+18,7.805,0.0,0,0,4,0,8422,0.0,45,0.0,0.0,0.0,0.0,0.0,0,0,0,0,0.0,0,0,0,0,0,0,0,0,0,0,0,0,0,0,0,0,0,0,0,0,0,0,0,0,0,0,0,0,0,0,0,0,0,38,14,7,45,65476,0,300,0,0,8,21553,0.0,-107605600.0,0.0,0.0,0.0,0.0,0.0,0.0,0.0,0.0,0.0,0.0,0.0,0.0,0.0,0.0,0.0,0.0,0.0,0.0,0.0,0.0,-2.004,-0.0,2.004,-2.004,0.0,0.0,0.0,0.0,4972.0,-3.6971856938200465e+19,0.0,0.0,-0.0,-107615272.0,2.718429120148166e+23,0.0,0.0,0.0,0.0,53,2.3088403658719416e+20,-0.0,0.0,0.0,0.0,0.0,0.0,0.0,0.0,0,0,0,0.0,0.0,0.0,0.0,0.0,0.0,0.0,0.0,0.0,0.0,0.0,0.0,0.0,0.0,0.0,0.0,0,-107875648.0,53,0.0,106,-107614832.0,0.0,ERR,ERR,ERR,ERR,ERR,ERR,ERR,ERR,ERR,ERR,ERR,ERR,ERR,ERR,ERR,ERR,ERR,ERR,ERR,ERR,ERR,ERR,ERR,ERR,ERR,ERR,ERR,ERR,ERR,ERR,ERR,ERR,ERR,ERR,ERR,ERR,ERR,ERR,ERR,ERR,ERR,ERR,ERR,ERR,ERR,ERR,ERR,ERR,ERR,ERR,ERR,ERR,ERR,ERR,ERR,ERR,ERR,ERR,ERR,ERR,ERR,ERR,ERR,ERR,ERR,ERR,ERR,50.0,60.0,100,0.0,0.0,0.0,0.0,0.0,0.0,0.0,0.0,0.0,0.0,0.0,0.0,0.0,0.0,0.0,0.0,62.0,65,19,65521,50,65476,0,300,0,0,8,20529,65476,0,0,26214,60.0,0.0,0.0,0.0,0.0,0.0
2026-05-17T16:04:10,ERR,ERR,ERR,ERR,ERR,ERR,ERR,ERR,ERR,ERR,ERR,ERR,ERR,ERR,ERR,ERR,ERR,ERR,ERR,ERR,ERR,ERR,ERR,ERR,ERR,ERR,ERR,ERR,ERR,ERR,ERR,ERR,ERR,ERR,ERR,ERR,ERR,ERR,ERR,ERR,ERR,ERR,ERR,ERR,ERR,ERR,ERR,ERR,ERR,ERR,ERR,ERR,ERR,ERR,ERR,ERR,ERR,ERR,ERR,ERR,ERR,ERR,ERR,ERR,ERR,ERR,ERR,ERR,ERR,ERR,ERR,ERR,ERR,ERR,ERR,ERR,ERR,ERR,ERR,ERR,ERR,ERR,ERR,ERR,ERR,ERR,ERR,ERR,ERR,ERR,ERR,ERR,ERR,ERR,ERR,ERR,ERR,ERR,ERR,ERR,ERR,ERR,ERR,ERR,ERR,ERR,ERR,ERR,ERR,ERR,ERR,ERR,ERR,ERR,ERR,ERR,ERR,ERR,ERR,ERR,ERR,ERR,ERR,ERR,ERR,0.0,-0.0,-0.0,0.0,0.0,1.3936040501711995e+18,7.805,0.0,0,0,4,0,8422,0.0,45,0.0,0.0,0.0,0.0,0.0,0,0,0,0,0.0,0,0,0,0,0,0,0,0,0,0,0,0,0,0,0,0,0,0,0,0,0,0,0,0,0,0,0,0,0,0,0,0,0,38,14,7,45,65476,0,300,0,0,8,21553,0.0,-107605600.0,0.0,0.0,0.0,0.0,0.0,0.0,0.0,0.0,0.0,0.0,0.0,0.0,0.0,0.0,0.0,0.0,0.0,0.0,0.0,0.0,-2.004,-0.0,2.004,-2.004,0.0,0.0,0.0,0.0,4972.0,-3.6971856938200465e+19,0.0,0.0,-0.0,-107615272.0,2.718429120148166e+23,0.0,0.0,0.0,0.0,53,2.3088403658719416e+20,-0.0,0.0,0.0,0.0,0.0,0.0,0.0,0.0,0,0,0,0.0,0.0,0.0,0.0,0.0,0.0,0.0,0.0,0.0,0.0,0.0,0.0,0.0,0.0,0.0,0.0,0,-107875648.0,53,0.0,106,-107614832.0,0.0,ERR,ERR,ERR,ERR,ERR,ERR,ERR,ERR,ERR,ERR,ERR,ERR,ERR,ERR,ERR,ERR,ERR,ERR,ERR,ERR,ERR,ERR,ERR,ERR,ERR,ERR,ERR,ERR,ERR,ERR,ERR,ERR,ERR,ERR,ERR,ERR,ERR,ERR,ERR,ERR,ERR,ERR,ERR,ERR,ERR,ERR,ERR,ERR,ERR,ERR,ERR,ERR,ERR,ERR,ERR,ERR,ERR,ERR,ERR,ERR,ERR,ERR,ERR,ERR,ERR,ERR,ERR,50.0,60.0,100,0.0,0.0,0.0,0.0,0.0,0.0,0.0,0.0,0.0,0.0,0.0,0.0,0.0,0.0,0.0,0.0,62.0,65,19,65521,50,65476,0,300,0,0,8,20529,65476,0,0,26214,60.0,0.0,0.0,0.0,0.0,0.0
2026-05-17T16:04:11,ERR,ERR,ERR,ERR,ERR,ERR,ERR,ERR,ERR,ERR,ERR,ERR,ERR,ERR,ERR,ERR,ERR,ERR,ERR,ERR,ERR,ERR,ERR,ERR,ERR,ERR,ERR,ERR,ERR,ERR,ERR,ERR,ERR,ERR,ERR,ERR,ERR,ERR,ERR,ERR,ERR,ERR,ERR,ERR,ERR,ERR,ERR,ERR,ERR,ERR,ERR,ERR,ERR,ERR,ERR,ERR,ERR,ERR,ERR,ERR,ERR,ERR,ERR,ERR,ERR,ERR,ERR,ERR,ERR,ERR,ERR,ERR,ERR,ERR,ERR,ERR,ERR,ERR,ERR,ERR,ERR,ERR,ERR,ERR,ERR,ERR,ERR,ERR,ERR,ERR,ERR,ERR,ERR,ERR,ERR,ERR,ERR,ERR,ERR,ERR,ERR,ERR,ERR,ERR,ERR,ERR,ERR,ERR,ERR,ERR,ERR,ERR,ERR,ERR,ERR,ERR,ERR,ERR,ERR,ERR,ERR,ERR,ERR,ERR,ERR,0.0,-0.0,-0.0,0.0,0.0,1.3936040501711995e+18,7.805,0.0,0,0,4,0,8422,0.0,45,0.0,0.0,0.0,0.0,0.0,0,0,0,0,0.0,0,0,0,0,0,0,0,0,0,0,0,0,0,0,0,0,0,0,0,0,0,0,0,0,0,0,0,0,0,0,0,0,0,38,14,7,45,65476,0,300,0,0,8,21553,0.0,-107605600.0,0.0,0.0,0.0,0.0,0.0,0.0,0.0,0.0,0.0,0.0,0.0,0.0,0.0,0.0,0.0,0.0,0.0,0.0,0.0,0.0,-2.004,-0.0,2.004,-2.004,0.0,0.0,0.0,0.0,5008.0,-0.0,0.0,0.0,-0.0,-107615272.0,2.718429120148166e+23,0.0,0.0,0.0,0.0,53,152018454839296.0,1.9056859227671757e+17,0.0,0.0,0.0,0.0,0.0,0.0,0.0,0,0,0,0.0,0.0,0.0,0.0,0.0,0.0,0.0,0.0,0.0,0.0,0.0,0.0,0.0,0.0,0.0,0.0,0,-107875648.0,53,0.0,106,-107614832.0,0.0,ERR,ERR,ERR,ERR,ERR,ERR,ERR,ERR,ERR,ERR,ERR,ERR,ERR,ERR,ERR,ERR,ERR,ERR,ERR,ERR,ERR,ERR,ERR,ERR,ERR,ERR,ERR,ERR,ERR,ERR,ERR,ERR,ERR,ERR,ERR,ERR,ERR,ERR,ERR,ERR,ERR,ERR,ERR,ERR,ERR,ERR,ERR,ERR,ERR,ERR,ERR,ERR,ERR,ERR,ERR,ERR,ERR,ERR,ERR,ERR,ERR,ERR,ERR,ERR,ERR,ERR,ERR,50.0,60.0,100,0.0,0.0,0.0,0.0,0.0,0.0,0.0,0.0,0.0,0.0,0.0,0.0,0.0,0.0,0.0,0.0,61.6,65,19,65521,50,65476,0,300,0,0,8,20529,65476,0,0,26214,60.0,0.0,0.0,0.0,0.0,0.0
2026-05-17T16:04:12,ERR,ERR,ERR,ERR,ERR,ERR,ERR,ERR,ERR,ERR,ERR,ERR,ERR,ERR,ERR,ERR,ERR,ERR,ERR,ERR,ERR,ERR,ERR,ERR,ERR,ERR,ERR,ERR,ERR,ERR,ERR,ERR,ERR,ERR,ERR,ERR,ERR,ERR,ERR,ERR,ERR,ERR,ERR,ERR,ERR,ERR,ERR,ERR,ERR,ERR,ERR,ERR,ERR,ERR,ERR,ERR,ERR,ERR,ERR,ERR,ERR,ERR,ERR,ERR,ERR,ERR,ERR,ERR,ERR,ERR,ERR,ERR,ERR,ERR,ERR,ERR,ERR,ERR,ERR,ERR,ERR,ERR,ERR,ERR,ERR,ERR,ERR,ERR,ERR,ERR,ERR,ERR,ERR,ERR,ERR,ERR,ERR,ERR,ERR,ERR,ERR,ERR,ERR,ERR,ERR,ERR,ERR,ERR,ERR,ERR,ERR,ERR,ERR,ERR,ERR,ERR,ERR,ERR,ERR,ERR,ERR,ERR,ERR,ERR,ERR,0.0,-0.0,-0.0,0.0,0.0,1.3936040501711995e+18,7.805,0.0,0,0,4,0,8422,0.0,45,0.0,0.0,0.0,0.0,0.0,0,0,0,0,0.0,0,0,0,0,0,0,0,0,0,0,0,0,0,0,0,0,0,0,0,0,0,0,0,0,0,0,0,0,0,0,0,0,0,38,14,7,45,65476,0,300,0,0,8,21553,0.0,-107605600.0,0.0,0.0,0.0,0.0,0.0,0.0,0.0,0.0,0.0,0.0,0.0,0.0,0.0,0.0,0.0,0.0,0.0,0.0,0.0,0.0,-2.004,-0.0,2.004,-2.004,0.0,0.0,0.0,0.0,5008.0,-0.0,0.0,0.0,-0.0,-107615272.0,2.718429120148166e+23,0.0,0.0,0.0,0.0,53,152018454839296.0,1.9056859227671757e+17,0.0,0.0,0.0,0.0,0.0,0.0,0.0,0,0,0,0.0,0.0,0.0,0.0,0.0,0.0,0.0,0.0,0.0,0.0,0.0,0.0,0.0,0.0,0.0,0.0,0,-107875648.0,53,0.0,106,-107614832.0,0.0,ERR,ERR,ERR,ERR,ERR,ERR,ERR,ERR,ERR,ERR,ERR,ERR,ERR,ERR,ERR,ERR,ERR,ERR,ERR,ERR,ERR,ERR,ERR,ERR,ERR,ERR,ERR,ERR,ERR,ERR,ERR,ERR,ERR,ERR,ERR,ERR,ERR,ERR,ERR,ERR,ERR,ERR,ERR,ERR,ERR,ERR,ERR,ERR,ERR,ERR,ERR,ERR,ERR,ERR,ERR,ERR,ERR,ERR,ERR,ERR,ERR,ERR,ERR,ERR,ERR,ERR,ERR,50.0,60.0,100,0.0,0.0,0.0,0.0,0.0,0.0,0.0,0.0,0.0,0.0,0.0,0.0,0.0,0.0,0.0,0.0,61.6,65,19,65521,50,65476,0,300,0,0,8,20529,65476,0,0,26214,60.0,0.0,0.0,0.0,0.0,0.0
2026-05-17T16:04:13,ERR,ERR,ERR,ERR,ERR,ERR,ERR,ERR,ERR,ERR,ERR,ERR,ERR,ERR,ERR,ERR,ERR,ERR,ERR,ERR,ERR,ERR,ERR,ERR,ERR,ERR,ERR,ERR,ERR,ERR,ERR,ERR,ERR,ERR,ERR,ERR,ERR,ERR,ERR,ERR,ERR,ERR,ERR,ERR,ERR,ERR,ERR,ERR,ERR,ERR,ERR,ERR,ERR,ERR,ERR,ERR,ERR,ERR,ERR,ERR,ERR,ERR,ERR,ERR,ERR,ERR,ERR,ERR,ERR,ERR,ERR,ERR,ERR,ERR,ERR,ERR,ERR,ERR,ERR,ERR,ERR,ERR,ERR,ERR,ERR,ERR,ERR,ERR,ERR,ERR,ERR,ERR,ERR,ERR,ERR,ERR,ERR,ERR,ERR,ERR,ERR,ERR,ERR,ERR,ERR,ERR,ERR,ERR,ERR,ERR,ERR,ERR,ERR,ERR,ERR,ERR,ERR,ERR,ERR,ERR,ERR,ERR,ERR,ERR,ERR,0.0,-0.0,-0.0,0.0,0.0,1.3936040501711995e+18,7.805,0.0,0,0,4,0,8422,0.0,45,0.0,0.0,0.0,0.0,0.0,0,0,0,0,0.0,0,0,0,0,0,0,0,0,0,0,0,0,0,0,0,0,0,0,0,0,0,0,0,0,0,0,0,0,0,0,0,0,0,38,14,7,45,65476,0,300,0,0,8,21553,0.0,-107605600.0,0.0,0.0,0.0,0.0,0.0,0.0,0.0,0.0,0.0,0.0,0.0,0.0,0.0,0.0,0.0,0.0,0.0,0.0,0.0,0.0,-2.004,-0.0,2.004,-2.004,0.0,0.0,0.0,0.0,5008.0,-0.0,0.0,0.0,-0.0,-107615272.0,2.718429120148166e+23,0.0,0.0,0.0,0.0,53,152018454839296.0,1.9056859227671757e+17,0.0,0.0,0.0,0.0,0.0,0.0,0.0,0,0,0,0.0,0.0,0.0,0.0,0.0,0.0,0.0,0.0,0.0,0.0,0.0,0.0,0.0,0.0,0.0,0.0,0,-107875648.0,53,0.0,106,-107614832.0,0.0,ERR,ERR,ERR,ERR,ERR,ERR,ERR,ERR,ERR,ERR,ERR,ERR,ERR,ERR,ERR,ERR,ERR,ERR,ERR,ERR,ERR,ERR,ERR,ERR,ERR,ERR,ERR,ERR,ERR,ERR,ERR,ERR,ERR,ERR,ERR,ERR,ERR,ERR,ERR,ERR,ERR,ERR,ERR,ERR,ERR,ERR,ERR,ERR,ERR,ERR,ERR,ERR,ERR,ERR,ERR,ERR,ERR,ERR,ERR,ERR,ERR,ERR,ERR,ERR,ERR,ERR,ERR,50.0,60.0,100,0.0,0.0,0.0,0.0,0.0,0.0,0.0,0.0,0.0,0.0,0.0,0.0,0.0,0.0,0.0,0.0,61.6,65,19,65521,50,65476,0,300,0,0,8,20529,65476,0,0,26214,60.0,0.0,0.0,0.0,0.0,0.0
2026-05-17T16:04:14,ERR,ERR,ERR,ERR,ERR,ERR,ERR,ERR,ERR,ERR,ERR,ERR,ERR,ERR,ERR,ERR,ERR,ERR,ERR,ERR,ERR,ERR,ERR,ERR,ERR,ERR,ERR,ERR,ERR,ERR,ERR,ERR,ERR,ERR,ERR,ERR,ERR,ERR,ERR,ERR,ERR,ERR,ERR,ERR,ERR,ERR,ERR,ERR,ERR,ERR,ERR,ERR,ERR,ERR,ERR,ERR,ERR,ERR,ERR,ERR,ERR,ERR,ERR,ERR,ERR,ERR,ERR,ERR,ERR,ERR,ERR,ERR,ERR,ERR,ERR,ERR,ERR,ERR,ERR,ERR,ERR,ERR,ERR,ERR,ERR,ERR,ERR,ERR,ERR,ERR,ERR,ERR,ERR,ERR,ERR,ERR,ERR,ERR,ERR,ERR,ERR,ERR,ERR,ERR,ERR,ERR,ERR,ERR,ERR,ERR,ERR,ERR,ERR,ERR,ERR,ERR,ERR,ERR,ERR,ERR,ERR,ERR,ERR,ERR,ERR,0.0,-0.0,-0.0,0.0,0.0,1.3936040501711995e+18,7.805,0.0,0,0,4,0,8422,0.0,45,0.0,0.0,0.0,0.0,0.0,0,0,0,0,0.0,0,0,0,0,0,0,0,0,0,0,0,0,0,0,0,0,0,0,0,0,0,0,0,0,0,0,0,0,0,0,0,0,0,38,14,7,45,65476,0,300,0,0,8,21553,0.0,-107605600.0,0.0,0.0,0.0,0.0,0.0,0.0,0.0,0.0,0.0,0.0,0.0,0.0,0.0,0.0,0.0,0.0,0.0,0.0,0.0,0.0,-2.004,-0.0,2.004,-2.004,0.0,0.0,0.0,0.0,5008.0,-0.0,0.0,0.0,-0.0,-107615272.0,2.718429120148166e+23,0.0,0.0,0.0,0.0,53,152018454839296.0,1.9056859227671757e+17,0.0,0.0,0.0,0.0,0.0,0.0,0.0,0,0,0,0.0,0.0,0.0,0.0,0.0,0.0,0.0,0.0,0.0,0.0,0.0,0.0,0.0,0.0,0.0,0.0,0,-107875648.0,53,0.0,106,-107614832.0,0.0,ERR,ERR,ERR,ERR,ERR,ERR,ERR,ERR,ERR,ERR,ERR,ERR,ERR,ERR,ERR,ERR,ERR,ERR,ERR,ERR,ERR,ERR,ERR,ERR,ERR,ERR,ERR,ERR,ERR,ERR,ERR,ERR,ERR,ERR,ERR,ERR,ERR,ERR,ERR,ERR,ERR,ERR,ERR,ERR,ERR,ERR,ERR,ERR,ERR,ERR,ERR,ERR,ERR,ERR,ERR,ERR,ERR,ERR,ERR,ERR,ERR,ERR,ERR,ERR,ERR,ERR,ERR,50.0,60.0,100,0.0,0.0,0.0,0.0,0.0,0.0,0.0,0.0,0.0,0.0,0.0,0.0,0.0,0.0,0.0,0.0,61.6,65,19,65521,50,65476,0,300,0,0,8,20529,65476,0,0,26214,60.0,0.0,0.0,0.0,0.0,0.0
2026-05-17T16:04:15,ERR,ERR,ERR,ERR,ERR,ERR,ERR,ERR,ERR,ERR,ERR,ERR,ERR,ERR,ERR,ERR,ERR,ERR,ERR,ERR,ERR,ERR,ERR,ERR,ERR,ERR,ERR,ERR,ERR,ERR,ERR,ERR,ERR,ERR,ERR,ERR,ERR,ERR,ERR,ERR,ERR,ERR,ERR,ERR,ERR,ERR,ERR,ERR,ERR,ERR,ERR,ERR,ERR,ERR,ERR,ERR,ERR,ERR,ERR,ERR,ERR,ERR,ERR,ERR,ERR,ERR,ERR,ERR,ERR,ERR,ERR,ERR,ERR,ERR,ERR,ERR,ERR,ERR,ERR,ERR,ERR,ERR,ERR,ERR,ERR,ERR,ERR,ERR,ERR,ERR,ERR,ERR,ERR,ERR,ERR,ERR,ERR,ERR,ERR,ERR,ERR,ERR,ERR,ERR,ERR,ERR,ERR,ERR,ERR,ERR,ERR,ERR,ERR,ERR,ERR,ERR,ERR,ERR,ERR,ERR,ERR,ERR,ERR,ERR,ERR,0.0,-0.0,-0.0,0.0,0.0,1.3936040501711995e+18,7.805,0.0,0,0,4,0,8422,0.0,45,0.0,0.0,0.0,0.0,0.0,0,0,0,0,0.0,0,0,0,0,0,0,0,0,0,0,0,0,0,0,0,0,0,0,0,0,0,0,0,0,0,0,0,0,0,0,0,0,0,38,14,7,45,65476,0,300,0,0,8,21553,0.0,-107605600.0,0.0,0.0,0.0,0.0,0.0,0.0,0.0,0.0,0.0,0.0,0.0,0.0,0.0,0.0,0.0,0.0,0.0,0.0,0.0,0.0,-2.004,-0.0,2.004,-2.004,0.0,0.0,0.0,0.0,5008.0,-0.0,0.0,0.0,-0.0,-107615272.0,2.718429120148166e+23,0.0,0.0,0.0,0.0,53,152018454839296.0,1.9056859227671757e+17,0.0,0.0,0.0,0.0,0.0,0.0,0.0,0,0,0,0.0,0.0,0.0,0.0,0.0,0.0,0.0,0.0,0.0,0.0,0.0,0.0,0.0,0.0,0.0,0.0,0,-107875648.0,53,0.0,106,-107614832.0,0.0,ERR,ERR,ERR,ERR,ERR,ERR,ERR,ERR,ERR,ERR,ERR,ERR,ERR,ERR,ERR,ERR,ERR,ERR,ERR,ERR,ERR,ERR,ERR,ERR,ERR,ERR,ERR,ERR,ERR,ERR,ERR,ERR,ERR,ERR,ERR,ERR,ERR,ERR,ERR,ERR,ERR,ERR,ERR,ERR,ERR,ERR,ERR,ERR,ERR,ERR,ERR,ERR,ERR,ERR,ERR,ERR,ERR,ERR,ERR,ERR,ERR,ERR,ERR,ERR,ERR,ERR,ERR,50.0,60.0,100,0.0,0.0,0.0,0.0,0.0,0.0,0.0,0.0,0.0,0.0,0.0,0.0,0.0,0.0,0.0,0.0,62.0,65,19,65521,50,65476,0,300,0,0,8,20529,65476,0,0,26214,60.0,0.0,0.0,0.0,0.0,0.0
2026-05-17T16:04:16,ERR,ERR,ERR,ERR,ERR,ERR,ERR,ERR,ERR,ERR,ERR,ERR,ERR,ERR,ERR,ERR,ERR,ERR,ERR,ERR,ERR,ERR,ERR,ERR,ERR,ERR,ERR,ERR,ERR,ERR,ERR,ERR,ERR,ERR,ERR,ERR,ERR,ERR,ERR,ERR,ERR,ERR,ERR,ERR,ERR,ERR,ERR,ERR,ERR,ERR,ERR,ERR,ERR,ERR,ERR,ERR,ERR,ERR,ERR,ERR,ERR,ERR,ERR,ERR,ERR,ERR,ERR,ERR,ERR,ERR,ERR,ERR,ERR,ERR,ERR,ERR,ERR,ERR,ERR,ERR,ERR,ERR,ERR,ERR,ERR,ERR,ERR,ERR,ERR,ERR,ERR,ERR,ERR,ERR,ERR,ERR,ERR,ERR,ERR,ERR,ERR,ERR,ERR,ERR,ERR,ERR,ERR,ERR,ERR,ERR,ERR,ERR,ERR,ERR,ERR,ERR,ERR,ERR,ERR,ERR,ERR,ERR,ERR,ERR,ERR,0.0,-0.0,-0.0,0.0,0.0,1.3936040501711995e+18,7.805,0.0,0,0,4,0,8422,0.0,45,0.0,0.0,0.0,0.0,0.0,0,0,0,0,0.0,0,0,0,0,0,0,0,0,0,0,0,0,0,0,0,0,0,0,0,0,0,0,0,0,0,0,0,0,0,0,0,0,0,38,14,7,45,65476,0,300,0,0,8,21553,0.0,-107605600.0,0.0,0.0,0.0,0.0,0.0,0.0,0.0,0.0,0.0,0.0,0.0,0.0,0.0,0.0,0.0,0.0,0.0,0.0,0.0,0.0,-2.004,-0.0,2.004,-2.004,0.0,0.0,0.0,0.0,5005.0,-0.0,0.0,0.0,-0.0,-107615272.0,2.718429120148166e+23,0.0,0.0,0.0,0.0,53,2.3088403658719416e+20,-0.0,0.0,0.0,0.0,0.0,0.0,0.0,0.0,0,0,0,0.0,0.0,0.0,0.0,0.0,0.0,0.0,0.0,0.0,0.0,0.0,0.0,0.0,0.0,0.0,0.0,0,-107875648.0,53,0.0,106,-107614832.0,0.0,ERR,ERR,ERR,ERR,ERR,ERR,ERR,ERR,ERR,ERR,ERR,ERR,ERR,ERR,ERR,ERR,ERR,ERR,ERR,ERR,ERR,ERR,ERR,ERR,ERR,ERR,ERR,ERR,ERR,ERR,ERR,ERR,ERR,ERR,ERR,ERR,ERR,ERR,ERR,ERR,ERR,ERR,ERR,ERR,ERR,ERR,ERR,ERR,ERR,ERR,ERR,ERR,ERR,ERR,ERR,ERR,ERR,ERR,ERR,ERR,ERR,ERR,ERR,ERR,ERR,ERR,ERR,50.0,60.0,100,0.0,0.0,0.0,0.0,0.0,0.0,0.0,0.0,0.0,0.0,0.0,0.0,0.0,0.0,0.0,0.0,62.0,65,19,65521,50,65476,0,300,0,0,8,20529,65476,0,0,26214,60.0,0.0,0.0,0.0,0.0,0.0
2026-05-17T16:04:17,ERR,ERR,ERR,ERR,ERR,ERR,ERR,ERR,ERR,ERR,ERR,ERR,ERR,ERR,ERR,ERR,ERR,ERR,ERR,ERR,ERR,ERR,ERR,ERR,ERR,ERR,ERR,ERR,ERR,ERR,ERR,ERR,ERR,ERR,ERR,ERR,ERR,ERR,ERR,ERR,ERR,ERR,ERR,ERR,ERR,ERR,ERR,ERR,ERR,ERR,ERR,ERR,ERR,ERR,ERR,ERR,ERR,ERR,ERR,ERR,ERR,ERR,ERR,ERR,ERR,ERR,ERR,ERR,ERR,ERR,ERR,ERR,ERR,ERR,ERR,ERR,ERR,ERR,ERR,ERR,ERR,ERR,ERR,ERR,ERR,ERR,ERR,ERR,ERR,ERR,ERR,ERR,ERR,ERR,ERR,ERR,ERR,ERR,ERR,ERR,ERR,ERR,ERR,ERR,ERR,ERR,ERR,ERR,ERR,ERR,ERR,ERR,ERR,ERR,ERR,ERR,ERR,ERR,ERR,ERR,ERR,ERR,ERR,ERR,ERR,0.0,-0.0,-0.0,0.0,0.0,1.3936040501711995e+18,7.805,0.0,0,0,4,0,8422,0.0,45,0.0,0.0,0.0,0.0,0.0,0,0,0,0,0.0,0,0,0,0,0,0,0,0,0,0,0,0,0,0,0,0,0,0,0,0,0,0,0,0,0,0,0,0,0,0,0,0,0,38,14,7,45,65476,0,300,0,0,8,21553,0.0,-107605600.0,0.0,0.0,0.0,0.0,0.0,0.0,0.0,0.0,0.0,0.0,0.0,0.0,0.0,0.0,0.0,0.0,0.0,0.0,0.0,0.0,-2.004,-0.0,2.004,-2.004,0.0,0.0,0.0,0.0,5005.0,-0.0,0.0,0.0,-0.0,-107615272.0,2.718429120148166e+23,0.0,0.0,0.0,0.0,53,2.3088403658719416e+20,-0.0,0.0,0.0,0.0,0.0,0.0,0.0,0.0,0,0,0,0.0,0.0,0.0,0.0,0.0,0.0,0.0,0.0,0.0,0.0,0.0,0.0,0.0,0.0,0.0,0.0,0,-107875648.0,53,0.0,106,-107614832.0,0.0,ERR,ERR,ERR,ERR,ERR,ERR,ERR,ERR,ERR,ERR,ERR,ERR,ERR,ERR,ERR,ERR,ERR,ERR,ERR,ERR,ERR,ERR,ERR,ERR,ERR,ERR,ERR,ERR,ERR,ERR,ERR,ERR,ERR,ERR,ERR,ERR,ERR,ERR,ERR,ERR,ERR,ERR,ERR,ERR,ERR,ERR,ERR,ERR,ERR,ERR,ERR,ERR,ERR,ERR,ERR,ERR,ERR,ERR,ERR,ERR,ERR,ERR,ERR,ERR,ERR,ERR,ERR,50.0,60.0,100,0.0,0.0,0.0,0.0,0.0,0.0,0.0,0.0,0.0,0.0,0.0,0.0,0.0,0.0,0.0,0.0,62.0,65,19,65521,50,65476,0,300,0,0,8,20529,65476,0,0,26214,60.0,0.0,0.0,0.0,0.0,0.0
2026-05-17T16:04:18,ERR,ERR,ERR,ERR,ERR,ERR,ERR,ERR,ERR,ERR,ERR,ERR,ERR,ERR,ERR,ERR,ERR,ERR,ERR,ERR,ERR,ERR,ERR,ERR,ERR,ERR,ERR,ERR,ERR,ERR,ERR,ERR,ERR,ERR,ERR,ERR,ERR,ERR,ERR,ERR,ERR,ERR,ERR,ERR,ERR,ERR,ERR,ERR,ERR,ERR,ERR,ERR,ERR,ERR,ERR,ERR,ERR,ERR,ERR,ERR,ERR,ERR,ERR,ERR,ERR,ERR,ERR,ERR,ERR,ERR,ERR,ERR,ERR,ERR,ERR,ERR,ERR,ERR,ERR,ERR,ERR,ERR,ERR,ERR,ERR,ERR,ERR,ERR,ERR,ERR,ERR,ERR,ERR,ERR,ERR,ERR,ERR,ERR,ERR,ERR,ERR,ERR,ERR,ERR,ERR,ERR,ERR,ERR,ERR,ERR,ERR,ERR,ERR,ERR,ERR,ERR,ERR,ERR,ERR,ERR,ERR,ERR,ERR,ERR,ERR,0.0,-0.0,-0.0,0.0,0.0,1.3936040501711995e+18,7.805,0.0,0,0,4,0,8422,0.0,45,0.0,0.0,0.0,0.0,0.0,0,0,0,0,0.0,0,0,0,0,0,0,0,0,0,0,0,0,0,0,0,0,0,0,0,0,0,0,0,0,0,0,0,0,0,0,0,0,0,38,14,7,45,65476,0,300,0,0,8,21553,0.0,-107605600.0,0.0,0.0,0.0,0.0,0.0,0.0,0.0,0.0,0.0,0.0,0.0,0.0,0.0,0.0,0.0,0.0,0.0,0.0,0.0,0.0,-2.004,-0.0,2.004,-2.004,0.0,0.0,0.0,0.0,5005.0,-0.0,0.0,0.0,-0.0,-107615272.0,2.718429120148166e+23,0.0,0.0,0.0,0.0,53,2.3088403658719416e+20,-0.0,0.0,0.0,0.0,0.0,0.0,0.0,0.0,0,0,0,0.0,0.0,0.0,0.0,0.0,0.0,0.0,0.0,0.0,0.0,0.0,0.0,0.0,0.0,0.0,0.0,0,-107875648.0,53,0.0,106,-107614832.0,0.0,ERR,ERR,ERR,ERR,ERR,ERR,ERR,ERR,ERR,ERR,ERR,ERR,ERR,ERR,ERR,ERR,ERR,ERR,ERR,ERR,ERR,ERR,ERR,ERR,ERR,ERR,ERR,ERR,ERR,ERR,ERR,ERR,ERR,ERR,ERR,ERR,ERR,ERR,ERR,ERR,ERR,ERR,ERR,ERR,ERR,ERR,ERR,ERR,ERR,ERR,ERR,ERR,ERR,ERR,ERR,ERR,ERR,ERR,ERR,ERR,ERR,ERR,ERR,ERR,ERR,ERR,ERR,50.0,60.0,100,0.0,0.0,0.0,0.0,0.0,0.0,0.0,0.0,0.0,0.0,0.0,0.0,0.0,0.0,0.0,0.0,62.0,65,19,65521,50,65476,0,300,0,0,8,20529,65476,0,0,26214,60.0,0.0,0.0,0.0,0.0,0.0
2026-05-17T16:04:19,ERR,ERR,ERR,ERR,ERR,ERR,ERR,ERR,ERR,ERR,ERR,ERR,ERR,ERR,ERR,ERR,ERR,ERR,ERR,ERR,ERR,ERR,ERR,ERR,ERR,ERR,ERR,ERR,ERR,ERR,ERR,ERR,ERR,ERR,ERR,ERR,ERR,ERR,ERR,ERR,ERR,ERR,ERR,ERR,ERR,ERR,ERR,ERR,ERR,ERR,ERR,ERR,ERR,ERR,ERR,ERR,ERR,ERR,ERR,ERR,ERR,ERR,ERR,ERR,ERR,ERR,ERR,ERR,ERR,ERR,ERR,ERR,ERR,ERR,ERR,ERR,ERR,ERR,ERR,ERR,ERR,ERR,ERR,ERR,ERR,ERR,ERR,ERR,ERR,ERR,ERR,ERR,ERR,ERR,ERR,ERR,ERR,ERR,ERR,ERR,ERR,ERR,ERR,ERR,ERR,ERR,ERR,ERR,ERR,ERR,ERR,ERR,ERR,ERR,ERR,ERR,ERR,ERR,ERR,ERR,ERR,ERR,ERR,ERR,ERR,0.0,-0.0,-0.0,0.0,0.0,1.3936040501711995e+18,7.805,0.0,0,0,4,0,8422,0.0,45,0.0,0.0,0.0,0.0,0.0,0,0,0,0,0.0,0,0,0,0,0,0,0,0,0,0,0,0,0,0,0,0,0,0,0,0,0,0,0,0,0,0,0,0,0,0,0,0,0,38,14,7,45,65476,0,300,0,0,8,21553,0.0,-107605600.0,0.0,0.0,0.0,0.0,0.0,0.0,0.0,0.0,0.0,0.0,0.0,0.0,0.0,0.0,0.0,0.0,0.0,0.0,0.0,0.0,-2.004,-0.0,2.004,-2.004,0.0,0.0,0.0,0.0,5005.0,-0.0,0.0,0.0,-0.0,-107615272.0,2.718429120148166e+23,0.0,0.0,0.0,0.0,53,2.3088403658719416e+20,-0.0,0.0,0.0,0.0,0.0,0.0,0.0,0.0,0,0,0,0.0,0.0,0.0,0.0,0.0,0.0,0.0,0.0,0.0,0.0,0.0,0.0,0.0,0.0,0.0,0.0,0,-107875648.0,53,0.0,106,-107614832.0,0.0,ERR,ERR,ERR,ERR,ERR,ERR,ERR,ERR,ERR,ERR,ERR,ERR,ERR,ERR,ERR,ERR,ERR,ERR,ERR,ERR,ERR,ERR,ERR,ERR,ERR,ERR,ERR,ERR,ERR,ERR,ERR,ERR,ERR,ERR,ERR,ERR,ERR,ERR,ERR,ERR,ERR,ERR,ERR,ERR,ERR,ERR,ERR,ERR,ERR,ERR,ERR,ERR,ERR,ERR,ERR,ERR,ERR,ERR,ERR,ERR,ERR,ERR,ERR,ERR,ERR,ERR,ERR,50.0,60.0,100,0.0,0.0,0.0,0.0,0.0,0.0,0.0,0.0,0.0,0.0,0.0,0.0,0.0,0.0,0.0,0.0,61.6,65,19,65521,50,65476,0,300,0,0,8,20529,65476,0,0,26214,60.0,0.0,0.0,0.0,0.0,0.0
2026-05-17T16:04:20,ERR,ERR,ERR,ERR,ERR,ERR,ERR,ERR,ERR,ERR,ERR,ERR,ERR,ERR,ERR,ERR,ERR,ERR,ERR,ERR,ERR,ERR,ERR,ERR,ERR,ERR,ERR,ERR,ERR,ERR,ERR,ERR,ERR,ERR,ERR,ERR,ERR,ERR,ERR,ERR,ERR,ERR,ERR,ERR,ERR,ERR,ERR,ERR,ERR,ERR,ERR,ERR,ERR,ERR,ERR,ERR,ERR,ERR,ERR,ERR,ERR,ERR,ERR,ERR,ERR,ERR,ERR,ERR,ERR,ERR,ERR,ERR,ERR,ERR,ERR,ERR,ERR,ERR,ERR,ERR,ERR,ERR,ERR,ERR,ERR,ERR,ERR,ERR,ERR,ERR,ERR,ERR,ERR,ERR,ERR,ERR,ERR,ERR,ERR,ERR,ERR,ERR,ERR,ERR,ERR,ERR,ERR,ERR,ERR,ERR,ERR,ERR,ERR,ERR,ERR,ERR,ERR,ERR,ERR,ERR,ERR,ERR,ERR,ERR,ERR,0.0,-0.0,-0.0,0.0,0.0,1.3936040501711995e+18,7.805,0.0,0,0,4,0,8422,0.0,45,0.0,0.0,0.0,0.0,0.0,0,0,0,0,0.0,0,0,0,0,0,0,0,0,0,0,0,0,0,0,0,0,0,0,0,0,0,0,0,0,0,0,0,0,0,0,0,0,0,38,14,7,45,65476,0,300,0,0,8,21553,0.0,-107605600.0,0.0,0.0,0.0,0.0,0.0,0.0,0.0,0.0,0.0,0.0,0.0,0.0,0.0,0.0,0.0,0.0,0.0,0.0,0.0,0.0,-2.004,-0.0,2.004,-2.004,0.0,0.0,0.0,0.0,5005.0,-0.0,0.0,0.0,-0.0,-107615272.0,2.718429120148166e+23,0.0,0.0,0.0,0.0,53,2.3088403658719416e+20,-0.0,0.0,0.0,0.0,0.0,0.0,0.0,0.0,0,0,0,0.0,0.0,0.0,0.0,0.0,0.0,0.0,0.0,0.0,0.0,0.0,0.0,0.0,0.0,0.0,0.0,0,-107875648.0,53,0.0,106,-107614832.0,0.0,ERR,ERR,ERR,ERR,ERR,ERR,ERR,ERR,ERR,ERR,ERR,ERR,ERR,ERR,ERR,ERR,ERR,ERR,ERR,ERR,ERR,ERR,ERR,ERR,ERR,ERR,ERR,ERR,ERR,ERR,ERR,ERR,ERR,ERR,ERR,ERR,ERR,ERR,ERR,ERR,ERR,ERR,ERR,ERR,ERR,ERR,ERR,ERR,ERR,ERR,ERR,ERR,ERR,ERR,ERR,ERR,ERR,ERR,ERR,ERR,ERR,ERR,ERR,ERR,ERR,ERR,ERR,50.0,60.0,100,0.0,0.0,0.0,0.0,0.0,0.0,0.0,0.0,0.0,0.0,0.0,0.0,0.0,0.0,0.0,0.0,61.6,65,19,65521,50,65476,0,300,0,0,8,20529,65476,0,0,26214,60.0,0.0,0.0,0.0,0.0,0.0
2026-05-17T16:04:21,ERR,ERR,ERR,ERR,ERR,ERR,ERR,ERR,ERR,ERR,ERR,ERR,ERR,ERR,ERR,ERR,ERR,ERR,ERR,ERR,ERR,ERR,ERR,ERR,ERR,ERR,ERR,ERR,ERR,ERR,ERR,ERR,ERR,ERR,ERR,ERR,ERR,ERR,ERR,ERR,ERR,ERR,ERR,ERR,ERR,ERR,ERR,ERR,ERR,ERR,ERR,ERR,ERR,ERR,ERR,ERR,ERR,ERR,ERR,ERR,ERR,ERR,ERR,ERR,ERR,ERR,ERR,ERR,ERR,ERR,ERR,ERR,ERR,ERR,ERR,ERR,ERR,ERR,ERR,ERR,ERR,ERR,ERR,ERR,ERR,ERR,ERR,ERR,ERR,ERR,ERR,ERR,ERR,ERR,ERR,ERR,ERR,ERR,ERR,ERR,ERR,ERR,ERR,ERR,ERR,ERR,ERR,ERR,ERR,ERR,ERR,ERR,ERR,ERR,ERR,ERR,ERR,ERR,ERR,ERR,ERR,ERR,ERR,ERR,ERR,0.0,-0.0,-0.0,0.0,0.0,1.3936040501711995e+18,7.805,0.0,0,0,4,0,8422,0.0,45,0.0,0.0,0.0,0.0,0.0,0,0,0,0,0.0,0,0,0,0,0,0,0,0,0,0,0,0,0,0,0,0,0,0,0,0,0,0,0,0,0,0,0,0,0,0,0,0,0,38,14,7,45,65476,0,300,0,0,8,21553,0.0,-107605600.0,0.0,0.0,0.0,0.0,0.0,0.0,0.0,0.0,0.0,0.0,0.0,0.0,0.0,0.0,0.0,0.0,0.0,0.0,0.0,0.0,-2.004,-0.0,2.004,-2.004,0.0,0.0,0.0,0.0,5004.0,-8608182272.0,0.0,0.0,-0.0,-107615272.0,2.718429120148166e+23,0.0,0.0,0.0,0.0,53,126841110528.0,-0.0,0.0,0.0,0.0,0.0,0.0,0.0,0.0,0,0,0,0.0,0.0,0.0,0.0,0.0,0.0,0.0,0.0,0.0,0.0,0.0,0.0,0.0,0.0,0.0,0.0,0,-107875648.0,53,0.0,106,-107614832.0,0.0,ERR,ERR,ERR,ERR,ERR,ERR,ERR,ERR,ERR,ERR,ERR,ERR,ERR,ERR,ERR,ERR,ERR,ERR,ERR,ERR,ERR,ERR,ERR,ERR,ERR,ERR,ERR,ERR,ERR,ERR,ERR,ERR,ERR,ERR,ERR,ERR,ERR,ERR,ERR,ERR,ERR,ERR,ERR,ERR,ERR,ERR,ERR,ERR,ERR,ERR,ERR,ERR,ERR,ERR,ERR,ERR,ERR,ERR,ERR,ERR,ERR,ERR,ERR,ERR,ERR,ERR,ERR,50.0,60.0,100,0.0,0.0,0.0,0.0,0.0,0.0,0.0,0.0,0.0,0.0,0.0,0.0,0.0,0.0,0.0,0.0,61.6,65,19,65521,50,65476,0,300,0,0,8,20529,65476,0,0,26214,60.0,0.0,0.0,0.0,0.0,0.0
2026-05-17T16:04:22,ERR,ERR,ERR,ERR,ERR,ERR,ERR,ERR,ERR,ERR,ERR,ERR,ERR,ERR,ERR,ERR,ERR,ERR,ERR,ERR,ERR,ERR,ERR,ERR,ERR,ERR,ERR,ERR,ERR,ERR,ERR,ERR,ERR,ERR,ERR,ERR,ERR,ERR,ERR,ERR,ERR,ERR,ERR,ERR,ERR,ERR,ERR,ERR,ERR,ERR,ERR,ERR,ERR,ERR,ERR,ERR,ERR,ERR,ERR,ERR,ERR,ERR,ERR,ERR,ERR,ERR,ERR,ERR,ERR,ERR,ERR,ERR,ERR,ERR,ERR,ERR,ERR,ERR,ERR,ERR,ERR,ERR,ERR,ERR,ERR,ERR,ERR,ERR,ERR,ERR,ERR,ERR,ERR,ERR,ERR,ERR,ERR,ERR,ERR,ERR,ERR,ERR,ERR,ERR,ERR,ERR,ERR,ERR,ERR,ERR,ERR,ERR,ERR,ERR,ERR,ERR,ERR,ERR,ERR,ERR,ERR,ERR,ERR,ERR,ERR,0.0,-0.0,-0.0,0.0,0.0,1.3936040501711995e+18,7.805,0.0,0,0,4,0,8422,0.0,45,0.0,0.0,0.0,0.0,0.0,0,0,0,0,0.0,0,0,0,0,0,0,0,0,0,0,0,0,0,0,0,0,0,0,0,0,0,0,0,0,0,0,0,0,0,0,0,0,0,38,14,7,45,65476,0,300,0,0,8,21553,0.0,-107605600.0,0.0,0.0,0.0,0.0,0.0,0.0,0.0,0.0,0.0,0.0,0.0,0.0,0.0,0.0,0.0,0.0,0.0,0.0,0.0,0.0,-2.004,-0.0,2.004,-2.004,0.0,0.0,0.0,0.0,5004.0,-8608182272.0,0.0,0.0,-0.0,-107615272.0,2.718429120148166e+23,0.0,0.0,0.0,0.0,53,126841110528.0,-0.0,0.0,0.0,0.0,0.0,0.0,0.0,0.0,0,0,0,0.0,0.0,0.0,0.0,0.0,0.0,0.0,0.0,0.0,0.0,0.0,0.0,0.0,0.0,0.0,0.0,0,-107875648.0,53,0.0,106,-107614832.0,0.0,ERR,ERR,ERR,ERR,ERR,ERR,ERR,ERR,ERR,ERR,ERR,ERR,ERR,ERR,ERR,ERR,ERR,ERR,ERR,ERR,ERR,ERR,ERR,ERR,ERR,ERR,ERR,ERR,ERR,ERR,ERR,ERR,ERR,ERR,ERR,ERR,ERR,ERR,ERR,ERR,ERR,ERR,ERR,ERR,ERR,ERR,ERR,ERR,ERR,ERR,ERR,ERR,ERR,ERR,ERR,ERR,ERR,ERR,ERR,ERR,ERR,ERR,ERR,ERR,ERR,ERR,ERR,50.0,60.0,100,0.0,0.0,0.0,0.0,0.0,0.0,0.0,0.0,0.0,0.0,0.0,0.0,0.0,0.0,0.0,0.0,61.6,65,19,65521,50,65476,0,300,0,0,8,20529,65476,0,0,26214,60.0,0.0,0.0,0.0,0.0,0.0
2026-05-17T16:04:23,ERR,ERR,ERR,ERR,ERR,ERR,ERR,ERR,ERR,ERR,ERR,ERR,ERR,ERR,ERR,ERR,ERR,ERR,ERR,ERR,ERR,ERR,ERR,ERR,ERR,ERR,ERR,ERR,ERR,ERR,ERR,ERR,ERR,ERR,ERR,ERR,ERR,ERR,ERR,ERR,ERR,ERR,ERR,ERR,ERR,ERR,ERR,ERR,ERR,ERR,ERR,ERR,ERR,ERR,ERR,ERR,ERR,ERR,ERR,ERR,ERR,ERR,ERR,ERR,ERR,ERR,ERR,ERR,ERR,ERR,ERR,ERR,ERR,ERR,ERR,ERR,ERR,ERR,ERR,ERR,ERR,ERR,ERR,ERR,ERR,ERR,ERR,ERR,ERR,ERR,ERR,ERR,ERR,ERR,ERR,ERR,ERR,ERR,ERR,ERR,ERR,ERR,ERR,ERR,ERR,ERR,ERR,ERR,ERR,ERR,ERR,ERR,ERR,ERR,ERR,ERR,ERR,ERR,ERR,ERR,ERR,ERR,ERR,ERR,ERR,0.0,-0.0,-0.0,0.0,0.0,1.3936040501711995e+18,7.805,0.0,0,0,4,0,8422,0.0,45,0.0,0.0,0.0,0.0,0.0,0,0,0,0,0.0,0,0,0,0,0,0,0,0,0,0,0,0,0,0,0,0,0,0,0,0,0,0,0,0,0,0,0,0,0,0,0,0,0,38,14,7,45,65476,0,300,0,0,8,21553,0.0,-107605600.0,0.0,0.0,0.0,0.0,0.0,0.0,0.0,0.0,0.0,0.0,0.0,0.0,0.0,0.0,0.0,0.0,0.0,0.0,0.0,0.0,-2.004,-0.0,2.004,-2.004,0.0,0.0,0.0,0.0,5004.0,-8608182272.0,0.0,0.0,-0.0,-107615272.0,2.718429120148166e+23,0.0,0.0,0.0,0.0,53,126841110528.0,-0.0,0.0,0.0,0.0,0.0,0.0,0.0,0.0,0,0,0,0.0,0.0,0.0,0.0,0.0,0.0,0.0,0.0,0.0,0.0,0.0,0.0,0.0,0.0,0.0,0.0,0,-107875648.0,53,0.0,106,-107614832.0,0.0,ERR,ERR,ERR,ERR,ERR,ERR,ERR,ERR,ERR,ERR,ERR,ERR,ERR,ERR,ERR,ERR,ERR,ERR,ERR,ERR,ERR,ERR,ERR,ERR,ERR,ERR,ERR,ERR,ERR,ERR,ERR,ERR,ERR,ERR,ERR,ERR,ERR,ERR,ERR,ERR,ERR,ERR,ERR,ERR,ERR,ERR,ERR,ERR,ERR,ERR,ERR,ERR,ERR,ERR,ERR,ERR,ERR,ERR,ERR,ERR,ERR,ERR,ERR,ERR,ERR,ERR,ERR,50.0,60.0,100,0.0,0.0,0.0,0.0,0.0,0.0,0.0,0.0,0.0,0.0,0.0,0.0,0.0,0.0,0.0,0.0,61.6,65,19,65521,50,65476,0,300,0,0,8,20529,65476,0,0,26214,60.0,0.0,0.0,0.0,0.0,0.0
2026-05-17T16:04:24,ERR,ERR,ERR,ERR,ERR,ERR,ERR,ERR,ERR,ERR,ERR,ERR,ERR,ERR,ERR,ERR,ERR,ERR,ERR,ERR,ERR,ERR,ERR,ERR,ERR,ERR,ERR,ERR,ERR,ERR,ERR,ERR,ERR,ERR,ERR,ERR,ERR,ERR,ERR,ERR,ERR,ERR,ERR,ERR,ERR,ERR,ERR,ERR,ERR,ERR,ERR,ERR,ERR,ERR,ERR,ERR,ERR,ERR,ERR,ERR,ERR,ERR,ERR,ERR,ERR,ERR,ERR,ERR,ERR,ERR,ERR,ERR,ERR,ERR,ERR,ERR,ERR,ERR,ERR,ERR,ERR,ERR,ERR,ERR,ERR,ERR,ERR,ERR,ERR,ERR,ERR,ERR,ERR,ERR,ERR,ERR,ERR,ERR,ERR,ERR,ERR,ERR,ERR,ERR,ERR,ERR,ERR,ERR,ERR,ERR,ERR,ERR,ERR,ERR,ERR,ERR,ERR,ERR,ERR,ERR,ERR,ERR,ERR,ERR,ERR,0.0,-0.0,-0.0,0.0,0.0,1.3936040501711995e+18,7.805,0.0,0,0,4,0,8422,0.0,45,0.0,0.0,0.0,0.0,0.0,0,0,0,0,0.0,0,0,0,0,0,0,0,0,0,0,0,0,0,0,0,0,0,0,0,0,0,0,0,0,0,0,0,0,0,0,0,0,0,38,14,7,45,65476,0,300,0,0,8,21553,0.0,-107605600.0,0.0,0.0,0.0,0.0,0.0,0.0,0.0,0.0,0.0,0.0,0.0,0.0,0.0,0.0,0.0,0.0,0.0,0.0,0.0,0.0,-2.004,-0.0,2.004,-2.004,0.0,0.0,0.0,0.0,5004.0,-8608182272.0,0.0,0.0,-0.0,-107615272.0,2.718429120148166e+23,0.0,0.0,0.0,0.0,53,126841110528.0,-0.0,0.0,0.0,0.0,0.0,0.0,0.0,0.0,0,0,0,0.0,0.0,0.0,0.0,0.0,0.0,0.0,0.0,0.0,0.0,0.0,0.0,0.0,0.0,0.0,0.0,0,-107875648.0,53,0.0,106,-107614832.0,0.0,ERR,ERR,ERR,ERR,ERR,ERR,ERR,ERR,ERR,ERR,ERR,ERR,ERR,ERR,ERR,ERR,ERR,ERR,ERR,ERR,ERR,ERR,ERR,ERR,ERR,ERR,ERR,ERR,ERR,ERR,ERR,ERR,ERR,ERR,ERR,ERR,ERR,ERR,ERR,ERR,ERR,ERR,ERR,ERR,ERR,ERR,ERR,ERR,ERR,ERR,ERR,ERR,ERR,ERR,ERR,ERR,ERR,ERR,ERR,ERR,ERR,ERR,ERR,ERR,ERR,ERR,ERR,50.0,60.0,100,0.0,0.0,0.0,0.0,0.0,0.0,0.0,0.0,0.0,0.0,0.0,0.0,0.0,0.0,0.0,0.0,62.0,65,19,65521,50,65476,0,300,0,0,8,20529,65476,0,0,26214,60.0,0.0,0.0,0.0,0.0,0.0
2026-05-17T16:04:25,ERR,ERR,ERR,ERR,ERR,ERR,ERR,ERR,ERR,ERR,ERR,ERR,ERR,ERR,ERR,ERR,ERR,ERR,ERR,ERR,ERR,ERR,ERR,ERR,ERR,ERR,ERR,ERR,ERR,ERR,ERR,ERR,ERR,ERR,ERR,ERR,ERR,ERR,ERR,ERR,ERR,ERR,ERR,ERR,ERR,ERR,ERR,ERR,ERR,ERR,ERR,ERR,ERR,ERR,ERR,ERR,ERR,ERR,ERR,ERR,ERR,ERR,ERR,ERR,ERR,ERR,ERR,ERR,ERR,ERR,ERR,ERR,ERR,ERR,ERR,ERR,ERR,ERR,ERR,ERR,ERR,ERR,ERR,ERR,ERR,ERR,ERR,ERR,ERR,ERR,ERR,ERR,ERR,ERR,ERR,ERR,ERR,ERR,ERR,ERR,ERR,ERR,ERR,ERR,ERR,ERR,ERR,ERR,ERR,ERR,ERR,ERR,ERR,ERR,ERR,ERR,ERR,ERR,ERR,ERR,ERR,ERR,ERR,ERR,ERR,0.0,-0.0,-0.0,0.0,0.0,1.3936040501711995e+18,7.805,0.0,0,0,4,0,8422,0.0,45,0.0,0.0,0.0,0.0,0.0,0,0,0,0,0.0,0,0,0,0,0,0,0,0,0,0,0,0,0,0,0,0,0,0,0,0,0,0,0,0,0,0,0,0,0,0,0,0,0,38,14,7,45,65476,0,300,0,0,8,21553,0.0,-107605600.0,0.0,0.0,0.0,0.0,0.0,0.0,0.0,0.0,0.0,0.0,0.0,0.0,0.0,0.0,0.0,0.0,0.0,0.0,0.0,0.0,-2.004,-0.0,2.004,-2.004,0.0,0.0,0.0,0.0,5004.0,-8608182272.0,0.0,0.0,-0.0,-107615272.0,2.718429120148166e+23,0.0,0.0,0.0,0.0,53,126841110528.0,-0.0,0.0,0.0,0.0,0.0,0.0,0.0,0.0,0,0,0,0.0,0.0,0.0,0.0,0.0,0.0,0.0,0.0,0.0,0.0,0.0,0.0,0.0,0.0,0.0,0.0,0,-107875648.0,53,0.0,106,-107614832.0,0.0,ERR,ERR,ERR,ERR,ERR,ERR,ERR,ERR,ERR,ERR,ERR,ERR,ERR,ERR,ERR,ERR,ERR,ERR,ERR,ERR,ERR,ERR,ERR,ERR,ERR,ERR,ERR,ERR,ERR,ERR,ERR,ERR,ERR,ERR,ERR,ERR,ERR,ERR,ERR,ERR,ERR,ERR,ERR,ERR,ERR,ERR,ERR,ERR,ERR,ERR,ERR,ERR,ERR,ERR,ERR,ERR,ERR,ERR,ERR,ERR,ERR,ERR,ERR,ERR,ERR,ERR,ERR,50.0,60.0,100,0.0,0.0,0.0,0.0,0.0,0.0,0.0,0.0,0.0,0.0,0.0,0.0,0.0,0.0,0.0,0.0,62.0,65,19,65521,50,65476,0,300,0,0,8,20529,65476,0,0,26214,60.0,0.0,0.0,0.0,0.0,0.0
2026-05-17T16:04:26,ERR,ERR,ERR,ERR,ERR,ERR,ERR,ERR,ERR,ERR,ERR,ERR,ERR,ERR,ERR,ERR,ERR,ERR,ERR,ERR,ERR,ERR,ERR,ERR,ERR,ERR,ERR,ERR,ERR,ERR,ERR,ERR,ERR,ERR,ERR,ERR,ERR,ERR,ERR,ERR,ERR,ERR,ERR,ERR,ERR,ERR,ERR,ERR,ERR,ERR,ERR,ERR,ERR,ERR,ERR,ERR,ERR,ERR,ERR,ERR,ERR,ERR,ERR,ERR,ERR,ERR,ERR,ERR,ERR,ERR,ERR,ERR,ERR,ERR,ERR,ERR,ERR,ERR,ERR,ERR,ERR,ERR,ERR,ERR,ERR,ERR,ERR,ERR,ERR,ERR,ERR,ERR,ERR,ERR,ERR,ERR,ERR,ERR,ERR,ERR,ERR,ERR,ERR,ERR,ERR,ERR,ERR,ERR,ERR,ERR,ERR,ERR,ERR,ERR,ERR,ERR,ERR,ERR,ERR,ERR,ERR,ERR,ERR,ERR,ERR,0.0,-0.0,-0.0,0.0,0.0,1.3936040501711995e+18,7.805,0.0,0,0,4,0,8422,0.0,45,0.0,0.0,0.0,0.0,0.0,0,0,0,0,0.0,0,0,0,0,0,0,0,0,0,0,0,0,0,0,0,0,0,0,0,0,0,0,0,0,0,0,0,0,0,0,0,0,0,38,14,7,45,65476,0,300,0,0,8,21553,0.0,-107605600.0,0.0,0.0,0.0,0.0,0.0,0.0,0.0,0.0,0.0,0.0,0.0,0.0,0.0,0.0,0.0,0.0,0.0,0.0,0.0,0.0,-2.004,-0.0,2.004,-2.004,0.0,0.0,0.0,0.0,5001.0,-0.0,0.0,0.0,-0.0,-107615272.0,2.718429120148166e+23,0.0,0.0,0.0,0.0,53,71.63,-0.0,0.0,0.0,0.0,0.0,0.0,0.0,0.0,0,0,0,0.0,0.0,0.0,0.0,0.0,0.0,0.0,0.0,0.0,0.0,0.0,0.0,0.0,0.0,0.0,0.0,0,-107875648.0,53,0.0,106,-107614832.0,0.0,ERR,ERR,ERR,ERR,ERR,ERR,ERR,ERR,ERR,ERR,ERR,ERR,ERR,ERR,ERR,ERR,ERR,ERR,ERR,ERR,ERR,ERR,ERR,ERR,ERR,ERR,ERR,ERR,ERR,ERR,ERR,ERR,ERR,ERR,ERR,ERR,ERR,ERR,ERR,ERR,ERR,ERR,ERR,ERR,ERR,ERR,ERR,ERR,ERR,ERR,ERR,ERR,ERR,ERR,ERR,ERR,ERR,ERR,ERR,ERR,ERR,ERR,ERR,ERR,ERR,ERR,ERR,50.0,60.0,100,0.0,0.0,0.0,0.0,0.0,0.0,0.0,0.0,0.0,0.0,0.0,0.0,0.0,0.0,0.0,0.0,61.6,65,19,65521,50,65476,0,300,0,0,8,20529,65476,0,0,26214,60.0,0.0,0.0,0.0,0.0,0.0
2026-05-17T16:04:27,ERR,ERR,ERR,ERR,ERR,ERR,ERR,ERR,ERR,ERR,ERR,ERR,ERR,ERR,ERR,ERR,ERR,ERR,ERR,ERR,ERR,ERR,ERR,ERR,ERR,ERR,ERR,ERR,ERR,ERR,ERR,ERR,ERR,ERR,ERR,ERR,ERR,ERR,ERR,ERR,ERR,ERR,ERR,ERR,ERR,ERR,ERR,ERR,ERR,ERR,ERR,ERR,ERR,ERR,ERR,ERR,ERR,ERR,ERR,ERR,ERR,ERR,ERR,ERR,ERR,ERR,ERR,ERR,ERR,ERR,ERR,ERR,ERR,ERR,ERR,ERR,ERR,ERR,ERR,ERR,ERR,ERR,ERR,ERR,ERR,ERR,ERR,ERR,ERR,ERR,ERR,ERR,ERR,ERR,ERR,ERR,ERR,ERR,ERR,ERR,ERR,ERR,ERR,ERR,ERR,ERR,ERR,ERR,ERR,ERR,ERR,ERR,ERR,ERR,ERR,ERR,ERR,ERR,ERR,ERR,ERR,ERR,ERR,ERR,ERR,0.0,-0.0,-0.0,0.0,0.0,1.3936040501711995e+18,7.805,0.0,0,0,4,0,8422,0.0,45,0.0,0.0,0.0,0.0,0.0,0,0,0,0,0.0,0,0,0,0,0,0,0,0,0,0,0,0,0,0,0,0,0,0,0,0,0,0,0,0,0,0,0,0,0,0,0,0,0,38,14,7,45,65476,0,300,0,0,8,21553,0.0,-107605600.0,0.0,0.0,0.0,0.0,0.0,0.0,0.0,0.0,0.0,0.0,0.0,0.0,0.0,0.0,0.0,0.0,0.0,0.0,0.0,0.0,-2.004,-0.0,2.004,-2.004,0.0,0.0,0.0,0.0,5001.0,-0.0,0.0,0.0,-0.0,-107615272.0,2.718429120148166e+23,0.0,0.0,0.0,0.0,53,71.63,-0.0,0.0,0.0,0.0,0.0,0.0,0.0,0.0,0,0,0,0.0,0.0,0.0,0.0,0.0,0.0,0.0,0.0,0.0,0.0,0.0,0.0,0.0,0.0,0.0,0.0,0,-107875648.0,53,0.0,106,-107614832.0,0.0,ERR,ERR,ERR,ERR,ERR,ERR,ERR,ERR,ERR,ERR,ERR,ERR,ERR,ERR,ERR,ERR,ERR,ERR,ERR,ERR,ERR,ERR,ERR,ERR,ERR,ERR,ERR,ERR,ERR,ERR,ERR,ERR,ERR,ERR,ERR,ERR,ERR,ERR,ERR,ERR,ERR,ERR,ERR,ERR,ERR,ERR,ERR,ERR,ERR,ERR,ERR,ERR,ERR,ERR,ERR,ERR,ERR,ERR,ERR,ERR,ERR,ERR,ERR,ERR,ERR,ERR,ERR,50.0,60.0,100,0.0,0.0,0.0,0.0,0.0,0.0,0.0,0.0,0.0,0.0,0.0,0.0,0.0,0.0,0.0,0.0,61.6,65,19,65521,50,65476,0,300,0,0,8,20529,65476,0,0,26214,60.0,0.0,0.0,0.0,0.0,0.0
2026-05-17T16:04:28,ERR,ERR,ERR,ERR,ERR,ERR,ERR,ERR,ERR,ERR,ERR,ERR,ERR,ERR,ERR,ERR,ERR,ERR,ERR,ERR,ERR,ERR,ERR,ERR,ERR,ERR,ERR,ERR,ERR,ERR,ERR,ERR,ERR,ERR,ERR,ERR,ERR,ERR,ERR,ERR,ERR,ERR,ERR,ERR,ERR,ERR,ERR,ERR,ERR,ERR,ERR,ERR,ERR,ERR,ERR,ERR,ERR,ERR,ERR,ERR,ERR,ERR,ERR,ERR,ERR,ERR,ERR,ERR,ERR,ERR,ERR,ERR,ERR,ERR,ERR,ERR,ERR,ERR,ERR,ERR,ERR,ERR,ERR,ERR,ERR,ERR,ERR,ERR,ERR,ERR,ERR,ERR,ERR,ERR,ERR,ERR,ERR,ERR,ERR,ERR,ERR,ERR,ERR,ERR,ERR,ERR,ERR,ERR,ERR,ERR,ERR,ERR,ERR,ERR,ERR,ERR,ERR,ERR,ERR,ERR,ERR,ERR,ERR,ERR,ERR,0.0,-0.0,-0.0,0.0,0.0,1.3936040501711995e+18,7.805,0.0,0,0,4,0,8422,0.0,45,0.0,0.0,0.0,0.0,0.0,0,0,0,0,0.0,0,0,0,0,0,0,0,0,0,0,0,0,0,0,0,0,0,0,0,0,0,0,0,0,0,0,0,0,0,0,0,0,0,38,14,7,45,65476,0,300,0,0,8,21553,0.0,-107605600.0,0.0,0.0,0.0,0.0,0.0,0.0,0.0,0.0,0.0,0.0,0.0,0.0,0.0,0.0,0.0,0.0,0.0,0.0,0.0,0.0,-2.004,-0.0,2.004,-2.004,0.0,0.0,0.0,0.0,5001.0,-0.0,0.0,0.0,-0.0,-107615272.0,2.718429120148166e+23,0.0,0.0,0.0,0.0,53,71.63,-0.0,0.0,0.0,0.0,0.0,0.0,0.0,0.0,0,0,0,0.0,0.0,0.0,0.0,0.0,0.0,0.0,0.0,0.0,0.0,0.0,0.0,0.0,0.0,0.0,0.0,0,-107875648.0,53,0.0,106,-107614832.0,0.0,ERR,ERR,ERR,ERR,ERR,ERR,ERR,ERR,ERR,ERR,ERR,ERR,ERR,ERR,ERR,ERR,ERR,ERR,ERR,ERR,ERR,ERR,ERR,ERR,ERR,ERR,ERR,ERR,ERR,ERR,ERR,ERR,ERR,ERR,ERR,ERR,ERR,ERR,ERR,ERR,ERR,ERR,ERR,ERR,ERR,ERR,ERR,ERR,ERR,ERR,ERR,ERR,ERR,ERR,ERR,ERR,ERR,ERR,ERR,ERR,ERR,ERR,ERR,ERR,ERR,ERR,ERR,50.0,60.0,100,0.0,0.0,0.0,0.0,0.0,0.0,0.0,0.0,0.0,0.0,0.0,0.0,0.0,0.0,0.0,0.0,61.6,65,19,65521,50,65476,0,300,0,0,8,20529,65476,0,0,26214,60.0,0.0,0.0,0.0,0.0,0.0
2026-05-17T16:04:29,ERR,ERR,ERR,ERR,ERR,ERR,ERR,ERR,ERR,ERR,ERR,ERR,ERR,ERR,ERR,ERR,ERR,ERR,ERR,ERR,ERR,ERR,ERR,ERR,ERR,ERR,ERR,ERR,ERR,ERR,ERR,ERR,ERR,ERR,ERR,ERR,ERR,ERR,ERR,ERR,ERR,ERR,ERR,ERR,ERR,ERR,ERR,ERR,ERR,ERR,ERR,ERR,ERR,ERR,ERR,ERR,ERR,ERR,ERR,ERR,ERR,ERR,ERR,ERR,ERR,ERR,ERR,ERR,ERR,ERR,ERR,ERR,ERR,ERR,ERR,ERR,ERR,ERR,ERR,ERR,ERR,ERR,ERR,ERR,ERR,ERR,ERR,ERR,ERR,ERR,ERR,ERR,ERR,ERR,ERR,ERR,ERR,ERR,ERR,ERR,ERR,ERR,ERR,ERR,ERR,ERR,ERR,ERR,ERR,ERR,ERR,ERR,ERR,ERR,ERR,ERR,ERR,ERR,ERR,ERR,ERR,ERR,ERR,ERR,ERR,0.0,-0.0,-0.0,0.0,0.0,1.3936040501711995e+18,7.805,0.0,0,0,4,0,8422,0.0,45,0.0,0.0,0.0,0.0,0.0,0,0,0,0,0.0,0,0,0,0,0,0,0,0,0,0,0,0,0,0,0,0,0,0,0,0,0,0,0,0,0,0,0,0,0,0,0,0,0,38,14,7,45,65476,0,300,0,0,8,21553,0.0,-107605600.0,0.0,0.0,0.0,0.0,0.0,0.0,0.0,0.0,0.0,0.0,0.0,0.0,0.0,0.0,0.0,0.0,0.0,0.0,0.0,0.0,-2.004,-0.0,2.004,-2.004,0.0,0.0,0.0,0.0,5001.0,-0.0,0.0,0.0,-0.0,-107615272.0,2.718429120148166e+23,0.0,0.0,0.0,0.0,53,71.63,-0.0,0.0,0.0,0.0,0.0,0.0,0.0,0.0,0,0,0,0.0,0.0,0.0,0.0,0.0,0.0,0.0,0.0,0.0,0.0,0.0,0.0,0.0,0.0,0.0,0.0,0,-107875648.0,53,0.0,106,-107614832.0,0.0,ERR,ERR,ERR,ERR,ERR,ERR,ERR,ERR,ERR,ERR,ERR,ERR,ERR,ERR,ERR,ERR,ERR,ERR,ERR,ERR,ERR,ERR,ERR,ERR,ERR,ERR,ERR,ERR,ERR,ERR,ERR,ERR,ERR,ERR,ERR,ERR,ERR,ERR,ERR,ERR,ERR,ERR,ERR,ERR,ERR,ERR,ERR,ERR,ERR,ERR,ERR,ERR,ERR,ERR,ERR,ERR,ERR,ERR,ERR,ERR,ERR,ERR,ERR,ERR,ERR,ERR,ERR,50.0,60.0,100,0.0,0.0,0.0,0.0,0.0,0.0,0.0,0.0,0.0,0.0,0.0,0.0,0.0,0.0,0.0,0.0,61.6,65,19,65521,50,65476,0,300,0,0,8,20529,65476,0,0,26214,60.0,0.0,0.0,0.0,0.0,0.0
2026-05-17T16:04:30,ERR,ERR,ERR,ERR,ERR,ERR,ERR,ERR,ERR,ERR,ERR,ERR,ERR,ERR,ERR,ERR,ERR,ERR,ERR,ERR,ERR,ERR,ERR,ERR,ERR,ERR,ERR,ERR,ERR,ERR,ERR,ERR,ERR,ERR,ERR,ERR,ERR,ERR,ERR,ERR,ERR,ERR,ERR,ERR,ERR,ERR,ERR,ERR,ERR,ERR,ERR,ERR,ERR,ERR,ERR,ERR,ERR,ERR,ERR,ERR,ERR,ERR,ERR,ERR,ERR,ERR,ERR,ERR,ERR,ERR,ERR,ERR,ERR,ERR,ERR,ERR,ERR,ERR,ERR,ERR,ERR,ERR,ERR,ERR,ERR,ERR,ERR,ERR,ERR,ERR,ERR,ERR,ERR,ERR,ERR,ERR,ERR,ERR,ERR,ERR,ERR,ERR,ERR,ERR,ERR,ERR,ERR,ERR,ERR,ERR,ERR,ERR,ERR,ERR,ERR,ERR,ERR,ERR,ERR,ERR,ERR,ERR,ERR,ERR,ERR,0.0,-0.0,-0.0,0.0,0.0,1.3936040501711995e+18,7.805,0.0,0,0,4,0,8422,0.0,45,0.0,0.0,0.0,0.0,0.0,0,0,0,0,0.0,0,0,0,0,0,0,0,0,0,0,0,0,0,0,0,0,0,0,0,0,0,0,0,0,0,0,0,0,0,0,0,0,0,38,14,7,45,65476,0,300,0,0,8,21553,0.0,-107605600.0,0.0,0.0,0.0,0.0,0.0,0.0,0.0,0.0,0.0,0.0,0.0,0.0,0.0,0.0,0.0,0.0,0.0,0.0,0.0,0.0,-2.004,-0.0,2.004,-2.004,0.0,0.0,0.0,0.0,5001.0,-0.0,0.0,0.0,-0.0,-107615272.0,2.718429120148166e+23,0.0,0.0,0.0,0.0,53,71.63,-0.0,0.0,0.0,0.0,0.0,0.0,0.0,0.0,0,0,0,0.0,0.0,0.0,0.0,0.0,0.0,0.0,0.0,0.0,0.0,0.0,0.0,0.0,0.0,0.0,0.0,0,-107875648.0,53,0.0,106,-107614832.0,0.0,ERR,ERR,ERR,ERR,ERR,ERR,ERR,ERR,ERR,ERR,ERR,ERR,ERR,ERR,ERR,ERR,ERR,ERR,ERR,ERR,ERR,ERR,ERR,ERR,ERR,ERR,ERR,ERR,ERR,ERR,ERR,ERR,ERR,ERR,ERR,ERR,ERR,ERR,ERR,ERR,ERR,ERR,ERR,ERR,ERR,ERR,ERR,ERR,ERR,ERR,ERR,ERR,ERR,ERR,ERR,ERR,ERR,ERR,ERR,ERR,ERR,ERR,ERR,ERR,ERR,ERR,ERR,50.0,60.0,100,0.0,0.0,0.0,0.0,0.0,0.0,0.0,0.0,0.0,0.0,0.0,0.0,0.0,0.0,0.0,0.0,61.6,65,19,65521,50,65476,0,300,0,0,8,20529,65476,0,0,26214,60.0,0.0,0.0,0.0,0.0,0.0
2026-05-17T16:04:31,ERR,ERR,ERR,ERR,ERR,ERR,ERR,ERR,ERR,ERR,ERR,ERR,ERR,ERR,ERR,ERR,ERR,ERR,ERR,ERR,ERR,ERR,ERR,ERR,ERR,ERR,ERR,ERR,ERR,ERR,ERR,ERR,ERR,ERR,ERR,ERR,ERR,ERR,ERR,ERR,ERR,ERR,ERR,ERR,ERR,ERR,ERR,ERR,ERR,ERR,ERR,ERR,ERR,ERR,ERR,ERR,ERR,ERR,ERR,ERR,ERR,ERR,ERR,ERR,ERR,ERR,ERR,ERR,ERR,ERR,ERR,ERR,ERR,ERR,ERR,ERR,ERR,ERR,ERR,ERR,ERR,ERR,ERR,ERR,ERR,ERR,ERR,ERR,ERR,ERR,ERR,ERR,ERR,ERR,ERR,ERR,ERR,ERR,ERR,ERR,ERR,ERR,ERR,ERR,ERR,ERR,ERR,ERR,ERR,ERR,ERR,ERR,ERR,ERR,ERR,ERR,ERR,ERR,ERR,ERR,ERR,ERR,ERR,ERR,ERR,0.0,-0.0,-0.0,0.0,0.0,1.3936040501711995e+18,7.805,0.0,0,0,4,0,8422,0.0,45,0.0,0.0,0.0,0.0,0.0,0,0,0,0,0.0,0,0,0,0,0,0,0,0,0,0,0,0,0,0,0,0,0,0,0,0,0,0,0,0,0,0,0,0,0,0,0,0,0,38,14,7,45,65476,0,300,0,0,8,21553,0.0,-107605600.0,0.0,0.0,0.0,0.0,0.0,0.0,0.0,0.0,0.0,0.0,0.0,0.0,0.0,0.0,0.0,0.0,0.0,0.0,0.0,0.0,-2.004,-0.0,2.004,-2.004,0.0,0.0,0.0,0.0,5006.0,-2.422987904532282e+24,0.0,0.0,-0.0,-107615272.0,2.718429120148166e+23,0.0,0.0,0.0,0.0,53,1.9056979486756045e+17,-152017280434176.0,0.0,0.0,0.0,0.0,0.0,0.0,0.0,0,0,0,0.0,0.0,0.0,0.0,0.0,0.0,0.0,0.0,0.0,0.0,0.0,0.0,0.0,0.0,0.0,0.0,0,-107875648.0,53,0.0,106,-107614832.0,0.0,ERR,ERR,ERR,ERR,ERR,ERR,ERR,ERR,ERR,ERR,ERR,ERR,ERR,ERR,ERR,ERR,ERR,ERR,ERR,ERR,ERR,ERR,ERR,ERR,ERR,ERR,ERR,ERR,ERR,ERR,ERR,ERR,ERR,ERR,ERR,ERR,ERR,ERR,ERR,ERR,ERR,ERR,ERR,ERR,ERR,ERR,ERR,ERR,ERR,ERR,ERR,ERR,ERR,ERR,ERR,ERR,ERR,ERR,ERR,ERR,ERR,ERR,ERR,ERR,ERR,ERR,ERR,50.0,60.0,100,0.0,0.0,0.0,0.0,0.0,0.0,0.0,0.0,0.0,0.0,0.0,0.0,0.0,0.0,0.0,0.0,61.6,65,19,65521,50,65476,0,300,0,0,8,20529,65476,0,0,26214,60.0,0.0,0.0,0.0,0.0,0.0
2026-05-17T16:04:32,ERR,ERR,ERR,ERR,ERR,ERR,ERR,ERR,ERR,ERR,ERR,ERR,ERR,ERR,ERR,ERR,ERR,ERR,ERR,ERR,ERR,ERR,ERR,ERR,ERR,ERR,ERR,ERR,ERR,ERR,ERR,ERR,ERR,ERR,ERR,ERR,ERR,ERR,ERR,ERR,ERR,ERR,ERR,ERR,ERR,ERR,ERR,ERR,ERR,ERR,ERR,ERR,ERR,ERR,ERR,ERR,ERR,ERR,ERR,ERR,ERR,ERR,ERR,ERR,ERR,ERR,ERR,ERR,ERR,ERR,ERR,ERR,ERR,ERR,ERR,ERR,ERR,ERR,ERR,ERR,ERR,ERR,ERR,ERR,ERR,ERR,ERR,ERR,ERR,ERR,ERR,ERR,ERR,ERR,ERR,ERR,ERR,ERR,ERR,ERR,ERR,ERR,ERR,ERR,ERR,ERR,ERR,ERR,ERR,ERR,ERR,ERR,ERR,ERR,ERR,ERR,ERR,ERR,ERR,ERR,ERR,ERR,ERR,ERR,ERR,0.0,-0.0,-0.0,0.0,0.0,1.3936040501711995e+18,7.805,0.0,0,0,4,0,8422,0.0,45,0.0,0.0,0.0,0.0,0.0,0,0,0,0,0.0,0,0,0,0,0,0,0,0,0,0,0,0,0,0,0,0,0,0,0,0,0,0,0,0,0,0,0,0,0,0,0,0,0,38,14,7,45,65476,0,300,0,0,8,21553,0.0,-107605600.0,0.0,0.0,0.0,0.0,0.0,0.0,0.0,0.0,0.0,0.0,0.0,0.0,0.0,0.0,0.0,0.0,0.0,0.0,0.0,0.0,-2.004,-0.0,2.004,-2.004,0.0,0.0,0.0,0.0,5006.0,-2.422987904532282e+24,0.0,0.0,-0.0,-107615272.0,2.718429120148166e+23,0.0,0.0,0.0,0.0,53,1.9056979486756045e+17,-152017280434176.0,0.0,0.0,0.0,0.0,0.0,0.0,0.0,0,0,0,0.0,0.0,0.0,0.0,0.0,0.0,0.0,0.0,0.0,0.0,0.0,0.0,0.0,0.0,0.0,0.0,0,-107875648.0,53,0.0,106,-107614832.0,0.0,ERR,ERR,ERR,ERR,ERR,ERR,ERR,ERR,ERR,ERR,ERR,ERR,ERR,ERR,ERR,ERR,ERR,ERR,ERR,ERR,ERR,ERR,ERR,ERR,ERR,ERR,ERR,ERR,ERR,ERR,ERR,ERR,ERR,ERR,ERR,ERR,ERR,ERR,ERR,ERR,ERR,ERR,ERR,ERR,ERR,ERR,ERR,ERR,ERR,ERR,ERR,ERR,ERR,ERR,ERR,ERR,ERR,ERR,ERR,ERR,ERR,ERR,ERR,ERR,ERR,ERR,ERR,50.0,60.0,100,0.0,0.0,0.0,0.0,0.0,0.0,0.0,0.0,0.0,0.0,0.0,0.0,0.0,0.0,0.0,0.0,61.6,65,19,65521,50,65476,0,300,0,0,8,20529,65476,0,0,26214,60.0,0.0,0.0,0.0,0.0,0.0
2026-05-17T16:04:33,ERR,ERR,ERR,ERR,ERR,ERR,ERR,ERR,ERR,ERR,ERR,ERR,ERR,ERR,ERR,ERR,ERR,ERR,ERR,ERR,ERR,ERR,ERR,ERR,ERR,ERR,ERR,ERR,ERR,ERR,ERR,ERR,ERR,ERR,ERR,ERR,ERR,ERR,ERR,ERR,ERR,ERR,ERR,ERR,ERR,ERR,ERR,ERR,ERR,ERR,ERR,ERR,ERR,ERR,ERR,ERR,ERR,ERR,ERR,ERR,ERR,ERR,ERR,ERR,ERR,ERR,ERR,ERR,ERR,ERR,ERR,ERR,ERR,ERR,ERR,ERR,ERR,ERR,ERR,ERR,ERR,ERR,ERR,ERR,ERR,ERR,ERR,ERR,ERR,ERR,ERR,ERR,ERR,ERR,ERR,ERR,ERR,ERR,ERR,ERR,ERR,ERR,ERR,ERR,ERR,ERR,ERR,ERR,ERR,ERR,ERR,ERR,ERR,ERR,ERR,ERR,ERR,ERR,ERR,ERR,ERR,ERR,ERR,ERR,ERR,0.0,-0.0,-0.0,0.0,0.0,1.3936040501711995e+18,7.805,0.0,0,0,4,0,8422,0.0,45,0.0,0.0,0.0,0.0,0.0,0,0,0,0,0.0,0,0,0,0,0,0,0,0,0,0,0,0,0,0,0,0,0,0,0,0,0,0,0,0,0,0,0,0,0,0,0,0,0,38,14,7,45,65476,0,300,0,0,8,21553,0.0,-107605600.0,0.0,0.0,0.0,0.0,0.0,0.0,0.0,0.0,0.0,0.0,0.0,0.0,0.0,0.0,0.0,0.0,0.0,0.0,0.0,0.0,-2.004,-0.0,2.004,-2.004,0.0,0.0,0.0,0.0,5006.0,-2.422987904532282e+24,0.0,0.0,-0.0,-107615272.0,2.718429120148166e+23,0.0,0.0,0.0,0.0,53,1.9056979486756045e+17,-152017280434176.0,0.0,0.0,0.0,0.0,0.0,0.0,0.0,0,0,0,0.0,0.0,0.0,0.0,0.0,0.0,0.0,0.0,0.0,0.0,0.0,0.0,0.0,0.0,0.0,0.0,0,-107875648.0,53,0.0,106,-107614832.0,0.0,ERR,ERR,ERR,ERR,ERR,ERR,ERR,ERR,ERR,ERR,ERR,ERR,ERR,ERR,ERR,ERR,ERR,ERR,ERR,ERR,ERR,ERR,ERR,ERR,ERR,ERR,ERR,ERR,ERR,ERR,ERR,ERR,ERR,ERR,ERR,ERR,ERR,ERR,ERR,ERR,ERR,ERR,ERR,ERR,ERR,ERR,ERR,ERR,ERR,ERR,ERR,ERR,ERR,ERR,ERR,ERR,ERR,ERR,ERR,ERR,ERR,ERR,ERR,ERR,ERR,ERR,ERR,50.0,60.0,100,0.0,0.0,0.0,0.0,0.0,0.0,0.0,0.0,0.0,0.0,0.0,0.0,0.0,0.0,0.0,0.0,62.0,65,19,65521,50,65476,0,300,0,0,8,20529,65476,0,0,26214,60.0,0.0,0.0,0.0,0.0,0.0
2026-05-17T16:04:34,ERR,ERR,ERR,ERR,ERR,ERR,ERR,ERR,ERR,ERR,ERR,ERR,ERR,ERR,ERR,ERR,ERR,ERR,ERR,ERR,ERR,ERR,ERR,ERR,ERR,ERR,ERR,ERR,ERR,ERR,ERR,ERR,ERR,ERR,ERR,ERR,ERR,ERR,ERR,ERR,ERR,ERR,ERR,ERR,ERR,ERR,ERR,ERR,ERR,ERR,ERR,ERR,ERR,ERR,ERR,ERR,ERR,ERR,ERR,ERR,ERR,ERR,ERR,ERR,ERR,ERR,ERR,ERR,ERR,ERR,ERR,ERR,ERR,ERR,ERR,ERR,ERR,ERR,ERR,ERR,ERR,ERR,ERR,ERR,ERR,ERR,ERR,ERR,ERR,ERR,ERR,ERR,ERR,ERR,ERR,ERR,ERR,ERR,ERR,ERR,ERR,ERR,ERR,ERR,ERR,ERR,ERR,ERR,ERR,ERR,ERR,ERR,ERR,ERR,ERR,ERR,ERR,ERR,ERR,ERR,ERR,ERR,ERR,ERR,ERR,0.0,-0.0,-0.0,0.0,0.0,1.3936040501711995e+18,7.805,0.0,0,0,4,0,8422,0.0,45,0.0,0.0,0.0,0.0,0.0,0,0,0,0,0.0,0,0,0,0,0,0,0,0,0,0,0,0,0,0,0,0,0,0,0,0,0,0,0,0,0,0,0,0,0,0,0,0,0,38,14,7,45,65476,0,300,0,0,8,21553,0.0,-107605600.0,0.0,0.0,0.0,0.0,0.0,0.0,0.0,0.0,0.0,0.0,0.0,0.0,0.0,0.0,0.0,0.0,0.0,0.0,0.0,0.0,-2.004,-0.0,2.004,-2.004,0.0,0.0,0.0,0.0,5006.0,-2.422987904532282e+24,0.0,0.0,-0.0,-107615272.0,2.718429120148166e+23,0.0,0.0,0.0,0.0,53,1.9056979486756045e+17,-152017280434176.0,0.0,0.0,0.0,0.0,0.0,0.0,0.0,0,0,0,0.0,0.0,0.0,0.0,0.0,0.0,0.0,0.0,0.0,0.0,0.0,0.0,0.0,0.0,0.0,0.0,0,-107875648.0,53,0.0,106,-107614832.0,0.0,ERR,ERR,ERR,ERR,ERR,ERR,ERR,ERR,ERR,ERR,ERR,ERR,ERR,ERR,ERR,ERR,ERR,ERR,ERR,ERR,ERR,ERR,ERR,ERR,ERR,ERR,ERR,ERR,ERR,ERR,ERR,ERR,ERR,ERR,ERR,ERR,ERR,ERR,ERR,ERR,ERR,ERR,ERR,ERR,ERR,ERR,ERR,ERR,ERR,ERR,ERR,ERR,ERR,ERR,ERR,ERR,ERR,ERR,ERR,ERR,ERR,ERR,ERR,ERR,ERR,ERR,ERR,50.0,60.0,100,0.0,0.0,0.0,0.0,0.0,0.0,0.0,0.0,0.0,0.0,0.0,0.0,0.0,0.0,0.0,0.0,61.6,65,19,65521,50,65476,0,300,0,0,8,20529,65476,0,0,26214,60.0,0.0,0.0,0.0,0.0,0.0
2026-05-17T16:04:35,ERR,ERR,ERR,ERR,ERR,ERR,ERR,ERR,ERR,ERR,ERR,ERR,ERR,ERR,ERR,ERR,ERR,ERR,ERR,ERR,ERR,ERR,ERR,ERR,ERR,ERR,ERR,ERR,ERR,ERR,ERR,ERR,ERR,ERR,ERR,ERR,ERR,ERR,ERR,ERR,ERR,ERR,ERR,ERR,ERR,ERR,ERR,ERR,ERR,ERR,ERR,ERR,ERR,ERR,ERR,ERR,ERR,ERR,ERR,ERR,ERR,ERR,ERR,ERR,ERR,ERR,ERR,ERR,ERR,ERR,ERR,ERR,ERR,ERR,ERR,ERR,ERR,ERR,ERR,ERR,ERR,ERR,ERR,ERR,ERR,ERR,ERR,ERR,ERR,ERR,ERR,ERR,ERR,ERR,ERR,ERR,ERR,ERR,ERR,ERR,ERR,ERR,ERR,ERR,ERR,ERR,ERR,ERR,ERR,ERR,ERR,ERR,ERR,ERR,ERR,ERR,ERR,ERR,ERR,ERR,ERR,ERR,ERR,ERR,ERR,0.0,-0.0,-0.0,0.0,0.0,1.3936040501711995e+18,7.805,0.0,0,0,4,0,8422,0.0,45,0.0,0.0,0.0,0.0,0.0,0,0,0,0,0.0,0,0,0,0,0,0,0,0,0,0,0,0,0,0,0,0,0,0,0,0,0,0,0,0,0,0,0,0,0,0,0,0,0,38,14,7,45,65476,0,300,0,0,8,21553,0.0,-107605600.0,0.0,0.0,0.0,0.0,0.0,0.0,0.0,0.0,0.0,0.0,0.0,0.0,0.0,0.0,0.0,0.0,0.0,0.0,0.0,0.0,-2.004,-0.0,2.004,-2.004,0.0,0.0,0.0,0.0,5006.0,-2.422987904532282e+24,0.0,0.0,-0.0,-107615272.0,2.718429120148166e+23,0.0,0.0,0.0,0.0,53,1.9056979486756045e+17,-152017280434176.0,0.0,0.0,0.0,0.0,0.0,0.0,0.0,0,0,0,0.0,0.0,0.0,0.0,0.0,0.0,0.0,0.0,0.0,0.0,0.0,0.0,0.0,0.0,0.0,0.0,0,-107875648.0,53,0.0,106,-107614832.0,0.0,ERR,ERR,ERR,ERR,ERR,ERR,ERR,ERR,ERR,ERR,ERR,ERR,ERR,ERR,ERR,ERR,ERR,ERR,ERR,ERR,ERR,ERR,ERR,ERR,ERR,ERR,ERR,ERR,ERR,ERR,ERR,ERR,ERR,ERR,ERR,ERR,ERR,ERR,ERR,ERR,ERR,ERR,ERR,ERR,ERR,ERR,ERR,ERR,ERR,ERR,ERR,ERR,ERR,ERR,ERR,ERR,ERR,ERR,ERR,ERR,ERR,ERR,ERR,ERR,ERR,ERR,ERR,50.0,60.0,100,0.0,0.0,0.0,0.0,0.0,0.0,0.0,0.0,0.0,0.0,0.0,0.0,0.0,0.0,0.0,0.0,61.6,65,19,65521,50,65476,0,300,0,0,8,20529,65476,0,0,26214,60.0,0.0,0.0,0.0,0.0,0.0
2026-05-17T16:04:36,ERR,ERR,ERR,ERR,ERR,ERR,ERR,ERR,ERR,ERR,ERR,ERR,ERR,ERR,ERR,ERR,ERR,ERR,ERR,ERR,ERR,ERR,ERR,ERR,ERR,ERR,ERR,ERR,ERR,ERR,ERR,ERR,ERR,ERR,ERR,ERR,ERR,ERR,ERR,ERR,ERR,ERR,ERR,ERR,ERR,ERR,ERR,ERR,ERR,ERR,ERR,ERR,ERR,ERR,ERR,ERR,ERR,ERR,ERR,ERR,ERR,ERR,ERR,ERR,ERR,ERR,ERR,ERR,ERR,ERR,ERR,ERR,ERR,ERR,ERR,ERR,ERR,ERR,ERR,ERR,ERR,ERR,ERR,ERR,ERR,ERR,ERR,ERR,ERR,ERR,ERR,ERR,ERR,ERR,ERR,ERR,ERR,ERR,ERR,ERR,ERR,ERR,ERR,ERR,ERR,ERR,ERR,ERR,ERR,ERR,ERR,ERR,ERR,ERR,ERR,ERR,ERR,ERR,ERR,ERR,ERR,ERR,ERR,ERR,ERR,0.0,-0.0,-0.0,0.0,0.0,1.3936040501711995e+18,7.805,0.0,0,0,4,0,8422,0.0,45,0.0,0.0,0.0,0.0,0.0,0,0,0,0,0.0,0,0,0,0,0,0,0,0,0,0,0,0,0,0,0,0,0,0,0,0,0,0,0,0,0,0,0,0,0,0,0,0,0,38,14,7,45,65476,0,300,0,0,8,21553,0.0,-107605600.0,0.0,0.0,0.0,0.0,0.0,0.0,0.0,0.0,0.0,0.0,0.0,0.0,0.0,0.0,0.0,0.0,0.0,0.0,0.0,0.0,-2.004,-0.0,2.004,-2.004,0.0,0.0,0.0,0.0,5035.0,0.0,0.0,0.0,-0.0,-107615272.0,2.718429120148166e+23,0.0,0.0,0.0,0.0,53,107615344.0,0.0,0.0,0.0,0.0,0.0,0.0,0.0,0.0,0,0,0,0.0,0.0,0.0,0.0,0.0,0.0,0.0,0.0,0.0,0.0,0.0,0.0,0.0,0.0,0.0,0.0,0,-107875648.0,53,0.0,106,-107614832.0,0.0,ERR,ERR,ERR,ERR,ERR,ERR,ERR,ERR,ERR,ERR,ERR,ERR,ERR,ERR,ERR,ERR,ERR,ERR,ERR,ERR,ERR,ERR,ERR,ERR,ERR,ERR,ERR,ERR,ERR,ERR,ERR,ERR,ERR,ERR,ERR,ERR,ERR,ERR,ERR,ERR,ERR,ERR,ERR,ERR,ERR,ERR,ERR,ERR,ERR,ERR,ERR,ERR,ERR,ERR,ERR,ERR,ERR,ERR,ERR,ERR,ERR,ERR,ERR,ERR,ERR,ERR,ERR,50.0,60.0,100,0.0,0.0,0.0,0.0,0.0,0.0,0.0,0.0,0.0,0.0,0.0,0.0,0.0,0.0,0.0,0.0,61.6,65,19,65521,50,65476,0,300,0,0,8,20529,65476,0,0,26214,60.0,0.0,0.0,0.0,0.0,0.0
2026-05-17T16:04:37,ERR,ERR,ERR,ERR,ERR,ERR,ERR,ERR,ERR,ERR,ERR,ERR,ERR,ERR,ERR,ERR,ERR,ERR,ERR,ERR,ERR,ERR,ERR,ERR,ERR,ERR,ERR,ERR,ERR,ERR,ERR,ERR,ERR,ERR,ERR,ERR,ERR,ERR,ERR,ERR,ERR,ERR,ERR,ERR,ERR,ERR,ERR,ERR,ERR,ERR,ERR,ERR,ERR,ERR,ERR,ERR,ERR,ERR,ERR,ERR,ERR,ERR,ERR,ERR,ERR,ERR,ERR,ERR,ERR,ERR,ERR,ERR,ERR,ERR,ERR,ERR,ERR,ERR,ERR,ERR,ERR,ERR,ERR,ERR,ERR,ERR,ERR,ERR,ERR,ERR,ERR,ERR,ERR,ERR,ERR,ERR,ERR,ERR,ERR,ERR,ERR,ERR,ERR,ERR,ERR,ERR,ERR,ERR,ERR,ERR,ERR,ERR,ERR,ERR,ERR,ERR,ERR,ERR,ERR,ERR,ERR,ERR,ERR,ERR,ERR,0.0,-0.0,-0.0,0.0,0.0,1.3936040501711995e+18,7.805,0.0,0,0,4,0,8422,0.0,45,0.0,0.0,0.0,0.0,0.0,0,0,0,0,0.0,0,0,0,0,0,0,0,0,0,0,0,0,0,0,0,0,0,0,0,0,0,0,0,0,0,0,0,0,0,0,0,0,0,38,14,7,45,65476,0,300,0,0,8,21553,0.0,-107605600.0,0.0,0.0,0.0,0.0,0.0,0.0,0.0,0.0,0.0,0.0,0.0,0.0,0.0,0.0,0.0,0.0,0.0,0.0,0.0,0.0,-2.004,-0.0,2.004,-2.004,0.0,0.0,0.0,0.0,5035.0,0.0,0.0,0.0,-0.0,-107615272.0,2.718429120148166e+23,0.0,0.0,0.0,0.0,53,107615344.0,0.0,0.0,0.0,0.0,0.0,0.0,0.0,0.0,0,0,0,0.0,0.0,0.0,0.0,0.0,0.0,0.0,0.0,0.0,0.0,0.0,0.0,0.0,0.0,0.0,0.0,0,-107875648.0,53,0.0,106,-107614832.0,0.0,ERR,ERR,ERR,ERR,ERR,ERR,ERR,ERR,ERR,ERR,ERR,ERR,ERR,ERR,ERR,ERR,ERR,ERR,ERR,ERR,ERR,ERR,ERR,ERR,ERR,ERR,ERR,ERR,ERR,ERR,ERR,ERR,ERR,ERR,ERR,ERR,ERR,ERR,ERR,ERR,ERR,ERR,ERR,ERR,ERR,ERR,ERR,ERR,ERR,ERR,ERR,ERR,ERR,ERR,ERR,ERR,ERR,ERR,ERR,ERR,ERR,ERR,ERR,ERR,ERR,ERR,ERR,50.0,60.0,100,0.0,0.0,0.0,0.0,0.0,0.0,0.0,0.0,0.0,0.0,0.0,0.0,0.0,0.0,0.0,0.0,61.6,65,19,65521,50,65476,0,300,0,0,8,20529,65476,0,0,26214,60.0,0.0,0.0,0.0,0.0,0.0
2026-05-17T16:04:38,ERR,ERR,ERR,ERR,ERR,ERR,ERR,ERR,ERR,ERR,ERR,ERR,ERR,ERR,ERR,ERR,ERR,ERR,ERR,ERR,ERR,ERR,ERR,ERR,ERR,ERR,ERR,ERR,ERR,ERR,ERR,ERR,ERR,ERR,ERR,ERR,ERR,ERR,ERR,ERR,ERR,ERR,ERR,ERR,ERR,ERR,ERR,ERR,ERR,ERR,ERR,ERR,ERR,ERR,ERR,ERR,ERR,ERR,ERR,ERR,ERR,ERR,ERR,ERR,ERR,ERR,ERR,ERR,ERR,ERR,ERR,ERR,ERR,ERR,ERR,ERR,ERR,ERR,ERR,ERR,ERR,ERR,ERR,ERR,ERR,ERR,ERR,ERR,ERR,ERR,ERR,ERR,ERR,ERR,ERR,ERR,ERR,ERR,ERR,ERR,ERR,ERR,ERR,ERR,ERR,ERR,ERR,ERR,ERR,ERR,ERR,ERR,ERR,ERR,ERR,ERR,ERR,ERR,ERR,ERR,ERR,ERR,ERR,ERR,ERR,0.0,-0.0,-0.0,0.0,0.0,1.3936040501711995e+18,7.805,0.0,0,0,4,0,8422,0.0,45,0.0,0.0,0.0,0.0,0.0,0,0,0,0,0.0,0,0,0,0,0,0,0,0,0,0,0,0,0,0,0,0,0,0,0,0,0,0,0,0,0,0,0,0,0,0,0,0,0,38,14,7,45,65476,0,300,0,0,8,21553,0.0,-107605600.0,0.0,0.0,0.0,0.0,0.0,0.0,0.0,0.0,0.0,0.0,0.0,0.0,0.0,0.0,0.0,0.0,0.0,0.0,0.0,0.0,-2.004,-0.0,2.004,-2.004,0.0,0.0,0.0,0.0,5035.0,0.0,0.0,0.0,-0.0,-107615272.0,2.718429120148166e+23,0.0,0.0,0.0,0.0,53,107615344.0,0.0,0.0,0.0,0.0,0.0,0.0,0.0,0.0,0,0,0,0.0,0.0,0.0,0.0,0.0,0.0,0.0,0.0,0.0,0.0,0.0,0.0,0.0,0.0,0.0,0.0,0,-107875648.0,53,0.0,106,-107614832.0,0.0,ERR,ERR,ERR,ERR,ERR,ERR,ERR,ERR,ERR,ERR,ERR,ERR,ERR,ERR,ERR,ERR,ERR,ERR,ERR,ERR,ERR,ERR,ERR,ERR,ERR,ERR,ERR,ERR,ERR,ERR,ERR,ERR,ERR,ERR,ERR,ERR,ERR,ERR,ERR,ERR,ERR,ERR,ERR,ERR,ERR,ERR,ERR,ERR,ERR,ERR,ERR,ERR,ERR,ERR,ERR,ERR,ERR,ERR,ERR,ERR,ERR,ERR,ERR,ERR,ERR,ERR,ERR,50.0,60.0,100,0.0,0.0,0.0,0.0,0.0,0.0,0.0,0.0,0.0,0.0,0.0,0.0,0.0,0.0,0.0,0.0,62.0,65,19,65521,50,65476,0,300,0,0,8,20529,65476,0,0,26214,60.0,0.0,0.0,0.0,0.0,0.0
2026-05-17T16:04:39,ERR,ERR,ERR,ERR,ERR,ERR,ERR,ERR,ERR,ERR,ERR,ERR,ERR,ERR,ERR,ERR,ERR,ERR,ERR,ERR,ERR,ERR,ERR,ERR,ERR,ERR,ERR,ERR,ERR,ERR,ERR,ERR,ERR,ERR,ERR,ERR,ERR,ERR,ERR,ERR,ERR,ERR,ERR,ERR,ERR,ERR,ERR,ERR,ERR,ERR,ERR,ERR,ERR,ERR,ERR,ERR,ERR,ERR,ERR,ERR,ERR,ERR,ERR,ERR,ERR,ERR,ERR,ERR,ERR,ERR,ERR,ERR,ERR,ERR,ERR,ERR,ERR,ERR,ERR,ERR,ERR,ERR,ERR,ERR,ERR,ERR,ERR,ERR,ERR,ERR,ERR,ERR,ERR,ERR,ERR,ERR,ERR,ERR,ERR,ERR,ERR,ERR,ERR,ERR,ERR,ERR,ERR,ERR,ERR,ERR,ERR,ERR,ERR,ERR,ERR,ERR,ERR,ERR,ERR,ERR,ERR,ERR,ERR,ERR,ERR,0.0,-0.0,-0.0,0.0,0.0,1.3936040501711995e+18,7.805,0.0,0,0,4,0,8422,0.0,45,0.0,0.0,0.0,0.0,0.0,0,0,0,0,0.0,0,0,0,0,0,0,0,0,0,0,0,0,0,0,0,0,0,0,0,0,0,0,0,0,0,0,0,0,0,0,0,0,0,38,14,7,45,65476,0,300,0,0,8,21553,0.0,-107605600.0,0.0,0.0,0.0,0.0,0.0,0.0,0.0,0.0,0.0,0.0,0.0,0.0,0.0,0.0,0.0,0.0,0.0,0.0,0.0,0.0,-2.004,-0.0,2.004,-2.004,0.0,0.0,0.0,0.0,5035.0,0.0,0.0,0.0,-0.0,-107615272.0,2.718429120148166e+23,0.0,0.0,0.0,0.0,53,107615344.0,0.0,0.0,0.0,0.0,0.0,0.0,0.0,0.0,0,0,0,0.0,0.0,0.0,0.0,0.0,0.0,0.0,0.0,0.0,0.0,0.0,0.0,0.0,0.0,0.0,0.0,0,-107875648.0,53,0.0,106,-107614832.0,0.0,ERR,ERR,ERR,ERR,ERR,ERR,ERR,ERR,ERR,ERR,ERR,ERR,ERR,ERR,ERR,ERR,ERR,ERR,ERR,ERR,ERR,ERR,ERR,ERR,ERR,ERR,ERR,ERR,ERR,ERR,ERR,ERR,ERR,ERR,ERR,ERR,ERR,ERR,ERR,ERR,ERR,ERR,ERR,ERR,ERR,ERR,ERR,ERR,ERR,ERR,ERR,ERR,ERR,ERR,ERR,ERR,ERR,ERR,ERR,ERR,ERR,ERR,ERR,ERR,ERR,ERR,ERR,50.0,60.0,100,0.0,0.0,0.0,0.0,0.0,0.0,0.0,0.0,0.0,0.0,0.0,0.0,0.0,0.0,0.0,0.0,62.0,65,19,65521,50,65476,0,300,0,0,8,20529,65476,0,0,26214,60.0,0.0,0.0,0.0,0.0,0.0
2026-05-17T16:04:40,ERR,ERR,ERR,ERR,ERR,ERR,ERR,ERR,ERR,ERR,ERR,ERR,ERR,ERR,ERR,ERR,ERR,ERR,ERR,ERR,ERR,ERR,ERR,ERR,ERR,ERR,ERR,ERR,ERR,ERR,ERR,ERR,ERR,ERR,ERR,ERR,ERR,ERR,ERR,ERR,ERR,ERR,ERR,ERR,ERR,ERR,ERR,ERR,ERR,ERR,ERR,ERR,ERR,ERR,ERR,ERR,ERR,ERR,ERR,ERR,ERR,ERR,ERR,ERR,ERR,ERR,ERR,ERR,ERR,ERR,ERR,ERR,ERR,ERR,ERR,ERR,ERR,ERR,ERR,ERR,ERR,ERR,ERR,ERR,ERR,ERR,ERR,ERR,ERR,ERR,ERR,ERR,ERR,ERR,ERR,ERR,ERR,ERR,ERR,ERR,ERR,ERR,ERR,ERR,ERR,ERR,ERR,ERR,ERR,ERR,ERR,ERR,ERR,ERR,ERR,ERR,ERR,ERR,ERR,ERR,ERR,ERR,ERR,ERR,ERR,0.0,-0.0,-0.0,0.0,0.0,1.3936040501711995e+18,7.805,0.0,0,0,4,0,8422,0.0,45,0.0,0.0,0.0,0.0,0.0,0,0,0,0,0.0,0,0,0,0,0,0,0,0,0,0,0,0,0,0,0,0,0,0,0,0,0,0,0,0,0,0,0,0,0,0,0,0,0,38,14,7,45,65476,0,300,0,0,8,21553,0.0,-107605600.0,0.0,0.0,0.0,0.0,0.0,0.0,0.0,0.0,0.0,0.0,0.0,0.0,0.0,0.0,0.0,0.0,0.0,0.0,0.0,0.0,-2.004,-0.0,2.004,-2.004,0.0,0.0,0.0,0.0,5035.0,0.0,0.0,0.0,-0.0,-107615272.0,2.718429120148166e+23,0.0,0.0,0.0,0.0,53,107615344.0,0.0,0.0,0.0,0.0,0.0,0.0,0.0,0.0,0,0,0,0.0,0.0,0.0,0.0,0.0,0.0,0.0,0.0,0.0,0.0,0.0,0.0,0.0,0.0,0.0,0.0,0,-107875648.0,53,0.0,106,-107614832.0,0.0,ERR,ERR,ERR,ERR,ERR,ERR,ERR,ERR,ERR,ERR,ERR,ERR,ERR,ERR,ERR,ERR,ERR,ERR,ERR,ERR,ERR,ERR,ERR,ERR,ERR,ERR,ERR,ERR,ERR,ERR,ERR,ERR,ERR,ERR,ERR,ERR,ERR,ERR,ERR,ERR,ERR,ERR,ERR,ERR,ERR,ERR,ERR,ERR,ERR,ERR,ERR,ERR,ERR,ERR,ERR,ERR,ERR,ERR,ERR,ERR,ERR,ERR,ERR,ERR,ERR,ERR,ERR,50.0,60.0,100,0.0,0.0,0.0,0.0,0.0,0.0,0.0,0.0,0.0,0.0,0.0,0.0,0.0,0.0,0.0,0.0,62.0,65,19,65521,50,65476,0,300,0,0,8,20529,65476,0,0,26214,60.0,0.0,0.0,0.0,0.0,0.0
2026-05-17T16:04:41,ERR,ERR,ERR,ERR,ERR,ERR,ERR,ERR,ERR,ERR,ERR,ERR,ERR,ERR,ERR,ERR,ERR,ERR,ERR,ERR,ERR,ERR,ERR,ERR,ERR,ERR,ERR,ERR,ERR,ERR,ERR,ERR,ERR,ERR,ERR,ERR,ERR,ERR,ERR,ERR,ERR,ERR,ERR,ERR,ERR,ERR,ERR,ERR,ERR,ERR,ERR,ERR,ERR,ERR,ERR,ERR,ERR,ERR,ERR,ERR,ERR,ERR,ERR,ERR,ERR,ERR,ERR,ERR,ERR,ERR,ERR,ERR,ERR,ERR,ERR,ERR,ERR,ERR,ERR,ERR,ERR,ERR,ERR,ERR,ERR,ERR,ERR,ERR,ERR,ERR,ERR,ERR,ERR,ERR,ERR,ERR,ERR,ERR,ERR,ERR,ERR,ERR,ERR,ERR,ERR,ERR,ERR,ERR,ERR,ERR,ERR,ERR,ERR,ERR,ERR,ERR,ERR,ERR,ERR,ERR,ERR,ERR,ERR,ERR,ERR,0.0,-0.0,-0.0,0.0,0.0,1.3936040501711995e+18,7.805,0.0,0,0,4,0,8422,0.0,45,0.0,0.0,0.0,0.0,0.0,0,0,0,0,0.0,0,0,0,0,0,0,0,0,0,0,0,0,0,0,0,0,0,0,0,0,0,0,0,0,0,0,0,0,0,0,0,0,0,38,14,7,45,65476,0,300,0,0,8,21553,0.0,-107605600.0,0.0,0.0,0.0,0.0,0.0,0.0,0.0,0.0,0.0,0.0,0.0,0.0,0.0,0.0,0.0,0.0,0.0,0.0,0.0,0.0,-2.004,-0.0,2.004,-2.004,0.0,0.0,0.0,0.0,5004.0,-2.004,0.0,0.0,-0.0,-107615272.0,2.718429120148166e+23,0.0,0.0,0.0,0.0,53,126841110528.0,-0.0,0.0,0.0,0.0,0.0,0.0,0.0,0.0,0,0,0,0.0,0.0,0.0,0.0,0.0,0.0,0.0,0.0,0.0,0.0,0.0,0.0,0.0,0.0,0.0,0.0,0,-107875648.0,53,0.0,106,-107614832.0,0.0,ERR,ERR,ERR,ERR,ERR,ERR,ERR,ERR,ERR,ERR,ERR,ERR,ERR,ERR,ERR,ERR,ERR,ERR,ERR,ERR,ERR,ERR,ERR,ERR,ERR,ERR,ERR,ERR,ERR,ERR,ERR,ERR,ERR,ERR,ERR,ERR,ERR,ERR,ERR,ERR,ERR,ERR,ERR,ERR,ERR,ERR,ERR,ERR,ERR,ERR,ERR,ERR,ERR,ERR,ERR,ERR,ERR,ERR,ERR,ERR,ERR,ERR,ERR,ERR,ERR,ERR,ERR,50.0,60.0,100,0.0,0.0,0.0,0.0,0.0,0.0,0.0,0.0,0.0,0.0,0.0,0.0,0.0,0.0,0.0,0.0,62.0,65,19,65521,50,65476,0,300,0,0,8,20529,65476,0,0,26214,60.0,0.0,0.0,0.0,0.0,0.0
2026-05-17T16:04:42,ERR,ERR,ERR,ERR,ERR,ERR,ERR,ERR,ERR,ERR,ERR,ERR,ERR,ERR,ERR,ERR,ERR,ERR,ERR,ERR,ERR,ERR,ERR,ERR,ERR,ERR,ERR,ERR,ERR,ERR,ERR,ERR,ERR,ERR,ERR,ERR,ERR,ERR,ERR,ERR,ERR,ERR,ERR,ERR,ERR,ERR,ERR,ERR,ERR,ERR,ERR,ERR,ERR,ERR,ERR,ERR,ERR,ERR,ERR,ERR,ERR,ERR,ERR,ERR,ERR,ERR,ERR,ERR,ERR,ERR,ERR,ERR,ERR,ERR,ERR,ERR,ERR,ERR,ERR,ERR,ERR,ERR,ERR,ERR,ERR,ERR,ERR,ERR,ERR,ERR,ERR,ERR,ERR,ERR,ERR,ERR,ERR,ERR,ERR,ERR,ERR,ERR,ERR,ERR,ERR,ERR,ERR,ERR,ERR,ERR,ERR,ERR,ERR,ERR,ERR,ERR,ERR,ERR,ERR,ERR,ERR,ERR,ERR,ERR,ERR,0.0,-0.0,-0.0,0.0,0.0,1.3936040501711995e+18,7.805,0.0,0,0,4,0,8422,0.0,45,0.0,0.0,0.0,0.0,0.0,0,0,0,0,0.0,0,0,0,0,0,0,0,0,0,0,0,0,0,0,0,0,0,0,0,0,0,0,0,0,0,0,0,0,0,0,0,0,0,38,14,7,45,65476,0,300,0,0,8,21553,0.0,-107605600.0,0.0,0.0,0.0,0.0,0.0,0.0,0.0,0.0,0.0,0.0,0.0,0.0,0.0,0.0,0.0,0.0,0.0,0.0,0.0,0.0,-2.004,-0.0,2.004,-2.004,0.0,0.0,0.0,0.0,5004.0,-2.004,0.0,0.0,-0.0,-107615272.0,2.718429120148166e+23,0.0,0.0,0.0,0.0,53,126841110528.0,-0.0,0.0,0.0,0.0,0.0,0.0,0.0,0.0,0,0,0,0.0,0.0,0.0,0.0,0.0,0.0,0.0,0.0,0.0,0.0,0.0,0.0,0.0,0.0,0.0,0.0,0,-107875648.0,53,0.0,106,-107614832.0,0.0,ERR,ERR,ERR,ERR,ERR,ERR,ERR,ERR,ERR,ERR,ERR,ERR,ERR,ERR,ERR,ERR,ERR,ERR,ERR,ERR,ERR,ERR,ERR,ERR,ERR,ERR,ERR,ERR,ERR,ERR,ERR,ERR,ERR,ERR,ERR,ERR,ERR,ERR,ERR,ERR,ERR,ERR,ERR,ERR,ERR,ERR,ERR,ERR,ERR,ERR,ERR,ERR,ERR,ERR,ERR,ERR,ERR,ERR,ERR,ERR,ERR,ERR,ERR,ERR,ERR,ERR,ERR,50.0,60.0,100,0.0,0.0,0.0,0.0,0.0,0.0,0.0,0.0,0.0,0.0,0.0,0.0,0.0,0.0,0.0,0.0,62.0,65,19,65521,50,65476,0,300,0,0,8,20529,65476,0,0,26214,60.0,0.0,0.0,0.0,0.0,0.0
2026-05-17T16:04:43,ERR,ERR,ERR,ERR,ERR,ERR,ERR,ERR,ERR,ERR,ERR,ERR,ERR,ERR,ERR,ERR,ERR,ERR,ERR,ERR,ERR,ERR,ERR,ERR,ERR,ERR,ERR,ERR,ERR,ERR,ERR,ERR,ERR,ERR,ERR,ERR,ERR,ERR,ERR,ERR,ERR,ERR,ERR,ERR,ERR,ERR,ERR,ERR,ERR,ERR,ERR,ERR,ERR,ERR,ERR,ERR,ERR,ERR,ERR,ERR,ERR,ERR,ERR,ERR,ERR,ERR,ERR,ERR,ERR,ERR,ERR,ERR,ERR,ERR,ERR,ERR,ERR,ERR,ERR,ERR,ERR,ERR,ERR,ERR,ERR,ERR,ERR,ERR,ERR,ERR,ERR,ERR,ERR,ERR,ERR,ERR,ERR,ERR,ERR,ERR,ERR,ERR,ERR,ERR,ERR,ERR,ERR,ERR,ERR,ERR,ERR,ERR,ERR,ERR,ERR,ERR,ERR,ERR,ERR,ERR,ERR,ERR,ERR,ERR,ERR,0.0,-0.0,-0.0,0.0,0.0,1.3936040501711995e+18,7.805,0.0,0,0,4,0,8422,0.0,45,0.0,0.0,0.0,0.0,0.0,0,0,0,0,0.0,0,0,0,0,0,0,0,0,0,0,0,0,0,0,0,0,0,0,0,0,0,0,0,0,0,0,0,0,0,0,0,0,0,38,14,7,45,65476,0,300,0,0,8,21553,0.0,-107605600.0,0.0,0.0,0.0,0.0,0.0,0.0,0.0,0.0,0.0,0.0,0.0,0.0,0.0,0.0,0.0,0.0,0.0,0.0,0.0,0.0,-2.004,-0.0,2.004,-2.004,0.0,0.0,0.0,0.0,5004.0,-2.004,0.0,0.0,-0.0,-107615272.0,2.718429120148166e+23,0.0,0.0,0.0,0.0,53,126841110528.0,-0.0,0.0,0.0,0.0,0.0,0.0,0.0,0.0,0,0,0,0.0,0.0,0.0,0.0,0.0,0.0,0.0,0.0,0.0,0.0,0.0,0.0,0.0,0.0,0.0,0.0,0,-107875648.0,53,0.0,106,-107614832.0,0.0,ERR,ERR,ERR,ERR,ERR,ERR,ERR,ERR,ERR,ERR,ERR,ERR,ERR,ERR,ERR,ERR,ERR,ERR,ERR,ERR,ERR,ERR,ERR,ERR,ERR,ERR,ERR,ERR,ERR,ERR,ERR,ERR,ERR,ERR,ERR,ERR,ERR,ERR,ERR,ERR,ERR,ERR,ERR,ERR,ERR,ERR,ERR,ERR,ERR,ERR,ERR,ERR,ERR,ERR,ERR,ERR,ERR,ERR,ERR,ERR,ERR,ERR,ERR,ERR,ERR,ERR,ERR,50.0,60.0,100,0.0,0.0,0.0,0.0,0.0,0.0,0.0,0.0,0.0,0.0,0.0,0.0,0.0,0.0,0.0,0.0,61.6,65,19,65521,50,65476,0,300,0,0,8,20529,65476,0,0,26214,60.0,0.0,0.0,0.0,0.0,0.0
2026-05-17T16:04:44,ERR,ERR,ERR,ERR,ERR,ERR,ERR,ERR,ERR,ERR,ERR,ERR,ERR,ERR,ERR,ERR,ERR,ERR,ERR,ERR,ERR,ERR,ERR,ERR,ERR,ERR,ERR,ERR,ERR,ERR,ERR,ERR,ERR,ERR,ERR,ERR,ERR,ERR,ERR,ERR,ERR,ERR,ERR,ERR,ERR,ERR,ERR,ERR,ERR,ERR,ERR,ERR,ERR,ERR,ERR,ERR,ERR,ERR,ERR,ERR,ERR,ERR,ERR,ERR,ERR,ERR,ERR,ERR,ERR,ERR,ERR,ERR,ERR,ERR,ERR,ERR,ERR,ERR,ERR,ERR,ERR,ERR,ERR,ERR,ERR,ERR,ERR,ERR,ERR,ERR,ERR,ERR,ERR,ERR,ERR,ERR,ERR,ERR,ERR,ERR,ERR,ERR,ERR,ERR,ERR,ERR,ERR,ERR,ERR,ERR,ERR,ERR,ERR,ERR,ERR,ERR,ERR,ERR,ERR,ERR,ERR,ERR,ERR,ERR,ERR,0.0,-0.0,-0.0,0.0,0.0,1.3936040501711995e+18,7.805,0.0,0,0,4,0,8422,0.0,45,0.0,0.0,0.0,0.0,0.0,0,0,0,0,0.0,0,0,0,0,0,0,0,0,0,0,0,0,0,0,0,0,0,0,0,0,0,0,0,0,0,0,0,0,0,0,0,0,0,38,14,7,45,65476,0,300,0,0,8,21553,0.0,-107605600.0,0.0,0.0,0.0,0.0,0.0,0.0,0.0,0.0,0.0,0.0,0.0,0.0,0.0,0.0,0.0,0.0,0.0,0.0,0.0,0.0,-2.004,-0.0,2.004,-2.004,0.0,0.0,0.0,0.0,5004.0,-2.004,0.0,0.0,-0.0,-107615272.0,2.718429120148166e+23,0.0,0.0,0.0,0.0,53,126841110528.0,-0.0,0.0,0.0,0.0,0.0,0.0,0.0,0.0,0,0,0,0.0,0.0,0.0,0.0,0.0,0.0,0.0,0.0,0.0,0.0,0.0,0.0,0.0,0.0,0.0,0.0,0,-107875648.0,53,0.0,106,-107614832.0,0.0,ERR,ERR,ERR,ERR,ERR,ERR,ERR,ERR,ERR,ERR,ERR,ERR,ERR,ERR,ERR,ERR,ERR,ERR,ERR,ERR,ERR,ERR,ERR,ERR,ERR,ERR,ERR,ERR,ERR,ERR,ERR,ERR,ERR,ERR,ERR,ERR,ERR,ERR,ERR,ERR,ERR,ERR,ERR,ERR,ERR,ERR,ERR,ERR,ERR,ERR,ERR,ERR,ERR,ERR,ERR,ERR,ERR,ERR,ERR,ERR,ERR,ERR,ERR,ERR,ERR,ERR,ERR,50.0,60.0,100,0.0,0.0,0.0,0.0,0.0,0.0,0.0,0.0,0.0,0.0,0.0,0.0,0.0,0.0,0.0,0.0,61.6,65,19,65521,50,65476,0,300,0,0,8,20529,65476,0,0,26214,60.0,0.0,0.0,0.0,0.0,0.0
2026-05-17T16:04:45,ERR,ERR,ERR,ERR,ERR,ERR,ERR,ERR,ERR,ERR,ERR,ERR,ERR,ERR,ERR,ERR,ERR,ERR,ERR,ERR,ERR,ERR,ERR,ERR,ERR,ERR,ERR,ERR,ERR,ERR,ERR,ERR,ERR,ERR,ERR,ERR,ERR,ERR,ERR,ERR,ERR,ERR,ERR,ERR,ERR,ERR,ERR,ERR,ERR,ERR,ERR,ERR,ERR,ERR,ERR,ERR,ERR,ERR,ERR,ERR,ERR,ERR,ERR,ERR,ERR,ERR,ERR,ERR,ERR,ERR,ERR,ERR,ERR,ERR,ERR,ERR,ERR,ERR,ERR,ERR,ERR,ERR,ERR,ERR,ERR,ERR,ERR,ERR,ERR,ERR,ERR,ERR,ERR,ERR,ERR,ERR,ERR,ERR,ERR,ERR,ERR,ERR,ERR,ERR,ERR,ERR,ERR,ERR,ERR,ERR,ERR,ERR,ERR,ERR,ERR,ERR,ERR,ERR,ERR,ERR,ERR,ERR,ERR,ERR,ERR,0.0,-0.0,-0.0,0.0,0.0,1.3936040501711995e+18,7.805,0.0,0,0,4,0,8422,0.0,45,0.0,0.0,0.0,0.0,0.0,0,0,0,0,0.0,0,0,0,0,0,0,0,0,0,0,0,0,0,0,0,0,0,0,0,0,0,0,0,0,0,0,0,0,0,0,0,0,0,38,14,7,45,65476,0,300,0,0,8,21553,0.0,-107605600.0,0.0,0.0,0.0,0.0,0.0,0.0,0.0,0.0,0.0,0.0,0.0,0.0,0.0,0.0,0.0,0.0,0.0,0.0,0.0,0.0,-2.004,-0.0,2.004,-2.004,0.0,0.0,0.0,0.0,5004.0,-2.004,0.0,0.0,-0.0,-107615272.0,2.718429120148166e+23,0.0,0.0,0.0,0.0,53,126841110528.0,-0.0,0.0,0.0,0.0,0.0,0.0,0.0,0.0,0,0,0,0.0,0.0,0.0,0.0,0.0,0.0,0.0,0.0,0.0,0.0,0.0,0.0,0.0,0.0,0.0,0.0,0,-107875648.0,53,0.0,106,-107614832.0,0.0,ERR,ERR,ERR,ERR,ERR,ERR,ERR,ERR,ERR,ERR,ERR,ERR,ERR,ERR,ERR,ERR,ERR,ERR,ERR,ERR,ERR,ERR,ERR,ERR,ERR,ERR,ERR,ERR,ERR,ERR,ERR,ERR,ERR,ERR,ERR,ERR,ERR,ERR,ERR,ERR,ERR,ERR,ERR,ERR,ERR,ERR,ERR,ERR,ERR,ERR,ERR,ERR,ERR,ERR,ERR,ERR,ERR,ERR,ERR,ERR,ERR,ERR,ERR,ERR,ERR,ERR,ERR,50.0,60.0,100,0.0,0.0,0.0,0.0,0.0,0.0,0.0,0.0,0.0,0.0,0.0,0.0,0.0,0.0,0.0,0.0,61.6,65,19,65521,50,65476,0,300,0,0,8,20529,65476,0,0,26214,60.0,0.0,0.0,0.0,0.0,0.0
2026-05-17T16:04:46,ERR,ERR,ERR,ERR,ERR,ERR,ERR,ERR,ERR,ERR,ERR,ERR,ERR,ERR,ERR,ERR,ERR,ERR,ERR,ERR,ERR,ERR,ERR,ERR,ERR,ERR,ERR,ERR,ERR,ERR,ERR,ERR,ERR,ERR,ERR,ERR,ERR,ERR,ERR,ERR,ERR,ERR,ERR,ERR,ERR,ERR,ERR,ERR,ERR,ERR,ERR,ERR,ERR,ERR,ERR,ERR,ERR,ERR,ERR,ERR,ERR,ERR,ERR,ERR,ERR,ERR,ERR,ERR,ERR,ERR,ERR,ERR,ERR,ERR,ERR,ERR,ERR,ERR,ERR,ERR,ERR,ERR,ERR,ERR,ERR,ERR,ERR,ERR,ERR,ERR,ERR,ERR,ERR,ERR,ERR,ERR,ERR,ERR,ERR,ERR,ERR,ERR,ERR,ERR,ERR,ERR,ERR,ERR,ERR,ERR,ERR,ERR,ERR,ERR,ERR,ERR,ERR,ERR,ERR,ERR,ERR,ERR,ERR,ERR,ERR,0.0,-0.0,-0.0,0.0,0.0,1.3936040501711995e+18,7.805,0.0,0,0,4,0,8422,0.0,45,0.0,0.0,0.0,0.0,0.0,0,0,0,0,0.0,0,0,0,0,0,0,0,0,0,0,0,0,0,0,0,0,0,0,0,0,0,0,0,0,0,0,0,0,0,0,0,0,0,38,14,7,45,65476,0,300,0,0,8,21553,0.0,-107605600.0,0.0,0.0,0.0,0.0,0.0,0.0,0.0,0.0,0.0,0.0,0.0,0.0,0.0,0.0,0.0,0.0,0.0,0.0,0.0,0.0,-2.004,-0.0,2.004,-2.004,0.0,0.0,0.0,0.0,5039.0,0.0,0.0,0.0,-0.0,-107615272.0,2.718429120148166e+23,0.0,0.0,0.0,0.0,53,2.3088403658719416e+20,0.0,0.0,0.0,0.0,0.0,0.0,0.0,0.0,0,0,0,0.0,0.0,0.0,0.0,0.0,0.0,0.0,0.0,0.0,0.0,0.0,0.0,0.0,0.0,0.0,0.0,0,-107875648.0,53,0.0,106,-107614832.0,0.0,ERR,ERR,ERR,ERR,ERR,ERR,ERR,ERR,ERR,ERR,ERR,ERR,ERR,ERR,ERR,ERR,ERR,ERR,ERR,ERR,ERR,ERR,ERR,ERR,ERR,ERR,ERR,ERR,ERR,ERR,ERR,ERR,ERR,ERR,ERR,ERR,ERR,ERR,ERR,ERR,ERR,ERR,ERR,ERR,ERR,ERR,ERR,ERR,ERR,ERR,ERR,ERR,ERR,ERR,ERR,ERR,ERR,ERR,ERR,ERR,ERR,ERR,ERR,ERR,ERR,ERR,ERR,50.0,60.0,100,0.0,0.0,0.0,0.0,0.0,0.0,0.0,0.0,0.0,0.0,0.0,0.0,0.0,0.0,0.0,0.0,61.6,65,19,65521,50,65476,0,300,0,0,8,20529,65476,0,0,26214,60.0,0.0,0.0,0.0,0.0,0.0
2026-05-17T16:04:47,ERR,ERR,ERR,ERR,ERR,ERR,ERR,ERR,ERR,ERR,ERR,ERR,ERR,ERR,ERR,ERR,ERR,ERR,ERR,ERR,ERR,ERR,ERR,ERR,ERR,ERR,ERR,ERR,ERR,ERR,ERR,ERR,ERR,ERR,ERR,ERR,ERR,ERR,ERR,ERR,ERR,ERR,ERR,ERR,ERR,ERR,ERR,ERR,ERR,ERR,ERR,ERR,ERR,ERR,ERR,ERR,ERR,ERR,ERR,ERR,ERR,ERR,ERR,ERR,ERR,ERR,ERR,ERR,ERR,ERR,ERR,ERR,ERR,ERR,ERR,ERR,ERR,ERR,ERR,ERR,ERR,ERR,ERR,ERR,ERR,ERR,ERR,ERR,ERR,ERR,ERR,ERR,ERR,ERR,ERR,ERR,ERR,ERR,ERR,ERR,ERR,ERR,ERR,ERR,ERR,ERR,ERR,ERR,ERR,ERR,ERR,ERR,ERR,ERR,ERR,ERR,ERR,ERR,ERR,ERR,ERR,ERR,ERR,ERR,ERR,0.0,-0.0,-0.0,0.0,0.0,1.3936040501711995e+18,7.805,0.0,0,0,4,0,8422,0.0,45,0.0,0.0,0.0,0.0,0.0,0,0,0,0,0.0,0,0,0,0,0,0,0,0,0,0,0,0,0,0,0,0,0,0,0,0,0,0,0,0,0,0,0,0,0,0,0,0,0,38,14,7,45,65476,0,300,0,0,8,21553,0.0,-107605600.0,0.0,0.0,0.0,0.0,0.0,0.0,0.0,0.0,0.0,0.0,0.0,0.0,0.0,0.0,0.0,0.0,0.0,0.0,0.0,0.0,-2.004,-0.0,2.004,-2.004,0.0,0.0,0.0,0.0,5039.0,0.0,0.0,0.0,-0.0,-107615272.0,2.718429120148166e+23,0.0,0.0,0.0,0.0,53,2.3088403658719416e+20,0.0,0.0,0.0,0.0,0.0,0.0,0.0,0.0,0,0,0,0.0,0.0,0.0,0.0,0.0,0.0,0.0,0.0,0.0,0.0,0.0,0.0,0.0,0.0,0.0,0.0,0,-107875648.0,53,0.0,106,-107614832.0,0.0,ERR,ERR,ERR,ERR,ERR,ERR,ERR,ERR,ERR,ERR,ERR,ERR,ERR,ERR,ERR,ERR,ERR,ERR,ERR,ERR,ERR,ERR,ERR,ERR,ERR,ERR,ERR,ERR,ERR,ERR,ERR,ERR,ERR,ERR,ERR,ERR,ERR,ERR,ERR,ERR,ERR,ERR,ERR,ERR,ERR,ERR,ERR,ERR,ERR,ERR,ERR,ERR,ERR,ERR,ERR,ERR,ERR,ERR,ERR,ERR,ERR,ERR,ERR,ERR,ERR,ERR,ERR,50.0,60.0,100,0.0,0.0,0.0,0.0,0.0,0.0,0.0,0.0,0.0,0.0,0.0,0.0,0.0,0.0,0.0,0.0,61.6,65,19,65521,50,65476,0,300,0,0,8,20529,65476,0,0,26214,60.0,0.0,0.0,0.0,0.0,0.0
2026-05-17T16:04:48,ERR,ERR,ERR,ERR,ERR,ERR,ERR,ERR,ERR,ERR,ERR,ERR,ERR,ERR,ERR,ERR,ERR,ERR,ERR,ERR,ERR,ERR,ERR,ERR,ERR,ERR,ERR,ERR,ERR,ERR,ERR,ERR,ERR,ERR,ERR,ERR,ERR,ERR,ERR,ERR,ERR,ERR,ERR,ERR,ERR,ERR,ERR,ERR,ERR,ERR,ERR,ERR,ERR,ERR,ERR,ERR,ERR,ERR,ERR,ERR,ERR,ERR,ERR,ERR,ERR,ERR,ERR,ERR,ERR,ERR,ERR,ERR,ERR,ERR,ERR,ERR,ERR,ERR,ERR,ERR,ERR,ERR,ERR,ERR,ERR,ERR,ERR,ERR,ERR,ERR,ERR,ERR,ERR,ERR,ERR,ERR,ERR,ERR,ERR,ERR,ERR,ERR,ERR,ERR,ERR,ERR,ERR,ERR,ERR,ERR,ERR,ERR,ERR,ERR,ERR,ERR,ERR,ERR,ERR,ERR,ERR,ERR,ERR,ERR,ERR,0.0,-0.0,-0.0,0.0,0.0,1.3936040501711995e+18,7.805,0.0,0,0,4,0,8422,0.0,45,0.0,0.0,0.0,0.0,0.0,0,0,0,0,0.0,0,0,0,0,0,0,0,0,0,0,0,0,0,0,0,0,0,0,0,0,0,0,0,0,0,0,0,0,0,0,0,0,0,38,14,7,45,65476,0,300,0,0,8,21553,0.0,-107605600.0,0.0,0.0,0.0,0.0,0.0,0.0,0.0,0.0,0.0,0.0,0.0,0.0,0.0,0.0,0.0,0.0,0.0,0.0,0.0,0.0,-2.004,-0.0,2.004,-2.004,0.0,0.0,0.0,0.0,5039.0,0.0,0.0,0.0,-0.0,-107615272.0,2.718429120148166e+23,0.0,0.0,0.0,0.0,53,2.3088403658719416e+20,0.0,0.0,0.0,0.0,0.0,0.0,0.0,0.0,0,0,0,0.0,0.0,0.0,0.0,0.0,0.0,0.0,0.0,0.0,0.0,0.0,0.0,0.0,0.0,0.0,0.0,0,-107875648.0,53,0.0,106,-107614832.0,0.0,ERR,ERR,ERR,ERR,ERR,ERR,ERR,ERR,ERR,ERR,ERR,ERR,ERR,ERR,ERR,ERR,ERR,ERR,ERR,ERR,ERR,ERR,ERR,ERR,ERR,ERR,ERR,ERR,ERR,ERR,ERR,ERR,ERR,ERR,ERR,ERR,ERR,ERR,ERR,ERR,ERR,ERR,ERR,ERR,ERR,ERR,ERR,ERR,ERR,ERR,ERR,ERR,ERR,ERR,ERR,ERR,ERR,ERR,ERR,ERR,ERR,ERR,ERR,ERR,ERR,ERR,ERR,50.0,60.0,100,0.0,0.0,0.0,0.0,0.0,0.0,0.0,0.0,0.0,0.0,0.0,0.0,0.0,0.0,0.0,0.0,61.6,65,19,65521,50,65476,0,300,0,0,8,20529,65476,0,0,26214,60.0,0.0,0.0,0.0,0.0,0.0
2026-05-17T16:04:49,ERR,ERR,ERR,ERR,ERR,ERR,ERR,ERR,ERR,ERR,ERR,ERR,ERR,ERR,ERR,ERR,ERR,ERR,ERR,ERR,ERR,ERR,ERR,ERR,ERR,ERR,ERR,ERR,ERR,ERR,ERR,ERR,ERR,ERR,ERR,ERR,ERR,ERR,ERR,ERR,ERR,ERR,ERR,ERR,ERR,ERR,ERR,ERR,ERR,ERR,ERR,ERR,ERR,ERR,ERR,ERR,ERR,ERR,ERR,ERR,ERR,ERR,ERR,ERR,ERR,ERR,ERR,ERR,ERR,ERR,ERR,ERR,ERR,ERR,ERR,ERR,ERR,ERR,ERR,ERR,ERR,ERR,ERR,ERR,ERR,ERR,ERR,ERR,ERR,ERR,ERR,ERR,ERR,ERR,ERR,ERR,ERR,ERR,ERR,ERR,ERR,ERR,ERR,ERR,ERR,ERR,ERR,ERR,ERR,ERR,ERR,ERR,ERR,ERR,ERR,ERR,ERR,ERR,ERR,ERR,ERR,ERR,ERR,ERR,ERR,0.0,-0.0,-0.0,0.0,0.0,1.3936040501711995e+18,7.805,0.0,0,0,4,0,8422,0.0,45,0.0,0.0,0.0,0.0,0.0,0,0,0,0,0.0,0,0,0,0,0,0,0,0,0,0,0,0,0,0,0,0,0,0,0,0,0,0,0,0,0,0,0,0,0,0,0,0,0,38,14,7,45,65476,0,300,0,0,8,21553,0.0,-107605600.0,0.0,0.0,0.0,0.0,0.0,0.0,0.0,0.0,0.0,0.0,0.0,0.0,0.0,0.0,0.0,0.0,0.0,0.0,0.0,0.0,-2.004,-0.0,2.004,-2.004,0.0,0.0,0.0,0.0,5039.0,0.0,0.0,0.0,-0.0,-107615272.0,2.718429120148166e+23,0.0,0.0,0.0,0.0,53,2.3088403658719416e+20,0.0,0.0,0.0,0.0,0.0,0.0,0.0,0.0,0,0,0,0.0,0.0,0.0,0.0,0.0,0.0,0.0,0.0,0.0,0.0,0.0,0.0,0.0,0.0,0.0,0.0,0,-107875648.0,53,0.0,106,-107614832.0,0.0,ERR,ERR,ERR,ERR,ERR,ERR,ERR,ERR,ERR,ERR,ERR,ERR,ERR,ERR,ERR,ERR,ERR,ERR,ERR,ERR,ERR,ERR,ERR,ERR,ERR,ERR,ERR,ERR,ERR,ERR,ERR,ERR,ERR,ERR,ERR,ERR,ERR,ERR,ERR,ERR,ERR,ERR,ERR,ERR,ERR,ERR,ERR,ERR,ERR,ERR,ERR,ERR,ERR,ERR,ERR,ERR,ERR,ERR,ERR,ERR,ERR,ERR,ERR,ERR,ERR,ERR,ERR,50.0,60.0,100,0.0,0.0,0.0,0.0,0.0,0.0,0.0,0.0,0.0,0.0,0.0,0.0,0.0,0.0,0.0,0.0,61.6,65,19,65521,50,65476,0,300,0,0,8,20529,65476,0,0,26214,60.0,0.0,0.0,0.0,0.0,0.0
2026-05-17T16:04:50,ERR,ERR,ERR,ERR,ERR,ERR,ERR,ERR,ERR,ERR,ERR,ERR,ERR,ERR,ERR,ERR,ERR,ERR,ERR,ERR,ERR,ERR,ERR,ERR,ERR,ERR,ERR,ERR,ERR,ERR,ERR,ERR,ERR,ERR,ERR,ERR,ERR,ERR,ERR,ERR,ERR,ERR,ERR,ERR,ERR,ERR,ERR,ERR,ERR,ERR,ERR,ERR,ERR,ERR,ERR,ERR,ERR,ERR,ERR,ERR,ERR,ERR,ERR,ERR,ERR,ERR,ERR,ERR,ERR,ERR,ERR,ERR,ERR,ERR,ERR,ERR,ERR,ERR,ERR,ERR,ERR,ERR,ERR,ERR,ERR,ERR,ERR,ERR,ERR,ERR,ERR,ERR,ERR,ERR,ERR,ERR,ERR,ERR,ERR,ERR,ERR,ERR,ERR,ERR,ERR,ERR,ERR,ERR,ERR,ERR,ERR,ERR,ERR,ERR,ERR,ERR,ERR,ERR,ERR,ERR,ERR,ERR,ERR,ERR,ERR,0.0,-0.0,-0.0,0.0,0.0,1.3936040501711995e+18,7.805,0.0,0,0,4,0,8422,0.0,45,0.0,0.0,0.0,0.0,0.0,0,0,0,0,0.0,0,0,0,0,0,0,0,0,0,0,0,0,0,0,0,0,0,0,0,0,0,0,0,0,0,0,0,0,0,0,0,0,0,38,14,7,45,65476,0,300,0,0,8,21553,0.0,-107605600.0,0.0,0.0,0.0,0.0,0.0,0.0,0.0,0.0,0.0,0.0,0.0,0.0,0.0,0.0,0.0,0.0,0.0,0.0,0.0,0.0,-2.004,-0.0,2.004,-2.004,0.0,0.0,0.0,0.0,5039.0,0.0,0.0,0.0,-0.0,-107615272.0,2.718429120148166e+23,0.0,0.0,0.0,0.0,53,2.3088403658719416e+20,0.0,0.0,0.0,0.0,0.0,0.0,0.0,0.0,0,0,0,0.0,0.0,0.0,0.0,0.0,0.0,0.0,0.0,0.0,0.0,0.0,0.0,0.0,0.0,0.0,0.0,0,-107875648.0,53,0.0,106,-107614832.0,0.0,ERR,ERR,ERR,ERR,ERR,ERR,ERR,ERR,ERR,ERR,ERR,ERR,ERR,ERR,ERR,ERR,ERR,ERR,ERR,ERR,ERR,ERR,ERR,ERR,ERR,ERR,ERR,ERR,ERR,ERR,ERR,ERR,ERR,ERR,ERR,ERR,ERR,ERR,ERR,ERR,ERR,ERR,ERR,ERR,ERR,ERR,ERR,ERR,ERR,ERR,ERR,ERR,ERR,ERR,ERR,ERR,ERR,ERR,ERR,ERR,ERR,ERR,ERR,ERR,ERR,ERR,ERR,50.0,60.0,100,0.0,0.0,0.0,0.0,0.0,0.0,0.0,0.0,0.0,0.0,0.0,0.0,0.0,0.0,0.0,0.0,61.6,65,19,65521,50,65476,0,300,0,0,8,20529,65476,0,0,26214,60.0,0.0,0.0,0.0,0.0,0.0
2026-05-17T16:04:51,ERR,ERR,ERR,ERR,ERR,ERR,ERR,ERR,ERR,ERR,ERR,ERR,ERR,ERR,ERR,ERR,ERR,ERR,ERR,ERR,ERR,ERR,ERR,ERR,ERR,ERR,ERR,ERR,ERR,ERR,ERR,ERR,ERR,ERR,ERR,ERR,ERR,ERR,ERR,ERR,ERR,ERR,ERR,ERR,ERR,ERR,ERR,ERR,ERR,ERR,ERR,ERR,ERR,ERR,ERR,ERR,ERR,ERR,ERR,ERR,ERR,ERR,ERR,ERR,ERR,ERR,ERR,ERR,ERR,ERR,ERR,ERR,ERR,ERR,ERR,ERR,ERR,ERR,ERR,ERR,ERR,ERR,ERR,ERR,ERR,ERR,ERR,ERR,ERR,ERR,ERR,ERR,ERR,ERR,ERR,ERR,ERR,ERR,ERR,ERR,ERR,ERR,ERR,ERR,ERR,ERR,ERR,ERR,ERR,ERR,ERR,ERR,ERR,ERR,ERR,ERR,ERR,ERR,ERR,ERR,ERR,ERR,ERR,ERR,ERR,0.0,-0.0,-0.0,0.0,0.0,1.3936040501711995e+18,7.805,0.0,0,0,4,0,8422,0.0,45,0.0,0.0,0.0,0.0,0.0,0,0,0,0,0.0,0,0,0,0,0,0,0,0,0,0,0,0,0,0,0,0,0,0,0,0,0,0,0,0,0,0,0,0,0,0,0,0,0,38,14,7,45,65476,0,300,0,0,8,21553,0.0,-107605600.0,0.0,0.0,0.0,0.0,0.0,0.0,0.0,0.0,0.0,0.0,0.0,0.0,0.0,0.0,0.0,0.0,0.0,0.0,0.0,0.0,-2.004,-0.0,2.004,-2.004,0.0,0.0,0.0,0.0,5040.0,0.0,0.0,0.0,-0.0,-107615272.0,2.718429120148166e+23,0.0,0.0,0.0,0.0,53,2.7184300208680915e+23,0.0,0.0,0.0,0.0,0.0,0.0,0.0,0.0,0,0,0,0.0,0.0,0.0,0.0,0.0,0.0,0.0,0.0,0.0,0.0,0.0,0.0,0.0,0.0,0.0,0.0,0,-107875648.0,53,0.0,106,-107614832.0,0.0,ERR,ERR,ERR,ERR,ERR,ERR,ERR,ERR,ERR,ERR,ERR,ERR,ERR,ERR,ERR,ERR,ERR,ERR,ERR,ERR,ERR,ERR,ERR,ERR,ERR,ERR,ERR,ERR,ERR,ERR,ERR,ERR,ERR,ERR,ERR,ERR,ERR,ERR,ERR,ERR,ERR,ERR,ERR,ERR,ERR,ERR,ERR,ERR,ERR,ERR,ERR,ERR,ERR,ERR,ERR,ERR,ERR,ERR,ERR,ERR,ERR,ERR,ERR,ERR,ERR,ERR,ERR,50.0,60.0,100,0.0,0.0,0.0,0.0,0.0,0.0,0.0,0.0,0.0,0.0,0.0,0.0,0.0,0.0,0.0,0.0,61.6,65,19,65521,50,65476,0,300,0,0,8,20529,65476,0,0,26214,60.0,0.0,0.0,0.0,0.0,0.0
2026-05-17T16:04:52,ERR,ERR,ERR,ERR,ERR,ERR,ERR,ERR,ERR,ERR,ERR,ERR,ERR,ERR,ERR,ERR,ERR,ERR,ERR,ERR,ERR,ERR,ERR,ERR,ERR,ERR,ERR,ERR,ERR,ERR,ERR,ERR,ERR,ERR,ERR,ERR,ERR,ERR,ERR,ERR,ERR,ERR,ERR,ERR,ERR,ERR,ERR,ERR,ERR,ERR,ERR,ERR,ERR,ERR,ERR,ERR,ERR,ERR,ERR,ERR,ERR,ERR,ERR,ERR,ERR,ERR,ERR,ERR,ERR,ERR,ERR,ERR,ERR,ERR,ERR,ERR,ERR,ERR,ERR,ERR,ERR,ERR,ERR,ERR,ERR,ERR,ERR,ERR,ERR,ERR,ERR,ERR,ERR,ERR,ERR,ERR,ERR,ERR,ERR,ERR,ERR,ERR,ERR,ERR,ERR,ERR,ERR,ERR,ERR,ERR,ERR,ERR,ERR,ERR,ERR,ERR,ERR,ERR,ERR,ERR,ERR,ERR,ERR,ERR,ERR,0.0,-0.0,-0.0,0.0,0.0,1.3936040501711995e+18,7.805,0.0,0,0,4,0,8422,0.0,45,0.0,0.0,0.0,0.0,0.0,0,0,0,0,0.0,0,0,0,0,0,0,0,0,0,0,0,0,0,0,0,0,0,0,0,0,0,0,0,0,0,0,0,0,0,0,0,0,0,38,14,7,45,65476,0,300,0,0,8,21553,0.0,-107605600.0,0.0,0.0,0.0,0.0,0.0,0.0,0.0,0.0,0.0,0.0,0.0,0.0,0.0,0.0,0.0,0.0,0.0,0.0,0.0,0.0,-2.004,-0.0,2.004,-2.004,0.0,0.0,0.0,0.0,5040.0,0.0,0.0,0.0,-0.0,-107615272.0,2.718429120148166e+23,0.0,0.0,0.0,0.0,53,2.7184300208680915e+23,0.0,0.0,0.0,0.0,0.0,0.0,0.0,0.0,0,0,0,0.0,0.0,0.0,0.0,0.0,0.0,0.0,0.0,0.0,0.0,0.0,0.0,0.0,0.0,0.0,0.0,0,-107875648.0,53,0.0,106,-107614832.0,0.0,ERR,ERR,ERR,ERR,ERR,ERR,ERR,ERR,ERR,ERR,ERR,ERR,ERR,ERR,ERR,ERR,ERR,ERR,ERR,ERR,ERR,ERR,ERR,ERR,ERR,ERR,ERR,ERR,ERR,ERR,ERR,ERR,ERR,ERR,ERR,ERR,ERR,ERR,ERR,ERR,ERR,ERR,ERR,ERR,ERR,ERR,ERR,ERR,ERR,ERR,ERR,ERR,ERR,ERR,ERR,ERR,ERR,ERR,ERR,ERR,ERR,ERR,ERR,ERR,ERR,ERR,ERR,50.0,60.0,100,0.0,0.0,0.0,0.0,0.0,0.0,0.0,0.0,0.0,0.0,0.0,0.0,0.0,0.0,0.0,0.0,61.6,65,19,65521,50,65476,0,300,0,0,8,20529,65476,0,0,26214,60.0,0.0,0.0,0.0,0.0,0.0
2026-05-17T16:04:53,ERR,ERR,ERR,ERR,ERR,ERR,ERR,ERR,ERR,ERR,ERR,ERR,ERR,ERR,ERR,ERR,ERR,ERR,ERR,ERR,ERR,ERR,ERR,ERR,ERR,ERR,ERR,ERR,ERR,ERR,ERR,ERR,ERR,ERR,ERR,ERR,ERR,ERR,ERR,ERR,ERR,ERR,ERR,ERR,ERR,ERR,ERR,ERR,ERR,ERR,ERR,ERR,ERR,ERR,ERR,ERR,ERR,ERR,ERR,ERR,ERR,ERR,ERR,ERR,ERR,ERR,ERR,ERR,ERR,ERR,ERR,ERR,ERR,ERR,ERR,ERR,ERR,ERR,ERR,ERR,ERR,ERR,ERR,ERR,ERR,ERR,ERR,ERR,ERR,ERR,ERR,ERR,ERR,ERR,ERR,ERR,ERR,ERR,ERR,ERR,ERR,ERR,ERR,ERR,ERR,ERR,ERR,ERR,ERR,ERR,ERR,ERR,ERR,ERR,ERR,ERR,ERR,ERR,ERR,ERR,ERR,ERR,ERR,ERR,ERR,0.0,-0.0,-0.0,0.0,0.0,1.3936040501711995e+18,7.805,0.0,0,0,4,0,8422,0.0,45,0.0,0.0,0.0,0.0,0.0,0,0,0,0,0.0,0,0,0,0,0,0,0,0,0,0,0,0,0,0,0,0,0,0,0,0,0,0,0,0,0,0,0,0,0,0,0,0,0,38,14,7,45,65476,0,300,0,0,8,21553,0.0,-107605600.0,0.0,0.0,0.0,0.0,0.0,0.0,0.0,0.0,0.0,0.0,0.0,0.0,0.0,0.0,0.0,0.0,0.0,0.0,0.0,0.0,-2.004,-0.0,2.004,-2.004,0.0,0.0,0.0,0.0,5040.0,0.0,0.0,0.0,-0.0,-107615272.0,2.718429120148166e+23,0.0,0.0,0.0,0.0,53,2.7184300208680915e+23,0.0,0.0,0.0,0.0,0.0,0.0,0.0,0.0,0,0,0,0.0,0.0,0.0,0.0,0.0,0.0,0.0,0.0,0.0,0.0,0.0,0.0,0.0,0.0,0.0,0.0,0,-107875648.0,53,0.0,106,-107614832.0,0.0,ERR,ERR,ERR,ERR,ERR,ERR,ERR,ERR,ERR,ERR,ERR,ERR,ERR,ERR,ERR,ERR,ERR,ERR,ERR,ERR,ERR,ERR,ERR,ERR,ERR,ERR,ERR,ERR,ERR,ERR,ERR,ERR,ERR,ERR,ERR,ERR,ERR,ERR,ERR,ERR,ERR,ERR,ERR,ERR,ERR,ERR,ERR,ERR,ERR,ERR,ERR,ERR,ERR,ERR,ERR,ERR,ERR,ERR,ERR,ERR,ERR,ERR,ERR,ERR,ERR,ERR,ERR,50.0,60.0,100,0.0,0.0,0.0,0.0,0.0,0.0,0.0,0.0,0.0,0.0,0.0,0.0,0.0,0.0,0.0,0.0,61.6,65,19,65521,50,65476,0,300,0,0,8,20529,65476,0,0,26214,60.0,0.0,0.0,0.0,0.0,0.0
2026-05-17T16:04:54,ERR,ERR,ERR,ERR,ERR,ERR,ERR,ERR,ERR,ERR,ERR,ERR,ERR,ERR,ERR,ERR,ERR,ERR,ERR,ERR,ERR,ERR,ERR,ERR,ERR,ERR,ERR,ERR,ERR,ERR,ERR,ERR,ERR,ERR,ERR,ERR,ERR,ERR,ERR,ERR,ERR,ERR,ERR,ERR,ERR,ERR,ERR,ERR,ERR,ERR,ERR,ERR,ERR,ERR,ERR,ERR,ERR,ERR,ERR,ERR,ERR,ERR,ERR,ERR,ERR,ERR,ERR,ERR,ERR,ERR,ERR,ERR,ERR,ERR,ERR,ERR,ERR,ERR,ERR,ERR,ERR,ERR,ERR,ERR,ERR,ERR,ERR,ERR,ERR,ERR,ERR,ERR,ERR,ERR,ERR,ERR,ERR,ERR,ERR,ERR,ERR,ERR,ERR,ERR,ERR,ERR,ERR,ERR,ERR,ERR,ERR,ERR,ERR,ERR,ERR,ERR,ERR,ERR,ERR,ERR,ERR,ERR,ERR,ERR,ERR,0.0,-0.0,-0.0,0.0,0.0,1.3936040501711995e+18,7.805,0.0,0,0,4,0,8422,0.0,45,0.0,0.0,0.0,0.0,0.0,0,0,0,0,0.0,0,0,0,0,0,0,0,0,0,0,0,0,0,0,0,0,0,0,0,0,0,0,0,0,0,0,0,0,0,0,0,0,0,38,14,7,45,65476,0,300,0,0,8,21553,0.0,-107605600.0,0.0,0.0,0.0,0.0,0.0,0.0,0.0,0.0,0.0,0.0,0.0,0.0,0.0,0.0,0.0,0.0,0.0,0.0,0.0,0.0,-2.004,-0.0,2.004,-2.004,0.0,0.0,0.0,0.0,5040.0,0.0,0.0,0.0,-0.0,-107615272.0,2.718429120148166e+23,0.0,0.0,0.0,0.0,53,2.7184300208680915e+23,0.0,0.0,0.0,0.0,0.0,0.0,0.0,0.0,0,0,0,0.0,0.0,0.0,0.0,0.0,0.0,0.0,0.0,0.0,0.0,0.0,0.0,0.0,0.0,0.0,0.0,0,-107875648.0,53,0.0,106,-107614832.0,0.0,ERR,ERR,ERR,ERR,ERR,ERR,ERR,ERR,ERR,ERR,ERR,ERR,ERR,ERR,ERR,ERR,ERR,ERR,ERR,ERR,ERR,ERR,ERR,ERR,ERR,ERR,ERR,ERR,ERR,ERR,ERR,ERR,ERR,ERR,ERR,ERR,ERR,ERR,ERR,ERR,ERR,ERR,ERR,ERR,ERR,ERR,ERR,ERR,ERR,ERR,ERR,ERR,ERR,ERR,ERR,ERR,ERR,ERR,ERR,ERR,ERR,ERR,ERR,ERR,ERR,ERR,ERR,50.0,60.0,100,0.0,0.0,0.0,0.0,0.0,0.0,0.0,0.0,0.0,0.0,0.0,0.0,0.0,0.0,0.0,0.0,61.6,65,19,65521,50,65476,0,300,0,0,8,20529,65476,0,0,26214,60.0,0.0,0.0,0.0,0.0,0.0
2026-05-17T16:04:55,ERR,ERR,ERR,ERR,ERR,ERR,ERR,ERR,ERR,ERR,ERR,ERR,ERR,ERR,ERR,ERR,ERR,ERR,ERR,ERR,ERR,ERR,ERR,ERR,ERR,ERR,ERR,ERR,ERR,ERR,ERR,ERR,ERR,ERR,ERR,ERR,ERR,ERR,ERR,ERR,ERR,ERR,ERR,ERR,ERR,ERR,ERR,ERR,ERR,ERR,ERR,ERR,ERR,ERR,ERR,ERR,ERR,ERR,ERR,ERR,ERR,ERR,ERR,ERR,ERR,ERR,ERR,ERR,ERR,ERR,ERR,ERR,ERR,ERR,ERR,ERR,ERR,ERR,ERR,ERR,ERR,ERR,ERR,ERR,ERR,ERR,ERR,ERR,ERR,ERR,ERR,ERR,ERR,ERR,ERR,ERR,ERR,ERR,ERR,ERR,ERR,ERR,ERR,ERR,ERR,ERR,ERR,ERR,ERR,ERR,ERR,ERR,ERR,ERR,ERR,ERR,ERR,ERR,ERR,ERR,ERR,ERR,ERR,ERR,ERR,0.0,-0.0,-0.0,0.0,0.0,1.3936040501711995e+18,7.805,0.0,0,0,4,0,8422,0.0,45,0.0,0.0,0.0,0.0,0.0,0,0,0,0,0.0,0,0,0,0,0,0,0,0,0,0,0,0,0,0,0,0,0,0,0,0,0,0,0,0,0,0,0,0,0,0,0,0,0,38,14,7,45,65476,0,300,0,0,8,21553,0.0,-107605600.0,0.0,0.0,0.0,0.0,0.0,0.0,0.0,0.0,0.0,0.0,0.0,0.0,0.0,0.0,0.0,0.0,0.0,0.0,0.0,0.0,-2.004,-0.0,2.004,-2.004,0.0,0.0,0.0,0.0,5040.0,0.0,0.0,0.0,-0.0,-107615272.0,2.718429120148166e+23,0.0,0.0,0.0,0.0,53,2.7184300208680915e+23,0.0,0.0,0.0,0.0,0.0,0.0,0.0,0.0,0,0,0,0.0,0.0,0.0,0.0,0.0,0.0,0.0,0.0,0.0,0.0,0.0,0.0,0.0,0.0,0.0,0.0,0,-107875648.0,53,0.0,106,-107614832.0,0.0,ERR,ERR,ERR,ERR,ERR,ERR,ERR,ERR,ERR,ERR,ERR,ERR,ERR,ERR,ERR,ERR,ERR,ERR,ERR,ERR,ERR,ERR,ERR,ERR,ERR,ERR,ERR,ERR,ERR,ERR,ERR,ERR,ERR,ERR,ERR,ERR,ERR,ERR,ERR,ERR,ERR,ERR,ERR,ERR,ERR,ERR,ERR,ERR,ERR,ERR,ERR,ERR,ERR,ERR,ERR,ERR,ERR,ERR,ERR,ERR,ERR,ERR,ERR,ERR,ERR,ERR,ERR,50.0,60.0,100,0.0,0.0,0.0,0.0,0.0,0.0,0.0,0.0,0.0,0.0,0.0,0.0,0.0,0.0,0.0,0.0,61.6,65,19,65521,50,65476,0,300,0,0,8,20529,65476,0,0,26214,60.0,0.0,0.0,0.0,0.0,0.0
2026-05-17T16:04:56,ERR,ERR,ERR,ERR,ERR,ERR,ERR,ERR,ERR,ERR,ERR,ERR,ERR,ERR,ERR,ERR,ERR,ERR,ERR,ERR,ERR,ERR,ERR,ERR,ERR,ERR,ERR,ERR,ERR,ERR,ERR,ERR,ERR,ERR,ERR,ERR,ERR,ERR,ERR,ERR,ERR,ERR,ERR,ERR,ERR,ERR,ERR,ERR,ERR,ERR,ERR,ERR,ERR,ERR,ERR,ERR,ERR,ERR,ERR,ERR,ERR,ERR,ERR,ERR,ERR,ERR,ERR,ERR,ERR,ERR,ERR,ERR,ERR,ERR,ERR,ERR,ERR,ERR,ERR,ERR,ERR,ERR,ERR,ERR,ERR,ERR,ERR,ERR,ERR,ERR,ERR,ERR,ERR,ERR,ERR,ERR,ERR,ERR,ERR,ERR,ERR,ERR,ERR,ERR,ERR,ERR,ERR,ERR,ERR,ERR,ERR,ERR,ERR,ERR,ERR,ERR,ERR,ERR,ERR,ERR,ERR,ERR,ERR,ERR,ERR,0.0,-0.0,-0.0,0.0,0.0,1.3936040501711995e+18,7.805,0.0,0,0,4,0,8422,0.0,45,0.0,0.0,0.0,0.0,0.0,0,0,0,0,0.0,0,0,0,0,0,0,0,0,0,0,0,0,0,0,0,0,0,0,0,0,0,0,0,0,0,0,0,0,0,0,0,0,0,38,14,7,45,65476,0,300,0,0,8,21553,0.0,-107605600.0,0.0,0.0,0.0,0.0,0.0,0.0,0.0,0.0,0.0,0.0,0.0,0.0,0.0,0.0,0.0,0.0,0.0,0.0,0.0,0.0,-2.004,-0.0,2.004,-2.004,0.0,0.0,0.0,0.0,5035.0,0.0,0.0,0.0,-0.0,-107615272.0,2.718429120148166e+23,0.0,0.0,0.0,0.0,53,107615344.0,0.0,0.0,0.0,0.0,0.0,0.0,0.0,0.0,0,0,0,0.0,0.0,0.0,0.0,0.0,0.0,0.0,0.0,0.0,0.0,0.0,0.0,0.0,0.0,0.0,0.0,0,-107875648.0,53,0.0,106,-107614832.0,0.0,ERR,ERR,ERR,ERR,ERR,ERR,ERR,ERR,ERR,ERR,ERR,ERR,ERR,ERR,ERR,ERR,ERR,ERR,ERR,ERR,ERR,ERR,ERR,ERR,ERR,ERR,ERR,ERR,ERR,ERR,ERR,ERR,ERR,ERR,ERR,ERR,ERR,ERR,ERR,ERR,ERR,ERR,ERR,ERR,ERR,ERR,ERR,ERR,ERR,ERR,ERR,ERR,ERR,ERR,ERR,ERR,ERR,ERR,ERR,ERR,ERR,ERR,ERR,ERR,ERR,ERR,ERR,50.0,60.0,100,0.0,0.0,0.0,0.0,0.0,0.0,0.0,0.0,0.0,0.0,0.0,0.0,0.0,0.0,0.0,0.0,61.6,65,19,65521,50,65476,0,300,0,0,8,20529,65476,0,0,26214,60.0,0.0,0.0,0.0,0.0,0.0
2026-05-17T16:04:57,ERR,ERR,ERR,ERR,ERR,ERR,ERR,ERR,ERR,ERR,ERR,ERR,ERR,ERR,ERR,ERR,ERR,ERR,ERR,ERR,ERR,ERR,ERR,ERR,ERR,ERR,ERR,ERR,ERR,ERR,ERR,ERR,ERR,ERR,ERR,ERR,ERR,ERR,ERR,ERR,ERR,ERR,ERR,ERR,ERR,ERR,ERR,ERR,ERR,ERR,ERR,ERR,ERR,ERR,ERR,ERR,ERR,ERR,ERR,ERR,ERR,ERR,ERR,ERR,ERR,ERR,ERR,ERR,ERR,ERR,ERR,ERR,ERR,ERR,ERR,ERR,ERR,ERR,ERR,ERR,ERR,ERR,ERR,ERR,ERR,ERR,ERR,ERR,ERR,ERR,ERR,ERR,ERR,ERR,ERR,ERR,ERR,ERR,ERR,ERR,ERR,ERR,ERR,ERR,ERR,ERR,ERR,ERR,ERR,ERR,ERR,ERR,ERR,ERR,ERR,ERR,ERR,ERR,ERR,ERR,ERR,ERR,ERR,ERR,ERR,0.0,-0.0,-0.0,0.0,0.0,1.3936040501711995e+18,7.805,0.0,0,0,4,0,8422,0.0,45,0.0,0.0,0.0,0.0,0.0,0,0,0,0,0.0,0,0,0,0,0,0,0,0,0,0,0,0,0,0,0,0,0,0,0,0,0,0,0,0,0,0,0,0,0,0,0,0,0,38,14,7,45,65476,0,300,0,0,8,21553,0.0,-107605600.0,0.0,0.0,0.0,0.0,0.0,0.0,0.0,0.0,0.0,0.0,0.0,0.0,0.0,0.0,0.0,0.0,0.0,0.0,0.0,0.0,-2.004,-0.0,2.004,-2.004,0.0,0.0,0.0,0.0,5035.0,0.0,0.0,0.0,-0.0,-107615272.0,2.718429120148166e+23,0.0,0.0,0.0,0.0,53,107615344.0,0.0,0.0,0.0,0.0,0.0,0.0,0.0,0.0,0,0,0,0.0,0.0,0.0,0.0,0.0,0.0,0.0,0.0,0.0,0.0,0.0,0.0,0.0,0.0,0.0,0.0,0,-107875648.0,53,0.0,106,-107614832.0,0.0,ERR,ERR,ERR,ERR,ERR,ERR,ERR,ERR,ERR,ERR,ERR,ERR,ERR,ERR,ERR,ERR,ERR,ERR,ERR,ERR,ERR,ERR,ERR,ERR,ERR,ERR,ERR,ERR,ERR,ERR,ERR,ERR,ERR,ERR,ERR,ERR,ERR,ERR,ERR,ERR,ERR,ERR,ERR,ERR,ERR,ERR,ERR,ERR,ERR,ERR,ERR,ERR,ERR,ERR,ERR,ERR,ERR,ERR,ERR,ERR,ERR,ERR,ERR,ERR,ERR,ERR,ERR,50.0,60.0,100,0.0,0.0,0.0,0.0,0.0,0.0,0.0,0.0,0.0,0.0,0.0,0.0,0.0,0.0,0.0,0.0,61.6,65,19,65521,50,65476,0,300,0,0,8,20529,65476,0,0,26214,60.0,0.0,0.0,0.0,0.0,0.0
2026-05-17T16:04:58,ERR,ERR,ERR,ERR,ERR,ERR,ERR,ERR,ERR,ERR,ERR,ERR,ERR,ERR,ERR,ERR,ERR,ERR,ERR,ERR,ERR,ERR,ERR,ERR,ERR,ERR,ERR,ERR,ERR,ERR,ERR,ERR,ERR,ERR,ERR,ERR,ERR,ERR,ERR,ERR,ERR,ERR,ERR,ERR,ERR,ERR,ERR,ERR,ERR,ERR,ERR,ERR,ERR,ERR,ERR,ERR,ERR,ERR,ERR,ERR,ERR,ERR,ERR,ERR,ERR,ERR,ERR,ERR,ERR,ERR,ERR,ERR,ERR,ERR,ERR,ERR,ERR,ERR,ERR,ERR,ERR,ERR,ERR,ERR,ERR,ERR,ERR,ERR,ERR,ERR,ERR,ERR,ERR,ERR,ERR,ERR,ERR,ERR,ERR,ERR,ERR,ERR,ERR,ERR,ERR,ERR,ERR,ERR,ERR,ERR,ERR,ERR,ERR,ERR,ERR,ERR,ERR,ERR,ERR,ERR,ERR,ERR,ERR,ERR,ERR,0.0,-0.0,-0.0,0.0,0.0,1.3936040501711995e+18,7.805,0.0,0,0,4,0,8422,0.0,45,0.0,0.0,0.0,0.0,0.0,0,0,0,0,0.0,0,0,0,0,0,0,0,0,0,0,0,0,0,0,0,0,0,0,0,0,0,0,0,0,0,0,0,0,0,0,0,0,0,38,14,7,45,65476,0,300,0,0,8,21553,0.0,-107605600.0,0.0,0.0,0.0,0.0,0.0,0.0,0.0,0.0,0.0,0.0,0.0,0.0,0.0,0.0,0.0,0.0,0.0,0.0,0.0,0.0,-2.004,-0.0,2.004,-2.004,0.0,0.0,0.0,0.0,5035.0,0.0,0.0,0.0,-0.0,-107615272.0,2.718429120148166e+23,0.0,0.0,0.0,0.0,53,107615344.0,0.0,0.0,0.0,0.0,0.0,0.0,0.0,0.0,0,0,0,0.0,0.0,0.0,0.0,0.0,0.0,0.0,0.0,0.0,0.0,0.0,0.0,0.0,0.0,0.0,0.0,0,-107875648.0,53,0.0,106,-107614832.0,0.0,ERR,ERR,ERR,ERR,ERR,ERR,ERR,ERR,ERR,ERR,ERR,ERR,ERR,ERR,ERR,ERR,ERR,ERR,ERR,ERR,ERR,ERR,ERR,ERR,ERR,ERR,ERR,ERR,ERR,ERR,ERR,ERR,ERR,ERR,ERR,ERR,ERR,ERR,ERR,ERR,ERR,ERR,ERR,ERR,ERR,ERR,ERR,ERR,ERR,ERR,ERR,ERR,ERR,ERR,ERR,ERR,ERR,ERR,ERR,ERR,ERR,ERR,ERR,ERR,ERR,ERR,ERR,50.0,60.0,100,0.0,0.0,0.0,0.0,0.0,0.0,0.0,0.0,0.0,0.0,0.0,0.0,0.0,0.0,0.0,0.0,61.6,65,19,65521,50,65476,0,300,0,0,8,20529,65476,0,0,26214,60.0,0.0,0.0,0.0,0.0,0.0
2026-05-17T16:04:59,ERR,ERR,ERR,ERR,ERR,ERR,ERR,ERR,ERR,ERR,ERR,ERR,ERR,ERR,ERR,ERR,ERR,ERR,ERR,ERR,ERR,ERR,ERR,ERR,ERR,ERR,ERR,ERR,ERR,ERR,ERR,ERR,ERR,ERR,ERR,ERR,ERR,ERR,ERR,ERR,ERR,ERR,ERR,ERR,ERR,ERR,ERR,ERR,ERR,ERR,ERR,ERR,ERR,ERR,ERR,ERR,ERR,ERR,ERR,ERR,ERR,ERR,ERR,ERR,ERR,ERR,ERR,ERR,ERR,ERR,ERR,ERR,ERR,ERR,ERR,ERR,ERR,ERR,ERR,ERR,ERR,ERR,ERR,ERR,ERR,ERR,ERR,ERR,ERR,ERR,ERR,ERR,ERR,ERR,ERR,ERR,ERR,ERR,ERR,ERR,ERR,ERR,ERR,ERR,ERR,ERR,ERR,ERR,ERR,ERR,ERR,ERR,ERR,ERR,ERR,ERR,ERR,ERR,ERR,ERR,ERR,ERR,ERR,ERR,ERR,0.0,-0.0,-0.0,0.0,0.0,1.3936040501711995e+18,7.805,0.0,0,0,4,0,8422,0.0,45,0.0,0.0,0.0,0.0,0.0,0,0,0,0,0.0,0,0,0,0,0,0,0,0,0,0,0,0,0,0,0,0,0,0,0,0,0,0,0,0,0,0,0,0,0,0,0,0,0,38,14,7,45,65476,0,300,0,0,8,21553,0.0,-107605600.0,0.0,0.0,0.0,0.0,0.0,0.0,0.0,0.0,0.0,0.0,0.0,0.0,0.0,0.0,0.0,0.0,0.0,0.0,0.0,0.0,-2.004,-0.0,2.004,-2.004,0.0,0.0,0.0,0.0,5035.0,0.0,0.0,0.0,-0.0,-107615272.0,2.718429120148166e+23,0.0,0.0,0.0,0.0,53,107615344.0,0.0,0.0,0.0,0.0,0.0,0.0,0.0,0.0,0,0,0,0.0,0.0,0.0,0.0,0.0,0.0,0.0,0.0,0.0,0.0,0.0,0.0,0.0,0.0,0.0,0.0,0,-107875648.0,53,0.0,106,-107614832.0,0.0,ERR,ERR,ERR,ERR,ERR,ERR,ERR,ERR,ERR,ERR,ERR,ERR,ERR,ERR,ERR,ERR,ERR,ERR,ERR,ERR,ERR,ERR,ERR,ERR,ERR,ERR,ERR,ERR,ERR,ERR,ERR,ERR,ERR,ERR,ERR,ERR,ERR,ERR,ERR,ERR,ERR,ERR,ERR,ERR,ERR,ERR,ERR,ERR,ERR,ERR,ERR,ERR,ERR,ERR,ERR,ERR,ERR,ERR,ERR,ERR,ERR,ERR,ERR,ERR,ERR,ERR,ERR,50.0,60.0,100,0.0,0.0,0.0,0.0,0.0,0.0,0.0,0.0,0.0,0.0,0.0,0.0,0.0,0.0,0.0,0.0,62.0,65,19,65521,50,65476,0,300,0,0,8,20529,65476,0,0,26214,60.0,0.0,0.0,0.0,0.0,0.0
2026-05-17T16:05:00,ERR,ERR,ERR,ERR,ERR,ERR,ERR,ERR,ERR,ERR,ERR,ERR,ERR,ERR,ERR,ERR,ERR,ERR,ERR,ERR,ERR,ERR,ERR,ERR,ERR,ERR,ERR,ERR,ERR,ERR,ERR,ERR,ERR,ERR,ERR,ERR,ERR,ERR,ERR,ERR,ERR,ERR,ERR,ERR,ERR,ERR,ERR,ERR,ERR,ERR,ERR,ERR,ERR,ERR,ERR,ERR,ERR,ERR,ERR,ERR,ERR,ERR,ERR,ERR,ERR,ERR,ERR,ERR,ERR,ERR,ERR,ERR,ERR,ERR,ERR,ERR,ERR,ERR,ERR,ERR,ERR,ERR,ERR,ERR,ERR,ERR,ERR,ERR,ERR,ERR,ERR,ERR,ERR,ERR,ERR,ERR,ERR,ERR,ERR,ERR,ERR,ERR,ERR,ERR,ERR,ERR,ERR,ERR,ERR,ERR,ERR,ERR,ERR,ERR,ERR,ERR,ERR,ERR,ERR,ERR,ERR,ERR,ERR,ERR,ERR,0.0,-0.0,-0.0,0.0,0.0,1.3936040501711995e+18,7.805,0.0,0,0,4,0,8422,0.0,45,0.0,0.0,0.0,0.0,0.0,0,0,0,0,0.0,0,0,0,0,0,0,0,0,0,0,0,0,0,0,0,0,0,0,0,0,0,0,0,0,0,0,0,0,0,0,0,0,0,38,14,7,45,65476,0,300,0,0,8,21553,0.0,-107605600.0,0.0,0.0,0.0,0.0,0.0,0.0,0.0,0.0,0.0,0.0,0.0,0.0,0.0,0.0,0.0,0.0,0.0,0.0,0.0,0.0,-2.004,-0.0,2.004,-2.004,0.0,0.0,0.0,0.0,5035.0,0.0,0.0,0.0,-0.0,-107615272.0,2.718429120148166e+23,0.0,0.0,0.0,0.0,53,107615344.0,0.0,0.0,0.0,0.0,0.0,0.0,0.0,0.0,0,0,0,0.0,0.0,0.0,0.0,0.0,0.0,0.0,0.0,0.0,0.0,0.0,0.0,0.0,0.0,0.0,0.0,0,-107875648.0,53,0.0,106,-107614832.0,0.0,ERR,ERR,ERR,ERR,ERR,ERR,ERR,ERR,ERR,ERR,ERR,ERR,ERR,ERR,ERR,ERR,ERR,ERR,ERR,ERR,ERR,ERR,ERR,ERR,ERR,ERR,ERR,ERR,ERR,ERR,ERR,ERR,ERR,ERR,ERR,ERR,ERR,ERR,ERR,ERR,ERR,ERR,ERR,ERR,ERR,ERR,ERR,ERR,ERR,ERR,ERR,ERR,ERR,ERR,ERR,ERR,ERR,ERR,ERR,ERR,ERR,ERR,ERR,ERR,ERR,ERR,ERR,50.0,60.0,100,0.0,0.0,0.0,0.0,0.0,0.0,0.0,0.0,0.0,0.0,0.0,0.0,0.0,0.0,0.0,0.0,61.6,65,19,65521,50,65476,0,300,0,0,8,20529,65476,0,0,26214,60.0,0.0,0.0,0.0,0.0,0.0
2026-05-17T16:05:01,ERR,ERR,ERR,ERR,ERR,ERR,ERR,ERR,ERR,ERR,ERR,ERR,ERR,ERR,ERR,ERR,ERR,ERR,ERR,ERR,ERR,ERR,ERR,ERR,ERR,ERR,ERR,ERR,ERR,ERR,ERR,ERR,ERR,ERR,ERR,ERR,ERR,ERR,ERR,ERR,ERR,ERR,ERR,ERR,ERR,ERR,ERR,ERR,ERR,ERR,ERR,ERR,ERR,ERR,ERR,ERR,ERR,ERR,ERR,ERR,ERR,ERR,ERR,ERR,ERR,ERR,ERR,ERR,ERR,ERR,ERR,ERR,ERR,ERR,ERR,ERR,ERR,ERR,ERR,ERR,ERR,ERR,ERR,ERR,ERR,ERR,ERR,ERR,ERR,ERR,ERR,ERR,ERR,ERR,ERR,ERR,ERR,ERR,ERR,ERR,ERR,ERR,ERR,ERR,ERR,ERR,ERR,ERR,ERR,ERR,ERR,ERR,ERR,ERR,ERR,ERR,ERR,ERR,ERR,ERR,ERR,ERR,ERR,ERR,ERR,0.0,-0.0,-0.0,0.0,0.0,1.3936040501711995e+18,7.805,0.0,0,0,4,0,8422,0.0,45,0.0,0.0,0.0,0.0,0.0,0,0,0,0,0.0,0,0,0,0,0,0,0,0,0,0,0,0,0,0,0,0,0,0,0,0,0,0,0,0,0,0,0,0,0,0,0,0,0,38,14,7,45,65476,0,300,0,0,8,21553,0.0,-107605600.0,0.0,0.0,0.0,0.0,0.0,0.0,0.0,0.0,0.0,0.0,0.0,0.0,0.0,0.0,0.0,0.0,0.0,0.0,0.0,0.0,-2.004,-0.0,2.004,-2.004,0.0,0.0,0.0,0.0,5035.0,0.0,0.0,0.0,-0.0,-107615272.0,2.718429120148166e+23,0.0,0.0,0.0,0.0,53,107615344.0,0.0,0.0,0.0,0.0,0.0,0.0,0.0,0.0,0,0,0,0.0,0.0,0.0,0.0,0.0,0.0,0.0,0.0,0.0,0.0,0.0,0.0,0.0,0.0,0.0,0.0,0,-107875648.0,53,0.0,106,-107614832.0,0.0,ERR,ERR,ERR,ERR,ERR,ERR,ERR,ERR,ERR,ERR,ERR,ERR,ERR,ERR,ERR,ERR,ERR,ERR,ERR,ERR,ERR,ERR,ERR,ERR,ERR,ERR,ERR,ERR,ERR,ERR,ERR,ERR,ERR,ERR,ERR,ERR,ERR,ERR,ERR,ERR,ERR,ERR,ERR,ERR,ERR,ERR,ERR,ERR,ERR,ERR,ERR,ERR,ERR,ERR,ERR,ERR,ERR,ERR,ERR,ERR,ERR,ERR,ERR,ERR,ERR,ERR,ERR,50.0,60.0,100,0.0,0.0,0.0,0.0,0.0,0.0,0.0,0.0,0.0,0.0,0.0,0.0,0.0,0.0,0.0,0.0,61.6,65,19,65521,50,65476,0,300,0,0,8,20529,65476,0,0,26214,60.0,0.0,0.0,0.0,0.0,0.0
2026-05-17T16:05:02,ERR,ERR,ERR,ERR,ERR,ERR,ERR,ERR,ERR,ERR,ERR,ERR,ERR,ERR,ERR,ERR,ERR,ERR,ERR,ERR,ERR,ERR,ERR,ERR,ERR,ERR,ERR,ERR,ERR,ERR,ERR,ERR,ERR,ERR,ERR,ERR,ERR,ERR,ERR,ERR,ERR,ERR,ERR,ERR,ERR,ERR,ERR,ERR,ERR,ERR,ERR,ERR,ERR,ERR,ERR,ERR,ERR,ERR,ERR,ERR,ERR,ERR,ERR,ERR,ERR,ERR,ERR,ERR,ERR,ERR,ERR,ERR,ERR,ERR,ERR,ERR,ERR,ERR,ERR,ERR,ERR,ERR,ERR,ERR,ERR,ERR,ERR,ERR,ERR,ERR,ERR,ERR,ERR,ERR,ERR,ERR,ERR,ERR,ERR,ERR,ERR,ERR,ERR,ERR,ERR,ERR,ERR,ERR,ERR,ERR,ERR,ERR,ERR,ERR,ERR,ERR,ERR,ERR,ERR,ERR,ERR,ERR,ERR,ERR,ERR,0.0,-0.0,-0.0,0.0,0.0,1.3936040501711995e+18,7.805,0.0,0,0,4,0,8422,0.0,45,0.0,0.0,0.0,0.0,0.0,0,0,0,0,0.0,0,0,0,0,0,0,0,0,0,0,0,0,0,0,0,0,0,0,0,0,0,0,0,0,0,0,0,0,0,0,0,0,0,38,14,7,45,65476,0,300,0,0,8,21553,0.0,-107605600.0,0.0,0.0,0.0,0.0,0.0,0.0,0.0,0.0,0.0,0.0,0.0,0.0,0.0,0.0,0.0,0.0,0.0,0.0,0.0,0.0,-2.004,-0.0,2.004,-2.004,0.0,0.0,0.0,0.0,4998.0,-1.5879293531142762e+29,0.0,0.0,-0.0,-107615272.0,2.718429120148166e+23,0.0,0.0,0.0,0.0,53,0.0,-2.3088280513417105e+20,0.0,0.0,0.0,0.0,0.0,0.0,0.0,0,0,0,0.0,0.0,0.0,0.0,0.0,0.0,0.0,0.0,0.0,0.0,0.0,0.0,0.0,0.0,0.0,0.0,0,-107875648.0,53,0.0,106,-107614832.0,0.0,ERR,ERR,ERR,ERR,ERR,ERR,ERR,ERR,ERR,ERR,ERR,ERR,ERR,ERR,ERR,ERR,ERR,ERR,ERR,ERR,ERR,ERR,ERR,ERR,ERR,ERR,ERR,ERR,ERR,ERR,ERR,ERR,ERR,ERR,ERR,ERR,ERR,ERR,ERR,ERR,ERR,ERR,ERR,ERR,ERR,ERR,ERR,ERR,ERR,ERR,ERR,ERR,ERR,ERR,ERR,ERR,ERR,ERR,ERR,ERR,ERR,ERR,ERR,ERR,ERR,ERR,ERR,50.0,60.0,100,0.0,0.0,0.0,0.0,0.0,0.0,0.0,0.0,0.0,0.0,0.0,0.0,0.0,0.0,0.0,0.0,61.6,65,19,65521,50,65476,0,300,0,0,8,20529,65476,0,0,26214,60.0,0.0,0.0,0.0,0.0,0.0
2026-05-17T16:05:03,ERR,ERR,ERR,ERR,ERR,ERR,ERR,ERR,ERR,ERR,ERR,ERR,ERR,ERR,ERR,ERR,ERR,ERR,ERR,ERR,ERR,ERR,ERR,ERR,ERR,ERR,ERR,ERR,ERR,ERR,ERR,ERR,ERR,ERR,ERR,ERR,ERR,ERR,ERR,ERR,ERR,ERR,ERR,ERR,ERR,ERR,ERR,ERR,ERR,ERR,ERR,ERR,ERR,ERR,ERR,ERR,ERR,ERR,ERR,ERR,ERR,ERR,ERR,ERR,ERR,ERR,ERR,ERR,ERR,ERR,ERR,ERR,ERR,ERR,ERR,ERR,ERR,ERR,ERR,ERR,ERR,ERR,ERR,ERR,ERR,ERR,ERR,ERR,ERR,ERR,ERR,ERR,ERR,ERR,ERR,ERR,ERR,ERR,ERR,ERR,ERR,ERR,ERR,ERR,ERR,ERR,ERR,ERR,ERR,ERR,ERR,ERR,ERR,ERR,ERR,ERR,ERR,ERR,ERR,ERR,ERR,ERR,ERR,ERR,ERR,0.0,-0.0,-0.0,0.0,0.0,1.3936040501711995e+18,7.805,0.0,0,0,4,0,8422,0.0,45,0.0,0.0,0.0,0.0,0.0,0,0,0,0,0.0,0,0,0,0,0,0,0,0,0,0,0,0,0,0,0,0,0,0,0,0,0,0,0,0,0,0,0,0,0,0,0,0,0,38,14,7,45,65476,0,300,0,0,8,21553,0.0,-107605600.0,0.0,0.0,0.0,0.0,0.0,0.0,0.0,0.0,0.0,0.0,0.0,0.0,0.0,0.0,0.0,0.0,0.0,0.0,0.0,0.0,-2.004,-0.0,2.004,-2.004,0.0,0.0,0.0,0.0,4998.0,-1.5879293531142762e+29,0.0,0.0,-0.0,-107615272.0,2.718429120148166e+23,0.0,0.0,0.0,0.0,53,0.0,-2.3088280513417105e+20,0.0,0.0,0.0,0.0,0.0,0.0,0.0,0,0,0,0.0,0.0,0.0,0.0,0.0,0.0,0.0,0.0,0.0,0.0,0.0,0.0,0.0,0.0,0.0,0.0,0,-107875648.0,53,0.0,106,-107614832.0,0.0,ERR,ERR,ERR,ERR,ERR,ERR,ERR,ERR,ERR,ERR,ERR,ERR,ERR,ERR,ERR,ERR,ERR,ERR,ERR,ERR,ERR,ERR,ERR,ERR,ERR,ERR,ERR,ERR,ERR,ERR,ERR,ERR,ERR,ERR,ERR,ERR,ERR,ERR,ERR,ERR,ERR,ERR,ERR,ERR,ERR,ERR,ERR,ERR,ERR,ERR,ERR,ERR,ERR,ERR,ERR,ERR,ERR,ERR,ERR,ERR,ERR,ERR,ERR,ERR,ERR,ERR,ERR,50.0,60.0,100,0.0,0.0,0.0,0.0,0.0,0.0,0.0,0.0,0.0,0.0,0.0,0.0,0.0,0.0,0.0,0.0,61.6,65,19,65521,50,65476,0,300,0,0,8,20529,65476,0,0,26214,60.0,0.0,0.0,0.0,0.0,0.0
2026-05-17T16:05:04,ERR,ERR,ERR,ERR,ERR,ERR,ERR,ERR,ERR,ERR,ERR,ERR,ERR,ERR,ERR,ERR,ERR,ERR,ERR,ERR,ERR,ERR,ERR,ERR,ERR,ERR,ERR,ERR,ERR,ERR,ERR,ERR,ERR,ERR,ERR,ERR,ERR,ERR,ERR,ERR,ERR,ERR,ERR,ERR,ERR,ERR,ERR,ERR,ERR,ERR,ERR,ERR,ERR,ERR,ERR,ERR,ERR,ERR,ERR,ERR,ERR,ERR,ERR,ERR,ERR,ERR,ERR,ERR,ERR,ERR,ERR,ERR,ERR,ERR,ERR,ERR,ERR,ERR,ERR,ERR,ERR,ERR,ERR,ERR,ERR,ERR,ERR,ERR,ERR,ERR,ERR,ERR,ERR,ERR,ERR,ERR,ERR,ERR,ERR,ERR,ERR,ERR,ERR,ERR,ERR,ERR,ERR,ERR,ERR,ERR,ERR,ERR,ERR,ERR,ERR,ERR,ERR,ERR,ERR,ERR,ERR,ERR,ERR,ERR,ERR,0.0,-0.0,-0.0,0.0,0.0,1.3936040501711995e+18,7.805,0.0,0,0,4,0,8422,0.0,45,0.0,0.0,0.0,0.0,0.0,0,0,0,0,0.0,0,0,0,0,0,0,0,0,0,0,0,0,0,0,0,0,0,0,0,0,0,0,0,0,0,0,0,0,0,0,0,0,0,38,14,7,45,65476,0,300,0,0,8,21553,0.0,-107605600.0,0.0,0.0,0.0,0.0,0.0,0.0,0.0,0.0,0.0,0.0,0.0,0.0,0.0,0.0,0.0,0.0,0.0,0.0,0.0,0.0,-2.004,-0.0,2.004,-2.004,0.0,0.0,0.0,0.0,4998.0,-1.5879293531142762e+29,0.0,0.0,-0.0,-107615272.0,2.718429120148166e+23,0.0,0.0,0.0,0.0,53,0.0,-2.3088280513417105e+20,0.0,0.0,0.0,0.0,0.0,0.0,0.0,0,0,0,0.0,0.0,0.0,0.0,0.0,0.0,0.0,0.0,0.0,0.0,0.0,0.0,0.0,0.0,0.0,0.0,0,-107875648.0,53,0.0,106,-107614832.0,0.0,ERR,ERR,ERR,ERR,ERR,ERR,ERR,ERR,ERR,ERR,ERR,ERR,ERR,ERR,ERR,ERR,ERR,ERR,ERR,ERR,ERR,ERR,ERR,ERR,ERR,ERR,ERR,ERR,ERR,ERR,ERR,ERR,ERR,ERR,ERR,ERR,ERR,ERR,ERR,ERR,ERR,ERR,ERR,ERR,ERR,ERR,ERR,ERR,ERR,ERR,ERR,ERR,ERR,ERR,ERR,ERR,ERR,ERR,ERR,ERR,ERR,ERR,ERR,ERR,ERR,ERR,ERR,50.0,60.0,100,0.0,0.0,0.0,0.0,0.0,0.0,0.0,0.0,0.0,0.0,0.0,0.0,0.0,0.0,0.0,0.0,61.6,65,19,65521,50,65476,0,300,0,0,8,20529,65476,0,0,26214,60.0,0.0,0.0,0.0,0.0,0.0
2026-05-17T16:05:05,ERR,ERR,ERR,ERR,ERR,ERR,ERR,ERR,ERR,ERR,ERR,ERR,ERR,ERR,ERR,ERR,ERR,ERR,ERR,ERR,ERR,ERR,ERR,ERR,ERR,ERR,ERR,ERR,ERR,ERR,ERR,ERR,ERR,ERR,ERR,ERR,ERR,ERR,ERR,ERR,ERR,ERR,ERR,ERR,ERR,ERR,ERR,ERR,ERR,ERR,ERR,ERR,ERR,ERR,ERR,ERR,ERR,ERR,ERR,ERR,ERR,ERR,ERR,ERR,ERR,ERR,ERR,ERR,ERR,ERR,ERR,ERR,ERR,ERR,ERR,ERR,ERR,ERR,ERR,ERR,ERR,ERR,ERR,ERR,ERR,ERR,ERR,ERR,ERR,ERR,ERR,ERR,ERR,ERR,ERR,ERR,ERR,ERR,ERR,ERR,ERR,ERR,ERR,ERR,ERR,ERR,ERR,ERR,ERR,ERR,ERR,ERR,ERR,ERR,ERR,ERR,ERR,ERR,ERR,ERR,ERR,ERR,ERR,ERR,ERR,0.0,-0.0,-0.0,0.0,0.0,1.3936040501711995e+18,7.805,0.0,0,0,4,0,8422,0.0,45,0.0,0.0,0.0,0.0,0.0,0,0,0,0,0.0,0,0,0,0,0,0,0,0,0,0,0,0,0,0,0,0,0,0,0,0,0,0,0,0,0,0,0,0,0,0,0,0,0,38,14,7,45,65476,0,300,0,0,8,21553,0.0,-107605600.0,0.0,0.0,0.0,0.0,0.0,0.0,0.0,0.0,0.0,0.0,0.0,0.0,0.0,0.0,0.0,0.0,0.0,0.0,0.0,0.0,-2.004,-0.0,2.004,-2.004,0.0,0.0,0.0,0.0,4998.0,-1.5879293531142762e+29,0.0,0.0,-0.0,-107615272.0,2.718429120148166e+23,0.0,0.0,0.0,0.0,53,0.0,-2.3088280513417105e+20,0.0,0.0,0.0,0.0,0.0,0.0,0.0,0,0,0,0.0,0.0,0.0,0.0,0.0,0.0,0.0,0.0,0.0,0.0,0.0,0.0,0.0,0.0,0.0,0.0,0,-107875648.0,53,0.0,106,-107614832.0,0.0,ERR,ERR,ERR,ERR,ERR,ERR,ERR,ERR,ERR,ERR,ERR,ERR,ERR,ERR,ERR,ERR,ERR,ERR,ERR,ERR,ERR,ERR,ERR,ERR,ERR,ERR,ERR,ERR,ERR,ERR,ERR,ERR,ERR,ERR,ERR,ERR,ERR,ERR,ERR,ERR,ERR,ERR,ERR,ERR,ERR,ERR,ERR,ERR,ERR,ERR,ERR,ERR,ERR,ERR,ERR,ERR,ERR,ERR,ERR,ERR,ERR,ERR,ERR,ERR,ERR,ERR,ERR,50.0,60.0,100,0.0,0.0,0.0,0.0,0.0,0.0,0.0,0.0,0.0,0.0,0.0,0.0,0.0,0.0,0.0,0.0,61.6,65,19,65521,50,65476,0,300,0,0,8,20529,65476,0,0,26214,60.0,0.0,0.0,0.0,0.0,0.0
2026-05-17T16:05:06,ERR,ERR,ERR,ERR,ERR,ERR,ERR,ERR,ERR,ERR,ERR,ERR,ERR,ERR,ERR,ERR,ERR,ERR,ERR,ERR,ERR,ERR,ERR,ERR,ERR,ERR,ERR,ERR,ERR,ERR,ERR,ERR,ERR,ERR,ERR,ERR,ERR,ERR,ERR,ERR,ERR,ERR,ERR,ERR,ERR,ERR,ERR,ERR,ERR,ERR,ERR,ERR,ERR,ERR,ERR,ERR,ERR,ERR,ERR,ERR,ERR,ERR,ERR,ERR,ERR,ERR,ERR,ERR,ERR,ERR,ERR,ERR,ERR,ERR,ERR,ERR,ERR,ERR,ERR,ERR,ERR,ERR,ERR,ERR,ERR,ERR,ERR,ERR,ERR,ERR,ERR,ERR,ERR,ERR,ERR,ERR,ERR,ERR,ERR,ERR,ERR,ERR,ERR,ERR,ERR,ERR,ERR,ERR,ERR,ERR,ERR,ERR,ERR,ERR,ERR,ERR,ERR,ERR,ERR,ERR,ERR,ERR,ERR,ERR,ERR,0.0,-0.0,-0.0,0.0,0.0,1.3936040501711995e+18,7.805,0.0,0,0,4,0,8422,0.0,45,0.0,0.0,0.0,0.0,0.0,0,0,0,0,0.0,0,0,0,0,0,0,0,0,0,0,0,0,0,0,0,0,0,0,0,0,0,0,0,0,0,0,0,0,0,0,0,0,0,38,14,7,45,65476,0,300,0,0,8,21553,0.0,-107605600.0,0.0,0.0,0.0,0.0,0.0,0.0,0.0,0.0,0.0,0.0,0.0,0.0,0.0,0.0,0.0,0.0,0.0,0.0,0.0,0.0,-2.004,-0.0,2.004,-2.004,0.0,0.0,0.0,0.0,4998.0,-1.5879293531142762e+29,0.0,0.0,-0.0,-107615272.0,2.718429120148166e+23,0.0,0.0,0.0,0.0,53,0.0,-2.3088280513417105e+20,0.0,0.0,0.0,0.0,0.0,0.0,0.0,0,0,0,0.0,0.0,0.0,0.0,0.0,0.0,0.0,0.0,0.0,0.0,0.0,0.0,0.0,0.0,0.0,0.0,0,-107875648.0,53,0.0,106,-107614832.0,0.0,ERR,ERR,ERR,ERR,ERR,ERR,ERR,ERR,ERR,ERR,ERR,ERR,ERR,ERR,ERR,ERR,ERR,ERR,ERR,ERR,ERR,ERR,ERR,ERR,ERR,ERR,ERR,ERR,ERR,ERR,ERR,ERR,ERR,ERR,ERR,ERR,ERR,ERR,ERR,ERR,ERR,ERR,ERR,ERR,ERR,ERR,ERR,ERR,ERR,ERR,ERR,ERR,ERR,ERR,ERR,ERR,ERR,ERR,ERR,ERR,ERR,ERR,ERR,ERR,ERR,ERR,ERR,50.0,60.0,100,0.0,0.0,0.0,0.0,0.0,0.0,0.0,0.0,0.0,0.0,0.0,0.0,0.0,0.0,0.0,0.0,61.6,65,19,65521,50,65476,0,300,0,0,8,20529,65476,0,0,26214,60.0,0.0,0.0,0.0,0.0,0.0
2026-05-17T16:05:07,ERR,ERR,ERR,ERR,ERR,ERR,ERR,ERR,ERR,ERR,ERR,ERR,ERR,ERR,ERR,ERR,ERR,ERR,ERR,ERR,ERR,ERR,ERR,ERR,ERR,ERR,ERR,ERR,ERR,ERR,ERR,ERR,ERR,ERR,ERR,ERR,ERR,ERR,ERR,ERR,ERR,ERR,ERR,ERR,ERR,ERR,ERR,ERR,ERR,ERR,ERR,ERR,ERR,ERR,ERR,ERR,ERR,ERR,ERR,ERR,ERR,ERR,ERR,ERR,ERR,ERR,ERR,ERR,ERR,ERR,ERR,ERR,ERR,ERR,ERR,ERR,ERR,ERR,ERR,ERR,ERR,ERR,ERR,ERR,ERR,ERR,ERR,ERR,ERR,ERR,ERR,ERR,ERR,ERR,ERR,ERR,ERR,ERR,ERR,ERR,ERR,ERR,ERR,ERR,ERR,ERR,ERR,ERR,ERR,ERR,ERR,ERR,ERR,ERR,ERR,ERR,ERR,ERR,ERR,ERR,ERR,ERR,ERR,ERR,ERR,0.0,-0.0,-0.0,0.0,0.0,1.3936040501711995e+18,7.805,0.0,0,0,4,0,8422,0.0,45,0.0,0.0,0.0,0.0,0.0,0,0,0,0,0.0,0,0,0,0,0,0,0,0,0,0,0,0,0,0,0,0,0,0,0,0,0,0,0,0,0,0,0,0,0,0,0,0,0,38,14,7,45,65476,0,300,0,0,8,21553,0.0,-107605600.0,0.0,0.0,0.0,0.0,0.0,0.0,0.0,0.0,0.0,0.0,0.0,0.0,0.0,0.0,0.0,0.0,0.0,0.0,0.0,0.0,-2.004,-0.0,2.004,-2.004,0.0,0.0,0.0,0.0,5034.0,-0.0,0.0,0.0,-0.0,-107615272.0,2.718429120148166e+23,0.0,0.0,0.0,0.0,53,89221.109,-0.0,0.0,0.0,0.0,0.0,0.0,0.0,0.0,0,0,0,0.0,0.0,0.0,0.0,0.0,0.0,0.0,0.0,0.0,0.0,0.0,0.0,0.0,0.0,0.0,0.0,0,-107875648.0,53,0.0,106,-107614832.0,0.0,ERR,ERR,ERR,ERR,ERR,ERR,ERR,ERR,ERR,ERR,ERR,ERR,ERR,ERR,ERR,ERR,ERR,ERR,ERR,ERR,ERR,ERR,ERR,ERR,ERR,ERR,ERR,ERR,ERR,ERR,ERR,ERR,ERR,ERR,ERR,ERR,ERR,ERR,ERR,ERR,ERR,ERR,ERR,ERR,ERR,ERR,ERR,ERR,ERR,ERR,ERR,ERR,ERR,ERR,ERR,ERR,ERR,ERR,ERR,ERR,ERR,ERR,ERR,ERR,ERR,ERR,ERR,50.0,60.0,100,0.0,0.0,0.0,0.0,0.0,0.0,0.0,0.0,0.0,0.0,0.0,0.0,0.0,0.0,0.0,0.0,62.0,65,19,65521,50,65476,0,300,0,0,8,20529,65476,0,0,26214,60.0,0.0,0.0,0.0,0.0,0.0
2026-05-17T16:05:08,ERR,ERR,ERR,ERR,ERR,ERR,ERR,ERR,ERR,ERR,ERR,ERR,ERR,ERR,ERR,ERR,ERR,ERR,ERR,ERR,ERR,ERR,ERR,ERR,ERR,ERR,ERR,ERR,ERR,ERR,ERR,ERR,ERR,ERR,ERR,ERR,ERR,ERR,ERR,ERR,ERR,ERR,ERR,ERR,ERR,ERR,ERR,ERR,ERR,ERR,ERR,ERR,ERR,ERR,ERR,ERR,ERR,ERR,ERR,ERR,ERR,ERR,ERR,ERR,ERR,ERR,ERR,ERR,ERR,ERR,ERR,ERR,ERR,ERR,ERR,ERR,ERR,ERR,ERR,ERR,ERR,ERR,ERR,ERR,ERR,ERR,ERR,ERR,ERR,ERR,ERR,ERR,ERR,ERR,ERR,ERR,ERR,ERR,ERR,ERR,ERR,ERR,ERR,ERR,ERR,ERR,ERR,ERR,ERR,ERR,ERR,ERR,ERR,ERR,ERR,ERR,ERR,ERR,ERR,ERR,ERR,ERR,ERR,ERR,ERR,0.0,-0.0,-0.0,0.0,0.0,1.3936040501711995e+18,7.805,0.0,0,0,4,0,8422,0.0,45,0.0,0.0,0.0,0.0,0.0,0,0,0,0,0.0,0,0,0,0,0,0,0,0,0,0,0,0,0,0,0,0,0,0,0,0,0,0,0,0,0,0,0,0,0,0,0,0,0,38,14,7,45,65476,0,300,0,0,8,21553,0.0,-107605600.0,0.0,0.0,0.0,0.0,0.0,0.0,0.0,0.0,0.0,0.0,0.0,0.0,0.0,0.0,0.0,0.0,0.0,0.0,0.0,0.0,-2.004,-0.0,2.004,-2.004,0.0,0.0,0.0,0.0,5034.0,-0.0,0.0,0.0,-0.0,-107615272.0,2.718429120148166e+23,0.0,0.0,0.0,0.0,53,89221.109,-0.0,0.0,0.0,0.0,0.0,0.0,0.0,0.0,0,0,0,0.0,0.0,0.0,0.0,0.0,0.0,0.0,0.0,0.0,0.0,0.0,0.0,0.0,0.0,0.0,0.0,0,-107875648.0,53,0.0,106,-107614832.0,0.0,ERR,ERR,ERR,ERR,ERR,ERR,ERR,ERR,ERR,ERR,ERR,ERR,ERR,ERR,ERR,ERR,ERR,ERR,ERR,ERR,ERR,ERR,ERR,ERR,ERR,ERR,ERR,ERR,ERR,ERR,ERR,ERR,ERR,ERR,ERR,ERR,ERR,ERR,ERR,ERR,ERR,ERR,ERR,ERR,ERR,ERR,ERR,ERR,ERR,ERR,ERR,ERR,ERR,ERR,ERR,ERR,ERR,ERR,ERR,ERR,ERR,ERR,ERR,ERR,ERR,ERR,ERR,50.0,60.0,100,0.0,0.0,0.0,0.0,0.0,0.0,0.0,0.0,0.0,0.0,0.0,0.0,0.0,0.0,0.0,0.0,62.0,65,19,65521,50,65476,0,300,0,0,8,20529,65476,0,0,26214,60.0,0.0,0.0,0.0,0.0,0.0
2026-05-17T16:05:09,ERR,ERR,ERR,ERR,ERR,ERR,ERR,ERR,ERR,ERR,ERR,ERR,ERR,ERR,ERR,ERR,ERR,ERR,ERR,ERR,ERR,ERR,ERR,ERR,ERR,ERR,ERR,ERR,ERR,ERR,ERR,ERR,ERR,ERR,ERR,ERR,ERR,ERR,ERR,ERR,ERR,ERR,ERR,ERR,ERR,ERR,ERR,ERR,ERR,ERR,ERR,ERR,ERR,ERR,ERR,ERR,ERR,ERR,ERR,ERR,ERR,ERR,ERR,ERR,ERR,ERR,ERR,ERR,ERR,ERR,ERR,ERR,ERR,ERR,ERR,ERR,ERR,ERR,ERR,ERR,ERR,ERR,ERR,ERR,ERR,ERR,ERR,ERR,ERR,ERR,ERR,ERR,ERR,ERR,ERR,ERR,ERR,ERR,ERR,ERR,ERR,ERR,ERR,ERR,ERR,ERR,ERR,ERR,ERR,ERR,ERR,ERR,ERR,ERR,ERR,ERR,ERR,ERR,ERR,ERR,ERR,ERR,ERR,ERR,ERR,0.0,-0.0,-0.0,0.0,0.0,1.3936040501711995e+18,7.805,0.0,0,0,4,0,8422,0.0,45,0.0,0.0,0.0,0.0,0.0,0,0,0,0,0.0,0,0,0,0,0,0,0,0,0,0,0,0,0,0,0,0,0,0,0,0,0,0,0,0,0,0,0,0,0,0,0,0,0,38,14,7,45,65476,0,300,0,0,8,21553,0.0,-107605600.0,0.0,0.0,0.0,0.0,0.0,0.0,0.0,0.0,0.0,0.0,0.0,0.0,0.0,0.0,0.0,0.0,0.0,0.0,0.0,0.0,-2.004,-0.0,2.004,-2.004,0.0,0.0,0.0,0.0,5034.0,-0.0,0.0,0.0,-0.0,-107615272.0,2.718429120148166e+23,0.0,0.0,0.0,0.0,53,89221.109,-0.0,0.0,0.0,0.0,0.0,0.0,0.0,0.0,0,0,0,0.0,0.0,0.0,0.0,0.0,0.0,0.0,0.0,0.0,0.0,0.0,0.0,0.0,0.0,0.0,0.0,0,-107875648.0,53,0.0,106,-107614832.0,0.0,ERR,ERR,ERR,ERR,ERR,ERR,ERR,ERR,ERR,ERR,ERR,ERR,ERR,ERR,ERR,ERR,ERR,ERR,ERR,ERR,ERR,ERR,ERR,ERR,ERR,ERR,ERR,ERR,ERR,ERR,ERR,ERR,ERR,ERR,ERR,ERR,ERR,ERR,ERR,ERR,ERR,ERR,ERR,ERR,ERR,ERR,ERR,ERR,ERR,ERR,ERR,ERR,ERR,ERR,ERR,ERR,ERR,ERR,ERR,ERR,ERR,ERR,ERR,ERR,ERR,ERR,ERR,50.0,60.0,100,0.0,0.0,0.0,0.0,0.0,0.0,0.0,0.0,0.0,0.0,0.0,0.0,0.0,0.0,0.0,0.0,61.6,65,19,65521,50,65476,0,300,0,0,8,20529,65476,0,0,26214,60.0,0.0,0.0,0.0,0.0,0.0
2026-05-17T16:05:10,ERR,ERR,ERR,ERR,ERR,ERR,ERR,ERR,ERR,ERR,ERR,ERR,ERR,ERR,ERR,ERR,ERR,ERR,ERR,ERR,ERR,ERR,ERR,ERR,ERR,ERR,ERR,ERR,ERR,ERR,ERR,ERR,ERR,ERR,ERR,ERR,ERR,ERR,ERR,ERR,ERR,ERR,ERR,ERR,ERR,ERR,ERR,ERR,ERR,ERR,ERR,ERR,ERR,ERR,ERR,ERR,ERR,ERR,ERR,ERR,ERR,ERR,ERR,ERR,ERR,ERR,ERR,ERR,ERR,ERR,ERR,ERR,ERR,ERR,ERR,ERR,ERR,ERR,ERR,ERR,ERR,ERR,ERR,ERR,ERR,ERR,ERR,ERR,ERR,ERR,ERR,ERR,ERR,ERR,ERR,ERR,ERR,ERR,ERR,ERR,ERR,ERR,ERR,ERR,ERR,ERR,ERR,ERR,ERR,ERR,ERR,ERR,ERR,ERR,ERR,ERR,ERR,ERR,ERR,ERR,ERR,ERR,ERR,ERR,ERR,0.0,-0.0,-0.0,0.0,0.0,1.3936040501711995e+18,7.805,0.0,0,0,4,0,8422,0.0,45,0.0,0.0,0.0,0.0,0.0,0,0,0,0,0.0,0,0,0,0,0,0,0,0,0,0,0,0,0,0,0,0,0,0,0,0,0,0,0,0,0,0,0,0,0,0,0,0,0,38,14,7,45,65476,0,300,0,0,8,21553,0.0,-107605600.0,0.0,0.0,0.0,0.0,0.0,0.0,0.0,0.0,0.0,0.0,0.0,0.0,0.0,0.0,0.0,0.0,0.0,0.0,0.0,0.0,-2.004,-0.0,2.004,-2.004,0.0,0.0,0.0,0.0,5034.0,-0.0,0.0,0.0,-0.0,-107615272.0,2.718429120148166e+23,0.0,0.0,0.0,0.0,53,89221.109,-0.0,0.0,0.0,0.0,0.0,0.0,0.0,0.0,0,0,0,0.0,0.0,0.0,0.0,0.0,0.0,0.0,0.0,0.0,0.0,0.0,0.0,0.0,0.0,0.0,0.0,0,-107875648.0,53,0.0,106,-107614832.0,0.0,ERR,ERR,ERR,ERR,ERR,ERR,ERR,ERR,ERR,ERR,ERR,ERR,ERR,ERR,ERR,ERR,ERR,ERR,ERR,ERR,ERR,ERR,ERR,ERR,ERR,ERR,ERR,ERR,ERR,ERR,ERR,ERR,ERR,ERR,ERR,ERR,ERR,ERR,ERR,ERR,ERR,ERR,ERR,ERR,ERR,ERR,ERR,ERR,ERR,ERR,ERR,ERR,ERR,ERR,ERR,ERR,ERR,ERR,ERR,ERR,ERR,ERR,ERR,ERR,ERR,ERR,ERR,50.0,60.0,100,0.0,0.0,0.0,0.0,0.0,0.0,0.0,0.0,0.0,0.0,0.0,0.0,0.0,0.0,0.0,0.0,61.6,65,19,65521,50,65476,0,300,0,0,8,20529,65476,0,0,26214,60.0,0.0,0.0,0.0,0.0,0.0
2026-05-17T16:05:11,ERR,ERR,ERR,ERR,ERR,ERR,ERR,ERR,ERR,ERR,ERR,ERR,ERR,ERR,ERR,ERR,ERR,ERR,ERR,ERR,ERR,ERR,ERR,ERR,ERR,ERR,ERR,ERR,ERR,ERR,ERR,ERR,ERR,ERR,ERR,ERR,ERR,ERR,ERR,ERR,ERR,ERR,ERR,ERR,ERR,ERR,ERR,ERR,ERR,ERR,ERR,ERR,ERR,ERR,ERR,ERR,ERR,ERR,ERR,ERR,ERR,ERR,ERR,ERR,ERR,ERR,ERR,ERR,ERR,ERR,ERR,ERR,ERR,ERR,ERR,ERR,ERR,ERR,ERR,ERR,ERR,ERR,ERR,ERR,ERR,ERR,ERR,ERR,ERR,ERR,ERR,ERR,ERR,ERR,ERR,ERR,ERR,ERR,ERR,ERR,ERR,ERR,ERR,ERR,ERR,ERR,ERR,ERR,ERR,ERR,ERR,ERR,ERR,ERR,ERR,ERR,ERR,ERR,ERR,ERR,ERR,ERR,ERR,ERR,ERR,0.0,-0.0,-0.0,0.0,0.0,1.3936040501711995e+18,7.805,0.0,0,0,4,0,8422,0.0,45,0.0,0.0,0.0,0.0,0.0,0,0,0,0,0.0,0,0,0,0,0,0,0,0,0,0,0,0,0,0,0,0,0,0,0,0,0,0,0,0,0,0,0,0,0,0,0,0,0,38,14,7,45,65476,0,300,0,0,8,21553,0.0,-107605600.0,0.0,0.0,0.0,0.0,0.0,0.0,0.0,0.0,0.0,0.0,0.0,0.0,0.0,0.0,0.0,0.0,0.0,0.0,0.0,0.0,-2.004,-0.0,2.004,-2.004,0.0,0.0,0.0,0.0,5034.0,-0.0,0.0,0.0,-0.0,-107615272.0,2.718429120148166e+23,0.0,0.0,0.0,0.0,53,89221.109,-0.0,0.0,0.0,0.0,0.0,0.0,0.0,0.0,0,0,0,0.0,0.0,0.0,0.0,0.0,0.0,0.0,0.0,0.0,0.0,0.0,0.0,0.0,0.0,0.0,0.0,0,-107875648.0,53,0.0,106,-107614832.0,0.0,ERR,ERR,ERR,ERR,ERR,ERR,ERR,ERR,ERR,ERR,ERR,ERR,ERR,ERR,ERR,ERR,ERR,ERR,ERR,ERR,ERR,ERR,ERR,ERR,ERR,ERR,ERR,ERR,ERR,ERR,ERR,ERR,ERR,ERR,ERR,ERR,ERR,ERR,ERR,ERR,ERR,ERR,ERR,ERR,ERR,ERR,ERR,ERR,ERR,ERR,ERR,ERR,ERR,ERR,ERR,ERR,ERR,ERR,ERR,ERR,ERR,ERR,ERR,ERR,ERR,ERR,ERR,50.0,60.0,100,0.0,0.0,0.0,0.0,0.0,0.0,0.0,0.0,0.0,0.0,0.0,0.0,0.0,0.0,0.0,0.0,61.6,65,19,65521,50,65476,0,300,0,0,8,20529,65476,0,0,26214,60.0,0.0,0.0,0.0,0.0,0.0
2026-05-17T16:05:12,ERR,ERR,ERR,ERR,ERR,ERR,ERR,ERR,ERR,ERR,ERR,ERR,ERR,ERR,ERR,ERR,ERR,ERR,ERR,ERR,ERR,ERR,ERR,ERR,ERR,ERR,ERR,ERR,ERR,ERR,ERR,ERR,ERR,ERR,ERR,ERR,ERR,ERR,ERR,ERR,ERR,ERR,ERR,ERR,ERR,ERR,ERR,ERR,ERR,ERR,ERR,ERR,ERR,ERR,ERR,ERR,ERR,ERR,ERR,ERR,ERR,ERR,ERR,ERR,ERR,ERR,ERR,ERR,ERR,ERR,ERR,ERR,ERR,ERR,ERR,ERR,ERR,ERR,ERR,ERR,ERR,ERR,ERR,ERR,ERR,ERR,ERR,ERR,ERR,ERR,ERR,ERR,ERR,ERR,ERR,ERR,ERR,ERR,ERR,ERR,ERR,ERR,ERR,ERR,ERR,ERR,ERR,ERR,ERR,ERR,ERR,ERR,ERR,ERR,ERR,ERR,ERR,ERR,ERR,ERR,ERR,ERR,ERR,ERR,ERR,0.0,-0.0,-0.0,0.0,0.0,1.3936040501711995e+18,7.805,0.0,0,0,4,0,8422,0.0,45,0.0,0.0,0.0,0.0,0.0,0,0,0,0,0.0,0,0,0,0,0,0,0,0,0,0,0,0,0,0,0,0,0,0,0,0,0,0,0,0,0,0,0,0,0,0,0,0,0,38,14,7,45,65476,0,300,0,0,8,21553,0.0,-107605600.0,0.0,0.0,0.0,0.0,0.0,0.0,0.0,0.0,0.0,0.0,0.0,0.0,0.0,0.0,0.0,0.0,0.0,0.0,0.0,0.0,-2.004,-0.0,2.004,-2.004,0.0,0.0,0.0,0.0,5033.0,-0.0,0.0,0.0,-0.0,-107615272.0,2.718429120148166e+23,0.0,0.0,0.0,0.0,53,152018454839296.0,-0.0,0.0,0.0,0.0,0.0,0.0,0.0,0.0,0,0,0,0.0,0.0,0.0,0.0,0.0,0.0,0.0,0.0,0.0,0.0,0.0,0.0,0.0,0.0,0.0,0.0,0,-107875648.0,53,0.0,106,-107614832.0,0.0,ERR,ERR,ERR,ERR,ERR,ERR,ERR,ERR,ERR,ERR,ERR,ERR,ERR,ERR,ERR,ERR,ERR,ERR,ERR,ERR,ERR,ERR,ERR,ERR,ERR,ERR,ERR,ERR,ERR,ERR,ERR,ERR,ERR,ERR,ERR,ERR,ERR,ERR,ERR,ERR,ERR,ERR,ERR,ERR,ERR,ERR,ERR,ERR,ERR,ERR,ERR,ERR,ERR,ERR,ERR,ERR,ERR,ERR,ERR,ERR,ERR,ERR,ERR,ERR,ERR,ERR,ERR,50.0,60.0,100,0.0,0.0,0.0,0.0,0.0,0.0,0.0,0.0,0.0,0.0,0.0,0.0,0.0,0.0,0.0,0.0,61.6,65,19,65521,50,65476,0,300,0,0,8,20529,65476,0,0,26214,60.0,0.0,0.0,0.0,0.0,0.0
2026-05-17T16:05:13,ERR,ERR,ERR,ERR,ERR,ERR,ERR,ERR,ERR,ERR,ERR,ERR,ERR,ERR,ERR,ERR,ERR,ERR,ERR,ERR,ERR,ERR,ERR,ERR,ERR,ERR,ERR,ERR,ERR,ERR,ERR,ERR,ERR,ERR,ERR,ERR,ERR,ERR,ERR,ERR,ERR,ERR,ERR,ERR,ERR,ERR,ERR,ERR,ERR,ERR,ERR,ERR,ERR,ERR,ERR,ERR,ERR,ERR,ERR,ERR,ERR,ERR,ERR,ERR,ERR,ERR,ERR,ERR,ERR,ERR,ERR,ERR,ERR,ERR,ERR,ERR,ERR,ERR,ERR,ERR,ERR,ERR,ERR,ERR,ERR,ERR,ERR,ERR,ERR,ERR,ERR,ERR,ERR,ERR,ERR,ERR,ERR,ERR,ERR,ERR,ERR,ERR,ERR,ERR,ERR,ERR,ERR,ERR,ERR,ERR,ERR,ERR,ERR,ERR,ERR,ERR,ERR,ERR,ERR,ERR,ERR,ERR,ERR,ERR,ERR,0.0,-0.0,-0.0,0.0,0.0,1.3936040501711995e+18,7.805,0.0,0,0,4,0,8422,0.0,45,0.0,0.0,0.0,0.0,0.0,0,0,0,0,0.0,0,0,0,0,0,0,0,0,0,0,0,0,0,0,0,0,0,0,0,0,0,0,0,0,0,0,0,0,0,0,0,0,0,38,14,7,45,65476,0,300,0,0,8,21553,0.0,-107605600.0,0.0,0.0,0.0,0.0,0.0,0.0,0.0,0.0,0.0,0.0,0.0,0.0,0.0,0.0,0.0,0.0,0.0,0.0,0.0,0.0,-2.004,-0.0,2.004,-2.004,0.0,0.0,0.0,0.0,5033.0,-0.0,0.0,0.0,-0.0,-107615272.0,2.718429120148166e+23,0.0,0.0,0.0,0.0,53,152018454839296.0,-0.0,0.0,0.0,0.0,0.0,0.0,0.0,0.0,0,0,0,0.0,0.0,0.0,0.0,0.0,0.0,0.0,0.0,0.0,0.0,0.0,0.0,0.0,0.0,0.0,0.0,0,-107875648.0,53,0.0,106,-107614832.0,0.0,ERR,ERR,ERR,ERR,ERR,ERR,ERR,ERR,ERR,ERR,ERR,ERR,ERR,ERR,ERR,ERR,ERR,ERR,ERR,ERR,ERR,ERR,ERR,ERR,ERR,ERR,ERR,ERR,ERR,ERR,ERR,ERR,ERR,ERR,ERR,ERR,ERR,ERR,ERR,ERR,ERR,ERR,ERR,ERR,ERR,ERR,ERR,ERR,ERR,ERR,ERR,ERR,ERR,ERR,ERR,ERR,ERR,ERR,ERR,ERR,ERR,ERR,ERR,ERR,ERR,ERR,ERR,50.0,60.0,100,0.0,0.0,0.0,0.0,0.0,0.0,0.0,0.0,0.0,0.0,0.0,0.0,0.0,0.0,0.0,0.0,61.6,65,19,65521,50,65476,0,300,0,0,8,20529,65476,0,0,26214,60.0,0.0,0.0,0.0,0.0,0.0
2026-05-17T16:05:14,ERR,ERR,ERR,ERR,ERR,ERR,ERR,ERR,ERR,ERR,ERR,ERR,ERR,ERR,ERR,ERR,ERR,ERR,ERR,ERR,ERR,ERR,ERR,ERR,ERR,ERR,ERR,ERR,ERR,ERR,ERR,ERR,ERR,ERR,ERR,ERR,ERR,ERR,ERR,ERR,ERR,ERR,ERR,ERR,ERR,ERR,ERR,ERR,ERR,ERR,ERR,ERR,ERR,ERR,ERR,ERR,ERR,ERR,ERR,ERR,ERR,ERR,ERR,ERR,ERR,ERR,ERR,ERR,ERR,ERR,ERR,ERR,ERR,ERR,ERR,ERR,ERR,ERR,ERR,ERR,ERR,ERR,ERR,ERR,ERR,ERR,ERR,ERR,ERR,ERR,ERR,ERR,ERR,ERR,ERR,ERR,ERR,ERR,ERR,ERR,ERR,ERR,ERR,ERR,ERR,ERR,ERR,ERR,ERR,ERR,ERR,ERR,ERR,ERR,ERR,ERR,ERR,ERR,ERR,ERR,ERR,ERR,ERR,ERR,ERR,0.0,-0.0,-0.0,0.0,0.0,1.3936040501711995e+18,7.805,0.0,0,0,4,0,8422,0.0,45,0.0,0.0,0.0,0.0,0.0,0,0,0,0,0.0,0,0,0,0,0,0,0,0,0,0,0,0,0,0,0,0,0,0,0,0,0,0,0,0,0,0,0,0,0,0,0,0,0,38,14,7,45,65476,0,300,0,0,8,21553,0.0,-107605600.0,0.0,0.0,0.0,0.0,0.0,0.0,0.0,0.0,0.0,0.0,0.0,0.0,0.0,0.0,0.0,0.0,0.0,0.0,0.0,0.0,-2.004,-0.0,2.004,-2.004,0.0,0.0,0.0,0.0,5033.0,-0.0,0.0,0.0,-0.0,-107615272.0,2.718429120148166e+23,0.0,0.0,0.0,0.0,53,152018454839296.0,-0.0,0.0,0.0,0.0,0.0,0.0,0.0,0.0,0,0,0,0.0,0.0,0.0,0.0,0.0,0.0,0.0,0.0,0.0,0.0,0.0,0.0,0.0,0.0,0.0,0.0,0,-107875648.0,53,0.0,106,-107614832.0,0.0,ERR,ERR,ERR,ERR,ERR,ERR,ERR,ERR,ERR,ERR,ERR,ERR,ERR,ERR,ERR,ERR,ERR,ERR,ERR,ERR,ERR,ERR,ERR,ERR,ERR,ERR,ERR,ERR,ERR,ERR,ERR,ERR,ERR,ERR,ERR,ERR,ERR,ERR,ERR,ERR,ERR,ERR,ERR,ERR,ERR,ERR,ERR,ERR,ERR,ERR,ERR,ERR,ERR,ERR,ERR,ERR,ERR,ERR,ERR,ERR,ERR,ERR,ERR,ERR,ERR,ERR,ERR,50.0,60.0,100,0.0,0.0,0.0,0.0,0.0,0.0,0.0,0.0,0.0,0.0,0.0,0.0,0.0,0.0,0.0,0.0,61.6,65,19,65521,50,65476,0,300,0,0,8,20529,65476,0,0,26214,60.0,0.0,0.0,0.0,0.0,0.0
2026-05-17T16:05:15,ERR,ERR,ERR,ERR,ERR,ERR,ERR,ERR,ERR,ERR,ERR,ERR,ERR,ERR,ERR,ERR,ERR,ERR,ERR,ERR,ERR,ERR,ERR,ERR,ERR,ERR,ERR,ERR,ERR,ERR,ERR,ERR,ERR,ERR,ERR,ERR,ERR,ERR,ERR,ERR,ERR,ERR,ERR,ERR,ERR,ERR,ERR,ERR,ERR,ERR,ERR,ERR,ERR,ERR,ERR,ERR,ERR,ERR,ERR,ERR,ERR,ERR,ERR,ERR,ERR,ERR,ERR,ERR,ERR,ERR,ERR,ERR,ERR,ERR,ERR,ERR,ERR,ERR,ERR,ERR,ERR,ERR,ERR,ERR,ERR,ERR,ERR,ERR,ERR,ERR,ERR,ERR,ERR,ERR,ERR,ERR,ERR,ERR,ERR,ERR,ERR,ERR,ERR,ERR,ERR,ERR,ERR,ERR,ERR,ERR,ERR,ERR,ERR,ERR,ERR,ERR,ERR,ERR,ERR,ERR,ERR,ERR,ERR,ERR,ERR,0.0,-0.0,-0.0,0.0,0.0,1.3936040501711995e+18,7.805,0.0,0,0,4,0,8422,0.0,45,0.0,0.0,0.0,0.0,0.0,0,0,0,0,0.0,0,0,0,0,0,0,0,0,0,0,0,0,0,0,0,0,0,0,0,0,0,0,0,0,0,0,0,0,0,0,0,0,0,38,14,7,45,65476,0,300,0,0,8,21553,0.0,-107605600.0,0.0,0.0,0.0,0.0,0.0,0.0,0.0,0.0,0.0,0.0,0.0,0.0,0.0,0.0,0.0,0.0,0.0,0.0,0.0,0.0,-2.004,-0.0,2.004,-2.004,0.0,0.0,0.0,0.0,5033.0,-0.0,0.0,0.0,-0.0,-107615272.0,2.718429120148166e+23,0.0,0.0,0.0,0.0,53,152018454839296.0,-0.0,0.0,0.0,0.0,0.0,0.0,0.0,0.0,0,0,0,0.0,0.0,0.0,0.0,0.0,0.0,0.0,0.0,0.0,0.0,0.0,0.0,0.0,0.0,0.0,0.0,0,-107875648.0,53,0.0,106,-107614832.0,0.0,ERR,ERR,ERR,ERR,ERR,ERR,ERR,ERR,ERR,ERR,ERR,ERR,ERR,ERR,ERR,ERR,ERR,ERR,ERR,ERR,ERR,ERR,ERR,ERR,ERR,ERR,ERR,ERR,ERR,ERR,ERR,ERR,ERR,ERR,ERR,ERR,ERR,ERR,ERR,ERR,ERR,ERR,ERR,ERR,ERR,ERR,ERR,ERR,ERR,ERR,ERR,ERR,ERR,ERR,ERR,ERR,ERR,ERR,ERR,ERR,ERR,ERR,ERR,ERR,ERR,ERR,ERR,50.0,60.0,100,0.0,0.0,0.0,0.0,0.0,0.0,0.0,0.0,0.0,0.0,0.0,0.0,0.0,0.0,0.0,0.0,61.6,65,19,65521,50,65476,0,300,0,0,8,20529,65476,0,0,26214,60.0,0.0,0.0,0.0,0.0,0.0
2026-05-17T16:05:16,ERR,ERR,ERR,ERR,ERR,ERR,ERR,ERR,ERR,ERR,ERR,ERR,ERR,ERR,ERR,ERR,ERR,ERR,ERR,ERR,ERR,ERR,ERR,ERR,ERR,ERR,ERR,ERR,ERR,ERR,ERR,ERR,ERR,ERR,ERR,ERR,ERR,ERR,ERR,ERR,ERR,ERR,ERR,ERR,ERR,ERR,ERR,ERR,ERR,ERR,ERR,ERR,ERR,ERR,ERR,ERR,ERR,ERR,ERR,ERR,ERR,ERR,ERR,ERR,ERR,ERR,ERR,ERR,ERR,ERR,ERR,ERR,ERR,ERR,ERR,ERR,ERR,ERR,ERR,ERR,ERR,ERR,ERR,ERR,ERR,ERR,ERR,ERR,ERR,ERR,ERR,ERR,ERR,ERR,ERR,ERR,ERR,ERR,ERR,ERR,ERR,ERR,ERR,ERR,ERR,ERR,ERR,ERR,ERR,ERR,ERR,ERR,ERR,ERR,ERR,ERR,ERR,ERR,ERR,ERR,ERR,ERR,ERR,ERR,ERR,0.0,-0.0,-0.0,0.0,0.0,1.3936040501711995e+18,7.805,0.0,0,0,4,0,8422,0.0,45,0.0,0.0,0.0,0.0,0.0,0,0,0,0,0.0,0,0,0,0,0,0,0,0,0,0,0,0,0,0,0,0,0,0,0,0,0,0,0,0,0,0,0,0,0,0,0,0,0,38,14,7,45,65476,0,300,0,0,8,21553,0.0,-107605600.0,0.0,0.0,0.0,0.0,0.0,0.0,0.0,0.0,0.0,0.0,0.0,0.0,0.0,0.0,0.0,0.0,0.0,0.0,0.0,0.0,-2.004,-0.0,2.004,-2.004,0.0,0.0,0.0,0.0,5033.0,-0.0,0.0,0.0,-0.0,-107615272.0,2.718429120148166e+23,0.0,0.0,0.0,0.0,53,152018454839296.0,-0.0,0.0,0.0,0.0,0.0,0.0,0.0,0.0,0,0,0,0.0,0.0,0.0,0.0,0.0,0.0,0.0,0.0,0.0,0.0,0.0,0.0,0.0,0.0,0.0,0.0,0,-107875648.0,53,0.0,106,-107614832.0,0.0,ERR,ERR,ERR,ERR,ERR,ERR,ERR,ERR,ERR,ERR,ERR,ERR,ERR,ERR,ERR,ERR,ERR,ERR,ERR,ERR,ERR,ERR,ERR,ERR,ERR,ERR,ERR,ERR,ERR,ERR,ERR,ERR,ERR,ERR,ERR,ERR,ERR,ERR,ERR,ERR,ERR,ERR,ERR,ERR,ERR,ERR,ERR,ERR,ERR,ERR,ERR,ERR,ERR,ERR,ERR,ERR,ERR,ERR,ERR,ERR,ERR,ERR,ERR,ERR,ERR,ERR,ERR,50.0,60.0,100,0.0,0.0,0.0,0.0,0.0,0.0,0.0,0.0,0.0,0.0,0.0,0.0,0.0,0.0,0.0,0.0,62.0,65,19,65521,50,65476,0,300,0,0,8,20529,65476,0,0,26214,60.0,0.0,0.0,0.0,0.0,0.0
2026-05-17T16:05:17,ERR,ERR,ERR,ERR,ERR,ERR,ERR,ERR,ERR,ERR,ERR,ERR,ERR,ERR,ERR,ERR,ERR,ERR,ERR,ERR,ERR,ERR,ERR,ERR,ERR,ERR,ERR,ERR,ERR,ERR,ERR,ERR,ERR,ERR,ERR,ERR,ERR,ERR,ERR,ERR,ERR,ERR,ERR,ERR,ERR,ERR,ERR,ERR,ERR,ERR,ERR,ERR,ERR,ERR,ERR,ERR,ERR,ERR,ERR,ERR,ERR,ERR,ERR,ERR,ERR,ERR,ERR,ERR,ERR,ERR,ERR,ERR,ERR,ERR,ERR,ERR,ERR,ERR,ERR,ERR,ERR,ERR,ERR,ERR,ERR,ERR,ERR,ERR,ERR,ERR,ERR,ERR,ERR,ERR,ERR,ERR,ERR,ERR,ERR,ERR,ERR,ERR,ERR,ERR,ERR,ERR,ERR,ERR,ERR,ERR,ERR,ERR,ERR,ERR,ERR,ERR,ERR,ERR,ERR,ERR,ERR,ERR,ERR,ERR,ERR,0.0,-0.0,-0.0,0.0,0.0,1.3936040501711995e+18,7.805,0.0,0,0,4,0,8422,0.0,45,0.0,0.0,0.0,0.0,0.0,0,0,0,0,0.0,0,0,0,0,0,0,0,0,0,0,0,0,0,0,0,0,0,0,0,0,0,0,0,0,0,0,0,0,0,0,0,0,0,38,14,7,45,65476,0,300,0,0,8,21553,0.0,-107605600.0,0.0,0.0,0.0,0.0,0.0,0.0,0.0,0.0,0.0,0.0,0.0,0.0,0.0,0.0,0.0,0.0,0.0,0.0,0.0,0.0,-2.004,-0.0,2.004,-2.004,0.0,0.0,0.0,0.0,5040.0,-3.697186573429349e+19,0.0,0.0,-0.0,-107615272.0,2.718429120148166e+23,0.0,0.0,0.0,0.0,53,4.066880103266858e+29,0.059,0.0,0.0,0.0,0.0,0.0,0.0,0.0,0,0,0,0.0,0.0,0.0,0.0,0.0,0.0,0.0,0.0,0.0,0.0,0.0,0.0,0.0,0.0,0.0,0.0,0,-107875648.0,53,0.0,106,-107614832.0,0.0,ERR,ERR,ERR,ERR,ERR,ERR,ERR,ERR,ERR,ERR,ERR,ERR,ERR,ERR,ERR,ERR,ERR,ERR,ERR,ERR,ERR,ERR,ERR,ERR,ERR,ERR,ERR,ERR,ERR,ERR,ERR,ERR,ERR,ERR,ERR,ERR,ERR,ERR,ERR,ERR,ERR,ERR,ERR,ERR,ERR,ERR,ERR,ERR,ERR,ERR,ERR,ERR,ERR,ERR,ERR,ERR,ERR,ERR,ERR,ERR,ERR,ERR,ERR,ERR,ERR,ERR,ERR,50.0,60.0,100,0.0,0.0,0.0,0.0,0.0,0.0,0.0,0.0,0.0,0.0,0.0,0.0,0.0,0.0,0.0,0.0,62.0,65,19,65521,50,65476,0,300,0,0,8,20529,65476,0,0,26214,60.0,0.0,0.0,0.0,0.0,0.0
2026-05-17T16:05:18,ERR,ERR,ERR,ERR,ERR,ERR,ERR,ERR,ERR,ERR,ERR,ERR,ERR,ERR,ERR,ERR,ERR,ERR,ERR,ERR,ERR,ERR,ERR,ERR,ERR,ERR,ERR,ERR,ERR,ERR,ERR,ERR,ERR,ERR,ERR,ERR,ERR,ERR,ERR,ERR,ERR,ERR,ERR,ERR,ERR,ERR,ERR,ERR,ERR,ERR,ERR,ERR,ERR,ERR,ERR,ERR,ERR,ERR,ERR,ERR,ERR,ERR,ERR,ERR,ERR,ERR,ERR,ERR,ERR,ERR,ERR,ERR,ERR,ERR,ERR,ERR,ERR,ERR,ERR,ERR,ERR,ERR,ERR,ERR,ERR,ERR,ERR,ERR,ERR,ERR,ERR,ERR,ERR,ERR,ERR,ERR,ERR,ERR,ERR,ERR,ERR,ERR,ERR,ERR,ERR,ERR,ERR,ERR,ERR,ERR,ERR,ERR,ERR,ERR,ERR,ERR,ERR,ERR,ERR,ERR,ERR,ERR,ERR,ERR,ERR,0.0,-0.0,-0.0,0.0,0.0,1.3936040501711995e+18,7.805,0.0,0,0,4,0,8422,0.0,45,0.0,0.0,0.0,0.0,0.0,0,0,0,0,0.0,0,0,0,0,0,0,0,0,0,0,0,0,0,0,0,0,0,0,0,0,0,0,0,0,0,0,0,0,0,0,0,0,0,38,14,7,45,65476,0,300,0,0,8,21553,0.0,-107605600.0,0.0,0.0,0.0,0.0,0.0,0.0,0.0,0.0,0.0,0.0,0.0,0.0,0.0,0.0,0.0,0.0,0.0,0.0,0.0,0.0,-2.004,-0.0,2.004,-2.004,0.0,0.0,0.0,0.0,5040.0,-3.697186573429349e+19,0.0,0.0,-0.0,-107615272.0,2.718429120148166e+23,0.0,0.0,0.0,0.0,53,4.066880103266858e+29,0.059,0.0,0.0,0.0,0.0,0.0,0.0,0.0,0,0,0,0.0,0.0,0.0,0.0,0.0,0.0,0.0,0.0,0.0,0.0,0.0,0.0,0.0,0.0,0.0,0.0,0,-107875648.0,53,0.0,106,-107614832.0,0.0,ERR,ERR,ERR,ERR,ERR,ERR,ERR,ERR,ERR,ERR,ERR,ERR,ERR,ERR,ERR,ERR,ERR,ERR,ERR,ERR,ERR,ERR,ERR,ERR,ERR,ERR,ERR,ERR,ERR,ERR,ERR,ERR,ERR,ERR,ERR,ERR,ERR,ERR,ERR,ERR,ERR,ERR,ERR,ERR,ERR,ERR,ERR,ERR,ERR,ERR,ERR,ERR,ERR,ERR,ERR,ERR,ERR,ERR,ERR,ERR,ERR,ERR,ERR,ERR,ERR,ERR,ERR,50.0,60.0,100,0.0,0.0,0.0,0.0,0.0,0.0,0.0,0.0,0.0,0.0,0.0,0.0,0.0,0.0,0.0,0.0,61.6,65,19,65521,50,65476,0,300,0,0,8,20529,65476,0,0,26214,60.0,0.0,0.0,0.0,0.0,0.0
2026-05-17T16:05:19,ERR,ERR,ERR,ERR,ERR,ERR,ERR,ERR,ERR,ERR,ERR,ERR,ERR,ERR,ERR,ERR,ERR,ERR,ERR,ERR,ERR,ERR,ERR,ERR,ERR,ERR,ERR,ERR,ERR,ERR,ERR,ERR,ERR,ERR,ERR,ERR,ERR,ERR,ERR,ERR,ERR,ERR,ERR,ERR,ERR,ERR,ERR,ERR,ERR,ERR,ERR,ERR,ERR,ERR,ERR,ERR,ERR,ERR,ERR,ERR,ERR,ERR,ERR,ERR,ERR,ERR,ERR,ERR,ERR,ERR,ERR,ERR,ERR,ERR,ERR,ERR,ERR,ERR,ERR,ERR,ERR,ERR,ERR,ERR,ERR,ERR,ERR,ERR,ERR,ERR,ERR,ERR,ERR,ERR,ERR,ERR,ERR,ERR,ERR,ERR,ERR,ERR,ERR,ERR,ERR,ERR,ERR,ERR,ERR,ERR,ERR,ERR,ERR,ERR,ERR,ERR,ERR,ERR,ERR,ERR,ERR,ERR,ERR,ERR,ERR,0.0,-0.0,-0.0,0.0,0.0,1.3936040501711995e+18,7.805,0.0,0,0,4,0,8422,0.0,45,0.0,0.0,0.0,0.0,0.0,0,0,0,0,0.0,0,0,0,0,0,0,0,0,0,0,0,0,0,0,0,0,0,0,0,0,0,0,0,0,0,0,0,0,0,0,0,0,0,38,14,7,45,65476,0,300,0,0,8,21553,0.0,-107605600.0,0.0,0.0,0.0,0.0,0.0,0.0,0.0,0.0,0.0,0.0,0.0,0.0,0.0,0.0,0.0,0.0,0.0,0.0,0.0,0.0,-2.004,-0.0,2.004,-2.004,0.0,0.0,0.0,0.0,5040.0,-3.697186573429349e+19,0.0,0.0,-0.0,-107615272.0,2.718429120148166e+23,0.0,0.0,0.0,0.0,53,4.066880103266858e+29,0.059,0.0,0.0,0.0,0.0,0.0,0.0,0.0,0,0,0,0.0,0.0,0.0,0.0,0.0,0.0,0.0,0.0,0.0,0.0,0.0,0.0,0.0,0.0,0.0,0.0,0,-107875648.0,53,0.0,106,-107614832.0,0.0,ERR,ERR,ERR,ERR,ERR,ERR,ERR,ERR,ERR,ERR,ERR,ERR,ERR,ERR,ERR,ERR,ERR,ERR,ERR,ERR,ERR,ERR,ERR,ERR,ERR,ERR,ERR,ERR,ERR,ERR,ERR,ERR,ERR,ERR,ERR,ERR,ERR,ERR,ERR,ERR,ERR,ERR,ERR,ERR,ERR,ERR,ERR,ERR,ERR,ERR,ERR,ERR,ERR,ERR,ERR,ERR,ERR,ERR,ERR,ERR,ERR,ERR,ERR,ERR,ERR,ERR,ERR,50.0,60.0,100,0.0,0.0,0.0,0.0,0.0,0.0,0.0,0.0,0.0,0.0,0.0,0.0,0.0,0.0,0.0,0.0,61.6,65,19,65521,50,65476,0,300,0,0,8,20529,65476,0,0,26214,60.0,0.0,0.0,0.0,0.0,0.0
2026-05-17T16:05:20,ERR,ERR,ERR,ERR,ERR,ERR,ERR,ERR,ERR,ERR,ERR,ERR,ERR,ERR,ERR,ERR,ERR,ERR,ERR,ERR,ERR,ERR,ERR,ERR,ERR,ERR,ERR,ERR,ERR,ERR,ERR,ERR,ERR,ERR,ERR,ERR,ERR,ERR,ERR,ERR,ERR,ERR,ERR,ERR,ERR,ERR,ERR,ERR,ERR,ERR,ERR,ERR,ERR,ERR,ERR,ERR,ERR,ERR,ERR,ERR,ERR,ERR,ERR,ERR,ERR,ERR,ERR,ERR,ERR,ERR,ERR,ERR,ERR,ERR,ERR,ERR,ERR,ERR,ERR,ERR,ERR,ERR,ERR,ERR,ERR,ERR,ERR,ERR,ERR,ERR,ERR,ERR,ERR,ERR,ERR,ERR,ERR,ERR,ERR,ERR,ERR,ERR,ERR,ERR,ERR,ERR,ERR,ERR,ERR,ERR,ERR,ERR,ERR,ERR,ERR,ERR,ERR,ERR,ERR,ERR,ERR,ERR,ERR,ERR,ERR,0.0,-0.0,-0.0,0.0,0.0,1.3936040501711995e+18,7.805,0.0,0,0,4,0,8422,0.0,45,0.0,0.0,0.0,0.0,0.0,0,0,0,0,0.0,0,0,0,0,0,0,0,0,0,0,0,0,0,0,0,0,0,0,0,0,0,0,0,0,0,0,0,0,0,0,0,0,0,38,14,7,45,65476,0,300,0,0,8,21553,0.0,-107605600.0,0.0,0.0,0.0,0.0,0.0,0.0,0.0,0.0,0.0,0.0,0.0,0.0,0.0,0.0,0.0,0.0,0.0,0.0,0.0,0.0,-2.004,-0.0,2.004,-2.004,0.0,0.0,0.0,0.0,5040.0,-3.697186573429349e+19,0.0,0.0,-0.0,-107615272.0,2.718429120148166e+23,0.0,0.0,0.0,0.0,53,4.066880103266858e+29,0.059,0.0,0.0,0.0,0.0,0.0,0.0,0.0,0,0,0,0.0,0.0,0.0,0.0,0.0,0.0,0.0,0.0,0.0,0.0,0.0,0.0,0.0,0.0,0.0,0.0,0,-107875648.0,53,0.0,106,-107614832.0,0.0,ERR,ERR,ERR,ERR,ERR,ERR,ERR,ERR,ERR,ERR,ERR,ERR,ERR,ERR,ERR,ERR,ERR,ERR,ERR,ERR,ERR,ERR,ERR,ERR,ERR,ERR,ERR,ERR,ERR,ERR,ERR,ERR,ERR,ERR,ERR,ERR,ERR,ERR,ERR,ERR,ERR,ERR,ERR,ERR,ERR,ERR,ERR,ERR,ERR,ERR,ERR,ERR,ERR,ERR,ERR,ERR,ERR,ERR,ERR,ERR,ERR,ERR,ERR,ERR,ERR,ERR,ERR,50.0,60.0,100,0.0,0.0,0.0,0.0,0.0,0.0,0.0,0.0,0.0,0.0,0.0,0.0,0.0,0.0,0.0,0.0,61.6,65,19,65521,50,65476,0,300,0,0,8,20529,65476,0,0,26214,60.0,0.0,0.0,0.0,0.0,0.0
2026-05-17T16:05:21,ERR,ERR,ERR,ERR,ERR,ERR,ERR,ERR,ERR,ERR,ERR,ERR,ERR,ERR,ERR,ERR,ERR,ERR,ERR,ERR,ERR,ERR,ERR,ERR,ERR,ERR,ERR,ERR,ERR,ERR,ERR,ERR,ERR,ERR,ERR,ERR,ERR,ERR,ERR,ERR,ERR,ERR,ERR,ERR,ERR,ERR,ERR,ERR,ERR,ERR,ERR,ERR,ERR,ERR,ERR,ERR,ERR,ERR,ERR,ERR,ERR,ERR,ERR,ERR,ERR,ERR,ERR,ERR,ERR,ERR,ERR,ERR,ERR,ERR,ERR,ERR,ERR,ERR,ERR,ERR,ERR,ERR,ERR,ERR,ERR,ERR,ERR,ERR,ERR,ERR,ERR,ERR,ERR,ERR,ERR,ERR,ERR,ERR,ERR,ERR,ERR,ERR,ERR,ERR,ERR,ERR,ERR,ERR,ERR,ERR,ERR,ERR,ERR,ERR,ERR,ERR,ERR,ERR,ERR,ERR,ERR,ERR,ERR,ERR,ERR,0.0,-0.0,-0.0,0.0,0.0,1.3936040501711995e+18,7.805,0.0,0,0,4,0,8422,0.0,45,0.0,0.0,0.0,0.0,0.0,0,0,0,0,0.0,0,0,0,0,0,0,0,0,0,0,0,0,0,0,0,0,0,0,0,0,0,0,0,0,0,0,0,0,0,0,0,0,0,38,14,7,45,65476,0,300,0,0,8,21553,0.0,-107605600.0,0.0,0.0,0.0,0.0,0.0,0.0,0.0,0.0,0.0,0.0,0.0,0.0,0.0,0.0,0.0,0.0,0.0,0.0,0.0,0.0,-2.004,-0.0,2.004,-2.004,0.0,0.0,0.0,0.0,5040.0,-3.697186573429349e+19,0.0,0.0,-0.0,-107615272.0,2.718429120148166e+23,0.0,0.0,0.0,0.0,53,4.066880103266858e+29,0.059,0.0,0.0,0.0,0.0,0.0,0.0,0.0,0,0,0,0.0,0.0,0.0,0.0,0.0,0.0,0.0,0.0,0.0,0.0,0.0,0.0,0.0,0.0,0.0,0.0,0,-107875648.0,53,0.0,106,-107614832.0,0.0,ERR,ERR,ERR,ERR,ERR,ERR,ERR,ERR,ERR,ERR,ERR,ERR,ERR,ERR,ERR,ERR,ERR,ERR,ERR,ERR,ERR,ERR,ERR,ERR,ERR,ERR,ERR,ERR,ERR,ERR,ERR,ERR,ERR,ERR,ERR,ERR,ERR,ERR,ERR,ERR,ERR,ERR,ERR,ERR,ERR,ERR,ERR,ERR,ERR,ERR,ERR,ERR,ERR,ERR,ERR,ERR,ERR,ERR,ERR,ERR,ERR,ERR,ERR,ERR,ERR,ERR,ERR,50.0,60.0,100,0.0,0.0,0.0,0.0,0.0,0.0,0.0,0.0,0.0,0.0,0.0,0.0,0.0,0.0,0.0,0.0,61.6,65,19,65521,50,65476,0,300,0,0,8,20529,65476,0,0,26214,60.0,0.0,0.0,0.0,0.0,0.0
2026-05-17T16:05:22,ERR,ERR,ERR,ERR,ERR,ERR,ERR,ERR,ERR,ERR,ERR,ERR,ERR,ERR,ERR,ERR,ERR,ERR,ERR,ERR,ERR,ERR,ERR,ERR,ERR,ERR,ERR,ERR,ERR,ERR,ERR,ERR,ERR,ERR,ERR,ERR,ERR,ERR,ERR,ERR,ERR,ERR,ERR,ERR,ERR,ERR,ERR,ERR,ERR,ERR,ERR,ERR,ERR,ERR,ERR,ERR,ERR,ERR,ERR,ERR,ERR,ERR,ERR,ERR,ERR,ERR,ERR,ERR,ERR,ERR,ERR,ERR,ERR,ERR,ERR,ERR,ERR,ERR,ERR,ERR,ERR,ERR,ERR,ERR,ERR,ERR,ERR,ERR,ERR,ERR,ERR,ERR,ERR,ERR,ERR,ERR,ERR,ERR,ERR,ERR,ERR,ERR,ERR,ERR,ERR,ERR,ERR,ERR,ERR,ERR,ERR,ERR,ERR,ERR,ERR,ERR,ERR,ERR,ERR,ERR,ERR,ERR,ERR,ERR,ERR,0.0,-0.0,-0.0,0.0,0.0,1.3936040501711995e+18,7.805,0.0,0,0,4,0,8422,0.0,45,0.0,0.0,0.0,0.0,0.0,0,0,0,0,0.0,0,0,0,0,0,0,0,0,0,0,0,0,0,0,0,0,0,0,0,0,0,0,0,0,0,0,0,0,0,0,0,0,0,38,14,7,45,65476,0,300,0,0,8,21553,0.0,-107605600.0,0.0,0.0,0.0,0.0,0.0,0.0,0.0,0.0,0.0,0.0,0.0,0.0,0.0,0.0,0.0,0.0,0.0,0.0,0.0,0.0,-2.004,-0.0,2.004,-2.004,0.0,0.0,0.0,0.0,5036.0,-1.5879295420089355e+29,0.0,0.0,-0.0,-107615272.0,2.718429120148166e+23,0.0,0.0,0.0,0.0,53,1.9056979486756045e+17,0.0,0.0,0.0,0.0,0.0,0.0,0.0,0.0,0,0,0,0.0,0.0,0.0,0.0,0.0,0.0,0.0,0.0,0.0,0.0,0.0,0.0,0.0,0.0,0.0,0.0,0,-107875648.0,53,0.0,106,-107614832.0,0.0,ERR,ERR,ERR,ERR,ERR,ERR,ERR,ERR,ERR,ERR,ERR,ERR,ERR,ERR,ERR,ERR,ERR,ERR,ERR,ERR,ERR,ERR,ERR,ERR,ERR,ERR,ERR,ERR,ERR,ERR,ERR,ERR,ERR,ERR,ERR,ERR,ERR,ERR,ERR,ERR,ERR,ERR,ERR,ERR,ERR,ERR,ERR,ERR,ERR,ERR,ERR,ERR,ERR,ERR,ERR,ERR,ERR,ERR,ERR,ERR,ERR,ERR,ERR,ERR,ERR,ERR,ERR,50.0,60.0,100,0.0,0.0,0.0,0.0,0.0,0.0,0.0,0.0,0.0,0.0,0.0,0.0,0.0,0.0,0.0,0.0,61.6,65,19,65521,50,65476,0,300,0,0,8,20529,65476,0,0,26214,60.0,0.0,0.0,0.0,0.0,0.0
2026-05-17T16:05:23,ERR,ERR,ERR,ERR,ERR,ERR,ERR,ERR,ERR,ERR,ERR,ERR,ERR,ERR,ERR,ERR,ERR,ERR,ERR,ERR,ERR,ERR,ERR,ERR,ERR,ERR,ERR,ERR,ERR,ERR,ERR,ERR,ERR,ERR,ERR,ERR,ERR,ERR,ERR,ERR,ERR,ERR,ERR,ERR,ERR,ERR,ERR,ERR,ERR,ERR,ERR,ERR,ERR,ERR,ERR,ERR,ERR,ERR,ERR,ERR,ERR,ERR,ERR,ERR,ERR,ERR,ERR,ERR,ERR,ERR,ERR,ERR,ERR,ERR,ERR,ERR,ERR,ERR,ERR,ERR,ERR,ERR,ERR,ERR,ERR,ERR,ERR,ERR,ERR,ERR,ERR,ERR,ERR,ERR,ERR,ERR,ERR,ERR,ERR,ERR,ERR,ERR,ERR,ERR,ERR,ERR,ERR,ERR,ERR,ERR,ERR,ERR,ERR,ERR,ERR,ERR,ERR,ERR,ERR,ERR,ERR,ERR,ERR,ERR,ERR,0.0,-0.0,-0.0,0.0,0.0,1.3936040501711995e+18,7.805,0.0,0,0,4,0,8422,0.0,45,0.0,0.0,0.0,0.0,0.0,0,0,0,0,0.0,0,0,0,0,0,0,0,0,0,0,0,0,0,0,0,0,0,0,0,0,0,0,0,0,0,0,0,0,0,0,0,0,0,38,14,7,45,65476,0,300,0,0,8,21553,0.0,-107605600.0,0.0,0.0,0.0,0.0,0.0,0.0,0.0,0.0,0.0,0.0,0.0,0.0,0.0,0.0,0.0,0.0,0.0,0.0,0.0,0.0,-2.004,-0.0,2.004,-2.004,0.0,0.0,0.0,0.0,5036.0,-1.5879295420089355e+29,0.0,0.0,-0.0,-107615272.0,2.718429120148166e+23,0.0,0.0,0.0,0.0,53,1.9056979486756045e+17,0.0,0.0,0.0,0.0,0.0,0.0,0.0,0.0,0,0,0,0.0,0.0,0.0,0.0,0.0,0.0,0.0,0.0,0.0,0.0,0.0,0.0,0.0,0.0,0.0,0.0,0,-107875648.0,53,0.0,106,-107614832.0,0.0,ERR,ERR,ERR,ERR,ERR,ERR,ERR,ERR,ERR,ERR,ERR,ERR,ERR,ERR,ERR,ERR,ERR,ERR,ERR,ERR,ERR,ERR,ERR,ERR,ERR,ERR,ERR,ERR,ERR,ERR,ERR,ERR,ERR,ERR,ERR,ERR,ERR,ERR,ERR,ERR,ERR,ERR,ERR,ERR,ERR,ERR,ERR,ERR,ERR,ERR,ERR,ERR,ERR,ERR,ERR,ERR,ERR,ERR,ERR,ERR,ERR,ERR,ERR,ERR,ERR,ERR,ERR,50.0,60.0,100,0.0,0.0,0.0,0.0,0.0,0.0,0.0,0.0,0.0,0.0,0.0,0.0,0.0,0.0,0.0,0.0,61.6,65,19,65521,50,65476,0,300,0,0,8,20529,65476,0,0,26214,60.0,0.0,0.0,0.0,0.0,0.0
2026-05-17T16:05:24,ERR,ERR,ERR,ERR,ERR,ERR,ERR,ERR,ERR,ERR,ERR,ERR,ERR,ERR,ERR,ERR,ERR,ERR,ERR,ERR,ERR,ERR,ERR,ERR,ERR,ERR,ERR,ERR,ERR,ERR,ERR,ERR,ERR,ERR,ERR,ERR,ERR,ERR,ERR,ERR,ERR,ERR,ERR,ERR,ERR,ERR,ERR,ERR,ERR,ERR,ERR,ERR,ERR,ERR,ERR,ERR,ERR,ERR,ERR,ERR,ERR,ERR,ERR,ERR,ERR,ERR,ERR,ERR,ERR,ERR,ERR,ERR,ERR,ERR,ERR,ERR,ERR,ERR,ERR,ERR,ERR,ERR,ERR,ERR,ERR,ERR,ERR,ERR,ERR,ERR,ERR,ERR,ERR,ERR,ERR,ERR,ERR,ERR,ERR,ERR,ERR,ERR,ERR,ERR,ERR,ERR,ERR,ERR,ERR,ERR,ERR,ERR,ERR,ERR,ERR,ERR,ERR,ERR,ERR,ERR,ERR,ERR,ERR,ERR,ERR,0.0,-0.0,-0.0,0.0,0.0,1.3936040501711995e+18,7.805,0.0,0,0,4,0,8422,0.0,45,0.0,0.0,0.0,0.0,0.0,0,0,0,0,0.0,0,0,0,0,0,0,0,0,0,0,0,0,0,0,0,0,0,0,0,0,0,0,0,0,0,0,0,0,0,0,0,0,0,38,14,7,45,65476,0,300,0,0,8,21553,0.0,-107605600.0,0.0,0.0,0.0,0.0,0.0,0.0,0.0,0.0,0.0,0.0,0.0,0.0,0.0,0.0,0.0,0.0,0.0,0.0,0.0,0.0,-2.004,-0.0,2.004,-2.004,0.0,0.0,0.0,0.0,5036.0,-1.5879295420089355e+29,0.0,0.0,-0.0,-107615272.0,2.718429120148166e+23,0.0,0.0,0.0,0.0,53,1.9056979486756045e+17,0.0,0.0,0.0,0.0,0.0,0.0,0.0,0.0,0,0,0,0.0,0.0,0.0,0.0,0.0,0.0,0.0,0.0,0.0,0.0,0.0,0.0,0.0,0.0,0.0,0.0,0,-107875648.0,53,0.0,106,-107614832.0,0.0,ERR,ERR,ERR,ERR,ERR,ERR,ERR,ERR,ERR,ERR,ERR,ERR,ERR,ERR,ERR,ERR,ERR,ERR,ERR,ERR,ERR,ERR,ERR,ERR,ERR,ERR,ERR,ERR,ERR,ERR,ERR,ERR,ERR,ERR,ERR,ERR,ERR,ERR,ERR,ERR,ERR,ERR,ERR,ERR,ERR,ERR,ERR,ERR,ERR,ERR,ERR,ERR,ERR,ERR,ERR,ERR,ERR,ERR,ERR,ERR,ERR,ERR,ERR,ERR,ERR,ERR,ERR,50.0,60.0,100,0.0,0.0,0.0,0.0,0.0,0.0,0.0,0.0,0.0,0.0,0.0,0.0,0.0,0.0,0.0,0.0,61.6,65,19,65521,50,65476,0,300,0,0,8,20529,65476,0,0,26214,60.0,0.0,0.0,0.0,0.0,0.0
2026-05-17T16:05:25,ERR,ERR,ERR,ERR,ERR,ERR,ERR,ERR,ERR,ERR,ERR,ERR,ERR,ERR,ERR,ERR,ERR,ERR,ERR,ERR,ERR,ERR,ERR,ERR,ERR,ERR,ERR,ERR,ERR,ERR,ERR,ERR,ERR,ERR,ERR,ERR,ERR,ERR,ERR,ERR,ERR,ERR,ERR,ERR,ERR,ERR,ERR,ERR,ERR,ERR,ERR,ERR,ERR,ERR,ERR,ERR,ERR,ERR,ERR,ERR,ERR,ERR,ERR,ERR,ERR,ERR,ERR,ERR,ERR,ERR,ERR,ERR,ERR,ERR,ERR,ERR,ERR,ERR,ERR,ERR,ERR,ERR,ERR,ERR,ERR,ERR,ERR,ERR,ERR,ERR,ERR,ERR,ERR,ERR,ERR,ERR,ERR,ERR,ERR,ERR,ERR,ERR,ERR,ERR,ERR,ERR,ERR,ERR,ERR,ERR,ERR,ERR,ERR,ERR,ERR,ERR,ERR,ERR,ERR,ERR,ERR,ERR,ERR,ERR,ERR,0.0,-0.0,-0.0,0.0,0.0,1.3936040501711995e+18,7.805,0.0,0,0,4,0,8422,0.0,45,0.0,0.0,0.0,0.0,0.0,0,0,0,0,0.0,0,0,0,0,0,0,0,0,0,0,0,0,0,0,0,0,0,0,0,0,0,0,0,0,0,0,0,0,0,0,0,0,0,38,14,7,45,65476,0,300,0,0,8,21553,0.0,-107605600.0,0.0,0.0,0.0,0.0,0.0,0.0,0.0,0.0,0.0,0.0,0.0,0.0,0.0,0.0,0.0,0.0,0.0,0.0,0.0,0.0,-2.004,-0.0,2.004,-2.004,0.0,0.0,0.0,0.0,5036.0,-1.5879295420089355e+29,0.0,0.0,-0.0,-107615272.0,2.718429120148166e+23,0.0,0.0,0.0,0.0,53,1.9056979486756045e+17,0.0,0.0,0.0,0.0,0.0,0.0,0.0,0.0,0,0,0,0.0,0.0,0.0,0.0,0.0,0.0,0.0,0.0,0.0,0.0,0.0,0.0,0.0,0.0,0.0,0.0,0,-107875648.0,53,0.0,106,-107614832.0,0.0,ERR,ERR,ERR,ERR,ERR,ERR,ERR,ERR,ERR,ERR,ERR,ERR,ERR,ERR,ERR,ERR,ERR,ERR,ERR,ERR,ERR,ERR,ERR,ERR,ERR,ERR,ERR,ERR,ERR,ERR,ERR,ERR,ERR,ERR,ERR,ERR,ERR,ERR,ERR,ERR,ERR,ERR,ERR,ERR,ERR,ERR,ERR,ERR,ERR,ERR,ERR,ERR,ERR,ERR,ERR,ERR,ERR,ERR,ERR,ERR,ERR,ERR,ERR,ERR,ERR,ERR,ERR,50.0,60.0,100,0.0,0.0,0.0,0.0,0.0,0.0,0.0,0.0,0.0,0.0,0.0,0.0,0.0,0.0,0.0,0.0,61.6,65,19,65521,50,65476,0,300,0,0,8,20529,65476,0,0,26214,60.0,0.0,0.0,0.0,0.0,0.0
2026-05-17T16:05:26,ERR,ERR,ERR,ERR,ERR,ERR,ERR,ERR,ERR,ERR,ERR,ERR,ERR,ERR,ERR,ERR,ERR,ERR,ERR,ERR,ERR,ERR,ERR,ERR,ERR,ERR,ERR,ERR,ERR,ERR,ERR,ERR,ERR,ERR,ERR,ERR,ERR,ERR,ERR,ERR,ERR,ERR,ERR,ERR,ERR,ERR,ERR,ERR,ERR,ERR,ERR,ERR,ERR,ERR,ERR,ERR,ERR,ERR,ERR,ERR,ERR,ERR,ERR,ERR,ERR,ERR,ERR,ERR,ERR,ERR,ERR,ERR,ERR,ERR,ERR,ERR,ERR,ERR,ERR,ERR,ERR,ERR,ERR,ERR,ERR,ERR,ERR,ERR,ERR,ERR,ERR,ERR,ERR,ERR,ERR,ERR,ERR,ERR,ERR,ERR,ERR,ERR,ERR,ERR,ERR,ERR,ERR,ERR,ERR,ERR,ERR,ERR,ERR,ERR,ERR,ERR,ERR,ERR,ERR,ERR,ERR,ERR,ERR,ERR,ERR,0.0,-0.0,-0.0,0.0,0.0,1.3936040501711995e+18,7.805,0.0,0,0,4,0,8422,0.0,45,0.0,0.0,0.0,0.0,0.0,0,0,0,0,0.0,0,0,0,0,0,0,0,0,0,0,0,0,0,0,0,0,0,0,0,0,0,0,0,0,0,0,0,0,0,0,0,0,0,38,14,7,45,65476,0,300,0,0,8,21553,0.0,-107605600.0,0.0,0.0,0.0,0.0,0.0,0.0,0.0,0.0,0.0,0.0,0.0,0.0,0.0,0.0,0.0,0.0,0.0,0.0,0.0,0.0,-2.004,-0.0,2.004,-2.004,0.0,0.0,0.0,0.0,5036.0,-1.5879295420089355e+29,0.0,0.0,-0.0,-107615272.0,2.718429120148166e+23,0.0,0.0,0.0,0.0,53,1.9056979486756045e+17,0.0,0.0,0.0,0.0,0.0,0.0,0.0,0.0,0,0,0,0.0,0.0,0.0,0.0,0.0,0.0,0.0,0.0,0.0,0.0,0.0,0.0,0.0,0.0,0.0,0.0,0,-107875648.0,53,0.0,106,-107614832.0,0.0,ERR,ERR,ERR,ERR,ERR,ERR,ERR,ERR,ERR,ERR,ERR,ERR,ERR,ERR,ERR,ERR,ERR,ERR,ERR,ERR,ERR,ERR,ERR,ERR,ERR,ERR,ERR,ERR,ERR,ERR,ERR,ERR,ERR,ERR,ERR,ERR,ERR,ERR,ERR,ERR,ERR,ERR,ERR,ERR,ERR,ERR,ERR,ERR,ERR,ERR,ERR,ERR,ERR,ERR,ERR,ERR,ERR,ERR,ERR,ERR,ERR,ERR,ERR,ERR,ERR,ERR,ERR,50.0,60.0,100,0.0,0.0,0.0,0.0,0.0,0.0,0.0,0.0,0.0,0.0,0.0,0.0,0.0,0.0,0.0,0.0,61.6,65,19,65521,50,65476,0,300,0,0,8,20529,65476,0,0,26214,60.0,0.0,0.0,0.0,0.0,0.0
2026-05-17T16:05:27,ERR,ERR,ERR,ERR,ERR,ERR,ERR,ERR,ERR,ERR,ERR,ERR,ERR,ERR,ERR,ERR,ERR,ERR,ERR,ERR,ERR,ERR,ERR,ERR,ERR,ERR,ERR,ERR,ERR,ERR,ERR,ERR,ERR,ERR,ERR,ERR,ERR,ERR,ERR,ERR,ERR,ERR,ERR,ERR,ERR,ERR,ERR,ERR,ERR,ERR,ERR,ERR,ERR,ERR,ERR,ERR,ERR,ERR,ERR,ERR,ERR,ERR,ERR,ERR,ERR,ERR,ERR,ERR,ERR,ERR,ERR,ERR,ERR,ERR,ERR,ERR,ERR,ERR,ERR,ERR,ERR,ERR,ERR,ERR,ERR,ERR,ERR,ERR,ERR,ERR,ERR,ERR,ERR,ERR,ERR,ERR,ERR,ERR,ERR,ERR,ERR,ERR,ERR,ERR,ERR,ERR,ERR,ERR,ERR,ERR,ERR,ERR,ERR,ERR,ERR,ERR,ERR,ERR,ERR,ERR,ERR,ERR,ERR,ERR,ERR,0.0,-0.0,-0.0,0.0,0.0,1.3936040501711995e+18,7.805,0.0,0,0,4,0,8422,0.0,45,0.0,0.0,0.0,0.0,0.0,0,0,0,0,0.0,0,0,0,0,0,0,0,0,0,0,0,0,0,0,0,0,0,0,0,0,0,0,0,0,0,0,0,0,0,0,0,0,0,38,14,7,45,65476,0,300,0,0,8,21553,0.0,-107605600.0,0.0,0.0,0.0,0.0,0.0,0.0,0.0,0.0,0.0,0.0,0.0,0.0,0.0,0.0,0.0,0.0,0.0,0.0,0.0,0.0,-2.004,-0.0,2.004,-2.004,0.0,0.0,0.0,0.0,5066.0,0.0,0.0,0.0,-0.0,-107615272.0,2.718429120148166e+23,0.0,0.0,0.0,0.0,53,126841110528.0,0.059,0.0,0.0,0.0,0.0,0.0,0.0,0.0,0,0,0,0.0,0.0,0.0,0.0,0.0,0.0,0.0,0.0,0.0,0.0,0.0,0.0,0.0,0.0,0.0,0.0,0,-107875648.0,53,0.0,106,-107614832.0,0.0,ERR,ERR,ERR,ERR,ERR,ERR,ERR,ERR,ERR,ERR,ERR,ERR,ERR,ERR,ERR,ERR,ERR,ERR,ERR,ERR,ERR,ERR,ERR,ERR,ERR,ERR,ERR,ERR,ERR,ERR,ERR,ERR,ERR,ERR,ERR,ERR,ERR,ERR,ERR,ERR,ERR,ERR,ERR,ERR,ERR,ERR,ERR,ERR,ERR,ERR,ERR,ERR,ERR,ERR,ERR,ERR,ERR,ERR,ERR,ERR,ERR,ERR,ERR,ERR,ERR,ERR,ERR,50.0,60.0,100,0.0,0.0,0.0,0.0,0.0,0.0,0.0,0.0,0.0,0.0,0.0,0.0,0.0,0.0,0.0,0.0,61.6,65,19,65521,50,65476,0,300,0,0,8,20529,65476,0,0,26214,60.0,0.0,0.0,0.0,0.0,0.0
2026-05-17T16:05:28,ERR,ERR,ERR,ERR,ERR,ERR,ERR,ERR,ERR,ERR,ERR,ERR,ERR,ERR,ERR,ERR,ERR,ERR,ERR,ERR,ERR,ERR,ERR,ERR,ERR,ERR,ERR,ERR,ERR,ERR,ERR,ERR,ERR,ERR,ERR,ERR,ERR,ERR,ERR,ERR,ERR,ERR,ERR,ERR,ERR,ERR,ERR,ERR,ERR,ERR,ERR,ERR,ERR,ERR,ERR,ERR,ERR,ERR,ERR,ERR,ERR,ERR,ERR,ERR,ERR,ERR,ERR,ERR,ERR,ERR,ERR,ERR,ERR,ERR,ERR,ERR,ERR,ERR,ERR,ERR,ERR,ERR,ERR,ERR,ERR,ERR,ERR,ERR,ERR,ERR,ERR,ERR,ERR,ERR,ERR,ERR,ERR,ERR,ERR,ERR,ERR,ERR,ERR,ERR,ERR,ERR,ERR,ERR,ERR,ERR,ERR,ERR,ERR,ERR,ERR,ERR,ERR,ERR,ERR,ERR,ERR,ERR,ERR,ERR,ERR,0.0,-0.0,-0.0,0.0,0.0,1.3936040501711995e+18,7.805,0.0,0,0,4,0,8422,0.0,45,0.0,0.0,0.0,0.0,0.0,0,0,0,0,0.0,0,0,0,0,0,0,0,0,0,0,0,0,0,0,0,0,0,0,0,0,0,0,0,0,0,0,0,0,0,0,0,0,0,38,14,7,45,65476,0,300,0,0,8,21553,0.0,-107605600.0,0.0,0.0,0.0,0.0,0.0,0.0,0.0,0.0,0.0,0.0,0.0,0.0,0.0,0.0,0.0,0.0,0.0,0.0,0.0,0.0,-2.004,-0.0,2.004,-2.004,0.0,0.0,0.0,0.0,5066.0,0.0,0.0,0.0,-0.0,-107615272.0,2.718429120148166e+23,0.0,0.0,0.0,0.0,53,126841110528.0,0.059,0.0,0.0,0.0,0.0,0.0,0.0,0.0,0,0,0,0.0,0.0,0.0,0.0,0.0,0.0,0.0,0.0,0.0,0.0,0.0,0.0,0.0,0.0,0.0,0.0,0,-107875648.0,53,0.0,106,-107614832.0,0.0,ERR,ERR,ERR,ERR,ERR,ERR,ERR,ERR,ERR,ERR,ERR,ERR,ERR,ERR,ERR,ERR,ERR,ERR,ERR,ERR,ERR,ERR,ERR,ERR,ERR,ERR,ERR,ERR,ERR,ERR,ERR,ERR,ERR,ERR,ERR,ERR,ERR,ERR,ERR,ERR,ERR,ERR,ERR,ERR,ERR,ERR,ERR,ERR,ERR,ERR,ERR,ERR,ERR,ERR,ERR,ERR,ERR,ERR,ERR,ERR,ERR,ERR,ERR,ERR,ERR,ERR,ERR,50.0,60.0,100,0.0,0.0,0.0,0.0,0.0,0.0,0.0,0.0,0.0,0.0,0.0,0.0,0.0,0.0,0.0,0.0,61.6,65,19,65521,50,65476,0,300,0,0,8,20529,65476,0,0,26214,60.0,0.0,0.0,0.0,0.0,0.0
2026-05-17T16:05:29,ERR,ERR,ERR,ERR,ERR,ERR,ERR,ERR,ERR,ERR,ERR,ERR,ERR,ERR,ERR,ERR,ERR,ERR,ERR,ERR,ERR,ERR,ERR,ERR,ERR,ERR,ERR,ERR,ERR,ERR,ERR,ERR,ERR,ERR,ERR,ERR,ERR,ERR,ERR,ERR,ERR,ERR,ERR,ERR,ERR,ERR,ERR,ERR,ERR,ERR,ERR,ERR,ERR,ERR,ERR,ERR,ERR,ERR,ERR,ERR,ERR,ERR,ERR,ERR,ERR,ERR,ERR,ERR,ERR,ERR,ERR,ERR,ERR,ERR,ERR,ERR,ERR,ERR,ERR,ERR,ERR,ERR,ERR,ERR,ERR,ERR,ERR,ERR,ERR,ERR,ERR,ERR,ERR,ERR,ERR,ERR,ERR,ERR,ERR,ERR,ERR,ERR,ERR,ERR,ERR,ERR,ERR,ERR,ERR,ERR,ERR,ERR,ERR,ERR,ERR,ERR,ERR,ERR,ERR,ERR,ERR,ERR,ERR,ERR,ERR,0.0,-0.0,-0.0,0.0,0.0,1.3936040501711995e+18,7.805,0.0,0,0,4,0,8422,0.0,45,0.0,0.0,0.0,0.0,0.0,0,0,0,0,0.0,0,0,0,0,0,0,0,0,0,0,0,0,0,0,0,0,0,0,0,0,0,0,0,0,0,0,0,0,0,0,0,0,0,38,14,7,45,65476,0,300,0,0,8,21553,0.0,-107605600.0,0.0,0.0,0.0,0.0,0.0,0.0,0.0,0.0,0.0,0.0,0.0,0.0,0.0,0.0,0.0,0.0,0.0,0.0,0.0,0.0,-2.004,-0.0,2.004,-2.004,0.0,0.0,0.0,0.0,5066.0,0.0,0.0,0.0,-0.0,-107615272.0,2.718429120148166e+23,0.0,0.0,0.0,0.0,53,126841110528.0,0.059,0.0,0.0,0.0,0.0,0.0,0.0,0.0,0,0,0,0.0,0.0,0.0,0.0,0.0,0.0,0.0,0.0,0.0,0.0,0.0,0.0,0.0,0.0,0.0,0.0,0,-107875648.0,53,0.0,106,-107614832.0,0.0,ERR,ERR,ERR,ERR,ERR,ERR,ERR,ERR,ERR,ERR,ERR,ERR,ERR,ERR,ERR,ERR,ERR,ERR,ERR,ERR,ERR,ERR,ERR,ERR,ERR,ERR,ERR,ERR,ERR,ERR,ERR,ERR,ERR,ERR,ERR,ERR,ERR,ERR,ERR,ERR,ERR,ERR,ERR,ERR,ERR,ERR,ERR,ERR,ERR,ERR,ERR,ERR,ERR,ERR,ERR,ERR,ERR,ERR,ERR,ERR,ERR,ERR,ERR,ERR,ERR,ERR,ERR,50.0,60.0,100,0.0,0.0,0.0,0.0,0.0,0.0,0.0,0.0,0.0,0.0,0.0,0.0,0.0,0.0,0.0,0.0,61.6,65,19,65521,50,65476,0,300,0,0,8,20529,65476,0,0,26214,60.0,0.0,0.0,0.0,0.0,0.0
2026-05-17T16:05:30,ERR,ERR,ERR,ERR,ERR,ERR,ERR,ERR,ERR,ERR,ERR,ERR,ERR,ERR,ERR,ERR,ERR,ERR,ERR,ERR,ERR,ERR,ERR,ERR,ERR,ERR,ERR,ERR,ERR,ERR,ERR,ERR,ERR,ERR,ERR,ERR,ERR,ERR,ERR,ERR,ERR,ERR,ERR,ERR,ERR,ERR,ERR,ERR,ERR,ERR,ERR,ERR,ERR,ERR,ERR,ERR,ERR,ERR,ERR,ERR,ERR,ERR,ERR,ERR,ERR,ERR,ERR,ERR,ERR,ERR,ERR,ERR,ERR,ERR,ERR,ERR,ERR,ERR,ERR,ERR,ERR,ERR,ERR,ERR,ERR,ERR,ERR,ERR,ERR,ERR,ERR,ERR,ERR,ERR,ERR,ERR,ERR,ERR,ERR,ERR,ERR,ERR,ERR,ERR,ERR,ERR,ERR,ERR,ERR,ERR,ERR,ERR,ERR,ERR,ERR,ERR,ERR,ERR,ERR,ERR,ERR,ERR,ERR,ERR,ERR,0.0,-0.0,-0.0,0.0,0.0,1.3936040501711995e+18,7.805,0.0,0,0,4,0,8422,0.0,45,0.0,0.0,0.0,0.0,0.0,0,0,0,0,0.0,0,0,0,0,0,0,0,0,0,0,0,0,0,0,0,0,0,0,0,0,0,0,0,0,0,0,0,0,0,0,0,0,0,38,14,7,45,65476,0,300,0,0,8,21553,0.0,-107605600.0,0.0,0.0,0.0,0.0,0.0,0.0,0.0,0.0,0.0,0.0,0.0,0.0,0.0,0.0,0.0,0.0,0.0,0.0,0.0,0.0,-2.004,-0.0,2.004,-2.004,0.0,0.0,0.0,0.0,5066.0,0.0,0.0,0.0,-0.0,-107615272.0,2.718429120148166e+23,0.0,0.0,0.0,0.0,53,126841110528.0,0.059,0.0,0.0,0.0,0.0,0.0,0.0,0.0,0,0,0,0.0,0.0,0.0,0.0,0.0,0.0,0.0,0.0,0.0,0.0,0.0,0.0,0.0,0.0,0.0,0.0,0,-107875648.0,53,0.0,106,-107614832.0,0.0,ERR,ERR,ERR,ERR,ERR,ERR,ERR,ERR,ERR,ERR,ERR,ERR,ERR,ERR,ERR,ERR,ERR,ERR,ERR,ERR,ERR,ERR,ERR,ERR,ERR,ERR,ERR,ERR,ERR,ERR,ERR,ERR,ERR,ERR,ERR,ERR,ERR,ERR,ERR,ERR,ERR,ERR,ERR,ERR,ERR,ERR,ERR,ERR,ERR,ERR,ERR,ERR,ERR,ERR,ERR,ERR,ERR,ERR,ERR,ERR,ERR,ERR,ERR,ERR,ERR,ERR,ERR,50.0,60.0,100,0.0,0.0,0.0,0.0,0.0,0.0,0.0,0.0,0.0,0.0,0.0,0.0,0.0,0.0,0.0,0.0,61.6,65,19,65521,50,65476,0,300,0,0,8,20529,65476,0,0,26214,60.0,0.0,0.0,0.0,0.0,0.0
2026-05-17T16:05:31,ERR,ERR,ERR,ERR,ERR,ERR,ERR,ERR,ERR,ERR,ERR,ERR,ERR,ERR,ERR,ERR,ERR,ERR,ERR,ERR,ERR,ERR,ERR,ERR,ERR,ERR,ERR,ERR,ERR,ERR,ERR,ERR,ERR,ERR,ERR,ERR,ERR,ERR,ERR,ERR,ERR,ERR,ERR,ERR,ERR,ERR,ERR,ERR,ERR,ERR,ERR,ERR,ERR,ERR,ERR,ERR,ERR,ERR,ERR,ERR,ERR,ERR,ERR,ERR,ERR,ERR,ERR,ERR,ERR,ERR,ERR,ERR,ERR,ERR,ERR,ERR,ERR,ERR,ERR,ERR,ERR,ERR,ERR,ERR,ERR,ERR,ERR,ERR,ERR,ERR,ERR,ERR,ERR,ERR,ERR,ERR,ERR,ERR,ERR,ERR,ERR,ERR,ERR,ERR,ERR,ERR,ERR,ERR,ERR,ERR,ERR,ERR,ERR,ERR,ERR,ERR,ERR,ERR,ERR,ERR,ERR,ERR,ERR,ERR,ERR,0.0,-0.0,-0.0,0.0,0.0,1.3936040501711995e+18,7.805,0.0,0,0,4,0,8422,0.0,45,0.0,0.0,0.0,0.0,0.0,0,0,0,0,0.0,0,0,0,0,0,0,0,0,0,0,0,0,0,0,0,0,0,0,0,0,0,0,0,0,0,0,0,0,0,0,0,0,0,38,14,7,45,65476,0,300,0,0,8,21553,0.0,-107605600.0,0.0,0.0,0.0,0.0,0.0,0.0,0.0,0.0,0.0,0.0,0.0,0.0,0.0,0.0,0.0,0.0,0.0,0.0,0.0,0.0,-2.004,-0.0,2.004,-2.004,0.0,0.0,0.0,0.0,5066.0,0.0,0.0,0.0,-0.0,-107615272.0,2.718429120148166e+23,0.0,0.0,0.0,0.0,53,126841110528.0,0.059,0.0,0.0,0.0,0.0,0.0,0.0,0.0,0,0,0,0.0,0.0,0.0,0.0,0.0,0.0,0.0,0.0,0.0,0.0,0.0,0.0,0.0,0.0,0.0,0.0,0,-107875648.0,53,0.0,106,-107614832.0,0.0,ERR,ERR,ERR,ERR,ERR,ERR,ERR,ERR,ERR,ERR,ERR,ERR,ERR,ERR,ERR,ERR,ERR,ERR,ERR,ERR,ERR,ERR,ERR,ERR,ERR,ERR,ERR,ERR,ERR,ERR,ERR,ERR,ERR,ERR,ERR,ERR,ERR,ERR,ERR,ERR,ERR,ERR,ERR,ERR,ERR,ERR,ERR,ERR,ERR,ERR,ERR,ERR,ERR,ERR,ERR,ERR,ERR,ERR,ERR,ERR,ERR,ERR,ERR,ERR,ERR,ERR,ERR,50.0,60.0,100,0.0,0.0,0.0,0.0,0.0,0.0,0.0,0.0,0.0,0.0,0.0,0.0,0.0,0.0,0.0,0.0,61.6,65,19,65521,50,65476,0,300,0,0,8,20529,65476,0,0,26214,60.0,0.0,0.0,0.0,0.0,0.0
2026-05-17T16:05:32,ERR,ERR,ERR,ERR,ERR,ERR,ERR,ERR,ERR,ERR,ERR,ERR,ERR,ERR,ERR,ERR,ERR,ERR,ERR,ERR,ERR,ERR,ERR,ERR,ERR,ERR,ERR,ERR,ERR,ERR,ERR,ERR,ERR,ERR,ERR,ERR,ERR,ERR,ERR,ERR,ERR,ERR,ERR,ERR,ERR,ERR,ERR,ERR,ERR,ERR,ERR,ERR,ERR,ERR,ERR,ERR,ERR,ERR,ERR,ERR,ERR,ERR,ERR,ERR,ERR,ERR,ERR,ERR,ERR,ERR,ERR,ERR,ERR,ERR,ERR,ERR,ERR,ERR,ERR,ERR,ERR,ERR,ERR,ERR,ERR,ERR,ERR,ERR,ERR,ERR,ERR,ERR,ERR,ERR,ERR,ERR,ERR,ERR,ERR,ERR,ERR,ERR,ERR,ERR,ERR,ERR,ERR,ERR,ERR,ERR,ERR,ERR,ERR,ERR,ERR,ERR,ERR,ERR,ERR,ERR,ERR,ERR,ERR,ERR,ERR,0.0,-0.0,-0.0,0.0,0.0,1.3936040501711995e+18,7.805,0.0,0,0,4,0,8422,0.0,45,0.0,0.0,0.0,0.0,0.0,0,0,0,0,0.0,0,0,0,0,0,0,0,0,0,0,0,0,0,0,0,0,0,0,0,0,0,0,0,0,0,0,0,0,0,0,0,0,0,38,14,7,45,65476,0,300,0,0,8,21553,0.0,-107605600.0,0.0,0.0,0.0,0.0,0.0,0.0,0.0,0.0,0.0,0.0,0.0,0.0,0.0,0.0,0.0,0.0,0.0,0.0,0.0,0.0,-2.004,-0.0,2.004,-2.004,0.0,0.0,0.0,0.0,5073.0,131350.469,0.0,0.0,-0.0,-107615272.0,2.718429120148166e+23,0.0,0.0,0.0,0.0,53,1.9056979486756045e+17,-0.0,0.0,0.0,0.0,0.0,0.0,0.0,0.0,0,0,0,0.0,0.0,0.0,0.0,0.0,0.0,0.0,0.0,0.0,0.0,0.0,0.0,0.0,0.0,0.0,0.0,0,-107875648.0,53,0.0,106,-107614832.0,0.0,ERR,ERR,ERR,ERR,ERR,ERR,ERR,ERR,ERR,ERR,ERR,ERR,ERR,ERR,ERR,ERR,ERR,ERR,ERR,ERR,ERR,ERR,ERR,ERR,ERR,ERR,ERR,ERR,ERR,ERR,ERR,ERR,ERR,ERR,ERR,ERR,ERR,ERR,ERR,ERR,ERR,ERR,ERR,ERR,ERR,ERR,ERR,ERR,ERR,ERR,ERR,ERR,ERR,ERR,ERR,ERR,ERR,ERR,ERR,ERR,ERR,ERR,ERR,ERR,ERR,ERR,ERR,50.0,60.0,100,0.0,0.0,0.0,0.0,0.0,0.0,0.0,0.0,0.0,0.0,0.0,0.0,0.0,0.0,0.0,0.0,61.6,65,19,65521,50,65476,0,300,0,0,8,20529,65476,0,0,26214,60.0,0.0,0.0,0.0,0.0,0.0
2026-05-17T16:05:33,ERR,ERR,ERR,ERR,ERR,ERR,ERR,ERR,ERR,ERR,ERR,ERR,ERR,ERR,ERR,ERR,ERR,ERR,ERR,ERR,ERR,ERR,ERR,ERR,ERR,ERR,ERR,ERR,ERR,ERR,ERR,ERR,ERR,ERR,ERR,ERR,ERR,ERR,ERR,ERR,ERR,ERR,ERR,ERR,ERR,ERR,ERR,ERR,ERR,ERR,ERR,ERR,ERR,ERR,ERR,ERR,ERR,ERR,ERR,ERR,ERR,ERR,ERR,ERR,ERR,ERR,ERR,ERR,ERR,ERR,ERR,ERR,ERR,ERR,ERR,ERR,ERR,ERR,ERR,ERR,ERR,ERR,ERR,ERR,ERR,ERR,ERR,ERR,ERR,ERR,ERR,ERR,ERR,ERR,ERR,ERR,ERR,ERR,ERR,ERR,ERR,ERR,ERR,ERR,ERR,ERR,ERR,ERR,ERR,ERR,ERR,ERR,ERR,ERR,ERR,ERR,ERR,ERR,ERR,ERR,ERR,ERR,ERR,ERR,ERR,0.0,-0.0,-0.0,0.0,0.0,1.3936040501711995e+18,7.805,0.0,0,0,4,0,8422,0.0,45,0.0,0.0,0.0,0.0,0.0,0,0,0,0,0.0,0,0,0,0,0,0,0,0,0,0,0,0,0,0,0,0,0,0,0,0,0,0,0,0,0,0,0,0,0,0,0,0,0,38,14,7,45,65476,0,300,0,0,8,21553,0.0,-107605600.0,0.0,0.0,0.0,0.0,0.0,0.0,0.0,0.0,0.0,0.0,0.0,0.0,0.0,0.0,0.0,0.0,0.0,0.0,0.0,0.0,-2.004,-0.0,2.004,-2.004,0.0,0.0,0.0,0.0,5073.0,131350.469,0.0,0.0,-0.0,-107615272.0,2.718429120148166e+23,0.0,0.0,0.0,0.0,53,1.9056979486756045e+17,-0.0,0.0,0.0,0.0,0.0,0.0,0.0,0.0,0,0,0,0.0,0.0,0.0,0.0,0.0,0.0,0.0,0.0,0.0,0.0,0.0,0.0,0.0,0.0,0.0,0.0,0,-107875648.0,53,0.0,106,-107614832.0,0.0,ERR,ERR,ERR,ERR,ERR,ERR,ERR,ERR,ERR,ERR,ERR,ERR,ERR,ERR,ERR,ERR,ERR,ERR,ERR,ERR,ERR,ERR,ERR,ERR,ERR,ERR,ERR,ERR,ERR,ERR,ERR,ERR,ERR,ERR,ERR,ERR,ERR,ERR,ERR,ERR,ERR,ERR,ERR,ERR,ERR,ERR,ERR,ERR,ERR,ERR,ERR,ERR,ERR,ERR,ERR,ERR,ERR,ERR,ERR,ERR,ERR,ERR,ERR,ERR,ERR,ERR,ERR,50.0,60.0,100,0.0,0.0,0.0,0.0,0.0,0.0,0.0,0.0,0.0,0.0,0.0,0.0,0.0,0.0,0.0,0.0,61.6,65,19,65521,50,65476,0,300,0,0,8,20529,65476,0,0,26214,60.0,0.0,0.0,0.0,0.0,0.0
2026-05-17T16:05:34,ERR,ERR,ERR,ERR,ERR,ERR,ERR,ERR,ERR,ERR,ERR,ERR,ERR,ERR,ERR,ERR,ERR,ERR,ERR,ERR,ERR,ERR,ERR,ERR,ERR,ERR,ERR,ERR,ERR,ERR,ERR,ERR,ERR,ERR,ERR,ERR,ERR,ERR,ERR,ERR,ERR,ERR,ERR,ERR,ERR,ERR,ERR,ERR,ERR,ERR,ERR,ERR,ERR,ERR,ERR,ERR,ERR,ERR,ERR,ERR,ERR,ERR,ERR,ERR,ERR,ERR,ERR,ERR,ERR,ERR,ERR,ERR,ERR,ERR,ERR,ERR,ERR,ERR,ERR,ERR,ERR,ERR,ERR,ERR,ERR,ERR,ERR,ERR,ERR,ERR,ERR,ERR,ERR,ERR,ERR,ERR,ERR,ERR,ERR,ERR,ERR,ERR,ERR,ERR,ERR,ERR,ERR,ERR,ERR,ERR,ERR,ERR,ERR,ERR,ERR,ERR,ERR,ERR,ERR,ERR,ERR,ERR,ERR,ERR,ERR,0.0,-0.0,-0.0,0.0,0.0,1.3936040501711995e+18,7.805,0.0,0,0,4,0,8422,0.0,45,0.0,0.0,0.0,0.0,0.0,0,0,0,0,0.0,0,0,0,0,0,0,0,0,0,0,0,0,0,0,0,0,0,0,0,0,0,0,0,0,0,0,0,0,0,0,0,0,0,38,14,7,45,65476,0,300,0,0,8,21553,0.0,-107605600.0,0.0,0.0,0.0,0.0,0.0,0.0,0.0,0.0,0.0,0.0,0.0,0.0,0.0,0.0,0.0,0.0,0.0,0.0,0.0,0.0,-2.004,-0.0,2.004,-2.004,0.0,0.0,0.0,0.0,5073.0,131350.469,0.0,0.0,-0.0,-107615272.0,2.718429120148166e+23,0.0,0.0,0.0,0.0,53,1.9056979486756045e+17,-0.0,0.0,0.0,0.0,0.0,0.0,0.0,0.0,0,0,0,0.0,0.0,0.0,0.0,0.0,0.0,0.0,0.0,0.0,0.0,0.0,0.0,0.0,0.0,0.0,0.0,0,-107875648.0,53,0.0,106,-107614832.0,0.0,ERR,ERR,ERR,ERR,ERR,ERR,ERR,ERR,ERR,ERR,ERR,ERR,ERR,ERR,ERR,ERR,ERR,ERR,ERR,ERR,ERR,ERR,ERR,ERR,ERR,ERR,ERR,ERR,ERR,ERR,ERR,ERR,ERR,ERR,ERR,ERR,ERR,ERR,ERR,ERR,ERR,ERR,ERR,ERR,ERR,ERR,ERR,ERR,ERR,ERR,ERR,ERR,ERR,ERR,ERR,ERR,ERR,ERR,ERR,ERR,ERR,ERR,ERR,ERR,ERR,ERR,ERR,50.0,60.0,100,0.0,0.0,0.0,0.0,0.0,0.0,0.0,0.0,0.0,0.0,0.0,0.0,0.0,0.0,0.0,0.0,61.6,65,19,65521,50,65476,0,300,0,0,8,20529,65476,0,0,26214,60.0,0.0,0.0,0.0,0.0,0.0
2026-05-17T16:05:35,ERR,ERR,ERR,ERR,ERR,ERR,ERR,ERR,ERR,ERR,ERR,ERR,ERR,ERR,ERR,ERR,ERR,ERR,ERR,ERR,ERR,ERR,ERR,ERR,ERR,ERR,ERR,ERR,ERR,ERR,ERR,ERR,ERR,ERR,ERR,ERR,ERR,ERR,ERR,ERR,ERR,ERR,ERR,ERR,ERR,ERR,ERR,ERR,ERR,ERR,ERR,ERR,ERR,ERR,ERR,ERR,ERR,ERR,ERR,ERR,ERR,ERR,ERR,ERR,ERR,ERR,ERR,ERR,ERR,ERR,ERR,ERR,ERR,ERR,ERR,ERR,ERR,ERR,ERR,ERR,ERR,ERR,ERR,ERR,ERR,ERR,ERR,ERR,ERR,ERR,ERR,ERR,ERR,ERR,ERR,ERR,ERR,ERR,ERR,ERR,ERR,ERR,ERR,ERR,ERR,ERR,ERR,ERR,ERR,ERR,ERR,ERR,ERR,ERR,ERR,ERR,ERR,ERR,ERR,ERR,ERR,ERR,ERR,ERR,ERR,0.0,-0.0,-0.0,0.0,0.0,1.3936040501711995e+18,7.805,0.0,0,0,4,0,8422,0.0,45,0.0,0.0,0.0,0.0,0.0,0,0,0,0,0.0,0,0,0,0,0,0,0,0,0,0,0,0,0,0,0,0,0,0,0,0,0,0,0,0,0,0,0,0,0,0,0,0,0,38,14,7,45,65476,0,300,0,0,8,21553,0.0,-107605600.0,0.0,0.0,0.0,0.0,0.0,0.0,0.0,0.0,0.0,0.0,0.0,0.0,0.0,0.0,0.0,0.0,0.0,0.0,0.0,0.0,-2.004,-0.0,2.004,-2.004,0.0,0.0,0.0,0.0,5073.0,131350.469,0.0,0.0,-0.0,-107615272.0,2.718429120148166e+23,0.0,0.0,0.0,0.0,53,1.9056979486756045e+17,-0.0,0.0,0.0,0.0,0.0,0.0,0.0,0.0,0,0,0,0.0,0.0,0.0,0.0,0.0,0.0,0.0,0.0,0.0,0.0,0.0,0.0,0.0,0.0,0.0,0.0,0,-107875648.0,53,0.0,106,-107614832.0,0.0,ERR,ERR,ERR,ERR,ERR,ERR,ERR,ERR,ERR,ERR,ERR,ERR,ERR,ERR,ERR,ERR,ERR,ERR,ERR,ERR,ERR,ERR,ERR,ERR,ERR,ERR,ERR,ERR,ERR,ERR,ERR,ERR,ERR,ERR,ERR,ERR,ERR,ERR,ERR,ERR,ERR,ERR,ERR,ERR,ERR,ERR,ERR,ERR,ERR,ERR,ERR,ERR,ERR,ERR,ERR,ERR,ERR,ERR,ERR,ERR,ERR,ERR,ERR,ERR,ERR,ERR,ERR,50.0,60.0,100,0.0,0.0,0.0,0.0,0.0,0.0,0.0,0.0,0.0,0.0,0.0,0.0,0.0,0.0,0.0,0.0,61.6,65,19,65521,50,65476,0,300,0,0,8,20529,65476,0,0,26214,60.0,0.0,0.0,0.0,0.0,0.0
2026-05-17T16:05:36,ERR,ERR,ERR,ERR,ERR,ERR,ERR,ERR,ERR,ERR,ERR,ERR,ERR,ERR,ERR,ERR,ERR,ERR,ERR,ERR,ERR,ERR,ERR,ERR,ERR,ERR,ERR,ERR,ERR,ERR,ERR,ERR,ERR,ERR,ERR,ERR,ERR,ERR,ERR,ERR,ERR,ERR,ERR,ERR,ERR,ERR,ERR,ERR,ERR,ERR,ERR,ERR,ERR,ERR,ERR,ERR,ERR,ERR,ERR,ERR,ERR,ERR,ERR,ERR,ERR,ERR,ERR,ERR,ERR,ERR,ERR,ERR,ERR,ERR,ERR,ERR,ERR,ERR,ERR,ERR,ERR,ERR,ERR,ERR,ERR,ERR,ERR,ERR,ERR,ERR,ERR,ERR,ERR,ERR,ERR,ERR,ERR,ERR,ERR,ERR,ERR,ERR,ERR,ERR,ERR,ERR,ERR,ERR,ERR,ERR,ERR,ERR,ERR,ERR,ERR,ERR,ERR,ERR,ERR,ERR,ERR,ERR,ERR,ERR,ERR,0.0,-0.0,-0.0,0.0,0.0,1.3936040501711995e+18,7.805,0.0,0,0,4,0,8422,0.0,45,0.0,0.0,0.0,0.0,0.0,0,0,0,0,0.0,0,0,0,0,0,0,0,0,0,0,0,0,0,0,0,0,0,0,0,0,0,0,0,0,0,0,0,0,0,0,0,0,0,38,14,7,45,65476,0,300,0,0,8,21553,0.0,-107605600.0,0.0,0.0,0.0,0.0,0.0,0.0,0.0,0.0,0.0,0.0,0.0,0.0,0.0,0.0,0.0,0.0,0.0,0.0,0.0,0.0,-2.004,-0.0,2.004,-2.004,0.0,0.0,0.0,0.0,5073.0,131350.469,0.0,0.0,-0.0,-107615272.0,2.718429120148166e+23,0.0,0.0,0.0,0.0,53,1.9056979486756045e+17,-0.0,0.0,0.0,0.0,0.0,0.0,0.0,0.0,0,0,0,0.0,0.0,0.0,0.0,0.0,0.0,0.0,0.0,0.0,0.0,0.0,0.0,0.0,0.0,0.0,0.0,0,-107875648.0,53,0.0,106,-107614832.0,0.0,ERR,ERR,ERR,ERR,ERR,ERR,ERR,ERR,ERR,ERR,ERR,ERR,ERR,ERR,ERR,ERR,ERR,ERR,ERR,ERR,ERR,ERR,ERR,ERR,ERR,ERR,ERR,ERR,ERR,ERR,ERR,ERR,ERR,ERR,ERR,ERR,ERR,ERR,ERR,ERR,ERR,ERR,ERR,ERR,ERR,ERR,ERR,ERR,ERR,ERR,ERR,ERR,ERR,ERR,ERR,ERR,ERR,ERR,ERR,ERR,ERR,ERR,ERR,ERR,ERR,ERR,ERR,50.0,60.0,100,0.0,0.0,0.0,0.0,0.0,0.0,0.0,0.0,0.0,0.0,0.0,0.0,0.0,0.0,0.0,0.0,61.6,65,19,65521,50,65476,0,300,0,0,8,20529,65476,0,0,26214,60.0,0.0,0.0,0.0,0.0,0.0
2026-05-17T16:05:37,ERR,ERR,ERR,ERR,ERR,ERR,ERR,ERR,ERR,ERR,ERR,ERR,ERR,ERR,ERR,ERR,ERR,ERR,ERR,ERR,ERR,ERR,ERR,ERR,ERR,ERR,ERR,ERR,ERR,ERR,ERR,ERR,ERR,ERR,ERR,ERR,ERR,ERR,ERR,ERR,ERR,ERR,ERR,ERR,ERR,ERR,ERR,ERR,ERR,ERR,ERR,ERR,ERR,ERR,ERR,ERR,ERR,ERR,ERR,ERR,ERR,ERR,ERR,ERR,ERR,ERR,ERR,ERR,ERR,ERR,ERR,ERR,ERR,ERR,ERR,ERR,ERR,ERR,ERR,ERR,ERR,ERR,ERR,ERR,ERR,ERR,ERR,ERR,ERR,ERR,ERR,ERR,ERR,ERR,ERR,ERR,ERR,ERR,ERR,ERR,ERR,ERR,ERR,ERR,ERR,ERR,ERR,ERR,ERR,ERR,ERR,ERR,ERR,ERR,ERR,ERR,ERR,ERR,ERR,ERR,ERR,ERR,ERR,ERR,ERR,0.0,-0.0,-0.0,0.0,0.0,1.3936040501711995e+18,7.805,0.0,0,0,4,0,8422,0.0,45,0.0,0.0,0.0,0.0,0.0,0,0,0,0,0.0,0,0,0,0,0,0,0,0,0,0,0,0,0,0,0,0,0,0,0,0,0,0,0,0,0,0,0,0,0,0,0,0,0,38,14,7,45,65476,0,300,0,0,8,21553,0.0,-107605600.0,0.0,0.0,0.0,0.0,0.0,0.0,0.0,0.0,0.0,0.0,0.0,0.0,0.0,0.0,0.0,0.0,0.0,0.0,0.0,0.0,-2.004,-0.0,2.004,-2.004,0.0,0.0,0.0,0.0,5070.0,2.004,0.0,0.0,-0.0,-107615272.0,2.718429120148166e+23,0.0,0.0,0.0,0.0,53,107615344.0,-0.0,0.0,0.0,0.0,0.0,0.0,0.0,0.0,0,0,0,0.0,0.0,0.0,0.0,0.0,0.0,0.0,0.0,0.0,0.0,0.0,0.0,0.0,0.0,0.0,0.0,0,-107875648.0,53,0.0,106,-107614832.0,0.0,ERR,ERR,ERR,ERR,ERR,ERR,ERR,ERR,ERR,ERR,ERR,ERR,ERR,ERR,ERR,ERR,ERR,ERR,ERR,ERR,ERR,ERR,ERR,ERR,ERR,ERR,ERR,ERR,ERR,ERR,ERR,ERR,ERR,ERR,ERR,ERR,ERR,ERR,ERR,ERR,ERR,ERR,ERR,ERR,ERR,ERR,ERR,ERR,ERR,ERR,ERR,ERR,ERR,ERR,ERR,ERR,ERR,ERR,ERR,ERR,ERR,ERR,ERR,ERR,ERR,ERR,ERR,50.0,60.0,100,0.0,0.0,0.0,0.0,0.0,0.0,0.0,0.0,0.0,0.0,0.0,0.0,0.0,0.0,0.0,0.0,61.6,65,19,65521,50,65476,0,300,0,0,8,20529,65476,0,0,26214,60.0,0.0,0.0,0.0,0.0,0.0
2026-05-17T16:05:38,ERR,ERR,ERR,ERR,ERR,ERR,ERR,ERR,ERR,ERR,ERR,ERR,ERR,ERR,ERR,ERR,ERR,ERR,ERR,ERR,ERR,ERR,ERR,ERR,ERR,ERR,ERR,ERR,ERR,ERR,ERR,ERR,ERR,ERR,ERR,ERR,ERR,ERR,ERR,ERR,ERR,ERR,ERR,ERR,ERR,ERR,ERR,ERR,ERR,ERR,ERR,ERR,ERR,ERR,ERR,ERR,ERR,ERR,ERR,ERR,ERR,ERR,ERR,ERR,ERR,ERR,ERR,ERR,ERR,ERR,ERR,ERR,ERR,ERR,ERR,ERR,ERR,ERR,ERR,ERR,ERR,ERR,ERR,ERR,ERR,ERR,ERR,ERR,ERR,ERR,ERR,ERR,ERR,ERR,ERR,ERR,ERR,ERR,ERR,ERR,ERR,ERR,ERR,ERR,ERR,ERR,ERR,ERR,ERR,ERR,ERR,ERR,ERR,ERR,ERR,ERR,ERR,ERR,ERR,ERR,ERR,ERR,ERR,ERR,ERR,0.0,-0.0,-0.0,0.0,0.0,1.3936040501711995e+18,7.805,0.0,0,0,4,0,8422,0.0,45,0.0,0.0,0.0,0.0,0.0,0,0,0,0,0.0,0,0,0,0,0,0,0,0,0,0,0,0,0,0,0,0,0,0,0,0,0,0,0,0,0,0,0,0,0,0,0,0,0,38,14,7,45,65476,0,300,0,0,8,21553,0.0,-107605600.0,0.0,0.0,0.0,0.0,0.0,0.0,0.0,0.0,0.0,0.0,0.0,0.0,0.0,0.0,0.0,0.0,0.0,0.0,0.0,0.0,-2.004,-0.0,2.004,-2.004,0.0,0.0,0.0,0.0,5070.0,2.004,0.0,0.0,-0.0,-107615272.0,2.718429120148166e+23,0.0,0.0,0.0,0.0,53,107615344.0,-0.0,0.0,0.0,0.0,0.0,0.0,0.0,0.0,0,0,0,0.0,0.0,0.0,0.0,0.0,0.0,0.0,0.0,0.0,0.0,0.0,0.0,0.0,0.0,0.0,0.0,0,-107875648.0,53,0.0,106,-107614832.0,0.0,ERR,ERR,ERR,ERR,ERR,ERR,ERR,ERR,ERR,ERR,ERR,ERR,ERR,ERR,ERR,ERR,ERR,ERR,ERR,ERR,ERR,ERR,ERR,ERR,ERR,ERR,ERR,ERR,ERR,ERR,ERR,ERR,ERR,ERR,ERR,ERR,ERR,ERR,ERR,ERR,ERR,ERR,ERR,ERR,ERR,ERR,ERR,ERR,ERR,ERR,ERR,ERR,ERR,ERR,ERR,ERR,ERR,ERR,ERR,ERR,ERR,ERR,ERR,ERR,ERR,ERR,ERR,50.0,60.0,100,0.0,0.0,0.0,0.0,0.0,0.0,0.0,0.0,0.0,0.0,0.0,0.0,0.0,0.0,0.0,0.0,61.6,65,19,65521,50,65476,0,300,0,0,8,20529,65476,0,0,26214,60.0,0.0,0.0,0.0,0.0,0.0
2026-05-17T16:05:39,ERR,ERR,ERR,ERR,ERR,ERR,ERR,ERR,ERR,ERR,ERR,ERR,ERR,ERR,ERR,ERR,ERR,ERR,ERR,ERR,ERR,ERR,ERR,ERR,ERR,ERR,ERR,ERR,ERR,ERR,ERR,ERR,ERR,ERR,ERR,ERR,ERR,ERR,ERR,ERR,ERR,ERR,ERR,ERR,ERR,ERR,ERR,ERR,ERR,ERR,ERR,ERR,ERR,ERR,ERR,ERR,ERR,ERR,ERR,ERR,ERR,ERR,ERR,ERR,ERR,ERR,ERR,ERR,ERR,ERR,ERR,ERR,ERR,ERR,ERR,ERR,ERR,ERR,ERR,ERR,ERR,ERR,ERR,ERR,ERR,ERR,ERR,ERR,ERR,ERR,ERR,ERR,ERR,ERR,ERR,ERR,ERR,ERR,ERR,ERR,ERR,ERR,ERR,ERR,ERR,ERR,ERR,ERR,ERR,ERR,ERR,ERR,ERR,ERR,ERR,ERR,ERR,ERR,ERR,ERR,ERR,ERR,ERR,ERR,ERR,0.0,-0.0,-0.0,0.0,0.0,1.3936040501711995e+18,7.805,0.0,0,0,4,0,8422,0.0,45,0.0,0.0,0.0,0.0,0.0,0,0,0,0,0.0,0,0,0,0,0,0,0,0,0,0,0,0,0,0,0,0,0,0,0,0,0,0,0,0,0,0,0,0,0,0,0,0,0,38,14,7,45,65476,0,300,0,0,8,21553,0.0,-107605600.0,0.0,0.0,0.0,0.0,0.0,0.0,0.0,0.0,0.0,0.0,0.0,0.0,0.0,0.0,0.0,0.0,0.0,0.0,0.0,0.0,-2.004,-0.0,2.004,-2.004,0.0,0.0,0.0,0.0,5070.0,2.004,0.0,0.0,-0.0,-107615272.0,2.718429120148166e+23,0.0,0.0,0.0,0.0,53,107615344.0,-0.0,0.0,0.0,0.0,0.0,0.0,0.0,0.0,0,0,0,0.0,0.0,0.0,0.0,0.0,0.0,0.0,0.0,0.0,0.0,0.0,0.0,0.0,0.0,0.0,0.0,0,-107875648.0,53,0.0,106,-107614832.0,0.0,ERR,ERR,ERR,ERR,ERR,ERR,ERR,ERR,ERR,ERR,ERR,ERR,ERR,ERR,ERR,ERR,ERR,ERR,ERR,ERR,ERR,ERR,ERR,ERR,ERR,ERR,ERR,ERR,ERR,ERR,ERR,ERR,ERR,ERR,ERR,ERR,ERR,ERR,ERR,ERR,ERR,ERR,ERR,ERR,ERR,ERR,ERR,ERR,ERR,ERR,ERR,ERR,ERR,ERR,ERR,ERR,ERR,ERR,ERR,ERR,ERR,ERR,ERR,ERR,ERR,ERR,ERR,50.0,60.0,100,0.0,0.0,0.0,0.0,0.0,0.0,0.0,0.0,0.0,0.0,0.0,0.0,0.0,0.0,0.0,0.0,62.0,65,19,65521,50,65476,0,300,0,0,8,20529,65476,0,0,26214,60.0,0.0,0.0,0.0,0.0,0.0
2026-05-17T16:05:40,ERR,ERR,ERR,ERR,ERR,ERR,ERR,ERR,ERR,ERR,ERR,ERR,ERR,ERR,ERR,ERR,ERR,ERR,ERR,ERR,ERR,ERR,ERR,ERR,ERR,ERR,ERR,ERR,ERR,ERR,ERR,ERR,ERR,ERR,ERR,ERR,ERR,ERR,ERR,ERR,ERR,ERR,ERR,ERR,ERR,ERR,ERR,ERR,ERR,ERR,ERR,ERR,ERR,ERR,ERR,ERR,ERR,ERR,ERR,ERR,ERR,ERR,ERR,ERR,ERR,ERR,ERR,ERR,ERR,ERR,ERR,ERR,ERR,ERR,ERR,ERR,ERR,ERR,ERR,ERR,ERR,ERR,ERR,ERR,ERR,ERR,ERR,ERR,ERR,ERR,ERR,ERR,ERR,ERR,ERR,ERR,ERR,ERR,ERR,ERR,ERR,ERR,ERR,ERR,ERR,ERR,ERR,ERR,ERR,ERR,ERR,ERR,ERR,ERR,ERR,ERR,ERR,ERR,ERR,ERR,ERR,ERR,ERR,ERR,ERR,0.0,-0.0,-0.0,0.0,0.0,1.3936040501711995e+18,7.805,0.0,0,0,4,0,8422,0.0,45,0.0,0.0,0.0,0.0,0.0,0,0,0,0,0.0,0,0,0,0,0,0,0,0,0,0,0,0,0,0,0,0,0,0,0,0,0,0,0,0,0,0,0,0,0,0,0,0,0,38,14,7,45,65476,0,300,0,0,8,21553,0.0,-107605600.0,0.0,0.0,0.0,0.0,0.0,0.0,0.0,0.0,0.0,0.0,0.0,0.0,0.0,0.0,0.0,0.0,0.0,0.0,0.0,0.0,-2.004,-0.0,2.004,-2.004,0.0,0.0,0.0,0.0,5070.0,2.004,0.0,0.0,-0.0,-107615272.0,2.718429120148166e+23,0.0,0.0,0.0,0.0,53,107615344.0,-0.0,0.0,0.0,0.0,0.0,0.0,0.0,0.0,0,0,0,0.0,0.0,0.0,0.0,0.0,0.0,0.0,0.0,0.0,0.0,0.0,0.0,0.0,0.0,0.0,0.0,0,-107875648.0,53,0.0,106,-107614832.0,0.0,ERR,ERR,ERR,ERR,ERR,ERR,ERR,ERR,ERR,ERR,ERR,ERR,ERR,ERR,ERR,ERR,ERR,ERR,ERR,ERR,ERR,ERR,ERR,ERR,ERR,ERR,ERR,ERR,ERR,ERR,ERR,ERR,ERR,ERR,ERR,ERR,ERR,ERR,ERR,ERR,ERR,ERR,ERR,ERR,ERR,ERR,ERR,ERR,ERR,ERR,ERR,ERR,ERR,ERR,ERR,ERR,ERR,ERR,ERR,ERR,ERR,ERR,ERR,ERR,ERR,ERR,ERR,50.0,60.0,100,0.0,0.0,0.0,0.0,0.0,0.0,0.0,0.0,0.0,0.0,0.0,0.0,0.0,0.0,0.0,0.0,62.0,65,19,65521,50,65476,0,300,0,0,8,20529,65476,0,0,26214,60.0,0.0,0.0,0.0,0.0,0.0
2026-05-17T16:05:41,ERR,ERR,ERR,ERR,ERR,ERR,ERR,ERR,ERR,ERR,ERR,ERR,ERR,ERR,ERR,ERR,ERR,ERR,ERR,ERR,ERR,ERR,ERR,ERR,ERR,ERR,ERR,ERR,ERR,ERR,ERR,ERR,ERR,ERR,ERR,ERR,ERR,ERR,ERR,ERR,ERR,ERR,ERR,ERR,ERR,ERR,ERR,ERR,ERR,ERR,ERR,ERR,ERR,ERR,ERR,ERR,ERR,ERR,ERR,ERR,ERR,ERR,ERR,ERR,ERR,ERR,ERR,ERR,ERR,ERR,ERR,ERR,ERR,ERR,ERR,ERR,ERR,ERR,ERR,ERR,ERR,ERR,ERR,ERR,ERR,ERR,ERR,ERR,ERR,ERR,ERR,ERR,ERR,ERR,ERR,ERR,ERR,ERR,ERR,ERR,ERR,ERR,ERR,ERR,ERR,ERR,ERR,ERR,ERR,ERR,ERR,ERR,ERR,ERR,ERR,ERR,ERR,ERR,ERR,ERR,ERR,ERR,ERR,ERR,ERR,0.0,-0.0,-0.0,0.0,0.0,1.3936040501711995e+18,7.805,0.0,0,0,4,0,8422,0.0,45,0.0,0.0,0.0,0.0,0.0,0,0,0,0,0.0,0,0,0,0,0,0,0,0,0,0,0,0,0,0,0,0,0,0,0,0,0,0,0,0,0,0,0,0,0,0,0,0,0,38,14,7,45,65476,0,300,0,0,8,21553,0.0,-107605600.0,0.0,0.0,0.0,0.0,0.0,0.0,0.0,0.0,0.0,0.0,0.0,0.0,0.0,0.0,0.0,0.0,0.0,0.0,0.0,0.0,-2.004,-0.0,2.004,-2.004,0.0,0.0,0.0,0.0,5070.0,2.004,0.0,0.0,-0.0,-107615272.0,2.718429120148166e+23,0.0,0.0,0.0,0.0,53,107615344.0,-0.0,0.0,0.0,0.0,0.0,0.0,0.0,0.0,0,0,0,0.0,0.0,0.0,0.0,0.0,0.0,0.0,0.0,0.0,0.0,0.0,0.0,0.0,0.0,0.0,0.0,0,-107875648.0,53,0.0,106,-107614832.0,0.0,ERR,ERR,ERR,ERR,ERR,ERR,ERR,ERR,ERR,ERR,ERR,ERR,ERR,ERR,ERR,ERR,ERR,ERR,ERR,ERR,ERR,ERR,ERR,ERR,ERR,ERR,ERR,ERR,ERR,ERR,ERR,ERR,ERR,ERR,ERR,ERR,ERR,ERR,ERR,ERR,ERR,ERR,ERR,ERR,ERR,ERR,ERR,ERR,ERR,ERR,ERR,ERR,ERR,ERR,ERR,ERR,ERR,ERR,ERR,ERR,ERR,ERR,ERR,ERR,ERR,ERR,ERR,50.0,60.0,100,0.0,0.0,0.0,0.0,0.0,0.0,0.0,0.0,0.0,0.0,0.0,0.0,0.0,0.0,0.0,0.0,61.6,65,19,65521,50,65476,0,300,0,0,8,20529,65476,0,0,26214,60.0,0.0,0.0,0.0,0.0,0.0
2026-05-17T16:05:42,ERR,ERR,ERR,ERR,ERR,ERR,ERR,ERR,ERR,ERR,ERR,ERR,ERR,ERR,ERR,ERR,ERR,ERR,ERR,ERR,ERR,ERR,ERR,ERR,ERR,ERR,ERR,ERR,ERR,ERR,ERR,ERR,ERR,ERR,ERR,ERR,ERR,ERR,ERR,ERR,ERR,ERR,ERR,ERR,ERR,ERR,ERR,ERR,ERR,ERR,ERR,ERR,ERR,ERR,ERR,ERR,ERR,ERR,ERR,ERR,ERR,ERR,ERR,ERR,ERR,ERR,ERR,ERR,ERR,ERR,ERR,ERR,ERR,ERR,ERR,ERR,ERR,ERR,ERR,ERR,ERR,ERR,ERR,ERR,ERR,ERR,ERR,ERR,ERR,ERR,ERR,ERR,ERR,ERR,ERR,ERR,ERR,ERR,ERR,ERR,ERR,ERR,ERR,ERR,ERR,ERR,ERR,ERR,ERR,ERR,ERR,ERR,ERR,ERR,ERR,ERR,ERR,ERR,ERR,ERR,ERR,ERR,ERR,ERR,ERR,0.0,-0.0,-0.0,0.0,0.0,1.3936040501711995e+18,7.805,0.0,0,0,4,0,8422,0.0,45,0.0,0.0,0.0,0.0,0.0,0,0,0,0,0.0,0,0,0,0,0,0,0,0,0,0,0,0,0,0,0,0,0,0,0,0,0,0,0,0,0,0,0,0,0,0,0,0,0,38,14,7,45,65476,0,300,0,0,8,21553,0.0,-107605600.0,0.0,0.0,0.0,0.0,0.0,0.0,0.0,0.0,0.0,0.0,0.0,0.0,0.0,0.0,0.0,0.0,0.0,0.0,0.0,0.0,-2.004,-0.0,2.004,-2.004,0.0,0.0,0.0,0.0,5040.0,-8608183296.0,0.0,0.0,-0.0,-107615272.0,2.718429120148166e+23,0.0,0.0,0.0,0.0,53,3.222028592685471e+26,0.0,0.0,0.0,0.0,0.0,0.0,0.0,0.0,0,0,0,0.0,0.0,0.0,0.0,0.0,0.0,0.0,0.0,0.0,0.0,0.0,0.0,0.0,0.0,0.0,0.0,0,-107875648.0,53,0.0,106,-107614832.0,0.0,ERR,ERR,ERR,ERR,ERR,ERR,ERR,ERR,ERR,ERR,ERR,ERR,ERR,ERR,ERR,ERR,ERR,ERR,ERR,ERR,ERR,ERR,ERR,ERR,ERR,ERR,ERR,ERR,ERR,ERR,ERR,ERR,ERR,ERR,ERR,ERR,ERR,ERR,ERR,ERR,ERR,ERR,ERR,ERR,ERR,ERR,ERR,ERR,ERR,ERR,ERR,ERR,ERR,ERR,ERR,ERR,ERR,ERR,ERR,ERR,ERR,ERR,ERR,ERR,ERR,ERR,ERR,50.0,60.0,100,0.0,0.0,0.0,0.0,0.0,0.0,0.0,0.0,0.0,0.0,0.0,0.0,0.0,0.0,0.0,0.0,61.6,65,19,65521,50,65476,0,300,0,0,8,20529,65476,0,0,26214,60.0,0.0,0.0,0.0,0.0,0.0
2026-05-17T16:05:43,ERR,ERR,ERR,ERR,ERR,ERR,ERR,ERR,ERR,ERR,ERR,ERR,ERR,ERR,ERR,ERR,ERR,ERR,ERR,ERR,ERR,ERR,ERR,ERR,ERR,ERR,ERR,ERR,ERR,ERR,ERR,ERR,ERR,ERR,ERR,ERR,ERR,ERR,ERR,ERR,ERR,ERR,ERR,ERR,ERR,ERR,ERR,ERR,ERR,ERR,ERR,ERR,ERR,ERR,ERR,ERR,ERR,ERR,ERR,ERR,ERR,ERR,ERR,ERR,ERR,ERR,ERR,ERR,ERR,ERR,ERR,ERR,ERR,ERR,ERR,ERR,ERR,ERR,ERR,ERR,ERR,ERR,ERR,ERR,ERR,ERR,ERR,ERR,ERR,ERR,ERR,ERR,ERR,ERR,ERR,ERR,ERR,ERR,ERR,ERR,ERR,ERR,ERR,ERR,ERR,ERR,ERR,ERR,ERR,ERR,ERR,ERR,ERR,ERR,ERR,ERR,ERR,ERR,ERR,ERR,ERR,ERR,ERR,ERR,ERR,0.0,-0.0,-0.0,0.0,0.0,1.3936040501711995e+18,7.805,0.0,0,0,4,0,8422,0.0,45,0.0,0.0,0.0,0.0,0.0,0,0,0,0,0.0,0,0,0,0,0,0,0,0,0,0,0,0,0,0,0,0,0,0,0,0,0,0,0,0,0,0,0,0,0,0,0,0,0,38,14,7,45,65476,0,300,0,0,8,21553,0.0,-107605600.0,0.0,0.0,0.0,0.0,0.0,0.0,0.0,0.0,0.0,0.0,0.0,0.0,0.0,0.0,0.0,0.0,0.0,0.0,0.0,0.0,-2.004,-0.0,2.004,-2.004,0.0,0.0,0.0,0.0,5040.0,-8608183296.0,0.0,0.0,-0.0,-107615272.0,2.718429120148166e+23,0.0,0.0,0.0,0.0,53,3.222028592685471e+26,0.0,0.0,0.0,0.0,0.0,0.0,0.0,0.0,0,0,0,0.0,0.0,0.0,0.0,0.0,0.0,0.0,0.0,0.0,0.0,0.0,0.0,0.0,0.0,0.0,0.0,0,-107875648.0,53,0.0,106,-107614832.0,0.0,ERR,ERR,ERR,ERR,ERR,ERR,ERR,ERR,ERR,ERR,ERR,ERR,ERR,ERR,ERR,ERR,ERR,ERR,ERR,ERR,ERR,ERR,ERR,ERR,ERR,ERR,ERR,ERR,ERR,ERR,ERR,ERR,ERR,ERR,ERR,ERR,ERR,ERR,ERR,ERR,ERR,ERR,ERR,ERR,ERR,ERR,ERR,ERR,ERR,ERR,ERR,ERR,ERR,ERR,ERR,ERR,ERR,ERR,ERR,ERR,ERR,ERR,ERR,ERR,ERR,ERR,ERR,50.0,60.0,100,0.0,0.0,0.0,0.0,0.0,0.0,0.0,0.0,0.0,0.0,0.0,0.0,0.0,0.0,0.0,0.0,62.0,65,19,65521,50,65476,0,300,0,0,8,20529,65476,0,0,26214,60.0,0.0,0.0,0.0,0.0,0.0
2026-05-17T16:05:44,ERR,ERR,ERR,ERR,ERR,ERR,ERR,ERR,ERR,ERR,ERR,ERR,ERR,ERR,ERR,ERR,ERR,ERR,ERR,ERR,ERR,ERR,ERR,ERR,ERR,ERR,ERR,ERR,ERR,ERR,ERR,ERR,ERR,ERR,ERR,ERR,ERR,ERR,ERR,ERR,ERR,ERR,ERR,ERR,ERR,ERR,ERR,ERR,ERR,ERR,ERR,ERR,ERR,ERR,ERR,ERR,ERR,ERR,ERR,ERR,ERR,ERR,ERR,ERR,ERR,ERR,ERR,ERR,ERR,ERR,ERR,ERR,ERR,ERR,ERR,ERR,ERR,ERR,ERR,ERR,ERR,ERR,ERR,ERR,ERR,ERR,ERR,ERR,ERR,ERR,ERR,ERR,ERR,ERR,ERR,ERR,ERR,ERR,ERR,ERR,ERR,ERR,ERR,ERR,ERR,ERR,ERR,ERR,ERR,ERR,ERR,ERR,ERR,ERR,ERR,ERR,ERR,ERR,ERR,ERR,ERR,ERR,ERR,ERR,ERR,0.0,-0.0,-0.0,0.0,0.0,1.3936040501711995e+18,7.805,0.0,0,0,4,0,8422,0.0,45,0.0,0.0,0.0,0.0,0.0,0,0,0,0,0.0,0,0,0,0,0,0,0,0,0,0,0,0,0,0,0,0,0,0,0,0,0,0,0,0,0,0,0,0,0,0,0,0,0,38,14,7,45,65476,0,300,0,0,8,21553,0.0,-107605600.0,0.0,0.0,0.0,0.0,0.0,0.0,0.0,0.0,0.0,0.0,0.0,0.0,0.0,0.0,0.0,0.0,0.0,0.0,0.0,0.0,-2.004,-0.0,2.004,-2.004,0.0,0.0,0.0,0.0,5040.0,-8608183296.0,0.0,0.0,-0.0,-107615272.0,2.718429120148166e+23,0.0,0.0,0.0,0.0,53,3.222028592685471e+26,0.0,0.0,0.0,0.0,0.0,0.0,0.0,0.0,0,0,0,0.0,0.0,0.0,0.0,0.0,0.0,0.0,0.0,0.0,0.0,0.0,0.0,0.0,0.0,0.0,0.0,0,-107875648.0,53,0.0,106,-107614832.0,0.0,ERR,ERR,ERR,ERR,ERR,ERR,ERR,ERR,ERR,ERR,ERR,ERR,ERR,ERR,ERR,ERR,ERR,ERR,ERR,ERR,ERR,ERR,ERR,ERR,ERR,ERR,ERR,ERR,ERR,ERR,ERR,ERR,ERR,ERR,ERR,ERR,ERR,ERR,ERR,ERR,ERR,ERR,ERR,ERR,ERR,ERR,ERR,ERR,ERR,ERR,ERR,ERR,ERR,ERR,ERR,ERR,ERR,ERR,ERR,ERR,ERR,ERR,ERR,ERR,ERR,ERR,ERR,50.0,60.0,100,0.0,0.0,0.0,0.0,0.0,0.0,0.0,0.0,0.0,0.0,0.0,0.0,0.0,0.0,0.0,0.0,62.0,65,19,65521,50,65476,0,300,0,0,8,20529,65476,0,0,26214,60.0,0.0,0.0,0.0,0.0,0.0
2026-05-17T16:05:45,ERR,ERR,ERR,ERR,ERR,ERR,ERR,ERR,ERR,ERR,ERR,ERR,ERR,ERR,ERR,ERR,ERR,ERR,ERR,ERR,ERR,ERR,ERR,ERR,ERR,ERR,ERR,ERR,ERR,ERR,ERR,ERR,ERR,ERR,ERR,ERR,ERR,ERR,ERR,ERR,ERR,ERR,ERR,ERR,ERR,ERR,ERR,ERR,ERR,ERR,ERR,ERR,ERR,ERR,ERR,ERR,ERR,ERR,ERR,ERR,ERR,ERR,ERR,ERR,ERR,ERR,ERR,ERR,ERR,ERR,ERR,ERR,ERR,ERR,ERR,ERR,ERR,ERR,ERR,ERR,ERR,ERR,ERR,ERR,ERR,ERR,ERR,ERR,ERR,ERR,ERR,ERR,ERR,ERR,ERR,ERR,ERR,ERR,ERR,ERR,ERR,ERR,ERR,ERR,ERR,ERR,ERR,ERR,ERR,ERR,ERR,ERR,ERR,ERR,ERR,ERR,ERR,ERR,ERR,ERR,ERR,ERR,ERR,ERR,ERR,0.0,-0.0,-0.0,0.0,0.0,1.3936040501711995e+18,7.805,0.0,0,0,4,0,8422,0.0,45,0.0,0.0,0.0,0.0,0.0,0,0,0,0,0.0,0,0,0,0,0,0,0,0,0,0,0,0,0,0,0,0,0,0,0,0,0,0,0,0,0,0,0,0,0,0,0,0,0,38,14,7,45,65476,0,300,0,0,8,21553,0.0,-107605600.0,0.0,0.0,0.0,0.0,0.0,0.0,0.0,0.0,0.0,0.0,0.0,0.0,0.0,0.0,0.0,0.0,0.0,0.0,0.0,0.0,-2.004,-0.0,2.004,-2.004,0.0,0.0,0.0,0.0,5040.0,-8608183296.0,0.0,0.0,-0.0,-107615272.0,2.718429120148166e+23,0.0,0.0,0.0,0.0,53,3.222028592685471e+26,0.0,0.0,0.0,0.0,0.0,0.0,0.0,0.0,0,0,0,0.0,0.0,0.0,0.0,0.0,0.0,0.0,0.0,0.0,0.0,0.0,0.0,0.0,0.0,0.0,0.0,0,-107875648.0,53,0.0,106,-107614832.0,0.0,ERR,ERR,ERR,ERR,ERR,ERR,ERR,ERR,ERR,ERR,ERR,ERR,ERR,ERR,ERR,ERR,ERR,ERR,ERR,ERR,ERR,ERR,ERR,ERR,ERR,ERR,ERR,ERR,ERR,ERR,ERR,ERR,ERR,ERR,ERR,ERR,ERR,ERR,ERR,ERR,ERR,ERR,ERR,ERR,ERR,ERR,ERR,ERR,ERR,ERR,ERR,ERR,ERR,ERR,ERR,ERR,ERR,ERR,ERR,ERR,ERR,ERR,ERR,ERR,ERR,ERR,ERR,50.0,60.0,100,0.0,0.0,0.0,0.0,0.0,0.0,0.0,0.0,0.0,0.0,0.0,0.0,0.0,0.0,0.0,0.0,62.0,65,19,65521,50,65476,0,300,0,0,8,20529,65476,0,0,26214,60.0,0.0,0.0,0.0,0.0,0.0
2026-05-17T16:05:46,ERR,ERR,ERR,ERR,ERR,ERR,ERR,ERR,ERR,ERR,ERR,ERR,ERR,ERR,ERR,ERR,ERR,ERR,ERR,ERR,ERR,ERR,ERR,ERR,ERR,ERR,ERR,ERR,ERR,ERR,ERR,ERR,ERR,ERR,ERR,ERR,ERR,ERR,ERR,ERR,ERR,ERR,ERR,ERR,ERR,ERR,ERR,ERR,ERR,ERR,ERR,ERR,ERR,ERR,ERR,ERR,ERR,ERR,ERR,ERR,ERR,ERR,ERR,ERR,ERR,ERR,ERR,ERR,ERR,ERR,ERR,ERR,ERR,ERR,ERR,ERR,ERR,ERR,ERR,ERR,ERR,ERR,ERR,ERR,ERR,ERR,ERR,ERR,ERR,ERR,ERR,ERR,ERR,ERR,ERR,ERR,ERR,ERR,ERR,ERR,ERR,ERR,ERR,ERR,ERR,ERR,ERR,ERR,ERR,ERR,ERR,ERR,ERR,ERR,ERR,ERR,ERR,ERR,ERR,ERR,ERR,ERR,ERR,ERR,ERR,0.0,-0.0,-0.0,0.0,0.0,1.3936040501711995e+18,7.805,0.0,0,0,4,0,8422,0.0,45,0.0,0.0,0.0,0.0,0.0,0,0,0,0,0.0,0,0,0,0,0,0,0,0,0,0,0,0,0,0,0,0,0,0,0,0,0,0,0,0,0,0,0,0,0,0,0,0,0,38,14,7,45,65476,0,300,0,0,8,21553,0.0,-107605600.0,0.0,0.0,0.0,0.0,0.0,0.0,0.0,0.0,0.0,0.0,0.0,0.0,0.0,0.0,0.0,0.0,0.0,0.0,0.0,0.0,-2.004,-0.0,2.004,-2.004,0.0,0.0,0.0,0.0,5040.0,-8608183296.0,0.0,0.0,-0.0,-107615272.0,2.718429120148166e+23,0.0,0.0,0.0,0.0,53,3.222028592685471e+26,0.0,0.0,0.0,0.0,0.0,0.0,0.0,0.0,0,0,0,0.0,0.0,0.0,0.0,0.0,0.0,0.0,0.0,0.0,0.0,0.0,0.0,0.0,0.0,0.0,0.0,0,-107875648.0,53,0.0,106,-107614832.0,0.0,ERR,ERR,ERR,ERR,ERR,ERR,ERR,ERR,ERR,ERR,ERR,ERR,ERR,ERR,ERR,ERR,ERR,ERR,ERR,ERR,ERR,ERR,ERR,ERR,ERR,ERR,ERR,ERR,ERR,ERR,ERR,ERR,ERR,ERR,ERR,ERR,ERR,ERR,ERR,ERR,ERR,ERR,ERR,ERR,ERR,ERR,ERR,ERR,ERR,ERR,ERR,ERR,ERR,ERR,ERR,ERR,ERR,ERR,ERR,ERR,ERR,ERR,ERR,ERR,ERR,ERR,ERR,50.0,60.0,100,0.0,0.0,0.0,0.0,0.0,0.0,0.0,0.0,0.0,0.0,0.0,0.0,0.0,0.0,0.0,0.0,61.6,65,19,65521,50,65476,0,300,0,0,8,20529,65476,0,0,26214,60.0,0.0,0.0,0.0,0.0,0.0
2026-05-17T16:05:47,ERR,ERR,ERR,ERR,ERR,ERR,ERR,ERR,ERR,ERR,ERR,ERR,ERR,ERR,ERR,ERR,ERR,ERR,ERR,ERR,ERR,ERR,ERR,ERR,ERR,ERR,ERR,ERR,ERR,ERR,ERR,ERR,ERR,ERR,ERR,ERR,ERR,ERR,ERR,ERR,ERR,ERR,ERR,ERR,ERR,ERR,ERR,ERR,ERR,ERR,ERR,ERR,ERR,ERR,ERR,ERR,ERR,ERR,ERR,ERR,ERR,ERR,ERR,ERR,ERR,ERR,ERR,ERR,ERR,ERR,ERR,ERR,ERR,ERR,ERR,ERR,ERR,ERR,ERR,ERR,ERR,ERR,ERR,ERR,ERR,ERR,ERR,ERR,ERR,ERR,ERR,ERR,ERR,ERR,ERR,ERR,ERR,ERR,ERR,ERR,ERR,ERR,ERR,ERR,ERR,ERR,ERR,ERR,ERR,ERR,ERR,ERR,ERR,ERR,ERR,ERR,ERR,ERR,ERR,ERR,ERR,ERR,ERR,ERR,ERR,0.0,-0.0,-0.0,0.0,0.0,1.3936040501711995e+18,7.805,0.0,0,0,4,0,8422,0.0,45,0.0,0.0,0.0,0.0,0.0,0,0,0,0,0.0,0,0,0,0,0,0,0,0,0,0,0,0,0,0,0,0,0,0,0,0,0,0,0,0,0,0,0,0,0,0,0,0,0,38,14,7,45,65476,0,300,0,0,8,21553,0.0,-107605600.0,0.0,0.0,0.0,0.0,0.0,0.0,0.0,0.0,0.0,0.0,0.0,0.0,0.0,0.0,0.0,0.0,0.0,0.0,0.0,0.0,-2.004,-0.0,2.004,-2.004,0.0,0.0,0.0,0.0,5036.0,-564145900486656.0,0.0,0.0,-0.0,-107615272.0,2.718429120148166e+23,0.0,0.0,0.0,0.0,53,107615344.0,0.0,0.0,0.0,0.0,0.0,0.0,0.0,0.0,0,0,0,0.0,0.0,0.0,0.0,0.0,0.0,0.0,0.0,0.0,0.0,0.0,0.0,0.0,0.0,0.0,0.0,0,-107875648.0,53,0.0,106,-107614832.0,0.0,ERR,ERR,ERR,ERR,ERR,ERR,ERR,ERR,ERR,ERR,ERR,ERR,ERR,ERR,ERR,ERR,ERR,ERR,ERR,ERR,ERR,ERR,ERR,ERR,ERR,ERR,ERR,ERR,ERR,ERR,ERR,ERR,ERR,ERR,ERR,ERR,ERR,ERR,ERR,ERR,ERR,ERR,ERR,ERR,ERR,ERR,ERR,ERR,ERR,ERR,ERR,ERR,ERR,ERR,ERR,ERR,ERR,ERR,ERR,ERR,ERR,ERR,ERR,ERR,ERR,ERR,ERR,50.0,60.0,100,0.0,0.0,0.0,0.0,0.0,0.0,0.0,0.0,0.0,0.0,0.0,0.0,0.0,0.0,0.0,0.0,61.6,65,19,65521,50,65476,0,300,0,0,8,20529,65476,0,0,26214,60.0,0.0,0.0,0.0,0.0,0.0
2026-05-17T16:05:48,ERR,ERR,ERR,ERR,ERR,ERR,ERR,ERR,ERR,ERR,ERR,ERR,ERR,ERR,ERR,ERR,ERR,ERR,ERR,ERR,ERR,ERR,ERR,ERR,ERR,ERR,ERR,ERR,ERR,ERR,ERR,ERR,ERR,ERR,ERR,ERR,ERR,ERR,ERR,ERR,ERR,ERR,ERR,ERR,ERR,ERR,ERR,ERR,ERR,ERR,ERR,ERR,ERR,ERR,ERR,ERR,ERR,ERR,ERR,ERR,ERR,ERR,ERR,ERR,ERR,ERR,ERR,ERR,ERR,ERR,ERR,ERR,ERR,ERR,ERR,ERR,ERR,ERR,ERR,ERR,ERR,ERR,ERR,ERR,ERR,ERR,ERR,ERR,ERR,ERR,ERR,ERR,ERR,ERR,ERR,ERR,ERR,ERR,ERR,ERR,ERR,ERR,ERR,ERR,ERR,ERR,ERR,ERR,ERR,ERR,ERR,ERR,ERR,ERR,ERR,ERR,ERR,ERR,ERR,ERR,ERR,ERR,ERR,ERR,ERR,0.0,-0.0,-0.0,0.0,0.0,1.3936040501711995e+18,7.805,0.0,0,0,4,0,8422,0.0,45,0.0,0.0,0.0,0.0,0.0,0,0,0,0,0.0,0,0,0,0,0,0,0,0,0,0,0,0,0,0,0,0,0,0,0,0,0,0,0,0,0,0,0,0,0,0,0,0,0,38,14,7,45,65476,0,300,0,0,8,21553,0.0,-107605600.0,0.0,0.0,0.0,0.0,0.0,0.0,0.0,0.0,0.0,0.0,0.0,0.0,0.0,0.0,0.0,0.0,0.0,0.0,0.0,0.0,-2.004,-0.0,2.004,-2.004,0.0,0.0,0.0,0.0,5036.0,-564145900486656.0,0.0,0.0,-0.0,-107615272.0,2.718429120148166e+23,0.0,0.0,0.0,0.0,53,107615344.0,0.0,0.0,0.0,0.0,0.0,0.0,0.0,0.0,0,0,0,0.0,0.0,0.0,0.0,0.0,0.0,0.0,0.0,0.0,0.0,0.0,0.0,0.0,0.0,0.0,0.0,0,-107875648.0,53,0.0,106,-107614832.0,0.0,ERR,ERR,ERR,ERR,ERR,ERR,ERR,ERR,ERR,ERR,ERR,ERR,ERR,ERR,ERR,ERR,ERR,ERR,ERR,ERR,ERR,ERR,ERR,ERR,ERR,ERR,ERR,ERR,ERR,ERR,ERR,ERR,ERR,ERR,ERR,ERR,ERR,ERR,ERR,ERR,ERR,ERR,ERR,ERR,ERR,ERR,ERR,ERR,ERR,ERR,ERR,ERR,ERR,ERR,ERR,ERR,ERR,ERR,ERR,ERR,ERR,ERR,ERR,ERR,ERR,ERR,ERR,50.0,60.0,100,0.0,0.0,0.0,0.0,0.0,0.0,0.0,0.0,0.0,0.0,0.0,0.0,0.0,0.0,0.0,0.0,61.6,65,19,65521,50,65476,0,300,0,0,8,20529,65476,0,0,26214,60.0,0.0,0.0,0.0,0.0,0.0
2026-05-17T16:05:49,ERR,ERR,ERR,ERR,ERR,ERR,ERR,ERR,ERR,ERR,ERR,ERR,ERR,ERR,ERR,ERR,ERR,ERR,ERR,ERR,ERR,ERR,ERR,ERR,ERR,ERR,ERR,ERR,ERR,ERR,ERR,ERR,ERR,ERR,ERR,ERR,ERR,ERR,ERR,ERR,ERR,ERR,ERR,ERR,ERR,ERR,ERR,ERR,ERR,ERR,ERR,ERR,ERR,ERR,ERR,ERR,ERR,ERR,ERR,ERR,ERR,ERR,ERR,ERR,ERR,ERR,ERR,ERR,ERR,ERR,ERR,ERR,ERR,ERR,ERR,ERR,ERR,ERR,ERR,ERR,ERR,ERR,ERR,ERR,ERR,ERR,ERR,ERR,ERR,ERR,ERR,ERR,ERR,ERR,ERR,ERR,ERR,ERR,ERR,ERR,ERR,ERR,ERR,ERR,ERR,ERR,ERR,ERR,ERR,ERR,ERR,ERR,ERR,ERR,ERR,ERR,ERR,ERR,ERR,ERR,ERR,ERR,ERR,ERR,ERR,0.0,-0.0,-0.0,0.0,0.0,1.3936040501711995e+18,7.805,0.0,0,0,4,0,8422,0.0,45,0.0,0.0,0.0,0.0,0.0,0,0,0,0,0.0,0,0,0,0,0,0,0,0,0,0,0,0,0,0,0,0,0,0,0,0,0,0,0,0,0,0,0,0,0,0,0,0,0,38,14,7,45,65476,0,300,0,0,8,21553,0.0,-107605600.0,0.0,0.0,0.0,0.0,0.0,0.0,0.0,0.0,0.0,0.0,0.0,0.0,0.0,0.0,0.0,0.0,0.0,0.0,0.0,0.0,-2.004,-0.0,2.004,-2.004,0.0,0.0,0.0,0.0,5036.0,-564145900486656.0,0.0,0.0,-0.0,-107615272.0,2.718429120148166e+23,0.0,0.0,0.0,0.0,53,107615344.0,0.0,0.0,0.0,0.0,0.0,0.0,0.0,0.0,0,0,0,0.0,0.0,0.0,0.0,0.0,0.0,0.0,0.0,0.0,0.0,0.0,0.0,0.0,0.0,0.0,0.0,0,-107875648.0,53,0.0,106,-107614832.0,0.0,ERR,ERR,ERR,ERR,ERR,ERR,ERR,ERR,ERR,ERR,ERR,ERR,ERR,ERR,ERR,ERR,ERR,ERR,ERR,ERR,ERR,ERR,ERR,ERR,ERR,ERR,ERR,ERR,ERR,ERR,ERR,ERR,ERR,ERR,ERR,ERR,ERR,ERR,ERR,ERR,ERR,ERR,ERR,ERR,ERR,ERR,ERR,ERR,ERR,ERR,ERR,ERR,ERR,ERR,ERR,ERR,ERR,ERR,ERR,ERR,ERR,ERR,ERR,ERR,ERR,ERR,ERR,50.0,60.0,100,0.0,0.0,0.0,0.0,0.0,0.0,0.0,0.0,0.0,0.0,0.0,0.0,0.0,0.0,0.0,0.0,61.6,65,19,65521,50,65476,0,300,0,0,8,20529,65476,0,0,26214,60.0,0.0,0.0,0.0,0.0,0.0
2026-05-17T16:05:50,ERR,ERR,ERR,ERR,ERR,ERR,ERR,ERR,ERR,ERR,ERR,ERR,ERR,ERR,ERR,ERR,ERR,ERR,ERR,ERR,ERR,ERR,ERR,ERR,ERR,ERR,ERR,ERR,ERR,ERR,ERR,ERR,ERR,ERR,ERR,ERR,ERR,ERR,ERR,ERR,ERR,ERR,ERR,ERR,ERR,ERR,ERR,ERR,ERR,ERR,ERR,ERR,ERR,ERR,ERR,ERR,ERR,ERR,ERR,ERR,ERR,ERR,ERR,ERR,ERR,ERR,ERR,ERR,ERR,ERR,ERR,ERR,ERR,ERR,ERR,ERR,ERR,ERR,ERR,ERR,ERR,ERR,ERR,ERR,ERR,ERR,ERR,ERR,ERR,ERR,ERR,ERR,ERR,ERR,ERR,ERR,ERR,ERR,ERR,ERR,ERR,ERR,ERR,ERR,ERR,ERR,ERR,ERR,ERR,ERR,ERR,ERR,ERR,ERR,ERR,ERR,ERR,ERR,ERR,ERR,ERR,ERR,ERR,ERR,ERR,0.0,-0.0,-0.0,0.0,0.0,1.3936040501711995e+18,7.805,0.0,0,0,4,0,8422,0.0,45,0.0,0.0,0.0,0.0,0.0,0,0,0,0,0.0,0,0,0,0,0,0,0,0,0,0,0,0,0,0,0,0,0,0,0,0,0,0,0,0,0,0,0,0,0,0,0,0,0,38,14,7,45,65476,0,300,0,0,8,21553,0.0,-107605600.0,0.0,0.0,0.0,0.0,0.0,0.0,0.0,0.0,0.0,0.0,0.0,0.0,0.0,0.0,0.0,0.0,0.0,0.0,0.0,0.0,-2.004,-0.0,2.004,-2.004,0.0,0.0,0.0,0.0,5036.0,-564145900486656.0,0.0,0.0,-0.0,-107615272.0,2.718429120148166e+23,0.0,0.0,0.0,0.0,53,107615344.0,0.0,0.0,0.0,0.0,0.0,0.0,0.0,0.0,0,0,0,0.0,0.0,0.0,0.0,0.0,0.0,0.0,0.0,0.0,0.0,0.0,0.0,0.0,0.0,0.0,0.0,0,-107875648.0,53,0.0,106,-107614832.0,0.0,ERR,ERR,ERR,ERR,ERR,ERR,ERR,ERR,ERR,ERR,ERR,ERR,ERR,ERR,ERR,ERR,ERR,ERR,ERR,ERR,ERR,ERR,ERR,ERR,ERR,ERR,ERR,ERR,ERR,ERR,ERR,ERR,ERR,ERR,ERR,ERR,ERR,ERR,ERR,ERR,ERR,ERR,ERR,ERR,ERR,ERR,ERR,ERR,ERR,ERR,ERR,ERR,ERR,ERR,ERR,ERR,ERR,ERR,ERR,ERR,ERR,ERR,ERR,ERR,ERR,ERR,ERR,50.0,60.0,100,0.0,0.0,0.0,0.0,0.0,0.0,0.0,0.0,0.0,0.0,0.0,0.0,0.0,0.0,0.0,0.0,61.6,65,19,65521,50,65476,0,300,0,0,8,20529,65476,0,0,26214,60.0,0.0,0.0,0.0,0.0,0.0
2026-05-17T16:05:51,ERR,ERR,ERR,ERR,ERR,ERR,ERR,ERR,ERR,ERR,ERR,ERR,ERR,ERR,ERR,ERR,ERR,ERR,ERR,ERR,ERR,ERR,ERR,ERR,ERR,ERR,ERR,ERR,ERR,ERR,ERR,ERR,ERR,ERR,ERR,ERR,ERR,ERR,ERR,ERR,ERR,ERR,ERR,ERR,ERR,ERR,ERR,ERR,ERR,ERR,ERR,ERR,ERR,ERR,ERR,ERR,ERR,ERR,ERR,ERR,ERR,ERR,ERR,ERR,ERR,ERR,ERR,ERR,ERR,ERR,ERR,ERR,ERR,ERR,ERR,ERR,ERR,ERR,ERR,ERR,ERR,ERR,ERR,ERR,ERR,ERR,ERR,ERR,ERR,ERR,ERR,ERR,ERR,ERR,ERR,ERR,ERR,ERR,ERR,ERR,ERR,ERR,ERR,ERR,ERR,ERR,ERR,ERR,ERR,ERR,ERR,ERR,ERR,ERR,ERR,ERR,ERR,ERR,ERR,ERR,ERR,ERR,ERR,ERR,ERR,0.0,-0.0,-0.0,0.0,0.0,1.3936040501711995e+18,7.805,0.0,0,0,4,0,8422,0.0,45,0.0,0.0,0.0,0.0,0.0,0,0,0,0,0.0,0,0,0,0,0,0,0,0,0,0,0,0,0,0,0,0,0,0,0,0,0,0,0,0,0,0,0,0,0,0,0,0,0,38,14,7,45,65476,0,300,0,0,8,21553,0.0,-107605600.0,0.0,0.0,0.0,0.0,0.0,0.0,0.0,0.0,0.0,0.0,0.0,0.0,0.0,0.0,0.0,0.0,0.0,0.0,0.0,0.0,-2.004,-0.0,2.004,-2.004,0.0,0.0,0.0,0.0,5036.0,-564145900486656.0,0.0,0.0,-0.0,-107615272.0,2.718429120148166e+23,0.0,0.0,0.0,0.0,53,107615344.0,0.0,0.0,0.0,0.0,0.0,0.0,0.0,0.0,0,0,0,0.0,0.0,0.0,0.0,0.0,0.0,0.0,0.0,0.0,0.0,0.0,0.0,0.0,0.0,0.0,0.0,0,-107875648.0,53,0.0,106,-107614832.0,0.0,ERR,ERR,ERR,ERR,ERR,ERR,ERR,ERR,ERR,ERR,ERR,ERR,ERR,ERR,ERR,ERR,ERR,ERR,ERR,ERR,ERR,ERR,ERR,ERR,ERR,ERR,ERR,ERR,ERR,ERR,ERR,ERR,ERR,ERR,ERR,ERR,ERR,ERR,ERR,ERR,ERR,ERR,ERR,ERR,ERR,ERR,ERR,ERR,ERR,ERR,ERR,ERR,ERR,ERR,ERR,ERR,ERR,ERR,ERR,ERR,ERR,ERR,ERR,ERR,ERR,ERR,ERR,50.0,60.0,100,0.0,0.0,0.0,0.0,0.0,0.0,0.0,0.0,0.0,0.0,0.0,0.0,0.0,0.0,0.0,0.0,61.6,65,19,65521,50,65476,0,300,0,0,8,20529,65476,0,0,26214,60.0,0.0,0.0,0.0,0.0,0.0
2026-05-17T16:05:52,ERR,ERR,ERR,ERR,ERR,ERR,ERR,ERR,ERR,ERR,ERR,ERR,ERR,ERR,ERR,ERR,ERR,ERR,ERR,ERR,ERR,ERR,ERR,ERR,ERR,ERR,ERR,ERR,ERR,ERR,ERR,ERR,ERR,ERR,ERR,ERR,ERR,ERR,ERR,ERR,ERR,ERR,ERR,ERR,ERR,ERR,ERR,ERR,ERR,ERR,ERR,ERR,ERR,ERR,ERR,ERR,ERR,ERR,ERR,ERR,ERR,ERR,ERR,ERR,ERR,ERR,ERR,ERR,ERR,ERR,ERR,ERR,ERR,ERR,ERR,ERR,ERR,ERR,ERR,ERR,ERR,ERR,ERR,ERR,ERR,ERR,ERR,ERR,ERR,ERR,ERR,ERR,ERR,ERR,ERR,ERR,ERR,ERR,ERR,ERR,ERR,ERR,ERR,ERR,ERR,ERR,ERR,ERR,ERR,ERR,ERR,ERR,ERR,ERR,ERR,ERR,ERR,ERR,ERR,ERR,ERR,ERR,ERR,ERR,ERR,0.0,-0.0,-0.0,0.0,0.0,1.3936040501711995e+18,7.805,0.0,0,0,4,0,8422,0.0,45,0.0,0.0,0.0,0.0,0.0,0,0,0,0,0.0,0,0,0,0,0,0,0,0,0,0,0,0,0,0,0,0,0,0,0,0,0,0,0,0,0,0,0,0,0,0,0,0,0,38,14,7,45,65476,0,300,0,0,8,21553,0.0,-107605600.0,0.0,0.0,0.0,0.0,0.0,0.0,0.0,0.0,0.0,0.0,0.0,0.0,-2.596148429267414e+33,0.0,0.0,0.0,0.0,0.0,0.0,0.0,-2.004,-0.0,2.004,-2.004,0.0,0.0,0.0,0.0,5070.0,2.004,0.0,0.0,-0.0,-107615272.0,2.718429120148166e+23,0.0,0.0,0.0,0.0,53,126841110528.0,-0.0,0.0,0.0,0.0,0.0,0.0,0.0,0.0,0,0,0,0.0,0.0,0.0,0.0,0.0,0.0,0.0,0.0,0.0,0.0,0.0,0.0,0.0,0.0,0.0,0.0,0,-107875648.0,53,0.0,106,-107614832.0,0.0,ERR,ERR,ERR,ERR,ERR,ERR,ERR,ERR,ERR,ERR,ERR,ERR,ERR,ERR,ERR,ERR,ERR,ERR,ERR,ERR,ERR,ERR,ERR,ERR,ERR,ERR,ERR,ERR,ERR,ERR,ERR,ERR,ERR,ERR,ERR,ERR,ERR,ERR,ERR,ERR,ERR,ERR,ERR,ERR,ERR,ERR,ERR,ERR,ERR,ERR,ERR,ERR,ERR,ERR,ERR,ERR,ERR,ERR,ERR,ERR,ERR,ERR,ERR,ERR,ERR,ERR,ERR,50.0,60.0,100,0.0,0.0,0.0,0.0,0.0,0.0,0.0,0.0,0.0,0.0,0.0,0.0,0.0,0.0,0.0,0.0,61.6,65,19,65521,50,65476,0,300,0,0,8,20529,65476,0,0,26214,60.0,0.0,0.0,0.0,0.0,0.0
2026-05-17T16:05:53,ERR,ERR,ERR,ERR,ERR,ERR,ERR,ERR,ERR,ERR,ERR,ERR,ERR,ERR,ERR,ERR,ERR,ERR,ERR,ERR,ERR,ERR,ERR,ERR,ERR,ERR,ERR,ERR,ERR,ERR,ERR,ERR,ERR,ERR,ERR,ERR,ERR,ERR,ERR,ERR,ERR,ERR,ERR,ERR,ERR,ERR,ERR,ERR,ERR,ERR,ERR,ERR,ERR,ERR,ERR,ERR,ERR,ERR,ERR,ERR,ERR,ERR,ERR,ERR,ERR,ERR,ERR,ERR,ERR,ERR,ERR,ERR,ERR,ERR,ERR,ERR,ERR,ERR,ERR,ERR,ERR,ERR,ERR,ERR,ERR,ERR,ERR,ERR,ERR,ERR,ERR,ERR,ERR,ERR,ERR,ERR,ERR,ERR,ERR,ERR,ERR,ERR,ERR,ERR,ERR,ERR,ERR,ERR,ERR,ERR,ERR,ERR,ERR,ERR,ERR,ERR,ERR,ERR,ERR,ERR,ERR,ERR,ERR,ERR,ERR,0.0,-0.0,-0.0,0.0,0.0,1.3936040501711995e+18,7.805,0.0,0,0,4,0,8422,0.0,45,0.0,0.0,0.0,0.0,0.0,0,0,0,0,0.0,0,0,0,0,0,0,0,0,0,0,0,0,0,0,0,0,0,0,0,0,0,0,0,0,0,0,0,0,0,0,0,0,0,38,14,7,45,65476,0,300,0,0,8,21553,0.0,-107605600.0,0.0,0.0,0.0,0.0,0.0,0.0,0.0,0.0,0.0,0.0,0.0,0.0,-2.596148429267414e+33,0.0,0.0,0.0,0.0,0.0,0.0,0.0,-2.004,-0.0,2.004,-2.004,0.0,0.0,0.0,0.0,5070.0,2.004,0.0,0.0,-0.0,-107615272.0,2.718429120148166e+23,0.0,0.0,0.0,0.0,53,126841110528.0,-0.0,0.0,0.0,0.0,0.0,0.0,0.0,0.0,0,0,0,0.0,0.0,0.0,0.0,0.0,0.0,0.0,0.0,0.0,0.0,0.0,0.0,0.0,0.0,0.0,0.0,0,-107875648.0,53,0.0,106,-107614832.0,0.0,ERR,ERR,ERR,ERR,ERR,ERR,ERR,ERR,ERR,ERR,ERR,ERR,ERR,ERR,ERR,ERR,ERR,ERR,ERR,ERR,ERR,ERR,ERR,ERR,ERR,ERR,ERR,ERR,ERR,ERR,ERR,ERR,ERR,ERR,ERR,ERR,ERR,ERR,ERR,ERR,ERR,ERR,ERR,ERR,ERR,ERR,ERR,ERR,ERR,ERR,ERR,ERR,ERR,ERR,ERR,ERR,ERR,ERR,ERR,ERR,ERR,ERR,ERR,ERR,ERR,ERR,ERR,50.0,60.0,100,0.0,0.0,0.0,0.0,0.0,0.0,0.0,0.0,0.0,0.0,0.0,0.0,0.0,0.0,0.0,0.0,62.0,65,19,65521,50,65476,0,300,0,0,8,20529,65476,0,0,26214,60.0,0.0,0.0,0.0,0.0,0.0
2026-05-17T16:05:54,ERR,ERR,ERR,ERR,ERR,ERR,ERR,ERR,ERR,ERR,ERR,ERR,ERR,ERR,ERR,ERR,ERR,ERR,ERR,ERR,ERR,ERR,ERR,ERR,ERR,ERR,ERR,ERR,ERR,ERR,ERR,ERR,ERR,ERR,ERR,ERR,ERR,ERR,ERR,ERR,ERR,ERR,ERR,ERR,ERR,ERR,ERR,ERR,ERR,ERR,ERR,ERR,ERR,ERR,ERR,ERR,ERR,ERR,ERR,ERR,ERR,ERR,ERR,ERR,ERR,ERR,ERR,ERR,ERR,ERR,ERR,ERR,ERR,ERR,ERR,ERR,ERR,ERR,ERR,ERR,ERR,ERR,ERR,ERR,ERR,ERR,ERR,ERR,ERR,ERR,ERR,ERR,ERR,ERR,ERR,ERR,ERR,ERR,ERR,ERR,ERR,ERR,ERR,ERR,ERR,ERR,ERR,ERR,ERR,ERR,ERR,ERR,ERR,ERR,ERR,ERR,ERR,ERR,ERR,ERR,ERR,ERR,ERR,ERR,ERR,0.0,-0.0,-0.0,0.0,0.0,1.3936040501711995e+18,7.805,0.0,0,0,4,0,8422,0.0,45,0.0,0.0,0.0,0.0,0.0,0,0,0,0,0.0,0,0,0,0,0,0,0,0,0,0,0,0,0,0,0,0,0,0,0,0,0,0,0,0,0,0,0,0,0,0,0,0,0,38,14,7,45,65476,0,300,0,0,8,21553,0.0,-107605600.0,0.0,0.0,0.0,0.0,0.0,0.0,0.0,0.0,0.0,0.0,0.0,0.0,-2.596148429267414e+33,0.0,0.0,0.0,0.0,0.0,0.0,0.0,-2.004,-0.0,2.004,-2.004,0.0,0.0,0.0,0.0,5070.0,2.004,0.0,0.0,-0.0,-107615272.0,2.718429120148166e+23,0.0,0.0,0.0,0.0,53,126841110528.0,-0.0,0.0,0.0,0.0,0.0,0.0,0.0,0.0,0,0,0,0.0,0.0,0.0,0.0,0.0,0.0,0.0,0.0,0.0,0.0,0.0,0.0,0.0,0.0,0.0,0.0,0,-107875648.0,53,0.0,106,-107614832.0,0.0,ERR,ERR,ERR,ERR,ERR,ERR,ERR,ERR,ERR,ERR,ERR,ERR,ERR,ERR,ERR,ERR,ERR,ERR,ERR,ERR,ERR,ERR,ERR,ERR,ERR,ERR,ERR,ERR,ERR,ERR,ERR,ERR,ERR,ERR,ERR,ERR,ERR,ERR,ERR,ERR,ERR,ERR,ERR,ERR,ERR,ERR,ERR,ERR,ERR,ERR,ERR,ERR,ERR,ERR,ERR,ERR,ERR,ERR,ERR,ERR,ERR,ERR,ERR,ERR,ERR,ERR,ERR,50.0,60.0,100,0.0,0.0,0.0,0.0,0.0,0.0,0.0,0.0,0.0,0.0,0.0,0.0,0.0,0.0,0.0,0.0,62.0,65,19,65521,50,65476,0,300,0,0,8,20529,65476,0,0,26214,60.0,0.0,0.0,0.0,0.0,0.0
2026-05-17T16:05:55,ERR,ERR,ERR,ERR,ERR,ERR,ERR,ERR,ERR,ERR,ERR,ERR,ERR,ERR,ERR,ERR,ERR,ERR,ERR,ERR,ERR,ERR,ERR,ERR,ERR,ERR,ERR,ERR,ERR,ERR,ERR,ERR,ERR,ERR,ERR,ERR,ERR,ERR,ERR,ERR,ERR,ERR,ERR,ERR,ERR,ERR,ERR,ERR,ERR,ERR,ERR,ERR,ERR,ERR,ERR,ERR,ERR,ERR,ERR,ERR,ERR,ERR,ERR,ERR,ERR,ERR,ERR,ERR,ERR,ERR,ERR,ERR,ERR,ERR,ERR,ERR,ERR,ERR,ERR,ERR,ERR,ERR,ERR,ERR,ERR,ERR,ERR,ERR,ERR,ERR,ERR,ERR,ERR,ERR,ERR,ERR,ERR,ERR,ERR,ERR,ERR,ERR,ERR,ERR,ERR,ERR,ERR,ERR,ERR,ERR,ERR,ERR,ERR,ERR,ERR,ERR,ERR,ERR,ERR,ERR,ERR,ERR,ERR,ERR,ERR,0.0,-0.0,-0.0,0.0,0.0,1.3936040501711995e+18,7.805,0.0,0,0,4,0,8422,0.0,45,0.0,0.0,0.0,0.0,0.0,0,0,0,0,0.0,0,0,0,0,0,0,0,0,0,0,0,0,0,0,0,0,0,0,0,0,0,0,0,0,0,0,0,0,0,0,0,0,0,38,14,7,45,65476,0,300,0,0,8,21553,0.0,-107605600.0,0.0,0.0,0.0,0.0,0.0,0.0,0.0,0.0,0.0,0.0,0.0,0.0,-2.596148429267414e+33,0.0,0.0,0.0,0.0,0.0,0.0,0.0,-2.004,-0.0,2.004,-2.004,0.0,0.0,0.0,0.0,5070.0,2.004,0.0,0.0,-0.0,-107615272.0,2.718429120148166e+23,0.0,0.0,0.0,0.0,53,126841110528.0,-0.0,0.0,0.0,0.0,0.0,0.0,0.0,0.0,0,0,0,0.0,0.0,0.0,0.0,0.0,0.0,0.0,0.0,0.0,0.0,0.0,0.0,0.0,0.0,0.0,0.0,0,-107875648.0,53,0.0,106,-107614832.0,0.0,ERR,ERR,ERR,ERR,ERR,ERR,ERR,ERR,ERR,ERR,ERR,ERR,ERR,ERR,ERR,ERR,ERR,ERR,ERR,ERR,ERR,ERR,ERR,ERR,ERR,ERR,ERR,ERR,ERR,ERR,ERR,ERR,ERR,ERR,ERR,ERR,ERR,ERR,ERR,ERR,ERR,ERR,ERR,ERR,ERR,ERR,ERR,ERR,ERR,ERR,ERR,ERR,ERR,ERR,ERR,ERR,ERR,ERR,ERR,ERR,ERR,ERR,ERR,ERR,ERR,ERR,ERR,50.0,60.0,100,0.0,0.0,0.0,0.0,0.0,0.0,0.0,0.0,0.0,0.0,0.0,0.0,0.0,0.0,0.0,0.0,61.6,65,19,65521,50,65476,0,300,0,0,8,20529,65476,0,0,26214,60.0,0.0,0.0,0.0,0.0,0.0
2026-05-17T16:05:56,ERR,ERR,ERR,ERR,ERR,ERR,ERR,ERR,ERR,ERR,ERR,ERR,ERR,ERR,ERR,ERR,ERR,ERR,ERR,ERR,ERR,ERR,ERR,ERR,ERR,ERR,ERR,ERR,ERR,ERR,ERR,ERR,ERR,ERR,ERR,ERR,ERR,ERR,ERR,ERR,ERR,ERR,ERR,ERR,ERR,ERR,ERR,ERR,ERR,ERR,ERR,ERR,ERR,ERR,ERR,ERR,ERR,ERR,ERR,ERR,ERR,ERR,ERR,ERR,ERR,ERR,ERR,ERR,ERR,ERR,ERR,ERR,ERR,ERR,ERR,ERR,ERR,ERR,ERR,ERR,ERR,ERR,ERR,ERR,ERR,ERR,ERR,ERR,ERR,ERR,ERR,ERR,ERR,ERR,ERR,ERR,ERR,ERR,ERR,ERR,ERR,ERR,ERR,ERR,ERR,ERR,ERR,ERR,ERR,ERR,ERR,ERR,ERR,ERR,ERR,ERR,ERR,ERR,ERR,ERR,ERR,ERR,ERR,ERR,ERR,0.0,-0.0,-0.0,0.0,0.0,1.3936040501711995e+18,7.805,0.0,0,0,4,0,8422,0.0,45,0.0,0.0,0.0,0.0,0.0,0,0,0,0,0.0,0,0,0,0,0,0,0,0,0,0,0,0,0,0,0,0,0,0,0,0,0,0,0,0,0,0,0,0,0,0,0,0,0,38,14,7,45,65476,0,300,0,0,8,21553,0.0,-107605600.0,0.0,0.0,0.0,0.0,0.0,0.0,0.0,0.0,0.0,0.0,0.0,0.0,-2.596148429267414e+33,0.0,0.0,0.0,0.0,0.0,0.0,0.0,-2.004,-0.0,2.004,-2.004,0.0,0.0,0.0,0.0,5070.0,2.004,0.0,0.0,-0.0,-107615272.0,2.718429120148166e+23,0.0,0.0,0.0,0.0,53,126841110528.0,-0.0,0.0,0.0,0.0,0.0,0.0,0.0,0.0,0,0,0,0.0,0.0,0.0,0.0,0.0,0.0,0.0,0.0,0.0,0.0,0.0,0.0,0.0,0.0,0.0,0.0,0,-107875648.0,53,0.0,106,-107614832.0,0.0,ERR,ERR,ERR,ERR,ERR,ERR,ERR,ERR,ERR,ERR,ERR,ERR,ERR,ERR,ERR,ERR,ERR,ERR,ERR,ERR,ERR,ERR,ERR,ERR,ERR,ERR,ERR,ERR,ERR,ERR,ERR,ERR,ERR,ERR,ERR,ERR,ERR,ERR,ERR,ERR,ERR,ERR,ERR,ERR,ERR,ERR,ERR,ERR,ERR,ERR,ERR,ERR,ERR,ERR,ERR,ERR,ERR,ERR,ERR,ERR,ERR,ERR,ERR,ERR,ERR,ERR,ERR,50.0,60.0,100,0.0,0.0,0.0,0.0,0.0,0.0,0.0,0.0,0.0,0.0,0.0,0.0,0.0,0.0,0.0,0.0,61.6,65,19,65521,50,65476,0,300,0,0,8,20529,65476,0,0,26214,60.0,0.0,0.0,0.0,0.0,0.0
2026-05-17T16:05:57,ERR,ERR,ERR,ERR,ERR,ERR,ERR,ERR,ERR,ERR,ERR,ERR,ERR,ERR,ERR,ERR,ERR,ERR,ERR,ERR,ERR,ERR,ERR,ERR,ERR,ERR,ERR,ERR,ERR,ERR,ERR,ERR,ERR,ERR,ERR,ERR,ERR,ERR,ERR,ERR,ERR,ERR,ERR,ERR,ERR,ERR,ERR,ERR,ERR,ERR,ERR,ERR,ERR,ERR,ERR,ERR,ERR,ERR,ERR,ERR,ERR,ERR,ERR,ERR,ERR,ERR,ERR,ERR,ERR,ERR,ERR,ERR,ERR,ERR,ERR,ERR,ERR,ERR,ERR,ERR,ERR,ERR,ERR,ERR,ERR,ERR,ERR,ERR,ERR,ERR,ERR,ERR,ERR,ERR,ERR,ERR,ERR,ERR,ERR,ERR,ERR,ERR,ERR,ERR,ERR,ERR,ERR,ERR,ERR,ERR,ERR,ERR,ERR,ERR,ERR,ERR,ERR,ERR,ERR,ERR,ERR,ERR,ERR,ERR,ERR,0.0,-0.0,-0.0,0.0,0.0,1.3936040501711995e+18,7.805,0.0,0,0,4,0,8422,0.0,45,0.0,0.0,0.0,0.0,0.0,0,0,0,0,0.0,0,0,0,0,0,0,0,0,0,0,0,0,0,0,0,0,0,0,0,0,0,0,0,0,0,0,0,0,0,0,0,0,0,38,14,7,45,65476,0,300,0,0,8,21553,0.0,-107605600.0,0.0,0.0,0.0,0.0,0.0,0.0,0.0,0.0,0.0,0.0,0.0,0.0,0.0,0.0,0.0,0.0,0.0,0.0,0.0,0.0,-2.004,-0.0,-0.0,-2.004,0.0,0.0,0.0,0.0,5041.0,-1.5879295420089355e+29,0.0,0.0,-0.0,-107615272.0,2.718429120148166e+23,0.0,0.0,0.0,0.0,53,3.222028592685471e+26,0.0,0.0,0.0,0.0,0.0,0.0,0.0,0.0,0,0,0,0.0,0.0,0.0,0.0,0.0,0.0,0.0,0.0,0.0,0.0,0.0,0.0,0.0,0.0,0.0,0.0,0,-107875648.0,53,0.0,106,-107614832.0,0.0,ERR,ERR,ERR,ERR,ERR,ERR,ERR,ERR,ERR,ERR,ERR,ERR,ERR,ERR,ERR,ERR,ERR,ERR,ERR,ERR,ERR,ERR,ERR,ERR,ERR,ERR,ERR,ERR,ERR,ERR,ERR,ERR,ERR,ERR,ERR,ERR,ERR,ERR,ERR,ERR,ERR,ERR,ERR,ERR,ERR,ERR,ERR,ERR,ERR,ERR,ERR,ERR,ERR,ERR,ERR,ERR,ERR,ERR,ERR,ERR,ERR,ERR,ERR,ERR,ERR,ERR,ERR,50.0,60.0,100,0.0,0.0,0.0,0.0,0.0,0.0,0.0,0.0,0.0,0.0,0.0,0.0,0.0,0.0,0.0,0.0,61.6,65,19,65521,50,65476,0,300,0,0,8,20529,65476,0,0,26214,60.0,0.0,0.0,0.0,0.0,0.0
2026-05-17T16:05:58,ERR,ERR,ERR,ERR,ERR,ERR,ERR,ERR,ERR,ERR,ERR,ERR,ERR,ERR,ERR,ERR,ERR,ERR,ERR,ERR,ERR,ERR,ERR,ERR,ERR,ERR,ERR,ERR,ERR,ERR,ERR,ERR,ERR,ERR,ERR,ERR,ERR,ERR,ERR,ERR,ERR,ERR,ERR,ERR,ERR,ERR,ERR,ERR,ERR,ERR,ERR,ERR,ERR,ERR,ERR,ERR,ERR,ERR,ERR,ERR,ERR,ERR,ERR,ERR,ERR,ERR,ERR,ERR,ERR,ERR,ERR,ERR,ERR,ERR,ERR,ERR,ERR,ERR,ERR,ERR,ERR,ERR,ERR,ERR,ERR,ERR,ERR,ERR,ERR,ERR,ERR,ERR,ERR,ERR,ERR,ERR,ERR,ERR,ERR,ERR,ERR,ERR,ERR,ERR,ERR,ERR,ERR,ERR,ERR,ERR,ERR,ERR,ERR,ERR,ERR,ERR,ERR,ERR,ERR,ERR,ERR,ERR,ERR,ERR,ERR,0.0,-0.0,-0.0,0.0,0.0,1.3936040501711995e+18,7.805,0.0,0,0,4,0,8422,0.0,45,0.0,0.0,0.0,0.0,0.0,0,0,0,0,0.0,0,0,0,0,0,0,0,0,0,0,0,0,0,0,0,0,0,0,0,0,0,0,0,0,0,0,0,0,0,0,0,0,0,38,14,7,45,65476,0,300,0,0,8,21553,0.0,-107605600.0,0.0,0.0,0.0,0.0,0.0,0.0,0.0,0.0,0.0,0.0,0.0,0.0,0.0,0.0,0.0,0.0,0.0,0.0,0.0,0.0,-2.004,-0.0,-0.0,-2.004,0.0,0.0,0.0,0.0,5041.0,-1.5879295420089355e+29,0.0,0.0,-0.0,-107615272.0,2.718429120148166e+23,0.0,0.0,0.0,0.0,53,3.222028592685471e+26,0.0,0.0,0.0,0.0,0.0,0.0,0.0,0.0,0,0,0,0.0,0.0,0.0,0.0,0.0,0.0,0.0,0.0,0.0,0.0,0.0,0.0,0.0,0.0,0.0,0.0,0,-107875648.0,53,0.0,106,-107614832.0,0.0,ERR,ERR,ERR,ERR,ERR,ERR,ERR,ERR,ERR,ERR,ERR,ERR,ERR,ERR,ERR,ERR,ERR,ERR,ERR,ERR,ERR,ERR,ERR,ERR,ERR,ERR,ERR,ERR,ERR,ERR,ERR,ERR,ERR,ERR,ERR,ERR,ERR,ERR,ERR,ERR,ERR,ERR,ERR,ERR,ERR,ERR,ERR,ERR,ERR,ERR,ERR,ERR,ERR,ERR,ERR,ERR,ERR,ERR,ERR,ERR,ERR,ERR,ERR,ERR,ERR,ERR,ERR,50.0,60.0,100,0.0,0.0,0.0,0.0,0.0,0.0,0.0,0.0,0.0,0.0,0.0,0.0,0.0,0.0,0.0,0.0,61.6,65,19,65521,50,65476,0,300,0,0,8,20529,65476,0,0,26214,60.0,0.0,0.0,0.0,0.0,0.0
2026-05-17T16:05:59,ERR,ERR,ERR,ERR,ERR,ERR,ERR,ERR,ERR,ERR,ERR,ERR,ERR,ERR,ERR,ERR,ERR,ERR,ERR,ERR,ERR,ERR,ERR,ERR,ERR,ERR,ERR,ERR,ERR,ERR,ERR,ERR,ERR,ERR,ERR,ERR,ERR,ERR,ERR,ERR,ERR,ERR,ERR,ERR,ERR,ERR,ERR,ERR,ERR,ERR,ERR,ERR,ERR,ERR,ERR,ERR,ERR,ERR,ERR,ERR,ERR,ERR,ERR,ERR,ERR,ERR,ERR,ERR,ERR,ERR,ERR,ERR,ERR,ERR,ERR,ERR,ERR,ERR,ERR,ERR,ERR,ERR,ERR,ERR,ERR,ERR,ERR,ERR,ERR,ERR,ERR,ERR,ERR,ERR,ERR,ERR,ERR,ERR,ERR,ERR,ERR,ERR,ERR,ERR,ERR,ERR,ERR,ERR,ERR,ERR,ERR,ERR,ERR,ERR,ERR,ERR,ERR,ERR,ERR,ERR,ERR,ERR,ERR,ERR,ERR,0.0,-0.0,-0.0,0.0,0.0,1.3936040501711995e+18,7.805,0.0,0,0,4,0,8422,0.0,45,0.0,0.0,0.0,0.0,0.0,0,0,0,0,0.0,0,0,0,0,0,0,0,0,0,0,0,0,0,0,0,0,0,0,0,0,0,0,0,0,0,0,0,0,0,0,0,0,0,38,14,7,45,65476,0,300,0,0,8,21553,0.0,-107605600.0,0.0,0.0,0.0,0.0,0.0,0.0,0.0,0.0,0.0,0.0,0.0,0.0,0.0,0.0,0.0,0.0,0.0,0.0,0.0,0.0,-2.004,-0.0,-0.0,-2.004,0.0,0.0,0.0,0.0,5041.0,-1.5879295420089355e+29,0.0,0.0,-0.0,-107615272.0,2.718429120148166e+23,0.0,0.0,0.0,0.0,53,3.222028592685471e+26,0.0,0.0,0.0,0.0,0.0,0.0,0.0,0.0,0,0,0,0.0,0.0,0.0,0.0,0.0,0.0,0.0,0.0,0.0,0.0,0.0,0.0,0.0,0.0,0.0,0.0,0,-107875648.0,53,0.0,106,-107614832.0,0.0,ERR,ERR,ERR,ERR,ERR,ERR,ERR,ERR,ERR,ERR,ERR,ERR,ERR,ERR,ERR,ERR,ERR,ERR,ERR,ERR,ERR,ERR,ERR,ERR,ERR,ERR,ERR,ERR,ERR,ERR,ERR,ERR,ERR,ERR,ERR,ERR,ERR,ERR,ERR,ERR,ERR,ERR,ERR,ERR,ERR,ERR,ERR,ERR,ERR,ERR,ERR,ERR,ERR,ERR,ERR,ERR,ERR,ERR,ERR,ERR,ERR,ERR,ERR,ERR,ERR,ERR,ERR,50.0,60.0,100,0.0,0.0,0.0,0.0,0.0,0.0,0.0,0.0,0.0,0.0,0.0,0.0,0.0,0.0,0.0,0.0,61.6,65,19,65521,50,65476,0,300,0,0,8,20529,65476,0,0,26214,60.0,0.0,0.0,0.0,0.0,0.0
2026-05-17T16:06:00,ERR,ERR,ERR,ERR,ERR,ERR,ERR,ERR,ERR,ERR,ERR,ERR,ERR,ERR,ERR,ERR,ERR,ERR,ERR,ERR,ERR,ERR,ERR,ERR,ERR,ERR,ERR,ERR,ERR,ERR,ERR,ERR,ERR,ERR,ERR,ERR,ERR,ERR,ERR,ERR,ERR,ERR,ERR,ERR,ERR,ERR,ERR,ERR,ERR,ERR,ERR,ERR,ERR,ERR,ERR,ERR,ERR,ERR,ERR,ERR,ERR,ERR,ERR,ERR,ERR,ERR,ERR,ERR,ERR,ERR,ERR,ERR,ERR,ERR,ERR,ERR,ERR,ERR,ERR,ERR,ERR,ERR,ERR,ERR,ERR,ERR,ERR,ERR,ERR,ERR,ERR,ERR,ERR,ERR,ERR,ERR,ERR,ERR,ERR,ERR,ERR,ERR,ERR,ERR,ERR,ERR,ERR,ERR,ERR,ERR,ERR,ERR,ERR,ERR,ERR,ERR,ERR,ERR,ERR,ERR,ERR,ERR,ERR,ERR,ERR,0.0,-0.0,-0.0,0.0,0.0,1.3936040501711995e+18,7.805,0.0,0,0,4,0,8422,0.0,45,0.0,0.0,0.0,0.0,0.0,0,0,0,0,0.0,0,0,0,0,0,0,0,0,0,0,0,0,0,0,0,0,0,0,0,0,0,0,0,0,0,0,0,0,0,0,0,0,0,38,14,7,45,65476,0,300,0,0,8,21553,0.0,-107605600.0,0.0,0.0,0.0,0.0,0.0,0.0,0.0,0.0,0.0,0.0,0.0,0.0,0.0,0.0,0.0,0.0,0.0,0.0,0.0,0.0,-2.004,-0.0,-0.0,-2.004,0.0,0.0,0.0,0.0,5041.0,-1.5879295420089355e+29,0.0,0.0,-0.0,-107615272.0,2.718429120148166e+23,0.0,0.0,0.0,0.0,53,3.222028592685471e+26,0.0,0.0,0.0,0.0,0.0,0.0,0.0,0.0,0,0,0,0.0,0.0,0.0,0.0,0.0,0.0,0.0,0.0,0.0,0.0,0.0,0.0,0.0,0.0,0.0,0.0,0,-107875648.0,53,0.0,106,-107614832.0,0.0,ERR,ERR,ERR,ERR,ERR,ERR,ERR,ERR,ERR,ERR,ERR,ERR,ERR,ERR,ERR,ERR,ERR,ERR,ERR,ERR,ERR,ERR,ERR,ERR,ERR,ERR,ERR,ERR,ERR,ERR,ERR,ERR,ERR,ERR,ERR,ERR,ERR,ERR,ERR,ERR,ERR,ERR,ERR,ERR,ERR,ERR,ERR,ERR,ERR,ERR,ERR,ERR,ERR,ERR,ERR,ERR,ERR,ERR,ERR,ERR,ERR,ERR,ERR,ERR,ERR,ERR,ERR,50.0,60.0,100,0.0,0.0,0.0,0.0,0.0,0.0,0.0,0.0,0.0,0.0,0.0,0.0,0.0,0.0,0.0,0.0,61.6,65,19,65521,50,65476,0,300,0,0,8,20529,65476,0,0,26214,60.0,0.0,0.0,0.0,0.0,0.0
2026-05-17T16:06:01,ERR,ERR,ERR,ERR,ERR,ERR,ERR,ERR,ERR,ERR,ERR,ERR,ERR,ERR,ERR,ERR,ERR,ERR,ERR,ERR,ERR,ERR,ERR,ERR,ERR,ERR,ERR,ERR,ERR,ERR,ERR,ERR,ERR,ERR,ERR,ERR,ERR,ERR,ERR,ERR,ERR,ERR,ERR,ERR,ERR,ERR,ERR,ERR,ERR,ERR,ERR,ERR,ERR,ERR,ERR,ERR,ERR,ERR,ERR,ERR,ERR,ERR,ERR,ERR,ERR,ERR,ERR,ERR,ERR,ERR,ERR,ERR,ERR,ERR,ERR,ERR,ERR,ERR,ERR,ERR,ERR,ERR,ERR,ERR,ERR,ERR,ERR,ERR,ERR,ERR,ERR,ERR,ERR,ERR,ERR,ERR,ERR,ERR,ERR,ERR,ERR,ERR,ERR,ERR,ERR,ERR,ERR,ERR,ERR,ERR,ERR,ERR,ERR,ERR,ERR,ERR,ERR,ERR,ERR,ERR,ERR,ERR,ERR,ERR,ERR,0.0,-0.0,-0.0,0.0,0.0,1.3936040501711995e+18,7.805,0.0,0,0,4,0,8422,0.0,45,0.0,0.0,0.0,0.0,0.0,0,0,0,0,0.0,0,0,0,0,0,0,0,0,0,0,0,0,0,0,0,0,0,0,0,0,0,0,0,0,0,0,0,0,0,0,0,0,0,38,14,7,45,65476,0,300,0,0,8,21553,0.0,-107605600.0,0.0,0.0,0.0,0.0,0.0,0.0,0.0,0.0,0.0,0.0,0.0,0.0,0.0,0.0,0.0,0.0,0.0,0.0,0.0,0.0,-2.004,-0.0,-0.0,-2.004,0.0,0.0,0.0,0.0,5041.0,-1.5879295420089355e+29,0.0,0.0,-0.0,-107615272.0,2.718429120148166e+23,0.0,0.0,0.0,0.0,53,3.222028592685471e+26,0.0,0.0,0.0,0.0,0.0,0.0,0.0,0.0,0,0,0,0.0,0.0,0.0,0.0,0.0,0.0,0.0,0.0,0.0,0.0,0.0,0.0,0.0,0.0,0.0,0.0,0,-107875648.0,53,0.0,106,-107614832.0,0.0,ERR,ERR,ERR,ERR,ERR,ERR,ERR,ERR,ERR,ERR,ERR,ERR,ERR,ERR,ERR,ERR,ERR,ERR,ERR,ERR,ERR,ERR,ERR,ERR,ERR,ERR,ERR,ERR,ERR,ERR,ERR,ERR,ERR,ERR,ERR,ERR,ERR,ERR,ERR,ERR,ERR,ERR,ERR,ERR,ERR,ERR,ERR,ERR,ERR,ERR,ERR,ERR,ERR,ERR,ERR,ERR,ERR,ERR,ERR,ERR,ERR,ERR,ERR,ERR,ERR,ERR,ERR,50.0,60.0,100,0.0,0.0,0.0,0.0,0.0,0.0,0.0,0.0,0.0,0.0,0.0,0.0,0.0,0.0,0.0,0.0,61.6,65,19,65521,50,65476,0,300,0,0,8,20529,65476,0,0,26214,60.0,0.0,0.0,0.0,0.0,0.0
2026-05-17T16:06:02,ERR,ERR,ERR,ERR,ERR,ERR,ERR,ERR,ERR,ERR,ERR,ERR,ERR,ERR,ERR,ERR,ERR,ERR,ERR,ERR,ERR,ERR,ERR,ERR,ERR,ERR,ERR,ERR,ERR,ERR,ERR,ERR,ERR,ERR,ERR,ERR,ERR,ERR,ERR,ERR,ERR,ERR,ERR,ERR,ERR,ERR,ERR,ERR,ERR,ERR,ERR,ERR,ERR,ERR,ERR,ERR,ERR,ERR,ERR,ERR,ERR,ERR,ERR,ERR,ERR,ERR,ERR,ERR,ERR,ERR,ERR,ERR,ERR,ERR,ERR,ERR,ERR,ERR,ERR,ERR,ERR,ERR,ERR,ERR,ERR,ERR,ERR,ERR,ERR,ERR,ERR,ERR,ERR,ERR,ERR,ERR,ERR,ERR,ERR,ERR,ERR,ERR,ERR,ERR,ERR,ERR,ERR,ERR,ERR,ERR,ERR,ERR,ERR,ERR,ERR,ERR,ERR,ERR,ERR,ERR,ERR,ERR,ERR,ERR,ERR,0.0,-0.0,-0.0,0.0,0.0,1.3936040501711995e+18,7.805,0.0,0,0,4,0,8422,0.0,45,0.0,0.0,0.0,0.0,0.0,0,0,0,0,0.0,0,0,0,0,0,0,0,0,0,0,0,0,0,0,0,0,0,0,0,0,0,0,0,0,0,0,0,0,0,0,0,0,0,38,14,7,45,65476,0,300,0,0,8,21553,0.0,-107605600.0,0.0,0.0,0.0,0.0,0.0,0.0,0.0,0.0,0.0,0.0,0.0,0.0,0.0,0.0,0.0,0.0,0.0,0.0,0.0,0.0,-2.004,-0.0,-0.0,-2.004,0.0,0.0,0.0,0.0,5037.0,-0.0,0.0,0.0,-0.0,-107615272.0,2.718429120148166e+23,0.0,0.0,0.0,0.0,53,152018454839296.0,-0.0,0.0,0.0,0.0,0.0,0.0,0.0,0.0,0,0,0,0.0,0.0,0.0,0.0,0.0,0.0,0.0,0.0,0.0,0.0,0.0,0.0,0.0,0.0,0.0,0.0,0,-107875648.0,53,0.0,106,-107614832.0,-107350944.0,ERR,ERR,ERR,ERR,ERR,ERR,ERR,ERR,ERR,ERR,ERR,ERR,ERR,ERR,ERR,ERR,ERR,ERR,ERR,ERR,ERR,ERR,ERR,ERR,ERR,ERR,ERR,ERR,ERR,ERR,ERR,ERR,ERR,ERR,ERR,ERR,ERR,ERR,ERR,ERR,ERR,ERR,ERR,ERR,ERR,ERR,ERR,ERR,ERR,ERR,ERR,ERR,ERR,ERR,ERR,ERR,ERR,ERR,ERR,ERR,ERR,ERR,ERR,ERR,ERR,ERR,ERR,50.0,60.0,100,0.0,0.0,0.0,0.0,0.0,0.0,0.0,0.0,0.0,0.0,0.0,0.0,0.0,0.0,0.0,0.0,61.6,65,19,65521,50,65476,0,300,0,0,8,20529,65476,0,0,26214,60.0,0.0,0.0,0.0,0.0,0.0
2026-05-17T16:06:03,ERR,ERR,ERR,ERR,ERR,ERR,ERR,ERR,ERR,ERR,ERR,ERR,ERR,ERR,ERR,ERR,ERR,ERR,ERR,ERR,ERR,ERR,ERR,ERR,ERR,ERR,ERR,ERR,ERR,ERR,ERR,ERR,ERR,ERR,ERR,ERR,ERR,ERR,ERR,ERR,ERR,ERR,ERR,ERR,ERR,ERR,ERR,ERR,ERR,ERR,ERR,ERR,ERR,ERR,ERR,ERR,ERR,ERR,ERR,ERR,ERR,ERR,ERR,ERR,ERR,ERR,ERR,ERR,ERR,ERR,ERR,ERR,ERR,ERR,ERR,ERR,ERR,ERR,ERR,ERR,ERR,ERR,ERR,ERR,ERR,ERR,ERR,ERR,ERR,ERR,ERR,ERR,ERR,ERR,ERR,ERR,ERR,ERR,ERR,ERR,ERR,ERR,ERR,ERR,ERR,ERR,ERR,ERR,ERR,ERR,ERR,ERR,ERR,ERR,ERR,ERR,ERR,ERR,ERR,ERR,ERR,ERR,ERR,ERR,ERR,0.0,-0.0,-0.0,0.0,0.0,1.3936040501711995e+18,7.805,0.0,0,0,4,0,8422,0.0,45,0.0,0.0,0.0,0.0,0.0,0,0,0,0,0.0,0,0,0,0,0,0,0,0,0,0,0,0,0,0,0,0,0,0,0,0,0,0,0,0,0,0,0,0,0,0,0,0,0,38,14,7,45,65476,0,300,0,0,8,21553,0.0,-107605600.0,0.0,0.0,0.0,0.0,0.0,0.0,0.0,0.0,0.0,0.0,0.0,0.0,0.0,0.0,0.0,0.0,0.0,0.0,0.0,0.0,-2.004,-0.0,-0.0,-2.004,0.0,0.0,0.0,0.0,5037.0,-0.0,0.0,0.0,-0.0,-107615272.0,2.718429120148166e+23,0.0,0.0,0.0,0.0,53,152018454839296.0,-0.0,0.0,0.0,0.0,0.0,0.0,0.0,0.0,0,0,0,0.0,0.0,0.0,0.0,0.0,0.0,0.0,0.0,0.0,0.0,0.0,0.0,0.0,0.0,0.0,0.0,0,-107875648.0,53,0.0,106,-107614832.0,-107350944.0,ERR,ERR,ERR,ERR,ERR,ERR,ERR,ERR,ERR,ERR,ERR,ERR,ERR,ERR,ERR,ERR,ERR,ERR,ERR,ERR,ERR,ERR,ERR,ERR,ERR,ERR,ERR,ERR,ERR,ERR,ERR,ERR,ERR,ERR,ERR,ERR,ERR,ERR,ERR,ERR,ERR,ERR,ERR,ERR,ERR,ERR,ERR,ERR,ERR,ERR,ERR,ERR,ERR,ERR,ERR,ERR,ERR,ERR,ERR,ERR,ERR,ERR,ERR,ERR,ERR,ERR,ERR,50.0,60.0,100,0.0,0.0,0.0,0.0,0.0,0.0,0.0,0.0,0.0,0.0,0.0,0.0,0.0,0.0,0.0,0.0,61.6,65,19,65521,50,65476,0,300,0,0,8,20529,65476,0,0,26214,60.0,0.0,0.0,0.0,0.0,0.0
2026-05-17T16:06:04,ERR,ERR,ERR,ERR,ERR,ERR,ERR,ERR,ERR,ERR,ERR,ERR,ERR,ERR,ERR,ERR,ERR,ERR,ERR,ERR,ERR,ERR,ERR,ERR,ERR,ERR,ERR,ERR,ERR,ERR,ERR,ERR,ERR,ERR,ERR,ERR,ERR,ERR,ERR,ERR,ERR,ERR,ERR,ERR,ERR,ERR,ERR,ERR,ERR,ERR,ERR,ERR,ERR,ERR,ERR,ERR,ERR,ERR,ERR,ERR,ERR,ERR,ERR,ERR,ERR,ERR,ERR,ERR,ERR,ERR,ERR,ERR,ERR,ERR,ERR,ERR,ERR,ERR,ERR,ERR,ERR,ERR,ERR,ERR,ERR,ERR,ERR,ERR,ERR,ERR,ERR,ERR,ERR,ERR,ERR,ERR,ERR,ERR,ERR,ERR,ERR,ERR,ERR,ERR,ERR,ERR,ERR,ERR,ERR,ERR,ERR,ERR,ERR,ERR,ERR,ERR,ERR,ERR,ERR,ERR,ERR,ERR,ERR,ERR,ERR,0.0,-0.0,-0.0,0.0,0.0,1.3936040501711995e+18,7.805,0.0,0,0,4,0,8422,0.0,45,0.0,0.0,0.0,0.0,0.0,0,0,0,0,0.0,0,0,0,0,0,0,0,0,0,0,0,0,0,0,0,0,0,0,0,0,0,0,0,0,0,0,0,0,0,0,0,0,0,38,14,7,45,65476,0,300,0,0,8,21553,0.0,-107605600.0,0.0,0.0,0.0,0.0,0.0,0.0,0.0,0.0,0.0,0.0,0.0,0.0,0.0,0.0,0.0,0.0,0.0,0.0,0.0,0.0,-2.004,-0.0,-0.0,-2.004,0.0,0.0,0.0,0.0,5037.0,-0.0,0.0,0.0,-0.0,-107615272.0,2.718429120148166e+23,0.0,0.0,0.0,0.0,53,152018454839296.0,-0.0,0.0,0.0,0.0,0.0,0.0,0.0,0.0,0,0,0,0.0,0.0,0.0,0.0,0.0,0.0,0.0,0.0,0.0,0.0,0.0,0.0,0.0,0.0,0.0,0.0,0,-107875648.0,53,0.0,106,-107614832.0,-107350944.0,ERR,ERR,ERR,ERR,ERR,ERR,ERR,ERR,ERR,ERR,ERR,ERR,ERR,ERR,ERR,ERR,ERR,ERR,ERR,ERR,ERR,ERR,ERR,ERR,ERR,ERR,ERR,ERR,ERR,ERR,ERR,ERR,ERR,ERR,ERR,ERR,ERR,ERR,ERR,ERR,ERR,ERR,ERR,ERR,ERR,ERR,ERR,ERR,ERR,ERR,ERR,ERR,ERR,ERR,ERR,ERR,ERR,ERR,ERR,ERR,ERR,ERR,ERR,ERR,ERR,ERR,ERR,50.0,60.0,100,0.0,0.0,0.0,0.0,0.0,0.0,0.0,0.0,0.0,0.0,0.0,0.0,0.0,0.0,0.0,0.0,61.6,65,19,65521,50,65476,0,300,0,0,8,20529,65476,0,0,26214,60.0,0.0,0.0,0.0,0.0,0.0
2026-05-17T16:06:05,ERR,ERR,ERR,ERR,ERR,ERR,ERR,ERR,ERR,ERR,ERR,ERR,ERR,ERR,ERR,ERR,ERR,ERR,ERR,ERR,ERR,ERR,ERR,ERR,ERR,ERR,ERR,ERR,ERR,ERR,ERR,ERR,ERR,ERR,ERR,ERR,ERR,ERR,ERR,ERR,ERR,ERR,ERR,ERR,ERR,ERR,ERR,ERR,ERR,ERR,ERR,ERR,ERR,ERR,ERR,ERR,ERR,ERR,ERR,ERR,ERR,ERR,ERR,ERR,ERR,ERR,ERR,ERR,ERR,ERR,ERR,ERR,ERR,ERR,ERR,ERR,ERR,ERR,ERR,ERR,ERR,ERR,ERR,ERR,ERR,ERR,ERR,ERR,ERR,ERR,ERR,ERR,ERR,ERR,ERR,ERR,ERR,ERR,ERR,ERR,ERR,ERR,ERR,ERR,ERR,ERR,ERR,ERR,ERR,ERR,ERR,ERR,ERR,ERR,ERR,ERR,ERR,ERR,ERR,ERR,ERR,ERR,ERR,ERR,ERR,0.0,-0.0,-0.0,0.0,0.0,1.3936040501711995e+18,7.805,0.0,0,0,4,0,8422,0.0,45,0.0,0.0,0.0,0.0,0.0,0,0,0,0,0.0,0,0,0,0,0,0,0,0,0,0,0,0,0,0,0,0,0,0,0,0,0,0,0,0,0,0,0,0,0,0,0,0,0,38,14,7,45,65476,0,300,0,0,8,21553,0.0,-107605600.0,0.0,0.0,0.0,0.0,0.0,0.0,0.0,0.0,0.0,0.0,0.0,0.0,0.0,0.0,0.0,0.0,0.0,0.0,0.0,0.0,-2.004,-0.0,-0.0,-2.004,0.0,0.0,0.0,0.0,5037.0,-0.0,0.0,0.0,-0.0,-107615272.0,2.718429120148166e+23,0.0,0.0,0.0,0.0,53,152018454839296.0,-0.0,0.0,0.0,0.0,0.0,0.0,0.0,0.0,0,0,0,0.0,0.0,0.0,0.0,0.0,0.0,0.0,0.0,0.0,0.0,0.0,0.0,0.0,0.0,0.0,0.0,0,-107875648.0,53,0.0,106,-107614832.0,-107350944.0,ERR,ERR,ERR,ERR,ERR,ERR,ERR,ERR,ERR,ERR,ERR,ERR,ERR,ERR,ERR,ERR,ERR,ERR,ERR,ERR,ERR,ERR,ERR,ERR,ERR,ERR,ERR,ERR,ERR,ERR,ERR,ERR,ERR,ERR,ERR,ERR,ERR,ERR,ERR,ERR,ERR,ERR,ERR,ERR,ERR,ERR,ERR,ERR,ERR,ERR,ERR,ERR,ERR,ERR,ERR,ERR,ERR,ERR,ERR,ERR,ERR,ERR,ERR,ERR,ERR,ERR,ERR,50.0,60.0,100,0.0,0.0,0.0,0.0,0.0,0.0,0.0,0.0,0.0,0.0,0.0,0.0,0.0,0.0,0.0,0.0,61.6,65,19,65521,50,65476,0,300,0,0,8,20529,65476,0,0,26214,60.0,0.0,0.0,0.0,0.0,0.0
2026-05-17T16:06:06,ERR,ERR,ERR,ERR,ERR,ERR,ERR,ERR,ERR,ERR,ERR,ERR,ERR,ERR,ERR,ERR,ERR,ERR,ERR,ERR,ERR,ERR,ERR,ERR,ERR,ERR,ERR,ERR,ERR,ERR,ERR,ERR,ERR,ERR,ERR,ERR,ERR,ERR,ERR,ERR,ERR,ERR,ERR,ERR,ERR,ERR,ERR,ERR,ERR,ERR,ERR,ERR,ERR,ERR,ERR,ERR,ERR,ERR,ERR,ERR,ERR,ERR,ERR,ERR,ERR,ERR,ERR,ERR,ERR,ERR,ERR,ERR,ERR,ERR,ERR,ERR,ERR,ERR,ERR,ERR,ERR,ERR,ERR,ERR,ERR,ERR,ERR,ERR,ERR,ERR,ERR,ERR,ERR,ERR,ERR,ERR,ERR,ERR,ERR,ERR,ERR,ERR,ERR,ERR,ERR,ERR,ERR,ERR,ERR,ERR,ERR,ERR,ERR,ERR,ERR,ERR,ERR,ERR,ERR,ERR,ERR,ERR,ERR,ERR,ERR,0.0,-0.0,-0.0,0.0,0.0,1.3936040501711995e+18,7.805,0.0,0,0,4,0,8422,0.0,45,0.0,0.0,0.0,0.0,0.0,0,0,0,0,0.0,0,0,0,0,0,0,0,0,0,0,0,0,0,0,0,0,0,0,0,0,0,0,0,0,0,0,0,0,0,0,0,0,0,38,14,7,45,65476,0,300,0,0,8,21553,0.0,-107605600.0,0.0,0.0,0.0,0.0,0.0,0.0,0.0,0.0,0.0,0.0,0.0,0.0,0.0,0.0,0.0,0.0,0.0,0.0,0.0,0.0,-2.004,-0.0,-0.0,-2.004,0.0,0.0,0.0,0.0,5037.0,-0.0,0.0,0.0,-0.0,-107615272.0,2.718429120148166e+23,0.0,0.0,0.0,0.0,53,152018454839296.0,-0.0,0.0,0.0,0.0,0.0,0.0,0.0,0.0,0,0,0,0.0,0.0,0.0,0.0,0.0,0.0,0.0,0.0,0.0,0.0,0.0,0.0,0.0,0.0,0.0,0.0,0,-107875648.0,53,0.0,106,-107614832.0,-107350944.0,ERR,ERR,ERR,ERR,ERR,ERR,ERR,ERR,ERR,ERR,ERR,ERR,ERR,ERR,ERR,ERR,ERR,ERR,ERR,ERR,ERR,ERR,ERR,ERR,ERR,ERR,ERR,ERR,ERR,ERR,ERR,ERR,ERR,ERR,ERR,ERR,ERR,ERR,ERR,ERR,ERR,ERR,ERR,ERR,ERR,ERR,ERR,ERR,ERR,ERR,ERR,ERR,ERR,ERR,ERR,ERR,ERR,ERR,ERR,ERR,ERR,ERR,ERR,ERR,ERR,ERR,ERR,50.0,60.0,100,0.0,0.0,0.0,0.0,0.0,0.0,0.0,0.0,0.0,0.0,0.0,0.0,0.0,0.0,0.0,0.0,61.6,65,19,65521,50,65476,0,300,0,0,8,20529,65476,0,0,26214,60.0,0.0,0.0,0.0,0.0,0.0
2026-05-17T16:06:07,ERR,ERR,ERR,ERR,ERR,ERR,ERR,ERR,ERR,ERR,ERR,ERR,ERR,ERR,ERR,ERR,ERR,ERR,ERR,ERR,ERR,ERR,ERR,ERR,ERR,ERR,ERR,ERR,ERR,ERR,ERR,ERR,ERR,ERR,ERR,ERR,ERR,ERR,ERR,ERR,ERR,ERR,ERR,ERR,ERR,ERR,ERR,ERR,ERR,ERR,ERR,ERR,ERR,ERR,ERR,ERR,ERR,ERR,ERR,ERR,ERR,ERR,ERR,ERR,ERR,ERR,ERR,ERR,ERR,ERR,ERR,ERR,ERR,ERR,ERR,ERR,ERR,ERR,ERR,ERR,ERR,ERR,ERR,ERR,ERR,ERR,ERR,ERR,ERR,ERR,ERR,ERR,ERR,ERR,ERR,ERR,ERR,ERR,ERR,ERR,ERR,ERR,ERR,ERR,ERR,ERR,ERR,ERR,ERR,ERR,ERR,ERR,ERR,ERR,ERR,ERR,ERR,ERR,ERR,ERR,ERR,ERR,ERR,ERR,ERR,0.0,-0.0,-0.0,0.0,0.0,1.3936040501711995e+18,7.805,0.0,0,0,4,0,8422,0.0,45,0.0,0.0,0.0,0.0,0.0,0,0,0,0,0.0,0,0,0,0,0,0,0,0,0,0,0,0,0,0,0,0,0,0,0,0,0,0,0,0,0,0,0,0,0,0,0,0,0,38,14,7,45,65476,0,300,0,0,8,21553,0.0,-107605600.0,0.0,0.0,0.0,0.0,0.0,0.0,0.0,0.0,0.0,0.0,0.0,0.0,0.0,0.0,0.0,0.0,0.0,0.0,0.0,0.0,-2.004,-0.0,2.004,-2.004,0.0,0.0,0.0,0.0,5038.0,-0.0,0.0,0.0,-0.0,0.0,2.718429120148166e+23,0.0,0.0,0.0,0.0,53,1.9056979486756045e+17,-107614792.0,0.0,0.0,0.0,0.0,0.0,0.0,0.0,0,0,0,0.0,0.0,0.0,0.0,0.0,0.0,0.0,0.0,0.0,0.0,0.0,0.0,0.0,0.0,0.0,0.0,0,-107875648.0,53,0.0,106,-107614832.0,-107350944.0,ERR,ERR,ERR,ERR,ERR,ERR,ERR,ERR,ERR,ERR,ERR,ERR,ERR,ERR,ERR,ERR,ERR,ERR,ERR,ERR,ERR,ERR,ERR,ERR,ERR,ERR,ERR,ERR,ERR,ERR,ERR,ERR,ERR,ERR,ERR,ERR,ERR,ERR,ERR,ERR,ERR,ERR,ERR,ERR,ERR,ERR,ERR,ERR,ERR,ERR,ERR,ERR,ERR,ERR,ERR,ERR,ERR,ERR,ERR,ERR,ERR,ERR,ERR,ERR,ERR,ERR,ERR,50.0,60.0,100,0.0,0.0,0.0,0.0,0.0,0.0,0.0,0.0,0.0,0.0,0.0,0.0,0.0,0.0,0.0,0.0,61.6,65,19,65521,50,65476,0,300,0,0,8,20529,65476,0,0,26214,60.0,0.0,0.0,0.0,0.0,0.0
2026-05-17T16:06:08,ERR,ERR,ERR,ERR,ERR,ERR,ERR,ERR,ERR,ERR,ERR,ERR,ERR,ERR,ERR,ERR,ERR,ERR,ERR,ERR,ERR,ERR,ERR,ERR,ERR,ERR,ERR,ERR,ERR,ERR,ERR,ERR,ERR,ERR,ERR,ERR,ERR,ERR,ERR,ERR,ERR,ERR,ERR,ERR,ERR,ERR,ERR,ERR,ERR,ERR,ERR,ERR,ERR,ERR,ERR,ERR,ERR,ERR,ERR,ERR,ERR,ERR,ERR,ERR,ERR,ERR,ERR,ERR,ERR,ERR,ERR,ERR,ERR,ERR,ERR,ERR,ERR,ERR,ERR,ERR,ERR,ERR,ERR,ERR,ERR,ERR,ERR,ERR,ERR,ERR,ERR,ERR,ERR,ERR,ERR,ERR,ERR,ERR,ERR,ERR,ERR,ERR,ERR,ERR,ERR,ERR,ERR,ERR,ERR,ERR,ERR,ERR,ERR,ERR,ERR,ERR,ERR,ERR,ERR,ERR,ERR,ERR,ERR,ERR,ERR,0.0,-0.0,-0.0,0.0,0.0,1.3936040501711995e+18,7.805,0.0,0,0,4,0,8422,0.0,45,0.0,0.0,0.0,0.0,0.0,0,0,0,0,0.0,0,0,0,0,0,0,0,0,0,0,0,0,0,0,0,0,0,0,0,0,0,0,0,0,0,0,0,0,0,0,0,0,0,38,14,7,45,65476,0,300,0,0,8,21553,0.0,-107605600.0,0.0,0.0,0.0,0.0,0.0,0.0,0.0,0.0,0.0,0.0,0.0,0.0,0.0,0.0,0.0,0.0,0.0,0.0,0.0,0.0,-2.004,-0.0,2.004,-2.004,0.0,0.0,0.0,0.0,5038.0,-0.0,0.0,0.0,-0.0,0.0,2.718429120148166e+23,0.0,0.0,0.0,0.0,53,1.9056979486756045e+17,-107614792.0,0.0,0.0,0.0,0.0,0.0,0.0,0.0,0,0,0,0.0,0.0,0.0,0.0,0.0,0.0,0.0,0.0,0.0,0.0,0.0,0.0,0.0,0.0,0.0,0.0,0,-107875648.0,53,0.0,106,-107614832.0,-107350944.0,ERR,ERR,ERR,ERR,ERR,ERR,ERR,ERR,ERR,ERR,ERR,ERR,ERR,ERR,ERR,ERR,ERR,ERR,ERR,ERR,ERR,ERR,ERR,ERR,ERR,ERR,ERR,ERR,ERR,ERR,ERR,ERR,ERR,ERR,ERR,ERR,ERR,ERR,ERR,ERR,ERR,ERR,ERR,ERR,ERR,ERR,ERR,ERR,ERR,ERR,ERR,ERR,ERR,ERR,ERR,ERR,ERR,ERR,ERR,ERR,ERR,ERR,ERR,ERR,ERR,ERR,ERR,50.0,60.0,100,0.0,0.0,0.0,0.0,0.0,0.0,0.0,0.0,0.0,0.0,0.0,0.0,0.0,0.0,0.0,0.0,61.6,65,19,65521,50,65476,0,300,0,0,8,20529,65476,0,0,26214,60.0,0.0,0.0,0.0,0.0,0.0
2026-05-17T16:06:09,ERR,ERR,ERR,ERR,ERR,ERR,ERR,ERR,ERR,ERR,ERR,ERR,ERR,ERR,ERR,ERR,ERR,ERR,ERR,ERR,ERR,ERR,ERR,ERR,ERR,ERR,ERR,ERR,ERR,ERR,ERR,ERR,ERR,ERR,ERR,ERR,ERR,ERR,ERR,ERR,ERR,ERR,ERR,ERR,ERR,ERR,ERR,ERR,ERR,ERR,ERR,ERR,ERR,ERR,ERR,ERR,ERR,ERR,ERR,ERR,ERR,ERR,ERR,ERR,ERR,ERR,ERR,ERR,ERR,ERR,ERR,ERR,ERR,ERR,ERR,ERR,ERR,ERR,ERR,ERR,ERR,ERR,ERR,ERR,ERR,ERR,ERR,ERR,ERR,ERR,ERR,ERR,ERR,ERR,ERR,ERR,ERR,ERR,ERR,ERR,ERR,ERR,ERR,ERR,ERR,ERR,ERR,ERR,ERR,ERR,ERR,ERR,ERR,ERR,ERR,ERR,ERR,ERR,ERR,ERR,ERR,ERR,ERR,ERR,ERR,0.0,-0.0,-0.0,0.0,0.0,1.3936040501711995e+18,7.805,0.0,0,0,4,0,8422,0.0,45,0.0,0.0,0.0,0.0,0.0,0,0,0,0,0.0,0,0,0,0,0,0,0,0,0,0,0,0,0,0,0,0,0,0,0,0,0,0,0,0,0,0,0,0,0,0,0,0,0,38,14,7,45,65476,0,300,0,0,8,21553,0.0,-107605600.0,0.0,0.0,0.0,0.0,0.0,0.0,0.0,0.0,0.0,0.0,0.0,0.0,0.0,0.0,0.0,0.0,0.0,0.0,0.0,0.0,-2.004,-0.0,2.004,-2.004,0.0,0.0,0.0,0.0,5038.0,-0.0,0.0,0.0,-0.0,0.0,2.718429120148166e+23,0.0,0.0,0.0,0.0,53,1.9056979486756045e+17,-107614792.0,0.0,0.0,0.0,0.0,0.0,0.0,0.0,0,0,0,0.0,0.0,0.0,0.0,0.0,0.0,0.0,0.0,0.0,0.0,0.0,0.0,0.0,0.0,0.0,0.0,0,-107875648.0,53,0.0,106,-107614832.0,-107350944.0,ERR,ERR,ERR,ERR,ERR,ERR,ERR,ERR,ERR,ERR,ERR,ERR,ERR,ERR,ERR,ERR,ERR,ERR,ERR,ERR,ERR,ERR,ERR,ERR,ERR,ERR,ERR,ERR,ERR,ERR,ERR,ERR,ERR,ERR,ERR,ERR,ERR,ERR,ERR,ERR,ERR,ERR,ERR,ERR,ERR,ERR,ERR,ERR,ERR,ERR,ERR,ERR,ERR,ERR,ERR,ERR,ERR,ERR,ERR,ERR,ERR,ERR,ERR,ERR,ERR,ERR,ERR,50.0,60.0,100,0.0,0.0,0.0,0.0,0.0,0.0,0.0,0.0,0.0,0.0,0.0,0.0,0.0,0.0,0.0,0.0,61.6,65,19,65521,50,65476,0,300,0,0,8,20529,65476,0,0,26214,60.0,0.0,0.0,0.0,0.0,0.0
2026-05-17T16:06:10,ERR,ERR,ERR,ERR,ERR,ERR,ERR,ERR,ERR,ERR,ERR,ERR,ERR,ERR,ERR,ERR,ERR,ERR,ERR,ERR,ERR,ERR,ERR,ERR,ERR,ERR,ERR,ERR,ERR,ERR,ERR,ERR,ERR,ERR,ERR,ERR,ERR,ERR,ERR,ERR,ERR,ERR,ERR,ERR,ERR,ERR,ERR,ERR,ERR,ERR,ERR,ERR,ERR,ERR,ERR,ERR,ERR,ERR,ERR,ERR,ERR,ERR,ERR,ERR,ERR,ERR,ERR,ERR,ERR,ERR,ERR,ERR,ERR,ERR,ERR,ERR,ERR,ERR,ERR,ERR,ERR,ERR,ERR,ERR,ERR,ERR,ERR,ERR,ERR,ERR,ERR,ERR,ERR,ERR,ERR,ERR,ERR,ERR,ERR,ERR,ERR,ERR,ERR,ERR,ERR,ERR,ERR,ERR,ERR,ERR,ERR,ERR,ERR,ERR,ERR,ERR,ERR,ERR,ERR,ERR,ERR,ERR,ERR,ERR,ERR,0.0,-0.0,-0.0,0.0,0.0,1.3936040501711995e+18,7.805,0.0,0,0,4,0,8422,0.0,45,0.0,0.0,0.0,0.0,0.0,0,0,0,0,0.0,0,0,0,0,0,0,0,0,0,0,0,0,0,0,0,0,0,0,0,0,0,0,0,0,0,0,0,0,0,0,0,0,0,38,14,7,45,65476,0,300,0,0,8,21553,0.0,-107605600.0,0.0,0.0,0.0,0.0,0.0,0.0,0.0,0.0,0.0,0.0,0.0,0.0,0.0,0.0,0.0,0.0,0.0,0.0,0.0,0.0,-2.004,-0.0,2.004,-2.004,0.0,0.0,0.0,0.0,5038.0,-0.0,0.0,0.0,-0.0,0.0,2.718429120148166e+23,0.0,0.0,0.0,0.0,53,1.9056979486756045e+17,-107614792.0,0.0,0.0,0.0,0.0,0.0,0.0,0.0,0,0,0,0.0,0.0,0.0,0.0,0.0,0.0,0.0,0.0,0.0,0.0,0.0,0.0,0.0,0.0,0.0,0.0,0,-107875648.0,53,0.0,106,-107614832.0,-107350944.0,ERR,ERR,ERR,ERR,ERR,ERR,ERR,ERR,ERR,ERR,ERR,ERR,ERR,ERR,ERR,ERR,ERR,ERR,ERR,ERR,ERR,ERR,ERR,ERR,ERR,ERR,ERR,ERR,ERR,ERR,ERR,ERR,ERR,ERR,ERR,ERR,ERR,ERR,ERR,ERR,ERR,ERR,ERR,ERR,ERR,ERR,ERR,ERR,ERR,ERR,ERR,ERR,ERR,ERR,ERR,ERR,ERR,ERR,ERR,ERR,ERR,ERR,ERR,ERR,ERR,ERR,ERR,50.0,60.0,100,0.0,0.0,0.0,0.0,0.0,0.0,0.0,0.0,0.0,0.0,0.0,0.0,0.0,0.0,0.0,0.0,61.6,65,19,65521,50,65476,0,300,0,0,8,20529,65476,0,0,26214,60.0,0.0,0.0,0.0,0.0,0.0
2026-05-17T16:06:11,ERR,ERR,ERR,ERR,ERR,ERR,ERR,ERR,ERR,ERR,ERR,ERR,ERR,ERR,ERR,ERR,ERR,ERR,ERR,ERR,ERR,ERR,ERR,ERR,ERR,ERR,ERR,ERR,ERR,ERR,ERR,ERR,ERR,ERR,ERR,ERR,ERR,ERR,ERR,ERR,ERR,ERR,ERR,ERR,ERR,ERR,ERR,ERR,ERR,ERR,ERR,ERR,ERR,ERR,ERR,ERR,ERR,ERR,ERR,ERR,ERR,ERR,ERR,ERR,ERR,ERR,ERR,ERR,ERR,ERR,ERR,ERR,ERR,ERR,ERR,ERR,ERR,ERR,ERR,ERR,ERR,ERR,ERR,ERR,ERR,ERR,ERR,ERR,ERR,ERR,ERR,ERR,ERR,ERR,ERR,ERR,ERR,ERR,ERR,ERR,ERR,ERR,ERR,ERR,ERR,ERR,ERR,ERR,ERR,ERR,ERR,ERR,ERR,ERR,ERR,ERR,ERR,ERR,ERR,ERR,ERR,ERR,ERR,ERR,ERR,0.0,-0.0,-0.0,0.0,0.0,1.3936040501711995e+18,7.805,0.0,0,0,4,0,8422,0.0,45,0.0,0.0,0.0,0.0,0.0,0,0,0,0,0.0,0,0,0,0,0,0,0,0,0,0,0,0,0,0,0,0,0,0,0,0,0,0,0,0,0,0,0,0,0,0,0,0,0,38,14,7,45,65476,0,300,0,0,8,21553,0.0,-107605600.0,0.0,0.0,0.0,0.0,0.0,0.0,0.0,0.0,0.0,0.0,0.0,0.0,0.0,0.0,0.0,0.0,0.0,0.0,0.0,0.0,-2.004,-0.0,2.004,-2.004,0.0,0.0,0.0,0.0,5038.0,-0.0,0.0,0.0,-0.0,0.0,2.718429120148166e+23,0.0,0.0,0.0,0.0,53,1.9056979486756045e+17,-107614792.0,0.0,0.0,0.0,0.0,0.0,0.0,0.0,0,0,0,0.0,0.0,0.0,0.0,0.0,0.0,0.0,0.0,0.0,0.0,0.0,0.0,0.0,0.0,0.0,0.0,0,-107875648.0,53,0.0,106,-107614832.0,-107350944.0,ERR,ERR,ERR,ERR,ERR,ERR,ERR,ERR,ERR,ERR,ERR,ERR,ERR,ERR,ERR,ERR,ERR,ERR,ERR,ERR,ERR,ERR,ERR,ERR,ERR,ERR,ERR,ERR,ERR,ERR,ERR,ERR,ERR,ERR,ERR,ERR,ERR,ERR,ERR,ERR,ERR,ERR,ERR,ERR,ERR,ERR,ERR,ERR,ERR,ERR,ERR,ERR,ERR,ERR,ERR,ERR,ERR,ERR,ERR,ERR,ERR,ERR,ERR,ERR,ERR,ERR,ERR,50.0,60.0,100,0.0,0.0,0.0,0.0,0.0,0.0,0.0,0.0,0.0,0.0,0.0,0.0,0.0,0.0,0.0,0.0,61.6,65,19,65521,50,65476,0,300,0,0,8,20529,65476,0,0,26214,60.0,0.0,0.0,0.0,0.0,0.0
2026-05-17T16:06:12,ERR,ERR,ERR,ERR,ERR,ERR,ERR,ERR,ERR,ERR,ERR,ERR,ERR,ERR,ERR,ERR,ERR,ERR,ERR,ERR,ERR,ERR,ERR,ERR,ERR,ERR,ERR,ERR,ERR,ERR,ERR,ERR,ERR,ERR,ERR,ERR,ERR,ERR,ERR,ERR,ERR,ERR,ERR,ERR,ERR,ERR,ERR,ERR,ERR,ERR,ERR,ERR,ERR,ERR,ERR,ERR,ERR,ERR,ERR,ERR,ERR,ERR,ERR,ERR,ERR,ERR,ERR,ERR,ERR,ERR,ERR,ERR,ERR,ERR,ERR,ERR,ERR,ERR,ERR,ERR,ERR,ERR,ERR,ERR,ERR,ERR,ERR,ERR,ERR,ERR,ERR,ERR,ERR,ERR,ERR,ERR,ERR,ERR,ERR,ERR,ERR,ERR,ERR,ERR,ERR,ERR,ERR,ERR,ERR,ERR,ERR,ERR,ERR,ERR,ERR,ERR,ERR,ERR,ERR,ERR,ERR,ERR,ERR,ERR,ERR,0.0,-0.0,-0.0,0.0,0.0,1.3936040501711995e+18,7.805,0.0,0,0,4,0,8422,0.0,45,0.0,0.0,0.0,0.0,0.0,0,0,0,0,0.0,0,0,0,0,0,0,0,0,0,0,0,0,0,0,0,0,0,0,0,0,0,0,0,0,0,0,0,0,0,0,0,0,0,38,14,7,45,65476,0,300,0,0,8,21553,0.0,-107605600.0,0.0,0.0,0.0,0.0,0.0,0.0,0.0,0.0,0.0,0.0,0.0,0.0,0.0,0.0,0.0,0.0,0.0,0.0,0.0,0.0,-2.004,-0.0,2.004,-2.004,0.0,0.0,0.0,0.0,5069.0,0.0,0.0,0.0,-0.0,-107615272.0,2.718429120148166e+23,0.0,0.0,0.0,0.0,53,152018454839296.0,5.8480564754410164e+35,0.0,0.0,0.0,0.0,0.0,0.0,0.0,0,0,0,0.0,0.0,0.0,0.0,0.0,0.0,0.0,0.0,0.0,0.0,0.0,0.0,0.0,0.0,0.0,0.0,0,-107875648.0,53,0.0,106,-107614832.0,0.0,ERR,ERR,ERR,ERR,ERR,ERR,ERR,ERR,ERR,ERR,ERR,ERR,ERR,ERR,ERR,ERR,ERR,ERR,ERR,ERR,ERR,ERR,ERR,ERR,ERR,ERR,ERR,ERR,ERR,ERR,ERR,ERR,ERR,ERR,ERR,ERR,ERR,ERR,ERR,ERR,ERR,ERR,ERR,ERR,ERR,ERR,ERR,ERR,ERR,ERR,ERR,ERR,ERR,ERR,ERR,ERR,ERR,ERR,ERR,ERR,ERR,ERR,ERR,ERR,ERR,ERR,ERR,50.0,60.0,100,0.0,0.0,0.0,0.0,0.0,0.0,0.0,0.0,0.0,0.0,0.0,0.0,0.0,0.0,0.0,0.0,61.6,65,19,65521,50,65476,0,300,0,0,8,20529,65476,0,0,26214,60.0,0.0,0.0,0.0,0.0,0.0
2026-05-17T16:06:13,ERR,ERR,ERR,ERR,ERR,ERR,ERR,ERR,ERR,ERR,ERR,ERR,ERR,ERR,ERR,ERR,ERR,ERR,ERR,ERR,ERR,ERR,ERR,ERR,ERR,ERR,ERR,ERR,ERR,ERR,ERR,ERR,ERR,ERR,ERR,ERR,ERR,ERR,ERR,ERR,ERR,ERR,ERR,ERR,ERR,ERR,ERR,ERR,ERR,ERR,ERR,ERR,ERR,ERR,ERR,ERR,ERR,ERR,ERR,ERR,ERR,ERR,ERR,ERR,ERR,ERR,ERR,ERR,ERR,ERR,ERR,ERR,ERR,ERR,ERR,ERR,ERR,ERR,ERR,ERR,ERR,ERR,ERR,ERR,ERR,ERR,ERR,ERR,ERR,ERR,ERR,ERR,ERR,ERR,ERR,ERR,ERR,ERR,ERR,ERR,ERR,ERR,ERR,ERR,ERR,ERR,ERR,ERR,ERR,ERR,ERR,ERR,ERR,ERR,ERR,ERR,ERR,ERR,ERR,ERR,ERR,ERR,ERR,ERR,ERR,0.0,-0.0,-0.0,0.0,0.0,1.3936040501711995e+18,7.805,0.0,0,0,4,0,8422,0.0,45,0.0,0.0,0.0,0.0,0.0,0,0,0,0,0.0,0,0,0,0,0,0,0,0,0,0,0,0,0,0,0,0,0,0,0,0,0,0,0,0,0,0,0,0,0,0,0,0,0,38,14,7,45,65476,0,300,0,0,8,21553,0.0,-107605600.0,0.0,0.0,0.0,0.0,0.0,0.0,0.0,0.0,0.0,0.0,0.0,0.0,0.0,0.0,0.0,0.0,0.0,0.0,0.0,0.0,-2.004,-0.0,2.004,-2.004,0.0,0.0,0.0,0.0,5069.0,0.0,0.0,0.0,-0.0,-107615272.0,2.718429120148166e+23,0.0,0.0,0.0,0.0,53,152018454839296.0,5.8480564754410164e+35,0.0,0.0,0.0,0.0,0.0,0.0,0.0,0,0,0,0.0,0.0,0.0,0.0,0.0,0.0,0.0,0.0,0.0,0.0,0.0,0.0,0.0,0.0,0.0,0.0,0,-107875648.0,53,0.0,106,-107614832.0,0.0,ERR,ERR,ERR,ERR,ERR,ERR,ERR,ERR,ERR,ERR,ERR,ERR,ERR,ERR,ERR,ERR,ERR,ERR,ERR,ERR,ERR,ERR,ERR,ERR,ERR,ERR,ERR,ERR,ERR,ERR,ERR,ERR,ERR,ERR,ERR,ERR,ERR,ERR,ERR,ERR,ERR,ERR,ERR,ERR,ERR,ERR,ERR,ERR,ERR,ERR,ERR,ERR,ERR,ERR,ERR,ERR,ERR,ERR,ERR,ERR,ERR,ERR,ERR,ERR,ERR,ERR,ERR,50.0,60.0,100,0.0,0.0,0.0,0.0,0.0,0.0,0.0,0.0,0.0,0.0,0.0,0.0,0.0,0.0,0.0,0.0,61.6,65,19,65521,50,65476,0,300,0,0,8,20529,65476,0,0,26214,60.0,0.0,0.0,0.0,0.0,0.0
2026-05-17T16:06:14,ERR,ERR,ERR,ERR,ERR,ERR,ERR,ERR,ERR,ERR,ERR,ERR,ERR,ERR,ERR,ERR,ERR,ERR,ERR,ERR,ERR,ERR,ERR,ERR,ERR,ERR,ERR,ERR,ERR,ERR,ERR,ERR,ERR,ERR,ERR,ERR,ERR,ERR,ERR,ERR,ERR,ERR,ERR,ERR,ERR,ERR,ERR,ERR,ERR,ERR,ERR,ERR,ERR,ERR,ERR,ERR,ERR,ERR,ERR,ERR,ERR,ERR,ERR,ERR,ERR,ERR,ERR,ERR,ERR,ERR,ERR,ERR,ERR,ERR,ERR,ERR,ERR,ERR,ERR,ERR,ERR,ERR,ERR,ERR,ERR,ERR,ERR,ERR,ERR,ERR,ERR,ERR,ERR,ERR,ERR,ERR,ERR,ERR,ERR,ERR,ERR,ERR,ERR,ERR,ERR,ERR,ERR,ERR,ERR,ERR,ERR,ERR,ERR,ERR,ERR,ERR,ERR,ERR,ERR,ERR,ERR,ERR,ERR,ERR,ERR,0.0,-0.0,-0.0,0.0,0.0,1.3936040501711995e+18,7.805,0.0,0,0,4,0,8422,0.0,45,0.0,0.0,0.0,0.0,0.0,0,0,0,0,0.0,0,0,0,0,0,0,0,0,0,0,0,0,0,0,0,0,0,0,0,0,0,0,0,0,0,0,0,0,0,0,0,0,0,38,14,7,45,65476,0,300,0,0,8,21553,0.0,-107605600.0,0.0,0.0,0.0,0.0,0.0,0.0,0.0,0.0,0.0,0.0,0.0,0.0,0.0,0.0,0.0,0.0,0.0,0.0,0.0,0.0,-2.004,-0.0,2.004,-2.004,0.0,0.0,0.0,0.0,5069.0,0.0,0.0,0.0,-0.0,-107615272.0,2.718429120148166e+23,0.0,0.0,0.0,0.0,53,152018454839296.0,5.8480564754410164e+35,0.0,0.0,0.0,0.0,0.0,0.0,0.0,0,0,0,0.0,0.0,0.0,0.0,0.0,0.0,0.0,0.0,0.0,0.0,0.0,0.0,0.0,0.0,0.0,0.0,0,-107875648.0,53,0.0,106,-107614832.0,0.0,ERR,ERR,ERR,ERR,ERR,ERR,ERR,ERR,ERR,ERR,ERR,ERR,ERR,ERR,ERR,ERR,ERR,ERR,ERR,ERR,ERR,ERR,ERR,ERR,ERR,ERR,ERR,ERR,ERR,ERR,ERR,ERR,ERR,ERR,ERR,ERR,ERR,ERR,ERR,ERR,ERR,ERR,ERR,ERR,ERR,ERR,ERR,ERR,ERR,ERR,ERR,ERR,ERR,ERR,ERR,ERR,ERR,ERR,ERR,ERR,ERR,ERR,ERR,ERR,ERR,ERR,ERR,50.0,60.0,100,0.0,0.0,0.0,0.0,0.0,0.0,0.0,0.0,0.0,0.0,0.0,0.0,0.0,0.0,0.0,0.0,61.6,65,19,65521,50,65476,0,300,0,0,8,20529,65476,0,0,26214,60.0,0.0,0.0,0.0,0.0,0.0
2026-05-17T16:06:15,ERR,ERR,ERR,ERR,ERR,ERR,ERR,ERR,ERR,ERR,ERR,ERR,ERR,ERR,ERR,ERR,ERR,ERR,ERR,ERR,ERR,ERR,ERR,ERR,ERR,ERR,ERR,ERR,ERR,ERR,ERR,ERR,ERR,ERR,ERR,ERR,ERR,ERR,ERR,ERR,ERR,ERR,ERR,ERR,ERR,ERR,ERR,ERR,ERR,ERR,ERR,ERR,ERR,ERR,ERR,ERR,ERR,ERR,ERR,ERR,ERR,ERR,ERR,ERR,ERR,ERR,ERR,ERR,ERR,ERR,ERR,ERR,ERR,ERR,ERR,ERR,ERR,ERR,ERR,ERR,ERR,ERR,ERR,ERR,ERR,ERR,ERR,ERR,ERR,ERR,ERR,ERR,ERR,ERR,ERR,ERR,ERR,ERR,ERR,ERR,ERR,ERR,ERR,ERR,ERR,ERR,ERR,ERR,ERR,ERR,ERR,ERR,ERR,ERR,ERR,ERR,ERR,ERR,ERR,ERR,ERR,ERR,ERR,ERR,ERR,0.0,-0.0,-0.0,0.0,0.0,1.3936040501711995e+18,7.805,0.0,0,0,4,0,8422,0.0,45,0.0,0.0,0.0,0.0,0.0,0,0,0,0,0.0,0,0,0,0,0,0,0,0,0,0,0,0,0,0,0,0,0,0,0,0,0,0,0,0,0,0,0,0,0,0,0,0,0,38,14,7,45,65476,0,300,0,0,8,21553,0.0,-107605600.0,0.0,0.0,0.0,0.0,0.0,0.0,0.0,0.0,0.0,0.0,0.0,0.0,0.0,0.0,0.0,0.0,0.0,0.0,0.0,0.0,-2.004,-0.0,2.004,-2.004,0.0,0.0,0.0,0.0,5069.0,0.0,0.0,0.0,-0.0,-107615272.0,2.718429120148166e+23,0.0,0.0,0.0,0.0,53,152018454839296.0,5.8480564754410164e+35,0.0,0.0,0.0,0.0,0.0,0.0,0.0,0,0,0,0.0,0.0,0.0,0.0,0.0,0.0,0.0,0.0,0.0,0.0,0.0,0.0,0.0,0.0,0.0,0.0,0,-107875648.0,53,0.0,106,-107614832.0,0.0,ERR,ERR,ERR,ERR,ERR,ERR,ERR,ERR,ERR,ERR,ERR,ERR,ERR,ERR,ERR,ERR,ERR,ERR,ERR,ERR,ERR,ERR,ERR,ERR,ERR,ERR,ERR,ERR,ERR,ERR,ERR,ERR,ERR,ERR,ERR,ERR,ERR,ERR,ERR,ERR,ERR,ERR,ERR,ERR,ERR,ERR,ERR,ERR,ERR,ERR,ERR,ERR,ERR,ERR,ERR,ERR,ERR,ERR,ERR,ERR,ERR,ERR,ERR,ERR,ERR,ERR,ERR,50.0,60.0,100,0.0,0.0,0.0,0.0,0.0,0.0,0.0,0.0,0.0,0.0,0.0,0.0,0.0,0.0,0.0,0.0,61.6,65,19,65521,50,65476,0,300,0,0,8,20529,65476,0,0,26214,60.0,0.0,0.0,0.0,0.0,0.0
2026-05-17T16:06:16,ERR,ERR,ERR,ERR,ERR,ERR,ERR,ERR,ERR,ERR,ERR,ERR,ERR,ERR,ERR,ERR,ERR,ERR,ERR,ERR,ERR,ERR,ERR,ERR,ERR,ERR,ERR,ERR,ERR,ERR,ERR,ERR,ERR,ERR,ERR,ERR,ERR,ERR,ERR,ERR,ERR,ERR,ERR,ERR,ERR,ERR,ERR,ERR,ERR,ERR,ERR,ERR,ERR,ERR,ERR,ERR,ERR,ERR,ERR,ERR,ERR,ERR,ERR,ERR,ERR,ERR,ERR,ERR,ERR,ERR,ERR,ERR,ERR,ERR,ERR,ERR,ERR,ERR,ERR,ERR,ERR,ERR,ERR,ERR,ERR,ERR,ERR,ERR,ERR,ERR,ERR,ERR,ERR,ERR,ERR,ERR,ERR,ERR,ERR,ERR,ERR,ERR,ERR,ERR,ERR,ERR,ERR,ERR,ERR,ERR,ERR,ERR,ERR,ERR,ERR,ERR,ERR,ERR,ERR,ERR,ERR,ERR,ERR,ERR,ERR,0.0,-0.0,-0.0,0.0,0.0,1.3936040501711995e+18,7.805,0.0,0,0,4,0,8422,0.0,45,0.0,0.0,0.0,0.0,0.0,0,0,0,0,0.0,0,0,0,0,0,0,0,0,0,0,0,0,0,0,0,0,0,0,0,0,0,0,0,0,0,0,0,0,0,0,0,0,0,38,14,7,45,65476,0,300,0,0,8,21553,0.0,-107605600.0,0.0,0.0,0.0,0.0,0.0,0.0,0.0,0.0,0.0,0.0,0.0,0.0,0.0,0.0,0.0,0.0,0.0,0.0,0.0,0.0,-2.004,-0.0,2.004,-2.004,0.0,0.0,0.0,0.0,5069.0,0.0,0.0,0.0,-0.0,-107615272.0,2.718429120148166e+23,0.0,0.0,0.0,0.0,53,152018454839296.0,5.8480564754410164e+35,0.0,0.0,0.0,0.0,0.0,0.0,0.0,0,0,0,0.0,0.0,0.0,0.0,0.0,0.0,0.0,0.0,0.0,0.0,0.0,0.0,0.0,0.0,0.0,0.0,0,-107875648.0,53,0.0,106,-107614832.0,0.0,ERR,ERR,ERR,ERR,ERR,ERR,ERR,ERR,ERR,ERR,ERR,ERR,ERR,ERR,ERR,ERR,ERR,ERR,ERR,ERR,ERR,ERR,ERR,ERR,ERR,ERR,ERR,ERR,ERR,ERR,ERR,ERR,ERR,ERR,ERR,ERR,ERR,ERR,ERR,ERR,ERR,ERR,ERR,ERR,ERR,ERR,ERR,ERR,ERR,ERR,ERR,ERR,ERR,ERR,ERR,ERR,ERR,ERR,ERR,ERR,ERR,ERR,ERR,ERR,ERR,ERR,ERR,50.0,60.0,100,0.0,0.0,0.0,0.0,0.0,0.0,0.0,0.0,0.0,0.0,0.0,0.0,0.0,0.0,0.0,0.0,61.6,65,19,65521,50,65476,0,300,0,0,8,20529,65476,0,0,26214,60.0,0.0,0.0,0.0,0.0,0.0
2026-05-17T16:06:17,ERR,ERR,ERR,ERR,ERR,ERR,ERR,ERR,ERR,ERR,ERR,ERR,ERR,ERR,ERR,ERR,ERR,ERR,ERR,ERR,ERR,ERR,ERR,ERR,ERR,ERR,ERR,ERR,ERR,ERR,ERR,ERR,ERR,ERR,ERR,ERR,ERR,ERR,ERR,ERR,ERR,ERR,ERR,ERR,ERR,ERR,ERR,ERR,ERR,ERR,ERR,ERR,ERR,ERR,ERR,ERR,ERR,ERR,ERR,ERR,ERR,ERR,ERR,ERR,ERR,ERR,ERR,ERR,ERR,ERR,ERR,ERR,ERR,ERR,ERR,ERR,ERR,ERR,ERR,ERR,ERR,ERR,ERR,ERR,ERR,ERR,ERR,ERR,ERR,ERR,ERR,ERR,ERR,ERR,ERR,ERR,ERR,ERR,ERR,ERR,ERR,ERR,ERR,ERR,ERR,ERR,ERR,ERR,ERR,ERR,ERR,ERR,ERR,ERR,ERR,ERR,ERR,ERR,ERR,ERR,ERR,ERR,ERR,ERR,ERR,0.0,-0.0,-0.0,0.0,0.0,1.3936040501711995e+18,7.805,0.0,0,0,4,0,8422,0.0,45,0.0,0.0,0.0,0.0,0.0,0,0,0,0,0.0,0,0,0,0,0,0,0,0,0,0,0,0,0,0,0,0,0,0,0,0,0,0,0,0,0,0,0,0,0,0,0,0,0,38,14,7,45,65476,0,300,0,0,8,21553,0.0,-107605600.0,0.0,0.0,0.0,0.0,0.0,0.0,0.0,0.0,0.0,0.0,0.0,0.0,0.0,0.0,0.0,0.0,0.0,0.0,0.0,0.0,-2.004,-0.0,2.004,-2.004,0.0,0.0,0.0,0.0,5069.0,0.0,0.0,0.0,-0.0,-107615272.0,2.718429120148166e+23,0.0,0.0,0.0,0.0,53,152018454839296.0,5.8480564754410164e+35,0.0,0.0,0.0,0.0,0.0,0.0,0.0,0,0,0,0.0,0.0,0.0,0.0,0.0,0.0,0.0,0.0,0.0,0.0,0.0,0.0,0.0,0.0,0.0,0.0,0,-107875648.0,53,0.0,106,-107614832.0,0.0,ERR,ERR,ERR,ERR,ERR,ERR,ERR,ERR,ERR,ERR,ERR,ERR,ERR,ERR,ERR,ERR,ERR,ERR,ERR,ERR,ERR,ERR,ERR,ERR,ERR,ERR,ERR,ERR,ERR,ERR,ERR,ERR,ERR,ERR,ERR,ERR,ERR,ERR,ERR,ERR,ERR,ERR,ERR,ERR,ERR,ERR,ERR,ERR,ERR,ERR,ERR,ERR,ERR,ERR,ERR,ERR,ERR,ERR,ERR,ERR,ERR,ERR,ERR,ERR,ERR,ERR,ERR,50.0,60.0,100,0.0,0.0,0.0,0.0,0.0,0.0,0.0,0.0,0.0,0.0,0.0,0.0,0.0,0.0,0.0,0.0,61.6,65,19,65521,50,65476,0,300,0,0,8,20529,65476,0,0,26214,60.0,0.0,0.0,0.0,0.0,0.0
2026-05-17T16:06:18,ERR,ERR,ERR,ERR,ERR,ERR,ERR,ERR,ERR,ERR,ERR,ERR,ERR,ERR,ERR,ERR,ERR,ERR,ERR,ERR,ERR,ERR,ERR,ERR,ERR,ERR,ERR,ERR,ERR,ERR,ERR,ERR,ERR,ERR,ERR,ERR,ERR,ERR,ERR,ERR,ERR,ERR,ERR,ERR,ERR,ERR,ERR,ERR,ERR,ERR,ERR,ERR,ERR,ERR,ERR,ERR,ERR,ERR,ERR,ERR,ERR,ERR,ERR,ERR,ERR,ERR,ERR,ERR,ERR,ERR,ERR,ERR,ERR,ERR,ERR,ERR,ERR,ERR,ERR,ERR,ERR,ERR,ERR,ERR,ERR,ERR,ERR,ERR,ERR,ERR,ERR,ERR,ERR,ERR,ERR,ERR,ERR,ERR,ERR,ERR,ERR,ERR,ERR,ERR,ERR,ERR,ERR,ERR,ERR,ERR,ERR,ERR,ERR,ERR,ERR,ERR,ERR,ERR,ERR,ERR,ERR,ERR,ERR,ERR,ERR,0.0,-0.0,-0.0,0.0,0.0,1.3936040501711995e+18,7.805,0.0,0,0,4,0,8422,0.0,45,0.0,0.0,0.0,0.0,0.0,0,0,0,0,0.0,0,0,0,0,0,0,0,0,0,0,0,0,0,0,0,0,0,0,0,0,0,0,0,0,0,0,0,0,0,0,0,0,0,38,14,7,45,65476,0,300,0,0,8,21553,0.0,-107605600.0,0.0,0.0,0.0,0.0,0.0,0.0,0.0,0.0,0.0,0.0,0.0,0.0,0.0,0.0,0.0,0.0,0.0,0.0,0.0,0.0,-2.004,-0.0,2.004,-2.004,0.0,0.0,0.0,0.0,5071.0,0.0,0.0,0.0,-0.0,-107615272.0,2.718429120148166e+23,0.0,0.0,0.0,0.0,53,2.3088403658719416e+20,1.9056862663645594e+17,0.0,0.0,0.0,0.0,0.0,0.0,0.0,0,0,0,0.0,0.0,0.0,0.0,0.0,0.0,0.0,0.0,0.0,0.0,0.0,0.0,0.0,0.0,0.0,0.0,0,-107875648.0,53,0.0,106,-107614832.0,0.0,ERR,ERR,ERR,ERR,ERR,ERR,ERR,ERR,ERR,ERR,ERR,ERR,ERR,ERR,ERR,ERR,ERR,ERR,ERR,ERR,ERR,ERR,ERR,ERR,ERR,ERR,ERR,ERR,ERR,ERR,ERR,ERR,ERR,ERR,ERR,ERR,ERR,ERR,ERR,ERR,ERR,ERR,ERR,ERR,ERR,ERR,ERR,ERR,ERR,ERR,ERR,ERR,ERR,ERR,ERR,ERR,ERR,ERR,ERR,ERR,ERR,ERR,ERR,ERR,ERR,ERR,ERR,50.0,60.0,100,0.0,0.0,0.0,0.0,0.0,0.0,0.0,0.0,0.0,0.0,0.0,0.0,0.0,0.0,0.0,0.0,62.0,65,19,65521,50,65476,0,300,0,0,8,20529,65476,0,0,26214,60.0,0.0,0.0,0.0,0.0,0.0
2026-05-17T16:06:19,ERR,ERR,ERR,ERR,ERR,ERR,ERR,ERR,ERR,ERR,ERR,ERR,ERR,ERR,ERR,ERR,ERR,ERR,ERR,ERR,ERR,ERR,ERR,ERR,ERR,ERR,ERR,ERR,ERR,ERR,ERR,ERR,ERR,ERR,ERR,ERR,ERR,ERR,ERR,ERR,ERR,ERR,ERR,ERR,ERR,ERR,ERR,ERR,ERR,ERR,ERR,ERR,ERR,ERR,ERR,ERR,ERR,ERR,ERR,ERR,ERR,ERR,ERR,ERR,ERR,ERR,ERR,ERR,ERR,ERR,ERR,ERR,ERR,ERR,ERR,ERR,ERR,ERR,ERR,ERR,ERR,ERR,ERR,ERR,ERR,ERR,ERR,ERR,ERR,ERR,ERR,ERR,ERR,ERR,ERR,ERR,ERR,ERR,ERR,ERR,ERR,ERR,ERR,ERR,ERR,ERR,ERR,ERR,ERR,ERR,ERR,ERR,ERR,ERR,ERR,ERR,ERR,ERR,ERR,ERR,ERR,ERR,ERR,ERR,ERR,0.0,-0.0,-0.0,0.0,0.0,1.3936040501711995e+18,7.805,0.0,0,0,4,0,8422,0.0,45,0.0,0.0,0.0,0.0,0.0,0,0,0,0,0.0,0,0,0,0,0,0,0,0,0,0,0,0,0,0,0,0,0,0,0,0,0,0,0,0,0,0,0,0,0,0,0,0,0,38,14,7,45,65476,0,300,0,0,8,21553,0.0,-107605600.0,0.0,0.0,0.0,0.0,0.0,0.0,0.0,0.0,0.0,0.0,0.0,0.0,0.0,0.0,0.0,0.0,0.0,0.0,0.0,0.0,-2.004,-0.0,2.004,-2.004,0.0,0.0,0.0,0.0,5071.0,0.0,0.0,0.0,-0.0,-107615272.0,2.718429120148166e+23,0.0,0.0,0.0,0.0,53,2.3088403658719416e+20,1.9056862663645594e+17,0.0,0.0,0.0,0.0,0.0,0.0,0.0,0,0,0,0.0,0.0,0.0,0.0,0.0,0.0,0.0,0.0,0.0,0.0,0.0,0.0,0.0,0.0,0.0,0.0,0,-107875648.0,53,0.0,106,-107614832.0,0.0,ERR,ERR,ERR,ERR,ERR,ERR,ERR,ERR,ERR,ERR,ERR,ERR,ERR,ERR,ERR,ERR,ERR,ERR,ERR,ERR,ERR,ERR,ERR,ERR,ERR,ERR,ERR,ERR,ERR,ERR,ERR,ERR,ERR,ERR,ERR,ERR,ERR,ERR,ERR,ERR,ERR,ERR,ERR,ERR,ERR,ERR,ERR,ERR,ERR,ERR,ERR,ERR,ERR,ERR,ERR,ERR,ERR,ERR,ERR,ERR,ERR,ERR,ERR,ERR,ERR,ERR,ERR,50.0,60.0,100,0.0,0.0,0.0,0.0,0.0,0.0,0.0,0.0,0.0,0.0,0.0,0.0,0.0,0.0,0.0,0.0,62.0,65,19,65521,50,65476,0,300,0,0,8,20529,65476,0,0,26214,60.0,0.0,0.0,0.0,0.0,0.0
2026-05-17T16:06:20,ERR,ERR,ERR,ERR,ERR,ERR,ERR,ERR,ERR,ERR,ERR,ERR,ERR,ERR,ERR,ERR,ERR,ERR,ERR,ERR,ERR,ERR,ERR,ERR,ERR,ERR,ERR,ERR,ERR,ERR,ERR,ERR,ERR,ERR,ERR,ERR,ERR,ERR,ERR,ERR,ERR,ERR,ERR,ERR,ERR,ERR,ERR,ERR,ERR,ERR,ERR,ERR,ERR,ERR,ERR,ERR,ERR,ERR,ERR,ERR,ERR,ERR,ERR,ERR,ERR,ERR,ERR,ERR,ERR,ERR,ERR,ERR,ERR,ERR,ERR,ERR,ERR,ERR,ERR,ERR,ERR,ERR,ERR,ERR,ERR,ERR,ERR,ERR,ERR,ERR,ERR,ERR,ERR,ERR,ERR,ERR,ERR,ERR,ERR,ERR,ERR,ERR,ERR,ERR,ERR,ERR,ERR,ERR,ERR,ERR,ERR,ERR,ERR,ERR,ERR,ERR,ERR,ERR,ERR,ERR,ERR,ERR,ERR,ERR,ERR,0.0,-0.0,-0.0,0.0,0.0,1.3936040501711995e+18,7.805,0.0,0,0,4,0,8422,0.0,45,0.0,0.0,0.0,0.0,0.0,0,0,0,0,0.0,0,0,0,0,0,0,0,0,0,0,0,0,0,0,0,0,0,0,0,0,0,0,0,0,0,0,0,0,0,0,0,0,0,38,14,7,45,65476,0,300,0,0,8,21553,0.0,-107605600.0,0.0,0.0,0.0,0.0,0.0,0.0,0.0,0.0,0.0,0.0,0.0,0.0,0.0,0.0,0.0,0.0,0.0,0.0,0.0,0.0,-2.004,-0.0,2.004,-2.004,0.0,0.0,0.0,0.0,5071.0,0.0,0.0,0.0,-0.0,-107615272.0,2.718429120148166e+23,0.0,0.0,0.0,0.0,53,2.3088403658719416e+20,1.9056862663645594e+17,0.0,0.0,0.0,0.0,0.0,0.0,0.0,0,0,0,0.0,0.0,0.0,0.0,0.0,0.0,0.0,0.0,0.0,0.0,0.0,0.0,0.0,0.0,0.0,0.0,0,-107875648.0,53,0.0,106,-107614832.0,0.0,ERR,ERR,ERR,ERR,ERR,ERR,ERR,ERR,ERR,ERR,ERR,ERR,ERR,ERR,ERR,ERR,ERR,ERR,ERR,ERR,ERR,ERR,ERR,ERR,ERR,ERR,ERR,ERR,ERR,ERR,ERR,ERR,ERR,ERR,ERR,ERR,ERR,ERR,ERR,ERR,ERR,ERR,ERR,ERR,ERR,ERR,ERR,ERR,ERR,ERR,ERR,ERR,ERR,ERR,ERR,ERR,ERR,ERR,ERR,ERR,ERR,ERR,ERR,ERR,ERR,ERR,ERR,50.0,60.0,100,0.0,0.0,0.0,0.0,0.0,0.0,0.0,0.0,0.0,0.0,0.0,0.0,0.0,0.0,0.0,0.0,61.6,65,19,65521,50,65476,0,300,0,0,8,20529,65476,0,0,26214,60.0,0.0,0.0,0.0,0.0,0.0
2026-05-17T16:06:21,ERR,ERR,ERR,ERR,ERR,ERR,ERR,ERR,ERR,ERR,ERR,ERR,ERR,ERR,ERR,ERR,ERR,ERR,ERR,ERR,ERR,ERR,ERR,ERR,ERR,ERR,ERR,ERR,ERR,ERR,ERR,ERR,ERR,ERR,ERR,ERR,ERR,ERR,ERR,ERR,ERR,ERR,ERR,ERR,ERR,ERR,ERR,ERR,ERR,ERR,ERR,ERR,ERR,ERR,ERR,ERR,ERR,ERR,ERR,ERR,ERR,ERR,ERR,ERR,ERR,ERR,ERR,ERR,ERR,ERR,ERR,ERR,ERR,ERR,ERR,ERR,ERR,ERR,ERR,ERR,ERR,ERR,ERR,ERR,ERR,ERR,ERR,ERR,ERR,ERR,ERR,ERR,ERR,ERR,ERR,ERR,ERR,ERR,ERR,ERR,ERR,ERR,ERR,ERR,ERR,ERR,ERR,ERR,ERR,ERR,ERR,ERR,ERR,ERR,ERR,ERR,ERR,ERR,ERR,ERR,ERR,ERR,ERR,ERR,ERR,0.0,-0.0,-0.0,0.0,0.0,1.3936040501711995e+18,7.805,0.0,0,0,4,0,8422,0.0,45,0.0,0.0,0.0,0.0,0.0,0,0,0,0,0.0,0,0,0,0,0,0,0,0,0,0,0,0,0,0,0,0,0,0,0,0,0,0,0,0,0,0,0,0,0,0,0,0,0,38,14,7,45,65476,0,300,0,0,8,21553,0.0,-107605600.0,0.0,0.0,0.0,0.0,0.0,0.0,0.0,0.0,0.0,0.0,0.0,0.0,0.0,0.0,0.0,0.0,0.0,0.0,0.0,0.0,-2.004,-0.0,2.004,-2.004,0.0,0.0,0.0,0.0,5071.0,0.0,0.0,0.0,-0.0,-107615272.0,2.718429120148166e+23,0.0,0.0,0.0,0.0,53,2.3088403658719416e+20,1.9056862663645594e+17,0.0,0.0,0.0,0.0,0.0,0.0,0.0,0,0,0,0.0,0.0,0.0,0.0,0.0,0.0,0.0,0.0,0.0,0.0,0.0,0.0,0.0,0.0,0.0,0.0,0,-107875648.0,53,0.0,106,-107614832.0,0.0,ERR,ERR,ERR,ERR,ERR,ERR,ERR,ERR,ERR,ERR,ERR,ERR,ERR,ERR,ERR,ERR,ERR,ERR,ERR,ERR,ERR,ERR,ERR,ERR,ERR,ERR,ERR,ERR,ERR,ERR,ERR,ERR,ERR,ERR,ERR,ERR,ERR,ERR,ERR,ERR,ERR,ERR,ERR,ERR,ERR,ERR,ERR,ERR,ERR,ERR,ERR,ERR,ERR,ERR,ERR,ERR,ERR,ERR,ERR,ERR,ERR,ERR,ERR,ERR,ERR,ERR,ERR,50.0,60.0,100,0.0,0.0,0.0,0.0,0.0,0.0,0.0,0.0,0.0,0.0,0.0,0.0,0.0,0.0,0.0,0.0,61.6,65,19,65521,50,65476,0,300,0,0,8,20529,65476,0,0,26214,60.0,0.0,0.0,0.0,0.0,0.0
2026-05-17T16:06:22,ERR,ERR,ERR,ERR,ERR,ERR,ERR,ERR,ERR,ERR,ERR,ERR,ERR,ERR,ERR,ERR,ERR,ERR,ERR,ERR,ERR,ERR,ERR,ERR,ERR,ERR,ERR,ERR,ERR,ERR,ERR,ERR,ERR,ERR,ERR,ERR,ERR,ERR,ERR,ERR,ERR,ERR,ERR,ERR,ERR,ERR,ERR,ERR,ERR,ERR,ERR,ERR,ERR,ERR,ERR,ERR,ERR,ERR,ERR,ERR,ERR,ERR,ERR,ERR,ERR,ERR,ERR,ERR,ERR,ERR,ERR,ERR,ERR,ERR,ERR,ERR,ERR,ERR,ERR,ERR,ERR,ERR,ERR,ERR,ERR,ERR,ERR,ERR,ERR,ERR,ERR,ERR,ERR,ERR,ERR,ERR,ERR,ERR,ERR,ERR,ERR,ERR,ERR,ERR,ERR,ERR,ERR,ERR,ERR,ERR,ERR,ERR,ERR,ERR,ERR,ERR,ERR,ERR,ERR,ERR,ERR,ERR,ERR,ERR,ERR,0.0,-0.0,-0.0,0.0,0.0,1.3936040501711995e+18,7.805,0.0,0,0,4,0,8422,0.0,45,0.0,0.0,0.0,0.0,0.0,0,0,0,0,0.0,0,0,0,0,0,0,0,0,0,0,0,0,0,0,0,0,0,0,0,0,0,0,0,0,0,0,0,0,0,0,0,0,0,38,14,7,45,65476,0,300,0,0,8,21553,0.0,-107605600.0,0.0,0.0,0.0,0.0,0.0,0.0,0.0,0.0,0.0,0.0,0.0,0.0,0.0,0.0,0.0,0.0,0.0,0.0,0.0,0.0,-2.004,-0.0,2.004,-2.004,0.0,0.0,0.0,0.0,5071.0,0.0,0.0,0.0,-0.0,-107615272.0,2.718429120148166e+23,0.0,0.0,0.0,0.0,53,2.3088403658719416e+20,1.9056862663645594e+17,0.0,0.0,0.0,0.0,0.0,0.0,0.0,0,0,0,0.0,0.0,0.0,0.0,0.0,0.0,0.0,0.0,0.0,0.0,0.0,0.0,0.0,0.0,0.0,0.0,0,-107875648.0,53,0.0,106,-107614832.0,0.0,ERR,ERR,ERR,ERR,ERR,ERR,ERR,ERR,ERR,ERR,ERR,ERR,ERR,ERR,ERR,ERR,ERR,ERR,ERR,ERR,ERR,ERR,ERR,ERR,ERR,ERR,ERR,ERR,ERR,ERR,ERR,ERR,ERR,ERR,ERR,ERR,ERR,ERR,ERR,ERR,ERR,ERR,ERR,ERR,ERR,ERR,ERR,ERR,ERR,ERR,ERR,ERR,ERR,ERR,ERR,ERR,ERR,ERR,ERR,ERR,ERR,ERR,ERR,ERR,ERR,ERR,ERR,50.0,60.0,100,0.0,0.0,0.0,0.0,0.0,0.0,0.0,0.0,0.0,0.0,0.0,0.0,0.0,0.0,0.0,0.0,61.6,65,19,65521,50,65476,0,300,0,0,8,20529,65476,0,0,26214,60.0,0.0,0.0,0.0,0.0,0.0
2026-05-17T16:06:23,ERR,ERR,ERR,ERR,ERR,ERR,ERR,ERR,ERR,ERR,ERR,ERR,ERR,ERR,ERR,ERR,ERR,ERR,ERR,ERR,ERR,ERR,ERR,ERR,ERR,ERR,ERR,ERR,ERR,ERR,ERR,ERR,ERR,ERR,ERR,ERR,ERR,ERR,ERR,ERR,ERR,ERR,ERR,ERR,ERR,ERR,ERR,ERR,ERR,ERR,ERR,ERR,ERR,ERR,ERR,ERR,ERR,ERR,ERR,ERR,ERR,ERR,ERR,ERR,ERR,ERR,ERR,ERR,ERR,ERR,ERR,ERR,ERR,ERR,ERR,ERR,ERR,ERR,ERR,ERR,ERR,ERR,ERR,ERR,ERR,ERR,ERR,ERR,ERR,ERR,ERR,ERR,ERR,ERR,ERR,ERR,ERR,ERR,ERR,ERR,ERR,ERR,ERR,ERR,ERR,ERR,ERR,ERR,ERR,ERR,ERR,ERR,ERR,ERR,ERR,ERR,ERR,ERR,ERR,ERR,ERR,ERR,ERR,ERR,ERR,0.0,-0.0,-0.0,0.0,0.0,1.3936040501711995e+18,7.805,0.0,0,0,4,0,8422,0.0,45,0.0,0.0,0.0,0.0,0.0,0,0,0,0,0.0,0,0,0,0,0,0,0,0,0,0,0,0,0,0,0,0,0,0,0,0,0,0,0,0,0,0,0,0,0,0,0,0,0,38,14,7,45,65476,0,300,0,0,8,21553,0.0,-107605600.0,0.0,0.0,0.0,0.0,0.0,0.0,0.0,0.0,0.0,0.0,0.0,0.0,0.0,0.0,0.0,0.0,0.0,0.0,0.0,0.0,-2.004,-0.0,2.004,-2.004,0.0,0.0,0.0,0.0,5066.0,0.0,0.0,0.0,-0.0,-107615272.0,2.718429120148166e+23,0.0,0.0,0.0,0.0,53,89221.109,126840553472.0,0.0,0.0,0.0,0.0,0.0,0.0,0.0,0,0,0,0.0,0.0,0.0,0.0,0.0,0.0,0.0,0.0,0.0,0.0,0.0,0.0,0.0,0.0,0.0,0.0,0,-107875648.0,53,0.0,106,-107614832.0,0.0,ERR,ERR,ERR,ERR,ERR,ERR,ERR,ERR,ERR,ERR,ERR,ERR,ERR,ERR,ERR,ERR,ERR,ERR,ERR,ERR,ERR,ERR,ERR,ERR,ERR,ERR,ERR,ERR,ERR,ERR,ERR,ERR,ERR,ERR,ERR,ERR,ERR,ERR,ERR,ERR,ERR,ERR,ERR,ERR,ERR,ERR,ERR,ERR,ERR,ERR,ERR,ERR,ERR,ERR,ERR,ERR,ERR,ERR,ERR,ERR,ERR,ERR,ERR,ERR,ERR,ERR,ERR,50.0,60.0,100,0.0,0.0,0.0,0.0,0.0,0.0,0.0,0.0,0.0,0.0,0.0,0.0,0.0,0.0,0.0,0.0,61.6,65,19,65521,50,65476,0,300,0,0,8,20529,65476,0,0,26214,60.0,0.0,0.0,0.0,0.0,0.0
2026-05-17T16:06:24,ERR,ERR,ERR,ERR,ERR,ERR,ERR,ERR,ERR,ERR,ERR,ERR,ERR,ERR,ERR,ERR,ERR,ERR,ERR,ERR,ERR,ERR,ERR,ERR,ERR,ERR,ERR,ERR,ERR,ERR,ERR,ERR,ERR,ERR,ERR,ERR,ERR,ERR,ERR,ERR,ERR,ERR,ERR,ERR,ERR,ERR,ERR,ERR,ERR,ERR,ERR,ERR,ERR,ERR,ERR,ERR,ERR,ERR,ERR,ERR,ERR,ERR,ERR,ERR,ERR,ERR,ERR,ERR,ERR,ERR,ERR,ERR,ERR,ERR,ERR,ERR,ERR,ERR,ERR,ERR,ERR,ERR,ERR,ERR,ERR,ERR,ERR,ERR,ERR,ERR,ERR,ERR,ERR,ERR,ERR,ERR,ERR,ERR,ERR,ERR,ERR,ERR,ERR,ERR,ERR,ERR,ERR,ERR,ERR,ERR,ERR,ERR,ERR,ERR,ERR,ERR,ERR,ERR,ERR,ERR,ERR,ERR,ERR,ERR,ERR,0.0,-0.0,-0.0,0.0,0.0,1.3936040501711995e+18,7.805,0.0,0,0,4,0,8422,0.0,45,0.0,0.0,0.0,0.0,0.0,0,0,0,0,0.0,0,0,0,0,0,0,0,0,0,0,0,0,0,0,0,0,0,0,0,0,0,0,0,0,0,0,0,0,0,0,0,0,0,38,14,7,45,65476,0,300,0,0,8,21553,0.0,-107605600.0,0.0,0.0,0.0,0.0,0.0,0.0,0.0,0.0,0.0,0.0,0.0,0.0,0.0,0.0,0.0,0.0,0.0,0.0,0.0,0.0,-2.004,-0.0,2.004,-2.004,0.0,0.0,0.0,0.0,5066.0,0.0,0.0,0.0,-0.0,-107615272.0,2.718429120148166e+23,0.0,0.0,0.0,0.0,53,89221.109,126840553472.0,0.0,0.0,0.0,0.0,0.0,0.0,0.0,0,0,0,0.0,0.0,0.0,0.0,0.0,0.0,0.0,0.0,0.0,0.0,0.0,0.0,0.0,0.0,0.0,0.0,0,-107875648.0,53,0.0,106,-107614832.0,0.0,ERR,ERR,ERR,ERR,ERR,ERR,ERR,ERR,ERR,ERR,ERR,ERR,ERR,ERR,ERR,ERR,ERR,ERR,ERR,ERR,ERR,ERR,ERR,ERR,ERR,ERR,ERR,ERR,ERR,ERR,ERR,ERR,ERR,ERR,ERR,ERR,ERR,ERR,ERR,ERR,ERR,ERR,ERR,ERR,ERR,ERR,ERR,ERR,ERR,ERR,ERR,ERR,ERR,ERR,ERR,ERR,ERR,ERR,ERR,ERR,ERR,ERR,ERR,ERR,ERR,ERR,ERR,50.0,60.0,100,0.0,0.0,0.0,0.0,0.0,0.0,0.0,0.0,0.0,0.0,0.0,0.0,0.0,0.0,0.0,0.0,61.6,65,19,65521,50,65476,0,300,0,0,8,20529,65476,0,0,26214,60.0,0.0,0.0,0.0,0.0,0.0
2026-05-17T16:06:25,ERR,ERR,ERR,ERR,ERR,ERR,ERR,ERR,ERR,ERR,ERR,ERR,ERR,ERR,ERR,ERR,ERR,ERR,ERR,ERR,ERR,ERR,ERR,ERR,ERR,ERR,ERR,ERR,ERR,ERR,ERR,ERR,ERR,ERR,ERR,ERR,ERR,ERR,ERR,ERR,ERR,ERR,ERR,ERR,ERR,ERR,ERR,ERR,ERR,ERR,ERR,ERR,ERR,ERR,ERR,ERR,ERR,ERR,ERR,ERR,ERR,ERR,ERR,ERR,ERR,ERR,ERR,ERR,ERR,ERR,ERR,ERR,ERR,ERR,ERR,ERR,ERR,ERR,ERR,ERR,ERR,ERR,ERR,ERR,ERR,ERR,ERR,ERR,ERR,ERR,ERR,ERR,ERR,ERR,ERR,ERR,ERR,ERR,ERR,ERR,ERR,ERR,ERR,ERR,ERR,ERR,ERR,ERR,ERR,ERR,ERR,ERR,ERR,ERR,ERR,ERR,ERR,ERR,ERR,ERR,ERR,ERR,ERR,ERR,ERR,0.0,-0.0,-0.0,0.0,0.0,1.3936040501711995e+18,7.805,0.0,0,0,4,0,8422,0.0,45,0.0,0.0,0.0,0.0,0.0,0,0,0,0,0.0,0,0,0,0,0,0,0,0,0,0,0,0,0,0,0,0,0,0,0,0,0,0,0,0,0,0,0,0,0,0,0,0,0,38,14,7,45,65476,0,300,0,0,8,21553,0.0,-107605600.0,0.0,0.0,0.0,0.0,0.0,0.0,0.0,0.0,0.0,0.0,0.0,0.0,0.0,0.0,0.0,0.0,0.0,0.0,0.0,0.0,-2.004,-0.0,2.004,-2.004,0.0,0.0,0.0,0.0,5066.0,0.0,0.0,0.0,-0.0,-107615272.0,2.718429120148166e+23,0.0,0.0,0.0,0.0,53,89221.109,126840553472.0,0.0,0.0,0.0,0.0,0.0,0.0,0.0,0,0,0,0.0,0.0,0.0,0.0,0.0,0.0,0.0,0.0,0.0,0.0,0.0,0.0,0.0,0.0,0.0,0.0,0,-107875648.0,53,0.0,106,-107614832.0,0.0,ERR,ERR,ERR,ERR,ERR,ERR,ERR,ERR,ERR,ERR,ERR,ERR,ERR,ERR,ERR,ERR,ERR,ERR,ERR,ERR,ERR,ERR,ERR,ERR,ERR,ERR,ERR,ERR,ERR,ERR,ERR,ERR,ERR,ERR,ERR,ERR,ERR,ERR,ERR,ERR,ERR,ERR,ERR,ERR,ERR,ERR,ERR,ERR,ERR,ERR,ERR,ERR,ERR,ERR,ERR,ERR,ERR,ERR,ERR,ERR,ERR,ERR,ERR,ERR,ERR,ERR,ERR,50.0,60.0,100,0.0,0.0,0.0,0.0,0.0,0.0,0.0,0.0,0.0,0.0,0.0,0.0,0.0,0.0,0.0,0.0,62.0,65,19,65521,50,65476,0,300,0,0,8,20529,65476,0,0,26214,60.0,0.0,0.0,0.0,0.0,0.0
2026-05-17T16:06:26,ERR,ERR,ERR,ERR,ERR,ERR,ERR,ERR,ERR,ERR,ERR,ERR,ERR,ERR,ERR,ERR,ERR,ERR,ERR,ERR,ERR,ERR,ERR,ERR,ERR,ERR,ERR,ERR,ERR,ERR,ERR,ERR,ERR,ERR,ERR,ERR,ERR,ERR,ERR,ERR,ERR,ERR,ERR,ERR,ERR,ERR,ERR,ERR,ERR,ERR,ERR,ERR,ERR,ERR,ERR,ERR,ERR,ERR,ERR,ERR,ERR,ERR,ERR,ERR,ERR,ERR,ERR,ERR,ERR,ERR,ERR,ERR,ERR,ERR,ERR,ERR,ERR,ERR,ERR,ERR,ERR,ERR,ERR,ERR,ERR,ERR,ERR,ERR,ERR,ERR,ERR,ERR,ERR,ERR,ERR,ERR,ERR,ERR,ERR,ERR,ERR,ERR,ERR,ERR,ERR,ERR,ERR,ERR,ERR,ERR,ERR,ERR,ERR,ERR,ERR,ERR,ERR,ERR,ERR,ERR,ERR,ERR,ERR,ERR,ERR,0.0,-0.0,-0.0,0.0,0.0,1.3936040501711995e+18,7.805,0.0,0,0,4,0,8422,0.0,45,0.0,0.0,0.0,0.0,0.0,0,0,0,0,0.0,0,0,0,0,0,0,0,0,0,0,0,0,0,0,0,0,0,0,0,0,0,0,0,0,0,0,0,0,0,0,0,0,0,38,14,7,45,65476,0,300,0,0,8,21553,0.0,-107605600.0,0.0,0.0,0.0,0.0,0.0,0.0,0.0,0.0,0.0,0.0,0.0,0.0,0.0,0.0,0.0,0.0,0.0,0.0,0.0,0.0,-2.004,-0.0,2.004,-2.004,0.0,0.0,0.0,0.0,5066.0,0.0,0.0,0.0,-0.0,-107615272.0,2.718429120148166e+23,0.0,0.0,0.0,0.0,53,89221.109,126840553472.0,0.0,0.0,0.0,0.0,0.0,0.0,0.0,0,0,0,0.0,0.0,0.0,0.0,0.0,0.0,0.0,0.0,0.0,0.0,0.0,0.0,0.0,0.0,0.0,0.0,0,-107875648.0,53,0.0,106,-107614832.0,0.0,ERR,ERR,ERR,ERR,ERR,ERR,ERR,ERR,ERR,ERR,ERR,ERR,ERR,ERR,ERR,ERR,ERR,ERR,ERR,ERR,ERR,ERR,ERR,ERR,ERR,ERR,ERR,ERR,ERR,ERR,ERR,ERR,ERR,ERR,ERR,ERR,ERR,ERR,ERR,ERR,ERR,ERR,ERR,ERR,ERR,ERR,ERR,ERR,ERR,ERR,ERR,ERR,ERR,ERR,ERR,ERR,ERR,ERR,ERR,ERR,ERR,ERR,ERR,ERR,ERR,ERR,ERR,50.0,60.0,100,0.0,0.0,0.0,0.0,0.0,0.0,0.0,0.0,0.0,0.0,0.0,0.0,0.0,0.0,0.0,0.0,62.0,65,19,65521,50,65476,0,300,0,0,8,20529,65476,0,0,26214,60.0,0.0,0.0,0.0,0.0,0.0
2026-05-17T16:06:27,ERR,ERR,ERR,ERR,ERR,ERR,ERR,ERR,ERR,ERR,ERR,ERR,ERR,ERR,ERR,ERR,ERR,ERR,ERR,ERR,ERR,ERR,ERR,ERR,ERR,ERR,ERR,ERR,ERR,ERR,ERR,ERR,ERR,ERR,ERR,ERR,ERR,ERR,ERR,ERR,ERR,ERR,ERR,ERR,ERR,ERR,ERR,ERR,ERR,ERR,ERR,ERR,ERR,ERR,ERR,ERR,ERR,ERR,ERR,ERR,ERR,ERR,ERR,ERR,ERR,ERR,ERR,ERR,ERR,ERR,ERR,ERR,ERR,ERR,ERR,ERR,ERR,ERR,ERR,ERR,ERR,ERR,ERR,ERR,ERR,ERR,ERR,ERR,ERR,ERR,ERR,ERR,ERR,ERR,ERR,ERR,ERR,ERR,ERR,ERR,ERR,ERR,ERR,ERR,ERR,ERR,ERR,ERR,ERR,ERR,ERR,ERR,ERR,ERR,ERR,ERR,ERR,ERR,ERR,ERR,ERR,ERR,ERR,ERR,ERR,0.0,-0.0,-0.0,0.0,0.0,1.3936040501711995e+18,7.805,0.0,0,0,4,0,8422,0.0,45,0.0,0.0,0.0,0.0,0.0,0,0,0,0,0.0,0,0,0,0,0,0,0,0,0,0,0,0,0,0,0,0,0,0,0,0,0,0,0,0,0,0,0,0,0,0,0,0,0,38,14,7,45,65476,0,300,0,0,8,21553,0.0,-107605600.0,0.0,0.0,0.0,0.0,0.0,0.0,0.0,0.0,0.0,0.0,0.0,0.0,0.0,0.0,0.0,0.0,0.0,0.0,0.0,0.0,-2.004,-0.0,2.004,-2.004,0.0,0.0,0.0,0.0,5066.0,0.0,0.0,0.0,-0.0,-107615272.0,2.718429120148166e+23,0.0,0.0,0.0,0.0,53,89221.109,126840553472.0,0.0,0.0,0.0,0.0,0.0,0.0,0.0,0,0,0,0.0,0.0,0.0,0.0,0.0,0.0,0.0,0.0,0.0,0.0,0.0,0.0,0.0,0.0,0.0,0.0,0,-107875648.0,53,0.0,106,-107614832.0,0.0,ERR,ERR,ERR,ERR,ERR,ERR,ERR,ERR,ERR,ERR,ERR,ERR,ERR,ERR,ERR,ERR,ERR,ERR,ERR,ERR,ERR,ERR,ERR,ERR,ERR,ERR,ERR,ERR,ERR,ERR,ERR,ERR,ERR,ERR,ERR,ERR,ERR,ERR,ERR,ERR,ERR,ERR,ERR,ERR,ERR,ERR,ERR,ERR,ERR,ERR,ERR,ERR,ERR,ERR,ERR,ERR,ERR,ERR,ERR,ERR,ERR,ERR,ERR,ERR,ERR,ERR,ERR,50.0,60.0,100,0.0,0.0,0.0,0.0,0.0,0.0,0.0,0.0,0.0,0.0,0.0,0.0,0.0,0.0,0.0,0.0,61.6,65,19,65521,50,65476,0,300,0,0,8,20529,65476,0,0,26214,60.0,0.0,0.0,0.0,0.0,0.0
2026-05-17T16:06:28,ERR,ERR,ERR,ERR,ERR,ERR,ERR,ERR,ERR,ERR,ERR,ERR,ERR,ERR,ERR,ERR,ERR,ERR,ERR,ERR,ERR,ERR,ERR,ERR,ERR,ERR,ERR,ERR,ERR,ERR,ERR,ERR,ERR,ERR,ERR,ERR,ERR,ERR,ERR,ERR,ERR,ERR,ERR,ERR,ERR,ERR,ERR,ERR,ERR,ERR,ERR,ERR,ERR,ERR,ERR,ERR,ERR,ERR,ERR,ERR,ERR,ERR,ERR,ERR,ERR,ERR,ERR,ERR,ERR,ERR,ERR,ERR,ERR,ERR,ERR,ERR,ERR,ERR,ERR,ERR,ERR,ERR,ERR,ERR,ERR,ERR,ERR,ERR,ERR,ERR,ERR,ERR,ERR,ERR,ERR,ERR,ERR,ERR,ERR,ERR,ERR,ERR,ERR,ERR,ERR,ERR,ERR,ERR,ERR,ERR,ERR,ERR,ERR,ERR,ERR,ERR,ERR,ERR,ERR,ERR,ERR,ERR,ERR,ERR,ERR,0.0,-0.0,-0.0,0.0,0.0,1.3936040501711995e+18,7.805,0.0,0,0,4,0,8422,0.0,45,0.0,0.0,0.0,0.0,0.0,0,0,0,0,0.0,0,0,0,0,0,0,0,0,0,0,0,0,0,0,0,0,0,0,0,0,0,0,0,0,0,0,0,0,0,0,0,0,0,38,14,7,45,65476,0,300,0,0,8,21553,0.0,-107605600.0,0.0,0.0,0.0,0.0,0.0,0.0,0.0,0.0,0.0,0.0,0.0,0.0,0.0,0.0,0.0,0.0,0.0,0.0,0.0,0.0,-2.004,-0.0,2.004,-2.004,0.0,0.0,0.0,0.0,5034.0,0.0,0.0,0.0,-0.0,-107615272.0,2.718429120148166e+23,0.0,0.0,0.0,0.0,53,89221.109,0.0,0.0,0.0,0.0,0.0,0.0,0.0,0.0,0,0,0,0.0,0.0,0.0,0.0,0.0,0.0,0.0,0.0,0.0,0.0,0.0,0.0,0.0,0.0,0.0,0.0,0,-107875648.0,53,0.0,106,-107614832.0,-107350944.0,ERR,ERR,ERR,ERR,ERR,ERR,ERR,ERR,ERR,ERR,ERR,ERR,ERR,ERR,ERR,ERR,ERR,ERR,ERR,ERR,ERR,ERR,ERR,ERR,ERR,ERR,ERR,ERR,ERR,ERR,ERR,ERR,ERR,ERR,ERR,ERR,ERR,ERR,ERR,ERR,ERR,ERR,ERR,ERR,ERR,ERR,ERR,ERR,ERR,ERR,ERR,ERR,ERR,ERR,ERR,ERR,ERR,ERR,ERR,ERR,ERR,ERR,ERR,ERR,ERR,ERR,ERR,50.0,60.0,100,0.0,0.0,0.0,0.0,0.0,0.0,0.0,0.0,0.0,0.0,0.0,0.0,0.0,0.0,0.0,0.0,61.6,65,19,65521,50,65476,0,300,0,0,8,20529,65476,0,0,26214,60.0,0.0,0.0,0.0,0.0,0.0
2026-05-17T16:06:29,ERR,ERR,ERR,ERR,ERR,ERR,ERR,ERR,ERR,ERR,ERR,ERR,ERR,ERR,ERR,ERR,ERR,ERR,ERR,ERR,ERR,ERR,ERR,ERR,ERR,ERR,ERR,ERR,ERR,ERR,ERR,ERR,ERR,ERR,ERR,ERR,ERR,ERR,ERR,ERR,ERR,ERR,ERR,ERR,ERR,ERR,ERR,ERR,ERR,ERR,ERR,ERR,ERR,ERR,ERR,ERR,ERR,ERR,ERR,ERR,ERR,ERR,ERR,ERR,ERR,ERR,ERR,ERR,ERR,ERR,ERR,ERR,ERR,ERR,ERR,ERR,ERR,ERR,ERR,ERR,ERR,ERR,ERR,ERR,ERR,ERR,ERR,ERR,ERR,ERR,ERR,ERR,ERR,ERR,ERR,ERR,ERR,ERR,ERR,ERR,ERR,ERR,ERR,ERR,ERR,ERR,ERR,ERR,ERR,ERR,ERR,ERR,ERR,ERR,ERR,ERR,ERR,ERR,ERR,ERR,ERR,ERR,ERR,ERR,ERR,0.0,-0.0,-0.0,0.0,0.0,1.3936040501711995e+18,7.805,0.0,0,0,4,0,8422,0.0,45,0.0,0.0,0.0,0.0,0.0,0,0,0,0,0.0,0,0,0,0,0,0,0,0,0,0,0,0,0,0,0,0,0,0,0,0,0,0,0,0,0,0,0,0,0,0,0,0,0,38,14,7,45,65476,0,300,0,0,8,21553,0.0,-107605600.0,0.0,0.0,0.0,0.0,0.0,0.0,0.0,0.0,0.0,0.0,0.0,0.0,0.0,0.0,0.0,0.0,0.0,0.0,0.0,0.0,-2.004,-0.0,2.004,-2.004,0.0,0.0,0.0,0.0,5034.0,0.0,0.0,0.0,-0.0,-107615272.0,2.718429120148166e+23,0.0,0.0,0.0,0.0,53,89221.109,0.0,0.0,0.0,0.0,0.0,0.0,0.0,0.0,0,0,0,0.0,0.0,0.0,0.0,0.0,0.0,0.0,0.0,0.0,0.0,0.0,0.0,0.0,0.0,0.0,0.0,0,-107875648.0,53,0.0,106,-107614832.0,-107350944.0,ERR,ERR,ERR,ERR,ERR,ERR,ERR,ERR,ERR,ERR,ERR,ERR,ERR,ERR,ERR,ERR,ERR,ERR,ERR,ERR,ERR,ERR,ERR,ERR,ERR,ERR,ERR,ERR,ERR,ERR,ERR,ERR,ERR,ERR,ERR,ERR,ERR,ERR,ERR,ERR,ERR,ERR,ERR,ERR,ERR,ERR,ERR,ERR,ERR,ERR,ERR,ERR,ERR,ERR,ERR,ERR,ERR,ERR,ERR,ERR,ERR,ERR,ERR,ERR,ERR,ERR,ERR,50.0,60.0,100,0.0,0.0,0.0,0.0,0.0,0.0,0.0,0.0,0.0,0.0,0.0,0.0,0.0,0.0,0.0,0.0,61.6,65,19,65521,50,65476,0,300,0,0,8,20529,65476,0,0,26214,60.0,0.0,0.0,0.0,0.0,0.0
2026-05-17T16:06:30,ERR,ERR,ERR,ERR,ERR,ERR,ERR,ERR,ERR,ERR,ERR,ERR,ERR,ERR,ERR,ERR,ERR,ERR,ERR,ERR,ERR,ERR,ERR,ERR,ERR,ERR,ERR,ERR,ERR,ERR,ERR,ERR,ERR,ERR,ERR,ERR,ERR,ERR,ERR,ERR,ERR,ERR,ERR,ERR,ERR,ERR,ERR,ERR,ERR,ERR,ERR,ERR,ERR,ERR,ERR,ERR,ERR,ERR,ERR,ERR,ERR,ERR,ERR,ERR,ERR,ERR,ERR,ERR,ERR,ERR,ERR,ERR,ERR,ERR,ERR,ERR,ERR,ERR,ERR,ERR,ERR,ERR,ERR,ERR,ERR,ERR,ERR,ERR,ERR,ERR,ERR,ERR,ERR,ERR,ERR,ERR,ERR,ERR,ERR,ERR,ERR,ERR,ERR,ERR,ERR,ERR,ERR,ERR,ERR,ERR,ERR,ERR,ERR,ERR,ERR,ERR,ERR,ERR,ERR,ERR,ERR,ERR,ERR,ERR,ERR,0.0,-0.0,-0.0,0.0,0.0,1.3936040501711995e+18,7.805,0.0,0,0,4,0,8422,0.0,45,0.0,0.0,0.0,0.0,0.0,0,0,0,0,0.0,0,0,0,0,0,0,0,0,0,0,0,0,0,0,0,0,0,0,0,0,0,0,0,0,0,0,0,0,0,0,0,0,0,38,14,7,45,65476,0,300,0,0,8,21553,0.0,-107605600.0,0.0,0.0,0.0,0.0,0.0,0.0,0.0,0.0,0.0,0.0,0.0,0.0,0.0,0.0,0.0,0.0,0.0,0.0,0.0,0.0,-2.004,-0.0,2.004,-2.004,0.0,0.0,0.0,0.0,5034.0,0.0,0.0,0.0,-0.0,-107615272.0,2.718429120148166e+23,0.0,0.0,0.0,0.0,53,89221.109,0.0,0.0,0.0,0.0,0.0,0.0,0.0,0.0,0,0,0,0.0,0.0,0.0,0.0,0.0,0.0,0.0,0.0,0.0,0.0,0.0,0.0,0.0,0.0,0.0,0.0,0,-107875648.0,53,0.0,106,-107614832.0,-107350944.0,ERR,ERR,ERR,ERR,ERR,ERR,ERR,ERR,ERR,ERR,ERR,ERR,ERR,ERR,ERR,ERR,ERR,ERR,ERR,ERR,ERR,ERR,ERR,ERR,ERR,ERR,ERR,ERR,ERR,ERR,ERR,ERR,ERR,ERR,ERR,ERR,ERR,ERR,ERR,ERR,ERR,ERR,ERR,ERR,ERR,ERR,ERR,ERR,ERR,ERR,ERR,ERR,ERR,ERR,ERR,ERR,ERR,ERR,ERR,ERR,ERR,ERR,ERR,ERR,ERR,ERR,ERR,50.0,60.0,100,0.0,0.0,0.0,0.0,0.0,0.0,0.0,0.0,0.0,0.0,0.0,0.0,0.0,0.0,0.0,0.0,61.6,65,19,65521,50,65476,0,300,0,0,8,20529,65476,0,0,26214,60.0,0.0,0.0,0.0,0.0,0.0
2026-05-17T16:06:31,ERR,ERR,ERR,ERR,ERR,ERR,ERR,ERR,ERR,ERR,ERR,ERR,ERR,ERR,ERR,ERR,ERR,ERR,ERR,ERR,ERR,ERR,ERR,ERR,ERR,ERR,ERR,ERR,ERR,ERR,ERR,ERR,ERR,ERR,ERR,ERR,ERR,ERR,ERR,ERR,ERR,ERR,ERR,ERR,ERR,ERR,ERR,ERR,ERR,ERR,ERR,ERR,ERR,ERR,ERR,ERR,ERR,ERR,ERR,ERR,ERR,ERR,ERR,ERR,ERR,ERR,ERR,ERR,ERR,ERR,ERR,ERR,ERR,ERR,ERR,ERR,ERR,ERR,ERR,ERR,ERR,ERR,ERR,ERR,ERR,ERR,ERR,ERR,ERR,ERR,ERR,ERR,ERR,ERR,ERR,ERR,ERR,ERR,ERR,ERR,ERR,ERR,ERR,ERR,ERR,ERR,ERR,ERR,ERR,ERR,ERR,ERR,ERR,ERR,ERR,ERR,ERR,ERR,ERR,ERR,ERR,ERR,ERR,ERR,ERR,0.0,-0.0,-0.0,0.0,0.0,1.3936040501711995e+18,7.805,0.0,0,0,4,0,8422,0.0,45,0.0,0.0,0.0,0.0,0.0,0,0,0,0,0.0,0,0,0,0,0,0,0,0,0,0,0,0,0,0,0,0,0,0,0,0,0,0,0,0,0,0,0,0,0,0,0,0,0,38,14,7,45,65476,0,300,0,0,8,21553,0.0,-107605600.0,0.0,0.0,0.0,0.0,0.0,0.0,0.0,0.0,0.0,0.0,0.0,0.0,0.0,0.0,0.0,0.0,0.0,0.0,0.0,0.0,-2.004,-0.0,2.004,-2.004,0.0,0.0,0.0,0.0,5034.0,0.0,0.0,0.0,-0.0,-107615272.0,2.718429120148166e+23,0.0,0.0,0.0,0.0,53,89221.109,0.0,0.0,0.0,0.0,0.0,0.0,0.0,0.0,0,0,0,0.0,0.0,0.0,0.0,0.0,0.0,0.0,0.0,0.0,0.0,0.0,0.0,0.0,0.0,0.0,0.0,0,-107875648.0,53,0.0,106,-107614832.0,-107350944.0,ERR,ERR,ERR,ERR,ERR,ERR,ERR,ERR,ERR,ERR,ERR,ERR,ERR,ERR,ERR,ERR,ERR,ERR,ERR,ERR,ERR,ERR,ERR,ERR,ERR,ERR,ERR,ERR,ERR,ERR,ERR,ERR,ERR,ERR,ERR,ERR,ERR,ERR,ERR,ERR,ERR,ERR,ERR,ERR,ERR,ERR,ERR,ERR,ERR,ERR,ERR,ERR,ERR,ERR,ERR,ERR,ERR,ERR,ERR,ERR,ERR,ERR,ERR,ERR,ERR,ERR,ERR,50.0,60.0,100,0.0,0.0,0.0,0.0,0.0,0.0,0.0,0.0,0.0,0.0,0.0,0.0,0.0,0.0,0.0,0.0,61.6,65,19,65521,50,65476,0,300,0,0,8,20529,65476,0,0,26214,60.0,0.0,0.0,0.0,0.0,0.0
2026-05-17T16:06:32,ERR,ERR,ERR,ERR,ERR,ERR,ERR,ERR,ERR,ERR,ERR,ERR,ERR,ERR,ERR,ERR,ERR,ERR,ERR,ERR,ERR,ERR,ERR,ERR,ERR,ERR,ERR,ERR,ERR,ERR,ERR,ERR,ERR,ERR,ERR,ERR,ERR,ERR,ERR,ERR,ERR,ERR,ERR,ERR,ERR,ERR,ERR,ERR,ERR,ERR,ERR,ERR,ERR,ERR,ERR,ERR,ERR,ERR,ERR,ERR,ERR,ERR,ERR,ERR,ERR,ERR,ERR,ERR,ERR,ERR,ERR,ERR,ERR,ERR,ERR,ERR,ERR,ERR,ERR,ERR,ERR,ERR,ERR,ERR,ERR,ERR,ERR,ERR,ERR,ERR,ERR,ERR,ERR,ERR,ERR,ERR,ERR,ERR,ERR,ERR,ERR,ERR,ERR,ERR,ERR,ERR,ERR,ERR,ERR,ERR,ERR,ERR,ERR,ERR,ERR,ERR,ERR,ERR,ERR,ERR,ERR,ERR,ERR,ERR,ERR,0.0,-0.0,-0.0,0.0,0.0,1.3936040501711995e+18,7.805,0.0,0,0,4,0,8422,0.0,45,0.0,0.0,0.0,0.0,0.0,0,0,0,0,0.0,0,0,0,0,0,0,0,0,0,0,0,0,0,0,0,0,0,0,0,0,0,0,0,0,0,0,0,0,0,0,0,0,0,38,14,7,45,65476,0,300,0,0,8,21553,0.0,-107605600.0,0.0,0.0,0.0,0.0,0.0,0.0,0.0,0.0,0.0,0.0,0.0,0.0,0.0,0.0,0.0,0.0,0.0,0.0,0.0,0.0,-2.004,-0.0,2.004,-2.004,0.0,0.0,0.0,0.0,5034.0,0.0,0.0,0.0,-0.0,-107615272.0,2.718429120148166e+23,0.0,0.0,0.0,0.0,53,89221.109,0.0,0.0,0.0,0.0,0.0,0.0,0.0,0.0,0,0,0,0.0,0.0,0.0,0.0,0.0,0.0,0.0,0.0,0.0,0.0,0.0,0.0,0.0,0.0,0.0,0.0,0,-107875648.0,53,0.0,106,-107614832.0,-107350944.0,ERR,ERR,ERR,ERR,ERR,ERR,ERR,ERR,ERR,ERR,ERR,ERR,ERR,ERR,ERR,ERR,ERR,ERR,ERR,ERR,ERR,ERR,ERR,ERR,ERR,ERR,ERR,ERR,ERR,ERR,ERR,ERR,ERR,ERR,ERR,ERR,ERR,ERR,ERR,ERR,ERR,ERR,ERR,ERR,ERR,ERR,ERR,ERR,ERR,ERR,ERR,ERR,ERR,ERR,ERR,ERR,ERR,ERR,ERR,ERR,ERR,ERR,ERR,ERR,ERR,ERR,ERR,50.0,60.0,100,0.0,0.0,0.0,0.0,0.0,0.0,0.0,0.0,0.0,0.0,0.0,0.0,0.0,0.0,0.0,0.0,62.0,65,19,65521,50,65476,0,300,0,0,8,20529,65476,0,0,26214,60.0,0.0,0.0,0.0,0.0,0.0
2026-05-17T16:06:33,ERR,ERR,ERR,ERR,ERR,ERR,ERR,ERR,ERR,ERR,ERR,ERR,ERR,ERR,ERR,ERR,ERR,ERR,ERR,ERR,ERR,ERR,ERR,ERR,ERR,ERR,ERR,ERR,ERR,ERR,ERR,ERR,ERR,ERR,ERR,ERR,ERR,ERR,ERR,ERR,ERR,ERR,ERR,ERR,ERR,ERR,ERR,ERR,ERR,ERR,ERR,ERR,ERR,ERR,ERR,ERR,ERR,ERR,ERR,ERR,ERR,ERR,ERR,ERR,ERR,ERR,ERR,ERR,ERR,ERR,ERR,ERR,ERR,ERR,ERR,ERR,ERR,ERR,ERR,ERR,ERR,ERR,ERR,ERR,ERR,ERR,ERR,ERR,ERR,ERR,ERR,ERR,ERR,ERR,ERR,ERR,ERR,ERR,ERR,ERR,ERR,ERR,ERR,ERR,ERR,ERR,ERR,ERR,ERR,ERR,ERR,ERR,ERR,ERR,ERR,ERR,ERR,ERR,ERR,ERR,ERR,ERR,ERR,ERR,ERR,0.0,-0.0,-0.0,0.0,0.0,1.3936040501711995e+18,7.805,0.0,0,0,4,0,8422,0.0,45,0.0,0.0,0.0,0.0,0.0,0,0,0,0,0.0,0,0,0,0,0,0,0,0,0,0,0,0,0,0,0,0,0,0,0,0,0,0,0,0,0,0,0,0,0,0,0,0,0,38,14,7,45,65476,0,300,0,0,8,21553,0.0,-107605600.0,0.0,0.0,0.0,0.0,0.0,0.0,0.0,0.0,0.0,0.0,0.0,0.0,0.0,0.0,0.0,0.0,0.0,0.0,0.0,0.0,-2.004,-0.0,2.004,-2.004,0.0,0.0,0.0,0.0,5001.0,0.0,0.0,0.0,-0.0,-107615272.0,2.718429120148166e+23,0.0,0.0,0.0,0.0,53,126841110528.0,-0.0,0.0,0.0,0.0,0.0,0.0,0.0,0.0,0,0,0,0.0,0.0,0.0,0.0,0.0,0.0,0.0,0.0,0.0,0.0,0.0,0.0,0.0,0.0,0.0,0.0,0,-107875648.0,53,0.0,106,-107614832.0,0.0,ERR,ERR,ERR,ERR,ERR,ERR,ERR,ERR,ERR,ERR,ERR,ERR,ERR,ERR,ERR,ERR,ERR,ERR,ERR,ERR,ERR,ERR,ERR,ERR,ERR,ERR,ERR,ERR,ERR,ERR,ERR,ERR,ERR,ERR,ERR,ERR,ERR,ERR,ERR,ERR,ERR,ERR,ERR,ERR,ERR,ERR,ERR,ERR,ERR,ERR,ERR,ERR,ERR,ERR,ERR,ERR,ERR,ERR,ERR,ERR,ERR,ERR,ERR,ERR,ERR,ERR,ERR,50.0,60.0,100,0.0,0.0,0.0,0.0,0.0,0.0,0.0,0.0,0.0,0.0,0.0,0.0,0.0,0.0,0.0,0.0,62.0,65,19,65521,50,65476,0,300,0,0,8,20529,65476,0,0,26214,60.0,0.0,0.0,0.0,0.0,0.0
2026-05-17T16:06:34,ERR,ERR,ERR,ERR,ERR,ERR,ERR,ERR,ERR,ERR,ERR,ERR,ERR,ERR,ERR,ERR,ERR,ERR,ERR,ERR,ERR,ERR,ERR,ERR,ERR,ERR,ERR,ERR,ERR,ERR,ERR,ERR,ERR,ERR,ERR,ERR,ERR,ERR,ERR,ERR,ERR,ERR,ERR,ERR,ERR,ERR,ERR,ERR,ERR,ERR,ERR,ERR,ERR,ERR,ERR,ERR,ERR,ERR,ERR,ERR,ERR,ERR,ERR,ERR,ERR,ERR,ERR,ERR,ERR,ERR,ERR,ERR,ERR,ERR,ERR,ERR,ERR,ERR,ERR,ERR,ERR,ERR,ERR,ERR,ERR,ERR,ERR,ERR,ERR,ERR,ERR,ERR,ERR,ERR,ERR,ERR,ERR,ERR,ERR,ERR,ERR,ERR,ERR,ERR,ERR,ERR,ERR,ERR,ERR,ERR,ERR,ERR,ERR,ERR,ERR,ERR,ERR,ERR,ERR,ERR,ERR,ERR,ERR,ERR,ERR,0.0,-0.0,-0.0,0.0,0.0,1.3936040501711995e+18,7.805,0.0,0,0,4,0,8422,0.0,45,0.0,0.0,0.0,0.0,0.0,0,0,0,0,0.0,0,0,0,0,0,0,0,0,0,0,0,0,0,0,0,0,0,0,0,0,0,0,0,0,0,0,0,0,0,0,0,0,0,38,14,7,45,65476,0,300,0,0,8,21553,0.0,-107605600.0,0.0,0.0,0.0,0.0,0.0,0.0,0.0,0.0,0.0,0.0,0.0,0.0,0.0,0.0,0.0,0.0,0.0,0.0,0.0,0.0,-2.004,-0.0,2.004,-2.004,0.0,0.0,0.0,0.0,5001.0,0.0,0.0,0.0,-0.0,-107615272.0,2.718429120148166e+23,0.0,0.0,0.0,0.0,53,126841110528.0,-0.0,0.0,0.0,0.0,0.0,0.0,0.0,0.0,0,0,0,0.0,0.0,0.0,0.0,0.0,0.0,0.0,0.0,0.0,0.0,0.0,0.0,0.0,0.0,0.0,0.0,0,-107875648.0,53,0.0,106,-107614832.0,0.0,ERR,ERR,ERR,ERR,ERR,ERR,ERR,ERR,ERR,ERR,ERR,ERR,ERR,ERR,ERR,ERR,ERR,ERR,ERR,ERR,ERR,ERR,ERR,ERR,ERR,ERR,ERR,ERR,ERR,ERR,ERR,ERR,ERR,ERR,ERR,ERR,ERR,ERR,ERR,ERR,ERR,ERR,ERR,ERR,ERR,ERR,ERR,ERR,ERR,ERR,ERR,ERR,ERR,ERR,ERR,ERR,ERR,ERR,ERR,ERR,ERR,ERR,ERR,ERR,ERR,ERR,ERR,50.0,60.0,100,0.0,0.0,0.0,0.0,0.0,0.0,0.0,0.0,0.0,0.0,0.0,0.0,0.0,0.0,0.0,0.0,62.0,65,19,65521,50,65476,0,300,0,0,8,20529,65476,0,0,26214,60.0,0.0,0.0,0.0,0.0,0.0
2026-05-17T16:06:35,ERR,ERR,ERR,ERR,ERR,ERR,ERR,ERR,ERR,ERR,ERR,ERR,ERR,ERR,ERR,ERR,ERR,ERR,ERR,ERR,ERR,ERR,ERR,ERR,ERR,ERR,ERR,ERR,ERR,ERR,ERR,ERR,ERR,ERR,ERR,ERR,ERR,ERR,ERR,ERR,ERR,ERR,ERR,ERR,ERR,ERR,ERR,ERR,ERR,ERR,ERR,ERR,ERR,ERR,ERR,ERR,ERR,ERR,ERR,ERR,ERR,ERR,ERR,ERR,ERR,ERR,ERR,ERR,ERR,ERR,ERR,ERR,ERR,ERR,ERR,ERR,ERR,ERR,ERR,ERR,ERR,ERR,ERR,ERR,ERR,ERR,ERR,ERR,ERR,ERR,ERR,ERR,ERR,ERR,ERR,ERR,ERR,ERR,ERR,ERR,ERR,ERR,ERR,ERR,ERR,ERR,ERR,ERR,ERR,ERR,ERR,ERR,ERR,ERR,ERR,ERR,ERR,ERR,ERR,ERR,ERR,ERR,ERR,ERR,ERR,0.0,-0.0,-0.0,0.0,0.0,1.3936040501711995e+18,7.805,0.0,0,0,4,0,8422,0.0,45,0.0,0.0,0.0,0.0,0.0,0,0,0,0,0.0,0,0,0,0,0,0,0,0,0,0,0,0,0,0,0,0,0,0,0,0,0,0,0,0,0,0,0,0,0,0,0,0,0,38,14,7,45,65476,0,300,0,0,8,21553,0.0,-107605600.0,0.0,0.0,0.0,0.0,0.0,0.0,0.0,0.0,0.0,0.0,0.0,0.0,0.0,0.0,0.0,0.0,0.0,0.0,0.0,0.0,-2.004,-0.0,2.004,-2.004,0.0,0.0,0.0,0.0,5001.0,0.0,0.0,0.0,-0.0,-107615272.0,2.718429120148166e+23,0.0,0.0,0.0,0.0,53,126841110528.0,-0.0,0.0,0.0,0.0,0.0,0.0,0.0,0.0,0,0,0,0.0,0.0,0.0,0.0,0.0,0.0,0.0,0.0,0.0,0.0,0.0,0.0,0.0,0.0,0.0,0.0,0,-107875648.0,53,0.0,106,-107614832.0,0.0,ERR,ERR,ERR,ERR,ERR,ERR,ERR,ERR,ERR,ERR,ERR,ERR,ERR,ERR,ERR,ERR,ERR,ERR,ERR,ERR,ERR,ERR,ERR,ERR,ERR,ERR,ERR,ERR,ERR,ERR,ERR,ERR,ERR,ERR,ERR,ERR,ERR,ERR,ERR,ERR,ERR,ERR,ERR,ERR,ERR,ERR,ERR,ERR,ERR,ERR,ERR,ERR,ERR,ERR,ERR,ERR,ERR,ERR,ERR,ERR,ERR,ERR,ERR,ERR,ERR,ERR,ERR,50.0,60.0,100,0.0,0.0,0.0,0.0,0.0,0.0,0.0,0.0,0.0,0.0,0.0,0.0,0.0,0.0,0.0,0.0,62.0,65,19,65521,50,65476,0,300,0,0,8,20529,65476,0,0,26214,60.0,0.0,0.0,0.0,0.0,0.0
2026-05-17T16:06:36,ERR,ERR,ERR,ERR,ERR,ERR,ERR,ERR,ERR,ERR,ERR,ERR,ERR,ERR,ERR,ERR,ERR,ERR,ERR,ERR,ERR,ERR,ERR,ERR,ERR,ERR,ERR,ERR,ERR,ERR,ERR,ERR,ERR,ERR,ERR,ERR,ERR,ERR,ERR,ERR,ERR,ERR,ERR,ERR,ERR,ERR,ERR,ERR,ERR,ERR,ERR,ERR,ERR,ERR,ERR,ERR,ERR,ERR,ERR,ERR,ERR,ERR,ERR,ERR,ERR,ERR,ERR,ERR,ERR,ERR,ERR,ERR,ERR,ERR,ERR,ERR,ERR,ERR,ERR,ERR,ERR,ERR,ERR,ERR,ERR,ERR,ERR,ERR,ERR,ERR,ERR,ERR,ERR,ERR,ERR,ERR,ERR,ERR,ERR,ERR,ERR,ERR,ERR,ERR,ERR,ERR,ERR,ERR,ERR,ERR,ERR,ERR,ERR,ERR,ERR,ERR,ERR,ERR,ERR,ERR,ERR,ERR,ERR,ERR,ERR,0.0,-0.0,-0.0,0.0,0.0,1.3936040501711995e+18,7.805,0.0,0,0,4,0,8422,0.0,45,0.0,0.0,0.0,0.0,0.0,0,0,0,0,0.0,0,0,0,0,0,0,0,0,0,0,0,0,0,0,0,0,0,0,0,0,0,0,0,0,0,0,0,0,0,0,0,0,0,38,14,7,45,65476,0,300,0,0,8,21553,0.0,-107605600.0,0.0,0.0,0.0,0.0,0.0,0.0,0.0,0.0,0.0,0.0,0.0,0.0,0.0,0.0,0.0,0.0,0.0,0.0,0.0,0.0,-2.004,-0.0,2.004,-2.004,0.0,0.0,0.0,0.0,5001.0,0.0,0.0,0.0,-0.0,-107615272.0,2.718429120148166e+23,0.0,0.0,0.0,0.0,53,126841110528.0,-0.0,0.0,0.0,0.0,0.0,0.0,0.0,0.0,0,0,0,0.0,0.0,0.0,0.0,0.0,0.0,0.0,0.0,0.0,0.0,0.0,0.0,0.0,0.0,0.0,0.0,0,-107875648.0,53,0.0,106,-107614832.0,0.0,ERR,ERR,ERR,ERR,ERR,ERR,ERR,ERR,ERR,ERR,ERR,ERR,ERR,ERR,ERR,ERR,ERR,ERR,ERR,ERR,ERR,ERR,ERR,ERR,ERR,ERR,ERR,ERR,ERR,ERR,ERR,ERR,ERR,ERR,ERR,ERR,ERR,ERR,ERR,ERR,ERR,ERR,ERR,ERR,ERR,ERR,ERR,ERR,ERR,ERR,ERR,ERR,ERR,ERR,ERR,ERR,ERR,ERR,ERR,ERR,ERR,ERR,ERR,ERR,ERR,ERR,ERR,50.0,60.0,100,0.0,0.0,0.0,0.0,0.0,0.0,0.0,0.0,0.0,0.0,0.0,0.0,0.0,0.0,0.0,0.0,62.0,65,19,65521,50,65476,0,300,0,0,8,20529,65476,0,0,26214,60.0,0.0,0.0,0.0,0.0,0.0
2026-05-17T16:06:37,ERR,ERR,ERR,ERR,ERR,ERR,ERR,ERR,ERR,ERR,ERR,ERR,ERR,ERR,ERR,ERR,ERR,ERR,ERR,ERR,ERR,ERR,ERR,ERR,ERR,ERR,ERR,ERR,ERR,ERR,ERR,ERR,ERR,ERR,ERR,ERR,ERR,ERR,ERR,ERR,ERR,ERR,ERR,ERR,ERR,ERR,ERR,ERR,ERR,ERR,ERR,ERR,ERR,ERR,ERR,ERR,ERR,ERR,ERR,ERR,ERR,ERR,ERR,ERR,ERR,ERR,ERR,ERR,ERR,ERR,ERR,ERR,ERR,ERR,ERR,ERR,ERR,ERR,ERR,ERR,ERR,ERR,ERR,ERR,ERR,ERR,ERR,ERR,ERR,ERR,ERR,ERR,ERR,ERR,ERR,ERR,ERR,ERR,ERR,ERR,ERR,ERR,ERR,ERR,ERR,ERR,ERR,ERR,ERR,ERR,ERR,ERR,ERR,ERR,ERR,ERR,ERR,ERR,ERR,ERR,ERR,ERR,ERR,ERR,ERR,0.0,-0.0,-0.0,0.0,0.0,1.3936040501711995e+18,7.805,0.0,0,0,4,0,8422,0.0,45,0.0,0.0,0.0,0.0,0.0,0,0,0,0,0.0,0,0,0,0,0,0,0,0,0,0,0,0,0,0,0,0,0,0,0,0,0,0,0,0,0,0,0,0,0,0,0,0,0,38,14,7,45,65476,0,300,0,0,8,21553,0.0,-107605600.0,0.0,0.0,0.0,0.0,0.0,0.0,0.0,0.0,0.0,0.0,0.0,0.0,0.0,0.0,0.0,0.0,0.0,0.0,0.0,0.0,-2.004,-0.0,2.004,-2.004,0.0,0.0,0.0,0.0,5001.0,0.0,0.0,0.0,-0.0,-107615272.0,2.718429120148166e+23,0.0,0.0,0.0,0.0,53,126841110528.0,-0.0,0.0,0.0,0.0,0.0,0.0,0.0,0.0,0,0,0,0.0,0.0,0.0,0.0,0.0,0.0,0.0,0.0,0.0,0.0,0.0,0.0,0.0,0.0,0.0,0.0,0,-107875648.0,53,0.0,106,-107614832.0,0.0,ERR,ERR,ERR,ERR,ERR,ERR,ERR,ERR,ERR,ERR,ERR,ERR,ERR,ERR,ERR,ERR,ERR,ERR,ERR,ERR,ERR,ERR,ERR,ERR,ERR,ERR,ERR,ERR,ERR,ERR,ERR,ERR,ERR,ERR,ERR,ERR,ERR,ERR,ERR,ERR,ERR,ERR,ERR,ERR,ERR,ERR,ERR,ERR,ERR,ERR,ERR,ERR,ERR,ERR,ERR,ERR,ERR,ERR,ERR,ERR,ERR,ERR,ERR,ERR,ERR,ERR,ERR,50.0,60.0,100,0.0,0.0,0.0,0.0,0.0,0.0,0.0,0.0,0.0,0.0,0.0,0.0,0.0,0.0,0.0,0.0,62.0,65,19,65521,50,65476,0,300,0,0,8,20529,65476,0,0,26214,60.0,0.0,0.0,0.0,0.0,0.0
2026-05-17T16:06:38,ERR,ERR,ERR,ERR,ERR,ERR,ERR,ERR,ERR,ERR,ERR,ERR,ERR,ERR,ERR,ERR,ERR,ERR,ERR,ERR,ERR,ERR,ERR,ERR,ERR,ERR,ERR,ERR,ERR,ERR,ERR,ERR,ERR,ERR,ERR,ERR,ERR,ERR,ERR,ERR,ERR,ERR,ERR,ERR,ERR,ERR,ERR,ERR,ERR,ERR,ERR,ERR,ERR,ERR,ERR,ERR,ERR,ERR,ERR,ERR,ERR,ERR,ERR,ERR,ERR,ERR,ERR,ERR,ERR,ERR,ERR,ERR,ERR,ERR,ERR,ERR,ERR,ERR,ERR,ERR,ERR,ERR,ERR,ERR,ERR,ERR,ERR,ERR,ERR,ERR,ERR,ERR,ERR,ERR,ERR,ERR,ERR,ERR,ERR,ERR,ERR,ERR,ERR,ERR,ERR,ERR,ERR,ERR,ERR,ERR,ERR,ERR,ERR,ERR,ERR,ERR,ERR,ERR,ERR,ERR,ERR,ERR,ERR,ERR,ERR,0.0,-0.0,-0.0,0.0,0.0,1.3936040501711995e+18,7.805,0.0,0,0,4,0,8422,0.0,45,0.0,0.0,0.0,0.0,0.0,0,0,0,0,0.0,0,0,0,0,0,0,0,0,0,0,0,0,0,0,0,0,0,0,0,0,0,0,0,0,0,0,0,0,0,0,0,0,0,38,14,7,45,65476,0,300,0,0,8,21553,0.0,-107605600.0,0.0,0.0,0.0,0.0,0.0,0.0,0.0,0.0,0.0,0.0,0.0,0.0,0.0,0.0,0.0,0.0,0.0,0.0,0.0,0.0,-2.004,-0.0,2.004,-2.004,0.0,0.0,0.0,0.0,5003.0,0.0,0.0,0.0,-0.0,-107615272.0,2.718429120148166e+23,0.0,0.0,0.0,0.0,53,152018454839296.0,0.0,0.0,0.0,0.0,0.0,0.0,0.0,0.0,0,0,0,0.0,0.0,0.0,0.0,0.0,0.0,0.0,0.0,0.0,0.0,0.0,0.0,0.0,0.0,0.0,0.0,0,-107875648.0,53,0.0,106,-107614832.0,0.0,ERR,ERR,ERR,ERR,ERR,ERR,ERR,ERR,ERR,ERR,ERR,ERR,ERR,ERR,ERR,ERR,ERR,ERR,ERR,ERR,ERR,ERR,ERR,ERR,ERR,ERR,ERR,ERR,ERR,ERR,ERR,ERR,ERR,ERR,ERR,ERR,ERR,ERR,ERR,ERR,ERR,ERR,ERR,ERR,ERR,ERR,ERR,ERR,ERR,ERR,ERR,ERR,ERR,ERR,ERR,ERR,ERR,ERR,ERR,ERR,ERR,ERR,ERR,ERR,ERR,ERR,ERR,50.0,60.0,100,0.0,0.0,0.0,0.0,0.0,0.0,0.0,0.0,0.0,0.0,0.0,0.0,0.0,0.0,0.0,0.0,62.0,65,19,65521,50,65476,0,300,0,0,8,20529,65476,0,0,26214,60.0,0.0,0.0,0.0,0.0,0.0
2026-05-17T16:06:39,ERR,ERR,ERR,ERR,ERR,ERR,ERR,ERR,ERR,ERR,ERR,ERR,ERR,ERR,ERR,ERR,ERR,ERR,ERR,ERR,ERR,ERR,ERR,ERR,ERR,ERR,ERR,ERR,ERR,ERR,ERR,ERR,ERR,ERR,ERR,ERR,ERR,ERR,ERR,ERR,ERR,ERR,ERR,ERR,ERR,ERR,ERR,ERR,ERR,ERR,ERR,ERR,ERR,ERR,ERR,ERR,ERR,ERR,ERR,ERR,ERR,ERR,ERR,ERR,ERR,ERR,ERR,ERR,ERR,ERR,ERR,ERR,ERR,ERR,ERR,ERR,ERR,ERR,ERR,ERR,ERR,ERR,ERR,ERR,ERR,ERR,ERR,ERR,ERR,ERR,ERR,ERR,ERR,ERR,ERR,ERR,ERR,ERR,ERR,ERR,ERR,ERR,ERR,ERR,ERR,ERR,ERR,ERR,ERR,ERR,ERR,ERR,ERR,ERR,ERR,ERR,ERR,ERR,ERR,ERR,ERR,ERR,ERR,ERR,ERR,0.0,-0.0,-0.0,0.0,0.0,1.3936040501711995e+18,7.805,0.0,0,0,4,0,8422,0.0,45,0.0,0.0,0.0,0.0,0.0,0,0,0,0,0.0,0,0,0,0,0,0,0,0,0,0,0,0,0,0,0,0,0,0,0,0,0,0,0,0,0,0,0,0,0,0,0,0,0,38,14,7,45,65476,0,300,0,0,8,21553,0.0,-107605600.0,0.0,0.0,0.0,0.0,0.0,0.0,0.0,0.0,0.0,0.0,0.0,0.0,0.0,0.0,0.0,0.0,0.0,0.0,0.0,0.0,-2.004,-0.0,2.004,-2.004,0.0,0.0,0.0,0.0,5003.0,0.0,0.0,0.0,-0.0,-107615272.0,2.718429120148166e+23,0.0,0.0,0.0,0.0,53,152018454839296.0,0.0,0.0,0.0,0.0,0.0,0.0,0.0,0.0,0,0,0,0.0,0.0,0.0,0.0,0.0,0.0,0.0,0.0,0.0,0.0,0.0,0.0,0.0,0.0,0.0,0.0,0,-107875648.0,53,0.0,106,-107614832.0,0.0,ERR,ERR,ERR,ERR,ERR,ERR,ERR,ERR,ERR,ERR,ERR,ERR,ERR,ERR,ERR,ERR,ERR,ERR,ERR,ERR,ERR,ERR,ERR,ERR,ERR,ERR,ERR,ERR,ERR,ERR,ERR,ERR,ERR,ERR,ERR,ERR,ERR,ERR,ERR,ERR,ERR,ERR,ERR,ERR,ERR,ERR,ERR,ERR,ERR,ERR,ERR,ERR,ERR,ERR,ERR,ERR,ERR,ERR,ERR,ERR,ERR,ERR,ERR,ERR,ERR,ERR,ERR,50.0,60.0,100,0.0,0.0,0.0,0.0,0.0,0.0,0.0,0.0,0.0,0.0,0.0,0.0,0.0,0.0,0.0,0.0,61.6,65,19,65521,50,65476,0,300,0,0,8,20529,65476,0,0,26214,60.0,0.0,0.0,0.0,0.0,0.0
2026-05-17T16:06:40,ERR,ERR,ERR,ERR,ERR,ERR,ERR,ERR,ERR,ERR,ERR,ERR,ERR,ERR,ERR,ERR,ERR,ERR,ERR,ERR,ERR,ERR,ERR,ERR,ERR,ERR,ERR,ERR,ERR,ERR,ERR,ERR,ERR,ERR,ERR,ERR,ERR,ERR,ERR,ERR,ERR,ERR,ERR,ERR,ERR,ERR,ERR,ERR,ERR,ERR,ERR,ERR,ERR,ERR,ERR,ERR,ERR,ERR,ERR,ERR,ERR,ERR,ERR,ERR,ERR,ERR,ERR,ERR,ERR,ERR,ERR,ERR,ERR,ERR,ERR,ERR,ERR,ERR,ERR,ERR,ERR,ERR,ERR,ERR,ERR,ERR,ERR,ERR,ERR,ERR,ERR,ERR,ERR,ERR,ERR,ERR,ERR,ERR,ERR,ERR,ERR,ERR,ERR,ERR,ERR,ERR,ERR,ERR,ERR,ERR,ERR,ERR,ERR,ERR,ERR,ERR,ERR,ERR,ERR,ERR,ERR,ERR,ERR,ERR,ERR,0.0,-0.0,-0.0,0.0,0.0,1.3936040501711995e+18,7.805,0.0,0,0,4,0,8422,0.0,45,0.0,0.0,0.0,0.0,0.0,0,0,0,0,0.0,0,0,0,0,0,0,0,0,0,0,0,0,0,0,0,0,0,0,0,0,0,0,0,0,0,0,0,0,0,0,0,0,0,38,14,7,45,65476,0,300,0,0,8,21553,0.0,-107605600.0,0.0,0.0,0.0,0.0,0.0,0.0,0.0,0.0,0.0,0.0,0.0,0.0,0.0,0.0,0.0,0.0,0.0,0.0,0.0,0.0,-2.004,-0.0,2.004,-2.004,0.0,0.0,0.0,0.0,5003.0,0.0,0.0,0.0,-0.0,-107615272.0,2.718429120148166e+23,0.0,0.0,0.0,0.0,53,152018454839296.0,0.0,0.0,0.0,0.0,0.0,0.0,0.0,0.0,0,0,0,0.0,0.0,0.0,0.0,0.0,0.0,0.0,0.0,0.0,0.0,0.0,0.0,0.0,0.0,0.0,0.0,0,-107875648.0,53,0.0,106,-107614832.0,0.0,ERR,ERR,ERR,ERR,ERR,ERR,ERR,ERR,ERR,ERR,ERR,ERR,ERR,ERR,ERR,ERR,ERR,ERR,ERR,ERR,ERR,ERR,ERR,ERR,ERR,ERR,ERR,ERR,ERR,ERR,ERR,ERR,ERR,ERR,ERR,ERR,ERR,ERR,ERR,ERR,ERR,ERR,ERR,ERR,ERR,ERR,ERR,ERR,ERR,ERR,ERR,ERR,ERR,ERR,ERR,ERR,ERR,ERR,ERR,ERR,ERR,ERR,ERR,ERR,ERR,ERR,ERR,50.0,60.0,100,0.0,0.0,0.0,0.0,0.0,0.0,0.0,0.0,0.0,0.0,0.0,0.0,0.0,0.0,0.0,0.0,61.6,65,19,65521,50,65476,0,300,0,0,8,20529,65476,0,0,26214,60.0,0.0,0.0,0.0,0.0,0.0
2026-05-17T16:06:41,ERR,ERR,ERR,ERR,ERR,ERR,ERR,ERR,ERR,ERR,ERR,ERR,ERR,ERR,ERR,ERR,ERR,ERR,ERR,ERR,ERR,ERR,ERR,ERR,ERR,ERR,ERR,ERR,ERR,ERR,ERR,ERR,ERR,ERR,ERR,ERR,ERR,ERR,ERR,ERR,ERR,ERR,ERR,ERR,ERR,ERR,ERR,ERR,ERR,ERR,ERR,ERR,ERR,ERR,ERR,ERR,ERR,ERR,ERR,ERR,ERR,ERR,ERR,ERR,ERR,ERR,ERR,ERR,ERR,ERR,ERR,ERR,ERR,ERR,ERR,ERR,ERR,ERR,ERR,ERR,ERR,ERR,ERR,ERR,ERR,ERR,ERR,ERR,ERR,ERR,ERR,ERR,ERR,ERR,ERR,ERR,ERR,ERR,ERR,ERR,ERR,ERR,ERR,ERR,ERR,ERR,ERR,ERR,ERR,ERR,ERR,ERR,ERR,ERR,ERR,ERR,ERR,ERR,ERR,ERR,ERR,ERR,ERR,ERR,ERR,0.0,-0.0,-0.0,0.0,0.0,1.3936040501711995e+18,7.805,0.0,0,0,4,0,8422,0.0,45,0.0,0.0,0.0,0.0,0.0,0,0,0,0,0.0,0,0,0,0,0,0,0,0,0,0,0,0,0,0,0,0,0,0,0,0,0,0,0,0,0,0,0,0,0,0,0,0,0,38,14,7,45,65476,0,300,0,0,8,21553,0.0,-107605600.0,0.0,0.0,0.0,0.0,0.0,0.0,0.0,0.0,0.0,0.0,0.0,0.0,0.0,0.0,0.0,0.0,0.0,0.0,0.0,0.0,-2.004,-0.0,2.004,-2.004,0.0,0.0,0.0,0.0,5003.0,0.0,0.0,0.0,-0.0,-107615272.0,2.718429120148166e+23,0.0,0.0,0.0,0.0,53,152018454839296.0,0.0,0.0,0.0,0.0,0.0,0.0,0.0,0.0,0,0,0,0.0,0.0,0.0,0.0,0.0,0.0,0.0,0.0,0.0,0.0,0.0,0.0,0.0,0.0,0.0,0.0,0,-107875648.0,53,0.0,106,-107614832.0,0.0,ERR,ERR,ERR,ERR,ERR,ERR,ERR,ERR,ERR,ERR,ERR,ERR,ERR,ERR,ERR,ERR,ERR,ERR,ERR,ERR,ERR,ERR,ERR,ERR,ERR,ERR,ERR,ERR,ERR,ERR,ERR,ERR,ERR,ERR,ERR,ERR,ERR,ERR,ERR,ERR,ERR,ERR,ERR,ERR,ERR,ERR,ERR,ERR,ERR,ERR,ERR,ERR,ERR,ERR,ERR,ERR,ERR,ERR,ERR,ERR,ERR,ERR,ERR,ERR,ERR,ERR,ERR,50.0,60.0,100,0.0,0.0,0.0,0.0,0.0,0.0,0.0,0.0,0.0,0.0,0.0,0.0,0.0,0.0,0.0,0.0,61.6,65,19,65521,50,65476,0,300,0,0,8,20529,65476,0,0,26214,60.0,0.0,0.0,0.0,0.0,0.0
2026-05-17T16:06:42,ERR,ERR,ERR,ERR,ERR,ERR,ERR,ERR,ERR,ERR,ERR,ERR,ERR,ERR,ERR,ERR,ERR,ERR,ERR,ERR,ERR,ERR,ERR,ERR,ERR,ERR,ERR,ERR,ERR,ERR,ERR,ERR,ERR,ERR,ERR,ERR,ERR,ERR,ERR,ERR,ERR,ERR,ERR,ERR,ERR,ERR,ERR,ERR,ERR,ERR,ERR,ERR,ERR,ERR,ERR,ERR,ERR,ERR,ERR,ERR,ERR,ERR,ERR,ERR,ERR,ERR,ERR,ERR,ERR,ERR,ERR,ERR,ERR,ERR,ERR,ERR,ERR,ERR,ERR,ERR,ERR,ERR,ERR,ERR,ERR,ERR,ERR,ERR,ERR,ERR,ERR,ERR,ERR,ERR,ERR,ERR,ERR,ERR,ERR,ERR,ERR,ERR,ERR,ERR,ERR,ERR,ERR,ERR,ERR,ERR,ERR,ERR,ERR,ERR,ERR,ERR,ERR,ERR,ERR,ERR,ERR,ERR,ERR,ERR,ERR,0.0,-0.0,-0.0,0.0,0.0,1.3936040501711995e+18,7.805,0.0,0,0,4,0,8422,0.0,45,0.0,0.0,0.0,0.0,0.0,0,0,0,0,0.0,0,0,0,0,0,0,0,0,0,0,0,0,0,0,0,0,0,0,0,0,0,0,0,0,0,0,0,0,0,0,0,0,0,38,14,7,45,65476,0,300,0,0,8,21553,0.0,-107605600.0,0.0,0.0,0.0,0.0,0.0,0.0,0.0,0.0,0.0,0.0,0.0,0.0,0.0,0.0,0.0,0.0,0.0,0.0,0.0,0.0,-2.004,-0.0,2.004,-2.004,0.0,0.0,0.0,0.0,5003.0,0.0,0.0,0.0,-0.0,-107615272.0,2.718429120148166e+23,0.0,0.0,0.0,0.0,53,152018454839296.0,0.0,0.0,0.0,0.0,0.0,0.0,0.0,0.0,0,0,0,0.0,0.0,0.0,0.0,0.0,0.0,0.0,0.0,0.0,0.0,0.0,0.0,0.0,0.0,0.0,0.0,0,-107875648.0,53,0.0,106,-107614832.0,0.0,ERR,ERR,ERR,ERR,ERR,ERR,ERR,ERR,ERR,ERR,ERR,ERR,ERR,ERR,ERR,ERR,ERR,ERR,ERR,ERR,ERR,ERR,ERR,ERR,ERR,ERR,ERR,ERR,ERR,ERR,ERR,ERR,ERR,ERR,ERR,ERR,ERR,ERR,ERR,ERR,ERR,ERR,ERR,ERR,ERR,ERR,ERR,ERR,ERR,ERR,ERR,ERR,ERR,ERR,ERR,ERR,ERR,ERR,ERR,ERR,ERR,ERR,ERR,ERR,ERR,ERR,ERR,50.0,60.0,100,0.0,0.0,0.0,0.0,0.0,0.0,0.0,0.0,0.0,0.0,0.0,0.0,0.0,0.0,0.0,0.0,61.6,65,19,65521,50,65476,0,300,0,0,8,20529,65476,0,0,26214,60.0,0.0,0.0,0.0,0.0,0.0
2026-05-17T16:06:43,ERR,ERR,ERR,ERR,ERR,ERR,ERR,ERR,ERR,ERR,ERR,ERR,ERR,ERR,ERR,ERR,ERR,ERR,ERR,ERR,ERR,ERR,ERR,ERR,ERR,ERR,ERR,ERR,ERR,ERR,ERR,ERR,ERR,ERR,ERR,ERR,ERR,ERR,ERR,ERR,ERR,ERR,ERR,ERR,ERR,ERR,ERR,ERR,ERR,ERR,ERR,ERR,ERR,ERR,ERR,ERR,ERR,ERR,ERR,ERR,ERR,ERR,ERR,ERR,ERR,ERR,ERR,ERR,ERR,ERR,ERR,ERR,ERR,ERR,ERR,ERR,ERR,ERR,ERR,ERR,ERR,ERR,ERR,ERR,ERR,ERR,ERR,ERR,ERR,ERR,ERR,ERR,ERR,ERR,ERR,ERR,ERR,ERR,ERR,ERR,ERR,ERR,ERR,ERR,ERR,ERR,ERR,ERR,ERR,ERR,ERR,ERR,ERR,ERR,ERR,ERR,ERR,ERR,ERR,ERR,ERR,ERR,ERR,ERR,ERR,0.0,-0.0,-0.0,0.0,0.0,1.3936040501711995e+18,7.805,0.0,0,0,4,0,8422,0.0,45,0.0,0.0,0.0,0.0,0.0,0,0,0,0,0.0,0,0,0,0,0,0,0,0,0,0,0,0,0,0,0,0,0,0,0,0,0,0,0,0,0,0,0,0,0,0,0,0,0,38,14,7,45,65476,0,300,0,0,8,21553,0.0,-107605600.0,0.0,0.0,0.0,0.0,0.0,0.0,0.0,0.0,0.0,0.0,0.0,0.0,0.0,0.0,0.0,0.0,0.0,0.0,0.0,0.0,-2.004,-0.0,2.004,-2.004,0.0,0.0,0.0,0.0,5007.0,2.422987904532282e+24,0.0,0.0,-0.0,-107615272.0,2.718429120148166e+23,0.0,0.0,0.0,0.0,53,126841110528.0,-2.30882787541985e+20,0.0,0.0,0.0,0.0,0.0,0.0,0.0,0,0,0,0.0,0.0,0.0,0.0,0.0,0.0,0.0,0.0,0.0,0.0,0.0,0.0,0.0,0.0,0.0,0.0,0,-107875648.0,53,0.0,106,-107614832.0,0.0,ERR,ERR,ERR,ERR,ERR,ERR,ERR,ERR,ERR,ERR,ERR,ERR,ERR,ERR,ERR,ERR,ERR,ERR,ERR,ERR,ERR,ERR,ERR,ERR,ERR,ERR,ERR,ERR,ERR,ERR,ERR,ERR,ERR,ERR,ERR,ERR,ERR,ERR,ERR,ERR,ERR,ERR,ERR,ERR,ERR,ERR,ERR,ERR,ERR,ERR,ERR,ERR,ERR,ERR,ERR,ERR,ERR,ERR,ERR,ERR,ERR,ERR,ERR,ERR,ERR,ERR,ERR,50.0,60.0,100,0.0,0.0,0.0,0.0,0.0,0.0,0.0,0.0,0.0,0.0,0.0,0.0,0.0,0.0,0.0,0.0,61.6,65,19,65521,50,65476,0,300,0,0,8,20529,65476,0,0,26214,60.0,0.0,0.0,0.0,0.0,0.0
2026-05-17T16:06:44,ERR,ERR,ERR,ERR,ERR,ERR,ERR,ERR,ERR,ERR,ERR,ERR,ERR,ERR,ERR,ERR,ERR,ERR,ERR,ERR,ERR,ERR,ERR,ERR,ERR,ERR,ERR,ERR,ERR,ERR,ERR,ERR,ERR,ERR,ERR,ERR,ERR,ERR,ERR,ERR,ERR,ERR,ERR,ERR,ERR,ERR,ERR,ERR,ERR,ERR,ERR,ERR,ERR,ERR,ERR,ERR,ERR,ERR,ERR,ERR,ERR,ERR,ERR,ERR,ERR,ERR,ERR,ERR,ERR,ERR,ERR,ERR,ERR,ERR,ERR,ERR,ERR,ERR,ERR,ERR,ERR,ERR,ERR,ERR,ERR,ERR,ERR,ERR,ERR,ERR,ERR,ERR,ERR,ERR,ERR,ERR,ERR,ERR,ERR,ERR,ERR,ERR,ERR,ERR,ERR,ERR,ERR,ERR,ERR,ERR,ERR,ERR,ERR,ERR,ERR,ERR,ERR,ERR,ERR,ERR,ERR,ERR,ERR,ERR,ERR,0.0,-0.0,-0.0,0.0,0.0,1.3936040501711995e+18,7.805,0.0,0,0,4,0,8422,0.0,45,0.0,0.0,0.0,0.0,0.0,0,0,0,0,0.0,0,0,0,0,0,0,0,0,0,0,0,0,0,0,0,0,0,0,0,0,0,0,0,0,0,0,0,0,0,0,0,0,0,38,14,7,45,65476,0,300,0,0,8,21553,0.0,-107605600.0,0.0,0.0,0.0,0.0,0.0,0.0,0.0,0.0,0.0,0.0,0.0,0.0,0.0,0.0,0.0,0.0,0.0,0.0,0.0,0.0,-2.004,-0.0,2.004,-2.004,0.0,0.0,0.0,0.0,5007.0,2.422987904532282e+24,0.0,0.0,-0.0,-107615272.0,2.718429120148166e+23,0.0,0.0,0.0,0.0,53,126841110528.0,-2.30882787541985e+20,0.0,0.0,0.0,0.0,0.0,0.0,0.0,0,0,0,0.0,0.0,0.0,0.0,0.0,0.0,0.0,0.0,0.0,0.0,0.0,0.0,0.0,0.0,0.0,0.0,0,-107875648.0,53,0.0,106,-107614832.0,0.0,ERR,ERR,ERR,ERR,ERR,ERR,ERR,ERR,ERR,ERR,ERR,ERR,ERR,ERR,ERR,ERR,ERR,ERR,ERR,ERR,ERR,ERR,ERR,ERR,ERR,ERR,ERR,ERR,ERR,ERR,ERR,ERR,ERR,ERR,ERR,ERR,ERR,ERR,ERR,ERR,ERR,ERR,ERR,ERR,ERR,ERR,ERR,ERR,ERR,ERR,ERR,ERR,ERR,ERR,ERR,ERR,ERR,ERR,ERR,ERR,ERR,ERR,ERR,ERR,ERR,ERR,ERR,50.0,60.0,100,0.0,0.0,0.0,0.0,0.0,0.0,0.0,0.0,0.0,0.0,0.0,0.0,0.0,0.0,0.0,0.0,61.6,65,19,65521,50,65476,0,300,0,0,8,20529,65476,0,0,26214,60.0,0.0,0.0,0.0,0.0,0.0
2026-05-17T16:06:45,ERR,ERR,ERR,ERR,ERR,ERR,ERR,ERR,ERR,ERR,ERR,ERR,ERR,ERR,ERR,ERR,ERR,ERR,ERR,ERR,ERR,ERR,ERR,ERR,ERR,ERR,ERR,ERR,ERR,ERR,ERR,ERR,ERR,ERR,ERR,ERR,ERR,ERR,ERR,ERR,ERR,ERR,ERR,ERR,ERR,ERR,ERR,ERR,ERR,ERR,ERR,ERR,ERR,ERR,ERR,ERR,ERR,ERR,ERR,ERR,ERR,ERR,ERR,ERR,ERR,ERR,ERR,ERR,ERR,ERR,ERR,ERR,ERR,ERR,ERR,ERR,ERR,ERR,ERR,ERR,ERR,ERR,ERR,ERR,ERR,ERR,ERR,ERR,ERR,ERR,ERR,ERR,ERR,ERR,ERR,ERR,ERR,ERR,ERR,ERR,ERR,ERR,ERR,ERR,ERR,ERR,ERR,ERR,ERR,ERR,ERR,ERR,ERR,ERR,ERR,ERR,ERR,ERR,ERR,ERR,ERR,ERR,ERR,ERR,ERR,0.0,-0.0,-0.0,0.0,0.0,1.3936040501711995e+18,7.805,0.0,0,0,4,0,8422,0.0,45,0.0,0.0,0.0,0.0,0.0,0,0,0,0,0.0,0,0,0,0,0,0,0,0,0,0,0,0,0,0,0,0,0,0,0,0,0,0,0,0,0,0,0,0,0,0,0,0,0,38,14,7,45,65476,0,300,0,0,8,21553,0.0,-107605600.0,0.0,0.0,0.0,0.0,0.0,0.0,0.0,0.0,0.0,0.0,0.0,0.0,0.0,0.0,0.0,0.0,0.0,0.0,0.0,0.0,-2.004,-0.0,2.004,-2.004,0.0,0.0,0.0,0.0,5007.0,2.422987904532282e+24,0.0,0.0,-0.0,-107615272.0,2.718429120148166e+23,0.0,0.0,0.0,0.0,53,126841110528.0,-2.30882787541985e+20,0.0,0.0,0.0,0.0,0.0,0.0,0.0,0,0,0,0.0,0.0,0.0,0.0,0.0,0.0,0.0,0.0,0.0,0.0,0.0,0.0,0.0,0.0,0.0,0.0,0,-107875648.0,53,0.0,106,-107614832.0,0.0,ERR,ERR,ERR,ERR,ERR,ERR,ERR,ERR,ERR,ERR,ERR,ERR,ERR,ERR,ERR,ERR,ERR,ERR,ERR,ERR,ERR,ERR,ERR,ERR,ERR,ERR,ERR,ERR,ERR,ERR,ERR,ERR,ERR,ERR,ERR,ERR,ERR,ERR,ERR,ERR,ERR,ERR,ERR,ERR,ERR,ERR,ERR,ERR,ERR,ERR,ERR,ERR,ERR,ERR,ERR,ERR,ERR,ERR,ERR,ERR,ERR,ERR,ERR,ERR,ERR,ERR,ERR,50.0,60.0,100,0.0,0.0,0.0,0.0,0.0,0.0,0.0,0.0,0.0,0.0,0.0,0.0,0.0,0.0,0.0,0.0,61.6,65,19,65521,50,65476,0,300,0,0,8,20529,65476,0,0,26214,60.0,0.0,0.0,0.0,0.0,0.0
2026-05-17T16:06:46,ERR,ERR,ERR,ERR,ERR,ERR,ERR,ERR,ERR,ERR,ERR,ERR,ERR,ERR,ERR,ERR,ERR,ERR,ERR,ERR,ERR,ERR,ERR,ERR,ERR,ERR,ERR,ERR,ERR,ERR,ERR,ERR,ERR,ERR,ERR,ERR,ERR,ERR,ERR,ERR,ERR,ERR,ERR,ERR,ERR,ERR,ERR,ERR,ERR,ERR,ERR,ERR,ERR,ERR,ERR,ERR,ERR,ERR,ERR,ERR,ERR,ERR,ERR,ERR,ERR,ERR,ERR,ERR,ERR,ERR,ERR,ERR,ERR,ERR,ERR,ERR,ERR,ERR,ERR,ERR,ERR,ERR,ERR,ERR,ERR,ERR,ERR,ERR,ERR,ERR,ERR,ERR,ERR,ERR,ERR,ERR,ERR,ERR,ERR,ERR,ERR,ERR,ERR,ERR,ERR,ERR,ERR,ERR,ERR,ERR,ERR,ERR,ERR,ERR,ERR,ERR,ERR,ERR,ERR,ERR,ERR,ERR,ERR,ERR,ERR,0.0,-0.0,-0.0,0.0,0.0,1.3936040501711995e+18,7.805,0.0,0,0,4,0,8422,0.0,45,0.0,0.0,0.0,0.0,0.0,0,0,0,0,0.0,0,0,0,0,0,0,0,0,0,0,0,0,0,0,0,0,0,0,0,0,0,0,0,0,0,0,0,0,0,0,0,0,0,38,14,7,45,65476,0,300,0,0,8,21553,0.0,-107605600.0,0.0,0.0,0.0,0.0,0.0,0.0,0.0,0.0,0.0,0.0,0.0,0.0,0.0,0.0,0.0,0.0,0.0,0.0,0.0,0.0,-2.004,-0.0,2.004,-2.004,0.0,0.0,0.0,0.0,5007.0,2.422987904532282e+24,0.0,0.0,-0.0,-107615272.0,2.718429120148166e+23,0.0,0.0,0.0,0.0,53,126841110528.0,-2.30882787541985e+20,0.0,0.0,0.0,0.0,0.0,0.0,0.0,0,0,0,0.0,0.0,0.0,0.0,0.0,0.0,0.0,0.0,0.0,0.0,0.0,0.0,0.0,0.0,0.0,0.0,0,-107875648.0,53,0.0,106,-107614832.0,0.0,ERR,ERR,ERR,ERR,ERR,ERR,ERR,ERR,ERR,ERR,ERR,ERR,ERR,ERR,ERR,ERR,ERR,ERR,ERR,ERR,ERR,ERR,ERR,ERR,ERR,ERR,ERR,ERR,ERR,ERR,ERR,ERR,ERR,ERR,ERR,ERR,ERR,ERR,ERR,ERR,ERR,ERR,ERR,ERR,ERR,ERR,ERR,ERR,ERR,ERR,ERR,ERR,ERR,ERR,ERR,ERR,ERR,ERR,ERR,ERR,ERR,ERR,ERR,ERR,ERR,ERR,ERR,50.0,60.0,100,0.0,0.0,0.0,0.0,0.0,0.0,0.0,0.0,0.0,0.0,0.0,0.0,0.0,0.0,0.0,0.0,62.0,65,19,65521,50,65476,0,300,0,0,8,20529,65476,0,0,26214,60.0,0.0,0.0,0.0,0.0,0.0
2026-05-17T16:06:47,ERR,ERR,ERR,ERR,ERR,ERR,ERR,ERR,ERR,ERR,ERR,ERR,ERR,ERR,ERR,ERR,ERR,ERR,ERR,ERR,ERR,ERR,ERR,ERR,ERR,ERR,ERR,ERR,ERR,ERR,ERR,ERR,ERR,ERR,ERR,ERR,ERR,ERR,ERR,ERR,ERR,ERR,ERR,ERR,ERR,ERR,ERR,ERR,ERR,ERR,ERR,ERR,ERR,ERR,ERR,ERR,ERR,ERR,ERR,ERR,ERR,ERR,ERR,ERR,ERR,ERR,ERR,ERR,ERR,ERR,ERR,ERR,ERR,ERR,ERR,ERR,ERR,ERR,ERR,ERR,ERR,ERR,ERR,ERR,ERR,ERR,ERR,ERR,ERR,ERR,ERR,ERR,ERR,ERR,ERR,ERR,ERR,ERR,ERR,ERR,ERR,ERR,ERR,ERR,ERR,ERR,ERR,ERR,ERR,ERR,ERR,ERR,ERR,ERR,ERR,ERR,ERR,ERR,ERR,ERR,ERR,ERR,ERR,ERR,ERR,0.0,-0.0,-0.0,0.0,0.0,1.3936040501711995e+18,7.805,0.0,0,0,4,0,8422,0.0,45,0.0,0.0,0.0,0.0,0.0,0,0,0,0,0.0,0,0,0,0,0,0,0,0,0,0,0,0,0,0,0,0,0,0,0,0,0,0,0,0,0,0,0,0,0,0,0,0,0,38,14,7,45,65476,0,300,0,0,8,21553,0.0,-107605600.0,0.0,0.0,0.0,0.0,0.0,0.0,0.0,0.0,0.0,0.0,0.0,0.0,0.0,0.0,0.0,0.0,0.0,0.0,0.0,0.0,-2.004,-0.0,2.004,-2.004,0.0,0.0,0.0,0.0,5007.0,2.422987904532282e+24,0.0,0.0,-0.0,-107615272.0,2.718429120148166e+23,0.0,0.0,0.0,0.0,53,126841110528.0,-2.30882787541985e+20,0.0,0.0,0.0,0.0,0.0,0.0,0.0,0,0,0,0.0,0.0,0.0,0.0,0.0,0.0,0.0,0.0,0.0,0.0,0.0,0.0,0.0,0.0,0.0,0.0,0,-107875648.0,53,0.0,106,-107614832.0,0.0,ERR,ERR,ERR,ERR,ERR,ERR,ERR,ERR,ERR,ERR,ERR,ERR,ERR,ERR,ERR,ERR,ERR,ERR,ERR,ERR,ERR,ERR,ERR,ERR,ERR,ERR,ERR,ERR,ERR,ERR,ERR,ERR,ERR,ERR,ERR,ERR,ERR,ERR,ERR,ERR,ERR,ERR,ERR,ERR,ERR,ERR,ERR,ERR,ERR,ERR,ERR,ERR,ERR,ERR,ERR,ERR,ERR,ERR,ERR,ERR,ERR,ERR,ERR,ERR,ERR,ERR,ERR,50.0,60.0,100,0.0,0.0,0.0,0.0,0.0,0.0,0.0,0.0,0.0,0.0,0.0,0.0,0.0,0.0,0.0,0.0,62.0,65,19,65521,50,65476,0,300,0,0,8,20529,65476,0,0,26214,60.0,0.0,0.0,0.0,0.0,0.0
2026-05-17T16:06:48,ERR,ERR,ERR,ERR,ERR,ERR,ERR,ERR,ERR,ERR,ERR,ERR,ERR,ERR,ERR,ERR,ERR,ERR,ERR,ERR,ERR,ERR,ERR,ERR,ERR,ERR,ERR,ERR,ERR,ERR,ERR,ERR,ERR,ERR,ERR,ERR,ERR,ERR,ERR,ERR,ERR,ERR,ERR,ERR,ERR,ERR,ERR,ERR,ERR,ERR,ERR,ERR,ERR,ERR,ERR,ERR,ERR,ERR,ERR,ERR,ERR,ERR,ERR,ERR,ERR,ERR,ERR,ERR,ERR,ERR,ERR,ERR,ERR,ERR,ERR,ERR,ERR,ERR,ERR,ERR,ERR,ERR,ERR,ERR,ERR,ERR,ERR,ERR,ERR,ERR,ERR,ERR,ERR,ERR,ERR,ERR,ERR,ERR,ERR,ERR,ERR,ERR,ERR,ERR,ERR,ERR,ERR,ERR,ERR,ERR,ERR,ERR,ERR,ERR,ERR,ERR,ERR,ERR,ERR,ERR,ERR,ERR,ERR,ERR,ERR,0.0,-0.0,-0.0,0.0,0.0,1.3936040501711995e+18,7.805,0.0,0,0,4,0,8422,0.0,45,0.0,0.0,0.0,0.0,0.0,0,0,0,0,0.0,0,0,0,0,0,0,0,0,0,0,0,0,0,0,0,0,0,0,0,0,0,0,0,0,0,0,0,0,0,0,0,0,0,38,14,7,45,65476,0,300,0,0,8,21553,0.0,-107605600.0,0.0,0.0,0.0,0.0,0.0,0.0,0.0,0.0,0.0,0.0,0.0,0.0,0.0,0.0,0.0,0.0,0.0,0.0,0.0,0.0,-2.004,-0.0,2.004,-2.004,0.0,0.0,0.0,0.0,4969.0,-1.587929164219617e+29,0.0,0.0,-0.0,-107615272.0,2.718429120148166e+23,0.0,0.0,0.0,0.0,53,71.63,-0.0,0.0,0.0,0.0,0.0,0.0,0.0,0.0,0,0,0,0.0,0.0,0.0,0.0,0.0,0.0,0.0,0.0,0.0,0.0,0.0,0.0,0.0,0.0,0.0,0.0,0,-107875648.0,53,0.0,106,-107614832.0,-107350944.0,ERR,ERR,ERR,ERR,ERR,ERR,ERR,ERR,ERR,ERR,ERR,ERR,ERR,ERR,ERR,ERR,ERR,ERR,ERR,ERR,ERR,ERR,ERR,ERR,ERR,ERR,ERR,ERR,ERR,ERR,ERR,ERR,ERR,ERR,ERR,ERR,ERR,ERR,ERR,ERR,ERR,ERR,ERR,ERR,ERR,ERR,ERR,ERR,ERR,ERR,ERR,ERR,ERR,ERR,ERR,ERR,ERR,ERR,ERR,ERR,ERR,ERR,ERR,ERR,ERR,ERR,ERR,50.0,60.0,100,0.0,0.0,0.0,0.0,0.0,0.0,0.0,0.0,0.0,0.0,0.0,0.0,0.0,0.0,0.0,0.0,61.6,65,19,65521,50,65476,0,300,0,0,8,20529,65476,0,0,26214,60.0,0.0,0.0,0.0,0.0,0.0
2026-05-17T16:06:49,ERR,ERR,ERR,ERR,ERR,ERR,ERR,ERR,ERR,ERR,ERR,ERR,ERR,ERR,ERR,ERR,ERR,ERR,ERR,ERR,ERR,ERR,ERR,ERR,ERR,ERR,ERR,ERR,ERR,ERR,ERR,ERR,ERR,ERR,ERR,ERR,ERR,ERR,ERR,ERR,ERR,ERR,ERR,ERR,ERR,ERR,ERR,ERR,ERR,ERR,ERR,ERR,ERR,ERR,ERR,ERR,ERR,ERR,ERR,ERR,ERR,ERR,ERR,ERR,ERR,ERR,ERR,ERR,ERR,ERR,ERR,ERR,ERR,ERR,ERR,ERR,ERR,ERR,ERR,ERR,ERR,ERR,ERR,ERR,ERR,ERR,ERR,ERR,ERR,ERR,ERR,ERR,ERR,ERR,ERR,ERR,ERR,ERR,ERR,ERR,ERR,ERR,ERR,ERR,ERR,ERR,ERR,ERR,ERR,ERR,ERR,ERR,ERR,ERR,ERR,ERR,ERR,ERR,ERR,ERR,ERR,ERR,ERR,ERR,ERR,0.0,-0.0,-0.0,0.0,0.0,1.3936040501711995e+18,7.805,0.0,0,0,4,0,8422,0.0,45,0.0,0.0,0.0,0.0,0.0,0,0,0,0,0.0,0,0,0,0,0,0,0,0,0,0,0,0,0,0,0,0,0,0,0,0,0,0,0,0,0,0,0,0,0,0,0,0,0,38,14,7,45,65476,0,300,0,0,8,21553,0.0,-107605600.0,0.0,0.0,0.0,0.0,0.0,0.0,0.0,0.0,0.0,0.0,0.0,0.0,0.0,0.0,0.0,0.0,0.0,0.0,0.0,0.0,-2.004,-0.0,2.004,-2.004,0.0,0.0,0.0,0.0,4969.0,-1.587929164219617e+29,0.0,0.0,-0.0,-107615272.0,2.718429120148166e+23,0.0,0.0,0.0,0.0,53,71.63,-0.0,0.0,0.0,0.0,0.0,0.0,0.0,0.0,0,0,0,0.0,0.0,0.0,0.0,0.0,0.0,0.0,0.0,0.0,0.0,0.0,0.0,0.0,0.0,0.0,0.0,0,-107875648.0,53,0.0,106,-107614832.0,-107350944.0,ERR,ERR,ERR,ERR,ERR,ERR,ERR,ERR,ERR,ERR,ERR,ERR,ERR,ERR,ERR,ERR,ERR,ERR,ERR,ERR,ERR,ERR,ERR,ERR,ERR,ERR,ERR,ERR,ERR,ERR,ERR,ERR,ERR,ERR,ERR,ERR,ERR,ERR,ERR,ERR,ERR,ERR,ERR,ERR,ERR,ERR,ERR,ERR,ERR,ERR,ERR,ERR,ERR,ERR,ERR,ERR,ERR,ERR,ERR,ERR,ERR,ERR,ERR,ERR,ERR,ERR,ERR,50.0,60.0,100,0.0,0.0,0.0,0.0,0.0,0.0,0.0,0.0,0.0,0.0,0.0,0.0,0.0,0.0,0.0,0.0,61.6,65,19,65521,50,65476,0,300,0,0,8,20529,65476,0,0,26214,60.0,0.0,0.0,0.0,0.0,0.0
2026-05-17T16:06:50,ERR,ERR,ERR,ERR,ERR,ERR,ERR,ERR,ERR,ERR,ERR,ERR,ERR,ERR,ERR,ERR,ERR,ERR,ERR,ERR,ERR,ERR,ERR,ERR,ERR,ERR,ERR,ERR,ERR,ERR,ERR,ERR,ERR,ERR,ERR,ERR,ERR,ERR,ERR,ERR,ERR,ERR,ERR,ERR,ERR,ERR,ERR,ERR,ERR,ERR,ERR,ERR,ERR,ERR,ERR,ERR,ERR,ERR,ERR,ERR,ERR,ERR,ERR,ERR,ERR,ERR,ERR,ERR,ERR,ERR,ERR,ERR,ERR,ERR,ERR,ERR,ERR,ERR,ERR,ERR,ERR,ERR,ERR,ERR,ERR,ERR,ERR,ERR,ERR,ERR,ERR,ERR,ERR,ERR,ERR,ERR,ERR,ERR,ERR,ERR,ERR,ERR,ERR,ERR,ERR,ERR,ERR,ERR,ERR,ERR,ERR,ERR,ERR,ERR,ERR,ERR,ERR,ERR,ERR,ERR,ERR,ERR,ERR,ERR,ERR,0.0,-0.0,-0.0,0.0,0.0,1.3936040501711995e+18,7.805,0.0,0,0,4,0,8422,0.0,45,0.0,0.0,0.0,0.0,0.0,0,0,0,0,0.0,0,0,0,0,0,0,0,0,0,0,0,0,0,0,0,0,0,0,0,0,0,0,0,0,0,0,0,0,0,0,0,0,0,38,14,7,45,65476,0,300,0,0,8,21553,0.0,-107605600.0,0.0,0.0,0.0,0.0,0.0,0.0,0.0,0.0,0.0,0.0,0.0,0.0,0.0,0.0,0.0,0.0,0.0,0.0,0.0,0.0,-2.004,-0.0,2.004,-2.004,0.0,0.0,0.0,0.0,4969.0,-1.587929164219617e+29,0.0,0.0,-0.0,-107615272.0,2.718429120148166e+23,0.0,0.0,0.0,0.0,53,71.63,-0.0,0.0,0.0,0.0,0.0,0.0,0.0,0.0,0,0,0,0.0,0.0,0.0,0.0,0.0,0.0,0.0,0.0,0.0,0.0,0.0,0.0,0.0,0.0,0.0,0.0,0,-107875648.0,53,0.0,106,-107614832.0,-107350944.0,ERR,ERR,ERR,ERR,ERR,ERR,ERR,ERR,ERR,ERR,ERR,ERR,ERR,ERR,ERR,ERR,ERR,ERR,ERR,ERR,ERR,ERR,ERR,ERR,ERR,ERR,ERR,ERR,ERR,ERR,ERR,ERR,ERR,ERR,ERR,ERR,ERR,ERR,ERR,ERR,ERR,ERR,ERR,ERR,ERR,ERR,ERR,ERR,ERR,ERR,ERR,ERR,ERR,ERR,ERR,ERR,ERR,ERR,ERR,ERR,ERR,ERR,ERR,ERR,ERR,ERR,ERR,50.0,60.0,100,0.0,0.0,0.0,0.0,0.0,0.0,0.0,0.0,0.0,0.0,0.0,0.0,0.0,0.0,0.0,0.0,61.6,65,19,65521,50,65476,0,300,0,0,8,20529,65476,0,0,26214,60.0,0.0,0.0,0.0,0.0,0.0
2026-05-17T16:06:51,ERR,ERR,ERR,ERR,ERR,ERR,ERR,ERR,ERR,ERR,ERR,ERR,ERR,ERR,ERR,ERR,ERR,ERR,ERR,ERR,ERR,ERR,ERR,ERR,ERR,ERR,ERR,ERR,ERR,ERR,ERR,ERR,ERR,ERR,ERR,ERR,ERR,ERR,ERR,ERR,ERR,ERR,ERR,ERR,ERR,ERR,ERR,ERR,ERR,ERR,ERR,ERR,ERR,ERR,ERR,ERR,ERR,ERR,ERR,ERR,ERR,ERR,ERR,ERR,ERR,ERR,ERR,ERR,ERR,ERR,ERR,ERR,ERR,ERR,ERR,ERR,ERR,ERR,ERR,ERR,ERR,ERR,ERR,ERR,ERR,ERR,ERR,ERR,ERR,ERR,ERR,ERR,ERR,ERR,ERR,ERR,ERR,ERR,ERR,ERR,ERR,ERR,ERR,ERR,ERR,ERR,ERR,ERR,ERR,ERR,ERR,ERR,ERR,ERR,ERR,ERR,ERR,ERR,ERR,ERR,ERR,ERR,ERR,ERR,ERR,0.0,-0.0,-0.0,0.0,0.0,1.3936040501711995e+18,7.805,0.0,0,0,4,0,8422,0.0,45,0.0,0.0,0.0,0.0,0.0,0,0,0,0,0.0,0,0,0,0,0,0,0,0,0,0,0,0,0,0,0,0,0,0,0,0,0,0,0,0,0,0,0,0,0,0,0,0,0,38,14,7,45,65476,0,300,0,0,8,21553,0.0,-107605600.0,0.0,0.0,0.0,0.0,0.0,0.0,0.0,0.0,0.0,0.0,0.0,0.0,0.0,0.0,0.0,0.0,0.0,0.0,0.0,0.0,-2.004,-0.0,2.004,-2.004,0.0,0.0,0.0,0.0,4969.0,-1.587929164219617e+29,0.0,0.0,-0.0,-107615272.0,2.718429120148166e+23,0.0,0.0,0.0,0.0,53,71.63,-0.0,0.0,0.0,0.0,0.0,0.0,0.0,0.0,0,0,0,0.0,0.0,0.0,0.0,0.0,0.0,0.0,0.0,0.0,0.0,0.0,0.0,0.0,0.0,0.0,0.0,0,-107875648.0,53,0.0,106,-107614832.0,-107350944.0,ERR,ERR,ERR,ERR,ERR,ERR,ERR,ERR,ERR,ERR,ERR,ERR,ERR,ERR,ERR,ERR,ERR,ERR,ERR,ERR,ERR,ERR,ERR,ERR,ERR,ERR,ERR,ERR,ERR,ERR,ERR,ERR,ERR,ERR,ERR,ERR,ERR,ERR,ERR,ERR,ERR,ERR,ERR,ERR,ERR,ERR,ERR,ERR,ERR,ERR,ERR,ERR,ERR,ERR,ERR,ERR,ERR,ERR,ERR,ERR,ERR,ERR,ERR,ERR,ERR,ERR,ERR,50.0,60.0,100,0.0,0.0,0.0,0.0,0.0,0.0,0.0,0.0,0.0,0.0,0.0,0.0,0.0,0.0,0.0,0.0,62.0,65,19,65521,50,65476,0,300,0,0,8,20529,65476,0,0,26214,60.0,0.0,0.0,0.0,0.0,0.0
2026-05-17T16:06:52,ERR,ERR,ERR,ERR,ERR,ERR,ERR,ERR,ERR,ERR,ERR,ERR,ERR,ERR,ERR,ERR,ERR,ERR,ERR,ERR,ERR,ERR,ERR,ERR,ERR,ERR,ERR,ERR,ERR,ERR,ERR,ERR,ERR,ERR,ERR,ERR,ERR,ERR,ERR,ERR,ERR,ERR,ERR,ERR,ERR,ERR,ERR,ERR,ERR,ERR,ERR,ERR,ERR,ERR,ERR,ERR,ERR,ERR,ERR,ERR,ERR,ERR,ERR,ERR,ERR,ERR,ERR,ERR,ERR,ERR,ERR,ERR,ERR,ERR,ERR,ERR,ERR,ERR,ERR,ERR,ERR,ERR,ERR,ERR,ERR,ERR,ERR,ERR,ERR,ERR,ERR,ERR,ERR,ERR,ERR,ERR,ERR,ERR,ERR,ERR,ERR,ERR,ERR,ERR,ERR,ERR,ERR,ERR,ERR,ERR,ERR,ERR,ERR,ERR,ERR,ERR,ERR,ERR,ERR,ERR,ERR,ERR,ERR,ERR,ERR,0.0,-0.0,-0.0,0.0,0.0,1.3936040501711995e+18,7.805,0.0,0,0,4,0,8422,0.0,45,0.0,0.0,0.0,0.0,0.0,0,0,0,0,0.0,0,0,0,0,0,0,0,0,0,0,0,0,0,0,0,0,0,0,0,0,0,0,0,0,0,0,0,0,0,0,0,0,0,38,14,7,45,65476,0,300,0,0,8,21553,0.0,-107605600.0,0.0,0.0,0.0,0.0,0.0,0.0,0.0,0.0,0.0,0.0,0.0,0.0,0.0,0.0,0.0,0.0,0.0,0.0,0.0,0.0,-2.004,-0.0,2.004,-2.004,0.0,0.0,0.0,0.0,4969.0,-1.587929164219617e+29,0.0,0.0,-0.0,-107615272.0,2.718429120148166e+23,0.0,0.0,0.0,0.0,53,71.63,-0.0,0.0,0.0,0.0,0.0,0.0,0.0,0.0,0,0,0,0.0,0.0,0.0,0.0,0.0,0.0,0.0,0.0,0.0,0.0,0.0,0.0,0.0,0.0,0.0,0.0,0,-107875648.0,53,0.0,106,-107614832.0,-107350944.0,ERR,ERR,ERR,ERR,ERR,ERR,ERR,ERR,ERR,ERR,ERR,ERR,ERR,ERR,ERR,ERR,ERR,ERR,ERR,ERR,ERR,ERR,ERR,ERR,ERR,ERR,ERR,ERR,ERR,ERR,ERR,ERR,ERR,ERR,ERR,ERR,ERR,ERR,ERR,ERR,ERR,ERR,ERR,ERR,ERR,ERR,ERR,ERR,ERR,ERR,ERR,ERR,ERR,ERR,ERR,ERR,ERR,ERR,ERR,ERR,ERR,ERR,ERR,ERR,ERR,ERR,ERR,50.0,60.0,100,0.0,0.0,0.0,0.0,0.0,0.0,0.0,0.0,0.0,0.0,0.0,0.0,0.0,0.0,0.0,0.0,62.0,65,19,65521,50,65476,0,300,0,0,8,20529,65476,0,0,26214,60.0,0.0,0.0,0.0,0.0,0.0
2026-05-17T16:06:53,ERR,ERR,ERR,ERR,ERR,ERR,ERR,ERR,ERR,ERR,ERR,ERR,ERR,ERR,ERR,ERR,ERR,ERR,ERR,ERR,ERR,ERR,ERR,ERR,ERR,ERR,ERR,ERR,ERR,ERR,ERR,ERR,ERR,ERR,ERR,ERR,ERR,ERR,ERR,ERR,ERR,ERR,ERR,ERR,ERR,ERR,ERR,ERR,ERR,ERR,ERR,ERR,ERR,ERR,ERR,ERR,ERR,ERR,ERR,ERR,ERR,ERR,ERR,ERR,ERR,ERR,ERR,ERR,ERR,ERR,ERR,ERR,ERR,ERR,ERR,ERR,ERR,ERR,ERR,ERR,ERR,ERR,ERR,ERR,ERR,ERR,ERR,ERR,ERR,ERR,ERR,ERR,ERR,ERR,ERR,ERR,ERR,ERR,ERR,ERR,ERR,ERR,ERR,ERR,ERR,ERR,ERR,ERR,ERR,ERR,ERR,ERR,ERR,ERR,ERR,ERR,ERR,ERR,ERR,ERR,ERR,ERR,ERR,ERR,ERR,0.0,-0.0,-0.0,0.0,0.0,1.3936040501711995e+18,7.805,0.0,0,0,4,0,8422,0.0,45,0.0,0.0,0.0,0.0,0.0,0,0,0,0,0.0,0,0,0,0,0,0,0,0,0,0,0,0,0,0,0,0,0,0,0,0,0,0,0,0,0,0,0,0,0,0,0,0,0,38,14,7,45,65476,0,300,0,0,8,21553,0.0,-107605600.0,0.0,0.0,0.0,0.0,0.0,0.0,0.0,0.0,0.0,0.0,0.0,0.0,0.0,0.0,0.0,0.0,0.0,0.0,0.0,0.0,-2.004,-0.0,2.004,-2.004,0.0,0.0,0.0,0.0,4972.0,-3.6971856938200465e+19,0.0,0.0,-0.0,-107615272.0,2.718429120148166e+23,0.0,0.0,0.0,0.0,53,2.3088403658719416e+20,-0.0,0.0,0.0,0.0,0.0,0.0,0.0,0.0,0,0,0,0.0,0.0,0.0,0.0,0.0,0.0,0.0,0.0,0.0,0.0,0.0,0.0,0.0,0.0,0.0,0.0,0,-107875648.0,53,0.0,106,-107614832.0,0.0,ERR,ERR,ERR,ERR,ERR,ERR,ERR,ERR,ERR,ERR,ERR,ERR,ERR,ERR,ERR,ERR,ERR,ERR,ERR,ERR,ERR,ERR,ERR,ERR,ERR,ERR,ERR,ERR,ERR,ERR,ERR,ERR,ERR,ERR,ERR,ERR,ERR,ERR,ERR,ERR,ERR,ERR,ERR,ERR,ERR,ERR,ERR,ERR,ERR,ERR,ERR,ERR,ERR,ERR,ERR,ERR,ERR,ERR,ERR,ERR,ERR,ERR,ERR,ERR,ERR,ERR,ERR,50.0,60.0,100,0.0,0.0,0.0,0.0,0.0,0.0,0.0,0.0,0.0,0.0,0.0,0.0,0.0,0.0,0.0,0.0,61.6,65,19,65521,50,65476,0,300,0,0,8,20529,65476,0,0,26214,60.0,0.0,0.0,0.0,0.0,0.0
2026-05-17T16:06:54,ERR,ERR,ERR,ERR,ERR,ERR,ERR,ERR,ERR,ERR,ERR,ERR,ERR,ERR,ERR,ERR,ERR,ERR,ERR,ERR,ERR,ERR,ERR,ERR,ERR,ERR,ERR,ERR,ERR,ERR,ERR,ERR,ERR,ERR,ERR,ERR,ERR,ERR,ERR,ERR,ERR,ERR,ERR,ERR,ERR,ERR,ERR,ERR,ERR,ERR,ERR,ERR,ERR,ERR,ERR,ERR,ERR,ERR,ERR,ERR,ERR,ERR,ERR,ERR,ERR,ERR,ERR,ERR,ERR,ERR,ERR,ERR,ERR,ERR,ERR,ERR,ERR,ERR,ERR,ERR,ERR,ERR,ERR,ERR,ERR,ERR,ERR,ERR,ERR,ERR,ERR,ERR,ERR,ERR,ERR,ERR,ERR,ERR,ERR,ERR,ERR,ERR,ERR,ERR,ERR,ERR,ERR,ERR,ERR,ERR,ERR,ERR,ERR,ERR,ERR,ERR,ERR,ERR,ERR,ERR,ERR,ERR,ERR,ERR,ERR,0.0,-0.0,-0.0,0.0,0.0,1.3936040501711995e+18,7.805,0.0,0,0,4,0,8422,0.0,45,0.0,0.0,0.0,0.0,0.0,0,0,0,0,0.0,0,0,0,0,0,0,0,0,0,0,0,0,0,0,0,0,0,0,0,0,0,0,0,0,0,0,0,0,0,0,0,0,0,38,14,7,45,65476,0,300,0,0,8,21553,0.0,-107605600.0,0.0,0.0,0.0,0.0,0.0,0.0,0.0,0.0,0.0,0.0,0.0,0.0,0.0,0.0,0.0,0.0,0.0,0.0,0.0,0.0,-2.004,-0.0,2.004,-2.004,0.0,0.0,0.0,0.0,4972.0,-3.6971856938200465e+19,0.0,0.0,-0.0,-107615272.0,2.718429120148166e+23,0.0,0.0,0.0,0.0,53,2.3088403658719416e+20,-0.0,0.0,0.0,0.0,0.0,0.0,0.0,0.0,0,0,0,0.0,0.0,0.0,0.0,0.0,0.0,0.0,0.0,0.0,0.0,0.0,0.0,0.0,0.0,0.0,0.0,0,-107875648.0,53,0.0,106,-107614832.0,0.0,ERR,ERR,ERR,ERR,ERR,ERR,ERR,ERR,ERR,ERR,ERR,ERR,ERR,ERR,ERR,ERR,ERR,ERR,ERR,ERR,ERR,ERR,ERR,ERR,ERR,ERR,ERR,ERR,ERR,ERR,ERR,ERR,ERR,ERR,ERR,ERR,ERR,ERR,ERR,ERR,ERR,ERR,ERR,ERR,ERR,ERR,ERR,ERR,ERR,ERR,ERR,ERR,ERR,ERR,ERR,ERR,ERR,ERR,ERR,ERR,ERR,ERR,ERR,ERR,ERR,ERR,ERR,50.0,60.0,100,0.0,0.0,0.0,0.0,0.0,0.0,0.0,0.0,0.0,0.0,0.0,0.0,0.0,0.0,0.0,0.0,61.6,65,19,65521,50,65476,0,300,0,0,8,20529,65476,0,0,26214,60.0,0.0,0.0,0.0,0.0,0.0
2026-05-17T16:06:55,ERR,ERR,ERR,ERR,ERR,ERR,ERR,ERR,ERR,ERR,ERR,ERR,ERR,ERR,ERR,ERR,ERR,ERR,ERR,ERR,ERR,ERR,ERR,ERR,ERR,ERR,ERR,ERR,ERR,ERR,ERR,ERR,ERR,ERR,ERR,ERR,ERR,ERR,ERR,ERR,ERR,ERR,ERR,ERR,ERR,ERR,ERR,ERR,ERR,ERR,ERR,ERR,ERR,ERR,ERR,ERR,ERR,ERR,ERR,ERR,ERR,ERR,ERR,ERR,ERR,ERR,ERR,ERR,ERR,ERR,ERR,ERR,ERR,ERR,ERR,ERR,ERR,ERR,ERR,ERR,ERR,ERR,ERR,ERR,ERR,ERR,ERR,ERR,ERR,ERR,ERR,ERR,ERR,ERR,ERR,ERR,ERR,ERR,ERR,ERR,ERR,ERR,ERR,ERR,ERR,ERR,ERR,ERR,ERR,ERR,ERR,ERR,ERR,ERR,ERR,ERR,ERR,ERR,ERR,ERR,ERR,ERR,ERR,ERR,ERR,0.0,-0.0,-0.0,0.0,0.0,1.3936040501711995e+18,7.805,0.0,0,0,4,0,8422,0.0,45,0.0,0.0,0.0,0.0,0.0,0,0,0,0,0.0,0,0,0,0,0,0,0,0,0,0,0,0,0,0,0,0,0,0,0,0,0,0,0,0,0,0,0,0,0,0,0,0,0,38,14,7,45,65476,0,300,0,0,8,21553,0.0,-107605600.0,0.0,0.0,0.0,0.0,0.0,0.0,0.0,0.0,0.0,0.0,0.0,0.0,0.0,0.0,0.0,0.0,0.0,0.0,0.0,0.0,-2.004,-0.0,2.004,-2.004,0.0,0.0,0.0,0.0,4972.0,-3.6971856938200465e+19,0.0,0.0,-0.0,-107615272.0,2.718429120148166e+23,0.0,0.0,0.0,0.0,53,2.3088403658719416e+20,-0.0,0.0,0.0,0.0,0.0,0.0,0.0,0.0,0,0,0,0.0,0.0,0.0,0.0,0.0,0.0,0.0,0.0,0.0,0.0,0.0,0.0,0.0,0.0,0.0,0.0,0,-107875648.0,53,0.0,106,-107614832.0,0.0,ERR,ERR,ERR,ERR,ERR,ERR,ERR,ERR,ERR,ERR,ERR,ERR,ERR,ERR,ERR,ERR,ERR,ERR,ERR,ERR,ERR,ERR,ERR,ERR,ERR,ERR,ERR,ERR,ERR,ERR,ERR,ERR,ERR,ERR,ERR,ERR,ERR,ERR,ERR,ERR,ERR,ERR,ERR,ERR,ERR,ERR,ERR,ERR,ERR,ERR,ERR,ERR,ERR,ERR,ERR,ERR,ERR,ERR,ERR,ERR,ERR,ERR,ERR,ERR,ERR,ERR,ERR,50.0,60.0,100,0.0,0.0,0.0,0.0,0.0,0.0,0.0,0.0,0.0,0.0,0.0,0.0,0.0,0.0,0.0,0.0,61.6,65,19,65521,50,65476,0,300,0,0,8,20529,65476,0,0,26214,60.0,0.0,0.0,0.0,0.0,0.0
2026-05-17T16:06:56,ERR,ERR,ERR,ERR,ERR,ERR,ERR,ERR,ERR,ERR,ERR,ERR,ERR,ERR,ERR,ERR,ERR,ERR,ERR,ERR,ERR,ERR,ERR,ERR,ERR,ERR,ERR,ERR,ERR,ERR,ERR,ERR,ERR,ERR,ERR,ERR,ERR,ERR,ERR,ERR,ERR,ERR,ERR,ERR,ERR,ERR,ERR,ERR,ERR,ERR,ERR,ERR,ERR,ERR,ERR,ERR,ERR,ERR,ERR,ERR,ERR,ERR,ERR,ERR,ERR,ERR,ERR,ERR,ERR,ERR,ERR,ERR,ERR,ERR,ERR,ERR,ERR,ERR,ERR,ERR,ERR,ERR,ERR,ERR,ERR,ERR,ERR,ERR,ERR,ERR,ERR,ERR,ERR,ERR,ERR,ERR,ERR,ERR,ERR,ERR,ERR,ERR,ERR,ERR,ERR,ERR,ERR,ERR,ERR,ERR,ERR,ERR,ERR,ERR,ERR,ERR,ERR,ERR,ERR,ERR,ERR,ERR,ERR,ERR,ERR,0.0,-0.0,-0.0,0.0,0.0,1.3936040501711995e+18,7.805,0.0,0,0,4,0,8422,0.0,45,0.0,0.0,0.0,0.0,0.0,0,0,0,0,0.0,0,0,0,0,0,0,0,0,0,0,0,0,0,0,0,0,0,0,0,0,0,0,0,0,0,0,0,0,0,0,0,0,0,38,14,7,45,65476,0,300,0,0,8,21553,0.0,-107605600.0,0.0,0.0,0.0,0.0,0.0,0.0,0.0,0.0,0.0,0.0,0.0,0.0,0.0,0.0,0.0,0.0,0.0,0.0,0.0,0.0,-2.004,-0.0,2.004,-2.004,0.0,0.0,0.0,0.0,4972.0,-3.6971856938200465e+19,0.0,0.0,-0.0,-107615272.0,2.718429120148166e+23,0.0,0.0,0.0,0.0,53,2.3088403658719416e+20,-0.0,0.0,0.0,0.0,0.0,0.0,0.0,0.0,0,0,0,0.0,0.0,0.0,0.0,0.0,0.0,0.0,0.0,0.0,0.0,0.0,0.0,0.0,0.0,0.0,0.0,0,-107875648.0,53,0.0,106,-107614832.0,0.0,ERR,ERR,ERR,ERR,ERR,ERR,ERR,ERR,ERR,ERR,ERR,ERR,ERR,ERR,ERR,ERR,ERR,ERR,ERR,ERR,ERR,ERR,ERR,ERR,ERR,ERR,ERR,ERR,ERR,ERR,ERR,ERR,ERR,ERR,ERR,ERR,ERR,ERR,ERR,ERR,ERR,ERR,ERR,ERR,ERR,ERR,ERR,ERR,ERR,ERR,ERR,ERR,ERR,ERR,ERR,ERR,ERR,ERR,ERR,ERR,ERR,ERR,ERR,ERR,ERR,ERR,ERR,50.0,60.0,100,0.0,0.0,0.0,0.0,0.0,0.0,0.0,0.0,0.0,0.0,0.0,0.0,0.0,0.0,0.0,0.0,61.6,65,19,65521,50,65476,0,300,0,0,8,20529,65476,0,0,26214,60.0,0.0,0.0,0.0,0.0,0.0
2026-05-17T16:06:57,ERR,ERR,ERR,ERR,ERR,ERR,ERR,ERR,ERR,ERR,ERR,ERR,ERR,ERR,ERR,ERR,ERR,ERR,ERR,ERR,ERR,ERR,ERR,ERR,ERR,ERR,ERR,ERR,ERR,ERR,ERR,ERR,ERR,ERR,ERR,ERR,ERR,ERR,ERR,ERR,ERR,ERR,ERR,ERR,ERR,ERR,ERR,ERR,ERR,ERR,ERR,ERR,ERR,ERR,ERR,ERR,ERR,ERR,ERR,ERR,ERR,ERR,ERR,ERR,ERR,ERR,ERR,ERR,ERR,ERR,ERR,ERR,ERR,ERR,ERR,ERR,ERR,ERR,ERR,ERR,ERR,ERR,ERR,ERR,ERR,ERR,ERR,ERR,ERR,ERR,ERR,ERR,ERR,ERR,ERR,ERR,ERR,ERR,ERR,ERR,ERR,ERR,ERR,ERR,ERR,ERR,ERR,ERR,ERR,ERR,ERR,ERR,ERR,ERR,ERR,ERR,ERR,ERR,ERR,ERR,ERR,ERR,ERR,ERR,ERR,0.0,-0.0,-0.0,0.0,0.0,1.3936040501711995e+18,7.805,0.0,0,0,4,0,8422,0.0,45,0.0,0.0,0.0,0.0,0.0,0,0,0,0,0.0,0,0,0,0,0,0,0,0,0,0,0,0,0,0,0,0,0,0,0,0,0,0,0,0,0,0,0,0,0,0,0,0,0,38,14,7,45,65476,0,300,0,0,8,21553,0.0,-107605600.0,0.0,0.0,0.0,0.0,0.0,0.0,0.0,0.0,0.0,0.0,0.0,0.0,0.0,0.0,0.0,0.0,0.0,0.0,0.0,0.0,-2.004,-0.0,2.004,-2.004,0.0,0.0,0.0,0.0,4972.0,-3.6971856938200465e+19,0.0,0.0,-0.0,-107615272.0,2.718429120148166e+23,0.0,0.0,0.0,0.0,53,2.3088403658719416e+20,-0.0,0.0,0.0,0.0,0.0,0.0,0.0,0.0,0,0,0,0.0,0.0,0.0,0.0,0.0,0.0,0.0,0.0,0.0,0.0,0.0,0.0,0.0,0.0,0.0,0.0,0,-107875648.0,53,0.0,106,-107614832.0,0.0,ERR,ERR,ERR,ERR,ERR,ERR,ERR,ERR,ERR,ERR,ERR,ERR,ERR,ERR,ERR,ERR,ERR,ERR,ERR,ERR,ERR,ERR,ERR,ERR,ERR,ERR,ERR,ERR,ERR,ERR,ERR,ERR,ERR,ERR,ERR,ERR,ERR,ERR,ERR,ERR,ERR,ERR,ERR,ERR,ERR,ERR,ERR,ERR,ERR,ERR,ERR,ERR,ERR,ERR,ERR,ERR,ERR,ERR,ERR,ERR,ERR,ERR,ERR,ERR,ERR,ERR,ERR,50.0,60.0,100,0.0,0.0,0.0,0.0,0.0,0.0,0.0,0.0,0.0,0.0,0.0,0.0,0.0,0.0,0.0,0.0,61.6,65,19,65521,50,65476,0,300,0,0,8,20529,65476,0,0,26214,60.0,0.0,0.0,0.0,0.0,0.0
2026-05-17T16:06:58,ERR,ERR,ERR,ERR,ERR,ERR,ERR,ERR,ERR,ERR,ERR,ERR,ERR,ERR,ERR,ERR,ERR,ERR,ERR,ERR,ERR,ERR,ERR,ERR,ERR,ERR,ERR,ERR,ERR,ERR,ERR,ERR,ERR,ERR,ERR,ERR,ERR,ERR,ERR,ERR,ERR,ERR,ERR,ERR,ERR,ERR,ERR,ERR,ERR,ERR,ERR,ERR,ERR,ERR,ERR,ERR,ERR,ERR,ERR,ERR,ERR,ERR,ERR,ERR,ERR,ERR,ERR,ERR,ERR,ERR,ERR,ERR,ERR,ERR,ERR,ERR,ERR,ERR,ERR,ERR,ERR,ERR,ERR,ERR,ERR,ERR,ERR,ERR,ERR,ERR,ERR,ERR,ERR,ERR,ERR,ERR,ERR,ERR,ERR,ERR,ERR,ERR,ERR,ERR,ERR,ERR,ERR,ERR,ERR,ERR,ERR,ERR,ERR,ERR,ERR,ERR,ERR,ERR,ERR,ERR,ERR,ERR,ERR,ERR,ERR,0.0,-0.0,-0.0,0.0,0.0,1.3936040501711995e+18,7.805,0.0,0,0,4,0,8422,0.0,45,0.0,0.0,0.0,0.0,0.0,0,0,0,0,0.0,0,0,0,0,0,0,0,0,0,0,0,0,0,0,0,0,0,0,0,0,0,0,0,0,0,0,0,0,0,0,0,0,0,38,14,7,45,65476,0,300,0,0,8,21553,0.0,-107605600.0,0.0,0.0,0.0,0.0,0.0,0.0,0.0,0.0,0.0,0.0,0.0,0.0,0.0,0.0,0.0,0.0,0.0,0.0,0.0,0.0,-2.004,-0.0,2.004,-2.004,0.0,0.0,0.0,0.0,4977.0,-0.0,0.0,0.0,-0.0,0.0,2.718429120148166e+23,0.0,0.0,0.0,0.0,53,1.9056979486756045e+17,0.0,0.0,0.0,0.0,0.0,0.0,0.0,0.0,0,0,0,0.0,0.0,0.0,0.0,0.0,0.0,0.0,0.0,0.0,0.0,0.0,0.0,0.0,0.0,0.0,0.0,0,-107875648.0,53,0.0,106,-107614832.0,-107350944.0,ERR,ERR,ERR,ERR,ERR,ERR,ERR,ERR,ERR,ERR,ERR,ERR,ERR,ERR,ERR,ERR,ERR,ERR,ERR,ERR,ERR,ERR,ERR,ERR,ERR,ERR,ERR,ERR,ERR,ERR,ERR,ERR,ERR,ERR,ERR,ERR,ERR,ERR,ERR,ERR,ERR,ERR,ERR,ERR,ERR,ERR,ERR,ERR,ERR,ERR,ERR,ERR,ERR,ERR,ERR,ERR,ERR,ERR,ERR,ERR,ERR,ERR,ERR,ERR,ERR,ERR,ERR,50.0,60.0,100,0.0,0.0,0.0,0.0,0.0,0.0,0.0,0.0,0.0,0.0,0.0,0.0,0.0,0.0,0.0,0.0,61.6,65,19,65521,50,65476,0,300,0,0,8,20529,65476,0,0,26214,60.0,0.0,0.0,0.0,0.0,0.0
2026-05-17T16:06:59,ERR,ERR,ERR,ERR,ERR,ERR,ERR,ERR,ERR,ERR,ERR,ERR,ERR,ERR,ERR,ERR,ERR,ERR,ERR,ERR,ERR,ERR,ERR,ERR,ERR,ERR,ERR,ERR,ERR,ERR,ERR,ERR,ERR,ERR,ERR,ERR,ERR,ERR,ERR,ERR,ERR,ERR,ERR,ERR,ERR,ERR,ERR,ERR,ERR,ERR,ERR,ERR,ERR,ERR,ERR,ERR,ERR,ERR,ERR,ERR,ERR,ERR,ERR,ERR,ERR,ERR,ERR,ERR,ERR,ERR,ERR,ERR,ERR,ERR,ERR,ERR,ERR,ERR,ERR,ERR,ERR,ERR,ERR,ERR,ERR,ERR,ERR,ERR,ERR,ERR,ERR,ERR,ERR,ERR,ERR,ERR,ERR,ERR,ERR,ERR,ERR,ERR,ERR,ERR,ERR,ERR,ERR,ERR,ERR,ERR,ERR,ERR,ERR,ERR,ERR,ERR,ERR,ERR,ERR,ERR,ERR,ERR,ERR,ERR,ERR,0.0,-0.0,-0.0,0.0,0.0,1.3936040501711995e+18,7.805,0.0,0,0,4,0,8422,0.0,45,0.0,0.0,0.0,0.0,0.0,0,0,0,0,0.0,0,0,0,0,0,0,0,0,0,0,0,0,0,0,0,0,0,0,0,0,0,0,0,0,0,0,0,0,0,0,0,0,0,38,14,7,45,65476,0,300,0,0,8,21553,0.0,-107605600.0,0.0,0.0,0.0,0.0,0.0,0.0,0.0,0.0,0.0,0.0,0.0,0.0,0.0,0.0,0.0,0.0,0.0,0.0,0.0,0.0,-2.004,-0.0,2.004,-2.004,0.0,0.0,0.0,0.0,4977.0,-0.0,0.0,0.0,-0.0,0.0,2.718429120148166e+23,0.0,0.0,0.0,0.0,53,1.9056979486756045e+17,0.0,0.0,0.0,0.0,0.0,0.0,0.0,0.0,0,0,0,0.0,0.0,0.0,0.0,0.0,0.0,0.0,0.0,0.0,0.0,0.0,0.0,0.0,0.0,0.0,0.0,0,-107875648.0,53,0.0,106,-107614832.0,-107350944.0,ERR,ERR,ERR,ERR,ERR,ERR,ERR,ERR,ERR,ERR,ERR,ERR,ERR,ERR,ERR,ERR,ERR,ERR,ERR,ERR,ERR,ERR,ERR,ERR,ERR,ERR,ERR,ERR,ERR,ERR,ERR,ERR,ERR,ERR,ERR,ERR,ERR,ERR,ERR,ERR,ERR,ERR,ERR,ERR,ERR,ERR,ERR,ERR,ERR,ERR,ERR,ERR,ERR,ERR,ERR,ERR,ERR,ERR,ERR,ERR,ERR,ERR,ERR,ERR,ERR,ERR,ERR,50.0,60.0,100,0.0,0.0,0.0,0.0,0.0,0.0,0.0,0.0,0.0,0.0,0.0,0.0,0.0,0.0,0.0,0.0,61.6,65,19,65521,50,65476,0,300,0,0,8,20529,65476,0,0,26214,60.0,0.0,0.0,0.0,0.0,0.0
2026-05-17T16:07:00,ERR,ERR,ERR,ERR,ERR,ERR,ERR,ERR,ERR,ERR,ERR,ERR,ERR,ERR,ERR,ERR,ERR,ERR,ERR,ERR,ERR,ERR,ERR,ERR,ERR,ERR,ERR,ERR,ERR,ERR,ERR,ERR,ERR,ERR,ERR,ERR,ERR,ERR,ERR,ERR,ERR,ERR,ERR,ERR,ERR,ERR,ERR,ERR,ERR,ERR,ERR,ERR,ERR,ERR,ERR,ERR,ERR,ERR,ERR,ERR,ERR,ERR,ERR,ERR,ERR,ERR,ERR,ERR,ERR,ERR,ERR,ERR,ERR,ERR,ERR,ERR,ERR,ERR,ERR,ERR,ERR,ERR,ERR,ERR,ERR,ERR,ERR,ERR,ERR,ERR,ERR,ERR,ERR,ERR,ERR,ERR,ERR,ERR,ERR,ERR,ERR,ERR,ERR,ERR,ERR,ERR,ERR,ERR,ERR,ERR,ERR,ERR,ERR,ERR,ERR,ERR,ERR,ERR,ERR,ERR,ERR,ERR,ERR,ERR,ERR,0.0,-0.0,-0.0,0.0,0.0,1.3936040501711995e+18,7.805,0.0,0,0,4,0,8422,0.0,45,0.0,0.0,0.0,0.0,0.0,0,0,0,0,0.0,0,0,0,0,0,0,0,0,0,0,0,0,0,0,0,0,0,0,0,0,0,0,0,0,0,0,0,0,0,0,0,0,0,38,14,7,45,65476,0,300,0,0,8,21553,0.0,-107605600.0,0.0,0.0,0.0,0.0,0.0,0.0,0.0,0.0,0.0,0.0,0.0,0.0,0.0,0.0,0.0,0.0,0.0,0.0,0.0,0.0,-2.004,-0.0,2.004,-2.004,0.0,0.0,0.0,0.0,4977.0,-0.0,0.0,0.0,-0.0,0.0,2.718429120148166e+23,0.0,0.0,0.0,0.0,53,1.9056979486756045e+17,0.0,0.0,0.0,0.0,0.0,0.0,0.0,0.0,0,0,0,0.0,0.0,0.0,0.0,0.0,0.0,0.0,0.0,0.0,0.0,0.0,0.0,0.0,0.0,0.0,0.0,0,-107875648.0,53,0.0,106,-107614832.0,-107350944.0,ERR,ERR,ERR,ERR,ERR,ERR,ERR,ERR,ERR,ERR,ERR,ERR,ERR,ERR,ERR,ERR,ERR,ERR,ERR,ERR,ERR,ERR,ERR,ERR,ERR,ERR,ERR,ERR,ERR,ERR,ERR,ERR,ERR,ERR,ERR,ERR,ERR,ERR,ERR,ERR,ERR,ERR,ERR,ERR,ERR,ERR,ERR,ERR,ERR,ERR,ERR,ERR,ERR,ERR,ERR,ERR,ERR,ERR,ERR,ERR,ERR,ERR,ERR,ERR,ERR,ERR,ERR,50.0,60.0,100,0.0,0.0,0.0,0.0,0.0,0.0,0.0,0.0,0.0,0.0,0.0,0.0,0.0,0.0,0.0,0.0,61.6,65,19,65521,50,65476,0,300,0,0,8,20529,65476,0,0,26214,60.0,0.0,0.0,0.0,0.0,0.0
2026-05-17T16:07:01,ERR,ERR,ERR,ERR,ERR,ERR,ERR,ERR,ERR,ERR,ERR,ERR,ERR,ERR,ERR,ERR,ERR,ERR,ERR,ERR,ERR,ERR,ERR,ERR,ERR,ERR,ERR,ERR,ERR,ERR,ERR,ERR,ERR,ERR,ERR,ERR,ERR,ERR,ERR,ERR,ERR,ERR,ERR,ERR,ERR,ERR,ERR,ERR,ERR,ERR,ERR,ERR,ERR,ERR,ERR,ERR,ERR,ERR,ERR,ERR,ERR,ERR,ERR,ERR,ERR,ERR,ERR,ERR,ERR,ERR,ERR,ERR,ERR,ERR,ERR,ERR,ERR,ERR,ERR,ERR,ERR,ERR,ERR,ERR,ERR,ERR,ERR,ERR,ERR,ERR,ERR,ERR,ERR,ERR,ERR,ERR,ERR,ERR,ERR,ERR,ERR,ERR,ERR,ERR,ERR,ERR,ERR,ERR,ERR,ERR,ERR,ERR,ERR,ERR,ERR,ERR,ERR,ERR,ERR,ERR,ERR,ERR,ERR,ERR,ERR,0.0,-0.0,-0.0,0.0,0.0,1.3936040501711995e+18,7.805,0.0,0,0,4,0,8422,0.0,45,0.0,0.0,0.0,0.0,0.0,0,0,0,0,0.0,0,0,0,0,0,0,0,0,0,0,0,0,0,0,0,0,0,0,0,0,0,0,0,0,0,0,0,0,0,0,0,0,0,38,14,7,45,65476,0,300,0,0,8,21553,0.0,-107605600.0,0.0,0.0,0.0,0.0,0.0,0.0,0.0,0.0,0.0,0.0,0.0,0.0,0.0,0.0,0.0,0.0,0.0,0.0,0.0,0.0,-2.004,-0.0,2.004,-2.004,0.0,0.0,0.0,0.0,4977.0,-0.0,0.0,0.0,-0.0,0.0,2.718429120148166e+23,0.0,0.0,0.0,0.0,53,1.9056979486756045e+17,0.0,0.0,0.0,0.0,0.0,0.0,0.0,0.0,0,0,0,0.0,0.0,0.0,0.0,0.0,0.0,0.0,0.0,0.0,0.0,0.0,0.0,0.0,0.0,0.0,0.0,0,-107875648.0,53,0.0,106,-107614832.0,-107350944.0,ERR,ERR,ERR,ERR,ERR,ERR,ERR,ERR,ERR,ERR,ERR,ERR,ERR,ERR,ERR,ERR,ERR,ERR,ERR,ERR,ERR,ERR,ERR,ERR,ERR,ERR,ERR,ERR,ERR,ERR,ERR,ERR,ERR,ERR,ERR,ERR,ERR,ERR,ERR,ERR,ERR,ERR,ERR,ERR,ERR,ERR,ERR,ERR,ERR,ERR,ERR,ERR,ERR,ERR,ERR,ERR,ERR,ERR,ERR,ERR,ERR,ERR,ERR,ERR,ERR,ERR,ERR,50.0,60.0,100,0.0,0.0,0.0,0.0,0.0,0.0,0.0,0.0,0.0,0.0,0.0,0.0,0.0,0.0,0.0,0.0,61.6,65,19,65521,50,65476,0,300,0,0,8,20529,65476,0,0,26214,60.0,0.0,0.0,0.0,0.0,0.0
2026-05-17T16:07:02,ERR,ERR,ERR,ERR,ERR,ERR,ERR,ERR,ERR,ERR,ERR,ERR,ERR,ERR,ERR,ERR,ERR,ERR,ERR,ERR,ERR,ERR,ERR,ERR,ERR,ERR,ERR,ERR,ERR,ERR,ERR,ERR,ERR,ERR,ERR,ERR,ERR,ERR,ERR,ERR,ERR,ERR,ERR,ERR,ERR,ERR,ERR,ERR,ERR,ERR,ERR,ERR,ERR,ERR,ERR,ERR,ERR,ERR,ERR,ERR,ERR,ERR,ERR,ERR,ERR,ERR,ERR,ERR,ERR,ERR,ERR,ERR,ERR,ERR,ERR,ERR,ERR,ERR,ERR,ERR,ERR,ERR,ERR,ERR,ERR,ERR,ERR,ERR,ERR,ERR,ERR,ERR,ERR,ERR,ERR,ERR,ERR,ERR,ERR,ERR,ERR,ERR,ERR,ERR,ERR,ERR,ERR,ERR,ERR,ERR,ERR,ERR,ERR,ERR,ERR,ERR,ERR,ERR,ERR,ERR,ERR,ERR,ERR,ERR,ERR,0.0,-0.0,-0.0,0.0,0.0,1.3936040501711995e+18,7.805,0.0,0,0,4,0,8422,0.0,45,0.0,0.0,0.0,0.0,0.0,0,0,0,0,0.0,0,0,0,0,0,0,0,0,0,0,0,0,0,0,0,0,0,0,0,0,0,0,0,0,0,0,0,0,0,0,0,0,0,38,14,7,45,65476,0,300,0,0,8,21553,0.0,-107605600.0,0.0,0.0,0.0,0.0,0.0,0.0,0.0,0.0,0.0,0.0,0.0,0.0,0.0,0.0,0.0,0.0,0.0,0.0,0.0,0.0,-2.004,-0.0,2.004,-2.004,0.0,0.0,0.0,0.0,4977.0,-0.0,0.0,0.0,-0.0,0.0,2.718429120148166e+23,0.0,0.0,0.0,0.0,53,1.9056979486756045e+17,0.0,0.0,0.0,0.0,0.0,0.0,0.0,0.0,0,0,0,0.0,0.0,0.0,0.0,0.0,0.0,0.0,0.0,0.0,0.0,0.0,0.0,0.0,0.0,0.0,0.0,0,-107875648.0,53,0.0,106,-107614832.0,-107350944.0,ERR,ERR,ERR,ERR,ERR,ERR,ERR,ERR,ERR,ERR,ERR,ERR,ERR,ERR,ERR,ERR,ERR,ERR,ERR,ERR,ERR,ERR,ERR,ERR,ERR,ERR,ERR,ERR,ERR,ERR,ERR,ERR,ERR,ERR,ERR,ERR,ERR,ERR,ERR,ERR,ERR,ERR,ERR,ERR,ERR,ERR,ERR,ERR,ERR,ERR,ERR,ERR,ERR,ERR,ERR,ERR,ERR,ERR,ERR,ERR,ERR,ERR,ERR,ERR,ERR,ERR,ERR,50.0,60.0,100,0.0,0.0,0.0,0.0,0.0,0.0,0.0,0.0,0.0,0.0,0.0,0.0,0.0,0.0,0.0,0.0,61.6,65,19,65521,50,65476,0,300,0,0,8,20529,65476,0,0,26214,60.0,0.0,0.0,0.0,0.0,0.0
2026-05-17T16:07:03,ERR,ERR,ERR,ERR,ERR,ERR,ERR,ERR,ERR,ERR,ERR,ERR,ERR,ERR,ERR,ERR,ERR,ERR,ERR,ERR,ERR,ERR,ERR,ERR,ERR,ERR,ERR,ERR,ERR,ERR,ERR,ERR,ERR,ERR,ERR,ERR,ERR,ERR,ERR,ERR,ERR,ERR,ERR,ERR,ERR,ERR,ERR,ERR,ERR,ERR,ERR,ERR,ERR,ERR,ERR,ERR,ERR,ERR,ERR,ERR,ERR,ERR,ERR,ERR,ERR,ERR,ERR,ERR,ERR,ERR,ERR,ERR,ERR,ERR,ERR,ERR,ERR,ERR,ERR,ERR,ERR,ERR,ERR,ERR,ERR,ERR,ERR,ERR,ERR,ERR,ERR,ERR,ERR,ERR,ERR,ERR,ERR,ERR,ERR,ERR,ERR,ERR,ERR,ERR,ERR,ERR,ERR,ERR,ERR,ERR,ERR,ERR,ERR,ERR,ERR,ERR,ERR,ERR,ERR,ERR,ERR,ERR,ERR,ERR,ERR,0.0,-0.0,-0.0,0.0,0.0,1.3936040501711995e+18,7.805,0.0,0,0,4,0,8422,0.0,45,0.0,0.0,0.0,0.0,0.0,0,0,0,0,0.0,0,0,0,0,0,0,0,0,0,0,0,0,0,0,0,0,0,0,0,0,0,0,0,0,0,0,0,0,0,0,0,0,0,38,14,7,45,65476,0,300,0,0,8,21553,0.0,-107605600.0,0.0,0.0,0.0,0.0,0.0,0.0,0.0,0.0,0.0,0.0,0.0,0.0,0.0,0.0,0.0,0.0,0.0,0.0,0.0,0.0,-2.004,-0.0,-0.0,-2.004,0.0,0.0,0.0,0.0,4975.0,0.0,0.0,0.0,-0.0,-107615272.0,2.718429120148166e+23,0.0,0.0,0.0,0.0,53,152018454839296.0,-0.0,0.0,0.0,0.0,0.0,0.0,0.0,0.0,0,0,0,0.0,0.0,0.0,0.0,0.0,0.0,0.0,0.0,0.0,0.0,0.0,0.0,0.0,0.0,0.0,0.0,0,-107875648.0,53,0.0,106,-107614832.0,-107350944.0,ERR,ERR,ERR,ERR,ERR,ERR,ERR,ERR,ERR,ERR,ERR,ERR,ERR,ERR,ERR,ERR,ERR,ERR,ERR,ERR,ERR,ERR,ERR,ERR,ERR,ERR,ERR,ERR,ERR,ERR,ERR,ERR,ERR,ERR,ERR,ERR,ERR,ERR,ERR,ERR,ERR,ERR,ERR,ERR,ERR,ERR,ERR,ERR,ERR,ERR,ERR,ERR,ERR,ERR,ERR,ERR,ERR,ERR,ERR,ERR,ERR,ERR,ERR,ERR,ERR,ERR,ERR,50.0,60.0,100,0.0,0.0,0.0,0.0,0.0,0.0,0.0,0.0,0.0,0.0,0.0,0.0,0.0,0.0,0.0,0.0,61.6,65,19,65521,50,65476,0,300,0,0,8,20529,65476,0,0,26214,60.0,0.0,0.0,0.0,0.0,0.0
2026-05-17T16:07:04,ERR,ERR,ERR,ERR,ERR,ERR,ERR,ERR,ERR,ERR,ERR,ERR,ERR,ERR,ERR,ERR,ERR,ERR,ERR,ERR,ERR,ERR,ERR,ERR,ERR,ERR,ERR,ERR,ERR,ERR,ERR,ERR,ERR,ERR,ERR,ERR,ERR,ERR,ERR,ERR,ERR,ERR,ERR,ERR,ERR,ERR,ERR,ERR,ERR,ERR,ERR,ERR,ERR,ERR,ERR,ERR,ERR,ERR,ERR,ERR,ERR,ERR,ERR,ERR,ERR,ERR,ERR,ERR,ERR,ERR,ERR,ERR,ERR,ERR,ERR,ERR,ERR,ERR,ERR,ERR,ERR,ERR,ERR,ERR,ERR,ERR,ERR,ERR,ERR,ERR,ERR,ERR,ERR,ERR,ERR,ERR,ERR,ERR,ERR,ERR,ERR,ERR,ERR,ERR,ERR,ERR,ERR,ERR,ERR,ERR,ERR,ERR,ERR,ERR,ERR,ERR,ERR,ERR,ERR,ERR,ERR,ERR,ERR,ERR,ERR,0.0,-0.0,-0.0,0.0,0.0,1.3936040501711995e+18,7.805,0.0,0,0,4,0,8422,0.0,45,0.0,0.0,0.0,0.0,0.0,0,0,0,0,0.0,0,0,0,0,0,0,0,0,0,0,0,0,0,0,0,0,0,0,0,0,0,0,0,0,0,0,0,0,0,0,0,0,0,38,14,7,45,65476,0,300,0,0,8,21553,0.0,-107605600.0,0.0,0.0,0.0,0.0,0.0,0.0,0.0,0.0,0.0,0.0,0.0,0.0,0.0,0.0,0.0,0.0,0.0,0.0,0.0,0.0,-2.004,-0.0,-0.0,-2.004,0.0,0.0,0.0,0.0,4975.0,0.0,0.0,0.0,-0.0,-107615272.0,2.718429120148166e+23,0.0,0.0,0.0,0.0,53,152018454839296.0,-0.0,0.0,0.0,0.0,0.0,0.0,0.0,0.0,0,0,0,0.0,0.0,0.0,0.0,0.0,0.0,0.0,0.0,0.0,0.0,0.0,0.0,0.0,0.0,0.0,0.0,0,-107875648.0,53,0.0,106,-107614832.0,-107350944.0,ERR,ERR,ERR,ERR,ERR,ERR,ERR,ERR,ERR,ERR,ERR,ERR,ERR,ERR,ERR,ERR,ERR,ERR,ERR,ERR,ERR,ERR,ERR,ERR,ERR,ERR,ERR,ERR,ERR,ERR,ERR,ERR,ERR,ERR,ERR,ERR,ERR,ERR,ERR,ERR,ERR,ERR,ERR,ERR,ERR,ERR,ERR,ERR,ERR,ERR,ERR,ERR,ERR,ERR,ERR,ERR,ERR,ERR,ERR,ERR,ERR,ERR,ERR,ERR,ERR,ERR,ERR,50.0,60.0,100,0.0,0.0,0.0,0.0,0.0,0.0,0.0,0.0,0.0,0.0,0.0,0.0,0.0,0.0,0.0,0.0,61.6,65,19,65521,50,65476,0,300,0,0,8,20529,65476,0,0,26214,60.0,0.0,0.0,0.0,0.0,0.0
2026-05-17T16:07:05,ERR,ERR,ERR,ERR,ERR,ERR,ERR,ERR,ERR,ERR,ERR,ERR,ERR,ERR,ERR,ERR,ERR,ERR,ERR,ERR,ERR,ERR,ERR,ERR,ERR,ERR,ERR,ERR,ERR,ERR,ERR,ERR,ERR,ERR,ERR,ERR,ERR,ERR,ERR,ERR,ERR,ERR,ERR,ERR,ERR,ERR,ERR,ERR,ERR,ERR,ERR,ERR,ERR,ERR,ERR,ERR,ERR,ERR,ERR,ERR,ERR,ERR,ERR,ERR,ERR,ERR,ERR,ERR,ERR,ERR,ERR,ERR,ERR,ERR,ERR,ERR,ERR,ERR,ERR,ERR,ERR,ERR,ERR,ERR,ERR,ERR,ERR,ERR,ERR,ERR,ERR,ERR,ERR,ERR,ERR,ERR,ERR,ERR,ERR,ERR,ERR,ERR,ERR,ERR,ERR,ERR,ERR,ERR,ERR,ERR,ERR,ERR,ERR,ERR,ERR,ERR,ERR,ERR,ERR,ERR,ERR,ERR,ERR,ERR,ERR,0.0,-0.0,-0.0,0.0,0.0,1.3936040501711995e+18,7.805,0.0,0,0,4,0,8422,0.0,45,0.0,0.0,0.0,0.0,0.0,0,0,0,0,0.0,0,0,0,0,0,0,0,0,0,0,0,0,0,0,0,0,0,0,0,0,0,0,0,0,0,0,0,0,0,0,0,0,0,38,14,7,45,65476,0,300,0,0,8,21553,0.0,-107605600.0,0.0,0.0,0.0,0.0,0.0,0.0,0.0,0.0,0.0,0.0,0.0,0.0,0.0,0.0,0.0,0.0,0.0,0.0,0.0,0.0,-2.004,-0.0,-0.0,-2.004,0.0,0.0,0.0,0.0,4975.0,0.0,0.0,0.0,-0.0,-107615272.0,2.718429120148166e+23,0.0,0.0,0.0,0.0,53,152018454839296.0,-0.0,0.0,0.0,0.0,0.0,0.0,0.0,0.0,0,0,0,0.0,0.0,0.0,0.0,0.0,0.0,0.0,0.0,0.0,0.0,0.0,0.0,0.0,0.0,0.0,0.0,0,-107875648.0,53,0.0,106,-107614832.0,-107350944.0,ERR,ERR,ERR,ERR,ERR,ERR,ERR,ERR,ERR,ERR,ERR,ERR,ERR,ERR,ERR,ERR,ERR,ERR,ERR,ERR,ERR,ERR,ERR,ERR,ERR,ERR,ERR,ERR,ERR,ERR,ERR,ERR,ERR,ERR,ERR,ERR,ERR,ERR,ERR,ERR,ERR,ERR,ERR,ERR,ERR,ERR,ERR,ERR,ERR,ERR,ERR,ERR,ERR,ERR,ERR,ERR,ERR,ERR,ERR,ERR,ERR,ERR,ERR,ERR,ERR,ERR,ERR,50.0,60.0,100,0.0,0.0,0.0,0.0,0.0,0.0,0.0,0.0,0.0,0.0,0.0,0.0,0.0,0.0,0.0,0.0,62.0,65,19,65521,50,65476,0,300,0,0,8,20529,65476,0,0,26214,60.0,0.0,0.0,0.0,0.0,0.0
2026-05-17T16:07:06,ERR,ERR,ERR,ERR,ERR,ERR,ERR,ERR,ERR,ERR,ERR,ERR,ERR,ERR,ERR,ERR,ERR,ERR,ERR,ERR,ERR,ERR,ERR,ERR,ERR,ERR,ERR,ERR,ERR,ERR,ERR,ERR,ERR,ERR,ERR,ERR,ERR,ERR,ERR,ERR,ERR,ERR,ERR,ERR,ERR,ERR,ERR,ERR,ERR,ERR,ERR,ERR,ERR,ERR,ERR,ERR,ERR,ERR,ERR,ERR,ERR,ERR,ERR,ERR,ERR,ERR,ERR,ERR,ERR,ERR,ERR,ERR,ERR,ERR,ERR,ERR,ERR,ERR,ERR,ERR,ERR,ERR,ERR,ERR,ERR,ERR,ERR,ERR,ERR,ERR,ERR,ERR,ERR,ERR,ERR,ERR,ERR,ERR,ERR,ERR,ERR,ERR,ERR,ERR,ERR,ERR,ERR,ERR,ERR,ERR,ERR,ERR,ERR,ERR,ERR,ERR,ERR,ERR,ERR,ERR,ERR,ERR,ERR,ERR,ERR,0.0,-0.0,-0.0,0.0,0.0,1.3936040501711995e+18,7.805,0.0,0,0,4,0,8422,0.0,45,0.0,0.0,0.0,0.0,0.0,0,0,0,0,0.0,0,0,0,0,0,0,0,0,0,0,0,0,0,0,0,0,0,0,0,0,0,0,0,0,0,0,0,0,0,0,0,0,0,38,14,7,45,65476,0,300,0,0,8,21553,0.0,-107605600.0,0.0,0.0,0.0,0.0,0.0,0.0,0.0,0.0,0.0,0.0,0.0,0.0,0.0,0.0,0.0,0.0,0.0,0.0,0.0,0.0,-2.004,-0.0,-0.0,-2.004,0.0,0.0,0.0,0.0,4975.0,0.0,0.0,0.0,-0.0,-107615272.0,2.718429120148166e+23,0.0,0.0,0.0,0.0,53,152018454839296.0,-0.0,0.0,0.0,0.0,0.0,0.0,0.0,0.0,0,0,0,0.0,0.0,0.0,0.0,0.0,0.0,0.0,0.0,0.0,0.0,0.0,0.0,0.0,0.0,0.0,0.0,0,-107875648.0,53,0.0,106,-107614832.0,-107350944.0,ERR,ERR,ERR,ERR,ERR,ERR,ERR,ERR,ERR,ERR,ERR,ERR,ERR,ERR,ERR,ERR,ERR,ERR,ERR,ERR,ERR,ERR,ERR,ERR,ERR,ERR,ERR,ERR,ERR,ERR,ERR,ERR,ERR,ERR,ERR,ERR,ERR,ERR,ERR,ERR,ERR,ERR,ERR,ERR,ERR,ERR,ERR,ERR,ERR,ERR,ERR,ERR,ERR,ERR,ERR,ERR,ERR,ERR,ERR,ERR,ERR,ERR,ERR,ERR,ERR,ERR,ERR,50.0,60.0,100,0.0,0.0,0.0,0.0,0.0,0.0,0.0,0.0,0.0,0.0,0.0,0.0,0.0,0.0,0.0,0.0,62.0,65,19,65521,50,65476,0,300,0,0,8,20529,65476,0,0,26214,60.0,0.0,0.0,0.0,0.0,0.0
2026-05-17T16:07:07,ERR,ERR,ERR,ERR,ERR,ERR,ERR,ERR,ERR,ERR,ERR,ERR,ERR,ERR,ERR,ERR,ERR,ERR,ERR,ERR,ERR,ERR,ERR,ERR,ERR,ERR,ERR,ERR,ERR,ERR,ERR,ERR,ERR,ERR,ERR,ERR,ERR,ERR,ERR,ERR,ERR,ERR,ERR,ERR,ERR,ERR,ERR,ERR,ERR,ERR,ERR,ERR,ERR,ERR,ERR,ERR,ERR,ERR,ERR,ERR,ERR,ERR,ERR,ERR,ERR,ERR,ERR,ERR,ERR,ERR,ERR,ERR,ERR,ERR,ERR,ERR,ERR,ERR,ERR,ERR,ERR,ERR,ERR,ERR,ERR,ERR,ERR,ERR,ERR,ERR,ERR,ERR,ERR,ERR,ERR,ERR,ERR,ERR,ERR,ERR,ERR,ERR,ERR,ERR,ERR,ERR,ERR,ERR,ERR,ERR,ERR,ERR,ERR,ERR,ERR,ERR,ERR,ERR,ERR,ERR,ERR,ERR,ERR,ERR,ERR,0.0,-0.0,-0.0,0.0,0.0,1.3936040501711995e+18,7.805,0.0,0,0,4,0,8422,0.0,45,0.0,0.0,0.0,0.0,0.0,0,0,0,0,0.0,0,0,0,0,0,0,0,0,0,0,0,0,0,0,0,0,0,0,0,0,0,0,0,0,0,0,0,0,0,0,0,0,0,38,14,7,45,65476,0,300,0,0,8,21553,0.0,-107605600.0,0.0,0.0,0.0,0.0,0.0,0.0,0.0,0.0,0.0,0.0,0.0,0.0,0.0,0.0,0.0,0.0,0.0,0.0,0.0,0.0,-2.004,-0.0,-0.0,-2.004,0.0,0.0,0.0,0.0,4975.0,0.0,0.0,0.0,-0.0,-107615272.0,2.718429120148166e+23,0.0,0.0,0.0,0.0,53,152018454839296.0,-0.0,0.0,0.0,0.0,0.0,0.0,0.0,0.0,0,0,0,0.0,0.0,0.0,0.0,0.0,0.0,0.0,0.0,0.0,0.0,0.0,0.0,0.0,0.0,0.0,0.0,0,-107875648.0,53,0.0,106,-107614832.0,-107350944.0,ERR,ERR,ERR,ERR,ERR,ERR,ERR,ERR,ERR,ERR,ERR,ERR,ERR,ERR,ERR,ERR,ERR,ERR,ERR,ERR,ERR,ERR,ERR,ERR,ERR,ERR,ERR,ERR,ERR,ERR,ERR,ERR,ERR,ERR,ERR,ERR,ERR,ERR,ERR,ERR,ERR,ERR,ERR,ERR,ERR,ERR,ERR,ERR,ERR,ERR,ERR,ERR,ERR,ERR,ERR,ERR,ERR,ERR,ERR,ERR,ERR,ERR,ERR,ERR,ERR,ERR,ERR,50.0,60.0,100,0.0,0.0,0.0,0.0,0.0,0.0,0.0,0.0,0.0,0.0,0.0,0.0,0.0,0.0,0.0,0.0,61.6,65,19,65521,50,65476,0,300,0,0,8,20529,65476,0,0,26214,60.0,0.0,0.0,0.0,0.0,0.0
2026-05-17T16:07:08,ERR,ERR,ERR,ERR,ERR,ERR,ERR,ERR,ERR,ERR,ERR,ERR,ERR,ERR,ERR,ERR,ERR,ERR,ERR,ERR,ERR,ERR,ERR,ERR,ERR,ERR,ERR,ERR,ERR,ERR,ERR,ERR,ERR,ERR,ERR,ERR,ERR,ERR,ERR,ERR,ERR,ERR,ERR,ERR,ERR,ERR,ERR,ERR,ERR,ERR,ERR,ERR,ERR,ERR,ERR,ERR,ERR,ERR,ERR,ERR,ERR,ERR,ERR,ERR,ERR,ERR,ERR,ERR,ERR,ERR,ERR,ERR,ERR,ERR,ERR,ERR,ERR,ERR,ERR,ERR,ERR,ERR,ERR,ERR,ERR,ERR,ERR,ERR,ERR,ERR,ERR,ERR,ERR,ERR,ERR,ERR,ERR,ERR,ERR,ERR,ERR,ERR,ERR,ERR,ERR,ERR,ERR,ERR,ERR,ERR,ERR,ERR,ERR,ERR,ERR,ERR,ERR,ERR,ERR,ERR,ERR,ERR,ERR,ERR,ERR,0.0,-0.0,-0.0,0.0,0.0,1.3936040501711995e+18,7.805,0.0,0,0,4,0,8422,0.0,45,0.0,0.0,0.0,0.0,0.0,0,0,0,0,0.0,0,0,0,0,0,0,0,0,0,0,0,0,0,0,0,0,0,0,0,0,0,0,0,0,0,0,0,0,0,0,0,0,0,38,14,7,45,65476,0,300,0,0,8,21553,0.0,-107605600.0,0.0,0.0,0.0,0.0,0.0,0.0,0.0,0.0,0.0,0.0,0.0,0.0,0.0,0.0,0.0,0.0,0.0,0.0,0.0,0.0,-2.004,-0.0,2.004,-2.004,0.0,0.0,0.0,0.0,4979.0,0.0,0.0,0.0,-0.0,0.0,2.718429120148166e+23,0.0,0.0,0.0,0.0,53,4.950428597886765e+32,2.7184170505011647e+23,0.0,0.0,0.0,0.0,0.0,0.0,0.0,0,0,0,0.0,0.0,0.0,0.0,0.0,0.0,0.0,0.0,0.0,0.0,0.0,0.0,0.0,0.0,0.0,0.0,0,-107875648.0,53,0.0,106,-107614832.0,0.0,ERR,ERR,ERR,ERR,ERR,ERR,ERR,ERR,ERR,ERR,ERR,ERR,ERR,ERR,ERR,ERR,ERR,ERR,ERR,ERR,ERR,ERR,ERR,ERR,ERR,ERR,ERR,ERR,ERR,ERR,ERR,ERR,ERR,ERR,ERR,ERR,ERR,ERR,ERR,ERR,ERR,ERR,ERR,ERR,ERR,ERR,ERR,ERR,ERR,ERR,ERR,ERR,ERR,ERR,ERR,ERR,ERR,ERR,ERR,ERR,ERR,ERR,ERR,ERR,ERR,ERR,ERR,50.0,60.0,100,0.0,0.0,0.0,0.0,0.0,0.0,0.0,0.0,0.0,0.0,0.0,0.0,0.0,0.0,0.0,0.0,61.6,65,19,65521,50,65476,0,300,0,0,8,20529,65476,0,0,26214,60.0,0.0,0.0,0.0,0.0,0.0
2026-05-17T16:07:09,ERR,ERR,ERR,ERR,ERR,ERR,ERR,ERR,ERR,ERR,ERR,ERR,ERR,ERR,ERR,ERR,ERR,ERR,ERR,ERR,ERR,ERR,ERR,ERR,ERR,ERR,ERR,ERR,ERR,ERR,ERR,ERR,ERR,ERR,ERR,ERR,ERR,ERR,ERR,ERR,ERR,ERR,ERR,ERR,ERR,ERR,ERR,ERR,ERR,ERR,ERR,ERR,ERR,ERR,ERR,ERR,ERR,ERR,ERR,ERR,ERR,ERR,ERR,ERR,ERR,ERR,ERR,ERR,ERR,ERR,ERR,ERR,ERR,ERR,ERR,ERR,ERR,ERR,ERR,ERR,ERR,ERR,ERR,ERR,ERR,ERR,ERR,ERR,ERR,ERR,ERR,ERR,ERR,ERR,ERR,ERR,ERR,ERR,ERR,ERR,ERR,ERR,ERR,ERR,ERR,ERR,ERR,ERR,ERR,ERR,ERR,ERR,ERR,ERR,ERR,ERR,ERR,ERR,ERR,ERR,ERR,ERR,ERR,ERR,ERR,0.0,-0.0,-0.0,0.0,0.0,1.3936040501711995e+18,7.805,0.0,0,0,4,0,8422,0.0,45,0.0,0.0,0.0,0.0,0.0,0,0,0,0,0.0,0,0,0,0,0,0,0,0,0,0,0,0,0,0,0,0,0,0,0,0,0,0,0,0,0,0,0,0,0,0,0,0,0,38,14,7,45,65476,0,300,0,0,8,21553,0.0,-107605600.0,0.0,0.0,0.0,0.0,0.0,0.0,0.0,0.0,0.0,0.0,0.0,0.0,0.0,0.0,0.0,0.0,0.0,0.0,0.0,0.0,-2.004,-0.0,2.004,-2.004,0.0,0.0,0.0,0.0,4979.0,0.0,0.0,0.0,-0.0,0.0,2.718429120148166e+23,0.0,0.0,0.0,0.0,53,4.950428597886765e+32,2.7184170505011647e+23,0.0,0.0,0.0,0.0,0.0,0.0,0.0,0,0,0,0.0,0.0,0.0,0.0,0.0,0.0,0.0,0.0,0.0,0.0,0.0,0.0,0.0,0.0,0.0,0.0,0,-107875648.0,53,0.0,106,-107614832.0,0.0,ERR,ERR,ERR,ERR,ERR,ERR,ERR,ERR,ERR,ERR,ERR,ERR,ERR,ERR,ERR,ERR,ERR,ERR,ERR,ERR,ERR,ERR,ERR,ERR,ERR,ERR,ERR,ERR,ERR,ERR,ERR,ERR,ERR,ERR,ERR,ERR,ERR,ERR,ERR,ERR,ERR,ERR,ERR,ERR,ERR,ERR,ERR,ERR,ERR,ERR,ERR,ERR,ERR,ERR,ERR,ERR,ERR,ERR,ERR,ERR,ERR,ERR,ERR,ERR,ERR,ERR,ERR,50.0,60.0,100,0.0,0.0,0.0,0.0,0.0,0.0,0.0,0.0,0.0,0.0,0.0,0.0,0.0,0.0,0.0,0.0,61.6,65,19,65521,50,65476,0,300,0,0,8,20529,65476,0,0,26214,60.0,0.0,0.0,0.0,0.0,0.0
2026-05-17T16:07:10,ERR,ERR,ERR,ERR,ERR,ERR,ERR,ERR,ERR,ERR,ERR,ERR,ERR,ERR,ERR,ERR,ERR,ERR,ERR,ERR,ERR,ERR,ERR,ERR,ERR,ERR,ERR,ERR,ERR,ERR,ERR,ERR,ERR,ERR,ERR,ERR,ERR,ERR,ERR,ERR,ERR,ERR,ERR,ERR,ERR,ERR,ERR,ERR,ERR,ERR,ERR,ERR,ERR,ERR,ERR,ERR,ERR,ERR,ERR,ERR,ERR,ERR,ERR,ERR,ERR,ERR,ERR,ERR,ERR,ERR,ERR,ERR,ERR,ERR,ERR,ERR,ERR,ERR,ERR,ERR,ERR,ERR,ERR,ERR,ERR,ERR,ERR,ERR,ERR,ERR,ERR,ERR,ERR,ERR,ERR,ERR,ERR,ERR,ERR,ERR,ERR,ERR,ERR,ERR,ERR,ERR,ERR,ERR,ERR,ERR,ERR,ERR,ERR,ERR,ERR,ERR,ERR,ERR,ERR,ERR,ERR,ERR,ERR,ERR,ERR,0.0,-0.0,-0.0,0.0,0.0,1.3936040501711995e+18,7.805,0.0,0,0,4,0,8422,0.0,45,0.0,0.0,0.0,0.0,0.0,0,0,0,0,0.0,0,0,0,0,0,0,0,0,0,0,0,0,0,0,0,0,0,0,0,0,0,0,0,0,0,0,0,0,0,0,0,0,0,38,14,7,45,65476,0,300,0,0,8,21553,0.0,-107605600.0,0.0,0.0,0.0,0.0,0.0,0.0,0.0,0.0,0.0,0.0,0.0,0.0,0.0,0.0,0.0,0.0,0.0,0.0,0.0,0.0,-2.004,-0.0,2.004,-2.004,0.0,0.0,0.0,0.0,4979.0,0.0,0.0,0.0,-0.0,0.0,2.718429120148166e+23,0.0,0.0,0.0,0.0,53,4.950428597886765e+32,2.7184170505011647e+23,0.0,0.0,0.0,0.0,0.0,0.0,0.0,0,0,0,0.0,0.0,0.0,0.0,0.0,0.0,0.0,0.0,0.0,0.0,0.0,0.0,0.0,0.0,0.0,0.0,0,-107875648.0,53,0.0,106,-107614832.0,0.0,ERR,ERR,ERR,ERR,ERR,ERR,ERR,ERR,ERR,ERR,ERR,ERR,ERR,ERR,ERR,ERR,ERR,ERR,ERR,ERR,ERR,ERR,ERR,ERR,ERR,ERR,ERR,ERR,ERR,ERR,ERR,ERR,ERR,ERR,ERR,ERR,ERR,ERR,ERR,ERR,ERR,ERR,ERR,ERR,ERR,ERR,ERR,ERR,ERR,ERR,ERR,ERR,ERR,ERR,ERR,ERR,ERR,ERR,ERR,ERR,ERR,ERR,ERR,ERR,ERR,ERR,ERR,50.0,60.0,100,0.0,0.0,0.0,0.0,0.0,0.0,0.0,0.0,0.0,0.0,0.0,0.0,0.0,0.0,0.0,0.0,61.6,65,19,65521,50,65476,0,300,0,0,8,20529,65476,0,0,26214,60.0,0.0,0.0,0.0,0.0,0.0
2026-05-17T16:07:11,ERR,ERR,ERR,ERR,ERR,ERR,ERR,ERR,ERR,ERR,ERR,ERR,ERR,ERR,ERR,ERR,ERR,ERR,ERR,ERR,ERR,ERR,ERR,ERR,ERR,ERR,ERR,ERR,ERR,ERR,ERR,ERR,ERR,ERR,ERR,ERR,ERR,ERR,ERR,ERR,ERR,ERR,ERR,ERR,ERR,ERR,ERR,ERR,ERR,ERR,ERR,ERR,ERR,ERR,ERR,ERR,ERR,ERR,ERR,ERR,ERR,ERR,ERR,ERR,ERR,ERR,ERR,ERR,ERR,ERR,ERR,ERR,ERR,ERR,ERR,ERR,ERR,ERR,ERR,ERR,ERR,ERR,ERR,ERR,ERR,ERR,ERR,ERR,ERR,ERR,ERR,ERR,ERR,ERR,ERR,ERR,ERR,ERR,ERR,ERR,ERR,ERR,ERR,ERR,ERR,ERR,ERR,ERR,ERR,ERR,ERR,ERR,ERR,ERR,ERR,ERR,ERR,ERR,ERR,ERR,ERR,ERR,ERR,ERR,ERR,0.0,-0.0,-0.0,0.0,0.0,1.3936040501711995e+18,7.805,0.0,0,0,4,0,8422,0.0,45,0.0,0.0,0.0,0.0,0.0,0,0,0,0,0.0,0,0,0,0,0,0,0,0,0,0,0,0,0,0,0,0,0,0,0,0,0,0,0,0,0,0,0,0,0,0,0,0,0,38,14,7,45,65476,0,300,0,0,8,21553,0.0,-107605600.0,0.0,0.0,0.0,0.0,0.0,0.0,0.0,0.0,0.0,0.0,0.0,0.0,0.0,0.0,0.0,0.0,0.0,0.0,0.0,0.0,-2.004,-0.0,2.004,-2.004,0.0,0.0,0.0,0.0,4979.0,0.0,0.0,0.0,-0.0,0.0,2.718429120148166e+23,0.0,0.0,0.0,0.0,53,4.950428597886765e+32,2.7184170505011647e+23,0.0,0.0,0.0,0.0,0.0,0.0,0.0,0,0,0,0.0,0.0,0.0,0.0,0.0,0.0,0.0,0.0,0.0,0.0,0.0,0.0,0.0,0.0,0.0,0.0,0,-107875648.0,53,0.0,106,-107614832.0,0.0,ERR,ERR,ERR,ERR,ERR,ERR,ERR,ERR,ERR,ERR,ERR,ERR,ERR,ERR,ERR,ERR,ERR,ERR,ERR,ERR,ERR,ERR,ERR,ERR,ERR,ERR,ERR,ERR,ERR,ERR,ERR,ERR,ERR,ERR,ERR,ERR,ERR,ERR,ERR,ERR,ERR,ERR,ERR,ERR,ERR,ERR,ERR,ERR,ERR,ERR,ERR,ERR,ERR,ERR,ERR,ERR,ERR,ERR,ERR,ERR,ERR,ERR,ERR,ERR,ERR,ERR,ERR,50.0,60.0,100,0.0,0.0,0.0,0.0,0.0,0.0,0.0,0.0,0.0,0.0,0.0,0.0,0.0,0.0,0.0,0.0,61.6,65,19,65521,50,65476,0,300,0,0,8,20529,65476,0,0,26214,60.0,0.0,0.0,0.0,0.0,0.0
2026-05-17T16:07:12,ERR,ERR,ERR,ERR,ERR,ERR,ERR,ERR,ERR,ERR,ERR,ERR,ERR,ERR,ERR,ERR,ERR,ERR,ERR,ERR,ERR,ERR,ERR,ERR,ERR,ERR,ERR,ERR,ERR,ERR,ERR,ERR,ERR,ERR,ERR,ERR,ERR,ERR,ERR,ERR,ERR,ERR,ERR,ERR,ERR,ERR,ERR,ERR,ERR,ERR,ERR,ERR,ERR,ERR,ERR,ERR,ERR,ERR,ERR,ERR,ERR,ERR,ERR,ERR,ERR,ERR,ERR,ERR,ERR,ERR,ERR,ERR,ERR,ERR,ERR,ERR,ERR,ERR,ERR,ERR,ERR,ERR,ERR,ERR,ERR,ERR,ERR,ERR,ERR,ERR,ERR,ERR,ERR,ERR,ERR,ERR,ERR,ERR,ERR,ERR,ERR,ERR,ERR,ERR,ERR,ERR,ERR,ERR,ERR,ERR,ERR,ERR,ERR,ERR,ERR,ERR,ERR,ERR,ERR,ERR,ERR,ERR,ERR,ERR,ERR,0.0,-0.0,-0.0,0.0,0.0,1.3936040501711995e+18,7.805,0.0,0,0,4,0,8422,0.0,45,0.0,0.0,0.0,0.0,0.0,0,0,0,0,0.0,0,0,0,0,0,0,0,0,0,0,0,0,0,0,0,0,0,0,0,0,0,0,0,0,0,0,0,0,0,0,0,0,0,38,14,7,45,65476,0,300,0,0,8,21553,0.0,-107605600.0,0.0,0.0,0.0,0.0,0.0,0.0,0.0,0.0,0.0,0.0,0.0,0.0,0.0,0.0,0.0,0.0,0.0,0.0,0.0,0.0,-2.004,-0.0,2.004,-2.004,0.0,0.0,0.0,0.0,4979.0,0.0,0.0,0.0,-0.0,0.0,2.718429120148166e+23,0.0,0.0,0.0,0.0,53,4.950428597886765e+32,2.7184170505011647e+23,0.0,0.0,0.0,0.0,0.0,0.0,0.0,0,0,0,0.0,0.0,0.0,0.0,0.0,0.0,0.0,0.0,0.0,0.0,0.0,0.0,0.0,0.0,0.0,0.0,0,-107875648.0,53,0.0,106,-107614832.0,0.0,ERR,ERR,ERR,ERR,ERR,ERR,ERR,ERR,ERR,ERR,ERR,ERR,ERR,ERR,ERR,ERR,ERR,ERR,ERR,ERR,ERR,ERR,ERR,ERR,ERR,ERR,ERR,ERR,ERR,ERR,ERR,ERR,ERR,ERR,ERR,ERR,ERR,ERR,ERR,ERR,ERR,ERR,ERR,ERR,ERR,ERR,ERR,ERR,ERR,ERR,ERR,ERR,ERR,ERR,ERR,ERR,ERR,ERR,ERR,ERR,ERR,ERR,ERR,ERR,ERR,ERR,ERR,50.0,60.0,100,0.0,0.0,0.0,0.0,0.0,0.0,0.0,0.0,0.0,0.0,0.0,0.0,0.0,0.0,0.0,0.0,61.6,65,19,65521,50,65476,0,300,0,0,8,20529,65476,0,0,26214,60.0,0.0,0.0,0.0,0.0,0.0
2026-05-17T16:07:13,ERR,ERR,ERR,ERR,ERR,ERR,ERR,ERR,ERR,ERR,ERR,ERR,ERR,ERR,ERR,ERR,ERR,ERR,ERR,ERR,ERR,ERR,ERR,ERR,ERR,ERR,ERR,ERR,ERR,ERR,ERR,ERR,ERR,ERR,ERR,ERR,ERR,ERR,ERR,ERR,ERR,ERR,ERR,ERR,ERR,ERR,ERR,ERR,ERR,ERR,ERR,ERR,ERR,ERR,ERR,ERR,ERR,ERR,ERR,ERR,ERR,ERR,ERR,ERR,ERR,ERR,ERR,ERR,ERR,ERR,ERR,ERR,ERR,ERR,ERR,ERR,ERR,ERR,ERR,ERR,ERR,ERR,ERR,ERR,ERR,ERR,ERR,ERR,ERR,ERR,ERR,ERR,ERR,ERR,ERR,ERR,ERR,ERR,ERR,ERR,ERR,ERR,ERR,ERR,ERR,ERR,ERR,ERR,ERR,ERR,ERR,ERR,ERR,ERR,ERR,ERR,ERR,ERR,ERR,ERR,ERR,ERR,ERR,ERR,ERR,0.0,-0.0,-0.0,0.0,0.0,1.3936040501711995e+18,7.805,0.0,0,0,4,0,8422,0.0,45,0.0,0.0,0.0,0.0,0.0,0,0,0,0,0.0,0,0,0,0,0,0,0,0,0,0,0,0,0,0,0,0,0,0,0,0,0,0,0,0,0,0,0,0,0,0,0,0,0,38,14,7,45,65476,0,300,0,0,8,21553,0.0,-107605600.0,0.0,0.0,0.0,0.0,0.0,0.0,0.0,0.0,0.0,0.0,0.0,0.0,0.0,0.0,0.0,0.0,0.0,0.0,0.0,0.0,-2.004,-0.0,2.004,-2.004,0.0,0.0,0.0,0.0,4979.0,0.0,0.0,0.0,-0.0,0.0,2.718429120148166e+23,0.0,0.0,0.0,0.0,53,4.950428597886765e+32,2.7184170505011647e+23,0.0,0.0,0.0,0.0,0.0,0.0,0.0,0,0,0,0.0,0.0,0.0,0.0,0.0,0.0,0.0,0.0,0.0,0.0,0.0,0.0,0.0,0.0,0.0,0.0,0,-107875648.0,53,0.0,106,-107614832.0,0.0,ERR,ERR,ERR,ERR,ERR,ERR,ERR,ERR,ERR,ERR,ERR,ERR,ERR,ERR,ERR,ERR,ERR,ERR,ERR,ERR,ERR,ERR,ERR,ERR,ERR,ERR,ERR,ERR,ERR,ERR,ERR,ERR,ERR,ERR,ERR,ERR,ERR,ERR,ERR,ERR,ERR,ERR,ERR,ERR,ERR,ERR,ERR,ERR,ERR,ERR,ERR,ERR,ERR,ERR,ERR,ERR,ERR,ERR,ERR,ERR,ERR,ERR,ERR,ERR,ERR,ERR,ERR,50.0,60.0,100,0.0,0.0,0.0,0.0,0.0,0.0,0.0,0.0,0.0,0.0,0.0,0.0,0.0,0.0,0.0,0.0,61.6,65,19,65521,50,65476,0,300,0,0,8,20529,65476,0,0,26214,60.0,0.0,0.0,0.0,0.0,0.0
2026-05-17T16:07:14,ERR,ERR,ERR,ERR,ERR,ERR,ERR,ERR,ERR,ERR,ERR,ERR,ERR,ERR,ERR,ERR,ERR,ERR,ERR,ERR,ERR,ERR,ERR,ERR,ERR,ERR,ERR,ERR,ERR,ERR,ERR,ERR,ERR,ERR,ERR,ERR,ERR,ERR,ERR,ERR,ERR,ERR,ERR,ERR,ERR,ERR,ERR,ERR,ERR,ERR,ERR,ERR,ERR,ERR,ERR,ERR,ERR,ERR,ERR,ERR,ERR,ERR,ERR,ERR,ERR,ERR,ERR,ERR,ERR,ERR,ERR,ERR,ERR,ERR,ERR,ERR,ERR,ERR,ERR,ERR,ERR,ERR,ERR,ERR,ERR,ERR,ERR,ERR,ERR,ERR,ERR,ERR,ERR,ERR,ERR,ERR,ERR,ERR,ERR,ERR,ERR,ERR,ERR,ERR,ERR,ERR,ERR,ERR,ERR,ERR,ERR,ERR,ERR,ERR,ERR,ERR,ERR,ERR,ERR,ERR,ERR,ERR,ERR,ERR,ERR,0.0,-0.0,-0.0,0.0,0.0,1.3936040501711995e+18,7.805,0.0,0,0,4,0,8422,0.0,45,0.0,0.0,0.0,0.0,0.0,0,0,0,0,0.0,0,0,0,0,0,0,0,0,0,0,0,0,0,0,0,0,0,0,0,0,0,0,0,0,0,0,0,0,0,0,0,0,0,38,14,7,45,65476,0,300,0,0,8,21553,0.0,-107605600.0,0.0,0.0,0.0,0.0,0.0,0.0,0.0,0.0,0.0,0.0,0.0,0.0,0.0,0.0,0.0,0.0,0.0,0.0,0.0,0.0,-2.004,-0.0,2.004,-2.004,0.0,0.0,0.0,0.0,4973.0,-0.0,0.0,0.0,-0.0,-107615272.0,2.718429120148166e+23,0.0,0.0,0.0,0.0,53,152018454839296.0,0.0,0.0,0.0,0.0,0.0,0.0,0.0,0.0,0,0,0,0.0,0.0,0.0,0.0,0.0,0.0,0.0,0.0,0.0,0.0,0.0,0.0,0.0,0.0,0.0,0.0,0,-107875648.0,53,0.0,106,-107614832.0,0.0,ERR,ERR,ERR,ERR,ERR,ERR,ERR,ERR,ERR,ERR,ERR,ERR,ERR,ERR,ERR,ERR,ERR,ERR,ERR,ERR,ERR,ERR,ERR,ERR,ERR,ERR,ERR,ERR,ERR,ERR,ERR,ERR,ERR,ERR,ERR,ERR,ERR,ERR,ERR,ERR,ERR,ERR,ERR,ERR,ERR,ERR,ERR,ERR,ERR,ERR,ERR,ERR,ERR,ERR,ERR,ERR,ERR,ERR,ERR,ERR,ERR,ERR,ERR,ERR,ERR,ERR,ERR,50.0,60.0,100,0.0,0.0,0.0,0.0,0.0,0.0,0.0,0.0,0.0,0.0,0.0,0.0,0.0,0.0,0.0,0.0,62.0,65,19,65521,50,65476,0,300,0,0,8,20529,65476,0,0,26214,60.0,0.0,0.0,0.0,0.0,0.0
2026-05-17T16:07:15,ERR,ERR,ERR,ERR,ERR,ERR,ERR,ERR,ERR,ERR,ERR,ERR,ERR,ERR,ERR,ERR,ERR,ERR,ERR,ERR,ERR,ERR,ERR,ERR,ERR,ERR,ERR,ERR,ERR,ERR,ERR,ERR,ERR,ERR,ERR,ERR,ERR,ERR,ERR,ERR,ERR,ERR,ERR,ERR,ERR,ERR,ERR,ERR,ERR,ERR,ERR,ERR,ERR,ERR,ERR,ERR,ERR,ERR,ERR,ERR,ERR,ERR,ERR,ERR,ERR,ERR,ERR,ERR,ERR,ERR,ERR,ERR,ERR,ERR,ERR,ERR,ERR,ERR,ERR,ERR,ERR,ERR,ERR,ERR,ERR,ERR,ERR,ERR,ERR,ERR,ERR,ERR,ERR,ERR,ERR,ERR,ERR,ERR,ERR,ERR,ERR,ERR,ERR,ERR,ERR,ERR,ERR,ERR,ERR,ERR,ERR,ERR,ERR,ERR,ERR,ERR,ERR,ERR,ERR,ERR,ERR,ERR,ERR,ERR,ERR,0.0,-0.0,-0.0,0.0,0.0,1.3936040501711995e+18,7.805,0.0,0,0,4,0,8422,0.0,45,0.0,0.0,0.0,0.0,0.0,0,0,0,0,0.0,0,0,0,0,0,0,0,0,0,0,0,0,0,0,0,0,0,0,0,0,0,0,0,0,0,0,0,0,0,0,0,0,0,38,14,7,45,65476,0,300,0,0,8,21553,0.0,-107605600.0,0.0,0.0,0.0,0.0,0.0,0.0,0.0,0.0,0.0,0.0,0.0,0.0,0.0,0.0,0.0,0.0,0.0,0.0,0.0,0.0,-2.004,-0.0,2.004,-2.004,0.0,0.0,0.0,0.0,4973.0,-0.0,0.0,0.0,-0.0,-107615272.0,2.718429120148166e+23,0.0,0.0,0.0,0.0,53,152018454839296.0,0.0,0.0,0.0,0.0,0.0,0.0,0.0,0.0,0,0,0,0.0,0.0,0.0,0.0,0.0,0.0,0.0,0.0,0.0,0.0,0.0,0.0,0.0,0.0,0.0,0.0,0,-107875648.0,53,0.0,106,-107614832.0,0.0,ERR,ERR,ERR,ERR,ERR,ERR,ERR,ERR,ERR,ERR,ERR,ERR,ERR,ERR,ERR,ERR,ERR,ERR,ERR,ERR,ERR,ERR,ERR,ERR,ERR,ERR,ERR,ERR,ERR,ERR,ERR,ERR,ERR,ERR,ERR,ERR,ERR,ERR,ERR,ERR,ERR,ERR,ERR,ERR,ERR,ERR,ERR,ERR,ERR,ERR,ERR,ERR,ERR,ERR,ERR,ERR,ERR,ERR,ERR,ERR,ERR,ERR,ERR,ERR,ERR,ERR,ERR,50.0,60.0,100,0.0,0.0,0.0,0.0,0.0,0.0,0.0,0.0,0.0,0.0,0.0,0.0,0.0,0.0,0.0,0.0,62.0,65,19,65521,50,65476,0,300,0,0,8,20529,65476,0,0,26214,60.0,0.0,0.0,0.0,0.0,0.0
2026-05-17T16:07:16,ERR,ERR,ERR,ERR,ERR,ERR,ERR,ERR,ERR,ERR,ERR,ERR,ERR,ERR,ERR,ERR,ERR,ERR,ERR,ERR,ERR,ERR,ERR,ERR,ERR,ERR,ERR,ERR,ERR,ERR,ERR,ERR,ERR,ERR,ERR,ERR,ERR,ERR,ERR,ERR,ERR,ERR,ERR,ERR,ERR,ERR,ERR,ERR,ERR,ERR,ERR,ERR,ERR,ERR,ERR,ERR,ERR,ERR,ERR,ERR,ERR,ERR,ERR,ERR,ERR,ERR,ERR,ERR,ERR,ERR,ERR,ERR,ERR,ERR,ERR,ERR,ERR,ERR,ERR,ERR,ERR,ERR,ERR,ERR,ERR,ERR,ERR,ERR,ERR,ERR,ERR,ERR,ERR,ERR,ERR,ERR,ERR,ERR,ERR,ERR,ERR,ERR,ERR,ERR,ERR,ERR,ERR,ERR,ERR,ERR,ERR,ERR,ERR,ERR,ERR,ERR,ERR,ERR,ERR,ERR,ERR,ERR,ERR,ERR,ERR,0.0,-0.0,-0.0,0.0,0.0,1.3936040501711995e+18,7.805,0.0,0,0,4,0,8422,0.0,45,0.0,0.0,0.0,0.0,0.0,0,0,0,0,0.0,0,0,0,0,0,0,0,0,0,0,0,0,0,0,0,0,0,0,0,0,0,0,0,0,0,0,0,0,0,0,0,0,0,38,14,7,45,65476,0,300,0,0,8,21553,0.0,-107605600.0,0.0,0.0,0.0,0.0,0.0,0.0,0.0,0.0,0.0,0.0,0.0,0.0,0.0,0.0,0.0,0.0,0.0,0.0,0.0,0.0,-2.004,-0.0,2.004,-2.004,0.0,0.0,0.0,0.0,4973.0,-0.0,0.0,0.0,-0.0,-107615272.0,2.718429120148166e+23,0.0,0.0,0.0,0.0,53,152018454839296.0,0.0,0.0,0.0,0.0,0.0,0.0,0.0,0.0,0,0,0,0.0,0.0,0.0,0.0,0.0,0.0,0.0,0.0,0.0,0.0,0.0,0.0,0.0,0.0,0.0,0.0,0,-107875648.0,53,0.0,106,-107614832.0,0.0,ERR,ERR,ERR,ERR,ERR,ERR,ERR,ERR,ERR,ERR,ERR,ERR,ERR,ERR,ERR,ERR,ERR,ERR,ERR,ERR,ERR,ERR,ERR,ERR,ERR,ERR,ERR,ERR,ERR,ERR,ERR,ERR,ERR,ERR,ERR,ERR,ERR,ERR,ERR,ERR,ERR,ERR,ERR,ERR,ERR,ERR,ERR,ERR,ERR,ERR,ERR,ERR,ERR,ERR,ERR,ERR,ERR,ERR,ERR,ERR,ERR,ERR,ERR,ERR,ERR,ERR,ERR,50.0,60.0,100,0.0,0.0,0.0,0.0,0.0,0.0,0.0,0.0,0.0,0.0,0.0,0.0,0.0,0.0,0.0,0.0,61.6,65,19,65521,50,65476,0,300,0,0,8,20529,65476,0,0,26214,60.0,0.0,0.0,0.0,0.0,0.0
2026-05-17T16:07:17,ERR,ERR,ERR,ERR,ERR,ERR,ERR,ERR,ERR,ERR,ERR,ERR,ERR,ERR,ERR,ERR,ERR,ERR,ERR,ERR,ERR,ERR,ERR,ERR,ERR,ERR,ERR,ERR,ERR,ERR,ERR,ERR,ERR,ERR,ERR,ERR,ERR,ERR,ERR,ERR,ERR,ERR,ERR,ERR,ERR,ERR,ERR,ERR,ERR,ERR,ERR,ERR,ERR,ERR,ERR,ERR,ERR,ERR,ERR,ERR,ERR,ERR,ERR,ERR,ERR,ERR,ERR,ERR,ERR,ERR,ERR,ERR,ERR,ERR,ERR,ERR,ERR,ERR,ERR,ERR,ERR,ERR,ERR,ERR,ERR,ERR,ERR,ERR,ERR,ERR,ERR,ERR,ERR,ERR,ERR,ERR,ERR,ERR,ERR,ERR,ERR,ERR,ERR,ERR,ERR,ERR,ERR,ERR,ERR,ERR,ERR,ERR,ERR,ERR,ERR,ERR,ERR,ERR,ERR,ERR,ERR,ERR,ERR,ERR,ERR,0.0,-0.0,-0.0,0.0,0.0,1.3936040501711995e+18,7.805,0.0,0,0,4,0,8422,0.0,45,0.0,0.0,0.0,0.0,0.0,0,0,0,0,0.0,0,0,0,0,0,0,0,0,0,0,0,0,0,0,0,0,0,0,0,0,0,0,0,0,0,0,0,0,0,0,0,0,0,38,14,7,45,65476,0,300,0,0,8,21553,0.0,-107605600.0,0.0,0.0,0.0,0.0,0.0,0.0,0.0,0.0,0.0,0.0,0.0,0.0,0.0,0.0,0.0,0.0,0.0,0.0,0.0,0.0,-2.004,-0.0,2.004,-2.004,0.0,0.0,0.0,0.0,4973.0,-0.0,0.0,0.0,-0.0,-107615272.0,2.718429120148166e+23,0.0,0.0,0.0,0.0,53,152018454839296.0,0.0,0.0,0.0,0.0,0.0,0.0,0.0,0.0,0,0,0,0.0,0.0,0.0,0.0,0.0,0.0,0.0,0.0,0.0,0.0,0.0,0.0,0.0,0.0,0.0,0.0,0,-107875648.0,53,0.0,106,-107614832.0,0.0,ERR,ERR,ERR,ERR,ERR,ERR,ERR,ERR,ERR,ERR,ERR,ERR,ERR,ERR,ERR,ERR,ERR,ERR,ERR,ERR,ERR,ERR,ERR,ERR,ERR,ERR,ERR,ERR,ERR,ERR,ERR,ERR,ERR,ERR,ERR,ERR,ERR,ERR,ERR,ERR,ERR,ERR,ERR,ERR,ERR,ERR,ERR,ERR,ERR,ERR,ERR,ERR,ERR,ERR,ERR,ERR,ERR,ERR,ERR,ERR,ERR,ERR,ERR,ERR,ERR,ERR,ERR,50.0,60.0,100,0.0,0.0,0.0,0.0,0.0,0.0,0.0,0.0,0.0,0.0,0.0,0.0,0.0,0.0,0.0,0.0,61.6,65,19,65521,50,65476,0,300,0,0,8,20529,65476,0,0,26214,60.0,0.0,0.0,0.0,0.0,0.0
2026-05-17T16:07:18,ERR,ERR,ERR,ERR,ERR,ERR,ERR,ERR,ERR,ERR,ERR,ERR,ERR,ERR,ERR,ERR,ERR,ERR,ERR,ERR,ERR,ERR,ERR,ERR,ERR,ERR,ERR,ERR,ERR,ERR,ERR,ERR,ERR,ERR,ERR,ERR,ERR,ERR,ERR,ERR,ERR,ERR,ERR,ERR,ERR,ERR,ERR,ERR,ERR,ERR,ERR,ERR,ERR,ERR,ERR,ERR,ERR,ERR,ERR,ERR,ERR,ERR,ERR,ERR,ERR,ERR,ERR,ERR,ERR,ERR,ERR,ERR,ERR,ERR,ERR,ERR,ERR,ERR,ERR,ERR,ERR,ERR,ERR,ERR,ERR,ERR,ERR,ERR,ERR,ERR,ERR,ERR,ERR,ERR,ERR,ERR,ERR,ERR,ERR,ERR,ERR,ERR,ERR,ERR,ERR,ERR,ERR,ERR,ERR,ERR,ERR,ERR,ERR,ERR,ERR,ERR,ERR,ERR,ERR,ERR,ERR,ERR,ERR,ERR,ERR,0.0,-0.0,-0.0,0.0,0.0,1.3936040501711995e+18,7.805,0.0,0,0,4,0,8422,0.0,45,0.0,0.0,0.0,0.0,0.0,0,0,0,0,0.0,0,0,0,0,0,0,0,0,0,0,0,0,0,0,0,0,0,0,0,0,0,0,0,0,0,0,0,0,0,0,0,0,0,38,14,7,45,65476,0,300,0,0,8,21553,0.0,-107605600.0,0.0,0.0,0.0,0.0,0.0,0.0,0.0,0.0,0.0,0.0,0.0,0.0,0.0,0.0,0.0,0.0,0.0,0.0,0.0,0.0,-2.004,-0.0,2.004,-2.004,0.0,0.0,0.0,0.0,4973.0,-0.0,0.0,0.0,-0.0,-107615272.0,2.718429120148166e+23,0.0,0.0,0.0,0.0,53,152018454839296.0,0.0,0.0,0.0,0.0,0.0,0.0,0.0,0.0,0,0,0,0.0,0.0,0.0,0.0,0.0,0.0,0.0,0.0,0.0,0.0,0.0,0.0,0.0,0.0,0.0,0.0,0,-107875648.0,53,0.0,106,-107614832.0,0.0,ERR,ERR,ERR,ERR,ERR,ERR,ERR,ERR,ERR,ERR,ERR,ERR,ERR,ERR,ERR,ERR,ERR,ERR,ERR,ERR,ERR,ERR,ERR,ERR,ERR,ERR,ERR,ERR,ERR,ERR,ERR,ERR,ERR,ERR,ERR,ERR,ERR,ERR,ERR,ERR,ERR,ERR,ERR,ERR,ERR,ERR,ERR,ERR,ERR,ERR,ERR,ERR,ERR,ERR,ERR,ERR,ERR,ERR,ERR,ERR,ERR,ERR,ERR,ERR,ERR,ERR,ERR,50.0,60.0,100,0.0,0.0,0.0,0.0,0.0,0.0,0.0,0.0,0.0,0.0,0.0,0.0,0.0,0.0,0.0,0.0,61.6,65,19,65521,50,65476,0,300,0,0,8,20529,65476,0,0,26214,60.0,0.0,0.0,0.0,0.0,0.0
2026-05-17T16:07:19,ERR,ERR,ERR,ERR,ERR,ERR,ERR,ERR,ERR,ERR,ERR,ERR,ERR,ERR,ERR,ERR,ERR,ERR,ERR,ERR,ERR,ERR,ERR,ERR,ERR,ERR,ERR,ERR,ERR,ERR,ERR,ERR,ERR,ERR,ERR,ERR,ERR,ERR,ERR,ERR,ERR,ERR,ERR,ERR,ERR,ERR,ERR,ERR,ERR,ERR,ERR,ERR,ERR,ERR,ERR,ERR,ERR,ERR,ERR,ERR,ERR,ERR,ERR,ERR,ERR,ERR,ERR,ERR,ERR,ERR,ERR,ERR,ERR,ERR,ERR,ERR,ERR,ERR,ERR,ERR,ERR,ERR,ERR,ERR,ERR,ERR,ERR,ERR,ERR,ERR,ERR,ERR,ERR,ERR,ERR,ERR,ERR,ERR,ERR,ERR,ERR,ERR,ERR,ERR,ERR,ERR,ERR,ERR,ERR,ERR,ERR,ERR,ERR,ERR,ERR,ERR,ERR,ERR,ERR,ERR,ERR,ERR,ERR,ERR,ERR,0.0,-0.0,-0.0,0.0,0.0,1.3936040501711995e+18,7.805,0.0,0,0,4,0,8422,0.0,45,0.0,0.0,0.0,0.0,0.0,0,0,0,0,0.0,0,0,0,0,0,0,0,0,0,0,0,0,0,0,0,0,0,0,0,0,0,0,0,0,0,0,0,0,0,0,0,0,0,38,14,7,45,65476,0,300,0,0,8,21553,0.0,-107605600.0,0.0,0.0,0.0,0.0,0.0,0.0,0.0,0.0,0.0,0.0,0.0,0.0,0.0,0.0,0.0,0.0,0.0,0.0,0.0,0.0,-2.004,-0.0,-0.0,-2.004,0.0,0.0,0.0,0.0,4976.0,2.004,0.0,0.0,-0.0,-107615272.0,2.718429120148166e+23,0.0,0.0,0.0,0.0,53,2.7184300208680915e+23,-0.0,0.0,0.0,0.0,0.0,0.0,0.0,0.0,0,0,0,0.0,0.0,0.0,0.0,0.0,0.0,0.0,0.0,0.0,0.0,0.0,0.0,0.0,0.0,0.0,0.0,0,-107875648.0,53,0.0,106,-107614832.0,0.0,ERR,ERR,ERR,ERR,ERR,ERR,ERR,ERR,ERR,ERR,ERR,ERR,ERR,ERR,ERR,ERR,ERR,ERR,ERR,ERR,ERR,ERR,ERR,ERR,ERR,ERR,ERR,ERR,ERR,ERR,ERR,ERR,ERR,ERR,ERR,ERR,ERR,ERR,ERR,ERR,ERR,ERR,ERR,ERR,ERR,ERR,ERR,ERR,ERR,ERR,ERR,ERR,ERR,ERR,ERR,ERR,ERR,ERR,ERR,ERR,ERR,ERR,ERR,ERR,ERR,ERR,ERR,50.0,60.0,100,0.0,0.0,0.0,0.0,0.0,0.0,0.0,0.0,0.0,0.0,0.0,0.0,0.0,0.0,0.0,0.0,61.6,65,19,65521,50,65476,0,300,0,0,8,20529,65476,0,0,26214,60.0,0.0,0.0,0.0,0.0,0.0
2026-05-17T16:07:20,ERR,ERR,ERR,ERR,ERR,ERR,ERR,ERR,ERR,ERR,ERR,ERR,ERR,ERR,ERR,ERR,ERR,ERR,ERR,ERR,ERR,ERR,ERR,ERR,ERR,ERR,ERR,ERR,ERR,ERR,ERR,ERR,ERR,ERR,ERR,ERR,ERR,ERR,ERR,ERR,ERR,ERR,ERR,ERR,ERR,ERR,ERR,ERR,ERR,ERR,ERR,ERR,ERR,ERR,ERR,ERR,ERR,ERR,ERR,ERR,ERR,ERR,ERR,ERR,ERR,ERR,ERR,ERR,ERR,ERR,ERR,ERR,ERR,ERR,ERR,ERR,ERR,ERR,ERR,ERR,ERR,ERR,ERR,ERR,ERR,ERR,ERR,ERR,ERR,ERR,ERR,ERR,ERR,ERR,ERR,ERR,ERR,ERR,ERR,ERR,ERR,ERR,ERR,ERR,ERR,ERR,ERR,ERR,ERR,ERR,ERR,ERR,ERR,ERR,ERR,ERR,ERR,ERR,ERR,ERR,ERR,ERR,ERR,ERR,ERR,0.0,-0.0,-0.0,0.0,0.0,1.3936040501711995e+18,7.805,0.0,0,0,4,0,8422,0.0,45,0.0,0.0,0.0,0.0,0.0,0,0,0,0,0.0,0,0,0,0,0,0,0,0,0,0,0,0,0,0,0,0,0,0,0,0,0,0,0,0,0,0,0,0,0,0,0,0,0,38,14,7,45,65476,0,300,0,0,8,21553,0.0,-107605600.0,0.0,0.0,0.0,0.0,0.0,0.0,0.0,0.0,0.0,0.0,0.0,0.0,0.0,0.0,0.0,0.0,0.0,0.0,0.0,0.0,-2.004,-0.0,-0.0,-2.004,0.0,0.0,0.0,0.0,4976.0,2.004,0.0,0.0,-0.0,-107615272.0,2.718429120148166e+23,0.0,0.0,0.0,0.0,53,2.7184300208680915e+23,-0.0,0.0,0.0,0.0,0.0,0.0,0.0,0.0,0,0,0,0.0,0.0,0.0,0.0,0.0,0.0,0.0,0.0,0.0,0.0,0.0,0.0,0.0,0.0,0.0,0.0,0,-107875648.0,53,0.0,106,-107614832.0,0.0,ERR,ERR,ERR,ERR,ERR,ERR,ERR,ERR,ERR,ERR,ERR,ERR,ERR,ERR,ERR,ERR,ERR,ERR,ERR,ERR,ERR,ERR,ERR,ERR,ERR,ERR,ERR,ERR,ERR,ERR,ERR,ERR,ERR,ERR,ERR,ERR,ERR,ERR,ERR,ERR,ERR,ERR,ERR,ERR,ERR,ERR,ERR,ERR,ERR,ERR,ERR,ERR,ERR,ERR,ERR,ERR,ERR,ERR,ERR,ERR,ERR,ERR,ERR,ERR,ERR,ERR,ERR,50.0,60.0,100,0.0,0.0,0.0,0.0,0.0,0.0,0.0,0.0,0.0,0.0,0.0,0.0,0.0,0.0,0.0,0.0,61.6,65,19,65521,50,65476,0,300,0,0,8,20529,65476,0,0,26214,60.0,0.0,0.0,0.0,0.0,0.0
2026-05-17T16:07:21,ERR,ERR,ERR,ERR,ERR,ERR,ERR,ERR,ERR,ERR,ERR,ERR,ERR,ERR,ERR,ERR,ERR,ERR,ERR,ERR,ERR,ERR,ERR,ERR,ERR,ERR,ERR,ERR,ERR,ERR,ERR,ERR,ERR,ERR,ERR,ERR,ERR,ERR,ERR,ERR,ERR,ERR,ERR,ERR,ERR,ERR,ERR,ERR,ERR,ERR,ERR,ERR,ERR,ERR,ERR,ERR,ERR,ERR,ERR,ERR,ERR,ERR,ERR,ERR,ERR,ERR,ERR,ERR,ERR,ERR,ERR,ERR,ERR,ERR,ERR,ERR,ERR,ERR,ERR,ERR,ERR,ERR,ERR,ERR,ERR,ERR,ERR,ERR,ERR,ERR,ERR,ERR,ERR,ERR,ERR,ERR,ERR,ERR,ERR,ERR,ERR,ERR,ERR,ERR,ERR,ERR,ERR,ERR,ERR,ERR,ERR,ERR,ERR,ERR,ERR,ERR,ERR,ERR,ERR,ERR,ERR,ERR,ERR,ERR,ERR,0.0,-0.0,-0.0,0.0,0.0,1.3936040501711995e+18,7.805,0.0,0,0,4,0,8422,0.0,45,0.0,0.0,0.0,0.0,0.0,0,0,0,0,0.0,0,0,0,0,0,0,0,0,0,0,0,0,0,0,0,0,0,0,0,0,0,0,0,0,0,0,0,0,0,0,0,0,0,38,14,7,45,65476,0,300,0,0,8,21553,0.0,-107605600.0,0.0,0.0,0.0,0.0,0.0,0.0,0.0,0.0,0.0,0.0,0.0,0.0,0.0,0.0,0.0,0.0,0.0,0.0,0.0,0.0,-2.004,-0.0,-0.0,-2.004,0.0,0.0,0.0,0.0,4976.0,2.004,0.0,0.0,-0.0,-107615272.0,2.718429120148166e+23,0.0,0.0,0.0,0.0,53,2.7184300208680915e+23,-0.0,0.0,0.0,0.0,0.0,0.0,0.0,0.0,0,0,0,0.0,0.0,0.0,0.0,0.0,0.0,0.0,0.0,0.0,0.0,0.0,0.0,0.0,0.0,0.0,0.0,0,-107875648.0,53,0.0,106,-107614832.0,0.0,ERR,ERR,ERR,ERR,ERR,ERR,ERR,ERR,ERR,ERR,ERR,ERR,ERR,ERR,ERR,ERR,ERR,ERR,ERR,ERR,ERR,ERR,ERR,ERR,ERR,ERR,ERR,ERR,ERR,ERR,ERR,ERR,ERR,ERR,ERR,ERR,ERR,ERR,ERR,ERR,ERR,ERR,ERR,ERR,ERR,ERR,ERR,ERR,ERR,ERR,ERR,ERR,ERR,ERR,ERR,ERR,ERR,ERR,ERR,ERR,ERR,ERR,ERR,ERR,ERR,ERR,ERR,50.0,60.0,100,0.0,0.0,0.0,0.0,0.0,0.0,0.0,0.0,0.0,0.0,0.0,0.0,0.0,0.0,0.0,0.0,61.6,65,19,65521,50,65476,0,300,0,0,8,20529,65476,0,0,26214,60.0,0.0,0.0,0.0,0.0,0.0
2026-05-17T16:07:22,ERR,ERR,ERR,ERR,ERR,ERR,ERR,ERR,ERR,ERR,ERR,ERR,ERR,ERR,ERR,ERR,ERR,ERR,ERR,ERR,ERR,ERR,ERR,ERR,ERR,ERR,ERR,ERR,ERR,ERR,ERR,ERR,ERR,ERR,ERR,ERR,ERR,ERR,ERR,ERR,ERR,ERR,ERR,ERR,ERR,ERR,ERR,ERR,ERR,ERR,ERR,ERR,ERR,ERR,ERR,ERR,ERR,ERR,ERR,ERR,ERR,ERR,ERR,ERR,ERR,ERR,ERR,ERR,ERR,ERR,ERR,ERR,ERR,ERR,ERR,ERR,ERR,ERR,ERR,ERR,ERR,ERR,ERR,ERR,ERR,ERR,ERR,ERR,ERR,ERR,ERR,ERR,ERR,ERR,ERR,ERR,ERR,ERR,ERR,ERR,ERR,ERR,ERR,ERR,ERR,ERR,ERR,ERR,ERR,ERR,ERR,ERR,ERR,ERR,ERR,ERR,ERR,ERR,ERR,ERR,ERR,ERR,ERR,ERR,ERR,0.0,-0.0,-0.0,0.0,0.0,1.3936040501711995e+18,7.805,0.0,0,0,4,0,8422,0.0,45,0.0,0.0,0.0,0.0,0.0,0,0,0,0,0.0,0,0,0,0,0,0,0,0,0,0,0,0,0,0,0,0,0,0,0,0,0,0,0,0,0,0,0,0,0,0,0,0,0,38,14,7,45,65476,0,300,0,0,8,21553,0.0,-107605600.0,0.0,0.0,0.0,0.0,0.0,0.0,0.0,0.0,0.0,0.0,0.0,0.0,0.0,0.0,0.0,0.0,0.0,0.0,0.0,0.0,-2.004,-0.0,-0.0,-2.004,0.0,0.0,0.0,0.0,4976.0,2.004,0.0,0.0,-0.0,-107615272.0,2.718429120148166e+23,0.0,0.0,0.0,0.0,53,2.7184300208680915e+23,-0.0,0.0,0.0,0.0,0.0,0.0,0.0,0.0,0,0,0,0.0,0.0,0.0,0.0,0.0,0.0,0.0,0.0,0.0,0.0,0.0,0.0,0.0,0.0,0.0,0.0,0,-107875648.0,53,0.0,106,-107614832.0,0.0,ERR,ERR,ERR,ERR,ERR,ERR,ERR,ERR,ERR,ERR,ERR,ERR,ERR,ERR,ERR,ERR,ERR,ERR,ERR,ERR,ERR,ERR,ERR,ERR,ERR,ERR,ERR,ERR,ERR,ERR,ERR,ERR,ERR,ERR,ERR,ERR,ERR,ERR,ERR,ERR,ERR,ERR,ERR,ERR,ERR,ERR,ERR,ERR,ERR,ERR,ERR,ERR,ERR,ERR,ERR,ERR,ERR,ERR,ERR,ERR,ERR,ERR,ERR,ERR,ERR,ERR,ERR,50.0,60.0,100,0.0,0.0,0.0,0.0,0.0,0.0,0.0,0.0,0.0,0.0,0.0,0.0,0.0,0.0,0.0,0.0,61.6,65,19,65521,50,65476,0,300,0,0,8,20529,65476,0,0,26214,60.0,0.0,0.0,0.0,0.0,0.0
2026-05-17T16:07:23,ERR,ERR,ERR,ERR,ERR,ERR,ERR,ERR,ERR,ERR,ERR,ERR,ERR,ERR,ERR,ERR,ERR,ERR,ERR,ERR,ERR,ERR,ERR,ERR,ERR,ERR,ERR,ERR,ERR,ERR,ERR,ERR,ERR,ERR,ERR,ERR,ERR,ERR,ERR,ERR,ERR,ERR,ERR,ERR,ERR,ERR,ERR,ERR,ERR,ERR,ERR,ERR,ERR,ERR,ERR,ERR,ERR,ERR,ERR,ERR,ERR,ERR,ERR,ERR,ERR,ERR,ERR,ERR,ERR,ERR,ERR,ERR,ERR,ERR,ERR,ERR,ERR,ERR,ERR,ERR,ERR,ERR,ERR,ERR,ERR,ERR,ERR,ERR,ERR,ERR,ERR,ERR,ERR,ERR,ERR,ERR,ERR,ERR,ERR,ERR,ERR,ERR,ERR,ERR,ERR,ERR,ERR,ERR,ERR,ERR,ERR,ERR,ERR,ERR,ERR,ERR,ERR,ERR,ERR,ERR,ERR,ERR,ERR,ERR,ERR,0.0,-0.0,-0.0,0.0,0.0,1.3936040501711995e+18,7.805,0.0,0,0,4,0,8422,0.0,45,0.0,0.0,0.0,0.0,0.0,0,0,0,0,0.0,0,0,0,0,0,0,0,0,0,0,0,0,0,0,0,0,0,0,0,0,0,0,0,0,0,0,0,0,0,0,0,0,0,38,14,7,45,65476,0,300,0,0,8,21553,0.0,-107605600.0,0.0,0.0,0.0,0.0,0.0,0.0,0.0,0.0,0.0,0.0,0.0,0.0,0.0,0.0,0.0,0.0,0.0,0.0,0.0,0.0,-2.004,-0.0,-0.0,-2.004,0.0,0.0,0.0,0.0,4976.0,2.004,0.0,0.0,-0.0,-107615272.0,2.718429120148166e+23,0.0,0.0,0.0,0.0,53,2.7184300208680915e+23,-0.0,0.0,0.0,0.0,0.0,0.0,0.0,0.0,0,0,0,0.0,0.0,0.0,0.0,0.0,0.0,0.0,0.0,0.0,0.0,0.0,0.0,0.0,0.0,0.0,0.0,0,-107875648.0,53,0.0,106,-107614832.0,0.0,ERR,ERR,ERR,ERR,ERR,ERR,ERR,ERR,ERR,ERR,ERR,ERR,ERR,ERR,ERR,ERR,ERR,ERR,ERR,ERR,ERR,ERR,ERR,ERR,ERR,ERR,ERR,ERR,ERR,ERR,ERR,ERR,ERR,ERR,ERR,ERR,ERR,ERR,ERR,ERR,ERR,ERR,ERR,ERR,ERR,ERR,ERR,ERR,ERR,ERR,ERR,ERR,ERR,ERR,ERR,ERR,ERR,ERR,ERR,ERR,ERR,ERR,ERR,ERR,ERR,ERR,ERR,50.0,60.0,100,0.0,0.0,0.0,0.0,0.0,0.0,0.0,0.0,0.0,0.0,0.0,0.0,0.0,0.0,0.0,0.0,61.6,65,19,65521,50,65476,0,300,0,0,8,20529,65476,0,0,26214,60.0,0.0,0.0,0.0,0.0,0.0
2026-05-17T16:07:24,ERR,ERR,ERR,ERR,ERR,ERR,ERR,ERR,ERR,ERR,ERR,ERR,ERR,ERR,ERR,ERR,ERR,ERR,ERR,ERR,ERR,ERR,ERR,ERR,ERR,ERR,ERR,ERR,ERR,ERR,ERR,ERR,ERR,ERR,ERR,ERR,ERR,ERR,ERR,ERR,ERR,ERR,ERR,ERR,ERR,ERR,ERR,ERR,ERR,ERR,ERR,ERR,ERR,ERR,ERR,ERR,ERR,ERR,ERR,ERR,ERR,ERR,ERR,ERR,ERR,ERR,ERR,ERR,ERR,ERR,ERR,ERR,ERR,ERR,ERR,ERR,ERR,ERR,ERR,ERR,ERR,ERR,ERR,ERR,ERR,ERR,ERR,ERR,ERR,ERR,ERR,ERR,ERR,ERR,ERR,ERR,ERR,ERR,ERR,ERR,ERR,ERR,ERR,ERR,ERR,ERR,ERR,ERR,ERR,ERR,ERR,ERR,ERR,ERR,ERR,ERR,ERR,ERR,ERR,ERR,ERR,ERR,ERR,ERR,ERR,0.0,-0.0,-0.0,0.0,0.0,1.3936040501711995e+18,7.805,0.0,0,0,4,0,8422,0.0,45,0.0,0.0,0.0,0.0,0.0,0,0,0,0,0.0,0,0,0,0,0,0,0,0,0,0,0,0,0,0,0,0,0,0,0,0,0,0,0,0,0,0,0,0,0,0,0,0,0,38,14,7,45,65476,0,300,0,0,8,21553,0.0,-107605600.0,0.0,0.0,0.0,0.0,0.0,0.0,0.0,0.0,0.0,0.0,0.0,0.0,0.0,0.0,0.0,0.0,0.0,0.0,0.0,0.0,-2.004,-0.0,2.004,-2.004,0.0,0.0,0.0,0.0,4970.0,-0.0,0.0,0.0,-0.0,-107615272.0,2.718429120148166e+23,0.0,0.0,0.0,0.0,53,89221.109,126840528896.0,0.0,0.0,0.0,0.0,0.0,0.0,0.0,0,0,0,0.0,0.0,0.0,0.0,0.0,0.0,0.0,0.0,0.0,0.0,0.0,0.0,0.0,0.0,0.0,0.0,0,-107875648.0,53,0.0,106,-107614832.0,0.0,ERR,ERR,ERR,ERR,ERR,ERR,ERR,ERR,ERR,ERR,ERR,ERR,ERR,ERR,ERR,ERR,ERR,ERR,ERR,ERR,ERR,ERR,ERR,ERR,ERR,ERR,ERR,ERR,ERR,ERR,ERR,ERR,ERR,ERR,ERR,ERR,ERR,ERR,ERR,ERR,ERR,ERR,ERR,ERR,ERR,ERR,ERR,ERR,ERR,ERR,ERR,ERR,ERR,ERR,ERR,ERR,ERR,ERR,ERR,ERR,ERR,ERR,ERR,ERR,ERR,ERR,ERR,50.0,60.0,100,0.0,0.0,0.0,0.0,0.0,0.0,0.0,0.0,0.0,0.0,0.0,0.0,0.0,0.0,0.0,0.0,62.0,65,19,65521,50,65476,0,300,0,0,8,20529,65476,0,0,26214,60.0,0.0,0.0,0.0,0.0,0.0
2026-05-17T16:07:25,ERR,ERR,ERR,ERR,ERR,ERR,ERR,ERR,ERR,ERR,ERR,ERR,ERR,ERR,ERR,ERR,ERR,ERR,ERR,ERR,ERR,ERR,ERR,ERR,ERR,ERR,ERR,ERR,ERR,ERR,ERR,ERR,ERR,ERR,ERR,ERR,ERR,ERR,ERR,ERR,ERR,ERR,ERR,ERR,ERR,ERR,ERR,ERR,ERR,ERR,ERR,ERR,ERR,ERR,ERR,ERR,ERR,ERR,ERR,ERR,ERR,ERR,ERR,ERR,ERR,ERR,ERR,ERR,ERR,ERR,ERR,ERR,ERR,ERR,ERR,ERR,ERR,ERR,ERR,ERR,ERR,ERR,ERR,ERR,ERR,ERR,ERR,ERR,ERR,ERR,ERR,ERR,ERR,ERR,ERR,ERR,ERR,ERR,ERR,ERR,ERR,ERR,ERR,ERR,ERR,ERR,ERR,ERR,ERR,ERR,ERR,ERR,ERR,ERR,ERR,ERR,ERR,ERR,ERR,ERR,ERR,ERR,ERR,ERR,ERR,0.0,-0.0,-0.0,0.0,0.0,1.3936040501711995e+18,7.805,0.0,0,0,4,0,8422,0.0,45,0.0,0.0,0.0,0.0,0.0,0,0,0,0,0.0,0,0,0,0,0,0,0,0,0,0,0,0,0,0,0,0,0,0,0,0,0,0,0,0,0,0,0,0,0,0,0,0,0,38,14,7,45,65476,0,300,0,0,8,21553,0.0,-107605600.0,0.0,0.0,0.0,0.0,0.0,0.0,0.0,0.0,0.0,0.0,0.0,0.0,0.0,0.0,0.0,0.0,0.0,0.0,0.0,0.0,-2.004,-0.0,2.004,-2.004,0.0,0.0,0.0,0.0,4970.0,-0.0,0.0,0.0,-0.0,-107615272.0,2.718429120148166e+23,0.0,0.0,0.0,0.0,53,89221.109,126840528896.0,0.0,0.0,0.0,0.0,0.0,0.0,0.0,0,0,0,0.0,0.0,0.0,0.0,0.0,0.0,0.0,0.0,0.0,0.0,0.0,0.0,0.0,0.0,0.0,0.0,0,-107875648.0,53,0.0,106,-107614832.0,0.0,ERR,ERR,ERR,ERR,ERR,ERR,ERR,ERR,ERR,ERR,ERR,ERR,ERR,ERR,ERR,ERR,ERR,ERR,ERR,ERR,ERR,ERR,ERR,ERR,ERR,ERR,ERR,ERR,ERR,ERR,ERR,ERR,ERR,ERR,ERR,ERR,ERR,ERR,ERR,ERR,ERR,ERR,ERR,ERR,ERR,ERR,ERR,ERR,ERR,ERR,ERR,ERR,ERR,ERR,ERR,ERR,ERR,ERR,ERR,ERR,ERR,ERR,ERR,ERR,ERR,ERR,ERR,50.0,60.0,100,0.0,0.0,0.0,0.0,0.0,0.0,0.0,0.0,0.0,0.0,0.0,0.0,0.0,0.0,0.0,0.0,62.0,65,19,65521,50,65476,0,300,0,0,8,20529,65476,0,0,26214,60.0,0.0,0.0,0.0,0.0,0.0
2026-05-17T16:07:26,ERR,ERR,ERR,ERR,ERR,ERR,ERR,ERR,ERR,ERR,ERR,ERR,ERR,ERR,ERR,ERR,ERR,ERR,ERR,ERR,ERR,ERR,ERR,ERR,ERR,ERR,ERR,ERR,ERR,ERR,ERR,ERR,ERR,ERR,ERR,ERR,ERR,ERR,ERR,ERR,ERR,ERR,ERR,ERR,ERR,ERR,ERR,ERR,ERR,ERR,ERR,ERR,ERR,ERR,ERR,ERR,ERR,ERR,ERR,ERR,ERR,ERR,ERR,ERR,ERR,ERR,ERR,ERR,ERR,ERR,ERR,ERR,ERR,ERR,ERR,ERR,ERR,ERR,ERR,ERR,ERR,ERR,ERR,ERR,ERR,ERR,ERR,ERR,ERR,ERR,ERR,ERR,ERR,ERR,ERR,ERR,ERR,ERR,ERR,ERR,ERR,ERR,ERR,ERR,ERR,ERR,ERR,ERR,ERR,ERR,ERR,ERR,ERR,ERR,ERR,ERR,ERR,ERR,ERR,ERR,ERR,ERR,ERR,ERR,ERR,0.0,-0.0,-0.0,0.0,0.0,1.3936040501711995e+18,7.805,0.0,0,0,4,0,8422,0.0,45,0.0,0.0,0.0,0.0,0.0,0,0,0,0,0.0,0,0,0,0,0,0,0,0,0,0,0,0,0,0,0,0,0,0,0,0,0,0,0,0,0,0,0,0,0,0,0,0,0,38,14,7,45,65476,0,300,0,0,8,21553,0.0,-107605600.0,0.0,0.0,0.0,0.0,0.0,0.0,0.0,0.0,0.0,0.0,0.0,0.0,0.0,0.0,0.0,0.0,0.0,0.0,0.0,0.0,-2.004,-0.0,2.004,-2.004,0.0,0.0,0.0,0.0,4970.0,-0.0,0.0,0.0,-0.0,-107615272.0,2.718429120148166e+23,0.0,0.0,0.0,0.0,53,89221.109,126840528896.0,0.0,0.0,0.0,0.0,0.0,0.0,0.0,0,0,0,0.0,0.0,0.0,0.0,0.0,0.0,0.0,0.0,0.0,0.0,0.0,0.0,0.0,0.0,0.0,0.0,0,-107875648.0,53,0.0,106,-107614832.0,0.0,ERR,ERR,ERR,ERR,ERR,ERR,ERR,ERR,ERR,ERR,ERR,ERR,ERR,ERR,ERR,ERR,ERR,ERR,ERR,ERR,ERR,ERR,ERR,ERR,ERR,ERR,ERR,ERR,ERR,ERR,ERR,ERR,ERR,ERR,ERR,ERR,ERR,ERR,ERR,ERR,ERR,ERR,ERR,ERR,ERR,ERR,ERR,ERR,ERR,ERR,ERR,ERR,ERR,ERR,ERR,ERR,ERR,ERR,ERR,ERR,ERR,ERR,ERR,ERR,ERR,ERR,ERR,50.0,60.0,100,0.0,0.0,0.0,0.0,0.0,0.0,0.0,0.0,0.0,0.0,0.0,0.0,0.0,0.0,0.0,0.0,61.6,65,19,65521,50,65476,0,300,0,0,8,20529,65476,0,0,26214,60.0,0.0,0.0,0.0,0.0,0.0
2026-05-17T16:07:27,ERR,ERR,ERR,ERR,ERR,ERR,ERR,ERR,ERR,ERR,ERR,ERR,ERR,ERR,ERR,ERR,ERR,ERR,ERR,ERR,ERR,ERR,ERR,ERR,ERR,ERR,ERR,ERR,ERR,ERR,ERR,ERR,ERR,ERR,ERR,ERR,ERR,ERR,ERR,ERR,ERR,ERR,ERR,ERR,ERR,ERR,ERR,ERR,ERR,ERR,ERR,ERR,ERR,ERR,ERR,ERR,ERR,ERR,ERR,ERR,ERR,ERR,ERR,ERR,ERR,ERR,ERR,ERR,ERR,ERR,ERR,ERR,ERR,ERR,ERR,ERR,ERR,ERR,ERR,ERR,ERR,ERR,ERR,ERR,ERR,ERR,ERR,ERR,ERR,ERR,ERR,ERR,ERR,ERR,ERR,ERR,ERR,ERR,ERR,ERR,ERR,ERR,ERR,ERR,ERR,ERR,ERR,ERR,ERR,ERR,ERR,ERR,ERR,ERR,ERR,ERR,ERR,ERR,ERR,ERR,ERR,ERR,ERR,ERR,ERR,0.0,-0.0,-0.0,0.0,0.0,1.3936040501711995e+18,7.805,0.0,0,0,4,0,8422,0.0,45,0.0,0.0,0.0,0.0,0.0,0,0,0,0,0.0,0,0,0,0,0,0,0,0,0,0,0,0,0,0,0,0,0,0,0,0,0,0,0,0,0,0,0,0,0,0,0,0,0,38,14,7,45,65476,0,300,0,0,8,21553,0.0,-107605600.0,0.0,0.0,0.0,0.0,0.0,0.0,0.0,0.0,0.0,0.0,0.0,0.0,0.0,0.0,0.0,0.0,0.0,0.0,0.0,0.0,-2.004,-0.0,2.004,-2.004,0.0,0.0,0.0,0.0,4970.0,-0.0,0.0,0.0,-0.0,-107615272.0,2.718429120148166e+23,0.0,0.0,0.0,0.0,53,89221.109,126840528896.0,0.0,0.0,0.0,0.0,0.0,0.0,0.0,0,0,0,0.0,0.0,0.0,0.0,0.0,0.0,0.0,0.0,0.0,0.0,0.0,0.0,0.0,0.0,0.0,0.0,0,-107875648.0,53,0.0,106,-107614832.0,0.0,ERR,ERR,ERR,ERR,ERR,ERR,ERR,ERR,ERR,ERR,ERR,ERR,ERR,ERR,ERR,ERR,ERR,ERR,ERR,ERR,ERR,ERR,ERR,ERR,ERR,ERR,ERR,ERR,ERR,ERR,ERR,ERR,ERR,ERR,ERR,ERR,ERR,ERR,ERR,ERR,ERR,ERR,ERR,ERR,ERR,ERR,ERR,ERR,ERR,ERR,ERR,ERR,ERR,ERR,ERR,ERR,ERR,ERR,ERR,ERR,ERR,ERR,ERR,ERR,ERR,ERR,ERR,50.0,60.0,100,0.0,0.0,0.0,0.0,0.0,0.0,0.0,0.0,0.0,0.0,0.0,0.0,0.0,0.0,0.0,0.0,61.6,65,19,65521,50,65476,0,300,0,0,8,20529,65476,0,0,26214,60.0,0.0,0.0,0.0,0.0,0.0
2026-05-17T16:07:28,ERR,ERR,ERR,ERR,ERR,ERR,ERR,ERR,ERR,ERR,ERR,ERR,ERR,ERR,ERR,ERR,ERR,ERR,ERR,ERR,ERR,ERR,ERR,ERR,ERR,ERR,ERR,ERR,ERR,ERR,ERR,ERR,ERR,ERR,ERR,ERR,ERR,ERR,ERR,ERR,ERR,ERR,ERR,ERR,ERR,ERR,ERR,ERR,ERR,ERR,ERR,ERR,ERR,ERR,ERR,ERR,ERR,ERR,ERR,ERR,ERR,ERR,ERR,ERR,ERR,ERR,ERR,ERR,ERR,ERR,ERR,ERR,ERR,ERR,ERR,ERR,ERR,ERR,ERR,ERR,ERR,ERR,ERR,ERR,ERR,ERR,ERR,ERR,ERR,ERR,ERR,ERR,ERR,ERR,ERR,ERR,ERR,ERR,ERR,ERR,ERR,ERR,ERR,ERR,ERR,ERR,ERR,ERR,ERR,ERR,ERR,ERR,ERR,ERR,ERR,ERR,ERR,ERR,ERR,ERR,ERR,ERR,ERR,ERR,ERR,0.0,-0.0,-0.0,0.0,0.0,1.3936040501711995e+18,7.805,0.0,0,0,4,0,8422,0.0,45,0.0,0.0,0.0,0.0,0.0,0,0,0,0,0.0,0,0,0,0,0,0,0,0,0,0,0,0,0,0,0,0,0,0,0,0,0,0,0,0,0,0,0,0,0,0,0,0,0,38,14,7,45,65476,0,300,0,0,8,21553,0.0,-107605600.0,0.0,0.0,0.0,0.0,0.0,0.0,0.0,0.0,0.0,0.0,0.0,0.0,0.0,0.0,0.0,0.0,0.0,0.0,0.0,0.0,-2.004,-0.0,2.004,-2.004,0.0,0.0,0.0,0.0,4970.0,-0.0,0.0,0.0,-0.0,-107615272.0,2.718429120148166e+23,0.0,0.0,0.0,0.0,53,89221.109,126840528896.0,0.0,0.0,0.0,0.0,0.0,0.0,0.0,0,0,0,0.0,0.0,0.0,0.0,0.0,0.0,0.0,0.0,0.0,0.0,0.0,0.0,0.0,0.0,0.0,0.0,0,-107875648.0,53,0.0,106,-107614832.0,0.0,ERR,ERR,ERR,ERR,ERR,ERR,ERR,ERR,ERR,ERR,ERR,ERR,ERR,ERR,ERR,ERR,ERR,ERR,ERR,ERR,ERR,ERR,ERR,ERR,ERR,ERR,ERR,ERR,ERR,ERR,ERR,ERR,ERR,ERR,ERR,ERR,ERR,ERR,ERR,ERR,ERR,ERR,ERR,ERR,ERR,ERR,ERR,ERR,ERR,ERR,ERR,ERR,ERR,ERR,ERR,ERR,ERR,ERR,ERR,ERR,ERR,ERR,ERR,ERR,ERR,ERR,ERR,50.0,60.0,100,0.0,0.0,0.0,0.0,0.0,0.0,0.0,0.0,0.0,0.0,0.0,0.0,0.0,0.0,0.0,0.0,61.6,65,19,65521,50,65476,0,300,0,0,8,20529,65476,0,0,26214,60.0,0.0,0.0,0.0,0.0,0.0
2026-05-17T16:07:29,ERR,ERR,ERR,ERR,ERR,ERR,ERR,ERR,ERR,ERR,ERR,ERR,ERR,ERR,ERR,ERR,ERR,ERR,ERR,ERR,ERR,ERR,ERR,ERR,ERR,ERR,ERR,ERR,ERR,ERR,ERR,ERR,ERR,ERR,ERR,ERR,ERR,ERR,ERR,ERR,ERR,ERR,ERR,ERR,ERR,ERR,ERR,ERR,ERR,ERR,ERR,ERR,ERR,ERR,ERR,ERR,ERR,ERR,ERR,ERR,ERR,ERR,ERR,ERR,ERR,ERR,ERR,ERR,ERR,ERR,ERR,ERR,ERR,ERR,ERR,ERR,ERR,ERR,ERR,ERR,ERR,ERR,ERR,ERR,ERR,ERR,ERR,ERR,ERR,ERR,ERR,ERR,ERR,ERR,ERR,ERR,ERR,ERR,ERR,ERR,ERR,ERR,ERR,ERR,ERR,ERR,ERR,ERR,ERR,ERR,ERR,ERR,ERR,ERR,ERR,ERR,ERR,ERR,ERR,ERR,ERR,ERR,ERR,ERR,ERR,0.0,-0.0,-0.0,0.0,0.0,1.3936040501711995e+18,7.805,0.0,0,0,4,0,8422,0.0,45,0.0,0.0,0.0,0.0,0.0,0,0,0,0,0.0,0,0,0,0,0,0,0,0,0,0,0,0,0,0,0,0,0,0,0,0,0,0,0,0,0,0,0,0,0,0,0,0,0,38,14,7,45,65476,0,300,0,0,8,21553,0.0,-107605600.0,0.0,0.0,0.0,0.0,0.0,0.0,0.0,0.0,0.0,0.0,0.0,0.0,0.0,0.0,0.0,0.0,0.0,0.0,0.0,0.0,-2.004,-0.0,-0.0,-2.004,0.0,0.0,0.0,0.0,4971.0,-3.6971856938200465e+19,0.0,0.0,-0.0,-107615272.0,2.718429120148166e+23,0.0,0.0,0.0,0.0,53,107615344.0,-0.0,0.0,0.0,0.0,0.0,0.0,0.0,0.0,0,0,0,0.0,0.0,0.0,0.0,0.0,0.0,0.0,0.0,0.0,0.0,0.0,0.0,0.0,0.0,0.0,0.0,0,-107875648.0,53,0.0,106,-107614832.0,0.0,ERR,ERR,ERR,ERR,ERR,ERR,ERR,ERR,ERR,ERR,ERR,ERR,ERR,ERR,ERR,ERR,ERR,ERR,ERR,ERR,ERR,ERR,ERR,ERR,ERR,ERR,ERR,ERR,ERR,ERR,ERR,ERR,ERR,ERR,ERR,ERR,ERR,ERR,ERR,ERR,ERR,ERR,ERR,ERR,ERR,ERR,ERR,ERR,ERR,ERR,ERR,ERR,ERR,ERR,ERR,ERR,ERR,ERR,ERR,ERR,ERR,ERR,ERR,ERR,ERR,ERR,ERR,50.0,60.0,100,0.0,0.0,0.0,0.0,0.0,0.0,0.0,0.0,0.0,0.0,0.0,0.0,0.0,0.0,0.0,0.0,61.6,65,19,65521,50,65476,0,300,0,0,8,20529,65476,0,0,26214,60.0,0.0,0.0,0.0,0.0,0.0
2026-05-17T16:07:30,ERR,ERR,ERR,ERR,ERR,ERR,ERR,ERR,ERR,ERR,ERR,ERR,ERR,ERR,ERR,ERR,ERR,ERR,ERR,ERR,ERR,ERR,ERR,ERR,ERR,ERR,ERR,ERR,ERR,ERR,ERR,ERR,ERR,ERR,ERR,ERR,ERR,ERR,ERR,ERR,ERR,ERR,ERR,ERR,ERR,ERR,ERR,ERR,ERR,ERR,ERR,ERR,ERR,ERR,ERR,ERR,ERR,ERR,ERR,ERR,ERR,ERR,ERR,ERR,ERR,ERR,ERR,ERR,ERR,ERR,ERR,ERR,ERR,ERR,ERR,ERR,ERR,ERR,ERR,ERR,ERR,ERR,ERR,ERR,ERR,ERR,ERR,ERR,ERR,ERR,ERR,ERR,ERR,ERR,ERR,ERR,ERR,ERR,ERR,ERR,ERR,ERR,ERR,ERR,ERR,ERR,ERR,ERR,ERR,ERR,ERR,ERR,ERR,ERR,ERR,ERR,ERR,ERR,ERR,ERR,ERR,ERR,ERR,ERR,ERR,0.0,-0.0,-0.0,0.0,0.0,1.3936040501711995e+18,7.805,0.0,0,0,4,0,8422,0.0,45,0.0,0.0,0.0,0.0,0.0,0,0,0,0,0.0,0,0,0,0,0,0,0,0,0,0,0,0,0,0,0,0,0,0,0,0,0,0,0,0,0,0,0,0,0,0,0,0,0,38,14,7,45,65476,0,300,0,0,8,21553,0.0,-107605600.0,0.0,0.0,0.0,0.0,0.0,0.0,0.0,0.0,0.0,0.0,0.0,0.0,0.0,0.0,0.0,0.0,0.0,0.0,0.0,0.0,-2.004,-0.0,-0.0,-2.004,0.0,0.0,0.0,0.0,4971.0,-3.6971856938200465e+19,0.0,0.0,-0.0,-107615272.0,2.718429120148166e+23,0.0,0.0,0.0,0.0,53,107615344.0,-0.0,0.0,0.0,0.0,0.0,0.0,0.0,0.0,0,0,0,0.0,0.0,0.0,0.0,0.0,0.0,0.0,0.0,0.0,0.0,0.0,0.0,0.0,0.0,0.0,0.0,0,-107875648.0,53,0.0,106,-107614832.0,0.0,ERR,ERR,ERR,ERR,ERR,ERR,ERR,ERR,ERR,ERR,ERR,ERR,ERR,ERR,ERR,ERR,ERR,ERR,ERR,ERR,ERR,ERR,ERR,ERR,ERR,ERR,ERR,ERR,ERR,ERR,ERR,ERR,ERR,ERR,ERR,ERR,ERR,ERR,ERR,ERR,ERR,ERR,ERR,ERR,ERR,ERR,ERR,ERR,ERR,ERR,ERR,ERR,ERR,ERR,ERR,ERR,ERR,ERR,ERR,ERR,ERR,ERR,ERR,ERR,ERR,ERR,ERR,50.0,60.0,100,0.0,0.0,0.0,0.0,0.0,0.0,0.0,0.0,0.0,0.0,0.0,0.0,0.0,0.0,0.0,0.0,62.0,65,19,65521,50,65476,0,300,0,0,8,20529,65476,0,0,26214,60.0,0.0,0.0,0.0,0.0,0.0
2026-05-17T16:07:31,ERR,ERR,ERR,ERR,ERR,ERR,ERR,ERR,ERR,ERR,ERR,ERR,ERR,ERR,ERR,ERR,ERR,ERR,ERR,ERR,ERR,ERR,ERR,ERR,ERR,ERR,ERR,ERR,ERR,ERR,ERR,ERR,ERR,ERR,ERR,ERR,ERR,ERR,ERR,ERR,ERR,ERR,ERR,ERR,ERR,ERR,ERR,ERR,ERR,ERR,ERR,ERR,ERR,ERR,ERR,ERR,ERR,ERR,ERR,ERR,ERR,ERR,ERR,ERR,ERR,ERR,ERR,ERR,ERR,ERR,ERR,ERR,ERR,ERR,ERR,ERR,ERR,ERR,ERR,ERR,ERR,ERR,ERR,ERR,ERR,ERR,ERR,ERR,ERR,ERR,ERR,ERR,ERR,ERR,ERR,ERR,ERR,ERR,ERR,ERR,ERR,ERR,ERR,ERR,ERR,ERR,ERR,ERR,ERR,ERR,ERR,ERR,ERR,ERR,ERR,ERR,ERR,ERR,ERR,ERR,ERR,ERR,ERR,ERR,ERR,0.0,-0.0,-0.0,0.0,0.0,1.3936040501711995e+18,7.805,0.0,0,0,4,0,8422,0.0,45,0.0,0.0,0.0,0.0,0.0,0,0,0,0,0.0,0,0,0,0,0,0,0,0,0,0,0,0,0,0,0,0,0,0,0,0,0,0,0,0,0,0,0,0,0,0,0,0,0,38,14,7,45,65476,0,300,0,0,8,21553,0.0,-107605600.0,0.0,0.0,0.0,0.0,0.0,0.0,0.0,0.0,0.0,0.0,0.0,0.0,0.0,0.0,0.0,0.0,0.0,0.0,0.0,0.0,-2.004,-0.0,-0.0,-2.004,0.0,0.0,0.0,0.0,4971.0,-3.6971856938200465e+19,0.0,0.0,-0.0,-107615272.0,2.718429120148166e+23,0.0,0.0,0.0,0.0,53,107615344.0,-0.0,0.0,0.0,0.0,0.0,0.0,0.0,0.0,0,0,0,0.0,0.0,0.0,0.0,0.0,0.0,0.0,0.0,0.0,0.0,0.0,0.0,0.0,0.0,0.0,0.0,0,-107875648.0,53,0.0,106,-107614832.0,0.0,ERR,ERR,ERR,ERR,ERR,ERR,ERR,ERR,ERR,ERR,ERR,ERR,ERR,ERR,ERR,ERR,ERR,ERR,ERR,ERR,ERR,ERR,ERR,ERR,ERR,ERR,ERR,ERR,ERR,ERR,ERR,ERR,ERR,ERR,ERR,ERR,ERR,ERR,ERR,ERR,ERR,ERR,ERR,ERR,ERR,ERR,ERR,ERR,ERR,ERR,ERR,ERR,ERR,ERR,ERR,ERR,ERR,ERR,ERR,ERR,ERR,ERR,ERR,ERR,ERR,ERR,ERR,50.0,60.0,100,0.0,0.0,0.0,0.0,0.0,0.0,0.0,0.0,0.0,0.0,0.0,0.0,0.0,0.0,0.0,0.0,61.6,65,19,65521,50,65476,0,300,0,0,8,20529,65476,0,0,26214,60.0,0.0,0.0,0.0,0.0,0.0
2026-05-17T16:07:32,ERR,ERR,ERR,ERR,ERR,ERR,ERR,ERR,ERR,ERR,ERR,ERR,ERR,ERR,ERR,ERR,ERR,ERR,ERR,ERR,ERR,ERR,ERR,ERR,ERR,ERR,ERR,ERR,ERR,ERR,ERR,ERR,ERR,ERR,ERR,ERR,ERR,ERR,ERR,ERR,ERR,ERR,ERR,ERR,ERR,ERR,ERR,ERR,ERR,ERR,ERR,ERR,ERR,ERR,ERR,ERR,ERR,ERR,ERR,ERR,ERR,ERR,ERR,ERR,ERR,ERR,ERR,ERR,ERR,ERR,ERR,ERR,ERR,ERR,ERR,ERR,ERR,ERR,ERR,ERR,ERR,ERR,ERR,ERR,ERR,ERR,ERR,ERR,ERR,ERR,ERR,ERR,ERR,ERR,ERR,ERR,ERR,ERR,ERR,ERR,ERR,ERR,ERR,ERR,ERR,ERR,ERR,ERR,ERR,ERR,ERR,ERR,ERR,ERR,ERR,ERR,ERR,ERR,ERR,ERR,ERR,ERR,ERR,ERR,ERR,0.0,-0.0,-0.0,0.0,0.0,1.3936040501711995e+18,7.805,0.0,0,0,4,0,8422,0.0,45,0.0,0.0,0.0,0.0,0.0,0,0,0,0,0.0,0,0,0,0,0,0,0,0,0,0,0,0,0,0,0,0,0,0,0,0,0,0,0,0,0,0,0,0,0,0,0,0,0,38,14,7,45,65476,0,300,0,0,8,21553,0.0,-107605600.0,0.0,0.0,0.0,0.0,0.0,0.0,0.0,0.0,0.0,0.0,0.0,0.0,0.0,0.0,0.0,0.0,0.0,0.0,0.0,0.0,-2.004,-0.0,-0.0,-2.004,0.0,0.0,0.0,0.0,4971.0,-3.6971856938200465e+19,0.0,0.0,-0.0,-107615272.0,2.718429120148166e+23,0.0,0.0,0.0,0.0,53,107615344.0,-0.0,0.0,0.0,0.0,0.0,0.0,0.0,0.0,0,0,0,0.0,0.0,0.0,0.0,0.0,0.0,0.0,0.0,0.0,0.0,0.0,0.0,0.0,0.0,0.0,0.0,0,-107875648.0,53,0.0,106,-107614832.0,0.0,ERR,ERR,ERR,ERR,ERR,ERR,ERR,ERR,ERR,ERR,ERR,ERR,ERR,ERR,ERR,ERR,ERR,ERR,ERR,ERR,ERR,ERR,ERR,ERR,ERR,ERR,ERR,ERR,ERR,ERR,ERR,ERR,ERR,ERR,ERR,ERR,ERR,ERR,ERR,ERR,ERR,ERR,ERR,ERR,ERR,ERR,ERR,ERR,ERR,ERR,ERR,ERR,ERR,ERR,ERR,ERR,ERR,ERR,ERR,ERR,ERR,ERR,ERR,ERR,ERR,ERR,ERR,50.0,60.0,100,0.0,0.0,0.0,0.0,0.0,0.0,0.0,0.0,0.0,0.0,0.0,0.0,0.0,0.0,0.0,0.0,61.6,65,19,65521,50,65476,0,300,0,0,8,20529,65476,0,0,26214,60.0,0.0,0.0,0.0,0.0,0.0
2026-05-17T16:07:33,ERR,ERR,ERR,ERR,ERR,ERR,ERR,ERR,ERR,ERR,ERR,ERR,ERR,ERR,ERR,ERR,ERR,ERR,ERR,ERR,ERR,ERR,ERR,ERR,ERR,ERR,ERR,ERR,ERR,ERR,ERR,ERR,ERR,ERR,ERR,ERR,ERR,ERR,ERR,ERR,ERR,ERR,ERR,ERR,ERR,ERR,ERR,ERR,ERR,ERR,ERR,ERR,ERR,ERR,ERR,ERR,ERR,ERR,ERR,ERR,ERR,ERR,ERR,ERR,ERR,ERR,ERR,ERR,ERR,ERR,ERR,ERR,ERR,ERR,ERR,ERR,ERR,ERR,ERR,ERR,ERR,ERR,ERR,ERR,ERR,ERR,ERR,ERR,ERR,ERR,ERR,ERR,ERR,ERR,ERR,ERR,ERR,ERR,ERR,ERR,ERR,ERR,ERR,ERR,ERR,ERR,ERR,ERR,ERR,ERR,ERR,ERR,ERR,ERR,ERR,ERR,ERR,ERR,ERR,ERR,ERR,ERR,ERR,ERR,ERR,0.0,-0.0,-0.0,0.0,0.0,1.3936040501711995e+18,7.805,0.0,0,0,4,0,8422,0.0,45,0.0,0.0,0.0,0.0,0.0,0,0,0,0,0.0,0,0,0,0,0,0,0,0,0,0,0,0,0,0,0,0,0,0,0,0,0,0,0,0,0,0,0,0,0,0,0,0,0,38,14,7,45,65476,0,300,0,0,8,21553,0.0,-107605600.0,0.0,0.0,0.0,0.0,0.0,0.0,0.0,0.0,0.0,0.0,0.0,0.0,0.0,0.0,0.0,0.0,0.0,0.0,0.0,0.0,-2.004,-0.0,-0.0,-2.004,0.0,0.0,0.0,0.0,4971.0,-3.6971856938200465e+19,0.0,0.0,-0.0,-107615272.0,2.718429120148166e+23,0.0,0.0,0.0,0.0,53,107615344.0,-0.0,0.0,0.0,0.0,0.0,0.0,0.0,0.0,0,0,0,0.0,0.0,0.0,0.0,0.0,0.0,0.0,0.0,0.0,0.0,0.0,0.0,0.0,0.0,0.0,0.0,0,-107875648.0,53,0.0,106,-107614832.0,0.0,ERR,ERR,ERR,ERR,ERR,ERR,ERR,ERR,ERR,ERR,ERR,ERR,ERR,ERR,ERR,ERR,ERR,ERR,ERR,ERR,ERR,ERR,ERR,ERR,ERR,ERR,ERR,ERR,ERR,ERR,ERR,ERR,ERR,ERR,ERR,ERR,ERR,ERR,ERR,ERR,ERR,ERR,ERR,ERR,ERR,ERR,ERR,ERR,ERR,ERR,ERR,ERR,ERR,ERR,ERR,ERR,ERR,ERR,ERR,ERR,ERR,ERR,ERR,ERR,ERR,ERR,ERR,50.0,60.0,100,0.0,0.0,0.0,0.0,0.0,0.0,0.0,0.0,0.0,0.0,0.0,0.0,0.0,0.0,0.0,0.0,61.6,65,19,65521,50,65476,0,300,0,0,8,20529,65476,0,0,26214,60.0,0.0,0.0,0.0,0.0,0.0
2026-05-17T16:07:34,ERR,ERR,ERR,ERR,ERR,ERR,ERR,ERR,ERR,ERR,ERR,ERR,ERR,ERR,ERR,ERR,ERR,ERR,ERR,ERR,ERR,ERR,ERR,ERR,ERR,ERR,ERR,ERR,ERR,ERR,ERR,ERR,ERR,ERR,ERR,ERR,ERR,ERR,ERR,ERR,ERR,ERR,ERR,ERR,ERR,ERR,ERR,ERR,ERR,ERR,ERR,ERR,ERR,ERR,ERR,ERR,ERR,ERR,ERR,ERR,ERR,ERR,ERR,ERR,ERR,ERR,ERR,ERR,ERR,ERR,ERR,ERR,ERR,ERR,ERR,ERR,ERR,ERR,ERR,ERR,ERR,ERR,ERR,ERR,ERR,ERR,ERR,ERR,ERR,ERR,ERR,ERR,ERR,ERR,ERR,ERR,ERR,ERR,ERR,ERR,ERR,ERR,ERR,ERR,ERR,ERR,ERR,ERR,ERR,ERR,ERR,ERR,ERR,ERR,ERR,ERR,ERR,ERR,ERR,ERR,ERR,ERR,ERR,ERR,ERR,0.0,-0.0,-0.0,0.0,0.0,1.3936040501711995e+18,7.805,0.0,0,0,4,0,8422,0.0,45,0.0,0.0,0.0,0.0,0.0,0,0,0,0,0.0,0,0,0,0,0,0,0,0,0,0,0,0,0,0,0,0,0,0,0,0,0,0,0,0,0,0,0,0,0,0,0,0,0,38,14,7,45,65476,0,300,0,0,8,21553,0.0,-107605600.0,0.0,0.0,0.0,0.0,0.0,0.0,0.0,0.0,0.0,0.0,0.0,0.0,0.0,0.0,0.0,0.0,0.0,0.0,0.0,0.0,-2.004,-0.0,-0.0,-2.004,0.0,0.0,0.0,0.0,5005.0,0.0,0.0,0.0,-0.0,-107615272.0,2.718429120148166e+23,0.0,0.0,0.0,0.0,53,152018454839296.0,-2.30882787541985e+20,0.0,0.0,0.0,0.0,0.0,0.0,0.0,0,0,0,0.0,0.0,0.0,0.0,0.0,0.0,0.0,0.0,0.0,0.0,0.0,0.0,0.0,0.0,0.0,0.0,0,-107875648.0,53,0.0,106,-107614832.0,0.0,ERR,ERR,ERR,ERR,ERR,ERR,ERR,ERR,ERR,ERR,ERR,ERR,ERR,ERR,ERR,ERR,ERR,ERR,ERR,ERR,ERR,ERR,ERR,ERR,ERR,ERR,ERR,ERR,ERR,ERR,ERR,ERR,ERR,ERR,ERR,ERR,ERR,ERR,ERR,ERR,ERR,ERR,ERR,ERR,ERR,ERR,ERR,ERR,ERR,ERR,ERR,ERR,ERR,ERR,ERR,ERR,ERR,ERR,ERR,ERR,ERR,ERR,ERR,ERR,ERR,ERR,ERR,50.0,60.0,100,0.0,0.0,0.0,0.0,0.0,0.0,0.0,0.0,0.0,0.0,0.0,0.0,0.0,0.0,0.0,0.0,61.6,65,19,65521,50,65476,0,300,0,0,8,20529,65476,0,0,26214,60.0,0.0,0.0,0.0,0.0,0.0
2026-05-17T16:07:35,ERR,ERR,ERR,ERR,ERR,ERR,ERR,ERR,ERR,ERR,ERR,ERR,ERR,ERR,ERR,ERR,ERR,ERR,ERR,ERR,ERR,ERR,ERR,ERR,ERR,ERR,ERR,ERR,ERR,ERR,ERR,ERR,ERR,ERR,ERR,ERR,ERR,ERR,ERR,ERR,ERR,ERR,ERR,ERR,ERR,ERR,ERR,ERR,ERR,ERR,ERR,ERR,ERR,ERR,ERR,ERR,ERR,ERR,ERR,ERR,ERR,ERR,ERR,ERR,ERR,ERR,ERR,ERR,ERR,ERR,ERR,ERR,ERR,ERR,ERR,ERR,ERR,ERR,ERR,ERR,ERR,ERR,ERR,ERR,ERR,ERR,ERR,ERR,ERR,ERR,ERR,ERR,ERR,ERR,ERR,ERR,ERR,ERR,ERR,ERR,ERR,ERR,ERR,ERR,ERR,ERR,ERR,ERR,ERR,ERR,ERR,ERR,ERR,ERR,ERR,ERR,ERR,ERR,ERR,ERR,ERR,ERR,ERR,ERR,ERR,0.0,-0.0,-0.0,0.0,0.0,1.3936040501711995e+18,7.805,0.0,0,0,4,0,8422,0.0,45,0.0,0.0,0.0,0.0,0.0,0,0,0,0,0.0,0,0,0,0,0,0,0,0,0,0,0,0,0,0,0,0,0,0,0,0,0,0,0,0,0,0,0,0,0,0,0,0,0,38,14,7,45,65476,0,300,0,0,8,21553,0.0,-107605600.0,0.0,0.0,0.0,0.0,0.0,0.0,0.0,0.0,0.0,0.0,0.0,0.0,0.0,0.0,0.0,0.0,0.0,0.0,0.0,0.0,-2.004,-0.0,-0.0,-2.004,0.0,0.0,0.0,0.0,5005.0,0.0,0.0,0.0,-0.0,-107615272.0,2.718429120148166e+23,0.0,0.0,0.0,0.0,53,152018454839296.0,-2.30882787541985e+20,0.0,0.0,0.0,0.0,0.0,0.0,0.0,0,0,0,0.0,0.0,0.0,0.0,0.0,0.0,0.0,0.0,0.0,0.0,0.0,0.0,0.0,0.0,0.0,0.0,0,-107875648.0,53,0.0,106,-107614832.0,0.0,ERR,ERR,ERR,ERR,ERR,ERR,ERR,ERR,ERR,ERR,ERR,ERR,ERR,ERR,ERR,ERR,ERR,ERR,ERR,ERR,ERR,ERR,ERR,ERR,ERR,ERR,ERR,ERR,ERR,ERR,ERR,ERR,ERR,ERR,ERR,ERR,ERR,ERR,ERR,ERR,ERR,ERR,ERR,ERR,ERR,ERR,ERR,ERR,ERR,ERR,ERR,ERR,ERR,ERR,ERR,ERR,ERR,ERR,ERR,ERR,ERR,ERR,ERR,ERR,ERR,ERR,ERR,50.0,60.0,100,0.0,0.0,0.0,0.0,0.0,0.0,0.0,0.0,0.0,0.0,0.0,0.0,0.0,0.0,0.0,0.0,61.6,65,19,65521,50,65476,0,300,0,0,8,20529,65476,0,0,26214,60.0,0.0,0.0,0.0,0.0,0.0
2026-05-17T16:07:36,ERR,ERR,ERR,ERR,ERR,ERR,ERR,ERR,ERR,ERR,ERR,ERR,ERR,ERR,ERR,ERR,ERR,ERR,ERR,ERR,ERR,ERR,ERR,ERR,ERR,ERR,ERR,ERR,ERR,ERR,ERR,ERR,ERR,ERR,ERR,ERR,ERR,ERR,ERR,ERR,ERR,ERR,ERR,ERR,ERR,ERR,ERR,ERR,ERR,ERR,ERR,ERR,ERR,ERR,ERR,ERR,ERR,ERR,ERR,ERR,ERR,ERR,ERR,ERR,ERR,ERR,ERR,ERR,ERR,ERR,ERR,ERR,ERR,ERR,ERR,ERR,ERR,ERR,ERR,ERR,ERR,ERR,ERR,ERR,ERR,ERR,ERR,ERR,ERR,ERR,ERR,ERR,ERR,ERR,ERR,ERR,ERR,ERR,ERR,ERR,ERR,ERR,ERR,ERR,ERR,ERR,ERR,ERR,ERR,ERR,ERR,ERR,ERR,ERR,ERR,ERR,ERR,ERR,ERR,ERR,ERR,ERR,ERR,ERR,ERR,0.0,-0.0,-0.0,0.0,0.0,1.3936040501711995e+18,7.805,0.0,0,0,4,0,8422,0.0,45,0.0,0.0,0.0,0.0,0.0,0,0,0,0,0.0,0,0,0,0,0,0,0,0,0,0,0,0,0,0,0,0,0,0,0,0,0,0,0,0,0,0,0,0,0,0,0,0,0,38,14,7,45,65476,0,300,0,0,8,21553,0.0,-107605600.0,0.0,0.0,0.0,0.0,0.0,0.0,0.0,0.0,0.0,0.0,0.0,0.0,0.0,0.0,0.0,0.0,0.0,0.0,0.0,0.0,-2.004,-0.0,-0.0,-2.004,0.0,0.0,0.0,0.0,5005.0,0.0,0.0,0.0,-0.0,-107615272.0,2.718429120148166e+23,0.0,0.0,0.0,0.0,53,152018454839296.0,-2.30882787541985e+20,0.0,0.0,0.0,0.0,0.0,0.0,0.0,0,0,0,0.0,0.0,0.0,0.0,0.0,0.0,0.0,0.0,0.0,0.0,0.0,0.0,0.0,0.0,0.0,0.0,0,-107875648.0,53,0.0,106,-107614832.0,0.0,ERR,ERR,ERR,ERR,ERR,ERR,ERR,ERR,ERR,ERR,ERR,ERR,ERR,ERR,ERR,ERR,ERR,ERR,ERR,ERR,ERR,ERR,ERR,ERR,ERR,ERR,ERR,ERR,ERR,ERR,ERR,ERR,ERR,ERR,ERR,ERR,ERR,ERR,ERR,ERR,ERR,ERR,ERR,ERR,ERR,ERR,ERR,ERR,ERR,ERR,ERR,ERR,ERR,ERR,ERR,ERR,ERR,ERR,ERR,ERR,ERR,ERR,ERR,ERR,ERR,ERR,ERR,50.0,60.0,100,0.0,0.0,0.0,0.0,0.0,0.0,0.0,0.0,0.0,0.0,0.0,0.0,0.0,0.0,0.0,0.0,61.6,65,19,65521,50,65476,0,300,0,0,8,20529,65476,0,0,26214,60.0,0.0,0.0,0.0,0.0,0.0
2026-05-17T16:07:37,ERR,ERR,ERR,ERR,ERR,ERR,ERR,ERR,ERR,ERR,ERR,ERR,ERR,ERR,ERR,ERR,ERR,ERR,ERR,ERR,ERR,ERR,ERR,ERR,ERR,ERR,ERR,ERR,ERR,ERR,ERR,ERR,ERR,ERR,ERR,ERR,ERR,ERR,ERR,ERR,ERR,ERR,ERR,ERR,ERR,ERR,ERR,ERR,ERR,ERR,ERR,ERR,ERR,ERR,ERR,ERR,ERR,ERR,ERR,ERR,ERR,ERR,ERR,ERR,ERR,ERR,ERR,ERR,ERR,ERR,ERR,ERR,ERR,ERR,ERR,ERR,ERR,ERR,ERR,ERR,ERR,ERR,ERR,ERR,ERR,ERR,ERR,ERR,ERR,ERR,ERR,ERR,ERR,ERR,ERR,ERR,ERR,ERR,ERR,ERR,ERR,ERR,ERR,ERR,ERR,ERR,ERR,ERR,ERR,ERR,ERR,ERR,ERR,ERR,ERR,ERR,ERR,ERR,ERR,ERR,ERR,ERR,ERR,ERR,ERR,0.0,-0.0,-0.0,0.0,0.0,1.3936040501711995e+18,7.805,0.0,0,0,4,0,8422,0.0,45,0.0,0.0,0.0,0.0,0.0,0,0,0,0,0.0,0,0,0,0,0,0,0,0,0,0,0,0,0,0,0,0,0,0,0,0,0,0,0,0,0,0,0,0,0,0,0,0,0,38,14,7,45,65476,0,300,0,0,8,21553,0.0,-107605600.0,0.0,0.0,0.0,0.0,0.0,0.0,0.0,0.0,0.0,0.0,0.0,0.0,0.0,0.0,0.0,0.0,0.0,0.0,0.0,0.0,-2.004,-0.0,-0.0,-2.004,0.0,0.0,0.0,0.0,5005.0,0.0,0.0,0.0,-0.0,-107615272.0,2.718429120148166e+23,0.0,0.0,0.0,0.0,53,152018454839296.0,-2.30882787541985e+20,0.0,0.0,0.0,0.0,0.0,0.0,0.0,0,0,0,0.0,0.0,0.0,0.0,0.0,0.0,0.0,0.0,0.0,0.0,0.0,0.0,0.0,0.0,0.0,0.0,0,-107875648.0,53,0.0,106,-107614832.0,0.0,ERR,ERR,ERR,ERR,ERR,ERR,ERR,ERR,ERR,ERR,ERR,ERR,ERR,ERR,ERR,ERR,ERR,ERR,ERR,ERR,ERR,ERR,ERR,ERR,ERR,ERR,ERR,ERR,ERR,ERR,ERR,ERR,ERR,ERR,ERR,ERR,ERR,ERR,ERR,ERR,ERR,ERR,ERR,ERR,ERR,ERR,ERR,ERR,ERR,ERR,ERR,ERR,ERR,ERR,ERR,ERR,ERR,ERR,ERR,ERR,ERR,ERR,ERR,ERR,ERR,ERR,ERR,50.0,60.0,100,0.0,0.0,0.0,0.0,0.0,0.0,0.0,0.0,0.0,0.0,0.0,0.0,0.0,0.0,0.0,0.0,61.6,65,19,65521,50,65476,0,300,0,0,8,20529,65476,0,0,26214,60.0,0.0,0.0,0.0,0.0,0.0
2026-05-17T16:07:38,ERR,ERR,ERR,ERR,ERR,ERR,ERR,ERR,ERR,ERR,ERR,ERR,ERR,ERR,ERR,ERR,ERR,ERR,ERR,ERR,ERR,ERR,ERR,ERR,ERR,ERR,ERR,ERR,ERR,ERR,ERR,ERR,ERR,ERR,ERR,ERR,ERR,ERR,ERR,ERR,ERR,ERR,ERR,ERR,ERR,ERR,ERR,ERR,ERR,ERR,ERR,ERR,ERR,ERR,ERR,ERR,ERR,ERR,ERR,ERR,ERR,ERR,ERR,ERR,ERR,ERR,ERR,ERR,ERR,ERR,ERR,ERR,ERR,ERR,ERR,ERR,ERR,ERR,ERR,ERR,ERR,ERR,ERR,ERR,ERR,ERR,ERR,ERR,ERR,ERR,ERR,ERR,ERR,ERR,ERR,ERR,ERR,ERR,ERR,ERR,ERR,ERR,ERR,ERR,ERR,ERR,ERR,ERR,ERR,ERR,ERR,ERR,ERR,ERR,ERR,ERR,ERR,ERR,ERR,ERR,ERR,ERR,ERR,ERR,ERR,0.0,-0.0,-0.0,0.0,0.0,1.3936040501711995e+18,7.805,0.0,0,0,4,0,8422,0.0,45,0.0,0.0,0.0,0.0,0.0,0,0,0,0,0.0,0,0,0,0,0,0,0,0,0,0,0,0,0,0,0,0,0,0,0,0,0,0,0,0,0,0,0,0,0,0,0,0,0,38,14,7,45,65476,0,300,0,0,8,21553,0.0,-107605600.0,0.0,0.0,0.0,0.0,0.0,0.0,0.0,0.0,0.0,0.0,0.0,0.0,0.0,0.0,0.0,0.0,0.0,0.0,0.0,0.0,-2.004,-0.0,-0.0,-2.004,0.0,0.0,0.0,0.0,5005.0,0.0,0.0,0.0,-0.0,-107615272.0,2.718429120148166e+23,0.0,0.0,0.0,0.0,53,152018454839296.0,-2.30882787541985e+20,0.0,0.0,0.0,0.0,0.0,0.0,0.0,0,0,0,0.0,0.0,0.0,0.0,0.0,0.0,0.0,0.0,0.0,0.0,0.0,0.0,0.0,0.0,0.0,0.0,0,-107875648.0,53,0.0,106,-107614832.0,0.0,ERR,ERR,ERR,ERR,ERR,ERR,ERR,ERR,ERR,ERR,ERR,ERR,ERR,ERR,ERR,ERR,ERR,ERR,ERR,ERR,ERR,ERR,ERR,ERR,ERR,ERR,ERR,ERR,ERR,ERR,ERR,ERR,ERR,ERR,ERR,ERR,ERR,ERR,ERR,ERR,ERR,ERR,ERR,ERR,ERR,ERR,ERR,ERR,ERR,ERR,ERR,ERR,ERR,ERR,ERR,ERR,ERR,ERR,ERR,ERR,ERR,ERR,ERR,ERR,ERR,ERR,ERR,50.0,60.0,100,0.0,0.0,0.0,0.0,0.0,0.0,0.0,0.0,0.0,0.0,0.0,0.0,0.0,0.0,0.0,0.0,61.6,65,19,65521,50,65476,0,300,0,0,8,20529,65476,0,0,26214,60.0,0.0,0.0,0.0,0.0,0.0
2026-05-17T16:07:39,ERR,ERR,ERR,ERR,ERR,ERR,ERR,ERR,ERR,ERR,ERR,ERR,ERR,ERR,ERR,ERR,ERR,ERR,ERR,ERR,ERR,ERR,ERR,ERR,ERR,ERR,ERR,ERR,ERR,ERR,ERR,ERR,ERR,ERR,ERR,ERR,ERR,ERR,ERR,ERR,ERR,ERR,ERR,ERR,ERR,ERR,ERR,ERR,ERR,ERR,ERR,ERR,ERR,ERR,ERR,ERR,ERR,ERR,ERR,ERR,ERR,ERR,ERR,ERR,ERR,ERR,ERR,ERR,ERR,ERR,ERR,ERR,ERR,ERR,ERR,ERR,ERR,ERR,ERR,ERR,ERR,ERR,ERR,ERR,ERR,ERR,ERR,ERR,ERR,ERR,ERR,ERR,ERR,ERR,ERR,ERR,ERR,ERR,ERR,ERR,ERR,ERR,ERR,ERR,ERR,ERR,ERR,ERR,ERR,ERR,ERR,ERR,ERR,ERR,ERR,ERR,ERR,ERR,ERR,ERR,ERR,ERR,ERR,ERR,ERR,0.0,-0.0,-0.0,0.0,0.0,1.3936040501711995e+18,7.805,0.0,0,0,4,0,8422,0.0,45,0.0,0.0,0.0,0.0,0.0,0,0,0,0,0.0,0,0,0,0,0,0,0,0,0,0,0,0,0,0,0,0,0,0,0,0,0,0,0,0,0,0,0,0,0,0,0,0,0,38,14,7,45,65476,0,300,0,0,8,21553,0.0,-107605600.0,0.0,0.0,0.0,0.0,0.0,0.0,0.0,0.0,0.0,0.0,0.0,0.0,0.0,0.0,0.0,0.0,0.0,0.0,0.0,0.0,-2.004,-0.0,-0.0,-2.004,0.0,0.0,0.0,0.0,5005.0,0.0,0.0,0.0,-0.0,0.0,2.718429120148166e+23,0.0,0.0,0.0,0.0,53,152018454839296.0,-2.30882787541985e+20,0.0,0.0,0.0,0.0,0.0,0.0,0.0,0,0,0,0.0,0.0,0.0,0.0,0.0,0.0,0.0,0.0,0.0,0.0,0.0,0.0,0.0,0.0,0.0,0.0,0,-107875648.0,53,0.0,106,-107614832.0,0.0,ERR,ERR,ERR,ERR,ERR,ERR,ERR,ERR,ERR,ERR,ERR,ERR,ERR,ERR,ERR,ERR,ERR,ERR,ERR,ERR,ERR,ERR,ERR,ERR,ERR,ERR,ERR,ERR,ERR,ERR,ERR,ERR,ERR,ERR,ERR,ERR,ERR,ERR,ERR,ERR,ERR,ERR,ERR,ERR,ERR,ERR,ERR,ERR,ERR,ERR,ERR,ERR,ERR,ERR,ERR,ERR,ERR,ERR,ERR,ERR,ERR,ERR,ERR,ERR,ERR,ERR,ERR,50.0,60.0,100,0.0,0.0,0.0,0.0,0.0,0.0,0.0,0.0,0.0,0.0,0.0,0.0,0.0,0.0,0.0,0.0,61.6,65,19,65521,50,65476,0,300,0,0,8,20529,65476,0,0,26214,60.0,0.0,0.0,0.0,0.0,0.0
2026-05-17T16:07:40,ERR,ERR,ERR,ERR,ERR,ERR,ERR,ERR,ERR,ERR,ERR,ERR,ERR,ERR,ERR,ERR,ERR,ERR,ERR,ERR,ERR,ERR,ERR,ERR,ERR,ERR,ERR,ERR,ERR,ERR,ERR,ERR,ERR,ERR,ERR,ERR,ERR,ERR,ERR,ERR,ERR,ERR,ERR,ERR,ERR,ERR,ERR,ERR,ERR,ERR,ERR,ERR,ERR,ERR,ERR,ERR,ERR,ERR,ERR,ERR,ERR,ERR,ERR,ERR,ERR,ERR,ERR,ERR,ERR,ERR,ERR,ERR,ERR,ERR,ERR,ERR,ERR,ERR,ERR,ERR,ERR,ERR,ERR,ERR,ERR,ERR,ERR,ERR,ERR,ERR,ERR,ERR,ERR,ERR,ERR,ERR,ERR,ERR,ERR,ERR,ERR,ERR,ERR,ERR,ERR,ERR,ERR,ERR,ERR,ERR,ERR,ERR,ERR,ERR,ERR,ERR,ERR,ERR,ERR,ERR,ERR,ERR,ERR,ERR,ERR,0.0,-0.0,-0.0,0.0,0.0,1.3936040501711995e+18,7.805,0.0,0,0,4,0,8422,0.0,45,0.0,0.0,0.0,0.0,0.0,0,0,0,0,0.0,0,0,0,0,0,0,0,0,0,0,0,0,0,0,0,0,0,0,0,0,0,0,0,0,0,0,0,0,0,0,0,0,0,38,14,7,45,65476,0,300,0,0,8,21553,0.0,-107605600.0,0.0,0.0,0.0,0.0,0.0,0.0,0.0,0.0,0.0,0.0,0.0,0.0,0.0,0.0,0.0,0.0,0.0,0.0,0.0,0.0,-2.004,-0.0,-0.0,-2.004,0.0,0.0,0.0,0.0,5005.0,0.0,0.0,0.0,-0.0,0.0,2.718429120148166e+23,0.0,0.0,0.0,0.0,53,152018454839296.0,-2.30882787541985e+20,0.0,0.0,0.0,0.0,0.0,0.0,0.0,0,0,0,0.0,0.0,0.0,0.0,0.0,0.0,0.0,0.0,0.0,0.0,0.0,0.0,0.0,0.0,0.0,0.0,0,-107875648.0,53,0.0,106,-107614832.0,0.0,ERR,ERR,ERR,ERR,ERR,ERR,ERR,ERR,ERR,ERR,ERR,ERR,ERR,ERR,ERR,ERR,ERR,ERR,ERR,ERR,ERR,ERR,ERR,ERR,ERR,ERR,ERR,ERR,ERR,ERR,ERR,ERR,ERR,ERR,ERR,ERR,ERR,ERR,ERR,ERR,ERR,ERR,ERR,ERR,ERR,ERR,ERR,ERR,ERR,ERR,ERR,ERR,ERR,ERR,ERR,ERR,ERR,ERR,ERR,ERR,ERR,ERR,ERR,ERR,ERR,ERR,ERR,50.0,60.0,100,0.0,0.0,0.0,0.0,0.0,0.0,0.0,0.0,0.0,0.0,0.0,0.0,0.0,0.0,0.0,0.0,61.6,65,19,65521,50,65476,0,300,0,0,8,20529,65476,0,0,26214,60.0,0.0,0.0,0.0,0.0,0.0
2026-05-17T16:07:41,ERR,ERR,ERR,ERR,ERR,ERR,ERR,ERR,ERR,ERR,ERR,ERR,ERR,ERR,ERR,ERR,ERR,ERR,ERR,ERR,ERR,ERR,ERR,ERR,ERR,ERR,ERR,ERR,ERR,ERR,ERR,ERR,ERR,ERR,ERR,ERR,ERR,ERR,ERR,ERR,ERR,ERR,ERR,ERR,ERR,ERR,ERR,ERR,ERR,ERR,ERR,ERR,ERR,ERR,ERR,ERR,ERR,ERR,ERR,ERR,ERR,ERR,ERR,ERR,ERR,ERR,ERR,ERR,ERR,ERR,ERR,ERR,ERR,ERR,ERR,ERR,ERR,ERR,ERR,ERR,ERR,ERR,ERR,ERR,ERR,ERR,ERR,ERR,ERR,ERR,ERR,ERR,ERR,ERR,ERR,ERR,ERR,ERR,ERR,ERR,ERR,ERR,ERR,ERR,ERR,ERR,ERR,ERR,ERR,ERR,ERR,ERR,ERR,ERR,ERR,ERR,ERR,ERR,ERR,ERR,ERR,ERR,ERR,ERR,ERR,0.0,-0.0,-0.0,0.0,0.0,1.3936040501711995e+18,7.805,0.0,0,0,4,0,8422,0.0,45,0.0,0.0,0.0,0.0,0.0,0,0,0,0,0.0,0,0,0,0,0,0,0,0,0,0,0,0,0,0,0,0,0,0,0,0,0,0,0,0,0,0,0,0,0,0,0,0,0,38,14,7,45,65476,0,300,0,0,8,21553,0.0,-107605600.0,0.0,0.0,0.0,0.0,0.0,0.0,0.0,0.0,0.0,0.0,0.0,0.0,0.0,0.0,0.0,0.0,0.0,0.0,0.0,0.0,-2.004,-0.0,-0.0,-2.004,0.0,0.0,0.0,0.0,5005.0,0.0,0.0,0.0,-0.0,0.0,2.718429120148166e+23,0.0,0.0,0.0,0.0,53,152018454839296.0,-2.30882787541985e+20,0.0,0.0,0.0,0.0,0.0,0.0,0.0,0,0,0,0.0,0.0,0.0,0.0,0.0,0.0,0.0,0.0,0.0,0.0,0.0,0.0,0.0,0.0,0.0,0.0,0,-107875648.0,53,0.0,106,-107614832.0,0.0,ERR,ERR,ERR,ERR,ERR,ERR,ERR,ERR,ERR,ERR,ERR,ERR,ERR,ERR,ERR,ERR,ERR,ERR,ERR,ERR,ERR,ERR,ERR,ERR,ERR,ERR,ERR,ERR,ERR,ERR,ERR,ERR,ERR,ERR,ERR,ERR,ERR,ERR,ERR,ERR,ERR,ERR,ERR,ERR,ERR,ERR,ERR,ERR,ERR,ERR,ERR,ERR,ERR,ERR,ERR,ERR,ERR,ERR,ERR,ERR,ERR,ERR,ERR,ERR,ERR,ERR,ERR,50.0,60.0,100,0.0,0.0,0.0,0.0,0.0,0.0,0.0,0.0,0.0,0.0,0.0,0.0,0.0,0.0,0.0,0.0,61.6,65,19,65521,50,65476,0,300,0,0,8,20529,65476,0,0,26214,60.0,0.0,0.0,0.0,0.0,0.0
2026-05-17T16:07:42,ERR,ERR,ERR,ERR,ERR,ERR,ERR,ERR,ERR,ERR,ERR,ERR,ERR,ERR,ERR,ERR,ERR,ERR,ERR,ERR,ERR,ERR,ERR,ERR,ERR,ERR,ERR,ERR,ERR,ERR,ERR,ERR,ERR,ERR,ERR,ERR,ERR,ERR,ERR,ERR,ERR,ERR,ERR,ERR,ERR,ERR,ERR,ERR,ERR,ERR,ERR,ERR,ERR,ERR,ERR,ERR,ERR,ERR,ERR,ERR,ERR,ERR,ERR,ERR,ERR,ERR,ERR,ERR,ERR,ERR,ERR,ERR,ERR,ERR,ERR,ERR,ERR,ERR,ERR,ERR,ERR,ERR,ERR,ERR,ERR,ERR,ERR,ERR,ERR,ERR,ERR,ERR,ERR,ERR,ERR,ERR,ERR,ERR,ERR,ERR,ERR,ERR,ERR,ERR,ERR,ERR,ERR,ERR,ERR,ERR,ERR,ERR,ERR,ERR,ERR,ERR,ERR,ERR,ERR,ERR,ERR,ERR,ERR,ERR,ERR,0.0,-0.0,-0.0,0.0,0.0,1.3936040501711995e+18,7.805,0.0,0,0,4,0,8422,0.0,45,0.0,0.0,0.0,0.0,0.0,0,0,0,0,0.0,0,0,0,0,0,0,0,0,0,0,0,0,0,0,0,0,0,0,0,0,0,0,0,0,0,0,0,0,0,0,0,0,0,38,14,7,45,65476,0,300,0,0,8,21553,0.0,-107605600.0,0.0,0.0,0.0,0.0,0.0,0.0,0.0,0.0,0.0,0.0,0.0,0.0,0.0,0.0,0.0,0.0,0.0,0.0,0.0,0.0,-2.004,-0.0,-0.0,-2.004,0.0,0.0,0.0,0.0,5005.0,0.0,0.0,0.0,-0.0,0.0,2.718429120148166e+23,0.0,0.0,0.0,0.0,53,152018454839296.0,-2.30882787541985e+20,0.0,0.0,0.0,0.0,0.0,0.0,0.0,0,0,0,0.0,0.0,0.0,0.0,0.0,0.0,0.0,0.0,0.0,0.0,0.0,0.0,0.0,0.0,0.0,0.0,0,-107875648.0,53,0.0,106,-107614832.0,0.0,ERR,ERR,ERR,ERR,ERR,ERR,ERR,ERR,ERR,ERR,ERR,ERR,ERR,ERR,ERR,ERR,ERR,ERR,ERR,ERR,ERR,ERR,ERR,ERR,ERR,ERR,ERR,ERR,ERR,ERR,ERR,ERR,ERR,ERR,ERR,ERR,ERR,ERR,ERR,ERR,ERR,ERR,ERR,ERR,ERR,ERR,ERR,ERR,ERR,ERR,ERR,ERR,ERR,ERR,ERR,ERR,ERR,ERR,ERR,ERR,ERR,ERR,ERR,ERR,ERR,ERR,ERR,50.0,60.0,100,0.0,0.0,0.0,0.0,0.0,0.0,0.0,0.0,0.0,0.0,0.0,0.0,0.0,0.0,0.0,0.0,61.6,65,19,65521,50,65476,0,300,0,0,8,20529,65476,0,0,26214,60.0,0.0,0.0,0.0,0.0,0.0
2026-05-17T16:07:43,ERR,ERR,ERR,ERR,ERR,ERR,ERR,ERR,ERR,ERR,ERR,ERR,ERR,ERR,ERR,ERR,ERR,ERR,ERR,ERR,ERR,ERR,ERR,ERR,ERR,ERR,ERR,ERR,ERR,ERR,ERR,ERR,ERR,ERR,ERR,ERR,ERR,ERR,ERR,ERR,ERR,ERR,ERR,ERR,ERR,ERR,ERR,ERR,ERR,ERR,ERR,ERR,ERR,ERR,ERR,ERR,ERR,ERR,ERR,ERR,ERR,ERR,ERR,ERR,ERR,ERR,ERR,ERR,ERR,ERR,ERR,ERR,ERR,ERR,ERR,ERR,ERR,ERR,ERR,ERR,ERR,ERR,ERR,ERR,ERR,ERR,ERR,ERR,ERR,ERR,ERR,ERR,ERR,ERR,ERR,ERR,ERR,ERR,ERR,ERR,ERR,ERR,ERR,ERR,ERR,ERR,ERR,ERR,ERR,ERR,ERR,ERR,ERR,ERR,ERR,ERR,ERR,ERR,ERR,ERR,ERR,ERR,ERR,ERR,ERR,0.0,-0.0,-0.0,0.0,0.0,1.3936040501711995e+18,7.805,0.0,0,0,4,0,8422,0.0,45,0.0,0.0,0.0,0.0,0.0,0,0,0,0,0.0,0,0,0,0,0,0,0,0,0,0,0,0,0,0,0,0,0,0,0,0,0,0,0,0,0,0,0,0,0,0,0,0,0,38,14,7,45,65476,0,300,0,0,8,21553,0.0,-107605600.0,0.0,0.0,0.0,0.0,0.0,0.0,0.0,0.0,0.0,0.0,0.0,0.0,0.0,0.0,0.0,0.0,0.0,0.0,0.0,0.0,-2.004,-0.0,-0.0,-2.004,0.0,0.0,0.0,0.0,5005.0,0.0,0.0,0.0,-0.0,0.0,2.718429120148166e+23,0.0,0.0,0.0,0.0,53,152018454839296.0,-2.30882787541985e+20,0.0,0.0,0.0,0.0,0.0,0.0,0.0,0,0,0,0.0,0.0,0.0,0.0,0.0,0.0,0.0,0.0,0.0,0.0,0.0,0.0,0.0,0.0,0.0,0.0,0,-107875648.0,53,0.0,106,-107614832.0,0.0,ERR,ERR,ERR,ERR,ERR,ERR,ERR,ERR,ERR,ERR,ERR,ERR,ERR,ERR,ERR,ERR,ERR,ERR,ERR,ERR,ERR,ERR,ERR,ERR,ERR,ERR,ERR,ERR,ERR,ERR,ERR,ERR,ERR,ERR,ERR,ERR,ERR,ERR,ERR,ERR,ERR,ERR,ERR,ERR,ERR,ERR,ERR,ERR,ERR,ERR,ERR,ERR,ERR,ERR,ERR,ERR,ERR,ERR,ERR,ERR,ERR,ERR,ERR,ERR,ERR,ERR,ERR,50.0,60.0,100,0.0,0.0,0.0,0.0,0.0,0.0,0.0,0.0,0.0,0.0,0.0,0.0,0.0,0.0,0.0,0.0,61.6,65,19,65521,50,65476,0,300,0,0,8,20529,65476,0,0,26214,60.0,0.0,0.0,0.0,0.0,0.0
2026-05-17T16:07:44,ERR,ERR,ERR,ERR,ERR,ERR,ERR,ERR,ERR,ERR,ERR,ERR,ERR,ERR,ERR,ERR,ERR,ERR,ERR,ERR,ERR,ERR,ERR,ERR,ERR,ERR,ERR,ERR,ERR,ERR,ERR,ERR,ERR,ERR,ERR,ERR,ERR,ERR,ERR,ERR,ERR,ERR,ERR,ERR,ERR,ERR,ERR,ERR,ERR,ERR,ERR,ERR,ERR,ERR,ERR,ERR,ERR,ERR,ERR,ERR,ERR,ERR,ERR,ERR,ERR,ERR,ERR,ERR,ERR,ERR,ERR,ERR,ERR,ERR,ERR,ERR,ERR,ERR,ERR,ERR,ERR,ERR,ERR,ERR,ERR,ERR,ERR,ERR,ERR,ERR,ERR,ERR,ERR,ERR,ERR,ERR,ERR,ERR,ERR,ERR,ERR,ERR,ERR,ERR,ERR,ERR,ERR,ERR,ERR,ERR,ERR,ERR,ERR,ERR,ERR,ERR,ERR,ERR,ERR,ERR,ERR,ERR,ERR,ERR,ERR,0.0,-0.0,-0.0,0.0,0.0,1.3936040501711995e+18,7.805,0.0,0,0,4,0,8422,0.0,45,0.0,0.0,0.0,0.0,0.0,0,0,0,0,0.0,0,0,0,0,0,0,0,0,0,0,0,0,0,0,0,0,0,0,0,0,0,0,0,0,0,0,0,0,0,0,0,0,0,38,14,7,45,65476,0,300,0,0,8,21553,0.0,-107605600.0,0.0,0.0,0.0,0.0,0.0,0.0,0.0,0.0,0.0,0.0,0.0,0.0,0.0,0.0,0.0,0.0,0.0,0.0,0.0,0.0,-2.004,-0.0,2.004,-2.004,0.0,0.0,0.0,0.0,4974.0,564145766268928.0,0.0,0.0,-0.0,0.0,2.718429120148166e+23,0.0,0.0,0.0,0.0,53,1.9056979486756045e+17,-152017246879744.0,0.0,0.0,0.0,0.0,0.0,0.0,0.0,0,0,0,0.0,0.0,0.0,0.0,0.0,0.0,0.0,0.0,0.0,0.0,0.0,0.0,0.0,0.0,0.0,0.0,0,-107875648.0,53,0.0,106,-107614832.0,0.0,ERR,ERR,ERR,ERR,ERR,ERR,ERR,ERR,ERR,ERR,ERR,ERR,ERR,ERR,ERR,ERR,ERR,ERR,ERR,ERR,ERR,ERR,ERR,ERR,ERR,ERR,ERR,ERR,ERR,ERR,ERR,ERR,ERR,ERR,ERR,ERR,ERR,ERR,ERR,ERR,ERR,ERR,ERR,ERR,ERR,ERR,ERR,ERR,ERR,ERR,ERR,ERR,ERR,ERR,ERR,ERR,ERR,ERR,ERR,ERR,ERR,ERR,ERR,ERR,ERR,ERR,ERR,50.0,60.0,100,0.0,0.0,0.0,0.0,0.0,0.0,0.0,0.0,0.0,0.0,0.0,0.0,0.0,0.0,0.0,0.0,62.0,65,19,65521,50,65476,0,300,0,0,8,20529,65476,0,0,26214,60.0,0.0,0.0,0.0,0.0,0.0
2026-05-17T16:07:45,ERR,ERR,ERR,ERR,ERR,ERR,ERR,ERR,ERR,ERR,ERR,ERR,ERR,ERR,ERR,ERR,ERR,ERR,ERR,ERR,ERR,ERR,ERR,ERR,ERR,ERR,ERR,ERR,ERR,ERR,ERR,ERR,ERR,ERR,ERR,ERR,ERR,ERR,ERR,ERR,ERR,ERR,ERR,ERR,ERR,ERR,ERR,ERR,ERR,ERR,ERR,ERR,ERR,ERR,ERR,ERR,ERR,ERR,ERR,ERR,ERR,ERR,ERR,ERR,ERR,ERR,ERR,ERR,ERR,ERR,ERR,ERR,ERR,ERR,ERR,ERR,ERR,ERR,ERR,ERR,ERR,ERR,ERR,ERR,ERR,ERR,ERR,ERR,ERR,ERR,ERR,ERR,ERR,ERR,ERR,ERR,ERR,ERR,ERR,ERR,ERR,ERR,ERR,ERR,ERR,ERR,ERR,ERR,ERR,ERR,ERR,ERR,ERR,ERR,ERR,ERR,ERR,ERR,ERR,ERR,ERR,ERR,ERR,ERR,ERR,0.0,-0.0,-0.0,0.0,0.0,1.3936040501711995e+18,7.805,0.0,0,0,4,0,8422,0.0,45,0.0,0.0,0.0,0.0,0.0,0,0,0,0,0.0,0,0,0,0,0,0,0,0,0,0,0,0,0,0,0,0,0,0,0,0,0,0,0,0,0,0,0,0,0,0,0,0,0,38,14,7,45,65476,0,300,0,0,8,21553,0.0,-107605600.0,0.0,0.0,0.0,0.0,0.0,0.0,0.0,0.0,0.0,0.0,0.0,0.0,0.0,0.0,0.0,0.0,0.0,0.0,0.0,0.0,-2.004,-0.0,2.004,-2.004,0.0,0.0,0.0,0.0,4974.0,564145766268928.0,0.0,0.0,-0.0,0.0,2.718429120148166e+23,0.0,0.0,0.0,0.0,53,1.9056979486756045e+17,-152017246879744.0,0.0,0.0,0.0,0.0,0.0,0.0,0.0,0,0,0,0.0,0.0,0.0,0.0,0.0,0.0,0.0,0.0,0.0,0.0,0.0,0.0,0.0,0.0,0.0,0.0,0,-107875648.0,53,0.0,106,-107614832.0,0.0,ERR,ERR,ERR,ERR,ERR,ERR,ERR,ERR,ERR,ERR,ERR,ERR,ERR,ERR,ERR,ERR,ERR,ERR,ERR,ERR,ERR,ERR,ERR,ERR,ERR,ERR,ERR,ERR,ERR,ERR,ERR,ERR,ERR,ERR,ERR,ERR,ERR,ERR,ERR,ERR,ERR,ERR,ERR,ERR,ERR,ERR,ERR,ERR,ERR,ERR,ERR,ERR,ERR,ERR,ERR,ERR,ERR,ERR,ERR,ERR,ERR,ERR,ERR,ERR,ERR,ERR,ERR,50.0,60.0,100,0.0,0.0,0.0,0.0,0.0,0.0,0.0,0.0,0.0,0.0,0.0,0.0,0.0,0.0,0.0,0.0,62.0,65,19,65521,50,65476,0,300,0,0,8,20529,65476,0,0,26214,60.0,0.0,0.0,0.0,0.0,0.0
2026-05-17T16:07:46,ERR,ERR,ERR,ERR,ERR,ERR,ERR,ERR,ERR,ERR,ERR,ERR,ERR,ERR,ERR,ERR,ERR,ERR,ERR,ERR,ERR,ERR,ERR,ERR,ERR,ERR,ERR,ERR,ERR,ERR,ERR,ERR,ERR,ERR,ERR,ERR,ERR,ERR,ERR,ERR,ERR,ERR,ERR,ERR,ERR,ERR,ERR,ERR,ERR,ERR,ERR,ERR,ERR,ERR,ERR,ERR,ERR,ERR,ERR,ERR,ERR,ERR,ERR,ERR,ERR,ERR,ERR,ERR,ERR,ERR,ERR,ERR,ERR,ERR,ERR,ERR,ERR,ERR,ERR,ERR,ERR,ERR,ERR,ERR,ERR,ERR,ERR,ERR,ERR,ERR,ERR,ERR,ERR,ERR,ERR,ERR,ERR,ERR,ERR,ERR,ERR,ERR,ERR,ERR,ERR,ERR,ERR,ERR,ERR,ERR,ERR,ERR,ERR,ERR,ERR,ERR,ERR,ERR,ERR,ERR,ERR,ERR,ERR,ERR,ERR,0.0,-0.0,-0.0,0.0,0.0,1.3936040501711995e+18,7.805,0.0,0,0,4,0,8422,0.0,45,0.0,0.0,0.0,0.0,0.0,0,0,0,0,0.0,0,0,0,0,0,0,0,0,0,0,0,0,0,0,0,0,0,0,0,0,0,0,0,0,0,0,0,0,0,0,0,0,0,38,14,7,45,65476,0,300,0,0,8,21553,0.0,-107605600.0,0.0,0.0,0.0,0.0,0.0,0.0,0.0,0.0,0.0,0.0,0.0,0.0,0.0,0.0,0.0,0.0,0.0,0.0,0.0,0.0,-2.004,-0.0,2.004,-2.004,0.0,0.0,0.0,0.0,4974.0,564145766268928.0,0.0,0.0,-0.0,0.0,2.718429120148166e+23,0.0,0.0,0.0,0.0,53,1.9056979486756045e+17,-152017246879744.0,0.0,0.0,0.0,0.0,0.0,0.0,0.0,0,0,0,0.0,0.0,0.0,0.0,0.0,0.0,0.0,0.0,0.0,0.0,0.0,0.0,0.0,0.0,0.0,0.0,0,-107875648.0,53,0.0,106,-107614832.0,0.0,ERR,ERR,ERR,ERR,ERR,ERR,ERR,ERR,ERR,ERR,ERR,ERR,ERR,ERR,ERR,ERR,ERR,ERR,ERR,ERR,ERR,ERR,ERR,ERR,ERR,ERR,ERR,ERR,ERR,ERR,ERR,ERR,ERR,ERR,ERR,ERR,ERR,ERR,ERR,ERR,ERR,ERR,ERR,ERR,ERR,ERR,ERR,ERR,ERR,ERR,ERR,ERR,ERR,ERR,ERR,ERR,ERR,ERR,ERR,ERR,ERR,ERR,ERR,ERR,ERR,ERR,ERR,50.0,60.0,100,0.0,0.0,0.0,0.0,0.0,0.0,0.0,0.0,0.0,0.0,0.0,0.0,0.0,0.0,0.0,0.0,61.6,65,19,65521,50,65476,0,300,0,0,8,20529,65476,0,0,26214,60.0,0.0,0.0,0.0,0.0,0.0
2026-05-17T16:07:47,ERR,ERR,ERR,ERR,ERR,ERR,ERR,ERR,ERR,ERR,ERR,ERR,ERR,ERR,ERR,ERR,ERR,ERR,ERR,ERR,ERR,ERR,ERR,ERR,ERR,ERR,ERR,ERR,ERR,ERR,ERR,ERR,ERR,ERR,ERR,ERR,ERR,ERR,ERR,ERR,ERR,ERR,ERR,ERR,ERR,ERR,ERR,ERR,ERR,ERR,ERR,ERR,ERR,ERR,ERR,ERR,ERR,ERR,ERR,ERR,ERR,ERR,ERR,ERR,ERR,ERR,ERR,ERR,ERR,ERR,ERR,ERR,ERR,ERR,ERR,ERR,ERR,ERR,ERR,ERR,ERR,ERR,ERR,ERR,ERR,ERR,ERR,ERR,ERR,ERR,ERR,ERR,ERR,ERR,ERR,ERR,ERR,ERR,ERR,ERR,ERR,ERR,ERR,ERR,ERR,ERR,ERR,ERR,ERR,ERR,ERR,ERR,ERR,ERR,ERR,ERR,ERR,ERR,ERR,ERR,ERR,ERR,ERR,ERR,ERR,0.0,-0.0,-0.0,0.0,0.0,1.3936040501711995e+18,7.805,0.0,0,0,4,0,8422,0.0,45,0.0,0.0,0.0,0.0,0.0,0,0,0,0,0.0,0,0,0,0,0,0,0,0,0,0,0,0,0,0,0,0,0,0,0,0,0,0,0,0,0,0,0,0,0,0,0,0,0,38,14,7,45,65476,0,300,0,0,8,21553,0.0,-107605600.0,0.0,0.0,0.0,0.0,0.0,0.0,0.0,0.0,0.0,0.0,0.0,0.0,0.0,0.0,0.0,0.0,0.0,0.0,0.0,0.0,-2.004,-0.0,2.004,-2.004,0.0,0.0,0.0,0.0,4974.0,564145766268928.0,0.0,0.0,-0.0,0.0,2.718429120148166e+23,0.0,0.0,0.0,0.0,53,1.9056979486756045e+17,-152017246879744.0,0.0,0.0,0.0,0.0,0.0,0.0,0.0,0,0,0,0.0,0.0,0.0,0.0,0.0,0.0,0.0,0.0,0.0,0.0,0.0,0.0,0.0,0.0,0.0,0.0,0,-107875648.0,53,0.0,106,-107614832.0,0.0,ERR,ERR,ERR,ERR,ERR,ERR,ERR,ERR,ERR,ERR,ERR,ERR,ERR,ERR,ERR,ERR,ERR,ERR,ERR,ERR,ERR,ERR,ERR,ERR,ERR,ERR,ERR,ERR,ERR,ERR,ERR,ERR,ERR,ERR,ERR,ERR,ERR,ERR,ERR,ERR,ERR,ERR,ERR,ERR,ERR,ERR,ERR,ERR,ERR,ERR,ERR,ERR,ERR,ERR,ERR,ERR,ERR,ERR,ERR,ERR,ERR,ERR,ERR,ERR,ERR,ERR,ERR,50.0,60.0,100,0.0,0.0,0.0,0.0,0.0,0.0,0.0,0.0,0.0,0.0,0.0,0.0,0.0,0.0,0.0,0.0,61.6,65,19,65521,50,65476,0,300,0,0,8,20529,65476,0,0,26214,60.0,0.0,0.0,0.0,0.0,0.0
2026-05-17T16:07:48,ERR,ERR,ERR,ERR,ERR,ERR,ERR,ERR,ERR,ERR,ERR,ERR,ERR,ERR,ERR,ERR,ERR,ERR,ERR,ERR,ERR,ERR,ERR,ERR,ERR,ERR,ERR,ERR,ERR,ERR,ERR,ERR,ERR,ERR,ERR,ERR,ERR,ERR,ERR,ERR,ERR,ERR,ERR,ERR,ERR,ERR,ERR,ERR,ERR,ERR,ERR,ERR,ERR,ERR,ERR,ERR,ERR,ERR,ERR,ERR,ERR,ERR,ERR,ERR,ERR,ERR,ERR,ERR,ERR,ERR,ERR,ERR,ERR,ERR,ERR,ERR,ERR,ERR,ERR,ERR,ERR,ERR,ERR,ERR,ERR,ERR,ERR,ERR,ERR,ERR,ERR,ERR,ERR,ERR,ERR,ERR,ERR,ERR,ERR,ERR,ERR,ERR,ERR,ERR,ERR,ERR,ERR,ERR,ERR,ERR,ERR,ERR,ERR,ERR,ERR,ERR,ERR,ERR,ERR,ERR,ERR,ERR,ERR,ERR,ERR,0.0,-0.0,-0.0,0.0,0.0,1.3936040501711995e+18,7.805,0.0,0,0,4,0,8422,0.0,45,0.0,0.0,0.0,0.0,0.0,0,0,0,0,0.0,0,0,0,0,0,0,0,0,0,0,0,0,0,0,0,0,0,0,0,0,0,0,0,0,0,0,0,0,0,0,0,0,0,38,14,7,45,65476,0,300,0,0,8,21553,0.0,-107605600.0,0.0,0.0,0.0,0.0,0.0,0.0,0.0,0.0,0.0,0.0,0.0,0.0,0.0,0.0,0.0,0.0,0.0,0.0,0.0,0.0,-2.004,-0.0,2.004,-2.004,0.0,0.0,0.0,0.0,4974.0,564145766268928.0,0.0,0.0,-0.0,0.0,2.718429120148166e+23,0.0,0.0,0.0,0.0,53,1.9056979486756045e+17,-152017246879744.0,0.0,0.0,0.0,0.0,0.0,0.0,0.0,0,0,0,0.0,0.0,0.0,0.0,0.0,0.0,0.0,0.0,0.0,0.0,0.0,0.0,0.0,0.0,0.0,0.0,0,-107875648.0,53,0.0,106,-107614832.0,0.0,ERR,ERR,ERR,ERR,ERR,ERR,ERR,ERR,ERR,ERR,ERR,ERR,ERR,ERR,ERR,ERR,ERR,ERR,ERR,ERR,ERR,ERR,ERR,ERR,ERR,ERR,ERR,ERR,ERR,ERR,ERR,ERR,ERR,ERR,ERR,ERR,ERR,ERR,ERR,ERR,ERR,ERR,ERR,ERR,ERR,ERR,ERR,ERR,ERR,ERR,ERR,ERR,ERR,ERR,ERR,ERR,ERR,ERR,ERR,ERR,ERR,ERR,ERR,ERR,ERR,ERR,ERR,50.0,60.0,100,0.0,0.0,0.0,0.0,0.0,0.0,0.0,0.0,0.0,0.0,0.0,0.0,0.0,0.0,0.0,0.0,61.6,65,19,65521,50,65476,0,300,0,0,8,20529,65476,0,0,26214,60.0,0.0,0.0,0.0,0.0,0.0
2026-05-17T16:07:49,ERR,ERR,ERR,ERR,ERR,ERR,ERR,ERR,ERR,ERR,ERR,ERR,ERR,ERR,ERR,ERR,ERR,ERR,ERR,ERR,ERR,ERR,ERR,ERR,ERR,ERR,ERR,ERR,ERR,ERR,ERR,ERR,ERR,ERR,ERR,ERR,ERR,ERR,ERR,ERR,ERR,ERR,ERR,ERR,ERR,ERR,ERR,ERR,ERR,ERR,ERR,ERR,ERR,ERR,ERR,ERR,ERR,ERR,ERR,ERR,ERR,ERR,ERR,ERR,ERR,ERR,ERR,ERR,ERR,ERR,ERR,ERR,ERR,ERR,ERR,ERR,ERR,ERR,ERR,ERR,ERR,ERR,ERR,ERR,ERR,ERR,ERR,ERR,ERR,ERR,ERR,ERR,ERR,ERR,ERR,ERR,ERR,ERR,ERR,ERR,ERR,ERR,ERR,ERR,ERR,ERR,ERR,ERR,ERR,ERR,ERR,ERR,ERR,ERR,ERR,ERR,ERR,ERR,ERR,ERR,ERR,ERR,ERR,ERR,ERR,0.0,-0.0,-0.0,0.0,0.0,1.3936040501711995e+18,7.805,0.0,0,0,4,0,8422,0.0,45,0.0,0.0,0.0,0.0,0.0,0,0,0,0,0.0,0,0,0,0,0,0,0,0,0,0,0,0,0,0,0,0,0,0,0,0,0,0,0,0,0,0,0,0,0,0,0,0,0,38,14,7,45,65476,0,300,0,0,8,21553,0.0,-107605600.0,0.0,0.0,0.0,0.0,0.0,0.0,0.0,0.0,0.0,0.0,0.0,0.0,0.0,0.0,0.0,0.0,0.0,0.0,0.0,0.0,-2.004,-0.0,2.004,-2.004,0.0,0.0,0.0,0.0,4968.0,0.0,0.0,0.0,-0.0,-107615272.0,2.718429120148166e+23,0.0,0.0,0.0,0.0,53,0.059,4.0668529024359166e+29,0.0,0.0,0.0,0.0,0.0,0.0,0.0,0,0,0,0.0,0.0,0.0,0.0,0.0,0.0,0.0,0.0,0.0,0.0,0.0,0.0,0.0,0.0,0.0,0.0,0,-107875648.0,53,0.0,106,-107614832.0,0.0,ERR,ERR,ERR,ERR,ERR,ERR,ERR,ERR,ERR,ERR,ERR,ERR,ERR,ERR,ERR,ERR,ERR,ERR,ERR,ERR,ERR,ERR,ERR,ERR,ERR,ERR,ERR,ERR,ERR,ERR,ERR,ERR,ERR,ERR,ERR,ERR,ERR,ERR,ERR,ERR,ERR,ERR,ERR,ERR,ERR,ERR,ERR,ERR,ERR,ERR,ERR,ERR,ERR,ERR,ERR,ERR,ERR,ERR,ERR,ERR,ERR,ERR,ERR,ERR,ERR,ERR,ERR,50.0,60.0,100,0.0,0.0,0.0,0.0,0.0,0.0,0.0,0.0,0.0,0.0,0.0,0.0,0.0,0.0,0.0,0.0,61.6,65,19,65521,50,65476,0,300,0,0,8,20529,65476,0,0,26214,60.0,0.0,0.0,0.0,0.0,0.0
2026-05-17T16:07:50,ERR,ERR,ERR,ERR,ERR,ERR,ERR,ERR,ERR,ERR,ERR,ERR,ERR,ERR,ERR,ERR,ERR,ERR,ERR,ERR,ERR,ERR,ERR,ERR,ERR,ERR,ERR,ERR,ERR,ERR,ERR,ERR,ERR,ERR,ERR,ERR,ERR,ERR,ERR,ERR,ERR,ERR,ERR,ERR,ERR,ERR,ERR,ERR,ERR,ERR,ERR,ERR,ERR,ERR,ERR,ERR,ERR,ERR,ERR,ERR,ERR,ERR,ERR,ERR,ERR,ERR,ERR,ERR,ERR,ERR,ERR,ERR,ERR,ERR,ERR,ERR,ERR,ERR,ERR,ERR,ERR,ERR,ERR,ERR,ERR,ERR,ERR,ERR,ERR,ERR,ERR,ERR,ERR,ERR,ERR,ERR,ERR,ERR,ERR,ERR,ERR,ERR,ERR,ERR,ERR,ERR,ERR,ERR,ERR,ERR,ERR,ERR,ERR,ERR,ERR,ERR,ERR,ERR,ERR,ERR,ERR,ERR,ERR,ERR,ERR,0.0,-0.0,-0.0,0.0,0.0,1.3936040501711995e+18,7.805,0.0,0,0,4,0,8422,0.0,45,0.0,0.0,0.0,0.0,0.0,0,0,0,0,0.0,0,0,0,0,0,0,0,0,0,0,0,0,0,0,0,0,0,0,0,0,0,0,0,0,0,0,0,0,0,0,0,0,0,38,14,7,45,65476,0,300,0,0,8,21553,0.0,-107605600.0,0.0,0.0,0.0,0.0,0.0,0.0,0.0,0.0,0.0,0.0,0.0,0.0,0.0,0.0,0.0,0.0,0.0,0.0,0.0,0.0,-2.004,-0.0,2.004,-2.004,0.0,0.0,0.0,0.0,4968.0,0.0,0.0,0.0,-0.0,-107615272.0,2.718429120148166e+23,0.0,0.0,0.0,0.0,53,0.059,4.0668529024359166e+29,0.0,0.0,0.0,0.0,0.0,0.0,0.0,0,0,0,0.0,0.0,0.0,0.0,0.0,0.0,0.0,0.0,0.0,0.0,0.0,0.0,0.0,0.0,0.0,0.0,0,-107875648.0,53,0.0,106,-107614832.0,0.0,ERR,ERR,ERR,ERR,ERR,ERR,ERR,ERR,ERR,ERR,ERR,ERR,ERR,ERR,ERR,ERR,ERR,ERR,ERR,ERR,ERR,ERR,ERR,ERR,ERR,ERR,ERR,ERR,ERR,ERR,ERR,ERR,ERR,ERR,ERR,ERR,ERR,ERR,ERR,ERR,ERR,ERR,ERR,ERR,ERR,ERR,ERR,ERR,ERR,ERR,ERR,ERR,ERR,ERR,ERR,ERR,ERR,ERR,ERR,ERR,ERR,ERR,ERR,ERR,ERR,ERR,ERR,50.0,60.0,100,0.0,0.0,0.0,0.0,0.0,0.0,0.0,0.0,0.0,0.0,0.0,0.0,0.0,0.0,0.0,0.0,61.6,65,19,65521,50,65476,0,300,0,0,8,20529,65476,0,0,26214,60.0,0.0,0.0,0.0,0.0,0.0
2026-05-17T16:07:51,ERR,ERR,ERR,ERR,ERR,ERR,ERR,ERR,ERR,ERR,ERR,ERR,ERR,ERR,ERR,ERR,ERR,ERR,ERR,ERR,ERR,ERR,ERR,ERR,ERR,ERR,ERR,ERR,ERR,ERR,ERR,ERR,ERR,ERR,ERR,ERR,ERR,ERR,ERR,ERR,ERR,ERR,ERR,ERR,ERR,ERR,ERR,ERR,ERR,ERR,ERR,ERR,ERR,ERR,ERR,ERR,ERR,ERR,ERR,ERR,ERR,ERR,ERR,ERR,ERR,ERR,ERR,ERR,ERR,ERR,ERR,ERR,ERR,ERR,ERR,ERR,ERR,ERR,ERR,ERR,ERR,ERR,ERR,ERR,ERR,ERR,ERR,ERR,ERR,ERR,ERR,ERR,ERR,ERR,ERR,ERR,ERR,ERR,ERR,ERR,ERR,ERR,ERR,ERR,ERR,ERR,ERR,ERR,ERR,ERR,ERR,ERR,ERR,ERR,ERR,ERR,ERR,ERR,ERR,ERR,ERR,ERR,ERR,ERR,ERR,0.0,-0.0,-0.0,0.0,0.0,1.3936040501711995e+18,7.805,0.0,0,0,4,0,8422,0.0,45,0.0,0.0,0.0,0.0,0.0,0,0,0,0,0.0,0,0,0,0,0,0,0,0,0,0,0,0,0,0,0,0,0,0,0,0,0,0,0,0,0,0,0,0,0,0,0,0,0,38,14,7,45,65476,0,300,0,0,8,21553,0.0,-107605600.0,0.0,0.0,0.0,0.0,0.0,0.0,0.0,0.0,0.0,0.0,0.0,0.0,0.0,0.0,0.0,0.0,0.0,0.0,0.0,0.0,-2.004,-0.0,2.004,-2.004,0.0,0.0,0.0,0.0,4968.0,0.0,0.0,0.0,-0.0,-107615272.0,2.718429120148166e+23,0.0,0.0,0.0,0.0,53,0.059,4.0668529024359166e+29,0.0,0.0,0.0,0.0,0.0,0.0,0.0,0,0,0,0.0,0.0,0.0,0.0,0.0,0.0,0.0,0.0,0.0,0.0,0.0,0.0,0.0,0.0,0.0,0.0,0,-107875648.0,53,0.0,106,-107614832.0,0.0,ERR,ERR,ERR,ERR,ERR,ERR,ERR,ERR,ERR,ERR,ERR,ERR,ERR,ERR,ERR,ERR,ERR,ERR,ERR,ERR,ERR,ERR,ERR,ERR,ERR,ERR,ERR,ERR,ERR,ERR,ERR,ERR,ERR,ERR,ERR,ERR,ERR,ERR,ERR,ERR,ERR,ERR,ERR,ERR,ERR,ERR,ERR,ERR,ERR,ERR,ERR,ERR,ERR,ERR,ERR,ERR,ERR,ERR,ERR,ERR,ERR,ERR,ERR,ERR,ERR,ERR,ERR,50.0,60.0,100,0.0,0.0,0.0,0.0,0.0,0.0,0.0,0.0,0.0,0.0,0.0,0.0,0.0,0.0,0.0,0.0,61.6,65,19,65521,50,65476,0,300,0,0,8,20529,65476,0,0,26214,60.0,0.0,0.0,0.0,0.0,0.0
2026-05-17T16:07:52,ERR,ERR,ERR,ERR,ERR,ERR,ERR,ERR,ERR,ERR,ERR,ERR,ERR,ERR,ERR,ERR,ERR,ERR,ERR,ERR,ERR,ERR,ERR,ERR,ERR,ERR,ERR,ERR,ERR,ERR,ERR,ERR,ERR,ERR,ERR,ERR,ERR,ERR,ERR,ERR,ERR,ERR,ERR,ERR,ERR,ERR,ERR,ERR,ERR,ERR,ERR,ERR,ERR,ERR,ERR,ERR,ERR,ERR,ERR,ERR,ERR,ERR,ERR,ERR,ERR,ERR,ERR,ERR,ERR,ERR,ERR,ERR,ERR,ERR,ERR,ERR,ERR,ERR,ERR,ERR,ERR,ERR,ERR,ERR,ERR,ERR,ERR,ERR,ERR,ERR,ERR,ERR,ERR,ERR,ERR,ERR,ERR,ERR,ERR,ERR,ERR,ERR,ERR,ERR,ERR,ERR,ERR,ERR,ERR,ERR,ERR,ERR,ERR,ERR,ERR,ERR,ERR,ERR,ERR,ERR,ERR,ERR,ERR,ERR,ERR,0.0,-0.0,-0.0,0.0,0.0,1.3936040501711995e+18,7.805,0.0,0,0,4,0,8422,0.0,45,0.0,0.0,0.0,0.0,0.0,0,0,0,0,0.0,0,0,0,0,0,0,0,0,0,0,0,0,0,0,0,0,0,0,0,0,0,0,0,0,0,0,0,0,0,0,0,0,0,38,14,7,45,65476,0,300,0,0,8,21553,0.0,-107605600.0,0.0,0.0,0.0,0.0,0.0,0.0,0.0,0.0,0.0,0.0,0.0,0.0,0.0,0.0,0.0,0.0,0.0,0.0,0.0,0.0,-2.004,-0.0,2.004,-2.004,0.0,0.0,0.0,0.0,4968.0,0.0,0.0,0.0,-0.0,-107615272.0,2.718429120148166e+23,0.0,0.0,0.0,0.0,53,0.059,4.0668529024359166e+29,0.0,0.0,0.0,0.0,0.0,0.0,0.0,0,0,0,0.0,0.0,0.0,0.0,0.0,0.0,0.0,0.0,0.0,0.0,0.0,0.0,0.0,0.0,0.0,0.0,0,-107875648.0,53,0.0,106,-107614832.0,0.0,ERR,ERR,ERR,ERR,ERR,ERR,ERR,ERR,ERR,ERR,ERR,ERR,ERR,ERR,ERR,ERR,ERR,ERR,ERR,ERR,ERR,ERR,ERR,ERR,ERR,ERR,ERR,ERR,ERR,ERR,ERR,ERR,ERR,ERR,ERR,ERR,ERR,ERR,ERR,ERR,ERR,ERR,ERR,ERR,ERR,ERR,ERR,ERR,ERR,ERR,ERR,ERR,ERR,ERR,ERR,ERR,ERR,ERR,ERR,ERR,ERR,ERR,ERR,ERR,ERR,ERR,ERR,50.0,60.0,100,0.0,0.0,0.0,0.0,0.0,0.0,0.0,0.0,0.0,0.0,0.0,0.0,0.0,0.0,0.0,0.0,61.6,65,19,65521,50,65476,0,300,0,0,8,20529,65476,0,0,26214,60.0,0.0,0.0,0.0,0.0,0.0
2026-05-17T16:07:53,ERR,ERR,ERR,ERR,ERR,ERR,ERR,ERR,ERR,ERR,ERR,ERR,ERR,ERR,ERR,ERR,ERR,ERR,ERR,ERR,ERR,ERR,ERR,ERR,ERR,ERR,ERR,ERR,ERR,ERR,ERR,ERR,ERR,ERR,ERR,ERR,ERR,ERR,ERR,ERR,ERR,ERR,ERR,ERR,ERR,ERR,ERR,ERR,ERR,ERR,ERR,ERR,ERR,ERR,ERR,ERR,ERR,ERR,ERR,ERR,ERR,ERR,ERR,ERR,ERR,ERR,ERR,ERR,ERR,ERR,ERR,ERR,ERR,ERR,ERR,ERR,ERR,ERR,ERR,ERR,ERR,ERR,ERR,ERR,ERR,ERR,ERR,ERR,ERR,ERR,ERR,ERR,ERR,ERR,ERR,ERR,ERR,ERR,ERR,ERR,ERR,ERR,ERR,ERR,ERR,ERR,ERR,ERR,ERR,ERR,ERR,ERR,ERR,ERR,ERR,ERR,ERR,ERR,ERR,ERR,ERR,ERR,ERR,ERR,ERR,0.0,-0.0,-0.0,0.0,0.0,1.3936040501711995e+18,7.805,0.0,0,0,4,0,8422,0.0,45,0.0,0.0,0.0,0.0,0.0,0,0,0,0,0.0,0,0,0,0,0,0,0,0,0,0,0,0,0,0,0,0,0,0,0,0,0,0,0,0,0,0,0,0,0,0,0,0,0,38,14,7,45,65476,0,300,0,0,8,21553,0.0,-107605600.0,0.0,0.0,0.0,0.0,0.0,0.0,0.0,0.0,0.0,0.0,0.0,0.0,0.0,0.0,0.0,0.0,0.0,0.0,0.0,0.0,-2.004,-0.0,2.004,-2.004,0.0,0.0,0.0,0.0,4968.0,0.0,0.0,0.0,-0.0,-107615272.0,2.718429120148166e+23,0.0,0.0,0.0,0.0,53,0.059,4.0668529024359166e+29,0.0,0.0,0.0,0.0,0.0,0.0,0.0,0,0,0,0.0,0.0,0.0,0.0,0.0,0.0,0.0,0.0,0.0,0.0,0.0,0.0,0.0,0.0,0.0,0.0,0,-107875648.0,53,0.0,106,-107614832.0,0.0,ERR,ERR,ERR,ERR,ERR,ERR,ERR,ERR,ERR,ERR,ERR,ERR,ERR,ERR,ERR,ERR,ERR,ERR,ERR,ERR,ERR,ERR,ERR,ERR,ERR,ERR,ERR,ERR,ERR,ERR,ERR,ERR,ERR,ERR,ERR,ERR,ERR,ERR,ERR,ERR,ERR,ERR,ERR,ERR,ERR,ERR,ERR,ERR,ERR,ERR,ERR,ERR,ERR,ERR,ERR,ERR,ERR,ERR,ERR,ERR,ERR,ERR,ERR,ERR,ERR,ERR,ERR,50.0,60.0,100,0.0,0.0,0.0,0.0,0.0,0.0,0.0,0.0,0.0,0.0,0.0,0.0,0.0,0.0,0.0,0.0,62.0,65,19,65521,50,65476,0,300,0,0,8,20529,65476,0,0,26214,60.0,0.0,0.0,0.0,0.0,0.0
2026-05-17T16:07:54,ERR,ERR,ERR,ERR,ERR,ERR,ERR,ERR,ERR,ERR,ERR,ERR,ERR,ERR,ERR,ERR,ERR,ERR,ERR,ERR,ERR,ERR,ERR,ERR,ERR,ERR,ERR,ERR,ERR,ERR,ERR,ERR,ERR,ERR,ERR,ERR,ERR,ERR,ERR,ERR,ERR,ERR,ERR,ERR,ERR,ERR,ERR,ERR,ERR,ERR,ERR,ERR,ERR,ERR,ERR,ERR,ERR,ERR,ERR,ERR,ERR,ERR,ERR,ERR,ERR,ERR,ERR,ERR,ERR,ERR,ERR,ERR,ERR,ERR,ERR,ERR,ERR,ERR,ERR,ERR,ERR,ERR,ERR,ERR,ERR,ERR,ERR,ERR,ERR,ERR,ERR,ERR,ERR,ERR,ERR,ERR,ERR,ERR,ERR,ERR,ERR,ERR,ERR,ERR,ERR,ERR,ERR,ERR,ERR,ERR,ERR,ERR,ERR,ERR,ERR,ERR,ERR,ERR,ERR,ERR,ERR,ERR,ERR,ERR,ERR,0.0,-0.0,-0.0,0.0,0.0,1.3936040501711995e+18,7.805,0.0,0,0,4,0,8422,0.0,45,0.0,0.0,0.0,0.0,0.0,0,0,0,0,0.0,0,0,0,0,0,0,0,0,0,0,0,0,0,0,0,0,0,0,0,0,0,0,0,0,0,0,0,0,0,0,0,0,0,38,14,7,45,65476,0,300,0,0,8,21553,0.0,-107605600.0,0.0,0.0,0.0,0.0,0.0,0.0,0.0,0.0,0.0,0.0,0.0,0.0,0.0,0.0,0.0,0.0,0.0,0.0,0.0,0.0,-2.004,-0.0,2.004,-2.004,0.0,0.0,0.0,0.0,4941.0,-2.4229873280715295e+24,0.0,0.0,-0.0,-107615272.0,2.718429120148166e+23,0.0,0.0,0.0,0.0,53,152018454839296.0,89220.547,0.0,0.0,0.0,0.0,0.0,0.0,0.0,0,0,0,0.0,0.0,0.0,0.0,0.0,0.0,0.0,0.0,0.0,0.0,0.0,0.0,0.0,0.0,0.0,0.0,0,-107875648.0,53,0.0,106,-107614832.0,-107350944.0,ERR,ERR,ERR,ERR,ERR,ERR,ERR,ERR,ERR,ERR,ERR,ERR,ERR,ERR,ERR,ERR,ERR,ERR,ERR,ERR,ERR,ERR,ERR,ERR,ERR,ERR,ERR,ERR,ERR,ERR,ERR,ERR,ERR,ERR,ERR,ERR,ERR,ERR,ERR,ERR,ERR,ERR,ERR,ERR,ERR,ERR,ERR,ERR,ERR,ERR,ERR,ERR,ERR,ERR,ERR,ERR,ERR,ERR,ERR,ERR,ERR,ERR,ERR,ERR,ERR,ERR,ERR,50.0,60.0,100,0.0,0.0,0.0,0.0,0.0,0.0,0.0,0.0,0.0,0.0,0.0,0.0,0.0,0.0,0.0,0.0,62.0,65,19,65521,50,65476,0,300,0,0,8,20529,65476,0,0,26214,60.0,0.0,0.0,0.0,0.0,0.0
2026-05-17T16:07:55,ERR,ERR,ERR,ERR,ERR,ERR,ERR,ERR,ERR,ERR,ERR,ERR,ERR,ERR,ERR,ERR,ERR,ERR,ERR,ERR,ERR,ERR,ERR,ERR,ERR,ERR,ERR,ERR,ERR,ERR,ERR,ERR,ERR,ERR,ERR,ERR,ERR,ERR,ERR,ERR,ERR,ERR,ERR,ERR,ERR,ERR,ERR,ERR,ERR,ERR,ERR,ERR,ERR,ERR,ERR,ERR,ERR,ERR,ERR,ERR,ERR,ERR,ERR,ERR,ERR,ERR,ERR,ERR,ERR,ERR,ERR,ERR,ERR,ERR,ERR,ERR,ERR,ERR,ERR,ERR,ERR,ERR,ERR,ERR,ERR,ERR,ERR,ERR,ERR,ERR,ERR,ERR,ERR,ERR,ERR,ERR,ERR,ERR,ERR,ERR,ERR,ERR,ERR,ERR,ERR,ERR,ERR,ERR,ERR,ERR,ERR,ERR,ERR,ERR,ERR,ERR,ERR,ERR,ERR,ERR,ERR,ERR,ERR,ERR,ERR,0.0,-0.0,-0.0,0.0,0.0,1.3936040501711995e+18,7.805,0.0,0,0,4,0,8422,0.0,45,0.0,0.0,0.0,0.0,0.0,0,0,0,0,0.0,0,0,0,0,0,0,0,0,0,0,0,0,0,0,0,0,0,0,0,0,0,0,0,0,0,0,0,0,0,0,0,0,0,38,14,7,45,65476,0,300,0,0,8,21553,0.0,-107605600.0,0.0,0.0,0.0,0.0,0.0,0.0,0.0,0.0,0.0,0.0,0.0,0.0,0.0,0.0,0.0,0.0,0.0,0.0,0.0,0.0,-2.004,-0.0,2.004,-2.004,0.0,0.0,0.0,0.0,4941.0,-2.4229873280715295e+24,0.0,0.0,-0.0,-107615272.0,2.718429120148166e+23,0.0,0.0,0.0,0.0,53,152018454839296.0,89220.547,0.0,0.0,0.0,0.0,0.0,0.0,0.0,0,0,0,0.0,0.0,0.0,0.0,0.0,0.0,0.0,0.0,0.0,0.0,0.0,0.0,0.0,0.0,0.0,0.0,0,-107875648.0,53,0.0,106,-107614832.0,-107350944.0,ERR,ERR,ERR,ERR,ERR,ERR,ERR,ERR,ERR,ERR,ERR,ERR,ERR,ERR,ERR,ERR,ERR,ERR,ERR,ERR,ERR,ERR,ERR,ERR,ERR,ERR,ERR,ERR,ERR,ERR,ERR,ERR,ERR,ERR,ERR,ERR,ERR,ERR,ERR,ERR,ERR,ERR,ERR,ERR,ERR,ERR,ERR,ERR,ERR,ERR,ERR,ERR,ERR,ERR,ERR,ERR,ERR,ERR,ERR,ERR,ERR,ERR,ERR,ERR,ERR,ERR,ERR,50.0,60.0,100,0.0,0.0,0.0,0.0,0.0,0.0,0.0,0.0,0.0,0.0,0.0,0.0,0.0,0.0,0.0,0.0,61.6,65,19,65521,50,65476,0,300,0,0,8,20529,65476,0,0,26214,60.0,0.0,0.0,0.0,0.0,0.0
2026-05-17T16:07:56,ERR,ERR,ERR,ERR,ERR,ERR,ERR,ERR,ERR,ERR,ERR,ERR,ERR,ERR,ERR,ERR,ERR,ERR,ERR,ERR,ERR,ERR,ERR,ERR,ERR,ERR,ERR,ERR,ERR,ERR,ERR,ERR,ERR,ERR,ERR,ERR,ERR,ERR,ERR,ERR,ERR,ERR,ERR,ERR,ERR,ERR,ERR,ERR,ERR,ERR,ERR,ERR,ERR,ERR,ERR,ERR,ERR,ERR,ERR,ERR,ERR,ERR,ERR,ERR,ERR,ERR,ERR,ERR,ERR,ERR,ERR,ERR,ERR,ERR,ERR,ERR,ERR,ERR,ERR,ERR,ERR,ERR,ERR,ERR,ERR,ERR,ERR,ERR,ERR,ERR,ERR,ERR,ERR,ERR,ERR,ERR,ERR,ERR,ERR,ERR,ERR,ERR,ERR,ERR,ERR,ERR,ERR,ERR,ERR,ERR,ERR,ERR,ERR,ERR,ERR,ERR,ERR,ERR,ERR,ERR,ERR,ERR,ERR,ERR,ERR,0.0,-0.0,-0.0,0.0,0.0,1.3936040501711995e+18,7.805,0.0,0,0,4,0,8422,0.0,45,0.0,0.0,0.0,0.0,0.0,0,0,0,0,0.0,0,0,0,0,0,0,0,0,0,0,0,0,0,0,0,0,0,0,0,0,0,0,0,0,0,0,0,0,0,0,0,0,0,38,14,7,45,65476,0,300,0,0,8,21553,0.0,-107605600.0,0.0,0.0,0.0,0.0,0.0,0.0,0.0,0.0,0.0,0.0,0.0,0.0,0.0,0.0,0.0,0.0,0.0,0.0,0.0,0.0,-2.004,-0.0,2.004,-2.004,0.0,0.0,0.0,0.0,4941.0,-2.4229873280715295e+24,0.0,0.0,-0.0,-107615272.0,2.718429120148166e+23,0.0,0.0,0.0,0.0,53,152018454839296.0,89220.547,0.0,0.0,0.0,0.0,0.0,0.0,0.0,0,0,0,0.0,0.0,0.0,0.0,0.0,0.0,0.0,0.0,0.0,0.0,0.0,0.0,0.0,0.0,0.0,0.0,0,-107875648.0,53,0.0,106,-107614832.0,-107350944.0,ERR,ERR,ERR,ERR,ERR,ERR,ERR,ERR,ERR,ERR,ERR,ERR,ERR,ERR,ERR,ERR,ERR,ERR,ERR,ERR,ERR,ERR,ERR,ERR,ERR,ERR,ERR,ERR,ERR,ERR,ERR,ERR,ERR,ERR,ERR,ERR,ERR,ERR,ERR,ERR,ERR,ERR,ERR,ERR,ERR,ERR,ERR,ERR,ERR,ERR,ERR,ERR,ERR,ERR,ERR,ERR,ERR,ERR,ERR,ERR,ERR,ERR,ERR,ERR,ERR,ERR,ERR,50.0,60.0,100,0.0,0.0,0.0,0.0,0.0,0.0,0.0,0.0,0.0,0.0,0.0,0.0,0.0,0.0,0.0,0.0,61.6,65,19,65521,50,65476,0,300,0,0,8,20529,65476,0,0,26214,60.0,0.0,0.0,0.0,0.0,0.0
2026-05-17T16:07:57,ERR,ERR,ERR,ERR,ERR,ERR,ERR,ERR,ERR,ERR,ERR,ERR,ERR,ERR,ERR,ERR,ERR,ERR,ERR,ERR,ERR,ERR,ERR,ERR,ERR,ERR,ERR,ERR,ERR,ERR,ERR,ERR,ERR,ERR,ERR,ERR,ERR,ERR,ERR,ERR,ERR,ERR,ERR,ERR,ERR,ERR,ERR,ERR,ERR,ERR,ERR,ERR,ERR,ERR,ERR,ERR,ERR,ERR,ERR,ERR,ERR,ERR,ERR,ERR,ERR,ERR,ERR,ERR,ERR,ERR,ERR,ERR,ERR,ERR,ERR,ERR,ERR,ERR,ERR,ERR,ERR,ERR,ERR,ERR,ERR,ERR,ERR,ERR,ERR,ERR,ERR,ERR,ERR,ERR,ERR,ERR,ERR,ERR,ERR,ERR,ERR,ERR,ERR,ERR,ERR,ERR,ERR,ERR,ERR,ERR,ERR,ERR,ERR,ERR,ERR,ERR,ERR,ERR,ERR,ERR,ERR,ERR,ERR,ERR,ERR,0.0,-0.0,-0.0,0.0,0.0,1.3936040501711995e+18,7.805,0.0,0,0,4,0,8422,0.0,45,0.0,0.0,0.0,0.0,0.0,0,0,0,0,0.0,0,0,0,0,0,0,0,0,0,0,0,0,0,0,0,0,0,0,0,0,0,0,0,0,0,0,0,0,0,0,0,0,0,38,14,7,45,65476,0,300,0,0,8,21553,0.0,-107605600.0,0.0,0.0,0.0,0.0,0.0,0.0,0.0,0.0,0.0,0.0,0.0,0.0,0.0,0.0,0.0,0.0,0.0,0.0,0.0,0.0,-2.004,-0.0,2.004,-2.004,0.0,0.0,0.0,0.0,4941.0,-2.4229873280715295e+24,0.0,0.0,-0.0,-107615272.0,2.718429120148166e+23,0.0,0.0,0.0,0.0,53,152018454839296.0,89220.547,0.0,0.0,0.0,0.0,0.0,0.0,0.0,0,0,0,0.0,0.0,0.0,0.0,0.0,0.0,0.0,0.0,0.0,0.0,0.0,0.0,0.0,0.0,0.0,0.0,0,-107875648.0,53,0.0,106,-107614832.0,-107350944.0,ERR,ERR,ERR,ERR,ERR,ERR,ERR,ERR,ERR,ERR,ERR,ERR,ERR,ERR,ERR,ERR,ERR,ERR,ERR,ERR,ERR,ERR,ERR,ERR,ERR,ERR,ERR,ERR,ERR,ERR,ERR,ERR,ERR,ERR,ERR,ERR,ERR,ERR,ERR,ERR,ERR,ERR,ERR,ERR,ERR,ERR,ERR,ERR,ERR,ERR,ERR,ERR,ERR,ERR,ERR,ERR,ERR,ERR,ERR,ERR,ERR,ERR,ERR,ERR,ERR,ERR,ERR,50.0,60.0,100,0.0,0.0,0.0,0.0,0.0,0.0,0.0,0.0,0.0,0.0,0.0,0.0,0.0,0.0,0.0,0.0,61.6,65,19,65521,50,65476,0,300,0,0,8,20529,65476,0,0,26214,60.0,0.0,0.0,0.0,0.0,0.0
2026-05-17T16:07:58,ERR,ERR,ERR,ERR,ERR,ERR,ERR,ERR,ERR,ERR,ERR,ERR,ERR,ERR,ERR,ERR,ERR,ERR,ERR,ERR,ERR,ERR,ERR,ERR,ERR,ERR,ERR,ERR,ERR,ERR,ERR,ERR,ERR,ERR,ERR,ERR,ERR,ERR,ERR,ERR,ERR,ERR,ERR,ERR,ERR,ERR,ERR,ERR,ERR,ERR,ERR,ERR,ERR,ERR,ERR,ERR,ERR,ERR,ERR,ERR,ERR,ERR,ERR,ERR,ERR,ERR,ERR,ERR,ERR,ERR,ERR,ERR,ERR,ERR,ERR,ERR,ERR,ERR,ERR,ERR,ERR,ERR,ERR,ERR,ERR,ERR,ERR,ERR,ERR,ERR,ERR,ERR,ERR,ERR,ERR,ERR,ERR,ERR,ERR,ERR,ERR,ERR,ERR,ERR,ERR,ERR,ERR,ERR,ERR,ERR,ERR,ERR,ERR,ERR,ERR,ERR,ERR,ERR,ERR,ERR,ERR,ERR,ERR,ERR,ERR,0.0,-0.0,-0.0,0.0,0.0,1.3936040501711995e+18,7.805,0.0,0,0,4,0,8422,0.0,45,0.0,0.0,0.0,0.0,0.0,0,0,0,0,0.0,0,0,0,0,0,0,0,0,0,0,0,0,0,0,0,0,0,0,0,0,0,0,0,0,0,0,0,0,0,0,0,0,0,38,14,7,45,65476,0,300,0,0,8,21553,0.0,-107605600.0,0.0,0.0,0.0,0.0,0.0,0.0,0.0,0.0,0.0,0.0,0.0,0.0,0.0,0.0,0.0,0.0,0.0,0.0,0.0,0.0,-2.004,-0.0,2.004,-2.004,0.0,0.0,0.0,0.0,4941.0,-2.4229873280715295e+24,0.0,0.0,-0.0,-107615272.0,2.718429120148166e+23,0.0,0.0,0.0,0.0,53,152018454839296.0,89220.547,0.0,0.0,0.0,0.0,0.0,0.0,0.0,0,0,0,0.0,0.0,0.0,0.0,0.0,0.0,0.0,0.0,0.0,0.0,0.0,0.0,0.0,0.0,0.0,0.0,0,-107875648.0,53,0.0,106,-107614832.0,-107350944.0,ERR,ERR,ERR,ERR,ERR,ERR,ERR,ERR,ERR,ERR,ERR,ERR,ERR,ERR,ERR,ERR,ERR,ERR,ERR,ERR,ERR,ERR,ERR,ERR,ERR,ERR,ERR,ERR,ERR,ERR,ERR,ERR,ERR,ERR,ERR,ERR,ERR,ERR,ERR,ERR,ERR,ERR,ERR,ERR,ERR,ERR,ERR,ERR,ERR,ERR,ERR,ERR,ERR,ERR,ERR,ERR,ERR,ERR,ERR,ERR,ERR,ERR,ERR,ERR,ERR,ERR,ERR,50.0,60.0,100,0.0,0.0,0.0,0.0,0.0,0.0,0.0,0.0,0.0,0.0,0.0,0.0,0.0,0.0,0.0,0.0,62.0,65,19,65521,50,65476,0,300,0,0,8,20529,65476,0,0,26214,60.0,0.0,0.0,0.0,0.0,0.0
2026-05-17T16:07:59,ERR,ERR,ERR,ERR,ERR,ERR,ERR,ERR,ERR,ERR,ERR,ERR,ERR,ERR,ERR,ERR,ERR,ERR,ERR,ERR,ERR,ERR,ERR,ERR,ERR,ERR,ERR,ERR,ERR,ERR,ERR,ERR,ERR,ERR,ERR,ERR,ERR,ERR,ERR,ERR,ERR,ERR,ERR,ERR,ERR,ERR,ERR,ERR,ERR,ERR,ERR,ERR,ERR,ERR,ERR,ERR,ERR,ERR,ERR,ERR,ERR,ERR,ERR,ERR,ERR,ERR,ERR,ERR,ERR,ERR,ERR,ERR,ERR,ERR,ERR,ERR,ERR,ERR,ERR,ERR,ERR,ERR,ERR,ERR,ERR,ERR,ERR,ERR,ERR,ERR,ERR,ERR,ERR,ERR,ERR,ERR,ERR,ERR,ERR,ERR,ERR,ERR,ERR,ERR,ERR,ERR,ERR,ERR,ERR,ERR,ERR,ERR,ERR,ERR,ERR,ERR,ERR,ERR,ERR,ERR,ERR,ERR,ERR,ERR,ERR,0.0,-0.0,-0.0,0.0,0.0,1.3936040501711995e+18,7.805,0.0,0,0,4,0,8422,0.0,45,0.0,0.0,0.0,0.0,0.0,0,0,0,0,0.0,0,0,0,0,0,0,0,0,0,0,0,0,0,0,0,0,0,0,0,0,0,0,0,0,0,0,0,0,0,0,0,0,0,38,14,7,45,65476,0,300,0,0,8,21553,0.0,-107605600.0,0.0,0.0,0.0,0.0,0.0,0.0,0.0,0.0,0.0,0.0,0.0,0.0,0.0,0.0,0.0,0.0,0.0,0.0,0.0,0.0,-2.004,-0.0,2.004,-2.004,0.0,0.0,0.0,0.0,4974.0,8608181248.0,0.0,0.0,-0.0,0.0,2.718429120148166e+23,0.0,0.0,0.0,0.0,53,1.9056979486756045e+17,-107614768.0,0.0,0.0,0.0,0.0,0.0,0.0,0.0,0,0,0,0.0,0.0,0.0,0.0,0.0,0.0,0.0,0.0,0.0,0.0,0.0,0.0,0.0,0.0,0.0,0.0,0,-107875648.0,53,0.0,106,-107614832.0,-107350944.0,ERR,ERR,ERR,ERR,ERR,ERR,ERR,ERR,ERR,ERR,ERR,ERR,ERR,ERR,ERR,ERR,ERR,ERR,ERR,ERR,ERR,ERR,ERR,ERR,ERR,ERR,ERR,ERR,ERR,ERR,ERR,ERR,ERR,ERR,ERR,ERR,ERR,ERR,ERR,ERR,ERR,ERR,ERR,ERR,ERR,ERR,ERR,ERR,ERR,ERR,ERR,ERR,ERR,ERR,ERR,ERR,ERR,ERR,ERR,ERR,ERR,ERR,ERR,ERR,ERR,ERR,ERR,50.0,60.0,100,0.0,0.0,0.0,0.0,0.0,0.0,0.0,0.0,0.0,0.0,0.0,0.0,0.0,0.0,0.0,0.0,62.0,65,19,65521,50,65476,0,300,0,0,8,20529,65476,0,0,26214,60.0,0.0,0.0,0.0,0.0,0.0
2026-05-17T16:08:00,ERR,ERR,ERR,ERR,ERR,ERR,ERR,ERR,ERR,ERR,ERR,ERR,ERR,ERR,ERR,ERR,ERR,ERR,ERR,ERR,ERR,ERR,ERR,ERR,ERR,ERR,ERR,ERR,ERR,ERR,ERR,ERR,ERR,ERR,ERR,ERR,ERR,ERR,ERR,ERR,ERR,ERR,ERR,ERR,ERR,ERR,ERR,ERR,ERR,ERR,ERR,ERR,ERR,ERR,ERR,ERR,ERR,ERR,ERR,ERR,ERR,ERR,ERR,ERR,ERR,ERR,ERR,ERR,ERR,ERR,ERR,ERR,ERR,ERR,ERR,ERR,ERR,ERR,ERR,ERR,ERR,ERR,ERR,ERR,ERR,ERR,ERR,ERR,ERR,ERR,ERR,ERR,ERR,ERR,ERR,ERR,ERR,ERR,ERR,ERR,ERR,ERR,ERR,ERR,ERR,ERR,ERR,ERR,ERR,ERR,ERR,ERR,ERR,ERR,ERR,ERR,ERR,ERR,ERR,ERR,ERR,ERR,ERR,ERR,ERR,0.0,-0.0,-0.0,0.0,0.0,1.3936040501711995e+18,7.805,0.0,0,0,4,0,8422,0.0,45,0.0,0.0,0.0,0.0,0.0,0,0,0,0,0.0,0,0,0,0,0,0,0,0,0,0,0,0,0,0,0,0,0,0,0,0,0,0,0,0,0,0,0,0,0,0,0,0,0,38,14,7,45,65476,0,300,0,0,8,21553,0.0,-107605600.0,0.0,0.0,0.0,0.0,0.0,0.0,0.0,0.0,0.0,0.0,0.0,0.0,0.0,0.0,0.0,0.0,0.0,0.0,0.0,0.0,-2.004,-0.0,2.004,-2.004,0.0,0.0,0.0,0.0,4974.0,8608181248.0,0.0,0.0,-0.0,0.0,2.718429120148166e+23,0.0,0.0,0.0,0.0,53,1.9056979486756045e+17,-107614768.0,0.0,0.0,0.0,0.0,0.0,0.0,0.0,0,0,0,0.0,0.0,0.0,0.0,0.0,0.0,0.0,0.0,0.0,0.0,0.0,0.0,0.0,0.0,0.0,0.0,0,-107875648.0,53,0.0,106,-107614832.0,-107350944.0,ERR,ERR,ERR,ERR,ERR,ERR,ERR,ERR,ERR,ERR,ERR,ERR,ERR,ERR,ERR,ERR,ERR,ERR,ERR,ERR,ERR,ERR,ERR,ERR,ERR,ERR,ERR,ERR,ERR,ERR,ERR,ERR,ERR,ERR,ERR,ERR,ERR,ERR,ERR,ERR,ERR,ERR,ERR,ERR,ERR,ERR,ERR,ERR,ERR,ERR,ERR,ERR,ERR,ERR,ERR,ERR,ERR,ERR,ERR,ERR,ERR,ERR,ERR,ERR,ERR,ERR,ERR,50.0,60.0,100,0.0,0.0,0.0,0.0,0.0,0.0,0.0,0.0,0.0,0.0,0.0,0.0,0.0,0.0,0.0,0.0,61.6,65,19,65521,50,65476,0,300,0,0,8,20529,65476,0,0,26214,60.0,0.0,0.0,0.0,0.0,0.0
2026-05-17T16:08:01,ERR,ERR,ERR,ERR,ERR,ERR,ERR,ERR,ERR,ERR,ERR,ERR,ERR,ERR,ERR,ERR,ERR,ERR,ERR,ERR,ERR,ERR,ERR,ERR,ERR,ERR,ERR,ERR,ERR,ERR,ERR,ERR,ERR,ERR,ERR,ERR,ERR,ERR,ERR,ERR,ERR,ERR,ERR,ERR,ERR,ERR,ERR,ERR,ERR,ERR,ERR,ERR,ERR,ERR,ERR,ERR,ERR,ERR,ERR,ERR,ERR,ERR,ERR,ERR,ERR,ERR,ERR,ERR,ERR,ERR,ERR,ERR,ERR,ERR,ERR,ERR,ERR,ERR,ERR,ERR,ERR,ERR,ERR,ERR,ERR,ERR,ERR,ERR,ERR,ERR,ERR,ERR,ERR,ERR,ERR,ERR,ERR,ERR,ERR,ERR,ERR,ERR,ERR,ERR,ERR,ERR,ERR,ERR,ERR,ERR,ERR,ERR,ERR,ERR,ERR,ERR,ERR,ERR,ERR,ERR,ERR,ERR,ERR,ERR,ERR,0.0,-0.0,-0.0,0.0,0.0,1.3936040501711995e+18,7.805,0.0,0,0,4,0,8422,0.0,45,0.0,0.0,0.0,0.0,0.0,0,0,0,0,0.0,0,0,0,0,0,0,0,0,0,0,0,0,0,0,0,0,0,0,0,0,0,0,0,0,0,0,0,0,0,0,0,0,0,38,14,7,45,65476,0,300,0,0,8,21553,0.0,-107605600.0,0.0,0.0,0.0,0.0,0.0,0.0,0.0,0.0,0.0,0.0,0.0,0.0,0.0,0.0,0.0,0.0,0.0,0.0,0.0,0.0,-2.004,-0.0,2.004,-2.004,0.0,0.0,0.0,0.0,4974.0,8608181248.0,0.0,0.0,-0.0,0.0,2.718429120148166e+23,0.0,0.0,0.0,0.0,53,1.9056979486756045e+17,-107614768.0,0.0,0.0,0.0,0.0,0.0,0.0,0.0,0,0,0,0.0,0.0,0.0,0.0,0.0,0.0,0.0,0.0,0.0,0.0,0.0,0.0,0.0,0.0,0.0,0.0,0,-107875648.0,53,0.0,106,-107614832.0,-107350944.0,ERR,ERR,ERR,ERR,ERR,ERR,ERR,ERR,ERR,ERR,ERR,ERR,ERR,ERR,ERR,ERR,ERR,ERR,ERR,ERR,ERR,ERR,ERR,ERR,ERR,ERR,ERR,ERR,ERR,ERR,ERR,ERR,ERR,ERR,ERR,ERR,ERR,ERR,ERR,ERR,ERR,ERR,ERR,ERR,ERR,ERR,ERR,ERR,ERR,ERR,ERR,ERR,ERR,ERR,ERR,ERR,ERR,ERR,ERR,ERR,ERR,ERR,ERR,ERR,ERR,ERR,ERR,50.0,60.0,100,0.0,0.0,0.0,0.0,0.0,0.0,0.0,0.0,0.0,0.0,0.0,0.0,0.0,0.0,0.0,0.0,61.6,65,19,65521,50,65476,0,300,0,0,8,20529,65476,0,0,26214,60.0,0.0,0.0,0.0,0.0,0.0
2026-05-17T16:08:02,ERR,ERR,ERR,ERR,ERR,ERR,ERR,ERR,ERR,ERR,ERR,ERR,ERR,ERR,ERR,ERR,ERR,ERR,ERR,ERR,ERR,ERR,ERR,ERR,ERR,ERR,ERR,ERR,ERR,ERR,ERR,ERR,ERR,ERR,ERR,ERR,ERR,ERR,ERR,ERR,ERR,ERR,ERR,ERR,ERR,ERR,ERR,ERR,ERR,ERR,ERR,ERR,ERR,ERR,ERR,ERR,ERR,ERR,ERR,ERR,ERR,ERR,ERR,ERR,ERR,ERR,ERR,ERR,ERR,ERR,ERR,ERR,ERR,ERR,ERR,ERR,ERR,ERR,ERR,ERR,ERR,ERR,ERR,ERR,ERR,ERR,ERR,ERR,ERR,ERR,ERR,ERR,ERR,ERR,ERR,ERR,ERR,ERR,ERR,ERR,ERR,ERR,ERR,ERR,ERR,ERR,ERR,ERR,ERR,ERR,ERR,ERR,ERR,ERR,ERR,ERR,ERR,ERR,ERR,ERR,ERR,ERR,ERR,ERR,ERR,0.0,-0.0,-0.0,0.0,0.0,1.3936040501711995e+18,7.805,0.0,0,0,4,0,8422,0.0,45,0.0,0.0,0.0,0.0,0.0,0,0,0,0,0.0,0,0,0,0,0,0,0,0,0,0,0,0,0,0,0,0,0,0,0,0,0,0,0,0,0,0,0,0,0,0,0,0,0,38,14,7,45,65476,0,300,0,0,8,21553,0.0,-107605600.0,0.0,0.0,0.0,0.0,0.0,0.0,0.0,0.0,0.0,0.0,0.0,0.0,0.0,0.0,0.0,0.0,0.0,0.0,0.0,0.0,-2.004,-0.0,2.004,-2.004,0.0,0.0,0.0,0.0,4974.0,8608181248.0,0.0,0.0,-0.0,0.0,2.718429120148166e+23,0.0,0.0,0.0,0.0,53,1.9056979486756045e+17,-107614768.0,0.0,0.0,0.0,0.0,0.0,0.0,0.0,0,0,0,0.0,0.0,0.0,0.0,0.0,0.0,0.0,0.0,0.0,0.0,0.0,0.0,0.0,0.0,0.0,0.0,0,-107875648.0,53,0.0,106,-107614832.0,-107350944.0,ERR,ERR,ERR,ERR,ERR,ERR,ERR,ERR,ERR,ERR,ERR,ERR,ERR,ERR,ERR,ERR,ERR,ERR,ERR,ERR,ERR,ERR,ERR,ERR,ERR,ERR,ERR,ERR,ERR,ERR,ERR,ERR,ERR,ERR,ERR,ERR,ERR,ERR,ERR,ERR,ERR,ERR,ERR,ERR,ERR,ERR,ERR,ERR,ERR,ERR,ERR,ERR,ERR,ERR,ERR,ERR,ERR,ERR,ERR,ERR,ERR,ERR,ERR,ERR,ERR,ERR,ERR,50.0,60.0,100,0.0,0.0,0.0,0.0,0.0,0.0,0.0,0.0,0.0,0.0,0.0,0.0,0.0,0.0,0.0,0.0,62.0,65,19,65521,50,65476,0,300,0,0,8,20529,65476,0,0,26214,60.0,0.0,0.0,0.0,0.0,0.0
2026-05-17T16:08:03,ERR,ERR,ERR,ERR,ERR,ERR,ERR,ERR,ERR,ERR,ERR,ERR,ERR,ERR,ERR,ERR,ERR,ERR,ERR,ERR,ERR,ERR,ERR,ERR,ERR,ERR,ERR,ERR,ERR,ERR,ERR,ERR,ERR,ERR,ERR,ERR,ERR,ERR,ERR,ERR,ERR,ERR,ERR,ERR,ERR,ERR,ERR,ERR,ERR,ERR,ERR,ERR,ERR,ERR,ERR,ERR,ERR,ERR,ERR,ERR,ERR,ERR,ERR,ERR,ERR,ERR,ERR,ERR,ERR,ERR,ERR,ERR,ERR,ERR,ERR,ERR,ERR,ERR,ERR,ERR,ERR,ERR,ERR,ERR,ERR,ERR,ERR,ERR,ERR,ERR,ERR,ERR,ERR,ERR,ERR,ERR,ERR,ERR,ERR,ERR,ERR,ERR,ERR,ERR,ERR,ERR,ERR,ERR,ERR,ERR,ERR,ERR,ERR,ERR,ERR,ERR,ERR,ERR,ERR,ERR,ERR,ERR,ERR,ERR,ERR,0.0,-0.0,-0.0,0.0,0.0,1.3936040501711995e+18,7.805,0.0,0,0,4,0,8422,0.0,45,0.0,0.0,0.0,0.0,0.0,0,0,0,0,0.0,0,0,0,0,0,0,0,0,0,0,0,0,0,0,0,0,0,0,0,0,0,0,0,0,0,0,0,0,0,0,0,0,0,38,14,7,45,65476,0,300,0,0,8,21553,0.0,-107605600.0,0.0,0.0,0.0,0.0,0.0,0.0,0.0,0.0,0.0,0.0,0.0,0.0,0.0,0.0,0.0,0.0,0.0,0.0,0.0,0.0,-2.004,-0.0,2.004,-2.004,0.0,0.0,0.0,0.0,4974.0,8608181248.0,0.0,0.0,-0.0,0.0,2.718429120148166e+23,0.0,0.0,0.0,0.0,53,1.9056979486756045e+17,-107614768.0,0.0,0.0,0.0,0.0,0.0,0.0,0.0,0,0,0,0.0,0.0,0.0,0.0,0.0,0.0,0.0,0.0,0.0,0.0,0.0,0.0,0.0,0.0,0.0,0.0,0,-107875648.0,53,0.0,106,-107614832.0,-107350944.0,ERR,ERR,ERR,ERR,ERR,ERR,ERR,ERR,ERR,ERR,ERR,ERR,ERR,ERR,ERR,ERR,ERR,ERR,ERR,ERR,ERR,ERR,ERR,ERR,ERR,ERR,ERR,ERR,ERR,ERR,ERR,ERR,ERR,ERR,ERR,ERR,ERR,ERR,ERR,ERR,ERR,ERR,ERR,ERR,ERR,ERR,ERR,ERR,ERR,ERR,ERR,ERR,ERR,ERR,ERR,ERR,ERR,ERR,ERR,ERR,ERR,ERR,ERR,ERR,ERR,ERR,ERR,50.0,60.0,100,0.0,0.0,0.0,0.0,0.0,0.0,0.0,0.0,0.0,0.0,0.0,0.0,0.0,0.0,0.0,0.0,61.6,65,19,65521,50,65476,0,300,0,0,8,20529,65476,0,0,26214,60.0,0.0,0.0,0.0,0.0,0.0
2026-05-17T16:08:04,ERR,ERR,ERR,ERR,ERR,ERR,ERR,ERR,ERR,ERR,ERR,ERR,ERR,ERR,ERR,ERR,ERR,ERR,ERR,ERR,ERR,ERR,ERR,ERR,ERR,ERR,ERR,ERR,ERR,ERR,ERR,ERR,ERR,ERR,ERR,ERR,ERR,ERR,ERR,ERR,ERR,ERR,ERR,ERR,ERR,ERR,ERR,ERR,ERR,ERR,ERR,ERR,ERR,ERR,ERR,ERR,ERR,ERR,ERR,ERR,ERR,ERR,ERR,ERR,ERR,ERR,ERR,ERR,ERR,ERR,ERR,ERR,ERR,ERR,ERR,ERR,ERR,ERR,ERR,ERR,ERR,ERR,ERR,ERR,ERR,ERR,ERR,ERR,ERR,ERR,ERR,ERR,ERR,ERR,ERR,ERR,ERR,ERR,ERR,ERR,ERR,ERR,ERR,ERR,ERR,ERR,ERR,ERR,ERR,ERR,ERR,ERR,ERR,ERR,ERR,ERR,ERR,ERR,ERR,ERR,ERR,ERR,ERR,ERR,ERR,0.0,-0.0,-0.0,0.0,0.0,1.3936040501711995e+18,7.805,0.0,0,0,4,0,8422,0.0,45,0.0,0.0,0.0,0.0,0.0,0,0,0,0,0.0,0,0,0,0,0,0,0,0,0,0,0,0,0,0,0,0,0,0,0,0,0,0,0,0,0,0,0,0,0,0,0,0,0,38,14,7,45,65476,0,300,0,0,8,21553,0.0,-107605600.0,0.0,0.0,0.0,0.0,0.0,0.0,0.0,0.0,0.0,0.0,0.0,0.0,0.0,0.0,0.0,0.0,0.0,0.0,0.0,0.0,-2.004,-0.0,-0.0,-2.004,0.0,0.0,0.0,0.0,4939.0,-3.6971852540153954e+19,0.0,0.0,-0.0,-107615272.0,2.718429120148166e+23,0.0,0.0,0.0,0.0,53,1.9056979486756045e+17,0.0,0.0,0.0,0.0,0.0,0.0,0.0,0.0,0,0,0,0.0,0.0,0.0,0.0,0.0,0.0,0.0,0.0,0.0,0.0,0.0,0.0,0.0,0.0,0.0,0.0,0,-107875648.0,53,0.0,106,-107614832.0,-107350944.0,ERR,ERR,ERR,ERR,ERR,ERR,ERR,ERR,ERR,ERR,ERR,ERR,ERR,ERR,ERR,ERR,ERR,ERR,ERR,ERR,ERR,ERR,ERR,ERR,ERR,ERR,ERR,ERR,ERR,ERR,ERR,ERR,ERR,ERR,ERR,ERR,ERR,ERR,ERR,ERR,ERR,ERR,ERR,ERR,ERR,ERR,ERR,ERR,ERR,ERR,ERR,ERR,ERR,ERR,ERR,ERR,ERR,ERR,ERR,ERR,ERR,ERR,ERR,ERR,ERR,ERR,ERR,50.0,60.0,100,0.0,0.0,0.0,0.0,0.0,0.0,0.0,0.0,0.0,0.0,0.0,0.0,0.0,0.0,0.0,0.0,61.6,65,19,65521,50,65476,0,300,0,0,8,20529,65476,0,0,26214,60.0,0.0,0.0,0.0,0.0,0.0
2026-05-17T16:08:05,ERR,ERR,ERR,ERR,ERR,ERR,ERR,ERR,ERR,ERR,ERR,ERR,ERR,ERR,ERR,ERR,ERR,ERR,ERR,ERR,ERR,ERR,ERR,ERR,ERR,ERR,ERR,ERR,ERR,ERR,ERR,ERR,ERR,ERR,ERR,ERR,ERR,ERR,ERR,ERR,ERR,ERR,ERR,ERR,ERR,ERR,ERR,ERR,ERR,ERR,ERR,ERR,ERR,ERR,ERR,ERR,ERR,ERR,ERR,ERR,ERR,ERR,ERR,ERR,ERR,ERR,ERR,ERR,ERR,ERR,ERR,ERR,ERR,ERR,ERR,ERR,ERR,ERR,ERR,ERR,ERR,ERR,ERR,ERR,ERR,ERR,ERR,ERR,ERR,ERR,ERR,ERR,ERR,ERR,ERR,ERR,ERR,ERR,ERR,ERR,ERR,ERR,ERR,ERR,ERR,ERR,ERR,ERR,ERR,ERR,ERR,ERR,ERR,ERR,ERR,ERR,ERR,ERR,ERR,ERR,ERR,ERR,ERR,ERR,ERR,0.0,-0.0,-0.0,0.0,0.0,1.3936040501711995e+18,7.805,0.0,0,0,4,0,8422,0.0,45,0.0,0.0,0.0,0.0,0.0,0,0,0,0,0.0,0,0,0,0,0,0,0,0,0,0,0,0,0,0,0,0,0,0,0,0,0,0,0,0,0,0,0,0,0,0,0,0,0,38,14,7,45,65476,0,300,0,0,8,21553,0.0,-107605600.0,0.0,0.0,0.0,0.0,0.0,0.0,0.0,0.0,0.0,0.0,0.0,0.0,0.0,0.0,0.0,0.0,0.0,0.0,0.0,0.0,-2.004,-0.0,-0.0,-2.004,0.0,0.0,0.0,0.0,4939.0,-3.6971852540153954e+19,0.0,0.0,-0.0,-107615272.0,2.718429120148166e+23,0.0,0.0,0.0,0.0,53,1.9056979486756045e+17,0.0,0.0,0.0,0.0,0.0,0.0,0.0,0.0,0,0,0,0.0,0.0,0.0,0.0,0.0,0.0,0.0,0.0,0.0,0.0,0.0,0.0,0.0,0.0,0.0,0.0,0,-107875648.0,53,0.0,106,-107614832.0,-107350944.0,ERR,ERR,ERR,ERR,ERR,ERR,ERR,ERR,ERR,ERR,ERR,ERR,ERR,ERR,ERR,ERR,ERR,ERR,ERR,ERR,ERR,ERR,ERR,ERR,ERR,ERR,ERR,ERR,ERR,ERR,ERR,ERR,ERR,ERR,ERR,ERR,ERR,ERR,ERR,ERR,ERR,ERR,ERR,ERR,ERR,ERR,ERR,ERR,ERR,ERR,ERR,ERR,ERR,ERR,ERR,ERR,ERR,ERR,ERR,ERR,ERR,ERR,ERR,ERR,ERR,ERR,ERR,50.0,60.0,100,0.0,0.0,0.0,0.0,0.0,0.0,0.0,0.0,0.0,0.0,0.0,0.0,0.0,0.0,0.0,0.0,62.0,65,19,65521,50,65476,0,300,0,0,8,20529,65476,0,0,26214,60.0,0.0,0.0,0.0,0.0,0.0
2026-05-17T16:08:06,ERR,ERR,ERR,ERR,ERR,ERR,ERR,ERR,ERR,ERR,ERR,ERR,ERR,ERR,ERR,ERR,ERR,ERR,ERR,ERR,ERR,ERR,ERR,ERR,ERR,ERR,ERR,ERR,ERR,ERR,ERR,ERR,ERR,ERR,ERR,ERR,ERR,ERR,ERR,ERR,ERR,ERR,ERR,ERR,ERR,ERR,ERR,ERR,ERR,ERR,ERR,ERR,ERR,ERR,ERR,ERR,ERR,ERR,ERR,ERR,ERR,ERR,ERR,ERR,ERR,ERR,ERR,ERR,ERR,ERR,ERR,ERR,ERR,ERR,ERR,ERR,ERR,ERR,ERR,ERR,ERR,ERR,ERR,ERR,ERR,ERR,ERR,ERR,ERR,ERR,ERR,ERR,ERR,ERR,ERR,ERR,ERR,ERR,ERR,ERR,ERR,ERR,ERR,ERR,ERR,ERR,ERR,ERR,ERR,ERR,ERR,ERR,ERR,ERR,ERR,ERR,ERR,ERR,ERR,ERR,ERR,ERR,ERR,ERR,ERR,0.0,-0.0,-0.0,0.0,0.0,1.3936040501711995e+18,7.805,0.0,0,0,4,0,8422,0.0,45,0.0,0.0,0.0,0.0,0.0,0,0,0,0,0.0,0,0,0,0,0,0,0,0,0,0,0,0,0,0,0,0,0,0,0,0,0,0,0,0,0,0,0,0,0,0,0,0,0,38,14,7,45,65476,0,300,0,0,8,21553,0.0,-107605600.0,0.0,0.0,0.0,0.0,0.0,0.0,0.0,0.0,0.0,0.0,0.0,0.0,0.0,0.0,0.0,0.0,0.0,0.0,0.0,0.0,-2.004,-0.0,-0.0,-2.004,0.0,0.0,0.0,0.0,4939.0,-3.6971852540153954e+19,0.0,0.0,-0.0,-107615272.0,2.718429120148166e+23,0.0,0.0,0.0,0.0,53,1.9056979486756045e+17,0.0,0.0,0.0,0.0,0.0,0.0,0.0,0.0,0,0,0,0.0,0.0,0.0,0.0,0.0,0.0,0.0,0.0,0.0,0.0,0.0,0.0,0.0,0.0,0.0,0.0,0,-107875648.0,53,0.0,106,-107614832.0,-107350944.0,ERR,ERR,ERR,ERR,ERR,ERR,ERR,ERR,ERR,ERR,ERR,ERR,ERR,ERR,ERR,ERR,ERR,ERR,ERR,ERR,ERR,ERR,ERR,ERR,ERR,ERR,ERR,ERR,ERR,ERR,ERR,ERR,ERR,ERR,ERR,ERR,ERR,ERR,ERR,ERR,ERR,ERR,ERR,ERR,ERR,ERR,ERR,ERR,ERR,ERR,ERR,ERR,ERR,ERR,ERR,ERR,ERR,ERR,ERR,ERR,ERR,ERR,ERR,ERR,ERR,ERR,ERR,50.0,60.0,100,0.0,0.0,0.0,0.0,0.0,0.0,0.0,0.0,0.0,0.0,0.0,0.0,0.0,0.0,0.0,0.0,62.0,65,19,65521,50,65476,0,300,0,0,8,20529,65476,0,0,26214,60.0,0.0,0.0,0.0,0.0,0.0
2026-05-17T16:08:07,ERR,ERR,ERR,ERR,ERR,ERR,ERR,ERR,ERR,ERR,ERR,ERR,ERR,ERR,ERR,ERR,ERR,ERR,ERR,ERR,ERR,ERR,ERR,ERR,ERR,ERR,ERR,ERR,ERR,ERR,ERR,ERR,ERR,ERR,ERR,ERR,ERR,ERR,ERR,ERR,ERR,ERR,ERR,ERR,ERR,ERR,ERR,ERR,ERR,ERR,ERR,ERR,ERR,ERR,ERR,ERR,ERR,ERR,ERR,ERR,ERR,ERR,ERR,ERR,ERR,ERR,ERR,ERR,ERR,ERR,ERR,ERR,ERR,ERR,ERR,ERR,ERR,ERR,ERR,ERR,ERR,ERR,ERR,ERR,ERR,ERR,ERR,ERR,ERR,ERR,ERR,ERR,ERR,ERR,ERR,ERR,ERR,ERR,ERR,ERR,ERR,ERR,ERR,ERR,ERR,ERR,ERR,ERR,ERR,ERR,ERR,ERR,ERR,ERR,ERR,ERR,ERR,ERR,ERR,ERR,ERR,ERR,ERR,ERR,ERR,0.0,-0.0,-0.0,0.0,0.0,1.3936040501711995e+18,7.805,0.0,0,0,4,0,8422,0.0,45,0.0,0.0,0.0,0.0,0.0,0,0,0,0,0.0,0,0,0,0,0,0,0,0,0,0,0,0,0,0,0,0,0,0,0,0,0,0,0,0,0,0,0,0,0,0,0,0,0,38,14,7,45,65476,0,300,0,0,8,21553,0.0,-107605600.0,0.0,0.0,0.0,0.0,0.0,0.0,0.0,0.0,0.0,0.0,0.0,0.0,0.0,0.0,0.0,0.0,0.0,0.0,0.0,0.0,-2.004,-0.0,-0.0,-2.004,0.0,0.0,0.0,0.0,4939.0,-3.6971852540153954e+19,0.0,0.0,-0.0,-107615272.0,2.718429120148166e+23,0.0,0.0,0.0,0.0,53,1.9056979486756045e+17,0.0,0.0,0.0,0.0,0.0,0.0,0.0,0.0,0,0,0,0.0,0.0,0.0,0.0,0.0,0.0,0.0,0.0,0.0,0.0,0.0,0.0,0.0,0.0,0.0,0.0,0,-107875648.0,53,0.0,106,-107614832.0,-107350944.0,ERR,ERR,ERR,ERR,ERR,ERR,ERR,ERR,ERR,ERR,ERR,ERR,ERR,ERR,ERR,ERR,ERR,ERR,ERR,ERR,ERR,ERR,ERR,ERR,ERR,ERR,ERR,ERR,ERR,ERR,ERR,ERR,ERR,ERR,ERR,ERR,ERR,ERR,ERR,ERR,ERR,ERR,ERR,ERR,ERR,ERR,ERR,ERR,ERR,ERR,ERR,ERR,ERR,ERR,ERR,ERR,ERR,ERR,ERR,ERR,ERR,ERR,ERR,ERR,ERR,ERR,ERR,50.0,60.0,100,0.0,0.0,0.0,0.0,0.0,0.0,0.0,0.0,0.0,0.0,0.0,0.0,0.0,0.0,0.0,0.0,61.6,65,19,65521,50,65476,0,300,0,0,8,20529,65476,0,0,26214,60.0,0.0,0.0,0.0,0.0,0.0
2026-05-17T16:08:08,ERR,ERR,ERR,ERR,ERR,ERR,ERR,ERR,ERR,ERR,ERR,ERR,ERR,ERR,ERR,ERR,ERR,ERR,ERR,ERR,ERR,ERR,ERR,ERR,ERR,ERR,ERR,ERR,ERR,ERR,ERR,ERR,ERR,ERR,ERR,ERR,ERR,ERR,ERR,ERR,ERR,ERR,ERR,ERR,ERR,ERR,ERR,ERR,ERR,ERR,ERR,ERR,ERR,ERR,ERR,ERR,ERR,ERR,ERR,ERR,ERR,ERR,ERR,ERR,ERR,ERR,ERR,ERR,ERR,ERR,ERR,ERR,ERR,ERR,ERR,ERR,ERR,ERR,ERR,ERR,ERR,ERR,ERR,ERR,ERR,ERR,ERR,ERR,ERR,ERR,ERR,ERR,ERR,ERR,ERR,ERR,ERR,ERR,ERR,ERR,ERR,ERR,ERR,ERR,ERR,ERR,ERR,ERR,ERR,ERR,ERR,ERR,ERR,ERR,ERR,ERR,ERR,ERR,ERR,ERR,ERR,ERR,ERR,ERR,ERR,0.0,-0.0,-0.0,0.0,0.0,1.3936040501711995e+18,7.805,0.0,0,0,4,0,8422,0.0,45,0.0,0.0,0.0,0.0,0.0,0,0,0,0,0.0,0,0,0,0,0,0,0,0,0,0,0,0,0,0,0,0,0,0,0,0,0,0,0,0,0,0,0,0,0,0,0,0,0,38,14,7,45,65476,0,300,0,0,8,21553,0.0,-107605600.0,0.0,0.0,0.0,0.0,0.0,0.0,0.0,0.0,0.0,0.0,0.0,0.0,0.0,0.0,0.0,0.0,0.0,0.0,0.0,0.0,-2.004,-0.0,-0.0,-2.004,0.0,0.0,0.0,0.0,4939.0,-3.6971852540153954e+19,0.0,0.0,-0.0,-107615272.0,2.718429120148166e+23,0.0,0.0,0.0,0.0,53,1.9056979486756045e+17,0.0,0.0,0.0,0.0,0.0,0.0,0.0,0.0,0,0,0,0.0,0.0,0.0,0.0,0.0,0.0,0.0,0.0,0.0,0.0,0.0,0.0,0.0,0.0,0.0,0.0,0,-107875648.0,53,0.0,106,-107614832.0,-107350944.0,ERR,ERR,ERR,ERR,ERR,ERR,ERR,ERR,ERR,ERR,ERR,ERR,ERR,ERR,ERR,ERR,ERR,ERR,ERR,ERR,ERR,ERR,ERR,ERR,ERR,ERR,ERR,ERR,ERR,ERR,ERR,ERR,ERR,ERR,ERR,ERR,ERR,ERR,ERR,ERR,ERR,ERR,ERR,ERR,ERR,ERR,ERR,ERR,ERR,ERR,ERR,ERR,ERR,ERR,ERR,ERR,ERR,ERR,ERR,ERR,ERR,ERR,ERR,ERR,ERR,ERR,ERR,50.0,60.0,100,0.0,0.0,0.0,0.0,0.0,0.0,0.0,0.0,0.0,0.0,0.0,0.0,0.0,0.0,0.0,0.0,61.6,65,19,65521,50,65476,0,300,0,0,8,20529,65476,0,0,26214,60.0,0.0,0.0,0.0,0.0,0.0
2026-05-17T16:08:09,ERR,ERR,ERR,ERR,ERR,ERR,ERR,ERR,ERR,ERR,ERR,ERR,ERR,ERR,ERR,ERR,ERR,ERR,ERR,ERR,ERR,ERR,ERR,ERR,ERR,ERR,ERR,ERR,ERR,ERR,ERR,ERR,ERR,ERR,ERR,ERR,ERR,ERR,ERR,ERR,ERR,ERR,ERR,ERR,ERR,ERR,ERR,ERR,ERR,ERR,ERR,ERR,ERR,ERR,ERR,ERR,ERR,ERR,ERR,ERR,ERR,ERR,ERR,ERR,ERR,ERR,ERR,ERR,ERR,ERR,ERR,ERR,ERR,ERR,ERR,ERR,ERR,ERR,ERR,ERR,ERR,ERR,ERR,ERR,ERR,ERR,ERR,ERR,ERR,ERR,ERR,ERR,ERR,ERR,ERR,ERR,ERR,ERR,ERR,ERR,ERR,ERR,ERR,ERR,ERR,ERR,ERR,ERR,ERR,ERR,ERR,ERR,ERR,ERR,ERR,ERR,ERR,ERR,ERR,ERR,ERR,ERR,ERR,ERR,ERR,0.0,-0.0,-0.0,0.0,0.0,1.3936040501711995e+18,7.805,0.0,0,0,4,0,8422,0.0,45,0.0,0.0,0.0,0.0,0.0,0,0,0,0,0.0,0,0,0,0,0,0,0,0,0,0,0,0,0,0,0,0,0,0,0,0,0,0,0,0,0,0,0,0,0,0,0,0,0,38,14,7,45,65476,0,300,0,0,8,21553,0.0,-107605600.0,0.0,0.0,0.0,0.0,0.0,0.0,0.0,0.0,0.0,0.0,0.0,0.0,0.0,0.0,0.0,0.0,0.0,0.0,0.0,0.0,-2.004,-0.0,2.004,-2.004,0.0,0.0,0.0,0.0,4976.0,0.0,0.0,0.0,-0.0,-107615272.0,2.718429120148166e+23,0.0,0.0,0.0,0.0,53,1.9056979486756045e+17,-107614768.0,0.0,0.0,0.0,0.0,0.0,0.0,0.0,0,0,0,0.0,0.0,0.0,0.0,0.0,0.0,0.0,0.0,0.0,0.0,0.0,0.0,0.0,0.0,0.0,0.0,0,-107875648.0,53,0.0,106,-107614832.0,-107350944.0,ERR,ERR,ERR,ERR,ERR,ERR,ERR,ERR,ERR,ERR,ERR,ERR,ERR,ERR,ERR,ERR,ERR,ERR,ERR,ERR,ERR,ERR,ERR,ERR,ERR,ERR,ERR,ERR,ERR,ERR,ERR,ERR,ERR,ERR,ERR,ERR,ERR,ERR,ERR,ERR,ERR,ERR,ERR,ERR,ERR,ERR,ERR,ERR,ERR,ERR,ERR,ERR,ERR,ERR,ERR,ERR,ERR,ERR,ERR,ERR,ERR,ERR,ERR,ERR,ERR,ERR,ERR,50.0,60.0,100,0.0,0.0,0.0,0.0,0.0,0.0,0.0,0.0,0.0,0.0,0.0,0.0,0.0,0.0,0.0,0.0,61.6,65,19,65521,50,65476,0,300,0,0,8,20529,65476,0,0,26214,60.0,0.0,0.0,0.0,0.0,0.0
2026-05-17T16:08:10,ERR,ERR,ERR,ERR,ERR,ERR,ERR,ERR,ERR,ERR,ERR,ERR,ERR,ERR,ERR,ERR,ERR,ERR,ERR,ERR,ERR,ERR,ERR,ERR,ERR,ERR,ERR,ERR,ERR,ERR,ERR,ERR,ERR,ERR,ERR,ERR,ERR,ERR,ERR,ERR,ERR,ERR,ERR,ERR,ERR,ERR,ERR,ERR,ERR,ERR,ERR,ERR,ERR,ERR,ERR,ERR,ERR,ERR,ERR,ERR,ERR,ERR,ERR,ERR,ERR,ERR,ERR,ERR,ERR,ERR,ERR,ERR,ERR,ERR,ERR,ERR,ERR,ERR,ERR,ERR,ERR,ERR,ERR,ERR,ERR,ERR,ERR,ERR,ERR,ERR,ERR,ERR,ERR,ERR,ERR,ERR,ERR,ERR,ERR,ERR,ERR,ERR,ERR,ERR,ERR,ERR,ERR,ERR,ERR,ERR,ERR,ERR,ERR,ERR,ERR,ERR,ERR,ERR,ERR,ERR,ERR,ERR,ERR,ERR,ERR,0.0,-0.0,-0.0,0.0,0.0,1.3936040501711995e+18,7.805,0.0,0,0,4,0,8422,0.0,45,0.0,0.0,0.0,0.0,0.0,0,0,0,0,0.0,0,0,0,0,0,0,0,0,0,0,0,0,0,0,0,0,0,0,0,0,0,0,0,0,0,0,0,0,0,0,0,0,0,38,14,7,45,65476,0,300,0,0,8,21553,0.0,-107605600.0,0.0,0.0,0.0,0.0,0.0,0.0,0.0,0.0,0.0,0.0,0.0,0.0,0.0,0.0,0.0,0.0,0.0,0.0,0.0,0.0,-2.004,-0.0,2.004,-2.004,0.0,0.0,0.0,0.0,4976.0,0.0,0.0,0.0,-0.0,-107615272.0,2.718429120148166e+23,0.0,0.0,0.0,0.0,53,1.9056979486756045e+17,-107614768.0,0.0,0.0,0.0,0.0,0.0,0.0,0.0,0,0,0,0.0,0.0,0.0,0.0,0.0,0.0,0.0,0.0,0.0,0.0,0.0,0.0,0.0,0.0,0.0,0.0,0,-107875648.0,53,0.0,106,-107614832.0,-107350944.0,ERR,ERR,ERR,ERR,ERR,ERR,ERR,ERR,ERR,ERR,ERR,ERR,ERR,ERR,ERR,ERR,ERR,ERR,ERR,ERR,ERR,ERR,ERR,ERR,ERR,ERR,ERR,ERR,ERR,ERR,ERR,ERR,ERR,ERR,ERR,ERR,ERR,ERR,ERR,ERR,ERR,ERR,ERR,ERR,ERR,ERR,ERR,ERR,ERR,ERR,ERR,ERR,ERR,ERR,ERR,ERR,ERR,ERR,ERR,ERR,ERR,ERR,ERR,ERR,ERR,ERR,ERR,50.0,60.0,100,0.0,0.0,0.0,0.0,0.0,0.0,0.0,0.0,0.0,0.0,0.0,0.0,0.0,0.0,0.0,0.0,61.6,65,19,65521,50,65476,0,300,0,0,8,20529,65476,0,0,26214,60.0,0.0,0.0,0.0,0.0,0.0
2026-05-17T16:08:11,ERR,ERR,ERR,ERR,ERR,ERR,ERR,ERR,ERR,ERR,ERR,ERR,ERR,ERR,ERR,ERR,ERR,ERR,ERR,ERR,ERR,ERR,ERR,ERR,ERR,ERR,ERR,ERR,ERR,ERR,ERR,ERR,ERR,ERR,ERR,ERR,ERR,ERR,ERR,ERR,ERR,ERR,ERR,ERR,ERR,ERR,ERR,ERR,ERR,ERR,ERR,ERR,ERR,ERR,ERR,ERR,ERR,ERR,ERR,ERR,ERR,ERR,ERR,ERR,ERR,ERR,ERR,ERR,ERR,ERR,ERR,ERR,ERR,ERR,ERR,ERR,ERR,ERR,ERR,ERR,ERR,ERR,ERR,ERR,ERR,ERR,ERR,ERR,ERR,ERR,ERR,ERR,ERR,ERR,ERR,ERR,ERR,ERR,ERR,ERR,ERR,ERR,ERR,ERR,ERR,ERR,ERR,ERR,ERR,ERR,ERR,ERR,ERR,ERR,ERR,ERR,ERR,ERR,ERR,ERR,ERR,ERR,ERR,ERR,ERR,0.0,-0.0,-0.0,0.0,0.0,1.3936040501711995e+18,7.805,0.0,0,0,4,0,8422,0.0,45,0.0,0.0,0.0,0.0,0.0,0,0,0,0,0.0,0,0,0,0,0,0,0,0,0,0,0,0,0,0,0,0,0,0,0,0,0,0,0,0,0,0,0,0,0,0,0,0,0,38,14,7,45,65476,0,300,0,0,8,21553,0.0,-107605600.0,0.0,0.0,0.0,0.0,0.0,0.0,0.0,0.0,0.0,0.0,0.0,0.0,0.0,0.0,0.0,0.0,0.0,0.0,0.0,0.0,-2.004,-0.0,2.004,-2.004,0.0,0.0,0.0,0.0,4976.0,0.0,0.0,0.0,-0.0,-107615272.0,2.718429120148166e+23,0.0,0.0,0.0,0.0,53,1.9056979486756045e+17,-107614768.0,0.0,0.0,0.0,0.0,0.0,0.0,0.0,0,0,0,0.0,0.0,0.0,0.0,0.0,0.0,0.0,0.0,0.0,0.0,0.0,0.0,0.0,0.0,0.0,0.0,0,-107875648.0,53,0.0,106,-107614832.0,-107350944.0,ERR,ERR,ERR,ERR,ERR,ERR,ERR,ERR,ERR,ERR,ERR,ERR,ERR,ERR,ERR,ERR,ERR,ERR,ERR,ERR,ERR,ERR,ERR,ERR,ERR,ERR,ERR,ERR,ERR,ERR,ERR,ERR,ERR,ERR,ERR,ERR,ERR,ERR,ERR,ERR,ERR,ERR,ERR,ERR,ERR,ERR,ERR,ERR,ERR,ERR,ERR,ERR,ERR,ERR,ERR,ERR,ERR,ERR,ERR,ERR,ERR,ERR,ERR,ERR,ERR,ERR,ERR,50.0,60.0,100,0.0,0.0,0.0,0.0,0.0,0.0,0.0,0.0,0.0,0.0,0.0,0.0,0.0,0.0,0.0,0.0,61.6,65,19,65521,50,65476,0,300,0,0,8,20529,65476,0,0,26214,60.0,0.0,0.0,0.0,0.0,0.0
2026-05-17T16:08:12,ERR,ERR,ERR,ERR,ERR,ERR,ERR,ERR,ERR,ERR,ERR,ERR,ERR,ERR,ERR,ERR,ERR,ERR,ERR,ERR,ERR,ERR,ERR,ERR,ERR,ERR,ERR,ERR,ERR,ERR,ERR,ERR,ERR,ERR,ERR,ERR,ERR,ERR,ERR,ERR,ERR,ERR,ERR,ERR,ERR,ERR,ERR,ERR,ERR,ERR,ERR,ERR,ERR,ERR,ERR,ERR,ERR,ERR,ERR,ERR,ERR,ERR,ERR,ERR,ERR,ERR,ERR,ERR,ERR,ERR,ERR,ERR,ERR,ERR,ERR,ERR,ERR,ERR,ERR,ERR,ERR,ERR,ERR,ERR,ERR,ERR,ERR,ERR,ERR,ERR,ERR,ERR,ERR,ERR,ERR,ERR,ERR,ERR,ERR,ERR,ERR,ERR,ERR,ERR,ERR,ERR,ERR,ERR,ERR,ERR,ERR,ERR,ERR,ERR,ERR,ERR,ERR,ERR,ERR,ERR,ERR,ERR,ERR,ERR,ERR,0.0,-0.0,-0.0,0.0,0.0,1.3936040501711995e+18,7.805,0.0,0,0,4,0,8422,0.0,45,0.0,0.0,0.0,0.0,0.0,0,0,0,0,0.0,0,0,0,0,0,0,0,0,0,0,0,0,0,0,0,0,0,0,0,0,0,0,0,0,0,0,0,0,0,0,0,0,0,38,14,7,45,65476,0,300,0,0,8,21553,0.0,-107605600.0,0.0,0.0,0.0,0.0,0.0,0.0,0.0,0.0,0.0,0.0,0.0,0.0,0.0,0.0,0.0,0.0,0.0,0.0,0.0,0.0,-2.004,-0.0,2.004,-2.004,0.0,0.0,0.0,0.0,4976.0,0.0,0.0,0.0,-0.0,-107615272.0,2.718429120148166e+23,0.0,0.0,0.0,0.0,53,1.9056979486756045e+17,-107614768.0,0.0,0.0,0.0,0.0,0.0,0.0,0.0,0,0,0,0.0,0.0,0.0,0.0,0.0,0.0,0.0,0.0,0.0,0.0,0.0,0.0,0.0,0.0,0.0,0.0,0,-107875648.0,53,0.0,106,-107614832.0,-107350944.0,ERR,ERR,ERR,ERR,ERR,ERR,ERR,ERR,ERR,ERR,ERR,ERR,ERR,ERR,ERR,ERR,ERR,ERR,ERR,ERR,ERR,ERR,ERR,ERR,ERR,ERR,ERR,ERR,ERR,ERR,ERR,ERR,ERR,ERR,ERR,ERR,ERR,ERR,ERR,ERR,ERR,ERR,ERR,ERR,ERR,ERR,ERR,ERR,ERR,ERR,ERR,ERR,ERR,ERR,ERR,ERR,ERR,ERR,ERR,ERR,ERR,ERR,ERR,ERR,ERR,ERR,ERR,50.0,60.0,100,0.0,0.0,0.0,0.0,0.0,0.0,0.0,0.0,0.0,0.0,0.0,0.0,0.0,0.0,0.0,0.0,61.6,65,19,65521,50,65476,0,300,0,0,8,20529,65476,0,0,26214,60.0,0.0,0.0,0.0,0.0,0.0
2026-05-17T16:08:13,ERR,ERR,ERR,ERR,ERR,ERR,ERR,ERR,ERR,ERR,ERR,ERR,ERR,ERR,ERR,ERR,ERR,ERR,ERR,ERR,ERR,ERR,ERR,ERR,ERR,ERR,ERR,ERR,ERR,ERR,ERR,ERR,ERR,ERR,ERR,ERR,ERR,ERR,ERR,ERR,ERR,ERR,ERR,ERR,ERR,ERR,ERR,ERR,ERR,ERR,ERR,ERR,ERR,ERR,ERR,ERR,ERR,ERR,ERR,ERR,ERR,ERR,ERR,ERR,ERR,ERR,ERR,ERR,ERR,ERR,ERR,ERR,ERR,ERR,ERR,ERR,ERR,ERR,ERR,ERR,ERR,ERR,ERR,ERR,ERR,ERR,ERR,ERR,ERR,ERR,ERR,ERR,ERR,ERR,ERR,ERR,ERR,ERR,ERR,ERR,ERR,ERR,ERR,ERR,ERR,ERR,ERR,ERR,ERR,ERR,ERR,ERR,ERR,ERR,ERR,ERR,ERR,ERR,ERR,ERR,ERR,ERR,ERR,ERR,ERR,0.0,-0.0,-0.0,0.0,0.0,1.3936040501711995e+18,7.805,0.0,0,0,4,0,8422,0.0,45,0.0,0.0,0.0,0.0,0.0,0,0,0,0,0.0,0,0,0,0,0,0,0,0,0,0,0,0,0,0,0,0,0,0,0,0,0,0,0,0,0,0,0,0,0,0,0,0,0,38,14,7,45,65476,0,300,0,0,8,21553,0.0,-107605600.0,0.0,0.0,0.0,0.0,0.0,0.0,0.0,0.0,0.0,0.0,0.0,0.0,0.0,0.0,0.0,0.0,0.0,0.0,0.0,0.0,-2.004,-0.0,2.004,-2.004,0.0,0.0,0.0,0.0,4976.0,0.0,0.0,0.0,-0.0,-107615272.0,2.718429120148166e+23,0.0,0.0,0.0,0.0,53,1.9056979486756045e+17,-107614768.0,0.0,0.0,0.0,0.0,0.0,0.0,0.0,0,0,0,0.0,0.0,0.0,0.0,0.0,0.0,0.0,0.0,0.0,0.0,0.0,0.0,0.0,0.0,0.0,0.0,0,-107875648.0,53,0.0,106,-107614832.0,-107350944.0,ERR,ERR,ERR,ERR,ERR,ERR,ERR,ERR,ERR,ERR,ERR,ERR,ERR,ERR,ERR,ERR,ERR,ERR,ERR,ERR,ERR,ERR,ERR,ERR,ERR,ERR,ERR,ERR,ERR,ERR,ERR,ERR,ERR,ERR,ERR,ERR,ERR,ERR,ERR,ERR,ERR,ERR,ERR,ERR,ERR,ERR,ERR,ERR,ERR,ERR,ERR,ERR,ERR,ERR,ERR,ERR,ERR,ERR,ERR,ERR,ERR,ERR,ERR,ERR,ERR,ERR,ERR,50.0,60.0,100,0.0,0.0,0.0,0.0,0.0,0.0,0.0,0.0,0.0,0.0,0.0,0.0,0.0,0.0,0.0,0.0,61.6,65,19,65521,50,65476,0,300,0,0,8,20529,65476,0,0,26214,60.0,0.0,0.0,0.0,0.0,0.0
2026-05-17T16:08:14,ERR,ERR,ERR,ERR,ERR,ERR,ERR,ERR,ERR,ERR,ERR,ERR,ERR,ERR,ERR,ERR,ERR,ERR,ERR,ERR,ERR,ERR,ERR,ERR,ERR,ERR,ERR,ERR,ERR,ERR,ERR,ERR,ERR,ERR,ERR,ERR,ERR,ERR,ERR,ERR,ERR,ERR,ERR,ERR,ERR,ERR,ERR,ERR,ERR,ERR,ERR,ERR,ERR,ERR,ERR,ERR,ERR,ERR,ERR,ERR,ERR,ERR,ERR,ERR,ERR,ERR,ERR,ERR,ERR,ERR,ERR,ERR,ERR,ERR,ERR,ERR,ERR,ERR,ERR,ERR,ERR,ERR,ERR,ERR,ERR,ERR,ERR,ERR,ERR,ERR,ERR,ERR,ERR,ERR,ERR,ERR,ERR,ERR,ERR,ERR,ERR,ERR,ERR,ERR,ERR,ERR,ERR,ERR,ERR,ERR,ERR,ERR,ERR,ERR,ERR,ERR,ERR,ERR,ERR,ERR,ERR,ERR,ERR,ERR,ERR,0.0,-0.0,-0.0,0.0,0.0,1.3936040501711995e+18,7.805,0.0,0,0,4,0,8422,0.0,45,0.0,0.0,0.0,0.0,0.0,0,0,0,0,0.0,0,0,0,0,0,0,0,0,0,0,0,0,0,0,0,0,0,0,0,0,0,0,0,0,0,0,0,0,0,0,0,0,0,38,14,7,45,65476,0,300,0,0,8,21553,0.0,-107605600.0,0.0,0.0,0.0,0.0,0.0,0.0,0.0,0.0,0.0,0.0,0.0,0.0,0.0,0.0,0.0,0.0,0.0,0.0,0.0,0.0,-2.004,-0.0,-0.0,-2.004,0.0,0.0,0.0,0.0,4974.0,-131350.422,0.0,0.0,-0.0,0.0,2.718429120148166e+23,0.0,0.0,0.0,0.0,53,152018454839296.0,-0.0,0.0,0.0,0.0,0.0,0.0,0.0,0.0,0,0,0,0.0,0.0,0.0,0.0,0.0,0.0,0.0,0.0,0.0,0.0,0.0,0.0,0.0,0.0,0.0,0.0,0,-107875648.0,53,0.0,106,-107614832.0,-107350944.0,ERR,ERR,ERR,ERR,ERR,ERR,ERR,ERR,ERR,ERR,ERR,ERR,ERR,ERR,ERR,ERR,ERR,ERR,ERR,ERR,ERR,ERR,ERR,ERR,ERR,ERR,ERR,ERR,ERR,ERR,ERR,ERR,ERR,ERR,ERR,ERR,ERR,ERR,ERR,ERR,ERR,ERR,ERR,ERR,ERR,ERR,ERR,ERR,ERR,ERR,ERR,ERR,ERR,ERR,ERR,ERR,ERR,ERR,ERR,ERR,ERR,ERR,ERR,ERR,ERR,ERR,ERR,50.0,60.0,100,0.0,0.0,0.0,0.0,0.0,0.0,0.0,0.0,0.0,0.0,0.0,0.0,0.0,0.0,0.0,0.0,61.6,65,19,65521,50,65476,0,300,0,0,8,20529,65476,0,0,26214,60.0,0.0,0.0,0.0,0.0,0.0
2026-05-17T16:08:15,ERR,ERR,ERR,ERR,ERR,ERR,ERR,ERR,ERR,ERR,ERR,ERR,ERR,ERR,ERR,ERR,ERR,ERR,ERR,ERR,ERR,ERR,ERR,ERR,ERR,ERR,ERR,ERR,ERR,ERR,ERR,ERR,ERR,ERR,ERR,ERR,ERR,ERR,ERR,ERR,ERR,ERR,ERR,ERR,ERR,ERR,ERR,ERR,ERR,ERR,ERR,ERR,ERR,ERR,ERR,ERR,ERR,ERR,ERR,ERR,ERR,ERR,ERR,ERR,ERR,ERR,ERR,ERR,ERR,ERR,ERR,ERR,ERR,ERR,ERR,ERR,ERR,ERR,ERR,ERR,ERR,ERR,ERR,ERR,ERR,ERR,ERR,ERR,ERR,ERR,ERR,ERR,ERR,ERR,ERR,ERR,ERR,ERR,ERR,ERR,ERR,ERR,ERR,ERR,ERR,ERR,ERR,ERR,ERR,ERR,ERR,ERR,ERR,ERR,ERR,ERR,ERR,ERR,ERR,ERR,ERR,ERR,ERR,ERR,ERR,0.0,-0.0,-0.0,0.0,0.0,1.3936040501711995e+18,7.805,0.0,0,0,4,0,8422,0.0,45,0.0,0.0,0.0,0.0,0.0,0,0,0,0,0.0,0,0,0,0,0,0,0,0,0,0,0,0,0,0,0,0,0,0,0,0,0,0,0,0,0,0,0,0,0,0,0,0,0,38,14,7,45,65476,0,300,0,0,8,21553,0.0,-107605600.0,0.0,0.0,0.0,0.0,0.0,0.0,0.0,0.0,0.0,0.0,0.0,0.0,0.0,0.0,0.0,0.0,0.0,0.0,0.0,0.0,-2.004,-0.0,-0.0,-2.004,0.0,0.0,0.0,0.0,4974.0,-131350.422,0.0,0.0,-0.0,0.0,2.718429120148166e+23,0.0,0.0,0.0,0.0,53,152018454839296.0,-0.0,0.0,0.0,0.0,0.0,0.0,0.0,0.0,0,0,0,0.0,0.0,0.0,0.0,0.0,0.0,0.0,0.0,0.0,0.0,0.0,0.0,0.0,0.0,0.0,0.0,0,-107875648.0,53,0.0,106,-107614832.0,-107350944.0,ERR,ERR,ERR,ERR,ERR,ERR,ERR,ERR,ERR,ERR,ERR,ERR,ERR,ERR,ERR,ERR,ERR,ERR,ERR,ERR,ERR,ERR,ERR,ERR,ERR,ERR,ERR,ERR,ERR,ERR,ERR,ERR,ERR,ERR,ERR,ERR,ERR,ERR,ERR,ERR,ERR,ERR,ERR,ERR,ERR,ERR,ERR,ERR,ERR,ERR,ERR,ERR,ERR,ERR,ERR,ERR,ERR,ERR,ERR,ERR,ERR,ERR,ERR,ERR,ERR,ERR,ERR,50.0,60.0,100,0.0,0.0,0.0,0.0,0.0,0.0,0.0,0.0,0.0,0.0,0.0,0.0,0.0,0.0,0.0,0.0,61.6,65,19,65521,50,65476,0,300,0,0,8,20529,65476,0,0,26214,60.0,0.0,0.0,0.0,0.0,0.0
2026-05-17T16:08:16,ERR,ERR,ERR,ERR,ERR,ERR,ERR,ERR,ERR,ERR,ERR,ERR,ERR,ERR,ERR,ERR,ERR,ERR,ERR,ERR,ERR,ERR,ERR,ERR,ERR,ERR,ERR,ERR,ERR,ERR,ERR,ERR,ERR,ERR,ERR,ERR,ERR,ERR,ERR,ERR,ERR,ERR,ERR,ERR,ERR,ERR,ERR,ERR,ERR,ERR,ERR,ERR,ERR,ERR,ERR,ERR,ERR,ERR,ERR,ERR,ERR,ERR,ERR,ERR,ERR,ERR,ERR,ERR,ERR,ERR,ERR,ERR,ERR,ERR,ERR,ERR,ERR,ERR,ERR,ERR,ERR,ERR,ERR,ERR,ERR,ERR,ERR,ERR,ERR,ERR,ERR,ERR,ERR,ERR,ERR,ERR,ERR,ERR,ERR,ERR,ERR,ERR,ERR,ERR,ERR,ERR,ERR,ERR,ERR,ERR,ERR,ERR,ERR,ERR,ERR,ERR,ERR,ERR,ERR,ERR,ERR,ERR,ERR,ERR,ERR,0.0,-0.0,-0.0,0.0,0.0,1.3936040501711995e+18,7.805,0.0,0,0,4,0,8422,0.0,45,0.0,0.0,0.0,0.0,0.0,0,0,0,0,0.0,0,0,0,0,0,0,0,0,0,0,0,0,0,0,0,0,0,0,0,0,0,0,0,0,0,0,0,0,0,0,0,0,0,38,14,7,45,65476,0,300,0,0,8,21553,0.0,-107605600.0,0.0,0.0,0.0,0.0,0.0,0.0,0.0,0.0,0.0,0.0,0.0,0.0,0.0,0.0,0.0,0.0,0.0,0.0,0.0,0.0,-2.004,-0.0,-0.0,-2.004,0.0,0.0,0.0,0.0,4974.0,-131350.422,0.0,0.0,-0.0,0.0,2.718429120148166e+23,0.0,0.0,0.0,0.0,53,152018454839296.0,-0.0,0.0,0.0,0.0,0.0,0.0,0.0,0.0,0,0,0,0.0,0.0,0.0,0.0,0.0,0.0,0.0,0.0,0.0,0.0,0.0,0.0,0.0,0.0,0.0,0.0,0,-107875648.0,53,0.0,106,-107614832.0,-107350944.0,ERR,ERR,ERR,ERR,ERR,ERR,ERR,ERR,ERR,ERR,ERR,ERR,ERR,ERR,ERR,ERR,ERR,ERR,ERR,ERR,ERR,ERR,ERR,ERR,ERR,ERR,ERR,ERR,ERR,ERR,ERR,ERR,ERR,ERR,ERR,ERR,ERR,ERR,ERR,ERR,ERR,ERR,ERR,ERR,ERR,ERR,ERR,ERR,ERR,ERR,ERR,ERR,ERR,ERR,ERR,ERR,ERR,ERR,ERR,ERR,ERR,ERR,ERR,ERR,ERR,ERR,ERR,50.0,60.0,100,0.0,0.0,0.0,0.0,0.0,0.0,0.0,0.0,0.0,0.0,0.0,0.0,0.0,0.0,0.0,0.0,61.6,65,19,65521,50,65476,0,300,0,0,8,20529,65476,0,0,26214,60.0,0.0,0.0,0.0,0.0,0.0
2026-05-17T16:08:17,ERR,ERR,ERR,ERR,ERR,ERR,ERR,ERR,ERR,ERR,ERR,ERR,ERR,ERR,ERR,ERR,ERR,ERR,ERR,ERR,ERR,ERR,ERR,ERR,ERR,ERR,ERR,ERR,ERR,ERR,ERR,ERR,ERR,ERR,ERR,ERR,ERR,ERR,ERR,ERR,ERR,ERR,ERR,ERR,ERR,ERR,ERR,ERR,ERR,ERR,ERR,ERR,ERR,ERR,ERR,ERR,ERR,ERR,ERR,ERR,ERR,ERR,ERR,ERR,ERR,ERR,ERR,ERR,ERR,ERR,ERR,ERR,ERR,ERR,ERR,ERR,ERR,ERR,ERR,ERR,ERR,ERR,ERR,ERR,ERR,ERR,ERR,ERR,ERR,ERR,ERR,ERR,ERR,ERR,ERR,ERR,ERR,ERR,ERR,ERR,ERR,ERR,ERR,ERR,ERR,ERR,ERR,ERR,ERR,ERR,ERR,ERR,ERR,ERR,ERR,ERR,ERR,ERR,ERR,ERR,ERR,ERR,ERR,ERR,ERR,0.0,-0.0,-0.0,0.0,0.0,1.3936040501711995e+18,7.805,0.0,0,0,4,0,8422,0.0,45,0.0,0.0,0.0,0.0,0.0,0,0,0,0,0.0,0,0,0,0,0,0,0,0,0,0,0,0,0,0,0,0,0,0,0,0,0,0,0,0,0,0,0,0,0,0,0,0,0,38,14,7,45,65476,0,300,0,0,8,21553,0.0,-107605600.0,0.0,0.0,0.0,0.0,0.0,0.0,0.0,0.0,0.0,0.0,0.0,0.0,0.0,0.0,0.0,0.0,0.0,0.0,0.0,0.0,-2.004,-0.0,-0.0,-2.004,0.0,0.0,0.0,0.0,4974.0,-131350.422,0.0,0.0,-0.0,0.0,2.718429120148166e+23,0.0,0.0,0.0,0.0,53,152018454839296.0,-0.0,0.0,0.0,0.0,0.0,0.0,0.0,0.0,0,0,0,0.0,0.0,0.0,0.0,0.0,0.0,0.0,0.0,0.0,0.0,0.0,0.0,0.0,0.0,0.0,0.0,0,-107875648.0,53,0.0,106,-107614832.0,-107350944.0,ERR,ERR,ERR,ERR,ERR,ERR,ERR,ERR,ERR,ERR,ERR,ERR,ERR,ERR,ERR,ERR,ERR,ERR,ERR,ERR,ERR,ERR,ERR,ERR,ERR,ERR,ERR,ERR,ERR,ERR,ERR,ERR,ERR,ERR,ERR,ERR,ERR,ERR,ERR,ERR,ERR,ERR,ERR,ERR,ERR,ERR,ERR,ERR,ERR,ERR,ERR,ERR,ERR,ERR,ERR,ERR,ERR,ERR,ERR,ERR,ERR,ERR,ERR,ERR,ERR,ERR,ERR,50.0,60.0,100,0.0,0.0,0.0,0.0,0.0,0.0,0.0,0.0,0.0,0.0,0.0,0.0,0.0,0.0,0.0,0.0,61.6,65,19,65521,50,65476,0,300,0,0,8,20529,65476,0,0,26214,60.0,0.0,0.0,0.0,0.0,0.0
2026-05-17T16:08:18,ERR,ERR,ERR,ERR,ERR,ERR,ERR,ERR,ERR,ERR,ERR,ERR,ERR,ERR,ERR,ERR,ERR,ERR,ERR,ERR,ERR,ERR,ERR,ERR,ERR,ERR,ERR,ERR,ERR,ERR,ERR,ERR,ERR,ERR,ERR,ERR,ERR,ERR,ERR,ERR,ERR,ERR,ERR,ERR,ERR,ERR,ERR,ERR,ERR,ERR,ERR,ERR,ERR,ERR,ERR,ERR,ERR,ERR,ERR,ERR,ERR,ERR,ERR,ERR,ERR,ERR,ERR,ERR,ERR,ERR,ERR,ERR,ERR,ERR,ERR,ERR,ERR,ERR,ERR,ERR,ERR,ERR,ERR,ERR,ERR,ERR,ERR,ERR,ERR,ERR,ERR,ERR,ERR,ERR,ERR,ERR,ERR,ERR,ERR,ERR,ERR,ERR,ERR,ERR,ERR,ERR,ERR,ERR,ERR,ERR,ERR,ERR,ERR,ERR,ERR,ERR,ERR,ERR,ERR,ERR,ERR,ERR,ERR,ERR,ERR,0.0,-0.0,-0.0,0.0,0.0,1.3936040501711995e+18,7.805,0.0,0,0,4,0,8422,0.0,45,0.0,0.0,0.0,0.0,0.0,0,0,0,0,0.0,0,0,0,0,0,0,0,0,0,0,0,0,0,0,0,0,0,0,0,0,0,0,0,0,0,0,0,0,0,0,0,0,0,38,14,7,45,65476,0,300,0,0,8,21553,0.0,-107605600.0,0.0,0.0,0.0,0.0,0.0,0.0,0.0,0.0,0.0,0.0,0.0,0.0,0.0,0.0,0.0,0.0,0.0,0.0,0.0,0.0,-2.004,-0.0,-0.0,-2.004,0.0,0.0,0.0,0.0,4974.0,-131350.422,0.0,0.0,-0.0,0.0,2.718429120148166e+23,0.0,0.0,0.0,0.0,53,152018454839296.0,-0.0,0.0,0.0,0.0,0.0,0.0,0.0,0.0,0,0,0,0.0,0.0,0.0,0.0,0.0,0.0,0.0,0.0,0.0,0.0,0.0,0.0,0.0,0.0,0.0,0.0,0,-107875648.0,53,0.0,106,-107614832.0,-107350944.0,ERR,ERR,ERR,ERR,ERR,ERR,ERR,ERR,ERR,ERR,ERR,ERR,ERR,ERR,ERR,ERR,ERR,ERR,ERR,ERR,ERR,ERR,ERR,ERR,ERR,ERR,ERR,ERR,ERR,ERR,ERR,ERR,ERR,ERR,ERR,ERR,ERR,ERR,ERR,ERR,ERR,ERR,ERR,ERR,ERR,ERR,ERR,ERR,ERR,ERR,ERR,ERR,ERR,ERR,ERR,ERR,ERR,ERR,ERR,ERR,ERR,ERR,ERR,ERR,ERR,ERR,ERR,50.0,60.0,100,0.0,0.0,0.0,0.0,0.0,0.0,0.0,0.0,0.0,0.0,0.0,0.0,0.0,0.0,0.0,0.0,61.6,65,19,65521,50,65476,0,300,0,0,8,20529,65476,0,0,26214,60.0,0.0,0.0,0.0,0.0,0.0
2026-05-17T16:08:19,ERR,ERR,ERR,ERR,ERR,ERR,ERR,ERR,ERR,ERR,ERR,ERR,ERR,ERR,ERR,ERR,ERR,ERR,ERR,ERR,ERR,ERR,ERR,ERR,ERR,ERR,ERR,ERR,ERR,ERR,ERR,ERR,ERR,ERR,ERR,ERR,ERR,ERR,ERR,ERR,ERR,ERR,ERR,ERR,ERR,ERR,ERR,ERR,ERR,ERR,ERR,ERR,ERR,ERR,ERR,ERR,ERR,ERR,ERR,ERR,ERR,ERR,ERR,ERR,ERR,ERR,ERR,ERR,ERR,ERR,ERR,ERR,ERR,ERR,ERR,ERR,ERR,ERR,ERR,ERR,ERR,ERR,ERR,ERR,ERR,ERR,ERR,ERR,ERR,ERR,ERR,ERR,ERR,ERR,ERR,ERR,ERR,ERR,ERR,ERR,ERR,ERR,ERR,ERR,ERR,ERR,ERR,ERR,ERR,ERR,ERR,ERR,ERR,ERR,ERR,ERR,ERR,ERR,ERR,ERR,ERR,ERR,ERR,ERR,ERR,0.0,-0.0,-0.0,0.0,0.0,1.3936040501711995e+18,7.805,0.0,0,0,4,0,8422,0.0,45,0.0,0.0,0.0,0.0,0.0,0,0,0,0,0.0,0,0,0,0,0,0,0,0,0,0,0,0,0,0,0,0,0,0,0,0,0,0,0,0,0,0,0,0,0,0,0,0,0,38,14,7,45,65476,0,300,0,0,8,21553,0.0,-107605600.0,0.0,0.0,0.0,0.0,0.0,0.0,0.0,0.0,0.0,0.0,0.0,0.0,0.0,0.0,0.0,0.0,0.0,0.0,0.0,0.0,-2.004,-0.0,-0.0,-2.004,0.0,0.0,0.0,0.0,4974.0,-131350.422,0.0,0.0,-0.0,0.0,2.718429120148166e+23,0.0,0.0,0.0,0.0,53,152018454839296.0,-0.0,0.0,0.0,0.0,0.0,0.0,0.0,0.0,0,0,0,0.0,0.0,0.0,0.0,0.0,0.0,0.0,0.0,0.0,0.0,0.0,0.0,0.0,0.0,0.0,0.0,0,-107875648.0,53,0.0,106,-107614832.0,-107350944.0,ERR,ERR,ERR,ERR,ERR,ERR,ERR,ERR,ERR,ERR,ERR,ERR,ERR,ERR,ERR,ERR,ERR,ERR,ERR,ERR,ERR,ERR,ERR,ERR,ERR,ERR,ERR,ERR,ERR,ERR,ERR,ERR,ERR,ERR,ERR,ERR,ERR,ERR,ERR,ERR,ERR,ERR,ERR,ERR,ERR,ERR,ERR,ERR,ERR,ERR,ERR,ERR,ERR,ERR,ERR,ERR,ERR,ERR,ERR,ERR,ERR,ERR,ERR,ERR,ERR,ERR,ERR,50.0,60.0,100,0.0,0.0,0.0,0.0,0.0,0.0,0.0,0.0,0.0,0.0,0.0,0.0,0.0,0.0,0.0,0.0,61.6,65,19,65521,50,65476,0,300,0,0,8,20529,65476,0,0,26214,60.0,0.0,0.0,0.0,0.0,0.0
2026-05-17T16:08:20,ERR,ERR,ERR,ERR,ERR,ERR,ERR,ERR,ERR,ERR,ERR,ERR,ERR,ERR,ERR,ERR,ERR,ERR,ERR,ERR,ERR,ERR,ERR,ERR,ERR,ERR,ERR,ERR,ERR,ERR,ERR,ERR,ERR,ERR,ERR,ERR,ERR,ERR,ERR,ERR,ERR,ERR,ERR,ERR,ERR,ERR,ERR,ERR,ERR,ERR,ERR,ERR,ERR,ERR,ERR,ERR,ERR,ERR,ERR,ERR,ERR,ERR,ERR,ERR,ERR,ERR,ERR,ERR,ERR,ERR,ERR,ERR,ERR,ERR,ERR,ERR,ERR,ERR,ERR,ERR,ERR,ERR,ERR,ERR,ERR,ERR,ERR,ERR,ERR,ERR,ERR,ERR,ERR,ERR,ERR,ERR,ERR,ERR,ERR,ERR,ERR,ERR,ERR,ERR,ERR,ERR,ERR,ERR,ERR,ERR,ERR,ERR,ERR,ERR,ERR,ERR,ERR,ERR,ERR,ERR,ERR,ERR,ERR,ERR,ERR,0.0,-0.0,-0.0,0.0,0.0,1.3936040501711995e+18,7.805,0.0,0,0,4,0,8422,0.0,45,0.0,0.0,0.0,0.0,0.0,0,0,0,0,0.0,0,0,0,0,0,0,0,0,0,0,0,0,0,0,0,0,0,0,0,0,0,0,0,0,0,0,0,0,0,0,0,0,0,38,14,7,45,65476,0,300,0,0,8,21553,0.0,-107605600.0,0.0,0.0,0.0,0.0,0.0,0.0,0.0,0.0,0.0,0.0,0.0,0.0,0.0,0.0,0.0,0.0,0.0,0.0,0.0,0.0,-2.004,-0.0,2.004,-2.004,0.0,0.0,0.0,0.0,4971.0,-1.0406652570629681e+34,0.0,0.0,-0.0,0.0,2.718429120148166e+23,0.0,0.0,0.0,0.0,53,71.63,-0.0,0.0,0.0,0.0,0.0,0.0,0.0,0.0,0,0,0,0.0,0.0,0.0,0.0,0.0,0.0,0.0,0.0,0.0,0.0,0.0,0.0,0.0,0.0,0.0,0.0,0,-107875648.0,53,0.0,106,-107614832.0,0.0,ERR,ERR,ERR,ERR,ERR,ERR,ERR,ERR,ERR,ERR,ERR,ERR,ERR,ERR,ERR,ERR,ERR,ERR,ERR,ERR,ERR,ERR,ERR,ERR,ERR,ERR,ERR,ERR,ERR,ERR,ERR,ERR,ERR,ERR,ERR,ERR,ERR,ERR,ERR,ERR,ERR,ERR,ERR,ERR,ERR,ERR,ERR,ERR,ERR,ERR,ERR,ERR,ERR,ERR,ERR,ERR,ERR,ERR,ERR,ERR,ERR,ERR,ERR,ERR,ERR,ERR,ERR,50.0,60.0,100,0.0,0.0,0.0,0.0,0.0,0.0,0.0,0.0,0.0,0.0,0.0,0.0,0.0,0.0,0.0,0.0,61.6,65,19,65521,50,65476,0,300,0,0,8,20529,65476,0,0,26214,60.0,0.0,0.0,0.0,0.0,0.0
2026-05-17T16:08:21,ERR,ERR,ERR,ERR,ERR,ERR,ERR,ERR,ERR,ERR,ERR,ERR,ERR,ERR,ERR,ERR,ERR,ERR,ERR,ERR,ERR,ERR,ERR,ERR,ERR,ERR,ERR,ERR,ERR,ERR,ERR,ERR,ERR,ERR,ERR,ERR,ERR,ERR,ERR,ERR,ERR,ERR,ERR,ERR,ERR,ERR,ERR,ERR,ERR,ERR,ERR,ERR,ERR,ERR,ERR,ERR,ERR,ERR,ERR,ERR,ERR,ERR,ERR,ERR,ERR,ERR,ERR,ERR,ERR,ERR,ERR,ERR,ERR,ERR,ERR,ERR,ERR,ERR,ERR,ERR,ERR,ERR,ERR,ERR,ERR,ERR,ERR,ERR,ERR,ERR,ERR,ERR,ERR,ERR,ERR,ERR,ERR,ERR,ERR,ERR,ERR,ERR,ERR,ERR,ERR,ERR,ERR,ERR,ERR,ERR,ERR,ERR,ERR,ERR,ERR,ERR,ERR,ERR,ERR,ERR,ERR,ERR,ERR,ERR,ERR,0.0,-0.0,-0.0,0.0,0.0,1.3936040501711995e+18,7.805,0.0,0,0,4,0,8422,0.0,45,0.0,0.0,0.0,0.0,0.0,0,0,0,0,0.0,0,0,0,0,0,0,0,0,0,0,0,0,0,0,0,0,0,0,0,0,0,0,0,0,0,0,0,0,0,0,0,0,0,38,14,7,45,65476,0,300,0,0,8,21553,0.0,-107605600.0,0.0,0.0,0.0,0.0,0.0,0.0,0.0,0.0,0.0,0.0,0.0,0.0,0.0,0.0,0.0,0.0,0.0,0.0,0.0,0.0,-2.004,-0.0,2.004,-2.004,0.0,0.0,0.0,0.0,4971.0,-1.0406652570629681e+34,0.0,0.0,-0.0,0.0,2.718429120148166e+23,0.0,0.0,0.0,0.0,53,71.63,-0.0,0.0,0.0,0.0,0.0,0.0,0.0,0.0,0,0,0,0.0,0.0,0.0,0.0,0.0,0.0,0.0,0.0,0.0,0.0,0.0,0.0,0.0,0.0,0.0,0.0,0,-107875648.0,53,0.0,106,-107614832.0,0.0,ERR,ERR,ERR,ERR,ERR,ERR,ERR,ERR,ERR,ERR,ERR,ERR,ERR,ERR,ERR,ERR,ERR,ERR,ERR,ERR,ERR,ERR,ERR,ERR,ERR,ERR,ERR,ERR,ERR,ERR,ERR,ERR,ERR,ERR,ERR,ERR,ERR,ERR,ERR,ERR,ERR,ERR,ERR,ERR,ERR,ERR,ERR,ERR,ERR,ERR,ERR,ERR,ERR,ERR,ERR,ERR,ERR,ERR,ERR,ERR,ERR,ERR,ERR,ERR,ERR,ERR,ERR,50.0,60.0,100,0.0,0.0,0.0,0.0,0.0,0.0,0.0,0.0,0.0,0.0,0.0,0.0,0.0,0.0,0.0,0.0,61.6,65,19,65521,50,65476,0,300,0,0,8,20529,65476,0,0,26214,60.0,0.0,0.0,0.0,0.0,0.0
2026-05-17T16:08:22,ERR,ERR,ERR,ERR,ERR,ERR,ERR,ERR,ERR,ERR,ERR,ERR,ERR,ERR,ERR,ERR,ERR,ERR,ERR,ERR,ERR,ERR,ERR,ERR,ERR,ERR,ERR,ERR,ERR,ERR,ERR,ERR,ERR,ERR,ERR,ERR,ERR,ERR,ERR,ERR,ERR,ERR,ERR,ERR,ERR,ERR,ERR,ERR,ERR,ERR,ERR,ERR,ERR,ERR,ERR,ERR,ERR,ERR,ERR,ERR,ERR,ERR,ERR,ERR,ERR,ERR,ERR,ERR,ERR,ERR,ERR,ERR,ERR,ERR,ERR,ERR,ERR,ERR,ERR,ERR,ERR,ERR,ERR,ERR,ERR,ERR,ERR,ERR,ERR,ERR,ERR,ERR,ERR,ERR,ERR,ERR,ERR,ERR,ERR,ERR,ERR,ERR,ERR,ERR,ERR,ERR,ERR,ERR,ERR,ERR,ERR,ERR,ERR,ERR,ERR,ERR,ERR,ERR,ERR,ERR,ERR,ERR,ERR,ERR,ERR,0.0,-0.0,-0.0,0.0,0.0,1.3936040501711995e+18,7.805,0.0,0,0,4,0,8422,0.0,45,0.0,0.0,0.0,0.0,0.0,0,0,0,0,0.0,0,0,0,0,0,0,0,0,0,0,0,0,0,0,0,0,0,0,0,0,0,0,0,0,0,0,0,0,0,0,0,0,0,38,14,7,45,65476,0,300,0,0,8,21553,0.0,-107605600.0,0.0,0.0,0.0,0.0,0.0,0.0,0.0,0.0,0.0,0.0,0.0,0.0,0.0,0.0,0.0,0.0,0.0,0.0,0.0,0.0,-2.004,-0.0,2.004,-2.004,0.0,0.0,0.0,0.0,4971.0,-1.0406652570629681e+34,0.0,0.0,-0.0,0.0,2.718429120148166e+23,0.0,0.0,0.0,0.0,53,71.63,-0.0,0.0,0.0,0.0,0.0,0.0,0.0,0.0,0,0,0,0.0,0.0,0.0,0.0,0.0,0.0,0.0,0.0,0.0,0.0,0.0,0.0,0.0,0.0,0.0,0.0,0,-107875648.0,53,0.0,106,-107614832.0,0.0,ERR,ERR,ERR,ERR,ERR,ERR,ERR,ERR,ERR,ERR,ERR,ERR,ERR,ERR,ERR,ERR,ERR,ERR,ERR,ERR,ERR,ERR,ERR,ERR,ERR,ERR,ERR,ERR,ERR,ERR,ERR,ERR,ERR,ERR,ERR,ERR,ERR,ERR,ERR,ERR,ERR,ERR,ERR,ERR,ERR,ERR,ERR,ERR,ERR,ERR,ERR,ERR,ERR,ERR,ERR,ERR,ERR,ERR,ERR,ERR,ERR,ERR,ERR,ERR,ERR,ERR,ERR,50.0,60.0,100,0.0,0.0,0.0,0.0,0.0,0.0,0.0,0.0,0.0,0.0,0.0,0.0,0.0,0.0,0.0,0.0,61.6,65,19,65521,50,65476,0,300,0,0,8,20529,65476,0,0,26214,60.0,0.0,0.0,0.0,0.0,0.0
2026-05-17T16:08:23,ERR,ERR,ERR,ERR,ERR,ERR,ERR,ERR,ERR,ERR,ERR,ERR,ERR,ERR,ERR,ERR,ERR,ERR,ERR,ERR,ERR,ERR,ERR,ERR,ERR,ERR,ERR,ERR,ERR,ERR,ERR,ERR,ERR,ERR,ERR,ERR,ERR,ERR,ERR,ERR,ERR,ERR,ERR,ERR,ERR,ERR,ERR,ERR,ERR,ERR,ERR,ERR,ERR,ERR,ERR,ERR,ERR,ERR,ERR,ERR,ERR,ERR,ERR,ERR,ERR,ERR,ERR,ERR,ERR,ERR,ERR,ERR,ERR,ERR,ERR,ERR,ERR,ERR,ERR,ERR,ERR,ERR,ERR,ERR,ERR,ERR,ERR,ERR,ERR,ERR,ERR,ERR,ERR,ERR,ERR,ERR,ERR,ERR,ERR,ERR,ERR,ERR,ERR,ERR,ERR,ERR,ERR,ERR,ERR,ERR,ERR,ERR,ERR,ERR,ERR,ERR,ERR,ERR,ERR,ERR,ERR,ERR,ERR,ERR,ERR,0.0,-0.0,-0.0,0.0,0.0,1.3936040501711995e+18,7.805,0.0,0,0,4,0,8422,0.0,45,0.0,0.0,0.0,0.0,0.0,0,0,0,0,0.0,0,0,0,0,0,0,0,0,0,0,0,0,0,0,0,0,0,0,0,0,0,0,0,0,0,0,0,0,0,0,0,0,0,38,14,7,45,65476,0,300,0,0,8,21553,0.0,-107605600.0,0.0,0.0,0.0,0.0,0.0,0.0,0.0,0.0,0.0,0.0,0.0,0.0,0.0,0.0,0.0,0.0,0.0,0.0,0.0,0.0,-2.004,-0.0,2.004,-2.004,0.0,0.0,0.0,0.0,4971.0,-1.0406652570629681e+34,0.0,0.0,-0.0,0.0,2.718429120148166e+23,0.0,0.0,0.0,0.0,53,71.63,-0.0,0.0,0.0,0.0,0.0,0.0,0.0,0.0,0,0,0,0.0,0.0,0.0,0.0,0.0,0.0,0.0,0.0,0.0,0.0,0.0,0.0,0.0,0.0,0.0,0.0,0,-107875648.0,53,0.0,106,-107614832.0,0.0,ERR,ERR,ERR,ERR,ERR,ERR,ERR,ERR,ERR,ERR,ERR,ERR,ERR,ERR,ERR,ERR,ERR,ERR,ERR,ERR,ERR,ERR,ERR,ERR,ERR,ERR,ERR,ERR,ERR,ERR,ERR,ERR,ERR,ERR,ERR,ERR,ERR,ERR,ERR,ERR,ERR,ERR,ERR,ERR,ERR,ERR,ERR,ERR,ERR,ERR,ERR,ERR,ERR,ERR,ERR,ERR,ERR,ERR,ERR,ERR,ERR,ERR,ERR,ERR,ERR,ERR,ERR,50.0,60.0,100,0.0,0.0,0.0,0.0,0.0,0.0,0.0,0.0,0.0,0.0,0.0,0.0,0.0,0.0,0.0,0.0,62.0,65,19,65521,50,65476,0,300,0,0,8,20529,65476,0,0,26214,60.0,0.0,0.0,0.0,0.0,0.0
2026-05-17T16:08:24,ERR,ERR,ERR,ERR,ERR,ERR,ERR,ERR,ERR,ERR,ERR,ERR,ERR,ERR,ERR,ERR,ERR,ERR,ERR,ERR,ERR,ERR,ERR,ERR,ERR,ERR,ERR,ERR,ERR,ERR,ERR,ERR,ERR,ERR,ERR,ERR,ERR,ERR,ERR,ERR,ERR,ERR,ERR,ERR,ERR,ERR,ERR,ERR,ERR,ERR,ERR,ERR,ERR,ERR,ERR,ERR,ERR,ERR,ERR,ERR,ERR,ERR,ERR,ERR,ERR,ERR,ERR,ERR,ERR,ERR,ERR,ERR,ERR,ERR,ERR,ERR,ERR,ERR,ERR,ERR,ERR,ERR,ERR,ERR,ERR,ERR,ERR,ERR,ERR,ERR,ERR,ERR,ERR,ERR,ERR,ERR,ERR,ERR,ERR,ERR,ERR,ERR,ERR,ERR,ERR,ERR,ERR,ERR,ERR,ERR,ERR,ERR,ERR,ERR,ERR,ERR,ERR,ERR,ERR,ERR,ERR,ERR,ERR,ERR,ERR,0.0,-0.0,-0.0,0.0,0.0,1.3936040501711995e+18,7.805,0.0,0,0,4,0,8422,0.0,45,0.0,0.0,0.0,0.0,0.0,0,0,0,0,0.0,0,0,0,0,0,0,0,0,0,0,0,0,0,0,0,0,0,0,0,0,0,0,0,0,0,0,0,0,0,0,0,0,0,38,14,7,45,65476,0,300,0,0,8,21553,0.0,-107605600.0,0.0,0.0,0.0,0.0,0.0,0.0,0.0,0.0,0.0,0.0,0.0,0.0,0.0,0.0,0.0,0.0,0.0,0.0,0.0,0.0,-2.004,-0.0,2.004,-2.004,0.0,0.0,0.0,0.0,4971.0,-1.0406652570629681e+34,0.0,0.0,-0.0,0.0,2.718429120148166e+23,0.0,0.0,0.0,0.0,53,71.63,-0.0,0.0,0.0,0.0,0.0,0.0,0.0,0.0,0,0,0,0.0,0.0,0.0,0.0,0.0,0.0,0.0,0.0,0.0,0.0,0.0,0.0,0.0,0.0,0.0,0.0,0,-107875648.0,53,0.0,106,-107614832.0,0.0,ERR,ERR,ERR,ERR,ERR,ERR,ERR,ERR,ERR,ERR,ERR,ERR,ERR,ERR,ERR,ERR,ERR,ERR,ERR,ERR,ERR,ERR,ERR,ERR,ERR,ERR,ERR,ERR,ERR,ERR,ERR,ERR,ERR,ERR,ERR,ERR,ERR,ERR,ERR,ERR,ERR,ERR,ERR,ERR,ERR,ERR,ERR,ERR,ERR,ERR,ERR,ERR,ERR,ERR,ERR,ERR,ERR,ERR,ERR,ERR,ERR,ERR,ERR,ERR,ERR,ERR,ERR,50.0,60.0,100,0.0,0.0,0.0,0.0,0.0,0.0,0.0,0.0,0.0,0.0,0.0,0.0,0.0,0.0,0.0,0.0,62.0,65,19,65521,50,65476,0,300,0,0,8,20529,65476,0,0,26214,60.0,0.0,0.0,0.0,0.0,0.0
2026-05-17T16:08:25,ERR,ERR,ERR,ERR,ERR,ERR,ERR,ERR,ERR,ERR,ERR,ERR,ERR,ERR,ERR,ERR,ERR,ERR,ERR,ERR,ERR,ERR,ERR,ERR,ERR,ERR,ERR,ERR,ERR,ERR,ERR,ERR,ERR,ERR,ERR,ERR,ERR,ERR,ERR,ERR,ERR,ERR,ERR,ERR,ERR,ERR,ERR,ERR,ERR,ERR,ERR,ERR,ERR,ERR,ERR,ERR,ERR,ERR,ERR,ERR,ERR,ERR,ERR,ERR,ERR,ERR,ERR,ERR,ERR,ERR,ERR,ERR,ERR,ERR,ERR,ERR,ERR,ERR,ERR,ERR,ERR,ERR,ERR,ERR,ERR,ERR,ERR,ERR,ERR,ERR,ERR,ERR,ERR,ERR,ERR,ERR,ERR,ERR,ERR,ERR,ERR,ERR,ERR,ERR,ERR,ERR,ERR,ERR,ERR,ERR,ERR,ERR,ERR,ERR,ERR,ERR,ERR,ERR,ERR,ERR,ERR,ERR,ERR,ERR,ERR,0.0,-0.0,-0.0,0.0,0.0,1.3936040501711995e+18,7.805,0.0,0,0,4,0,8422,0.0,45,0.0,0.0,0.0,0.0,0.0,0,0,0,0,0.0,0,0,0,0,0,0,0,0,0,0,0,0,0,0,0,0,0,0,0,0,0,0,0,0,0,0,0,0,0,0,0,0,0,38,14,7,45,65476,0,300,0,0,8,21553,0.0,-107605600.0,0.0,0.0,0.0,0.0,0.0,0.0,0.0,0.0,0.0,0.0,0.0,0.0,0.0,0.0,0.0,0.0,0.0,0.0,0.0,0.0,-2.004,-0.0,2.004,-2.004,0.0,0.0,0.0,0.0,4971.0,-2.4229876163019057e+24,0.0,0.0,-0.0,0.0,2.718429120148166e+23,0.0,0.0,0.0,0.0,53,152018454839296.0,-0.0,0.0,0.0,0.0,0.0,0.0,0.0,0.0,0,0,0,0.0,0.0,0.0,0.0,0.0,0.0,0.0,0.0,0.0,0.0,0.0,0.0,0.0,0.0,0.0,0.0,0,-107875648.0,53,0.0,106,-107614832.0,0.0,ERR,ERR,ERR,ERR,ERR,ERR,ERR,ERR,ERR,ERR,ERR,ERR,ERR,ERR,ERR,ERR,ERR,ERR,ERR,ERR,ERR,ERR,ERR,ERR,ERR,ERR,ERR,ERR,ERR,ERR,ERR,ERR,ERR,ERR,ERR,ERR,ERR,ERR,ERR,ERR,ERR,ERR,ERR,ERR,ERR,ERR,ERR,ERR,ERR,ERR,ERR,ERR,ERR,ERR,ERR,ERR,ERR,ERR,ERR,ERR,ERR,ERR,ERR,ERR,ERR,ERR,ERR,50.0,60.0,100,0.0,0.0,0.0,0.0,0.0,0.0,0.0,0.0,0.0,0.0,0.0,0.0,0.0,0.0,0.0,0.0,62.0,65,19,65521,50,65476,0,300,0,0,8,20529,65476,0,0,26214,60.0,0.0,0.0,0.0,0.0,0.0
2026-05-17T16:08:26,ERR,ERR,ERR,ERR,ERR,ERR,ERR,ERR,ERR,ERR,ERR,ERR,ERR,ERR,ERR,ERR,ERR,ERR,ERR,ERR,ERR,ERR,ERR,ERR,ERR,ERR,ERR,ERR,ERR,ERR,ERR,ERR,ERR,ERR,ERR,ERR,ERR,ERR,ERR,ERR,ERR,ERR,ERR,ERR,ERR,ERR,ERR,ERR,ERR,ERR,ERR,ERR,ERR,ERR,ERR,ERR,ERR,ERR,ERR,ERR,ERR,ERR,ERR,ERR,ERR,ERR,ERR,ERR,ERR,ERR,ERR,ERR,ERR,ERR,ERR,ERR,ERR,ERR,ERR,ERR,ERR,ERR,ERR,ERR,ERR,ERR,ERR,ERR,ERR,ERR,ERR,ERR,ERR,ERR,ERR,ERR,ERR,ERR,ERR,ERR,ERR,ERR,ERR,ERR,ERR,ERR,ERR,ERR,ERR,ERR,ERR,ERR,ERR,ERR,ERR,ERR,ERR,ERR,ERR,ERR,ERR,ERR,ERR,ERR,ERR,0.0,-0.0,-0.0,0.0,0.0,1.3936040501711995e+18,7.805,0.0,0,0,4,0,8422,0.0,45,0.0,0.0,0.0,0.0,0.0,0,0,0,0,0.0,0,0,0,0,0,0,0,0,0,0,0,0,0,0,0,0,0,0,0,0,0,0,0,0,0,0,0,0,0,0,0,0,0,38,14,7,45,65476,0,300,0,0,8,21553,0.0,-107605600.0,0.0,0.0,0.0,0.0,0.0,0.0,0.0,0.0,0.0,0.0,0.0,0.0,0.0,0.0,0.0,0.0,0.0,0.0,0.0,0.0,-2.004,-0.0,2.004,-2.004,0.0,0.0,0.0,0.0,4971.0,-2.4229876163019057e+24,0.0,0.0,-0.0,0.0,2.718429120148166e+23,0.0,0.0,0.0,0.0,53,152018454839296.0,-0.0,0.0,0.0,0.0,0.0,0.0,0.0,0.0,0,0,0,0.0,0.0,0.0,0.0,0.0,0.0,0.0,0.0,0.0,0.0,0.0,0.0,0.0,0.0,0.0,0.0,0,-107875648.0,53,0.0,106,-107614832.0,0.0,ERR,ERR,ERR,ERR,ERR,ERR,ERR,ERR,ERR,ERR,ERR,ERR,ERR,ERR,ERR,ERR,ERR,ERR,ERR,ERR,ERR,ERR,ERR,ERR,ERR,ERR,ERR,ERR,ERR,ERR,ERR,ERR,ERR,ERR,ERR,ERR,ERR,ERR,ERR,ERR,ERR,ERR,ERR,ERR,ERR,ERR,ERR,ERR,ERR,ERR,ERR,ERR,ERR,ERR,ERR,ERR,ERR,ERR,ERR,ERR,ERR,ERR,ERR,ERR,ERR,ERR,ERR,50.0,60.0,100,0.0,0.0,0.0,0.0,0.0,0.0,0.0,0.0,0.0,0.0,0.0,0.0,0.0,0.0,0.0,0.0,61.6,65,19,65521,50,65476,0,300,0,0,8,20529,65476,0,0,26214,60.0,0.0,0.0,0.0,0.0,0.0
2026-05-17T16:08:27,ERR,ERR,ERR,ERR,ERR,ERR,ERR,ERR,ERR,ERR,ERR,ERR,ERR,ERR,ERR,ERR,ERR,ERR,ERR,ERR,ERR,ERR,ERR,ERR,ERR,ERR,ERR,ERR,ERR,ERR,ERR,ERR,ERR,ERR,ERR,ERR,ERR,ERR,ERR,ERR,ERR,ERR,ERR,ERR,ERR,ERR,ERR,ERR,ERR,ERR,ERR,ERR,ERR,ERR,ERR,ERR,ERR,ERR,ERR,ERR,ERR,ERR,ERR,ERR,ERR,ERR,ERR,ERR,ERR,ERR,ERR,ERR,ERR,ERR,ERR,ERR,ERR,ERR,ERR,ERR,ERR,ERR,ERR,ERR,ERR,ERR,ERR,ERR,ERR,ERR,ERR,ERR,ERR,ERR,ERR,ERR,ERR,ERR,ERR,ERR,ERR,ERR,ERR,ERR,ERR,ERR,ERR,ERR,ERR,ERR,ERR,ERR,ERR,ERR,ERR,ERR,ERR,ERR,ERR,ERR,ERR,ERR,ERR,ERR,ERR,0.0,-0.0,-0.0,0.0,0.0,1.3936040501711995e+18,7.805,0.0,0,0,4,0,8422,0.0,45,0.0,0.0,0.0,0.0,0.0,0,0,0,0,0.0,0,0,0,0,0,0,0,0,0,0,0,0,0,0,0,0,0,0,0,0,0,0,0,0,0,0,0,0,0,0,0,0,0,38,14,7,45,65476,0,300,0,0,8,21553,0.0,-107605600.0,0.0,0.0,0.0,0.0,0.0,0.0,0.0,0.0,0.0,0.0,0.0,0.0,0.0,0.0,0.0,0.0,0.0,0.0,0.0,0.0,-2.004,-0.0,2.004,-2.004,0.0,0.0,0.0,0.0,4971.0,-2.4229876163019057e+24,0.0,0.0,-0.0,0.0,2.718429120148166e+23,0.0,0.0,0.0,0.0,53,152018454839296.0,-0.0,0.0,0.0,0.0,0.0,0.0,0.0,0.0,0,0,0,0.0,0.0,0.0,0.0,0.0,0.0,0.0,0.0,0.0,0.0,0.0,0.0,0.0,0.0,0.0,0.0,0,-107875648.0,53,0.0,106,-107614832.0,0.0,ERR,ERR,ERR,ERR,ERR,ERR,ERR,ERR,ERR,ERR,ERR,ERR,ERR,ERR,ERR,ERR,ERR,ERR,ERR,ERR,ERR,ERR,ERR,ERR,ERR,ERR,ERR,ERR,ERR,ERR,ERR,ERR,ERR,ERR,ERR,ERR,ERR,ERR,ERR,ERR,ERR,ERR,ERR,ERR,ERR,ERR,ERR,ERR,ERR,ERR,ERR,ERR,ERR,ERR,ERR,ERR,ERR,ERR,ERR,ERR,ERR,ERR,ERR,ERR,ERR,ERR,ERR,50.0,60.0,100,0.0,0.0,0.0,0.0,0.0,0.0,0.0,0.0,0.0,0.0,0.0,0.0,0.0,0.0,0.0,0.0,61.6,65,19,65521,50,65476,0,300,0,0,8,20529,65476,0,0,26214,60.0,0.0,0.0,0.0,0.0,0.0
2026-05-17T16:08:28,ERR,ERR,ERR,ERR,ERR,ERR,ERR,ERR,ERR,ERR,ERR,ERR,ERR,ERR,ERR,ERR,ERR,ERR,ERR,ERR,ERR,ERR,ERR,ERR,ERR,ERR,ERR,ERR,ERR,ERR,ERR,ERR,ERR,ERR,ERR,ERR,ERR,ERR,ERR,ERR,ERR,ERR,ERR,ERR,ERR,ERR,ERR,ERR,ERR,ERR,ERR,ERR,ERR,ERR,ERR,ERR,ERR,ERR,ERR,ERR,ERR,ERR,ERR,ERR,ERR,ERR,ERR,ERR,ERR,ERR,ERR,ERR,ERR,ERR,ERR,ERR,ERR,ERR,ERR,ERR,ERR,ERR,ERR,ERR,ERR,ERR,ERR,ERR,ERR,ERR,ERR,ERR,ERR,ERR,ERR,ERR,ERR,ERR,ERR,ERR,ERR,ERR,ERR,ERR,ERR,ERR,ERR,ERR,ERR,ERR,ERR,ERR,ERR,ERR,ERR,ERR,ERR,ERR,ERR,ERR,ERR,ERR,ERR,ERR,ERR,0.0,-0.0,-0.0,0.0,0.0,1.3936040501711995e+18,7.805,0.0,0,0,4,0,8422,0.0,45,0.0,0.0,0.0,0.0,0.0,0,0,0,0,0.0,0,0,0,0,0,0,0,0,0,0,0,0,0,0,0,0,0,0,0,0,0,0,0,0,0,0,0,0,0,0,0,0,0,38,14,7,45,65476,0,300,0,0,8,21553,0.0,-107605600.0,0.0,0.0,0.0,0.0,0.0,0.0,0.0,0.0,0.0,0.0,0.0,0.0,0.0,0.0,0.0,0.0,0.0,0.0,0.0,0.0,-2.004,-0.0,2.004,-2.004,0.0,0.0,0.0,0.0,4971.0,-2.4229876163019057e+24,0.0,0.0,-0.0,0.0,2.718429120148166e+23,0.0,0.0,0.0,0.0,53,152018454839296.0,-0.0,0.0,0.0,0.0,0.0,0.0,0.0,0.0,0,0,0,0.0,0.0,0.0,0.0,0.0,0.0,0.0,0.0,0.0,0.0,0.0,0.0,0.0,0.0,0.0,0.0,0,-107875648.0,53,0.0,106,-107614832.0,0.0,ERR,ERR,ERR,ERR,ERR,ERR,ERR,ERR,ERR,ERR,ERR,ERR,ERR,ERR,ERR,ERR,ERR,ERR,ERR,ERR,ERR,ERR,ERR,ERR,ERR,ERR,ERR,ERR,ERR,ERR,ERR,ERR,ERR,ERR,ERR,ERR,ERR,ERR,ERR,ERR,ERR,ERR,ERR,ERR,ERR,ERR,ERR,ERR,ERR,ERR,ERR,ERR,ERR,ERR,ERR,ERR,ERR,ERR,ERR,ERR,ERR,ERR,ERR,ERR,ERR,ERR,ERR,50.0,60.0,100,0.0,0.0,0.0,0.0,0.0,0.0,0.0,0.0,0.0,0.0,0.0,0.0,0.0,0.0,0.0,0.0,61.6,65,19,65521,50,65476,0,300,0,0,8,20529,65476,0,0,26214,60.0,0.0,0.0,0.0,0.0,0.0
2026-05-17T16:08:29,ERR,ERR,ERR,ERR,ERR,ERR,ERR,ERR,ERR,ERR,ERR,ERR,ERR,ERR,ERR,ERR,ERR,ERR,ERR,ERR,ERR,ERR,ERR,ERR,ERR,ERR,ERR,ERR,ERR,ERR,ERR,ERR,ERR,ERR,ERR,ERR,ERR,ERR,ERR,ERR,ERR,ERR,ERR,ERR,ERR,ERR,ERR,ERR,ERR,ERR,ERR,ERR,ERR,ERR,ERR,ERR,ERR,ERR,ERR,ERR,ERR,ERR,ERR,ERR,ERR,ERR,ERR,ERR,ERR,ERR,ERR,ERR,ERR,ERR,ERR,ERR,ERR,ERR,ERR,ERR,ERR,ERR,ERR,ERR,ERR,ERR,ERR,ERR,ERR,ERR,ERR,ERR,ERR,ERR,ERR,ERR,ERR,ERR,ERR,ERR,ERR,ERR,ERR,ERR,ERR,ERR,ERR,ERR,ERR,ERR,ERR,ERR,ERR,ERR,ERR,ERR,ERR,ERR,ERR,ERR,ERR,ERR,ERR,ERR,ERR,0.0,-0.0,-0.0,0.0,0.0,1.3936040501711995e+18,7.805,0.0,0,0,4,0,8422,0.0,45,0.0,0.0,0.0,0.0,0.0,0,0,0,0,0.0,0,0,0,0,0,0,0,0,0,0,0,0,0,0,0,0,0,0,0,0,0,0,0,0,0,0,0,0,0,0,0,0,0,38,14,7,45,65476,0,300,0,0,8,21553,0.0,-107605600.0,0.0,0.0,0.0,0.0,0.0,0.0,0.0,0.0,0.0,0.0,0.0,0.0,0.0,0.0,0.0,0.0,0.0,0.0,0.0,0.0,-2.004,-0.0,2.004,-2.004,0.0,0.0,0.0,0.0,4971.0,-2.4229876163019057e+24,0.0,0.0,-0.0,0.0,2.718429120148166e+23,0.0,0.0,0.0,0.0,53,152018454839296.0,-0.0,0.0,0.0,0.0,0.0,0.0,0.0,0.0,0,0,0,0.0,0.0,0.0,0.0,0.0,0.0,0.0,0.0,0.0,0.0,0.0,0.0,0.0,0.0,0.0,0.0,0,-107875648.0,53,0.0,106,-107614832.0,0.0,ERR,ERR,ERR,ERR,ERR,ERR,ERR,ERR,ERR,ERR,ERR,ERR,ERR,ERR,ERR,ERR,ERR,ERR,ERR,ERR,ERR,ERR,ERR,ERR,ERR,ERR,ERR,ERR,ERR,ERR,ERR,ERR,ERR,ERR,ERR,ERR,ERR,ERR,ERR,ERR,ERR,ERR,ERR,ERR,ERR,ERR,ERR,ERR,ERR,ERR,ERR,ERR,ERR,ERR,ERR,ERR,ERR,ERR,ERR,ERR,ERR,ERR,ERR,ERR,ERR,ERR,ERR,50.0,60.0,100,0.0,0.0,0.0,0.0,0.0,0.0,0.0,0.0,0.0,0.0,0.0,0.0,0.0,0.0,0.0,0.0,61.6,65,19,65521,50,65476,0,300,0,0,8,20529,65476,0,0,26214,60.0,0.0,0.0,0.0,0.0,0.0
2026-05-17T16:08:30,ERR,ERR,ERR,ERR,ERR,ERR,ERR,ERR,ERR,ERR,ERR,ERR,ERR,ERR,ERR,ERR,ERR,ERR,ERR,ERR,ERR,ERR,ERR,ERR,ERR,ERR,ERR,ERR,ERR,ERR,ERR,ERR,ERR,ERR,ERR,ERR,ERR,ERR,ERR,ERR,ERR,ERR,ERR,ERR,ERR,ERR,ERR,ERR,ERR,ERR,ERR,ERR,ERR,ERR,ERR,ERR,ERR,ERR,ERR,ERR,ERR,ERR,ERR,ERR,ERR,ERR,ERR,ERR,ERR,ERR,ERR,ERR,ERR,ERR,ERR,ERR,ERR,ERR,ERR,ERR,ERR,ERR,ERR,ERR,ERR,ERR,ERR,ERR,ERR,ERR,ERR,ERR,ERR,ERR,ERR,ERR,ERR,ERR,ERR,ERR,ERR,ERR,ERR,ERR,ERR,ERR,ERR,ERR,ERR,ERR,ERR,ERR,ERR,ERR,ERR,ERR,ERR,ERR,ERR,ERR,ERR,ERR,ERR,ERR,ERR,0.0,-0.0,-0.0,0.0,0.0,1.3936040501711995e+18,7.805,0.0,0,0,4,0,8422,0.0,45,0.0,0.0,0.0,0.0,0.0,0,0,0,0,0.0,0,0,0,0,0,0,0,0,0,0,0,0,0,0,0,0,0,0,0,0,0,0,0,0,0,0,0,0,0,0,0,0,0,38,14,7,45,65476,0,300,0,0,8,21553,0.0,-107605600.0,0.0,0.0,0.0,0.0,0.0,0.0,0.0,0.0,0.0,0.0,0.0,0.0,0.0,0.0,0.0,0.0,0.0,0.0,0.0,0.0,-2.004,-0.0,-0.0,-2.004,0.0,0.0,0.0,0.0,4973.0,-0.0,0.0,0.0,-0.0,-107615272.0,2.718429120148166e+23,0.0,0.0,0.0,0.0,53,2.7184300208680915e+23,0.0,0.0,0.0,0.0,0.0,0.0,0.0,0.0,0,0,0,0.0,0.0,0.0,0.0,0.0,0.0,0.0,0.0,0.0,0.0,0.0,0.0,0.0,0.0,0.0,0.0,0,-107875648.0,53,0.0,106,-107614832.0,0.0,ERR,ERR,ERR,ERR,ERR,ERR,ERR,ERR,ERR,ERR,ERR,ERR,ERR,ERR,ERR,ERR,ERR,ERR,ERR,ERR,ERR,ERR,ERR,ERR,ERR,ERR,ERR,ERR,ERR,ERR,ERR,ERR,ERR,ERR,ERR,ERR,ERR,ERR,ERR,ERR,ERR,ERR,ERR,ERR,ERR,ERR,ERR,ERR,ERR,ERR,ERR,ERR,ERR,ERR,ERR,ERR,ERR,ERR,ERR,ERR,ERR,ERR,ERR,ERR,ERR,ERR,ERR,50.0,60.0,100,0.0,0.0,0.0,0.0,0.0,0.0,0.0,0.0,0.0,0.0,0.0,0.0,0.0,0.0,0.0,0.0,61.6,65,19,65521,50,65476,0,300,0,0,8,20529,65476,0,0,26214,60.0,0.0,0.0,0.0,0.0,0.0
2026-05-17T16:08:31,ERR,ERR,ERR,ERR,ERR,ERR,ERR,ERR,ERR,ERR,ERR,ERR,ERR,ERR,ERR,ERR,ERR,ERR,ERR,ERR,ERR,ERR,ERR,ERR,ERR,ERR,ERR,ERR,ERR,ERR,ERR,ERR,ERR,ERR,ERR,ERR,ERR,ERR,ERR,ERR,ERR,ERR,ERR,ERR,ERR,ERR,ERR,ERR,ERR,ERR,ERR,ERR,ERR,ERR,ERR,ERR,ERR,ERR,ERR,ERR,ERR,ERR,ERR,ERR,ERR,ERR,ERR,ERR,ERR,ERR,ERR,ERR,ERR,ERR,ERR,ERR,ERR,ERR,ERR,ERR,ERR,ERR,ERR,ERR,ERR,ERR,ERR,ERR,ERR,ERR,ERR,ERR,ERR,ERR,ERR,ERR,ERR,ERR,ERR,ERR,ERR,ERR,ERR,ERR,ERR,ERR,ERR,ERR,ERR,ERR,ERR,ERR,ERR,ERR,ERR,ERR,ERR,ERR,ERR,ERR,ERR,ERR,ERR,ERR,ERR,0.0,-0.0,-0.0,0.0,0.0,1.3936040501711995e+18,7.805,0.0,0,0,4,0,8422,0.0,45,0.0,0.0,0.0,0.0,0.0,0,0,0,0,0.0,0,0,0,0,0,0,0,0,0,0,0,0,0,0,0,0,0,0,0,0,0,0,0,0,0,0,0,0,0,0,0,0,0,38,14,7,45,65476,0,300,0,0,8,21553,0.0,-107605600.0,0.0,0.0,0.0,0.0,0.0,0.0,0.0,0.0,0.0,0.0,0.0,0.0,0.0,0.0,0.0,0.0,0.0,0.0,0.0,0.0,-2.004,-0.0,-0.0,-2.004,0.0,0.0,0.0,0.0,4973.0,-0.0,0.0,0.0,-0.0,-107615272.0,2.718429120148166e+23,0.0,0.0,0.0,0.0,53,2.7184300208680915e+23,0.0,0.0,0.0,0.0,0.0,0.0,0.0,0.0,0,0,0,0.0,0.0,0.0,0.0,0.0,0.0,0.0,0.0,0.0,0.0,0.0,0.0,0.0,0.0,0.0,0.0,0,-107875648.0,53,0.0,106,-107614832.0,0.0,ERR,ERR,ERR,ERR,ERR,ERR,ERR,ERR,ERR,ERR,ERR,ERR,ERR,ERR,ERR,ERR,ERR,ERR,ERR,ERR,ERR,ERR,ERR,ERR,ERR,ERR,ERR,ERR,ERR,ERR,ERR,ERR,ERR,ERR,ERR,ERR,ERR,ERR,ERR,ERR,ERR,ERR,ERR,ERR,ERR,ERR,ERR,ERR,ERR,ERR,ERR,ERR,ERR,ERR,ERR,ERR,ERR,ERR,ERR,ERR,ERR,ERR,ERR,ERR,ERR,ERR,ERR,50.0,60.0,100,0.0,0.0,0.0,0.0,0.0,0.0,0.0,0.0,0.0,0.0,0.0,0.0,0.0,0.0,0.0,0.0,61.6,65,19,65521,50,65476,0,300,0,0,8,20529,65476,0,0,26214,60.0,0.0,0.0,0.0,0.0,0.0
2026-05-17T16:08:32,ERR,ERR,ERR,ERR,ERR,ERR,ERR,ERR,ERR,ERR,ERR,ERR,ERR,ERR,ERR,ERR,ERR,ERR,ERR,ERR,ERR,ERR,ERR,ERR,ERR,ERR,ERR,ERR,ERR,ERR,ERR,ERR,ERR,ERR,ERR,ERR,ERR,ERR,ERR,ERR,ERR,ERR,ERR,ERR,ERR,ERR,ERR,ERR,ERR,ERR,ERR,ERR,ERR,ERR,ERR,ERR,ERR,ERR,ERR,ERR,ERR,ERR,ERR,ERR,ERR,ERR,ERR,ERR,ERR,ERR,ERR,ERR,ERR,ERR,ERR,ERR,ERR,ERR,ERR,ERR,ERR,ERR,ERR,ERR,ERR,ERR,ERR,ERR,ERR,ERR,ERR,ERR,ERR,ERR,ERR,ERR,ERR,ERR,ERR,ERR,ERR,ERR,ERR,ERR,ERR,ERR,ERR,ERR,ERR,ERR,ERR,ERR,ERR,ERR,ERR,ERR,ERR,ERR,ERR,ERR,ERR,ERR,ERR,ERR,ERR,0.0,-0.0,-0.0,0.0,0.0,1.3936040501711995e+18,7.805,0.0,0,0,4,0,8422,0.0,45,0.0,0.0,0.0,0.0,0.0,0,0,0,0,0.0,0,0,0,0,0,0,0,0,0,0,0,0,0,0,0,0,0,0,0,0,0,0,0,0,0,0,0,0,0,0,0,0,0,38,14,7,45,65476,0,300,0,0,8,21553,0.0,-107605600.0,0.0,0.0,0.0,0.0,0.0,0.0,0.0,0.0,0.0,0.0,0.0,0.0,0.0,0.0,0.0,0.0,0.0,0.0,0.0,0.0,-2.004,-0.0,-0.0,-2.004,0.0,0.0,0.0,0.0,4973.0,-0.0,0.0,0.0,-0.0,-107615272.0,2.718429120148166e+23,0.0,0.0,0.0,0.0,53,2.7184300208680915e+23,0.0,0.0,0.0,0.0,0.0,0.0,0.0,0.0,0,0,0,0.0,0.0,0.0,0.0,0.0,0.0,0.0,0.0,0.0,0.0,0.0,0.0,0.0,0.0,0.0,0.0,0,-107875648.0,53,0.0,106,-107614832.0,0.0,ERR,ERR,ERR,ERR,ERR,ERR,ERR,ERR,ERR,ERR,ERR,ERR,ERR,ERR,ERR,ERR,ERR,ERR,ERR,ERR,ERR,ERR,ERR,ERR,ERR,ERR,ERR,ERR,ERR,ERR,ERR,ERR,ERR,ERR,ERR,ERR,ERR,ERR,ERR,ERR,ERR,ERR,ERR,ERR,ERR,ERR,ERR,ERR,ERR,ERR,ERR,ERR,ERR,ERR,ERR,ERR,ERR,ERR,ERR,ERR,ERR,ERR,ERR,ERR,ERR,ERR,ERR,50.0,60.0,100,0.0,0.0,0.0,0.0,0.0,0.0,0.0,0.0,0.0,0.0,0.0,0.0,0.0,0.0,0.0,0.0,61.6,65,19,65521,50,65476,0,300,0,0,8,20529,65476,0,0,26214,60.0,0.0,0.0,0.0,0.0,0.0
2026-05-17T16:08:33,ERR,ERR,ERR,ERR,ERR,ERR,ERR,ERR,ERR,ERR,ERR,ERR,ERR,ERR,ERR,ERR,ERR,ERR,ERR,ERR,ERR,ERR,ERR,ERR,ERR,ERR,ERR,ERR,ERR,ERR,ERR,ERR,ERR,ERR,ERR,ERR,ERR,ERR,ERR,ERR,ERR,ERR,ERR,ERR,ERR,ERR,ERR,ERR,ERR,ERR,ERR,ERR,ERR,ERR,ERR,ERR,ERR,ERR,ERR,ERR,ERR,ERR,ERR,ERR,ERR,ERR,ERR,ERR,ERR,ERR,ERR,ERR,ERR,ERR,ERR,ERR,ERR,ERR,ERR,ERR,ERR,ERR,ERR,ERR,ERR,ERR,ERR,ERR,ERR,ERR,ERR,ERR,ERR,ERR,ERR,ERR,ERR,ERR,ERR,ERR,ERR,ERR,ERR,ERR,ERR,ERR,ERR,ERR,ERR,ERR,ERR,ERR,ERR,ERR,ERR,ERR,ERR,ERR,ERR,ERR,ERR,ERR,ERR,ERR,ERR,0.0,-0.0,-0.0,0.0,0.0,1.3936040501711995e+18,7.805,0.0,0,0,4,0,8422,0.0,45,0.0,0.0,0.0,0.0,0.0,0,0,0,0,0.0,0,0,0,0,0,0,0,0,0,0,0,0,0,0,0,0,0,0,0,0,0,0,0,0,0,0,0,0,0,0,0,0,0,38,14,7,45,65476,0,300,0,0,8,21553,0.0,-107605600.0,0.0,0.0,0.0,0.0,0.0,0.0,0.0,0.0,0.0,0.0,0.0,0.0,0.0,0.0,0.0,0.0,0.0,0.0,0.0,0.0,-2.004,-0.0,-0.0,-2.004,0.0,0.0,0.0,0.0,4973.0,-0.0,0.0,0.0,-0.0,-107615272.0,2.718429120148166e+23,0.0,0.0,0.0,0.0,53,2.7184300208680915e+23,0.0,0.0,0.0,0.0,0.0,0.0,0.0,0.0,0,0,0,0.0,0.0,0.0,0.0,0.0,0.0,0.0,0.0,0.0,0.0,0.0,0.0,0.0,0.0,0.0,0.0,0,-107875648.0,53,0.0,106,-107614832.0,0.0,ERR,ERR,ERR,ERR,ERR,ERR,ERR,ERR,ERR,ERR,ERR,ERR,ERR,ERR,ERR,ERR,ERR,ERR,ERR,ERR,ERR,ERR,ERR,ERR,ERR,ERR,ERR,ERR,ERR,ERR,ERR,ERR,ERR,ERR,ERR,ERR,ERR,ERR,ERR,ERR,ERR,ERR,ERR,ERR,ERR,ERR,ERR,ERR,ERR,ERR,ERR,ERR,ERR,ERR,ERR,ERR,ERR,ERR,ERR,ERR,ERR,ERR,ERR,ERR,ERR,ERR,ERR,50.0,60.0,100,0.0,0.0,0.0,0.0,0.0,0.0,0.0,0.0,0.0,0.0,0.0,0.0,0.0,0.0,0.0,0.0,61.6,65,19,65521,50,65476,0,300,0,0,8,20529,65476,0,0,26214,60.0,0.0,0.0,0.0,0.0,0.0
2026-05-17T16:08:34,ERR,ERR,ERR,ERR,ERR,ERR,ERR,ERR,ERR,ERR,ERR,ERR,ERR,ERR,ERR,ERR,ERR,ERR,ERR,ERR,ERR,ERR,ERR,ERR,ERR,ERR,ERR,ERR,ERR,ERR,ERR,ERR,ERR,ERR,ERR,ERR,ERR,ERR,ERR,ERR,ERR,ERR,ERR,ERR,ERR,ERR,ERR,ERR,ERR,ERR,ERR,ERR,ERR,ERR,ERR,ERR,ERR,ERR,ERR,ERR,ERR,ERR,ERR,ERR,ERR,ERR,ERR,ERR,ERR,ERR,ERR,ERR,ERR,ERR,ERR,ERR,ERR,ERR,ERR,ERR,ERR,ERR,ERR,ERR,ERR,ERR,ERR,ERR,ERR,ERR,ERR,ERR,ERR,ERR,ERR,ERR,ERR,ERR,ERR,ERR,ERR,ERR,ERR,ERR,ERR,ERR,ERR,ERR,ERR,ERR,ERR,ERR,ERR,ERR,ERR,ERR,ERR,ERR,ERR,ERR,ERR,ERR,ERR,ERR,ERR,0.0,-0.0,-0.0,0.0,0.0,1.3936040501711995e+18,7.805,0.0,0,0,4,0,8422,0.0,45,0.0,0.0,0.0,0.0,0.0,0,0,0,0,0.0,0,0,0,0,0,0,0,0,0,0,0,0,0,0,0,0,0,0,0,0,0,0,0,0,0,0,0,0,0,0,0,0,0,38,14,7,45,65476,0,300,0,0,8,21553,0.0,-107605600.0,0.0,0.0,0.0,0.0,0.0,0.0,0.0,0.0,0.0,0.0,0.0,0.0,0.0,0.0,0.0,0.0,0.0,0.0,0.0,0.0,-2.004,-0.0,-0.0,-2.004,0.0,0.0,0.0,0.0,4973.0,-0.0,0.0,0.0,-0.0,-107615272.0,2.718429120148166e+23,0.0,0.0,0.0,0.0,53,2.7184300208680915e+23,0.0,0.0,0.0,0.0,0.0,0.0,0.0,0.0,0,0,0,0.0,0.0,0.0,0.0,0.0,0.0,0.0,0.0,0.0,0.0,0.0,0.0,0.0,0.0,0.0,0.0,0,-107875648.0,53,0.0,106,-107614832.0,0.0,ERR,ERR,ERR,ERR,ERR,ERR,ERR,ERR,ERR,ERR,ERR,ERR,ERR,ERR,ERR,ERR,ERR,ERR,ERR,ERR,ERR,ERR,ERR,ERR,ERR,ERR,ERR,ERR,ERR,ERR,ERR,ERR,ERR,ERR,ERR,ERR,ERR,ERR,ERR,ERR,ERR,ERR,ERR,ERR,ERR,ERR,ERR,ERR,ERR,ERR,ERR,ERR,ERR,ERR,ERR,ERR,ERR,ERR,ERR,ERR,ERR,ERR,ERR,ERR,ERR,ERR,ERR,50.0,60.0,100,0.0,0.0,0.0,0.0,0.0,0.0,0.0,0.0,0.0,0.0,0.0,0.0,0.0,0.0,0.0,0.0,61.6,65,19,65521,50,65476,0,300,0,0,8,20529,65476,0,0,26214,60.0,0.0,0.0,0.0,0.0,0.0
2026-05-17T16:08:35,ERR,ERR,ERR,ERR,ERR,ERR,ERR,ERR,ERR,ERR,ERR,ERR,ERR,ERR,ERR,ERR,ERR,ERR,ERR,ERR,ERR,ERR,ERR,ERR,ERR,ERR,ERR,ERR,ERR,ERR,ERR,ERR,ERR,ERR,ERR,ERR,ERR,ERR,ERR,ERR,ERR,ERR,ERR,ERR,ERR,ERR,ERR,ERR,ERR,ERR,ERR,ERR,ERR,ERR,ERR,ERR,ERR,ERR,ERR,ERR,ERR,ERR,ERR,ERR,ERR,ERR,ERR,ERR,ERR,ERR,ERR,ERR,ERR,ERR,ERR,ERR,ERR,ERR,ERR,ERR,ERR,ERR,ERR,ERR,ERR,ERR,ERR,ERR,ERR,ERR,ERR,ERR,ERR,ERR,ERR,ERR,ERR,ERR,ERR,ERR,ERR,ERR,ERR,ERR,ERR,ERR,ERR,ERR,ERR,ERR,ERR,ERR,ERR,ERR,ERR,ERR,ERR,ERR,ERR,ERR,ERR,ERR,ERR,ERR,ERR,0.0,-0.0,-0.0,0.0,0.0,1.3936040501711995e+18,7.805,0.0,0,0,4,0,8422,0.0,45,0.0,0.0,0.0,0.0,0.0,0,0,0,0,0.0,0,0,0,0,0,0,0,0,0,0,0,0,0,0,0,0,0,0,0,0,0,0,0,0,0,0,0,0,0,0,0,0,0,38,14,7,45,65476,0,300,0,0,8,21553,0.0,-107605600.0,0.0,0.0,0.0,0.0,0.0,0.0,0.0,0.0,0.0,0.0,0.0,0.0,0.0,0.0,0.0,0.0,0.0,0.0,0.0,0.0,-2.004,-0.0,2.004,-2.004,0.0,0.0,0.0,0.0,4973.0,0.0,0.0,0.0,-0.0,-107615272.0,2.718429120148166e+23,0.0,0.0,0.0,0.0,53,126841110528.0,2.7184170505011647e+23,0.0,0.0,0.0,0.0,0.0,0.0,0.0,0,0,0,0.0,0.0,0.0,0.0,0.0,0.0,0.0,0.0,0.0,0.0,0.0,0.0,0.0,0.0,0.0,0.0,0,-107875648.0,53,0.0,106,-107614832.0,0.0,ERR,ERR,ERR,ERR,ERR,ERR,ERR,ERR,ERR,ERR,ERR,ERR,ERR,ERR,ERR,ERR,ERR,ERR,ERR,ERR,ERR,ERR,ERR,ERR,ERR,ERR,ERR,ERR,ERR,ERR,ERR,ERR,ERR,ERR,ERR,ERR,ERR,ERR,ERR,ERR,ERR,ERR,ERR,ERR,ERR,ERR,ERR,ERR,ERR,ERR,ERR,ERR,ERR,ERR,ERR,ERR,ERR,ERR,ERR,ERR,ERR,ERR,ERR,ERR,ERR,ERR,ERR,50.0,60.0,100,0.0,0.0,0.0,0.0,0.0,0.0,0.0,0.0,0.0,0.0,0.0,0.0,0.0,0.0,0.0,0.0,61.6,65,19,65521,50,65476,0,300,0,0,8,20529,65476,0,0,26214,60.0,0.0,0.0,0.0,0.0,0.0
2026-05-17T16:08:36,ERR,ERR,ERR,ERR,ERR,ERR,ERR,ERR,ERR,ERR,ERR,ERR,ERR,ERR,ERR,ERR,ERR,ERR,ERR,ERR,ERR,ERR,ERR,ERR,ERR,ERR,ERR,ERR,ERR,ERR,ERR,ERR,ERR,ERR,ERR,ERR,ERR,ERR,ERR,ERR,ERR,ERR,ERR,ERR,ERR,ERR,ERR,ERR,ERR,ERR,ERR,ERR,ERR,ERR,ERR,ERR,ERR,ERR,ERR,ERR,ERR,ERR,ERR,ERR,ERR,ERR,ERR,ERR,ERR,ERR,ERR,ERR,ERR,ERR,ERR,ERR,ERR,ERR,ERR,ERR,ERR,ERR,ERR,ERR,ERR,ERR,ERR,ERR,ERR,ERR,ERR,ERR,ERR,ERR,ERR,ERR,ERR,ERR,ERR,ERR,ERR,ERR,ERR,ERR,ERR,ERR,ERR,ERR,ERR,ERR,ERR,ERR,ERR,ERR,ERR,ERR,ERR,ERR,ERR,ERR,ERR,ERR,ERR,ERR,ERR,0.0,-0.0,-0.0,0.0,0.0,1.3936040501711995e+18,7.805,0.0,0,0,4,0,8422,0.0,45,0.0,0.0,0.0,0.0,0.0,0,0,0,0,0.0,0,0,0,0,0,0,0,0,0,0,0,0,0,0,0,0,0,0,0,0,0,0,0,0,0,0,0,0,0,0,0,0,0,38,14,7,45,65476,0,300,0,0,8,21553,0.0,-107605600.0,0.0,0.0,0.0,0.0,0.0,0.0,0.0,0.0,0.0,0.0,0.0,0.0,0.0,0.0,0.0,0.0,0.0,0.0,0.0,0.0,-2.004,-0.0,2.004,-2.004,0.0,0.0,0.0,0.0,4973.0,0.0,0.0,0.0,-0.0,-107615272.0,2.718429120148166e+23,0.0,0.0,0.0,0.0,53,126841110528.0,2.7184170505011647e+23,0.0,0.0,0.0,0.0,0.0,0.0,0.0,0,0,0,0.0,0.0,0.0,0.0,0.0,0.0,0.0,0.0,0.0,0.0,0.0,0.0,0.0,0.0,0.0,0.0,0,-107875648.0,53,0.0,106,-107614832.0,0.0,ERR,ERR,ERR,ERR,ERR,ERR,ERR,ERR,ERR,ERR,ERR,ERR,ERR,ERR,ERR,ERR,ERR,ERR,ERR,ERR,ERR,ERR,ERR,ERR,ERR,ERR,ERR,ERR,ERR,ERR,ERR,ERR,ERR,ERR,ERR,ERR,ERR,ERR,ERR,ERR,ERR,ERR,ERR,ERR,ERR,ERR,ERR,ERR,ERR,ERR,ERR,ERR,ERR,ERR,ERR,ERR,ERR,ERR,ERR,ERR,ERR,ERR,ERR,ERR,ERR,ERR,ERR,50.0,60.0,100,0.0,0.0,0.0,0.0,0.0,0.0,0.0,0.0,0.0,0.0,0.0,0.0,0.0,0.0,0.0,0.0,61.6,65,19,65521,50,65476,0,300,0,0,8,20529,65476,0,0,26214,60.0,0.0,0.0,0.0,0.0,0.0
2026-05-17T16:08:37,ERR,ERR,ERR,ERR,ERR,ERR,ERR,ERR,ERR,ERR,ERR,ERR,ERR,ERR,ERR,ERR,ERR,ERR,ERR,ERR,ERR,ERR,ERR,ERR,ERR,ERR,ERR,ERR,ERR,ERR,ERR,ERR,ERR,ERR,ERR,ERR,ERR,ERR,ERR,ERR,ERR,ERR,ERR,ERR,ERR,ERR,ERR,ERR,ERR,ERR,ERR,ERR,ERR,ERR,ERR,ERR,ERR,ERR,ERR,ERR,ERR,ERR,ERR,ERR,ERR,ERR,ERR,ERR,ERR,ERR,ERR,ERR,ERR,ERR,ERR,ERR,ERR,ERR,ERR,ERR,ERR,ERR,ERR,ERR,ERR,ERR,ERR,ERR,ERR,ERR,ERR,ERR,ERR,ERR,ERR,ERR,ERR,ERR,ERR,ERR,ERR,ERR,ERR,ERR,ERR,ERR,ERR,ERR,ERR,ERR,ERR,ERR,ERR,ERR,ERR,ERR,ERR,ERR,ERR,ERR,ERR,ERR,ERR,ERR,ERR,0.0,-0.0,-0.0,0.0,0.0,1.3936040501711995e+18,7.805,0.0,0,0,4,0,8422,0.0,45,0.0,0.0,0.0,0.0,0.0,0,0,0,0,0.0,0,0,0,0,0,0,0,0,0,0,0,0,0,0,0,0,0,0,0,0,0,0,0,0,0,0,0,0,0,0,0,0,0,38,14,7,45,65476,0,300,0,0,8,21553,0.0,-107605600.0,0.0,0.0,0.0,0.0,0.0,0.0,0.0,0.0,0.0,0.0,0.0,0.0,0.0,0.0,0.0,0.0,0.0,0.0,0.0,0.0,-2.004,-0.0,2.004,-2.004,0.0,0.0,0.0,0.0,4973.0,0.0,0.0,0.0,-0.0,-107615272.0,2.718429120148166e+23,0.0,0.0,0.0,0.0,53,126841110528.0,2.7184170505011647e+23,0.0,0.0,0.0,0.0,0.0,0.0,0.0,0,0,0,0.0,0.0,0.0,0.0,0.0,0.0,0.0,0.0,0.0,0.0,0.0,0.0,0.0,0.0,0.0,0.0,0,-107875648.0,53,0.0,106,-107614832.0,0.0,ERR,ERR,ERR,ERR,ERR,ERR,ERR,ERR,ERR,ERR,ERR,ERR,ERR,ERR,ERR,ERR,ERR,ERR,ERR,ERR,ERR,ERR,ERR,ERR,ERR,ERR,ERR,ERR,ERR,ERR,ERR,ERR,ERR,ERR,ERR,ERR,ERR,ERR,ERR,ERR,ERR,ERR,ERR,ERR,ERR,ERR,ERR,ERR,ERR,ERR,ERR,ERR,ERR,ERR,ERR,ERR,ERR,ERR,ERR,ERR,ERR,ERR,ERR,ERR,ERR,ERR,ERR,50.0,60.0,100,0.0,0.0,0.0,0.0,0.0,0.0,0.0,0.0,0.0,0.0,0.0,0.0,0.0,0.0,0.0,0.0,61.6,65,19,65521,50,65476,0,300,0,0,8,20529,65476,0,0,26214,60.0,0.0,0.0,0.0,0.0,0.0
2026-05-17T16:08:38,ERR,ERR,ERR,ERR,ERR,ERR,ERR,ERR,ERR,ERR,ERR,ERR,ERR,ERR,ERR,ERR,ERR,ERR,ERR,ERR,ERR,ERR,ERR,ERR,ERR,ERR,ERR,ERR,ERR,ERR,ERR,ERR,ERR,ERR,ERR,ERR,ERR,ERR,ERR,ERR,ERR,ERR,ERR,ERR,ERR,ERR,ERR,ERR,ERR,ERR,ERR,ERR,ERR,ERR,ERR,ERR,ERR,ERR,ERR,ERR,ERR,ERR,ERR,ERR,ERR,ERR,ERR,ERR,ERR,ERR,ERR,ERR,ERR,ERR,ERR,ERR,ERR,ERR,ERR,ERR,ERR,ERR,ERR,ERR,ERR,ERR,ERR,ERR,ERR,ERR,ERR,ERR,ERR,ERR,ERR,ERR,ERR,ERR,ERR,ERR,ERR,ERR,ERR,ERR,ERR,ERR,ERR,ERR,ERR,ERR,ERR,ERR,ERR,ERR,ERR,ERR,ERR,ERR,ERR,ERR,ERR,ERR,ERR,ERR,ERR,0.0,-0.0,-0.0,0.0,0.0,1.3936040501711995e+18,7.805,0.0,0,0,4,0,8422,0.0,45,0.0,0.0,0.0,0.0,0.0,0,0,0,0,0.0,0,0,0,0,0,0,0,0,0,0,0,0,0,0,0,0,0,0,0,0,0,0,0,0,0,0,0,0,0,0,0,0,0,38,14,7,45,65476,0,300,0,0,8,21553,0.0,-107605600.0,0.0,0.0,0.0,0.0,0.0,0.0,0.0,0.0,0.0,0.0,0.0,0.0,0.0,0.0,0.0,0.0,0.0,0.0,0.0,0.0,-2.004,-0.0,2.004,-2.004,0.0,0.0,0.0,0.0,4973.0,0.0,0.0,0.0,-0.0,-107615272.0,2.718429120148166e+23,0.0,0.0,0.0,0.0,53,126841110528.0,2.7184170505011647e+23,0.0,0.0,0.0,0.0,0.0,0.0,0.0,0,0,0,0.0,0.0,0.0,0.0,0.0,0.0,0.0,0.0,0.0,0.0,0.0,0.0,0.0,0.0,0.0,0.0,0,-107875648.0,53,0.0,106,-107614832.0,0.0,ERR,ERR,ERR,ERR,ERR,ERR,ERR,ERR,ERR,ERR,ERR,ERR,ERR,ERR,ERR,ERR,ERR,ERR,ERR,ERR,ERR,ERR,ERR,ERR,ERR,ERR,ERR,ERR,ERR,ERR,ERR,ERR,ERR,ERR,ERR,ERR,ERR,ERR,ERR,ERR,ERR,ERR,ERR,ERR,ERR,ERR,ERR,ERR,ERR,ERR,ERR,ERR,ERR,ERR,ERR,ERR,ERR,ERR,ERR,ERR,ERR,ERR,ERR,ERR,ERR,ERR,ERR,50.0,60.0,100,0.0,0.0,0.0,0.0,0.0,0.0,0.0,0.0,0.0,0.0,0.0,0.0,0.0,0.0,0.0,0.0,62.0,65,19,65521,50,65476,0,300,0,0,8,20529,65476,0,0,26214,60.0,0.0,0.0,0.0,0.0,0.0
2026-05-17T16:08:39,ERR,ERR,ERR,ERR,ERR,ERR,ERR,ERR,ERR,ERR,ERR,ERR,ERR,ERR,ERR,ERR,ERR,ERR,ERR,ERR,ERR,ERR,ERR,ERR,ERR,ERR,ERR,ERR,ERR,ERR,ERR,ERR,ERR,ERR,ERR,ERR,ERR,ERR,ERR,ERR,ERR,ERR,ERR,ERR,ERR,ERR,ERR,ERR,ERR,ERR,ERR,ERR,ERR,ERR,ERR,ERR,ERR,ERR,ERR,ERR,ERR,ERR,ERR,ERR,ERR,ERR,ERR,ERR,ERR,ERR,ERR,ERR,ERR,ERR,ERR,ERR,ERR,ERR,ERR,ERR,ERR,ERR,ERR,ERR,ERR,ERR,ERR,ERR,ERR,ERR,ERR,ERR,ERR,ERR,ERR,ERR,ERR,ERR,ERR,ERR,ERR,ERR,ERR,ERR,ERR,ERR,ERR,ERR,ERR,ERR,ERR,ERR,ERR,ERR,ERR,ERR,ERR,ERR,ERR,ERR,ERR,ERR,ERR,ERR,ERR,0.0,-0.0,-0.0,0.0,0.0,1.3936040501711995e+18,7.805,0.0,0,0,4,0,8422,0.0,45,0.0,0.0,0.0,0.0,0.0,0,0,0,0,0.0,0,0,0,0,0,0,0,0,0,0,0,0,0,0,0,0,0,0,0,0,0,0,0,0,0,0,0,0,0,0,0,0,0,38,14,7,45,65476,0,300,0,0,8,21553,0.0,-107605600.0,0.0,0.0,0.0,0.0,0.0,0.0,0.0,0.0,0.0,0.0,0.0,0.0,0.0,0.0,0.0,0.0,0.0,0.0,0.0,0.0,-2.004,-0.0,2.004,-2.004,0.0,0.0,0.0,0.0,4973.0,0.0,0.0,0.0,-0.0,-107615272.0,2.718429120148166e+23,0.0,0.0,0.0,0.0,53,126841110528.0,2.7184170505011647e+23,0.0,0.0,0.0,0.0,0.0,0.0,0.0,0,0,0,0.0,0.0,0.0,0.0,0.0,0.0,0.0,0.0,0.0,0.0,0.0,0.0,0.0,0.0,0.0,0.0,0,-107875648.0,53,0.0,106,-107614832.0,0.0,ERR,ERR,ERR,ERR,ERR,ERR,ERR,ERR,ERR,ERR,ERR,ERR,ERR,ERR,ERR,ERR,ERR,ERR,ERR,ERR,ERR,ERR,ERR,ERR,ERR,ERR,ERR,ERR,ERR,ERR,ERR,ERR,ERR,ERR,ERR,ERR,ERR,ERR,ERR,ERR,ERR,ERR,ERR,ERR,ERR,ERR,ERR,ERR,ERR,ERR,ERR,ERR,ERR,ERR,ERR,ERR,ERR,ERR,ERR,ERR,ERR,ERR,ERR,ERR,ERR,ERR,ERR,50.0,60.0,100,0.0,0.0,0.0,0.0,0.0,0.0,0.0,0.0,0.0,0.0,0.0,0.0,0.0,0.0,0.0,0.0,62.0,65,19,65521,50,65476,0,300,0,0,8,20529,65476,0,0,26214,60.0,0.0,0.0,0.0,0.0,0.0
2026-05-17T16:08:40,ERR,ERR,ERR,ERR,ERR,ERR,ERR,ERR,ERR,ERR,ERR,ERR,ERR,ERR,ERR,ERR,ERR,ERR,ERR,ERR,ERR,ERR,ERR,ERR,ERR,ERR,ERR,ERR,ERR,ERR,ERR,ERR,ERR,ERR,ERR,ERR,ERR,ERR,ERR,ERR,ERR,ERR,ERR,ERR,ERR,ERR,ERR,ERR,ERR,ERR,ERR,ERR,ERR,ERR,ERR,ERR,ERR,ERR,ERR,ERR,ERR,ERR,ERR,ERR,ERR,ERR,ERR,ERR,ERR,ERR,ERR,ERR,ERR,ERR,ERR,ERR,ERR,ERR,ERR,ERR,ERR,ERR,ERR,ERR,ERR,ERR,ERR,ERR,ERR,ERR,ERR,ERR,ERR,ERR,ERR,ERR,ERR,ERR,ERR,ERR,ERR,ERR,ERR,ERR,ERR,ERR,ERR,ERR,ERR,ERR,ERR,ERR,ERR,ERR,ERR,ERR,ERR,ERR,ERR,ERR,ERR,ERR,ERR,ERR,ERR,0.0,-0.0,-0.0,0.0,0.0,1.3936040501711995e+18,7.805,0.0,0,0,4,0,8422,0.0,45,0.0,0.0,0.0,0.0,0.0,0,0,0,0,0.0,0,0,0,0,0,0,0,0,0,0,0,0,0,0,0,0,0,0,0,0,0,0,0,0,0,0,0,0,0,0,0,0,0,38,14,7,45,65476,0,300,0,0,8,21553,0.0,-107605600.0,0.0,0.0,0.0,0.0,0.0,0.0,0.0,0.0,0.0,0.0,0.0,0.0,0.0,0.0,0.0,0.0,0.0,0.0,0.0,0.0,-2.004,-0.0,-0.0,-2.004,0.0,0.0,0.0,0.0,4972.0,2.004,0.0,0.0,-0.0,-107615272.0,2.718429120148166e+23,0.0,0.0,0.0,0.0,53,2.3088403658719416e+20,-0.0,0.0,0.0,0.0,0.0,0.0,0.0,0.0,0,0,0,0.0,0.0,0.0,0.0,0.0,0.0,0.0,0.0,0.0,0.0,0.0,0.0,0.0,0.0,0.0,0.0,0,-107875648.0,53,0.0,106,-107614832.0,0.0,ERR,ERR,ERR,ERR,ERR,ERR,ERR,ERR,ERR,ERR,ERR,ERR,ERR,ERR,ERR,ERR,ERR,ERR,ERR,ERR,ERR,ERR,ERR,ERR,ERR,ERR,ERR,ERR,ERR,ERR,ERR,ERR,ERR,ERR,ERR,ERR,ERR,ERR,ERR,ERR,ERR,ERR,ERR,ERR,ERR,ERR,ERR,ERR,ERR,ERR,ERR,ERR,ERR,ERR,ERR,ERR,ERR,ERR,ERR,ERR,ERR,ERR,ERR,ERR,ERR,ERR,ERR,50.0,60.0,100,0.0,0.0,0.0,0.0,0.0,0.0,0.0,0.0,0.0,0.0,0.0,0.0,0.0,0.0,0.0,0.0,61.6,65,19,65521,50,65476,0,300,0,0,8,20529,65476,0,0,26214,60.0,0.0,0.0,0.0,0.0,0.0
2026-05-17T16:08:41,ERR,ERR,ERR,ERR,ERR,ERR,ERR,ERR,ERR,ERR,ERR,ERR,ERR,ERR,ERR,ERR,ERR,ERR,ERR,ERR,ERR,ERR,ERR,ERR,ERR,ERR,ERR,ERR,ERR,ERR,ERR,ERR,ERR,ERR,ERR,ERR,ERR,ERR,ERR,ERR,ERR,ERR,ERR,ERR,ERR,ERR,ERR,ERR,ERR,ERR,ERR,ERR,ERR,ERR,ERR,ERR,ERR,ERR,ERR,ERR,ERR,ERR,ERR,ERR,ERR,ERR,ERR,ERR,ERR,ERR,ERR,ERR,ERR,ERR,ERR,ERR,ERR,ERR,ERR,ERR,ERR,ERR,ERR,ERR,ERR,ERR,ERR,ERR,ERR,ERR,ERR,ERR,ERR,ERR,ERR,ERR,ERR,ERR,ERR,ERR,ERR,ERR,ERR,ERR,ERR,ERR,ERR,ERR,ERR,ERR,ERR,ERR,ERR,ERR,ERR,ERR,ERR,ERR,ERR,ERR,ERR,ERR,ERR,ERR,ERR,0.0,-0.0,-0.0,0.0,0.0,1.3936040501711995e+18,7.805,0.0,0,0,4,0,8422,0.0,45,0.0,0.0,0.0,0.0,0.0,0,0,0,0,0.0,0,0,0,0,0,0,0,0,0,0,0,0,0,0,0,0,0,0,0,0,0,0,0,0,0,0,0,0,0,0,0,0,0,38,14,7,45,65476,0,300,0,0,8,21553,0.0,-107605600.0,0.0,0.0,0.0,0.0,0.0,0.0,0.0,0.0,0.0,0.0,0.0,0.0,0.0,0.0,0.0,0.0,0.0,0.0,0.0,0.0,-2.004,-0.0,-0.0,-2.004,0.0,0.0,0.0,0.0,4972.0,2.004,0.0,0.0,-0.0,-107615272.0,2.718429120148166e+23,0.0,0.0,0.0,0.0,53,2.3088403658719416e+20,-0.0,0.0,0.0,0.0,0.0,0.0,0.0,0.0,0,0,0,0.0,0.0,0.0,0.0,0.0,0.0,0.0,0.0,0.0,0.0,0.0,0.0,0.0,0.0,0.0,0.0,0,-107875648.0,53,0.0,106,-107614832.0,0.0,ERR,ERR,ERR,ERR,ERR,ERR,ERR,ERR,ERR,ERR,ERR,ERR,ERR,ERR,ERR,ERR,ERR,ERR,ERR,ERR,ERR,ERR,ERR,ERR,ERR,ERR,ERR,ERR,ERR,ERR,ERR,ERR,ERR,ERR,ERR,ERR,ERR,ERR,ERR,ERR,ERR,ERR,ERR,ERR,ERR,ERR,ERR,ERR,ERR,ERR,ERR,ERR,ERR,ERR,ERR,ERR,ERR,ERR,ERR,ERR,ERR,ERR,ERR,ERR,ERR,ERR,ERR,50.0,60.0,100,0.0,0.0,0.0,0.0,0.0,0.0,0.0,0.0,0.0,0.0,0.0,0.0,0.0,0.0,0.0,0.0,61.6,65,19,65521,50,65476,0,300,0,0,8,20529,65476,0,0,26214,60.0,0.0,0.0,0.0,0.0,0.0
2026-05-17T16:08:42,ERR,ERR,ERR,ERR,ERR,ERR,ERR,ERR,ERR,ERR,ERR,ERR,ERR,ERR,ERR,ERR,ERR,ERR,ERR,ERR,ERR,ERR,ERR,ERR,ERR,ERR,ERR,ERR,ERR,ERR,ERR,ERR,ERR,ERR,ERR,ERR,ERR,ERR,ERR,ERR,ERR,ERR,ERR,ERR,ERR,ERR,ERR,ERR,ERR,ERR,ERR,ERR,ERR,ERR,ERR,ERR,ERR,ERR,ERR,ERR,ERR,ERR,ERR,ERR,ERR,ERR,ERR,ERR,ERR,ERR,ERR,ERR,ERR,ERR,ERR,ERR,ERR,ERR,ERR,ERR,ERR,ERR,ERR,ERR,ERR,ERR,ERR,ERR,ERR,ERR,ERR,ERR,ERR,ERR,ERR,ERR,ERR,ERR,ERR,ERR,ERR,ERR,ERR,ERR,ERR,ERR,ERR,ERR,ERR,ERR,ERR,ERR,ERR,ERR,ERR,ERR,ERR,ERR,ERR,ERR,ERR,ERR,ERR,ERR,ERR,0.0,-0.0,-0.0,0.0,0.0,1.3936040501711995e+18,7.805,0.0,0,0,4,0,8422,0.0,45,0.0,0.0,0.0,0.0,0.0,0,0,0,0,0.0,0,0,0,0,0,0,0,0,0,0,0,0,0,0,0,0,0,0,0,0,0,0,0,0,0,0,0,0,0,0,0,0,0,38,14,7,45,65476,0,300,0,0,8,21553,0.0,-107605600.0,0.0,0.0,0.0,0.0,0.0,0.0,0.0,0.0,0.0,0.0,0.0,0.0,0.0,0.0,0.0,0.0,0.0,0.0,0.0,0.0,-2.004,-0.0,-0.0,-2.004,0.0,0.0,0.0,0.0,4972.0,2.004,0.0,0.0,-0.0,-107615272.0,2.718429120148166e+23,0.0,0.0,0.0,0.0,53,2.3088403658719416e+20,-0.0,0.0,0.0,0.0,0.0,0.0,0.0,0.0,0,0,0,0.0,0.0,0.0,0.0,0.0,0.0,0.0,0.0,0.0,0.0,0.0,0.0,0.0,0.0,0.0,0.0,0,-107875648.0,53,0.0,106,-107614832.0,0.0,ERR,ERR,ERR,ERR,ERR,ERR,ERR,ERR,ERR,ERR,ERR,ERR,ERR,ERR,ERR,ERR,ERR,ERR,ERR,ERR,ERR,ERR,ERR,ERR,ERR,ERR,ERR,ERR,ERR,ERR,ERR,ERR,ERR,ERR,ERR,ERR,ERR,ERR,ERR,ERR,ERR,ERR,ERR,ERR,ERR,ERR,ERR,ERR,ERR,ERR,ERR,ERR,ERR,ERR,ERR,ERR,ERR,ERR,ERR,ERR,ERR,ERR,ERR,ERR,ERR,ERR,ERR,50.0,60.0,100,0.0,0.0,0.0,0.0,0.0,0.0,0.0,0.0,0.0,0.0,0.0,0.0,0.0,0.0,0.0,0.0,61.6,65,19,65521,50,65476,0,300,0,0,8,20529,65476,0,0,26214,60.0,0.0,0.0,0.0,0.0,0.0
2026-05-17T16:08:43,ERR,ERR,ERR,ERR,ERR,ERR,ERR,ERR,ERR,ERR,ERR,ERR,ERR,ERR,ERR,ERR,ERR,ERR,ERR,ERR,ERR,ERR,ERR,ERR,ERR,ERR,ERR,ERR,ERR,ERR,ERR,ERR,ERR,ERR,ERR,ERR,ERR,ERR,ERR,ERR,ERR,ERR,ERR,ERR,ERR,ERR,ERR,ERR,ERR,ERR,ERR,ERR,ERR,ERR,ERR,ERR,ERR,ERR,ERR,ERR,ERR,ERR,ERR,ERR,ERR,ERR,ERR,ERR,ERR,ERR,ERR,ERR,ERR,ERR,ERR,ERR,ERR,ERR,ERR,ERR,ERR,ERR,ERR,ERR,ERR,ERR,ERR,ERR,ERR,ERR,ERR,ERR,ERR,ERR,ERR,ERR,ERR,ERR,ERR,ERR,ERR,ERR,ERR,ERR,ERR,ERR,ERR,ERR,ERR,ERR,ERR,ERR,ERR,ERR,ERR,ERR,ERR,ERR,ERR,ERR,ERR,ERR,ERR,ERR,ERR,0.0,-0.0,-0.0,0.0,0.0,1.3936040501711995e+18,7.805,0.0,0,0,4,0,8422,0.0,45,0.0,0.0,0.0,0.0,0.0,0,0,0,0,0.0,0,0,0,0,0,0,0,0,0,0,0,0,0,0,0,0,0,0,0,0,0,0,0,0,0,0,0,0,0,0,0,0,0,38,14,7,45,65476,0,300,0,0,8,21553,0.0,-107605600.0,0.0,0.0,0.0,0.0,0.0,0.0,0.0,0.0,0.0,0.0,0.0,0.0,0.0,0.0,0.0,0.0,0.0,0.0,0.0,0.0,-2.004,-0.0,-0.0,-2.004,0.0,0.0,0.0,0.0,4972.0,2.004,0.0,0.0,-0.0,-107615272.0,2.718429120148166e+23,0.0,0.0,0.0,0.0,53,2.3088403658719416e+20,-0.0,0.0,0.0,0.0,0.0,0.0,0.0,0.0,0,0,0,0.0,0.0,0.0,0.0,0.0,0.0,0.0,0.0,0.0,0.0,0.0,0.0,0.0,0.0,0.0,0.0,0,-107875648.0,53,0.0,106,-107614832.0,0.0,ERR,ERR,ERR,ERR,ERR,ERR,ERR,ERR,ERR,ERR,ERR,ERR,ERR,ERR,ERR,ERR,ERR,ERR,ERR,ERR,ERR,ERR,ERR,ERR,ERR,ERR,ERR,ERR,ERR,ERR,ERR,ERR,ERR,ERR,ERR,ERR,ERR,ERR,ERR,ERR,ERR,ERR,ERR,ERR,ERR,ERR,ERR,ERR,ERR,ERR,ERR,ERR,ERR,ERR,ERR,ERR,ERR,ERR,ERR,ERR,ERR,ERR,ERR,ERR,ERR,ERR,ERR,50.0,60.0,100,0.0,0.0,0.0,0.0,0.0,0.0,0.0,0.0,0.0,0.0,0.0,0.0,0.0,0.0,0.0,0.0,61.6,65,19,65521,50,65476,0,300,0,0,8,20529,65476,0,0,26214,60.0,0.0,0.0,0.0,0.0,0.0
2026-05-17T16:08:44,ERR,ERR,ERR,ERR,ERR,ERR,ERR,ERR,ERR,ERR,ERR,ERR,ERR,ERR,ERR,ERR,ERR,ERR,ERR,ERR,ERR,ERR,ERR,ERR,ERR,ERR,ERR,ERR,ERR,ERR,ERR,ERR,ERR,ERR,ERR,ERR,ERR,ERR,ERR,ERR,ERR,ERR,ERR,ERR,ERR,ERR,ERR,ERR,ERR,ERR,ERR,ERR,ERR,ERR,ERR,ERR,ERR,ERR,ERR,ERR,ERR,ERR,ERR,ERR,ERR,ERR,ERR,ERR,ERR,ERR,ERR,ERR,ERR,ERR,ERR,ERR,ERR,ERR,ERR,ERR,ERR,ERR,ERR,ERR,ERR,ERR,ERR,ERR,ERR,ERR,ERR,ERR,ERR,ERR,ERR,ERR,ERR,ERR,ERR,ERR,ERR,ERR,ERR,ERR,ERR,ERR,ERR,ERR,ERR,ERR,ERR,ERR,ERR,ERR,ERR,ERR,ERR,ERR,ERR,ERR,ERR,ERR,ERR,ERR,ERR,0.0,-0.0,-0.0,0.0,0.0,1.3936040501711995e+18,7.805,0.0,0,0,4,0,8422,0.0,45,0.0,0.0,0.0,0.0,0.0,0,0,0,0,0.0,0,0,0,0,0,0,0,0,0,0,0,0,0,0,0,0,0,0,0,0,0,0,0,0,0,0,0,0,0,0,0,0,0,38,14,7,45,65476,0,300,0,0,8,21553,0.0,-107605600.0,0.0,0.0,0.0,0.0,0.0,0.0,0.0,0.0,0.0,0.0,0.0,0.0,0.0,0.0,0.0,0.0,0.0,0.0,0.0,0.0,-2.004,-0.0,-0.0,-2.004,0.0,0.0,0.0,0.0,4972.0,2.004,0.0,0.0,-0.0,-107615272.0,2.718429120148166e+23,0.0,0.0,0.0,0.0,53,2.3088403658719416e+20,-0.0,0.0,0.0,0.0,0.0,0.0,0.0,0.0,0,0,0,0.0,0.0,0.0,0.0,0.0,0.0,0.0,0.0,0.0,0.0,0.0,0.0,0.0,0.0,0.0,0.0,0,-107875648.0,53,0.0,106,-107614832.0,0.0,ERR,ERR,ERR,ERR,ERR,ERR,ERR,ERR,ERR,ERR,ERR,ERR,ERR,ERR,ERR,ERR,ERR,ERR,ERR,ERR,ERR,ERR,ERR,ERR,ERR,ERR,ERR,ERR,ERR,ERR,ERR,ERR,ERR,ERR,ERR,ERR,ERR,ERR,ERR,ERR,ERR,ERR,ERR,ERR,ERR,ERR,ERR,ERR,ERR,ERR,ERR,ERR,ERR,ERR,ERR,ERR,ERR,ERR,ERR,ERR,ERR,ERR,ERR,ERR,ERR,ERR,ERR,50.0,60.0,100,0.0,0.0,0.0,0.0,0.0,0.0,0.0,0.0,0.0,0.0,0.0,0.0,0.0,0.0,0.0,0.0,62.0,65,19,65521,50,65476,0,300,0,0,8,20529,65476,0,0,26214,60.0,0.0,0.0,0.0,0.0,0.0
2026-05-17T16:08:45,ERR,ERR,ERR,ERR,ERR,ERR,ERR,ERR,ERR,ERR,ERR,ERR,ERR,ERR,ERR,ERR,ERR,ERR,ERR,ERR,ERR,ERR,ERR,ERR,ERR,ERR,ERR,ERR,ERR,ERR,ERR,ERR,ERR,ERR,ERR,ERR,ERR,ERR,ERR,ERR,ERR,ERR,ERR,ERR,ERR,ERR,ERR,ERR,ERR,ERR,ERR,ERR,ERR,ERR,ERR,ERR,ERR,ERR,ERR,ERR,ERR,ERR,ERR,ERR,ERR,ERR,ERR,ERR,ERR,ERR,ERR,ERR,ERR,ERR,ERR,ERR,ERR,ERR,ERR,ERR,ERR,ERR,ERR,ERR,ERR,ERR,ERR,ERR,ERR,ERR,ERR,ERR,ERR,ERR,ERR,ERR,ERR,ERR,ERR,ERR,ERR,ERR,ERR,ERR,ERR,ERR,ERR,ERR,ERR,ERR,ERR,ERR,ERR,ERR,ERR,ERR,ERR,ERR,ERR,ERR,ERR,ERR,ERR,ERR,ERR,0.0,-0.0,-0.0,0.0,0.0,1.3936040501711995e+18,7.805,0.0,0,0,4,0,8422,0.0,45,0.0,0.0,0.0,0.0,0.0,0,0,0,0,0.0,0,0,0,0,0,0,0,0,0,0,0,0,0,0,0,0,0,0,0,0,0,0,0,0,0,0,0,0,0,0,0,0,0,38,14,7,45,65476,0,300,0,0,8,21553,0.0,-107605600.0,0.0,0.0,0.0,0.0,0.0,0.0,0.0,0.0,0.0,0.0,0.0,0.0,0.0,0.0,0.0,0.0,0.0,0.0,0.0,0.0,-2.004,-0.0,2.004,-2.004,0.0,0.0,0.0,0.0,4971.0,-0.0,0.0,0.0,-0.0,0.0,2.718429120148166e+23,0.0,0.0,0.0,0.0,53,107615344.0,0.0,0.0,0.0,0.0,0.0,0.0,0.0,0.0,0,0,0,0.0,0.0,0.0,0.0,0.0,0.0,0.0,0.0,0.0,0.0,0.0,0.0,0.0,0.0,0.0,0.0,0,-107875648.0,53,0.0,106,-107614832.0,0.0,ERR,ERR,ERR,ERR,ERR,ERR,ERR,ERR,ERR,ERR,ERR,ERR,ERR,ERR,ERR,ERR,ERR,ERR,ERR,ERR,ERR,ERR,ERR,ERR,ERR,ERR,ERR,ERR,ERR,ERR,ERR,ERR,ERR,ERR,ERR,ERR,ERR,ERR,ERR,ERR,ERR,ERR,ERR,ERR,ERR,ERR,ERR,ERR,ERR,ERR,ERR,ERR,ERR,ERR,ERR,ERR,ERR,ERR,ERR,ERR,ERR,ERR,ERR,ERR,ERR,ERR,ERR,50.0,60.0,100,0.0,0.0,0.0,0.0,0.0,0.0,0.0,0.0,0.0,0.0,0.0,0.0,0.0,0.0,0.0,0.0,62.0,65,19,65521,50,65476,0,300,0,0,8,20529,65476,0,0,26214,60.0,0.0,0.0,0.0,0.0,0.0
2026-05-17T16:08:46,ERR,ERR,ERR,ERR,ERR,ERR,ERR,ERR,ERR,ERR,ERR,ERR,ERR,ERR,ERR,ERR,ERR,ERR,ERR,ERR,ERR,ERR,ERR,ERR,ERR,ERR,ERR,ERR,ERR,ERR,ERR,ERR,ERR,ERR,ERR,ERR,ERR,ERR,ERR,ERR,ERR,ERR,ERR,ERR,ERR,ERR,ERR,ERR,ERR,ERR,ERR,ERR,ERR,ERR,ERR,ERR,ERR,ERR,ERR,ERR,ERR,ERR,ERR,ERR,ERR,ERR,ERR,ERR,ERR,ERR,ERR,ERR,ERR,ERR,ERR,ERR,ERR,ERR,ERR,ERR,ERR,ERR,ERR,ERR,ERR,ERR,ERR,ERR,ERR,ERR,ERR,ERR,ERR,ERR,ERR,ERR,ERR,ERR,ERR,ERR,ERR,ERR,ERR,ERR,ERR,ERR,ERR,ERR,ERR,ERR,ERR,ERR,ERR,ERR,ERR,ERR,ERR,ERR,ERR,ERR,ERR,ERR,ERR,ERR,ERR,0.0,-0.0,-0.0,0.0,0.0,1.3936040501711995e+18,7.805,0.0,0,0,4,0,8422,0.0,45,0.0,0.0,0.0,0.0,0.0,0,0,0,0,0.0,0,0,0,0,0,0,0,0,0,0,0,0,0,0,0,0,0,0,0,0,0,0,0,0,0,0,0,0,0,0,0,0,0,38,14,7,45,65476,0,300,0,0,8,21553,0.0,-107605600.0,0.0,0.0,0.0,0.0,0.0,0.0,0.0,0.0,0.0,0.0,0.0,0.0,0.0,0.0,0.0,0.0,0.0,0.0,0.0,0.0,-2.004,-0.0,2.004,-2.004,0.0,0.0,0.0,0.0,4971.0,-0.0,0.0,0.0,-0.0,0.0,2.718429120148166e+23,0.0,0.0,0.0,0.0,53,107615344.0,0.0,0.0,0.0,0.0,0.0,0.0,0.0,0.0,0,0,0,0.0,0.0,0.0,0.0,0.0,0.0,0.0,0.0,0.0,0.0,0.0,0.0,0.0,0.0,0.0,0.0,0,-107875648.0,53,0.0,106,-107614832.0,0.0,ERR,ERR,ERR,ERR,ERR,ERR,ERR,ERR,ERR,ERR,ERR,ERR,ERR,ERR,ERR,ERR,ERR,ERR,ERR,ERR,ERR,ERR,ERR,ERR,ERR,ERR,ERR,ERR,ERR,ERR,ERR,ERR,ERR,ERR,ERR,ERR,ERR,ERR,ERR,ERR,ERR,ERR,ERR,ERR,ERR,ERR,ERR,ERR,ERR,ERR,ERR,ERR,ERR,ERR,ERR,ERR,ERR,ERR,ERR,ERR,ERR,ERR,ERR,ERR,ERR,ERR,ERR,50.0,60.0,100,0.0,0.0,0.0,0.0,0.0,0.0,0.0,0.0,0.0,0.0,0.0,0.0,0.0,0.0,0.0,0.0,62.0,65,19,65521,50,65476,0,300,0,0,8,20529,65476,0,0,26214,60.0,0.0,0.0,0.0,0.0,0.0
2026-05-17T16:08:47,ERR,ERR,ERR,ERR,ERR,ERR,ERR,ERR,ERR,ERR,ERR,ERR,ERR,ERR,ERR,ERR,ERR,ERR,ERR,ERR,ERR,ERR,ERR,ERR,ERR,ERR,ERR,ERR,ERR,ERR,ERR,ERR,ERR,ERR,ERR,ERR,ERR,ERR,ERR,ERR,ERR,ERR,ERR,ERR,ERR,ERR,ERR,ERR,ERR,ERR,ERR,ERR,ERR,ERR,ERR,ERR,ERR,ERR,ERR,ERR,ERR,ERR,ERR,ERR,ERR,ERR,ERR,ERR,ERR,ERR,ERR,ERR,ERR,ERR,ERR,ERR,ERR,ERR,ERR,ERR,ERR,ERR,ERR,ERR,ERR,ERR,ERR,ERR,ERR,ERR,ERR,ERR,ERR,ERR,ERR,ERR,ERR,ERR,ERR,ERR,ERR,ERR,ERR,ERR,ERR,ERR,ERR,ERR,ERR,ERR,ERR,ERR,ERR,ERR,ERR,ERR,ERR,ERR,ERR,ERR,ERR,ERR,ERR,ERR,ERR,0.0,-0.0,-0.0,0.0,0.0,1.3936040501711995e+18,7.805,0.0,0,0,4,0,8422,0.0,45,0.0,0.0,0.0,0.0,0.0,0,0,0,0,0.0,0,0,0,0,0,0,0,0,0,0,0,0,0,0,0,0,0,0,0,0,0,0,0,0,0,0,0,0,0,0,0,0,0,38,14,7,45,65476,0,300,0,0,8,21553,0.0,-107605600.0,0.0,0.0,0.0,0.0,0.0,0.0,0.0,0.0,0.0,0.0,0.0,0.0,0.0,0.0,0.0,0.0,0.0,0.0,0.0,0.0,-2.004,-0.0,2.004,-2.004,0.0,0.0,0.0,0.0,4971.0,-0.0,0.0,0.0,-0.0,0.0,2.718429120148166e+23,0.0,0.0,0.0,0.0,53,107615344.0,0.0,0.0,0.0,0.0,0.0,0.0,0.0,0.0,0,0,0,0.0,0.0,0.0,0.0,0.0,0.0,0.0,0.0,0.0,0.0,0.0,0.0,0.0,0.0,0.0,0.0,0,-107875648.0,53,0.0,106,-107614832.0,0.0,ERR,ERR,ERR,ERR,ERR,ERR,ERR,ERR,ERR,ERR,ERR,ERR,ERR,ERR,ERR,ERR,ERR,ERR,ERR,ERR,ERR,ERR,ERR,ERR,ERR,ERR,ERR,ERR,ERR,ERR,ERR,ERR,ERR,ERR,ERR,ERR,ERR,ERR,ERR,ERR,ERR,ERR,ERR,ERR,ERR,ERR,ERR,ERR,ERR,ERR,ERR,ERR,ERR,ERR,ERR,ERR,ERR,ERR,ERR,ERR,ERR,ERR,ERR,ERR,ERR,ERR,ERR,50.0,60.0,100,0.0,0.0,0.0,0.0,0.0,0.0,0.0,0.0,0.0,0.0,0.0,0.0,0.0,0.0,0.0,0.0,61.6,65,19,65521,50,65476,0,300,0,0,8,20529,65476,0,0,26214,60.0,0.0,0.0,0.0,0.0,0.0
2026-05-17T16:08:48,ERR,ERR,ERR,ERR,ERR,ERR,ERR,ERR,ERR,ERR,ERR,ERR,ERR,ERR,ERR,ERR,ERR,ERR,ERR,ERR,ERR,ERR,ERR,ERR,ERR,ERR,ERR,ERR,ERR,ERR,ERR,ERR,ERR,ERR,ERR,ERR,ERR,ERR,ERR,ERR,ERR,ERR,ERR,ERR,ERR,ERR,ERR,ERR,ERR,ERR,ERR,ERR,ERR,ERR,ERR,ERR,ERR,ERR,ERR,ERR,ERR,ERR,ERR,ERR,ERR,ERR,ERR,ERR,ERR,ERR,ERR,ERR,ERR,ERR,ERR,ERR,ERR,ERR,ERR,ERR,ERR,ERR,ERR,ERR,ERR,ERR,ERR,ERR,ERR,ERR,ERR,ERR,ERR,ERR,ERR,ERR,ERR,ERR,ERR,ERR,ERR,ERR,ERR,ERR,ERR,ERR,ERR,ERR,ERR,ERR,ERR,ERR,ERR,ERR,ERR,ERR,ERR,ERR,ERR,ERR,ERR,ERR,ERR,ERR,ERR,0.0,-0.0,-0.0,0.0,0.0,1.3936040501711995e+18,7.805,0.0,0,0,4,0,8422,0.0,45,0.0,0.0,0.0,0.0,0.0,0,0,0,0,0.0,0,0,0,0,0,0,0,0,0,0,0,0,0,0,0,0,0,0,0,0,0,0,0,0,0,0,0,0,0,0,0,0,0,38,14,7,45,65476,0,300,0,0,8,21553,0.0,-107605600.0,0.0,0.0,0.0,0.0,0.0,0.0,0.0,0.0,0.0,0.0,0.0,0.0,0.0,0.0,0.0,0.0,0.0,0.0,0.0,0.0,-2.004,-0.0,2.004,-2.004,0.0,0.0,0.0,0.0,4971.0,-0.0,0.0,0.0,-0.0,0.0,2.718429120148166e+23,0.0,0.0,0.0,0.0,53,107615344.0,0.0,0.0,0.0,0.0,0.0,0.0,0.0,0.0,0,0,0,0.0,0.0,0.0,0.0,0.0,0.0,0.0,0.0,0.0,0.0,0.0,0.0,0.0,0.0,0.0,0.0,0,-107875648.0,53,0.0,106,-107614832.0,0.0,ERR,ERR,ERR,ERR,ERR,ERR,ERR,ERR,ERR,ERR,ERR,ERR,ERR,ERR,ERR,ERR,ERR,ERR,ERR,ERR,ERR,ERR,ERR,ERR,ERR,ERR,ERR,ERR,ERR,ERR,ERR,ERR,ERR,ERR,ERR,ERR,ERR,ERR,ERR,ERR,ERR,ERR,ERR,ERR,ERR,ERR,ERR,ERR,ERR,ERR,ERR,ERR,ERR,ERR,ERR,ERR,ERR,ERR,ERR,ERR,ERR,ERR,ERR,ERR,ERR,ERR,ERR,50.0,60.0,100,0.0,0.0,0.0,0.0,0.0,0.0,0.0,0.0,0.0,0.0,0.0,0.0,0.0,0.0,0.0,0.0,61.6,65,19,65521,50,65476,0,300,0,0,8,20529,65476,0,0,26214,60.0,0.0,0.0,0.0,0.0,0.0
2026-05-17T16:08:49,ERR,ERR,ERR,ERR,ERR,ERR,ERR,ERR,ERR,ERR,ERR,ERR,ERR,ERR,ERR,ERR,ERR,ERR,ERR,ERR,ERR,ERR,ERR,ERR,ERR,ERR,ERR,ERR,ERR,ERR,ERR,ERR,ERR,ERR,ERR,ERR,ERR,ERR,ERR,ERR,ERR,ERR,ERR,ERR,ERR,ERR,ERR,ERR,ERR,ERR,ERR,ERR,ERR,ERR,ERR,ERR,ERR,ERR,ERR,ERR,ERR,ERR,ERR,ERR,ERR,ERR,ERR,ERR,ERR,ERR,ERR,ERR,ERR,ERR,ERR,ERR,ERR,ERR,ERR,ERR,ERR,ERR,ERR,ERR,ERR,ERR,ERR,ERR,ERR,ERR,ERR,ERR,ERR,ERR,ERR,ERR,ERR,ERR,ERR,ERR,ERR,ERR,ERR,ERR,ERR,ERR,ERR,ERR,ERR,ERR,ERR,ERR,ERR,ERR,ERR,ERR,ERR,ERR,ERR,ERR,ERR,ERR,ERR,ERR,ERR,0.0,-0.0,-0.0,0.0,0.0,1.3936040501711995e+18,7.805,0.0,0,0,4,0,8422,0.0,45,0.0,0.0,0.0,0.0,0.0,0,0,0,0,0.0,0,0,0,0,0,0,0,0,0,0,0,0,0,0,0,0,0,0,0,0,0,0,0,0,0,0,0,0,0,0,0,0,0,38,14,7,45,65476,0,300,0,0,8,21553,0.0,-107605600.0,0.0,0.0,0.0,0.0,0.0,0.0,0.0,0.0,0.0,0.0,0.0,0.0,0.0,0.0,0.0,0.0,0.0,0.0,0.0,0.0,-2.004,-0.0,2.004,-2.004,0.0,0.0,0.0,0.0,4971.0,-0.0,0.0,0.0,-0.0,0.0,2.718429120148166e+23,0.0,0.0,0.0,0.0,53,107615344.0,0.0,0.0,0.0,0.0,0.0,0.0,0.0,0.0,0,0,0,0.0,0.0,0.0,0.0,0.0,0.0,0.0,0.0,0.0,0.0,0.0,0.0,0.0,0.0,0.0,0.0,0,-107875648.0,53,0.0,106,-107614832.0,0.0,ERR,ERR,ERR,ERR,ERR,ERR,ERR,ERR,ERR,ERR,ERR,ERR,ERR,ERR,ERR,ERR,ERR,ERR,ERR,ERR,ERR,ERR,ERR,ERR,ERR,ERR,ERR,ERR,ERR,ERR,ERR,ERR,ERR,ERR,ERR,ERR,ERR,ERR,ERR,ERR,ERR,ERR,ERR,ERR,ERR,ERR,ERR,ERR,ERR,ERR,ERR,ERR,ERR,ERR,ERR,ERR,ERR,ERR,ERR,ERR,ERR,ERR,ERR,ERR,ERR,ERR,ERR,50.0,60.0,100,0.0,0.0,0.0,0.0,0.0,0.0,0.0,0.0,0.0,0.0,0.0,0.0,0.0,0.0,0.0,0.0,61.6,65,19,65521,50,65476,0,300,0,0,8,20529,65476,0,0,26214,60.0,0.0,0.0,0.0,0.0,0.0
2026-05-17T16:08:50,ERR,ERR,ERR,ERR,ERR,ERR,ERR,ERR,ERR,ERR,ERR,ERR,ERR,ERR,ERR,ERR,ERR,ERR,ERR,ERR,ERR,ERR,ERR,ERR,ERR,ERR,ERR,ERR,ERR,ERR,ERR,ERR,ERR,ERR,ERR,ERR,ERR,ERR,ERR,ERR,ERR,ERR,ERR,ERR,ERR,ERR,ERR,ERR,ERR,ERR,ERR,ERR,ERR,ERR,ERR,ERR,ERR,ERR,ERR,ERR,ERR,ERR,ERR,ERR,ERR,ERR,ERR,ERR,ERR,ERR,ERR,ERR,ERR,ERR,ERR,ERR,ERR,ERR,ERR,ERR,ERR,ERR,ERR,ERR,ERR,ERR,ERR,ERR,ERR,ERR,ERR,ERR,ERR,ERR,ERR,ERR,ERR,ERR,ERR,ERR,ERR,ERR,ERR,ERR,ERR,ERR,ERR,ERR,ERR,ERR,ERR,ERR,ERR,ERR,ERR,ERR,ERR,ERR,ERR,ERR,ERR,ERR,ERR,ERR,ERR,0.0,-0.0,-0.0,0.0,0.0,1.3936040501711995e+18,7.805,0.0,0,0,4,0,8422,0.0,45,0.0,0.0,0.0,0.0,0.0,0,0,0,0,0.0,0,0,0,0,0,0,0,0,0,0,0,0,0,0,0,0,0,0,0,0,0,0,0,0,0,0,0,0,0,0,0,0,0,38,14,7,45,65476,0,300,0,0,8,21553,0.0,-107605600.0,0.0,0.0,0.0,0.0,0.0,0.0,0.0,0.0,0.0,0.0,0.0,0.0,0.0,0.0,0.0,0.0,0.0,0.0,0.0,0.0,-2.004,-0.0,2.004,-2.004,0.0,0.0,0.0,0.0,4971.0,1.0406652570629681e+34,0.0,0.0,-0.0,0.0,2.718429120148166e+23,0.0,0.0,0.0,0.0,53,107615344.0,0.0,0.0,0.0,0.0,0.0,0.0,0.0,0.0,0,0,0,0.0,0.0,0.0,0.0,0.0,0.0,0.0,0.0,0.0,0.0,0.0,0.0,0.0,0.0,0.0,0.0,0,-107875648.0,53,0.0,106,-107614832.0,0.0,ERR,ERR,ERR,ERR,ERR,ERR,ERR,ERR,ERR,ERR,ERR,ERR,ERR,ERR,ERR,ERR,ERR,ERR,ERR,ERR,ERR,ERR,ERR,ERR,ERR,ERR,ERR,ERR,ERR,ERR,ERR,ERR,ERR,ERR,ERR,ERR,ERR,ERR,ERR,ERR,ERR,ERR,ERR,ERR,ERR,ERR,ERR,ERR,ERR,ERR,ERR,ERR,ERR,ERR,ERR,ERR,ERR,ERR,ERR,ERR,ERR,ERR,ERR,ERR,ERR,ERR,ERR,50.0,60.0,100,0.0,0.0,0.0,0.0,0.0,0.0,0.0,0.0,0.0,0.0,0.0,0.0,0.0,0.0,0.0,0.0,61.6,65,19,65521,50,65476,0,300,0,0,8,20529,65476,0,0,26214,60.0,0.0,0.0,0.0,0.0,0.0
2026-05-17T16:08:51,ERR,ERR,ERR,ERR,ERR,ERR,ERR,ERR,ERR,ERR,ERR,ERR,ERR,ERR,ERR,ERR,ERR,ERR,ERR,ERR,ERR,ERR,ERR,ERR,ERR,ERR,ERR,ERR,ERR,ERR,ERR,ERR,ERR,ERR,ERR,ERR,ERR,ERR,ERR,ERR,ERR,ERR,ERR,ERR,ERR,ERR,ERR,ERR,ERR,ERR,ERR,ERR,ERR,ERR,ERR,ERR,ERR,ERR,ERR,ERR,ERR,ERR,ERR,ERR,ERR,ERR,ERR,ERR,ERR,ERR,ERR,ERR,ERR,ERR,ERR,ERR,ERR,ERR,ERR,ERR,ERR,ERR,ERR,ERR,ERR,ERR,ERR,ERR,ERR,ERR,ERR,ERR,ERR,ERR,ERR,ERR,ERR,ERR,ERR,ERR,ERR,ERR,ERR,ERR,ERR,ERR,ERR,ERR,ERR,ERR,ERR,ERR,ERR,ERR,ERR,ERR,ERR,ERR,ERR,ERR,ERR,ERR,ERR,ERR,ERR,0.0,-0.0,-0.0,0.0,0.0,1.3936040501711995e+18,7.805,0.0,0,0,4,0,8422,0.0,45,0.0,0.0,0.0,0.0,0.0,0,0,0,0,0.0,0,0,0,0,0,0,0,0,0,0,0,0,0,0,0,0,0,0,0,0,0,0,0,0,0,0,0,0,0,0,0,0,0,38,14,7,45,65476,0,300,0,0,8,21553,0.0,-107605600.0,0.0,0.0,0.0,0.0,0.0,0.0,0.0,0.0,0.0,0.0,0.0,0.0,0.0,0.0,0.0,0.0,0.0,0.0,0.0,0.0,-2.004,-0.0,2.004,-2.004,0.0,0.0,0.0,0.0,4971.0,1.0406652570629681e+34,0.0,0.0,-0.0,0.0,2.718429120148166e+23,0.0,0.0,0.0,0.0,53,107615344.0,0.0,0.0,0.0,0.0,0.0,0.0,0.0,0.0,0,0,0,0.0,0.0,0.0,0.0,0.0,0.0,0.0,0.0,0.0,0.0,0.0,0.0,0.0,0.0,0.0,0.0,0,-107875648.0,53,0.0,106,-107614832.0,0.0,ERR,ERR,ERR,ERR,ERR,ERR,ERR,ERR,ERR,ERR,ERR,ERR,ERR,ERR,ERR,ERR,ERR,ERR,ERR,ERR,ERR,ERR,ERR,ERR,ERR,ERR,ERR,ERR,ERR,ERR,ERR,ERR,ERR,ERR,ERR,ERR,ERR,ERR,ERR,ERR,ERR,ERR,ERR,ERR,ERR,ERR,ERR,ERR,ERR,ERR,ERR,ERR,ERR,ERR,ERR,ERR,ERR,ERR,ERR,ERR,ERR,ERR,ERR,ERR,ERR,ERR,ERR,50.0,60.0,100,0.0,0.0,0.0,0.0,0.0,0.0,0.0,0.0,0.0,0.0,0.0,0.0,0.0,0.0,0.0,0.0,62.0,65,19,65521,50,65476,0,300,0,0,8,20529,65476,0,0,26214,60.0,0.0,0.0,0.0,0.0,0.0
2026-05-17T16:08:52,ERR,ERR,ERR,ERR,ERR,ERR,ERR,ERR,ERR,ERR,ERR,ERR,ERR,ERR,ERR,ERR,ERR,ERR,ERR,ERR,ERR,ERR,ERR,ERR,ERR,ERR,ERR,ERR,ERR,ERR,ERR,ERR,ERR,ERR,ERR,ERR,ERR,ERR,ERR,ERR,ERR,ERR,ERR,ERR,ERR,ERR,ERR,ERR,ERR,ERR,ERR,ERR,ERR,ERR,ERR,ERR,ERR,ERR,ERR,ERR,ERR,ERR,ERR,ERR,ERR,ERR,ERR,ERR,ERR,ERR,ERR,ERR,ERR,ERR,ERR,ERR,ERR,ERR,ERR,ERR,ERR,ERR,ERR,ERR,ERR,ERR,ERR,ERR,ERR,ERR,ERR,ERR,ERR,ERR,ERR,ERR,ERR,ERR,ERR,ERR,ERR,ERR,ERR,ERR,ERR,ERR,ERR,ERR,ERR,ERR,ERR,ERR,ERR,ERR,ERR,ERR,ERR,ERR,ERR,ERR,ERR,ERR,ERR,ERR,ERR,0.0,-0.0,-0.0,0.0,0.0,1.3936040501711995e+18,7.805,0.0,0,0,4,0,8422,0.0,45,0.0,0.0,0.0,0.0,0.0,0,0,0,0,0.0,0,0,0,0,0,0,0,0,0,0,0,0,0,0,0,0,0,0,0,0,0,0,0,0,0,0,0,0,0,0,0,0,0,38,14,7,45,65476,0,300,0,0,8,21553,0.0,-107605600.0,0.0,0.0,0.0,0.0,0.0,0.0,0.0,0.0,0.0,0.0,0.0,0.0,0.0,0.0,0.0,0.0,0.0,0.0,0.0,0.0,-2.004,-0.0,2.004,-2.004,0.0,0.0,0.0,0.0,4971.0,1.0406652570629681e+34,0.0,0.0,-0.0,0.0,2.718429120148166e+23,0.0,0.0,0.0,0.0,53,107615344.0,0.0,0.0,0.0,0.0,0.0,0.0,0.0,0.0,0,0,0,0.0,0.0,0.0,0.0,0.0,0.0,0.0,0.0,0.0,0.0,0.0,0.0,0.0,0.0,0.0,0.0,0,-107875648.0,53,0.0,106,-107614832.0,0.0,ERR,ERR,ERR,ERR,ERR,ERR,ERR,ERR,ERR,ERR,ERR,ERR,ERR,ERR,ERR,ERR,ERR,ERR,ERR,ERR,ERR,ERR,ERR,ERR,ERR,ERR,ERR,ERR,ERR,ERR,ERR,ERR,ERR,ERR,ERR,ERR,ERR,ERR,ERR,ERR,ERR,ERR,ERR,ERR,ERR,ERR,ERR,ERR,ERR,ERR,ERR,ERR,ERR,ERR,ERR,ERR,ERR,ERR,ERR,ERR,ERR,ERR,ERR,ERR,ERR,ERR,ERR,50.0,60.0,100,0.0,0.0,0.0,0.0,0.0,0.0,0.0,0.0,0.0,0.0,0.0,0.0,0.0,0.0,0.0,0.0,62.0,65,19,65521,50,65476,0,300,0,0,8,20529,65476,0,0,26214,60.0,0.0,0.0,0.0,0.0,0.0
2026-05-17T16:08:53,ERR,ERR,ERR,ERR,ERR,ERR,ERR,ERR,ERR,ERR,ERR,ERR,ERR,ERR,ERR,ERR,ERR,ERR,ERR,ERR,ERR,ERR,ERR,ERR,ERR,ERR,ERR,ERR,ERR,ERR,ERR,ERR,ERR,ERR,ERR,ERR,ERR,ERR,ERR,ERR,ERR,ERR,ERR,ERR,ERR,ERR,ERR,ERR,ERR,ERR,ERR,ERR,ERR,ERR,ERR,ERR,ERR,ERR,ERR,ERR,ERR,ERR,ERR,ERR,ERR,ERR,ERR,ERR,ERR,ERR,ERR,ERR,ERR,ERR,ERR,ERR,ERR,ERR,ERR,ERR,ERR,ERR,ERR,ERR,ERR,ERR,ERR,ERR,ERR,ERR,ERR,ERR,ERR,ERR,ERR,ERR,ERR,ERR,ERR,ERR,ERR,ERR,ERR,ERR,ERR,ERR,ERR,ERR,ERR,ERR,ERR,ERR,ERR,ERR,ERR,ERR,ERR,ERR,ERR,ERR,ERR,ERR,ERR,ERR,ERR,0.0,-0.0,-0.0,0.0,0.0,1.3936040501711995e+18,7.805,0.0,0,0,4,0,8422,0.0,45,0.0,0.0,0.0,0.0,0.0,0,0,0,0,0.0,0,0,0,0,0,0,0,0,0,0,0,0,0,0,0,0,0,0,0,0,0,0,0,0,0,0,0,0,0,0,0,0,0,38,14,7,45,65476,0,300,0,0,8,21553,0.0,-107605600.0,0.0,0.0,0.0,0.0,0.0,0.0,0.0,0.0,0.0,0.0,0.0,0.0,0.0,0.0,0.0,0.0,0.0,0.0,0.0,0.0,-2.004,-0.0,2.004,-2.004,0.0,0.0,0.0,0.0,4971.0,1.0406652570629681e+34,0.0,0.0,-0.0,0.0,2.718429120148166e+23,0.0,0.0,0.0,0.0,53,107615344.0,0.0,0.0,0.0,0.0,0.0,0.0,0.0,0.0,0,0,0,0.0,0.0,0.0,0.0,0.0,0.0,0.0,0.0,0.0,0.0,0.0,0.0,0.0,0.0,0.0,0.0,0,-107875648.0,53,0.0,106,-107614832.0,0.0,ERR,ERR,ERR,ERR,ERR,ERR,ERR,ERR,ERR,ERR,ERR,ERR,ERR,ERR,ERR,ERR,ERR,ERR,ERR,ERR,ERR,ERR,ERR,ERR,ERR,ERR,ERR,ERR,ERR,ERR,ERR,ERR,ERR,ERR,ERR,ERR,ERR,ERR,ERR,ERR,ERR,ERR,ERR,ERR,ERR,ERR,ERR,ERR,ERR,ERR,ERR,ERR,ERR,ERR,ERR,ERR,ERR,ERR,ERR,ERR,ERR,ERR,ERR,ERR,ERR,ERR,ERR,50.0,60.0,100,0.0,0.0,0.0,0.0,0.0,0.0,0.0,0.0,0.0,0.0,0.0,0.0,0.0,0.0,0.0,0.0,62.0,65,19,65521,50,65476,0,300,0,0,8,20529,65476,0,0,26214,60.0,0.0,0.0,0.0,0.0,0.0
2026-05-17T16:08:54,ERR,ERR,ERR,ERR,ERR,ERR,ERR,ERR,ERR,ERR,ERR,ERR,ERR,ERR,ERR,ERR,ERR,ERR,ERR,ERR,ERR,ERR,ERR,ERR,ERR,ERR,ERR,ERR,ERR,ERR,ERR,ERR,ERR,ERR,ERR,ERR,ERR,ERR,ERR,ERR,ERR,ERR,ERR,ERR,ERR,ERR,ERR,ERR,ERR,ERR,ERR,ERR,ERR,ERR,ERR,ERR,ERR,ERR,ERR,ERR,ERR,ERR,ERR,ERR,ERR,ERR,ERR,ERR,ERR,ERR,ERR,ERR,ERR,ERR,ERR,ERR,ERR,ERR,ERR,ERR,ERR,ERR,ERR,ERR,ERR,ERR,ERR,ERR,ERR,ERR,ERR,ERR,ERR,ERR,ERR,ERR,ERR,ERR,ERR,ERR,ERR,ERR,ERR,ERR,ERR,ERR,ERR,ERR,ERR,ERR,ERR,ERR,ERR,ERR,ERR,ERR,ERR,ERR,ERR,ERR,ERR,ERR,ERR,ERR,ERR,0.0,-0.0,-0.0,0.0,0.0,1.3936040501711995e+18,7.805,0.0,0,0,4,0,8422,0.0,45,0.0,0.0,0.0,0.0,0.0,0,0,0,0,0.0,0,0,0,0,0,0,0,0,0,0,0,0,0,0,0,0,0,0,0,0,0,0,0,0,0,0,0,0,0,0,0,0,0,38,14,7,45,65476,0,300,0,0,8,21553,0.0,-107605600.0,0.0,0.0,0.0,0.0,0.0,0.0,0.0,0.0,0.0,0.0,0.0,0.0,0.0,0.0,0.0,0.0,0.0,0.0,0.0,0.0,-2.004,-0.0,2.004,-2.004,0.0,0.0,0.0,0.0,4971.0,1.0406652570629681e+34,0.0,0.0,-0.0,0.0,2.718429120148166e+23,0.0,0.0,0.0,0.0,53,107615344.0,0.0,0.0,0.0,0.0,0.0,0.0,0.0,0.0,0,0,0,0.0,0.0,0.0,0.0,0.0,0.0,0.0,0.0,0.0,0.0,0.0,0.0,0.0,0.0,0.0,0.0,0,-107875648.0,53,0.0,106,-107614832.0,0.0,ERR,ERR,ERR,ERR,ERR,ERR,ERR,ERR,ERR,ERR,ERR,ERR,ERR,ERR,ERR,ERR,ERR,ERR,ERR,ERR,ERR,ERR,ERR,ERR,ERR,ERR,ERR,ERR,ERR,ERR,ERR,ERR,ERR,ERR,ERR,ERR,ERR,ERR,ERR,ERR,ERR,ERR,ERR,ERR,ERR,ERR,ERR,ERR,ERR,ERR,ERR,ERR,ERR,ERR,ERR,ERR,ERR,ERR,ERR,ERR,ERR,ERR,ERR,ERR,ERR,ERR,ERR,50.0,60.0,100,0.0,0.0,0.0,0.0,0.0,0.0,0.0,0.0,0.0,0.0,0.0,0.0,0.0,0.0,0.0,0.0,61.6,65,19,65521,50,65476,0,300,0,0,8,20529,65476,0,0,26214,60.0,0.0,0.0,0.0,0.0,0.0
2026-05-17T16:08:55,ERR,ERR,ERR,ERR,ERR,ERR,ERR,ERR,ERR,ERR,ERR,ERR,ERR,ERR,ERR,ERR,ERR,ERR,ERR,ERR,ERR,ERR,ERR,ERR,ERR,ERR,ERR,ERR,ERR,ERR,ERR,ERR,ERR,ERR,ERR,ERR,ERR,ERR,ERR,ERR,ERR,ERR,ERR,ERR,ERR,ERR,ERR,ERR,ERR,ERR,ERR,ERR,ERR,ERR,ERR,ERR,ERR,ERR,ERR,ERR,ERR,ERR,ERR,ERR,ERR,ERR,ERR,ERR,ERR,ERR,ERR,ERR,ERR,ERR,ERR,ERR,ERR,ERR,ERR,ERR,ERR,ERR,ERR,ERR,ERR,ERR,ERR,ERR,ERR,ERR,ERR,ERR,ERR,ERR,ERR,ERR,ERR,ERR,ERR,ERR,ERR,ERR,ERR,ERR,ERR,ERR,ERR,ERR,ERR,ERR,ERR,ERR,ERR,ERR,ERR,ERR,ERR,ERR,ERR,ERR,ERR,ERR,ERR,ERR,ERR,0.0,-0.0,-0.0,0.0,0.0,1.3936040501711995e+18,7.805,0.0,0,0,4,0,8422,0.0,45,0.0,0.0,0.0,0.0,0.0,0,0,0,0,0.0,0,0,0,0,0,0,0,0,0,0,0,0,0,0,0,0,0,0,0,0,0,0,0,0,0,0,0,0,0,0,0,0,0,38,14,7,45,65476,0,300,0,0,8,21553,0.0,-107605600.0,0.0,0.0,0.0,0.0,0.0,0.0,0.0,0.0,0.0,0.0,0.0,0.0,0.0,0.0,0.0,0.0,0.0,0.0,0.0,0.0,-2.004,-0.0,2.004,-2.004,0.0,0.0,0.0,0.0,4974.0,0.0,0.0,0.0,-0.0,0.0,2.718429120148166e+23,0.0,0.0,0.0,0.0,53,1.9056979486756045e+17,4.0668529024359166e+29,0.0,0.0,0.0,0.0,0.0,0.0,0.0,0,0,0,0.0,0.0,0.0,0.0,0.0,0.0,0.0,0.0,0.0,0.0,0.0,0.0,0.0,0.0,0.0,0.0,0,-107875648.0,53,0.0,106,-107614832.0,0.0,ERR,ERR,ERR,ERR,ERR,ERR,ERR,ERR,ERR,ERR,ERR,ERR,ERR,ERR,ERR,ERR,ERR,ERR,ERR,ERR,ERR,ERR,ERR,ERR,ERR,ERR,ERR,ERR,ERR,ERR,ERR,ERR,ERR,ERR,ERR,ERR,ERR,ERR,ERR,ERR,ERR,ERR,ERR,ERR,ERR,ERR,ERR,ERR,ERR,ERR,ERR,ERR,ERR,ERR,ERR,ERR,ERR,ERR,ERR,ERR,ERR,ERR,ERR,ERR,ERR,ERR,ERR,50.0,60.0,100,0.0,0.0,0.0,0.0,0.0,0.0,0.0,0.0,0.0,0.0,0.0,0.0,0.0,0.0,0.0,0.0,61.6,65,19,65521,50,65476,0,300,0,0,8,20529,65476,0,0,26214,60.0,0.0,0.0,0.0,0.0,0.0
2026-05-17T16:08:56,ERR,ERR,ERR,ERR,ERR,ERR,ERR,ERR,ERR,ERR,ERR,ERR,ERR,ERR,ERR,ERR,ERR,ERR,ERR,ERR,ERR,ERR,ERR,ERR,ERR,ERR,ERR,ERR,ERR,ERR,ERR,ERR,ERR,ERR,ERR,ERR,ERR,ERR,ERR,ERR,ERR,ERR,ERR,ERR,ERR,ERR,ERR,ERR,ERR,ERR,ERR,ERR,ERR,ERR,ERR,ERR,ERR,ERR,ERR,ERR,ERR,ERR,ERR,ERR,ERR,ERR,ERR,ERR,ERR,ERR,ERR,ERR,ERR,ERR,ERR,ERR,ERR,ERR,ERR,ERR,ERR,ERR,ERR,ERR,ERR,ERR,ERR,ERR,ERR,ERR,ERR,ERR,ERR,ERR,ERR,ERR,ERR,ERR,ERR,ERR,ERR,ERR,ERR,ERR,ERR,ERR,ERR,ERR,ERR,ERR,ERR,ERR,ERR,ERR,ERR,ERR,ERR,ERR,ERR,ERR,ERR,ERR,ERR,ERR,ERR,0.0,-0.0,-0.0,0.0,0.0,1.3936040501711995e+18,7.805,0.0,0,0,4,0,8422,0.0,45,0.0,0.0,0.0,0.0,0.0,0,0,0,0,0.0,0,0,0,0,0,0,0,0,0,0,0,0,0,0,0,0,0,0,0,0,0,0,0,0,0,0,0,0,0,0,0,0,0,38,14,7,45,65476,0,300,0,0,8,21553,0.0,-107605600.0,0.0,0.0,0.0,0.0,0.0,0.0,0.0,0.0,0.0,0.0,0.0,0.0,0.0,0.0,0.0,0.0,0.0,0.0,0.0,0.0,-2.004,-0.0,2.004,-2.004,0.0,0.0,0.0,0.0,4974.0,0.0,0.0,0.0,-0.0,0.0,2.718429120148166e+23,0.0,0.0,0.0,0.0,53,1.9056979486756045e+17,4.0668529024359166e+29,0.0,0.0,0.0,0.0,0.0,0.0,0.0,0,0,0,0.0,0.0,0.0,0.0,0.0,0.0,0.0,0.0,0.0,0.0,0.0,0.0,0.0,0.0,0.0,0.0,0,-107875648.0,53,0.0,106,-107614832.0,0.0,ERR,ERR,ERR,ERR,ERR,ERR,ERR,ERR,ERR,ERR,ERR,ERR,ERR,ERR,ERR,ERR,ERR,ERR,ERR,ERR,ERR,ERR,ERR,ERR,ERR,ERR,ERR,ERR,ERR,ERR,ERR,ERR,ERR,ERR,ERR,ERR,ERR,ERR,ERR,ERR,ERR,ERR,ERR,ERR,ERR,ERR,ERR,ERR,ERR,ERR,ERR,ERR,ERR,ERR,ERR,ERR,ERR,ERR,ERR,ERR,ERR,ERR,ERR,ERR,ERR,ERR,ERR,50.0,60.0,100,0.0,0.0,0.0,0.0,0.0,0.0,0.0,0.0,0.0,0.0,0.0,0.0,0.0,0.0,0.0,0.0,61.6,65,19,65521,50,65476,0,300,0,0,8,20529,65476,0,0,26214,60.0,0.0,0.0,0.0,0.0,0.0
2026-05-17T16:08:57,ERR,ERR,ERR,ERR,ERR,ERR,ERR,ERR,ERR,ERR,ERR,ERR,ERR,ERR,ERR,ERR,ERR,ERR,ERR,ERR,ERR,ERR,ERR,ERR,ERR,ERR,ERR,ERR,ERR,ERR,ERR,ERR,ERR,ERR,ERR,ERR,ERR,ERR,ERR,ERR,ERR,ERR,ERR,ERR,ERR,ERR,ERR,ERR,ERR,ERR,ERR,ERR,ERR,ERR,ERR,ERR,ERR,ERR,ERR,ERR,ERR,ERR,ERR,ERR,ERR,ERR,ERR,ERR,ERR,ERR,ERR,ERR,ERR,ERR,ERR,ERR,ERR,ERR,ERR,ERR,ERR,ERR,ERR,ERR,ERR,ERR,ERR,ERR,ERR,ERR,ERR,ERR,ERR,ERR,ERR,ERR,ERR,ERR,ERR,ERR,ERR,ERR,ERR,ERR,ERR,ERR,ERR,ERR,ERR,ERR,ERR,ERR,ERR,ERR,ERR,ERR,ERR,ERR,ERR,ERR,ERR,ERR,ERR,ERR,ERR,0.0,-0.0,-0.0,0.0,0.0,1.3936040501711995e+18,7.805,0.0,0,0,4,0,8422,0.0,45,0.0,0.0,0.0,0.0,0.0,0,0,0,0,0.0,0,0,0,0,0,0,0,0,0,0,0,0,0,0,0,0,0,0,0,0,0,0,0,0,0,0,0,0,0,0,0,0,0,38,14,7,45,65476,0,300,0,0,8,21553,0.0,-107605600.0,0.0,0.0,0.0,0.0,0.0,0.0,0.0,0.0,0.0,0.0,0.0,0.0,0.0,0.0,0.0,0.0,0.0,0.0,0.0,0.0,-2.004,-0.0,2.004,-2.004,0.0,0.0,0.0,0.0,4974.0,0.0,0.0,0.0,-0.0,0.0,2.718429120148166e+23,0.0,0.0,0.0,0.0,53,1.9056979486756045e+17,4.0668529024359166e+29,0.0,0.0,0.0,0.0,0.0,0.0,0.0,0,0,0,0.0,0.0,0.0,0.0,0.0,0.0,0.0,0.0,0.0,0.0,0.0,0.0,0.0,0.0,0.0,0.0,0,-107875648.0,53,0.0,106,-107614832.0,0.0,ERR,ERR,ERR,ERR,ERR,ERR,ERR,ERR,ERR,ERR,ERR,ERR,ERR,ERR,ERR,ERR,ERR,ERR,ERR,ERR,ERR,ERR,ERR,ERR,ERR,ERR,ERR,ERR,ERR,ERR,ERR,ERR,ERR,ERR,ERR,ERR,ERR,ERR,ERR,ERR,ERR,ERR,ERR,ERR,ERR,ERR,ERR,ERR,ERR,ERR,ERR,ERR,ERR,ERR,ERR,ERR,ERR,ERR,ERR,ERR,ERR,ERR,ERR,ERR,ERR,ERR,ERR,50.0,60.0,100,0.0,0.0,0.0,0.0,0.0,0.0,0.0,0.0,0.0,0.0,0.0,0.0,0.0,0.0,0.0,0.0,61.6,65,19,65521,50,65476,0,300,0,0,8,20529,65476,0,0,26214,60.0,0.0,0.0,0.0,0.0,0.0
2026-05-17T16:08:58,ERR,ERR,ERR,ERR,ERR,ERR,ERR,ERR,ERR,ERR,ERR,ERR,ERR,ERR,ERR,ERR,ERR,ERR,ERR,ERR,ERR,ERR,ERR,ERR,ERR,ERR,ERR,ERR,ERR,ERR,ERR,ERR,ERR,ERR,ERR,ERR,ERR,ERR,ERR,ERR,ERR,ERR,ERR,ERR,ERR,ERR,ERR,ERR,ERR,ERR,ERR,ERR,ERR,ERR,ERR,ERR,ERR,ERR,ERR,ERR,ERR,ERR,ERR,ERR,ERR,ERR,ERR,ERR,ERR,ERR,ERR,ERR,ERR,ERR,ERR,ERR,ERR,ERR,ERR,ERR,ERR,ERR,ERR,ERR,ERR,ERR,ERR,ERR,ERR,ERR,ERR,ERR,ERR,ERR,ERR,ERR,ERR,ERR,ERR,ERR,ERR,ERR,ERR,ERR,ERR,ERR,ERR,ERR,ERR,ERR,ERR,ERR,ERR,ERR,ERR,ERR,ERR,ERR,ERR,ERR,ERR,ERR,ERR,ERR,ERR,0.0,-0.0,-0.0,0.0,0.0,1.3936040501711995e+18,7.805,0.0,0,0,4,0,8422,0.0,45,0.0,0.0,0.0,0.0,0.0,0,0,0,0,0.0,0,0,0,0,0,0,0,0,0,0,0,0,0,0,0,0,0,0,0,0,0,0,0,0,0,0,0,0,0,0,0,0,0,38,14,7,45,65476,0,300,0,0,8,21553,0.0,-107605600.0,0.0,0.0,0.0,0.0,0.0,0.0,0.0,0.0,0.0,0.0,0.0,0.0,0.0,0.0,0.0,0.0,0.0,0.0,0.0,0.0,-2.004,-0.0,2.004,-2.004,0.0,0.0,0.0,0.0,4974.0,0.0,0.0,0.0,-0.0,0.0,2.718429120148166e+23,0.0,0.0,0.0,0.0,53,1.9056979486756045e+17,4.0668529024359166e+29,0.0,0.0,0.0,0.0,0.0,0.0,0.0,0,0,0,0.0,0.0,0.0,0.0,0.0,0.0,0.0,0.0,0.0,0.0,0.0,0.0,0.0,0.0,0.0,0.0,0,-107875648.0,53,0.0,106,-107614832.0,0.0,ERR,ERR,ERR,ERR,ERR,ERR,ERR,ERR,ERR,ERR,ERR,ERR,ERR,ERR,ERR,ERR,ERR,ERR,ERR,ERR,ERR,ERR,ERR,ERR,ERR,ERR,ERR,ERR,ERR,ERR,ERR,ERR,ERR,ERR,ERR,ERR,ERR,ERR,ERR,ERR,ERR,ERR,ERR,ERR,ERR,ERR,ERR,ERR,ERR,ERR,ERR,ERR,ERR,ERR,ERR,ERR,ERR,ERR,ERR,ERR,ERR,ERR,ERR,ERR,ERR,ERR,ERR,50.0,60.0,100,0.0,0.0,0.0,0.0,0.0,0.0,0.0,0.0,0.0,0.0,0.0,0.0,0.0,0.0,0.0,0.0,61.6,65,19,65521,50,65476,0,300,0,0,8,20529,65476,0,0,26214,60.0,0.0,0.0,0.0,0.0,0.0
2026-05-17T16:08:59,ERR,ERR,ERR,ERR,ERR,ERR,ERR,ERR,ERR,ERR,ERR,ERR,ERR,ERR,ERR,ERR,ERR,ERR,ERR,ERR,ERR,ERR,ERR,ERR,ERR,ERR,ERR,ERR,ERR,ERR,ERR,ERR,ERR,ERR,ERR,ERR,ERR,ERR,ERR,ERR,ERR,ERR,ERR,ERR,ERR,ERR,ERR,ERR,ERR,ERR,ERR,ERR,ERR,ERR,ERR,ERR,ERR,ERR,ERR,ERR,ERR,ERR,ERR,ERR,ERR,ERR,ERR,ERR,ERR,ERR,ERR,ERR,ERR,ERR,ERR,ERR,ERR,ERR,ERR,ERR,ERR,ERR,ERR,ERR,ERR,ERR,ERR,ERR,ERR,ERR,ERR,ERR,ERR,ERR,ERR,ERR,ERR,ERR,ERR,ERR,ERR,ERR,ERR,ERR,ERR,ERR,ERR,ERR,ERR,ERR,ERR,ERR,ERR,ERR,ERR,ERR,ERR,ERR,ERR,ERR,ERR,ERR,ERR,ERR,ERR,0.0,-0.0,-0.0,0.0,0.0,1.3936040501711995e+18,7.805,0.0,0,0,4,0,8422,0.0,45,0.0,0.0,0.0,0.0,0.0,0,0,0,0,0.0,0,0,0,0,0,0,0,0,0,0,0,0,0,0,0,0,0,0,0,0,0,0,0,0,0,0,0,0,0,0,0,0,0,38,14,7,45,65476,0,300,0,0,8,21553,0.0,-107605600.0,0.0,0.0,0.0,0.0,0.0,0.0,0.0,0.0,0.0,0.0,0.0,0.0,0.0,0.0,0.0,0.0,0.0,0.0,0.0,0.0,-2.004,-0.0,2.004,-2.004,0.0,0.0,0.0,0.0,4974.0,0.0,0.0,0.0,-0.0,0.0,2.718429120148166e+23,0.0,0.0,0.0,0.0,53,1.9056979486756045e+17,4.0668529024359166e+29,0.0,0.0,0.0,0.0,0.0,0.0,0.0,0,0,0,0.0,0.0,0.0,0.0,0.0,0.0,0.0,0.0,0.0,0.0,0.0,0.0,0.0,0.0,0.0,0.0,0,-107875648.0,53,0.0,106,-107614832.0,0.0,ERR,ERR,ERR,ERR,ERR,ERR,ERR,ERR,ERR,ERR,ERR,ERR,ERR,ERR,ERR,ERR,ERR,ERR,ERR,ERR,ERR,ERR,ERR,ERR,ERR,ERR,ERR,ERR,ERR,ERR,ERR,ERR,ERR,ERR,ERR,ERR,ERR,ERR,ERR,ERR,ERR,ERR,ERR,ERR,ERR,ERR,ERR,ERR,ERR,ERR,ERR,ERR,ERR,ERR,ERR,ERR,ERR,ERR,ERR,ERR,ERR,ERR,ERR,ERR,ERR,ERR,ERR,50.0,60.0,100,0.0,0.0,0.0,0.0,0.0,0.0,0.0,0.0,0.0,0.0,0.0,0.0,0.0,0.0,0.0,0.0,61.6,65,19,65521,50,65476,0,300,0,0,8,20529,65476,0,0,26214,60.0,0.0,0.0,0.0,0.0,0.0
2026-05-17T16:09:00,ERR,ERR,ERR,ERR,ERR,ERR,ERR,ERR,ERR,ERR,ERR,ERR,ERR,ERR,ERR,ERR,ERR,ERR,ERR,ERR,ERR,ERR,ERR,ERR,ERR,ERR,ERR,ERR,ERR,ERR,ERR,ERR,ERR,ERR,ERR,ERR,ERR,ERR,ERR,ERR,ERR,ERR,ERR,ERR,ERR,ERR,ERR,ERR,ERR,ERR,ERR,ERR,ERR,ERR,ERR,ERR,ERR,ERR,ERR,ERR,ERR,ERR,ERR,ERR,ERR,ERR,ERR,ERR,ERR,ERR,ERR,ERR,ERR,ERR,ERR,ERR,ERR,ERR,ERR,ERR,ERR,ERR,ERR,ERR,ERR,ERR,ERR,ERR,ERR,ERR,ERR,ERR,ERR,ERR,ERR,ERR,ERR,ERR,ERR,ERR,ERR,ERR,ERR,ERR,ERR,ERR,ERR,ERR,ERR,ERR,ERR,ERR,ERR,ERR,ERR,ERR,ERR,ERR,ERR,ERR,ERR,ERR,ERR,ERR,ERR,0.0,-0.0,-0.0,0.0,0.0,1.3936040501711995e+18,7.805,0.0,0,0,4,0,8422,0.0,45,0.0,0.0,0.0,0.0,0.0,0,0,0,0,0.0,0,0,0,0,0,0,0,0,0,0,0,0,0,0,0,0,0,0,0,0,0,0,0,0,0,0,0,0,0,0,0,0,0,38,14,7,45,65476,0,300,0,0,8,21553,0.0,-107605600.0,0.0,0.0,0.0,0.0,0.0,0.0,0.0,0.0,0.0,0.0,0.0,0.0,0.0,0.0,0.0,0.0,0.0,0.0,0.0,0.0,-2.004,-0.0,-0.0,-2.004,0.0,0.0,0.0,0.0,4976.0,0.0,0.0,0.0,-0.0,0.0,2.718429120148166e+23,0.0,0.0,0.0,0.0,53,2.7184300208680915e+23,-0.0,0.0,0.0,0.0,0.0,0.0,0.0,0.0,0,0,0,0.0,0.0,0.0,0.0,0.0,0.0,0.0,0.0,0.0,0.0,0.0,0.0,0.0,0.0,0.0,0.0,0,-107875648.0,53,0.0,106,-107614832.0,0.0,ERR,ERR,ERR,ERR,ERR,ERR,ERR,ERR,ERR,ERR,ERR,ERR,ERR,ERR,ERR,ERR,ERR,ERR,ERR,ERR,ERR,ERR,ERR,ERR,ERR,ERR,ERR,ERR,ERR,ERR,ERR,ERR,ERR,ERR,ERR,ERR,ERR,ERR,ERR,ERR,ERR,ERR,ERR,ERR,ERR,ERR,ERR,ERR,ERR,ERR,ERR,ERR,ERR,ERR,ERR,ERR,ERR,ERR,ERR,ERR,ERR,ERR,ERR,ERR,ERR,ERR,ERR,50.0,60.0,100,0.0,0.0,0.0,0.0,0.0,0.0,0.0,0.0,0.0,0.0,0.0,0.0,0.0,0.0,0.0,0.0,61.6,65,19,65521,50,65476,0,300,0,0,8,20529,65476,0,0,26214,60.0,0.0,0.0,0.0,0.0,0.0
2026-05-17T16:09:01,ERR,ERR,ERR,ERR,ERR,ERR,ERR,ERR,ERR,ERR,ERR,ERR,ERR,ERR,ERR,ERR,ERR,ERR,ERR,ERR,ERR,ERR,ERR,ERR,ERR,ERR,ERR,ERR,ERR,ERR,ERR,ERR,ERR,ERR,ERR,ERR,ERR,ERR,ERR,ERR,ERR,ERR,ERR,ERR,ERR,ERR,ERR,ERR,ERR,ERR,ERR,ERR,ERR,ERR,ERR,ERR,ERR,ERR,ERR,ERR,ERR,ERR,ERR,ERR,ERR,ERR,ERR,ERR,ERR,ERR,ERR,ERR,ERR,ERR,ERR,ERR,ERR,ERR,ERR,ERR,ERR,ERR,ERR,ERR,ERR,ERR,ERR,ERR,ERR,ERR,ERR,ERR,ERR,ERR,ERR,ERR,ERR,ERR,ERR,ERR,ERR,ERR,ERR,ERR,ERR,ERR,ERR,ERR,ERR,ERR,ERR,ERR,ERR,ERR,ERR,ERR,ERR,ERR,ERR,ERR,ERR,ERR,ERR,ERR,ERR,0.0,-0.0,-0.0,0.0,0.0,1.3936040501711995e+18,7.805,0.0,0,0,4,0,8422,0.0,45,0.0,0.0,0.0,0.0,0.0,0,0,0,0,0.0,0,0,0,0,0,0,0,0,0,0,0,0,0,0,0,0,0,0,0,0,0,0,0,0,0,0,0,0,0,0,0,0,0,38,14,7,45,65476,0,300,0,0,8,21553,0.0,-107605600.0,0.0,0.0,0.0,0.0,0.0,0.0,0.0,0.0,0.0,0.0,0.0,0.0,0.0,0.0,0.0,0.0,0.0,0.0,0.0,0.0,-2.004,-0.0,-0.0,-2.004,0.0,0.0,0.0,0.0,4976.0,0.0,0.0,0.0,-0.0,0.0,2.718429120148166e+23,0.0,0.0,0.0,0.0,53,2.7184300208680915e+23,-0.0,0.0,0.0,0.0,0.0,0.0,0.0,0.0,0,0,0,0.0,0.0,0.0,0.0,0.0,0.0,0.0,0.0,0.0,0.0,0.0,0.0,0.0,0.0,0.0,0.0,0,-107875648.0,53,0.0,106,-107614832.0,0.0,ERR,ERR,ERR,ERR,ERR,ERR,ERR,ERR,ERR,ERR,ERR,ERR,ERR,ERR,ERR,ERR,ERR,ERR,ERR,ERR,ERR,ERR,ERR,ERR,ERR,ERR,ERR,ERR,ERR,ERR,ERR,ERR,ERR,ERR,ERR,ERR,ERR,ERR,ERR,ERR,ERR,ERR,ERR,ERR,ERR,ERR,ERR,ERR,ERR,ERR,ERR,ERR,ERR,ERR,ERR,ERR,ERR,ERR,ERR,ERR,ERR,ERR,ERR,ERR,ERR,ERR,ERR,50.0,60.0,100,0.0,0.0,0.0,0.0,0.0,0.0,0.0,0.0,0.0,0.0,0.0,0.0,0.0,0.0,0.0,0.0,62.0,65,19,65521,50,65476,0,300,0,0,8,20529,65476,0,0,26214,60.0,0.0,0.0,0.0,0.0,0.0
2026-05-17T16:09:02,ERR,ERR,ERR,ERR,ERR,ERR,ERR,ERR,ERR,ERR,ERR,ERR,ERR,ERR,ERR,ERR,ERR,ERR,ERR,ERR,ERR,ERR,ERR,ERR,ERR,ERR,ERR,ERR,ERR,ERR,ERR,ERR,ERR,ERR,ERR,ERR,ERR,ERR,ERR,ERR,ERR,ERR,ERR,ERR,ERR,ERR,ERR,ERR,ERR,ERR,ERR,ERR,ERR,ERR,ERR,ERR,ERR,ERR,ERR,ERR,ERR,ERR,ERR,ERR,ERR,ERR,ERR,ERR,ERR,ERR,ERR,ERR,ERR,ERR,ERR,ERR,ERR,ERR,ERR,ERR,ERR,ERR,ERR,ERR,ERR,ERR,ERR,ERR,ERR,ERR,ERR,ERR,ERR,ERR,ERR,ERR,ERR,ERR,ERR,ERR,ERR,ERR,ERR,ERR,ERR,ERR,ERR,ERR,ERR,ERR,ERR,ERR,ERR,ERR,ERR,ERR,ERR,ERR,ERR,ERR,ERR,ERR,ERR,ERR,ERR,0.0,-0.0,-0.0,0.0,0.0,1.3936040501711995e+18,7.805,0.0,0,0,4,0,8422,0.0,45,0.0,0.0,0.0,0.0,0.0,0,0,0,0,0.0,0,0,0,0,0,0,0,0,0,0,0,0,0,0,0,0,0,0,0,0,0,0,0,0,0,0,0,0,0,0,0,0,0,38,14,7,45,65476,0,300,0,0,8,21553,0.0,-107605600.0,0.0,0.0,0.0,0.0,0.0,0.0,0.0,0.0,0.0,0.0,0.0,0.0,0.0,0.0,0.0,0.0,0.0,0.0,0.0,0.0,-2.004,-0.0,-0.0,-2.004,0.0,0.0,0.0,0.0,4976.0,0.0,0.0,0.0,-0.0,0.0,2.718429120148166e+23,0.0,0.0,0.0,0.0,53,2.7184300208680915e+23,-0.0,0.0,0.0,0.0,0.0,0.0,0.0,0.0,0,0,0,0.0,0.0,0.0,0.0,0.0,0.0,0.0,0.0,0.0,0.0,0.0,0.0,0.0,0.0,0.0,0.0,0,-107875648.0,53,0.0,106,-107614832.0,0.0,ERR,ERR,ERR,ERR,ERR,ERR,ERR,ERR,ERR,ERR,ERR,ERR,ERR,ERR,ERR,ERR,ERR,ERR,ERR,ERR,ERR,ERR,ERR,ERR,ERR,ERR,ERR,ERR,ERR,ERR,ERR,ERR,ERR,ERR,ERR,ERR,ERR,ERR,ERR,ERR,ERR,ERR,ERR,ERR,ERR,ERR,ERR,ERR,ERR,ERR,ERR,ERR,ERR,ERR,ERR,ERR,ERR,ERR,ERR,ERR,ERR,ERR,ERR,ERR,ERR,ERR,ERR,50.0,60.0,100,0.0,0.0,0.0,0.0,0.0,0.0,0.0,0.0,0.0,0.0,0.0,0.0,0.0,0.0,0.0,0.0,62.0,65,19,65521,50,65476,0,300,0,0,8,20529,65476,0,0,26214,60.0,0.0,0.0,0.0,0.0,0.0
2026-05-17T16:09:03,ERR,ERR,ERR,ERR,ERR,ERR,ERR,ERR,ERR,ERR,ERR,ERR,ERR,ERR,ERR,ERR,ERR,ERR,ERR,ERR,ERR,ERR,ERR,ERR,ERR,ERR,ERR,ERR,ERR,ERR,ERR,ERR,ERR,ERR,ERR,ERR,ERR,ERR,ERR,ERR,ERR,ERR,ERR,ERR,ERR,ERR,ERR,ERR,ERR,ERR,ERR,ERR,ERR,ERR,ERR,ERR,ERR,ERR,ERR,ERR,ERR,ERR,ERR,ERR,ERR,ERR,ERR,ERR,ERR,ERR,ERR,ERR,ERR,ERR,ERR,ERR,ERR,ERR,ERR,ERR,ERR,ERR,ERR,ERR,ERR,ERR,ERR,ERR,ERR,ERR,ERR,ERR,ERR,ERR,ERR,ERR,ERR,ERR,ERR,ERR,ERR,ERR,ERR,ERR,ERR,ERR,ERR,ERR,ERR,ERR,ERR,ERR,ERR,ERR,ERR,ERR,ERR,ERR,ERR,ERR,ERR,ERR,ERR,ERR,ERR,0.0,-0.0,-0.0,0.0,0.0,1.3936040501711995e+18,7.805,0.0,0,0,4,0,8422,0.0,45,0.0,0.0,0.0,0.0,0.0,0,0,0,0,0.0,0,0,0,0,0,0,0,0,0,0,0,0,0,0,0,0,0,0,0,0,0,0,0,0,0,0,0,0,0,0,0,0,0,38,14,7,45,65476,0,300,0,0,8,21553,0.0,-107605600.0,0.0,0.0,0.0,0.0,0.0,0.0,0.0,0.0,0.0,0.0,0.0,0.0,0.0,0.0,0.0,0.0,0.0,0.0,0.0,0.0,-2.004,-0.0,-0.0,-2.004,0.0,0.0,0.0,0.0,4976.0,0.0,0.0,0.0,-0.0,0.0,2.718429120148166e+23,0.0,0.0,0.0,0.0,53,2.7184300208680915e+23,-0.0,0.0,0.0,0.0,0.0,0.0,0.0,0.0,0,0,0,0.0,0.0,0.0,0.0,0.0,0.0,0.0,0.0,0.0,0.0,0.0,0.0,0.0,0.0,0.0,0.0,0,-107875648.0,53,0.0,106,-107614832.0,0.0,ERR,ERR,ERR,ERR,ERR,ERR,ERR,ERR,ERR,ERR,ERR,ERR,ERR,ERR,ERR,ERR,ERR,ERR,ERR,ERR,ERR,ERR,ERR,ERR,ERR,ERR,ERR,ERR,ERR,ERR,ERR,ERR,ERR,ERR,ERR,ERR,ERR,ERR,ERR,ERR,ERR,ERR,ERR,ERR,ERR,ERR,ERR,ERR,ERR,ERR,ERR,ERR,ERR,ERR,ERR,ERR,ERR,ERR,ERR,ERR,ERR,ERR,ERR,ERR,ERR,ERR,ERR,50.0,60.0,100,0.0,0.0,0.0,0.0,0.0,0.0,0.0,0.0,0.0,0.0,0.0,0.0,0.0,0.0,0.0,0.0,62.0,65,19,65521,50,65476,0,300,0,0,8,20529,65476,0,0,26214,60.0,0.0,0.0,0.0,0.0,0.0
2026-05-17T16:09:04,ERR,ERR,ERR,ERR,ERR,ERR,ERR,ERR,ERR,ERR,ERR,ERR,ERR,ERR,ERR,ERR,ERR,ERR,ERR,ERR,ERR,ERR,ERR,ERR,ERR,ERR,ERR,ERR,ERR,ERR,ERR,ERR,ERR,ERR,ERR,ERR,ERR,ERR,ERR,ERR,ERR,ERR,ERR,ERR,ERR,ERR,ERR,ERR,ERR,ERR,ERR,ERR,ERR,ERR,ERR,ERR,ERR,ERR,ERR,ERR,ERR,ERR,ERR,ERR,ERR,ERR,ERR,ERR,ERR,ERR,ERR,ERR,ERR,ERR,ERR,ERR,ERR,ERR,ERR,ERR,ERR,ERR,ERR,ERR,ERR,ERR,ERR,ERR,ERR,ERR,ERR,ERR,ERR,ERR,ERR,ERR,ERR,ERR,ERR,ERR,ERR,ERR,ERR,ERR,ERR,ERR,ERR,ERR,ERR,ERR,ERR,ERR,ERR,ERR,ERR,ERR,ERR,ERR,ERR,ERR,ERR,ERR,ERR,ERR,ERR,0.0,-0.0,-0.0,0.0,0.0,1.3936040501711995e+18,7.805,0.0,0,0,4,0,8422,0.0,45,0.0,0.0,0.0,0.0,0.0,0,0,0,0,0.0,0,0,0,0,0,0,0,0,0,0,0,0,0,0,0,0,0,0,0,0,0,0,0,0,0,0,0,0,0,0,0,0,0,38,14,7,45,65476,0,300,0,0,8,21553,0.0,-107605600.0,0.0,0.0,0.0,0.0,0.0,0.0,0.0,0.0,0.0,0.0,0.0,0.0,0.0,0.0,0.0,0.0,0.0,0.0,0.0,0.0,-2.004,-0.0,-0.0,-2.004,0.0,0.0,0.0,0.0,4976.0,0.0,0.0,0.0,-0.0,0.0,2.718429120148166e+23,0.0,0.0,0.0,0.0,53,2.7184300208680915e+23,-0.0,0.0,0.0,0.0,0.0,0.0,0.0,0.0,0,0,0,0.0,0.0,0.0,0.0,0.0,0.0,0.0,0.0,0.0,0.0,0.0,0.0,0.0,0.0,0.0,0.0,0,-107875648.0,53,0.0,106,-107614832.0,0.0,ERR,ERR,ERR,ERR,ERR,ERR,ERR,ERR,ERR,ERR,ERR,ERR,ERR,ERR,ERR,ERR,ERR,ERR,ERR,ERR,ERR,ERR,ERR,ERR,ERR,ERR,ERR,ERR,ERR,ERR,ERR,ERR,ERR,ERR,ERR,ERR,ERR,ERR,ERR,ERR,ERR,ERR,ERR,ERR,ERR,ERR,ERR,ERR,ERR,ERR,ERR,ERR,ERR,ERR,ERR,ERR,ERR,ERR,ERR,ERR,ERR,ERR,ERR,ERR,ERR,ERR,ERR,50.0,60.0,100,0.0,0.0,0.0,0.0,0.0,0.0,0.0,0.0,0.0,0.0,0.0,0.0,0.0,0.0,0.0,0.0,62.0,65,19,65521,50,65476,0,300,0,0,8,20529,65476,0,0,26214,60.0,0.0,0.0,0.0,0.0,0.0
2026-05-17T16:09:05,ERR,ERR,ERR,ERR,ERR,ERR,ERR,ERR,ERR,ERR,ERR,ERR,ERR,ERR,ERR,ERR,ERR,ERR,ERR,ERR,ERR,ERR,ERR,ERR,ERR,ERR,ERR,ERR,ERR,ERR,ERR,ERR,ERR,ERR,ERR,ERR,ERR,ERR,ERR,ERR,ERR,ERR,ERR,ERR,ERR,ERR,ERR,ERR,ERR,ERR,ERR,ERR,ERR,ERR,ERR,ERR,ERR,ERR,ERR,ERR,ERR,ERR,ERR,ERR,ERR,ERR,ERR,ERR,ERR,ERR,ERR,ERR,ERR,ERR,ERR,ERR,ERR,ERR,ERR,ERR,ERR,ERR,ERR,ERR,ERR,ERR,ERR,ERR,ERR,ERR,ERR,ERR,ERR,ERR,ERR,ERR,ERR,ERR,ERR,ERR,ERR,ERR,ERR,ERR,ERR,ERR,ERR,ERR,ERR,ERR,ERR,ERR,ERR,ERR,ERR,ERR,ERR,ERR,ERR,ERR,ERR,ERR,ERR,ERR,ERR,0.0,-0.0,-0.0,0.0,0.0,1.3936040501711995e+18,7.805,0.0,0,0,4,0,8422,0.0,45,0.0,0.0,0.0,0.0,0.0,0,0,0,0,0.0,0,0,0,0,0,0,0,0,0,0,0,0,0,0,0,0,0,0,0,0,0,0,0,0,0,0,0,0,0,0,0,0,0,38,14,7,45,65476,0,300,0,0,8,21553,0.0,-107605600.0,0.0,0.0,0.0,0.0,0.0,0.0,0.0,0.0,0.0,0.0,0.0,0.0,0.0,0.0,0.0,0.0,0.0,0.0,0.0,0.0,-2.004,-0.0,2.004,-2.004,0.0,0.0,0.0,0.0,4970.0,2.004,0.0,0.0,-0.0,0.0,2.718429120148166e+23,0.0,0.0,0.0,0.0,53,89221.109,-0.0,0.0,0.0,0.0,0.0,0.0,0.0,0.0,0,0,0,0.0,0.0,0.0,0.0,0.0,0.0,0.0,0.0,0.0,0.0,0.0,0.0,0.0,0.0,0.0,0.0,0,-107875648.0,53,0.0,106,-107614832.0,0.0,ERR,ERR,ERR,ERR,ERR,ERR,ERR,ERR,ERR,ERR,ERR,ERR,ERR,ERR,ERR,ERR,ERR,ERR,ERR,ERR,ERR,ERR,ERR,ERR,ERR,ERR,ERR,ERR,ERR,ERR,ERR,ERR,ERR,ERR,ERR,ERR,ERR,ERR,ERR,ERR,ERR,ERR,ERR,ERR,ERR,ERR,ERR,ERR,ERR,ERR,ERR,ERR,ERR,ERR,ERR,ERR,ERR,ERR,ERR,ERR,ERR,ERR,ERR,ERR,ERR,ERR,ERR,50.0,60.0,100,0.0,0.0,0.0,0.0,0.0,0.0,0.0,0.0,0.0,0.0,0.0,0.0,0.0,0.0,0.0,0.0,61.6,65,19,65521,50,65476,0,300,0,0,8,20529,65476,0,0,26214,60.0,0.0,0.0,0.0,0.0,0.0
2026-05-17T16:09:06,ERR,ERR,ERR,ERR,ERR,ERR,ERR,ERR,ERR,ERR,ERR,ERR,ERR,ERR,ERR,ERR,ERR,ERR,ERR,ERR,ERR,ERR,ERR,ERR,ERR,ERR,ERR,ERR,ERR,ERR,ERR,ERR,ERR,ERR,ERR,ERR,ERR,ERR,ERR,ERR,ERR,ERR,ERR,ERR,ERR,ERR,ERR,ERR,ERR,ERR,ERR,ERR,ERR,ERR,ERR,ERR,ERR,ERR,ERR,ERR,ERR,ERR,ERR,ERR,ERR,ERR,ERR,ERR,ERR,ERR,ERR,ERR,ERR,ERR,ERR,ERR,ERR,ERR,ERR,ERR,ERR,ERR,ERR,ERR,ERR,ERR,ERR,ERR,ERR,ERR,ERR,ERR,ERR,ERR,ERR,ERR,ERR,ERR,ERR,ERR,ERR,ERR,ERR,ERR,ERR,ERR,ERR,ERR,ERR,ERR,ERR,ERR,ERR,ERR,ERR,ERR,ERR,ERR,ERR,ERR,ERR,ERR,ERR,ERR,ERR,0.0,-0.0,-0.0,0.0,0.0,1.3936040501711995e+18,7.805,0.0,0,0,4,0,8422,0.0,45,0.0,0.0,0.0,0.0,0.0,0,0,0,0,0.0,0,0,0,0,0,0,0,0,0,0,0,0,0,0,0,0,0,0,0,0,0,0,0,0,0,0,0,0,0,0,0,0,0,38,14,7,45,65476,0,300,0,0,8,21553,0.0,-107605600.0,0.0,0.0,0.0,0.0,0.0,0.0,0.0,0.0,0.0,0.0,0.0,0.0,0.0,0.0,0.0,0.0,0.0,0.0,0.0,0.0,-2.004,-0.0,2.004,-2.004,0.0,0.0,0.0,0.0,4970.0,2.004,0.0,0.0,-0.0,0.0,2.718429120148166e+23,0.0,0.0,0.0,0.0,53,89221.109,-0.0,0.0,0.0,0.0,0.0,0.0,0.0,0.0,0,0,0,0.0,0.0,0.0,0.0,0.0,0.0,0.0,0.0,0.0,0.0,0.0,0.0,0.0,0.0,0.0,0.0,0,-107875648.0,53,0.0,106,-107614832.0,0.0,ERR,ERR,ERR,ERR,ERR,ERR,ERR,ERR,ERR,ERR,ERR,ERR,ERR,ERR,ERR,ERR,ERR,ERR,ERR,ERR,ERR,ERR,ERR,ERR,ERR,ERR,ERR,ERR,ERR,ERR,ERR,ERR,ERR,ERR,ERR,ERR,ERR,ERR,ERR,ERR,ERR,ERR,ERR,ERR,ERR,ERR,ERR,ERR,ERR,ERR,ERR,ERR,ERR,ERR,ERR,ERR,ERR,ERR,ERR,ERR,ERR,ERR,ERR,ERR,ERR,ERR,ERR,50.0,60.0,100,0.0,0.0,0.0,0.0,0.0,0.0,0.0,0.0,0.0,0.0,0.0,0.0,0.0,0.0,0.0,0.0,61.6,65,19,65521,50,65476,0,300,0,0,8,20529,65476,0,0,26214,60.0,0.0,0.0,0.0,0.0,0.0
2026-05-17T16:09:07,ERR,ERR,ERR,ERR,ERR,ERR,ERR,ERR,ERR,ERR,ERR,ERR,ERR,ERR,ERR,ERR,ERR,ERR,ERR,ERR,ERR,ERR,ERR,ERR,ERR,ERR,ERR,ERR,ERR,ERR,ERR,ERR,ERR,ERR,ERR,ERR,ERR,ERR,ERR,ERR,ERR,ERR,ERR,ERR,ERR,ERR,ERR,ERR,ERR,ERR,ERR,ERR,ERR,ERR,ERR,ERR,ERR,ERR,ERR,ERR,ERR,ERR,ERR,ERR,ERR,ERR,ERR,ERR,ERR,ERR,ERR,ERR,ERR,ERR,ERR,ERR,ERR,ERR,ERR,ERR,ERR,ERR,ERR,ERR,ERR,ERR,ERR,ERR,ERR,ERR,ERR,ERR,ERR,ERR,ERR,ERR,ERR,ERR,ERR,ERR,ERR,ERR,ERR,ERR,ERR,ERR,ERR,ERR,ERR,ERR,ERR,ERR,ERR,ERR,ERR,ERR,ERR,ERR,ERR,ERR,ERR,ERR,ERR,ERR,ERR,0.0,-0.0,-0.0,0.0,0.0,1.3936040501711995e+18,7.805,0.0,0,0,4,0,8422,0.0,45,0.0,0.0,0.0,0.0,0.0,0,0,0,0,0.0,0,0,0,0,0,0,0,0,0,0,0,0,0,0,0,0,0,0,0,0,0,0,0,0,0,0,0,0,0,0,0,0,0,38,14,7,45,65476,0,300,0,0,8,21553,0.0,-107605600.0,0.0,0.0,0.0,0.0,0.0,0.0,0.0,0.0,0.0,0.0,0.0,0.0,0.0,0.0,0.0,0.0,0.0,0.0,0.0,0.0,-2.004,-0.0,2.004,-2.004,0.0,0.0,0.0,0.0,4970.0,2.004,0.0,0.0,-0.0,0.0,2.718429120148166e+23,0.0,0.0,0.0,0.0,53,89221.109,-0.0,0.0,0.0,0.0,0.0,0.0,0.0,0.0,0,0,0,0.0,0.0,0.0,0.0,0.0,0.0,0.0,0.0,0.0,0.0,0.0,0.0,0.0,0.0,0.0,0.0,0,-107875648.0,53,0.0,106,-107614832.0,0.0,ERR,ERR,ERR,ERR,ERR,ERR,ERR,ERR,ERR,ERR,ERR,ERR,ERR,ERR,ERR,ERR,ERR,ERR,ERR,ERR,ERR,ERR,ERR,ERR,ERR,ERR,ERR,ERR,ERR,ERR,ERR,ERR,ERR,ERR,ERR,ERR,ERR,ERR,ERR,ERR,ERR,ERR,ERR,ERR,ERR,ERR,ERR,ERR,ERR,ERR,ERR,ERR,ERR,ERR,ERR,ERR,ERR,ERR,ERR,ERR,ERR,ERR,ERR,ERR,ERR,ERR,ERR,50.0,60.0,100,0.0,0.0,0.0,0.0,0.0,0.0,0.0,0.0,0.0,0.0,0.0,0.0,0.0,0.0,0.0,0.0,61.6,65,19,65521,50,65476,0,300,0,0,8,20529,65476,0,0,26214,60.0,0.0,0.0,0.0,0.0,0.0
2026-05-17T16:09:08,ERR,ERR,ERR,ERR,ERR,ERR,ERR,ERR,ERR,ERR,ERR,ERR,ERR,ERR,ERR,ERR,ERR,ERR,ERR,ERR,ERR,ERR,ERR,ERR,ERR,ERR,ERR,ERR,ERR,ERR,ERR,ERR,ERR,ERR,ERR,ERR,ERR,ERR,ERR,ERR,ERR,ERR,ERR,ERR,ERR,ERR,ERR,ERR,ERR,ERR,ERR,ERR,ERR,ERR,ERR,ERR,ERR,ERR,ERR,ERR,ERR,ERR,ERR,ERR,ERR,ERR,ERR,ERR,ERR,ERR,ERR,ERR,ERR,ERR,ERR,ERR,ERR,ERR,ERR,ERR,ERR,ERR,ERR,ERR,ERR,ERR,ERR,ERR,ERR,ERR,ERR,ERR,ERR,ERR,ERR,ERR,ERR,ERR,ERR,ERR,ERR,ERR,ERR,ERR,ERR,ERR,ERR,ERR,ERR,ERR,ERR,ERR,ERR,ERR,ERR,ERR,ERR,ERR,ERR,ERR,ERR,ERR,ERR,ERR,ERR,0.0,-0.0,-0.0,0.0,0.0,1.3936040501711995e+18,7.805,0.0,0,0,4,0,8422,0.0,45,0.0,0.0,0.0,0.0,0.0,0,0,0,0,0.0,0,0,0,0,0,0,0,0,0,0,0,0,0,0,0,0,0,0,0,0,0,0,0,0,0,0,0,0,0,0,0,0,0,38,14,7,45,65476,0,300,0,0,8,21553,0.0,-107605600.0,0.0,0.0,0.0,0.0,0.0,0.0,0.0,0.0,0.0,0.0,0.0,0.0,0.0,0.0,0.0,0.0,0.0,0.0,0.0,0.0,-2.004,-0.0,2.004,-2.004,0.0,0.0,0.0,0.0,4970.0,2.004,0.0,0.0,-0.0,0.0,2.718429120148166e+23,0.0,0.0,0.0,0.0,53,89221.109,-0.0,0.0,0.0,0.0,0.0,0.0,0.0,0.0,0,0,0,0.0,0.0,0.0,0.0,0.0,0.0,0.0,0.0,0.0,0.0,0.0,0.0,0.0,0.0,0.0,0.0,0,-107875648.0,53,0.0,106,-107614832.0,0.0,ERR,ERR,ERR,ERR,ERR,ERR,ERR,ERR,ERR,ERR,ERR,ERR,ERR,ERR,ERR,ERR,ERR,ERR,ERR,ERR,ERR,ERR,ERR,ERR,ERR,ERR,ERR,ERR,ERR,ERR,ERR,ERR,ERR,ERR,ERR,ERR,ERR,ERR,ERR,ERR,ERR,ERR,ERR,ERR,ERR,ERR,ERR,ERR,ERR,ERR,ERR,ERR,ERR,ERR,ERR,ERR,ERR,ERR,ERR,ERR,ERR,ERR,ERR,ERR,ERR,ERR,ERR,50.0,60.0,100,0.0,0.0,0.0,0.0,0.0,0.0,0.0,0.0,0.0,0.0,0.0,0.0,0.0,0.0,0.0,0.0,61.6,65,19,65521,50,65476,0,300,0,0,8,20529,65476,0,0,26214,60.0,0.0,0.0,0.0,0.0,0.0
2026-05-17T16:09:09,ERR,ERR,ERR,ERR,ERR,ERR,ERR,ERR,ERR,ERR,ERR,ERR,ERR,ERR,ERR,ERR,ERR,ERR,ERR,ERR,ERR,ERR,ERR,ERR,ERR,ERR,ERR,ERR,ERR,ERR,ERR,ERR,ERR,ERR,ERR,ERR,ERR,ERR,ERR,ERR,ERR,ERR,ERR,ERR,ERR,ERR,ERR,ERR,ERR,ERR,ERR,ERR,ERR,ERR,ERR,ERR,ERR,ERR,ERR,ERR,ERR,ERR,ERR,ERR,ERR,ERR,ERR,ERR,ERR,ERR,ERR,ERR,ERR,ERR,ERR,ERR,ERR,ERR,ERR,ERR,ERR,ERR,ERR,ERR,ERR,ERR,ERR,ERR,ERR,ERR,ERR,ERR,ERR,ERR,ERR,ERR,ERR,ERR,ERR,ERR,ERR,ERR,ERR,ERR,ERR,ERR,ERR,ERR,ERR,ERR,ERR,ERR,ERR,ERR,ERR,ERR,ERR,ERR,ERR,ERR,ERR,ERR,ERR,ERR,ERR,0.0,-0.0,-0.0,0.0,0.0,1.3936040501711995e+18,7.805,0.0,0,0,4,0,8422,0.0,45,0.0,0.0,0.0,0.0,0.0,0,0,0,0,0.0,0,0,0,0,0,0,0,0,0,0,0,0,0,0,0,0,0,0,0,0,0,0,0,0,0,0,0,0,0,0,0,0,0,38,14,7,45,65476,0,300,0,0,8,21553,0.0,-107605600.0,0.0,0.0,0.0,0.0,0.0,0.0,0.0,0.0,0.0,0.0,0.0,0.0,0.0,0.0,0.0,0.0,0.0,0.0,0.0,0.0,-2.004,-0.0,2.004,-2.004,0.0,0.0,0.0,0.0,4970.0,2.004,0.0,0.0,-0.0,0.0,2.718429120148166e+23,0.0,0.0,0.0,0.0,53,89221.109,-0.0,0.0,0.0,0.0,0.0,0.0,0.0,0.0,0,0,0,0.0,0.0,0.0,0.0,0.0,0.0,0.0,0.0,0.0,0.0,0.0,0.0,0.0,0.0,0.0,0.0,0,-107875648.0,53,0.0,106,-107614832.0,0.0,ERR,ERR,ERR,ERR,ERR,ERR,ERR,ERR,ERR,ERR,ERR,ERR,ERR,ERR,ERR,ERR,ERR,ERR,ERR,ERR,ERR,ERR,ERR,ERR,ERR,ERR,ERR,ERR,ERR,ERR,ERR,ERR,ERR,ERR,ERR,ERR,ERR,ERR,ERR,ERR,ERR,ERR,ERR,ERR,ERR,ERR,ERR,ERR,ERR,ERR,ERR,ERR,ERR,ERR,ERR,ERR,ERR,ERR,ERR,ERR,ERR,ERR,ERR,ERR,ERR,ERR,ERR,50.0,60.0,100,0.0,0.0,0.0,0.0,0.0,0.0,0.0,0.0,0.0,0.0,0.0,0.0,0.0,0.0,0.0,0.0,61.6,65,19,65521,50,65476,0,300,0,0,8,20529,65476,0,0,26214,60.0,0.0,0.0,0.0,0.0,0.0
2026-05-17T16:09:10,ERR,ERR,ERR,ERR,ERR,ERR,ERR,ERR,ERR,ERR,ERR,ERR,ERR,ERR,ERR,ERR,ERR,ERR,ERR,ERR,ERR,ERR,ERR,ERR,ERR,ERR,ERR,ERR,ERR,ERR,ERR,ERR,ERR,ERR,ERR,ERR,ERR,ERR,ERR,ERR,ERR,ERR,ERR,ERR,ERR,ERR,ERR,ERR,ERR,ERR,ERR,ERR,ERR,ERR,ERR,ERR,ERR,ERR,ERR,ERR,ERR,ERR,ERR,ERR,ERR,ERR,ERR,ERR,ERR,ERR,ERR,ERR,ERR,ERR,ERR,ERR,ERR,ERR,ERR,ERR,ERR,ERR,ERR,ERR,ERR,ERR,ERR,ERR,ERR,ERR,ERR,ERR,ERR,ERR,ERR,ERR,ERR,ERR,ERR,ERR,ERR,ERR,ERR,ERR,ERR,ERR,ERR,ERR,ERR,ERR,ERR,ERR,ERR,ERR,ERR,ERR,ERR,ERR,ERR,ERR,ERR,ERR,ERR,ERR,ERR,0.0,-0.0,-0.0,0.0,0.0,1.3936040501711995e+18,7.805,0.0,0,0,4,0,8422,0.0,45,0.0,0.0,0.0,0.0,0.0,0,0,0,0,0.0,0,0,0,0,0,0,0,0,0,0,0,0,0,0,0,0,0,0,0,0,0,0,0,0,0,0,0,0,0,0,0,0,0,38,14,7,45,65476,0,300,0,0,8,21553,0.0,-107605600.0,0.0,0.0,0.0,0.0,0.0,0.0,0.0,0.0,0.0,0.0,0.0,0.0,0.0,0.0,0.0,0.0,0.0,0.0,0.0,0.0,-2.004,-0.0,2.004,-2.004,0.0,0.0,0.0,0.0,4999.0,8608182272.0,0.0,0.0,-0.0,-107615272.0,2.718429120148166e+23,0.0,0.0,0.0,0.0,53,0.0,0.0,0.0,0.0,0.0,0.0,0.0,0.0,0.0,0,0,0,0.0,0.0,0.0,0.0,0.0,0.0,0.0,0.0,0.0,0.0,0.0,0.0,0.0,0.0,0.0,0.0,0,-107875648.0,53,0.0,106,-107614832.0,0.0,ERR,ERR,ERR,ERR,ERR,ERR,ERR,ERR,ERR,ERR,ERR,ERR,ERR,ERR,ERR,ERR,ERR,ERR,ERR,ERR,ERR,ERR,ERR,ERR,ERR,ERR,ERR,ERR,ERR,ERR,ERR,ERR,ERR,ERR,ERR,ERR,ERR,ERR,ERR,ERR,ERR,ERR,ERR,ERR,ERR,ERR,ERR,ERR,ERR,ERR,ERR,ERR,ERR,ERR,ERR,ERR,ERR,ERR,ERR,ERR,ERR,ERR,ERR,ERR,ERR,ERR,ERR,50.0,60.0,100,0.0,0.0,0.0,0.0,0.0,0.0,0.0,0.0,0.0,0.0,0.0,0.0,0.0,0.0,0.0,0.0,62.0,65,19,65521,50,65476,0,300,0,0,8,20529,65476,0,0,26214,60.0,0.0,0.0,0.0,0.0,0.0
2026-05-17T16:09:11,ERR,ERR,ERR,ERR,ERR,ERR,ERR,ERR,ERR,ERR,ERR,ERR,ERR,ERR,ERR,ERR,ERR,ERR,ERR,ERR,ERR,ERR,ERR,ERR,ERR,ERR,ERR,ERR,ERR,ERR,ERR,ERR,ERR,ERR,ERR,ERR,ERR,ERR,ERR,ERR,ERR,ERR,ERR,ERR,ERR,ERR,ERR,ERR,ERR,ERR,ERR,ERR,ERR,ERR,ERR,ERR,ERR,ERR,ERR,ERR,ERR,ERR,ERR,ERR,ERR,ERR,ERR,ERR,ERR,ERR,ERR,ERR,ERR,ERR,ERR,ERR,ERR,ERR,ERR,ERR,ERR,ERR,ERR,ERR,ERR,ERR,ERR,ERR,ERR,ERR,ERR,ERR,ERR,ERR,ERR,ERR,ERR,ERR,ERR,ERR,ERR,ERR,ERR,ERR,ERR,ERR,ERR,ERR,ERR,ERR,ERR,ERR,ERR,ERR,ERR,ERR,ERR,ERR,ERR,ERR,ERR,ERR,ERR,ERR,ERR,0.0,-0.0,-0.0,0.0,0.0,1.3936040501711995e+18,7.805,0.0,0,0,4,0,8422,0.0,45,0.0,0.0,0.0,0.0,0.0,0,0,0,0,0.0,0,0,0,0,0,0,0,0,0,0,0,0,0,0,0,0,0,0,0,0,0,0,0,0,0,0,0,0,0,0,0,0,0,38,14,7,45,65476,0,300,0,0,8,21553,0.0,-107605600.0,0.0,0.0,0.0,0.0,0.0,0.0,0.0,0.0,0.0,0.0,0.0,0.0,0.0,0.0,0.0,0.0,0.0,0.0,0.0,0.0,-2.004,-0.0,2.004,-2.004,0.0,0.0,0.0,0.0,4999.0,8608182272.0,0.0,0.0,-0.0,-107615272.0,2.718429120148166e+23,0.0,0.0,0.0,0.0,53,0.0,0.0,0.0,0.0,0.0,0.0,0.0,0.0,0.0,0,0,0,0.0,0.0,0.0,0.0,0.0,0.0,0.0,0.0,0.0,0.0,0.0,0.0,0.0,0.0,0.0,0.0,0,-107875648.0,53,0.0,106,-107614832.0,0.0,ERR,ERR,ERR,ERR,ERR,ERR,ERR,ERR,ERR,ERR,ERR,ERR,ERR,ERR,ERR,ERR,ERR,ERR,ERR,ERR,ERR,ERR,ERR,ERR,ERR,ERR,ERR,ERR,ERR,ERR,ERR,ERR,ERR,ERR,ERR,ERR,ERR,ERR,ERR,ERR,ERR,ERR,ERR,ERR,ERR,ERR,ERR,ERR,ERR,ERR,ERR,ERR,ERR,ERR,ERR,ERR,ERR,ERR,ERR,ERR,ERR,ERR,ERR,ERR,ERR,ERR,ERR,50.0,60.0,100,0.0,0.0,0.0,0.0,0.0,0.0,0.0,0.0,0.0,0.0,0.0,0.0,0.0,0.0,0.0,0.0,62.0,65,19,65521,50,65476,0,300,0,0,8,20529,65476,0,0,26214,60.0,0.0,0.0,0.0,0.0,0.0
2026-05-17T16:09:12,ERR,ERR,ERR,ERR,ERR,ERR,ERR,ERR,ERR,ERR,ERR,ERR,ERR,ERR,ERR,ERR,ERR,ERR,ERR,ERR,ERR,ERR,ERR,ERR,ERR,ERR,ERR,ERR,ERR,ERR,ERR,ERR,ERR,ERR,ERR,ERR,ERR,ERR,ERR,ERR,ERR,ERR,ERR,ERR,ERR,ERR,ERR,ERR,ERR,ERR,ERR,ERR,ERR,ERR,ERR,ERR,ERR,ERR,ERR,ERR,ERR,ERR,ERR,ERR,ERR,ERR,ERR,ERR,ERR,ERR,ERR,ERR,ERR,ERR,ERR,ERR,ERR,ERR,ERR,ERR,ERR,ERR,ERR,ERR,ERR,ERR,ERR,ERR,ERR,ERR,ERR,ERR,ERR,ERR,ERR,ERR,ERR,ERR,ERR,ERR,ERR,ERR,ERR,ERR,ERR,ERR,ERR,ERR,ERR,ERR,ERR,ERR,ERR,ERR,ERR,ERR,ERR,ERR,ERR,ERR,ERR,ERR,ERR,ERR,ERR,0.0,-0.0,-0.0,0.0,0.0,1.3936040501711995e+18,7.805,0.0,0,0,4,0,8422,0.0,45,0.0,0.0,0.0,0.0,0.0,0,0,0,0,0.0,0,0,0,0,0,0,0,0,0,0,0,0,0,0,0,0,0,0,0,0,0,0,0,0,0,0,0,0,0,0,0,0,0,38,14,7,45,65476,0,300,0,0,8,21553,0.0,-107605600.0,0.0,0.0,0.0,0.0,0.0,0.0,0.0,0.0,0.0,0.0,0.0,0.0,0.0,0.0,0.0,0.0,0.0,0.0,0.0,0.0,-2.004,-0.0,2.004,-2.004,0.0,0.0,0.0,0.0,4999.0,8608182272.0,0.0,0.0,-0.0,-107615272.0,2.718429120148166e+23,0.0,0.0,0.0,0.0,53,0.0,0.0,0.0,0.0,0.0,0.0,0.0,0.0,0.0,0,0,0,0.0,0.0,0.0,0.0,0.0,0.0,0.0,0.0,0.0,0.0,0.0,0.0,0.0,0.0,0.0,0.0,0,-107875648.0,53,0.0,106,-107614832.0,0.0,ERR,ERR,ERR,ERR,ERR,ERR,ERR,ERR,ERR,ERR,ERR,ERR,ERR,ERR,ERR,ERR,ERR,ERR,ERR,ERR,ERR,ERR,ERR,ERR,ERR,ERR,ERR,ERR,ERR,ERR,ERR,ERR,ERR,ERR,ERR,ERR,ERR,ERR,ERR,ERR,ERR,ERR,ERR,ERR,ERR,ERR,ERR,ERR,ERR,ERR,ERR,ERR,ERR,ERR,ERR,ERR,ERR,ERR,ERR,ERR,ERR,ERR,ERR,ERR,ERR,ERR,ERR,50.0,60.0,100,0.0,0.0,0.0,0.0,0.0,0.0,0.0,0.0,0.0,0.0,0.0,0.0,0.0,0.0,0.0,0.0,61.6,65,19,65521,50,65476,0,300,0,0,8,20529,65476,0,0,26214,60.0,0.0,0.0,0.0,0.0,0.0
2026-05-17T16:09:13,ERR,ERR,ERR,ERR,ERR,ERR,ERR,ERR,ERR,ERR,ERR,ERR,ERR,ERR,ERR,ERR,ERR,ERR,ERR,ERR,ERR,ERR,ERR,ERR,ERR,ERR,ERR,ERR,ERR,ERR,ERR,ERR,ERR,ERR,ERR,ERR,ERR,ERR,ERR,ERR,ERR,ERR,ERR,ERR,ERR,ERR,ERR,ERR,ERR,ERR,ERR,ERR,ERR,ERR,ERR,ERR,ERR,ERR,ERR,ERR,ERR,ERR,ERR,ERR,ERR,ERR,ERR,ERR,ERR,ERR,ERR,ERR,ERR,ERR,ERR,ERR,ERR,ERR,ERR,ERR,ERR,ERR,ERR,ERR,ERR,ERR,ERR,ERR,ERR,ERR,ERR,ERR,ERR,ERR,ERR,ERR,ERR,ERR,ERR,ERR,ERR,ERR,ERR,ERR,ERR,ERR,ERR,ERR,ERR,ERR,ERR,ERR,ERR,ERR,ERR,ERR,ERR,ERR,ERR,ERR,ERR,ERR,ERR,ERR,ERR,0.0,-0.0,-0.0,0.0,0.0,1.3936040501711995e+18,7.805,0.0,0,0,4,0,8422,0.0,45,0.0,0.0,0.0,0.0,0.0,0,0,0,0,0.0,0,0,0,0,0,0,0,0,0,0,0,0,0,0,0,0,0,0,0,0,0,0,0,0,0,0,0,0,0,0,0,0,0,38,14,7,45,65476,0,300,0,0,8,21553,0.0,-107605600.0,0.0,0.0,0.0,0.0,0.0,0.0,0.0,0.0,0.0,0.0,0.0,0.0,0.0,0.0,0.0,0.0,0.0,0.0,0.0,0.0,-2.004,-0.0,2.004,-2.004,0.0,0.0,0.0,0.0,4999.0,8608182272.0,0.0,0.0,-0.0,-107615272.0,2.718429120148166e+23,0.0,0.0,0.0,0.0,53,0.0,0.0,0.0,0.0,0.0,0.0,0.0,0.0,0.0,0,0,0,0.0,0.0,0.0,0.0,0.0,0.0,0.0,0.0,0.0,0.0,0.0,0.0,0.0,0.0,0.0,0.0,0,-107875648.0,53,0.0,106,-107614832.0,0.0,ERR,ERR,ERR,ERR,ERR,ERR,ERR,ERR,ERR,ERR,ERR,ERR,ERR,ERR,ERR,ERR,ERR,ERR,ERR,ERR,ERR,ERR,ERR,ERR,ERR,ERR,ERR,ERR,ERR,ERR,ERR,ERR,ERR,ERR,ERR,ERR,ERR,ERR,ERR,ERR,ERR,ERR,ERR,ERR,ERR,ERR,ERR,ERR,ERR,ERR,ERR,ERR,ERR,ERR,ERR,ERR,ERR,ERR,ERR,ERR,ERR,ERR,ERR,ERR,ERR,ERR,ERR,50.0,60.0,100,0.0,0.0,0.0,0.0,0.0,0.0,0.0,0.0,0.0,0.0,0.0,0.0,0.0,0.0,0.0,0.0,61.6,65,19,65521,50,65476,0,300,0,0,8,20529,65476,0,0,26214,60.0,0.0,0.0,0.0,0.0,0.0
2026-05-17T16:09:14,ERR,ERR,ERR,ERR,ERR,ERR,ERR,ERR,ERR,ERR,ERR,ERR,ERR,ERR,ERR,ERR,ERR,ERR,ERR,ERR,ERR,ERR,ERR,ERR,ERR,ERR,ERR,ERR,ERR,ERR,ERR,ERR,ERR,ERR,ERR,ERR,ERR,ERR,ERR,ERR,ERR,ERR,ERR,ERR,ERR,ERR,ERR,ERR,ERR,ERR,ERR,ERR,ERR,ERR,ERR,ERR,ERR,ERR,ERR,ERR,ERR,ERR,ERR,ERR,ERR,ERR,ERR,ERR,ERR,ERR,ERR,ERR,ERR,ERR,ERR,ERR,ERR,ERR,ERR,ERR,ERR,ERR,ERR,ERR,ERR,ERR,ERR,ERR,ERR,ERR,ERR,ERR,ERR,ERR,ERR,ERR,ERR,ERR,ERR,ERR,ERR,ERR,ERR,ERR,ERR,ERR,ERR,ERR,ERR,ERR,ERR,ERR,ERR,ERR,ERR,ERR,ERR,ERR,ERR,ERR,ERR,ERR,ERR,ERR,ERR,0.0,-0.0,-0.0,0.0,0.0,1.3936040501711995e+18,7.805,0.0,0,0,4,0,8422,0.0,45,0.0,0.0,0.0,0.0,0.0,0,0,0,0,0.0,0,0,0,0,0,0,0,0,0,0,0,0,0,0,0,0,0,0,0,0,0,0,0,0,0,0,0,0,0,0,0,0,0,38,14,7,45,65476,0,300,0,0,8,21553,0.0,-107605600.0,0.0,0.0,0.0,0.0,0.0,0.0,0.0,0.0,0.0,0.0,0.0,0.0,0.0,0.0,0.0,0.0,0.0,0.0,0.0,0.0,-2.004,-0.0,2.004,-2.004,0.0,0.0,0.0,0.0,4999.0,8608182272.0,0.0,0.0,-0.0,-107615272.0,2.718429120148166e+23,0.0,0.0,0.0,0.0,53,0.0,0.0,0.0,0.0,0.0,0.0,0.0,0.0,0.0,0,0,0,0.0,0.0,0.0,0.0,0.0,0.0,0.0,0.0,0.0,0.0,0.0,0.0,0.0,0.0,0.0,0.0,0,-107875648.0,53,0.0,106,-107614832.0,0.0,ERR,ERR,ERR,ERR,ERR,ERR,ERR,ERR,ERR,ERR,ERR,ERR,ERR,ERR,ERR,ERR,ERR,ERR,ERR,ERR,ERR,ERR,ERR,ERR,ERR,ERR,ERR,ERR,ERR,ERR,ERR,ERR,ERR,ERR,ERR,ERR,ERR,ERR,ERR,ERR,ERR,ERR,ERR,ERR,ERR,ERR,ERR,ERR,ERR,ERR,ERR,ERR,ERR,ERR,ERR,ERR,ERR,ERR,ERR,ERR,ERR,ERR,ERR,ERR,ERR,ERR,ERR,50.0,60.0,100,0.0,0.0,0.0,0.0,0.0,0.0,0.0,0.0,0.0,0.0,0.0,0.0,0.0,0.0,0.0,0.0,61.6,65,19,65521,50,65476,0,300,0,0,8,20529,65476,0,0,26214,60.0,0.0,0.0,0.0,0.0,0.0
2026-05-17T16:09:15,ERR,ERR,ERR,ERR,ERR,ERR,ERR,ERR,ERR,ERR,ERR,ERR,ERR,ERR,ERR,ERR,ERR,ERR,ERR,ERR,ERR,ERR,ERR,ERR,ERR,ERR,ERR,ERR,ERR,ERR,ERR,ERR,ERR,ERR,ERR,ERR,ERR,ERR,ERR,ERR,ERR,ERR,ERR,ERR,ERR,ERR,ERR,ERR,ERR,ERR,ERR,ERR,ERR,ERR,ERR,ERR,ERR,ERR,ERR,ERR,ERR,ERR,ERR,ERR,ERR,ERR,ERR,ERR,ERR,ERR,ERR,ERR,ERR,ERR,ERR,ERR,ERR,ERR,ERR,ERR,ERR,ERR,ERR,ERR,ERR,ERR,ERR,ERR,ERR,ERR,ERR,ERR,ERR,ERR,ERR,ERR,ERR,ERR,ERR,ERR,ERR,ERR,ERR,ERR,ERR,ERR,ERR,ERR,ERR,ERR,ERR,ERR,ERR,ERR,ERR,ERR,ERR,ERR,ERR,ERR,ERR,ERR,ERR,ERR,ERR,0.0,-0.0,-0.0,0.0,0.0,1.3936040501711995e+18,7.805,0.0,0,0,4,0,8422,0.0,45,0.0,0.0,0.0,0.0,0.0,0,0,0,0,0.0,0,0,0,0,0,0,0,0,0,0,0,0,0,0,0,0,0,0,0,0,0,0,0,0,0,0,0,0,0,0,0,0,0,38,14,7,45,65476,0,300,0,0,8,21553,0.0,-107605600.0,0.0,0.0,0.0,0.0,0.0,0.0,0.0,0.0,0.0,0.0,0.0,0.0,0.0,0.0,0.0,0.0,0.0,0.0,0.0,0.0,-2.004,-0.0,2.004,-2.004,0.0,0.0,0.0,0.0,5008.0,8608182272.0,0.0,0.0,-0.0,0.0,2.718429120148166e+23,0.0,0.0,0.0,0.0,53,2.7184300208680915e+23,0.0,0.0,0.0,0.0,0.0,0.0,0.0,0.0,0,0,0,0.0,0.0,0.0,0.0,0.0,0.0,0.0,0.0,0.0,0.0,0.0,0.0,0.0,0.0,0.0,0.0,0,-107875648.0,53,0.0,106,-107614832.0,0.0,ERR,ERR,ERR,ERR,ERR,ERR,ERR,ERR,ERR,ERR,ERR,ERR,ERR,ERR,ERR,ERR,ERR,ERR,ERR,ERR,ERR,ERR,ERR,ERR,ERR,ERR,ERR,ERR,ERR,ERR,ERR,ERR,ERR,ERR,ERR,ERR,ERR,ERR,ERR,ERR,ERR,ERR,ERR,ERR,ERR,ERR,ERR,ERR,ERR,ERR,ERR,ERR,ERR,ERR,ERR,ERR,ERR,ERR,ERR,ERR,ERR,ERR,ERR,ERR,ERR,ERR,ERR,50.0,60.0,100,0.0,0.0,0.0,0.0,0.0,0.0,0.0,0.0,0.0,0.0,0.0,0.0,0.0,0.0,0.0,0.0,61.6,65,19,65521,50,65476,0,300,0,0,8,20529,65476,0,0,26214,60.0,0.0,0.0,0.0,0.0,0.0
2026-05-17T16:09:16,ERR,ERR,ERR,ERR,ERR,ERR,ERR,ERR,ERR,ERR,ERR,ERR,ERR,ERR,ERR,ERR,ERR,ERR,ERR,ERR,ERR,ERR,ERR,ERR,ERR,ERR,ERR,ERR,ERR,ERR,ERR,ERR,ERR,ERR,ERR,ERR,ERR,ERR,ERR,ERR,ERR,ERR,ERR,ERR,ERR,ERR,ERR,ERR,ERR,ERR,ERR,ERR,ERR,ERR,ERR,ERR,ERR,ERR,ERR,ERR,ERR,ERR,ERR,ERR,ERR,ERR,ERR,ERR,ERR,ERR,ERR,ERR,ERR,ERR,ERR,ERR,ERR,ERR,ERR,ERR,ERR,ERR,ERR,ERR,ERR,ERR,ERR,ERR,ERR,ERR,ERR,ERR,ERR,ERR,ERR,ERR,ERR,ERR,ERR,ERR,ERR,ERR,ERR,ERR,ERR,ERR,ERR,ERR,ERR,ERR,ERR,ERR,ERR,ERR,ERR,ERR,ERR,ERR,ERR,ERR,ERR,ERR,ERR,ERR,ERR,0.0,-0.0,-0.0,0.0,0.0,1.3936040501711995e+18,7.805,0.0,0,0,4,0,8422,0.0,45,0.0,0.0,0.0,0.0,0.0,0,0,0,0,0.0,0,0,0,0,0,0,0,0,0,0,0,0,0,0,0,0,0,0,0,0,0,0,0,0,0,0,0,0,0,0,0,0,0,38,14,7,45,65476,0,300,0,0,8,21553,0.0,-107605600.0,0.0,0.0,0.0,0.0,0.0,0.0,0.0,0.0,0.0,0.0,0.0,0.0,0.0,0.0,0.0,0.0,0.0,0.0,0.0,0.0,-2.004,-0.0,2.004,-2.004,0.0,0.0,0.0,0.0,5008.0,8608182272.0,0.0,0.0,-0.0,0.0,2.718429120148166e+23,0.0,0.0,0.0,0.0,53,2.7184300208680915e+23,0.0,0.0,0.0,0.0,0.0,0.0,0.0,0.0,0,0,0,0.0,0.0,0.0,0.0,0.0,0.0,0.0,0.0,0.0,0.0,0.0,0.0,0.0,0.0,0.0,0.0,0,-107875648.0,53,0.0,106,-107614832.0,0.0,ERR,ERR,ERR,ERR,ERR,ERR,ERR,ERR,ERR,ERR,ERR,ERR,ERR,ERR,ERR,ERR,ERR,ERR,ERR,ERR,ERR,ERR,ERR,ERR,ERR,ERR,ERR,ERR,ERR,ERR,ERR,ERR,ERR,ERR,ERR,ERR,ERR,ERR,ERR,ERR,ERR,ERR,ERR,ERR,ERR,ERR,ERR,ERR,ERR,ERR,ERR,ERR,ERR,ERR,ERR,ERR,ERR,ERR,ERR,ERR,ERR,ERR,ERR,ERR,ERR,ERR,ERR,50.0,60.0,100,0.0,0.0,0.0,0.0,0.0,0.0,0.0,0.0,0.0,0.0,0.0,0.0,0.0,0.0,0.0,0.0,61.6,65,19,65521,50,65476,0,300,0,0,8,20529,65476,0,0,26214,60.0,0.0,0.0,0.0,0.0,0.0
2026-05-17T16:09:17,ERR,ERR,ERR,ERR,ERR,ERR,ERR,ERR,ERR,ERR,ERR,ERR,ERR,ERR,ERR,ERR,ERR,ERR,ERR,ERR,ERR,ERR,ERR,ERR,ERR,ERR,ERR,ERR,ERR,ERR,ERR,ERR,ERR,ERR,ERR,ERR,ERR,ERR,ERR,ERR,ERR,ERR,ERR,ERR,ERR,ERR,ERR,ERR,ERR,ERR,ERR,ERR,ERR,ERR,ERR,ERR,ERR,ERR,ERR,ERR,ERR,ERR,ERR,ERR,ERR,ERR,ERR,ERR,ERR,ERR,ERR,ERR,ERR,ERR,ERR,ERR,ERR,ERR,ERR,ERR,ERR,ERR,ERR,ERR,ERR,ERR,ERR,ERR,ERR,ERR,ERR,ERR,ERR,ERR,ERR,ERR,ERR,ERR,ERR,ERR,ERR,ERR,ERR,ERR,ERR,ERR,ERR,ERR,ERR,ERR,ERR,ERR,ERR,ERR,ERR,ERR,ERR,ERR,ERR,ERR,ERR,ERR,ERR,ERR,ERR,0.0,-0.0,-0.0,0.0,0.0,1.3936040501711995e+18,7.805,0.0,0,0,4,0,8422,0.0,45,0.0,0.0,0.0,0.0,0.0,0,0,0,0,0.0,0,0,0,0,0,0,0,0,0,0,0,0,0,0,0,0,0,0,0,0,0,0,0,0,0,0,0,0,0,0,0,0,0,38,14,7,45,65476,0,300,0,0,8,21553,0.0,-107605600.0,0.0,0.0,0.0,0.0,0.0,0.0,0.0,0.0,0.0,0.0,0.0,0.0,0.0,0.0,0.0,0.0,0.0,0.0,0.0,0.0,-2.004,-0.0,2.004,-2.004,0.0,0.0,0.0,0.0,5008.0,8608182272.0,0.0,0.0,-0.0,0.0,2.718429120148166e+23,0.0,0.0,0.0,0.0,53,2.7184300208680915e+23,0.0,0.0,0.0,0.0,0.0,0.0,0.0,0.0,0,0,0,0.0,0.0,0.0,0.0,0.0,0.0,0.0,0.0,0.0,0.0,0.0,0.0,0.0,0.0,0.0,0.0,0,-107875648.0,53,0.0,106,-107614832.0,0.0,ERR,ERR,ERR,ERR,ERR,ERR,ERR,ERR,ERR,ERR,ERR,ERR,ERR,ERR,ERR,ERR,ERR,ERR,ERR,ERR,ERR,ERR,ERR,ERR,ERR,ERR,ERR,ERR,ERR,ERR,ERR,ERR,ERR,ERR,ERR,ERR,ERR,ERR,ERR,ERR,ERR,ERR,ERR,ERR,ERR,ERR,ERR,ERR,ERR,ERR,ERR,ERR,ERR,ERR,ERR,ERR,ERR,ERR,ERR,ERR,ERR,ERR,ERR,ERR,ERR,ERR,ERR,50.0,60.0,100,0.0,0.0,0.0,0.0,0.0,0.0,0.0,0.0,0.0,0.0,0.0,0.0,0.0,0.0,0.0,0.0,61.6,65,19,65521,50,65476,0,300,0,0,8,20529,65476,0,0,26214,60.0,0.0,0.0,0.0,0.0,0.0
2026-05-17T16:09:18,ERR,ERR,ERR,ERR,ERR,ERR,ERR,ERR,ERR,ERR,ERR,ERR,ERR,ERR,ERR,ERR,ERR,ERR,ERR,ERR,ERR,ERR,ERR,ERR,ERR,ERR,ERR,ERR,ERR,ERR,ERR,ERR,ERR,ERR,ERR,ERR,ERR,ERR,ERR,ERR,ERR,ERR,ERR,ERR,ERR,ERR,ERR,ERR,ERR,ERR,ERR,ERR,ERR,ERR,ERR,ERR,ERR,ERR,ERR,ERR,ERR,ERR,ERR,ERR,ERR,ERR,ERR,ERR,ERR,ERR,ERR,ERR,ERR,ERR,ERR,ERR,ERR,ERR,ERR,ERR,ERR,ERR,ERR,ERR,ERR,ERR,ERR,ERR,ERR,ERR,ERR,ERR,ERR,ERR,ERR,ERR,ERR,ERR,ERR,ERR,ERR,ERR,ERR,ERR,ERR,ERR,ERR,ERR,ERR,ERR,ERR,ERR,ERR,ERR,ERR,ERR,ERR,ERR,ERR,ERR,ERR,ERR,ERR,ERR,ERR,0.0,-0.0,-0.0,0.0,0.0,1.3936040501711995e+18,7.805,0.0,0,0,4,0,8422,0.0,45,0.0,0.0,0.0,0.0,0.0,0,0,0,0,0.0,0,0,0,0,0,0,0,0,0,0,0,0,0,0,0,0,0,0,0,0,0,0,0,0,0,0,0,0,0,0,0,0,0,38,14,7,45,65476,0,300,0,0,8,21553,0.0,-107605600.0,0.0,0.0,0.0,0.0,0.0,0.0,0.0,0.0,0.0,0.0,0.0,0.0,0.0,0.0,0.0,0.0,0.0,0.0,0.0,0.0,-2.004,-0.0,2.004,-2.004,0.0,0.0,0.0,0.0,5008.0,8608182272.0,0.0,0.0,-0.0,0.0,2.718429120148166e+23,0.0,0.0,0.0,0.0,53,2.7184300208680915e+23,0.0,0.0,0.0,0.0,0.0,0.0,0.0,0.0,0,0,0,0.0,0.0,0.0,0.0,0.0,0.0,0.0,0.0,0.0,0.0,0.0,0.0,0.0,0.0,0.0,0.0,0,-107875648.0,53,0.0,106,-107614832.0,0.0,ERR,ERR,ERR,ERR,ERR,ERR,ERR,ERR,ERR,ERR,ERR,ERR,ERR,ERR,ERR,ERR,ERR,ERR,ERR,ERR,ERR,ERR,ERR,ERR,ERR,ERR,ERR,ERR,ERR,ERR,ERR,ERR,ERR,ERR,ERR,ERR,ERR,ERR,ERR,ERR,ERR,ERR,ERR,ERR,ERR,ERR,ERR,ERR,ERR,ERR,ERR,ERR,ERR,ERR,ERR,ERR,ERR,ERR,ERR,ERR,ERR,ERR,ERR,ERR,ERR,ERR,ERR,50.0,60.0,100,0.0,0.0,0.0,0.0,0.0,0.0,0.0,0.0,0.0,0.0,0.0,0.0,0.0,0.0,0.0,0.0,61.6,65,19,65521,50,65476,0,300,0,0,8,20529,65476,0,0,26214,60.0,0.0,0.0,0.0,0.0,0.0
2026-05-17T16:09:19,ERR,ERR,ERR,ERR,ERR,ERR,ERR,ERR,ERR,ERR,ERR,ERR,ERR,ERR,ERR,ERR,ERR,ERR,ERR,ERR,ERR,ERR,ERR,ERR,ERR,ERR,ERR,ERR,ERR,ERR,ERR,ERR,ERR,ERR,ERR,ERR,ERR,ERR,ERR,ERR,ERR,ERR,ERR,ERR,ERR,ERR,ERR,ERR,ERR,ERR,ERR,ERR,ERR,ERR,ERR,ERR,ERR,ERR,ERR,ERR,ERR,ERR,ERR,ERR,ERR,ERR,ERR,ERR,ERR,ERR,ERR,ERR,ERR,ERR,ERR,ERR,ERR,ERR,ERR,ERR,ERR,ERR,ERR,ERR,ERR,ERR,ERR,ERR,ERR,ERR,ERR,ERR,ERR,ERR,ERR,ERR,ERR,ERR,ERR,ERR,ERR,ERR,ERR,ERR,ERR,ERR,ERR,ERR,ERR,ERR,ERR,ERR,ERR,ERR,ERR,ERR,ERR,ERR,ERR,ERR,ERR,ERR,ERR,ERR,ERR,0.0,-0.0,-0.0,0.0,0.0,1.3936040501711995e+18,7.805,0.0,0,0,4,0,8422,0.0,45,0.0,0.0,0.0,0.0,0.0,0,0,0,0,0.0,0,0,0,0,0,0,0,0,0,0,0,0,0,0,0,0,0,0,0,0,0,0,0,0,0,0,0,0,0,0,0,0,0,38,14,7,45,65476,0,300,0,0,8,21553,0.0,-107605600.0,0.0,0.0,0.0,0.0,0.0,0.0,0.0,0.0,0.0,0.0,0.0,0.0,0.0,0.0,0.0,0.0,0.0,0.0,0.0,0.0,-2.004,-0.0,2.004,-2.004,0.0,0.0,0.0,0.0,5008.0,8608182272.0,0.0,0.0,-0.0,0.0,2.718429120148166e+23,0.0,0.0,0.0,0.0,53,2.7184300208680915e+23,0.0,0.0,0.0,0.0,0.0,0.0,0.0,0.0,0,0,0,0.0,0.0,0.0,0.0,0.0,0.0,0.0,0.0,0.0,0.0,0.0,0.0,0.0,0.0,0.0,0.0,0,-107875648.0,53,0.0,106,-107614832.0,0.0,ERR,ERR,ERR,ERR,ERR,ERR,ERR,ERR,ERR,ERR,ERR,ERR,ERR,ERR,ERR,ERR,ERR,ERR,ERR,ERR,ERR,ERR,ERR,ERR,ERR,ERR,ERR,ERR,ERR,ERR,ERR,ERR,ERR,ERR,ERR,ERR,ERR,ERR,ERR,ERR,ERR,ERR,ERR,ERR,ERR,ERR,ERR,ERR,ERR,ERR,ERR,ERR,ERR,ERR,ERR,ERR,ERR,ERR,ERR,ERR,ERR,ERR,ERR,ERR,ERR,ERR,ERR,50.0,60.0,100,0.0,0.0,0.0,0.0,0.0,0.0,0.0,0.0,0.0,0.0,0.0,0.0,0.0,0.0,0.0,0.0,61.6,65,19,65521,50,65476,0,300,0,0,8,20529,65476,0,0,26214,60.0,0.0,0.0,0.0,0.0,0.0
2026-05-17T16:09:20,ERR,ERR,ERR,ERR,ERR,ERR,ERR,ERR,ERR,ERR,ERR,ERR,ERR,ERR,ERR,ERR,ERR,ERR,ERR,ERR,ERR,ERR,ERR,ERR,ERR,ERR,ERR,ERR,ERR,ERR,ERR,ERR,ERR,ERR,ERR,ERR,ERR,ERR,ERR,ERR,ERR,ERR,ERR,ERR,ERR,ERR,ERR,ERR,ERR,ERR,ERR,ERR,ERR,ERR,ERR,ERR,ERR,ERR,ERR,ERR,ERR,ERR,ERR,ERR,ERR,ERR,ERR,ERR,ERR,ERR,ERR,ERR,ERR,ERR,ERR,ERR,ERR,ERR,ERR,ERR,ERR,ERR,ERR,ERR,ERR,ERR,ERR,ERR,ERR,ERR,ERR,ERR,ERR,ERR,ERR,ERR,ERR,ERR,ERR,ERR,ERR,ERR,ERR,ERR,ERR,ERR,ERR,ERR,ERR,ERR,ERR,ERR,ERR,ERR,ERR,ERR,ERR,ERR,ERR,ERR,ERR,ERR,ERR,ERR,ERR,0.0,-0.0,-0.0,0.0,0.0,1.3936040501711995e+18,7.805,0.0,0,0,4,0,8422,0.0,45,0.0,0.0,0.0,0.0,0.0,0,0,0,0,0.0,0,0,0,0,0,0,0,0,0,0,0,0,0,0,0,0,0,0,0,0,0,0,0,0,0,0,0,0,0,0,0,0,0,38,14,7,45,65476,0,300,0,0,8,21553,0.0,-107605600.0,0.0,0.0,0.0,0.0,0.0,0.0,0.0,0.0,0.0,0.0,0.0,0.0,0.0,0.0,0.0,0.0,0.0,0.0,0.0,0.0,-2.004,-0.0,2.004,-2.004,0.0,0.0,0.0,0.0,5003.0,0.0,0.0,0.0,-0.0,-107615272.0,2.718429120148166e+23,0.0,0.0,0.0,0.0,53,107615344.0,-71.629,0.0,0.0,0.0,0.0,0.0,0.0,0.0,0,0,0,0.0,0.0,0.0,0.0,0.0,0.0,0.0,0.0,0.0,0.0,0.0,0.0,0.0,0.0,0.0,0.0,0,-107875648.0,53,0.0,106,-107614832.0,0.0,ERR,ERR,ERR,ERR,ERR,ERR,ERR,ERR,ERR,ERR,ERR,ERR,ERR,ERR,ERR,ERR,ERR,ERR,ERR,ERR,ERR,ERR,ERR,ERR,ERR,ERR,ERR,ERR,ERR,ERR,ERR,ERR,ERR,ERR,ERR,ERR,ERR,ERR,ERR,ERR,ERR,ERR,ERR,ERR,ERR,ERR,ERR,ERR,ERR,ERR,ERR,ERR,ERR,ERR,ERR,ERR,ERR,ERR,ERR,ERR,ERR,ERR,ERR,ERR,ERR,ERR,ERR,50.0,60.0,100,0.0,0.0,0.0,0.0,0.0,0.0,0.0,0.0,0.0,0.0,0.0,0.0,0.0,0.0,0.0,0.0,61.6,65,19,65521,50,65476,0,300,0,0,8,20529,65476,0,0,26214,60.0,0.0,0.0,0.0,0.0,0.0
2026-05-17T16:09:21,ERR,ERR,ERR,ERR,ERR,ERR,ERR,ERR,ERR,ERR,ERR,ERR,ERR,ERR,ERR,ERR,ERR,ERR,ERR,ERR,ERR,ERR,ERR,ERR,ERR,ERR,ERR,ERR,ERR,ERR,ERR,ERR,ERR,ERR,ERR,ERR,ERR,ERR,ERR,ERR,ERR,ERR,ERR,ERR,ERR,ERR,ERR,ERR,ERR,ERR,ERR,ERR,ERR,ERR,ERR,ERR,ERR,ERR,ERR,ERR,ERR,ERR,ERR,ERR,ERR,ERR,ERR,ERR,ERR,ERR,ERR,ERR,ERR,ERR,ERR,ERR,ERR,ERR,ERR,ERR,ERR,ERR,ERR,ERR,ERR,ERR,ERR,ERR,ERR,ERR,ERR,ERR,ERR,ERR,ERR,ERR,ERR,ERR,ERR,ERR,ERR,ERR,ERR,ERR,ERR,ERR,ERR,ERR,ERR,ERR,ERR,ERR,ERR,ERR,ERR,ERR,ERR,ERR,ERR,ERR,ERR,ERR,ERR,ERR,ERR,0.0,-0.0,-0.0,0.0,0.0,1.3936040501711995e+18,7.805,0.0,0,0,4,0,8422,0.0,45,0.0,0.0,0.0,0.0,0.0,0,0,0,0,0.0,0,0,0,0,0,0,0,0,0,0,0,0,0,0,0,0,0,0,0,0,0,0,0,0,0,0,0,0,0,0,0,0,0,38,14,7,45,65476,0,300,0,0,8,21553,0.0,-107605600.0,0.0,0.0,0.0,0.0,0.0,0.0,0.0,0.0,0.0,0.0,0.0,0.0,0.0,0.0,0.0,0.0,0.0,0.0,0.0,0.0,-2.004,-0.0,2.004,-2.004,0.0,0.0,0.0,0.0,5003.0,0.0,0.0,0.0,-0.0,-107615272.0,2.718429120148166e+23,0.0,0.0,0.0,0.0,53,107615344.0,-71.629,0.0,0.0,0.0,0.0,0.0,0.0,0.0,0,0,0,0.0,0.0,0.0,0.0,0.0,0.0,0.0,0.0,0.0,0.0,0.0,0.0,0.0,0.0,0.0,0.0,0,-107875648.0,53,0.0,106,-107614832.0,0.0,ERR,ERR,ERR,ERR,ERR,ERR,ERR,ERR,ERR,ERR,ERR,ERR,ERR,ERR,ERR,ERR,ERR,ERR,ERR,ERR,ERR,ERR,ERR,ERR,ERR,ERR,ERR,ERR,ERR,ERR,ERR,ERR,ERR,ERR,ERR,ERR,ERR,ERR,ERR,ERR,ERR,ERR,ERR,ERR,ERR,ERR,ERR,ERR,ERR,ERR,ERR,ERR,ERR,ERR,ERR,ERR,ERR,ERR,ERR,ERR,ERR,ERR,ERR,ERR,ERR,ERR,ERR,50.0,60.0,100,0.0,0.0,0.0,0.0,0.0,0.0,0.0,0.0,0.0,0.0,0.0,0.0,0.0,0.0,0.0,0.0,61.6,65,19,65521,50,65476,0,300,0,0,8,20529,65476,0,0,26214,60.0,0.0,0.0,0.0,0.0,0.0
2026-05-17T16:09:22,ERR,ERR,ERR,ERR,ERR,ERR,ERR,ERR,ERR,ERR,ERR,ERR,ERR,ERR,ERR,ERR,ERR,ERR,ERR,ERR,ERR,ERR,ERR,ERR,ERR,ERR,ERR,ERR,ERR,ERR,ERR,ERR,ERR,ERR,ERR,ERR,ERR,ERR,ERR,ERR,ERR,ERR,ERR,ERR,ERR,ERR,ERR,ERR,ERR,ERR,ERR,ERR,ERR,ERR,ERR,ERR,ERR,ERR,ERR,ERR,ERR,ERR,ERR,ERR,ERR,ERR,ERR,ERR,ERR,ERR,ERR,ERR,ERR,ERR,ERR,ERR,ERR,ERR,ERR,ERR,ERR,ERR,ERR,ERR,ERR,ERR,ERR,ERR,ERR,ERR,ERR,ERR,ERR,ERR,ERR,ERR,ERR,ERR,ERR,ERR,ERR,ERR,ERR,ERR,ERR,ERR,ERR,ERR,ERR,ERR,ERR,ERR,ERR,ERR,ERR,ERR,ERR,ERR,ERR,ERR,ERR,ERR,ERR,ERR,ERR,0.0,-0.0,-0.0,0.0,0.0,1.3936040501711995e+18,7.805,0.0,0,0,4,0,8422,0.0,45,0.0,0.0,0.0,0.0,0.0,0,0,0,0,0.0,0,0,0,0,0,0,0,0,0,0,0,0,0,0,0,0,0,0,0,0,0,0,0,0,0,0,0,0,0,0,0,0,0,38,14,7,45,65476,0,300,0,0,8,21553,0.0,-107605600.0,0.0,0.0,0.0,0.0,0.0,0.0,0.0,0.0,0.0,0.0,0.0,0.0,0.0,0.0,0.0,0.0,0.0,0.0,0.0,0.0,-2.004,-0.0,2.004,-2.004,0.0,0.0,0.0,0.0,5003.0,0.0,0.0,0.0,-0.0,-107615272.0,2.718429120148166e+23,0.0,0.0,0.0,0.0,53,107615344.0,-71.629,0.0,0.0,0.0,0.0,0.0,0.0,0.0,0,0,0,0.0,0.0,0.0,0.0,0.0,0.0,0.0,0.0,0.0,0.0,0.0,0.0,0.0,0.0,0.0,0.0,0,-107875648.0,53,0.0,106,-107614832.0,0.0,ERR,ERR,ERR,ERR,ERR,ERR,ERR,ERR,ERR,ERR,ERR,ERR,ERR,ERR,ERR,ERR,ERR,ERR,ERR,ERR,ERR,ERR,ERR,ERR,ERR,ERR,ERR,ERR,ERR,ERR,ERR,ERR,ERR,ERR,ERR,ERR,ERR,ERR,ERR,ERR,ERR,ERR,ERR,ERR,ERR,ERR,ERR,ERR,ERR,ERR,ERR,ERR,ERR,ERR,ERR,ERR,ERR,ERR,ERR,ERR,ERR,ERR,ERR,ERR,ERR,ERR,ERR,50.0,60.0,100,0.0,0.0,0.0,0.0,0.0,0.0,0.0,0.0,0.0,0.0,0.0,0.0,0.0,0.0,0.0,0.0,61.6,65,19,65521,50,65476,0,300,0,0,8,20529,65476,0,0,26214,60.0,0.0,0.0,0.0,0.0,0.0
2026-05-17T16:09:23,ERR,ERR,ERR,ERR,ERR,ERR,ERR,ERR,ERR,ERR,ERR,ERR,ERR,ERR,ERR,ERR,ERR,ERR,ERR,ERR,ERR,ERR,ERR,ERR,ERR,ERR,ERR,ERR,ERR,ERR,ERR,ERR,ERR,ERR,ERR,ERR,ERR,ERR,ERR,ERR,ERR,ERR,ERR,ERR,ERR,ERR,ERR,ERR,ERR,ERR,ERR,ERR,ERR,ERR,ERR,ERR,ERR,ERR,ERR,ERR,ERR,ERR,ERR,ERR,ERR,ERR,ERR,ERR,ERR,ERR,ERR,ERR,ERR,ERR,ERR,ERR,ERR,ERR,ERR,ERR,ERR,ERR,ERR,ERR,ERR,ERR,ERR,ERR,ERR,ERR,ERR,ERR,ERR,ERR,ERR,ERR,ERR,ERR,ERR,ERR,ERR,ERR,ERR,ERR,ERR,ERR,ERR,ERR,ERR,ERR,ERR,ERR,ERR,ERR,ERR,ERR,ERR,ERR,ERR,ERR,ERR,ERR,ERR,ERR,ERR,0.0,-0.0,-0.0,0.0,0.0,1.3936040501711995e+18,7.805,0.0,0,0,4,0,8422,0.0,45,0.0,0.0,0.0,0.0,0.0,0,0,0,0,0.0,0,0,0,0,0,0,0,0,0,0,0,0,0,0,0,0,0,0,0,0,0,0,0,0,0,0,0,0,0,0,0,0,0,38,14,7,45,65476,0,300,0,0,8,21553,0.0,-107605600.0,0.0,0.0,0.0,0.0,0.0,0.0,0.0,0.0,0.0,0.0,0.0,0.0,0.0,0.0,0.0,0.0,0.0,0.0,0.0,0.0,-2.004,-0.0,2.004,-2.004,0.0,0.0,0.0,0.0,5003.0,0.0,0.0,0.0,-0.0,-107615272.0,2.718429120148166e+23,0.0,0.0,0.0,0.0,53,107615344.0,-71.629,0.0,0.0,0.0,0.0,0.0,0.0,0.0,0,0,0,0.0,0.0,0.0,0.0,0.0,0.0,0.0,0.0,0.0,0.0,0.0,0.0,0.0,0.0,0.0,0.0,0,-107875648.0,53,0.0,106,-107614832.0,0.0,ERR,ERR,ERR,ERR,ERR,ERR,ERR,ERR,ERR,ERR,ERR,ERR,ERR,ERR,ERR,ERR,ERR,ERR,ERR,ERR,ERR,ERR,ERR,ERR,ERR,ERR,ERR,ERR,ERR,ERR,ERR,ERR,ERR,ERR,ERR,ERR,ERR,ERR,ERR,ERR,ERR,ERR,ERR,ERR,ERR,ERR,ERR,ERR,ERR,ERR,ERR,ERR,ERR,ERR,ERR,ERR,ERR,ERR,ERR,ERR,ERR,ERR,ERR,ERR,ERR,ERR,ERR,50.0,60.0,100,0.0,0.0,0.0,0.0,0.0,0.0,0.0,0.0,0.0,0.0,0.0,0.0,0.0,0.0,0.0,0.0,61.6,65,19,65521,50,65476,0,300,0,0,8,20529,65476,0,0,26214,60.0,0.0,0.0,0.0,0.0,0.0
2026-05-17T16:09:24,ERR,ERR,ERR,ERR,ERR,ERR,ERR,ERR,ERR,ERR,ERR,ERR,ERR,ERR,ERR,ERR,ERR,ERR,ERR,ERR,ERR,ERR,ERR,ERR,ERR,ERR,ERR,ERR,ERR,ERR,ERR,ERR,ERR,ERR,ERR,ERR,ERR,ERR,ERR,ERR,ERR,ERR,ERR,ERR,ERR,ERR,ERR,ERR,ERR,ERR,ERR,ERR,ERR,ERR,ERR,ERR,ERR,ERR,ERR,ERR,ERR,ERR,ERR,ERR,ERR,ERR,ERR,ERR,ERR,ERR,ERR,ERR,ERR,ERR,ERR,ERR,ERR,ERR,ERR,ERR,ERR,ERR,ERR,ERR,ERR,ERR,ERR,ERR,ERR,ERR,ERR,ERR,ERR,ERR,ERR,ERR,ERR,ERR,ERR,ERR,ERR,ERR,ERR,ERR,ERR,ERR,ERR,ERR,ERR,ERR,ERR,ERR,ERR,ERR,ERR,ERR,ERR,ERR,ERR,ERR,ERR,ERR,ERR,ERR,ERR,0.0,-0.0,-0.0,0.0,0.0,1.3936040501711995e+18,7.805,0.0,0,0,4,0,8422,0.0,45,0.0,0.0,0.0,0.0,0.0,0,0,0,0,0.0,0,0,0,0,0,0,0,0,0,0,0,0,0,0,0,0,0,0,0,0,0,0,0,0,0,0,0,0,0,0,0,0,0,38,14,7,45,65476,0,300,0,0,8,21553,0.0,-107605600.0,0.0,0.0,0.0,0.0,0.0,0.0,0.0,0.0,0.0,0.0,0.0,0.0,0.0,0.0,0.0,0.0,0.0,0.0,0.0,0.0,-2.004,-0.0,2.004,-2.004,0.0,0.0,0.0,0.0,5003.0,0.0,0.0,0.0,-0.0,-107615272.0,2.718429120148166e+23,0.0,0.0,0.0,0.0,53,107615344.0,-71.629,0.0,0.0,0.0,0.0,0.0,0.0,0.0,0,0,0,0.0,0.0,0.0,0.0,0.0,0.0,0.0,0.0,0.0,0.0,0.0,0.0,0.0,0.0,0.0,0.0,0,-107875648.0,53,0.0,106,-107614832.0,0.0,ERR,ERR,ERR,ERR,ERR,ERR,ERR,ERR,ERR,ERR,ERR,ERR,ERR,ERR,ERR,ERR,ERR,ERR,ERR,ERR,ERR,ERR,ERR,ERR,ERR,ERR,ERR,ERR,ERR,ERR,ERR,ERR,ERR,ERR,ERR,ERR,ERR,ERR,ERR,ERR,ERR,ERR,ERR,ERR,ERR,ERR,ERR,ERR,ERR,ERR,ERR,ERR,ERR,ERR,ERR,ERR,ERR,ERR,ERR,ERR,ERR,ERR,ERR,ERR,ERR,ERR,ERR,50.0,60.0,100,0.0,0.0,0.0,0.0,0.0,0.0,0.0,0.0,0.0,0.0,0.0,0.0,0.0,0.0,0.0,0.0,61.6,65,19,65521,50,65476,0,300,0,0,8,20529,65476,0,0,26214,60.0,0.0,0.0,0.0,0.0,0.0
2026-05-17T16:09:25,ERR,ERR,ERR,ERR,ERR,ERR,ERR,ERR,ERR,ERR,ERR,ERR,ERR,ERR,ERR,ERR,ERR,ERR,ERR,ERR,ERR,ERR,ERR,ERR,ERR,ERR,ERR,ERR,ERR,ERR,ERR,ERR,ERR,ERR,ERR,ERR,ERR,ERR,ERR,ERR,ERR,ERR,ERR,ERR,ERR,ERR,ERR,ERR,ERR,ERR,ERR,ERR,ERR,ERR,ERR,ERR,ERR,ERR,ERR,ERR,ERR,ERR,ERR,ERR,ERR,ERR,ERR,ERR,ERR,ERR,ERR,ERR,ERR,ERR,ERR,ERR,ERR,ERR,ERR,ERR,ERR,ERR,ERR,ERR,ERR,ERR,ERR,ERR,ERR,ERR,ERR,ERR,ERR,ERR,ERR,ERR,ERR,ERR,ERR,ERR,ERR,ERR,ERR,ERR,ERR,ERR,ERR,ERR,ERR,ERR,ERR,ERR,ERR,ERR,ERR,ERR,ERR,ERR,ERR,ERR,ERR,ERR,ERR,ERR,ERR,0.0,-0.0,-0.0,0.0,0.0,1.3936040501711995e+18,7.805,0.0,0,0,4,0,8422,0.0,45,0.0,0.0,0.0,0.0,0.0,0,0,0,0,0.0,0,0,0,0,0,0,0,0,0,0,0,0,0,0,0,0,0,0,0,0,0,0,0,0,0,0,0,0,0,0,0,0,0,38,14,7,45,65476,0,300,0,0,8,21553,0.0,-107605600.0,0.0,0.0,0.0,0.0,0.0,0.0,0.0,0.0,0.0,0.0,0.0,0.0,0.0,0.0,0.0,0.0,0.0,0.0,0.0,0.0,-2.004,-0.0,2.004,-2.004,0.0,0.0,0.0,0.0,5001.0,0.0,0.0,0.0,-0.0,-107615272.0,2.718429120148166e+23,0.0,0.0,0.0,0.0,53,71.63,-152017263656960.0,0.0,0.0,0.0,0.0,0.0,0.0,0.0,0,0,0,0.0,0.0,0.0,0.0,0.0,0.0,0.0,0.0,0.0,0.0,0.0,0.0,0.0,0.0,0.0,0.0,0,-107875648.0,53,0.0,106,-107614832.0,0.0,ERR,ERR,ERR,ERR,ERR,ERR,ERR,ERR,ERR,ERR,ERR,ERR,ERR,ERR,ERR,ERR,ERR,ERR,ERR,ERR,ERR,ERR,ERR,ERR,ERR,ERR,ERR,ERR,ERR,ERR,ERR,ERR,ERR,ERR,ERR,ERR,ERR,ERR,ERR,ERR,ERR,ERR,ERR,ERR,ERR,ERR,ERR,ERR,ERR,ERR,ERR,ERR,ERR,ERR,ERR,ERR,ERR,ERR,ERR,ERR,ERR,ERR,ERR,ERR,ERR,ERR,ERR,50.0,60.0,100,0.0,0.0,0.0,0.0,0.0,0.0,0.0,0.0,0.0,0.0,0.0,0.0,0.0,0.0,0.0,0.0,61.6,65,19,65521,50,65476,0,300,0,0,8,20529,65476,0,0,26214,60.0,0.0,0.0,0.0,0.0,0.0
2026-05-17T16:09:26,ERR,ERR,ERR,ERR,ERR,ERR,ERR,ERR,ERR,ERR,ERR,ERR,ERR,ERR,ERR,ERR,ERR,ERR,ERR,ERR,ERR,ERR,ERR,ERR,ERR,ERR,ERR,ERR,ERR,ERR,ERR,ERR,ERR,ERR,ERR,ERR,ERR,ERR,ERR,ERR,ERR,ERR,ERR,ERR,ERR,ERR,ERR,ERR,ERR,ERR,ERR,ERR,ERR,ERR,ERR,ERR,ERR,ERR,ERR,ERR,ERR,ERR,ERR,ERR,ERR,ERR,ERR,ERR,ERR,ERR,ERR,ERR,ERR,ERR,ERR,ERR,ERR,ERR,ERR,ERR,ERR,ERR,ERR,ERR,ERR,ERR,ERR,ERR,ERR,ERR,ERR,ERR,ERR,ERR,ERR,ERR,ERR,ERR,ERR,ERR,ERR,ERR,ERR,ERR,ERR,ERR,ERR,ERR,ERR,ERR,ERR,ERR,ERR,ERR,ERR,ERR,ERR,ERR,ERR,ERR,ERR,ERR,ERR,ERR,ERR,0.0,-0.0,-0.0,0.0,0.0,1.3936040501711995e+18,7.805,0.0,0,0,4,0,8422,0.0,45,0.0,0.0,0.0,0.0,0.0,0,0,0,0,0.0,0,0,0,0,0,0,0,0,0,0,0,0,0,0,0,0,0,0,0,0,0,0,0,0,0,0,0,0,0,0,0,0,0,38,14,7,45,65476,0,300,0,0,8,21553,0.0,-107605600.0,0.0,0.0,0.0,0.0,0.0,0.0,0.0,0.0,0.0,0.0,0.0,0.0,0.0,0.0,0.0,0.0,0.0,0.0,0.0,0.0,-2.004,-0.0,2.004,-2.004,0.0,0.0,0.0,0.0,5001.0,0.0,0.0,0.0,-0.0,-107615272.0,2.718429120148166e+23,0.0,0.0,0.0,0.0,53,71.63,-152017263656960.0,0.0,0.0,0.0,0.0,0.0,0.0,0.0,0,0,0,0.0,0.0,0.0,0.0,0.0,0.0,0.0,0.0,0.0,0.0,0.0,0.0,0.0,0.0,0.0,0.0,0,-107875648.0,53,0.0,106,-107614832.0,0.0,ERR,ERR,ERR,ERR,ERR,ERR,ERR,ERR,ERR,ERR,ERR,ERR,ERR,ERR,ERR,ERR,ERR,ERR,ERR,ERR,ERR,ERR,ERR,ERR,ERR,ERR,ERR,ERR,ERR,ERR,ERR,ERR,ERR,ERR,ERR,ERR,ERR,ERR,ERR,ERR,ERR,ERR,ERR,ERR,ERR,ERR,ERR,ERR,ERR,ERR,ERR,ERR,ERR,ERR,ERR,ERR,ERR,ERR,ERR,ERR,ERR,ERR,ERR,ERR,ERR,ERR,ERR,50.0,60.0,100,0.0,0.0,0.0,0.0,0.0,0.0,0.0,0.0,0.0,0.0,0.0,0.0,0.0,0.0,0.0,0.0,62.0,65,19,65521,50,65476,0,300,0,0,8,20529,65476,0,0,26214,60.0,0.0,0.0,0.0,0.0,0.0
2026-05-17T16:09:27,ERR,ERR,ERR,ERR,ERR,ERR,ERR,ERR,ERR,ERR,ERR,ERR,ERR,ERR,ERR,ERR,ERR,ERR,ERR,ERR,ERR,ERR,ERR,ERR,ERR,ERR,ERR,ERR,ERR,ERR,ERR,ERR,ERR,ERR,ERR,ERR,ERR,ERR,ERR,ERR,ERR,ERR,ERR,ERR,ERR,ERR,ERR,ERR,ERR,ERR,ERR,ERR,ERR,ERR,ERR,ERR,ERR,ERR,ERR,ERR,ERR,ERR,ERR,ERR,ERR,ERR,ERR,ERR,ERR,ERR,ERR,ERR,ERR,ERR,ERR,ERR,ERR,ERR,ERR,ERR,ERR,ERR,ERR,ERR,ERR,ERR,ERR,ERR,ERR,ERR,ERR,ERR,ERR,ERR,ERR,ERR,ERR,ERR,ERR,ERR,ERR,ERR,ERR,ERR,ERR,ERR,ERR,ERR,ERR,ERR,ERR,ERR,ERR,ERR,ERR,ERR,ERR,ERR,ERR,ERR,ERR,ERR,ERR,ERR,ERR,0.0,-0.0,-0.0,0.0,0.0,1.3936040501711995e+18,7.805,0.0,0,0,4,0,8422,0.0,45,0.0,0.0,0.0,0.0,0.0,0,0,0,0,0.0,0,0,0,0,0,0,0,0,0,0,0,0,0,0,0,0,0,0,0,0,0,0,0,0,0,0,0,0,0,0,0,0,0,38,14,7,45,65476,0,300,0,0,8,21553,0.0,-107605600.0,0.0,0.0,0.0,0.0,0.0,0.0,0.0,0.0,0.0,0.0,0.0,0.0,0.0,0.0,0.0,0.0,0.0,0.0,0.0,0.0,-2.004,-0.0,2.004,-2.004,0.0,0.0,0.0,0.0,5001.0,0.0,0.0,0.0,-0.0,-107615272.0,2.718429120148166e+23,0.0,0.0,0.0,0.0,53,71.63,-152017263656960.0,0.0,0.0,0.0,0.0,0.0,0.0,0.0,0,0,0,0.0,0.0,0.0,0.0,0.0,0.0,0.0,0.0,0.0,0.0,0.0,0.0,0.0,0.0,0.0,0.0,0,-107875648.0,53,0.0,106,-107614832.0,0.0,ERR,ERR,ERR,ERR,ERR,ERR,ERR,ERR,ERR,ERR,ERR,ERR,ERR,ERR,ERR,ERR,ERR,ERR,ERR,ERR,ERR,ERR,ERR,ERR,ERR,ERR,ERR,ERR,ERR,ERR,ERR,ERR,ERR,ERR,ERR,ERR,ERR,ERR,ERR,ERR,ERR,ERR,ERR,ERR,ERR,ERR,ERR,ERR,ERR,ERR,ERR,ERR,ERR,ERR,ERR,ERR,ERR,ERR,ERR,ERR,ERR,ERR,ERR,ERR,ERR,ERR,ERR,50.0,60.0,100,0.0,0.0,0.0,0.0,0.0,0.0,0.0,0.0,0.0,0.0,0.0,0.0,0.0,0.0,0.0,0.0,62.0,65,19,65521,50,65476,0,300,0,0,8,20529,65476,0,0,26214,60.0,0.0,0.0,0.0,0.0,0.0
2026-05-17T16:09:28,ERR,ERR,ERR,ERR,ERR,ERR,ERR,ERR,ERR,ERR,ERR,ERR,ERR,ERR,ERR,ERR,ERR,ERR,ERR,ERR,ERR,ERR,ERR,ERR,ERR,ERR,ERR,ERR,ERR,ERR,ERR,ERR,ERR,ERR,ERR,ERR,ERR,ERR,ERR,ERR,ERR,ERR,ERR,ERR,ERR,ERR,ERR,ERR,ERR,ERR,ERR,ERR,ERR,ERR,ERR,ERR,ERR,ERR,ERR,ERR,ERR,ERR,ERR,ERR,ERR,ERR,ERR,ERR,ERR,ERR,ERR,ERR,ERR,ERR,ERR,ERR,ERR,ERR,ERR,ERR,ERR,ERR,ERR,ERR,ERR,ERR,ERR,ERR,ERR,ERR,ERR,ERR,ERR,ERR,ERR,ERR,ERR,ERR,ERR,ERR,ERR,ERR,ERR,ERR,ERR,ERR,ERR,ERR,ERR,ERR,ERR,ERR,ERR,ERR,ERR,ERR,ERR,ERR,ERR,ERR,ERR,ERR,ERR,ERR,ERR,0.0,-0.0,-0.0,0.0,0.0,1.3936040501711995e+18,7.805,0.0,0,0,4,0,8422,0.0,45,0.0,0.0,0.0,0.0,0.0,0,0,0,0,0.0,0,0,0,0,0,0,0,0,0,0,0,0,0,0,0,0,0,0,0,0,0,0,0,0,0,0,0,0,0,0,0,0,0,38,14,7,45,65476,0,300,0,0,8,21553,0.0,-107605600.0,0.0,0.0,0.0,0.0,0.0,0.0,0.0,0.0,0.0,0.0,0.0,0.0,0.0,0.0,0.0,0.0,0.0,0.0,0.0,0.0,-2.004,-0.0,2.004,-2.004,0.0,0.0,0.0,0.0,5001.0,0.0,0.0,0.0,-0.0,-107615272.0,2.718429120148166e+23,0.0,0.0,0.0,0.0,53,71.63,-152017263656960.0,0.0,0.0,0.0,0.0,0.0,0.0,0.0,0,0,0,0.0,0.0,0.0,0.0,0.0,0.0,0.0,0.0,0.0,0.0,0.0,0.0,0.0,0.0,0.0,0.0,0,-107875648.0,53,0.0,106,-107614832.0,0.0,ERR,ERR,ERR,ERR,ERR,ERR,ERR,ERR,ERR,ERR,ERR,ERR,ERR,ERR,ERR,ERR,ERR,ERR,ERR,ERR,ERR,ERR,ERR,ERR,ERR,ERR,ERR,ERR,ERR,ERR,ERR,ERR,ERR,ERR,ERR,ERR,ERR,ERR,ERR,ERR,ERR,ERR,ERR,ERR,ERR,ERR,ERR,ERR,ERR,ERR,ERR,ERR,ERR,ERR,ERR,ERR,ERR,ERR,ERR,ERR,ERR,ERR,ERR,ERR,ERR,ERR,ERR,50.0,60.0,100,0.0,0.0,0.0,0.0,0.0,0.0,0.0,0.0,0.0,0.0,0.0,0.0,0.0,0.0,0.0,0.0,62.0,65,19,65521,50,65476,0,300,0,0,8,20529,65476,0,0,26214,60.0,0.0,0.0,0.0,0.0,0.0
2026-05-17T16:09:29,ERR,ERR,ERR,ERR,ERR,ERR,ERR,ERR,ERR,ERR,ERR,ERR,ERR,ERR,ERR,ERR,ERR,ERR,ERR,ERR,ERR,ERR,ERR,ERR,ERR,ERR,ERR,ERR,ERR,ERR,ERR,ERR,ERR,ERR,ERR,ERR,ERR,ERR,ERR,ERR,ERR,ERR,ERR,ERR,ERR,ERR,ERR,ERR,ERR,ERR,ERR,ERR,ERR,ERR,ERR,ERR,ERR,ERR,ERR,ERR,ERR,ERR,ERR,ERR,ERR,ERR,ERR,ERR,ERR,ERR,ERR,ERR,ERR,ERR,ERR,ERR,ERR,ERR,ERR,ERR,ERR,ERR,ERR,ERR,ERR,ERR,ERR,ERR,ERR,ERR,ERR,ERR,ERR,ERR,ERR,ERR,ERR,ERR,ERR,ERR,ERR,ERR,ERR,ERR,ERR,ERR,ERR,ERR,ERR,ERR,ERR,ERR,ERR,ERR,ERR,ERR,ERR,ERR,ERR,ERR,ERR,ERR,ERR,ERR,ERR,0.0,-0.0,-0.0,0.0,0.0,1.3936040501711995e+18,7.805,0.0,0,0,4,0,8422,0.0,45,0.0,0.0,0.0,0.0,0.0,0,0,0,0,0.0,0,0,0,0,0,0,0,0,0,0,0,0,0,0,0,0,0,0,0,0,0,0,0,0,0,0,0,0,0,0,0,0,0,38,14,7,45,65476,0,300,0,0,8,21553,0.0,-107605600.0,0.0,0.0,0.0,0.0,0.0,0.0,0.0,0.0,0.0,0.0,0.0,0.0,0.0,0.0,0.0,0.0,0.0,0.0,0.0,0.0,-2.004,-0.0,2.004,-2.004,0.0,0.0,0.0,0.0,5001.0,0.0,0.0,0.0,-0.0,-107615272.0,2.718429120148166e+23,0.0,0.0,0.0,0.0,53,71.63,-152017263656960.0,0.0,0.0,0.0,0.0,0.0,0.0,0.0,0,0,0,0.0,0.0,0.0,0.0,0.0,0.0,0.0,0.0,0.0,0.0,0.0,0.0,0.0,0.0,0.0,0.0,0,-107875648.0,53,0.0,106,-107614832.0,0.0,ERR,ERR,ERR,ERR,ERR,ERR,ERR,ERR,ERR,ERR,ERR,ERR,ERR,ERR,ERR,ERR,ERR,ERR,ERR,ERR,ERR,ERR,ERR,ERR,ERR,ERR,ERR,ERR,ERR,ERR,ERR,ERR,ERR,ERR,ERR,ERR,ERR,ERR,ERR,ERR,ERR,ERR,ERR,ERR,ERR,ERR,ERR,ERR,ERR,ERR,ERR,ERR,ERR,ERR,ERR,ERR,ERR,ERR,ERR,ERR,ERR,ERR,ERR,ERR,ERR,ERR,ERR,50.0,60.0,100,0.0,0.0,0.0,0.0,0.0,0.0,0.0,0.0,0.0,0.0,0.0,0.0,0.0,0.0,0.0,0.0,61.6,65,19,65521,50,65476,0,300,0,0,8,20529,65476,0,0,26214,60.0,0.0,0.0,0.0,0.0,0.0
2026-05-17T16:09:30,ERR,ERR,ERR,ERR,ERR,ERR,ERR,ERR,ERR,ERR,ERR,ERR,ERR,ERR,ERR,ERR,ERR,ERR,ERR,ERR,ERR,ERR,ERR,ERR,ERR,ERR,ERR,ERR,ERR,ERR,ERR,ERR,ERR,ERR,ERR,ERR,ERR,ERR,ERR,ERR,ERR,ERR,ERR,ERR,ERR,ERR,ERR,ERR,ERR,ERR,ERR,ERR,ERR,ERR,ERR,ERR,ERR,ERR,ERR,ERR,ERR,ERR,ERR,ERR,ERR,ERR,ERR,ERR,ERR,ERR,ERR,ERR,ERR,ERR,ERR,ERR,ERR,ERR,ERR,ERR,ERR,ERR,ERR,ERR,ERR,ERR,ERR,ERR,ERR,ERR,ERR,ERR,ERR,ERR,ERR,ERR,ERR,ERR,ERR,ERR,ERR,ERR,ERR,ERR,ERR,ERR,ERR,ERR,ERR,ERR,ERR,ERR,ERR,ERR,ERR,ERR,ERR,ERR,ERR,ERR,ERR,ERR,ERR,ERR,ERR,0.0,-0.0,-0.0,0.0,0.0,1.3936040501711995e+18,7.805,0.0,0,0,4,0,8422,0.0,45,0.0,0.0,0.0,0.0,0.0,0,0,0,0,0.0,0,0,0,0,0,0,0,0,0,0,0,0,0,0,0,0,0,0,0,0,0,0,0,0,0,0,0,0,0,0,0,0,0,38,14,7,45,65476,0,300,0,0,8,21553,0.0,-107605600.0,0.0,0.0,0.0,0.0,0.0,0.0,0.0,0.0,0.0,0.0,0.0,0.0,0.0,0.0,0.0,0.0,0.0,0.0,0.0,0.0,-2.004,-0.0,2.004,-2.004,0.0,0.0,0.0,0.0,5001.0,0.0,0.0,0.0,-0.0,-107615272.0,2.718429120148166e+23,0.0,0.0,0.0,0.0,53,71.63,-152017263656960.0,0.0,0.0,0.0,0.0,0.0,0.0,0.0,0,0,0,0.0,0.0,0.0,0.0,0.0,0.0,0.0,0.0,0.0,0.0,0.0,0.0,0.0,0.0,0.0,0.0,0,-107875648.0,53,0.0,106,-107614832.0,0.0,ERR,ERR,ERR,ERR,ERR,ERR,ERR,ERR,ERR,ERR,ERR,ERR,ERR,ERR,ERR,ERR,ERR,ERR,ERR,ERR,ERR,ERR,ERR,ERR,ERR,ERR,ERR,ERR,ERR,ERR,ERR,ERR,ERR,ERR,ERR,ERR,ERR,ERR,ERR,ERR,ERR,ERR,ERR,ERR,ERR,ERR,ERR,ERR,ERR,ERR,ERR,ERR,ERR,ERR,ERR,ERR,ERR,ERR,ERR,ERR,ERR,ERR,ERR,ERR,ERR,ERR,ERR,50.0,60.0,100,0.0,0.0,0.0,0.0,0.0,0.0,0.0,0.0,0.0,0.0,0.0,0.0,0.0,0.0,0.0,0.0,61.6,65,19,65521,50,65476,0,300,0,0,8,20529,65476,0,0,26214,60.0,0.0,0.0,0.0,0.0,0.0
2026-05-17T16:09:31,ERR,ERR,ERR,ERR,ERR,ERR,ERR,ERR,ERR,ERR,ERR,ERR,ERR,ERR,ERR,ERR,ERR,ERR,ERR,ERR,ERR,ERR,ERR,ERR,ERR,ERR,ERR,ERR,ERR,ERR,ERR,ERR,ERR,ERR,ERR,ERR,ERR,ERR,ERR,ERR,ERR,ERR,ERR,ERR,ERR,ERR,ERR,ERR,ERR,ERR,ERR,ERR,ERR,ERR,ERR,ERR,ERR,ERR,ERR,ERR,ERR,ERR,ERR,ERR,ERR,ERR,ERR,ERR,ERR,ERR,ERR,ERR,ERR,ERR,ERR,ERR,ERR,ERR,ERR,ERR,ERR,ERR,ERR,ERR,ERR,ERR,ERR,ERR,ERR,ERR,ERR,ERR,ERR,ERR,ERR,ERR,ERR,ERR,ERR,ERR,ERR,ERR,ERR,ERR,ERR,ERR,ERR,ERR,ERR,ERR,ERR,ERR,ERR,ERR,ERR,ERR,ERR,ERR,ERR,ERR,ERR,ERR,ERR,ERR,ERR,0.0,-0.0,-0.0,0.0,0.0,1.3936040501711995e+18,7.805,0.0,0,0,4,0,8422,0.0,45,0.0,0.0,0.0,0.0,0.0,0,0,0,0,0.0,0,0,0,0,0,0,0,0,0,0,0,0,0,0,0,0,0,0,0,0,0,0,0,0,0,0,0,0,0,0,0,0,0,38,14,7,45,65476,0,300,0,0,8,21553,0.0,-107605600.0,0.0,0.0,0.0,0.0,0.0,0.0,0.0,0.0,0.0,0.0,0.0,0.0,0.0,0.0,0.0,0.0,0.0,0.0,0.0,0.0,-2.004,-0.0,2.004,-2.004,0.0,0.0,0.0,0.0,4970.0,-1.0406652570629681e+34,0.0,0.0,-0.0,-107615272.0,-0.0,0.0,0.0,0.0,0.0,53,71.63,-0.0,0.0,0.0,0.0,0.0,0.0,0.0,0.0,0,0,0,0.0,0.0,0.0,0.0,0.0,0.0,0.0,0.0,0.0,0.0,0.0,0.0,0.0,0.0,0.0,0.0,0,-107875648.0,53,0.0,106,-107614832.0,0.0,ERR,ERR,ERR,ERR,ERR,ERR,ERR,ERR,ERR,ERR,ERR,ERR,ERR,ERR,ERR,ERR,ERR,ERR,ERR,ERR,ERR,ERR,ERR,ERR,ERR,ERR,ERR,ERR,ERR,ERR,ERR,ERR,ERR,ERR,ERR,ERR,ERR,ERR,ERR,ERR,ERR,ERR,ERR,ERR,ERR,ERR,ERR,ERR,ERR,ERR,ERR,ERR,ERR,ERR,ERR,ERR,ERR,ERR,ERR,ERR,ERR,ERR,ERR,ERR,ERR,ERR,ERR,50.0,60.0,100,0.0,0.0,0.0,0.0,0.0,0.0,0.0,0.0,0.0,0.0,0.0,0.0,0.0,0.0,0.0,0.0,61.6,65,19,65521,50,65476,0,300,0,0,8,20529,65476,0,0,26214,60.0,0.0,0.0,0.0,0.0,0.0
2026-05-17T16:09:32,ERR,ERR,ERR,ERR,ERR,ERR,ERR,ERR,ERR,ERR,ERR,ERR,ERR,ERR,ERR,ERR,ERR,ERR,ERR,ERR,ERR,ERR,ERR,ERR,ERR,ERR,ERR,ERR,ERR,ERR,ERR,ERR,ERR,ERR,ERR,ERR,ERR,ERR,ERR,ERR,ERR,ERR,ERR,ERR,ERR,ERR,ERR,ERR,ERR,ERR,ERR,ERR,ERR,ERR,ERR,ERR,ERR,ERR,ERR,ERR,ERR,ERR,ERR,ERR,ERR,ERR,ERR,ERR,ERR,ERR,ERR,ERR,ERR,ERR,ERR,ERR,ERR,ERR,ERR,ERR,ERR,ERR,ERR,ERR,ERR,ERR,ERR,ERR,ERR,ERR,ERR,ERR,ERR,ERR,ERR,ERR,ERR,ERR,ERR,ERR,ERR,ERR,ERR,ERR,ERR,ERR,ERR,ERR,ERR,ERR,ERR,ERR,ERR,ERR,ERR,ERR,ERR,ERR,ERR,ERR,ERR,ERR,ERR,ERR,ERR,0.0,-0.0,-0.0,0.0,0.0,1.3936040501711995e+18,7.805,0.0,0,0,4,0,8422,0.0,45,0.0,0.0,0.0,0.0,0.0,0,0,0,0,0.0,0,0,0,0,0,0,0,0,0,0,0,0,0,0,0,0,0,0,0,0,0,0,0,0,0,0,0,0,0,0,0,0,0,38,14,7,45,65476,0,300,0,0,8,21553,0.0,-107605600.0,0.0,0.0,0.0,0.0,0.0,0.0,0.0,0.0,0.0,0.0,0.0,0.0,0.0,0.0,0.0,0.0,0.0,0.0,0.0,0.0,-2.004,-0.0,2.004,-2.004,0.0,0.0,0.0,0.0,4970.0,-1.0406652570629681e+34,0.0,0.0,-0.0,-107615272.0,-0.0,0.0,0.0,0.0,0.0,53,71.63,-0.0,0.0,0.0,0.0,0.0,0.0,0.0,0.0,0,0,0,0.0,0.0,0.0,0.0,0.0,0.0,0.0,0.0,0.0,0.0,0.0,0.0,0.0,0.0,0.0,0.0,0,-107875648.0,53,0.0,106,-107614832.0,0.0,ERR,ERR,ERR,ERR,ERR,ERR,ERR,ERR,ERR,ERR,ERR,ERR,ERR,ERR,ERR,ERR,ERR,ERR,ERR,ERR,ERR,ERR,ERR,ERR,ERR,ERR,ERR,ERR,ERR,ERR,ERR,ERR,ERR,ERR,ERR,ERR,ERR,ERR,ERR,ERR,ERR,ERR,ERR,ERR,ERR,ERR,ERR,ERR,ERR,ERR,ERR,ERR,ERR,ERR,ERR,ERR,ERR,ERR,ERR,ERR,ERR,ERR,ERR,ERR,ERR,ERR,ERR,50.0,60.0,100,0.0,0.0,0.0,0.0,0.0,0.0,0.0,0.0,0.0,0.0,0.0,0.0,0.0,0.0,0.0,0.0,61.6,65,19,65521,50,65476,0,300,0,0,8,20529,65476,0,0,26214,60.0,0.0,0.0,0.0,0.0,0.0
2026-05-17T16:09:33,ERR,ERR,ERR,ERR,ERR,ERR,ERR,ERR,ERR,ERR,ERR,ERR,ERR,ERR,ERR,ERR,ERR,ERR,ERR,ERR,ERR,ERR,ERR,ERR,ERR,ERR,ERR,ERR,ERR,ERR,ERR,ERR,ERR,ERR,ERR,ERR,ERR,ERR,ERR,ERR,ERR,ERR,ERR,ERR,ERR,ERR,ERR,ERR,ERR,ERR,ERR,ERR,ERR,ERR,ERR,ERR,ERR,ERR,ERR,ERR,ERR,ERR,ERR,ERR,ERR,ERR,ERR,ERR,ERR,ERR,ERR,ERR,ERR,ERR,ERR,ERR,ERR,ERR,ERR,ERR,ERR,ERR,ERR,ERR,ERR,ERR,ERR,ERR,ERR,ERR,ERR,ERR,ERR,ERR,ERR,ERR,ERR,ERR,ERR,ERR,ERR,ERR,ERR,ERR,ERR,ERR,ERR,ERR,ERR,ERR,ERR,ERR,ERR,ERR,ERR,ERR,ERR,ERR,ERR,ERR,ERR,ERR,ERR,ERR,ERR,0.0,-0.0,-0.0,0.0,0.0,1.3936040501711995e+18,7.805,0.0,0,0,4,0,8422,0.0,45,0.0,0.0,0.0,0.0,0.0,0,0,0,0,0.0,0,0,0,0,0,0,0,0,0,0,0,0,0,0,0,0,0,0,0,0,0,0,0,0,0,0,0,0,0,0,0,0,0,38,14,7,45,65476,0,300,0,0,8,21553,0.0,-107605600.0,0.0,0.0,0.0,0.0,0.0,0.0,0.0,0.0,0.0,0.0,0.0,0.0,0.0,0.0,0.0,0.0,0.0,0.0,0.0,0.0,-2.004,-0.0,2.004,-2.004,0.0,0.0,0.0,0.0,4970.0,-1.0406652570629681e+34,0.0,0.0,-0.0,-107615272.0,-0.0,0.0,0.0,0.0,0.0,53,71.63,-0.0,0.0,0.0,0.0,0.0,0.0,0.0,0.0,0,0,0,0.0,0.0,0.0,0.0,0.0,0.0,0.0,0.0,0.0,0.0,0.0,0.0,0.0,0.0,0.0,0.0,0,-107875648.0,53,0.0,106,-107614832.0,0.0,ERR,ERR,ERR,ERR,ERR,ERR,ERR,ERR,ERR,ERR,ERR,ERR,ERR,ERR,ERR,ERR,ERR,ERR,ERR,ERR,ERR,ERR,ERR,ERR,ERR,ERR,ERR,ERR,ERR,ERR,ERR,ERR,ERR,ERR,ERR,ERR,ERR,ERR,ERR,ERR,ERR,ERR,ERR,ERR,ERR,ERR,ERR,ERR,ERR,ERR,ERR,ERR,ERR,ERR,ERR,ERR,ERR,ERR,ERR,ERR,ERR,ERR,ERR,ERR,ERR,ERR,ERR,50.0,60.0,100,0.0,0.0,0.0,0.0,0.0,0.0,0.0,0.0,0.0,0.0,0.0,0.0,0.0,0.0,0.0,0.0,61.6,65,19,65521,50,65476,0,300,0,0,8,20529,65476,0,0,26214,60.0,0.0,0.0,0.0,0.0,0.0
2026-05-17T16:09:34,ERR,ERR,ERR,ERR,ERR,ERR,ERR,ERR,ERR,ERR,ERR,ERR,ERR,ERR,ERR,ERR,ERR,ERR,ERR,ERR,ERR,ERR,ERR,ERR,ERR,ERR,ERR,ERR,ERR,ERR,ERR,ERR,ERR,ERR,ERR,ERR,ERR,ERR,ERR,ERR,ERR,ERR,ERR,ERR,ERR,ERR,ERR,ERR,ERR,ERR,ERR,ERR,ERR,ERR,ERR,ERR,ERR,ERR,ERR,ERR,ERR,ERR,ERR,ERR,ERR,ERR,ERR,ERR,ERR,ERR,ERR,ERR,ERR,ERR,ERR,ERR,ERR,ERR,ERR,ERR,ERR,ERR,ERR,ERR,ERR,ERR,ERR,ERR,ERR,ERR,ERR,ERR,ERR,ERR,ERR,ERR,ERR,ERR,ERR,ERR,ERR,ERR,ERR,ERR,ERR,ERR,ERR,ERR,ERR,ERR,ERR,ERR,ERR,ERR,ERR,ERR,ERR,ERR,ERR,ERR,ERR,ERR,ERR,ERR,ERR,0.0,-0.0,-0.0,0.0,0.0,1.3936040501711995e+18,7.805,0.0,0,0,4,0,8422,0.0,45,0.0,0.0,0.0,0.0,0.0,0,0,0,0,0.0,0,0,0,0,0,0,0,0,0,0,0,0,0,0,0,0,0,0,0,0,0,0,0,0,0,0,0,0,0,0,0,0,0,38,14,7,45,65476,0,300,0,0,8,21553,0.0,-107605600.0,0.0,0.0,0.0,0.0,0.0,0.0,0.0,0.0,0.0,0.0,0.0,0.0,0.0,0.0,0.0,0.0,0.0,0.0,0.0,0.0,-2.004,-0.0,2.004,-2.004,0.0,0.0,0.0,0.0,4970.0,-1.0406652570629681e+34,0.0,0.0,-0.0,-107615272.0,-0.0,0.0,0.0,0.0,0.0,53,71.63,-0.0,0.0,0.0,0.0,0.0,0.0,0.0,0.0,0,0,0,0.0,0.0,0.0,0.0,0.0,0.0,0.0,0.0,0.0,0.0,0.0,0.0,0.0,0.0,0.0,0.0,0,-107875648.0,53,0.0,106,-107614832.0,0.0,ERR,ERR,ERR,ERR,ERR,ERR,ERR,ERR,ERR,ERR,ERR,ERR,ERR,ERR,ERR,ERR,ERR,ERR,ERR,ERR,ERR,ERR,ERR,ERR,ERR,ERR,ERR,ERR,ERR,ERR,ERR,ERR,ERR,ERR,ERR,ERR,ERR,ERR,ERR,ERR,ERR,ERR,ERR,ERR,ERR,ERR,ERR,ERR,ERR,ERR,ERR,ERR,ERR,ERR,ERR,ERR,ERR,ERR,ERR,ERR,ERR,ERR,ERR,ERR,ERR,ERR,ERR,50.0,60.0,100,0.0,0.0,0.0,0.0,0.0,0.0,0.0,0.0,0.0,0.0,0.0,0.0,0.0,0.0,0.0,0.0,61.6,65,19,65521,50,65476,0,300,0,0,8,20529,65476,0,0,26214,60.0,0.0,0.0,0.0,0.0,0.0
2026-05-17T16:09:35,ERR,ERR,ERR,ERR,ERR,ERR,ERR,ERR,ERR,ERR,ERR,ERR,ERR,ERR,ERR,ERR,ERR,ERR,ERR,ERR,ERR,ERR,ERR,ERR,ERR,ERR,ERR,ERR,ERR,ERR,ERR,ERR,ERR,ERR,ERR,ERR,ERR,ERR,ERR,ERR,ERR,ERR,ERR,ERR,ERR,ERR,ERR,ERR,ERR,ERR,ERR,ERR,ERR,ERR,ERR,ERR,ERR,ERR,ERR,ERR,ERR,ERR,ERR,ERR,ERR,ERR,ERR,ERR,ERR,ERR,ERR,ERR,ERR,ERR,ERR,ERR,ERR,ERR,ERR,ERR,ERR,ERR,ERR,ERR,ERR,ERR,ERR,ERR,ERR,ERR,ERR,ERR,ERR,ERR,ERR,ERR,ERR,ERR,ERR,ERR,ERR,ERR,ERR,ERR,ERR,ERR,ERR,ERR,ERR,ERR,ERR,ERR,ERR,ERR,ERR,ERR,ERR,ERR,ERR,ERR,ERR,ERR,ERR,ERR,ERR,0.0,-0.0,-0.0,0.0,0.0,1.3936040501711995e+18,7.805,0.0,0,0,4,0,8422,0.0,45,0.0,0.0,0.0,0.0,0.0,0,0,0,0,0.0,0,0,0,0,0,0,0,0,0,0,0,0,0,0,0,0,0,0,0,0,0,0,0,0,0,0,0,0,0,0,0,0,0,38,14,7,45,65476,0,300,0,0,8,21553,0.0,-107605600.0,0.0,0.0,0.0,0.0,0.0,0.0,0.0,0.0,0.0,0.0,0.0,0.0,0.0,0.0,0.0,0.0,0.0,0.0,0.0,0.0,-2.004,-0.0,2.004,-2.004,0.0,0.0,0.0,0.0,4970.0,-1.0406652570629681e+34,0.0,0.0,-0.0,-107615272.0,-0.0,0.0,0.0,0.0,0.0,53,71.63,-0.0,0.0,0.0,0.0,0.0,0.0,0.0,0.0,0,0,0,0.0,0.0,0.0,0.0,0.0,0.0,0.0,0.0,0.0,0.0,0.0,0.0,0.0,0.0,0.0,0.0,0,-107875648.0,53,0.0,106,-107614832.0,0.0,ERR,ERR,ERR,ERR,ERR,ERR,ERR,ERR,ERR,ERR,ERR,ERR,ERR,ERR,ERR,ERR,ERR,ERR,ERR,ERR,ERR,ERR,ERR,ERR,ERR,ERR,ERR,ERR,ERR,ERR,ERR,ERR,ERR,ERR,ERR,ERR,ERR,ERR,ERR,ERR,ERR,ERR,ERR,ERR,ERR,ERR,ERR,ERR,ERR,ERR,ERR,ERR,ERR,ERR,ERR,ERR,ERR,ERR,ERR,ERR,ERR,ERR,ERR,ERR,ERR,ERR,ERR,50.0,60.0,100,0.0,0.0,0.0,0.0,0.0,0.0,0.0,0.0,0.0,0.0,0.0,0.0,0.0,0.0,0.0,0.0,61.6,65,19,65521,50,65476,0,300,0,0,8,20529,65476,0,0,26214,60.0,0.0,0.0,0.0,0.0,0.0
2026-05-17T16:09:36,ERR,ERR,ERR,ERR,ERR,ERR,ERR,ERR,ERR,ERR,ERR,ERR,ERR,ERR,ERR,ERR,ERR,ERR,ERR,ERR,ERR,ERR,ERR,ERR,ERR,ERR,ERR,ERR,ERR,ERR,ERR,ERR,ERR,ERR,ERR,ERR,ERR,ERR,ERR,ERR,ERR,ERR,ERR,ERR,ERR,ERR,ERR,ERR,ERR,ERR,ERR,ERR,ERR,ERR,ERR,ERR,ERR,ERR,ERR,ERR,ERR,ERR,ERR,ERR,ERR,ERR,ERR,ERR,ERR,ERR,ERR,ERR,ERR,ERR,ERR,ERR,ERR,ERR,ERR,ERR,ERR,ERR,ERR,ERR,ERR,ERR,ERR,ERR,ERR,ERR,ERR,ERR,ERR,ERR,ERR,ERR,ERR,ERR,ERR,ERR,ERR,ERR,ERR,ERR,ERR,ERR,ERR,ERR,ERR,ERR,ERR,ERR,ERR,ERR,ERR,ERR,ERR,ERR,ERR,ERR,ERR,ERR,ERR,ERR,ERR,0.0,-0.0,-0.0,0.0,0.0,1.3936040501711995e+18,7.805,0.0,0,0,4,0,8422,0.0,45,0.0,0.0,0.0,0.0,0.0,0,0,0,0,0.0,0,0,0,0,0,0,0,0,0,0,0,0,0,0,0,0,0,0,0,0,0,0,0,0,0,0,0,0,0,0,0,0,0,38,14,7,45,65476,0,300,0,0,8,21553,0.0,-107605600.0,0.0,0.0,0.0,0.0,0.0,0.0,0.0,0.0,0.0,0.0,0.0,0.0,0.0,0.0,0.0,0.0,0.0,0.0,0.0,0.0,-2.004,-0.0,2.004,-2.004,0.0,0.0,0.0,0.0,5009.0,8608182272.0,0.0,0.0,-0.0,0.0,2.718429120148166e+23,0.0,0.0,0.0,0.0,53,4.950428597886765e+32,0.0,0.0,0.0,0.0,0.0,0.0,0.0,0.0,0,0,0,0.0,0.0,0.0,0.0,0.0,0.0,0.0,0.0,0.0,0.0,0.0,0.0,0.0,0.0,0.0,0.0,0,-107875648.0,53,0.0,106,-107614832.0,-107350944.0,ERR,ERR,ERR,ERR,ERR,ERR,ERR,ERR,ERR,ERR,ERR,ERR,ERR,ERR,ERR,ERR,ERR,ERR,ERR,ERR,ERR,ERR,ERR,ERR,ERR,ERR,ERR,ERR,ERR,ERR,ERR,ERR,ERR,ERR,ERR,ERR,ERR,ERR,ERR,ERR,ERR,ERR,ERR,ERR,ERR,ERR,ERR,ERR,ERR,ERR,ERR,ERR,ERR,ERR,ERR,ERR,ERR,ERR,ERR,ERR,ERR,ERR,ERR,ERR,ERR,ERR,ERR,50.0,60.0,100,0.0,0.0,0.0,0.0,0.0,0.0,0.0,0.0,0.0,0.0,0.0,0.0,0.0,0.0,0.0,0.0,61.6,65,19,65521,50,65476,0,300,0,0,8,20529,65476,0,0,26214,60.0,0.0,0.0,0.0,0.0,0.0
2026-05-17T16:09:37,ERR,ERR,ERR,ERR,ERR,ERR,ERR,ERR,ERR,ERR,ERR,ERR,ERR,ERR,ERR,ERR,ERR,ERR,ERR,ERR,ERR,ERR,ERR,ERR,ERR,ERR,ERR,ERR,ERR,ERR,ERR,ERR,ERR,ERR,ERR,ERR,ERR,ERR,ERR,ERR,ERR,ERR,ERR,ERR,ERR,ERR,ERR,ERR,ERR,ERR,ERR,ERR,ERR,ERR,ERR,ERR,ERR,ERR,ERR,ERR,ERR,ERR,ERR,ERR,ERR,ERR,ERR,ERR,ERR,ERR,ERR,ERR,ERR,ERR,ERR,ERR,ERR,ERR,ERR,ERR,ERR,ERR,ERR,ERR,ERR,ERR,ERR,ERR,ERR,ERR,ERR,ERR,ERR,ERR,ERR,ERR,ERR,ERR,ERR,ERR,ERR,ERR,ERR,ERR,ERR,ERR,ERR,ERR,ERR,ERR,ERR,ERR,ERR,ERR,ERR,ERR,ERR,ERR,ERR,ERR,ERR,ERR,ERR,ERR,ERR,0.0,-0.0,-0.0,0.0,0.0,1.3936040501711995e+18,7.805,0.0,0,0,4,0,8422,0.0,45,0.0,0.0,0.0,0.0,0.0,0,0,0,0,0.0,0,0,0,0,0,0,0,0,0,0,0,0,0,0,0,0,0,0,0,0,0,0,0,0,0,0,0,0,0,0,0,0,0,38,14,7,45,65476,0,300,0,0,8,21553,0.0,-107605600.0,0.0,0.0,0.0,0.0,0.0,0.0,0.0,0.0,0.0,0.0,0.0,0.0,0.0,0.0,0.0,0.0,0.0,0.0,0.0,0.0,-2.004,-0.0,2.004,-2.004,0.0,0.0,0.0,0.0,5009.0,8608182272.0,0.0,0.0,-0.0,0.0,2.718429120148166e+23,0.0,0.0,0.0,0.0,53,4.950428597886765e+32,0.0,0.0,0.0,0.0,0.0,0.0,0.0,0.0,0,0,0,0.0,0.0,0.0,0.0,0.0,0.0,0.0,0.0,0.0,0.0,0.0,0.0,0.0,0.0,0.0,0.0,0,-107875648.0,53,0.0,106,-107614832.0,-107350944.0,ERR,ERR,ERR,ERR,ERR,ERR,ERR,ERR,ERR,ERR,ERR,ERR,ERR,ERR,ERR,ERR,ERR,ERR,ERR,ERR,ERR,ERR,ERR,ERR,ERR,ERR,ERR,ERR,ERR,ERR,ERR,ERR,ERR,ERR,ERR,ERR,ERR,ERR,ERR,ERR,ERR,ERR,ERR,ERR,ERR,ERR,ERR,ERR,ERR,ERR,ERR,ERR,ERR,ERR,ERR,ERR,ERR,ERR,ERR,ERR,ERR,ERR,ERR,ERR,ERR,ERR,ERR,50.0,60.0,100,0.0,0.0,0.0,0.0,0.0,0.0,0.0,0.0,0.0,0.0,0.0,0.0,0.0,0.0,0.0,0.0,61.6,65,19,65521,50,65476,0,300,0,0,8,20529,65476,0,0,26214,60.0,0.0,0.0,0.0,0.0,0.0
2026-05-17T16:09:38,ERR,ERR,ERR,ERR,ERR,ERR,ERR,ERR,ERR,ERR,ERR,ERR,ERR,ERR,ERR,ERR,ERR,ERR,ERR,ERR,ERR,ERR,ERR,ERR,ERR,ERR,ERR,ERR,ERR,ERR,ERR,ERR,ERR,ERR,ERR,ERR,ERR,ERR,ERR,ERR,ERR,ERR,ERR,ERR,ERR,ERR,ERR,ERR,ERR,ERR,ERR,ERR,ERR,ERR,ERR,ERR,ERR,ERR,ERR,ERR,ERR,ERR,ERR,ERR,ERR,ERR,ERR,ERR,ERR,ERR,ERR,ERR,ERR,ERR,ERR,ERR,ERR,ERR,ERR,ERR,ERR,ERR,ERR,ERR,ERR,ERR,ERR,ERR,ERR,ERR,ERR,ERR,ERR,ERR,ERR,ERR,ERR,ERR,ERR,ERR,ERR,ERR,ERR,ERR,ERR,ERR,ERR,ERR,ERR,ERR,ERR,ERR,ERR,ERR,ERR,ERR,ERR,ERR,ERR,ERR,ERR,ERR,ERR,ERR,ERR,0.0,-0.0,-0.0,0.0,0.0,1.3936040501711995e+18,7.805,0.0,0,0,4,0,8422,0.0,45,0.0,0.0,0.0,0.0,0.0,0,0,0,0,0.0,0,0,0,0,0,0,0,0,0,0,0,0,0,0,0,0,0,0,0,0,0,0,0,0,0,0,0,0,0,0,0,0,0,38,14,7,45,65476,0,300,0,0,8,21553,0.0,-107605600.0,0.0,0.0,0.0,0.0,0.0,0.0,0.0,0.0,0.0,0.0,0.0,0.0,0.0,0.0,0.0,0.0,0.0,0.0,0.0,0.0,-2.004,-0.0,2.004,-2.004,0.0,0.0,0.0,0.0,5009.0,8608182272.0,0.0,0.0,-0.0,0.0,2.718429120148166e+23,0.0,0.0,0.0,0.0,53,4.950428597886765e+32,0.0,0.0,0.0,0.0,0.0,0.0,0.0,0.0,0,0,0,0.0,0.0,0.0,0.0,0.0,0.0,0.0,0.0,0.0,0.0,0.0,0.0,0.0,0.0,0.0,0.0,0,-107875648.0,53,0.0,106,-107614832.0,-107350944.0,ERR,ERR,ERR,ERR,ERR,ERR,ERR,ERR,ERR,ERR,ERR,ERR,ERR,ERR,ERR,ERR,ERR,ERR,ERR,ERR,ERR,ERR,ERR,ERR,ERR,ERR,ERR,ERR,ERR,ERR,ERR,ERR,ERR,ERR,ERR,ERR,ERR,ERR,ERR,ERR,ERR,ERR,ERR,ERR,ERR,ERR,ERR,ERR,ERR,ERR,ERR,ERR,ERR,ERR,ERR,ERR,ERR,ERR,ERR,ERR,ERR,ERR,ERR,ERR,ERR,ERR,ERR,50.0,60.0,100,0.0,0.0,0.0,0.0,0.0,0.0,0.0,0.0,0.0,0.0,0.0,0.0,0.0,0.0,0.0,0.0,61.6,65,19,65521,50,65476,0,300,0,0,8,20529,65476,0,0,26214,60.0,0.0,0.0,0.0,0.0,0.0
2026-05-17T16:09:39,ERR,ERR,ERR,ERR,ERR,ERR,ERR,ERR,ERR,ERR,ERR,ERR,ERR,ERR,ERR,ERR,ERR,ERR,ERR,ERR,ERR,ERR,ERR,ERR,ERR,ERR,ERR,ERR,ERR,ERR,ERR,ERR,ERR,ERR,ERR,ERR,ERR,ERR,ERR,ERR,ERR,ERR,ERR,ERR,ERR,ERR,ERR,ERR,ERR,ERR,ERR,ERR,ERR,ERR,ERR,ERR,ERR,ERR,ERR,ERR,ERR,ERR,ERR,ERR,ERR,ERR,ERR,ERR,ERR,ERR,ERR,ERR,ERR,ERR,ERR,ERR,ERR,ERR,ERR,ERR,ERR,ERR,ERR,ERR,ERR,ERR,ERR,ERR,ERR,ERR,ERR,ERR,ERR,ERR,ERR,ERR,ERR,ERR,ERR,ERR,ERR,ERR,ERR,ERR,ERR,ERR,ERR,ERR,ERR,ERR,ERR,ERR,ERR,ERR,ERR,ERR,ERR,ERR,ERR,ERR,ERR,ERR,ERR,ERR,ERR,0.0,-0.0,-0.0,0.0,0.0,1.3936040501711995e+18,7.805,0.0,0,0,4,0,8422,0.0,45,0.0,0.0,0.0,0.0,0.0,0,0,0,0,0.0,0,0,0,0,0,0,0,0,0,0,0,0,0,0,0,0,0,0,0,0,0,0,0,0,0,0,0,0,0,0,0,0,0,38,14,7,45,65476,0,300,0,0,8,21553,0.0,-107605600.0,0.0,0.0,0.0,0.0,0.0,0.0,0.0,0.0,0.0,0.0,0.0,0.0,0.0,0.0,0.0,0.0,0.0,0.0,0.0,0.0,-2.004,-0.0,2.004,-2.004,0.0,0.0,0.0,0.0,5009.0,8608182272.0,0.0,0.0,-0.0,0.0,2.718429120148166e+23,0.0,0.0,0.0,0.0,53,4.950428597886765e+32,0.0,0.0,0.0,0.0,0.0,0.0,0.0,0.0,0,0,0,0.0,0.0,0.0,0.0,0.0,0.0,0.0,0.0,0.0,0.0,0.0,0.0,0.0,0.0,0.0,0.0,0,-107875648.0,53,0.0,106,-107614832.0,-107350944.0,ERR,ERR,ERR,ERR,ERR,ERR,ERR,ERR,ERR,ERR,ERR,ERR,ERR,ERR,ERR,ERR,ERR,ERR,ERR,ERR,ERR,ERR,ERR,ERR,ERR,ERR,ERR,ERR,ERR,ERR,ERR,ERR,ERR,ERR,ERR,ERR,ERR,ERR,ERR,ERR,ERR,ERR,ERR,ERR,ERR,ERR,ERR,ERR,ERR,ERR,ERR,ERR,ERR,ERR,ERR,ERR,ERR,ERR,ERR,ERR,ERR,ERR,ERR,ERR,ERR,ERR,ERR,50.0,60.0,100,0.0,0.0,0.0,0.0,0.0,0.0,0.0,0.0,0.0,0.0,0.0,0.0,0.0,0.0,0.0,0.0,61.6,65,19,65521,50,65476,0,300,0,0,8,20529,65476,0,0,26214,60.0,0.0,0.0,0.0,0.0,0.0
2026-05-17T16:09:40,ERR,ERR,ERR,ERR,ERR,ERR,ERR,ERR,ERR,ERR,ERR,ERR,ERR,ERR,ERR,ERR,ERR,ERR,ERR,ERR,ERR,ERR,ERR,ERR,ERR,ERR,ERR,ERR,ERR,ERR,ERR,ERR,ERR,ERR,ERR,ERR,ERR,ERR,ERR,ERR,ERR,ERR,ERR,ERR,ERR,ERR,ERR,ERR,ERR,ERR,ERR,ERR,ERR,ERR,ERR,ERR,ERR,ERR,ERR,ERR,ERR,ERR,ERR,ERR,ERR,ERR,ERR,ERR,ERR,ERR,ERR,ERR,ERR,ERR,ERR,ERR,ERR,ERR,ERR,ERR,ERR,ERR,ERR,ERR,ERR,ERR,ERR,ERR,ERR,ERR,ERR,ERR,ERR,ERR,ERR,ERR,ERR,ERR,ERR,ERR,ERR,ERR,ERR,ERR,ERR,ERR,ERR,ERR,ERR,ERR,ERR,ERR,ERR,ERR,ERR,ERR,ERR,ERR,ERR,ERR,ERR,ERR,ERR,ERR,ERR,0.0,-0.0,-0.0,0.0,0.0,1.3936040501711995e+18,7.805,0.0,0,0,4,0,8422,0.0,45,0.0,0.0,0.0,0.0,0.0,0,0,0,0,0.0,0,0,0,0,0,0,0,0,0,0,0,0,0,0,0,0,0,0,0,0,0,0,0,0,0,0,0,0,0,0,0,0,0,38,14,7,45,65476,0,300,0,0,8,21553,0.0,-107605600.0,0.0,0.0,0.0,0.0,0.0,0.0,0.0,0.0,0.0,0.0,0.0,0.0,0.0,0.0,0.0,0.0,0.0,0.0,0.0,0.0,-2.004,-0.0,2.004,-2.004,0.0,0.0,0.0,0.0,5009.0,8608182272.0,0.0,0.0,-0.0,0.0,2.718429120148166e+23,0.0,0.0,0.0,0.0,53,4.950428597886765e+32,0.0,0.0,0.0,0.0,0.0,0.0,0.0,0.0,0,0,0,0.0,0.0,0.0,0.0,0.0,0.0,0.0,0.0,0.0,0.0,0.0,0.0,0.0,0.0,0.0,0.0,0,-107875648.0,53,0.0,106,-107614832.0,-107350944.0,ERR,ERR,ERR,ERR,ERR,ERR,ERR,ERR,ERR,ERR,ERR,ERR,ERR,ERR,ERR,ERR,ERR,ERR,ERR,ERR,ERR,ERR,ERR,ERR,ERR,ERR,ERR,ERR,ERR,ERR,ERR,ERR,ERR,ERR,ERR,ERR,ERR,ERR,ERR,ERR,ERR,ERR,ERR,ERR,ERR,ERR,ERR,ERR,ERR,ERR,ERR,ERR,ERR,ERR,ERR,ERR,ERR,ERR,ERR,ERR,ERR,ERR,ERR,ERR,ERR,ERR,ERR,50.0,60.0,100,0.0,0.0,0.0,0.0,0.0,0.0,0.0,0.0,0.0,0.0,0.0,0.0,0.0,0.0,0.0,0.0,61.6,65,19,65521,50,65476,0,300,0,0,8,20529,65476,0,0,26214,60.0,0.0,0.0,0.0,0.0,0.0
2026-05-17T16:09:41,ERR,ERR,ERR,ERR,ERR,ERR,ERR,ERR,ERR,ERR,ERR,ERR,ERR,ERR,ERR,ERR,ERR,ERR,ERR,ERR,ERR,ERR,ERR,ERR,ERR,ERR,ERR,ERR,ERR,ERR,ERR,ERR,ERR,ERR,ERR,ERR,ERR,ERR,ERR,ERR,ERR,ERR,ERR,ERR,ERR,ERR,ERR,ERR,ERR,ERR,ERR,ERR,ERR,ERR,ERR,ERR,ERR,ERR,ERR,ERR,ERR,ERR,ERR,ERR,ERR,ERR,ERR,ERR,ERR,ERR,ERR,ERR,ERR,ERR,ERR,ERR,ERR,ERR,ERR,ERR,ERR,ERR,ERR,ERR,ERR,ERR,ERR,ERR,ERR,ERR,ERR,ERR,ERR,ERR,ERR,ERR,ERR,ERR,ERR,ERR,ERR,ERR,ERR,ERR,ERR,ERR,ERR,ERR,ERR,ERR,ERR,ERR,ERR,ERR,ERR,ERR,ERR,ERR,ERR,ERR,ERR,ERR,ERR,ERR,ERR,0.0,-0.0,-0.0,0.0,0.0,1.3936040501711995e+18,7.805,0.0,0,0,4,0,8422,0.0,45,0.0,0.0,0.0,0.0,0.0,0,0,0,0,0.0,0,0,0,0,0,0,0,0,0,0,0,0,0,0,0,0,0,0,0,0,0,0,0,0,0,0,0,0,0,0,0,0,0,38,14,7,45,65476,0,300,0,0,8,21553,0.0,-107605600.0,0.0,0.0,0.0,0.0,0.0,0.0,0.0,0.0,0.0,0.0,0.0,0.0,0.0,0.0,0.0,0.0,0.0,0.0,0.0,0.0,-2.004,-0.0,2.004,-2.004,0.0,0.0,0.0,0.0,5007.0,-2.422987904532282e+24,0.0,0.0,-0.0,-107615272.0,2.718429120148166e+23,0.0,0.0,0.0,0.0,53,152018454839296.0,-2.3088280513417105e+20,0.0,0.0,0.0,0.0,0.0,0.0,0.0,0,0,0,0.0,0.0,0.0,0.0,0.0,0.0,0.0,0.0,0.0,0.0,0.0,0.0,0.0,0.0,0.0,0.0,0,-107875648.0,53,0.0,106,-107614832.0,-107350944.0,ERR,ERR,ERR,ERR,ERR,ERR,ERR,ERR,ERR,ERR,ERR,ERR,ERR,ERR,ERR,ERR,ERR,ERR,ERR,ERR,ERR,ERR,ERR,ERR,ERR,ERR,ERR,ERR,ERR,ERR,ERR,ERR,ERR,ERR,ERR,ERR,ERR,ERR,ERR,ERR,ERR,ERR,ERR,ERR,ERR,ERR,ERR,ERR,ERR,ERR,ERR,ERR,ERR,ERR,ERR,ERR,ERR,ERR,ERR,ERR,ERR,ERR,ERR,ERR,ERR,ERR,ERR,50.0,60.0,100,0.0,0.0,0.0,0.0,0.0,0.0,0.0,0.0,0.0,0.0,0.0,0.0,0.0,0.0,0.0,0.0,61.6,65,19,65521,50,65476,0,300,0,0,8,20529,65476,0,0,26214,60.0,0.0,0.0,0.0,0.0,0.0
2026-05-17T16:09:42,ERR,ERR,ERR,ERR,ERR,ERR,ERR,ERR,ERR,ERR,ERR,ERR,ERR,ERR,ERR,ERR,ERR,ERR,ERR,ERR,ERR,ERR,ERR,ERR,ERR,ERR,ERR,ERR,ERR,ERR,ERR,ERR,ERR,ERR,ERR,ERR,ERR,ERR,ERR,ERR,ERR,ERR,ERR,ERR,ERR,ERR,ERR,ERR,ERR,ERR,ERR,ERR,ERR,ERR,ERR,ERR,ERR,ERR,ERR,ERR,ERR,ERR,ERR,ERR,ERR,ERR,ERR,ERR,ERR,ERR,ERR,ERR,ERR,ERR,ERR,ERR,ERR,ERR,ERR,ERR,ERR,ERR,ERR,ERR,ERR,ERR,ERR,ERR,ERR,ERR,ERR,ERR,ERR,ERR,ERR,ERR,ERR,ERR,ERR,ERR,ERR,ERR,ERR,ERR,ERR,ERR,ERR,ERR,ERR,ERR,ERR,ERR,ERR,ERR,ERR,ERR,ERR,ERR,ERR,ERR,ERR,ERR,ERR,ERR,ERR,0.0,-0.0,-0.0,0.0,0.0,1.3936040501711995e+18,7.805,0.0,0,0,4,0,8422,0.0,45,0.0,0.0,0.0,0.0,0.0,0,0,0,0,0.0,0,0,0,0,0,0,0,0,0,0,0,0,0,0,0,0,0,0,0,0,0,0,0,0,0,0,0,0,0,0,0,0,0,38,14,7,45,65476,0,300,0,0,8,21553,0.0,-107605600.0,0.0,0.0,0.0,0.0,0.0,0.0,0.0,0.0,0.0,0.0,0.0,0.0,0.0,0.0,0.0,0.0,0.0,0.0,0.0,0.0,-2.004,-0.0,2.004,-2.004,0.0,0.0,0.0,0.0,5007.0,-2.422987904532282e+24,0.0,0.0,-0.0,-107615272.0,2.718429120148166e+23,0.0,0.0,0.0,0.0,53,152018454839296.0,-2.3088280513417105e+20,0.0,0.0,0.0,0.0,0.0,0.0,0.0,0,0,0,0.0,0.0,0.0,0.0,0.0,0.0,0.0,0.0,0.0,0.0,0.0,0.0,0.0,0.0,0.0,0.0,0,-107875648.0,53,0.0,106,-107614832.0,-107350944.0,ERR,ERR,ERR,ERR,ERR,ERR,ERR,ERR,ERR,ERR,ERR,ERR,ERR,ERR,ERR,ERR,ERR,ERR,ERR,ERR,ERR,ERR,ERR,ERR,ERR,ERR,ERR,ERR,ERR,ERR,ERR,ERR,ERR,ERR,ERR,ERR,ERR,ERR,ERR,ERR,ERR,ERR,ERR,ERR,ERR,ERR,ERR,ERR,ERR,ERR,ERR,ERR,ERR,ERR,ERR,ERR,ERR,ERR,ERR,ERR,ERR,ERR,ERR,ERR,ERR,ERR,ERR,50.0,60.0,100,0.0,0.0,0.0,0.0,0.0,0.0,0.0,0.0,0.0,0.0,0.0,0.0,0.0,0.0,0.0,0.0,61.6,65,19,65521,50,65476,0,300,0,0,8,20529,65476,0,0,26214,60.0,0.0,0.0,0.0,0.0,0.0
2026-05-17T16:09:43,ERR,ERR,ERR,ERR,ERR,ERR,ERR,ERR,ERR,ERR,ERR,ERR,ERR,ERR,ERR,ERR,ERR,ERR,ERR,ERR,ERR,ERR,ERR,ERR,ERR,ERR,ERR,ERR,ERR,ERR,ERR,ERR,ERR,ERR,ERR,ERR,ERR,ERR,ERR,ERR,ERR,ERR,ERR,ERR,ERR,ERR,ERR,ERR,ERR,ERR,ERR,ERR,ERR,ERR,ERR,ERR,ERR,ERR,ERR,ERR,ERR,ERR,ERR,ERR,ERR,ERR,ERR,ERR,ERR,ERR,ERR,ERR,ERR,ERR,ERR,ERR,ERR,ERR,ERR,ERR,ERR,ERR,ERR,ERR,ERR,ERR,ERR,ERR,ERR,ERR,ERR,ERR,ERR,ERR,ERR,ERR,ERR,ERR,ERR,ERR,ERR,ERR,ERR,ERR,ERR,ERR,ERR,ERR,ERR,ERR,ERR,ERR,ERR,ERR,ERR,ERR,ERR,ERR,ERR,ERR,ERR,ERR,ERR,ERR,ERR,0.0,-0.0,-0.0,0.0,0.0,1.3936040501711995e+18,7.805,0.0,0,0,4,0,8422,0.0,45,0.0,0.0,0.0,0.0,0.0,0,0,0,0,0.0,0,0,0,0,0,0,0,0,0,0,0,0,0,0,0,0,0,0,0,0,0,0,0,0,0,0,0,0,0,0,0,0,0,38,14,7,45,65476,0,300,0,0,8,21553,0.0,-107605600.0,0.0,0.0,0.0,0.0,0.0,0.0,0.0,0.0,0.0,0.0,0.0,0.0,0.0,0.0,0.0,0.0,0.0,0.0,0.0,0.0,-2.004,-0.0,2.004,-2.004,0.0,0.0,0.0,0.0,5007.0,-2.422987904532282e+24,0.0,0.0,-0.0,-107615272.0,2.718429120148166e+23,0.0,0.0,0.0,0.0,53,152018454839296.0,-2.3088280513417105e+20,0.0,0.0,0.0,0.0,0.0,0.0,0.0,0,0,0,0.0,0.0,0.0,0.0,0.0,0.0,0.0,0.0,0.0,0.0,0.0,0.0,0.0,0.0,0.0,0.0,0,-107875648.0,53,0.0,106,-107614832.0,-107350944.0,ERR,ERR,ERR,ERR,ERR,ERR,ERR,ERR,ERR,ERR,ERR,ERR,ERR,ERR,ERR,ERR,ERR,ERR,ERR,ERR,ERR,ERR,ERR,ERR,ERR,ERR,ERR,ERR,ERR,ERR,ERR,ERR,ERR,ERR,ERR,ERR,ERR,ERR,ERR,ERR,ERR,ERR,ERR,ERR,ERR,ERR,ERR,ERR,ERR,ERR,ERR,ERR,ERR,ERR,ERR,ERR,ERR,ERR,ERR,ERR,ERR,ERR,ERR,ERR,ERR,ERR,ERR,50.0,60.0,100,0.0,0.0,0.0,0.0,0.0,0.0,0.0,0.0,0.0,0.0,0.0,0.0,0.0,0.0,0.0,0.0,61.6,65,19,65521,50,65476,0,300,0,0,8,20529,65476,0,0,26214,60.0,0.0,0.0,0.0,0.0,0.0
2026-05-17T16:09:44,ERR,ERR,ERR,ERR,ERR,ERR,ERR,ERR,ERR,ERR,ERR,ERR,ERR,ERR,ERR,ERR,ERR,ERR,ERR,ERR,ERR,ERR,ERR,ERR,ERR,ERR,ERR,ERR,ERR,ERR,ERR,ERR,ERR,ERR,ERR,ERR,ERR,ERR,ERR,ERR,ERR,ERR,ERR,ERR,ERR,ERR,ERR,ERR,ERR,ERR,ERR,ERR,ERR,ERR,ERR,ERR,ERR,ERR,ERR,ERR,ERR,ERR,ERR,ERR,ERR,ERR,ERR,ERR,ERR,ERR,ERR,ERR,ERR,ERR,ERR,ERR,ERR,ERR,ERR,ERR,ERR,ERR,ERR,ERR,ERR,ERR,ERR,ERR,ERR,ERR,ERR,ERR,ERR,ERR,ERR,ERR,ERR,ERR,ERR,ERR,ERR,ERR,ERR,ERR,ERR,ERR,ERR,ERR,ERR,ERR,ERR,ERR,ERR,ERR,ERR,ERR,ERR,ERR,ERR,ERR,ERR,ERR,ERR,ERR,ERR,0.0,-0.0,-0.0,0.0,0.0,1.3936040501711995e+18,7.805,0.0,0,0,4,0,8422,0.0,45,0.0,0.0,0.0,0.0,0.0,0,0,0,0,0.0,0,0,0,0,0,0,0,0,0,0,0,0,0,0,0,0,0,0,0,0,0,0,0,0,0,0,0,0,0,0,0,0,0,38,14,7,45,65476,0,300,0,0,8,21553,0.0,-107605600.0,0.0,0.0,0.0,0.0,0.0,0.0,0.0,0.0,0.0,0.0,0.0,0.0,0.0,0.0,0.0,0.0,0.0,0.0,0.0,0.0,-2.004,-0.0,2.004,-2.004,0.0,0.0,0.0,0.0,5007.0,-2.422987904532282e+24,0.0,0.0,-0.0,-107615272.0,2.718429120148166e+23,0.0,0.0,0.0,0.0,53,152018454839296.0,-2.3088280513417105e+20,0.0,0.0,0.0,0.0,0.0,0.0,0.0,0,0,0,0.0,0.0,0.0,0.0,0.0,0.0,0.0,0.0,0.0,0.0,0.0,0.0,0.0,0.0,0.0,0.0,0,-107875648.0,53,0.0,106,-107614832.0,-107350944.0,ERR,ERR,ERR,ERR,ERR,ERR,ERR,ERR,ERR,ERR,ERR,ERR,ERR,ERR,ERR,ERR,ERR,ERR,ERR,ERR,ERR,ERR,ERR,ERR,ERR,ERR,ERR,ERR,ERR,ERR,ERR,ERR,ERR,ERR,ERR,ERR,ERR,ERR,ERR,ERR,ERR,ERR,ERR,ERR,ERR,ERR,ERR,ERR,ERR,ERR,ERR,ERR,ERR,ERR,ERR,ERR,ERR,ERR,ERR,ERR,ERR,ERR,ERR,ERR,ERR,ERR,ERR,50.0,60.0,100,0.0,0.0,0.0,0.0,0.0,0.0,0.0,0.0,0.0,0.0,0.0,0.0,0.0,0.0,0.0,0.0,61.6,65,19,65521,50,65476,0,300,0,0,8,20529,65476,0,0,26214,60.0,0.0,0.0,0.0,0.0,0.0
2026-05-17T16:09:45,ERR,ERR,ERR,ERR,ERR,ERR,ERR,ERR,ERR,ERR,ERR,ERR,ERR,ERR,ERR,ERR,ERR,ERR,ERR,ERR,ERR,ERR,ERR,ERR,ERR,ERR,ERR,ERR,ERR,ERR,ERR,ERR,ERR,ERR,ERR,ERR,ERR,ERR,ERR,ERR,ERR,ERR,ERR,ERR,ERR,ERR,ERR,ERR,ERR,ERR,ERR,ERR,ERR,ERR,ERR,ERR,ERR,ERR,ERR,ERR,ERR,ERR,ERR,ERR,ERR,ERR,ERR,ERR,ERR,ERR,ERR,ERR,ERR,ERR,ERR,ERR,ERR,ERR,ERR,ERR,ERR,ERR,ERR,ERR,ERR,ERR,ERR,ERR,ERR,ERR,ERR,ERR,ERR,ERR,ERR,ERR,ERR,ERR,ERR,ERR,ERR,ERR,ERR,ERR,ERR,ERR,ERR,ERR,ERR,ERR,ERR,ERR,ERR,ERR,ERR,ERR,ERR,ERR,ERR,ERR,ERR,ERR,ERR,ERR,ERR,0.0,-0.0,-0.0,0.0,0.0,1.3936040501711995e+18,7.805,0.0,0,0,4,0,8422,0.0,45,0.0,0.0,0.0,0.0,0.0,0,0,0,0,0.0,0,0,0,0,0,0,0,0,0,0,0,0,0,0,0,0,0,0,0,0,0,0,0,0,0,0,0,0,0,0,0,0,0,38,14,7,45,65476,0,300,0,0,8,21553,0.0,-107605600.0,0.0,0.0,0.0,0.0,0.0,0.0,0.0,0.0,0.0,0.0,0.0,0.0,0.0,0.0,0.0,0.0,0.0,0.0,0.0,0.0,-2.004,-0.0,2.004,-2.004,0.0,0.0,0.0,0.0,5007.0,-2.422987904532282e+24,0.0,0.0,-0.0,-107615272.0,2.718429120148166e+23,0.0,0.0,0.0,0.0,53,152018454839296.0,-2.3088280513417105e+20,0.0,0.0,0.0,0.0,0.0,0.0,0.0,0,0,0,0.0,0.0,0.0,0.0,0.0,0.0,0.0,0.0,0.0,0.0,0.0,0.0,0.0,0.0,0.0,0.0,0,-107875648.0,53,0.0,106,-107614832.0,-107350944.0,ERR,ERR,ERR,ERR,ERR,ERR,ERR,ERR,ERR,ERR,ERR,ERR,ERR,ERR,ERR,ERR,ERR,ERR,ERR,ERR,ERR,ERR,ERR,ERR,ERR,ERR,ERR,ERR,ERR,ERR,ERR,ERR,ERR,ERR,ERR,ERR,ERR,ERR,ERR,ERR,ERR,ERR,ERR,ERR,ERR,ERR,ERR,ERR,ERR,ERR,ERR,ERR,ERR,ERR,ERR,ERR,ERR,ERR,ERR,ERR,ERR,ERR,ERR,ERR,ERR,ERR,ERR,50.0,60.0,100,0.0,0.0,0.0,0.0,0.0,0.0,0.0,0.0,0.0,0.0,0.0,0.0,0.0,0.0,0.0,0.0,62.0,65,19,65521,50,65476,0,300,0,0,8,20529,65476,0,0,26214,60.0,0.0,0.0,0.0,0.0,0.0
2026-05-17T16:09:46,ERR,ERR,ERR,ERR,ERR,ERR,ERR,ERR,ERR,ERR,ERR,ERR,ERR,ERR,ERR,ERR,ERR,ERR,ERR,ERR,ERR,ERR,ERR,ERR,ERR,ERR,ERR,ERR,ERR,ERR,ERR,ERR,ERR,ERR,ERR,ERR,ERR,ERR,ERR,ERR,ERR,ERR,ERR,ERR,ERR,ERR,ERR,ERR,ERR,ERR,ERR,ERR,ERR,ERR,ERR,ERR,ERR,ERR,ERR,ERR,ERR,ERR,ERR,ERR,ERR,ERR,ERR,ERR,ERR,ERR,ERR,ERR,ERR,ERR,ERR,ERR,ERR,ERR,ERR,ERR,ERR,ERR,ERR,ERR,ERR,ERR,ERR,ERR,ERR,ERR,ERR,ERR,ERR,ERR,ERR,ERR,ERR,ERR,ERR,ERR,ERR,ERR,ERR,ERR,ERR,ERR,ERR,ERR,ERR,ERR,ERR,ERR,ERR,ERR,ERR,ERR,ERR,ERR,ERR,ERR,ERR,ERR,ERR,ERR,ERR,0.0,-0.0,-0.0,0.0,0.0,1.3936040501711995e+18,7.805,0.0,0,0,4,0,8422,0.0,45,0.0,0.0,0.0,0.0,0.0,0,0,0,0,0.0,0,0,0,0,0,0,0,0,0,0,0,0,0,0,0,0,0,0,0,0,0,0,0,0,0,0,0,0,0,0,0,0,0,38,14,7,45,65476,0,300,0,0,8,21553,0.0,-107605600.0,0.0,0.0,0.0,0.0,0.0,0.0,0.0,0.0,0.0,0.0,0.0,0.0,0.0,0.0,0.0,0.0,0.0,0.0,0.0,0.0,-2.004,-0.0,2.004,-2.004,0.0,0.0,0.0,0.0,5003.0,-0.0,0.0,0.0,-0.0,0.0,2.718429120148166e+23,0.0,0.0,0.0,0.0,53,1.9056979486756045e+17,-0.0,0.0,0.0,0.0,0.0,0.0,0.0,0.0,0,0,0,0.0,0.0,0.0,0.0,0.0,0.0,0.0,0.0,0.0,0.0,0.0,0.0,0.0,0.0,0.0,0.0,0,-107875648.0,53,0.0,106,-107614832.0,0.0,ERR,ERR,ERR,ERR,ERR,ERR,ERR,ERR,ERR,ERR,ERR,ERR,ERR,ERR,ERR,ERR,ERR,ERR,ERR,ERR,ERR,ERR,ERR,ERR,ERR,ERR,ERR,ERR,ERR,ERR,ERR,ERR,ERR,ERR,ERR,ERR,ERR,ERR,ERR,ERR,ERR,ERR,ERR,ERR,ERR,ERR,ERR,ERR,ERR,ERR,ERR,ERR,ERR,ERR,ERR,ERR,ERR,ERR,ERR,ERR,ERR,ERR,ERR,ERR,ERR,ERR,ERR,50.0,60.0,100,0.0,0.0,0.0,0.0,0.0,0.0,0.0,0.0,0.0,0.0,0.0,0.0,0.0,0.0,0.0,0.0,62.0,65,19,65521,50,65476,0,300,0,0,8,20529,65476,0,0,26214,60.0,0.0,0.0,0.0,0.0,0.0
2026-05-17T16:09:47,ERR,ERR,ERR,ERR,ERR,ERR,ERR,ERR,ERR,ERR,ERR,ERR,ERR,ERR,ERR,ERR,ERR,ERR,ERR,ERR,ERR,ERR,ERR,ERR,ERR,ERR,ERR,ERR,ERR,ERR,ERR,ERR,ERR,ERR,ERR,ERR,ERR,ERR,ERR,ERR,ERR,ERR,ERR,ERR,ERR,ERR,ERR,ERR,ERR,ERR,ERR,ERR,ERR,ERR,ERR,ERR,ERR,ERR,ERR,ERR,ERR,ERR,ERR,ERR,ERR,ERR,ERR,ERR,ERR,ERR,ERR,ERR,ERR,ERR,ERR,ERR,ERR,ERR,ERR,ERR,ERR,ERR,ERR,ERR,ERR,ERR,ERR,ERR,ERR,ERR,ERR,ERR,ERR,ERR,ERR,ERR,ERR,ERR,ERR,ERR,ERR,ERR,ERR,ERR,ERR,ERR,ERR,ERR,ERR,ERR,ERR,ERR,ERR,ERR,ERR,ERR,ERR,ERR,ERR,ERR,ERR,ERR,ERR,ERR,ERR,0.0,-0.0,-0.0,0.0,0.0,1.3936040501711995e+18,7.805,0.0,0,0,4,0,8422,0.0,45,0.0,0.0,0.0,0.0,0.0,0,0,0,0,0.0,0,0,0,0,0,0,0,0,0,0,0,0,0,0,0,0,0,0,0,0,0,0,0,0,0,0,0,0,0,0,0,0,0,38,14,7,45,65476,0,300,0,0,8,21553,0.0,-107605600.0,0.0,0.0,0.0,0.0,0.0,0.0,0.0,0.0,0.0,0.0,0.0,0.0,0.0,0.0,0.0,0.0,0.0,0.0,0.0,0.0,-2.004,-0.0,2.004,-2.004,0.0,0.0,0.0,0.0,5003.0,-0.0,0.0,0.0,-0.0,0.0,2.718429120148166e+23,0.0,0.0,0.0,0.0,53,1.9056979486756045e+17,-0.0,0.0,0.0,0.0,0.0,0.0,0.0,0.0,0,0,0,0.0,0.0,0.0,0.0,0.0,0.0,0.0,0.0,0.0,0.0,0.0,0.0,0.0,0.0,0.0,0.0,0,-107875648.0,53,0.0,106,-107614832.0,0.0,ERR,ERR,ERR,ERR,ERR,ERR,ERR,ERR,ERR,ERR,ERR,ERR,ERR,ERR,ERR,ERR,ERR,ERR,ERR,ERR,ERR,ERR,ERR,ERR,ERR,ERR,ERR,ERR,ERR,ERR,ERR,ERR,ERR,ERR,ERR,ERR,ERR,ERR,ERR,ERR,ERR,ERR,ERR,ERR,ERR,ERR,ERR,ERR,ERR,ERR,ERR,ERR,ERR,ERR,ERR,ERR,ERR,ERR,ERR,ERR,ERR,ERR,ERR,ERR,ERR,ERR,ERR,50.0,60.0,100,0.0,0.0,0.0,0.0,0.0,0.0,0.0,0.0,0.0,0.0,0.0,0.0,0.0,0.0,0.0,0.0,61.6,65,19,65521,50,65476,0,300,0,0,8,20529,65476,0,0,26214,60.0,0.0,0.0,0.0,0.0,0.0
2026-05-17T16:09:48,ERR,ERR,ERR,ERR,ERR,ERR,ERR,ERR,ERR,ERR,ERR,ERR,ERR,ERR,ERR,ERR,ERR,ERR,ERR,ERR,ERR,ERR,ERR,ERR,ERR,ERR,ERR,ERR,ERR,ERR,ERR,ERR,ERR,ERR,ERR,ERR,ERR,ERR,ERR,ERR,ERR,ERR,ERR,ERR,ERR,ERR,ERR,ERR,ERR,ERR,ERR,ERR,ERR,ERR,ERR,ERR,ERR,ERR,ERR,ERR,ERR,ERR,ERR,ERR,ERR,ERR,ERR,ERR,ERR,ERR,ERR,ERR,ERR,ERR,ERR,ERR,ERR,ERR,ERR,ERR,ERR,ERR,ERR,ERR,ERR,ERR,ERR,ERR,ERR,ERR,ERR,ERR,ERR,ERR,ERR,ERR,ERR,ERR,ERR,ERR,ERR,ERR,ERR,ERR,ERR,ERR,ERR,ERR,ERR,ERR,ERR,ERR,ERR,ERR,ERR,ERR,ERR,ERR,ERR,ERR,ERR,ERR,ERR,ERR,ERR,0.0,-0.0,-0.0,0.0,0.0,1.3936040501711995e+18,7.805,0.0,0,0,4,0,8422,0.0,45,0.0,0.0,0.0,0.0,0.0,0,0,0,0,0.0,0,0,0,0,0,0,0,0,0,0,0,0,0,0,0,0,0,0,0,0,0,0,0,0,0,0,0,0,0,0,0,0,0,38,14,7,45,65476,0,300,0,0,8,21553,0.0,-107605600.0,0.0,0.0,0.0,0.0,0.0,0.0,0.0,0.0,0.0,0.0,0.0,0.0,0.0,0.0,0.0,0.0,0.0,0.0,0.0,0.0,-2.004,-0.0,2.004,-2.004,0.0,0.0,0.0,0.0,5003.0,-0.0,0.0,0.0,-0.0,0.0,2.718429120148166e+23,0.0,0.0,0.0,0.0,53,1.9056979486756045e+17,-0.0,0.0,0.0,0.0,0.0,0.0,0.0,0.0,0,0,0,0.0,0.0,0.0,0.0,0.0,0.0,0.0,0.0,0.0,0.0,0.0,0.0,0.0,0.0,0.0,0.0,0,-107875648.0,53,0.0,106,-107614832.0,0.0,ERR,ERR,ERR,ERR,ERR,ERR,ERR,ERR,ERR,ERR,ERR,ERR,ERR,ERR,ERR,ERR,ERR,ERR,ERR,ERR,ERR,ERR,ERR,ERR,ERR,ERR,ERR,ERR,ERR,ERR,ERR,ERR,ERR,ERR,ERR,ERR,ERR,ERR,ERR,ERR,ERR,ERR,ERR,ERR,ERR,ERR,ERR,ERR,ERR,ERR,ERR,ERR,ERR,ERR,ERR,ERR,ERR,ERR,ERR,ERR,ERR,ERR,ERR,ERR,ERR,ERR,ERR,50.0,60.0,100,0.0,0.0,0.0,0.0,0.0,0.0,0.0,0.0,0.0,0.0,0.0,0.0,0.0,0.0,0.0,0.0,61.6,65,19,65521,50,65476,0,300,0,0,8,20529,65476,0,0,26214,60.0,0.0,0.0,0.0,0.0,0.0
2026-05-17T16:09:49,ERR,ERR,ERR,ERR,ERR,ERR,ERR,ERR,ERR,ERR,ERR,ERR,ERR,ERR,ERR,ERR,ERR,ERR,ERR,ERR,ERR,ERR,ERR,ERR,ERR,ERR,ERR,ERR,ERR,ERR,ERR,ERR,ERR,ERR,ERR,ERR,ERR,ERR,ERR,ERR,ERR,ERR,ERR,ERR,ERR,ERR,ERR,ERR,ERR,ERR,ERR,ERR,ERR,ERR,ERR,ERR,ERR,ERR,ERR,ERR,ERR,ERR,ERR,ERR,ERR,ERR,ERR,ERR,ERR,ERR,ERR,ERR,ERR,ERR,ERR,ERR,ERR,ERR,ERR,ERR,ERR,ERR,ERR,ERR,ERR,ERR,ERR,ERR,ERR,ERR,ERR,ERR,ERR,ERR,ERR,ERR,ERR,ERR,ERR,ERR,ERR,ERR,ERR,ERR,ERR,ERR,ERR,ERR,ERR,ERR,ERR,ERR,ERR,ERR,ERR,ERR,ERR,ERR,ERR,ERR,ERR,ERR,ERR,ERR,ERR,0.0,-0.0,-0.0,0.0,0.0,1.3936040501711995e+18,7.805,0.0,0,0,4,0,8422,0.0,45,0.0,0.0,0.0,0.0,0.0,0,0,0,0,0.0,0,0,0,0,0,0,0,0,0,0,0,0,0,0,0,0,0,0,0,0,0,0,0,0,0,0,0,0,0,0,0,0,0,38,14,7,45,65476,0,300,0,0,8,21553,0.0,-107605600.0,0.0,0.0,0.0,0.0,0.0,0.0,0.0,0.0,0.0,0.0,0.0,0.0,0.0,0.0,0.0,0.0,0.0,0.0,0.0,0.0,-2.004,-0.0,2.004,-2.004,0.0,0.0,0.0,0.0,5003.0,-0.0,0.0,0.0,-0.0,0.0,2.718429120148166e+23,0.0,0.0,0.0,0.0,53,1.9056979486756045e+17,-0.0,0.0,0.0,0.0,0.0,0.0,0.0,0.0,0,0,0,0.0,0.0,0.0,0.0,0.0,0.0,0.0,0.0,0.0,0.0,0.0,0.0,0.0,0.0,0.0,0.0,0,-107875648.0,53,0.0,106,-107614832.0,0.0,ERR,ERR,ERR,ERR,ERR,ERR,ERR,ERR,ERR,ERR,ERR,ERR,ERR,ERR,ERR,ERR,ERR,ERR,ERR,ERR,ERR,ERR,ERR,ERR,ERR,ERR,ERR,ERR,ERR,ERR,ERR,ERR,ERR,ERR,ERR,ERR,ERR,ERR,ERR,ERR,ERR,ERR,ERR,ERR,ERR,ERR,ERR,ERR,ERR,ERR,ERR,ERR,ERR,ERR,ERR,ERR,ERR,ERR,ERR,ERR,ERR,ERR,ERR,ERR,ERR,ERR,ERR,50.0,60.0,100,0.0,0.0,0.0,0.0,0.0,0.0,0.0,0.0,0.0,0.0,0.0,0.0,0.0,0.0,0.0,0.0,61.6,65,19,65521,50,65476,0,300,0,0,8,20529,65476,0,0,26214,60.0,0.0,0.0,0.0,0.0,0.0
2026-05-17T16:09:50,ERR,ERR,ERR,ERR,ERR,ERR,ERR,ERR,ERR,ERR,ERR,ERR,ERR,ERR,ERR,ERR,ERR,ERR,ERR,ERR,ERR,ERR,ERR,ERR,ERR,ERR,ERR,ERR,ERR,ERR,ERR,ERR,ERR,ERR,ERR,ERR,ERR,ERR,ERR,ERR,ERR,ERR,ERR,ERR,ERR,ERR,ERR,ERR,ERR,ERR,ERR,ERR,ERR,ERR,ERR,ERR,ERR,ERR,ERR,ERR,ERR,ERR,ERR,ERR,ERR,ERR,ERR,ERR,ERR,ERR,ERR,ERR,ERR,ERR,ERR,ERR,ERR,ERR,ERR,ERR,ERR,ERR,ERR,ERR,ERR,ERR,ERR,ERR,ERR,ERR,ERR,ERR,ERR,ERR,ERR,ERR,ERR,ERR,ERR,ERR,ERR,ERR,ERR,ERR,ERR,ERR,ERR,ERR,ERR,ERR,ERR,ERR,ERR,ERR,ERR,ERR,ERR,ERR,ERR,ERR,ERR,ERR,ERR,ERR,ERR,0.0,-0.0,-0.0,0.0,0.0,1.3936040501711995e+18,7.805,0.0,0,0,4,0,8422,0.0,45,0.0,0.0,0.0,0.0,0.0,0,0,0,0,0.0,0,0,0,0,0,0,0,0,0,0,0,0,0,0,0,0,0,0,0,0,0,0,0,0,0,0,0,0,0,0,0,0,0,38,14,7,45,65476,0,300,0,0,8,21553,0.0,-107605600.0,0.0,0.0,0.0,0.0,0.0,0.0,0.0,0.0,0.0,0.0,0.0,0.0,0.0,0.0,0.0,0.0,0.0,0.0,0.0,0.0,-2.004,-0.0,2.004,-2.004,0.0,0.0,0.0,0.0,5003.0,-0.0,0.0,0.0,-0.0,0.0,2.718429120148166e+23,0.0,0.0,0.0,0.0,53,1.9056979486756045e+17,-0.0,0.0,0.0,0.0,0.0,0.0,0.0,0.0,0,0,0,0.0,0.0,0.0,0.0,0.0,0.0,0.0,0.0,0.0,0.0,0.0,0.0,0.0,0.0,0.0,0.0,0,-107875648.0,53,0.0,106,-107614832.0,0.0,ERR,ERR,ERR,ERR,ERR,ERR,ERR,ERR,ERR,ERR,ERR,ERR,ERR,ERR,ERR,ERR,ERR,ERR,ERR,ERR,ERR,ERR,ERR,ERR,ERR,ERR,ERR,ERR,ERR,ERR,ERR,ERR,ERR,ERR,ERR,ERR,ERR,ERR,ERR,ERR,ERR,ERR,ERR,ERR,ERR,ERR,ERR,ERR,ERR,ERR,ERR,ERR,ERR,ERR,ERR,ERR,ERR,ERR,ERR,ERR,ERR,ERR,ERR,ERR,ERR,ERR,ERR,50.0,60.0,100,0.0,0.0,0.0,0.0,0.0,0.0,0.0,0.0,0.0,0.0,0.0,0.0,0.0,0.0,0.0,0.0,61.6,65,19,65521,50,65476,0,300,0,0,8,20529,65476,0,0,26214,60.0,0.0,0.0,0.0,0.0,0.0
2026-05-17T16:09:51,ERR,ERR,ERR,ERR,ERR,ERR,ERR,ERR,ERR,ERR,ERR,ERR,ERR,ERR,ERR,ERR,ERR,ERR,ERR,ERR,ERR,ERR,ERR,ERR,ERR,ERR,ERR,ERR,ERR,ERR,ERR,ERR,ERR,ERR,ERR,ERR,ERR,ERR,ERR,ERR,ERR,ERR,ERR,ERR,ERR,ERR,ERR,ERR,ERR,ERR,ERR,ERR,ERR,ERR,ERR,ERR,ERR,ERR,ERR,ERR,ERR,ERR,ERR,ERR,ERR,ERR,ERR,ERR,ERR,ERR,ERR,ERR,ERR,ERR,ERR,ERR,ERR,ERR,ERR,ERR,ERR,ERR,ERR,ERR,ERR,ERR,ERR,ERR,ERR,ERR,ERR,ERR,ERR,ERR,ERR,ERR,ERR,ERR,ERR,ERR,ERR,ERR,ERR,ERR,ERR,ERR,ERR,ERR,ERR,ERR,ERR,ERR,ERR,ERR,ERR,ERR,ERR,ERR,ERR,ERR,ERR,ERR,ERR,ERR,ERR,0.0,-0.0,-0.0,0.0,0.0,1.3936040501711995e+18,7.805,0.0,0,0,4,0,8422,0.0,45,0.0,0.0,0.0,0.0,0.0,0,0,0,0,0.0,0,0,0,0,0,0,0,0,0,0,0,0,0,0,0,0,0,0,0,0,0,0,0,0,0,0,0,0,0,0,0,0,0,38,14,7,45,65476,0,300,0,0,8,21553,0.0,-107605600.0,0.0,0.0,0.0,0.0,0.0,0.0,0.0,0.0,0.0,0.0,0.0,0.0,0.0,0.0,0.0,0.0,0.0,0.0,0.0,0.0,-2.004,-0.0,-0.0,-2.004,0.0,0.0,0.0,0.0,5038.0,0.0,0.0,0.0,-0.0,0.0,2.718429120148166e+23,0.0,0.0,0.0,0.0,53,2.3088403658719416e+20,89220.57,0.0,0.0,0.0,0.0,0.0,0.0,0.0,0,0,0,0.0,0.0,0.0,0.0,0.0,0.0,0.0,0.0,0.0,0.0,0.0,0.0,0.0,0.0,0.0,0.0,0,-107875648.0,53,0.0,106,-107614832.0,-107350944.0,ERR,ERR,ERR,ERR,ERR,ERR,ERR,ERR,ERR,ERR,ERR,ERR,ERR,ERR,ERR,ERR,ERR,ERR,ERR,ERR,ERR,ERR,ERR,ERR,ERR,ERR,ERR,ERR,ERR,ERR,ERR,ERR,ERR,ERR,ERR,ERR,ERR,ERR,ERR,ERR,ERR,ERR,ERR,ERR,ERR,ERR,ERR,ERR,ERR,ERR,ERR,ERR,ERR,ERR,ERR,ERR,ERR,ERR,ERR,ERR,ERR,ERR,ERR,ERR,ERR,ERR,ERR,50.0,60.0,100,0.0,0.0,0.0,0.0,0.0,0.0,0.0,0.0,0.0,0.0,0.0,0.0,0.0,0.0,0.0,0.0,61.6,65,19,65521,50,65476,0,300,0,0,8,20529,65476,0,0,26214,60.0,0.0,0.0,0.0,0.0,0.0
2026-05-17T16:09:52,ERR,ERR,ERR,ERR,ERR,ERR,ERR,ERR,ERR,ERR,ERR,ERR,ERR,ERR,ERR,ERR,ERR,ERR,ERR,ERR,ERR,ERR,ERR,ERR,ERR,ERR,ERR,ERR,ERR,ERR,ERR,ERR,ERR,ERR,ERR,ERR,ERR,ERR,ERR,ERR,ERR,ERR,ERR,ERR,ERR,ERR,ERR,ERR,ERR,ERR,ERR,ERR,ERR,ERR,ERR,ERR,ERR,ERR,ERR,ERR,ERR,ERR,ERR,ERR,ERR,ERR,ERR,ERR,ERR,ERR,ERR,ERR,ERR,ERR,ERR,ERR,ERR,ERR,ERR,ERR,ERR,ERR,ERR,ERR,ERR,ERR,ERR,ERR,ERR,ERR,ERR,ERR,ERR,ERR,ERR,ERR,ERR,ERR,ERR,ERR,ERR,ERR,ERR,ERR,ERR,ERR,ERR,ERR,ERR,ERR,ERR,ERR,ERR,ERR,ERR,ERR,ERR,ERR,ERR,ERR,ERR,ERR,ERR,ERR,ERR,0.0,-0.0,-0.0,0.0,0.0,1.3936040501711995e+18,7.805,0.0,0,0,4,0,8422,0.0,45,0.0,0.0,0.0,0.0,0.0,0,0,0,0,0.0,0,0,0,0,0,0,0,0,0,0,0,0,0,0,0,0,0,0,0,0,0,0,0,0,0,0,0,0,0,0,0,0,0,38,14,7,45,65476,0,300,0,0,8,21553,0.0,-107605600.0,0.0,0.0,0.0,0.0,0.0,0.0,0.0,0.0,0.0,0.0,0.0,0.0,0.0,0.0,0.0,0.0,0.0,0.0,0.0,0.0,-2.004,-0.0,-0.0,-2.004,0.0,0.0,0.0,0.0,5038.0,0.0,0.0,0.0,-0.0,0.0,2.718429120148166e+23,0.0,0.0,0.0,0.0,53,2.3088403658719416e+20,89220.57,0.0,0.0,0.0,0.0,0.0,0.0,0.0,0,0,0,0.0,0.0,0.0,0.0,0.0,0.0,0.0,0.0,0.0,0.0,0.0,0.0,0.0,0.0,0.0,0.0,0,-107875648.0,53,0.0,106,-107614832.0,-107350944.0,ERR,ERR,ERR,ERR,ERR,ERR,ERR,ERR,ERR,ERR,ERR,ERR,ERR,ERR,ERR,ERR,ERR,ERR,ERR,ERR,ERR,ERR,ERR,ERR,ERR,ERR,ERR,ERR,ERR,ERR,ERR,ERR,ERR,ERR,ERR,ERR,ERR,ERR,ERR,ERR,ERR,ERR,ERR,ERR,ERR,ERR,ERR,ERR,ERR,ERR,ERR,ERR,ERR,ERR,ERR,ERR,ERR,ERR,ERR,ERR,ERR,ERR,ERR,ERR,ERR,ERR,ERR,50.0,60.0,100,0.0,0.0,0.0,0.0,0.0,0.0,0.0,0.0,0.0,0.0,0.0,0.0,0.0,0.0,0.0,0.0,62.0,65,19,65521,50,65476,0,300,0,0,8,20529,65476,0,0,26214,60.0,0.0,0.0,0.0,0.0,0.0
2026-05-17T16:09:53,ERR,ERR,ERR,ERR,ERR,ERR,ERR,ERR,ERR,ERR,ERR,ERR,ERR,ERR,ERR,ERR,ERR,ERR,ERR,ERR,ERR,ERR,ERR,ERR,ERR,ERR,ERR,ERR,ERR,ERR,ERR,ERR,ERR,ERR,ERR,ERR,ERR,ERR,ERR,ERR,ERR,ERR,ERR,ERR,ERR,ERR,ERR,ERR,ERR,ERR,ERR,ERR,ERR,ERR,ERR,ERR,ERR,ERR,ERR,ERR,ERR,ERR,ERR,ERR,ERR,ERR,ERR,ERR,ERR,ERR,ERR,ERR,ERR,ERR,ERR,ERR,ERR,ERR,ERR,ERR,ERR,ERR,ERR,ERR,ERR,ERR,ERR,ERR,ERR,ERR,ERR,ERR,ERR,ERR,ERR,ERR,ERR,ERR,ERR,ERR,ERR,ERR,ERR,ERR,ERR,ERR,ERR,ERR,ERR,ERR,ERR,ERR,ERR,ERR,ERR,ERR,ERR,ERR,ERR,ERR,ERR,ERR,ERR,ERR,ERR,0.0,-0.0,-0.0,0.0,0.0,1.3936040501711995e+18,7.805,0.0,0,0,4,0,8422,0.0,45,0.0,0.0,0.0,0.0,0.0,0,0,0,0,0.0,0,0,0,0,0,0,0,0,0,0,0,0,0,0,0,0,0,0,0,0,0,0,0,0,0,0,0,0,0,0,0,0,0,38,14,7,45,65476,0,300,0,0,8,21553,0.0,-107605600.0,0.0,0.0,0.0,0.0,0.0,0.0,0.0,0.0,0.0,0.0,0.0,0.0,0.0,0.0,0.0,0.0,0.0,0.0,0.0,0.0,-2.004,-0.0,-0.0,-2.004,0.0,0.0,0.0,0.0,5038.0,0.0,0.0,0.0,-0.0,0.0,2.718429120148166e+23,0.0,0.0,0.0,0.0,53,2.3088403658719416e+20,89220.57,0.0,0.0,0.0,0.0,0.0,0.0,0.0,0,0,0,0.0,0.0,0.0,0.0,0.0,0.0,0.0,0.0,0.0,0.0,0.0,0.0,0.0,0.0,0.0,0.0,0,-107875648.0,53,0.0,106,-107614832.0,-107350944.0,ERR,ERR,ERR,ERR,ERR,ERR,ERR,ERR,ERR,ERR,ERR,ERR,ERR,ERR,ERR,ERR,ERR,ERR,ERR,ERR,ERR,ERR,ERR,ERR,ERR,ERR,ERR,ERR,ERR,ERR,ERR,ERR,ERR,ERR,ERR,ERR,ERR,ERR,ERR,ERR,ERR,ERR,ERR,ERR,ERR,ERR,ERR,ERR,ERR,ERR,ERR,ERR,ERR,ERR,ERR,ERR,ERR,ERR,ERR,ERR,ERR,ERR,ERR,ERR,ERR,ERR,ERR,50.0,60.0,100,0.0,0.0,0.0,0.0,0.0,0.0,0.0,0.0,0.0,0.0,0.0,0.0,0.0,0.0,0.0,0.0,62.0,65,19,65521,50,65476,0,300,0,0,8,20529,65476,0,0,26214,60.0,0.0,0.0,0.0,0.0,0.0
2026-05-17T16:09:54,ERR,ERR,ERR,ERR,ERR,ERR,ERR,ERR,ERR,ERR,ERR,ERR,ERR,ERR,ERR,ERR,ERR,ERR,ERR,ERR,ERR,ERR,ERR,ERR,ERR,ERR,ERR,ERR,ERR,ERR,ERR,ERR,ERR,ERR,ERR,ERR,ERR,ERR,ERR,ERR,ERR,ERR,ERR,ERR,ERR,ERR,ERR,ERR,ERR,ERR,ERR,ERR,ERR,ERR,ERR,ERR,ERR,ERR,ERR,ERR,ERR,ERR,ERR,ERR,ERR,ERR,ERR,ERR,ERR,ERR,ERR,ERR,ERR,ERR,ERR,ERR,ERR,ERR,ERR,ERR,ERR,ERR,ERR,ERR,ERR,ERR,ERR,ERR,ERR,ERR,ERR,ERR,ERR,ERR,ERR,ERR,ERR,ERR,ERR,ERR,ERR,ERR,ERR,ERR,ERR,ERR,ERR,ERR,ERR,ERR,ERR,ERR,ERR,ERR,ERR,ERR,ERR,ERR,ERR,ERR,ERR,ERR,ERR,ERR,ERR,0.0,-0.0,-0.0,0.0,0.0,1.3936040501711995e+18,7.805,0.0,0,0,4,0,8422,0.0,45,0.0,0.0,0.0,0.0,0.0,0,0,0,0,0.0,0,0,0,0,0,0,0,0,0,0,0,0,0,0,0,0,0,0,0,0,0,0,0,0,0,0,0,0,0,0,0,0,0,38,14,7,45,65476,0,300,0,0,8,21553,0.0,-107605600.0,0.0,0.0,0.0,0.0,0.0,0.0,0.0,0.0,0.0,0.0,0.0,0.0,0.0,0.0,0.0,0.0,0.0,0.0,0.0,0.0,-2.004,-0.0,-0.0,-2.004,0.0,0.0,0.0,0.0,5038.0,0.0,0.0,0.0,-0.0,0.0,2.718429120148166e+23,0.0,0.0,0.0,0.0,53,2.3088403658719416e+20,89220.57,0.0,0.0,0.0,0.0,0.0,0.0,0.0,0,0,0,0.0,0.0,0.0,0.0,0.0,0.0,0.0,0.0,0.0,0.0,0.0,0.0,0.0,0.0,0.0,0.0,0,-107875648.0,53,0.0,106,-107614832.0,-107350944.0,ERR,ERR,ERR,ERR,ERR,ERR,ERR,ERR,ERR,ERR,ERR,ERR,ERR,ERR,ERR,ERR,ERR,ERR,ERR,ERR,ERR,ERR,ERR,ERR,ERR,ERR,ERR,ERR,ERR,ERR,ERR,ERR,ERR,ERR,ERR,ERR,ERR,ERR,ERR,ERR,ERR,ERR,ERR,ERR,ERR,ERR,ERR,ERR,ERR,ERR,ERR,ERR,ERR,ERR,ERR,ERR,ERR,ERR,ERR,ERR,ERR,ERR,ERR,ERR,ERR,ERR,ERR,50.0,60.0,100,0.0,0.0,0.0,0.0,0.0,0.0,0.0,0.0,0.0,0.0,0.0,0.0,0.0,0.0,0.0,0.0,61.6,65,19,65521,50,65476,0,300,0,0,8,20529,65476,0,0,26214,60.0,0.0,0.0,0.0,0.0,0.0
2026-05-17T16:09:55,ERR,ERR,ERR,ERR,ERR,ERR,ERR,ERR,ERR,ERR,ERR,ERR,ERR,ERR,ERR,ERR,ERR,ERR,ERR,ERR,ERR,ERR,ERR,ERR,ERR,ERR,ERR,ERR,ERR,ERR,ERR,ERR,ERR,ERR,ERR,ERR,ERR,ERR,ERR,ERR,ERR,ERR,ERR,ERR,ERR,ERR,ERR,ERR,ERR,ERR,ERR,ERR,ERR,ERR,ERR,ERR,ERR,ERR,ERR,ERR,ERR,ERR,ERR,ERR,ERR,ERR,ERR,ERR,ERR,ERR,ERR,ERR,ERR,ERR,ERR,ERR,ERR,ERR,ERR,ERR,ERR,ERR,ERR,ERR,ERR,ERR,ERR,ERR,ERR,ERR,ERR,ERR,ERR,ERR,ERR,ERR,ERR,ERR,ERR,ERR,ERR,ERR,ERR,ERR,ERR,ERR,ERR,ERR,ERR,ERR,ERR,ERR,ERR,ERR,ERR,ERR,ERR,ERR,ERR,ERR,ERR,ERR,ERR,ERR,ERR,0.0,-0.0,-0.0,0.0,0.0,1.3936040501711995e+18,7.805,0.0,0,0,4,0,8422,0.0,45,0.0,0.0,0.0,0.0,0.0,0,0,0,0,0.0,0,0,0,0,0,0,0,0,0,0,0,0,0,0,0,0,0,0,0,0,0,0,0,0,0,0,0,0,0,0,0,0,0,38,14,7,45,65476,0,300,0,0,8,21553,0.0,-107605600.0,0.0,0.0,0.0,0.0,0.0,0.0,0.0,0.0,0.0,0.0,0.0,0.0,0.0,0.0,0.0,0.0,0.0,0.0,0.0,0.0,-2.004,-0.0,-0.0,-2.004,0.0,0.0,0.0,0.0,5038.0,0.0,0.0,0.0,-0.0,0.0,2.718429120148166e+23,0.0,0.0,0.0,0.0,53,2.3088403658719416e+20,89220.57,0.0,0.0,0.0,0.0,0.0,0.0,0.0,0,0,0,0.0,0.0,0.0,0.0,0.0,0.0,0.0,0.0,0.0,0.0,0.0,0.0,0.0,0.0,0.0,0.0,0,-107875648.0,53,0.0,106,-107614832.0,-107350944.0,ERR,ERR,ERR,ERR,ERR,ERR,ERR,ERR,ERR,ERR,ERR,ERR,ERR,ERR,ERR,ERR,ERR,ERR,ERR,ERR,ERR,ERR,ERR,ERR,ERR,ERR,ERR,ERR,ERR,ERR,ERR,ERR,ERR,ERR,ERR,ERR,ERR,ERR,ERR,ERR,ERR,ERR,ERR,ERR,ERR,ERR,ERR,ERR,ERR,ERR,ERR,ERR,ERR,ERR,ERR,ERR,ERR,ERR,ERR,ERR,ERR,ERR,ERR,ERR,ERR,ERR,ERR,50.0,60.0,100,0.0,0.0,0.0,0.0,0.0,0.0,0.0,0.0,0.0,0.0,0.0,0.0,0.0,0.0,0.0,0.0,61.6,65,19,65521,50,65476,0,300,0,0,8,20529,65476,0,0,26214,60.0,0.0,0.0,0.0,0.0,0.0
2026-05-17T16:09:56,ERR,ERR,ERR,ERR,ERR,ERR,ERR,ERR,ERR,ERR,ERR,ERR,ERR,ERR,ERR,ERR,ERR,ERR,ERR,ERR,ERR,ERR,ERR,ERR,ERR,ERR,ERR,ERR,ERR,ERR,ERR,ERR,ERR,ERR,ERR,ERR,ERR,ERR,ERR,ERR,ERR,ERR,ERR,ERR,ERR,ERR,ERR,ERR,ERR,ERR,ERR,ERR,ERR,ERR,ERR,ERR,ERR,ERR,ERR,ERR,ERR,ERR,ERR,ERR,ERR,ERR,ERR,ERR,ERR,ERR,ERR,ERR,ERR,ERR,ERR,ERR,ERR,ERR,ERR,ERR,ERR,ERR,ERR,ERR,ERR,ERR,ERR,ERR,ERR,ERR,ERR,ERR,ERR,ERR,ERR,ERR,ERR,ERR,ERR,ERR,ERR,ERR,ERR,ERR,ERR,ERR,ERR,ERR,ERR,ERR,ERR,ERR,ERR,ERR,ERR,ERR,ERR,ERR,ERR,ERR,ERR,ERR,ERR,ERR,ERR,0.0,-0.0,-0.0,0.0,0.0,1.3936040501711995e+18,7.805,0.0,0,0,4,0,8422,0.0,45,0.0,0.0,0.0,0.0,0.0,0,0,0,0,0.0,0,0,0,0,0,0,0,0,0,0,0,0,0,0,0,0,0,0,0,0,0,0,0,0,0,0,0,0,0,0,0,0,0,38,14,7,45,65476,0,300,0,0,8,21553,0.0,-107605600.0,0.0,0.0,0.0,0.0,0.0,0.0,0.0,0.0,0.0,0.0,0.0,0.0,0.0,0.0,0.0,0.0,0.0,0.0,0.0,0.0,-2.004,-0.0,2.004,0.0,0.0,0.0,0.0,0.0,5036.0,1.040665504650976e+34,0.0,0.0,-0.0,0.0,2.718429120148166e+23,0.0,0.0,0.0,0.0,53,1.9056979486756045e+17,-0.0,0.0,0.0,0.0,0.0,0.0,0.0,0.0,0,0,0,0.0,0.0,0.0,0.0,0.0,0.0,0.0,0.0,0.0,0.0,0.0,0.0,0.0,0.0,0.0,0.0,0,-107875648.0,53,0.0,106,-107614832.0,0.0,ERR,ERR,ERR,ERR,ERR,ERR,ERR,ERR,ERR,ERR,ERR,ERR,ERR,ERR,ERR,ERR,ERR,ERR,ERR,ERR,ERR,ERR,ERR,ERR,ERR,ERR,ERR,ERR,ERR,ERR,ERR,ERR,ERR,ERR,ERR,ERR,ERR,ERR,ERR,ERR,ERR,ERR,ERR,ERR,ERR,ERR,ERR,ERR,ERR,ERR,ERR,ERR,ERR,ERR,ERR,ERR,ERR,ERR,ERR,ERR,ERR,ERR,ERR,ERR,ERR,ERR,ERR,50.0,60.0,100,0.0,0.0,0.0,0.0,0.0,0.0,0.0,0.0,0.0,0.0,0.0,0.0,0.0,0.0,0.0,0.0,61.6,65,19,65521,50,65476,0,300,0,0,8,20529,65476,0,0,26214,60.0,0.0,0.0,0.0,0.0,0.0
2026-05-17T16:09:57,ERR,ERR,ERR,ERR,ERR,ERR,ERR,ERR,ERR,ERR,ERR,ERR,ERR,ERR,ERR,ERR,ERR,ERR,ERR,ERR,ERR,ERR,ERR,ERR,ERR,ERR,ERR,ERR,ERR,ERR,ERR,ERR,ERR,ERR,ERR,ERR,ERR,ERR,ERR,ERR,ERR,ERR,ERR,ERR,ERR,ERR,ERR,ERR,ERR,ERR,ERR,ERR,ERR,ERR,ERR,ERR,ERR,ERR,ERR,ERR,ERR,ERR,ERR,ERR,ERR,ERR,ERR,ERR,ERR,ERR,ERR,ERR,ERR,ERR,ERR,ERR,ERR,ERR,ERR,ERR,ERR,ERR,ERR,ERR,ERR,ERR,ERR,ERR,ERR,ERR,ERR,ERR,ERR,ERR,ERR,ERR,ERR,ERR,ERR,ERR,ERR,ERR,ERR,ERR,ERR,ERR,ERR,ERR,ERR,ERR,ERR,ERR,ERR,ERR,ERR,ERR,ERR,ERR,ERR,ERR,ERR,ERR,ERR,ERR,ERR,0.0,-0.0,-0.0,0.0,0.0,1.3936040501711995e+18,7.805,0.0,0,0,4,0,8422,0.0,45,0.0,0.0,0.0,0.0,0.0,0,0,0,0,0.0,0,0,0,0,0,0,0,0,0,0,0,0,0,0,0,0,0,0,0,0,0,0,0,0,0,0,0,0,0,0,0,0,0,38,14,7,45,65476,0,300,0,0,8,21553,0.0,-107605600.0,0.0,0.0,0.0,0.0,0.0,0.0,0.0,0.0,0.0,0.0,0.0,0.0,0.0,0.0,0.0,0.0,0.0,0.0,0.0,0.0,-2.004,-0.0,2.004,0.0,0.0,0.0,0.0,0.0,5036.0,1.040665504650976e+34,0.0,0.0,-0.0,0.0,2.718429120148166e+23,0.0,0.0,0.0,0.0,53,1.9056979486756045e+17,-0.0,0.0,0.0,0.0,0.0,0.0,0.0,0.0,0,0,0,0.0,0.0,0.0,0.0,0.0,0.0,0.0,0.0,0.0,0.0,0.0,0.0,0.0,0.0,0.0,0.0,0,-107875648.0,53,0.0,106,-107614832.0,0.0,ERR,ERR,ERR,ERR,ERR,ERR,ERR,ERR,ERR,ERR,ERR,ERR,ERR,ERR,ERR,ERR,ERR,ERR,ERR,ERR,ERR,ERR,ERR,ERR,ERR,ERR,ERR,ERR,ERR,ERR,ERR,ERR,ERR,ERR,ERR,ERR,ERR,ERR,ERR,ERR,ERR,ERR,ERR,ERR,ERR,ERR,ERR,ERR,ERR,ERR,ERR,ERR,ERR,ERR,ERR,ERR,ERR,ERR,ERR,ERR,ERR,ERR,ERR,ERR,ERR,ERR,ERR,50.0,60.0,100,0.0,0.0,0.0,0.0,0.0,0.0,0.0,0.0,0.0,0.0,0.0,0.0,0.0,0.0,0.0,0.0,61.6,65,19,65521,50,65476,0,300,0,0,8,20529,65476,0,0,26214,60.0,0.0,0.0,0.0,0.0,0.0
2026-05-17T16:09:58,ERR,ERR,ERR,ERR,ERR,ERR,ERR,ERR,ERR,ERR,ERR,ERR,ERR,ERR,ERR,ERR,ERR,ERR,ERR,ERR,ERR,ERR,ERR,ERR,ERR,ERR,ERR,ERR,ERR,ERR,ERR,ERR,ERR,ERR,ERR,ERR,ERR,ERR,ERR,ERR,ERR,ERR,ERR,ERR,ERR,ERR,ERR,ERR,ERR,ERR,ERR,ERR,ERR,ERR,ERR,ERR,ERR,ERR,ERR,ERR,ERR,ERR,ERR,ERR,ERR,ERR,ERR,ERR,ERR,ERR,ERR,ERR,ERR,ERR,ERR,ERR,ERR,ERR,ERR,ERR,ERR,ERR,ERR,ERR,ERR,ERR,ERR,ERR,ERR,ERR,ERR,ERR,ERR,ERR,ERR,ERR,ERR,ERR,ERR,ERR,ERR,ERR,ERR,ERR,ERR,ERR,ERR,ERR,ERR,ERR,ERR,ERR,ERR,ERR,ERR,ERR,ERR,ERR,ERR,ERR,ERR,ERR,ERR,ERR,ERR,0.0,-0.0,-0.0,0.0,0.0,1.3936040501711995e+18,7.805,0.0,0,0,4,0,8422,0.0,45,0.0,0.0,0.0,0.0,0.0,0,0,0,0,0.0,0,0,0,0,0,0,0,0,0,0,0,0,0,0,0,0,0,0,0,0,0,0,0,0,0,0,0,0,0,0,0,0,0,38,14,7,45,65476,0,300,0,0,8,21553,0.0,-107605600.0,0.0,0.0,0.0,0.0,0.0,0.0,0.0,0.0,0.0,0.0,0.0,0.0,0.0,0.0,0.0,0.0,0.0,0.0,0.0,0.0,-2.004,-0.0,2.004,0.0,0.0,0.0,0.0,0.0,5036.0,1.040665504650976e+34,0.0,0.0,-0.0,0.0,2.718429120148166e+23,0.0,0.0,0.0,0.0,53,1.9056979486756045e+17,-0.0,0.0,0.0,0.0,0.0,0.0,0.0,0.0,0,0,0,0.0,0.0,0.0,0.0,0.0,0.0,0.0,0.0,0.0,0.0,0.0,0.0,0.0,0.0,0.0,0.0,0,-107875648.0,53,0.0,106,-107614832.0,0.0,ERR,ERR,ERR,ERR,ERR,ERR,ERR,ERR,ERR,ERR,ERR,ERR,ERR,ERR,ERR,ERR,ERR,ERR,ERR,ERR,ERR,ERR,ERR,ERR,ERR,ERR,ERR,ERR,ERR,ERR,ERR,ERR,ERR,ERR,ERR,ERR,ERR,ERR,ERR,ERR,ERR,ERR,ERR,ERR,ERR,ERR,ERR,ERR,ERR,ERR,ERR,ERR,ERR,ERR,ERR,ERR,ERR,ERR,ERR,ERR,ERR,ERR,ERR,ERR,ERR,ERR,ERR,50.0,60.0,100,0.0,0.0,0.0,0.0,0.0,0.0,0.0,0.0,0.0,0.0,0.0,0.0,0.0,0.0,0.0,0.0,61.6,65,19,65521,50,65476,0,300,0,0,8,20529,65476,0,0,26214,60.0,0.0,0.0,0.0,0.0,0.0
2026-05-17T16:09:59,ERR,ERR,ERR,ERR,ERR,ERR,ERR,ERR,ERR,ERR,ERR,ERR,ERR,ERR,ERR,ERR,ERR,ERR,ERR,ERR,ERR,ERR,ERR,ERR,ERR,ERR,ERR,ERR,ERR,ERR,ERR,ERR,ERR,ERR,ERR,ERR,ERR,ERR,ERR,ERR,ERR,ERR,ERR,ERR,ERR,ERR,ERR,ERR,ERR,ERR,ERR,ERR,ERR,ERR,ERR,ERR,ERR,ERR,ERR,ERR,ERR,ERR,ERR,ERR,ERR,ERR,ERR,ERR,ERR,ERR,ERR,ERR,ERR,ERR,ERR,ERR,ERR,ERR,ERR,ERR,ERR,ERR,ERR,ERR,ERR,ERR,ERR,ERR,ERR,ERR,ERR,ERR,ERR,ERR,ERR,ERR,ERR,ERR,ERR,ERR,ERR,ERR,ERR,ERR,ERR,ERR,ERR,ERR,ERR,ERR,ERR,ERR,ERR,ERR,ERR,ERR,ERR,ERR,ERR,ERR,ERR,ERR,ERR,ERR,ERR,0.0,-0.0,-0.0,0.0,0.0,1.3936040501711995e+18,7.805,0.0,0,0,4,0,8422,0.0,45,0.0,0.0,0.0,0.0,0.0,0,0,0,0,0.0,0,0,0,0,0,0,0,0,0,0,0,0,0,0,0,0,0,0,0,0,0,0,0,0,0,0,0,0,0,0,0,0,0,38,14,7,45,65476,0,300,0,0,8,21553,0.0,-107605600.0,0.0,0.0,0.0,0.0,0.0,0.0,0.0,0.0,0.0,0.0,0.0,0.0,0.0,0.0,0.0,0.0,0.0,0.0,0.0,0.0,-2.004,-0.0,2.004,0.0,0.0,0.0,0.0,0.0,5036.0,1.040665504650976e+34,0.0,0.0,-0.0,0.0,2.718429120148166e+23,0.0,0.0,0.0,0.0,53,1.9056979486756045e+17,-0.0,0.0,0.0,0.0,0.0,0.0,0.0,0.0,0,0,0,0.0,0.0,0.0,0.0,0.0,0.0,0.0,0.0,0.0,0.0,0.0,0.0,0.0,0.0,0.0,0.0,0,-107875648.0,53,0.0,106,-107614832.0,0.0,ERR,ERR,ERR,ERR,ERR,ERR,ERR,ERR,ERR,ERR,ERR,ERR,ERR,ERR,ERR,ERR,ERR,ERR,ERR,ERR,ERR,ERR,ERR,ERR,ERR,ERR,ERR,ERR,ERR,ERR,ERR,ERR,ERR,ERR,ERR,ERR,ERR,ERR,ERR,ERR,ERR,ERR,ERR,ERR,ERR,ERR,ERR,ERR,ERR,ERR,ERR,ERR,ERR,ERR,ERR,ERR,ERR,ERR,ERR,ERR,ERR,ERR,ERR,ERR,ERR,ERR,ERR,50.0,60.0,100,0.0,0.0,0.0,0.0,0.0,0.0,0.0,0.0,0.0,0.0,0.0,0.0,0.0,0.0,0.0,0.0,61.6,65,19,65521,50,65476,0,300,0,0,8,20529,65476,0,0,26214,60.0,0.0,0.0,0.0,0.0,0.0
2026-05-17T16:10:00,ERR,ERR,ERR,ERR,ERR,ERR,ERR,ERR,ERR,ERR,ERR,ERR,ERR,ERR,ERR,ERR,ERR,ERR,ERR,ERR,ERR,ERR,ERR,ERR,ERR,ERR,ERR,ERR,ERR,ERR,ERR,ERR,ERR,ERR,ERR,ERR,ERR,ERR,ERR,ERR,ERR,ERR,ERR,ERR,ERR,ERR,ERR,ERR,ERR,ERR,ERR,ERR,ERR,ERR,ERR,ERR,ERR,ERR,ERR,ERR,ERR,ERR,ERR,ERR,ERR,ERR,ERR,ERR,ERR,ERR,ERR,ERR,ERR,ERR,ERR,ERR,ERR,ERR,ERR,ERR,ERR,ERR,ERR,ERR,ERR,ERR,ERR,ERR,ERR,ERR,ERR,ERR,ERR,ERR,ERR,ERR,ERR,ERR,ERR,ERR,ERR,ERR,ERR,ERR,ERR,ERR,ERR,ERR,ERR,ERR,ERR,ERR,ERR,ERR,ERR,ERR,ERR,ERR,ERR,ERR,ERR,ERR,ERR,ERR,ERR,0.0,-0.0,-0.0,0.0,0.0,1.3936040501711995e+18,7.805,0.0,0,0,4,0,8422,0.0,45,0.0,0.0,0.0,0.0,0.0,0,0,0,0,0.0,0,0,0,0,0,0,0,0,0,0,0,0,0,0,0,0,0,0,0,0,0,0,0,0,0,0,0,0,0,0,0,0,0,38,14,7,45,65476,0,300,0,0,8,21553,0.0,-107605600.0,0.0,0.0,0.0,0.0,0.0,0.0,0.0,0.0,0.0,0.0,0.0,0.0,0.0,0.0,0.0,0.0,0.0,0.0,0.0,0.0,-2.004,-0.0,2.004,0.0,0.0,0.0,0.0,0.0,5036.0,1.040665504650976e+34,0.0,0.0,-0.0,0.0,2.718429120148166e+23,0.0,0.0,0.0,0.0,53,1.9056979486756045e+17,-0.0,0.0,0.0,0.0,0.0,0.0,0.0,0.0,0,0,0,0.0,0.0,0.0,0.0,0.0,0.0,0.0,0.0,0.0,0.0,0.0,0.0,0.0,0.0,0.0,0.0,0,-107875648.0,53,0.0,106,-107614832.0,0.0,ERR,ERR,ERR,ERR,ERR,ERR,ERR,ERR,ERR,ERR,ERR,ERR,ERR,ERR,ERR,ERR,ERR,ERR,ERR,ERR,ERR,ERR,ERR,ERR,ERR,ERR,ERR,ERR,ERR,ERR,ERR,ERR,ERR,ERR,ERR,ERR,ERR,ERR,ERR,ERR,ERR,ERR,ERR,ERR,ERR,ERR,ERR,ERR,ERR,ERR,ERR,ERR,ERR,ERR,ERR,ERR,ERR,ERR,ERR,ERR,ERR,ERR,ERR,ERR,ERR,ERR,ERR,50.0,60.0,100,0.0,0.0,0.0,0.0,0.0,0.0,0.0,0.0,0.0,0.0,0.0,0.0,0.0,0.0,0.0,0.0,61.6,65,19,65521,50,65476,0,300,0,0,8,20529,65476,0,0,26214,60.0,0.0,0.0,0.0,0.0,0.0
2026-05-17T16:10:01,ERR,ERR,ERR,ERR,ERR,ERR,ERR,ERR,ERR,ERR,ERR,ERR,ERR,ERR,ERR,ERR,ERR,ERR,ERR,ERR,ERR,ERR,ERR,ERR,ERR,ERR,ERR,ERR,ERR,ERR,ERR,ERR,ERR,ERR,ERR,ERR,ERR,ERR,ERR,ERR,ERR,ERR,ERR,ERR,ERR,ERR,ERR,ERR,ERR,ERR,ERR,ERR,ERR,ERR,ERR,ERR,ERR,ERR,ERR,ERR,ERR,ERR,ERR,ERR,ERR,ERR,ERR,ERR,ERR,ERR,ERR,ERR,ERR,ERR,ERR,ERR,ERR,ERR,ERR,ERR,ERR,ERR,ERR,ERR,ERR,ERR,ERR,ERR,ERR,ERR,ERR,ERR,ERR,ERR,ERR,ERR,ERR,ERR,ERR,ERR,ERR,ERR,ERR,ERR,ERR,ERR,ERR,ERR,ERR,ERR,ERR,ERR,ERR,ERR,ERR,ERR,ERR,ERR,ERR,ERR,ERR,ERR,ERR,ERR,ERR,0.0,-0.0,-0.0,0.0,0.0,1.3936040501711995e+18,7.805,0.0,0,0,4,0,8422,0.0,45,0.0,0.0,0.0,0.0,0.0,0,0,0,0,0.0,0,0,0,0,0,0,0,0,0,0,0,0,0,0,0,0,0,0,0,0,0,0,0,0,0,0,0,0,0,0,0,0,0,38,14,7,45,65476,0,300,0,0,8,21553,0.0,-107605600.0,0.0,0.0,0.0,0.0,0.0,0.0,0.0,0.0,0.0,0.0,0.0,0.0,0.0,0.0,0.0,0.0,0.0,0.0,0.0,0.0,-2.004,-0.0,2.004,-2.004,0.0,0.0,0.0,0.0,5070.0,0.0,0.0,0.0,-0.0,0.0,2.718429120148166e+23,0.0,0.0,0.0,0.0,53,126841110528.0,89220.578,0.0,0.0,0.0,0.0,0.0,0.0,0.0,0,0,0,0.0,0.0,0.0,0.0,0.0,0.0,0.0,0.0,0.0,0.0,0.0,0.0,0.0,0.0,0.0,0.0,0,-107875648.0,53,0.0,106,-107614832.0,-107350944.0,ERR,ERR,ERR,ERR,ERR,ERR,ERR,ERR,ERR,ERR,ERR,ERR,ERR,ERR,ERR,ERR,ERR,ERR,ERR,ERR,ERR,ERR,ERR,ERR,ERR,ERR,ERR,ERR,ERR,ERR,ERR,ERR,ERR,ERR,ERR,ERR,ERR,ERR,ERR,ERR,ERR,ERR,ERR,ERR,ERR,ERR,ERR,ERR,ERR,ERR,ERR,ERR,ERR,ERR,ERR,ERR,ERR,ERR,ERR,ERR,ERR,ERR,ERR,ERR,ERR,ERR,ERR,50.0,60.0,100,0.0,0.0,0.0,0.0,0.0,0.0,0.0,0.0,0.0,0.0,0.0,0.0,0.0,0.0,0.0,0.0,61.6,65,19,65521,50,65476,0,300,0,0,8,20529,65476,0,0,26214,60.0,0.0,0.0,0.0,0.0,0.0
2026-05-17T16:10:02,ERR,ERR,ERR,ERR,ERR,ERR,ERR,ERR,ERR,ERR,ERR,ERR,ERR,ERR,ERR,ERR,ERR,ERR,ERR,ERR,ERR,ERR,ERR,ERR,ERR,ERR,ERR,ERR,ERR,ERR,ERR,ERR,ERR,ERR,ERR,ERR,ERR,ERR,ERR,ERR,ERR,ERR,ERR,ERR,ERR,ERR,ERR,ERR,ERR,ERR,ERR,ERR,ERR,ERR,ERR,ERR,ERR,ERR,ERR,ERR,ERR,ERR,ERR,ERR,ERR,ERR,ERR,ERR,ERR,ERR,ERR,ERR,ERR,ERR,ERR,ERR,ERR,ERR,ERR,ERR,ERR,ERR,ERR,ERR,ERR,ERR,ERR,ERR,ERR,ERR,ERR,ERR,ERR,ERR,ERR,ERR,ERR,ERR,ERR,ERR,ERR,ERR,ERR,ERR,ERR,ERR,ERR,ERR,ERR,ERR,ERR,ERR,ERR,ERR,ERR,ERR,ERR,ERR,ERR,ERR,ERR,ERR,ERR,ERR,ERR,0.0,-0.0,-0.0,0.0,0.0,1.3936040501711995e+18,7.805,0.0,0,0,4,0,8422,0.0,45,0.0,0.0,0.0,0.0,0.0,0,0,0,0,0.0,0,0,0,0,0,0,0,0,0,0,0,0,0,0,0,0,0,0,0,0,0,0,0,0,0,0,0,0,0,0,0,0,0,38,14,7,45,65476,0,300,0,0,8,21553,0.0,-107605600.0,0.0,0.0,0.0,0.0,0.0,0.0,0.0,0.0,0.0,0.0,0.0,0.0,0.0,0.0,0.0,0.0,0.0,0.0,0.0,0.0,-2.004,-0.0,2.004,-2.004,0.0,0.0,0.0,0.0,5070.0,0.0,0.0,0.0,-0.0,0.0,2.718429120148166e+23,0.0,0.0,0.0,0.0,53,126841110528.0,89220.578,0.0,0.0,0.0,0.0,0.0,0.0,0.0,0,0,0,0.0,0.0,0.0,0.0,0.0,0.0,0.0,0.0,0.0,0.0,0.0,0.0,0.0,0.0,0.0,0.0,0,-107875648.0,53,0.0,106,-107614832.0,-107350944.0,ERR,ERR,ERR,ERR,ERR,ERR,ERR,ERR,ERR,ERR,ERR,ERR,ERR,ERR,ERR,ERR,ERR,ERR,ERR,ERR,ERR,ERR,ERR,ERR,ERR,ERR,ERR,ERR,ERR,ERR,ERR,ERR,ERR,ERR,ERR,ERR,ERR,ERR,ERR,ERR,ERR,ERR,ERR,ERR,ERR,ERR,ERR,ERR,ERR,ERR,ERR,ERR,ERR,ERR,ERR,ERR,ERR,ERR,ERR,ERR,ERR,ERR,ERR,ERR,ERR,ERR,ERR,50.0,60.0,100,0.0,0.0,0.0,0.0,0.0,0.0,0.0,0.0,0.0,0.0,0.0,0.0,0.0,0.0,0.0,0.0,61.6,65,19,65521,50,65476,0,300,0,0,8,20529,65476,0,0,26214,60.0,0.0,0.0,0.0,0.0,0.0
2026-05-17T16:10:03,ERR,ERR,ERR,ERR,ERR,ERR,ERR,ERR,ERR,ERR,ERR,ERR,ERR,ERR,ERR,ERR,ERR,ERR,ERR,ERR,ERR,ERR,ERR,ERR,ERR,ERR,ERR,ERR,ERR,ERR,ERR,ERR,ERR,ERR,ERR,ERR,ERR,ERR,ERR,ERR,ERR,ERR,ERR,ERR,ERR,ERR,ERR,ERR,ERR,ERR,ERR,ERR,ERR,ERR,ERR,ERR,ERR,ERR,ERR,ERR,ERR,ERR,ERR,ERR,ERR,ERR,ERR,ERR,ERR,ERR,ERR,ERR,ERR,ERR,ERR,ERR,ERR,ERR,ERR,ERR,ERR,ERR,ERR,ERR,ERR,ERR,ERR,ERR,ERR,ERR,ERR,ERR,ERR,ERR,ERR,ERR,ERR,ERR,ERR,ERR,ERR,ERR,ERR,ERR,ERR,ERR,ERR,ERR,ERR,ERR,ERR,ERR,ERR,ERR,ERR,ERR,ERR,ERR,ERR,ERR,ERR,ERR,ERR,ERR,ERR,0.0,-0.0,-0.0,0.0,0.0,1.3936040501711995e+18,7.805,0.0,0,0,4,0,8422,0.0,45,0.0,0.0,0.0,0.0,0.0,0,0,0,0,0.0,0,0,0,0,0,0,0,0,0,0,0,0,0,0,0,0,0,0,0,0,0,0,0,0,0,0,0,0,0,0,0,0,0,38,14,7,45,65476,0,300,0,0,8,21553,0.0,-107605600.0,0.0,0.0,0.0,0.0,0.0,0.0,0.0,0.0,0.0,0.0,0.0,0.0,0.0,0.0,0.0,0.0,0.0,0.0,0.0,0.0,-2.004,-0.0,2.004,-2.004,0.0,0.0,0.0,0.0,5070.0,0.0,0.0,0.0,-0.0,0.0,2.718429120148166e+23,0.0,0.0,0.0,0.0,53,126841110528.0,89220.578,0.0,0.0,0.0,0.0,0.0,0.0,0.0,0,0,0,0.0,0.0,0.0,0.0,0.0,0.0,0.0,0.0,0.0,0.0,0.0,0.0,0.0,0.0,0.0,0.0,0,-107875648.0,53,0.0,106,-107614832.0,-107350944.0,ERR,ERR,ERR,ERR,ERR,ERR,ERR,ERR,ERR,ERR,ERR,ERR,ERR,ERR,ERR,ERR,ERR,ERR,ERR,ERR,ERR,ERR,ERR,ERR,ERR,ERR,ERR,ERR,ERR,ERR,ERR,ERR,ERR,ERR,ERR,ERR,ERR,ERR,ERR,ERR,ERR,ERR,ERR,ERR,ERR,ERR,ERR,ERR,ERR,ERR,ERR,ERR,ERR,ERR,ERR,ERR,ERR,ERR,ERR,ERR,ERR,ERR,ERR,ERR,ERR,ERR,ERR,50.0,60.0,100,0.0,0.0,0.0,0.0,0.0,0.0,0.0,0.0,0.0,0.0,0.0,0.0,0.0,0.0,0.0,0.0,62.0,65,19,65521,50,65476,0,300,0,0,8,20529,65476,0,0,26214,60.0,0.0,0.0,0.0,0.0,0.0
2026-05-17T16:10:04,ERR,ERR,ERR,ERR,ERR,ERR,ERR,ERR,ERR,ERR,ERR,ERR,ERR,ERR,ERR,ERR,ERR,ERR,ERR,ERR,ERR,ERR,ERR,ERR,ERR,ERR,ERR,ERR,ERR,ERR,ERR,ERR,ERR,ERR,ERR,ERR,ERR,ERR,ERR,ERR,ERR,ERR,ERR,ERR,ERR,ERR,ERR,ERR,ERR,ERR,ERR,ERR,ERR,ERR,ERR,ERR,ERR,ERR,ERR,ERR,ERR,ERR,ERR,ERR,ERR,ERR,ERR,ERR,ERR,ERR,ERR,ERR,ERR,ERR,ERR,ERR,ERR,ERR,ERR,ERR,ERR,ERR,ERR,ERR,ERR,ERR,ERR,ERR,ERR,ERR,ERR,ERR,ERR,ERR,ERR,ERR,ERR,ERR,ERR,ERR,ERR,ERR,ERR,ERR,ERR,ERR,ERR,ERR,ERR,ERR,ERR,ERR,ERR,ERR,ERR,ERR,ERR,ERR,ERR,ERR,ERR,ERR,ERR,ERR,ERR,0.0,-0.0,-0.0,0.0,0.0,1.3936040501711995e+18,7.805,0.0,0,0,4,0,8422,0.0,45,0.0,0.0,0.0,0.0,0.0,0,0,0,0,0.0,0,0,0,0,0,0,0,0,0,0,0,0,0,0,0,0,0,0,0,0,0,0,0,0,0,0,0,0,0,0,0,0,0,38,14,7,45,65476,0,300,0,0,8,21553,0.0,-107605600.0,0.0,0.0,0.0,0.0,0.0,0.0,0.0,0.0,0.0,0.0,0.0,0.0,0.0,0.0,0.0,0.0,0.0,0.0,0.0,0.0,-2.004,-0.0,2.004,-2.004,0.0,0.0,0.0,0.0,5070.0,0.0,0.0,0.0,-0.0,0.0,2.718429120148166e+23,0.0,0.0,0.0,0.0,53,126841110528.0,89220.578,0.0,0.0,0.0,0.0,0.0,0.0,0.0,0,0,0,0.0,0.0,0.0,0.0,0.0,0.0,0.0,0.0,0.0,0.0,0.0,0.0,0.0,0.0,0.0,0.0,0,-107875648.0,53,0.0,106,-107614832.0,-107350944.0,ERR,ERR,ERR,ERR,ERR,ERR,ERR,ERR,ERR,ERR,ERR,ERR,ERR,ERR,ERR,ERR,ERR,ERR,ERR,ERR,ERR,ERR,ERR,ERR,ERR,ERR,ERR,ERR,ERR,ERR,ERR,ERR,ERR,ERR,ERR,ERR,ERR,ERR,ERR,ERR,ERR,ERR,ERR,ERR,ERR,ERR,ERR,ERR,ERR,ERR,ERR,ERR,ERR,ERR,ERR,ERR,ERR,ERR,ERR,ERR,ERR,ERR,ERR,ERR,ERR,ERR,ERR,50.0,60.0,100,0.0,0.0,0.0,0.0,0.0,0.0,0.0,0.0,0.0,0.0,0.0,0.0,0.0,0.0,0.0,0.0,62.0,65,19,65521,50,65476,0,300,0,0,8,20529,65476,0,0,26214,60.0,0.0,0.0,0.0,0.0,0.0
2026-05-17T16:10:05,ERR,ERR,ERR,ERR,ERR,ERR,ERR,ERR,ERR,ERR,ERR,ERR,ERR,ERR,ERR,ERR,ERR,ERR,ERR,ERR,ERR,ERR,ERR,ERR,ERR,ERR,ERR,ERR,ERR,ERR,ERR,ERR,ERR,ERR,ERR,ERR,ERR,ERR,ERR,ERR,ERR,ERR,ERR,ERR,ERR,ERR,ERR,ERR,ERR,ERR,ERR,ERR,ERR,ERR,ERR,ERR,ERR,ERR,ERR,ERR,ERR,ERR,ERR,ERR,ERR,ERR,ERR,ERR,ERR,ERR,ERR,ERR,ERR,ERR,ERR,ERR,ERR,ERR,ERR,ERR,ERR,ERR,ERR,ERR,ERR,ERR,ERR,ERR,ERR,ERR,ERR,ERR,ERR,ERR,ERR,ERR,ERR,ERR,ERR,ERR,ERR,ERR,ERR,ERR,ERR,ERR,ERR,ERR,ERR,ERR,ERR,ERR,ERR,ERR,ERR,ERR,ERR,ERR,ERR,ERR,ERR,ERR,ERR,ERR,ERR,0.0,-0.0,-0.0,0.0,0.0,1.3936040501711995e+18,7.805,0.0,0,0,4,0,8422,0.0,45,0.0,0.0,0.0,0.0,0.0,0,0,0,0,0.0,0,0,0,0,0,0,0,0,0,0,0,0,0,0,0,0,0,0,0,0,0,0,0,0,0,0,0,0,0,0,0,0,0,38,14,7,45,65476,0,300,0,0,8,21553,0.0,-107605600.0,0.0,0.0,0.0,0.0,0.0,0.0,0.0,0.0,0.0,0.0,0.0,0.0,0.0,0.0,0.0,0.0,0.0,0.0,0.0,0.0,-2.004,-0.0,2.004,-2.004,0.0,0.0,0.0,0.0,5070.0,0.0,0.0,0.0,-0.0,0.0,2.718429120148166e+23,0.0,0.0,0.0,0.0,53,126841110528.0,89220.578,0.0,0.0,0.0,0.0,0.0,0.0,0.0,0,0,0,0.0,0.0,0.0,0.0,0.0,0.0,0.0,0.0,0.0,0.0,0.0,0.0,0.0,0.0,0.0,0.0,0,-107875648.0,53,0.0,106,-107614832.0,-107350944.0,ERR,ERR,ERR,ERR,ERR,ERR,ERR,ERR,ERR,ERR,ERR,ERR,ERR,ERR,ERR,ERR,ERR,ERR,ERR,ERR,ERR,ERR,ERR,ERR,ERR,ERR,ERR,ERR,ERR,ERR,ERR,ERR,ERR,ERR,ERR,ERR,ERR,ERR,ERR,ERR,ERR,ERR,ERR,ERR,ERR,ERR,ERR,ERR,ERR,ERR,ERR,ERR,ERR,ERR,ERR,ERR,ERR,ERR,ERR,ERR,ERR,ERR,ERR,ERR,ERR,ERR,ERR,50.0,60.0,100,0.0,0.0,0.0,0.0,0.0,0.0,0.0,0.0,0.0,0.0,0.0,0.0,0.0,0.0,0.0,0.0,61.6,65,19,65521,50,65476,0,300,0,0,8,20529,65476,0,0,26214,60.0,0.0,0.0,0.0,0.0,0.0
2026-05-17T16:10:06,ERR,ERR,ERR,ERR,ERR,ERR,ERR,ERR,ERR,ERR,ERR,ERR,ERR,ERR,ERR,ERR,ERR,ERR,ERR,ERR,ERR,ERR,ERR,ERR,ERR,ERR,ERR,ERR,ERR,ERR,ERR,ERR,ERR,ERR,ERR,ERR,ERR,ERR,ERR,ERR,ERR,ERR,ERR,ERR,ERR,ERR,ERR,ERR,ERR,ERR,ERR,ERR,ERR,ERR,ERR,ERR,ERR,ERR,ERR,ERR,ERR,ERR,ERR,ERR,ERR,ERR,ERR,ERR,ERR,ERR,ERR,ERR,ERR,ERR,ERR,ERR,ERR,ERR,ERR,ERR,ERR,ERR,ERR,ERR,ERR,ERR,ERR,ERR,ERR,ERR,ERR,ERR,ERR,ERR,ERR,ERR,ERR,ERR,ERR,ERR,ERR,ERR,ERR,ERR,ERR,ERR,ERR,ERR,ERR,ERR,ERR,ERR,ERR,ERR,ERR,ERR,ERR,ERR,ERR,ERR,ERR,ERR,ERR,ERR,ERR,0.0,-0.0,-0.0,0.0,0.0,1.3936040501711995e+18,7.805,0.0,0,0,4,0,8422,0.0,45,0.0,0.0,0.0,0.0,0.0,0,0,0,0,0.0,0,0,0,0,0,0,0,0,0,0,0,0,0,0,0,0,0,0,0,0,0,0,0,0,0,0,0,0,0,0,0,0,0,38,14,7,45,65476,0,300,0,0,8,21553,0.0,-107605600.0,0.0,0.0,0.0,0.0,0.0,0.0,0.0,0.0,0.0,0.0,0.0,0.0,0.0,0.0,0.0,0.0,0.0,0.0,0.0,0.0,-2.004,-0.0,-0.0,-2.004,0.0,0.0,0.0,0.0,5071.0,3.697187013234e+19,0.0,0.0,-0.0,0.0,2.718429120148166e+23,0.0,0.0,0.0,0.0,53,2.3088403658719416e+20,-0.0,0.0,0.0,0.0,0.0,0.0,0.0,0.0,0,0,0,0.0,0.0,0.0,0.0,0.0,0.0,0.0,0.0,0.0,0.0,0.0,0.0,0.0,0.0,0.0,0.0,0,-107875648.0,53,0.0,106,-107614832.0,-107350944.0,ERR,ERR,ERR,ERR,ERR,ERR,ERR,ERR,ERR,ERR,ERR,ERR,ERR,ERR,ERR,ERR,ERR,ERR,ERR,ERR,ERR,ERR,ERR,ERR,ERR,ERR,ERR,ERR,ERR,ERR,ERR,ERR,ERR,ERR,ERR,ERR,ERR,ERR,ERR,ERR,ERR,ERR,ERR,ERR,ERR,ERR,ERR,ERR,ERR,ERR,ERR,ERR,ERR,ERR,ERR,ERR,ERR,ERR,ERR,ERR,ERR,ERR,ERR,ERR,ERR,ERR,ERR,50.0,60.0,100,0.0,0.0,0.0,0.0,0.0,0.0,0.0,0.0,0.0,0.0,0.0,0.0,0.0,0.0,0.0,0.0,61.6,65,20,65521,50,65476,0,300,0,0,8,20529,65476,0,0,26214,60.0,0.0,0.0,0.0,0.0,0.0
2026-05-17T16:10:07,ERR,ERR,ERR,ERR,ERR,ERR,ERR,ERR,ERR,ERR,ERR,ERR,ERR,ERR,ERR,ERR,ERR,ERR,ERR,ERR,ERR,ERR,ERR,ERR,ERR,ERR,ERR,ERR,ERR,ERR,ERR,ERR,ERR,ERR,ERR,ERR,ERR,ERR,ERR,ERR,ERR,ERR,ERR,ERR,ERR,ERR,ERR,ERR,ERR,ERR,ERR,ERR,ERR,ERR,ERR,ERR,ERR,ERR,ERR,ERR,ERR,ERR,ERR,ERR,ERR,ERR,ERR,ERR,ERR,ERR,ERR,ERR,ERR,ERR,ERR,ERR,ERR,ERR,ERR,ERR,ERR,ERR,ERR,ERR,ERR,ERR,ERR,ERR,ERR,ERR,ERR,ERR,ERR,ERR,ERR,ERR,ERR,ERR,ERR,ERR,ERR,ERR,ERR,ERR,ERR,ERR,ERR,ERR,ERR,ERR,ERR,ERR,ERR,ERR,ERR,ERR,ERR,ERR,ERR,ERR,ERR,ERR,ERR,ERR,ERR,0.0,-0.0,-0.0,0.0,0.0,1.3936040501711995e+18,7.805,0.0,0,0,4,0,8422,0.0,45,0.0,0.0,0.0,0.0,0.0,0,0,0,0,0.0,0,0,0,0,0,0,0,0,0,0,0,0,0,0,0,0,0,0,0,0,0,0,0,0,0,0,0,0,0,0,0,0,0,38,14,7,45,65476,0,300,0,0,8,21553,0.0,-107605600.0,0.0,0.0,0.0,0.0,0.0,0.0,0.0,0.0,0.0,0.0,0.0,0.0,0.0,0.0,0.0,0.0,0.0,0.0,0.0,0.0,-2.004,-0.0,-0.0,-2.004,0.0,0.0,0.0,0.0,5071.0,3.697187013234e+19,0.0,0.0,-0.0,0.0,2.718429120148166e+23,0.0,0.0,0.0,0.0,53,2.3088403658719416e+20,-0.0,0.0,0.0,0.0,0.0,0.0,0.0,0.0,0,0,0,0.0,0.0,0.0,0.0,0.0,0.0,0.0,0.0,0.0,0.0,0.0,0.0,0.0,0.0,0.0,0.0,0,-107875648.0,53,0.0,106,-107614832.0,-107350944.0,ERR,ERR,ERR,ERR,ERR,ERR,ERR,ERR,ERR,ERR,ERR,ERR,ERR,ERR,ERR,ERR,ERR,ERR,ERR,ERR,ERR,ERR,ERR,ERR,ERR,ERR,ERR,ERR,ERR,ERR,ERR,ERR,ERR,ERR,ERR,ERR,ERR,ERR,ERR,ERR,ERR,ERR,ERR,ERR,ERR,ERR,ERR,ERR,ERR,ERR,ERR,ERR,ERR,ERR,ERR,ERR,ERR,ERR,ERR,ERR,ERR,ERR,ERR,ERR,ERR,ERR,ERR,50.0,60.0,100,0.0,0.0,0.0,0.0,0.0,0.0,0.0,0.0,0.0,0.0,0.0,0.0,0.0,0.0,0.0,0.0,61.6,65,20,65521,50,65476,0,300,0,0,8,20529,65476,0,0,26214,60.0,0.0,0.0,0.0,0.0,0.0
2026-05-17T16:10:08,ERR,ERR,ERR,ERR,ERR,ERR,ERR,ERR,ERR,ERR,ERR,ERR,ERR,ERR,ERR,ERR,ERR,ERR,ERR,ERR,ERR,ERR,ERR,ERR,ERR,ERR,ERR,ERR,ERR,ERR,ERR,ERR,ERR,ERR,ERR,ERR,ERR,ERR,ERR,ERR,ERR,ERR,ERR,ERR,ERR,ERR,ERR,ERR,ERR,ERR,ERR,ERR,ERR,ERR,ERR,ERR,ERR,ERR,ERR,ERR,ERR,ERR,ERR,ERR,ERR,ERR,ERR,ERR,ERR,ERR,ERR,ERR,ERR,ERR,ERR,ERR,ERR,ERR,ERR,ERR,ERR,ERR,ERR,ERR,ERR,ERR,ERR,ERR,ERR,ERR,ERR,ERR,ERR,ERR,ERR,ERR,ERR,ERR,ERR,ERR,ERR,ERR,ERR,ERR,ERR,ERR,ERR,ERR,ERR,ERR,ERR,ERR,ERR,ERR,ERR,ERR,ERR,ERR,ERR,ERR,ERR,ERR,ERR,ERR,ERR,0.0,-0.0,-0.0,0.0,0.0,1.3936040501711995e+18,7.805,0.0,0,0,4,0,8422,0.0,45,0.0,0.0,0.0,0.0,0.0,0,0,0,0,0.0,0,0,0,0,0,0,0,0,0,0,0,0,0,0,0,0,0,0,0,0,0,0,0,0,0,0,0,0,0,0,0,0,0,38,14,7,45,65476,0,300,0,0,8,21553,0.0,-107605600.0,0.0,0.0,0.0,0.0,0.0,0.0,0.0,0.0,0.0,0.0,0.0,0.0,0.0,0.0,0.0,0.0,0.0,0.0,0.0,0.0,-2.004,-0.0,-0.0,-2.004,0.0,0.0,0.0,0.0,5071.0,3.697187013234e+19,0.0,0.0,-0.0,0.0,2.718429120148166e+23,0.0,0.0,0.0,0.0,53,2.3088403658719416e+20,-0.0,0.0,0.0,0.0,0.0,0.0,0.0,0.0,0,0,0,0.0,0.0,0.0,0.0,0.0,0.0,0.0,0.0,0.0,0.0,0.0,0.0,0.0,0.0,0.0,0.0,0,-107875648.0,53,0.0,106,-107614832.0,-107350944.0,ERR,ERR,ERR,ERR,ERR,ERR,ERR,ERR,ERR,ERR,ERR,ERR,ERR,ERR,ERR,ERR,ERR,ERR,ERR,ERR,ERR,ERR,ERR,ERR,ERR,ERR,ERR,ERR,ERR,ERR,ERR,ERR,ERR,ERR,ERR,ERR,ERR,ERR,ERR,ERR,ERR,ERR,ERR,ERR,ERR,ERR,ERR,ERR,ERR,ERR,ERR,ERR,ERR,ERR,ERR,ERR,ERR,ERR,ERR,ERR,ERR,ERR,ERR,ERR,ERR,ERR,ERR,50.0,60.0,100,0.0,0.0,0.0,0.0,0.0,0.0,0.0,0.0,0.0,0.0,0.0,0.0,0.0,0.0,0.0,0.0,61.6,65,20,65521,50,65476,0,300,0,0,8,20529,65476,0,0,26214,60.0,0.0,0.0,0.0,0.0,0.0
2026-05-17T16:10:09,ERR,ERR,ERR,ERR,ERR,ERR,ERR,ERR,ERR,ERR,ERR,ERR,ERR,ERR,ERR,ERR,ERR,ERR,ERR,ERR,ERR,ERR,ERR,ERR,ERR,ERR,ERR,ERR,ERR,ERR,ERR,ERR,ERR,ERR,ERR,ERR,ERR,ERR,ERR,ERR,ERR,ERR,ERR,ERR,ERR,ERR,ERR,ERR,ERR,ERR,ERR,ERR,ERR,ERR,ERR,ERR,ERR,ERR,ERR,ERR,ERR,ERR,ERR,ERR,ERR,ERR,ERR,ERR,ERR,ERR,ERR,ERR,ERR,ERR,ERR,ERR,ERR,ERR,ERR,ERR,ERR,ERR,ERR,ERR,ERR,ERR,ERR,ERR,ERR,ERR,ERR,ERR,ERR,ERR,ERR,ERR,ERR,ERR,ERR,ERR,ERR,ERR,ERR,ERR,ERR,ERR,ERR,ERR,ERR,ERR,ERR,ERR,ERR,ERR,ERR,ERR,ERR,ERR,ERR,ERR,ERR,ERR,ERR,ERR,ERR,0.0,-0.0,-0.0,0.0,0.0,1.3936040501711995e+18,7.805,0.0,0,0,4,0,8422,0.0,45,0.0,0.0,0.0,0.0,0.0,0,0,0,0,0.0,0,0,0,0,0,0,0,0,0,0,0,0,0,0,0,0,0,0,0,0,0,0,0,0,0,0,0,0,0,0,0,0,0,38,14,7,45,65476,0,300,0,0,8,21553,0.0,-107605600.0,0.0,0.0,0.0,0.0,0.0,0.0,0.0,0.0,0.0,0.0,0.0,0.0,0.0,0.0,0.0,0.0,0.0,0.0,0.0,0.0,-2.004,-0.0,-0.0,-2.004,0.0,0.0,0.0,0.0,5071.0,3.697187013234e+19,0.0,0.0,-0.0,0.0,2.718429120148166e+23,0.0,0.0,0.0,0.0,53,2.3088403658719416e+20,-0.0,0.0,0.0,0.0,0.0,0.0,0.0,0.0,0,0,0,0.0,0.0,0.0,0.0,0.0,0.0,0.0,0.0,0.0,0.0,0.0,0.0,0.0,0.0,0.0,0.0,0,-107875648.0,53,0.0,106,-107614832.0,-107350944.0,ERR,ERR,ERR,ERR,ERR,ERR,ERR,ERR,ERR,ERR,ERR,ERR,ERR,ERR,ERR,ERR,ERR,ERR,ERR,ERR,ERR,ERR,ERR,ERR,ERR,ERR,ERR,ERR,ERR,ERR,ERR,ERR,ERR,ERR,ERR,ERR,ERR,ERR,ERR,ERR,ERR,ERR,ERR,ERR,ERR,ERR,ERR,ERR,ERR,ERR,ERR,ERR,ERR,ERR,ERR,ERR,ERR,ERR,ERR,ERR,ERR,ERR,ERR,ERR,ERR,ERR,ERR,50.0,60.0,100,0.0,0.0,0.0,0.0,0.0,0.0,0.0,0.0,0.0,0.0,0.0,0.0,0.0,0.0,0.0,0.0,61.6,65,20,65521,50,65476,0,300,0,0,8,20529,65476,0,0,26214,60.0,0.0,0.0,0.0,0.0,0.0
2026-05-17T16:10:10,ERR,ERR,ERR,ERR,ERR,ERR,ERR,ERR,ERR,ERR,ERR,ERR,ERR,ERR,ERR,ERR,ERR,ERR,ERR,ERR,ERR,ERR,ERR,ERR,ERR,ERR,ERR,ERR,ERR,ERR,ERR,ERR,ERR,ERR,ERR,ERR,ERR,ERR,ERR,ERR,ERR,ERR,ERR,ERR,ERR,ERR,ERR,ERR,ERR,ERR,ERR,ERR,ERR,ERR,ERR,ERR,ERR,ERR,ERR,ERR,ERR,ERR,ERR,ERR,ERR,ERR,ERR,ERR,ERR,ERR,ERR,ERR,ERR,ERR,ERR,ERR,ERR,ERR,ERR,ERR,ERR,ERR,ERR,ERR,ERR,ERR,ERR,ERR,ERR,ERR,ERR,ERR,ERR,ERR,ERR,ERR,ERR,ERR,ERR,ERR,ERR,ERR,ERR,ERR,ERR,ERR,ERR,ERR,ERR,ERR,ERR,ERR,ERR,ERR,ERR,ERR,ERR,ERR,ERR,ERR,ERR,ERR,ERR,ERR,ERR,0.0,-0.0,-0.0,0.0,0.0,1.3936040501711995e+18,7.805,0.0,0,0,4,0,8422,0.0,45,0.0,0.0,0.0,0.0,0.0,0,0,0,0,0.0,0,0,0,0,0,0,0,0,0,0,0,0,0,0,0,0,0,0,0,0,0,0,0,0,0,0,0,0,0,0,0,0,0,38,14,7,45,65476,0,300,0,0,8,21553,0.0,-107605600.0,0.0,0.0,0.0,0.0,0.0,0.0,0.0,0.0,0.0,0.0,0.0,0.0,0.0,0.0,0.0,0.0,0.0,0.0,0.0,0.0,-2.004,-0.0,-0.0,-2.004,0.0,0.0,0.0,0.0,5071.0,3.697187013234e+19,0.0,0.0,-0.0,0.0,2.718429120148166e+23,0.0,0.0,0.0,0.0,53,2.3088403658719416e+20,-0.0,0.0,0.0,0.0,0.0,0.0,0.0,0.0,0,0,0,0.0,0.0,0.0,0.0,0.0,0.0,0.0,0.0,0.0,0.0,0.0,0.0,0.0,0.0,0.0,0.0,0,-107875648.0,53,0.0,106,-107614832.0,-107350944.0,ERR,ERR,ERR,ERR,ERR,ERR,ERR,ERR,ERR,ERR,ERR,ERR,ERR,ERR,ERR,ERR,ERR,ERR,ERR,ERR,ERR,ERR,ERR,ERR,ERR,ERR,ERR,ERR,ERR,ERR,ERR,ERR,ERR,ERR,ERR,ERR,ERR,ERR,ERR,ERR,ERR,ERR,ERR,ERR,ERR,ERR,ERR,ERR,ERR,ERR,ERR,ERR,ERR,ERR,ERR,ERR,ERR,ERR,ERR,ERR,ERR,ERR,ERR,ERR,ERR,ERR,ERR,50.0,60.0,100,0.0,0.0,0.0,0.0,0.0,0.0,0.0,0.0,0.0,0.0,0.0,0.0,0.0,0.0,0.0,0.0,61.6,65,19,65521,50,65476,30,300,0,0,8,20529,65476,0,0,26214,60.0,0.0,0.0,0.0,0.0,0.0
2026-05-17T16:10:11,ERR,ERR,ERR,ERR,ERR,ERR,ERR,ERR,ERR,ERR,ERR,ERR,ERR,ERR,ERR,ERR,ERR,ERR,ERR,ERR,ERR,ERR,ERR,ERR,ERR,ERR,ERR,ERR,ERR,ERR,ERR,ERR,ERR,ERR,ERR,ERR,ERR,ERR,ERR,ERR,ERR,ERR,ERR,ERR,ERR,ERR,ERR,ERR,ERR,ERR,ERR,ERR,ERR,ERR,ERR,ERR,ERR,ERR,ERR,ERR,ERR,ERR,ERR,ERR,ERR,ERR,ERR,ERR,ERR,ERR,ERR,ERR,ERR,ERR,ERR,ERR,ERR,ERR,ERR,ERR,ERR,ERR,ERR,ERR,ERR,ERR,ERR,ERR,ERR,ERR,ERR,ERR,ERR,ERR,ERR,ERR,ERR,ERR,ERR,ERR,ERR,ERR,ERR,ERR,ERR,ERR,ERR,ERR,ERR,ERR,ERR,ERR,ERR,ERR,ERR,ERR,ERR,ERR,ERR,ERR,ERR,ERR,ERR,ERR,ERR,0.0,-0.0,-0.0,0.0,0.0,1.3936040501711995e+18,7.805,0.0,0,0,4,0,8422,0.0,45,0.0,0.0,0.0,0.0,0.0,0,0,0,0,0.0,0,0,0,0,0,0,0,0,0,0,0,0,0,0,0,0,0,0,0,0,0,0,0,0,0,0,0,0,0,0,0,0,0,38,14,7,45,65476,0,300,0,0,8,21553,0.0,-107605600.0,0.0,0.0,0.0,0.0,0.0,0.0,0.0,0.0,0.0,0.0,0.0,0.0,0.0,0.0,0.0,0.0,0.0,0.0,0.0,0.0,-2.004,-0.0,2.004,-2.004,0.0,0.0,0.0,0.0,5073.0,2.422988480993034e+24,0.0,0.0,-0.0,0.0,2.718429120148166e+23,0.0,0.0,0.0,0.0,53,3.222028592685471e+26,-71.629,0.0,0.0,0.0,0.0,0.0,0.0,0.0,0,0,0,0.0,0.0,0.0,0.0,0.0,0.0,0.0,0.0,0.0,0.0,0.0,0.0,0.0,0.0,0.0,0.0,0,-107875648.0,53,0.0,106,-107614832.0,0.0,ERR,ERR,ERR,ERR,ERR,ERR,ERR,ERR,ERR,ERR,ERR,ERR,ERR,ERR,ERR,ERR,ERR,ERR,ERR,ERR,ERR,ERR,ERR,ERR,ERR,ERR,ERR,ERR,ERR,ERR,ERR,ERR,ERR,ERR,ERR,ERR,ERR,ERR,ERR,ERR,ERR,ERR,ERR,ERR,ERR,ERR,ERR,ERR,ERR,ERR,ERR,ERR,ERR,ERR,ERR,ERR,ERR,ERR,ERR,ERR,ERR,ERR,ERR,ERR,ERR,ERR,ERR,50.0,60.0,100,0.0,0.0,0.0,0.0,0.0,0.0,0.0,0.0,0.0,0.0,0.0,0.0,0.0,0.0,0.0,0.0,61.6,65,19,65521,50,65476,30,300,0,0,8,20529,65476,0,0,26214,60.0,0.0,0.0,0.0,0.0,0.0
2026-05-17T16:10:12,ERR,ERR,ERR,ERR,ERR,ERR,ERR,ERR,ERR,ERR,ERR,ERR,ERR,ERR,ERR,ERR,ERR,ERR,ERR,ERR,ERR,ERR,ERR,ERR,ERR,ERR,ERR,ERR,ERR,ERR,ERR,ERR,ERR,ERR,ERR,ERR,ERR,ERR,ERR,ERR,ERR,ERR,ERR,ERR,ERR,ERR,ERR,ERR,ERR,ERR,ERR,ERR,ERR,ERR,ERR,ERR,ERR,ERR,ERR,ERR,ERR,ERR,ERR,ERR,ERR,ERR,ERR,ERR,ERR,ERR,ERR,ERR,ERR,ERR,ERR,ERR,ERR,ERR,ERR,ERR,ERR,ERR,ERR,ERR,ERR,ERR,ERR,ERR,ERR,ERR,ERR,ERR,ERR,ERR,ERR,ERR,ERR,ERR,ERR,ERR,ERR,ERR,ERR,ERR,ERR,ERR,ERR,ERR,ERR,ERR,ERR,ERR,ERR,ERR,ERR,ERR,ERR,ERR,ERR,ERR,ERR,ERR,ERR,ERR,ERR,0.0,-0.0,-0.0,0.0,0.0,1.3936040501711995e+18,7.805,0.0,0,0,4,0,8422,0.0,45,0.0,0.0,0.0,0.0,0.0,0,0,0,0,0.0,0,0,0,0,0,0,0,0,0,0,0,0,0,0,0,0,0,0,0,0,0,0,0,0,0,0,0,0,0,0,0,0,0,38,14,7,45,65476,0,300,0,0,8,21553,0.0,-107605600.0,0.0,0.0,0.0,0.0,0.0,0.0,0.0,0.0,0.0,0.0,0.0,0.0,0.0,0.0,0.0,0.0,0.0,0.0,0.0,0.0,-2.004,-0.0,2.004,-2.004,0.0,0.0,0.0,0.0,5073.0,2.422988480993034e+24,0.0,0.0,-0.0,0.0,2.718429120148166e+23,0.0,0.0,0.0,0.0,53,3.222028592685471e+26,-71.629,0.0,0.0,0.0,0.0,0.0,0.0,0.0,0,0,0,0.0,0.0,0.0,0.0,0.0,0.0,0.0,0.0,0.0,0.0,0.0,0.0,0.0,0.0,0.0,0.0,0,-107875648.0,53,0.0,106,-107614832.0,0.0,ERR,ERR,ERR,ERR,ERR,ERR,ERR,ERR,ERR,ERR,ERR,ERR,ERR,ERR,ERR,ERR,ERR,ERR,ERR,ERR,ERR,ERR,ERR,ERR,ERR,ERR,ERR,ERR,ERR,ERR,ERR,ERR,ERR,ERR,ERR,ERR,ERR,ERR,ERR,ERR,ERR,ERR,ERR,ERR,ERR,ERR,ERR,ERR,ERR,ERR,ERR,ERR,ERR,ERR,ERR,ERR,ERR,ERR,ERR,ERR,ERR,ERR,ERR,ERR,ERR,ERR,ERR,50.0,60.0,100,0.0,0.0,0.0,0.0,0.0,0.0,0.0,0.0,0.0,0.0,0.0,0.0,0.0,0.0,0.0,0.0,62.0,65,19,65521,50,65476,0,300,0,0,8,20529,65476,0,0,26214,60.0,0.0,0.0,0.0,0.0,0.0
2026-05-17T16:10:13,ERR,ERR,ERR,ERR,ERR,ERR,ERR,ERR,ERR,ERR,ERR,ERR,ERR,ERR,ERR,ERR,ERR,ERR,ERR,ERR,ERR,ERR,ERR,ERR,ERR,ERR,ERR,ERR,ERR,ERR,ERR,ERR,ERR,ERR,ERR,ERR,ERR,ERR,ERR,ERR,ERR,ERR,ERR,ERR,ERR,ERR,ERR,ERR,ERR,ERR,ERR,ERR,ERR,ERR,ERR,ERR,ERR,ERR,ERR,ERR,ERR,ERR,ERR,ERR,ERR,ERR,ERR,ERR,ERR,ERR,ERR,ERR,ERR,ERR,ERR,ERR,ERR,ERR,ERR,ERR,ERR,ERR,ERR,ERR,ERR,ERR,ERR,ERR,ERR,ERR,ERR,ERR,ERR,ERR,ERR,ERR,ERR,ERR,ERR,ERR,ERR,ERR,ERR,ERR,ERR,ERR,ERR,ERR,ERR,ERR,ERR,ERR,ERR,ERR,ERR,ERR,ERR,ERR,ERR,ERR,ERR,ERR,ERR,ERR,ERR,0.0,-0.0,-0.0,0.0,0.0,1.3936040501711995e+18,7.805,0.0,0,0,4,0,8422,0.0,45,0.0,0.0,0.0,0.0,0.0,0,0,0,0,0.0,0,0,0,0,0,0,0,0,0,0,0,0,0,0,0,0,0,0,0,0,0,0,0,0,0,0,0,0,0,0,0,0,0,38,14,7,45,65476,0,300,0,0,8,21553,0.0,-107605600.0,0.0,0.0,0.0,0.0,0.0,0.0,0.0,0.0,0.0,0.0,0.0,0.0,0.0,0.0,0.0,0.0,0.0,0.0,0.0,0.0,-2.004,-0.0,2.004,-2.004,0.0,0.0,0.0,0.0,5073.0,2.422988480993034e+24,0.0,0.0,-0.0,0.0,2.718429120148166e+23,0.0,0.0,0.0,0.0,53,3.222028592685471e+26,-71.629,0.0,0.0,0.0,0.0,0.0,0.0,0.0,0,0,0,0.0,0.0,0.0,0.0,0.0,0.0,0.0,0.0,0.0,0.0,0.0,0.0,0.0,0.0,0.0,0.0,0,-107875648.0,53,0.0,106,-107614832.0,0.0,ERR,ERR,ERR,ERR,ERR,ERR,ERR,ERR,ERR,ERR,ERR,ERR,ERR,ERR,ERR,ERR,ERR,ERR,ERR,ERR,ERR,ERR,ERR,ERR,ERR,ERR,ERR,ERR,ERR,ERR,ERR,ERR,ERR,ERR,ERR,ERR,ERR,ERR,ERR,ERR,ERR,ERR,ERR,ERR,ERR,ERR,ERR,ERR,ERR,ERR,ERR,ERR,ERR,ERR,ERR,ERR,ERR,ERR,ERR,ERR,ERR,ERR,ERR,ERR,ERR,ERR,ERR,50.0,60.0,100,0.0,0.0,0.0,0.0,0.0,0.0,0.0,0.0,0.0,0.0,0.0,0.0,0.0,0.0,0.0,0.0,62.0,65,19,65521,50,65476,0,300,0,0,8,20529,65476,0,0,26214,60.0,0.0,0.0,0.0,0.0,0.0
2026-05-17T16:10:14,ERR,ERR,ERR,ERR,ERR,ERR,ERR,ERR,ERR,ERR,ERR,ERR,ERR,ERR,ERR,ERR,ERR,ERR,ERR,ERR,ERR,ERR,ERR,ERR,ERR,ERR,ERR,ERR,ERR,ERR,ERR,ERR,ERR,ERR,ERR,ERR,ERR,ERR,ERR,ERR,ERR,ERR,ERR,ERR,ERR,ERR,ERR,ERR,ERR,ERR,ERR,ERR,ERR,ERR,ERR,ERR,ERR,ERR,ERR,ERR,ERR,ERR,ERR,ERR,ERR,ERR,ERR,ERR,ERR,ERR,ERR,ERR,ERR,ERR,ERR,ERR,ERR,ERR,ERR,ERR,ERR,ERR,ERR,ERR,ERR,ERR,ERR,ERR,ERR,ERR,ERR,ERR,ERR,ERR,ERR,ERR,ERR,ERR,ERR,ERR,ERR,ERR,ERR,ERR,ERR,ERR,ERR,ERR,ERR,ERR,ERR,ERR,ERR,ERR,ERR,ERR,ERR,ERR,ERR,ERR,ERR,ERR,ERR,ERR,ERR,0.0,-0.0,-0.0,0.0,0.0,1.3936040501711995e+18,7.805,0.0,0,0,4,0,8422,0.0,45,0.0,0.0,0.0,0.0,0.0,0,0,0,0,0.0,0,0,0,0,0,0,0,0,0,0,0,0,0,0,0,0,0,0,0,0,0,0,0,0,0,0,0,0,0,0,0,0,0,38,14,7,45,65476,0,300,0,0,8,21553,0.0,-107605600.0,0.0,0.0,0.0,0.0,0.0,0.0,0.0,0.0,0.0,0.0,0.0,0.0,0.0,0.0,0.0,0.0,0.0,0.0,0.0,0.0,-2.004,-0.0,2.004,-2.004,0.0,0.0,0.0,0.0,5073.0,2.422988480993034e+24,0.0,0.0,-0.0,0.0,2.718429120148166e+23,0.0,0.0,0.0,0.0,53,3.222028592685471e+26,-71.629,0.0,0.0,0.0,0.0,0.0,0.0,0.0,0,0,0,0.0,0.0,0.0,0.0,0.0,0.0,0.0,0.0,0.0,0.0,0.0,0.0,0.0,0.0,0.0,0.0,0,-107875648.0,53,0.0,106,-107614832.0,0.0,ERR,ERR,ERR,ERR,ERR,ERR,ERR,ERR,ERR,ERR,ERR,ERR,ERR,ERR,ERR,ERR,ERR,ERR,ERR,ERR,ERR,ERR,ERR,ERR,ERR,ERR,ERR,ERR,ERR,ERR,ERR,ERR,ERR,ERR,ERR,ERR,ERR,ERR,ERR,ERR,ERR,ERR,ERR,ERR,ERR,ERR,ERR,ERR,ERR,ERR,ERR,ERR,ERR,ERR,ERR,ERR,ERR,ERR,ERR,ERR,ERR,ERR,ERR,ERR,ERR,ERR,ERR,50.0,60.0,100,0.0,0.0,0.0,0.0,0.0,0.0,0.0,0.0,0.0,0.0,0.0,0.0,0.0,0.0,0.0,0.0,62.0,65,19,65521,50,65476,0,300,0,0,8,20529,65476,0,0,26214,60.0,0.0,0.0,0.0,0.0,0.0
2026-05-17T16:10:15,ERR,ERR,ERR,ERR,ERR,ERR,ERR,ERR,ERR,ERR,ERR,ERR,ERR,ERR,ERR,ERR,ERR,ERR,ERR,ERR,ERR,ERR,ERR,ERR,ERR,ERR,ERR,ERR,ERR,ERR,ERR,ERR,ERR,ERR,ERR,ERR,ERR,ERR,ERR,ERR,ERR,ERR,ERR,ERR,ERR,ERR,ERR,ERR,ERR,ERR,ERR,ERR,ERR,ERR,ERR,ERR,ERR,ERR,ERR,ERR,ERR,ERR,ERR,ERR,ERR,ERR,ERR,ERR,ERR,ERR,ERR,ERR,ERR,ERR,ERR,ERR,ERR,ERR,ERR,ERR,ERR,ERR,ERR,ERR,ERR,ERR,ERR,ERR,ERR,ERR,ERR,ERR,ERR,ERR,ERR,ERR,ERR,ERR,ERR,ERR,ERR,ERR,ERR,ERR,ERR,ERR,ERR,ERR,ERR,ERR,ERR,ERR,ERR,ERR,ERR,ERR,ERR,ERR,ERR,ERR,ERR,ERR,ERR,ERR,ERR,0.0,-0.0,-0.0,0.0,0.0,1.3936040501711995e+18,7.805,0.0,0,0,4,0,8422,0.0,45,0.0,0.0,0.0,0.0,0.0,0,0,0,0,0.0,0,0,0,0,0,0,0,0,0,0,0,0,0,0,0,0,0,0,0,0,0,0,0,0,0,0,0,0,0,0,0,0,0,38,14,7,45,65476,0,300,0,0,8,21553,0.0,-107605600.0,0.0,0.0,0.0,0.0,0.0,0.0,0.0,0.0,0.0,0.0,0.0,0.0,0.0,0.0,0.0,0.0,0.0,0.0,0.0,0.0,-2.004,-0.0,2.004,-2.004,0.0,0.0,0.0,0.0,5073.0,2.422988480993034e+24,0.0,0.0,-0.0,0.0,2.718429120148166e+23,0.0,0.0,0.0,0.0,53,3.222028592685471e+26,-71.629,0.0,0.0,0.0,0.0,0.0,0.0,0.0,0,0,0,0.0,0.0,0.0,0.0,0.0,0.0,0.0,0.0,0.0,0.0,0.0,0.0,0.0,0.0,0.0,0.0,0,-107875648.0,53,0.0,106,-107614832.0,0.0,ERR,ERR,ERR,ERR,ERR,ERR,ERR,ERR,ERR,ERR,ERR,ERR,ERR,ERR,ERR,ERR,ERR,ERR,ERR,ERR,ERR,ERR,ERR,ERR,ERR,ERR,ERR,ERR,ERR,ERR,ERR,ERR,ERR,ERR,ERR,ERR,ERR,ERR,ERR,ERR,ERR,ERR,ERR,ERR,ERR,ERR,ERR,ERR,ERR,ERR,ERR,ERR,ERR,ERR,ERR,ERR,ERR,ERR,ERR,ERR,ERR,ERR,ERR,ERR,ERR,ERR,ERR,50.0,60.0,100,0.0,0.0,0.0,0.0,0.0,0.0,0.0,0.0,0.0,0.0,0.0,0.0,0.0,0.0,0.0,0.0,62.0,65,19,65521,50,65476,0,300,0,0,8,20529,65476,0,0,26214,60.0,0.0,0.0,0.0,0.0,0.0
2026-05-17T16:10:16,ERR,ERR,ERR,ERR,ERR,ERR,ERR,ERR,ERR,ERR,ERR,ERR,ERR,ERR,ERR,ERR,ERR,ERR,ERR,ERR,ERR,ERR,ERR,ERR,ERR,ERR,ERR,ERR,ERR,ERR,ERR,ERR,ERR,ERR,ERR,ERR,ERR,ERR,ERR,ERR,ERR,ERR,ERR,ERR,ERR,ERR,ERR,ERR,ERR,ERR,ERR,ERR,ERR,ERR,ERR,ERR,ERR,ERR,ERR,ERR,ERR,ERR,ERR,ERR,ERR,ERR,ERR,ERR,ERR,ERR,ERR,ERR,ERR,ERR,ERR,ERR,ERR,ERR,ERR,ERR,ERR,ERR,ERR,ERR,ERR,ERR,ERR,ERR,ERR,ERR,ERR,ERR,ERR,ERR,ERR,ERR,ERR,ERR,ERR,ERR,ERR,ERR,ERR,ERR,ERR,ERR,ERR,ERR,ERR,ERR,ERR,ERR,ERR,ERR,ERR,ERR,ERR,ERR,ERR,ERR,ERR,ERR,ERR,ERR,ERR,0.0,-0.0,-0.0,0.0,0.0,1.3936040501711995e+18,7.805,0.0,0,0,4,0,8422,0.0,45,0.0,0.0,0.0,0.0,0.0,0,0,0,0,0.0,0,0,0,0,0,0,0,0,0,0,0,0,0,0,0,0,0,0,0,0,0,0,0,0,0,0,0,0,0,0,0,0,0,38,14,7,45,65476,0,300,0,0,8,21553,0.0,-107605600.0,0.0,0.0,0.0,0.0,0.0,0.0,0.0,0.0,0.0,0.0,0.0,0.0,0.0,0.0,0.0,0.0,0.0,0.0,0.0,0.0,-2.004,-0.0,-0.0,0.0,0.0,0.0,0.0,0.0,5037.0,-3.697186573429349e+19,0.0,0.0,-0.0,0.0,2.718429120148166e+23,0.0,0.0,0.0,0.0,53,152018454839296.0,0.0,0.0,0.0,0.0,0.0,0.0,0.0,0.0,0,0,0,0.0,0.0,0.0,0.0,0.0,0.0,0.0,0.0,0.0,0.0,0.0,0.0,0.0,0.0,0.0,0.0,0,-107875648.0,53,0.0,106,-107614832.0,-107350944.0,ERR,ERR,ERR,ERR,ERR,ERR,ERR,ERR,ERR,ERR,ERR,ERR,ERR,ERR,ERR,ERR,ERR,ERR,ERR,ERR,ERR,ERR,ERR,ERR,ERR,ERR,ERR,ERR,ERR,ERR,ERR,ERR,ERR,ERR,ERR,ERR,ERR,ERR,ERR,ERR,ERR,ERR,ERR,ERR,ERR,ERR,ERR,ERR,ERR,ERR,ERR,ERR,ERR,ERR,ERR,ERR,ERR,ERR,ERR,ERR,ERR,ERR,ERR,ERR,ERR,ERR,ERR,50.0,60.0,100,0.0,0.0,0.0,0.0,0.0,0.0,0.0,0.0,0.0,0.0,0.0,0.0,0.0,0.0,0.0,0.0,62.0,65,19,65521,50,65476,0,300,0,0,8,20529,65476,0,0,26214,60.0,0.0,0.0,0.0,0.0,0.0
2026-05-17T16:10:17,ERR,ERR,ERR,ERR,ERR,ERR,ERR,ERR,ERR,ERR,ERR,ERR,ERR,ERR,ERR,ERR,ERR,ERR,ERR,ERR,ERR,ERR,ERR,ERR,ERR,ERR,ERR,ERR,ERR,ERR,ERR,ERR,ERR,ERR,ERR,ERR,ERR,ERR,ERR,ERR,ERR,ERR,ERR,ERR,ERR,ERR,ERR,ERR,ERR,ERR,ERR,ERR,ERR,ERR,ERR,ERR,ERR,ERR,ERR,ERR,ERR,ERR,ERR,ERR,ERR,ERR,ERR,ERR,ERR,ERR,ERR,ERR,ERR,ERR,ERR,ERR,ERR,ERR,ERR,ERR,ERR,ERR,ERR,ERR,ERR,ERR,ERR,ERR,ERR,ERR,ERR,ERR,ERR,ERR,ERR,ERR,ERR,ERR,ERR,ERR,ERR,ERR,ERR,ERR,ERR,ERR,ERR,ERR,ERR,ERR,ERR,ERR,ERR,ERR,ERR,ERR,ERR,ERR,ERR,ERR,ERR,ERR,ERR,ERR,ERR,0.0,-0.0,-0.0,0.0,0.0,1.3936040501711995e+18,7.805,0.0,0,0,4,0,8422,0.0,45,0.0,0.0,0.0,0.0,0.0,0,0,0,0,0.0,0,0,0,0,0,0,0,0,0,0,0,0,0,0,0,0,0,0,0,0,0,0,0,0,0,0,0,0,0,0,0,0,0,38,14,7,45,65476,0,300,0,0,8,21553,0.0,-107605600.0,0.0,0.0,0.0,0.0,0.0,0.0,0.0,0.0,0.0,0.0,0.0,0.0,0.0,0.0,0.0,0.0,0.0,0.0,0.0,0.0,-2.004,-0.0,-0.0,0.0,0.0,0.0,0.0,0.0,5037.0,-3.697186573429349e+19,0.0,0.0,-0.0,0.0,2.718429120148166e+23,0.0,0.0,0.0,0.0,53,152018454839296.0,0.0,0.0,0.0,0.0,0.0,0.0,0.0,0.0,0,0,0,0.0,0.0,0.0,0.0,0.0,0.0,0.0,0.0,0.0,0.0,0.0,0.0,0.0,0.0,0.0,0.0,0,-107875648.0,53,0.0,106,-107614832.0,-107350944.0,ERR,ERR,ERR,ERR,ERR,ERR,ERR,ERR,ERR,ERR,ERR,ERR,ERR,ERR,ERR,ERR,ERR,ERR,ERR,ERR,ERR,ERR,ERR,ERR,ERR,ERR,ERR,ERR,ERR,ERR,ERR,ERR,ERR,ERR,ERR,ERR,ERR,ERR,ERR,ERR,ERR,ERR,ERR,ERR,ERR,ERR,ERR,ERR,ERR,ERR,ERR,ERR,ERR,ERR,ERR,ERR,ERR,ERR,ERR,ERR,ERR,ERR,ERR,ERR,ERR,ERR,ERR,50.0,60.0,100,0.0,0.0,0.0,0.0,0.0,0.0,0.0,0.0,0.0,0.0,0.0,0.0,0.0,0.0,0.0,0.0,61.6,65,19,65521,50,65476,0,300,0,0,8,20529,65476,0,0,26214,60.0,0.0,0.0,0.0,0.0,0.0
2026-05-17T16:10:18,ERR,ERR,ERR,ERR,ERR,ERR,ERR,ERR,ERR,ERR,ERR,ERR,ERR,ERR,ERR,ERR,ERR,ERR,ERR,ERR,ERR,ERR,ERR,ERR,ERR,ERR,ERR,ERR,ERR,ERR,ERR,ERR,ERR,ERR,ERR,ERR,ERR,ERR,ERR,ERR,ERR,ERR,ERR,ERR,ERR,ERR,ERR,ERR,ERR,ERR,ERR,ERR,ERR,ERR,ERR,ERR,ERR,ERR,ERR,ERR,ERR,ERR,ERR,ERR,ERR,ERR,ERR,ERR,ERR,ERR,ERR,ERR,ERR,ERR,ERR,ERR,ERR,ERR,ERR,ERR,ERR,ERR,ERR,ERR,ERR,ERR,ERR,ERR,ERR,ERR,ERR,ERR,ERR,ERR,ERR,ERR,ERR,ERR,ERR,ERR,ERR,ERR,ERR,ERR,ERR,ERR,ERR,ERR,ERR,ERR,ERR,ERR,ERR,ERR,ERR,ERR,ERR,ERR,ERR,ERR,ERR,ERR,ERR,ERR,ERR,0.0,-0.0,-0.0,0.0,0.0,1.3936040501711995e+18,7.805,0.0,0,0,4,0,8422,0.0,45,0.0,0.0,0.0,0.0,0.0,0,0,0,0,0.0,0,0,0,0,0,0,0,0,0,0,0,0,0,0,0,0,0,0,0,0,0,0,0,0,0,0,0,0,0,0,0,0,0,38,14,7,45,65476,0,300,0,0,8,21553,0.0,-107605600.0,0.0,0.0,0.0,0.0,0.0,0.0,0.0,0.0,0.0,0.0,0.0,0.0,0.0,0.0,0.0,0.0,0.0,0.0,0.0,0.0,-2.004,-0.0,-0.0,0.0,0.0,0.0,0.0,0.0,5037.0,-3.697186573429349e+19,0.0,0.0,-0.0,0.0,2.718429120148166e+23,0.0,0.0,0.0,0.0,53,152018454839296.0,0.0,0.0,0.0,0.0,0.0,0.0,0.0,0.0,0,0,0,0.0,0.0,0.0,0.0,0.0,0.0,0.0,0.0,0.0,0.0,0.0,0.0,0.0,0.0,0.0,0.0,0,-107875648.0,53,0.0,106,-107614832.0,-107350944.0,ERR,ERR,ERR,ERR,ERR,ERR,ERR,ERR,ERR,ERR,ERR,ERR,ERR,ERR,ERR,ERR,ERR,ERR,ERR,ERR,ERR,ERR,ERR,ERR,ERR,ERR,ERR,ERR,ERR,ERR,ERR,ERR,ERR,ERR,ERR,ERR,ERR,ERR,ERR,ERR,ERR,ERR,ERR,ERR,ERR,ERR,ERR,ERR,ERR,ERR,ERR,ERR,ERR,ERR,ERR,ERR,ERR,ERR,ERR,ERR,ERR,ERR,ERR,ERR,ERR,ERR,ERR,50.0,60.0,100,0.0,0.0,0.0,0.0,0.0,0.0,0.0,0.0,0.0,0.0,0.0,0.0,0.0,0.0,0.0,0.0,61.6,65,19,65521,50,65476,0,300,0,0,8,20529,65476,0,0,26214,60.0,0.0,0.0,0.0,0.0,0.0
2026-05-17T16:10:19,ERR,ERR,ERR,ERR,ERR,ERR,ERR,ERR,ERR,ERR,ERR,ERR,ERR,ERR,ERR,ERR,ERR,ERR,ERR,ERR,ERR,ERR,ERR,ERR,ERR,ERR,ERR,ERR,ERR,ERR,ERR,ERR,ERR,ERR,ERR,ERR,ERR,ERR,ERR,ERR,ERR,ERR,ERR,ERR,ERR,ERR,ERR,ERR,ERR,ERR,ERR,ERR,ERR,ERR,ERR,ERR,ERR,ERR,ERR,ERR,ERR,ERR,ERR,ERR,ERR,ERR,ERR,ERR,ERR,ERR,ERR,ERR,ERR,ERR,ERR,ERR,ERR,ERR,ERR,ERR,ERR,ERR,ERR,ERR,ERR,ERR,ERR,ERR,ERR,ERR,ERR,ERR,ERR,ERR,ERR,ERR,ERR,ERR,ERR,ERR,ERR,ERR,ERR,ERR,ERR,ERR,ERR,ERR,ERR,ERR,ERR,ERR,ERR,ERR,ERR,ERR,ERR,ERR,ERR,ERR,ERR,ERR,ERR,ERR,ERR,0.0,-0.0,-0.0,0.0,0.0,1.3936040501711995e+18,7.805,0.0,0,0,4,0,8422,0.0,45,0.0,0.0,0.0,0.0,0.0,0,0,0,0,0.0,0,0,0,0,0,0,0,0,0,0,0,0,0,0,0,0,0,0,0,0,0,0,0,0,0,0,0,0,0,0,0,0,0,38,14,7,45,65476,0,300,0,0,8,21553,0.0,-107605600.0,0.0,0.0,0.0,0.0,0.0,0.0,0.0,0.0,0.0,0.0,0.0,0.0,0.0,0.0,0.0,0.0,0.0,0.0,0.0,0.0,-2.004,-0.0,-0.0,0.0,0.0,0.0,0.0,0.0,5037.0,-3.697186573429349e+19,0.0,0.0,-0.0,0.0,2.718429120148166e+23,0.0,0.0,0.0,0.0,53,152018454839296.0,0.0,0.0,0.0,0.0,0.0,0.0,0.0,0.0,0,0,0,0.0,0.0,0.0,0.0,0.0,0.0,0.0,0.0,0.0,0.0,0.0,0.0,0.0,0.0,0.0,0.0,0,-107875648.0,53,0.0,106,-107614832.0,-107350944.0,ERR,ERR,ERR,ERR,ERR,ERR,ERR,ERR,ERR,ERR,ERR,ERR,ERR,ERR,ERR,ERR,ERR,ERR,ERR,ERR,ERR,ERR,ERR,ERR,ERR,ERR,ERR,ERR,ERR,ERR,ERR,ERR,ERR,ERR,ERR,ERR,ERR,ERR,ERR,ERR,ERR,ERR,ERR,ERR,ERR,ERR,ERR,ERR,ERR,ERR,ERR,ERR,ERR,ERR,ERR,ERR,ERR,ERR,ERR,ERR,ERR,ERR,ERR,ERR,ERR,ERR,ERR,50.0,60.0,100,0.0,0.0,0.0,0.0,0.0,0.0,0.0,0.0,0.0,0.0,0.0,0.0,0.0,0.0,0.0,0.0,61.6,65,19,65521,50,65476,0,300,0,0,8,20529,65476,0,0,26214,60.0,0.0,0.0,0.0,0.0,0.0
2026-05-17T16:10:20,ERR,ERR,ERR,ERR,ERR,ERR,ERR,ERR,ERR,ERR,ERR,ERR,ERR,ERR,ERR,ERR,ERR,ERR,ERR,ERR,ERR,ERR,ERR,ERR,ERR,ERR,ERR,ERR,ERR,ERR,ERR,ERR,ERR,ERR,ERR,ERR,ERR,ERR,ERR,ERR,ERR,ERR,ERR,ERR,ERR,ERR,ERR,ERR,ERR,ERR,ERR,ERR,ERR,ERR,ERR,ERR,ERR,ERR,ERR,ERR,ERR,ERR,ERR,ERR,ERR,ERR,ERR,ERR,ERR,ERR,ERR,ERR,ERR,ERR,ERR,ERR,ERR,ERR,ERR,ERR,ERR,ERR,ERR,ERR,ERR,ERR,ERR,ERR,ERR,ERR,ERR,ERR,ERR,ERR,ERR,ERR,ERR,ERR,ERR,ERR,ERR,ERR,ERR,ERR,ERR,ERR,ERR,ERR,ERR,ERR,ERR,ERR,ERR,ERR,ERR,ERR,ERR,ERR,ERR,ERR,ERR,ERR,ERR,ERR,ERR,0.0,-0.0,-0.0,0.0,0.0,1.3936040501711995e+18,7.805,0.0,0,0,4,0,8422,0.0,45,0.0,0.0,0.0,0.0,0.0,0,0,0,0,0.0,0,0,0,0,0,0,0,0,0,0,0,0,0,0,0,0,0,0,0,0,0,0,0,0,0,0,0,0,0,0,0,0,0,38,14,7,45,65476,0,300,0,0,8,21553,0.0,-107605600.0,0.0,0.0,0.0,0.0,0.0,0.0,0.0,0.0,0.0,0.0,0.0,0.0,0.0,0.0,0.0,0.0,0.0,0.0,0.0,0.0,-2.004,-0.0,-0.0,0.0,0.0,0.0,0.0,0.0,5037.0,-3.697186573429349e+19,0.0,0.0,-0.0,0.0,2.718429120148166e+23,0.0,0.0,0.0,0.0,53,152018454839296.0,0.0,0.0,0.0,0.0,0.0,0.0,0.0,0.0,0,0,0,0.0,0.0,0.0,0.0,0.0,0.0,0.0,0.0,0.0,0.0,0.0,0.0,0.0,0.0,0.0,0.0,0,-107875648.0,53,0.0,106,-107614832.0,-107350944.0,ERR,ERR,ERR,ERR,ERR,ERR,ERR,ERR,ERR,ERR,ERR,ERR,ERR,ERR,ERR,ERR,ERR,ERR,ERR,ERR,ERR,ERR,ERR,ERR,ERR,ERR,ERR,ERR,ERR,ERR,ERR,ERR,ERR,ERR,ERR,ERR,ERR,ERR,ERR,ERR,ERR,ERR,ERR,ERR,ERR,ERR,ERR,ERR,ERR,ERR,ERR,ERR,ERR,ERR,ERR,ERR,ERR,ERR,ERR,ERR,ERR,ERR,ERR,ERR,ERR,ERR,ERR,50.0,60.0,100,0.0,0.0,0.0,0.0,0.0,0.0,0.0,0.0,0.0,0.0,0.0,0.0,0.0,0.0,0.0,0.0,61.6,65,19,65521,50,65476,0,300,0,0,8,20529,65476,0,0,26214,60.0,0.0,0.0,0.0,0.0,0.0
2026-05-17T16:10:21,ERR,ERR,ERR,ERR,ERR,ERR,ERR,ERR,ERR,ERR,ERR,ERR,ERR,ERR,ERR,ERR,ERR,ERR,ERR,ERR,ERR,ERR,ERR,ERR,ERR,ERR,ERR,ERR,ERR,ERR,ERR,ERR,ERR,ERR,ERR,ERR,ERR,ERR,ERR,ERR,ERR,ERR,ERR,ERR,ERR,ERR,ERR,ERR,ERR,ERR,ERR,ERR,ERR,ERR,ERR,ERR,ERR,ERR,ERR,ERR,ERR,ERR,ERR,ERR,ERR,ERR,ERR,ERR,ERR,ERR,ERR,ERR,ERR,ERR,ERR,ERR,ERR,ERR,ERR,ERR,ERR,ERR,ERR,ERR,ERR,ERR,ERR,ERR,ERR,ERR,ERR,ERR,ERR,ERR,ERR,ERR,ERR,ERR,ERR,ERR,ERR,ERR,ERR,ERR,ERR,ERR,ERR,ERR,ERR,ERR,ERR,ERR,ERR,ERR,ERR,ERR,ERR,ERR,ERR,ERR,ERR,ERR,ERR,ERR,ERR,0.0,-0.0,-0.0,0.0,0.0,1.3936040501711995e+18,7.805,0.0,0,0,4,0,8422,0.0,45,0.0,0.0,0.0,0.0,0.0,0,0,0,0,0.0,0,0,0,0,0,0,0,0,0,0,0,0,0,0,0,0,0,0,0,0,0,0,0,0,0,0,0,0,0,0,0,0,0,38,14,7,45,65476,0,300,0,0,8,21553,0.0,-107605600.0,0.0,0.0,0.0,0.0,0.0,0.0,0.0,0.0,0.0,0.0,0.0,0.0,0.0,0.0,0.0,0.0,0.0,0.0,0.0,0.0,-2.004,-0.0,2.004,-2.004,0.0,0.0,0.0,0.0,5040.0,-2.422988192762658e+24,0.0,0.0,-0.0,0.0,2.718429120148166e+23,0.0,0.0,0.0,0.0,53,2.7184300208680915e+23,0.0,0.0,0.0,0.0,0.0,0.0,0.0,0.0,0,0,0,0.0,0.0,0.0,0.0,0.0,0.0,0.0,0.0,0.0,0.0,0.0,0.0,0.0,0.0,0.0,0.0,0,-107875648.0,53,0.0,106,-107614832.0,-107350944.0,ERR,ERR,ERR,ERR,ERR,ERR,ERR,ERR,ERR,ERR,ERR,ERR,ERR,ERR,ERR,ERR,ERR,ERR,ERR,ERR,ERR,ERR,ERR,ERR,ERR,ERR,ERR,ERR,ERR,ERR,ERR,ERR,ERR,ERR,ERR,ERR,ERR,ERR,ERR,ERR,ERR,ERR,ERR,ERR,ERR,ERR,ERR,ERR,ERR,ERR,ERR,ERR,ERR,ERR,ERR,ERR,ERR,ERR,ERR,ERR,ERR,ERR,ERR,ERR,ERR,ERR,ERR,50.0,60.0,100,0.0,0.0,0.0,0.0,0.0,0.0,0.0,0.0,0.0,0.0,0.0,0.0,0.0,0.0,0.0,0.0,61.6,65,19,65521,50,65476,0,300,0,0,8,20529,65476,0,0,26214,60.0,0.0,0.0,0.0,0.0,0.0
2026-05-17T16:10:22,ERR,ERR,ERR,ERR,ERR,ERR,ERR,ERR,ERR,ERR,ERR,ERR,ERR,ERR,ERR,ERR,ERR,ERR,ERR,ERR,ERR,ERR,ERR,ERR,ERR,ERR,ERR,ERR,ERR,ERR,ERR,ERR,ERR,ERR,ERR,ERR,ERR,ERR,ERR,ERR,ERR,ERR,ERR,ERR,ERR,ERR,ERR,ERR,ERR,ERR,ERR,ERR,ERR,ERR,ERR,ERR,ERR,ERR,ERR,ERR,ERR,ERR,ERR,ERR,ERR,ERR,ERR,ERR,ERR,ERR,ERR,ERR,ERR,ERR,ERR,ERR,ERR,ERR,ERR,ERR,ERR,ERR,ERR,ERR,ERR,ERR,ERR,ERR,ERR,ERR,ERR,ERR,ERR,ERR,ERR,ERR,ERR,ERR,ERR,ERR,ERR,ERR,ERR,ERR,ERR,ERR,ERR,ERR,ERR,ERR,ERR,ERR,ERR,ERR,ERR,ERR,ERR,ERR,ERR,ERR,ERR,ERR,ERR,ERR,ERR,0.0,-0.0,-0.0,0.0,0.0,1.3936040501711995e+18,7.805,0.0,0,0,4,0,8422,0.0,45,0.0,0.0,0.0,0.0,0.0,0,0,0,0,0.0,0,0,0,0,0,0,0,0,0,0,0,0,0,0,0,0,0,0,0,0,0,0,0,0,0,0,0,0,0,0,0,0,0,38,14,7,45,65476,0,300,0,0,8,21553,0.0,-107605600.0,0.0,0.0,0.0,0.0,0.0,0.0,0.0,0.0,0.0,0.0,0.0,0.0,0.0,0.0,0.0,0.0,0.0,0.0,0.0,0.0,-2.004,-0.0,2.004,-2.004,0.0,0.0,0.0,0.0,5040.0,-2.422988192762658e+24,0.0,0.0,-0.0,0.0,2.718429120148166e+23,0.0,0.0,0.0,0.0,53,2.7184300208680915e+23,0.0,0.0,0.0,0.0,0.0,0.0,0.0,0.0,0,0,0,0.0,0.0,0.0,0.0,0.0,0.0,0.0,0.0,0.0,0.0,0.0,0.0,0.0,0.0,0.0,0.0,0,-107875648.0,53,0.0,106,-107614832.0,-107350944.0,ERR,ERR,ERR,ERR,ERR,ERR,ERR,ERR,ERR,ERR,ERR,ERR,ERR,ERR,ERR,ERR,ERR,ERR,ERR,ERR,ERR,ERR,ERR,ERR,ERR,ERR,ERR,ERR,ERR,ERR,ERR,ERR,ERR,ERR,ERR,ERR,ERR,ERR,ERR,ERR,ERR,ERR,ERR,ERR,ERR,ERR,ERR,ERR,ERR,ERR,ERR,ERR,ERR,ERR,ERR,ERR,ERR,ERR,ERR,ERR,ERR,ERR,ERR,ERR,ERR,ERR,ERR,50.0,60.0,100,0.0,0.0,0.0,0.0,0.0,0.0,0.0,0.0,0.0,0.0,0.0,0.0,0.0,0.0,0.0,0.0,62.0,65,19,65521,50,65476,0,300,0,0,8,20529,65476,0,0,26214,60.0,0.0,0.0,0.0,0.0,0.0
2026-05-17T16:10:23,ERR,ERR,ERR,ERR,ERR,ERR,ERR,ERR,ERR,ERR,ERR,ERR,ERR,ERR,ERR,ERR,ERR,ERR,ERR,ERR,ERR,ERR,ERR,ERR,ERR,ERR,ERR,ERR,ERR,ERR,ERR,ERR,ERR,ERR,ERR,ERR,ERR,ERR,ERR,ERR,ERR,ERR,ERR,ERR,ERR,ERR,ERR,ERR,ERR,ERR,ERR,ERR,ERR,ERR,ERR,ERR,ERR,ERR,ERR,ERR,ERR,ERR,ERR,ERR,ERR,ERR,ERR,ERR,ERR,ERR,ERR,ERR,ERR,ERR,ERR,ERR,ERR,ERR,ERR,ERR,ERR,ERR,ERR,ERR,ERR,ERR,ERR,ERR,ERR,ERR,ERR,ERR,ERR,ERR,ERR,ERR,ERR,ERR,ERR,ERR,ERR,ERR,ERR,ERR,ERR,ERR,ERR,ERR,ERR,ERR,ERR,ERR,ERR,ERR,ERR,ERR,ERR,ERR,ERR,ERR,ERR,ERR,ERR,ERR,ERR,0.0,-0.0,-0.0,0.0,0.0,1.3936040501711995e+18,7.805,0.0,0,0,4,0,8422,0.0,45,0.0,0.0,0.0,0.0,0.0,0,0,0,0,0.0,0,0,0,0,0,0,0,0,0,0,0,0,0,0,0,0,0,0,0,0,0,0,0,0,0,0,0,0,0,0,0,0,0,38,14,7,45,65476,0,300,0,0,8,21553,0.0,-107605600.0,0.0,0.0,0.0,0.0,0.0,0.0,0.0,0.0,0.0,0.0,0.0,0.0,0.0,0.0,0.0,0.0,0.0,0.0,0.0,0.0,-2.004,-0.0,2.004,-2.004,0.0,0.0,0.0,0.0,5040.0,-2.422988192762658e+24,0.0,0.0,-0.0,0.0,2.718429120148166e+23,0.0,0.0,0.0,0.0,53,2.7184300208680915e+23,0.0,0.0,0.0,0.0,0.0,0.0,0.0,0.0,0,0,0,0.0,0.0,0.0,0.0,0.0,0.0,0.0,0.0,0.0,0.0,0.0,0.0,0.0,0.0,0.0,0.0,0,-107875648.0,53,0.0,106,-107614832.0,-107350944.0,ERR,ERR,ERR,ERR,ERR,ERR,ERR,ERR,ERR,ERR,ERR,ERR,ERR,ERR,ERR,ERR,ERR,ERR,ERR,ERR,ERR,ERR,ERR,ERR,ERR,ERR,ERR,ERR,ERR,ERR,ERR,ERR,ERR,ERR,ERR,ERR,ERR,ERR,ERR,ERR,ERR,ERR,ERR,ERR,ERR,ERR,ERR,ERR,ERR,ERR,ERR,ERR,ERR,ERR,ERR,ERR,ERR,ERR,ERR,ERR,ERR,ERR,ERR,ERR,ERR,ERR,ERR,50.0,60.0,100,0.0,0.0,0.0,0.0,0.0,0.0,0.0,0.0,0.0,0.0,0.0,0.0,0.0,0.0,0.0,0.0,62.0,65,19,65521,50,65476,0,300,0,0,8,20529,65476,0,0,26214,60.0,0.0,0.0,0.0,0.0,0.0
2026-05-17T16:10:24,ERR,ERR,ERR,ERR,ERR,ERR,ERR,ERR,ERR,ERR,ERR,ERR,ERR,ERR,ERR,ERR,ERR,ERR,ERR,ERR,ERR,ERR,ERR,ERR,ERR,ERR,ERR,ERR,ERR,ERR,ERR,ERR,ERR,ERR,ERR,ERR,ERR,ERR,ERR,ERR,ERR,ERR,ERR,ERR,ERR,ERR,ERR,ERR,ERR,ERR,ERR,ERR,ERR,ERR,ERR,ERR,ERR,ERR,ERR,ERR,ERR,ERR,ERR,ERR,ERR,ERR,ERR,ERR,ERR,ERR,ERR,ERR,ERR,ERR,ERR,ERR,ERR,ERR,ERR,ERR,ERR,ERR,ERR,ERR,ERR,ERR,ERR,ERR,ERR,ERR,ERR,ERR,ERR,ERR,ERR,ERR,ERR,ERR,ERR,ERR,ERR,ERR,ERR,ERR,ERR,ERR,ERR,ERR,ERR,ERR,ERR,ERR,ERR,ERR,ERR,ERR,ERR,ERR,ERR,ERR,ERR,ERR,ERR,ERR,ERR,0.0,-0.0,-0.0,0.0,0.0,1.3936040501711995e+18,7.805,0.0,0,0,4,0,8422,0.0,45,0.0,0.0,0.0,0.0,0.0,0,0,0,0,0.0,0,0,0,0,0,0,0,0,0,0,0,0,0,0,0,0,0,0,0,0,0,0,0,0,0,0,0,0,0,0,0,0,0,38,14,7,45,65476,0,300,0,0,8,21553,0.0,-107605600.0,0.0,0.0,0.0,0.0,0.0,0.0,0.0,0.0,0.0,0.0,0.0,0.0,0.0,0.0,0.0,0.0,0.0,0.0,0.0,0.0,-2.004,-0.0,2.004,-2.004,0.0,0.0,0.0,0.0,5040.0,-2.422988192762658e+24,0.0,0.0,-0.0,0.0,2.718429120148166e+23,0.0,0.0,0.0,0.0,53,2.7184300208680915e+23,0.0,0.0,0.0,0.0,0.0,0.0,0.0,0.0,0,0,0,0.0,0.0,0.0,0.0,0.0,0.0,0.0,0.0,0.0,0.0,0.0,0.0,0.0,0.0,0.0,0.0,0,-107875648.0,53,0.0,106,-107614832.0,-107350944.0,ERR,ERR,ERR,ERR,ERR,ERR,ERR,ERR,ERR,ERR,ERR,ERR,ERR,ERR,ERR,ERR,ERR,ERR,ERR,ERR,ERR,ERR,ERR,ERR,ERR,ERR,ERR,ERR,ERR,ERR,ERR,ERR,ERR,ERR,ERR,ERR,ERR,ERR,ERR,ERR,ERR,ERR,ERR,ERR,ERR,ERR,ERR,ERR,ERR,ERR,ERR,ERR,ERR,ERR,ERR,ERR,ERR,ERR,ERR,ERR,ERR,ERR,ERR,ERR,ERR,ERR,ERR,50.0,60.0,100,0.0,0.0,0.0,0.0,0.0,0.0,0.0,0.0,0.0,0.0,0.0,0.0,0.0,0.0,0.0,0.0,62.0,65,19,65521,50,65476,0,300,0,0,8,20529,65476,0,0,26214,60.0,0.0,0.0,0.0,0.0,0.0
2026-05-17T16:10:25,ERR,ERR,ERR,ERR,ERR,ERR,ERR,ERR,ERR,ERR,ERR,ERR,ERR,ERR,ERR,ERR,ERR,ERR,ERR,ERR,ERR,ERR,ERR,ERR,ERR,ERR,ERR,ERR,ERR,ERR,ERR,ERR,ERR,ERR,ERR,ERR,ERR,ERR,ERR,ERR,ERR,ERR,ERR,ERR,ERR,ERR,ERR,ERR,ERR,ERR,ERR,ERR,ERR,ERR,ERR,ERR,ERR,ERR,ERR,ERR,ERR,ERR,ERR,ERR,ERR,ERR,ERR,ERR,ERR,ERR,ERR,ERR,ERR,ERR,ERR,ERR,ERR,ERR,ERR,ERR,ERR,ERR,ERR,ERR,ERR,ERR,ERR,ERR,ERR,ERR,ERR,ERR,ERR,ERR,ERR,ERR,ERR,ERR,ERR,ERR,ERR,ERR,ERR,ERR,ERR,ERR,ERR,ERR,ERR,ERR,ERR,ERR,ERR,ERR,ERR,ERR,ERR,ERR,ERR,ERR,ERR,ERR,ERR,ERR,ERR,0.0,-0.0,-0.0,0.0,0.0,1.3936040501711995e+18,7.805,0.0,0,0,4,0,8422,0.0,45,0.0,0.0,0.0,0.0,0.0,0,0,0,0,0.0,0,0,0,0,0,0,0,0,0,0,0,0,0,0,0,0,0,0,0,0,0,0,0,0,0,0,0,0,0,0,0,0,0,38,14,7,45,65476,0,300,0,0,8,21553,0.0,-107605600.0,0.0,0.0,0.0,0.0,0.0,0.0,0.0,0.0,0.0,0.0,0.0,0.0,0.0,0.0,0.0,0.0,0.0,0.0,0.0,0.0,-2.004,-0.0,2.004,-2.004,0.0,0.0,0.0,0.0,5040.0,-2.422988192762658e+24,0.0,0.0,-0.0,0.0,2.718429120148166e+23,0.0,0.0,0.0,0.0,53,2.7184300208680915e+23,0.0,0.0,0.0,0.0,0.0,0.0,0.0,0.0,0,0,0,0.0,0.0,0.0,0.0,0.0,0.0,0.0,0.0,0.0,0.0,0.0,0.0,0.0,0.0,0.0,0.0,0,-107875648.0,53,0.0,106,-107614832.0,-107350944.0,ERR,ERR,ERR,ERR,ERR,ERR,ERR,ERR,ERR,ERR,ERR,ERR,ERR,ERR,ERR,ERR,ERR,ERR,ERR,ERR,ERR,ERR,ERR,ERR,ERR,ERR,ERR,ERR,ERR,ERR,ERR,ERR,ERR,ERR,ERR,ERR,ERR,ERR,ERR,ERR,ERR,ERR,ERR,ERR,ERR,ERR,ERR,ERR,ERR,ERR,ERR,ERR,ERR,ERR,ERR,ERR,ERR,ERR,ERR,ERR,ERR,ERR,ERR,ERR,ERR,ERR,ERR,50.0,60.0,100,0.0,0.0,0.0,0.0,0.0,0.0,0.0,0.0,0.0,0.0,0.0,0.0,0.0,0.0,0.0,0.0,62.0,65,19,65521,50,65476,0,300,0,0,8,20529,65476,0,0,26214,60.0,0.0,0.0,0.0,0.0,0.0
2026-05-17T16:10:26,ERR,ERR,ERR,ERR,ERR,ERR,ERR,ERR,ERR,ERR,ERR,ERR,ERR,ERR,ERR,ERR,ERR,ERR,ERR,ERR,ERR,ERR,ERR,ERR,ERR,ERR,ERR,ERR,ERR,ERR,ERR,ERR,ERR,ERR,ERR,ERR,ERR,ERR,ERR,ERR,ERR,ERR,ERR,ERR,ERR,ERR,ERR,ERR,ERR,ERR,ERR,ERR,ERR,ERR,ERR,ERR,ERR,ERR,ERR,ERR,ERR,ERR,ERR,ERR,ERR,ERR,ERR,ERR,ERR,ERR,ERR,ERR,ERR,ERR,ERR,ERR,ERR,ERR,ERR,ERR,ERR,ERR,ERR,ERR,ERR,ERR,ERR,ERR,ERR,ERR,ERR,ERR,ERR,ERR,ERR,ERR,ERR,ERR,ERR,ERR,ERR,ERR,ERR,ERR,ERR,ERR,ERR,ERR,ERR,ERR,ERR,ERR,ERR,ERR,ERR,ERR,ERR,ERR,ERR,ERR,ERR,ERR,ERR,ERR,ERR,0.0,-0.0,-0.0,0.0,0.0,1.3936040501711995e+18,7.805,0.0,0,0,4,0,8422,0.0,45,0.0,0.0,0.0,0.0,0.0,0,0,0,0,0.0,0,0,0,0,0,0,0,0,0,0,0,0,0,0,0,0,0,0,0,0,0,0,0,0,0,0,0,0,0,0,0,0,0,38,14,7,45,65476,0,300,0,0,8,21553,0.0,-107605600.0,0.0,0.0,0.0,0.0,0.0,0.0,0.0,0.0,0.0,0.0,0.0,0.0,0.0,0.0,0.0,0.0,0.0,0.0,0.0,0.0,-2.004,-0.0,-0.0,-2.004,0.0,0.0,0.0,0.0,5003.0,-1.040665380856972e+34,0.0,0.0,-0.0,0.0,-0.0,0.0,0.0,0.0,0.0,53,107615344.0,-3.222002767243768e+26,0.0,0.0,0.0,0.0,0.0,0.0,0.0,0,0,0,0.0,0.0,0.0,0.0,0.0,0.0,0.0,0.0,0.0,0.0,0.0,0.0,0.0,0.0,0.0,0.0,0,-107875648.0,53,0.0,106,-107614832.0,0.0,ERR,ERR,ERR,ERR,ERR,ERR,ERR,ERR,ERR,ERR,ERR,ERR,ERR,ERR,ERR,ERR,ERR,ERR,ERR,ERR,ERR,ERR,ERR,ERR,ERR,ERR,ERR,ERR,ERR,ERR,ERR,ERR,ERR,ERR,ERR,ERR,ERR,ERR,ERR,ERR,ERR,ERR,ERR,ERR,ERR,ERR,ERR,ERR,ERR,ERR,ERR,ERR,ERR,ERR,ERR,ERR,ERR,ERR,ERR,ERR,ERR,ERR,ERR,ERR,ERR,ERR,ERR,50.0,60.0,100,0.0,0.0,0.0,0.0,0.0,0.0,0.0,0.0,0.0,0.0,0.0,0.0,0.0,0.0,0.0,0.0,61.6,65,19,65521,50,65476,0,300,0,0,8,20529,65476,0,0,26214,60.0,0.0,0.0,0.0,0.0,0.0
2026-05-17T16:10:27,ERR,ERR,ERR,ERR,ERR,ERR,ERR,ERR,ERR,ERR,ERR,ERR,ERR,ERR,ERR,ERR,ERR,ERR,ERR,ERR,ERR,ERR,ERR,ERR,ERR,ERR,ERR,ERR,ERR,ERR,ERR,ERR,ERR,ERR,ERR,ERR,ERR,ERR,ERR,ERR,ERR,ERR,ERR,ERR,ERR,ERR,ERR,ERR,ERR,ERR,ERR,ERR,ERR,ERR,ERR,ERR,ERR,ERR,ERR,ERR,ERR,ERR,ERR,ERR,ERR,ERR,ERR,ERR,ERR,ERR,ERR,ERR,ERR,ERR,ERR,ERR,ERR,ERR,ERR,ERR,ERR,ERR,ERR,ERR,ERR,ERR,ERR,ERR,ERR,ERR,ERR,ERR,ERR,ERR,ERR,ERR,ERR,ERR,ERR,ERR,ERR,ERR,ERR,ERR,ERR,ERR,ERR,ERR,ERR,ERR,ERR,ERR,ERR,ERR,ERR,ERR,ERR,ERR,ERR,ERR,ERR,ERR,ERR,ERR,ERR,0.0,-0.0,-0.0,0.0,0.0,1.3936040501711995e+18,7.805,0.0,0,0,4,0,8422,0.0,45,0.0,0.0,0.0,0.0,0.0,0,0,0,0,0.0,0,0,0,0,0,0,0,0,0,0,0,0,0,0,0,0,0,0,0,0,0,0,0,0,0,0,0,0,0,0,0,0,0,38,14,7,45,65476,0,300,0,0,8,21553,0.0,-107605600.0,0.0,0.0,0.0,0.0,0.0,0.0,0.0,0.0,0.0,0.0,0.0,0.0,0.0,0.0,0.0,0.0,0.0,0.0,0.0,0.0,-2.004,-0.0,-0.0,-2.004,0.0,0.0,0.0,0.0,5003.0,-1.040665380856972e+34,0.0,0.0,-0.0,0.0,-0.0,0.0,0.0,0.0,0.0,53,107615344.0,-3.222002767243768e+26,0.0,0.0,0.0,0.0,0.0,0.0,0.0,0,0,0,0.0,0.0,0.0,0.0,0.0,0.0,0.0,0.0,0.0,0.0,0.0,0.0,0.0,0.0,0.0,0.0,0,-107875648.0,53,0.0,106,-107614832.0,0.0,ERR,ERR,ERR,ERR,ERR,ERR,ERR,ERR,ERR,ERR,ERR,ERR,ERR,ERR,ERR,ERR,ERR,ERR,ERR,ERR,ERR,ERR,ERR,ERR,ERR,ERR,ERR,ERR,ERR,ERR,ERR,ERR,ERR,ERR,ERR,ERR,ERR,ERR,ERR,ERR,ERR,ERR,ERR,ERR,ERR,ERR,ERR,ERR,ERR,ERR,ERR,ERR,ERR,ERR,ERR,ERR,ERR,ERR,ERR,ERR,ERR,ERR,ERR,ERR,ERR,ERR,ERR,50.0,60.0,100,0.0,0.0,0.0,0.0,0.0,0.0,0.0,0.0,0.0,0.0,0.0,0.0,0.0,0.0,0.0,0.0,61.6,65,19,65521,50,65476,0,300,0,0,8,20529,65476,0,0,26214,60.0,0.0,0.0,0.0,0.0,0.0
2026-05-17T16:10:28,ERR,ERR,ERR,ERR,ERR,ERR,ERR,ERR,ERR,ERR,ERR,ERR,ERR,ERR,ERR,ERR,ERR,ERR,ERR,ERR,ERR,ERR,ERR,ERR,ERR,ERR,ERR,ERR,ERR,ERR,ERR,ERR,ERR,ERR,ERR,ERR,ERR,ERR,ERR,ERR,ERR,ERR,ERR,ERR,ERR,ERR,ERR,ERR,ERR,ERR,ERR,ERR,ERR,ERR,ERR,ERR,ERR,ERR,ERR,ERR,ERR,ERR,ERR,ERR,ERR,ERR,ERR,ERR,ERR,ERR,ERR,ERR,ERR,ERR,ERR,ERR,ERR,ERR,ERR,ERR,ERR,ERR,ERR,ERR,ERR,ERR,ERR,ERR,ERR,ERR,ERR,ERR,ERR,ERR,ERR,ERR,ERR,ERR,ERR,ERR,ERR,ERR,ERR,ERR,ERR,ERR,ERR,ERR,ERR,ERR,ERR,ERR,ERR,ERR,ERR,ERR,ERR,ERR,ERR,ERR,ERR,ERR,ERR,ERR,ERR,0.0,-0.0,-0.0,0.0,0.0,1.3936040501711995e+18,7.805,0.0,0,0,4,0,8422,0.0,45,0.0,0.0,0.0,0.0,0.0,0,0,0,0,0.0,0,0,0,0,0,0,0,0,0,0,0,0,0,0,0,0,0,0,0,0,0,0,0,0,0,0,0,0,0,0,0,0,0,38,14,7,45,65476,0,300,0,0,8,21553,0.0,-107605600.0,0.0,0.0,0.0,0.0,0.0,0.0,0.0,0.0,0.0,0.0,0.0,0.0,0.0,0.0,0.0,0.0,0.0,0.0,0.0,0.0,-2.004,-0.0,-0.0,-2.004,0.0,0.0,0.0,0.0,5003.0,-1.040665380856972e+34,0.0,0.0,-0.0,0.0,-0.0,0.0,0.0,0.0,0.0,53,107615344.0,-3.222002767243768e+26,0.0,0.0,0.0,0.0,0.0,0.0,0.0,0,0,0,0.0,0.0,0.0,0.0,0.0,0.0,0.0,0.0,0.0,0.0,0.0,0.0,0.0,0.0,0.0,0.0,0,-107875648.0,53,0.0,106,-107614832.0,0.0,ERR,ERR,ERR,ERR,ERR,ERR,ERR,ERR,ERR,ERR,ERR,ERR,ERR,ERR,ERR,ERR,ERR,ERR,ERR,ERR,ERR,ERR,ERR,ERR,ERR,ERR,ERR,ERR,ERR,ERR,ERR,ERR,ERR,ERR,ERR,ERR,ERR,ERR,ERR,ERR,ERR,ERR,ERR,ERR,ERR,ERR,ERR,ERR,ERR,ERR,ERR,ERR,ERR,ERR,ERR,ERR,ERR,ERR,ERR,ERR,ERR,ERR,ERR,ERR,ERR,ERR,ERR,50.0,60.0,100,0.0,0.0,0.0,0.0,0.0,0.0,0.0,0.0,0.0,0.0,0.0,0.0,0.0,0.0,0.0,0.0,61.6,65,19,65521,50,65476,0,300,0,0,8,20529,65476,0,0,26214,60.0,0.0,0.0,0.0,0.0,0.0
2026-05-17T16:10:29,ERR,ERR,ERR,ERR,ERR,ERR,ERR,ERR,ERR,ERR,ERR,ERR,ERR,ERR,ERR,ERR,ERR,ERR,ERR,ERR,ERR,ERR,ERR,ERR,ERR,ERR,ERR,ERR,ERR,ERR,ERR,ERR,ERR,ERR,ERR,ERR,ERR,ERR,ERR,ERR,ERR,ERR,ERR,ERR,ERR,ERR,ERR,ERR,ERR,ERR,ERR,ERR,ERR,ERR,ERR,ERR,ERR,ERR,ERR,ERR,ERR,ERR,ERR,ERR,ERR,ERR,ERR,ERR,ERR,ERR,ERR,ERR,ERR,ERR,ERR,ERR,ERR,ERR,ERR,ERR,ERR,ERR,ERR,ERR,ERR,ERR,ERR,ERR,ERR,ERR,ERR,ERR,ERR,ERR,ERR,ERR,ERR,ERR,ERR,ERR,ERR,ERR,ERR,ERR,ERR,ERR,ERR,ERR,ERR,ERR,ERR,ERR,ERR,ERR,ERR,ERR,ERR,ERR,ERR,ERR,ERR,ERR,ERR,ERR,ERR,0.0,-0.0,-0.0,0.0,0.0,1.3936040501711995e+18,7.805,0.0,0,0,4,0,8422,0.0,45,0.0,0.0,0.0,0.0,0.0,0,0,0,0,0.0,0,0,0,0,0,0,0,0,0,0,0,0,0,0,0,0,0,0,0,0,0,0,0,0,0,0,0,0,0,0,0,0,0,38,14,7,45,65476,0,300,0,0,8,21553,0.0,-107605600.0,0.0,0.0,0.0,0.0,0.0,0.0,0.0,0.0,0.0,0.0,0.0,0.0,0.0,0.0,0.0,0.0,0.0,0.0,0.0,0.0,-2.004,-0.0,-0.0,-2.004,0.0,0.0,0.0,0.0,5003.0,-1.040665380856972e+34,0.0,0.0,-0.0,0.0,-0.0,0.0,0.0,0.0,0.0,53,107615344.0,-3.222002767243768e+26,0.0,0.0,0.0,0.0,0.0,0.0,0.0,0,0,0,0.0,0.0,0.0,0.0,0.0,0.0,0.0,0.0,0.0,0.0,0.0,0.0,0.0,0.0,0.0,0.0,0,-107875648.0,53,0.0,106,-107614832.0,0.0,ERR,ERR,ERR,ERR,ERR,ERR,ERR,ERR,ERR,ERR,ERR,ERR,ERR,ERR,ERR,ERR,ERR,ERR,ERR,ERR,ERR,ERR,ERR,ERR,ERR,ERR,ERR,ERR,ERR,ERR,ERR,ERR,ERR,ERR,ERR,ERR,ERR,ERR,ERR,ERR,ERR,ERR,ERR,ERR,ERR,ERR,ERR,ERR,ERR,ERR,ERR,ERR,ERR,ERR,ERR,ERR,ERR,ERR,ERR,ERR,ERR,ERR,ERR,ERR,ERR,ERR,ERR,50.0,60.0,100,0.0,0.0,0.0,0.0,0.0,0.0,0.0,0.0,0.0,0.0,0.0,0.0,0.0,0.0,0.0,0.0,61.6,65,19,65521,50,65476,0,300,0,0,8,20529,65476,0,0,26214,60.0,0.0,0.0,0.0,0.0,0.0
2026-05-17T16:10:30,ERR,ERR,ERR,ERR,ERR,ERR,ERR,ERR,ERR,ERR,ERR,ERR,ERR,ERR,ERR,ERR,ERR,ERR,ERR,ERR,ERR,ERR,ERR,ERR,ERR,ERR,ERR,ERR,ERR,ERR,ERR,ERR,ERR,ERR,ERR,ERR,ERR,ERR,ERR,ERR,ERR,ERR,ERR,ERR,ERR,ERR,ERR,ERR,ERR,ERR,ERR,ERR,ERR,ERR,ERR,ERR,ERR,ERR,ERR,ERR,ERR,ERR,ERR,ERR,ERR,ERR,ERR,ERR,ERR,ERR,ERR,ERR,ERR,ERR,ERR,ERR,ERR,ERR,ERR,ERR,ERR,ERR,ERR,ERR,ERR,ERR,ERR,ERR,ERR,ERR,ERR,ERR,ERR,ERR,ERR,ERR,ERR,ERR,ERR,ERR,ERR,ERR,ERR,ERR,ERR,ERR,ERR,ERR,ERR,ERR,ERR,ERR,ERR,ERR,ERR,ERR,ERR,ERR,ERR,ERR,ERR,ERR,ERR,ERR,ERR,0.0,-0.0,-0.0,0.0,0.0,1.3936040501711995e+18,7.805,0.0,0,0,4,0,8422,0.0,45,0.0,0.0,0.0,0.0,0.0,0,0,0,0,0.0,0,0,0,0,0,0,0,0,0,0,0,0,0,0,0,0,0,0,0,0,0,0,0,0,0,0,0,0,0,0,0,0,0,38,14,7,45,65476,0,300,0,0,8,21553,0.0,-107605600.0,0.0,0.0,0.0,0.0,0.0,0.0,0.0,0.0,0.0,0.0,0.0,0.0,0.0,0.0,0.0,0.0,0.0,0.0,0.0,0.0,-2.004,-0.0,-0.0,-2.004,0.0,0.0,0.0,0.0,5003.0,-1.040665380856972e+34,0.0,0.0,-0.0,0.0,-0.0,0.0,0.0,0.0,0.0,53,107615344.0,-3.222002767243768e+26,0.0,0.0,0.0,0.0,0.0,0.0,0.0,0,0,0,0.0,0.0,0.0,0.0,0.0,0.0,0.0,0.0,0.0,0.0,0.0,0.0,0.0,0.0,0.0,0.0,0,-107875648.0,53,0.0,106,-107614832.0,0.0,ERR,ERR,ERR,ERR,ERR,ERR,ERR,ERR,ERR,ERR,ERR,ERR,ERR,ERR,ERR,ERR,ERR,ERR,ERR,ERR,ERR,ERR,ERR,ERR,ERR,ERR,ERR,ERR,ERR,ERR,ERR,ERR,ERR,ERR,ERR,ERR,ERR,ERR,ERR,ERR,ERR,ERR,ERR,ERR,ERR,ERR,ERR,ERR,ERR,ERR,ERR,ERR,ERR,ERR,ERR,ERR,ERR,ERR,ERR,ERR,ERR,ERR,ERR,ERR,ERR,ERR,ERR,50.0,60.0,100,0.0,0.0,0.0,0.0,0.0,0.0,0.0,0.0,0.0,0.0,0.0,0.0,0.0,0.0,0.0,0.0,61.6,65,19,65521,50,65476,0,300,0,0,8,20529,65476,0,0,26214,60.0,0.0,0.0,0.0,0.0,0.0
2026-05-17T16:10:31,ERR,ERR,ERR,ERR,ERR,ERR,ERR,ERR,ERR,ERR,ERR,ERR,ERR,ERR,ERR,ERR,ERR,ERR,ERR,ERR,ERR,ERR,ERR,ERR,ERR,ERR,ERR,ERR,ERR,ERR,ERR,ERR,ERR,ERR,ERR,ERR,ERR,ERR,ERR,ERR,ERR,ERR,ERR,ERR,ERR,ERR,ERR,ERR,ERR,ERR,ERR,ERR,ERR,ERR,ERR,ERR,ERR,ERR,ERR,ERR,ERR,ERR,ERR,ERR,ERR,ERR,ERR,ERR,ERR,ERR,ERR,ERR,ERR,ERR,ERR,ERR,ERR,ERR,ERR,ERR,ERR,ERR,ERR,ERR,ERR,ERR,ERR,ERR,ERR,ERR,ERR,ERR,ERR,ERR,ERR,ERR,ERR,ERR,ERR,ERR,ERR,ERR,ERR,ERR,ERR,ERR,ERR,ERR,ERR,ERR,ERR,ERR,ERR,ERR,ERR,ERR,ERR,ERR,ERR,ERR,ERR,ERR,ERR,ERR,ERR,0.0,-0.0,-0.0,0.0,0.0,1.3936040501711995e+18,7.805,0.0,0,0,4,0,8422,0.0,45,0.0,0.0,0.0,0.0,0.0,0,0,0,0,0.0,0,0,0,0,0,0,0,0,0,0,0,0,0,0,0,0,0,0,0,0,0,0,0,0,0,0,0,0,0,0,0,0,0,38,14,7,45,65476,0,300,0,0,8,21553,0.0,-107605600.0,0.0,0.0,0.0,0.0,0.0,0.0,0.0,0.0,0.0,0.0,0.0,0.0,0.0,0.0,0.0,0.0,0.0,0.0,0.0,0.0,-2.004,-0.0,-0.0,-2.004,0.0,0.0,0.0,0.0,5008.0,0.0,0.0,0.0,-0.0,0.0,2.718429120148166e+23,0.0,0.0,0.0,0.0,53,2.7184300208680915e+23,-71.629,0.0,0.0,0.0,0.0,0.0,0.0,0.0,0,0,0,0.0,0.0,0.0,0.0,0.0,0.0,0.0,0.0,0.0,0.0,0.0,0.0,0.0,0.0,0.0,0.0,0,-107875648.0,53,0.0,106,-107614832.0,-107350944.0,ERR,ERR,ERR,ERR,ERR,ERR,ERR,ERR,ERR,ERR,ERR,ERR,ERR,ERR,ERR,ERR,ERR,ERR,ERR,ERR,ERR,ERR,ERR,ERR,ERR,ERR,ERR,ERR,ERR,ERR,ERR,ERR,ERR,ERR,ERR,ERR,ERR,ERR,ERR,ERR,ERR,ERR,ERR,ERR,ERR,ERR,ERR,ERR,ERR,ERR,ERR,ERR,ERR,ERR,ERR,ERR,ERR,ERR,ERR,ERR,ERR,ERR,ERR,ERR,ERR,ERR,ERR,50.0,60.0,100,0.0,0.0,0.0,0.0,0.0,0.0,0.0,0.0,0.0,0.0,0.0,0.0,0.0,0.0,0.0,0.0,62.0,65,19,65521,50,65476,0,300,0,0,8,20529,65476,0,0,26214,60.0,0.0,0.0,0.0,0.0,0.0
2026-05-17T16:10:32,ERR,ERR,ERR,ERR,ERR,ERR,ERR,ERR,ERR,ERR,ERR,ERR,ERR,ERR,ERR,ERR,ERR,ERR,ERR,ERR,ERR,ERR,ERR,ERR,ERR,ERR,ERR,ERR,ERR,ERR,ERR,ERR,ERR,ERR,ERR,ERR,ERR,ERR,ERR,ERR,ERR,ERR,ERR,ERR,ERR,ERR,ERR,ERR,ERR,ERR,ERR,ERR,ERR,ERR,ERR,ERR,ERR,ERR,ERR,ERR,ERR,ERR,ERR,ERR,ERR,ERR,ERR,ERR,ERR,ERR,ERR,ERR,ERR,ERR,ERR,ERR,ERR,ERR,ERR,ERR,ERR,ERR,ERR,ERR,ERR,ERR,ERR,ERR,ERR,ERR,ERR,ERR,ERR,ERR,ERR,ERR,ERR,ERR,ERR,ERR,ERR,ERR,ERR,ERR,ERR,ERR,ERR,ERR,ERR,ERR,ERR,ERR,ERR,ERR,ERR,ERR,ERR,ERR,ERR,ERR,ERR,ERR,ERR,ERR,ERR,0.0,-0.0,-0.0,0.0,0.0,1.3936040501711995e+18,7.805,0.0,0,0,4,0,8422,0.0,45,0.0,0.0,0.0,0.0,0.0,0,0,0,0,0.0,0,0,0,0,0,0,0,0,0,0,0,0,0,0,0,0,0,0,0,0,0,0,0,0,0,0,0,0,0,0,0,0,0,38,14,7,45,65476,0,300,0,0,8,21553,0.0,-107605600.0,0.0,0.0,0.0,0.0,0.0,0.0,0.0,0.0,0.0,0.0,0.0,0.0,0.0,0.0,0.0,0.0,0.0,0.0,0.0,0.0,-2.004,-0.0,-0.0,-2.004,0.0,0.0,0.0,0.0,5008.0,0.0,0.0,0.0,-0.0,0.0,2.718429120148166e+23,0.0,0.0,0.0,0.0,53,2.7184300208680915e+23,-71.629,0.0,0.0,0.0,0.0,0.0,0.0,0.0,0,0,0,0.0,0.0,0.0,0.0,0.0,0.0,0.0,0.0,0.0,0.0,0.0,0.0,0.0,0.0,0.0,0.0,0,-107875648.0,53,0.0,106,-107614832.0,-107350944.0,ERR,ERR,ERR,ERR,ERR,ERR,ERR,ERR,ERR,ERR,ERR,ERR,ERR,ERR,ERR,ERR,ERR,ERR,ERR,ERR,ERR,ERR,ERR,ERR,ERR,ERR,ERR,ERR,ERR,ERR,ERR,ERR,ERR,ERR,ERR,ERR,ERR,ERR,ERR,ERR,ERR,ERR,ERR,ERR,ERR,ERR,ERR,ERR,ERR,ERR,ERR,ERR,ERR,ERR,ERR,ERR,ERR,ERR,ERR,ERR,ERR,ERR,ERR,ERR,ERR,ERR,ERR,50.0,60.0,100,0.0,0.0,0.0,0.0,0.0,0.0,0.0,0.0,0.0,0.0,0.0,0.0,0.0,0.0,0.0,0.0,62.0,65,19,65521,50,65476,0,300,0,0,8,20529,65476,0,0,26214,60.0,0.0,0.0,0.0,0.0,0.0
2026-05-17T16:10:33,ERR,ERR,ERR,ERR,ERR,ERR,ERR,ERR,ERR,ERR,ERR,ERR,ERR,ERR,ERR,ERR,ERR,ERR,ERR,ERR,ERR,ERR,ERR,ERR,ERR,ERR,ERR,ERR,ERR,ERR,ERR,ERR,ERR,ERR,ERR,ERR,ERR,ERR,ERR,ERR,ERR,ERR,ERR,ERR,ERR,ERR,ERR,ERR,ERR,ERR,ERR,ERR,ERR,ERR,ERR,ERR,ERR,ERR,ERR,ERR,ERR,ERR,ERR,ERR,ERR,ERR,ERR,ERR,ERR,ERR,ERR,ERR,ERR,ERR,ERR,ERR,ERR,ERR,ERR,ERR,ERR,ERR,ERR,ERR,ERR,ERR,ERR,ERR,ERR,ERR,ERR,ERR,ERR,ERR,ERR,ERR,ERR,ERR,ERR,ERR,ERR,ERR,ERR,ERR,ERR,ERR,ERR,ERR,ERR,ERR,ERR,ERR,ERR,ERR,ERR,ERR,ERR,ERR,ERR,ERR,ERR,ERR,ERR,ERR,ERR,0.0,-0.0,-0.0,0.0,0.0,1.3936040501711995e+18,7.805,0.0,0,0,4,0,8422,0.0,45,0.0,0.0,0.0,0.0,0.0,0,0,0,0,0.0,0,0,0,0,0,0,0,0,0,0,0,0,0,0,0,0,0,0,0,0,0,0,0,0,0,0,0,0,0,0,0,0,0,38,14,7,45,65476,0,300,0,0,8,21553,0.0,-107605600.0,0.0,0.0,0.0,0.0,0.0,0.0,0.0,0.0,0.0,0.0,0.0,0.0,0.0,0.0,0.0,0.0,0.0,0.0,0.0,0.0,-2.004,-0.0,-0.0,-2.004,0.0,0.0,0.0,0.0,5008.0,0.0,0.0,0.0,-0.0,0.0,2.718429120148166e+23,0.0,0.0,0.0,0.0,53,2.7184300208680915e+23,-71.629,0.0,0.0,0.0,0.0,0.0,0.0,0.0,0,0,0,0.0,0.0,0.0,0.0,0.0,0.0,0.0,0.0,0.0,0.0,0.0,0.0,0.0,0.0,0.0,0.0,0,-107875648.0,53,0.0,106,-107614832.0,-107350944.0,ERR,ERR,ERR,ERR,ERR,ERR,ERR,ERR,ERR,ERR,ERR,ERR,ERR,ERR,ERR,ERR,ERR,ERR,ERR,ERR,ERR,ERR,ERR,ERR,ERR,ERR,ERR,ERR,ERR,ERR,ERR,ERR,ERR,ERR,ERR,ERR,ERR,ERR,ERR,ERR,ERR,ERR,ERR,ERR,ERR,ERR,ERR,ERR,ERR,ERR,ERR,ERR,ERR,ERR,ERR,ERR,ERR,ERR,ERR,ERR,ERR,ERR,ERR,ERR,ERR,ERR,ERR,50.0,60.0,100,0.0,0.0,0.0,0.0,0.0,0.0,0.0,0.0,0.0,0.0,0.0,0.0,0.0,0.0,0.0,0.0,61.6,65,19,65521,50,65476,0,300,0,0,8,20529,65476,0,0,26214,60.0,0.0,0.0,0.0,0.0,0.0
2026-05-17T16:10:34,ERR,ERR,ERR,ERR,ERR,ERR,ERR,ERR,ERR,ERR,ERR,ERR,ERR,ERR,ERR,ERR,ERR,ERR,ERR,ERR,ERR,ERR,ERR,ERR,ERR,ERR,ERR,ERR,ERR,ERR,ERR,ERR,ERR,ERR,ERR,ERR,ERR,ERR,ERR,ERR,ERR,ERR,ERR,ERR,ERR,ERR,ERR,ERR,ERR,ERR,ERR,ERR,ERR,ERR,ERR,ERR,ERR,ERR,ERR,ERR,ERR,ERR,ERR,ERR,ERR,ERR,ERR,ERR,ERR,ERR,ERR,ERR,ERR,ERR,ERR,ERR,ERR,ERR,ERR,ERR,ERR,ERR,ERR,ERR,ERR,ERR,ERR,ERR,ERR,ERR,ERR,ERR,ERR,ERR,ERR,ERR,ERR,ERR,ERR,ERR,ERR,ERR,ERR,ERR,ERR,ERR,ERR,ERR,ERR,ERR,ERR,ERR,ERR,ERR,ERR,ERR,ERR,ERR,ERR,ERR,ERR,ERR,ERR,ERR,ERR,0.0,-0.0,-0.0,0.0,0.0,1.3936040501711995e+18,7.805,0.0,0,0,4,0,8422,0.0,45,0.0,0.0,0.0,0.0,0.0,0,0,0,0,0.0,0,0,0,0,0,0,0,0,0,0,0,0,0,0,0,0,0,0,0,0,0,0,0,0,0,0,0,0,0,0,0,0,0,38,14,7,45,65476,0,300,0,0,8,21553,0.0,-107605600.0,0.0,0.0,0.0,0.0,0.0,0.0,0.0,0.0,0.0,0.0,0.0,0.0,0.0,0.0,0.0,0.0,0.0,0.0,0.0,0.0,-2.004,-0.0,-0.0,-2.004,0.0,0.0,0.0,0.0,5008.0,0.0,0.0,0.0,-0.0,0.0,2.718429120148166e+23,0.0,0.0,0.0,0.0,53,2.7184300208680915e+23,-71.629,0.0,0.0,0.0,0.0,0.0,0.0,0.0,0,0,0,0.0,0.0,0.0,0.0,0.0,0.0,0.0,0.0,0.0,0.0,0.0,0.0,0.0,0.0,0.0,0.0,0,-107875648.0,53,0.0,106,-107614832.0,-107350944.0,ERR,ERR,ERR,ERR,ERR,ERR,ERR,ERR,ERR,ERR,ERR,ERR,ERR,ERR,ERR,ERR,ERR,ERR,ERR,ERR,ERR,ERR,ERR,ERR,ERR,ERR,ERR,ERR,ERR,ERR,ERR,ERR,ERR,ERR,ERR,ERR,ERR,ERR,ERR,ERR,ERR,ERR,ERR,ERR,ERR,ERR,ERR,ERR,ERR,ERR,ERR,ERR,ERR,ERR,ERR,ERR,ERR,ERR,ERR,ERR,ERR,ERR,ERR,ERR,ERR,ERR,ERR,50.0,60.0,100,0.0,0.0,0.0,0.0,0.0,0.0,0.0,0.0,0.0,0.0,0.0,0.0,0.0,0.0,0.0,0.0,61.6,65,19,65521,50,65476,0,300,0,0,8,20529,65476,0,0,26214,60.0,0.0,0.0,0.0,0.0,0.0
2026-05-17T16:10:35,ERR,ERR,ERR,ERR,ERR,ERR,ERR,ERR,ERR,ERR,ERR,ERR,ERR,ERR,ERR,ERR,ERR,ERR,ERR,ERR,ERR,ERR,ERR,ERR,ERR,ERR,ERR,ERR,ERR,ERR,ERR,ERR,ERR,ERR,ERR,ERR,ERR,ERR,ERR,ERR,ERR,ERR,ERR,ERR,ERR,ERR,ERR,ERR,ERR,ERR,ERR,ERR,ERR,ERR,ERR,ERR,ERR,ERR,ERR,ERR,ERR,ERR,ERR,ERR,ERR,ERR,ERR,ERR,ERR,ERR,ERR,ERR,ERR,ERR,ERR,ERR,ERR,ERR,ERR,ERR,ERR,ERR,ERR,ERR,ERR,ERR,ERR,ERR,ERR,ERR,ERR,ERR,ERR,ERR,ERR,ERR,ERR,ERR,ERR,ERR,ERR,ERR,ERR,ERR,ERR,ERR,ERR,ERR,ERR,ERR,ERR,ERR,ERR,ERR,ERR,ERR,ERR,ERR,ERR,ERR,ERR,ERR,ERR,ERR,ERR,0.0,-0.0,-0.0,0.0,0.0,1.3936040501711995e+18,7.805,0.0,0,0,4,0,8422,0.0,45,0.0,0.0,0.0,0.0,0.0,0,0,0,0,0.0,0,0,0,0,0,0,0,0,0,0,0,0,0,0,0,0,0,0,0,0,0,0,0,0,0,0,0,0,0,0,0,0,0,38,14,7,45,65476,0,300,0,0,8,21553,0.0,-107605600.0,0.0,0.0,0.0,0.0,0.0,0.0,0.0,0.0,0.0,0.0,0.0,0.0,0.0,0.0,0.0,0.0,0.0,0.0,0.0,0.0,-2.004,-0.0,-0.0,-2.004,0.0,0.0,0.0,0.0,5008.0,0.0,0.0,0.0,-0.0,0.0,2.718429120148166e+23,0.0,0.0,0.0,0.0,53,2.7184300208680915e+23,-71.629,0.0,0.0,0.0,0.0,0.0,0.0,0.0,0,0,0,0.0,0.0,0.0,0.0,0.0,0.0,0.0,0.0,0.0,0.0,0.0,0.0,0.0,0.0,0.0,0.0,0,-107875648.0,53,0.0,106,-107614832.0,-107350944.0,ERR,ERR,ERR,ERR,ERR,ERR,ERR,ERR,ERR,ERR,ERR,ERR,ERR,ERR,ERR,ERR,ERR,ERR,ERR,ERR,ERR,ERR,ERR,ERR,ERR,ERR,ERR,ERR,ERR,ERR,ERR,ERR,ERR,ERR,ERR,ERR,ERR,ERR,ERR,ERR,ERR,ERR,ERR,ERR,ERR,ERR,ERR,ERR,ERR,ERR,ERR,ERR,ERR,ERR,ERR,ERR,ERR,ERR,ERR,ERR,ERR,ERR,ERR,ERR,ERR,ERR,ERR,50.0,60.0,100,0.0,0.0,0.0,0.0,0.0,0.0,0.0,0.0,0.0,0.0,0.0,0.0,0.0,0.0,0.0,0.0,61.6,65,19,65521,50,65476,0,300,0,0,8,20529,65476,0,0,26214,60.0,0.0,0.0,0.0,0.0,0.0
2026-05-17T16:10:36,ERR,ERR,ERR,ERR,ERR,ERR,ERR,ERR,ERR,ERR,ERR,ERR,ERR,ERR,ERR,ERR,ERR,ERR,ERR,ERR,ERR,ERR,ERR,ERR,ERR,ERR,ERR,ERR,ERR,ERR,ERR,ERR,ERR,ERR,ERR,ERR,ERR,ERR,ERR,ERR,ERR,ERR,ERR,ERR,ERR,ERR,ERR,ERR,ERR,ERR,ERR,ERR,ERR,ERR,ERR,ERR,ERR,ERR,ERR,ERR,ERR,ERR,ERR,ERR,ERR,ERR,ERR,ERR,ERR,ERR,ERR,ERR,ERR,ERR,ERR,ERR,ERR,ERR,ERR,ERR,ERR,ERR,ERR,ERR,ERR,ERR,ERR,ERR,ERR,ERR,ERR,ERR,ERR,ERR,ERR,ERR,ERR,ERR,ERR,ERR,ERR,ERR,ERR,ERR,ERR,ERR,ERR,ERR,ERR,ERR,ERR,ERR,ERR,ERR,ERR,ERR,ERR,ERR,ERR,ERR,ERR,ERR,ERR,ERR,ERR,0.0,-0.0,-0.0,0.0,0.0,1.3936040501711995e+18,7.805,0.0,0,0,4,0,8422,0.0,45,0.0,0.0,0.0,0.0,0.0,0,0,0,0,0.0,0,0,0,0,0,0,0,0,0,0,0,0,0,0,0,0,0,0,0,0,0,0,0,0,0,0,0,0,0,0,0,0,0,38,14,7,45,65476,0,300,0,0,8,21553,0.0,-107605600.0,0.0,0.0,0.0,0.0,0.0,0.0,0.0,0.0,0.0,0.0,0.0,0.0,0.0,0.0,0.0,0.0,0.0,0.0,0.0,0.0,-2.004,-0.0,-0.0,-2.004,0.0,0.0,0.0,0.0,5008.0,0.0,0.0,0.0,-0.0,0.0,2.718429120148166e+23,0.0,0.0,0.0,0.0,53,2.7184300208680915e+23,-71.629,0.0,0.0,0.0,0.0,0.0,0.0,0.0,0,0,0,0.0,0.0,0.0,0.0,0.0,0.0,0.0,0.0,0.0,0.0,0.0,0.0,0.0,0.0,0.0,0.0,0,-107875648.0,53,0.0,106,-107614832.0,-107350944.0,ERR,ERR,ERR,ERR,ERR,ERR,ERR,ERR,ERR,ERR,ERR,ERR,ERR,ERR,ERR,ERR,ERR,ERR,ERR,ERR,ERR,ERR,ERR,ERR,ERR,ERR,ERR,ERR,ERR,ERR,ERR,ERR,ERR,ERR,ERR,ERR,ERR,ERR,ERR,ERR,ERR,ERR,ERR,ERR,ERR,ERR,ERR,ERR,ERR,ERR,ERR,ERR,ERR,ERR,ERR,ERR,ERR,ERR,ERR,ERR,ERR,ERR,ERR,ERR,ERR,ERR,ERR,50.0,60.0,100,0.0,0.0,0.0,0.0,0.0,0.0,0.0,0.0,0.0,0.0,0.0,0.0,0.0,0.0,0.0,0.0,61.6,65,19,65521,50,65476,0,300,0,0,8,20529,65476,0,0,26214,60.0,0.0,0.0,0.0,0.0,0.0
2026-05-17T16:10:37,ERR,ERR,ERR,ERR,ERR,ERR,ERR,ERR,ERR,ERR,ERR,ERR,ERR,ERR,ERR,ERR,ERR,ERR,ERR,ERR,ERR,ERR,ERR,ERR,ERR,ERR,ERR,ERR,ERR,ERR,ERR,ERR,ERR,ERR,ERR,ERR,ERR,ERR,ERR,ERR,ERR,ERR,ERR,ERR,ERR,ERR,ERR,ERR,ERR,ERR,ERR,ERR,ERR,ERR,ERR,ERR,ERR,ERR,ERR,ERR,ERR,ERR,ERR,ERR,ERR,ERR,ERR,ERR,ERR,ERR,ERR,ERR,ERR,ERR,ERR,ERR,ERR,ERR,ERR,ERR,ERR,ERR,ERR,ERR,ERR,ERR,ERR,ERR,ERR,ERR,ERR,ERR,ERR,ERR,ERR,ERR,ERR,ERR,ERR,ERR,ERR,ERR,ERR,ERR,ERR,ERR,ERR,ERR,ERR,ERR,ERR,ERR,ERR,ERR,ERR,ERR,ERR,ERR,ERR,ERR,ERR,ERR,ERR,ERR,ERR,0.0,-0.0,-0.0,0.0,0.0,1.3936040501711995e+18,7.805,0.0,0,0,4,0,8422,0.0,45,0.0,0.0,0.0,0.0,0.0,0,0,0,0,0.0,0,0,0,0,0,0,0,0,0,0,0,0,0,0,0,0,0,0,0,0,0,0,0,0,0,0,0,0,0,0,0,0,0,38,14,7,45,65476,0,300,0,0,8,21553,0.0,-107605600.0,0.0,0.0,0.0,0.0,0.0,0.0,0.0,0.0,0.0,0.0,0.0,0.0,0.0,0.0,0.0,0.0,0.0,0.0,0.0,0.0,-2.004,-0.0,-0.0,-2.004,0.0,0.0,0.0,0.0,4975.0,-0.0,0.0,0.0,-0.0,0.0,-0.0,0.0,0.0,0.0,0.0,53,2.3088403658719416e+20,0.059,0.0,0.0,0.0,0.0,0.0,0.0,0.0,0,0,0,0.0,0.0,0.0,0.0,0.0,0.0,0.0,0.0,0.0,0.0,0.0,0.0,0.0,0.0,0.0,0.0,0,-107875648.0,53,0.0,106,-107614832.0,-107350944.0,ERR,ERR,ERR,ERR,ERR,ERR,ERR,ERR,ERR,ERR,ERR,ERR,ERR,ERR,ERR,ERR,ERR,ERR,ERR,ERR,ERR,ERR,ERR,ERR,ERR,ERR,ERR,ERR,ERR,ERR,ERR,ERR,ERR,ERR,ERR,ERR,ERR,ERR,ERR,ERR,ERR,ERR,ERR,ERR,ERR,ERR,ERR,ERR,ERR,ERR,ERR,ERR,ERR,ERR,ERR,ERR,ERR,ERR,ERR,ERR,ERR,ERR,ERR,ERR,ERR,ERR,ERR,50.0,60.0,100,0.0,0.0,0.0,0.0,0.0,0.0,0.0,0.0,0.0,0.0,0.0,0.0,0.0,0.0,0.0,0.0,61.6,65,19,65521,50,65476,0,300,0,0,8,20529,65476,0,0,26214,60.0,0.0,0.0,0.0,0.0,0.0
2026-05-17T16:10:38,ERR,ERR,ERR,ERR,ERR,ERR,ERR,ERR,ERR,ERR,ERR,ERR,ERR,ERR,ERR,ERR,ERR,ERR,ERR,ERR,ERR,ERR,ERR,ERR,ERR,ERR,ERR,ERR,ERR,ERR,ERR,ERR,ERR,ERR,ERR,ERR,ERR,ERR,ERR,ERR,ERR,ERR,ERR,ERR,ERR,ERR,ERR,ERR,ERR,ERR,ERR,ERR,ERR,ERR,ERR,ERR,ERR,ERR,ERR,ERR,ERR,ERR,ERR,ERR,ERR,ERR,ERR,ERR,ERR,ERR,ERR,ERR,ERR,ERR,ERR,ERR,ERR,ERR,ERR,ERR,ERR,ERR,ERR,ERR,ERR,ERR,ERR,ERR,ERR,ERR,ERR,ERR,ERR,ERR,ERR,ERR,ERR,ERR,ERR,ERR,ERR,ERR,ERR,ERR,ERR,ERR,ERR,ERR,ERR,ERR,ERR,ERR,ERR,ERR,ERR,ERR,ERR,ERR,ERR,ERR,ERR,ERR,ERR,ERR,ERR,0.0,-0.0,-0.0,0.0,0.0,1.3936040501711995e+18,7.805,0.0,0,0,4,0,8422,0.0,45,0.0,0.0,0.0,0.0,0.0,0,0,0,0,0.0,0,0,0,0,0,0,0,0,0,0,0,0,0,0,0,0,0,0,0,0,0,0,0,0,0,0,0,0,0,0,0,0,0,38,14,7,45,65476,0,300,0,0,8,21553,0.0,-107605600.0,0.0,0.0,0.0,0.0,0.0,0.0,0.0,0.0,0.0,0.0,0.0,0.0,0.0,0.0,0.0,0.0,0.0,0.0,0.0,0.0,-2.004,-0.0,-0.0,-2.004,0.0,0.0,0.0,0.0,4975.0,-0.0,0.0,0.0,-0.0,0.0,-0.0,0.0,0.0,0.0,0.0,53,2.3088403658719416e+20,0.059,0.0,0.0,0.0,0.0,0.0,0.0,0.0,0,0,0,0.0,0.0,0.0,0.0,0.0,0.0,0.0,0.0,0.0,0.0,0.0,0.0,0.0,0.0,0.0,0.0,0,-107875648.0,53,0.0,106,-107614832.0,-107350944.0,ERR,ERR,ERR,ERR,ERR,ERR,ERR,ERR,ERR,ERR,ERR,ERR,ERR,ERR,ERR,ERR,ERR,ERR,ERR,ERR,ERR,ERR,ERR,ERR,ERR,ERR,ERR,ERR,ERR,ERR,ERR,ERR,ERR,ERR,ERR,ERR,ERR,ERR,ERR,ERR,ERR,ERR,ERR,ERR,ERR,ERR,ERR,ERR,ERR,ERR,ERR,ERR,ERR,ERR,ERR,ERR,ERR,ERR,ERR,ERR,ERR,ERR,ERR,ERR,ERR,ERR,ERR,50.0,60.0,100,0.0,0.0,0.0,0.0,0.0,0.0,0.0,0.0,0.0,0.0,0.0,0.0,0.0,0.0,0.0,0.0,61.6,65,20,65521,50,65476,0,300,0,0,8,20529,65476,0,0,26214,60.0,0.0,0.0,0.0,0.0,0.0
2026-05-17T16:10:39,ERR,ERR,ERR,ERR,ERR,ERR,ERR,ERR,ERR,ERR,ERR,ERR,ERR,ERR,ERR,ERR,ERR,ERR,ERR,ERR,ERR,ERR,ERR,ERR,ERR,ERR,ERR,ERR,ERR,ERR,ERR,ERR,ERR,ERR,ERR,ERR,ERR,ERR,ERR,ERR,ERR,ERR,ERR,ERR,ERR,ERR,ERR,ERR,ERR,ERR,ERR,ERR,ERR,ERR,ERR,ERR,ERR,ERR,ERR,ERR,ERR,ERR,ERR,ERR,ERR,ERR,ERR,ERR,ERR,ERR,ERR,ERR,ERR,ERR,ERR,ERR,ERR,ERR,ERR,ERR,ERR,ERR,ERR,ERR,ERR,ERR,ERR,ERR,ERR,ERR,ERR,ERR,ERR,ERR,ERR,ERR,ERR,ERR,ERR,ERR,ERR,ERR,ERR,ERR,ERR,ERR,ERR,ERR,ERR,ERR,ERR,ERR,ERR,ERR,ERR,ERR,ERR,ERR,ERR,ERR,ERR,ERR,ERR,ERR,ERR,0.0,-0.0,-0.0,0.0,0.0,1.3936040501711995e+18,7.805,0.0,0,0,4,0,8422,0.0,45,0.0,0.0,0.0,0.0,0.0,0,0,0,0,0.0,0,0,0,0,0,0,0,0,0,0,0,0,0,0,0,0,0,0,0,0,0,0,0,0,0,0,0,0,0,0,0,0,0,38,14,7,45,65476,0,300,0,0,8,21553,0.0,-107605600.0,0.0,0.0,0.0,0.0,0.0,0.0,0.0,0.0,0.0,0.0,0.0,0.0,0.0,0.0,0.0,0.0,0.0,0.0,0.0,0.0,-2.004,-0.0,-0.0,-2.004,0.0,0.0,0.0,0.0,4975.0,-0.0,0.0,0.0,-0.0,0.0,-0.0,0.0,0.0,0.0,0.0,53,2.3088403658719416e+20,0.059,0.0,0.0,0.0,0.0,0.0,0.0,0.0,0,0,0,0.0,0.0,0.0,0.0,0.0,0.0,0.0,0.0,0.0,0.0,0.0,0.0,0.0,0.0,0.0,0.0,0,-107875648.0,53,0.0,106,-107614832.0,-107350944.0,ERR,ERR,ERR,ERR,ERR,ERR,ERR,ERR,ERR,ERR,ERR,ERR,ERR,ERR,ERR,ERR,ERR,ERR,ERR,ERR,ERR,ERR,ERR,ERR,ERR,ERR,ERR,ERR,ERR,ERR,ERR,ERR,ERR,ERR,ERR,ERR,ERR,ERR,ERR,ERR,ERR,ERR,ERR,ERR,ERR,ERR,ERR,ERR,ERR,ERR,ERR,ERR,ERR,ERR,ERR,ERR,ERR,ERR,ERR,ERR,ERR,ERR,ERR,ERR,ERR,ERR,ERR,50.0,60.0,100,0.0,0.0,0.0,0.0,0.0,0.0,0.0,0.0,0.0,0.0,0.0,0.0,0.0,0.0,0.0,0.0,61.6,65,20,65521,50,65476,0,300,0,0,8,20529,65476,0,0,26214,60.0,0.0,0.0,0.0,0.0,0.0
2026-05-17T16:10:40,ERR,ERR,ERR,ERR,ERR,ERR,ERR,ERR,ERR,ERR,ERR,ERR,ERR,ERR,ERR,ERR,ERR,ERR,ERR,ERR,ERR,ERR,ERR,ERR,ERR,ERR,ERR,ERR,ERR,ERR,ERR,ERR,ERR,ERR,ERR,ERR,ERR,ERR,ERR,ERR,ERR,ERR,ERR,ERR,ERR,ERR,ERR,ERR,ERR,ERR,ERR,ERR,ERR,ERR,ERR,ERR,ERR,ERR,ERR,ERR,ERR,ERR,ERR,ERR,ERR,ERR,ERR,ERR,ERR,ERR,ERR,ERR,ERR,ERR,ERR,ERR,ERR,ERR,ERR,ERR,ERR,ERR,ERR,ERR,ERR,ERR,ERR,ERR,ERR,ERR,ERR,ERR,ERR,ERR,ERR,ERR,ERR,ERR,ERR,ERR,ERR,ERR,ERR,ERR,ERR,ERR,ERR,ERR,ERR,ERR,ERR,ERR,ERR,ERR,ERR,ERR,ERR,ERR,ERR,ERR,ERR,ERR,ERR,ERR,ERR,0.0,-0.0,-0.0,0.0,0.0,1.3936040501711995e+18,7.805,0.0,0,0,4,0,8422,0.0,45,0.0,0.0,0.0,0.0,0.0,0,0,0,0,0.0,0,0,0,0,0,0,0,0,0,0,0,0,0,0,0,0,0,0,0,0,0,0,0,0,0,0,0,0,0,0,0,0,0,38,14,7,45,65476,0,300,0,0,8,21553,0.0,-107605600.0,0.0,0.0,0.0,0.0,0.0,0.0,0.0,0.0,0.0,0.0,0.0,0.0,0.0,0.0,0.0,0.0,0.0,0.0,0.0,0.0,-2.004,-0.0,-0.0,-2.004,0.0,0.0,0.0,0.0,4975.0,-0.0,0.0,0.0,-0.0,0.0,-0.0,0.0,0.0,0.0,0.0,53,2.3088403658719416e+20,0.059,0.0,0.0,0.0,0.0,0.0,0.0,0.0,0,0,0,0.0,0.0,0.0,0.0,0.0,0.0,0.0,0.0,0.0,0.0,0.0,0.0,0.0,0.0,0.0,0.0,0,-107875648.0,53,0.0,106,-107614832.0,-107350944.0,ERR,ERR,ERR,ERR,ERR,ERR,ERR,ERR,ERR,ERR,ERR,ERR,ERR,ERR,ERR,ERR,ERR,ERR,ERR,ERR,ERR,ERR,ERR,ERR,ERR,ERR,ERR,ERR,ERR,ERR,ERR,ERR,ERR,ERR,ERR,ERR,ERR,ERR,ERR,ERR,ERR,ERR,ERR,ERR,ERR,ERR,ERR,ERR,ERR,ERR,ERR,ERR,ERR,ERR,ERR,ERR,ERR,ERR,ERR,ERR,ERR,ERR,ERR,ERR,ERR,ERR,ERR,50.0,60.0,100,0.0,0.0,0.0,0.0,0.0,0.0,0.0,0.0,0.0,0.0,0.0,0.0,0.0,0.0,0.0,0.0,61.6,65,20,65521,50,65476,0,300,0,0,8,20529,65476,0,0,26214,60.0,0.0,0.0,0.0,0.0,0.0
2026-05-17T16:10:41,ERR,ERR,ERR,ERR,ERR,ERR,ERR,ERR,ERR,ERR,ERR,ERR,ERR,ERR,ERR,ERR,ERR,ERR,ERR,ERR,ERR,ERR,ERR,ERR,ERR,ERR,ERR,ERR,ERR,ERR,ERR,ERR,ERR,ERR,ERR,ERR,ERR,ERR,ERR,ERR,ERR,ERR,ERR,ERR,ERR,ERR,ERR,ERR,ERR,ERR,ERR,ERR,ERR,ERR,ERR,ERR,ERR,ERR,ERR,ERR,ERR,ERR,ERR,ERR,ERR,ERR,ERR,ERR,ERR,ERR,ERR,ERR,ERR,ERR,ERR,ERR,ERR,ERR,ERR,ERR,ERR,ERR,ERR,ERR,ERR,ERR,ERR,ERR,ERR,ERR,ERR,ERR,ERR,ERR,ERR,ERR,ERR,ERR,ERR,ERR,ERR,ERR,ERR,ERR,ERR,ERR,ERR,ERR,ERR,ERR,ERR,ERR,ERR,ERR,ERR,ERR,ERR,ERR,ERR,ERR,ERR,ERR,ERR,ERR,ERR,0.0,-0.0,-0.0,0.0,0.0,1.3936040501711995e+18,7.805,0.0,0,0,4,0,8422,0.0,45,0.0,0.0,0.0,0.0,0.0,0,0,0,0,0.0,0,0,0,0,0,0,0,0,0,0,0,0,0,0,0,0,0,0,0,0,0,0,0,0,0,0,0,0,0,0,0,0,0,38,14,7,45,65476,0,300,0,0,8,21553,0.0,-107605600.0,0.0,0.0,0.0,0.0,0.0,0.0,0.0,0.0,0.0,0.0,0.0,0.0,0.0,0.0,0.0,0.0,0.0,0.0,0.0,0.0,-2.004,-0.0,-0.0,-2.004,0.0,0.0,0.0,0.0,4975.0,-0.0,0.0,0.0,-0.0,0.0,-0.0,0.0,0.0,0.0,0.0,53,2.3088403658719416e+20,0.059,0.0,0.0,0.0,0.0,0.0,0.0,0.0,0,0,0,0.0,0.0,0.0,0.0,0.0,0.0,0.0,0.0,0.0,0.0,0.0,0.0,0.0,0.0,0.0,0.0,0,-107875648.0,53,0.0,106,-107614832.0,-107350944.0,ERR,ERR,ERR,ERR,ERR,ERR,ERR,ERR,ERR,ERR,ERR,ERR,ERR,ERR,ERR,ERR,ERR,ERR,ERR,ERR,ERR,ERR,ERR,ERR,ERR,ERR,ERR,ERR,ERR,ERR,ERR,ERR,ERR,ERR,ERR,ERR,ERR,ERR,ERR,ERR,ERR,ERR,ERR,ERR,ERR,ERR,ERR,ERR,ERR,ERR,ERR,ERR,ERR,ERR,ERR,ERR,ERR,ERR,ERR,ERR,ERR,ERR,ERR,ERR,ERR,ERR,ERR,50.0,60.0,100,0.0,0.0,0.0,0.0,0.0,0.0,0.0,0.0,0.0,0.0,0.0,0.0,0.0,0.0,0.0,0.0,61.6,65,20,65521,50,65476,0,300,0,0,8,20529,65476,0,0,26214,60.0,0.0,0.0,0.0,0.0,0.0
2026-05-17T16:10:42,ERR,ERR,ERR,ERR,ERR,ERR,ERR,ERR,ERR,ERR,ERR,ERR,ERR,ERR,ERR,ERR,ERR,ERR,ERR,ERR,ERR,ERR,ERR,ERR,ERR,ERR,ERR,ERR,ERR,ERR,ERR,ERR,ERR,ERR,ERR,ERR,ERR,ERR,ERR,ERR,ERR,ERR,ERR,ERR,ERR,ERR,ERR,ERR,ERR,ERR,ERR,ERR,ERR,ERR,ERR,ERR,ERR,ERR,ERR,ERR,ERR,ERR,ERR,ERR,ERR,ERR,ERR,ERR,ERR,ERR,ERR,ERR,ERR,ERR,ERR,ERR,ERR,ERR,ERR,ERR,ERR,ERR,ERR,ERR,ERR,ERR,ERR,ERR,ERR,ERR,ERR,ERR,ERR,ERR,ERR,ERR,ERR,ERR,ERR,ERR,ERR,ERR,ERR,ERR,ERR,ERR,ERR,ERR,ERR,ERR,ERR,ERR,ERR,ERR,ERR,ERR,ERR,ERR,ERR,ERR,ERR,ERR,ERR,ERR,ERR,0.0,-0.0,-0.0,0.0,0.0,1.3936040501711995e+18,7.805,0.0,0,0,4,0,8422,0.0,45,0.0,0.0,0.0,0.0,0.0,0,0,0,0,0.0,0,0,0,0,0,0,0,0,0,0,0,0,0,0,0,0,0,0,0,0,0,0,0,0,0,0,0,0,0,0,0,0,0,38,14,7,45,65476,0,300,0,0,8,21553,0.0,-107605600.0,0.0,0.0,0.0,0.0,0.0,0.0,0.0,0.0,0.0,0.0,0.0,0.0,0.0,0.0,0.0,0.0,0.0,0.0,0.0,0.0,-2.004,-0.0,-0.0,-2.004,0.0,0.0,0.0,0.0,4976.0,-2.004,0.0,0.0,-0.0,0.0,2.718429120148166e+23,0.0,0.0,0.0,0.0,53,2.7184300208680915e+23,1.905685750968484e+17,0.0,0.0,0.0,0.0,0.0,0.0,0.0,0,0,0,0.0,0.0,0.0,0.0,0.0,0.0,0.0,0.0,0.0,0.0,0.0,0.0,0.0,0.0,0.0,0.0,0,-107875648.0,53,0.0,106,-107614832.0,-107350944.0,ERR,ERR,ERR,ERR,ERR,ERR,ERR,ERR,ERR,ERR,ERR,ERR,ERR,ERR,ERR,ERR,ERR,ERR,ERR,ERR,ERR,ERR,ERR,ERR,ERR,ERR,ERR,ERR,ERR,ERR,ERR,ERR,ERR,ERR,ERR,ERR,ERR,ERR,ERR,ERR,ERR,ERR,ERR,ERR,ERR,ERR,ERR,ERR,ERR,ERR,ERR,ERR,ERR,ERR,ERR,ERR,ERR,ERR,ERR,ERR,ERR,ERR,ERR,ERR,ERR,ERR,ERR,50.0,60.0,100,0.0,0.0,0.0,0.0,0.0,0.0,0.0,0.0,0.0,0.0,0.0,0.0,0.0,0.0,0.0,0.0,61.6,65,20,65521,50,65476,0,300,0,0,8,20529,65476,0,0,26214,60.0,0.0,0.0,0.0,0.0,0.0
2026-05-17T16:10:43,ERR,ERR,ERR,ERR,ERR,ERR,ERR,ERR,ERR,ERR,ERR,ERR,ERR,ERR,ERR,ERR,ERR,ERR,ERR,ERR,ERR,ERR,ERR,ERR,ERR,ERR,ERR,ERR,ERR,ERR,ERR,ERR,ERR,ERR,ERR,ERR,ERR,ERR,ERR,ERR,ERR,ERR,ERR,ERR,ERR,ERR,ERR,ERR,ERR,ERR,ERR,ERR,ERR,ERR,ERR,ERR,ERR,ERR,ERR,ERR,ERR,ERR,ERR,ERR,ERR,ERR,ERR,ERR,ERR,ERR,ERR,ERR,ERR,ERR,ERR,ERR,ERR,ERR,ERR,ERR,ERR,ERR,ERR,ERR,ERR,ERR,ERR,ERR,ERR,ERR,ERR,ERR,ERR,ERR,ERR,ERR,ERR,ERR,ERR,ERR,ERR,ERR,ERR,ERR,ERR,ERR,ERR,ERR,ERR,ERR,ERR,ERR,ERR,ERR,ERR,ERR,ERR,ERR,ERR,ERR,ERR,ERR,ERR,ERR,ERR,0.0,-0.0,-0.0,0.0,0.0,1.3936040501711995e+18,7.805,0.0,0,0,4,0,8422,0.0,45,0.0,0.0,0.0,0.0,0.0,0,0,0,0,0.0,0,0,0,0,0,0,0,0,0,0,0,0,0,0,0,0,0,0,0,0,0,0,0,0,0,0,0,0,0,0,0,0,0,38,14,7,45,65476,0,300,0,0,8,21553,0.0,-107605600.0,0.0,0.0,0.0,0.0,0.0,0.0,0.0,0.0,0.0,0.0,0.0,0.0,0.0,0.0,0.0,0.0,0.0,0.0,0.0,0.0,-2.004,-0.0,-0.0,-2.004,0.0,0.0,0.0,0.0,4976.0,-2.004,0.0,0.0,-0.0,0.0,2.718429120148166e+23,0.0,0.0,0.0,0.0,53,2.7184300208680915e+23,1.905685750968484e+17,0.0,0.0,0.0,0.0,0.0,0.0,0.0,0,0,0,0.0,0.0,0.0,0.0,0.0,0.0,0.0,0.0,0.0,0.0,0.0,0.0,0.0,0.0,0.0,0.0,0,-107875648.0,53,0.0,106,-107614832.0,-107350944.0,ERR,ERR,ERR,ERR,ERR,ERR,ERR,ERR,ERR,ERR,ERR,ERR,ERR,ERR,ERR,ERR,ERR,ERR,ERR,ERR,ERR,ERR,ERR,ERR,ERR,ERR,ERR,ERR,ERR,ERR,ERR,ERR,ERR,ERR,ERR,ERR,ERR,ERR,ERR,ERR,ERR,ERR,ERR,ERR,ERR,ERR,ERR,ERR,ERR,ERR,ERR,ERR,ERR,ERR,ERR,ERR,ERR,ERR,ERR,ERR,ERR,ERR,ERR,ERR,ERR,ERR,ERR,50.0,60.0,100,0.0,0.0,0.0,0.0,0.0,0.0,0.0,0.0,0.0,0.0,0.0,0.0,0.0,0.0,0.0,0.0,61.6,65,20,65521,50,65476,0,300,0,0,8,20529,65476,0,0,26214,60.0,0.0,0.0,0.0,0.0,0.0
2026-05-17T16:10:44,ERR,ERR,ERR,ERR,ERR,ERR,ERR,ERR,ERR,ERR,ERR,ERR,ERR,ERR,ERR,ERR,ERR,ERR,ERR,ERR,ERR,ERR,ERR,ERR,ERR,ERR,ERR,ERR,ERR,ERR,ERR,ERR,ERR,ERR,ERR,ERR,ERR,ERR,ERR,ERR,ERR,ERR,ERR,ERR,ERR,ERR,ERR,ERR,ERR,ERR,ERR,ERR,ERR,ERR,ERR,ERR,ERR,ERR,ERR,ERR,ERR,ERR,ERR,ERR,ERR,ERR,ERR,ERR,ERR,ERR,ERR,ERR,ERR,ERR,ERR,ERR,ERR,ERR,ERR,ERR,ERR,ERR,ERR,ERR,ERR,ERR,ERR,ERR,ERR,ERR,ERR,ERR,ERR,ERR,ERR,ERR,ERR,ERR,ERR,ERR,ERR,ERR,ERR,ERR,ERR,ERR,ERR,ERR,ERR,ERR,ERR,ERR,ERR,ERR,ERR,ERR,ERR,ERR,ERR,ERR,ERR,ERR,ERR,ERR,ERR,0.0,-0.0,-0.0,0.0,0.0,1.3936040501711995e+18,7.805,0.0,0,0,4,0,8422,0.0,45,0.0,0.0,0.0,0.0,0.0,0,0,0,0,0.0,0,0,0,0,0,0,0,0,0,0,0,0,0,0,0,0,0,0,0,0,0,0,0,0,0,0,0,0,0,0,0,0,0,38,14,7,45,65476,0,300,0,0,8,21553,0.0,-107605600.0,0.0,0.0,0.0,0.0,0.0,0.0,0.0,0.0,0.0,0.0,0.0,0.0,0.0,0.0,0.0,0.0,0.0,0.0,0.0,0.0,-2.004,-0.0,-0.0,-2.004,0.0,0.0,0.0,0.0,4976.0,-2.004,0.0,0.0,-0.0,0.0,2.718429120148166e+23,0.0,0.0,0.0,0.0,53,2.7184300208680915e+23,1.905685750968484e+17,0.0,0.0,0.0,0.0,0.0,0.0,0.0,0,0,0,0.0,0.0,0.0,0.0,0.0,0.0,0.0,0.0,0.0,0.0,0.0,0.0,0.0,0.0,0.0,0.0,0,-107875648.0,53,0.0,106,-107614832.0,-107350944.0,ERR,ERR,ERR,ERR,ERR,ERR,ERR,ERR,ERR,ERR,ERR,ERR,ERR,ERR,ERR,ERR,ERR,ERR,ERR,ERR,ERR,ERR,ERR,ERR,ERR,ERR,ERR,ERR,ERR,ERR,ERR,ERR,ERR,ERR,ERR,ERR,ERR,ERR,ERR,ERR,ERR,ERR,ERR,ERR,ERR,ERR,ERR,ERR,ERR,ERR,ERR,ERR,ERR,ERR,ERR,ERR,ERR,ERR,ERR,ERR,ERR,ERR,ERR,ERR,ERR,ERR,ERR,50.0,60.0,100,0.0,0.0,0.0,0.0,0.0,0.0,0.0,0.0,0.0,0.0,0.0,0.0,0.0,0.0,0.0,0.0,61.6,65,20,65521,50,65476,0,300,0,0,8,20529,65476,0,0,26214,60.0,0.0,0.0,0.0,0.0,0.0
2026-05-17T16:10:45,ERR,ERR,ERR,ERR,ERR,ERR,ERR,ERR,ERR,ERR,ERR,ERR,ERR,ERR,ERR,ERR,ERR,ERR,ERR,ERR,ERR,ERR,ERR,ERR,ERR,ERR,ERR,ERR,ERR,ERR,ERR,ERR,ERR,ERR,ERR,ERR,ERR,ERR,ERR,ERR,ERR,ERR,ERR,ERR,ERR,ERR,ERR,ERR,ERR,ERR,ERR,ERR,ERR,ERR,ERR,ERR,ERR,ERR,ERR,ERR,ERR,ERR,ERR,ERR,ERR,ERR,ERR,ERR,ERR,ERR,ERR,ERR,ERR,ERR,ERR,ERR,ERR,ERR,ERR,ERR,ERR,ERR,ERR,ERR,ERR,ERR,ERR,ERR,ERR,ERR,ERR,ERR,ERR,ERR,ERR,ERR,ERR,ERR,ERR,ERR,ERR,ERR,ERR,ERR,ERR,ERR,ERR,ERR,ERR,ERR,ERR,ERR,ERR,ERR,ERR,ERR,ERR,ERR,ERR,ERR,ERR,ERR,ERR,ERR,ERR,0.0,-0.0,-0.0,0.0,0.0,1.3936040501711995e+18,7.805,0.0,0,0,4,0,8422,0.0,45,0.0,0.0,0.0,0.0,0.0,0,0,0,0,0.0,0,0,0,0,0,0,0,0,0,0,0,0,0,0,0,0,0,0,0,0,0,0,0,0,0,0,0,0,0,0,0,0,0,38,14,7,45,65476,0,300,0,0,8,21553,0.0,-107605600.0,0.0,0.0,0.0,0.0,0.0,0.0,0.0,0.0,0.0,0.0,0.0,0.0,0.0,0.0,0.0,0.0,0.0,0.0,0.0,0.0,-2.004,-0.0,-0.0,-2.004,0.0,0.0,0.0,0.0,4976.0,-2.004,0.0,0.0,-0.0,0.0,2.718429120148166e+23,0.0,0.0,0.0,0.0,53,2.7184300208680915e+23,1.905685750968484e+17,0.0,0.0,0.0,0.0,0.0,0.0,0.0,0,0,0,0.0,0.0,0.0,0.0,0.0,0.0,0.0,0.0,0.0,0.0,0.0,0.0,0.0,0.0,0.0,0.0,0,-107875648.0,53,0.0,106,-107614832.0,-107350944.0,ERR,ERR,ERR,ERR,ERR,ERR,ERR,ERR,ERR,ERR,ERR,ERR,ERR,ERR,ERR,ERR,ERR,ERR,ERR,ERR,ERR,ERR,ERR,ERR,ERR,ERR,ERR,ERR,ERR,ERR,ERR,ERR,ERR,ERR,ERR,ERR,ERR,ERR,ERR,ERR,ERR,ERR,ERR,ERR,ERR,ERR,ERR,ERR,ERR,ERR,ERR,ERR,ERR,ERR,ERR,ERR,ERR,ERR,ERR,ERR,ERR,ERR,ERR,ERR,ERR,ERR,ERR,50.0,60.0,100,0.0,0.0,0.0,0.0,0.0,0.0,0.0,0.0,0.0,0.0,0.0,0.0,0.0,0.0,0.0,0.0,61.6,65,20,65521,50,65476,0,300,0,0,8,20529,65476,0,0,26214,60.0,0.0,0.0,0.0,0.0,0.0
2026-05-17T16:10:46,ERR,ERR,ERR,ERR,ERR,ERR,ERR,ERR,ERR,ERR,ERR,ERR,ERR,ERR,ERR,ERR,ERR,ERR,ERR,ERR,ERR,ERR,ERR,ERR,ERR,ERR,ERR,ERR,ERR,ERR,ERR,ERR,ERR,ERR,ERR,ERR,ERR,ERR,ERR,ERR,ERR,ERR,ERR,ERR,ERR,ERR,ERR,ERR,ERR,ERR,ERR,ERR,ERR,ERR,ERR,ERR,ERR,ERR,ERR,ERR,ERR,ERR,ERR,ERR,ERR,ERR,ERR,ERR,ERR,ERR,ERR,ERR,ERR,ERR,ERR,ERR,ERR,ERR,ERR,ERR,ERR,ERR,ERR,ERR,ERR,ERR,ERR,ERR,ERR,ERR,ERR,ERR,ERR,ERR,ERR,ERR,ERR,ERR,ERR,ERR,ERR,ERR,ERR,ERR,ERR,ERR,ERR,ERR,ERR,ERR,ERR,ERR,ERR,ERR,ERR,ERR,ERR,ERR,ERR,ERR,ERR,ERR,ERR,ERR,ERR,0.0,-0.0,-0.0,0.0,0.0,1.3936040501711995e+18,7.805,0.0,0,0,4,0,8422,0.0,45,0.0,0.0,0.0,0.0,0.0,0,0,0,0,0.0,0,0,0,0,0,0,0,0,0,0,0,0,0,0,0,0,0,0,0,0,0,0,0,0,0,0,0,0,0,0,0,0,0,38,14,7,45,65476,0,300,0,0,8,21553,0.0,-107605600.0,0.0,0.0,0.0,0.0,0.0,0.0,0.0,0.0,0.0,0.0,0.0,0.0,0.0,0.0,0.0,0.0,0.0,0.0,0.0,0.0,-2.004,-0.0,-0.0,-2.004,0.0,0.0,0.0,0.0,4976.0,-2.004,0.0,0.0,-0.0,0.0,2.718429120148166e+23,0.0,0.0,0.0,0.0,53,2.7184300208680915e+23,1.905685750968484e+17,0.0,0.0,0.0,0.0,0.0,0.0,0.0,0,0,0,0.0,0.0,0.0,0.0,0.0,0.0,0.0,0.0,0.0,0.0,0.0,0.0,0.0,0.0,0.0,0.0,0,-107875648.0,53,0.0,106,-107614832.0,-107350944.0,ERR,ERR,ERR,ERR,ERR,ERR,ERR,ERR,ERR,ERR,ERR,ERR,ERR,ERR,ERR,ERR,ERR,ERR,ERR,ERR,ERR,ERR,ERR,ERR,ERR,ERR,ERR,ERR,ERR,ERR,ERR,ERR,ERR,ERR,ERR,ERR,ERR,ERR,ERR,ERR,ERR,ERR,ERR,ERR,ERR,ERR,ERR,ERR,ERR,ERR,ERR,ERR,ERR,ERR,ERR,ERR,ERR,ERR,ERR,ERR,ERR,ERR,ERR,ERR,ERR,ERR,ERR,50.0,60.0,100,0.0,0.0,0.0,0.0,0.0,0.0,0.0,0.0,0.0,0.0,0.0,0.0,0.0,0.0,0.0,0.0,61.6,65,20,65521,50,65476,0,300,0,0,8,20529,65476,0,0,26214,60.0,0.0,0.0,0.0,0.0,0.0
2026-05-17T16:10:47,ERR,ERR,ERR,ERR,ERR,ERR,ERR,ERR,ERR,ERR,ERR,ERR,ERR,ERR,ERR,ERR,ERR,ERR,ERR,ERR,ERR,ERR,ERR,ERR,ERR,ERR,ERR,ERR,ERR,ERR,ERR,ERR,ERR,ERR,ERR,ERR,ERR,ERR,ERR,ERR,ERR,ERR,ERR,ERR,ERR,ERR,ERR,ERR,ERR,ERR,ERR,ERR,ERR,ERR,ERR,ERR,ERR,ERR,ERR,ERR,ERR,ERR,ERR,ERR,ERR,ERR,ERR,ERR,ERR,ERR,ERR,ERR,ERR,ERR,ERR,ERR,ERR,ERR,ERR,ERR,ERR,ERR,ERR,ERR,ERR,ERR,ERR,ERR,ERR,ERR,ERR,ERR,ERR,ERR,ERR,ERR,ERR,ERR,ERR,ERR,ERR,ERR,ERR,ERR,ERR,ERR,ERR,ERR,ERR,ERR,ERR,ERR,ERR,ERR,ERR,ERR,ERR,ERR,ERR,ERR,ERR,ERR,ERR,ERR,ERR,0.0,-0.0,-0.0,0.0,0.0,1.3936040501711995e+18,7.805,0.0,0,0,4,0,8422,0.0,45,0.0,0.0,0.0,0.0,0.0,0,0,0,0,0.0,0,0,0,0,0,0,0,0,0,0,0,0,0,0,0,0,0,0,0,0,0,0,0,0,0,0,0,0,0,0,0,0,0,38,14,7,45,65476,0,300,0,0,8,21553,0.0,-107605600.0,0.0,0.0,0.0,0.0,0.0,0.0,0.0,0.0,0.0,0.0,0.0,0.0,0.0,0.0,0.0,0.0,0.0,0.0,0.0,0.0,-2.004,-0.0,2.004,0.0,0.0,0.0,0.0,0.0,4981.0,-0.0,0.0,0.0,-0.0,0.0,2.718429120148166e+23,0.0,0.0,0.0,0.0,53,-0.0,0.0,0.0,0.0,0.0,0.0,0.0,0.0,0.0,0,0,0,0.0,0.0,0.0,0.0,0.0,0.0,0.0,0.0,0.0,0.0,0.0,0.0,0.0,0.0,0.0,0.0,0,-107875648.0,53,0.0,106,-107614832.0,-107350944.0,ERR,ERR,ERR,ERR,ERR,ERR,ERR,ERR,ERR,ERR,ERR,ERR,ERR,ERR,ERR,ERR,ERR,ERR,ERR,ERR,ERR,ERR,ERR,ERR,ERR,ERR,ERR,ERR,ERR,ERR,ERR,ERR,ERR,ERR,ERR,ERR,ERR,ERR,ERR,ERR,ERR,ERR,ERR,ERR,ERR,ERR,ERR,ERR,ERR,ERR,ERR,ERR,ERR,ERR,ERR,ERR,ERR,ERR,ERR,ERR,ERR,ERR,ERR,ERR,ERR,ERR,ERR,50.0,60.0,100,0.0,0.0,0.0,0.0,0.0,0.0,0.0,0.0,0.0,0.0,0.0,0.0,0.0,0.0,0.0,0.0,61.6,65,20,65521,50,65476,0,300,0,0,8,20529,65476,0,0,26214,60.0,0.0,0.0,0.0,0.0,0.0
2026-05-17T16:10:48,ERR,ERR,ERR,ERR,ERR,ERR,ERR,ERR,ERR,ERR,ERR,ERR,ERR,ERR,ERR,ERR,ERR,ERR,ERR,ERR,ERR,ERR,ERR,ERR,ERR,ERR,ERR,ERR,ERR,ERR,ERR,ERR,ERR,ERR,ERR,ERR,ERR,ERR,ERR,ERR,ERR,ERR,ERR,ERR,ERR,ERR,ERR,ERR,ERR,ERR,ERR,ERR,ERR,ERR,ERR,ERR,ERR,ERR,ERR,ERR,ERR,ERR,ERR,ERR,ERR,ERR,ERR,ERR,ERR,ERR,ERR,ERR,ERR,ERR,ERR,ERR,ERR,ERR,ERR,ERR,ERR,ERR,ERR,ERR,ERR,ERR,ERR,ERR,ERR,ERR,ERR,ERR,ERR,ERR,ERR,ERR,ERR,ERR,ERR,ERR,ERR,ERR,ERR,ERR,ERR,ERR,ERR,ERR,ERR,ERR,ERR,ERR,ERR,ERR,ERR,ERR,ERR,ERR,ERR,ERR,ERR,ERR,ERR,ERR,ERR,0.0,-0.0,-0.0,0.0,0.0,1.3936040501711995e+18,7.805,0.0,0,0,4,0,8422,0.0,45,0.0,0.0,0.0,0.0,0.0,0,0,0,0,0.0,0,0,0,0,0,0,0,0,0,0,0,0,0,0,0,0,0,0,0,0,0,0,0,0,0,0,0,0,0,0,0,0,0,38,14,7,45,65476,0,300,0,0,8,21553,0.0,-107605600.0,0.0,0.0,0.0,0.0,0.0,0.0,0.0,0.0,0.0,0.0,0.0,0.0,0.0,0.0,0.0,0.0,0.0,0.0,0.0,0.0,-2.004,-0.0,2.004,0.0,0.0,0.0,0.0,0.0,4981.0,-0.0,0.0,0.0,-0.0,0.0,2.718429120148166e+23,0.0,0.0,0.0,0.0,53,-0.0,0.0,0.0,0.0,0.0,0.0,0.0,0.0,0.0,0,0,0,0.0,0.0,0.0,0.0,0.0,0.0,0.0,0.0,0.0,0.0,0.0,0.0,0.0,0.0,0.0,0.0,0,-107875648.0,53,0.0,106,-107614832.0,-107350944.0,ERR,ERR,ERR,ERR,ERR,ERR,ERR,ERR,ERR,ERR,ERR,ERR,ERR,ERR,ERR,ERR,ERR,ERR,ERR,ERR,ERR,ERR,ERR,ERR,ERR,ERR,ERR,ERR,ERR,ERR,ERR,ERR,ERR,ERR,ERR,ERR,ERR,ERR,ERR,ERR,ERR,ERR,ERR,ERR,ERR,ERR,ERR,ERR,ERR,ERR,ERR,ERR,ERR,ERR,ERR,ERR,ERR,ERR,ERR,ERR,ERR,ERR,ERR,ERR,ERR,ERR,ERR,50.0,60.0,100,0.0,0.0,0.0,0.0,0.0,0.0,0.0,0.0,0.0,0.0,0.0,0.0,0.0,0.0,0.0,0.0,61.6,65,20,65521,50,65476,0,300,0,0,8,20529,65476,0,0,26214,60.0,0.0,0.0,0.0,0.0,0.0
2026-05-17T16:10:49,ERR,ERR,ERR,ERR,ERR,ERR,ERR,ERR,ERR,ERR,ERR,ERR,ERR,ERR,ERR,ERR,ERR,ERR,ERR,ERR,ERR,ERR,ERR,ERR,ERR,ERR,ERR,ERR,ERR,ERR,ERR,ERR,ERR,ERR,ERR,ERR,ERR,ERR,ERR,ERR,ERR,ERR,ERR,ERR,ERR,ERR,ERR,ERR,ERR,ERR,ERR,ERR,ERR,ERR,ERR,ERR,ERR,ERR,ERR,ERR,ERR,ERR,ERR,ERR,ERR,ERR,ERR,ERR,ERR,ERR,ERR,ERR,ERR,ERR,ERR,ERR,ERR,ERR,ERR,ERR,ERR,ERR,ERR,ERR,ERR,ERR,ERR,ERR,ERR,ERR,ERR,ERR,ERR,ERR,ERR,ERR,ERR,ERR,ERR,ERR,ERR,ERR,ERR,ERR,ERR,ERR,ERR,ERR,ERR,ERR,ERR,ERR,ERR,ERR,ERR,ERR,ERR,ERR,ERR,ERR,ERR,ERR,ERR,ERR,ERR,0.0,-0.0,-0.0,0.0,0.0,1.3936040501711995e+18,7.805,0.0,0,0,4,0,8422,0.0,45,0.0,0.0,0.0,0.0,0.0,0,0,0,0,0.0,0,0,0,0,0,0,0,0,0,0,0,0,0,0,0,0,0,0,0,0,0,0,0,0,0,0,0,0,0,0,0,0,0,38,14,7,45,65476,0,300,0,0,8,21553,0.0,-107605600.0,0.0,0.0,0.0,0.0,0.0,0.0,0.0,0.0,0.0,0.0,0.0,0.0,0.0,0.0,0.0,0.0,0.0,0.0,0.0,0.0,-2.004,-0.0,2.004,0.0,0.0,0.0,0.0,0.0,4981.0,-0.0,0.0,0.0,-0.0,0.0,2.718429120148166e+23,0.0,0.0,0.0,0.0,53,-0.0,0.0,0.0,0.0,0.0,0.0,0.0,0.0,0.0,0,0,0,0.0,0.0,0.0,0.0,0.0,0.0,0.0,0.0,0.0,0.0,0.0,0.0,0.0,0.0,0.0,0.0,0,-107875648.0,53,0.0,106,-107614832.0,-107350944.0,ERR,ERR,ERR,ERR,ERR,ERR,ERR,ERR,ERR,ERR,ERR,ERR,ERR,ERR,ERR,ERR,ERR,ERR,ERR,ERR,ERR,ERR,ERR,ERR,ERR,ERR,ERR,ERR,ERR,ERR,ERR,ERR,ERR,ERR,ERR,ERR,ERR,ERR,ERR,ERR,ERR,ERR,ERR,ERR,ERR,ERR,ERR,ERR,ERR,ERR,ERR,ERR,ERR,ERR,ERR,ERR,ERR,ERR,ERR,ERR,ERR,ERR,ERR,ERR,ERR,ERR,ERR,50.0,60.0,100,0.0,0.0,0.0,0.0,0.0,0.0,0.0,0.0,0.0,0.0,0.0,0.0,0.0,0.0,0.0,0.0,61.6,65,20,65521,50,65476,0,300,0,0,8,20529,65476,0,0,26214,60.0,0.0,0.0,0.0,0.0,0.0
2026-05-17T16:10:50,ERR,ERR,ERR,ERR,ERR,ERR,ERR,ERR,ERR,ERR,ERR,ERR,ERR,ERR,ERR,ERR,ERR,ERR,ERR,ERR,ERR,ERR,ERR,ERR,ERR,ERR,ERR,ERR,ERR,ERR,ERR,ERR,ERR,ERR,ERR,ERR,ERR,ERR,ERR,ERR,ERR,ERR,ERR,ERR,ERR,ERR,ERR,ERR,ERR,ERR,ERR,ERR,ERR,ERR,ERR,ERR,ERR,ERR,ERR,ERR,ERR,ERR,ERR,ERR,ERR,ERR,ERR,ERR,ERR,ERR,ERR,ERR,ERR,ERR,ERR,ERR,ERR,ERR,ERR,ERR,ERR,ERR,ERR,ERR,ERR,ERR,ERR,ERR,ERR,ERR,ERR,ERR,ERR,ERR,ERR,ERR,ERR,ERR,ERR,ERR,ERR,ERR,ERR,ERR,ERR,ERR,ERR,ERR,ERR,ERR,ERR,ERR,ERR,ERR,ERR,ERR,ERR,ERR,ERR,ERR,ERR,ERR,ERR,ERR,ERR,0.0,-0.0,-0.0,0.0,0.0,1.3936040501711995e+18,7.805,0.0,0,0,4,0,8422,0.0,45,0.0,0.0,0.0,0.0,0.0,0,0,0,0,0.0,0,0,0,0,0,0,0,0,0,0,0,0,0,0,0,0,0,0,0,0,0,0,0,0,0,0,0,0,0,0,0,0,0,38,14,7,45,65476,0,300,0,0,8,21553,0.0,-107605600.0,0.0,0.0,0.0,0.0,0.0,0.0,0.0,0.0,0.0,0.0,0.0,0.0,0.0,0.0,0.0,0.0,0.0,0.0,0.0,0.0,-2.004,-0.0,2.004,0.0,0.0,0.0,0.0,0.0,4981.0,-0.0,0.0,0.0,-0.0,0.0,2.718429120148166e+23,0.0,0.0,0.0,0.0,53,-0.0,0.0,0.0,0.0,0.0,0.0,0.0,0.0,0.0,0,0,0,0.0,0.0,0.0,0.0,0.0,0.0,0.0,0.0,0.0,0.0,0.0,0.0,0.0,0.0,0.0,0.0,0,-107875648.0,53,0.0,106,-107614832.0,-107350944.0,ERR,ERR,ERR,ERR,ERR,ERR,ERR,ERR,ERR,ERR,ERR,ERR,ERR,ERR,ERR,ERR,ERR,ERR,ERR,ERR,ERR,ERR,ERR,ERR,ERR,ERR,ERR,ERR,ERR,ERR,ERR,ERR,ERR,ERR,ERR,ERR,ERR,ERR,ERR,ERR,ERR,ERR,ERR,ERR,ERR,ERR,ERR,ERR,ERR,ERR,ERR,ERR,ERR,ERR,ERR,ERR,ERR,ERR,ERR,ERR,ERR,ERR,ERR,ERR,ERR,ERR,ERR,50.0,60.0,100,0.0,0.0,0.0,0.0,0.0,0.0,0.0,0.0,0.0,0.0,0.0,0.0,0.0,0.0,0.0,0.0,61.6,65,20,65521,50,65476,0,300,0,0,8,20529,65476,0,0,26214,60.0,0.0,0.0,0.0,0.0,0.0
2026-05-17T16:10:51,ERR,ERR,ERR,ERR,ERR,ERR,ERR,ERR,ERR,ERR,ERR,ERR,ERR,ERR,ERR,ERR,ERR,ERR,ERR,ERR,ERR,ERR,ERR,ERR,ERR,ERR,ERR,ERR,ERR,ERR,ERR,ERR,ERR,ERR,ERR,ERR,ERR,ERR,ERR,ERR,ERR,ERR,ERR,ERR,ERR,ERR,ERR,ERR,ERR,ERR,ERR,ERR,ERR,ERR,ERR,ERR,ERR,ERR,ERR,ERR,ERR,ERR,ERR,ERR,ERR,ERR,ERR,ERR,ERR,ERR,ERR,ERR,ERR,ERR,ERR,ERR,ERR,ERR,ERR,ERR,ERR,ERR,ERR,ERR,ERR,ERR,ERR,ERR,ERR,ERR,ERR,ERR,ERR,ERR,ERR,ERR,ERR,ERR,ERR,ERR,ERR,ERR,ERR,ERR,ERR,ERR,ERR,ERR,ERR,ERR,ERR,ERR,ERR,ERR,ERR,ERR,ERR,ERR,ERR,ERR,ERR,ERR,ERR,ERR,ERR,0.0,-0.0,-0.0,0.0,0.0,1.3936040501711995e+18,7.805,0.0,0,0,4,0,8422,0.0,45,0.0,0.0,0.0,0.0,0.0,0,0,0,0,0.0,0,0,0,0,0,0,0,0,0,0,0,0,0,0,0,0,0,0,0,0,0,0,0,0,0,0,0,0,0,0,0,0,0,38,14,7,45,65476,0,300,0,0,8,21553,0.0,-107605600.0,0.0,0.0,0.0,0.0,0.0,0.0,0.0,0.0,0.0,0.0,0.0,0.0,0.0,0.0,0.0,0.0,0.0,0.0,0.0,0.0,-2.004,-0.0,2.004,0.0,0.0,0.0,0.0,0.0,4981.0,-0.0,0.0,0.0,-0.0,0.0,2.718429120148166e+23,0.0,0.0,0.0,0.0,53,-0.0,0.0,0.0,0.0,0.0,0.0,0.0,0.0,0.0,0,0,0,0.0,0.0,0.0,0.0,0.0,0.0,0.0,0.0,0.0,0.0,0.0,0.0,0.0,0.0,0.0,0.0,0,-107875648.0,53,0.0,106,-107614832.0,-107350944.0,ERR,ERR,ERR,ERR,ERR,ERR,ERR,ERR,ERR,ERR,ERR,ERR,ERR,ERR,ERR,ERR,ERR,ERR,ERR,ERR,ERR,ERR,ERR,ERR,ERR,ERR,ERR,ERR,ERR,ERR,ERR,ERR,ERR,ERR,ERR,ERR,ERR,ERR,ERR,ERR,ERR,ERR,ERR,ERR,ERR,ERR,ERR,ERR,ERR,ERR,ERR,ERR,ERR,ERR,ERR,ERR,ERR,ERR,ERR,ERR,ERR,ERR,ERR,ERR,ERR,ERR,ERR,50.0,60.0,100,0.0,0.0,0.0,0.0,0.0,0.0,0.0,0.0,0.0,0.0,0.0,0.0,0.0,0.0,0.0,0.0,61.6,65,20,65521,50,65476,0,300,0,0,8,20529,65476,0,0,26214,60.0,0.0,0.0,0.0,0.0,0.0
2026-05-17T16:10:52,ERR,ERR,ERR,ERR,ERR,ERR,ERR,ERR,ERR,ERR,ERR,ERR,ERR,ERR,ERR,ERR,ERR,ERR,ERR,ERR,ERR,ERR,ERR,ERR,ERR,ERR,ERR,ERR,ERR,ERR,ERR,ERR,ERR,ERR,ERR,ERR,ERR,ERR,ERR,ERR,ERR,ERR,ERR,ERR,ERR,ERR,ERR,ERR,ERR,ERR,ERR,ERR,ERR,ERR,ERR,ERR,ERR,ERR,ERR,ERR,ERR,ERR,ERR,ERR,ERR,ERR,ERR,ERR,ERR,ERR,ERR,ERR,ERR,ERR,ERR,ERR,ERR,ERR,ERR,ERR,ERR,ERR,ERR,ERR,ERR,ERR,ERR,ERR,ERR,ERR,ERR,ERR,ERR,ERR,ERR,ERR,ERR,ERR,ERR,ERR,ERR,ERR,ERR,ERR,ERR,ERR,ERR,ERR,ERR,ERR,ERR,ERR,ERR,ERR,ERR,ERR,ERR,ERR,ERR,ERR,ERR,ERR,ERR,ERR,ERR,0.0,-0.0,-0.0,0.0,0.0,1.3936040501711995e+18,7.805,0.0,0,0,4,0,8422,0.0,45,0.0,0.0,0.0,0.0,0.0,0,0,0,0,0.0,0,0,0,0,0,0,0,0,0,0,0,0,0,0,0,0,0,0,0,0,0,0,0,0,0,0,0,0,0,0,0,0,0,38,14,7,45,65476,0,300,0,0,8,21553,0.0,-107605600.0,0.0,0.0,0.0,0.0,0.0,0.0,0.0,0.0,0.0,0.0,0.0,0.0,0.0,0.0,0.0,0.0,0.0,0.0,0.0,0.0,-2.004,-0.0,-0.0,-2.004,0.0,0.0,0.0,0.0,4978.0,-0.0,0.0,0.0,-0.0,0.0,-0.0,0.0,0.0,0.0,0.0,53,4.066880103266858e+29,0.0,0.0,0.0,0.0,0.0,0.0,0.0,0.0,0,0,0,0.0,0.0,0.0,0.0,0.0,0.0,0.0,0.0,0.0,0.0,0.0,0.0,0.0,0.0,0.0,0.0,0,-107875648.0,53,0.0,106,-107614832.0,-107350944.0,ERR,ERR,ERR,ERR,ERR,ERR,ERR,ERR,ERR,ERR,ERR,ERR,ERR,ERR,ERR,ERR,ERR,ERR,ERR,ERR,ERR,ERR,ERR,ERR,ERR,ERR,ERR,ERR,ERR,ERR,ERR,ERR,ERR,ERR,ERR,ERR,ERR,ERR,ERR,ERR,ERR,ERR,ERR,ERR,ERR,ERR,ERR,ERR,ERR,ERR,ERR,ERR,ERR,ERR,ERR,ERR,ERR,ERR,ERR,ERR,ERR,ERR,ERR,ERR,ERR,ERR,ERR,50.0,60.0,100,0.0,0.0,0.0,0.0,0.0,0.0,0.0,0.0,0.0,0.0,0.0,0.0,0.0,0.0,0.0,0.0,62.0,65,20,65521,50,65476,0,300,0,0,8,20529,65476,0,0,26214,60.0,0.0,0.0,0.0,0.0,0.0
2026-05-17T16:10:53,ERR,ERR,ERR,ERR,ERR,ERR,ERR,ERR,ERR,ERR,ERR,ERR,ERR,ERR,ERR,ERR,ERR,ERR,ERR,ERR,ERR,ERR,ERR,ERR,ERR,ERR,ERR,ERR,ERR,ERR,ERR,ERR,ERR,ERR,ERR,ERR,ERR,ERR,ERR,ERR,ERR,ERR,ERR,ERR,ERR,ERR,ERR,ERR,ERR,ERR,ERR,ERR,ERR,ERR,ERR,ERR,ERR,ERR,ERR,ERR,ERR,ERR,ERR,ERR,ERR,ERR,ERR,ERR,ERR,ERR,ERR,ERR,ERR,ERR,ERR,ERR,ERR,ERR,ERR,ERR,ERR,ERR,ERR,ERR,ERR,ERR,ERR,ERR,ERR,ERR,ERR,ERR,ERR,ERR,ERR,ERR,ERR,ERR,ERR,ERR,ERR,ERR,ERR,ERR,ERR,ERR,ERR,ERR,ERR,ERR,ERR,ERR,ERR,ERR,ERR,ERR,ERR,ERR,ERR,ERR,ERR,ERR,ERR,ERR,ERR,0.0,-0.0,-0.0,0.0,0.0,1.3936040501711995e+18,7.805,0.0,0,0,4,0,8422,0.0,45,0.0,0.0,0.0,0.0,0.0,0,0,0,0,0.0,0,0,0,0,0,0,0,0,0,0,0,0,0,0,0,0,0,0,0,0,0,0,0,0,0,0,0,0,0,0,0,0,0,38,14,7,45,65476,0,300,0,0,8,21553,0.0,-107605600.0,0.0,0.0,0.0,0.0,0.0,0.0,0.0,0.0,0.0,0.0,0.0,0.0,0.0,0.0,0.0,0.0,0.0,0.0,0.0,0.0,-2.004,-0.0,-0.0,-2.004,0.0,0.0,0.0,0.0,4978.0,-0.0,0.0,0.0,-0.0,0.0,-0.0,0.0,0.0,0.0,0.0,53,4.066880103266858e+29,0.0,0.0,0.0,0.0,0.0,0.0,0.0,0.0,0,0,0,0.0,0.0,0.0,0.0,0.0,0.0,0.0,0.0,0.0,0.0,0.0,0.0,0.0,0.0,0.0,0.0,0,-107875648.0,53,0.0,106,-107614832.0,-107350944.0,ERR,ERR,ERR,ERR,ERR,ERR,ERR,ERR,ERR,ERR,ERR,ERR,ERR,ERR,ERR,ERR,ERR,ERR,ERR,ERR,ERR,ERR,ERR,ERR,ERR,ERR,ERR,ERR,ERR,ERR,ERR,ERR,ERR,ERR,ERR,ERR,ERR,ERR,ERR,ERR,ERR,ERR,ERR,ERR,ERR,ERR,ERR,ERR,ERR,ERR,ERR,ERR,ERR,ERR,ERR,ERR,ERR,ERR,ERR,ERR,ERR,ERR,ERR,ERR,ERR,ERR,ERR,50.0,60.0,100,0.0,0.0,0.0,0.0,0.0,0.0,0.0,0.0,0.0,0.0,0.0,0.0,0.0,0.0,0.0,0.0,62.0,65,20,65521,50,65476,0,300,0,0,8,20529,65476,0,0,26214,60.0,0.0,0.0,0.0,0.0,0.0
2026-05-17T16:10:54,ERR,ERR,ERR,ERR,ERR,ERR,ERR,ERR,ERR,ERR,ERR,ERR,ERR,ERR,ERR,ERR,ERR,ERR,ERR,ERR,ERR,ERR,ERR,ERR,ERR,ERR,ERR,ERR,ERR,ERR,ERR,ERR,ERR,ERR,ERR,ERR,ERR,ERR,ERR,ERR,ERR,ERR,ERR,ERR,ERR,ERR,ERR,ERR,ERR,ERR,ERR,ERR,ERR,ERR,ERR,ERR,ERR,ERR,ERR,ERR,ERR,ERR,ERR,ERR,ERR,ERR,ERR,ERR,ERR,ERR,ERR,ERR,ERR,ERR,ERR,ERR,ERR,ERR,ERR,ERR,ERR,ERR,ERR,ERR,ERR,ERR,ERR,ERR,ERR,ERR,ERR,ERR,ERR,ERR,ERR,ERR,ERR,ERR,ERR,ERR,ERR,ERR,ERR,ERR,ERR,ERR,ERR,ERR,ERR,ERR,ERR,ERR,ERR,ERR,ERR,ERR,ERR,ERR,ERR,ERR,ERR,ERR,ERR,ERR,ERR,0.0,-0.0,-0.0,0.0,0.0,1.3936040501711995e+18,7.805,0.0,0,0,4,0,8422,0.0,45,0.0,0.0,0.0,0.0,0.0,0,0,0,0,0.0,0,0,0,0,0,0,0,0,0,0,0,0,0,0,0,0,0,0,0,0,0,0,0,0,0,0,0,0,0,0,0,0,0,38,14,7,45,65476,0,300,0,0,8,21553,0.0,-107605600.0,0.0,0.0,0.0,0.0,0.0,0.0,0.0,0.0,0.0,0.0,0.0,0.0,0.0,0.0,0.0,0.0,0.0,0.0,0.0,0.0,-2.004,-0.0,-0.0,-2.004,0.0,0.0,0.0,0.0,4978.0,-0.0,0.0,0.0,-0.0,0.0,-0.0,0.0,0.0,0.0,0.0,53,4.066880103266858e+29,0.0,0.0,0.0,0.0,0.0,0.0,0.0,0.0,0,0,0,0.0,0.0,0.0,0.0,0.0,0.0,0.0,0.0,0.0,0.0,0.0,0.0,0.0,0.0,0.0,0.0,0,-107875648.0,53,0.0,106,-107614832.0,-107350944.0,ERR,ERR,ERR,ERR,ERR,ERR,ERR,ERR,ERR,ERR,ERR,ERR,ERR,ERR,ERR,ERR,ERR,ERR,ERR,ERR,ERR,ERR,ERR,ERR,ERR,ERR,ERR,ERR,ERR,ERR,ERR,ERR,ERR,ERR,ERR,ERR,ERR,ERR,ERR,ERR,ERR,ERR,ERR,ERR,ERR,ERR,ERR,ERR,ERR,ERR,ERR,ERR,ERR,ERR,ERR,ERR,ERR,ERR,ERR,ERR,ERR,ERR,ERR,ERR,ERR,ERR,ERR,50.0,60.0,100,0.0,0.0,0.0,0.0,0.0,0.0,0.0,0.0,0.0,0.0,0.0,0.0,0.0,0.0,0.0,0.0,61.6,65,20,65521,50,65476,0,300,0,0,8,20529,65476,0,0,26214,60.0,0.0,0.0,0.0,0.0,0.0
2026-05-17T16:10:55,ERR,ERR,ERR,ERR,ERR,ERR,ERR,ERR,ERR,ERR,ERR,ERR,ERR,ERR,ERR,ERR,ERR,ERR,ERR,ERR,ERR,ERR,ERR,ERR,ERR,ERR,ERR,ERR,ERR,ERR,ERR,ERR,ERR,ERR,ERR,ERR,ERR,ERR,ERR,ERR,ERR,ERR,ERR,ERR,ERR,ERR,ERR,ERR,ERR,ERR,ERR,ERR,ERR,ERR,ERR,ERR,ERR,ERR,ERR,ERR,ERR,ERR,ERR,ERR,ERR,ERR,ERR,ERR,ERR,ERR,ERR,ERR,ERR,ERR,ERR,ERR,ERR,ERR,ERR,ERR,ERR,ERR,ERR,ERR,ERR,ERR,ERR,ERR,ERR,ERR,ERR,ERR,ERR,ERR,ERR,ERR,ERR,ERR,ERR,ERR,ERR,ERR,ERR,ERR,ERR,ERR,ERR,ERR,ERR,ERR,ERR,ERR,ERR,ERR,ERR,ERR,ERR,ERR,ERR,ERR,ERR,ERR,ERR,ERR,ERR,0.0,-0.0,-0.0,0.0,0.0,1.3936040501711995e+18,7.805,0.0,0,0,4,0,8422,0.0,45,0.0,0.0,0.0,0.0,0.0,0,0,0,0,0.0,0,0,0,0,0,0,0,0,0,0,0,0,0,0,0,0,0,0,0,0,0,0,0,0,0,0,0,0,0,0,0,0,0,38,14,7,45,65476,0,300,0,0,8,21553,0.0,-107605600.0,0.0,0.0,0.0,0.0,0.0,0.0,0.0,0.0,0.0,0.0,0.0,0.0,0.0,0.0,0.0,0.0,0.0,0.0,0.0,0.0,-2.004,-0.0,-0.0,-2.004,0.0,0.0,0.0,0.0,4978.0,-0.0,0.0,0.0,-0.0,0.0,-0.0,0.0,0.0,0.0,0.0,53,4.066880103266858e+29,0.0,0.0,0.0,0.0,0.0,0.0,0.0,0.0,0,0,0,0.0,0.0,0.0,0.0,0.0,0.0,0.0,0.0,0.0,0.0,0.0,0.0,0.0,0.0,0.0,0.0,0,-107875648.0,53,0.0,106,-107614832.0,-107350944.0,ERR,ERR,ERR,ERR,ERR,ERR,ERR,ERR,ERR,ERR,ERR,ERR,ERR,ERR,ERR,ERR,ERR,ERR,ERR,ERR,ERR,ERR,ERR,ERR,ERR,ERR,ERR,ERR,ERR,ERR,ERR,ERR,ERR,ERR,ERR,ERR,ERR,ERR,ERR,ERR,ERR,ERR,ERR,ERR,ERR,ERR,ERR,ERR,ERR,ERR,ERR,ERR,ERR,ERR,ERR,ERR,ERR,ERR,ERR,ERR,ERR,ERR,ERR,ERR,ERR,ERR,ERR,50.0,60.0,100,0.0,0.0,0.0,0.0,0.0,0.0,0.0,0.0,0.0,0.0,0.0,0.0,0.0,0.0,0.0,0.0,61.6,65,20,65521,50,65476,0,300,0,0,8,20529,65476,0,0,26214,60.0,0.0,0.0,0.0,0.0,0.0
2026-05-17T16:10:56,ERR,ERR,ERR,ERR,ERR,ERR,ERR,ERR,ERR,ERR,ERR,ERR,ERR,ERR,ERR,ERR,ERR,ERR,ERR,ERR,ERR,ERR,ERR,ERR,ERR,ERR,ERR,ERR,ERR,ERR,ERR,ERR,ERR,ERR,ERR,ERR,ERR,ERR,ERR,ERR,ERR,ERR,ERR,ERR,ERR,ERR,ERR,ERR,ERR,ERR,ERR,ERR,ERR,ERR,ERR,ERR,ERR,ERR,ERR,ERR,ERR,ERR,ERR,ERR,ERR,ERR,ERR,ERR,ERR,ERR,ERR,ERR,ERR,ERR,ERR,ERR,ERR,ERR,ERR,ERR,ERR,ERR,ERR,ERR,ERR,ERR,ERR,ERR,ERR,ERR,ERR,ERR,ERR,ERR,ERR,ERR,ERR,ERR,ERR,ERR,ERR,ERR,ERR,ERR,ERR,ERR,ERR,ERR,ERR,ERR,ERR,ERR,ERR,ERR,ERR,ERR,ERR,ERR,ERR,ERR,ERR,ERR,ERR,ERR,ERR,0.0,-0.0,-0.0,0.0,0.0,1.3936040501711995e+18,7.805,0.0,0,0,4,0,8422,0.0,45,0.0,0.0,0.0,0.0,0.0,0,0,0,0,0.0,0,0,0,0,0,0,0,0,0,0,0,0,0,0,0,0,0,0,0,0,0,0,0,0,0,0,0,0,0,0,0,0,0,38,14,7,45,65476,0,300,0,0,8,21553,0.0,-107605600.0,0.0,0.0,0.0,0.0,0.0,0.0,0.0,0.0,0.0,0.0,0.0,0.0,0.0,0.0,0.0,0.0,0.0,0.0,0.0,0.0,-2.004,-0.0,-0.0,-2.004,0.0,0.0,0.0,0.0,4978.0,-0.0,0.0,0.0,-0.0,0.0,-0.0,0.0,0.0,0.0,0.0,53,4.066880103266858e+29,0.0,0.0,0.0,0.0,0.0,0.0,0.0,0.0,0,0,0,0.0,0.0,0.0,0.0,0.0,0.0,0.0,0.0,0.0,0.0,0.0,0.0,0.0,0.0,0.0,0.0,0,-107875648.0,53,0.0,106,-107614832.0,-107350944.0,ERR,ERR,ERR,ERR,ERR,ERR,ERR,ERR,ERR,ERR,ERR,ERR,ERR,ERR,ERR,ERR,ERR,ERR,ERR,ERR,ERR,ERR,ERR,ERR,ERR,ERR,ERR,ERR,ERR,ERR,ERR,ERR,ERR,ERR,ERR,ERR,ERR,ERR,ERR,ERR,ERR,ERR,ERR,ERR,ERR,ERR,ERR,ERR,ERR,ERR,ERR,ERR,ERR,ERR,ERR,ERR,ERR,ERR,ERR,ERR,ERR,ERR,ERR,ERR,ERR,ERR,ERR,50.0,60.0,100,0.0,0.0,0.0,0.0,0.0,0.0,0.0,0.0,0.0,0.0,0.0,0.0,0.0,0.0,0.0,0.0,61.6,65,20,65521,50,65476,0,300,0,0,8,20529,65476,0,0,26214,60.0,0.0,0.0,0.0,0.0,0.0
2026-05-17T16:10:57,ERR,ERR,ERR,ERR,ERR,ERR,ERR,ERR,ERR,ERR,ERR,ERR,ERR,ERR,ERR,ERR,ERR,ERR,ERR,ERR,ERR,ERR,ERR,ERR,ERR,ERR,ERR,ERR,ERR,ERR,ERR,ERR,ERR,ERR,ERR,ERR,ERR,ERR,ERR,ERR,ERR,ERR,ERR,ERR,ERR,ERR,ERR,ERR,ERR,ERR,ERR,ERR,ERR,ERR,ERR,ERR,ERR,ERR,ERR,ERR,ERR,ERR,ERR,ERR,ERR,ERR,ERR,ERR,ERR,ERR,ERR,ERR,ERR,ERR,ERR,ERR,ERR,ERR,ERR,ERR,ERR,ERR,ERR,ERR,ERR,ERR,ERR,ERR,ERR,ERR,ERR,ERR,ERR,ERR,ERR,ERR,ERR,ERR,ERR,ERR,ERR,ERR,ERR,ERR,ERR,ERR,ERR,ERR,ERR,ERR,ERR,ERR,ERR,ERR,ERR,ERR,ERR,ERR,ERR,ERR,ERR,ERR,ERR,ERR,ERR,0.0,-0.0,-0.0,0.0,0.0,1.3936040501711995e+18,7.805,0.0,0,0,4,0,8422,0.0,45,0.0,0.0,0.0,0.0,0.0,0,0,0,0,0.0,0,0,0,0,0,0,0,0,0,0,0,0,0,0,0,0,0,0,0,0,0,0,0,0,0,0,0,0,0,0,0,0,0,38,14,7,45,65476,0,300,0,0,8,21553,0.0,-107605600.0,0.0,0.0,0.0,0.0,0.0,0.0,0.0,0.0,0.0,0.0,0.0,0.0,0.0,0.0,0.0,0.0,0.0,0.0,0.0,0.0,-2.004,-2.004,-0.0,-2.004,0.0,0.0,0.0,0.0,4974.0,-0.0,0.0,0.0,-0.0,0.0,2.718429120148166e+23,0.0,0.0,0.0,0.0,53,126841110528.0,1.905685750968484e+17,0.0,0.0,0.0,0.0,0.0,0.0,0.0,0,0,0,0.0,0.0,0.0,0.0,0.0,0.0,0.0,0.0,0.0,0.0,0.0,0.0,0.0,0.0,0.0,0.0,0,-107875648.0,53,0.0,106,-107614832.0,-107350944.0,ERR,ERR,ERR,ERR,ERR,ERR,ERR,ERR,ERR,ERR,ERR,ERR,ERR,ERR,ERR,ERR,ERR,ERR,ERR,ERR,ERR,ERR,ERR,ERR,ERR,ERR,ERR,ERR,ERR,ERR,ERR,ERR,ERR,ERR,ERR,ERR,ERR,ERR,ERR,ERR,ERR,ERR,ERR,ERR,ERR,ERR,ERR,ERR,ERR,ERR,ERR,ERR,ERR,ERR,ERR,ERR,ERR,ERR,ERR,ERR,ERR,ERR,ERR,ERR,ERR,ERR,ERR,50.0,60.0,100,0.0,0.0,0.0,0.0,0.0,0.0,0.0,0.0,0.0,0.0,0.0,0.0,0.0,0.0,0.0,0.0,61.6,65,20,65521,50,65476,0,300,0,0,8,20529,65476,0,0,26214,60.0,0.0,0.0,0.0,0.0,0.0
2026-05-17T16:10:58,ERR,ERR,ERR,ERR,ERR,ERR,ERR,ERR,ERR,ERR,ERR,ERR,ERR,ERR,ERR,ERR,ERR,ERR,ERR,ERR,ERR,ERR,ERR,ERR,ERR,ERR,ERR,ERR,ERR,ERR,ERR,ERR,ERR,ERR,ERR,ERR,ERR,ERR,ERR,ERR,ERR,ERR,ERR,ERR,ERR,ERR,ERR,ERR,ERR,ERR,ERR,ERR,ERR,ERR,ERR,ERR,ERR,ERR,ERR,ERR,ERR,ERR,ERR,ERR,ERR,ERR,ERR,ERR,ERR,ERR,ERR,ERR,ERR,ERR,ERR,ERR,ERR,ERR,ERR,ERR,ERR,ERR,ERR,ERR,ERR,ERR,ERR,ERR,ERR,ERR,ERR,ERR,ERR,ERR,ERR,ERR,ERR,ERR,ERR,ERR,ERR,ERR,ERR,ERR,ERR,ERR,ERR,ERR,ERR,ERR,ERR,ERR,ERR,ERR,ERR,ERR,ERR,ERR,ERR,ERR,ERR,ERR,ERR,ERR,ERR,0.0,-0.0,-0.0,0.0,0.0,1.3936040501711995e+18,7.805,0.0,0,0,4,0,8422,0.0,45,0.0,0.0,0.0,0.0,0.0,0,0,0,0,0.0,0,0,0,0,0,0,0,0,0,0,0,0,0,0,0,0,0,0,0,0,0,0,0,0,0,0,0,0,0,0,0,0,0,38,14,7,45,65476,0,300,0,0,8,21553,0.0,-107605600.0,0.0,0.0,0.0,0.0,0.0,0.0,0.0,0.0,0.0,0.0,0.0,0.0,0.0,0.0,0.0,0.0,0.0,0.0,0.0,0.0,-2.004,-2.004,-0.0,-2.004,0.0,0.0,0.0,0.0,4974.0,-0.0,0.0,0.0,-0.0,0.0,2.718429120148166e+23,0.0,0.0,0.0,0.0,53,126841110528.0,1.905685750968484e+17,0.0,0.0,0.0,0.0,0.0,0.0,0.0,0,0,0,0.0,0.0,0.0,0.0,0.0,0.0,0.0,0.0,0.0,0.0,0.0,0.0,0.0,0.0,0.0,0.0,0,-107875648.0,53,0.0,106,-107614832.0,-107350944.0,ERR,ERR,ERR,ERR,ERR,ERR,ERR,ERR,ERR,ERR,ERR,ERR,ERR,ERR,ERR,ERR,ERR,ERR,ERR,ERR,ERR,ERR,ERR,ERR,ERR,ERR,ERR,ERR,ERR,ERR,ERR,ERR,ERR,ERR,ERR,ERR,ERR,ERR,ERR,ERR,ERR,ERR,ERR,ERR,ERR,ERR,ERR,ERR,ERR,ERR,ERR,ERR,ERR,ERR,ERR,ERR,ERR,ERR,ERR,ERR,ERR,ERR,ERR,ERR,ERR,ERR,ERR,50.0,60.0,100,0.0,0.0,0.0,0.0,0.0,0.0,0.0,0.0,0.0,0.0,0.0,0.0,0.0,0.0,0.0,0.0,61.6,65,20,65521,50,65476,0,300,0,0,8,20529,65476,0,0,26214,60.0,0.0,0.0,0.0,0.0,0.0
2026-05-17T16:10:59,ERR,ERR,ERR,ERR,ERR,ERR,ERR,ERR,ERR,ERR,ERR,ERR,ERR,ERR,ERR,ERR,ERR,ERR,ERR,ERR,ERR,ERR,ERR,ERR,ERR,ERR,ERR,ERR,ERR,ERR,ERR,ERR,ERR,ERR,ERR,ERR,ERR,ERR,ERR,ERR,ERR,ERR,ERR,ERR,ERR,ERR,ERR,ERR,ERR,ERR,ERR,ERR,ERR,ERR,ERR,ERR,ERR,ERR,ERR,ERR,ERR,ERR,ERR,ERR,ERR,ERR,ERR,ERR,ERR,ERR,ERR,ERR,ERR,ERR,ERR,ERR,ERR,ERR,ERR,ERR,ERR,ERR,ERR,ERR,ERR,ERR,ERR,ERR,ERR,ERR,ERR,ERR,ERR,ERR,ERR,ERR,ERR,ERR,ERR,ERR,ERR,ERR,ERR,ERR,ERR,ERR,ERR,ERR,ERR,ERR,ERR,ERR,ERR,ERR,ERR,ERR,ERR,ERR,ERR,ERR,ERR,ERR,ERR,ERR,ERR,0.0,-0.0,-0.0,0.0,0.0,1.3936040501711995e+18,7.805,0.0,0,0,4,0,8422,0.0,45,0.0,0.0,0.0,0.0,0.0,0,0,0,0,0.0,0,0,0,0,0,0,0,0,0,0,0,0,0,0,0,0,0,0,0,0,0,0,0,0,0,0,0,0,0,0,0,0,0,38,14,7,45,65476,0,300,0,0,8,21553,0.0,-107605600.0,0.0,0.0,0.0,0.0,0.0,0.0,0.0,0.0,0.0,0.0,0.0,0.0,0.0,0.0,0.0,0.0,0.0,0.0,0.0,0.0,-2.004,-2.004,-0.0,-2.004,0.0,0.0,0.0,0.0,4974.0,-0.0,0.0,0.0,-0.0,0.0,2.718429120148166e+23,0.0,0.0,0.0,0.0,53,126841110528.0,1.905685750968484e+17,0.0,0.0,0.0,0.0,0.0,0.0,0.0,0,0,0,0.0,0.0,0.0,0.0,0.0,0.0,0.0,0.0,0.0,0.0,0.0,0.0,0.0,0.0,0.0,0.0,0,-107875648.0,53,0.0,106,-107614832.0,-107350944.0,ERR,ERR,ERR,ERR,ERR,ERR,ERR,ERR,ERR,ERR,ERR,ERR,ERR,ERR,ERR,ERR,ERR,ERR,ERR,ERR,ERR,ERR,ERR,ERR,ERR,ERR,ERR,ERR,ERR,ERR,ERR,ERR,ERR,ERR,ERR,ERR,ERR,ERR,ERR,ERR,ERR,ERR,ERR,ERR,ERR,ERR,ERR,ERR,ERR,ERR,ERR,ERR,ERR,ERR,ERR,ERR,ERR,ERR,ERR,ERR,ERR,ERR,ERR,ERR,ERR,ERR,ERR,50.0,60.0,100,0.0,0.0,0.0,0.0,0.0,0.0,0.0,0.0,0.0,0.0,0.0,0.0,0.0,0.0,0.0,0.0,62.0,65,20,65521,50,65476,0,300,0,0,8,20529,65476,0,0,26214,60.0,0.0,0.0,0.0,0.0,0.0
2026-05-17T16:11:00,ERR,ERR,ERR,ERR,ERR,ERR,ERR,ERR,ERR,ERR,ERR,ERR,ERR,ERR,ERR,ERR,ERR,ERR,ERR,ERR,ERR,ERR,ERR,ERR,ERR,ERR,ERR,ERR,ERR,ERR,ERR,ERR,ERR,ERR,ERR,ERR,ERR,ERR,ERR,ERR,ERR,ERR,ERR,ERR,ERR,ERR,ERR,ERR,ERR,ERR,ERR,ERR,ERR,ERR,ERR,ERR,ERR,ERR,ERR,ERR,ERR,ERR,ERR,ERR,ERR,ERR,ERR,ERR,ERR,ERR,ERR,ERR,ERR,ERR,ERR,ERR,ERR,ERR,ERR,ERR,ERR,ERR,ERR,ERR,ERR,ERR,ERR,ERR,ERR,ERR,ERR,ERR,ERR,ERR,ERR,ERR,ERR,ERR,ERR,ERR,ERR,ERR,ERR,ERR,ERR,ERR,ERR,ERR,ERR,ERR,ERR,ERR,ERR,ERR,ERR,ERR,ERR,ERR,ERR,ERR,ERR,ERR,ERR,ERR,ERR,0.0,-0.0,-0.0,0.0,0.0,1.3936040501711995e+18,7.805,0.0,0,0,4,0,8422,0.0,45,0.0,0.0,0.0,0.0,0.0,0,0,0,0,0.0,0,0,0,0,0,0,0,0,0,0,0,0,0,0,0,0,0,0,0,0,0,0,0,0,0,0,0,0,0,0,0,0,0,38,14,7,45,65476,0,300,0,0,8,21553,0.0,-107605600.0,0.0,0.0,0.0,0.0,0.0,0.0,0.0,0.0,0.0,0.0,0.0,0.0,0.0,0.0,0.0,0.0,0.0,0.0,0.0,0.0,-2.004,-2.004,-0.0,-2.004,0.0,0.0,0.0,0.0,4974.0,-0.0,0.0,0.0,-0.0,0.0,2.718429120148166e+23,0.0,0.0,0.0,0.0,53,126841110528.0,1.905685750968484e+17,0.0,0.0,0.0,0.0,0.0,0.0,0.0,0,0,0,0.0,0.0,0.0,0.0,0.0,0.0,0.0,0.0,0.0,0.0,0.0,0.0,0.0,0.0,0.0,0.0,0,-107875648.0,53,0.0,106,-107614832.0,-107350944.0,ERR,ERR,ERR,ERR,ERR,ERR,ERR,ERR,ERR,ERR,ERR,ERR,ERR,ERR,ERR,ERR,ERR,ERR,ERR,ERR,ERR,ERR,ERR,ERR,ERR,ERR,ERR,ERR,ERR,ERR,ERR,ERR,ERR,ERR,ERR,ERR,ERR,ERR,ERR,ERR,ERR,ERR,ERR,ERR,ERR,ERR,ERR,ERR,ERR,ERR,ERR,ERR,ERR,ERR,ERR,ERR,ERR,ERR,ERR,ERR,ERR,ERR,ERR,ERR,ERR,ERR,ERR,50.0,60.0,100,0.0,0.0,0.0,0.0,0.0,0.0,0.0,0.0,0.0,0.0,0.0,0.0,0.0,0.0,0.0,0.0,62.0,65,20,65521,50,65476,0,300,0,0,8,20529,65476,0,0,26214,60.0,0.0,0.0,0.0,0.0,0.0
2026-05-17T16:11:01,ERR,ERR,ERR,ERR,ERR,ERR,ERR,ERR,ERR,ERR,ERR,ERR,ERR,ERR,ERR,ERR,ERR,ERR,ERR,ERR,ERR,ERR,ERR,ERR,ERR,ERR,ERR,ERR,ERR,ERR,ERR,ERR,ERR,ERR,ERR,ERR,ERR,ERR,ERR,ERR,ERR,ERR,ERR,ERR,ERR,ERR,ERR,ERR,ERR,ERR,ERR,ERR,ERR,ERR,ERR,ERR,ERR,ERR,ERR,ERR,ERR,ERR,ERR,ERR,ERR,ERR,ERR,ERR,ERR,ERR,ERR,ERR,ERR,ERR,ERR,ERR,ERR,ERR,ERR,ERR,ERR,ERR,ERR,ERR,ERR,ERR,ERR,ERR,ERR,ERR,ERR,ERR,ERR,ERR,ERR,ERR,ERR,ERR,ERR,ERR,ERR,ERR,ERR,ERR,ERR,ERR,ERR,ERR,ERR,ERR,ERR,ERR,ERR,ERR,ERR,ERR,ERR,ERR,ERR,ERR,ERR,ERR,ERR,ERR,ERR,0.0,-0.0,-0.0,0.0,0.0,1.3936040501711995e+18,7.805,0.0,0,0,4,0,8422,0.0,45,0.0,0.0,0.0,0.0,0.0,0,0,0,0,0.0,0,0,0,0,0,0,0,0,0,0,0,0,0,0,0,0,0,0,0,0,0,0,0,0,0,0,0,0,0,0,0,0,0,38,14,7,45,65476,0,300,0,0,8,21553,0.0,-107605600.0,0.0,0.0,0.0,0.0,0.0,0.0,0.0,0.0,0.0,0.0,0.0,0.0,0.0,0.0,0.0,0.0,0.0,0.0,0.0,0.0,-2.004,-2.004,-0.0,-2.004,0.0,0.0,0.0,0.0,4974.0,-0.0,0.0,0.0,-0.0,0.0,2.718429120148166e+23,0.0,0.0,0.0,0.0,53,126841110528.0,1.905685750968484e+17,0.0,0.0,0.0,0.0,0.0,0.0,0.0,0,0,0,0.0,0.0,0.0,0.0,0.0,0.0,0.0,0.0,0.0,0.0,0.0,0.0,0.0,0.0,0.0,0.0,0,-107875648.0,53,0.0,106,-107614832.0,-107350944.0,ERR,ERR,ERR,ERR,ERR,ERR,ERR,ERR,ERR,ERR,ERR,ERR,ERR,ERR,ERR,ERR,ERR,ERR,ERR,ERR,ERR,ERR,ERR,ERR,ERR,ERR,ERR,ERR,ERR,ERR,ERR,ERR,ERR,ERR,ERR,ERR,ERR,ERR,ERR,ERR,ERR,ERR,ERR,ERR,ERR,ERR,ERR,ERR,ERR,ERR,ERR,ERR,ERR,ERR,ERR,ERR,ERR,ERR,ERR,ERR,ERR,ERR,ERR,ERR,ERR,ERR,ERR,50.0,60.0,100,0.0,0.0,0.0,0.0,0.0,0.0,0.0,0.0,0.0,0.0,0.0,0.0,0.0,0.0,0.0,0.0,61.6,65,20,65521,50,65476,0,300,0,0,8,20529,65476,0,0,26214,60.0,0.0,0.0,0.0,0.0,0.0
2026-05-17T16:11:02,ERR,ERR,ERR,ERR,ERR,ERR,ERR,ERR,ERR,ERR,ERR,ERR,ERR,ERR,ERR,ERR,ERR,ERR,ERR,ERR,ERR,ERR,ERR,ERR,ERR,ERR,ERR,ERR,ERR,ERR,ERR,ERR,ERR,ERR,ERR,ERR,ERR,ERR,ERR,ERR,ERR,ERR,ERR,ERR,ERR,ERR,ERR,ERR,ERR,ERR,ERR,ERR,ERR,ERR,ERR,ERR,ERR,ERR,ERR,ERR,ERR,ERR,ERR,ERR,ERR,ERR,ERR,ERR,ERR,ERR,ERR,ERR,ERR,ERR,ERR,ERR,ERR,ERR,ERR,ERR,ERR,ERR,ERR,ERR,ERR,ERR,ERR,ERR,ERR,ERR,ERR,ERR,ERR,ERR,ERR,ERR,ERR,ERR,ERR,ERR,ERR,ERR,ERR,ERR,ERR,ERR,ERR,ERR,ERR,ERR,ERR,ERR,ERR,ERR,ERR,ERR,ERR,ERR,ERR,ERR,ERR,ERR,ERR,ERR,ERR,0.0,-0.0,-0.0,0.0,0.0,1.3936040501711995e+18,7.805,0.0,0,0,4,0,8422,0.0,45,0.0,0.0,0.0,0.0,0.0,0,0,0,0,0.0,0,0,0,0,0,0,0,0,0,0,0,0,0,0,0,0,0,0,0,0,0,0,0,0,0,0,0,0,0,0,0,0,0,38,14,7,45,65476,0,300,0,0,8,21553,0.0,-107605600.0,0.0,0.0,0.0,0.0,0.0,0.0,0.0,0.0,0.0,0.0,0.0,0.0,0.0,0.0,0.0,0.0,0.0,0.0,0.0,0.0,-2.004,-0.0,-0.0,-2.004,0.0,0.0,0.0,0.0,4970.0,-0.0,0.0,0.0,-0.0,0.0,2.718429120148166e+23,0.0,0.0,0.0,0.0,53,126841110528.0,0.0,0.0,0.0,0.0,0.0,0.0,0.0,0.0,0,0,0,0.0,0.0,0.0,0.0,0.0,0.0,0.0,0.0,0.0,0.0,0.0,0.0,0.0,0.0,0.0,0.0,0,-107875648.0,53,0.0,106,-107614832.0,-107350944.0,ERR,ERR,ERR,ERR,ERR,ERR,ERR,ERR,ERR,ERR,ERR,ERR,ERR,ERR,ERR,ERR,ERR,ERR,ERR,ERR,ERR,ERR,ERR,ERR,ERR,ERR,ERR,ERR,ERR,ERR,ERR,ERR,ERR,ERR,ERR,ERR,ERR,ERR,ERR,ERR,ERR,ERR,ERR,ERR,ERR,ERR,ERR,ERR,ERR,ERR,ERR,ERR,ERR,ERR,ERR,ERR,ERR,ERR,ERR,ERR,ERR,ERR,ERR,ERR,ERR,ERR,ERR,50.0,60.0,100,0.0,0.0,0.0,0.0,0.0,0.0,0.0,0.0,0.0,0.0,0.0,0.0,0.0,0.0,0.0,0.0,61.6,65,20,65521,50,65476,0,300,0,0,8,20529,65476,0,0,26214,60.0,0.0,0.0,0.0,0.0,0.0
2026-05-17T16:11:03,ERR,ERR,ERR,ERR,ERR,ERR,ERR,ERR,ERR,ERR,ERR,ERR,ERR,ERR,ERR,ERR,ERR,ERR,ERR,ERR,ERR,ERR,ERR,ERR,ERR,ERR,ERR,ERR,ERR,ERR,ERR,ERR,ERR,ERR,ERR,ERR,ERR,ERR,ERR,ERR,ERR,ERR,ERR,ERR,ERR,ERR,ERR,ERR,ERR,ERR,ERR,ERR,ERR,ERR,ERR,ERR,ERR,ERR,ERR,ERR,ERR,ERR,ERR,ERR,ERR,ERR,ERR,ERR,ERR,ERR,ERR,ERR,ERR,ERR,ERR,ERR,ERR,ERR,ERR,ERR,ERR,ERR,ERR,ERR,ERR,ERR,ERR,ERR,ERR,ERR,ERR,ERR,ERR,ERR,ERR,ERR,ERR,ERR,ERR,ERR,ERR,ERR,ERR,ERR,ERR,ERR,ERR,ERR,ERR,ERR,ERR,ERR,ERR,ERR,ERR,ERR,ERR,ERR,ERR,ERR,ERR,ERR,ERR,ERR,ERR,0.0,-0.0,-0.0,0.0,0.0,1.3936040501711995e+18,7.805,0.0,0,0,4,0,8422,0.0,45,0.0,0.0,0.0,0.0,0.0,0,0,0,0,0.0,0,0,0,0,0,0,0,0,0,0,0,0,0,0,0,0,0,0,0,0,0,0,0,0,0,0,0,0,0,0,0,0,0,38,14,7,45,65476,0,300,0,0,8,21553,0.0,-107605600.0,0.0,0.0,0.0,0.0,0.0,0.0,0.0,0.0,0.0,0.0,0.0,0.0,0.0,0.0,0.0,0.0,0.0,0.0,0.0,0.0,-2.004,-0.0,-0.0,-2.004,0.0,0.0,0.0,0.0,4970.0,-0.0,0.0,0.0,-0.0,0.0,2.718429120148166e+23,0.0,0.0,0.0,0.0,53,126841110528.0,0.0,0.0,0.0,0.0,0.0,0.0,0.0,0.0,0,0,0,0.0,0.0,0.0,0.0,0.0,0.0,0.0,0.0,0.0,0.0,0.0,0.0,0.0,0.0,0.0,0.0,0,-107875648.0,53,0.0,106,-107614832.0,-107350944.0,ERR,ERR,ERR,ERR,ERR,ERR,ERR,ERR,ERR,ERR,ERR,ERR,ERR,ERR,ERR,ERR,ERR,ERR,ERR,ERR,ERR,ERR,ERR,ERR,ERR,ERR,ERR,ERR,ERR,ERR,ERR,ERR,ERR,ERR,ERR,ERR,ERR,ERR,ERR,ERR,ERR,ERR,ERR,ERR,ERR,ERR,ERR,ERR,ERR,ERR,ERR,ERR,ERR,ERR,ERR,ERR,ERR,ERR,ERR,ERR,ERR,ERR,ERR,ERR,ERR,ERR,ERR,50.0,60.0,100,0.0,0.0,0.0,0.0,0.0,0.0,0.0,0.0,0.0,0.0,0.0,0.0,0.0,0.0,0.0,0.0,61.6,65,20,65521,50,65476,0,300,0,0,8,20529,65476,0,0,26214,60.0,0.0,0.0,0.0,0.0,0.0
2026-05-17T16:11:04,ERR,ERR,ERR,ERR,ERR,ERR,ERR,ERR,ERR,ERR,ERR,ERR,ERR,ERR,ERR,ERR,ERR,ERR,ERR,ERR,ERR,ERR,ERR,ERR,ERR,ERR,ERR,ERR,ERR,ERR,ERR,ERR,ERR,ERR,ERR,ERR,ERR,ERR,ERR,ERR,ERR,ERR,ERR,ERR,ERR,ERR,ERR,ERR,ERR,ERR,ERR,ERR,ERR,ERR,ERR,ERR,ERR,ERR,ERR,ERR,ERR,ERR,ERR,ERR,ERR,ERR,ERR,ERR,ERR,ERR,ERR,ERR,ERR,ERR,ERR,ERR,ERR,ERR,ERR,ERR,ERR,ERR,ERR,ERR,ERR,ERR,ERR,ERR,ERR,ERR,ERR,ERR,ERR,ERR,ERR,ERR,ERR,ERR,ERR,ERR,ERR,ERR,ERR,ERR,ERR,ERR,ERR,ERR,ERR,ERR,ERR,ERR,ERR,ERR,ERR,ERR,ERR,ERR,ERR,ERR,ERR,ERR,ERR,ERR,ERR,0.0,-0.0,-0.0,0.0,0.0,1.3936040501711995e+18,7.805,0.0,0,0,4,0,8422,0.0,45,0.0,0.0,0.0,0.0,0.0,0,0,0,0,0.0,0,0,0,0,0,0,0,0,0,0,0,0,0,0,0,0,0,0,0,0,0,0,0,0,0,0,0,0,0,0,0,0,0,38,14,7,45,65476,0,300,0,0,8,21553,0.0,-107605600.0,0.0,0.0,0.0,0.0,0.0,0.0,0.0,0.0,0.0,0.0,0.0,0.0,0.0,0.0,0.0,0.0,0.0,0.0,0.0,0.0,-2.004,-0.0,-0.0,-2.004,0.0,0.0,0.0,0.0,4970.0,-0.0,0.0,0.0,-0.0,0.0,2.718429120148166e+23,0.0,0.0,0.0,0.0,53,126841110528.0,0.0,0.0,0.0,0.0,0.0,0.0,0.0,0.0,0,0,0,0.0,0.0,0.0,0.0,0.0,0.0,0.0,0.0,0.0,0.0,0.0,0.0,0.0,0.0,0.0,0.0,0,-107875648.0,53,0.0,106,-107614832.0,-107350944.0,ERR,ERR,ERR,ERR,ERR,ERR,ERR,ERR,ERR,ERR,ERR,ERR,ERR,ERR,ERR,ERR,ERR,ERR,ERR,ERR,ERR,ERR,ERR,ERR,ERR,ERR,ERR,ERR,ERR,ERR,ERR,ERR,ERR,ERR,ERR,ERR,ERR,ERR,ERR,ERR,ERR,ERR,ERR,ERR,ERR,ERR,ERR,ERR,ERR,ERR,ERR,ERR,ERR,ERR,ERR,ERR,ERR,ERR,ERR,ERR,ERR,ERR,ERR,ERR,ERR,ERR,ERR,50.0,60.0,100,0.0,0.0,0.0,0.0,0.0,0.0,0.0,0.0,0.0,0.0,0.0,0.0,0.0,0.0,0.0,0.0,61.6,65,20,65521,50,65476,0,300,0,0,8,20529,65476,0,0,26214,60.0,0.0,0.0,0.0,0.0,0.0
2026-05-17T16:11:05,ERR,ERR,ERR,ERR,ERR,ERR,ERR,ERR,ERR,ERR,ERR,ERR,ERR,ERR,ERR,ERR,ERR,ERR,ERR,ERR,ERR,ERR,ERR,ERR,ERR,ERR,ERR,ERR,ERR,ERR,ERR,ERR,ERR,ERR,ERR,ERR,ERR,ERR,ERR,ERR,ERR,ERR,ERR,ERR,ERR,ERR,ERR,ERR,ERR,ERR,ERR,ERR,ERR,ERR,ERR,ERR,ERR,ERR,ERR,ERR,ERR,ERR,ERR,ERR,ERR,ERR,ERR,ERR,ERR,ERR,ERR,ERR,ERR,ERR,ERR,ERR,ERR,ERR,ERR,ERR,ERR,ERR,ERR,ERR,ERR,ERR,ERR,ERR,ERR,ERR,ERR,ERR,ERR,ERR,ERR,ERR,ERR,ERR,ERR,ERR,ERR,ERR,ERR,ERR,ERR,ERR,ERR,ERR,ERR,ERR,ERR,ERR,ERR,ERR,ERR,ERR,ERR,ERR,ERR,ERR,ERR,ERR,ERR,ERR,ERR,0.0,-0.0,-0.0,0.0,0.0,1.3936040501711995e+18,7.805,0.0,0,0,4,0,8422,0.0,45,0.0,0.0,0.0,0.0,0.0,0,0,0,0,0.0,0,0,0,0,0,0,0,0,0,0,0,0,0,0,0,0,0,0,0,0,0,0,0,0,0,0,0,0,0,0,0,0,0,38,14,7,45,65476,0,300,0,0,8,21553,0.0,-107605600.0,0.0,0.0,0.0,0.0,0.0,0.0,0.0,0.0,0.0,0.0,0.0,0.0,0.0,0.0,0.0,0.0,0.0,0.0,0.0,0.0,-2.004,-0.0,-0.0,-2.004,0.0,0.0,0.0,0.0,4970.0,-0.0,0.0,0.0,-0.0,0.0,2.718429120148166e+23,0.0,0.0,0.0,0.0,53,126841110528.0,0.0,0.0,0.0,0.0,0.0,0.0,0.0,0.0,0,0,0,0.0,0.0,0.0,0.0,0.0,0.0,0.0,0.0,0.0,0.0,0.0,0.0,0.0,0.0,0.0,0.0,0,-107875648.0,53,0.0,106,-107614832.0,-107350944.0,ERR,ERR,ERR,ERR,ERR,ERR,ERR,ERR,ERR,ERR,ERR,ERR,ERR,ERR,ERR,ERR,ERR,ERR,ERR,ERR,ERR,ERR,ERR,ERR,ERR,ERR,ERR,ERR,ERR,ERR,ERR,ERR,ERR,ERR,ERR,ERR,ERR,ERR,ERR,ERR,ERR,ERR,ERR,ERR,ERR,ERR,ERR,ERR,ERR,ERR,ERR,ERR,ERR,ERR,ERR,ERR,ERR,ERR,ERR,ERR,ERR,ERR,ERR,ERR,ERR,ERR,ERR,50.0,60.0,100,0.0,0.0,0.0,0.0,0.0,0.0,0.0,0.0,0.0,0.0,0.0,0.0,0.0,0.0,0.0,0.0,61.6,65,20,65521,50,65476,0,300,0,0,8,20529,65476,0,0,26214,60.0,0.0,0.0,0.0,0.0,0.0
2026-05-17T16:11:06,ERR,ERR,ERR,ERR,ERR,ERR,ERR,ERR,ERR,ERR,ERR,ERR,ERR,ERR,ERR,ERR,ERR,ERR,ERR,ERR,ERR,ERR,ERR,ERR,ERR,ERR,ERR,ERR,ERR,ERR,ERR,ERR,ERR,ERR,ERR,ERR,ERR,ERR,ERR,ERR,ERR,ERR,ERR,ERR,ERR,ERR,ERR,ERR,ERR,ERR,ERR,ERR,ERR,ERR,ERR,ERR,ERR,ERR,ERR,ERR,ERR,ERR,ERR,ERR,ERR,ERR,ERR,ERR,ERR,ERR,ERR,ERR,ERR,ERR,ERR,ERR,ERR,ERR,ERR,ERR,ERR,ERR,ERR,ERR,ERR,ERR,ERR,ERR,ERR,ERR,ERR,ERR,ERR,ERR,ERR,ERR,ERR,ERR,ERR,ERR,ERR,ERR,ERR,ERR,ERR,ERR,ERR,ERR,ERR,ERR,ERR,ERR,ERR,ERR,ERR,ERR,ERR,ERR,ERR,ERR,ERR,ERR,ERR,ERR,ERR,0.0,-0.0,-0.0,0.0,0.0,1.3936040501711995e+18,7.805,0.0,0,0,4,0,8422,0.0,45,0.0,0.0,0.0,0.0,0.0,0,0,0,0,0.0,0,0,0,0,0,0,0,0,0,0,0,0,0,0,0,0,0,0,0,0,0,0,0,0,0,0,0,0,0,0,0,0,0,38,14,7,45,65476,0,300,0,0,8,21553,0.0,-107605600.0,0.0,0.0,0.0,0.0,0.0,0.0,0.0,0.0,0.0,0.0,0.0,0.0,0.0,0.0,0.0,0.0,0.0,0.0,0.0,0.0,-2.004,-0.0,-0.0,-2.004,0.0,0.0,0.0,0.0,4970.0,-0.0,0.0,0.0,-0.0,0.0,2.718429120148166e+23,0.0,0.0,0.0,0.0,53,126841110528.0,0.0,0.0,0.0,0.0,0.0,0.0,0.0,0.0,0,0,0,0.0,0.0,0.0,0.0,0.0,0.0,0.0,0.0,0.0,0.0,0.0,0.0,0.0,0.0,0.0,0.0,0,-107875648.0,53,0.0,106,-107614832.0,-107350944.0,ERR,ERR,ERR,ERR,ERR,ERR,ERR,ERR,ERR,ERR,ERR,ERR,ERR,ERR,ERR,ERR,ERR,ERR,ERR,ERR,ERR,ERR,ERR,ERR,ERR,ERR,ERR,ERR,ERR,ERR,ERR,ERR,ERR,ERR,ERR,ERR,ERR,ERR,ERR,ERR,ERR,ERR,ERR,ERR,ERR,ERR,ERR,ERR,ERR,ERR,ERR,ERR,ERR,ERR,ERR,ERR,ERR,ERR,ERR,ERR,ERR,ERR,ERR,ERR,ERR,ERR,ERR,50.0,60.0,100,0.0,0.0,0.0,0.0,0.0,0.0,0.0,0.0,0.0,0.0,0.0,0.0,0.0,0.0,0.0,0.0,62.0,65,20,65521,50,65476,0,300,0,0,8,20529,65476,0,0,26214,60.0,0.0,0.0,0.0,0.0,0.0
2026-05-17T16:11:07,ERR,ERR,ERR,ERR,ERR,ERR,ERR,ERR,ERR,ERR,ERR,ERR,ERR,ERR,ERR,ERR,ERR,ERR,ERR,ERR,ERR,ERR,ERR,ERR,ERR,ERR,ERR,ERR,ERR,ERR,ERR,ERR,ERR,ERR,ERR,ERR,ERR,ERR,ERR,ERR,ERR,ERR,ERR,ERR,ERR,ERR,ERR,ERR,ERR,ERR,ERR,ERR,ERR,ERR,ERR,ERR,ERR,ERR,ERR,ERR,ERR,ERR,ERR,ERR,ERR,ERR,ERR,ERR,ERR,ERR,ERR,ERR,ERR,ERR,ERR,ERR,ERR,ERR,ERR,ERR,ERR,ERR,ERR,ERR,ERR,ERR,ERR,ERR,ERR,ERR,ERR,ERR,ERR,ERR,ERR,ERR,ERR,ERR,ERR,ERR,ERR,ERR,ERR,ERR,ERR,ERR,ERR,ERR,ERR,ERR,ERR,ERR,ERR,ERR,ERR,ERR,ERR,ERR,ERR,ERR,ERR,ERR,ERR,ERR,ERR,0.0,-0.0,-0.0,0.0,0.0,1.3936040501711995e+18,7.805,0.0,0,0,4,0,8422,0.0,45,0.0,0.0,0.0,0.0,0.0,0,0,0,0,0.0,0,0,0,0,0,0,0,0,0,0,0,0,0,0,0,0,0,0,0,0,0,0,0,0,0,0,0,0,0,0,0,0,0,38,14,7,45,65476,0,300,0,0,8,21553,0.0,-107605600.0,0.0,0.0,0.0,0.0,0.0,0.0,0.0,0.0,0.0,0.0,0.0,0.0,0.0,0.0,0.0,0.0,0.0,0.0,0.0,0.0,-2.004,-0.0,-0.0,0.0,0.0,0.0,0.0,0.0,4971.0,1.587929164219617e+29,0.0,0.0,-0.0,0.0,-0.0,0.0,0.0,0.0,0.0,53,107615344.0,-3.222002029374005e+26,0.0,0.0,0.0,0.0,0.0,0.0,0.0,0,0,0,0.0,0.0,0.0,0.0,0.0,0.0,0.0,0.0,0.0,0.0,0.0,0.0,0.0,0.0,0.0,0.0,0,-107875648.0,53,0.0,106,-107614832.0,-107350944.0,ERR,ERR,ERR,ERR,ERR,ERR,ERR,ERR,ERR,ERR,ERR,ERR,ERR,ERR,ERR,ERR,ERR,ERR,ERR,ERR,ERR,ERR,ERR,ERR,ERR,ERR,ERR,ERR,ERR,ERR,ERR,ERR,ERR,ERR,ERR,ERR,ERR,ERR,ERR,ERR,ERR,ERR,ERR,ERR,ERR,ERR,ERR,ERR,ERR,ERR,ERR,ERR,ERR,ERR,ERR,ERR,ERR,ERR,ERR,ERR,ERR,ERR,ERR,ERR,ERR,ERR,ERR,50.0,60.0,100,0.0,0.0,0.0,0.0,0.0,0.0,0.0,0.0,0.0,0.0,0.0,0.0,0.0,0.0,0.0,0.0,62.0,65,20,65521,50,65476,0,300,0,0,8,20529,65476,0,0,26214,60.0,0.0,0.0,0.0,0.0,0.0
2026-05-17T16:11:08,ERR,ERR,ERR,ERR,ERR,ERR,ERR,ERR,ERR,ERR,ERR,ERR,ERR,ERR,ERR,ERR,ERR,ERR,ERR,ERR,ERR,ERR,ERR,ERR,ERR,ERR,ERR,ERR,ERR,ERR,ERR,ERR,ERR,ERR,ERR,ERR,ERR,ERR,ERR,ERR,ERR,ERR,ERR,ERR,ERR,ERR,ERR,ERR,ERR,ERR,ERR,ERR,ERR,ERR,ERR,ERR,ERR,ERR,ERR,ERR,ERR,ERR,ERR,ERR,ERR,ERR,ERR,ERR,ERR,ERR,ERR,ERR,ERR,ERR,ERR,ERR,ERR,ERR,ERR,ERR,ERR,ERR,ERR,ERR,ERR,ERR,ERR,ERR,ERR,ERR,ERR,ERR,ERR,ERR,ERR,ERR,ERR,ERR,ERR,ERR,ERR,ERR,ERR,ERR,ERR,ERR,ERR,ERR,ERR,ERR,ERR,ERR,ERR,ERR,ERR,ERR,ERR,ERR,ERR,ERR,ERR,ERR,ERR,ERR,ERR,0.0,-0.0,-0.0,0.0,0.0,1.3936040501711995e+18,7.805,0.0,0,0,4,0,8422,0.0,45,0.0,0.0,0.0,0.0,0.0,0,0,0,0,0.0,0,0,0,0,0,0,0,0,0,0,0,0,0,0,0,0,0,0,0,0,0,0,0,0,0,0,0,0,0,0,0,0,0,38,14,7,45,65476,0,300,0,0,8,21553,0.0,-107605600.0,0.0,0.0,0.0,0.0,0.0,0.0,0.0,0.0,0.0,0.0,0.0,0.0,0.0,0.0,0.0,0.0,0.0,0.0,0.0,0.0,-2.004,-0.0,-0.0,0.0,0.0,0.0,0.0,0.0,4971.0,1.587929164219617e+29,0.0,0.0,-0.0,0.0,-0.0,0.0,0.0,0.0,0.0,53,107615344.0,-3.222002029374005e+26,0.0,0.0,0.0,0.0,0.0,0.0,0.0,0,0,0,0.0,0.0,0.0,0.0,0.0,0.0,0.0,0.0,0.0,0.0,0.0,0.0,0.0,0.0,0.0,0.0,0,-107875648.0,53,0.0,106,-107614832.0,-107350944.0,ERR,ERR,ERR,ERR,ERR,ERR,ERR,ERR,ERR,ERR,ERR,ERR,ERR,ERR,ERR,ERR,ERR,ERR,ERR,ERR,ERR,ERR,ERR,ERR,ERR,ERR,ERR,ERR,ERR,ERR,ERR,ERR,ERR,ERR,ERR,ERR,ERR,ERR,ERR,ERR,ERR,ERR,ERR,ERR,ERR,ERR,ERR,ERR,ERR,ERR,ERR,ERR,ERR,ERR,ERR,ERR,ERR,ERR,ERR,ERR,ERR,ERR,ERR,ERR,ERR,ERR,ERR,50.0,60.0,100,0.0,0.0,0.0,0.0,0.0,0.0,0.0,0.0,0.0,0.0,0.0,0.0,0.0,0.0,0.0,0.0,61.6,65,19,65521,50,65476,0,300,0,0,8,20529,65476,0,0,26214,60.0,0.0,0.0,0.0,0.0,0.0
2026-05-17T16:11:09,ERR,ERR,ERR,ERR,ERR,ERR,ERR,ERR,ERR,ERR,ERR,ERR,ERR,ERR,ERR,ERR,ERR,ERR,ERR,ERR,ERR,ERR,ERR,ERR,ERR,ERR,ERR,ERR,ERR,ERR,ERR,ERR,ERR,ERR,ERR,ERR,ERR,ERR,ERR,ERR,ERR,ERR,ERR,ERR,ERR,ERR,ERR,ERR,ERR,ERR,ERR,ERR,ERR,ERR,ERR,ERR,ERR,ERR,ERR,ERR,ERR,ERR,ERR,ERR,ERR,ERR,ERR,ERR,ERR,ERR,ERR,ERR,ERR,ERR,ERR,ERR,ERR,ERR,ERR,ERR,ERR,ERR,ERR,ERR,ERR,ERR,ERR,ERR,ERR,ERR,ERR,ERR,ERR,ERR,ERR,ERR,ERR,ERR,ERR,ERR,ERR,ERR,ERR,ERR,ERR,ERR,ERR,ERR,ERR,ERR,ERR,ERR,ERR,ERR,ERR,ERR,ERR,ERR,ERR,ERR,ERR,ERR,ERR,ERR,ERR,0.0,-0.0,-0.0,0.0,0.0,1.3936040501711995e+18,7.805,0.0,0,0,4,0,8422,0.0,45,0.0,0.0,0.0,0.0,0.0,0,0,0,0,0.0,0,0,0,0,0,0,0,0,0,0,0,0,0,0,0,0,0,0,0,0,0,0,0,0,0,0,0,0,0,0,0,0,0,38,14,7,45,65476,0,300,0,0,8,21553,0.0,-107605600.0,0.0,0.0,0.0,0.0,0.0,0.0,0.0,0.0,0.0,0.0,0.0,0.0,0.0,0.0,0.0,0.0,0.0,0.0,0.0,0.0,-2.004,-0.0,-0.0,0.0,0.0,0.0,0.0,0.0,4971.0,1.587929164219617e+29,0.0,0.0,-0.0,0.0,-0.0,0.0,0.0,0.0,0.0,53,107615344.0,-3.222002029374005e+26,0.0,0.0,0.0,0.0,0.0,0.0,0.0,0,0,0,0.0,0.0,0.0,0.0,0.0,0.0,0.0,0.0,0.0,0.0,0.0,0.0,0.0,0.0,0.0,0.0,0,-107875648.0,53,0.0,106,-107614832.0,-107350944.0,ERR,ERR,ERR,ERR,ERR,ERR,ERR,ERR,ERR,ERR,ERR,ERR,ERR,ERR,ERR,ERR,ERR,ERR,ERR,ERR,ERR,ERR,ERR,ERR,ERR,ERR,ERR,ERR,ERR,ERR,ERR,ERR,ERR,ERR,ERR,ERR,ERR,ERR,ERR,ERR,ERR,ERR,ERR,ERR,ERR,ERR,ERR,ERR,ERR,ERR,ERR,ERR,ERR,ERR,ERR,ERR,ERR,ERR,ERR,ERR,ERR,ERR,ERR,ERR,ERR,ERR,ERR,50.0,60.0,100,0.0,0.0,0.0,0.0,0.0,0.0,0.0,0.0,0.0,0.0,0.0,0.0,0.0,0.0,0.0,0.0,61.6,65,19,65521,50,65476,0,300,0,0,8,20529,65476,0,0,26214,60.0,0.0,0.0,0.0,0.0,0.0
2026-05-17T16:11:10,ERR,ERR,ERR,ERR,ERR,ERR,ERR,ERR,ERR,ERR,ERR,ERR,ERR,ERR,ERR,ERR,ERR,ERR,ERR,ERR,ERR,ERR,ERR,ERR,ERR,ERR,ERR,ERR,ERR,ERR,ERR,ERR,ERR,ERR,ERR,ERR,ERR,ERR,ERR,ERR,ERR,ERR,ERR,ERR,ERR,ERR,ERR,ERR,ERR,ERR,ERR,ERR,ERR,ERR,ERR,ERR,ERR,ERR,ERR,ERR,ERR,ERR,ERR,ERR,ERR,ERR,ERR,ERR,ERR,ERR,ERR,ERR,ERR,ERR,ERR,ERR,ERR,ERR,ERR,ERR,ERR,ERR,ERR,ERR,ERR,ERR,ERR,ERR,ERR,ERR,ERR,ERR,ERR,ERR,ERR,ERR,ERR,ERR,ERR,ERR,ERR,ERR,ERR,ERR,ERR,ERR,ERR,ERR,ERR,ERR,ERR,ERR,ERR,ERR,ERR,ERR,ERR,ERR,ERR,ERR,ERR,ERR,ERR,ERR,ERR,0.0,-0.0,-0.0,0.0,0.0,1.3936040501711995e+18,7.805,0.0,0,0,4,0,8422,0.0,45,0.0,0.0,0.0,0.0,0.0,0,0,0,0,0.0,0,0,0,0,0,0,0,0,0,0,0,0,0,0,0,0,0,0,0,0,0,0,0,0,0,0,0,0,0,0,0,0,0,38,14,7,45,65476,0,300,0,0,8,21553,0.0,-107605600.0,0.0,0.0,0.0,0.0,0.0,0.0,0.0,0.0,0.0,0.0,0.0,0.0,0.0,0.0,0.0,0.0,0.0,0.0,0.0,0.0,-2.004,-0.0,-0.0,0.0,0.0,0.0,0.0,0.0,4971.0,1.587929164219617e+29,0.0,0.0,-0.0,0.0,-0.0,0.0,0.0,0.0,0.0,53,107615344.0,-3.222002029374005e+26,0.0,0.0,0.0,0.0,0.0,0.0,0.0,0,0,0,0.0,0.0,0.0,0.0,0.0,0.0,0.0,0.0,0.0,0.0,0.0,0.0,0.0,0.0,0.0,0.0,0,-107875648.0,53,0.0,106,-107614832.0,-107350944.0,ERR,ERR,ERR,ERR,ERR,ERR,ERR,ERR,ERR,ERR,ERR,ERR,ERR,ERR,ERR,ERR,ERR,ERR,ERR,ERR,ERR,ERR,ERR,ERR,ERR,ERR,ERR,ERR,ERR,ERR,ERR,ERR,ERR,ERR,ERR,ERR,ERR,ERR,ERR,ERR,ERR,ERR,ERR,ERR,ERR,ERR,ERR,ERR,ERR,ERR,ERR,ERR,ERR,ERR,ERR,ERR,ERR,ERR,ERR,ERR,ERR,ERR,ERR,ERR,ERR,ERR,ERR,50.0,60.0,100,0.0,0.0,0.0,0.0,0.0,0.0,0.0,0.0,0.0,0.0,0.0,0.0,0.0,0.0,0.0,0.0,61.6,65,19,65521,50,65476,0,300,0,0,8,20529,65476,0,0,26214,60.0,0.0,0.0,0.0,0.0,0.0
2026-05-17T16:11:11,ERR,ERR,ERR,ERR,ERR,ERR,ERR,ERR,ERR,ERR,ERR,ERR,ERR,ERR,ERR,ERR,ERR,ERR,ERR,ERR,ERR,ERR,ERR,ERR,ERR,ERR,ERR,ERR,ERR,ERR,ERR,ERR,ERR,ERR,ERR,ERR,ERR,ERR,ERR,ERR,ERR,ERR,ERR,ERR,ERR,ERR,ERR,ERR,ERR,ERR,ERR,ERR,ERR,ERR,ERR,ERR,ERR,ERR,ERR,ERR,ERR,ERR,ERR,ERR,ERR,ERR,ERR,ERR,ERR,ERR,ERR,ERR,ERR,ERR,ERR,ERR,ERR,ERR,ERR,ERR,ERR,ERR,ERR,ERR,ERR,ERR,ERR,ERR,ERR,ERR,ERR,ERR,ERR,ERR,ERR,ERR,ERR,ERR,ERR,ERR,ERR,ERR,ERR,ERR,ERR,ERR,ERR,ERR,ERR,ERR,ERR,ERR,ERR,ERR,ERR,ERR,ERR,ERR,ERR,ERR,ERR,ERR,ERR,ERR,ERR,0.0,-0.0,-0.0,0.0,0.0,1.3936040501711995e+18,7.805,0.0,0,0,4,0,8422,0.0,45,0.0,0.0,0.0,0.0,0.0,0,0,0,0,0.0,0,0,0,0,0,0,0,0,0,0,0,0,0,0,0,0,0,0,0,0,0,0,0,0,0,0,0,0,0,0,0,0,0,38,14,7,45,65476,0,300,0,0,8,21553,0.0,-107605600.0,0.0,0.0,0.0,0.0,0.0,0.0,0.0,0.0,0.0,0.0,0.0,0.0,0.0,0.0,0.0,0.0,0.0,0.0,0.0,0.0,-2.004,-0.0,-0.0,0.0,0.0,0.0,0.0,0.0,4971.0,1.587929164219617e+29,0.0,0.0,-0.0,0.0,-0.0,0.0,0.0,0.0,0.0,53,107615344.0,-3.222002029374005e+26,0.0,0.0,0.0,0.0,0.0,0.0,0.0,0,0,0,0.0,0.0,0.0,0.0,0.0,0.0,0.0,0.0,0.0,0.0,0.0,0.0,0.0,0.0,0.0,0.0,0,-107875648.0,53,0.0,106,-107614832.0,-107350944.0,ERR,ERR,ERR,ERR,ERR,ERR,ERR,ERR,ERR,ERR,ERR,ERR,ERR,ERR,ERR,ERR,ERR,ERR,ERR,ERR,ERR,ERR,ERR,ERR,ERR,ERR,ERR,ERR,ERR,ERR,ERR,ERR,ERR,ERR,ERR,ERR,ERR,ERR,ERR,ERR,ERR,ERR,ERR,ERR,ERR,ERR,ERR,ERR,ERR,ERR,ERR,ERR,ERR,ERR,ERR,ERR,ERR,ERR,ERR,ERR,ERR,ERR,ERR,ERR,ERR,ERR,ERR,50.0,60.0,100,0.0,0.0,0.0,0.0,0.0,0.0,0.0,0.0,0.0,0.0,0.0,0.0,0.0,0.0,0.0,0.0,61.6,65,19,65521,50,65476,0,300,0,0,8,20529,65476,0,0,26214,60.0,0.0,0.0,0.0,0.0,0.0
2026-05-17T16:11:12,ERR,ERR,ERR,ERR,ERR,ERR,ERR,ERR,ERR,ERR,ERR,ERR,ERR,ERR,ERR,ERR,ERR,ERR,ERR,ERR,ERR,ERR,ERR,ERR,ERR,ERR,ERR,ERR,ERR,ERR,ERR,ERR,ERR,ERR,ERR,ERR,ERR,ERR,ERR,ERR,ERR,ERR,ERR,ERR,ERR,ERR,ERR,ERR,ERR,ERR,ERR,ERR,ERR,ERR,ERR,ERR,ERR,ERR,ERR,ERR,ERR,ERR,ERR,ERR,ERR,ERR,ERR,ERR,ERR,ERR,ERR,ERR,ERR,ERR,ERR,ERR,ERR,ERR,ERR,ERR,ERR,ERR,ERR,ERR,ERR,ERR,ERR,ERR,ERR,ERR,ERR,ERR,ERR,ERR,ERR,ERR,ERR,ERR,ERR,ERR,ERR,ERR,ERR,ERR,ERR,ERR,ERR,ERR,ERR,ERR,ERR,ERR,ERR,ERR,ERR,ERR,ERR,ERR,ERR,ERR,ERR,ERR,ERR,ERR,ERR,0.0,-0.0,-0.0,0.0,0.0,1.3936040501711995e+18,7.805,0.0,0,0,4,0,8422,0.0,45,0.0,0.0,0.0,0.0,0.0,0,0,0,0,0.0,0,0,0,0,0,0,0,0,0,0,0,0,0,0,0,0,0,0,0,0,0,0,0,0,0,0,0,0,0,0,0,0,0,38,14,7,45,65476,0,300,0,0,8,21553,0.0,-107605600.0,0.0,0.0,0.0,0.0,0.0,0.0,0.0,0.0,0.0,0.0,0.0,0.0,0.0,0.0,0.0,0.0,0.0,0.0,0.0,0.0,-2.004,-0.0,2.004,-2.004,0.0,0.0,0.0,0.0,4967.0,2.4229876163019057e+24,0.0,0.0,-0.0,0.0,2.718429120148166e+23,0.0,0.0,0.0,0.0,53,0.0,-3.222002029374005e+26,0.0,0.0,0.0,0.0,0.0,0.0,0.0,0,0,0,0.0,0.0,0.0,0.0,0.0,0.0,0.0,0.0,0.0,0.0,0.0,0.0,0.0,0.0,0.0,0.0,0,-107875648.0,53,0.0,106,-107614832.0,-107350944.0,ERR,ERR,ERR,ERR,ERR,ERR,ERR,ERR,ERR,ERR,ERR,ERR,ERR,ERR,ERR,ERR,ERR,ERR,ERR,ERR,ERR,ERR,ERR,ERR,ERR,ERR,ERR,ERR,ERR,ERR,ERR,ERR,ERR,ERR,ERR,ERR,ERR,ERR,ERR,ERR,ERR,ERR,ERR,ERR,ERR,ERR,ERR,ERR,ERR,ERR,ERR,ERR,ERR,ERR,ERR,ERR,ERR,ERR,ERR,ERR,ERR,ERR,ERR,ERR,ERR,ERR,ERR,50.0,60.0,100,0.0,0.0,0.0,0.0,0.0,0.0,0.0,0.0,0.0,0.0,0.0,0.0,0.0,0.0,0.0,0.0,61.6,65,19,65521,50,65476,0,300,0,0,8,20529,65476,0,0,26214,60.0,0.0,0.0,0.0,0.0,0.0
2026-05-17T16:11:13,ERR,ERR,ERR,ERR,ERR,ERR,ERR,ERR,ERR,ERR,ERR,ERR,ERR,ERR,ERR,ERR,ERR,ERR,ERR,ERR,ERR,ERR,ERR,ERR,ERR,ERR,ERR,ERR,ERR,ERR,ERR,ERR,ERR,ERR,ERR,ERR,ERR,ERR,ERR,ERR,ERR,ERR,ERR,ERR,ERR,ERR,ERR,ERR,ERR,ERR,ERR,ERR,ERR,ERR,ERR,ERR,ERR,ERR,ERR,ERR,ERR,ERR,ERR,ERR,ERR,ERR,ERR,ERR,ERR,ERR,ERR,ERR,ERR,ERR,ERR,ERR,ERR,ERR,ERR,ERR,ERR,ERR,ERR,ERR,ERR,ERR,ERR,ERR,ERR,ERR,ERR,ERR,ERR,ERR,ERR,ERR,ERR,ERR,ERR,ERR,ERR,ERR,ERR,ERR,ERR,ERR,ERR,ERR,ERR,ERR,ERR,ERR,ERR,ERR,ERR,ERR,ERR,ERR,ERR,ERR,ERR,ERR,ERR,ERR,ERR,0.0,-0.0,-0.0,0.0,0.0,1.3936040501711995e+18,7.805,0.0,0,0,4,0,8422,0.0,45,0.0,0.0,0.0,0.0,0.0,0,0,0,0,0.0,0,0,0,0,0,0,0,0,0,0,0,0,0,0,0,0,0,0,0,0,0,0,0,0,0,0,0,0,0,0,0,0,0,38,14,7,45,65476,0,300,0,0,8,21553,0.0,-107605600.0,0.0,0.0,0.0,0.0,0.0,0.0,0.0,0.0,0.0,0.0,0.0,0.0,0.0,0.0,0.0,0.0,0.0,0.0,0.0,0.0,-2.004,-0.0,2.004,-2.004,0.0,0.0,0.0,0.0,4967.0,2.4229876163019057e+24,0.0,0.0,-0.0,0.0,2.718429120148166e+23,0.0,0.0,0.0,0.0,53,0.0,-3.222002029374005e+26,0.0,0.0,0.0,0.0,0.0,0.0,0.0,0,0,0,0.0,0.0,0.0,0.0,0.0,0.0,0.0,0.0,0.0,0.0,0.0,0.0,0.0,0.0,0.0,0.0,0,-107875648.0,53,0.0,106,-107614832.0,-107350944.0,ERR,ERR,ERR,ERR,ERR,ERR,ERR,ERR,ERR,ERR,ERR,ERR,ERR,ERR,ERR,ERR,ERR,ERR,ERR,ERR,ERR,ERR,ERR,ERR,ERR,ERR,ERR,ERR,ERR,ERR,ERR,ERR,ERR,ERR,ERR,ERR,ERR,ERR,ERR,ERR,ERR,ERR,ERR,ERR,ERR,ERR,ERR,ERR,ERR,ERR,ERR,ERR,ERR,ERR,ERR,ERR,ERR,ERR,ERR,ERR,ERR,ERR,ERR,ERR,ERR,ERR,ERR,50.0,60.0,100,0.0,0.0,0.0,0.0,0.0,0.0,0.0,0.0,0.0,0.0,0.0,0.0,0.0,0.0,0.0,0.0,62.0,65,19,65521,50,65476,0,300,0,0,8,20529,65476,0,0,26214,60.0,0.0,0.0,0.0,0.0,0.0
2026-05-17T16:11:14,ERR,ERR,ERR,ERR,ERR,ERR,ERR,ERR,ERR,ERR,ERR,ERR,ERR,ERR,ERR,ERR,ERR,ERR,ERR,ERR,ERR,ERR,ERR,ERR,ERR,ERR,ERR,ERR,ERR,ERR,ERR,ERR,ERR,ERR,ERR,ERR,ERR,ERR,ERR,ERR,ERR,ERR,ERR,ERR,ERR,ERR,ERR,ERR,ERR,ERR,ERR,ERR,ERR,ERR,ERR,ERR,ERR,ERR,ERR,ERR,ERR,ERR,ERR,ERR,ERR,ERR,ERR,ERR,ERR,ERR,ERR,ERR,ERR,ERR,ERR,ERR,ERR,ERR,ERR,ERR,ERR,ERR,ERR,ERR,ERR,ERR,ERR,ERR,ERR,ERR,ERR,ERR,ERR,ERR,ERR,ERR,ERR,ERR,ERR,ERR,ERR,ERR,ERR,ERR,ERR,ERR,ERR,ERR,ERR,ERR,ERR,ERR,ERR,ERR,ERR,ERR,ERR,ERR,ERR,ERR,ERR,ERR,ERR,ERR,ERR,0.0,-0.0,-0.0,0.0,0.0,1.3936040501711995e+18,7.805,0.0,0,0,4,0,8422,0.0,45,0.0,0.0,0.0,0.0,0.0,0,0,0,0,0.0,0,0,0,0,0,0,0,0,0,0,0,0,0,0,0,0,0,0,0,0,0,0,0,0,0,0,0,0,0,0,0,0,0,38,14,7,45,65476,0,300,0,0,8,21553,0.0,-107605600.0,0.0,0.0,0.0,0.0,0.0,0.0,0.0,0.0,0.0,0.0,0.0,0.0,0.0,0.0,0.0,0.0,0.0,0.0,0.0,0.0,-2.004,-0.0,2.004,-2.004,0.0,0.0,0.0,0.0,4967.0,2.4229876163019057e+24,0.0,0.0,-0.0,0.0,2.718429120148166e+23,0.0,0.0,0.0,0.0,53,0.0,-3.222002029374005e+26,0.0,0.0,0.0,0.0,0.0,0.0,0.0,0,0,0,0.0,0.0,0.0,0.0,0.0,0.0,0.0,0.0,0.0,0.0,0.0,0.0,0.0,0.0,0.0,0.0,0,-107875648.0,53,0.0,106,-107614832.0,-107350944.0,ERR,ERR,ERR,ERR,ERR,ERR,ERR,ERR,ERR,ERR,ERR,ERR,ERR,ERR,ERR,ERR,ERR,ERR,ERR,ERR,ERR,ERR,ERR,ERR,ERR,ERR,ERR,ERR,ERR,ERR,ERR,ERR,ERR,ERR,ERR,ERR,ERR,ERR,ERR,ERR,ERR,ERR,ERR,ERR,ERR,ERR,ERR,ERR,ERR,ERR,ERR,ERR,ERR,ERR,ERR,ERR,ERR,ERR,ERR,ERR,ERR,ERR,ERR,ERR,ERR,ERR,ERR,50.0,60.0,100,0.0,0.0,0.0,0.0,0.0,0.0,0.0,0.0,0.0,0.0,0.0,0.0,0.0,0.0,0.0,0.0,62.0,65,19,65521,50,65476,0,300,0,0,8,20529,65476,0,0,26214,60.0,0.0,0.0,0.0,0.0,0.0
2026-05-17T16:11:15,ERR,ERR,ERR,ERR,ERR,ERR,ERR,ERR,ERR,ERR,ERR,ERR,ERR,ERR,ERR,ERR,ERR,ERR,ERR,ERR,ERR,ERR,ERR,ERR,ERR,ERR,ERR,ERR,ERR,ERR,ERR,ERR,ERR,ERR,ERR,ERR,ERR,ERR,ERR,ERR,ERR,ERR,ERR,ERR,ERR,ERR,ERR,ERR,ERR,ERR,ERR,ERR,ERR,ERR,ERR,ERR,ERR,ERR,ERR,ERR,ERR,ERR,ERR,ERR,ERR,ERR,ERR,ERR,ERR,ERR,ERR,ERR,ERR,ERR,ERR,ERR,ERR,ERR,ERR,ERR,ERR,ERR,ERR,ERR,ERR,ERR,ERR,ERR,ERR,ERR,ERR,ERR,ERR,ERR,ERR,ERR,ERR,ERR,ERR,ERR,ERR,ERR,ERR,ERR,ERR,ERR,ERR,ERR,ERR,ERR,ERR,ERR,ERR,ERR,ERR,ERR,ERR,ERR,ERR,ERR,ERR,ERR,ERR,ERR,ERR,0.0,-0.0,-0.0,0.0,0.0,1.3936040501711995e+18,7.805,0.0,0,0,4,0,8422,0.0,45,0.0,0.0,0.0,0.0,0.0,0,0,0,0,0.0,0,0,0,0,0,0,0,0,0,0,0,0,0,0,0,0,0,0,0,0,0,0,0,0,0,0,0,0,0,0,0,0,0,38,14,7,45,65476,0,300,0,0,8,21553,0.0,-107605600.0,0.0,0.0,0.0,0.0,0.0,0.0,0.0,0.0,0.0,0.0,0.0,0.0,0.0,0.0,0.0,0.0,0.0,0.0,0.0,0.0,-2.004,-0.0,2.004,-2.004,0.0,0.0,0.0,0.0,4967.0,2.4229876163019057e+24,0.0,0.0,-0.0,0.0,2.718429120148166e+23,0.0,0.0,0.0,0.0,53,0.0,-3.222002029374005e+26,0.0,0.0,0.0,0.0,0.0,0.0,0.0,0,0,0,0.0,0.0,0.0,0.0,0.0,0.0,0.0,0.0,0.0,0.0,0.0,0.0,0.0,0.0,0.0,0.0,0,-107875648.0,53,0.0,106,-107614832.0,-107350944.0,ERR,ERR,ERR,ERR,ERR,ERR,ERR,ERR,ERR,ERR,ERR,ERR,ERR,ERR,ERR,ERR,ERR,ERR,ERR,ERR,ERR,ERR,ERR,ERR,ERR,ERR,ERR,ERR,ERR,ERR,ERR,ERR,ERR,ERR,ERR,ERR,ERR,ERR,ERR,ERR,ERR,ERR,ERR,ERR,ERR,ERR,ERR,ERR,ERR,ERR,ERR,ERR,ERR,ERR,ERR,ERR,ERR,ERR,ERR,ERR,ERR,ERR,ERR,ERR,ERR,ERR,ERR,50.0,60.0,100,0.0,0.0,0.0,0.0,0.0,0.0,0.0,0.0,0.0,0.0,0.0,0.0,0.0,0.0,0.0,0.0,62.0,65,19,65521,50,65476,0,300,0,0,8,20529,65476,0,0,26214,60.0,0.0,0.0,0.0,0.0,0.0
2026-05-17T16:11:16,ERR,ERR,ERR,ERR,ERR,ERR,ERR,ERR,ERR,ERR,ERR,ERR,ERR,ERR,ERR,ERR,ERR,ERR,ERR,ERR,ERR,ERR,ERR,ERR,ERR,ERR,ERR,ERR,ERR,ERR,ERR,ERR,ERR,ERR,ERR,ERR,ERR,ERR,ERR,ERR,ERR,ERR,ERR,ERR,ERR,ERR,ERR,ERR,ERR,ERR,ERR,ERR,ERR,ERR,ERR,ERR,ERR,ERR,ERR,ERR,ERR,ERR,ERR,ERR,ERR,ERR,ERR,ERR,ERR,ERR,ERR,ERR,ERR,ERR,ERR,ERR,ERR,ERR,ERR,ERR,ERR,ERR,ERR,ERR,ERR,ERR,ERR,ERR,ERR,ERR,ERR,ERR,ERR,ERR,ERR,ERR,ERR,ERR,ERR,ERR,ERR,ERR,ERR,ERR,ERR,ERR,ERR,ERR,ERR,ERR,ERR,ERR,ERR,ERR,ERR,ERR,ERR,ERR,ERR,ERR,ERR,ERR,ERR,ERR,ERR,0.0,-0.0,-0.0,0.0,0.0,1.3936040501711995e+18,7.805,0.0,0,0,4,0,8422,0.0,45,0.0,0.0,0.0,0.0,0.0,0,0,0,0,0.0,0,0,0,0,0,0,0,0,0,0,0,0,0,0,0,0,0,0,0,0,0,0,0,0,0,0,0,0,0,0,0,0,0,38,14,7,45,65476,0,300,0,0,8,21553,0.0,-107605600.0,0.0,0.0,0.0,0.0,0.0,0.0,0.0,0.0,0.0,0.0,0.0,0.0,0.0,0.0,0.0,0.0,0.0,0.0,0.0,0.0,-2.004,-0.0,2.004,-2.004,0.0,0.0,0.0,0.0,4967.0,2.4229876163019057e+24,0.0,0.0,-0.0,0.0,2.718429120148166e+23,0.0,0.0,0.0,0.0,53,0.0,-3.222002029374005e+26,0.0,0.0,0.0,0.0,0.0,0.0,0.0,0,0,0,0.0,0.0,0.0,0.0,0.0,0.0,0.0,0.0,0.0,0.0,0.0,0.0,0.0,0.0,0.0,0.0,0,-107875648.0,53,0.0,106,-107614832.0,-107350944.0,ERR,ERR,ERR,ERR,ERR,ERR,ERR,ERR,ERR,ERR,ERR,ERR,ERR,ERR,ERR,ERR,ERR,ERR,ERR,ERR,ERR,ERR,ERR,ERR,ERR,ERR,ERR,ERR,ERR,ERR,ERR,ERR,ERR,ERR,ERR,ERR,ERR,ERR,ERR,ERR,ERR,ERR,ERR,ERR,ERR,ERR,ERR,ERR,ERR,ERR,ERR,ERR,ERR,ERR,ERR,ERR,ERR,ERR,ERR,ERR,ERR,ERR,ERR,ERR,ERR,ERR,ERR,50.0,60.0,100,0.0,0.0,0.0,0.0,0.0,0.0,0.0,0.0,0.0,0.0,0.0,0.0,0.0,0.0,0.0,0.0,62.0,65,19,65521,50,65476,0,300,0,0,8,20529,65476,0,0,26214,60.0,0.0,0.0,0.0,0.0,0.0
2026-05-17T16:11:17,ERR,ERR,ERR,ERR,ERR,ERR,ERR,ERR,ERR,ERR,ERR,ERR,ERR,ERR,ERR,ERR,ERR,ERR,ERR,ERR,ERR,ERR,ERR,ERR,ERR,ERR,ERR,ERR,ERR,ERR,ERR,ERR,ERR,ERR,ERR,ERR,ERR,ERR,ERR,ERR,ERR,ERR,ERR,ERR,ERR,ERR,ERR,ERR,ERR,ERR,ERR,ERR,ERR,ERR,ERR,ERR,ERR,ERR,ERR,ERR,ERR,ERR,ERR,ERR,ERR,ERR,ERR,ERR,ERR,ERR,ERR,ERR,ERR,ERR,ERR,ERR,ERR,ERR,ERR,ERR,ERR,ERR,ERR,ERR,ERR,ERR,ERR,ERR,ERR,ERR,ERR,ERR,ERR,ERR,ERR,ERR,ERR,ERR,ERR,ERR,ERR,ERR,ERR,ERR,ERR,ERR,ERR,ERR,ERR,ERR,ERR,ERR,ERR,ERR,ERR,ERR,ERR,ERR,ERR,ERR,ERR,ERR,ERR,ERR,ERR,0.0,-0.0,-0.0,0.0,0.0,1.3936040501711995e+18,7.805,0.0,0,0,4,0,8422,0.0,45,0.0,0.0,0.0,0.0,0.0,0,0,0,0,0.0,0,0,0,0,0,0,0,0,0,0,0,0,0,0,0,0,0,0,0,0,0,0,0,0,0,0,0,0,0,0,0,0,0,38,14,7,45,65476,0,300,0,0,8,21553,0.0,-107605600.0,0.0,0.0,0.0,0.0,0.0,0.0,0.0,0.0,0.0,0.0,0.0,0.0,0.0,0.0,0.0,0.0,0.0,0.0,0.0,0.0,-2.004,-0.0,-0.0,0.0,0.0,0.0,0.0,0.0,4974.0,-0.0,0.0,0.0,-0.0,0.0,2.718429120148166e+23,0.0,0.0,0.0,0.0,53,152018454839296.0,4.066853280225235e+29,0.0,0.0,0.0,0.0,0.0,0.0,0.0,0,0,0,0.0,0.0,0.0,0.0,0.0,0.0,0.0,0.0,0.0,0.0,0.0,0.0,0.0,0.0,0.0,0.0,0,-107875648.0,53,0.0,106,-107614832.0,-107350944.0,ERR,ERR,ERR,ERR,ERR,ERR,ERR,ERR,ERR,ERR,ERR,ERR,ERR,ERR,ERR,ERR,ERR,ERR,ERR,ERR,ERR,ERR,ERR,ERR,ERR,ERR,ERR,ERR,ERR,ERR,ERR,ERR,ERR,ERR,ERR,ERR,ERR,ERR,ERR,ERR,ERR,ERR,ERR,ERR,ERR,ERR,ERR,ERR,ERR,ERR,ERR,ERR,ERR,ERR,ERR,ERR,ERR,ERR,ERR,ERR,ERR,ERR,ERR,ERR,ERR,ERR,ERR,50.0,60.0,100,0.0,0.0,0.0,0.0,0.0,0.0,0.0,0.0,0.0,0.0,0.0,0.0,0.0,0.0,0.0,0.0,61.6,65,20,65521,50,65476,0,300,0,0,8,20529,65476,0,0,26214,60.0,0.0,0.0,0.0,0.0,0.0
2026-05-17T16:11:18,ERR,ERR,ERR,ERR,ERR,ERR,ERR,ERR,ERR,ERR,ERR,ERR,ERR,ERR,ERR,ERR,ERR,ERR,ERR,ERR,ERR,ERR,ERR,ERR,ERR,ERR,ERR,ERR,ERR,ERR,ERR,ERR,ERR,ERR,ERR,ERR,ERR,ERR,ERR,ERR,ERR,ERR,ERR,ERR,ERR,ERR,ERR,ERR,ERR,ERR,ERR,ERR,ERR,ERR,ERR,ERR,ERR,ERR,ERR,ERR,ERR,ERR,ERR,ERR,ERR,ERR,ERR,ERR,ERR,ERR,ERR,ERR,ERR,ERR,ERR,ERR,ERR,ERR,ERR,ERR,ERR,ERR,ERR,ERR,ERR,ERR,ERR,ERR,ERR,ERR,ERR,ERR,ERR,ERR,ERR,ERR,ERR,ERR,ERR,ERR,ERR,ERR,ERR,ERR,ERR,ERR,ERR,ERR,ERR,ERR,ERR,ERR,ERR,ERR,ERR,ERR,ERR,ERR,ERR,ERR,ERR,ERR,ERR,ERR,ERR,0.0,-0.0,-0.0,0.0,0.0,1.3936040501711995e+18,7.805,0.0,0,0,4,0,8422,0.0,45,0.0,0.0,0.0,0.0,0.0,0,0,0,0,0.0,0,0,0,0,0,0,0,0,0,0,0,0,0,0,0,0,0,0,0,0,0,0,0,0,0,0,0,0,0,0,0,0,0,38,14,7,45,65476,0,300,0,0,8,21553,0.0,-107605600.0,0.0,0.0,0.0,0.0,0.0,0.0,0.0,0.0,0.0,0.0,0.0,0.0,0.0,0.0,0.0,0.0,0.0,0.0,0.0,0.0,-2.004,-0.0,-0.0,0.0,0.0,0.0,0.0,0.0,4974.0,-0.0,0.0,0.0,-0.0,0.0,2.718429120148166e+23,0.0,0.0,0.0,0.0,53,152018454839296.0,4.066853280225235e+29,0.0,0.0,0.0,0.0,0.0,0.0,0.0,0,0,0,0.0,0.0,0.0,0.0,0.0,0.0,0.0,0.0,0.0,0.0,0.0,0.0,0.0,0.0,0.0,0.0,0,-107875648.0,53,0.0,106,-107614832.0,-107350944.0,ERR,ERR,ERR,ERR,ERR,ERR,ERR,ERR,ERR,ERR,ERR,ERR,ERR,ERR,ERR,ERR,ERR,ERR,ERR,ERR,ERR,ERR,ERR,ERR,ERR,ERR,ERR,ERR,ERR,ERR,ERR,ERR,ERR,ERR,ERR,ERR,ERR,ERR,ERR,ERR,ERR,ERR,ERR,ERR,ERR,ERR,ERR,ERR,ERR,ERR,ERR,ERR,ERR,ERR,ERR,ERR,ERR,ERR,ERR,ERR,ERR,ERR,ERR,ERR,ERR,ERR,ERR,50.0,60.0,100,0.0,0.0,0.0,0.0,0.0,0.0,0.0,0.0,0.0,0.0,0.0,0.0,0.0,0.0,0.0,0.0,61.6,65,20,65521,50,65476,0,300,0,0,8,20529,65476,0,0,26214,60.0,0.0,0.0,0.0,0.0,0.0
2026-05-17T16:11:19,ERR,ERR,ERR,ERR,ERR,ERR,ERR,ERR,ERR,ERR,ERR,ERR,ERR,ERR,ERR,ERR,ERR,ERR,ERR,ERR,ERR,ERR,ERR,ERR,ERR,ERR,ERR,ERR,ERR,ERR,ERR,ERR,ERR,ERR,ERR,ERR,ERR,ERR,ERR,ERR,ERR,ERR,ERR,ERR,ERR,ERR,ERR,ERR,ERR,ERR,ERR,ERR,ERR,ERR,ERR,ERR,ERR,ERR,ERR,ERR,ERR,ERR,ERR,ERR,ERR,ERR,ERR,ERR,ERR,ERR,ERR,ERR,ERR,ERR,ERR,ERR,ERR,ERR,ERR,ERR,ERR,ERR,ERR,ERR,ERR,ERR,ERR,ERR,ERR,ERR,ERR,ERR,ERR,ERR,ERR,ERR,ERR,ERR,ERR,ERR,ERR,ERR,ERR,ERR,ERR,ERR,ERR,ERR,ERR,ERR,ERR,ERR,ERR,ERR,ERR,ERR,ERR,ERR,ERR,ERR,ERR,ERR,ERR,ERR,ERR,0.0,-0.0,-0.0,0.0,0.0,1.3936040501711995e+18,7.805,0.0,0,0,4,0,8422,0.0,45,0.0,0.0,0.0,0.0,0.0,0,0,0,0,0.0,0,0,0,0,0,0,0,0,0,0,0,0,0,0,0,0,0,0,0,0,0,0,0,0,0,0,0,0,0,0,0,0,0,38,14,7,45,65476,0,300,0,0,8,21553,0.0,-107605600.0,0.0,0.0,0.0,0.0,0.0,0.0,0.0,0.0,0.0,0.0,0.0,0.0,0.0,0.0,0.0,0.0,0.0,0.0,0.0,0.0,-2.004,-0.0,-0.0,0.0,0.0,0.0,0.0,0.0,4974.0,-0.0,0.0,0.0,-0.0,0.0,2.718429120148166e+23,0.0,0.0,0.0,0.0,53,152018454839296.0,4.066853280225235e+29,0.0,0.0,0.0,0.0,0.0,0.0,0.0,0,0,0,0.0,0.0,0.0,0.0,0.0,0.0,0.0,0.0,0.0,0.0,0.0,0.0,0.0,0.0,0.0,0.0,0,-107875648.0,53,0.0,106,-107614832.0,-107350944.0,ERR,ERR,ERR,ERR,ERR,ERR,ERR,ERR,ERR,ERR,ERR,ERR,ERR,ERR,ERR,ERR,ERR,ERR,ERR,ERR,ERR,ERR,ERR,ERR,ERR,ERR,ERR,ERR,ERR,ERR,ERR,ERR,ERR,ERR,ERR,ERR,ERR,ERR,ERR,ERR,ERR,ERR,ERR,ERR,ERR,ERR,ERR,ERR,ERR,ERR,ERR,ERR,ERR,ERR,ERR,ERR,ERR,ERR,ERR,ERR,ERR,ERR,ERR,ERR,ERR,ERR,ERR,50.0,60.0,100,0.0,0.0,0.0,0.0,0.0,0.0,0.0,0.0,0.0,0.0,0.0,0.0,0.0,0.0,0.0,0.0,61.6,65,20,65521,50,65476,0,300,0,0,8,20529,65476,0,0,26214,60.0,0.0,0.0,0.0,0.0,0.0
2026-05-17T16:11:20,ERR,ERR,ERR,ERR,ERR,ERR,ERR,ERR,ERR,ERR,ERR,ERR,ERR,ERR,ERR,ERR,ERR,ERR,ERR,ERR,ERR,ERR,ERR,ERR,ERR,ERR,ERR,ERR,ERR,ERR,ERR,ERR,ERR,ERR,ERR,ERR,ERR,ERR,ERR,ERR,ERR,ERR,ERR,ERR,ERR,ERR,ERR,ERR,ERR,ERR,ERR,ERR,ERR,ERR,ERR,ERR,ERR,ERR,ERR,ERR,ERR,ERR,ERR,ERR,ERR,ERR,ERR,ERR,ERR,ERR,ERR,ERR,ERR,ERR,ERR,ERR,ERR,ERR,ERR,ERR,ERR,ERR,ERR,ERR,ERR,ERR,ERR,ERR,ERR,ERR,ERR,ERR,ERR,ERR,ERR,ERR,ERR,ERR,ERR,ERR,ERR,ERR,ERR,ERR,ERR,ERR,ERR,ERR,ERR,ERR,ERR,ERR,ERR,ERR,ERR,ERR,ERR,ERR,ERR,ERR,ERR,ERR,ERR,ERR,ERR,0.0,-0.0,-0.0,0.0,0.0,1.3936040501711995e+18,7.805,0.0,0,0,4,0,8422,0.0,45,0.0,0.0,0.0,0.0,0.0,0,0,0,0,0.0,0,0,0,0,0,0,0,0,0,0,0,0,0,0,0,0,0,0,0,0,0,0,0,0,0,0,0,0,0,0,0,0,0,38,14,7,45,65476,0,300,0,0,8,21553,0.0,-107605600.0,0.0,0.0,0.0,0.0,0.0,0.0,0.0,0.0,0.0,0.0,0.0,0.0,0.0,0.0,0.0,0.0,0.0,0.0,0.0,0.0,-2.004,-0.0,-0.0,0.0,0.0,0.0,0.0,0.0,4974.0,-0.0,0.0,0.0,-0.0,0.0,2.718429120148166e+23,0.0,0.0,0.0,0.0,53,152018454839296.0,4.066853280225235e+29,0.0,0.0,0.0,0.0,0.0,0.0,0.0,0,0,0,0.0,0.0,0.0,0.0,0.0,0.0,0.0,0.0,0.0,0.0,0.0,0.0,0.0,0.0,0.0,0.0,0,-107875648.0,53,0.0,106,-107614832.0,-107350944.0,ERR,ERR,ERR,ERR,ERR,ERR,ERR,ERR,ERR,ERR,ERR,ERR,ERR,ERR,ERR,ERR,ERR,ERR,ERR,ERR,ERR,ERR,ERR,ERR,ERR,ERR,ERR,ERR,ERR,ERR,ERR,ERR,ERR,ERR,ERR,ERR,ERR,ERR,ERR,ERR,ERR,ERR,ERR,ERR,ERR,ERR,ERR,ERR,ERR,ERR,ERR,ERR,ERR,ERR,ERR,ERR,ERR,ERR,ERR,ERR,ERR,ERR,ERR,ERR,ERR,ERR,ERR,50.0,60.0,100,0.0,0.0,0.0,0.0,0.0,0.0,0.0,0.0,0.0,0.0,0.0,0.0,0.0,0.0,0.0,0.0,61.6,65,20,65521,50,65476,0,300,0,0,8,20529,65476,0,0,26214,60.0,0.0,0.0,0.0,0.0,0.0
2026-05-17T16:11:21,ERR,ERR,ERR,ERR,ERR,ERR,ERR,ERR,ERR,ERR,ERR,ERR,ERR,ERR,ERR,ERR,ERR,ERR,ERR,ERR,ERR,ERR,ERR,ERR,ERR,ERR,ERR,ERR,ERR,ERR,ERR,ERR,ERR,ERR,ERR,ERR,ERR,ERR,ERR,ERR,ERR,ERR,ERR,ERR,ERR,ERR,ERR,ERR,ERR,ERR,ERR,ERR,ERR,ERR,ERR,ERR,ERR,ERR,ERR,ERR,ERR,ERR,ERR,ERR,ERR,ERR,ERR,ERR,ERR,ERR,ERR,ERR,ERR,ERR,ERR,ERR,ERR,ERR,ERR,ERR,ERR,ERR,ERR,ERR,ERR,ERR,ERR,ERR,ERR,ERR,ERR,ERR,ERR,ERR,ERR,ERR,ERR,ERR,ERR,ERR,ERR,ERR,ERR,ERR,ERR,ERR,ERR,ERR,ERR,ERR,ERR,ERR,ERR,ERR,ERR,ERR,ERR,ERR,ERR,ERR,ERR,ERR,ERR,ERR,ERR,0.0,-0.0,-0.0,0.0,0.0,1.3936040501711995e+18,7.805,0.0,0,0,4,0,8422,0.0,45,0.0,0.0,0.0,0.0,0.0,0,0,0,0,0.0,0,0,0,0,0,0,0,0,0,0,0,0,0,0,0,0,0,0,0,0,0,0,0,0,0,0,0,0,0,0,0,0,0,38,14,7,45,65476,0,300,0,0,8,21553,0.0,-107605600.0,0.0,0.0,0.0,0.0,0.0,0.0,0.0,0.0,0.0,0.0,0.0,0.0,0.0,0.0,0.0,0.0,0.0,0.0,0.0,0.0,-2.004,-0.0,-0.0,0.0,0.0,0.0,0.0,0.0,4974.0,-0.0,0.0,0.0,-0.0,0.0,2.718429120148166e+23,0.0,0.0,0.0,0.0,53,152018454839296.0,4.066853280225235e+29,0.0,0.0,0.0,0.0,0.0,0.0,0.0,0,0,0,0.0,0.0,0.0,0.0,0.0,0.0,0.0,0.0,0.0,0.0,0.0,0.0,0.0,0.0,0.0,0.0,0,-107875648.0,53,0.0,106,-107614832.0,-107350944.0,ERR,ERR,ERR,ERR,ERR,ERR,ERR,ERR,ERR,ERR,ERR,ERR,ERR,ERR,ERR,ERR,ERR,ERR,ERR,ERR,ERR,ERR,ERR,ERR,ERR,ERR,ERR,ERR,ERR,ERR,ERR,ERR,ERR,ERR,ERR,ERR,ERR,ERR,ERR,ERR,ERR,ERR,ERR,ERR,ERR,ERR,ERR,ERR,ERR,ERR,ERR,ERR,ERR,ERR,ERR,ERR,ERR,ERR,ERR,ERR,ERR,ERR,ERR,ERR,ERR,ERR,ERR,50.0,60.0,100,0.0,0.0,0.0,0.0,0.0,0.0,0.0,0.0,0.0,0.0,0.0,0.0,0.0,0.0,0.0,0.0,61.6,65,20,65521,50,65476,0,300,0,0,8,20529,65476,0,0,26214,60.0,0.0,0.0,0.0,0.0,0.0
2026-05-17T16:11:22,ERR,ERR,ERR,ERR,ERR,ERR,ERR,ERR,ERR,ERR,ERR,ERR,ERR,ERR,ERR,ERR,ERR,ERR,ERR,ERR,ERR,ERR,ERR,ERR,ERR,ERR,ERR,ERR,ERR,ERR,ERR,ERR,ERR,ERR,ERR,ERR,ERR,ERR,ERR,ERR,ERR,ERR,ERR,ERR,ERR,ERR,ERR,ERR,ERR,ERR,ERR,ERR,ERR,ERR,ERR,ERR,ERR,ERR,ERR,ERR,ERR,ERR,ERR,ERR,ERR,ERR,ERR,ERR,ERR,ERR,ERR,ERR,ERR,ERR,ERR,ERR,ERR,ERR,ERR,ERR,ERR,ERR,ERR,ERR,ERR,ERR,ERR,ERR,ERR,ERR,ERR,ERR,ERR,ERR,ERR,ERR,ERR,ERR,ERR,ERR,ERR,ERR,ERR,ERR,ERR,ERR,ERR,ERR,ERR,ERR,ERR,ERR,ERR,ERR,ERR,ERR,ERR,ERR,ERR,ERR,ERR,ERR,ERR,ERR,ERR,0.0,-0.0,-0.0,0.0,0.0,1.3936040501711995e+18,7.805,0.0,0,0,4,0,8422,0.0,45,0.0,0.0,0.0,0.0,0.0,0,0,0,0,0.0,0,0,0,0,0,0,0,0,0,0,0,0,0,0,0,0,0,0,0,0,0,0,0,0,0,0,0,0,0,0,0,0,0,38,14,7,45,65476,0,300,0,0,8,21553,0.0,-107605600.0,0.0,0.0,0.0,0.0,0.0,0.0,0.0,0.0,0.0,0.0,0.0,0.0,0.0,0.0,0.0,0.0,0.0,0.0,0.0,0.0,-2.004,-0.0,2.004,-2.004,0.0,0.0,0.0,0.0,4970.0,-564145766268928.0,0.0,0.0,-0.0,0.0,2.718429120148166e+23,0.0,0.0,0.0,0.0,53,0.059,-0.0,0.0,0.0,0.0,0.0,0.0,0.0,0.0,0,0,0,0.0,0.0,0.0,0.0,0.0,0.0,0.0,0.0,0.0,0.0,0.0,0.0,0.0,0.0,0.0,0.0,0,-107875648.0,53,0.0,106,-107614832.0,-107350944.0,ERR,ERR,ERR,ERR,ERR,ERR,ERR,ERR,ERR,ERR,ERR,ERR,ERR,ERR,ERR,ERR,ERR,ERR,ERR,ERR,ERR,ERR,ERR,ERR,ERR,ERR,ERR,ERR,ERR,ERR,ERR,ERR,ERR,ERR,ERR,ERR,ERR,ERR,ERR,ERR,ERR,ERR,ERR,ERR,ERR,ERR,ERR,ERR,ERR,ERR,ERR,ERR,ERR,ERR,ERR,ERR,ERR,ERR,ERR,ERR,ERR,ERR,ERR,ERR,ERR,ERR,ERR,50.0,60.0,100,0.0,0.0,0.0,0.0,0.0,0.0,0.0,0.0,0.0,0.0,0.0,0.0,0.0,0.0,0.0,0.0,61.6,65,20,65521,50,65476,0,300,0,0,8,20529,65476,0,0,26214,60.0,0.0,0.0,0.0,0.0,0.0
2026-05-17T16:11:23,ERR,ERR,ERR,ERR,ERR,ERR,ERR,ERR,ERR,ERR,ERR,ERR,ERR,ERR,ERR,ERR,ERR,ERR,ERR,ERR,ERR,ERR,ERR,ERR,ERR,ERR,ERR,ERR,ERR,ERR,ERR,ERR,ERR,ERR,ERR,ERR,ERR,ERR,ERR,ERR,ERR,ERR,ERR,ERR,ERR,ERR,ERR,ERR,ERR,ERR,ERR,ERR,ERR,ERR,ERR,ERR,ERR,ERR,ERR,ERR,ERR,ERR,ERR,ERR,ERR,ERR,ERR,ERR,ERR,ERR,ERR,ERR,ERR,ERR,ERR,ERR,ERR,ERR,ERR,ERR,ERR,ERR,ERR,ERR,ERR,ERR,ERR,ERR,ERR,ERR,ERR,ERR,ERR,ERR,ERR,ERR,ERR,ERR,ERR,ERR,ERR,ERR,ERR,ERR,ERR,ERR,ERR,ERR,ERR,ERR,ERR,ERR,ERR,ERR,ERR,ERR,ERR,ERR,ERR,ERR,ERR,ERR,ERR,ERR,ERR,0.0,-0.0,-0.0,0.0,0.0,1.3936040501711995e+18,7.805,0.0,0,0,4,0,8422,0.0,45,0.0,0.0,0.0,0.0,0.0,0,0,0,0,0.0,0,0,0,0,0,0,0,0,0,0,0,0,0,0,0,0,0,0,0,0,0,0,0,0,0,0,0,0,0,0,0,0,0,38,14,7,45,65476,0,300,0,0,8,21553,0.0,-107605600.0,0.0,0.0,0.0,0.0,0.0,0.0,0.0,0.0,0.0,0.0,0.0,0.0,0.0,0.0,0.0,0.0,0.0,0.0,0.0,0.0,-2.004,-0.0,2.004,-2.004,0.0,0.0,0.0,0.0,4970.0,-564145766268928.0,0.0,0.0,-0.0,0.0,2.718429120148166e+23,0.0,0.0,0.0,0.0,53,0.059,-0.0,0.0,0.0,0.0,0.0,0.0,0.0,0.0,0,0,0,0.0,0.0,0.0,0.0,0.0,0.0,0.0,0.0,0.0,0.0,0.0,0.0,0.0,0.0,0.0,0.0,0,-107875648.0,53,0.0,106,-107614832.0,-107350944.0,ERR,ERR,ERR,ERR,ERR,ERR,ERR,ERR,ERR,ERR,ERR,ERR,ERR,ERR,ERR,ERR,ERR,ERR,ERR,ERR,ERR,ERR,ERR,ERR,ERR,ERR,ERR,ERR,ERR,ERR,ERR,ERR,ERR,ERR,ERR,ERR,ERR,ERR,ERR,ERR,ERR,ERR,ERR,ERR,ERR,ERR,ERR,ERR,ERR,ERR,ERR,ERR,ERR,ERR,ERR,ERR,ERR,ERR,ERR,ERR,ERR,ERR,ERR,ERR,ERR,ERR,ERR,50.0,60.0,100,0.0,0.0,0.0,0.0,0.0,0.0,0.0,0.0,0.0,0.0,0.0,0.0,0.0,0.0,0.0,0.0,61.6,65,20,65521,50,65476,0,300,0,0,8,20529,65476,0,0,26214,60.0,0.0,0.0,0.0,0.0,0.0
2026-05-17T16:11:24,ERR,ERR,ERR,ERR,ERR,ERR,ERR,ERR,ERR,ERR,ERR,ERR,ERR,ERR,ERR,ERR,ERR,ERR,ERR,ERR,ERR,ERR,ERR,ERR,ERR,ERR,ERR,ERR,ERR,ERR,ERR,ERR,ERR,ERR,ERR,ERR,ERR,ERR,ERR,ERR,ERR,ERR,ERR,ERR,ERR,ERR,ERR,ERR,ERR,ERR,ERR,ERR,ERR,ERR,ERR,ERR,ERR,ERR,ERR,ERR,ERR,ERR,ERR,ERR,ERR,ERR,ERR,ERR,ERR,ERR,ERR,ERR,ERR,ERR,ERR,ERR,ERR,ERR,ERR,ERR,ERR,ERR,ERR,ERR,ERR,ERR,ERR,ERR,ERR,ERR,ERR,ERR,ERR,ERR,ERR,ERR,ERR,ERR,ERR,ERR,ERR,ERR,ERR,ERR,ERR,ERR,ERR,ERR,ERR,ERR,ERR,ERR,ERR,ERR,ERR,ERR,ERR,ERR,ERR,ERR,ERR,ERR,ERR,ERR,ERR,0.0,-0.0,-0.0,0.0,0.0,1.3936040501711995e+18,7.805,0.0,0,0,4,0,8422,0.0,45,0.0,0.0,0.0,0.0,0.0,0,0,0,0,0.0,0,0,0,0,0,0,0,0,0,0,0,0,0,0,0,0,0,0,0,0,0,0,0,0,0,0,0,0,0,0,0,0,0,38,14,7,45,65476,0,300,0,0,8,21553,0.0,-107605600.0,0.0,0.0,0.0,0.0,0.0,0.0,0.0,0.0,0.0,0.0,0.0,0.0,0.0,0.0,0.0,0.0,0.0,0.0,0.0,0.0,-2.004,-0.0,2.004,-2.004,0.0,0.0,0.0,0.0,4970.0,-564145766268928.0,0.0,0.0,-0.0,0.0,2.718429120148166e+23,0.0,0.0,0.0,0.0,53,0.059,-0.0,0.0,0.0,0.0,0.0,0.0,0.0,0.0,0,0,0,0.0,0.0,0.0,0.0,0.0,0.0,0.0,0.0,0.0,0.0,0.0,0.0,0.0,0.0,0.0,0.0,0,-107875648.0,53,0.0,106,-107614832.0,-107350944.0,ERR,ERR,ERR,ERR,ERR,ERR,ERR,ERR,ERR,ERR,ERR,ERR,ERR,ERR,ERR,ERR,ERR,ERR,ERR,ERR,ERR,ERR,ERR,ERR,ERR,ERR,ERR,ERR,ERR,ERR,ERR,ERR,ERR,ERR,ERR,ERR,ERR,ERR,ERR,ERR,ERR,ERR,ERR,ERR,ERR,ERR,ERR,ERR,ERR,ERR,ERR,ERR,ERR,ERR,ERR,ERR,ERR,ERR,ERR,ERR,ERR,ERR,ERR,ERR,ERR,ERR,ERR,50.0,60.0,100,0.0,0.0,0.0,0.0,0.0,0.0,0.0,0.0,0.0,0.0,0.0,0.0,0.0,0.0,0.0,0.0,61.6,65,20,65521,50,65476,0,300,0,0,8,20529,65476,0,0,26214,60.0,0.0,0.0,0.0,0.0,0.0
2026-05-17T16:11:25,ERR,ERR,ERR,ERR,ERR,ERR,ERR,ERR,ERR,ERR,ERR,ERR,ERR,ERR,ERR,ERR,ERR,ERR,ERR,ERR,ERR,ERR,ERR,ERR,ERR,ERR,ERR,ERR,ERR,ERR,ERR,ERR,ERR,ERR,ERR,ERR,ERR,ERR,ERR,ERR,ERR,ERR,ERR,ERR,ERR,ERR,ERR,ERR,ERR,ERR,ERR,ERR,ERR,ERR,ERR,ERR,ERR,ERR,ERR,ERR,ERR,ERR,ERR,ERR,ERR,ERR,ERR,ERR,ERR,ERR,ERR,ERR,ERR,ERR,ERR,ERR,ERR,ERR,ERR,ERR,ERR,ERR,ERR,ERR,ERR,ERR,ERR,ERR,ERR,ERR,ERR,ERR,ERR,ERR,ERR,ERR,ERR,ERR,ERR,ERR,ERR,ERR,ERR,ERR,ERR,ERR,ERR,ERR,ERR,ERR,ERR,ERR,ERR,ERR,ERR,ERR,ERR,ERR,ERR,ERR,ERR,ERR,ERR,ERR,ERR,0.0,-0.0,-0.0,0.0,0.0,1.3936040501711995e+18,7.805,0.0,0,0,4,0,8422,0.0,45,0.0,0.0,0.0,0.0,0.0,0,0,0,0,0.0,0,0,0,0,0,0,0,0,0,0,0,0,0,0,0,0,0,0,0,0,0,0,0,0,0,0,0,0,0,0,0,0,0,38,14,7,45,65476,0,300,0,0,8,21553,0.0,-107605600.0,0.0,0.0,0.0,0.0,0.0,0.0,0.0,0.0,0.0,0.0,0.0,0.0,0.0,0.0,0.0,0.0,0.0,0.0,0.0,0.0,-2.004,-0.0,2.004,-2.004,0.0,0.0,0.0,0.0,4970.0,-564145766268928.0,0.0,0.0,-0.0,0.0,2.718429120148166e+23,0.0,0.0,0.0,0.0,53,0.059,-0.0,0.0,0.0,0.0,0.0,0.0,0.0,0.0,0,0,0,0.0,0.0,0.0,0.0,0.0,0.0,0.0,0.0,0.0,0.0,0.0,0.0,0.0,0.0,0.0,0.0,0,-107875648.0,53,0.0,106,-107614832.0,-107350944.0,ERR,ERR,ERR,ERR,ERR,ERR,ERR,ERR,ERR,ERR,ERR,ERR,ERR,ERR,ERR,ERR,ERR,ERR,ERR,ERR,ERR,ERR,ERR,ERR,ERR,ERR,ERR,ERR,ERR,ERR,ERR,ERR,ERR,ERR,ERR,ERR,ERR,ERR,ERR,ERR,ERR,ERR,ERR,ERR,ERR,ERR,ERR,ERR,ERR,ERR,ERR,ERR,ERR,ERR,ERR,ERR,ERR,ERR,ERR,ERR,ERR,ERR,ERR,ERR,ERR,ERR,ERR,50.0,60.0,100,0.0,0.0,0.0,0.0,0.0,0.0,0.0,0.0,0.0,0.0,0.0,0.0,0.0,0.0,0.0,0.0,61.6,65,20,65521,50,65476,0,300,0,0,8,20529,65476,0,0,26214,60.0,0.0,0.0,0.0,0.0,0.0
2026-05-17T16:11:26,ERR,ERR,ERR,ERR,ERR,ERR,ERR,ERR,ERR,ERR,ERR,ERR,ERR,ERR,ERR,ERR,ERR,ERR,ERR,ERR,ERR,ERR,ERR,ERR,ERR,ERR,ERR,ERR,ERR,ERR,ERR,ERR,ERR,ERR,ERR,ERR,ERR,ERR,ERR,ERR,ERR,ERR,ERR,ERR,ERR,ERR,ERR,ERR,ERR,ERR,ERR,ERR,ERR,ERR,ERR,ERR,ERR,ERR,ERR,ERR,ERR,ERR,ERR,ERR,ERR,ERR,ERR,ERR,ERR,ERR,ERR,ERR,ERR,ERR,ERR,ERR,ERR,ERR,ERR,ERR,ERR,ERR,ERR,ERR,ERR,ERR,ERR,ERR,ERR,ERR,ERR,ERR,ERR,ERR,ERR,ERR,ERR,ERR,ERR,ERR,ERR,ERR,ERR,ERR,ERR,ERR,ERR,ERR,ERR,ERR,ERR,ERR,ERR,ERR,ERR,ERR,ERR,ERR,ERR,ERR,ERR,ERR,ERR,ERR,ERR,0.0,-0.0,-0.0,0.0,0.0,1.3936040501711995e+18,7.805,0.0,0,0,4,0,8422,0.0,45,0.0,0.0,0.0,0.0,0.0,0,0,0,0,0.0,0,0,0,0,0,0,0,0,0,0,0,0,0,0,0,0,0,0,0,0,0,0,0,0,0,0,0,0,0,0,0,0,0,38,14,7,45,65476,0,300,0,0,8,21553,0.0,-107605600.0,0.0,0.0,0.0,0.0,0.0,0.0,0.0,0.0,0.0,0.0,0.0,0.0,0.0,0.0,0.0,0.0,0.0,0.0,0.0,0.0,-2.004,-0.0,2.004,-2.004,0.0,0.0,0.0,0.0,4970.0,-564145766268928.0,0.0,0.0,-0.0,0.0,2.718429120148166e+23,0.0,0.0,0.0,0.0,53,0.059,-0.0,0.0,0.0,0.0,0.0,0.0,0.0,0.0,0,0,0,0.0,0.0,0.0,0.0,0.0,0.0,0.0,0.0,0.0,0.0,0.0,0.0,0.0,0.0,0.0,0.0,0,-107875648.0,53,0.0,106,-107614832.0,-107350944.0,ERR,ERR,ERR,ERR,ERR,ERR,ERR,ERR,ERR,ERR,ERR,ERR,ERR,ERR,ERR,ERR,ERR,ERR,ERR,ERR,ERR,ERR,ERR,ERR,ERR,ERR,ERR,ERR,ERR,ERR,ERR,ERR,ERR,ERR,ERR,ERR,ERR,ERR,ERR,ERR,ERR,ERR,ERR,ERR,ERR,ERR,ERR,ERR,ERR,ERR,ERR,ERR,ERR,ERR,ERR,ERR,ERR,ERR,ERR,ERR,ERR,ERR,ERR,ERR,ERR,ERR,ERR,50.0,60.0,100,0.0,0.0,0.0,0.0,0.0,0.0,0.0,0.0,0.0,0.0,0.0,0.0,0.0,0.0,0.0,0.0,61.6,65,20,65521,50,65476,0,300,0,0,8,20529,65476,0,0,26214,60.0,0.0,0.0,0.0,0.0,0.0
2026-05-17T16:11:27,ERR,ERR,ERR,ERR,ERR,ERR,ERR,ERR,ERR,ERR,ERR,ERR,ERR,ERR,ERR,ERR,ERR,ERR,ERR,ERR,ERR,ERR,ERR,ERR,ERR,ERR,ERR,ERR,ERR,ERR,ERR,ERR,ERR,ERR,ERR,ERR,ERR,ERR,ERR,ERR,ERR,ERR,ERR,ERR,ERR,ERR,ERR,ERR,ERR,ERR,ERR,ERR,ERR,ERR,ERR,ERR,ERR,ERR,ERR,ERR,ERR,ERR,ERR,ERR,ERR,ERR,ERR,ERR,ERR,ERR,ERR,ERR,ERR,ERR,ERR,ERR,ERR,ERR,ERR,ERR,ERR,ERR,ERR,ERR,ERR,ERR,ERR,ERR,ERR,ERR,ERR,ERR,ERR,ERR,ERR,ERR,ERR,ERR,ERR,ERR,ERR,ERR,ERR,ERR,ERR,ERR,ERR,ERR,ERR,ERR,ERR,ERR,ERR,ERR,ERR,ERR,ERR,ERR,ERR,ERR,ERR,ERR,ERR,ERR,ERR,0.0,-0.0,-0.0,0.0,0.0,1.3936040501711995e+18,7.805,0.0,0,0,4,0,8422,0.0,45,0.0,0.0,0.0,0.0,0.0,0,0,0,0,0.0,0,0,0,0,0,0,0,0,0,0,0,0,0,0,0,0,0,0,0,0,0,0,0,0,0,0,0,0,0,0,0,0,0,38,14,7,45,65476,0,300,0,0,8,21553,0.0,-107605600.0,0.0,0.0,0.0,0.0,0.0,0.0,0.0,0.0,0.0,0.0,0.0,0.0,0.0,0.0,0.0,0.0,0.0,0.0,0.0,0.0,-2.004,-0.0,-0.0,-2.004,0.0,0.0,0.0,0.0,4967.0,-131350.422,0.0,0.0,-0.0,-107615272.0,-0.0,0.0,0.0,0.0,0.0,53,0.0,1.905685750968484e+17,0.0,0.0,0.0,0.0,0.0,0.0,0.0,0,0,0,0.0,0.0,0.0,0.0,0.0,0.0,0.0,0.0,0.0,0.0,0.0,0.0,0.0,0.0,0.0,0.0,0,-107875648.0,53,0.0,106,-107614832.0,-107350944.0,ERR,ERR,ERR,ERR,ERR,ERR,ERR,ERR,ERR,ERR,ERR,ERR,ERR,ERR,ERR,ERR,ERR,ERR,ERR,ERR,ERR,ERR,ERR,ERR,ERR,ERR,ERR,ERR,ERR,ERR,ERR,ERR,ERR,ERR,ERR,ERR,ERR,ERR,ERR,ERR,ERR,ERR,ERR,ERR,ERR,ERR,ERR,ERR,ERR,ERR,ERR,ERR,ERR,ERR,ERR,ERR,ERR,ERR,ERR,ERR,ERR,ERR,ERR,ERR,ERR,ERR,ERR,50.0,60.0,100,0.0,0.0,0.0,0.0,0.0,0.0,0.0,0.0,0.0,0.0,0.0,0.0,0.0,0.0,0.0,0.0,61.6,65,20,65521,50,65476,0,300,0,0,8,20529,65476,0,0,26214,60.0,0.0,0.0,0.0,0.0,0.0
2026-05-17T16:11:28,ERR,ERR,ERR,ERR,ERR,ERR,ERR,ERR,ERR,ERR,ERR,ERR,ERR,ERR,ERR,ERR,ERR,ERR,ERR,ERR,ERR,ERR,ERR,ERR,ERR,ERR,ERR,ERR,ERR,ERR,ERR,ERR,ERR,ERR,ERR,ERR,ERR,ERR,ERR,ERR,ERR,ERR,ERR,ERR,ERR,ERR,ERR,ERR,ERR,ERR,ERR,ERR,ERR,ERR,ERR,ERR,ERR,ERR,ERR,ERR,ERR,ERR,ERR,ERR,ERR,ERR,ERR,ERR,ERR,ERR,ERR,ERR,ERR,ERR,ERR,ERR,ERR,ERR,ERR,ERR,ERR,ERR,ERR,ERR,ERR,ERR,ERR,ERR,ERR,ERR,ERR,ERR,ERR,ERR,ERR,ERR,ERR,ERR,ERR,ERR,ERR,ERR,ERR,ERR,ERR,ERR,ERR,ERR,ERR,ERR,ERR,ERR,ERR,ERR,ERR,ERR,ERR,ERR,ERR,ERR,ERR,ERR,ERR,ERR,ERR,0.0,-0.0,-0.0,0.0,0.0,1.3936040501711995e+18,7.805,0.0,0,0,4,0,8422,0.0,45,0.0,0.0,0.0,0.0,0.0,0,0,0,0,0.0,0,0,0,0,0,0,0,0,0,0,0,0,0,0,0,0,0,0,0,0,0,0,0,0,0,0,0,0,0,0,0,0,0,38,14,7,45,65476,0,300,0,0,8,21553,0.0,-107605600.0,0.0,0.0,0.0,0.0,0.0,0.0,0.0,0.0,0.0,0.0,0.0,0.0,0.0,0.0,0.0,0.0,0.0,0.0,0.0,0.0,-2.004,-0.0,-0.0,-2.004,0.0,0.0,0.0,0.0,4967.0,-131350.422,0.0,0.0,-0.0,-107615272.0,-0.0,0.0,0.0,0.0,0.0,53,0.0,1.905685750968484e+17,0.0,0.0,0.0,0.0,0.0,0.0,0.0,0,0,0,0.0,0.0,0.0,0.0,0.0,0.0,0.0,0.0,0.0,0.0,0.0,0.0,0.0,0.0,0.0,0.0,0,-107875648.0,53,0.0,106,-107614832.0,-107350944.0,ERR,ERR,ERR,ERR,ERR,ERR,ERR,ERR,ERR,ERR,ERR,ERR,ERR,ERR,ERR,ERR,ERR,ERR,ERR,ERR,ERR,ERR,ERR,ERR,ERR,ERR,ERR,ERR,ERR,ERR,ERR,ERR,ERR,ERR,ERR,ERR,ERR,ERR,ERR,ERR,ERR,ERR,ERR,ERR,ERR,ERR,ERR,ERR,ERR,ERR,ERR,ERR,ERR,ERR,ERR,ERR,ERR,ERR,ERR,ERR,ERR,ERR,ERR,ERR,ERR,ERR,ERR,50.0,60.0,100,0.0,0.0,0.0,0.0,0.0,0.0,0.0,0.0,0.0,0.0,0.0,0.0,0.0,0.0,0.0,0.0,61.6,65,20,65521,50,65476,0,300,0,0,8,20529,65476,0,0,26214,60.0,0.0,0.0,0.0,0.0,0.0
2026-05-17T16:11:29,ERR,ERR,ERR,ERR,ERR,ERR,ERR,ERR,ERR,ERR,ERR,ERR,ERR,ERR,ERR,ERR,ERR,ERR,ERR,ERR,ERR,ERR,ERR,ERR,ERR,ERR,ERR,ERR,ERR,ERR,ERR,ERR,ERR,ERR,ERR,ERR,ERR,ERR,ERR,ERR,ERR,ERR,ERR,ERR,ERR,ERR,ERR,ERR,ERR,ERR,ERR,ERR,ERR,ERR,ERR,ERR,ERR,ERR,ERR,ERR,ERR,ERR,ERR,ERR,ERR,ERR,ERR,ERR,ERR,ERR,ERR,ERR,ERR,ERR,ERR,ERR,ERR,ERR,ERR,ERR,ERR,ERR,ERR,ERR,ERR,ERR,ERR,ERR,ERR,ERR,ERR,ERR,ERR,ERR,ERR,ERR,ERR,ERR,ERR,ERR,ERR,ERR,ERR,ERR,ERR,ERR,ERR,ERR,ERR,ERR,ERR,ERR,ERR,ERR,ERR,ERR,ERR,ERR,ERR,ERR,ERR,ERR,ERR,ERR,ERR,0.0,-0.0,-0.0,0.0,0.0,1.3936040501711995e+18,7.805,0.0,0,0,4,0,8422,0.0,45,0.0,0.0,0.0,0.0,0.0,0,0,0,0,0.0,0,0,0,0,0,0,0,0,0,0,0,0,0,0,0,0,0,0,0,0,0,0,0,0,0,0,0,0,0,0,0,0,0,38,14,7,45,65476,0,300,0,0,8,21553,0.0,-107605600.0,0.0,0.0,0.0,0.0,0.0,0.0,0.0,0.0,0.0,0.0,0.0,0.0,0.0,0.0,0.0,0.0,0.0,0.0,0.0,0.0,-2.004,-0.0,-0.0,-2.004,0.0,0.0,0.0,0.0,4967.0,-131350.422,0.0,0.0,-0.0,-107615272.0,-0.0,0.0,0.0,0.0,0.0,53,0.0,1.905685750968484e+17,0.0,0.0,0.0,0.0,0.0,0.0,0.0,0,0,0,0.0,0.0,0.0,0.0,0.0,0.0,0.0,0.0,0.0,0.0,0.0,0.0,0.0,0.0,0.0,0.0,0,-107875648.0,53,0.0,106,-107614832.0,-107350944.0,ERR,ERR,ERR,ERR,ERR,ERR,ERR,ERR,ERR,ERR,ERR,ERR,ERR,ERR,ERR,ERR,ERR,ERR,ERR,ERR,ERR,ERR,ERR,ERR,ERR,ERR,ERR,ERR,ERR,ERR,ERR,ERR,ERR,ERR,ERR,ERR,ERR,ERR,ERR,ERR,ERR,ERR,ERR,ERR,ERR,ERR,ERR,ERR,ERR,ERR,ERR,ERR,ERR,ERR,ERR,ERR,ERR,ERR,ERR,ERR,ERR,ERR,ERR,ERR,ERR,ERR,ERR,50.0,60.0,100,0.0,0.0,0.0,0.0,0.0,0.0,0.0,0.0,0.0,0.0,0.0,0.0,0.0,0.0,0.0,0.0,62.0,65,20,65521,50,65476,0,300,0,0,8,20529,65476,0,0,26214,60.0,0.0,0.0,0.0,0.0,0.0
2026-05-17T16:11:30,ERR,ERR,ERR,ERR,ERR,ERR,ERR,ERR,ERR,ERR,ERR,ERR,ERR,ERR,ERR,ERR,ERR,ERR,ERR,ERR,ERR,ERR,ERR,ERR,ERR,ERR,ERR,ERR,ERR,ERR,ERR,ERR,ERR,ERR,ERR,ERR,ERR,ERR,ERR,ERR,ERR,ERR,ERR,ERR,ERR,ERR,ERR,ERR,ERR,ERR,ERR,ERR,ERR,ERR,ERR,ERR,ERR,ERR,ERR,ERR,ERR,ERR,ERR,ERR,ERR,ERR,ERR,ERR,ERR,ERR,ERR,ERR,ERR,ERR,ERR,ERR,ERR,ERR,ERR,ERR,ERR,ERR,ERR,ERR,ERR,ERR,ERR,ERR,ERR,ERR,ERR,ERR,ERR,ERR,ERR,ERR,ERR,ERR,ERR,ERR,ERR,ERR,ERR,ERR,ERR,ERR,ERR,ERR,ERR,ERR,ERR,ERR,ERR,ERR,ERR,ERR,ERR,ERR,ERR,ERR,ERR,ERR,ERR,ERR,ERR,0.0,-0.0,-0.0,0.0,0.0,1.3936040501711995e+18,7.805,0.0,0,0,4,0,8422,0.0,45,0.0,0.0,0.0,0.0,0.0,0,0,0,0,0.0,0,0,0,0,0,0,0,0,0,0,0,0,0,0,0,0,0,0,0,0,0,0,0,0,0,0,0,0,0,0,0,0,0,38,14,7,45,65476,0,300,0,0,8,21553,0.0,-107605600.0,0.0,0.0,0.0,0.0,0.0,0.0,0.0,0.0,0.0,0.0,0.0,0.0,0.0,0.0,0.0,0.0,0.0,0.0,0.0,0.0,-2.004,-0.0,-0.0,-2.004,0.0,0.0,0.0,0.0,4967.0,-131350.422,0.0,0.0,-0.0,-107615272.0,-0.0,0.0,0.0,0.0,0.0,53,0.0,1.905685750968484e+17,0.0,0.0,0.0,0.0,0.0,0.0,0.0,0,0,0,0.0,0.0,0.0,0.0,0.0,0.0,0.0,0.0,0.0,0.0,0.0,0.0,0.0,0.0,0.0,0.0,0,-107875648.0,53,0.0,106,-107614832.0,-107350944.0,ERR,ERR,ERR,ERR,ERR,ERR,ERR,ERR,ERR,ERR,ERR,ERR,ERR,ERR,ERR,ERR,ERR,ERR,ERR,ERR,ERR,ERR,ERR,ERR,ERR,ERR,ERR,ERR,ERR,ERR,ERR,ERR,ERR,ERR,ERR,ERR,ERR,ERR,ERR,ERR,ERR,ERR,ERR,ERR,ERR,ERR,ERR,ERR,ERR,ERR,ERR,ERR,ERR,ERR,ERR,ERR,ERR,ERR,ERR,ERR,ERR,ERR,ERR,ERR,ERR,ERR,ERR,50.0,60.0,100,0.0,0.0,0.0,0.0,0.0,0.0,0.0,0.0,0.0,0.0,0.0,0.0,0.0,0.0,0.0,0.0,62.0,65,20,65521,50,65476,0,300,0,0,8,20529,65476,0,0,26214,60.0,0.0,0.0,0.0,0.0,0.0
2026-05-17T16:11:31,ERR,ERR,ERR,ERR,ERR,ERR,ERR,ERR,ERR,ERR,ERR,ERR,ERR,ERR,ERR,ERR,ERR,ERR,ERR,ERR,ERR,ERR,ERR,ERR,ERR,ERR,ERR,ERR,ERR,ERR,ERR,ERR,ERR,ERR,ERR,ERR,ERR,ERR,ERR,ERR,ERR,ERR,ERR,ERR,ERR,ERR,ERR,ERR,ERR,ERR,ERR,ERR,ERR,ERR,ERR,ERR,ERR,ERR,ERR,ERR,ERR,ERR,ERR,ERR,ERR,ERR,ERR,ERR,ERR,ERR,ERR,ERR,ERR,ERR,ERR,ERR,ERR,ERR,ERR,ERR,ERR,ERR,ERR,ERR,ERR,ERR,ERR,ERR,ERR,ERR,ERR,ERR,ERR,ERR,ERR,ERR,ERR,ERR,ERR,ERR,ERR,ERR,ERR,ERR,ERR,ERR,ERR,ERR,ERR,ERR,ERR,ERR,ERR,ERR,ERR,ERR,ERR,ERR,ERR,ERR,ERR,ERR,ERR,ERR,ERR,0.0,-0.0,-0.0,0.0,0.0,1.3936040501711995e+18,7.805,0.0,0,0,4,0,8422,0.0,45,0.0,0.0,0.0,0.0,0.0,0,0,0,0,0.0,0,0,0,0,0,0,0,0,0,0,0,0,0,0,0,0,0,0,0,0,0,0,0,0,0,0,0,0,0,0,0,0,0,38,14,7,45,65476,0,300,0,0,8,21553,0.0,-107605600.0,0.0,0.0,0.0,0.0,0.0,0.0,0.0,0.0,0.0,0.0,0.0,0.0,0.0,0.0,0.0,0.0,0.0,0.0,0.0,0.0,-2.004,-0.0,-0.0,-2.004,0.0,0.0,0.0,0.0,4967.0,-131350.422,0.0,0.0,-0.0,-107615272.0,-0.0,0.0,0.0,0.0,0.0,53,0.0,1.905685750968484e+17,0.0,0.0,0.0,0.0,0.0,0.0,0.0,0,0,0,0.0,0.0,0.0,0.0,0.0,0.0,0.0,0.0,0.0,0.0,0.0,0.0,0.0,0.0,0.0,0.0,0,-107875648.0,53,0.0,106,-107614832.0,-107350944.0,ERR,ERR,ERR,ERR,ERR,ERR,ERR,ERR,ERR,ERR,ERR,ERR,ERR,ERR,ERR,ERR,ERR,ERR,ERR,ERR,ERR,ERR,ERR,ERR,ERR,ERR,ERR,ERR,ERR,ERR,ERR,ERR,ERR,ERR,ERR,ERR,ERR,ERR,ERR,ERR,ERR,ERR,ERR,ERR,ERR,ERR,ERR,ERR,ERR,ERR,ERR,ERR,ERR,ERR,ERR,ERR,ERR,ERR,ERR,ERR,ERR,ERR,ERR,ERR,ERR,ERR,ERR,50.0,60.0,100,0.0,0.0,0.0,0.0,0.0,0.0,0.0,0.0,0.0,0.0,0.0,0.0,0.0,0.0,0.0,0.0,61.6,65,20,65521,50,65476,0,300,0,0,8,20529,65476,0,0,26214,60.0,0.0,0.0,0.0,0.0,0.0
2026-05-17T16:11:32,ERR,ERR,ERR,ERR,ERR,ERR,ERR,ERR,ERR,ERR,ERR,ERR,ERR,ERR,ERR,ERR,ERR,ERR,ERR,ERR,ERR,ERR,ERR,ERR,ERR,ERR,ERR,ERR,ERR,ERR,ERR,ERR,ERR,ERR,ERR,ERR,ERR,ERR,ERR,ERR,ERR,ERR,ERR,ERR,ERR,ERR,ERR,ERR,ERR,ERR,ERR,ERR,ERR,ERR,ERR,ERR,ERR,ERR,ERR,ERR,ERR,ERR,ERR,ERR,ERR,ERR,ERR,ERR,ERR,ERR,ERR,ERR,ERR,ERR,ERR,ERR,ERR,ERR,ERR,ERR,ERR,ERR,ERR,ERR,ERR,ERR,ERR,ERR,ERR,ERR,ERR,ERR,ERR,ERR,ERR,ERR,ERR,ERR,ERR,ERR,ERR,ERR,ERR,ERR,ERR,ERR,ERR,ERR,ERR,ERR,ERR,ERR,ERR,ERR,ERR,ERR,ERR,ERR,ERR,ERR,ERR,ERR,ERR,ERR,ERR,0.0,-0.0,-0.0,0.0,0.0,1.3936040501711995e+18,7.805,0.0,0,0,4,0,8422,0.0,45,0.0,0.0,0.0,0.0,0.0,0,0,0,0,0.0,0,0,0,0,0,0,0,0,0,0,0,0,0,0,0,0,0,0,0,0,0,0,0,0,0,0,0,0,0,0,0,0,0,38,14,7,45,65476,0,300,0,0,8,21553,0.0,-107605600.0,0.0,0.0,0.0,0.0,0.0,0.0,0.0,0.0,0.0,0.0,0.0,0.0,0.0,0.0,0.0,0.0,0.0,0.0,0.0,0.0,-2.004,-0.0,2.004,-2.004,0.0,0.0,0.0,0.0,4978.0,2.4229876163019057e+24,0.0,0.0,-0.0,0.0,2.718429120148166e+23,0.0,0.0,0.0,0.0,53,4.066880103266858e+29,-3.222002029374005e+26,0.0,0.0,0.0,0.0,0.0,0.0,0.0,0,0,0,0.0,0.0,0.0,0.0,0.0,0.0,0.0,0.0,0.0,0.0,0.0,0.0,0.0,0.0,0.0,0.0,0,-107875648.0,53,0.0,106,-107614832.0,-107350944.0,ERR,ERR,ERR,ERR,ERR,ERR,ERR,ERR,ERR,ERR,ERR,ERR,ERR,ERR,ERR,ERR,ERR,ERR,ERR,ERR,ERR,ERR,ERR,ERR,ERR,ERR,ERR,ERR,ERR,ERR,ERR,ERR,ERR,ERR,ERR,ERR,ERR,ERR,ERR,ERR,ERR,ERR,ERR,ERR,ERR,ERR,ERR,ERR,ERR,ERR,ERR,ERR,ERR,ERR,ERR,ERR,ERR,ERR,ERR,ERR,ERR,ERR,ERR,ERR,ERR,ERR,ERR,50.0,60.0,100,0.0,0.0,0.0,0.0,0.0,0.0,0.0,0.0,0.0,0.0,0.0,0.0,0.0,0.0,0.0,0.0,61.6,65,20,65521,50,65476,0,300,0,0,8,20529,65476,0,0,26214,60.0,0.0,0.0,0.0,0.0,0.0
2026-05-17T16:11:33,ERR,ERR,ERR,ERR,ERR,ERR,ERR,ERR,ERR,ERR,ERR,ERR,ERR,ERR,ERR,ERR,ERR,ERR,ERR,ERR,ERR,ERR,ERR,ERR,ERR,ERR,ERR,ERR,ERR,ERR,ERR,ERR,ERR,ERR,ERR,ERR,ERR,ERR,ERR,ERR,ERR,ERR,ERR,ERR,ERR,ERR,ERR,ERR,ERR,ERR,ERR,ERR,ERR,ERR,ERR,ERR,ERR,ERR,ERR,ERR,ERR,ERR,ERR,ERR,ERR,ERR,ERR,ERR,ERR,ERR,ERR,ERR,ERR,ERR,ERR,ERR,ERR,ERR,ERR,ERR,ERR,ERR,ERR,ERR,ERR,ERR,ERR,ERR,ERR,ERR,ERR,ERR,ERR,ERR,ERR,ERR,ERR,ERR,ERR,ERR,ERR,ERR,ERR,ERR,ERR,ERR,ERR,ERR,ERR,ERR,ERR,ERR,ERR,ERR,ERR,ERR,ERR,ERR,ERR,ERR,ERR,ERR,ERR,ERR,ERR,0.0,-0.0,-0.0,0.0,0.0,1.3936040501711995e+18,7.805,0.0,0,0,4,0,8422,0.0,45,0.0,0.0,0.0,0.0,0.0,0,0,0,0,0.0,0,0,0,0,0,0,0,0,0,0,0,0,0,0,0,0,0,0,0,0,0,0,0,0,0,0,0,0,0,0,0,0,0,38,14,7,45,65476,0,300,0,0,8,21553,0.0,-107605600.0,0.0,0.0,0.0,0.0,0.0,0.0,0.0,0.0,0.0,0.0,0.0,0.0,0.0,0.0,0.0,0.0,0.0,0.0,0.0,0.0,-2.004,-0.0,2.004,-2.004,0.0,0.0,0.0,0.0,4978.0,2.4229876163019057e+24,0.0,0.0,-0.0,0.0,2.718429120148166e+23,0.0,0.0,0.0,0.0,53,4.066880103266858e+29,-3.222002029374005e+26,0.0,0.0,0.0,0.0,0.0,0.0,0.0,0,0,0,0.0,0.0,0.0,0.0,0.0,0.0,0.0,0.0,0.0,0.0,0.0,0.0,0.0,0.0,0.0,0.0,0,-107875648.0,53,0.0,106,-107614832.0,-107350944.0,ERR,ERR,ERR,ERR,ERR,ERR,ERR,ERR,ERR,ERR,ERR,ERR,ERR,ERR,ERR,ERR,ERR,ERR,ERR,ERR,ERR,ERR,ERR,ERR,ERR,ERR,ERR,ERR,ERR,ERR,ERR,ERR,ERR,ERR,ERR,ERR,ERR,ERR,ERR,ERR,ERR,ERR,ERR,ERR,ERR,ERR,ERR,ERR,ERR,ERR,ERR,ERR,ERR,ERR,ERR,ERR,ERR,ERR,ERR,ERR,ERR,ERR,ERR,ERR,ERR,ERR,ERR,50.0,60.0,100,0.0,0.0,0.0,0.0,0.0,0.0,0.0,0.0,0.0,0.0,0.0,0.0,0.0,0.0,0.0,0.0,61.6,65,20,65521,50,65476,0,300,0,0,8,20529,65476,0,0,26214,60.0,0.0,0.0,0.0,0.0,0.0
2026-05-17T16:11:34,ERR,ERR,ERR,ERR,ERR,ERR,ERR,ERR,ERR,ERR,ERR,ERR,ERR,ERR,ERR,ERR,ERR,ERR,ERR,ERR,ERR,ERR,ERR,ERR,ERR,ERR,ERR,ERR,ERR,ERR,ERR,ERR,ERR,ERR,ERR,ERR,ERR,ERR,ERR,ERR,ERR,ERR,ERR,ERR,ERR,ERR,ERR,ERR,ERR,ERR,ERR,ERR,ERR,ERR,ERR,ERR,ERR,ERR,ERR,ERR,ERR,ERR,ERR,ERR,ERR,ERR,ERR,ERR,ERR,ERR,ERR,ERR,ERR,ERR,ERR,ERR,ERR,ERR,ERR,ERR,ERR,ERR,ERR,ERR,ERR,ERR,ERR,ERR,ERR,ERR,ERR,ERR,ERR,ERR,ERR,ERR,ERR,ERR,ERR,ERR,ERR,ERR,ERR,ERR,ERR,ERR,ERR,ERR,ERR,ERR,ERR,ERR,ERR,ERR,ERR,ERR,ERR,ERR,ERR,ERR,ERR,ERR,ERR,ERR,ERR,0.0,-0.0,-0.0,0.0,0.0,1.3936040501711995e+18,7.805,0.0,0,0,4,0,8422,0.0,45,0.0,0.0,0.0,0.0,0.0,0,0,0,0,0.0,0,0,0,0,0,0,0,0,0,0,0,0,0,0,0,0,0,0,0,0,0,0,0,0,0,0,0,0,0,0,0,0,0,38,14,7,45,65476,0,300,0,0,8,21553,0.0,-107605600.0,0.0,0.0,0.0,0.0,0.0,0.0,0.0,0.0,0.0,0.0,0.0,0.0,0.0,0.0,0.0,0.0,0.0,0.0,0.0,0.0,-2.004,-0.0,2.004,-2.004,0.0,0.0,0.0,0.0,4978.0,2.4229876163019057e+24,0.0,0.0,-0.0,0.0,2.718429120148166e+23,0.0,0.0,0.0,0.0,53,4.066880103266858e+29,-3.222002029374005e+26,0.0,0.0,0.0,0.0,0.0,0.0,0.0,0,0,0,0.0,0.0,0.0,0.0,0.0,0.0,0.0,0.0,0.0,0.0,0.0,0.0,0.0,0.0,0.0,0.0,0,-107875648.0,53,0.0,106,-107614832.0,-107350944.0,ERR,ERR,ERR,ERR,ERR,ERR,ERR,ERR,ERR,ERR,ERR,ERR,ERR,ERR,ERR,ERR,ERR,ERR,ERR,ERR,ERR,ERR,ERR,ERR,ERR,ERR,ERR,ERR,ERR,ERR,ERR,ERR,ERR,ERR,ERR,ERR,ERR,ERR,ERR,ERR,ERR,ERR,ERR,ERR,ERR,ERR,ERR,ERR,ERR,ERR,ERR,ERR,ERR,ERR,ERR,ERR,ERR,ERR,ERR,ERR,ERR,ERR,ERR,ERR,ERR,ERR,ERR,50.0,60.0,100,0.0,0.0,0.0,0.0,0.0,0.0,0.0,0.0,0.0,0.0,0.0,0.0,0.0,0.0,0.0,0.0,61.6,65,20,65521,50,65476,0,300,0,0,8,20529,65476,0,0,26214,60.0,0.0,0.0,0.0,0.0,0.0
2026-05-17T16:11:35,ERR,ERR,ERR,ERR,ERR,ERR,ERR,ERR,ERR,ERR,ERR,ERR,ERR,ERR,ERR,ERR,ERR,ERR,ERR,ERR,ERR,ERR,ERR,ERR,ERR,ERR,ERR,ERR,ERR,ERR,ERR,ERR,ERR,ERR,ERR,ERR,ERR,ERR,ERR,ERR,ERR,ERR,ERR,ERR,ERR,ERR,ERR,ERR,ERR,ERR,ERR,ERR,ERR,ERR,ERR,ERR,ERR,ERR,ERR,ERR,ERR,ERR,ERR,ERR,ERR,ERR,ERR,ERR,ERR,ERR,ERR,ERR,ERR,ERR,ERR,ERR,ERR,ERR,ERR,ERR,ERR,ERR,ERR,ERR,ERR,ERR,ERR,ERR,ERR,ERR,ERR,ERR,ERR,ERR,ERR,ERR,ERR,ERR,ERR,ERR,ERR,ERR,ERR,ERR,ERR,ERR,ERR,ERR,ERR,ERR,ERR,ERR,ERR,ERR,ERR,ERR,ERR,ERR,ERR,ERR,ERR,ERR,ERR,ERR,ERR,0.0,-0.0,-0.0,0.0,0.0,1.3936040501711995e+18,7.805,0.0,0,0,4,0,8422,0.0,45,0.0,0.0,0.0,0.0,0.0,0,0,0,0,0.0,0,0,0,0,0,0,0,0,0,0,0,0,0,0,0,0,0,0,0,0,0,0,0,0,0,0,0,0,0,0,0,0,0,38,14,7,45,65476,0,300,0,0,8,21553,0.0,-107605600.0,0.0,0.0,0.0,0.0,0.0,0.0,0.0,0.0,0.0,0.0,0.0,0.0,0.0,0.0,0.0,0.0,0.0,0.0,0.0,0.0,-2.004,-0.0,2.004,-2.004,0.0,0.0,0.0,0.0,4978.0,2.4229876163019057e+24,0.0,0.0,-0.0,0.0,2.718429120148166e+23,0.0,0.0,0.0,0.0,53,4.066880103266858e+29,-3.222002029374005e+26,0.0,0.0,0.0,0.0,0.0,0.0,0.0,0,0,0,0.0,0.0,0.0,0.0,0.0,0.0,0.0,0.0,0.0,0.0,0.0,0.0,0.0,0.0,0.0,0.0,0,-107875648.0,53,0.0,106,-107614832.0,-107350944.0,ERR,ERR,ERR,ERR,ERR,ERR,ERR,ERR,ERR,ERR,ERR,ERR,ERR,ERR,ERR,ERR,ERR,ERR,ERR,ERR,ERR,ERR,ERR,ERR,ERR,ERR,ERR,ERR,ERR,ERR,ERR,ERR,ERR,ERR,ERR,ERR,ERR,ERR,ERR,ERR,ERR,ERR,ERR,ERR,ERR,ERR,ERR,ERR,ERR,ERR,ERR,ERR,ERR,ERR,ERR,ERR,ERR,ERR,ERR,ERR,ERR,ERR,ERR,ERR,ERR,ERR,ERR,50.0,60.0,100,0.0,0.0,0.0,0.0,0.0,0.0,0.0,0.0,0.0,0.0,0.0,0.0,0.0,0.0,0.0,0.0,61.6,65,20,65521,50,65476,0,300,0,0,8,20529,65476,0,0,26214,60.0,0.0,0.0,0.0,0.0,0.0
2026-05-17T16:11:36,ERR,ERR,ERR,ERR,ERR,ERR,ERR,ERR,ERR,ERR,ERR,ERR,ERR,ERR,ERR,ERR,ERR,ERR,ERR,ERR,ERR,ERR,ERR,ERR,ERR,ERR,ERR,ERR,ERR,ERR,ERR,ERR,ERR,ERR,ERR,ERR,ERR,ERR,ERR,ERR,ERR,ERR,ERR,ERR,ERR,ERR,ERR,ERR,ERR,ERR,ERR,ERR,ERR,ERR,ERR,ERR,ERR,ERR,ERR,ERR,ERR,ERR,ERR,ERR,ERR,ERR,ERR,ERR,ERR,ERR,ERR,ERR,ERR,ERR,ERR,ERR,ERR,ERR,ERR,ERR,ERR,ERR,ERR,ERR,ERR,ERR,ERR,ERR,ERR,ERR,ERR,ERR,ERR,ERR,ERR,ERR,ERR,ERR,ERR,ERR,ERR,ERR,ERR,ERR,ERR,ERR,ERR,ERR,ERR,ERR,ERR,ERR,ERR,ERR,ERR,ERR,ERR,ERR,ERR,ERR,ERR,ERR,ERR,ERR,ERR,0.0,-0.0,-0.0,0.0,0.0,1.3936040501711995e+18,7.805,0.0,0,0,4,0,8422,0.0,45,0.0,0.0,0.0,0.0,0.0,0,0,0,0,0.0,0,0,0,0,0,0,0,0,0,0,0,0,0,0,0,0,0,0,0,0,0,0,0,0,0,0,0,0,0,0,0,0,0,38,14,7,45,65476,0,300,0,0,8,21553,0.0,-107605600.0,0.0,0.0,0.0,0.0,0.0,0.0,0.0,0.0,0.0,0.0,0.0,0.0,0.0,0.0,0.0,0.0,0.0,0.0,0.0,0.0,-2.004,-0.0,2.004,-2.004,0.0,0.0,0.0,0.0,4978.0,2.4229876163019057e+24,0.0,0.0,-0.0,0.0,2.718429120148166e+23,0.0,0.0,0.0,0.0,53,4.066880103266858e+29,-3.222002029374005e+26,0.0,0.0,0.0,0.0,0.0,0.0,0.0,0,0,0,0.0,0.0,0.0,0.0,0.0,0.0,0.0,0.0,0.0,0.0,0.0,0.0,0.0,0.0,0.0,0.0,0,-107875648.0,53,0.0,106,-107614832.0,-107350944.0,ERR,ERR,ERR,ERR,ERR,ERR,ERR,ERR,ERR,ERR,ERR,ERR,ERR,ERR,ERR,ERR,ERR,ERR,ERR,ERR,ERR,ERR,ERR,ERR,ERR,ERR,ERR,ERR,ERR,ERR,ERR,ERR,ERR,ERR,ERR,ERR,ERR,ERR,ERR,ERR,ERR,ERR,ERR,ERR,ERR,ERR,ERR,ERR,ERR,ERR,ERR,ERR,ERR,ERR,ERR,ERR,ERR,ERR,ERR,ERR,ERR,ERR,ERR,ERR,ERR,ERR,ERR,50.0,60.0,100,0.0,0.0,0.0,0.0,0.0,0.0,0.0,0.0,0.0,0.0,0.0,0.0,0.0,0.0,0.0,0.0,61.6,65,20,65521,50,65476,0,300,0,0,8,20529,65476,0,0,26214,60.0,0.0,0.0,0.0,0.0,0.0
2026-05-17T16:11:37,ERR,ERR,ERR,ERR,ERR,ERR,ERR,ERR,ERR,ERR,ERR,ERR,ERR,ERR,ERR,ERR,ERR,ERR,ERR,ERR,ERR,ERR,ERR,ERR,ERR,ERR,ERR,ERR,ERR,ERR,ERR,ERR,ERR,ERR,ERR,ERR,ERR,ERR,ERR,ERR,ERR,ERR,ERR,ERR,ERR,ERR,ERR,ERR,ERR,ERR,ERR,ERR,ERR,ERR,ERR,ERR,ERR,ERR,ERR,ERR,ERR,ERR,ERR,ERR,ERR,ERR,ERR,ERR,ERR,ERR,ERR,ERR,ERR,ERR,ERR,ERR,ERR,ERR,ERR,ERR,ERR,ERR,ERR,ERR,ERR,ERR,ERR,ERR,ERR,ERR,ERR,ERR,ERR,ERR,ERR,ERR,ERR,ERR,ERR,ERR,ERR,ERR,ERR,ERR,ERR,ERR,ERR,ERR,ERR,ERR,ERR,ERR,ERR,ERR,ERR,ERR,ERR,ERR,ERR,ERR,ERR,ERR,ERR,ERR,ERR,0.0,-0.0,-0.0,0.0,0.0,1.3936040501711995e+18,7.805,0.0,0,0,4,0,8422,0.0,45,0.0,0.0,0.0,0.0,0.0,0,0,0,0,0.0,0,0,0,0,0,0,0,0,0,0,0,0,0,0,0,0,0,0,0,0,0,0,0,0,0,0,0,0,0,0,0,0,0,38,14,7,45,65476,0,300,0,0,8,21553,0.0,-107605600.0,0.0,0.0,0.0,0.0,0.0,0.0,0.0,0.0,0.0,0.0,0.0,0.0,0.0,0.0,0.0,0.0,0.0,0.0,0.0,0.0,-2.004,-0.0,-0.0,0.0,0.0,0.0,0.0,0.0,4978.0,-564145766268928.0,0.0,0.0,-0.0,0.0,-0.0,0.0,0.0,0.0,0.0,53,5.848083413016271e+35,5.848055287018579e+35,0.0,0.0,0.0,0.0,0.0,0.0,0.0,0,0,0,0.0,0.0,0.0,0.0,0.0,0.0,0.0,0.0,0.0,0.0,0.0,0.0,0.0,0.0,0.0,0.0,0,-107875648.0,53,0.0,106,-107614832.0,-107350944.0,ERR,ERR,ERR,ERR,ERR,ERR,ERR,ERR,ERR,ERR,ERR,ERR,ERR,ERR,ERR,ERR,ERR,ERR,ERR,ERR,ERR,ERR,ERR,ERR,ERR,ERR,ERR,ERR,ERR,ERR,ERR,ERR,ERR,ERR,ERR,ERR,ERR,ERR,ERR,ERR,ERR,ERR,ERR,ERR,ERR,ERR,ERR,ERR,ERR,ERR,ERR,ERR,ERR,ERR,ERR,ERR,ERR,ERR,ERR,ERR,ERR,ERR,ERR,ERR,ERR,ERR,ERR,50.0,60.0,100,0.0,0.0,0.0,0.0,0.0,0.0,0.0,0.0,0.0,0.0,0.0,0.0,0.0,0.0,0.0,0.0,61.6,65,20,65521,50,65476,0,300,0,0,8,20529,65476,0,0,26214,60.0,0.0,0.0,0.0,0.0,0.0
2026-05-17T16:11:38,ERR,ERR,ERR,ERR,ERR,ERR,ERR,ERR,ERR,ERR,ERR,ERR,ERR,ERR,ERR,ERR,ERR,ERR,ERR,ERR,ERR,ERR,ERR,ERR,ERR,ERR,ERR,ERR,ERR,ERR,ERR,ERR,ERR,ERR,ERR,ERR,ERR,ERR,ERR,ERR,ERR,ERR,ERR,ERR,ERR,ERR,ERR,ERR,ERR,ERR,ERR,ERR,ERR,ERR,ERR,ERR,ERR,ERR,ERR,ERR,ERR,ERR,ERR,ERR,ERR,ERR,ERR,ERR,ERR,ERR,ERR,ERR,ERR,ERR,ERR,ERR,ERR,ERR,ERR,ERR,ERR,ERR,ERR,ERR,ERR,ERR,ERR,ERR,ERR,ERR,ERR,ERR,ERR,ERR,ERR,ERR,ERR,ERR,ERR,ERR,ERR,ERR,ERR,ERR,ERR,ERR,ERR,ERR,ERR,ERR,ERR,ERR,ERR,ERR,ERR,ERR,ERR,ERR,ERR,ERR,ERR,ERR,ERR,ERR,ERR,0.0,-0.0,-0.0,0.0,0.0,1.3936040501711995e+18,7.805,0.0,0,0,4,0,8422,0.0,45,0.0,0.0,0.0,0.0,0.0,0,0,0,0,0.0,0,0,0,0,0,0,0,0,0,0,0,0,0,0,0,0,0,0,0,0,0,0,0,0,0,0,0,0,0,0,0,0,0,38,14,7,45,65476,0,300,0,0,8,21553,0.0,-107605600.0,0.0,0.0,0.0,0.0,0.0,0.0,0.0,0.0,0.0,0.0,0.0,0.0,0.0,0.0,0.0,0.0,0.0,0.0,0.0,0.0,-2.004,-0.0,-0.0,0.0,0.0,0.0,0.0,0.0,4978.0,-564145766268928.0,0.0,0.0,-0.0,0.0,-0.0,0.0,0.0,0.0,0.0,53,5.848083413016271e+35,5.848055287018579e+35,0.0,0.0,0.0,0.0,0.0,0.0,0.0,0,0,0,0.0,0.0,0.0,0.0,0.0,0.0,0.0,0.0,0.0,0.0,0.0,0.0,0.0,0.0,0.0,0.0,0,-107875648.0,53,0.0,106,-107614832.0,-107350944.0,ERR,ERR,ERR,ERR,ERR,ERR,ERR,ERR,ERR,ERR,ERR,ERR,ERR,ERR,ERR,ERR,ERR,ERR,ERR,ERR,ERR,ERR,ERR,ERR,ERR,ERR,ERR,ERR,ERR,ERR,ERR,ERR,ERR,ERR,ERR,ERR,ERR,ERR,ERR,ERR,ERR,ERR,ERR,ERR,ERR,ERR,ERR,ERR,ERR,ERR,ERR,ERR,ERR,ERR,ERR,ERR,ERR,ERR,ERR,ERR,ERR,ERR,ERR,ERR,ERR,ERR,ERR,50.0,60.0,100,0.0,0.0,0.0,0.0,0.0,0.0,0.0,0.0,0.0,0.0,0.0,0.0,0.0,0.0,0.0,0.0,61.6,65,20,65521,50,65476,0,300,0,0,8,20529,65476,0,0,26214,60.0,0.0,0.0,0.0,0.0,0.0
2026-05-17T16:11:39,ERR,ERR,ERR,ERR,ERR,ERR,ERR,ERR,ERR,ERR,ERR,ERR,ERR,ERR,ERR,ERR,ERR,ERR,ERR,ERR,ERR,ERR,ERR,ERR,ERR,ERR,ERR,ERR,ERR,ERR,ERR,ERR,ERR,ERR,ERR,ERR,ERR,ERR,ERR,ERR,ERR,ERR,ERR,ERR,ERR,ERR,ERR,ERR,ERR,ERR,ERR,ERR,ERR,ERR,ERR,ERR,ERR,ERR,ERR,ERR,ERR,ERR,ERR,ERR,ERR,ERR,ERR,ERR,ERR,ERR,ERR,ERR,ERR,ERR,ERR,ERR,ERR,ERR,ERR,ERR,ERR,ERR,ERR,ERR,ERR,ERR,ERR,ERR,ERR,ERR,ERR,ERR,ERR,ERR,ERR,ERR,ERR,ERR,ERR,ERR,ERR,ERR,ERR,ERR,ERR,ERR,ERR,ERR,ERR,ERR,ERR,ERR,ERR,ERR,ERR,ERR,ERR,ERR,ERR,ERR,ERR,ERR,ERR,ERR,ERR,0.0,-0.0,-0.0,0.0,0.0,1.3936040501711995e+18,7.805,0.0,0,0,4,0,8422,0.0,45,0.0,0.0,0.0,0.0,0.0,0,0,0,0,0.0,0,0,0,0,0,0,0,0,0,0,0,0,0,0,0,0,0,0,0,0,0,0,0,0,0,0,0,0,0,0,0,0,0,38,14,7,45,65476,0,300,0,0,8,21553,0.0,-107605600.0,0.0,0.0,0.0,0.0,0.0,0.0,0.0,0.0,0.0,0.0,0.0,0.0,0.0,0.0,0.0,0.0,0.0,0.0,0.0,0.0,-2.004,-0.0,-0.0,0.0,0.0,0.0,0.0,0.0,4978.0,-564145766268928.0,0.0,0.0,-0.0,0.0,-0.0,0.0,0.0,0.0,0.0,53,5.848083413016271e+35,5.848055287018579e+35,0.0,0.0,0.0,0.0,0.0,0.0,0.0,0,0,0,0.0,0.0,0.0,0.0,0.0,0.0,0.0,0.0,0.0,0.0,0.0,0.0,0.0,0.0,0.0,0.0,0,-107875648.0,53,0.0,106,-107614832.0,-107350944.0,ERR,ERR,ERR,ERR,ERR,ERR,ERR,ERR,ERR,ERR,ERR,ERR,ERR,ERR,ERR,ERR,ERR,ERR,ERR,ERR,ERR,ERR,ERR,ERR,ERR,ERR,ERR,ERR,ERR,ERR,ERR,ERR,ERR,ERR,ERR,ERR,ERR,ERR,ERR,ERR,ERR,ERR,ERR,ERR,ERR,ERR,ERR,ERR,ERR,ERR,ERR,ERR,ERR,ERR,ERR,ERR,ERR,ERR,ERR,ERR,ERR,ERR,ERR,ERR,ERR,ERR,ERR,50.0,60.0,100,0.0,0.0,0.0,0.0,0.0,0.0,0.0,0.0,0.0,0.0,0.0,0.0,0.0,0.0,0.0,0.0,61.6,65,20,65521,50,65476,0,300,0,0,8,20529,65476,0,0,26214,60.0,0.0,0.0,0.0,0.0,0.0
2026-05-17T16:11:40,ERR,ERR,ERR,ERR,ERR,ERR,ERR,ERR,ERR,ERR,ERR,ERR,ERR,ERR,ERR,ERR,ERR,ERR,ERR,ERR,ERR,ERR,ERR,ERR,ERR,ERR,ERR,ERR,ERR,ERR,ERR,ERR,ERR,ERR,ERR,ERR,ERR,ERR,ERR,ERR,ERR,ERR,ERR,ERR,ERR,ERR,ERR,ERR,ERR,ERR,ERR,ERR,ERR,ERR,ERR,ERR,ERR,ERR,ERR,ERR,ERR,ERR,ERR,ERR,ERR,ERR,ERR,ERR,ERR,ERR,ERR,ERR,ERR,ERR,ERR,ERR,ERR,ERR,ERR,ERR,ERR,ERR,ERR,ERR,ERR,ERR,ERR,ERR,ERR,ERR,ERR,ERR,ERR,ERR,ERR,ERR,ERR,ERR,ERR,ERR,ERR,ERR,ERR,ERR,ERR,ERR,ERR,ERR,ERR,ERR,ERR,ERR,ERR,ERR,ERR,ERR,ERR,ERR,ERR,ERR,ERR,ERR,ERR,ERR,ERR,0.0,-0.0,-0.0,0.0,0.0,1.3936040501711995e+18,7.805,0.0,0,0,4,0,8422,0.0,45,0.0,0.0,0.0,0.0,0.0,0,0,0,0,0.0,0,0,0,0,0,0,0,0,0,0,0,0,0,0,0,0,0,0,0,0,0,0,0,0,0,0,0,0,0,0,0,0,0,38,14,7,45,65476,0,300,0,0,8,21553,0.0,-107605600.0,0.0,0.0,0.0,0.0,0.0,0.0,0.0,0.0,0.0,0.0,0.0,0.0,0.0,0.0,0.0,0.0,0.0,0.0,0.0,0.0,-2.004,-0.0,-0.0,0.0,0.0,0.0,0.0,0.0,4978.0,-564145766268928.0,0.0,0.0,-0.0,0.0,-0.0,0.0,0.0,0.0,0.0,53,5.848083413016271e+35,5.848055287018579e+35,0.0,0.0,0.0,0.0,0.0,0.0,0.0,0,0,0,0.0,0.0,0.0,0.0,0.0,0.0,0.0,0.0,0.0,0.0,0.0,0.0,0.0,0.0,0.0,0.0,0,-107875648.0,53,0.0,106,-107614832.0,-107350944.0,ERR,ERR,ERR,ERR,ERR,ERR,ERR,ERR,ERR,ERR,ERR,ERR,ERR,ERR,ERR,ERR,ERR,ERR,ERR,ERR,ERR,ERR,ERR,ERR,ERR,ERR,ERR,ERR,ERR,ERR,ERR,ERR,ERR,ERR,ERR,ERR,ERR,ERR,ERR,ERR,ERR,ERR,ERR,ERR,ERR,ERR,ERR,ERR,ERR,ERR,ERR,ERR,ERR,ERR,ERR,ERR,ERR,ERR,ERR,ERR,ERR,ERR,ERR,ERR,ERR,ERR,ERR,50.0,60.0,100,0.0,0.0,0.0,0.0,0.0,0.0,0.0,0.0,0.0,0.0,0.0,0.0,0.0,0.0,0.0,0.0,62.0,65,20,65521,50,65476,0,300,0,0,8,20529,65476,0,0,26214,60.0,0.0,0.0,0.0,0.0,0.0
2026-05-17T16:11:41,ERR,ERR,ERR,ERR,ERR,ERR,ERR,ERR,ERR,ERR,ERR,ERR,ERR,ERR,ERR,ERR,ERR,ERR,ERR,ERR,ERR,ERR,ERR,ERR,ERR,ERR,ERR,ERR,ERR,ERR,ERR,ERR,ERR,ERR,ERR,ERR,ERR,ERR,ERR,ERR,ERR,ERR,ERR,ERR,ERR,ERR,ERR,ERR,ERR,ERR,ERR,ERR,ERR,ERR,ERR,ERR,ERR,ERR,ERR,ERR,ERR,ERR,ERR,ERR,ERR,ERR,ERR,ERR,ERR,ERR,ERR,ERR,ERR,ERR,ERR,ERR,ERR,ERR,ERR,ERR,ERR,ERR,ERR,ERR,ERR,ERR,ERR,ERR,ERR,ERR,ERR,ERR,ERR,ERR,ERR,ERR,ERR,ERR,ERR,ERR,ERR,ERR,ERR,ERR,ERR,ERR,ERR,ERR,ERR,ERR,ERR,ERR,ERR,ERR,ERR,ERR,ERR,ERR,ERR,ERR,ERR,ERR,ERR,ERR,ERR,0.0,-0.0,-0.0,0.0,0.0,1.3936040501711995e+18,7.805,0.0,0,0,4,0,8422,0.0,45,0.0,0.0,0.0,0.0,0.0,0,0,0,0,0.0,0,0,0,0,0,0,0,0,0,0,0,0,0,0,0,0,0,0,0,0,0,0,0,0,0,0,0,0,0,0,0,0,0,38,14,7,45,65476,0,300,0,0,8,21553,0.0,-107605600.0,0.0,0.0,0.0,0.0,0.0,0.0,0.0,0.0,0.0,0.0,0.0,0.0,0.0,0.0,0.0,0.0,0.0,0.0,0.0,0.0,-2.004,-0.0,-0.0,0.0,0.0,0.0,0.0,0.0,4978.0,-564145766268928.0,0.0,0.0,-0.0,0.0,-0.0,0.0,0.0,0.0,0.0,53,5.848083413016271e+35,5.848055287018579e+35,0.0,0.0,0.0,0.0,0.0,0.0,0.0,0,0,0,0.0,0.0,0.0,0.0,0.0,0.0,0.0,0.0,0.0,0.0,0.0,0.0,0.0,0.0,0.0,0.0,0,-107875648.0,53,0.0,106,-107614832.0,-107350944.0,ERR,ERR,ERR,ERR,ERR,ERR,ERR,ERR,ERR,ERR,ERR,ERR,ERR,ERR,ERR,ERR,ERR,ERR,ERR,ERR,ERR,ERR,ERR,ERR,ERR,ERR,ERR,ERR,ERR,ERR,ERR,ERR,ERR,ERR,ERR,ERR,ERR,ERR,ERR,ERR,ERR,ERR,ERR,ERR,ERR,ERR,ERR,ERR,ERR,ERR,ERR,ERR,ERR,ERR,ERR,ERR,ERR,ERR,ERR,ERR,ERR,ERR,ERR,ERR,ERR,ERR,ERR,50.0,60.0,100,0.0,0.0,0.0,0.0,0.0,0.0,0.0,0.0,0.0,0.0,0.0,0.0,0.0,0.0,0.0,0.0,61.6,65,20,65521,50,65476,0,300,0,0,8,20529,65476,0,0,26214,60.0,0.0,0.0,0.0,0.0,0.0
2026-05-17T16:11:42,ERR,ERR,ERR,ERR,ERR,ERR,ERR,ERR,ERR,ERR,ERR,ERR,ERR,ERR,ERR,ERR,ERR,ERR,ERR,ERR,ERR,ERR,ERR,ERR,ERR,ERR,ERR,ERR,ERR,ERR,ERR,ERR,ERR,ERR,ERR,ERR,ERR,ERR,ERR,ERR,ERR,ERR,ERR,ERR,ERR,ERR,ERR,ERR,ERR,ERR,ERR,ERR,ERR,ERR,ERR,ERR,ERR,ERR,ERR,ERR,ERR,ERR,ERR,ERR,ERR,ERR,ERR,ERR,ERR,ERR,ERR,ERR,ERR,ERR,ERR,ERR,ERR,ERR,ERR,ERR,ERR,ERR,ERR,ERR,ERR,ERR,ERR,ERR,ERR,ERR,ERR,ERR,ERR,ERR,ERR,ERR,ERR,ERR,ERR,ERR,ERR,ERR,ERR,ERR,ERR,ERR,ERR,ERR,ERR,ERR,ERR,ERR,ERR,ERR,ERR,ERR,ERR,ERR,ERR,ERR,ERR,ERR,ERR,ERR,ERR,0.0,-0.0,-0.0,0.0,0.0,1.3936040501711995e+18,7.805,0.0,0,0,4,0,8422,0.0,45,0.0,0.0,0.0,0.0,0.0,0,0,0,0,0.0,0,0,0,0,0,0,0,0,0,0,0,0,0,0,0,0,0,0,0,0,0,0,0,0,0,0,0,0,0,0,0,0,0,38,14,7,45,65476,0,300,0,0,8,21553,0.0,-107605600.0,0.0,0.0,0.0,0.0,0.0,0.0,0.0,0.0,0.0,0.0,0.0,0.0,0.0,0.0,0.0,0.0,0.0,0.0,0.0,0.0,-2.004,-0.0,-0.0,0.0,0.0,0.0,0.0,0.0,4978.0,-564145766268928.0,0.0,0.0,-0.0,0.0,-0.0,0.0,0.0,0.0,0.0,53,5.848083413016271e+35,5.848055287018579e+35,0.0,0.0,0.0,0.0,0.0,0.0,0.0,0,0,0,0.0,0.0,0.0,0.0,0.0,0.0,0.0,0.0,0.0,0.0,0.0,0.0,0.0,0.0,0.0,0.0,0,-107875648.0,53,0.0,106,-107614832.0,-107350944.0,ERR,ERR,ERR,ERR,ERR,ERR,ERR,ERR,ERR,ERR,ERR,ERR,ERR,ERR,ERR,ERR,ERR,ERR,ERR,ERR,ERR,ERR,ERR,ERR,ERR,ERR,ERR,ERR,ERR,ERR,ERR,ERR,ERR,ERR,ERR,ERR,ERR,ERR,ERR,ERR,ERR,ERR,ERR,ERR,ERR,ERR,ERR,ERR,ERR,ERR,ERR,ERR,ERR,ERR,ERR,ERR,ERR,ERR,ERR,ERR,ERR,ERR,ERR,ERR,ERR,ERR,ERR,50.0,60.0,100,0.0,0.0,0.0,0.0,0.0,0.0,0.0,0.0,0.0,0.0,0.0,0.0,0.0,0.0,0.0,0.0,61.6,65,20,65521,50,65476,0,300,0,0,8,20529,65476,0,0,26214,60.0,0.0,0.0,0.0,0.0,0.0
2026-05-17T16:11:43,ERR,ERR,ERR,ERR,ERR,ERR,ERR,ERR,ERR,ERR,ERR,ERR,ERR,ERR,ERR,ERR,ERR,ERR,ERR,ERR,ERR,ERR,ERR,ERR,ERR,ERR,ERR,ERR,ERR,ERR,ERR,ERR,ERR,ERR,ERR,ERR,ERR,ERR,ERR,ERR,ERR,ERR,ERR,ERR,ERR,ERR,ERR,ERR,ERR,ERR,ERR,ERR,ERR,ERR,ERR,ERR,ERR,ERR,ERR,ERR,ERR,ERR,ERR,ERR,ERR,ERR,ERR,ERR,ERR,ERR,ERR,ERR,ERR,ERR,ERR,ERR,ERR,ERR,ERR,ERR,ERR,ERR,ERR,ERR,ERR,ERR,ERR,ERR,ERR,ERR,ERR,ERR,ERR,ERR,ERR,ERR,ERR,ERR,ERR,ERR,ERR,ERR,ERR,ERR,ERR,ERR,ERR,ERR,ERR,ERR,ERR,ERR,ERR,ERR,ERR,ERR,ERR,ERR,ERR,ERR,ERR,ERR,ERR,ERR,ERR,0.0,-0.0,-0.0,0.0,0.0,1.3936040501711995e+18,7.805,0.0,0,0,4,0,8422,0.0,45,0.0,0.0,0.0,0.0,0.0,0,0,0,0,0.0,0,0,0,0,0,0,0,0,0,0,0,0,0,0,0,0,0,0,0,0,0,0,0,0,0,0,0,0,0,0,0,0,0,38,14,7,45,65476,0,300,0,0,8,21553,0.0,-107605600.0,0.0,0.0,0.0,0.0,0.0,0.0,0.0,0.0,0.0,0.0,0.0,0.0,0.0,0.0,0.0,0.0,0.0,0.0,0.0,0.0,-2.004,-0.0,-0.0,-2.004,0.0,0.0,0.0,0.0,4975.0,-1.0406652570629681e+34,0.0,0.0,-0.0,0.0,-0.0,0.0,0.0,0.0,0.0,53,2.3088403658719416e+20,-0.0,0.0,0.0,0.0,0.0,0.0,0.0,0.0,0,0,0,0.0,0.0,0.0,0.0,0.0,0.0,0.0,0.0,0.0,0.0,0.0,0.0,0.0,0.0,0.0,0.0,0,-107875648.0,53,0.0,106,-107614832.0,-107350944.0,ERR,ERR,ERR,ERR,ERR,ERR,ERR,ERR,ERR,ERR,ERR,ERR,ERR,ERR,ERR,ERR,ERR,ERR,ERR,ERR,ERR,ERR,ERR,ERR,ERR,ERR,ERR,ERR,ERR,ERR,ERR,ERR,ERR,ERR,ERR,ERR,ERR,ERR,ERR,ERR,ERR,ERR,ERR,ERR,ERR,ERR,ERR,ERR,ERR,ERR,ERR,ERR,ERR,ERR,ERR,ERR,ERR,ERR,ERR,ERR,ERR,ERR,ERR,ERR,ERR,ERR,ERR,50.0,60.0,100,0.0,0.0,0.0,0.0,0.0,0.0,0.0,0.0,0.0,0.0,0.0,0.0,0.0,0.0,0.0,0.0,61.6,65,20,65521,50,65476,0,300,0,0,8,20529,65476,0,0,26214,60.0,0.0,0.0,0.0,0.0,0.0
2026-05-17T16:11:44,ERR,ERR,ERR,ERR,ERR,ERR,ERR,ERR,ERR,ERR,ERR,ERR,ERR,ERR,ERR,ERR,ERR,ERR,ERR,ERR,ERR,ERR,ERR,ERR,ERR,ERR,ERR,ERR,ERR,ERR,ERR,ERR,ERR,ERR,ERR,ERR,ERR,ERR,ERR,ERR,ERR,ERR,ERR,ERR,ERR,ERR,ERR,ERR,ERR,ERR,ERR,ERR,ERR,ERR,ERR,ERR,ERR,ERR,ERR,ERR,ERR,ERR,ERR,ERR,ERR,ERR,ERR,ERR,ERR,ERR,ERR,ERR,ERR,ERR,ERR,ERR,ERR,ERR,ERR,ERR,ERR,ERR,ERR,ERR,ERR,ERR,ERR,ERR,ERR,ERR,ERR,ERR,ERR,ERR,ERR,ERR,ERR,ERR,ERR,ERR,ERR,ERR,ERR,ERR,ERR,ERR,ERR,ERR,ERR,ERR,ERR,ERR,ERR,ERR,ERR,ERR,ERR,ERR,ERR,ERR,ERR,ERR,ERR,ERR,ERR,0.0,-0.0,-0.0,0.0,0.0,1.3936040501711995e+18,7.805,0.0,0,0,4,0,8422,0.0,45,0.0,0.0,0.0,0.0,0.0,0,0,0,0,0.0,0,0,0,0,0,0,0,0,0,0,0,0,0,0,0,0,0,0,0,0,0,0,0,0,0,0,0,0,0,0,0,0,0,38,14,7,45,65476,0,300,0,0,8,21553,0.0,-107605600.0,0.0,0.0,0.0,0.0,0.0,0.0,0.0,0.0,0.0,0.0,0.0,0.0,0.0,0.0,0.0,0.0,0.0,0.0,0.0,0.0,-2.004,-0.0,-0.0,-2.004,0.0,0.0,0.0,0.0,4975.0,-1.0406652570629681e+34,0.0,0.0,-0.0,0.0,-0.0,0.0,0.0,0.0,0.0,53,2.3088403658719416e+20,-0.0,0.0,0.0,0.0,0.0,0.0,0.0,0.0,0,0,0,0.0,0.0,0.0,0.0,0.0,0.0,0.0,0.0,0.0,0.0,0.0,0.0,0.0,0.0,0.0,0.0,0,-107875648.0,53,0.0,106,-107614832.0,-107350944.0,ERR,ERR,ERR,ERR,ERR,ERR,ERR,ERR,ERR,ERR,ERR,ERR,ERR,ERR,ERR,ERR,ERR,ERR,ERR,ERR,ERR,ERR,ERR,ERR,ERR,ERR,ERR,ERR,ERR,ERR,ERR,ERR,ERR,ERR,ERR,ERR,ERR,ERR,ERR,ERR,ERR,ERR,ERR,ERR,ERR,ERR,ERR,ERR,ERR,ERR,ERR,ERR,ERR,ERR,ERR,ERR,ERR,ERR,ERR,ERR,ERR,ERR,ERR,ERR,ERR,ERR,ERR,50.0,60.0,100,0.0,0.0,0.0,0.0,0.0,0.0,0.0,0.0,0.0,0.0,0.0,0.0,0.0,0.0,0.0,0.0,61.6,65,20,65521,50,65476,0,300,0,0,8,20529,65476,0,0,26214,60.0,0.0,0.0,0.0,0.0,0.0
2026-05-17T16:11:45,ERR,ERR,ERR,ERR,ERR,ERR,ERR,ERR,ERR,ERR,ERR,ERR,ERR,ERR,ERR,ERR,ERR,ERR,ERR,ERR,ERR,ERR,ERR,ERR,ERR,ERR,ERR,ERR,ERR,ERR,ERR,ERR,ERR,ERR,ERR,ERR,ERR,ERR,ERR,ERR,ERR,ERR,ERR,ERR,ERR,ERR,ERR,ERR,ERR,ERR,ERR,ERR,ERR,ERR,ERR,ERR,ERR,ERR,ERR,ERR,ERR,ERR,ERR,ERR,ERR,ERR,ERR,ERR,ERR,ERR,ERR,ERR,ERR,ERR,ERR,ERR,ERR,ERR,ERR,ERR,ERR,ERR,ERR,ERR,ERR,ERR,ERR,ERR,ERR,ERR,ERR,ERR,ERR,ERR,ERR,ERR,ERR,ERR,ERR,ERR,ERR,ERR,ERR,ERR,ERR,ERR,ERR,ERR,ERR,ERR,ERR,ERR,ERR,ERR,ERR,ERR,ERR,ERR,ERR,ERR,ERR,ERR,ERR,ERR,ERR,0.0,-0.0,-0.0,0.0,0.0,1.3936040501711995e+18,7.805,0.0,0,0,4,0,8422,0.0,45,0.0,0.0,0.0,0.0,0.0,0,0,0,0,0.0,0,0,0,0,0,0,0,0,0,0,0,0,0,0,0,0,0,0,0,0,0,0,0,0,0,0,0,0,0,0,0,0,0,38,14,7,45,65476,0,300,0,0,8,21553,0.0,-107605600.0,0.0,0.0,0.0,0.0,0.0,0.0,0.0,0.0,0.0,0.0,0.0,0.0,0.0,0.0,0.0,0.0,0.0,0.0,0.0,0.0,-2.004,-0.0,-0.0,-2.004,0.0,0.0,0.0,0.0,4975.0,-1.0406652570629681e+34,0.0,0.0,-0.0,0.0,-0.0,0.0,0.0,0.0,0.0,53,2.3088403658719416e+20,-0.0,0.0,0.0,0.0,0.0,0.0,0.0,0.0,0,0,0,0.0,0.0,0.0,0.0,0.0,0.0,0.0,0.0,0.0,0.0,0.0,0.0,0.0,0.0,0.0,0.0,0,-107875648.0,53,0.0,106,-107614832.0,-107350944.0,ERR,ERR,ERR,ERR,ERR,ERR,ERR,ERR,ERR,ERR,ERR,ERR,ERR,ERR,ERR,ERR,ERR,ERR,ERR,ERR,ERR,ERR,ERR,ERR,ERR,ERR,ERR,ERR,ERR,ERR,ERR,ERR,ERR,ERR,ERR,ERR,ERR,ERR,ERR,ERR,ERR,ERR,ERR,ERR,ERR,ERR,ERR,ERR,ERR,ERR,ERR,ERR,ERR,ERR,ERR,ERR,ERR,ERR,ERR,ERR,ERR,ERR,ERR,ERR,ERR,ERR,ERR,50.0,60.0,100,0.0,0.0,0.0,0.0,0.0,0.0,0.0,0.0,0.0,0.0,0.0,0.0,0.0,0.0,0.0,0.0,61.6,65,20,65521,50,65476,0,300,0,0,8,20529,65476,0,0,26214,60.0,0.0,0.0,0.0,0.0,0.0
2026-05-17T16:11:46,ERR,ERR,ERR,ERR,ERR,ERR,ERR,ERR,ERR,ERR,ERR,ERR,ERR,ERR,ERR,ERR,ERR,ERR,ERR,ERR,ERR,ERR,ERR,ERR,ERR,ERR,ERR,ERR,ERR,ERR,ERR,ERR,ERR,ERR,ERR,ERR,ERR,ERR,ERR,ERR,ERR,ERR,ERR,ERR,ERR,ERR,ERR,ERR,ERR,ERR,ERR,ERR,ERR,ERR,ERR,ERR,ERR,ERR,ERR,ERR,ERR,ERR,ERR,ERR,ERR,ERR,ERR,ERR,ERR,ERR,ERR,ERR,ERR,ERR,ERR,ERR,ERR,ERR,ERR,ERR,ERR,ERR,ERR,ERR,ERR,ERR,ERR,ERR,ERR,ERR,ERR,ERR,ERR,ERR,ERR,ERR,ERR,ERR,ERR,ERR,ERR,ERR,ERR,ERR,ERR,ERR,ERR,ERR,ERR,ERR,ERR,ERR,ERR,ERR,ERR,ERR,ERR,ERR,ERR,ERR,ERR,ERR,ERR,ERR,ERR,0.0,-0.0,-0.0,0.0,0.0,1.3936040501711995e+18,7.805,0.0,0,0,4,0,8422,0.0,45,0.0,0.0,0.0,0.0,0.0,0,0,0,0,0.0,0,0,0,0,0,0,0,0,0,0,0,0,0,0,0,0,0,0,0,0,0,0,0,0,0,0,0,0,0,0,0,0,0,38,14,7,45,65476,0,300,0,0,8,21553,0.0,-107605600.0,0.0,0.0,0.0,0.0,0.0,0.0,0.0,0.0,0.0,0.0,0.0,0.0,0.0,0.0,0.0,0.0,0.0,0.0,0.0,0.0,-2.004,-0.0,-0.0,-2.004,0.0,0.0,0.0,0.0,4975.0,-1.0406652570629681e+34,0.0,0.0,-0.0,0.0,-0.0,0.0,0.0,0.0,0.0,53,2.3088403658719416e+20,-0.0,0.0,0.0,0.0,0.0,0.0,0.0,0.0,0,0,0,0.0,0.0,0.0,0.0,0.0,0.0,0.0,0.0,0.0,0.0,0.0,0.0,0.0,0.0,0.0,0.0,0,-107875648.0,53,0.0,106,-107614832.0,-107350944.0,ERR,ERR,ERR,ERR,ERR,ERR,ERR,ERR,ERR,ERR,ERR,ERR,ERR,ERR,ERR,ERR,ERR,ERR,ERR,ERR,ERR,ERR,ERR,ERR,ERR,ERR,ERR,ERR,ERR,ERR,ERR,ERR,ERR,ERR,ERR,ERR,ERR,ERR,ERR,ERR,ERR,ERR,ERR,ERR,ERR,ERR,ERR,ERR,ERR,ERR,ERR,ERR,ERR,ERR,ERR,ERR,ERR,ERR,ERR,ERR,ERR,ERR,ERR,ERR,ERR,ERR,ERR,50.0,60.0,100,0.0,0.0,0.0,0.0,0.0,0.0,0.0,0.0,0.0,0.0,0.0,0.0,0.0,0.0,0.0,0.0,61.6,65,20,65521,50,65476,0,300,0,0,8,20529,65476,0,0,26214,60.0,0.0,0.0,0.0,0.0,0.0
2026-05-17T16:11:47,ERR,ERR,ERR,ERR,ERR,ERR,ERR,ERR,ERR,ERR,ERR,ERR,ERR,ERR,ERR,ERR,ERR,ERR,ERR,ERR,ERR,ERR,ERR,ERR,ERR,ERR,ERR,ERR,ERR,ERR,ERR,ERR,ERR,ERR,ERR,ERR,ERR,ERR,ERR,ERR,ERR,ERR,ERR,ERR,ERR,ERR,ERR,ERR,ERR,ERR,ERR,ERR,ERR,ERR,ERR,ERR,ERR,ERR,ERR,ERR,ERR,ERR,ERR,ERR,ERR,ERR,ERR,ERR,ERR,ERR,ERR,ERR,ERR,ERR,ERR,ERR,ERR,ERR,ERR,ERR,ERR,ERR,ERR,ERR,ERR,ERR,ERR,ERR,ERR,ERR,ERR,ERR,ERR,ERR,ERR,ERR,ERR,ERR,ERR,ERR,ERR,ERR,ERR,ERR,ERR,ERR,ERR,ERR,ERR,ERR,ERR,ERR,ERR,ERR,ERR,ERR,ERR,ERR,ERR,ERR,ERR,ERR,ERR,ERR,ERR,0.0,-0.0,-0.0,0.0,0.0,1.3936040501711995e+18,7.805,0.0,0,0,4,0,8422,0.0,45,0.0,0.0,0.0,0.0,0.0,0,0,0,0,0.0,0,0,0,0,0,0,0,0,0,0,0,0,0,0,0,0,0,0,0,0,0,0,0,0,0,0,0,0,0,0,0,0,0,38,14,7,45,65476,0,300,0,0,8,21553,0.0,-107605600.0,0.0,0.0,0.0,0.0,0.0,0.0,0.0,0.0,0.0,0.0,0.0,0.0,0.0,0.0,0.0,0.0,0.0,0.0,0.0,0.0,-2.004,-0.0,-0.0,-2.004,0.0,0.0,0.0,0.0,4975.0,-1.0406652570629681e+34,0.0,0.0,-0.0,0.0,-0.0,0.0,0.0,0.0,0.0,53,2.3088403658719416e+20,-0.0,0.0,0.0,0.0,0.0,0.0,0.0,0.0,0,0,0,0.0,0.0,0.0,0.0,0.0,0.0,0.0,0.0,0.0,0.0,0.0,0.0,0.0,0.0,0.0,0.0,0,-107875648.0,53,0.0,106,-107614832.0,-107350944.0,ERR,ERR,ERR,ERR,ERR,ERR,ERR,ERR,ERR,ERR,ERR,ERR,ERR,ERR,ERR,ERR,ERR,ERR,ERR,ERR,ERR,ERR,ERR,ERR,ERR,ERR,ERR,ERR,ERR,ERR,ERR,ERR,ERR,ERR,ERR,ERR,ERR,ERR,ERR,ERR,ERR,ERR,ERR,ERR,ERR,ERR,ERR,ERR,ERR,ERR,ERR,ERR,ERR,ERR,ERR,ERR,ERR,ERR,ERR,ERR,ERR,ERR,ERR,ERR,ERR,ERR,ERR,50.0,60.0,100,0.0,0.0,0.0,0.0,0.0,0.0,0.0,0.0,0.0,0.0,0.0,0.0,0.0,0.0,0.0,0.0,61.6,65,20,65521,50,65476,0,300,0,0,8,20529,65476,0,0,26214,60.0,0.0,0.0,0.0,0.0,0.0
2026-05-17T16:11:48,ERR,ERR,ERR,ERR,ERR,ERR,ERR,ERR,ERR,ERR,ERR,ERR,ERR,ERR,ERR,ERR,ERR,ERR,ERR,ERR,ERR,ERR,ERR,ERR,ERR,ERR,ERR,ERR,ERR,ERR,ERR,ERR,ERR,ERR,ERR,ERR,ERR,ERR,ERR,ERR,ERR,ERR,ERR,ERR,ERR,ERR,ERR,ERR,ERR,ERR,ERR,ERR,ERR,ERR,ERR,ERR,ERR,ERR,ERR,ERR,ERR,ERR,ERR,ERR,ERR,ERR,ERR,ERR,ERR,ERR,ERR,ERR,ERR,ERR,ERR,ERR,ERR,ERR,ERR,ERR,ERR,ERR,ERR,ERR,ERR,ERR,ERR,ERR,ERR,ERR,ERR,ERR,ERR,ERR,ERR,ERR,ERR,ERR,ERR,ERR,ERR,ERR,ERR,ERR,ERR,ERR,ERR,ERR,ERR,ERR,ERR,ERR,ERR,ERR,ERR,ERR,ERR,ERR,ERR,ERR,ERR,ERR,ERR,ERR,ERR,0.0,-0.0,-0.0,0.0,0.0,1.3936040501711995e+18,7.805,0.0,0,0,4,0,8422,0.0,45,0.0,0.0,0.0,0.0,0.0,0,0,0,0,0.0,0,0,0,0,0,0,0,0,0,0,0,0,0,0,0,0,0,0,0,0,0,0,0,0,0,0,0,0,0,0,0,0,0,38,14,7,45,65476,0,300,0,0,8,21553,0.0,-107605600.0,0.0,0.0,0.0,0.0,0.0,0.0,0.0,0.0,0.0,0.0,0.0,0.0,0.0,0.0,0.0,0.0,0.0,0.0,0.0,0.0,-2.004,-2.004,-0.0,0.0,0.0,0.0,0.0,0.0,5007.0,8608182272.0,0.0,0.0,-107615288.0,0.0,2.718429120148166e+23,0.0,0.0,0.0,0.0,53,2.3088403658719416e+20,0.0,0.0,0.0,0.0,0.0,0.0,0.0,0.0,0,0,0,0.0,0.0,0.0,0.0,0.0,0.0,0.0,0.0,0.0,0.0,0.0,0.0,0.0,0.0,0.0,0.0,0,-107875648.0,53,0.0,106,-107614832.0,-107350944.0,ERR,ERR,ERR,ERR,ERR,ERR,ERR,ERR,ERR,ERR,ERR,ERR,ERR,ERR,ERR,ERR,ERR,ERR,ERR,ERR,ERR,ERR,ERR,ERR,ERR,ERR,ERR,ERR,ERR,ERR,ERR,ERR,ERR,ERR,ERR,ERR,ERR,ERR,ERR,ERR,ERR,ERR,ERR,ERR,ERR,ERR,ERR,ERR,ERR,ERR,ERR,ERR,ERR,ERR,ERR,ERR,ERR,ERR,ERR,ERR,ERR,ERR,ERR,ERR,ERR,ERR,ERR,50.0,60.0,100,0.0,0.0,0.0,0.0,0.0,0.0,0.0,0.0,0.0,0.0,0.0,0.0,0.0,0.0,0.0,0.0,61.6,65,20,65521,50,65476,0,300,0,0,8,20529,65476,0,0,26214,60.0,0.0,0.0,0.0,0.0,0.0
2026-05-17T16:11:49,ERR,ERR,ERR,ERR,ERR,ERR,ERR,ERR,ERR,ERR,ERR,ERR,ERR,ERR,ERR,ERR,ERR,ERR,ERR,ERR,ERR,ERR,ERR,ERR,ERR,ERR,ERR,ERR,ERR,ERR,ERR,ERR,ERR,ERR,ERR,ERR,ERR,ERR,ERR,ERR,ERR,ERR,ERR,ERR,ERR,ERR,ERR,ERR,ERR,ERR,ERR,ERR,ERR,ERR,ERR,ERR,ERR,ERR,ERR,ERR,ERR,ERR,ERR,ERR,ERR,ERR,ERR,ERR,ERR,ERR,ERR,ERR,ERR,ERR,ERR,ERR,ERR,ERR,ERR,ERR,ERR,ERR,ERR,ERR,ERR,ERR,ERR,ERR,ERR,ERR,ERR,ERR,ERR,ERR,ERR,ERR,ERR,ERR,ERR,ERR,ERR,ERR,ERR,ERR,ERR,ERR,ERR,ERR,ERR,ERR,ERR,ERR,ERR,ERR,ERR,ERR,ERR,ERR,ERR,ERR,ERR,ERR,ERR,ERR,ERR,0.0,-0.0,-0.0,0.0,0.0,1.3936040501711995e+18,7.805,0.0,0,0,4,0,8422,0.0,45,0.0,0.0,0.0,0.0,0.0,0,0,0,0,0.0,0,0,0,0,0,0,0,0,0,0,0,0,0,0,0,0,0,0,0,0,0,0,0,0,0,0,0,0,0,0,0,0,0,38,14,7,45,65476,0,300,0,0,8,21553,0.0,-107605600.0,0.0,0.0,0.0,0.0,0.0,0.0,0.0,0.0,0.0,0.0,0.0,0.0,0.0,0.0,0.0,0.0,0.0,0.0,0.0,0.0,-2.004,-2.004,-0.0,0.0,0.0,0.0,0.0,0.0,5007.0,8608182272.0,0.0,0.0,-107615288.0,0.0,2.718429120148166e+23,0.0,0.0,0.0,0.0,53,2.3088403658719416e+20,0.0,0.0,0.0,0.0,0.0,0.0,0.0,0.0,0,0,0,0.0,0.0,0.0,0.0,0.0,0.0,0.0,0.0,0.0,0.0,0.0,0.0,0.0,0.0,0.0,0.0,0,-107875648.0,53,0.0,106,-107614832.0,-107350944.0,ERR,ERR,ERR,ERR,ERR,ERR,ERR,ERR,ERR,ERR,ERR,ERR,ERR,ERR,ERR,ERR,ERR,ERR,ERR,ERR,ERR,ERR,ERR,ERR,ERR,ERR,ERR,ERR,ERR,ERR,ERR,ERR,ERR,ERR,ERR,ERR,ERR,ERR,ERR,ERR,ERR,ERR,ERR,ERR,ERR,ERR,ERR,ERR,ERR,ERR,ERR,ERR,ERR,ERR,ERR,ERR,ERR,ERR,ERR,ERR,ERR,ERR,ERR,ERR,ERR,ERR,ERR,50.0,60.0,100,0.0,0.0,0.0,0.0,0.0,0.0,0.0,0.0,0.0,0.0,0.0,0.0,0.0,0.0,0.0,0.0,61.6,65,20,65521,50,65476,0,300,0,0,8,20529,65476,0,0,26214,60.0,0.0,0.0,0.0,0.0,0.0
2026-05-17T16:11:50,ERR,ERR,ERR,ERR,ERR,ERR,ERR,ERR,ERR,ERR,ERR,ERR,ERR,ERR,ERR,ERR,ERR,ERR,ERR,ERR,ERR,ERR,ERR,ERR,ERR,ERR,ERR,ERR,ERR,ERR,ERR,ERR,ERR,ERR,ERR,ERR,ERR,ERR,ERR,ERR,ERR,ERR,ERR,ERR,ERR,ERR,ERR,ERR,ERR,ERR,ERR,ERR,ERR,ERR,ERR,ERR,ERR,ERR,ERR,ERR,ERR,ERR,ERR,ERR,ERR,ERR,ERR,ERR,ERR,ERR,ERR,ERR,ERR,ERR,ERR,ERR,ERR,ERR,ERR,ERR,ERR,ERR,ERR,ERR,ERR,ERR,ERR,ERR,ERR,ERR,ERR,ERR,ERR,ERR,ERR,ERR,ERR,ERR,ERR,ERR,ERR,ERR,ERR,ERR,ERR,ERR,ERR,ERR,ERR,ERR,ERR,ERR,ERR,ERR,ERR,ERR,ERR,ERR,ERR,ERR,ERR,ERR,ERR,ERR,ERR,0.0,-0.0,-0.0,0.0,0.0,1.3936040501711995e+18,7.805,0.0,0,0,4,0,8422,0.0,45,0.0,0.0,0.0,0.0,0.0,0,0,0,0,0.0,0,0,0,0,0,0,0,0,0,0,0,0,0,0,0,0,0,0,0,0,0,0,0,0,0,0,0,0,0,0,0,0,0,38,14,7,45,65476,0,300,0,0,8,21553,0.0,-107605600.0,0.0,0.0,0.0,0.0,0.0,0.0,0.0,0.0,0.0,0.0,0.0,0.0,0.0,0.0,0.0,0.0,0.0,0.0,0.0,0.0,-2.004,-2.004,-0.0,0.0,0.0,0.0,0.0,0.0,5007.0,8608182272.0,0.0,0.0,-107615288.0,0.0,2.718429120148166e+23,0.0,0.0,0.0,0.0,53,2.3088403658719416e+20,0.0,0.0,0.0,0.0,0.0,0.0,0.0,0.0,0,0,0,0.0,0.0,0.0,0.0,0.0,0.0,0.0,0.0,0.0,0.0,0.0,0.0,0.0,0.0,0.0,0.0,0,-107875648.0,53,0.0,106,-107614832.0,-107350944.0,ERR,ERR,ERR,ERR,ERR,ERR,ERR,ERR,ERR,ERR,ERR,ERR,ERR,ERR,ERR,ERR,ERR,ERR,ERR,ERR,ERR,ERR,ERR,ERR,ERR,ERR,ERR,ERR,ERR,ERR,ERR,ERR,ERR,ERR,ERR,ERR,ERR,ERR,ERR,ERR,ERR,ERR,ERR,ERR,ERR,ERR,ERR,ERR,ERR,ERR,ERR,ERR,ERR,ERR,ERR,ERR,ERR,ERR,ERR,ERR,ERR,ERR,ERR,ERR,ERR,ERR,ERR,50.0,60.0,100,0.0,0.0,0.0,0.0,0.0,0.0,0.0,0.0,0.0,0.0,0.0,0.0,0.0,0.0,0.0,0.0,62.0,65,20,65521,50,65476,0,300,0,0,8,20529,65476,0,0,26214,60.0,0.0,0.0,0.0,0.0,0.0
2026-05-17T16:11:51,ERR,ERR,ERR,ERR,ERR,ERR,ERR,ERR,ERR,ERR,ERR,ERR,ERR,ERR,ERR,ERR,ERR,ERR,ERR,ERR,ERR,ERR,ERR,ERR,ERR,ERR,ERR,ERR,ERR,ERR,ERR,ERR,ERR,ERR,ERR,ERR,ERR,ERR,ERR,ERR,ERR,ERR,ERR,ERR,ERR,ERR,ERR,ERR,ERR,ERR,ERR,ERR,ERR,ERR,ERR,ERR,ERR,ERR,ERR,ERR,ERR,ERR,ERR,ERR,ERR,ERR,ERR,ERR,ERR,ERR,ERR,ERR,ERR,ERR,ERR,ERR,ERR,ERR,ERR,ERR,ERR,ERR,ERR,ERR,ERR,ERR,ERR,ERR,ERR,ERR,ERR,ERR,ERR,ERR,ERR,ERR,ERR,ERR,ERR,ERR,ERR,ERR,ERR,ERR,ERR,ERR,ERR,ERR,ERR,ERR,ERR,ERR,ERR,ERR,ERR,ERR,ERR,ERR,ERR,ERR,ERR,ERR,ERR,ERR,ERR,0.0,-0.0,-0.0,0.0,0.0,1.3936040501711995e+18,7.805,0.0,0,0,4,0,8422,0.0,45,0.0,0.0,0.0,0.0,0.0,0,0,0,0,0.0,0,0,0,0,0,0,0,0,0,0,0,0,0,0,0,0,0,0,0,0,0,0,0,0,0,0,0,0,0,0,0,0,0,38,14,7,45,65476,0,300,0,0,8,21553,0.0,-107605600.0,0.0,0.0,0.0,0.0,0.0,0.0,0.0,0.0,0.0,0.0,0.0,0.0,0.0,0.0,0.0,0.0,0.0,0.0,0.0,0.0,-2.004,-2.004,-0.0,0.0,0.0,0.0,0.0,0.0,5007.0,8608182272.0,0.0,0.0,-107615288.0,0.0,2.718429120148166e+23,0.0,0.0,0.0,0.0,53,2.3088403658719416e+20,0.0,0.0,0.0,0.0,0.0,0.0,0.0,0.0,0,0,0,0.0,0.0,0.0,0.0,0.0,0.0,0.0,0.0,0.0,0.0,0.0,0.0,0.0,0.0,0.0,0.0,0,-107875648.0,53,0.0,106,-107614832.0,-107350944.0,ERR,ERR,ERR,ERR,ERR,ERR,ERR,ERR,ERR,ERR,ERR,ERR,ERR,ERR,ERR,ERR,ERR,ERR,ERR,ERR,ERR,ERR,ERR,ERR,ERR,ERR,ERR,ERR,ERR,ERR,ERR,ERR,ERR,ERR,ERR,ERR,ERR,ERR,ERR,ERR,ERR,ERR,ERR,ERR,ERR,ERR,ERR,ERR,ERR,ERR,ERR,ERR,ERR,ERR,ERR,ERR,ERR,ERR,ERR,ERR,ERR,ERR,ERR,ERR,ERR,ERR,ERR,50.0,60.0,100,0.0,0.0,0.0,0.0,0.0,0.0,0.0,0.0,0.0,0.0,0.0,0.0,0.0,0.0,0.0,0.0,62.0,65,20,65521,50,65476,0,300,0,0,8,20529,65476,0,0,26214,60.0,0.0,0.0,0.0,0.0,0.0
2026-05-17T16:11:52,ERR,ERR,ERR,ERR,ERR,ERR,ERR,ERR,ERR,ERR,ERR,ERR,ERR,ERR,ERR,ERR,ERR,ERR,ERR,ERR,ERR,ERR,ERR,ERR,ERR,ERR,ERR,ERR,ERR,ERR,ERR,ERR,ERR,ERR,ERR,ERR,ERR,ERR,ERR,ERR,ERR,ERR,ERR,ERR,ERR,ERR,ERR,ERR,ERR,ERR,ERR,ERR,ERR,ERR,ERR,ERR,ERR,ERR,ERR,ERR,ERR,ERR,ERR,ERR,ERR,ERR,ERR,ERR,ERR,ERR,ERR,ERR,ERR,ERR,ERR,ERR,ERR,ERR,ERR,ERR,ERR,ERR,ERR,ERR,ERR,ERR,ERR,ERR,ERR,ERR,ERR,ERR,ERR,ERR,ERR,ERR,ERR,ERR,ERR,ERR,ERR,ERR,ERR,ERR,ERR,ERR,ERR,ERR,ERR,ERR,ERR,ERR,ERR,ERR,ERR,ERR,ERR,ERR,ERR,ERR,ERR,ERR,ERR,ERR,ERR,0.0,-0.0,-0.0,0.0,0.0,1.3936040501711995e+18,7.805,0.0,0,0,4,0,8422,0.0,45,0.0,0.0,0.0,0.0,0.0,0,0,0,0,0.0,0,0,0,0,0,0,0,0,0,0,0,0,0,0,0,0,0,0,0,0,0,0,0,0,0,0,0,0,0,0,0,0,0,38,14,7,45,65476,0,300,0,0,8,21553,0.0,-107605600.0,0.0,0.0,0.0,0.0,0.0,0.0,0.0,0.0,0.0,0.0,0.0,0.0,0.0,0.0,0.0,0.0,0.0,0.0,0.0,0.0,-2.004,-2.004,-0.0,0.0,0.0,0.0,0.0,0.0,5007.0,8608182272.0,0.0,0.0,-107615288.0,0.0,2.718429120148166e+23,0.0,0.0,0.0,0.0,53,2.3088403658719416e+20,0.0,0.0,0.0,0.0,0.0,0.0,0.0,0.0,0,0,0,0.0,0.0,0.0,0.0,0.0,0.0,0.0,0.0,0.0,0.0,0.0,0.0,0.0,0.0,0.0,0.0,0,-107875648.0,53,0.0,106,-107614832.0,-107350944.0,ERR,ERR,ERR,ERR,ERR,ERR,ERR,ERR,ERR,ERR,ERR,ERR,ERR,ERR,ERR,ERR,ERR,ERR,ERR,ERR,ERR,ERR,ERR,ERR,ERR,ERR,ERR,ERR,ERR,ERR,ERR,ERR,ERR,ERR,ERR,ERR,ERR,ERR,ERR,ERR,ERR,ERR,ERR,ERR,ERR,ERR,ERR,ERR,ERR,ERR,ERR,ERR,ERR,ERR,ERR,ERR,ERR,ERR,ERR,ERR,ERR,ERR,ERR,ERR,ERR,ERR,ERR,50.0,60.0,100,0.0,0.0,0.0,0.0,0.0,0.0,0.0,0.0,0.0,0.0,0.0,0.0,0.0,0.0,0.0,0.0,62.0,65,20,65521,50,65476,0,300,0,0,8,20529,65476,0,0,26214,60.0,0.0,0.0,0.0,0.0,0.0
2026-05-17T16:11:53,ERR,ERR,ERR,ERR,ERR,ERR,ERR,ERR,ERR,ERR,ERR,ERR,ERR,ERR,ERR,ERR,ERR,ERR,ERR,ERR,ERR,ERR,ERR,ERR,ERR,ERR,ERR,ERR,ERR,ERR,ERR,ERR,ERR,ERR,ERR,ERR,ERR,ERR,ERR,ERR,ERR,ERR,ERR,ERR,ERR,ERR,ERR,ERR,ERR,ERR,ERR,ERR,ERR,ERR,ERR,ERR,ERR,ERR,ERR,ERR,ERR,ERR,ERR,ERR,ERR,ERR,ERR,ERR,ERR,ERR,ERR,ERR,ERR,ERR,ERR,ERR,ERR,ERR,ERR,ERR,ERR,ERR,ERR,ERR,ERR,ERR,ERR,ERR,ERR,ERR,ERR,ERR,ERR,ERR,ERR,ERR,ERR,ERR,ERR,ERR,ERR,ERR,ERR,ERR,ERR,ERR,ERR,ERR,ERR,ERR,ERR,ERR,ERR,ERR,ERR,ERR,ERR,ERR,ERR,ERR,ERR,ERR,ERR,ERR,ERR,0.0,-0.0,-0.0,0.0,0.0,1.3936040501711995e+18,7.805,0.0,0,0,4,0,8422,0.0,45,0.0,0.0,0.0,0.0,0.0,0,0,0,0,0.0,0,0,0,0,0,0,0,0,0,0,0,0,0,0,0,0,0,0,0,0,0,0,0,0,0,0,0,0,0,0,0,0,0,38,14,7,45,65476,0,300,0,0,8,21553,0.0,-107605600.0,0.0,0.0,0.0,0.0,0.0,0.0,0.0,0.0,0.0,0.0,0.0,0.0,0.0,0.0,0.0,0.0,0.0,0.0,0.0,0.0,-2.004,-2.004,-0.0,-2.004,0.0,0.0,0.0,0.0,5013.0,-0.0,0.0,0.0,-0.0,0.0,2.718429120148166e+23,0.0,0.0,0.0,0.0,53,-0.0,1.9056859227671757e+17,0.0,0.0,0.0,0.0,0.0,0.0,0.0,0,0,0,0.0,0.0,0.0,0.0,0.0,0.0,0.0,0.0,0.0,0.0,0.0,0.0,0.0,0.0,0.0,0.0,0,-107875648.0,53,0.0,106,-107614832.0,-107350944.0,ERR,ERR,ERR,ERR,ERR,ERR,ERR,ERR,ERR,ERR,ERR,ERR,ERR,ERR,ERR,ERR,ERR,ERR,ERR,ERR,ERR,ERR,ERR,ERR,ERR,ERR,ERR,ERR,ERR,ERR,ERR,ERR,ERR,ERR,ERR,ERR,ERR,ERR,ERR,ERR,ERR,ERR,ERR,ERR,ERR,ERR,ERR,ERR,ERR,ERR,ERR,ERR,ERR,ERR,ERR,ERR,ERR,ERR,ERR,ERR,ERR,ERR,ERR,ERR,ERR,ERR,ERR,50.0,60.0,100,0.0,0.0,0.0,0.0,0.0,0.0,0.0,0.0,0.0,0.0,0.0,0.0,0.0,0.0,0.0,0.0,62.0,65,20,65521,50,65476,0,300,0,0,8,20529,65476,0,0,26214,60.0,0.0,0.0,0.0,0.0,0.0
2026-05-17T16:11:54,ERR,ERR,ERR,ERR,ERR,ERR,ERR,ERR,ERR,ERR,ERR,ERR,ERR,ERR,ERR,ERR,ERR,ERR,ERR,ERR,ERR,ERR,ERR,ERR,ERR,ERR,ERR,ERR,ERR,ERR,ERR,ERR,ERR,ERR,ERR,ERR,ERR,ERR,ERR,ERR,ERR,ERR,ERR,ERR,ERR,ERR,ERR,ERR,ERR,ERR,ERR,ERR,ERR,ERR,ERR,ERR,ERR,ERR,ERR,ERR,ERR,ERR,ERR,ERR,ERR,ERR,ERR,ERR,ERR,ERR,ERR,ERR,ERR,ERR,ERR,ERR,ERR,ERR,ERR,ERR,ERR,ERR,ERR,ERR,ERR,ERR,ERR,ERR,ERR,ERR,ERR,ERR,ERR,ERR,ERR,ERR,ERR,ERR,ERR,ERR,ERR,ERR,ERR,ERR,ERR,ERR,ERR,ERR,ERR,ERR,ERR,ERR,ERR,ERR,ERR,ERR,ERR,ERR,ERR,ERR,ERR,ERR,ERR,ERR,ERR,0.0,-0.0,-0.0,0.0,0.0,1.3936040501711995e+18,7.805,0.0,0,0,4,0,8422,0.0,45,0.0,0.0,0.0,0.0,0.0,0,0,0,0,0.0,0,0,0,0,0,0,0,0,0,0,0,0,0,0,0,0,0,0,0,0,0,0,0,0,0,0,0,0,0,0,0,0,0,38,14,7,45,65476,0,300,0,0,8,21553,0.0,-107605600.0,0.0,0.0,0.0,0.0,0.0,0.0,0.0,0.0,0.0,0.0,0.0,0.0,0.0,0.0,0.0,0.0,0.0,0.0,0.0,0.0,-2.004,-2.004,-0.0,-2.004,0.0,0.0,0.0,0.0,5013.0,-0.0,0.0,0.0,-0.0,0.0,2.718429120148166e+23,0.0,0.0,0.0,0.0,53,-0.0,1.9056859227671757e+17,0.0,0.0,0.0,0.0,0.0,0.0,0.0,0,0,0,0.0,0.0,0.0,0.0,0.0,0.0,0.0,0.0,0.0,0.0,0.0,0.0,0.0,0.0,0.0,0.0,0,-107875648.0,53,0.0,106,-107614832.0,-107350944.0,ERR,ERR,ERR,ERR,ERR,ERR,ERR,ERR,ERR,ERR,ERR,ERR,ERR,ERR,ERR,ERR,ERR,ERR,ERR,ERR,ERR,ERR,ERR,ERR,ERR,ERR,ERR,ERR,ERR,ERR,ERR,ERR,ERR,ERR,ERR,ERR,ERR,ERR,ERR,ERR,ERR,ERR,ERR,ERR,ERR,ERR,ERR,ERR,ERR,ERR,ERR,ERR,ERR,ERR,ERR,ERR,ERR,ERR,ERR,ERR,ERR,ERR,ERR,ERR,ERR,ERR,ERR,50.0,60.0,100,0.0,0.0,0.0,0.0,0.0,0.0,0.0,0.0,0.0,0.0,0.0,0.0,0.0,0.0,0.0,0.0,61.6,65,20,65521,50,65476,0,300,0,0,8,20529,65476,0,0,26214,60.0,0.0,0.0,0.0,0.0,0.0
2026-05-17T16:11:55,ERR,ERR,ERR,ERR,ERR,ERR,ERR,ERR,ERR,ERR,ERR,ERR,ERR,ERR,ERR,ERR,ERR,ERR,ERR,ERR,ERR,ERR,ERR,ERR,ERR,ERR,ERR,ERR,ERR,ERR,ERR,ERR,ERR,ERR,ERR,ERR,ERR,ERR,ERR,ERR,ERR,ERR,ERR,ERR,ERR,ERR,ERR,ERR,ERR,ERR,ERR,ERR,ERR,ERR,ERR,ERR,ERR,ERR,ERR,ERR,ERR,ERR,ERR,ERR,ERR,ERR,ERR,ERR,ERR,ERR,ERR,ERR,ERR,ERR,ERR,ERR,ERR,ERR,ERR,ERR,ERR,ERR,ERR,ERR,ERR,ERR,ERR,ERR,ERR,ERR,ERR,ERR,ERR,ERR,ERR,ERR,ERR,ERR,ERR,ERR,ERR,ERR,ERR,ERR,ERR,ERR,ERR,ERR,ERR,ERR,ERR,ERR,ERR,ERR,ERR,ERR,ERR,ERR,ERR,ERR,ERR,ERR,ERR,ERR,ERR,0.0,-0.0,-0.0,0.0,0.0,1.3936040501711995e+18,7.805,0.0,0,0,4,0,8422,0.0,45,0.0,0.0,0.0,0.0,0.0,0,0,0,0,0.0,0,0,0,0,0,0,0,0,0,0,0,0,0,0,0,0,0,0,0,0,0,0,0,0,0,0,0,0,0,0,0,0,0,38,14,7,45,65476,0,300,0,0,8,21553,0.0,-107605600.0,0.0,0.0,0.0,0.0,0.0,0.0,0.0,0.0,0.0,0.0,0.0,0.0,0.0,0.0,0.0,0.0,0.0,0.0,0.0,0.0,-2.004,-2.004,-0.0,-2.004,0.0,0.0,0.0,0.0,5013.0,-0.0,0.0,0.0,-0.0,0.0,2.718429120148166e+23,0.0,0.0,0.0,0.0,53,-0.0,1.9056859227671757e+17,0.0,0.0,0.0,0.0,0.0,0.0,0.0,0,0,0,0.0,0.0,0.0,0.0,0.0,0.0,0.0,0.0,0.0,0.0,0.0,0.0,0.0,0.0,0.0,0.0,0,-107875648.0,53,0.0,106,-107614832.0,-107350944.0,ERR,ERR,ERR,ERR,ERR,ERR,ERR,ERR,ERR,ERR,ERR,ERR,ERR,ERR,ERR,ERR,ERR,ERR,ERR,ERR,ERR,ERR,ERR,ERR,ERR,ERR,ERR,ERR,ERR,ERR,ERR,ERR,ERR,ERR,ERR,ERR,ERR,ERR,ERR,ERR,ERR,ERR,ERR,ERR,ERR,ERR,ERR,ERR,ERR,ERR,ERR,ERR,ERR,ERR,ERR,ERR,ERR,ERR,ERR,ERR,ERR,ERR,ERR,ERR,ERR,ERR,ERR,50.0,60.0,100,0.0,0.0,0.0,0.0,0.0,0.0,0.0,0.0,0.0,0.0,0.0,0.0,0.0,0.0,0.0,0.0,61.6,65,20,65521,50,65476,0,300,0,0,8,20529,65476,0,0,26214,60.0,0.0,0.0,0.0,0.0,0.0
2026-05-17T16:11:56,ERR,ERR,ERR,ERR,ERR,ERR,ERR,ERR,ERR,ERR,ERR,ERR,ERR,ERR,ERR,ERR,ERR,ERR,ERR,ERR,ERR,ERR,ERR,ERR,ERR,ERR,ERR,ERR,ERR,ERR,ERR,ERR,ERR,ERR,ERR,ERR,ERR,ERR,ERR,ERR,ERR,ERR,ERR,ERR,ERR,ERR,ERR,ERR,ERR,ERR,ERR,ERR,ERR,ERR,ERR,ERR,ERR,ERR,ERR,ERR,ERR,ERR,ERR,ERR,ERR,ERR,ERR,ERR,ERR,ERR,ERR,ERR,ERR,ERR,ERR,ERR,ERR,ERR,ERR,ERR,ERR,ERR,ERR,ERR,ERR,ERR,ERR,ERR,ERR,ERR,ERR,ERR,ERR,ERR,ERR,ERR,ERR,ERR,ERR,ERR,ERR,ERR,ERR,ERR,ERR,ERR,ERR,ERR,ERR,ERR,ERR,ERR,ERR,ERR,ERR,ERR,ERR,ERR,ERR,ERR,ERR,ERR,ERR,ERR,ERR,0.0,-0.0,-0.0,0.0,0.0,1.3936040501711995e+18,7.805,0.0,0,0,4,0,8422,0.0,45,0.0,0.0,0.0,0.0,0.0,0,0,0,0,0.0,0,0,0,0,0,0,0,0,0,0,0,0,0,0,0,0,0,0,0,0,0,0,0,0,0,0,0,0,0,0,0,0,0,38,14,7,45,65476,0,300,0,0,8,21553,0.0,-107605600.0,0.0,0.0,0.0,0.0,0.0,0.0,0.0,0.0,0.0,0.0,0.0,0.0,0.0,0.0,0.0,0.0,0.0,0.0,0.0,0.0,-2.004,-2.004,-0.0,-2.004,0.0,0.0,0.0,0.0,5013.0,-0.0,0.0,0.0,-0.0,0.0,2.718429120148166e+23,0.0,0.0,0.0,0.0,53,-0.0,1.9056859227671757e+17,0.0,0.0,0.0,0.0,0.0,0.0,0.0,0,0,0,0.0,0.0,0.0,0.0,0.0,0.0,0.0,0.0,0.0,0.0,0.0,0.0,0.0,0.0,0.0,0.0,0,-107875648.0,53,0.0,106,-107614832.0,-107350944.0,ERR,ERR,ERR,ERR,ERR,ERR,ERR,ERR,ERR,ERR,ERR,ERR,ERR,ERR,ERR,ERR,ERR,ERR,ERR,ERR,ERR,ERR,ERR,ERR,ERR,ERR,ERR,ERR,ERR,ERR,ERR,ERR,ERR,ERR,ERR,ERR,ERR,ERR,ERR,ERR,ERR,ERR,ERR,ERR,ERR,ERR,ERR,ERR,ERR,ERR,ERR,ERR,ERR,ERR,ERR,ERR,ERR,ERR,ERR,ERR,ERR,ERR,ERR,ERR,ERR,ERR,ERR,50.0,60.0,100,0.0,0.0,0.0,0.0,0.0,0.0,0.0,0.0,0.0,0.0,0.0,0.0,0.0,0.0,0.0,0.0,61.6,65,20,65521,50,65476,0,300,0,0,8,20529,65476,0,0,26214,60.0,0.0,0.0,0.0,0.0,0.0
2026-05-17T16:11:57,ERR,ERR,ERR,ERR,ERR,ERR,ERR,ERR,ERR,ERR,ERR,ERR,ERR,ERR,ERR,ERR,ERR,ERR,ERR,ERR,ERR,ERR,ERR,ERR,ERR,ERR,ERR,ERR,ERR,ERR,ERR,ERR,ERR,ERR,ERR,ERR,ERR,ERR,ERR,ERR,ERR,ERR,ERR,ERR,ERR,ERR,ERR,ERR,ERR,ERR,ERR,ERR,ERR,ERR,ERR,ERR,ERR,ERR,ERR,ERR,ERR,ERR,ERR,ERR,ERR,ERR,ERR,ERR,ERR,ERR,ERR,ERR,ERR,ERR,ERR,ERR,ERR,ERR,ERR,ERR,ERR,ERR,ERR,ERR,ERR,ERR,ERR,ERR,ERR,ERR,ERR,ERR,ERR,ERR,ERR,ERR,ERR,ERR,ERR,ERR,ERR,ERR,ERR,ERR,ERR,ERR,ERR,ERR,ERR,ERR,ERR,ERR,ERR,ERR,ERR,ERR,ERR,ERR,ERR,ERR,ERR,ERR,ERR,ERR,ERR,0.0,-0.0,-0.0,0.0,0.0,1.3936040501711995e+18,7.805,0.0,0,0,4,0,8422,0.0,45,0.0,0.0,0.0,0.0,0.0,0,0,0,0,0.0,0,0,0,0,0,0,0,0,0,0,0,0,0,0,0,0,0,0,0,0,0,0,0,0,0,0,0,0,0,0,0,0,0,38,14,7,45,65476,0,300,0,0,8,21553,0.0,-107605600.0,0.0,0.0,0.0,0.0,0.0,0.0,0.0,0.0,0.0,0.0,0.0,0.0,0.0,0.0,0.0,0.0,0.0,0.0,0.0,0.0,-2.004,-2.004,-0.0,-2.004,0.0,0.0,0.0,0.0,5013.0,-0.0,0.0,0.0,-0.0,0.0,2.718429120148166e+23,0.0,0.0,0.0,0.0,53,-0.0,1.9056859227671757e+17,0.0,0.0,0.0,0.0,0.0,0.0,0.0,0,0,0,0.0,0.0,0.0,0.0,0.0,0.0,0.0,0.0,0.0,0.0,0.0,0.0,0.0,0.0,0.0,0.0,0,-107875648.0,53,0.0,106,-107614832.0,-107350944.0,ERR,ERR,ERR,ERR,ERR,ERR,ERR,ERR,ERR,ERR,ERR,ERR,ERR,ERR,ERR,ERR,ERR,ERR,ERR,ERR,ERR,ERR,ERR,ERR,ERR,ERR,ERR,ERR,ERR,ERR,ERR,ERR,ERR,ERR,ERR,ERR,ERR,ERR,ERR,ERR,ERR,ERR,ERR,ERR,ERR,ERR,ERR,ERR,ERR,ERR,ERR,ERR,ERR,ERR,ERR,ERR,ERR,ERR,ERR,ERR,ERR,ERR,ERR,ERR,ERR,ERR,ERR,50.0,60.0,100,0.0,0.0,0.0,0.0,0.0,0.0,0.0,0.0,0.0,0.0,0.0,0.0,0.0,0.0,0.0,0.0,61.6,65,20,65521,50,65476,0,300,0,0,8,20529,65476,0,0,26214,60.0,0.0,0.0,0.0,0.0,0.0
2026-05-17T16:11:58,ERR,ERR,ERR,ERR,ERR,ERR,ERR,ERR,ERR,ERR,ERR,ERR,ERR,ERR,ERR,ERR,ERR,ERR,ERR,ERR,ERR,ERR,ERR,ERR,ERR,ERR,ERR,ERR,ERR,ERR,ERR,ERR,ERR,ERR,ERR,ERR,ERR,ERR,ERR,ERR,ERR,ERR,ERR,ERR,ERR,ERR,ERR,ERR,ERR,ERR,ERR,ERR,ERR,ERR,ERR,ERR,ERR,ERR,ERR,ERR,ERR,ERR,ERR,ERR,ERR,ERR,ERR,ERR,ERR,ERR,ERR,ERR,ERR,ERR,ERR,ERR,ERR,ERR,ERR,ERR,ERR,ERR,ERR,ERR,ERR,ERR,ERR,ERR,ERR,ERR,ERR,ERR,ERR,ERR,ERR,ERR,ERR,ERR,ERR,ERR,ERR,ERR,ERR,ERR,ERR,ERR,ERR,ERR,ERR,ERR,ERR,ERR,ERR,ERR,ERR,ERR,ERR,ERR,ERR,ERR,ERR,ERR,ERR,ERR,ERR,0.0,-0.0,-0.0,0.0,0.0,1.3936040501711995e+18,7.805,0.0,0,0,4,0,8422,0.0,45,0.0,0.0,0.0,0.0,0.0,0,0,0,0,0.0,0,0,0,0,0,0,0,0,0,0,0,0,0,0,0,0,0,0,0,0,0,0,0,0,0,0,0,0,0,0,0,0,0,38,14,7,45,65476,0,300,0,0,8,21553,0.0,-107605600.0,0.0,0.0,0.0,0.0,0.0,0.0,0.0,0.0,0.0,0.0,0.0,0.0,0.0,0.0,0.0,0.0,0.0,0.0,0.0,0.0,-2.004,-0.0,2.004,-2.004,0.0,0.0,0.0,0.0,5006.0,-0.0,0.0,0.0,-0.0,0.0,2.718429120148166e+23,0.0,0.0,0.0,0.0,53,1.9056979486756045e+17,-0.0,0.0,0.0,0.0,0.0,0.0,0.0,0.0,0,0,0,0.0,0.0,0.0,0.0,0.0,0.0,0.0,0.0,0.0,0.0,0.0,0.0,0.0,0.0,0.0,0.0,0,-107875648.0,53,0.0,106,-107614832.0,-107350944.0,ERR,ERR,ERR,ERR,ERR,ERR,ERR,ERR,ERR,ERR,ERR,ERR,ERR,ERR,ERR,ERR,ERR,ERR,ERR,ERR,ERR,ERR,ERR,ERR,ERR,ERR,ERR,ERR,ERR,ERR,ERR,ERR,ERR,ERR,ERR,ERR,ERR,ERR,ERR,ERR,ERR,ERR,ERR,ERR,ERR,ERR,ERR,ERR,ERR,ERR,ERR,ERR,ERR,ERR,ERR,ERR,ERR,ERR,ERR,ERR,ERR,ERR,ERR,ERR,ERR,ERR,ERR,50.0,60.0,100,0.0,0.0,0.0,0.0,0.0,0.0,0.0,0.0,0.0,0.0,0.0,0.0,0.0,0.0,0.0,0.0,61.6,65,20,65521,50,65476,0,300,0,0,8,20529,65476,0,0,26214,60.0,0.0,0.0,0.0,0.0,0.0
2026-05-17T16:11:59,ERR,ERR,ERR,ERR,ERR,ERR,ERR,ERR,ERR,ERR,ERR,ERR,ERR,ERR,ERR,ERR,ERR,ERR,ERR,ERR,ERR,ERR,ERR,ERR,ERR,ERR,ERR,ERR,ERR,ERR,ERR,ERR,ERR,ERR,ERR,ERR,ERR,ERR,ERR,ERR,ERR,ERR,ERR,ERR,ERR,ERR,ERR,ERR,ERR,ERR,ERR,ERR,ERR,ERR,ERR,ERR,ERR,ERR,ERR,ERR,ERR,ERR,ERR,ERR,ERR,ERR,ERR,ERR,ERR,ERR,ERR,ERR,ERR,ERR,ERR,ERR,ERR,ERR,ERR,ERR,ERR,ERR,ERR,ERR,ERR,ERR,ERR,ERR,ERR,ERR,ERR,ERR,ERR,ERR,ERR,ERR,ERR,ERR,ERR,ERR,ERR,ERR,ERR,ERR,ERR,ERR,ERR,ERR,ERR,ERR,ERR,ERR,ERR,ERR,ERR,ERR,ERR,ERR,ERR,ERR,ERR,ERR,ERR,ERR,ERR,0.0,-0.0,-0.0,0.0,0.0,1.3936040501711995e+18,7.805,0.0,0,0,4,0,8422,0.0,45,0.0,0.0,0.0,0.0,0.0,0,0,0,0,0.0,0,0,0,0,0,0,0,0,0,0,0,0,0,0,0,0,0,0,0,0,0,0,0,0,0,0,0,0,0,0,0,0,0,38,14,7,45,65476,0,300,0,0,8,21553,0.0,-107605600.0,0.0,0.0,0.0,0.0,0.0,0.0,0.0,0.0,0.0,0.0,0.0,0.0,0.0,0.0,0.0,0.0,0.0,0.0,0.0,0.0,-2.004,-0.0,2.004,-2.004,0.0,0.0,0.0,0.0,5006.0,-0.0,0.0,0.0,-0.0,0.0,2.718429120148166e+23,0.0,0.0,0.0,0.0,53,1.9056979486756045e+17,-0.0,0.0,0.0,0.0,0.0,0.0,0.0,0.0,0,0,0,0.0,0.0,0.0,0.0,0.0,0.0,0.0,0.0,0.0,0.0,0.0,0.0,0.0,0.0,0.0,0.0,0,-107875648.0,53,0.0,106,-107614832.0,-107350944.0,ERR,ERR,ERR,ERR,ERR,ERR,ERR,ERR,ERR,ERR,ERR,ERR,ERR,ERR,ERR,ERR,ERR,ERR,ERR,ERR,ERR,ERR,ERR,ERR,ERR,ERR,ERR,ERR,ERR,ERR,ERR,ERR,ERR,ERR,ERR,ERR,ERR,ERR,ERR,ERR,ERR,ERR,ERR,ERR,ERR,ERR,ERR,ERR,ERR,ERR,ERR,ERR,ERR,ERR,ERR,ERR,ERR,ERR,ERR,ERR,ERR,ERR,ERR,ERR,ERR,ERR,ERR,50.0,60.0,100,0.0,0.0,0.0,0.0,0.0,0.0,0.0,0.0,0.0,0.0,0.0,0.0,0.0,0.0,0.0,0.0,61.6,65,20,65521,50,65476,0,300,0,0,8,20529,65476,0,0,26214,60.0,0.0,0.0,0.0,0.0,0.0
2026-05-17T16:12:00,ERR,ERR,ERR,ERR,ERR,ERR,ERR,ERR,ERR,ERR,ERR,ERR,ERR,ERR,ERR,ERR,ERR,ERR,ERR,ERR,ERR,ERR,ERR,ERR,ERR,ERR,ERR,ERR,ERR,ERR,ERR,ERR,ERR,ERR,ERR,ERR,ERR,ERR,ERR,ERR,ERR,ERR,ERR,ERR,ERR,ERR,ERR,ERR,ERR,ERR,ERR,ERR,ERR,ERR,ERR,ERR,ERR,ERR,ERR,ERR,ERR,ERR,ERR,ERR,ERR,ERR,ERR,ERR,ERR,ERR,ERR,ERR,ERR,ERR,ERR,ERR,ERR,ERR,ERR,ERR,ERR,ERR,ERR,ERR,ERR,ERR,ERR,ERR,ERR,ERR,ERR,ERR,ERR,ERR,ERR,ERR,ERR,ERR,ERR,ERR,ERR,ERR,ERR,ERR,ERR,ERR,ERR,ERR,ERR,ERR,ERR,ERR,ERR,ERR,ERR,ERR,ERR,ERR,ERR,ERR,ERR,ERR,ERR,ERR,ERR,0.0,-0.0,-0.0,0.0,0.0,1.3936040501711995e+18,7.805,0.0,0,0,4,0,8422,0.0,45,0.0,0.0,0.0,0.0,0.0,0,0,0,0,0.0,0,0,0,0,0,0,0,0,0,0,0,0,0,0,0,0,0,0,0,0,0,0,0,0,0,0,0,0,0,0,0,0,0,38,14,7,45,65476,0,300,0,0,8,21553,0.0,-107605600.0,0.0,0.0,0.0,0.0,0.0,0.0,0.0,0.0,0.0,0.0,0.0,0.0,0.0,0.0,0.0,0.0,0.0,0.0,0.0,0.0,-2.004,-0.0,2.004,-2.004,0.0,0.0,0.0,0.0,5006.0,-0.0,0.0,0.0,-0.0,0.0,2.718429120148166e+23,0.0,0.0,0.0,0.0,53,1.9056979486756045e+17,-0.0,0.0,0.0,0.0,0.0,0.0,0.0,0.0,0,0,0,0.0,0.0,0.0,0.0,0.0,0.0,0.0,0.0,0.0,0.0,0.0,0.0,0.0,0.0,0.0,0.0,0,-107875648.0,53,0.0,106,-107614832.0,-107350944.0,ERR,ERR,ERR,ERR,ERR,ERR,ERR,ERR,ERR,ERR,ERR,ERR,ERR,ERR,ERR,ERR,ERR,ERR,ERR,ERR,ERR,ERR,ERR,ERR,ERR,ERR,ERR,ERR,ERR,ERR,ERR,ERR,ERR,ERR,ERR,ERR,ERR,ERR,ERR,ERR,ERR,ERR,ERR,ERR,ERR,ERR,ERR,ERR,ERR,ERR,ERR,ERR,ERR,ERR,ERR,ERR,ERR,ERR,ERR,ERR,ERR,ERR,ERR,ERR,ERR,ERR,ERR,50.0,60.0,100,0.0,0.0,0.0,0.0,0.0,0.0,0.0,0.0,0.0,0.0,0.0,0.0,0.0,0.0,0.0,0.0,61.6,65,20,65521,50,65476,0,300,0,0,8,20529,65476,0,0,26214,60.0,0.0,0.0,0.0,0.0,0.0
2026-05-17T16:12:01,ERR,ERR,ERR,ERR,ERR,ERR,ERR,ERR,ERR,ERR,ERR,ERR,ERR,ERR,ERR,ERR,ERR,ERR,ERR,ERR,ERR,ERR,ERR,ERR,ERR,ERR,ERR,ERR,ERR,ERR,ERR,ERR,ERR,ERR,ERR,ERR,ERR,ERR,ERR,ERR,ERR,ERR,ERR,ERR,ERR,ERR,ERR,ERR,ERR,ERR,ERR,ERR,ERR,ERR,ERR,ERR,ERR,ERR,ERR,ERR,ERR,ERR,ERR,ERR,ERR,ERR,ERR,ERR,ERR,ERR,ERR,ERR,ERR,ERR,ERR,ERR,ERR,ERR,ERR,ERR,ERR,ERR,ERR,ERR,ERR,ERR,ERR,ERR,ERR,ERR,ERR,ERR,ERR,ERR,ERR,ERR,ERR,ERR,ERR,ERR,ERR,ERR,ERR,ERR,ERR,ERR,ERR,ERR,ERR,ERR,ERR,ERR,ERR,ERR,ERR,ERR,ERR,ERR,ERR,ERR,ERR,ERR,ERR,ERR,ERR,0.0,-0.0,-0.0,0.0,0.0,1.3936040501711995e+18,7.805,0.0,0,0,4,0,8422,0.0,45,0.0,0.0,0.0,0.0,0.0,0,0,0,0,0.0,0,0,0,0,0,0,0,0,0,0,0,0,0,0,0,0,0,0,0,0,0,0,0,0,0,0,0,0,0,0,0,0,0,38,14,7,45,65476,0,300,0,0,8,21553,0.0,-107605600.0,0.0,0.0,0.0,0.0,0.0,0.0,0.0,0.0,0.0,0.0,0.0,0.0,0.0,0.0,0.0,0.0,0.0,0.0,0.0,0.0,-2.004,-0.0,2.004,-2.004,0.0,0.0,0.0,0.0,5006.0,-0.0,0.0,0.0,-0.0,0.0,2.718429120148166e+23,0.0,0.0,0.0,0.0,53,1.9056979486756045e+17,-0.0,0.0,0.0,0.0,0.0,0.0,0.0,0.0,0,0,0,0.0,0.0,0.0,0.0,0.0,0.0,0.0,0.0,0.0,0.0,0.0,0.0,0.0,0.0,0.0,0.0,0,-107875648.0,53,0.0,106,-107614832.0,-107350944.0,ERR,ERR,ERR,ERR,ERR,ERR,ERR,ERR,ERR,ERR,ERR,ERR,ERR,ERR,ERR,ERR,ERR,ERR,ERR,ERR,ERR,ERR,ERR,ERR,ERR,ERR,ERR,ERR,ERR,ERR,ERR,ERR,ERR,ERR,ERR,ERR,ERR,ERR,ERR,ERR,ERR,ERR,ERR,ERR,ERR,ERR,ERR,ERR,ERR,ERR,ERR,ERR,ERR,ERR,ERR,ERR,ERR,ERR,ERR,ERR,ERR,ERR,ERR,ERR,ERR,ERR,ERR,50.0,60.0,100,0.0,0.0,0.0,0.0,0.0,0.0,0.0,0.0,0.0,0.0,0.0,0.0,0.0,0.0,0.0,0.0,62.0,65,20,65521,50,65476,0,300,0,0,8,20529,65476,0,0,26214,60.0,0.0,0.0,0.0,0.0,0.0
2026-05-17T16:12:02,ERR,ERR,ERR,ERR,ERR,ERR,ERR,ERR,ERR,ERR,ERR,ERR,ERR,ERR,ERR,ERR,ERR,ERR,ERR,ERR,ERR,ERR,ERR,ERR,ERR,ERR,ERR,ERR,ERR,ERR,ERR,ERR,ERR,ERR,ERR,ERR,ERR,ERR,ERR,ERR,ERR,ERR,ERR,ERR,ERR,ERR,ERR,ERR,ERR,ERR,ERR,ERR,ERR,ERR,ERR,ERR,ERR,ERR,ERR,ERR,ERR,ERR,ERR,ERR,ERR,ERR,ERR,ERR,ERR,ERR,ERR,ERR,ERR,ERR,ERR,ERR,ERR,ERR,ERR,ERR,ERR,ERR,ERR,ERR,ERR,ERR,ERR,ERR,ERR,ERR,ERR,ERR,ERR,ERR,ERR,ERR,ERR,ERR,ERR,ERR,ERR,ERR,ERR,ERR,ERR,ERR,ERR,ERR,ERR,ERR,ERR,ERR,ERR,ERR,ERR,ERR,ERR,ERR,ERR,ERR,ERR,ERR,ERR,ERR,ERR,0.0,-0.0,-0.0,0.0,0.0,1.3936040501711995e+18,7.805,0.0,0,0,4,0,8422,0.0,45,0.0,0.0,0.0,0.0,0.0,0,0,0,0,0.0,0,0,0,0,0,0,0,0,0,0,0,0,0,0,0,0,0,0,0,0,0,0,0,0,0,0,0,0,0,0,0,0,0,38,14,7,45,65476,0,300,0,0,8,21553,0.0,-107605600.0,0.0,0.0,0.0,0.0,0.0,0.0,0.0,0.0,0.0,0.0,0.0,0.0,0.0,0.0,0.0,0.0,0.0,0.0,0.0,0.0,-2.004,-0.0,2.004,-2.004,0.0,0.0,0.0,0.0,5006.0,-0.0,0.0,0.0,-0.0,0.0,2.718429120148166e+23,0.0,0.0,0.0,0.0,53,1.9056979486756045e+17,-0.0,0.0,0.0,0.0,0.0,0.0,0.0,0.0,0,0,0,0.0,0.0,0.0,0.0,0.0,0.0,0.0,0.0,0.0,0.0,0.0,0.0,0.0,0.0,0.0,0.0,0,-107875648.0,53,0.0,106,-107614832.0,-107350944.0,ERR,ERR,ERR,ERR,ERR,ERR,ERR,ERR,ERR,ERR,ERR,ERR,ERR,ERR,ERR,ERR,ERR,ERR,ERR,ERR,ERR,ERR,ERR,ERR,ERR,ERR,ERR,ERR,ERR,ERR,ERR,ERR,ERR,ERR,ERR,ERR,ERR,ERR,ERR,ERR,ERR,ERR,ERR,ERR,ERR,ERR,ERR,ERR,ERR,ERR,ERR,ERR,ERR,ERR,ERR,ERR,ERR,ERR,ERR,ERR,ERR,ERR,ERR,ERR,ERR,ERR,ERR,50.0,60.0,100,0.0,0.0,0.0,0.0,0.0,0.0,0.0,0.0,0.0,0.0,0.0,0.0,0.0,0.0,0.0,0.0,61.6,65,20,65521,50,65476,0,300,0,0,8,20529,65476,0,0,26214,60.0,0.0,0.0,0.0,0.0,0.0
2026-05-17T16:12:03,ERR,ERR,ERR,ERR,ERR,ERR,ERR,ERR,ERR,ERR,ERR,ERR,ERR,ERR,ERR,ERR,ERR,ERR,ERR,ERR,ERR,ERR,ERR,ERR,ERR,ERR,ERR,ERR,ERR,ERR,ERR,ERR,ERR,ERR,ERR,ERR,ERR,ERR,ERR,ERR,ERR,ERR,ERR,ERR,ERR,ERR,ERR,ERR,ERR,ERR,ERR,ERR,ERR,ERR,ERR,ERR,ERR,ERR,ERR,ERR,ERR,ERR,ERR,ERR,ERR,ERR,ERR,ERR,ERR,ERR,ERR,ERR,ERR,ERR,ERR,ERR,ERR,ERR,ERR,ERR,ERR,ERR,ERR,ERR,ERR,ERR,ERR,ERR,ERR,ERR,ERR,ERR,ERR,ERR,ERR,ERR,ERR,ERR,ERR,ERR,ERR,ERR,ERR,ERR,ERR,ERR,ERR,ERR,ERR,ERR,ERR,ERR,ERR,ERR,ERR,ERR,ERR,ERR,ERR,ERR,ERR,ERR,ERR,ERR,ERR,0.0,-0.0,-0.0,0.0,0.0,1.3936040501711995e+18,7.805,0.0,0,0,4,0,8422,0.0,45,0.0,0.0,0.0,0.0,0.0,0,0,0,0,0.0,0,0,0,0,0,0,0,0,0,0,0,0,0,0,0,0,0,0,0,0,0,0,0,0,0,0,0,0,0,0,0,0,0,38,14,7,45,65476,0,300,0,0,8,21553,0.0,-107605600.0,0.0,0.0,0.0,0.0,0.0,0.0,0.0,0.0,0.0,0.0,0.0,0.0,0.0,0.0,0.0,0.0,0.0,0.0,0.0,0.0,-2.004,-0.0,-0.0,-2.004,0.0,0.0,0.0,0.0,5002.0,-0.0,0.0,0.0,-0.0,0.0,2.718429120148166e+23,0.0,0.0,0.0,0.0,53,89221.109,-0.0,0.0,0.0,0.0,0.0,0.0,0.0,0.0,0,0,0,0.0,0.0,0.0,0.0,0.0,0.0,0.0,0.0,0.0,0.0,0.0,0.0,0.0,0.0,0.0,0.0,0,-107875648.0,53,0.0,106,-107614832.0,-107350944.0,ERR,ERR,ERR,ERR,ERR,ERR,ERR,ERR,ERR,ERR,ERR,ERR,ERR,ERR,ERR,ERR,ERR,ERR,ERR,ERR,ERR,ERR,ERR,ERR,ERR,ERR,ERR,ERR,ERR,ERR,ERR,ERR,ERR,ERR,ERR,ERR,ERR,ERR,ERR,ERR,ERR,ERR,ERR,ERR,ERR,ERR,ERR,ERR,ERR,ERR,ERR,ERR,ERR,ERR,ERR,ERR,ERR,ERR,ERR,ERR,ERR,ERR,ERR,ERR,ERR,ERR,ERR,50.0,60.0,100,0.0,0.0,0.0,0.0,0.0,0.0,0.0,0.0,0.0,0.0,0.0,0.0,0.0,0.0,0.0,0.0,61.6,65,20,65521,50,65476,0,300,0,0,8,20529,65476,0,0,26214,60.0,0.0,0.0,0.0,0.0,0.0
2026-05-17T16:12:04,ERR,ERR,ERR,ERR,ERR,ERR,ERR,ERR,ERR,ERR,ERR,ERR,ERR,ERR,ERR,ERR,ERR,ERR,ERR,ERR,ERR,ERR,ERR,ERR,ERR,ERR,ERR,ERR,ERR,ERR,ERR,ERR,ERR,ERR,ERR,ERR,ERR,ERR,ERR,ERR,ERR,ERR,ERR,ERR,ERR,ERR,ERR,ERR,ERR,ERR,ERR,ERR,ERR,ERR,ERR,ERR,ERR,ERR,ERR,ERR,ERR,ERR,ERR,ERR,ERR,ERR,ERR,ERR,ERR,ERR,ERR,ERR,ERR,ERR,ERR,ERR,ERR,ERR,ERR,ERR,ERR,ERR,ERR,ERR,ERR,ERR,ERR,ERR,ERR,ERR,ERR,ERR,ERR,ERR,ERR,ERR,ERR,ERR,ERR,ERR,ERR,ERR,ERR,ERR,ERR,ERR,ERR,ERR,ERR,ERR,ERR,ERR,ERR,ERR,ERR,ERR,ERR,ERR,ERR,ERR,ERR,ERR,ERR,ERR,ERR,0.0,-0.0,-0.0,0.0,0.0,1.3936040501711995e+18,7.805,0.0,0,0,4,0,8422,0.0,45,0.0,0.0,0.0,0.0,0.0,0,0,0,0,0.0,0,0,0,0,0,0,0,0,0,0,0,0,0,0,0,0,0,0,0,0,0,0,0,0,0,0,0,0,0,0,0,0,0,38,14,7,45,65476,0,300,0,0,8,21553,0.0,-107605600.0,0.0,0.0,0.0,0.0,0.0,0.0,0.0,0.0,0.0,0.0,0.0,0.0,0.0,0.0,0.0,0.0,0.0,0.0,0.0,0.0,-2.004,-0.0,-0.0,-2.004,0.0,0.0,0.0,0.0,5002.0,-0.0,0.0,0.0,-0.0,0.0,2.718429120148166e+23,0.0,0.0,0.0,0.0,53,89221.109,-0.0,0.0,0.0,0.0,0.0,0.0,0.0,0.0,0,0,0,0.0,0.0,0.0,0.0,0.0,0.0,0.0,0.0,0.0,0.0,0.0,0.0,0.0,0.0,0.0,0.0,0,-107875648.0,53,0.0,106,-107614832.0,-107350944.0,ERR,ERR,ERR,ERR,ERR,ERR,ERR,ERR,ERR,ERR,ERR,ERR,ERR,ERR,ERR,ERR,ERR,ERR,ERR,ERR,ERR,ERR,ERR,ERR,ERR,ERR,ERR,ERR,ERR,ERR,ERR,ERR,ERR,ERR,ERR,ERR,ERR,ERR,ERR,ERR,ERR,ERR,ERR,ERR,ERR,ERR,ERR,ERR,ERR,ERR,ERR,ERR,ERR,ERR,ERR,ERR,ERR,ERR,ERR,ERR,ERR,ERR,ERR,ERR,ERR,ERR,ERR,50.0,60.0,100,0.0,0.0,0.0,0.0,0.0,0.0,0.0,0.0,0.0,0.0,0.0,0.0,0.0,0.0,0.0,0.0,61.6,65,20,65521,50,65476,0,300,0,0,8,20529,65476,0,0,26214,60.0,0.0,0.0,0.0,0.0,0.0
2026-05-17T16:12:05,ERR,ERR,ERR,ERR,ERR,ERR,ERR,ERR,ERR,ERR,ERR,ERR,ERR,ERR,ERR,ERR,ERR,ERR,ERR,ERR,ERR,ERR,ERR,ERR,ERR,ERR,ERR,ERR,ERR,ERR,ERR,ERR,ERR,ERR,ERR,ERR,ERR,ERR,ERR,ERR,ERR,ERR,ERR,ERR,ERR,ERR,ERR,ERR,ERR,ERR,ERR,ERR,ERR,ERR,ERR,ERR,ERR,ERR,ERR,ERR,ERR,ERR,ERR,ERR,ERR,ERR,ERR,ERR,ERR,ERR,ERR,ERR,ERR,ERR,ERR,ERR,ERR,ERR,ERR,ERR,ERR,ERR,ERR,ERR,ERR,ERR,ERR,ERR,ERR,ERR,ERR,ERR,ERR,ERR,ERR,ERR,ERR,ERR,ERR,ERR,ERR,ERR,ERR,ERR,ERR,ERR,ERR,ERR,ERR,ERR,ERR,ERR,ERR,ERR,ERR,ERR,ERR,ERR,ERR,ERR,ERR,ERR,ERR,ERR,ERR,0.0,-0.0,-0.0,0.0,0.0,1.3936040501711995e+18,7.805,0.0,0,0,4,0,8422,0.0,45,0.0,0.0,0.0,0.0,0.0,0,0,0,0,0.0,0,0,0,0,0,0,0,0,0,0,0,0,0,0,0,0,0,0,0,0,0,0,0,0,0,0,0,0,0,0,0,0,0,38,14,7,45,65476,0,300,0,0,8,21553,0.0,-107605600.0,0.0,0.0,0.0,0.0,0.0,0.0,0.0,0.0,0.0,0.0,0.0,0.0,0.0,0.0,0.0,0.0,0.0,0.0,0.0,0.0,-2.004,-0.0,-0.0,-2.004,0.0,0.0,0.0,0.0,5002.0,-0.0,0.0,0.0,-0.0,0.0,2.718429120148166e+23,0.0,0.0,0.0,0.0,53,89221.109,-0.0,0.0,0.0,0.0,0.0,0.0,0.0,0.0,0,0,0,0.0,0.0,0.0,0.0,0.0,0.0,0.0,0.0,0.0,0.0,0.0,0.0,0.0,0.0,0.0,0.0,0,-107875648.0,53,0.0,106,-107614832.0,-107350944.0,ERR,ERR,ERR,ERR,ERR,ERR,ERR,ERR,ERR,ERR,ERR,ERR,ERR,ERR,ERR,ERR,ERR,ERR,ERR,ERR,ERR,ERR,ERR,ERR,ERR,ERR,ERR,ERR,ERR,ERR,ERR,ERR,ERR,ERR,ERR,ERR,ERR,ERR,ERR,ERR,ERR,ERR,ERR,ERR,ERR,ERR,ERR,ERR,ERR,ERR,ERR,ERR,ERR,ERR,ERR,ERR,ERR,ERR,ERR,ERR,ERR,ERR,ERR,ERR,ERR,ERR,ERR,50.0,60.0,100,0.0,0.0,0.0,0.0,0.0,0.0,0.0,0.0,0.0,0.0,0.0,0.0,0.0,0.0,0.0,0.0,61.6,65,20,65521,50,65476,0,300,0,0,8,20529,65476,0,0,26214,60.0,0.0,0.0,0.0,0.0,0.0
2026-05-17T16:12:06,ERR,ERR,ERR,ERR,ERR,ERR,ERR,ERR,ERR,ERR,ERR,ERR,ERR,ERR,ERR,ERR,ERR,ERR,ERR,ERR,ERR,ERR,ERR,ERR,ERR,ERR,ERR,ERR,ERR,ERR,ERR,ERR,ERR,ERR,ERR,ERR,ERR,ERR,ERR,ERR,ERR,ERR,ERR,ERR,ERR,ERR,ERR,ERR,ERR,ERR,ERR,ERR,ERR,ERR,ERR,ERR,ERR,ERR,ERR,ERR,ERR,ERR,ERR,ERR,ERR,ERR,ERR,ERR,ERR,ERR,ERR,ERR,ERR,ERR,ERR,ERR,ERR,ERR,ERR,ERR,ERR,ERR,ERR,ERR,ERR,ERR,ERR,ERR,ERR,ERR,ERR,ERR,ERR,ERR,ERR,ERR,ERR,ERR,ERR,ERR,ERR,ERR,ERR,ERR,ERR,ERR,ERR,ERR,ERR,ERR,ERR,ERR,ERR,ERR,ERR,ERR,ERR,ERR,ERR,ERR,ERR,ERR,ERR,ERR,ERR,0.0,-0.0,-0.0,0.0,0.0,1.3936040501711995e+18,7.805,0.0,0,0,4,0,8422,0.0,45,0.0,0.0,0.0,0.0,0.0,0,0,0,0,0.0,0,0,0,0,0,0,0,0,0,0,0,0,0,0,0,0,0,0,0,0,0,0,0,0,0,0,0,0,0,0,0,0,0,38,14,7,45,65476,0,300,0,0,8,21553,0.0,-107605600.0,0.0,0.0,0.0,0.0,0.0,0.0,0.0,0.0,0.0,0.0,0.0,0.0,0.0,0.0,0.0,0.0,0.0,0.0,0.0,0.0,-2.004,-0.0,-0.0,-2.004,0.0,0.0,0.0,0.0,5002.0,-0.0,0.0,0.0,-0.0,0.0,2.718429120148166e+23,0.0,0.0,0.0,0.0,53,89221.109,-0.0,0.0,0.0,0.0,0.0,0.0,0.0,0.0,0,0,0,0.0,0.0,0.0,0.0,0.0,0.0,0.0,0.0,0.0,0.0,0.0,0.0,0.0,0.0,0.0,0.0,0,-107875648.0,53,0.0,106,-107614832.0,-107350944.0,ERR,ERR,ERR,ERR,ERR,ERR,ERR,ERR,ERR,ERR,ERR,ERR,ERR,ERR,ERR,ERR,ERR,ERR,ERR,ERR,ERR,ERR,ERR,ERR,ERR,ERR,ERR,ERR,ERR,ERR,ERR,ERR,ERR,ERR,ERR,ERR,ERR,ERR,ERR,ERR,ERR,ERR,ERR,ERR,ERR,ERR,ERR,ERR,ERR,ERR,ERR,ERR,ERR,ERR,ERR,ERR,ERR,ERR,ERR,ERR,ERR,ERR,ERR,ERR,ERR,ERR,ERR,50.0,60.0,100,0.0,0.0,0.0,0.0,0.0,0.0,0.0,0.0,0.0,0.0,0.0,0.0,0.0,0.0,0.0,0.0,61.6,65,20,65521,50,65476,0,300,0,0,8,20529,65476,0,0,26214,60.0,0.0,0.0,0.0,0.0,0.0
2026-05-17T16:12:07,ERR,ERR,ERR,ERR,ERR,ERR,ERR,ERR,ERR,ERR,ERR,ERR,ERR,ERR,ERR,ERR,ERR,ERR,ERR,ERR,ERR,ERR,ERR,ERR,ERR,ERR,ERR,ERR,ERR,ERR,ERR,ERR,ERR,ERR,ERR,ERR,ERR,ERR,ERR,ERR,ERR,ERR,ERR,ERR,ERR,ERR,ERR,ERR,ERR,ERR,ERR,ERR,ERR,ERR,ERR,ERR,ERR,ERR,ERR,ERR,ERR,ERR,ERR,ERR,ERR,ERR,ERR,ERR,ERR,ERR,ERR,ERR,ERR,ERR,ERR,ERR,ERR,ERR,ERR,ERR,ERR,ERR,ERR,ERR,ERR,ERR,ERR,ERR,ERR,ERR,ERR,ERR,ERR,ERR,ERR,ERR,ERR,ERR,ERR,ERR,ERR,ERR,ERR,ERR,ERR,ERR,ERR,ERR,ERR,ERR,ERR,ERR,ERR,ERR,ERR,ERR,ERR,ERR,ERR,ERR,ERR,ERR,ERR,ERR,ERR,0.0,-0.0,-0.0,0.0,0.0,1.3936040501711995e+18,7.805,0.0,0,0,4,0,8422,0.0,45,0.0,0.0,0.0,0.0,0.0,0,0,0,0,0.0,0,0,0,0,0,0,0,0,0,0,0,0,0,0,0,0,0,0,0,0,0,0,0,0,0,0,0,0,0,0,0,0,0,38,14,7,45,65476,0,300,0,0,8,21553,0.0,-107605600.0,0.0,0.0,0.0,0.0,0.0,0.0,0.0,0.0,0.0,0.0,0.0,0.0,0.0,0.0,0.0,0.0,0.0,0.0,0.0,0.0,-2.004,-0.0,-0.0,-2.004,0.0,0.0,0.0,0.0,5002.0,-0.0,0.0,0.0,-0.0,0.0,2.718429120148166e+23,0.0,0.0,0.0,0.0,53,89221.109,-0.0,0.0,0.0,0.0,0.0,0.0,0.0,0.0,0,0,0,0.0,0.0,0.0,0.0,0.0,0.0,0.0,0.0,0.0,0.0,0.0,0.0,0.0,0.0,0.0,0.0,0,-107875648.0,53,0.0,106,-107614832.0,-107350944.0,ERR,ERR,ERR,ERR,ERR,ERR,ERR,ERR,ERR,ERR,ERR,ERR,ERR,ERR,ERR,ERR,ERR,ERR,ERR,ERR,ERR,ERR,ERR,ERR,ERR,ERR,ERR,ERR,ERR,ERR,ERR,ERR,ERR,ERR,ERR,ERR,ERR,ERR,ERR,ERR,ERR,ERR,ERR,ERR,ERR,ERR,ERR,ERR,ERR,ERR,ERR,ERR,ERR,ERR,ERR,ERR,ERR,ERR,ERR,ERR,ERR,ERR,ERR,ERR,ERR,ERR,ERR,50.0,60.0,100,0.0,0.0,0.0,0.0,0.0,0.0,0.0,0.0,0.0,0.0,0.0,0.0,0.0,0.0,0.0,0.0,62.0,65,20,65521,50,65476,0,300,0,0,8,20529,65476,0,0,26214,60.0,0.0,0.0,0.0,0.0,0.0
2026-05-17T16:12:08,ERR,ERR,ERR,ERR,ERR,ERR,ERR,ERR,ERR,ERR,ERR,ERR,ERR,ERR,ERR,ERR,ERR,ERR,ERR,ERR,ERR,ERR,ERR,ERR,ERR,ERR,ERR,ERR,ERR,ERR,ERR,ERR,ERR,ERR,ERR,ERR,ERR,ERR,ERR,ERR,ERR,ERR,ERR,ERR,ERR,ERR,ERR,ERR,ERR,ERR,ERR,ERR,ERR,ERR,ERR,ERR,ERR,ERR,ERR,ERR,ERR,ERR,ERR,ERR,ERR,ERR,ERR,ERR,ERR,ERR,ERR,ERR,ERR,ERR,ERR,ERR,ERR,ERR,ERR,ERR,ERR,ERR,ERR,ERR,ERR,ERR,ERR,ERR,ERR,ERR,ERR,ERR,ERR,ERR,ERR,ERR,ERR,ERR,ERR,ERR,ERR,ERR,ERR,ERR,ERR,ERR,ERR,ERR,ERR,ERR,ERR,ERR,ERR,ERR,ERR,ERR,ERR,ERR,ERR,ERR,ERR,ERR,ERR,ERR,ERR,0.0,-0.0,-0.0,0.0,0.0,1.3936040501711995e+18,7.805,0.0,0,0,4,0,8422,0.0,45,0.0,0.0,0.0,0.0,0.0,0,0,0,0,0.0,0,0,0,0,0,0,0,0,0,0,0,0,0,0,0,0,0,0,0,0,0,0,0,0,0,0,0,0,0,0,0,0,0,38,14,7,45,65476,0,300,0,0,8,21553,0.0,-107605600.0,0.0,0.0,0.0,0.0,0.0,0.0,0.0,0.0,0.0,0.0,0.0,0.0,0.0,0.0,0.0,0.0,0.0,0.0,0.0,0.0,-2.004,-0.0,-0.0,-2.004,0.0,0.0,0.0,0.0,5007.0,-0.0,0.0,0.0,-0.0,0.0,-0.0,0.0,0.0,0.0,0.0,53,2.3088403658719416e+20,4.066853658014554e+29,0.0,0.0,0.0,0.0,0.0,0.0,0.0,0,0,0,0.0,0.0,0.0,0.0,0.0,0.0,0.0,0.0,0.0,0.0,0.0,0.0,0.0,0.0,0.0,0.0,0,-107875648.0,53,0.0,106,-107614832.0,-107350944.0,ERR,ERR,ERR,ERR,ERR,ERR,ERR,ERR,ERR,ERR,ERR,ERR,ERR,ERR,ERR,ERR,ERR,ERR,ERR,ERR,ERR,ERR,ERR,ERR,ERR,ERR,ERR,ERR,ERR,ERR,ERR,ERR,ERR,ERR,ERR,ERR,ERR,ERR,ERR,ERR,ERR,ERR,ERR,ERR,ERR,ERR,ERR,ERR,ERR,ERR,ERR,ERR,ERR,ERR,ERR,ERR,ERR,ERR,ERR,ERR,ERR,ERR,ERR,ERR,ERR,ERR,ERR,50.0,60.0,100,0.0,0.0,0.0,0.0,0.0,0.0,0.0,0.0,0.0,0.0,0.0,0.0,0.0,0.0,0.0,0.0,62.0,65,20,65521,50,65476,0,300,0,0,8,20529,65476,0,0,26214,60.0,0.0,0.0,0.0,0.0,0.0
2026-05-17T16:12:09,ERR,ERR,ERR,ERR,ERR,ERR,ERR,ERR,ERR,ERR,ERR,ERR,ERR,ERR,ERR,ERR,ERR,ERR,ERR,ERR,ERR,ERR,ERR,ERR,ERR,ERR,ERR,ERR,ERR,ERR,ERR,ERR,ERR,ERR,ERR,ERR,ERR,ERR,ERR,ERR,ERR,ERR,ERR,ERR,ERR,ERR,ERR,ERR,ERR,ERR,ERR,ERR,ERR,ERR,ERR,ERR,ERR,ERR,ERR,ERR,ERR,ERR,ERR,ERR,ERR,ERR,ERR,ERR,ERR,ERR,ERR,ERR,ERR,ERR,ERR,ERR,ERR,ERR,ERR,ERR,ERR,ERR,ERR,ERR,ERR,ERR,ERR,ERR,ERR,ERR,ERR,ERR,ERR,ERR,ERR,ERR,ERR,ERR,ERR,ERR,ERR,ERR,ERR,ERR,ERR,ERR,ERR,ERR,ERR,ERR,ERR,ERR,ERR,ERR,ERR,ERR,ERR,ERR,ERR,ERR,ERR,ERR,ERR,ERR,ERR,0.0,-0.0,-0.0,0.0,0.0,1.3936040501711995e+18,7.805,0.0,0,0,4,0,8422,0.0,45,0.0,0.0,0.0,0.0,0.0,0,0,0,0,0.0,0,0,0,0,0,0,0,0,0,0,0,0,0,0,0,0,0,0,0,0,0,0,0,0,0,0,0,0,0,0,0,0,0,38,14,7,45,65476,0,300,0,0,8,21553,0.0,-107605600.0,0.0,0.0,0.0,0.0,0.0,0.0,0.0,0.0,0.0,0.0,0.0,0.0,0.0,0.0,0.0,0.0,0.0,0.0,0.0,0.0,-2.004,-0.0,-0.0,-2.004,0.0,0.0,0.0,0.0,5007.0,-0.0,0.0,0.0,-0.0,0.0,-0.0,0.0,0.0,0.0,0.0,53,2.3088403658719416e+20,4.066853658014554e+29,0.0,0.0,0.0,0.0,0.0,0.0,0.0,0,0,0,0.0,0.0,0.0,0.0,0.0,0.0,0.0,0.0,0.0,0.0,0.0,0.0,0.0,0.0,0.0,0.0,0,-107875648.0,53,0.0,106,-107614832.0,-107350944.0,ERR,ERR,ERR,ERR,ERR,ERR,ERR,ERR,ERR,ERR,ERR,ERR,ERR,ERR,ERR,ERR,ERR,ERR,ERR,ERR,ERR,ERR,ERR,ERR,ERR,ERR,ERR,ERR,ERR,ERR,ERR,ERR,ERR,ERR,ERR,ERR,ERR,ERR,ERR,ERR,ERR,ERR,ERR,ERR,ERR,ERR,ERR,ERR,ERR,ERR,ERR,ERR,ERR,ERR,ERR,ERR,ERR,ERR,ERR,ERR,ERR,ERR,ERR,ERR,ERR,ERR,ERR,50.0,60.0,100,0.0,0.0,0.0,0.0,0.0,0.0,0.0,0.0,0.0,0.0,0.0,0.0,0.0,0.0,0.0,0.0,61.6,65,20,65521,50,65476,0,300,0,0,8,20529,65476,0,0,26214,60.0,0.0,0.0,0.0,0.0,0.0
2026-05-17T16:12:10,ERR,ERR,ERR,ERR,ERR,ERR,ERR,ERR,ERR,ERR,ERR,ERR,ERR,ERR,ERR,ERR,ERR,ERR,ERR,ERR,ERR,ERR,ERR,ERR,ERR,ERR,ERR,ERR,ERR,ERR,ERR,ERR,ERR,ERR,ERR,ERR,ERR,ERR,ERR,ERR,ERR,ERR,ERR,ERR,ERR,ERR,ERR,ERR,ERR,ERR,ERR,ERR,ERR,ERR,ERR,ERR,ERR,ERR,ERR,ERR,ERR,ERR,ERR,ERR,ERR,ERR,ERR,ERR,ERR,ERR,ERR,ERR,ERR,ERR,ERR,ERR,ERR,ERR,ERR,ERR,ERR,ERR,ERR,ERR,ERR,ERR,ERR,ERR,ERR,ERR,ERR,ERR,ERR,ERR,ERR,ERR,ERR,ERR,ERR,ERR,ERR,ERR,ERR,ERR,ERR,ERR,ERR,ERR,ERR,ERR,ERR,ERR,ERR,ERR,ERR,ERR,ERR,ERR,ERR,ERR,ERR,ERR,ERR,ERR,ERR,0.0,-0.0,-0.0,0.0,0.0,1.3936040501711995e+18,7.805,0.0,0,0,4,0,8422,0.0,45,0.0,0.0,0.0,0.0,0.0,0,0,0,0,0.0,0,0,0,0,0,0,0,0,0,0,0,0,0,0,0,0,0,0,0,0,0,0,0,0,0,0,0,0,0,0,0,0,0,38,14,7,45,65476,0,300,0,0,8,21553,0.0,-107605600.0,0.0,0.0,0.0,0.0,0.0,0.0,0.0,0.0,0.0,0.0,0.0,0.0,0.0,0.0,0.0,0.0,0.0,0.0,0.0,0.0,-2.004,-0.0,-0.0,-2.004,0.0,0.0,0.0,0.0,5007.0,-0.0,0.0,0.0,-0.0,0.0,-0.0,0.0,0.0,0.0,0.0,53,2.3088403658719416e+20,4.066853658014554e+29,0.0,0.0,0.0,0.0,0.0,0.0,0.0,0,0,0,0.0,0.0,0.0,0.0,0.0,0.0,0.0,0.0,0.0,0.0,0.0,0.0,0.0,0.0,0.0,0.0,0,-107875648.0,53,0.0,106,-107614832.0,-107350944.0,ERR,ERR,ERR,ERR,ERR,ERR,ERR,ERR,ERR,ERR,ERR,ERR,ERR,ERR,ERR,ERR,ERR,ERR,ERR,ERR,ERR,ERR,ERR,ERR,ERR,ERR,ERR,ERR,ERR,ERR,ERR,ERR,ERR,ERR,ERR,ERR,ERR,ERR,ERR,ERR,ERR,ERR,ERR,ERR,ERR,ERR,ERR,ERR,ERR,ERR,ERR,ERR,ERR,ERR,ERR,ERR,ERR,ERR,ERR,ERR,ERR,ERR,ERR,ERR,ERR,ERR,ERR,50.0,60.0,100,0.0,0.0,0.0,0.0,0.0,0.0,0.0,0.0,0.0,0.0,0.0,0.0,0.0,0.0,0.0,0.0,61.6,65,20,65521,50,65476,0,300,0,0,8,20529,65476,0,0,26214,60.0,0.0,0.0,0.0,0.0,0.0
2026-05-17T16:12:11,ERR,ERR,ERR,ERR,ERR,ERR,ERR,ERR,ERR,ERR,ERR,ERR,ERR,ERR,ERR,ERR,ERR,ERR,ERR,ERR,ERR,ERR,ERR,ERR,ERR,ERR,ERR,ERR,ERR,ERR,ERR,ERR,ERR,ERR,ERR,ERR,ERR,ERR,ERR,ERR,ERR,ERR,ERR,ERR,ERR,ERR,ERR,ERR,ERR,ERR,ERR,ERR,ERR,ERR,ERR,ERR,ERR,ERR,ERR,ERR,ERR,ERR,ERR,ERR,ERR,ERR,ERR,ERR,ERR,ERR,ERR,ERR,ERR,ERR,ERR,ERR,ERR,ERR,ERR,ERR,ERR,ERR,ERR,ERR,ERR,ERR,ERR,ERR,ERR,ERR,ERR,ERR,ERR,ERR,ERR,ERR,ERR,ERR,ERR,ERR,ERR,ERR,ERR,ERR,ERR,ERR,ERR,ERR,ERR,ERR,ERR,ERR,ERR,ERR,ERR,ERR,ERR,ERR,ERR,ERR,ERR,ERR,ERR,ERR,ERR,0.0,-0.0,-0.0,0.0,0.0,1.3936040501711995e+18,7.805,0.0,0,0,4,0,8422,0.0,45,0.0,0.0,0.0,0.0,0.0,0,0,0,0,0.0,0,0,0,0,0,0,0,0,0,0,0,0,0,0,0,0,0,0,0,0,0,0,0,0,0,0,0,0,0,0,0,0,0,38,14,7,45,65476,0,300,0,0,8,21553,0.0,-107605600.0,0.0,0.0,0.0,0.0,0.0,0.0,0.0,0.0,0.0,0.0,0.0,0.0,0.0,0.0,0.0,0.0,0.0,0.0,0.0,0.0,-2.004,-0.0,-0.0,-2.004,0.0,0.0,0.0,0.0,5007.0,-0.0,0.0,0.0,-0.0,0.0,-0.0,0.0,0.0,0.0,0.0,53,2.3088403658719416e+20,4.066853658014554e+29,0.0,0.0,0.0,0.0,0.0,0.0,0.0,0,0,0,0.0,0.0,0.0,0.0,0.0,0.0,0.0,0.0,0.0,0.0,0.0,0.0,0.0,0.0,0.0,0.0,0,-107875648.0,53,0.0,106,-107614832.0,-107350944.0,ERR,ERR,ERR,ERR,ERR,ERR,ERR,ERR,ERR,ERR,ERR,ERR,ERR,ERR,ERR,ERR,ERR,ERR,ERR,ERR,ERR,ERR,ERR,ERR,ERR,ERR,ERR,ERR,ERR,ERR,ERR,ERR,ERR,ERR,ERR,ERR,ERR,ERR,ERR,ERR,ERR,ERR,ERR,ERR,ERR,ERR,ERR,ERR,ERR,ERR,ERR,ERR,ERR,ERR,ERR,ERR,ERR,ERR,ERR,ERR,ERR,ERR,ERR,ERR,ERR,ERR,ERR,50.0,60.0,100,0.0,0.0,0.0,0.0,0.0,0.0,0.0,0.0,0.0,0.0,0.0,0.0,0.0,0.0,0.0,0.0,61.6,65,20,65521,50,65476,0,300,0,0,8,20529,65476,0,0,26214,60.0,0.0,0.0,0.0,0.0,0.0
2026-05-17T16:12:12,ERR,ERR,ERR,ERR,ERR,ERR,ERR,ERR,ERR,ERR,ERR,ERR,ERR,ERR,ERR,ERR,ERR,ERR,ERR,ERR,ERR,ERR,ERR,ERR,ERR,ERR,ERR,ERR,ERR,ERR,ERR,ERR,ERR,ERR,ERR,ERR,ERR,ERR,ERR,ERR,ERR,ERR,ERR,ERR,ERR,ERR,ERR,ERR,ERR,ERR,ERR,ERR,ERR,ERR,ERR,ERR,ERR,ERR,ERR,ERR,ERR,ERR,ERR,ERR,ERR,ERR,ERR,ERR,ERR,ERR,ERR,ERR,ERR,ERR,ERR,ERR,ERR,ERR,ERR,ERR,ERR,ERR,ERR,ERR,ERR,ERR,ERR,ERR,ERR,ERR,ERR,ERR,ERR,ERR,ERR,ERR,ERR,ERR,ERR,ERR,ERR,ERR,ERR,ERR,ERR,ERR,ERR,ERR,ERR,ERR,ERR,ERR,ERR,ERR,ERR,ERR,ERR,ERR,ERR,ERR,ERR,ERR,ERR,ERR,ERR,0.0,-0.0,-0.0,0.0,0.0,1.3936040501711995e+18,7.805,0.0,0,0,4,0,8422,0.0,45,0.0,0.0,0.0,0.0,0.0,0,0,0,0,0.0,0,0,0,0,0,0,0,0,0,0,0,0,0,0,0,0,0,0,0,0,0,0,0,0,0,0,0,0,0,0,0,0,0,38,14,7,45,65476,0,300,0,0,8,21553,0.0,-107605600.0,0.0,0.0,0.0,0.0,0.0,0.0,0.0,0.0,0.0,0.0,0.0,0.0,0.0,0.0,0.0,0.0,0.0,0.0,0.0,0.0,-2.004,-0.0,-0.0,-2.004,0.0,0.0,0.0,0.0,5007.0,-0.0,0.0,0.0,-0.0,0.0,-0.0,0.0,0.0,0.0,0.0,53,2.3088403658719416e+20,4.066853658014554e+29,0.0,0.0,0.0,0.0,0.0,0.0,0.0,0,0,0,0.0,0.0,0.0,0.0,0.0,0.0,0.0,0.0,0.0,0.0,0.0,0.0,0.0,0.0,0.0,0.0,0,-107875648.0,53,0.0,106,-107614832.0,-107350944.0,ERR,ERR,ERR,ERR,ERR,ERR,ERR,ERR,ERR,ERR,ERR,ERR,ERR,ERR,ERR,ERR,ERR,ERR,ERR,ERR,ERR,ERR,ERR,ERR,ERR,ERR,ERR,ERR,ERR,ERR,ERR,ERR,ERR,ERR,ERR,ERR,ERR,ERR,ERR,ERR,ERR,ERR,ERR,ERR,ERR,ERR,ERR,ERR,ERR,ERR,ERR,ERR,ERR,ERR,ERR,ERR,ERR,ERR,ERR,ERR,ERR,ERR,ERR,ERR,ERR,ERR,ERR,50.0,60.0,100,0.0,0.0,0.0,0.0,0.0,0.0,0.0,0.0,0.0,0.0,0.0,0.0,0.0,0.0,0.0,0.0,61.6,65,20,65521,50,65476,0,300,0,0,8,20529,65476,0,0,26214,60.0,0.0,0.0,0.0,0.0,0.0
2026-05-17T16:12:13,ERR,ERR,ERR,ERR,ERR,ERR,ERR,ERR,ERR,ERR,ERR,ERR,ERR,ERR,ERR,ERR,ERR,ERR,ERR,ERR,ERR,ERR,ERR,ERR,ERR,ERR,ERR,ERR,ERR,ERR,ERR,ERR,ERR,ERR,ERR,ERR,ERR,ERR,ERR,ERR,ERR,ERR,ERR,ERR,ERR,ERR,ERR,ERR,ERR,ERR,ERR,ERR,ERR,ERR,ERR,ERR,ERR,ERR,ERR,ERR,ERR,ERR,ERR,ERR,ERR,ERR,ERR,ERR,ERR,ERR,ERR,ERR,ERR,ERR,ERR,ERR,ERR,ERR,ERR,ERR,ERR,ERR,ERR,ERR,ERR,ERR,ERR,ERR,ERR,ERR,ERR,ERR,ERR,ERR,ERR,ERR,ERR,ERR,ERR,ERR,ERR,ERR,ERR,ERR,ERR,ERR,ERR,ERR,ERR,ERR,ERR,ERR,ERR,ERR,ERR,ERR,ERR,ERR,ERR,ERR,ERR,ERR,ERR,ERR,ERR,0.0,-0.0,-0.0,0.0,0.0,1.3936040501711995e+18,7.805,0.0,0,0,4,0,8422,0.0,45,0.0,0.0,0.0,0.0,0.0,0,0,0,0,0.0,0,0,0,0,0,0,0,0,0,0,0,0,0,0,0,0,0,0,0,0,0,0,0,0,0,0,0,0,0,0,0,0,0,38,14,7,45,65476,0,300,0,0,8,21553,0.0,-107605600.0,0.0,0.0,0.0,0.0,0.0,0.0,0.0,0.0,0.0,0.0,0.0,0.0,0.0,0.0,0.0,0.0,0.0,0.0,0.0,0.0,-2.004,-0.0,2.004,-2.004,0.0,0.0,0.0,0.0,5005.0,-0.0,0.0,0.0,-107615288.0,-107615272.0,-0.0,0.0,0.0,0.0,0.0,53,152018454839296.0,-0.0,0.0,0.0,0.0,0.0,0.0,0.0,0.0,0,0,0,0.0,0.0,0.0,0.0,0.0,0.0,0.0,0.0,0.0,0.0,0.0,0.0,0.0,0.0,0.0,0.0,0,-107875648.0,53,0.0,106,-107614832.0,-107350944.0,ERR,ERR,ERR,ERR,ERR,ERR,ERR,ERR,ERR,ERR,ERR,ERR,ERR,ERR,ERR,ERR,ERR,ERR,ERR,ERR,ERR,ERR,ERR,ERR,ERR,ERR,ERR,ERR,ERR,ERR,ERR,ERR,ERR,ERR,ERR,ERR,ERR,ERR,ERR,ERR,ERR,ERR,ERR,ERR,ERR,ERR,ERR,ERR,ERR,ERR,ERR,ERR,ERR,ERR,ERR,ERR,ERR,ERR,ERR,ERR,ERR,ERR,ERR,ERR,ERR,ERR,ERR,50.0,60.0,100,0.0,0.0,0.0,0.0,0.0,0.0,0.0,0.0,0.0,0.0,0.0,0.0,0.0,0.0,0.0,0.0,61.6,65,20,65521,50,65476,0,300,0,0,8,20529,65476,0,0,26214,60.0,0.0,0.0,0.0,0.0,0.0
2026-05-17T16:12:14,ERR,ERR,ERR,ERR,ERR,ERR,ERR,ERR,ERR,ERR,ERR,ERR,ERR,ERR,ERR,ERR,ERR,ERR,ERR,ERR,ERR,ERR,ERR,ERR,ERR,ERR,ERR,ERR,ERR,ERR,ERR,ERR,ERR,ERR,ERR,ERR,ERR,ERR,ERR,ERR,ERR,ERR,ERR,ERR,ERR,ERR,ERR,ERR,ERR,ERR,ERR,ERR,ERR,ERR,ERR,ERR,ERR,ERR,ERR,ERR,ERR,ERR,ERR,ERR,ERR,ERR,ERR,ERR,ERR,ERR,ERR,ERR,ERR,ERR,ERR,ERR,ERR,ERR,ERR,ERR,ERR,ERR,ERR,ERR,ERR,ERR,ERR,ERR,ERR,ERR,ERR,ERR,ERR,ERR,ERR,ERR,ERR,ERR,ERR,ERR,ERR,ERR,ERR,ERR,ERR,ERR,ERR,ERR,ERR,ERR,ERR,ERR,ERR,ERR,ERR,ERR,ERR,ERR,ERR,ERR,ERR,ERR,ERR,ERR,ERR,0.0,-0.0,-0.0,0.0,0.0,1.3936040501711995e+18,7.805,0.0,0,0,4,0,8422,0.0,45,0.0,0.0,0.0,0.0,0.0,0,0,0,0,0.0,0,0,0,0,0,0,0,0,0,0,0,0,0,0,0,0,0,0,0,0,0,0,0,0,0,0,0,0,0,0,0,0,0,38,14,7,45,65476,0,300,0,0,8,21553,0.0,-107605600.0,0.0,0.0,0.0,0.0,0.0,0.0,0.0,0.0,0.0,0.0,0.0,0.0,0.0,0.0,0.0,0.0,0.0,0.0,0.0,0.0,-2.004,-0.0,2.004,-2.004,0.0,0.0,0.0,0.0,5005.0,-0.0,0.0,0.0,-107615288.0,-107615272.0,-0.0,0.0,0.0,0.0,0.0,53,152018454839296.0,-0.0,0.0,0.0,0.0,0.0,0.0,0.0,0.0,0,0,0,0.0,0.0,0.0,0.0,0.0,0.0,0.0,0.0,0.0,0.0,0.0,0.0,0.0,0.0,0.0,0.0,0,-107875648.0,53,0.0,106,-107614832.0,-107350944.0,ERR,ERR,ERR,ERR,ERR,ERR,ERR,ERR,ERR,ERR,ERR,ERR,ERR,ERR,ERR,ERR,ERR,ERR,ERR,ERR,ERR,ERR,ERR,ERR,ERR,ERR,ERR,ERR,ERR,ERR,ERR,ERR,ERR,ERR,ERR,ERR,ERR,ERR,ERR,ERR,ERR,ERR,ERR,ERR,ERR,ERR,ERR,ERR,ERR,ERR,ERR,ERR,ERR,ERR,ERR,ERR,ERR,ERR,ERR,ERR,ERR,ERR,ERR,ERR,ERR,ERR,ERR,50.0,60.0,100,0.0,0.0,0.0,0.0,0.0,0.0,0.0,0.0,0.0,0.0,0.0,0.0,0.0,0.0,0.0,0.0,61.6,65,20,65521,50,65476,0,300,0,0,8,20529,65476,0,0,26214,60.0,0.0,0.0,0.0,0.0,0.0
2026-05-17T16:12:15,ERR,ERR,ERR,ERR,ERR,ERR,ERR,ERR,ERR,ERR,ERR,ERR,ERR,ERR,ERR,ERR,ERR,ERR,ERR,ERR,ERR,ERR,ERR,ERR,ERR,ERR,ERR,ERR,ERR,ERR,ERR,ERR,ERR,ERR,ERR,ERR,ERR,ERR,ERR,ERR,ERR,ERR,ERR,ERR,ERR,ERR,ERR,ERR,ERR,ERR,ERR,ERR,ERR,ERR,ERR,ERR,ERR,ERR,ERR,ERR,ERR,ERR,ERR,ERR,ERR,ERR,ERR,ERR,ERR,ERR,ERR,ERR,ERR,ERR,ERR,ERR,ERR,ERR,ERR,ERR,ERR,ERR,ERR,ERR,ERR,ERR,ERR,ERR,ERR,ERR,ERR,ERR,ERR,ERR,ERR,ERR,ERR,ERR,ERR,ERR,ERR,ERR,ERR,ERR,ERR,ERR,ERR,ERR,ERR,ERR,ERR,ERR,ERR,ERR,ERR,ERR,ERR,ERR,ERR,ERR,ERR,ERR,ERR,ERR,ERR,0.0,-0.0,-0.0,0.0,0.0,1.3936040501711995e+18,7.805,0.0,0,0,4,0,8422,0.0,45,0.0,0.0,0.0,0.0,0.0,0,0,0,0,0.0,0,0,0,0,0,0,0,0,0,0,0,0,0,0,0,0,0,0,0,0,0,0,0,0,0,0,0,0,0,0,0,0,0,38,14,7,45,65476,0,300,0,0,8,21553,0.0,-107605600.0,0.0,0.0,0.0,0.0,0.0,0.0,0.0,0.0,0.0,0.0,0.0,0.0,0.0,0.0,0.0,0.0,0.0,0.0,0.0,0.0,-2.004,-0.0,2.004,-2.004,0.0,0.0,0.0,0.0,5005.0,-0.0,0.0,0.0,-107615288.0,-107615272.0,-0.0,0.0,0.0,0.0,0.0,53,152018454839296.0,-0.0,0.0,0.0,0.0,0.0,0.0,0.0,0.0,0,0,0,0.0,0.0,0.0,0.0,0.0,0.0,0.0,0.0,0.0,0.0,0.0,0.0,0.0,0.0,0.0,0.0,0,-107875648.0,53,0.0,106,-107614832.0,-107350944.0,ERR,ERR,ERR,ERR,ERR,ERR,ERR,ERR,ERR,ERR,ERR,ERR,ERR,ERR,ERR,ERR,ERR,ERR,ERR,ERR,ERR,ERR,ERR,ERR,ERR,ERR,ERR,ERR,ERR,ERR,ERR,ERR,ERR,ERR,ERR,ERR,ERR,ERR,ERR,ERR,ERR,ERR,ERR,ERR,ERR,ERR,ERR,ERR,ERR,ERR,ERR,ERR,ERR,ERR,ERR,ERR,ERR,ERR,ERR,ERR,ERR,ERR,ERR,ERR,ERR,ERR,ERR,50.0,60.0,100,0.0,0.0,0.0,0.0,0.0,0.0,0.0,0.0,0.0,0.0,0.0,0.0,0.0,0.0,0.0,0.0,61.6,65,20,65521,50,65476,0,300,0,0,8,20529,65476,0,0,26214,60.0,0.0,0.0,0.0,0.0,0.0
2026-05-17T16:12:16,ERR,ERR,ERR,ERR,ERR,ERR,ERR,ERR,ERR,ERR,ERR,ERR,ERR,ERR,ERR,ERR,ERR,ERR,ERR,ERR,ERR,ERR,ERR,ERR,ERR,ERR,ERR,ERR,ERR,ERR,ERR,ERR,ERR,ERR,ERR,ERR,ERR,ERR,ERR,ERR,ERR,ERR,ERR,ERR,ERR,ERR,ERR,ERR,ERR,ERR,ERR,ERR,ERR,ERR,ERR,ERR,ERR,ERR,ERR,ERR,ERR,ERR,ERR,ERR,ERR,ERR,ERR,ERR,ERR,ERR,ERR,ERR,ERR,ERR,ERR,ERR,ERR,ERR,ERR,ERR,ERR,ERR,ERR,ERR,ERR,ERR,ERR,ERR,ERR,ERR,ERR,ERR,ERR,ERR,ERR,ERR,ERR,ERR,ERR,ERR,ERR,ERR,ERR,ERR,ERR,ERR,ERR,ERR,ERR,ERR,ERR,ERR,ERR,ERR,ERR,ERR,ERR,ERR,ERR,ERR,ERR,ERR,ERR,ERR,ERR,0.0,-0.0,-0.0,0.0,0.0,1.3936040501711995e+18,7.805,0.0,0,0,4,0,8422,0.0,45,0.0,0.0,0.0,0.0,0.0,0,0,0,0,0.0,0,0,0,0,0,0,0,0,0,0,0,0,0,0,0,0,0,0,0,0,0,0,0,0,0,0,0,0,0,0,0,0,0,38,14,7,45,65476,0,300,0,0,8,21553,0.0,-107605600.0,0.0,0.0,0.0,0.0,0.0,0.0,0.0,0.0,0.0,0.0,0.0,0.0,0.0,0.0,0.0,0.0,0.0,0.0,0.0,0.0,-2.004,-0.0,2.004,-2.004,0.0,0.0,0.0,0.0,5005.0,-0.0,0.0,0.0,-107615288.0,-107615272.0,-0.0,0.0,0.0,0.0,0.0,53,152018454839296.0,-0.0,0.0,0.0,0.0,0.0,0.0,0.0,0.0,0,0,0,0.0,0.0,0.0,0.0,0.0,0.0,0.0,0.0,0.0,0.0,0.0,0.0,0.0,0.0,0.0,0.0,0,-107875648.0,53,0.0,106,-107614832.0,-107350944.0,ERR,ERR,ERR,ERR,ERR,ERR,ERR,ERR,ERR,ERR,ERR,ERR,ERR,ERR,ERR,ERR,ERR,ERR,ERR,ERR,ERR,ERR,ERR,ERR,ERR,ERR,ERR,ERR,ERR,ERR,ERR,ERR,ERR,ERR,ERR,ERR,ERR,ERR,ERR,ERR,ERR,ERR,ERR,ERR,ERR,ERR,ERR,ERR,ERR,ERR,ERR,ERR,ERR,ERR,ERR,ERR,ERR,ERR,ERR,ERR,ERR,ERR,ERR,ERR,ERR,ERR,ERR,50.0,60.0,100,0.0,0.0,0.0,0.0,0.0,0.0,0.0,0.0,0.0,0.0,0.0,0.0,0.0,0.0,0.0,0.0,61.6,65,20,65521,50,65476,0,300,0,0,8,20529,65476,0,0,26214,60.0,0.0,0.0,0.0,0.0,0.0
2026-05-17T16:12:17,ERR,ERR,ERR,ERR,ERR,ERR,ERR,ERR,ERR,ERR,ERR,ERR,ERR,ERR,ERR,ERR,ERR,ERR,ERR,ERR,ERR,ERR,ERR,ERR,ERR,ERR,ERR,ERR,ERR,ERR,ERR,ERR,ERR,ERR,ERR,ERR,ERR,ERR,ERR,ERR,ERR,ERR,ERR,ERR,ERR,ERR,ERR,ERR,ERR,ERR,ERR,ERR,ERR,ERR,ERR,ERR,ERR,ERR,ERR,ERR,ERR,ERR,ERR,ERR,ERR,ERR,ERR,ERR,ERR,ERR,ERR,ERR,ERR,ERR,ERR,ERR,ERR,ERR,ERR,ERR,ERR,ERR,ERR,ERR,ERR,ERR,ERR,ERR,ERR,ERR,ERR,ERR,ERR,ERR,ERR,ERR,ERR,ERR,ERR,ERR,ERR,ERR,ERR,ERR,ERR,ERR,ERR,ERR,ERR,ERR,ERR,ERR,ERR,ERR,ERR,ERR,ERR,ERR,ERR,ERR,ERR,ERR,ERR,ERR,ERR,0.0,-0.0,-0.0,0.0,0.0,1.3936040501711995e+18,7.805,0.0,0,0,4,0,8422,0.0,45,0.0,0.0,0.0,0.0,0.0,0,0,0,0,0.0,0,0,0,0,0,0,0,0,0,0,0,0,0,0,0,0,0,0,0,0,0,0,0,0,0,0,0,0,0,0,0,0,0,38,14,7,45,65476,0,300,0,0,8,21553,0.0,-107605600.0,0.0,0.0,0.0,0.0,0.0,0.0,0.0,0.0,0.0,0.0,0.0,0.0,0.0,0.0,0.0,0.0,0.0,0.0,0.0,0.0,-2.004,-0.0,2.004,-2.004,0.0,0.0,0.0,0.0,5005.0,-0.0,0.0,0.0,-107615288.0,-107615272.0,-0.0,0.0,0.0,0.0,0.0,53,152018454839296.0,-0.0,0.0,0.0,0.0,0.0,0.0,0.0,0.0,0,0,0,0.0,0.0,0.0,0.0,0.0,0.0,0.0,0.0,0.0,0.0,0.0,0.0,0.0,0.0,0.0,0.0,0,-107875648.0,53,0.0,106,-107614832.0,-107350944.0,ERR,ERR,ERR,ERR,ERR,ERR,ERR,ERR,ERR,ERR,ERR,ERR,ERR,ERR,ERR,ERR,ERR,ERR,ERR,ERR,ERR,ERR,ERR,ERR,ERR,ERR,ERR,ERR,ERR,ERR,ERR,ERR,ERR,ERR,ERR,ERR,ERR,ERR,ERR,ERR,ERR,ERR,ERR,ERR,ERR,ERR,ERR,ERR,ERR,ERR,ERR,ERR,ERR,ERR,ERR,ERR,ERR,ERR,ERR,ERR,ERR,ERR,ERR,ERR,ERR,ERR,ERR,50.0,60.0,100,0.0,0.0,0.0,0.0,0.0,0.0,0.0,0.0,0.0,0.0,0.0,0.0,0.0,0.0,0.0,0.0,61.6,65,20,65521,50,65476,0,300,0,0,8,20529,65476,0,0,26214,60.0,0.0,0.0,0.0,0.0,0.0
2026-05-17T16:12:18,ERR,ERR,ERR,ERR,ERR,ERR,ERR,ERR,ERR,ERR,ERR,ERR,ERR,ERR,ERR,ERR,ERR,ERR,ERR,ERR,ERR,ERR,ERR,ERR,ERR,ERR,ERR,ERR,ERR,ERR,ERR,ERR,ERR,ERR,ERR,ERR,ERR,ERR,ERR,ERR,ERR,ERR,ERR,ERR,ERR,ERR,ERR,ERR,ERR,ERR,ERR,ERR,ERR,ERR,ERR,ERR,ERR,ERR,ERR,ERR,ERR,ERR,ERR,ERR,ERR,ERR,ERR,ERR,ERR,ERR,ERR,ERR,ERR,ERR,ERR,ERR,ERR,ERR,ERR,ERR,ERR,ERR,ERR,ERR,ERR,ERR,ERR,ERR,ERR,ERR,ERR,ERR,ERR,ERR,ERR,ERR,ERR,ERR,ERR,ERR,ERR,ERR,ERR,ERR,ERR,ERR,ERR,ERR,ERR,ERR,ERR,ERR,ERR,ERR,ERR,ERR,ERR,ERR,ERR,ERR,ERR,ERR,ERR,ERR,ERR,0.0,-0.0,-0.0,0.0,0.0,1.3936040501711995e+18,7.805,0.0,0,0,4,0,8422,0.0,45,0.0,0.0,0.0,0.0,0.0,0,0,0,0,0.0,0,0,0,0,0,0,0,0,0,0,0,0,0,0,0,0,0,0,0,0,0,0,0,0,0,0,0,0,0,0,0,0,0,38,14,7,45,65476,0,300,0,0,8,21553,0.0,-107605600.0,0.0,0.0,0.0,0.0,0.0,0.0,0.0,0.0,0.0,0.0,0.0,0.0,0.0,0.0,0.0,0.0,0.0,0.0,0.0,0.0,-2.004,-0.0,-0.0,0.0,0.0,0.0,0.0,0.0,5007.0,-0.0,0.0,0.0,-107615288.0,0.0,2.718429120148166e+23,0.0,0.0,0.0,0.0,53,2.3088403658719416e+20,1.9056859227671757e+17,0.0,0.0,0.0,0.0,0.0,0.0,0.0,0,0,0,0.0,0.0,0.0,0.0,0.0,0.0,0.0,0.0,0.0,0.0,0.0,0.0,0.0,0.0,0.0,0.0,0,-107875648.0,53,0.0,106,-107614832.0,-107350944.0,ERR,ERR,ERR,ERR,ERR,ERR,ERR,ERR,ERR,ERR,ERR,ERR,ERR,ERR,ERR,ERR,ERR,ERR,ERR,ERR,ERR,ERR,ERR,ERR,ERR,ERR,ERR,ERR,ERR,ERR,ERR,ERR,ERR,ERR,ERR,ERR,ERR,ERR,ERR,ERR,ERR,ERR,ERR,ERR,ERR,ERR,ERR,ERR,ERR,ERR,ERR,ERR,ERR,ERR,ERR,ERR,ERR,ERR,ERR,ERR,ERR,ERR,ERR,ERR,ERR,ERR,ERR,50.0,60.0,100,0.0,0.0,0.0,0.0,0.0,0.0,0.0,0.0,0.0,0.0,0.0,0.0,0.0,0.0,0.0,0.0,61.6,65,20,65521,50,65476,0,300,0,0,8,20529,65476,0,0,26214,60.0,0.0,0.0,0.0,0.0,0.0
2026-05-17T16:12:19,ERR,ERR,ERR,ERR,ERR,ERR,ERR,ERR,ERR,ERR,ERR,ERR,ERR,ERR,ERR,ERR,ERR,ERR,ERR,ERR,ERR,ERR,ERR,ERR,ERR,ERR,ERR,ERR,ERR,ERR,ERR,ERR,ERR,ERR,ERR,ERR,ERR,ERR,ERR,ERR,ERR,ERR,ERR,ERR,ERR,ERR,ERR,ERR,ERR,ERR,ERR,ERR,ERR,ERR,ERR,ERR,ERR,ERR,ERR,ERR,ERR,ERR,ERR,ERR,ERR,ERR,ERR,ERR,ERR,ERR,ERR,ERR,ERR,ERR,ERR,ERR,ERR,ERR,ERR,ERR,ERR,ERR,ERR,ERR,ERR,ERR,ERR,ERR,ERR,ERR,ERR,ERR,ERR,ERR,ERR,ERR,ERR,ERR,ERR,ERR,ERR,ERR,ERR,ERR,ERR,ERR,ERR,ERR,ERR,ERR,ERR,ERR,ERR,ERR,ERR,ERR,ERR,ERR,ERR,ERR,ERR,ERR,ERR,ERR,ERR,0.0,-0.0,-0.0,0.0,0.0,1.3936040501711995e+18,7.805,0.0,0,0,4,0,8422,0.0,45,0.0,0.0,0.0,0.0,0.0,0,0,0,0,0.0,0,0,0,0,0,0,0,0,0,0,0,0,0,0,0,0,0,0,0,0,0,0,0,0,0,0,0,0,0,0,0,0,0,38,14,7,45,65476,0,300,0,0,8,21553,0.0,-107605600.0,0.0,0.0,0.0,0.0,0.0,0.0,0.0,0.0,0.0,0.0,0.0,0.0,0.0,0.0,0.0,0.0,0.0,0.0,0.0,0.0,-2.004,-0.0,-0.0,0.0,0.0,0.0,0.0,0.0,5007.0,-0.0,0.0,0.0,-107615288.0,0.0,2.718429120148166e+23,0.0,0.0,0.0,0.0,53,2.3088403658719416e+20,1.9056859227671757e+17,0.0,0.0,0.0,0.0,0.0,0.0,0.0,0,0,0,0.0,0.0,0.0,0.0,0.0,0.0,0.0,0.0,0.0,0.0,0.0,0.0,0.0,0.0,0.0,0.0,0,-107875648.0,53,0.0,106,-107614832.0,-107350944.0,ERR,ERR,ERR,ERR,ERR,ERR,ERR,ERR,ERR,ERR,ERR,ERR,ERR,ERR,ERR,ERR,ERR,ERR,ERR,ERR,ERR,ERR,ERR,ERR,ERR,ERR,ERR,ERR,ERR,ERR,ERR,ERR,ERR,ERR,ERR,ERR,ERR,ERR,ERR,ERR,ERR,ERR,ERR,ERR,ERR,ERR,ERR,ERR,ERR,ERR,ERR,ERR,ERR,ERR,ERR,ERR,ERR,ERR,ERR,ERR,ERR,ERR,ERR,ERR,ERR,ERR,ERR,50.0,60.0,100,0.0,0.0,0.0,0.0,0.0,0.0,0.0,0.0,0.0,0.0,0.0,0.0,0.0,0.0,0.0,0.0,61.6,65,20,65521,50,65476,0,300,0,0,8,20529,65476,0,0,26214,60.0,0.0,0.0,0.0,0.0,0.0
2026-05-17T16:12:20,ERR,ERR,ERR,ERR,ERR,ERR,ERR,ERR,ERR,ERR,ERR,ERR,ERR,ERR,ERR,ERR,ERR,ERR,ERR,ERR,ERR,ERR,ERR,ERR,ERR,ERR,ERR,ERR,ERR,ERR,ERR,ERR,ERR,ERR,ERR,ERR,ERR,ERR,ERR,ERR,ERR,ERR,ERR,ERR,ERR,ERR,ERR,ERR,ERR,ERR,ERR,ERR,ERR,ERR,ERR,ERR,ERR,ERR,ERR,ERR,ERR,ERR,ERR,ERR,ERR,ERR,ERR,ERR,ERR,ERR,ERR,ERR,ERR,ERR,ERR,ERR,ERR,ERR,ERR,ERR,ERR,ERR,ERR,ERR,ERR,ERR,ERR,ERR,ERR,ERR,ERR,ERR,ERR,ERR,ERR,ERR,ERR,ERR,ERR,ERR,ERR,ERR,ERR,ERR,ERR,ERR,ERR,ERR,ERR,ERR,ERR,ERR,ERR,ERR,ERR,ERR,ERR,ERR,ERR,ERR,ERR,ERR,ERR,ERR,ERR,0.0,-0.0,-0.0,0.0,0.0,1.3936040501711995e+18,7.805,0.0,0,0,4,0,8422,0.0,45,0.0,0.0,0.0,0.0,0.0,0,0,0,0,0.0,0,0,0,0,0,0,0,0,0,0,0,0,0,0,0,0,0,0,0,0,0,0,0,0,0,0,0,0,0,0,0,0,0,38,14,7,45,65476,0,300,0,0,8,21553,0.0,-107605600.0,0.0,0.0,0.0,0.0,0.0,0.0,0.0,0.0,0.0,0.0,0.0,0.0,0.0,0.0,0.0,0.0,0.0,0.0,0.0,0.0,-2.004,-0.0,-0.0,0.0,0.0,0.0,0.0,0.0,5007.0,-0.0,0.0,0.0,-107615288.0,0.0,2.718429120148166e+23,0.0,0.0,0.0,0.0,53,2.3088403658719416e+20,1.9056859227671757e+17,0.0,0.0,0.0,0.0,0.0,0.0,0.0,0,0,0,0.0,0.0,0.0,0.0,0.0,0.0,0.0,0.0,0.0,0.0,0.0,0.0,0.0,0.0,0.0,0.0,0,-107875648.0,53,0.0,106,-107614832.0,-107350944.0,ERR,ERR,ERR,ERR,ERR,ERR,ERR,ERR,ERR,ERR,ERR,ERR,ERR,ERR,ERR,ERR,ERR,ERR,ERR,ERR,ERR,ERR,ERR,ERR,ERR,ERR,ERR,ERR,ERR,ERR,ERR,ERR,ERR,ERR,ERR,ERR,ERR,ERR,ERR,ERR,ERR,ERR,ERR,ERR,ERR,ERR,ERR,ERR,ERR,ERR,ERR,ERR,ERR,ERR,ERR,ERR,ERR,ERR,ERR,ERR,ERR,ERR,ERR,ERR,ERR,ERR,ERR,50.0,60.0,100,0.0,0.0,0.0,0.0,0.0,0.0,0.0,0.0,0.0,0.0,0.0,0.0,0.0,0.0,0.0,0.0,61.6,65,20,65521,50,65476,0,300,0,0,8,20529,65476,0,0,26214,60.0,0.0,0.0,0.0,0.0,0.0
2026-05-17T16:12:21,ERR,ERR,ERR,ERR,ERR,ERR,ERR,ERR,ERR,ERR,ERR,ERR,ERR,ERR,ERR,ERR,ERR,ERR,ERR,ERR,ERR,ERR,ERR,ERR,ERR,ERR,ERR,ERR,ERR,ERR,ERR,ERR,ERR,ERR,ERR,ERR,ERR,ERR,ERR,ERR,ERR,ERR,ERR,ERR,ERR,ERR,ERR,ERR,ERR,ERR,ERR,ERR,ERR,ERR,ERR,ERR,ERR,ERR,ERR,ERR,ERR,ERR,ERR,ERR,ERR,ERR,ERR,ERR,ERR,ERR,ERR,ERR,ERR,ERR,ERR,ERR,ERR,ERR,ERR,ERR,ERR,ERR,ERR,ERR,ERR,ERR,ERR,ERR,ERR,ERR,ERR,ERR,ERR,ERR,ERR,ERR,ERR,ERR,ERR,ERR,ERR,ERR,ERR,ERR,ERR,ERR,ERR,ERR,ERR,ERR,ERR,ERR,ERR,ERR,ERR,ERR,ERR,ERR,ERR,ERR,ERR,ERR,ERR,ERR,ERR,0.0,-0.0,-0.0,0.0,0.0,1.3936040501711995e+18,7.805,0.0,0,0,4,0,8422,0.0,45,0.0,0.0,0.0,0.0,0.0,0,0,0,0,0.0,0,0,0,0,0,0,0,0,0,0,0,0,0,0,0,0,0,0,0,0,0,0,0,0,0,0,0,0,0,0,0,0,0,38,14,7,45,65476,0,300,0,0,8,21553,0.0,-107605600.0,0.0,0.0,0.0,0.0,0.0,0.0,0.0,0.0,0.0,0.0,0.0,0.0,0.0,0.0,0.0,0.0,0.0,0.0,0.0,0.0,-2.004,-0.0,-0.0,0.0,0.0,0.0,0.0,0.0,5007.0,-0.0,0.0,0.0,-107615288.0,0.0,2.718429120148166e+23,0.0,0.0,0.0,0.0,53,2.3088403658719416e+20,1.9056859227671757e+17,0.0,0.0,0.0,0.0,0.0,0.0,0.0,0,0,0,0.0,0.0,0.0,0.0,0.0,0.0,0.0,0.0,0.0,0.0,0.0,0.0,0.0,0.0,0.0,0.0,0,-107875648.0,53,0.0,106,-107614832.0,-107350944.0,ERR,ERR,ERR,ERR,ERR,ERR,ERR,ERR,ERR,ERR,ERR,ERR,ERR,ERR,ERR,ERR,ERR,ERR,ERR,ERR,ERR,ERR,ERR,ERR,ERR,ERR,ERR,ERR,ERR,ERR,ERR,ERR,ERR,ERR,ERR,ERR,ERR,ERR,ERR,ERR,ERR,ERR,ERR,ERR,ERR,ERR,ERR,ERR,ERR,ERR,ERR,ERR,ERR,ERR,ERR,ERR,ERR,ERR,ERR,ERR,ERR,ERR,ERR,ERR,ERR,ERR,ERR,50.0,60.0,100,0.0,0.0,0.0,0.0,0.0,0.0,0.0,0.0,0.0,0.0,0.0,0.0,0.0,0.0,0.0,0.0,61.6,65,20,65521,50,65476,0,300,0,0,8,20529,65476,0,0,26214,60.0,0.0,0.0,0.0,0.0,0.0
2026-05-17T16:12:22,ERR,ERR,ERR,ERR,ERR,ERR,ERR,ERR,ERR,ERR,ERR,ERR,ERR,ERR,ERR,ERR,ERR,ERR,ERR,ERR,ERR,ERR,ERR,ERR,ERR,ERR,ERR,ERR,ERR,ERR,ERR,ERR,ERR,ERR,ERR,ERR,ERR,ERR,ERR,ERR,ERR,ERR,ERR,ERR,ERR,ERR,ERR,ERR,ERR,ERR,ERR,ERR,ERR,ERR,ERR,ERR,ERR,ERR,ERR,ERR,ERR,ERR,ERR,ERR,ERR,ERR,ERR,ERR,ERR,ERR,ERR,ERR,ERR,ERR,ERR,ERR,ERR,ERR,ERR,ERR,ERR,ERR,ERR,ERR,ERR,ERR,ERR,ERR,ERR,ERR,ERR,ERR,ERR,ERR,ERR,ERR,ERR,ERR,ERR,ERR,ERR,ERR,ERR,ERR,ERR,ERR,ERR,ERR,ERR,ERR,ERR,ERR,ERR,ERR,ERR,ERR,ERR,ERR,ERR,ERR,ERR,ERR,ERR,ERR,ERR,0.0,-0.0,-0.0,0.0,0.0,1.3936040501711995e+18,7.805,0.0,0,0,4,0,8422,0.0,45,0.0,0.0,0.0,0.0,0.0,0,0,0,0,0.0,0,0,0,0,0,0,0,0,0,0,0,0,0,0,0,0,0,0,0,0,0,0,0,0,0,0,0,0,0,0,0,0,0,38,14,7,45,65476,0,300,0,0,8,21553,0.0,-107605600.0,0.0,0.0,0.0,0.0,0.0,0.0,0.0,0.0,0.0,0.0,0.0,0.0,0.0,0.0,0.0,0.0,0.0,0.0,0.0,0.0,-2.004,-0.0,-0.0,0.0,0.0,0.0,0.0,0.0,5007.0,-0.0,0.0,0.0,-107615288.0,0.0,2.718429120148166e+23,0.0,0.0,0.0,0.0,53,2.3088403658719416e+20,1.9056859227671757e+17,0.0,0.0,0.0,0.0,0.0,0.0,0.0,0,0,0,0.0,0.0,0.0,0.0,0.0,0.0,0.0,0.0,0.0,0.0,0.0,0.0,0.0,0.0,0.0,0.0,0,-107875648.0,53,0.0,106,-107614832.0,-107350944.0,ERR,ERR,ERR,ERR,ERR,ERR,ERR,ERR,ERR,ERR,ERR,ERR,ERR,ERR,ERR,ERR,ERR,ERR,ERR,ERR,ERR,ERR,ERR,ERR,ERR,ERR,ERR,ERR,ERR,ERR,ERR,ERR,ERR,ERR,ERR,ERR,ERR,ERR,ERR,ERR,ERR,ERR,ERR,ERR,ERR,ERR,ERR,ERR,ERR,ERR,ERR,ERR,ERR,ERR,ERR,ERR,ERR,ERR,ERR,ERR,ERR,ERR,ERR,ERR,ERR,ERR,ERR,50.0,60.0,100,0.0,0.0,0.0,0.0,0.0,0.0,0.0,0.0,0.0,0.0,0.0,0.0,0.0,0.0,0.0,0.0,61.6,65,20,65521,50,65476,0,300,0,0,8,20529,65476,0,0,26214,60.0,0.0,0.0,0.0,0.0,0.0
2026-05-17T16:12:23,ERR,ERR,ERR,ERR,ERR,ERR,ERR,ERR,ERR,ERR,ERR,ERR,ERR,ERR,ERR,ERR,ERR,ERR,ERR,ERR,ERR,ERR,ERR,ERR,ERR,ERR,ERR,ERR,ERR,ERR,ERR,ERR,ERR,ERR,ERR,ERR,ERR,ERR,ERR,ERR,ERR,ERR,ERR,ERR,ERR,ERR,ERR,ERR,ERR,ERR,ERR,ERR,ERR,ERR,ERR,ERR,ERR,ERR,ERR,ERR,ERR,ERR,ERR,ERR,ERR,ERR,ERR,ERR,ERR,ERR,ERR,ERR,ERR,ERR,ERR,ERR,ERR,ERR,ERR,ERR,ERR,ERR,ERR,ERR,ERR,ERR,ERR,ERR,ERR,ERR,ERR,ERR,ERR,ERR,ERR,ERR,ERR,ERR,ERR,ERR,ERR,ERR,ERR,ERR,ERR,ERR,ERR,ERR,ERR,ERR,ERR,ERR,ERR,ERR,ERR,ERR,ERR,ERR,ERR,ERR,ERR,ERR,ERR,ERR,ERR,0.0,-0.0,-0.0,0.0,0.0,1.3936040501711995e+18,7.805,0.0,0,0,4,0,8422,0.0,45,0.0,0.0,0.0,0.0,0.0,0,0,0,0,0.0,0,0,0,0,0,0,0,0,0,0,0,0,0,0,0,0,0,0,0,0,0,0,0,0,0,0,0,0,0,0,0,0,0,38,14,7,45,65476,0,300,0,0,8,21553,0.0,-107605600.0,0.0,0.0,0.0,0.0,0.0,0.0,0.0,0.0,0.0,0.0,0.0,0.0,0.0,0.0,0.0,0.0,0.0,0.0,0.0,0.0,-2.004,-0.0,-0.0,0.0,0.0,0.0,0.0,0.0,5006.0,-0.0,0.0,0.0,-0.0,0.0,2.718429120148166e+23,0.0,0.0,0.0,0.0,53,1.9056979486756045e+17,2.718417410789135e+23,0.0,0.0,0.0,0.0,0.0,0.0,0.0,0,0,0,0.0,0.0,0.0,0.0,0.0,0.0,0.0,0.0,0.0,0.0,0.0,0.0,0.0,0.0,0.0,0.0,0,-107875648.0,53,0.0,106,-107614832.0,-107350944.0,ERR,ERR,ERR,ERR,ERR,ERR,ERR,ERR,ERR,ERR,ERR,ERR,ERR,ERR,ERR,ERR,ERR,ERR,ERR,ERR,ERR,ERR,ERR,ERR,ERR,ERR,ERR,ERR,ERR,ERR,ERR,ERR,ERR,ERR,ERR,ERR,ERR,ERR,ERR,ERR,ERR,ERR,ERR,ERR,ERR,ERR,ERR,ERR,ERR,ERR,ERR,ERR,ERR,ERR,ERR,ERR,ERR,ERR,ERR,ERR,ERR,ERR,ERR,ERR,ERR,ERR,ERR,50.0,60.0,100,0.0,0.0,0.0,0.0,0.0,0.0,0.0,0.0,0.0,0.0,0.0,0.0,0.0,0.0,0.0,0.0,61.6,65,20,65521,50,65476,0,300,0,0,8,20529,65476,0,0,26214,60.0,0.0,0.0,0.0,0.0,0.0
2026-05-17T16:12:24,ERR,ERR,ERR,ERR,ERR,ERR,ERR,ERR,ERR,ERR,ERR,ERR,ERR,ERR,ERR,ERR,ERR,ERR,ERR,ERR,ERR,ERR,ERR,ERR,ERR,ERR,ERR,ERR,ERR,ERR,ERR,ERR,ERR,ERR,ERR,ERR,ERR,ERR,ERR,ERR,ERR,ERR,ERR,ERR,ERR,ERR,ERR,ERR,ERR,ERR,ERR,ERR,ERR,ERR,ERR,ERR,ERR,ERR,ERR,ERR,ERR,ERR,ERR,ERR,ERR,ERR,ERR,ERR,ERR,ERR,ERR,ERR,ERR,ERR,ERR,ERR,ERR,ERR,ERR,ERR,ERR,ERR,ERR,ERR,ERR,ERR,ERR,ERR,ERR,ERR,ERR,ERR,ERR,ERR,ERR,ERR,ERR,ERR,ERR,ERR,ERR,ERR,ERR,ERR,ERR,ERR,ERR,ERR,ERR,ERR,ERR,ERR,ERR,ERR,ERR,ERR,ERR,ERR,ERR,ERR,ERR,ERR,ERR,ERR,ERR,0.0,-0.0,-0.0,0.0,0.0,1.3936040501711995e+18,7.805,0.0,0,0,4,0,8422,0.0,45,0.0,0.0,0.0,0.0,0.0,0,0,0,0,0.0,0,0,0,0,0,0,0,0,0,0,0,0,0,0,0,0,0,0,0,0,0,0,0,0,0,0,0,0,0,0,0,0,0,38,14,7,45,65476,0,300,0,0,8,21553,0.0,-107605600.0,0.0,0.0,0.0,0.0,0.0,0.0,0.0,0.0,0.0,0.0,0.0,0.0,0.0,0.0,0.0,0.0,0.0,0.0,0.0,0.0,-2.004,-0.0,-0.0,0.0,0.0,0.0,0.0,0.0,5006.0,-0.0,0.0,0.0,-0.0,0.0,2.718429120148166e+23,0.0,0.0,0.0,0.0,53,1.9056979486756045e+17,2.718417410789135e+23,0.0,0.0,0.0,0.0,0.0,0.0,0.0,0,0,0,0.0,0.0,0.0,0.0,0.0,0.0,0.0,0.0,0.0,0.0,0.0,0.0,0.0,0.0,0.0,0.0,0,-107875648.0,53,0.0,106,-107614832.0,-107350944.0,ERR,ERR,ERR,ERR,ERR,ERR,ERR,ERR,ERR,ERR,ERR,ERR,ERR,ERR,ERR,ERR,ERR,ERR,ERR,ERR,ERR,ERR,ERR,ERR,ERR,ERR,ERR,ERR,ERR,ERR,ERR,ERR,ERR,ERR,ERR,ERR,ERR,ERR,ERR,ERR,ERR,ERR,ERR,ERR,ERR,ERR,ERR,ERR,ERR,ERR,ERR,ERR,ERR,ERR,ERR,ERR,ERR,ERR,ERR,ERR,ERR,ERR,ERR,ERR,ERR,ERR,ERR,50.0,60.0,100,0.0,0.0,0.0,0.0,0.0,0.0,0.0,0.0,0.0,0.0,0.0,0.0,0.0,0.0,0.0,0.0,61.6,65,20,65521,50,65476,0,300,0,0,8,20529,65476,0,0,26214,60.0,0.0,0.0,0.0,0.0,0.0
2026-05-17T16:12:25,ERR,ERR,ERR,ERR,ERR,ERR,ERR,ERR,ERR,ERR,ERR,ERR,ERR,ERR,ERR,ERR,ERR,ERR,ERR,ERR,ERR,ERR,ERR,ERR,ERR,ERR,ERR,ERR,ERR,ERR,ERR,ERR,ERR,ERR,ERR,ERR,ERR,ERR,ERR,ERR,ERR,ERR,ERR,ERR,ERR,ERR,ERR,ERR,ERR,ERR,ERR,ERR,ERR,ERR,ERR,ERR,ERR,ERR,ERR,ERR,ERR,ERR,ERR,ERR,ERR,ERR,ERR,ERR,ERR,ERR,ERR,ERR,ERR,ERR,ERR,ERR,ERR,ERR,ERR,ERR,ERR,ERR,ERR,ERR,ERR,ERR,ERR,ERR,ERR,ERR,ERR,ERR,ERR,ERR,ERR,ERR,ERR,ERR,ERR,ERR,ERR,ERR,ERR,ERR,ERR,ERR,ERR,ERR,ERR,ERR,ERR,ERR,ERR,ERR,ERR,ERR,ERR,ERR,ERR,ERR,ERR,ERR,ERR,ERR,ERR,0.0,-0.0,-0.0,0.0,0.0,1.3936040501711995e+18,7.805,0.0,0,0,4,0,8422,0.0,45,0.0,0.0,0.0,0.0,0.0,0,0,0,0,0.0,0,0,0,0,0,0,0,0,0,0,0,0,0,0,0,0,0,0,0,0,0,0,0,0,0,0,0,0,0,0,0,0,0,38,14,7,45,65476,0,300,0,0,8,21553,0.0,-107605600.0,0.0,0.0,0.0,0.0,0.0,0.0,0.0,0.0,0.0,0.0,0.0,0.0,0.0,0.0,0.0,0.0,0.0,0.0,0.0,0.0,-2.004,-0.0,-0.0,0.0,0.0,0.0,0.0,0.0,5006.0,-0.0,0.0,0.0,-0.0,0.0,2.718429120148166e+23,0.0,0.0,0.0,0.0,53,1.9056979486756045e+17,2.718417410789135e+23,0.0,0.0,0.0,0.0,0.0,0.0,0.0,0,0,0,0.0,0.0,0.0,0.0,0.0,0.0,0.0,0.0,0.0,0.0,0.0,0.0,0.0,0.0,0.0,0.0,0,-107875648.0,53,0.0,106,-107614832.0,-107350944.0,ERR,ERR,ERR,ERR,ERR,ERR,ERR,ERR,ERR,ERR,ERR,ERR,ERR,ERR,ERR,ERR,ERR,ERR,ERR,ERR,ERR,ERR,ERR,ERR,ERR,ERR,ERR,ERR,ERR,ERR,ERR,ERR,ERR,ERR,ERR,ERR,ERR,ERR,ERR,ERR,ERR,ERR,ERR,ERR,ERR,ERR,ERR,ERR,ERR,ERR,ERR,ERR,ERR,ERR,ERR,ERR,ERR,ERR,ERR,ERR,ERR,ERR,ERR,ERR,ERR,ERR,ERR,50.0,60.0,100,0.0,0.0,0.0,0.0,0.0,0.0,0.0,0.0,0.0,0.0,0.0,0.0,0.0,0.0,0.0,0.0,61.6,65,20,65521,50,65476,0,300,0,0,8,20529,65476,0,0,26214,60.0,0.0,0.0,0.0,0.0,0.0
2026-05-17T16:12:26,ERR,ERR,ERR,ERR,ERR,ERR,ERR,ERR,ERR,ERR,ERR,ERR,ERR,ERR,ERR,ERR,ERR,ERR,ERR,ERR,ERR,ERR,ERR,ERR,ERR,ERR,ERR,ERR,ERR,ERR,ERR,ERR,ERR,ERR,ERR,ERR,ERR,ERR,ERR,ERR,ERR,ERR,ERR,ERR,ERR,ERR,ERR,ERR,ERR,ERR,ERR,ERR,ERR,ERR,ERR,ERR,ERR,ERR,ERR,ERR,ERR,ERR,ERR,ERR,ERR,ERR,ERR,ERR,ERR,ERR,ERR,ERR,ERR,ERR,ERR,ERR,ERR,ERR,ERR,ERR,ERR,ERR,ERR,ERR,ERR,ERR,ERR,ERR,ERR,ERR,ERR,ERR,ERR,ERR,ERR,ERR,ERR,ERR,ERR,ERR,ERR,ERR,ERR,ERR,ERR,ERR,ERR,ERR,ERR,ERR,ERR,ERR,ERR,ERR,ERR,ERR,ERR,ERR,ERR,ERR,ERR,ERR,ERR,ERR,ERR,0.0,-0.0,-0.0,0.0,0.0,1.3936040501711995e+18,7.805,0.0,0,0,4,0,8422,0.0,45,0.0,0.0,0.0,0.0,0.0,0,0,0,0,0.0,0,0,0,0,0,0,0,0,0,0,0,0,0,0,0,0,0,0,0,0,0,0,0,0,0,0,0,0,0,0,0,0,0,38,14,7,45,65476,0,300,0,0,8,21553,0.0,-107605600.0,0.0,0.0,0.0,0.0,0.0,0.0,0.0,0.0,0.0,0.0,0.0,0.0,0.0,0.0,0.0,0.0,0.0,0.0,0.0,0.0,-2.004,-0.0,-0.0,0.0,0.0,0.0,0.0,0.0,5006.0,-0.0,0.0,0.0,-0.0,0.0,2.718429120148166e+23,0.0,0.0,0.0,0.0,53,1.9056979486756045e+17,2.718417410789135e+23,0.0,0.0,0.0,0.0,0.0,0.0,0.0,0,0,0,0.0,0.0,0.0,0.0,0.0,0.0,0.0,0.0,0.0,0.0,0.0,0.0,0.0,0.0,0.0,0.0,0,-107875648.0,53,0.0,106,-107614832.0,-107350944.0,ERR,ERR,ERR,ERR,ERR,ERR,ERR,ERR,ERR,ERR,ERR,ERR,ERR,ERR,ERR,ERR,ERR,ERR,ERR,ERR,ERR,ERR,ERR,ERR,ERR,ERR,ERR,ERR,ERR,ERR,ERR,ERR,ERR,ERR,ERR,ERR,ERR,ERR,ERR,ERR,ERR,ERR,ERR,ERR,ERR,ERR,ERR,ERR,ERR,ERR,ERR,ERR,ERR,ERR,ERR,ERR,ERR,ERR,ERR,ERR,ERR,ERR,ERR,ERR,ERR,ERR,ERR,50.0,60.0,100,0.0,0.0,0.0,0.0,0.0,0.0,0.0,0.0,0.0,0.0,0.0,0.0,0.0,0.0,0.0,0.0,61.6,65,20,65521,50,65476,0,300,0,0,8,20529,65476,0,0,26214,60.0,0.0,0.0,0.0,0.0,0.0
2026-05-17T16:12:27,ERR,ERR,ERR,ERR,ERR,ERR,ERR,ERR,ERR,ERR,ERR,ERR,ERR,ERR,ERR,ERR,ERR,ERR,ERR,ERR,ERR,ERR,ERR,ERR,ERR,ERR,ERR,ERR,ERR,ERR,ERR,ERR,ERR,ERR,ERR,ERR,ERR,ERR,ERR,ERR,ERR,ERR,ERR,ERR,ERR,ERR,ERR,ERR,ERR,ERR,ERR,ERR,ERR,ERR,ERR,ERR,ERR,ERR,ERR,ERR,ERR,ERR,ERR,ERR,ERR,ERR,ERR,ERR,ERR,ERR,ERR,ERR,ERR,ERR,ERR,ERR,ERR,ERR,ERR,ERR,ERR,ERR,ERR,ERR,ERR,ERR,ERR,ERR,ERR,ERR,ERR,ERR,ERR,ERR,ERR,ERR,ERR,ERR,ERR,ERR,ERR,ERR,ERR,ERR,ERR,ERR,ERR,ERR,ERR,ERR,ERR,ERR,ERR,ERR,ERR,ERR,ERR,ERR,ERR,ERR,ERR,ERR,ERR,ERR,ERR,0.0,-0.0,-0.0,0.0,0.0,1.3936040501711995e+18,7.805,0.0,0,0,4,0,8422,0.0,45,0.0,0.0,0.0,0.0,0.0,0,0,0,0,0.0,0,0,0,0,0,0,0,0,0,0,0,0,0,0,0,0,0,0,0,0,0,0,0,0,0,0,0,0,0,0,0,0,0,38,14,7,45,65476,0,300,0,0,8,21553,0.0,-107605600.0,0.0,0.0,0.0,0.0,0.0,0.0,0.0,0.0,0.0,0.0,0.0,0.0,0.0,0.0,0.0,0.0,0.0,0.0,0.0,0.0,-2.004,-0.0,-0.0,0.0,0.0,0.0,0.0,0.0,5006.0,-0.0,0.0,0.0,-0.0,0.0,2.718429120148166e+23,0.0,0.0,0.0,0.0,53,1.9056979486756045e+17,2.718417410789135e+23,0.0,0.0,0.0,0.0,0.0,0.0,0.0,0,0,0,0.0,0.0,0.0,0.0,0.0,0.0,0.0,0.0,0.0,0.0,0.0,0.0,0.0,0.0,0.0,0.0,0,-107875648.0,53,0.0,106,-107614832.0,-107350944.0,ERR,ERR,ERR,ERR,ERR,ERR,ERR,ERR,ERR,ERR,ERR,ERR,ERR,ERR,ERR,ERR,ERR,ERR,ERR,ERR,ERR,ERR,ERR,ERR,ERR,ERR,ERR,ERR,ERR,ERR,ERR,ERR,ERR,ERR,ERR,ERR,ERR,ERR,ERR,ERR,ERR,ERR,ERR,ERR,ERR,ERR,ERR,ERR,ERR,ERR,ERR,ERR,ERR,ERR,ERR,ERR,ERR,ERR,ERR,ERR,ERR,ERR,ERR,ERR,ERR,ERR,ERR,50.0,60.0,100,0.0,0.0,0.0,0.0,0.0,0.0,0.0,0.0,0.0,0.0,0.0,0.0,0.0,0.0,0.0,0.0,61.6,65,20,65521,50,65476,0,300,0,0,8,20529,65476,0,0,26214,60.0,0.0,0.0,0.0,0.0,0.0
2026-05-17T16:12:28,ERR,ERR,ERR,ERR,ERR,ERR,ERR,ERR,ERR,ERR,ERR,ERR,ERR,ERR,ERR,ERR,ERR,ERR,ERR,ERR,ERR,ERR,ERR,ERR,ERR,ERR,ERR,ERR,ERR,ERR,ERR,ERR,ERR,ERR,ERR,ERR,ERR,ERR,ERR,ERR,ERR,ERR,ERR,ERR,ERR,ERR,ERR,ERR,ERR,ERR,ERR,ERR,ERR,ERR,ERR,ERR,ERR,ERR,ERR,ERR,ERR,ERR,ERR,ERR,ERR,ERR,ERR,ERR,ERR,ERR,ERR,ERR,ERR,ERR,ERR,ERR,ERR,ERR,ERR,ERR,ERR,ERR,ERR,ERR,ERR,ERR,ERR,ERR,ERR,ERR,ERR,ERR,ERR,ERR,ERR,ERR,ERR,ERR,ERR,ERR,ERR,ERR,ERR,ERR,ERR,ERR,ERR,ERR,ERR,ERR,ERR,ERR,ERR,ERR,ERR,ERR,ERR,ERR,ERR,ERR,ERR,ERR,ERR,ERR,ERR,0.0,-0.0,-0.0,0.0,0.0,1.3936040501711995e+18,7.805,0.0,0,0,4,0,8422,0.0,45,0.0,0.0,0.0,0.0,0.0,0,0,0,0,0.0,0,0,0,0,0,0,0,0,0,0,0,0,0,0,0,0,0,0,0,0,0,0,0,0,0,0,0,0,0,0,0,0,0,38,14,7,45,65476,0,300,0,0,8,21553,0.0,-107605600.0,0.0,0.0,0.0,0.0,0.0,0.0,0.0,0.0,0.0,0.0,0.0,0.0,0.0,0.0,0.0,0.0,0.0,0.0,0.0,0.0,-2.004,-0.0,-0.0,0.0,0.0,0.0,0.0,0.0,5002.0,-0.0,0.0,0.0,-0.0,0.0,2.718429120148166e+23,0.0,0.0,0.0,0.0,53,89221.109,2.718417410789135e+23,0.0,0.0,0.0,0.0,0.0,0.0,0.0,0,0,0,0.0,0.0,0.0,0.0,0.0,0.0,0.0,0.0,0.0,0.0,0.0,0.0,0.0,0.0,0.0,0.0,0,-107875648.0,53,0.0,106,-107614832.0,-107350944.0,ERR,ERR,ERR,ERR,ERR,ERR,ERR,ERR,ERR,ERR,ERR,ERR,ERR,ERR,ERR,ERR,ERR,ERR,ERR,ERR,ERR,ERR,ERR,ERR,ERR,ERR,ERR,ERR,ERR,ERR,ERR,ERR,ERR,ERR,ERR,ERR,ERR,ERR,ERR,ERR,ERR,ERR,ERR,ERR,ERR,ERR,ERR,ERR,ERR,ERR,ERR,ERR,ERR,ERR,ERR,ERR,ERR,ERR,ERR,ERR,ERR,ERR,ERR,ERR,ERR,ERR,ERR,50.0,60.0,100,0.0,0.0,0.0,0.0,0.0,0.0,0.0,0.0,0.0,0.0,0.0,0.0,0.0,0.0,0.0,0.0,61.6,65,20,65521,50,65476,0,300,0,0,8,20529,65476,0,0,26214,60.0,0.0,0.0,0.0,0.0,0.0
2026-05-17T16:12:29,ERR,ERR,ERR,ERR,ERR,ERR,ERR,ERR,ERR,ERR,ERR,ERR,ERR,ERR,ERR,ERR,ERR,ERR,ERR,ERR,ERR,ERR,ERR,ERR,ERR,ERR,ERR,ERR,ERR,ERR,ERR,ERR,ERR,ERR,ERR,ERR,ERR,ERR,ERR,ERR,ERR,ERR,ERR,ERR,ERR,ERR,ERR,ERR,ERR,ERR,ERR,ERR,ERR,ERR,ERR,ERR,ERR,ERR,ERR,ERR,ERR,ERR,ERR,ERR,ERR,ERR,ERR,ERR,ERR,ERR,ERR,ERR,ERR,ERR,ERR,ERR,ERR,ERR,ERR,ERR,ERR,ERR,ERR,ERR,ERR,ERR,ERR,ERR,ERR,ERR,ERR,ERR,ERR,ERR,ERR,ERR,ERR,ERR,ERR,ERR,ERR,ERR,ERR,ERR,ERR,ERR,ERR,ERR,ERR,ERR,ERR,ERR,ERR,ERR,ERR,ERR,ERR,ERR,ERR,ERR,ERR,ERR,ERR,ERR,ERR,0.0,-0.0,-0.0,0.0,0.0,1.3936040501711995e+18,7.805,0.0,0,0,4,0,8422,0.0,45,0.0,0.0,0.0,0.0,0.0,0,0,0,0,0.0,0,0,0,0,0,0,0,0,0,0,0,0,0,0,0,0,0,0,0,0,0,0,0,0,0,0,0,0,0,0,0,0,0,38,14,7,45,65476,0,300,0,0,8,21553,0.0,-107605600.0,0.0,0.0,0.0,0.0,0.0,0.0,0.0,0.0,0.0,0.0,0.0,0.0,0.0,0.0,0.0,0.0,0.0,0.0,0.0,0.0,-2.004,-0.0,-0.0,0.0,0.0,0.0,0.0,0.0,5002.0,-0.0,0.0,0.0,-0.0,0.0,2.718429120148166e+23,0.0,0.0,0.0,0.0,53,89221.109,2.718417410789135e+23,0.0,0.0,0.0,0.0,0.0,0.0,0.0,0,0,0,0.0,0.0,0.0,0.0,0.0,0.0,0.0,0.0,0.0,0.0,0.0,0.0,0.0,0.0,0.0,0.0,0,-107875648.0,53,0.0,106,-107614832.0,-107350944.0,ERR,ERR,ERR,ERR,ERR,ERR,ERR,ERR,ERR,ERR,ERR,ERR,ERR,ERR,ERR,ERR,ERR,ERR,ERR,ERR,ERR,ERR,ERR,ERR,ERR,ERR,ERR,ERR,ERR,ERR,ERR,ERR,ERR,ERR,ERR,ERR,ERR,ERR,ERR,ERR,ERR,ERR,ERR,ERR,ERR,ERR,ERR,ERR,ERR,ERR,ERR,ERR,ERR,ERR,ERR,ERR,ERR,ERR,ERR,ERR,ERR,ERR,ERR,ERR,ERR,ERR,ERR,50.0,60.0,100,0.0,0.0,0.0,0.0,0.0,0.0,0.0,0.0,0.0,0.0,0.0,0.0,0.0,0.0,0.0,0.0,61.6,65,20,65521,50,65476,0,300,0,0,8,20529,65476,0,0,26214,60.0,0.0,0.0,0.0,0.0,0.0
2026-05-17T16:12:30,ERR,ERR,ERR,ERR,ERR,ERR,ERR,ERR,ERR,ERR,ERR,ERR,ERR,ERR,ERR,ERR,ERR,ERR,ERR,ERR,ERR,ERR,ERR,ERR,ERR,ERR,ERR,ERR,ERR,ERR,ERR,ERR,ERR,ERR,ERR,ERR,ERR,ERR,ERR,ERR,ERR,ERR,ERR,ERR,ERR,ERR,ERR,ERR,ERR,ERR,ERR,ERR,ERR,ERR,ERR,ERR,ERR,ERR,ERR,ERR,ERR,ERR,ERR,ERR,ERR,ERR,ERR,ERR,ERR,ERR,ERR,ERR,ERR,ERR,ERR,ERR,ERR,ERR,ERR,ERR,ERR,ERR,ERR,ERR,ERR,ERR,ERR,ERR,ERR,ERR,ERR,ERR,ERR,ERR,ERR,ERR,ERR,ERR,ERR,ERR,ERR,ERR,ERR,ERR,ERR,ERR,ERR,ERR,ERR,ERR,ERR,ERR,ERR,ERR,ERR,ERR,ERR,ERR,ERR,ERR,ERR,ERR,ERR,ERR,ERR,0.0,-0.0,-0.0,0.0,0.0,1.3936040501711995e+18,7.805,0.0,0,0,4,0,8422,0.0,45,0.0,0.0,0.0,0.0,0.0,0,0,0,0,0.0,0,0,0,0,0,0,0,0,0,0,0,0,0,0,0,0,0,0,0,0,0,0,0,0,0,0,0,0,0,0,0,0,0,38,14,7,45,65476,0,300,0,0,8,21553,0.0,-107605600.0,0.0,0.0,0.0,0.0,0.0,0.0,0.0,0.0,0.0,0.0,0.0,0.0,0.0,0.0,0.0,0.0,0.0,0.0,0.0,0.0,-2.004,-0.0,-0.0,0.0,0.0,0.0,0.0,0.0,5002.0,-0.0,0.0,0.0,-0.0,0.0,2.718429120148166e+23,0.0,0.0,0.0,0.0,53,89221.109,2.718417410789135e+23,0.0,0.0,0.0,0.0,0.0,0.0,0.0,0,0,0,0.0,0.0,0.0,0.0,0.0,0.0,0.0,0.0,0.0,0.0,0.0,0.0,0.0,0.0,0.0,0.0,0,-107875648.0,53,0.0,106,-107614832.0,-107350944.0,ERR,ERR,ERR,ERR,ERR,ERR,ERR,ERR,ERR,ERR,ERR,ERR,ERR,ERR,ERR,ERR,ERR,ERR,ERR,ERR,ERR,ERR,ERR,ERR,ERR,ERR,ERR,ERR,ERR,ERR,ERR,ERR,ERR,ERR,ERR,ERR,ERR,ERR,ERR,ERR,ERR,ERR,ERR,ERR,ERR,ERR,ERR,ERR,ERR,ERR,ERR,ERR,ERR,ERR,ERR,ERR,ERR,ERR,ERR,ERR,ERR,ERR,ERR,ERR,ERR,ERR,ERR,50.0,60.0,100,0.0,0.0,0.0,0.0,0.0,0.0,0.0,0.0,0.0,0.0,0.0,0.0,0.0,0.0,0.0,0.0,61.6,65,20,65521,50,65476,0,300,0,0,8,20529,65476,0,0,26214,60.0,0.0,0.0,0.0,0.0,0.0
2026-05-17T16:12:31,ERR,ERR,ERR,ERR,ERR,ERR,ERR,ERR,ERR,ERR,ERR,ERR,ERR,ERR,ERR,ERR,ERR,ERR,ERR,ERR,ERR,ERR,ERR,ERR,ERR,ERR,ERR,ERR,ERR,ERR,ERR,ERR,ERR,ERR,ERR,ERR,ERR,ERR,ERR,ERR,ERR,ERR,ERR,ERR,ERR,ERR,ERR,ERR,ERR,ERR,ERR,ERR,ERR,ERR,ERR,ERR,ERR,ERR,ERR,ERR,ERR,ERR,ERR,ERR,ERR,ERR,ERR,ERR,ERR,ERR,ERR,ERR,ERR,ERR,ERR,ERR,ERR,ERR,ERR,ERR,ERR,ERR,ERR,ERR,ERR,ERR,ERR,ERR,ERR,ERR,ERR,ERR,ERR,ERR,ERR,ERR,ERR,ERR,ERR,ERR,ERR,ERR,ERR,ERR,ERR,ERR,ERR,ERR,ERR,ERR,ERR,ERR,ERR,ERR,ERR,ERR,ERR,ERR,ERR,ERR,ERR,ERR,ERR,ERR,ERR,0.0,-0.0,-0.0,0.0,0.0,1.3936040501711995e+18,7.805,0.0,0,0,4,0,8422,0.0,45,0.0,0.0,0.0,0.0,0.0,0,0,0,0,0.0,0,0,0,0,0,0,0,0,0,0,0,0,0,0,0,0,0,0,0,0,0,0,0,0,0,0,0,0,0,0,0,0,0,38,14,7,45,65476,0,300,0,0,8,21553,0.0,-107605600.0,0.0,0.0,0.0,0.0,0.0,0.0,0.0,0.0,0.0,0.0,0.0,0.0,0.0,0.0,0.0,0.0,0.0,0.0,0.0,0.0,-2.004,-0.0,-0.0,0.0,0.0,0.0,0.0,0.0,5002.0,-0.0,0.0,0.0,-0.0,0.0,2.718429120148166e+23,0.0,0.0,0.0,0.0,53,89221.109,2.718417410789135e+23,0.0,0.0,0.0,0.0,0.0,0.0,0.0,0,0,0,0.0,0.0,0.0,0.0,0.0,0.0,0.0,0.0,0.0,0.0,0.0,0.0,0.0,0.0,0.0,0.0,0,-107875648.0,53,0.0,106,-107614832.0,-107350944.0,ERR,ERR,ERR,ERR,ERR,ERR,ERR,ERR,ERR,ERR,ERR,ERR,ERR,ERR,ERR,ERR,ERR,ERR,ERR,ERR,ERR,ERR,ERR,ERR,ERR,ERR,ERR,ERR,ERR,ERR,ERR,ERR,ERR,ERR,ERR,ERR,ERR,ERR,ERR,ERR,ERR,ERR,ERR,ERR,ERR,ERR,ERR,ERR,ERR,ERR,ERR,ERR,ERR,ERR,ERR,ERR,ERR,ERR,ERR,ERR,ERR,ERR,ERR,ERR,ERR,ERR,ERR,50.0,60.0,100,0.0,0.0,0.0,0.0,0.0,0.0,0.0,0.0,0.0,0.0,0.0,0.0,0.0,0.0,0.0,0.0,61.6,65,20,65521,50,65476,0,300,0,0,8,20529,65476,0,0,26214,60.0,0.0,0.0,0.0,0.0,0.0
2026-05-17T16:12:32,ERR,ERR,ERR,ERR,ERR,ERR,ERR,ERR,ERR,ERR,ERR,ERR,ERR,ERR,ERR,ERR,ERR,ERR,ERR,ERR,ERR,ERR,ERR,ERR,ERR,ERR,ERR,ERR,ERR,ERR,ERR,ERR,ERR,ERR,ERR,ERR,ERR,ERR,ERR,ERR,ERR,ERR,ERR,ERR,ERR,ERR,ERR,ERR,ERR,ERR,ERR,ERR,ERR,ERR,ERR,ERR,ERR,ERR,ERR,ERR,ERR,ERR,ERR,ERR,ERR,ERR,ERR,ERR,ERR,ERR,ERR,ERR,ERR,ERR,ERR,ERR,ERR,ERR,ERR,ERR,ERR,ERR,ERR,ERR,ERR,ERR,ERR,ERR,ERR,ERR,ERR,ERR,ERR,ERR,ERR,ERR,ERR,ERR,ERR,ERR,ERR,ERR,ERR,ERR,ERR,ERR,ERR,ERR,ERR,ERR,ERR,ERR,ERR,ERR,ERR,ERR,ERR,ERR,ERR,ERR,ERR,ERR,ERR,ERR,ERR,0.0,-0.0,-0.0,0.0,0.0,1.3936040501711995e+18,7.805,0.0,0,0,4,0,8422,0.0,45,0.0,0.0,0.0,0.0,0.0,0,0,0,0,0.0,0,0,0,0,0,0,0,0,0,0,0,0,0,0,0,0,0,0,0,0,0,0,0,0,0,0,0,0,0,0,0,0,0,38,14,7,45,65476,0,300,0,0,8,21553,0.0,-107605600.0,0.0,0.0,0.0,0.0,0.0,0.0,0.0,0.0,0.0,0.0,0.0,0.0,0.0,0.0,0.0,0.0,0.0,0.0,0.0,0.0,-2.004,-0.0,-0.0,0.0,0.0,0.0,0.0,0.0,5002.0,-0.0,0.0,0.0,-0.0,0.0,2.718429120148166e+23,0.0,0.0,0.0,0.0,53,89221.109,2.718417410789135e+23,0.0,0.0,0.0,0.0,0.0,0.0,0.0,0,0,0,0.0,0.0,0.0,0.0,0.0,0.0,0.0,0.0,0.0,0.0,0.0,0.0,0.0,0.0,0.0,0.0,0,-107875648.0,53,0.0,106,-107614832.0,-107350944.0,ERR,ERR,ERR,ERR,ERR,ERR,ERR,ERR,ERR,ERR,ERR,ERR,ERR,ERR,ERR,ERR,ERR,ERR,ERR,ERR,ERR,ERR,ERR,ERR,ERR,ERR,ERR,ERR,ERR,ERR,ERR,ERR,ERR,ERR,ERR,ERR,ERR,ERR,ERR,ERR,ERR,ERR,ERR,ERR,ERR,ERR,ERR,ERR,ERR,ERR,ERR,ERR,ERR,ERR,ERR,ERR,ERR,ERR,ERR,ERR,ERR,ERR,ERR,ERR,ERR,ERR,ERR,50.0,60.0,100,0.0,0.0,0.0,0.0,0.0,0.0,0.0,0.0,0.0,0.0,0.0,0.0,0.0,0.0,0.0,0.0,61.6,65,20,65521,50,65476,0,300,0,0,8,20529,65476,0,0,26214,60.0,0.0,0.0,0.0,0.0,0.0
2026-05-17T16:12:33,ERR,ERR,ERR,ERR,ERR,ERR,ERR,ERR,ERR,ERR,ERR,ERR,ERR,ERR,ERR,ERR,ERR,ERR,ERR,ERR,ERR,ERR,ERR,ERR,ERR,ERR,ERR,ERR,ERR,ERR,ERR,ERR,ERR,ERR,ERR,ERR,ERR,ERR,ERR,ERR,ERR,ERR,ERR,ERR,ERR,ERR,ERR,ERR,ERR,ERR,ERR,ERR,ERR,ERR,ERR,ERR,ERR,ERR,ERR,ERR,ERR,ERR,ERR,ERR,ERR,ERR,ERR,ERR,ERR,ERR,ERR,ERR,ERR,ERR,ERR,ERR,ERR,ERR,ERR,ERR,ERR,ERR,ERR,ERR,ERR,ERR,ERR,ERR,ERR,ERR,ERR,ERR,ERR,ERR,ERR,ERR,ERR,ERR,ERR,ERR,ERR,ERR,ERR,ERR,ERR,ERR,ERR,ERR,ERR,ERR,ERR,ERR,ERR,ERR,ERR,ERR,ERR,ERR,ERR,ERR,ERR,ERR,ERR,ERR,ERR,0.0,-0.0,-0.0,0.0,0.0,1.3936040501711995e+18,7.805,0.0,0,0,4,0,8422,0.0,45,0.0,0.0,0.0,0.0,0.0,0,0,0,0,0.0,0,0,0,0,0,0,0,0,0,0,0,0,0,0,0,0,0,0,0,0,0,0,0,0,0,0,0,0,0,0,0,0,0,38,14,7,45,65476,0,300,0,0,8,21553,0.0,-107605600.0,0.0,0.0,0.0,0.0,0.0,0.0,0.0,0.0,0.0,0.0,0.0,0.0,0.0,0.0,0.0,0.0,0.0,0.0,0.0,0.0,-2.004,-0.0,-0.0,-2.004,0.0,0.0,0.0,0.0,5005.0,0.0,0.0,0.0,-0.0,0.0,2.718429120148166e+23,0.0,0.0,0.0,0.0,53,152018454839296.0,-2.30882787541985e+20,0.0,0.0,0.0,0.0,0.0,0.0,0.0,0,0,0,0.0,0.0,0.0,0.0,0.0,0.0,0.0,0.0,0.0,0.0,0.0,0.0,0.0,0.0,0.0,0.0,0,-107875648.0,53,0.0,106,-107614832.0,-107350944.0,ERR,ERR,ERR,ERR,ERR,ERR,ERR,ERR,ERR,ERR,ERR,ERR,ERR,ERR,ERR,ERR,ERR,ERR,ERR,ERR,ERR,ERR,ERR,ERR,ERR,ERR,ERR,ERR,ERR,ERR,ERR,ERR,ERR,ERR,ERR,ERR,ERR,ERR,ERR,ERR,ERR,ERR,ERR,ERR,ERR,ERR,ERR,ERR,ERR,ERR,ERR,ERR,ERR,ERR,ERR,ERR,ERR,ERR,ERR,ERR,ERR,ERR,ERR,ERR,ERR,ERR,ERR,50.0,60.0,100,0.0,0.0,0.0,0.0,0.0,0.0,0.0,0.0,0.0,0.0,0.0,0.0,0.0,0.0,0.0,0.0,61.6,65,20,65521,50,65476,0,300,0,0,8,20529,65476,0,0,26214,60.0,0.0,0.0,0.0,0.0,0.0
2026-05-17T16:12:34,ERR,ERR,ERR,ERR,ERR,ERR,ERR,ERR,ERR,ERR,ERR,ERR,ERR,ERR,ERR,ERR,ERR,ERR,ERR,ERR,ERR,ERR,ERR,ERR,ERR,ERR,ERR,ERR,ERR,ERR,ERR,ERR,ERR,ERR,ERR,ERR,ERR,ERR,ERR,ERR,ERR,ERR,ERR,ERR,ERR,ERR,ERR,ERR,ERR,ERR,ERR,ERR,ERR,ERR,ERR,ERR,ERR,ERR,ERR,ERR,ERR,ERR,ERR,ERR,ERR,ERR,ERR,ERR,ERR,ERR,ERR,ERR,ERR,ERR,ERR,ERR,ERR,ERR,ERR,ERR,ERR,ERR,ERR,ERR,ERR,ERR,ERR,ERR,ERR,ERR,ERR,ERR,ERR,ERR,ERR,ERR,ERR,ERR,ERR,ERR,ERR,ERR,ERR,ERR,ERR,ERR,ERR,ERR,ERR,ERR,ERR,ERR,ERR,ERR,ERR,ERR,ERR,ERR,ERR,ERR,ERR,ERR,ERR,ERR,ERR,0.0,-0.0,-0.0,0.0,0.0,1.3936040501711995e+18,7.805,0.0,0,0,4,0,8422,0.0,45,0.0,0.0,0.0,0.0,0.0,0,0,0,0,0.0,0,0,0,0,0,0,0,0,0,0,0,0,0,0,0,0,0,0,0,0,0,0,0,0,0,0,0,0,0,0,0,0,0,38,14,7,45,65476,0,300,0,0,8,21553,0.0,-107605600.0,0.0,0.0,0.0,0.0,0.0,0.0,0.0,0.0,0.0,0.0,0.0,0.0,0.0,0.0,0.0,0.0,0.0,0.0,0.0,0.0,-2.004,-0.0,-0.0,-2.004,0.0,0.0,0.0,0.0,5005.0,0.0,0.0,0.0,-0.0,0.0,2.718429120148166e+23,0.0,0.0,0.0,0.0,53,152018454839296.0,-2.30882787541985e+20,0.0,0.0,0.0,0.0,0.0,0.0,0.0,0,0,0,0.0,0.0,0.0,0.0,0.0,0.0,0.0,0.0,0.0,0.0,0.0,0.0,0.0,0.0,0.0,0.0,0,-107875648.0,53,0.0,106,-107614832.0,-107350944.0,ERR,ERR,ERR,ERR,ERR,ERR,ERR,ERR,ERR,ERR,ERR,ERR,ERR,ERR,ERR,ERR,ERR,ERR,ERR,ERR,ERR,ERR,ERR,ERR,ERR,ERR,ERR,ERR,ERR,ERR,ERR,ERR,ERR,ERR,ERR,ERR,ERR,ERR,ERR,ERR,ERR,ERR,ERR,ERR,ERR,ERR,ERR,ERR,ERR,ERR,ERR,ERR,ERR,ERR,ERR,ERR,ERR,ERR,ERR,ERR,ERR,ERR,ERR,ERR,ERR,ERR,ERR,50.0,60.0,100,0.0,0.0,0.0,0.0,0.0,0.0,0.0,0.0,0.0,0.0,0.0,0.0,0.0,0.0,0.0,0.0,61.6,65,20,65521,50,65476,0,300,0,0,8,20529,65476,0,0,26214,60.0,0.0,0.0,0.0,0.0,0.0
2026-05-17T16:12:35,ERR,ERR,ERR,ERR,ERR,ERR,ERR,ERR,ERR,ERR,ERR,ERR,ERR,ERR,ERR,ERR,ERR,ERR,ERR,ERR,ERR,ERR,ERR,ERR,ERR,ERR,ERR,ERR,ERR,ERR,ERR,ERR,ERR,ERR,ERR,ERR,ERR,ERR,ERR,ERR,ERR,ERR,ERR,ERR,ERR,ERR,ERR,ERR,ERR,ERR,ERR,ERR,ERR,ERR,ERR,ERR,ERR,ERR,ERR,ERR,ERR,ERR,ERR,ERR,ERR,ERR,ERR,ERR,ERR,ERR,ERR,ERR,ERR,ERR,ERR,ERR,ERR,ERR,ERR,ERR,ERR,ERR,ERR,ERR,ERR,ERR,ERR,ERR,ERR,ERR,ERR,ERR,ERR,ERR,ERR,ERR,ERR,ERR,ERR,ERR,ERR,ERR,ERR,ERR,ERR,ERR,ERR,ERR,ERR,ERR,ERR,ERR,ERR,ERR,ERR,ERR,ERR,ERR,ERR,ERR,ERR,ERR,ERR,ERR,ERR,0.0,-0.0,-0.0,0.0,0.0,1.3936040501711995e+18,7.805,0.0,0,0,4,0,8422,0.0,45,0.0,0.0,0.0,0.0,0.0,0,0,0,0,0.0,0,0,0,0,0,0,0,0,0,0,0,0,0,0,0,0,0,0,0,0,0,0,0,0,0,0,0,0,0,0,0,0,0,38,14,7,45,65476,0,300,0,0,8,21553,0.0,-107605600.0,0.0,0.0,0.0,0.0,0.0,0.0,0.0,0.0,0.0,0.0,0.0,0.0,0.0,0.0,0.0,0.0,0.0,0.0,0.0,0.0,-2.004,-0.0,-0.0,-2.004,0.0,0.0,0.0,0.0,5005.0,0.0,0.0,0.0,-0.0,0.0,2.718429120148166e+23,0.0,0.0,0.0,0.0,53,152018454839296.0,-2.30882787541985e+20,0.0,0.0,0.0,0.0,0.0,0.0,0.0,0,0,0,0.0,0.0,0.0,0.0,0.0,0.0,0.0,0.0,0.0,0.0,0.0,0.0,0.0,0.0,0.0,0.0,0,-107875648.0,53,0.0,106,-107614832.0,-107350944.0,ERR,ERR,ERR,ERR,ERR,ERR,ERR,ERR,ERR,ERR,ERR,ERR,ERR,ERR,ERR,ERR,ERR,ERR,ERR,ERR,ERR,ERR,ERR,ERR,ERR,ERR,ERR,ERR,ERR,ERR,ERR,ERR,ERR,ERR,ERR,ERR,ERR,ERR,ERR,ERR,ERR,ERR,ERR,ERR,ERR,ERR,ERR,ERR,ERR,ERR,ERR,ERR,ERR,ERR,ERR,ERR,ERR,ERR,ERR,ERR,ERR,ERR,ERR,ERR,ERR,ERR,ERR,50.0,60.0,100,0.0,0.0,0.0,0.0,0.0,0.0,0.0,0.0,0.0,0.0,0.0,0.0,0.0,0.0,0.0,0.0,61.6,65,20,65521,50,65476,0,300,0,0,8,20529,65476,0,0,26214,60.0,0.0,0.0,0.0,0.0,0.0
2026-05-17T16:12:36,ERR,ERR,ERR,ERR,ERR,ERR,ERR,ERR,ERR,ERR,ERR,ERR,ERR,ERR,ERR,ERR,ERR,ERR,ERR,ERR,ERR,ERR,ERR,ERR,ERR,ERR,ERR,ERR,ERR,ERR,ERR,ERR,ERR,ERR,ERR,ERR,ERR,ERR,ERR,ERR,ERR,ERR,ERR,ERR,ERR,ERR,ERR,ERR,ERR,ERR,ERR,ERR,ERR,ERR,ERR,ERR,ERR,ERR,ERR,ERR,ERR,ERR,ERR,ERR,ERR,ERR,ERR,ERR,ERR,ERR,ERR,ERR,ERR,ERR,ERR,ERR,ERR,ERR,ERR,ERR,ERR,ERR,ERR,ERR,ERR,ERR,ERR,ERR,ERR,ERR,ERR,ERR,ERR,ERR,ERR,ERR,ERR,ERR,ERR,ERR,ERR,ERR,ERR,ERR,ERR,ERR,ERR,ERR,ERR,ERR,ERR,ERR,ERR,ERR,ERR,ERR,ERR,ERR,ERR,ERR,ERR,ERR,ERR,ERR,ERR,0.0,-0.0,-0.0,0.0,0.0,1.3936040501711995e+18,7.805,0.0,0,0,4,0,8422,0.0,45,0.0,0.0,0.0,0.0,0.0,0,0,0,0,0.0,0,0,0,0,0,0,0,0,0,0,0,0,0,0,0,0,0,0,0,0,0,0,0,0,0,0,0,0,0,0,0,0,0,38,14,7,45,65476,0,300,0,0,8,21553,0.0,-107605600.0,0.0,0.0,0.0,0.0,0.0,0.0,0.0,0.0,0.0,0.0,0.0,0.0,0.0,0.0,0.0,0.0,0.0,0.0,0.0,0.0,-2.004,-0.0,-0.0,-2.004,0.0,0.0,0.0,0.0,5005.0,0.0,0.0,0.0,-0.0,0.0,2.718429120148166e+23,0.0,0.0,0.0,0.0,53,152018454839296.0,-2.30882787541985e+20,0.0,0.0,0.0,0.0,0.0,0.0,0.0,0,0,0,0.0,0.0,0.0,0.0,0.0,0.0,0.0,0.0,0.0,0.0,0.0,0.0,0.0,0.0,0.0,0.0,0,-107875648.0,53,0.0,106,-107614832.0,-107350944.0,ERR,ERR,ERR,ERR,ERR,ERR,ERR,ERR,ERR,ERR,ERR,ERR,ERR,ERR,ERR,ERR,ERR,ERR,ERR,ERR,ERR,ERR,ERR,ERR,ERR,ERR,ERR,ERR,ERR,ERR,ERR,ERR,ERR,ERR,ERR,ERR,ERR,ERR,ERR,ERR,ERR,ERR,ERR,ERR,ERR,ERR,ERR,ERR,ERR,ERR,ERR,ERR,ERR,ERR,ERR,ERR,ERR,ERR,ERR,ERR,ERR,ERR,ERR,ERR,ERR,ERR,ERR,50.0,60.0,100,0.0,0.0,0.0,0.0,0.0,0.0,0.0,0.0,0.0,0.0,0.0,0.0,0.0,0.0,0.0,0.0,61.6,65,20,65521,50,65476,0,300,0,0,8,20529,65476,0,0,26214,60.0,0.0,0.0,0.0,0.0,0.0
2026-05-17T16:12:37,ERR,ERR,ERR,ERR,ERR,ERR,ERR,ERR,ERR,ERR,ERR,ERR,ERR,ERR,ERR,ERR,ERR,ERR,ERR,ERR,ERR,ERR,ERR,ERR,ERR,ERR,ERR,ERR,ERR,ERR,ERR,ERR,ERR,ERR,ERR,ERR,ERR,ERR,ERR,ERR,ERR,ERR,ERR,ERR,ERR,ERR,ERR,ERR,ERR,ERR,ERR,ERR,ERR,ERR,ERR,ERR,ERR,ERR,ERR,ERR,ERR,ERR,ERR,ERR,ERR,ERR,ERR,ERR,ERR,ERR,ERR,ERR,ERR,ERR,ERR,ERR,ERR,ERR,ERR,ERR,ERR,ERR,ERR,ERR,ERR,ERR,ERR,ERR,ERR,ERR,ERR,ERR,ERR,ERR,ERR,ERR,ERR,ERR,ERR,ERR,ERR,ERR,ERR,ERR,ERR,ERR,ERR,ERR,ERR,ERR,ERR,ERR,ERR,ERR,ERR,ERR,ERR,ERR,ERR,ERR,ERR,ERR,ERR,ERR,ERR,0.0,-0.0,-0.0,0.0,0.0,1.3936040501711995e+18,7.805,0.0,0,0,4,0,8422,0.0,45,0.0,0.0,0.0,0.0,0.0,0,0,0,0,0.0,0,0,0,0,0,0,0,0,0,0,0,0,0,0,0,0,0,0,0,0,0,0,0,0,0,0,0,0,0,0,0,0,0,38,14,7,45,65476,0,300,0,0,8,21553,0.0,-107605600.0,0.0,0.0,0.0,0.0,0.0,0.0,0.0,0.0,0.0,0.0,0.0,0.0,0.0,0.0,0.0,0.0,0.0,0.0,0.0,0.0,-2.004,-0.0,-0.0,-2.004,0.0,0.0,0.0,0.0,5005.0,0.0,0.0,0.0,-0.0,0.0,2.718429120148166e+23,0.0,0.0,0.0,0.0,53,152018454839296.0,-2.30882787541985e+20,0.0,0.0,0.0,0.0,0.0,0.0,0.0,0,0,0,0.0,0.0,0.0,0.0,0.0,0.0,0.0,0.0,0.0,0.0,0.0,0.0,0.0,0.0,0.0,0.0,0,-107875648.0,53,0.0,106,-107614832.0,-107350944.0,ERR,ERR,ERR,ERR,ERR,ERR,ERR,ERR,ERR,ERR,ERR,ERR,ERR,ERR,ERR,ERR,ERR,ERR,ERR,ERR,ERR,ERR,ERR,ERR,ERR,ERR,ERR,ERR,ERR,ERR,ERR,ERR,ERR,ERR,ERR,ERR,ERR,ERR,ERR,ERR,ERR,ERR,ERR,ERR,ERR,ERR,ERR,ERR,ERR,ERR,ERR,ERR,ERR,ERR,ERR,ERR,ERR,ERR,ERR,ERR,ERR,ERR,ERR,ERR,ERR,ERR,ERR,50.0,60.0,100,0.0,0.0,0.0,0.0,0.0,0.0,0.0,0.0,0.0,0.0,0.0,0.0,0.0,0.0,0.0,0.0,62.0,65,20,65521,50,65476,0,300,0,0,8,20529,65476,0,0,26214,60.0,0.0,0.0,0.0,0.0,0.0
2026-05-17T16:12:38,ERR,ERR,ERR,ERR,ERR,ERR,ERR,ERR,ERR,ERR,ERR,ERR,ERR,ERR,ERR,ERR,ERR,ERR,ERR,ERR,ERR,ERR,ERR,ERR,ERR,ERR,ERR,ERR,ERR,ERR,ERR,ERR,ERR,ERR,ERR,ERR,ERR,ERR,ERR,ERR,ERR,ERR,ERR,ERR,ERR,ERR,ERR,ERR,ERR,ERR,ERR,ERR,ERR,ERR,ERR,ERR,ERR,ERR,ERR,ERR,ERR,ERR,ERR,ERR,ERR,ERR,ERR,ERR,ERR,ERR,ERR,ERR,ERR,ERR,ERR,ERR,ERR,ERR,ERR,ERR,ERR,ERR,ERR,ERR,ERR,ERR,ERR,ERR,ERR,ERR,ERR,ERR,ERR,ERR,ERR,ERR,ERR,ERR,ERR,ERR,ERR,ERR,ERR,ERR,ERR,ERR,ERR,ERR,ERR,ERR,ERR,ERR,ERR,ERR,ERR,ERR,ERR,ERR,ERR,ERR,ERR,ERR,ERR,ERR,ERR,0.0,-0.0,-0.0,0.0,0.0,1.3936040501711995e+18,7.805,0.0,0,0,4,0,8422,0.0,45,0.0,0.0,0.0,0.0,0.0,0,0,0,0,0.0,0,0,0,0,0,0,0,0,0,0,0,0,0,0,0,0,0,0,0,0,0,0,0,0,0,0,0,0,0,0,0,0,0,38,14,7,45,65476,0,300,0,0,8,21553,0.0,-107605600.0,0.0,0.0,0.0,0.0,0.0,0.0,0.0,0.0,0.0,0.0,0.0,0.0,0.0,0.0,0.0,0.0,0.0,0.0,0.0,0.0,-2.004,-0.0,-0.0,-2.004,0.0,0.0,0.0,0.0,5007.0,-1.040665380856972e+34,0.0,0.0,-0.0,0.0,2.718429120148166e+23,0.0,0.0,0.0,0.0,53,2.3088403658719416e+20,-3.222002767243768e+26,0.0,0.0,0.0,0.0,0.0,0.0,0.0,0,0,0,0.0,0.0,0.0,0.0,0.0,0.0,0.0,0.0,0.0,0.0,0.0,0.0,0.0,0.0,0.0,0.0,0,-107875648.0,53,0.0,106,-107614832.0,-107350944.0,ERR,ERR,ERR,ERR,ERR,ERR,ERR,ERR,ERR,ERR,ERR,ERR,ERR,ERR,ERR,ERR,ERR,ERR,ERR,ERR,ERR,ERR,ERR,ERR,ERR,ERR,ERR,ERR,ERR,ERR,ERR,ERR,ERR,ERR,ERR,ERR,ERR,ERR,ERR,ERR,ERR,ERR,ERR,ERR,ERR,ERR,ERR,ERR,ERR,ERR,ERR,ERR,ERR,ERR,ERR,ERR,ERR,ERR,ERR,ERR,ERR,ERR,ERR,ERR,ERR,ERR,ERR,50.0,60.0,100,0.0,0.0,0.0,0.0,0.0,0.0,0.0,0.0,0.0,0.0,0.0,0.0,0.0,0.0,0.0,0.0,62.0,65,20,65521,50,65476,0,300,0,0,8,20529,65476,0,0,26214,60.0,0.0,0.0,0.0,0.0,0.0
2026-05-17T16:12:39,ERR,ERR,ERR,ERR,ERR,ERR,ERR,ERR,ERR,ERR,ERR,ERR,ERR,ERR,ERR,ERR,ERR,ERR,ERR,ERR,ERR,ERR,ERR,ERR,ERR,ERR,ERR,ERR,ERR,ERR,ERR,ERR,ERR,ERR,ERR,ERR,ERR,ERR,ERR,ERR,ERR,ERR,ERR,ERR,ERR,ERR,ERR,ERR,ERR,ERR,ERR,ERR,ERR,ERR,ERR,ERR,ERR,ERR,ERR,ERR,ERR,ERR,ERR,ERR,ERR,ERR,ERR,ERR,ERR,ERR,ERR,ERR,ERR,ERR,ERR,ERR,ERR,ERR,ERR,ERR,ERR,ERR,ERR,ERR,ERR,ERR,ERR,ERR,ERR,ERR,ERR,ERR,ERR,ERR,ERR,ERR,ERR,ERR,ERR,ERR,ERR,ERR,ERR,ERR,ERR,ERR,ERR,ERR,ERR,ERR,ERR,ERR,ERR,ERR,ERR,ERR,ERR,ERR,ERR,ERR,ERR,ERR,ERR,ERR,ERR,0.0,-0.0,-0.0,0.0,0.0,1.3936040501711995e+18,7.805,0.0,0,0,4,0,8422,0.0,45,0.0,0.0,0.0,0.0,0.0,0,0,0,0,0.0,0,0,0,0,0,0,0,0,0,0,0,0,0,0,0,0,0,0,0,0,0,0,0,0,0,0,0,0,0,0,0,0,0,38,14,7,45,65476,0,300,0,0,8,21553,0.0,-107605600.0,0.0,0.0,0.0,0.0,0.0,0.0,0.0,0.0,0.0,0.0,0.0,0.0,0.0,0.0,0.0,0.0,0.0,0.0,0.0,0.0,-2.004,-0.0,-0.0,-2.004,0.0,0.0,0.0,0.0,5007.0,-1.040665380856972e+34,0.0,0.0,-0.0,0.0,2.718429120148166e+23,0.0,0.0,0.0,0.0,53,2.3088403658719416e+20,-3.222002767243768e+26,0.0,0.0,0.0,0.0,0.0,0.0,0.0,0,0,0,0.0,0.0,0.0,0.0,0.0,0.0,0.0,0.0,0.0,0.0,0.0,0.0,0.0,0.0,0.0,0.0,0,-107875648.0,53,0.0,106,-107614832.0,-107350944.0,ERR,ERR,ERR,ERR,ERR,ERR,ERR,ERR,ERR,ERR,ERR,ERR,ERR,ERR,ERR,ERR,ERR,ERR,ERR,ERR,ERR,ERR,ERR,ERR,ERR,ERR,ERR,ERR,ERR,ERR,ERR,ERR,ERR,ERR,ERR,ERR,ERR,ERR,ERR,ERR,ERR,ERR,ERR,ERR,ERR,ERR,ERR,ERR,ERR,ERR,ERR,ERR,ERR,ERR,ERR,ERR,ERR,ERR,ERR,ERR,ERR,ERR,ERR,ERR,ERR,ERR,ERR,50.0,60.0,100,0.0,0.0,0.0,0.0,0.0,0.0,0.0,0.0,0.0,0.0,0.0,0.0,0.0,0.0,0.0,0.0,61.6,65,20,65521,50,65476,0,300,0,0,8,20529,65476,0,0,26214,60.0,0.0,0.0,0.0,0.0,0.0
2026-05-17T16:12:40,ERR,ERR,ERR,ERR,ERR,ERR,ERR,ERR,ERR,ERR,ERR,ERR,ERR,ERR,ERR,ERR,ERR,ERR,ERR,ERR,ERR,ERR,ERR,ERR,ERR,ERR,ERR,ERR,ERR,ERR,ERR,ERR,ERR,ERR,ERR,ERR,ERR,ERR,ERR,ERR,ERR,ERR,ERR,ERR,ERR,ERR,ERR,ERR,ERR,ERR,ERR,ERR,ERR,ERR,ERR,ERR,ERR,ERR,ERR,ERR,ERR,ERR,ERR,ERR,ERR,ERR,ERR,ERR,ERR,ERR,ERR,ERR,ERR,ERR,ERR,ERR,ERR,ERR,ERR,ERR,ERR,ERR,ERR,ERR,ERR,ERR,ERR,ERR,ERR,ERR,ERR,ERR,ERR,ERR,ERR,ERR,ERR,ERR,ERR,ERR,ERR,ERR,ERR,ERR,ERR,ERR,ERR,ERR,ERR,ERR,ERR,ERR,ERR,ERR,ERR,ERR,ERR,ERR,ERR,ERR,ERR,ERR,ERR,ERR,ERR,0.0,-0.0,-0.0,0.0,0.0,1.3936040501711995e+18,7.805,0.0,0,0,4,0,8422,0.0,45,0.0,0.0,0.0,0.0,0.0,0,0,0,0,0.0,0,0,0,0,0,0,0,0,0,0,0,0,0,0,0,0,0,0,0,0,0,0,0,0,0,0,0,0,0,0,0,0,0,38,14,7,45,65476,0,300,0,0,8,21553,0.0,-107605600.0,0.0,0.0,0.0,0.0,0.0,0.0,0.0,0.0,0.0,0.0,0.0,0.0,0.0,0.0,0.0,0.0,0.0,0.0,0.0,0.0,-2.004,-0.0,-0.0,-2.004,0.0,0.0,0.0,0.0,5007.0,-1.040665380856972e+34,0.0,0.0,-0.0,0.0,2.718429120148166e+23,0.0,0.0,0.0,0.0,53,2.3088403658719416e+20,-3.222002767243768e+26,0.0,0.0,0.0,0.0,0.0,0.0,0.0,0,0,0,0.0,0.0,0.0,0.0,0.0,0.0,0.0,0.0,0.0,0.0,0.0,0.0,0.0,0.0,0.0,0.0,0,-107875648.0,53,0.0,106,-107614832.0,-107350944.0,ERR,ERR,ERR,ERR,ERR,ERR,ERR,ERR,ERR,ERR,ERR,ERR,ERR,ERR,ERR,ERR,ERR,ERR,ERR,ERR,ERR,ERR,ERR,ERR,ERR,ERR,ERR,ERR,ERR,ERR,ERR,ERR,ERR,ERR,ERR,ERR,ERR,ERR,ERR,ERR,ERR,ERR,ERR,ERR,ERR,ERR,ERR,ERR,ERR,ERR,ERR,ERR,ERR,ERR,ERR,ERR,ERR,ERR,ERR,ERR,ERR,ERR,ERR,ERR,ERR,ERR,ERR,50.0,60.0,100,0.0,0.0,0.0,0.0,0.0,0.0,0.0,0.0,0.0,0.0,0.0,0.0,0.0,0.0,0.0,0.0,61.6,65,20,65521,50,65476,0,300,0,0,8,20529,65476,0,0,26214,60.0,0.0,0.0,0.0,0.0,0.0
2026-05-17T16:12:41,ERR,ERR,ERR,ERR,ERR,ERR,ERR,ERR,ERR,ERR,ERR,ERR,ERR,ERR,ERR,ERR,ERR,ERR,ERR,ERR,ERR,ERR,ERR,ERR,ERR,ERR,ERR,ERR,ERR,ERR,ERR,ERR,ERR,ERR,ERR,ERR,ERR,ERR,ERR,ERR,ERR,ERR,ERR,ERR,ERR,ERR,ERR,ERR,ERR,ERR,ERR,ERR,ERR,ERR,ERR,ERR,ERR,ERR,ERR,ERR,ERR,ERR,ERR,ERR,ERR,ERR,ERR,ERR,ERR,ERR,ERR,ERR,ERR,ERR,ERR,ERR,ERR,ERR,ERR,ERR,ERR,ERR,ERR,ERR,ERR,ERR,ERR,ERR,ERR,ERR,ERR,ERR,ERR,ERR,ERR,ERR,ERR,ERR,ERR,ERR,ERR,ERR,ERR,ERR,ERR,ERR,ERR,ERR,ERR,ERR,ERR,ERR,ERR,ERR,ERR,ERR,ERR,ERR,ERR,ERR,ERR,ERR,ERR,ERR,ERR,0.0,-0.0,-0.0,0.0,0.0,1.3936040501711995e+18,7.805,0.0,0,0,4,0,8422,0.0,45,0.0,0.0,0.0,0.0,0.0,0,0,0,0,0.0,0,0,0,0,0,0,0,0,0,0,0,0,0,0,0,0,0,0,0,0,0,0,0,0,0,0,0,0,0,0,0,0,0,38,14,7,45,65476,0,300,0,0,8,21553,0.0,-107605600.0,0.0,0.0,0.0,0.0,0.0,0.0,0.0,0.0,0.0,0.0,0.0,0.0,0.0,0.0,0.0,0.0,0.0,0.0,0.0,0.0,-2.004,-0.0,-0.0,-2.004,0.0,0.0,0.0,0.0,5007.0,-1.040665380856972e+34,0.0,0.0,-0.0,0.0,2.718429120148166e+23,0.0,0.0,0.0,0.0,53,2.3088403658719416e+20,-3.222002767243768e+26,0.0,0.0,0.0,0.0,0.0,0.0,0.0,0,0,0,0.0,0.0,0.0,0.0,0.0,0.0,0.0,0.0,0.0,0.0,0.0,0.0,0.0,0.0,0.0,0.0,0,-107875648.0,53,0.0,106,-107614832.0,-107350944.0,ERR,ERR,ERR,ERR,ERR,ERR,ERR,ERR,ERR,ERR,ERR,ERR,ERR,ERR,ERR,ERR,ERR,ERR,ERR,ERR,ERR,ERR,ERR,ERR,ERR,ERR,ERR,ERR,ERR,ERR,ERR,ERR,ERR,ERR,ERR,ERR,ERR,ERR,ERR,ERR,ERR,ERR,ERR,ERR,ERR,ERR,ERR,ERR,ERR,ERR,ERR,ERR,ERR,ERR,ERR,ERR,ERR,ERR,ERR,ERR,ERR,ERR,ERR,ERR,ERR,ERR,ERR,50.0,60.0,100,0.0,0.0,0.0,0.0,0.0,0.0,0.0,0.0,0.0,0.0,0.0,0.0,0.0,0.0,0.0,0.0,62.0,65,20,65521,50,65476,0,300,0,0,8,20529,65476,0,0,26214,60.0,0.0,0.0,0.0,0.0,0.0
2026-05-17T16:12:42,ERR,ERR,ERR,ERR,ERR,ERR,ERR,ERR,ERR,ERR,ERR,ERR,ERR,ERR,ERR,ERR,ERR,ERR,ERR,ERR,ERR,ERR,ERR,ERR,ERR,ERR,ERR,ERR,ERR,ERR,ERR,ERR,ERR,ERR,ERR,ERR,ERR,ERR,ERR,ERR,ERR,ERR,ERR,ERR,ERR,ERR,ERR,ERR,ERR,ERR,ERR,ERR,ERR,ERR,ERR,ERR,ERR,ERR,ERR,ERR,ERR,ERR,ERR,ERR,ERR,ERR,ERR,ERR,ERR,ERR,ERR,ERR,ERR,ERR,ERR,ERR,ERR,ERR,ERR,ERR,ERR,ERR,ERR,ERR,ERR,ERR,ERR,ERR,ERR,ERR,ERR,ERR,ERR,ERR,ERR,ERR,ERR,ERR,ERR,ERR,ERR,ERR,ERR,ERR,ERR,ERR,ERR,ERR,ERR,ERR,ERR,ERR,ERR,ERR,ERR,ERR,ERR,ERR,ERR,ERR,ERR,ERR,ERR,ERR,ERR,0.0,-0.0,-0.0,0.0,0.0,1.3936040501711995e+18,7.805,0.0,0,0,4,0,8422,0.0,45,0.0,0.0,0.0,0.0,0.0,0,0,0,0,0.0,0,0,0,0,0,0,0,0,0,0,0,0,0,0,0,0,0,0,0,0,0,0,0,0,0,0,0,0,0,0,0,0,0,38,14,7,45,65476,0,300,0,0,8,21553,0.0,-107605600.0,0.0,0.0,0.0,0.0,0.0,0.0,0.0,0.0,0.0,0.0,0.0,0.0,0.0,0.0,0.0,0.0,0.0,0.0,0.0,0.0,-2.004,-0.0,-0.0,-2.004,0.0,0.0,0.0,0.0,5007.0,-1.040665380856972e+34,0.0,0.0,-0.0,0.0,2.718429120148166e+23,0.0,0.0,0.0,0.0,53,2.3088403658719416e+20,-3.222002767243768e+26,0.0,0.0,0.0,0.0,0.0,0.0,0.0,0,0,0,0.0,0.0,0.0,0.0,0.0,0.0,0.0,0.0,0.0,0.0,0.0,0.0,0.0,0.0,0.0,0.0,0,-107875648.0,53,0.0,106,-107614832.0,-107350944.0,ERR,ERR,ERR,ERR,ERR,ERR,ERR,ERR,ERR,ERR,ERR,ERR,ERR,ERR,ERR,ERR,ERR,ERR,ERR,ERR,ERR,ERR,ERR,ERR,ERR,ERR,ERR,ERR,ERR,ERR,ERR,ERR,ERR,ERR,ERR,ERR,ERR,ERR,ERR,ERR,ERR,ERR,ERR,ERR,ERR,ERR,ERR,ERR,ERR,ERR,ERR,ERR,ERR,ERR,ERR,ERR,ERR,ERR,ERR,ERR,ERR,ERR,ERR,ERR,ERR,ERR,ERR,50.0,60.0,100,0.0,0.0,0.0,0.0,0.0,0.0,0.0,0.0,0.0,0.0,0.0,0.0,0.0,0.0,0.0,0.0,62.0,65,20,65521,50,65476,0,300,0,0,8,20529,65476,0,0,26214,60.0,0.0,0.0,0.0,0.0,0.0
2026-05-17T16:12:43,ERR,ERR,ERR,ERR,ERR,ERR,ERR,ERR,ERR,ERR,ERR,ERR,ERR,ERR,ERR,ERR,ERR,ERR,ERR,ERR,ERR,ERR,ERR,ERR,ERR,ERR,ERR,ERR,ERR,ERR,ERR,ERR,ERR,ERR,ERR,ERR,ERR,ERR,ERR,ERR,ERR,ERR,ERR,ERR,ERR,ERR,ERR,ERR,ERR,ERR,ERR,ERR,ERR,ERR,ERR,ERR,ERR,ERR,ERR,ERR,ERR,ERR,ERR,ERR,ERR,ERR,ERR,ERR,ERR,ERR,ERR,ERR,ERR,ERR,ERR,ERR,ERR,ERR,ERR,ERR,ERR,ERR,ERR,ERR,ERR,ERR,ERR,ERR,ERR,ERR,ERR,ERR,ERR,ERR,ERR,ERR,ERR,ERR,ERR,ERR,ERR,ERR,ERR,ERR,ERR,ERR,ERR,ERR,ERR,ERR,ERR,ERR,ERR,ERR,ERR,ERR,ERR,ERR,ERR,ERR,ERR,ERR,ERR,ERR,ERR,0.0,-0.0,-0.0,0.0,0.0,1.3936040501711995e+18,7.805,0.0,0,0,4,0,8422,0.0,45,0.0,0.0,0.0,0.0,0.0,0,0,0,0,0.0,0,0,0,0,0,0,0,0,0,0,0,0,0,0,0,0,0,0,0,0,0,0,0,0,0,0,0,0,0,0,0,0,0,38,14,7,45,65476,0,300,0,0,8,21553,0.0,-107605600.0,0.0,0.0,0.0,0.0,0.0,0.0,0.0,0.0,0.0,0.0,0.0,0.0,0.0,0.0,0.0,0.0,0.0,0.0,0.0,0.0,-2.004,-0.0,-0.0,-2.004,0.0,0.0,0.0,0.0,5040.0,2.422988192762658e+24,0.0,0.0,-0.0,0.0,-0.0,0.0,0.0,0.0,0.0,53,2.7184300208680915e+23,5.848056079300204e+35,0.0,0.0,0.0,0.0,0.0,0.0,0.0,0,0,0,0.0,0.0,0.0,0.0,0.0,0.0,0.0,0.0,0.0,0.0,0.0,0.0,0.0,0.0,0.0,0.0,0,-107875648.0,53,0.0,106,-107614832.0,-107350944.0,ERR,ERR,ERR,ERR,ERR,ERR,ERR,ERR,ERR,ERR,ERR,ERR,ERR,ERR,ERR,ERR,ERR,ERR,ERR,ERR,ERR,ERR,ERR,ERR,ERR,ERR,ERR,ERR,ERR,ERR,ERR,ERR,ERR,ERR,ERR,ERR,ERR,ERR,ERR,ERR,ERR,ERR,ERR,ERR,ERR,ERR,ERR,ERR,ERR,ERR,ERR,ERR,ERR,ERR,ERR,ERR,ERR,ERR,ERR,ERR,ERR,ERR,ERR,ERR,ERR,ERR,ERR,50.0,60.0,100,0.0,0.0,0.0,0.0,0.0,0.0,0.0,0.0,0.0,0.0,0.0,0.0,0.0,0.0,0.0,0.0,62.0,65,20,65521,50,65476,0,300,0,0,8,20529,65476,0,0,26214,60.0,0.0,0.0,0.0,0.0,0.0
2026-05-17T16:12:44,ERR,ERR,ERR,ERR,ERR,ERR,ERR,ERR,ERR,ERR,ERR,ERR,ERR,ERR,ERR,ERR,ERR,ERR,ERR,ERR,ERR,ERR,ERR,ERR,ERR,ERR,ERR,ERR,ERR,ERR,ERR,ERR,ERR,ERR,ERR,ERR,ERR,ERR,ERR,ERR,ERR,ERR,ERR,ERR,ERR,ERR,ERR,ERR,ERR,ERR,ERR,ERR,ERR,ERR,ERR,ERR,ERR,ERR,ERR,ERR,ERR,ERR,ERR,ERR,ERR,ERR,ERR,ERR,ERR,ERR,ERR,ERR,ERR,ERR,ERR,ERR,ERR,ERR,ERR,ERR,ERR,ERR,ERR,ERR,ERR,ERR,ERR,ERR,ERR,ERR,ERR,ERR,ERR,ERR,ERR,ERR,ERR,ERR,ERR,ERR,ERR,ERR,ERR,ERR,ERR,ERR,ERR,ERR,ERR,ERR,ERR,ERR,ERR,ERR,ERR,ERR,ERR,ERR,ERR,ERR,ERR,ERR,ERR,ERR,ERR,0.0,-0.0,-0.0,0.0,0.0,1.3936040501711995e+18,7.805,0.0,0,0,4,0,8422,0.0,45,0.0,0.0,0.0,0.0,0.0,0,0,0,0,0.0,0,0,0,0,0,0,0,0,0,0,0,0,0,0,0,0,0,0,0,0,0,0,0,0,0,0,0,0,0,0,0,0,0,38,14,7,45,65476,0,300,0,0,8,21553,0.0,-107605600.0,0.0,0.0,0.0,0.0,0.0,0.0,0.0,0.0,0.0,0.0,0.0,0.0,0.0,0.0,0.0,0.0,0.0,0.0,0.0,0.0,-2.004,-0.0,-0.0,-2.004,0.0,0.0,0.0,0.0,5040.0,2.422988192762658e+24,0.0,0.0,-0.0,0.0,-0.0,0.0,0.0,0.0,0.0,53,2.7184300208680915e+23,5.848056079300204e+35,0.0,0.0,0.0,0.0,0.0,0.0,0.0,0,0,0,0.0,0.0,0.0,0.0,0.0,0.0,0.0,0.0,0.0,0.0,0.0,0.0,0.0,0.0,0.0,0.0,0,-107875648.0,53,0.0,106,-107614832.0,-107350944.0,ERR,ERR,ERR,ERR,ERR,ERR,ERR,ERR,ERR,ERR,ERR,ERR,ERR,ERR,ERR,ERR,ERR,ERR,ERR,ERR,ERR,ERR,ERR,ERR,ERR,ERR,ERR,ERR,ERR,ERR,ERR,ERR,ERR,ERR,ERR,ERR,ERR,ERR,ERR,ERR,ERR,ERR,ERR,ERR,ERR,ERR,ERR,ERR,ERR,ERR,ERR,ERR,ERR,ERR,ERR,ERR,ERR,ERR,ERR,ERR,ERR,ERR,ERR,ERR,ERR,ERR,ERR,50.0,60.0,100,0.0,0.0,0.0,0.0,0.0,0.0,0.0,0.0,0.0,0.0,0.0,0.0,0.0,0.0,0.0,0.0,61.6,65,20,65521,50,65476,0,300,0,0,8,20529,65476,0,0,26214,60.0,0.0,0.0,0.0,0.0,0.0
2026-05-17T16:12:45,ERR,ERR,ERR,ERR,ERR,ERR,ERR,ERR,ERR,ERR,ERR,ERR,ERR,ERR,ERR,ERR,ERR,ERR,ERR,ERR,ERR,ERR,ERR,ERR,ERR,ERR,ERR,ERR,ERR,ERR,ERR,ERR,ERR,ERR,ERR,ERR,ERR,ERR,ERR,ERR,ERR,ERR,ERR,ERR,ERR,ERR,ERR,ERR,ERR,ERR,ERR,ERR,ERR,ERR,ERR,ERR,ERR,ERR,ERR,ERR,ERR,ERR,ERR,ERR,ERR,ERR,ERR,ERR,ERR,ERR,ERR,ERR,ERR,ERR,ERR,ERR,ERR,ERR,ERR,ERR,ERR,ERR,ERR,ERR,ERR,ERR,ERR,ERR,ERR,ERR,ERR,ERR,ERR,ERR,ERR,ERR,ERR,ERR,ERR,ERR,ERR,ERR,ERR,ERR,ERR,ERR,ERR,ERR,ERR,ERR,ERR,ERR,ERR,ERR,ERR,ERR,ERR,ERR,ERR,ERR,ERR,ERR,ERR,ERR,ERR,0.0,-0.0,-0.0,0.0,0.0,1.3936040501711995e+18,7.805,0.0,0,0,4,0,8422,0.0,45,0.0,0.0,0.0,0.0,0.0,0,0,0,0,0.0,0,0,0,0,0,0,0,0,0,0,0,0,0,0,0,0,0,0,0,0,0,0,0,0,0,0,0,0,0,0,0,0,0,38,14,7,45,65476,0,300,0,0,8,21553,0.0,-107605600.0,0.0,0.0,0.0,0.0,0.0,0.0,0.0,0.0,0.0,0.0,0.0,0.0,0.0,0.0,0.0,0.0,0.0,0.0,0.0,0.0,-2.004,-0.0,-0.0,-2.004,0.0,0.0,0.0,0.0,5040.0,2.422988192762658e+24,0.0,0.0,-0.0,0.0,-0.0,0.0,0.0,0.0,0.0,53,2.7184300208680915e+23,5.848056079300204e+35,0.0,0.0,0.0,0.0,0.0,0.0,0.0,0,0,0,0.0,0.0,0.0,0.0,0.0,0.0,0.0,0.0,0.0,0.0,0.0,0.0,0.0,0.0,0.0,0.0,0,-107875648.0,53,0.0,106,-107614832.0,-107350944.0,ERR,ERR,ERR,ERR,ERR,ERR,ERR,ERR,ERR,ERR,ERR,ERR,ERR,ERR,ERR,ERR,ERR,ERR,ERR,ERR,ERR,ERR,ERR,ERR,ERR,ERR,ERR,ERR,ERR,ERR,ERR,ERR,ERR,ERR,ERR,ERR,ERR,ERR,ERR,ERR,ERR,ERR,ERR,ERR,ERR,ERR,ERR,ERR,ERR,ERR,ERR,ERR,ERR,ERR,ERR,ERR,ERR,ERR,ERR,ERR,ERR,ERR,ERR,ERR,ERR,ERR,ERR,50.0,60.0,100,0.0,0.0,0.0,0.0,0.0,0.0,0.0,0.0,0.0,0.0,0.0,0.0,0.0,0.0,0.0,0.0,61.6,65,20,65521,50,65476,0,300,0,0,8,20529,65476,0,0,26214,60.0,0.0,0.0,0.0,0.0,0.0
2026-05-17T16:12:46,ERR,ERR,ERR,ERR,ERR,ERR,ERR,ERR,ERR,ERR,ERR,ERR,ERR,ERR,ERR,ERR,ERR,ERR,ERR,ERR,ERR,ERR,ERR,ERR,ERR,ERR,ERR,ERR,ERR,ERR,ERR,ERR,ERR,ERR,ERR,ERR,ERR,ERR,ERR,ERR,ERR,ERR,ERR,ERR,ERR,ERR,ERR,ERR,ERR,ERR,ERR,ERR,ERR,ERR,ERR,ERR,ERR,ERR,ERR,ERR,ERR,ERR,ERR,ERR,ERR,ERR,ERR,ERR,ERR,ERR,ERR,ERR,ERR,ERR,ERR,ERR,ERR,ERR,ERR,ERR,ERR,ERR,ERR,ERR,ERR,ERR,ERR,ERR,ERR,ERR,ERR,ERR,ERR,ERR,ERR,ERR,ERR,ERR,ERR,ERR,ERR,ERR,ERR,ERR,ERR,ERR,ERR,ERR,ERR,ERR,ERR,ERR,ERR,ERR,ERR,ERR,ERR,ERR,ERR,ERR,ERR,ERR,ERR,ERR,ERR,0.0,-0.0,-0.0,0.0,0.0,1.3936040501711995e+18,7.805,0.0,0,0,4,0,8422,0.0,45,0.0,0.0,0.0,0.0,0.0,0,0,0,0,0.0,0,0,0,0,0,0,0,0,0,0,0,0,0,0,0,0,0,0,0,0,0,0,0,0,0,0,0,0,0,0,0,0,0,38,14,7,45,65476,0,300,0,0,8,21553,0.0,-107605600.0,0.0,0.0,0.0,0.0,0.0,0.0,0.0,0.0,0.0,0.0,0.0,0.0,0.0,0.0,0.0,0.0,0.0,0.0,0.0,0.0,-2.004,-0.0,-0.0,-2.004,0.0,0.0,0.0,0.0,5040.0,2.422988192762658e+24,0.0,0.0,-0.0,0.0,-0.0,0.0,0.0,0.0,0.0,53,2.7184300208680915e+23,5.848056079300204e+35,0.0,0.0,0.0,0.0,0.0,0.0,0.0,0,0,0,0.0,0.0,0.0,0.0,0.0,0.0,0.0,0.0,0.0,0.0,0.0,0.0,0.0,0.0,0.0,0.0,0,-107875648.0,53,0.0,106,-107614832.0,-107350944.0,ERR,ERR,ERR,ERR,ERR,ERR,ERR,ERR,ERR,ERR,ERR,ERR,ERR,ERR,ERR,ERR,ERR,ERR,ERR,ERR,ERR,ERR,ERR,ERR,ERR,ERR,ERR,ERR,ERR,ERR,ERR,ERR,ERR,ERR,ERR,ERR,ERR,ERR,ERR,ERR,ERR,ERR,ERR,ERR,ERR,ERR,ERR,ERR,ERR,ERR,ERR,ERR,ERR,ERR,ERR,ERR,ERR,ERR,ERR,ERR,ERR,ERR,ERR,ERR,ERR,ERR,ERR,50.0,60.0,100,0.0,0.0,0.0,0.0,0.0,0.0,0.0,0.0,0.0,0.0,0.0,0.0,0.0,0.0,0.0,0.0,61.6,65,20,65521,50,65476,0,300,0,0,8,20529,65476,0,0,26214,60.0,0.0,0.0,0.0,0.0,0.0
2026-05-17T16:12:47,ERR,ERR,ERR,ERR,ERR,ERR,ERR,ERR,ERR,ERR,ERR,ERR,ERR,ERR,ERR,ERR,ERR,ERR,ERR,ERR,ERR,ERR,ERR,ERR,ERR,ERR,ERR,ERR,ERR,ERR,ERR,ERR,ERR,ERR,ERR,ERR,ERR,ERR,ERR,ERR,ERR,ERR,ERR,ERR,ERR,ERR,ERR,ERR,ERR,ERR,ERR,ERR,ERR,ERR,ERR,ERR,ERR,ERR,ERR,ERR,ERR,ERR,ERR,ERR,ERR,ERR,ERR,ERR,ERR,ERR,ERR,ERR,ERR,ERR,ERR,ERR,ERR,ERR,ERR,ERR,ERR,ERR,ERR,ERR,ERR,ERR,ERR,ERR,ERR,ERR,ERR,ERR,ERR,ERR,ERR,ERR,ERR,ERR,ERR,ERR,ERR,ERR,ERR,ERR,ERR,ERR,ERR,ERR,ERR,ERR,ERR,ERR,ERR,ERR,ERR,ERR,ERR,ERR,ERR,ERR,ERR,ERR,ERR,ERR,ERR,0.0,-0.0,-0.0,0.0,0.0,1.3936040501711995e+18,7.805,0.0,0,0,4,0,8422,0.0,45,0.0,0.0,0.0,0.0,0.0,0,0,0,0,0.0,0,0,0,0,0,0,0,0,0,0,0,0,0,0,0,0,0,0,0,0,0,0,0,0,0,0,0,0,0,0,0,0,0,38,14,7,45,65476,0,300,0,0,8,21553,0.0,-107605600.0,0.0,0.0,0.0,0.0,0.0,0.0,0.0,0.0,0.0,0.0,0.0,0.0,0.0,0.0,0.0,0.0,0.0,0.0,0.0,0.0,-2.004,-0.0,-0.0,-2.004,0.0,0.0,0.0,0.0,5040.0,2.422988192762658e+24,0.0,0.0,-0.0,0.0,-0.0,0.0,0.0,0.0,0.0,53,2.7184300208680915e+23,5.848056079300204e+35,0.0,0.0,0.0,0.0,0.0,0.0,0.0,0,0,0,0.0,0.0,0.0,0.0,0.0,0.0,0.0,0.0,0.0,0.0,0.0,0.0,0.0,0.0,0.0,0.0,0,-107875648.0,53,0.0,106,-107614832.0,-107350944.0,ERR,ERR,ERR,ERR,ERR,ERR,ERR,ERR,ERR,ERR,ERR,ERR,ERR,ERR,ERR,ERR,ERR,ERR,ERR,ERR,ERR,ERR,ERR,ERR,ERR,ERR,ERR,ERR,ERR,ERR,ERR,ERR,ERR,ERR,ERR,ERR,ERR,ERR,ERR,ERR,ERR,ERR,ERR,ERR,ERR,ERR,ERR,ERR,ERR,ERR,ERR,ERR,ERR,ERR,ERR,ERR,ERR,ERR,ERR,ERR,ERR,ERR,ERR,ERR,ERR,ERR,ERR,50.0,60.0,100,0.0,0.0,0.0,0.0,0.0,0.0,0.0,0.0,0.0,0.0,0.0,0.0,0.0,0.0,0.0,0.0,61.6,65,20,65521,50,65476,0,300,0,0,8,20529,65476,0,0,26214,60.0,0.0,0.0,0.0,0.0,0.0
2026-05-17T16:12:48,ERR,ERR,ERR,ERR,ERR,ERR,ERR,ERR,ERR,ERR,ERR,ERR,ERR,ERR,ERR,ERR,ERR,ERR,ERR,ERR,ERR,ERR,ERR,ERR,ERR,ERR,ERR,ERR,ERR,ERR,ERR,ERR,ERR,ERR,ERR,ERR,ERR,ERR,ERR,ERR,ERR,ERR,ERR,ERR,ERR,ERR,ERR,ERR,ERR,ERR,ERR,ERR,ERR,ERR,ERR,ERR,ERR,ERR,ERR,ERR,ERR,ERR,ERR,ERR,ERR,ERR,ERR,ERR,ERR,ERR,ERR,ERR,ERR,ERR,ERR,ERR,ERR,ERR,ERR,ERR,ERR,ERR,ERR,ERR,ERR,ERR,ERR,ERR,ERR,ERR,ERR,ERR,ERR,ERR,ERR,ERR,ERR,ERR,ERR,ERR,ERR,ERR,ERR,ERR,ERR,ERR,ERR,ERR,ERR,ERR,ERR,ERR,ERR,ERR,ERR,ERR,ERR,ERR,ERR,ERR,ERR,ERR,ERR,ERR,ERR,0.0,-0.0,-0.0,0.0,0.0,1.3936040501711995e+18,7.805,0.0,0,0,4,0,8422,0.0,45,0.0,0.0,0.0,0.0,0.0,0,0,0,0,0.0,0,0,0,0,0,0,0,0,0,0,0,0,0,0,0,0,0,0,0,0,0,0,0,0,0,0,0,0,0,0,0,0,0,38,14,7,45,65476,0,300,0,0,8,21553,0.0,-107605600.0,0.0,0.0,0.0,0.0,0.0,0.0,0.0,0.0,0.0,0.0,0.0,0.0,0.0,0.0,0.0,0.0,0.0,0.0,0.0,0.0,-2.004,-0.0,-0.0,-2.004,0.0,0.0,0.0,0.0,5041.0,8608183296.0,0.0,0.0,-0.0,0.0,2.718429120148166e+23,0.0,0.0,0.0,0.0,53,3.222028592685471e+26,1.9056860945658675e+17,0.0,0.0,0.0,0.0,0.0,0.0,0.0,0,0,0,0.0,0.0,0.0,0.0,0.0,0.0,0.0,0.0,0.0,0.0,0.0,0.0,0.0,0.0,0.0,0.0,0,-107875648.0,53,0.0,106,-107614832.0,-107350944.0,ERR,ERR,ERR,ERR,ERR,ERR,ERR,ERR,ERR,ERR,ERR,ERR,ERR,ERR,ERR,ERR,ERR,ERR,ERR,ERR,ERR,ERR,ERR,ERR,ERR,ERR,ERR,ERR,ERR,ERR,ERR,ERR,ERR,ERR,ERR,ERR,ERR,ERR,ERR,ERR,ERR,ERR,ERR,ERR,ERR,ERR,ERR,ERR,ERR,ERR,ERR,ERR,ERR,ERR,ERR,ERR,ERR,ERR,ERR,ERR,ERR,ERR,ERR,ERR,ERR,ERR,ERR,50.0,60.0,100,0.0,0.0,0.0,0.0,0.0,0.0,0.0,0.0,0.0,0.0,0.0,0.0,0.0,0.0,0.0,0.0,61.6,65,20,65521,50,65476,0,300,0,0,8,20529,65476,0,0,26214,60.0,0.0,0.0,0.0,0.0,0.0
2026-05-17T16:12:49,ERR,ERR,ERR,ERR,ERR,ERR,ERR,ERR,ERR,ERR,ERR,ERR,ERR,ERR,ERR,ERR,ERR,ERR,ERR,ERR,ERR,ERR,ERR,ERR,ERR,ERR,ERR,ERR,ERR,ERR,ERR,ERR,ERR,ERR,ERR,ERR,ERR,ERR,ERR,ERR,ERR,ERR,ERR,ERR,ERR,ERR,ERR,ERR,ERR,ERR,ERR,ERR,ERR,ERR,ERR,ERR,ERR,ERR,ERR,ERR,ERR,ERR,ERR,ERR,ERR,ERR,ERR,ERR,ERR,ERR,ERR,ERR,ERR,ERR,ERR,ERR,ERR,ERR,ERR,ERR,ERR,ERR,ERR,ERR,ERR,ERR,ERR,ERR,ERR,ERR,ERR,ERR,ERR,ERR,ERR,ERR,ERR,ERR,ERR,ERR,ERR,ERR,ERR,ERR,ERR,ERR,ERR,ERR,ERR,ERR,ERR,ERR,ERR,ERR,ERR,ERR,ERR,ERR,ERR,ERR,ERR,ERR,ERR,ERR,ERR,0.0,-0.0,-0.0,0.0,0.0,1.3936040501711995e+18,7.805,0.0,0,0,4,0,8422,0.0,45,0.0,0.0,0.0,0.0,0.0,0,0,0,0,0.0,0,0,0,0,0,0,0,0,0,0,0,0,0,0,0,0,0,0,0,0,0,0,0,0,0,0,0,0,0,0,0,0,0,38,14,7,45,65476,0,300,0,0,8,21553,0.0,-107605600.0,0.0,0.0,0.0,0.0,0.0,0.0,0.0,0.0,0.0,0.0,0.0,0.0,0.0,0.0,0.0,0.0,0.0,0.0,0.0,0.0,-2.004,-0.0,-0.0,-2.004,0.0,0.0,0.0,0.0,5041.0,8608183296.0,0.0,0.0,-0.0,0.0,2.718429120148166e+23,0.0,0.0,0.0,0.0,53,3.222028592685471e+26,1.9056860945658675e+17,0.0,0.0,0.0,0.0,0.0,0.0,0.0,0,0,0,0.0,0.0,0.0,0.0,0.0,0.0,0.0,0.0,0.0,0.0,0.0,0.0,0.0,0.0,0.0,0.0,0,-107875648.0,53,0.0,106,-107614832.0,-107350944.0,ERR,ERR,ERR,ERR,ERR,ERR,ERR,ERR,ERR,ERR,ERR,ERR,ERR,ERR,ERR,ERR,ERR,ERR,ERR,ERR,ERR,ERR,ERR,ERR,ERR,ERR,ERR,ERR,ERR,ERR,ERR,ERR,ERR,ERR,ERR,ERR,ERR,ERR,ERR,ERR,ERR,ERR,ERR,ERR,ERR,ERR,ERR,ERR,ERR,ERR,ERR,ERR,ERR,ERR,ERR,ERR,ERR,ERR,ERR,ERR,ERR,ERR,ERR,ERR,ERR,ERR,ERR,50.0,60.0,100,0.0,0.0,0.0,0.0,0.0,0.0,0.0,0.0,0.0,0.0,0.0,0.0,0.0,0.0,0.0,0.0,61.6,65,20,65521,50,65476,0,300,0,0,8,20529,65476,0,0,26214,60.0,0.0,0.0,0.0,0.0,0.0
2026-05-17T16:12:50,ERR,ERR,ERR,ERR,ERR,ERR,ERR,ERR,ERR,ERR,ERR,ERR,ERR,ERR,ERR,ERR,ERR,ERR,ERR,ERR,ERR,ERR,ERR,ERR,ERR,ERR,ERR,ERR,ERR,ERR,ERR,ERR,ERR,ERR,ERR,ERR,ERR,ERR,ERR,ERR,ERR,ERR,ERR,ERR,ERR,ERR,ERR,ERR,ERR,ERR,ERR,ERR,ERR,ERR,ERR,ERR,ERR,ERR,ERR,ERR,ERR,ERR,ERR,ERR,ERR,ERR,ERR,ERR,ERR,ERR,ERR,ERR,ERR,ERR,ERR,ERR,ERR,ERR,ERR,ERR,ERR,ERR,ERR,ERR,ERR,ERR,ERR,ERR,ERR,ERR,ERR,ERR,ERR,ERR,ERR,ERR,ERR,ERR,ERR,ERR,ERR,ERR,ERR,ERR,ERR,ERR,ERR,ERR,ERR,ERR,ERR,ERR,ERR,ERR,ERR,ERR,ERR,ERR,ERR,ERR,ERR,ERR,ERR,ERR,ERR,0.0,-0.0,-0.0,0.0,0.0,1.3936040501711995e+18,7.805,0.0,0,0,4,0,8422,0.0,45,0.0,0.0,0.0,0.0,0.0,0,0,0,0,0.0,0,0,0,0,0,0,0,0,0,0,0,0,0,0,0,0,0,0,0,0,0,0,0,0,0,0,0,0,0,0,0,0,0,38,14,7,45,65476,0,300,0,0,8,21553,0.0,-107605600.0,0.0,0.0,0.0,0.0,0.0,0.0,0.0,0.0,0.0,0.0,0.0,0.0,0.0,0.0,0.0,0.0,0.0,0.0,0.0,0.0,-2.004,-0.0,-0.0,-2.004,0.0,0.0,0.0,0.0,5041.0,8608183296.0,0.0,0.0,-0.0,0.0,2.718429120148166e+23,0.0,0.0,0.0,0.0,53,3.222028592685471e+26,1.9056860945658675e+17,0.0,0.0,0.0,0.0,0.0,0.0,0.0,0,0,0,0.0,0.0,0.0,0.0,0.0,0.0,0.0,0.0,0.0,0.0,0.0,0.0,0.0,0.0,0.0,0.0,0,-107875648.0,53,0.0,106,-107614832.0,-107350944.0,ERR,ERR,ERR,ERR,ERR,ERR,ERR,ERR,ERR,ERR,ERR,ERR,ERR,ERR,ERR,ERR,ERR,ERR,ERR,ERR,ERR,ERR,ERR,ERR,ERR,ERR,ERR,ERR,ERR,ERR,ERR,ERR,ERR,ERR,ERR,ERR,ERR,ERR,ERR,ERR,ERR,ERR,ERR,ERR,ERR,ERR,ERR,ERR,ERR,ERR,ERR,ERR,ERR,ERR,ERR,ERR,ERR,ERR,ERR,ERR,ERR,ERR,ERR,ERR,ERR,ERR,ERR,50.0,60.0,100,0.0,0.0,0.0,0.0,0.0,0.0,0.0,0.0,0.0,0.0,0.0,0.0,0.0,0.0,0.0,0.0,61.6,65,20,65521,50,65476,0,300,0,0,8,20529,65476,0,0,26214,60.0,0.0,0.0,0.0,0.0,0.0
2026-05-17T16:12:51,ERR,ERR,ERR,ERR,ERR,ERR,ERR,ERR,ERR,ERR,ERR,ERR,ERR,ERR,ERR,ERR,ERR,ERR,ERR,ERR,ERR,ERR,ERR,ERR,ERR,ERR,ERR,ERR,ERR,ERR,ERR,ERR,ERR,ERR,ERR,ERR,ERR,ERR,ERR,ERR,ERR,ERR,ERR,ERR,ERR,ERR,ERR,ERR,ERR,ERR,ERR,ERR,ERR,ERR,ERR,ERR,ERR,ERR,ERR,ERR,ERR,ERR,ERR,ERR,ERR,ERR,ERR,ERR,ERR,ERR,ERR,ERR,ERR,ERR,ERR,ERR,ERR,ERR,ERR,ERR,ERR,ERR,ERR,ERR,ERR,ERR,ERR,ERR,ERR,ERR,ERR,ERR,ERR,ERR,ERR,ERR,ERR,ERR,ERR,ERR,ERR,ERR,ERR,ERR,ERR,ERR,ERR,ERR,ERR,ERR,ERR,ERR,ERR,ERR,ERR,ERR,ERR,ERR,ERR,ERR,ERR,ERR,ERR,ERR,ERR,0.0,-0.0,-0.0,0.0,0.0,1.3936040501711995e+18,7.805,0.0,0,0,4,0,8422,0.0,45,0.0,0.0,0.0,0.0,0.0,0,0,0,0,0.0,0,0,0,0,0,0,0,0,0,0,0,0,0,0,0,0,0,0,0,0,0,0,0,0,0,0,0,0,0,0,0,0,0,38,14,7,45,65476,0,300,0,0,8,21553,0.0,-107605600.0,0.0,0.0,0.0,0.0,0.0,0.0,0.0,0.0,0.0,0.0,0.0,0.0,0.0,0.0,0.0,0.0,0.0,0.0,0.0,0.0,-2.004,-0.0,-0.0,-2.004,0.0,0.0,0.0,0.0,5041.0,8608183296.0,0.0,0.0,-0.0,0.0,2.718429120148166e+23,0.0,0.0,0.0,0.0,53,3.222028592685471e+26,1.9056860945658675e+17,0.0,0.0,0.0,0.0,0.0,0.0,0.0,0,0,0,0.0,0.0,0.0,0.0,0.0,0.0,0.0,0.0,0.0,0.0,0.0,0.0,0.0,0.0,0.0,0.0,0,-107875648.0,53,0.0,106,-107614832.0,-107350944.0,ERR,ERR,ERR,ERR,ERR,ERR,ERR,ERR,ERR,ERR,ERR,ERR,ERR,ERR,ERR,ERR,ERR,ERR,ERR,ERR,ERR,ERR,ERR,ERR,ERR,ERR,ERR,ERR,ERR,ERR,ERR,ERR,ERR,ERR,ERR,ERR,ERR,ERR,ERR,ERR,ERR,ERR,ERR,ERR,ERR,ERR,ERR,ERR,ERR,ERR,ERR,ERR,ERR,ERR,ERR,ERR,ERR,ERR,ERR,ERR,ERR,ERR,ERR,ERR,ERR,ERR,ERR,50.0,60.0,100,0.0,0.0,0.0,0.0,0.0,0.0,0.0,0.0,0.0,0.0,0.0,0.0,0.0,0.0,0.0,0.0,61.6,65,20,65521,50,65476,0,300,0,0,8,20529,65476,0,0,26214,60.0,0.0,0.0,0.0,0.0,0.0
2026-05-17T16:12:52,ERR,ERR,ERR,ERR,ERR,ERR,ERR,ERR,ERR,ERR,ERR,ERR,ERR,ERR,ERR,ERR,ERR,ERR,ERR,ERR,ERR,ERR,ERR,ERR,ERR,ERR,ERR,ERR,ERR,ERR,ERR,ERR,ERR,ERR,ERR,ERR,ERR,ERR,ERR,ERR,ERR,ERR,ERR,ERR,ERR,ERR,ERR,ERR,ERR,ERR,ERR,ERR,ERR,ERR,ERR,ERR,ERR,ERR,ERR,ERR,ERR,ERR,ERR,ERR,ERR,ERR,ERR,ERR,ERR,ERR,ERR,ERR,ERR,ERR,ERR,ERR,ERR,ERR,ERR,ERR,ERR,ERR,ERR,ERR,ERR,ERR,ERR,ERR,ERR,ERR,ERR,ERR,ERR,ERR,ERR,ERR,ERR,ERR,ERR,ERR,ERR,ERR,ERR,ERR,ERR,ERR,ERR,ERR,ERR,ERR,ERR,ERR,ERR,ERR,ERR,ERR,ERR,ERR,ERR,ERR,ERR,ERR,ERR,ERR,ERR,0.0,-0.0,-0.0,0.0,0.0,1.3936040501711995e+18,7.805,0.0,0,0,4,0,8422,0.0,45,0.0,0.0,0.0,0.0,0.0,0,0,0,0,0.0,0,0,0,0,0,0,0,0,0,0,0,0,0,0,0,0,0,0,0,0,0,0,0,0,0,0,0,0,0,0,0,0,0,38,14,7,45,65476,0,300,0,0,8,21553,0.0,-107605600.0,0.0,0.0,0.0,0.0,0.0,0.0,0.0,0.0,0.0,0.0,0.0,0.0,0.0,0.0,0.0,0.0,0.0,0.0,0.0,0.0,-2.004,-0.0,-0.0,-2.004,0.0,0.0,0.0,0.0,5041.0,8608183296.0,0.0,0.0,-0.0,0.0,2.718429120148166e+23,0.0,0.0,0.0,0.0,53,3.222028592685471e+26,1.9056860945658675e+17,0.0,0.0,0.0,0.0,0.0,0.0,0.0,0,0,0,0.0,0.0,0.0,0.0,0.0,0.0,0.0,0.0,0.0,0.0,0.0,0.0,0.0,0.0,0.0,0.0,0,-107875648.0,53,0.0,106,-107614832.0,-107350944.0,ERR,ERR,ERR,ERR,ERR,ERR,ERR,ERR,ERR,ERR,ERR,ERR,ERR,ERR,ERR,ERR,ERR,ERR,ERR,ERR,ERR,ERR,ERR,ERR,ERR,ERR,ERR,ERR,ERR,ERR,ERR,ERR,ERR,ERR,ERR,ERR,ERR,ERR,ERR,ERR,ERR,ERR,ERR,ERR,ERR,ERR,ERR,ERR,ERR,ERR,ERR,ERR,ERR,ERR,ERR,ERR,ERR,ERR,ERR,ERR,ERR,ERR,ERR,ERR,ERR,ERR,ERR,50.0,60.0,100,0.0,0.0,0.0,0.0,0.0,0.0,0.0,0.0,0.0,0.0,0.0,0.0,0.0,0.0,0.0,0.0,61.6,65,20,65521,50,65476,0,300,0,0,8,20529,65476,0,0,26214,60.0,0.0,0.0,0.0,0.0,0.0
2026-05-17T16:12:53,ERR,ERR,ERR,ERR,ERR,ERR,ERR,ERR,ERR,ERR,ERR,ERR,ERR,ERR,ERR,ERR,ERR,ERR,ERR,ERR,ERR,ERR,ERR,ERR,ERR,ERR,ERR,ERR,ERR,ERR,ERR,ERR,ERR,ERR,ERR,ERR,ERR,ERR,ERR,ERR,ERR,ERR,ERR,ERR,ERR,ERR,ERR,ERR,ERR,ERR,ERR,ERR,ERR,ERR,ERR,ERR,ERR,ERR,ERR,ERR,ERR,ERR,ERR,ERR,ERR,ERR,ERR,ERR,ERR,ERR,ERR,ERR,ERR,ERR,ERR,ERR,ERR,ERR,ERR,ERR,ERR,ERR,ERR,ERR,ERR,ERR,ERR,ERR,ERR,ERR,ERR,ERR,ERR,ERR,ERR,ERR,ERR,ERR,ERR,ERR,ERR,ERR,ERR,ERR,ERR,ERR,ERR,ERR,ERR,ERR,ERR,ERR,ERR,ERR,ERR,ERR,ERR,ERR,ERR,ERR,ERR,ERR,ERR,ERR,ERR,0.0,-107615288.0,-134474944.0,0.0,0.0,1.3936040501711995e+18,7.805,0.0,0,0,4,0,8422,0.0,45,0.0,0.0,0.0,0.0,0.0,0,0,0,0,0.0,0,0,0,0,0,0,0,0,0,0,0,0,0,0,0,0,0,0,0,0,0,0,0,0,0,0,0,0,0,0,0,0,0,38,14,7,45,65476,0,300,0,0,8,21553,0.0,-107605600.0,0.0,0.0,0.0,0.0,0.0,0.0,0.0,0.0,0.0,0.0,0.0,0.0,0.0,0.0,0.0,0.0,0.0,0.0,0.0,0.0,-2.004,-2.004,-0.0,-2.004,0.0,0.0,0.0,0.0,5007.0,-1.5879293531142762e+29,0.0,0.0,-0.0,0.0,-0.0,0.0,0.0,0.0,0.0,53,2.3088403658719416e+20,-2.3088280513417105e+20,0.0,0.0,0.0,0.0,0.0,0.0,0.0,0,0,0,0.0,0.0,0.0,0.0,0.0,0.0,0.0,0.0,0.0,0.0,0.0,0.0,0.0,0.0,0.0,0.0,0,-107875648.0,53,0.0,106,-107614832.0,-107350944.0,ERR,ERR,ERR,ERR,ERR,ERR,ERR,ERR,ERR,ERR,ERR,ERR,ERR,ERR,ERR,ERR,ERR,ERR,ERR,ERR,ERR,ERR,ERR,ERR,ERR,ERR,ERR,ERR,ERR,ERR,ERR,ERR,ERR,ERR,ERR,ERR,ERR,ERR,ERR,ERR,ERR,ERR,ERR,ERR,ERR,ERR,ERR,ERR,ERR,ERR,ERR,ERR,ERR,ERR,ERR,ERR,ERR,ERR,ERR,ERR,ERR,ERR,ERR,ERR,ERR,ERR,ERR,50.0,60.0,100,0.0,0.0,0.0,0.0,0.0,0.0,0.0,0.0,0.0,0.0,0.0,0.0,0.0,0.0,0.0,0.0,62.0,65,20,65521,50,65476,0,300,0,0,8,20529,65476,0,0,26214,60.0,0.0,0.0,0.0,0.0,0.0
2026-05-17T16:12:54,ERR,ERR,ERR,ERR,ERR,ERR,ERR,ERR,ERR,ERR,ERR,ERR,ERR,ERR,ERR,ERR,ERR,ERR,ERR,ERR,ERR,ERR,ERR,ERR,ERR,ERR,ERR,ERR,ERR,ERR,ERR,ERR,ERR,ERR,ERR,ERR,ERR,ERR,ERR,ERR,ERR,ERR,ERR,ERR,ERR,ERR,ERR,ERR,ERR,ERR,ERR,ERR,ERR,ERR,ERR,ERR,ERR,ERR,ERR,ERR,ERR,ERR,ERR,ERR,ERR,ERR,ERR,ERR,ERR,ERR,ERR,ERR,ERR,ERR,ERR,ERR,ERR,ERR,ERR,ERR,ERR,ERR,ERR,ERR,ERR,ERR,ERR,ERR,ERR,ERR,ERR,ERR,ERR,ERR,ERR,ERR,ERR,ERR,ERR,ERR,ERR,ERR,ERR,ERR,ERR,ERR,ERR,ERR,ERR,ERR,ERR,ERR,ERR,ERR,ERR,ERR,ERR,ERR,ERR,ERR,ERR,ERR,ERR,ERR,ERR,0.0,-107615288.0,-134474944.0,0.0,0.0,1.3936040501711995e+18,7.805,0.0,0,0,4,0,8422,0.0,45,0.0,0.0,0.0,0.0,0.0,0,0,0,0,0.0,0,0,0,0,0,0,0,0,0,0,0,0,0,0,0,0,0,0,0,0,0,0,0,0,0,0,0,0,0,0,0,0,0,38,14,7,45,65476,0,300,0,0,8,21553,0.0,-107605600.0,0.0,0.0,0.0,0.0,0.0,0.0,0.0,0.0,0.0,0.0,0.0,0.0,0.0,0.0,0.0,0.0,0.0,0.0,0.0,0.0,-2.004,-2.004,-0.0,-2.004,0.0,0.0,0.0,0.0,5007.0,-1.5879293531142762e+29,0.0,0.0,-0.0,0.0,-0.0,0.0,0.0,0.0,0.0,53,2.3088403658719416e+20,-2.3088280513417105e+20,0.0,0.0,0.0,0.0,0.0,0.0,0.0,0,0,0,0.0,0.0,0.0,0.0,0.0,0.0,0.0,0.0,0.0,0.0,0.0,0.0,0.0,0.0,0.0,0.0,0,-107875648.0,53,0.0,106,-107614832.0,-107350944.0,ERR,ERR,ERR,ERR,ERR,ERR,ERR,ERR,ERR,ERR,ERR,ERR,ERR,ERR,ERR,ERR,ERR,ERR,ERR,ERR,ERR,ERR,ERR,ERR,ERR,ERR,ERR,ERR,ERR,ERR,ERR,ERR,ERR,ERR,ERR,ERR,ERR,ERR,ERR,ERR,ERR,ERR,ERR,ERR,ERR,ERR,ERR,ERR,ERR,ERR,ERR,ERR,ERR,ERR,ERR,ERR,ERR,ERR,ERR,ERR,ERR,ERR,ERR,ERR,ERR,ERR,ERR,50.0,60.0,100,0.0,0.0,0.0,0.0,0.0,0.0,0.0,0.0,0.0,0.0,0.0,0.0,0.0,0.0,0.0,0.0,62.0,65,20,65521,50,65476,0,300,0,0,8,20529,65476,0,0,26214,60.0,0.0,0.0,0.0,0.0,0.0
2026-05-17T16:12:55,ERR,ERR,ERR,ERR,ERR,ERR,ERR,ERR,ERR,ERR,ERR,ERR,ERR,ERR,ERR,ERR,ERR,ERR,ERR,ERR,ERR,ERR,ERR,ERR,ERR,ERR,ERR,ERR,ERR,ERR,ERR,ERR,ERR,ERR,ERR,ERR,ERR,ERR,ERR,ERR,ERR,ERR,ERR,ERR,ERR,ERR,ERR,ERR,ERR,ERR,ERR,ERR,ERR,ERR,ERR,ERR,ERR,ERR,ERR,ERR,ERR,ERR,ERR,ERR,ERR,ERR,ERR,ERR,ERR,ERR,ERR,ERR,ERR,ERR,ERR,ERR,ERR,ERR,ERR,ERR,ERR,ERR,ERR,ERR,ERR,ERR,ERR,ERR,ERR,ERR,ERR,ERR,ERR,ERR,ERR,ERR,ERR,ERR,ERR,ERR,ERR,ERR,ERR,ERR,ERR,ERR,ERR,ERR,ERR,ERR,ERR,ERR,ERR,ERR,ERR,ERR,ERR,ERR,ERR,ERR,ERR,ERR,ERR,ERR,ERR,0.0,-107615288.0,-134474944.0,0.0,0.0,1.3936040501711995e+18,7.805,0.0,0,0,4,0,8422,0.0,45,0.0,0.0,0.0,0.0,0.0,0,0,0,0,0.0,0,0,0,0,0,0,0,0,0,0,0,0,0,0,0,0,0,0,0,0,0,0,0,0,0,0,0,0,0,0,0,0,0,38,14,7,45,65476,0,300,0,0,8,21553,0.0,-107605600.0,0.0,0.0,0.0,0.0,0.0,0.0,0.0,0.0,0.0,0.0,0.0,0.0,0.0,0.0,0.0,0.0,0.0,0.0,0.0,0.0,-2.004,-2.004,-0.0,-2.004,0.0,0.0,0.0,0.0,5007.0,-1.5879293531142762e+29,0.0,0.0,-0.0,0.0,-0.0,0.0,0.0,0.0,0.0,53,2.3088403658719416e+20,-2.3088280513417105e+20,0.0,0.0,0.0,0.0,0.0,0.0,0.0,0,0,0,0.0,0.0,0.0,0.0,0.0,0.0,0.0,0.0,0.0,0.0,0.0,0.0,0.0,0.0,0.0,0.0,0,-107875648.0,53,0.0,106,-107614832.0,-107350944.0,ERR,ERR,ERR,ERR,ERR,ERR,ERR,ERR,ERR,ERR,ERR,ERR,ERR,ERR,ERR,ERR,ERR,ERR,ERR,ERR,ERR,ERR,ERR,ERR,ERR,ERR,ERR,ERR,ERR,ERR,ERR,ERR,ERR,ERR,ERR,ERR,ERR,ERR,ERR,ERR,ERR,ERR,ERR,ERR,ERR,ERR,ERR,ERR,ERR,ERR,ERR,ERR,ERR,ERR,ERR,ERR,ERR,ERR,ERR,ERR,ERR,ERR,ERR,ERR,ERR,ERR,ERR,50.0,60.0,100,0.0,0.0,0.0,0.0,0.0,0.0,0.0,0.0,0.0,0.0,0.0,0.0,0.0,0.0,0.0,0.0,62.0,65,20,65521,50,65476,0,300,0,0,8,20529,65476,0,0,26214,60.0,0.0,0.0,0.0,0.0,0.0
2026-05-17T16:12:56,ERR,ERR,ERR,ERR,ERR,ERR,ERR,ERR,ERR,ERR,ERR,ERR,ERR,ERR,ERR,ERR,ERR,ERR,ERR,ERR,ERR,ERR,ERR,ERR,ERR,ERR,ERR,ERR,ERR,ERR,ERR,ERR,ERR,ERR,ERR,ERR,ERR,ERR,ERR,ERR,ERR,ERR,ERR,ERR,ERR,ERR,ERR,ERR,ERR,ERR,ERR,ERR,ERR,ERR,ERR,ERR,ERR,ERR,ERR,ERR,ERR,ERR,ERR,ERR,ERR,ERR,ERR,ERR,ERR,ERR,ERR,ERR,ERR,ERR,ERR,ERR,ERR,ERR,ERR,ERR,ERR,ERR,ERR,ERR,ERR,ERR,ERR,ERR,ERR,ERR,ERR,ERR,ERR,ERR,ERR,ERR,ERR,ERR,ERR,ERR,ERR,ERR,ERR,ERR,ERR,ERR,ERR,ERR,ERR,ERR,ERR,ERR,ERR,ERR,ERR,ERR,ERR,ERR,ERR,ERR,ERR,ERR,ERR,ERR,ERR,0.0,-107615288.0,-134474944.0,0.0,0.0,1.3936040501711995e+18,7.805,0.0,0,0,4,0,8422,0.0,45,0.0,0.0,0.0,0.0,0.0,0,0,0,0,0.0,0,0,0,0,0,0,0,0,0,0,0,0,0,0,0,0,0,0,0,0,0,0,0,0,0,0,0,0,0,0,0,0,0,38,14,7,45,65476,0,300,0,0,8,21553,0.0,-107605600.0,0.0,0.0,0.0,0.0,0.0,0.0,0.0,0.0,0.0,0.0,0.0,0.0,0.0,0.0,0.0,0.0,0.0,0.0,0.0,0.0,-2.004,-2.004,-0.0,-2.004,0.0,0.0,0.0,0.0,5007.0,-1.5879293531142762e+29,0.0,0.0,-0.0,0.0,-0.0,0.0,0.0,0.0,0.0,53,2.3088403658719416e+20,-2.3088280513417105e+20,0.0,0.0,0.0,0.0,0.0,0.0,0.0,0,0,0,0.0,0.0,0.0,0.0,0.0,0.0,0.0,0.0,0.0,0.0,0.0,0.0,0.0,0.0,0.0,0.0,0,-107875648.0,53,0.0,106,-107614832.0,-107350944.0,ERR,ERR,ERR,ERR,ERR,ERR,ERR,ERR,ERR,ERR,ERR,ERR,ERR,ERR,ERR,ERR,ERR,ERR,ERR,ERR,ERR,ERR,ERR,ERR,ERR,ERR,ERR,ERR,ERR,ERR,ERR,ERR,ERR,ERR,ERR,ERR,ERR,ERR,ERR,ERR,ERR,ERR,ERR,ERR,ERR,ERR,ERR,ERR,ERR,ERR,ERR,ERR,ERR,ERR,ERR,ERR,ERR,ERR,ERR,ERR,ERR,ERR,ERR,ERR,ERR,ERR,ERR,50.0,60.0,100,0.0,0.0,0.0,0.0,0.0,0.0,0.0,0.0,0.0,0.0,0.0,0.0,0.0,0.0,0.0,0.0,61.6,65,20,65521,50,65476,0,300,0,0,8,20529,65476,0,0,26214,60.0,0.0,0.0,0.0,0.0,0.0
2026-05-17T16:12:57,ERR,ERR,ERR,ERR,ERR,ERR,ERR,ERR,ERR,ERR,ERR,ERR,ERR,ERR,ERR,ERR,ERR,ERR,ERR,ERR,ERR,ERR,ERR,ERR,ERR,ERR,ERR,ERR,ERR,ERR,ERR,ERR,ERR,ERR,ERR,ERR,ERR,ERR,ERR,ERR,ERR,ERR,ERR,ERR,ERR,ERR,ERR,ERR,ERR,ERR,ERR,ERR,ERR,ERR,ERR,ERR,ERR,ERR,ERR,ERR,ERR,ERR,ERR,ERR,ERR,ERR,ERR,ERR,ERR,ERR,ERR,ERR,ERR,ERR,ERR,ERR,ERR,ERR,ERR,ERR,ERR,ERR,ERR,ERR,ERR,ERR,ERR,ERR,ERR,ERR,ERR,ERR,ERR,ERR,ERR,ERR,ERR,ERR,ERR,ERR,ERR,ERR,ERR,ERR,ERR,ERR,ERR,ERR,ERR,ERR,ERR,ERR,ERR,ERR,ERR,ERR,ERR,ERR,ERR,ERR,ERR,ERR,ERR,ERR,ERR,0.0,-107615288.0,-134474944.0,0.0,0.0,1.3936040501711995e+18,7.805,0.0,0,0,4,0,8422,0.0,45,0.0,0.0,0.0,0.0,0.0,0,0,0,0,0.0,0,0,0,0,0,0,0,0,0,0,0,0,0,0,0,0,0,0,0,0,0,0,0,0,0,0,0,0,0,0,0,0,0,38,14,7,45,65476,0,300,0,0,8,21553,0.0,-107605600.0,0.0,0.0,0.0,0.0,0.0,0.0,0.0,0.0,0.0,0.0,0.0,0.0,0.0,0.0,0.0,0.0,0.0,0.0,0.0,0.0,-2.004,-2.004,-0.0,-2.004,0.0,0.0,0.0,0.0,5007.0,-1.5879293531142762e+29,0.0,0.0,-0.0,0.0,-0.0,0.0,0.0,0.0,0.0,53,2.3088403658719416e+20,-2.3088280513417105e+20,0.0,0.0,0.0,0.0,0.0,0.0,0.0,0,0,0,0.0,0.0,0.0,0.0,0.0,0.0,0.0,0.0,0.0,0.0,0.0,0.0,0.0,0.0,0.0,0.0,0,-107875648.0,53,0.0,106,-107614832.0,-107350944.0,ERR,ERR,ERR,ERR,ERR,ERR,ERR,ERR,ERR,ERR,ERR,ERR,ERR,ERR,ERR,ERR,ERR,ERR,ERR,ERR,ERR,ERR,ERR,ERR,ERR,ERR,ERR,ERR,ERR,ERR,ERR,ERR,ERR,ERR,ERR,ERR,ERR,ERR,ERR,ERR,ERR,ERR,ERR,ERR,ERR,ERR,ERR,ERR,ERR,ERR,ERR,ERR,ERR,ERR,ERR,ERR,ERR,ERR,ERR,ERR,ERR,ERR,ERR,ERR,ERR,ERR,ERR,50.0,60.0,100,0.0,0.0,0.0,0.0,0.0,0.0,0.0,0.0,0.0,0.0,0.0,0.0,0.0,0.0,0.0,0.0,61.6,65,20,65521,50,65476,0,300,0,0,8,20529,65476,0,0,26214,60.0,0.0,0.0,0.0,0.0,0.0
2026-05-17T16:12:58,ERR,ERR,ERR,ERR,ERR,ERR,ERR,ERR,ERR,ERR,ERR,ERR,ERR,ERR,ERR,ERR,ERR,ERR,ERR,ERR,ERR,ERR,ERR,ERR,ERR,ERR,ERR,ERR,ERR,ERR,ERR,ERR,ERR,ERR,ERR,ERR,ERR,ERR,ERR,ERR,ERR,ERR,ERR,ERR,ERR,ERR,ERR,ERR,ERR,ERR,ERR,ERR,ERR,ERR,ERR,ERR,ERR,ERR,ERR,ERR,ERR,ERR,ERR,ERR,ERR,ERR,ERR,ERR,ERR,ERR,ERR,ERR,ERR,ERR,ERR,ERR,ERR,ERR,ERR,ERR,ERR,ERR,ERR,ERR,ERR,ERR,ERR,ERR,ERR,ERR,ERR,ERR,ERR,ERR,ERR,ERR,ERR,ERR,ERR,ERR,ERR,ERR,ERR,ERR,ERR,ERR,ERR,ERR,ERR,ERR,ERR,ERR,ERR,ERR,ERR,ERR,ERR,ERR,ERR,ERR,ERR,ERR,ERR,ERR,ERR,0.0,-0.0,-0.0,0.0,0.0,1.3936040501711995e+18,7.805,0.0,0,0,4,0,8422,0.0,45,0.0,0.0,0.0,0.0,0.0,0,0,0,0,0.0,0,0,0,0,0,0,0,0,0,0,0,0,0,0,0,0,0,0,0,0,0,0,0,0,0,0,0,0,0,0,0,0,0,38,14,7,45,65476,0,300,0,0,8,21553,0.0,-107605600.0,0.0,0.0,0.0,0.0,0.0,0.0,0.0,0.0,0.0,0.0,0.0,0.0,0.0,0.0,0.0,0.0,0.0,0.0,0.0,0.0,-2.004,-0.0,-0.0,0.0,0.0,0.0,0.0,0.0,5040.0,0.0,0.0,0.0,-107615288.0,0.0,-0.0,0.0,0.0,0.0,0.0,53,2.7184300208680915e+23,0.0,0.0,0.0,0.0,0.0,0.0,0.0,0.0,0,0,0,0.0,0.0,0.0,0.0,0.0,0.0,0.0,0.0,0.0,0.0,0.0,0.0,0.0,0.0,0.0,0.0,0,-107875648.0,53,0.0,106,-107614832.0,-107350944.0,ERR,ERR,ERR,ERR,ERR,ERR,ERR,ERR,ERR,ERR,ERR,ERR,ERR,ERR,ERR,ERR,ERR,ERR,ERR,ERR,ERR,ERR,ERR,ERR,ERR,ERR,ERR,ERR,ERR,ERR,ERR,ERR,ERR,ERR,ERR,ERR,ERR,ERR,ERR,ERR,ERR,ERR,ERR,ERR,ERR,ERR,ERR,ERR,ERR,ERR,ERR,ERR,ERR,ERR,ERR,ERR,ERR,ERR,ERR,ERR,ERR,ERR,ERR,ERR,ERR,ERR,ERR,50.0,60.0,100,0.0,0.0,0.0,0.0,0.0,0.0,0.0,0.0,0.0,0.0,0.0,0.0,0.0,0.0,0.0,0.0,61.6,65,20,65521,50,65476,0,300,0,0,8,20529,65476,0,0,26214,60.0,0.0,0.0,0.0,0.0,0.0
2026-05-17T16:12:59,ERR,ERR,ERR,ERR,ERR,ERR,ERR,ERR,ERR,ERR,ERR,ERR,ERR,ERR,ERR,ERR,ERR,ERR,ERR,ERR,ERR,ERR,ERR,ERR,ERR,ERR,ERR,ERR,ERR,ERR,ERR,ERR,ERR,ERR,ERR,ERR,ERR,ERR,ERR,ERR,ERR,ERR,ERR,ERR,ERR,ERR,ERR,ERR,ERR,ERR,ERR,ERR,ERR,ERR,ERR,ERR,ERR,ERR,ERR,ERR,ERR,ERR,ERR,ERR,ERR,ERR,ERR,ERR,ERR,ERR,ERR,ERR,ERR,ERR,ERR,ERR,ERR,ERR,ERR,ERR,ERR,ERR,ERR,ERR,ERR,ERR,ERR,ERR,ERR,ERR,ERR,ERR,ERR,ERR,ERR,ERR,ERR,ERR,ERR,ERR,ERR,ERR,ERR,ERR,ERR,ERR,ERR,ERR,ERR,ERR,ERR,ERR,ERR,ERR,ERR,ERR,ERR,ERR,ERR,ERR,ERR,ERR,ERR,ERR,ERR,0.0,-0.0,-0.0,0.0,0.0,1.3936040501711995e+18,7.805,0.0,0,0,4,0,8422,0.0,45,0.0,0.0,0.0,0.0,0.0,0,0,0,0,0.0,0,0,0,0,0,0,0,0,0,0,0,0,0,0,0,0,0,0,0,0,0,0,0,0,0,0,0,0,0,0,0,0,0,38,14,7,45,65476,0,300,0,0,8,21553,0.0,-107605600.0,0.0,0.0,0.0,0.0,0.0,0.0,0.0,0.0,0.0,0.0,0.0,0.0,0.0,0.0,0.0,0.0,0.0,0.0,0.0,0.0,-2.004,-0.0,-0.0,0.0,0.0,0.0,0.0,0.0,5040.0,0.0,0.0,0.0,-107615288.0,0.0,-0.0,0.0,0.0,0.0,0.0,53,2.7184300208680915e+23,0.0,0.0,0.0,0.0,0.0,0.0,0.0,0.0,0,0,0,0.0,0.0,0.0,0.0,0.0,0.0,0.0,0.0,0.0,0.0,0.0,0.0,0.0,0.0,0.0,0.0,0,-107875648.0,53,0.0,106,-107614832.0,-107350944.0,ERR,ERR,ERR,ERR,ERR,ERR,ERR,ERR,ERR,ERR,ERR,ERR,ERR,ERR,ERR,ERR,ERR,ERR,ERR,ERR,ERR,ERR,ERR,ERR,ERR,ERR,ERR,ERR,ERR,ERR,ERR,ERR,ERR,ERR,ERR,ERR,ERR,ERR,ERR,ERR,ERR,ERR,ERR,ERR,ERR,ERR,ERR,ERR,ERR,ERR,ERR,ERR,ERR,ERR,ERR,ERR,ERR,ERR,ERR,ERR,ERR,ERR,ERR,ERR,ERR,ERR,ERR,50.0,60.0,100,0.0,0.0,0.0,0.0,0.0,0.0,0.0,0.0,0.0,0.0,0.0,0.0,0.0,0.0,0.0,0.0,61.6,65,20,65521,50,65476,0,300,0,0,8,20529,65476,0,0,26214,60.0,0.0,0.0,0.0,0.0,0.0
2026-05-17T16:13:00,ERR,ERR,ERR,ERR,ERR,ERR,ERR,ERR,ERR,ERR,ERR,ERR,ERR,ERR,ERR,ERR,ERR,ERR,ERR,ERR,ERR,ERR,ERR,ERR,ERR,ERR,ERR,ERR,ERR,ERR,ERR,ERR,ERR,ERR,ERR,ERR,ERR,ERR,ERR,ERR,ERR,ERR,ERR,ERR,ERR,ERR,ERR,ERR,ERR,ERR,ERR,ERR,ERR,ERR,ERR,ERR,ERR,ERR,ERR,ERR,ERR,ERR,ERR,ERR,ERR,ERR,ERR,ERR,ERR,ERR,ERR,ERR,ERR,ERR,ERR,ERR,ERR,ERR,ERR,ERR,ERR,ERR,ERR,ERR,ERR,ERR,ERR,ERR,ERR,ERR,ERR,ERR,ERR,ERR,ERR,ERR,ERR,ERR,ERR,ERR,ERR,ERR,ERR,ERR,ERR,ERR,ERR,ERR,ERR,ERR,ERR,ERR,ERR,ERR,ERR,ERR,ERR,ERR,ERR,ERR,ERR,ERR,ERR,ERR,ERR,0.0,-0.0,-0.0,0.0,0.0,1.3936040501711995e+18,7.805,0.0,0,0,4,0,8422,0.0,45,0.0,0.0,0.0,0.0,0.0,0,0,0,0,0.0,0,0,0,0,0,0,0,0,0,0,0,0,0,0,0,0,0,0,0,0,0,0,0,0,0,0,0,0,0,0,0,0,0,38,14,7,45,65476,0,300,0,0,8,21553,0.0,-107605600.0,0.0,0.0,0.0,0.0,0.0,0.0,0.0,0.0,0.0,0.0,0.0,0.0,0.0,0.0,0.0,0.0,0.0,0.0,0.0,0.0,-2.004,-0.0,-0.0,0.0,0.0,0.0,0.0,0.0,5040.0,0.0,0.0,0.0,-107615288.0,0.0,-0.0,0.0,0.0,0.0,0.0,53,2.7184300208680915e+23,0.0,0.0,0.0,0.0,0.0,0.0,0.0,0.0,0,0,0,0.0,0.0,0.0,0.0,0.0,0.0,0.0,0.0,0.0,0.0,0.0,0.0,0.0,0.0,0.0,0.0,0,-107875648.0,53,0.0,106,-107614832.0,-107350944.0,ERR,ERR,ERR,ERR,ERR,ERR,ERR,ERR,ERR,ERR,ERR,ERR,ERR,ERR,ERR,ERR,ERR,ERR,ERR,ERR,ERR,ERR,ERR,ERR,ERR,ERR,ERR,ERR,ERR,ERR,ERR,ERR,ERR,ERR,ERR,ERR,ERR,ERR,ERR,ERR,ERR,ERR,ERR,ERR,ERR,ERR,ERR,ERR,ERR,ERR,ERR,ERR,ERR,ERR,ERR,ERR,ERR,ERR,ERR,ERR,ERR,ERR,ERR,ERR,ERR,ERR,ERR,50.0,60.0,100,0.0,0.0,0.0,0.0,0.0,0.0,0.0,0.0,0.0,0.0,0.0,0.0,0.0,0.0,0.0,0.0,61.6,65,20,65521,50,65476,0,300,0,0,8,20529,65476,0,0,26214,60.0,0.0,0.0,0.0,0.0,0.0
2026-05-17T16:13:01,ERR,ERR,ERR,ERR,ERR,ERR,ERR,ERR,ERR,ERR,ERR,ERR,ERR,ERR,ERR,ERR,ERR,ERR,ERR,ERR,ERR,ERR,ERR,ERR,ERR,ERR,ERR,ERR,ERR,ERR,ERR,ERR,ERR,ERR,ERR,ERR,ERR,ERR,ERR,ERR,ERR,ERR,ERR,ERR,ERR,ERR,ERR,ERR,ERR,ERR,ERR,ERR,ERR,ERR,ERR,ERR,ERR,ERR,ERR,ERR,ERR,ERR,ERR,ERR,ERR,ERR,ERR,ERR,ERR,ERR,ERR,ERR,ERR,ERR,ERR,ERR,ERR,ERR,ERR,ERR,ERR,ERR,ERR,ERR,ERR,ERR,ERR,ERR,ERR,ERR,ERR,ERR,ERR,ERR,ERR,ERR,ERR,ERR,ERR,ERR,ERR,ERR,ERR,ERR,ERR,ERR,ERR,ERR,ERR,ERR,ERR,ERR,ERR,ERR,ERR,ERR,ERR,ERR,ERR,ERR,ERR,ERR,ERR,ERR,ERR,0.0,-0.0,-0.0,0.0,0.0,1.3936040501711995e+18,7.805,0.0,0,0,4,0,8422,0.0,45,0.0,0.0,0.0,0.0,0.0,0,0,0,0,0.0,0,0,0,0,0,0,0,0,0,0,0,0,0,0,0,0,0,0,0,0,0,0,0,0,0,0,0,0,0,0,0,0,0,38,14,7,45,65476,0,300,0,0,8,21553,0.0,-107605600.0,0.0,0.0,0.0,0.0,0.0,0.0,0.0,0.0,0.0,0.0,0.0,0.0,0.0,0.0,0.0,0.0,0.0,0.0,0.0,0.0,-2.004,-0.0,-0.0,0.0,0.0,0.0,0.0,0.0,5040.0,0.0,0.0,0.0,-107615288.0,0.0,-0.0,0.0,0.0,0.0,0.0,53,2.7184300208680915e+23,0.0,0.0,0.0,0.0,0.0,0.0,0.0,0.0,0,0,0,0.0,0.0,0.0,0.0,0.0,0.0,0.0,0.0,0.0,0.0,0.0,0.0,0.0,0.0,0.0,0.0,0,-107875648.0,53,0.0,106,-107614832.0,-107350944.0,ERR,ERR,ERR,ERR,ERR,ERR,ERR,ERR,ERR,ERR,ERR,ERR,ERR,ERR,ERR,ERR,ERR,ERR,ERR,ERR,ERR,ERR,ERR,ERR,ERR,ERR,ERR,ERR,ERR,ERR,ERR,ERR,ERR,ERR,ERR,ERR,ERR,ERR,ERR,ERR,ERR,ERR,ERR,ERR,ERR,ERR,ERR,ERR,ERR,ERR,ERR,ERR,ERR,ERR,ERR,ERR,ERR,ERR,ERR,ERR,ERR,ERR,ERR,ERR,ERR,ERR,ERR,50.0,60.0,100,0.0,0.0,0.0,0.0,0.0,0.0,0.0,0.0,0.0,0.0,0.0,0.0,0.0,0.0,0.0,0.0,61.6,65,20,65521,50,65476,0,300,0,0,8,20529,65476,0,0,26214,60.0,0.0,0.0,0.0,0.0,0.0
2026-05-17T16:13:02,ERR,ERR,ERR,ERR,ERR,ERR,ERR,ERR,ERR,ERR,ERR,ERR,ERR,ERR,ERR,ERR,ERR,ERR,ERR,ERR,ERR,ERR,ERR,ERR,ERR,ERR,ERR,ERR,ERR,ERR,ERR,ERR,ERR,ERR,ERR,ERR,ERR,ERR,ERR,ERR,ERR,ERR,ERR,ERR,ERR,ERR,ERR,ERR,ERR,ERR,ERR,ERR,ERR,ERR,ERR,ERR,ERR,ERR,ERR,ERR,ERR,ERR,ERR,ERR,ERR,ERR,ERR,ERR,ERR,ERR,ERR,ERR,ERR,ERR,ERR,ERR,ERR,ERR,ERR,ERR,ERR,ERR,ERR,ERR,ERR,ERR,ERR,ERR,ERR,ERR,ERR,ERR,ERR,ERR,ERR,ERR,ERR,ERR,ERR,ERR,ERR,ERR,ERR,ERR,ERR,ERR,ERR,ERR,ERR,ERR,ERR,ERR,ERR,ERR,ERR,ERR,ERR,ERR,ERR,ERR,ERR,ERR,ERR,ERR,ERR,0.0,-0.0,-0.0,0.0,0.0,1.3936040501711995e+18,7.805,0.0,0,0,4,0,8422,0.0,45,0.0,0.0,0.0,0.0,0.0,0,0,0,0,0.0,0,0,0,0,0,0,0,0,0,0,0,0,0,0,0,0,0,0,0,0,0,0,0,0,0,0,0,0,0,0,0,0,0,38,14,7,45,65476,0,300,0,0,8,21553,0.0,-107605600.0,0.0,0.0,0.0,0.0,0.0,0.0,0.0,0.0,0.0,0.0,0.0,0.0,0.0,0.0,0.0,0.0,0.0,0.0,0.0,0.0,-2.004,-0.0,-0.0,0.0,0.0,0.0,0.0,0.0,5040.0,0.0,0.0,0.0,-107615288.0,0.0,-0.0,0.0,0.0,0.0,0.0,53,2.7184300208680915e+23,0.0,0.0,0.0,0.0,0.0,0.0,0.0,0.0,0,0,0,0.0,0.0,0.0,0.0,0.0,0.0,0.0,0.0,0.0,0.0,0.0,0.0,0.0,0.0,0.0,0.0,0,-107875648.0,53,0.0,106,-107614832.0,-107350944.0,ERR,ERR,ERR,ERR,ERR,ERR,ERR,ERR,ERR,ERR,ERR,ERR,ERR,ERR,ERR,ERR,ERR,ERR,ERR,ERR,ERR,ERR,ERR,ERR,ERR,ERR,ERR,ERR,ERR,ERR,ERR,ERR,ERR,ERR,ERR,ERR,ERR,ERR,ERR,ERR,ERR,ERR,ERR,ERR,ERR,ERR,ERR,ERR,ERR,ERR,ERR,ERR,ERR,ERR,ERR,ERR,ERR,ERR,ERR,ERR,ERR,ERR,ERR,ERR,ERR,ERR,ERR,50.0,60.0,100,0.0,0.0,0.0,0.0,0.0,0.0,0.0,0.0,0.0,0.0,0.0,0.0,0.0,0.0,0.0,0.0,61.6,65,20,65521,50,65476,0,300,0,0,8,20529,65476,0,0,26214,60.0,0.0,0.0,0.0,0.0,0.0
2026-05-17T16:13:03,ERR,ERR,ERR,ERR,ERR,ERR,ERR,ERR,ERR,ERR,ERR,ERR,ERR,ERR,ERR,ERR,ERR,ERR,ERR,ERR,ERR,ERR,ERR,ERR,ERR,ERR,ERR,ERR,ERR,ERR,ERR,ERR,ERR,ERR,ERR,ERR,ERR,ERR,ERR,ERR,ERR,ERR,ERR,ERR,ERR,ERR,ERR,ERR,ERR,ERR,ERR,ERR,ERR,ERR,ERR,ERR,ERR,ERR,ERR,ERR,ERR,ERR,ERR,ERR,ERR,ERR,ERR,ERR,ERR,ERR,ERR,ERR,ERR,ERR,ERR,ERR,ERR,ERR,ERR,ERR,ERR,ERR,ERR,ERR,ERR,ERR,ERR,ERR,ERR,ERR,ERR,ERR,ERR,ERR,ERR,ERR,ERR,ERR,ERR,ERR,ERR,ERR,ERR,ERR,ERR,ERR,ERR,ERR,ERR,ERR,ERR,ERR,ERR,ERR,ERR,ERR,ERR,ERR,ERR,ERR,ERR,ERR,ERR,ERR,ERR,0.0,-0.0,-0.0,0.0,0.0,1.3936040501711995e+18,7.805,0.0,0,0,4,0,8422,0.0,45,0.0,0.0,0.0,0.0,0.0,0,0,0,0,0.0,0,0,0,0,0,0,0,0,0,0,0,0,0,0,0,0,0,0,0,0,0,0,0,0,0,0,0,0,0,0,0,0,0,38,14,7,45,65476,0,300,0,0,8,21553,0.0,-107605600.0,0.0,0.0,0.0,0.0,0.0,0.0,0.0,0.0,0.0,0.0,0.0,0.0,0.0,0.0,0.0,0.0,0.0,0.0,0.0,0.0,-2.004,-0.0,-0.0,0.0,0.0,0.0,0.0,0.0,5035.0,564145900486656.0,0.0,0.0,-107615288.0,0.0,-0.0,0.0,0.0,0.0,0.0,53,107615344.0,2.71841759093312e+23,0.0,0.0,0.0,0.0,0.0,0.0,0.0,0,0,0,0.0,0.0,0.0,0.0,0.0,0.0,0.0,0.0,0.0,0.0,0.0,0.0,0.0,0.0,0.0,0.0,0,-107875648.0,53,0.0,106,-107614832.0,-107350944.0,ERR,ERR,ERR,ERR,ERR,ERR,ERR,ERR,ERR,ERR,ERR,ERR,ERR,ERR,ERR,ERR,ERR,ERR,ERR,ERR,ERR,ERR,ERR,ERR,ERR,ERR,ERR,ERR,ERR,ERR,ERR,ERR,ERR,ERR,ERR,ERR,ERR,ERR,ERR,ERR,ERR,ERR,ERR,ERR,ERR,ERR,ERR,ERR,ERR,ERR,ERR,ERR,ERR,ERR,ERR,ERR,ERR,ERR,ERR,ERR,ERR,ERR,ERR,ERR,ERR,ERR,ERR,50.0,60.0,100,0.0,0.0,0.0,0.0,0.0,0.0,0.0,0.0,0.0,0.0,0.0,0.0,0.0,0.0,0.0,0.0,61.6,65,20,65521,50,65476,0,300,0,0,8,20529,65476,0,0,26214,60.0,0.0,0.0,0.0,0.0,0.0
2026-05-17T16:13:04,ERR,ERR,ERR,ERR,ERR,ERR,ERR,ERR,ERR,ERR,ERR,ERR,ERR,ERR,ERR,ERR,ERR,ERR,ERR,ERR,ERR,ERR,ERR,ERR,ERR,ERR,ERR,ERR,ERR,ERR,ERR,ERR,ERR,ERR,ERR,ERR,ERR,ERR,ERR,ERR,ERR,ERR,ERR,ERR,ERR,ERR,ERR,ERR,ERR,ERR,ERR,ERR,ERR,ERR,ERR,ERR,ERR,ERR,ERR,ERR,ERR,ERR,ERR,ERR,ERR,ERR,ERR,ERR,ERR,ERR,ERR,ERR,ERR,ERR,ERR,ERR,ERR,ERR,ERR,ERR,ERR,ERR,ERR,ERR,ERR,ERR,ERR,ERR,ERR,ERR,ERR,ERR,ERR,ERR,ERR,ERR,ERR,ERR,ERR,ERR,ERR,ERR,ERR,ERR,ERR,ERR,ERR,ERR,ERR,ERR,ERR,ERR,ERR,ERR,ERR,ERR,ERR,ERR,ERR,ERR,ERR,ERR,ERR,ERR,ERR,0.0,-0.0,-0.0,0.0,0.0,1.3936040501711995e+18,7.805,0.0,0,0,4,0,8422,0.0,45,0.0,0.0,0.0,0.0,0.0,0,0,0,0,0.0,0,0,0,0,0,0,0,0,0,0,0,0,0,0,0,0,0,0,0,0,0,0,0,0,0,0,0,0,0,0,0,0,0,38,14,7,45,65476,0,300,0,0,8,21553,0.0,-107605600.0,0.0,0.0,0.0,0.0,0.0,0.0,0.0,0.0,0.0,0.0,0.0,0.0,0.0,0.0,0.0,0.0,0.0,0.0,0.0,0.0,-2.004,-0.0,-0.0,0.0,0.0,0.0,0.0,0.0,5035.0,564145900486656.0,0.0,0.0,-107615288.0,0.0,-0.0,0.0,0.0,0.0,0.0,53,107615344.0,2.71841759093312e+23,0.0,0.0,0.0,0.0,0.0,0.0,0.0,0,0,0,0.0,0.0,0.0,0.0,0.0,0.0,0.0,0.0,0.0,0.0,0.0,0.0,0.0,0.0,0.0,0.0,0,-107875648.0,53,0.0,106,-107614832.0,-107350944.0,ERR,ERR,ERR,ERR,ERR,ERR,ERR,ERR,ERR,ERR,ERR,ERR,ERR,ERR,ERR,ERR,ERR,ERR,ERR,ERR,ERR,ERR,ERR,ERR,ERR,ERR,ERR,ERR,ERR,ERR,ERR,ERR,ERR,ERR,ERR,ERR,ERR,ERR,ERR,ERR,ERR,ERR,ERR,ERR,ERR,ERR,ERR,ERR,ERR,ERR,ERR,ERR,ERR,ERR,ERR,ERR,ERR,ERR,ERR,ERR,ERR,ERR,ERR,ERR,ERR,ERR,ERR,50.0,60.0,100,0.0,0.0,0.0,0.0,0.0,0.0,0.0,0.0,0.0,0.0,0.0,0.0,0.0,0.0,0.0,0.0,61.6,65,20,65521,50,65476,0,300,0,0,8,20529,65476,0,0,26214,60.0,0.0,0.0,0.0,0.0,0.0
2026-05-17T16:13:05,ERR,ERR,ERR,ERR,ERR,ERR,ERR,ERR,ERR,ERR,ERR,ERR,ERR,ERR,ERR,ERR,ERR,ERR,ERR,ERR,ERR,ERR,ERR,ERR,ERR,ERR,ERR,ERR,ERR,ERR,ERR,ERR,ERR,ERR,ERR,ERR,ERR,ERR,ERR,ERR,ERR,ERR,ERR,ERR,ERR,ERR,ERR,ERR,ERR,ERR,ERR,ERR,ERR,ERR,ERR,ERR,ERR,ERR,ERR,ERR,ERR,ERR,ERR,ERR,ERR,ERR,ERR,ERR,ERR,ERR,ERR,ERR,ERR,ERR,ERR,ERR,ERR,ERR,ERR,ERR,ERR,ERR,ERR,ERR,ERR,ERR,ERR,ERR,ERR,ERR,ERR,ERR,ERR,ERR,ERR,ERR,ERR,ERR,ERR,ERR,ERR,ERR,ERR,ERR,ERR,ERR,ERR,ERR,ERR,ERR,ERR,ERR,ERR,ERR,ERR,ERR,ERR,ERR,ERR,ERR,ERR,ERR,ERR,ERR,ERR,0.0,-0.0,-0.0,0.0,0.0,1.3936040501711995e+18,7.805,0.0,0,0,4,0,8422,0.0,45,0.0,0.0,0.0,0.0,0.0,0,0,0,0,0.0,0,0,0,0,0,0,0,0,0,0,0,0,0,0,0,0,0,0,0,0,0,0,0,0,0,0,0,0,0,0,0,0,0,38,14,7,45,65476,0,300,0,0,8,21553,0.0,-107605600.0,0.0,0.0,0.0,0.0,0.0,0.0,0.0,0.0,0.0,0.0,0.0,0.0,0.0,0.0,0.0,0.0,0.0,0.0,0.0,0.0,-2.004,-0.0,-0.0,0.0,0.0,0.0,0.0,0.0,5035.0,564145900486656.0,0.0,0.0,-107615288.0,0.0,-0.0,0.0,0.0,0.0,0.0,53,107615344.0,2.71841759093312e+23,0.0,0.0,0.0,0.0,0.0,0.0,0.0,0,0,0,0.0,0.0,0.0,0.0,0.0,0.0,0.0,0.0,0.0,0.0,0.0,0.0,0.0,0.0,0.0,0.0,0,-107875648.0,53,0.0,106,-107614832.0,-107350944.0,ERR,ERR,ERR,ERR,ERR,ERR,ERR,ERR,ERR,ERR,ERR,ERR,ERR,ERR,ERR,ERR,ERR,ERR,ERR,ERR,ERR,ERR,ERR,ERR,ERR,ERR,ERR,ERR,ERR,ERR,ERR,ERR,ERR,ERR,ERR,ERR,ERR,ERR,ERR,ERR,ERR,ERR,ERR,ERR,ERR,ERR,ERR,ERR,ERR,ERR,ERR,ERR,ERR,ERR,ERR,ERR,ERR,ERR,ERR,ERR,ERR,ERR,ERR,ERR,ERR,ERR,ERR,50.0,60.0,100,0.0,0.0,0.0,0.0,0.0,0.0,0.0,0.0,0.0,0.0,0.0,0.0,0.0,0.0,0.0,0.0,62.0,65,20,65521,50,65476,0,300,0,0,8,20529,65476,0,0,26214,60.0,0.0,0.0,0.0,0.0,0.0
2026-05-17T16:13:06,ERR,ERR,ERR,ERR,ERR,ERR,ERR,ERR,ERR,ERR,ERR,ERR,ERR,ERR,ERR,ERR,ERR,ERR,ERR,ERR,ERR,ERR,ERR,ERR,ERR,ERR,ERR,ERR,ERR,ERR,ERR,ERR,ERR,ERR,ERR,ERR,ERR,ERR,ERR,ERR,ERR,ERR,ERR,ERR,ERR,ERR,ERR,ERR,ERR,ERR,ERR,ERR,ERR,ERR,ERR,ERR,ERR,ERR,ERR,ERR,ERR,ERR,ERR,ERR,ERR,ERR,ERR,ERR,ERR,ERR,ERR,ERR,ERR,ERR,ERR,ERR,ERR,ERR,ERR,ERR,ERR,ERR,ERR,ERR,ERR,ERR,ERR,ERR,ERR,ERR,ERR,ERR,ERR,ERR,ERR,ERR,ERR,ERR,ERR,ERR,ERR,ERR,ERR,ERR,ERR,ERR,ERR,ERR,ERR,ERR,ERR,ERR,ERR,ERR,ERR,ERR,ERR,ERR,ERR,ERR,ERR,ERR,ERR,ERR,ERR,0.0,-0.0,-0.0,0.0,0.0,1.3936040501711995e+18,7.805,0.0,0,0,4,0,8422,0.0,45,0.0,0.0,0.0,0.0,0.0,0,0,0,0,0.0,0,0,0,0,0,0,0,0,0,0,0,0,0,0,0,0,0,0,0,0,0,0,0,0,0,0,0,0,0,0,0,0,0,38,14,7,45,65476,0,300,0,0,8,21553,0.0,-107605600.0,0.0,0.0,0.0,0.0,0.0,0.0,0.0,0.0,0.0,0.0,0.0,0.0,0.0,0.0,0.0,0.0,0.0,0.0,0.0,0.0,-2.004,-0.0,-0.0,0.0,0.0,0.0,0.0,0.0,5035.0,564145900486656.0,0.0,0.0,-107615288.0,0.0,-0.0,0.0,0.0,0.0,0.0,53,107615344.0,2.71841759093312e+23,0.0,0.0,0.0,0.0,0.0,0.0,0.0,0,0,0,0.0,0.0,0.0,0.0,0.0,0.0,0.0,0.0,0.0,0.0,0.0,0.0,0.0,0.0,0.0,0.0,0,-107875648.0,53,0.0,106,-107614832.0,-107350944.0,ERR,ERR,ERR,ERR,ERR,ERR,ERR,ERR,ERR,ERR,ERR,ERR,ERR,ERR,ERR,ERR,ERR,ERR,ERR,ERR,ERR,ERR,ERR,ERR,ERR,ERR,ERR,ERR,ERR,ERR,ERR,ERR,ERR,ERR,ERR,ERR,ERR,ERR,ERR,ERR,ERR,ERR,ERR,ERR,ERR,ERR,ERR,ERR,ERR,ERR,ERR,ERR,ERR,ERR,ERR,ERR,ERR,ERR,ERR,ERR,ERR,ERR,ERR,ERR,ERR,ERR,ERR,50.0,60.0,100,0.0,0.0,0.0,0.0,0.0,0.0,0.0,0.0,0.0,0.0,0.0,0.0,0.0,0.0,0.0,0.0,62.0,65,20,65521,50,65476,0,300,0,0,8,20529,65476,0,0,26214,60.0,0.0,0.0,0.0,0.0,0.0
2026-05-17T16:13:07,ERR,ERR,ERR,ERR,ERR,ERR,ERR,ERR,ERR,ERR,ERR,ERR,ERR,ERR,ERR,ERR,ERR,ERR,ERR,ERR,ERR,ERR,ERR,ERR,ERR,ERR,ERR,ERR,ERR,ERR,ERR,ERR,ERR,ERR,ERR,ERR,ERR,ERR,ERR,ERR,ERR,ERR,ERR,ERR,ERR,ERR,ERR,ERR,ERR,ERR,ERR,ERR,ERR,ERR,ERR,ERR,ERR,ERR,ERR,ERR,ERR,ERR,ERR,ERR,ERR,ERR,ERR,ERR,ERR,ERR,ERR,ERR,ERR,ERR,ERR,ERR,ERR,ERR,ERR,ERR,ERR,ERR,ERR,ERR,ERR,ERR,ERR,ERR,ERR,ERR,ERR,ERR,ERR,ERR,ERR,ERR,ERR,ERR,ERR,ERR,ERR,ERR,ERR,ERR,ERR,ERR,ERR,ERR,ERR,ERR,ERR,ERR,ERR,ERR,ERR,ERR,ERR,ERR,ERR,ERR,ERR,ERR,ERR,ERR,ERR,0.0,-0.0,-0.0,0.0,0.0,1.3936040501711995e+18,7.805,0.0,0,0,4,0,8422,0.0,45,0.0,0.0,0.0,0.0,0.0,0,0,0,0,0.0,0,0,0,0,0,0,0,0,0,0,0,0,0,0,0,0,0,0,0,0,0,0,0,0,0,0,0,0,0,0,0,0,0,38,14,7,45,65476,0,300,0,0,8,21553,0.0,-107605600.0,0.0,0.0,0.0,0.0,0.0,0.0,0.0,0.0,0.0,0.0,0.0,0.0,0.0,0.0,0.0,0.0,0.0,0.0,0.0,0.0,-2.004,-0.0,-0.0,0.0,0.0,0.0,0.0,0.0,5035.0,564145900486656.0,0.0,0.0,-107615288.0,0.0,-0.0,0.0,0.0,0.0,0.0,53,107615344.0,2.71841759093312e+23,0.0,0.0,0.0,0.0,0.0,0.0,0.0,0,0,0,0.0,0.0,0.0,0.0,0.0,0.0,0.0,0.0,0.0,0.0,0.0,0.0,0.0,0.0,0.0,0.0,0,-107875648.0,53,0.0,106,-107614832.0,-107350944.0,ERR,ERR,ERR,ERR,ERR,ERR,ERR,ERR,ERR,ERR,ERR,ERR,ERR,ERR,ERR,ERR,ERR,ERR,ERR,ERR,ERR,ERR,ERR,ERR,ERR,ERR,ERR,ERR,ERR,ERR,ERR,ERR,ERR,ERR,ERR,ERR,ERR,ERR,ERR,ERR,ERR,ERR,ERR,ERR,ERR,ERR,ERR,ERR,ERR,ERR,ERR,ERR,ERR,ERR,ERR,ERR,ERR,ERR,ERR,ERR,ERR,ERR,ERR,ERR,ERR,ERR,ERR,50.0,60.0,100,0.0,0.0,0.0,0.0,0.0,0.0,0.0,0.0,0.0,0.0,0.0,0.0,0.0,0.0,0.0,0.0,62.0,65,20,65521,50,65476,0,300,0,0,8,20529,65476,0,0,26214,60.0,0.0,0.0,0.0,0.0,0.0
2026-05-17T16:13:08,ERR,ERR,ERR,ERR,ERR,ERR,ERR,ERR,ERR,ERR,ERR,ERR,ERR,ERR,ERR,ERR,ERR,ERR,ERR,ERR,ERR,ERR,ERR,ERR,ERR,ERR,ERR,ERR,ERR,ERR,ERR,ERR,ERR,ERR,ERR,ERR,ERR,ERR,ERR,ERR,ERR,ERR,ERR,ERR,ERR,ERR,ERR,ERR,ERR,ERR,ERR,ERR,ERR,ERR,ERR,ERR,ERR,ERR,ERR,ERR,ERR,ERR,ERR,ERR,ERR,ERR,ERR,ERR,ERR,ERR,ERR,ERR,ERR,ERR,ERR,ERR,ERR,ERR,ERR,ERR,ERR,ERR,ERR,ERR,ERR,ERR,ERR,ERR,ERR,ERR,ERR,ERR,ERR,ERR,ERR,ERR,ERR,ERR,ERR,ERR,ERR,ERR,ERR,ERR,ERR,ERR,ERR,ERR,ERR,ERR,ERR,ERR,ERR,ERR,ERR,ERR,ERR,ERR,ERR,ERR,ERR,ERR,ERR,ERR,ERR,0.0,-0.0,-0.0,0.0,0.0,1.3936040501711995e+18,7.805,0.0,0,0,4,0,8422,0.0,45,0.0,0.0,0.0,0.0,0.0,0,0,0,0,0.0,0,0,0,0,0,0,0,0,0,0,0,0,0,0,0,0,0,0,0,0,0,0,0,0,0,0,0,0,0,0,0,0,0,38,14,7,45,65476,0,300,0,0,8,21553,0.0,-107605600.0,0.0,0.0,0.0,0.0,0.0,0.0,0.0,0.0,0.0,0.0,0.0,0.0,0.0,0.0,0.0,0.0,0.0,0.0,0.0,0.0,-2.004,-2.004,-0.0,-2.004,0.0,0.0,0.0,0.0,5037.0,-3.697186573429349e+19,0.0,0.0,-107615288.0,0.0,2.718429120148166e+23,0.0,0.0,0.0,0.0,53,152018454839296.0,0.0,0.0,0.0,0.0,0.0,0.0,0.0,0.0,0,0,0,0.0,0.0,0.0,0.0,0.0,0.0,0.0,0.0,0.0,0.0,0.0,0.0,0.0,0.0,0.0,0.0,0,-107875648.0,53,0.0,106,-107614832.0,-107350944.0,ERR,ERR,ERR,ERR,ERR,ERR,ERR,ERR,ERR,ERR,ERR,ERR,ERR,ERR,ERR,ERR,ERR,ERR,ERR,ERR,ERR,ERR,ERR,ERR,ERR,ERR,ERR,ERR,ERR,ERR,ERR,ERR,ERR,ERR,ERR,ERR,ERR,ERR,ERR,ERR,ERR,ERR,ERR,ERR,ERR,ERR,ERR,ERR,ERR,ERR,ERR,ERR,ERR,ERR,ERR,ERR,ERR,ERR,ERR,ERR,ERR,ERR,ERR,ERR,ERR,ERR,ERR,50.0,60.0,100,0.0,0.0,0.0,0.0,0.0,0.0,0.0,0.0,0.0,0.0,0.0,0.0,0.0,0.0,0.0,0.0,62.0,65,20,65521,50,65476,0,300,0,0,8,20529,65476,0,0,26214,60.0,0.0,0.0,0.0,0.0,0.0
2026-05-17T16:13:09,ERR,ERR,ERR,ERR,ERR,ERR,ERR,ERR,ERR,ERR,ERR,ERR,ERR,ERR,ERR,ERR,ERR,ERR,ERR,ERR,ERR,ERR,ERR,ERR,ERR,ERR,ERR,ERR,ERR,ERR,ERR,ERR,ERR,ERR,ERR,ERR,ERR,ERR,ERR,ERR,ERR,ERR,ERR,ERR,ERR,ERR,ERR,ERR,ERR,ERR,ERR,ERR,ERR,ERR,ERR,ERR,ERR,ERR,ERR,ERR,ERR,ERR,ERR,ERR,ERR,ERR,ERR,ERR,ERR,ERR,ERR,ERR,ERR,ERR,ERR,ERR,ERR,ERR,ERR,ERR,ERR,ERR,ERR,ERR,ERR,ERR,ERR,ERR,ERR,ERR,ERR,ERR,ERR,ERR,ERR,ERR,ERR,ERR,ERR,ERR,ERR,ERR,ERR,ERR,ERR,ERR,ERR,ERR,ERR,ERR,ERR,ERR,ERR,ERR,ERR,ERR,ERR,ERR,ERR,ERR,ERR,ERR,ERR,ERR,ERR,0.0,-0.0,-0.0,0.0,0.0,1.3936040501711995e+18,7.805,0.0,0,0,4,0,8422,0.0,45,0.0,0.0,0.0,0.0,0.0,0,0,0,0,0.0,0,0,0,0,0,0,0,0,0,0,0,0,0,0,0,0,0,0,0,0,0,0,0,0,0,0,0,0,0,0,0,0,0,38,14,7,45,65476,0,300,0,0,8,21553,0.0,-107605600.0,0.0,0.0,0.0,0.0,0.0,0.0,0.0,0.0,0.0,0.0,0.0,0.0,0.0,0.0,0.0,0.0,0.0,0.0,0.0,0.0,-2.004,-2.004,-0.0,-2.004,0.0,0.0,0.0,0.0,5037.0,-3.697186573429349e+19,0.0,0.0,-107615288.0,0.0,2.718429120148166e+23,0.0,0.0,0.0,0.0,53,152018454839296.0,0.0,0.0,0.0,0.0,0.0,0.0,0.0,0.0,0,0,0,0.0,0.0,0.0,0.0,0.0,0.0,0.0,0.0,0.0,0.0,0.0,0.0,0.0,0.0,0.0,0.0,0,-107875648.0,53,0.0,106,-107614832.0,-107350944.0,ERR,ERR,ERR,ERR,ERR,ERR,ERR,ERR,ERR,ERR,ERR,ERR,ERR,ERR,ERR,ERR,ERR,ERR,ERR,ERR,ERR,ERR,ERR,ERR,ERR,ERR,ERR,ERR,ERR,ERR,ERR,ERR,ERR,ERR,ERR,ERR,ERR,ERR,ERR,ERR,ERR,ERR,ERR,ERR,ERR,ERR,ERR,ERR,ERR,ERR,ERR,ERR,ERR,ERR,ERR,ERR,ERR,ERR,ERR,ERR,ERR,ERR,ERR,ERR,ERR,ERR,ERR,50.0,60.0,100,0.0,0.0,0.0,0.0,0.0,0.0,0.0,0.0,0.0,0.0,0.0,0.0,0.0,0.0,0.0,0.0,62.0,65,20,65521,50,65476,0,300,0,0,8,20529,65476,0,0,26214,60.0,0.0,0.0,0.0,0.0,0.0
2026-05-17T16:13:10,ERR,ERR,ERR,ERR,ERR,ERR,ERR,ERR,ERR,ERR,ERR,ERR,ERR,ERR,ERR,ERR,ERR,ERR,ERR,ERR,ERR,ERR,ERR,ERR,ERR,ERR,ERR,ERR,ERR,ERR,ERR,ERR,ERR,ERR,ERR,ERR,ERR,ERR,ERR,ERR,ERR,ERR,ERR,ERR,ERR,ERR,ERR,ERR,ERR,ERR,ERR,ERR,ERR,ERR,ERR,ERR,ERR,ERR,ERR,ERR,ERR,ERR,ERR,ERR,ERR,ERR,ERR,ERR,ERR,ERR,ERR,ERR,ERR,ERR,ERR,ERR,ERR,ERR,ERR,ERR,ERR,ERR,ERR,ERR,ERR,ERR,ERR,ERR,ERR,ERR,ERR,ERR,ERR,ERR,ERR,ERR,ERR,ERR,ERR,ERR,ERR,ERR,ERR,ERR,ERR,ERR,ERR,ERR,ERR,ERR,ERR,ERR,ERR,ERR,ERR,ERR,ERR,ERR,ERR,ERR,ERR,ERR,ERR,ERR,ERR,0.0,-0.0,-0.0,0.0,0.0,1.3936040501711995e+18,7.805,0.0,0,0,4,0,8422,0.0,45,0.0,0.0,0.0,0.0,0.0,0,0,0,0,0.0,0,0,0,0,0,0,0,0,0,0,0,0,0,0,0,0,0,0,0,0,0,0,0,0,0,0,0,0,0,0,0,0,0,38,14,7,45,65476,0,300,0,0,8,21553,0.0,-107605600.0,0.0,0.0,0.0,0.0,0.0,0.0,0.0,0.0,0.0,0.0,0.0,0.0,0.0,0.0,0.0,0.0,0.0,0.0,0.0,0.0,-2.004,-2.004,-0.0,-2.004,0.0,0.0,0.0,0.0,5037.0,-3.697186573429349e+19,0.0,0.0,-107615288.0,0.0,2.718429120148166e+23,0.0,0.0,0.0,0.0,53,152018454839296.0,0.0,0.0,0.0,0.0,0.0,0.0,0.0,0.0,0,0,0,0.0,0.0,0.0,0.0,0.0,0.0,0.0,0.0,0.0,0.0,0.0,0.0,0.0,0.0,0.0,0.0,0,-107875648.0,53,0.0,106,-107614832.0,-107350944.0,ERR,ERR,ERR,ERR,ERR,ERR,ERR,ERR,ERR,ERR,ERR,ERR,ERR,ERR,ERR,ERR,ERR,ERR,ERR,ERR,ERR,ERR,ERR,ERR,ERR,ERR,ERR,ERR,ERR,ERR,ERR,ERR,ERR,ERR,ERR,ERR,ERR,ERR,ERR,ERR,ERR,ERR,ERR,ERR,ERR,ERR,ERR,ERR,ERR,ERR,ERR,ERR,ERR,ERR,ERR,ERR,ERR,ERR,ERR,ERR,ERR,ERR,ERR,ERR,ERR,ERR,ERR,50.0,60.0,100,0.0,0.0,0.0,0.0,0.0,0.0,0.0,0.0,0.0,0.0,0.0,0.0,0.0,0.0,0.0,0.0,61.6,65,20,65521,50,65476,0,300,0,0,8,20529,65476,0,0,26214,60.0,0.0,0.0,0.0,0.0,0.0
2026-05-17T16:13:11,ERR,ERR,ERR,ERR,ERR,ERR,ERR,ERR,ERR,ERR,ERR,ERR,ERR,ERR,ERR,ERR,ERR,ERR,ERR,ERR,ERR,ERR,ERR,ERR,ERR,ERR,ERR,ERR,ERR,ERR,ERR,ERR,ERR,ERR,ERR,ERR,ERR,ERR,ERR,ERR,ERR,ERR,ERR,ERR,ERR,ERR,ERR,ERR,ERR,ERR,ERR,ERR,ERR,ERR,ERR,ERR,ERR,ERR,ERR,ERR,ERR,ERR,ERR,ERR,ERR,ERR,ERR,ERR,ERR,ERR,ERR,ERR,ERR,ERR,ERR,ERR,ERR,ERR,ERR,ERR,ERR,ERR,ERR,ERR,ERR,ERR,ERR,ERR,ERR,ERR,ERR,ERR,ERR,ERR,ERR,ERR,ERR,ERR,ERR,ERR,ERR,ERR,ERR,ERR,ERR,ERR,ERR,ERR,ERR,ERR,ERR,ERR,ERR,ERR,ERR,ERR,ERR,ERR,ERR,ERR,ERR,ERR,ERR,ERR,ERR,0.0,-0.0,-0.0,0.0,0.0,1.3936040501711995e+18,7.805,0.0,0,0,4,0,8422,0.0,45,0.0,0.0,0.0,0.0,0.0,0,0,0,0,0.0,0,0,0,0,0,0,0,0,0,0,0,0,0,0,0,0,0,0,0,0,0,0,0,0,0,0,0,0,0,0,0,0,0,38,14,7,45,65476,0,300,0,0,8,21553,0.0,-107605600.0,0.0,0.0,0.0,0.0,0.0,0.0,0.0,0.0,0.0,0.0,0.0,0.0,0.0,0.0,0.0,0.0,0.0,0.0,0.0,0.0,-2.004,-2.004,-0.0,-2.004,0.0,0.0,0.0,0.0,5037.0,-3.697186573429349e+19,0.0,0.0,-107615288.0,0.0,2.718429120148166e+23,0.0,0.0,0.0,0.0,53,152018454839296.0,0.0,0.0,0.0,0.0,0.0,0.0,0.0,0.0,0,0,0,0.0,0.0,0.0,0.0,0.0,0.0,0.0,0.0,0.0,0.0,0.0,0.0,0.0,0.0,0.0,0.0,0,-107875648.0,53,0.0,106,-107614832.0,-107350944.0,ERR,ERR,ERR,ERR,ERR,ERR,ERR,ERR,ERR,ERR,ERR,ERR,ERR,ERR,ERR,ERR,ERR,ERR,ERR,ERR,ERR,ERR,ERR,ERR,ERR,ERR,ERR,ERR,ERR,ERR,ERR,ERR,ERR,ERR,ERR,ERR,ERR,ERR,ERR,ERR,ERR,ERR,ERR,ERR,ERR,ERR,ERR,ERR,ERR,ERR,ERR,ERR,ERR,ERR,ERR,ERR,ERR,ERR,ERR,ERR,ERR,ERR,ERR,ERR,ERR,ERR,ERR,50.0,60.0,100,0.0,0.0,0.0,0.0,0.0,0.0,0.0,0.0,0.0,0.0,0.0,0.0,0.0,0.0,0.0,0.0,61.6,65,20,65521,50,65476,0,300,0,0,8,20529,65476,0,0,26214,60.0,0.0,0.0,0.0,0.0,0.0
2026-05-17T16:13:12,ERR,ERR,ERR,ERR,ERR,ERR,ERR,ERR,ERR,ERR,ERR,ERR,ERR,ERR,ERR,ERR,ERR,ERR,ERR,ERR,ERR,ERR,ERR,ERR,ERR,ERR,ERR,ERR,ERR,ERR,ERR,ERR,ERR,ERR,ERR,ERR,ERR,ERR,ERR,ERR,ERR,ERR,ERR,ERR,ERR,ERR,ERR,ERR,ERR,ERR,ERR,ERR,ERR,ERR,ERR,ERR,ERR,ERR,ERR,ERR,ERR,ERR,ERR,ERR,ERR,ERR,ERR,ERR,ERR,ERR,ERR,ERR,ERR,ERR,ERR,ERR,ERR,ERR,ERR,ERR,ERR,ERR,ERR,ERR,ERR,ERR,ERR,ERR,ERR,ERR,ERR,ERR,ERR,ERR,ERR,ERR,ERR,ERR,ERR,ERR,ERR,ERR,ERR,ERR,ERR,ERR,ERR,ERR,ERR,ERR,ERR,ERR,ERR,ERR,ERR,ERR,ERR,ERR,ERR,ERR,ERR,ERR,ERR,ERR,ERR,0.0,-0.0,-0.0,0.0,0.0,1.3936040501711995e+18,7.805,0.0,0,0,4,0,8422,0.0,45,0.0,0.0,0.0,0.0,0.0,0,0,0,0,0.0,0,0,0,0,0,0,0,0,0,0,0,0,0,0,0,0,0,0,0,0,0,0,0,0,0,0,0,0,0,0,0,0,0,38,14,7,45,65476,0,300,0,0,8,21553,0.0,-107605600.0,0.0,0.0,0.0,0.0,0.0,0.0,0.0,0.0,0.0,0.0,0.0,0.0,0.0,0.0,0.0,0.0,0.0,0.0,0.0,0.0,-2.004,-2.004,-0.0,-2.004,0.0,0.0,0.0,0.0,5037.0,-3.697186573429349e+19,0.0,0.0,-107615288.0,0.0,2.718429120148166e+23,0.0,0.0,0.0,0.0,53,152018454839296.0,0.0,0.0,0.0,0.0,0.0,0.0,0.0,0.0,0,0,0,0.0,0.0,0.0,0.0,0.0,0.0,0.0,0.0,0.0,0.0,0.0,0.0,0.0,0.0,0.0,0.0,0,-107875648.0,53,0.0,106,-107614832.0,-107350944.0,ERR,ERR,ERR,ERR,ERR,ERR,ERR,ERR,ERR,ERR,ERR,ERR,ERR,ERR,ERR,ERR,ERR,ERR,ERR,ERR,ERR,ERR,ERR,ERR,ERR,ERR,ERR,ERR,ERR,ERR,ERR,ERR,ERR,ERR,ERR,ERR,ERR,ERR,ERR,ERR,ERR,ERR,ERR,ERR,ERR,ERR,ERR,ERR,ERR,ERR,ERR,ERR,ERR,ERR,ERR,ERR,ERR,ERR,ERR,ERR,ERR,ERR,ERR,ERR,ERR,ERR,ERR,50.0,60.0,100,0.0,0.0,0.0,0.0,0.0,0.0,0.0,0.0,0.0,0.0,0.0,0.0,0.0,0.0,0.0,0.0,61.6,65,20,65521,50,65476,0,300,0,0,8,20529,65476,0,0,26214,60.0,0.0,0.0,0.0,0.0,0.0
2026-05-17T16:13:13,ERR,ERR,ERR,ERR,ERR,ERR,ERR,ERR,ERR,ERR,ERR,ERR,ERR,ERR,ERR,ERR,ERR,ERR,ERR,ERR,ERR,ERR,ERR,ERR,ERR,ERR,ERR,ERR,ERR,ERR,ERR,ERR,ERR,ERR,ERR,ERR,ERR,ERR,ERR,ERR,ERR,ERR,ERR,ERR,ERR,ERR,ERR,ERR,ERR,ERR,ERR,ERR,ERR,ERR,ERR,ERR,ERR,ERR,ERR,ERR,ERR,ERR,ERR,ERR,ERR,ERR,ERR,ERR,ERR,ERR,ERR,ERR,ERR,ERR,ERR,ERR,ERR,ERR,ERR,ERR,ERR,ERR,ERR,ERR,ERR,ERR,ERR,ERR,ERR,ERR,ERR,ERR,ERR,ERR,ERR,ERR,ERR,ERR,ERR,ERR,ERR,ERR,ERR,ERR,ERR,ERR,ERR,ERR,ERR,ERR,ERR,ERR,ERR,ERR,ERR,ERR,ERR,ERR,ERR,ERR,ERR,ERR,ERR,ERR,ERR,0.0,-0.0,-0.0,0.0,0.0,1.3936040501711995e+18,7.805,0.0,0,0,4,0,8422,0.0,45,0.0,0.0,0.0,0.0,0.0,0,0,0,0,0.0,0,0,0,0,0,0,0,0,0,0,0,0,0,0,0,0,0,0,0,0,0,0,0,0,0,0,0,0,0,0,0,0,0,38,14,7,45,65476,0,300,0,0,8,21553,0.0,-107605600.0,0.0,0.0,0.0,0.0,0.0,0.0,0.0,0.0,0.0,0.0,0.0,0.0,0.0,0.0,0.0,0.0,0.0,0.0,0.0,0.0,-2.004,-2.004,-0.0,-2.004,0.0,0.0,0.0,0.0,5067.0,0.0,0.0,0.0,-107615288.0,0.0,-0.0,0.0,0.0,0.0,0.0,53,107615344.0,0.059,0.0,0.0,0.0,0.0,0.0,0.0,0.0,0,0,0,0.0,0.0,0.0,0.0,0.0,0.0,0.0,0.0,0.0,0.0,0.0,0.0,0.0,0.0,0.0,0.0,0,-107875648.0,53,0.0,106,-107614832.0,-107350944.0,ERR,ERR,ERR,ERR,ERR,ERR,ERR,ERR,ERR,ERR,ERR,ERR,ERR,ERR,ERR,ERR,ERR,ERR,ERR,ERR,ERR,ERR,ERR,ERR,ERR,ERR,ERR,ERR,ERR,ERR,ERR,ERR,ERR,ERR,ERR,ERR,ERR,ERR,ERR,ERR,ERR,ERR,ERR,ERR,ERR,ERR,ERR,ERR,ERR,ERR,ERR,ERR,ERR,ERR,ERR,ERR,ERR,ERR,ERR,ERR,ERR,ERR,ERR,ERR,ERR,ERR,ERR,50.0,60.0,100,0.0,0.0,0.0,0.0,0.0,0.0,0.0,0.0,0.0,0.0,0.0,0.0,0.0,0.0,0.0,0.0,61.6,65,20,65521,50,65476,0,300,0,0,8,20529,65476,0,0,26214,60.0,0.0,0.0,0.0,0.0,0.0
2026-05-17T16:13:14,ERR,ERR,ERR,ERR,ERR,ERR,ERR,ERR,ERR,ERR,ERR,ERR,ERR,ERR,ERR,ERR,ERR,ERR,ERR,ERR,ERR,ERR,ERR,ERR,ERR,ERR,ERR,ERR,ERR,ERR,ERR,ERR,ERR,ERR,ERR,ERR,ERR,ERR,ERR,ERR,ERR,ERR,ERR,ERR,ERR,ERR,ERR,ERR,ERR,ERR,ERR,ERR,ERR,ERR,ERR,ERR,ERR,ERR,ERR,ERR,ERR,ERR,ERR,ERR,ERR,ERR,ERR,ERR,ERR,ERR,ERR,ERR,ERR,ERR,ERR,ERR,ERR,ERR,ERR,ERR,ERR,ERR,ERR,ERR,ERR,ERR,ERR,ERR,ERR,ERR,ERR,ERR,ERR,ERR,ERR,ERR,ERR,ERR,ERR,ERR,ERR,ERR,ERR,ERR,ERR,ERR,ERR,ERR,ERR,ERR,ERR,ERR,ERR,ERR,ERR,ERR,ERR,ERR,ERR,ERR,ERR,ERR,ERR,ERR,ERR,0.0,-0.0,-0.0,0.0,0.0,1.3936040501711995e+18,7.805,0.0,0,0,4,0,8422,0.0,45,0.0,0.0,0.0,0.0,0.0,0,0,0,0,0.0,0,0,0,0,0,0,0,0,0,0,0,0,0,0,0,0,0,0,0,0,0,0,0,0,0,0,0,0,0,0,0,0,0,38,14,7,45,65476,0,300,0,0,8,21553,0.0,-107605600.0,0.0,0.0,0.0,0.0,0.0,0.0,0.0,0.0,0.0,0.0,0.0,0.0,0.0,0.0,0.0,0.0,0.0,0.0,0.0,0.0,-2.004,-2.004,-0.0,-2.004,0.0,0.0,0.0,0.0,5067.0,0.0,0.0,0.0,-107615288.0,0.0,-0.0,0.0,0.0,0.0,0.0,53,107615344.0,0.059,0.0,0.0,0.0,0.0,0.0,0.0,0.0,0,0,0,0.0,0.0,0.0,0.0,0.0,0.0,0.0,0.0,0.0,0.0,0.0,0.0,0.0,0.0,0.0,0.0,0,-107875648.0,53,0.0,106,-107614832.0,-107350944.0,ERR,ERR,ERR,ERR,ERR,ERR,ERR,ERR,ERR,ERR,ERR,ERR,ERR,ERR,ERR,ERR,ERR,ERR,ERR,ERR,ERR,ERR,ERR,ERR,ERR,ERR,ERR,ERR,ERR,ERR,ERR,ERR,ERR,ERR,ERR,ERR,ERR,ERR,ERR,ERR,ERR,ERR,ERR,ERR,ERR,ERR,ERR,ERR,ERR,ERR,ERR,ERR,ERR,ERR,ERR,ERR,ERR,ERR,ERR,ERR,ERR,ERR,ERR,ERR,ERR,ERR,ERR,50.0,60.0,100,0.0,0.0,0.0,0.0,0.0,0.0,0.0,0.0,0.0,0.0,0.0,0.0,0.0,0.0,0.0,0.0,61.6,65,20,65521,50,65476,0,300,0,0,8,20529,65476,0,0,26214,60.0,0.0,0.0,0.0,0.0,0.0
2026-05-17T16:13:15,ERR,ERR,ERR,ERR,ERR,ERR,ERR,ERR,ERR,ERR,ERR,ERR,ERR,ERR,ERR,ERR,ERR,ERR,ERR,ERR,ERR,ERR,ERR,ERR,ERR,ERR,ERR,ERR,ERR,ERR,ERR,ERR,ERR,ERR,ERR,ERR,ERR,ERR,ERR,ERR,ERR,ERR,ERR,ERR,ERR,ERR,ERR,ERR,ERR,ERR,ERR,ERR,ERR,ERR,ERR,ERR,ERR,ERR,ERR,ERR,ERR,ERR,ERR,ERR,ERR,ERR,ERR,ERR,ERR,ERR,ERR,ERR,ERR,ERR,ERR,ERR,ERR,ERR,ERR,ERR,ERR,ERR,ERR,ERR,ERR,ERR,ERR,ERR,ERR,ERR,ERR,ERR,ERR,ERR,ERR,ERR,ERR,ERR,ERR,ERR,ERR,ERR,ERR,ERR,ERR,ERR,ERR,ERR,ERR,ERR,ERR,ERR,ERR,ERR,ERR,ERR,ERR,ERR,ERR,ERR,ERR,ERR,ERR,ERR,ERR,0.0,-0.0,-0.0,0.0,0.0,1.3936040501711995e+18,7.805,0.0,0,0,4,0,8422,0.0,45,0.0,0.0,0.0,0.0,0.0,0,0,0,0,0.0,0,0,0,0,0,0,0,0,0,0,0,0,0,0,0,0,0,0,0,0,0,0,0,0,0,0,0,0,0,0,0,0,0,38,14,7,45,65476,0,300,0,0,8,21553,0.0,-107605600.0,0.0,0.0,0.0,0.0,0.0,0.0,0.0,0.0,0.0,0.0,0.0,0.0,0.0,0.0,0.0,0.0,0.0,0.0,0.0,0.0,-2.004,-2.004,-0.0,-2.004,0.0,0.0,0.0,0.0,5067.0,0.0,0.0,0.0,-107615288.0,0.0,-0.0,0.0,0.0,0.0,0.0,53,107615344.0,0.059,0.0,0.0,0.0,0.0,0.0,0.0,0.0,0,0,0,0.0,0.0,0.0,0.0,0.0,0.0,0.0,0.0,0.0,0.0,0.0,0.0,0.0,0.0,0.0,0.0,0,-107875648.0,53,0.0,106,-107614832.0,-107350944.0,ERR,ERR,ERR,ERR,ERR,ERR,ERR,ERR,ERR,ERR,ERR,ERR,ERR,ERR,ERR,ERR,ERR,ERR,ERR,ERR,ERR,ERR,ERR,ERR,ERR,ERR,ERR,ERR,ERR,ERR,ERR,ERR,ERR,ERR,ERR,ERR,ERR,ERR,ERR,ERR,ERR,ERR,ERR,ERR,ERR,ERR,ERR,ERR,ERR,ERR,ERR,ERR,ERR,ERR,ERR,ERR,ERR,ERR,ERR,ERR,ERR,ERR,ERR,ERR,ERR,ERR,ERR,50.0,60.0,100,0.0,0.0,0.0,0.0,0.0,0.0,0.0,0.0,0.0,0.0,0.0,0.0,0.0,0.0,0.0,0.0,61.6,65,20,65521,50,65476,0,300,0,0,8,20529,65476,0,0,26214,60.0,0.0,0.0,0.0,0.0,0.0
2026-05-17T16:13:16,ERR,ERR,ERR,ERR,ERR,ERR,ERR,ERR,ERR,ERR,ERR,ERR,ERR,ERR,ERR,ERR,ERR,ERR,ERR,ERR,ERR,ERR,ERR,ERR,ERR,ERR,ERR,ERR,ERR,ERR,ERR,ERR,ERR,ERR,ERR,ERR,ERR,ERR,ERR,ERR,ERR,ERR,ERR,ERR,ERR,ERR,ERR,ERR,ERR,ERR,ERR,ERR,ERR,ERR,ERR,ERR,ERR,ERR,ERR,ERR,ERR,ERR,ERR,ERR,ERR,ERR,ERR,ERR,ERR,ERR,ERR,ERR,ERR,ERR,ERR,ERR,ERR,ERR,ERR,ERR,ERR,ERR,ERR,ERR,ERR,ERR,ERR,ERR,ERR,ERR,ERR,ERR,ERR,ERR,ERR,ERR,ERR,ERR,ERR,ERR,ERR,ERR,ERR,ERR,ERR,ERR,ERR,ERR,ERR,ERR,ERR,ERR,ERR,ERR,ERR,ERR,ERR,ERR,ERR,ERR,ERR,ERR,ERR,ERR,ERR,0.0,-0.0,-0.0,0.0,0.0,1.3936040501711995e+18,7.805,0.0,0,0,4,0,8422,0.0,45,0.0,0.0,0.0,0.0,0.0,0,0,0,0,0.0,0,0,0,0,0,0,0,0,0,0,0,0,0,0,0,0,0,0,0,0,0,0,0,0,0,0,0,0,0,0,0,0,0,38,14,7,45,65476,0,300,0,0,8,21553,0.0,-107605600.0,0.0,0.0,0.0,0.0,0.0,0.0,0.0,0.0,0.0,0.0,0.0,0.0,0.0,0.0,0.0,0.0,0.0,0.0,0.0,0.0,-2.004,-2.004,-0.0,-2.004,0.0,0.0,0.0,0.0,5067.0,0.0,0.0,0.0,-107615288.0,0.0,-0.0,0.0,0.0,0.0,0.0,53,107615344.0,0.059,0.0,0.0,0.0,0.0,0.0,0.0,0.0,0,0,0,0.0,0.0,0.0,0.0,0.0,0.0,0.0,0.0,0.0,0.0,0.0,0.0,0.0,0.0,0.0,0.0,0,-107875648.0,53,0.0,106,-107614832.0,-107350944.0,ERR,ERR,ERR,ERR,ERR,ERR,ERR,ERR,ERR,ERR,ERR,ERR,ERR,ERR,ERR,ERR,ERR,ERR,ERR,ERR,ERR,ERR,ERR,ERR,ERR,ERR,ERR,ERR,ERR,ERR,ERR,ERR,ERR,ERR,ERR,ERR,ERR,ERR,ERR,ERR,ERR,ERR,ERR,ERR,ERR,ERR,ERR,ERR,ERR,ERR,ERR,ERR,ERR,ERR,ERR,ERR,ERR,ERR,ERR,ERR,ERR,ERR,ERR,ERR,ERR,ERR,ERR,50.0,60.0,100,0.0,0.0,0.0,0.0,0.0,0.0,0.0,0.0,0.0,0.0,0.0,0.0,0.0,0.0,0.0,0.0,61.6,65,20,65521,50,65476,0,300,0,0,8,20529,65476,0,0,26214,60.0,0.0,0.0,0.0,0.0,0.0
2026-05-17T16:13:17,ERR,ERR,ERR,ERR,ERR,ERR,ERR,ERR,ERR,ERR,ERR,ERR,ERR,ERR,ERR,ERR,ERR,ERR,ERR,ERR,ERR,ERR,ERR,ERR,ERR,ERR,ERR,ERR,ERR,ERR,ERR,ERR,ERR,ERR,ERR,ERR,ERR,ERR,ERR,ERR,ERR,ERR,ERR,ERR,ERR,ERR,ERR,ERR,ERR,ERR,ERR,ERR,ERR,ERR,ERR,ERR,ERR,ERR,ERR,ERR,ERR,ERR,ERR,ERR,ERR,ERR,ERR,ERR,ERR,ERR,ERR,ERR,ERR,ERR,ERR,ERR,ERR,ERR,ERR,ERR,ERR,ERR,ERR,ERR,ERR,ERR,ERR,ERR,ERR,ERR,ERR,ERR,ERR,ERR,ERR,ERR,ERR,ERR,ERR,ERR,ERR,ERR,ERR,ERR,ERR,ERR,ERR,ERR,ERR,ERR,ERR,ERR,ERR,ERR,ERR,ERR,ERR,ERR,ERR,ERR,ERR,ERR,ERR,ERR,ERR,0.0,-0.0,-0.0,0.0,0.0,1.3936040501711995e+18,7.805,0.0,0,0,4,0,8422,0.0,45,0.0,0.0,0.0,0.0,0.0,0,0,0,0,0.0,0,0,0,0,0,0,0,0,0,0,0,0,0,0,0,0,0,0,0,0,0,0,0,0,0,0,0,0,0,0,0,0,0,38,14,7,45,65476,0,300,0,0,8,21553,0.0,-107605600.0,0.0,0.0,0.0,0.0,0.0,0.0,0.0,0.0,0.0,0.0,0.0,0.0,0.0,0.0,0.0,0.0,0.0,0.0,0.0,0.0,-2.004,-2.004,-0.0,-2.004,0.0,0.0,0.0,0.0,5067.0,0.0,0.0,0.0,-107615288.0,0.0,-0.0,0.0,0.0,0.0,0.0,53,107615344.0,0.059,0.0,0.0,0.0,0.0,0.0,0.0,0.0,0,0,0,0.0,0.0,0.0,0.0,0.0,0.0,0.0,0.0,0.0,0.0,0.0,0.0,0.0,0.0,0.0,0.0,0,-107875648.0,53,0.0,106,-107614832.0,-107350944.0,ERR,ERR,ERR,ERR,ERR,ERR,ERR,ERR,ERR,ERR,ERR,ERR,ERR,ERR,ERR,ERR,ERR,ERR,ERR,ERR,ERR,ERR,ERR,ERR,ERR,ERR,ERR,ERR,ERR,ERR,ERR,ERR,ERR,ERR,ERR,ERR,ERR,ERR,ERR,ERR,ERR,ERR,ERR,ERR,ERR,ERR,ERR,ERR,ERR,ERR,ERR,ERR,ERR,ERR,ERR,ERR,ERR,ERR,ERR,ERR,ERR,ERR,ERR,ERR,ERR,ERR,ERR,50.0,60.0,100,0.0,0.0,0.0,0.0,0.0,0.0,0.0,0.0,0.0,0.0,0.0,0.0,0.0,0.0,0.0,0.0,61.6,65,20,65521,50,65476,0,300,0,0,8,20529,65476,0,0,26214,60.0,0.0,0.0,0.0,0.0,0.0
2026-05-17T16:13:18,ERR,ERR,ERR,ERR,ERR,ERR,ERR,ERR,ERR,ERR,ERR,ERR,ERR,ERR,ERR,ERR,ERR,ERR,ERR,ERR,ERR,ERR,ERR,ERR,ERR,ERR,ERR,ERR,ERR,ERR,ERR,ERR,ERR,ERR,ERR,ERR,ERR,ERR,ERR,ERR,ERR,ERR,ERR,ERR,ERR,ERR,ERR,ERR,ERR,ERR,ERR,ERR,ERR,ERR,ERR,ERR,ERR,ERR,ERR,ERR,ERR,ERR,ERR,ERR,ERR,ERR,ERR,ERR,ERR,ERR,ERR,ERR,ERR,ERR,ERR,ERR,ERR,ERR,ERR,ERR,ERR,ERR,ERR,ERR,ERR,ERR,ERR,ERR,ERR,ERR,ERR,ERR,ERR,ERR,ERR,ERR,ERR,ERR,ERR,ERR,ERR,ERR,ERR,ERR,ERR,ERR,ERR,ERR,ERR,ERR,ERR,ERR,ERR,ERR,ERR,ERR,ERR,ERR,ERR,ERR,ERR,ERR,ERR,ERR,ERR,0.0,-0.0,-0.0,0.0,0.0,1.3936040501711995e+18,7.805,0.0,0,0,4,0,8422,0.0,45,0.0,0.0,0.0,0.0,0.0,0,0,0,0,0.0,0,0,0,0,0,0,0,0,0,0,0,0,0,0,0,0,0,0,0,0,0,0,0,0,0,0,0,0,0,0,0,0,0,38,14,7,45,65476,0,300,0,0,8,21553,0.0,-107605600.0,0.0,0.0,0.0,0.0,0.0,0.0,0.0,0.0,0.0,0.0,0.0,0.0,0.0,0.0,0.0,0.0,0.0,0.0,0.0,0.0,-2.004,-0.0,-0.0,0.0,0.0,0.0,0.0,0.0,5040.0,-2.422988192762658e+24,0.0,0.0,-0.0,0.0,2.718429120148166e+23,0.0,0.0,0.0,0.0,53,2.3088403658719416e+20,0.0,0.0,0.0,0.0,0.0,0.0,0.0,0.0,0,0,0,0.0,0.0,0.0,0.0,0.0,0.0,0.0,0.0,0.0,0.0,0.0,0.0,0.0,0.0,0.0,0.0,0,-107875648.0,53,0.0,106,-107614832.0,-107350944.0,ERR,ERR,ERR,ERR,ERR,ERR,ERR,ERR,ERR,ERR,ERR,ERR,ERR,ERR,ERR,ERR,ERR,ERR,ERR,ERR,ERR,ERR,ERR,ERR,ERR,ERR,ERR,ERR,ERR,ERR,ERR,ERR,ERR,ERR,ERR,ERR,ERR,ERR,ERR,ERR,ERR,ERR,ERR,ERR,ERR,ERR,ERR,ERR,ERR,ERR,ERR,ERR,ERR,ERR,ERR,ERR,ERR,ERR,ERR,ERR,ERR,ERR,ERR,ERR,ERR,ERR,ERR,50.0,60.0,100,0.0,0.0,0.0,0.0,0.0,0.0,0.0,0.0,0.0,0.0,0.0,0.0,0.0,0.0,0.0,0.0,61.6,65,20,65521,50,65476,0,300,0,0,8,20529,65476,0,0,26214,60.0,0.0,0.0,0.0,0.0,0.0
2026-05-17T16:13:19,ERR,ERR,ERR,ERR,ERR,ERR,ERR,ERR,ERR,ERR,ERR,ERR,ERR,ERR,ERR,ERR,ERR,ERR,ERR,ERR,ERR,ERR,ERR,ERR,ERR,ERR,ERR,ERR,ERR,ERR,ERR,ERR,ERR,ERR,ERR,ERR,ERR,ERR,ERR,ERR,ERR,ERR,ERR,ERR,ERR,ERR,ERR,ERR,ERR,ERR,ERR,ERR,ERR,ERR,ERR,ERR,ERR,ERR,ERR,ERR,ERR,ERR,ERR,ERR,ERR,ERR,ERR,ERR,ERR,ERR,ERR,ERR,ERR,ERR,ERR,ERR,ERR,ERR,ERR,ERR,ERR,ERR,ERR,ERR,ERR,ERR,ERR,ERR,ERR,ERR,ERR,ERR,ERR,ERR,ERR,ERR,ERR,ERR,ERR,ERR,ERR,ERR,ERR,ERR,ERR,ERR,ERR,ERR,ERR,ERR,ERR,ERR,ERR,ERR,ERR,ERR,ERR,ERR,ERR,ERR,ERR,ERR,ERR,ERR,ERR,0.0,-0.0,-0.0,0.0,0.0,1.3936040501711995e+18,7.805,0.0,0,0,4,0,8422,0.0,45,0.0,0.0,0.0,0.0,0.0,0,0,0,0,0.0,0,0,0,0,0,0,0,0,0,0,0,0,0,0,0,0,0,0,0,0,0,0,0,0,0,0,0,0,0,0,0,0,0,38,14,7,45,65476,0,300,0,0,8,21553,0.0,-107605600.0,0.0,0.0,0.0,0.0,0.0,0.0,0.0,0.0,0.0,0.0,0.0,0.0,0.0,0.0,0.0,0.0,0.0,0.0,0.0,0.0,-2.004,-0.0,-0.0,0.0,0.0,0.0,0.0,0.0,5040.0,-2.422988192762658e+24,0.0,0.0,-0.0,0.0,2.718429120148166e+23,0.0,0.0,0.0,0.0,53,2.3088403658719416e+20,0.0,0.0,0.0,0.0,0.0,0.0,0.0,0.0,0,0,0,0.0,0.0,0.0,0.0,0.0,0.0,0.0,0.0,0.0,0.0,0.0,0.0,0.0,0.0,0.0,0.0,0,-107875648.0,53,0.0,106,-107614832.0,-107350944.0,ERR,ERR,ERR,ERR,ERR,ERR,ERR,ERR,ERR,ERR,ERR,ERR,ERR,ERR,ERR,ERR,ERR,ERR,ERR,ERR,ERR,ERR,ERR,ERR,ERR,ERR,ERR,ERR,ERR,ERR,ERR,ERR,ERR,ERR,ERR,ERR,ERR,ERR,ERR,ERR,ERR,ERR,ERR,ERR,ERR,ERR,ERR,ERR,ERR,ERR,ERR,ERR,ERR,ERR,ERR,ERR,ERR,ERR,ERR,ERR,ERR,ERR,ERR,ERR,ERR,ERR,ERR,50.0,60.0,100,0.0,0.0,0.0,0.0,0.0,0.0,0.0,0.0,0.0,0.0,0.0,0.0,0.0,0.0,0.0,0.0,61.6,65,20,65521,50,65476,0,300,0,0,8,20529,65476,0,0,26214,60.0,0.0,0.0,0.0,0.0,0.0
2026-05-17T16:13:20,ERR,ERR,ERR,ERR,ERR,ERR,ERR,ERR,ERR,ERR,ERR,ERR,ERR,ERR,ERR,ERR,ERR,ERR,ERR,ERR,ERR,ERR,ERR,ERR,ERR,ERR,ERR,ERR,ERR,ERR,ERR,ERR,ERR,ERR,ERR,ERR,ERR,ERR,ERR,ERR,ERR,ERR,ERR,ERR,ERR,ERR,ERR,ERR,ERR,ERR,ERR,ERR,ERR,ERR,ERR,ERR,ERR,ERR,ERR,ERR,ERR,ERR,ERR,ERR,ERR,ERR,ERR,ERR,ERR,ERR,ERR,ERR,ERR,ERR,ERR,ERR,ERR,ERR,ERR,ERR,ERR,ERR,ERR,ERR,ERR,ERR,ERR,ERR,ERR,ERR,ERR,ERR,ERR,ERR,ERR,ERR,ERR,ERR,ERR,ERR,ERR,ERR,ERR,ERR,ERR,ERR,ERR,ERR,ERR,ERR,ERR,ERR,ERR,ERR,ERR,ERR,ERR,ERR,ERR,ERR,ERR,ERR,ERR,ERR,ERR,0.0,-0.0,-0.0,0.0,0.0,1.3936040501711995e+18,7.805,0.0,0,0,4,0,8422,0.0,45,0.0,0.0,0.0,0.0,0.0,0,0,0,0,0.0,0,0,0,0,0,0,0,0,0,0,0,0,0,0,0,0,0,0,0,0,0,0,0,0,0,0,0,0,0,0,0,0,0,38,14,7,45,65476,0,300,0,0,8,21553,0.0,-107605600.0,0.0,0.0,0.0,0.0,0.0,0.0,0.0,0.0,0.0,0.0,0.0,0.0,0.0,0.0,0.0,0.0,0.0,0.0,0.0,0.0,-2.004,-0.0,-0.0,0.0,0.0,0.0,0.0,0.0,5040.0,-2.422988192762658e+24,0.0,0.0,-0.0,0.0,2.718429120148166e+23,0.0,0.0,0.0,0.0,53,2.3088403658719416e+20,0.0,0.0,0.0,0.0,0.0,0.0,0.0,0.0,0,0,0,0.0,0.0,0.0,0.0,0.0,0.0,0.0,0.0,0.0,0.0,0.0,0.0,0.0,0.0,0.0,0.0,0,-107875648.0,53,0.0,106,-107614832.0,-107350944.0,ERR,ERR,ERR,ERR,ERR,ERR,ERR,ERR,ERR,ERR,ERR,ERR,ERR,ERR,ERR,ERR,ERR,ERR,ERR,ERR,ERR,ERR,ERR,ERR,ERR,ERR,ERR,ERR,ERR,ERR,ERR,ERR,ERR,ERR,ERR,ERR,ERR,ERR,ERR,ERR,ERR,ERR,ERR,ERR,ERR,ERR,ERR,ERR,ERR,ERR,ERR,ERR,ERR,ERR,ERR,ERR,ERR,ERR,ERR,ERR,ERR,ERR,ERR,ERR,ERR,ERR,ERR,50.0,60.0,100,0.0,0.0,0.0,0.0,0.0,0.0,0.0,0.0,0.0,0.0,0.0,0.0,0.0,0.0,0.0,0.0,61.6,65,20,65521,50,65476,0,300,0,0,8,20529,65476,0,0,26214,60.0,0.0,0.0,0.0,0.0,0.0
2026-05-17T16:13:21,ERR,ERR,ERR,ERR,ERR,ERR,ERR,ERR,ERR,ERR,ERR,ERR,ERR,ERR,ERR,ERR,ERR,ERR,ERR,ERR,ERR,ERR,ERR,ERR,ERR,ERR,ERR,ERR,ERR,ERR,ERR,ERR,ERR,ERR,ERR,ERR,ERR,ERR,ERR,ERR,ERR,ERR,ERR,ERR,ERR,ERR,ERR,ERR,ERR,ERR,ERR,ERR,ERR,ERR,ERR,ERR,ERR,ERR,ERR,ERR,ERR,ERR,ERR,ERR,ERR,ERR,ERR,ERR,ERR,ERR,ERR,ERR,ERR,ERR,ERR,ERR,ERR,ERR,ERR,ERR,ERR,ERR,ERR,ERR,ERR,ERR,ERR,ERR,ERR,ERR,ERR,ERR,ERR,ERR,ERR,ERR,ERR,ERR,ERR,ERR,ERR,ERR,ERR,ERR,ERR,ERR,ERR,ERR,ERR,ERR,ERR,ERR,ERR,ERR,ERR,ERR,ERR,ERR,ERR,ERR,ERR,ERR,ERR,ERR,ERR,0.0,-0.0,-0.0,0.0,0.0,1.3936040501711995e+18,7.805,0.0,0,0,4,0,8422,0.0,45,0.0,0.0,0.0,0.0,0.0,0,0,0,0,0.0,0,0,0,0,0,0,0,0,0,0,0,0,0,0,0,0,0,0,0,0,0,0,0,0,0,0,0,0,0,0,0,0,0,38,14,7,45,65476,0,300,0,0,8,21553,0.0,-107605600.0,0.0,0.0,0.0,0.0,0.0,0.0,0.0,0.0,0.0,0.0,0.0,0.0,0.0,0.0,0.0,0.0,0.0,0.0,0.0,0.0,-2.004,-0.0,-0.0,0.0,0.0,0.0,0.0,0.0,5040.0,-2.422988192762658e+24,0.0,0.0,-0.0,0.0,2.718429120148166e+23,0.0,0.0,0.0,0.0,53,2.3088403658719416e+20,0.0,0.0,0.0,0.0,0.0,0.0,0.0,0.0,0,0,0,0.0,0.0,0.0,0.0,0.0,0.0,0.0,0.0,0.0,0.0,0.0,0.0,0.0,0.0,0.0,0.0,0,-107875648.0,53,0.0,106,-107614832.0,-107350944.0,ERR,ERR,ERR,ERR,ERR,ERR,ERR,ERR,ERR,ERR,ERR,ERR,ERR,ERR,ERR,ERR,ERR,ERR,ERR,ERR,ERR,ERR,ERR,ERR,ERR,ERR,ERR,ERR,ERR,ERR,ERR,ERR,ERR,ERR,ERR,ERR,ERR,ERR,ERR,ERR,ERR,ERR,ERR,ERR,ERR,ERR,ERR,ERR,ERR,ERR,ERR,ERR,ERR,ERR,ERR,ERR,ERR,ERR,ERR,ERR,ERR,ERR,ERR,ERR,ERR,ERR,ERR,50.0,60.0,100,0.0,0.0,0.0,0.0,0.0,0.0,0.0,0.0,0.0,0.0,0.0,0.0,0.0,0.0,0.0,0.0,61.6,65,20,65521,50,65476,0,300,0,0,8,20529,65476,0,0,26214,60.0,0.0,0.0,0.0,0.0,0.0
2026-05-17T16:13:22,ERR,ERR,ERR,ERR,ERR,ERR,ERR,ERR,ERR,ERR,ERR,ERR,ERR,ERR,ERR,ERR,ERR,ERR,ERR,ERR,ERR,ERR,ERR,ERR,ERR,ERR,ERR,ERR,ERR,ERR,ERR,ERR,ERR,ERR,ERR,ERR,ERR,ERR,ERR,ERR,ERR,ERR,ERR,ERR,ERR,ERR,ERR,ERR,ERR,ERR,ERR,ERR,ERR,ERR,ERR,ERR,ERR,ERR,ERR,ERR,ERR,ERR,ERR,ERR,ERR,ERR,ERR,ERR,ERR,ERR,ERR,ERR,ERR,ERR,ERR,ERR,ERR,ERR,ERR,ERR,ERR,ERR,ERR,ERR,ERR,ERR,ERR,ERR,ERR,ERR,ERR,ERR,ERR,ERR,ERR,ERR,ERR,ERR,ERR,ERR,ERR,ERR,ERR,ERR,ERR,ERR,ERR,ERR,ERR,ERR,ERR,ERR,ERR,ERR,ERR,ERR,ERR,ERR,ERR,ERR,ERR,ERR,ERR,ERR,ERR,0.0,-0.0,-0.0,0.0,0.0,1.3936040501711995e+18,7.805,0.0,0,0,4,0,8422,0.0,45,0.0,0.0,0.0,0.0,0.0,0,0,0,0,0.0,0,0,0,0,0,0,0,0,0,0,0,0,0,0,0,0,0,0,0,0,0,0,0,0,0,0,0,0,0,0,0,0,0,38,14,7,45,65476,0,300,0,0,8,21553,0.0,-107605600.0,0.0,0.0,0.0,0.0,0.0,0.0,0.0,0.0,0.0,0.0,0.0,0.0,0.0,0.0,0.0,0.0,0.0,0.0,0.0,0.0,-2.004,-0.0,-0.0,0.0,0.0,0.0,0.0,0.0,5040.0,-2.422988192762658e+24,0.0,0.0,-0.0,0.0,2.718429120148166e+23,0.0,0.0,0.0,0.0,53,2.3088403658719416e+20,0.0,0.0,0.0,0.0,0.0,0.0,0.0,0.0,0,0,0,0.0,0.0,0.0,0.0,0.0,0.0,0.0,0.0,0.0,0.0,0.0,0.0,0.0,0.0,0.0,0.0,0,-107875648.0,53,0.0,106,-107614832.0,-107350944.0,ERR,ERR,ERR,ERR,ERR,ERR,ERR,ERR,ERR,ERR,ERR,ERR,ERR,ERR,ERR,ERR,ERR,ERR,ERR,ERR,ERR,ERR,ERR,ERR,ERR,ERR,ERR,ERR,ERR,ERR,ERR,ERR,ERR,ERR,ERR,ERR,ERR,ERR,ERR,ERR,ERR,ERR,ERR,ERR,ERR,ERR,ERR,ERR,ERR,ERR,ERR,ERR,ERR,ERR,ERR,ERR,ERR,ERR,ERR,ERR,ERR,ERR,ERR,ERR,ERR,ERR,ERR,50.0,60.0,100,0.0,0.0,0.0,0.0,0.0,0.0,0.0,0.0,0.0,0.0,0.0,0.0,0.0,0.0,0.0,0.0,61.6,65,20,65521,50,65476,0,300,0,0,8,20529,65476,0,0,26214,60.0,0.0,0.0,0.0,0.0,0.0
2026-05-17T16:13:23,ERR,ERR,ERR,ERR,ERR,ERR,ERR,ERR,ERR,ERR,ERR,ERR,ERR,ERR,ERR,ERR,ERR,ERR,ERR,ERR,ERR,ERR,ERR,ERR,ERR,ERR,ERR,ERR,ERR,ERR,ERR,ERR,ERR,ERR,ERR,ERR,ERR,ERR,ERR,ERR,ERR,ERR,ERR,ERR,ERR,ERR,ERR,ERR,ERR,ERR,ERR,ERR,ERR,ERR,ERR,ERR,ERR,ERR,ERR,ERR,ERR,ERR,ERR,ERR,ERR,ERR,ERR,ERR,ERR,ERR,ERR,ERR,ERR,ERR,ERR,ERR,ERR,ERR,ERR,ERR,ERR,ERR,ERR,ERR,ERR,ERR,ERR,ERR,ERR,ERR,ERR,ERR,ERR,ERR,ERR,ERR,ERR,ERR,ERR,ERR,ERR,ERR,ERR,ERR,ERR,ERR,ERR,ERR,ERR,ERR,ERR,ERR,ERR,ERR,ERR,ERR,ERR,ERR,ERR,ERR,ERR,ERR,ERR,ERR,ERR,0.0,-0.0,-0.0,0.0,0.0,1.3936040501711995e+18,7.805,0.0,0,0,4,0,8422,0.0,45,0.0,0.0,0.0,0.0,0.0,0,0,0,0,0.0,0,0,0,0,0,0,0,0,0,0,0,0,0,0,0,0,0,0,0,0,0,0,0,0,0,0,0,0,0,0,0,0,0,38,14,7,45,65476,0,300,0,0,8,21553,0.0,-107605600.0,0.0,0.0,0.0,0.0,0.0,0.0,0.0,0.0,0.0,0.0,0.0,0.0,0.0,0.0,0.0,0.0,0.0,0.0,0.0,0.0,-2.004,-0.0,-0.0,-2.004,0.0,0.0,0.0,0.0,5035.0,-131350.453,0.0,0.0,-107615288.0,0.0,-0.0,0.0,0.0,0.0,0.0,53,107615344.0,-0.0,0.0,0.0,0.0,0.0,0.0,0.0,0.0,0,0,0,0.0,0.0,0.0,0.0,0.0,0.0,0.0,0.0,0.0,0.0,0.0,0.0,0.0,0.0,0.0,0.0,0,-107875648.0,53,0.0,106,-107614832.0,-107350944.0,ERR,ERR,ERR,ERR,ERR,ERR,ERR,ERR,ERR,ERR,ERR,ERR,ERR,ERR,ERR,ERR,ERR,ERR,ERR,ERR,ERR,ERR,ERR,ERR,ERR,ERR,ERR,ERR,ERR,ERR,ERR,ERR,ERR,ERR,ERR,ERR,ERR,ERR,ERR,ERR,ERR,ERR,ERR,ERR,ERR,ERR,ERR,ERR,ERR,ERR,ERR,ERR,ERR,ERR,ERR,ERR,ERR,ERR,ERR,ERR,ERR,ERR,ERR,ERR,ERR,ERR,ERR,50.0,60.0,100,0.0,0.0,0.0,0.0,0.0,0.0,0.0,0.0,0.0,0.0,0.0,0.0,0.0,0.0,0.0,0.0,61.6,65,20,65521,50,65476,0,300,0,0,8,20529,65476,0,0,26214,60.0,0.0,0.0,0.0,0.0,0.0
2026-05-17T16:13:24,ERR,ERR,ERR,ERR,ERR,ERR,ERR,ERR,ERR,ERR,ERR,ERR,ERR,ERR,ERR,ERR,ERR,ERR,ERR,ERR,ERR,ERR,ERR,ERR,ERR,ERR,ERR,ERR,ERR,ERR,ERR,ERR,ERR,ERR,ERR,ERR,ERR,ERR,ERR,ERR,ERR,ERR,ERR,ERR,ERR,ERR,ERR,ERR,ERR,ERR,ERR,ERR,ERR,ERR,ERR,ERR,ERR,ERR,ERR,ERR,ERR,ERR,ERR,ERR,ERR,ERR,ERR,ERR,ERR,ERR,ERR,ERR,ERR,ERR,ERR,ERR,ERR,ERR,ERR,ERR,ERR,ERR,ERR,ERR,ERR,ERR,ERR,ERR,ERR,ERR,ERR,ERR,ERR,ERR,ERR,ERR,ERR,ERR,ERR,ERR,ERR,ERR,ERR,ERR,ERR,ERR,ERR,ERR,ERR,ERR,ERR,ERR,ERR,ERR,ERR,ERR,ERR,ERR,ERR,ERR,ERR,ERR,ERR,ERR,ERR,0.0,-0.0,-0.0,0.0,0.0,1.3936040501711995e+18,7.805,0.0,0,0,4,0,8422,0.0,45,0.0,0.0,0.0,0.0,0.0,0,0,0,0,0.0,0,0,0,0,0,0,0,0,0,0,0,0,0,0,0,0,0,0,0,0,0,0,0,0,0,0,0,0,0,0,0,0,0,38,14,7,45,65476,0,300,0,0,8,21553,0.0,-107605600.0,0.0,0.0,0.0,0.0,0.0,0.0,0.0,0.0,0.0,0.0,0.0,0.0,0.0,0.0,0.0,0.0,0.0,0.0,0.0,0.0,-2.004,-0.0,-0.0,-2.004,0.0,0.0,0.0,0.0,5035.0,-131350.453,0.0,0.0,-107615288.0,0.0,-0.0,0.0,0.0,0.0,0.0,53,107615344.0,-0.0,0.0,0.0,0.0,0.0,0.0,0.0,0.0,0,0,0,0.0,0.0,0.0,0.0,0.0,0.0,0.0,0.0,0.0,0.0,0.0,0.0,0.0,0.0,0.0,0.0,0,-107875648.0,53,0.0,106,-107614832.0,-107350944.0,ERR,ERR,ERR,ERR,ERR,ERR,ERR,ERR,ERR,ERR,ERR,ERR,ERR,ERR,ERR,ERR,ERR,ERR,ERR,ERR,ERR,ERR,ERR,ERR,ERR,ERR,ERR,ERR,ERR,ERR,ERR,ERR,ERR,ERR,ERR,ERR,ERR,ERR,ERR,ERR,ERR,ERR,ERR,ERR,ERR,ERR,ERR,ERR,ERR,ERR,ERR,ERR,ERR,ERR,ERR,ERR,ERR,ERR,ERR,ERR,ERR,ERR,ERR,ERR,ERR,ERR,ERR,50.0,60.0,100,0.0,0.0,0.0,0.0,0.0,0.0,0.0,0.0,0.0,0.0,0.0,0.0,0.0,0.0,0.0,0.0,61.6,65,20,65521,50,65476,0,300,0,0,8,20529,65476,0,0,26214,60.0,0.0,0.0,0.0,0.0,0.0
2026-05-17T16:13:25,ERR,ERR,ERR,ERR,ERR,ERR,ERR,ERR,ERR,ERR,ERR,ERR,ERR,ERR,ERR,ERR,ERR,ERR,ERR,ERR,ERR,ERR,ERR,ERR,ERR,ERR,ERR,ERR,ERR,ERR,ERR,ERR,ERR,ERR,ERR,ERR,ERR,ERR,ERR,ERR,ERR,ERR,ERR,ERR,ERR,ERR,ERR,ERR,ERR,ERR,ERR,ERR,ERR,ERR,ERR,ERR,ERR,ERR,ERR,ERR,ERR,ERR,ERR,ERR,ERR,ERR,ERR,ERR,ERR,ERR,ERR,ERR,ERR,ERR,ERR,ERR,ERR,ERR,ERR,ERR,ERR,ERR,ERR,ERR,ERR,ERR,ERR,ERR,ERR,ERR,ERR,ERR,ERR,ERR,ERR,ERR,ERR,ERR,ERR,ERR,ERR,ERR,ERR,ERR,ERR,ERR,ERR,ERR,ERR,ERR,ERR,ERR,ERR,ERR,ERR,ERR,ERR,ERR,ERR,ERR,ERR,ERR,ERR,ERR,ERR,0.0,-0.0,-0.0,0.0,0.0,1.3936040501711995e+18,7.805,0.0,0,0,4,0,8422,0.0,45,0.0,0.0,0.0,0.0,0.0,0,0,0,0,0.0,0,0,0,0,0,0,0,0,0,0,0,0,0,0,0,0,0,0,0,0,0,0,0,0,0,0,0,0,0,0,0,0,0,38,14,7,45,65476,0,300,0,0,8,21553,0.0,-107605600.0,0.0,0.0,0.0,0.0,0.0,0.0,0.0,0.0,0.0,0.0,0.0,0.0,0.0,0.0,0.0,0.0,0.0,0.0,0.0,0.0,-2.004,-0.0,-0.0,-2.004,0.0,0.0,0.0,0.0,5035.0,-131350.453,0.0,0.0,-107615288.0,0.0,-0.0,0.0,0.0,0.0,0.0,53,107615344.0,-0.0,0.0,0.0,0.0,0.0,0.0,0.0,0.0,0,0,0,0.0,0.0,0.0,0.0,0.0,0.0,0.0,0.0,0.0,0.0,0.0,0.0,0.0,0.0,0.0,0.0,0,-107875648.0,53,0.0,106,-107614832.0,-107350944.0,ERR,ERR,ERR,ERR,ERR,ERR,ERR,ERR,ERR,ERR,ERR,ERR,ERR,ERR,ERR,ERR,ERR,ERR,ERR,ERR,ERR,ERR,ERR,ERR,ERR,ERR,ERR,ERR,ERR,ERR,ERR,ERR,ERR,ERR,ERR,ERR,ERR,ERR,ERR,ERR,ERR,ERR,ERR,ERR,ERR,ERR,ERR,ERR,ERR,ERR,ERR,ERR,ERR,ERR,ERR,ERR,ERR,ERR,ERR,ERR,ERR,ERR,ERR,ERR,ERR,ERR,ERR,50.0,60.0,100,0.0,0.0,0.0,0.0,0.0,0.0,0.0,0.0,0.0,0.0,0.0,0.0,0.0,0.0,0.0,0.0,61.6,65,20,65521,50,65476,0,300,0,0,8,20529,65476,0,0,26214,60.0,0.0,0.0,0.0,0.0,0.0
2026-05-17T16:13:26,ERR,ERR,ERR,ERR,ERR,ERR,ERR,ERR,ERR,ERR,ERR,ERR,ERR,ERR,ERR,ERR,ERR,ERR,ERR,ERR,ERR,ERR,ERR,ERR,ERR,ERR,ERR,ERR,ERR,ERR,ERR,ERR,ERR,ERR,ERR,ERR,ERR,ERR,ERR,ERR,ERR,ERR,ERR,ERR,ERR,ERR,ERR,ERR,ERR,ERR,ERR,ERR,ERR,ERR,ERR,ERR,ERR,ERR,ERR,ERR,ERR,ERR,ERR,ERR,ERR,ERR,ERR,ERR,ERR,ERR,ERR,ERR,ERR,ERR,ERR,ERR,ERR,ERR,ERR,ERR,ERR,ERR,ERR,ERR,ERR,ERR,ERR,ERR,ERR,ERR,ERR,ERR,ERR,ERR,ERR,ERR,ERR,ERR,ERR,ERR,ERR,ERR,ERR,ERR,ERR,ERR,ERR,ERR,ERR,ERR,ERR,ERR,ERR,ERR,ERR,ERR,ERR,ERR,ERR,ERR,ERR,ERR,ERR,ERR,ERR,0.0,-0.0,-0.0,0.0,0.0,1.3936040501711995e+18,7.805,0.0,0,0,4,0,8422,0.0,45,0.0,0.0,0.0,0.0,0.0,0,0,0,0,0.0,0,0,0,0,0,0,0,0,0,0,0,0,0,0,0,0,0,0,0,0,0,0,0,0,0,0,0,0,0,0,0,0,0,38,14,7,45,65476,0,300,0,0,8,21553,0.0,-107605600.0,0.0,0.0,0.0,0.0,0.0,0.0,0.0,0.0,0.0,0.0,0.0,0.0,0.0,0.0,0.0,0.0,0.0,0.0,0.0,0.0,-2.004,-0.0,-0.0,-2.004,0.0,0.0,0.0,0.0,5035.0,-131350.453,0.0,0.0,-107615288.0,0.0,-0.0,0.0,0.0,0.0,0.0,53,107615344.0,-0.0,0.0,0.0,0.0,0.0,0.0,0.0,0.0,0,0,0,0.0,0.0,0.0,0.0,0.0,0.0,0.0,0.0,0.0,0.0,0.0,0.0,0.0,0.0,0.0,0.0,0,-107875648.0,53,0.0,106,-107614832.0,-107350944.0,ERR,ERR,ERR,ERR,ERR,ERR,ERR,ERR,ERR,ERR,ERR,ERR,ERR,ERR,ERR,ERR,ERR,ERR,ERR,ERR,ERR,ERR,ERR,ERR,ERR,ERR,ERR,ERR,ERR,ERR,ERR,ERR,ERR,ERR,ERR,ERR,ERR,ERR,ERR,ERR,ERR,ERR,ERR,ERR,ERR,ERR,ERR,ERR,ERR,ERR,ERR,ERR,ERR,ERR,ERR,ERR,ERR,ERR,ERR,ERR,ERR,ERR,ERR,ERR,ERR,ERR,ERR,50.0,60.0,100,0.0,0.0,0.0,0.0,0.0,0.0,0.0,0.0,0.0,0.0,0.0,0.0,0.0,0.0,0.0,0.0,61.6,65,20,65521,50,65476,0,300,0,0,8,20529,65476,0,0,26214,60.0,0.0,0.0,0.0,0.0,0.0
2026-05-17T16:13:27,ERR,ERR,ERR,ERR,ERR,ERR,ERR,ERR,ERR,ERR,ERR,ERR,ERR,ERR,ERR,ERR,ERR,ERR,ERR,ERR,ERR,ERR,ERR,ERR,ERR,ERR,ERR,ERR,ERR,ERR,ERR,ERR,ERR,ERR,ERR,ERR,ERR,ERR,ERR,ERR,ERR,ERR,ERR,ERR,ERR,ERR,ERR,ERR,ERR,ERR,ERR,ERR,ERR,ERR,ERR,ERR,ERR,ERR,ERR,ERR,ERR,ERR,ERR,ERR,ERR,ERR,ERR,ERR,ERR,ERR,ERR,ERR,ERR,ERR,ERR,ERR,ERR,ERR,ERR,ERR,ERR,ERR,ERR,ERR,ERR,ERR,ERR,ERR,ERR,ERR,ERR,ERR,ERR,ERR,ERR,ERR,ERR,ERR,ERR,ERR,ERR,ERR,ERR,ERR,ERR,ERR,ERR,ERR,ERR,ERR,ERR,ERR,ERR,ERR,ERR,ERR,ERR,ERR,ERR,ERR,ERR,ERR,ERR,ERR,ERR,0.0,-0.0,-0.0,0.0,0.0,1.3936040501711995e+18,7.805,0.0,0,0,4,0,8422,0.0,45,0.0,0.0,0.0,0.0,0.0,0,0,0,0,0.0,0,0,0,0,0,0,0,0,0,0,0,0,0,0,0,0,0,0,0,0,0,0,0,0,0,0,0,0,0,0,0,0,0,38,14,7,45,65476,0,300,0,0,8,21553,0.0,-107605600.0,0.0,0.0,0.0,0.0,0.0,0.0,0.0,0.0,0.0,0.0,0.0,0.0,0.0,0.0,0.0,0.0,0.0,0.0,0.0,0.0,-2.004,-0.0,-0.0,-2.004,0.0,0.0,0.0,0.0,5035.0,-131350.453,0.0,0.0,-107615288.0,0.0,-0.0,0.0,0.0,0.0,0.0,53,107615344.0,-0.0,0.0,0.0,0.0,0.0,0.0,0.0,0.0,0,0,0,0.0,0.0,0.0,0.0,0.0,0.0,0.0,0.0,0.0,0.0,0.0,0.0,0.0,0.0,0.0,0.0,0,-107875648.0,53,0.0,106,-107614832.0,-107350944.0,ERR,ERR,ERR,ERR,ERR,ERR,ERR,ERR,ERR,ERR,ERR,ERR,ERR,ERR,ERR,ERR,ERR,ERR,ERR,ERR,ERR,ERR,ERR,ERR,ERR,ERR,ERR,ERR,ERR,ERR,ERR,ERR,ERR,ERR,ERR,ERR,ERR,ERR,ERR,ERR,ERR,ERR,ERR,ERR,ERR,ERR,ERR,ERR,ERR,ERR,ERR,ERR,ERR,ERR,ERR,ERR,ERR,ERR,ERR,ERR,ERR,ERR,ERR,ERR,ERR,ERR,ERR,50.0,60.0,100,0.0,0.0,0.0,0.0,0.0,0.0,0.0,0.0,0.0,0.0,0.0,0.0,0.0,0.0,0.0,0.0,61.6,65,20,65521,50,65476,0,300,0,0,8,20529,65476,0,0,26214,60.0,0.0,0.0,0.0,0.0,0.0
2026-05-17T16:13:28,ERR,ERR,ERR,ERR,ERR,ERR,ERR,ERR,ERR,ERR,ERR,ERR,ERR,ERR,ERR,ERR,ERR,ERR,ERR,ERR,ERR,ERR,ERR,ERR,ERR,ERR,ERR,ERR,ERR,ERR,ERR,ERR,ERR,ERR,ERR,ERR,ERR,ERR,ERR,ERR,ERR,ERR,ERR,ERR,ERR,ERR,ERR,ERR,ERR,ERR,ERR,ERR,ERR,ERR,ERR,ERR,ERR,ERR,ERR,ERR,ERR,ERR,ERR,ERR,ERR,ERR,ERR,ERR,ERR,ERR,ERR,ERR,ERR,ERR,ERR,ERR,ERR,ERR,ERR,ERR,ERR,ERR,ERR,ERR,ERR,ERR,ERR,ERR,ERR,ERR,ERR,ERR,ERR,ERR,ERR,ERR,ERR,ERR,ERR,ERR,ERR,ERR,ERR,ERR,ERR,ERR,ERR,ERR,ERR,ERR,ERR,ERR,ERR,ERR,ERR,ERR,ERR,ERR,ERR,ERR,ERR,ERR,ERR,ERR,ERR,0.0,-107615288.0,-134474944.0,0.0,0.0,1.3936040501711995e+18,7.805,0.0,0,0,4,0,8422,0.0,45,0.0,0.0,0.0,0.0,0.0,0,0,0,0,0.0,0,0,0,0,0,0,0,0,0,0,0,0,0,0,0,0,0,0,0,0,0,0,0,0,0,0,0,0,0,0,0,0,0,38,14,7,45,65476,0,300,0,0,8,21553,0.0,-107605600.0,0.0,0.0,0.0,0.0,0.0,0.0,0.0,0.0,0.0,0.0,0.0,0.0,0.0,0.0,0.0,0.0,0.0,0.0,0.0,0.0,-2.004,-0.0,-0.0,0.0,0.0,0.0,0.0,0.0,5001.0,-2.004,0.0,0.0,-107615288.0,0.0,2.718429120148166e+23,0.0,0.0,0.0,0.0,53,126841110528.0,1.9056859227671757e+17,0.0,0.0,0.0,0.0,0.0,0.0,0.0,0,0,0,0.0,0.0,0.0,0.0,0.0,0.0,0.0,0.0,0.0,0.0,0.0,0.0,0.0,0.0,0.0,0.0,0,-107875648.0,53,0.0,106,-107614832.0,-107350944.0,ERR,ERR,ERR,ERR,ERR,ERR,ERR,ERR,ERR,ERR,ERR,ERR,ERR,ERR,ERR,ERR,ERR,ERR,ERR,ERR,ERR,ERR,ERR,ERR,ERR,ERR,ERR,ERR,ERR,ERR,ERR,ERR,ERR,ERR,ERR,ERR,ERR,ERR,ERR,ERR,ERR,ERR,ERR,ERR,ERR,ERR,ERR,ERR,ERR,ERR,ERR,ERR,ERR,ERR,ERR,ERR,ERR,ERR,ERR,ERR,ERR,ERR,ERR,ERR,ERR,ERR,ERR,50.0,60.0,100,0.0,0.0,0.0,0.0,0.0,0.0,0.0,0.0,0.0,0.0,0.0,0.0,0.0,0.0,0.0,0.0,61.6,65,20,65521,50,65476,0,300,0,0,8,20529,65476,0,0,26214,60.0,0.0,0.0,0.0,0.0,0.0
2026-05-17T16:13:29,ERR,ERR,ERR,ERR,ERR,ERR,ERR,ERR,ERR,ERR,ERR,ERR,ERR,ERR,ERR,ERR,ERR,ERR,ERR,ERR,ERR,ERR,ERR,ERR,ERR,ERR,ERR,ERR,ERR,ERR,ERR,ERR,ERR,ERR,ERR,ERR,ERR,ERR,ERR,ERR,ERR,ERR,ERR,ERR,ERR,ERR,ERR,ERR,ERR,ERR,ERR,ERR,ERR,ERR,ERR,ERR,ERR,ERR,ERR,ERR,ERR,ERR,ERR,ERR,ERR,ERR,ERR,ERR,ERR,ERR,ERR,ERR,ERR,ERR,ERR,ERR,ERR,ERR,ERR,ERR,ERR,ERR,ERR,ERR,ERR,ERR,ERR,ERR,ERR,ERR,ERR,ERR,ERR,ERR,ERR,ERR,ERR,ERR,ERR,ERR,ERR,ERR,ERR,ERR,ERR,ERR,ERR,ERR,ERR,ERR,ERR,ERR,ERR,ERR,ERR,ERR,ERR,ERR,ERR,ERR,ERR,ERR,ERR,ERR,ERR,0.0,-107615288.0,-134474944.0,0.0,0.0,1.3936040501711995e+18,7.805,0.0,0,0,4,0,8422,0.0,45,0.0,0.0,0.0,0.0,0.0,0,0,0,0,0.0,0,0,0,0,0,0,0,0,0,0,0,0,0,0,0,0,0,0,0,0,0,0,0,0,0,0,0,0,0,0,0,0,0,38,14,7,45,65476,0,300,0,0,8,21553,0.0,-107605600.0,0.0,0.0,0.0,0.0,0.0,0.0,0.0,0.0,0.0,0.0,0.0,0.0,0.0,0.0,0.0,0.0,0.0,0.0,0.0,0.0,-2.004,-0.0,-0.0,0.0,0.0,0.0,0.0,0.0,5001.0,-2.004,0.0,0.0,-107615288.0,0.0,2.718429120148166e+23,0.0,0.0,0.0,0.0,53,126841110528.0,1.9056859227671757e+17,0.0,0.0,0.0,0.0,0.0,0.0,0.0,0,0,0,0.0,0.0,0.0,0.0,0.0,0.0,0.0,0.0,0.0,0.0,0.0,0.0,0.0,0.0,0.0,0.0,0,-107875648.0,53,0.0,106,-107614832.0,-107350944.0,ERR,ERR,ERR,ERR,ERR,ERR,ERR,ERR,ERR,ERR,ERR,ERR,ERR,ERR,ERR,ERR,ERR,ERR,ERR,ERR,ERR,ERR,ERR,ERR,ERR,ERR,ERR,ERR,ERR,ERR,ERR,ERR,ERR,ERR,ERR,ERR,ERR,ERR,ERR,ERR,ERR,ERR,ERR,ERR,ERR,ERR,ERR,ERR,ERR,ERR,ERR,ERR,ERR,ERR,ERR,ERR,ERR,ERR,ERR,ERR,ERR,ERR,ERR,ERR,ERR,ERR,ERR,50.0,60.0,100,0.0,0.0,0.0,0.0,0.0,0.0,0.0,0.0,0.0,0.0,0.0,0.0,0.0,0.0,0.0,0.0,61.6,65,20,65521,50,65476,0,300,0,0,8,20529,65476,0,0,26214,60.0,0.0,0.0,0.0,0.0,0.0
2026-05-17T16:13:30,ERR,ERR,ERR,ERR,ERR,ERR,ERR,ERR,ERR,ERR,ERR,ERR,ERR,ERR,ERR,ERR,ERR,ERR,ERR,ERR,ERR,ERR,ERR,ERR,ERR,ERR,ERR,ERR,ERR,ERR,ERR,ERR,ERR,ERR,ERR,ERR,ERR,ERR,ERR,ERR,ERR,ERR,ERR,ERR,ERR,ERR,ERR,ERR,ERR,ERR,ERR,ERR,ERR,ERR,ERR,ERR,ERR,ERR,ERR,ERR,ERR,ERR,ERR,ERR,ERR,ERR,ERR,ERR,ERR,ERR,ERR,ERR,ERR,ERR,ERR,ERR,ERR,ERR,ERR,ERR,ERR,ERR,ERR,ERR,ERR,ERR,ERR,ERR,ERR,ERR,ERR,ERR,ERR,ERR,ERR,ERR,ERR,ERR,ERR,ERR,ERR,ERR,ERR,ERR,ERR,ERR,ERR,ERR,ERR,ERR,ERR,ERR,ERR,ERR,ERR,ERR,ERR,ERR,ERR,ERR,ERR,ERR,ERR,ERR,ERR,0.0,-107615288.0,-134474944.0,0.0,0.0,1.3936040501711995e+18,7.805,0.0,0,0,4,0,8422,0.0,45,0.0,0.0,0.0,0.0,0.0,0,0,0,0,0.0,0,0,0,0,0,0,0,0,0,0,0,0,0,0,0,0,0,0,0,0,0,0,0,0,0,0,0,0,0,0,0,0,0,38,14,7,45,65476,0,300,0,0,8,21553,0.0,-107605600.0,0.0,0.0,0.0,0.0,0.0,0.0,0.0,0.0,0.0,0.0,0.0,0.0,0.0,0.0,0.0,0.0,0.0,0.0,0.0,0.0,-2.004,-0.0,-0.0,0.0,0.0,0.0,0.0,0.0,5001.0,-2.004,0.0,0.0,-107615288.0,0.0,2.718429120148166e+23,0.0,0.0,0.0,0.0,53,126841110528.0,1.9056859227671757e+17,0.0,0.0,0.0,0.0,0.0,0.0,0.0,0,0,0,0.0,0.0,0.0,0.0,0.0,0.0,0.0,0.0,0.0,0.0,0.0,0.0,0.0,0.0,0.0,0.0,0,-107875648.0,53,0.0,106,-107614832.0,-107350944.0,ERR,ERR,ERR,ERR,ERR,ERR,ERR,ERR,ERR,ERR,ERR,ERR,ERR,ERR,ERR,ERR,ERR,ERR,ERR,ERR,ERR,ERR,ERR,ERR,ERR,ERR,ERR,ERR,ERR,ERR,ERR,ERR,ERR,ERR,ERR,ERR,ERR,ERR,ERR,ERR,ERR,ERR,ERR,ERR,ERR,ERR,ERR,ERR,ERR,ERR,ERR,ERR,ERR,ERR,ERR,ERR,ERR,ERR,ERR,ERR,ERR,ERR,ERR,ERR,ERR,ERR,ERR,50.0,60.0,100,0.0,0.0,0.0,0.0,0.0,0.0,0.0,0.0,0.0,0.0,0.0,0.0,0.0,0.0,0.0,0.0,61.6,65,20,65521,50,65476,0,300,0,0,8,20529,65476,0,0,26214,60.0,0.0,0.0,0.0,0.0,0.0
2026-05-17T16:13:31,ERR,ERR,ERR,ERR,ERR,ERR,ERR,ERR,ERR,ERR,ERR,ERR,ERR,ERR,ERR,ERR,ERR,ERR,ERR,ERR,ERR,ERR,ERR,ERR,ERR,ERR,ERR,ERR,ERR,ERR,ERR,ERR,ERR,ERR,ERR,ERR,ERR,ERR,ERR,ERR,ERR,ERR,ERR,ERR,ERR,ERR,ERR,ERR,ERR,ERR,ERR,ERR,ERR,ERR,ERR,ERR,ERR,ERR,ERR,ERR,ERR,ERR,ERR,ERR,ERR,ERR,ERR,ERR,ERR,ERR,ERR,ERR,ERR,ERR,ERR,ERR,ERR,ERR,ERR,ERR,ERR,ERR,ERR,ERR,ERR,ERR,ERR,ERR,ERR,ERR,ERR,ERR,ERR,ERR,ERR,ERR,ERR,ERR,ERR,ERR,ERR,ERR,ERR,ERR,ERR,ERR,ERR,ERR,ERR,ERR,ERR,ERR,ERR,ERR,ERR,ERR,ERR,ERR,ERR,ERR,ERR,ERR,ERR,ERR,ERR,0.0,-107615288.0,-134474944.0,0.0,0.0,1.3936040501711995e+18,7.805,0.0,0,0,4,0,8422,0.0,45,0.0,0.0,0.0,0.0,0.0,0,0,0,0,0.0,0,0,0,0,0,0,0,0,0,0,0,0,0,0,0,0,0,0,0,0,0,0,0,0,0,0,0,0,0,0,0,0,0,38,14,7,45,65476,0,300,0,0,8,21553,0.0,-107605600.0,0.0,0.0,0.0,0.0,0.0,0.0,0.0,0.0,0.0,0.0,0.0,0.0,0.0,0.0,0.0,0.0,0.0,0.0,0.0,0.0,-2.004,-0.0,-0.0,0.0,0.0,0.0,0.0,0.0,5001.0,-2.004,0.0,0.0,-107615288.0,0.0,2.718429120148166e+23,0.0,0.0,0.0,0.0,53,126841110528.0,1.9056859227671757e+17,0.0,0.0,0.0,0.0,0.0,0.0,0.0,0,0,0,0.0,0.0,0.0,0.0,0.0,0.0,0.0,0.0,0.0,0.0,0.0,0.0,0.0,0.0,0.0,0.0,0,-107875648.0,53,0.0,106,-107614832.0,-107350944.0,ERR,ERR,ERR,ERR,ERR,ERR,ERR,ERR,ERR,ERR,ERR,ERR,ERR,ERR,ERR,ERR,ERR,ERR,ERR,ERR,ERR,ERR,ERR,ERR,ERR,ERR,ERR,ERR,ERR,ERR,ERR,ERR,ERR,ERR,ERR,ERR,ERR,ERR,ERR,ERR,ERR,ERR,ERR,ERR,ERR,ERR,ERR,ERR,ERR,ERR,ERR,ERR,ERR,ERR,ERR,ERR,ERR,ERR,ERR,ERR,ERR,ERR,ERR,ERR,ERR,ERR,ERR,50.0,60.0,100,0.0,0.0,0.0,0.0,0.0,0.0,0.0,0.0,0.0,0.0,0.0,0.0,0.0,0.0,0.0,0.0,62.0,65,20,65521,50,65476,0,300,0,0,8,20529,65476,0,0,26214,60.0,0.0,0.0,0.0,0.0,0.0
2026-05-17T16:13:32,ERR,ERR,ERR,ERR,ERR,ERR,ERR,ERR,ERR,ERR,ERR,ERR,ERR,ERR,ERR,ERR,ERR,ERR,ERR,ERR,ERR,ERR,ERR,ERR,ERR,ERR,ERR,ERR,ERR,ERR,ERR,ERR,ERR,ERR,ERR,ERR,ERR,ERR,ERR,ERR,ERR,ERR,ERR,ERR,ERR,ERR,ERR,ERR,ERR,ERR,ERR,ERR,ERR,ERR,ERR,ERR,ERR,ERR,ERR,ERR,ERR,ERR,ERR,ERR,ERR,ERR,ERR,ERR,ERR,ERR,ERR,ERR,ERR,ERR,ERR,ERR,ERR,ERR,ERR,ERR,ERR,ERR,ERR,ERR,ERR,ERR,ERR,ERR,ERR,ERR,ERR,ERR,ERR,ERR,ERR,ERR,ERR,ERR,ERR,ERR,ERR,ERR,ERR,ERR,ERR,ERR,ERR,ERR,ERR,ERR,ERR,ERR,ERR,ERR,ERR,ERR,ERR,ERR,ERR,ERR,ERR,ERR,ERR,ERR,ERR,0.0,-107615288.0,-134474944.0,0.0,0.0,1.3936040501711995e+18,7.805,0.0,0,0,4,0,8422,0.0,45,0.0,0.0,0.0,0.0,0.0,0,0,0,0,0.0,0,0,0,0,0,0,0,0,0,0,0,0,0,0,0,0,0,0,0,0,0,0,0,0,0,0,0,0,0,0,0,0,0,38,14,7,45,65476,0,300,0,0,8,21553,0.0,-107605600.0,0.0,0.0,0.0,0.0,0.0,0.0,0.0,0.0,0.0,0.0,0.0,0.0,0.0,0.0,0.0,0.0,0.0,0.0,0.0,0.0,-2.004,-0.0,-0.0,0.0,0.0,0.0,0.0,0.0,5001.0,-2.004,0.0,0.0,-107615288.0,0.0,2.718429120148166e+23,0.0,0.0,0.0,0.0,53,126841110528.0,1.9056859227671757e+17,0.0,0.0,0.0,0.0,0.0,0.0,0.0,0,0,0,0.0,0.0,0.0,0.0,0.0,0.0,0.0,0.0,0.0,0.0,0.0,0.0,0.0,0.0,0.0,0.0,0,-107875648.0,53,0.0,106,-107614832.0,-107350944.0,ERR,ERR,ERR,ERR,ERR,ERR,ERR,ERR,ERR,ERR,ERR,ERR,ERR,ERR,ERR,ERR,ERR,ERR,ERR,ERR,ERR,ERR,ERR,ERR,ERR,ERR,ERR,ERR,ERR,ERR,ERR,ERR,ERR,ERR,ERR,ERR,ERR,ERR,ERR,ERR,ERR,ERR,ERR,ERR,ERR,ERR,ERR,ERR,ERR,ERR,ERR,ERR,ERR,ERR,ERR,ERR,ERR,ERR,ERR,ERR,ERR,ERR,ERR,ERR,ERR,ERR,ERR,50.0,60.0,100,0.0,0.0,0.0,0.0,0.0,0.0,0.0,0.0,0.0,0.0,0.0,0.0,0.0,0.0,0.0,0.0,62.0,65,20,65521,50,65476,0,300,0,0,8,20529,65476,0,0,26214,60.0,0.0,0.0,0.0,0.0,0.0
2026-05-17T16:13:33,ERR,ERR,ERR,ERR,ERR,ERR,ERR,ERR,ERR,ERR,ERR,ERR,ERR,ERR,ERR,ERR,ERR,ERR,ERR,ERR,ERR,ERR,ERR,ERR,ERR,ERR,ERR,ERR,ERR,ERR,ERR,ERR,ERR,ERR,ERR,ERR,ERR,ERR,ERR,ERR,ERR,ERR,ERR,ERR,ERR,ERR,ERR,ERR,ERR,ERR,ERR,ERR,ERR,ERR,ERR,ERR,ERR,ERR,ERR,ERR,ERR,ERR,ERR,ERR,ERR,ERR,ERR,ERR,ERR,ERR,ERR,ERR,ERR,ERR,ERR,ERR,ERR,ERR,ERR,ERR,ERR,ERR,ERR,ERR,ERR,ERR,ERR,ERR,ERR,ERR,ERR,ERR,ERR,ERR,ERR,ERR,ERR,ERR,ERR,ERR,ERR,ERR,ERR,ERR,ERR,ERR,ERR,ERR,ERR,ERR,ERR,ERR,ERR,ERR,ERR,ERR,ERR,ERR,ERR,ERR,ERR,ERR,ERR,ERR,ERR,0.0,-0.0,-0.0,0.0,0.0,1.3936040501711995e+18,7.805,0.0,0,0,4,0,8422,0.0,45,0.0,0.0,0.0,0.0,0.0,0,0,0,0,0.0,0,0,0,0,0,0,0,0,0,0,0,0,0,0,0,0,0,0,0,0,0,0,0,0,0,0,0,0,0,0,0,0,0,38,14,7,45,65476,0,300,0,0,8,21553,0.0,-107605600.0,0.0,0.0,0.0,0.0,0.0,0.0,0.0,0.0,0.0,0.0,0.0,0.0,0.0,0.0,0.0,0.0,0.0,0.0,0.0,0.0,-2.004,-0.0,-0.0,0.0,0.0,0.0,0.0,0.0,5010.0,564145833377792.0,0.0,0.0,-0.0,0.0,2.718429120148166e+23,0.0,0.0,0.0,0.0,53,2.3088403658719416e+20,0.0,0.0,0.0,0.0,0.0,0.0,0.0,0.0,0,0,0,0.0,0.0,0.0,0.0,0.0,0.0,0.0,0.0,0.0,0.0,0.0,0.0,0.0,0.0,0.0,0.0,0,-107875648.0,53,0.0,106,-107614832.0,-107350944.0,ERR,ERR,ERR,ERR,ERR,ERR,ERR,ERR,ERR,ERR,ERR,ERR,ERR,ERR,ERR,ERR,ERR,ERR,ERR,ERR,ERR,ERR,ERR,ERR,ERR,ERR,ERR,ERR,ERR,ERR,ERR,ERR,ERR,ERR,ERR,ERR,ERR,ERR,ERR,ERR,ERR,ERR,ERR,ERR,ERR,ERR,ERR,ERR,ERR,ERR,ERR,ERR,ERR,ERR,ERR,ERR,ERR,ERR,ERR,ERR,ERR,ERR,ERR,ERR,ERR,ERR,ERR,50.0,60.0,100,0.0,0.0,0.0,0.0,0.0,0.0,0.0,0.0,0.0,0.0,0.0,0.0,0.0,0.0,0.0,0.0,61.6,65,20,65521,50,65476,0,300,0,0,8,20529,65476,0,0,26214,60.0,0.0,0.0,0.0,0.0,0.0
2026-05-17T16:13:34,ERR,ERR,ERR,ERR,ERR,ERR,ERR,ERR,ERR,ERR,ERR,ERR,ERR,ERR,ERR,ERR,ERR,ERR,ERR,ERR,ERR,ERR,ERR,ERR,ERR,ERR,ERR,ERR,ERR,ERR,ERR,ERR,ERR,ERR,ERR,ERR,ERR,ERR,ERR,ERR,ERR,ERR,ERR,ERR,ERR,ERR,ERR,ERR,ERR,ERR,ERR,ERR,ERR,ERR,ERR,ERR,ERR,ERR,ERR,ERR,ERR,ERR,ERR,ERR,ERR,ERR,ERR,ERR,ERR,ERR,ERR,ERR,ERR,ERR,ERR,ERR,ERR,ERR,ERR,ERR,ERR,ERR,ERR,ERR,ERR,ERR,ERR,ERR,ERR,ERR,ERR,ERR,ERR,ERR,ERR,ERR,ERR,ERR,ERR,ERR,ERR,ERR,ERR,ERR,ERR,ERR,ERR,ERR,ERR,ERR,ERR,ERR,ERR,ERR,ERR,ERR,ERR,ERR,ERR,ERR,ERR,ERR,ERR,ERR,ERR,0.0,-0.0,-0.0,0.0,0.0,1.3936040501711995e+18,7.805,0.0,0,0,4,0,8422,0.0,45,0.0,0.0,0.0,0.0,0.0,0,0,0,0,0.0,0,0,0,0,0,0,0,0,0,0,0,0,0,0,0,0,0,0,0,0,0,0,0,0,0,0,0,0,0,0,0,0,0,38,14,7,45,65476,0,300,0,0,8,21553,0.0,-107605600.0,0.0,0.0,0.0,0.0,0.0,0.0,0.0,0.0,0.0,0.0,0.0,0.0,0.0,0.0,0.0,0.0,0.0,0.0,0.0,0.0,-2.004,-0.0,-0.0,0.0,0.0,0.0,0.0,0.0,5010.0,564145833377792.0,0.0,0.0,-0.0,0.0,2.718429120148166e+23,0.0,0.0,0.0,0.0,53,2.3088403658719416e+20,0.0,0.0,0.0,0.0,0.0,0.0,0.0,0.0,0,0,0,0.0,0.0,0.0,0.0,0.0,0.0,0.0,0.0,0.0,0.0,0.0,0.0,0.0,0.0,0.0,0.0,0,-107875648.0,53,0.0,106,-107614832.0,-107350944.0,ERR,ERR,ERR,ERR,ERR,ERR,ERR,ERR,ERR,ERR,ERR,ERR,ERR,ERR,ERR,ERR,ERR,ERR,ERR,ERR,ERR,ERR,ERR,ERR,ERR,ERR,ERR,ERR,ERR,ERR,ERR,ERR,ERR,ERR,ERR,ERR,ERR,ERR,ERR,ERR,ERR,ERR,ERR,ERR,ERR,ERR,ERR,ERR,ERR,ERR,ERR,ERR,ERR,ERR,ERR,ERR,ERR,ERR,ERR,ERR,ERR,ERR,ERR,ERR,ERR,ERR,ERR,50.0,60.0,100,0.0,0.0,0.0,0.0,0.0,0.0,0.0,0.0,0.0,0.0,0.0,0.0,0.0,0.0,0.0,0.0,61.6,65,20,65521,50,65476,0,300,0,0,8,20529,65476,0,0,26214,60.0,0.0,0.0,0.0,0.0,0.0
2026-05-17T16:13:35,ERR,ERR,ERR,ERR,ERR,ERR,ERR,ERR,ERR,ERR,ERR,ERR,ERR,ERR,ERR,ERR,ERR,ERR,ERR,ERR,ERR,ERR,ERR,ERR,ERR,ERR,ERR,ERR,ERR,ERR,ERR,ERR,ERR,ERR,ERR,ERR,ERR,ERR,ERR,ERR,ERR,ERR,ERR,ERR,ERR,ERR,ERR,ERR,ERR,ERR,ERR,ERR,ERR,ERR,ERR,ERR,ERR,ERR,ERR,ERR,ERR,ERR,ERR,ERR,ERR,ERR,ERR,ERR,ERR,ERR,ERR,ERR,ERR,ERR,ERR,ERR,ERR,ERR,ERR,ERR,ERR,ERR,ERR,ERR,ERR,ERR,ERR,ERR,ERR,ERR,ERR,ERR,ERR,ERR,ERR,ERR,ERR,ERR,ERR,ERR,ERR,ERR,ERR,ERR,ERR,ERR,ERR,ERR,ERR,ERR,ERR,ERR,ERR,ERR,ERR,ERR,ERR,ERR,ERR,ERR,ERR,ERR,ERR,ERR,ERR,0.0,-0.0,-0.0,0.0,0.0,1.3936040501711995e+18,7.805,0.0,0,0,4,0,8422,0.0,45,0.0,0.0,0.0,0.0,0.0,0,0,0,0,0.0,0,0,0,0,0,0,0,0,0,0,0,0,0,0,0,0,0,0,0,0,0,0,0,0,0,0,0,0,0,0,0,0,0,38,14,7,45,65476,0,300,0,0,8,21553,0.0,-107605600.0,0.0,0.0,0.0,0.0,0.0,0.0,0.0,0.0,0.0,0.0,0.0,0.0,0.0,0.0,0.0,0.0,0.0,0.0,0.0,0.0,-2.004,-0.0,-0.0,0.0,0.0,0.0,0.0,0.0,5010.0,564145833377792.0,0.0,0.0,-0.0,0.0,2.718429120148166e+23,0.0,0.0,0.0,0.0,53,2.3088403658719416e+20,0.0,0.0,0.0,0.0,0.0,0.0,0.0,0.0,0,0,0,0.0,0.0,0.0,0.0,0.0,0.0,0.0,0.0,0.0,0.0,0.0,0.0,0.0,0.0,0.0,0.0,0,-107875648.0,53,0.0,106,-107614832.0,-107350944.0,ERR,ERR,ERR,ERR,ERR,ERR,ERR,ERR,ERR,ERR,ERR,ERR,ERR,ERR,ERR,ERR,ERR,ERR,ERR,ERR,ERR,ERR,ERR,ERR,ERR,ERR,ERR,ERR,ERR,ERR,ERR,ERR,ERR,ERR,ERR,ERR,ERR,ERR,ERR,ERR,ERR,ERR,ERR,ERR,ERR,ERR,ERR,ERR,ERR,ERR,ERR,ERR,ERR,ERR,ERR,ERR,ERR,ERR,ERR,ERR,ERR,ERR,ERR,ERR,ERR,ERR,ERR,50.0,60.0,100,0.0,0.0,0.0,0.0,0.0,0.0,0.0,0.0,0.0,0.0,0.0,0.0,0.0,0.0,0.0,0.0,61.6,65,20,65521,50,65476,0,300,0,0,8,20529,65476,0,0,26214,60.0,0.0,0.0,0.0,0.0,0.0
2026-05-17T16:13:36,ERR,ERR,ERR,ERR,ERR,ERR,ERR,ERR,ERR,ERR,ERR,ERR,ERR,ERR,ERR,ERR,ERR,ERR,ERR,ERR,ERR,ERR,ERR,ERR,ERR,ERR,ERR,ERR,ERR,ERR,ERR,ERR,ERR,ERR,ERR,ERR,ERR,ERR,ERR,ERR,ERR,ERR,ERR,ERR,ERR,ERR,ERR,ERR,ERR,ERR,ERR,ERR,ERR,ERR,ERR,ERR,ERR,ERR,ERR,ERR,ERR,ERR,ERR,ERR,ERR,ERR,ERR,ERR,ERR,ERR,ERR,ERR,ERR,ERR,ERR,ERR,ERR,ERR,ERR,ERR,ERR,ERR,ERR,ERR,ERR,ERR,ERR,ERR,ERR,ERR,ERR,ERR,ERR,ERR,ERR,ERR,ERR,ERR,ERR,ERR,ERR,ERR,ERR,ERR,ERR,ERR,ERR,ERR,ERR,ERR,ERR,ERR,ERR,ERR,ERR,ERR,ERR,ERR,ERR,ERR,ERR,ERR,ERR,ERR,ERR,0.0,-0.0,-0.0,0.0,0.0,1.3936040501711995e+18,7.805,0.0,0,0,4,0,8422,0.0,45,0.0,0.0,0.0,0.0,0.0,0,0,0,0,0.0,0,0,0,0,0,0,0,0,0,0,0,0,0,0,0,0,0,0,0,0,0,0,0,0,0,0,0,0,0,0,0,0,0,38,14,7,45,65476,0,300,0,0,8,21553,0.0,-107605600.0,0.0,0.0,0.0,0.0,0.0,0.0,0.0,0.0,0.0,0.0,0.0,0.0,0.0,0.0,0.0,0.0,0.0,0.0,0.0,0.0,-2.004,-0.0,-0.0,0.0,0.0,0.0,0.0,0.0,5010.0,564145833377792.0,0.0,0.0,-0.0,0.0,2.718429120148166e+23,0.0,0.0,0.0,0.0,53,2.3088403658719416e+20,0.0,0.0,0.0,0.0,0.0,0.0,0.0,0.0,0,0,0,0.0,0.0,0.0,0.0,0.0,0.0,0.0,0.0,0.0,0.0,0.0,0.0,0.0,0.0,0.0,0.0,0,-107875648.0,53,0.0,106,-107614832.0,-107350944.0,ERR,ERR,ERR,ERR,ERR,ERR,ERR,ERR,ERR,ERR,ERR,ERR,ERR,ERR,ERR,ERR,ERR,ERR,ERR,ERR,ERR,ERR,ERR,ERR,ERR,ERR,ERR,ERR,ERR,ERR,ERR,ERR,ERR,ERR,ERR,ERR,ERR,ERR,ERR,ERR,ERR,ERR,ERR,ERR,ERR,ERR,ERR,ERR,ERR,ERR,ERR,ERR,ERR,ERR,ERR,ERR,ERR,ERR,ERR,ERR,ERR,ERR,ERR,ERR,ERR,ERR,ERR,50.0,60.0,100,0.0,0.0,0.0,0.0,0.0,0.0,0.0,0.0,0.0,0.0,0.0,0.0,0.0,0.0,0.0,0.0,61.6,65,20,65521,50,65476,0,300,0,0,8,20529,65476,0,0,26214,60.0,0.0,0.0,0.0,0.0,0.0
2026-05-17T16:13:37,ERR,ERR,ERR,ERR,ERR,ERR,ERR,ERR,ERR,ERR,ERR,ERR,ERR,ERR,ERR,ERR,ERR,ERR,ERR,ERR,ERR,ERR,ERR,ERR,ERR,ERR,ERR,ERR,ERR,ERR,ERR,ERR,ERR,ERR,ERR,ERR,ERR,ERR,ERR,ERR,ERR,ERR,ERR,ERR,ERR,ERR,ERR,ERR,ERR,ERR,ERR,ERR,ERR,ERR,ERR,ERR,ERR,ERR,ERR,ERR,ERR,ERR,ERR,ERR,ERR,ERR,ERR,ERR,ERR,ERR,ERR,ERR,ERR,ERR,ERR,ERR,ERR,ERR,ERR,ERR,ERR,ERR,ERR,ERR,ERR,ERR,ERR,ERR,ERR,ERR,ERR,ERR,ERR,ERR,ERR,ERR,ERR,ERR,ERR,ERR,ERR,ERR,ERR,ERR,ERR,ERR,ERR,ERR,ERR,ERR,ERR,ERR,ERR,ERR,ERR,ERR,ERR,ERR,ERR,ERR,ERR,ERR,ERR,ERR,ERR,0.0,-0.0,-0.0,0.0,0.0,1.3936040501711995e+18,7.805,0.0,0,0,4,0,8422,0.0,45,0.0,0.0,0.0,0.0,0.0,0,0,0,0,0.0,0,0,0,0,0,0,0,0,0,0,0,0,0,0,0,0,0,0,0,0,0,0,0,0,0,0,0,0,0,0,0,0,0,38,14,7,45,65476,0,300,0,0,8,21553,0.0,-107605600.0,0.0,0.0,0.0,0.0,0.0,0.0,0.0,0.0,0.0,0.0,0.0,0.0,0.0,0.0,0.0,0.0,0.0,0.0,0.0,0.0,-2.004,-0.0,-0.0,0.0,0.0,0.0,0.0,0.0,5010.0,564145833377792.0,0.0,0.0,-0.0,0.0,2.718429120148166e+23,0.0,0.0,0.0,0.0,53,2.3088403658719416e+20,0.0,0.0,0.0,0.0,0.0,0.0,0.0,0.0,0,0,0,0.0,0.0,0.0,0.0,0.0,0.0,0.0,0.0,0.0,0.0,0.0,0.0,0.0,0.0,0.0,0.0,0,-107875648.0,53,0.0,106,-107614832.0,-107350944.0,ERR,ERR,ERR,ERR,ERR,ERR,ERR,ERR,ERR,ERR,ERR,ERR,ERR,ERR,ERR,ERR,ERR,ERR,ERR,ERR,ERR,ERR,ERR,ERR,ERR,ERR,ERR,ERR,ERR,ERR,ERR,ERR,ERR,ERR,ERR,ERR,ERR,ERR,ERR,ERR,ERR,ERR,ERR,ERR,ERR,ERR,ERR,ERR,ERR,ERR,ERR,ERR,ERR,ERR,ERR,ERR,ERR,ERR,ERR,ERR,ERR,ERR,ERR,ERR,ERR,ERR,ERR,50.0,60.0,100,0.0,0.0,0.0,0.0,0.0,0.0,0.0,0.0,0.0,0.0,0.0,0.0,0.0,0.0,0.0,0.0,61.6,65,20,65521,50,65476,0,300,0,0,8,20529,65476,0,0,26214,60.0,0.0,0.0,0.0,0.0,0.0
2026-05-17T16:13:38,ERR,ERR,ERR,ERR,ERR,ERR,ERR,ERR,ERR,ERR,ERR,ERR,ERR,ERR,ERR,ERR,ERR,ERR,ERR,ERR,ERR,ERR,ERR,ERR,ERR,ERR,ERR,ERR,ERR,ERR,ERR,ERR,ERR,ERR,ERR,ERR,ERR,ERR,ERR,ERR,ERR,ERR,ERR,ERR,ERR,ERR,ERR,ERR,ERR,ERR,ERR,ERR,ERR,ERR,ERR,ERR,ERR,ERR,ERR,ERR,ERR,ERR,ERR,ERR,ERR,ERR,ERR,ERR,ERR,ERR,ERR,ERR,ERR,ERR,ERR,ERR,ERR,ERR,ERR,ERR,ERR,ERR,ERR,ERR,ERR,ERR,ERR,ERR,ERR,ERR,ERR,ERR,ERR,ERR,ERR,ERR,ERR,ERR,ERR,ERR,ERR,ERR,ERR,ERR,ERR,ERR,ERR,ERR,ERR,ERR,ERR,ERR,ERR,ERR,ERR,ERR,ERR,ERR,ERR,ERR,ERR,ERR,ERR,ERR,ERR,0.0,-107615288.0,-134474944.0,0.0,0.0,1.3936040501711995e+18,7.805,0.0,0,0,4,0,8422,0.0,45,0.0,0.0,0.0,0.0,0.0,0,0,0,0,0.0,0,0,0,0,0,0,0,0,0,0,0,0,0,0,0,0,0,0,0,0,0,0,0,0,0,0,0,0,0,0,0,0,0,38,14,7,45,65476,0,300,0,0,8,21553,0.0,-107605600.0,0.0,0.0,0.0,0.0,0.0,0.0,0.0,0.0,0.0,0.0,0.0,0.0,0.0,0.0,0.0,0.0,0.0,0.0,0.0,0.0,-2.004,-0.0,-0.0,0.0,0.0,0.0,0.0,0.0,5010.0,-0.0,0.0,0.0,-0.0,0.0,-0.0,0.0,0.0,0.0,0.0,53,2.7184300208680915e+23,89220.562,0.0,0.0,0.0,0.0,0.0,0.0,0.0,0,0,0,0.0,0.0,0.0,0.0,0.0,0.0,0.0,0.0,0.0,0.0,0.0,0.0,0.0,0.0,0.0,0.0,0,-107875648.0,53,0.0,106,-107614832.0,-107350944.0,ERR,ERR,ERR,ERR,ERR,ERR,ERR,ERR,ERR,ERR,ERR,ERR,ERR,ERR,ERR,ERR,ERR,ERR,ERR,ERR,ERR,ERR,ERR,ERR,ERR,ERR,ERR,ERR,ERR,ERR,ERR,ERR,ERR,ERR,ERR,ERR,ERR,ERR,ERR,ERR,ERR,ERR,ERR,ERR,ERR,ERR,ERR,ERR,ERR,ERR,ERR,ERR,ERR,ERR,ERR,ERR,ERR,ERR,ERR,ERR,ERR,ERR,ERR,ERR,ERR,ERR,ERR,50.0,60.0,100,0.0,0.0,0.0,0.0,0.0,0.0,0.0,0.0,0.0,0.0,0.0,0.0,0.0,0.0,0.0,0.0,61.6,65,20,65521,50,65476,0,300,0,0,8,20529,65476,0,0,26214,60.0,0.0,0.0,0.0,0.0,0.0
2026-05-17T16:13:39,ERR,ERR,ERR,ERR,ERR,ERR,ERR,ERR,ERR,ERR,ERR,ERR,ERR,ERR,ERR,ERR,ERR,ERR,ERR,ERR,ERR,ERR,ERR,ERR,ERR,ERR,ERR,ERR,ERR,ERR,ERR,ERR,ERR,ERR,ERR,ERR,ERR,ERR,ERR,ERR,ERR,ERR,ERR,ERR,ERR,ERR,ERR,ERR,ERR,ERR,ERR,ERR,ERR,ERR,ERR,ERR,ERR,ERR,ERR,ERR,ERR,ERR,ERR,ERR,ERR,ERR,ERR,ERR,ERR,ERR,ERR,ERR,ERR,ERR,ERR,ERR,ERR,ERR,ERR,ERR,ERR,ERR,ERR,ERR,ERR,ERR,ERR,ERR,ERR,ERR,ERR,ERR,ERR,ERR,ERR,ERR,ERR,ERR,ERR,ERR,ERR,ERR,ERR,ERR,ERR,ERR,ERR,ERR,ERR,ERR,ERR,ERR,ERR,ERR,ERR,ERR,ERR,ERR,ERR,ERR,ERR,ERR,ERR,ERR,ERR,0.0,-107615288.0,-134474944.0,0.0,0.0,1.3936040501711995e+18,7.805,0.0,0,0,4,0,8422,0.0,45,0.0,0.0,0.0,0.0,0.0,0,0,0,0,0.0,0,0,0,0,0,0,0,0,0,0,0,0,0,0,0,0,0,0,0,0,0,0,0,0,0,0,0,0,0,0,0,0,0,38,14,7,45,65476,0,300,0,0,8,21553,0.0,-107605600.0,0.0,0.0,0.0,0.0,0.0,0.0,0.0,0.0,0.0,0.0,0.0,0.0,0.0,0.0,0.0,0.0,0.0,0.0,0.0,0.0,-2.004,-0.0,-0.0,0.0,0.0,0.0,0.0,0.0,5010.0,-0.0,0.0,0.0,-0.0,0.0,-0.0,0.0,0.0,0.0,0.0,53,2.7184300208680915e+23,89220.562,0.0,0.0,0.0,0.0,0.0,0.0,0.0,0,0,0,0.0,0.0,0.0,0.0,0.0,0.0,0.0,0.0,0.0,0.0,0.0,0.0,0.0,0.0,0.0,0.0,0,-107875648.0,53,0.0,106,-107614832.0,-107350944.0,ERR,ERR,ERR,ERR,ERR,ERR,ERR,ERR,ERR,ERR,ERR,ERR,ERR,ERR,ERR,ERR,ERR,ERR,ERR,ERR,ERR,ERR,ERR,ERR,ERR,ERR,ERR,ERR,ERR,ERR,ERR,ERR,ERR,ERR,ERR,ERR,ERR,ERR,ERR,ERR,ERR,ERR,ERR,ERR,ERR,ERR,ERR,ERR,ERR,ERR,ERR,ERR,ERR,ERR,ERR,ERR,ERR,ERR,ERR,ERR,ERR,ERR,ERR,ERR,ERR,ERR,ERR,50.0,60.0,100,0.0,0.0,0.0,0.0,0.0,0.0,0.0,0.0,0.0,0.0,0.0,0.0,0.0,0.0,0.0,0.0,61.6,65,20,65521,50,65476,0,300,0,0,8,20529,65476,0,0,26214,60.0,0.0,0.0,0.0,0.0,0.0
2026-05-17T16:13:40,ERR,ERR,ERR,ERR,ERR,ERR,ERR,ERR,ERR,ERR,ERR,ERR,ERR,ERR,ERR,ERR,ERR,ERR,ERR,ERR,ERR,ERR,ERR,ERR,ERR,ERR,ERR,ERR,ERR,ERR,ERR,ERR,ERR,ERR,ERR,ERR,ERR,ERR,ERR,ERR,ERR,ERR,ERR,ERR,ERR,ERR,ERR,ERR,ERR,ERR,ERR,ERR,ERR,ERR,ERR,ERR,ERR,ERR,ERR,ERR,ERR,ERR,ERR,ERR,ERR,ERR,ERR,ERR,ERR,ERR,ERR,ERR,ERR,ERR,ERR,ERR,ERR,ERR,ERR,ERR,ERR,ERR,ERR,ERR,ERR,ERR,ERR,ERR,ERR,ERR,ERR,ERR,ERR,ERR,ERR,ERR,ERR,ERR,ERR,ERR,ERR,ERR,ERR,ERR,ERR,ERR,ERR,ERR,ERR,ERR,ERR,ERR,ERR,ERR,ERR,ERR,ERR,ERR,ERR,ERR,ERR,ERR,ERR,ERR,ERR,0.0,-107615288.0,-134474944.0,0.0,0.0,1.3936040501711995e+18,7.805,0.0,0,0,4,0,8422,0.0,45,0.0,0.0,0.0,0.0,0.0,0,0,0,0,0.0,0,0,0,0,0,0,0,0,0,0,0,0,0,0,0,0,0,0,0,0,0,0,0,0,0,0,0,0,0,0,0,0,0,38,14,7,45,65476,0,300,0,0,8,21553,0.0,-107605600.0,0.0,0.0,0.0,0.0,0.0,0.0,0.0,0.0,0.0,0.0,0.0,0.0,0.0,0.0,0.0,0.0,0.0,0.0,0.0,0.0,-2.004,-0.0,-0.0,0.0,0.0,0.0,0.0,0.0,5010.0,-0.0,0.0,0.0,-0.0,0.0,-0.0,0.0,0.0,0.0,0.0,53,2.7184300208680915e+23,89220.562,0.0,0.0,0.0,0.0,0.0,0.0,0.0,0,0,0,0.0,0.0,0.0,0.0,0.0,0.0,0.0,0.0,0.0,0.0,0.0,0.0,0.0,0.0,0.0,0.0,0,-107875648.0,53,0.0,106,-107614832.0,-107350944.0,ERR,ERR,ERR,ERR,ERR,ERR,ERR,ERR,ERR,ERR,ERR,ERR,ERR,ERR,ERR,ERR,ERR,ERR,ERR,ERR,ERR,ERR,ERR,ERR,ERR,ERR,ERR,ERR,ERR,ERR,ERR,ERR,ERR,ERR,ERR,ERR,ERR,ERR,ERR,ERR,ERR,ERR,ERR,ERR,ERR,ERR,ERR,ERR,ERR,ERR,ERR,ERR,ERR,ERR,ERR,ERR,ERR,ERR,ERR,ERR,ERR,ERR,ERR,ERR,ERR,ERR,ERR,50.0,60.0,100,0.0,0.0,0.0,0.0,0.0,0.0,0.0,0.0,0.0,0.0,0.0,0.0,0.0,0.0,0.0,0.0,62.0,65,20,65521,50,65476,0,300,0,0,8,20529,65476,0,0,26214,60.0,0.0,0.0,0.0,0.0,0.0
2026-05-17T16:13:41,ERR,ERR,ERR,ERR,ERR,ERR,ERR,ERR,ERR,ERR,ERR,ERR,ERR,ERR,ERR,ERR,ERR,ERR,ERR,ERR,ERR,ERR,ERR,ERR,ERR,ERR,ERR,ERR,ERR,ERR,ERR,ERR,ERR,ERR,ERR,ERR,ERR,ERR,ERR,ERR,ERR,ERR,ERR,ERR,ERR,ERR,ERR,ERR,ERR,ERR,ERR,ERR,ERR,ERR,ERR,ERR,ERR,ERR,ERR,ERR,ERR,ERR,ERR,ERR,ERR,ERR,ERR,ERR,ERR,ERR,ERR,ERR,ERR,ERR,ERR,ERR,ERR,ERR,ERR,ERR,ERR,ERR,ERR,ERR,ERR,ERR,ERR,ERR,ERR,ERR,ERR,ERR,ERR,ERR,ERR,ERR,ERR,ERR,ERR,ERR,ERR,ERR,ERR,ERR,ERR,ERR,ERR,ERR,ERR,ERR,ERR,ERR,ERR,ERR,ERR,ERR,ERR,ERR,ERR,ERR,ERR,ERR,ERR,ERR,ERR,0.0,-107615288.0,-134474944.0,0.0,0.0,1.3936040501711995e+18,7.805,0.0,0,0,4,0,8422,0.0,45,0.0,0.0,0.0,0.0,0.0,0,0,0,0,0.0,0,0,0,0,0,0,0,0,0,0,0,0,0,0,0,0,0,0,0,0,0,0,0,0,0,0,0,0,0,0,0,0,0,38,14,7,45,65476,0,300,0,0,8,21553,0.0,-107605600.0,0.0,0.0,0.0,0.0,0.0,0.0,0.0,0.0,0.0,0.0,0.0,0.0,0.0,0.0,0.0,0.0,0.0,0.0,0.0,0.0,-2.004,-0.0,-0.0,0.0,0.0,0.0,0.0,0.0,5010.0,-0.0,0.0,0.0,-0.0,0.0,-0.0,0.0,0.0,0.0,0.0,53,2.7184300208680915e+23,89220.562,0.0,0.0,0.0,0.0,0.0,0.0,0.0,0,0,0,0.0,0.0,0.0,0.0,0.0,0.0,0.0,0.0,0.0,0.0,0.0,0.0,0.0,0.0,0.0,0.0,0,-107875648.0,53,0.0,106,-107614832.0,-107350944.0,ERR,ERR,ERR,ERR,ERR,ERR,ERR,ERR,ERR,ERR,ERR,ERR,ERR,ERR,ERR,ERR,ERR,ERR,ERR,ERR,ERR,ERR,ERR,ERR,ERR,ERR,ERR,ERR,ERR,ERR,ERR,ERR,ERR,ERR,ERR,ERR,ERR,ERR,ERR,ERR,ERR,ERR,ERR,ERR,ERR,ERR,ERR,ERR,ERR,ERR,ERR,ERR,ERR,ERR,ERR,ERR,ERR,ERR,ERR,ERR,ERR,ERR,ERR,ERR,ERR,ERR,ERR,50.0,60.0,100,0.0,0.0,0.0,0.0,0.0,0.0,0.0,0.0,0.0,0.0,0.0,0.0,0.0,0.0,0.0,0.0,62.0,65,20,65521,50,65476,0,300,0,0,8,20529,65476,0,0,26214,60.0,0.0,0.0,0.0,0.0,0.0
2026-05-17T16:13:42,ERR,ERR,ERR,ERR,ERR,ERR,ERR,ERR,ERR,ERR,ERR,ERR,ERR,ERR,ERR,ERR,ERR,ERR,ERR,ERR,ERR,ERR,ERR,ERR,ERR,ERR,ERR,ERR,ERR,ERR,ERR,ERR,ERR,ERR,ERR,ERR,ERR,ERR,ERR,ERR,ERR,ERR,ERR,ERR,ERR,ERR,ERR,ERR,ERR,ERR,ERR,ERR,ERR,ERR,ERR,ERR,ERR,ERR,ERR,ERR,ERR,ERR,ERR,ERR,ERR,ERR,ERR,ERR,ERR,ERR,ERR,ERR,ERR,ERR,ERR,ERR,ERR,ERR,ERR,ERR,ERR,ERR,ERR,ERR,ERR,ERR,ERR,ERR,ERR,ERR,ERR,ERR,ERR,ERR,ERR,ERR,ERR,ERR,ERR,ERR,ERR,ERR,ERR,ERR,ERR,ERR,ERR,ERR,ERR,ERR,ERR,ERR,ERR,ERR,ERR,ERR,ERR,ERR,ERR,ERR,ERR,ERR,ERR,ERR,ERR,0.0,-107615288.0,-134474944.0,0.0,0.0,1.3936040501711995e+18,7.805,0.0,0,0,4,0,8422,0.0,45,0.0,0.0,0.0,0.0,0.0,0,0,0,0,0.0,0,0,0,0,0,0,0,0,0,0,0,0,0,0,0,0,0,0,0,0,0,0,0,0,0,0,0,0,0,0,0,0,0,38,14,7,45,65476,0,300,0,0,8,21553,0.0,-107605600.0,0.0,0.0,0.0,0.0,0.0,0.0,0.0,0.0,0.0,0.0,0.0,0.0,0.0,0.0,0.0,0.0,0.0,0.0,0.0,0.0,-2.004,-0.0,-0.0,0.0,0.0,0.0,0.0,0.0,5010.0,-0.0,0.0,0.0,-0.0,0.0,-0.0,0.0,0.0,0.0,0.0,53,2.7184300208680915e+23,89220.562,0.0,0.0,0.0,0.0,0.0,0.0,0.0,0,0,0,0.0,0.0,0.0,0.0,0.0,0.0,0.0,0.0,0.0,0.0,0.0,0.0,0.0,0.0,0.0,0.0,0,-107875648.0,53,0.0,106,-107614832.0,-107350944.0,ERR,ERR,ERR,ERR,ERR,ERR,ERR,ERR,ERR,ERR,ERR,ERR,ERR,ERR,ERR,ERR,ERR,ERR,ERR,ERR,ERR,ERR,ERR,ERR,ERR,ERR,ERR,ERR,ERR,ERR,ERR,ERR,ERR,ERR,ERR,ERR,ERR,ERR,ERR,ERR,ERR,ERR,ERR,ERR,ERR,ERR,ERR,ERR,ERR,ERR,ERR,ERR,ERR,ERR,ERR,ERR,ERR,ERR,ERR,ERR,ERR,ERR,ERR,ERR,ERR,ERR,ERR,50.0,60.0,100,0.0,0.0,0.0,0.0,0.0,0.0,0.0,0.0,0.0,0.0,0.0,0.0,0.0,0.0,0.0,0.0,62.0,65,20,65521,50,65476,0,300,0,0,8,20529,65476,0,0,26214,60.0,0.0,0.0,0.0,0.0,0.0
2026-05-17T16:13:43,ERR,ERR,ERR,ERR,ERR,ERR,ERR,ERR,ERR,ERR,ERR,ERR,ERR,ERR,ERR,ERR,ERR,ERR,ERR,ERR,ERR,ERR,ERR,ERR,ERR,ERR,ERR,ERR,ERR,ERR,ERR,ERR,ERR,ERR,ERR,ERR,ERR,ERR,ERR,ERR,ERR,ERR,ERR,ERR,ERR,ERR,ERR,ERR,ERR,ERR,ERR,ERR,ERR,ERR,ERR,ERR,ERR,ERR,ERR,ERR,ERR,ERR,ERR,ERR,ERR,ERR,ERR,ERR,ERR,ERR,ERR,ERR,ERR,ERR,ERR,ERR,ERR,ERR,ERR,ERR,ERR,ERR,ERR,ERR,ERR,ERR,ERR,ERR,ERR,ERR,ERR,ERR,ERR,ERR,ERR,ERR,ERR,ERR,ERR,ERR,ERR,ERR,ERR,ERR,ERR,ERR,ERR,ERR,ERR,ERR,ERR,ERR,ERR,ERR,ERR,ERR,ERR,ERR,ERR,ERR,ERR,ERR,ERR,ERR,ERR,0.0,-107615288.0,-134474944.0,0.0,0.0,1.3936040501711995e+18,7.805,0.0,0,0,4,0,8422,0.0,45,0.0,0.0,0.0,0.0,0.0,0,0,0,0,0.0,0,0,0,0,0,0,0,0,0,0,0,0,0,0,0,0,0,0,0,0,0,0,0,0,0,0,0,0,0,0,0,0,0,38,14,7,45,65476,0,300,0,0,8,21553,0.0,-107605600.0,0.0,0.0,0.0,0.0,0.0,0.0,0.0,0.0,0.0,0.0,0.0,0.0,0.0,0.0,0.0,0.0,0.0,0.0,0.0,0.0,-2.004,-0.0,-0.0,-2.004,0.0,0.0,0.0,0.0,5008.0,-0.0,0.0,0.0,-0.0,0.0,-0.0,0.0,0.0,0.0,0.0,53,4.066880103266858e+29,89220.562,0.0,0.0,0.0,0.0,0.0,0.0,0.0,0,0,0,0.0,0.0,0.0,0.0,0.0,0.0,0.0,0.0,0.0,0.0,0.0,0.0,0.0,0.0,0.0,0.0,0,-107875648.0,53,0.0,106,-107614832.0,-107350944.0,ERR,ERR,ERR,ERR,ERR,ERR,ERR,ERR,ERR,ERR,ERR,ERR,ERR,ERR,ERR,ERR,ERR,ERR,ERR,ERR,ERR,ERR,ERR,ERR,ERR,ERR,ERR,ERR,ERR,ERR,ERR,ERR,ERR,ERR,ERR,ERR,ERR,ERR,ERR,ERR,ERR,ERR,ERR,ERR,ERR,ERR,ERR,ERR,ERR,ERR,ERR,ERR,ERR,ERR,ERR,ERR,ERR,ERR,ERR,ERR,ERR,ERR,ERR,ERR,ERR,ERR,ERR,50.0,60.0,100,0.0,0.0,0.0,0.0,0.0,0.0,0.0,0.0,0.0,0.0,0.0,0.0,0.0,0.0,0.0,0.0,62.0,65,20,65521,50,65476,0,300,0,0,8,20529,65476,0,0,26214,60.0,0.0,0.0,0.0,0.0,0.0
2026-05-17T16:13:44,ERR,ERR,ERR,ERR,ERR,ERR,ERR,ERR,ERR,ERR,ERR,ERR,ERR,ERR,ERR,ERR,ERR,ERR,ERR,ERR,ERR,ERR,ERR,ERR,ERR,ERR,ERR,ERR,ERR,ERR,ERR,ERR,ERR,ERR,ERR,ERR,ERR,ERR,ERR,ERR,ERR,ERR,ERR,ERR,ERR,ERR,ERR,ERR,ERR,ERR,ERR,ERR,ERR,ERR,ERR,ERR,ERR,ERR,ERR,ERR,ERR,ERR,ERR,ERR,ERR,ERR,ERR,ERR,ERR,ERR,ERR,ERR,ERR,ERR,ERR,ERR,ERR,ERR,ERR,ERR,ERR,ERR,ERR,ERR,ERR,ERR,ERR,ERR,ERR,ERR,ERR,ERR,ERR,ERR,ERR,ERR,ERR,ERR,ERR,ERR,ERR,ERR,ERR,ERR,ERR,ERR,ERR,ERR,ERR,ERR,ERR,ERR,ERR,ERR,ERR,ERR,ERR,ERR,ERR,ERR,ERR,ERR,ERR,ERR,ERR,0.0,-107615288.0,-134474944.0,0.0,0.0,1.3936040501711995e+18,7.805,0.0,0,0,4,0,8422,0.0,45,0.0,0.0,0.0,0.0,0.0,0,0,0,0,0.0,0,0,0,0,0,0,0,0,0,0,0,0,0,0,0,0,0,0,0,0,0,0,0,0,0,0,0,0,0,0,0,0,0,38,14,7,45,65476,0,300,0,0,8,21553,0.0,-107605600.0,0.0,0.0,0.0,0.0,0.0,0.0,0.0,0.0,0.0,0.0,0.0,0.0,0.0,0.0,0.0,0.0,0.0,0.0,0.0,0.0,-2.004,-0.0,-0.0,-2.004,0.0,0.0,0.0,0.0,5008.0,-0.0,0.0,0.0,-0.0,0.0,-0.0,0.0,0.0,0.0,0.0,53,4.066880103266858e+29,89220.562,0.0,0.0,0.0,0.0,0.0,0.0,0.0,0,0,0,0.0,0.0,0.0,0.0,0.0,0.0,0.0,0.0,0.0,0.0,0.0,0.0,0.0,0.0,0.0,0.0,0,-107875648.0,53,0.0,106,-107614832.0,-107350944.0,ERR,ERR,ERR,ERR,ERR,ERR,ERR,ERR,ERR,ERR,ERR,ERR,ERR,ERR,ERR,ERR,ERR,ERR,ERR,ERR,ERR,ERR,ERR,ERR,ERR,ERR,ERR,ERR,ERR,ERR,ERR,ERR,ERR,ERR,ERR,ERR,ERR,ERR,ERR,ERR,ERR,ERR,ERR,ERR,ERR,ERR,ERR,ERR,ERR,ERR,ERR,ERR,ERR,ERR,ERR,ERR,ERR,ERR,ERR,ERR,ERR,ERR,ERR,ERR,ERR,ERR,ERR,50.0,60.0,100,0.0,0.0,0.0,0.0,0.0,0.0,0.0,0.0,0.0,0.0,0.0,0.0,0.0,0.0,0.0,0.0,62.0,65,20,65521,50,65476,0,300,0,0,8,20529,65476,0,0,26214,60.0,0.0,0.0,0.0,0.0,0.0
2026-05-17T16:13:45,ERR,ERR,ERR,ERR,ERR,ERR,ERR,ERR,ERR,ERR,ERR,ERR,ERR,ERR,ERR,ERR,ERR,ERR,ERR,ERR,ERR,ERR,ERR,ERR,ERR,ERR,ERR,ERR,ERR,ERR,ERR,ERR,ERR,ERR,ERR,ERR,ERR,ERR,ERR,ERR,ERR,ERR,ERR,ERR,ERR,ERR,ERR,ERR,ERR,ERR,ERR,ERR,ERR,ERR,ERR,ERR,ERR,ERR,ERR,ERR,ERR,ERR,ERR,ERR,ERR,ERR,ERR,ERR,ERR,ERR,ERR,ERR,ERR,ERR,ERR,ERR,ERR,ERR,ERR,ERR,ERR,ERR,ERR,ERR,ERR,ERR,ERR,ERR,ERR,ERR,ERR,ERR,ERR,ERR,ERR,ERR,ERR,ERR,ERR,ERR,ERR,ERR,ERR,ERR,ERR,ERR,ERR,ERR,ERR,ERR,ERR,ERR,ERR,ERR,ERR,ERR,ERR,ERR,ERR,ERR,ERR,ERR,ERR,ERR,ERR,0.0,-107615288.0,-134474944.0,0.0,0.0,1.3936040501711995e+18,7.805,0.0,0,0,4,0,8422,0.0,45,0.0,0.0,0.0,0.0,0.0,0,0,0,0,0.0,0,0,0,0,0,0,0,0,0,0,0,0,0,0,0,0,0,0,0,0,0,0,0,0,0,0,0,0,0,0,0,0,0,38,14,7,45,65476,0,300,0,0,8,21553,0.0,-107605600.0,0.0,0.0,0.0,0.0,0.0,0.0,0.0,0.0,0.0,0.0,0.0,0.0,0.0,0.0,0.0,0.0,0.0,0.0,0.0,0.0,-2.004,-0.0,-0.0,-2.004,0.0,0.0,0.0,0.0,5008.0,-0.0,0.0,0.0,-0.0,0.0,-0.0,0.0,0.0,0.0,0.0,53,4.066880103266858e+29,89220.562,0.0,0.0,0.0,0.0,0.0,0.0,0.0,0,0,0,0.0,0.0,0.0,0.0,0.0,0.0,0.0,0.0,0.0,0.0,0.0,0.0,0.0,0.0,0.0,0.0,0,-107875648.0,53,0.0,106,-107614832.0,-107350944.0,ERR,ERR,ERR,ERR,ERR,ERR,ERR,ERR,ERR,ERR,ERR,ERR,ERR,ERR,ERR,ERR,ERR,ERR,ERR,ERR,ERR,ERR,ERR,ERR,ERR,ERR,ERR,ERR,ERR,ERR,ERR,ERR,ERR,ERR,ERR,ERR,ERR,ERR,ERR,ERR,ERR,ERR,ERR,ERR,ERR,ERR,ERR,ERR,ERR,ERR,ERR,ERR,ERR,ERR,ERR,ERR,ERR,ERR,ERR,ERR,ERR,ERR,ERR,ERR,ERR,ERR,ERR,50.0,60.0,100,0.0,0.0,0.0,0.0,0.0,0.0,0.0,0.0,0.0,0.0,0.0,0.0,0.0,0.0,0.0,0.0,61.6,65,20,65521,50,65476,0,300,0,0,8,20529,65476,0,0,26214,60.0,0.0,0.0,0.0,0.0,0.0
2026-05-17T16:13:46,ERR,ERR,ERR,ERR,ERR,ERR,ERR,ERR,ERR,ERR,ERR,ERR,ERR,ERR,ERR,ERR,ERR,ERR,ERR,ERR,ERR,ERR,ERR,ERR,ERR,ERR,ERR,ERR,ERR,ERR,ERR,ERR,ERR,ERR,ERR,ERR,ERR,ERR,ERR,ERR,ERR,ERR,ERR,ERR,ERR,ERR,ERR,ERR,ERR,ERR,ERR,ERR,ERR,ERR,ERR,ERR,ERR,ERR,ERR,ERR,ERR,ERR,ERR,ERR,ERR,ERR,ERR,ERR,ERR,ERR,ERR,ERR,ERR,ERR,ERR,ERR,ERR,ERR,ERR,ERR,ERR,ERR,ERR,ERR,ERR,ERR,ERR,ERR,ERR,ERR,ERR,ERR,ERR,ERR,ERR,ERR,ERR,ERR,ERR,ERR,ERR,ERR,ERR,ERR,ERR,ERR,ERR,ERR,ERR,ERR,ERR,ERR,ERR,ERR,ERR,ERR,ERR,ERR,ERR,ERR,ERR,ERR,ERR,ERR,ERR,0.0,-107615288.0,-134474944.0,0.0,0.0,1.3936040501711995e+18,7.805,0.0,0,0,4,0,8422,0.0,45,0.0,0.0,0.0,0.0,0.0,0,0,0,0,0.0,0,0,0,0,0,0,0,0,0,0,0,0,0,0,0,0,0,0,0,0,0,0,0,0,0,0,0,0,0,0,0,0,0,38,14,7,45,65476,0,300,0,0,8,21553,0.0,-107605600.0,0.0,0.0,0.0,0.0,0.0,0.0,0.0,0.0,0.0,0.0,0.0,0.0,0.0,0.0,0.0,0.0,0.0,0.0,0.0,0.0,-2.004,-0.0,-0.0,-2.004,0.0,0.0,0.0,0.0,5008.0,-0.0,0.0,0.0,-0.0,0.0,-0.0,0.0,0.0,0.0,0.0,53,4.066880103266858e+29,89220.562,0.0,0.0,0.0,0.0,0.0,0.0,0.0,0,0,0,0.0,0.0,0.0,0.0,0.0,0.0,0.0,0.0,0.0,0.0,0.0,0.0,0.0,0.0,0.0,0.0,0,-107875648.0,53,0.0,106,-107614832.0,-107350944.0,ERR,ERR,ERR,ERR,ERR,ERR,ERR,ERR,ERR,ERR,ERR,ERR,ERR,ERR,ERR,ERR,ERR,ERR,ERR,ERR,ERR,ERR,ERR,ERR,ERR,ERR,ERR,ERR,ERR,ERR,ERR,ERR,ERR,ERR,ERR,ERR,ERR,ERR,ERR,ERR,ERR,ERR,ERR,ERR,ERR,ERR,ERR,ERR,ERR,ERR,ERR,ERR,ERR,ERR,ERR,ERR,ERR,ERR,ERR,ERR,ERR,ERR,ERR,ERR,ERR,ERR,ERR,50.0,60.0,100,0.0,0.0,0.0,0.0,0.0,0.0,0.0,0.0,0.0,0.0,0.0,0.0,0.0,0.0,0.0,0.0,61.6,65,20,65521,50,65476,0,300,0,0,8,20529,65476,0,0,26214,60.0,0.0,0.0,0.0,0.0,0.0
2026-05-17T16:13:47,ERR,ERR,ERR,ERR,ERR,ERR,ERR,ERR,ERR,ERR,ERR,ERR,ERR,ERR,ERR,ERR,ERR,ERR,ERR,ERR,ERR,ERR,ERR,ERR,ERR,ERR,ERR,ERR,ERR,ERR,ERR,ERR,ERR,ERR,ERR,ERR,ERR,ERR,ERR,ERR,ERR,ERR,ERR,ERR,ERR,ERR,ERR,ERR,ERR,ERR,ERR,ERR,ERR,ERR,ERR,ERR,ERR,ERR,ERR,ERR,ERR,ERR,ERR,ERR,ERR,ERR,ERR,ERR,ERR,ERR,ERR,ERR,ERR,ERR,ERR,ERR,ERR,ERR,ERR,ERR,ERR,ERR,ERR,ERR,ERR,ERR,ERR,ERR,ERR,ERR,ERR,ERR,ERR,ERR,ERR,ERR,ERR,ERR,ERR,ERR,ERR,ERR,ERR,ERR,ERR,ERR,ERR,ERR,ERR,ERR,ERR,ERR,ERR,ERR,ERR,ERR,ERR,ERR,ERR,ERR,ERR,ERR,ERR,ERR,ERR,0.0,-107615288.0,-134474944.0,0.0,0.0,1.3936040501711995e+18,7.805,0.0,0,0,4,0,8422,0.0,45,0.0,0.0,0.0,0.0,0.0,0,0,0,0,0.0,0,0,0,0,0,0,0,0,0,0,0,0,0,0,0,0,0,0,0,0,0,0,0,0,0,0,0,0,0,0,0,0,0,38,14,7,45,65476,0,300,0,0,8,21553,0.0,-107605600.0,0.0,0.0,0.0,0.0,0.0,0.0,0.0,0.0,0.0,0.0,0.0,0.0,0.0,0.0,0.0,0.0,0.0,0.0,0.0,0.0,-2.004,-0.0,-0.0,-2.004,0.0,0.0,0.0,0.0,5008.0,-0.0,0.0,0.0,-0.0,0.0,-0.0,0.0,0.0,0.0,0.0,53,4.066880103266858e+29,89220.562,0.0,0.0,0.0,0.0,0.0,0.0,0.0,0,0,0,0.0,0.0,0.0,0.0,0.0,0.0,0.0,0.0,0.0,0.0,0.0,0.0,0.0,0.0,0.0,0.0,0,-107875648.0,53,0.0,106,-107614832.0,-107350944.0,ERR,ERR,ERR,ERR,ERR,ERR,ERR,ERR,ERR,ERR,ERR,ERR,ERR,ERR,ERR,ERR,ERR,ERR,ERR,ERR,ERR,ERR,ERR,ERR,ERR,ERR,ERR,ERR,ERR,ERR,ERR,ERR,ERR,ERR,ERR,ERR,ERR,ERR,ERR,ERR,ERR,ERR,ERR,ERR,ERR,ERR,ERR,ERR,ERR,ERR,ERR,ERR,ERR,ERR,ERR,ERR,ERR,ERR,ERR,ERR,ERR,ERR,ERR,ERR,ERR,ERR,ERR,50.0,60.0,100,0.0,0.0,0.0,0.0,0.0,0.0,0.0,0.0,0.0,0.0,0.0,0.0,0.0,0.0,0.0,0.0,61.6,65,20,65521,50,65476,0,300,0,0,8,20529,65476,0,0,26214,60.0,0.0,0.0,0.0,0.0,0.0
2026-05-17T16:13:48,ERR,ERR,ERR,ERR,ERR,ERR,ERR,ERR,ERR,ERR,ERR,ERR,ERR,ERR,ERR,ERR,ERR,ERR,ERR,ERR,ERR,ERR,ERR,ERR,ERR,ERR,ERR,ERR,ERR,ERR,ERR,ERR,ERR,ERR,ERR,ERR,ERR,ERR,ERR,ERR,ERR,ERR,ERR,ERR,ERR,ERR,ERR,ERR,ERR,ERR,ERR,ERR,ERR,ERR,ERR,ERR,ERR,ERR,ERR,ERR,ERR,ERR,ERR,ERR,ERR,ERR,ERR,ERR,ERR,ERR,ERR,ERR,ERR,ERR,ERR,ERR,ERR,ERR,ERR,ERR,ERR,ERR,ERR,ERR,ERR,ERR,ERR,ERR,ERR,ERR,ERR,ERR,ERR,ERR,ERR,ERR,ERR,ERR,ERR,ERR,ERR,ERR,ERR,ERR,ERR,ERR,ERR,ERR,ERR,ERR,ERR,ERR,ERR,ERR,ERR,ERR,ERR,ERR,ERR,ERR,ERR,ERR,ERR,ERR,ERR,0.0,-107615288.0,-134474944.0,0.0,0.0,1.3936040501711995e+18,7.805,0.0,0,0,4,0,8422,0.0,45,0.0,0.0,0.0,0.0,0.0,0,0,0,0,0.0,0,0,0,0,0,0,0,0,0,0,0,0,0,0,0,0,0,0,0,0,0,0,0,0,0,0,0,0,0,0,0,0,0,38,14,7,45,65476,0,300,0,0,8,21553,0.0,-107605600.0,0.0,0.0,0.0,0.0,0.0,0.0,0.0,0.0,0.0,0.0,0.0,0.0,0.0,0.0,0.0,0.0,0.0,0.0,0.0,0.0,-2.004,-0.0,-0.0,-2.004,0.0,0.0,0.0,0.0,5008.0,-0.0,0.0,0.0,-0.0,0.0,-0.0,0.0,0.0,0.0,0.0,53,4.066880103266858e+29,89220.562,0.0,0.0,0.0,0.0,0.0,0.0,0.0,0,0,0,0.0,0.0,0.0,0.0,0.0,0.0,0.0,0.0,0.0,0.0,0.0,0.0,0.0,0.0,0.0,0.0,0,-107875648.0,53,0.0,106,-107614832.0,-107350944.0,ERR,ERR,ERR,ERR,ERR,ERR,ERR,ERR,ERR,ERR,ERR,ERR,ERR,ERR,ERR,ERR,ERR,ERR,ERR,ERR,ERR,ERR,ERR,ERR,ERR,ERR,ERR,ERR,ERR,ERR,ERR,ERR,ERR,ERR,ERR,ERR,ERR,ERR,ERR,ERR,ERR,ERR,ERR,ERR,ERR,ERR,ERR,ERR,ERR,ERR,ERR,ERR,ERR,ERR,ERR,ERR,ERR,ERR,ERR,ERR,ERR,ERR,ERR,ERR,ERR,ERR,ERR,50.0,60.0,100,0.0,0.0,0.0,0.0,0.0,0.0,0.0,0.0,0.0,0.0,0.0,0.0,0.0,0.0,0.0,0.0,61.6,65,20,65521,50,65476,0,300,0,0,8,20529,65476,0,0,26214,60.0,0.0,0.0,0.0,0.0,0.0
2026-05-17T16:13:49,ERR,ERR,ERR,ERR,ERR,ERR,ERR,ERR,ERR,ERR,ERR,ERR,ERR,ERR,ERR,ERR,ERR,ERR,ERR,ERR,ERR,ERR,ERR,ERR,ERR,ERR,ERR,ERR,ERR,ERR,ERR,ERR,ERR,ERR,ERR,ERR,ERR,ERR,ERR,ERR,ERR,ERR,ERR,ERR,ERR,ERR,ERR,ERR,ERR,ERR,ERR,ERR,ERR,ERR,ERR,ERR,ERR,ERR,ERR,ERR,ERR,ERR,ERR,ERR,ERR,ERR,ERR,ERR,ERR,ERR,ERR,ERR,ERR,ERR,ERR,ERR,ERR,ERR,ERR,ERR,ERR,ERR,ERR,ERR,ERR,ERR,ERR,ERR,ERR,ERR,ERR,ERR,ERR,ERR,ERR,ERR,ERR,ERR,ERR,ERR,ERR,ERR,ERR,ERR,ERR,ERR,ERR,ERR,ERR,ERR,ERR,ERR,ERR,ERR,ERR,ERR,ERR,ERR,ERR,ERR,ERR,ERR,ERR,ERR,ERR,0.0,-0.0,-0.0,0.0,0.0,1.3936040501711995e+18,7.805,0.0,0,0,4,0,8422,0.0,45,0.0,0.0,0.0,0.0,0.0,0,0,0,0,0.0,0,0,0,0,0,0,0,0,0,0,0,0,0,0,0,0,0,0,0,0,0,0,0,0,0,0,0,0,0,0,0,0,0,38,14,7,45,65476,0,300,0,0,8,21553,0.0,-107605600.0,0.0,0.0,0.0,0.0,0.0,0.0,0.0,0.0,0.0,0.0,0.0,0.0,0.0,0.0,0.0,0.0,0.0,0.0,0.0,0.0,-2.004,-2.004,-0.0,0.0,0.0,0.0,0.0,0.0,4973.0,-1.587929164219617e+29,0.0,0.0,-107615288.0,0.0,-0.0,0.0,0.0,0.0,0.0,53,2.7184300208680915e+23,5.848055287018579e+35,0.0,0.0,0.0,0.0,0.0,0.0,0.0,0,0,0,0.0,0.0,0.0,0.0,0.0,0.0,0.0,0.0,0.0,0.0,0.0,0.0,0.0,0.0,0.0,0.0,0,-107875648.0,53,0.0,106,-107614832.0,-107350944.0,ERR,ERR,ERR,ERR,ERR,ERR,ERR,ERR,ERR,ERR,ERR,ERR,ERR,ERR,ERR,ERR,ERR,ERR,ERR,ERR,ERR,ERR,ERR,ERR,ERR,ERR,ERR,ERR,ERR,ERR,ERR,ERR,ERR,ERR,ERR,ERR,ERR,ERR,ERR,ERR,ERR,ERR,ERR,ERR,ERR,ERR,ERR,ERR,ERR,ERR,ERR,ERR,ERR,ERR,ERR,ERR,ERR,ERR,ERR,ERR,ERR,ERR,ERR,ERR,ERR,ERR,ERR,50.0,60.0,100,0.0,0.0,0.0,0.0,0.0,0.0,0.0,0.0,0.0,0.0,0.0,0.0,0.0,0.0,0.0,0.0,61.6,65,20,65521,50,65476,0,300,0,0,8,20529,65476,0,0,26214,60.0,0.0,0.0,0.0,0.0,0.0
2026-05-17T16:13:50,ERR,ERR,ERR,ERR,ERR,ERR,ERR,ERR,ERR,ERR,ERR,ERR,ERR,ERR,ERR,ERR,ERR,ERR,ERR,ERR,ERR,ERR,ERR,ERR,ERR,ERR,ERR,ERR,ERR,ERR,ERR,ERR,ERR,ERR,ERR,ERR,ERR,ERR,ERR,ERR,ERR,ERR,ERR,ERR,ERR,ERR,ERR,ERR,ERR,ERR,ERR,ERR,ERR,ERR,ERR,ERR,ERR,ERR,ERR,ERR,ERR,ERR,ERR,ERR,ERR,ERR,ERR,ERR,ERR,ERR,ERR,ERR,ERR,ERR,ERR,ERR,ERR,ERR,ERR,ERR,ERR,ERR,ERR,ERR,ERR,ERR,ERR,ERR,ERR,ERR,ERR,ERR,ERR,ERR,ERR,ERR,ERR,ERR,ERR,ERR,ERR,ERR,ERR,ERR,ERR,ERR,ERR,ERR,ERR,ERR,ERR,ERR,ERR,ERR,ERR,ERR,ERR,ERR,ERR,ERR,ERR,ERR,ERR,ERR,ERR,0.0,-0.0,-0.0,0.0,0.0,1.3936040501711995e+18,7.805,0.0,0,0,4,0,8422,0.0,45,0.0,0.0,0.0,0.0,0.0,0,0,0,0,0.0,0,0,0,0,0,0,0,0,0,0,0,0,0,0,0,0,0,0,0,0,0,0,0,0,0,0,0,0,0,0,0,0,0,38,14,7,45,65476,0,300,0,0,8,21553,0.0,-107605600.0,0.0,0.0,0.0,0.0,0.0,0.0,0.0,0.0,0.0,0.0,0.0,0.0,0.0,0.0,0.0,0.0,0.0,0.0,0.0,0.0,-2.004,-2.004,-0.0,0.0,0.0,0.0,0.0,0.0,4973.0,-1.587929164219617e+29,0.0,0.0,-107615288.0,0.0,-0.0,0.0,0.0,0.0,0.0,53,2.7184300208680915e+23,5.848055287018579e+35,0.0,0.0,0.0,0.0,0.0,0.0,0.0,0,0,0,0.0,0.0,0.0,0.0,0.0,0.0,0.0,0.0,0.0,0.0,0.0,0.0,0.0,0.0,0.0,0.0,0,-107875648.0,53,0.0,106,-107614832.0,-107350944.0,ERR,ERR,ERR,ERR,ERR,ERR,ERR,ERR,ERR,ERR,ERR,ERR,ERR,ERR,ERR,ERR,ERR,ERR,ERR,ERR,ERR,ERR,ERR,ERR,ERR,ERR,ERR,ERR,ERR,ERR,ERR,ERR,ERR,ERR,ERR,ERR,ERR,ERR,ERR,ERR,ERR,ERR,ERR,ERR,ERR,ERR,ERR,ERR,ERR,ERR,ERR,ERR,ERR,ERR,ERR,ERR,ERR,ERR,ERR,ERR,ERR,ERR,ERR,ERR,ERR,ERR,ERR,50.0,60.0,100,0.0,0.0,0.0,0.0,0.0,0.0,0.0,0.0,0.0,0.0,0.0,0.0,0.0,0.0,0.0,0.0,61.6,65,20,65521,50,65476,0,300,0,0,8,20529,65476,0,0,26214,60.0,0.0,0.0,0.0,0.0,0.0
2026-05-17T16:13:51,ERR,ERR,ERR,ERR,ERR,ERR,ERR,ERR,ERR,ERR,ERR,ERR,ERR,ERR,ERR,ERR,ERR,ERR,ERR,ERR,ERR,ERR,ERR,ERR,ERR,ERR,ERR,ERR,ERR,ERR,ERR,ERR,ERR,ERR,ERR,ERR,ERR,ERR,ERR,ERR,ERR,ERR,ERR,ERR,ERR,ERR,ERR,ERR,ERR,ERR,ERR,ERR,ERR,ERR,ERR,ERR,ERR,ERR,ERR,ERR,ERR,ERR,ERR,ERR,ERR,ERR,ERR,ERR,ERR,ERR,ERR,ERR,ERR,ERR,ERR,ERR,ERR,ERR,ERR,ERR,ERR,ERR,ERR,ERR,ERR,ERR,ERR,ERR,ERR,ERR,ERR,ERR,ERR,ERR,ERR,ERR,ERR,ERR,ERR,ERR,ERR,ERR,ERR,ERR,ERR,ERR,ERR,ERR,ERR,ERR,ERR,ERR,ERR,ERR,ERR,ERR,ERR,ERR,ERR,ERR,ERR,ERR,ERR,ERR,ERR,0.0,-0.0,-0.0,0.0,0.0,1.3936040501711995e+18,7.805,0.0,0,0,4,0,8422,0.0,45,0.0,0.0,0.0,0.0,0.0,0,0,0,0,0.0,0,0,0,0,0,0,0,0,0,0,0,0,0,0,0,0,0,0,0,0,0,0,0,0,0,0,0,0,0,0,0,0,0,38,14,7,45,65476,0,300,0,0,8,21553,0.0,-107605600.0,0.0,0.0,0.0,0.0,0.0,0.0,0.0,0.0,0.0,0.0,0.0,0.0,0.0,0.0,0.0,0.0,0.0,0.0,0.0,0.0,-2.004,-2.004,-0.0,0.0,0.0,0.0,0.0,0.0,4973.0,-1.587929164219617e+29,0.0,0.0,-107615288.0,0.0,-0.0,0.0,0.0,0.0,0.0,53,2.7184300208680915e+23,5.848055287018579e+35,0.0,0.0,0.0,0.0,0.0,0.0,0.0,0,0,0,0.0,0.0,0.0,0.0,0.0,0.0,0.0,0.0,0.0,0.0,0.0,0.0,0.0,0.0,0.0,0.0,0,-107875648.0,53,0.0,106,-107614832.0,-107350944.0,ERR,ERR,ERR,ERR,ERR,ERR,ERR,ERR,ERR,ERR,ERR,ERR,ERR,ERR,ERR,ERR,ERR,ERR,ERR,ERR,ERR,ERR,ERR,ERR,ERR,ERR,ERR,ERR,ERR,ERR,ERR,ERR,ERR,ERR,ERR,ERR,ERR,ERR,ERR,ERR,ERR,ERR,ERR,ERR,ERR,ERR,ERR,ERR,ERR,ERR,ERR,ERR,ERR,ERR,ERR,ERR,ERR,ERR,ERR,ERR,ERR,ERR,ERR,ERR,ERR,ERR,ERR,50.0,60.0,100,0.0,0.0,0.0,0.0,0.0,0.0,0.0,0.0,0.0,0.0,0.0,0.0,0.0,0.0,0.0,0.0,61.6,65,20,65521,50,65476,0,300,0,0,8,20529,65476,0,0,26214,60.0,0.0,0.0,0.0,0.0,0.0
2026-05-17T16:13:52,ERR,ERR,ERR,ERR,ERR,ERR,ERR,ERR,ERR,ERR,ERR,ERR,ERR,ERR,ERR,ERR,ERR,ERR,ERR,ERR,ERR,ERR,ERR,ERR,ERR,ERR,ERR,ERR,ERR,ERR,ERR,ERR,ERR,ERR,ERR,ERR,ERR,ERR,ERR,ERR,ERR,ERR,ERR,ERR,ERR,ERR,ERR,ERR,ERR,ERR,ERR,ERR,ERR,ERR,ERR,ERR,ERR,ERR,ERR,ERR,ERR,ERR,ERR,ERR,ERR,ERR,ERR,ERR,ERR,ERR,ERR,ERR,ERR,ERR,ERR,ERR,ERR,ERR,ERR,ERR,ERR,ERR,ERR,ERR,ERR,ERR,ERR,ERR,ERR,ERR,ERR,ERR,ERR,ERR,ERR,ERR,ERR,ERR,ERR,ERR,ERR,ERR,ERR,ERR,ERR,ERR,ERR,ERR,ERR,ERR,ERR,ERR,ERR,ERR,ERR,ERR,ERR,ERR,ERR,ERR,ERR,ERR,ERR,ERR,ERR,0.0,-0.0,-0.0,0.0,0.0,1.3936040501711995e+18,7.805,0.0,0,0,4,0,8422,0.0,45,0.0,0.0,0.0,0.0,0.0,0,0,0,0,0.0,0,0,0,0,0,0,0,0,0,0,0,0,0,0,0,0,0,0,0,0,0,0,0,0,0,0,0,0,0,0,0,0,0,38,14,7,45,65476,0,300,0,0,8,21553,0.0,-107605600.0,0.0,0.0,0.0,0.0,0.0,0.0,0.0,0.0,0.0,0.0,0.0,0.0,0.0,0.0,0.0,0.0,0.0,0.0,0.0,0.0,-2.004,-2.004,-0.0,0.0,0.0,0.0,0.0,0.0,4973.0,-1.587929164219617e+29,0.0,0.0,-107615288.0,0.0,-0.0,0.0,0.0,0.0,0.0,53,2.7184300208680915e+23,5.848055287018579e+35,0.0,0.0,0.0,0.0,0.0,0.0,0.0,0,0,0,0.0,0.0,0.0,0.0,0.0,0.0,0.0,0.0,0.0,0.0,0.0,0.0,0.0,0.0,0.0,0.0,0,-107875648.0,53,0.0,106,-107614832.0,-107350944.0,ERR,ERR,ERR,ERR,ERR,ERR,ERR,ERR,ERR,ERR,ERR,ERR,ERR,ERR,ERR,ERR,ERR,ERR,ERR,ERR,ERR,ERR,ERR,ERR,ERR,ERR,ERR,ERR,ERR,ERR,ERR,ERR,ERR,ERR,ERR,ERR,ERR,ERR,ERR,ERR,ERR,ERR,ERR,ERR,ERR,ERR,ERR,ERR,ERR,ERR,ERR,ERR,ERR,ERR,ERR,ERR,ERR,ERR,ERR,ERR,ERR,ERR,ERR,ERR,ERR,ERR,ERR,50.0,60.0,100,0.0,0.0,0.0,0.0,0.0,0.0,0.0,0.0,0.0,0.0,0.0,0.0,0.0,0.0,0.0,0.0,62.0,65,20,65521,50,65476,0,300,0,0,8,20529,65476,0,0,26214,60.0,0.0,0.0,0.0,0.0,0.0
2026-05-17T16:13:53,ERR,ERR,ERR,ERR,ERR,ERR,ERR,ERR,ERR,ERR,ERR,ERR,ERR,ERR,ERR,ERR,ERR,ERR,ERR,ERR,ERR,ERR,ERR,ERR,ERR,ERR,ERR,ERR,ERR,ERR,ERR,ERR,ERR,ERR,ERR,ERR,ERR,ERR,ERR,ERR,ERR,ERR,ERR,ERR,ERR,ERR,ERR,ERR,ERR,ERR,ERR,ERR,ERR,ERR,ERR,ERR,ERR,ERR,ERR,ERR,ERR,ERR,ERR,ERR,ERR,ERR,ERR,ERR,ERR,ERR,ERR,ERR,ERR,ERR,ERR,ERR,ERR,ERR,ERR,ERR,ERR,ERR,ERR,ERR,ERR,ERR,ERR,ERR,ERR,ERR,ERR,ERR,ERR,ERR,ERR,ERR,ERR,ERR,ERR,ERR,ERR,ERR,ERR,ERR,ERR,ERR,ERR,ERR,ERR,ERR,ERR,ERR,ERR,ERR,ERR,ERR,ERR,ERR,ERR,ERR,ERR,ERR,ERR,ERR,ERR,0.0,-0.0,-0.0,0.0,0.0,1.3936040501711995e+18,7.805,0.0,0,0,4,0,8422,0.0,45,0.0,0.0,0.0,0.0,0.0,0,0,0,0,0.0,0,0,0,0,0,0,0,0,0,0,0,0,0,0,0,0,0,0,0,0,0,0,0,0,0,0,0,0,0,0,0,0,0,38,14,7,45,65476,0,300,0,0,8,21553,0.0,-107605600.0,0.0,0.0,0.0,0.0,0.0,0.0,0.0,0.0,0.0,0.0,0.0,0.0,0.0,0.0,0.0,0.0,0.0,0.0,0.0,0.0,-2.004,-2.004,-0.0,0.0,0.0,0.0,0.0,0.0,4973.0,-1.587929164219617e+29,0.0,0.0,-107615288.0,0.0,-0.0,0.0,0.0,0.0,0.0,53,2.7184300208680915e+23,5.848055287018579e+35,0.0,0.0,0.0,0.0,0.0,0.0,0.0,0,0,0,0.0,0.0,0.0,0.0,0.0,0.0,0.0,0.0,0.0,0.0,0.0,0.0,0.0,0.0,0.0,0.0,0,-107875648.0,53,0.0,106,-107614832.0,-107350944.0,ERR,ERR,ERR,ERR,ERR,ERR,ERR,ERR,ERR,ERR,ERR,ERR,ERR,ERR,ERR,ERR,ERR,ERR,ERR,ERR,ERR,ERR,ERR,ERR,ERR,ERR,ERR,ERR,ERR,ERR,ERR,ERR,ERR,ERR,ERR,ERR,ERR,ERR,ERR,ERR,ERR,ERR,ERR,ERR,ERR,ERR,ERR,ERR,ERR,ERR,ERR,ERR,ERR,ERR,ERR,ERR,ERR,ERR,ERR,ERR,ERR,ERR,ERR,ERR,ERR,ERR,ERR,50.0,60.0,100,0.0,0.0,0.0,0.0,0.0,0.0,0.0,0.0,0.0,0.0,0.0,0.0,0.0,0.0,0.0,0.0,62.0,65,20,65521,50,65476,0,300,0,0,8,20529,65476,0,0,26214,60.0,0.0,0.0,0.0,0.0,0.0
2026-05-17T16:13:54,ERR,ERR,ERR,ERR,ERR,ERR,ERR,ERR,ERR,ERR,ERR,ERR,ERR,ERR,ERR,ERR,ERR,ERR,ERR,ERR,ERR,ERR,ERR,ERR,ERR,ERR,ERR,ERR,ERR,ERR,ERR,ERR,ERR,ERR,ERR,ERR,ERR,ERR,ERR,ERR,ERR,ERR,ERR,ERR,ERR,ERR,ERR,ERR,ERR,ERR,ERR,ERR,ERR,ERR,ERR,ERR,ERR,ERR,ERR,ERR,ERR,ERR,ERR,ERR,ERR,ERR,ERR,ERR,ERR,ERR,ERR,ERR,ERR,ERR,ERR,ERR,ERR,ERR,ERR,ERR,ERR,ERR,ERR,ERR,ERR,ERR,ERR,ERR,ERR,ERR,ERR,ERR,ERR,ERR,ERR,ERR,ERR,ERR,ERR,ERR,ERR,ERR,ERR,ERR,ERR,ERR,ERR,ERR,ERR,ERR,ERR,ERR,ERR,ERR,ERR,ERR,ERR,ERR,ERR,ERR,ERR,ERR,ERR,ERR,ERR,0.0,-0.0,-0.0,0.0,0.0,1.3936040501711995e+18,7.805,0.0,0,0,4,0,8422,0.0,45,0.0,0.0,0.0,0.0,0.0,0,0,0,0,0.0,0,0,0,0,0,0,0,0,0,0,0,0,0,0,0,0,0,0,0,0,0,0,0,0,0,0,0,0,0,0,0,0,0,38,14,7,45,65476,0,300,0,0,8,21553,0.0,-107605600.0,0.0,0.0,0.0,0.0,0.0,0.0,0.0,0.0,0.0,0.0,0.0,0.0,0.0,0.0,0.0,0.0,0.0,0.0,0.0,0.0,-2.004,-0.0,-0.0,0.0,0.0,0.0,0.0,0.0,4974.0,8608181248.0,0.0,0.0,-107615288.0,0.0,2.718429120148166e+23,0.0,0.0,0.0,0.0,53,152018454839296.0,-2.3088276994979896e+20,0.0,0.0,0.0,0.0,0.0,0.0,0.0,0,0,0,0.0,0.0,0.0,0.0,0.0,0.0,0.0,0.0,0.0,0.0,0.0,0.0,0.0,0.0,0.0,0.0,0,-107875648.0,53,0.0,106,-107614832.0,-107350944.0,ERR,ERR,ERR,ERR,ERR,ERR,ERR,ERR,ERR,ERR,ERR,ERR,ERR,ERR,ERR,ERR,ERR,ERR,ERR,ERR,ERR,ERR,ERR,ERR,ERR,ERR,ERR,ERR,ERR,ERR,ERR,ERR,ERR,ERR,ERR,ERR,ERR,ERR,ERR,ERR,ERR,ERR,ERR,ERR,ERR,ERR,ERR,ERR,ERR,ERR,ERR,ERR,ERR,ERR,ERR,ERR,ERR,ERR,ERR,ERR,ERR,ERR,ERR,ERR,ERR,ERR,ERR,50.0,60.0,100,0.0,0.0,0.0,0.0,0.0,0.0,0.0,0.0,0.0,0.0,0.0,0.0,0.0,0.0,0.0,0.0,62.0,65,20,65521,50,65476,0,300,0,0,8,20529,65476,0,0,26214,60.0,0.0,0.0,0.0,0.0,0.0
2026-05-17T16:13:55,ERR,ERR,ERR,ERR,ERR,ERR,ERR,ERR,ERR,ERR,ERR,ERR,ERR,ERR,ERR,ERR,ERR,ERR,ERR,ERR,ERR,ERR,ERR,ERR,ERR,ERR,ERR,ERR,ERR,ERR,ERR,ERR,ERR,ERR,ERR,ERR,ERR,ERR,ERR,ERR,ERR,ERR,ERR,ERR,ERR,ERR,ERR,ERR,ERR,ERR,ERR,ERR,ERR,ERR,ERR,ERR,ERR,ERR,ERR,ERR,ERR,ERR,ERR,ERR,ERR,ERR,ERR,ERR,ERR,ERR,ERR,ERR,ERR,ERR,ERR,ERR,ERR,ERR,ERR,ERR,ERR,ERR,ERR,ERR,ERR,ERR,ERR,ERR,ERR,ERR,ERR,ERR,ERR,ERR,ERR,ERR,ERR,ERR,ERR,ERR,ERR,ERR,ERR,ERR,ERR,ERR,ERR,ERR,ERR,ERR,ERR,ERR,ERR,ERR,ERR,ERR,ERR,ERR,ERR,ERR,ERR,ERR,ERR,ERR,ERR,0.0,-0.0,-0.0,0.0,0.0,1.3936040501711995e+18,7.805,0.0,0,0,4,0,8422,0.0,45,0.0,0.0,0.0,0.0,0.0,0,0,0,0,0.0,0,0,0,0,0,0,0,0,0,0,0,0,0,0,0,0,0,0,0,0,0,0,0,0,0,0,0,0,0,0,0,0,0,38,14,7,45,65476,0,300,0,0,8,21553,0.0,-107605600.0,0.0,0.0,0.0,0.0,0.0,0.0,0.0,0.0,0.0,0.0,0.0,0.0,0.0,0.0,0.0,0.0,0.0,0.0,0.0,0.0,-2.004,-0.0,-0.0,0.0,0.0,0.0,0.0,0.0,4974.0,8608181248.0,0.0,0.0,-107615288.0,0.0,2.718429120148166e+23,0.0,0.0,0.0,0.0,53,152018454839296.0,-2.3088276994979896e+20,0.0,0.0,0.0,0.0,0.0,0.0,0.0,0,0,0,0.0,0.0,0.0,0.0,0.0,0.0,0.0,0.0,0.0,0.0,0.0,0.0,0.0,0.0,0.0,0.0,0,-107875648.0,53,0.0,106,-107614832.0,-107350944.0,ERR,ERR,ERR,ERR,ERR,ERR,ERR,ERR,ERR,ERR,ERR,ERR,ERR,ERR,ERR,ERR,ERR,ERR,ERR,ERR,ERR,ERR,ERR,ERR,ERR,ERR,ERR,ERR,ERR,ERR,ERR,ERR,ERR,ERR,ERR,ERR,ERR,ERR,ERR,ERR,ERR,ERR,ERR,ERR,ERR,ERR,ERR,ERR,ERR,ERR,ERR,ERR,ERR,ERR,ERR,ERR,ERR,ERR,ERR,ERR,ERR,ERR,ERR,ERR,ERR,ERR,ERR,50.0,60.0,100,0.0,0.0,0.0,0.0,0.0,0.0,0.0,0.0,0.0,0.0,0.0,0.0,0.0,0.0,0.0,0.0,62.0,65,20,65521,50,65476,0,300,0,0,8,20529,65476,0,0,26214,60.0,0.0,0.0,0.0,0.0,0.0
2026-05-17T16:13:56,ERR,ERR,ERR,ERR,ERR,ERR,ERR,ERR,ERR,ERR,ERR,ERR,ERR,ERR,ERR,ERR,ERR,ERR,ERR,ERR,ERR,ERR,ERR,ERR,ERR,ERR,ERR,ERR,ERR,ERR,ERR,ERR,ERR,ERR,ERR,ERR,ERR,ERR,ERR,ERR,ERR,ERR,ERR,ERR,ERR,ERR,ERR,ERR,ERR,ERR,ERR,ERR,ERR,ERR,ERR,ERR,ERR,ERR,ERR,ERR,ERR,ERR,ERR,ERR,ERR,ERR,ERR,ERR,ERR,ERR,ERR,ERR,ERR,ERR,ERR,ERR,ERR,ERR,ERR,ERR,ERR,ERR,ERR,ERR,ERR,ERR,ERR,ERR,ERR,ERR,ERR,ERR,ERR,ERR,ERR,ERR,ERR,ERR,ERR,ERR,ERR,ERR,ERR,ERR,ERR,ERR,ERR,ERR,ERR,ERR,ERR,ERR,ERR,ERR,ERR,ERR,ERR,ERR,ERR,ERR,ERR,ERR,ERR,ERR,ERR,0.0,-0.0,-0.0,0.0,0.0,1.3936040501711995e+18,7.805,0.0,0,0,4,0,8422,0.0,45,0.0,0.0,0.0,0.0,0.0,0,0,0,0,0.0,0,0,0,0,0,0,0,0,0,0,0,0,0,0,0,0,0,0,0,0,0,0,0,0,0,0,0,0,0,0,0,0,0,38,14,7,45,65476,0,300,0,0,8,21553,0.0,-107605600.0,0.0,0.0,0.0,0.0,0.0,0.0,0.0,0.0,0.0,0.0,0.0,0.0,0.0,0.0,0.0,0.0,0.0,0.0,0.0,0.0,-2.004,-0.0,-0.0,0.0,0.0,0.0,0.0,0.0,4974.0,8608181248.0,0.0,0.0,-107615288.0,0.0,2.718429120148166e+23,0.0,0.0,0.0,0.0,53,152018454839296.0,-2.3088276994979896e+20,0.0,0.0,0.0,0.0,0.0,0.0,0.0,0,0,0,0.0,0.0,0.0,0.0,0.0,0.0,0.0,0.0,0.0,0.0,0.0,0.0,0.0,0.0,0.0,0.0,0,-107875648.0,53,0.0,106,-107614832.0,-107350944.0,ERR,ERR,ERR,ERR,ERR,ERR,ERR,ERR,ERR,ERR,ERR,ERR,ERR,ERR,ERR,ERR,ERR,ERR,ERR,ERR,ERR,ERR,ERR,ERR,ERR,ERR,ERR,ERR,ERR,ERR,ERR,ERR,ERR,ERR,ERR,ERR,ERR,ERR,ERR,ERR,ERR,ERR,ERR,ERR,ERR,ERR,ERR,ERR,ERR,ERR,ERR,ERR,ERR,ERR,ERR,ERR,ERR,ERR,ERR,ERR,ERR,ERR,ERR,ERR,ERR,ERR,ERR,50.0,60.0,100,0.0,0.0,0.0,0.0,0.0,0.0,0.0,0.0,0.0,0.0,0.0,0.0,0.0,0.0,0.0,0.0,61.6,65,20,65521,50,65476,0,300,0,0,8,20529,65476,0,0,26214,60.0,0.0,0.0,0.0,0.0,0.0
2026-05-17T16:13:57,ERR,ERR,ERR,ERR,ERR,ERR,ERR,ERR,ERR,ERR,ERR,ERR,ERR,ERR,ERR,ERR,ERR,ERR,ERR,ERR,ERR,ERR,ERR,ERR,ERR,ERR,ERR,ERR,ERR,ERR,ERR,ERR,ERR,ERR,ERR,ERR,ERR,ERR,ERR,ERR,ERR,ERR,ERR,ERR,ERR,ERR,ERR,ERR,ERR,ERR,ERR,ERR,ERR,ERR,ERR,ERR,ERR,ERR,ERR,ERR,ERR,ERR,ERR,ERR,ERR,ERR,ERR,ERR,ERR,ERR,ERR,ERR,ERR,ERR,ERR,ERR,ERR,ERR,ERR,ERR,ERR,ERR,ERR,ERR,ERR,ERR,ERR,ERR,ERR,ERR,ERR,ERR,ERR,ERR,ERR,ERR,ERR,ERR,ERR,ERR,ERR,ERR,ERR,ERR,ERR,ERR,ERR,ERR,ERR,ERR,ERR,ERR,ERR,ERR,ERR,ERR,ERR,ERR,ERR,ERR,ERR,ERR,ERR,ERR,ERR,0.0,-0.0,-0.0,0.0,0.0,1.3936040501711995e+18,7.805,0.0,0,0,4,0,8422,0.0,45,0.0,0.0,0.0,0.0,0.0,0,0,0,0,0.0,0,0,0,0,0,0,0,0,0,0,0,0,0,0,0,0,0,0,0,0,0,0,0,0,0,0,0,0,0,0,0,0,0,38,14,7,45,65476,0,300,0,0,8,21553,0.0,-107605600.0,0.0,0.0,0.0,0.0,0.0,0.0,0.0,0.0,0.0,0.0,0.0,0.0,0.0,0.0,0.0,0.0,0.0,0.0,0.0,0.0,-2.004,-0.0,-0.0,0.0,0.0,0.0,0.0,0.0,4974.0,8608181248.0,0.0,0.0,-107615288.0,0.0,2.718429120148166e+23,0.0,0.0,0.0,0.0,53,152018454839296.0,-2.3088276994979896e+20,0.0,0.0,0.0,0.0,0.0,0.0,0.0,0,0,0,0.0,0.0,0.0,0.0,0.0,0.0,0.0,0.0,0.0,0.0,0.0,0.0,0.0,0.0,0.0,0.0,0,-107875648.0,53,0.0,106,-107614832.0,-107350944.0,ERR,ERR,ERR,ERR,ERR,ERR,ERR,ERR,ERR,ERR,ERR,ERR,ERR,ERR,ERR,ERR,ERR,ERR,ERR,ERR,ERR,ERR,ERR,ERR,ERR,ERR,ERR,ERR,ERR,ERR,ERR,ERR,ERR,ERR,ERR,ERR,ERR,ERR,ERR,ERR,ERR,ERR,ERR,ERR,ERR,ERR,ERR,ERR,ERR,ERR,ERR,ERR,ERR,ERR,ERR,ERR,ERR,ERR,ERR,ERR,ERR,ERR,ERR,ERR,ERR,ERR,ERR,50.0,60.0,100,0.0,0.0,0.0,0.0,0.0,0.0,0.0,0.0,0.0,0.0,0.0,0.0,0.0,0.0,0.0,0.0,61.6,65,20,65521,50,65476,0,300,0,0,8,20529,65476,0,0,26214,60.0,0.0,0.0,0.0,0.0,0.0
2026-05-17T16:13:58,ERR,ERR,ERR,ERR,ERR,ERR,ERR,ERR,ERR,ERR,ERR,ERR,ERR,ERR,ERR,ERR,ERR,ERR,ERR,ERR,ERR,ERR,ERR,ERR,ERR,ERR,ERR,ERR,ERR,ERR,ERR,ERR,ERR,ERR,ERR,ERR,ERR,ERR,ERR,ERR,ERR,ERR,ERR,ERR,ERR,ERR,ERR,ERR,ERR,ERR,ERR,ERR,ERR,ERR,ERR,ERR,ERR,ERR,ERR,ERR,ERR,ERR,ERR,ERR,ERR,ERR,ERR,ERR,ERR,ERR,ERR,ERR,ERR,ERR,ERR,ERR,ERR,ERR,ERR,ERR,ERR,ERR,ERR,ERR,ERR,ERR,ERR,ERR,ERR,ERR,ERR,ERR,ERR,ERR,ERR,ERR,ERR,ERR,ERR,ERR,ERR,ERR,ERR,ERR,ERR,ERR,ERR,ERR,ERR,ERR,ERR,ERR,ERR,ERR,ERR,ERR,ERR,ERR,ERR,ERR,ERR,ERR,ERR,ERR,ERR,0.0,-0.0,-0.0,0.0,0.0,1.3936040501711995e+18,7.805,0.0,0,0,4,0,8422,0.0,45,0.0,0.0,0.0,0.0,0.0,0,0,0,0,0.0,0,0,0,0,0,0,0,0,0,0,0,0,0,0,0,0,0,0,0,0,0,0,0,0,0,0,0,0,0,0,0,0,0,38,14,7,45,65476,0,300,0,0,8,21553,0.0,-107605600.0,0.0,0.0,0.0,0.0,0.0,0.0,0.0,0.0,0.0,0.0,0.0,0.0,0.0,0.0,0.0,0.0,0.0,0.0,0.0,0.0,-2.004,-0.0,-0.0,0.0,0.0,0.0,0.0,0.0,4974.0,8608181248.0,0.0,0.0,-107615288.0,0.0,2.718429120148166e+23,0.0,0.0,0.0,0.0,53,152018454839296.0,-2.3088276994979896e+20,0.0,0.0,0.0,0.0,0.0,0.0,0.0,0,0,0,0.0,0.0,0.0,0.0,0.0,0.0,0.0,0.0,0.0,0.0,0.0,0.0,0.0,0.0,0.0,0.0,0,-107875648.0,53,0.0,106,-107614832.0,-107350944.0,ERR,ERR,ERR,ERR,ERR,ERR,ERR,ERR,ERR,ERR,ERR,ERR,ERR,ERR,ERR,ERR,ERR,ERR,ERR,ERR,ERR,ERR,ERR,ERR,ERR,ERR,ERR,ERR,ERR,ERR,ERR,ERR,ERR,ERR,ERR,ERR,ERR,ERR,ERR,ERR,ERR,ERR,ERR,ERR,ERR,ERR,ERR,ERR,ERR,ERR,ERR,ERR,ERR,ERR,ERR,ERR,ERR,ERR,ERR,ERR,ERR,ERR,ERR,ERR,ERR,ERR,ERR,50.0,60.0,100,0.0,0.0,0.0,0.0,0.0,0.0,0.0,0.0,0.0,0.0,0.0,0.0,0.0,0.0,0.0,0.0,61.6,65,20,65521,50,65476,0,300,0,0,8,20529,65476,0,0,26214,60.0,0.0,0.0,0.0,0.0,0.0
2026-05-17T16:13:59,ERR,ERR,ERR,ERR,ERR,ERR,ERR,ERR,ERR,ERR,ERR,ERR,ERR,ERR,ERR,ERR,ERR,ERR,ERR,ERR,ERR,ERR,ERR,ERR,ERR,ERR,ERR,ERR,ERR,ERR,ERR,ERR,ERR,ERR,ERR,ERR,ERR,ERR,ERR,ERR,ERR,ERR,ERR,ERR,ERR,ERR,ERR,ERR,ERR,ERR,ERR,ERR,ERR,ERR,ERR,ERR,ERR,ERR,ERR,ERR,ERR,ERR,ERR,ERR,ERR,ERR,ERR,ERR,ERR,ERR,ERR,ERR,ERR,ERR,ERR,ERR,ERR,ERR,ERR,ERR,ERR,ERR,ERR,ERR,ERR,ERR,ERR,ERR,ERR,ERR,ERR,ERR,ERR,ERR,ERR,ERR,ERR,ERR,ERR,ERR,ERR,ERR,ERR,ERR,ERR,ERR,ERR,ERR,ERR,ERR,ERR,ERR,ERR,ERR,ERR,ERR,ERR,ERR,ERR,ERR,ERR,ERR,ERR,ERR,ERR,0.0,-107615288.0,-134474944.0,0.0,0.0,1.3936040501711995e+18,7.805,0.0,0,0,4,0,8422,0.0,45,0.0,0.0,0.0,0.0,0.0,0,0,0,0,0.0,0,0,0,0,0,0,0,0,0,0,0,0,0,0,0,0,0,0,0,0,0,0,0,0,0,0,0,0,0,0,0,0,0,38,14,7,45,65476,0,300,0,0,8,21553,0.0,-107605600.0,0.0,0.0,0.0,0.0,0.0,0.0,0.0,0.0,0.0,0.0,0.0,0.0,0.0,0.0,0.0,0.0,0.0,0.0,0.0,0.0,-2.004,-2.004,-0.0,0.0,0.0,0.0,0.0,0.0,4971.0,8608181248.0,0.0,0.0,-107615288.0,0.0,-0.0,0.0,0.0,0.0,0.0,53,71.63,-152017246879744.0,0.0,0.0,0.0,0.0,0.0,0.0,0.0,0,0,0,0.0,0.0,0.0,0.0,0.0,0.0,0.0,0.0,0.0,0.0,0.0,0.0,0.0,0.0,0.0,0.0,0,-107875648.0,53,0.0,106,-107614832.0,-107350944.0,ERR,ERR,ERR,ERR,ERR,ERR,ERR,ERR,ERR,ERR,ERR,ERR,ERR,ERR,ERR,ERR,ERR,ERR,ERR,ERR,ERR,ERR,ERR,ERR,ERR,ERR,ERR,ERR,ERR,ERR,ERR,ERR,ERR,ERR,ERR,ERR,ERR,ERR,ERR,ERR,ERR,ERR,ERR,ERR,ERR,ERR,ERR,ERR,ERR,ERR,ERR,ERR,ERR,ERR,ERR,ERR,ERR,ERR,ERR,ERR,ERR,ERR,ERR,ERR,ERR,ERR,ERR,50.0,60.0,100,0.0,0.0,0.0,0.0,0.0,0.0,0.0,0.0,0.0,0.0,0.0,0.0,0.0,0.0,0.0,0.0,62.0,65,20,65521,50,65476,0,300,0,0,8,20529,65476,0,0,26214,60.0,0.0,0.0,0.0,0.0,0.0
2026-05-17T16:14:00,ERR,ERR,ERR,ERR,ERR,ERR,ERR,ERR,ERR,ERR,ERR,ERR,ERR,ERR,ERR,ERR,ERR,ERR,ERR,ERR,ERR,ERR,ERR,ERR,ERR,ERR,ERR,ERR,ERR,ERR,ERR,ERR,ERR,ERR,ERR,ERR,ERR,ERR,ERR,ERR,ERR,ERR,ERR,ERR,ERR,ERR,ERR,ERR,ERR,ERR,ERR,ERR,ERR,ERR,ERR,ERR,ERR,ERR,ERR,ERR,ERR,ERR,ERR,ERR,ERR,ERR,ERR,ERR,ERR,ERR,ERR,ERR,ERR,ERR,ERR,ERR,ERR,ERR,ERR,ERR,ERR,ERR,ERR,ERR,ERR,ERR,ERR,ERR,ERR,ERR,ERR,ERR,ERR,ERR,ERR,ERR,ERR,ERR,ERR,ERR,ERR,ERR,ERR,ERR,ERR,ERR,ERR,ERR,ERR,ERR,ERR,ERR,ERR,ERR,ERR,ERR,ERR,ERR,ERR,ERR,ERR,ERR,ERR,ERR,ERR,0.0,-107615288.0,-134474944.0,0.0,0.0,1.3936040501711995e+18,7.805,0.0,0,0,4,0,8422,0.0,45,0.0,0.0,0.0,0.0,0.0,0,0,0,0,0.0,0,0,0,0,0,0,0,0,0,0,0,0,0,0,0,0,0,0,0,0,0,0,0,0,0,0,0,0,0,0,0,0,0,38,14,7,45,65476,0,300,0,0,8,21553,0.0,-107605600.0,0.0,0.0,0.0,0.0,0.0,0.0,0.0,0.0,0.0,0.0,0.0,0.0,0.0,0.0,0.0,0.0,0.0,0.0,0.0,0.0,-2.004,-2.004,-0.0,0.0,0.0,0.0,0.0,0.0,4971.0,8608181248.0,0.0,0.0,-107615288.0,0.0,-0.0,0.0,0.0,0.0,0.0,53,71.63,-152017246879744.0,0.0,0.0,0.0,0.0,0.0,0.0,0.0,0,0,0,0.0,0.0,0.0,0.0,0.0,0.0,0.0,0.0,0.0,0.0,0.0,0.0,0.0,0.0,0.0,0.0,0,-107875648.0,53,0.0,106,-107614832.0,-107350944.0,ERR,ERR,ERR,ERR,ERR,ERR,ERR,ERR,ERR,ERR,ERR,ERR,ERR,ERR,ERR,ERR,ERR,ERR,ERR,ERR,ERR,ERR,ERR,ERR,ERR,ERR,ERR,ERR,ERR,ERR,ERR,ERR,ERR,ERR,ERR,ERR,ERR,ERR,ERR,ERR,ERR,ERR,ERR,ERR,ERR,ERR,ERR,ERR,ERR,ERR,ERR,ERR,ERR,ERR,ERR,ERR,ERR,ERR,ERR,ERR,ERR,ERR,ERR,ERR,ERR,ERR,ERR,50.0,60.0,100,0.0,0.0,0.0,0.0,0.0,0.0,0.0,0.0,0.0,0.0,0.0,0.0,0.0,0.0,0.0,0.0,62.0,65,20,65521,50,65476,0,300,0,0,8,20529,65476,0,0,26214,60.0,0.0,0.0,0.0,0.0,0.0
2026-05-17T16:14:01,ERR,ERR,ERR,ERR,ERR,ERR,ERR,ERR,ERR,ERR,ERR,ERR,ERR,ERR,ERR,ERR,ERR,ERR,ERR,ERR,ERR,ERR,ERR,ERR,ERR,ERR,ERR,ERR,ERR,ERR,ERR,ERR,ERR,ERR,ERR,ERR,ERR,ERR,ERR,ERR,ERR,ERR,ERR,ERR,ERR,ERR,ERR,ERR,ERR,ERR,ERR,ERR,ERR,ERR,ERR,ERR,ERR,ERR,ERR,ERR,ERR,ERR,ERR,ERR,ERR,ERR,ERR,ERR,ERR,ERR,ERR,ERR,ERR,ERR,ERR,ERR,ERR,ERR,ERR,ERR,ERR,ERR,ERR,ERR,ERR,ERR,ERR,ERR,ERR,ERR,ERR,ERR,ERR,ERR,ERR,ERR,ERR,ERR,ERR,ERR,ERR,ERR,ERR,ERR,ERR,ERR,ERR,ERR,ERR,ERR,ERR,ERR,ERR,ERR,ERR,ERR,ERR,ERR,ERR,ERR,ERR,ERR,ERR,ERR,ERR,0.0,-107615288.0,-134474944.0,0.0,0.0,1.3936040501711995e+18,7.805,0.0,0,0,4,0,8422,0.0,45,0.0,0.0,0.0,0.0,0.0,0,0,0,0,0.0,0,0,0,0,0,0,0,0,0,0,0,0,0,0,0,0,0,0,0,0,0,0,0,0,0,0,0,0,0,0,0,0,0,38,14,7,45,65476,0,300,0,0,8,21553,0.0,-107605600.0,0.0,0.0,0.0,0.0,0.0,0.0,0.0,0.0,0.0,0.0,0.0,0.0,0.0,0.0,0.0,0.0,0.0,0.0,0.0,0.0,-2.004,-2.004,-0.0,0.0,0.0,0.0,0.0,0.0,4971.0,8608181248.0,0.0,0.0,-107615288.0,0.0,-0.0,0.0,0.0,0.0,0.0,53,71.63,-152017246879744.0,0.0,0.0,0.0,0.0,0.0,0.0,0.0,0,0,0,0.0,0.0,0.0,0.0,0.0,0.0,0.0,0.0,0.0,0.0,0.0,0.0,0.0,0.0,0.0,0.0,0,-107875648.0,53,0.0,106,-107614832.0,-107350944.0,ERR,ERR,ERR,ERR,ERR,ERR,ERR,ERR,ERR,ERR,ERR,ERR,ERR,ERR,ERR,ERR,ERR,ERR,ERR,ERR,ERR,ERR,ERR,ERR,ERR,ERR,ERR,ERR,ERR,ERR,ERR,ERR,ERR,ERR,ERR,ERR,ERR,ERR,ERR,ERR,ERR,ERR,ERR,ERR,ERR,ERR,ERR,ERR,ERR,ERR,ERR,ERR,ERR,ERR,ERR,ERR,ERR,ERR,ERR,ERR,ERR,ERR,ERR,ERR,ERR,ERR,ERR,50.0,60.0,100,0.0,0.0,0.0,0.0,0.0,0.0,0.0,0.0,0.0,0.0,0.0,0.0,0.0,0.0,0.0,0.0,62.0,65,20,65521,50,65476,0,300,0,0,8,20529,65476,0,0,26214,60.0,0.0,0.0,0.0,0.0,0.0
2026-05-17T16:14:02,ERR,ERR,ERR,ERR,ERR,ERR,ERR,ERR,ERR,ERR,ERR,ERR,ERR,ERR,ERR,ERR,ERR,ERR,ERR,ERR,ERR,ERR,ERR,ERR,ERR,ERR,ERR,ERR,ERR,ERR,ERR,ERR,ERR,ERR,ERR,ERR,ERR,ERR,ERR,ERR,ERR,ERR,ERR,ERR,ERR,ERR,ERR,ERR,ERR,ERR,ERR,ERR,ERR,ERR,ERR,ERR,ERR,ERR,ERR,ERR,ERR,ERR,ERR,ERR,ERR,ERR,ERR,ERR,ERR,ERR,ERR,ERR,ERR,ERR,ERR,ERR,ERR,ERR,ERR,ERR,ERR,ERR,ERR,ERR,ERR,ERR,ERR,ERR,ERR,ERR,ERR,ERR,ERR,ERR,ERR,ERR,ERR,ERR,ERR,ERR,ERR,ERR,ERR,ERR,ERR,ERR,ERR,ERR,ERR,ERR,ERR,ERR,ERR,ERR,ERR,ERR,ERR,ERR,ERR,ERR,ERR,ERR,ERR,ERR,ERR,0.0,-107615288.0,-134474944.0,0.0,0.0,1.3936040501711995e+18,7.805,0.0,0,0,4,0,8422,0.0,45,0.0,0.0,0.0,0.0,0.0,0,0,0,0,0.0,0,0,0,0,0,0,0,0,0,0,0,0,0,0,0,0,0,0,0,0,0,0,0,0,0,0,0,0,0,0,0,0,0,38,14,7,45,65476,0,300,0,0,8,21553,0.0,-107605600.0,0.0,0.0,0.0,0.0,0.0,0.0,0.0,0.0,0.0,0.0,0.0,0.0,0.0,0.0,0.0,0.0,0.0,0.0,0.0,0.0,-2.004,-2.004,-0.0,0.0,0.0,0.0,0.0,0.0,4971.0,8608181248.0,0.0,0.0,-107615288.0,0.0,-0.0,0.0,0.0,0.0,0.0,53,71.63,-152017246879744.0,0.0,0.0,0.0,0.0,0.0,0.0,0.0,0,0,0,0.0,0.0,0.0,0.0,0.0,0.0,0.0,0.0,0.0,0.0,0.0,0.0,0.0,0.0,0.0,0.0,0,-107875648.0,53,0.0,106,-107614832.0,-107350944.0,ERR,ERR,ERR,ERR,ERR,ERR,ERR,ERR,ERR,ERR,ERR,ERR,ERR,ERR,ERR,ERR,ERR,ERR,ERR,ERR,ERR,ERR,ERR,ERR,ERR,ERR,ERR,ERR,ERR,ERR,ERR,ERR,ERR,ERR,ERR,ERR,ERR,ERR,ERR,ERR,ERR,ERR,ERR,ERR,ERR,ERR,ERR,ERR,ERR,ERR,ERR,ERR,ERR,ERR,ERR,ERR,ERR,ERR,ERR,ERR,ERR,ERR,ERR,ERR,ERR,ERR,ERR,50.0,60.0,100,0.0,0.0,0.0,0.0,0.0,0.0,0.0,0.0,0.0,0.0,0.0,0.0,0.0,0.0,0.0,0.0,62.0,65,20,65521,50,65476,0,300,0,0,8,20529,65476,0,0,26214,60.0,0.0,0.0,0.0,0.0,0.0
2026-05-17T16:14:03,ERR,ERR,ERR,ERR,ERR,ERR,ERR,ERR,ERR,ERR,ERR,ERR,ERR,ERR,ERR,ERR,ERR,ERR,ERR,ERR,ERR,ERR,ERR,ERR,ERR,ERR,ERR,ERR,ERR,ERR,ERR,ERR,ERR,ERR,ERR,ERR,ERR,ERR,ERR,ERR,ERR,ERR,ERR,ERR,ERR,ERR,ERR,ERR,ERR,ERR,ERR,ERR,ERR,ERR,ERR,ERR,ERR,ERR,ERR,ERR,ERR,ERR,ERR,ERR,ERR,ERR,ERR,ERR,ERR,ERR,ERR,ERR,ERR,ERR,ERR,ERR,ERR,ERR,ERR,ERR,ERR,ERR,ERR,ERR,ERR,ERR,ERR,ERR,ERR,ERR,ERR,ERR,ERR,ERR,ERR,ERR,ERR,ERR,ERR,ERR,ERR,ERR,ERR,ERR,ERR,ERR,ERR,ERR,ERR,ERR,ERR,ERR,ERR,ERR,ERR,ERR,ERR,ERR,ERR,ERR,ERR,ERR,ERR,ERR,ERR,0.0,-107615288.0,-134474944.0,0.0,0.0,1.3936040501711995e+18,7.805,0.0,0,0,4,0,8422,0.0,45,0.0,0.0,0.0,0.0,0.0,0,0,0,0,0.0,0,0,0,0,0,0,0,0,0,0,0,0,0,0,0,0,0,0,0,0,0,0,0,0,0,0,0,0,0,0,0,0,0,38,14,7,45,65476,0,300,0,0,8,21553,0.0,-107605600.0,0.0,0.0,0.0,0.0,0.0,0.0,0.0,0.0,0.0,0.0,0.0,0.0,0.0,0.0,0.0,0.0,0.0,0.0,0.0,0.0,-2.004,-2.004,-0.0,0.0,0.0,0.0,0.0,0.0,4971.0,8608181248.0,0.0,0.0,-107615288.0,0.0,-0.0,0.0,0.0,0.0,0.0,53,71.63,-152017246879744.0,0.0,0.0,0.0,0.0,0.0,0.0,0.0,0,0,0,0.0,0.0,0.0,0.0,0.0,0.0,0.0,0.0,0.0,0.0,0.0,0.0,0.0,0.0,0.0,0.0,0,-107875648.0,53,0.0,106,-107614832.0,-107350944.0,ERR,ERR,ERR,ERR,ERR,ERR,ERR,ERR,ERR,ERR,ERR,ERR,ERR,ERR,ERR,ERR,ERR,ERR,ERR,ERR,ERR,ERR,ERR,ERR,ERR,ERR,ERR,ERR,ERR,ERR,ERR,ERR,ERR,ERR,ERR,ERR,ERR,ERR,ERR,ERR,ERR,ERR,ERR,ERR,ERR,ERR,ERR,ERR,ERR,ERR,ERR,ERR,ERR,ERR,ERR,ERR,ERR,ERR,ERR,ERR,ERR,ERR,ERR,ERR,ERR,ERR,ERR,50.0,60.0,100,0.0,0.0,0.0,0.0,0.0,0.0,0.0,0.0,0.0,0.0,0.0,0.0,0.0,0.0,0.0,0.0,61.6,65,20,65521,50,65476,0,300,0,0,8,20529,65476,0,0,26214,60.0,0.0,0.0,0.0,0.0,0.0
2026-05-17T16:14:04,ERR,ERR,ERR,ERR,ERR,ERR,ERR,ERR,ERR,ERR,ERR,ERR,ERR,ERR,ERR,ERR,ERR,ERR,ERR,ERR,ERR,ERR,ERR,ERR,ERR,ERR,ERR,ERR,ERR,ERR,ERR,ERR,ERR,ERR,ERR,ERR,ERR,ERR,ERR,ERR,ERR,ERR,ERR,ERR,ERR,ERR,ERR,ERR,ERR,ERR,ERR,ERR,ERR,ERR,ERR,ERR,ERR,ERR,ERR,ERR,ERR,ERR,ERR,ERR,ERR,ERR,ERR,ERR,ERR,ERR,ERR,ERR,ERR,ERR,ERR,ERR,ERR,ERR,ERR,ERR,ERR,ERR,ERR,ERR,ERR,ERR,ERR,ERR,ERR,ERR,ERR,ERR,ERR,ERR,ERR,ERR,ERR,ERR,ERR,ERR,ERR,ERR,ERR,ERR,ERR,ERR,ERR,ERR,ERR,ERR,ERR,ERR,ERR,ERR,ERR,ERR,ERR,ERR,ERR,ERR,ERR,ERR,ERR,ERR,ERR,0.0,-107615288.0,-134474944.0,0.0,0.0,1.3936040501711995e+18,7.805,0.0,0,0,4,0,8422,0.0,45,0.0,0.0,0.0,0.0,0.0,0,0,0,0,0.0,0,0,0,0,0,0,0,0,0,0,0,0,0,0,0,0,0,0,0,0,0,0,0,0,0,0,0,0,0,0,0,0,0,38,14,7,45,65476,0,300,0,0,8,21553,0.0,-107605600.0,0.0,0.0,0.0,0.0,0.0,0.0,0.0,0.0,0.0,0.0,0.0,0.0,-2.596148429267414e+33,0.0,0.0,0.0,0.0,0.0,0.0,0.0,-2.004,-2.004,-0.0,0.0,0.0,0.0,0.0,0.0,5008.0,0.0,0.0,0.0,-107615288.0,0.0,-0.0,0.0,0.0,0.0,0.0,53,4.066880103266858e+29,-3.222002398308886e+26,0.0,0.0,0.0,0.0,0.0,0.0,0.0,0,0,0,0.0,0.0,0.0,0.0,0.0,0.0,0.0,0.0,0.0,0.0,0.0,0.0,0.0,0.0,0.0,0.0,0,-107875648.0,53,0.0,106,-107614832.0,-107350944.0,ERR,ERR,ERR,ERR,ERR,ERR,ERR,ERR,ERR,ERR,ERR,ERR,ERR,ERR,ERR,ERR,ERR,ERR,ERR,ERR,ERR,ERR,ERR,ERR,ERR,ERR,ERR,ERR,ERR,ERR,ERR,ERR,ERR,ERR,ERR,ERR,ERR,ERR,ERR,ERR,ERR,ERR,ERR,ERR,ERR,ERR,ERR,ERR,ERR,ERR,ERR,ERR,ERR,ERR,ERR,ERR,ERR,ERR,ERR,ERR,ERR,ERR,ERR,ERR,ERR,ERR,ERR,50.0,60.0,100,0.0,0.0,0.0,0.0,0.0,0.0,0.0,0.0,0.0,0.0,0.0,0.0,0.0,0.0,0.0,0.0,61.6,65,20,65521,50,65476,0,300,0,0,8,20529,65476,0,0,26214,60.0,0.0,0.0,0.0,0.0,0.0
2026-05-17T16:14:05,ERR,ERR,ERR,ERR,ERR,ERR,ERR,ERR,ERR,ERR,ERR,ERR,ERR,ERR,ERR,ERR,ERR,ERR,ERR,ERR,ERR,ERR,ERR,ERR,ERR,ERR,ERR,ERR,ERR,ERR,ERR,ERR,ERR,ERR,ERR,ERR,ERR,ERR,ERR,ERR,ERR,ERR,ERR,ERR,ERR,ERR,ERR,ERR,ERR,ERR,ERR,ERR,ERR,ERR,ERR,ERR,ERR,ERR,ERR,ERR,ERR,ERR,ERR,ERR,ERR,ERR,ERR,ERR,ERR,ERR,ERR,ERR,ERR,ERR,ERR,ERR,ERR,ERR,ERR,ERR,ERR,ERR,ERR,ERR,ERR,ERR,ERR,ERR,ERR,ERR,ERR,ERR,ERR,ERR,ERR,ERR,ERR,ERR,ERR,ERR,ERR,ERR,ERR,ERR,ERR,ERR,ERR,ERR,ERR,ERR,ERR,ERR,ERR,ERR,ERR,ERR,ERR,ERR,ERR,ERR,ERR,ERR,ERR,ERR,ERR,0.0,-107615288.0,-134474944.0,0.0,0.0,1.3936040501711995e+18,7.805,0.0,0,0,4,0,8422,0.0,45,0.0,0.0,0.0,0.0,0.0,0,0,0,0,0.0,0,0,0,0,0,0,0,0,0,0,0,0,0,0,0,0,0,0,0,0,0,0,0,0,0,0,0,0,0,0,0,0,0,38,14,7,45,65476,0,300,0,0,8,21553,0.0,-107605600.0,0.0,0.0,0.0,0.0,0.0,0.0,0.0,0.0,0.0,0.0,0.0,0.0,-2.596148429267414e+33,0.0,0.0,0.0,0.0,0.0,0.0,0.0,-2.004,-2.004,-0.0,0.0,0.0,0.0,0.0,0.0,5008.0,0.0,0.0,0.0,-107615288.0,0.0,-0.0,0.0,0.0,0.0,0.0,53,4.066880103266858e+29,-3.222002398308886e+26,0.0,0.0,0.0,0.0,0.0,0.0,0.0,0,0,0,0.0,0.0,0.0,0.0,0.0,0.0,0.0,0.0,0.0,0.0,0.0,0.0,0.0,0.0,0.0,0.0,0,-107875648.0,53,0.0,106,-107614832.0,-107350944.0,ERR,ERR,ERR,ERR,ERR,ERR,ERR,ERR,ERR,ERR,ERR,ERR,ERR,ERR,ERR,ERR,ERR,ERR,ERR,ERR,ERR,ERR,ERR,ERR,ERR,ERR,ERR,ERR,ERR,ERR,ERR,ERR,ERR,ERR,ERR,ERR,ERR,ERR,ERR,ERR,ERR,ERR,ERR,ERR,ERR,ERR,ERR,ERR,ERR,ERR,ERR,ERR,ERR,ERR,ERR,ERR,ERR,ERR,ERR,ERR,ERR,ERR,ERR,ERR,ERR,ERR,ERR,50.0,60.0,100,0.0,0.0,0.0,0.0,0.0,0.0,0.0,0.0,0.0,0.0,0.0,0.0,0.0,0.0,0.0,0.0,61.6,65,20,65521,50,65476,0,300,0,0,8,20529,65476,0,0,26214,60.0,0.0,0.0,0.0,0.0,0.0
2026-05-17T16:14:06,ERR,ERR,ERR,ERR,ERR,ERR,ERR,ERR,ERR,ERR,ERR,ERR,ERR,ERR,ERR,ERR,ERR,ERR,ERR,ERR,ERR,ERR,ERR,ERR,ERR,ERR,ERR,ERR,ERR,ERR,ERR,ERR,ERR,ERR,ERR,ERR,ERR,ERR,ERR,ERR,ERR,ERR,ERR,ERR,ERR,ERR,ERR,ERR,ERR,ERR,ERR,ERR,ERR,ERR,ERR,ERR,ERR,ERR,ERR,ERR,ERR,ERR,ERR,ERR,ERR,ERR,ERR,ERR,ERR,ERR,ERR,ERR,ERR,ERR,ERR,ERR,ERR,ERR,ERR,ERR,ERR,ERR,ERR,ERR,ERR,ERR,ERR,ERR,ERR,ERR,ERR,ERR,ERR,ERR,ERR,ERR,ERR,ERR,ERR,ERR,ERR,ERR,ERR,ERR,ERR,ERR,ERR,ERR,ERR,ERR,ERR,ERR,ERR,ERR,ERR,ERR,ERR,ERR,ERR,ERR,ERR,ERR,ERR,ERR,ERR,0.0,-107615288.0,-134474944.0,0.0,0.0,1.3936040501711995e+18,7.805,0.0,0,0,4,0,8422,0.0,45,0.0,0.0,0.0,0.0,0.0,0,0,0,0,0.0,0,0,0,0,0,0,0,0,0,0,0,0,0,0,0,0,0,0,0,0,0,0,0,0,0,0,0,0,0,0,0,0,0,38,14,7,45,65476,0,300,0,0,8,21553,0.0,-107605600.0,0.0,0.0,0.0,0.0,0.0,0.0,0.0,0.0,0.0,0.0,0.0,0.0,-2.596148429267414e+33,0.0,0.0,0.0,0.0,0.0,0.0,0.0,-2.004,-2.004,-0.0,0.0,0.0,0.0,0.0,0.0,5008.0,0.0,0.0,0.0,-107615288.0,0.0,-0.0,0.0,0.0,0.0,0.0,53,4.066880103266858e+29,-3.222002398308886e+26,0.0,0.0,0.0,0.0,0.0,0.0,0.0,0,0,0,0.0,0.0,0.0,0.0,0.0,0.0,0.0,0.0,0.0,0.0,0.0,0.0,0.0,0.0,0.0,0.0,0,-107875648.0,53,0.0,106,-107614832.0,-107350944.0,ERR,ERR,ERR,ERR,ERR,ERR,ERR,ERR,ERR,ERR,ERR,ERR,ERR,ERR,ERR,ERR,ERR,ERR,ERR,ERR,ERR,ERR,ERR,ERR,ERR,ERR,ERR,ERR,ERR,ERR,ERR,ERR,ERR,ERR,ERR,ERR,ERR,ERR,ERR,ERR,ERR,ERR,ERR,ERR,ERR,ERR,ERR,ERR,ERR,ERR,ERR,ERR,ERR,ERR,ERR,ERR,ERR,ERR,ERR,ERR,ERR,ERR,ERR,ERR,ERR,ERR,ERR,50.0,60.0,100,0.0,0.0,0.0,0.0,0.0,0.0,0.0,0.0,0.0,0.0,0.0,0.0,0.0,0.0,0.0,0.0,62.0,65,20,65521,50,65476,0,300,0,0,8,20529,65476,0,0,26214,60.0,0.0,0.0,0.0,0.0,0.0
2026-05-17T16:14:07,ERR,ERR,ERR,ERR,ERR,ERR,ERR,ERR,ERR,ERR,ERR,ERR,ERR,ERR,ERR,ERR,ERR,ERR,ERR,ERR,ERR,ERR,ERR,ERR,ERR,ERR,ERR,ERR,ERR,ERR,ERR,ERR,ERR,ERR,ERR,ERR,ERR,ERR,ERR,ERR,ERR,ERR,ERR,ERR,ERR,ERR,ERR,ERR,ERR,ERR,ERR,ERR,ERR,ERR,ERR,ERR,ERR,ERR,ERR,ERR,ERR,ERR,ERR,ERR,ERR,ERR,ERR,ERR,ERR,ERR,ERR,ERR,ERR,ERR,ERR,ERR,ERR,ERR,ERR,ERR,ERR,ERR,ERR,ERR,ERR,ERR,ERR,ERR,ERR,ERR,ERR,ERR,ERR,ERR,ERR,ERR,ERR,ERR,ERR,ERR,ERR,ERR,ERR,ERR,ERR,ERR,ERR,ERR,ERR,ERR,ERR,ERR,ERR,ERR,ERR,ERR,ERR,ERR,ERR,ERR,ERR,ERR,ERR,ERR,ERR,0.0,-107615288.0,-134474944.0,0.0,0.0,1.3936040501711995e+18,7.805,0.0,0,0,4,0,8422,0.0,45,0.0,0.0,0.0,0.0,0.0,0,0,0,0,0.0,0,0,0,0,0,0,0,0,0,0,0,0,0,0,0,0,0,0,0,0,0,0,0,0,0,0,0,0,0,0,0,0,0,38,14,7,45,65476,0,300,0,0,8,21553,0.0,-107605600.0,0.0,0.0,0.0,0.0,0.0,0.0,0.0,0.0,0.0,0.0,0.0,0.0,-2.596148429267414e+33,0.0,0.0,0.0,0.0,0.0,0.0,0.0,-2.004,-2.004,-0.0,0.0,0.0,0.0,0.0,0.0,5008.0,0.0,0.0,0.0,-107615288.0,0.0,-0.0,0.0,0.0,0.0,0.0,53,4.066880103266858e+29,-3.222002398308886e+26,0.0,0.0,0.0,0.0,0.0,0.0,0.0,0,0,0,0.0,0.0,0.0,0.0,0.0,0.0,0.0,0.0,0.0,0.0,0.0,0.0,0.0,0.0,0.0,0.0,0,-107875648.0,53,0.0,106,-107614832.0,-107350944.0,ERR,ERR,ERR,ERR,ERR,ERR,ERR,ERR,ERR,ERR,ERR,ERR,ERR,ERR,ERR,ERR,ERR,ERR,ERR,ERR,ERR,ERR,ERR,ERR,ERR,ERR,ERR,ERR,ERR,ERR,ERR,ERR,ERR,ERR,ERR,ERR,ERR,ERR,ERR,ERR,ERR,ERR,ERR,ERR,ERR,ERR,ERR,ERR,ERR,ERR,ERR,ERR,ERR,ERR,ERR,ERR,ERR,ERR,ERR,ERR,ERR,ERR,ERR,ERR,ERR,ERR,ERR,50.0,60.0,100,0.0,0.0,0.0,0.0,0.0,0.0,0.0,0.0,0.0,0.0,0.0,0.0,0.0,0.0,0.0,0.0,62.0,65,20,65521,50,65476,0,300,0,0,8,20529,65476,0,0,26214,60.0,0.0,0.0,0.0,0.0,0.0
2026-05-17T16:14:08,ERR,ERR,ERR,ERR,ERR,ERR,ERR,ERR,ERR,ERR,ERR,ERR,ERR,ERR,ERR,ERR,ERR,ERR,ERR,ERR,ERR,ERR,ERR,ERR,ERR,ERR,ERR,ERR,ERR,ERR,ERR,ERR,ERR,ERR,ERR,ERR,ERR,ERR,ERR,ERR,ERR,ERR,ERR,ERR,ERR,ERR,ERR,ERR,ERR,ERR,ERR,ERR,ERR,ERR,ERR,ERR,ERR,ERR,ERR,ERR,ERR,ERR,ERR,ERR,ERR,ERR,ERR,ERR,ERR,ERR,ERR,ERR,ERR,ERR,ERR,ERR,ERR,ERR,ERR,ERR,ERR,ERR,ERR,ERR,ERR,ERR,ERR,ERR,ERR,ERR,ERR,ERR,ERR,ERR,ERR,ERR,ERR,ERR,ERR,ERR,ERR,ERR,ERR,ERR,ERR,ERR,ERR,ERR,ERR,ERR,ERR,ERR,ERR,ERR,ERR,ERR,ERR,ERR,ERR,ERR,ERR,ERR,ERR,ERR,ERR,0.0,-107615288.0,-134474944.0,0.0,0.0,1.3936040501711995e+18,7.805,0.0,0,0,4,0,8422,0.0,45,0.0,0.0,0.0,0.0,0.0,0,0,0,0,0.0,0,0,0,0,0,0,0,0,0,0,0,0,0,0,0,0,0,0,0,0,0,0,0,0,0,0,0,0,0,0,0,0,0,38,14,7,45,65476,0,300,0,0,8,21553,0.0,-107605600.0,0.0,0.0,0.0,0.0,0.0,0.0,0.0,0.0,0.0,0.0,0.0,0.0,-2.596148429267414e+33,0.0,0.0,0.0,0.0,0.0,0.0,0.0,-2.004,-2.004,-0.0,0.0,0.0,0.0,0.0,0.0,5008.0,0.0,0.0,0.0,-107615288.0,0.0,-0.0,0.0,0.0,0.0,0.0,53,4.066880103266858e+29,-3.222002398308886e+26,0.0,0.0,0.0,0.0,0.0,0.0,0.0,0,0,0,0.0,0.0,0.0,0.0,0.0,0.0,0.0,0.0,0.0,0.0,0.0,0.0,0.0,0.0,0.0,0.0,0,-107875648.0,53,0.0,106,-107614832.0,-107350944.0,ERR,ERR,ERR,ERR,ERR,ERR,ERR,ERR,ERR,ERR,ERR,ERR,ERR,ERR,ERR,ERR,ERR,ERR,ERR,ERR,ERR,ERR,ERR,ERR,ERR,ERR,ERR,ERR,ERR,ERR,ERR,ERR,ERR,ERR,ERR,ERR,ERR,ERR,ERR,ERR,ERR,ERR,ERR,ERR,ERR,ERR,ERR,ERR,ERR,ERR,ERR,ERR,ERR,ERR,ERR,ERR,ERR,ERR,ERR,ERR,ERR,ERR,ERR,ERR,ERR,ERR,ERR,50.0,60.0,100,0.0,0.0,0.0,0.0,0.0,0.0,0.0,0.0,0.0,0.0,0.0,0.0,0.0,0.0,0.0,0.0,62.0,65,20,65521,50,65476,0,300,0,0,8,20529,65476,0,0,26214,60.0,0.0,0.0,0.0,0.0,0.0
2026-05-17T16:14:09,ERR,ERR,ERR,ERR,ERR,ERR,ERR,ERR,ERR,ERR,ERR,ERR,ERR,ERR,ERR,ERR,ERR,ERR,ERR,ERR,ERR,ERR,ERR,ERR,ERR,ERR,ERR,ERR,ERR,ERR,ERR,ERR,ERR,ERR,ERR,ERR,ERR,ERR,ERR,ERR,ERR,ERR,ERR,ERR,ERR,ERR,ERR,ERR,ERR,ERR,ERR,ERR,ERR,ERR,ERR,ERR,ERR,ERR,ERR,ERR,ERR,ERR,ERR,ERR,ERR,ERR,ERR,ERR,ERR,ERR,ERR,ERR,ERR,ERR,ERR,ERR,ERR,ERR,ERR,ERR,ERR,ERR,ERR,ERR,ERR,ERR,ERR,ERR,ERR,ERR,ERR,ERR,ERR,ERR,ERR,ERR,ERR,ERR,ERR,ERR,ERR,ERR,ERR,ERR,ERR,ERR,ERR,ERR,ERR,ERR,ERR,ERR,ERR,ERR,ERR,ERR,ERR,ERR,ERR,ERR,ERR,ERR,ERR,ERR,ERR,0.0,-107615288.0,-134474944.0,0.0,0.0,1.3936040501711995e+18,7.805,0.0,0,0,4,0,8422,0.0,45,0.0,0.0,0.0,0.0,0.0,0,0,0,0,0.0,0,0,0,0,0,0,0,0,0,0,0,0,0,0,0,0,0,0,0,0,0,0,0,0,0,0,0,0,0,0,0,0,0,38,14,7,45,65476,0,300,0,0,8,21553,0.0,-107605600.0,0.0,0.0,0.0,0.0,0.0,0.0,0.0,0.0,0.0,0.0,0.0,0.0,0.0,0.0,0.0,0.0,0.0,0.0,0.0,0.0,-2.004,-0.0,-0.0,0.0,0.0,0.0,0.0,0.0,5006.0,0.0,0.0,0.0,-107615288.0,0.0,-0.0,0.0,0.0,0.0,0.0,53,2.7184300208680915e+23,-0.0,0.0,0.0,0.0,0.0,0.0,0.0,0.0,0,0,0,0.0,0.0,0.0,0.0,0.0,0.0,0.0,0.0,0.0,0.0,0.0,0.0,0.0,0.0,0.0,0.0,0,-107875648.0,53,0.0,106,-107614832.0,0.0,ERR,ERR,ERR,ERR,ERR,ERR,ERR,ERR,ERR,ERR,ERR,ERR,ERR,ERR,ERR,ERR,ERR,ERR,ERR,ERR,ERR,ERR,ERR,ERR,ERR,ERR,ERR,ERR,ERR,ERR,ERR,ERR,ERR,ERR,ERR,ERR,ERR,ERR,ERR,ERR,ERR,ERR,ERR,ERR,ERR,ERR,ERR,ERR,ERR,ERR,ERR,ERR,ERR,ERR,ERR,ERR,ERR,ERR,ERR,ERR,ERR,ERR,ERR,ERR,ERR,ERR,ERR,50.0,60.0,100,0.0,0.0,0.0,0.0,0.0,0.0,0.0,0.0,0.0,0.0,0.0,0.0,0.0,0.0,0.0,0.0,62.0,65,20,65521,50,65476,0,300,0,0,8,20529,65476,0,0,26214,60.0,0.0,0.0,0.0,0.0,0.0
2026-05-17T16:14:10,ERR,ERR,ERR,ERR,ERR,ERR,ERR,ERR,ERR,ERR,ERR,ERR,ERR,ERR,ERR,ERR,ERR,ERR,ERR,ERR,ERR,ERR,ERR,ERR,ERR,ERR,ERR,ERR,ERR,ERR,ERR,ERR,ERR,ERR,ERR,ERR,ERR,ERR,ERR,ERR,ERR,ERR,ERR,ERR,ERR,ERR,ERR,ERR,ERR,ERR,ERR,ERR,ERR,ERR,ERR,ERR,ERR,ERR,ERR,ERR,ERR,ERR,ERR,ERR,ERR,ERR,ERR,ERR,ERR,ERR,ERR,ERR,ERR,ERR,ERR,ERR,ERR,ERR,ERR,ERR,ERR,ERR,ERR,ERR,ERR,ERR,ERR,ERR,ERR,ERR,ERR,ERR,ERR,ERR,ERR,ERR,ERR,ERR,ERR,ERR,ERR,ERR,ERR,ERR,ERR,ERR,ERR,ERR,ERR,ERR,ERR,ERR,ERR,ERR,ERR,ERR,ERR,ERR,ERR,ERR,ERR,ERR,ERR,ERR,ERR,0.0,-107615288.0,-134474944.0,0.0,0.0,1.3936040501711995e+18,7.805,0.0,0,0,4,0,8422,0.0,45,0.0,0.0,0.0,0.0,0.0,0,0,0,0,0.0,0,0,0,0,0,0,0,0,0,0,0,0,0,0,0,0,0,0,0,0,0,0,0,0,0,0,0,0,0,0,0,0,0,38,14,7,45,65476,0,300,0,0,8,21553,0.0,-107605600.0,0.0,0.0,0.0,0.0,0.0,0.0,0.0,0.0,0.0,0.0,0.0,0.0,0.0,0.0,0.0,0.0,0.0,0.0,0.0,0.0,-2.004,-0.0,-0.0,0.0,0.0,0.0,0.0,0.0,5006.0,0.0,0.0,0.0,-107615288.0,0.0,-0.0,0.0,0.0,0.0,0.0,53,2.7184300208680915e+23,-0.0,0.0,0.0,0.0,0.0,0.0,0.0,0.0,0,0,0,0.0,0.0,0.0,0.0,0.0,0.0,0.0,0.0,0.0,0.0,0.0,0.0,0.0,0.0,0.0,0.0,0,-107875648.0,53,0.0,106,-107614832.0,0.0,ERR,ERR,ERR,ERR,ERR,ERR,ERR,ERR,ERR,ERR,ERR,ERR,ERR,ERR,ERR,ERR,ERR,ERR,ERR,ERR,ERR,ERR,ERR,ERR,ERR,ERR,ERR,ERR,ERR,ERR,ERR,ERR,ERR,ERR,ERR,ERR,ERR,ERR,ERR,ERR,ERR,ERR,ERR,ERR,ERR,ERR,ERR,ERR,ERR,ERR,ERR,ERR,ERR,ERR,ERR,ERR,ERR,ERR,ERR,ERR,ERR,ERR,ERR,ERR,ERR,ERR,ERR,50.0,60.0,100,0.0,0.0,0.0,0.0,0.0,0.0,0.0,0.0,0.0,0.0,0.0,0.0,0.0,0.0,0.0,0.0,61.6,65,20,65521,50,65476,0,300,0,0,8,20529,65476,0,0,26214,60.0,0.0,0.0,0.0,0.0,0.0
2026-05-17T16:14:11,ERR,ERR,ERR,ERR,ERR,ERR,ERR,ERR,ERR,ERR,ERR,ERR,ERR,ERR,ERR,ERR,ERR,ERR,ERR,ERR,ERR,ERR,ERR,ERR,ERR,ERR,ERR,ERR,ERR,ERR,ERR,ERR,ERR,ERR,ERR,ERR,ERR,ERR,ERR,ERR,ERR,ERR,ERR,ERR,ERR,ERR,ERR,ERR,ERR,ERR,ERR,ERR,ERR,ERR,ERR,ERR,ERR,ERR,ERR,ERR,ERR,ERR,ERR,ERR,ERR,ERR,ERR,ERR,ERR,ERR,ERR,ERR,ERR,ERR,ERR,ERR,ERR,ERR,ERR,ERR,ERR,ERR,ERR,ERR,ERR,ERR,ERR,ERR,ERR,ERR,ERR,ERR,ERR,ERR,ERR,ERR,ERR,ERR,ERR,ERR,ERR,ERR,ERR,ERR,ERR,ERR,ERR,ERR,ERR,ERR,ERR,ERR,ERR,ERR,ERR,ERR,ERR,ERR,ERR,ERR,ERR,ERR,ERR,ERR,ERR,0.0,-107615288.0,-134474944.0,0.0,0.0,1.3936040501711995e+18,7.805,0.0,0,0,4,0,8422,0.0,45,0.0,0.0,0.0,0.0,0.0,0,0,0,0,0.0,0,0,0,0,0,0,0,0,0,0,0,0,0,0,0,0,0,0,0,0,0,0,0,0,0,0,0,0,0,0,0,0,0,38,14,7,45,65476,0,300,0,0,8,21553,0.0,-107605600.0,0.0,0.0,0.0,0.0,0.0,0.0,0.0,0.0,0.0,0.0,0.0,0.0,0.0,0.0,0.0,0.0,0.0,0.0,0.0,0.0,-2.004,-0.0,-0.0,0.0,0.0,0.0,0.0,0.0,5006.0,0.0,0.0,0.0,-107615288.0,0.0,-0.0,0.0,0.0,0.0,0.0,53,2.7184300208680915e+23,-0.0,0.0,0.0,0.0,0.0,0.0,0.0,0.0,0,0,0,0.0,0.0,0.0,0.0,0.0,0.0,0.0,0.0,0.0,0.0,0.0,0.0,0.0,0.0,0.0,0.0,0,-107875648.0,53,0.0,106,-107614832.0,0.0,ERR,ERR,ERR,ERR,ERR,ERR,ERR,ERR,ERR,ERR,ERR,ERR,ERR,ERR,ERR,ERR,ERR,ERR,ERR,ERR,ERR,ERR,ERR,ERR,ERR,ERR,ERR,ERR,ERR,ERR,ERR,ERR,ERR,ERR,ERR,ERR,ERR,ERR,ERR,ERR,ERR,ERR,ERR,ERR,ERR,ERR,ERR,ERR,ERR,ERR,ERR,ERR,ERR,ERR,ERR,ERR,ERR,ERR,ERR,ERR,ERR,ERR,ERR,ERR,ERR,ERR,ERR,50.0,60.0,100,0.0,0.0,0.0,0.0,0.0,0.0,0.0,0.0,0.0,0.0,0.0,0.0,0.0,0.0,0.0,0.0,61.6,65,20,65521,50,65476,0,300,0,0,8,20529,65476,0,0,26214,60.0,0.0,0.0,0.0,0.0,0.0
2026-05-17T16:14:12,ERR,ERR,ERR,ERR,ERR,ERR,ERR,ERR,ERR,ERR,ERR,ERR,ERR,ERR,ERR,ERR,ERR,ERR,ERR,ERR,ERR,ERR,ERR,ERR,ERR,ERR,ERR,ERR,ERR,ERR,ERR,ERR,ERR,ERR,ERR,ERR,ERR,ERR,ERR,ERR,ERR,ERR,ERR,ERR,ERR,ERR,ERR,ERR,ERR,ERR,ERR,ERR,ERR,ERR,ERR,ERR,ERR,ERR,ERR,ERR,ERR,ERR,ERR,ERR,ERR,ERR,ERR,ERR,ERR,ERR,ERR,ERR,ERR,ERR,ERR,ERR,ERR,ERR,ERR,ERR,ERR,ERR,ERR,ERR,ERR,ERR,ERR,ERR,ERR,ERR,ERR,ERR,ERR,ERR,ERR,ERR,ERR,ERR,ERR,ERR,ERR,ERR,ERR,ERR,ERR,ERR,ERR,ERR,ERR,ERR,ERR,ERR,ERR,ERR,ERR,ERR,ERR,ERR,ERR,ERR,ERR,ERR,ERR,ERR,ERR,0.0,-107615288.0,-134474944.0,0.0,0.0,1.3936040501711995e+18,7.805,0.0,0,0,4,0,8422,0.0,45,0.0,0.0,0.0,0.0,0.0,0,0,0,0,0.0,0,0,0,0,0,0,0,0,0,0,0,0,0,0,0,0,0,0,0,0,0,0,0,0,0,0,0,0,0,0,0,0,0,38,14,7,45,65476,0,300,0,0,8,21553,0.0,-107605600.0,0.0,0.0,0.0,0.0,0.0,0.0,0.0,0.0,0.0,0.0,0.0,0.0,0.0,0.0,0.0,0.0,0.0,0.0,0.0,0.0,-2.004,-0.0,-0.0,0.0,0.0,0.0,0.0,0.0,5006.0,0.0,0.0,0.0,-107615288.0,0.0,-0.0,0.0,0.0,0.0,0.0,53,2.7184300208680915e+23,-0.0,0.0,0.0,0.0,0.0,0.0,0.0,0.0,0,0,0,0.0,0.0,0.0,0.0,0.0,0.0,0.0,0.0,0.0,0.0,0.0,0.0,0.0,0.0,0.0,0.0,0,-107875648.0,53,0.0,106,-107614832.0,0.0,ERR,ERR,ERR,ERR,ERR,ERR,ERR,ERR,ERR,ERR,ERR,ERR,ERR,ERR,ERR,ERR,ERR,ERR,ERR,ERR,ERR,ERR,ERR,ERR,ERR,ERR,ERR,ERR,ERR,ERR,ERR,ERR,ERR,ERR,ERR,ERR,ERR,ERR,ERR,ERR,ERR,ERR,ERR,ERR,ERR,ERR,ERR,ERR,ERR,ERR,ERR,ERR,ERR,ERR,ERR,ERR,ERR,ERR,ERR,ERR,ERR,ERR,ERR,ERR,ERR,ERR,ERR,50.0,60.0,100,0.0,0.0,0.0,0.0,0.0,0.0,0.0,0.0,0.0,0.0,0.0,0.0,0.0,0.0,0.0,0.0,62.0,65,20,65521,50,65476,0,300,0,0,8,20529,65476,0,0,26214,60.0,0.0,0.0,0.0,0.0,0.0
2026-05-17T16:14:13,ERR,ERR,ERR,ERR,ERR,ERR,ERR,ERR,ERR,ERR,ERR,ERR,ERR,ERR,ERR,ERR,ERR,ERR,ERR,ERR,ERR,ERR,ERR,ERR,ERR,ERR,ERR,ERR,ERR,ERR,ERR,ERR,ERR,ERR,ERR,ERR,ERR,ERR,ERR,ERR,ERR,ERR,ERR,ERR,ERR,ERR,ERR,ERR,ERR,ERR,ERR,ERR,ERR,ERR,ERR,ERR,ERR,ERR,ERR,ERR,ERR,ERR,ERR,ERR,ERR,ERR,ERR,ERR,ERR,ERR,ERR,ERR,ERR,ERR,ERR,ERR,ERR,ERR,ERR,ERR,ERR,ERR,ERR,ERR,ERR,ERR,ERR,ERR,ERR,ERR,ERR,ERR,ERR,ERR,ERR,ERR,ERR,ERR,ERR,ERR,ERR,ERR,ERR,ERR,ERR,ERR,ERR,ERR,ERR,ERR,ERR,ERR,ERR,ERR,ERR,ERR,ERR,ERR,ERR,ERR,ERR,ERR,ERR,ERR,ERR,0.0,-107615288.0,-134474944.0,0.0,0.0,1.3936040501711995e+18,7.805,0.0,0,0,4,0,8422,0.0,45,0.0,0.0,0.0,0.0,0.0,0,0,0,0,0.0,0,0,0,0,0,0,0,0,0,0,0,0,0,0,0,0,0,0,0,0,0,0,0,0,0,0,0,0,0,0,0,0,0,38,14,7,45,65476,0,300,0,0,8,21553,0.0,-107605600.0,0.0,0.0,0.0,0.0,0.0,0.0,0.0,0.0,0.0,0.0,0.0,0.0,0.0,0.0,0.0,0.0,0.0,0.0,0.0,0.0,-2.004,-0.0,-0.0,0.0,0.0,0.0,0.0,0.0,5006.0,0.0,0.0,0.0,-107615288.0,0.0,-0.0,0.0,0.0,0.0,0.0,53,2.7184300208680915e+23,-0.0,0.0,0.0,0.0,0.0,0.0,0.0,0.0,0,0,0,0.0,0.0,0.0,0.0,0.0,0.0,0.0,0.0,0.0,0.0,0.0,0.0,0.0,0.0,0.0,0.0,0,-107875648.0,53,0.0,106,-107614832.0,0.0,ERR,ERR,ERR,ERR,ERR,ERR,ERR,ERR,ERR,ERR,ERR,ERR,ERR,ERR,ERR,ERR,ERR,ERR,ERR,ERR,ERR,ERR,ERR,ERR,ERR,ERR,ERR,ERR,ERR,ERR,ERR,ERR,ERR,ERR,ERR,ERR,ERR,ERR,ERR,ERR,ERR,ERR,ERR,ERR,ERR,ERR,ERR,ERR,ERR,ERR,ERR,ERR,ERR,ERR,ERR,ERR,ERR,ERR,ERR,ERR,ERR,ERR,ERR,ERR,ERR,ERR,ERR,50.0,60.0,100,0.0,0.0,0.0,0.0,0.0,0.0,0.0,0.0,0.0,0.0,0.0,0.0,0.0,0.0,0.0,0.0,61.6,65,20,65521,50,65476,0,300,0,0,8,20529,65476,0,0,26214,60.0,0.0,0.0,0.0,0.0,0.0
2026-05-17T16:14:14,ERR,ERR,ERR,ERR,ERR,ERR,ERR,ERR,ERR,ERR,ERR,ERR,ERR,ERR,ERR,ERR,ERR,ERR,ERR,ERR,ERR,ERR,ERR,ERR,ERR,ERR,ERR,ERR,ERR,ERR,ERR,ERR,ERR,ERR,ERR,ERR,ERR,ERR,ERR,ERR,ERR,ERR,ERR,ERR,ERR,ERR,ERR,ERR,ERR,ERR,ERR,ERR,ERR,ERR,ERR,ERR,ERR,ERR,ERR,ERR,ERR,ERR,ERR,ERR,ERR,ERR,ERR,ERR,ERR,ERR,ERR,ERR,ERR,ERR,ERR,ERR,ERR,ERR,ERR,ERR,ERR,ERR,ERR,ERR,ERR,ERR,ERR,ERR,ERR,ERR,ERR,ERR,ERR,ERR,ERR,ERR,ERR,ERR,ERR,ERR,ERR,ERR,ERR,ERR,ERR,ERR,ERR,ERR,ERR,ERR,ERR,ERR,ERR,ERR,ERR,ERR,ERR,ERR,ERR,ERR,ERR,ERR,ERR,ERR,ERR,0.0,-107615288.0,-134474944.0,0.0,0.0,1.3936040501711995e+18,7.805,0.0,0,0,4,0,8422,0.0,45,0.0,0.0,0.0,0.0,0.0,0,0,0,0,0.0,0,0,0,0,0,0,0,0,0,0,0,0,0,0,0,0,0,0,0,0,0,0,0,0,0,0,0,0,0,0,0,0,0,38,14,7,45,65476,0,300,0,0,8,21553,0.0,-107605600.0,0.0,0.0,0.0,0.0,0.0,0.0,0.0,0.0,0.0,0.0,0.0,0.0,0.0,0.0,0.0,0.0,0.0,0.0,0.0,0.0,-2.004,-2.004,-0.0,0.0,0.0,0.0,0.0,0.0,4975.0,-1.0406652570629681e+34,0.0,0.0,-107615288.0,0.0,-0.0,0.0,0.0,0.0,0.0,53,152018454839296.0,-0.0,0.0,0.0,0.0,0.0,0.0,0.0,0.0,0,0,0,0.0,0.0,0.0,0.0,0.0,0.0,0.0,0.0,0.0,0.0,0.0,0.0,0.0,0.0,0.0,0.0,0,-107875648.0,53,0.0,106,-107614832.0,-107350944.0,ERR,ERR,ERR,ERR,ERR,ERR,ERR,ERR,ERR,ERR,ERR,ERR,ERR,ERR,ERR,ERR,ERR,ERR,ERR,ERR,ERR,ERR,ERR,ERR,ERR,ERR,ERR,ERR,ERR,ERR,ERR,ERR,ERR,ERR,ERR,ERR,ERR,ERR,ERR,ERR,ERR,ERR,ERR,ERR,ERR,ERR,ERR,ERR,ERR,ERR,ERR,ERR,ERR,ERR,ERR,ERR,ERR,ERR,ERR,ERR,ERR,ERR,ERR,ERR,ERR,ERR,ERR,50.0,60.0,100,0.0,0.0,0.0,0.0,0.0,0.0,0.0,0.0,0.0,0.0,0.0,0.0,0.0,0.0,0.0,0.0,61.6,65,20,65521,50,65476,0,300,0,0,8,20529,65476,0,0,26214,60.0,0.0,0.0,0.0,0.0,0.0
2026-05-17T16:14:15,ERR,ERR,ERR,ERR,ERR,ERR,ERR,ERR,ERR,ERR,ERR,ERR,ERR,ERR,ERR,ERR,ERR,ERR,ERR,ERR,ERR,ERR,ERR,ERR,ERR,ERR,ERR,ERR,ERR,ERR,ERR,ERR,ERR,ERR,ERR,ERR,ERR,ERR,ERR,ERR,ERR,ERR,ERR,ERR,ERR,ERR,ERR,ERR,ERR,ERR,ERR,ERR,ERR,ERR,ERR,ERR,ERR,ERR,ERR,ERR,ERR,ERR,ERR,ERR,ERR,ERR,ERR,ERR,ERR,ERR,ERR,ERR,ERR,ERR,ERR,ERR,ERR,ERR,ERR,ERR,ERR,ERR,ERR,ERR,ERR,ERR,ERR,ERR,ERR,ERR,ERR,ERR,ERR,ERR,ERR,ERR,ERR,ERR,ERR,ERR,ERR,ERR,ERR,ERR,ERR,ERR,ERR,ERR,ERR,ERR,ERR,ERR,ERR,ERR,ERR,ERR,ERR,ERR,ERR,ERR,ERR,ERR,ERR,ERR,ERR,0.0,-107615288.0,-134474944.0,0.0,0.0,1.3936040501711995e+18,7.805,0.0,0,0,4,0,8422,0.0,45,0.0,0.0,0.0,0.0,0.0,0,0,0,0,0.0,0,0,0,0,0,0,0,0,0,0,0,0,0,0,0,0,0,0,0,0,0,0,0,0,0,0,0,0,0,0,0,0,0,38,14,7,45,65476,0,300,0,0,8,21553,0.0,-107605600.0,0.0,0.0,0.0,0.0,0.0,0.0,0.0,0.0,0.0,0.0,0.0,0.0,0.0,0.0,0.0,0.0,0.0,0.0,0.0,0.0,-2.004,-2.004,-0.0,0.0,0.0,0.0,0.0,0.0,4975.0,-1.0406652570629681e+34,0.0,0.0,-107615288.0,0.0,-0.0,0.0,0.0,0.0,0.0,53,152018454839296.0,-0.0,0.0,0.0,0.0,0.0,0.0,0.0,0.0,0,0,0,0.0,0.0,0.0,0.0,0.0,0.0,0.0,0.0,0.0,0.0,0.0,0.0,0.0,0.0,0.0,0.0,0,-107875648.0,53,0.0,106,-107614832.0,-107350944.0,ERR,ERR,ERR,ERR,ERR,ERR,ERR,ERR,ERR,ERR,ERR,ERR,ERR,ERR,ERR,ERR,ERR,ERR,ERR,ERR,ERR,ERR,ERR,ERR,ERR,ERR,ERR,ERR,ERR,ERR,ERR,ERR,ERR,ERR,ERR,ERR,ERR,ERR,ERR,ERR,ERR,ERR,ERR,ERR,ERR,ERR,ERR,ERR,ERR,ERR,ERR,ERR,ERR,ERR,ERR,ERR,ERR,ERR,ERR,ERR,ERR,ERR,ERR,ERR,ERR,ERR,ERR,50.0,60.0,100,0.0,0.0,0.0,0.0,0.0,0.0,0.0,0.0,0.0,0.0,0.0,0.0,0.0,0.0,0.0,0.0,61.6,65,20,65521,50,65476,0,300,0,0,8,20529,65476,0,0,26214,60.0,0.0,0.0,0.0,0.0,0.0
2026-05-17T16:14:16,ERR,ERR,ERR,ERR,ERR,ERR,ERR,ERR,ERR,ERR,ERR,ERR,ERR,ERR,ERR,ERR,ERR,ERR,ERR,ERR,ERR,ERR,ERR,ERR,ERR,ERR,ERR,ERR,ERR,ERR,ERR,ERR,ERR,ERR,ERR,ERR,ERR,ERR,ERR,ERR,ERR,ERR,ERR,ERR,ERR,ERR,ERR,ERR,ERR,ERR,ERR,ERR,ERR,ERR,ERR,ERR,ERR,ERR,ERR,ERR,ERR,ERR,ERR,ERR,ERR,ERR,ERR,ERR,ERR,ERR,ERR,ERR,ERR,ERR,ERR,ERR,ERR,ERR,ERR,ERR,ERR,ERR,ERR,ERR,ERR,ERR,ERR,ERR,ERR,ERR,ERR,ERR,ERR,ERR,ERR,ERR,ERR,ERR,ERR,ERR,ERR,ERR,ERR,ERR,ERR,ERR,ERR,ERR,ERR,ERR,ERR,ERR,ERR,ERR,ERR,ERR,ERR,ERR,ERR,ERR,ERR,ERR,ERR,ERR,ERR,0.0,-107615288.0,-134474944.0,0.0,0.0,1.3936040501711995e+18,7.805,0.0,0,0,4,0,8422,0.0,45,0.0,0.0,0.0,0.0,0.0,0,0,0,0,0.0,0,0,0,0,0,0,0,0,0,0,0,0,0,0,0,0,0,0,0,0,0,0,0,0,0,0,0,0,0,0,0,0,0,38,14,7,45,65476,0,300,0,0,8,21553,0.0,-107605600.0,0.0,0.0,0.0,0.0,0.0,0.0,0.0,0.0,0.0,0.0,0.0,0.0,0.0,0.0,0.0,0.0,0.0,0.0,0.0,0.0,-2.004,-2.004,-0.0,0.0,0.0,0.0,0.0,0.0,4975.0,-1.0406652570629681e+34,0.0,0.0,-107615288.0,0.0,-0.0,0.0,0.0,0.0,0.0,53,152018454839296.0,-0.0,0.0,0.0,0.0,0.0,0.0,0.0,0.0,0,0,0,0.0,0.0,0.0,0.0,0.0,0.0,0.0,0.0,0.0,0.0,0.0,0.0,0.0,0.0,0.0,0.0,0,-107875648.0,53,0.0,106,-107614832.0,-107350944.0,ERR,ERR,ERR,ERR,ERR,ERR,ERR,ERR,ERR,ERR,ERR,ERR,ERR,ERR,ERR,ERR,ERR,ERR,ERR,ERR,ERR,ERR,ERR,ERR,ERR,ERR,ERR,ERR,ERR,ERR,ERR,ERR,ERR,ERR,ERR,ERR,ERR,ERR,ERR,ERR,ERR,ERR,ERR,ERR,ERR,ERR,ERR,ERR,ERR,ERR,ERR,ERR,ERR,ERR,ERR,ERR,ERR,ERR,ERR,ERR,ERR,ERR,ERR,ERR,ERR,ERR,ERR,50.0,60.0,100,0.0,0.0,0.0,0.0,0.0,0.0,0.0,0.0,0.0,0.0,0.0,0.0,0.0,0.0,0.0,0.0,61.6,65,20,65521,50,65476,0,300,0,0,8,20529,65476,0,0,26214,60.0,0.0,0.0,0.0,0.0,0.0
2026-05-17T16:14:17,ERR,ERR,ERR,ERR,ERR,ERR,ERR,ERR,ERR,ERR,ERR,ERR,ERR,ERR,ERR,ERR,ERR,ERR,ERR,ERR,ERR,ERR,ERR,ERR,ERR,ERR,ERR,ERR,ERR,ERR,ERR,ERR,ERR,ERR,ERR,ERR,ERR,ERR,ERR,ERR,ERR,ERR,ERR,ERR,ERR,ERR,ERR,ERR,ERR,ERR,ERR,ERR,ERR,ERR,ERR,ERR,ERR,ERR,ERR,ERR,ERR,ERR,ERR,ERR,ERR,ERR,ERR,ERR,ERR,ERR,ERR,ERR,ERR,ERR,ERR,ERR,ERR,ERR,ERR,ERR,ERR,ERR,ERR,ERR,ERR,ERR,ERR,ERR,ERR,ERR,ERR,ERR,ERR,ERR,ERR,ERR,ERR,ERR,ERR,ERR,ERR,ERR,ERR,ERR,ERR,ERR,ERR,ERR,ERR,ERR,ERR,ERR,ERR,ERR,ERR,ERR,ERR,ERR,ERR,ERR,ERR,ERR,ERR,ERR,ERR,0.0,-107615288.0,-134474944.0,0.0,0.0,1.3936040501711995e+18,7.805,0.0,0,0,4,0,8422,0.0,45,0.0,0.0,0.0,0.0,0.0,0,0,0,0,0.0,0,0,0,0,0,0,0,0,0,0,0,0,0,0,0,0,0,0,0,0,0,0,0,0,0,0,0,0,0,0,0,0,0,38,14,7,45,65476,0,300,0,0,8,21553,0.0,-107605600.0,0.0,0.0,0.0,0.0,0.0,0.0,0.0,0.0,0.0,0.0,0.0,0.0,0.0,0.0,0.0,0.0,0.0,0.0,0.0,0.0,-2.004,-2.004,-0.0,0.0,0.0,0.0,0.0,0.0,4975.0,-1.0406652570629681e+34,0.0,0.0,-107615288.0,0.0,-0.0,0.0,0.0,0.0,0.0,53,152018454839296.0,-0.0,0.0,0.0,0.0,0.0,0.0,0.0,0.0,0,0,0,0.0,0.0,0.0,0.0,0.0,0.0,0.0,0.0,0.0,0.0,0.0,0.0,0.0,0.0,0.0,0.0,0,-107875648.0,53,0.0,106,-107614832.0,-107350944.0,ERR,ERR,ERR,ERR,ERR,ERR,ERR,ERR,ERR,ERR,ERR,ERR,ERR,ERR,ERR,ERR,ERR,ERR,ERR,ERR,ERR,ERR,ERR,ERR,ERR,ERR,ERR,ERR,ERR,ERR,ERR,ERR,ERR,ERR,ERR,ERR,ERR,ERR,ERR,ERR,ERR,ERR,ERR,ERR,ERR,ERR,ERR,ERR,ERR,ERR,ERR,ERR,ERR,ERR,ERR,ERR,ERR,ERR,ERR,ERR,ERR,ERR,ERR,ERR,ERR,ERR,ERR,50.0,60.0,100,0.0,0.0,0.0,0.0,0.0,0.0,0.0,0.0,0.0,0.0,0.0,0.0,0.0,0.0,0.0,0.0,61.6,65,20,65521,50,65476,0,300,0,0,8,20529,65476,0,0,26214,60.0,0.0,0.0,0.0,0.0,0.0
2026-05-17T16:14:18,ERR,ERR,ERR,ERR,ERR,ERR,ERR,ERR,ERR,ERR,ERR,ERR,ERR,ERR,ERR,ERR,ERR,ERR,ERR,ERR,ERR,ERR,ERR,ERR,ERR,ERR,ERR,ERR,ERR,ERR,ERR,ERR,ERR,ERR,ERR,ERR,ERR,ERR,ERR,ERR,ERR,ERR,ERR,ERR,ERR,ERR,ERR,ERR,ERR,ERR,ERR,ERR,ERR,ERR,ERR,ERR,ERR,ERR,ERR,ERR,ERR,ERR,ERR,ERR,ERR,ERR,ERR,ERR,ERR,ERR,ERR,ERR,ERR,ERR,ERR,ERR,ERR,ERR,ERR,ERR,ERR,ERR,ERR,ERR,ERR,ERR,ERR,ERR,ERR,ERR,ERR,ERR,ERR,ERR,ERR,ERR,ERR,ERR,ERR,ERR,ERR,ERR,ERR,ERR,ERR,ERR,ERR,ERR,ERR,ERR,ERR,ERR,ERR,ERR,ERR,ERR,ERR,ERR,ERR,ERR,ERR,ERR,ERR,ERR,ERR,0.0,-107615288.0,-134474944.0,0.0,0.0,1.3936040501711995e+18,7.805,0.0,0,0,4,0,8422,0.0,45,0.0,0.0,0.0,0.0,0.0,0,0,0,0,0.0,0,0,0,0,0,0,0,0,0,0,0,0,0,0,0,0,0,0,0,0,0,0,0,0,0,0,0,0,0,0,0,0,0,38,14,7,45,65476,0,300,0,0,8,21553,0.0,-107605600.0,0.0,0.0,0.0,0.0,0.0,0.0,0.0,0.0,0.0,0.0,0.0,0.0,0.0,0.0,0.0,0.0,0.0,0.0,0.0,0.0,-2.004,-2.004,-0.0,0.0,0.0,0.0,0.0,0.0,4975.0,-1.0406652570629681e+34,0.0,0.0,-107615288.0,0.0,-0.0,0.0,0.0,0.0,0.0,53,152018454839296.0,-0.0,0.0,0.0,0.0,0.0,0.0,0.0,0.0,0,0,0,0.0,0.0,0.0,0.0,0.0,0.0,0.0,0.0,0.0,0.0,0.0,0.0,0.0,0.0,0.0,0.0,0,-107875648.0,53,0.0,106,-107614832.0,-107350944.0,ERR,ERR,ERR,ERR,ERR,ERR,ERR,ERR,ERR,ERR,ERR,ERR,ERR,ERR,ERR,ERR,ERR,ERR,ERR,ERR,ERR,ERR,ERR,ERR,ERR,ERR,ERR,ERR,ERR,ERR,ERR,ERR,ERR,ERR,ERR,ERR,ERR,ERR,ERR,ERR,ERR,ERR,ERR,ERR,ERR,ERR,ERR,ERR,ERR,ERR,ERR,ERR,ERR,ERR,ERR,ERR,ERR,ERR,ERR,ERR,ERR,ERR,ERR,ERR,ERR,ERR,ERR,50.0,60.0,100,0.0,0.0,0.0,0.0,0.0,0.0,0.0,0.0,0.0,0.0,0.0,0.0,0.0,0.0,0.0,0.0,61.6,65,20,65521,50,65476,0,300,0,0,8,20529,65476,0,0,26214,60.0,0.0,0.0,0.0,0.0,0.0
2026-05-17T16:14:19,ERR,ERR,ERR,ERR,ERR,ERR,ERR,ERR,ERR,ERR,ERR,ERR,ERR,ERR,ERR,ERR,ERR,ERR,ERR,ERR,ERR,ERR,ERR,ERR,ERR,ERR,ERR,ERR,ERR,ERR,ERR,ERR,ERR,ERR,ERR,ERR,ERR,ERR,ERR,ERR,ERR,ERR,ERR,ERR,ERR,ERR,ERR,ERR,ERR,ERR,ERR,ERR,ERR,ERR,ERR,ERR,ERR,ERR,ERR,ERR,ERR,ERR,ERR,ERR,ERR,ERR,ERR,ERR,ERR,ERR,ERR,ERR,ERR,ERR,ERR,ERR,ERR,ERR,ERR,ERR,ERR,ERR,ERR,ERR,ERR,ERR,ERR,ERR,ERR,ERR,ERR,ERR,ERR,ERR,ERR,ERR,ERR,ERR,ERR,ERR,ERR,ERR,ERR,ERR,ERR,ERR,ERR,ERR,ERR,ERR,ERR,ERR,ERR,ERR,ERR,ERR,ERR,ERR,ERR,ERR,ERR,ERR,ERR,ERR,ERR,0.0,-0.0,-0.0,0.0,0.0,1.3936040501711995e+18,7.805,0.0,0,0,4,0,8422,0.0,45,0.0,0.0,0.0,0.0,0.0,0,0,0,0,0.0,0,0,0,0,0,0,0,0,0,0,0,0,0,0,0,0,0,0,0,0,0,0,0,0,0,0,0,0,0,0,0,0,0,38,14,7,45,65476,0,300,0,0,8,21553,0.0,-107605600.0,0.0,0.0,0.0,0.0,0.0,0.0,0.0,0.0,0.0,0.0,0.0,0.0,0.0,0.0,0.0,0.0,0.0,0.0,0.0,0.0,-2.004,-0.0,-0.0,0.0,0.0,0.0,0.0,0.0,5006.0,0.0,0.0,0.0,-0.0,0.0,-0.0,0.0,0.0,0.0,0.0,53,2.7184300208680915e+23,-152017263656960.0,0.0,0.0,0.0,0.0,0.0,0.0,0.0,0,0,0,0.0,0.0,0.0,0.0,0.0,0.0,0.0,0.0,0.0,0.0,0.0,0.0,0.0,0.0,0.0,0.0,0,-107875648.0,53,0.0,106,-107614832.0,-107350944.0,ERR,ERR,ERR,ERR,ERR,ERR,ERR,ERR,ERR,ERR,ERR,ERR,ERR,ERR,ERR,ERR,ERR,ERR,ERR,ERR,ERR,ERR,ERR,ERR,ERR,ERR,ERR,ERR,ERR,ERR,ERR,ERR,ERR,ERR,ERR,ERR,ERR,ERR,ERR,ERR,ERR,ERR,ERR,ERR,ERR,ERR,ERR,ERR,ERR,ERR,ERR,ERR,ERR,ERR,ERR,ERR,ERR,ERR,ERR,ERR,ERR,ERR,ERR,ERR,ERR,ERR,ERR,50.0,60.0,100,0.0,0.0,0.0,0.0,0.0,0.0,0.0,0.0,0.0,0.0,0.0,0.0,0.0,0.0,0.0,0.0,61.6,65,20,65521,50,65476,0,300,0,0,8,20529,65476,0,0,26214,60.0,0.0,0.0,0.0,0.0,0.0
2026-05-17T16:14:20,ERR,ERR,ERR,ERR,ERR,ERR,ERR,ERR,ERR,ERR,ERR,ERR,ERR,ERR,ERR,ERR,ERR,ERR,ERR,ERR,ERR,ERR,ERR,ERR,ERR,ERR,ERR,ERR,ERR,ERR,ERR,ERR,ERR,ERR,ERR,ERR,ERR,ERR,ERR,ERR,ERR,ERR,ERR,ERR,ERR,ERR,ERR,ERR,ERR,ERR,ERR,ERR,ERR,ERR,ERR,ERR,ERR,ERR,ERR,ERR,ERR,ERR,ERR,ERR,ERR,ERR,ERR,ERR,ERR,ERR,ERR,ERR,ERR,ERR,ERR,ERR,ERR,ERR,ERR,ERR,ERR,ERR,ERR,ERR,ERR,ERR,ERR,ERR,ERR,ERR,ERR,ERR,ERR,ERR,ERR,ERR,ERR,ERR,ERR,ERR,ERR,ERR,ERR,ERR,ERR,ERR,ERR,ERR,ERR,ERR,ERR,ERR,ERR,ERR,ERR,ERR,ERR,ERR,ERR,ERR,ERR,ERR,ERR,ERR,ERR,0.0,-0.0,-0.0,0.0,0.0,1.3936040501711995e+18,7.805,0.0,0,0,4,0,8422,0.0,45,0.0,0.0,0.0,0.0,0.0,0,0,0,0,0.0,0,0,0,0,0,0,0,0,0,0,0,0,0,0,0,0,0,0,0,0,0,0,0,0,0,0,0,0,0,0,0,0,0,38,14,7,45,65476,0,300,0,0,8,21553,0.0,-107605600.0,0.0,0.0,0.0,0.0,0.0,0.0,0.0,0.0,0.0,0.0,0.0,0.0,0.0,0.0,0.0,0.0,0.0,0.0,0.0,0.0,-2.004,-0.0,-0.0,0.0,0.0,0.0,0.0,0.0,5006.0,0.0,0.0,0.0,-0.0,0.0,-0.0,0.0,0.0,0.0,0.0,53,2.7184300208680915e+23,-152017263656960.0,0.0,0.0,0.0,0.0,0.0,0.0,0.0,0,0,0,0.0,0.0,0.0,0.0,0.0,0.0,0.0,0.0,0.0,0.0,0.0,0.0,0.0,0.0,0.0,0.0,0,-107875648.0,53,0.0,106,-107614832.0,-107350944.0,ERR,ERR,ERR,ERR,ERR,ERR,ERR,ERR,ERR,ERR,ERR,ERR,ERR,ERR,ERR,ERR,ERR,ERR,ERR,ERR,ERR,ERR,ERR,ERR,ERR,ERR,ERR,ERR,ERR,ERR,ERR,ERR,ERR,ERR,ERR,ERR,ERR,ERR,ERR,ERR,ERR,ERR,ERR,ERR,ERR,ERR,ERR,ERR,ERR,ERR,ERR,ERR,ERR,ERR,ERR,ERR,ERR,ERR,ERR,ERR,ERR,ERR,ERR,ERR,ERR,ERR,ERR,50.0,60.0,100,0.0,0.0,0.0,0.0,0.0,0.0,0.0,0.0,0.0,0.0,0.0,0.0,0.0,0.0,0.0,0.0,62.0,65,20,65521,50,65476,0,300,0,0,8,20529,65476,0,0,26214,60.0,0.0,0.0,0.0,0.0,0.0
2026-05-17T16:14:21,ERR,ERR,ERR,ERR,ERR,ERR,ERR,ERR,ERR,ERR,ERR,ERR,ERR,ERR,ERR,ERR,ERR,ERR,ERR,ERR,ERR,ERR,ERR,ERR,ERR,ERR,ERR,ERR,ERR,ERR,ERR,ERR,ERR,ERR,ERR,ERR,ERR,ERR,ERR,ERR,ERR,ERR,ERR,ERR,ERR,ERR,ERR,ERR,ERR,ERR,ERR,ERR,ERR,ERR,ERR,ERR,ERR,ERR,ERR,ERR,ERR,ERR,ERR,ERR,ERR,ERR,ERR,ERR,ERR,ERR,ERR,ERR,ERR,ERR,ERR,ERR,ERR,ERR,ERR,ERR,ERR,ERR,ERR,ERR,ERR,ERR,ERR,ERR,ERR,ERR,ERR,ERR,ERR,ERR,ERR,ERR,ERR,ERR,ERR,ERR,ERR,ERR,ERR,ERR,ERR,ERR,ERR,ERR,ERR,ERR,ERR,ERR,ERR,ERR,ERR,ERR,ERR,ERR,ERR,ERR,ERR,ERR,ERR,ERR,ERR,0.0,-0.0,-0.0,0.0,0.0,1.3936040501711995e+18,7.805,0.0,0,0,4,0,8422,0.0,45,0.0,0.0,0.0,0.0,0.0,0,0,0,0,0.0,0,0,0,0,0,0,0,0,0,0,0,0,0,0,0,0,0,0,0,0,0,0,0,0,0,0,0,0,0,0,0,0,0,38,14,7,45,65476,0,300,0,0,8,21553,0.0,-107605600.0,0.0,0.0,0.0,0.0,0.0,0.0,0.0,0.0,0.0,0.0,0.0,0.0,0.0,0.0,0.0,0.0,0.0,0.0,0.0,0.0,-2.004,-0.0,-0.0,0.0,0.0,0.0,0.0,0.0,5006.0,0.0,0.0,0.0,-0.0,0.0,-0.0,0.0,0.0,0.0,0.0,53,2.7184300208680915e+23,-152017263656960.0,0.0,0.0,0.0,0.0,0.0,0.0,0.0,0,0,0,0.0,0.0,0.0,0.0,0.0,0.0,0.0,0.0,0.0,0.0,0.0,0.0,0.0,0.0,0.0,0.0,0,-107875648.0,53,0.0,106,-107614832.0,-107350944.0,ERR,ERR,ERR,ERR,ERR,ERR,ERR,ERR,ERR,ERR,ERR,ERR,ERR,ERR,ERR,ERR,ERR,ERR,ERR,ERR,ERR,ERR,ERR,ERR,ERR,ERR,ERR,ERR,ERR,ERR,ERR,ERR,ERR,ERR,ERR,ERR,ERR,ERR,ERR,ERR,ERR,ERR,ERR,ERR,ERR,ERR,ERR,ERR,ERR,ERR,ERR,ERR,ERR,ERR,ERR,ERR,ERR,ERR,ERR,ERR,ERR,ERR,ERR,ERR,ERR,ERR,ERR,50.0,60.0,100,0.0,0.0,0.0,0.0,0.0,0.0,0.0,0.0,0.0,0.0,0.0,0.0,0.0,0.0,0.0,0.0,62.0,65,20,65521,50,65476,0,300,0,0,8,20529,65476,0,0,26214,60.0,0.0,0.0,0.0,0.0,0.0
2026-05-17T16:14:22,ERR,ERR,ERR,ERR,ERR,ERR,ERR,ERR,ERR,ERR,ERR,ERR,ERR,ERR,ERR,ERR,ERR,ERR,ERR,ERR,ERR,ERR,ERR,ERR,ERR,ERR,ERR,ERR,ERR,ERR,ERR,ERR,ERR,ERR,ERR,ERR,ERR,ERR,ERR,ERR,ERR,ERR,ERR,ERR,ERR,ERR,ERR,ERR,ERR,ERR,ERR,ERR,ERR,ERR,ERR,ERR,ERR,ERR,ERR,ERR,ERR,ERR,ERR,ERR,ERR,ERR,ERR,ERR,ERR,ERR,ERR,ERR,ERR,ERR,ERR,ERR,ERR,ERR,ERR,ERR,ERR,ERR,ERR,ERR,ERR,ERR,ERR,ERR,ERR,ERR,ERR,ERR,ERR,ERR,ERR,ERR,ERR,ERR,ERR,ERR,ERR,ERR,ERR,ERR,ERR,ERR,ERR,ERR,ERR,ERR,ERR,ERR,ERR,ERR,ERR,ERR,ERR,ERR,ERR,ERR,ERR,ERR,ERR,ERR,ERR,0.0,-0.0,-0.0,0.0,0.0,1.3936040501711995e+18,7.805,0.0,0,0,4,0,8422,0.0,45,0.0,0.0,0.0,0.0,0.0,0,0,0,0,0.0,0,0,0,0,0,0,0,0,0,0,0,0,0,0,0,0,0,0,0,0,0,0,0,0,0,0,0,0,0,0,0,0,0,38,14,7,45,65476,0,300,0,0,8,21553,0.0,-107605600.0,0.0,0.0,0.0,0.0,0.0,0.0,0.0,0.0,0.0,0.0,0.0,0.0,0.0,0.0,0.0,0.0,0.0,0.0,0.0,0.0,-2.004,-0.0,-0.0,0.0,0.0,0.0,0.0,0.0,5006.0,0.0,0.0,0.0,-0.0,0.0,-0.0,0.0,0.0,0.0,0.0,53,2.7184300208680915e+23,-152017263656960.0,0.0,0.0,0.0,0.0,0.0,0.0,0.0,0,0,0,0.0,0.0,0.0,0.0,0.0,0.0,0.0,0.0,0.0,0.0,0.0,0.0,0.0,0.0,0.0,0.0,0,-107875648.0,53,0.0,106,-107614832.0,-107350944.0,ERR,ERR,ERR,ERR,ERR,ERR,ERR,ERR,ERR,ERR,ERR,ERR,ERR,ERR,ERR,ERR,ERR,ERR,ERR,ERR,ERR,ERR,ERR,ERR,ERR,ERR,ERR,ERR,ERR,ERR,ERR,ERR,ERR,ERR,ERR,ERR,ERR,ERR,ERR,ERR,ERR,ERR,ERR,ERR,ERR,ERR,ERR,ERR,ERR,ERR,ERR,ERR,ERR,ERR,ERR,ERR,ERR,ERR,ERR,ERR,ERR,ERR,ERR,ERR,ERR,ERR,ERR,50.0,60.0,100,0.0,0.0,0.0,0.0,0.0,0.0,0.0,0.0,0.0,0.0,0.0,0.0,0.0,0.0,0.0,0.0,61.6,65,20,65521,50,65476,0,300,0,0,8,20529,65476,0,0,26214,60.0,0.0,0.0,0.0,0.0,0.0
2026-05-17T16:14:23,ERR,ERR,ERR,ERR,ERR,ERR,ERR,ERR,ERR,ERR,ERR,ERR,ERR,ERR,ERR,ERR,ERR,ERR,ERR,ERR,ERR,ERR,ERR,ERR,ERR,ERR,ERR,ERR,ERR,ERR,ERR,ERR,ERR,ERR,ERR,ERR,ERR,ERR,ERR,ERR,ERR,ERR,ERR,ERR,ERR,ERR,ERR,ERR,ERR,ERR,ERR,ERR,ERR,ERR,ERR,ERR,ERR,ERR,ERR,ERR,ERR,ERR,ERR,ERR,ERR,ERR,ERR,ERR,ERR,ERR,ERR,ERR,ERR,ERR,ERR,ERR,ERR,ERR,ERR,ERR,ERR,ERR,ERR,ERR,ERR,ERR,ERR,ERR,ERR,ERR,ERR,ERR,ERR,ERR,ERR,ERR,ERR,ERR,ERR,ERR,ERR,ERR,ERR,ERR,ERR,ERR,ERR,ERR,ERR,ERR,ERR,ERR,ERR,ERR,ERR,ERR,ERR,ERR,ERR,ERR,ERR,ERR,ERR,ERR,ERR,0.0,-0.0,-0.0,0.0,0.0,1.3936040501711995e+18,7.805,0.0,0,0,4,0,8422,0.0,45,0.0,0.0,0.0,0.0,0.0,0,0,0,0,0.0,0,0,0,0,0,0,0,0,0,0,0,0,0,0,0,0,0,0,0,0,0,0,0,0,0,0,0,0,0,0,0,0,0,38,14,7,45,65476,0,300,0,0,8,21553,0.0,-107605600.0,0.0,0.0,0.0,0.0,0.0,0.0,0.0,0.0,0.0,0.0,0.0,0.0,0.0,0.0,0.0,0.0,0.0,0.0,0.0,0.0,-2.004,-0.0,-0.0,0.0,0.0,0.0,0.0,0.0,5006.0,0.0,0.0,0.0,-0.0,0.0,-0.0,0.0,0.0,0.0,0.0,53,2.7184300208680915e+23,-152017263656960.0,0.0,0.0,0.0,0.0,0.0,0.0,0.0,0,0,0,0.0,0.0,0.0,0.0,0.0,0.0,0.0,0.0,0.0,0.0,0.0,0.0,0.0,0.0,0.0,0.0,0,-107875648.0,53,0.0,106,-107614832.0,-107350944.0,ERR,ERR,ERR,ERR,ERR,ERR,ERR,ERR,ERR,ERR,ERR,ERR,ERR,ERR,ERR,ERR,ERR,ERR,ERR,ERR,ERR,ERR,ERR,ERR,ERR,ERR,ERR,ERR,ERR,ERR,ERR,ERR,ERR,ERR,ERR,ERR,ERR,ERR,ERR,ERR,ERR,ERR,ERR,ERR,ERR,ERR,ERR,ERR,ERR,ERR,ERR,ERR,ERR,ERR,ERR,ERR,ERR,ERR,ERR,ERR,ERR,ERR,ERR,ERR,ERR,ERR,ERR,50.0,60.0,100,0.0,0.0,0.0,0.0,0.0,0.0,0.0,0.0,0.0,0.0,0.0,0.0,0.0,0.0,0.0,0.0,61.6,65,20,65521,50,65476,0,300,0,0,8,20529,65476,0,0,26214,60.0,0.0,0.0,0.0,0.0,0.0
2026-05-17T16:14:24,ERR,ERR,ERR,ERR,ERR,ERR,ERR,ERR,ERR,ERR,ERR,ERR,ERR,ERR,ERR,ERR,ERR,ERR,ERR,ERR,ERR,ERR,ERR,ERR,ERR,ERR,ERR,ERR,ERR,ERR,ERR,ERR,ERR,ERR,ERR,ERR,ERR,ERR,ERR,ERR,ERR,ERR,ERR,ERR,ERR,ERR,ERR,ERR,ERR,ERR,ERR,ERR,ERR,ERR,ERR,ERR,ERR,ERR,ERR,ERR,ERR,ERR,ERR,ERR,ERR,ERR,ERR,ERR,ERR,ERR,ERR,ERR,ERR,ERR,ERR,ERR,ERR,ERR,ERR,ERR,ERR,ERR,ERR,ERR,ERR,ERR,ERR,ERR,ERR,ERR,ERR,ERR,ERR,ERR,ERR,ERR,ERR,ERR,ERR,ERR,ERR,ERR,ERR,ERR,ERR,ERR,ERR,ERR,ERR,ERR,ERR,ERR,ERR,ERR,ERR,ERR,ERR,ERR,ERR,ERR,ERR,ERR,ERR,ERR,ERR,0.0,-0.0,-0.0,0.0,0.0,1.3936040501711995e+18,7.805,0.0,0,0,4,0,8422,0.0,45,0.0,0.0,0.0,0.0,0.0,0,0,0,0,0.0,0,0,0,0,0,0,0,0,0,0,0,0,0,0,0,0,0,0,0,0,0,0,0,0,0,0,0,0,0,0,0,0,0,38,14,7,45,65476,0,300,0,0,8,21553,0.0,-107605600.0,0.0,0.0,0.0,0.0,0.0,0.0,0.0,0.0,0.0,0.0,0.0,0.0,0.0,0.0,0.0,0.0,0.0,0.0,0.0,0.0,-2.004,-2.004,-0.0,0.0,0.0,0.0,0.0,0.0,5008.0,1.5879293531142762e+29,0.0,0.0,-107615288.0,0.0,-0.0,0.0,0.0,0.0,0.0,53,4.066880103266858e+29,126840537088.0,0.0,0.0,0.0,0.0,0.0,0.0,0.0,0,0,0,0.0,0.0,0.0,0.0,0.0,0.0,0.0,0.0,0.0,0.0,0.0,0.0,0.0,0.0,0.0,0.0,0,-107875648.0,53,0.0,106,-107614832.0,-107350944.0,ERR,ERR,ERR,ERR,ERR,ERR,ERR,ERR,ERR,ERR,ERR,ERR,ERR,ERR,ERR,ERR,ERR,ERR,ERR,ERR,ERR,ERR,ERR,ERR,ERR,ERR,ERR,ERR,ERR,ERR,ERR,ERR,ERR,ERR,ERR,ERR,ERR,ERR,ERR,ERR,ERR,ERR,ERR,ERR,ERR,ERR,ERR,ERR,ERR,ERR,ERR,ERR,ERR,ERR,ERR,ERR,ERR,ERR,ERR,ERR,ERR,ERR,ERR,ERR,ERR,ERR,ERR,50.0,60.0,100,0.0,0.0,0.0,0.0,0.0,0.0,0.0,0.0,0.0,0.0,0.0,0.0,0.0,0.0,0.0,0.0,61.6,65,20,65521,50,65476,0,300,0,0,8,20529,65476,0,0,26214,60.0,0.0,0.0,0.0,0.0,0.0
2026-05-17T16:14:25,ERR,ERR,ERR,ERR,ERR,ERR,ERR,ERR,ERR,ERR,ERR,ERR,ERR,ERR,ERR,ERR,ERR,ERR,ERR,ERR,ERR,ERR,ERR,ERR,ERR,ERR,ERR,ERR,ERR,ERR,ERR,ERR,ERR,ERR,ERR,ERR,ERR,ERR,ERR,ERR,ERR,ERR,ERR,ERR,ERR,ERR,ERR,ERR,ERR,ERR,ERR,ERR,ERR,ERR,ERR,ERR,ERR,ERR,ERR,ERR,ERR,ERR,ERR,ERR,ERR,ERR,ERR,ERR,ERR,ERR,ERR,ERR,ERR,ERR,ERR,ERR,ERR,ERR,ERR,ERR,ERR,ERR,ERR,ERR,ERR,ERR,ERR,ERR,ERR,ERR,ERR,ERR,ERR,ERR,ERR,ERR,ERR,ERR,ERR,ERR,ERR,ERR,ERR,ERR,ERR,ERR,ERR,ERR,ERR,ERR,ERR,ERR,ERR,ERR,ERR,ERR,ERR,ERR,ERR,ERR,ERR,ERR,ERR,ERR,ERR,0.0,-0.0,-0.0,0.0,0.0,1.3936040501711995e+18,7.805,0.0,0,0,4,0,8422,0.0,45,0.0,0.0,0.0,0.0,0.0,0,0,0,0,0.0,0,0,0,0,0,0,0,0,0,0,0,0,0,0,0,0,0,0,0,0,0,0,0,0,0,0,0,0,0,0,0,0,0,38,14,7,45,65476,0,300,0,0,8,21553,0.0,-107605600.0,0.0,0.0,0.0,0.0,0.0,0.0,0.0,0.0,0.0,0.0,0.0,0.0,0.0,0.0,0.0,0.0,0.0,0.0,0.0,0.0,-2.004,-2.004,-0.0,0.0,0.0,0.0,0.0,0.0,5008.0,1.5879293531142762e+29,0.0,0.0,-107615288.0,0.0,-0.0,0.0,0.0,0.0,0.0,53,4.066880103266858e+29,126840537088.0,0.0,0.0,0.0,0.0,0.0,0.0,0.0,0,0,0,0.0,0.0,0.0,0.0,0.0,0.0,0.0,0.0,0.0,0.0,0.0,0.0,0.0,0.0,0.0,0.0,0,-107875648.0,53,0.0,106,-107614832.0,-107350944.0,ERR,ERR,ERR,ERR,ERR,ERR,ERR,ERR,ERR,ERR,ERR,ERR,ERR,ERR,ERR,ERR,ERR,ERR,ERR,ERR,ERR,ERR,ERR,ERR,ERR,ERR,ERR,ERR,ERR,ERR,ERR,ERR,ERR,ERR,ERR,ERR,ERR,ERR,ERR,ERR,ERR,ERR,ERR,ERR,ERR,ERR,ERR,ERR,ERR,ERR,ERR,ERR,ERR,ERR,ERR,ERR,ERR,ERR,ERR,ERR,ERR,ERR,ERR,ERR,ERR,ERR,ERR,50.0,60.0,100,0.0,0.0,0.0,0.0,0.0,0.0,0.0,0.0,0.0,0.0,0.0,0.0,0.0,0.0,0.0,0.0,61.6,65,20,65521,50,65476,0,300,0,0,8,20529,65476,0,0,26214,60.0,0.0,0.0,0.0,0.0,0.0
2026-05-17T16:14:26,ERR,ERR,ERR,ERR,ERR,ERR,ERR,ERR,ERR,ERR,ERR,ERR,ERR,ERR,ERR,ERR,ERR,ERR,ERR,ERR,ERR,ERR,ERR,ERR,ERR,ERR,ERR,ERR,ERR,ERR,ERR,ERR,ERR,ERR,ERR,ERR,ERR,ERR,ERR,ERR,ERR,ERR,ERR,ERR,ERR,ERR,ERR,ERR,ERR,ERR,ERR,ERR,ERR,ERR,ERR,ERR,ERR,ERR,ERR,ERR,ERR,ERR,ERR,ERR,ERR,ERR,ERR,ERR,ERR,ERR,ERR,ERR,ERR,ERR,ERR,ERR,ERR,ERR,ERR,ERR,ERR,ERR,ERR,ERR,ERR,ERR,ERR,ERR,ERR,ERR,ERR,ERR,ERR,ERR,ERR,ERR,ERR,ERR,ERR,ERR,ERR,ERR,ERR,ERR,ERR,ERR,ERR,ERR,ERR,ERR,ERR,ERR,ERR,ERR,ERR,ERR,ERR,ERR,ERR,ERR,ERR,ERR,ERR,ERR,ERR,0.0,-0.0,-0.0,0.0,0.0,1.3936040501711995e+18,7.805,0.0,0,0,4,0,8422,0.0,45,0.0,0.0,0.0,0.0,0.0,0,0,0,0,0.0,0,0,0,0,0,0,0,0,0,0,0,0,0,0,0,0,0,0,0,0,0,0,0,0,0,0,0,0,0,0,0,0,0,38,14,7,45,65476,0,300,0,0,8,21553,0.0,-107605600.0,0.0,0.0,0.0,0.0,0.0,0.0,0.0,0.0,0.0,0.0,0.0,0.0,0.0,0.0,0.0,0.0,0.0,0.0,0.0,0.0,-2.004,-2.004,-0.0,0.0,0.0,0.0,0.0,0.0,5008.0,1.5879293531142762e+29,0.0,0.0,-107615288.0,0.0,-0.0,0.0,0.0,0.0,0.0,53,4.066880103266858e+29,126840537088.0,0.0,0.0,0.0,0.0,0.0,0.0,0.0,0,0,0,0.0,0.0,0.0,0.0,0.0,0.0,0.0,0.0,0.0,0.0,0.0,0.0,0.0,0.0,0.0,0.0,0,-107875648.0,53,0.0,106,-107614832.0,-107350944.0,ERR,ERR,ERR,ERR,ERR,ERR,ERR,ERR,ERR,ERR,ERR,ERR,ERR,ERR,ERR,ERR,ERR,ERR,ERR,ERR,ERR,ERR,ERR,ERR,ERR,ERR,ERR,ERR,ERR,ERR,ERR,ERR,ERR,ERR,ERR,ERR,ERR,ERR,ERR,ERR,ERR,ERR,ERR,ERR,ERR,ERR,ERR,ERR,ERR,ERR,ERR,ERR,ERR,ERR,ERR,ERR,ERR,ERR,ERR,ERR,ERR,ERR,ERR,ERR,ERR,ERR,ERR,50.0,60.0,100,0.0,0.0,0.0,0.0,0.0,0.0,0.0,0.0,0.0,0.0,0.0,0.0,0.0,0.0,0.0,0.0,61.6,65,20,65521,50,65476,0,300,0,0,8,20529,65476,0,0,26214,60.0,0.0,0.0,0.0,0.0,0.0
2026-05-17T16:14:27,ERR,ERR,ERR,ERR,ERR,ERR,ERR,ERR,ERR,ERR,ERR,ERR,ERR,ERR,ERR,ERR,ERR,ERR,ERR,ERR,ERR,ERR,ERR,ERR,ERR,ERR,ERR,ERR,ERR,ERR,ERR,ERR,ERR,ERR,ERR,ERR,ERR,ERR,ERR,ERR,ERR,ERR,ERR,ERR,ERR,ERR,ERR,ERR,ERR,ERR,ERR,ERR,ERR,ERR,ERR,ERR,ERR,ERR,ERR,ERR,ERR,ERR,ERR,ERR,ERR,ERR,ERR,ERR,ERR,ERR,ERR,ERR,ERR,ERR,ERR,ERR,ERR,ERR,ERR,ERR,ERR,ERR,ERR,ERR,ERR,ERR,ERR,ERR,ERR,ERR,ERR,ERR,ERR,ERR,ERR,ERR,ERR,ERR,ERR,ERR,ERR,ERR,ERR,ERR,ERR,ERR,ERR,ERR,ERR,ERR,ERR,ERR,ERR,ERR,ERR,ERR,ERR,ERR,ERR,ERR,ERR,ERR,ERR,ERR,ERR,0.0,-0.0,-0.0,0.0,0.0,1.3936040501711995e+18,7.805,0.0,0,0,4,0,8422,0.0,45,0.0,0.0,0.0,0.0,0.0,0,0,0,0,0.0,0,0,0,0,0,0,0,0,0,0,0,0,0,0,0,0,0,0,0,0,0,0,0,0,0,0,0,0,0,0,0,0,0,38,14,7,45,65476,0,300,0,0,8,21553,0.0,-107605600.0,0.0,0.0,0.0,0.0,0.0,0.0,0.0,0.0,0.0,0.0,0.0,0.0,0.0,0.0,0.0,0.0,0.0,0.0,0.0,0.0,-2.004,-2.004,-0.0,0.0,0.0,0.0,0.0,0.0,5008.0,1.5879293531142762e+29,0.0,0.0,-107615288.0,0.0,-0.0,0.0,0.0,0.0,0.0,53,4.066880103266858e+29,126840537088.0,0.0,0.0,0.0,0.0,0.0,0.0,0.0,0,0,0,0.0,0.0,0.0,0.0,0.0,0.0,0.0,0.0,0.0,0.0,0.0,0.0,0.0,0.0,0.0,0.0,0,-107875648.0,53,0.0,106,-107614832.0,-107350944.0,ERR,ERR,ERR,ERR,ERR,ERR,ERR,ERR,ERR,ERR,ERR,ERR,ERR,ERR,ERR,ERR,ERR,ERR,ERR,ERR,ERR,ERR,ERR,ERR,ERR,ERR,ERR,ERR,ERR,ERR,ERR,ERR,ERR,ERR,ERR,ERR,ERR,ERR,ERR,ERR,ERR,ERR,ERR,ERR,ERR,ERR,ERR,ERR,ERR,ERR,ERR,ERR,ERR,ERR,ERR,ERR,ERR,ERR,ERR,ERR,ERR,ERR,ERR,ERR,ERR,ERR,ERR,50.0,60.0,100,0.0,0.0,0.0,0.0,0.0,0.0,0.0,0.0,0.0,0.0,0.0,0.0,0.0,0.0,0.0,0.0,62.0,65,20,65521,50,65476,0,300,0,0,8,20529,65476,0,0,26214,60.0,0.0,0.0,0.0,0.0,0.0
2026-05-17T16:14:28,ERR,ERR,ERR,ERR,ERR,ERR,ERR,ERR,ERR,ERR,ERR,ERR,ERR,ERR,ERR,ERR,ERR,ERR,ERR,ERR,ERR,ERR,ERR,ERR,ERR,ERR,ERR,ERR,ERR,ERR,ERR,ERR,ERR,ERR,ERR,ERR,ERR,ERR,ERR,ERR,ERR,ERR,ERR,ERR,ERR,ERR,ERR,ERR,ERR,ERR,ERR,ERR,ERR,ERR,ERR,ERR,ERR,ERR,ERR,ERR,ERR,ERR,ERR,ERR,ERR,ERR,ERR,ERR,ERR,ERR,ERR,ERR,ERR,ERR,ERR,ERR,ERR,ERR,ERR,ERR,ERR,ERR,ERR,ERR,ERR,ERR,ERR,ERR,ERR,ERR,ERR,ERR,ERR,ERR,ERR,ERR,ERR,ERR,ERR,ERR,ERR,ERR,ERR,ERR,ERR,ERR,ERR,ERR,ERR,ERR,ERR,ERR,ERR,ERR,ERR,ERR,ERR,ERR,ERR,ERR,ERR,ERR,ERR,ERR,ERR,0.0,-0.0,-0.0,0.0,0.0,1.3936040501711995e+18,7.805,0.0,0,0,4,0,8422,0.0,45,0.0,0.0,0.0,0.0,0.0,0,0,0,0,0.0,0,0,0,0,0,0,0,0,0,0,0,0,0,0,0,0,0,0,0,0,0,0,0,0,0,0,0,0,0,0,0,0,0,38,14,7,45,65476,0,300,0,0,8,21553,0.0,-107605600.0,0.0,0.0,0.0,0.0,0.0,0.0,0.0,0.0,0.0,0.0,0.0,0.0,0.0,0.0,0.0,0.0,0.0,0.0,0.0,0.0,-2.004,-2.004,-0.0,0.0,0.0,0.0,0.0,0.0,5008.0,1.5879293531142762e+29,0.0,0.0,-107615288.0,0.0,-0.0,0.0,0.0,0.0,0.0,53,4.066880103266858e+29,126840537088.0,0.0,0.0,0.0,0.0,0.0,0.0,0.0,0,0,0,0.0,0.0,0.0,0.0,0.0,0.0,0.0,0.0,0.0,0.0,0.0,0.0,0.0,0.0,0.0,0.0,0,-107875648.0,53,0.0,106,-107614832.0,-107350944.0,ERR,ERR,ERR,ERR,ERR,ERR,ERR,ERR,ERR,ERR,ERR,ERR,ERR,ERR,ERR,ERR,ERR,ERR,ERR,ERR,ERR,ERR,ERR,ERR,ERR,ERR,ERR,ERR,ERR,ERR,ERR,ERR,ERR,ERR,ERR,ERR,ERR,ERR,ERR,ERR,ERR,ERR,ERR,ERR,ERR,ERR,ERR,ERR,ERR,ERR,ERR,ERR,ERR,ERR,ERR,ERR,ERR,ERR,ERR,ERR,ERR,ERR,ERR,ERR,ERR,ERR,ERR,50.0,60.0,100,0.0,0.0,0.0,0.0,0.0,0.0,0.0,0.0,0.0,0.0,0.0,0.0,0.0,0.0,0.0,0.0,62.0,65,20,65521,50,65476,0,300,0,0,8,20529,65476,0,0,26214,60.0,0.0,0.0,0.0,0.0,0.0
2026-05-17T16:14:29,ERR,ERR,ERR,ERR,ERR,ERR,ERR,ERR,ERR,ERR,ERR,ERR,ERR,ERR,ERR,ERR,ERR,ERR,ERR,ERR,ERR,ERR,ERR,ERR,ERR,ERR,ERR,ERR,ERR,ERR,ERR,ERR,ERR,ERR,ERR,ERR,ERR,ERR,ERR,ERR,ERR,ERR,ERR,ERR,ERR,ERR,ERR,ERR,ERR,ERR,ERR,ERR,ERR,ERR,ERR,ERR,ERR,ERR,ERR,ERR,ERR,ERR,ERR,ERR,ERR,ERR,ERR,ERR,ERR,ERR,ERR,ERR,ERR,ERR,ERR,ERR,ERR,ERR,ERR,ERR,ERR,ERR,ERR,ERR,ERR,ERR,ERR,ERR,ERR,ERR,ERR,ERR,ERR,ERR,ERR,ERR,ERR,ERR,ERR,ERR,ERR,ERR,ERR,ERR,ERR,ERR,ERR,ERR,ERR,ERR,ERR,ERR,ERR,ERR,ERR,ERR,ERR,ERR,ERR,ERR,ERR,ERR,ERR,ERR,ERR,0.0,-0.0,-0.0,0.0,0.0,1.3936040501711995e+18,7.805,0.0,0,0,4,0,8422,0.0,45,0.0,0.0,0.0,0.0,0.0,0,0,0,0,0.0,0,0,0,0,0,0,0,0,0,0,0,0,0,0,0,0,0,0,0,0,0,0,0,0,0,0,0,0,0,0,0,0,0,38,14,7,45,65476,0,300,0,0,8,21553,0.0,-107605600.0,0.0,0.0,0.0,0.0,0.0,0.0,0.0,0.0,0.0,0.0,0.0,0.0,0.0,0.0,0.0,0.0,0.0,0.0,0.0,0.0,-2.004,-2.004,-0.0,-2.004,0.0,0.0,0.0,0.0,5011.0,0.0,0.0,0.0,-107615288.0,0.0,-0.0,0.0,0.0,0.0,0.0,53,5.848083413016271e+35,-0.0,0.0,0.0,0.0,0.0,0.0,0.0,0.0,0,0,0,0.0,0.0,0.0,0.0,0.0,0.0,0.0,0.0,0.0,0.0,0.0,0.0,0.0,0.0,0.0,0.0,0,-107875648.0,53,0.0,106,-107614832.0,-107350944.0,ERR,ERR,ERR,ERR,ERR,ERR,ERR,ERR,ERR,ERR,ERR,ERR,ERR,ERR,ERR,ERR,ERR,ERR,ERR,ERR,ERR,ERR,ERR,ERR,ERR,ERR,ERR,ERR,ERR,ERR,ERR,ERR,ERR,ERR,ERR,ERR,ERR,ERR,ERR,ERR,ERR,ERR,ERR,ERR,ERR,ERR,ERR,ERR,ERR,ERR,ERR,ERR,ERR,ERR,ERR,ERR,ERR,ERR,ERR,ERR,ERR,ERR,ERR,ERR,ERR,ERR,ERR,50.0,60.0,100,0.0,0.0,0.0,0.0,0.0,0.0,0.0,0.0,0.0,0.0,0.0,0.0,0.0,0.0,0.0,0.0,62.0,65,20,65521,50,65476,0,300,0,0,8,20529,65476,0,0,26214,60.0,0.0,0.0,0.0,0.0,0.0
2026-05-17T16:14:30,ERR,ERR,ERR,ERR,ERR,ERR,ERR,ERR,ERR,ERR,ERR,ERR,ERR,ERR,ERR,ERR,ERR,ERR,ERR,ERR,ERR,ERR,ERR,ERR,ERR,ERR,ERR,ERR,ERR,ERR,ERR,ERR,ERR,ERR,ERR,ERR,ERR,ERR,ERR,ERR,ERR,ERR,ERR,ERR,ERR,ERR,ERR,ERR,ERR,ERR,ERR,ERR,ERR,ERR,ERR,ERR,ERR,ERR,ERR,ERR,ERR,ERR,ERR,ERR,ERR,ERR,ERR,ERR,ERR,ERR,ERR,ERR,ERR,ERR,ERR,ERR,ERR,ERR,ERR,ERR,ERR,ERR,ERR,ERR,ERR,ERR,ERR,ERR,ERR,ERR,ERR,ERR,ERR,ERR,ERR,ERR,ERR,ERR,ERR,ERR,ERR,ERR,ERR,ERR,ERR,ERR,ERR,ERR,ERR,ERR,ERR,ERR,ERR,ERR,ERR,ERR,ERR,ERR,ERR,ERR,ERR,ERR,ERR,ERR,ERR,0.0,-0.0,-0.0,0.0,0.0,1.3936040501711995e+18,7.805,0.0,0,0,4,0,8422,0.0,45,0.0,0.0,0.0,0.0,0.0,0,0,0,0,0.0,0,0,0,0,0,0,0,0,0,0,0,0,0,0,0,0,0,0,0,0,0,0,0,0,0,0,0,0,0,0,0,0,0,38,14,7,45,65476,0,300,0,0,8,21553,0.0,-107605600.0,0.0,0.0,0.0,0.0,0.0,0.0,0.0,0.0,0.0,0.0,0.0,0.0,0.0,0.0,0.0,0.0,0.0,0.0,0.0,0.0,-2.004,-2.004,-0.0,-2.004,0.0,0.0,0.0,0.0,5011.0,0.0,0.0,0.0,-107615288.0,0.0,-0.0,0.0,0.0,0.0,0.0,53,5.848083413016271e+35,-0.0,0.0,0.0,0.0,0.0,0.0,0.0,0.0,0,0,0,0.0,0.0,0.0,0.0,0.0,0.0,0.0,0.0,0.0,0.0,0.0,0.0,0.0,0.0,0.0,0.0,0,-107875648.0,53,0.0,106,-107614832.0,-107350944.0,ERR,ERR,ERR,ERR,ERR,ERR,ERR,ERR,ERR,ERR,ERR,ERR,ERR,ERR,ERR,ERR,ERR,ERR,ERR,ERR,ERR,ERR,ERR,ERR,ERR,ERR,ERR,ERR,ERR,ERR,ERR,ERR,ERR,ERR,ERR,ERR,ERR,ERR,ERR,ERR,ERR,ERR,ERR,ERR,ERR,ERR,ERR,ERR,ERR,ERR,ERR,ERR,ERR,ERR,ERR,ERR,ERR,ERR,ERR,ERR,ERR,ERR,ERR,ERR,ERR,ERR,ERR,50.0,60.0,100,0.0,0.0,0.0,0.0,0.0,0.0,0.0,0.0,0.0,0.0,0.0,0.0,0.0,0.0,0.0,0.0,62.0,65,20,65521,50,65476,0,300,0,0,8,20529,65476,0,0,26214,60.0,0.0,0.0,0.0,0.0,0.0
2026-05-17T16:14:31,ERR,ERR,ERR,ERR,ERR,ERR,ERR,ERR,ERR,ERR,ERR,ERR,ERR,ERR,ERR,ERR,ERR,ERR,ERR,ERR,ERR,ERR,ERR,ERR,ERR,ERR,ERR,ERR,ERR,ERR,ERR,ERR,ERR,ERR,ERR,ERR,ERR,ERR,ERR,ERR,ERR,ERR,ERR,ERR,ERR,ERR,ERR,ERR,ERR,ERR,ERR,ERR,ERR,ERR,ERR,ERR,ERR,ERR,ERR,ERR,ERR,ERR,ERR,ERR,ERR,ERR,ERR,ERR,ERR,ERR,ERR,ERR,ERR,ERR,ERR,ERR,ERR,ERR,ERR,ERR,ERR,ERR,ERR,ERR,ERR,ERR,ERR,ERR,ERR,ERR,ERR,ERR,ERR,ERR,ERR,ERR,ERR,ERR,ERR,ERR,ERR,ERR,ERR,ERR,ERR,ERR,ERR,ERR,ERR,ERR,ERR,ERR,ERR,ERR,ERR,ERR,ERR,ERR,ERR,ERR,ERR,ERR,ERR,ERR,ERR,0.0,-0.0,-0.0,0.0,0.0,1.3936040501711995e+18,7.805,0.0,0,0,4,0,8422,0.0,45,0.0,0.0,0.0,0.0,0.0,0,0,0,0,0.0,0,0,0,0,0,0,0,0,0,0,0,0,0,0,0,0,0,0,0,0,0,0,0,0,0,0,0,0,0,0,0,0,0,38,14,7,45,65476,0,300,0,0,8,21553,0.0,-107605600.0,0.0,0.0,0.0,0.0,0.0,0.0,0.0,0.0,0.0,0.0,0.0,0.0,0.0,0.0,0.0,0.0,0.0,0.0,0.0,0.0,-2.004,-2.004,-0.0,-2.004,0.0,0.0,0.0,0.0,5011.0,0.0,0.0,0.0,-107615288.0,0.0,-0.0,0.0,0.0,0.0,0.0,53,5.848083413016271e+35,-0.0,0.0,0.0,0.0,0.0,0.0,0.0,0.0,0,0,0,0.0,0.0,0.0,0.0,0.0,0.0,0.0,0.0,0.0,0.0,0.0,0.0,0.0,0.0,0.0,0.0,0,-107875648.0,53,0.0,106,-107614832.0,-107350944.0,ERR,ERR,ERR,ERR,ERR,ERR,ERR,ERR,ERR,ERR,ERR,ERR,ERR,ERR,ERR,ERR,ERR,ERR,ERR,ERR,ERR,ERR,ERR,ERR,ERR,ERR,ERR,ERR,ERR,ERR,ERR,ERR,ERR,ERR,ERR,ERR,ERR,ERR,ERR,ERR,ERR,ERR,ERR,ERR,ERR,ERR,ERR,ERR,ERR,ERR,ERR,ERR,ERR,ERR,ERR,ERR,ERR,ERR,ERR,ERR,ERR,ERR,ERR,ERR,ERR,ERR,ERR,50.0,60.0,100,0.0,0.0,0.0,0.0,0.0,0.0,0.0,0.0,0.0,0.0,0.0,0.0,0.0,0.0,0.0,0.0,61.6,65,20,65521,50,65476,0,300,0,0,8,20529,65476,0,0,26214,60.0,0.0,0.0,0.0,0.0,0.0
2026-05-17T16:14:32,ERR,ERR,ERR,ERR,ERR,ERR,ERR,ERR,ERR,ERR,ERR,ERR,ERR,ERR,ERR,ERR,ERR,ERR,ERR,ERR,ERR,ERR,ERR,ERR,ERR,ERR,ERR,ERR,ERR,ERR,ERR,ERR,ERR,ERR,ERR,ERR,ERR,ERR,ERR,ERR,ERR,ERR,ERR,ERR,ERR,ERR,ERR,ERR,ERR,ERR,ERR,ERR,ERR,ERR,ERR,ERR,ERR,ERR,ERR,ERR,ERR,ERR,ERR,ERR,ERR,ERR,ERR,ERR,ERR,ERR,ERR,ERR,ERR,ERR,ERR,ERR,ERR,ERR,ERR,ERR,ERR,ERR,ERR,ERR,ERR,ERR,ERR,ERR,ERR,ERR,ERR,ERR,ERR,ERR,ERR,ERR,ERR,ERR,ERR,ERR,ERR,ERR,ERR,ERR,ERR,ERR,ERR,ERR,ERR,ERR,ERR,ERR,ERR,ERR,ERR,ERR,ERR,ERR,ERR,ERR,ERR,ERR,ERR,ERR,ERR,0.0,-0.0,-0.0,0.0,0.0,1.3936040501711995e+18,7.805,0.0,0,0,4,0,8422,0.0,45,0.0,0.0,0.0,0.0,0.0,0,0,0,0,0.0,0,0,0,0,0,0,0,0,0,0,0,0,0,0,0,0,0,0,0,0,0,0,0,0,0,0,0,0,0,0,0,0,0,38,14,7,45,65476,0,300,0,0,8,21553,0.0,-107605600.0,0.0,0.0,0.0,0.0,0.0,0.0,0.0,0.0,0.0,0.0,0.0,0.0,0.0,0.0,0.0,0.0,0.0,0.0,0.0,0.0,-2.004,-2.004,-0.0,-2.004,0.0,0.0,0.0,0.0,5011.0,0.0,0.0,0.0,-107615288.0,0.0,-0.0,0.0,0.0,0.0,0.0,53,5.848083413016271e+35,-0.0,0.0,0.0,0.0,0.0,0.0,0.0,0.0,0,0,0,0.0,0.0,0.0,0.0,0.0,0.0,0.0,0.0,0.0,0.0,0.0,0.0,0.0,0.0,0.0,0.0,0,-107875648.0,53,0.0,106,-107614832.0,-107350944.0,ERR,ERR,ERR,ERR,ERR,ERR,ERR,ERR,ERR,ERR,ERR,ERR,ERR,ERR,ERR,ERR,ERR,ERR,ERR,ERR,ERR,ERR,ERR,ERR,ERR,ERR,ERR,ERR,ERR,ERR,ERR,ERR,ERR,ERR,ERR,ERR,ERR,ERR,ERR,ERR,ERR,ERR,ERR,ERR,ERR,ERR,ERR,ERR,ERR,ERR,ERR,ERR,ERR,ERR,ERR,ERR,ERR,ERR,ERR,ERR,ERR,ERR,ERR,ERR,ERR,ERR,ERR,50.0,60.0,100,0.0,0.0,0.0,0.0,0.0,0.0,0.0,0.0,0.0,0.0,0.0,0.0,0.0,0.0,0.0,0.0,61.6,65,20,65521,50,65476,0,300,0,0,8,20529,65476,0,0,26214,60.0,0.0,0.0,0.0,0.0,0.0
2026-05-17T16:14:33,ERR,ERR,ERR,ERR,ERR,ERR,ERR,ERR,ERR,ERR,ERR,ERR,ERR,ERR,ERR,ERR,ERR,ERR,ERR,ERR,ERR,ERR,ERR,ERR,ERR,ERR,ERR,ERR,ERR,ERR,ERR,ERR,ERR,ERR,ERR,ERR,ERR,ERR,ERR,ERR,ERR,ERR,ERR,ERR,ERR,ERR,ERR,ERR,ERR,ERR,ERR,ERR,ERR,ERR,ERR,ERR,ERR,ERR,ERR,ERR,ERR,ERR,ERR,ERR,ERR,ERR,ERR,ERR,ERR,ERR,ERR,ERR,ERR,ERR,ERR,ERR,ERR,ERR,ERR,ERR,ERR,ERR,ERR,ERR,ERR,ERR,ERR,ERR,ERR,ERR,ERR,ERR,ERR,ERR,ERR,ERR,ERR,ERR,ERR,ERR,ERR,ERR,ERR,ERR,ERR,ERR,ERR,ERR,ERR,ERR,ERR,ERR,ERR,ERR,ERR,ERR,ERR,ERR,ERR,ERR,ERR,ERR,ERR,ERR,ERR,0.0,-0.0,-0.0,0.0,0.0,1.3936040501711995e+18,7.805,0.0,0,0,4,0,8422,0.0,45,0.0,0.0,0.0,0.0,0.0,0,0,0,0,0.0,0,0,0,0,0,0,0,0,0,0,0,0,0,0,0,0,0,0,0,0,0,0,0,0,0,0,0,0,0,0,0,0,0,38,14,7,45,65476,0,300,0,0,8,21553,0.0,-107605600.0,0.0,0.0,0.0,0.0,0.0,0.0,0.0,0.0,0.0,0.0,0.0,0.0,0.0,0.0,0.0,0.0,0.0,0.0,0.0,0.0,-2.004,-2.004,-0.0,-2.004,0.0,0.0,0.0,0.0,5011.0,0.0,0.0,0.0,-107615288.0,0.0,-0.0,0.0,0.0,0.0,0.0,53,5.848083413016271e+35,-0.0,0.0,0.0,0.0,0.0,0.0,0.0,0.0,0,0,0,0.0,0.0,0.0,0.0,0.0,0.0,0.0,0.0,0.0,0.0,0.0,0.0,0.0,0.0,0.0,0.0,0,-107875648.0,53,0.0,106,-107614832.0,-107350944.0,ERR,ERR,ERR,ERR,ERR,ERR,ERR,ERR,ERR,ERR,ERR,ERR,ERR,ERR,ERR,ERR,ERR,ERR,ERR,ERR,ERR,ERR,ERR,ERR,ERR,ERR,ERR,ERR,ERR,ERR,ERR,ERR,ERR,ERR,ERR,ERR,ERR,ERR,ERR,ERR,ERR,ERR,ERR,ERR,ERR,ERR,ERR,ERR,ERR,ERR,ERR,ERR,ERR,ERR,ERR,ERR,ERR,ERR,ERR,ERR,ERR,ERR,ERR,ERR,ERR,ERR,ERR,50.0,60.0,100,0.0,0.0,0.0,0.0,0.0,0.0,0.0,0.0,0.0,0.0,0.0,0.0,0.0,0.0,0.0,0.0,61.6,65,20,65521,50,65476,0,300,0,0,8,20529,65476,0,0,26214,60.0,0.0,0.0,0.0,0.0,0.0
2026-05-17T16:14:34,ERR,ERR,ERR,ERR,ERR,ERR,ERR,ERR,ERR,ERR,ERR,ERR,ERR,ERR,ERR,ERR,ERR,ERR,ERR,ERR,ERR,ERR,ERR,ERR,ERR,ERR,ERR,ERR,ERR,ERR,ERR,ERR,ERR,ERR,ERR,ERR,ERR,ERR,ERR,ERR,ERR,ERR,ERR,ERR,ERR,ERR,ERR,ERR,ERR,ERR,ERR,ERR,ERR,ERR,ERR,ERR,ERR,ERR,ERR,ERR,ERR,ERR,ERR,ERR,ERR,ERR,ERR,ERR,ERR,ERR,ERR,ERR,ERR,ERR,ERR,ERR,ERR,ERR,ERR,ERR,ERR,ERR,ERR,ERR,ERR,ERR,ERR,ERR,ERR,ERR,ERR,ERR,ERR,ERR,ERR,ERR,ERR,ERR,ERR,ERR,ERR,ERR,ERR,ERR,ERR,ERR,ERR,ERR,ERR,ERR,ERR,ERR,ERR,ERR,ERR,ERR,ERR,ERR,ERR,ERR,ERR,ERR,ERR,ERR,ERR,0.0,-107615288.0,-134474944.0,0.0,0.0,1.3936040501711995e+18,7.805,0.0,0,0,4,0,8422,0.0,45,0.0,0.0,0.0,0.0,0.0,0,0,0,0,0.0,0,0,0,0,0,0,0,0,0,0,0,0,0,0,0,0,0,0,0,0,0,0,0,0,0,0,0,0,0,0,0,0,0,38,14,7,45,65476,0,300,0,0,8,21553,0.0,-107605600.0,0.0,0.0,0.0,0.0,0.0,0.0,0.0,0.0,0.0,0.0,0.0,0.0,-2.596148429267414e+33,0.0,0.0,0.0,0.0,0.0,0.0,0.0,-2.004,-2.004,-0.0,0.0,0.0,0.0,0.0,0.0,5009.0,0.0,0.0,0.0,-107615288.0,0.0,-0.0,0.0,0.0,0.0,0.0,53,4.066880103266858e+29,-0.0,0.0,0.0,0.0,0.0,0.0,0.0,0.0,0,0,0,0.0,0.0,0.0,0.0,0.0,0.0,0.0,0.0,0.0,0.0,0.0,0.0,0.0,0.0,0.0,0.0,0,-107875648.0,53,0.0,106,-107614832.0,-107350944.0,ERR,ERR,ERR,ERR,ERR,ERR,ERR,ERR,ERR,ERR,ERR,ERR,ERR,ERR,ERR,ERR,ERR,ERR,ERR,ERR,ERR,ERR,ERR,ERR,ERR,ERR,ERR,ERR,ERR,ERR,ERR,ERR,ERR,ERR,ERR,ERR,ERR,ERR,ERR,ERR,ERR,ERR,ERR,ERR,ERR,ERR,ERR,ERR,ERR,ERR,ERR,ERR,ERR,ERR,ERR,ERR,ERR,ERR,ERR,ERR,ERR,ERR,ERR,ERR,ERR,ERR,ERR,50.0,60.0,100,0.0,0.0,0.0,0.0,0.0,0.0,0.0,0.0,0.0,0.0,0.0,0.0,0.0,0.0,0.0,0.0,62.0,65,20,65521,50,65476,0,300,0,0,8,20529,65476,0,0,26214,60.0,0.0,0.0,0.0,0.0,0.0
2026-05-17T16:14:35,ERR,ERR,ERR,ERR,ERR,ERR,ERR,ERR,ERR,ERR,ERR,ERR,ERR,ERR,ERR,ERR,ERR,ERR,ERR,ERR,ERR,ERR,ERR,ERR,ERR,ERR,ERR,ERR,ERR,ERR,ERR,ERR,ERR,ERR,ERR,ERR,ERR,ERR,ERR,ERR,ERR,ERR,ERR,ERR,ERR,ERR,ERR,ERR,ERR,ERR,ERR,ERR,ERR,ERR,ERR,ERR,ERR,ERR,ERR,ERR,ERR,ERR,ERR,ERR,ERR,ERR,ERR,ERR,ERR,ERR,ERR,ERR,ERR,ERR,ERR,ERR,ERR,ERR,ERR,ERR,ERR,ERR,ERR,ERR,ERR,ERR,ERR,ERR,ERR,ERR,ERR,ERR,ERR,ERR,ERR,ERR,ERR,ERR,ERR,ERR,ERR,ERR,ERR,ERR,ERR,ERR,ERR,ERR,ERR,ERR,ERR,ERR,ERR,ERR,ERR,ERR,ERR,ERR,ERR,ERR,ERR,ERR,ERR,ERR,ERR,0.0,-107615288.0,-134474944.0,0.0,0.0,1.3936040501711995e+18,7.805,0.0,0,0,4,0,8422,0.0,45,0.0,0.0,0.0,0.0,0.0,0,0,0,0,0.0,0,0,0,0,0,0,0,0,0,0,0,0,0,0,0,0,0,0,0,0,0,0,0,0,0,0,0,0,0,0,0,0,0,38,14,7,45,65476,0,300,0,0,8,21553,0.0,-107605600.0,0.0,0.0,0.0,0.0,0.0,0.0,0.0,0.0,0.0,0.0,0.0,0.0,-2.596148429267414e+33,0.0,0.0,0.0,0.0,0.0,0.0,0.0,-2.004,-2.004,-0.0,0.0,0.0,0.0,0.0,0.0,5009.0,0.0,0.0,0.0,-107615288.0,0.0,-0.0,0.0,0.0,0.0,0.0,53,4.066880103266858e+29,-0.0,0.0,0.0,0.0,0.0,0.0,0.0,0.0,0,0,0,0.0,0.0,0.0,0.0,0.0,0.0,0.0,0.0,0.0,0.0,0.0,0.0,0.0,0.0,0.0,0.0,0,-107875648.0,53,0.0,106,-107614832.0,-107350944.0,ERR,ERR,ERR,ERR,ERR,ERR,ERR,ERR,ERR,ERR,ERR,ERR,ERR,ERR,ERR,ERR,ERR,ERR,ERR,ERR,ERR,ERR,ERR,ERR,ERR,ERR,ERR,ERR,ERR,ERR,ERR,ERR,ERR,ERR,ERR,ERR,ERR,ERR,ERR,ERR,ERR,ERR,ERR,ERR,ERR,ERR,ERR,ERR,ERR,ERR,ERR,ERR,ERR,ERR,ERR,ERR,ERR,ERR,ERR,ERR,ERR,ERR,ERR,ERR,ERR,ERR,ERR,50.0,60.0,100,0.0,0.0,0.0,0.0,0.0,0.0,0.0,0.0,0.0,0.0,0.0,0.0,0.0,0.0,0.0,0.0,62.0,65,20,65521,50,65476,0,300,0,0,8,20529,65476,0,0,26214,60.0,0.0,0.0,0.0,0.0,0.0
2026-05-17T16:14:36,ERR,ERR,ERR,ERR,ERR,ERR,ERR,ERR,ERR,ERR,ERR,ERR,ERR,ERR,ERR,ERR,ERR,ERR,ERR,ERR,ERR,ERR,ERR,ERR,ERR,ERR,ERR,ERR,ERR,ERR,ERR,ERR,ERR,ERR,ERR,ERR,ERR,ERR,ERR,ERR,ERR,ERR,ERR,ERR,ERR,ERR,ERR,ERR,ERR,ERR,ERR,ERR,ERR,ERR,ERR,ERR,ERR,ERR,ERR,ERR,ERR,ERR,ERR,ERR,ERR,ERR,ERR,ERR,ERR,ERR,ERR,ERR,ERR,ERR,ERR,ERR,ERR,ERR,ERR,ERR,ERR,ERR,ERR,ERR,ERR,ERR,ERR,ERR,ERR,ERR,ERR,ERR,ERR,ERR,ERR,ERR,ERR,ERR,ERR,ERR,ERR,ERR,ERR,ERR,ERR,ERR,ERR,ERR,ERR,ERR,ERR,ERR,ERR,ERR,ERR,ERR,ERR,ERR,ERR,ERR,ERR,ERR,ERR,ERR,ERR,0.0,-107615288.0,-134474944.0,0.0,0.0,1.3936040501711995e+18,7.805,0.0,0,0,4,0,8422,0.0,45,0.0,0.0,0.0,0.0,0.0,0,0,0,0,0.0,0,0,0,0,0,0,0,0,0,0,0,0,0,0,0,0,0,0,0,0,0,0,0,0,0,0,0,0,0,0,0,0,0,38,14,7,45,65476,0,300,0,0,8,21553,0.0,-107605600.0,0.0,0.0,0.0,0.0,0.0,0.0,0.0,0.0,0.0,0.0,0.0,0.0,-2.596148429267414e+33,0.0,0.0,0.0,0.0,0.0,0.0,0.0,-2.004,-2.004,-0.0,0.0,0.0,0.0,0.0,0.0,5009.0,0.0,0.0,0.0,-107615288.0,0.0,-0.0,0.0,0.0,0.0,0.0,53,4.066880103266858e+29,-0.0,0.0,0.0,0.0,0.0,0.0,0.0,0.0,0,0,0,0.0,0.0,0.0,0.0,0.0,0.0,0.0,0.0,0.0,0.0,0.0,0.0,0.0,0.0,0.0,0.0,0,-107875648.0,53,0.0,106,-107614832.0,-107350944.0,ERR,ERR,ERR,ERR,ERR,ERR,ERR,ERR,ERR,ERR,ERR,ERR,ERR,ERR,ERR,ERR,ERR,ERR,ERR,ERR,ERR,ERR,ERR,ERR,ERR,ERR,ERR,ERR,ERR,ERR,ERR,ERR,ERR,ERR,ERR,ERR,ERR,ERR,ERR,ERR,ERR,ERR,ERR,ERR,ERR,ERR,ERR,ERR,ERR,ERR,ERR,ERR,ERR,ERR,ERR,ERR,ERR,ERR,ERR,ERR,ERR,ERR,ERR,ERR,ERR,ERR,ERR,50.0,60.0,100,0.0,0.0,0.0,0.0,0.0,0.0,0.0,0.0,0.0,0.0,0.0,0.0,0.0,0.0,0.0,0.0,61.6,65,20,65521,50,65476,0,300,0,0,8,20529,65476,0,0,26214,60.0,0.0,0.0,0.0,0.0,0.0
2026-05-17T16:14:37,ERR,ERR,ERR,ERR,ERR,ERR,ERR,ERR,ERR,ERR,ERR,ERR,ERR,ERR,ERR,ERR,ERR,ERR,ERR,ERR,ERR,ERR,ERR,ERR,ERR,ERR,ERR,ERR,ERR,ERR,ERR,ERR,ERR,ERR,ERR,ERR,ERR,ERR,ERR,ERR,ERR,ERR,ERR,ERR,ERR,ERR,ERR,ERR,ERR,ERR,ERR,ERR,ERR,ERR,ERR,ERR,ERR,ERR,ERR,ERR,ERR,ERR,ERR,ERR,ERR,ERR,ERR,ERR,ERR,ERR,ERR,ERR,ERR,ERR,ERR,ERR,ERR,ERR,ERR,ERR,ERR,ERR,ERR,ERR,ERR,ERR,ERR,ERR,ERR,ERR,ERR,ERR,ERR,ERR,ERR,ERR,ERR,ERR,ERR,ERR,ERR,ERR,ERR,ERR,ERR,ERR,ERR,ERR,ERR,ERR,ERR,ERR,ERR,ERR,ERR,ERR,ERR,ERR,ERR,ERR,ERR,ERR,ERR,ERR,ERR,0.0,-107615288.0,-134474944.0,0.0,0.0,1.3936040501711995e+18,7.805,0.0,0,0,4,0,8422,0.0,45,0.0,0.0,0.0,0.0,0.0,0,0,0,0,0.0,0,0,0,0,0,0,0,0,0,0,0,0,0,0,0,0,0,0,0,0,0,0,0,0,0,0,0,0,0,0,0,0,0,38,14,7,45,65476,0,300,0,0,8,21553,0.0,-107605600.0,0.0,0.0,0.0,0.0,0.0,0.0,0.0,0.0,0.0,0.0,0.0,0.0,-2.596148429267414e+33,0.0,0.0,0.0,0.0,0.0,0.0,0.0,-2.004,-2.004,-0.0,0.0,0.0,0.0,0.0,0.0,5009.0,0.0,0.0,0.0,-107615288.0,0.0,-0.0,0.0,0.0,0.0,0.0,53,4.066880103266858e+29,-0.0,0.0,0.0,0.0,0.0,0.0,0.0,0.0,0,0,0,0.0,0.0,0.0,0.0,0.0,0.0,0.0,0.0,0.0,0.0,0.0,0.0,0.0,0.0,0.0,0.0,0,-107875648.0,53,0.0,106,-107614832.0,-107350944.0,ERR,ERR,ERR,ERR,ERR,ERR,ERR,ERR,ERR,ERR,ERR,ERR,ERR,ERR,ERR,ERR,ERR,ERR,ERR,ERR,ERR,ERR,ERR,ERR,ERR,ERR,ERR,ERR,ERR,ERR,ERR,ERR,ERR,ERR,ERR,ERR,ERR,ERR,ERR,ERR,ERR,ERR,ERR,ERR,ERR,ERR,ERR,ERR,ERR,ERR,ERR,ERR,ERR,ERR,ERR,ERR,ERR,ERR,ERR,ERR,ERR,ERR,ERR,ERR,ERR,ERR,ERR,50.0,60.0,100,0.0,0.0,0.0,0.0,0.0,0.0,0.0,0.0,0.0,0.0,0.0,0.0,0.0,0.0,0.0,0.0,61.6,65,20,65521,50,65476,0,300,0,0,8,20529,65476,0,0,26214,60.0,0.0,0.0,0.0,0.0,0.0
2026-05-17T16:14:38,ERR,ERR,ERR,ERR,ERR,ERR,ERR,ERR,ERR,ERR,ERR,ERR,ERR,ERR,ERR,ERR,ERR,ERR,ERR,ERR,ERR,ERR,ERR,ERR,ERR,ERR,ERR,ERR,ERR,ERR,ERR,ERR,ERR,ERR,ERR,ERR,ERR,ERR,ERR,ERR,ERR,ERR,ERR,ERR,ERR,ERR,ERR,ERR,ERR,ERR,ERR,ERR,ERR,ERR,ERR,ERR,ERR,ERR,ERR,ERR,ERR,ERR,ERR,ERR,ERR,ERR,ERR,ERR,ERR,ERR,ERR,ERR,ERR,ERR,ERR,ERR,ERR,ERR,ERR,ERR,ERR,ERR,ERR,ERR,ERR,ERR,ERR,ERR,ERR,ERR,ERR,ERR,ERR,ERR,ERR,ERR,ERR,ERR,ERR,ERR,ERR,ERR,ERR,ERR,ERR,ERR,ERR,ERR,ERR,ERR,ERR,ERR,ERR,ERR,ERR,ERR,ERR,ERR,ERR,ERR,ERR,ERR,ERR,ERR,ERR,0.0,-107615288.0,-134474944.0,0.0,0.0,1.3936040501711995e+18,7.805,0.0,0,0,4,0,8422,0.0,45,0.0,0.0,0.0,0.0,0.0,0,0,0,0,0.0,0,0,0,0,0,0,0,0,0,0,0,0,0,0,0,0,0,0,0,0,0,0,0,0,0,0,0,0,0,0,0,0,0,38,14,7,45,65476,0,300,0,0,8,21553,0.0,-107605600.0,0.0,0.0,0.0,0.0,0.0,0.0,0.0,0.0,0.0,0.0,0.0,0.0,-2.596148429267414e+33,0.0,0.0,0.0,0.0,0.0,0.0,0.0,-2.004,-2.004,-0.0,0.0,0.0,0.0,0.0,0.0,5009.0,0.0,0.0,0.0,-107615288.0,0.0,-0.0,0.0,0.0,0.0,0.0,53,4.066880103266858e+29,-0.0,0.0,0.0,0.0,0.0,0.0,0.0,0.0,0,0,0,0.0,0.0,0.0,0.0,0.0,0.0,0.0,0.0,0.0,0.0,0.0,0.0,0.0,0.0,0.0,0.0,0,-107875648.0,53,0.0,106,-107614832.0,-107350944.0,ERR,ERR,ERR,ERR,ERR,ERR,ERR,ERR,ERR,ERR,ERR,ERR,ERR,ERR,ERR,ERR,ERR,ERR,ERR,ERR,ERR,ERR,ERR,ERR,ERR,ERR,ERR,ERR,ERR,ERR,ERR,ERR,ERR,ERR,ERR,ERR,ERR,ERR,ERR,ERR,ERR,ERR,ERR,ERR,ERR,ERR,ERR,ERR,ERR,ERR,ERR,ERR,ERR,ERR,ERR,ERR,ERR,ERR,ERR,ERR,ERR,ERR,ERR,ERR,ERR,ERR,ERR,50.0,60.0,100,0.0,0.0,0.0,0.0,0.0,0.0,0.0,0.0,0.0,0.0,0.0,0.0,0.0,0.0,0.0,0.0,62.0,65,20,65521,50,65476,0,300,0,0,8,20529,65476,0,0,26214,60.0,0.0,0.0,0.0,0.0,0.0
2026-05-17T16:14:39,ERR,ERR,ERR,ERR,ERR,ERR,ERR,ERR,ERR,ERR,ERR,ERR,ERR,ERR,ERR,ERR,ERR,ERR,ERR,ERR,ERR,ERR,ERR,ERR,ERR,ERR,ERR,ERR,ERR,ERR,ERR,ERR,ERR,ERR,ERR,ERR,ERR,ERR,ERR,ERR,ERR,ERR,ERR,ERR,ERR,ERR,ERR,ERR,ERR,ERR,ERR,ERR,ERR,ERR,ERR,ERR,ERR,ERR,ERR,ERR,ERR,ERR,ERR,ERR,ERR,ERR,ERR,ERR,ERR,ERR,ERR,ERR,ERR,ERR,ERR,ERR,ERR,ERR,ERR,ERR,ERR,ERR,ERR,ERR,ERR,ERR,ERR,ERR,ERR,ERR,ERR,ERR,ERR,ERR,ERR,ERR,ERR,ERR,ERR,ERR,ERR,ERR,ERR,ERR,ERR,ERR,ERR,ERR,ERR,ERR,ERR,ERR,ERR,ERR,ERR,ERR,ERR,ERR,ERR,ERR,ERR,ERR,ERR,ERR,ERR,0.0,-107615288.0,-134474944.0,0.0,0.0,1.3936040501711995e+18,7.805,0.0,0,0,4,0,8422,0.0,45,0.0,0.0,0.0,0.0,0.0,0,0,0,0,0.0,0,0,0,0,0,0,0,0,0,0,0,0,0,0,0,0,0,0,0,0,0,0,0,0,0,0,0,0,0,0,0,0,0,38,14,7,45,65476,0,300,0,0,8,21553,0.0,-107605600.0,0.0,0.0,0.0,0.0,0.0,0.0,0.0,0.0,0.0,0.0,0.0,0.0,0.0,0.0,0.0,0.0,0.0,0.0,0.0,0.0,-2.004,-0.0,-0.0,0.0,0.0,0.0,0.0,0.0,5010.0,0.0,0.0,0.0,-107615288.0,0.0,-0.0,0.0,0.0,0.0,0.0,53,4.066880103266858e+29,0.0,0.0,0.0,0.0,0.0,0.0,0.0,0.0,0,0,0,0.0,0.0,0.0,0.0,0.0,0.0,0.0,0.0,0.0,0.0,0.0,0.0,0.0,0.0,0.0,0.0,0,-107875648.0,53,0.0,106,-107614832.0,-107350944.0,ERR,ERR,ERR,ERR,ERR,ERR,ERR,ERR,ERR,ERR,ERR,ERR,ERR,ERR,ERR,ERR,ERR,ERR,ERR,ERR,ERR,ERR,ERR,ERR,ERR,ERR,ERR,ERR,ERR,ERR,ERR,ERR,ERR,ERR,ERR,ERR,ERR,ERR,ERR,ERR,ERR,ERR,ERR,ERR,ERR,ERR,ERR,ERR,ERR,ERR,ERR,ERR,ERR,ERR,ERR,ERR,ERR,ERR,ERR,ERR,ERR,ERR,ERR,ERR,ERR,ERR,ERR,50.0,60.0,100,0.0,0.0,0.0,0.0,0.0,0.0,0.0,0.0,0.0,0.0,0.0,0.0,0.0,0.0,0.0,0.0,61.6,65,20,65521,50,65476,0,300,0,0,8,20529,65476,0,0,26214,60.0,0.0,0.0,0.0,0.0,0.0
2026-05-17T16:14:40,ERR,ERR,ERR,ERR,ERR,ERR,ERR,ERR,ERR,ERR,ERR,ERR,ERR,ERR,ERR,ERR,ERR,ERR,ERR,ERR,ERR,ERR,ERR,ERR,ERR,ERR,ERR,ERR,ERR,ERR,ERR,ERR,ERR,ERR,ERR,ERR,ERR,ERR,ERR,ERR,ERR,ERR,ERR,ERR,ERR,ERR,ERR,ERR,ERR,ERR,ERR,ERR,ERR,ERR,ERR,ERR,ERR,ERR,ERR,ERR,ERR,ERR,ERR,ERR,ERR,ERR,ERR,ERR,ERR,ERR,ERR,ERR,ERR,ERR,ERR,ERR,ERR,ERR,ERR,ERR,ERR,ERR,ERR,ERR,ERR,ERR,ERR,ERR,ERR,ERR,ERR,ERR,ERR,ERR,ERR,ERR,ERR,ERR,ERR,ERR,ERR,ERR,ERR,ERR,ERR,ERR,ERR,ERR,ERR,ERR,ERR,ERR,ERR,ERR,ERR,ERR,ERR,ERR,ERR,ERR,ERR,ERR,ERR,ERR,ERR,0.0,-107615288.0,-134474944.0,0.0,0.0,1.3936040501711995e+18,7.805,0.0,0,0,4,0,8422,0.0,45,0.0,0.0,0.0,0.0,0.0,0,0,0,0,0.0,0,0,0,0,0,0,0,0,0,0,0,0,0,0,0,0,0,0,0,0,0,0,0,0,0,0,0,0,0,0,0,0,0,38,14,7,45,65476,0,300,0,0,8,21553,0.0,-107605600.0,0.0,0.0,0.0,0.0,0.0,0.0,0.0,0.0,0.0,0.0,0.0,0.0,0.0,0.0,0.0,0.0,0.0,0.0,0.0,0.0,-2.004,-0.0,-0.0,0.0,0.0,0.0,0.0,0.0,5010.0,0.0,0.0,0.0,-107615288.0,0.0,-0.0,0.0,0.0,0.0,0.0,53,4.066880103266858e+29,0.0,0.0,0.0,0.0,0.0,0.0,0.0,0.0,0,0,0,0.0,0.0,0.0,0.0,0.0,0.0,0.0,0.0,0.0,0.0,0.0,0.0,0.0,0.0,0.0,0.0,0,-107875648.0,53,0.0,106,-107614832.0,-107350944.0,ERR,ERR,ERR,ERR,ERR,ERR,ERR,ERR,ERR,ERR,ERR,ERR,ERR,ERR,ERR,ERR,ERR,ERR,ERR,ERR,ERR,ERR,ERR,ERR,ERR,ERR,ERR,ERR,ERR,ERR,ERR,ERR,ERR,ERR,ERR,ERR,ERR,ERR,ERR,ERR,ERR,ERR,ERR,ERR,ERR,ERR,ERR,ERR,ERR,ERR,ERR,ERR,ERR,ERR,ERR,ERR,ERR,ERR,ERR,ERR,ERR,ERR,ERR,ERR,ERR,ERR,ERR,50.0,60.0,100,0.0,0.0,0.0,0.0,0.0,0.0,0.0,0.0,0.0,0.0,0.0,0.0,0.0,0.0,0.0,0.0,61.6,65,20,65521,50,65476,0,300,0,0,8,20529,65476,0,0,26214,60.0,0.0,0.0,0.0,0.0,0.0
2026-05-17T16:14:41,ERR,ERR,ERR,ERR,ERR,ERR,ERR,ERR,ERR,ERR,ERR,ERR,ERR,ERR,ERR,ERR,ERR,ERR,ERR,ERR,ERR,ERR,ERR,ERR,ERR,ERR,ERR,ERR,ERR,ERR,ERR,ERR,ERR,ERR,ERR,ERR,ERR,ERR,ERR,ERR,ERR,ERR,ERR,ERR,ERR,ERR,ERR,ERR,ERR,ERR,ERR,ERR,ERR,ERR,ERR,ERR,ERR,ERR,ERR,ERR,ERR,ERR,ERR,ERR,ERR,ERR,ERR,ERR,ERR,ERR,ERR,ERR,ERR,ERR,ERR,ERR,ERR,ERR,ERR,ERR,ERR,ERR,ERR,ERR,ERR,ERR,ERR,ERR,ERR,ERR,ERR,ERR,ERR,ERR,ERR,ERR,ERR,ERR,ERR,ERR,ERR,ERR,ERR,ERR,ERR,ERR,ERR,ERR,ERR,ERR,ERR,ERR,ERR,ERR,ERR,ERR,ERR,ERR,ERR,ERR,ERR,ERR,ERR,ERR,ERR,0.0,-107615288.0,-134474944.0,0.0,0.0,1.3936040501711995e+18,7.805,0.0,0,0,4,0,8422,0.0,45,0.0,0.0,0.0,0.0,0.0,0,0,0,0,0.0,0,0,0,0,0,0,0,0,0,0,0,0,0,0,0,0,0,0,0,0,0,0,0,0,0,0,0,0,0,0,0,0,0,38,14,7,45,65476,0,300,0,0,8,21553,0.0,-107605600.0,0.0,0.0,0.0,0.0,0.0,0.0,0.0,0.0,0.0,0.0,0.0,0.0,0.0,0.0,0.0,0.0,0.0,0.0,0.0,0.0,-2.004,-0.0,-0.0,0.0,0.0,0.0,0.0,0.0,5010.0,0.0,0.0,0.0,-107615288.0,0.0,-0.0,0.0,0.0,0.0,0.0,53,4.066880103266858e+29,0.0,0.0,0.0,0.0,0.0,0.0,0.0,0.0,0,0,0,0.0,0.0,0.0,0.0,0.0,0.0,0.0,0.0,0.0,0.0,0.0,0.0,0.0,0.0,0.0,0.0,0,-107875648.0,53,0.0,106,-107614832.0,-107350944.0,ERR,ERR,ERR,ERR,ERR,ERR,ERR,ERR,ERR,ERR,ERR,ERR,ERR,ERR,ERR,ERR,ERR,ERR,ERR,ERR,ERR,ERR,ERR,ERR,ERR,ERR,ERR,ERR,ERR,ERR,ERR,ERR,ERR,ERR,ERR,ERR,ERR,ERR,ERR,ERR,ERR,ERR,ERR,ERR,ERR,ERR,ERR,ERR,ERR,ERR,ERR,ERR,ERR,ERR,ERR,ERR,ERR,ERR,ERR,ERR,ERR,ERR,ERR,ERR,ERR,ERR,ERR,50.0,60.0,100,0.0,0.0,0.0,0.0,0.0,0.0,0.0,0.0,0.0,0.0,0.0,0.0,0.0,0.0,0.0,0.0,62.0,65,20,65521,50,65476,0,300,0,0,8,20529,65476,0,0,26214,60.0,0.0,0.0,0.0,0.0,0.0
2026-05-17T16:14:42,ERR,ERR,ERR,ERR,ERR,ERR,ERR,ERR,ERR,ERR,ERR,ERR,ERR,ERR,ERR,ERR,ERR,ERR,ERR,ERR,ERR,ERR,ERR,ERR,ERR,ERR,ERR,ERR,ERR,ERR,ERR,ERR,ERR,ERR,ERR,ERR,ERR,ERR,ERR,ERR,ERR,ERR,ERR,ERR,ERR,ERR,ERR,ERR,ERR,ERR,ERR,ERR,ERR,ERR,ERR,ERR,ERR,ERR,ERR,ERR,ERR,ERR,ERR,ERR,ERR,ERR,ERR,ERR,ERR,ERR,ERR,ERR,ERR,ERR,ERR,ERR,ERR,ERR,ERR,ERR,ERR,ERR,ERR,ERR,ERR,ERR,ERR,ERR,ERR,ERR,ERR,ERR,ERR,ERR,ERR,ERR,ERR,ERR,ERR,ERR,ERR,ERR,ERR,ERR,ERR,ERR,ERR,ERR,ERR,ERR,ERR,ERR,ERR,ERR,ERR,ERR,ERR,ERR,ERR,ERR,ERR,ERR,ERR,ERR,ERR,0.0,-107615288.0,-134474944.0,0.0,0.0,1.3936040501711995e+18,7.805,0.0,0,0,4,0,8422,0.0,45,0.0,0.0,0.0,0.0,0.0,0,0,0,0,0.0,0,0,0,0,0,0,0,0,0,0,0,0,0,0,0,0,0,0,0,0,0,0,0,0,0,0,0,0,0,0,0,0,0,38,14,7,45,65476,0,300,0,0,8,21553,0.0,-107605600.0,0.0,0.0,0.0,0.0,0.0,0.0,0.0,0.0,0.0,0.0,0.0,0.0,0.0,0.0,0.0,0.0,0.0,0.0,0.0,0.0,-2.004,-0.0,-0.0,0.0,0.0,0.0,0.0,0.0,5010.0,0.0,0.0,0.0,-107615288.0,0.0,-0.0,0.0,0.0,0.0,0.0,53,4.066880103266858e+29,0.0,0.0,0.0,0.0,0.0,0.0,0.0,0.0,0,0,0,0.0,0.0,0.0,0.0,0.0,0.0,0.0,0.0,0.0,0.0,0.0,0.0,0.0,0.0,0.0,0.0,0,-107875648.0,53,0.0,106,-107614832.0,-107350944.0,ERR,ERR,ERR,ERR,ERR,ERR,ERR,ERR,ERR,ERR,ERR,ERR,ERR,ERR,ERR,ERR,ERR,ERR,ERR,ERR,ERR,ERR,ERR,ERR,ERR,ERR,ERR,ERR,ERR,ERR,ERR,ERR,ERR,ERR,ERR,ERR,ERR,ERR,ERR,ERR,ERR,ERR,ERR,ERR,ERR,ERR,ERR,ERR,ERR,ERR,ERR,ERR,ERR,ERR,ERR,ERR,ERR,ERR,ERR,ERR,ERR,ERR,ERR,ERR,ERR,ERR,ERR,50.0,60.0,100,0.0,0.0,0.0,0.0,0.0,0.0,0.0,0.0,0.0,0.0,0.0,0.0,0.0,0.0,0.0,0.0,62.0,65,20,65521,50,65476,0,300,0,0,8,20529,65476,0,0,26214,60.0,0.0,0.0,0.0,0.0,0.0
2026-05-17T16:14:43,ERR,ERR,ERR,ERR,ERR,ERR,ERR,ERR,ERR,ERR,ERR,ERR,ERR,ERR,ERR,ERR,ERR,ERR,ERR,ERR,ERR,ERR,ERR,ERR,ERR,ERR,ERR,ERR,ERR,ERR,ERR,ERR,ERR,ERR,ERR,ERR,ERR,ERR,ERR,ERR,ERR,ERR,ERR,ERR,ERR,ERR,ERR,ERR,ERR,ERR,ERR,ERR,ERR,ERR,ERR,ERR,ERR,ERR,ERR,ERR,ERR,ERR,ERR,ERR,ERR,ERR,ERR,ERR,ERR,ERR,ERR,ERR,ERR,ERR,ERR,ERR,ERR,ERR,ERR,ERR,ERR,ERR,ERR,ERR,ERR,ERR,ERR,ERR,ERR,ERR,ERR,ERR,ERR,ERR,ERR,ERR,ERR,ERR,ERR,ERR,ERR,ERR,ERR,ERR,ERR,ERR,ERR,ERR,ERR,ERR,ERR,ERR,ERR,ERR,ERR,ERR,ERR,ERR,ERR,ERR,ERR,ERR,ERR,ERR,ERR,0.0,-107615288.0,-134474944.0,0.0,0.0,1.3936040501711995e+18,7.805,0.0,0,0,4,0,8422,0.0,45,0.0,0.0,0.0,0.0,0.0,0,0,0,0,0.0,0,0,0,0,0,0,0,0,0,0,0,0,0,0,0,0,0,0,0,0,0,0,0,0,0,0,0,0,0,0,0,0,0,38,14,7,45,65476,0,300,0,0,8,21553,0.0,-107605600.0,0.0,0.0,0.0,0.0,0.0,0.0,0.0,0.0,0.0,0.0,0.0,0.0,0.0,0.0,0.0,0.0,0.0,0.0,0.0,0.0,-2.004,-0.0,-0.0,0.0,0.0,0.0,0.0,0.0,5010.0,0.0,0.0,0.0,-107615288.0,0.0,-0.0,0.0,0.0,0.0,0.0,53,4.066880103266858e+29,0.0,0.0,0.0,0.0,0.0,0.0,0.0,0.0,0,0,0,0.0,0.0,0.0,0.0,0.0,0.0,0.0,0.0,0.0,0.0,0.0,0.0,0.0,0.0,0.0,0.0,0,-107875648.0,53,0.0,106,-107614832.0,-107350944.0,ERR,ERR,ERR,ERR,ERR,ERR,ERR,ERR,ERR,ERR,ERR,ERR,ERR,ERR,ERR,ERR,ERR,ERR,ERR,ERR,ERR,ERR,ERR,ERR,ERR,ERR,ERR,ERR,ERR,ERR,ERR,ERR,ERR,ERR,ERR,ERR,ERR,ERR,ERR,ERR,ERR,ERR,ERR,ERR,ERR,ERR,ERR,ERR,ERR,ERR,ERR,ERR,ERR,ERR,ERR,ERR,ERR,ERR,ERR,ERR,ERR,ERR,ERR,ERR,ERR,ERR,ERR,50.0,60.0,100,0.0,0.0,0.0,0.0,0.0,0.0,0.0,0.0,0.0,0.0,0.0,0.0,0.0,0.0,0.0,0.0,61.6,65,20,65521,50,65476,0,300,0,0,8,20529,65476,0,0,26214,60.0,0.0,0.0,0.0,0.0,0.0
2026-05-17T16:14:44,ERR,ERR,ERR,ERR,ERR,ERR,ERR,ERR,ERR,ERR,ERR,ERR,ERR,ERR,ERR,ERR,ERR,ERR,ERR,ERR,ERR,ERR,ERR,ERR,ERR,ERR,ERR,ERR,ERR,ERR,ERR,ERR,ERR,ERR,ERR,ERR,ERR,ERR,ERR,ERR,ERR,ERR,ERR,ERR,ERR,ERR,ERR,ERR,ERR,ERR,ERR,ERR,ERR,ERR,ERR,ERR,ERR,ERR,ERR,ERR,ERR,ERR,ERR,ERR,ERR,ERR,ERR,ERR,ERR,ERR,ERR,ERR,ERR,ERR,ERR,ERR,ERR,ERR,ERR,ERR,ERR,ERR,ERR,ERR,ERR,ERR,ERR,ERR,ERR,ERR,ERR,ERR,ERR,ERR,ERR,ERR,ERR,ERR,ERR,ERR,ERR,ERR,ERR,ERR,ERR,ERR,ERR,ERR,ERR,ERR,ERR,ERR,ERR,ERR,ERR,ERR,ERR,ERR,ERR,ERR,ERR,ERR,ERR,ERR,ERR,0.0,-107615288.0,-134474944.0,0.0,0.0,1.3936040501711995e+18,7.805,0.0,0,0,4,0,8422,0.0,45,0.0,0.0,0.0,0.0,0.0,0,0,0,0,0.0,0,0,0,0,0,0,0,0,0,0,0,0,0,0,0,0,0,0,0,0,0,0,0,0,0,0,0,0,0,0,0,0,0,38,14,7,45,65476,0,300,0,0,8,21553,0.0,-107605600.0,0.0,0.0,0.0,0.0,0.0,0.0,0.0,0.0,0.0,0.0,0.0,0.0,0.0,0.0,0.0,0.0,0.0,0.0,0.0,0.0,-2.004,-0.0,-0.0,0.0,0.0,0.0,0.0,0.0,5004.0,-0.0,0.0,0.0,-107615288.0,0.0,-0.0,0.0,0.0,0.0,0.0,53,89221.109,126840537088.0,0.0,0.0,0.0,0.0,0.0,0.0,0.0,0,0,0,0.0,0.0,0.0,0.0,0.0,0.0,0.0,0.0,0.0,0.0,0.0,0.0,0.0,0.0,0.0,0.0,0,-107875648.0,53,0.0,106,-107614832.0,-107350944.0,ERR,ERR,ERR,ERR,ERR,ERR,ERR,ERR,ERR,ERR,ERR,ERR,ERR,ERR,ERR,ERR,ERR,ERR,ERR,ERR,ERR,ERR,ERR,ERR,ERR,ERR,ERR,ERR,ERR,ERR,ERR,ERR,ERR,ERR,ERR,ERR,ERR,ERR,ERR,ERR,ERR,ERR,ERR,ERR,ERR,ERR,ERR,ERR,ERR,ERR,ERR,ERR,ERR,ERR,ERR,ERR,ERR,ERR,ERR,ERR,ERR,ERR,ERR,ERR,ERR,ERR,ERR,50.0,60.0,100,0.0,0.0,0.0,0.0,0.0,0.0,0.0,0.0,0.0,0.0,0.0,0.0,0.0,0.0,0.0,0.0,61.6,65,20,65521,50,65476,0,300,0,0,8,20529,65476,0,0,26214,60.0,0.0,0.0,0.0,0.0,0.0
2026-05-17T16:14:45,ERR,ERR,ERR,ERR,ERR,ERR,ERR,ERR,ERR,ERR,ERR,ERR,ERR,ERR,ERR,ERR,ERR,ERR,ERR,ERR,ERR,ERR,ERR,ERR,ERR,ERR,ERR,ERR,ERR,ERR,ERR,ERR,ERR,ERR,ERR,ERR,ERR,ERR,ERR,ERR,ERR,ERR,ERR,ERR,ERR,ERR,ERR,ERR,ERR,ERR,ERR,ERR,ERR,ERR,ERR,ERR,ERR,ERR,ERR,ERR,ERR,ERR,ERR,ERR,ERR,ERR,ERR,ERR,ERR,ERR,ERR,ERR,ERR,ERR,ERR,ERR,ERR,ERR,ERR,ERR,ERR,ERR,ERR,ERR,ERR,ERR,ERR,ERR,ERR,ERR,ERR,ERR,ERR,ERR,ERR,ERR,ERR,ERR,ERR,ERR,ERR,ERR,ERR,ERR,ERR,ERR,ERR,ERR,ERR,ERR,ERR,ERR,ERR,ERR,ERR,ERR,ERR,ERR,ERR,ERR,ERR,ERR,ERR,ERR,ERR,0.0,-107615288.0,-134474944.0,0.0,0.0,1.3936040501711995e+18,7.805,0.0,0,0,4,0,8422,0.0,45,0.0,0.0,0.0,0.0,0.0,0,0,0,0,0.0,0,0,0,0,0,0,0,0,0,0,0,0,0,0,0,0,0,0,0,0,0,0,0,0,0,0,0,0,0,0,0,0,0,38,14,7,45,65476,0,300,0,0,8,21553,0.0,-107605600.0,0.0,0.0,0.0,0.0,0.0,0.0,0.0,0.0,0.0,0.0,0.0,0.0,0.0,0.0,0.0,0.0,0.0,0.0,0.0,0.0,-2.004,-0.0,-0.0,0.0,0.0,0.0,0.0,0.0,5004.0,-0.0,0.0,0.0,-107615288.0,0.0,-0.0,0.0,0.0,0.0,0.0,53,89221.109,126840537088.0,0.0,0.0,0.0,0.0,0.0,0.0,0.0,0,0,0,0.0,0.0,0.0,0.0,0.0,0.0,0.0,0.0,0.0,0.0,0.0,0.0,0.0,0.0,0.0,0.0,0,-107875648.0,53,0.0,106,-107614832.0,-107350944.0,ERR,ERR,ERR,ERR,ERR,ERR,ERR,ERR,ERR,ERR,ERR,ERR,ERR,ERR,ERR,ERR,ERR,ERR,ERR,ERR,ERR,ERR,ERR,ERR,ERR,ERR,ERR,ERR,ERR,ERR,ERR,ERR,ERR,ERR,ERR,ERR,ERR,ERR,ERR,ERR,ERR,ERR,ERR,ERR,ERR,ERR,ERR,ERR,ERR,ERR,ERR,ERR,ERR,ERR,ERR,ERR,ERR,ERR,ERR,ERR,ERR,ERR,ERR,ERR,ERR,ERR,ERR,50.0,60.0,100,0.0,0.0,0.0,0.0,0.0,0.0,0.0,0.0,0.0,0.0,0.0,0.0,0.0,0.0,0.0,0.0,61.6,65,20,65521,50,65476,0,300,0,0,8,20529,65476,0,0,26214,60.0,0.0,0.0,0.0,0.0,0.0
2026-05-17T16:14:46,ERR,ERR,ERR,ERR,ERR,ERR,ERR,ERR,ERR,ERR,ERR,ERR,ERR,ERR,ERR,ERR,ERR,ERR,ERR,ERR,ERR,ERR,ERR,ERR,ERR,ERR,ERR,ERR,ERR,ERR,ERR,ERR,ERR,ERR,ERR,ERR,ERR,ERR,ERR,ERR,ERR,ERR,ERR,ERR,ERR,ERR,ERR,ERR,ERR,ERR,ERR,ERR,ERR,ERR,ERR,ERR,ERR,ERR,ERR,ERR,ERR,ERR,ERR,ERR,ERR,ERR,ERR,ERR,ERR,ERR,ERR,ERR,ERR,ERR,ERR,ERR,ERR,ERR,ERR,ERR,ERR,ERR,ERR,ERR,ERR,ERR,ERR,ERR,ERR,ERR,ERR,ERR,ERR,ERR,ERR,ERR,ERR,ERR,ERR,ERR,ERR,ERR,ERR,ERR,ERR,ERR,ERR,ERR,ERR,ERR,ERR,ERR,ERR,ERR,ERR,ERR,ERR,ERR,ERR,ERR,ERR,ERR,ERR,ERR,ERR,0.0,-107615288.0,-134474944.0,0.0,0.0,1.3936040501711995e+18,7.805,0.0,0,0,4,0,8422,0.0,45,0.0,0.0,0.0,0.0,0.0,0,0,0,0,0.0,0,0,0,0,0,0,0,0,0,0,0,0,0,0,0,0,0,0,0,0,0,0,0,0,0,0,0,0,0,0,0,0,0,38,14,7,45,65476,0,300,0,0,8,21553,0.0,-107605600.0,0.0,0.0,0.0,0.0,0.0,0.0,0.0,0.0,0.0,0.0,0.0,0.0,0.0,0.0,0.0,0.0,0.0,0.0,0.0,0.0,-2.004,-0.0,-0.0,0.0,0.0,0.0,0.0,0.0,5004.0,-0.0,0.0,0.0,-107615288.0,0.0,-0.0,0.0,0.0,0.0,0.0,53,89221.109,126840537088.0,0.0,0.0,0.0,0.0,0.0,0.0,0.0,0,0,0,0.0,0.0,0.0,0.0,0.0,0.0,0.0,0.0,0.0,0.0,0.0,0.0,0.0,0.0,0.0,0.0,0,-107875648.0,53,0.0,106,-107614832.0,-107350944.0,ERR,ERR,ERR,ERR,ERR,ERR,ERR,ERR,ERR,ERR,ERR,ERR,ERR,ERR,ERR,ERR,ERR,ERR,ERR,ERR,ERR,ERR,ERR,ERR,ERR,ERR,ERR,ERR,ERR,ERR,ERR,ERR,ERR,ERR,ERR,ERR,ERR,ERR,ERR,ERR,ERR,ERR,ERR,ERR,ERR,ERR,ERR,ERR,ERR,ERR,ERR,ERR,ERR,ERR,ERR,ERR,ERR,ERR,ERR,ERR,ERR,ERR,ERR,ERR,ERR,ERR,ERR,50.0,60.0,100,0.0,0.0,0.0,0.0,0.0,0.0,0.0,0.0,0.0,0.0,0.0,0.0,0.0,0.0,0.0,0.0,61.6,65,20,65521,50,65476,0,300,0,0,8,20529,65476,0,0,26214,60.0,0.0,0.0,0.0,0.0,0.0
2026-05-17T16:14:47,ERR,ERR,ERR,ERR,ERR,ERR,ERR,ERR,ERR,ERR,ERR,ERR,ERR,ERR,ERR,ERR,ERR,ERR,ERR,ERR,ERR,ERR,ERR,ERR,ERR,ERR,ERR,ERR,ERR,ERR,ERR,ERR,ERR,ERR,ERR,ERR,ERR,ERR,ERR,ERR,ERR,ERR,ERR,ERR,ERR,ERR,ERR,ERR,ERR,ERR,ERR,ERR,ERR,ERR,ERR,ERR,ERR,ERR,ERR,ERR,ERR,ERR,ERR,ERR,ERR,ERR,ERR,ERR,ERR,ERR,ERR,ERR,ERR,ERR,ERR,ERR,ERR,ERR,ERR,ERR,ERR,ERR,ERR,ERR,ERR,ERR,ERR,ERR,ERR,ERR,ERR,ERR,ERR,ERR,ERR,ERR,ERR,ERR,ERR,ERR,ERR,ERR,ERR,ERR,ERR,ERR,ERR,ERR,ERR,ERR,ERR,ERR,ERR,ERR,ERR,ERR,ERR,ERR,ERR,ERR,ERR,ERR,ERR,ERR,ERR,0.0,-107615288.0,-134474944.0,0.0,0.0,1.3936040501711995e+18,7.805,0.0,0,0,4,0,8422,0.0,45,0.0,0.0,0.0,0.0,0.0,0,0,0,0,0.0,0,0,0,0,0,0,0,0,0,0,0,0,0,0,0,0,0,0,0,0,0,0,0,0,0,0,0,0,0,0,0,0,0,38,14,7,45,65476,0,300,0,0,8,21553,0.0,-107605600.0,0.0,0.0,0.0,0.0,0.0,0.0,0.0,0.0,0.0,0.0,0.0,0.0,0.0,0.0,0.0,0.0,0.0,0.0,0.0,0.0,-2.004,-0.0,-0.0,0.0,0.0,0.0,0.0,0.0,5004.0,-0.0,0.0,0.0,-107615288.0,0.0,-0.0,0.0,0.0,0.0,0.0,53,89221.109,126840537088.0,0.0,0.0,0.0,0.0,0.0,0.0,0.0,0,0,0,0.0,0.0,0.0,0.0,0.0,0.0,0.0,0.0,0.0,0.0,0.0,0.0,0.0,0.0,0.0,0.0,0,-107875648.0,53,0.0,106,-107614832.0,-107350944.0,ERR,ERR,ERR,ERR,ERR,ERR,ERR,ERR,ERR,ERR,ERR,ERR,ERR,ERR,ERR,ERR,ERR,ERR,ERR,ERR,ERR,ERR,ERR,ERR,ERR,ERR,ERR,ERR,ERR,ERR,ERR,ERR,ERR,ERR,ERR,ERR,ERR,ERR,ERR,ERR,ERR,ERR,ERR,ERR,ERR,ERR,ERR,ERR,ERR,ERR,ERR,ERR,ERR,ERR,ERR,ERR,ERR,ERR,ERR,ERR,ERR,ERR,ERR,ERR,ERR,ERR,ERR,50.0,60.0,100,0.0,0.0,0.0,0.0,0.0,0.0,0.0,0.0,0.0,0.0,0.0,0.0,0.0,0.0,0.0,0.0,61.6,65,20,65521,50,65476,0,300,0,0,8,20529,65476,0,0,26214,60.0,0.0,0.0,0.0,0.0,0.0
2026-05-17T16:14:48,ERR,ERR,ERR,ERR,ERR,ERR,ERR,ERR,ERR,ERR,ERR,ERR,ERR,ERR,ERR,ERR,ERR,ERR,ERR,ERR,ERR,ERR,ERR,ERR,ERR,ERR,ERR,ERR,ERR,ERR,ERR,ERR,ERR,ERR,ERR,ERR,ERR,ERR,ERR,ERR,ERR,ERR,ERR,ERR,ERR,ERR,ERR,ERR,ERR,ERR,ERR,ERR,ERR,ERR,ERR,ERR,ERR,ERR,ERR,ERR,ERR,ERR,ERR,ERR,ERR,ERR,ERR,ERR,ERR,ERR,ERR,ERR,ERR,ERR,ERR,ERR,ERR,ERR,ERR,ERR,ERR,ERR,ERR,ERR,ERR,ERR,ERR,ERR,ERR,ERR,ERR,ERR,ERR,ERR,ERR,ERR,ERR,ERR,ERR,ERR,ERR,ERR,ERR,ERR,ERR,ERR,ERR,ERR,ERR,ERR,ERR,ERR,ERR,ERR,ERR,ERR,ERR,ERR,ERR,ERR,ERR,ERR,ERR,ERR,ERR,0.0,-107615288.0,-134474944.0,0.0,0.0,1.3936040501711995e+18,7.805,0.0,0,0,4,0,8422,0.0,45,0.0,0.0,0.0,0.0,0.0,0,0,0,0,0.0,0,0,0,0,0,0,0,0,0,0,0,0,0,0,0,0,0,0,0,0,0,0,0,0,0,0,0,0,0,0,0,0,0,38,14,7,45,65476,0,300,0,0,8,21553,0.0,-107605600.0,0.0,0.0,0.0,0.0,0.0,0.0,0.0,0.0,0.0,0.0,0.0,0.0,0.0,0.0,0.0,0.0,0.0,0.0,0.0,0.0,-2.004,-0.0,-0.0,0.0,0.0,0.0,0.0,0.0,5004.0,-0.0,0.0,0.0,-107615288.0,0.0,-0.0,0.0,0.0,0.0,0.0,53,89221.109,126840537088.0,0.0,0.0,0.0,0.0,0.0,0.0,0.0,0,0,0,0.0,0.0,0.0,0.0,0.0,0.0,0.0,0.0,0.0,0.0,0.0,0.0,0.0,0.0,0.0,0.0,0,-107875648.0,53,0.0,106,-107614832.0,-107350944.0,ERR,ERR,ERR,ERR,ERR,ERR,ERR,ERR,ERR,ERR,ERR,ERR,ERR,ERR,ERR,ERR,ERR,ERR,ERR,ERR,ERR,ERR,ERR,ERR,ERR,ERR,ERR,ERR,ERR,ERR,ERR,ERR,ERR,ERR,ERR,ERR,ERR,ERR,ERR,ERR,ERR,ERR,ERR,ERR,ERR,ERR,ERR,ERR,ERR,ERR,ERR,ERR,ERR,ERR,ERR,ERR,ERR,ERR,ERR,ERR,ERR,ERR,ERR,ERR,ERR,ERR,ERR,50.0,60.0,100,0.0,0.0,0.0,0.0,0.0,0.0,0.0,0.0,0.0,0.0,0.0,0.0,0.0,0.0,0.0,0.0,62.0,65,20,65521,50,65476,0,300,0,0,8,20529,65476,0,0,26214,60.0,0.0,0.0,0.0,0.0,0.0
2026-05-17T16:14:49,ERR,ERR,ERR,ERR,ERR,ERR,ERR,ERR,ERR,ERR,ERR,ERR,ERR,ERR,ERR,ERR,ERR,ERR,ERR,ERR,ERR,ERR,ERR,ERR,ERR,ERR,ERR,ERR,ERR,ERR,ERR,ERR,ERR,ERR,ERR,ERR,ERR,ERR,ERR,ERR,ERR,ERR,ERR,ERR,ERR,ERR,ERR,ERR,ERR,ERR,ERR,ERR,ERR,ERR,ERR,ERR,ERR,ERR,ERR,ERR,ERR,ERR,ERR,ERR,ERR,ERR,ERR,ERR,ERR,ERR,ERR,ERR,ERR,ERR,ERR,ERR,ERR,ERR,ERR,ERR,ERR,ERR,ERR,ERR,ERR,ERR,ERR,ERR,ERR,ERR,ERR,ERR,ERR,ERR,ERR,ERR,ERR,ERR,ERR,ERR,ERR,ERR,ERR,ERR,ERR,ERR,ERR,ERR,ERR,ERR,ERR,ERR,ERR,ERR,ERR,ERR,ERR,ERR,ERR,ERR,ERR,ERR,ERR,ERR,ERR,0.0,-107615288.0,-134474944.0,0.0,0.0,1.3936040501711995e+18,7.805,0.0,0,0,4,0,8422,0.0,45,0.0,0.0,0.0,0.0,0.0,0,0,0,0,0.0,0,0,0,0,0,0,0,0,0,0,0,0,0,0,0,0,0,0,0,0,0,0,0,0,0,0,0,0,0,0,0,0,0,38,14,7,45,65476,0,300,0,0,8,21553,0.0,-107605600.0,0.0,0.0,0.0,0.0,0.0,0.0,0.0,0.0,0.0,0.0,0.0,0.0,0.0,0.0,0.0,0.0,0.0,0.0,0.0,0.0,-2.004,-2.004,-0.0,0.0,0.0,0.0,0.0,0.0,5001.0,1.5879293531142762e+29,0.0,0.0,-107615288.0,0.0,-0.0,0.0,0.0,0.0,0.0,53,126841110528.0,0.059,0.0,0.0,0.0,0.0,0.0,0.0,0.0,0,0,0,0.0,0.0,0.0,0.0,0.0,0.0,0.0,0.0,0.0,0.0,0.0,0.0,0.0,0.0,0.0,0.0,0,-107875648.0,53,0.0,106,-107614832.0,-107350944.0,ERR,ERR,ERR,ERR,ERR,ERR,ERR,ERR,ERR,ERR,ERR,ERR,ERR,ERR,ERR,ERR,ERR,ERR,ERR,ERR,ERR,ERR,ERR,ERR,ERR,ERR,ERR,ERR,ERR,ERR,ERR,ERR,ERR,ERR,ERR,ERR,ERR,ERR,ERR,ERR,ERR,ERR,ERR,ERR,ERR,ERR,ERR,ERR,ERR,ERR,ERR,ERR,ERR,ERR,ERR,ERR,ERR,ERR,ERR,ERR,ERR,ERR,ERR,ERR,ERR,ERR,ERR,50.0,60.0,100,0.0,0.0,0.0,0.0,0.0,0.0,0.0,0.0,0.0,0.0,0.0,0.0,0.0,0.0,0.0,0.0,62.0,65,20,65521,50,65476,0,300,0,0,8,20529,65476,0,0,26214,60.0,0.0,0.0,0.0,0.0,0.0
2026-05-17T16:14:50,ERR,ERR,ERR,ERR,ERR,ERR,ERR,ERR,ERR,ERR,ERR,ERR,ERR,ERR,ERR,ERR,ERR,ERR,ERR,ERR,ERR,ERR,ERR,ERR,ERR,ERR,ERR,ERR,ERR,ERR,ERR,ERR,ERR,ERR,ERR,ERR,ERR,ERR,ERR,ERR,ERR,ERR,ERR,ERR,ERR,ERR,ERR,ERR,ERR,ERR,ERR,ERR,ERR,ERR,ERR,ERR,ERR,ERR,ERR,ERR,ERR,ERR,ERR,ERR,ERR,ERR,ERR,ERR,ERR,ERR,ERR,ERR,ERR,ERR,ERR,ERR,ERR,ERR,ERR,ERR,ERR,ERR,ERR,ERR,ERR,ERR,ERR,ERR,ERR,ERR,ERR,ERR,ERR,ERR,ERR,ERR,ERR,ERR,ERR,ERR,ERR,ERR,ERR,ERR,ERR,ERR,ERR,ERR,ERR,ERR,ERR,ERR,ERR,ERR,ERR,ERR,ERR,ERR,ERR,ERR,ERR,ERR,ERR,ERR,ERR,0.0,-107615288.0,-134474944.0,0.0,0.0,1.3936040501711995e+18,7.805,0.0,0,0,4,0,8422,0.0,45,0.0,0.0,0.0,0.0,0.0,0,0,0,0,0.0,0,0,0,0,0,0,0,0,0,0,0,0,0,0,0,0,0,0,0,0,0,0,0,0,0,0,0,0,0,0,0,0,0,38,14,7,45,65476,0,300,0,0,8,21553,0.0,-107605600.0,0.0,0.0,0.0,0.0,0.0,0.0,0.0,0.0,0.0,0.0,0.0,0.0,0.0,0.0,0.0,0.0,0.0,0.0,0.0,0.0,-2.004,-2.004,-0.0,0.0,0.0,0.0,0.0,0.0,5001.0,1.5879293531142762e+29,0.0,0.0,-107615288.0,0.0,-0.0,0.0,0.0,0.0,0.0,53,126841110528.0,0.059,0.0,0.0,0.0,0.0,0.0,0.0,0.0,0,0,0,0.0,0.0,0.0,0.0,0.0,0.0,0.0,0.0,0.0,0.0,0.0,0.0,0.0,0.0,0.0,0.0,0,-107875648.0,53,0.0,106,-107614832.0,-107350944.0,ERR,ERR,ERR,ERR,ERR,ERR,ERR,ERR,ERR,ERR,ERR,ERR,ERR,ERR,ERR,ERR,ERR,ERR,ERR,ERR,ERR,ERR,ERR,ERR,ERR,ERR,ERR,ERR,ERR,ERR,ERR,ERR,ERR,ERR,ERR,ERR,ERR,ERR,ERR,ERR,ERR,ERR,ERR,ERR,ERR,ERR,ERR,ERR,ERR,ERR,ERR,ERR,ERR,ERR,ERR,ERR,ERR,ERR,ERR,ERR,ERR,ERR,ERR,ERR,ERR,ERR,ERR,50.0,60.0,100,0.0,0.0,0.0,0.0,0.0,0.0,0.0,0.0,0.0,0.0,0.0,0.0,0.0,0.0,0.0,0.0,61.6,65,20,65521,50,65476,0,300,0,0,8,20529,65476,0,0,26214,60.0,0.0,0.0,0.0,0.0,0.0
2026-05-17T16:14:51,ERR,ERR,ERR,ERR,ERR,ERR,ERR,ERR,ERR,ERR,ERR,ERR,ERR,ERR,ERR,ERR,ERR,ERR,ERR,ERR,ERR,ERR,ERR,ERR,ERR,ERR,ERR,ERR,ERR,ERR,ERR,ERR,ERR,ERR,ERR,ERR,ERR,ERR,ERR,ERR,ERR,ERR,ERR,ERR,ERR,ERR,ERR,ERR,ERR,ERR,ERR,ERR,ERR,ERR,ERR,ERR,ERR,ERR,ERR,ERR,ERR,ERR,ERR,ERR,ERR,ERR,ERR,ERR,ERR,ERR,ERR,ERR,ERR,ERR,ERR,ERR,ERR,ERR,ERR,ERR,ERR,ERR,ERR,ERR,ERR,ERR,ERR,ERR,ERR,ERR,ERR,ERR,ERR,ERR,ERR,ERR,ERR,ERR,ERR,ERR,ERR,ERR,ERR,ERR,ERR,ERR,ERR,ERR,ERR,ERR,ERR,ERR,ERR,ERR,ERR,ERR,ERR,ERR,ERR,ERR,ERR,ERR,ERR,ERR,ERR,0.0,-107615288.0,-134474944.0,0.0,0.0,1.3936040501711995e+18,7.805,0.0,0,0,4,0,8422,0.0,45,0.0,0.0,0.0,0.0,0.0,0,0,0,0,0.0,0,0,0,0,0,0,0,0,0,0,0,0,0,0,0,0,0,0,0,0,0,0,0,0,0,0,0,0,0,0,0,0,0,38,14,7,45,65476,0,300,0,0,8,21553,0.0,-107605600.0,0.0,0.0,0.0,0.0,0.0,0.0,0.0,0.0,0.0,0.0,0.0,0.0,0.0,0.0,0.0,0.0,0.0,0.0,0.0,0.0,-2.004,-2.004,-0.0,0.0,0.0,0.0,0.0,0.0,5001.0,1.5879293531142762e+29,0.0,0.0,-107615288.0,0.0,-0.0,0.0,0.0,0.0,0.0,53,126841110528.0,0.059,0.0,0.0,0.0,0.0,0.0,0.0,0.0,0,0,0,0.0,0.0,0.0,0.0,0.0,0.0,0.0,0.0,0.0,0.0,0.0,0.0,0.0,0.0,0.0,0.0,0,-107875648.0,53,0.0,106,-107614832.0,-107350944.0,ERR,ERR,ERR,ERR,ERR,ERR,ERR,ERR,ERR,ERR,ERR,ERR,ERR,ERR,ERR,ERR,ERR,ERR,ERR,ERR,ERR,ERR,ERR,ERR,ERR,ERR,ERR,ERR,ERR,ERR,ERR,ERR,ERR,ERR,ERR,ERR,ERR,ERR,ERR,ERR,ERR,ERR,ERR,ERR,ERR,ERR,ERR,ERR,ERR,ERR,ERR,ERR,ERR,ERR,ERR,ERR,ERR,ERR,ERR,ERR,ERR,ERR,ERR,ERR,ERR,ERR,ERR,50.0,60.0,100,0.0,0.0,0.0,0.0,0.0,0.0,0.0,0.0,0.0,0.0,0.0,0.0,0.0,0.0,0.0,0.0,61.6,65,20,65521,50,65476,0,300,0,0,8,20529,65476,0,0,26214,60.0,0.0,0.0,0.0,0.0,0.0
2026-05-17T16:14:52,ERR,ERR,ERR,ERR,ERR,ERR,ERR,ERR,ERR,ERR,ERR,ERR,ERR,ERR,ERR,ERR,ERR,ERR,ERR,ERR,ERR,ERR,ERR,ERR,ERR,ERR,ERR,ERR,ERR,ERR,ERR,ERR,ERR,ERR,ERR,ERR,ERR,ERR,ERR,ERR,ERR,ERR,ERR,ERR,ERR,ERR,ERR,ERR,ERR,ERR,ERR,ERR,ERR,ERR,ERR,ERR,ERR,ERR,ERR,ERR,ERR,ERR,ERR,ERR,ERR,ERR,ERR,ERR,ERR,ERR,ERR,ERR,ERR,ERR,ERR,ERR,ERR,ERR,ERR,ERR,ERR,ERR,ERR,ERR,ERR,ERR,ERR,ERR,ERR,ERR,ERR,ERR,ERR,ERR,ERR,ERR,ERR,ERR,ERR,ERR,ERR,ERR,ERR,ERR,ERR,ERR,ERR,ERR,ERR,ERR,ERR,ERR,ERR,ERR,ERR,ERR,ERR,ERR,ERR,ERR,ERR,ERR,ERR,ERR,ERR,0.0,-107615288.0,-134474944.0,0.0,0.0,1.3936040501711995e+18,7.805,0.0,0,0,4,0,8422,0.0,45,0.0,0.0,0.0,0.0,0.0,0,0,0,0,0.0,0,0,0,0,0,0,0,0,0,0,0,0,0,0,0,0,0,0,0,0,0,0,0,0,0,0,0,0,0,0,0,0,0,38,14,7,45,65476,0,300,0,0,8,21553,0.0,-107605600.0,0.0,0.0,0.0,0.0,0.0,0.0,0.0,0.0,0.0,0.0,0.0,0.0,0.0,0.0,0.0,0.0,0.0,0.0,0.0,0.0,-2.004,-2.004,-0.0,0.0,0.0,0.0,0.0,0.0,5001.0,1.5879293531142762e+29,0.0,0.0,-107615288.0,0.0,-0.0,0.0,0.0,0.0,0.0,53,126841110528.0,0.059,0.0,0.0,0.0,0.0,0.0,0.0,0.0,0,0,0,0.0,0.0,0.0,0.0,0.0,0.0,0.0,0.0,0.0,0.0,0.0,0.0,0.0,0.0,0.0,0.0,0,-107875648.0,53,0.0,106,-107614832.0,-107350944.0,ERR,ERR,ERR,ERR,ERR,ERR,ERR,ERR,ERR,ERR,ERR,ERR,ERR,ERR,ERR,ERR,ERR,ERR,ERR,ERR,ERR,ERR,ERR,ERR,ERR,ERR,ERR,ERR,ERR,ERR,ERR,ERR,ERR,ERR,ERR,ERR,ERR,ERR,ERR,ERR,ERR,ERR,ERR,ERR,ERR,ERR,ERR,ERR,ERR,ERR,ERR,ERR,ERR,ERR,ERR,ERR,ERR,ERR,ERR,ERR,ERR,ERR,ERR,ERR,ERR,ERR,ERR,50.0,60.0,100,0.0,0.0,0.0,0.0,0.0,0.0,0.0,0.0,0.0,0.0,0.0,0.0,0.0,0.0,0.0,0.0,61.6,65,20,65521,50,65476,0,300,0,0,8,20529,65476,0,0,26214,60.0,0.0,0.0,0.0,0.0,0.0
2026-05-17T16:14:53,ERR,ERR,ERR,ERR,ERR,ERR,ERR,ERR,ERR,ERR,ERR,ERR,ERR,ERR,ERR,ERR,ERR,ERR,ERR,ERR,ERR,ERR,ERR,ERR,ERR,ERR,ERR,ERR,ERR,ERR,ERR,ERR,ERR,ERR,ERR,ERR,ERR,ERR,ERR,ERR,ERR,ERR,ERR,ERR,ERR,ERR,ERR,ERR,ERR,ERR,ERR,ERR,ERR,ERR,ERR,ERR,ERR,ERR,ERR,ERR,ERR,ERR,ERR,ERR,ERR,ERR,ERR,ERR,ERR,ERR,ERR,ERR,ERR,ERR,ERR,ERR,ERR,ERR,ERR,ERR,ERR,ERR,ERR,ERR,ERR,ERR,ERR,ERR,ERR,ERR,ERR,ERR,ERR,ERR,ERR,ERR,ERR,ERR,ERR,ERR,ERR,ERR,ERR,ERR,ERR,ERR,ERR,ERR,ERR,ERR,ERR,ERR,ERR,ERR,ERR,ERR,ERR,ERR,ERR,ERR,ERR,ERR,ERR,ERR,ERR,0.0,-107615288.0,-134474944.0,0.0,0.0,1.3936040501711995e+18,7.805,0.0,0,0,4,0,8422,0.0,45,0.0,0.0,0.0,0.0,0.0,0,0,0,0,0.0,0,0,0,0,0,0,0,0,0,0,0,0,0,0,0,0,0,0,0,0,0,0,0,0,0,0,0,0,0,0,0,0,0,38,14,7,45,65476,0,300,0,0,8,21553,0.0,-107605600.0,0.0,0.0,0.0,0.0,0.0,0.0,0.0,0.0,0.0,0.0,0.0,0.0,0.0,0.0,0.0,0.0,0.0,0.0,0.0,0.0,-2.004,-2.004,-0.0,0.0,0.0,0.0,0.0,0.0,5001.0,1.5879293531142762e+29,0.0,0.0,-107615288.0,0.0,-0.0,0.0,0.0,0.0,0.0,53,126841110528.0,0.059,0.0,0.0,0.0,0.0,0.0,0.0,0.0,0,0,0,0.0,0.0,0.0,0.0,0.0,0.0,0.0,0.0,0.0,0.0,0.0,0.0,0.0,0.0,0.0,0.0,0,-107875648.0,53,0.0,106,-107614832.0,-107350944.0,ERR,ERR,ERR,ERR,ERR,ERR,ERR,ERR,ERR,ERR,ERR,ERR,ERR,ERR,ERR,ERR,ERR,ERR,ERR,ERR,ERR,ERR,ERR,ERR,ERR,ERR,ERR,ERR,ERR,ERR,ERR,ERR,ERR,ERR,ERR,ERR,ERR,ERR,ERR,ERR,ERR,ERR,ERR,ERR,ERR,ERR,ERR,ERR,ERR,ERR,ERR,ERR,ERR,ERR,ERR,ERR,ERR,ERR,ERR,ERR,ERR,ERR,ERR,ERR,ERR,ERR,ERR,50.0,60.0,100,0.0,0.0,0.0,0.0,0.0,0.0,0.0,0.0,0.0,0.0,0.0,0.0,0.0,0.0,0.0,0.0,61.6,65,20,65521,50,65476,0,300,0,0,8,20529,65476,0,0,26214,60.0,0.0,0.0,0.0,0.0,0.0
2026-05-17T16:14:54,ERR,ERR,ERR,ERR,ERR,ERR,ERR,ERR,ERR,ERR,ERR,ERR,ERR,ERR,ERR,ERR,ERR,ERR,ERR,ERR,ERR,ERR,ERR,ERR,ERR,ERR,ERR,ERR,ERR,ERR,ERR,ERR,ERR,ERR,ERR,ERR,ERR,ERR,ERR,ERR,ERR,ERR,ERR,ERR,ERR,ERR,ERR,ERR,ERR,ERR,ERR,ERR,ERR,ERR,ERR,ERR,ERR,ERR,ERR,ERR,ERR,ERR,ERR,ERR,ERR,ERR,ERR,ERR,ERR,ERR,ERR,ERR,ERR,ERR,ERR,ERR,ERR,ERR,ERR,ERR,ERR,ERR,ERR,ERR,ERR,ERR,ERR,ERR,ERR,ERR,ERR,ERR,ERR,ERR,ERR,ERR,ERR,ERR,ERR,ERR,ERR,ERR,ERR,ERR,ERR,ERR,ERR,ERR,ERR,ERR,ERR,ERR,ERR,ERR,ERR,ERR,ERR,ERR,ERR,ERR,ERR,ERR,ERR,ERR,ERR,0.0,-107615288.0,-134474944.0,0.0,0.0,1.3936040501711995e+18,7.805,0.0,0,0,4,0,8422,0.0,45,0.0,0.0,0.0,0.0,0.0,0,0,0,0,0.0,0,0,0,0,0,0,0,0,0,0,0,0,0,0,0,0,0,0,0,0,0,0,0,0,0,0,0,0,0,0,0,0,0,38,14,7,45,65476,0,300,0,0,8,21553,0.0,-107605600.0,0.0,0.0,0.0,0.0,0.0,0.0,0.0,0.0,0.0,0.0,0.0,0.0,0.0,0.0,0.0,0.0,0.0,0.0,0.0,0.0,-2.004,-2.004,-0.0,0.0,0.0,0.0,0.0,0.0,5039.0,131350.453,0.0,0.0,-107615288.0,0.0,-0.0,0.0,0.0,0.0,0.0,53,2.3088403658719416e+20,126840545280.0,0.0,0.0,0.0,0.0,0.0,0.0,0.0,0,0,0,0.0,0.0,0.0,0.0,0.0,0.0,0.0,0.0,0.0,0.0,0.0,0.0,0.0,0.0,0.0,0.0,0,-107875648.0,53,0.0,106,-107614832.0,-107350944.0,ERR,ERR,ERR,ERR,ERR,ERR,ERR,ERR,ERR,ERR,ERR,ERR,ERR,ERR,ERR,ERR,ERR,ERR,ERR,ERR,ERR,ERR,ERR,ERR,ERR,ERR,ERR,ERR,ERR,ERR,ERR,ERR,ERR,ERR,ERR,ERR,ERR,ERR,ERR,ERR,ERR,ERR,ERR,ERR,ERR,ERR,ERR,ERR,ERR,ERR,ERR,ERR,ERR,ERR,ERR,ERR,ERR,ERR,ERR,ERR,ERR,ERR,ERR,ERR,ERR,ERR,ERR,50.0,60.0,100,0.0,0.0,0.0,0.0,0.0,0.0,0.0,0.0,0.0,0.0,0.0,0.0,0.0,0.0,0.0,0.0,61.6,65,20,65521,50,65476,0,300,0,0,8,20529,65476,0,0,26214,60.0,0.0,0.0,0.0,0.0,0.0
2026-05-17T16:14:55,ERR,ERR,ERR,ERR,ERR,ERR,ERR,ERR,ERR,ERR,ERR,ERR,ERR,ERR,ERR,ERR,ERR,ERR,ERR,ERR,ERR,ERR,ERR,ERR,ERR,ERR,ERR,ERR,ERR,ERR,ERR,ERR,ERR,ERR,ERR,ERR,ERR,ERR,ERR,ERR,ERR,ERR,ERR,ERR,ERR,ERR,ERR,ERR,ERR,ERR,ERR,ERR,ERR,ERR,ERR,ERR,ERR,ERR,ERR,ERR,ERR,ERR,ERR,ERR,ERR,ERR,ERR,ERR,ERR,ERR,ERR,ERR,ERR,ERR,ERR,ERR,ERR,ERR,ERR,ERR,ERR,ERR,ERR,ERR,ERR,ERR,ERR,ERR,ERR,ERR,ERR,ERR,ERR,ERR,ERR,ERR,ERR,ERR,ERR,ERR,ERR,ERR,ERR,ERR,ERR,ERR,ERR,ERR,ERR,ERR,ERR,ERR,ERR,ERR,ERR,ERR,ERR,ERR,ERR,ERR,ERR,ERR,ERR,ERR,ERR,0.0,-107615288.0,-134474944.0,0.0,0.0,1.3936040501711995e+18,7.805,0.0,0,0,4,0,8422,0.0,45,0.0,0.0,0.0,0.0,0.0,0,0,0,0,0.0,0,0,0,0,0,0,0,0,0,0,0,0,0,0,0,0,0,0,0,0,0,0,0,0,0,0,0,0,0,0,0,0,0,38,14,7,45,65476,0,300,0,0,8,21553,0.0,-107605600.0,0.0,0.0,0.0,0.0,0.0,0.0,0.0,0.0,0.0,0.0,0.0,0.0,0.0,0.0,0.0,0.0,0.0,0.0,0.0,0.0,-2.004,-2.004,-0.0,0.0,0.0,0.0,0.0,0.0,5039.0,131350.453,0.0,0.0,-107615288.0,0.0,-0.0,0.0,0.0,0.0,0.0,53,2.3088403658719416e+20,126840545280.0,0.0,0.0,0.0,0.0,0.0,0.0,0.0,0,0,0,0.0,0.0,0.0,0.0,0.0,0.0,0.0,0.0,0.0,0.0,0.0,0.0,0.0,0.0,0.0,0.0,0,-107875648.0,53,0.0,106,-107614832.0,-107350944.0,ERR,ERR,ERR,ERR,ERR,ERR,ERR,ERR,ERR,ERR,ERR,ERR,ERR,ERR,ERR,ERR,ERR,ERR,ERR,ERR,ERR,ERR,ERR,ERR,ERR,ERR,ERR,ERR,ERR,ERR,ERR,ERR,ERR,ERR,ERR,ERR,ERR,ERR,ERR,ERR,ERR,ERR,ERR,ERR,ERR,ERR,ERR,ERR,ERR,ERR,ERR,ERR,ERR,ERR,ERR,ERR,ERR,ERR,ERR,ERR,ERR,ERR,ERR,ERR,ERR,ERR,ERR,50.0,60.0,100,0.0,0.0,0.0,0.0,0.0,0.0,0.0,0.0,0.0,0.0,0.0,0.0,0.0,0.0,0.0,0.0,61.6,65,20,65521,50,65476,0,300,0,0,8,20529,65476,0,0,26214,60.0,0.0,0.0,0.0,0.0,0.0
2026-05-17T16:14:56,ERR,ERR,ERR,ERR,ERR,ERR,ERR,ERR,ERR,ERR,ERR,ERR,ERR,ERR,ERR,ERR,ERR,ERR,ERR,ERR,ERR,ERR,ERR,ERR,ERR,ERR,ERR,ERR,ERR,ERR,ERR,ERR,ERR,ERR,ERR,ERR,ERR,ERR,ERR,ERR,ERR,ERR,ERR,ERR,ERR,ERR,ERR,ERR,ERR,ERR,ERR,ERR,ERR,ERR,ERR,ERR,ERR,ERR,ERR,ERR,ERR,ERR,ERR,ERR,ERR,ERR,ERR,ERR,ERR,ERR,ERR,ERR,ERR,ERR,ERR,ERR,ERR,ERR,ERR,ERR,ERR,ERR,ERR,ERR,ERR,ERR,ERR,ERR,ERR,ERR,ERR,ERR,ERR,ERR,ERR,ERR,ERR,ERR,ERR,ERR,ERR,ERR,ERR,ERR,ERR,ERR,ERR,ERR,ERR,ERR,ERR,ERR,ERR,ERR,ERR,ERR,ERR,ERR,ERR,ERR,ERR,ERR,ERR,ERR,ERR,0.0,-107615288.0,-134474944.0,0.0,0.0,1.3936040501711995e+18,7.805,0.0,0,0,4,0,8422,0.0,45,0.0,0.0,0.0,0.0,0.0,0,0,0,0,0.0,0,0,0,0,0,0,0,0,0,0,0,0,0,0,0,0,0,0,0,0,0,0,0,0,0,0,0,0,0,0,0,0,0,38,14,7,45,65476,0,300,0,0,8,21553,0.0,-107605600.0,0.0,0.0,0.0,0.0,0.0,0.0,0.0,0.0,0.0,0.0,0.0,0.0,0.0,0.0,0.0,0.0,0.0,0.0,0.0,0.0,-2.004,-2.004,-0.0,0.0,0.0,0.0,0.0,0.0,5039.0,131350.453,0.0,0.0,-107615288.0,0.0,-0.0,0.0,0.0,0.0,0.0,53,2.3088403658719416e+20,126840545280.0,0.0,0.0,0.0,0.0,0.0,0.0,0.0,0,0,0,0.0,0.0,0.0,0.0,0.0,0.0,0.0,0.0,0.0,0.0,0.0,0.0,0.0,0.0,0.0,0.0,0,-107875648.0,53,0.0,106,-107614832.0,-107350944.0,ERR,ERR,ERR,ERR,ERR,ERR,ERR,ERR,ERR,ERR,ERR,ERR,ERR,ERR,ERR,ERR,ERR,ERR,ERR,ERR,ERR,ERR,ERR,ERR,ERR,ERR,ERR,ERR,ERR,ERR,ERR,ERR,ERR,ERR,ERR,ERR,ERR,ERR,ERR,ERR,ERR,ERR,ERR,ERR,ERR,ERR,ERR,ERR,ERR,ERR,ERR,ERR,ERR,ERR,ERR,ERR,ERR,ERR,ERR,ERR,ERR,ERR,ERR,ERR,ERR,ERR,ERR,50.0,60.0,100,0.0,0.0,0.0,0.0,0.0,0.0,0.0,0.0,0.0,0.0,0.0,0.0,0.0,0.0,0.0,0.0,61.6,65,20,65521,50,65476,0,300,0,0,8,20529,65476,0,0,26214,60.0,0.0,0.0,0.0,0.0,0.0
2026-05-17T16:14:57,ERR,ERR,ERR,ERR,ERR,ERR,ERR,ERR,ERR,ERR,ERR,ERR,ERR,ERR,ERR,ERR,ERR,ERR,ERR,ERR,ERR,ERR,ERR,ERR,ERR,ERR,ERR,ERR,ERR,ERR,ERR,ERR,ERR,ERR,ERR,ERR,ERR,ERR,ERR,ERR,ERR,ERR,ERR,ERR,ERR,ERR,ERR,ERR,ERR,ERR,ERR,ERR,ERR,ERR,ERR,ERR,ERR,ERR,ERR,ERR,ERR,ERR,ERR,ERR,ERR,ERR,ERR,ERR,ERR,ERR,ERR,ERR,ERR,ERR,ERR,ERR,ERR,ERR,ERR,ERR,ERR,ERR,ERR,ERR,ERR,ERR,ERR,ERR,ERR,ERR,ERR,ERR,ERR,ERR,ERR,ERR,ERR,ERR,ERR,ERR,ERR,ERR,ERR,ERR,ERR,ERR,ERR,ERR,ERR,ERR,ERR,ERR,ERR,ERR,ERR,ERR,ERR,ERR,ERR,ERR,ERR,ERR,ERR,ERR,ERR,0.0,-107615288.0,-134474944.0,0.0,0.0,1.3936040501711995e+18,7.805,0.0,0,0,4,0,8422,0.0,45,0.0,0.0,0.0,0.0,0.0,0,0,0,0,0.0,0,0,0,0,0,0,0,0,0,0,0,0,0,0,0,0,0,0,0,0,0,0,0,0,0,0,0,0,0,0,0,0,0,38,14,7,45,65476,0,300,0,0,8,21553,0.0,-107605600.0,0.0,0.0,0.0,0.0,0.0,0.0,0.0,0.0,0.0,0.0,0.0,0.0,0.0,0.0,0.0,0.0,0.0,0.0,0.0,0.0,-2.004,-2.004,-0.0,0.0,0.0,0.0,0.0,0.0,5039.0,131350.453,0.0,0.0,-107615288.0,0.0,-0.0,0.0,0.0,0.0,0.0,53,2.3088403658719416e+20,126840545280.0,0.0,0.0,0.0,0.0,0.0,0.0,0.0,0,0,0,0.0,0.0,0.0,0.0,0.0,0.0,0.0,0.0,0.0,0.0,0.0,0.0,0.0,0.0,0.0,0.0,0,-107875648.0,53,0.0,106,-107614832.0,-107350944.0,ERR,ERR,ERR,ERR,ERR,ERR,ERR,ERR,ERR,ERR,ERR,ERR,ERR,ERR,ERR,ERR,ERR,ERR,ERR,ERR,ERR,ERR,ERR,ERR,ERR,ERR,ERR,ERR,ERR,ERR,ERR,ERR,ERR,ERR,ERR,ERR,ERR,ERR,ERR,ERR,ERR,ERR,ERR,ERR,ERR,ERR,ERR,ERR,ERR,ERR,ERR,ERR,ERR,ERR,ERR,ERR,ERR,ERR,ERR,ERR,ERR,ERR,ERR,ERR,ERR,ERR,ERR,50.0,60.0,100,0.0,0.0,0.0,0.0,0.0,0.0,0.0,0.0,0.0,0.0,0.0,0.0,0.0,0.0,0.0,0.0,61.6,65,20,65521,50,65476,0,300,0,0,8,20529,65476,0,0,26214,60.0,0.0,0.0,0.0,0.0,0.0
2026-05-17T16:14:58,ERR,ERR,ERR,ERR,ERR,ERR,ERR,ERR,ERR,ERR,ERR,ERR,ERR,ERR,ERR,ERR,ERR,ERR,ERR,ERR,ERR,ERR,ERR,ERR,ERR,ERR,ERR,ERR,ERR,ERR,ERR,ERR,ERR,ERR,ERR,ERR,ERR,ERR,ERR,ERR,ERR,ERR,ERR,ERR,ERR,ERR,ERR,ERR,ERR,ERR,ERR,ERR,ERR,ERR,ERR,ERR,ERR,ERR,ERR,ERR,ERR,ERR,ERR,ERR,ERR,ERR,ERR,ERR,ERR,ERR,ERR,ERR,ERR,ERR,ERR,ERR,ERR,ERR,ERR,ERR,ERR,ERR,ERR,ERR,ERR,ERR,ERR,ERR,ERR,ERR,ERR,ERR,ERR,ERR,ERR,ERR,ERR,ERR,ERR,ERR,ERR,ERR,ERR,ERR,ERR,ERR,ERR,ERR,ERR,ERR,ERR,ERR,ERR,ERR,ERR,ERR,ERR,ERR,ERR,ERR,ERR,ERR,ERR,ERR,ERR,0.0,-107615288.0,-134474944.0,0.0,0.0,1.3936040501711995e+18,7.805,0.0,0,0,4,0,8422,0.0,45,0.0,0.0,0.0,0.0,0.0,0,0,0,0,0.0,0,0,0,0,0,0,0,0,0,0,0,0,0,0,0,0,0,0,0,0,0,0,0,0,0,0,0,0,0,0,0,0,0,38,14,7,45,65476,0,300,0,0,8,21553,0.0,-107605600.0,0.0,0.0,0.0,0.0,0.0,0.0,0.0,0.0,0.0,0.0,0.0,0.0,0.0,0.0,0.0,0.0,0.0,0.0,0.0,0.0,-2.004,-2.004,-0.0,0.0,0.0,0.0,0.0,0.0,5039.0,131350.453,0.0,0.0,-107615288.0,0.0,-0.0,0.0,0.0,0.0,0.0,53,2.3088403658719416e+20,126840545280.0,0.0,0.0,0.0,0.0,0.0,0.0,0.0,0,0,0,0.0,0.0,0.0,0.0,0.0,0.0,0.0,0.0,0.0,0.0,0.0,0.0,0.0,0.0,0.0,0.0,0,-107875648.0,53,0.0,106,-107614832.0,-107350944.0,ERR,ERR,ERR,ERR,ERR,ERR,ERR,ERR,ERR,ERR,ERR,ERR,ERR,ERR,ERR,ERR,ERR,ERR,ERR,ERR,ERR,ERR,ERR,ERR,ERR,ERR,ERR,ERR,ERR,ERR,ERR,ERR,ERR,ERR,ERR,ERR,ERR,ERR,ERR,ERR,ERR,ERR,ERR,ERR,ERR,ERR,ERR,ERR,ERR,ERR,ERR,ERR,ERR,ERR,ERR,ERR,ERR,ERR,ERR,ERR,ERR,ERR,ERR,ERR,ERR,ERR,ERR,50.0,60.0,100,0.0,0.0,0.0,0.0,0.0,0.0,0.0,0.0,0.0,0.0,0.0,0.0,0.0,0.0,0.0,0.0,61.6,65,20,65521,50,65476,0,300,0,0,8,20529,65476,0,0,26214,60.0,0.0,0.0,0.0,0.0,0.0
2026-05-17T16:14:59,ERR,ERR,ERR,ERR,ERR,ERR,ERR,ERR,ERR,ERR,ERR,ERR,ERR,ERR,ERR,ERR,ERR,ERR,ERR,ERR,ERR,ERR,ERR,ERR,ERR,ERR,ERR,ERR,ERR,ERR,ERR,ERR,ERR,ERR,ERR,ERR,ERR,ERR,ERR,ERR,ERR,ERR,ERR,ERR,ERR,ERR,ERR,ERR,ERR,ERR,ERR,ERR,ERR,ERR,ERR,ERR,ERR,ERR,ERR,ERR,ERR,ERR,ERR,ERR,ERR,ERR,ERR,ERR,ERR,ERR,ERR,ERR,ERR,ERR,ERR,ERR,ERR,ERR,ERR,ERR,ERR,ERR,ERR,ERR,ERR,ERR,ERR,ERR,ERR,ERR,ERR,ERR,ERR,ERR,ERR,ERR,ERR,ERR,ERR,ERR,ERR,ERR,ERR,ERR,ERR,ERR,ERR,ERR,ERR,ERR,ERR,ERR,ERR,ERR,ERR,ERR,ERR,ERR,ERR,ERR,ERR,ERR,ERR,ERR,ERR,0.0,-107615288.0,-134474944.0,0.0,0.0,1.3936040501711995e+18,7.805,0.0,0,0,4,0,8422,0.0,45,0.0,0.0,0.0,0.0,0.0,0,0,0,0,0.0,0,0,0,0,0,0,0,0,0,0,0,0,0,0,0,0,0,0,0,0,0,0,0,0,0,0,0,0,0,0,0,0,0,38,14,7,45,65476,0,300,0,0,8,21553,0.0,-107605600.0,0.0,0.0,0.0,0.0,0.0,0.0,0.0,0.0,0.0,0.0,0.0,0.0,0.0,0.0,0.0,0.0,0.0,0.0,0.0,0.0,-2.004,-0.0,-0.0,0.0,0.0,0.0,0.0,0.0,5068.0,0.0,0.0,0.0,-107615288.0,0.0,2.718429120148166e+23,0.0,0.0,0.0,0.0,53,126841110528.0,5.8480564754410164e+35,0.0,0.0,0.0,0.0,0.0,0.0,0.0,0,0,0,0.0,0.0,0.0,0.0,0.0,0.0,0.0,0.0,0.0,0.0,0.0,0.0,0.0,0.0,0.0,0.0,0,-107875648.0,53,0.0,106,-107614832.0,-107350944.0,ERR,ERR,ERR,ERR,ERR,ERR,ERR,ERR,ERR,ERR,ERR,ERR,ERR,ERR,ERR,ERR,ERR,ERR,ERR,ERR,ERR,ERR,ERR,ERR,ERR,ERR,ERR,ERR,ERR,ERR,ERR,ERR,ERR,ERR,ERR,ERR,ERR,ERR,ERR,ERR,ERR,ERR,ERR,ERR,ERR,ERR,ERR,ERR,ERR,ERR,ERR,ERR,ERR,ERR,ERR,ERR,ERR,ERR,ERR,ERR,ERR,ERR,ERR,ERR,ERR,ERR,ERR,50.0,60.0,100,0.0,0.0,0.0,0.0,0.0,0.0,0.0,0.0,0.0,0.0,0.0,0.0,0.0,0.0,0.0,0.0,61.6,65,20,65521,50,65476,0,300,0,0,8,20529,65476,0,0,26214,60.0,0.0,0.0,0.0,0.0,0.0
2026-05-17T16:15:00,ERR,ERR,ERR,ERR,ERR,ERR,ERR,ERR,ERR,ERR,ERR,ERR,ERR,ERR,ERR,ERR,ERR,ERR,ERR,ERR,ERR,ERR,ERR,ERR,ERR,ERR,ERR,ERR,ERR,ERR,ERR,ERR,ERR,ERR,ERR,ERR,ERR,ERR,ERR,ERR,ERR,ERR,ERR,ERR,ERR,ERR,ERR,ERR,ERR,ERR,ERR,ERR,ERR,ERR,ERR,ERR,ERR,ERR,ERR,ERR,ERR,ERR,ERR,ERR,ERR,ERR,ERR,ERR,ERR,ERR,ERR,ERR,ERR,ERR,ERR,ERR,ERR,ERR,ERR,ERR,ERR,ERR,ERR,ERR,ERR,ERR,ERR,ERR,ERR,ERR,ERR,ERR,ERR,ERR,ERR,ERR,ERR,ERR,ERR,ERR,ERR,ERR,ERR,ERR,ERR,ERR,ERR,ERR,ERR,ERR,ERR,ERR,ERR,ERR,ERR,ERR,ERR,ERR,ERR,ERR,ERR,ERR,ERR,ERR,ERR,0.0,-107615288.0,-134474944.0,0.0,0.0,1.3936040501711995e+18,7.805,0.0,0,0,4,0,8422,0.0,45,0.0,0.0,0.0,0.0,0.0,0,0,0,0,0.0,0,0,0,0,0,0,0,0,0,0,0,0,0,0,0,0,0,0,0,0,0,0,0,0,0,0,0,0,0,0,0,0,0,38,14,7,45,65476,0,300,0,0,8,21553,0.0,-107605600.0,0.0,0.0,0.0,0.0,0.0,0.0,0.0,0.0,0.0,0.0,0.0,0.0,0.0,0.0,0.0,0.0,0.0,0.0,0.0,0.0,-2.004,-0.0,-0.0,0.0,0.0,0.0,0.0,0.0,5068.0,0.0,0.0,0.0,-107615288.0,0.0,2.718429120148166e+23,0.0,0.0,0.0,0.0,53,126841110528.0,5.8480564754410164e+35,0.0,0.0,0.0,0.0,0.0,0.0,0.0,0,0,0,0.0,0.0,0.0,0.0,0.0,0.0,0.0,0.0,0.0,0.0,0.0,0.0,0.0,0.0,0.0,0.0,0,-107875648.0,53,0.0,106,-107614832.0,-107350944.0,ERR,ERR,ERR,ERR,ERR,ERR,ERR,ERR,ERR,ERR,ERR,ERR,ERR,ERR,ERR,ERR,ERR,ERR,ERR,ERR,ERR,ERR,ERR,ERR,ERR,ERR,ERR,ERR,ERR,ERR,ERR,ERR,ERR,ERR,ERR,ERR,ERR,ERR,ERR,ERR,ERR,ERR,ERR,ERR,ERR,ERR,ERR,ERR,ERR,ERR,ERR,ERR,ERR,ERR,ERR,ERR,ERR,ERR,ERR,ERR,ERR,ERR,ERR,ERR,ERR,ERR,ERR,50.0,60.0,100,0.0,0.0,0.0,0.0,0.0,0.0,0.0,0.0,0.0,0.0,0.0,0.0,0.0,0.0,0.0,0.0,61.6,65,20,65521,50,65476,0,300,0,0,8,20529,65476,0,0,26214,60.0,0.0,0.0,0.0,0.0,0.0
2026-05-17T16:15:01,ERR,ERR,ERR,ERR,ERR,ERR,ERR,ERR,ERR,ERR,ERR,ERR,ERR,ERR,ERR,ERR,ERR,ERR,ERR,ERR,ERR,ERR,ERR,ERR,ERR,ERR,ERR,ERR,ERR,ERR,ERR,ERR,ERR,ERR,ERR,ERR,ERR,ERR,ERR,ERR,ERR,ERR,ERR,ERR,ERR,ERR,ERR,ERR,ERR,ERR,ERR,ERR,ERR,ERR,ERR,ERR,ERR,ERR,ERR,ERR,ERR,ERR,ERR,ERR,ERR,ERR,ERR,ERR,ERR,ERR,ERR,ERR,ERR,ERR,ERR,ERR,ERR,ERR,ERR,ERR,ERR,ERR,ERR,ERR,ERR,ERR,ERR,ERR,ERR,ERR,ERR,ERR,ERR,ERR,ERR,ERR,ERR,ERR,ERR,ERR,ERR,ERR,ERR,ERR,ERR,ERR,ERR,ERR,ERR,ERR,ERR,ERR,ERR,ERR,ERR,ERR,ERR,ERR,ERR,ERR,ERR,ERR,ERR,ERR,ERR,0.0,-107615288.0,-134474944.0,0.0,0.0,1.3936040501711995e+18,7.805,0.0,0,0,4,0,8422,0.0,45,0.0,0.0,0.0,0.0,0.0,0,0,0,0,0.0,0,0,0,0,0,0,0,0,0,0,0,0,0,0,0,0,0,0,0,0,0,0,0,0,0,0,0,0,0,0,0,0,0,38,14,7,45,65476,0,300,0,0,8,21553,0.0,-107605600.0,0.0,0.0,0.0,0.0,0.0,0.0,0.0,0.0,0.0,0.0,0.0,0.0,0.0,0.0,0.0,0.0,0.0,0.0,0.0,0.0,-2.004,-0.0,-0.0,0.0,0.0,0.0,0.0,0.0,5068.0,0.0,0.0,0.0,-107615288.0,0.0,2.718429120148166e+23,0.0,0.0,0.0,0.0,53,126841110528.0,5.8480564754410164e+35,0.0,0.0,0.0,0.0,0.0,0.0,0.0,0,0,0,0.0,0.0,0.0,0.0,0.0,0.0,0.0,0.0,0.0,0.0,0.0,0.0,0.0,0.0,0.0,0.0,0,-107875648.0,53,0.0,106,-107614832.0,-107350944.0,ERR,ERR,ERR,ERR,ERR,ERR,ERR,ERR,ERR,ERR,ERR,ERR,ERR,ERR,ERR,ERR,ERR,ERR,ERR,ERR,ERR,ERR,ERR,ERR,ERR,ERR,ERR,ERR,ERR,ERR,ERR,ERR,ERR,ERR,ERR,ERR,ERR,ERR,ERR,ERR,ERR,ERR,ERR,ERR,ERR,ERR,ERR,ERR,ERR,ERR,ERR,ERR,ERR,ERR,ERR,ERR,ERR,ERR,ERR,ERR,ERR,ERR,ERR,ERR,ERR,ERR,ERR,50.0,60.0,100,0.0,0.0,0.0,0.0,0.0,0.0,0.0,0.0,0.0,0.0,0.0,0.0,0.0,0.0,0.0,0.0,61.6,65,20,65521,50,65476,0,300,0,0,8,20529,65476,0,0,26214,60.0,0.0,0.0,0.0,0.0,0.0
2026-05-17T16:15:02,ERR,ERR,ERR,ERR,ERR,ERR,ERR,ERR,ERR,ERR,ERR,ERR,ERR,ERR,ERR,ERR,ERR,ERR,ERR,ERR,ERR,ERR,ERR,ERR,ERR,ERR,ERR,ERR,ERR,ERR,ERR,ERR,ERR,ERR,ERR,ERR,ERR,ERR,ERR,ERR,ERR,ERR,ERR,ERR,ERR,ERR,ERR,ERR,ERR,ERR,ERR,ERR,ERR,ERR,ERR,ERR,ERR,ERR,ERR,ERR,ERR,ERR,ERR,ERR,ERR,ERR,ERR,ERR,ERR,ERR,ERR,ERR,ERR,ERR,ERR,ERR,ERR,ERR,ERR,ERR,ERR,ERR,ERR,ERR,ERR,ERR,ERR,ERR,ERR,ERR,ERR,ERR,ERR,ERR,ERR,ERR,ERR,ERR,ERR,ERR,ERR,ERR,ERR,ERR,ERR,ERR,ERR,ERR,ERR,ERR,ERR,ERR,ERR,ERR,ERR,ERR,ERR,ERR,ERR,ERR,ERR,ERR,ERR,ERR,ERR,0.0,-107615288.0,-134474944.0,0.0,0.0,1.3936040501711995e+18,7.805,0.0,0,0,4,0,8422,0.0,45,0.0,0.0,0.0,0.0,0.0,0,0,0,0,0.0,0,0,0,0,0,0,0,0,0,0,0,0,0,0,0,0,0,0,0,0,0,0,0,0,0,0,0,0,0,0,0,0,0,38,14,7,45,65476,0,300,0,0,8,21553,0.0,-107605600.0,0.0,0.0,0.0,0.0,0.0,0.0,0.0,0.0,0.0,0.0,0.0,0.0,0.0,0.0,0.0,0.0,0.0,0.0,0.0,0.0,-2.004,-0.0,-0.0,0.0,0.0,0.0,0.0,0.0,5068.0,0.0,0.0,0.0,-107615288.0,0.0,2.718429120148166e+23,0.0,0.0,0.0,0.0,53,126841110528.0,5.8480564754410164e+35,0.0,0.0,0.0,0.0,0.0,0.0,0.0,0,0,0,0.0,0.0,0.0,0.0,0.0,0.0,0.0,0.0,0.0,0.0,0.0,0.0,0.0,0.0,0.0,0.0,0,-107875648.0,53,0.0,106,-107614832.0,-107350944.0,ERR,ERR,ERR,ERR,ERR,ERR,ERR,ERR,ERR,ERR,ERR,ERR,ERR,ERR,ERR,ERR,ERR,ERR,ERR,ERR,ERR,ERR,ERR,ERR,ERR,ERR,ERR,ERR,ERR,ERR,ERR,ERR,ERR,ERR,ERR,ERR,ERR,ERR,ERR,ERR,ERR,ERR,ERR,ERR,ERR,ERR,ERR,ERR,ERR,ERR,ERR,ERR,ERR,ERR,ERR,ERR,ERR,ERR,ERR,ERR,ERR,ERR,ERR,ERR,ERR,ERR,ERR,50.0,60.0,100,0.0,0.0,0.0,0.0,0.0,0.0,0.0,0.0,0.0,0.0,0.0,0.0,0.0,0.0,0.0,0.0,61.6,65,20,65521,50,65476,0,300,0,0,8,20529,65476,0,0,26214,60.0,0.0,0.0,0.0,0.0,0.0
2026-05-17T16:15:03,ERR,ERR,ERR,ERR,ERR,ERR,ERR,ERR,ERR,ERR,ERR,ERR,ERR,ERR,ERR,ERR,ERR,ERR,ERR,ERR,ERR,ERR,ERR,ERR,ERR,ERR,ERR,ERR,ERR,ERR,ERR,ERR,ERR,ERR,ERR,ERR,ERR,ERR,ERR,ERR,ERR,ERR,ERR,ERR,ERR,ERR,ERR,ERR,ERR,ERR,ERR,ERR,ERR,ERR,ERR,ERR,ERR,ERR,ERR,ERR,ERR,ERR,ERR,ERR,ERR,ERR,ERR,ERR,ERR,ERR,ERR,ERR,ERR,ERR,ERR,ERR,ERR,ERR,ERR,ERR,ERR,ERR,ERR,ERR,ERR,ERR,ERR,ERR,ERR,ERR,ERR,ERR,ERR,ERR,ERR,ERR,ERR,ERR,ERR,ERR,ERR,ERR,ERR,ERR,ERR,ERR,ERR,ERR,ERR,ERR,ERR,ERR,ERR,ERR,ERR,ERR,ERR,ERR,ERR,ERR,ERR,ERR,ERR,ERR,ERR,0.0,-107615288.0,-134474944.0,0.0,0.0,1.3936040501711995e+18,7.805,0.0,0,0,4,0,8422,0.0,45,0.0,0.0,0.0,0.0,0.0,0,0,0,0,0.0,0,0,0,0,0,0,0,0,0,0,0,0,0,0,0,0,0,0,0,0,0,0,0,0,0,0,0,0,0,0,0,0,0,38,14,7,45,65476,0,300,0,0,8,21553,0.0,-107605600.0,0.0,0.0,0.0,0.0,0.0,0.0,0.0,0.0,0.0,0.0,0.0,0.0,0.0,0.0,0.0,0.0,0.0,0.0,0.0,0.0,-2.004,-0.0,-0.0,0.0,0.0,0.0,0.0,0.0,5068.0,0.0,0.0,0.0,-107615288.0,0.0,2.718429120148166e+23,0.0,0.0,0.0,0.0,53,126841110528.0,5.8480564754410164e+35,0.0,0.0,0.0,0.0,0.0,0.0,0.0,0,0,0,0.0,0.0,0.0,0.0,0.0,0.0,0.0,0.0,0.0,0.0,0.0,0.0,0.0,0.0,0.0,0.0,0,-107875648.0,53,0.0,106,-107614832.0,-107350944.0,ERR,ERR,ERR,ERR,ERR,ERR,ERR,ERR,ERR,ERR,ERR,ERR,ERR,ERR,ERR,ERR,ERR,ERR,ERR,ERR,ERR,ERR,ERR,ERR,ERR,ERR,ERR,ERR,ERR,ERR,ERR,ERR,ERR,ERR,ERR,ERR,ERR,ERR,ERR,ERR,ERR,ERR,ERR,ERR,ERR,ERR,ERR,ERR,ERR,ERR,ERR,ERR,ERR,ERR,ERR,ERR,ERR,ERR,ERR,ERR,ERR,ERR,ERR,ERR,ERR,ERR,ERR,50.0,60.0,100,0.0,0.0,0.0,0.0,0.0,0.0,0.0,0.0,0.0,0.0,0.0,0.0,0.0,0.0,0.0,0.0,61.6,65,20,65521,50,65476,0,300,0,0,8,20529,65476,0,0,26214,60.0,0.0,0.0,0.0,0.0,0.0
2026-05-17T16:15:04,ERR,ERR,ERR,ERR,ERR,ERR,ERR,ERR,ERR,ERR,ERR,ERR,ERR,ERR,ERR,ERR,ERR,ERR,ERR,ERR,ERR,ERR,ERR,ERR,ERR,ERR,ERR,ERR,ERR,ERR,ERR,ERR,ERR,ERR,ERR,ERR,ERR,ERR,ERR,ERR,ERR,ERR,ERR,ERR,ERR,ERR,ERR,ERR,ERR,ERR,ERR,ERR,ERR,ERR,ERR,ERR,ERR,ERR,ERR,ERR,ERR,ERR,ERR,ERR,ERR,ERR,ERR,ERR,ERR,ERR,ERR,ERR,ERR,ERR,ERR,ERR,ERR,ERR,ERR,ERR,ERR,ERR,ERR,ERR,ERR,ERR,ERR,ERR,ERR,ERR,ERR,ERR,ERR,ERR,ERR,ERR,ERR,ERR,ERR,ERR,ERR,ERR,ERR,ERR,ERR,ERR,ERR,ERR,ERR,ERR,ERR,ERR,ERR,ERR,ERR,ERR,ERR,ERR,ERR,ERR,ERR,ERR,ERR,ERR,ERR,0.0,-107615288.0,-134474944.0,0.0,0.0,1.3936040501711995e+18,7.805,0.0,0,0,4,0,8422,0.0,45,0.0,0.0,0.0,0.0,0.0,0,0,0,0,0.0,0,0,0,0,0,0,0,0,0,0,0,0,0,0,0,0,0,0,0,0,0,0,0,0,0,0,0,0,0,0,0,0,0,38,14,7,45,65476,0,300,0,0,8,21553,0.0,-107605600.0,0.0,0.0,0.0,0.0,0.0,0.0,0.0,0.0,0.0,0.0,0.0,0.0,0.0,0.0,0.0,0.0,0.0,0.0,0.0,0.0,-2.004,-0.0,-0.0,0.0,0.0,0.0,0.0,0.0,5068.0,0.0,0.0,0.0,-107615288.0,0.0,2.718429120148166e+23,0.0,0.0,0.0,0.0,53,126841110528.0,5.8480564754410164e+35,0.0,0.0,0.0,0.0,0.0,0.0,0.0,0,0,0,0.0,0.0,0.0,0.0,0.0,0.0,0.0,0.0,0.0,0.0,0.0,0.0,0.0,0.0,0.0,0.0,0,-107875648.0,53,0.0,106,-107614832.0,-107350944.0,ERR,ERR,ERR,ERR,ERR,ERR,ERR,ERR,ERR,ERR,ERR,ERR,ERR,ERR,ERR,ERR,ERR,ERR,ERR,ERR,ERR,ERR,ERR,ERR,ERR,ERR,ERR,ERR,ERR,ERR,ERR,ERR,ERR,ERR,ERR,ERR,ERR,ERR,ERR,ERR,ERR,ERR,ERR,ERR,ERR,ERR,ERR,ERR,ERR,ERR,ERR,ERR,ERR,ERR,ERR,ERR,ERR,ERR,ERR,ERR,ERR,ERR,ERR,ERR,ERR,ERR,ERR,50.0,60.0,100,0.0,0.0,0.0,0.0,0.0,0.0,0.0,0.0,0.0,0.0,0.0,0.0,0.0,0.0,0.0,0.0,61.6,65,20,65521,50,65476,0,300,0,0,8,20529,65476,0,0,26214,60.0,0.0,0.0,0.0,0.0,0.0
2026-05-17T16:15:05,ERR,ERR,ERR,ERR,ERR,ERR,ERR,ERR,ERR,ERR,ERR,ERR,ERR,ERR,ERR,ERR,ERR,ERR,ERR,ERR,ERR,ERR,ERR,ERR,ERR,ERR,ERR,ERR,ERR,ERR,ERR,ERR,ERR,ERR,ERR,ERR,ERR,ERR,ERR,ERR,ERR,ERR,ERR,ERR,ERR,ERR,ERR,ERR,ERR,ERR,ERR,ERR,ERR,ERR,ERR,ERR,ERR,ERR,ERR,ERR,ERR,ERR,ERR,ERR,ERR,ERR,ERR,ERR,ERR,ERR,ERR,ERR,ERR,ERR,ERR,ERR,ERR,ERR,ERR,ERR,ERR,ERR,ERR,ERR,ERR,ERR,ERR,ERR,ERR,ERR,ERR,ERR,ERR,ERR,ERR,ERR,ERR,ERR,ERR,ERR,ERR,ERR,ERR,ERR,ERR,ERR,ERR,ERR,ERR,ERR,ERR,ERR,ERR,ERR,ERR,ERR,ERR,ERR,ERR,ERR,ERR,ERR,ERR,ERR,ERR,0.0,-107615288.0,-134474944.0,0.0,0.0,1.3936040501711995e+18,7.805,0.0,0,0,4,0,8422,0.0,45,0.0,0.0,0.0,0.0,0.0,0,0,0,0,0.0,0,0,0,0,0,0,0,0,0,0,0,0,0,0,0,0,0,0,0,0,0,0,0,0,0,0,0,0,0,0,0,0,0,38,14,7,45,65476,0,300,0,0,8,21553,0.0,-107605600.0,0.0,0.0,0.0,0.0,0.0,0.0,0.0,0.0,0.0,0.0,0.0,0.0,0.0,0.0,0.0,0.0,0.0,0.0,0.0,0.0,-2.004,-2.004,-0.0,0.0,0.0,0.0,0.0,0.0,5071.0,0.0,0.0,0.0,-107615288.0,0.0,-0.0,0.0,0.0,0.0,0.0,53,2.3088403658719416e+20,4.066854413593191e+29,0.0,0.0,0.0,0.0,0.0,0.0,0.0,0,0,0,0.0,0.0,0.0,0.0,0.0,0.0,0.0,0.0,0.0,0.0,0.0,0.0,0.0,0.0,0.0,0.0,0,-107875648.0,53,0.0,106,-107614832.0,-107350944.0,ERR,ERR,ERR,ERR,ERR,ERR,ERR,ERR,ERR,ERR,ERR,ERR,ERR,ERR,ERR,ERR,ERR,ERR,ERR,ERR,ERR,ERR,ERR,ERR,ERR,ERR,ERR,ERR,ERR,ERR,ERR,ERR,ERR,ERR,ERR,ERR,ERR,ERR,ERR,ERR,ERR,ERR,ERR,ERR,ERR,ERR,ERR,ERR,ERR,ERR,ERR,ERR,ERR,ERR,ERR,ERR,ERR,ERR,ERR,ERR,ERR,ERR,ERR,ERR,ERR,ERR,ERR,50.0,60.0,100,0.0,0.0,0.0,0.0,0.0,0.0,0.0,0.0,0.0,0.0,0.0,0.0,0.0,0.0,0.0,0.0,61.6,65,20,65521,50,65476,0,300,0,0,8,20529,65476,0,0,26214,60.0,0.0,0.0,0.0,0.0,0.0
2026-05-17T16:15:06,ERR,ERR,ERR,ERR,ERR,ERR,ERR,ERR,ERR,ERR,ERR,ERR,ERR,ERR,ERR,ERR,ERR,ERR,ERR,ERR,ERR,ERR,ERR,ERR,ERR,ERR,ERR,ERR,ERR,ERR,ERR,ERR,ERR,ERR,ERR,ERR,ERR,ERR,ERR,ERR,ERR,ERR,ERR,ERR,ERR,ERR,ERR,ERR,ERR,ERR,ERR,ERR,ERR,ERR,ERR,ERR,ERR,ERR,ERR,ERR,ERR,ERR,ERR,ERR,ERR,ERR,ERR,ERR,ERR,ERR,ERR,ERR,ERR,ERR,ERR,ERR,ERR,ERR,ERR,ERR,ERR,ERR,ERR,ERR,ERR,ERR,ERR,ERR,ERR,ERR,ERR,ERR,ERR,ERR,ERR,ERR,ERR,ERR,ERR,ERR,ERR,ERR,ERR,ERR,ERR,ERR,ERR,ERR,ERR,ERR,ERR,ERR,ERR,ERR,ERR,ERR,ERR,ERR,ERR,ERR,ERR,ERR,ERR,ERR,ERR,0.0,-107615288.0,-134474944.0,0.0,0.0,1.3936040501711995e+18,7.805,0.0,0,0,4,0,8422,0.0,45,0.0,0.0,0.0,0.0,0.0,0,0,0,0,0.0,0,0,0,0,0,0,0,0,0,0,0,0,0,0,0,0,0,0,0,0,0,0,0,0,0,0,0,0,0,0,0,0,0,38,14,7,45,65476,0,300,0,0,8,21553,0.0,-107605600.0,0.0,0.0,0.0,0.0,0.0,0.0,0.0,0.0,0.0,0.0,0.0,0.0,0.0,0.0,0.0,0.0,0.0,0.0,0.0,0.0,-2.004,-2.004,-0.0,0.0,0.0,0.0,0.0,0.0,5071.0,0.0,0.0,0.0,-107615288.0,0.0,-0.0,0.0,0.0,0.0,0.0,53,2.3088403658719416e+20,4.066854413593191e+29,0.0,0.0,0.0,0.0,0.0,0.0,0.0,0,0,0,0.0,0.0,0.0,0.0,0.0,0.0,0.0,0.0,0.0,0.0,0.0,0.0,0.0,0.0,0.0,0.0,0,-107875648.0,53,0.0,106,-107614832.0,-107350944.0,ERR,ERR,ERR,ERR,ERR,ERR,ERR,ERR,ERR,ERR,ERR,ERR,ERR,ERR,ERR,ERR,ERR,ERR,ERR,ERR,ERR,ERR,ERR,ERR,ERR,ERR,ERR,ERR,ERR,ERR,ERR,ERR,ERR,ERR,ERR,ERR,ERR,ERR,ERR,ERR,ERR,ERR,ERR,ERR,ERR,ERR,ERR,ERR,ERR,ERR,ERR,ERR,ERR,ERR,ERR,ERR,ERR,ERR,ERR,ERR,ERR,ERR,ERR,ERR,ERR,ERR,ERR,50.0,60.0,100,0.0,0.0,0.0,0.0,0.0,0.0,0.0,0.0,0.0,0.0,0.0,0.0,0.0,0.0,0.0,0.0,61.6,65,20,65521,50,65476,0,300,0,0,8,20529,65476,0,0,26214,60.0,0.0,0.0,0.0,0.0,0.0
2026-05-17T16:15:07,ERR,ERR,ERR,ERR,ERR,ERR,ERR,ERR,ERR,ERR,ERR,ERR,ERR,ERR,ERR,ERR,ERR,ERR,ERR,ERR,ERR,ERR,ERR,ERR,ERR,ERR,ERR,ERR,ERR,ERR,ERR,ERR,ERR,ERR,ERR,ERR,ERR,ERR,ERR,ERR,ERR,ERR,ERR,ERR,ERR,ERR,ERR,ERR,ERR,ERR,ERR,ERR,ERR,ERR,ERR,ERR,ERR,ERR,ERR,ERR,ERR,ERR,ERR,ERR,ERR,ERR,ERR,ERR,ERR,ERR,ERR,ERR,ERR,ERR,ERR,ERR,ERR,ERR,ERR,ERR,ERR,ERR,ERR,ERR,ERR,ERR,ERR,ERR,ERR,ERR,ERR,ERR,ERR,ERR,ERR,ERR,ERR,ERR,ERR,ERR,ERR,ERR,ERR,ERR,ERR,ERR,ERR,ERR,ERR,ERR,ERR,ERR,ERR,ERR,ERR,ERR,ERR,ERR,ERR,ERR,ERR,ERR,ERR,ERR,ERR,0.0,-107615288.0,-134474944.0,0.0,0.0,1.3936040501711995e+18,7.805,0.0,0,0,4,0,8422,0.0,45,0.0,0.0,0.0,0.0,0.0,0,0,0,0,0.0,0,0,0,0,0,0,0,0,0,0,0,0,0,0,0,0,0,0,0,0,0,0,0,0,0,0,0,0,0,0,0,0,0,38,14,7,45,65476,0,300,0,0,8,21553,0.0,-107605600.0,0.0,0.0,0.0,0.0,0.0,0.0,0.0,0.0,0.0,0.0,0.0,0.0,0.0,0.0,0.0,0.0,0.0,0.0,0.0,0.0,-2.004,-2.004,-0.0,0.0,0.0,0.0,0.0,0.0,5071.0,0.0,0.0,0.0,-107615288.0,0.0,-0.0,0.0,0.0,0.0,0.0,53,2.3088403658719416e+20,4.066854413593191e+29,0.0,0.0,0.0,0.0,0.0,0.0,0.0,0,0,0,0.0,0.0,0.0,0.0,0.0,0.0,0.0,0.0,0.0,0.0,0.0,0.0,0.0,0.0,0.0,0.0,0,-107875648.0,53,0.0,106,-107614832.0,-107350944.0,ERR,ERR,ERR,ERR,ERR,ERR,ERR,ERR,ERR,ERR,ERR,ERR,ERR,ERR,ERR,ERR,ERR,ERR,ERR,ERR,ERR,ERR,ERR,ERR,ERR,ERR,ERR,ERR,ERR,ERR,ERR,ERR,ERR,ERR,ERR,ERR,ERR,ERR,ERR,ERR,ERR,ERR,ERR,ERR,ERR,ERR,ERR,ERR,ERR,ERR,ERR,ERR,ERR,ERR,ERR,ERR,ERR,ERR,ERR,ERR,ERR,ERR,ERR,ERR,ERR,ERR,ERR,50.0,60.0,100,0.0,0.0,0.0,0.0,0.0,0.0,0.0,0.0,0.0,0.0,0.0,0.0,0.0,0.0,0.0,0.0,61.6,65,20,65521,50,65476,0,300,0,0,8,20529,65476,0,0,26214,60.0,0.0,0.0,0.0,0.0,0.0
2026-05-17T16:15:08,ERR,ERR,ERR,ERR,ERR,ERR,ERR,ERR,ERR,ERR,ERR,ERR,ERR,ERR,ERR,ERR,ERR,ERR,ERR,ERR,ERR,ERR,ERR,ERR,ERR,ERR,ERR,ERR,ERR,ERR,ERR,ERR,ERR,ERR,ERR,ERR,ERR,ERR,ERR,ERR,ERR,ERR,ERR,ERR,ERR,ERR,ERR,ERR,ERR,ERR,ERR,ERR,ERR,ERR,ERR,ERR,ERR,ERR,ERR,ERR,ERR,ERR,ERR,ERR,ERR,ERR,ERR,ERR,ERR,ERR,ERR,ERR,ERR,ERR,ERR,ERR,ERR,ERR,ERR,ERR,ERR,ERR,ERR,ERR,ERR,ERR,ERR,ERR,ERR,ERR,ERR,ERR,ERR,ERR,ERR,ERR,ERR,ERR,ERR,ERR,ERR,ERR,ERR,ERR,ERR,ERR,ERR,ERR,ERR,ERR,ERR,ERR,ERR,ERR,ERR,ERR,ERR,ERR,ERR,ERR,ERR,ERR,ERR,ERR,ERR,0.0,-107615288.0,-134474944.0,0.0,0.0,1.3936040501711995e+18,7.805,0.0,0,0,4,0,8422,0.0,45,0.0,0.0,0.0,0.0,0.0,0,0,0,0,0.0,0,0,0,0,0,0,0,0,0,0,0,0,0,0,0,0,0,0,0,0,0,0,0,0,0,0,0,0,0,0,0,0,0,38,14,7,45,65476,0,300,0,0,8,21553,0.0,-107605600.0,0.0,0.0,0.0,0.0,0.0,0.0,0.0,0.0,0.0,0.0,0.0,0.0,0.0,0.0,0.0,0.0,0.0,0.0,0.0,0.0,-2.004,-2.004,-0.0,0.0,0.0,0.0,0.0,0.0,5071.0,0.0,0.0,0.0,-107615288.0,0.0,-0.0,0.0,0.0,0.0,0.0,53,2.3088403658719416e+20,4.066854413593191e+29,0.0,0.0,0.0,0.0,0.0,0.0,0.0,0,0,0,0.0,0.0,0.0,0.0,0.0,0.0,0.0,0.0,0.0,0.0,0.0,0.0,0.0,0.0,0.0,0.0,0,-107875648.0,53,0.0,106,-107614832.0,-107350944.0,ERR,ERR,ERR,ERR,ERR,ERR,ERR,ERR,ERR,ERR,ERR,ERR,ERR,ERR,ERR,ERR,ERR,ERR,ERR,ERR,ERR,ERR,ERR,ERR,ERR,ERR,ERR,ERR,ERR,ERR,ERR,ERR,ERR,ERR,ERR,ERR,ERR,ERR,ERR,ERR,ERR,ERR,ERR,ERR,ERR,ERR,ERR,ERR,ERR,ERR,ERR,ERR,ERR,ERR,ERR,ERR,ERR,ERR,ERR,ERR,ERR,ERR,ERR,ERR,ERR,ERR,ERR,50.0,60.0,100,0.0,0.0,0.0,0.0,0.0,0.0,0.0,0.0,0.0,0.0,0.0,0.0,0.0,0.0,0.0,0.0,61.6,65,20,65521,50,65476,0,300,0,0,8,20529,65476,0,0,26214,60.0,0.0,0.0,0.0,0.0,0.0
2026-05-17T16:15:09,ERR,ERR,ERR,ERR,ERR,ERR,ERR,ERR,ERR,ERR,ERR,ERR,ERR,ERR,ERR,ERR,ERR,ERR,ERR,ERR,ERR,ERR,ERR,ERR,ERR,ERR,ERR,ERR,ERR,ERR,ERR,ERR,ERR,ERR,ERR,ERR,ERR,ERR,ERR,ERR,ERR,ERR,ERR,ERR,ERR,ERR,ERR,ERR,ERR,ERR,ERR,ERR,ERR,ERR,ERR,ERR,ERR,ERR,ERR,ERR,ERR,ERR,ERR,ERR,ERR,ERR,ERR,ERR,ERR,ERR,ERR,ERR,ERR,ERR,ERR,ERR,ERR,ERR,ERR,ERR,ERR,ERR,ERR,ERR,ERR,ERR,ERR,ERR,ERR,ERR,ERR,ERR,ERR,ERR,ERR,ERR,ERR,ERR,ERR,ERR,ERR,ERR,ERR,ERR,ERR,ERR,ERR,ERR,ERR,ERR,ERR,ERR,ERR,ERR,ERR,ERR,ERR,ERR,ERR,ERR,ERR,ERR,ERR,ERR,ERR,0.0,-107615288.0,-134474944.0,0.0,0.0,1.3936040501711995e+18,7.805,0.0,0,0,4,0,8422,0.0,45,0.0,0.0,0.0,0.0,0.0,0,0,0,0,0.0,0,0,0,0,0,0,0,0,0,0,0,0,0,0,0,0,0,0,0,0,0,0,0,0,0,0,0,0,0,0,0,0,0,38,14,7,45,65476,0,300,0,0,8,21553,0.0,-107605600.0,0.0,0.0,0.0,0.0,0.0,0.0,0.0,0.0,0.0,0.0,0.0,0.0,0.0,0.0,0.0,0.0,0.0,0.0,0.0,0.0,-2.004,-2.004,-0.0,0.0,0.0,0.0,0.0,0.0,5071.0,0.0,0.0,0.0,-107615288.0,0.0,-0.0,0.0,0.0,0.0,0.0,53,2.3088403658719416e+20,4.066854413593191e+29,0.0,0.0,0.0,0.0,0.0,0.0,0.0,0,0,0,0.0,0.0,0.0,0.0,0.0,0.0,0.0,0.0,0.0,0.0,0.0,0.0,0.0,0.0,0.0,0.0,0,-107875648.0,53,0.0,106,-107614832.0,-107350944.0,ERR,ERR,ERR,ERR,ERR,ERR,ERR,ERR,ERR,ERR,ERR,ERR,ERR,ERR,ERR,ERR,ERR,ERR,ERR,ERR,ERR,ERR,ERR,ERR,ERR,ERR,ERR,ERR,ERR,ERR,ERR,ERR,ERR,ERR,ERR,ERR,ERR,ERR,ERR,ERR,ERR,ERR,ERR,ERR,ERR,ERR,ERR,ERR,ERR,ERR,ERR,ERR,ERR,ERR,ERR,ERR,ERR,ERR,ERR,ERR,ERR,ERR,ERR,ERR,ERR,ERR,ERR,50.0,60.0,100,0.0,0.0,0.0,0.0,0.0,0.0,0.0,0.0,0.0,0.0,0.0,0.0,0.0,0.0,0.0,0.0,61.6,65,20,65521,50,65476,0,300,0,0,8,20529,65476,0,0,26214,60.0,0.0,0.0,0.0,0.0,0.0
2026-05-17T16:15:10,ERR,ERR,ERR,ERR,ERR,ERR,ERR,ERR,ERR,ERR,ERR,ERR,ERR,ERR,ERR,ERR,ERR,ERR,ERR,ERR,ERR,ERR,ERR,ERR,ERR,ERR,ERR,ERR,ERR,ERR,ERR,ERR,ERR,ERR,ERR,ERR,ERR,ERR,ERR,ERR,ERR,ERR,ERR,ERR,ERR,ERR,ERR,ERR,ERR,ERR,ERR,ERR,ERR,ERR,ERR,ERR,ERR,ERR,ERR,ERR,ERR,ERR,ERR,ERR,ERR,ERR,ERR,ERR,ERR,ERR,ERR,ERR,ERR,ERR,ERR,ERR,ERR,ERR,ERR,ERR,ERR,ERR,ERR,ERR,ERR,ERR,ERR,ERR,ERR,ERR,ERR,ERR,ERR,ERR,ERR,ERR,ERR,ERR,ERR,ERR,ERR,ERR,ERR,ERR,ERR,ERR,ERR,ERR,ERR,ERR,ERR,ERR,ERR,ERR,ERR,ERR,ERR,ERR,ERR,ERR,ERR,ERR,ERR,ERR,ERR,0.0,-0.0,-0.0,0.0,0.0,1.3936040501711995e+18,7.805,0.0,0,0,4,0,8422,0.0,45,0.0,0.0,0.0,0.0,0.0,0,0,0,0,0.0,0,0,0,0,0,0,0,0,0,0,0,0,0,0,0,0,0,0,0,0,0,0,0,0,0,0,0,0,0,0,0,0,0,38,14,7,45,65476,0,300,0,0,8,21553,0.0,-107605600.0,0.0,0.0,0.0,0.0,0.0,0.0,0.0,0.0,0.0,0.0,0.0,0.0,0.0,0.0,0.0,0.0,0.0,0.0,0.0,0.0,-2.004,-2.004,-0.0,0.0,0.0,0.0,0.0,0.0,5039.0,-2.004,0.0,0.0,-0.0,0.0,-0.0,0.0,0.0,0.0,0.0,53,2.3088403658719416e+20,-3.222003136178649e+26,0.0,0.0,0.0,0.0,0.0,0.0,0.0,0,0,0,0.0,0.0,0.0,0.0,0.0,0.0,0.0,0.0,0.0,0.0,0.0,0.0,0.0,0.0,0.0,0.0,0,-107875648.0,53,0.0,106,-107614832.0,-107350944.0,ERR,ERR,ERR,ERR,ERR,ERR,ERR,ERR,ERR,ERR,ERR,ERR,ERR,ERR,ERR,ERR,ERR,ERR,ERR,ERR,ERR,ERR,ERR,ERR,ERR,ERR,ERR,ERR,ERR,ERR,ERR,ERR,ERR,ERR,ERR,ERR,ERR,ERR,ERR,ERR,ERR,ERR,ERR,ERR,ERR,ERR,ERR,ERR,ERR,ERR,ERR,ERR,ERR,ERR,ERR,ERR,ERR,ERR,ERR,ERR,ERR,ERR,ERR,ERR,ERR,ERR,ERR,50.0,60.0,100,0.0,0.0,0.0,0.0,0.0,0.0,0.0,0.0,0.0,0.0,0.0,0.0,0.0,0.0,0.0,0.0,62.0,65,20,65521,50,65476,0,300,0,0,8,20529,65476,0,0,26214,60.0,0.0,0.0,0.0,0.0,0.0
2026-05-17T16:15:11,ERR,ERR,ERR,ERR,ERR,ERR,ERR,ERR,ERR,ERR,ERR,ERR,ERR,ERR,ERR,ERR,ERR,ERR,ERR,ERR,ERR,ERR,ERR,ERR,ERR,ERR,ERR,ERR,ERR,ERR,ERR,ERR,ERR,ERR,ERR,ERR,ERR,ERR,ERR,ERR,ERR,ERR,ERR,ERR,ERR,ERR,ERR,ERR,ERR,ERR,ERR,ERR,ERR,ERR,ERR,ERR,ERR,ERR,ERR,ERR,ERR,ERR,ERR,ERR,ERR,ERR,ERR,ERR,ERR,ERR,ERR,ERR,ERR,ERR,ERR,ERR,ERR,ERR,ERR,ERR,ERR,ERR,ERR,ERR,ERR,ERR,ERR,ERR,ERR,ERR,ERR,ERR,ERR,ERR,ERR,ERR,ERR,ERR,ERR,ERR,ERR,ERR,ERR,ERR,ERR,ERR,ERR,ERR,ERR,ERR,ERR,ERR,ERR,ERR,ERR,ERR,ERR,ERR,ERR,ERR,ERR,ERR,ERR,ERR,ERR,0.0,-0.0,-0.0,0.0,0.0,1.3936040501711995e+18,7.805,0.0,0,0,4,0,8422,0.0,45,0.0,0.0,0.0,0.0,0.0,0,0,0,0,0.0,0,0,0,0,0,0,0,0,0,0,0,0,0,0,0,0,0,0,0,0,0,0,0,0,0,0,0,0,0,0,0,0,0,38,14,7,45,65476,0,300,0,0,8,21553,0.0,-107605600.0,0.0,0.0,0.0,0.0,0.0,0.0,0.0,0.0,0.0,0.0,0.0,0.0,0.0,0.0,0.0,0.0,0.0,0.0,0.0,0.0,-2.004,-2.004,-0.0,0.0,0.0,0.0,0.0,0.0,5039.0,-2.004,0.0,0.0,-0.0,0.0,-0.0,0.0,0.0,0.0,0.0,53,2.3088403658719416e+20,-3.222003136178649e+26,0.0,0.0,0.0,0.0,0.0,0.0,0.0,0,0,0,0.0,0.0,0.0,0.0,0.0,0.0,0.0,0.0,0.0,0.0,0.0,0.0,0.0,0.0,0.0,0.0,0,-107875648.0,53,0.0,106,-107614832.0,-107350944.0,ERR,ERR,ERR,ERR,ERR,ERR,ERR,ERR,ERR,ERR,ERR,ERR,ERR,ERR,ERR,ERR,ERR,ERR,ERR,ERR,ERR,ERR,ERR,ERR,ERR,ERR,ERR,ERR,ERR,ERR,ERR,ERR,ERR,ERR,ERR,ERR,ERR,ERR,ERR,ERR,ERR,ERR,ERR,ERR,ERR,ERR,ERR,ERR,ERR,ERR,ERR,ERR,ERR,ERR,ERR,ERR,ERR,ERR,ERR,ERR,ERR,ERR,ERR,ERR,ERR,ERR,ERR,50.0,60.0,100,0.0,0.0,0.0,0.0,0.0,0.0,0.0,0.0,0.0,0.0,0.0,0.0,0.0,0.0,0.0,0.0,61.6,65,20,65521,50,65476,0,300,0,0,8,20529,65476,0,0,26214,60.0,0.0,0.0,0.0,0.0,0.0
2026-05-17T16:15:12,ERR,ERR,ERR,ERR,ERR,ERR,ERR,ERR,ERR,ERR,ERR,ERR,ERR,ERR,ERR,ERR,ERR,ERR,ERR,ERR,ERR,ERR,ERR,ERR,ERR,ERR,ERR,ERR,ERR,ERR,ERR,ERR,ERR,ERR,ERR,ERR,ERR,ERR,ERR,ERR,ERR,ERR,ERR,ERR,ERR,ERR,ERR,ERR,ERR,ERR,ERR,ERR,ERR,ERR,ERR,ERR,ERR,ERR,ERR,ERR,ERR,ERR,ERR,ERR,ERR,ERR,ERR,ERR,ERR,ERR,ERR,ERR,ERR,ERR,ERR,ERR,ERR,ERR,ERR,ERR,ERR,ERR,ERR,ERR,ERR,ERR,ERR,ERR,ERR,ERR,ERR,ERR,ERR,ERR,ERR,ERR,ERR,ERR,ERR,ERR,ERR,ERR,ERR,ERR,ERR,ERR,ERR,ERR,ERR,ERR,ERR,ERR,ERR,ERR,ERR,ERR,ERR,ERR,ERR,ERR,ERR,ERR,ERR,ERR,ERR,0.0,-0.0,-0.0,0.0,0.0,1.3936040501711995e+18,7.805,0.0,0,0,4,0,8422,0.0,45,0.0,0.0,0.0,0.0,0.0,0,0,0,0,0.0,0,0,0,0,0,0,0,0,0,0,0,0,0,0,0,0,0,0,0,0,0,0,0,0,0,0,0,0,0,0,0,0,0,38,14,7,45,65476,0,300,0,0,8,21553,0.0,-107605600.0,0.0,0.0,0.0,0.0,0.0,0.0,0.0,0.0,0.0,0.0,0.0,0.0,0.0,0.0,0.0,0.0,0.0,0.0,0.0,0.0,-2.004,-2.004,-0.0,0.0,0.0,0.0,0.0,0.0,5039.0,-2.004,0.0,0.0,-0.0,0.0,-0.0,0.0,0.0,0.0,0.0,53,2.3088403658719416e+20,-3.222003136178649e+26,0.0,0.0,0.0,0.0,0.0,0.0,0.0,0,0,0,0.0,0.0,0.0,0.0,0.0,0.0,0.0,0.0,0.0,0.0,0.0,0.0,0.0,0.0,0.0,0.0,0,-107875648.0,53,0.0,106,-107614832.0,-107350944.0,ERR,ERR,ERR,ERR,ERR,ERR,ERR,ERR,ERR,ERR,ERR,ERR,ERR,ERR,ERR,ERR,ERR,ERR,ERR,ERR,ERR,ERR,ERR,ERR,ERR,ERR,ERR,ERR,ERR,ERR,ERR,ERR,ERR,ERR,ERR,ERR,ERR,ERR,ERR,ERR,ERR,ERR,ERR,ERR,ERR,ERR,ERR,ERR,ERR,ERR,ERR,ERR,ERR,ERR,ERR,ERR,ERR,ERR,ERR,ERR,ERR,ERR,ERR,ERR,ERR,ERR,ERR,50.0,60.0,100,0.0,0.0,0.0,0.0,0.0,0.0,0.0,0.0,0.0,0.0,0.0,0.0,0.0,0.0,0.0,0.0,61.6,65,20,65521,50,65476,0,300,0,0,8,20529,65476,0,0,26214,60.0,0.0,0.0,0.0,0.0,0.0
2026-05-17T16:15:13,ERR,ERR,ERR,ERR,ERR,ERR,ERR,ERR,ERR,ERR,ERR,ERR,ERR,ERR,ERR,ERR,ERR,ERR,ERR,ERR,ERR,ERR,ERR,ERR,ERR,ERR,ERR,ERR,ERR,ERR,ERR,ERR,ERR,ERR,ERR,ERR,ERR,ERR,ERR,ERR,ERR,ERR,ERR,ERR,ERR,ERR,ERR,ERR,ERR,ERR,ERR,ERR,ERR,ERR,ERR,ERR,ERR,ERR,ERR,ERR,ERR,ERR,ERR,ERR,ERR,ERR,ERR,ERR,ERR,ERR,ERR,ERR,ERR,ERR,ERR,ERR,ERR,ERR,ERR,ERR,ERR,ERR,ERR,ERR,ERR,ERR,ERR,ERR,ERR,ERR,ERR,ERR,ERR,ERR,ERR,ERR,ERR,ERR,ERR,ERR,ERR,ERR,ERR,ERR,ERR,ERR,ERR,ERR,ERR,ERR,ERR,ERR,ERR,ERR,ERR,ERR,ERR,ERR,ERR,ERR,ERR,ERR,ERR,ERR,ERR,0.0,-0.0,-0.0,0.0,0.0,1.3936040501711995e+18,7.805,0.0,0,0,4,0,8422,0.0,45,0.0,0.0,0.0,0.0,0.0,0,0,0,0,0.0,0,0,0,0,0,0,0,0,0,0,0,0,0,0,0,0,0,0,0,0,0,0,0,0,0,0,0,0,0,0,0,0,0,38,14,7,45,65476,0,300,0,0,8,21553,0.0,-107605600.0,0.0,0.0,0.0,0.0,0.0,0.0,0.0,0.0,0.0,0.0,0.0,0.0,0.0,0.0,0.0,0.0,0.0,0.0,0.0,0.0,-2.004,-2.004,-0.0,0.0,0.0,0.0,0.0,0.0,5039.0,-2.004,0.0,0.0,-0.0,0.0,-0.0,0.0,0.0,0.0,0.0,53,2.3088403658719416e+20,-3.222003136178649e+26,0.0,0.0,0.0,0.0,0.0,0.0,0.0,0,0,0,0.0,0.0,0.0,0.0,0.0,0.0,0.0,0.0,0.0,0.0,0.0,0.0,0.0,0.0,0.0,0.0,0,-107875648.0,53,0.0,106,-107614832.0,-107350944.0,ERR,ERR,ERR,ERR,ERR,ERR,ERR,ERR,ERR,ERR,ERR,ERR,ERR,ERR,ERR,ERR,ERR,ERR,ERR,ERR,ERR,ERR,ERR,ERR,ERR,ERR,ERR,ERR,ERR,ERR,ERR,ERR,ERR,ERR,ERR,ERR,ERR,ERR,ERR,ERR,ERR,ERR,ERR,ERR,ERR,ERR,ERR,ERR,ERR,ERR,ERR,ERR,ERR,ERR,ERR,ERR,ERR,ERR,ERR,ERR,ERR,ERR,ERR,ERR,ERR,ERR,ERR,50.0,60.0,100,0.0,0.0,0.0,0.0,0.0,0.0,0.0,0.0,0.0,0.0,0.0,0.0,0.0,0.0,0.0,0.0,61.6,65,20,65521,50,65476,0,300,0,0,8,20529,65476,0,0,26214,60.0,0.0,0.0,0.0,0.0,0.0
2026-05-17T16:15:14,ERR,ERR,ERR,ERR,ERR,ERR,ERR,ERR,ERR,ERR,ERR,ERR,ERR,ERR,ERR,ERR,ERR,ERR,ERR,ERR,ERR,ERR,ERR,ERR,ERR,ERR,ERR,ERR,ERR,ERR,ERR,ERR,ERR,ERR,ERR,ERR,ERR,ERR,ERR,ERR,ERR,ERR,ERR,ERR,ERR,ERR,ERR,ERR,ERR,ERR,ERR,ERR,ERR,ERR,ERR,ERR,ERR,ERR,ERR,ERR,ERR,ERR,ERR,ERR,ERR,ERR,ERR,ERR,ERR,ERR,ERR,ERR,ERR,ERR,ERR,ERR,ERR,ERR,ERR,ERR,ERR,ERR,ERR,ERR,ERR,ERR,ERR,ERR,ERR,ERR,ERR,ERR,ERR,ERR,ERR,ERR,ERR,ERR,ERR,ERR,ERR,ERR,ERR,ERR,ERR,ERR,ERR,ERR,ERR,ERR,ERR,ERR,ERR,ERR,ERR,ERR,ERR,ERR,ERR,ERR,ERR,ERR,ERR,ERR,ERR,0.0,-0.0,-0.0,0.0,0.0,1.3936040501711995e+18,7.805,0.0,0,0,4,0,8422,0.0,45,0.0,0.0,0.0,0.0,0.0,0,0,0,0,0.0,0,0,0,0,0,0,0,0,0,0,0,0,0,0,0,0,0,0,0,0,0,0,0,0,0,0,0,0,0,0,0,0,0,38,14,7,45,65476,0,300,0,0,8,21553,0.0,-107605600.0,0.0,0.0,0.0,0.0,0.0,0.0,0.0,0.0,0.0,0.0,0.0,0.0,0.0,0.0,0.0,0.0,0.0,0.0,0.0,0.0,-2.004,-2.004,-0.0,0.0,0.0,0.0,0.0,0.0,5039.0,-2.004,0.0,0.0,-0.0,0.0,-0.0,0.0,0.0,0.0,0.0,53,2.3088403658719416e+20,-3.222003136178649e+26,0.0,0.0,0.0,0.0,0.0,0.0,0.0,0,0,0,0.0,0.0,0.0,0.0,0.0,0.0,0.0,0.0,0.0,0.0,0.0,0.0,0.0,0.0,0.0,0.0,0,-107875648.0,53,0.0,106,-107614832.0,-107350944.0,ERR,ERR,ERR,ERR,ERR,ERR,ERR,ERR,ERR,ERR,ERR,ERR,ERR,ERR,ERR,ERR,ERR,ERR,ERR,ERR,ERR,ERR,ERR,ERR,ERR,ERR,ERR,ERR,ERR,ERR,ERR,ERR,ERR,ERR,ERR,ERR,ERR,ERR,ERR,ERR,ERR,ERR,ERR,ERR,ERR,ERR,ERR,ERR,ERR,ERR,ERR,ERR,ERR,ERR,ERR,ERR,ERR,ERR,ERR,ERR,ERR,ERR,ERR,ERR,ERR,ERR,ERR,50.0,60.0,100,0.0,0.0,0.0,0.0,0.0,0.0,0.0,0.0,0.0,0.0,0.0,0.0,0.0,0.0,0.0,0.0,61.6,65,20,65521,50,65476,0,300,0,0,8,20529,65476,0,0,26214,60.0,0.0,0.0,0.0,0.0,0.0
2026-05-17T16:15:15,ERR,ERR,ERR,ERR,ERR,ERR,ERR,ERR,ERR,ERR,ERR,ERR,ERR,ERR,ERR,ERR,ERR,ERR,ERR,ERR,ERR,ERR,ERR,ERR,ERR,ERR,ERR,ERR,ERR,ERR,ERR,ERR,ERR,ERR,ERR,ERR,ERR,ERR,ERR,ERR,ERR,ERR,ERR,ERR,ERR,ERR,ERR,ERR,ERR,ERR,ERR,ERR,ERR,ERR,ERR,ERR,ERR,ERR,ERR,ERR,ERR,ERR,ERR,ERR,ERR,ERR,ERR,ERR,ERR,ERR,ERR,ERR,ERR,ERR,ERR,ERR,ERR,ERR,ERR,ERR,ERR,ERR,ERR,ERR,ERR,ERR,ERR,ERR,ERR,ERR,ERR,ERR,ERR,ERR,ERR,ERR,ERR,ERR,ERR,ERR,ERR,ERR,ERR,ERR,ERR,ERR,ERR,ERR,ERR,ERR,ERR,ERR,ERR,ERR,ERR,ERR,ERR,ERR,ERR,ERR,ERR,ERR,ERR,ERR,ERR,0.0,-107615288.0,-134474944.0,0.0,0.0,1.3936040501711995e+18,7.805,0.0,0,0,4,0,8422,0.0,45,0.0,0.0,0.0,0.0,0.0,0,0,0,0,0.0,0,0,0,0,0,0,0,0,0,0,0,0,0,0,0,0,0,0,0,0,0,0,0,0,0,0,0,0,0,0,0,0,0,38,14,7,45,65476,0,300,0,0,8,21553,0.0,-107605600.0,0.0,0.0,0.0,0.0,0.0,0.0,0.0,0.0,0.0,0.0,0.0,0.0,0.0,0.0,0.0,0.0,0.0,0.0,0.0,0.0,-2.004,-0.0,-0.0,-2.004,0.0,0.0,0.0,0.0,5033.0,0.0,0.0,0.0,-107615288.0,0.0,-0.0,0.0,0.0,0.0,0.0,53,71.63,0.0,0.0,0.0,0.0,0.0,0.0,0.0,0.0,0,0,0,0.0,0.0,0.0,0.0,0.0,0.0,0.0,0.0,0.0,0.0,0.0,0.0,0.0,0.0,0.0,0.0,0,-107875648.0,53,0.0,106,-107614832.0,-107350944.0,ERR,ERR,ERR,ERR,ERR,ERR,ERR,ERR,ERR,ERR,ERR,ERR,ERR,ERR,ERR,ERR,ERR,ERR,ERR,ERR,ERR,ERR,ERR,ERR,ERR,ERR,ERR,ERR,ERR,ERR,ERR,ERR,ERR,ERR,ERR,ERR,ERR,ERR,ERR,ERR,ERR,ERR,ERR,ERR,ERR,ERR,ERR,ERR,ERR,ERR,ERR,ERR,ERR,ERR,ERR,ERR,ERR,ERR,ERR,ERR,ERR,ERR,ERR,ERR,ERR,ERR,ERR,50.0,60.0,100,0.0,0.0,0.0,0.0,0.0,0.0,0.0,0.0,0.0,0.0,0.0,0.0,0.0,0.0,0.0,0.0,62.0,65,20,65521,50,65476,0,300,0,0,8,20529,65476,0,0,26214,60.0,0.0,0.0,0.0,0.0,0.0
2026-05-17T16:15:16,ERR,ERR,ERR,ERR,ERR,ERR,ERR,ERR,ERR,ERR,ERR,ERR,ERR,ERR,ERR,ERR,ERR,ERR,ERR,ERR,ERR,ERR,ERR,ERR,ERR,ERR,ERR,ERR,ERR,ERR,ERR,ERR,ERR,ERR,ERR,ERR,ERR,ERR,ERR,ERR,ERR,ERR,ERR,ERR,ERR,ERR,ERR,ERR,ERR,ERR,ERR,ERR,ERR,ERR,ERR,ERR,ERR,ERR,ERR,ERR,ERR,ERR,ERR,ERR,ERR,ERR,ERR,ERR,ERR,ERR,ERR,ERR,ERR,ERR,ERR,ERR,ERR,ERR,ERR,ERR,ERR,ERR,ERR,ERR,ERR,ERR,ERR,ERR,ERR,ERR,ERR,ERR,ERR,ERR,ERR,ERR,ERR,ERR,ERR,ERR,ERR,ERR,ERR,ERR,ERR,ERR,ERR,ERR,ERR,ERR,ERR,ERR,ERR,ERR,ERR,ERR,ERR,ERR,ERR,ERR,ERR,ERR,ERR,ERR,ERR,0.0,-107615288.0,-134474944.0,0.0,0.0,1.3936040501711995e+18,7.805,0.0,0,0,4,0,8422,0.0,45,0.0,0.0,0.0,0.0,0.0,0,0,0,0,0.0,0,0,0,0,0,0,0,0,0,0,0,0,0,0,0,0,0,0,0,0,0,0,0,0,0,0,0,0,0,0,0,0,0,38,14,7,45,65476,0,300,0,0,8,21553,0.0,-107605600.0,0.0,0.0,0.0,0.0,0.0,0.0,0.0,0.0,0.0,0.0,0.0,0.0,0.0,0.0,0.0,0.0,0.0,0.0,0.0,0.0,-2.004,-0.0,-0.0,-2.004,0.0,0.0,0.0,0.0,5033.0,0.0,0.0,0.0,-107615288.0,0.0,-0.0,0.0,0.0,0.0,0.0,53,71.63,0.0,0.0,0.0,0.0,0.0,0.0,0.0,0.0,0,0,0,0.0,0.0,0.0,0.0,0.0,0.0,0.0,0.0,0.0,0.0,0.0,0.0,0.0,0.0,0.0,0.0,0,-107875648.0,53,0.0,106,-107614832.0,-107350944.0,ERR,ERR,ERR,ERR,ERR,ERR,ERR,ERR,ERR,ERR,ERR,ERR,ERR,ERR,ERR,ERR,ERR,ERR,ERR,ERR,ERR,ERR,ERR,ERR,ERR,ERR,ERR,ERR,ERR,ERR,ERR,ERR,ERR,ERR,ERR,ERR,ERR,ERR,ERR,ERR,ERR,ERR,ERR,ERR,ERR,ERR,ERR,ERR,ERR,ERR,ERR,ERR,ERR,ERR,ERR,ERR,ERR,ERR,ERR,ERR,ERR,ERR,ERR,ERR,ERR,ERR,ERR,50.0,60.0,100,0.0,0.0,0.0,0.0,0.0,0.0,0.0,0.0,0.0,0.0,0.0,0.0,0.0,0.0,0.0,0.0,62.0,65,20,65521,50,65476,0,300,0,0,8,20529,65476,0,0,26214,60.0,0.0,0.0,0.0,0.0,0.0
2026-05-17T16:15:17,ERR,ERR,ERR,ERR,ERR,ERR,ERR,ERR,ERR,ERR,ERR,ERR,ERR,ERR,ERR,ERR,ERR,ERR,ERR,ERR,ERR,ERR,ERR,ERR,ERR,ERR,ERR,ERR,ERR,ERR,ERR,ERR,ERR,ERR,ERR,ERR,ERR,ERR,ERR,ERR,ERR,ERR,ERR,ERR,ERR,ERR,ERR,ERR,ERR,ERR,ERR,ERR,ERR,ERR,ERR,ERR,ERR,ERR,ERR,ERR,ERR,ERR,ERR,ERR,ERR,ERR,ERR,ERR,ERR,ERR,ERR,ERR,ERR,ERR,ERR,ERR,ERR,ERR,ERR,ERR,ERR,ERR,ERR,ERR,ERR,ERR,ERR,ERR,ERR,ERR,ERR,ERR,ERR,ERR,ERR,ERR,ERR,ERR,ERR,ERR,ERR,ERR,ERR,ERR,ERR,ERR,ERR,ERR,ERR,ERR,ERR,ERR,ERR,ERR,ERR,ERR,ERR,ERR,ERR,ERR,ERR,ERR,ERR,ERR,ERR,0.0,-107615288.0,-134474944.0,0.0,0.0,1.3936040501711995e+18,7.805,0.0,0,0,4,0,8422,0.0,45,0.0,0.0,0.0,0.0,0.0,0,0,0,0,0.0,0,0,0,0,0,0,0,0,0,0,0,0,0,0,0,0,0,0,0,0,0,0,0,0,0,0,0,0,0,0,0,0,0,38,14,7,45,65476,0,300,0,0,8,21553,0.0,-107605600.0,0.0,0.0,0.0,0.0,0.0,0.0,0.0,0.0,0.0,0.0,0.0,0.0,0.0,0.0,0.0,0.0,0.0,0.0,0.0,0.0,-2.004,-0.0,-0.0,-2.004,0.0,0.0,0.0,0.0,5033.0,0.0,0.0,0.0,-107615288.0,0.0,-0.0,0.0,0.0,0.0,0.0,53,71.63,0.0,0.0,0.0,0.0,0.0,0.0,0.0,0.0,0,0,0,0.0,0.0,0.0,0.0,0.0,0.0,0.0,0.0,0.0,0.0,0.0,0.0,0.0,0.0,0.0,0.0,0,-107875648.0,53,0.0,106,-107614832.0,-107350944.0,ERR,ERR,ERR,ERR,ERR,ERR,ERR,ERR,ERR,ERR,ERR,ERR,ERR,ERR,ERR,ERR,ERR,ERR,ERR,ERR,ERR,ERR,ERR,ERR,ERR,ERR,ERR,ERR,ERR,ERR,ERR,ERR,ERR,ERR,ERR,ERR,ERR,ERR,ERR,ERR,ERR,ERR,ERR,ERR,ERR,ERR,ERR,ERR,ERR,ERR,ERR,ERR,ERR,ERR,ERR,ERR,ERR,ERR,ERR,ERR,ERR,ERR,ERR,ERR,ERR,ERR,ERR,50.0,60.0,100,0.0,0.0,0.0,0.0,0.0,0.0,0.0,0.0,0.0,0.0,0.0,0.0,0.0,0.0,0.0,0.0,61.6,65,20,65521,50,65476,0,300,0,0,8,20529,65476,0,0,26214,60.0,0.0,0.0,0.0,0.0,0.0
2026-05-17T16:15:18,ERR,ERR,ERR,ERR,ERR,ERR,ERR,ERR,ERR,ERR,ERR,ERR,ERR,ERR,ERR,ERR,ERR,ERR,ERR,ERR,ERR,ERR,ERR,ERR,ERR,ERR,ERR,ERR,ERR,ERR,ERR,ERR,ERR,ERR,ERR,ERR,ERR,ERR,ERR,ERR,ERR,ERR,ERR,ERR,ERR,ERR,ERR,ERR,ERR,ERR,ERR,ERR,ERR,ERR,ERR,ERR,ERR,ERR,ERR,ERR,ERR,ERR,ERR,ERR,ERR,ERR,ERR,ERR,ERR,ERR,ERR,ERR,ERR,ERR,ERR,ERR,ERR,ERR,ERR,ERR,ERR,ERR,ERR,ERR,ERR,ERR,ERR,ERR,ERR,ERR,ERR,ERR,ERR,ERR,ERR,ERR,ERR,ERR,ERR,ERR,ERR,ERR,ERR,ERR,ERR,ERR,ERR,ERR,ERR,ERR,ERR,ERR,ERR,ERR,ERR,ERR,ERR,ERR,ERR,ERR,ERR,ERR,ERR,ERR,ERR,0.0,-107615288.0,-134474944.0,0.0,0.0,1.3936040501711995e+18,7.805,0.0,0,0,4,0,8422,0.0,45,0.0,0.0,0.0,0.0,0.0,0,0,0,0,0.0,0,0,0,0,0,0,0,0,0,0,0,0,0,0,0,0,0,0,0,0,0,0,0,0,0,0,0,0,0,0,0,0,0,38,14,7,45,65476,0,300,0,0,8,21553,0.0,-107605600.0,0.0,0.0,0.0,0.0,0.0,0.0,0.0,0.0,0.0,0.0,0.0,0.0,0.0,0.0,0.0,0.0,0.0,0.0,0.0,0.0,-2.004,-0.0,-0.0,-2.004,0.0,0.0,0.0,0.0,5033.0,0.0,0.0,0.0,-107615288.0,0.0,-0.0,0.0,0.0,0.0,0.0,53,71.63,0.0,0.0,0.0,0.0,0.0,0.0,0.0,0.0,0,0,0,0.0,0.0,0.0,0.0,0.0,0.0,0.0,0.0,0.0,0.0,0.0,0.0,0.0,0.0,0.0,0.0,0,-107875648.0,53,0.0,106,-107614832.0,-107350944.0,ERR,ERR,ERR,ERR,ERR,ERR,ERR,ERR,ERR,ERR,ERR,ERR,ERR,ERR,ERR,ERR,ERR,ERR,ERR,ERR,ERR,ERR,ERR,ERR,ERR,ERR,ERR,ERR,ERR,ERR,ERR,ERR,ERR,ERR,ERR,ERR,ERR,ERR,ERR,ERR,ERR,ERR,ERR,ERR,ERR,ERR,ERR,ERR,ERR,ERR,ERR,ERR,ERR,ERR,ERR,ERR,ERR,ERR,ERR,ERR,ERR,ERR,ERR,ERR,ERR,ERR,ERR,50.0,60.0,100,0.0,0.0,0.0,0.0,0.0,0.0,0.0,0.0,0.0,0.0,0.0,0.0,0.0,0.0,0.0,0.0,62.0,65,20,65521,50,65476,0,300,0,0,8,20529,65476,0,0,26214,60.0,0.0,0.0,0.0,0.0,0.0
2026-05-17T16:15:19,ERR,ERR,ERR,ERR,ERR,ERR,ERR,ERR,ERR,ERR,ERR,ERR,ERR,ERR,ERR,ERR,ERR,ERR,ERR,ERR,ERR,ERR,ERR,ERR,ERR,ERR,ERR,ERR,ERR,ERR,ERR,ERR,ERR,ERR,ERR,ERR,ERR,ERR,ERR,ERR,ERR,ERR,ERR,ERR,ERR,ERR,ERR,ERR,ERR,ERR,ERR,ERR,ERR,ERR,ERR,ERR,ERR,ERR,ERR,ERR,ERR,ERR,ERR,ERR,ERR,ERR,ERR,ERR,ERR,ERR,ERR,ERR,ERR,ERR,ERR,ERR,ERR,ERR,ERR,ERR,ERR,ERR,ERR,ERR,ERR,ERR,ERR,ERR,ERR,ERR,ERR,ERR,ERR,ERR,ERR,ERR,ERR,ERR,ERR,ERR,ERR,ERR,ERR,ERR,ERR,ERR,ERR,ERR,ERR,ERR,ERR,ERR,ERR,ERR,ERR,ERR,ERR,ERR,ERR,ERR,ERR,ERR,ERR,ERR,ERR,0.0,-107615288.0,-134474944.0,0.0,0.0,1.3936040501711995e+18,7.805,0.0,0,0,4,0,8422,0.0,45,0.0,0.0,0.0,0.0,0.0,0,0,0,0,0.0,0,0,0,0,0,0,0,0,0,0,0,0,0,0,0,0,0,0,0,0,0,0,0,0,0,0,0,0,0,0,0,0,0,38,14,7,45,65476,0,300,0,0,8,21553,0.0,-107605600.0,0.0,0.0,0.0,0.0,0.0,0.0,0.0,0.0,0.0,0.0,0.0,0.0,0.0,0.0,0.0,0.0,0.0,0.0,0.0,0.0,-2.004,-0.0,-0.0,-2.004,0.0,0.0,0.0,0.0,5033.0,0.0,0.0,0.0,-107615288.0,0.0,-0.0,0.0,0.0,0.0,0.0,53,71.63,0.0,0.0,0.0,0.0,0.0,0.0,0.0,0.0,0,0,0,0.0,0.0,0.0,0.0,0.0,0.0,0.0,0.0,0.0,0.0,0.0,0.0,0.0,0.0,0.0,0.0,0,-107875648.0,53,0.0,106,-107614832.0,-107350944.0,ERR,ERR,ERR,ERR,ERR,ERR,ERR,ERR,ERR,ERR,ERR,ERR,ERR,ERR,ERR,ERR,ERR,ERR,ERR,ERR,ERR,ERR,ERR,ERR,ERR,ERR,ERR,ERR,ERR,ERR,ERR,ERR,ERR,ERR,ERR,ERR,ERR,ERR,ERR,ERR,ERR,ERR,ERR,ERR,ERR,ERR,ERR,ERR,ERR,ERR,ERR,ERR,ERR,ERR,ERR,ERR,ERR,ERR,ERR,ERR,ERR,ERR,ERR,ERR,ERR,ERR,ERR,50.0,60.0,100,0.0,0.0,0.0,0.0,0.0,0.0,0.0,0.0,0.0,0.0,0.0,0.0,0.0,0.0,0.0,0.0,62.0,65,20,65521,50,65476,0,300,0,0,8,20529,65476,0,0,26214,60.0,0.0,0.0,0.0,0.0,0.0
2026-05-17T16:15:20,ERR,ERR,ERR,ERR,ERR,ERR,ERR,ERR,ERR,ERR,ERR,ERR,ERR,ERR,ERR,ERR,ERR,ERR,ERR,ERR,ERR,ERR,ERR,ERR,ERR,ERR,ERR,ERR,ERR,ERR,ERR,ERR,ERR,ERR,ERR,ERR,ERR,ERR,ERR,ERR,ERR,ERR,ERR,ERR,ERR,ERR,ERR,ERR,ERR,ERR,ERR,ERR,ERR,ERR,ERR,ERR,ERR,ERR,ERR,ERR,ERR,ERR,ERR,ERR,ERR,ERR,ERR,ERR,ERR,ERR,ERR,ERR,ERR,ERR,ERR,ERR,ERR,ERR,ERR,ERR,ERR,ERR,ERR,ERR,ERR,ERR,ERR,ERR,ERR,ERR,ERR,ERR,ERR,ERR,ERR,ERR,ERR,ERR,ERR,ERR,ERR,ERR,ERR,ERR,ERR,ERR,ERR,ERR,ERR,ERR,ERR,ERR,ERR,ERR,ERR,ERR,ERR,ERR,ERR,ERR,ERR,ERR,ERR,ERR,ERR,0.0,-0.0,-0.0,0.0,0.0,1.3936040501711995e+18,7.805,0.0,0,0,4,0,8422,0.0,45,0.0,0.0,0.0,0.0,0.0,0,0,0,0,0.0,0,0,0,0,0,0,0,0,0,0,0,0,0,0,0,0,0,0,0,0,0,0,0,0,0,0,0,0,0,0,0,0,0,38,14,7,45,65476,0,300,0,0,8,21553,0.0,-107605600.0,0.0,0.0,0.0,0.0,0.0,0.0,0.0,0.0,0.0,0.0,0.0,0.0,0.0,0.0,0.0,0.0,0.0,0.0,0.0,0.0,-2.004,-2.004,-0.0,0.0,0.0,0.0,0.0,0.0,5041.0,-0.0,0.0,0.0,-107615288.0,0.0,-0.0,0.0,0.0,0.0,0.0,53,3.222028592685471e+26,-107614792.0,0.0,0.0,0.0,0.0,0.0,0.0,0.0,0,0,0,0.0,0.0,0.0,0.0,0.0,0.0,0.0,0.0,0.0,0.0,0.0,0.0,0.0,0.0,0.0,0.0,0,-107875648.0,53,0.0,106,-107614832.0,-107350944.0,ERR,ERR,ERR,ERR,ERR,ERR,ERR,ERR,ERR,ERR,ERR,ERR,ERR,ERR,ERR,ERR,ERR,ERR,ERR,ERR,ERR,ERR,ERR,ERR,ERR,ERR,ERR,ERR,ERR,ERR,ERR,ERR,ERR,ERR,ERR,ERR,ERR,ERR,ERR,ERR,ERR,ERR,ERR,ERR,ERR,ERR,ERR,ERR,ERR,ERR,ERR,ERR,ERR,ERR,ERR,ERR,ERR,ERR,ERR,ERR,ERR,ERR,ERR,ERR,ERR,ERR,ERR,50.0,60.0,100,0.0,0.0,0.0,0.0,0.0,0.0,0.0,0.0,0.0,0.0,0.0,0.0,0.0,0.0,0.0,0.0,61.6,65,20,65521,50,65476,0,300,0,0,8,20529,65476,0,0,26214,60.0,0.0,0.0,0.0,0.0,0.0
2026-05-17T16:15:21,ERR,ERR,ERR,ERR,ERR,ERR,ERR,ERR,ERR,ERR,ERR,ERR,ERR,ERR,ERR,ERR,ERR,ERR,ERR,ERR,ERR,ERR,ERR,ERR,ERR,ERR,ERR,ERR,ERR,ERR,ERR,ERR,ERR,ERR,ERR,ERR,ERR,ERR,ERR,ERR,ERR,ERR,ERR,ERR,ERR,ERR,ERR,ERR,ERR,ERR,ERR,ERR,ERR,ERR,ERR,ERR,ERR,ERR,ERR,ERR,ERR,ERR,ERR,ERR,ERR,ERR,ERR,ERR,ERR,ERR,ERR,ERR,ERR,ERR,ERR,ERR,ERR,ERR,ERR,ERR,ERR,ERR,ERR,ERR,ERR,ERR,ERR,ERR,ERR,ERR,ERR,ERR,ERR,ERR,ERR,ERR,ERR,ERR,ERR,ERR,ERR,ERR,ERR,ERR,ERR,ERR,ERR,ERR,ERR,ERR,ERR,ERR,ERR,ERR,ERR,ERR,ERR,ERR,ERR,ERR,ERR,ERR,ERR,ERR,ERR,0.0,-0.0,-0.0,0.0,0.0,1.3936040501711995e+18,7.805,0.0,0,0,4,0,8422,0.0,45,0.0,0.0,0.0,0.0,0.0,0,0,0,0,0.0,0,0,0,0,0,0,0,0,0,0,0,0,0,0,0,0,0,0,0,0,0,0,0,0,0,0,0,0,0,0,0,0,0,38,14,7,45,65476,0,300,0,0,8,21553,0.0,-107605600.0,0.0,0.0,0.0,0.0,0.0,0.0,0.0,0.0,0.0,0.0,0.0,0.0,0.0,0.0,0.0,0.0,0.0,0.0,0.0,0.0,-2.004,-2.004,-0.0,0.0,0.0,0.0,0.0,0.0,5041.0,-0.0,0.0,0.0,-107615288.0,0.0,-0.0,0.0,0.0,0.0,0.0,53,3.222028592685471e+26,-107614792.0,0.0,0.0,0.0,0.0,0.0,0.0,0.0,0,0,0,0.0,0.0,0.0,0.0,0.0,0.0,0.0,0.0,0.0,0.0,0.0,0.0,0.0,0.0,0.0,0.0,0,-107875648.0,53,0.0,106,-107614832.0,-107350944.0,ERR,ERR,ERR,ERR,ERR,ERR,ERR,ERR,ERR,ERR,ERR,ERR,ERR,ERR,ERR,ERR,ERR,ERR,ERR,ERR,ERR,ERR,ERR,ERR,ERR,ERR,ERR,ERR,ERR,ERR,ERR,ERR,ERR,ERR,ERR,ERR,ERR,ERR,ERR,ERR,ERR,ERR,ERR,ERR,ERR,ERR,ERR,ERR,ERR,ERR,ERR,ERR,ERR,ERR,ERR,ERR,ERR,ERR,ERR,ERR,ERR,ERR,ERR,ERR,ERR,ERR,ERR,50.0,60.0,100,0.0,0.0,0.0,0.0,0.0,0.0,0.0,0.0,0.0,0.0,0.0,0.0,0.0,0.0,0.0,0.0,61.6,65,20,65521,50,65476,0,300,0,0,8,20529,65476,0,0,26214,60.0,0.0,0.0,0.0,0.0,0.0
2026-05-17T16:15:22,ERR,ERR,ERR,ERR,ERR,ERR,ERR,ERR,ERR,ERR,ERR,ERR,ERR,ERR,ERR,ERR,ERR,ERR,ERR,ERR,ERR,ERR,ERR,ERR,ERR,ERR,ERR,ERR,ERR,ERR,ERR,ERR,ERR,ERR,ERR,ERR,ERR,ERR,ERR,ERR,ERR,ERR,ERR,ERR,ERR,ERR,ERR,ERR,ERR,ERR,ERR,ERR,ERR,ERR,ERR,ERR,ERR,ERR,ERR,ERR,ERR,ERR,ERR,ERR,ERR,ERR,ERR,ERR,ERR,ERR,ERR,ERR,ERR,ERR,ERR,ERR,ERR,ERR,ERR,ERR,ERR,ERR,ERR,ERR,ERR,ERR,ERR,ERR,ERR,ERR,ERR,ERR,ERR,ERR,ERR,ERR,ERR,ERR,ERR,ERR,ERR,ERR,ERR,ERR,ERR,ERR,ERR,ERR,ERR,ERR,ERR,ERR,ERR,ERR,ERR,ERR,ERR,ERR,ERR,ERR,ERR,ERR,ERR,ERR,ERR,0.0,-0.0,-0.0,0.0,0.0,1.3936040501711995e+18,7.805,0.0,0,0,4,0,8422,0.0,45,0.0,0.0,0.0,0.0,0.0,0,0,0,0,0.0,0,0,0,0,0,0,0,0,0,0,0,0,0,0,0,0,0,0,0,0,0,0,0,0,0,0,0,0,0,0,0,0,0,38,14,7,45,65476,0,300,0,0,8,21553,0.0,-107605600.0,0.0,0.0,0.0,0.0,0.0,0.0,0.0,0.0,0.0,0.0,0.0,0.0,0.0,0.0,0.0,0.0,0.0,0.0,0.0,0.0,-2.004,-2.004,-0.0,0.0,0.0,0.0,0.0,0.0,5041.0,-0.0,0.0,0.0,-107615288.0,0.0,-0.0,0.0,0.0,0.0,0.0,53,3.222028592685471e+26,-107614792.0,0.0,0.0,0.0,0.0,0.0,0.0,0.0,0,0,0,0.0,0.0,0.0,0.0,0.0,0.0,0.0,0.0,0.0,0.0,0.0,0.0,0.0,0.0,0.0,0.0,0,-107875648.0,53,0.0,106,-107614832.0,-107350944.0,ERR,ERR,ERR,ERR,ERR,ERR,ERR,ERR,ERR,ERR,ERR,ERR,ERR,ERR,ERR,ERR,ERR,ERR,ERR,ERR,ERR,ERR,ERR,ERR,ERR,ERR,ERR,ERR,ERR,ERR,ERR,ERR,ERR,ERR,ERR,ERR,ERR,ERR,ERR,ERR,ERR,ERR,ERR,ERR,ERR,ERR,ERR,ERR,ERR,ERR,ERR,ERR,ERR,ERR,ERR,ERR,ERR,ERR,ERR,ERR,ERR,ERR,ERR,ERR,ERR,ERR,ERR,50.0,60.0,100,0.0,0.0,0.0,0.0,0.0,0.0,0.0,0.0,0.0,0.0,0.0,0.0,0.0,0.0,0.0,0.0,61.6,65,20,65521,50,65476,0,300,0,0,8,20529,65476,0,0,26214,60.0,0.0,0.0,0.0,0.0,0.0
2026-05-17T16:15:23,ERR,ERR,ERR,ERR,ERR,ERR,ERR,ERR,ERR,ERR,ERR,ERR,ERR,ERR,ERR,ERR,ERR,ERR,ERR,ERR,ERR,ERR,ERR,ERR,ERR,ERR,ERR,ERR,ERR,ERR,ERR,ERR,ERR,ERR,ERR,ERR,ERR,ERR,ERR,ERR,ERR,ERR,ERR,ERR,ERR,ERR,ERR,ERR,ERR,ERR,ERR,ERR,ERR,ERR,ERR,ERR,ERR,ERR,ERR,ERR,ERR,ERR,ERR,ERR,ERR,ERR,ERR,ERR,ERR,ERR,ERR,ERR,ERR,ERR,ERR,ERR,ERR,ERR,ERR,ERR,ERR,ERR,ERR,ERR,ERR,ERR,ERR,ERR,ERR,ERR,ERR,ERR,ERR,ERR,ERR,ERR,ERR,ERR,ERR,ERR,ERR,ERR,ERR,ERR,ERR,ERR,ERR,ERR,ERR,ERR,ERR,ERR,ERR,ERR,ERR,ERR,ERR,ERR,ERR,ERR,ERR,ERR,ERR,ERR,ERR,0.0,-0.0,-0.0,0.0,0.0,1.3936040501711995e+18,7.805,0.0,0,0,4,0,8422,0.0,45,0.0,0.0,0.0,0.0,0.0,0,0,0,0,0.0,0,0,0,0,0,0,0,0,0,0,0,0,0,0,0,0,0,0,0,0,0,0,0,0,0,0,0,0,0,0,0,0,0,38,14,7,45,65476,0,300,0,0,8,21553,0.0,-107605600.0,0.0,0.0,0.0,0.0,0.0,0.0,0.0,0.0,0.0,0.0,0.0,0.0,0.0,0.0,0.0,0.0,0.0,0.0,0.0,0.0,-2.004,-2.004,-0.0,0.0,0.0,0.0,0.0,0.0,5041.0,-0.0,0.0,0.0,-107615288.0,0.0,-0.0,0.0,0.0,0.0,0.0,53,3.222028592685471e+26,-107614792.0,0.0,0.0,0.0,0.0,0.0,0.0,0.0,0,0,0,0.0,0.0,0.0,0.0,0.0,0.0,0.0,0.0,0.0,0.0,0.0,0.0,0.0,0.0,0.0,0.0,0,-107875648.0,53,0.0,106,-107614832.0,-107350944.0,ERR,ERR,ERR,ERR,ERR,ERR,ERR,ERR,ERR,ERR,ERR,ERR,ERR,ERR,ERR,ERR,ERR,ERR,ERR,ERR,ERR,ERR,ERR,ERR,ERR,ERR,ERR,ERR,ERR,ERR,ERR,ERR,ERR,ERR,ERR,ERR,ERR,ERR,ERR,ERR,ERR,ERR,ERR,ERR,ERR,ERR,ERR,ERR,ERR,ERR,ERR,ERR,ERR,ERR,ERR,ERR,ERR,ERR,ERR,ERR,ERR,ERR,ERR,ERR,ERR,ERR,ERR,50.0,60.0,100,0.0,0.0,0.0,0.0,0.0,0.0,0.0,0.0,0.0,0.0,0.0,0.0,0.0,0.0,0.0,0.0,61.6,65,20,65521,50,65476,0,300,0,0,8,20529,65476,0,0,26214,60.0,0.0,0.0,0.0,0.0,0.0
2026-05-17T16:15:24,ERR,ERR,ERR,ERR,ERR,ERR,ERR,ERR,ERR,ERR,ERR,ERR,ERR,ERR,ERR,ERR,ERR,ERR,ERR,ERR,ERR,ERR,ERR,ERR,ERR,ERR,ERR,ERR,ERR,ERR,ERR,ERR,ERR,ERR,ERR,ERR,ERR,ERR,ERR,ERR,ERR,ERR,ERR,ERR,ERR,ERR,ERR,ERR,ERR,ERR,ERR,ERR,ERR,ERR,ERR,ERR,ERR,ERR,ERR,ERR,ERR,ERR,ERR,ERR,ERR,ERR,ERR,ERR,ERR,ERR,ERR,ERR,ERR,ERR,ERR,ERR,ERR,ERR,ERR,ERR,ERR,ERR,ERR,ERR,ERR,ERR,ERR,ERR,ERR,ERR,ERR,ERR,ERR,ERR,ERR,ERR,ERR,ERR,ERR,ERR,ERR,ERR,ERR,ERR,ERR,ERR,ERR,ERR,ERR,ERR,ERR,ERR,ERR,ERR,ERR,ERR,ERR,ERR,ERR,ERR,ERR,ERR,ERR,ERR,ERR,0.0,-0.0,-0.0,0.0,0.0,1.3936040501711995e+18,7.805,0.0,0,0,4,0,8422,0.0,45,0.0,0.0,0.0,0.0,0.0,0,0,0,0,0.0,0,0,0,0,0,0,0,0,0,0,0,0,0,0,0,0,0,0,0,0,0,0,0,0,0,0,0,0,0,0,0,0,0,38,14,7,45,65476,0,300,0,0,8,21553,0.0,-107605600.0,0.0,0.0,0.0,0.0,0.0,0.0,0.0,0.0,0.0,0.0,0.0,0.0,0.0,0.0,0.0,0.0,0.0,0.0,0.0,0.0,-2.004,-2.004,-0.0,0.0,0.0,0.0,0.0,0.0,5041.0,-0.0,0.0,0.0,-107615288.0,0.0,-0.0,0.0,0.0,0.0,0.0,53,3.222028592685471e+26,-107614792.0,0.0,0.0,0.0,0.0,0.0,0.0,0.0,0,0,0,0.0,0.0,0.0,0.0,0.0,0.0,0.0,0.0,0.0,0.0,0.0,0.0,0.0,0.0,0.0,0.0,0,-107875648.0,53,0.0,106,-107614832.0,-107350944.0,ERR,ERR,ERR,ERR,ERR,ERR,ERR,ERR,ERR,ERR,ERR,ERR,ERR,ERR,ERR,ERR,ERR,ERR,ERR,ERR,ERR,ERR,ERR,ERR,ERR,ERR,ERR,ERR,ERR,ERR,ERR,ERR,ERR,ERR,ERR,ERR,ERR,ERR,ERR,ERR,ERR,ERR,ERR,ERR,ERR,ERR,ERR,ERR,ERR,ERR,ERR,ERR,ERR,ERR,ERR,ERR,ERR,ERR,ERR,ERR,ERR,ERR,ERR,ERR,ERR,ERR,ERR,50.0,60.0,100,0.0,0.0,0.0,0.0,0.0,0.0,0.0,0.0,0.0,0.0,0.0,0.0,0.0,0.0,0.0,0.0,61.6,65,20,65521,50,65476,0,300,0,0,8,20529,65476,0,0,26214,60.0,0.0,0.0,0.0,0.0,0.0
2026-05-17T16:15:25,ERR,ERR,ERR,ERR,ERR,ERR,ERR,ERR,ERR,ERR,ERR,ERR,ERR,ERR,ERR,ERR,ERR,ERR,ERR,ERR,ERR,ERR,ERR,ERR,ERR,ERR,ERR,ERR,ERR,ERR,ERR,ERR,ERR,ERR,ERR,ERR,ERR,ERR,ERR,ERR,ERR,ERR,ERR,ERR,ERR,ERR,ERR,ERR,ERR,ERR,ERR,ERR,ERR,ERR,ERR,ERR,ERR,ERR,ERR,ERR,ERR,ERR,ERR,ERR,ERR,ERR,ERR,ERR,ERR,ERR,ERR,ERR,ERR,ERR,ERR,ERR,ERR,ERR,ERR,ERR,ERR,ERR,ERR,ERR,ERR,ERR,ERR,ERR,ERR,ERR,ERR,ERR,ERR,ERR,ERR,ERR,ERR,ERR,ERR,ERR,ERR,ERR,ERR,ERR,ERR,ERR,ERR,ERR,ERR,ERR,ERR,ERR,ERR,ERR,ERR,ERR,ERR,ERR,ERR,ERR,ERR,ERR,ERR,ERR,ERR,0.0,-107615288.0,-134474944.0,0.0,0.0,1.3936040501711995e+18,7.805,0.0,0,0,4,0,8422,0.0,45,0.0,0.0,0.0,0.0,0.0,0,0,0,0,0.0,0,0,0,0,0,0,0,0,0,0,0,0,0,0,0,0,0,0,0,0,0,0,0,0,0,0,0,0,0,0,0,0,0,38,14,7,45,65476,0,300,0,0,8,21553,0.0,-107605600.0,0.0,0.0,0.0,0.0,0.0,0.0,0.0,0.0,0.0,0.0,0.0,0.0,0.0,0.0,0.0,0.0,0.0,0.0,0.0,0.0,-2.004,-2.004,-0.0,0.0,0.0,0.0,0.0,0.0,5040.0,-8608183296.0,0.0,0.0,-107615288.0,0.0,-0.0,0.0,0.0,0.0,0.0,53,2.7184300208680915e+23,0.0,0.0,0.0,0.0,0.0,0.0,0.0,0.0,0,0,0,0.0,0.0,0.0,0.0,0.0,0.0,0.0,0.0,0.0,0.0,0.0,0.0,0.0,0.0,0.0,0.0,0,-107875648.0,53,0.0,106,-107614832.0,-107350944.0,ERR,ERR,ERR,ERR,ERR,ERR,ERR,ERR,ERR,ERR,ERR,ERR,ERR,ERR,ERR,ERR,ERR,ERR,ERR,ERR,ERR,ERR,ERR,ERR,ERR,ERR,ERR,ERR,ERR,ERR,ERR,ERR,ERR,ERR,ERR,ERR,ERR,ERR,ERR,ERR,ERR,ERR,ERR,ERR,ERR,ERR,ERR,ERR,ERR,ERR,ERR,ERR,ERR,ERR,ERR,ERR,ERR,ERR,ERR,ERR,ERR,ERR,ERR,ERR,ERR,ERR,ERR,50.0,60.0,100,0.0,0.0,0.0,0.0,0.0,0.0,0.0,0.0,0.0,0.0,0.0,0.0,0.0,0.0,0.0,0.0,61.6,65,20,65521,50,65476,0,300,0,0,8,20529,65476,0,0,26214,60.0,0.0,0.0,0.0,0.0,0.0
2026-05-17T16:15:26,ERR,ERR,ERR,ERR,ERR,ERR,ERR,ERR,ERR,ERR,ERR,ERR,ERR,ERR,ERR,ERR,ERR,ERR,ERR,ERR,ERR,ERR,ERR,ERR,ERR,ERR,ERR,ERR,ERR,ERR,ERR,ERR,ERR,ERR,ERR,ERR,ERR,ERR,ERR,ERR,ERR,ERR,ERR,ERR,ERR,ERR,ERR,ERR,ERR,ERR,ERR,ERR,ERR,ERR,ERR,ERR,ERR,ERR,ERR,ERR,ERR,ERR,ERR,ERR,ERR,ERR,ERR,ERR,ERR,ERR,ERR,ERR,ERR,ERR,ERR,ERR,ERR,ERR,ERR,ERR,ERR,ERR,ERR,ERR,ERR,ERR,ERR,ERR,ERR,ERR,ERR,ERR,ERR,ERR,ERR,ERR,ERR,ERR,ERR,ERR,ERR,ERR,ERR,ERR,ERR,ERR,ERR,ERR,ERR,ERR,ERR,ERR,ERR,ERR,ERR,ERR,ERR,ERR,ERR,ERR,ERR,ERR,ERR,ERR,ERR,0.0,-107615288.0,-134474944.0,0.0,0.0,1.3936040501711995e+18,7.805,0.0,0,0,4,0,8422,0.0,45,0.0,0.0,0.0,0.0,0.0,0,0,0,0,0.0,0,0,0,0,0,0,0,0,0,0,0,0,0,0,0,0,0,0,0,0,0,0,0,0,0,0,0,0,0,0,0,0,0,38,14,7,45,65476,0,300,0,0,8,21553,0.0,-107605600.0,0.0,0.0,0.0,0.0,0.0,0.0,0.0,0.0,0.0,0.0,0.0,0.0,0.0,0.0,0.0,0.0,0.0,0.0,0.0,0.0,-2.004,-2.004,-0.0,0.0,0.0,0.0,0.0,0.0,5040.0,-8608183296.0,0.0,0.0,-107615288.0,0.0,-0.0,0.0,0.0,0.0,0.0,53,2.7184300208680915e+23,0.0,0.0,0.0,0.0,0.0,0.0,0.0,0.0,0,0,0,0.0,0.0,0.0,0.0,0.0,0.0,0.0,0.0,0.0,0.0,0.0,0.0,0.0,0.0,0.0,0.0,0,-107875648.0,53,0.0,106,-107614832.0,-107350944.0,ERR,ERR,ERR,ERR,ERR,ERR,ERR,ERR,ERR,ERR,ERR,ERR,ERR,ERR,ERR,ERR,ERR,ERR,ERR,ERR,ERR,ERR,ERR,ERR,ERR,ERR,ERR,ERR,ERR,ERR,ERR,ERR,ERR,ERR,ERR,ERR,ERR,ERR,ERR,ERR,ERR,ERR,ERR,ERR,ERR,ERR,ERR,ERR,ERR,ERR,ERR,ERR,ERR,ERR,ERR,ERR,ERR,ERR,ERR,ERR,ERR,ERR,ERR,ERR,ERR,ERR,ERR,50.0,60.0,100,0.0,0.0,0.0,0.0,0.0,0.0,0.0,0.0,0.0,0.0,0.0,0.0,0.0,0.0,0.0,0.0,61.6,65,20,65521,50,65476,0,300,0,0,8,20529,65476,0,0,26214,60.0,0.0,0.0,0.0,0.0,0.0
2026-05-17T16:15:27,ERR,ERR,ERR,ERR,ERR,ERR,ERR,ERR,ERR,ERR,ERR,ERR,ERR,ERR,ERR,ERR,ERR,ERR,ERR,ERR,ERR,ERR,ERR,ERR,ERR,ERR,ERR,ERR,ERR,ERR,ERR,ERR,ERR,ERR,ERR,ERR,ERR,ERR,ERR,ERR,ERR,ERR,ERR,ERR,ERR,ERR,ERR,ERR,ERR,ERR,ERR,ERR,ERR,ERR,ERR,ERR,ERR,ERR,ERR,ERR,ERR,ERR,ERR,ERR,ERR,ERR,ERR,ERR,ERR,ERR,ERR,ERR,ERR,ERR,ERR,ERR,ERR,ERR,ERR,ERR,ERR,ERR,ERR,ERR,ERR,ERR,ERR,ERR,ERR,ERR,ERR,ERR,ERR,ERR,ERR,ERR,ERR,ERR,ERR,ERR,ERR,ERR,ERR,ERR,ERR,ERR,ERR,ERR,ERR,ERR,ERR,ERR,ERR,ERR,ERR,ERR,ERR,ERR,ERR,ERR,ERR,ERR,ERR,ERR,ERR,0.0,-107615288.0,-134474944.0,0.0,0.0,1.3936040501711995e+18,7.805,0.0,0,0,4,0,8422,0.0,45,0.0,0.0,0.0,0.0,0.0,0,0,0,0,0.0,0,0,0,0,0,0,0,0,0,0,0,0,0,0,0,0,0,0,0,0,0,0,0,0,0,0,0,0,0,0,0,0,0,38,14,7,45,65476,0,300,0,0,8,21553,0.0,-107605600.0,0.0,0.0,0.0,0.0,0.0,0.0,0.0,0.0,0.0,0.0,0.0,0.0,0.0,0.0,0.0,0.0,0.0,0.0,0.0,0.0,-2.004,-2.004,-0.0,0.0,0.0,0.0,0.0,0.0,5040.0,-8608183296.0,0.0,0.0,-107615288.0,0.0,-0.0,0.0,0.0,0.0,0.0,53,2.7184300208680915e+23,0.0,0.0,0.0,0.0,0.0,0.0,0.0,0.0,0,0,0,0.0,0.0,0.0,0.0,0.0,0.0,0.0,0.0,0.0,0.0,0.0,0.0,0.0,0.0,0.0,0.0,0,-107875648.0,53,0.0,106,-107614832.0,-107350944.0,ERR,ERR,ERR,ERR,ERR,ERR,ERR,ERR,ERR,ERR,ERR,ERR,ERR,ERR,ERR,ERR,ERR,ERR,ERR,ERR,ERR,ERR,ERR,ERR,ERR,ERR,ERR,ERR,ERR,ERR,ERR,ERR,ERR,ERR,ERR,ERR,ERR,ERR,ERR,ERR,ERR,ERR,ERR,ERR,ERR,ERR,ERR,ERR,ERR,ERR,ERR,ERR,ERR,ERR,ERR,ERR,ERR,ERR,ERR,ERR,ERR,ERR,ERR,ERR,ERR,ERR,ERR,50.0,60.0,100,0.0,0.0,0.0,0.0,0.0,0.0,0.0,0.0,0.0,0.0,0.0,0.0,0.0,0.0,0.0,0.0,62.0,65,20,65521,50,65476,0,300,0,0,8,20529,65476,0,0,26214,60.0,0.0,0.0,0.0,0.0,0.0
2026-05-17T16:15:28,ERR,ERR,ERR,ERR,ERR,ERR,ERR,ERR,ERR,ERR,ERR,ERR,ERR,ERR,ERR,ERR,ERR,ERR,ERR,ERR,ERR,ERR,ERR,ERR,ERR,ERR,ERR,ERR,ERR,ERR,ERR,ERR,ERR,ERR,ERR,ERR,ERR,ERR,ERR,ERR,ERR,ERR,ERR,ERR,ERR,ERR,ERR,ERR,ERR,ERR,ERR,ERR,ERR,ERR,ERR,ERR,ERR,ERR,ERR,ERR,ERR,ERR,ERR,ERR,ERR,ERR,ERR,ERR,ERR,ERR,ERR,ERR,ERR,ERR,ERR,ERR,ERR,ERR,ERR,ERR,ERR,ERR,ERR,ERR,ERR,ERR,ERR,ERR,ERR,ERR,ERR,ERR,ERR,ERR,ERR,ERR,ERR,ERR,ERR,ERR,ERR,ERR,ERR,ERR,ERR,ERR,ERR,ERR,ERR,ERR,ERR,ERR,ERR,ERR,ERR,ERR,ERR,ERR,ERR,ERR,ERR,ERR,ERR,ERR,ERR,0.0,-107615288.0,-134474944.0,0.0,0.0,1.3936040501711995e+18,7.805,0.0,0,0,4,0,8422,0.0,45,0.0,0.0,0.0,0.0,0.0,0,0,0,0,0.0,0,0,0,0,0,0,0,0,0,0,0,0,0,0,0,0,0,0,0,0,0,0,0,0,0,0,0,0,0,0,0,0,0,38,14,7,45,65476,0,300,0,0,8,21553,0.0,-107605600.0,0.0,0.0,0.0,0.0,0.0,0.0,0.0,0.0,0.0,0.0,0.0,0.0,0.0,0.0,0.0,0.0,0.0,0.0,0.0,0.0,-2.004,-2.004,-0.0,0.0,0.0,0.0,0.0,0.0,5040.0,-8608183296.0,0.0,0.0,-107615288.0,0.0,-0.0,0.0,0.0,0.0,0.0,53,2.7184300208680915e+23,0.0,0.0,0.0,0.0,0.0,0.0,0.0,0.0,0,0,0,0.0,0.0,0.0,0.0,0.0,0.0,0.0,0.0,0.0,0.0,0.0,0.0,0.0,0.0,0.0,0.0,0,-107875648.0,53,0.0,106,-107614832.0,-107350944.0,ERR,ERR,ERR,ERR,ERR,ERR,ERR,ERR,ERR,ERR,ERR,ERR,ERR,ERR,ERR,ERR,ERR,ERR,ERR,ERR,ERR,ERR,ERR,ERR,ERR,ERR,ERR,ERR,ERR,ERR,ERR,ERR,ERR,ERR,ERR,ERR,ERR,ERR,ERR,ERR,ERR,ERR,ERR,ERR,ERR,ERR,ERR,ERR,ERR,ERR,ERR,ERR,ERR,ERR,ERR,ERR,ERR,ERR,ERR,ERR,ERR,ERR,ERR,ERR,ERR,ERR,ERR,50.0,60.0,100,0.0,0.0,0.0,0.0,0.0,0.0,0.0,0.0,0.0,0.0,0.0,0.0,0.0,0.0,0.0,0.0,62.0,65,20,65521,50,65476,0,300,0,0,8,20529,65476,0,0,26214,60.0,0.0,0.0,0.0,0.0,0.0
2026-05-17T16:15:29,ERR,ERR,ERR,ERR,ERR,ERR,ERR,ERR,ERR,ERR,ERR,ERR,ERR,ERR,ERR,ERR,ERR,ERR,ERR,ERR,ERR,ERR,ERR,ERR,ERR,ERR,ERR,ERR,ERR,ERR,ERR,ERR,ERR,ERR,ERR,ERR,ERR,ERR,ERR,ERR,ERR,ERR,ERR,ERR,ERR,ERR,ERR,ERR,ERR,ERR,ERR,ERR,ERR,ERR,ERR,ERR,ERR,ERR,ERR,ERR,ERR,ERR,ERR,ERR,ERR,ERR,ERR,ERR,ERR,ERR,ERR,ERR,ERR,ERR,ERR,ERR,ERR,ERR,ERR,ERR,ERR,ERR,ERR,ERR,ERR,ERR,ERR,ERR,ERR,ERR,ERR,ERR,ERR,ERR,ERR,ERR,ERR,ERR,ERR,ERR,ERR,ERR,ERR,ERR,ERR,ERR,ERR,ERR,ERR,ERR,ERR,ERR,ERR,ERR,ERR,ERR,ERR,ERR,ERR,ERR,ERR,ERR,ERR,ERR,ERR,0.0,-107615288.0,-134474944.0,0.0,0.0,1.3936040501711995e+18,7.805,0.0,0,0,4,0,8422,0.0,45,0.0,0.0,0.0,0.0,0.0,0,0,0,0,0.0,0,0,0,0,0,0,0,0,0,0,0,0,0,0,0,0,0,0,0,0,0,0,0,0,0,0,0,0,0,0,0,0,0,38,14,7,45,65476,0,300,0,0,8,21553,0.0,-107605600.0,0.0,0.0,0.0,0.0,0.0,0.0,0.0,0.0,0.0,0.0,0.0,0.0,0.0,0.0,0.0,0.0,0.0,0.0,0.0,0.0,-2.004,-2.004,-0.0,0.0,0.0,0.0,0.0,0.0,5040.0,-8608183296.0,0.0,0.0,-107615288.0,0.0,-0.0,0.0,0.0,0.0,0.0,53,2.7184300208680915e+23,0.0,0.0,0.0,0.0,0.0,0.0,0.0,0.0,0,0,0,0.0,0.0,0.0,0.0,0.0,0.0,0.0,0.0,0.0,0.0,0.0,0.0,0.0,0.0,0.0,0.0,0,-107875648.0,53,0.0,106,-107614832.0,-107350944.0,ERR,ERR,ERR,ERR,ERR,ERR,ERR,ERR,ERR,ERR,ERR,ERR,ERR,ERR,ERR,ERR,ERR,ERR,ERR,ERR,ERR,ERR,ERR,ERR,ERR,ERR,ERR,ERR,ERR,ERR,ERR,ERR,ERR,ERR,ERR,ERR,ERR,ERR,ERR,ERR,ERR,ERR,ERR,ERR,ERR,ERR,ERR,ERR,ERR,ERR,ERR,ERR,ERR,ERR,ERR,ERR,ERR,ERR,ERR,ERR,ERR,ERR,ERR,ERR,ERR,ERR,ERR,50.0,60.0,100,0.0,0.0,0.0,0.0,0.0,0.0,0.0,0.0,0.0,0.0,0.0,0.0,0.0,0.0,0.0,0.0,61.6,65,20,65521,50,65476,0,300,0,0,8,20529,65476,0,0,26214,60.0,0.0,0.0,0.0,0.0,0.0
2026-05-17T16:15:30,ERR,ERR,ERR,ERR,ERR,ERR,ERR,ERR,ERR,ERR,ERR,ERR,ERR,ERR,ERR,ERR,ERR,ERR,ERR,ERR,ERR,ERR,ERR,ERR,ERR,ERR,ERR,ERR,ERR,ERR,ERR,ERR,ERR,ERR,ERR,ERR,ERR,ERR,ERR,ERR,ERR,ERR,ERR,ERR,ERR,ERR,ERR,ERR,ERR,ERR,ERR,ERR,ERR,ERR,ERR,ERR,ERR,ERR,ERR,ERR,ERR,ERR,ERR,ERR,ERR,ERR,ERR,ERR,ERR,ERR,ERR,ERR,ERR,ERR,ERR,ERR,ERR,ERR,ERR,ERR,ERR,ERR,ERR,ERR,ERR,ERR,ERR,ERR,ERR,ERR,ERR,ERR,ERR,ERR,ERR,ERR,ERR,ERR,ERR,ERR,ERR,ERR,ERR,ERR,ERR,ERR,ERR,ERR,ERR,ERR,ERR,ERR,ERR,ERR,ERR,ERR,ERR,ERR,ERR,ERR,ERR,ERR,ERR,ERR,ERR,0.0,-107615288.0,-134474944.0,0.0,0.0,1.3936040501711995e+18,7.805,0.0,0,0,4,0,8422,0.0,45,0.0,0.0,0.0,0.0,0.0,0,0,0,0,0.0,0,0,0,0,0,0,0,0,0,0,0,0,0,0,0,0,0,0,0,0,0,0,0,0,0,0,0,0,0,0,0,0,0,38,14,7,45,65476,0,300,0,0,8,21553,0.0,-107605600.0,0.0,0.0,0.0,0.0,0.0,0.0,0.0,0.0,0.0,0.0,0.0,0.0,0.0,0.0,0.0,0.0,0.0,0.0,0.0,0.0,-2.004,-2.004,-0.0,0.0,0.0,0.0,0.0,0.0,5073.0,0.0,0.0,0.0,-107615288.0,0.0,-0.0,0.0,0.0,0.0,0.0,53,2.3088403658719416e+20,-0.0,0.0,0.0,0.0,0.0,0.0,0.0,0.0,0,0,0,0.0,0.0,0.0,0.0,0.0,0.0,0.0,0.0,0.0,0.0,0.0,0.0,0.0,0.0,0.0,0.0,0,-107875648.0,53,0.0,106,-107614832.0,-107350944.0,ERR,ERR,ERR,ERR,ERR,ERR,ERR,ERR,ERR,ERR,ERR,ERR,ERR,ERR,ERR,ERR,ERR,ERR,ERR,ERR,ERR,ERR,ERR,ERR,ERR,ERR,ERR,ERR,ERR,ERR,ERR,ERR,ERR,ERR,ERR,ERR,ERR,ERR,ERR,ERR,ERR,ERR,ERR,ERR,ERR,ERR,ERR,ERR,ERR,ERR,ERR,ERR,ERR,ERR,ERR,ERR,ERR,ERR,ERR,ERR,ERR,ERR,ERR,ERR,ERR,ERR,ERR,50.0,60.0,100,0.0,0.0,0.0,0.0,0.0,0.0,0.0,0.0,0.0,0.0,0.0,0.0,0.0,0.0,0.0,0.0,61.6,65,20,65521,50,65476,0,300,0,0,8,20529,65476,0,0,26214,60.0,0.0,0.0,0.0,0.0,0.0
2026-05-17T16:15:31,ERR,ERR,ERR,ERR,ERR,ERR,ERR,ERR,ERR,ERR,ERR,ERR,ERR,ERR,ERR,ERR,ERR,ERR,ERR,ERR,ERR,ERR,ERR,ERR,ERR,ERR,ERR,ERR,ERR,ERR,ERR,ERR,ERR,ERR,ERR,ERR,ERR,ERR,ERR,ERR,ERR,ERR,ERR,ERR,ERR,ERR,ERR,ERR,ERR,ERR,ERR,ERR,ERR,ERR,ERR,ERR,ERR,ERR,ERR,ERR,ERR,ERR,ERR,ERR,ERR,ERR,ERR,ERR,ERR,ERR,ERR,ERR,ERR,ERR,ERR,ERR,ERR,ERR,ERR,ERR,ERR,ERR,ERR,ERR,ERR,ERR,ERR,ERR,ERR,ERR,ERR,ERR,ERR,ERR,ERR,ERR,ERR,ERR,ERR,ERR,ERR,ERR,ERR,ERR,ERR,ERR,ERR,ERR,ERR,ERR,ERR,ERR,ERR,ERR,ERR,ERR,ERR,ERR,ERR,ERR,ERR,ERR,ERR,ERR,ERR,0.0,-107615288.0,-134474944.0,0.0,0.0,1.3936040501711995e+18,7.805,0.0,0,0,4,0,8422,0.0,45,0.0,0.0,0.0,0.0,0.0,0,0,0,0,0.0,0,0,0,0,0,0,0,0,0,0,0,0,0,0,0,0,0,0,0,0,0,0,0,0,0,0,0,0,0,0,0,0,0,38,14,7,45,65476,0,300,0,0,8,21553,0.0,-107605600.0,0.0,0.0,0.0,0.0,0.0,0.0,0.0,0.0,0.0,0.0,0.0,0.0,0.0,0.0,0.0,0.0,0.0,0.0,0.0,0.0,-2.004,-2.004,-0.0,0.0,0.0,0.0,0.0,0.0,5073.0,0.0,0.0,0.0,-107615288.0,0.0,-0.0,0.0,0.0,0.0,0.0,53,2.3088403658719416e+20,-0.0,0.0,0.0,0.0,0.0,0.0,0.0,0.0,0,0,0,0.0,0.0,0.0,0.0,0.0,0.0,0.0,0.0,0.0,0.0,0.0,0.0,0.0,0.0,0.0,0.0,0,-107875648.0,53,0.0,106,-107614832.0,-107350944.0,ERR,ERR,ERR,ERR,ERR,ERR,ERR,ERR,ERR,ERR,ERR,ERR,ERR,ERR,ERR,ERR,ERR,ERR,ERR,ERR,ERR,ERR,ERR,ERR,ERR,ERR,ERR,ERR,ERR,ERR,ERR,ERR,ERR,ERR,ERR,ERR,ERR,ERR,ERR,ERR,ERR,ERR,ERR,ERR,ERR,ERR,ERR,ERR,ERR,ERR,ERR,ERR,ERR,ERR,ERR,ERR,ERR,ERR,ERR,ERR,ERR,ERR,ERR,ERR,ERR,ERR,ERR,50.0,60.0,100,0.0,0.0,0.0,0.0,0.0,0.0,0.0,0.0,0.0,0.0,0.0,0.0,0.0,0.0,0.0,0.0,61.6,65,20,65521,50,65476,0,300,0,0,8,20529,65476,0,0,26214,60.0,0.0,0.0,0.0,0.0,0.0
2026-05-17T16:15:32,ERR,ERR,ERR,ERR,ERR,ERR,ERR,ERR,ERR,ERR,ERR,ERR,ERR,ERR,ERR,ERR,ERR,ERR,ERR,ERR,ERR,ERR,ERR,ERR,ERR,ERR,ERR,ERR,ERR,ERR,ERR,ERR,ERR,ERR,ERR,ERR,ERR,ERR,ERR,ERR,ERR,ERR,ERR,ERR,ERR,ERR,ERR,ERR,ERR,ERR,ERR,ERR,ERR,ERR,ERR,ERR,ERR,ERR,ERR,ERR,ERR,ERR,ERR,ERR,ERR,ERR,ERR,ERR,ERR,ERR,ERR,ERR,ERR,ERR,ERR,ERR,ERR,ERR,ERR,ERR,ERR,ERR,ERR,ERR,ERR,ERR,ERR,ERR,ERR,ERR,ERR,ERR,ERR,ERR,ERR,ERR,ERR,ERR,ERR,ERR,ERR,ERR,ERR,ERR,ERR,ERR,ERR,ERR,ERR,ERR,ERR,ERR,ERR,ERR,ERR,ERR,ERR,ERR,ERR,ERR,ERR,ERR,ERR,ERR,ERR,0.0,-107615288.0,-134474944.0,0.0,0.0,1.3936040501711995e+18,7.805,0.0,0,0,4,0,8422,0.0,45,0.0,0.0,0.0,0.0,0.0,0,0,0,0,0.0,0,0,0,0,0,0,0,0,0,0,0,0,0,0,0,0,0,0,0,0,0,0,0,0,0,0,0,0,0,0,0,0,0,38,14,7,45,65476,0,300,0,0,8,21553,0.0,-107605600.0,0.0,0.0,0.0,0.0,0.0,0.0,0.0,0.0,0.0,0.0,0.0,0.0,0.0,0.0,0.0,0.0,0.0,0.0,0.0,0.0,-2.004,-2.004,-0.0,0.0,0.0,0.0,0.0,0.0,5073.0,0.0,0.0,0.0,-107615288.0,0.0,-0.0,0.0,0.0,0.0,0.0,53,2.3088403658719416e+20,-0.0,0.0,0.0,0.0,0.0,0.0,0.0,0.0,0,0,0,0.0,0.0,0.0,0.0,0.0,0.0,0.0,0.0,0.0,0.0,0.0,0.0,0.0,0.0,0.0,0.0,0,-107875648.0,53,0.0,106,-107614832.0,-107350944.0,ERR,ERR,ERR,ERR,ERR,ERR,ERR,ERR,ERR,ERR,ERR,ERR,ERR,ERR,ERR,ERR,ERR,ERR,ERR,ERR,ERR,ERR,ERR,ERR,ERR,ERR,ERR,ERR,ERR,ERR,ERR,ERR,ERR,ERR,ERR,ERR,ERR,ERR,ERR,ERR,ERR,ERR,ERR,ERR,ERR,ERR,ERR,ERR,ERR,ERR,ERR,ERR,ERR,ERR,ERR,ERR,ERR,ERR,ERR,ERR,ERR,ERR,ERR,ERR,ERR,ERR,ERR,50.0,60.0,100,0.0,0.0,0.0,0.0,0.0,0.0,0.0,0.0,0.0,0.0,0.0,0.0,0.0,0.0,0.0,0.0,61.6,65,20,65521,50,65476,0,300,0,0,8,20529,65476,0,0,26214,60.0,0.0,0.0,0.0,0.0,0.0
2026-05-17T16:15:33,ERR,ERR,ERR,ERR,ERR,ERR,ERR,ERR,ERR,ERR,ERR,ERR,ERR,ERR,ERR,ERR,ERR,ERR,ERR,ERR,ERR,ERR,ERR,ERR,ERR,ERR,ERR,ERR,ERR,ERR,ERR,ERR,ERR,ERR,ERR,ERR,ERR,ERR,ERR,ERR,ERR,ERR,ERR,ERR,ERR,ERR,ERR,ERR,ERR,ERR,ERR,ERR,ERR,ERR,ERR,ERR,ERR,ERR,ERR,ERR,ERR,ERR,ERR,ERR,ERR,ERR,ERR,ERR,ERR,ERR,ERR,ERR,ERR,ERR,ERR,ERR,ERR,ERR,ERR,ERR,ERR,ERR,ERR,ERR,ERR,ERR,ERR,ERR,ERR,ERR,ERR,ERR,ERR,ERR,ERR,ERR,ERR,ERR,ERR,ERR,ERR,ERR,ERR,ERR,ERR,ERR,ERR,ERR,ERR,ERR,ERR,ERR,ERR,ERR,ERR,ERR,ERR,ERR,ERR,ERR,ERR,ERR,ERR,ERR,ERR,0.0,-107615288.0,-134474944.0,0.0,0.0,1.3936040501711995e+18,7.805,0.0,0,0,4,0,8422,0.0,45,0.0,0.0,0.0,0.0,0.0,0,0,0,0,0.0,0,0,0,0,0,0,0,0,0,0,0,0,0,0,0,0,0,0,0,0,0,0,0,0,0,0,0,0,0,0,0,0,0,38,14,7,45,65476,0,300,0,0,8,21553,0.0,-107605600.0,0.0,0.0,0.0,0.0,0.0,0.0,0.0,0.0,0.0,0.0,0.0,0.0,0.0,0.0,0.0,0.0,0.0,0.0,0.0,0.0,-2.004,-2.004,-0.0,0.0,0.0,0.0,0.0,0.0,5073.0,0.0,0.0,0.0,-107615288.0,0.0,-0.0,0.0,0.0,0.0,0.0,53,2.3088403658719416e+20,-0.0,0.0,0.0,0.0,0.0,0.0,0.0,0.0,0,0,0,0.0,0.0,0.0,0.0,0.0,0.0,0.0,0.0,0.0,0.0,0.0,0.0,0.0,0.0,0.0,0.0,0,-107875648.0,53,0.0,106,-107614832.0,-107350944.0,ERR,ERR,ERR,ERR,ERR,ERR,ERR,ERR,ERR,ERR,ERR,ERR,ERR,ERR,ERR,ERR,ERR,ERR,ERR,ERR,ERR,ERR,ERR,ERR,ERR,ERR,ERR,ERR,ERR,ERR,ERR,ERR,ERR,ERR,ERR,ERR,ERR,ERR,ERR,ERR,ERR,ERR,ERR,ERR,ERR,ERR,ERR,ERR,ERR,ERR,ERR,ERR,ERR,ERR,ERR,ERR,ERR,ERR,ERR,ERR,ERR,ERR,ERR,ERR,ERR,ERR,ERR,50.0,60.0,100,0.0,0.0,0.0,0.0,0.0,0.0,0.0,0.0,0.0,0.0,0.0,0.0,0.0,0.0,0.0,0.0,61.6,65,20,65521,50,65476,0,300,0,0,8,20529,65476,0,0,26214,60.0,0.0,0.0,0.0,0.0,0.0
2026-05-17T16:15:34,ERR,ERR,ERR,ERR,ERR,ERR,ERR,ERR,ERR,ERR,ERR,ERR,ERR,ERR,ERR,ERR,ERR,ERR,ERR,ERR,ERR,ERR,ERR,ERR,ERR,ERR,ERR,ERR,ERR,ERR,ERR,ERR,ERR,ERR,ERR,ERR,ERR,ERR,ERR,ERR,ERR,ERR,ERR,ERR,ERR,ERR,ERR,ERR,ERR,ERR,ERR,ERR,ERR,ERR,ERR,ERR,ERR,ERR,ERR,ERR,ERR,ERR,ERR,ERR,ERR,ERR,ERR,ERR,ERR,ERR,ERR,ERR,ERR,ERR,ERR,ERR,ERR,ERR,ERR,ERR,ERR,ERR,ERR,ERR,ERR,ERR,ERR,ERR,ERR,ERR,ERR,ERR,ERR,ERR,ERR,ERR,ERR,ERR,ERR,ERR,ERR,ERR,ERR,ERR,ERR,ERR,ERR,ERR,ERR,ERR,ERR,ERR,ERR,ERR,ERR,ERR,ERR,ERR,ERR,ERR,ERR,ERR,ERR,ERR,ERR,0.0,-107615288.0,-134474944.0,0.0,0.0,1.3936040501711995e+18,7.805,0.0,0,0,4,0,8422,0.0,45,0.0,0.0,0.0,0.0,0.0,0,0,0,0,0.0,0,0,0,0,0,0,0,0,0,0,0,0,0,0,0,0,0,0,0,0,0,0,0,0,0,0,0,0,0,0,0,0,0,38,14,7,45,65476,0,300,0,0,8,21553,0.0,-107605600.0,0.0,0.0,0.0,0.0,0.0,0.0,0.0,0.0,0.0,0.0,0.0,0.0,0.0,0.0,0.0,0.0,0.0,0.0,0.0,0.0,-2.004,-2.004,-0.0,0.0,0.0,0.0,0.0,0.0,5073.0,0.0,0.0,0.0,-107615288.0,0.0,-0.0,0.0,0.0,0.0,0.0,53,2.3088403658719416e+20,-0.0,0.0,0.0,0.0,0.0,0.0,0.0,0.0,0,0,0,0.0,0.0,0.0,0.0,0.0,0.0,0.0,0.0,0.0,0.0,0.0,0.0,0.0,0.0,0.0,0.0,0,-107875648.0,53,0.0,106,-107614832.0,-107350944.0,ERR,ERR,ERR,ERR,ERR,ERR,ERR,ERR,ERR,ERR,ERR,ERR,ERR,ERR,ERR,ERR,ERR,ERR,ERR,ERR,ERR,ERR,ERR,ERR,ERR,ERR,ERR,ERR,ERR,ERR,ERR,ERR,ERR,ERR,ERR,ERR,ERR,ERR,ERR,ERR,ERR,ERR,ERR,ERR,ERR,ERR,ERR,ERR,ERR,ERR,ERR,ERR,ERR,ERR,ERR,ERR,ERR,ERR,ERR,ERR,ERR,ERR,ERR,ERR,ERR,ERR,ERR,50.0,60.0,100,0.0,0.0,0.0,0.0,0.0,0.0,0.0,0.0,0.0,0.0,0.0,0.0,0.0,0.0,0.0,0.0,61.6,65,20,65521,50,65476,0,300,0,0,8,20529,65476,0,0,26214,60.0,0.0,0.0,0.0,0.0,0.0
2026-05-17T16:15:35,ERR,ERR,ERR,ERR,ERR,ERR,ERR,ERR,ERR,ERR,ERR,ERR,ERR,ERR,ERR,ERR,ERR,ERR,ERR,ERR,ERR,ERR,ERR,ERR,ERR,ERR,ERR,ERR,ERR,ERR,ERR,ERR,ERR,ERR,ERR,ERR,ERR,ERR,ERR,ERR,ERR,ERR,ERR,ERR,ERR,ERR,ERR,ERR,ERR,ERR,ERR,ERR,ERR,ERR,ERR,ERR,ERR,ERR,ERR,ERR,ERR,ERR,ERR,ERR,ERR,ERR,ERR,ERR,ERR,ERR,ERR,ERR,ERR,ERR,ERR,ERR,ERR,ERR,ERR,ERR,ERR,ERR,ERR,ERR,ERR,ERR,ERR,ERR,ERR,ERR,ERR,ERR,ERR,ERR,ERR,ERR,ERR,ERR,ERR,ERR,ERR,ERR,ERR,ERR,ERR,ERR,ERR,ERR,ERR,ERR,ERR,ERR,ERR,ERR,ERR,ERR,ERR,ERR,ERR,ERR,ERR,ERR,ERR,ERR,ERR,0.0,-107615288.0,-134474944.0,0.0,0.0,1.3936040501711995e+18,7.805,0.0,0,0,4,0,8422,0.0,45,0.0,0.0,0.0,0.0,0.0,0,0,0,0,0.0,0,0,0,0,0,0,0,0,0,0,0,0,0,0,0,0,0,0,0,0,0,0,0,0,0,0,0,0,0,0,0,0,0,38,14,7,45,65476,0,300,0,0,8,21553,0.0,-107605600.0,0.0,0.0,0.0,0.0,0.0,0.0,0.0,0.0,0.0,0.0,0.0,0.0,0.0,0.0,0.0,0.0,0.0,0.0,0.0,0.0,-2.004,-2.004,-0.0,0.0,0.0,0.0,0.0,0.0,5068.0,3.697187013234e+19,0.0,0.0,-107615288.0,0.0,-0.0,0.0,0.0,0.0,0.0,53,126841110528.0,-152017313988608.0,0.0,0.0,0.0,0.0,0.0,0.0,0.0,0,0,0,0.0,0.0,0.0,0.0,0.0,0.0,0.0,0.0,0.0,0.0,0.0,0.0,0.0,0.0,0.0,0.0,0,-107875648.0,53,0.0,106,-107614832.0,-107350944.0,ERR,ERR,ERR,ERR,ERR,ERR,ERR,ERR,ERR,ERR,ERR,ERR,ERR,ERR,ERR,ERR,ERR,ERR,ERR,ERR,ERR,ERR,ERR,ERR,ERR,ERR,ERR,ERR,ERR,ERR,ERR,ERR,ERR,ERR,ERR,ERR,ERR,ERR,ERR,ERR,ERR,ERR,ERR,ERR,ERR,ERR,ERR,ERR,ERR,ERR,ERR,ERR,ERR,ERR,ERR,ERR,ERR,ERR,ERR,ERR,ERR,ERR,ERR,ERR,ERR,ERR,ERR,50.0,60.0,100,0.0,0.0,0.0,0.0,0.0,0.0,0.0,0.0,0.0,0.0,0.0,0.0,0.0,0.0,0.0,0.0,61.6,65,20,65521,50,65476,0,300,0,0,8,20529,65476,0,0,26214,60.0,0.0,0.0,0.0,0.0,0.0
2026-05-17T16:15:36,ERR,ERR,ERR,ERR,ERR,ERR,ERR,ERR,ERR,ERR,ERR,ERR,ERR,ERR,ERR,ERR,ERR,ERR,ERR,ERR,ERR,ERR,ERR,ERR,ERR,ERR,ERR,ERR,ERR,ERR,ERR,ERR,ERR,ERR,ERR,ERR,ERR,ERR,ERR,ERR,ERR,ERR,ERR,ERR,ERR,ERR,ERR,ERR,ERR,ERR,ERR,ERR,ERR,ERR,ERR,ERR,ERR,ERR,ERR,ERR,ERR,ERR,ERR,ERR,ERR,ERR,ERR,ERR,ERR,ERR,ERR,ERR,ERR,ERR,ERR,ERR,ERR,ERR,ERR,ERR,ERR,ERR,ERR,ERR,ERR,ERR,ERR,ERR,ERR,ERR,ERR,ERR,ERR,ERR,ERR,ERR,ERR,ERR,ERR,ERR,ERR,ERR,ERR,ERR,ERR,ERR,ERR,ERR,ERR,ERR,ERR,ERR,ERR,ERR,ERR,ERR,ERR,ERR,ERR,ERR,ERR,ERR,ERR,ERR,ERR,0.0,-107615288.0,-134474944.0,0.0,0.0,1.3936040501711995e+18,7.805,0.0,0,0,4,0,8422,0.0,45,0.0,0.0,0.0,0.0,0.0,0,0,0,0,0.0,0,0,0,0,0,0,0,0,0,0,0,0,0,0,0,0,0,0,0,0,0,0,0,0,0,0,0,0,0,0,0,0,0,38,14,7,45,65476,0,300,0,0,8,21553,0.0,-107605600.0,0.0,0.0,0.0,0.0,0.0,0.0,0.0,0.0,0.0,0.0,0.0,0.0,0.0,0.0,0.0,0.0,0.0,0.0,0.0,0.0,-2.004,-2.004,-0.0,0.0,0.0,0.0,0.0,0.0,5068.0,3.697187013234e+19,0.0,0.0,-107615288.0,0.0,-0.0,0.0,0.0,0.0,0.0,53,126841110528.0,-152017313988608.0,0.0,0.0,0.0,0.0,0.0,0.0,0.0,0,0,0,0.0,0.0,0.0,0.0,0.0,0.0,0.0,0.0,0.0,0.0,0.0,0.0,0.0,0.0,0.0,0.0,0,-107875648.0,53,0.0,106,-107614832.0,-107350944.0,ERR,ERR,ERR,ERR,ERR,ERR,ERR,ERR,ERR,ERR,ERR,ERR,ERR,ERR,ERR,ERR,ERR,ERR,ERR,ERR,ERR,ERR,ERR,ERR,ERR,ERR,ERR,ERR,ERR,ERR,ERR,ERR,ERR,ERR,ERR,ERR,ERR,ERR,ERR,ERR,ERR,ERR,ERR,ERR,ERR,ERR,ERR,ERR,ERR,ERR,ERR,ERR,ERR,ERR,ERR,ERR,ERR,ERR,ERR,ERR,ERR,ERR,ERR,ERR,ERR,ERR,ERR,50.0,60.0,100,0.0,0.0,0.0,0.0,0.0,0.0,0.0,0.0,0.0,0.0,0.0,0.0,0.0,0.0,0.0,0.0,61.6,65,20,65521,50,65476,0,300,0,0,8,20529,65476,0,0,26214,60.0,0.0,0.0,0.0,0.0,0.0
2026-05-17T16:15:37,ERR,ERR,ERR,ERR,ERR,ERR,ERR,ERR,ERR,ERR,ERR,ERR,ERR,ERR,ERR,ERR,ERR,ERR,ERR,ERR,ERR,ERR,ERR,ERR,ERR,ERR,ERR,ERR,ERR,ERR,ERR,ERR,ERR,ERR,ERR,ERR,ERR,ERR,ERR,ERR,ERR,ERR,ERR,ERR,ERR,ERR,ERR,ERR,ERR,ERR,ERR,ERR,ERR,ERR,ERR,ERR,ERR,ERR,ERR,ERR,ERR,ERR,ERR,ERR,ERR,ERR,ERR,ERR,ERR,ERR,ERR,ERR,ERR,ERR,ERR,ERR,ERR,ERR,ERR,ERR,ERR,ERR,ERR,ERR,ERR,ERR,ERR,ERR,ERR,ERR,ERR,ERR,ERR,ERR,ERR,ERR,ERR,ERR,ERR,ERR,ERR,ERR,ERR,ERR,ERR,ERR,ERR,ERR,ERR,ERR,ERR,ERR,ERR,ERR,ERR,ERR,ERR,ERR,ERR,ERR,ERR,ERR,ERR,ERR,ERR,0.0,-107615288.0,-134474944.0,0.0,0.0,1.3936040501711995e+18,7.805,0.0,0,0,4,0,8422,0.0,45,0.0,0.0,0.0,0.0,0.0,0,0,0,0,0.0,0,0,0,0,0,0,0,0,0,0,0,0,0,0,0,0,0,0,0,0,0,0,0,0,0,0,0,0,0,0,0,0,0,38,14,7,45,65476,0,300,0,0,8,21553,0.0,-107605600.0,0.0,0.0,0.0,0.0,0.0,0.0,0.0,0.0,0.0,0.0,0.0,0.0,0.0,0.0,0.0,0.0,0.0,0.0,0.0,0.0,-2.004,-2.004,-0.0,0.0,0.0,0.0,0.0,0.0,5068.0,3.697187013234e+19,0.0,0.0,-107615288.0,0.0,-0.0,0.0,0.0,0.0,0.0,53,126841110528.0,-152017313988608.0,0.0,0.0,0.0,0.0,0.0,0.0,0.0,0,0,0,0.0,0.0,0.0,0.0,0.0,0.0,0.0,0.0,0.0,0.0,0.0,0.0,0.0,0.0,0.0,0.0,0,-107875648.0,53,0.0,106,-107614832.0,-107350944.0,ERR,ERR,ERR,ERR,ERR,ERR,ERR,ERR,ERR,ERR,ERR,ERR,ERR,ERR,ERR,ERR,ERR,ERR,ERR,ERR,ERR,ERR,ERR,ERR,ERR,ERR,ERR,ERR,ERR,ERR,ERR,ERR,ERR,ERR,ERR,ERR,ERR,ERR,ERR,ERR,ERR,ERR,ERR,ERR,ERR,ERR,ERR,ERR,ERR,ERR,ERR,ERR,ERR,ERR,ERR,ERR,ERR,ERR,ERR,ERR,ERR,ERR,ERR,ERR,ERR,ERR,ERR,50.0,60.0,100,0.0,0.0,0.0,0.0,0.0,0.0,0.0,0.0,0.0,0.0,0.0,0.0,0.0,0.0,0.0,0.0,61.6,65,20,65521,50,65476,0,300,0,0,8,20529,65476,0,0,26214,60.0,0.0,0.0,0.0,0.0,0.0
2026-05-17T16:15:38,ERR,ERR,ERR,ERR,ERR,ERR,ERR,ERR,ERR,ERR,ERR,ERR,ERR,ERR,ERR,ERR,ERR,ERR,ERR,ERR,ERR,ERR,ERR,ERR,ERR,ERR,ERR,ERR,ERR,ERR,ERR,ERR,ERR,ERR,ERR,ERR,ERR,ERR,ERR,ERR,ERR,ERR,ERR,ERR,ERR,ERR,ERR,ERR,ERR,ERR,ERR,ERR,ERR,ERR,ERR,ERR,ERR,ERR,ERR,ERR,ERR,ERR,ERR,ERR,ERR,ERR,ERR,ERR,ERR,ERR,ERR,ERR,ERR,ERR,ERR,ERR,ERR,ERR,ERR,ERR,ERR,ERR,ERR,ERR,ERR,ERR,ERR,ERR,ERR,ERR,ERR,ERR,ERR,ERR,ERR,ERR,ERR,ERR,ERR,ERR,ERR,ERR,ERR,ERR,ERR,ERR,ERR,ERR,ERR,ERR,ERR,ERR,ERR,ERR,ERR,ERR,ERR,ERR,ERR,ERR,ERR,ERR,ERR,ERR,ERR,0.0,-107615288.0,-134474944.0,0.0,0.0,1.3936040501711995e+18,7.805,0.0,0,0,4,0,8422,0.0,45,0.0,0.0,0.0,0.0,0.0,0,0,0,0,0.0,0,0,0,0,0,0,0,0,0,0,0,0,0,0,0,0,0,0,0,0,0,0,0,0,0,0,0,0,0,0,0,0,0,38,14,7,45,65476,0,300,0,0,8,21553,0.0,-107605600.0,0.0,0.0,0.0,0.0,0.0,0.0,0.0,0.0,0.0,0.0,0.0,0.0,0.0,0.0,0.0,0.0,0.0,0.0,0.0,0.0,-2.004,-2.004,-0.0,0.0,0.0,0.0,0.0,0.0,5068.0,3.697187013234e+19,0.0,0.0,-107615288.0,0.0,-0.0,0.0,0.0,0.0,0.0,53,126841110528.0,-152017313988608.0,0.0,0.0,0.0,0.0,0.0,0.0,0.0,0,0,0,0.0,0.0,0.0,0.0,0.0,0.0,0.0,0.0,0.0,0.0,0.0,0.0,0.0,0.0,0.0,0.0,0,-107875648.0,53,0.0,106,-107614832.0,-107350944.0,ERR,ERR,ERR,ERR,ERR,ERR,ERR,ERR,ERR,ERR,ERR,ERR,ERR,ERR,ERR,ERR,ERR,ERR,ERR,ERR,ERR,ERR,ERR,ERR,ERR,ERR,ERR,ERR,ERR,ERR,ERR,ERR,ERR,ERR,ERR,ERR,ERR,ERR,ERR,ERR,ERR,ERR,ERR,ERR,ERR,ERR,ERR,ERR,ERR,ERR,ERR,ERR,ERR,ERR,ERR,ERR,ERR,ERR,ERR,ERR,ERR,ERR,ERR,ERR,ERR,ERR,ERR,50.0,60.0,100,0.0,0.0,0.0,0.0,0.0,0.0,0.0,0.0,0.0,0.0,0.0,0.0,0.0,0.0,0.0,0.0,61.6,65,20,65521,50,65476,0,300,0,0,8,20529,65476,0,0,26214,60.0,0.0,0.0,0.0,0.0,0.0
2026-05-17T16:15:39,ERR,ERR,ERR,ERR,ERR,ERR,ERR,ERR,ERR,ERR,ERR,ERR,ERR,ERR,ERR,ERR,ERR,ERR,ERR,ERR,ERR,ERR,ERR,ERR,ERR,ERR,ERR,ERR,ERR,ERR,ERR,ERR,ERR,ERR,ERR,ERR,ERR,ERR,ERR,ERR,ERR,ERR,ERR,ERR,ERR,ERR,ERR,ERR,ERR,ERR,ERR,ERR,ERR,ERR,ERR,ERR,ERR,ERR,ERR,ERR,ERR,ERR,ERR,ERR,ERR,ERR,ERR,ERR,ERR,ERR,ERR,ERR,ERR,ERR,ERR,ERR,ERR,ERR,ERR,ERR,ERR,ERR,ERR,ERR,ERR,ERR,ERR,ERR,ERR,ERR,ERR,ERR,ERR,ERR,ERR,ERR,ERR,ERR,ERR,ERR,ERR,ERR,ERR,ERR,ERR,ERR,ERR,ERR,ERR,ERR,ERR,ERR,ERR,ERR,ERR,ERR,ERR,ERR,ERR,ERR,ERR,ERR,ERR,ERR,ERR,0.0,-107615288.0,-134474944.0,0.0,0.0,1.3936040501711995e+18,7.805,0.0,0,0,4,0,8422,0.0,45,0.0,0.0,0.0,0.0,0.0,0,0,0,0,0.0,0,0,0,0,0,0,0,0,0,0,0,0,0,0,0,0,0,0,0,0,0,0,0,0,0,0,0,0,0,0,0,0,0,38,14,7,45,65476,0,300,0,0,8,21553,0.0,-107605600.0,0.0,0.0,0.0,0.0,0.0,0.0,0.0,0.0,0.0,0.0,0.0,0.0,0.0,0.0,0.0,0.0,0.0,0.0,0.0,0.0,-2.004,-2.004,-0.0,0.0,0.0,0.0,0.0,0.0,5068.0,3.697187013234e+19,0.0,0.0,-107615288.0,0.0,-0.0,0.0,0.0,0.0,0.0,53,126841110528.0,-152017313988608.0,0.0,0.0,0.0,0.0,0.0,0.0,0.0,0,0,0,0.0,0.0,0.0,0.0,0.0,0.0,0.0,0.0,0.0,0.0,0.0,0.0,0.0,0.0,0.0,0.0,0,-107875648.0,53,0.0,106,-107614832.0,-107350944.0,ERR,ERR,ERR,ERR,ERR,ERR,ERR,ERR,ERR,ERR,ERR,ERR,ERR,ERR,ERR,ERR,ERR,ERR,ERR,ERR,ERR,ERR,ERR,ERR,ERR,ERR,ERR,ERR,ERR,ERR,ERR,ERR,ERR,ERR,ERR,ERR,ERR,ERR,ERR,ERR,ERR,ERR,ERR,ERR,ERR,ERR,ERR,ERR,ERR,ERR,ERR,ERR,ERR,ERR,ERR,ERR,ERR,ERR,ERR,ERR,ERR,ERR,ERR,ERR,ERR,ERR,ERR,50.0,60.0,100,0.0,0.0,0.0,0.0,0.0,0.0,0.0,0.0,0.0,0.0,0.0,0.0,0.0,0.0,0.0,0.0,61.6,65,20,65521,50,65476,0,300,0,0,8,20529,65476,0,0,26214,60.0,0.0,0.0,0.0,0.0,0.0
2026-05-17T16:15:40,ERR,ERR,ERR,ERR,ERR,ERR,ERR,ERR,ERR,ERR,ERR,ERR,ERR,ERR,ERR,ERR,ERR,ERR,ERR,ERR,ERR,ERR,ERR,ERR,ERR,ERR,ERR,ERR,ERR,ERR,ERR,ERR,ERR,ERR,ERR,ERR,ERR,ERR,ERR,ERR,ERR,ERR,ERR,ERR,ERR,ERR,ERR,ERR,ERR,ERR,ERR,ERR,ERR,ERR,ERR,ERR,ERR,ERR,ERR,ERR,ERR,ERR,ERR,ERR,ERR,ERR,ERR,ERR,ERR,ERR,ERR,ERR,ERR,ERR,ERR,ERR,ERR,ERR,ERR,ERR,ERR,ERR,ERR,ERR,ERR,ERR,ERR,ERR,ERR,ERR,ERR,ERR,ERR,ERR,ERR,ERR,ERR,ERR,ERR,ERR,ERR,ERR,ERR,ERR,ERR,ERR,ERR,ERR,ERR,ERR,ERR,ERR,ERR,ERR,ERR,ERR,ERR,ERR,ERR,ERR,ERR,ERR,ERR,ERR,ERR,0.0,-107615288.0,-134474944.0,0.0,0.0,1.3936040501711995e+18,7.805,0.0,0,0,4,0,8422,0.0,45,0.0,0.0,0.0,0.0,0.0,0,0,0,0,0.0,0,0,0,0,0,0,0,0,0,0,0,0,0,0,0,0,0,0,0,0,0,0,0,0,0,0,0,0,0,0,0,0,0,38,14,7,45,65476,0,300,0,0,8,21553,0.0,-107605600.0,0.0,0.0,0.0,0.0,0.0,0.0,0.0,0.0,0.0,0.0,0.0,0.0,0.0,0.0,0.0,0.0,0.0,0.0,0.0,0.0,0.0,-2.004,-0.0,0.0,0.0,0.0,0.0,0.0,5067.0,-131350.469,0.0,0.0,-107615288.0,0.0,-0.0,0.0,0.0,0.0,0.0,53,89221.109,1.9056864381632512e+17,0.0,0.0,0.0,0.0,0.0,0.0,0.0,0,0,0,0.0,0.0,0.0,0.0,0.0,0.0,0.0,0.0,0.0,0.0,0.0,0.0,0.0,0.0,0.0,0.0,0,-107875648.0,53,0.0,106,-107614832.0,-107350944.0,ERR,ERR,ERR,ERR,ERR,ERR,ERR,ERR,ERR,ERR,ERR,ERR,ERR,ERR,ERR,ERR,ERR,ERR,ERR,ERR,ERR,ERR,ERR,ERR,ERR,ERR,ERR,ERR,ERR,ERR,ERR,ERR,ERR,ERR,ERR,ERR,ERR,ERR,ERR,ERR,ERR,ERR,ERR,ERR,ERR,ERR,ERR,ERR,ERR,ERR,ERR,ERR,ERR,ERR,ERR,ERR,ERR,ERR,ERR,ERR,ERR,ERR,ERR,ERR,ERR,ERR,ERR,50.0,60.0,100,0.0,0.0,0.0,0.0,0.0,0.0,0.0,0.0,0.0,0.0,0.0,0.0,0.0,0.0,0.0,0.0,61.6,65,20,65521,50,65476,0,300,0,0,8,20529,65476,0,0,26214,60.0,0.0,0.0,0.0,0.0,0.0
2026-05-17T16:15:41,ERR,ERR,ERR,ERR,ERR,ERR,ERR,ERR,ERR,ERR,ERR,ERR,ERR,ERR,ERR,ERR,ERR,ERR,ERR,ERR,ERR,ERR,ERR,ERR,ERR,ERR,ERR,ERR,ERR,ERR,ERR,ERR,ERR,ERR,ERR,ERR,ERR,ERR,ERR,ERR,ERR,ERR,ERR,ERR,ERR,ERR,ERR,ERR,ERR,ERR,ERR,ERR,ERR,ERR,ERR,ERR,ERR,ERR,ERR,ERR,ERR,ERR,ERR,ERR,ERR,ERR,ERR,ERR,ERR,ERR,ERR,ERR,ERR,ERR,ERR,ERR,ERR,ERR,ERR,ERR,ERR,ERR,ERR,ERR,ERR,ERR,ERR,ERR,ERR,ERR,ERR,ERR,ERR,ERR,ERR,ERR,ERR,ERR,ERR,ERR,ERR,ERR,ERR,ERR,ERR,ERR,ERR,ERR,ERR,ERR,ERR,ERR,ERR,ERR,ERR,ERR,ERR,ERR,ERR,ERR,ERR,ERR,ERR,ERR,ERR,0.0,-107615288.0,-134474944.0,0.0,0.0,1.3936040501711995e+18,7.805,0.0,0,0,4,0,8422,0.0,45,0.0,0.0,0.0,0.0,0.0,0,0,0,0,0.0,0,0,0,0,0,0,0,0,0,0,0,0,0,0,0,0,0,0,0,0,0,0,0,0,0,0,0,0,0,0,0,0,0,38,14,7,45,65476,0,300,0,0,8,21553,0.0,-107605600.0,0.0,0.0,0.0,0.0,0.0,0.0,0.0,0.0,0.0,0.0,0.0,0.0,0.0,0.0,0.0,0.0,0.0,0.0,0.0,0.0,0.0,-2.004,-0.0,0.0,0.0,0.0,0.0,0.0,5067.0,-131350.469,0.0,0.0,-107615288.0,0.0,-0.0,0.0,0.0,0.0,0.0,53,89221.109,1.9056864381632512e+17,0.0,0.0,0.0,0.0,0.0,0.0,0.0,0,0,0,0.0,0.0,0.0,0.0,0.0,0.0,0.0,0.0,0.0,0.0,0.0,0.0,0.0,0.0,0.0,0.0,0,-107875648.0,53,0.0,106,-107614832.0,-107350944.0,ERR,ERR,ERR,ERR,ERR,ERR,ERR,ERR,ERR,ERR,ERR,ERR,ERR,ERR,ERR,ERR,ERR,ERR,ERR,ERR,ERR,ERR,ERR,ERR,ERR,ERR,ERR,ERR,ERR,ERR,ERR,ERR,ERR,ERR,ERR,ERR,ERR,ERR,ERR,ERR,ERR,ERR,ERR,ERR,ERR,ERR,ERR,ERR,ERR,ERR,ERR,ERR,ERR,ERR,ERR,ERR,ERR,ERR,ERR,ERR,ERR,ERR,ERR,ERR,ERR,ERR,ERR,50.0,60.0,100,0.0,0.0,0.0,0.0,0.0,0.0,0.0,0.0,0.0,0.0,0.0,0.0,0.0,0.0,0.0,0.0,61.6,65,20,65521,50,65476,0,300,0,0,8,20529,65476,0,0,26214,60.0,0.0,0.0,0.0,0.0,0.0
2026-05-17T16:15:42,ERR,ERR,ERR,ERR,ERR,ERR,ERR,ERR,ERR,ERR,ERR,ERR,ERR,ERR,ERR,ERR,ERR,ERR,ERR,ERR,ERR,ERR,ERR,ERR,ERR,ERR,ERR,ERR,ERR,ERR,ERR,ERR,ERR,ERR,ERR,ERR,ERR,ERR,ERR,ERR,ERR,ERR,ERR,ERR,ERR,ERR,ERR,ERR,ERR,ERR,ERR,ERR,ERR,ERR,ERR,ERR,ERR,ERR,ERR,ERR,ERR,ERR,ERR,ERR,ERR,ERR,ERR,ERR,ERR,ERR,ERR,ERR,ERR,ERR,ERR,ERR,ERR,ERR,ERR,ERR,ERR,ERR,ERR,ERR,ERR,ERR,ERR,ERR,ERR,ERR,ERR,ERR,ERR,ERR,ERR,ERR,ERR,ERR,ERR,ERR,ERR,ERR,ERR,ERR,ERR,ERR,ERR,ERR,ERR,ERR,ERR,ERR,ERR,ERR,ERR,ERR,ERR,ERR,ERR,ERR,ERR,ERR,ERR,ERR,ERR,0.0,-107615288.0,-134474944.0,0.0,0.0,1.3936040501711995e+18,7.805,0.0,0,0,4,0,8422,0.0,45,0.0,0.0,0.0,0.0,0.0,0,0,0,0,0.0,0,0,0,0,0,0,0,0,0,0,0,0,0,0,0,0,0,0,0,0,0,0,0,0,0,0,0,0,0,0,0,0,0,38,14,7,45,65476,0,300,0,0,8,21553,0.0,-107605600.0,0.0,0.0,0.0,0.0,0.0,0.0,0.0,0.0,0.0,0.0,0.0,0.0,0.0,0.0,0.0,0.0,0.0,0.0,0.0,0.0,0.0,-2.004,-0.0,0.0,0.0,0.0,0.0,0.0,5067.0,-131350.469,0.0,0.0,-107615288.0,0.0,-0.0,0.0,0.0,0.0,0.0,53,89221.109,1.9056864381632512e+17,0.0,0.0,0.0,0.0,0.0,0.0,0.0,0,0,0,0.0,0.0,0.0,0.0,0.0,0.0,0.0,0.0,0.0,0.0,0.0,0.0,0.0,0.0,0.0,0.0,0,-107875648.0,53,0.0,106,-107614832.0,-107350944.0,ERR,ERR,ERR,ERR,ERR,ERR,ERR,ERR,ERR,ERR,ERR,ERR,ERR,ERR,ERR,ERR,ERR,ERR,ERR,ERR,ERR,ERR,ERR,ERR,ERR,ERR,ERR,ERR,ERR,ERR,ERR,ERR,ERR,ERR,ERR,ERR,ERR,ERR,ERR,ERR,ERR,ERR,ERR,ERR,ERR,ERR,ERR,ERR,ERR,ERR,ERR,ERR,ERR,ERR,ERR,ERR,ERR,ERR,ERR,ERR,ERR,ERR,ERR,ERR,ERR,ERR,ERR,50.0,60.0,100,0.0,0.0,0.0,0.0,0.0,0.0,0.0,0.0,0.0,0.0,0.0,0.0,0.0,0.0,0.0,0.0,61.6,65,20,65521,50,65476,0,300,0,0,8,20529,65476,0,0,26214,60.0,0.0,0.0,0.0,0.0,0.0
2026-05-17T16:15:43,ERR,ERR,ERR,ERR,ERR,ERR,ERR,ERR,ERR,ERR,ERR,ERR,ERR,ERR,ERR,ERR,ERR,ERR,ERR,ERR,ERR,ERR,ERR,ERR,ERR,ERR,ERR,ERR,ERR,ERR,ERR,ERR,ERR,ERR,ERR,ERR,ERR,ERR,ERR,ERR,ERR,ERR,ERR,ERR,ERR,ERR,ERR,ERR,ERR,ERR,ERR,ERR,ERR,ERR,ERR,ERR,ERR,ERR,ERR,ERR,ERR,ERR,ERR,ERR,ERR,ERR,ERR,ERR,ERR,ERR,ERR,ERR,ERR,ERR,ERR,ERR,ERR,ERR,ERR,ERR,ERR,ERR,ERR,ERR,ERR,ERR,ERR,ERR,ERR,ERR,ERR,ERR,ERR,ERR,ERR,ERR,ERR,ERR,ERR,ERR,ERR,ERR,ERR,ERR,ERR,ERR,ERR,ERR,ERR,ERR,ERR,ERR,ERR,ERR,ERR,ERR,ERR,ERR,ERR,ERR,ERR,ERR,ERR,ERR,ERR,0.0,-107615288.0,-134474944.0,0.0,0.0,1.3936040501711995e+18,7.805,0.0,0,0,4,0,8422,0.0,45,0.0,0.0,0.0,0.0,0.0,0,0,0,0,0.0,0,0,0,0,0,0,0,0,0,0,0,0,0,0,0,0,0,0,0,0,0,0,0,0,0,0,0,0,0,0,0,0,0,38,14,7,45,65476,0,300,0,0,8,21553,0.0,-107605600.0,0.0,0.0,0.0,0.0,0.0,0.0,0.0,0.0,0.0,0.0,0.0,0.0,0.0,0.0,0.0,0.0,0.0,0.0,0.0,0.0,0.0,-2.004,-0.0,0.0,0.0,0.0,0.0,0.0,5067.0,-131350.469,0.0,0.0,-107615288.0,0.0,-0.0,0.0,0.0,0.0,0.0,53,89221.109,1.9056864381632512e+17,0.0,0.0,0.0,0.0,0.0,0.0,0.0,0,0,0,0.0,0.0,0.0,0.0,0.0,0.0,0.0,0.0,0.0,0.0,0.0,0.0,0.0,0.0,0.0,0.0,0,-107875648.0,53,0.0,106,-107614832.0,-107350944.0,ERR,ERR,ERR,ERR,ERR,ERR,ERR,ERR,ERR,ERR,ERR,ERR,ERR,ERR,ERR,ERR,ERR,ERR,ERR,ERR,ERR,ERR,ERR,ERR,ERR,ERR,ERR,ERR,ERR,ERR,ERR,ERR,ERR,ERR,ERR,ERR,ERR,ERR,ERR,ERR,ERR,ERR,ERR,ERR,ERR,ERR,ERR,ERR,ERR,ERR,ERR,ERR,ERR,ERR,ERR,ERR,ERR,ERR,ERR,ERR,ERR,ERR,ERR,ERR,ERR,ERR,ERR,50.0,60.0,100,0.0,0.0,0.0,0.0,0.0,0.0,0.0,0.0,0.0,0.0,0.0,0.0,0.0,0.0,0.0,0.0,61.6,65,20,65521,50,65476,0,300,0,0,8,20529,65476,0,0,26214,60.0,0.0,0.0,0.0,0.0,0.0
2026-05-17T16:15:44,ERR,ERR,ERR,ERR,ERR,ERR,ERR,ERR,ERR,ERR,ERR,ERR,ERR,ERR,ERR,ERR,ERR,ERR,ERR,ERR,ERR,ERR,ERR,ERR,ERR,ERR,ERR,ERR,ERR,ERR,ERR,ERR,ERR,ERR,ERR,ERR,ERR,ERR,ERR,ERR,ERR,ERR,ERR,ERR,ERR,ERR,ERR,ERR,ERR,ERR,ERR,ERR,ERR,ERR,ERR,ERR,ERR,ERR,ERR,ERR,ERR,ERR,ERR,ERR,ERR,ERR,ERR,ERR,ERR,ERR,ERR,ERR,ERR,ERR,ERR,ERR,ERR,ERR,ERR,ERR,ERR,ERR,ERR,ERR,ERR,ERR,ERR,ERR,ERR,ERR,ERR,ERR,ERR,ERR,ERR,ERR,ERR,ERR,ERR,ERR,ERR,ERR,ERR,ERR,ERR,ERR,ERR,ERR,ERR,ERR,ERR,ERR,ERR,ERR,ERR,ERR,ERR,ERR,ERR,ERR,ERR,ERR,ERR,ERR,ERR,0.0,-107615288.0,-134474944.0,0.0,0.0,1.3936040501711995e+18,7.805,0.0,0,0,4,0,8422,0.0,45,0.0,0.0,0.0,0.0,0.0,0,0,0,0,0.0,0,0,0,0,0,0,0,0,0,0,0,0,0,0,0,0,0,0,0,0,0,0,0,0,0,0,0,0,0,0,0,0,0,38,14,7,45,65476,0,300,0,0,8,21553,0.0,-107605600.0,0.0,0.0,0.0,0.0,0.0,0.0,0.0,0.0,0.0,0.0,0.0,0.0,0.0,0.0,0.0,0.0,0.0,0.0,0.0,0.0,0.0,-2.004,-0.0,0.0,0.0,0.0,0.0,0.0,5067.0,-131350.469,0.0,0.0,-107615288.0,0.0,-0.0,0.0,0.0,0.0,0.0,53,89221.109,1.9056864381632512e+17,0.0,0.0,0.0,0.0,0.0,0.0,0.0,0,0,0,0.0,0.0,0.0,0.0,0.0,0.0,0.0,0.0,0.0,0.0,0.0,0.0,0.0,0.0,0.0,0.0,0,-107875648.0,53,0.0,106,-107614832.0,-107350944.0,ERR,ERR,ERR,ERR,ERR,ERR,ERR,ERR,ERR,ERR,ERR,ERR,ERR,ERR,ERR,ERR,ERR,ERR,ERR,ERR,ERR,ERR,ERR,ERR,ERR,ERR,ERR,ERR,ERR,ERR,ERR,ERR,ERR,ERR,ERR,ERR,ERR,ERR,ERR,ERR,ERR,ERR,ERR,ERR,ERR,ERR,ERR,ERR,ERR,ERR,ERR,ERR,ERR,ERR,ERR,ERR,ERR,ERR,ERR,ERR,ERR,ERR,ERR,ERR,ERR,ERR,ERR,50.0,60.0,100,0.0,0.0,0.0,0.0,0.0,0.0,0.0,0.0,0.0,0.0,0.0,0.0,0.0,0.0,0.0,0.0,61.6,65,20,65521,50,65476,0,300,0,0,8,20529,65476,0,0,26214,60.0,0.0,0.0,0.0,0.0,0.0
2026-05-17T16:15:45,ERR,ERR,ERR,ERR,ERR,ERR,ERR,ERR,ERR,ERR,ERR,ERR,ERR,ERR,ERR,ERR,ERR,ERR,ERR,ERR,ERR,ERR,ERR,ERR,ERR,ERR,ERR,ERR,ERR,ERR,ERR,ERR,ERR,ERR,ERR,ERR,ERR,ERR,ERR,ERR,ERR,ERR,ERR,ERR,ERR,ERR,ERR,ERR,ERR,ERR,ERR,ERR,ERR,ERR,ERR,ERR,ERR,ERR,ERR,ERR,ERR,ERR,ERR,ERR,ERR,ERR,ERR,ERR,ERR,ERR,ERR,ERR,ERR,ERR,ERR,ERR,ERR,ERR,ERR,ERR,ERR,ERR,ERR,ERR,ERR,ERR,ERR,ERR,ERR,ERR,ERR,ERR,ERR,ERR,ERR,ERR,ERR,ERR,ERR,ERR,ERR,ERR,ERR,ERR,ERR,ERR,ERR,ERR,ERR,ERR,ERR,ERR,ERR,ERR,ERR,ERR,ERR,ERR,ERR,ERR,ERR,ERR,ERR,ERR,ERR,0.0,-107615288.0,-134474944.0,0.0,0.0,1.3936040501711995e+18,7.805,0.0,0,0,4,0,8422,0.0,45,0.0,0.0,0.0,0.0,0.0,0,0,0,0,0.0,0,0,0,0,0,0,0,0,0,0,0,0,0,0,0,0,0,0,0,0,0,0,0,0,0,0,0,0,0,0,0,0,0,38,14,7,45,65476,0,300,0,0,8,21553,0.0,-107605600.0,0.0,0.0,0.0,0.0,0.0,0.0,0.0,0.0,0.0,0.0,0.0,0.0,0.0,0.0,0.0,0.0,0.0,0.0,0.0,0.0,-2.004,-2.004,-0.0,0.0,0.0,0.0,0.0,0.0,5070.0,-0.0,0.0,0.0,-107615288.0,0.0,-0.0,0.0,0.0,0.0,0.0,53,1.9056979486756045e+17,0.0,0.0,0.0,0.0,0.0,0.0,0.0,0.0,0,0,0,0.0,0.0,0.0,0.0,0.0,0.0,0.0,0.0,0.0,0.0,0.0,0.0,0.0,0.0,0.0,0.0,0,-107875648.0,53,0.0,106,-107614832.0,-107350944.0,ERR,ERR,ERR,ERR,ERR,ERR,ERR,ERR,ERR,ERR,ERR,ERR,ERR,ERR,ERR,ERR,ERR,ERR,ERR,ERR,ERR,ERR,ERR,ERR,ERR,ERR,ERR,ERR,ERR,ERR,ERR,ERR,ERR,ERR,ERR,ERR,ERR,ERR,ERR,ERR,ERR,ERR,ERR,ERR,ERR,ERR,ERR,ERR,ERR,ERR,ERR,ERR,ERR,ERR,ERR,ERR,ERR,ERR,ERR,ERR,ERR,ERR,ERR,ERR,ERR,ERR,ERR,50.0,60.0,100,0.0,0.0,0.0,0.0,0.0,0.0,0.0,0.0,0.0,0.0,0.0,0.0,0.0,0.0,0.0,0.0,61.6,65,20,65521,50,65476,0,300,0,0,8,20529,65476,0,0,26214,60.0,0.0,0.0,0.0,0.0,0.0
2026-05-17T16:15:46,ERR,ERR,ERR,ERR,ERR,ERR,ERR,ERR,ERR,ERR,ERR,ERR,ERR,ERR,ERR,ERR,ERR,ERR,ERR,ERR,ERR,ERR,ERR,ERR,ERR,ERR,ERR,ERR,ERR,ERR,ERR,ERR,ERR,ERR,ERR,ERR,ERR,ERR,ERR,ERR,ERR,ERR,ERR,ERR,ERR,ERR,ERR,ERR,ERR,ERR,ERR,ERR,ERR,ERR,ERR,ERR,ERR,ERR,ERR,ERR,ERR,ERR,ERR,ERR,ERR,ERR,ERR,ERR,ERR,ERR,ERR,ERR,ERR,ERR,ERR,ERR,ERR,ERR,ERR,ERR,ERR,ERR,ERR,ERR,ERR,ERR,ERR,ERR,ERR,ERR,ERR,ERR,ERR,ERR,ERR,ERR,ERR,ERR,ERR,ERR,ERR,ERR,ERR,ERR,ERR,ERR,ERR,ERR,ERR,ERR,ERR,ERR,ERR,ERR,ERR,ERR,ERR,ERR,ERR,ERR,ERR,ERR,ERR,ERR,ERR,0.0,-107615288.0,-134474944.0,0.0,0.0,1.3936040501711995e+18,7.805,0.0,0,0,4,0,8422,0.0,45,0.0,0.0,0.0,0.0,0.0,0,0,0,0,0.0,0,0,0,0,0,0,0,0,0,0,0,0,0,0,0,0,0,0,0,0,0,0,0,0,0,0,0,0,0,0,0,0,0,38,14,7,45,65476,0,300,0,0,8,21553,0.0,-107605600.0,0.0,0.0,0.0,0.0,0.0,0.0,0.0,0.0,0.0,0.0,0.0,0.0,0.0,0.0,0.0,0.0,0.0,0.0,0.0,0.0,-2.004,-2.004,-0.0,0.0,0.0,0.0,0.0,0.0,5070.0,-0.0,0.0,0.0,-107615288.0,0.0,-0.0,0.0,0.0,0.0,0.0,53,1.9056979486756045e+17,0.0,0.0,0.0,0.0,0.0,0.0,0.0,0.0,0,0,0,0.0,0.0,0.0,0.0,0.0,0.0,0.0,0.0,0.0,0.0,0.0,0.0,0.0,0.0,0.0,0.0,0,-107875648.0,53,0.0,106,-107614832.0,-107350944.0,ERR,ERR,ERR,ERR,ERR,ERR,ERR,ERR,ERR,ERR,ERR,ERR,ERR,ERR,ERR,ERR,ERR,ERR,ERR,ERR,ERR,ERR,ERR,ERR,ERR,ERR,ERR,ERR,ERR,ERR,ERR,ERR,ERR,ERR,ERR,ERR,ERR,ERR,ERR,ERR,ERR,ERR,ERR,ERR,ERR,ERR,ERR,ERR,ERR,ERR,ERR,ERR,ERR,ERR,ERR,ERR,ERR,ERR,ERR,ERR,ERR,ERR,ERR,ERR,ERR,ERR,ERR,50.0,60.0,100,0.0,0.0,0.0,0.0,0.0,0.0,0.0,0.0,0.0,0.0,0.0,0.0,0.0,0.0,0.0,0.0,62.0,65,20,65521,50,65476,0,300,0,0,8,20529,65476,0,0,26214,60.0,0.0,0.0,0.0,0.0,0.0
2026-05-17T16:15:47,ERR,ERR,ERR,ERR,ERR,ERR,ERR,ERR,ERR,ERR,ERR,ERR,ERR,ERR,ERR,ERR,ERR,ERR,ERR,ERR,ERR,ERR,ERR,ERR,ERR,ERR,ERR,ERR,ERR,ERR,ERR,ERR,ERR,ERR,ERR,ERR,ERR,ERR,ERR,ERR,ERR,ERR,ERR,ERR,ERR,ERR,ERR,ERR,ERR,ERR,ERR,ERR,ERR,ERR,ERR,ERR,ERR,ERR,ERR,ERR,ERR,ERR,ERR,ERR,ERR,ERR,ERR,ERR,ERR,ERR,ERR,ERR,ERR,ERR,ERR,ERR,ERR,ERR,ERR,ERR,ERR,ERR,ERR,ERR,ERR,ERR,ERR,ERR,ERR,ERR,ERR,ERR,ERR,ERR,ERR,ERR,ERR,ERR,ERR,ERR,ERR,ERR,ERR,ERR,ERR,ERR,ERR,ERR,ERR,ERR,ERR,ERR,ERR,ERR,ERR,ERR,ERR,ERR,ERR,ERR,ERR,ERR,ERR,ERR,ERR,0.0,-107615288.0,-134474944.0,0.0,0.0,1.3936040501711995e+18,7.805,0.0,0,0,4,0,8422,0.0,45,0.0,0.0,0.0,0.0,0.0,0,0,0,0,0.0,0,0,0,0,0,0,0,0,0,0,0,0,0,0,0,0,0,0,0,0,0,0,0,0,0,0,0,0,0,0,0,0,0,38,14,7,45,65476,0,300,0,0,8,21553,0.0,-107605600.0,0.0,0.0,0.0,0.0,0.0,0.0,0.0,0.0,0.0,0.0,0.0,0.0,0.0,0.0,0.0,0.0,0.0,0.0,0.0,0.0,-2.004,-2.004,-0.0,0.0,0.0,0.0,0.0,0.0,5070.0,-0.0,0.0,0.0,-107615288.0,0.0,-0.0,0.0,0.0,0.0,0.0,53,1.9056979486756045e+17,0.0,0.0,0.0,0.0,0.0,0.0,0.0,0.0,0,0,0,0.0,0.0,0.0,0.0,0.0,0.0,0.0,0.0,0.0,0.0,0.0,0.0,0.0,0.0,0.0,0.0,0,-107875648.0,53,0.0,106,-107614832.0,-107350944.0,ERR,ERR,ERR,ERR,ERR,ERR,ERR,ERR,ERR,ERR,ERR,ERR,ERR,ERR,ERR,ERR,ERR,ERR,ERR,ERR,ERR,ERR,ERR,ERR,ERR,ERR,ERR,ERR,ERR,ERR,ERR,ERR,ERR,ERR,ERR,ERR,ERR,ERR,ERR,ERR,ERR,ERR,ERR,ERR,ERR,ERR,ERR,ERR,ERR,ERR,ERR,ERR,ERR,ERR,ERR,ERR,ERR,ERR,ERR,ERR,ERR,ERR,ERR,ERR,ERR,ERR,ERR,50.0,60.0,100,0.0,0.0,0.0,0.0,0.0,0.0,0.0,0.0,0.0,0.0,0.0,0.0,0.0,0.0,0.0,0.0,62.0,65,20,65521,50,65476,0,300,0,0,8,20529,65476,0,0,26214,60.0,0.0,0.0,0.0,0.0,0.0
2026-05-17T16:15:48,ERR,ERR,ERR,ERR,ERR,ERR,ERR,ERR,ERR,ERR,ERR,ERR,ERR,ERR,ERR,ERR,ERR,ERR,ERR,ERR,ERR,ERR,ERR,ERR,ERR,ERR,ERR,ERR,ERR,ERR,ERR,ERR,ERR,ERR,ERR,ERR,ERR,ERR,ERR,ERR,ERR,ERR,ERR,ERR,ERR,ERR,ERR,ERR,ERR,ERR,ERR,ERR,ERR,ERR,ERR,ERR,ERR,ERR,ERR,ERR,ERR,ERR,ERR,ERR,ERR,ERR,ERR,ERR,ERR,ERR,ERR,ERR,ERR,ERR,ERR,ERR,ERR,ERR,ERR,ERR,ERR,ERR,ERR,ERR,ERR,ERR,ERR,ERR,ERR,ERR,ERR,ERR,ERR,ERR,ERR,ERR,ERR,ERR,ERR,ERR,ERR,ERR,ERR,ERR,ERR,ERR,ERR,ERR,ERR,ERR,ERR,ERR,ERR,ERR,ERR,ERR,ERR,ERR,ERR,ERR,ERR,ERR,ERR,ERR,ERR,0.0,-107615288.0,-134474944.0,0.0,0.0,1.3936040501711995e+18,7.805,0.0,0,0,4,0,8422,0.0,45,0.0,0.0,0.0,0.0,0.0,0,0,0,0,0.0,0,0,0,0,0,0,0,0,0,0,0,0,0,0,0,0,0,0,0,0,0,0,0,0,0,0,0,0,0,0,0,0,0,38,14,7,45,65476,0,300,0,0,8,21553,0.0,-107605600.0,0.0,0.0,0.0,0.0,0.0,0.0,0.0,0.0,0.0,0.0,0.0,0.0,0.0,0.0,0.0,0.0,0.0,0.0,0.0,0.0,-2.004,-2.004,-0.0,0.0,0.0,0.0,0.0,0.0,5070.0,-0.0,0.0,0.0,-107615288.0,0.0,-0.0,0.0,0.0,0.0,0.0,53,1.9056979486756045e+17,0.0,0.0,0.0,0.0,0.0,0.0,0.0,0.0,0,0,0,0.0,0.0,0.0,0.0,0.0,0.0,0.0,0.0,0.0,0.0,0.0,0.0,0.0,0.0,0.0,0.0,0,-107875648.0,53,0.0,106,-107614832.0,-107350944.0,ERR,ERR,ERR,ERR,ERR,ERR,ERR,ERR,ERR,ERR,ERR,ERR,ERR,ERR,ERR,ERR,ERR,ERR,ERR,ERR,ERR,ERR,ERR,ERR,ERR,ERR,ERR,ERR,ERR,ERR,ERR,ERR,ERR,ERR,ERR,ERR,ERR,ERR,ERR,ERR,ERR,ERR,ERR,ERR,ERR,ERR,ERR,ERR,ERR,ERR,ERR,ERR,ERR,ERR,ERR,ERR,ERR,ERR,ERR,ERR,ERR,ERR,ERR,ERR,ERR,ERR,ERR,50.0,60.0,100,0.0,0.0,0.0,0.0,0.0,0.0,0.0,0.0,0.0,0.0,0.0,0.0,0.0,0.0,0.0,0.0,61.6,65,20,65521,50,65476,0,300,0,0,8,20529,65476,0,0,26214,60.0,0.0,0.0,0.0,0.0,0.0
2026-05-17T16:15:49,ERR,ERR,ERR,ERR,ERR,ERR,ERR,ERR,ERR,ERR,ERR,ERR,ERR,ERR,ERR,ERR,ERR,ERR,ERR,ERR,ERR,ERR,ERR,ERR,ERR,ERR,ERR,ERR,ERR,ERR,ERR,ERR,ERR,ERR,ERR,ERR,ERR,ERR,ERR,ERR,ERR,ERR,ERR,ERR,ERR,ERR,ERR,ERR,ERR,ERR,ERR,ERR,ERR,ERR,ERR,ERR,ERR,ERR,ERR,ERR,ERR,ERR,ERR,ERR,ERR,ERR,ERR,ERR,ERR,ERR,ERR,ERR,ERR,ERR,ERR,ERR,ERR,ERR,ERR,ERR,ERR,ERR,ERR,ERR,ERR,ERR,ERR,ERR,ERR,ERR,ERR,ERR,ERR,ERR,ERR,ERR,ERR,ERR,ERR,ERR,ERR,ERR,ERR,ERR,ERR,ERR,ERR,ERR,ERR,ERR,ERR,ERR,ERR,ERR,ERR,ERR,ERR,ERR,ERR,ERR,ERR,ERR,ERR,ERR,ERR,0.0,-107615288.0,-134474944.0,0.0,0.0,1.3936040501711995e+18,7.805,0.0,0,0,4,0,8422,0.0,45,0.0,0.0,0.0,0.0,0.0,0,0,0,0,0.0,0,0,0,0,0,0,0,0,0,0,0,0,0,0,0,0,0,0,0,0,0,0,0,0,0,0,0,0,0,0,0,0,0,38,14,7,45,65476,0,300,0,0,8,21553,0.0,-107605600.0,0.0,0.0,0.0,0.0,0.0,0.0,0.0,0.0,0.0,0.0,0.0,0.0,0.0,0.0,0.0,0.0,0.0,0.0,0.0,0.0,-2.004,-2.004,-0.0,0.0,0.0,0.0,0.0,0.0,5070.0,-0.0,0.0,0.0,-107615288.0,0.0,-0.0,0.0,0.0,0.0,0.0,53,1.9056979486756045e+17,0.0,0.0,0.0,0.0,0.0,0.0,0.0,0.0,0,0,0,0.0,0.0,0.0,0.0,0.0,0.0,0.0,0.0,0.0,0.0,0.0,0.0,0.0,0.0,0.0,0.0,0,-107875648.0,53,0.0,106,-107614832.0,-107350944.0,ERR,ERR,ERR,ERR,ERR,ERR,ERR,ERR,ERR,ERR,ERR,ERR,ERR,ERR,ERR,ERR,ERR,ERR,ERR,ERR,ERR,ERR,ERR,ERR,ERR,ERR,ERR,ERR,ERR,ERR,ERR,ERR,ERR,ERR,ERR,ERR,ERR,ERR,ERR,ERR,ERR,ERR,ERR,ERR,ERR,ERR,ERR,ERR,ERR,ERR,ERR,ERR,ERR,ERR,ERR,ERR,ERR,ERR,ERR,ERR,ERR,ERR,ERR,ERR,ERR,ERR,ERR,50.0,60.0,100,0.0,0.0,0.0,0.0,0.0,0.0,0.0,0.0,0.0,0.0,0.0,0.0,0.0,0.0,0.0,0.0,61.6,65,20,65521,50,65476,0,300,0,0,8,20529,65476,0,0,26214,60.0,0.0,0.0,0.0,0.0,0.0
2026-05-17T16:15:50,ERR,ERR,ERR,ERR,ERR,ERR,ERR,ERR,ERR,ERR,ERR,ERR,ERR,ERR,ERR,ERR,ERR,ERR,ERR,ERR,ERR,ERR,ERR,ERR,ERR,ERR,ERR,ERR,ERR,ERR,ERR,ERR,ERR,ERR,ERR,ERR,ERR,ERR,ERR,ERR,ERR,ERR,ERR,ERR,ERR,ERR,ERR,ERR,ERR,ERR,ERR,ERR,ERR,ERR,ERR,ERR,ERR,ERR,ERR,ERR,ERR,ERR,ERR,ERR,ERR,ERR,ERR,ERR,ERR,ERR,ERR,ERR,ERR,ERR,ERR,ERR,ERR,ERR,ERR,ERR,ERR,ERR,ERR,ERR,ERR,ERR,ERR,ERR,ERR,ERR,ERR,ERR,ERR,ERR,ERR,ERR,ERR,ERR,ERR,ERR,ERR,ERR,ERR,ERR,ERR,ERR,ERR,ERR,ERR,ERR,ERR,ERR,ERR,ERR,ERR,ERR,ERR,ERR,ERR,ERR,ERR,ERR,ERR,ERR,ERR,0.0,-107615288.0,-134474944.0,0.0,0.0,1.3936040501711995e+18,7.805,0.0,0,0,4,0,8422,0.0,45,0.0,0.0,0.0,0.0,0.0,0,0,0,0,0.0,0,0,0,0,0,0,0,0,0,0,0,0,0,0,0,0,0,0,0,0,0,0,0,0,0,0,0,0,0,0,0,0,0,38,14,7,45,65476,0,300,0,0,8,21553,0.0,-107605600.0,0.0,0.0,0.0,0.0,0.0,0.0,0.0,0.0,0.0,0.0,0.0,0.0,0.0,0.0,0.0,0.0,0.0,0.0,0.0,0.0,0.0,-0.0,-0.0,0.0,0.0,0.0,0.0,0.0,5071.0,-3.697187013234e+19,0.0,0.0,-107615288.0,0.0,-0.0,0.0,0.0,0.0,0.0,53,1.9056979486756045e+17,89220.586,0.0,0.0,0.0,0.0,0.0,0.0,0.0,0,0,0,0.0,0.0,0.0,0.0,0.0,0.0,0.0,0.0,0.0,0.0,0.0,0.0,0.0,0.0,0.0,0.0,0,-107875648.0,53,0.0,106,-107614832.0,-107350944.0,ERR,ERR,ERR,ERR,ERR,ERR,ERR,ERR,ERR,ERR,ERR,ERR,ERR,ERR,ERR,ERR,ERR,ERR,ERR,ERR,ERR,ERR,ERR,ERR,ERR,ERR,ERR,ERR,ERR,ERR,ERR,ERR,ERR,ERR,ERR,ERR,ERR,ERR,ERR,ERR,ERR,ERR,ERR,ERR,ERR,ERR,ERR,ERR,ERR,ERR,ERR,ERR,ERR,ERR,ERR,ERR,ERR,ERR,ERR,ERR,ERR,ERR,ERR,ERR,ERR,ERR,ERR,50.0,60.0,100,0.0,0.0,0.0,0.0,0.0,0.0,0.0,0.0,0.0,0.0,0.0,0.0,0.0,0.0,0.0,0.0,62.0,65,20,65521,50,65476,0,300,0,0,8,20529,65476,0,0,26214,60.0,0.0,0.0,0.0,0.0,0.0
2026-05-17T16:15:51,ERR,ERR,ERR,ERR,ERR,ERR,ERR,ERR,ERR,ERR,ERR,ERR,ERR,ERR,ERR,ERR,ERR,ERR,ERR,ERR,ERR,ERR,ERR,ERR,ERR,ERR,ERR,ERR,ERR,ERR,ERR,ERR,ERR,ERR,ERR,ERR,ERR,ERR,ERR,ERR,ERR,ERR,ERR,ERR,ERR,ERR,ERR,ERR,ERR,ERR,ERR,ERR,ERR,ERR,ERR,ERR,ERR,ERR,ERR,ERR,ERR,ERR,ERR,ERR,ERR,ERR,ERR,ERR,ERR,ERR,ERR,ERR,ERR,ERR,ERR,ERR,ERR,ERR,ERR,ERR,ERR,ERR,ERR,ERR,ERR,ERR,ERR,ERR,ERR,ERR,ERR,ERR,ERR,ERR,ERR,ERR,ERR,ERR,ERR,ERR,ERR,ERR,ERR,ERR,ERR,ERR,ERR,ERR,ERR,ERR,ERR,ERR,ERR,ERR,ERR,ERR,ERR,ERR,ERR,ERR,ERR,ERR,ERR,ERR,ERR,0.0,-107615288.0,-134474944.0,0.0,0.0,1.3936040501711995e+18,7.805,0.0,0,0,4,0,8422,0.0,45,0.0,0.0,0.0,0.0,0.0,0,0,0,0,0.0,0,0,0,0,0,0,0,0,0,0,0,0,0,0,0,0,0,0,0,0,0,0,0,0,0,0,0,0,0,0,0,0,0,38,14,7,45,65476,0,300,0,0,8,21553,0.0,-107605600.0,0.0,0.0,0.0,0.0,0.0,0.0,0.0,0.0,0.0,0.0,0.0,0.0,0.0,0.0,0.0,0.0,0.0,0.0,0.0,0.0,0.0,-0.0,-0.0,0.0,0.0,0.0,0.0,0.0,5071.0,-3.697187013234e+19,0.0,0.0,-107615288.0,0.0,-0.0,0.0,0.0,0.0,0.0,53,1.9056979486756045e+17,89220.586,0.0,0.0,0.0,0.0,0.0,0.0,0.0,0,0,0,0.0,0.0,0.0,0.0,0.0,0.0,0.0,0.0,0.0,0.0,0.0,0.0,0.0,0.0,0.0,0.0,0,-107875648.0,53,0.0,106,-107614832.0,-107350944.0,ERR,ERR,ERR,ERR,ERR,ERR,ERR,ERR,ERR,ERR,ERR,ERR,ERR,ERR,ERR,ERR,ERR,ERR,ERR,ERR,ERR,ERR,ERR,ERR,ERR,ERR,ERR,ERR,ERR,ERR,ERR,ERR,ERR,ERR,ERR,ERR,ERR,ERR,ERR,ERR,ERR,ERR,ERR,ERR,ERR,ERR,ERR,ERR,ERR,ERR,ERR,ERR,ERR,ERR,ERR,ERR,ERR,ERR,ERR,ERR,ERR,ERR,ERR,ERR,ERR,ERR,ERR,50.0,60.0,100,0.0,0.0,0.0,0.0,0.0,0.0,0.0,0.0,0.0,0.0,0.0,0.0,0.0,0.0,0.0,0.0,62.0,65,20,65521,50,65476,0,300,0,0,8,20529,65476,0,0,26214,60.0,0.0,0.0,0.0,0.0,0.0
2026-05-17T16:15:52,ERR,ERR,ERR,ERR,ERR,ERR,ERR,ERR,ERR,ERR,ERR,ERR,ERR,ERR,ERR,ERR,ERR,ERR,ERR,ERR,ERR,ERR,ERR,ERR,ERR,ERR,ERR,ERR,ERR,ERR,ERR,ERR,ERR,ERR,ERR,ERR,ERR,ERR,ERR,ERR,ERR,ERR,ERR,ERR,ERR,ERR,ERR,ERR,ERR,ERR,ERR,ERR,ERR,ERR,ERR,ERR,ERR,ERR,ERR,ERR,ERR,ERR,ERR,ERR,ERR,ERR,ERR,ERR,ERR,ERR,ERR,ERR,ERR,ERR,ERR,ERR,ERR,ERR,ERR,ERR,ERR,ERR,ERR,ERR,ERR,ERR,ERR,ERR,ERR,ERR,ERR,ERR,ERR,ERR,ERR,ERR,ERR,ERR,ERR,ERR,ERR,ERR,ERR,ERR,ERR,ERR,ERR,ERR,ERR,ERR,ERR,ERR,ERR,ERR,ERR,ERR,ERR,ERR,ERR,ERR,ERR,ERR,ERR,ERR,ERR,0.0,-107615288.0,-134474944.0,0.0,0.0,1.3936040501711995e+18,7.805,0.0,0,0,4,0,8422,0.0,45,0.0,0.0,0.0,0.0,0.0,0,0,0,0,0.0,0,0,0,0,0,0,0,0,0,0,0,0,0,0,0,0,0,0,0,0,0,0,0,0,0,0,0,0,0,0,0,0,0,38,14,7,45,65476,0,300,0,0,8,21553,0.0,-107605600.0,0.0,0.0,0.0,0.0,0.0,0.0,0.0,0.0,0.0,0.0,0.0,0.0,0.0,0.0,0.0,0.0,0.0,0.0,0.0,0.0,0.0,-0.0,-0.0,0.0,0.0,0.0,0.0,0.0,5071.0,-3.697187013234e+19,0.0,0.0,-107615288.0,0.0,-0.0,0.0,0.0,0.0,0.0,53,1.9056979486756045e+17,89220.586,0.0,0.0,0.0,0.0,0.0,0.0,0.0,0,0,0,0.0,0.0,0.0,0.0,0.0,0.0,0.0,0.0,0.0,0.0,0.0,0.0,0.0,0.0,0.0,0.0,0,-107875648.0,53,0.0,106,-107614832.0,-107350944.0,ERR,ERR,ERR,ERR,ERR,ERR,ERR,ERR,ERR,ERR,ERR,ERR,ERR,ERR,ERR,ERR,ERR,ERR,ERR,ERR,ERR,ERR,ERR,ERR,ERR,ERR,ERR,ERR,ERR,ERR,ERR,ERR,ERR,ERR,ERR,ERR,ERR,ERR,ERR,ERR,ERR,ERR,ERR,ERR,ERR,ERR,ERR,ERR,ERR,ERR,ERR,ERR,ERR,ERR,ERR,ERR,ERR,ERR,ERR,ERR,ERR,ERR,ERR,ERR,ERR,ERR,ERR,50.0,60.0,100,0.0,0.0,0.0,0.0,0.0,0.0,0.0,0.0,0.0,0.0,0.0,0.0,0.0,0.0,0.0,0.0,61.6,65,20,65521,50,65476,0,300,0,0,8,20529,65476,0,0,26214,60.0,0.0,0.0,0.0,0.0,0.0
2026-05-17T16:15:53,ERR,ERR,ERR,ERR,ERR,ERR,ERR,ERR,ERR,ERR,ERR,ERR,ERR,ERR,ERR,ERR,ERR,ERR,ERR,ERR,ERR,ERR,ERR,ERR,ERR,ERR,ERR,ERR,ERR,ERR,ERR,ERR,ERR,ERR,ERR,ERR,ERR,ERR,ERR,ERR,ERR,ERR,ERR,ERR,ERR,ERR,ERR,ERR,ERR,ERR,ERR,ERR,ERR,ERR,ERR,ERR,ERR,ERR,ERR,ERR,ERR,ERR,ERR,ERR,ERR,ERR,ERR,ERR,ERR,ERR,ERR,ERR,ERR,ERR,ERR,ERR,ERR,ERR,ERR,ERR,ERR,ERR,ERR,ERR,ERR,ERR,ERR,ERR,ERR,ERR,ERR,ERR,ERR,ERR,ERR,ERR,ERR,ERR,ERR,ERR,ERR,ERR,ERR,ERR,ERR,ERR,ERR,ERR,ERR,ERR,ERR,ERR,ERR,ERR,ERR,ERR,ERR,ERR,ERR,ERR,ERR,ERR,ERR,ERR,ERR,0.0,-107615288.0,-134474944.0,0.0,0.0,1.3936040501711995e+18,7.805,0.0,0,0,4,0,8422,0.0,45,0.0,0.0,0.0,0.0,0.0,0,0,0,0,0.0,0,0,0,0,0,0,0,0,0,0,0,0,0,0,0,0,0,0,0,0,0,0,0,0,0,0,0,0,0,0,0,0,0,38,14,7,45,65476,0,300,0,0,8,21553,0.0,-107605600.0,0.0,0.0,0.0,0.0,0.0,0.0,0.0,0.0,0.0,0.0,0.0,0.0,0.0,0.0,0.0,0.0,0.0,0.0,0.0,0.0,0.0,-0.0,-0.0,0.0,0.0,0.0,0.0,0.0,5071.0,-3.697187013234e+19,0.0,0.0,-107615288.0,0.0,-0.0,0.0,0.0,0.0,0.0,53,1.9056979486756045e+17,89220.586,0.0,0.0,0.0,0.0,0.0,0.0,0.0,0,0,0,0.0,0.0,0.0,0.0,0.0,0.0,0.0,0.0,0.0,0.0,0.0,0.0,0.0,0.0,0.0,0.0,0,-107875648.0,53,0.0,106,-107614832.0,-107350944.0,ERR,ERR,ERR,ERR,ERR,ERR,ERR,ERR,ERR,ERR,ERR,ERR,ERR,ERR,ERR,ERR,ERR,ERR,ERR,ERR,ERR,ERR,ERR,ERR,ERR,ERR,ERR,ERR,ERR,ERR,ERR,ERR,ERR,ERR,ERR,ERR,ERR,ERR,ERR,ERR,ERR,ERR,ERR,ERR,ERR,ERR,ERR,ERR,ERR,ERR,ERR,ERR,ERR,ERR,ERR,ERR,ERR,ERR,ERR,ERR,ERR,ERR,ERR,ERR,ERR,ERR,ERR,50.0,60.0,100,0.0,0.0,0.0,0.0,0.0,0.0,0.0,0.0,0.0,0.0,0.0,0.0,0.0,0.0,0.0,0.0,61.6,65,20,65521,50,65476,0,300,0,0,8,20529,65476,0,0,26214,60.0,0.0,0.0,0.0,0.0,0.0
2026-05-17T16:15:54,ERR,ERR,ERR,ERR,ERR,ERR,ERR,ERR,ERR,ERR,ERR,ERR,ERR,ERR,ERR,ERR,ERR,ERR,ERR,ERR,ERR,ERR,ERR,ERR,ERR,ERR,ERR,ERR,ERR,ERR,ERR,ERR,ERR,ERR,ERR,ERR,ERR,ERR,ERR,ERR,ERR,ERR,ERR,ERR,ERR,ERR,ERR,ERR,ERR,ERR,ERR,ERR,ERR,ERR,ERR,ERR,ERR,ERR,ERR,ERR,ERR,ERR,ERR,ERR,ERR,ERR,ERR,ERR,ERR,ERR,ERR,ERR,ERR,ERR,ERR,ERR,ERR,ERR,ERR,ERR,ERR,ERR,ERR,ERR,ERR,ERR,ERR,ERR,ERR,ERR,ERR,ERR,ERR,ERR,ERR,ERR,ERR,ERR,ERR,ERR,ERR,ERR,ERR,ERR,ERR,ERR,ERR,ERR,ERR,ERR,ERR,ERR,ERR,ERR,ERR,ERR,ERR,ERR,ERR,ERR,ERR,ERR,ERR,ERR,ERR,0.0,-107615288.0,-134474944.0,0.0,0.0,1.3936040501711995e+18,7.805,0.0,0,0,4,0,8422,0.0,45,0.0,0.0,0.0,0.0,0.0,0,0,0,0,0.0,0,0,0,0,0,0,0,0,0,0,0,0,0,0,0,0,0,0,0,0,0,0,0,0,0,0,0,0,0,0,0,0,0,38,14,7,45,65476,0,300,0,0,8,21553,0.0,-107605600.0,0.0,0.0,0.0,0.0,0.0,0.0,0.0,0.0,0.0,0.0,0.0,0.0,0.0,0.0,0.0,0.0,0.0,0.0,0.0,0.0,0.0,-0.0,-0.0,0.0,0.0,0.0,0.0,0.0,5071.0,-3.697187013234e+19,0.0,0.0,-107615288.0,0.0,-0.0,0.0,0.0,0.0,0.0,53,1.9056979486756045e+17,89220.586,0.0,0.0,0.0,0.0,0.0,0.0,0.0,0,0,0,0.0,0.0,0.0,0.0,0.0,0.0,0.0,0.0,0.0,0.0,0.0,0.0,0.0,0.0,0.0,0.0,0,-107875648.0,53,0.0,106,-107614832.0,-107350944.0,ERR,ERR,ERR,ERR,ERR,ERR,ERR,ERR,ERR,ERR,ERR,ERR,ERR,ERR,ERR,ERR,ERR,ERR,ERR,ERR,ERR,ERR,ERR,ERR,ERR,ERR,ERR,ERR,ERR,ERR,ERR,ERR,ERR,ERR,ERR,ERR,ERR,ERR,ERR,ERR,ERR,ERR,ERR,ERR,ERR,ERR,ERR,ERR,ERR,ERR,ERR,ERR,ERR,ERR,ERR,ERR,ERR,ERR,ERR,ERR,ERR,ERR,ERR,ERR,ERR,ERR,ERR,50.0,60.0,100,0.0,0.0,0.0,0.0,0.0,0.0,0.0,0.0,0.0,0.0,0.0,0.0,0.0,0.0,0.0,0.0,61.6,65,20,65521,50,65476,0,300,0,0,8,20529,65476,0,0,26214,60.0,0.0,0.0,0.0,0.0,0.0
2026-05-17T16:15:55,ERR,ERR,ERR,ERR,ERR,ERR,ERR,ERR,ERR,ERR,ERR,ERR,ERR,ERR,ERR,ERR,ERR,ERR,ERR,ERR,ERR,ERR,ERR,ERR,ERR,ERR,ERR,ERR,ERR,ERR,ERR,ERR,ERR,ERR,ERR,ERR,ERR,ERR,ERR,ERR,ERR,ERR,ERR,ERR,ERR,ERR,ERR,ERR,ERR,ERR,ERR,ERR,ERR,ERR,ERR,ERR,ERR,ERR,ERR,ERR,ERR,ERR,ERR,ERR,ERR,ERR,ERR,ERR,ERR,ERR,ERR,ERR,ERR,ERR,ERR,ERR,ERR,ERR,ERR,ERR,ERR,ERR,ERR,ERR,ERR,ERR,ERR,ERR,ERR,ERR,ERR,ERR,ERR,ERR,ERR,ERR,ERR,ERR,ERR,ERR,ERR,ERR,ERR,ERR,ERR,ERR,ERR,ERR,ERR,ERR,ERR,ERR,ERR,ERR,ERR,ERR,ERR,ERR,ERR,ERR,ERR,ERR,ERR,ERR,ERR,0.0,-0.0,-0.0,0.0,0.0,1.3936040501711995e+18,7.805,0.0,0,0,4,0,8422,0.0,45,0.0,0.0,0.0,0.0,0.0,0,0,0,0,0.0,0,0,0,0,0,0,0,0,0,0,0,0,0,0,0,0,0,0,0,0,0,0,0,0,0,0,0,0,0,0,0,0,0,38,14,7,45,65476,0,300,0,0,8,21553,0.0,-107605600.0,0.0,0.0,0.0,0.0,0.0,0.0,0.0,0.0,0.0,0.0,0.0,0.0,0.0,0.0,0.0,0.0,0.0,0.0,0.0,0.0,-2.004,-2.004,-0.0,0.0,0.0,0.0,0.0,0.0,5070.0,-2.422988480993034e+24,0.0,0.0,-107615288.0,0.0,-0.0,0.0,0.0,0.0,0.0,53,152018454839296.0,126840561664.0,0.0,0.0,0.0,0.0,0.0,0.0,0.0,0,0,0,0.0,0.0,0.0,0.0,0.0,0.0,0.0,0.0,0.0,0.0,0.0,0.0,0.0,0.0,0.0,0.0,0,-107875648.0,53,0.0,106,-107614832.0,-107350944.0,ERR,ERR,ERR,ERR,ERR,ERR,ERR,ERR,ERR,ERR,ERR,ERR,ERR,ERR,ERR,ERR,ERR,ERR,ERR,ERR,ERR,ERR,ERR,ERR,ERR,ERR,ERR,ERR,ERR,ERR,ERR,ERR,ERR,ERR,ERR,ERR,ERR,ERR,ERR,ERR,ERR,ERR,ERR,ERR,ERR,ERR,ERR,ERR,ERR,ERR,ERR,ERR,ERR,ERR,ERR,ERR,ERR,ERR,ERR,ERR,ERR,ERR,ERR,ERR,ERR,ERR,ERR,50.0,60.0,100,0.0,0.0,0.0,0.0,0.0,0.0,0.0,0.0,0.0,0.0,0.0,0.0,0.0,0.0,0.0,0.0,61.6,65,20,65521,50,65476,0,300,0,0,8,20529,65476,0,0,26214,60.0,0.0,0.0,0.0,0.0,0.0
2026-05-17T16:15:56,ERR,ERR,ERR,ERR,ERR,ERR,ERR,ERR,ERR,ERR,ERR,ERR,ERR,ERR,ERR,ERR,ERR,ERR,ERR,ERR,ERR,ERR,ERR,ERR,ERR,ERR,ERR,ERR,ERR,ERR,ERR,ERR,ERR,ERR,ERR,ERR,ERR,ERR,ERR,ERR,ERR,ERR,ERR,ERR,ERR,ERR,ERR,ERR,ERR,ERR,ERR,ERR,ERR,ERR,ERR,ERR,ERR,ERR,ERR,ERR,ERR,ERR,ERR,ERR,ERR,ERR,ERR,ERR,ERR,ERR,ERR,ERR,ERR,ERR,ERR,ERR,ERR,ERR,ERR,ERR,ERR,ERR,ERR,ERR,ERR,ERR,ERR,ERR,ERR,ERR,ERR,ERR,ERR,ERR,ERR,ERR,ERR,ERR,ERR,ERR,ERR,ERR,ERR,ERR,ERR,ERR,ERR,ERR,ERR,ERR,ERR,ERR,ERR,ERR,ERR,ERR,ERR,ERR,ERR,ERR,ERR,ERR,ERR,ERR,ERR,0.0,-0.0,-0.0,0.0,0.0,1.3936040501711995e+18,7.805,0.0,0,0,4,0,8422,0.0,45,0.0,0.0,0.0,0.0,0.0,0,0,0,0,0.0,0,0,0,0,0,0,0,0,0,0,0,0,0,0,0,0,0,0,0,0,0,0,0,0,0,0,0,0,0,0,0,0,0,38,14,7,45,65476,0,300,0,0,8,21553,0.0,-107605600.0,0.0,0.0,0.0,0.0,0.0,0.0,0.0,0.0,0.0,0.0,0.0,0.0,0.0,0.0,0.0,0.0,0.0,0.0,0.0,0.0,-2.004,-2.004,-0.0,0.0,0.0,0.0,0.0,0.0,5070.0,-2.422988480993034e+24,0.0,0.0,-107615288.0,0.0,-0.0,0.0,0.0,0.0,0.0,53,152018454839296.0,126840561664.0,0.0,0.0,0.0,0.0,0.0,0.0,0.0,0,0,0,0.0,0.0,0.0,0.0,0.0,0.0,0.0,0.0,0.0,0.0,0.0,0.0,0.0,0.0,0.0,0.0,0,-107875648.0,53,0.0,106,-107614832.0,-107350944.0,ERR,ERR,ERR,ERR,ERR,ERR,ERR,ERR,ERR,ERR,ERR,ERR,ERR,ERR,ERR,ERR,ERR,ERR,ERR,ERR,ERR,ERR,ERR,ERR,ERR,ERR,ERR,ERR,ERR,ERR,ERR,ERR,ERR,ERR,ERR,ERR,ERR,ERR,ERR,ERR,ERR,ERR,ERR,ERR,ERR,ERR,ERR,ERR,ERR,ERR,ERR,ERR,ERR,ERR,ERR,ERR,ERR,ERR,ERR,ERR,ERR,ERR,ERR,ERR,ERR,ERR,ERR,50.0,60.0,100,0.0,0.0,0.0,0.0,0.0,0.0,0.0,0.0,0.0,0.0,0.0,0.0,0.0,0.0,0.0,0.0,61.6,65,20,65521,50,65476,0,300,0,0,8,20529,65476,0,0,26214,60.0,0.0,0.0,0.0,0.0,0.0
2026-05-17T16:15:57,ERR,ERR,ERR,ERR,ERR,ERR,ERR,ERR,ERR,ERR,ERR,ERR,ERR,ERR,ERR,ERR,ERR,ERR,ERR,ERR,ERR,ERR,ERR,ERR,ERR,ERR,ERR,ERR,ERR,ERR,ERR,ERR,ERR,ERR,ERR,ERR,ERR,ERR,ERR,ERR,ERR,ERR,ERR,ERR,ERR,ERR,ERR,ERR,ERR,ERR,ERR,ERR,ERR,ERR,ERR,ERR,ERR,ERR,ERR,ERR,ERR,ERR,ERR,ERR,ERR,ERR,ERR,ERR,ERR,ERR,ERR,ERR,ERR,ERR,ERR,ERR,ERR,ERR,ERR,ERR,ERR,ERR,ERR,ERR,ERR,ERR,ERR,ERR,ERR,ERR,ERR,ERR,ERR,ERR,ERR,ERR,ERR,ERR,ERR,ERR,ERR,ERR,ERR,ERR,ERR,ERR,ERR,ERR,ERR,ERR,ERR,ERR,ERR,ERR,ERR,ERR,ERR,ERR,ERR,ERR,ERR,ERR,ERR,ERR,ERR,0.0,-0.0,-0.0,0.0,0.0,1.3936040501711995e+18,7.805,0.0,0,0,4,0,8422,0.0,45,0.0,0.0,0.0,0.0,0.0,0,0,0,0,0.0,0,0,0,0,0,0,0,0,0,0,0,0,0,0,0,0,0,0,0,0,0,0,0,0,0,0,0,0,0,0,0,0,0,38,14,7,45,65476,0,300,0,0,8,21553,0.0,-107605600.0,0.0,0.0,0.0,0.0,0.0,0.0,0.0,0.0,0.0,0.0,0.0,0.0,0.0,0.0,0.0,0.0,0.0,0.0,0.0,0.0,-2.004,-2.004,-0.0,0.0,0.0,0.0,0.0,0.0,5070.0,-2.422988480993034e+24,0.0,0.0,-107615288.0,0.0,-0.0,0.0,0.0,0.0,0.0,53,152018454839296.0,126840561664.0,0.0,0.0,0.0,0.0,0.0,0.0,0.0,0,0,0,0.0,0.0,0.0,0.0,0.0,0.0,0.0,0.0,0.0,0.0,0.0,0.0,0.0,0.0,0.0,0.0,0,-107875648.0,53,0.0,106,-107614832.0,-107350944.0,ERR,ERR,ERR,ERR,ERR,ERR,ERR,ERR,ERR,ERR,ERR,ERR,ERR,ERR,ERR,ERR,ERR,ERR,ERR,ERR,ERR,ERR,ERR,ERR,ERR,ERR,ERR,ERR,ERR,ERR,ERR,ERR,ERR,ERR,ERR,ERR,ERR,ERR,ERR,ERR,ERR,ERR,ERR,ERR,ERR,ERR,ERR,ERR,ERR,ERR,ERR,ERR,ERR,ERR,ERR,ERR,ERR,ERR,ERR,ERR,ERR,ERR,ERR,ERR,ERR,ERR,ERR,50.0,60.0,100,0.0,0.0,0.0,0.0,0.0,0.0,0.0,0.0,0.0,0.0,0.0,0.0,0.0,0.0,0.0,0.0,61.6,65,20,65521,50,65476,0,300,0,0,8,20529,65476,0,0,26214,60.0,0.0,0.0,0.0,0.0,0.0
2026-05-17T16:15:58,ERR,ERR,ERR,ERR,ERR,ERR,ERR,ERR,ERR,ERR,ERR,ERR,ERR,ERR,ERR,ERR,ERR,ERR,ERR,ERR,ERR,ERR,ERR,ERR,ERR,ERR,ERR,ERR,ERR,ERR,ERR,ERR,ERR,ERR,ERR,ERR,ERR,ERR,ERR,ERR,ERR,ERR,ERR,ERR,ERR,ERR,ERR,ERR,ERR,ERR,ERR,ERR,ERR,ERR,ERR,ERR,ERR,ERR,ERR,ERR,ERR,ERR,ERR,ERR,ERR,ERR,ERR,ERR,ERR,ERR,ERR,ERR,ERR,ERR,ERR,ERR,ERR,ERR,ERR,ERR,ERR,ERR,ERR,ERR,ERR,ERR,ERR,ERR,ERR,ERR,ERR,ERR,ERR,ERR,ERR,ERR,ERR,ERR,ERR,ERR,ERR,ERR,ERR,ERR,ERR,ERR,ERR,ERR,ERR,ERR,ERR,ERR,ERR,ERR,ERR,ERR,ERR,ERR,ERR,ERR,ERR,ERR,ERR,ERR,ERR,0.0,-0.0,-0.0,0.0,0.0,1.3936040501711995e+18,7.805,0.0,0,0,4,0,8422,0.0,45,0.0,0.0,0.0,0.0,0.0,0,0,0,0,0.0,0,0,0,0,0,0,0,0,0,0,0,0,0,0,0,0,0,0,0,0,0,0,0,0,0,0,0,0,0,0,0,0,0,38,14,7,45,65476,0,300,0,0,8,21553,0.0,-107605600.0,0.0,0.0,0.0,0.0,0.0,0.0,0.0,0.0,0.0,0.0,0.0,0.0,0.0,0.0,0.0,0.0,0.0,0.0,0.0,0.0,-2.004,-2.004,-0.0,0.0,0.0,0.0,0.0,0.0,5070.0,-2.422988480993034e+24,0.0,0.0,-107615288.0,0.0,-0.0,0.0,0.0,0.0,0.0,53,152018454839296.0,126840561664.0,0.0,0.0,0.0,0.0,0.0,0.0,0.0,0,0,0,0.0,0.0,0.0,0.0,0.0,0.0,0.0,0.0,0.0,0.0,0.0,0.0,0.0,0.0,0.0,0.0,0,-107875648.0,53,0.0,106,-107614832.0,-107350944.0,ERR,ERR,ERR,ERR,ERR,ERR,ERR,ERR,ERR,ERR,ERR,ERR,ERR,ERR,ERR,ERR,ERR,ERR,ERR,ERR,ERR,ERR,ERR,ERR,ERR,ERR,ERR,ERR,ERR,ERR,ERR,ERR,ERR,ERR,ERR,ERR,ERR,ERR,ERR,ERR,ERR,ERR,ERR,ERR,ERR,ERR,ERR,ERR,ERR,ERR,ERR,ERR,ERR,ERR,ERR,ERR,ERR,ERR,ERR,ERR,ERR,ERR,ERR,ERR,ERR,ERR,ERR,50.0,60.0,100,0.0,0.0,0.0,0.0,0.0,0.0,0.0,0.0,0.0,0.0,0.0,0.0,0.0,0.0,0.0,0.0,61.6,65,20,65521,50,65476,0,300,0,0,8,20529,65476,0,0,26214,60.0,0.0,0.0,0.0,0.0,0.0
2026-05-17T16:15:59,ERR,ERR,ERR,ERR,ERR,ERR,ERR,ERR,ERR,ERR,ERR,ERR,ERR,ERR,ERR,ERR,ERR,ERR,ERR,ERR,ERR,ERR,ERR,ERR,ERR,ERR,ERR,ERR,ERR,ERR,ERR,ERR,ERR,ERR,ERR,ERR,ERR,ERR,ERR,ERR,ERR,ERR,ERR,ERR,ERR,ERR,ERR,ERR,ERR,ERR,ERR,ERR,ERR,ERR,ERR,ERR,ERR,ERR,ERR,ERR,ERR,ERR,ERR,ERR,ERR,ERR,ERR,ERR,ERR,ERR,ERR,ERR,ERR,ERR,ERR,ERR,ERR,ERR,ERR,ERR,ERR,ERR,ERR,ERR,ERR,ERR,ERR,ERR,ERR,ERR,ERR,ERR,ERR,ERR,ERR,ERR,ERR,ERR,ERR,ERR,ERR,ERR,ERR,ERR,ERR,ERR,ERR,ERR,ERR,ERR,ERR,ERR,ERR,ERR,ERR,ERR,ERR,ERR,ERR,ERR,ERR,ERR,ERR,ERR,ERR,0.0,-0.0,-0.0,0.0,0.0,1.3936040501711995e+18,7.805,0.0,0,0,4,0,8422,0.0,45,0.0,0.0,0.0,0.0,0.0,0,0,0,0,0.0,0,0,0,0,0,0,0,0,0,0,0,0,0,0,0,0,0,0,0,0,0,0,0,0,0,0,0,0,0,0,0,0,0,38,14,7,45,65476,0,300,0,0,8,21553,0.0,-107605600.0,0.0,0.0,0.0,0.0,0.0,0.0,0.0,0.0,0.0,0.0,0.0,0.0,0.0,0.0,0.0,0.0,0.0,0.0,0.0,0.0,-2.004,-2.004,-0.0,0.0,0.0,0.0,0.0,0.0,5070.0,-2.422988480993034e+24,0.0,0.0,-107615288.0,0.0,-0.0,0.0,0.0,0.0,0.0,53,152018454839296.0,126840561664.0,0.0,0.0,0.0,0.0,0.0,0.0,0.0,0,0,0,0.0,0.0,0.0,0.0,0.0,0.0,0.0,0.0,0.0,0.0,0.0,0.0,0.0,0.0,0.0,0.0,0,-107875648.0,53,0.0,106,-107614832.0,-107350944.0,ERR,ERR,ERR,ERR,ERR,ERR,ERR,ERR,ERR,ERR,ERR,ERR,ERR,ERR,ERR,ERR,ERR,ERR,ERR,ERR,ERR,ERR,ERR,ERR,ERR,ERR,ERR,ERR,ERR,ERR,ERR,ERR,ERR,ERR,ERR,ERR,ERR,ERR,ERR,ERR,ERR,ERR,ERR,ERR,ERR,ERR,ERR,ERR,ERR,ERR,ERR,ERR,ERR,ERR,ERR,ERR,ERR,ERR,ERR,ERR,ERR,ERR,ERR,ERR,ERR,ERR,ERR,50.0,60.0,100,0.0,0.0,0.0,0.0,0.0,0.0,0.0,0.0,0.0,0.0,0.0,0.0,0.0,0.0,0.0,0.0,61.6,65,20,65521,50,65476,0,300,0,0,8,20529,65476,0,0,26214,60.0,0.0,0.0,0.0,0.0,0.0
2026-05-17T16:16:00,ERR,ERR,ERR,ERR,ERR,ERR,ERR,ERR,ERR,ERR,ERR,ERR,ERR,ERR,ERR,ERR,ERR,ERR,ERR,ERR,ERR,ERR,ERR,ERR,ERR,ERR,ERR,ERR,ERR,ERR,ERR,ERR,ERR,ERR,ERR,ERR,ERR,ERR,ERR,ERR,ERR,ERR,ERR,ERR,ERR,ERR,ERR,ERR,ERR,ERR,ERR,ERR,ERR,ERR,ERR,ERR,ERR,ERR,ERR,ERR,ERR,ERR,ERR,ERR,ERR,ERR,ERR,ERR,ERR,ERR,ERR,ERR,ERR,ERR,ERR,ERR,ERR,ERR,ERR,ERR,ERR,ERR,ERR,ERR,ERR,ERR,ERR,ERR,ERR,ERR,ERR,ERR,ERR,ERR,ERR,ERR,ERR,ERR,ERR,ERR,ERR,ERR,ERR,ERR,ERR,ERR,ERR,ERR,ERR,ERR,ERR,ERR,ERR,ERR,ERR,ERR,ERR,ERR,ERR,ERR,ERR,ERR,ERR,ERR,ERR,0.0,-107615288.0,-134474944.0,0.0,0.0,1.3936040501711995e+18,7.805,0.0,0,0,4,0,8422,0.0,45,0.0,0.0,0.0,0.0,0.0,0,0,0,0,0.0,0,0,0,0,0,0,0,0,0,0,0,0,0,0,0,0,0,0,0,0,0,0,0,0,0,0,0,0,0,0,0,0,0,38,14,7,45,65476,0,300,0,0,8,21553,0.0,-107605600.0,0.0,0.0,0.0,0.0,0.0,0.0,0.0,0.0,0.0,0.0,0.0,0.0,0.0,0.0,0.0,0.0,0.0,0.0,0.0,0.0,-2.004,-2.004,-0.0,0.0,0.0,0.0,0.0,0.0,5068.0,-0.0,0.0,0.0,-0.0,0.0,-0.0,0.0,0.0,0.0,0.0,53,2.3088403658719416e+20,0.0,0.0,0.0,0.0,0.0,0.0,0.0,0.0,0,0,0,0.0,0.0,0.0,0.0,0.0,0.0,0.0,0.0,0.0,0.0,0.0,0.0,0.0,0.0,0.0,0.0,0,-107875648.0,53,0.0,106,-107614832.0,-107350944.0,ERR,ERR,ERR,ERR,ERR,ERR,ERR,ERR,ERR,ERR,ERR,ERR,ERR,ERR,ERR,ERR,ERR,ERR,ERR,ERR,ERR,ERR,ERR,ERR,ERR,ERR,ERR,ERR,ERR,ERR,ERR,ERR,ERR,ERR,ERR,ERR,ERR,ERR,ERR,ERR,ERR,ERR,ERR,ERR,ERR,ERR,ERR,ERR,ERR,ERR,ERR,ERR,ERR,ERR,ERR,ERR,ERR,ERR,ERR,ERR,ERR,ERR,ERR,ERR,ERR,ERR,ERR,50.0,60.0,100,0.0,0.0,0.0,0.0,0.0,0.0,0.0,0.0,0.0,0.0,0.0,0.0,0.0,0.0,0.0,0.0,61.6,65,20,65521,50,65476,0,300,0,0,8,20529,65476,0,0,26214,60.0,0.0,0.0,0.0,0.0,0.0
2026-05-17T16:16:01,ERR,ERR,ERR,ERR,ERR,ERR,ERR,ERR,ERR,ERR,ERR,ERR,ERR,ERR,ERR,ERR,ERR,ERR,ERR,ERR,ERR,ERR,ERR,ERR,ERR,ERR,ERR,ERR,ERR,ERR,ERR,ERR,ERR,ERR,ERR,ERR,ERR,ERR,ERR,ERR,ERR,ERR,ERR,ERR,ERR,ERR,ERR,ERR,ERR,ERR,ERR,ERR,ERR,ERR,ERR,ERR,ERR,ERR,ERR,ERR,ERR,ERR,ERR,ERR,ERR,ERR,ERR,ERR,ERR,ERR,ERR,ERR,ERR,ERR,ERR,ERR,ERR,ERR,ERR,ERR,ERR,ERR,ERR,ERR,ERR,ERR,ERR,ERR,ERR,ERR,ERR,ERR,ERR,ERR,ERR,ERR,ERR,ERR,ERR,ERR,ERR,ERR,ERR,ERR,ERR,ERR,ERR,ERR,ERR,ERR,ERR,ERR,ERR,ERR,ERR,ERR,ERR,ERR,ERR,ERR,ERR,ERR,ERR,ERR,ERR,0.0,-107615288.0,-134474944.0,0.0,0.0,1.3936040501711995e+18,7.805,0.0,0,0,4,0,8422,0.0,45,0.0,0.0,0.0,0.0,0.0,0,0,0,0,0.0,0,0,0,0,0,0,0,0,0,0,0,0,0,0,0,0,0,0,0,0,0,0,0,0,0,0,0,0,0,0,0,0,0,38,14,7,45,65476,0,300,0,0,8,21553,0.0,-107605600.0,0.0,0.0,0.0,0.0,0.0,0.0,0.0,0.0,0.0,0.0,0.0,0.0,0.0,0.0,0.0,0.0,0.0,0.0,0.0,0.0,-2.004,-2.004,-0.0,0.0,0.0,0.0,0.0,0.0,5068.0,-0.0,0.0,0.0,-0.0,0.0,-0.0,0.0,0.0,0.0,0.0,53,2.3088403658719416e+20,0.0,0.0,0.0,0.0,0.0,0.0,0.0,0.0,0,0,0,0.0,0.0,0.0,0.0,0.0,0.0,0.0,0.0,0.0,0.0,0.0,0.0,0.0,0.0,0.0,0.0,0,-107875648.0,53,0.0,106,-107614832.0,-107350944.0,ERR,ERR,ERR,ERR,ERR,ERR,ERR,ERR,ERR,ERR,ERR,ERR,ERR,ERR,ERR,ERR,ERR,ERR,ERR,ERR,ERR,ERR,ERR,ERR,ERR,ERR,ERR,ERR,ERR,ERR,ERR,ERR,ERR,ERR,ERR,ERR,ERR,ERR,ERR,ERR,ERR,ERR,ERR,ERR,ERR,ERR,ERR,ERR,ERR,ERR,ERR,ERR,ERR,ERR,ERR,ERR,ERR,ERR,ERR,ERR,ERR,ERR,ERR,ERR,ERR,ERR,ERR,50.0,60.0,100,0.0,0.0,0.0,0.0,0.0,0.0,0.0,0.0,0.0,0.0,0.0,0.0,0.0,0.0,0.0,0.0,61.6,65,20,65521,50,65476,0,300,0,0,8,20529,65476,0,0,26214,60.0,0.0,0.0,0.0,0.0,0.0
2026-05-17T16:16:02,ERR,ERR,ERR,ERR,ERR,ERR,ERR,ERR,ERR,ERR,ERR,ERR,ERR,ERR,ERR,ERR,ERR,ERR,ERR,ERR,ERR,ERR,ERR,ERR,ERR,ERR,ERR,ERR,ERR,ERR,ERR,ERR,ERR,ERR,ERR,ERR,ERR,ERR,ERR,ERR,ERR,ERR,ERR,ERR,ERR,ERR,ERR,ERR,ERR,ERR,ERR,ERR,ERR,ERR,ERR,ERR,ERR,ERR,ERR,ERR,ERR,ERR,ERR,ERR,ERR,ERR,ERR,ERR,ERR,ERR,ERR,ERR,ERR,ERR,ERR,ERR,ERR,ERR,ERR,ERR,ERR,ERR,ERR,ERR,ERR,ERR,ERR,ERR,ERR,ERR,ERR,ERR,ERR,ERR,ERR,ERR,ERR,ERR,ERR,ERR,ERR,ERR,ERR,ERR,ERR,ERR,ERR,ERR,ERR,ERR,ERR,ERR,ERR,ERR,ERR,ERR,ERR,ERR,ERR,ERR,ERR,ERR,ERR,ERR,ERR,0.0,-107615288.0,-134474944.0,0.0,0.0,1.3936040501711995e+18,7.805,0.0,0,0,4,0,8422,0.0,45,0.0,0.0,0.0,0.0,0.0,0,0,0,0,0.0,0,0,0,0,0,0,0,0,0,0,0,0,0,0,0,0,0,0,0,0,0,0,0,0,0,0,0,0,0,0,0,0,0,38,14,7,45,65476,0,300,0,0,8,21553,0.0,-107605600.0,0.0,0.0,0.0,0.0,0.0,0.0,0.0,0.0,0.0,0.0,0.0,0.0,0.0,0.0,0.0,0.0,0.0,0.0,0.0,0.0,-2.004,-2.004,-0.0,0.0,0.0,0.0,0.0,0.0,5068.0,-0.0,0.0,0.0,-0.0,0.0,-0.0,0.0,0.0,0.0,0.0,53,2.3088403658719416e+20,0.0,0.0,0.0,0.0,0.0,0.0,0.0,0.0,0,0,0,0.0,0.0,0.0,0.0,0.0,0.0,0.0,0.0,0.0,0.0,0.0,0.0,0.0,0.0,0.0,0.0,0,-107875648.0,53,0.0,106,-107614832.0,-107350944.0,ERR,ERR,ERR,ERR,ERR,ERR,ERR,ERR,ERR,ERR,ERR,ERR,ERR,ERR,ERR,ERR,ERR,ERR,ERR,ERR,ERR,ERR,ERR,ERR,ERR,ERR,ERR,ERR,ERR,ERR,ERR,ERR,ERR,ERR,ERR,ERR,ERR,ERR,ERR,ERR,ERR,ERR,ERR,ERR,ERR,ERR,ERR,ERR,ERR,ERR,ERR,ERR,ERR,ERR,ERR,ERR,ERR,ERR,ERR,ERR,ERR,ERR,ERR,ERR,ERR,ERR,ERR,50.0,60.0,100,0.0,0.0,0.0,0.0,0.0,0.0,0.0,0.0,0.0,0.0,0.0,0.0,0.0,0.0,0.0,0.0,62.0,65,20,65521,50,65476,0,300,0,0,8,20529,65476,0,0,26214,60.0,0.0,0.0,0.0,0.0,0.0
2026-05-17T16:16:03,ERR,ERR,ERR,ERR,ERR,ERR,ERR,ERR,ERR,ERR,ERR,ERR,ERR,ERR,ERR,ERR,ERR,ERR,ERR,ERR,ERR,ERR,ERR,ERR,ERR,ERR,ERR,ERR,ERR,ERR,ERR,ERR,ERR,ERR,ERR,ERR,ERR,ERR,ERR,ERR,ERR,ERR,ERR,ERR,ERR,ERR,ERR,ERR,ERR,ERR,ERR,ERR,ERR,ERR,ERR,ERR,ERR,ERR,ERR,ERR,ERR,ERR,ERR,ERR,ERR,ERR,ERR,ERR,ERR,ERR,ERR,ERR,ERR,ERR,ERR,ERR,ERR,ERR,ERR,ERR,ERR,ERR,ERR,ERR,ERR,ERR,ERR,ERR,ERR,ERR,ERR,ERR,ERR,ERR,ERR,ERR,ERR,ERR,ERR,ERR,ERR,ERR,ERR,ERR,ERR,ERR,ERR,ERR,ERR,ERR,ERR,ERR,ERR,ERR,ERR,ERR,ERR,ERR,ERR,ERR,ERR,ERR,ERR,ERR,ERR,0.0,-107615288.0,-134474944.0,0.0,0.0,1.3936040501711995e+18,7.805,0.0,0,0,4,0,8422,0.0,45,0.0,0.0,0.0,0.0,0.0,0,0,0,0,0.0,0,0,0,0,0,0,0,0,0,0,0,0,0,0,0,0,0,0,0,0,0,0,0,0,0,0,0,0,0,0,0,0,0,38,14,7,45,65476,0,300,0,0,8,21553,0.0,-107605600.0,0.0,0.0,0.0,0.0,0.0,0.0,0.0,0.0,0.0,0.0,0.0,0.0,0.0,0.0,0.0,0.0,0.0,0.0,0.0,0.0,-2.004,-2.004,-0.0,0.0,0.0,0.0,0.0,0.0,5068.0,-0.0,0.0,0.0,-0.0,0.0,-0.0,0.0,0.0,0.0,0.0,53,2.3088403658719416e+20,0.0,0.0,0.0,0.0,0.0,0.0,0.0,0.0,0,0,0,0.0,0.0,0.0,0.0,0.0,0.0,0.0,0.0,0.0,0.0,0.0,0.0,0.0,0.0,0.0,0.0,0,-107875648.0,53,0.0,106,-107614832.0,-107350944.0,ERR,ERR,ERR,ERR,ERR,ERR,ERR,ERR,ERR,ERR,ERR,ERR,ERR,ERR,ERR,ERR,ERR,ERR,ERR,ERR,ERR,ERR,ERR,ERR,ERR,ERR,ERR,ERR,ERR,ERR,ERR,ERR,ERR,ERR,ERR,ERR,ERR,ERR,ERR,ERR,ERR,ERR,ERR,ERR,ERR,ERR,ERR,ERR,ERR,ERR,ERR,ERR,ERR,ERR,ERR,ERR,ERR,ERR,ERR,ERR,ERR,ERR,ERR,ERR,ERR,ERR,ERR,50.0,60.0,100,0.0,0.0,0.0,0.0,0.0,0.0,0.0,0.0,0.0,0.0,0.0,0.0,0.0,0.0,0.0,0.0,62.0,65,20,65521,50,65476,0,300,0,0,8,20529,65476,0,0,26214,60.0,0.0,0.0,0.0,0.0,0.0
2026-05-17T16:16:04,ERR,ERR,ERR,ERR,ERR,ERR,ERR,ERR,ERR,ERR,ERR,ERR,ERR,ERR,ERR,ERR,ERR,ERR,ERR,ERR,ERR,ERR,ERR,ERR,ERR,ERR,ERR,ERR,ERR,ERR,ERR,ERR,ERR,ERR,ERR,ERR,ERR,ERR,ERR,ERR,ERR,ERR,ERR,ERR,ERR,ERR,ERR,ERR,ERR,ERR,ERR,ERR,ERR,ERR,ERR,ERR,ERR,ERR,ERR,ERR,ERR,ERR,ERR,ERR,ERR,ERR,ERR,ERR,ERR,ERR,ERR,ERR,ERR,ERR,ERR,ERR,ERR,ERR,ERR,ERR,ERR,ERR,ERR,ERR,ERR,ERR,ERR,ERR,ERR,ERR,ERR,ERR,ERR,ERR,ERR,ERR,ERR,ERR,ERR,ERR,ERR,ERR,ERR,ERR,ERR,ERR,ERR,ERR,ERR,ERR,ERR,ERR,ERR,ERR,ERR,ERR,ERR,ERR,ERR,ERR,ERR,ERR,ERR,ERR,ERR,0.0,-107615288.0,-134474944.0,0.0,0.0,1.3936040501711995e+18,7.805,0.0,0,0,4,0,8422,0.0,45,0.0,0.0,0.0,0.0,0.0,0,0,0,0,0.0,0,0,0,0,0,0,0,0,0,0,0,0,0,0,0,0,0,0,0,0,0,0,0,0,0,0,0,0,0,0,0,0,0,38,14,7,45,65476,0,300,0,0,8,21553,0.0,-107605600.0,0.0,0.0,0.0,0.0,0.0,0.0,0.0,0.0,0.0,0.0,0.0,0.0,0.0,0.0,0.0,0.0,0.0,0.0,0.0,0.0,-2.004,-2.004,-0.0,0.0,0.0,0.0,0.0,0.0,5068.0,-0.0,0.0,0.0,-0.0,0.0,-0.0,0.0,0.0,0.0,0.0,53,2.3088403658719416e+20,0.0,0.0,0.0,0.0,0.0,0.0,0.0,0.0,0,0,0,0.0,0.0,0.0,0.0,0.0,0.0,0.0,0.0,0.0,0.0,0.0,0.0,0.0,0.0,0.0,0.0,0,-107875648.0,53,0.0,106,-107614832.0,-107350944.0,ERR,ERR,ERR,ERR,ERR,ERR,ERR,ERR,ERR,ERR,ERR,ERR,ERR,ERR,ERR,ERR,ERR,ERR,ERR,ERR,ERR,ERR,ERR,ERR,ERR,ERR,ERR,ERR,ERR,ERR,ERR,ERR,ERR,ERR,ERR,ERR,ERR,ERR,ERR,ERR,ERR,ERR,ERR,ERR,ERR,ERR,ERR,ERR,ERR,ERR,ERR,ERR,ERR,ERR,ERR,ERR,ERR,ERR,ERR,ERR,ERR,ERR,ERR,ERR,ERR,ERR,ERR,50.0,60.0,100,0.0,0.0,0.0,0.0,0.0,0.0,0.0,0.0,0.0,0.0,0.0,0.0,0.0,0.0,0.0,0.0,62.0,65,20,65521,50,65476,0,300,0,0,8,20529,65476,0,0,26214,60.0,0.0,0.0,0.0,0.0,0.0
2026-05-17T16:16:05,ERR,ERR,ERR,ERR,ERR,ERR,ERR,ERR,ERR,ERR,ERR,ERR,ERR,ERR,ERR,ERR,ERR,ERR,ERR,ERR,ERR,ERR,ERR,ERR,ERR,ERR,ERR,ERR,ERR,ERR,ERR,ERR,ERR,ERR,ERR,ERR,ERR,ERR,ERR,ERR,ERR,ERR,ERR,ERR,ERR,ERR,ERR,ERR,ERR,ERR,ERR,ERR,ERR,ERR,ERR,ERR,ERR,ERR,ERR,ERR,ERR,ERR,ERR,ERR,ERR,ERR,ERR,ERR,ERR,ERR,ERR,ERR,ERR,ERR,ERR,ERR,ERR,ERR,ERR,ERR,ERR,ERR,ERR,ERR,ERR,ERR,ERR,ERR,ERR,ERR,ERR,ERR,ERR,ERR,ERR,ERR,ERR,ERR,ERR,ERR,ERR,ERR,ERR,ERR,ERR,ERR,ERR,ERR,ERR,ERR,ERR,ERR,ERR,ERR,ERR,ERR,ERR,ERR,ERR,ERR,ERR,ERR,ERR,ERR,ERR,0.0,-107615288.0,-0.0,0.0,0.0,1.3936040501711995e+18,7.805,0.0,0,0,4,0,8422,0.0,45,0.0,0.0,0.0,0.0,0.0,0,0,0,0,0.0,0,0,0,0,0,0,0,0,0,0,0,0,0,0,0,0,0,0,0,0,0,0,0,0,0,0,0,0,0,0,0,0,0,38,14,7,45,65476,0,300,0,0,8,21553,0.0,-107605600.0,0.0,0.0,0.0,0.0,0.0,0.0,0.0,0.0,0.0,0.0,0.0,0.0,0.0,0.0,0.0,0.0,0.0,0.0,0.0,0.0,-2.004,-2.004,-0.0,0.0,0.0,0.0,0.0,0.0,5068.0,8608184320.0,0.0,0.0,-0.0,0.0,-0.0,0.0,0.0,0.0,0.0,53,126841110528.0,-0.0,0.0,0.0,0.0,0.0,0.0,0.0,0.0,0,0,0,0.0,0.0,0.0,0.0,0.0,0.0,0.0,0.0,0.0,0.0,0.0,0.0,0.0,0.0,0.0,0.0,0,-107875648.0,53,0.0,106,-107614832.0,-107350944.0,ERR,ERR,ERR,ERR,ERR,ERR,ERR,ERR,ERR,ERR,ERR,ERR,ERR,ERR,ERR,ERR,ERR,ERR,ERR,ERR,ERR,ERR,ERR,ERR,ERR,ERR,ERR,ERR,ERR,ERR,ERR,ERR,ERR,ERR,ERR,ERR,ERR,ERR,ERR,ERR,ERR,ERR,ERR,ERR,ERR,ERR,ERR,ERR,ERR,ERR,ERR,ERR,ERR,ERR,ERR,ERR,ERR,ERR,ERR,ERR,ERR,ERR,ERR,ERR,ERR,ERR,ERR,50.0,60.0,100,0.0,0.0,0.0,0.0,0.0,0.0,0.0,0.0,0.0,0.0,0.0,0.0,0.0,0.0,0.0,0.0,62.0,65,20,65521,50,65476,0,300,0,0,8,20529,65476,0,0,26214,60.0,0.0,0.0,0.0,0.0,0.0
2026-05-17T16:16:06,ERR,ERR,ERR,ERR,ERR,ERR,ERR,ERR,ERR,ERR,ERR,ERR,ERR,ERR,ERR,ERR,ERR,ERR,ERR,ERR,ERR,ERR,ERR,ERR,ERR,ERR,ERR,ERR,ERR,ERR,ERR,ERR,ERR,ERR,ERR,ERR,ERR,ERR,ERR,ERR,ERR,ERR,ERR,ERR,ERR,ERR,ERR,ERR,ERR,ERR,ERR,ERR,ERR,ERR,ERR,ERR,ERR,ERR,ERR,ERR,ERR,ERR,ERR,ERR,ERR,ERR,ERR,ERR,ERR,ERR,ERR,ERR,ERR,ERR,ERR,ERR,ERR,ERR,ERR,ERR,ERR,ERR,ERR,ERR,ERR,ERR,ERR,ERR,ERR,ERR,ERR,ERR,ERR,ERR,ERR,ERR,ERR,ERR,ERR,ERR,ERR,ERR,ERR,ERR,ERR,ERR,ERR,ERR,ERR,ERR,ERR,ERR,ERR,ERR,ERR,ERR,ERR,ERR,ERR,ERR,ERR,ERR,ERR,ERR,ERR,0.0,-107615288.0,-0.0,0.0,0.0,1.3936040501711995e+18,7.805,0.0,0,0,4,0,8422,0.0,45,0.0,0.0,0.0,0.0,0.0,0,0,0,0,0.0,0,0,0,0,0,0,0,0,0,0,0,0,0,0,0,0,0,0,0,0,0,0,0,0,0,0,0,0,0,0,0,0,0,38,14,7,45,65476,0,300,0,0,8,21553,0.0,-107605600.0,0.0,0.0,0.0,0.0,0.0,0.0,0.0,0.0,0.0,0.0,0.0,0.0,0.0,0.0,0.0,0.0,0.0,0.0,0.0,0.0,-2.004,-2.004,-0.0,0.0,0.0,0.0,0.0,0.0,5068.0,8608184320.0,0.0,0.0,-0.0,0.0,-0.0,0.0,0.0,0.0,0.0,53,126841110528.0,-0.0,0.0,0.0,0.0,0.0,0.0,0.0,0.0,0,0,0,0.0,0.0,0.0,0.0,0.0,0.0,0.0,0.0,0.0,0.0,0.0,0.0,0.0,0.0,0.0,0.0,0,-107875648.0,53,0.0,106,-107614832.0,-107350944.0,ERR,ERR,ERR,ERR,ERR,ERR,ERR,ERR,ERR,ERR,ERR,ERR,ERR,ERR,ERR,ERR,ERR,ERR,ERR,ERR,ERR,ERR,ERR,ERR,ERR,ERR,ERR,ERR,ERR,ERR,ERR,ERR,ERR,ERR,ERR,ERR,ERR,ERR,ERR,ERR,ERR,ERR,ERR,ERR,ERR,ERR,ERR,ERR,ERR,ERR,ERR,ERR,ERR,ERR,ERR,ERR,ERR,ERR,ERR,ERR,ERR,ERR,ERR,ERR,ERR,ERR,ERR,50.0,60.0,100,0.0,0.0,0.0,0.0,0.0,0.0,0.0,0.0,0.0,0.0,0.0,0.0,0.0,0.0,0.0,0.0,62.0,65,20,65521,50,65476,0,300,0,0,8,20529,65476,0,0,26214,60.0,0.0,0.0,0.0,0.0,0.0
2026-05-17T16:16:07,ERR,ERR,ERR,ERR,ERR,ERR,ERR,ERR,ERR,ERR,ERR,ERR,ERR,ERR,ERR,ERR,ERR,ERR,ERR,ERR,ERR,ERR,ERR,ERR,ERR,ERR,ERR,ERR,ERR,ERR,ERR,ERR,ERR,ERR,ERR,ERR,ERR,ERR,ERR,ERR,ERR,ERR,ERR,ERR,ERR,ERR,ERR,ERR,ERR,ERR,ERR,ERR,ERR,ERR,ERR,ERR,ERR,ERR,ERR,ERR,ERR,ERR,ERR,ERR,ERR,ERR,ERR,ERR,ERR,ERR,ERR,ERR,ERR,ERR,ERR,ERR,ERR,ERR,ERR,ERR,ERR,ERR,ERR,ERR,ERR,ERR,ERR,ERR,ERR,ERR,ERR,ERR,ERR,ERR,ERR,ERR,ERR,ERR,ERR,ERR,ERR,ERR,ERR,ERR,ERR,ERR,ERR,ERR,ERR,ERR,ERR,ERR,ERR,ERR,ERR,ERR,ERR,ERR,ERR,ERR,ERR,ERR,ERR,ERR,ERR,0.0,-107615288.0,-0.0,0.0,0.0,1.3936040501711995e+18,7.805,0.0,0,0,4,0,8422,0.0,45,0.0,0.0,0.0,0.0,0.0,0,0,0,0,0.0,0,0,0,0,0,0,0,0,0,0,0,0,0,0,0,0,0,0,0,0,0,0,0,0,0,0,0,0,0,0,0,0,0,38,14,7,45,65476,0,300,0,0,8,21553,0.0,-107605600.0,0.0,0.0,0.0,0.0,0.0,0.0,0.0,0.0,0.0,0.0,0.0,0.0,0.0,0.0,0.0,0.0,0.0,0.0,0.0,0.0,-2.004,-2.004,-0.0,0.0,0.0,0.0,0.0,0.0,5068.0,8608184320.0,0.0,0.0,-0.0,0.0,-0.0,0.0,0.0,0.0,0.0,53,126841110528.0,-0.0,0.0,0.0,0.0,0.0,0.0,0.0,0.0,0,0,0,0.0,0.0,0.0,0.0,0.0,0.0,0.0,0.0,0.0,0.0,0.0,0.0,0.0,0.0,0.0,0.0,0,-107875648.0,53,0.0,106,-107614832.0,-107350944.0,ERR,ERR,ERR,ERR,ERR,ERR,ERR,ERR,ERR,ERR,ERR,ERR,ERR,ERR,ERR,ERR,ERR,ERR,ERR,ERR,ERR,ERR,ERR,ERR,ERR,ERR,ERR,ERR,ERR,ERR,ERR,ERR,ERR,ERR,ERR,ERR,ERR,ERR,ERR,ERR,ERR,ERR,ERR,ERR,ERR,ERR,ERR,ERR,ERR,ERR,ERR,ERR,ERR,ERR,ERR,ERR,ERR,ERR,ERR,ERR,ERR,ERR,ERR,ERR,ERR,ERR,ERR,50.0,60.0,100,0.0,0.0,0.0,0.0,0.0,0.0,0.0,0.0,0.0,0.0,0.0,0.0,0.0,0.0,0.0,0.0,62.0,65,20,65521,50,65476,0,300,0,0,8,20529,65476,0,0,26214,60.0,0.0,0.0,0.0,0.0,0.0
2026-05-17T16:16:08,ERR,ERR,ERR,ERR,ERR,ERR,ERR,ERR,ERR,ERR,ERR,ERR,ERR,ERR,ERR,ERR,ERR,ERR,ERR,ERR,ERR,ERR,ERR,ERR,ERR,ERR,ERR,ERR,ERR,ERR,ERR,ERR,ERR,ERR,ERR,ERR,ERR,ERR,ERR,ERR,ERR,ERR,ERR,ERR,ERR,ERR,ERR,ERR,ERR,ERR,ERR,ERR,ERR,ERR,ERR,ERR,ERR,ERR,ERR,ERR,ERR,ERR,ERR,ERR,ERR,ERR,ERR,ERR,ERR,ERR,ERR,ERR,ERR,ERR,ERR,ERR,ERR,ERR,ERR,ERR,ERR,ERR,ERR,ERR,ERR,ERR,ERR,ERR,ERR,ERR,ERR,ERR,ERR,ERR,ERR,ERR,ERR,ERR,ERR,ERR,ERR,ERR,ERR,ERR,ERR,ERR,ERR,ERR,ERR,ERR,ERR,ERR,ERR,ERR,ERR,ERR,ERR,ERR,ERR,ERR,ERR,ERR,ERR,ERR,ERR,0.0,-107615288.0,-0.0,0.0,0.0,1.3936040501711995e+18,7.805,0.0,0,0,4,0,8422,0.0,45,0.0,0.0,0.0,0.0,0.0,0,0,0,0,0.0,0,0,0,0,0,0,0,0,0,0,0,0,0,0,0,0,0,0,0,0,0,0,0,0,0,0,0,0,0,0,0,0,0,38,14,7,45,65476,0,300,0,0,8,21553,0.0,-107605600.0,0.0,0.0,0.0,0.0,0.0,0.0,0.0,0.0,0.0,0.0,0.0,0.0,0.0,0.0,0.0,0.0,0.0,0.0,0.0,0.0,-2.004,-2.004,-0.0,0.0,0.0,0.0,0.0,0.0,5068.0,8608184320.0,0.0,0.0,-0.0,0.0,-0.0,0.0,0.0,0.0,0.0,53,126841110528.0,-0.0,0.0,0.0,0.0,0.0,0.0,0.0,0.0,0,0,0,0.0,0.0,0.0,0.0,0.0,0.0,0.0,0.0,0.0,0.0,0.0,0.0,0.0,0.0,0.0,0.0,0,-107875648.0,53,0.0,106,-107614832.0,-107350944.0,ERR,ERR,ERR,ERR,ERR,ERR,ERR,ERR,ERR,ERR,ERR,ERR,ERR,ERR,ERR,ERR,ERR,ERR,ERR,ERR,ERR,ERR,ERR,ERR,ERR,ERR,ERR,ERR,ERR,ERR,ERR,ERR,ERR,ERR,ERR,ERR,ERR,ERR,ERR,ERR,ERR,ERR,ERR,ERR,ERR,ERR,ERR,ERR,ERR,ERR,ERR,ERR,ERR,ERR,ERR,ERR,ERR,ERR,ERR,ERR,ERR,ERR,ERR,ERR,ERR,ERR,ERR,50.0,60.0,100,0.0,0.0,0.0,0.0,0.0,0.0,0.0,0.0,0.0,0.0,0.0,0.0,0.0,0.0,0.0,0.0,62.0,65,20,65521,50,65476,0,300,0,0,8,20529,65476,0,0,26214,60.0,0.0,0.0,0.0,0.0,0.0
2026-05-17T16:16:09,ERR,ERR,ERR,ERR,ERR,ERR,ERR,ERR,ERR,ERR,ERR,ERR,ERR,ERR,ERR,ERR,ERR,ERR,ERR,ERR,ERR,ERR,ERR,ERR,ERR,ERR,ERR,ERR,ERR,ERR,ERR,ERR,ERR,ERR,ERR,ERR,ERR,ERR,ERR,ERR,ERR,ERR,ERR,ERR,ERR,ERR,ERR,ERR,ERR,ERR,ERR,ERR,ERR,ERR,ERR,ERR,ERR,ERR,ERR,ERR,ERR,ERR,ERR,ERR,ERR,ERR,ERR,ERR,ERR,ERR,ERR,ERR,ERR,ERR,ERR,ERR,ERR,ERR,ERR,ERR,ERR,ERR,ERR,ERR,ERR,ERR,ERR,ERR,ERR,ERR,ERR,ERR,ERR,ERR,ERR,ERR,ERR,ERR,ERR,ERR,ERR,ERR,ERR,ERR,ERR,ERR,ERR,ERR,ERR,ERR,ERR,ERR,ERR,ERR,ERR,ERR,ERR,ERR,ERR,ERR,ERR,ERR,ERR,ERR,ERR,0.0,-107615288.0,-0.0,0.0,0.0,1.3936040501711995e+18,7.805,0.0,0,0,4,0,8422,0.0,45,0.0,0.0,0.0,0.0,0.0,0,0,0,0,0.0,0,0,0,0,0,0,0,0,0,0,0,0,0,0,0,0,0,0,0,0,0,0,0,0,0,0,0,0,0,0,0,0,0,38,14,7,45,65476,0,300,0,0,8,21553,0.0,-107605600.0,0.0,0.0,0.0,0.0,0.0,0.0,0.0,0.0,0.0,0.0,0.0,0.0,0.0,0.0,0.0,0.0,0.0,0.0,0.0,0.0,-2.004,-2.004,-0.0,0.0,0.0,0.0,0.0,0.0,5068.0,8608184320.0,0.0,0.0,-0.0,0.0,-0.0,0.0,0.0,0.0,0.0,53,126841110528.0,-0.0,0.0,0.0,0.0,0.0,0.0,0.0,0.0,0,0,0,0.0,0.0,0.0,0.0,0.0,0.0,0.0,0.0,0.0,0.0,0.0,0.0,0.0,0.0,0.0,0.0,0,-107875648.0,53,0.0,106,-107614832.0,-107350944.0,ERR,ERR,ERR,ERR,ERR,ERR,ERR,ERR,ERR,ERR,ERR,ERR,ERR,ERR,ERR,ERR,ERR,ERR,ERR,ERR,ERR,ERR,ERR,ERR,ERR,ERR,ERR,ERR,ERR,ERR,ERR,ERR,ERR,ERR,ERR,ERR,ERR,ERR,ERR,ERR,ERR,ERR,ERR,ERR,ERR,ERR,ERR,ERR,ERR,ERR,ERR,ERR,ERR,ERR,ERR,ERR,ERR,ERR,ERR,ERR,ERR,ERR,ERR,ERR,ERR,ERR,ERR,50.0,60.0,100,0.0,0.0,0.0,0.0,0.0,0.0,0.0,0.0,0.0,0.0,0.0,0.0,0.0,0.0,0.0,0.0,61.6,65,20,65521,50,65476,0,300,0,0,8,20529,65476,0,0,26214,60.0,0.0,0.0,0.0,0.0,0.0
2026-05-17T16:16:10,ERR,ERR,ERR,ERR,ERR,ERR,ERR,ERR,ERR,ERR,ERR,ERR,ERR,ERR,ERR,ERR,ERR,ERR,ERR,ERR,ERR,ERR,ERR,ERR,ERR,ERR,ERR,ERR,ERR,ERR,ERR,ERR,ERR,ERR,ERR,ERR,ERR,ERR,ERR,ERR,ERR,ERR,ERR,ERR,ERR,ERR,ERR,ERR,ERR,ERR,ERR,ERR,ERR,ERR,ERR,ERR,ERR,ERR,ERR,ERR,ERR,ERR,ERR,ERR,ERR,ERR,ERR,ERR,ERR,ERR,ERR,ERR,ERR,ERR,ERR,ERR,ERR,ERR,ERR,ERR,ERR,ERR,ERR,ERR,ERR,ERR,ERR,ERR,ERR,ERR,ERR,ERR,ERR,ERR,ERR,ERR,ERR,ERR,ERR,ERR,ERR,ERR,ERR,ERR,ERR,ERR,ERR,ERR,ERR,ERR,ERR,ERR,ERR,ERR,ERR,ERR,ERR,ERR,ERR,ERR,ERR,ERR,ERR,ERR,ERR,0.0,-107615288.0,-134474944.0,0.0,0.0,1.3936040501711995e+18,7.805,0.0,0,0,4,0,8422,0.0,45,0.0,0.0,0.0,0.0,0.0,0,0,0,0,0.0,0,0,0,0,0,0,0,0,0,0,0,0,0,0,0,0,0,0,0,0,0,0,0,0,0,0,0,0,0,0,0,0,0,38,14,7,45,65476,0,300,0,0,8,21553,0.0,-107605600.0,0.0,0.0,0.0,0.0,0.0,0.0,0.0,0.0,0.0,0.0,0.0,0.0,0.0,0.0,0.0,0.0,0.0,0.0,0.0,0.0,-2.004,-2.004,-0.0,0.0,0.0,0.0,0.0,0.0,5067.0,0.0,0.0,0.0,-107615288.0,0.0,-0.0,0.0,0.0,0.0,0.0,53,107615344.0,4.066854413593191e+29,0.0,0.0,0.0,0.0,0.0,0.0,0.0,0,0,0,0.0,0.0,0.0,0.0,0.0,0.0,0.0,0.0,0.0,0.0,0.0,0.0,0.0,0.0,0.0,0.0,0,-107875648.0,53,0.0,106,-107614832.0,-107350944.0,ERR,ERR,ERR,ERR,ERR,ERR,ERR,ERR,ERR,ERR,ERR,ERR,ERR,ERR,ERR,ERR,ERR,ERR,ERR,ERR,ERR,ERR,ERR,ERR,ERR,ERR,ERR,ERR,ERR,ERR,ERR,ERR,ERR,ERR,ERR,ERR,ERR,ERR,ERR,ERR,ERR,ERR,ERR,ERR,ERR,ERR,ERR,ERR,ERR,ERR,ERR,ERR,ERR,ERR,ERR,ERR,ERR,ERR,ERR,ERR,ERR,ERR,ERR,ERR,ERR,ERR,ERR,50.0,60.0,100,0.0,0.0,0.0,0.0,0.0,0.0,0.0,0.0,0.0,0.0,0.0,0.0,0.0,0.0,0.0,0.0,61.6,65,20,65521,50,65476,0,300,0,0,8,20529,65476,0,0,26214,60.0,0.0,0.0,0.0,0.0,0.0
2026-05-17T16:16:11,ERR,ERR,ERR,ERR,ERR,ERR,ERR,ERR,ERR,ERR,ERR,ERR,ERR,ERR,ERR,ERR,ERR,ERR,ERR,ERR,ERR,ERR,ERR,ERR,ERR,ERR,ERR,ERR,ERR,ERR,ERR,ERR,ERR,ERR,ERR,ERR,ERR,ERR,ERR,ERR,ERR,ERR,ERR,ERR,ERR,ERR,ERR,ERR,ERR,ERR,ERR,ERR,ERR,ERR,ERR,ERR,ERR,ERR,ERR,ERR,ERR,ERR,ERR,ERR,ERR,ERR,ERR,ERR,ERR,ERR,ERR,ERR,ERR,ERR,ERR,ERR,ERR,ERR,ERR,ERR,ERR,ERR,ERR,ERR,ERR,ERR,ERR,ERR,ERR,ERR,ERR,ERR,ERR,ERR,ERR,ERR,ERR,ERR,ERR,ERR,ERR,ERR,ERR,ERR,ERR,ERR,ERR,ERR,ERR,ERR,ERR,ERR,ERR,ERR,ERR,ERR,ERR,ERR,ERR,ERR,ERR,ERR,ERR,ERR,ERR,0.0,-107615288.0,-134474944.0,0.0,0.0,1.3936040501711995e+18,7.805,0.0,0,0,4,0,8422,0.0,45,0.0,0.0,0.0,0.0,0.0,0,0,0,0,0.0,0,0,0,0,0,0,0,0,0,0,0,0,0,0,0,0,0,0,0,0,0,0,0,0,0,0,0,0,0,0,0,0,0,38,14,7,45,65476,0,300,0,0,8,21553,0.0,-107605600.0,0.0,0.0,0.0,0.0,0.0,0.0,0.0,0.0,0.0,0.0,0.0,0.0,0.0,0.0,0.0,0.0,0.0,0.0,0.0,0.0,-2.004,-2.004,-0.0,0.0,0.0,0.0,0.0,0.0,5067.0,0.0,0.0,0.0,-107615288.0,0.0,-0.0,0.0,0.0,0.0,0.0,53,107615344.0,4.066854413593191e+29,0.0,0.0,0.0,0.0,0.0,0.0,0.0,0,0,0,0.0,0.0,0.0,0.0,0.0,0.0,0.0,0.0,0.0,0.0,0.0,0.0,0.0,0.0,0.0,0.0,0,-107875648.0,53,0.0,106,-107614832.0,-107350944.0,ERR,ERR,ERR,ERR,ERR,ERR,ERR,ERR,ERR,ERR,ERR,ERR,ERR,ERR,ERR,ERR,ERR,ERR,ERR,ERR,ERR,ERR,ERR,ERR,ERR,ERR,ERR,ERR,ERR,ERR,ERR,ERR,ERR,ERR,ERR,ERR,ERR,ERR,ERR,ERR,ERR,ERR,ERR,ERR,ERR,ERR,ERR,ERR,ERR,ERR,ERR,ERR,ERR,ERR,ERR,ERR,ERR,ERR,ERR,ERR,ERR,ERR,ERR,ERR,ERR,ERR,ERR,50.0,60.0,100,0.0,0.0,0.0,0.0,0.0,0.0,0.0,0.0,0.0,0.0,0.0,0.0,0.0,0.0,0.0,0.0,61.6,65,20,65521,50,65476,0,300,0,0,8,20529,65476,0,0,26214,60.0,0.0,0.0,0.0,0.0,0.0
2026-05-17T16:16:12,ERR,ERR,ERR,ERR,ERR,ERR,ERR,ERR,ERR,ERR,ERR,ERR,ERR,ERR,ERR,ERR,ERR,ERR,ERR,ERR,ERR,ERR,ERR,ERR,ERR,ERR,ERR,ERR,ERR,ERR,ERR,ERR,ERR,ERR,ERR,ERR,ERR,ERR,ERR,ERR,ERR,ERR,ERR,ERR,ERR,ERR,ERR,ERR,ERR,ERR,ERR,ERR,ERR,ERR,ERR,ERR,ERR,ERR,ERR,ERR,ERR,ERR,ERR,ERR,ERR,ERR,ERR,ERR,ERR,ERR,ERR,ERR,ERR,ERR,ERR,ERR,ERR,ERR,ERR,ERR,ERR,ERR,ERR,ERR,ERR,ERR,ERR,ERR,ERR,ERR,ERR,ERR,ERR,ERR,ERR,ERR,ERR,ERR,ERR,ERR,ERR,ERR,ERR,ERR,ERR,ERR,ERR,ERR,ERR,ERR,ERR,ERR,ERR,ERR,ERR,ERR,ERR,ERR,ERR,ERR,ERR,ERR,ERR,ERR,ERR,0.0,-107615288.0,-134474944.0,0.0,0.0,1.3936040501711995e+18,7.805,0.0,0,0,4,0,8422,0.0,45,0.0,0.0,0.0,0.0,0.0,0,0,0,0,0.0,0,0,0,0,0,0,0,0,0,0,0,0,0,0,0,0,0,0,0,0,0,0,0,0,0,0,0,0,0,0,0,0,0,38,14,7,45,65476,0,300,0,0,8,21553,0.0,-107605600.0,0.0,0.0,0.0,0.0,0.0,0.0,0.0,0.0,0.0,0.0,0.0,0.0,0.0,0.0,0.0,0.0,0.0,0.0,0.0,0.0,-2.004,-2.004,-0.0,0.0,0.0,0.0,0.0,0.0,5067.0,0.0,0.0,0.0,-107615288.0,0.0,-0.0,0.0,0.0,0.0,0.0,53,107615344.0,4.066854413593191e+29,0.0,0.0,0.0,0.0,0.0,0.0,0.0,0,0,0,0.0,0.0,0.0,0.0,0.0,0.0,0.0,0.0,0.0,0.0,0.0,0.0,0.0,0.0,0.0,0.0,0,-107875648.0,53,0.0,106,-107614832.0,-107350944.0,ERR,ERR,ERR,ERR,ERR,ERR,ERR,ERR,ERR,ERR,ERR,ERR,ERR,ERR,ERR,ERR,ERR,ERR,ERR,ERR,ERR,ERR,ERR,ERR,ERR,ERR,ERR,ERR,ERR,ERR,ERR,ERR,ERR,ERR,ERR,ERR,ERR,ERR,ERR,ERR,ERR,ERR,ERR,ERR,ERR,ERR,ERR,ERR,ERR,ERR,ERR,ERR,ERR,ERR,ERR,ERR,ERR,ERR,ERR,ERR,ERR,ERR,ERR,ERR,ERR,ERR,ERR,50.0,60.0,100,0.0,0.0,0.0,0.0,0.0,0.0,0.0,0.0,0.0,0.0,0.0,0.0,0.0,0.0,0.0,0.0,61.6,65,20,65521,50,65476,0,300,0,0,8,20529,65476,0,0,26214,60.0,0.0,0.0,0.0,0.0,0.0
2026-05-17T16:16:13,ERR,ERR,ERR,ERR,ERR,ERR,ERR,ERR,ERR,ERR,ERR,ERR,ERR,ERR,ERR,ERR,ERR,ERR,ERR,ERR,ERR,ERR,ERR,ERR,ERR,ERR,ERR,ERR,ERR,ERR,ERR,ERR,ERR,ERR,ERR,ERR,ERR,ERR,ERR,ERR,ERR,ERR,ERR,ERR,ERR,ERR,ERR,ERR,ERR,ERR,ERR,ERR,ERR,ERR,ERR,ERR,ERR,ERR,ERR,ERR,ERR,ERR,ERR,ERR,ERR,ERR,ERR,ERR,ERR,ERR,ERR,ERR,ERR,ERR,ERR,ERR,ERR,ERR,ERR,ERR,ERR,ERR,ERR,ERR,ERR,ERR,ERR,ERR,ERR,ERR,ERR,ERR,ERR,ERR,ERR,ERR,ERR,ERR,ERR,ERR,ERR,ERR,ERR,ERR,ERR,ERR,ERR,ERR,ERR,ERR,ERR,ERR,ERR,ERR,ERR,ERR,ERR,ERR,ERR,ERR,ERR,ERR,ERR,ERR,ERR,0.0,-107615288.0,-134474944.0,0.0,0.0,1.3936040501711995e+18,7.805,0.0,0,0,4,0,8422,0.0,45,0.0,0.0,0.0,0.0,0.0,0,0,0,0,0.0,0,0,0,0,0,0,0,0,0,0,0,0,0,0,0,0,0,0,0,0,0,0,0,0,0,0,0,0,0,0,0,0,0,38,14,7,45,65476,0,300,0,0,8,21553,0.0,-107605600.0,0.0,0.0,0.0,0.0,0.0,0.0,0.0,0.0,0.0,0.0,0.0,0.0,0.0,0.0,0.0,0.0,0.0,0.0,0.0,0.0,-2.004,-2.004,-0.0,0.0,0.0,0.0,0.0,0.0,5067.0,0.0,0.0,0.0,-107615288.0,0.0,-0.0,0.0,0.0,0.0,0.0,53,107615344.0,4.066854413593191e+29,0.0,0.0,0.0,0.0,0.0,0.0,0.0,0,0,0,0.0,0.0,0.0,0.0,0.0,0.0,0.0,0.0,0.0,0.0,0.0,0.0,0.0,0.0,0.0,0.0,0,-107875648.0,53,0.0,106,-107614832.0,-107350944.0,ERR,ERR,ERR,ERR,ERR,ERR,ERR,ERR,ERR,ERR,ERR,ERR,ERR,ERR,ERR,ERR,ERR,ERR,ERR,ERR,ERR,ERR,ERR,ERR,ERR,ERR,ERR,ERR,ERR,ERR,ERR,ERR,ERR,ERR,ERR,ERR,ERR,ERR,ERR,ERR,ERR,ERR,ERR,ERR,ERR,ERR,ERR,ERR,ERR,ERR,ERR,ERR,ERR,ERR,ERR,ERR,ERR,ERR,ERR,ERR,ERR,ERR,ERR,ERR,ERR,ERR,ERR,50.0,60.0,100,0.0,0.0,0.0,0.0,0.0,0.0,0.0,0.0,0.0,0.0,0.0,0.0,0.0,0.0,0.0,0.0,61.6,65,20,65521,50,65476,0,300,0,0,8,20529,65476,0,0,26214,60.0,0.0,0.0,0.0,0.0,0.0
2026-05-17T16:16:14,ERR,ERR,ERR,ERR,ERR,ERR,ERR,ERR,ERR,ERR,ERR,ERR,ERR,ERR,ERR,ERR,ERR,ERR,ERR,ERR,ERR,ERR,ERR,ERR,ERR,ERR,ERR,ERR,ERR,ERR,ERR,ERR,ERR,ERR,ERR,ERR,ERR,ERR,ERR,ERR,ERR,ERR,ERR,ERR,ERR,ERR,ERR,ERR,ERR,ERR,ERR,ERR,ERR,ERR,ERR,ERR,ERR,ERR,ERR,ERR,ERR,ERR,ERR,ERR,ERR,ERR,ERR,ERR,ERR,ERR,ERR,ERR,ERR,ERR,ERR,ERR,ERR,ERR,ERR,ERR,ERR,ERR,ERR,ERR,ERR,ERR,ERR,ERR,ERR,ERR,ERR,ERR,ERR,ERR,ERR,ERR,ERR,ERR,ERR,ERR,ERR,ERR,ERR,ERR,ERR,ERR,ERR,ERR,ERR,ERR,ERR,ERR,ERR,ERR,ERR,ERR,ERR,ERR,ERR,ERR,ERR,ERR,ERR,ERR,ERR,0.0,-107615288.0,-134474944.0,0.0,0.0,1.3936040501711995e+18,7.805,0.0,0,0,4,0,8422,0.0,45,0.0,0.0,0.0,0.0,0.0,0,0,0,0,0.0,0,0,0,0,0,0,0,0,0,0,0,0,0,0,0,0,0,0,0,0,0,0,0,0,0,0,0,0,0,0,0,0,0,38,14,7,45,65476,0,300,0,0,8,21553,0.0,-107605600.0,0.0,0.0,0.0,0.0,0.0,0.0,0.0,0.0,0.0,0.0,0.0,0.0,0.0,0.0,0.0,0.0,0.0,0.0,0.0,0.0,-2.004,-2.004,-0.0,0.0,0.0,0.0,0.0,0.0,5067.0,0.0,0.0,0.0,-107615288.0,0.0,-0.0,0.0,0.0,0.0,0.0,53,107615344.0,4.066854413593191e+29,0.0,0.0,0.0,0.0,0.0,0.0,0.0,0,0,0,0.0,0.0,0.0,0.0,0.0,0.0,0.0,0.0,0.0,0.0,0.0,0.0,0.0,0.0,0.0,0.0,0,-107875648.0,53,0.0,106,-107614832.0,-107350944.0,ERR,ERR,ERR,ERR,ERR,ERR,ERR,ERR,ERR,ERR,ERR,ERR,ERR,ERR,ERR,ERR,ERR,ERR,ERR,ERR,ERR,ERR,ERR,ERR,ERR,ERR,ERR,ERR,ERR,ERR,ERR,ERR,ERR,ERR,ERR,ERR,ERR,ERR,ERR,ERR,ERR,ERR,ERR,ERR,ERR,ERR,ERR,ERR,ERR,ERR,ERR,ERR,ERR,ERR,ERR,ERR,ERR,ERR,ERR,ERR,ERR,ERR,ERR,ERR,ERR,ERR,ERR,50.0,60.0,100,0.0,0.0,0.0,0.0,0.0,0.0,0.0,0.0,0.0,0.0,0.0,0.0,0.0,0.0,0.0,0.0,61.6,65,20,65521,50,65476,0,300,0,0,8,20529,65476,0,0,26214,60.0,0.0,0.0,0.0,0.0,0.0
2026-05-17T16:16:15,ERR,ERR,ERR,ERR,ERR,ERR,ERR,ERR,ERR,ERR,ERR,ERR,ERR,ERR,ERR,ERR,ERR,ERR,ERR,ERR,ERR,ERR,ERR,ERR,ERR,ERR,ERR,ERR,ERR,ERR,ERR,ERR,ERR,ERR,ERR,ERR,ERR,ERR,ERR,ERR,ERR,ERR,ERR,ERR,ERR,ERR,ERR,ERR,ERR,ERR,ERR,ERR,ERR,ERR,ERR,ERR,ERR,ERR,ERR,ERR,ERR,ERR,ERR,ERR,ERR,ERR,ERR,ERR,ERR,ERR,ERR,ERR,ERR,ERR,ERR,ERR,ERR,ERR,ERR,ERR,ERR,ERR,ERR,ERR,ERR,ERR,ERR,ERR,ERR,ERR,ERR,ERR,ERR,ERR,ERR,ERR,ERR,ERR,ERR,ERR,ERR,ERR,ERR,ERR,ERR,ERR,ERR,ERR,ERR,ERR,ERR,ERR,ERR,ERR,ERR,ERR,ERR,ERR,ERR,ERR,ERR,ERR,ERR,ERR,ERR,0.0,-107615288.0,-134474944.0,0.0,0.0,1.3936040501711995e+18,7.805,0.0,0,0,4,0,8422,0.0,45,0.0,0.0,0.0,0.0,0.0,0,0,0,0,0.0,0,0,0,0,0,0,0,0,0,0,0,0,0,0,0,0,0,0,0,0,0,0,0,0,0,0,0,0,0,0,0,0,0,38,14,7,45,65476,0,300,0,0,8,21553,0.0,-107605600.0,0.0,0.0,0.0,0.0,0.0,0.0,0.0,0.0,0.0,0.0,0.0,0.0,0.0,0.0,0.0,0.0,0.0,0.0,0.0,0.0,-2.004,-2.004,-0.0,0.0,0.0,0.0,0.0,0.0,5035.0,-1.5879295420089355e+29,0.0,0.0,-107615288.0,0.0,-0.0,0.0,0.0,0.0,0.0,53,107615344.0,0.0,0.0,0.0,0.0,0.0,0.0,0.0,0.0,0,0,0,0.0,0.0,0.0,0.0,0.0,0.0,0.0,0.0,0.0,0.0,0.0,0.0,0.0,0.0,0.0,0.0,0,-107875648.0,53,0.0,106,-107614832.0,-107350944.0,ERR,ERR,ERR,ERR,ERR,ERR,ERR,ERR,ERR,ERR,ERR,ERR,ERR,ERR,ERR,ERR,ERR,ERR,ERR,ERR,ERR,ERR,ERR,ERR,ERR,ERR,ERR,ERR,ERR,ERR,ERR,ERR,ERR,ERR,ERR,ERR,ERR,ERR,ERR,ERR,ERR,ERR,ERR,ERR,ERR,ERR,ERR,ERR,ERR,ERR,ERR,ERR,ERR,ERR,ERR,ERR,ERR,ERR,ERR,ERR,ERR,ERR,ERR,ERR,ERR,ERR,ERR,50.0,60.0,100,0.0,0.0,0.0,0.0,0.0,0.0,0.0,0.0,0.0,0.0,0.0,0.0,0.0,0.0,0.0,0.0,61.6,65,20,65521,50,65476,0,300,0,0,8,20529,65476,0,0,26214,60.0,0.0,0.0,0.0,0.0,0.0
2026-05-17T16:16:16,ERR,ERR,ERR,ERR,ERR,ERR,ERR,ERR,ERR,ERR,ERR,ERR,ERR,ERR,ERR,ERR,ERR,ERR,ERR,ERR,ERR,ERR,ERR,ERR,ERR,ERR,ERR,ERR,ERR,ERR,ERR,ERR,ERR,ERR,ERR,ERR,ERR,ERR,ERR,ERR,ERR,ERR,ERR,ERR,ERR,ERR,ERR,ERR,ERR,ERR,ERR,ERR,ERR,ERR,ERR,ERR,ERR,ERR,ERR,ERR,ERR,ERR,ERR,ERR,ERR,ERR,ERR,ERR,ERR,ERR,ERR,ERR,ERR,ERR,ERR,ERR,ERR,ERR,ERR,ERR,ERR,ERR,ERR,ERR,ERR,ERR,ERR,ERR,ERR,ERR,ERR,ERR,ERR,ERR,ERR,ERR,ERR,ERR,ERR,ERR,ERR,ERR,ERR,ERR,ERR,ERR,ERR,ERR,ERR,ERR,ERR,ERR,ERR,ERR,ERR,ERR,ERR,ERR,ERR,ERR,ERR,ERR,ERR,ERR,ERR,0.0,-107615288.0,-134474944.0,0.0,0.0,1.3936040501711995e+18,7.805,0.0,0,0,4,0,8422,0.0,45,0.0,0.0,0.0,0.0,0.0,0,0,0,0,0.0,0,0,0,0,0,0,0,0,0,0,0,0,0,0,0,0,0,0,0,0,0,0,0,0,0,0,0,0,0,0,0,0,0,38,14,7,45,65476,0,300,0,0,8,21553,0.0,-107605600.0,0.0,0.0,0.0,0.0,0.0,0.0,0.0,0.0,0.0,0.0,0.0,0.0,0.0,0.0,0.0,0.0,0.0,0.0,0.0,0.0,-2.004,-2.004,-0.0,0.0,0.0,0.0,0.0,0.0,5035.0,-1.5879295420089355e+29,0.0,0.0,-107615288.0,0.0,-0.0,0.0,0.0,0.0,0.0,53,107615344.0,0.0,0.0,0.0,0.0,0.0,0.0,0.0,0.0,0,0,0,0.0,0.0,0.0,0.0,0.0,0.0,0.0,0.0,0.0,0.0,0.0,0.0,0.0,0.0,0.0,0.0,0,-107875648.0,53,0.0,106,-107614832.0,-107350944.0,ERR,ERR,ERR,ERR,ERR,ERR,ERR,ERR,ERR,ERR,ERR,ERR,ERR,ERR,ERR,ERR,ERR,ERR,ERR,ERR,ERR,ERR,ERR,ERR,ERR,ERR,ERR,ERR,ERR,ERR,ERR,ERR,ERR,ERR,ERR,ERR,ERR,ERR,ERR,ERR,ERR,ERR,ERR,ERR,ERR,ERR,ERR,ERR,ERR,ERR,ERR,ERR,ERR,ERR,ERR,ERR,ERR,ERR,ERR,ERR,ERR,ERR,ERR,ERR,ERR,ERR,ERR,50.0,60.0,100,0.0,0.0,0.0,0.0,0.0,0.0,0.0,0.0,0.0,0.0,0.0,0.0,0.0,0.0,0.0,0.0,61.6,65,20,65521,50,65476,0,300,0,0,8,20529,65476,0,0,26214,60.0,0.0,0.0,0.0,0.0,0.0
2026-05-17T16:16:17,ERR,ERR,ERR,ERR,ERR,ERR,ERR,ERR,ERR,ERR,ERR,ERR,ERR,ERR,ERR,ERR,ERR,ERR,ERR,ERR,ERR,ERR,ERR,ERR,ERR,ERR,ERR,ERR,ERR,ERR,ERR,ERR,ERR,ERR,ERR,ERR,ERR,ERR,ERR,ERR,ERR,ERR,ERR,ERR,ERR,ERR,ERR,ERR,ERR,ERR,ERR,ERR,ERR,ERR,ERR,ERR,ERR,ERR,ERR,ERR,ERR,ERR,ERR,ERR,ERR,ERR,ERR,ERR,ERR,ERR,ERR,ERR,ERR,ERR,ERR,ERR,ERR,ERR,ERR,ERR,ERR,ERR,ERR,ERR,ERR,ERR,ERR,ERR,ERR,ERR,ERR,ERR,ERR,ERR,ERR,ERR,ERR,ERR,ERR,ERR,ERR,ERR,ERR,ERR,ERR,ERR,ERR,ERR,ERR,ERR,ERR,ERR,ERR,ERR,ERR,ERR,ERR,ERR,ERR,ERR,ERR,ERR,ERR,ERR,ERR,0.0,-107615288.0,-134474944.0,0.0,0.0,1.3936040501711995e+18,7.805,0.0,0,0,4,0,8422,0.0,45,0.0,0.0,0.0,0.0,0.0,0,0,0,0,0.0,0,0,0,0,0,0,0,0,0,0,0,0,0,0,0,0,0,0,0,0,0,0,0,0,0,0,0,0,0,0,0,0,0,38,14,7,45,65476,0,300,0,0,8,21553,0.0,-107605600.0,0.0,0.0,0.0,0.0,0.0,0.0,0.0,0.0,0.0,0.0,0.0,0.0,0.0,0.0,0.0,0.0,0.0,0.0,0.0,0.0,-2.004,-2.004,-0.0,0.0,0.0,0.0,0.0,0.0,5035.0,-1.5879295420089355e+29,0.0,0.0,-107615288.0,0.0,-0.0,0.0,0.0,0.0,0.0,53,107615344.0,0.0,0.0,0.0,0.0,0.0,0.0,0.0,0.0,0,0,0,0.0,0.0,0.0,0.0,0.0,0.0,0.0,0.0,0.0,0.0,0.0,0.0,0.0,0.0,0.0,0.0,0,-107875648.0,53,0.0,106,-107614832.0,-107350944.0,ERR,ERR,ERR,ERR,ERR,ERR,ERR,ERR,ERR,ERR,ERR,ERR,ERR,ERR,ERR,ERR,ERR,ERR,ERR,ERR,ERR,ERR,ERR,ERR,ERR,ERR,ERR,ERR,ERR,ERR,ERR,ERR,ERR,ERR,ERR,ERR,ERR,ERR,ERR,ERR,ERR,ERR,ERR,ERR,ERR,ERR,ERR,ERR,ERR,ERR,ERR,ERR,ERR,ERR,ERR,ERR,ERR,ERR,ERR,ERR,ERR,ERR,ERR,ERR,ERR,ERR,ERR,50.0,60.0,100,0.0,0.0,0.0,0.0,0.0,0.0,0.0,0.0,0.0,0.0,0.0,0.0,0.0,0.0,0.0,0.0,61.6,65,20,65521,50,65476,0,300,0,0,8,20529,65476,0,0,26214,60.0,0.0,0.0,0.0,0.0,0.0
2026-05-17T16:16:18,ERR,ERR,ERR,ERR,ERR,ERR,ERR,ERR,ERR,ERR,ERR,ERR,ERR,ERR,ERR,ERR,ERR,ERR,ERR,ERR,ERR,ERR,ERR,ERR,ERR,ERR,ERR,ERR,ERR,ERR,ERR,ERR,ERR,ERR,ERR,ERR,ERR,ERR,ERR,ERR,ERR,ERR,ERR,ERR,ERR,ERR,ERR,ERR,ERR,ERR,ERR,ERR,ERR,ERR,ERR,ERR,ERR,ERR,ERR,ERR,ERR,ERR,ERR,ERR,ERR,ERR,ERR,ERR,ERR,ERR,ERR,ERR,ERR,ERR,ERR,ERR,ERR,ERR,ERR,ERR,ERR,ERR,ERR,ERR,ERR,ERR,ERR,ERR,ERR,ERR,ERR,ERR,ERR,ERR,ERR,ERR,ERR,ERR,ERR,ERR,ERR,ERR,ERR,ERR,ERR,ERR,ERR,ERR,ERR,ERR,ERR,ERR,ERR,ERR,ERR,ERR,ERR,ERR,ERR,ERR,ERR,ERR,ERR,ERR,ERR,0.0,-107615288.0,-134474944.0,0.0,0.0,1.3936040501711995e+18,7.805,0.0,0,0,4,0,8422,0.0,45,0.0,0.0,0.0,0.0,0.0,0,0,0,0,0.0,0,0,0,0,0,0,0,0,0,0,0,0,0,0,0,0,0,0,0,0,0,0,0,0,0,0,0,0,0,0,0,0,0,38,14,7,45,65476,0,300,0,0,8,21553,0.0,-107605600.0,0.0,0.0,0.0,0.0,0.0,0.0,0.0,0.0,0.0,0.0,0.0,0.0,0.0,0.0,0.0,0.0,0.0,0.0,0.0,0.0,-2.004,-2.004,-0.0,0.0,0.0,0.0,0.0,0.0,5035.0,-1.5879295420089355e+29,0.0,0.0,-107615288.0,0.0,-0.0,0.0,0.0,0.0,0.0,53,107615344.0,0.0,0.0,0.0,0.0,0.0,0.0,0.0,0.0,0,0,0,0.0,0.0,0.0,0.0,0.0,0.0,0.0,0.0,0.0,0.0,0.0,0.0,0.0,0.0,0.0,0.0,0,-107875648.0,53,0.0,106,-107614832.0,-107350944.0,ERR,ERR,ERR,ERR,ERR,ERR,ERR,ERR,ERR,ERR,ERR,ERR,ERR,ERR,ERR,ERR,ERR,ERR,ERR,ERR,ERR,ERR,ERR,ERR,ERR,ERR,ERR,ERR,ERR,ERR,ERR,ERR,ERR,ERR,ERR,ERR,ERR,ERR,ERR,ERR,ERR,ERR,ERR,ERR,ERR,ERR,ERR,ERR,ERR,ERR,ERR,ERR,ERR,ERR,ERR,ERR,ERR,ERR,ERR,ERR,ERR,ERR,ERR,ERR,ERR,ERR,ERR,50.0,60.0,100,0.0,0.0,0.0,0.0,0.0,0.0,0.0,0.0,0.0,0.0,0.0,0.0,0.0,0.0,0.0,0.0,61.6,65,20,65521,50,65476,0,300,0,0,8,20529,65476,0,0,26214,60.0,0.0,0.0,0.0,0.0,0.0
2026-05-17T16:16:19,ERR,ERR,ERR,ERR,ERR,ERR,ERR,ERR,ERR,ERR,ERR,ERR,ERR,ERR,ERR,ERR,ERR,ERR,ERR,ERR,ERR,ERR,ERR,ERR,ERR,ERR,ERR,ERR,ERR,ERR,ERR,ERR,ERR,ERR,ERR,ERR,ERR,ERR,ERR,ERR,ERR,ERR,ERR,ERR,ERR,ERR,ERR,ERR,ERR,ERR,ERR,ERR,ERR,ERR,ERR,ERR,ERR,ERR,ERR,ERR,ERR,ERR,ERR,ERR,ERR,ERR,ERR,ERR,ERR,ERR,ERR,ERR,ERR,ERR,ERR,ERR,ERR,ERR,ERR,ERR,ERR,ERR,ERR,ERR,ERR,ERR,ERR,ERR,ERR,ERR,ERR,ERR,ERR,ERR,ERR,ERR,ERR,ERR,ERR,ERR,ERR,ERR,ERR,ERR,ERR,ERR,ERR,ERR,ERR,ERR,ERR,ERR,ERR,ERR,ERR,ERR,ERR,ERR,ERR,ERR,ERR,ERR,ERR,ERR,ERR,0.0,-107615288.0,-134474944.0,0.0,0.0,1.3936040501711995e+18,7.805,0.0,0,0,4,0,8422,0.0,45,0.0,0.0,0.0,0.0,0.0,0,0,0,0,0.0,0,0,0,0,0,0,0,0,0,0,0,0,0,0,0,0,0,0,0,0,0,0,0,0,0,0,0,0,0,0,0,0,0,38,14,7,45,65476,0,300,0,0,8,21553,0.0,-107605600.0,0.0,0.0,0.0,0.0,0.0,0.0,0.0,0.0,0.0,0.0,0.0,0.0,0.0,0.0,0.0,0.0,0.0,0.0,0.0,0.0,-2.004,-2.004,-0.0,0.0,0.0,0.0,0.0,0.0,5035.0,-1.5879295420089355e+29,0.0,0.0,-107615288.0,0.0,-0.0,0.0,0.0,0.0,0.0,53,107615344.0,0.0,0.0,0.0,0.0,0.0,0.0,0.0,0.0,0,0,0,0.0,0.0,0.0,0.0,0.0,0.0,0.0,0.0,0.0,0.0,0.0,0.0,0.0,0.0,0.0,0.0,0,-107875648.0,53,0.0,106,-107614832.0,-107350944.0,ERR,ERR,ERR,ERR,ERR,ERR,ERR,ERR,ERR,ERR,ERR,ERR,ERR,ERR,ERR,ERR,ERR,ERR,ERR,ERR,ERR,ERR,ERR,ERR,ERR,ERR,ERR,ERR,ERR,ERR,ERR,ERR,ERR,ERR,ERR,ERR,ERR,ERR,ERR,ERR,ERR,ERR,ERR,ERR,ERR,ERR,ERR,ERR,ERR,ERR,ERR,ERR,ERR,ERR,ERR,ERR,ERR,ERR,ERR,ERR,ERR,ERR,ERR,ERR,ERR,ERR,ERR,50.0,60.0,100,0.0,0.0,0.0,0.0,0.0,0.0,0.0,0.0,0.0,0.0,0.0,0.0,0.0,0.0,0.0,0.0,61.6,65,20,65521,50,65476,0,300,0,0,8,20529,65476,0,0,26214,60.0,0.0,0.0,0.0,0.0,0.0
2026-05-17T16:16:20,ERR,ERR,ERR,ERR,ERR,ERR,ERR,ERR,ERR,ERR,ERR,ERR,ERR,ERR,ERR,ERR,ERR,ERR,ERR,ERR,ERR,ERR,ERR,ERR,ERR,ERR,ERR,ERR,ERR,ERR,ERR,ERR,ERR,ERR,ERR,ERR,ERR,ERR,ERR,ERR,ERR,ERR,ERR,ERR,ERR,ERR,ERR,ERR,ERR,ERR,ERR,ERR,ERR,ERR,ERR,ERR,ERR,ERR,ERR,ERR,ERR,ERR,ERR,ERR,ERR,ERR,ERR,ERR,ERR,ERR,ERR,ERR,ERR,ERR,ERR,ERR,ERR,ERR,ERR,ERR,ERR,ERR,ERR,ERR,ERR,ERR,ERR,ERR,ERR,ERR,ERR,ERR,ERR,ERR,ERR,ERR,ERR,ERR,ERR,ERR,ERR,ERR,ERR,ERR,ERR,ERR,ERR,ERR,ERR,ERR,ERR,ERR,ERR,ERR,ERR,ERR,ERR,ERR,ERR,ERR,ERR,ERR,ERR,ERR,ERR,0.0,-107615288.0,-134474944.0,0.0,0.0,1.3936040501711995e+18,7.805,0.0,0,0,4,0,8422,0.0,45,0.0,0.0,0.0,0.0,0.0,0,0,0,0,0.0,0,0,0,0,0,0,0,0,0,0,0,0,0,0,0,0,0,0,0,0,0,0,0,0,0,0,0,0,0,0,0,0,0,38,14,7,45,65476,0,300,0,0,8,21553,0.0,-107605600.0,0.0,0.0,0.0,0.0,0.0,0.0,0.0,0.0,0.0,0.0,0.0,0.0,0.0,0.0,0.0,0.0,0.0,0.0,0.0,0.0,-2.004,-2.004,-0.0,0.0,0.0,0.0,0.0,0.0,5035.0,-1.5879295420089355e+29,0.0,0.0,-107615288.0,0.0,-0.0,0.0,0.0,0.0,0.0,53,107615344.0,0.0,0.0,0.0,0.0,0.0,0.0,0.0,0.0,0,0,0,0.0,0.0,0.0,0.0,0.0,0.0,0.0,0.0,0.0,0.0,0.0,0.0,0.0,0.0,0.0,0.0,0,-107875648.0,53,0.0,106,-107614832.0,-107350944.0,ERR,ERR,ERR,ERR,ERR,ERR,ERR,ERR,ERR,ERR,ERR,ERR,ERR,ERR,ERR,ERR,ERR,ERR,ERR,ERR,ERR,ERR,ERR,ERR,ERR,ERR,ERR,ERR,ERR,ERR,ERR,ERR,ERR,ERR,ERR,ERR,ERR,ERR,ERR,ERR,ERR,ERR,ERR,ERR,ERR,ERR,ERR,ERR,ERR,ERR,ERR,ERR,ERR,ERR,ERR,ERR,ERR,ERR,ERR,ERR,ERR,ERR,ERR,ERR,ERR,ERR,ERR,50.0,60.0,100,0.0,0.0,0.0,0.0,0.0,0.0,0.0,0.0,0.0,0.0,0.0,0.0,0.0,0.0,0.0,0.0,61.6,65,20,65521,50,65476,0,300,0,0,8,20529,65476,0,0,26214,60.0,0.0,0.0,0.0,0.0,0.0
2026-05-17T16:16:21,ERR,ERR,ERR,ERR,ERR,ERR,ERR,ERR,ERR,ERR,ERR,ERR,ERR,ERR,ERR,ERR,ERR,ERR,ERR,ERR,ERR,ERR,ERR,ERR,ERR,ERR,ERR,ERR,ERR,ERR,ERR,ERR,ERR,ERR,ERR,ERR,ERR,ERR,ERR,ERR,ERR,ERR,ERR,ERR,ERR,ERR,ERR,ERR,ERR,ERR,ERR,ERR,ERR,ERR,ERR,ERR,ERR,ERR,ERR,ERR,ERR,ERR,ERR,ERR,ERR,ERR,ERR,ERR,ERR,ERR,ERR,ERR,ERR,ERR,ERR,ERR,ERR,ERR,ERR,ERR,ERR,ERR,ERR,ERR,ERR,ERR,ERR,ERR,ERR,ERR,ERR,ERR,ERR,ERR,ERR,ERR,ERR,ERR,ERR,ERR,ERR,ERR,ERR,ERR,ERR,ERR,ERR,ERR,ERR,ERR,ERR,ERR,ERR,ERR,ERR,ERR,ERR,ERR,ERR,ERR,ERR,ERR,ERR,ERR,ERR,0.0,-107615288.0,-134474944.0,0.0,0.0,1.3936040501711995e+18,7.805,0.0,0,0,4,0,8422,0.0,45,0.0,0.0,0.0,0.0,0.0,0,0,0,0,0.0,0,0,0,0,0,0,0,0,0,0,0,0,0,0,0,0,0,0,0,0,0,0,0,0,0,0,0,0,0,0,0,0,0,38,14,7,45,65476,0,300,0,0,8,21553,0.0,-107605600.0,0.0,0.0,0.0,0.0,0.0,0.0,0.0,0.0,0.0,0.0,0.0,0.0,0.0,0.0,0.0,0.0,0.0,0.0,0.0,0.0,-2.004,-2.004,-0.0,0.0,0.0,0.0,0.0,0.0,5076.0,2.422988480993034e+24,0.0,0.0,-107615288.0,0.0,-0.0,0.0,0.0,0.0,0.0,53,5.848083413016271e+35,-71.629,0.0,0.0,0.0,0.0,0.0,0.0,0.0,0,0,0,0.0,0.0,0.0,0.0,0.0,0.0,0.0,0.0,0.0,0.0,0.0,0.0,0.0,0.0,0.0,0.0,0,-107875648.0,53,0.0,106,-107614832.0,-107350944.0,ERR,ERR,ERR,ERR,ERR,ERR,ERR,ERR,ERR,ERR,ERR,ERR,ERR,ERR,ERR,ERR,ERR,ERR,ERR,ERR,ERR,ERR,ERR,ERR,ERR,ERR,ERR,ERR,ERR,ERR,ERR,ERR,ERR,ERR,ERR,ERR,ERR,ERR,ERR,ERR,ERR,ERR,ERR,ERR,ERR,ERR,ERR,ERR,ERR,ERR,ERR,ERR,ERR,ERR,ERR,ERR,ERR,ERR,ERR,ERR,ERR,ERR,ERR,ERR,ERR,ERR,ERR,50.0,60.0,100,0.0,0.0,0.0,0.0,0.0,0.0,0.0,0.0,0.0,0.0,0.0,0.0,0.0,0.0,0.0,0.0,61.6,65,20,65521,50,65476,0,300,0,0,8,20529,65476,0,0,26214,60.0,0.0,0.0,0.0,0.0,0.0
2026-05-17T16:16:22,ERR,ERR,ERR,ERR,ERR,ERR,ERR,ERR,ERR,ERR,ERR,ERR,ERR,ERR,ERR,ERR,ERR,ERR,ERR,ERR,ERR,ERR,ERR,ERR,ERR,ERR,ERR,ERR,ERR,ERR,ERR,ERR,ERR,ERR,ERR,ERR,ERR,ERR,ERR,ERR,ERR,ERR,ERR,ERR,ERR,ERR,ERR,ERR,ERR,ERR,ERR,ERR,ERR,ERR,ERR,ERR,ERR,ERR,ERR,ERR,ERR,ERR,ERR,ERR,ERR,ERR,ERR,ERR,ERR,ERR,ERR,ERR,ERR,ERR,ERR,ERR,ERR,ERR,ERR,ERR,ERR,ERR,ERR,ERR,ERR,ERR,ERR,ERR,ERR,ERR,ERR,ERR,ERR,ERR,ERR,ERR,ERR,ERR,ERR,ERR,ERR,ERR,ERR,ERR,ERR,ERR,ERR,ERR,ERR,ERR,ERR,ERR,ERR,ERR,ERR,ERR,ERR,ERR,ERR,ERR,ERR,ERR,ERR,ERR,ERR,0.0,-107615288.0,-134474944.0,0.0,0.0,1.3936040501711995e+18,7.805,0.0,0,0,4,0,8422,0.0,45,0.0,0.0,0.0,0.0,0.0,0,0,0,0,0.0,0,0,0,0,0,0,0,0,0,0,0,0,0,0,0,0,0,0,0,0,0,0,0,0,0,0,0,0,0,0,0,0,0,38,14,7,45,65476,0,300,0,0,8,21553,0.0,-107605600.0,0.0,0.0,0.0,0.0,0.0,0.0,0.0,0.0,0.0,0.0,0.0,0.0,0.0,0.0,0.0,0.0,0.0,0.0,0.0,0.0,-2.004,-2.004,-0.0,0.0,0.0,0.0,0.0,0.0,5076.0,2.422988480993034e+24,0.0,0.0,-107615288.0,0.0,-0.0,0.0,0.0,0.0,0.0,53,5.848083413016271e+35,-71.629,0.0,0.0,0.0,0.0,0.0,0.0,0.0,0,0,0,0.0,0.0,0.0,0.0,0.0,0.0,0.0,0.0,0.0,0.0,0.0,0.0,0.0,0.0,0.0,0.0,0,-107875648.0,53,0.0,106,-107614832.0,-107350944.0,ERR,ERR,ERR,ERR,ERR,ERR,ERR,ERR,ERR,ERR,ERR,ERR,ERR,ERR,ERR,ERR,ERR,ERR,ERR,ERR,ERR,ERR,ERR,ERR,ERR,ERR,ERR,ERR,ERR,ERR,ERR,ERR,ERR,ERR,ERR,ERR,ERR,ERR,ERR,ERR,ERR,ERR,ERR,ERR,ERR,ERR,ERR,ERR,ERR,ERR,ERR,ERR,ERR,ERR,ERR,ERR,ERR,ERR,ERR,ERR,ERR,ERR,ERR,ERR,ERR,ERR,ERR,50.0,60.0,100,0.0,0.0,0.0,0.0,0.0,0.0,0.0,0.0,0.0,0.0,0.0,0.0,0.0,0.0,0.0,0.0,61.6,65,20,65521,50,65476,0,300,0,0,8,20529,65476,0,0,26214,60.0,0.0,0.0,0.0,0.0,0.0
2026-05-17T16:16:23,ERR,ERR,ERR,ERR,ERR,ERR,ERR,ERR,ERR,ERR,ERR,ERR,ERR,ERR,ERR,ERR,ERR,ERR,ERR,ERR,ERR,ERR,ERR,ERR,ERR,ERR,ERR,ERR,ERR,ERR,ERR,ERR,ERR,ERR,ERR,ERR,ERR,ERR,ERR,ERR,ERR,ERR,ERR,ERR,ERR,ERR,ERR,ERR,ERR,ERR,ERR,ERR,ERR,ERR,ERR,ERR,ERR,ERR,ERR,ERR,ERR,ERR,ERR,ERR,ERR,ERR,ERR,ERR,ERR,ERR,ERR,ERR,ERR,ERR,ERR,ERR,ERR,ERR,ERR,ERR,ERR,ERR,ERR,ERR,ERR,ERR,ERR,ERR,ERR,ERR,ERR,ERR,ERR,ERR,ERR,ERR,ERR,ERR,ERR,ERR,ERR,ERR,ERR,ERR,ERR,ERR,ERR,ERR,ERR,ERR,ERR,ERR,ERR,ERR,ERR,ERR,ERR,ERR,ERR,ERR,ERR,ERR,ERR,ERR,ERR,0.0,-107615288.0,-134474944.0,0.0,0.0,1.3936040501711995e+18,7.805,0.0,0,0,4,0,8422,0.0,45,0.0,0.0,0.0,0.0,0.0,0,0,0,0,0.0,0,0,0,0,0,0,0,0,0,0,0,0,0,0,0,0,0,0,0,0,0,0,0,0,0,0,0,0,0,0,0,0,0,38,14,7,45,65476,0,300,0,0,8,21553,0.0,-107605600.0,0.0,0.0,0.0,0.0,0.0,0.0,0.0,0.0,0.0,0.0,0.0,0.0,0.0,0.0,0.0,0.0,0.0,0.0,0.0,0.0,-2.004,-2.004,-0.0,0.0,0.0,0.0,0.0,0.0,5076.0,2.422988480993034e+24,0.0,0.0,-107615288.0,0.0,-0.0,0.0,0.0,0.0,0.0,53,5.848083413016271e+35,-71.629,0.0,0.0,0.0,0.0,0.0,0.0,0.0,0,0,0,0.0,0.0,0.0,0.0,0.0,0.0,0.0,0.0,0.0,0.0,0.0,0.0,0.0,0.0,0.0,0.0,0,-107875648.0,53,0.0,106,-107614832.0,-107350944.0,ERR,ERR,ERR,ERR,ERR,ERR,ERR,ERR,ERR,ERR,ERR,ERR,ERR,ERR,ERR,ERR,ERR,ERR,ERR,ERR,ERR,ERR,ERR,ERR,ERR,ERR,ERR,ERR,ERR,ERR,ERR,ERR,ERR,ERR,ERR,ERR,ERR,ERR,ERR,ERR,ERR,ERR,ERR,ERR,ERR,ERR,ERR,ERR,ERR,ERR,ERR,ERR,ERR,ERR,ERR,ERR,ERR,ERR,ERR,ERR,ERR,ERR,ERR,ERR,ERR,ERR,ERR,50.0,60.0,100,0.0,0.0,0.0,0.0,0.0,0.0,0.0,0.0,0.0,0.0,0.0,0.0,0.0,0.0,0.0,0.0,61.6,65,20,65521,50,65476,0,300,0,0,8,20529,65476,0,0,26214,60.0,0.0,0.0,0.0,0.0,0.0
2026-05-17T16:16:24,ERR,ERR,ERR,ERR,ERR,ERR,ERR,ERR,ERR,ERR,ERR,ERR,ERR,ERR,ERR,ERR,ERR,ERR,ERR,ERR,ERR,ERR,ERR,ERR,ERR,ERR,ERR,ERR,ERR,ERR,ERR,ERR,ERR,ERR,ERR,ERR,ERR,ERR,ERR,ERR,ERR,ERR,ERR,ERR,ERR,ERR,ERR,ERR,ERR,ERR,ERR,ERR,ERR,ERR,ERR,ERR,ERR,ERR,ERR,ERR,ERR,ERR,ERR,ERR,ERR,ERR,ERR,ERR,ERR,ERR,ERR,ERR,ERR,ERR,ERR,ERR,ERR,ERR,ERR,ERR,ERR,ERR,ERR,ERR,ERR,ERR,ERR,ERR,ERR,ERR,ERR,ERR,ERR,ERR,ERR,ERR,ERR,ERR,ERR,ERR,ERR,ERR,ERR,ERR,ERR,ERR,ERR,ERR,ERR,ERR,ERR,ERR,ERR,ERR,ERR,ERR,ERR,ERR,ERR,ERR,ERR,ERR,ERR,ERR,ERR,0.0,-107615288.0,-134474944.0,0.0,0.0,1.3936040501711995e+18,7.805,0.0,0,0,4,0,8422,0.0,45,0.0,0.0,0.0,0.0,0.0,0,0,0,0,0.0,0,0,0,0,0,0,0,0,0,0,0,0,0,0,0,0,0,0,0,0,0,0,0,0,0,0,0,0,0,0,0,0,0,38,14,7,45,65476,0,300,0,0,8,21553,0.0,-107605600.0,0.0,0.0,0.0,0.0,0.0,0.0,0.0,0.0,0.0,0.0,0.0,0.0,0.0,0.0,0.0,0.0,0.0,0.0,0.0,0.0,-2.004,-2.004,-0.0,0.0,0.0,0.0,0.0,0.0,5076.0,2.422988480993034e+24,0.0,0.0,-107615288.0,0.0,-0.0,0.0,0.0,0.0,0.0,53,5.848083413016271e+35,-71.629,0.0,0.0,0.0,0.0,0.0,0.0,0.0,0,0,0,0.0,0.0,0.0,0.0,0.0,0.0,0.0,0.0,0.0,0.0,0.0,0.0,0.0,0.0,0.0,0.0,0,-107875648.0,53,0.0,106,-107614832.0,-107350944.0,ERR,ERR,ERR,ERR,ERR,ERR,ERR,ERR,ERR,ERR,ERR,ERR,ERR,ERR,ERR,ERR,ERR,ERR,ERR,ERR,ERR,ERR,ERR,ERR,ERR,ERR,ERR,ERR,ERR,ERR,ERR,ERR,ERR,ERR,ERR,ERR,ERR,ERR,ERR,ERR,ERR,ERR,ERR,ERR,ERR,ERR,ERR,ERR,ERR,ERR,ERR,ERR,ERR,ERR,ERR,ERR,ERR,ERR,ERR,ERR,ERR,ERR,ERR,ERR,ERR,ERR,ERR,50.0,60.0,100,0.0,0.0,0.0,0.0,0.0,0.0,0.0,0.0,0.0,0.0,0.0,0.0,0.0,0.0,0.0,0.0,61.6,65,20,65521,50,65476,0,300,0,0,8,20529,65476,0,0,26214,60.0,0.0,0.0,0.0,0.0,0.0
2026-05-17T16:16:25,ERR,ERR,ERR,ERR,ERR,ERR,ERR,ERR,ERR,ERR,ERR,ERR,ERR,ERR,ERR,ERR,ERR,ERR,ERR,ERR,ERR,ERR,ERR,ERR,ERR,ERR,ERR,ERR,ERR,ERR,ERR,ERR,ERR,ERR,ERR,ERR,ERR,ERR,ERR,ERR,ERR,ERR,ERR,ERR,ERR,ERR,ERR,ERR,ERR,ERR,ERR,ERR,ERR,ERR,ERR,ERR,ERR,ERR,ERR,ERR,ERR,ERR,ERR,ERR,ERR,ERR,ERR,ERR,ERR,ERR,ERR,ERR,ERR,ERR,ERR,ERR,ERR,ERR,ERR,ERR,ERR,ERR,ERR,ERR,ERR,ERR,ERR,ERR,ERR,ERR,ERR,ERR,ERR,ERR,ERR,ERR,ERR,ERR,ERR,ERR,ERR,ERR,ERR,ERR,ERR,ERR,ERR,ERR,ERR,ERR,ERR,ERR,ERR,ERR,ERR,ERR,ERR,ERR,ERR,ERR,ERR,ERR,ERR,ERR,ERR,0.0,-107615288.0,-134474944.0,0.0,0.0,1.3936040501711995e+18,7.805,0.0,0,0,4,0,8422,0.0,45,0.0,0.0,0.0,0.0,0.0,0,0,0,0,0.0,0,0,0,0,0,0,0,0,0,0,0,0,0,0,0,0,0,0,0,0,0,0,0,0,0,0,0,0,0,0,0,0,0,38,14,7,45,65476,0,300,0,0,8,21553,0.0,-107605600.0,0.0,0.0,0.0,0.0,0.0,0.0,0.0,0.0,0.0,0.0,0.0,0.0,0.0,0.0,0.0,0.0,0.0,0.0,0.0,0.0,-2.004,-2.004,-0.0,0.0,0.0,0.0,0.0,0.0,5076.0,2.422988480993034e+24,0.0,0.0,-107615288.0,0.0,-0.0,0.0,0.0,0.0,0.0,53,5.848083413016271e+35,-71.629,0.0,0.0,0.0,0.0,0.0,0.0,0.0,0,0,0,0.0,0.0,0.0,0.0,0.0,0.0,0.0,0.0,0.0,0.0,0.0,0.0,0.0,0.0,0.0,0.0,0,-107875648.0,53,0.0,106,-107614832.0,-107350944.0,ERR,ERR,ERR,ERR,ERR,ERR,ERR,ERR,ERR,ERR,ERR,ERR,ERR,ERR,ERR,ERR,ERR,ERR,ERR,ERR,ERR,ERR,ERR,ERR,ERR,ERR,ERR,ERR,ERR,ERR,ERR,ERR,ERR,ERR,ERR,ERR,ERR,ERR,ERR,ERR,ERR,ERR,ERR,ERR,ERR,ERR,ERR,ERR,ERR,ERR,ERR,ERR,ERR,ERR,ERR,ERR,ERR,ERR,ERR,ERR,ERR,ERR,ERR,ERR,ERR,ERR,ERR,50.0,60.0,100,0.0,0.0,0.0,0.0,0.0,0.0,0.0,0.0,0.0,0.0,0.0,0.0,0.0,0.0,0.0,0.0,61.6,65,20,65521,50,65476,0,300,0,0,8,20529,65476,0,0,26214,60.0,0.0,0.0,0.0,0.0,0.0
2026-05-17T16:16:26,ERR,ERR,ERR,ERR,ERR,ERR,ERR,ERR,ERR,ERR,ERR,ERR,ERR,ERR,ERR,ERR,ERR,ERR,ERR,ERR,ERR,ERR,ERR,ERR,ERR,ERR,ERR,ERR,ERR,ERR,ERR,ERR,ERR,ERR,ERR,ERR,ERR,ERR,ERR,ERR,ERR,ERR,ERR,ERR,ERR,ERR,ERR,ERR,ERR,ERR,ERR,ERR,ERR,ERR,ERR,ERR,ERR,ERR,ERR,ERR,ERR,ERR,ERR,ERR,ERR,ERR,ERR,ERR,ERR,ERR,ERR,ERR,ERR,ERR,ERR,ERR,ERR,ERR,ERR,ERR,ERR,ERR,ERR,ERR,ERR,ERR,ERR,ERR,ERR,ERR,ERR,ERR,ERR,ERR,ERR,ERR,ERR,ERR,ERR,ERR,ERR,ERR,ERR,ERR,ERR,ERR,ERR,ERR,ERR,ERR,ERR,ERR,ERR,ERR,ERR,ERR,ERR,ERR,ERR,ERR,ERR,ERR,ERR,ERR,ERR,0.0,-107615288.0,-134474944.0,0.0,0.0,1.3936040501711995e+18,7.805,0.0,0,0,4,0,8422,0.0,45,0.0,0.0,0.0,0.0,0.0,0,0,0,0,0.0,0,0,0,0,0,0,0,0,0,0,0,0,0,0,0,0,0,0,0,0,0,0,0,0,0,0,0,0,0,0,0,0,0,38,14,7,45,65476,0,300,0,0,8,21553,0.0,-107605600.0,0.0,0.0,0.0,0.0,0.0,0.0,0.0,0.0,0.0,0.0,0.0,0.0,0.0,0.0,0.0,0.0,0.0,0.0,0.0,0.0,-2.004,-2.004,-0.0,0.0,0.0,0.0,0.0,0.0,5075.0,1.04066562844498e+34,0.0,0.0,-107615288.0,0.0,-0.0,0.0,0.0,0.0,0.0,53,4.950428597886765e+32,-152017313988608.0,0.0,0.0,0.0,0.0,0.0,0.0,0.0,0,0,0,0.0,0.0,0.0,0.0,0.0,0.0,0.0,0.0,0.0,0.0,0.0,0.0,0.0,0.0,0.0,0.0,0,-107875648.0,53,0.0,106,-107614832.0,-107350944.0,ERR,ERR,ERR,ERR,ERR,ERR,ERR,ERR,ERR,ERR,ERR,ERR,ERR,ERR,ERR,ERR,ERR,ERR,ERR,ERR,ERR,ERR,ERR,ERR,ERR,ERR,ERR,ERR,ERR,ERR,ERR,ERR,ERR,ERR,ERR,ERR,ERR,ERR,ERR,ERR,ERR,ERR,ERR,ERR,ERR,ERR,ERR,ERR,ERR,ERR,ERR,ERR,ERR,ERR,ERR,ERR,ERR,ERR,ERR,ERR,ERR,ERR,ERR,ERR,ERR,ERR,ERR,50.0,60.0,100,0.0,0.0,0.0,0.0,0.0,0.0,0.0,0.0,0.0,0.0,0.0,0.0,0.0,0.0,0.0,0.0,61.6,65,20,65521,50,65476,0,300,0,0,8,20529,65476,0,0,26214,60.0,0.0,0.0,0.0,0.0,0.0
2026-05-17T16:16:27,ERR,ERR,ERR,ERR,ERR,ERR,ERR,ERR,ERR,ERR,ERR,ERR,ERR,ERR,ERR,ERR,ERR,ERR,ERR,ERR,ERR,ERR,ERR,ERR,ERR,ERR,ERR,ERR,ERR,ERR,ERR,ERR,ERR,ERR,ERR,ERR,ERR,ERR,ERR,ERR,ERR,ERR,ERR,ERR,ERR,ERR,ERR,ERR,ERR,ERR,ERR,ERR,ERR,ERR,ERR,ERR,ERR,ERR,ERR,ERR,ERR,ERR,ERR,ERR,ERR,ERR,ERR,ERR,ERR,ERR,ERR,ERR,ERR,ERR,ERR,ERR,ERR,ERR,ERR,ERR,ERR,ERR,ERR,ERR,ERR,ERR,ERR,ERR,ERR,ERR,ERR,ERR,ERR,ERR,ERR,ERR,ERR,ERR,ERR,ERR,ERR,ERR,ERR,ERR,ERR,ERR,ERR,ERR,ERR,ERR,ERR,ERR,ERR,ERR,ERR,ERR,ERR,ERR,ERR,ERR,ERR,ERR,ERR,ERR,ERR,0.0,-107615288.0,-134474944.0,0.0,0.0,1.3936040501711995e+18,7.805,0.0,0,0,4,0,8422,0.0,45,0.0,0.0,0.0,0.0,0.0,0,0,0,0,0.0,0,0,0,0,0,0,0,0,0,0,0,0,0,0,0,0,0,0,0,0,0,0,0,0,0,0,0,0,0,0,0,0,0,38,14,7,45,65476,0,300,0,0,8,21553,0.0,-107605600.0,0.0,0.0,0.0,0.0,0.0,0.0,0.0,0.0,0.0,0.0,0.0,0.0,0.0,0.0,0.0,0.0,0.0,0.0,0.0,0.0,-2.004,-2.004,-0.0,0.0,0.0,0.0,0.0,0.0,5075.0,1.04066562844498e+34,0.0,0.0,-107615288.0,0.0,-0.0,0.0,0.0,0.0,0.0,53,4.950428597886765e+32,-152017313988608.0,0.0,0.0,0.0,0.0,0.0,0.0,0.0,0,0,0,0.0,0.0,0.0,0.0,0.0,0.0,0.0,0.0,0.0,0.0,0.0,0.0,0.0,0.0,0.0,0.0,0,-107875648.0,53,0.0,106,-107614832.0,-107350944.0,ERR,ERR,ERR,ERR,ERR,ERR,ERR,ERR,ERR,ERR,ERR,ERR,ERR,ERR,ERR,ERR,ERR,ERR,ERR,ERR,ERR,ERR,ERR,ERR,ERR,ERR,ERR,ERR,ERR,ERR,ERR,ERR,ERR,ERR,ERR,ERR,ERR,ERR,ERR,ERR,ERR,ERR,ERR,ERR,ERR,ERR,ERR,ERR,ERR,ERR,ERR,ERR,ERR,ERR,ERR,ERR,ERR,ERR,ERR,ERR,ERR,ERR,ERR,ERR,ERR,ERR,ERR,50.0,60.0,100,0.0,0.0,0.0,0.0,0.0,0.0,0.0,0.0,0.0,0.0,0.0,0.0,0.0,0.0,0.0,0.0,61.6,65,20,65521,50,65476,0,300,0,0,8,20529,65476,0,0,26214,60.0,0.0,0.0,0.0,0.0,0.0
2026-05-17T16:16:28,ERR,ERR,ERR,ERR,ERR,ERR,ERR,ERR,ERR,ERR,ERR,ERR,ERR,ERR,ERR,ERR,ERR,ERR,ERR,ERR,ERR,ERR,ERR,ERR,ERR,ERR,ERR,ERR,ERR,ERR,ERR,ERR,ERR,ERR,ERR,ERR,ERR,ERR,ERR,ERR,ERR,ERR,ERR,ERR,ERR,ERR,ERR,ERR,ERR,ERR,ERR,ERR,ERR,ERR,ERR,ERR,ERR,ERR,ERR,ERR,ERR,ERR,ERR,ERR,ERR,ERR,ERR,ERR,ERR,ERR,ERR,ERR,ERR,ERR,ERR,ERR,ERR,ERR,ERR,ERR,ERR,ERR,ERR,ERR,ERR,ERR,ERR,ERR,ERR,ERR,ERR,ERR,ERR,ERR,ERR,ERR,ERR,ERR,ERR,ERR,ERR,ERR,ERR,ERR,ERR,ERR,ERR,ERR,ERR,ERR,ERR,ERR,ERR,ERR,ERR,ERR,ERR,ERR,ERR,ERR,ERR,ERR,ERR,ERR,ERR,0.0,-107615288.0,-134474944.0,0.0,0.0,1.3936040501711995e+18,7.805,0.0,0,0,4,0,8422,0.0,45,0.0,0.0,0.0,0.0,0.0,0,0,0,0,0.0,0,0,0,0,0,0,0,0,0,0,0,0,0,0,0,0,0,0,0,0,0,0,0,0,0,0,0,0,0,0,0,0,0,38,14,7,45,65476,0,300,0,0,8,21553,0.0,-107605600.0,0.0,0.0,0.0,0.0,0.0,0.0,0.0,0.0,0.0,0.0,0.0,0.0,0.0,0.0,0.0,0.0,0.0,0.0,0.0,0.0,-2.004,-2.004,-0.0,0.0,0.0,0.0,0.0,0.0,5075.0,1.04066562844498e+34,0.0,0.0,-107615288.0,0.0,-0.0,0.0,0.0,0.0,0.0,53,4.950428597886765e+32,-152017313988608.0,0.0,0.0,0.0,0.0,0.0,0.0,0.0,0,0,0,0.0,0.0,0.0,0.0,0.0,0.0,0.0,0.0,0.0,0.0,0.0,0.0,0.0,0.0,0.0,0.0,0,-107875648.0,53,0.0,106,-107614832.0,-107350944.0,ERR,ERR,ERR,ERR,ERR,ERR,ERR,ERR,ERR,ERR,ERR,ERR,ERR,ERR,ERR,ERR,ERR,ERR,ERR,ERR,ERR,ERR,ERR,ERR,ERR,ERR,ERR,ERR,ERR,ERR,ERR,ERR,ERR,ERR,ERR,ERR,ERR,ERR,ERR,ERR,ERR,ERR,ERR,ERR,ERR,ERR,ERR,ERR,ERR,ERR,ERR,ERR,ERR,ERR,ERR,ERR,ERR,ERR,ERR,ERR,ERR,ERR,ERR,ERR,ERR,ERR,ERR,50.0,60.0,100,0.0,0.0,0.0,0.0,0.0,0.0,0.0,0.0,0.0,0.0,0.0,0.0,0.0,0.0,0.0,0.0,61.6,65,20,65521,50,65476,0,300,0,0,8,20529,65476,0,0,26214,60.0,0.0,0.0,0.0,0.0,0.0
2026-05-17T16:16:29,ERR,ERR,ERR,ERR,ERR,ERR,ERR,ERR,ERR,ERR,ERR,ERR,ERR,ERR,ERR,ERR,ERR,ERR,ERR,ERR,ERR,ERR,ERR,ERR,ERR,ERR,ERR,ERR,ERR,ERR,ERR,ERR,ERR,ERR,ERR,ERR,ERR,ERR,ERR,ERR,ERR,ERR,ERR,ERR,ERR,ERR,ERR,ERR,ERR,ERR,ERR,ERR,ERR,ERR,ERR,ERR,ERR,ERR,ERR,ERR,ERR,ERR,ERR,ERR,ERR,ERR,ERR,ERR,ERR,ERR,ERR,ERR,ERR,ERR,ERR,ERR,ERR,ERR,ERR,ERR,ERR,ERR,ERR,ERR,ERR,ERR,ERR,ERR,ERR,ERR,ERR,ERR,ERR,ERR,ERR,ERR,ERR,ERR,ERR,ERR,ERR,ERR,ERR,ERR,ERR,ERR,ERR,ERR,ERR,ERR,ERR,ERR,ERR,ERR,ERR,ERR,ERR,ERR,ERR,ERR,ERR,ERR,ERR,ERR,ERR,0.0,-107615288.0,-134474944.0,0.0,0.0,1.3936040501711995e+18,7.805,0.0,0,0,4,0,8422,0.0,45,0.0,0.0,0.0,0.0,0.0,0,0,0,0,0.0,0,0,0,0,0,0,0,0,0,0,0,0,0,0,0,0,0,0,0,0,0,0,0,0,0,0,0,0,0,0,0,0,0,38,14,7,45,65476,0,300,0,0,8,21553,0.0,-107605600.0,0.0,0.0,0.0,0.0,0.0,0.0,0.0,0.0,0.0,0.0,0.0,0.0,0.0,0.0,0.0,0.0,0.0,0.0,0.0,0.0,-2.004,-2.004,-0.0,0.0,0.0,0.0,0.0,0.0,5075.0,1.04066562844498e+34,0.0,0.0,-107615288.0,0.0,-0.0,0.0,0.0,0.0,0.0,53,4.950428597886765e+32,-152017313988608.0,0.0,0.0,0.0,0.0,0.0,0.0,0.0,0,0,0,0.0,0.0,0.0,0.0,0.0,0.0,0.0,0.0,0.0,0.0,0.0,0.0,0.0,0.0,0.0,0.0,0,-107875648.0,53,0.0,106,-107614832.0,-107350944.0,ERR,ERR,ERR,ERR,ERR,ERR,ERR,ERR,ERR,ERR,ERR,ERR,ERR,ERR,ERR,ERR,ERR,ERR,ERR,ERR,ERR,ERR,ERR,ERR,ERR,ERR,ERR,ERR,ERR,ERR,ERR,ERR,ERR,ERR,ERR,ERR,ERR,ERR,ERR,ERR,ERR,ERR,ERR,ERR,ERR,ERR,ERR,ERR,ERR,ERR,ERR,ERR,ERR,ERR,ERR,ERR,ERR,ERR,ERR,ERR,ERR,ERR,ERR,ERR,ERR,ERR,ERR,50.0,60.0,100,0.0,0.0,0.0,0.0,0.0,0.0,0.0,0.0,0.0,0.0,0.0,0.0,0.0,0.0,0.0,0.0,61.6,65,20,65521,50,65476,0,300,0,0,8,20529,65476,0,0,26214,60.0,0.0,0.0,0.0,0.0,0.0
2026-05-17T16:16:30,ERR,ERR,ERR,ERR,ERR,ERR,ERR,ERR,ERR,ERR,ERR,ERR,ERR,ERR,ERR,ERR,ERR,ERR,ERR,ERR,ERR,ERR,ERR,ERR,ERR,ERR,ERR,ERR,ERR,ERR,ERR,ERR,ERR,ERR,ERR,ERR,ERR,ERR,ERR,ERR,ERR,ERR,ERR,ERR,ERR,ERR,ERR,ERR,ERR,ERR,ERR,ERR,ERR,ERR,ERR,ERR,ERR,ERR,ERR,ERR,ERR,ERR,ERR,ERR,ERR,ERR,ERR,ERR,ERR,ERR,ERR,ERR,ERR,ERR,ERR,ERR,ERR,ERR,ERR,ERR,ERR,ERR,ERR,ERR,ERR,ERR,ERR,ERR,ERR,ERR,ERR,ERR,ERR,ERR,ERR,ERR,ERR,ERR,ERR,ERR,ERR,ERR,ERR,ERR,ERR,ERR,ERR,ERR,ERR,ERR,ERR,ERR,ERR,ERR,ERR,ERR,ERR,ERR,ERR,ERR,ERR,ERR,ERR,ERR,ERR,0.0,-107615288.0,-134474944.0,0.0,0.0,1.3936040501711995e+18,7.805,0.0,0,0,4,0,8422,0.0,45,0.0,0.0,0.0,0.0,0.0,0,0,0,0,0.0,0,0,0,0,0,0,0,0,0,0,0,0,0,0,0,0,0,0,0,0,0,0,0,0,0,0,0,0,0,0,0,0,0,38,14,7,45,65476,0,300,0,0,8,21553,0.0,-107605600.0,0.0,0.0,0.0,0.0,0.0,0.0,0.0,0.0,0.0,0.0,0.0,0.0,0.0,0.0,0.0,0.0,0.0,0.0,0.0,0.0,-2.004,-2.004,-0.0,0.0,0.0,0.0,0.0,0.0,5075.0,1.04066562844498e+34,0.0,0.0,-107615288.0,0.0,-0.0,0.0,0.0,0.0,0.0,53,4.950428597886765e+32,-152017313988608.0,0.0,0.0,0.0,0.0,0.0,0.0,0.0,0,0,0,0.0,0.0,0.0,0.0,0.0,0.0,0.0,0.0,0.0,0.0,0.0,0.0,0.0,0.0,0.0,0.0,0,-107875648.0,53,0.0,106,-107614832.0,-107350944.0,ERR,ERR,ERR,ERR,ERR,ERR,ERR,ERR,ERR,ERR,ERR,ERR,ERR,ERR,ERR,ERR,ERR,ERR,ERR,ERR,ERR,ERR,ERR,ERR,ERR,ERR,ERR,ERR,ERR,ERR,ERR,ERR,ERR,ERR,ERR,ERR,ERR,ERR,ERR,ERR,ERR,ERR,ERR,ERR,ERR,ERR,ERR,ERR,ERR,ERR,ERR,ERR,ERR,ERR,ERR,ERR,ERR,ERR,ERR,ERR,ERR,ERR,ERR,ERR,ERR,ERR,ERR,50.0,60.0,100,0.0,0.0,0.0,0.0,0.0,0.0,0.0,0.0,0.0,0.0,0.0,0.0,0.0,0.0,0.0,0.0,62.0,65,20,65521,50,65476,0,300,0,0,8,20529,65476,0,0,26214,60.0,0.0,0.0,0.0,0.0,0.0
2026-05-17T16:16:31,ERR,ERR,ERR,ERR,ERR,ERR,ERR,ERR,ERR,ERR,ERR,ERR,ERR,ERR,ERR,ERR,ERR,ERR,ERR,ERR,ERR,ERR,ERR,ERR,ERR,ERR,ERR,ERR,ERR,ERR,ERR,ERR,ERR,ERR,ERR,ERR,ERR,ERR,ERR,ERR,ERR,ERR,ERR,ERR,ERR,ERR,ERR,ERR,ERR,ERR,ERR,ERR,ERR,ERR,ERR,ERR,ERR,ERR,ERR,ERR,ERR,ERR,ERR,ERR,ERR,ERR,ERR,ERR,ERR,ERR,ERR,ERR,ERR,ERR,ERR,ERR,ERR,ERR,ERR,ERR,ERR,ERR,ERR,ERR,ERR,ERR,ERR,ERR,ERR,ERR,ERR,ERR,ERR,ERR,ERR,ERR,ERR,ERR,ERR,ERR,ERR,ERR,ERR,ERR,ERR,ERR,ERR,ERR,ERR,ERR,ERR,ERR,ERR,ERR,ERR,ERR,ERR,ERR,ERR,ERR,ERR,ERR,ERR,ERR,ERR,0.0,-107615288.0,-134474944.0,0.0,0.0,1.3936040501711995e+18,7.805,0.0,0,0,4,0,8422,0.0,45,0.0,0.0,0.0,0.0,0.0,0,0,0,0,0.0,0,0,0,0,0,0,0,0,0,0,0,0,0,0,0,0,0,0,0,0,0,0,0,0,0,0,0,0,0,0,0,0,0,38,14,7,45,65476,0,300,0,0,8,21553,0.0,-107605600.0,0.0,0.0,0.0,0.0,0.0,0.0,0.0,0.0,0.0,0.0,0.0,0.0,0.0,0.0,0.0,0.0,0.0,0.0,0.0,0.0,-2.004,-2.004,-0.0,0.0,0.0,0.0,0.0,0.0,5069.0,1.587929730903595e+29,0.0,0.0,-107615288.0,0.0,-0.0,0.0,0.0,0.0,0.0,53,152018454839296.0,-107614800.0,0.0,0.0,0.0,0.0,0.0,0.0,0.0,0,0,0,0.0,0.0,0.0,0.0,0.0,0.0,0.0,0.0,0.0,0.0,0.0,0.0,0.0,0.0,0.0,0.0,0,-107875648.0,53,0.0,106,-107614832.0,-107350944.0,ERR,ERR,ERR,ERR,ERR,ERR,ERR,ERR,ERR,ERR,ERR,ERR,ERR,ERR,ERR,ERR,ERR,ERR,ERR,ERR,ERR,ERR,ERR,ERR,ERR,ERR,ERR,ERR,ERR,ERR,ERR,ERR,ERR,ERR,ERR,ERR,ERR,ERR,ERR,ERR,ERR,ERR,ERR,ERR,ERR,ERR,ERR,ERR,ERR,ERR,ERR,ERR,ERR,ERR,ERR,ERR,ERR,ERR,ERR,ERR,ERR,ERR,ERR,ERR,ERR,ERR,ERR,50.0,60.0,100,0.0,0.0,0.0,0.0,0.0,0.0,0.0,0.0,0.0,0.0,0.0,0.0,0.0,0.0,0.0,0.0,62.0,65,20,65521,50,65476,0,300,0,0,8,20529,65476,0,0,26214,60.0,0.0,0.0,0.0,0.0,0.0
2026-05-17T16:16:32,ERR,ERR,ERR,ERR,ERR,ERR,ERR,ERR,ERR,ERR,ERR,ERR,ERR,ERR,ERR,ERR,ERR,ERR,ERR,ERR,ERR,ERR,ERR,ERR,ERR,ERR,ERR,ERR,ERR,ERR,ERR,ERR,ERR,ERR,ERR,ERR,ERR,ERR,ERR,ERR,ERR,ERR,ERR,ERR,ERR,ERR,ERR,ERR,ERR,ERR,ERR,ERR,ERR,ERR,ERR,ERR,ERR,ERR,ERR,ERR,ERR,ERR,ERR,ERR,ERR,ERR,ERR,ERR,ERR,ERR,ERR,ERR,ERR,ERR,ERR,ERR,ERR,ERR,ERR,ERR,ERR,ERR,ERR,ERR,ERR,ERR,ERR,ERR,ERR,ERR,ERR,ERR,ERR,ERR,ERR,ERR,ERR,ERR,ERR,ERR,ERR,ERR,ERR,ERR,ERR,ERR,ERR,ERR,ERR,ERR,ERR,ERR,ERR,ERR,ERR,ERR,ERR,ERR,ERR,ERR,ERR,ERR,ERR,ERR,ERR,0.0,-107615288.0,-134474944.0,0.0,0.0,1.3936040501711995e+18,7.805,0.0,0,0,4,0,8422,0.0,45,0.0,0.0,0.0,0.0,0.0,0,0,0,0,0.0,0,0,0,0,0,0,0,0,0,0,0,0,0,0,0,0,0,0,0,0,0,0,0,0,0,0,0,0,0,0,0,0,0,38,14,7,45,65476,0,300,0,0,8,21553,0.0,-107605600.0,0.0,0.0,0.0,0.0,0.0,0.0,0.0,0.0,0.0,0.0,0.0,0.0,0.0,0.0,0.0,0.0,0.0,0.0,0.0,0.0,-2.004,-2.004,-0.0,0.0,0.0,0.0,0.0,0.0,5069.0,1.587929730903595e+29,0.0,0.0,-107615288.0,0.0,-0.0,0.0,0.0,0.0,0.0,53,152018454839296.0,-107614800.0,0.0,0.0,0.0,0.0,0.0,0.0,0.0,0,0,0,0.0,0.0,0.0,0.0,0.0,0.0,0.0,0.0,0.0,0.0,0.0,0.0,0.0,0.0,0.0,0.0,0,-107875648.0,53,0.0,106,-107614832.0,-107350944.0,ERR,ERR,ERR,ERR,ERR,ERR,ERR,ERR,ERR,ERR,ERR,ERR,ERR,ERR,ERR,ERR,ERR,ERR,ERR,ERR,ERR,ERR,ERR,ERR,ERR,ERR,ERR,ERR,ERR,ERR,ERR,ERR,ERR,ERR,ERR,ERR,ERR,ERR,ERR,ERR,ERR,ERR,ERR,ERR,ERR,ERR,ERR,ERR,ERR,ERR,ERR,ERR,ERR,ERR,ERR,ERR,ERR,ERR,ERR,ERR,ERR,ERR,ERR,ERR,ERR,ERR,ERR,50.0,60.0,100,0.0,0.0,0.0,0.0,0.0,0.0,0.0,0.0,0.0,0.0,0.0,0.0,0.0,0.0,0.0,0.0,61.6,65,20,65521,50,65476,0,300,0,0,8,20529,65476,0,0,26214,60.0,0.0,0.0,0.0,0.0,0.0
2026-05-17T16:16:33,ERR,ERR,ERR,ERR,ERR,ERR,ERR,ERR,ERR,ERR,ERR,ERR,ERR,ERR,ERR,ERR,ERR,ERR,ERR,ERR,ERR,ERR,ERR,ERR,ERR,ERR,ERR,ERR,ERR,ERR,ERR,ERR,ERR,ERR,ERR,ERR,ERR,ERR,ERR,ERR,ERR,ERR,ERR,ERR,ERR,ERR,ERR,ERR,ERR,ERR,ERR,ERR,ERR,ERR,ERR,ERR,ERR,ERR,ERR,ERR,ERR,ERR,ERR,ERR,ERR,ERR,ERR,ERR,ERR,ERR,ERR,ERR,ERR,ERR,ERR,ERR,ERR,ERR,ERR,ERR,ERR,ERR,ERR,ERR,ERR,ERR,ERR,ERR,ERR,ERR,ERR,ERR,ERR,ERR,ERR,ERR,ERR,ERR,ERR,ERR,ERR,ERR,ERR,ERR,ERR,ERR,ERR,ERR,ERR,ERR,ERR,ERR,ERR,ERR,ERR,ERR,ERR,ERR,ERR,ERR,ERR,ERR,ERR,ERR,ERR,0.0,-107615288.0,-134474944.0,0.0,0.0,1.3936040501711995e+18,7.805,0.0,0,0,4,0,8422,0.0,45,0.0,0.0,0.0,0.0,0.0,0,0,0,0,0.0,0,0,0,0,0,0,0,0,0,0,0,0,0,0,0,0,0,0,0,0,0,0,0,0,0,0,0,0,0,0,0,0,0,38,14,7,45,65476,0,300,0,0,8,21553,0.0,-107605600.0,0.0,0.0,0.0,0.0,0.0,0.0,0.0,0.0,0.0,0.0,0.0,0.0,0.0,0.0,0.0,0.0,0.0,0.0,0.0,0.0,-2.004,-2.004,-0.0,0.0,0.0,0.0,0.0,0.0,5069.0,1.587929730903595e+29,0.0,0.0,-107615288.0,0.0,-0.0,0.0,0.0,0.0,0.0,53,152018454839296.0,-107614800.0,0.0,0.0,0.0,0.0,0.0,0.0,0.0,0,0,0,0.0,0.0,0.0,0.0,0.0,0.0,0.0,0.0,0.0,0.0,0.0,0.0,0.0,0.0,0.0,0.0,0,-107875648.0,53,0.0,106,-107614832.0,-107350944.0,ERR,ERR,ERR,ERR,ERR,ERR,ERR,ERR,ERR,ERR,ERR,ERR,ERR,ERR,ERR,ERR,ERR,ERR,ERR,ERR,ERR,ERR,ERR,ERR,ERR,ERR,ERR,ERR,ERR,ERR,ERR,ERR,ERR,ERR,ERR,ERR,ERR,ERR,ERR,ERR,ERR,ERR,ERR,ERR,ERR,ERR,ERR,ERR,ERR,ERR,ERR,ERR,ERR,ERR,ERR,ERR,ERR,ERR,ERR,ERR,ERR,ERR,ERR,ERR,ERR,ERR,ERR,50.0,60.0,100,0.0,0.0,0.0,0.0,0.0,0.0,0.0,0.0,0.0,0.0,0.0,0.0,0.0,0.0,0.0,0.0,61.6,65,20,65521,50,65476,0,300,0,0,8,20529,65476,0,0,26214,60.0,0.0,0.0,0.0,0.0,0.0
2026-05-17T16:16:34,ERR,ERR,ERR,ERR,ERR,ERR,ERR,ERR,ERR,ERR,ERR,ERR,ERR,ERR,ERR,ERR,ERR,ERR,ERR,ERR,ERR,ERR,ERR,ERR,ERR,ERR,ERR,ERR,ERR,ERR,ERR,ERR,ERR,ERR,ERR,ERR,ERR,ERR,ERR,ERR,ERR,ERR,ERR,ERR,ERR,ERR,ERR,ERR,ERR,ERR,ERR,ERR,ERR,ERR,ERR,ERR,ERR,ERR,ERR,ERR,ERR,ERR,ERR,ERR,ERR,ERR,ERR,ERR,ERR,ERR,ERR,ERR,ERR,ERR,ERR,ERR,ERR,ERR,ERR,ERR,ERR,ERR,ERR,ERR,ERR,ERR,ERR,ERR,ERR,ERR,ERR,ERR,ERR,ERR,ERR,ERR,ERR,ERR,ERR,ERR,ERR,ERR,ERR,ERR,ERR,ERR,ERR,ERR,ERR,ERR,ERR,ERR,ERR,ERR,ERR,ERR,ERR,ERR,ERR,ERR,ERR,ERR,ERR,ERR,ERR,0.0,-107615288.0,-134474944.0,0.0,0.0,1.3936040501711995e+18,7.805,0.0,0,0,4,0,8422,0.0,45,0.0,0.0,0.0,0.0,0.0,0,0,0,0,0.0,0,0,0,0,0,0,0,0,0,0,0,0,0,0,0,0,0,0,0,0,0,0,0,0,0,0,0,0,0,0,0,0,0,38,14,7,45,65476,0,300,0,0,8,21553,0.0,-107605600.0,0.0,0.0,0.0,0.0,0.0,0.0,0.0,0.0,0.0,0.0,0.0,0.0,0.0,0.0,0.0,0.0,0.0,0.0,0.0,0.0,-2.004,-2.004,-0.0,0.0,0.0,0.0,0.0,0.0,5069.0,1.587929730903595e+29,0.0,0.0,-107615288.0,0.0,-0.0,0.0,0.0,0.0,0.0,53,152018454839296.0,-107614800.0,0.0,0.0,0.0,0.0,0.0,0.0,0.0,0,0,0,0.0,0.0,0.0,0.0,0.0,0.0,0.0,0.0,0.0,0.0,0.0,0.0,0.0,0.0,0.0,0.0,0,-107875648.0,53,0.0,106,-107614832.0,-107350944.0,ERR,ERR,ERR,ERR,ERR,ERR,ERR,ERR,ERR,ERR,ERR,ERR,ERR,ERR,ERR,ERR,ERR,ERR,ERR,ERR,ERR,ERR,ERR,ERR,ERR,ERR,ERR,ERR,ERR,ERR,ERR,ERR,ERR,ERR,ERR,ERR,ERR,ERR,ERR,ERR,ERR,ERR,ERR,ERR,ERR,ERR,ERR,ERR,ERR,ERR,ERR,ERR,ERR,ERR,ERR,ERR,ERR,ERR,ERR,ERR,ERR,ERR,ERR,ERR,ERR,ERR,ERR,50.0,60.0,100,0.0,0.0,0.0,0.0,0.0,0.0,0.0,0.0,0.0,0.0,0.0,0.0,0.0,0.0,0.0,0.0,61.6,65,20,65521,50,65476,0,300,0,0,8,20529,65476,0,0,26214,60.0,0.0,0.0,0.0,0.0,0.0
2026-05-17T16:16:35,ERR,ERR,ERR,ERR,ERR,ERR,ERR,ERR,ERR,ERR,ERR,ERR,ERR,ERR,ERR,ERR,ERR,ERR,ERR,ERR,ERR,ERR,ERR,ERR,ERR,ERR,ERR,ERR,ERR,ERR,ERR,ERR,ERR,ERR,ERR,ERR,ERR,ERR,ERR,ERR,ERR,ERR,ERR,ERR,ERR,ERR,ERR,ERR,ERR,ERR,ERR,ERR,ERR,ERR,ERR,ERR,ERR,ERR,ERR,ERR,ERR,ERR,ERR,ERR,ERR,ERR,ERR,ERR,ERR,ERR,ERR,ERR,ERR,ERR,ERR,ERR,ERR,ERR,ERR,ERR,ERR,ERR,ERR,ERR,ERR,ERR,ERR,ERR,ERR,ERR,ERR,ERR,ERR,ERR,ERR,ERR,ERR,ERR,ERR,ERR,ERR,ERR,ERR,ERR,ERR,ERR,ERR,ERR,ERR,ERR,ERR,ERR,ERR,ERR,ERR,ERR,ERR,ERR,ERR,ERR,ERR,ERR,ERR,ERR,ERR,0.0,-107615288.0,-134474944.0,0.0,0.0,1.3936040501711995e+18,7.805,0.0,0,0,4,0,8422,0.0,45,0.0,0.0,0.0,0.0,0.0,0,0,0,0,0.0,0,0,0,0,0,0,0,0,0,0,0,0,0,0,0,0,0,0,0,0,0,0,0,0,0,0,0,0,0,0,0,0,0,38,14,7,45,65476,0,300,0,0,8,21553,0.0,-107605600.0,0.0,0.0,0.0,0.0,0.0,0.0,0.0,0.0,0.0,0.0,0.0,0.0,0.0,0.0,0.0,0.0,0.0,0.0,0.0,0.0,-2.004,-2.004,-0.0,0.0,0.0,0.0,0.0,0.0,5069.0,1.587929730903595e+29,0.0,0.0,-107615288.0,0.0,-0.0,0.0,0.0,0.0,0.0,53,152018454839296.0,-107614800.0,0.0,0.0,0.0,0.0,0.0,0.0,0.0,0,0,0,0.0,0.0,0.0,0.0,0.0,0.0,0.0,0.0,0.0,0.0,0.0,0.0,0.0,0.0,0.0,0.0,0,-107875648.0,53,0.0,106,-107614832.0,-107350944.0,ERR,ERR,ERR,ERR,ERR,ERR,ERR,ERR,ERR,ERR,ERR,ERR,ERR,ERR,ERR,ERR,ERR,ERR,ERR,ERR,ERR,ERR,ERR,ERR,ERR,ERR,ERR,ERR,ERR,ERR,ERR,ERR,ERR,ERR,ERR,ERR,ERR,ERR,ERR,ERR,ERR,ERR,ERR,ERR,ERR,ERR,ERR,ERR,ERR,ERR,ERR,ERR,ERR,ERR,ERR,ERR,ERR,ERR,ERR,ERR,ERR,ERR,ERR,ERR,ERR,ERR,ERR,50.0,60.0,100,0.0,0.0,0.0,0.0,0.0,0.0,0.0,0.0,0.0,0.0,0.0,0.0,0.0,0.0,0.0,0.0,61.6,65,20,65521,50,65476,0,300,0,0,8,20529,65476,0,0,26214,60.0,0.0,0.0,0.0,0.0,0.0
2026-05-17T16:16:36,ERR,ERR,ERR,ERR,ERR,ERR,ERR,ERR,ERR,ERR,ERR,ERR,ERR,ERR,ERR,ERR,ERR,ERR,ERR,ERR,ERR,ERR,ERR,ERR,ERR,ERR,ERR,ERR,ERR,ERR,ERR,ERR,ERR,ERR,ERR,ERR,ERR,ERR,ERR,ERR,ERR,ERR,ERR,ERR,ERR,ERR,ERR,ERR,ERR,ERR,ERR,ERR,ERR,ERR,ERR,ERR,ERR,ERR,ERR,ERR,ERR,ERR,ERR,ERR,ERR,ERR,ERR,ERR,ERR,ERR,ERR,ERR,ERR,ERR,ERR,ERR,ERR,ERR,ERR,ERR,ERR,ERR,ERR,ERR,ERR,ERR,ERR,ERR,ERR,ERR,ERR,ERR,ERR,ERR,ERR,ERR,ERR,ERR,ERR,ERR,ERR,ERR,ERR,ERR,ERR,ERR,ERR,ERR,ERR,ERR,ERR,ERR,ERR,ERR,ERR,ERR,ERR,ERR,ERR,ERR,ERR,ERR,ERR,ERR,ERR,0.0,-107615288.0,-134474944.0,0.0,0.0,1.3936040501711995e+18,7.805,0.0,0,0,4,0,8422,0.0,45,0.0,0.0,0.0,0.0,0.0,0,0,0,0,0.0,0,0,0,0,0,0,0,0,0,0,0,0,0,0,0,0,0,0,0,0,0,0,0,0,0,0,0,0,0,0,0,0,0,38,14,7,45,65476,0,300,0,0,8,21553,0.0,-107605600.0,0.0,0.0,0.0,0.0,0.0,0.0,0.0,0.0,0.0,0.0,0.0,0.0,0.0,0.0,0.0,0.0,0.0,0.0,0.0,0.0,-2.004,-0.0,-0.0,0.0,0.0,0.0,0.0,0.0,5073.0,0.0,0.0,0.0,-107615288.0,0.0,-0.0,0.0,0.0,0.0,0.0,53,3.222028592685471e+26,5.8480564754410164e+35,0.0,0.0,0.0,0.0,0.0,0.0,0.0,0,0,0,0.0,0.0,0.0,0.0,0.0,0.0,0.0,0.0,0.0,0.0,0.0,0.0,0.0,0.0,0.0,0.0,0,-107875648.0,53,0.0,106,-107614832.0,-107350944.0,ERR,ERR,ERR,ERR,ERR,ERR,ERR,ERR,ERR,ERR,ERR,ERR,ERR,ERR,ERR,ERR,ERR,ERR,ERR,ERR,ERR,ERR,ERR,ERR,ERR,ERR,ERR,ERR,ERR,ERR,ERR,ERR,ERR,ERR,ERR,ERR,ERR,ERR,ERR,ERR,ERR,ERR,ERR,ERR,ERR,ERR,ERR,ERR,ERR,ERR,ERR,ERR,ERR,ERR,ERR,ERR,ERR,ERR,ERR,ERR,ERR,ERR,ERR,ERR,ERR,ERR,ERR,50.0,60.0,100,0.0,0.0,0.0,0.0,0.0,0.0,0.0,0.0,0.0,0.0,0.0,0.0,0.0,0.0,0.0,0.0,61.6,65,20,65521,50,65476,0,300,0,0,8,20529,65476,0,0,26214,60.0,0.0,0.0,0.0,0.0,0.0
2026-05-17T16:16:37,ERR,ERR,ERR,ERR,ERR,ERR,ERR,ERR,ERR,ERR,ERR,ERR,ERR,ERR,ERR,ERR,ERR,ERR,ERR,ERR,ERR,ERR,ERR,ERR,ERR,ERR,ERR,ERR,ERR,ERR,ERR,ERR,ERR,ERR,ERR,ERR,ERR,ERR,ERR,ERR,ERR,ERR,ERR,ERR,ERR,ERR,ERR,ERR,ERR,ERR,ERR,ERR,ERR,ERR,ERR,ERR,ERR,ERR,ERR,ERR,ERR,ERR,ERR,ERR,ERR,ERR,ERR,ERR,ERR,ERR,ERR,ERR,ERR,ERR,ERR,ERR,ERR,ERR,ERR,ERR,ERR,ERR,ERR,ERR,ERR,ERR,ERR,ERR,ERR,ERR,ERR,ERR,ERR,ERR,ERR,ERR,ERR,ERR,ERR,ERR,ERR,ERR,ERR,ERR,ERR,ERR,ERR,ERR,ERR,ERR,ERR,ERR,ERR,ERR,ERR,ERR,ERR,ERR,ERR,ERR,ERR,ERR,ERR,ERR,ERR,0.0,-107615288.0,-134474944.0,0.0,0.0,1.3936040501711995e+18,7.805,0.0,0,0,4,0,8422,0.0,45,0.0,0.0,0.0,0.0,0.0,0,0,0,0,0.0,0,0,0,0,0,0,0,0,0,0,0,0,0,0,0,0,0,0,0,0,0,0,0,0,0,0,0,0,0,0,0,0,0,38,14,7,45,65476,0,300,0,0,8,21553,0.0,-107605600.0,0.0,0.0,0.0,0.0,0.0,0.0,0.0,0.0,0.0,0.0,0.0,0.0,0.0,0.0,0.0,0.0,0.0,0.0,0.0,0.0,-2.004,-0.0,-0.0,0.0,0.0,0.0,0.0,0.0,5073.0,0.0,0.0,0.0,-107615288.0,0.0,-0.0,0.0,0.0,0.0,0.0,53,3.222028592685471e+26,5.8480564754410164e+35,0.0,0.0,0.0,0.0,0.0,0.0,0.0,0,0,0,0.0,0.0,0.0,0.0,0.0,0.0,0.0,0.0,0.0,0.0,0.0,0.0,0.0,0.0,0.0,0.0,0,-107875648.0,53,0.0,106,-107614832.0,-107350944.0,ERR,ERR,ERR,ERR,ERR,ERR,ERR,ERR,ERR,ERR,ERR,ERR,ERR,ERR,ERR,ERR,ERR,ERR,ERR,ERR,ERR,ERR,ERR,ERR,ERR,ERR,ERR,ERR,ERR,ERR,ERR,ERR,ERR,ERR,ERR,ERR,ERR,ERR,ERR,ERR,ERR,ERR,ERR,ERR,ERR,ERR,ERR,ERR,ERR,ERR,ERR,ERR,ERR,ERR,ERR,ERR,ERR,ERR,ERR,ERR,ERR,ERR,ERR,ERR,ERR,ERR,ERR,50.0,60.0,100,0.0,0.0,0.0,0.0,0.0,0.0,0.0,0.0,0.0,0.0,0.0,0.0,0.0,0.0,0.0,0.0,61.6,65,20,65521,50,65476,0,300,0,0,8,20529,65476,0,0,26214,60.0,0.0,0.0,0.0,0.0,0.0
2026-05-17T16:16:38,ERR,ERR,ERR,ERR,ERR,ERR,ERR,ERR,ERR,ERR,ERR,ERR,ERR,ERR,ERR,ERR,ERR,ERR,ERR,ERR,ERR,ERR,ERR,ERR,ERR,ERR,ERR,ERR,ERR,ERR,ERR,ERR,ERR,ERR,ERR,ERR,ERR,ERR,ERR,ERR,ERR,ERR,ERR,ERR,ERR,ERR,ERR,ERR,ERR,ERR,ERR,ERR,ERR,ERR,ERR,ERR,ERR,ERR,ERR,ERR,ERR,ERR,ERR,ERR,ERR,ERR,ERR,ERR,ERR,ERR,ERR,ERR,ERR,ERR,ERR,ERR,ERR,ERR,ERR,ERR,ERR,ERR,ERR,ERR,ERR,ERR,ERR,ERR,ERR,ERR,ERR,ERR,ERR,ERR,ERR,ERR,ERR,ERR,ERR,ERR,ERR,ERR,ERR,ERR,ERR,ERR,ERR,ERR,ERR,ERR,ERR,ERR,ERR,ERR,ERR,ERR,ERR,ERR,ERR,ERR,ERR,ERR,ERR,ERR,ERR,0.0,-107615288.0,-134474944.0,0.0,0.0,1.3936040501711995e+18,7.805,0.0,0,0,4,0,8422,0.0,45,0.0,0.0,0.0,0.0,0.0,0,0,0,0,0.0,0,0,0,0,0,0,0,0,0,0,0,0,0,0,0,0,0,0,0,0,0,0,0,0,0,0,0,0,0,0,0,0,0,38,14,7,45,65476,0,300,0,0,8,21553,0.0,-107605600.0,0.0,0.0,0.0,0.0,0.0,0.0,0.0,0.0,0.0,0.0,0.0,0.0,0.0,0.0,0.0,0.0,0.0,0.0,0.0,0.0,-2.004,-0.0,-0.0,0.0,0.0,0.0,0.0,0.0,5073.0,0.0,0.0,0.0,-107615288.0,0.0,-0.0,0.0,0.0,0.0,0.0,53,3.222028592685471e+26,5.8480564754410164e+35,0.0,0.0,0.0,0.0,0.0,0.0,0.0,0,0,0,0.0,0.0,0.0,0.0,0.0,0.0,0.0,0.0,0.0,0.0,0.0,0.0,0.0,0.0,0.0,0.0,0,-107875648.0,53,0.0,106,-107614832.0,-107350944.0,ERR,ERR,ERR,ERR,ERR,ERR,ERR,ERR,ERR,ERR,ERR,ERR,ERR,ERR,ERR,ERR,ERR,ERR,ERR,ERR,ERR,ERR,ERR,ERR,ERR,ERR,ERR,ERR,ERR,ERR,ERR,ERR,ERR,ERR,ERR,ERR,ERR,ERR,ERR,ERR,ERR,ERR,ERR,ERR,ERR,ERR,ERR,ERR,ERR,ERR,ERR,ERR,ERR,ERR,ERR,ERR,ERR,ERR,ERR,ERR,ERR,ERR,ERR,ERR,ERR,ERR,ERR,50.0,60.0,100,0.0,0.0,0.0,0.0,0.0,0.0,0.0,0.0,0.0,0.0,0.0,0.0,0.0,0.0,0.0,0.0,61.6,65,20,65521,50,65476,0,300,0,0,8,20529,65476,0,0,26214,60.0,0.0,0.0,0.0,0.0,0.0
2026-05-17T16:16:39,ERR,ERR,ERR,ERR,ERR,ERR,ERR,ERR,ERR,ERR,ERR,ERR,ERR,ERR,ERR,ERR,ERR,ERR,ERR,ERR,ERR,ERR,ERR,ERR,ERR,ERR,ERR,ERR,ERR,ERR,ERR,ERR,ERR,ERR,ERR,ERR,ERR,ERR,ERR,ERR,ERR,ERR,ERR,ERR,ERR,ERR,ERR,ERR,ERR,ERR,ERR,ERR,ERR,ERR,ERR,ERR,ERR,ERR,ERR,ERR,ERR,ERR,ERR,ERR,ERR,ERR,ERR,ERR,ERR,ERR,ERR,ERR,ERR,ERR,ERR,ERR,ERR,ERR,ERR,ERR,ERR,ERR,ERR,ERR,ERR,ERR,ERR,ERR,ERR,ERR,ERR,ERR,ERR,ERR,ERR,ERR,ERR,ERR,ERR,ERR,ERR,ERR,ERR,ERR,ERR,ERR,ERR,ERR,ERR,ERR,ERR,ERR,ERR,ERR,ERR,ERR,ERR,ERR,ERR,ERR,ERR,ERR,ERR,ERR,ERR,0.0,-107615288.0,-134474944.0,0.0,0.0,1.3936040501711995e+18,7.805,0.0,0,0,4,0,8422,0.0,45,0.0,0.0,0.0,0.0,0.0,0,0,0,0,0.0,0,0,0,0,0,0,0,0,0,0,0,0,0,0,0,0,0,0,0,0,0,0,0,0,0,0,0,0,0,0,0,0,0,38,14,7,45,65476,0,300,0,0,8,21553,0.0,-107605600.0,0.0,0.0,0.0,0.0,0.0,0.0,0.0,0.0,0.0,0.0,0.0,0.0,0.0,0.0,0.0,0.0,0.0,0.0,0.0,0.0,-2.004,-0.0,-0.0,0.0,0.0,0.0,0.0,0.0,5073.0,0.0,0.0,0.0,-107615288.0,0.0,-0.0,0.0,0.0,0.0,0.0,53,3.222028592685471e+26,5.8480564754410164e+35,0.0,0.0,0.0,0.0,0.0,0.0,0.0,0,0,0,0.0,0.0,0.0,0.0,0.0,0.0,0.0,0.0,0.0,0.0,0.0,0.0,0.0,0.0,0.0,0.0,0,-107875648.0,53,0.0,106,-107614832.0,-107350944.0,ERR,ERR,ERR,ERR,ERR,ERR,ERR,ERR,ERR,ERR,ERR,ERR,ERR,ERR,ERR,ERR,ERR,ERR,ERR,ERR,ERR,ERR,ERR,ERR,ERR,ERR,ERR,ERR,ERR,ERR,ERR,ERR,ERR,ERR,ERR,ERR,ERR,ERR,ERR,ERR,ERR,ERR,ERR,ERR,ERR,ERR,ERR,ERR,ERR,ERR,ERR,ERR,ERR,ERR,ERR,ERR,ERR,ERR,ERR,ERR,ERR,ERR,ERR,ERR,ERR,ERR,ERR,50.0,60.0,100,0.0,0.0,0.0,0.0,0.0,0.0,0.0,0.0,0.0,0.0,0.0,0.0,0.0,0.0,0.0,0.0,61.6,65,20,65521,50,65476,0,300,0,0,8,20529,65476,0,0,26214,60.0,0.0,0.0,0.0,0.0,0.0
2026-05-17T16:16:40,ERR,ERR,ERR,ERR,ERR,ERR,ERR,ERR,ERR,ERR,ERR,ERR,ERR,ERR,ERR,ERR,ERR,ERR,ERR,ERR,ERR,ERR,ERR,ERR,ERR,ERR,ERR,ERR,ERR,ERR,ERR,ERR,ERR,ERR,ERR,ERR,ERR,ERR,ERR,ERR,ERR,ERR,ERR,ERR,ERR,ERR,ERR,ERR,ERR,ERR,ERR,ERR,ERR,ERR,ERR,ERR,ERR,ERR,ERR,ERR,ERR,ERR,ERR,ERR,ERR,ERR,ERR,ERR,ERR,ERR,ERR,ERR,ERR,ERR,ERR,ERR,ERR,ERR,ERR,ERR,ERR,ERR,ERR,ERR,ERR,ERR,ERR,ERR,ERR,ERR,ERR,ERR,ERR,ERR,ERR,ERR,ERR,ERR,ERR,ERR,ERR,ERR,ERR,ERR,ERR,ERR,ERR,ERR,ERR,ERR,ERR,ERR,ERR,ERR,ERR,ERR,ERR,ERR,ERR,ERR,ERR,ERR,ERR,ERR,ERR,0.0,-107615288.0,-134474944.0,0.0,0.0,1.3936040501711995e+18,7.805,0.0,0,0,4,0,8422,0.0,45,0.0,0.0,0.0,0.0,0.0,0,0,0,0,0.0,0,0,0,0,0,0,0,0,0,0,0,0,0,0,0,0,0,0,0,0,0,0,0,0,0,0,0,0,0,0,0,0,0,38,14,7,45,65476,0,300,0,0,8,21553,0.0,-107605600.0,0.0,0.0,0.0,0.0,0.0,0.0,0.0,0.0,0.0,0.0,0.0,0.0,0.0,0.0,0.0,0.0,0.0,0.0,0.0,0.0,-2.004,-0.0,-0.0,0.0,0.0,0.0,0.0,0.0,5073.0,0.0,0.0,0.0,-107615288.0,0.0,-0.0,0.0,0.0,0.0,0.0,53,3.222028592685471e+26,5.8480564754410164e+35,0.0,0.0,0.0,0.0,0.0,0.0,0.0,0,0,0,0.0,0.0,0.0,0.0,0.0,0.0,0.0,0.0,0.0,0.0,0.0,0.0,0.0,0.0,0.0,0.0,0,-107875648.0,53,0.0,106,-107614832.0,-107350944.0,ERR,ERR,ERR,ERR,ERR,ERR,ERR,ERR,ERR,ERR,ERR,ERR,ERR,ERR,ERR,ERR,ERR,ERR,ERR,ERR,ERR,ERR,ERR,ERR,ERR,ERR,ERR,ERR,ERR,ERR,ERR,ERR,ERR,ERR,ERR,ERR,ERR,ERR,ERR,ERR,ERR,ERR,ERR,ERR,ERR,ERR,ERR,ERR,ERR,ERR,ERR,ERR,ERR,ERR,ERR,ERR,ERR,ERR,ERR,ERR,ERR,ERR,ERR,ERR,ERR,ERR,ERR,50.0,60.0,100,0.0,0.0,0.0,0.0,0.0,0.0,0.0,0.0,0.0,0.0,0.0,0.0,0.0,0.0,0.0,0.0,61.6,65,20,65521,50,65476,0,300,0,0,8,20529,65476,0,0,26214,60.0,0.0,0.0,0.0,0.0,0.0
2026-05-17T16:16:41,ERR,ERR,ERR,ERR,ERR,ERR,ERR,ERR,ERR,ERR,ERR,ERR,ERR,ERR,ERR,ERR,ERR,ERR,ERR,ERR,ERR,ERR,ERR,ERR,ERR,ERR,ERR,ERR,ERR,ERR,ERR,ERR,ERR,ERR,ERR,ERR,ERR,ERR,ERR,ERR,ERR,ERR,ERR,ERR,ERR,ERR,ERR,ERR,ERR,ERR,ERR,ERR,ERR,ERR,ERR,ERR,ERR,ERR,ERR,ERR,ERR,ERR,ERR,ERR,ERR,ERR,ERR,ERR,ERR,ERR,ERR,ERR,ERR,ERR,ERR,ERR,ERR,ERR,ERR,ERR,ERR,ERR,ERR,ERR,ERR,ERR,ERR,ERR,ERR,ERR,ERR,ERR,ERR,ERR,ERR,ERR,ERR,ERR,ERR,ERR,ERR,ERR,ERR,ERR,ERR,ERR,ERR,ERR,ERR,ERR,ERR,ERR,ERR,ERR,ERR,ERR,ERR,ERR,ERR,ERR,ERR,ERR,ERR,ERR,ERR,0.0,-107615288.0,-134474944.0,0.0,0.0,1.3936040501711995e+18,7.805,0.0,0,0,4,0,8422,0.0,45,0.0,0.0,0.0,0.0,0.0,0,0,0,0,0.0,0,0,0,0,0,0,0,0,0,0,0,0,0,0,0,0,0,0,0,0,0,0,0,0,0,0,0,0,0,0,0,0,0,38,14,7,45,65476,0,300,0,0,8,21553,0.0,-107605600.0,0.0,0.0,0.0,0.0,0.0,0.0,0.0,0.0,0.0,0.0,0.0,0.0,0.0,0.0,0.0,0.0,0.0,0.0,0.0,0.0,-2.004,-2.004,-0.0,0.0,0.0,0.0,0.0,0.0,5067.0,1.04066562844498e+34,0.0,0.0,-0.0,0.0,-0.0,0.0,0.0,0.0,0.0,53,107615344.0,-152017313988608.0,0.0,0.0,0.0,0.0,0.0,0.0,0.0,0,0,0,0.0,0.0,0.0,0.0,0.0,0.0,0.0,0.0,0.0,0.0,0.0,0.0,0.0,0.0,0.0,0.0,0,-107875648.0,53,0.0,106,-107614832.0,-107350944.0,ERR,ERR,ERR,ERR,ERR,ERR,ERR,ERR,ERR,ERR,ERR,ERR,ERR,ERR,ERR,ERR,ERR,ERR,ERR,ERR,ERR,ERR,ERR,ERR,ERR,ERR,ERR,ERR,ERR,ERR,ERR,ERR,ERR,ERR,ERR,ERR,ERR,ERR,ERR,ERR,ERR,ERR,ERR,ERR,ERR,ERR,ERR,ERR,ERR,ERR,ERR,ERR,ERR,ERR,ERR,ERR,ERR,ERR,ERR,ERR,ERR,ERR,ERR,ERR,ERR,ERR,ERR,50.0,60.0,100,0.0,0.0,0.0,0.0,0.0,0.0,0.0,0.0,0.0,0.0,0.0,0.0,0.0,0.0,0.0,0.0,61.6,65,20,65521,50,65476,0,300,0,0,8,20529,65476,0,0,26214,60.0,0.0,0.0,0.0,0.0,0.0
2026-05-17T16:16:42,ERR,ERR,ERR,ERR,ERR,ERR,ERR,ERR,ERR,ERR,ERR,ERR,ERR,ERR,ERR,ERR,ERR,ERR,ERR,ERR,ERR,ERR,ERR,ERR,ERR,ERR,ERR,ERR,ERR,ERR,ERR,ERR,ERR,ERR,ERR,ERR,ERR,ERR,ERR,ERR,ERR,ERR,ERR,ERR,ERR,ERR,ERR,ERR,ERR,ERR,ERR,ERR,ERR,ERR,ERR,ERR,ERR,ERR,ERR,ERR,ERR,ERR,ERR,ERR,ERR,ERR,ERR,ERR,ERR,ERR,ERR,ERR,ERR,ERR,ERR,ERR,ERR,ERR,ERR,ERR,ERR,ERR,ERR,ERR,ERR,ERR,ERR,ERR,ERR,ERR,ERR,ERR,ERR,ERR,ERR,ERR,ERR,ERR,ERR,ERR,ERR,ERR,ERR,ERR,ERR,ERR,ERR,ERR,ERR,ERR,ERR,ERR,ERR,ERR,ERR,ERR,ERR,ERR,ERR,ERR,ERR,ERR,ERR,ERR,ERR,0.0,-107615288.0,-134474944.0,0.0,0.0,1.3936040501711995e+18,7.805,0.0,0,0,4,0,8422,0.0,45,0.0,0.0,0.0,0.0,0.0,0,0,0,0,0.0,0,0,0,0,0,0,0,0,0,0,0,0,0,0,0,0,0,0,0,0,0,0,0,0,0,0,0,0,0,0,0,0,0,38,14,7,45,65476,0,300,0,0,8,21553,0.0,-107605600.0,0.0,0.0,0.0,0.0,0.0,0.0,0.0,0.0,0.0,0.0,0.0,0.0,0.0,0.0,0.0,0.0,0.0,0.0,0.0,0.0,-2.004,-2.004,-0.0,0.0,0.0,0.0,0.0,0.0,5067.0,1.04066562844498e+34,0.0,0.0,-0.0,0.0,-0.0,0.0,0.0,0.0,0.0,53,107615344.0,-152017313988608.0,0.0,0.0,0.0,0.0,0.0,0.0,0.0,0,0,0,0.0,0.0,0.0,0.0,0.0,0.0,0.0,0.0,0.0,0.0,0.0,0.0,0.0,0.0,0.0,0.0,0,-107875648.0,53,0.0,106,-107614832.0,-107350944.0,ERR,ERR,ERR,ERR,ERR,ERR,ERR,ERR,ERR,ERR,ERR,ERR,ERR,ERR,ERR,ERR,ERR,ERR,ERR,ERR,ERR,ERR,ERR,ERR,ERR,ERR,ERR,ERR,ERR,ERR,ERR,ERR,ERR,ERR,ERR,ERR,ERR,ERR,ERR,ERR,ERR,ERR,ERR,ERR,ERR,ERR,ERR,ERR,ERR,ERR,ERR,ERR,ERR,ERR,ERR,ERR,ERR,ERR,ERR,ERR,ERR,ERR,ERR,ERR,ERR,ERR,ERR,50.0,60.0,100,0.0,0.0,0.0,0.0,0.0,0.0,0.0,0.0,0.0,0.0,0.0,0.0,0.0,0.0,0.0,0.0,61.6,65,20,65521,50,65476,0,300,0,0,8,20529,65476,0,0,26214,60.0,0.0,0.0,0.0,0.0,0.0
2026-05-17T16:16:43,ERR,ERR,ERR,ERR,ERR,ERR,ERR,ERR,ERR,ERR,ERR,ERR,ERR,ERR,ERR,ERR,ERR,ERR,ERR,ERR,ERR,ERR,ERR,ERR,ERR,ERR,ERR,ERR,ERR,ERR,ERR,ERR,ERR,ERR,ERR,ERR,ERR,ERR,ERR,ERR,ERR,ERR,ERR,ERR,ERR,ERR,ERR,ERR,ERR,ERR,ERR,ERR,ERR,ERR,ERR,ERR,ERR,ERR,ERR,ERR,ERR,ERR,ERR,ERR,ERR,ERR,ERR,ERR,ERR,ERR,ERR,ERR,ERR,ERR,ERR,ERR,ERR,ERR,ERR,ERR,ERR,ERR,ERR,ERR,ERR,ERR,ERR,ERR,ERR,ERR,ERR,ERR,ERR,ERR,ERR,ERR,ERR,ERR,ERR,ERR,ERR,ERR,ERR,ERR,ERR,ERR,ERR,ERR,ERR,ERR,ERR,ERR,ERR,ERR,ERR,ERR,ERR,ERR,ERR,ERR,ERR,ERR,ERR,ERR,ERR,0.0,-107615288.0,-134474944.0,0.0,0.0,1.3936040501711995e+18,7.805,0.0,0,0,4,0,8422,0.0,45,0.0,0.0,0.0,0.0,0.0,0,0,0,0,0.0,0,0,0,0,0,0,0,0,0,0,0,0,0,0,0,0,0,0,0,0,0,0,0,0,0,0,0,0,0,0,0,0,0,38,14,7,45,65476,0,300,0,0,8,21553,0.0,-107605600.0,0.0,0.0,0.0,0.0,0.0,0.0,0.0,0.0,0.0,0.0,0.0,0.0,0.0,0.0,0.0,0.0,0.0,0.0,0.0,0.0,-2.004,-2.004,-0.0,0.0,0.0,0.0,0.0,0.0,5067.0,1.04066562844498e+34,0.0,0.0,-0.0,0.0,-0.0,0.0,0.0,0.0,0.0,53,107615344.0,-152017313988608.0,0.0,0.0,0.0,0.0,0.0,0.0,0.0,0,0,0,0.0,0.0,0.0,0.0,0.0,0.0,0.0,0.0,0.0,0.0,0.0,0.0,0.0,0.0,0.0,0.0,0,-107875648.0,53,0.0,106,-107614832.0,-107350944.0,ERR,ERR,ERR,ERR,ERR,ERR,ERR,ERR,ERR,ERR,ERR,ERR,ERR,ERR,ERR,ERR,ERR,ERR,ERR,ERR,ERR,ERR,ERR,ERR,ERR,ERR,ERR,ERR,ERR,ERR,ERR,ERR,ERR,ERR,ERR,ERR,ERR,ERR,ERR,ERR,ERR,ERR,ERR,ERR,ERR,ERR,ERR,ERR,ERR,ERR,ERR,ERR,ERR,ERR,ERR,ERR,ERR,ERR,ERR,ERR,ERR,ERR,ERR,ERR,ERR,ERR,ERR,50.0,60.0,100,0.0,0.0,0.0,0.0,0.0,0.0,0.0,0.0,0.0,0.0,0.0,0.0,0.0,0.0,0.0,0.0,61.6,65,20,65521,50,65476,0,300,0,0,8,20529,65476,0,0,26214,60.0,0.0,0.0,0.0,0.0,0.0
2026-05-17T16:16:44,ERR,ERR,ERR,ERR,ERR,ERR,ERR,ERR,ERR,ERR,ERR,ERR,ERR,ERR,ERR,ERR,ERR,ERR,ERR,ERR,ERR,ERR,ERR,ERR,ERR,ERR,ERR,ERR,ERR,ERR,ERR,ERR,ERR,ERR,ERR,ERR,ERR,ERR,ERR,ERR,ERR,ERR,ERR,ERR,ERR,ERR,ERR,ERR,ERR,ERR,ERR,ERR,ERR,ERR,ERR,ERR,ERR,ERR,ERR,ERR,ERR,ERR,ERR,ERR,ERR,ERR,ERR,ERR,ERR,ERR,ERR,ERR,ERR,ERR,ERR,ERR,ERR,ERR,ERR,ERR,ERR,ERR,ERR,ERR,ERR,ERR,ERR,ERR,ERR,ERR,ERR,ERR,ERR,ERR,ERR,ERR,ERR,ERR,ERR,ERR,ERR,ERR,ERR,ERR,ERR,ERR,ERR,ERR,ERR,ERR,ERR,ERR,ERR,ERR,ERR,ERR,ERR,ERR,ERR,ERR,ERR,ERR,ERR,ERR,ERR,0.0,-107615288.0,-134474944.0,0.0,0.0,1.3936040501711995e+18,7.805,0.0,0,0,4,0,8422,0.0,45,0.0,0.0,0.0,0.0,0.0,0,0,0,0,0.0,0,0,0,0,0,0,0,0,0,0,0,0,0,0,0,0,0,0,0,0,0,0,0,0,0,0,0,0,0,0,0,0,0,38,14,7,45,65476,0,300,0,0,8,21553,0.0,-107605600.0,0.0,0.0,0.0,0.0,0.0,0.0,0.0,0.0,0.0,0.0,0.0,0.0,0.0,0.0,0.0,0.0,0.0,0.0,0.0,0.0,-2.004,-2.004,-0.0,0.0,0.0,0.0,0.0,0.0,5067.0,1.04066562844498e+34,0.0,0.0,-0.0,0.0,-0.0,0.0,0.0,0.0,0.0,53,107615344.0,-152017313988608.0,0.0,0.0,0.0,0.0,0.0,0.0,0.0,0,0,0,0.0,0.0,0.0,0.0,0.0,0.0,0.0,0.0,0.0,0.0,0.0,0.0,0.0,0.0,0.0,0.0,0,-107875648.0,53,0.0,106,-107614832.0,-107350944.0,ERR,ERR,ERR,ERR,ERR,ERR,ERR,ERR,ERR,ERR,ERR,ERR,ERR,ERR,ERR,ERR,ERR,ERR,ERR,ERR,ERR,ERR,ERR,ERR,ERR,ERR,ERR,ERR,ERR,ERR,ERR,ERR,ERR,ERR,ERR,ERR,ERR,ERR,ERR,ERR,ERR,ERR,ERR,ERR,ERR,ERR,ERR,ERR,ERR,ERR,ERR,ERR,ERR,ERR,ERR,ERR,ERR,ERR,ERR,ERR,ERR,ERR,ERR,ERR,ERR,ERR,ERR,50.0,60.0,100,0.0,0.0,0.0,0.0,0.0,0.0,0.0,0.0,0.0,0.0,0.0,0.0,0.0,0.0,0.0,0.0,62.0,65,20,65521,50,65476,0,300,0,0,8,20529,65476,0,0,26214,60.0,0.0,0.0,0.0,0.0,0.0
2026-05-17T16:16:45,ERR,ERR,ERR,ERR,ERR,ERR,ERR,ERR,ERR,ERR,ERR,ERR,ERR,ERR,ERR,ERR,ERR,ERR,ERR,ERR,ERR,ERR,ERR,ERR,ERR,ERR,ERR,ERR,ERR,ERR,ERR,ERR,ERR,ERR,ERR,ERR,ERR,ERR,ERR,ERR,ERR,ERR,ERR,ERR,ERR,ERR,ERR,ERR,ERR,ERR,ERR,ERR,ERR,ERR,ERR,ERR,ERR,ERR,ERR,ERR,ERR,ERR,ERR,ERR,ERR,ERR,ERR,ERR,ERR,ERR,ERR,ERR,ERR,ERR,ERR,ERR,ERR,ERR,ERR,ERR,ERR,ERR,ERR,ERR,ERR,ERR,ERR,ERR,ERR,ERR,ERR,ERR,ERR,ERR,ERR,ERR,ERR,ERR,ERR,ERR,ERR,ERR,ERR,ERR,ERR,ERR,ERR,ERR,ERR,ERR,ERR,ERR,ERR,ERR,ERR,ERR,ERR,ERR,ERR,ERR,ERR,ERR,ERR,ERR,ERR,0.0,-107615288.0,-134474944.0,0.0,0.0,1.3936040501711995e+18,7.805,0.0,0,0,4,0,8422,0.0,45,0.0,0.0,0.0,0.0,0.0,0,0,0,0,0.0,0,0,0,0,0,0,0,0,0,0,0,0,0,0,0,0,0,0,0,0,0,0,0,0,0,0,0,0,0,0,0,0,0,38,14,7,45,65476,0,300,0,0,8,21553,0.0,-107605600.0,0.0,0.0,0.0,0.0,0.0,0.0,0.0,0.0,0.0,0.0,0.0,0.0,0.0,0.0,0.0,0.0,0.0,0.0,0.0,0.0,-2.004,-2.004,-0.0,0.0,0.0,0.0,0.0,0.0,5067.0,1.04066562844498e+34,0.0,0.0,-0.0,0.0,-0.0,0.0,0.0,0.0,0.0,53,107615344.0,-152017313988608.0,0.0,0.0,0.0,0.0,0.0,0.0,0.0,0,0,0,0.0,0.0,0.0,0.0,0.0,0.0,0.0,0.0,0.0,0.0,0.0,0.0,0.0,0.0,0.0,0.0,0,-107875648.0,53,0.0,106,-107614832.0,-107350944.0,ERR,ERR,ERR,ERR,ERR,ERR,ERR,ERR,ERR,ERR,ERR,ERR,ERR,ERR,ERR,ERR,ERR,ERR,ERR,ERR,ERR,ERR,ERR,ERR,ERR,ERR,ERR,ERR,ERR,ERR,ERR,ERR,ERR,ERR,ERR,ERR,ERR,ERR,ERR,ERR,ERR,ERR,ERR,ERR,ERR,ERR,ERR,ERR,ERR,ERR,ERR,ERR,ERR,ERR,ERR,ERR,ERR,ERR,ERR,ERR,ERR,ERR,ERR,ERR,ERR,ERR,ERR,50.0,60.0,100,0.0,0.0,0.0,0.0,0.0,0.0,0.0,0.0,0.0,0.0,0.0,0.0,0.0,0.0,0.0,0.0,62.0,65,20,65521,50,65476,0,300,0,0,8,20529,65476,0,0,26214,60.0,0.0,0.0,0.0,0.0,0.0
2026-05-17T16:16:46,ERR,ERR,ERR,ERR,ERR,ERR,ERR,ERR,ERR,ERR,ERR,ERR,ERR,ERR,ERR,ERR,ERR,ERR,ERR,ERR,ERR,ERR,ERR,ERR,ERR,ERR,ERR,ERR,ERR,ERR,ERR,ERR,ERR,ERR,ERR,ERR,ERR,ERR,ERR,ERR,ERR,ERR,ERR,ERR,ERR,ERR,ERR,ERR,ERR,ERR,ERR,ERR,ERR,ERR,ERR,ERR,ERR,ERR,ERR,ERR,ERR,ERR,ERR,ERR,ERR,ERR,ERR,ERR,ERR,ERR,ERR,ERR,ERR,ERR,ERR,ERR,ERR,ERR,ERR,ERR,ERR,ERR,ERR,ERR,ERR,ERR,ERR,ERR,ERR,ERR,ERR,ERR,ERR,ERR,ERR,ERR,ERR,ERR,ERR,ERR,ERR,ERR,ERR,ERR,ERR,ERR,ERR,ERR,ERR,ERR,ERR,ERR,ERR,ERR,ERR,ERR,ERR,ERR,ERR,ERR,ERR,ERR,ERR,ERR,ERR,0.0,-107615288.0,-134474944.0,0.0,0.0,1.3936040501711995e+18,7.805,0.0,0,0,4,0,8422,0.0,45,0.0,0.0,0.0,0.0,0.0,0,0,0,0,0.0,0,0,0,0,0,0,0,0,0,0,0,0,0,0,0,0,0,0,0,0,0,0,0,0,0,0,0,0,0,0,0,0,0,38,14,7,45,65476,0,300,0,0,8,21553,0.0,-107605600.0,0.0,0.0,0.0,0.0,0.0,0.0,0.0,0.0,0.0,0.0,0.0,0.0,0.0,0.0,0.0,0.0,0.0,0.0,0.0,0.0,-2.004,-2.004,-0.0,0.0,0.0,0.0,0.0,0.0,5069.0,-8608184320.0,0.0,0.0,-107615288.0,0.0,-0.0,0.0,0.0,0.0,0.0,53,152018454839296.0,89220.586,0.0,0.0,0.0,0.0,0.0,0.0,0.0,0,0,0,0.0,0.0,0.0,0.0,0.0,0.0,0.0,0.0,0.0,0.0,0.0,0.0,0.0,0.0,0.0,0.0,0,-107875648.0,53,0.0,106,-107614832.0,-107350944.0,ERR,ERR,ERR,ERR,ERR,ERR,ERR,ERR,ERR,ERR,ERR,ERR,ERR,ERR,ERR,ERR,ERR,ERR,ERR,ERR,ERR,ERR,ERR,ERR,ERR,ERR,ERR,ERR,ERR,ERR,ERR,ERR,ERR,ERR,ERR,ERR,ERR,ERR,ERR,ERR,ERR,ERR,ERR,ERR,ERR,ERR,ERR,ERR,ERR,ERR,ERR,ERR,ERR,ERR,ERR,ERR,ERR,ERR,ERR,ERR,ERR,ERR,ERR,ERR,ERR,ERR,ERR,50.0,60.0,100,0.0,0.0,0.0,0.0,0.0,0.0,0.0,0.0,0.0,0.0,0.0,0.0,0.0,0.0,0.0,0.0,62.0,65,20,65521,50,65476,0,300,0,0,8,20529,65476,0,0,26214,60.0,0.0,0.0,0.0,0.0,0.0
2026-05-17T16:16:47,ERR,ERR,ERR,ERR,ERR,ERR,ERR,ERR,ERR,ERR,ERR,ERR,ERR,ERR,ERR,ERR,ERR,ERR,ERR,ERR,ERR,ERR,ERR,ERR,ERR,ERR,ERR,ERR,ERR,ERR,ERR,ERR,ERR,ERR,ERR,ERR,ERR,ERR,ERR,ERR,ERR,ERR,ERR,ERR,ERR,ERR,ERR,ERR,ERR,ERR,ERR,ERR,ERR,ERR,ERR,ERR,ERR,ERR,ERR,ERR,ERR,ERR,ERR,ERR,ERR,ERR,ERR,ERR,ERR,ERR,ERR,ERR,ERR,ERR,ERR,ERR,ERR,ERR,ERR,ERR,ERR,ERR,ERR,ERR,ERR,ERR,ERR,ERR,ERR,ERR,ERR,ERR,ERR,ERR,ERR,ERR,ERR,ERR,ERR,ERR,ERR,ERR,ERR,ERR,ERR,ERR,ERR,ERR,ERR,ERR,ERR,ERR,ERR,ERR,ERR,ERR,ERR,ERR,ERR,ERR,ERR,ERR,ERR,ERR,ERR,0.0,-107615288.0,-134474944.0,0.0,0.0,1.3936040501711995e+18,7.805,0.0,0,0,4,0,8422,0.0,45,0.0,0.0,0.0,0.0,0.0,0,0,0,0,0.0,0,0,0,0,0,0,0,0,0,0,0,0,0,0,0,0,0,0,0,0,0,0,0,0,0,0,0,0,0,0,0,0,0,38,14,7,45,65476,0,300,0,0,8,21553,0.0,-107605600.0,0.0,0.0,0.0,0.0,0.0,0.0,0.0,0.0,0.0,0.0,0.0,0.0,0.0,0.0,0.0,0.0,0.0,0.0,0.0,0.0,-2.004,-2.004,-0.0,0.0,0.0,0.0,0.0,0.0,5069.0,-8608184320.0,0.0,0.0,-107615288.0,0.0,-0.0,0.0,0.0,0.0,0.0,53,152018454839296.0,89220.586,0.0,0.0,0.0,0.0,0.0,0.0,0.0,0,0,0,0.0,0.0,0.0,0.0,0.0,0.0,0.0,0.0,0.0,0.0,0.0,0.0,0.0,0.0,0.0,0.0,0,-107875648.0,53,0.0,106,-107614832.0,-107350944.0,ERR,ERR,ERR,ERR,ERR,ERR,ERR,ERR,ERR,ERR,ERR,ERR,ERR,ERR,ERR,ERR,ERR,ERR,ERR,ERR,ERR,ERR,ERR,ERR,ERR,ERR,ERR,ERR,ERR,ERR,ERR,ERR,ERR,ERR,ERR,ERR,ERR,ERR,ERR,ERR,ERR,ERR,ERR,ERR,ERR,ERR,ERR,ERR,ERR,ERR,ERR,ERR,ERR,ERR,ERR,ERR,ERR,ERR,ERR,ERR,ERR,ERR,ERR,ERR,ERR,ERR,ERR,50.0,60.0,100,0.0,0.0,0.0,0.0,0.0,0.0,0.0,0.0,0.0,0.0,0.0,0.0,0.0,0.0,0.0,0.0,62.0,65,20,65521,50,65476,0,300,0,0,8,20529,65476,0,0,26214,60.0,0.0,0.0,0.0,0.0,0.0
2026-05-17T16:16:48,ERR,ERR,ERR,ERR,ERR,ERR,ERR,ERR,ERR,ERR,ERR,ERR,ERR,ERR,ERR,ERR,ERR,ERR,ERR,ERR,ERR,ERR,ERR,ERR,ERR,ERR,ERR,ERR,ERR,ERR,ERR,ERR,ERR,ERR,ERR,ERR,ERR,ERR,ERR,ERR,ERR,ERR,ERR,ERR,ERR,ERR,ERR,ERR,ERR,ERR,ERR,ERR,ERR,ERR,ERR,ERR,ERR,ERR,ERR,ERR,ERR,ERR,ERR,ERR,ERR,ERR,ERR,ERR,ERR,ERR,ERR,ERR,ERR,ERR,ERR,ERR,ERR,ERR,ERR,ERR,ERR,ERR,ERR,ERR,ERR,ERR,ERR,ERR,ERR,ERR,ERR,ERR,ERR,ERR,ERR,ERR,ERR,ERR,ERR,ERR,ERR,ERR,ERR,ERR,ERR,ERR,ERR,ERR,ERR,ERR,ERR,ERR,ERR,ERR,ERR,ERR,ERR,ERR,ERR,ERR,ERR,ERR,ERR,ERR,ERR,0.0,-107615288.0,-134474944.0,0.0,0.0,1.3936040501711995e+18,7.805,0.0,0,0,4,0,8422,0.0,45,0.0,0.0,0.0,0.0,0.0,0,0,0,0,0.0,0,0,0,0,0,0,0,0,0,0,0,0,0,0,0,0,0,0,0,0,0,0,0,0,0,0,0,0,0,0,0,0,0,38,14,7,45,65476,0,300,0,0,8,21553,0.0,-107605600.0,0.0,0.0,0.0,0.0,0.0,0.0,0.0,0.0,0.0,0.0,0.0,0.0,0.0,0.0,0.0,0.0,0.0,0.0,0.0,0.0,-2.004,-2.004,-0.0,0.0,0.0,0.0,0.0,0.0,5069.0,-8608184320.0,0.0,0.0,-107615288.0,0.0,-0.0,0.0,0.0,0.0,0.0,53,152018454839296.0,89220.586,0.0,0.0,0.0,0.0,0.0,0.0,0.0,0,0,0,0.0,0.0,0.0,0.0,0.0,0.0,0.0,0.0,0.0,0.0,0.0,0.0,0.0,0.0,0.0,0.0,0,-107875648.0,53,0.0,106,-107614832.0,-107350944.0,ERR,ERR,ERR,ERR,ERR,ERR,ERR,ERR,ERR,ERR,ERR,ERR,ERR,ERR,ERR,ERR,ERR,ERR,ERR,ERR,ERR,ERR,ERR,ERR,ERR,ERR,ERR,ERR,ERR,ERR,ERR,ERR,ERR,ERR,ERR,ERR,ERR,ERR,ERR,ERR,ERR,ERR,ERR,ERR,ERR,ERR,ERR,ERR,ERR,ERR,ERR,ERR,ERR,ERR,ERR,ERR,ERR,ERR,ERR,ERR,ERR,ERR,ERR,ERR,ERR,ERR,ERR,50.0,60.0,100,0.0,0.0,0.0,0.0,0.0,0.0,0.0,0.0,0.0,0.0,0.0,0.0,0.0,0.0,0.0,0.0,61.6,65,20,65521,50,65476,0,300,0,0,8,20529,65476,0,0,26214,60.0,0.0,0.0,0.0,0.0,0.0
2026-05-17T16:16:49,ERR,ERR,ERR,ERR,ERR,ERR,ERR,ERR,ERR,ERR,ERR,ERR,ERR,ERR,ERR,ERR,ERR,ERR,ERR,ERR,ERR,ERR,ERR,ERR,ERR,ERR,ERR,ERR,ERR,ERR,ERR,ERR,ERR,ERR,ERR,ERR,ERR,ERR,ERR,ERR,ERR,ERR,ERR,ERR,ERR,ERR,ERR,ERR,ERR,ERR,ERR,ERR,ERR,ERR,ERR,ERR,ERR,ERR,ERR,ERR,ERR,ERR,ERR,ERR,ERR,ERR,ERR,ERR,ERR,ERR,ERR,ERR,ERR,ERR,ERR,ERR,ERR,ERR,ERR,ERR,ERR,ERR,ERR,ERR,ERR,ERR,ERR,ERR,ERR,ERR,ERR,ERR,ERR,ERR,ERR,ERR,ERR,ERR,ERR,ERR,ERR,ERR,ERR,ERR,ERR,ERR,ERR,ERR,ERR,ERR,ERR,ERR,ERR,ERR,ERR,ERR,ERR,ERR,ERR,ERR,ERR,ERR,ERR,ERR,ERR,0.0,-107615288.0,-134474944.0,0.0,0.0,1.3936040501711995e+18,7.805,0.0,0,0,4,0,8422,0.0,45,0.0,0.0,0.0,0.0,0.0,0,0,0,0,0.0,0,0,0,0,0,0,0,0,0,0,0,0,0,0,0,0,0,0,0,0,0,0,0,0,0,0,0,0,0,0,0,0,0,38,14,7,45,65476,0,300,0,0,8,21553,0.0,-107605600.0,0.0,0.0,0.0,0.0,0.0,0.0,0.0,0.0,0.0,0.0,0.0,0.0,0.0,0.0,0.0,0.0,0.0,0.0,0.0,0.0,-2.004,-2.004,-0.0,0.0,0.0,0.0,0.0,0.0,5069.0,-8608184320.0,0.0,0.0,-107615288.0,0.0,-0.0,0.0,0.0,0.0,0.0,53,152018454839296.0,89220.586,0.0,0.0,0.0,0.0,0.0,0.0,0.0,0,0,0,0.0,0.0,0.0,0.0,0.0,0.0,0.0,0.0,0.0,0.0,0.0,0.0,0.0,0.0,0.0,0.0,0,-107875648.0,53,0.0,106,-107614832.0,-107350944.0,ERR,ERR,ERR,ERR,ERR,ERR,ERR,ERR,ERR,ERR,ERR,ERR,ERR,ERR,ERR,ERR,ERR,ERR,ERR,ERR,ERR,ERR,ERR,ERR,ERR,ERR,ERR,ERR,ERR,ERR,ERR,ERR,ERR,ERR,ERR,ERR,ERR,ERR,ERR,ERR,ERR,ERR,ERR,ERR,ERR,ERR,ERR,ERR,ERR,ERR,ERR,ERR,ERR,ERR,ERR,ERR,ERR,ERR,ERR,ERR,ERR,ERR,ERR,ERR,ERR,ERR,ERR,50.0,60.0,100,0.0,0.0,0.0,0.0,0.0,0.0,0.0,0.0,0.0,0.0,0.0,0.0,0.0,0.0,0.0,0.0,61.6,65,20,65521,50,65476,0,300,0,0,8,20529,65476,0,0,26214,60.0,0.0,0.0,0.0,0.0,0.0
2026-05-17T16:16:50,ERR,ERR,ERR,ERR,ERR,ERR,ERR,ERR,ERR,ERR,ERR,ERR,ERR,ERR,ERR,ERR,ERR,ERR,ERR,ERR,ERR,ERR,ERR,ERR,ERR,ERR,ERR,ERR,ERR,ERR,ERR,ERR,ERR,ERR,ERR,ERR,ERR,ERR,ERR,ERR,ERR,ERR,ERR,ERR,ERR,ERR,ERR,ERR,ERR,ERR,ERR,ERR,ERR,ERR,ERR,ERR,ERR,ERR,ERR,ERR,ERR,ERR,ERR,ERR,ERR,ERR,ERR,ERR,ERR,ERR,ERR,ERR,ERR,ERR,ERR,ERR,ERR,ERR,ERR,ERR,ERR,ERR,ERR,ERR,ERR,ERR,ERR,ERR,ERR,ERR,ERR,ERR,ERR,ERR,ERR,ERR,ERR,ERR,ERR,ERR,ERR,ERR,ERR,ERR,ERR,ERR,ERR,ERR,ERR,ERR,ERR,ERR,ERR,ERR,ERR,ERR,ERR,ERR,ERR,ERR,ERR,ERR,ERR,ERR,ERR,0.0,-107615288.0,-134474944.0,0.0,0.0,1.3936040501711995e+18,7.805,0.0,0,0,4,0,8422,0.0,45,0.0,0.0,0.0,0.0,0.0,0,0,0,0,0.0,0,0,0,0,0,0,0,0,0,0,0,0,0,0,0,0,0,0,0,0,0,0,0,0,0,0,0,0,0,0,0,0,0,38,14,7,45,65476,0,300,0,0,8,21553,0.0,-107605600.0,0.0,0.0,0.0,0.0,0.0,0.0,0.0,0.0,0.0,0.0,0.0,0.0,0.0,0.0,0.0,0.0,0.0,0.0,0.0,0.0,-2.004,-2.004,-0.0,0.0,0.0,0.0,0.0,0.0,5069.0,-8608184320.0,0.0,0.0,-107615288.0,0.0,-0.0,0.0,0.0,0.0,0.0,53,152018454839296.0,89220.586,0.0,0.0,0.0,0.0,0.0,0.0,0.0,0,0,0,0.0,0.0,0.0,0.0,0.0,0.0,0.0,0.0,0.0,0.0,0.0,0.0,0.0,0.0,0.0,0.0,0,-107875648.0,53,0.0,106,-107614832.0,-107350944.0,ERR,ERR,ERR,ERR,ERR,ERR,ERR,ERR,ERR,ERR,ERR,ERR,ERR,ERR,ERR,ERR,ERR,ERR,ERR,ERR,ERR,ERR,ERR,ERR,ERR,ERR,ERR,ERR,ERR,ERR,ERR,ERR,ERR,ERR,ERR,ERR,ERR,ERR,ERR,ERR,ERR,ERR,ERR,ERR,ERR,ERR,ERR,ERR,ERR,ERR,ERR,ERR,ERR,ERR,ERR,ERR,ERR,ERR,ERR,ERR,ERR,ERR,ERR,ERR,ERR,ERR,ERR,50.0,60.0,100,0.0,0.0,0.0,0.0,0.0,0.0,0.0,0.0,0.0,0.0,0.0,0.0,0.0,0.0,0.0,0.0,62.0,65,20,65521,50,65476,0,300,0,0,8,20529,65476,0,0,26214,60.0,0.0,0.0,0.0,0.0,0.0
2026-05-17T16:16:51,ERR,ERR,ERR,ERR,ERR,ERR,ERR,ERR,ERR,ERR,ERR,ERR,ERR,ERR,ERR,ERR,ERR,ERR,ERR,ERR,ERR,ERR,ERR,ERR,ERR,ERR,ERR,ERR,ERR,ERR,ERR,ERR,ERR,ERR,ERR,ERR,ERR,ERR,ERR,ERR,ERR,ERR,ERR,ERR,ERR,ERR,ERR,ERR,ERR,ERR,ERR,ERR,ERR,ERR,ERR,ERR,ERR,ERR,ERR,ERR,ERR,ERR,ERR,ERR,ERR,ERR,ERR,ERR,ERR,ERR,ERR,ERR,ERR,ERR,ERR,ERR,ERR,ERR,ERR,ERR,ERR,ERR,ERR,ERR,ERR,ERR,ERR,ERR,ERR,ERR,ERR,ERR,ERR,ERR,ERR,ERR,ERR,ERR,ERR,ERR,ERR,ERR,ERR,ERR,ERR,ERR,ERR,ERR,ERR,ERR,ERR,ERR,ERR,ERR,ERR,ERR,ERR,ERR,ERR,ERR,ERR,ERR,ERR,ERR,ERR,0.0,-107615288.0,-134474944.0,0.0,0.0,1.3936040501711995e+18,7.805,0.0,0,0,4,0,8422,0.0,45,0.0,0.0,0.0,0.0,0.0,0,0,0,0,0.0,0,0,0,0,0,0,0,0,0,0,0,0,0,0,0,0,0,0,0,0,0,0,0,0,0,0,0,0,0,0,0,0,0,38,14,7,45,65476,0,300,0,0,8,21553,0.0,-107605600.0,0.0,0.0,0.0,0.0,0.0,0.0,0.0,0.0,0.0,0.0,0.0,0.0,0.0,0.0,0.0,0.0,0.0,0.0,0.0,0.0,-2.004,-2.004,-0.0,-2.004,0.0,0.0,0.0,0.0,5099.0,0.0,0.0,0.0,-107615288.0,0.0,-0.0,0.0,0.0,0.0,0.0,53,107615344.0,-0.0,0.0,0.0,0.0,0.0,0.0,0.0,0.0,0,0,0,0.0,0.0,0.0,0.0,0.0,0.0,0.0,0.0,0.0,0.0,0.0,0.0,0.0,0.0,0.0,0.0,0,-107875648.0,53,0.0,106,-107614832.0,-107350944.0,ERR,ERR,ERR,ERR,ERR,ERR,ERR,ERR,ERR,ERR,ERR,ERR,ERR,ERR,ERR,ERR,ERR,ERR,ERR,ERR,ERR,ERR,ERR,ERR,ERR,ERR,ERR,ERR,ERR,ERR,ERR,ERR,ERR,ERR,ERR,ERR,ERR,ERR,ERR,ERR,ERR,ERR,ERR,ERR,ERR,ERR,ERR,ERR,ERR,ERR,ERR,ERR,ERR,ERR,ERR,ERR,ERR,ERR,ERR,ERR,ERR,ERR,ERR,ERR,ERR,ERR,ERR,50.0,60.0,100,0.0,0.0,0.0,0.0,0.0,0.0,0.0,0.0,0.0,0.0,0.0,0.0,0.0,0.0,0.0,0.0,62.0,65,20,65521,50,65476,0,300,0,0,8,20529,65476,0,0,26214,60.0,0.0,0.0,0.0,0.0,0.0
2026-05-17T16:16:52,ERR,ERR,ERR,ERR,ERR,ERR,ERR,ERR,ERR,ERR,ERR,ERR,ERR,ERR,ERR,ERR,ERR,ERR,ERR,ERR,ERR,ERR,ERR,ERR,ERR,ERR,ERR,ERR,ERR,ERR,ERR,ERR,ERR,ERR,ERR,ERR,ERR,ERR,ERR,ERR,ERR,ERR,ERR,ERR,ERR,ERR,ERR,ERR,ERR,ERR,ERR,ERR,ERR,ERR,ERR,ERR,ERR,ERR,ERR,ERR,ERR,ERR,ERR,ERR,ERR,ERR,ERR,ERR,ERR,ERR,ERR,ERR,ERR,ERR,ERR,ERR,ERR,ERR,ERR,ERR,ERR,ERR,ERR,ERR,ERR,ERR,ERR,ERR,ERR,ERR,ERR,ERR,ERR,ERR,ERR,ERR,ERR,ERR,ERR,ERR,ERR,ERR,ERR,ERR,ERR,ERR,ERR,ERR,ERR,ERR,ERR,ERR,ERR,ERR,ERR,ERR,ERR,ERR,ERR,ERR,ERR,ERR,ERR,ERR,ERR,0.0,-107615288.0,-134474944.0,0.0,0.0,1.3936040501711995e+18,7.805,0.0,0,0,4,0,8422,0.0,45,0.0,0.0,0.0,0.0,0.0,0,0,0,0,0.0,0,0,0,0,0,0,0,0,0,0,0,0,0,0,0,0,0,0,0,0,0,0,0,0,0,0,0,0,0,0,0,0,0,38,14,7,45,65476,0,300,0,0,8,21553,0.0,-107605600.0,0.0,0.0,0.0,0.0,0.0,0.0,0.0,0.0,0.0,0.0,0.0,0.0,0.0,0.0,0.0,0.0,0.0,0.0,0.0,0.0,-2.004,-2.004,-0.0,-2.004,0.0,0.0,0.0,0.0,5099.0,0.0,0.0,0.0,-107615288.0,0.0,-0.0,0.0,0.0,0.0,0.0,53,107615344.0,-0.0,0.0,0.0,0.0,0.0,0.0,0.0,0.0,0,0,0,0.0,0.0,0.0,0.0,0.0,0.0,0.0,0.0,0.0,0.0,0.0,0.0,0.0,0.0,0.0,0.0,0,-107875648.0,53,0.0,106,-107614832.0,-107350944.0,ERR,ERR,ERR,ERR,ERR,ERR,ERR,ERR,ERR,ERR,ERR,ERR,ERR,ERR,ERR,ERR,ERR,ERR,ERR,ERR,ERR,ERR,ERR,ERR,ERR,ERR,ERR,ERR,ERR,ERR,ERR,ERR,ERR,ERR,ERR,ERR,ERR,ERR,ERR,ERR,ERR,ERR,ERR,ERR,ERR,ERR,ERR,ERR,ERR,ERR,ERR,ERR,ERR,ERR,ERR,ERR,ERR,ERR,ERR,ERR,ERR,ERR,ERR,ERR,ERR,ERR,ERR,50.0,60.0,100,0.0,0.0,0.0,0.0,0.0,0.0,0.0,0.0,0.0,0.0,0.0,0.0,0.0,0.0,0.0,0.0,62.0,65,20,65521,50,65476,0,300,0,0,8,20529,65476,0,0,26214,60.0,0.0,0.0,0.0,0.0,0.0
2026-05-17T16:16:53,ERR,ERR,ERR,ERR,ERR,ERR,ERR,ERR,ERR,ERR,ERR,ERR,ERR,ERR,ERR,ERR,ERR,ERR,ERR,ERR,ERR,ERR,ERR,ERR,ERR,ERR,ERR,ERR,ERR,ERR,ERR,ERR,ERR,ERR,ERR,ERR,ERR,ERR,ERR,ERR,ERR,ERR,ERR,ERR,ERR,ERR,ERR,ERR,ERR,ERR,ERR,ERR,ERR,ERR,ERR,ERR,ERR,ERR,ERR,ERR,ERR,ERR,ERR,ERR,ERR,ERR,ERR,ERR,ERR,ERR,ERR,ERR,ERR,ERR,ERR,ERR,ERR,ERR,ERR,ERR,ERR,ERR,ERR,ERR,ERR,ERR,ERR,ERR,ERR,ERR,ERR,ERR,ERR,ERR,ERR,ERR,ERR,ERR,ERR,ERR,ERR,ERR,ERR,ERR,ERR,ERR,ERR,ERR,ERR,ERR,ERR,ERR,ERR,ERR,ERR,ERR,ERR,ERR,ERR,ERR,ERR,ERR,ERR,ERR,ERR,0.0,-107615288.0,-134474944.0,0.0,0.0,1.3936040501711995e+18,7.805,0.0,0,0,4,0,8422,0.0,45,0.0,0.0,0.0,0.0,0.0,0,0,0,0,0.0,0,0,0,0,0,0,0,0,0,0,0,0,0,0,0,0,0,0,0,0,0,0,0,0,0,0,0,0,0,0,0,0,0,38,14,7,45,65476,0,300,0,0,8,21553,0.0,-107605600.0,0.0,0.0,0.0,0.0,0.0,0.0,0.0,0.0,0.0,0.0,0.0,0.0,0.0,0.0,0.0,0.0,0.0,0.0,0.0,0.0,-2.004,-2.004,-0.0,-2.004,0.0,0.0,0.0,0.0,5099.0,0.0,0.0,0.0,-107615288.0,0.0,-0.0,0.0,0.0,0.0,0.0,53,107615344.0,-0.0,0.0,0.0,0.0,0.0,0.0,0.0,0.0,0,0,0,0.0,0.0,0.0,0.0,0.0,0.0,0.0,0.0,0.0,0.0,0.0,0.0,0.0,0.0,0.0,0.0,0,-107875648.0,53,0.0,106,-107614832.0,-107350944.0,ERR,ERR,ERR,ERR,ERR,ERR,ERR,ERR,ERR,ERR,ERR,ERR,ERR,ERR,ERR,ERR,ERR,ERR,ERR,ERR,ERR,ERR,ERR,ERR,ERR,ERR,ERR,ERR,ERR,ERR,ERR,ERR,ERR,ERR,ERR,ERR,ERR,ERR,ERR,ERR,ERR,ERR,ERR,ERR,ERR,ERR,ERR,ERR,ERR,ERR,ERR,ERR,ERR,ERR,ERR,ERR,ERR,ERR,ERR,ERR,ERR,ERR,ERR,ERR,ERR,ERR,ERR,50.0,60.0,100,0.0,0.0,0.0,0.0,0.0,0.0,0.0,0.0,0.0,0.0,0.0,0.0,0.0,0.0,0.0,0.0,62.0,65,20,65521,50,65476,0,300,0,0,8,20529,65476,0,0,26214,60.0,0.0,0.0,0.0,0.0,0.0
2026-05-17T16:16:54,ERR,ERR,ERR,ERR,ERR,ERR,ERR,ERR,ERR,ERR,ERR,ERR,ERR,ERR,ERR,ERR,ERR,ERR,ERR,ERR,ERR,ERR,ERR,ERR,ERR,ERR,ERR,ERR,ERR,ERR,ERR,ERR,ERR,ERR,ERR,ERR,ERR,ERR,ERR,ERR,ERR,ERR,ERR,ERR,ERR,ERR,ERR,ERR,ERR,ERR,ERR,ERR,ERR,ERR,ERR,ERR,ERR,ERR,ERR,ERR,ERR,ERR,ERR,ERR,ERR,ERR,ERR,ERR,ERR,ERR,ERR,ERR,ERR,ERR,ERR,ERR,ERR,ERR,ERR,ERR,ERR,ERR,ERR,ERR,ERR,ERR,ERR,ERR,ERR,ERR,ERR,ERR,ERR,ERR,ERR,ERR,ERR,ERR,ERR,ERR,ERR,ERR,ERR,ERR,ERR,ERR,ERR,ERR,ERR,ERR,ERR,ERR,ERR,ERR,ERR,ERR,ERR,ERR,ERR,ERR,ERR,ERR,ERR,ERR,ERR,0.0,-107615288.0,-134474944.0,0.0,0.0,1.3936040501711995e+18,7.805,0.0,0,0,4,0,8422,0.0,45,0.0,0.0,0.0,0.0,0.0,0,0,0,0,0.0,0,0,0,0,0,0,0,0,0,0,0,0,0,0,0,0,0,0,0,0,0,0,0,0,0,0,0,0,0,0,0,0,0,38,14,7,45,65476,0,300,0,0,8,21553,0.0,-107605600.0,0.0,0.0,0.0,0.0,0.0,0.0,0.0,0.0,0.0,0.0,0.0,0.0,0.0,0.0,0.0,0.0,0.0,0.0,0.0,0.0,-2.004,-2.004,-0.0,-2.004,0.0,0.0,0.0,0.0,5099.0,0.0,0.0,0.0,-107615288.0,0.0,-0.0,0.0,0.0,0.0,0.0,53,107615344.0,-0.0,0.0,0.0,0.0,0.0,0.0,0.0,0.0,0,0,0,0.0,0.0,0.0,0.0,0.0,0.0,0.0,0.0,0.0,0.0,0.0,0.0,0.0,0.0,0.0,0.0,0,-107875648.0,53,0.0,106,-107614832.0,-107350944.0,ERR,ERR,ERR,ERR,ERR,ERR,ERR,ERR,ERR,ERR,ERR,ERR,ERR,ERR,ERR,ERR,ERR,ERR,ERR,ERR,ERR,ERR,ERR,ERR,ERR,ERR,ERR,ERR,ERR,ERR,ERR,ERR,ERR,ERR,ERR,ERR,ERR,ERR,ERR,ERR,ERR,ERR,ERR,ERR,ERR,ERR,ERR,ERR,ERR,ERR,ERR,ERR,ERR,ERR,ERR,ERR,ERR,ERR,ERR,ERR,ERR,ERR,ERR,ERR,ERR,ERR,ERR,50.0,60.0,100,0.0,0.0,0.0,0.0,0.0,0.0,0.0,0.0,0.0,0.0,0.0,0.0,0.0,0.0,0.0,0.0,62.0,65,20,65521,50,65476,0,300,0,0,8,20529,65476,0,0,26214,60.0,0.0,0.0,0.0,0.0,0.0
2026-05-17T16:16:55,ERR,ERR,ERR,ERR,ERR,ERR,ERR,ERR,ERR,ERR,ERR,ERR,ERR,ERR,ERR,ERR,ERR,ERR,ERR,ERR,ERR,ERR,ERR,ERR,ERR,ERR,ERR,ERR,ERR,ERR,ERR,ERR,ERR,ERR,ERR,ERR,ERR,ERR,ERR,ERR,ERR,ERR,ERR,ERR,ERR,ERR,ERR,ERR,ERR,ERR,ERR,ERR,ERR,ERR,ERR,ERR,ERR,ERR,ERR,ERR,ERR,ERR,ERR,ERR,ERR,ERR,ERR,ERR,ERR,ERR,ERR,ERR,ERR,ERR,ERR,ERR,ERR,ERR,ERR,ERR,ERR,ERR,ERR,ERR,ERR,ERR,ERR,ERR,ERR,ERR,ERR,ERR,ERR,ERR,ERR,ERR,ERR,ERR,ERR,ERR,ERR,ERR,ERR,ERR,ERR,ERR,ERR,ERR,ERR,ERR,ERR,ERR,ERR,ERR,ERR,ERR,ERR,ERR,ERR,ERR,ERR,ERR,ERR,ERR,ERR,0.0,-107615288.0,-134474944.0,0.0,0.0,1.3936040501711995e+18,7.805,0.0,0,0,4,0,8422,0.0,45,0.0,0.0,0.0,0.0,0.0,0,0,0,0,0.0,0,0,0,0,0,0,0,0,0,0,0,0,0,0,0,0,0,0,0,0,0,0,0,0,0,0,0,0,0,0,0,0,0,38,14,7,45,65476,0,300,0,0,8,21553,0.0,-107605600.0,0.0,0.0,0.0,0.0,0.0,0.0,0.0,0.0,0.0,0.0,0.0,0.0,0.0,0.0,0.0,0.0,0.0,0.0,0.0,0.0,-2.004,-2.004,-0.0,-2.004,0.0,0.0,0.0,0.0,5099.0,0.0,0.0,0.0,-107615288.0,0.0,-0.0,0.0,0.0,0.0,0.0,53,107615344.0,-0.0,0.0,0.0,0.0,0.0,0.0,0.0,0.0,0,0,0,0.0,0.0,0.0,0.0,0.0,0.0,0.0,0.0,0.0,0.0,0.0,0.0,0.0,0.0,0.0,0.0,0,-107875648.0,53,0.0,106,-107614832.0,-107350944.0,ERR,ERR,ERR,ERR,ERR,ERR,ERR,ERR,ERR,ERR,ERR,ERR,ERR,ERR,ERR,ERR,ERR,ERR,ERR,ERR,ERR,ERR,ERR,ERR,ERR,ERR,ERR,ERR,ERR,ERR,ERR,ERR,ERR,ERR,ERR,ERR,ERR,ERR,ERR,ERR,ERR,ERR,ERR,ERR,ERR,ERR,ERR,ERR,ERR,ERR,ERR,ERR,ERR,ERR,ERR,ERR,ERR,ERR,ERR,ERR,ERR,ERR,ERR,ERR,ERR,ERR,ERR,50.0,60.0,100,0.0,0.0,0.0,0.0,0.0,0.0,0.0,0.0,0.0,0.0,0.0,0.0,0.0,0.0,0.0,0.0,61.6,65,20,65521,50,65476,0,300,0,0,8,20529,65476,0,0,26214,60.0,0.0,0.0,0.0,0.0,0.0
2026-05-17T16:16:56,ERR,ERR,ERR,ERR,ERR,ERR,ERR,ERR,ERR,ERR,ERR,ERR,ERR,ERR,ERR,ERR,ERR,ERR,ERR,ERR,ERR,ERR,ERR,ERR,ERR,ERR,ERR,ERR,ERR,ERR,ERR,ERR,ERR,ERR,ERR,ERR,ERR,ERR,ERR,ERR,ERR,ERR,ERR,ERR,ERR,ERR,ERR,ERR,ERR,ERR,ERR,ERR,ERR,ERR,ERR,ERR,ERR,ERR,ERR,ERR,ERR,ERR,ERR,ERR,ERR,ERR,ERR,ERR,ERR,ERR,ERR,ERR,ERR,ERR,ERR,ERR,ERR,ERR,ERR,ERR,ERR,ERR,ERR,ERR,ERR,ERR,ERR,ERR,ERR,ERR,ERR,ERR,ERR,ERR,ERR,ERR,ERR,ERR,ERR,ERR,ERR,ERR,ERR,ERR,ERR,ERR,ERR,ERR,ERR,ERR,ERR,ERR,ERR,ERR,ERR,ERR,ERR,ERR,ERR,ERR,ERR,ERR,ERR,ERR,ERR,0.0,-107615288.0,-134474944.0,0.0,0.0,1.3936040501711995e+18,7.805,0.0,0,0,4,0,8422,0.0,45,0.0,0.0,0.0,0.0,0.0,0,0,0,0,0.0,0,0,0,0,0,0,0,0,0,0,0,0,0,0,0,0,0,0,0,0,0,0,0,0,0,0,0,0,0,0,0,0,0,38,14,7,45,65476,0,300,0,0,8,21553,0.0,-107605600.0,0.0,0.0,0.0,0.0,0.0,0.0,0.0,0.0,0.0,0.0,0.0,0.0,0.0,0.0,0.0,0.0,0.0,0.0,0.0,0.0,-2.004,-2.004,-0.0,0.0,0.0,0.0,0.0,0.0,5072.0,-2.004,0.0,0.0,-107615288.0,0.0,-0.0,0.0,0.0,0.0,0.0,53,2.7184300208680915e+23,0.0,0.0,0.0,0.0,0.0,0.0,0.0,0.0,0,0,0,0.0,0.0,0.0,0.0,0.0,0.0,0.0,0.0,0.0,0.0,0.0,0.0,0.0,0.0,0.0,0.0,0,-107875648.0,53,0.0,106,-107614832.0,-107350944.0,ERR,ERR,ERR,ERR,ERR,ERR,ERR,ERR,ERR,ERR,ERR,ERR,ERR,ERR,ERR,ERR,ERR,ERR,ERR,ERR,ERR,ERR,ERR,ERR,ERR,ERR,ERR,ERR,ERR,ERR,ERR,ERR,ERR,ERR,ERR,ERR,ERR,ERR,ERR,ERR,ERR,ERR,ERR,ERR,ERR,ERR,ERR,ERR,ERR,ERR,ERR,ERR,ERR,ERR,ERR,ERR,ERR,ERR,ERR,ERR,ERR,ERR,ERR,ERR,ERR,ERR,ERR,50.0,60.0,100,0.0,0.0,0.0,0.0,0.0,0.0,0.0,0.0,0.0,0.0,0.0,0.0,0.0,0.0,0.0,0.0,61.6,65,20,65521,50,65476,0,300,0,0,8,20529,65476,0,0,26214,60.0,0.0,0.0,0.0,0.0,0.0
2026-05-17T16:16:57,ERR,ERR,ERR,ERR,ERR,ERR,ERR,ERR,ERR,ERR,ERR,ERR,ERR,ERR,ERR,ERR,ERR,ERR,ERR,ERR,ERR,ERR,ERR,ERR,ERR,ERR,ERR,ERR,ERR,ERR,ERR,ERR,ERR,ERR,ERR,ERR,ERR,ERR,ERR,ERR,ERR,ERR,ERR,ERR,ERR,ERR,ERR,ERR,ERR,ERR,ERR,ERR,ERR,ERR,ERR,ERR,ERR,ERR,ERR,ERR,ERR,ERR,ERR,ERR,ERR,ERR,ERR,ERR,ERR,ERR,ERR,ERR,ERR,ERR,ERR,ERR,ERR,ERR,ERR,ERR,ERR,ERR,ERR,ERR,ERR,ERR,ERR,ERR,ERR,ERR,ERR,ERR,ERR,ERR,ERR,ERR,ERR,ERR,ERR,ERR,ERR,ERR,ERR,ERR,ERR,ERR,ERR,ERR,ERR,ERR,ERR,ERR,ERR,ERR,ERR,ERR,ERR,ERR,ERR,ERR,ERR,ERR,ERR,ERR,ERR,0.0,-107615288.0,-134474944.0,0.0,0.0,1.3936040501711995e+18,7.805,0.0,0,0,4,0,8422,0.0,45,0.0,0.0,0.0,0.0,0.0,0,0,0,0,0.0,0,0,0,0,0,0,0,0,0,0,0,0,0,0,0,0,0,0,0,0,0,0,0,0,0,0,0,0,0,0,0,0,0,38,14,7,45,65476,0,300,0,0,8,21553,0.0,-107605600.0,0.0,0.0,0.0,0.0,0.0,0.0,0.0,0.0,0.0,0.0,0.0,0.0,0.0,0.0,0.0,0.0,0.0,0.0,0.0,0.0,-2.004,-2.004,-0.0,0.0,0.0,0.0,0.0,0.0,5072.0,-2.004,0.0,0.0,-107615288.0,0.0,-0.0,0.0,0.0,0.0,0.0,53,2.7184300208680915e+23,0.0,0.0,0.0,0.0,0.0,0.0,0.0,0.0,0,0,0,0.0,0.0,0.0,0.0,0.0,0.0,0.0,0.0,0.0,0.0,0.0,0.0,0.0,0.0,0.0,0.0,0,-107875648.0,53,0.0,106,-107614832.0,-107350944.0,ERR,ERR,ERR,ERR,ERR,ERR,ERR,ERR,ERR,ERR,ERR,ERR,ERR,ERR,ERR,ERR,ERR,ERR,ERR,ERR,ERR,ERR,ERR,ERR,ERR,ERR,ERR,ERR,ERR,ERR,ERR,ERR,ERR,ERR,ERR,ERR,ERR,ERR,ERR,ERR,ERR,ERR,ERR,ERR,ERR,ERR,ERR,ERR,ERR,ERR,ERR,ERR,ERR,ERR,ERR,ERR,ERR,ERR,ERR,ERR,ERR,ERR,ERR,ERR,ERR,ERR,ERR,50.0,60.0,100,0.0,0.0,0.0,0.0,0.0,0.0,0.0,0.0,0.0,0.0,0.0,0.0,0.0,0.0,0.0,0.0,61.6,65,20,65521,50,65476,0,300,0,0,8,20529,65476,0,0,26214,60.0,0.0,0.0,0.0,0.0,0.0
2026-05-17T16:16:58,ERR,ERR,ERR,ERR,ERR,ERR,ERR,ERR,ERR,ERR,ERR,ERR,ERR,ERR,ERR,ERR,ERR,ERR,ERR,ERR,ERR,ERR,ERR,ERR,ERR,ERR,ERR,ERR,ERR,ERR,ERR,ERR,ERR,ERR,ERR,ERR,ERR,ERR,ERR,ERR,ERR,ERR,ERR,ERR,ERR,ERR,ERR,ERR,ERR,ERR,ERR,ERR,ERR,ERR,ERR,ERR,ERR,ERR,ERR,ERR,ERR,ERR,ERR,ERR,ERR,ERR,ERR,ERR,ERR,ERR,ERR,ERR,ERR,ERR,ERR,ERR,ERR,ERR,ERR,ERR,ERR,ERR,ERR,ERR,ERR,ERR,ERR,ERR,ERR,ERR,ERR,ERR,ERR,ERR,ERR,ERR,ERR,ERR,ERR,ERR,ERR,ERR,ERR,ERR,ERR,ERR,ERR,ERR,ERR,ERR,ERR,ERR,ERR,ERR,ERR,ERR,ERR,ERR,ERR,ERR,ERR,ERR,ERR,ERR,ERR,0.0,-107615288.0,-134474944.0,0.0,0.0,1.3936040501711995e+18,7.805,0.0,0,0,4,0,8422,0.0,45,0.0,0.0,0.0,0.0,0.0,0,0,0,0,0.0,0,0,0,0,0,0,0,0,0,0,0,0,0,0,0,0,0,0,0,0,0,0,0,0,0,0,0,0,0,0,0,0,0,38,14,7,45,65476,0,300,0,0,8,21553,0.0,-107605600.0,0.0,0.0,0.0,0.0,0.0,0.0,0.0,0.0,0.0,0.0,0.0,0.0,0.0,0.0,0.0,0.0,0.0,0.0,0.0,0.0,-2.004,-2.004,-0.0,0.0,0.0,0.0,0.0,0.0,5072.0,-2.004,0.0,0.0,-107615288.0,0.0,-0.0,0.0,0.0,0.0,0.0,53,2.7184300208680915e+23,0.0,0.0,0.0,0.0,0.0,0.0,0.0,0.0,0,0,0,0.0,0.0,0.0,0.0,0.0,0.0,0.0,0.0,0.0,0.0,0.0,0.0,0.0,0.0,0.0,0.0,0,-107875648.0,53,0.0,106,-107614832.0,-107350944.0,ERR,ERR,ERR,ERR,ERR,ERR,ERR,ERR,ERR,ERR,ERR,ERR,ERR,ERR,ERR,ERR,ERR,ERR,ERR,ERR,ERR,ERR,ERR,ERR,ERR,ERR,ERR,ERR,ERR,ERR,ERR,ERR,ERR,ERR,ERR,ERR,ERR,ERR,ERR,ERR,ERR,ERR,ERR,ERR,ERR,ERR,ERR,ERR,ERR,ERR,ERR,ERR,ERR,ERR,ERR,ERR,ERR,ERR,ERR,ERR,ERR,ERR,ERR,ERR,ERR,ERR,ERR,50.0,60.0,100,0.0,0.0,0.0,0.0,0.0,0.0,0.0,0.0,0.0,0.0,0.0,0.0,0.0,0.0,0.0,0.0,61.6,65,20,65521,50,65476,0,300,0,0,8,20529,65476,0,0,26214,60.0,0.0,0.0,0.0,0.0,0.0
2026-05-17T16:16:59,ERR,ERR,ERR,ERR,ERR,ERR,ERR,ERR,ERR,ERR,ERR,ERR,ERR,ERR,ERR,ERR,ERR,ERR,ERR,ERR,ERR,ERR,ERR,ERR,ERR,ERR,ERR,ERR,ERR,ERR,ERR,ERR,ERR,ERR,ERR,ERR,ERR,ERR,ERR,ERR,ERR,ERR,ERR,ERR,ERR,ERR,ERR,ERR,ERR,ERR,ERR,ERR,ERR,ERR,ERR,ERR,ERR,ERR,ERR,ERR,ERR,ERR,ERR,ERR,ERR,ERR,ERR,ERR,ERR,ERR,ERR,ERR,ERR,ERR,ERR,ERR,ERR,ERR,ERR,ERR,ERR,ERR,ERR,ERR,ERR,ERR,ERR,ERR,ERR,ERR,ERR,ERR,ERR,ERR,ERR,ERR,ERR,ERR,ERR,ERR,ERR,ERR,ERR,ERR,ERR,ERR,ERR,ERR,ERR,ERR,ERR,ERR,ERR,ERR,ERR,ERR,ERR,ERR,ERR,ERR,ERR,ERR,ERR,ERR,ERR,0.0,-107615288.0,-134474944.0,0.0,0.0,1.3936040501711995e+18,7.805,0.0,0,0,4,0,8422,0.0,45,0.0,0.0,0.0,0.0,0.0,0,0,0,0,0.0,0,0,0,0,0,0,0,0,0,0,0,0,0,0,0,0,0,0,0,0,0,0,0,0,0,0,0,0,0,0,0,0,0,38,14,7,45,65476,0,300,0,0,8,21553,0.0,-107605600.0,0.0,0.0,0.0,0.0,0.0,0.0,0.0,0.0,0.0,0.0,0.0,0.0,0.0,0.0,0.0,0.0,0.0,0.0,0.0,0.0,-2.004,-2.004,-0.0,0.0,0.0,0.0,0.0,0.0,5072.0,-2.004,0.0,0.0,-107615288.0,0.0,-0.0,0.0,0.0,0.0,0.0,53,2.7184300208680915e+23,0.0,0.0,0.0,0.0,0.0,0.0,0.0,0.0,0,0,0,0.0,0.0,0.0,0.0,0.0,0.0,0.0,0.0,0.0,0.0,0.0,0.0,0.0,0.0,0.0,0.0,0,-107875648.0,53,0.0,106,-107614832.0,-107350944.0,ERR,ERR,ERR,ERR,ERR,ERR,ERR,ERR,ERR,ERR,ERR,ERR,ERR,ERR,ERR,ERR,ERR,ERR,ERR,ERR,ERR,ERR,ERR,ERR,ERR,ERR,ERR,ERR,ERR,ERR,ERR,ERR,ERR,ERR,ERR,ERR,ERR,ERR,ERR,ERR,ERR,ERR,ERR,ERR,ERR,ERR,ERR,ERR,ERR,ERR,ERR,ERR,ERR,ERR,ERR,ERR,ERR,ERR,ERR,ERR,ERR,ERR,ERR,ERR,ERR,ERR,ERR,50.0,60.0,100,0.0,0.0,0.0,0.0,0.0,0.0,0.0,0.0,0.0,0.0,0.0,0.0,0.0,0.0,0.0,0.0,61.6,65,20,65521,50,65476,0,300,0,0,8,20529,65476,0,0,26214,60.0,0.0,0.0,0.0,0.0,0.0
2026-05-17T16:17:00,ERR,ERR,ERR,ERR,ERR,ERR,ERR,ERR,ERR,ERR,ERR,ERR,ERR,ERR,ERR,ERR,ERR,ERR,ERR,ERR,ERR,ERR,ERR,ERR,ERR,ERR,ERR,ERR,ERR,ERR,ERR,ERR,ERR,ERR,ERR,ERR,ERR,ERR,ERR,ERR,ERR,ERR,ERR,ERR,ERR,ERR,ERR,ERR,ERR,ERR,ERR,ERR,ERR,ERR,ERR,ERR,ERR,ERR,ERR,ERR,ERR,ERR,ERR,ERR,ERR,ERR,ERR,ERR,ERR,ERR,ERR,ERR,ERR,ERR,ERR,ERR,ERR,ERR,ERR,ERR,ERR,ERR,ERR,ERR,ERR,ERR,ERR,ERR,ERR,ERR,ERR,ERR,ERR,ERR,ERR,ERR,ERR,ERR,ERR,ERR,ERR,ERR,ERR,ERR,ERR,ERR,ERR,ERR,ERR,ERR,ERR,ERR,ERR,ERR,ERR,ERR,ERR,ERR,ERR,ERR,ERR,ERR,ERR,ERR,ERR,0.0,-107615288.0,-134474944.0,0.0,0.0,1.3936040501711995e+18,7.805,0.0,0,0,4,0,8422,0.0,45,0.0,0.0,0.0,0.0,0.0,0,0,0,0,0.0,0,0,0,0,0,0,0,0,0,0,0,0,0,0,0,0,0,0,0,0,0,0,0,0,0,0,0,0,0,0,0,0,0,38,14,7,45,65476,0,300,0,0,8,21553,0.0,-107605600.0,0.0,0.0,0.0,0.0,0.0,0.0,0.0,0.0,0.0,0.0,0.0,0.0,0.0,0.0,0.0,0.0,0.0,0.0,0.0,0.0,-2.004,-2.004,-0.0,0.0,0.0,0.0,0.0,0.0,5072.0,-2.004,0.0,0.0,-107615288.0,0.0,-0.0,0.0,0.0,0.0,0.0,53,2.7184300208680915e+23,0.0,0.0,0.0,0.0,0.0,0.0,0.0,0.0,0,0,0,0.0,0.0,0.0,0.0,0.0,0.0,0.0,0.0,0.0,0.0,0.0,0.0,0.0,0.0,0.0,0.0,0,-107875648.0,53,0.0,106,-107614832.0,-107350944.0,ERR,ERR,ERR,ERR,ERR,ERR,ERR,ERR,ERR,ERR,ERR,ERR,ERR,ERR,ERR,ERR,ERR,ERR,ERR,ERR,ERR,ERR,ERR,ERR,ERR,ERR,ERR,ERR,ERR,ERR,ERR,ERR,ERR,ERR,ERR,ERR,ERR,ERR,ERR,ERR,ERR,ERR,ERR,ERR,ERR,ERR,ERR,ERR,ERR,ERR,ERR,ERR,ERR,ERR,ERR,ERR,ERR,ERR,ERR,ERR,ERR,ERR,ERR,ERR,ERR,ERR,ERR,50.0,60.0,100,0.0,0.0,0.0,0.0,0.0,0.0,0.0,0.0,0.0,0.0,0.0,0.0,0.0,0.0,0.0,0.0,62.0,65,20,65521,50,65476,0,300,0,0,8,20529,65476,0,0,26214,60.0,0.0,0.0,0.0,0.0,0.0
2026-05-17T16:17:01,ERR,ERR,ERR,ERR,ERR,ERR,ERR,ERR,ERR,ERR,ERR,ERR,ERR,ERR,ERR,ERR,ERR,ERR,ERR,ERR,ERR,ERR,ERR,ERR,ERR,ERR,ERR,ERR,ERR,ERR,ERR,ERR,ERR,ERR,ERR,ERR,ERR,ERR,ERR,ERR,ERR,ERR,ERR,ERR,ERR,ERR,ERR,ERR,ERR,ERR,ERR,ERR,ERR,ERR,ERR,ERR,ERR,ERR,ERR,ERR,ERR,ERR,ERR,ERR,ERR,ERR,ERR,ERR,ERR,ERR,ERR,ERR,ERR,ERR,ERR,ERR,ERR,ERR,ERR,ERR,ERR,ERR,ERR,ERR,ERR,ERR,ERR,ERR,ERR,ERR,ERR,ERR,ERR,ERR,ERR,ERR,ERR,ERR,ERR,ERR,ERR,ERR,ERR,ERR,ERR,ERR,ERR,ERR,ERR,ERR,ERR,ERR,ERR,ERR,ERR,ERR,ERR,ERR,ERR,ERR,ERR,ERR,ERR,ERR,ERR,0.0,-107615288.0,-134474944.0,0.0,0.0,1.3936040501711995e+18,7.805,0.0,0,0,4,0,8422,0.0,45,0.0,0.0,0.0,0.0,0.0,0,0,0,0,0.0,0,0,0,0,0,0,0,0,0,0,0,0,0,0,0,0,0,0,0,0,0,0,0,0,0,0,0,0,0,0,0,0,0,38,14,7,45,65476,0,300,0,0,8,21553,0.0,-107605600.0,0.0,0.0,0.0,0.0,0.0,0.0,0.0,0.0,0.0,0.0,0.0,0.0,0.0,0.0,0.0,0.0,0.0,0.0,0.0,0.0,-2.004,-2.004,-0.0,0.0,0.0,0.0,0.0,0.0,5069.0,0.0,0.0,0.0,-107615288.0,0.0,-0.0,0.0,0.0,0.0,0.0,53,152018454839296.0,5.8480564754410164e+35,0.0,0.0,0.0,0.0,0.0,0.0,0.0,0,0,0,0.0,0.0,0.0,0.0,0.0,0.0,0.0,0.0,0.0,0.0,0.0,0.0,0.0,0.0,0.0,0.0,0,-107875648.0,53,0.0,106,-107614832.0,-107350944.0,ERR,ERR,ERR,ERR,ERR,ERR,ERR,ERR,ERR,ERR,ERR,ERR,ERR,ERR,ERR,ERR,ERR,ERR,ERR,ERR,ERR,ERR,ERR,ERR,ERR,ERR,ERR,ERR,ERR,ERR,ERR,ERR,ERR,ERR,ERR,ERR,ERR,ERR,ERR,ERR,ERR,ERR,ERR,ERR,ERR,ERR,ERR,ERR,ERR,ERR,ERR,ERR,ERR,ERR,ERR,ERR,ERR,ERR,ERR,ERR,ERR,ERR,ERR,ERR,ERR,ERR,ERR,50.0,60.0,100,0.0,0.0,0.0,0.0,0.0,0.0,0.0,0.0,0.0,0.0,0.0,0.0,0.0,0.0,0.0,0.0,62.0,65,20,65521,50,65476,0,300,0,0,8,20529,65476,0,0,26214,60.0,0.0,0.0,0.0,0.0,0.0
2026-05-17T16:17:02,ERR,ERR,ERR,ERR,ERR,ERR,ERR,ERR,ERR,ERR,ERR,ERR,ERR,ERR,ERR,ERR,ERR,ERR,ERR,ERR,ERR,ERR,ERR,ERR,ERR,ERR,ERR,ERR,ERR,ERR,ERR,ERR,ERR,ERR,ERR,ERR,ERR,ERR,ERR,ERR,ERR,ERR,ERR,ERR,ERR,ERR,ERR,ERR,ERR,ERR,ERR,ERR,ERR,ERR,ERR,ERR,ERR,ERR,ERR,ERR,ERR,ERR,ERR,ERR,ERR,ERR,ERR,ERR,ERR,ERR,ERR,ERR,ERR,ERR,ERR,ERR,ERR,ERR,ERR,ERR,ERR,ERR,ERR,ERR,ERR,ERR,ERR,ERR,ERR,ERR,ERR,ERR,ERR,ERR,ERR,ERR,ERR,ERR,ERR,ERR,ERR,ERR,ERR,ERR,ERR,ERR,ERR,ERR,ERR,ERR,ERR,ERR,ERR,ERR,ERR,ERR,ERR,ERR,ERR,ERR,ERR,ERR,ERR,ERR,ERR,0.0,-107615288.0,-134474944.0,0.0,0.0,1.3936040501711995e+18,7.805,0.0,0,0,4,0,8422,0.0,45,0.0,0.0,0.0,0.0,0.0,0,0,0,0,0.0,0,0,0,0,0,0,0,0,0,0,0,0,0,0,0,0,0,0,0,0,0,0,0,0,0,0,0,0,0,0,0,0,0,38,14,7,45,65476,0,300,0,0,8,21553,0.0,-107605600.0,0.0,0.0,0.0,0.0,0.0,0.0,0.0,0.0,0.0,0.0,0.0,0.0,0.0,0.0,0.0,0.0,0.0,0.0,0.0,0.0,-2.004,-2.004,-0.0,0.0,0.0,0.0,0.0,0.0,5069.0,0.0,0.0,0.0,-107615288.0,0.0,-0.0,0.0,0.0,0.0,0.0,53,152018454839296.0,5.8480564754410164e+35,0.0,0.0,0.0,0.0,0.0,0.0,0.0,0,0,0,0.0,0.0,0.0,0.0,0.0,0.0,0.0,0.0,0.0,0.0,0.0,0.0,0.0,0.0,0.0,0.0,0,-107875648.0,53,0.0,106,-107614832.0,-107350944.0,ERR,ERR,ERR,ERR,ERR,ERR,ERR,ERR,ERR,ERR,ERR,ERR,ERR,ERR,ERR,ERR,ERR,ERR,ERR,ERR,ERR,ERR,ERR,ERR,ERR,ERR,ERR,ERR,ERR,ERR,ERR,ERR,ERR,ERR,ERR,ERR,ERR,ERR,ERR,ERR,ERR,ERR,ERR,ERR,ERR,ERR,ERR,ERR,ERR,ERR,ERR,ERR,ERR,ERR,ERR,ERR,ERR,ERR,ERR,ERR,ERR,ERR,ERR,ERR,ERR,ERR,ERR,50.0,60.0,100,0.0,0.0,0.0,0.0,0.0,0.0,0.0,0.0,0.0,0.0,0.0,0.0,0.0,0.0,0.0,0.0,61.6,65,20,65521,50,65476,0,300,0,0,8,20529,65476,0,0,26214,60.0,0.0,0.0,0.0,0.0,0.0
2026-05-17T16:17:03,ERR,ERR,ERR,ERR,ERR,ERR,ERR,ERR,ERR,ERR,ERR,ERR,ERR,ERR,ERR,ERR,ERR,ERR,ERR,ERR,ERR,ERR,ERR,ERR,ERR,ERR,ERR,ERR,ERR,ERR,ERR,ERR,ERR,ERR,ERR,ERR,ERR,ERR,ERR,ERR,ERR,ERR,ERR,ERR,ERR,ERR,ERR,ERR,ERR,ERR,ERR,ERR,ERR,ERR,ERR,ERR,ERR,ERR,ERR,ERR,ERR,ERR,ERR,ERR,ERR,ERR,ERR,ERR,ERR,ERR,ERR,ERR,ERR,ERR,ERR,ERR,ERR,ERR,ERR,ERR,ERR,ERR,ERR,ERR,ERR,ERR,ERR,ERR,ERR,ERR,ERR,ERR,ERR,ERR,ERR,ERR,ERR,ERR,ERR,ERR,ERR,ERR,ERR,ERR,ERR,ERR,ERR,ERR,ERR,ERR,ERR,ERR,ERR,ERR,ERR,ERR,ERR,ERR,ERR,ERR,ERR,ERR,ERR,ERR,ERR,0.0,-107615288.0,-134474944.0,0.0,0.0,1.3936040501711995e+18,7.805,0.0,0,0,4,0,8422,0.0,45,0.0,0.0,0.0,0.0,0.0,0,0,0,0,0.0,0,0,0,0,0,0,0,0,0,0,0,0,0,0,0,0,0,0,0,0,0,0,0,0,0,0,0,0,0,0,0,0,0,38,14,7,45,65476,0,300,0,0,8,21553,0.0,-107605600.0,0.0,0.0,0.0,0.0,0.0,0.0,0.0,0.0,0.0,0.0,0.0,0.0,0.0,0.0,0.0,0.0,0.0,0.0,0.0,0.0,-2.004,-2.004,-0.0,0.0,0.0,0.0,0.0,0.0,5069.0,0.0,0.0,0.0,-107615288.0,0.0,-0.0,0.0,0.0,0.0,0.0,53,152018454839296.0,5.8480564754410164e+35,0.0,0.0,0.0,0.0,0.0,0.0,0.0,0,0,0,0.0,0.0,0.0,0.0,0.0,0.0,0.0,0.0,0.0,0.0,0.0,0.0,0.0,0.0,0.0,0.0,0,-107875648.0,53,0.0,106,-107614832.0,-107350944.0,ERR,ERR,ERR,ERR,ERR,ERR,ERR,ERR,ERR,ERR,ERR,ERR,ERR,ERR,ERR,ERR,ERR,ERR,ERR,ERR,ERR,ERR,ERR,ERR,ERR,ERR,ERR,ERR,ERR,ERR,ERR,ERR,ERR,ERR,ERR,ERR,ERR,ERR,ERR,ERR,ERR,ERR,ERR,ERR,ERR,ERR,ERR,ERR,ERR,ERR,ERR,ERR,ERR,ERR,ERR,ERR,ERR,ERR,ERR,ERR,ERR,ERR,ERR,ERR,ERR,ERR,ERR,50.0,60.0,100,0.0,0.0,0.0,0.0,0.0,0.0,0.0,0.0,0.0,0.0,0.0,0.0,0.0,0.0,0.0,0.0,61.6,65,20,65521,50,65476,0,300,0,0,8,20529,65476,0,0,26214,60.0,0.0,0.0,0.0,0.0,0.0
2026-05-17T16:17:04,ERR,ERR,ERR,ERR,ERR,ERR,ERR,ERR,ERR,ERR,ERR,ERR,ERR,ERR,ERR,ERR,ERR,ERR,ERR,ERR,ERR,ERR,ERR,ERR,ERR,ERR,ERR,ERR,ERR,ERR,ERR,ERR,ERR,ERR,ERR,ERR,ERR,ERR,ERR,ERR,ERR,ERR,ERR,ERR,ERR,ERR,ERR,ERR,ERR,ERR,ERR,ERR,ERR,ERR,ERR,ERR,ERR,ERR,ERR,ERR,ERR,ERR,ERR,ERR,ERR,ERR,ERR,ERR,ERR,ERR,ERR,ERR,ERR,ERR,ERR,ERR,ERR,ERR,ERR,ERR,ERR,ERR,ERR,ERR,ERR,ERR,ERR,ERR,ERR,ERR,ERR,ERR,ERR,ERR,ERR,ERR,ERR,ERR,ERR,ERR,ERR,ERR,ERR,ERR,ERR,ERR,ERR,ERR,ERR,ERR,ERR,ERR,ERR,ERR,ERR,ERR,ERR,ERR,ERR,ERR,ERR,ERR,ERR,ERR,ERR,0.0,-107615288.0,-134474944.0,0.0,0.0,1.3936040501711995e+18,7.805,0.0,0,0,4,0,8422,0.0,45,0.0,0.0,0.0,0.0,0.0,0,0,0,0,0.0,0,0,0,0,0,0,0,0,0,0,0,0,0,0,0,0,0,0,0,0,0,0,0,0,0,0,0,0,0,0,0,0,0,38,14,7,45,65476,0,300,0,0,8,21553,0.0,-107605600.0,0.0,0.0,0.0,0.0,0.0,0.0,0.0,0.0,0.0,0.0,0.0,0.0,0.0,0.0,0.0,0.0,0.0,0.0,0.0,0.0,-2.004,-2.004,-0.0,0.0,0.0,0.0,0.0,0.0,5069.0,0.0,0.0,0.0,-107615288.0,0.0,-0.0,0.0,0.0,0.0,0.0,53,152018454839296.0,5.8480564754410164e+35,0.0,0.0,0.0,0.0,0.0,0.0,0.0,0,0,0,0.0,0.0,0.0,0.0,0.0,0.0,0.0,0.0,0.0,0.0,0.0,0.0,0.0,0.0,0.0,0.0,0,-107875648.0,53,0.0,106,-107614832.0,-107350944.0,ERR,ERR,ERR,ERR,ERR,ERR,ERR,ERR,ERR,ERR,ERR,ERR,ERR,ERR,ERR,ERR,ERR,ERR,ERR,ERR,ERR,ERR,ERR,ERR,ERR,ERR,ERR,ERR,ERR,ERR,ERR,ERR,ERR,ERR,ERR,ERR,ERR,ERR,ERR,ERR,ERR,ERR,ERR,ERR,ERR,ERR,ERR,ERR,ERR,ERR,ERR,ERR,ERR,ERR,ERR,ERR,ERR,ERR,ERR,ERR,ERR,ERR,ERR,ERR,ERR,ERR,ERR,50.0,60.0,100,0.0,0.0,0.0,0.0,0.0,0.0,0.0,0.0,0.0,0.0,0.0,0.0,0.0,0.0,0.0,0.0,61.6,65,20,65521,50,65476,0,300,0,0,8,20529,65476,0,0,26214,60.0,0.0,0.0,0.0,0.0,0.0
2026-05-17T16:17:05,ERR,ERR,ERR,ERR,ERR,ERR,ERR,ERR,ERR,ERR,ERR,ERR,ERR,ERR,ERR,ERR,ERR,ERR,ERR,ERR,ERR,ERR,ERR,ERR,ERR,ERR,ERR,ERR,ERR,ERR,ERR,ERR,ERR,ERR,ERR,ERR,ERR,ERR,ERR,ERR,ERR,ERR,ERR,ERR,ERR,ERR,ERR,ERR,ERR,ERR,ERR,ERR,ERR,ERR,ERR,ERR,ERR,ERR,ERR,ERR,ERR,ERR,ERR,ERR,ERR,ERR,ERR,ERR,ERR,ERR,ERR,ERR,ERR,ERR,ERR,ERR,ERR,ERR,ERR,ERR,ERR,ERR,ERR,ERR,ERR,ERR,ERR,ERR,ERR,ERR,ERR,ERR,ERR,ERR,ERR,ERR,ERR,ERR,ERR,ERR,ERR,ERR,ERR,ERR,ERR,ERR,ERR,ERR,ERR,ERR,ERR,ERR,ERR,ERR,ERR,ERR,ERR,ERR,ERR,ERR,ERR,ERR,ERR,ERR,ERR,0.0,-107615288.0,-134474944.0,0.0,0.0,1.3936040501711995e+18,7.805,0.0,0,0,4,0,8422,0.0,45,0.0,0.0,0.0,0.0,0.0,0,0,0,0,0.0,0,0,0,0,0,0,0,0,0,0,0,0,0,0,0,0,0,0,0,0,0,0,0,0,0,0,0,0,0,0,0,0,0,38,14,7,45,65476,0,300,0,0,8,21553,0.0,-107605600.0,0.0,0.0,0.0,0.0,0.0,0.0,0.0,0.0,0.0,0.0,0.0,0.0,0.0,0.0,0.0,0.0,0.0,0.0,0.0,0.0,-2.004,-2.004,-0.0,0.0,0.0,0.0,0.0,0.0,5069.0,0.0,0.0,0.0,-107615288.0,0.0,-0.0,0.0,0.0,0.0,0.0,53,152018454839296.0,5.8480564754410164e+35,0.0,0.0,0.0,0.0,0.0,0.0,0.0,0,0,0,0.0,0.0,0.0,0.0,0.0,0.0,0.0,0.0,0.0,0.0,0.0,0.0,0.0,0.0,0.0,0.0,0,-107875648.0,53,0.0,106,-107614832.0,-107350944.0,ERR,ERR,ERR,ERR,ERR,ERR,ERR,ERR,ERR,ERR,ERR,ERR,ERR,ERR,ERR,ERR,ERR,ERR,ERR,ERR,ERR,ERR,ERR,ERR,ERR,ERR,ERR,ERR,ERR,ERR,ERR,ERR,ERR,ERR,ERR,ERR,ERR,ERR,ERR,ERR,ERR,ERR,ERR,ERR,ERR,ERR,ERR,ERR,ERR,ERR,ERR,ERR,ERR,ERR,ERR,ERR,ERR,ERR,ERR,ERR,ERR,ERR,ERR,ERR,ERR,ERR,ERR,50.0,60.0,100,0.0,0.0,0.0,0.0,0.0,0.0,0.0,0.0,0.0,0.0,0.0,0.0,0.0,0.0,0.0,0.0,62.0,65,20,65521,50,65476,0,300,0,0,8,20529,65476,0,0,26214,60.0,0.0,0.0,0.0,0.0,0.0
2026-05-17T16:17:06,ERR,ERR,ERR,ERR,ERR,ERR,ERR,ERR,ERR,ERR,ERR,ERR,ERR,ERR,ERR,ERR,ERR,ERR,ERR,ERR,ERR,ERR,ERR,ERR,ERR,ERR,ERR,ERR,ERR,ERR,ERR,ERR,ERR,ERR,ERR,ERR,ERR,ERR,ERR,ERR,ERR,ERR,ERR,ERR,ERR,ERR,ERR,ERR,ERR,ERR,ERR,ERR,ERR,ERR,ERR,ERR,ERR,ERR,ERR,ERR,ERR,ERR,ERR,ERR,ERR,ERR,ERR,ERR,ERR,ERR,ERR,ERR,ERR,ERR,ERR,ERR,ERR,ERR,ERR,ERR,ERR,ERR,ERR,ERR,ERR,ERR,ERR,ERR,ERR,ERR,ERR,ERR,ERR,ERR,ERR,ERR,ERR,ERR,ERR,ERR,ERR,ERR,ERR,ERR,ERR,ERR,ERR,ERR,ERR,ERR,ERR,ERR,ERR,ERR,ERR,ERR,ERR,ERR,ERR,ERR,ERR,ERR,ERR,ERR,ERR,0.0,-107615288.0,-134474944.0,0.0,0.0,1.3936040501711995e+18,7.805,0.0,0,0,4,0,8422,0.0,45,0.0,0.0,0.0,0.0,0.0,0,0,0,0,0.0,0,0,0,0,0,0,0,0,0,0,0,0,0,0,0,0,0,0,0,0,0,0,0,0,0,0,0,0,0,0,0,0,0,38,14,7,45,65476,0,300,0,0,8,21553,0.0,-107605600.0,0.0,0.0,0.0,0.0,0.0,0.0,0.0,0.0,0.0,0.0,0.0,0.0,0.0,0.0,0.0,0.0,0.0,0.0,0.0,0.0,-2.004,-2.004,-0.0,0.0,0.0,0.0,0.0,0.0,5036.0,-0.0,0.0,0.0,-107615288.0,0.0,-0.0,0.0,0.0,0.0,0.0,53,126841110528.0,-0.0,0.0,0.0,0.0,0.0,0.0,0.0,0.0,0,0,0,0.0,0.0,0.0,0.0,0.0,0.0,0.0,0.0,0.0,0.0,0.0,0.0,0.0,0.0,0.0,0.0,0,-107875648.0,53,0.0,106,-107614832.0,-107350944.0,ERR,ERR,ERR,ERR,ERR,ERR,ERR,ERR,ERR,ERR,ERR,ERR,ERR,ERR,ERR,ERR,ERR,ERR,ERR,ERR,ERR,ERR,ERR,ERR,ERR,ERR,ERR,ERR,ERR,ERR,ERR,ERR,ERR,ERR,ERR,ERR,ERR,ERR,ERR,ERR,ERR,ERR,ERR,ERR,ERR,ERR,ERR,ERR,ERR,ERR,ERR,ERR,ERR,ERR,ERR,ERR,ERR,ERR,ERR,ERR,ERR,ERR,ERR,ERR,ERR,ERR,ERR,50.0,60.0,100,0.0,0.0,0.0,0.0,0.0,0.0,0.0,0.0,0.0,0.0,0.0,0.0,0.0,0.0,0.0,0.0,62.0,65,20,65521,50,65476,0,300,0,0,8,20529,65476,0,0,26214,60.0,0.0,0.0,0.0,0.0,0.0
2026-05-17T16:17:07,ERR,ERR,ERR,ERR,ERR,ERR,ERR,ERR,ERR,ERR,ERR,ERR,ERR,ERR,ERR,ERR,ERR,ERR,ERR,ERR,ERR,ERR,ERR,ERR,ERR,ERR,ERR,ERR,ERR,ERR,ERR,ERR,ERR,ERR,ERR,ERR,ERR,ERR,ERR,ERR,ERR,ERR,ERR,ERR,ERR,ERR,ERR,ERR,ERR,ERR,ERR,ERR,ERR,ERR,ERR,ERR,ERR,ERR,ERR,ERR,ERR,ERR,ERR,ERR,ERR,ERR,ERR,ERR,ERR,ERR,ERR,ERR,ERR,ERR,ERR,ERR,ERR,ERR,ERR,ERR,ERR,ERR,ERR,ERR,ERR,ERR,ERR,ERR,ERR,ERR,ERR,ERR,ERR,ERR,ERR,ERR,ERR,ERR,ERR,ERR,ERR,ERR,ERR,ERR,ERR,ERR,ERR,ERR,ERR,ERR,ERR,ERR,ERR,ERR,ERR,ERR,ERR,ERR,ERR,ERR,ERR,ERR,ERR,ERR,ERR,0.0,-107615288.0,-134474944.0,0.0,0.0,1.3936040501711995e+18,7.805,0.0,0,0,4,0,8422,0.0,45,0.0,0.0,0.0,0.0,0.0,0,0,0,0,0.0,0,0,0,0,0,0,0,0,0,0,0,0,0,0,0,0,0,0,0,0,0,0,0,0,0,0,0,0,0,0,0,0,0,38,14,7,45,65476,0,300,0,0,8,21553,0.0,-107605600.0,0.0,0.0,0.0,0.0,0.0,0.0,0.0,0.0,0.0,0.0,0.0,0.0,0.0,0.0,0.0,0.0,0.0,0.0,0.0,0.0,-2.004,-2.004,-0.0,0.0,0.0,0.0,0.0,0.0,5036.0,-0.0,0.0,0.0,-107615288.0,0.0,-0.0,0.0,0.0,0.0,0.0,53,126841110528.0,-0.0,0.0,0.0,0.0,0.0,0.0,0.0,0.0,0,0,0,0.0,0.0,0.0,0.0,0.0,0.0,0.0,0.0,0.0,0.0,0.0,0.0,0.0,0.0,0.0,0.0,0,-107875648.0,53,0.0,106,-107614832.0,-107350944.0,ERR,ERR,ERR,ERR,ERR,ERR,ERR,ERR,ERR,ERR,ERR,ERR,ERR,ERR,ERR,ERR,ERR,ERR,ERR,ERR,ERR,ERR,ERR,ERR,ERR,ERR,ERR,ERR,ERR,ERR,ERR,ERR,ERR,ERR,ERR,ERR,ERR,ERR,ERR,ERR,ERR,ERR,ERR,ERR,ERR,ERR,ERR,ERR,ERR,ERR,ERR,ERR,ERR,ERR,ERR,ERR,ERR,ERR,ERR,ERR,ERR,ERR,ERR,ERR,ERR,ERR,ERR,50.0,60.0,100,0.0,0.0,0.0,0.0,0.0,0.0,0.0,0.0,0.0,0.0,0.0,0.0,0.0,0.0,0.0,0.0,61.6,65,20,65521,50,65476,0,300,0,0,8,20529,65476,0,0,26214,60.0,0.0,0.0,0.0,0.0,0.0
2026-05-17T16:17:08,ERR,ERR,ERR,ERR,ERR,ERR,ERR,ERR,ERR,ERR,ERR,ERR,ERR,ERR,ERR,ERR,ERR,ERR,ERR,ERR,ERR,ERR,ERR,ERR,ERR,ERR,ERR,ERR,ERR,ERR,ERR,ERR,ERR,ERR,ERR,ERR,ERR,ERR,ERR,ERR,ERR,ERR,ERR,ERR,ERR,ERR,ERR,ERR,ERR,ERR,ERR,ERR,ERR,ERR,ERR,ERR,ERR,ERR,ERR,ERR,ERR,ERR,ERR,ERR,ERR,ERR,ERR,ERR,ERR,ERR,ERR,ERR,ERR,ERR,ERR,ERR,ERR,ERR,ERR,ERR,ERR,ERR,ERR,ERR,ERR,ERR,ERR,ERR,ERR,ERR,ERR,ERR,ERR,ERR,ERR,ERR,ERR,ERR,ERR,ERR,ERR,ERR,ERR,ERR,ERR,ERR,ERR,ERR,ERR,ERR,ERR,ERR,ERR,ERR,ERR,ERR,ERR,ERR,ERR,ERR,ERR,ERR,ERR,ERR,ERR,0.0,-107615288.0,-134474944.0,0.0,0.0,1.3936040501711995e+18,7.805,0.0,0,0,4,0,8422,0.0,45,0.0,0.0,0.0,0.0,0.0,0,0,0,0,0.0,0,0,0,0,0,0,0,0,0,0,0,0,0,0,0,0,0,0,0,0,0,0,0,0,0,0,0,0,0,0,0,0,0,38,14,7,45,65476,0,300,0,0,8,21553,0.0,-107605600.0,0.0,0.0,0.0,0.0,0.0,0.0,0.0,0.0,0.0,0.0,0.0,0.0,0.0,0.0,0.0,0.0,0.0,0.0,0.0,0.0,-2.004,-2.004,-0.0,0.0,0.0,0.0,0.0,0.0,5036.0,-0.0,0.0,0.0,-107615288.0,0.0,-0.0,0.0,0.0,0.0,0.0,53,126841110528.0,-0.0,0.0,0.0,0.0,0.0,0.0,0.0,0.0,0,0,0,0.0,0.0,0.0,0.0,0.0,0.0,0.0,0.0,0.0,0.0,0.0,0.0,0.0,0.0,0.0,0.0,0,-107875648.0,53,0.0,106,-107614832.0,-107350944.0,ERR,ERR,ERR,ERR,ERR,ERR,ERR,ERR,ERR,ERR,ERR,ERR,ERR,ERR,ERR,ERR,ERR,ERR,ERR,ERR,ERR,ERR,ERR,ERR,ERR,ERR,ERR,ERR,ERR,ERR,ERR,ERR,ERR,ERR,ERR,ERR,ERR,ERR,ERR,ERR,ERR,ERR,ERR,ERR,ERR,ERR,ERR,ERR,ERR,ERR,ERR,ERR,ERR,ERR,ERR,ERR,ERR,ERR,ERR,ERR,ERR,ERR,ERR,ERR,ERR,ERR,ERR,50.0,60.0,100,0.0,0.0,0.0,0.0,0.0,0.0,0.0,0.0,0.0,0.0,0.0,0.0,0.0,0.0,0.0,0.0,61.6,65,20,65521,50,65476,0,300,0,0,8,20529,65476,0,0,26214,60.0,0.0,0.0,0.0,0.0,0.0
2026-05-17T16:17:09,ERR,ERR,ERR,ERR,ERR,ERR,ERR,ERR,ERR,ERR,ERR,ERR,ERR,ERR,ERR,ERR,ERR,ERR,ERR,ERR,ERR,ERR,ERR,ERR,ERR,ERR,ERR,ERR,ERR,ERR,ERR,ERR,ERR,ERR,ERR,ERR,ERR,ERR,ERR,ERR,ERR,ERR,ERR,ERR,ERR,ERR,ERR,ERR,ERR,ERR,ERR,ERR,ERR,ERR,ERR,ERR,ERR,ERR,ERR,ERR,ERR,ERR,ERR,ERR,ERR,ERR,ERR,ERR,ERR,ERR,ERR,ERR,ERR,ERR,ERR,ERR,ERR,ERR,ERR,ERR,ERR,ERR,ERR,ERR,ERR,ERR,ERR,ERR,ERR,ERR,ERR,ERR,ERR,ERR,ERR,ERR,ERR,ERR,ERR,ERR,ERR,ERR,ERR,ERR,ERR,ERR,ERR,ERR,ERR,ERR,ERR,ERR,ERR,ERR,ERR,ERR,ERR,ERR,ERR,ERR,ERR,ERR,ERR,ERR,ERR,0.0,-107615288.0,-134474944.0,0.0,0.0,1.3936040501711995e+18,7.805,0.0,0,0,4,0,8422,0.0,45,0.0,0.0,0.0,0.0,0.0,0,0,0,0,0.0,0,0,0,0,0,0,0,0,0,0,0,0,0,0,0,0,0,0,0,0,0,0,0,0,0,0,0,0,0,0,0,0,0,38,14,7,45,65476,0,300,0,0,8,21553,0.0,-107605600.0,0.0,0.0,0.0,0.0,0.0,0.0,0.0,0.0,0.0,0.0,0.0,0.0,0.0,0.0,0.0,0.0,0.0,0.0,0.0,0.0,-2.004,-2.004,-0.0,0.0,0.0,0.0,0.0,0.0,5036.0,-0.0,0.0,0.0,-107615288.0,0.0,-0.0,0.0,0.0,0.0,0.0,53,126841110528.0,-0.0,0.0,0.0,0.0,0.0,0.0,0.0,0.0,0,0,0,0.0,0.0,0.0,0.0,0.0,0.0,0.0,0.0,0.0,0.0,0.0,0.0,0.0,0.0,0.0,0.0,0,-107875648.0,53,0.0,106,-107614832.0,-107350944.0,ERR,ERR,ERR,ERR,ERR,ERR,ERR,ERR,ERR,ERR,ERR,ERR,ERR,ERR,ERR,ERR,ERR,ERR,ERR,ERR,ERR,ERR,ERR,ERR,ERR,ERR,ERR,ERR,ERR,ERR,ERR,ERR,ERR,ERR,ERR,ERR,ERR,ERR,ERR,ERR,ERR,ERR,ERR,ERR,ERR,ERR,ERR,ERR,ERR,ERR,ERR,ERR,ERR,ERR,ERR,ERR,ERR,ERR,ERR,ERR,ERR,ERR,ERR,ERR,ERR,ERR,ERR,50.0,60.0,100,0.0,0.0,0.0,0.0,0.0,0.0,0.0,0.0,0.0,0.0,0.0,0.0,0.0,0.0,0.0,0.0,61.6,65,20,65521,50,65476,0,300,0,0,8,20529,65476,0,0,26214,60.0,0.0,0.0,0.0,0.0,0.0
2026-05-17T16:17:10,ERR,ERR,ERR,ERR,ERR,ERR,ERR,ERR,ERR,ERR,ERR,ERR,ERR,ERR,ERR,ERR,ERR,ERR,ERR,ERR,ERR,ERR,ERR,ERR,ERR,ERR,ERR,ERR,ERR,ERR,ERR,ERR,ERR,ERR,ERR,ERR,ERR,ERR,ERR,ERR,ERR,ERR,ERR,ERR,ERR,ERR,ERR,ERR,ERR,ERR,ERR,ERR,ERR,ERR,ERR,ERR,ERR,ERR,ERR,ERR,ERR,ERR,ERR,ERR,ERR,ERR,ERR,ERR,ERR,ERR,ERR,ERR,ERR,ERR,ERR,ERR,ERR,ERR,ERR,ERR,ERR,ERR,ERR,ERR,ERR,ERR,ERR,ERR,ERR,ERR,ERR,ERR,ERR,ERR,ERR,ERR,ERR,ERR,ERR,ERR,ERR,ERR,ERR,ERR,ERR,ERR,ERR,ERR,ERR,ERR,ERR,ERR,ERR,ERR,ERR,ERR,ERR,ERR,ERR,ERR,ERR,ERR,ERR,ERR,ERR,0.0,-107615288.0,-134474944.0,0.0,0.0,1.3936040501711995e+18,7.805,0.0,0,0,4,0,8422,0.0,45,0.0,0.0,0.0,0.0,0.0,0,0,0,0,0.0,0,0,0,0,0,0,0,0,0,0,0,0,0,0,0,0,0,0,0,0,0,0,0,0,0,0,0,0,0,0,0,0,0,38,14,7,45,65476,0,300,0,0,8,21553,0.0,-107605600.0,0.0,0.0,0.0,0.0,0.0,0.0,0.0,0.0,0.0,0.0,0.0,0.0,0.0,0.0,0.0,0.0,0.0,0.0,0.0,0.0,-2.004,-2.004,-0.0,0.0,0.0,0.0,0.0,0.0,5036.0,-0.0,0.0,0.0,-107615288.0,0.0,-0.0,0.0,0.0,0.0,0.0,53,126841110528.0,-0.0,0.0,0.0,0.0,0.0,0.0,0.0,0.0,0,0,0,0.0,0.0,0.0,0.0,0.0,0.0,0.0,0.0,0.0,0.0,0.0,0.0,0.0,0.0,0.0,0.0,0,-107875648.0,53,0.0,106,-107614832.0,-107350944.0,ERR,ERR,ERR,ERR,ERR,ERR,ERR,ERR,ERR,ERR,ERR,ERR,ERR,ERR,ERR,ERR,ERR,ERR,ERR,ERR,ERR,ERR,ERR,ERR,ERR,ERR,ERR,ERR,ERR,ERR,ERR,ERR,ERR,ERR,ERR,ERR,ERR,ERR,ERR,ERR,ERR,ERR,ERR,ERR,ERR,ERR,ERR,ERR,ERR,ERR,ERR,ERR,ERR,ERR,ERR,ERR,ERR,ERR,ERR,ERR,ERR,ERR,ERR,ERR,ERR,ERR,ERR,50.0,60.0,100,0.0,0.0,0.0,0.0,0.0,0.0,0.0,0.0,0.0,0.0,0.0,0.0,0.0,0.0,0.0,0.0,61.6,65,20,65521,50,65476,0,300,0,0,8,20529,65476,0,0,26214,60.0,0.0,0.0,0.0,0.0,0.0
2026-05-17T16:17:11,ERR,ERR,ERR,ERR,ERR,ERR,ERR,ERR,ERR,ERR,ERR,ERR,ERR,ERR,ERR,ERR,ERR,ERR,ERR,ERR,ERR,ERR,ERR,ERR,ERR,ERR,ERR,ERR,ERR,ERR,ERR,ERR,ERR,ERR,ERR,ERR,ERR,ERR,ERR,ERR,ERR,ERR,ERR,ERR,ERR,ERR,ERR,ERR,ERR,ERR,ERR,ERR,ERR,ERR,ERR,ERR,ERR,ERR,ERR,ERR,ERR,ERR,ERR,ERR,ERR,ERR,ERR,ERR,ERR,ERR,ERR,ERR,ERR,ERR,ERR,ERR,ERR,ERR,ERR,ERR,ERR,ERR,ERR,ERR,ERR,ERR,ERR,ERR,ERR,ERR,ERR,ERR,ERR,ERR,ERR,ERR,ERR,ERR,ERR,ERR,ERR,ERR,ERR,ERR,ERR,ERR,ERR,ERR,ERR,ERR,ERR,ERR,ERR,ERR,ERR,ERR,ERR,ERR,ERR,ERR,ERR,ERR,ERR,ERR,ERR,0.0,-107615288.0,-134474944.0,0.0,0.0,1.3936040501711995e+18,7.805,0.0,0,0,4,0,8422,0.0,45,0.0,0.0,0.0,0.0,0.0,0,0,0,0,0.0,0,0,0,0,0,0,0,0,0,0,0,0,0,0,0,0,0,0,0,0,0,0,0,0,0,0,0,0,0,0,0,0,0,38,14,7,45,65476,0,300,0,0,8,21553,0.0,-107605600.0,0.0,0.0,0.0,0.0,0.0,0.0,0.0,0.0,0.0,0.0,0.0,0.0,0.0,0.0,0.0,0.0,0.0,0.0,0.0,0.0,-2.004,-2.004,-0.0,0.0,0.0,0.0,0.0,0.0,5003.0,0.0,0.0,0.0,-107615288.0,0.0,-0.0,0.0,0.0,0.0,0.0,53,107615344.0,-2.30882787541985e+20,0.0,0.0,0.0,0.0,0.0,0.0,0.0,0,0,0,0.0,0.0,0.0,0.0,0.0,0.0,0.0,0.0,0.0,0.0,0.0,0.0,0.0,0.0,0.0,0.0,0,-107875648.0,53,0.0,106,-107614832.0,-107350944.0,ERR,ERR,ERR,ERR,ERR,ERR,ERR,ERR,ERR,ERR,ERR,ERR,ERR,ERR,ERR,ERR,ERR,ERR,ERR,ERR,ERR,ERR,ERR,ERR,ERR,ERR,ERR,ERR,ERR,ERR,ERR,ERR,ERR,ERR,ERR,ERR,ERR,ERR,ERR,ERR,ERR,ERR,ERR,ERR,ERR,ERR,ERR,ERR,ERR,ERR,ERR,ERR,ERR,ERR,ERR,ERR,ERR,ERR,ERR,ERR,ERR,ERR,ERR,ERR,ERR,ERR,ERR,50.0,60.0,100,0.0,0.0,0.0,0.0,0.0,0.0,0.0,0.0,0.0,0.0,0.0,0.0,0.0,0.0,0.0,0.0,62.0,65,20,65521,50,65476,0,300,0,0,8,20529,65476,0,0,26214,60.0,0.0,0.0,0.0,0.0,0.0
2026-05-17T16:17:12,ERR,ERR,ERR,ERR,ERR,ERR,ERR,ERR,ERR,ERR,ERR,ERR,ERR,ERR,ERR,ERR,ERR,ERR,ERR,ERR,ERR,ERR,ERR,ERR,ERR,ERR,ERR,ERR,ERR,ERR,ERR,ERR,ERR,ERR,ERR,ERR,ERR,ERR,ERR,ERR,ERR,ERR,ERR,ERR,ERR,ERR,ERR,ERR,ERR,ERR,ERR,ERR,ERR,ERR,ERR,ERR,ERR,ERR,ERR,ERR,ERR,ERR,ERR,ERR,ERR,ERR,ERR,ERR,ERR,ERR,ERR,ERR,ERR,ERR,ERR,ERR,ERR,ERR,ERR,ERR,ERR,ERR,ERR,ERR,ERR,ERR,ERR,ERR,ERR,ERR,ERR,ERR,ERR,ERR,ERR,ERR,ERR,ERR,ERR,ERR,ERR,ERR,ERR,ERR,ERR,ERR,ERR,ERR,ERR,ERR,ERR,ERR,ERR,ERR,ERR,ERR,ERR,ERR,ERR,ERR,ERR,ERR,ERR,ERR,ERR,0.0,-107615288.0,-134474944.0,0.0,0.0,1.3936040501711995e+18,7.805,0.0,0,0,4,0,8422,0.0,45,0.0,0.0,0.0,0.0,0.0,0,0,0,0,0.0,0,0,0,0,0,0,0,0,0,0,0,0,0,0,0,0,0,0,0,0,0,0,0,0,0,0,0,0,0,0,0,0,0,38,14,7,45,65476,0,300,0,0,8,21553,0.0,-107605600.0,0.0,0.0,0.0,0.0,0.0,0.0,0.0,0.0,0.0,0.0,0.0,0.0,0.0,0.0,0.0,0.0,0.0,0.0,0.0,0.0,-2.004,-2.004,-0.0,0.0,0.0,0.0,0.0,0.0,5003.0,0.0,0.0,0.0,-107615288.0,0.0,-0.0,0.0,0.0,0.0,0.0,53,107615344.0,-2.30882787541985e+20,0.0,0.0,0.0,0.0,0.0,0.0,0.0,0,0,0,0.0,0.0,0.0,0.0,0.0,0.0,0.0,0.0,0.0,0.0,0.0,0.0,0.0,0.0,0.0,0.0,0,-107875648.0,53,0.0,106,-107614832.0,-107350944.0,ERR,ERR,ERR,ERR,ERR,ERR,ERR,ERR,ERR,ERR,ERR,ERR,ERR,ERR,ERR,ERR,ERR,ERR,ERR,ERR,ERR,ERR,ERR,ERR,ERR,ERR,ERR,ERR,ERR,ERR,ERR,ERR,ERR,ERR,ERR,ERR,ERR,ERR,ERR,ERR,ERR,ERR,ERR,ERR,ERR,ERR,ERR,ERR,ERR,ERR,ERR,ERR,ERR,ERR,ERR,ERR,ERR,ERR,ERR,ERR,ERR,ERR,ERR,ERR,ERR,ERR,ERR,50.0,60.0,100,0.0,0.0,0.0,0.0,0.0,0.0,0.0,0.0,0.0,0.0,0.0,0.0,0.0,0.0,0.0,0.0,62.0,65,20,65521,50,65476,0,300,0,0,8,20529,65476,0,0,26214,60.0,0.0,0.0,0.0,0.0,0.0
2026-05-17T16:17:13,ERR,ERR,ERR,ERR,ERR,ERR,ERR,ERR,ERR,ERR,ERR,ERR,ERR,ERR,ERR,ERR,ERR,ERR,ERR,ERR,ERR,ERR,ERR,ERR,ERR,ERR,ERR,ERR,ERR,ERR,ERR,ERR,ERR,ERR,ERR,ERR,ERR,ERR,ERR,ERR,ERR,ERR,ERR,ERR,ERR,ERR,ERR,ERR,ERR,ERR,ERR,ERR,ERR,ERR,ERR,ERR,ERR,ERR,ERR,ERR,ERR,ERR,ERR,ERR,ERR,ERR,ERR,ERR,ERR,ERR,ERR,ERR,ERR,ERR,ERR,ERR,ERR,ERR,ERR,ERR,ERR,ERR,ERR,ERR,ERR,ERR,ERR,ERR,ERR,ERR,ERR,ERR,ERR,ERR,ERR,ERR,ERR,ERR,ERR,ERR,ERR,ERR,ERR,ERR,ERR,ERR,ERR,ERR,ERR,ERR,ERR,ERR,ERR,ERR,ERR,ERR,ERR,ERR,ERR,ERR,ERR,ERR,ERR,ERR,ERR,0.0,-107615288.0,-134474944.0,0.0,0.0,1.3936040501711995e+18,7.805,0.0,0,0,4,0,8422,0.0,45,0.0,0.0,0.0,0.0,0.0,0,0,0,0,0.0,0,0,0,0,0,0,0,0,0,0,0,0,0,0,0,0,0,0,0,0,0,0,0,0,0,0,0,0,0,0,0,0,0,38,14,7,45,65476,0,300,0,0,8,21553,0.0,-107605600.0,0.0,0.0,0.0,0.0,0.0,0.0,0.0,0.0,0.0,0.0,0.0,0.0,0.0,0.0,0.0,0.0,0.0,0.0,0.0,0.0,-2.004,-2.004,-0.0,0.0,0.0,0.0,0.0,0.0,5003.0,0.0,0.0,0.0,-107615288.0,0.0,-0.0,0.0,0.0,0.0,0.0,53,107615344.0,-2.30882787541985e+20,0.0,0.0,0.0,0.0,0.0,0.0,0.0,0,0,0,0.0,0.0,0.0,0.0,0.0,0.0,0.0,0.0,0.0,0.0,0.0,0.0,0.0,0.0,0.0,0.0,0,-107875648.0,53,0.0,106,-107614832.0,-107350944.0,ERR,ERR,ERR,ERR,ERR,ERR,ERR,ERR,ERR,ERR,ERR,ERR,ERR,ERR,ERR,ERR,ERR,ERR,ERR,ERR,ERR,ERR,ERR,ERR,ERR,ERR,ERR,ERR,ERR,ERR,ERR,ERR,ERR,ERR,ERR,ERR,ERR,ERR,ERR,ERR,ERR,ERR,ERR,ERR,ERR,ERR,ERR,ERR,ERR,ERR,ERR,ERR,ERR,ERR,ERR,ERR,ERR,ERR,ERR,ERR,ERR,ERR,ERR,ERR,ERR,ERR,ERR,50.0,60.0,100,0.0,0.0,0.0,0.0,0.0,0.0,0.0,0.0,0.0,0.0,0.0,0.0,0.0,0.0,0.0,0.0,62.0,65,20,65521,50,65476,0,300,0,0,8,20529,65476,0,0,26214,60.0,0.0,0.0,0.0,0.0,0.0
2026-05-17T16:17:14,ERR,ERR,ERR,ERR,ERR,ERR,ERR,ERR,ERR,ERR,ERR,ERR,ERR,ERR,ERR,ERR,ERR,ERR,ERR,ERR,ERR,ERR,ERR,ERR,ERR,ERR,ERR,ERR,ERR,ERR,ERR,ERR,ERR,ERR,ERR,ERR,ERR,ERR,ERR,ERR,ERR,ERR,ERR,ERR,ERR,ERR,ERR,ERR,ERR,ERR,ERR,ERR,ERR,ERR,ERR,ERR,ERR,ERR,ERR,ERR,ERR,ERR,ERR,ERR,ERR,ERR,ERR,ERR,ERR,ERR,ERR,ERR,ERR,ERR,ERR,ERR,ERR,ERR,ERR,ERR,ERR,ERR,ERR,ERR,ERR,ERR,ERR,ERR,ERR,ERR,ERR,ERR,ERR,ERR,ERR,ERR,ERR,ERR,ERR,ERR,ERR,ERR,ERR,ERR,ERR,ERR,ERR,ERR,ERR,ERR,ERR,ERR,ERR,ERR,ERR,ERR,ERR,ERR,ERR,ERR,ERR,ERR,ERR,ERR,ERR,0.0,-107615288.0,-134474944.0,0.0,0.0,1.3936040501711995e+18,7.805,0.0,0,0,4,0,8422,0.0,45,0.0,0.0,0.0,0.0,0.0,0,0,0,0,0.0,0,0,0,0,0,0,0,0,0,0,0,0,0,0,0,0,0,0,0,0,0,0,0,0,0,0,0,0,0,0,0,0,0,38,14,7,45,65476,0,300,0,0,8,21553,0.0,-107605600.0,0.0,0.0,0.0,0.0,0.0,0.0,0.0,0.0,0.0,0.0,0.0,0.0,0.0,0.0,0.0,0.0,0.0,0.0,0.0,0.0,-2.004,-2.004,-0.0,0.0,0.0,0.0,0.0,0.0,5003.0,0.0,0.0,0.0,-107615288.0,0.0,-0.0,0.0,0.0,0.0,0.0,53,107615344.0,-2.30882787541985e+20,0.0,0.0,0.0,0.0,0.0,0.0,0.0,0,0,0,0.0,0.0,0.0,0.0,0.0,0.0,0.0,0.0,0.0,0.0,0.0,0.0,0.0,0.0,0.0,0.0,0,-107875648.0,53,0.0,106,-107614832.0,-107350944.0,ERR,ERR,ERR,ERR,ERR,ERR,ERR,ERR,ERR,ERR,ERR,ERR,ERR,ERR,ERR,ERR,ERR,ERR,ERR,ERR,ERR,ERR,ERR,ERR,ERR,ERR,ERR,ERR,ERR,ERR,ERR,ERR,ERR,ERR,ERR,ERR,ERR,ERR,ERR,ERR,ERR,ERR,ERR,ERR,ERR,ERR,ERR,ERR,ERR,ERR,ERR,ERR,ERR,ERR,ERR,ERR,ERR,ERR,ERR,ERR,ERR,ERR,ERR,ERR,ERR,ERR,ERR,50.0,60.0,100,0.0,0.0,0.0,0.0,0.0,0.0,0.0,0.0,0.0,0.0,0.0,0.0,0.0,0.0,0.0,0.0,61.6,65,20,65521,50,65476,0,300,0,0,8,20529,65476,0,0,26214,60.0,0.0,0.0,0.0,0.0,0.0
2026-05-17T16:17:15,ERR,ERR,ERR,ERR,ERR,ERR,ERR,ERR,ERR,ERR,ERR,ERR,ERR,ERR,ERR,ERR,ERR,ERR,ERR,ERR,ERR,ERR,ERR,ERR,ERR,ERR,ERR,ERR,ERR,ERR,ERR,ERR,ERR,ERR,ERR,ERR,ERR,ERR,ERR,ERR,ERR,ERR,ERR,ERR,ERR,ERR,ERR,ERR,ERR,ERR,ERR,ERR,ERR,ERR,ERR,ERR,ERR,ERR,ERR,ERR,ERR,ERR,ERR,ERR,ERR,ERR,ERR,ERR,ERR,ERR,ERR,ERR,ERR,ERR,ERR,ERR,ERR,ERR,ERR,ERR,ERR,ERR,ERR,ERR,ERR,ERR,ERR,ERR,ERR,ERR,ERR,ERR,ERR,ERR,ERR,ERR,ERR,ERR,ERR,ERR,ERR,ERR,ERR,ERR,ERR,ERR,ERR,ERR,ERR,ERR,ERR,ERR,ERR,ERR,ERR,ERR,ERR,ERR,ERR,ERR,ERR,ERR,ERR,ERR,ERR,0.0,-107615288.0,-134474944.0,0.0,0.0,1.3936040501711995e+18,7.805,0.0,0,0,4,0,8422,0.0,45,0.0,0.0,0.0,0.0,0.0,0,0,0,0,0.0,0,0,0,0,0,0,0,0,0,0,0,0,0,0,0,0,0,0,0,0,0,0,0,0,0,0,0,0,0,0,0,0,0,38,14,7,45,65476,0,300,0,0,8,21553,0.0,-107605600.0,0.0,0.0,0.0,0.0,0.0,0.0,0.0,0.0,0.0,0.0,0.0,0.0,0.0,0.0,0.0,0.0,0.0,0.0,0.0,0.0,-2.004,-2.004,-0.0,0.0,0.0,0.0,0.0,0.0,5003.0,0.0,0.0,0.0,-107615288.0,0.0,-0.0,0.0,0.0,0.0,0.0,53,107615344.0,-2.30882787541985e+20,0.0,0.0,0.0,0.0,0.0,0.0,0.0,0,0,0,0.0,0.0,0.0,0.0,0.0,0.0,0.0,0.0,0.0,0.0,0.0,0.0,0.0,0.0,0.0,0.0,0,-107875648.0,53,0.0,106,-107614832.0,-107350944.0,ERR,ERR,ERR,ERR,ERR,ERR,ERR,ERR,ERR,ERR,ERR,ERR,ERR,ERR,ERR,ERR,ERR,ERR,ERR,ERR,ERR,ERR,ERR,ERR,ERR,ERR,ERR,ERR,ERR,ERR,ERR,ERR,ERR,ERR,ERR,ERR,ERR,ERR,ERR,ERR,ERR,ERR,ERR,ERR,ERR,ERR,ERR,ERR,ERR,ERR,ERR,ERR,ERR,ERR,ERR,ERR,ERR,ERR,ERR,ERR,ERR,ERR,ERR,ERR,ERR,ERR,ERR,50.0,60.0,100,0.0,0.0,0.0,0.0,0.0,0.0,0.0,0.0,0.0,0.0,0.0,0.0,0.0,0.0,0.0,0.0,61.6,65,20,65521,50,65476,0,300,0,0,8,20529,65476,0,0,26214,60.0,0.0,0.0,0.0,0.0,0.0
2026-05-17T16:17:16,ERR,ERR,ERR,ERR,ERR,ERR,ERR,ERR,ERR,ERR,ERR,ERR,ERR,ERR,ERR,ERR,ERR,ERR,ERR,ERR,ERR,ERR,ERR,ERR,ERR,ERR,ERR,ERR,ERR,ERR,ERR,ERR,ERR,ERR,ERR,ERR,ERR,ERR,ERR,ERR,ERR,ERR,ERR,ERR,ERR,ERR,ERR,ERR,ERR,ERR,ERR,ERR,ERR,ERR,ERR,ERR,ERR,ERR,ERR,ERR,ERR,ERR,ERR,ERR,ERR,ERR,ERR,ERR,ERR,ERR,ERR,ERR,ERR,ERR,ERR,ERR,ERR,ERR,ERR,ERR,ERR,ERR,ERR,ERR,ERR,ERR,ERR,ERR,ERR,ERR,ERR,ERR,ERR,ERR,ERR,ERR,ERR,ERR,ERR,ERR,ERR,ERR,ERR,ERR,ERR,ERR,ERR,ERR,ERR,ERR,ERR,ERR,ERR,ERR,ERR,ERR,ERR,ERR,ERR,ERR,ERR,ERR,ERR,ERR,ERR,0.0,-107615288.0,-134474944.0,0.0,0.0,1.3936040501711995e+18,7.805,0.0,0,0,4,0,8422,0.0,45,0.0,0.0,0.0,0.0,0.0,0,0,0,0,0.0,0,0,0,0,0,0,0,0,0,0,0,0,0,0,0,0,0,0,0,0,0,0,0,0,0,0,0,0,0,0,0,0,0,38,14,7,45,65476,0,300,0,0,8,21553,0.0,-107605600.0,0.0,0.0,0.0,0.0,0.0,0.0,0.0,0.0,0.0,0.0,0.0,0.0,0.0,0.0,0.0,0.0,0.0,0.0,0.0,0.0,-2.004,-2.004,-0.0,0.0,0.0,0.0,0.0,0.0,5009.0,0.0,0.0,0.0,-107615288.0,0.0,-0.0,0.0,0.0,0.0,0.0,53,3.222028592685471e+26,-2.30882787541985e+20,0.0,0.0,0.0,0.0,0.0,0.0,0.0,0,0,0,0.0,0.0,0.0,0.0,0.0,0.0,0.0,0.0,0.0,0.0,0.0,0.0,0.0,0.0,0.0,0.0,0,-107875648.0,53,0.0,106,-107614832.0,-107350944.0,ERR,ERR,ERR,ERR,ERR,ERR,ERR,ERR,ERR,ERR,ERR,ERR,ERR,ERR,ERR,ERR,ERR,ERR,ERR,ERR,ERR,ERR,ERR,ERR,ERR,ERR,ERR,ERR,ERR,ERR,ERR,ERR,ERR,ERR,ERR,ERR,ERR,ERR,ERR,ERR,ERR,ERR,ERR,ERR,ERR,ERR,ERR,ERR,ERR,ERR,ERR,ERR,ERR,ERR,ERR,ERR,ERR,ERR,ERR,ERR,ERR,ERR,ERR,ERR,ERR,ERR,ERR,50.0,60.0,100,0.0,0.0,0.0,0.0,0.0,0.0,0.0,0.0,0.0,0.0,0.0,0.0,0.0,0.0,0.0,0.0,61.6,65,20,65521,50,65476,0,300,0,0,8,20529,65476,0,0,26214,60.0,0.0,0.0,0.0,0.0,0.0
2026-05-17T16:17:17,ERR,ERR,ERR,ERR,ERR,ERR,ERR,ERR,ERR,ERR,ERR,ERR,ERR,ERR,ERR,ERR,ERR,ERR,ERR,ERR,ERR,ERR,ERR,ERR,ERR,ERR,ERR,ERR,ERR,ERR,ERR,ERR,ERR,ERR,ERR,ERR,ERR,ERR,ERR,ERR,ERR,ERR,ERR,ERR,ERR,ERR,ERR,ERR,ERR,ERR,ERR,ERR,ERR,ERR,ERR,ERR,ERR,ERR,ERR,ERR,ERR,ERR,ERR,ERR,ERR,ERR,ERR,ERR,ERR,ERR,ERR,ERR,ERR,ERR,ERR,ERR,ERR,ERR,ERR,ERR,ERR,ERR,ERR,ERR,ERR,ERR,ERR,ERR,ERR,ERR,ERR,ERR,ERR,ERR,ERR,ERR,ERR,ERR,ERR,ERR,ERR,ERR,ERR,ERR,ERR,ERR,ERR,ERR,ERR,ERR,ERR,ERR,ERR,ERR,ERR,ERR,ERR,ERR,ERR,ERR,ERR,ERR,ERR,ERR,ERR,0.0,-107615288.0,-134474944.0,0.0,0.0,1.3936040501711995e+18,7.805,0.0,0,0,4,0,8422,0.0,45,0.0,0.0,0.0,0.0,0.0,0,0,0,0,0.0,0,0,0,0,0,0,0,0,0,0,0,0,0,0,0,0,0,0,0,0,0,0,0,0,0,0,0,0,0,0,0,0,0,38,14,7,45,65476,0,300,0,0,8,21553,0.0,-107605600.0,0.0,0.0,0.0,0.0,0.0,0.0,0.0,0.0,0.0,0.0,0.0,0.0,0.0,0.0,0.0,0.0,0.0,0.0,0.0,0.0,-2.004,-2.004,-0.0,0.0,0.0,0.0,0.0,0.0,5009.0,0.0,0.0,0.0,-107615288.0,0.0,-0.0,0.0,0.0,0.0,0.0,53,3.222028592685471e+26,-2.30882787541985e+20,0.0,0.0,0.0,0.0,0.0,0.0,0.0,0,0,0,0.0,0.0,0.0,0.0,0.0,0.0,0.0,0.0,0.0,0.0,0.0,0.0,0.0,0.0,0.0,0.0,0,-107875648.0,53,0.0,106,-107614832.0,-107350944.0,ERR,ERR,ERR,ERR,ERR,ERR,ERR,ERR,ERR,ERR,ERR,ERR,ERR,ERR,ERR,ERR,ERR,ERR,ERR,ERR,ERR,ERR,ERR,ERR,ERR,ERR,ERR,ERR,ERR,ERR,ERR,ERR,ERR,ERR,ERR,ERR,ERR,ERR,ERR,ERR,ERR,ERR,ERR,ERR,ERR,ERR,ERR,ERR,ERR,ERR,ERR,ERR,ERR,ERR,ERR,ERR,ERR,ERR,ERR,ERR,ERR,ERR,ERR,ERR,ERR,ERR,ERR,50.0,60.0,100,0.0,0.0,0.0,0.0,0.0,0.0,0.0,0.0,0.0,0.0,0.0,0.0,0.0,0.0,0.0,0.0,61.6,65,20,65521,50,65476,0,300,0,0,8,20529,65476,0,0,26214,60.0,0.0,0.0,0.0,0.0,0.0
2026-05-17T16:17:18,ERR,ERR,ERR,ERR,ERR,ERR,ERR,ERR,ERR,ERR,ERR,ERR,ERR,ERR,ERR,ERR,ERR,ERR,ERR,ERR,ERR,ERR,ERR,ERR,ERR,ERR,ERR,ERR,ERR,ERR,ERR,ERR,ERR,ERR,ERR,ERR,ERR,ERR,ERR,ERR,ERR,ERR,ERR,ERR,ERR,ERR,ERR,ERR,ERR,ERR,ERR,ERR,ERR,ERR,ERR,ERR,ERR,ERR,ERR,ERR,ERR,ERR,ERR,ERR,ERR,ERR,ERR,ERR,ERR,ERR,ERR,ERR,ERR,ERR,ERR,ERR,ERR,ERR,ERR,ERR,ERR,ERR,ERR,ERR,ERR,ERR,ERR,ERR,ERR,ERR,ERR,ERR,ERR,ERR,ERR,ERR,ERR,ERR,ERR,ERR,ERR,ERR,ERR,ERR,ERR,ERR,ERR,ERR,ERR,ERR,ERR,ERR,ERR,ERR,ERR,ERR,ERR,ERR,ERR,ERR,ERR,ERR,ERR,ERR,ERR,0.0,-107615288.0,-134474944.0,0.0,0.0,1.3936040501711995e+18,7.805,0.0,0,0,4,0,8422,0.0,45,0.0,0.0,0.0,0.0,0.0,0,0,0,0,0.0,0,0,0,0,0,0,0,0,0,0,0,0,0,0,0,0,0,0,0,0,0,0,0,0,0,0,0,0,0,0,0,0,0,38,14,7,45,65476,0,300,0,0,8,21553,0.0,-107605600.0,0.0,0.0,0.0,0.0,0.0,0.0,0.0,0.0,0.0,0.0,0.0,0.0,0.0,0.0,0.0,0.0,0.0,0.0,0.0,0.0,-2.004,-2.004,-0.0,0.0,0.0,0.0,0.0,0.0,5009.0,0.0,0.0,0.0,-107615288.0,0.0,-0.0,0.0,0.0,0.0,0.0,53,3.222028592685471e+26,-2.30882787541985e+20,0.0,0.0,0.0,0.0,0.0,0.0,0.0,0,0,0,0.0,0.0,0.0,0.0,0.0,0.0,0.0,0.0,0.0,0.0,0.0,0.0,0.0,0.0,0.0,0.0,0,-107875648.0,53,0.0,106,-107614832.0,-107350944.0,ERR,ERR,ERR,ERR,ERR,ERR,ERR,ERR,ERR,ERR,ERR,ERR,ERR,ERR,ERR,ERR,ERR,ERR,ERR,ERR,ERR,ERR,ERR,ERR,ERR,ERR,ERR,ERR,ERR,ERR,ERR,ERR,ERR,ERR,ERR,ERR,ERR,ERR,ERR,ERR,ERR,ERR,ERR,ERR,ERR,ERR,ERR,ERR,ERR,ERR,ERR,ERR,ERR,ERR,ERR,ERR,ERR,ERR,ERR,ERR,ERR,ERR,ERR,ERR,ERR,ERR,ERR,50.0,60.0,100,0.0,0.0,0.0,0.0,0.0,0.0,0.0,0.0,0.0,0.0,0.0,0.0,0.0,0.0,0.0,0.0,62.0,65,20,65521,50,65476,0,300,0,0,8,20529,65476,0,0,26214,60.0,0.0,0.0,0.0,0.0,0.0
2026-05-17T16:17:19,ERR,ERR,ERR,ERR,ERR,ERR,ERR,ERR,ERR,ERR,ERR,ERR,ERR,ERR,ERR,ERR,ERR,ERR,ERR,ERR,ERR,ERR,ERR,ERR,ERR,ERR,ERR,ERR,ERR,ERR,ERR,ERR,ERR,ERR,ERR,ERR,ERR,ERR,ERR,ERR,ERR,ERR,ERR,ERR,ERR,ERR,ERR,ERR,ERR,ERR,ERR,ERR,ERR,ERR,ERR,ERR,ERR,ERR,ERR,ERR,ERR,ERR,ERR,ERR,ERR,ERR,ERR,ERR,ERR,ERR,ERR,ERR,ERR,ERR,ERR,ERR,ERR,ERR,ERR,ERR,ERR,ERR,ERR,ERR,ERR,ERR,ERR,ERR,ERR,ERR,ERR,ERR,ERR,ERR,ERR,ERR,ERR,ERR,ERR,ERR,ERR,ERR,ERR,ERR,ERR,ERR,ERR,ERR,ERR,ERR,ERR,ERR,ERR,ERR,ERR,ERR,ERR,ERR,ERR,ERR,ERR,ERR,ERR,ERR,ERR,0.0,-107615288.0,-134474944.0,0.0,0.0,1.3936040501711995e+18,7.805,0.0,0,0,4,0,8422,0.0,45,0.0,0.0,0.0,0.0,0.0,0,0,0,0,0.0,0,0,0,0,0,0,0,0,0,0,0,0,0,0,0,0,0,0,0,0,0,0,0,0,0,0,0,0,0,0,0,0,0,38,14,7,45,65476,0,300,0,0,8,21553,0.0,-107605600.0,0.0,0.0,0.0,0.0,0.0,0.0,0.0,0.0,0.0,0.0,0.0,0.0,0.0,0.0,0.0,0.0,0.0,0.0,0.0,0.0,-2.004,-2.004,-0.0,0.0,0.0,0.0,0.0,0.0,5009.0,0.0,0.0,0.0,-107615288.0,0.0,-0.0,0.0,0.0,0.0,0.0,53,3.222028592685471e+26,-2.30882787541985e+20,0.0,0.0,0.0,0.0,0.0,0.0,0.0,0,0,0,0.0,0.0,0.0,0.0,0.0,0.0,0.0,0.0,0.0,0.0,0.0,0.0,0.0,0.0,0.0,0.0,0,-107875648.0,53,0.0,106,-107614832.0,-107350944.0,ERR,ERR,ERR,ERR,ERR,ERR,ERR,ERR,ERR,ERR,ERR,ERR,ERR,ERR,ERR,ERR,ERR,ERR,ERR,ERR,ERR,ERR,ERR,ERR,ERR,ERR,ERR,ERR,ERR,ERR,ERR,ERR,ERR,ERR,ERR,ERR,ERR,ERR,ERR,ERR,ERR,ERR,ERR,ERR,ERR,ERR,ERR,ERR,ERR,ERR,ERR,ERR,ERR,ERR,ERR,ERR,ERR,ERR,ERR,ERR,ERR,ERR,ERR,ERR,ERR,ERR,ERR,50.0,60.0,100,0.0,0.0,0.0,0.0,0.0,0.0,0.0,0.0,0.0,0.0,0.0,0.0,0.0,0.0,0.0,0.0,62.0,65,20,65521,50,65476,0,300,0,0,8,20529,65476,0,0,26214,60.0,0.0,0.0,0.0,0.0,0.0
2026-05-17T16:17:20,ERR,ERR,ERR,ERR,ERR,ERR,ERR,ERR,ERR,ERR,ERR,ERR,ERR,ERR,ERR,ERR,ERR,ERR,ERR,ERR,ERR,ERR,ERR,ERR,ERR,ERR,ERR,ERR,ERR,ERR,ERR,ERR,ERR,ERR,ERR,ERR,ERR,ERR,ERR,ERR,ERR,ERR,ERR,ERR,ERR,ERR,ERR,ERR,ERR,ERR,ERR,ERR,ERR,ERR,ERR,ERR,ERR,ERR,ERR,ERR,ERR,ERR,ERR,ERR,ERR,ERR,ERR,ERR,ERR,ERR,ERR,ERR,ERR,ERR,ERR,ERR,ERR,ERR,ERR,ERR,ERR,ERR,ERR,ERR,ERR,ERR,ERR,ERR,ERR,ERR,ERR,ERR,ERR,ERR,ERR,ERR,ERR,ERR,ERR,ERR,ERR,ERR,ERR,ERR,ERR,ERR,ERR,ERR,ERR,ERR,ERR,ERR,ERR,ERR,ERR,ERR,ERR,ERR,ERR,ERR,ERR,ERR,ERR,ERR,ERR,0.0,-107615288.0,-134474944.0,0.0,0.0,1.3936040501711995e+18,7.805,0.0,0,0,4,0,8422,0.0,45,0.0,0.0,0.0,0.0,0.0,0,0,0,0,0.0,0,0,0,0,0,0,0,0,0,0,0,0,0,0,0,0,0,0,0,0,0,0,0,0,0,0,0,0,0,0,0,0,0,38,14,7,45,65476,0,300,0,0,8,21553,0.0,-107605600.0,0.0,0.0,0.0,0.0,0.0,0.0,0.0,0.0,0.0,0.0,0.0,0.0,0.0,0.0,0.0,0.0,0.0,0.0,0.0,0.0,-2.004,-2.004,-0.0,0.0,0.0,0.0,0.0,0.0,5009.0,0.0,0.0,0.0,-107615288.0,0.0,-0.0,0.0,0.0,0.0,0.0,53,3.222028592685471e+26,-2.30882787541985e+20,0.0,0.0,0.0,0.0,0.0,0.0,0.0,0,0,0,0.0,0.0,0.0,0.0,0.0,0.0,0.0,0.0,0.0,0.0,0.0,0.0,0.0,0.0,0.0,0.0,0,-107875648.0,53,0.0,106,-107614832.0,-107350944.0,ERR,ERR,ERR,ERR,ERR,ERR,ERR,ERR,ERR,ERR,ERR,ERR,ERR,ERR,ERR,ERR,ERR,ERR,ERR,ERR,ERR,ERR,ERR,ERR,ERR,ERR,ERR,ERR,ERR,ERR,ERR,ERR,ERR,ERR,ERR,ERR,ERR,ERR,ERR,ERR,ERR,ERR,ERR,ERR,ERR,ERR,ERR,ERR,ERR,ERR,ERR,ERR,ERR,ERR,ERR,ERR,ERR,ERR,ERR,ERR,ERR,ERR,ERR,ERR,ERR,ERR,ERR,50.0,60.0,100,0.0,0.0,0.0,0.0,0.0,0.0,0.0,0.0,0.0,0.0,0.0,0.0,0.0,0.0,0.0,0.0,61.6,65,20,65521,50,65476,0,300,0,0,8,20529,65476,0,0,26214,60.0,0.0,0.0,0.0,0.0,0.0
2026-05-17T16:17:21,ERR,ERR,ERR,ERR,ERR,ERR,ERR,ERR,ERR,ERR,ERR,ERR,ERR,ERR,ERR,ERR,ERR,ERR,ERR,ERR,ERR,ERR,ERR,ERR,ERR,ERR,ERR,ERR,ERR,ERR,ERR,ERR,ERR,ERR,ERR,ERR,ERR,ERR,ERR,ERR,ERR,ERR,ERR,ERR,ERR,ERR,ERR,ERR,ERR,ERR,ERR,ERR,ERR,ERR,ERR,ERR,ERR,ERR,ERR,ERR,ERR,ERR,ERR,ERR,ERR,ERR,ERR,ERR,ERR,ERR,ERR,ERR,ERR,ERR,ERR,ERR,ERR,ERR,ERR,ERR,ERR,ERR,ERR,ERR,ERR,ERR,ERR,ERR,ERR,ERR,ERR,ERR,ERR,ERR,ERR,ERR,ERR,ERR,ERR,ERR,ERR,ERR,ERR,ERR,ERR,ERR,ERR,ERR,ERR,ERR,ERR,ERR,ERR,ERR,ERR,ERR,ERR,ERR,ERR,ERR,ERR,ERR,ERR,ERR,ERR,0.0,-107615288.0,-134474944.0,0.0,0.0,1.3936040501711995e+18,7.805,0.0,0,0,4,0,8422,0.0,45,0.0,0.0,0.0,0.0,0.0,0,0,0,0,0.0,0,0,0,0,0,0,0,0,0,0,0,0,0,0,0,0,0,0,0,0,0,0,0,0,0,0,0,0,0,0,0,0,0,38,14,7,45,65476,0,300,0,0,8,21553,0.0,-107605600.0,0.0,0.0,0.0,0.0,0.0,0.0,0.0,0.0,0.0,0.0,0.0,0.0,0.0,0.0,0.0,0.0,0.0,0.0,0.0,0.0,-2.004,-2.004,-0.0,0.0,0.0,0.0,0.0,0.0,5005.0,-0.0,0.0,0.0,-107615288.0,0.0,-0.0,0.0,0.0,0.0,0.0,53,126841110528.0,-0.0,0.0,0.0,0.0,0.0,0.0,0.0,0.0,0,0,0,0.0,0.0,0.0,0.0,0.0,0.0,0.0,0.0,0.0,0.0,0.0,0.0,0.0,0.0,0.0,0.0,0,-107875648.0,53,0.0,106,-107614832.0,-107350944.0,ERR,ERR,ERR,ERR,ERR,ERR,ERR,ERR,ERR,ERR,ERR,ERR,ERR,ERR,ERR,ERR,ERR,ERR,ERR,ERR,ERR,ERR,ERR,ERR,ERR,ERR,ERR,ERR,ERR,ERR,ERR,ERR,ERR,ERR,ERR,ERR,ERR,ERR,ERR,ERR,ERR,ERR,ERR,ERR,ERR,ERR,ERR,ERR,ERR,ERR,ERR,ERR,ERR,ERR,ERR,ERR,ERR,ERR,ERR,ERR,ERR,ERR,ERR,ERR,ERR,ERR,ERR,50.0,60.0,100,0.0,0.0,0.0,0.0,0.0,0.0,0.0,0.0,0.0,0.0,0.0,0.0,0.0,0.0,0.0,0.0,61.6,65,20,65521,50,65476,0,300,0,0,8,20529,65476,0,0,26214,60.0,0.0,0.0,0.0,0.0,0.0
2026-05-17T16:17:22,ERR,ERR,ERR,ERR,ERR,ERR,ERR,ERR,ERR,ERR,ERR,ERR,ERR,ERR,ERR,ERR,ERR,ERR,ERR,ERR,ERR,ERR,ERR,ERR,ERR,ERR,ERR,ERR,ERR,ERR,ERR,ERR,ERR,ERR,ERR,ERR,ERR,ERR,ERR,ERR,ERR,ERR,ERR,ERR,ERR,ERR,ERR,ERR,ERR,ERR,ERR,ERR,ERR,ERR,ERR,ERR,ERR,ERR,ERR,ERR,ERR,ERR,ERR,ERR,ERR,ERR,ERR,ERR,ERR,ERR,ERR,ERR,ERR,ERR,ERR,ERR,ERR,ERR,ERR,ERR,ERR,ERR,ERR,ERR,ERR,ERR,ERR,ERR,ERR,ERR,ERR,ERR,ERR,ERR,ERR,ERR,ERR,ERR,ERR,ERR,ERR,ERR,ERR,ERR,ERR,ERR,ERR,ERR,ERR,ERR,ERR,ERR,ERR,ERR,ERR,ERR,ERR,ERR,ERR,ERR,ERR,ERR,ERR,ERR,ERR,0.0,-107615288.0,-134474944.0,0.0,0.0,1.3936040501711995e+18,7.805,0.0,0,0,4,0,8422,0.0,45,0.0,0.0,0.0,0.0,0.0,0,0,0,0,0.0,0,0,0,0,0,0,0,0,0,0,0,0,0,0,0,0,0,0,0,0,0,0,0,0,0,0,0,0,0,0,0,0,0,38,14,7,45,65476,0,300,0,0,8,21553,0.0,-107605600.0,0.0,0.0,0.0,0.0,0.0,0.0,0.0,0.0,0.0,0.0,0.0,0.0,0.0,0.0,0.0,0.0,0.0,0.0,0.0,0.0,-2.004,-2.004,-0.0,0.0,0.0,0.0,0.0,0.0,5005.0,-0.0,0.0,0.0,-107615288.0,0.0,-0.0,0.0,0.0,0.0,0.0,53,126841110528.0,-0.0,0.0,0.0,0.0,0.0,0.0,0.0,0.0,0,0,0,0.0,0.0,0.0,0.0,0.0,0.0,0.0,0.0,0.0,0.0,0.0,0.0,0.0,0.0,0.0,0.0,0,-107875648.0,53,0.0,106,-107614832.0,-107350944.0,ERR,ERR,ERR,ERR,ERR,ERR,ERR,ERR,ERR,ERR,ERR,ERR,ERR,ERR,ERR,ERR,ERR,ERR,ERR,ERR,ERR,ERR,ERR,ERR,ERR,ERR,ERR,ERR,ERR,ERR,ERR,ERR,ERR,ERR,ERR,ERR,ERR,ERR,ERR,ERR,ERR,ERR,ERR,ERR,ERR,ERR,ERR,ERR,ERR,ERR,ERR,ERR,ERR,ERR,ERR,ERR,ERR,ERR,ERR,ERR,ERR,ERR,ERR,ERR,ERR,ERR,ERR,50.0,60.0,100,0.0,0.0,0.0,0.0,0.0,0.0,0.0,0.0,0.0,0.0,0.0,0.0,0.0,0.0,0.0,0.0,61.6,65,20,65521,50,65476,0,300,0,0,8,20529,65476,0,0,26214,60.0,0.0,0.0,0.0,0.0,0.0
2026-05-17T16:17:23,ERR,ERR,ERR,ERR,ERR,ERR,ERR,ERR,ERR,ERR,ERR,ERR,ERR,ERR,ERR,ERR,ERR,ERR,ERR,ERR,ERR,ERR,ERR,ERR,ERR,ERR,ERR,ERR,ERR,ERR,ERR,ERR,ERR,ERR,ERR,ERR,ERR,ERR,ERR,ERR,ERR,ERR,ERR,ERR,ERR,ERR,ERR,ERR,ERR,ERR,ERR,ERR,ERR,ERR,ERR,ERR,ERR,ERR,ERR,ERR,ERR,ERR,ERR,ERR,ERR,ERR,ERR,ERR,ERR,ERR,ERR,ERR,ERR,ERR,ERR,ERR,ERR,ERR,ERR,ERR,ERR,ERR,ERR,ERR,ERR,ERR,ERR,ERR,ERR,ERR,ERR,ERR,ERR,ERR,ERR,ERR,ERR,ERR,ERR,ERR,ERR,ERR,ERR,ERR,ERR,ERR,ERR,ERR,ERR,ERR,ERR,ERR,ERR,ERR,ERR,ERR,ERR,ERR,ERR,ERR,ERR,ERR,ERR,ERR,ERR,0.0,-107615288.0,-134474944.0,0.0,0.0,1.3936040501711995e+18,7.805,0.0,0,0,4,0,8422,0.0,45,0.0,0.0,0.0,0.0,0.0,0,0,0,0,0.0,0,0,0,0,0,0,0,0,0,0,0,0,0,0,0,0,0,0,0,0,0,0,0,0,0,0,0,0,0,0,0,0,0,38,14,7,45,65476,0,300,0,0,8,21553,0.0,-107605600.0,0.0,0.0,0.0,0.0,0.0,0.0,0.0,0.0,0.0,0.0,0.0,0.0,0.0,0.0,0.0,0.0,0.0,0.0,0.0,0.0,-2.004,-2.004,-0.0,0.0,0.0,0.0,0.0,0.0,5005.0,-0.0,0.0,0.0,-107615288.0,0.0,-0.0,0.0,0.0,0.0,0.0,53,126841110528.0,-0.0,0.0,0.0,0.0,0.0,0.0,0.0,0.0,0,0,0,0.0,0.0,0.0,0.0,0.0,0.0,0.0,0.0,0.0,0.0,0.0,0.0,0.0,0.0,0.0,0.0,0,-107875648.0,53,0.0,106,-107614832.0,-107350944.0,ERR,ERR,ERR,ERR,ERR,ERR,ERR,ERR,ERR,ERR,ERR,ERR,ERR,ERR,ERR,ERR,ERR,ERR,ERR,ERR,ERR,ERR,ERR,ERR,ERR,ERR,ERR,ERR,ERR,ERR,ERR,ERR,ERR,ERR,ERR,ERR,ERR,ERR,ERR,ERR,ERR,ERR,ERR,ERR,ERR,ERR,ERR,ERR,ERR,ERR,ERR,ERR,ERR,ERR,ERR,ERR,ERR,ERR,ERR,ERR,ERR,ERR,ERR,ERR,ERR,ERR,ERR,50.0,60.0,100,0.0,0.0,0.0,0.0,0.0,0.0,0.0,0.0,0.0,0.0,0.0,0.0,0.0,0.0,0.0,0.0,61.6,65,20,65521,50,65476,0,300,0,0,8,20529,65476,0,0,26214,60.0,0.0,0.0,0.0,0.0,0.0
2026-05-17T16:17:24,ERR,ERR,ERR,ERR,ERR,ERR,ERR,ERR,ERR,ERR,ERR,ERR,ERR,ERR,ERR,ERR,ERR,ERR,ERR,ERR,ERR,ERR,ERR,ERR,ERR,ERR,ERR,ERR,ERR,ERR,ERR,ERR,ERR,ERR,ERR,ERR,ERR,ERR,ERR,ERR,ERR,ERR,ERR,ERR,ERR,ERR,ERR,ERR,ERR,ERR,ERR,ERR,ERR,ERR,ERR,ERR,ERR,ERR,ERR,ERR,ERR,ERR,ERR,ERR,ERR,ERR,ERR,ERR,ERR,ERR,ERR,ERR,ERR,ERR,ERR,ERR,ERR,ERR,ERR,ERR,ERR,ERR,ERR,ERR,ERR,ERR,ERR,ERR,ERR,ERR,ERR,ERR,ERR,ERR,ERR,ERR,ERR,ERR,ERR,ERR,ERR,ERR,ERR,ERR,ERR,ERR,ERR,ERR,ERR,ERR,ERR,ERR,ERR,ERR,ERR,ERR,ERR,ERR,ERR,ERR,ERR,ERR,ERR,ERR,ERR,0.0,-107615288.0,-134474944.0,0.0,0.0,1.3936040501711995e+18,7.805,0.0,0,0,4,0,8422,0.0,45,0.0,0.0,0.0,0.0,0.0,0,0,0,0,0.0,0,0,0,0,0,0,0,0,0,0,0,0,0,0,0,0,0,0,0,0,0,0,0,0,0,0,0,0,0,0,0,0,0,38,14,7,45,65476,0,300,0,0,8,21553,0.0,-107605600.0,0.0,0.0,0.0,0.0,0.0,0.0,0.0,0.0,0.0,0.0,0.0,0.0,0.0,0.0,0.0,0.0,0.0,0.0,0.0,0.0,-2.004,-2.004,-0.0,0.0,0.0,0.0,0.0,0.0,5005.0,-0.0,0.0,0.0,-107615288.0,0.0,-0.0,0.0,0.0,0.0,0.0,53,126841110528.0,-0.0,0.0,0.0,0.0,0.0,0.0,0.0,0.0,0,0,0,0.0,0.0,0.0,0.0,0.0,0.0,0.0,0.0,0.0,0.0,0.0,0.0,0.0,0.0,0.0,0.0,0,-107875648.0,53,0.0,106,-107614832.0,-107350944.0,ERR,ERR,ERR,ERR,ERR,ERR,ERR,ERR,ERR,ERR,ERR,ERR,ERR,ERR,ERR,ERR,ERR,ERR,ERR,ERR,ERR,ERR,ERR,ERR,ERR,ERR,ERR,ERR,ERR,ERR,ERR,ERR,ERR,ERR,ERR,ERR,ERR,ERR,ERR,ERR,ERR,ERR,ERR,ERR,ERR,ERR,ERR,ERR,ERR,ERR,ERR,ERR,ERR,ERR,ERR,ERR,ERR,ERR,ERR,ERR,ERR,ERR,ERR,ERR,ERR,ERR,ERR,50.0,60.0,100,0.0,0.0,0.0,0.0,0.0,0.0,0.0,0.0,0.0,0.0,0.0,0.0,0.0,0.0,0.0,0.0,61.6,65,20,65521,50,65476,0,300,0,0,8,20529,65476,0,0,26214,60.0,0.0,0.0,0.0,0.0,0.0
2026-05-17T16:17:25,ERR,ERR,ERR,ERR,ERR,ERR,ERR,ERR,ERR,ERR,ERR,ERR,ERR,ERR,ERR,ERR,ERR,ERR,ERR,ERR,ERR,ERR,ERR,ERR,ERR,ERR,ERR,ERR,ERR,ERR,ERR,ERR,ERR,ERR,ERR,ERR,ERR,ERR,ERR,ERR,ERR,ERR,ERR,ERR,ERR,ERR,ERR,ERR,ERR,ERR,ERR,ERR,ERR,ERR,ERR,ERR,ERR,ERR,ERR,ERR,ERR,ERR,ERR,ERR,ERR,ERR,ERR,ERR,ERR,ERR,ERR,ERR,ERR,ERR,ERR,ERR,ERR,ERR,ERR,ERR,ERR,ERR,ERR,ERR,ERR,ERR,ERR,ERR,ERR,ERR,ERR,ERR,ERR,ERR,ERR,ERR,ERR,ERR,ERR,ERR,ERR,ERR,ERR,ERR,ERR,ERR,ERR,ERR,ERR,ERR,ERR,ERR,ERR,ERR,ERR,ERR,ERR,ERR,ERR,ERR,ERR,ERR,ERR,ERR,ERR,0.0,-107615288.0,-134474944.0,0.0,0.0,1.3936040501711995e+18,7.805,0.0,0,0,4,0,8422,0.0,45,0.0,0.0,0.0,0.0,0.0,0,0,0,0,0.0,0,0,0,0,0,0,0,0,0,0,0,0,0,0,0,0,0,0,0,0,0,0,0,0,0,0,0,0,0,0,0,0,0,38,14,7,45,65476,0,300,0,0,8,21553,0.0,-107605600.0,0.0,0.0,0.0,0.0,0.0,0.0,0.0,0.0,0.0,0.0,0.0,0.0,0.0,0.0,0.0,0.0,0.0,0.0,0.0,0.0,-2.004,-2.004,-0.0,0.0,0.0,0.0,0.0,0.0,5005.0,-0.0,0.0,0.0,-107615288.0,0.0,-0.0,0.0,0.0,0.0,0.0,53,126841110528.0,-0.0,0.0,0.0,0.0,0.0,0.0,0.0,0.0,0,0,0,0.0,0.0,0.0,0.0,0.0,0.0,0.0,0.0,0.0,0.0,0.0,0.0,0.0,0.0,0.0,0.0,0,-107875648.0,53,0.0,106,-107614832.0,-107350944.0,ERR,ERR,ERR,ERR,ERR,ERR,ERR,ERR,ERR,ERR,ERR,ERR,ERR,ERR,ERR,ERR,ERR,ERR,ERR,ERR,ERR,ERR,ERR,ERR,ERR,ERR,ERR,ERR,ERR,ERR,ERR,ERR,ERR,ERR,ERR,ERR,ERR,ERR,ERR,ERR,ERR,ERR,ERR,ERR,ERR,ERR,ERR,ERR,ERR,ERR,ERR,ERR,ERR,ERR,ERR,ERR,ERR,ERR,ERR,ERR,ERR,ERR,ERR,ERR,ERR,ERR,ERR,50.0,60.0,100,0.0,0.0,0.0,0.0,0.0,0.0,0.0,0.0,0.0,0.0,0.0,0.0,0.0,0.0,0.0,0.0,62.0,65,20,65521,50,65476,0,300,0,0,8,20529,65476,0,0,26214,60.0,0.0,0.0,0.0,0.0,0.0
2026-05-17T16:17:26,ERR,ERR,ERR,ERR,ERR,ERR,ERR,ERR,ERR,ERR,ERR,ERR,ERR,ERR,ERR,ERR,ERR,ERR,ERR,ERR,ERR,ERR,ERR,ERR,ERR,ERR,ERR,ERR,ERR,ERR,ERR,ERR,ERR,ERR,ERR,ERR,ERR,ERR,ERR,ERR,ERR,ERR,ERR,ERR,ERR,ERR,ERR,ERR,ERR,ERR,ERR,ERR,ERR,ERR,ERR,ERR,ERR,ERR,ERR,ERR,ERR,ERR,ERR,ERR,ERR,ERR,ERR,ERR,ERR,ERR,ERR,ERR,ERR,ERR,ERR,ERR,ERR,ERR,ERR,ERR,ERR,ERR,ERR,ERR,ERR,ERR,ERR,ERR,ERR,ERR,ERR,ERR,ERR,ERR,ERR,ERR,ERR,ERR,ERR,ERR,ERR,ERR,ERR,ERR,ERR,ERR,ERR,ERR,ERR,ERR,ERR,ERR,ERR,ERR,ERR,ERR,ERR,ERR,ERR,ERR,ERR,ERR,ERR,ERR,ERR,0.0,-107615288.0,-134474944.0,0.0,0.0,1.3936040501711995e+18,7.805,0.0,0,0,4,0,8422,0.0,45,0.0,0.0,0.0,0.0,0.0,0,0,0,0,0.0,0,0,0,0,0,0,0,0,0,0,0,0,0,0,0,0,0,0,0,0,0,0,0,0,0,0,0,0,0,0,0,0,0,38,14,7,45,65476,0,300,0,0,8,21553,0.0,-107605600.0,0.0,0.0,0.0,0.0,0.0,0.0,0.0,0.0,0.0,0.0,0.0,0.0,0.0,0.0,0.0,0.0,0.0,0.0,0.0,0.0,-2.004,-2.004,-0.0,0.0,0.0,0.0,0.0,0.0,5038.0,-131350.453,0.0,0.0,-107615288.0,0.0,-0.0,0.0,0.0,0.0,0.0,53,3.222028592685471e+26,0.0,0.0,0.0,0.0,0.0,0.0,0.0,0.0,0,0,0,0.0,0.0,0.0,0.0,0.0,0.0,0.0,0.0,0.0,0.0,0.0,0.0,0.0,0.0,0.0,0.0,0,-107875648.0,53,0.0,106,-107614832.0,-107350944.0,ERR,ERR,ERR,ERR,ERR,ERR,ERR,ERR,ERR,ERR,ERR,ERR,ERR,ERR,ERR,ERR,ERR,ERR,ERR,ERR,ERR,ERR,ERR,ERR,ERR,ERR,ERR,ERR,ERR,ERR,ERR,ERR,ERR,ERR,ERR,ERR,ERR,ERR,ERR,ERR,ERR,ERR,ERR,ERR,ERR,ERR,ERR,ERR,ERR,ERR,ERR,ERR,ERR,ERR,ERR,ERR,ERR,ERR,ERR,ERR,ERR,ERR,ERR,ERR,ERR,ERR,ERR,50.0,60.0,100,0.0,0.0,0.0,0.0,0.0,0.0,0.0,0.0,0.0,0.0,0.0,0.0,0.0,0.0,0.0,0.0,62.0,65,20,65521,50,65476,0,300,0,0,8,20529,65476,0,0,26214,60.0,0.0,0.0,0.0,0.0,0.0
2026-05-17T16:17:27,ERR,ERR,ERR,ERR,ERR,ERR,ERR,ERR,ERR,ERR,ERR,ERR,ERR,ERR,ERR,ERR,ERR,ERR,ERR,ERR,ERR,ERR,ERR,ERR,ERR,ERR,ERR,ERR,ERR,ERR,ERR,ERR,ERR,ERR,ERR,ERR,ERR,ERR,ERR,ERR,ERR,ERR,ERR,ERR,ERR,ERR,ERR,ERR,ERR,ERR,ERR,ERR,ERR,ERR,ERR,ERR,ERR,ERR,ERR,ERR,ERR,ERR,ERR,ERR,ERR,ERR,ERR,ERR,ERR,ERR,ERR,ERR,ERR,ERR,ERR,ERR,ERR,ERR,ERR,ERR,ERR,ERR,ERR,ERR,ERR,ERR,ERR,ERR,ERR,ERR,ERR,ERR,ERR,ERR,ERR,ERR,ERR,ERR,ERR,ERR,ERR,ERR,ERR,ERR,ERR,ERR,ERR,ERR,ERR,ERR,ERR,ERR,ERR,ERR,ERR,ERR,ERR,ERR,ERR,ERR,ERR,ERR,ERR,ERR,ERR,0.0,-107615288.0,-134474944.0,0.0,0.0,1.3936040501711995e+18,7.805,0.0,0,0,4,0,8422,0.0,45,0.0,0.0,0.0,0.0,0.0,0,0,0,0,0.0,0,0,0,0,0,0,0,0,0,0,0,0,0,0,0,0,0,0,0,0,0,0,0,0,0,0,0,0,0,0,0,0,0,38,14,7,45,65476,0,300,0,0,8,21553,0.0,-107605600.0,0.0,0.0,0.0,0.0,0.0,0.0,0.0,0.0,0.0,0.0,0.0,0.0,0.0,0.0,0.0,0.0,0.0,0.0,0.0,0.0,-2.004,-2.004,-0.0,0.0,0.0,0.0,0.0,0.0,5038.0,-131350.453,0.0,0.0,-107615288.0,0.0,-0.0,0.0,0.0,0.0,0.0,53,3.222028592685471e+26,0.0,0.0,0.0,0.0,0.0,0.0,0.0,0.0,0,0,0,0.0,0.0,0.0,0.0,0.0,0.0,0.0,0.0,0.0,0.0,0.0,0.0,0.0,0.0,0.0,0.0,0,-107875648.0,53,0.0,106,-107614832.0,-107350944.0,ERR,ERR,ERR,ERR,ERR,ERR,ERR,ERR,ERR,ERR,ERR,ERR,ERR,ERR,ERR,ERR,ERR,ERR,ERR,ERR,ERR,ERR,ERR,ERR,ERR,ERR,ERR,ERR,ERR,ERR,ERR,ERR,ERR,ERR,ERR,ERR,ERR,ERR,ERR,ERR,ERR,ERR,ERR,ERR,ERR,ERR,ERR,ERR,ERR,ERR,ERR,ERR,ERR,ERR,ERR,ERR,ERR,ERR,ERR,ERR,ERR,ERR,ERR,ERR,ERR,ERR,ERR,50.0,60.0,100,0.0,0.0,0.0,0.0,0.0,0.0,0.0,0.0,0.0,0.0,0.0,0.0,0.0,0.0,0.0,0.0,61.6,65,20,65521,50,65476,0,300,0,0,8,20529,65476,0,0,26214,60.0,0.0,0.0,0.0,0.0,0.0
2026-05-17T16:17:28,ERR,ERR,ERR,ERR,ERR,ERR,ERR,ERR,ERR,ERR,ERR,ERR,ERR,ERR,ERR,ERR,ERR,ERR,ERR,ERR,ERR,ERR,ERR,ERR,ERR,ERR,ERR,ERR,ERR,ERR,ERR,ERR,ERR,ERR,ERR,ERR,ERR,ERR,ERR,ERR,ERR,ERR,ERR,ERR,ERR,ERR,ERR,ERR,ERR,ERR,ERR,ERR,ERR,ERR,ERR,ERR,ERR,ERR,ERR,ERR,ERR,ERR,ERR,ERR,ERR,ERR,ERR,ERR,ERR,ERR,ERR,ERR,ERR,ERR,ERR,ERR,ERR,ERR,ERR,ERR,ERR,ERR,ERR,ERR,ERR,ERR,ERR,ERR,ERR,ERR,ERR,ERR,ERR,ERR,ERR,ERR,ERR,ERR,ERR,ERR,ERR,ERR,ERR,ERR,ERR,ERR,ERR,ERR,ERR,ERR,ERR,ERR,ERR,ERR,ERR,ERR,ERR,ERR,ERR,ERR,ERR,ERR,ERR,ERR,ERR,0.0,-107615288.0,-134474944.0,0.0,0.0,1.3936040501711995e+18,7.805,0.0,0,0,4,0,8422,0.0,45,0.0,0.0,0.0,0.0,0.0,0,0,0,0,0.0,0,0,0,0,0,0,0,0,0,0,0,0,0,0,0,0,0,0,0,0,0,0,0,0,0,0,0,0,0,0,0,0,0,38,14,7,45,65476,0,300,0,0,8,21553,0.0,-107605600.0,0.0,0.0,0.0,0.0,0.0,0.0,0.0,0.0,0.0,0.0,0.0,0.0,0.0,0.0,0.0,0.0,0.0,0.0,0.0,0.0,-2.004,-2.004,-0.0,0.0,0.0,0.0,0.0,0.0,5038.0,-131350.453,0.0,0.0,-107615288.0,0.0,-0.0,0.0,0.0,0.0,0.0,53,3.222028592685471e+26,0.0,0.0,0.0,0.0,0.0,0.0,0.0,0.0,0,0,0,0.0,0.0,0.0,0.0,0.0,0.0,0.0,0.0,0.0,0.0,0.0,0.0,0.0,0.0,0.0,0.0,0,-107875648.0,53,0.0,106,-107614832.0,-107350944.0,ERR,ERR,ERR,ERR,ERR,ERR,ERR,ERR,ERR,ERR,ERR,ERR,ERR,ERR,ERR,ERR,ERR,ERR,ERR,ERR,ERR,ERR,ERR,ERR,ERR,ERR,ERR,ERR,ERR,ERR,ERR,ERR,ERR,ERR,ERR,ERR,ERR,ERR,ERR,ERR,ERR,ERR,ERR,ERR,ERR,ERR,ERR,ERR,ERR,ERR,ERR,ERR,ERR,ERR,ERR,ERR,ERR,ERR,ERR,ERR,ERR,ERR,ERR,ERR,ERR,ERR,ERR,50.0,60.0,100,0.0,0.0,0.0,0.0,0.0,0.0,0.0,0.0,0.0,0.0,0.0,0.0,0.0,0.0,0.0,0.0,61.6,65,20,65521,50,65476,0,300,0,0,8,20529,65476,0,0,26214,60.0,0.0,0.0,0.0,0.0,0.0
2026-05-17T16:17:29,ERR,ERR,ERR,ERR,ERR,ERR,ERR,ERR,ERR,ERR,ERR,ERR,ERR,ERR,ERR,ERR,ERR,ERR,ERR,ERR,ERR,ERR,ERR,ERR,ERR,ERR,ERR,ERR,ERR,ERR,ERR,ERR,ERR,ERR,ERR,ERR,ERR,ERR,ERR,ERR,ERR,ERR,ERR,ERR,ERR,ERR,ERR,ERR,ERR,ERR,ERR,ERR,ERR,ERR,ERR,ERR,ERR,ERR,ERR,ERR,ERR,ERR,ERR,ERR,ERR,ERR,ERR,ERR,ERR,ERR,ERR,ERR,ERR,ERR,ERR,ERR,ERR,ERR,ERR,ERR,ERR,ERR,ERR,ERR,ERR,ERR,ERR,ERR,ERR,ERR,ERR,ERR,ERR,ERR,ERR,ERR,ERR,ERR,ERR,ERR,ERR,ERR,ERR,ERR,ERR,ERR,ERR,ERR,ERR,ERR,ERR,ERR,ERR,ERR,ERR,ERR,ERR,ERR,ERR,ERR,ERR,ERR,ERR,ERR,ERR,0.0,-107615288.0,-134474944.0,0.0,0.0,1.3936040501711995e+18,7.805,0.0,0,0,4,0,8422,0.0,45,0.0,0.0,0.0,0.0,0.0,0,0,0,0,0.0,0,0,0,0,0,0,0,0,0,0,0,0,0,0,0,0,0,0,0,0,0,0,0,0,0,0,0,0,0,0,0,0,0,38,14,7,45,65476,0,300,0,0,8,21553,0.0,-107605600.0,0.0,0.0,0.0,0.0,0.0,0.0,0.0,0.0,0.0,0.0,0.0,0.0,0.0,0.0,0.0,0.0,0.0,0.0,0.0,0.0,-2.004,-2.004,-0.0,0.0,0.0,0.0,0.0,0.0,5038.0,-131350.453,0.0,0.0,-107615288.0,0.0,-0.0,0.0,0.0,0.0,0.0,53,3.222028592685471e+26,0.0,0.0,0.0,0.0,0.0,0.0,0.0,0.0,0,0,0,0.0,0.0,0.0,0.0,0.0,0.0,0.0,0.0,0.0,0.0,0.0,0.0,0.0,0.0,0.0,0.0,0,-107875648.0,53,0.0,106,-107614832.0,-107350944.0,ERR,ERR,ERR,ERR,ERR,ERR,ERR,ERR,ERR,ERR,ERR,ERR,ERR,ERR,ERR,ERR,ERR,ERR,ERR,ERR,ERR,ERR,ERR,ERR,ERR,ERR,ERR,ERR,ERR,ERR,ERR,ERR,ERR,ERR,ERR,ERR,ERR,ERR,ERR,ERR,ERR,ERR,ERR,ERR,ERR,ERR,ERR,ERR,ERR,ERR,ERR,ERR,ERR,ERR,ERR,ERR,ERR,ERR,ERR,ERR,ERR,ERR,ERR,ERR,ERR,ERR,ERR,50.0,60.0,100,0.0,0.0,0.0,0.0,0.0,0.0,0.0,0.0,0.0,0.0,0.0,0.0,0.0,0.0,0.0,0.0,61.6,65,20,65521,50,65476,0,300,0,0,8,20529,65476,0,0,26214,60.0,0.0,0.0,0.0,0.0,0.0
2026-05-17T16:17:30,ERR,ERR,ERR,ERR,ERR,ERR,ERR,ERR,ERR,ERR,ERR,ERR,ERR,ERR,ERR,ERR,ERR,ERR,ERR,ERR,ERR,ERR,ERR,ERR,ERR,ERR,ERR,ERR,ERR,ERR,ERR,ERR,ERR,ERR,ERR,ERR,ERR,ERR,ERR,ERR,ERR,ERR,ERR,ERR,ERR,ERR,ERR,ERR,ERR,ERR,ERR,ERR,ERR,ERR,ERR,ERR,ERR,ERR,ERR,ERR,ERR,ERR,ERR,ERR,ERR,ERR,ERR,ERR,ERR,ERR,ERR,ERR,ERR,ERR,ERR,ERR,ERR,ERR,ERR,ERR,ERR,ERR,ERR,ERR,ERR,ERR,ERR,ERR,ERR,ERR,ERR,ERR,ERR,ERR,ERR,ERR,ERR,ERR,ERR,ERR,ERR,ERR,ERR,ERR,ERR,ERR,ERR,ERR,ERR,ERR,ERR,ERR,ERR,ERR,ERR,ERR,ERR,ERR,ERR,ERR,ERR,ERR,ERR,ERR,ERR,0.0,-107615288.0,-134474944.0,0.0,0.0,1.3936040501711995e+18,7.805,0.0,0,0,4,0,8422,0.0,45,0.0,0.0,0.0,0.0,0.0,0,0,0,0,0.0,0,0,0,0,0,0,0,0,0,0,0,0,0,0,0,0,0,0,0,0,0,0,0,0,0,0,0,0,0,0,0,0,0,38,14,7,45,65476,0,300,0,0,8,21553,0.0,-107605600.0,0.0,0.0,0.0,0.0,0.0,0.0,0.0,0.0,0.0,0.0,0.0,0.0,0.0,0.0,0.0,0.0,0.0,0.0,0.0,0.0,-2.004,-2.004,-0.0,0.0,0.0,0.0,0.0,0.0,5038.0,-131350.453,0.0,0.0,-107615288.0,0.0,-0.0,0.0,0.0,0.0,0.0,53,3.222028592685471e+26,0.0,0.0,0.0,0.0,0.0,0.0,0.0,0.0,0,0,0,0.0,0.0,0.0,0.0,0.0,0.0,0.0,0.0,0.0,0.0,0.0,0.0,0.0,0.0,0.0,0.0,0,-107875648.0,53,0.0,106,-107614832.0,-107350944.0,ERR,ERR,ERR,ERR,ERR,ERR,ERR,ERR,ERR,ERR,ERR,ERR,ERR,ERR,ERR,ERR,ERR,ERR,ERR,ERR,ERR,ERR,ERR,ERR,ERR,ERR,ERR,ERR,ERR,ERR,ERR,ERR,ERR,ERR,ERR,ERR,ERR,ERR,ERR,ERR,ERR,ERR,ERR,ERR,ERR,ERR,ERR,ERR,ERR,ERR,ERR,ERR,ERR,ERR,ERR,ERR,ERR,ERR,ERR,ERR,ERR,ERR,ERR,ERR,ERR,ERR,ERR,50.0,60.0,100,0.0,0.0,0.0,0.0,0.0,0.0,0.0,0.0,0.0,0.0,0.0,0.0,0.0,0.0,0.0,0.0,62.0,65,20,65521,50,65476,0,300,0,0,8,20529,65476,0,0,26214,60.0,0.0,0.0,0.0,0.0,0.0
2026-05-17T16:17:31,ERR,ERR,ERR,ERR,ERR,ERR,ERR,ERR,ERR,ERR,ERR,ERR,ERR,ERR,ERR,ERR,ERR,ERR,ERR,ERR,ERR,ERR,ERR,ERR,ERR,ERR,ERR,ERR,ERR,ERR,ERR,ERR,ERR,ERR,ERR,ERR,ERR,ERR,ERR,ERR,ERR,ERR,ERR,ERR,ERR,ERR,ERR,ERR,ERR,ERR,ERR,ERR,ERR,ERR,ERR,ERR,ERR,ERR,ERR,ERR,ERR,ERR,ERR,ERR,ERR,ERR,ERR,ERR,ERR,ERR,ERR,ERR,ERR,ERR,ERR,ERR,ERR,ERR,ERR,ERR,ERR,ERR,ERR,ERR,ERR,ERR,ERR,ERR,ERR,ERR,ERR,ERR,ERR,ERR,ERR,ERR,ERR,ERR,ERR,ERR,ERR,ERR,ERR,ERR,ERR,ERR,ERR,ERR,ERR,ERR,ERR,ERR,ERR,ERR,ERR,ERR,ERR,ERR,ERR,ERR,ERR,ERR,ERR,ERR,ERR,0.0,-107615288.0,-134474944.0,0.0,0.0,1.3936040501711995e+18,7.805,0.0,0,0,4,0,8422,0.0,45,0.0,0.0,0.0,0.0,0.0,0,0,0,0,0.0,0,0,0,0,0,0,0,0,0,0,0,0,0,0,0,0,0,0,0,0,0,0,0,0,0,0,0,0,0,0,0,0,0,38,14,7,45,65476,0,300,0,0,8,21553,0.0,-107605600.0,0.0,0.0,0.0,0.0,0.0,0.0,0.0,0.0,0.0,0.0,0.0,0.0,0.0,0.0,0.0,0.0,0.0,0.0,0.0,0.0,-2.004,-2.004,-0.0,0.0,0.0,0.0,0.0,0.0,5072.0,0.0,0.0,0.0,-107615288.0,0.0,-0.0,0.0,0.0,0.0,0.0,53,1.9056979486756045e+17,89220.578,0.0,0.0,0.0,0.0,0.0,0.0,0.0,0,0,0,0.0,0.0,0.0,0.0,0.0,0.0,0.0,0.0,0.0,0.0,0.0,0.0,0.0,0.0,0.0,0.0,0,-107875648.0,53,0.0,106,-107614832.0,-107350944.0,ERR,ERR,ERR,ERR,ERR,ERR,ERR,ERR,ERR,ERR,ERR,ERR,ERR,ERR,ERR,ERR,ERR,ERR,ERR,ERR,ERR,ERR,ERR,ERR,ERR,ERR,ERR,ERR,ERR,ERR,ERR,ERR,ERR,ERR,ERR,ERR,ERR,ERR,ERR,ERR,ERR,ERR,ERR,ERR,ERR,ERR,ERR,ERR,ERR,ERR,ERR,ERR,ERR,ERR,ERR,ERR,ERR,ERR,ERR,ERR,ERR,ERR,ERR,ERR,ERR,ERR,ERR,50.0,60.0,100,0.0,0.0,0.0,0.0,0.0,0.0,0.0,0.0,0.0,0.0,0.0,0.0,0.0,0.0,0.0,0.0,62.0,65,20,65521,50,65476,0,300,0,0,8,20529,65476,0,0,26214,60.0,0.0,0.0,0.0,0.0,0.0
2026-05-17T16:17:32,ERR,ERR,ERR,ERR,ERR,ERR,ERR,ERR,ERR,ERR,ERR,ERR,ERR,ERR,ERR,ERR,ERR,ERR,ERR,ERR,ERR,ERR,ERR,ERR,ERR,ERR,ERR,ERR,ERR,ERR,ERR,ERR,ERR,ERR,ERR,ERR,ERR,ERR,ERR,ERR,ERR,ERR,ERR,ERR,ERR,ERR,ERR,ERR,ERR,ERR,ERR,ERR,ERR,ERR,ERR,ERR,ERR,ERR,ERR,ERR,ERR,ERR,ERR,ERR,ERR,ERR,ERR,ERR,ERR,ERR,ERR,ERR,ERR,ERR,ERR,ERR,ERR,ERR,ERR,ERR,ERR,ERR,ERR,ERR,ERR,ERR,ERR,ERR,ERR,ERR,ERR,ERR,ERR,ERR,ERR,ERR,ERR,ERR,ERR,ERR,ERR,ERR,ERR,ERR,ERR,ERR,ERR,ERR,ERR,ERR,ERR,ERR,ERR,ERR,ERR,ERR,ERR,ERR,ERR,ERR,ERR,ERR,ERR,ERR,ERR,0.0,-107615288.0,-134474944.0,0.0,0.0,1.3936040501711995e+18,7.805,0.0,0,0,4,0,8422,0.0,45,0.0,0.0,0.0,0.0,0.0,0,0,0,0,0.0,0,0,0,0,0,0,0,0,0,0,0,0,0,0,0,0,0,0,0,0,0,0,0,0,0,0,0,0,0,0,0,0,0,38,14,7,45,65476,0,300,0,0,8,21553,0.0,-107605600.0,0.0,0.0,0.0,0.0,0.0,0.0,0.0,0.0,0.0,0.0,0.0,0.0,0.0,0.0,0.0,0.0,0.0,0.0,0.0,0.0,-2.004,-2.004,-0.0,0.0,0.0,0.0,0.0,0.0,5072.0,0.0,0.0,0.0,-107615288.0,0.0,-0.0,0.0,0.0,0.0,0.0,53,1.9056979486756045e+17,89220.578,0.0,0.0,0.0,0.0,0.0,0.0,0.0,0,0,0,0.0,0.0,0.0,0.0,0.0,0.0,0.0,0.0,0.0,0.0,0.0,0.0,0.0,0.0,0.0,0.0,0,-107875648.0,53,0.0,106,-107614832.0,-107350944.0,ERR,ERR,ERR,ERR,ERR,ERR,ERR,ERR,ERR,ERR,ERR,ERR,ERR,ERR,ERR,ERR,ERR,ERR,ERR,ERR,ERR,ERR,ERR,ERR,ERR,ERR,ERR,ERR,ERR,ERR,ERR,ERR,ERR,ERR,ERR,ERR,ERR,ERR,ERR,ERR,ERR,ERR,ERR,ERR,ERR,ERR,ERR,ERR,ERR,ERR,ERR,ERR,ERR,ERR,ERR,ERR,ERR,ERR,ERR,ERR,ERR,ERR,ERR,ERR,ERR,ERR,ERR,50.0,60.0,100,0.0,0.0,0.0,0.0,0.0,0.0,0.0,0.0,0.0,0.0,0.0,0.0,0.0,0.0,0.0,0.0,61.6,65,20,65521,50,65476,0,300,0,0,8,20529,65476,0,0,26214,60.0,0.0,0.0,0.0,0.0,0.0
2026-05-17T16:17:33,ERR,ERR,ERR,ERR,ERR,ERR,ERR,ERR,ERR,ERR,ERR,ERR,ERR,ERR,ERR,ERR,ERR,ERR,ERR,ERR,ERR,ERR,ERR,ERR,ERR,ERR,ERR,ERR,ERR,ERR,ERR,ERR,ERR,ERR,ERR,ERR,ERR,ERR,ERR,ERR,ERR,ERR,ERR,ERR,ERR,ERR,ERR,ERR,ERR,ERR,ERR,ERR,ERR,ERR,ERR,ERR,ERR,ERR,ERR,ERR,ERR,ERR,ERR,ERR,ERR,ERR,ERR,ERR,ERR,ERR,ERR,ERR,ERR,ERR,ERR,ERR,ERR,ERR,ERR,ERR,ERR,ERR,ERR,ERR,ERR,ERR,ERR,ERR,ERR,ERR,ERR,ERR,ERR,ERR,ERR,ERR,ERR,ERR,ERR,ERR,ERR,ERR,ERR,ERR,ERR,ERR,ERR,ERR,ERR,ERR,ERR,ERR,ERR,ERR,ERR,ERR,ERR,ERR,ERR,ERR,ERR,ERR,ERR,ERR,ERR,0.0,-107615288.0,-134474944.0,0.0,0.0,1.3936040501711995e+18,7.805,0.0,0,0,4,0,8422,0.0,45,0.0,0.0,0.0,0.0,0.0,0,0,0,0,0.0,0,0,0,0,0,0,0,0,0,0,0,0,0,0,0,0,0,0,0,0,0,0,0,0,0,0,0,0,0,0,0,0,0,38,14,7,45,65476,0,300,0,0,8,21553,0.0,-107605600.0,0.0,0.0,0.0,0.0,0.0,0.0,0.0,0.0,0.0,0.0,0.0,0.0,0.0,0.0,0.0,0.0,0.0,0.0,0.0,0.0,-2.004,-2.004,-0.0,0.0,0.0,0.0,0.0,0.0,5072.0,0.0,0.0,0.0,-107615288.0,0.0,-0.0,0.0,0.0,0.0,0.0,53,1.9056979486756045e+17,89220.578,0.0,0.0,0.0,0.0,0.0,0.0,0.0,0,0,0,0.0,0.0,0.0,0.0,0.0,0.0,0.0,0.0,0.0,0.0,0.0,0.0,0.0,0.0,0.0,0.0,0,-107875648.0,53,0.0,106,-107614832.0,-107350944.0,ERR,ERR,ERR,ERR,ERR,ERR,ERR,ERR,ERR,ERR,ERR,ERR,ERR,ERR,ERR,ERR,ERR,ERR,ERR,ERR,ERR,ERR,ERR,ERR,ERR,ERR,ERR,ERR,ERR,ERR,ERR,ERR,ERR,ERR,ERR,ERR,ERR,ERR,ERR,ERR,ERR,ERR,ERR,ERR,ERR,ERR,ERR,ERR,ERR,ERR,ERR,ERR,ERR,ERR,ERR,ERR,ERR,ERR,ERR,ERR,ERR,ERR,ERR,ERR,ERR,ERR,ERR,50.0,60.0,100,0.0,0.0,0.0,0.0,0.0,0.0,0.0,0.0,0.0,0.0,0.0,0.0,0.0,0.0,0.0,0.0,61.6,65,20,65521,50,65476,0,300,0,0,8,20529,65476,0,0,26214,60.0,0.0,0.0,0.0,0.0,0.0
2026-05-17T16:17:34,ERR,ERR,ERR,ERR,ERR,ERR,ERR,ERR,ERR,ERR,ERR,ERR,ERR,ERR,ERR,ERR,ERR,ERR,ERR,ERR,ERR,ERR,ERR,ERR,ERR,ERR,ERR,ERR,ERR,ERR,ERR,ERR,ERR,ERR,ERR,ERR,ERR,ERR,ERR,ERR,ERR,ERR,ERR,ERR,ERR,ERR,ERR,ERR,ERR,ERR,ERR,ERR,ERR,ERR,ERR,ERR,ERR,ERR,ERR,ERR,ERR,ERR,ERR,ERR,ERR,ERR,ERR,ERR,ERR,ERR,ERR,ERR,ERR,ERR,ERR,ERR,ERR,ERR,ERR,ERR,ERR,ERR,ERR,ERR,ERR,ERR,ERR,ERR,ERR,ERR,ERR,ERR,ERR,ERR,ERR,ERR,ERR,ERR,ERR,ERR,ERR,ERR,ERR,ERR,ERR,ERR,ERR,ERR,ERR,ERR,ERR,ERR,ERR,ERR,ERR,ERR,ERR,ERR,ERR,ERR,ERR,ERR,ERR,ERR,ERR,0.0,-107615288.0,-134474944.0,0.0,0.0,1.3936040501711995e+18,7.805,0.0,0,0,4,0,8422,0.0,45,0.0,0.0,0.0,0.0,0.0,0,0,0,0,0.0,0,0,0,0,0,0,0,0,0,0,0,0,0,0,0,0,0,0,0,0,0,0,0,0,0,0,0,0,0,0,0,0,0,38,14,7,45,65476,0,300,0,0,8,21553,0.0,-107605600.0,0.0,0.0,0.0,0.0,0.0,0.0,0.0,0.0,0.0,0.0,0.0,0.0,0.0,0.0,0.0,0.0,0.0,0.0,0.0,0.0,-2.004,-2.004,-0.0,0.0,0.0,0.0,0.0,0.0,5072.0,0.0,0.0,0.0,-107615288.0,0.0,-0.0,0.0,0.0,0.0,0.0,53,1.9056979486756045e+17,89220.578,0.0,0.0,0.0,0.0,0.0,0.0,0.0,0,0,0,0.0,0.0,0.0,0.0,0.0,0.0,0.0,0.0,0.0,0.0,0.0,0.0,0.0,0.0,0.0,0.0,0,-107875648.0,53,0.0,106,-107614832.0,-107350944.0,ERR,ERR,ERR,ERR,ERR,ERR,ERR,ERR,ERR,ERR,ERR,ERR,ERR,ERR,ERR,ERR,ERR,ERR,ERR,ERR,ERR,ERR,ERR,ERR,ERR,ERR,ERR,ERR,ERR,ERR,ERR,ERR,ERR,ERR,ERR,ERR,ERR,ERR,ERR,ERR,ERR,ERR,ERR,ERR,ERR,ERR,ERR,ERR,ERR,ERR,ERR,ERR,ERR,ERR,ERR,ERR,ERR,ERR,ERR,ERR,ERR,ERR,ERR,ERR,ERR,ERR,ERR,50.0,60.0,100,0.0,0.0,0.0,0.0,0.0,0.0,0.0,0.0,0.0,0.0,0.0,0.0,0.0,0.0,0.0,0.0,62.0,65,20,65521,50,65476,0,300,0,0,8,20529,65476,0,0,26214,60.0,0.0,0.0,0.0,0.0,0.0
2026-05-17T16:17:35,ERR,ERR,ERR,ERR,ERR,ERR,ERR,ERR,ERR,ERR,ERR,ERR,ERR,ERR,ERR,ERR,ERR,ERR,ERR,ERR,ERR,ERR,ERR,ERR,ERR,ERR,ERR,ERR,ERR,ERR,ERR,ERR,ERR,ERR,ERR,ERR,ERR,ERR,ERR,ERR,ERR,ERR,ERR,ERR,ERR,ERR,ERR,ERR,ERR,ERR,ERR,ERR,ERR,ERR,ERR,ERR,ERR,ERR,ERR,ERR,ERR,ERR,ERR,ERR,ERR,ERR,ERR,ERR,ERR,ERR,ERR,ERR,ERR,ERR,ERR,ERR,ERR,ERR,ERR,ERR,ERR,ERR,ERR,ERR,ERR,ERR,ERR,ERR,ERR,ERR,ERR,ERR,ERR,ERR,ERR,ERR,ERR,ERR,ERR,ERR,ERR,ERR,ERR,ERR,ERR,ERR,ERR,ERR,ERR,ERR,ERR,ERR,ERR,ERR,ERR,ERR,ERR,ERR,ERR,ERR,ERR,ERR,ERR,ERR,ERR,0.0,-107615288.0,-134474944.0,0.0,0.0,1.3936040501711995e+18,7.805,0.0,0,0,4,0,8422,0.0,45,0.0,0.0,0.0,0.0,0.0,0,0,0,0,0.0,0,0,0,0,0,0,0,0,0,0,0,0,0,0,0,0,0,0,0,0,0,0,0,0,0,0,0,0,0,0,0,0,0,38,14,7,45,65476,0,300,0,0,8,21553,0.0,-107605600.0,0.0,0.0,0.0,0.0,0.0,0.0,0.0,0.0,0.0,0.0,0.0,0.0,0.0,0.0,0.0,0.0,0.0,0.0,0.0,0.0,-2.004,-2.004,-0.0,0.0,0.0,0.0,0.0,0.0,5072.0,0.0,0.0,0.0,-107615288.0,0.0,-0.0,0.0,0.0,0.0,0.0,53,1.9056979486756045e+17,89220.578,0.0,0.0,0.0,0.0,0.0,0.0,0.0,0,0,0,0.0,0.0,0.0,0.0,0.0,0.0,0.0,0.0,0.0,0.0,0.0,0.0,0.0,0.0,0.0,0.0,0,-107875648.0,53,0.0,106,-107614832.0,-107350944.0,ERR,ERR,ERR,ERR,ERR,ERR,ERR,ERR,ERR,ERR,ERR,ERR,ERR,ERR,ERR,ERR,ERR,ERR,ERR,ERR,ERR,ERR,ERR,ERR,ERR,ERR,ERR,ERR,ERR,ERR,ERR,ERR,ERR,ERR,ERR,ERR,ERR,ERR,ERR,ERR,ERR,ERR,ERR,ERR,ERR,ERR,ERR,ERR,ERR,ERR,ERR,ERR,ERR,ERR,ERR,ERR,ERR,ERR,ERR,ERR,ERR,ERR,ERR,ERR,ERR,ERR,ERR,50.0,60.0,100,0.0,0.0,0.0,0.0,0.0,0.0,0.0,0.0,0.0,0.0,0.0,0.0,0.0,0.0,0.0,0.0,61.6,65,20,65521,50,65476,0,300,0,0,8,20529,65476,0,0,26214,60.0,0.0,0.0,0.0,0.0,0.0
2026-05-17T16:17:36,ERR,ERR,ERR,ERR,ERR,ERR,ERR,ERR,ERR,ERR,ERR,ERR,ERR,ERR,ERR,ERR,ERR,ERR,ERR,ERR,ERR,ERR,ERR,ERR,ERR,ERR,ERR,ERR,ERR,ERR,ERR,ERR,ERR,ERR,ERR,ERR,ERR,ERR,ERR,ERR,ERR,ERR,ERR,ERR,ERR,ERR,ERR,ERR,ERR,ERR,ERR,ERR,ERR,ERR,ERR,ERR,ERR,ERR,ERR,ERR,ERR,ERR,ERR,ERR,ERR,ERR,ERR,ERR,ERR,ERR,ERR,ERR,ERR,ERR,ERR,ERR,ERR,ERR,ERR,ERR,ERR,ERR,ERR,ERR,ERR,ERR,ERR,ERR,ERR,ERR,ERR,ERR,ERR,ERR,ERR,ERR,ERR,ERR,ERR,ERR,ERR,ERR,ERR,ERR,ERR,ERR,ERR,ERR,ERR,ERR,ERR,ERR,ERR,ERR,ERR,ERR,ERR,ERR,ERR,ERR,ERR,ERR,ERR,ERR,ERR,0.0,-107615288.0,-134474944.0,0.0,0.0,1.3936040501711995e+18,7.805,0.0,0,0,4,0,8422,0.0,45,0.0,0.0,0.0,0.0,0.0,0,0,0,0,0.0,0,0,0,0,0,0,0,0,0,0,0,0,0,0,0,0,0,0,0,0,0,0,0,0,0,0,0,0,0,0,0,0,0,38,14,7,45,65476,0,300,0,0,8,21553,0.0,-107605600.0,0.0,0.0,0.0,0.0,0.0,0.0,0.0,0.0,0.0,0.0,0.0,0.0,0.0,0.0,0.0,0.0,0.0,0.0,0.0,0.0,-2.004,-2.004,-0.0,0.0,0.0,0.0,0.0,0.0,5043.0,-1.040665504650976e+34,0.0,0.0,-107615288.0,0.0,-0.0,0.0,0.0,0.0,0.0,53,2.3088403658719416e+20,89220.578,0.0,0.0,0.0,0.0,0.0,0.0,0.0,0,0,0,0.0,0.0,0.0,0.0,0.0,0.0,0.0,0.0,0.0,0.0,0.0,0.0,0.0,0.0,0.0,0.0,0,-107875648.0,53,0.0,106,-107614832.0,-107350944.0,ERR,ERR,ERR,ERR,ERR,ERR,ERR,ERR,ERR,ERR,ERR,ERR,ERR,ERR,ERR,ERR,ERR,ERR,ERR,ERR,ERR,ERR,ERR,ERR,ERR,ERR,ERR,ERR,ERR,ERR,ERR,ERR,ERR,ERR,ERR,ERR,ERR,ERR,ERR,ERR,ERR,ERR,ERR,ERR,ERR,ERR,ERR,ERR,ERR,ERR,ERR,ERR,ERR,ERR,ERR,ERR,ERR,ERR,ERR,ERR,ERR,ERR,ERR,ERR,ERR,ERR,ERR,50.0,60.0,100,0.0,0.0,0.0,0.0,0.0,0.0,0.0,0.0,0.0,0.0,0.0,0.0,0.0,0.0,0.0,0.0,61.6,65,20,65521,50,65476,0,300,0,0,8,20529,65476,0,0,26214,60.0,0.0,0.0,0.0,0.0,0.0
2026-05-17T16:17:37,ERR,ERR,ERR,ERR,ERR,ERR,ERR,ERR,ERR,ERR,ERR,ERR,ERR,ERR,ERR,ERR,ERR,ERR,ERR,ERR,ERR,ERR,ERR,ERR,ERR,ERR,ERR,ERR,ERR,ERR,ERR,ERR,ERR,ERR,ERR,ERR,ERR,ERR,ERR,ERR,ERR,ERR,ERR,ERR,ERR,ERR,ERR,ERR,ERR,ERR,ERR,ERR,ERR,ERR,ERR,ERR,ERR,ERR,ERR,ERR,ERR,ERR,ERR,ERR,ERR,ERR,ERR,ERR,ERR,ERR,ERR,ERR,ERR,ERR,ERR,ERR,ERR,ERR,ERR,ERR,ERR,ERR,ERR,ERR,ERR,ERR,ERR,ERR,ERR,ERR,ERR,ERR,ERR,ERR,ERR,ERR,ERR,ERR,ERR,ERR,ERR,ERR,ERR,ERR,ERR,ERR,ERR,ERR,ERR,ERR,ERR,ERR,ERR,ERR,ERR,ERR,ERR,ERR,ERR,ERR,ERR,ERR,ERR,ERR,ERR,0.0,-107615288.0,-134474944.0,0.0,0.0,1.3936040501711995e+18,7.805,0.0,0,0,4,0,8422,0.0,45,0.0,0.0,0.0,0.0,0.0,0,0,0,0,0.0,0,0,0,0,0,0,0,0,0,0,0,0,0,0,0,0,0,0,0,0,0,0,0,0,0,0,0,0,0,0,0,0,0,38,14,7,45,65476,0,300,0,0,8,21553,0.0,-107605600.0,0.0,0.0,0.0,0.0,0.0,0.0,0.0,0.0,0.0,0.0,0.0,0.0,0.0,0.0,0.0,0.0,0.0,0.0,0.0,0.0,-2.004,-2.004,-0.0,0.0,0.0,0.0,0.0,0.0,5043.0,-1.040665504650976e+34,0.0,0.0,-107615288.0,0.0,-0.0,0.0,0.0,0.0,0.0,53,2.3088403658719416e+20,89220.578,0.0,0.0,0.0,0.0,0.0,0.0,0.0,0,0,0,0.0,0.0,0.0,0.0,0.0,0.0,0.0,0.0,0.0,0.0,0.0,0.0,0.0,0.0,0.0,0.0,0,-107875648.0,53,0.0,106,-107614832.0,-107350944.0,ERR,ERR,ERR,ERR,ERR,ERR,ERR,ERR,ERR,ERR,ERR,ERR,ERR,ERR,ERR,ERR,ERR,ERR,ERR,ERR,ERR,ERR,ERR,ERR,ERR,ERR,ERR,ERR,ERR,ERR,ERR,ERR,ERR,ERR,ERR,ERR,ERR,ERR,ERR,ERR,ERR,ERR,ERR,ERR,ERR,ERR,ERR,ERR,ERR,ERR,ERR,ERR,ERR,ERR,ERR,ERR,ERR,ERR,ERR,ERR,ERR,ERR,ERR,ERR,ERR,ERR,ERR,50.0,60.0,100,0.0,0.0,0.0,0.0,0.0,0.0,0.0,0.0,0.0,0.0,0.0,0.0,0.0,0.0,0.0,0.0,62.0,65,20,65521,50,65476,0,300,0,0,8,20529,65476,0,0,26214,60.0,0.0,0.0,0.0,0.0,0.0
2026-05-17T16:17:38,ERR,ERR,ERR,ERR,ERR,ERR,ERR,ERR,ERR,ERR,ERR,ERR,ERR,ERR,ERR,ERR,ERR,ERR,ERR,ERR,ERR,ERR,ERR,ERR,ERR,ERR,ERR,ERR,ERR,ERR,ERR,ERR,ERR,ERR,ERR,ERR,ERR,ERR,ERR,ERR,ERR,ERR,ERR,ERR,ERR,ERR,ERR,ERR,ERR,ERR,ERR,ERR,ERR,ERR,ERR,ERR,ERR,ERR,ERR,ERR,ERR,ERR,ERR,ERR,ERR,ERR,ERR,ERR,ERR,ERR,ERR,ERR,ERR,ERR,ERR,ERR,ERR,ERR,ERR,ERR,ERR,ERR,ERR,ERR,ERR,ERR,ERR,ERR,ERR,ERR,ERR,ERR,ERR,ERR,ERR,ERR,ERR,ERR,ERR,ERR,ERR,ERR,ERR,ERR,ERR,ERR,ERR,ERR,ERR,ERR,ERR,ERR,ERR,ERR,ERR,ERR,ERR,ERR,ERR,ERR,ERR,ERR,ERR,ERR,ERR,0.0,-107615288.0,-134474944.0,0.0,0.0,1.3936040501711995e+18,7.805,0.0,0,0,4,0,8422,0.0,45,0.0,0.0,0.0,0.0,0.0,0,0,0,0,0.0,0,0,0,0,0,0,0,0,0,0,0,0,0,0,0,0,0,0,0,0,0,0,0,0,0,0,0,0,0,0,0,0,0,38,14,7,45,65476,0,300,0,0,8,21553,0.0,-107605600.0,0.0,0.0,0.0,0.0,0.0,0.0,0.0,0.0,0.0,0.0,0.0,0.0,0.0,0.0,0.0,0.0,0.0,0.0,0.0,0.0,-2.004,-2.004,-0.0,0.0,0.0,0.0,0.0,0.0,5043.0,-1.040665504650976e+34,0.0,0.0,-107615288.0,0.0,-0.0,0.0,0.0,0.0,0.0,53,2.3088403658719416e+20,89220.578,0.0,0.0,0.0,0.0,0.0,0.0,0.0,0,0,0,0.0,0.0,0.0,0.0,0.0,0.0,0.0,0.0,0.0,0.0,0.0,0.0,0.0,0.0,0.0,0.0,0,-107875648.0,53,0.0,106,-107614832.0,-107350944.0,ERR,ERR,ERR,ERR,ERR,ERR,ERR,ERR,ERR,ERR,ERR,ERR,ERR,ERR,ERR,ERR,ERR,ERR,ERR,ERR,ERR,ERR,ERR,ERR,ERR,ERR,ERR,ERR,ERR,ERR,ERR,ERR,ERR,ERR,ERR,ERR,ERR,ERR,ERR,ERR,ERR,ERR,ERR,ERR,ERR,ERR,ERR,ERR,ERR,ERR,ERR,ERR,ERR,ERR,ERR,ERR,ERR,ERR,ERR,ERR,ERR,ERR,ERR,ERR,ERR,ERR,ERR,50.0,60.0,100,0.0,0.0,0.0,0.0,0.0,0.0,0.0,0.0,0.0,0.0,0.0,0.0,0.0,0.0,0.0,0.0,62.0,65,20,65521,50,65476,0,300,0,0,8,20529,65476,0,0,26214,60.0,0.0,0.0,0.0,0.0,0.0
2026-05-17T16:17:39,ERR,ERR,ERR,ERR,ERR,ERR,ERR,ERR,ERR,ERR,ERR,ERR,ERR,ERR,ERR,ERR,ERR,ERR,ERR,ERR,ERR,ERR,ERR,ERR,ERR,ERR,ERR,ERR,ERR,ERR,ERR,ERR,ERR,ERR,ERR,ERR,ERR,ERR,ERR,ERR,ERR,ERR,ERR,ERR,ERR,ERR,ERR,ERR,ERR,ERR,ERR,ERR,ERR,ERR,ERR,ERR,ERR,ERR,ERR,ERR,ERR,ERR,ERR,ERR,ERR,ERR,ERR,ERR,ERR,ERR,ERR,ERR,ERR,ERR,ERR,ERR,ERR,ERR,ERR,ERR,ERR,ERR,ERR,ERR,ERR,ERR,ERR,ERR,ERR,ERR,ERR,ERR,ERR,ERR,ERR,ERR,ERR,ERR,ERR,ERR,ERR,ERR,ERR,ERR,ERR,ERR,ERR,ERR,ERR,ERR,ERR,ERR,ERR,ERR,ERR,ERR,ERR,ERR,ERR,ERR,ERR,ERR,ERR,ERR,ERR,0.0,-107615288.0,-134474944.0,0.0,0.0,1.3936040501711995e+18,7.805,0.0,0,0,4,0,8422,0.0,45,0.0,0.0,0.0,0.0,0.0,0,0,0,0,0.0,0,0,0,0,0,0,0,0,0,0,0,0,0,0,0,0,0,0,0,0,0,0,0,0,0,0,0,0,0,0,0,0,0,38,14,7,45,65476,0,300,0,0,8,21553,0.0,-107605600.0,0.0,0.0,0.0,0.0,0.0,0.0,0.0,0.0,0.0,0.0,0.0,0.0,0.0,0.0,0.0,0.0,0.0,0.0,0.0,0.0,-2.004,-2.004,-0.0,0.0,0.0,0.0,0.0,0.0,5043.0,-1.040665504650976e+34,0.0,0.0,-107615288.0,0.0,-0.0,0.0,0.0,0.0,0.0,53,2.3088403658719416e+20,89220.578,0.0,0.0,0.0,0.0,0.0,0.0,0.0,0,0,0,0.0,0.0,0.0,0.0,0.0,0.0,0.0,0.0,0.0,0.0,0.0,0.0,0.0,0.0,0.0,0.0,0,-107875648.0,53,0.0,106,-107614832.0,-107350944.0,ERR,ERR,ERR,ERR,ERR,ERR,ERR,ERR,ERR,ERR,ERR,ERR,ERR,ERR,ERR,ERR,ERR,ERR,ERR,ERR,ERR,ERR,ERR,ERR,ERR,ERR,ERR,ERR,ERR,ERR,ERR,ERR,ERR,ERR,ERR,ERR,ERR,ERR,ERR,ERR,ERR,ERR,ERR,ERR,ERR,ERR,ERR,ERR,ERR,ERR,ERR,ERR,ERR,ERR,ERR,ERR,ERR,ERR,ERR,ERR,ERR,ERR,ERR,ERR,ERR,ERR,ERR,50.0,60.0,100,0.0,0.0,0.0,0.0,0.0,0.0,0.0,0.0,0.0,0.0,0.0,0.0,0.0,0.0,0.0,0.0,62.0,65,20,65521,50,65476,0,300,0,0,8,20529,65476,0,0,26214,60.0,0.0,0.0,0.0,0.0,0.0
2026-05-17T16:17:40,ERR,ERR,ERR,ERR,ERR,ERR,ERR,ERR,ERR,ERR,ERR,ERR,ERR,ERR,ERR,ERR,ERR,ERR,ERR,ERR,ERR,ERR,ERR,ERR,ERR,ERR,ERR,ERR,ERR,ERR,ERR,ERR,ERR,ERR,ERR,ERR,ERR,ERR,ERR,ERR,ERR,ERR,ERR,ERR,ERR,ERR,ERR,ERR,ERR,ERR,ERR,ERR,ERR,ERR,ERR,ERR,ERR,ERR,ERR,ERR,ERR,ERR,ERR,ERR,ERR,ERR,ERR,ERR,ERR,ERR,ERR,ERR,ERR,ERR,ERR,ERR,ERR,ERR,ERR,ERR,ERR,ERR,ERR,ERR,ERR,ERR,ERR,ERR,ERR,ERR,ERR,ERR,ERR,ERR,ERR,ERR,ERR,ERR,ERR,ERR,ERR,ERR,ERR,ERR,ERR,ERR,ERR,ERR,ERR,ERR,ERR,ERR,ERR,ERR,ERR,ERR,ERR,ERR,ERR,ERR,ERR,ERR,ERR,ERR,ERR,0.0,-107615288.0,-134474944.0,0.0,0.0,1.3936040501711995e+18,7.805,0.0,0,0,4,0,8422,0.0,45,0.0,0.0,0.0,0.0,0.0,0,0,0,0,0.0,0,0,0,0,0,0,0,0,0,0,0,0,0,0,0,0,0,0,0,0,0,0,0,0,0,0,0,0,0,0,0,0,0,38,14,7,45,65476,0,300,0,0,8,21553,0.0,-107605600.0,0.0,0.0,0.0,0.0,0.0,0.0,0.0,0.0,0.0,0.0,0.0,0.0,0.0,0.0,0.0,0.0,0.0,0.0,0.0,0.0,-2.004,-2.004,-0.0,0.0,0.0,0.0,0.0,0.0,5043.0,-1.040665504650976e+34,0.0,0.0,-107615288.0,0.0,-0.0,0.0,0.0,0.0,0.0,53,2.3088403658719416e+20,89220.578,0.0,0.0,0.0,0.0,0.0,0.0,0.0,0,0,0,0.0,0.0,0.0,0.0,0.0,0.0,0.0,0.0,0.0,0.0,0.0,0.0,0.0,0.0,0.0,0.0,0,-107875648.0,53,0.0,106,-107614832.0,-107350944.0,ERR,ERR,ERR,ERR,ERR,ERR,ERR,ERR,ERR,ERR,ERR,ERR,ERR,ERR,ERR,ERR,ERR,ERR,ERR,ERR,ERR,ERR,ERR,ERR,ERR,ERR,ERR,ERR,ERR,ERR,ERR,ERR,ERR,ERR,ERR,ERR,ERR,ERR,ERR,ERR,ERR,ERR,ERR,ERR,ERR,ERR,ERR,ERR,ERR,ERR,ERR,ERR,ERR,ERR,ERR,ERR,ERR,ERR,ERR,ERR,ERR,ERR,ERR,ERR,ERR,ERR,ERR,50.0,60.0,100,0.0,0.0,0.0,0.0,0.0,0.0,0.0,0.0,0.0,0.0,0.0,0.0,0.0,0.0,0.0,0.0,61.6,65,20,65521,50,65476,0,300,0,0,8,20529,65476,0,0,26214,60.0,0.0,0.0,0.0,0.0,0.0
2026-05-17T16:17:41,ERR,ERR,ERR,ERR,ERR,ERR,ERR,ERR,ERR,ERR,ERR,ERR,ERR,ERR,ERR,ERR,ERR,ERR,ERR,ERR,ERR,ERR,ERR,ERR,ERR,ERR,ERR,ERR,ERR,ERR,ERR,ERR,ERR,ERR,ERR,ERR,ERR,ERR,ERR,ERR,ERR,ERR,ERR,ERR,ERR,ERR,ERR,ERR,ERR,ERR,ERR,ERR,ERR,ERR,ERR,ERR,ERR,ERR,ERR,ERR,ERR,ERR,ERR,ERR,ERR,ERR,ERR,ERR,ERR,ERR,ERR,ERR,ERR,ERR,ERR,ERR,ERR,ERR,ERR,ERR,ERR,ERR,ERR,ERR,ERR,ERR,ERR,ERR,ERR,ERR,ERR,ERR,ERR,ERR,ERR,ERR,ERR,ERR,ERR,ERR,ERR,ERR,ERR,ERR,ERR,ERR,ERR,ERR,ERR,ERR,ERR,ERR,ERR,ERR,ERR,ERR,ERR,ERR,ERR,ERR,ERR,ERR,ERR,ERR,ERR,0.0,-107615288.0,-134474944.0,0.0,0.0,1.3936040501711995e+18,7.805,0.0,0,0,4,0,8422,0.0,45,0.0,0.0,0.0,0.0,0.0,0,0,0,0,0.0,0,0,0,0,0,0,0,0,0,0,0,0,0,0,0,0,0,0,0,0,0,0,0,0,0,0,0,0,0,0,0,0,0,38,14,7,45,65476,0,300,0,0,8,21553,0.0,-107605600.0,0.0,0.0,0.0,0.0,0.0,0.0,0.0,0.0,0.0,0.0,0.0,0.0,0.0,0.0,0.0,0.0,0.0,0.0,0.0,0.0,-2.004,-2.004,-0.0,0.0,0.0,0.0,0.0,0.0,5070.0,3.697187013234e+19,0.0,0.0,-107615288.0,0.0,-0.0,0.0,0.0,0.0,0.0,53,152018454839296.0,-71.629,0.0,0.0,0.0,0.0,0.0,0.0,0.0,0,0,0,0.0,0.0,0.0,0.0,0.0,0.0,0.0,0.0,0.0,0.0,0.0,0.0,0.0,0.0,0.0,0.0,0,-107875648.0,53,0.0,106,-107614832.0,-107350944.0,ERR,ERR,ERR,ERR,ERR,ERR,ERR,ERR,ERR,ERR,ERR,ERR,ERR,ERR,ERR,ERR,ERR,ERR,ERR,ERR,ERR,ERR,ERR,ERR,ERR,ERR,ERR,ERR,ERR,ERR,ERR,ERR,ERR,ERR,ERR,ERR,ERR,ERR,ERR,ERR,ERR,ERR,ERR,ERR,ERR,ERR,ERR,ERR,ERR,ERR,ERR,ERR,ERR,ERR,ERR,ERR,ERR,ERR,ERR,ERR,ERR,ERR,ERR,ERR,ERR,ERR,ERR,50.0,60.0,100,0.0,0.0,0.0,0.0,0.0,0.0,0.0,0.0,0.0,0.0,0.0,0.0,0.0,0.0,0.0,0.0,61.6,65,20,65521,50,65476,0,300,0,0,8,20529,65476,0,0,26214,60.0,0.0,0.0,0.0,0.0,0.0
2026-05-17T16:17:42,ERR,ERR,ERR,ERR,ERR,ERR,ERR,ERR,ERR,ERR,ERR,ERR,ERR,ERR,ERR,ERR,ERR,ERR,ERR,ERR,ERR,ERR,ERR,ERR,ERR,ERR,ERR,ERR,ERR,ERR,ERR,ERR,ERR,ERR,ERR,ERR,ERR,ERR,ERR,ERR,ERR,ERR,ERR,ERR,ERR,ERR,ERR,ERR,ERR,ERR,ERR,ERR,ERR,ERR,ERR,ERR,ERR,ERR,ERR,ERR,ERR,ERR,ERR,ERR,ERR,ERR,ERR,ERR,ERR,ERR,ERR,ERR,ERR,ERR,ERR,ERR,ERR,ERR,ERR,ERR,ERR,ERR,ERR,ERR,ERR,ERR,ERR,ERR,ERR,ERR,ERR,ERR,ERR,ERR,ERR,ERR,ERR,ERR,ERR,ERR,ERR,ERR,ERR,ERR,ERR,ERR,ERR,ERR,ERR,ERR,ERR,ERR,ERR,ERR,ERR,ERR,ERR,ERR,ERR,ERR,ERR,ERR,ERR,ERR,ERR,0.0,-107615288.0,-134474944.0,0.0,0.0,1.3936040501711995e+18,7.805,0.0,0,0,4,0,8422,0.0,45,0.0,0.0,0.0,0.0,0.0,0,0,0,0,0.0,0,0,0,0,0,0,0,0,0,0,0,0,0,0,0,0,0,0,0,0,0,0,0,0,0,0,0,0,0,0,0,0,0,38,14,7,45,65476,0,300,0,0,8,21553,0.0,-107605600.0,0.0,0.0,0.0,0.0,0.0,0.0,0.0,0.0,0.0,0.0,0.0,0.0,0.0,0.0,0.0,0.0,0.0,0.0,0.0,0.0,-2.004,-2.004,-0.0,0.0,0.0,0.0,0.0,0.0,5070.0,3.697187013234e+19,0.0,0.0,-107615288.0,0.0,-0.0,0.0,0.0,0.0,0.0,53,152018454839296.0,-71.629,0.0,0.0,0.0,0.0,0.0,0.0,0.0,0,0,0,0.0,0.0,0.0,0.0,0.0,0.0,0.0,0.0,0.0,0.0,0.0,0.0,0.0,0.0,0.0,0.0,0,-107875648.0,53,0.0,106,-107614832.0,-107350944.0,ERR,ERR,ERR,ERR,ERR,ERR,ERR,ERR,ERR,ERR,ERR,ERR,ERR,ERR,ERR,ERR,ERR,ERR,ERR,ERR,ERR,ERR,ERR,ERR,ERR,ERR,ERR,ERR,ERR,ERR,ERR,ERR,ERR,ERR,ERR,ERR,ERR,ERR,ERR,ERR,ERR,ERR,ERR,ERR,ERR,ERR,ERR,ERR,ERR,ERR,ERR,ERR,ERR,ERR,ERR,ERR,ERR,ERR,ERR,ERR,ERR,ERR,ERR,ERR,ERR,ERR,ERR,50.0,60.0,100,0.0,0.0,0.0,0.0,0.0,0.0,0.0,0.0,0.0,0.0,0.0,0.0,0.0,0.0,0.0,0.0,62.0,65,20,65521,50,65476,0,300,0,0,8,20529,65476,0,0,26214,60.0,0.0,0.0,0.0,0.0,0.0
2026-05-17T16:17:43,ERR,ERR,ERR,ERR,ERR,ERR,ERR,ERR,ERR,ERR,ERR,ERR,ERR,ERR,ERR,ERR,ERR,ERR,ERR,ERR,ERR,ERR,ERR,ERR,ERR,ERR,ERR,ERR,ERR,ERR,ERR,ERR,ERR,ERR,ERR,ERR,ERR,ERR,ERR,ERR,ERR,ERR,ERR,ERR,ERR,ERR,ERR,ERR,ERR,ERR,ERR,ERR,ERR,ERR,ERR,ERR,ERR,ERR,ERR,ERR,ERR,ERR,ERR,ERR,ERR,ERR,ERR,ERR,ERR,ERR,ERR,ERR,ERR,ERR,ERR,ERR,ERR,ERR,ERR,ERR,ERR,ERR,ERR,ERR,ERR,ERR,ERR,ERR,ERR,ERR,ERR,ERR,ERR,ERR,ERR,ERR,ERR,ERR,ERR,ERR,ERR,ERR,ERR,ERR,ERR,ERR,ERR,ERR,ERR,ERR,ERR,ERR,ERR,ERR,ERR,ERR,ERR,ERR,ERR,ERR,ERR,ERR,ERR,ERR,ERR,0.0,-107615288.0,-134474944.0,0.0,0.0,1.3936040501711995e+18,7.805,0.0,0,0,4,0,8422,0.0,45,0.0,0.0,0.0,0.0,0.0,0,0,0,0,0.0,0,0,0,0,0,0,0,0,0,0,0,0,0,0,0,0,0,0,0,0,0,0,0,0,0,0,0,0,0,0,0,0,0,38,14,7,45,65476,0,300,0,0,8,21553,0.0,-107605600.0,0.0,0.0,0.0,0.0,0.0,0.0,0.0,0.0,0.0,0.0,0.0,0.0,0.0,0.0,0.0,0.0,0.0,0.0,0.0,0.0,-2.004,-2.004,-0.0,0.0,0.0,0.0,0.0,0.0,5070.0,3.697187013234e+19,0.0,0.0,-107615288.0,0.0,-0.0,0.0,0.0,0.0,0.0,53,152018454839296.0,-71.629,0.0,0.0,0.0,0.0,0.0,0.0,0.0,0,0,0,0.0,0.0,0.0,0.0,0.0,0.0,0.0,0.0,0.0,0.0,0.0,0.0,0.0,0.0,0.0,0.0,0,-107875648.0,53,0.0,106,-107614832.0,-107350944.0,ERR,ERR,ERR,ERR,ERR,ERR,ERR,ERR,ERR,ERR,ERR,ERR,ERR,ERR,ERR,ERR,ERR,ERR,ERR,ERR,ERR,ERR,ERR,ERR,ERR,ERR,ERR,ERR,ERR,ERR,ERR,ERR,ERR,ERR,ERR,ERR,ERR,ERR,ERR,ERR,ERR,ERR,ERR,ERR,ERR,ERR,ERR,ERR,ERR,ERR,ERR,ERR,ERR,ERR,ERR,ERR,ERR,ERR,ERR,ERR,ERR,ERR,ERR,ERR,ERR,ERR,ERR,50.0,60.0,100,0.0,0.0,0.0,0.0,0.0,0.0,0.0,0.0,0.0,0.0,0.0,0.0,0.0,0.0,0.0,0.0,62.0,65,20,65521,50,65476,0,300,0,0,8,20529,65476,0,0,26214,60.0,0.0,0.0,0.0,0.0,0.0
2026-05-17T16:17:44,ERR,ERR,ERR,ERR,ERR,ERR,ERR,ERR,ERR,ERR,ERR,ERR,ERR,ERR,ERR,ERR,ERR,ERR,ERR,ERR,ERR,ERR,ERR,ERR,ERR,ERR,ERR,ERR,ERR,ERR,ERR,ERR,ERR,ERR,ERR,ERR,ERR,ERR,ERR,ERR,ERR,ERR,ERR,ERR,ERR,ERR,ERR,ERR,ERR,ERR,ERR,ERR,ERR,ERR,ERR,ERR,ERR,ERR,ERR,ERR,ERR,ERR,ERR,ERR,ERR,ERR,ERR,ERR,ERR,ERR,ERR,ERR,ERR,ERR,ERR,ERR,ERR,ERR,ERR,ERR,ERR,ERR,ERR,ERR,ERR,ERR,ERR,ERR,ERR,ERR,ERR,ERR,ERR,ERR,ERR,ERR,ERR,ERR,ERR,ERR,ERR,ERR,ERR,ERR,ERR,ERR,ERR,ERR,ERR,ERR,ERR,ERR,ERR,ERR,ERR,ERR,ERR,ERR,ERR,ERR,ERR,ERR,ERR,ERR,ERR,0.0,-107615288.0,-134474944.0,0.0,0.0,1.3936040501711995e+18,7.805,0.0,0,0,4,0,8422,0.0,45,0.0,0.0,0.0,0.0,0.0,0,0,0,0,0.0,0,0,0,0,0,0,0,0,0,0,0,0,0,0,0,0,0,0,0,0,0,0,0,0,0,0,0,0,0,0,0,0,0,38,14,7,45,65476,0,300,0,0,8,21553,0.0,-107605600.0,0.0,0.0,0.0,0.0,0.0,0.0,0.0,0.0,0.0,0.0,0.0,0.0,0.0,0.0,0.0,0.0,0.0,0.0,0.0,0.0,-2.004,-2.004,-0.0,0.0,0.0,0.0,0.0,0.0,5070.0,3.697187013234e+19,0.0,0.0,-107615288.0,0.0,-0.0,0.0,0.0,0.0,0.0,53,152018454839296.0,-71.629,0.0,0.0,0.0,0.0,0.0,0.0,0.0,0,0,0,0.0,0.0,0.0,0.0,0.0,0.0,0.0,0.0,0.0,0.0,0.0,0.0,0.0,0.0,0.0,0.0,0,-107875648.0,53,0.0,106,-107614832.0,-107350944.0,ERR,ERR,ERR,ERR,ERR,ERR,ERR,ERR,ERR,ERR,ERR,ERR,ERR,ERR,ERR,ERR,ERR,ERR,ERR,ERR,ERR,ERR,ERR,ERR,ERR,ERR,ERR,ERR,ERR,ERR,ERR,ERR,ERR,ERR,ERR,ERR,ERR,ERR,ERR,ERR,ERR,ERR,ERR,ERR,ERR,ERR,ERR,ERR,ERR,ERR,ERR,ERR,ERR,ERR,ERR,ERR,ERR,ERR,ERR,ERR,ERR,ERR,ERR,ERR,ERR,ERR,ERR,50.0,60.0,100,0.0,0.0,0.0,0.0,0.0,0.0,0.0,0.0,0.0,0.0,0.0,0.0,0.0,0.0,0.0,0.0,61.6,65,20,65521,50,65476,0,300,0,0,8,20529,65476,0,0,26214,60.0,0.0,0.0,0.0,0.0,0.0
2026-05-17T16:17:45,ERR,ERR,ERR,ERR,ERR,ERR,ERR,ERR,ERR,ERR,ERR,ERR,ERR,ERR,ERR,ERR,ERR,ERR,ERR,ERR,ERR,ERR,ERR,ERR,ERR,ERR,ERR,ERR,ERR,ERR,ERR,ERR,ERR,ERR,ERR,ERR,ERR,ERR,ERR,ERR,ERR,ERR,ERR,ERR,ERR,ERR,ERR,ERR,ERR,ERR,ERR,ERR,ERR,ERR,ERR,ERR,ERR,ERR,ERR,ERR,ERR,ERR,ERR,ERR,ERR,ERR,ERR,ERR,ERR,ERR,ERR,ERR,ERR,ERR,ERR,ERR,ERR,ERR,ERR,ERR,ERR,ERR,ERR,ERR,ERR,ERR,ERR,ERR,ERR,ERR,ERR,ERR,ERR,ERR,ERR,ERR,ERR,ERR,ERR,ERR,ERR,ERR,ERR,ERR,ERR,ERR,ERR,ERR,ERR,ERR,ERR,ERR,ERR,ERR,ERR,ERR,ERR,ERR,ERR,ERR,ERR,ERR,ERR,ERR,ERR,0.0,-107615288.0,-134474944.0,0.0,0.0,1.3936040501711995e+18,7.805,0.0,0,0,4,0,8422,0.0,45,0.0,0.0,0.0,0.0,0.0,0,0,0,0,0.0,0,0,0,0,0,0,0,0,0,0,0,0,0,0,0,0,0,0,0,0,0,0,0,0,0,0,0,0,0,0,0,0,0,38,14,7,45,65476,0,300,0,0,8,21553,0.0,-107605600.0,0.0,0.0,0.0,0.0,0.0,0.0,0.0,0.0,0.0,0.0,0.0,0.0,0.0,0.0,0.0,0.0,0.0,0.0,0.0,0.0,-2.004,-2.004,-0.0,0.0,0.0,0.0,0.0,0.0,5070.0,3.697187013234e+19,0.0,0.0,-107615288.0,0.0,-0.0,0.0,0.0,0.0,0.0,53,152018454839296.0,-71.629,0.0,0.0,0.0,0.0,0.0,0.0,0.0,0,0,0,0.0,0.0,0.0,0.0,0.0,0.0,0.0,0.0,0.0,0.0,0.0,0.0,0.0,0.0,0.0,0.0,0,-107875648.0,53,0.0,106,-107614832.0,-107350944.0,ERR,ERR,ERR,ERR,ERR,ERR,ERR,ERR,ERR,ERR,ERR,ERR,ERR,ERR,ERR,ERR,ERR,ERR,ERR,ERR,ERR,ERR,ERR,ERR,ERR,ERR,ERR,ERR,ERR,ERR,ERR,ERR,ERR,ERR,ERR,ERR,ERR,ERR,ERR,ERR,ERR,ERR,ERR,ERR,ERR,ERR,ERR,ERR,ERR,ERR,ERR,ERR,ERR,ERR,ERR,ERR,ERR,ERR,ERR,ERR,ERR,ERR,ERR,ERR,ERR,ERR,ERR,50.0,60.0,100,0.0,0.0,0.0,0.0,0.0,0.0,0.0,0.0,0.0,0.0,0.0,0.0,0.0,0.0,0.0,0.0,61.6,65,20,65521,50,65476,0,300,0,0,8,20529,65476,0,0,26214,60.0,0.0,0.0,0.0,0.0,0.0
2026-05-17T16:17:46,ERR,ERR,ERR,ERR,ERR,ERR,ERR,ERR,ERR,ERR,ERR,ERR,ERR,ERR,ERR,ERR,ERR,ERR,ERR,ERR,ERR,ERR,ERR,ERR,ERR,ERR,ERR,ERR,ERR,ERR,ERR,ERR,ERR,ERR,ERR,ERR,ERR,ERR,ERR,ERR,ERR,ERR,ERR,ERR,ERR,ERR,ERR,ERR,ERR,ERR,ERR,ERR,ERR,ERR,ERR,ERR,ERR,ERR,ERR,ERR,ERR,ERR,ERR,ERR,ERR,ERR,ERR,ERR,ERR,ERR,ERR,ERR,ERR,ERR,ERR,ERR,ERR,ERR,ERR,ERR,ERR,ERR,ERR,ERR,ERR,ERR,ERR,ERR,ERR,ERR,ERR,ERR,ERR,ERR,ERR,ERR,ERR,ERR,ERR,ERR,ERR,ERR,ERR,ERR,ERR,ERR,ERR,ERR,ERR,ERR,ERR,ERR,ERR,ERR,ERR,ERR,ERR,ERR,ERR,ERR,ERR,ERR,ERR,ERR,ERR,0.0,-107615288.0,-134474944.0,0.0,0.0,1.3936040501711995e+18,7.805,0.0,0,0,4,0,8422,0.0,45,0.0,0.0,0.0,0.0,0.0,0,0,0,0,0.0,0,0,0,0,0,0,0,0,0,0,0,0,0,0,0,0,0,0,0,0,0,0,0,0,0,0,0,0,0,0,0,0,0,38,14,7,45,65476,0,300,0,0,8,21553,0.0,-107605600.0,0.0,0.0,0.0,0.0,0.0,0.0,0.0,0.0,0.0,0.0,0.0,0.0,0.0,0.0,0.0,0.0,0.0,0.0,0.0,0.0,-2.004,-2.004,-0.0,0.0,0.0,0.0,0.0,0.0,5070.0,3.697187013234e+19,0.0,0.0,-107615288.0,0.0,-0.0,0.0,0.0,0.0,0.0,53,152018454839296.0,-71.629,0.0,0.0,0.0,0.0,0.0,0.0,0.0,0,0,0,0.0,0.0,0.0,0.0,0.0,0.0,0.0,0.0,0.0,0.0,0.0,0.0,0.0,0.0,0.0,0.0,0,-107875648.0,53,0.0,106,-107614832.0,-107350944.0,ERR,ERR,ERR,ERR,ERR,ERR,ERR,ERR,ERR,ERR,ERR,ERR,ERR,ERR,ERR,ERR,ERR,ERR,ERR,ERR,ERR,ERR,ERR,ERR,ERR,ERR,ERR,ERR,ERR,ERR,ERR,ERR,ERR,ERR,ERR,ERR,ERR,ERR,ERR,ERR,ERR,ERR,ERR,ERR,ERR,ERR,ERR,ERR,ERR,ERR,ERR,ERR,ERR,ERR,ERR,ERR,ERR,ERR,ERR,ERR,ERR,ERR,ERR,ERR,ERR,ERR,ERR,50.0,60.0,100,0.0,0.0,0.0,0.0,0.0,0.0,0.0,0.0,0.0,0.0,0.0,0.0,0.0,0.0,0.0,0.0,61.6,65,20,65521,50,65476,0,300,0,0,8,20529,65476,0,0,26214,60.0,0.0,0.0,0.0,0.0,0.0
2026-05-17T16:17:47,ERR,ERR,ERR,ERR,ERR,ERR,ERR,ERR,ERR,ERR,ERR,ERR,ERR,ERR,ERR,ERR,ERR,ERR,ERR,ERR,ERR,ERR,ERR,ERR,ERR,ERR,ERR,ERR,ERR,ERR,ERR,ERR,ERR,ERR,ERR,ERR,ERR,ERR,ERR,ERR,ERR,ERR,ERR,ERR,ERR,ERR,ERR,ERR,ERR,ERR,ERR,ERR,ERR,ERR,ERR,ERR,ERR,ERR,ERR,ERR,ERR,ERR,ERR,ERR,ERR,ERR,ERR,ERR,ERR,ERR,ERR,ERR,ERR,ERR,ERR,ERR,ERR,ERR,ERR,ERR,ERR,ERR,ERR,ERR,ERR,ERR,ERR,ERR,ERR,ERR,ERR,ERR,ERR,ERR,ERR,ERR,ERR,ERR,ERR,ERR,ERR,ERR,ERR,ERR,ERR,ERR,ERR,ERR,ERR,ERR,ERR,ERR,ERR,ERR,ERR,ERR,ERR,ERR,ERR,ERR,ERR,ERR,ERR,ERR,ERR,0.0,-107615288.0,-134474944.0,0.0,0.0,1.3936040501711995e+18,7.805,0.0,0,0,4,0,8422,0.0,45,0.0,0.0,0.0,0.0,0.0,0,0,0,0,0.0,0,0,0,0,0,0,0,0,0,0,0,0,0,0,0,0,0,0,0,0,0,0,0,0,0,0,0,0,0,0,0,0,0,38,14,7,45,65476,0,300,0,0,8,21553,0.0,-107605600.0,0.0,0.0,0.0,0.0,0.0,0.0,0.0,0.0,0.0,0.0,0.0,0.0,0.0,0.0,0.0,0.0,0.0,0.0,0.0,0.0,-2.004,-2.004,-0.0,0.0,0.0,0.0,0.0,0.0,5072.0,-3.697187013234e+19,0.0,0.0,-107615288.0,0.0,-0.0,0.0,0.0,0.0,0.0,53,152018454839296.0,4.06685479138251e+29,0.0,0.0,0.0,0.0,0.0,0.0,0.0,0,0,0,0.0,0.0,0.0,0.0,0.0,0.0,0.0,0.0,0.0,0.0,0.0,0.0,0.0,0.0,0.0,0.0,0,-107875648.0,53,0.0,106,-107614832.0,-107350944.0,ERR,ERR,ERR,ERR,ERR,ERR,ERR,ERR,ERR,ERR,ERR,ERR,ERR,ERR,ERR,ERR,ERR,ERR,ERR,ERR,ERR,ERR,ERR,ERR,ERR,ERR,ERR,ERR,ERR,ERR,ERR,ERR,ERR,ERR,ERR,ERR,ERR,ERR,ERR,ERR,ERR,ERR,ERR,ERR,ERR,ERR,ERR,ERR,ERR,ERR,ERR,ERR,ERR,ERR,ERR,ERR,ERR,ERR,ERR,ERR,ERR,ERR,ERR,ERR,ERR,ERR,ERR,50.0,60.0,100,0.0,0.0,0.0,0.0,0.0,0.0,0.0,0.0,0.0,0.0,0.0,0.0,0.0,0.0,0.0,0.0,61.6,65,20,65521,50,65476,0,300,0,0,8,20529,65476,0,0,26214,60.0,0.0,0.0,0.0,0.0,0.0
2026-05-17T16:17:48,ERR,ERR,ERR,ERR,ERR,ERR,ERR,ERR,ERR,ERR,ERR,ERR,ERR,ERR,ERR,ERR,ERR,ERR,ERR,ERR,ERR,ERR,ERR,ERR,ERR,ERR,ERR,ERR,ERR,ERR,ERR,ERR,ERR,ERR,ERR,ERR,ERR,ERR,ERR,ERR,ERR,ERR,ERR,ERR,ERR,ERR,ERR,ERR,ERR,ERR,ERR,ERR,ERR,ERR,ERR,ERR,ERR,ERR,ERR,ERR,ERR,ERR,ERR,ERR,ERR,ERR,ERR,ERR,ERR,ERR,ERR,ERR,ERR,ERR,ERR,ERR,ERR,ERR,ERR,ERR,ERR,ERR,ERR,ERR,ERR,ERR,ERR,ERR,ERR,ERR,ERR,ERR,ERR,ERR,ERR,ERR,ERR,ERR,ERR,ERR,ERR,ERR,ERR,ERR,ERR,ERR,ERR,ERR,ERR,ERR,ERR,ERR,ERR,ERR,ERR,ERR,ERR,ERR,ERR,ERR,ERR,ERR,ERR,ERR,ERR,0.0,-107615288.0,-134474944.0,0.0,0.0,1.3936040501711995e+18,7.805,0.0,0,0,4,0,8422,0.0,45,0.0,0.0,0.0,0.0,0.0,0,0,0,0,0.0,0,0,0,0,0,0,0,0,0,0,0,0,0,0,0,0,0,0,0,0,0,0,0,0,0,0,0,0,0,0,0,0,0,38,14,7,45,65476,0,300,0,0,8,21553,0.0,-107605600.0,0.0,0.0,0.0,0.0,0.0,0.0,0.0,0.0,0.0,0.0,0.0,0.0,0.0,0.0,0.0,0.0,0.0,0.0,0.0,0.0,-2.004,-2.004,-0.0,0.0,0.0,0.0,0.0,0.0,5072.0,-3.697187013234e+19,0.0,0.0,-107615288.0,0.0,-0.0,0.0,0.0,0.0,0.0,53,152018454839296.0,4.06685479138251e+29,0.0,0.0,0.0,0.0,0.0,0.0,0.0,0,0,0,0.0,0.0,0.0,0.0,0.0,0.0,0.0,0.0,0.0,0.0,0.0,0.0,0.0,0.0,0.0,0.0,0,-107875648.0,53,0.0,106,-107614832.0,-107350944.0,ERR,ERR,ERR,ERR,ERR,ERR,ERR,ERR,ERR,ERR,ERR,ERR,ERR,ERR,ERR,ERR,ERR,ERR,ERR,ERR,ERR,ERR,ERR,ERR,ERR,ERR,ERR,ERR,ERR,ERR,ERR,ERR,ERR,ERR,ERR,ERR,ERR,ERR,ERR,ERR,ERR,ERR,ERR,ERR,ERR,ERR,ERR,ERR,ERR,ERR,ERR,ERR,ERR,ERR,ERR,ERR,ERR,ERR,ERR,ERR,ERR,ERR,ERR,ERR,ERR,ERR,ERR,50.0,60.0,100,0.0,0.0,0.0,0.0,0.0,0.0,0.0,0.0,0.0,0.0,0.0,0.0,0.0,0.0,0.0,0.0,61.6,65,20,65521,50,65476,0,300,0,0,8,20529,65476,0,0,26214,60.0,0.0,0.0,0.0,0.0,0.0
2026-05-17T16:17:49,ERR,ERR,ERR,ERR,ERR,ERR,ERR,ERR,ERR,ERR,ERR,ERR,ERR,ERR,ERR,ERR,ERR,ERR,ERR,ERR,ERR,ERR,ERR,ERR,ERR,ERR,ERR,ERR,ERR,ERR,ERR,ERR,ERR,ERR,ERR,ERR,ERR,ERR,ERR,ERR,ERR,ERR,ERR,ERR,ERR,ERR,ERR,ERR,ERR,ERR,ERR,ERR,ERR,ERR,ERR,ERR,ERR,ERR,ERR,ERR,ERR,ERR,ERR,ERR,ERR,ERR,ERR,ERR,ERR,ERR,ERR,ERR,ERR,ERR,ERR,ERR,ERR,ERR,ERR,ERR,ERR,ERR,ERR,ERR,ERR,ERR,ERR,ERR,ERR,ERR,ERR,ERR,ERR,ERR,ERR,ERR,ERR,ERR,ERR,ERR,ERR,ERR,ERR,ERR,ERR,ERR,ERR,ERR,ERR,ERR,ERR,ERR,ERR,ERR,ERR,ERR,ERR,ERR,ERR,ERR,ERR,ERR,ERR,ERR,ERR,0.0,-107615288.0,-134474944.0,0.0,0.0,1.3936040501711995e+18,7.805,0.0,0,0,4,0,8422,0.0,45,0.0,0.0,0.0,0.0,0.0,0,0,0,0,0.0,0,0,0,0,0,0,0,0,0,0,0,0,0,0,0,0,0,0,0,0,0,0,0,0,0,0,0,0,0,0,0,0,0,38,14,7,45,65476,0,300,0,0,8,21553,0.0,-107605600.0,0.0,0.0,0.0,0.0,0.0,0.0,0.0,0.0,0.0,0.0,0.0,0.0,0.0,0.0,0.0,0.0,0.0,0.0,0.0,0.0,-2.004,-2.004,-0.0,0.0,0.0,0.0,0.0,0.0,5072.0,-3.697187013234e+19,0.0,0.0,-107615288.0,0.0,-0.0,0.0,0.0,0.0,0.0,53,152018454839296.0,4.06685479138251e+29,0.0,0.0,0.0,0.0,0.0,0.0,0.0,0,0,0,0.0,0.0,0.0,0.0,0.0,0.0,0.0,0.0,0.0,0.0,0.0,0.0,0.0,0.0,0.0,0.0,0,-107875648.0,53,0.0,106,-107614832.0,-107350944.0,ERR,ERR,ERR,ERR,ERR,ERR,ERR,ERR,ERR,ERR,ERR,ERR,ERR,ERR,ERR,ERR,ERR,ERR,ERR,ERR,ERR,ERR,ERR,ERR,ERR,ERR,ERR,ERR,ERR,ERR,ERR,ERR,ERR,ERR,ERR,ERR,ERR,ERR,ERR,ERR,ERR,ERR,ERR,ERR,ERR,ERR,ERR,ERR,ERR,ERR,ERR,ERR,ERR,ERR,ERR,ERR,ERR,ERR,ERR,ERR,ERR,ERR,ERR,ERR,ERR,ERR,ERR,50.0,60.0,100,0.0,0.0,0.0,0.0,0.0,0.0,0.0,0.0,0.0,0.0,0.0,0.0,0.0,0.0,0.0,0.0,61.6,65,20,65521,50,65476,0,300,0,0,8,20529,65476,0,0,26214,60.0,0.0,0.0,0.0,0.0,0.0
2026-05-17T16:17:50,ERR,ERR,ERR,ERR,ERR,ERR,ERR,ERR,ERR,ERR,ERR,ERR,ERR,ERR,ERR,ERR,ERR,ERR,ERR,ERR,ERR,ERR,ERR,ERR,ERR,ERR,ERR,ERR,ERR,ERR,ERR,ERR,ERR,ERR,ERR,ERR,ERR,ERR,ERR,ERR,ERR,ERR,ERR,ERR,ERR,ERR,ERR,ERR,ERR,ERR,ERR,ERR,ERR,ERR,ERR,ERR,ERR,ERR,ERR,ERR,ERR,ERR,ERR,ERR,ERR,ERR,ERR,ERR,ERR,ERR,ERR,ERR,ERR,ERR,ERR,ERR,ERR,ERR,ERR,ERR,ERR,ERR,ERR,ERR,ERR,ERR,ERR,ERR,ERR,ERR,ERR,ERR,ERR,ERR,ERR,ERR,ERR,ERR,ERR,ERR,ERR,ERR,ERR,ERR,ERR,ERR,ERR,ERR,ERR,ERR,ERR,ERR,ERR,ERR,ERR,ERR,ERR,ERR,ERR,ERR,ERR,ERR,ERR,ERR,ERR,0.0,-107615288.0,-134474944.0,0.0,0.0,1.3936040501711995e+18,7.805,0.0,0,0,4,0,8422,0.0,45,0.0,0.0,0.0,0.0,0.0,0,0,0,0,0.0,0,0,0,0,0,0,0,0,0,0,0,0,0,0,0,0,0,0,0,0,0,0,0,0,0,0,0,0,0,0,0,0,0,38,14,7,45,65476,0,300,0,0,8,21553,0.0,-107605600.0,0.0,0.0,0.0,0.0,0.0,0.0,0.0,0.0,0.0,0.0,0.0,0.0,0.0,0.0,0.0,0.0,0.0,0.0,0.0,0.0,-2.004,-2.004,-0.0,0.0,0.0,0.0,0.0,0.0,5072.0,-3.697187013234e+19,0.0,0.0,-107615288.0,0.0,-0.0,0.0,0.0,0.0,0.0,53,152018454839296.0,4.06685479138251e+29,0.0,0.0,0.0,0.0,0.0,0.0,0.0,0,0,0,0.0,0.0,0.0,0.0,0.0,0.0,0.0,0.0,0.0,0.0,0.0,0.0,0.0,0.0,0.0,0.0,0,-107875648.0,53,0.0,106,-107614832.0,-107350944.0,ERR,ERR,ERR,ERR,ERR,ERR,ERR,ERR,ERR,ERR,ERR,ERR,ERR,ERR,ERR,ERR,ERR,ERR,ERR,ERR,ERR,ERR,ERR,ERR,ERR,ERR,ERR,ERR,ERR,ERR,ERR,ERR,ERR,ERR,ERR,ERR,ERR,ERR,ERR,ERR,ERR,ERR,ERR,ERR,ERR,ERR,ERR,ERR,ERR,ERR,ERR,ERR,ERR,ERR,ERR,ERR,ERR,ERR,ERR,ERR,ERR,ERR,ERR,ERR,ERR,ERR,ERR,50.0,60.0,100,0.0,0.0,0.0,0.0,0.0,0.0,0.0,0.0,0.0,0.0,0.0,0.0,0.0,0.0,0.0,0.0,61.6,65,20,65521,50,65476,0,300,0,0,8,20529,65476,0,0,26214,60.0,0.0,0.0,0.0,0.0,0.0
2026-05-17T16:17:51,ERR,ERR,ERR,ERR,ERR,ERR,ERR,ERR,ERR,ERR,ERR,ERR,ERR,ERR,ERR,ERR,ERR,ERR,ERR,ERR,ERR,ERR,ERR,ERR,ERR,ERR,ERR,ERR,ERR,ERR,ERR,ERR,ERR,ERR,ERR,ERR,ERR,ERR,ERR,ERR,ERR,ERR,ERR,ERR,ERR,ERR,ERR,ERR,ERR,ERR,ERR,ERR,ERR,ERR,ERR,ERR,ERR,ERR,ERR,ERR,ERR,ERR,ERR,ERR,ERR,ERR,ERR,ERR,ERR,ERR,ERR,ERR,ERR,ERR,ERR,ERR,ERR,ERR,ERR,ERR,ERR,ERR,ERR,ERR,ERR,ERR,ERR,ERR,ERR,ERR,ERR,ERR,ERR,ERR,ERR,ERR,ERR,ERR,ERR,ERR,ERR,ERR,ERR,ERR,ERR,ERR,ERR,ERR,ERR,ERR,ERR,ERR,ERR,ERR,ERR,ERR,ERR,ERR,ERR,ERR,ERR,ERR,ERR,ERR,ERR,0.0,-107615288.0,-134474944.0,0.0,0.0,1.3936040501711995e+18,7.805,0.0,0,0,4,0,8422,0.0,45,0.0,0.0,0.0,0.0,0.0,0,0,0,0,0.0,0,0,0,0,0,0,0,0,0,0,0,0,0,0,0,0,0,0,0,0,0,0,0,0,0,0,0,0,0,0,0,0,0,38,14,7,45,65476,0,300,0,0,8,21553,0.0,-107605600.0,0.0,0.0,0.0,0.0,0.0,0.0,0.0,0.0,0.0,0.0,0.0,0.0,0.0,0.0,0.0,0.0,0.0,0.0,0.0,0.0,-2.004,-2.004,-0.0,0.0,0.0,0.0,0.0,0.0,5072.0,-3.697187013234e+19,0.0,0.0,-107615288.0,0.0,-0.0,0.0,0.0,0.0,0.0,53,152018454839296.0,4.06685479138251e+29,0.0,0.0,0.0,0.0,0.0,0.0,0.0,0,0,0,0.0,0.0,0.0,0.0,0.0,0.0,0.0,0.0,0.0,0.0,0.0,0.0,0.0,0.0,0.0,0.0,0,-107875648.0,53,0.0,106,-107614832.0,-107350944.0,ERR,ERR,ERR,ERR,ERR,ERR,ERR,ERR,ERR,ERR,ERR,ERR,ERR,ERR,ERR,ERR,ERR,ERR,ERR,ERR,ERR,ERR,ERR,ERR,ERR,ERR,ERR,ERR,ERR,ERR,ERR,ERR,ERR,ERR,ERR,ERR,ERR,ERR,ERR,ERR,ERR,ERR,ERR,ERR,ERR,ERR,ERR,ERR,ERR,ERR,ERR,ERR,ERR,ERR,ERR,ERR,ERR,ERR,ERR,ERR,ERR,ERR,ERR,ERR,ERR,ERR,ERR,50.0,60.0,100,0.0,0.0,0.0,0.0,0.0,0.0,0.0,0.0,0.0,0.0,0.0,0.0,0.0,0.0,0.0,0.0,62.0,65,20,65521,50,65476,0,300,0,0,8,20529,65476,0,0,26214,60.0,0.0,0.0,0.0,0.0,0.0
2026-05-17T16:17:52,ERR,ERR,ERR,ERR,ERR,ERR,ERR,ERR,ERR,ERR,ERR,ERR,ERR,ERR,ERR,ERR,ERR,ERR,ERR,ERR,ERR,ERR,ERR,ERR,ERR,ERR,ERR,ERR,ERR,ERR,ERR,ERR,ERR,ERR,ERR,ERR,ERR,ERR,ERR,ERR,ERR,ERR,ERR,ERR,ERR,ERR,ERR,ERR,ERR,ERR,ERR,ERR,ERR,ERR,ERR,ERR,ERR,ERR,ERR,ERR,ERR,ERR,ERR,ERR,ERR,ERR,ERR,ERR,ERR,ERR,ERR,ERR,ERR,ERR,ERR,ERR,ERR,ERR,ERR,ERR,ERR,ERR,ERR,ERR,ERR,ERR,ERR,ERR,ERR,ERR,ERR,ERR,ERR,ERR,ERR,ERR,ERR,ERR,ERR,ERR,ERR,ERR,ERR,ERR,ERR,ERR,ERR,ERR,ERR,ERR,ERR,ERR,ERR,ERR,ERR,ERR,ERR,ERR,ERR,ERR,ERR,ERR,ERR,ERR,ERR,0.0,-107615288.0,-134474944.0,0.0,0.0,1.3936040501711995e+18,7.805,0.0,0,0,4,0,8422,0.0,45,0.0,0.0,0.0,0.0,0.0,0,0,0,0,0.0,0,0,0,0,0,0,0,0,0,0,0,0,0,0,0,0,0,0,0,0,0,0,0,0,0,0,0,0,0,0,0,0,0,38,14,7,45,65476,0,300,0,0,8,21553,0.0,-107605600.0,0.0,0.0,0.0,0.0,0.0,0.0,0.0,0.0,0.0,0.0,0.0,0.0,0.0,0.0,0.0,0.0,0.0,0.0,0.0,0.0,-2.004,-2.004,-0.0,0.0,0.0,0.0,0.0,0.0,5071.0,-2.004,0.0,0.0,-107615288.0,0.0,-0.0,0.0,0.0,0.0,0.0,53,152018454839296.0,0.0,0.0,0.0,0.0,0.0,0.0,0.0,0.0,0,0,0,0.0,0.0,0.0,0.0,0.0,0.0,0.0,0.0,0.0,0.0,0.0,0.0,0.0,0.0,0.0,0.0,0,-107875648.0,53,0.0,106,-107614832.0,-107350944.0,ERR,ERR,ERR,ERR,ERR,ERR,ERR,ERR,ERR,ERR,ERR,ERR,ERR,ERR,ERR,ERR,ERR,ERR,ERR,ERR,ERR,ERR,ERR,ERR,ERR,ERR,ERR,ERR,ERR,ERR,ERR,ERR,ERR,ERR,ERR,ERR,ERR,ERR,ERR,ERR,ERR,ERR,ERR,ERR,ERR,ERR,ERR,ERR,ERR,ERR,ERR,ERR,ERR,ERR,ERR,ERR,ERR,ERR,ERR,ERR,ERR,ERR,ERR,ERR,ERR,ERR,ERR,50.0,60.0,100,0.0,0.0,0.0,0.0,0.0,0.0,0.0,0.0,0.0,0.0,0.0,0.0,0.0,0.0,0.0,0.0,62.0,65,20,65521,50,65476,0,300,0,0,8,20529,65476,0,0,26214,60.0,0.0,0.0,0.0,0.0,0.0
2026-05-17T16:17:53,ERR,ERR,ERR,ERR,ERR,ERR,ERR,ERR,ERR,ERR,ERR,ERR,ERR,ERR,ERR,ERR,ERR,ERR,ERR,ERR,ERR,ERR,ERR,ERR,ERR,ERR,ERR,ERR,ERR,ERR,ERR,ERR,ERR,ERR,ERR,ERR,ERR,ERR,ERR,ERR,ERR,ERR,ERR,ERR,ERR,ERR,ERR,ERR,ERR,ERR,ERR,ERR,ERR,ERR,ERR,ERR,ERR,ERR,ERR,ERR,ERR,ERR,ERR,ERR,ERR,ERR,ERR,ERR,ERR,ERR,ERR,ERR,ERR,ERR,ERR,ERR,ERR,ERR,ERR,ERR,ERR,ERR,ERR,ERR,ERR,ERR,ERR,ERR,ERR,ERR,ERR,ERR,ERR,ERR,ERR,ERR,ERR,ERR,ERR,ERR,ERR,ERR,ERR,ERR,ERR,ERR,ERR,ERR,ERR,ERR,ERR,ERR,ERR,ERR,ERR,ERR,ERR,ERR,ERR,ERR,ERR,ERR,ERR,ERR,ERR,0.0,-107615288.0,-134474944.0,0.0,0.0,1.3936040501711995e+18,7.805,0.0,0,0,4,0,8422,0.0,45,0.0,0.0,0.0,0.0,0.0,0,0,0,0,0.0,0,0,0,0,0,0,0,0,0,0,0,0,0,0,0,0,0,0,0,0,0,0,0,0,0,0,0,0,0,0,0,0,0,38,14,7,45,65476,0,300,0,0,8,21553,0.0,-107605600.0,0.0,0.0,0.0,0.0,0.0,0.0,0.0,0.0,0.0,0.0,0.0,0.0,0.0,0.0,0.0,0.0,0.0,0.0,0.0,0.0,-2.004,-2.004,-0.0,0.0,0.0,0.0,0.0,0.0,5071.0,-2.004,0.0,0.0,-107615288.0,0.0,-0.0,0.0,0.0,0.0,0.0,53,152018454839296.0,0.0,0.0,0.0,0.0,0.0,0.0,0.0,0.0,0,0,0,0.0,0.0,0.0,0.0,0.0,0.0,0.0,0.0,0.0,0.0,0.0,0.0,0.0,0.0,0.0,0.0,0,-107875648.0,53,0.0,106,-107614832.0,-107350944.0,ERR,ERR,ERR,ERR,ERR,ERR,ERR,ERR,ERR,ERR,ERR,ERR,ERR,ERR,ERR,ERR,ERR,ERR,ERR,ERR,ERR,ERR,ERR,ERR,ERR,ERR,ERR,ERR,ERR,ERR,ERR,ERR,ERR,ERR,ERR,ERR,ERR,ERR,ERR,ERR,ERR,ERR,ERR,ERR,ERR,ERR,ERR,ERR,ERR,ERR,ERR,ERR,ERR,ERR,ERR,ERR,ERR,ERR,ERR,ERR,ERR,ERR,ERR,ERR,ERR,ERR,ERR,50.0,60.0,100,0.0,0.0,0.0,0.0,0.0,0.0,0.0,0.0,0.0,0.0,0.0,0.0,0.0,0.0,0.0,0.0,61.6,65,20,65521,50,65476,0,300,0,0,8,20529,65476,0,0,26214,60.0,0.0,0.0,0.0,0.0,0.0
2026-05-17T16:17:54,ERR,ERR,ERR,ERR,ERR,ERR,ERR,ERR,ERR,ERR,ERR,ERR,ERR,ERR,ERR,ERR,ERR,ERR,ERR,ERR,ERR,ERR,ERR,ERR,ERR,ERR,ERR,ERR,ERR,ERR,ERR,ERR,ERR,ERR,ERR,ERR,ERR,ERR,ERR,ERR,ERR,ERR,ERR,ERR,ERR,ERR,ERR,ERR,ERR,ERR,ERR,ERR,ERR,ERR,ERR,ERR,ERR,ERR,ERR,ERR,ERR,ERR,ERR,ERR,ERR,ERR,ERR,ERR,ERR,ERR,ERR,ERR,ERR,ERR,ERR,ERR,ERR,ERR,ERR,ERR,ERR,ERR,ERR,ERR,ERR,ERR,ERR,ERR,ERR,ERR,ERR,ERR,ERR,ERR,ERR,ERR,ERR,ERR,ERR,ERR,ERR,ERR,ERR,ERR,ERR,ERR,ERR,ERR,ERR,ERR,ERR,ERR,ERR,ERR,ERR,ERR,ERR,ERR,ERR,ERR,ERR,ERR,ERR,ERR,ERR,0.0,-107615288.0,-134474944.0,0.0,0.0,1.3936040501711995e+18,7.805,0.0,0,0,4,0,8422,0.0,45,0.0,0.0,0.0,0.0,0.0,0,0,0,0,0.0,0,0,0,0,0,0,0,0,0,0,0,0,0,0,0,0,0,0,0,0,0,0,0,0,0,0,0,0,0,0,0,0,0,38,14,7,45,65476,0,300,0,0,8,21553,0.0,-107605600.0,0.0,0.0,0.0,0.0,0.0,0.0,0.0,0.0,0.0,0.0,0.0,0.0,0.0,0.0,0.0,0.0,0.0,0.0,0.0,0.0,-2.004,-2.004,-0.0,0.0,0.0,0.0,0.0,0.0,5071.0,-2.004,0.0,0.0,-107615288.0,0.0,-0.0,0.0,0.0,0.0,0.0,53,152018454839296.0,0.0,0.0,0.0,0.0,0.0,0.0,0.0,0.0,0,0,0,0.0,0.0,0.0,0.0,0.0,0.0,0.0,0.0,0.0,0.0,0.0,0.0,0.0,0.0,0.0,0.0,0,-107875648.0,53,0.0,106,-107614832.0,-107350944.0,ERR,ERR,ERR,ERR,ERR,ERR,ERR,ERR,ERR,ERR,ERR,ERR,ERR,ERR,ERR,ERR,ERR,ERR,ERR,ERR,ERR,ERR,ERR,ERR,ERR,ERR,ERR,ERR,ERR,ERR,ERR,ERR,ERR,ERR,ERR,ERR,ERR,ERR,ERR,ERR,ERR,ERR,ERR,ERR,ERR,ERR,ERR,ERR,ERR,ERR,ERR,ERR,ERR,ERR,ERR,ERR,ERR,ERR,ERR,ERR,ERR,ERR,ERR,ERR,ERR,ERR,ERR,50.0,60.0,100,0.0,0.0,0.0,0.0,0.0,0.0,0.0,0.0,0.0,0.0,0.0,0.0,0.0,0.0,0.0,0.0,61.6,65,20,65521,50,65476,0,300,0,0,8,20529,65476,0,0,26214,60.0,0.0,0.0,0.0,0.0,0.0
2026-05-17T16:17:55,ERR,ERR,ERR,ERR,ERR,ERR,ERR,ERR,ERR,ERR,ERR,ERR,ERR,ERR,ERR,ERR,ERR,ERR,ERR,ERR,ERR,ERR,ERR,ERR,ERR,ERR,ERR,ERR,ERR,ERR,ERR,ERR,ERR,ERR,ERR,ERR,ERR,ERR,ERR,ERR,ERR,ERR,ERR,ERR,ERR,ERR,ERR,ERR,ERR,ERR,ERR,ERR,ERR,ERR,ERR,ERR,ERR,ERR,ERR,ERR,ERR,ERR,ERR,ERR,ERR,ERR,ERR,ERR,ERR,ERR,ERR,ERR,ERR,ERR,ERR,ERR,ERR,ERR,ERR,ERR,ERR,ERR,ERR,ERR,ERR,ERR,ERR,ERR,ERR,ERR,ERR,ERR,ERR,ERR,ERR,ERR,ERR,ERR,ERR,ERR,ERR,ERR,ERR,ERR,ERR,ERR,ERR,ERR,ERR,ERR,ERR,ERR,ERR,ERR,ERR,ERR,ERR,ERR,ERR,ERR,ERR,ERR,ERR,ERR,ERR,0.0,-107615288.0,-134474944.0,0.0,0.0,1.3936040501711995e+18,7.805,0.0,0,0,4,0,8422,0.0,45,0.0,0.0,0.0,0.0,0.0,0,0,0,0,0.0,0,0,0,0,0,0,0,0,0,0,0,0,0,0,0,0,0,0,0,0,0,0,0,0,0,0,0,0,0,0,0,0,0,38,14,7,45,65476,0,300,0,0,8,21553,0.0,-107605600.0,0.0,0.0,0.0,0.0,0.0,0.0,0.0,0.0,0.0,0.0,0.0,0.0,0.0,0.0,0.0,0.0,0.0,0.0,0.0,0.0,-2.004,-2.004,-0.0,0.0,0.0,0.0,0.0,0.0,5071.0,-2.004,0.0,0.0,-107615288.0,0.0,-0.0,0.0,0.0,0.0,0.0,53,152018454839296.0,0.0,0.0,0.0,0.0,0.0,0.0,0.0,0.0,0,0,0,0.0,0.0,0.0,0.0,0.0,0.0,0.0,0.0,0.0,0.0,0.0,0.0,0.0,0.0,0.0,0.0,0,-107875648.0,53,0.0,106,-107614832.0,-107350944.0,ERR,ERR,ERR,ERR,ERR,ERR,ERR,ERR,ERR,ERR,ERR,ERR,ERR,ERR,ERR,ERR,ERR,ERR,ERR,ERR,ERR,ERR,ERR,ERR,ERR,ERR,ERR,ERR,ERR,ERR,ERR,ERR,ERR,ERR,ERR,ERR,ERR,ERR,ERR,ERR,ERR,ERR,ERR,ERR,ERR,ERR,ERR,ERR,ERR,ERR,ERR,ERR,ERR,ERR,ERR,ERR,ERR,ERR,ERR,ERR,ERR,ERR,ERR,ERR,ERR,ERR,ERR,50.0,60.0,100,0.0,0.0,0.0,0.0,0.0,0.0,0.0,0.0,0.0,0.0,0.0,0.0,0.0,0.0,0.0,0.0,61.6,65,20,65521,50,65476,0,300,0,0,8,20529,65476,0,0,26214,60.0,0.0,0.0,0.0,0.0,0.0
2026-05-17T16:17:56,ERR,ERR,ERR,ERR,ERR,ERR,ERR,ERR,ERR,ERR,ERR,ERR,ERR,ERR,ERR,ERR,ERR,ERR,ERR,ERR,ERR,ERR,ERR,ERR,ERR,ERR,ERR,ERR,ERR,ERR,ERR,ERR,ERR,ERR,ERR,ERR,ERR,ERR,ERR,ERR,ERR,ERR,ERR,ERR,ERR,ERR,ERR,ERR,ERR,ERR,ERR,ERR,ERR,ERR,ERR,ERR,ERR,ERR,ERR,ERR,ERR,ERR,ERR,ERR,ERR,ERR,ERR,ERR,ERR,ERR,ERR,ERR,ERR,ERR,ERR,ERR,ERR,ERR,ERR,ERR,ERR,ERR,ERR,ERR,ERR,ERR,ERR,ERR,ERR,ERR,ERR,ERR,ERR,ERR,ERR,ERR,ERR,ERR,ERR,ERR,ERR,ERR,ERR,ERR,ERR,ERR,ERR,ERR,ERR,ERR,ERR,ERR,ERR,ERR,ERR,ERR,ERR,ERR,ERR,ERR,ERR,ERR,ERR,ERR,ERR,0.0,-107615288.0,-134474944.0,0.0,0.0,1.3936040501711995e+18,7.805,0.0,0,0,4,0,8422,0.0,45,0.0,0.0,0.0,0.0,0.0,0,0,0,0,0.0,0,0,0,0,0,0,0,0,0,0,0,0,0,0,0,0,0,0,0,0,0,0,0,0,0,0,0,0,0,0,0,0,0,38,14,7,45,65476,0,300,0,0,8,21553,0.0,-107605600.0,0.0,0.0,0.0,0.0,0.0,0.0,0.0,0.0,0.0,0.0,0.0,0.0,0.0,0.0,0.0,0.0,0.0,0.0,0.0,0.0,-2.004,-2.004,-0.0,0.0,0.0,0.0,0.0,0.0,5071.0,-2.004,0.0,0.0,-107615288.0,0.0,-0.0,0.0,0.0,0.0,0.0,53,152018454839296.0,0.0,0.0,0.0,0.0,0.0,0.0,0.0,0.0,0,0,0,0.0,0.0,0.0,0.0,0.0,0.0,0.0,0.0,0.0,0.0,0.0,0.0,0.0,0.0,0.0,0.0,0,-107875648.0,53,0.0,106,-107614832.0,-107350944.0,ERR,ERR,ERR,ERR,ERR,ERR,ERR,ERR,ERR,ERR,ERR,ERR,ERR,ERR,ERR,ERR,ERR,ERR,ERR,ERR,ERR,ERR,ERR,ERR,ERR,ERR,ERR,ERR,ERR,ERR,ERR,ERR,ERR,ERR,ERR,ERR,ERR,ERR,ERR,ERR,ERR,ERR,ERR,ERR,ERR,ERR,ERR,ERR,ERR,ERR,ERR,ERR,ERR,ERR,ERR,ERR,ERR,ERR,ERR,ERR,ERR,ERR,ERR,ERR,ERR,ERR,ERR,50.0,60.0,100,0.0,0.0,0.0,0.0,0.0,0.0,0.0,0.0,0.0,0.0,0.0,0.0,0.0,0.0,0.0,0.0,62.0,65,20,65521,50,65476,0,300,0,0,8,20529,65476,0,0,26214,60.0,0.0,0.0,0.0,0.0,0.0
2026-05-17T16:17:57,ERR,ERR,ERR,ERR,ERR,ERR,ERR,ERR,ERR,ERR,ERR,ERR,ERR,ERR,ERR,ERR,ERR,ERR,ERR,ERR,ERR,ERR,ERR,ERR,ERR,ERR,ERR,ERR,ERR,ERR,ERR,ERR,ERR,ERR,ERR,ERR,ERR,ERR,ERR,ERR,ERR,ERR,ERR,ERR,ERR,ERR,ERR,ERR,ERR,ERR,ERR,ERR,ERR,ERR,ERR,ERR,ERR,ERR,ERR,ERR,ERR,ERR,ERR,ERR,ERR,ERR,ERR,ERR,ERR,ERR,ERR,ERR,ERR,ERR,ERR,ERR,ERR,ERR,ERR,ERR,ERR,ERR,ERR,ERR,ERR,ERR,ERR,ERR,ERR,ERR,ERR,ERR,ERR,ERR,ERR,ERR,ERR,ERR,ERR,ERR,ERR,ERR,ERR,ERR,ERR,ERR,ERR,ERR,ERR,ERR,ERR,ERR,ERR,ERR,ERR,ERR,ERR,ERR,ERR,ERR,ERR,ERR,ERR,ERR,ERR,0.0,-107615288.0,-134474944.0,0.0,0.0,1.3936040501711995e+18,7.805,0.0,0,0,4,0,8422,0.0,45,0.0,0.0,0.0,0.0,0.0,0,0,0,0,0.0,0,0,0,0,0,0,0,0,0,0,0,0,0,0,0,0,0,0,0,0,0,0,0,0,0,0,0,0,0,0,0,0,0,38,14,7,45,65476,0,300,0,0,8,21553,0.0,-107605600.0,0.0,0.0,0.0,0.0,0.0,0.0,0.0,0.0,0.0,0.0,0.0,0.0,0.0,0.0,0.0,0.0,0.0,0.0,0.0,0.0,-2.004,-2.004,-0.0,0.0,0.0,0.0,0.0,0.0,5069.0,2.422988480993034e+24,0.0,0.0,-107615288.0,0.0,-0.0,0.0,0.0,0.0,0.0,53,107615344.0,-0.0,0.0,0.0,0.0,0.0,0.0,0.0,0.0,0,0,0,0.0,0.0,0.0,0.0,0.0,0.0,0.0,0.0,0.0,0.0,0.0,0.0,0.0,0.0,0.0,0.0,0,-107875648.0,53,0.0,106,-107614832.0,-107350944.0,ERR,ERR,ERR,ERR,ERR,ERR,ERR,ERR,ERR,ERR,ERR,ERR,ERR,ERR,ERR,ERR,ERR,ERR,ERR,ERR,ERR,ERR,ERR,ERR,ERR,ERR,ERR,ERR,ERR,ERR,ERR,ERR,ERR,ERR,ERR,ERR,ERR,ERR,ERR,ERR,ERR,ERR,ERR,ERR,ERR,ERR,ERR,ERR,ERR,ERR,ERR,ERR,ERR,ERR,ERR,ERR,ERR,ERR,ERR,ERR,ERR,ERR,ERR,ERR,ERR,ERR,ERR,50.0,60.0,100,0.0,0.0,0.0,0.0,0.0,0.0,0.0,0.0,0.0,0.0,0.0,0.0,0.0,0.0,0.0,0.0,62.0,65,20,65521,50,65476,0,300,0,0,8,20529,65476,0,0,26214,60.0,0.0,0.0,0.0,0.0,0.0
2026-05-17T16:17:58,ERR,ERR,ERR,ERR,ERR,ERR,ERR,ERR,ERR,ERR,ERR,ERR,ERR,ERR,ERR,ERR,ERR,ERR,ERR,ERR,ERR,ERR,ERR,ERR,ERR,ERR,ERR,ERR,ERR,ERR,ERR,ERR,ERR,ERR,ERR,ERR,ERR,ERR,ERR,ERR,ERR,ERR,ERR,ERR,ERR,ERR,ERR,ERR,ERR,ERR,ERR,ERR,ERR,ERR,ERR,ERR,ERR,ERR,ERR,ERR,ERR,ERR,ERR,ERR,ERR,ERR,ERR,ERR,ERR,ERR,ERR,ERR,ERR,ERR,ERR,ERR,ERR,ERR,ERR,ERR,ERR,ERR,ERR,ERR,ERR,ERR,ERR,ERR,ERR,ERR,ERR,ERR,ERR,ERR,ERR,ERR,ERR,ERR,ERR,ERR,ERR,ERR,ERR,ERR,ERR,ERR,ERR,ERR,ERR,ERR,ERR,ERR,ERR,ERR,ERR,ERR,ERR,ERR,ERR,ERR,ERR,ERR,ERR,ERR,ERR,0.0,-107615288.0,-134474944.0,0.0,0.0,1.3936040501711995e+18,7.805,0.0,0,0,4,0,8422,0.0,45,0.0,0.0,0.0,0.0,0.0,0,0,0,0,0.0,0,0,0,0,0,0,0,0,0,0,0,0,0,0,0,0,0,0,0,0,0,0,0,0,0,0,0,0,0,0,0,0,0,38,14,7,45,65476,0,300,0,0,8,21553,0.0,-107605600.0,0.0,0.0,0.0,0.0,0.0,0.0,0.0,0.0,0.0,0.0,0.0,0.0,0.0,0.0,0.0,0.0,0.0,0.0,0.0,0.0,-2.004,-2.004,-0.0,0.0,0.0,0.0,0.0,0.0,5069.0,2.422988480993034e+24,0.0,0.0,-107615288.0,0.0,-0.0,0.0,0.0,0.0,0.0,53,107615344.0,-0.0,0.0,0.0,0.0,0.0,0.0,0.0,0.0,0,0,0,0.0,0.0,0.0,0.0,0.0,0.0,0.0,0.0,0.0,0.0,0.0,0.0,0.0,0.0,0.0,0.0,0,-107875648.0,53,0.0,106,-107614832.0,-107350944.0,ERR,ERR,ERR,ERR,ERR,ERR,ERR,ERR,ERR,ERR,ERR,ERR,ERR,ERR,ERR,ERR,ERR,ERR,ERR,ERR,ERR,ERR,ERR,ERR,ERR,ERR,ERR,ERR,ERR,ERR,ERR,ERR,ERR,ERR,ERR,ERR,ERR,ERR,ERR,ERR,ERR,ERR,ERR,ERR,ERR,ERR,ERR,ERR,ERR,ERR,ERR,ERR,ERR,ERR,ERR,ERR,ERR,ERR,ERR,ERR,ERR,ERR,ERR,ERR,ERR,ERR,ERR,50.0,60.0,100,0.0,0.0,0.0,0.0,0.0,0.0,0.0,0.0,0.0,0.0,0.0,0.0,0.0,0.0,0.0,0.0,62.0,65,20,65521,50,65476,0,300,0,0,8,20529,65476,0,0,26214,60.0,0.0,0.0,0.0,0.0,0.0
2026-05-17T16:17:59,ERR,ERR,ERR,ERR,ERR,ERR,ERR,ERR,ERR,ERR,ERR,ERR,ERR,ERR,ERR,ERR,ERR,ERR,ERR,ERR,ERR,ERR,ERR,ERR,ERR,ERR,ERR,ERR,ERR,ERR,ERR,ERR,ERR,ERR,ERR,ERR,ERR,ERR,ERR,ERR,ERR,ERR,ERR,ERR,ERR,ERR,ERR,ERR,ERR,ERR,ERR,ERR,ERR,ERR,ERR,ERR,ERR,ERR,ERR,ERR,ERR,ERR,ERR,ERR,ERR,ERR,ERR,ERR,ERR,ERR,ERR,ERR,ERR,ERR,ERR,ERR,ERR,ERR,ERR,ERR,ERR,ERR,ERR,ERR,ERR,ERR,ERR,ERR,ERR,ERR,ERR,ERR,ERR,ERR,ERR,ERR,ERR,ERR,ERR,ERR,ERR,ERR,ERR,ERR,ERR,ERR,ERR,ERR,ERR,ERR,ERR,ERR,ERR,ERR,ERR,ERR,ERR,ERR,ERR,ERR,ERR,ERR,ERR,ERR,ERR,0.0,-107615288.0,-134474944.0,0.0,0.0,1.3936040501711995e+18,7.805,0.0,0,0,4,0,8422,0.0,45,0.0,0.0,0.0,0.0,0.0,0,0,0,0,0.0,0,0,0,0,0,0,0,0,0,0,0,0,0,0,0,0,0,0,0,0,0,0,0,0,0,0,0,0,0,0,0,0,0,38,14,7,45,65476,0,300,0,0,8,21553,0.0,-107605600.0,0.0,0.0,0.0,0.0,0.0,0.0,0.0,0.0,0.0,0.0,0.0,0.0,0.0,0.0,0.0,0.0,0.0,0.0,0.0,0.0,-2.004,-2.004,-0.0,0.0,0.0,0.0,0.0,0.0,5069.0,2.422988480993034e+24,0.0,0.0,-107615288.0,0.0,-0.0,0.0,0.0,0.0,0.0,53,107615344.0,-0.0,0.0,0.0,0.0,0.0,0.0,0.0,0.0,0,0,0,0.0,0.0,0.0,0.0,0.0,0.0,0.0,0.0,0.0,0.0,0.0,0.0,0.0,0.0,0.0,0.0,0,-107875648.0,53,0.0,106,-107614832.0,-107350944.0,ERR,ERR,ERR,ERR,ERR,ERR,ERR,ERR,ERR,ERR,ERR,ERR,ERR,ERR,ERR,ERR,ERR,ERR,ERR,ERR,ERR,ERR,ERR,ERR,ERR,ERR,ERR,ERR,ERR,ERR,ERR,ERR,ERR,ERR,ERR,ERR,ERR,ERR,ERR,ERR,ERR,ERR,ERR,ERR,ERR,ERR,ERR,ERR,ERR,ERR,ERR,ERR,ERR,ERR,ERR,ERR,ERR,ERR,ERR,ERR,ERR,ERR,ERR,ERR,ERR,ERR,ERR,50.0,60.0,100,0.0,0.0,0.0,0.0,0.0,0.0,0.0,0.0,0.0,0.0,0.0,0.0,0.0,0.0,0.0,0.0,62.0,65,20,65521,50,65476,0,300,0,0,8,20529,65476,0,0,26214,60.0,0.0,0.0,0.0,0.0,0.0
2026-05-17T16:18:00,ERR,ERR,ERR,ERR,ERR,ERR,ERR,ERR,ERR,ERR,ERR,ERR,ERR,ERR,ERR,ERR,ERR,ERR,ERR,ERR,ERR,ERR,ERR,ERR,ERR,ERR,ERR,ERR,ERR,ERR,ERR,ERR,ERR,ERR,ERR,ERR,ERR,ERR,ERR,ERR,ERR,ERR,ERR,ERR,ERR,ERR,ERR,ERR,ERR,ERR,ERR,ERR,ERR,ERR,ERR,ERR,ERR,ERR,ERR,ERR,ERR,ERR,ERR,ERR,ERR,ERR,ERR,ERR,ERR,ERR,ERR,ERR,ERR,ERR,ERR,ERR,ERR,ERR,ERR,ERR,ERR,ERR,ERR,ERR,ERR,ERR,ERR,ERR,ERR,ERR,ERR,ERR,ERR,ERR,ERR,ERR,ERR,ERR,ERR,ERR,ERR,ERR,ERR,ERR,ERR,ERR,ERR,ERR,ERR,ERR,ERR,ERR,ERR,ERR,ERR,ERR,ERR,ERR,ERR,ERR,ERR,ERR,ERR,ERR,ERR,0.0,-107615288.0,-134474944.0,0.0,0.0,1.3936040501711995e+18,7.805,0.0,0,0,4,0,8422,0.0,45,0.0,0.0,0.0,0.0,0.0,0,0,0,0,0.0,0,0,0,0,0,0,0,0,0,0,0,0,0,0,0,0,0,0,0,0,0,0,0,0,0,0,0,0,0,0,0,0,0,38,14,7,45,65476,0,300,0,0,8,21553,0.0,-107605600.0,0.0,0.0,0.0,0.0,0.0,0.0,0.0,0.0,0.0,0.0,0.0,0.0,0.0,0.0,0.0,0.0,0.0,0.0,0.0,0.0,-2.004,-2.004,-0.0,0.0,0.0,0.0,0.0,0.0,5069.0,2.422988480993034e+24,0.0,0.0,-107615288.0,0.0,-0.0,0.0,0.0,0.0,0.0,53,107615344.0,-0.0,0.0,0.0,0.0,0.0,0.0,0.0,0.0,0,0,0,0.0,0.0,0.0,0.0,0.0,0.0,0.0,0.0,0.0,0.0,0.0,0.0,0.0,0.0,0.0,0.0,0,-107875648.0,53,0.0,106,-107614832.0,-107350944.0,ERR,ERR,ERR,ERR,ERR,ERR,ERR,ERR,ERR,ERR,ERR,ERR,ERR,ERR,ERR,ERR,ERR,ERR,ERR,ERR,ERR,ERR,ERR,ERR,ERR,ERR,ERR,ERR,ERR,ERR,ERR,ERR,ERR,ERR,ERR,ERR,ERR,ERR,ERR,ERR,ERR,ERR,ERR,ERR,ERR,ERR,ERR,ERR,ERR,ERR,ERR,ERR,ERR,ERR,ERR,ERR,ERR,ERR,ERR,ERR,ERR,ERR,ERR,ERR,ERR,ERR,ERR,50.0,60.0,100,0.0,0.0,0.0,0.0,0.0,0.0,0.0,0.0,0.0,0.0,0.0,0.0,0.0,0.0,0.0,0.0,61.6,65,20,65521,50,65476,0,300,0,0,8,20529,65476,0,0,26214,60.0,0.0,0.0,0.0,0.0,0.0
2026-05-17T16:18:01,ERR,ERR,ERR,ERR,ERR,ERR,ERR,ERR,ERR,ERR,ERR,ERR,ERR,ERR,ERR,ERR,ERR,ERR,ERR,ERR,ERR,ERR,ERR,ERR,ERR,ERR,ERR,ERR,ERR,ERR,ERR,ERR,ERR,ERR,ERR,ERR,ERR,ERR,ERR,ERR,ERR,ERR,ERR,ERR,ERR,ERR,ERR,ERR,ERR,ERR,ERR,ERR,ERR,ERR,ERR,ERR,ERR,ERR,ERR,ERR,ERR,ERR,ERR,ERR,ERR,ERR,ERR,ERR,ERR,ERR,ERR,ERR,ERR,ERR,ERR,ERR,ERR,ERR,ERR,ERR,ERR,ERR,ERR,ERR,ERR,ERR,ERR,ERR,ERR,ERR,ERR,ERR,ERR,ERR,ERR,ERR,ERR,ERR,ERR,ERR,ERR,ERR,ERR,ERR,ERR,ERR,ERR,ERR,ERR,ERR,ERR,ERR,ERR,ERR,ERR,ERR,ERR,ERR,ERR,ERR,ERR,ERR,ERR,ERR,ERR,0.0,-107615288.0,-134474944.0,0.0,0.0,1.3936040501711995e+18,7.805,0.0,0,0,4,0,8422,0.0,45,0.0,0.0,0.0,0.0,0.0,0,0,0,0,0.0,0,0,0,0,0,0,0,0,0,0,0,0,0,0,0,0,0,0,0,0,0,0,0,0,0,0,0,0,0,0,0,0,0,38,14,7,45,65476,0,300,0,0,8,21553,0.0,-107605600.0,0.0,0.0,0.0,0.0,0.0,0.0,0.0,0.0,0.0,0.0,0.0,0.0,0.0,0.0,0.0,0.0,0.0,0.0,0.0,0.0,-2.004,-2.004,-0.0,0.0,0.0,0.0,0.0,0.0,5069.0,2.422988480993034e+24,0.0,0.0,-107615288.0,0.0,-0.0,0.0,0.0,0.0,0.0,53,107615344.0,-0.0,0.0,0.0,0.0,0.0,0.0,0.0,0.0,0,0,0,0.0,0.0,0.0,0.0,0.0,0.0,0.0,0.0,0.0,0.0,0.0,0.0,0.0,0.0,0.0,0.0,0,-107875648.0,53,0.0,106,-107614832.0,-107350944.0,ERR,ERR,ERR,ERR,ERR,ERR,ERR,ERR,ERR,ERR,ERR,ERR,ERR,ERR,ERR,ERR,ERR,ERR,ERR,ERR,ERR,ERR,ERR,ERR,ERR,ERR,ERR,ERR,ERR,ERR,ERR,ERR,ERR,ERR,ERR,ERR,ERR,ERR,ERR,ERR,ERR,ERR,ERR,ERR,ERR,ERR,ERR,ERR,ERR,ERR,ERR,ERR,ERR,ERR,ERR,ERR,ERR,ERR,ERR,ERR,ERR,ERR,ERR,ERR,ERR,ERR,ERR,50.0,60.0,100,0.0,0.0,0.0,0.0,0.0,0.0,0.0,0.0,0.0,0.0,0.0,0.0,0.0,0.0,0.0,0.0,61.6,65,20,65521,50,65476,0,300,0,0,8,20529,65476,0,0,26214,60.0,0.0,0.0,0.0,0.0,0.0
2026-05-17T16:18:02,ERR,ERR,ERR,ERR,ERR,ERR,ERR,ERR,ERR,ERR,ERR,ERR,ERR,ERR,ERR,ERR,ERR,ERR,ERR,ERR,ERR,ERR,ERR,ERR,ERR,ERR,ERR,ERR,ERR,ERR,ERR,ERR,ERR,ERR,ERR,ERR,ERR,ERR,ERR,ERR,ERR,ERR,ERR,ERR,ERR,ERR,ERR,ERR,ERR,ERR,ERR,ERR,ERR,ERR,ERR,ERR,ERR,ERR,ERR,ERR,ERR,ERR,ERR,ERR,ERR,ERR,ERR,ERR,ERR,ERR,ERR,ERR,ERR,ERR,ERR,ERR,ERR,ERR,ERR,ERR,ERR,ERR,ERR,ERR,ERR,ERR,ERR,ERR,ERR,ERR,ERR,ERR,ERR,ERR,ERR,ERR,ERR,ERR,ERR,ERR,ERR,ERR,ERR,ERR,ERR,ERR,ERR,ERR,ERR,ERR,ERR,ERR,ERR,ERR,ERR,ERR,ERR,ERR,ERR,ERR,ERR,ERR,ERR,ERR,ERR,0.0,-107615288.0,-134474944.0,0.0,0.0,1.3936040501711995e+18,7.805,0.0,0,0,4,0,8422,0.0,45,0.0,0.0,0.0,0.0,0.0,0,0,0,0,0.0,0,0,0,0,0,0,0,0,0,0,0,0,0,0,0,0,0,0,0,0,0,0,0,0,0,0,0,0,0,0,0,0,0,38,14,7,45,65476,0,300,0,0,8,21553,0.0,-107605600.0,0.0,0.0,0.0,0.0,0.0,0.0,0.0,0.0,0.0,0.0,0.0,0.0,0.0,0.0,0.0,0.0,0.0,0.0,0.0,0.0,-2.004,-2.004,-0.0,0.0,0.0,0.0,0.0,0.0,5035.0,-0.0,0.0,0.0,-107615288.0,0.0,-0.0,0.0,0.0,0.0,0.0,53,89221.109,-71.629,0.0,0.0,0.0,0.0,0.0,0.0,0.0,0,0,0,0.0,0.0,0.0,0.0,0.0,0.0,0.0,0.0,0.0,0.0,0.0,0.0,0.0,0.0,0.0,0.0,0,-107875648.0,53,0.0,106,-107614832.0,-107350944.0,ERR,ERR,ERR,ERR,ERR,ERR,ERR,ERR,ERR,ERR,ERR,ERR,ERR,ERR,ERR,ERR,ERR,ERR,ERR,ERR,ERR,ERR,ERR,ERR,ERR,ERR,ERR,ERR,ERR,ERR,ERR,ERR,ERR,ERR,ERR,ERR,ERR,ERR,ERR,ERR,ERR,ERR,ERR,ERR,ERR,ERR,ERR,ERR,ERR,ERR,ERR,ERR,ERR,ERR,ERR,ERR,ERR,ERR,ERR,ERR,ERR,ERR,ERR,ERR,ERR,ERR,ERR,50.0,60.0,100,0.0,0.0,0.0,0.0,0.0,0.0,0.0,0.0,0.0,0.0,0.0,0.0,0.0,0.0,0.0,0.0,61.6,65,20,65521,50,65476,0,300,0,0,8,20529,65476,0,0,26214,60.0,0.0,0.0,0.0,0.0,0.0
2026-05-17T16:18:03,ERR,ERR,ERR,ERR,ERR,ERR,ERR,ERR,ERR,ERR,ERR,ERR,ERR,ERR,ERR,ERR,ERR,ERR,ERR,ERR,ERR,ERR,ERR,ERR,ERR,ERR,ERR,ERR,ERR,ERR,ERR,ERR,ERR,ERR,ERR,ERR,ERR,ERR,ERR,ERR,ERR,ERR,ERR,ERR,ERR,ERR,ERR,ERR,ERR,ERR,ERR,ERR,ERR,ERR,ERR,ERR,ERR,ERR,ERR,ERR,ERR,ERR,ERR,ERR,ERR,ERR,ERR,ERR,ERR,ERR,ERR,ERR,ERR,ERR,ERR,ERR,ERR,ERR,ERR,ERR,ERR,ERR,ERR,ERR,ERR,ERR,ERR,ERR,ERR,ERR,ERR,ERR,ERR,ERR,ERR,ERR,ERR,ERR,ERR,ERR,ERR,ERR,ERR,ERR,ERR,ERR,ERR,ERR,ERR,ERR,ERR,ERR,ERR,ERR,ERR,ERR,ERR,ERR,ERR,ERR,ERR,ERR,ERR,ERR,ERR,0.0,-107615288.0,-134474944.0,0.0,0.0,1.3936040501711995e+18,7.805,0.0,0,0,4,0,8422,0.0,45,0.0,0.0,0.0,0.0,0.0,0,0,0,0,0.0,0,0,0,0,0,0,0,0,0,0,0,0,0,0,0,0,0,0,0,0,0,0,0,0,0,0,0,0,0,0,0,0,0,38,14,7,45,65476,0,300,0,0,8,21553,0.0,-107605600.0,0.0,0.0,0.0,0.0,0.0,0.0,0.0,0.0,0.0,0.0,0.0,0.0,0.0,0.0,0.0,0.0,0.0,0.0,0.0,0.0,-2.004,-2.004,-0.0,0.0,0.0,0.0,0.0,0.0,5035.0,-0.0,0.0,0.0,-107615288.0,0.0,-0.0,0.0,0.0,0.0,0.0,53,89221.109,-71.629,0.0,0.0,0.0,0.0,0.0,0.0,0.0,0,0,0,0.0,0.0,0.0,0.0,0.0,0.0,0.0,0.0,0.0,0.0,0.0,0.0,0.0,0.0,0.0,0.0,0,-107875648.0,53,0.0,106,-107614832.0,-107350944.0,ERR,ERR,ERR,ERR,ERR,ERR,ERR,ERR,ERR,ERR,ERR,ERR,ERR,ERR,ERR,ERR,ERR,ERR,ERR,ERR,ERR,ERR,ERR,ERR,ERR,ERR,ERR,ERR,ERR,ERR,ERR,ERR,ERR,ERR,ERR,ERR,ERR,ERR,ERR,ERR,ERR,ERR,ERR,ERR,ERR,ERR,ERR,ERR,ERR,ERR,ERR,ERR,ERR,ERR,ERR,ERR,ERR,ERR,ERR,ERR,ERR,ERR,ERR,ERR,ERR,ERR,ERR,50.0,60.0,100,0.0,0.0,0.0,0.0,0.0,0.0,0.0,0.0,0.0,0.0,0.0,0.0,0.0,0.0,0.0,0.0,61.6,65,20,65521,50,65476,0,300,0,0,8,20529,65476,0,0,26214,60.0,0.0,0.0,0.0,0.0,0.0
2026-05-17T16:18:04,ERR,ERR,ERR,ERR,ERR,ERR,ERR,ERR,ERR,ERR,ERR,ERR,ERR,ERR,ERR,ERR,ERR,ERR,ERR,ERR,ERR,ERR,ERR,ERR,ERR,ERR,ERR,ERR,ERR,ERR,ERR,ERR,ERR,ERR,ERR,ERR,ERR,ERR,ERR,ERR,ERR,ERR,ERR,ERR,ERR,ERR,ERR,ERR,ERR,ERR,ERR,ERR,ERR,ERR,ERR,ERR,ERR,ERR,ERR,ERR,ERR,ERR,ERR,ERR,ERR,ERR,ERR,ERR,ERR,ERR,ERR,ERR,ERR,ERR,ERR,ERR,ERR,ERR,ERR,ERR,ERR,ERR,ERR,ERR,ERR,ERR,ERR,ERR,ERR,ERR,ERR,ERR,ERR,ERR,ERR,ERR,ERR,ERR,ERR,ERR,ERR,ERR,ERR,ERR,ERR,ERR,ERR,ERR,ERR,ERR,ERR,ERR,ERR,ERR,ERR,ERR,ERR,ERR,ERR,ERR,ERR,ERR,ERR,ERR,ERR,0.0,-107615288.0,-134474944.0,0.0,0.0,1.3936040501711995e+18,7.805,0.0,0,0,4,0,8422,0.0,45,0.0,0.0,0.0,0.0,0.0,0,0,0,0,0.0,0,0,0,0,0,0,0,0,0,0,0,0,0,0,0,0,0,0,0,0,0,0,0,0,0,0,0,0,0,0,0,0,0,38,14,7,45,65476,0,300,0,0,8,21553,0.0,-107605600.0,0.0,0.0,0.0,0.0,0.0,0.0,0.0,0.0,0.0,0.0,0.0,0.0,0.0,0.0,0.0,0.0,0.0,0.0,0.0,0.0,-2.004,-2.004,-0.0,0.0,0.0,0.0,0.0,0.0,5035.0,-0.0,0.0,0.0,-107615288.0,0.0,-0.0,0.0,0.0,0.0,0.0,53,89221.109,-71.629,0.0,0.0,0.0,0.0,0.0,0.0,0.0,0,0,0,0.0,0.0,0.0,0.0,0.0,0.0,0.0,0.0,0.0,0.0,0.0,0.0,0.0,0.0,0.0,0.0,0,-107875648.0,53,0.0,106,-107614832.0,-107350944.0,ERR,ERR,ERR,ERR,ERR,ERR,ERR,ERR,ERR,ERR,ERR,ERR,ERR,ERR,ERR,ERR,ERR,ERR,ERR,ERR,ERR,ERR,ERR,ERR,ERR,ERR,ERR,ERR,ERR,ERR,ERR,ERR,ERR,ERR,ERR,ERR,ERR,ERR,ERR,ERR,ERR,ERR,ERR,ERR,ERR,ERR,ERR,ERR,ERR,ERR,ERR,ERR,ERR,ERR,ERR,ERR,ERR,ERR,ERR,ERR,ERR,ERR,ERR,ERR,ERR,ERR,ERR,50.0,60.0,100,0.0,0.0,0.0,0.0,0.0,0.0,0.0,0.0,0.0,0.0,0.0,0.0,0.0,0.0,0.0,0.0,61.6,65,20,65521,50,65476,0,300,0,0,8,20529,65476,0,0,26214,60.0,0.0,0.0,0.0,0.0,0.0
2026-05-17T16:18:05,ERR,ERR,ERR,ERR,ERR,ERR,ERR,ERR,ERR,ERR,ERR,ERR,ERR,ERR,ERR,ERR,ERR,ERR,ERR,ERR,ERR,ERR,ERR,ERR,ERR,ERR,ERR,ERR,ERR,ERR,ERR,ERR,ERR,ERR,ERR,ERR,ERR,ERR,ERR,ERR,ERR,ERR,ERR,ERR,ERR,ERR,ERR,ERR,ERR,ERR,ERR,ERR,ERR,ERR,ERR,ERR,ERR,ERR,ERR,ERR,ERR,ERR,ERR,ERR,ERR,ERR,ERR,ERR,ERR,ERR,ERR,ERR,ERR,ERR,ERR,ERR,ERR,ERR,ERR,ERR,ERR,ERR,ERR,ERR,ERR,ERR,ERR,ERR,ERR,ERR,ERR,ERR,ERR,ERR,ERR,ERR,ERR,ERR,ERR,ERR,ERR,ERR,ERR,ERR,ERR,ERR,ERR,ERR,ERR,ERR,ERR,ERR,ERR,ERR,ERR,ERR,ERR,ERR,ERR,ERR,ERR,ERR,ERR,ERR,ERR,0.0,-107615288.0,-134474944.0,0.0,0.0,1.3936040501711995e+18,7.805,0.0,0,0,4,0,8422,0.0,45,0.0,0.0,0.0,0.0,0.0,0,0,0,0,0.0,0,0,0,0,0,0,0,0,0,0,0,0,0,0,0,0,0,0,0,0,0,0,0,0,0,0,0,0,0,0,0,0,0,38,14,7,45,65476,0,300,0,0,8,21553,0.0,-107605600.0,0.0,0.0,0.0,0.0,0.0,0.0,0.0,0.0,0.0,0.0,0.0,0.0,0.0,0.0,0.0,0.0,0.0,0.0,0.0,0.0,-2.004,-2.004,-0.0,0.0,0.0,0.0,0.0,0.0,5035.0,-0.0,0.0,0.0,-107615288.0,0.0,-0.0,0.0,0.0,0.0,0.0,53,89221.109,-71.629,0.0,0.0,0.0,0.0,0.0,0.0,0.0,0,0,0,0.0,0.0,0.0,0.0,0.0,0.0,0.0,0.0,0.0,0.0,0.0,0.0,0.0,0.0,0.0,0.0,0,-107875648.0,53,0.0,106,-107614832.0,-107350944.0,ERR,ERR,ERR,ERR,ERR,ERR,ERR,ERR,ERR,ERR,ERR,ERR,ERR,ERR,ERR,ERR,ERR,ERR,ERR,ERR,ERR,ERR,ERR,ERR,ERR,ERR,ERR,ERR,ERR,ERR,ERR,ERR,ERR,ERR,ERR,ERR,ERR,ERR,ERR,ERR,ERR,ERR,ERR,ERR,ERR,ERR,ERR,ERR,ERR,ERR,ERR,ERR,ERR,ERR,ERR,ERR,ERR,ERR,ERR,ERR,ERR,ERR,ERR,ERR,ERR,ERR,ERR,50.0,60.0,100,0.0,0.0,0.0,0.0,0.0,0.0,0.0,0.0,0.0,0.0,0.0,0.0,0.0,0.0,0.0,0.0,61.6,65,20,65521,50,65476,0,300,0,0,8,20529,65476,0,0,26214,60.0,0.0,0.0,0.0,0.0,0.0
2026-05-17T16:18:06,ERR,ERR,ERR,ERR,ERR,ERR,ERR,ERR,ERR,ERR,ERR,ERR,ERR,ERR,ERR,ERR,ERR,ERR,ERR,ERR,ERR,ERR,ERR,ERR,ERR,ERR,ERR,ERR,ERR,ERR,ERR,ERR,ERR,ERR,ERR,ERR,ERR,ERR,ERR,ERR,ERR,ERR,ERR,ERR,ERR,ERR,ERR,ERR,ERR,ERR,ERR,ERR,ERR,ERR,ERR,ERR,ERR,ERR,ERR,ERR,ERR,ERR,ERR,ERR,ERR,ERR,ERR,ERR,ERR,ERR,ERR,ERR,ERR,ERR,ERR,ERR,ERR,ERR,ERR,ERR,ERR,ERR,ERR,ERR,ERR,ERR,ERR,ERR,ERR,ERR,ERR,ERR,ERR,ERR,ERR,ERR,ERR,ERR,ERR,ERR,ERR,ERR,ERR,ERR,ERR,ERR,ERR,ERR,ERR,ERR,ERR,ERR,ERR,ERR,ERR,ERR,ERR,ERR,ERR,ERR,ERR,ERR,ERR,ERR,ERR,0.0,-107615288.0,-134474944.0,0.0,0.0,1.3936040501711995e+18,7.805,0.0,0,0,4,0,8422,0.0,45,0.0,0.0,0.0,0.0,0.0,0,0,0,0,0.0,0,0,0,0,0,0,0,0,0,0,0,0,0,0,0,0,0,0,0,0,0,0,0,0,0,0,0,0,0,0,0,0,0,38,14,7,45,65476,0,300,0,0,8,21553,0.0,-107605600.0,0.0,0.0,0.0,0.0,0.0,0.0,0.0,0.0,0.0,0.0,0.0,0.0,0.0,0.0,0.0,0.0,0.0,0.0,0.0,0.0,-2.004,-2.004,-0.0,0.0,0.0,0.0,0.0,0.0,5035.0,-0.0,0.0,0.0,-107615288.0,0.0,-0.0,0.0,0.0,0.0,0.0,53,89221.109,-71.629,0.0,0.0,0.0,0.0,0.0,0.0,0.0,0,0,0,0.0,0.0,0.0,0.0,0.0,0.0,0.0,0.0,0.0,0.0,0.0,0.0,0.0,0.0,0.0,0.0,0,-107875648.0,53,0.0,106,-107614832.0,-107350944.0,ERR,ERR,ERR,ERR,ERR,ERR,ERR,ERR,ERR,ERR,ERR,ERR,ERR,ERR,ERR,ERR,ERR,ERR,ERR,ERR,ERR,ERR,ERR,ERR,ERR,ERR,ERR,ERR,ERR,ERR,ERR,ERR,ERR,ERR,ERR,ERR,ERR,ERR,ERR,ERR,ERR,ERR,ERR,ERR,ERR,ERR,ERR,ERR,ERR,ERR,ERR,ERR,ERR,ERR,ERR,ERR,ERR,ERR,ERR,ERR,ERR,ERR,ERR,ERR,ERR,ERR,ERR,50.0,60.0,100,0.0,0.0,0.0,0.0,0.0,0.0,0.0,0.0,0.0,0.0,0.0,0.0,0.0,0.0,0.0,0.0,61.6,65,20,65521,50,65476,0,300,0,0,8,20529,65476,0,0,26214,60.0,0.0,0.0,0.0,0.0,0.0
2026-05-17T16:18:07,ERR,ERR,ERR,ERR,ERR,ERR,ERR,ERR,ERR,ERR,ERR,ERR,ERR,ERR,ERR,ERR,ERR,ERR,ERR,ERR,ERR,ERR,ERR,ERR,ERR,ERR,ERR,ERR,ERR,ERR,ERR,ERR,ERR,ERR,ERR,ERR,ERR,ERR,ERR,ERR,ERR,ERR,ERR,ERR,ERR,ERR,ERR,ERR,ERR,ERR,ERR,ERR,ERR,ERR,ERR,ERR,ERR,ERR,ERR,ERR,ERR,ERR,ERR,ERR,ERR,ERR,ERR,ERR,ERR,ERR,ERR,ERR,ERR,ERR,ERR,ERR,ERR,ERR,ERR,ERR,ERR,ERR,ERR,ERR,ERR,ERR,ERR,ERR,ERR,ERR,ERR,ERR,ERR,ERR,ERR,ERR,ERR,ERR,ERR,ERR,ERR,ERR,ERR,ERR,ERR,ERR,ERR,ERR,ERR,ERR,ERR,ERR,ERR,ERR,ERR,ERR,ERR,ERR,ERR,ERR,ERR,ERR,ERR,ERR,ERR,0.0,-107615288.0,-134474944.0,0.0,0.0,1.3936040501711995e+18,7.805,0.0,0,0,4,0,8422,0.0,45,0.0,0.0,0.0,0.0,0.0,0,0,0,0,0.0,0,0,0,0,0,0,0,0,0,0,0,0,0,0,0,0,0,0,0,0,0,0,0,0,0,0,0,0,0,0,0,0,0,38,14,7,45,65476,0,300,0,0,8,21553,0.0,-107605600.0,0.0,0.0,0.0,0.0,0.0,0.0,0.0,0.0,0.0,0.0,0.0,0.0,0.0,0.0,0.0,0.0,0.0,0.0,0.0,0.0,-2.004,-2.004,-0.0,0.0,0.0,0.0,0.0,0.0,5035.0,0.0,0.0,0.0,-107615288.0,0.0,-0.0,0.0,0.0,0.0,0.0,53,2.3088403658719416e+20,0.0,0.0,0.0,0.0,0.0,0.0,0.0,0.0,0,0,0,0.0,0.0,0.0,0.0,0.0,0.0,0.0,0.0,0.0,0.0,0.0,0.0,0.0,0.0,0.0,0.0,0,-107875648.0,53,0.0,106,-107614832.0,-107350944.0,ERR,ERR,ERR,ERR,ERR,ERR,ERR,ERR,ERR,ERR,ERR,ERR,ERR,ERR,ERR,ERR,ERR,ERR,ERR,ERR,ERR,ERR,ERR,ERR,ERR,ERR,ERR,ERR,ERR,ERR,ERR,ERR,ERR,ERR,ERR,ERR,ERR,ERR,ERR,ERR,ERR,ERR,ERR,ERR,ERR,ERR,ERR,ERR,ERR,ERR,ERR,ERR,ERR,ERR,ERR,ERR,ERR,ERR,ERR,ERR,ERR,ERR,ERR,ERR,ERR,ERR,ERR,50.0,60.0,100,0.0,0.0,0.0,0.0,0.0,0.0,0.0,0.0,0.0,0.0,0.0,0.0,0.0,0.0,0.0,0.0,61.6,65,20,65521,50,65476,0,300,0,0,8,20529,65476,0,0,26214,60.0,0.0,0.0,0.0,0.0,0.0
2026-05-17T16:18:08,ERR,ERR,ERR,ERR,ERR,ERR,ERR,ERR,ERR,ERR,ERR,ERR,ERR,ERR,ERR,ERR,ERR,ERR,ERR,ERR,ERR,ERR,ERR,ERR,ERR,ERR,ERR,ERR,ERR,ERR,ERR,ERR,ERR,ERR,ERR,ERR,ERR,ERR,ERR,ERR,ERR,ERR,ERR,ERR,ERR,ERR,ERR,ERR,ERR,ERR,ERR,ERR,ERR,ERR,ERR,ERR,ERR,ERR,ERR,ERR,ERR,ERR,ERR,ERR,ERR,ERR,ERR,ERR,ERR,ERR,ERR,ERR,ERR,ERR,ERR,ERR,ERR,ERR,ERR,ERR,ERR,ERR,ERR,ERR,ERR,ERR,ERR,ERR,ERR,ERR,ERR,ERR,ERR,ERR,ERR,ERR,ERR,ERR,ERR,ERR,ERR,ERR,ERR,ERR,ERR,ERR,ERR,ERR,ERR,ERR,ERR,ERR,ERR,ERR,ERR,ERR,ERR,ERR,ERR,ERR,ERR,ERR,ERR,ERR,ERR,0.0,-107615288.0,-134474944.0,0.0,0.0,1.3936040501711995e+18,7.805,0.0,0,0,4,0,8422,0.0,45,0.0,0.0,0.0,0.0,0.0,0,0,0,0,0.0,0,0,0,0,0,0,0,0,0,0,0,0,0,0,0,0,0,0,0,0,0,0,0,0,0,0,0,0,0,0,0,0,0,38,14,7,45,65476,0,300,0,0,8,21553,0.0,-107605600.0,0.0,0.0,0.0,0.0,0.0,0.0,0.0,0.0,0.0,0.0,0.0,0.0,0.0,0.0,0.0,0.0,0.0,0.0,0.0,0.0,-2.004,-2.004,-0.0,0.0,0.0,0.0,0.0,0.0,5035.0,0.0,0.0,0.0,-107615288.0,0.0,-0.0,0.0,0.0,0.0,0.0,53,2.3088403658719416e+20,0.0,0.0,0.0,0.0,0.0,0.0,0.0,0.0,0,0,0,0.0,0.0,0.0,0.0,0.0,0.0,0.0,0.0,0.0,0.0,0.0,0.0,0.0,0.0,0.0,0.0,0,-107875648.0,53,0.0,106,-107614832.0,-107350944.0,ERR,ERR,ERR,ERR,ERR,ERR,ERR,ERR,ERR,ERR,ERR,ERR,ERR,ERR,ERR,ERR,ERR,ERR,ERR,ERR,ERR,ERR,ERR,ERR,ERR,ERR,ERR,ERR,ERR,ERR,ERR,ERR,ERR,ERR,ERR,ERR,ERR,ERR,ERR,ERR,ERR,ERR,ERR,ERR,ERR,ERR,ERR,ERR,ERR,ERR,ERR,ERR,ERR,ERR,ERR,ERR,ERR,ERR,ERR,ERR,ERR,ERR,ERR,ERR,ERR,ERR,ERR,50.0,60.0,100,0.0,0.0,0.0,0.0,0.0,0.0,0.0,0.0,0.0,0.0,0.0,0.0,0.0,0.0,0.0,0.0,61.6,65,20,65521,50,65476,0,300,0,0,8,20529,65476,0,0,26214,60.0,0.0,0.0,0.0,0.0,0.0
2026-05-17T16:18:09,ERR,ERR,ERR,ERR,ERR,ERR,ERR,ERR,ERR,ERR,ERR,ERR,ERR,ERR,ERR,ERR,ERR,ERR,ERR,ERR,ERR,ERR,ERR,ERR,ERR,ERR,ERR,ERR,ERR,ERR,ERR,ERR,ERR,ERR,ERR,ERR,ERR,ERR,ERR,ERR,ERR,ERR,ERR,ERR,ERR,ERR,ERR,ERR,ERR,ERR,ERR,ERR,ERR,ERR,ERR,ERR,ERR,ERR,ERR,ERR,ERR,ERR,ERR,ERR,ERR,ERR,ERR,ERR,ERR,ERR,ERR,ERR,ERR,ERR,ERR,ERR,ERR,ERR,ERR,ERR,ERR,ERR,ERR,ERR,ERR,ERR,ERR,ERR,ERR,ERR,ERR,ERR,ERR,ERR,ERR,ERR,ERR,ERR,ERR,ERR,ERR,ERR,ERR,ERR,ERR,ERR,ERR,ERR,ERR,ERR,ERR,ERR,ERR,ERR,ERR,ERR,ERR,ERR,ERR,ERR,ERR,ERR,ERR,ERR,ERR,0.0,-107615288.0,-134474944.0,0.0,0.0,1.3936040501711995e+18,7.805,0.0,0,0,4,0,8422,0.0,45,0.0,0.0,0.0,0.0,0.0,0,0,0,0,0.0,0,0,0,0,0,0,0,0,0,0,0,0,0,0,0,0,0,0,0,0,0,0,0,0,0,0,0,0,0,0,0,0,0,38,14,7,45,65476,0,300,0,0,8,21553,0.0,-107605600.0,0.0,0.0,0.0,0.0,0.0,0.0,0.0,0.0,0.0,0.0,0.0,0.0,0.0,0.0,0.0,0.0,0.0,0.0,0.0,0.0,-2.004,-2.004,-0.0,0.0,0.0,0.0,0.0,0.0,5035.0,0.0,0.0,0.0,-107615288.0,0.0,-0.0,0.0,0.0,0.0,0.0,53,2.3088403658719416e+20,0.0,0.0,0.0,0.0,0.0,0.0,0.0,0.0,0,0,0,0.0,0.0,0.0,0.0,0.0,0.0,0.0,0.0,0.0,0.0,0.0,0.0,0.0,0.0,0.0,0.0,0,-107875648.0,53,0.0,106,-107614832.0,-107350944.0,ERR,ERR,ERR,ERR,ERR,ERR,ERR,ERR,ERR,ERR,ERR,ERR,ERR,ERR,ERR,ERR,ERR,ERR,ERR,ERR,ERR,ERR,ERR,ERR,ERR,ERR,ERR,ERR,ERR,ERR,ERR,ERR,ERR,ERR,ERR,ERR,ERR,ERR,ERR,ERR,ERR,ERR,ERR,ERR,ERR,ERR,ERR,ERR,ERR,ERR,ERR,ERR,ERR,ERR,ERR,ERR,ERR,ERR,ERR,ERR,ERR,ERR,ERR,ERR,ERR,ERR,ERR,50.0,60.0,100,0.0,0.0,0.0,0.0,0.0,0.0,0.0,0.0,0.0,0.0,0.0,0.0,0.0,0.0,0.0,0.0,61.6,65,20,65521,50,65476,0,300,0,0,8,20529,65476,0,0,26214,60.0,0.0,0.0,0.0,0.0,0.0
2026-05-17T16:18:10,ERR,ERR,ERR,ERR,ERR,ERR,ERR,ERR,ERR,ERR,ERR,ERR,ERR,ERR,ERR,ERR,ERR,ERR,ERR,ERR,ERR,ERR,ERR,ERR,ERR,ERR,ERR,ERR,ERR,ERR,ERR,ERR,ERR,ERR,ERR,ERR,ERR,ERR,ERR,ERR,ERR,ERR,ERR,ERR,ERR,ERR,ERR,ERR,ERR,ERR,ERR,ERR,ERR,ERR,ERR,ERR,ERR,ERR,ERR,ERR,ERR,ERR,ERR,ERR,ERR,ERR,ERR,ERR,ERR,ERR,ERR,ERR,ERR,ERR,ERR,ERR,ERR,ERR,ERR,ERR,ERR,ERR,ERR,ERR,ERR,ERR,ERR,ERR,ERR,ERR,ERR,ERR,ERR,ERR,ERR,ERR,ERR,ERR,ERR,ERR,ERR,ERR,ERR,ERR,ERR,ERR,ERR,ERR,ERR,ERR,ERR,ERR,ERR,ERR,ERR,ERR,ERR,ERR,ERR,ERR,ERR,ERR,ERR,ERR,ERR,0.0,-107615288.0,-134474944.0,0.0,0.0,1.3936040501711995e+18,7.805,0.0,0,0,4,0,8422,0.0,45,0.0,0.0,0.0,0.0,0.0,0,0,0,0,0.0,0,0,0,0,0,0,0,0,0,0,0,0,0,0,0,0,0,0,0,0,0,0,0,0,0,0,0,0,0,0,0,0,0,38,14,7,45,65476,0,300,0,0,8,21553,0.0,-107605600.0,0.0,0.0,0.0,0.0,0.0,0.0,0.0,0.0,0.0,0.0,0.0,0.0,0.0,0.0,0.0,0.0,0.0,0.0,0.0,0.0,-2.004,-2.004,-0.0,0.0,0.0,0.0,0.0,0.0,5035.0,0.0,0.0,0.0,-107615288.0,0.0,-0.0,0.0,0.0,0.0,0.0,53,2.3088403658719416e+20,0.0,0.0,0.0,0.0,0.0,0.0,0.0,0.0,0,0,0,0.0,0.0,0.0,0.0,0.0,0.0,0.0,0.0,0.0,0.0,0.0,0.0,0.0,0.0,0.0,0.0,0,-107875648.0,53,0.0,106,-107614832.0,-107350944.0,ERR,ERR,ERR,ERR,ERR,ERR,ERR,ERR,ERR,ERR,ERR,ERR,ERR,ERR,ERR,ERR,ERR,ERR,ERR,ERR,ERR,ERR,ERR,ERR,ERR,ERR,ERR,ERR,ERR,ERR,ERR,ERR,ERR,ERR,ERR,ERR,ERR,ERR,ERR,ERR,ERR,ERR,ERR,ERR,ERR,ERR,ERR,ERR,ERR,ERR,ERR,ERR,ERR,ERR,ERR,ERR,ERR,ERR,ERR,ERR,ERR,ERR,ERR,ERR,ERR,ERR,ERR,50.0,60.0,100,0.0,0.0,0.0,0.0,0.0,0.0,0.0,0.0,0.0,0.0,0.0,0.0,0.0,0.0,0.0,0.0,61.6,65,20,65521,50,65476,0,300,0,0,8,20529,65476,0,0,26214,60.0,0.0,0.0,0.0,0.0,0.0
2026-05-17T16:18:11,ERR,ERR,ERR,ERR,ERR,ERR,ERR,ERR,ERR,ERR,ERR,ERR,ERR,ERR,ERR,ERR,ERR,ERR,ERR,ERR,ERR,ERR,ERR,ERR,ERR,ERR,ERR,ERR,ERR,ERR,ERR,ERR,ERR,ERR,ERR,ERR,ERR,ERR,ERR,ERR,ERR,ERR,ERR,ERR,ERR,ERR,ERR,ERR,ERR,ERR,ERR,ERR,ERR,ERR,ERR,ERR,ERR,ERR,ERR,ERR,ERR,ERR,ERR,ERR,ERR,ERR,ERR,ERR,ERR,ERR,ERR,ERR,ERR,ERR,ERR,ERR,ERR,ERR,ERR,ERR,ERR,ERR,ERR,ERR,ERR,ERR,ERR,ERR,ERR,ERR,ERR,ERR,ERR,ERR,ERR,ERR,ERR,ERR,ERR,ERR,ERR,ERR,ERR,ERR,ERR,ERR,ERR,ERR,ERR,ERR,ERR,ERR,ERR,ERR,ERR,ERR,ERR,ERR,ERR,ERR,ERR,ERR,ERR,ERR,ERR,0.0,-107615288.0,-134474944.0,0.0,0.0,1.3936040501711995e+18,7.805,0.0,0,0,4,0,8422,0.0,45,0.0,0.0,0.0,0.0,0.0,0,0,0,0,0.0,0,0,0,0,0,0,0,0,0,0,0,0,0,0,0,0,0,0,0,0,0,0,0,0,0,0,0,0,0,0,0,0,0,38,14,7,45,65476,0,300,0,0,8,21553,0.0,-107605600.0,0.0,0.0,0.0,0.0,0.0,0.0,0.0,0.0,0.0,0.0,0.0,0.0,0.0,0.0,0.0,0.0,0.0,0.0,0.0,0.0,-2.004,-2.004,-0.0,0.0,0.0,0.0,0.0,0.0,5035.0,0.0,0.0,0.0,-107615288.0,0.0,-0.0,0.0,0.0,0.0,0.0,53,2.3088403658719416e+20,0.0,0.0,0.0,0.0,0.0,0.0,0.0,0.0,0,0,0,0.0,0.0,0.0,0.0,0.0,0.0,0.0,0.0,0.0,0.0,0.0,0.0,0.0,0.0,0.0,0.0,0,-107875648.0,53,0.0,106,-107614832.0,-107350944.0,ERR,ERR,ERR,ERR,ERR,ERR,ERR,ERR,ERR,ERR,ERR,ERR,ERR,ERR,ERR,ERR,ERR,ERR,ERR,ERR,ERR,ERR,ERR,ERR,ERR,ERR,ERR,ERR,ERR,ERR,ERR,ERR,ERR,ERR,ERR,ERR,ERR,ERR,ERR,ERR,ERR,ERR,ERR,ERR,ERR,ERR,ERR,ERR,ERR,ERR,ERR,ERR,ERR,ERR,ERR,ERR,ERR,ERR,ERR,ERR,ERR,ERR,ERR,ERR,ERR,ERR,ERR,50.0,60.0,100,0.0,0.0,0.0,0.0,0.0,0.0,0.0,0.0,0.0,0.0,0.0,0.0,0.0,0.0,0.0,0.0,62.0,65,20,65521,50,65476,0,300,0,0,8,20529,65476,0,0,26214,60.0,0.0,0.0,0.0,0.0,0.0
2026-05-17T16:18:12,ERR,ERR,ERR,ERR,ERR,ERR,ERR,ERR,ERR,ERR,ERR,ERR,ERR,ERR,ERR,ERR,ERR,ERR,ERR,ERR,ERR,ERR,ERR,ERR,ERR,ERR,ERR,ERR,ERR,ERR,ERR,ERR,ERR,ERR,ERR,ERR,ERR,ERR,ERR,ERR,ERR,ERR,ERR,ERR,ERR,ERR,ERR,ERR,ERR,ERR,ERR,ERR,ERR,ERR,ERR,ERR,ERR,ERR,ERR,ERR,ERR,ERR,ERR,ERR,ERR,ERR,ERR,ERR,ERR,ERR,ERR,ERR,ERR,ERR,ERR,ERR,ERR,ERR,ERR,ERR,ERR,ERR,ERR,ERR,ERR,ERR,ERR,ERR,ERR,ERR,ERR,ERR,ERR,ERR,ERR,ERR,ERR,ERR,ERR,ERR,ERR,ERR,ERR,ERR,ERR,ERR,ERR,ERR,ERR,ERR,ERR,ERR,ERR,ERR,ERR,ERR,ERR,ERR,ERR,ERR,ERR,ERR,ERR,ERR,ERR,0.0,-107615288.0,-134474944.0,0.0,0.0,1.3936040501711995e+18,7.805,0.0,0,0,4,0,8422,0.0,45,0.0,0.0,0.0,0.0,0.0,0,0,0,0,0.0,0,0,0,0,0,0,0,0,0,0,0,0,0,0,0,0,0,0,0,0,0,0,0,0,0,0,0,0,0,0,0,0,0,38,14,7,45,65476,0,300,0,0,8,21553,0.0,-107605600.0,0.0,0.0,0.0,0.0,0.0,0.0,0.0,0.0,0.0,0.0,0.0,0.0,0.0,0.0,0.0,0.0,0.0,0.0,0.0,0.0,-2.004,-2.004,-0.0,0.0,0.0,0.0,0.0,0.0,5006.0,131350.438,0.0,0.0,-107615288.0,0.0,-0.0,0.0,0.0,0.0,0.0,53,126841110528.0,0.0,0.0,0.0,0.0,0.0,0.0,0.0,0.0,0,0,0,0.0,0.0,0.0,0.0,0.0,0.0,0.0,0.0,0.0,0.0,0.0,0.0,0.0,0.0,0.0,0.0,0,-107875648.0,53,0.0,106,-107614832.0,-107350944.0,ERR,ERR,ERR,ERR,ERR,ERR,ERR,ERR,ERR,ERR,ERR,ERR,ERR,ERR,ERR,ERR,ERR,ERR,ERR,ERR,ERR,ERR,ERR,ERR,ERR,ERR,ERR,ERR,ERR,ERR,ERR,ERR,ERR,ERR,ERR,ERR,ERR,ERR,ERR,ERR,ERR,ERR,ERR,ERR,ERR,ERR,ERR,ERR,ERR,ERR,ERR,ERR,ERR,ERR,ERR,ERR,ERR,ERR,ERR,ERR,ERR,ERR,ERR,ERR,ERR,ERR,ERR,50.0,60.0,100,0.0,0.0,0.0,0.0,0.0,0.0,0.0,0.0,0.0,0.0,0.0,0.0,0.0,0.0,0.0,0.0,62.0,65,20,65521,50,65476,0,300,0,0,8,20529,65476,0,0,26214,60.0,0.0,0.0,0.0,0.0,0.0
2026-05-17T16:18:13,ERR,ERR,ERR,ERR,ERR,ERR,ERR,ERR,ERR,ERR,ERR,ERR,ERR,ERR,ERR,ERR,ERR,ERR,ERR,ERR,ERR,ERR,ERR,ERR,ERR,ERR,ERR,ERR,ERR,ERR,ERR,ERR,ERR,ERR,ERR,ERR,ERR,ERR,ERR,ERR,ERR,ERR,ERR,ERR,ERR,ERR,ERR,ERR,ERR,ERR,ERR,ERR,ERR,ERR,ERR,ERR,ERR,ERR,ERR,ERR,ERR,ERR,ERR,ERR,ERR,ERR,ERR,ERR,ERR,ERR,ERR,ERR,ERR,ERR,ERR,ERR,ERR,ERR,ERR,ERR,ERR,ERR,ERR,ERR,ERR,ERR,ERR,ERR,ERR,ERR,ERR,ERR,ERR,ERR,ERR,ERR,ERR,ERR,ERR,ERR,ERR,ERR,ERR,ERR,ERR,ERR,ERR,ERR,ERR,ERR,ERR,ERR,ERR,ERR,ERR,ERR,ERR,ERR,ERR,ERR,ERR,ERR,ERR,ERR,ERR,0.0,-107615288.0,-134474944.0,0.0,0.0,1.3936040501711995e+18,7.805,0.0,0,0,4,0,8422,0.0,45,0.0,0.0,0.0,0.0,0.0,0,0,0,0,0.0,0,0,0,0,0,0,0,0,0,0,0,0,0,0,0,0,0,0,0,0,0,0,0,0,0,0,0,0,0,0,0,0,0,38,14,7,45,65476,0,300,0,0,8,21553,0.0,-107605600.0,0.0,0.0,0.0,0.0,0.0,0.0,0.0,0.0,0.0,0.0,0.0,0.0,0.0,0.0,0.0,0.0,0.0,0.0,0.0,0.0,-2.004,-2.004,-0.0,0.0,0.0,0.0,0.0,0.0,5006.0,131350.438,0.0,0.0,-107615288.0,0.0,-0.0,0.0,0.0,0.0,0.0,53,126841110528.0,0.0,0.0,0.0,0.0,0.0,0.0,0.0,0.0,0,0,0,0.0,0.0,0.0,0.0,0.0,0.0,0.0,0.0,0.0,0.0,0.0,0.0,0.0,0.0,0.0,0.0,0,-107875648.0,53,0.0,106,-107614832.0,-107350944.0,ERR,ERR,ERR,ERR,ERR,ERR,ERR,ERR,ERR,ERR,ERR,ERR,ERR,ERR,ERR,ERR,ERR,ERR,ERR,ERR,ERR,ERR,ERR,ERR,ERR,ERR,ERR,ERR,ERR,ERR,ERR,ERR,ERR,ERR,ERR,ERR,ERR,ERR,ERR,ERR,ERR,ERR,ERR,ERR,ERR,ERR,ERR,ERR,ERR,ERR,ERR,ERR,ERR,ERR,ERR,ERR,ERR,ERR,ERR,ERR,ERR,ERR,ERR,ERR,ERR,ERR,ERR,50.0,60.0,100,0.0,0.0,0.0,0.0,0.0,0.0,0.0,0.0,0.0,0.0,0.0,0.0,0.0,0.0,0.0,0.0,62.0,65,20,65521,50,65476,0,300,0,0,8,20529,65476,0,0,26214,60.0,0.0,0.0,0.0,0.0,0.0
2026-05-17T16:18:14,ERR,ERR,ERR,ERR,ERR,ERR,ERR,ERR,ERR,ERR,ERR,ERR,ERR,ERR,ERR,ERR,ERR,ERR,ERR,ERR,ERR,ERR,ERR,ERR,ERR,ERR,ERR,ERR,ERR,ERR,ERR,ERR,ERR,ERR,ERR,ERR,ERR,ERR,ERR,ERR,ERR,ERR,ERR,ERR,ERR,ERR,ERR,ERR,ERR,ERR,ERR,ERR,ERR,ERR,ERR,ERR,ERR,ERR,ERR,ERR,ERR,ERR,ERR,ERR,ERR,ERR,ERR,ERR,ERR,ERR,ERR,ERR,ERR,ERR,ERR,ERR,ERR,ERR,ERR,ERR,ERR,ERR,ERR,ERR,ERR,ERR,ERR,ERR,ERR,ERR,ERR,ERR,ERR,ERR,ERR,ERR,ERR,ERR,ERR,ERR,ERR,ERR,ERR,ERR,ERR,ERR,ERR,ERR,ERR,ERR,ERR,ERR,ERR,ERR,ERR,ERR,ERR,ERR,ERR,ERR,ERR,ERR,ERR,ERR,ERR,0.0,-107615288.0,-134474944.0,0.0,0.0,1.3936040501711995e+18,7.805,0.0,0,0,4,0,8422,0.0,45,0.0,0.0,0.0,0.0,0.0,0,0,0,0,0.0,0,0,0,0,0,0,0,0,0,0,0,0,0,0,0,0,0,0,0,0,0,0,0,0,0,0,0,0,0,0,0,0,0,38,14,7,45,65476,0,300,0,0,8,21553,0.0,-107605600.0,0.0,0.0,0.0,0.0,0.0,0.0,0.0,0.0,0.0,0.0,0.0,0.0,0.0,0.0,0.0,0.0,0.0,0.0,0.0,0.0,-2.004,-2.004,-0.0,0.0,0.0,0.0,0.0,0.0,5006.0,131350.438,0.0,0.0,-107615288.0,0.0,-0.0,0.0,0.0,0.0,0.0,53,126841110528.0,0.0,0.0,0.0,0.0,0.0,0.0,0.0,0.0,0,0,0,0.0,0.0,0.0,0.0,0.0,0.0,0.0,0.0,0.0,0.0,0.0,0.0,0.0,0.0,0.0,0.0,0,-107875648.0,53,0.0,106,-107614832.0,-107350944.0,ERR,ERR,ERR,ERR,ERR,ERR,ERR,ERR,ERR,ERR,ERR,ERR,ERR,ERR,ERR,ERR,ERR,ERR,ERR,ERR,ERR,ERR,ERR,ERR,ERR,ERR,ERR,ERR,ERR,ERR,ERR,ERR,ERR,ERR,ERR,ERR,ERR,ERR,ERR,ERR,ERR,ERR,ERR,ERR,ERR,ERR,ERR,ERR,ERR,ERR,ERR,ERR,ERR,ERR,ERR,ERR,ERR,ERR,ERR,ERR,ERR,ERR,ERR,ERR,ERR,ERR,ERR,50.0,60.0,100,0.0,0.0,0.0,0.0,0.0,0.0,0.0,0.0,0.0,0.0,0.0,0.0,0.0,0.0,0.0,0.0,61.6,65,20,65521,50,65476,0,300,0,0,8,20529,65476,0,0,26214,60.0,0.0,0.0,0.0,0.0,0.0
2026-05-17T16:18:15,ERR,ERR,ERR,ERR,ERR,ERR,ERR,ERR,ERR,ERR,ERR,ERR,ERR,ERR,ERR,ERR,ERR,ERR,ERR,ERR,ERR,ERR,ERR,ERR,ERR,ERR,ERR,ERR,ERR,ERR,ERR,ERR,ERR,ERR,ERR,ERR,ERR,ERR,ERR,ERR,ERR,ERR,ERR,ERR,ERR,ERR,ERR,ERR,ERR,ERR,ERR,ERR,ERR,ERR,ERR,ERR,ERR,ERR,ERR,ERR,ERR,ERR,ERR,ERR,ERR,ERR,ERR,ERR,ERR,ERR,ERR,ERR,ERR,ERR,ERR,ERR,ERR,ERR,ERR,ERR,ERR,ERR,ERR,ERR,ERR,ERR,ERR,ERR,ERR,ERR,ERR,ERR,ERR,ERR,ERR,ERR,ERR,ERR,ERR,ERR,ERR,ERR,ERR,ERR,ERR,ERR,ERR,ERR,ERR,ERR,ERR,ERR,ERR,ERR,ERR,ERR,ERR,ERR,ERR,ERR,ERR,ERR,ERR,ERR,ERR,0.0,-107615288.0,-134474944.0,0.0,0.0,1.3936040501711995e+18,7.805,0.0,0,0,4,0,8422,0.0,45,0.0,0.0,0.0,0.0,0.0,0,0,0,0,0.0,0,0,0,0,0,0,0,0,0,0,0,0,0,0,0,0,0,0,0,0,0,0,0,0,0,0,0,0,0,0,0,0,0,38,14,7,45,65476,0,300,0,0,8,21553,0.0,-107605600.0,0.0,0.0,0.0,0.0,0.0,0.0,0.0,0.0,0.0,0.0,0.0,0.0,0.0,0.0,0.0,0.0,0.0,0.0,0.0,0.0,-2.004,-2.004,-0.0,0.0,0.0,0.0,0.0,0.0,5006.0,131350.438,0.0,0.0,-107615288.0,0.0,-0.0,0.0,0.0,0.0,0.0,53,126841110528.0,0.0,0.0,0.0,0.0,0.0,0.0,0.0,0.0,0,0,0,0.0,0.0,0.0,0.0,0.0,0.0,0.0,0.0,0.0,0.0,0.0,0.0,0.0,0.0,0.0,0.0,0,-107875648.0,53,0.0,106,-107614832.0,-107350944.0,ERR,ERR,ERR,ERR,ERR,ERR,ERR,ERR,ERR,ERR,ERR,ERR,ERR,ERR,ERR,ERR,ERR,ERR,ERR,ERR,ERR,ERR,ERR,ERR,ERR,ERR,ERR,ERR,ERR,ERR,ERR,ERR,ERR,ERR,ERR,ERR,ERR,ERR,ERR,ERR,ERR,ERR,ERR,ERR,ERR,ERR,ERR,ERR,ERR,ERR,ERR,ERR,ERR,ERR,ERR,ERR,ERR,ERR,ERR,ERR,ERR,ERR,ERR,ERR,ERR,ERR,ERR,50.0,60.0,100,0.0,0.0,0.0,0.0,0.0,0.0,0.0,0.0,0.0,0.0,0.0,0.0,0.0,0.0,0.0,0.0,61.6,65,20,65521,50,65476,0,300,0,0,8,20529,65476,0,0,26214,60.0,0.0,0.0,0.0,0.0,0.0
2026-05-17T16:18:16,ERR,ERR,ERR,ERR,ERR,ERR,ERR,ERR,ERR,ERR,ERR,ERR,ERR,ERR,ERR,ERR,ERR,ERR,ERR,ERR,ERR,ERR,ERR,ERR,ERR,ERR,ERR,ERR,ERR,ERR,ERR,ERR,ERR,ERR,ERR,ERR,ERR,ERR,ERR,ERR,ERR,ERR,ERR,ERR,ERR,ERR,ERR,ERR,ERR,ERR,ERR,ERR,ERR,ERR,ERR,ERR,ERR,ERR,ERR,ERR,ERR,ERR,ERR,ERR,ERR,ERR,ERR,ERR,ERR,ERR,ERR,ERR,ERR,ERR,ERR,ERR,ERR,ERR,ERR,ERR,ERR,ERR,ERR,ERR,ERR,ERR,ERR,ERR,ERR,ERR,ERR,ERR,ERR,ERR,ERR,ERR,ERR,ERR,ERR,ERR,ERR,ERR,ERR,ERR,ERR,ERR,ERR,ERR,ERR,ERR,ERR,ERR,ERR,ERR,ERR,ERR,ERR,ERR,ERR,ERR,ERR,ERR,ERR,ERR,ERR,0.0,-107615288.0,-134474944.0,0.0,0.0,1.3936040501711995e+18,7.805,0.0,0,0,4,0,8422,0.0,45,0.0,0.0,0.0,0.0,0.0,0,0,0,0,0.0,0,0,0,0,0,0,0,0,0,0,0,0,0,0,0,0,0,0,0,0,0,0,0,0,0,0,0,0,0,0,0,0,0,38,14,7,45,65476,0,300,0,0,8,21553,0.0,-107605600.0,0.0,0.0,0.0,0.0,0.0,0.0,0.0,0.0,0.0,0.0,0.0,0.0,0.0,0.0,0.0,0.0,0.0,0.0,0.0,0.0,-2.004,-2.004,-0.0,0.0,0.0,0.0,0.0,0.0,5006.0,131350.438,0.0,0.0,-107615288.0,0.0,-0.0,0.0,0.0,0.0,0.0,53,126841110528.0,0.0,0.0,0.0,0.0,0.0,0.0,0.0,0.0,0,0,0,0.0,0.0,0.0,0.0,0.0,0.0,0.0,0.0,0.0,0.0,0.0,0.0,0.0,0.0,0.0,0.0,0,-107875648.0,53,0.0,106,-107614832.0,-107350944.0,ERR,ERR,ERR,ERR,ERR,ERR,ERR,ERR,ERR,ERR,ERR,ERR,ERR,ERR,ERR,ERR,ERR,ERR,ERR,ERR,ERR,ERR,ERR,ERR,ERR,ERR,ERR,ERR,ERR,ERR,ERR,ERR,ERR,ERR,ERR,ERR,ERR,ERR,ERR,ERR,ERR,ERR,ERR,ERR,ERR,ERR,ERR,ERR,ERR,ERR,ERR,ERR,ERR,ERR,ERR,ERR,ERR,ERR,ERR,ERR,ERR,ERR,ERR,ERR,ERR,ERR,ERR,50.0,60.0,100,0.0,0.0,0.0,0.0,0.0,0.0,0.0,0.0,0.0,0.0,0.0,0.0,0.0,0.0,0.0,0.0,62.0,65,20,65521,50,65476,0,300,0,0,8,20529,65476,0,0,26214,60.0,0.0,0.0,0.0,0.0,0.0
2026-05-17T16:18:17,ERR,ERR,ERR,ERR,ERR,ERR,ERR,ERR,ERR,ERR,ERR,ERR,ERR,ERR,ERR,ERR,ERR,ERR,ERR,ERR,ERR,ERR,ERR,ERR,ERR,ERR,ERR,ERR,ERR,ERR,ERR,ERR,ERR,ERR,ERR,ERR,ERR,ERR,ERR,ERR,ERR,ERR,ERR,ERR,ERR,ERR,ERR,ERR,ERR,ERR,ERR,ERR,ERR,ERR,ERR,ERR,ERR,ERR,ERR,ERR,ERR,ERR,ERR,ERR,ERR,ERR,ERR,ERR,ERR,ERR,ERR,ERR,ERR,ERR,ERR,ERR,ERR,ERR,ERR,ERR,ERR,ERR,ERR,ERR,ERR,ERR,ERR,ERR,ERR,ERR,ERR,ERR,ERR,ERR,ERR,ERR,ERR,ERR,ERR,ERR,ERR,ERR,ERR,ERR,ERR,ERR,ERR,ERR,ERR,ERR,ERR,ERR,ERR,ERR,ERR,ERR,ERR,ERR,ERR,ERR,ERR,ERR,ERR,ERR,ERR,0.0,-107615288.0,-0.0,0.0,0.0,1.3936040501711995e+18,7.805,0.0,0,0,4,0,8422,0.0,45,0.0,0.0,0.0,0.0,0.0,0,0,0,0,0.0,0,0,0,0,0,0,0,0,0,0,0,0,0,0,0,0,0,0,0,0,0,0,0,0,0,0,0,0,0,0,0,0,0,38,14,7,45,65476,0,300,0,0,8,21553,0.0,-107605600.0,0.0,0.0,0.0,0.0,0.0,0.0,0.0,0.0,0.0,0.0,0.0,0.0,0.0,0.0,0.0,0.0,0.0,0.0,0.0,0.0,-2.004,-2.004,-0.0,0.0,0.0,0.0,0.0,0.0,5006.0,2.422987904532282e+24,0.0,0.0,-107615288.0,0.0,-0.0,0.0,0.0,0.0,0.0,53,1.9056979486756045e+17,0.0,0.0,0.0,0.0,0.0,0.0,0.0,0.0,0,0,0,0.0,0.0,0.0,0.0,0.0,0.0,0.0,0.0,0.0,0.0,0.0,0.0,0.0,0.0,0.0,0.0,0,-107875648.0,53,0.0,106,-107614832.0,-107350944.0,ERR,ERR,ERR,ERR,ERR,ERR,ERR,ERR,ERR,ERR,ERR,ERR,ERR,ERR,ERR,ERR,ERR,ERR,ERR,ERR,ERR,ERR,ERR,ERR,ERR,ERR,ERR,ERR,ERR,ERR,ERR,ERR,ERR,ERR,ERR,ERR,ERR,ERR,ERR,ERR,ERR,ERR,ERR,ERR,ERR,ERR,ERR,ERR,ERR,ERR,ERR,ERR,ERR,ERR,ERR,ERR,ERR,ERR,ERR,ERR,ERR,ERR,ERR,ERR,ERR,ERR,ERR,50.0,60.0,100,0.0,0.0,0.0,0.0,0.0,0.0,0.0,0.0,0.0,0.0,0.0,0.0,0.0,0.0,0.0,0.0,62.0,65,20,65521,50,65476,0,300,0,0,8,20529,65476,0,0,26214,60.0,0.0,0.0,0.0,0.0,0.0
2026-05-17T16:18:18,ERR,ERR,ERR,ERR,ERR,ERR,ERR,ERR,ERR,ERR,ERR,ERR,ERR,ERR,ERR,ERR,ERR,ERR,ERR,ERR,ERR,ERR,ERR,ERR,ERR,ERR,ERR,ERR,ERR,ERR,ERR,ERR,ERR,ERR,ERR,ERR,ERR,ERR,ERR,ERR,ERR,ERR,ERR,ERR,ERR,ERR,ERR,ERR,ERR,ERR,ERR,ERR,ERR,ERR,ERR,ERR,ERR,ERR,ERR,ERR,ERR,ERR,ERR,ERR,ERR,ERR,ERR,ERR,ERR,ERR,ERR,ERR,ERR,ERR,ERR,ERR,ERR,ERR,ERR,ERR,ERR,ERR,ERR,ERR,ERR,ERR,ERR,ERR,ERR,ERR,ERR,ERR,ERR,ERR,ERR,ERR,ERR,ERR,ERR,ERR,ERR,ERR,ERR,ERR,ERR,ERR,ERR,ERR,ERR,ERR,ERR,ERR,ERR,ERR,ERR,ERR,ERR,ERR,ERR,ERR,ERR,ERR,ERR,ERR,ERR,0.0,-107615288.0,-0.0,0.0,0.0,1.3936040501711995e+18,7.805,0.0,0,0,4,0,8422,0.0,45,0.0,0.0,0.0,0.0,0.0,0,0,0,0,0.0,0,0,0,0,0,0,0,0,0,0,0,0,0,0,0,0,0,0,0,0,0,0,0,0,0,0,0,0,0,0,0,0,0,38,14,7,45,65476,0,300,0,0,8,21553,0.0,-107605600.0,0.0,0.0,0.0,0.0,0.0,0.0,0.0,0.0,0.0,0.0,0.0,0.0,0.0,0.0,0.0,0.0,0.0,0.0,0.0,0.0,-2.004,-2.004,-0.0,0.0,0.0,0.0,0.0,0.0,5006.0,2.422987904532282e+24,0.0,0.0,-107615288.0,0.0,-0.0,0.0,0.0,0.0,0.0,53,1.9056979486756045e+17,0.0,0.0,0.0,0.0,0.0,0.0,0.0,0.0,0,0,0,0.0,0.0,0.0,0.0,0.0,0.0,0.0,0.0,0.0,0.0,0.0,0.0,0.0,0.0,0.0,0.0,0,-107875648.0,53,0.0,106,-107614832.0,-107350944.0,ERR,ERR,ERR,ERR,ERR,ERR,ERR,ERR,ERR,ERR,ERR,ERR,ERR,ERR,ERR,ERR,ERR,ERR,ERR,ERR,ERR,ERR,ERR,ERR,ERR,ERR,ERR,ERR,ERR,ERR,ERR,ERR,ERR,ERR,ERR,ERR,ERR,ERR,ERR,ERR,ERR,ERR,ERR,ERR,ERR,ERR,ERR,ERR,ERR,ERR,ERR,ERR,ERR,ERR,ERR,ERR,ERR,ERR,ERR,ERR,ERR,ERR,ERR,ERR,ERR,ERR,ERR,50.0,60.0,100,0.0,0.0,0.0,0.0,0.0,0.0,0.0,0.0,0.0,0.0,0.0,0.0,0.0,0.0,0.0,0.0,61.6,65,20,65521,50,65476,0,300,0,0,8,20529,65476,0,0,26214,60.0,0.0,0.0,0.0,0.0,0.0
2026-05-17T16:18:19,ERR,ERR,ERR,ERR,ERR,ERR,ERR,ERR,ERR,ERR,ERR,ERR,ERR,ERR,ERR,ERR,ERR,ERR,ERR,ERR,ERR,ERR,ERR,ERR,ERR,ERR,ERR,ERR,ERR,ERR,ERR,ERR,ERR,ERR,ERR,ERR,ERR,ERR,ERR,ERR,ERR,ERR,ERR,ERR,ERR,ERR,ERR,ERR,ERR,ERR,ERR,ERR,ERR,ERR,ERR,ERR,ERR,ERR,ERR,ERR,ERR,ERR,ERR,ERR,ERR,ERR,ERR,ERR,ERR,ERR,ERR,ERR,ERR,ERR,ERR,ERR,ERR,ERR,ERR,ERR,ERR,ERR,ERR,ERR,ERR,ERR,ERR,ERR,ERR,ERR,ERR,ERR,ERR,ERR,ERR,ERR,ERR,ERR,ERR,ERR,ERR,ERR,ERR,ERR,ERR,ERR,ERR,ERR,ERR,ERR,ERR,ERR,ERR,ERR,ERR,ERR,ERR,ERR,ERR,ERR,ERR,ERR,ERR,ERR,ERR,0.0,-107615288.0,-0.0,0.0,0.0,1.3936040501711995e+18,7.805,0.0,0,0,4,0,8422,0.0,45,0.0,0.0,0.0,0.0,0.0,0,0,0,0,0.0,0,0,0,0,0,0,0,0,0,0,0,0,0,0,0,0,0,0,0,0,0,0,0,0,0,0,0,0,0,0,0,0,0,38,14,7,45,65476,0,300,0,0,8,21553,0.0,-107605600.0,0.0,0.0,0.0,0.0,0.0,0.0,0.0,0.0,0.0,0.0,0.0,0.0,0.0,0.0,0.0,0.0,0.0,0.0,0.0,0.0,-2.004,-2.004,-0.0,0.0,0.0,0.0,0.0,0.0,5006.0,2.422987904532282e+24,0.0,0.0,-107615288.0,0.0,-0.0,0.0,0.0,0.0,0.0,53,1.9056979486756045e+17,0.0,0.0,0.0,0.0,0.0,0.0,0.0,0.0,0,0,0,0.0,0.0,0.0,0.0,0.0,0.0,0.0,0.0,0.0,0.0,0.0,0.0,0.0,0.0,0.0,0.0,0,-107875648.0,53,0.0,106,-107614832.0,-107350944.0,ERR,ERR,ERR,ERR,ERR,ERR,ERR,ERR,ERR,ERR,ERR,ERR,ERR,ERR,ERR,ERR,ERR,ERR,ERR,ERR,ERR,ERR,ERR,ERR,ERR,ERR,ERR,ERR,ERR,ERR,ERR,ERR,ERR,ERR,ERR,ERR,ERR,ERR,ERR,ERR,ERR,ERR,ERR,ERR,ERR,ERR,ERR,ERR,ERR,ERR,ERR,ERR,ERR,ERR,ERR,ERR,ERR,ERR,ERR,ERR,ERR,ERR,ERR,ERR,ERR,ERR,ERR,50.0,60.0,100,0.0,0.0,0.0,0.0,0.0,0.0,0.0,0.0,0.0,0.0,0.0,0.0,0.0,0.0,0.0,0.0,61.6,65,20,65521,50,65476,0,300,0,0,8,20529,65476,0,0,26214,60.0,0.0,0.0,0.0,0.0,0.0
2026-05-17T16:18:20,ERR,ERR,ERR,ERR,ERR,ERR,ERR,ERR,ERR,ERR,ERR,ERR,ERR,ERR,ERR,ERR,ERR,ERR,ERR,ERR,ERR,ERR,ERR,ERR,ERR,ERR,ERR,ERR,ERR,ERR,ERR,ERR,ERR,ERR,ERR,ERR,ERR,ERR,ERR,ERR,ERR,ERR,ERR,ERR,ERR,ERR,ERR,ERR,ERR,ERR,ERR,ERR,ERR,ERR,ERR,ERR,ERR,ERR,ERR,ERR,ERR,ERR,ERR,ERR,ERR,ERR,ERR,ERR,ERR,ERR,ERR,ERR,ERR,ERR,ERR,ERR,ERR,ERR,ERR,ERR,ERR,ERR,ERR,ERR,ERR,ERR,ERR,ERR,ERR,ERR,ERR,ERR,ERR,ERR,ERR,ERR,ERR,ERR,ERR,ERR,ERR,ERR,ERR,ERR,ERR,ERR,ERR,ERR,ERR,ERR,ERR,ERR,ERR,ERR,ERR,ERR,ERR,ERR,ERR,ERR,ERR,ERR,ERR,ERR,ERR,0.0,-107615288.0,-0.0,0.0,0.0,1.3936040501711995e+18,7.805,0.0,0,0,4,0,8422,0.0,45,0.0,0.0,0.0,0.0,0.0,0,0,0,0,0.0,0,0,0,0,0,0,0,0,0,0,0,0,0,0,0,0,0,0,0,0,0,0,0,0,0,0,0,0,0,0,0,0,0,38,14,7,45,65476,0,300,0,0,8,21553,0.0,-107605600.0,0.0,0.0,0.0,0.0,0.0,0.0,0.0,0.0,0.0,0.0,0.0,0.0,0.0,0.0,0.0,0.0,0.0,0.0,0.0,0.0,-2.004,-2.004,-0.0,0.0,0.0,0.0,0.0,0.0,5006.0,2.422987904532282e+24,0.0,0.0,-107615288.0,0.0,-0.0,0.0,0.0,0.0,0.0,53,1.9056979486756045e+17,0.0,0.0,0.0,0.0,0.0,0.0,0.0,0.0,0,0,0,0.0,0.0,0.0,0.0,0.0,0.0,0.0,0.0,0.0,0.0,0.0,0.0,0.0,0.0,0.0,0.0,0,-107875648.0,53,0.0,106,-107614832.0,-107350944.0,ERR,ERR,ERR,ERR,ERR,ERR,ERR,ERR,ERR,ERR,ERR,ERR,ERR,ERR,ERR,ERR,ERR,ERR,ERR,ERR,ERR,ERR,ERR,ERR,ERR,ERR,ERR,ERR,ERR,ERR,ERR,ERR,ERR,ERR,ERR,ERR,ERR,ERR,ERR,ERR,ERR,ERR,ERR,ERR,ERR,ERR,ERR,ERR,ERR,ERR,ERR,ERR,ERR,ERR,ERR,ERR,ERR,ERR,ERR,ERR,ERR,ERR,ERR,ERR,ERR,ERR,ERR,50.0,60.0,100,0.0,0.0,0.0,0.0,0.0,0.0,0.0,0.0,0.0,0.0,0.0,0.0,0.0,0.0,0.0,0.0,61.6,65,20,65521,50,65476,0,300,0,0,8,20529,65476,0,0,26214,60.0,0.0,0.0,0.0,0.0,0.0
2026-05-17T16:18:21,ERR,ERR,ERR,ERR,ERR,ERR,ERR,ERR,ERR,ERR,ERR,ERR,ERR,ERR,ERR,ERR,ERR,ERR,ERR,ERR,ERR,ERR,ERR,ERR,ERR,ERR,ERR,ERR,ERR,ERR,ERR,ERR,ERR,ERR,ERR,ERR,ERR,ERR,ERR,ERR,ERR,ERR,ERR,ERR,ERR,ERR,ERR,ERR,ERR,ERR,ERR,ERR,ERR,ERR,ERR,ERR,ERR,ERR,ERR,ERR,ERR,ERR,ERR,ERR,ERR,ERR,ERR,ERR,ERR,ERR,ERR,ERR,ERR,ERR,ERR,ERR,ERR,ERR,ERR,ERR,ERR,ERR,ERR,ERR,ERR,ERR,ERR,ERR,ERR,ERR,ERR,ERR,ERR,ERR,ERR,ERR,ERR,ERR,ERR,ERR,ERR,ERR,ERR,ERR,ERR,ERR,ERR,ERR,ERR,ERR,ERR,ERR,ERR,ERR,ERR,ERR,ERR,ERR,ERR,ERR,ERR,ERR,ERR,ERR,ERR,0.0,-107615288.0,-0.0,0.0,0.0,1.3936040501711995e+18,7.805,0.0,0,0,4,0,8422,0.0,45,0.0,0.0,0.0,0.0,0.0,0,0,0,0,0.0,0,0,0,0,0,0,0,0,0,0,0,0,0,0,0,0,0,0,0,0,0,0,0,0,0,0,0,0,0,0,0,0,0,38,14,7,45,65476,0,300,0,0,8,21553,0.0,-107605600.0,0.0,0.0,0.0,0.0,0.0,0.0,0.0,0.0,0.0,0.0,0.0,0.0,0.0,0.0,0.0,0.0,0.0,0.0,0.0,0.0,-2.004,-2.004,-0.0,0.0,0.0,0.0,0.0,0.0,5006.0,2.422987904532282e+24,0.0,0.0,-107615288.0,0.0,-0.0,0.0,0.0,0.0,0.0,53,1.9056979486756045e+17,0.0,0.0,0.0,0.0,0.0,0.0,0.0,0.0,0,0,0,0.0,0.0,0.0,0.0,0.0,0.0,0.0,0.0,0.0,0.0,0.0,0.0,0.0,0.0,0.0,0.0,0,-107875648.0,53,0.0,106,-107614832.0,-107350944.0,ERR,ERR,ERR,ERR,ERR,ERR,ERR,ERR,ERR,ERR,ERR,ERR,ERR,ERR,ERR,ERR,ERR,ERR,ERR,ERR,ERR,ERR,ERR,ERR,ERR,ERR,ERR,ERR,ERR,ERR,ERR,ERR,ERR,ERR,ERR,ERR,ERR,ERR,ERR,ERR,ERR,ERR,ERR,ERR,ERR,ERR,ERR,ERR,ERR,ERR,ERR,ERR,ERR,ERR,ERR,ERR,ERR,ERR,ERR,ERR,ERR,ERR,ERR,ERR,ERR,ERR,ERR,50.0,60.0,100,0.0,0.0,0.0,0.0,0.0,0.0,0.0,0.0,0.0,0.0,0.0,0.0,0.0,0.0,0.0,0.0,62.0,65,20,65521,50,65476,0,300,0,0,8,20529,65476,0,0,26214,60.0,0.0,0.0,0.0,0.0,0.0
2026-05-17T16:18:22,ERR,ERR,ERR,ERR,ERR,ERR,ERR,ERR,ERR,ERR,ERR,ERR,ERR,ERR,ERR,ERR,ERR,ERR,ERR,ERR,ERR,ERR,ERR,ERR,ERR,ERR,ERR,ERR,ERR,ERR,ERR,ERR,ERR,ERR,ERR,ERR,ERR,ERR,ERR,ERR,ERR,ERR,ERR,ERR,ERR,ERR,ERR,ERR,ERR,ERR,ERR,ERR,ERR,ERR,ERR,ERR,ERR,ERR,ERR,ERR,ERR,ERR,ERR,ERR,ERR,ERR,ERR,ERR,ERR,ERR,ERR,ERR,ERR,ERR,ERR,ERR,ERR,ERR,ERR,ERR,ERR,ERR,ERR,ERR,ERR,ERR,ERR,ERR,ERR,ERR,ERR,ERR,ERR,ERR,ERR,ERR,ERR,ERR,ERR,ERR,ERR,ERR,ERR,ERR,ERR,ERR,ERR,ERR,ERR,ERR,ERR,ERR,ERR,ERR,ERR,ERR,ERR,ERR,ERR,ERR,ERR,ERR,ERR,ERR,ERR,0.0,-107615288.0,-134474944.0,0.0,0.0,1.3936040501711995e+18,7.805,0.0,0,0,4,0,8422,0.0,45,0.0,0.0,0.0,0.0,0.0,0,0,0,0,0.0,0,0,0,0,0,0,0,0,0,0,0,0,0,0,0,0,0,0,0,0,0,0,0,0,0,0,0,0,0,0,0,0,0,38,14,7,45,65476,0,300,0,0,8,21553,0.0,-107605600.0,0.0,0.0,0.0,0.0,0.0,0.0,0.0,0.0,0.0,0.0,0.0,0.0,0.0,0.0,0.0,0.0,0.0,0.0,0.0,0.0,-2.004,-2.004,-0.0,0.0,0.0,0.0,0.0,0.0,4969.0,-2.004,0.0,0.0,-107615288.0,0.0,-0.0,0.0,0.0,0.0,0.0,53,71.63,1.905685750968484e+17,0.0,0.0,0.0,0.0,0.0,0.0,0.0,0,0,0,0.0,0.0,0.0,0.0,0.0,0.0,0.0,0.0,0.0,0.0,0.0,0.0,0.0,0.0,0.0,0.0,0,-107875648.0,53,0.0,106,-107614832.0,-107350944.0,ERR,ERR,ERR,ERR,ERR,ERR,ERR,ERR,ERR,ERR,ERR,ERR,ERR,ERR,ERR,ERR,ERR,ERR,ERR,ERR,ERR,ERR,ERR,ERR,ERR,ERR,ERR,ERR,ERR,ERR,ERR,ERR,ERR,ERR,ERR,ERR,ERR,ERR,ERR,ERR,ERR,ERR,ERR,ERR,ERR,ERR,ERR,ERR,ERR,ERR,ERR,ERR,ERR,ERR,ERR,ERR,ERR,ERR,ERR,ERR,ERR,ERR,ERR,ERR,ERR,ERR,ERR,50.0,60.0,100,0.0,0.0,0.0,0.0,0.0,0.0,0.0,0.0,0.0,0.0,0.0,0.0,0.0,0.0,0.0,0.0,62.0,65,20,65521,50,65476,0,300,0,0,8,20529,65476,0,0,26214,60.0,0.0,0.0,0.0,0.0,0.0
2026-05-17T16:18:23,ERR,ERR,ERR,ERR,ERR,ERR,ERR,ERR,ERR,ERR,ERR,ERR,ERR,ERR,ERR,ERR,ERR,ERR,ERR,ERR,ERR,ERR,ERR,ERR,ERR,ERR,ERR,ERR,ERR,ERR,ERR,ERR,ERR,ERR,ERR,ERR,ERR,ERR,ERR,ERR,ERR,ERR,ERR,ERR,ERR,ERR,ERR,ERR,ERR,ERR,ERR,ERR,ERR,ERR,ERR,ERR,ERR,ERR,ERR,ERR,ERR,ERR,ERR,ERR,ERR,ERR,ERR,ERR,ERR,ERR,ERR,ERR,ERR,ERR,ERR,ERR,ERR,ERR,ERR,ERR,ERR,ERR,ERR,ERR,ERR,ERR,ERR,ERR,ERR,ERR,ERR,ERR,ERR,ERR,ERR,ERR,ERR,ERR,ERR,ERR,ERR,ERR,ERR,ERR,ERR,ERR,ERR,ERR,ERR,ERR,ERR,ERR,ERR,ERR,ERR,ERR,ERR,ERR,ERR,ERR,ERR,ERR,ERR,ERR,ERR,0.0,-107615288.0,-134474944.0,0.0,0.0,1.3936040501711995e+18,7.805,0.0,0,0,4,0,8422,0.0,45,0.0,0.0,0.0,0.0,0.0,0,0,0,0,0.0,0,0,0,0,0,0,0,0,0,0,0,0,0,0,0,0,0,0,0,0,0,0,0,0,0,0,0,0,0,0,0,0,0,38,14,7,45,65476,0,300,0,0,8,21553,0.0,-107605600.0,0.0,0.0,0.0,0.0,0.0,0.0,0.0,0.0,0.0,0.0,0.0,0.0,0.0,0.0,0.0,0.0,0.0,0.0,0.0,0.0,-2.004,-2.004,-0.0,0.0,0.0,0.0,0.0,0.0,4969.0,-2.004,0.0,0.0,-107615288.0,0.0,-0.0,0.0,0.0,0.0,0.0,53,71.63,1.905685750968484e+17,0.0,0.0,0.0,0.0,0.0,0.0,0.0,0,0,0,0.0,0.0,0.0,0.0,0.0,0.0,0.0,0.0,0.0,0.0,0.0,0.0,0.0,0.0,0.0,0.0,0,-107875648.0,53,0.0,106,-107614832.0,-107350944.0,ERR,ERR,ERR,ERR,ERR,ERR,ERR,ERR,ERR,ERR,ERR,ERR,ERR,ERR,ERR,ERR,ERR,ERR,ERR,ERR,ERR,ERR,ERR,ERR,ERR,ERR,ERR,ERR,ERR,ERR,ERR,ERR,ERR,ERR,ERR,ERR,ERR,ERR,ERR,ERR,ERR,ERR,ERR,ERR,ERR,ERR,ERR,ERR,ERR,ERR,ERR,ERR,ERR,ERR,ERR,ERR,ERR,ERR,ERR,ERR,ERR,ERR,ERR,ERR,ERR,ERR,ERR,50.0,60.0,100,0.0,0.0,0.0,0.0,0.0,0.0,0.0,0.0,0.0,0.0,0.0,0.0,0.0,0.0,0.0,0.0,61.6,65,20,65521,50,65476,0,300,0,0,8,20529,65476,0,0,26214,60.0,0.0,0.0,0.0,0.0,0.0
2026-05-17T16:18:24,ERR,ERR,ERR,ERR,ERR,ERR,ERR,ERR,ERR,ERR,ERR,ERR,ERR,ERR,ERR,ERR,ERR,ERR,ERR,ERR,ERR,ERR,ERR,ERR,ERR,ERR,ERR,ERR,ERR,ERR,ERR,ERR,ERR,ERR,ERR,ERR,ERR,ERR,ERR,ERR,ERR,ERR,ERR,ERR,ERR,ERR,ERR,ERR,ERR,ERR,ERR,ERR,ERR,ERR,ERR,ERR,ERR,ERR,ERR,ERR,ERR,ERR,ERR,ERR,ERR,ERR,ERR,ERR,ERR,ERR,ERR,ERR,ERR,ERR,ERR,ERR,ERR,ERR,ERR,ERR,ERR,ERR,ERR,ERR,ERR,ERR,ERR,ERR,ERR,ERR,ERR,ERR,ERR,ERR,ERR,ERR,ERR,ERR,ERR,ERR,ERR,ERR,ERR,ERR,ERR,ERR,ERR,ERR,ERR,ERR,ERR,ERR,ERR,ERR,ERR,ERR,ERR,ERR,ERR,ERR,ERR,ERR,ERR,ERR,ERR,0.0,-107615288.0,-134474944.0,0.0,0.0,1.3936040501711995e+18,7.805,0.0,0,0,4,0,8422,0.0,45,0.0,0.0,0.0,0.0,0.0,0,0,0,0,0.0,0,0,0,0,0,0,0,0,0,0,0,0,0,0,0,0,0,0,0,0,0,0,0,0,0,0,0,0,0,0,0,0,0,38,14,7,45,65476,0,300,0,0,8,21553,0.0,-107605600.0,0.0,0.0,0.0,0.0,0.0,0.0,0.0,0.0,0.0,0.0,0.0,0.0,0.0,0.0,0.0,0.0,0.0,0.0,0.0,0.0,-2.004,-2.004,-0.0,0.0,0.0,0.0,0.0,0.0,4969.0,-2.004,0.0,0.0,-107615288.0,0.0,-0.0,0.0,0.0,0.0,0.0,53,71.63,1.905685750968484e+17,0.0,0.0,0.0,0.0,0.0,0.0,0.0,0,0,0,0.0,0.0,0.0,0.0,0.0,0.0,0.0,0.0,0.0,0.0,0.0,0.0,0.0,0.0,0.0,0.0,0,-107875648.0,53,0.0,106,-107614832.0,-107350944.0,ERR,ERR,ERR,ERR,ERR,ERR,ERR,ERR,ERR,ERR,ERR,ERR,ERR,ERR,ERR,ERR,ERR,ERR,ERR,ERR,ERR,ERR,ERR,ERR,ERR,ERR,ERR,ERR,ERR,ERR,ERR,ERR,ERR,ERR,ERR,ERR,ERR,ERR,ERR,ERR,ERR,ERR,ERR,ERR,ERR,ERR,ERR,ERR,ERR,ERR,ERR,ERR,ERR,ERR,ERR,ERR,ERR,ERR,ERR,ERR,ERR,ERR,ERR,ERR,ERR,ERR,ERR,50.0,60.0,100,0.0,0.0,0.0,0.0,0.0,0.0,0.0,0.0,0.0,0.0,0.0,0.0,0.0,0.0,0.0,0.0,61.6,65,20,65521,50,65476,0,300,0,0,8,20529,65476,0,0,26214,60.0,0.0,0.0,0.0,0.0,0.0
2026-05-17T16:18:25,ERR,ERR,ERR,ERR,ERR,ERR,ERR,ERR,ERR,ERR,ERR,ERR,ERR,ERR,ERR,ERR,ERR,ERR,ERR,ERR,ERR,ERR,ERR,ERR,ERR,ERR,ERR,ERR,ERR,ERR,ERR,ERR,ERR,ERR,ERR,ERR,ERR,ERR,ERR,ERR,ERR,ERR,ERR,ERR,ERR,ERR,ERR,ERR,ERR,ERR,ERR,ERR,ERR,ERR,ERR,ERR,ERR,ERR,ERR,ERR,ERR,ERR,ERR,ERR,ERR,ERR,ERR,ERR,ERR,ERR,ERR,ERR,ERR,ERR,ERR,ERR,ERR,ERR,ERR,ERR,ERR,ERR,ERR,ERR,ERR,ERR,ERR,ERR,ERR,ERR,ERR,ERR,ERR,ERR,ERR,ERR,ERR,ERR,ERR,ERR,ERR,ERR,ERR,ERR,ERR,ERR,ERR,ERR,ERR,ERR,ERR,ERR,ERR,ERR,ERR,ERR,ERR,ERR,ERR,ERR,ERR,ERR,ERR,ERR,ERR,0.0,-107615288.0,-134474944.0,0.0,0.0,1.3936040501711995e+18,7.805,0.0,0,0,4,0,8422,0.0,45,0.0,0.0,0.0,0.0,0.0,0,0,0,0,0.0,0,0,0,0,0,0,0,0,0,0,0,0,0,0,0,0,0,0,0,0,0,0,0,0,0,0,0,0,0,0,0,0,0,38,14,7,45,65476,0,300,0,0,8,21553,0.0,-107605600.0,0.0,0.0,0.0,0.0,0.0,0.0,0.0,0.0,0.0,0.0,0.0,0.0,0.0,0.0,0.0,0.0,0.0,0.0,0.0,0.0,-2.004,-2.004,-0.0,0.0,0.0,0.0,0.0,0.0,4969.0,-2.004,0.0,0.0,-107615288.0,0.0,-0.0,0.0,0.0,0.0,0.0,53,71.63,1.905685750968484e+17,0.0,0.0,0.0,0.0,0.0,0.0,0.0,0,0,0,0.0,0.0,0.0,0.0,0.0,0.0,0.0,0.0,0.0,0.0,0.0,0.0,0.0,0.0,0.0,0.0,0,-107875648.0,53,0.0,106,-107614832.0,-107350944.0,ERR,ERR,ERR,ERR,ERR,ERR,ERR,ERR,ERR,ERR,ERR,ERR,ERR,ERR,ERR,ERR,ERR,ERR,ERR,ERR,ERR,ERR,ERR,ERR,ERR,ERR,ERR,ERR,ERR,ERR,ERR,ERR,ERR,ERR,ERR,ERR,ERR,ERR,ERR,ERR,ERR,ERR,ERR,ERR,ERR,ERR,ERR,ERR,ERR,ERR,ERR,ERR,ERR,ERR,ERR,ERR,ERR,ERR,ERR,ERR,ERR,ERR,ERR,ERR,ERR,ERR,ERR,50.0,60.0,100,0.0,0.0,0.0,0.0,0.0,0.0,0.0,0.0,0.0,0.0,0.0,0.0,0.0,0.0,0.0,0.0,61.6,65,20,65521,50,65476,0,300,0,0,8,20529,65476,0,0,26214,60.0,0.0,0.0,0.0,0.0,0.0
2026-05-17T16:18:26,ERR,ERR,ERR,ERR,ERR,ERR,ERR,ERR,ERR,ERR,ERR,ERR,ERR,ERR,ERR,ERR,ERR,ERR,ERR,ERR,ERR,ERR,ERR,ERR,ERR,ERR,ERR,ERR,ERR,ERR,ERR,ERR,ERR,ERR,ERR,ERR,ERR,ERR,ERR,ERR,ERR,ERR,ERR,ERR,ERR,ERR,ERR,ERR,ERR,ERR,ERR,ERR,ERR,ERR,ERR,ERR,ERR,ERR,ERR,ERR,ERR,ERR,ERR,ERR,ERR,ERR,ERR,ERR,ERR,ERR,ERR,ERR,ERR,ERR,ERR,ERR,ERR,ERR,ERR,ERR,ERR,ERR,ERR,ERR,ERR,ERR,ERR,ERR,ERR,ERR,ERR,ERR,ERR,ERR,ERR,ERR,ERR,ERR,ERR,ERR,ERR,ERR,ERR,ERR,ERR,ERR,ERR,ERR,ERR,ERR,ERR,ERR,ERR,ERR,ERR,ERR,ERR,ERR,ERR,ERR,ERR,ERR,ERR,ERR,ERR,0.0,-107615288.0,-134474944.0,0.0,0.0,1.3936040501711995e+18,7.805,0.0,0,0,4,0,8422,0.0,45,0.0,0.0,0.0,0.0,0.0,0,0,0,0,0.0,0,0,0,0,0,0,0,0,0,0,0,0,0,0,0,0,0,0,0,0,0,0,0,0,0,0,0,0,0,0,0,0,0,38,14,7,45,65476,0,300,0,0,8,21553,0.0,-107605600.0,0.0,0.0,0.0,0.0,0.0,0.0,0.0,0.0,0.0,0.0,0.0,0.0,0.0,0.0,0.0,0.0,0.0,0.0,0.0,0.0,-2.004,-2.004,-0.0,0.0,0.0,0.0,0.0,0.0,4969.0,-2.004,0.0,0.0,-107615288.0,0.0,-0.0,0.0,0.0,0.0,0.0,53,71.63,1.905685750968484e+17,0.0,0.0,0.0,0.0,0.0,0.0,0.0,0,0,0,0.0,0.0,0.0,0.0,0.0,0.0,0.0,0.0,0.0,0.0,0.0,0.0,0.0,0.0,0.0,0.0,0,-107875648.0,53,0.0,106,-107614832.0,-107350944.0,ERR,ERR,ERR,ERR,ERR,ERR,ERR,ERR,ERR,ERR,ERR,ERR,ERR,ERR,ERR,ERR,ERR,ERR,ERR,ERR,ERR,ERR,ERR,ERR,ERR,ERR,ERR,ERR,ERR,ERR,ERR,ERR,ERR,ERR,ERR,ERR,ERR,ERR,ERR,ERR,ERR,ERR,ERR,ERR,ERR,ERR,ERR,ERR,ERR,ERR,ERR,ERR,ERR,ERR,ERR,ERR,ERR,ERR,ERR,ERR,ERR,ERR,ERR,ERR,ERR,ERR,ERR,50.0,60.0,100,0.0,0.0,0.0,0.0,0.0,0.0,0.0,0.0,0.0,0.0,0.0,0.0,0.0,0.0,0.0,0.0,62.0,65,20,65521,50,65476,0,300,0,0,8,20529,65476,0,0,26214,60.0,0.0,0.0,0.0,0.0,0.0
2026-05-17T16:18:27,ERR,ERR,ERR,ERR,ERR,ERR,ERR,ERR,ERR,ERR,ERR,ERR,ERR,ERR,ERR,ERR,ERR,ERR,ERR,ERR,ERR,ERR,ERR,ERR,ERR,ERR,ERR,ERR,ERR,ERR,ERR,ERR,ERR,ERR,ERR,ERR,ERR,ERR,ERR,ERR,ERR,ERR,ERR,ERR,ERR,ERR,ERR,ERR,ERR,ERR,ERR,ERR,ERR,ERR,ERR,ERR,ERR,ERR,ERR,ERR,ERR,ERR,ERR,ERR,ERR,ERR,ERR,ERR,ERR,ERR,ERR,ERR,ERR,ERR,ERR,ERR,ERR,ERR,ERR,ERR,ERR,ERR,ERR,ERR,ERR,ERR,ERR,ERR,ERR,ERR,ERR,ERR,ERR,ERR,ERR,ERR,ERR,ERR,ERR,ERR,ERR,ERR,ERR,ERR,ERR,ERR,ERR,ERR,ERR,ERR,ERR,ERR,ERR,ERR,ERR,ERR,ERR,ERR,ERR,ERR,ERR,ERR,ERR,ERR,ERR,0.0,-107615288.0,-134474944.0,0.0,0.0,1.3936040501711995e+18,7.805,0.0,0,0,4,0,8422,0.0,45,0.0,0.0,0.0,0.0,0.0,0,0,0,0,0.0,0,0,0,0,0,0,0,0,0,0,0,0,0,0,0,0,0,0,0,0,0,0,0,0,0,0,0,0,0,0,0,0,0,38,14,7,45,65476,0,300,0,0,8,21553,0.0,-107605600.0,0.0,0.0,0.0,0.0,0.0,0.0,0.0,0.0,0.0,0.0,0.0,0.0,0.0,0.0,0.0,0.0,0.0,0.0,0.0,0.0,-2.004,-2.004,-0.0,0.0,0.0,0.0,0.0,0.0,4972.0,-0.0,0.0,0.0,-107615288.0,0.0,-0.0,0.0,0.0,0.0,0.0,53,126841110528.0,0.059,0.0,0.0,0.0,0.0,0.0,0.0,0.0,0,0,0,0.0,0.0,0.0,0.0,0.0,0.0,0.0,0.0,0.0,0.0,0.0,0.0,0.0,0.0,0.0,0.0,0,-107875648.0,53,0.0,106,-107614832.0,-107350944.0,ERR,ERR,ERR,ERR,ERR,ERR,ERR,ERR,ERR,ERR,ERR,ERR,ERR,ERR,ERR,ERR,ERR,ERR,ERR,ERR,ERR,ERR,ERR,ERR,ERR,ERR,ERR,ERR,ERR,ERR,ERR,ERR,ERR,ERR,ERR,ERR,ERR,ERR,ERR,ERR,ERR,ERR,ERR,ERR,ERR,ERR,ERR,ERR,ERR,ERR,ERR,ERR,ERR,ERR,ERR,ERR,ERR,ERR,ERR,ERR,ERR,ERR,ERR,ERR,ERR,ERR,ERR,50.0,60.0,100,0.0,0.0,0.0,0.0,0.0,0.0,0.0,0.0,0.0,0.0,0.0,0.0,0.0,0.0,0.0,0.0,62.0,65,20,65521,50,65476,0,300,0,0,8,20529,65476,0,0,26214,60.0,0.0,0.0,0.0,0.0,0.0
2026-05-17T16:18:28,ERR,ERR,ERR,ERR,ERR,ERR,ERR,ERR,ERR,ERR,ERR,ERR,ERR,ERR,ERR,ERR,ERR,ERR,ERR,ERR,ERR,ERR,ERR,ERR,ERR,ERR,ERR,ERR,ERR,ERR,ERR,ERR,ERR,ERR,ERR,ERR,ERR,ERR,ERR,ERR,ERR,ERR,ERR,ERR,ERR,ERR,ERR,ERR,ERR,ERR,ERR,ERR,ERR,ERR,ERR,ERR,ERR,ERR,ERR,ERR,ERR,ERR,ERR,ERR,ERR,ERR,ERR,ERR,ERR,ERR,ERR,ERR,ERR,ERR,ERR,ERR,ERR,ERR,ERR,ERR,ERR,ERR,ERR,ERR,ERR,ERR,ERR,ERR,ERR,ERR,ERR,ERR,ERR,ERR,ERR,ERR,ERR,ERR,ERR,ERR,ERR,ERR,ERR,ERR,ERR,ERR,ERR,ERR,ERR,ERR,ERR,ERR,ERR,ERR,ERR,ERR,ERR,ERR,ERR,ERR,ERR,ERR,ERR,ERR,ERR,0.0,-107615288.0,-134474944.0,0.0,0.0,1.3936040501711995e+18,7.805,0.0,0,0,4,0,8422,0.0,45,0.0,0.0,0.0,0.0,0.0,0,0,0,0,0.0,0,0,0,0,0,0,0,0,0,0,0,0,0,0,0,0,0,0,0,0,0,0,0,0,0,0,0,0,0,0,0,0,0,38,14,7,45,65476,0,300,0,0,8,21553,0.0,-107605600.0,0.0,0.0,0.0,0.0,0.0,0.0,0.0,0.0,0.0,0.0,0.0,0.0,0.0,0.0,0.0,0.0,0.0,0.0,0.0,0.0,-2.004,-2.004,-0.0,0.0,0.0,0.0,0.0,0.0,4972.0,-0.0,0.0,0.0,-107615288.0,0.0,-0.0,0.0,0.0,0.0,0.0,53,126841110528.0,0.059,0.0,0.0,0.0,0.0,0.0,0.0,0.0,0,0,0,0.0,0.0,0.0,0.0,0.0,0.0,0.0,0.0,0.0,0.0,0.0,0.0,0.0,0.0,0.0,0.0,0,-107875648.0,53,0.0,106,-107614832.0,-107350944.0,ERR,ERR,ERR,ERR,ERR,ERR,ERR,ERR,ERR,ERR,ERR,ERR,ERR,ERR,ERR,ERR,ERR,ERR,ERR,ERR,ERR,ERR,ERR,ERR,ERR,ERR,ERR,ERR,ERR,ERR,ERR,ERR,ERR,ERR,ERR,ERR,ERR,ERR,ERR,ERR,ERR,ERR,ERR,ERR,ERR,ERR,ERR,ERR,ERR,ERR,ERR,ERR,ERR,ERR,ERR,ERR,ERR,ERR,ERR,ERR,ERR,ERR,ERR,ERR,ERR,ERR,ERR,50.0,60.0,100,0.0,0.0,0.0,0.0,0.0,0.0,0.0,0.0,0.0,0.0,0.0,0.0,0.0,0.0,0.0,0.0,62.0,65,20,65521,50,65476,0,300,0,0,8,20529,65476,0,0,26214,60.0,0.0,0.0,0.0,0.0,0.0
2026-05-17T16:18:29,ERR,ERR,ERR,ERR,ERR,ERR,ERR,ERR,ERR,ERR,ERR,ERR,ERR,ERR,ERR,ERR,ERR,ERR,ERR,ERR,ERR,ERR,ERR,ERR,ERR,ERR,ERR,ERR,ERR,ERR,ERR,ERR,ERR,ERR,ERR,ERR,ERR,ERR,ERR,ERR,ERR,ERR,ERR,ERR,ERR,ERR,ERR,ERR,ERR,ERR,ERR,ERR,ERR,ERR,ERR,ERR,ERR,ERR,ERR,ERR,ERR,ERR,ERR,ERR,ERR,ERR,ERR,ERR,ERR,ERR,ERR,ERR,ERR,ERR,ERR,ERR,ERR,ERR,ERR,ERR,ERR,ERR,ERR,ERR,ERR,ERR,ERR,ERR,ERR,ERR,ERR,ERR,ERR,ERR,ERR,ERR,ERR,ERR,ERR,ERR,ERR,ERR,ERR,ERR,ERR,ERR,ERR,ERR,ERR,ERR,ERR,ERR,ERR,ERR,ERR,ERR,ERR,ERR,ERR,ERR,ERR,ERR,ERR,ERR,ERR,0.0,-107615288.0,-134474944.0,0.0,0.0,1.3936040501711995e+18,7.805,0.0,0,0,4,0,8422,0.0,45,0.0,0.0,0.0,0.0,0.0,0,0,0,0,0.0,0,0,0,0,0,0,0,0,0,0,0,0,0,0,0,0,0,0,0,0,0,0,0,0,0,0,0,0,0,0,0,0,0,38,14,7,45,65476,0,300,0,0,8,21553,0.0,-107605600.0,0.0,0.0,0.0,0.0,0.0,0.0,0.0,0.0,0.0,0.0,0.0,0.0,0.0,0.0,0.0,0.0,0.0,0.0,0.0,0.0,-2.004,-2.004,-0.0,0.0,0.0,0.0,0.0,0.0,4972.0,-0.0,0.0,0.0,-107615288.0,0.0,-0.0,0.0,0.0,0.0,0.0,53,126841110528.0,0.059,0.0,0.0,0.0,0.0,0.0,0.0,0.0,0,0,0,0.0,0.0,0.0,0.0,0.0,0.0,0.0,0.0,0.0,0.0,0.0,0.0,0.0,0.0,0.0,0.0,0,-107875648.0,53,0.0,106,-107614832.0,-107350944.0,ERR,ERR,ERR,ERR,ERR,ERR,ERR,ERR,ERR,ERR,ERR,ERR,ERR,ERR,ERR,ERR,ERR,ERR,ERR,ERR,ERR,ERR,ERR,ERR,ERR,ERR,ERR,ERR,ERR,ERR,ERR,ERR,ERR,ERR,ERR,ERR,ERR,ERR,ERR,ERR,ERR,ERR,ERR,ERR,ERR,ERR,ERR,ERR,ERR,ERR,ERR,ERR,ERR,ERR,ERR,ERR,ERR,ERR,ERR,ERR,ERR,ERR,ERR,ERR,ERR,ERR,ERR,50.0,60.0,100,0.0,0.0,0.0,0.0,0.0,0.0,0.0,0.0,0.0,0.0,0.0,0.0,0.0,0.0,0.0,0.0,62.0,65,20,65521,50,65476,0,300,0,0,8,20529,65476,0,0,26214,60.0,0.0,0.0,0.0,0.0,0.0
2026-05-17T16:18:30,ERR,ERR,ERR,ERR,ERR,ERR,ERR,ERR,ERR,ERR,ERR,ERR,ERR,ERR,ERR,ERR,ERR,ERR,ERR,ERR,ERR,ERR,ERR,ERR,ERR,ERR,ERR,ERR,ERR,ERR,ERR,ERR,ERR,ERR,ERR,ERR,ERR,ERR,ERR,ERR,ERR,ERR,ERR,ERR,ERR,ERR,ERR,ERR,ERR,ERR,ERR,ERR,ERR,ERR,ERR,ERR,ERR,ERR,ERR,ERR,ERR,ERR,ERR,ERR,ERR,ERR,ERR,ERR,ERR,ERR,ERR,ERR,ERR,ERR,ERR,ERR,ERR,ERR,ERR,ERR,ERR,ERR,ERR,ERR,ERR,ERR,ERR,ERR,ERR,ERR,ERR,ERR,ERR,ERR,ERR,ERR,ERR,ERR,ERR,ERR,ERR,ERR,ERR,ERR,ERR,ERR,ERR,ERR,ERR,ERR,ERR,ERR,ERR,ERR,ERR,ERR,ERR,ERR,ERR,ERR,ERR,ERR,ERR,ERR,ERR,0.0,-107615288.0,-134474944.0,0.0,0.0,1.3936040501711995e+18,7.805,0.0,0,0,4,0,8422,0.0,45,0.0,0.0,0.0,0.0,0.0,0,0,0,0,0.0,0,0,0,0,0,0,0,0,0,0,0,0,0,0,0,0,0,0,0,0,0,0,0,0,0,0,0,0,0,0,0,0,0,38,14,7,45,65476,0,300,0,0,8,21553,0.0,-107605600.0,0.0,0.0,0.0,0.0,0.0,0.0,0.0,0.0,0.0,0.0,0.0,0.0,0.0,0.0,0.0,0.0,0.0,0.0,0.0,0.0,-2.004,-2.004,-0.0,0.0,0.0,0.0,0.0,0.0,4972.0,-0.0,0.0,0.0,-107615288.0,0.0,-0.0,0.0,0.0,0.0,0.0,53,126841110528.0,0.059,0.0,0.0,0.0,0.0,0.0,0.0,0.0,0,0,0,0.0,0.0,0.0,0.0,0.0,0.0,0.0,0.0,0.0,0.0,0.0,0.0,0.0,0.0,0.0,0.0,0,-107875648.0,53,0.0,106,-107614832.0,-107350944.0,ERR,ERR,ERR,ERR,ERR,ERR,ERR,ERR,ERR,ERR,ERR,ERR,ERR,ERR,ERR,ERR,ERR,ERR,ERR,ERR,ERR,ERR,ERR,ERR,ERR,ERR,ERR,ERR,ERR,ERR,ERR,ERR,ERR,ERR,ERR,ERR,ERR,ERR,ERR,ERR,ERR,ERR,ERR,ERR,ERR,ERR,ERR,ERR,ERR,ERR,ERR,ERR,ERR,ERR,ERR,ERR,ERR,ERR,ERR,ERR,ERR,ERR,ERR,ERR,ERR,ERR,ERR,50.0,60.0,100,0.0,0.0,0.0,0.0,0.0,0.0,0.0,0.0,0.0,0.0,0.0,0.0,0.0,0.0,0.0,0.0,61.6,65,20,65521,50,65476,0,300,0,0,8,20529,65476,0,0,26214,60.0,0.0,0.0,0.0,0.0,0.0
2026-05-17T16:18:31,ERR,ERR,ERR,ERR,ERR,ERR,ERR,ERR,ERR,ERR,ERR,ERR,ERR,ERR,ERR,ERR,ERR,ERR,ERR,ERR,ERR,ERR,ERR,ERR,ERR,ERR,ERR,ERR,ERR,ERR,ERR,ERR,ERR,ERR,ERR,ERR,ERR,ERR,ERR,ERR,ERR,ERR,ERR,ERR,ERR,ERR,ERR,ERR,ERR,ERR,ERR,ERR,ERR,ERR,ERR,ERR,ERR,ERR,ERR,ERR,ERR,ERR,ERR,ERR,ERR,ERR,ERR,ERR,ERR,ERR,ERR,ERR,ERR,ERR,ERR,ERR,ERR,ERR,ERR,ERR,ERR,ERR,ERR,ERR,ERR,ERR,ERR,ERR,ERR,ERR,ERR,ERR,ERR,ERR,ERR,ERR,ERR,ERR,ERR,ERR,ERR,ERR,ERR,ERR,ERR,ERR,ERR,ERR,ERR,ERR,ERR,ERR,ERR,ERR,ERR,ERR,ERR,ERR,ERR,ERR,ERR,ERR,ERR,ERR,ERR,0.0,-107615288.0,-134474944.0,0.0,0.0,1.3936040501711995e+18,7.805,0.0,0,0,4,0,8422,0.0,45,0.0,0.0,0.0,0.0,0.0,0,0,0,0,0.0,0,0,0,0,0,0,0,0,0,0,0,0,0,0,0,0,0,0,0,0,0,0,0,0,0,0,0,0,0,0,0,0,0,38,14,7,45,65476,0,300,0,0,8,21553,0.0,-107605600.0,0.0,0.0,0.0,0.0,0.0,0.0,0.0,0.0,0.0,0.0,0.0,0.0,0.0,0.0,0.0,0.0,0.0,0.0,0.0,0.0,-2.004,-2.004,-0.0,0.0,0.0,0.0,0.0,0.0,4972.0,-0.0,0.0,0.0,-107615288.0,0.0,-0.0,0.0,0.0,0.0,0.0,53,126841110528.0,0.059,0.0,0.0,0.0,0.0,0.0,0.0,0.0,0,0,0,0.0,0.0,0.0,0.0,0.0,0.0,0.0,0.0,0.0,0.0,0.0,0.0,0.0,0.0,0.0,0.0,0,-107875648.0,53,0.0,106,-107614832.0,-107350944.0,ERR,ERR,ERR,ERR,ERR,ERR,ERR,ERR,ERR,ERR,ERR,ERR,ERR,ERR,ERR,ERR,ERR,ERR,ERR,ERR,ERR,ERR,ERR,ERR,ERR,ERR,ERR,ERR,ERR,ERR,ERR,ERR,ERR,ERR,ERR,ERR,ERR,ERR,ERR,ERR,ERR,ERR,ERR,ERR,ERR,ERR,ERR,ERR,ERR,ERR,ERR,ERR,ERR,ERR,ERR,ERR,ERR,ERR,ERR,ERR,ERR,ERR,ERR,ERR,ERR,ERR,ERR,50.0,60.0,100,0.0,0.0,0.0,0.0,0.0,0.0,0.0,0.0,0.0,0.0,0.0,0.0,0.0,0.0,0.0,0.0,61.6,65,20,65521,50,65476,0,300,0,0,8,20529,65476,0,0,26214,60.0,0.0,0.0,0.0,0.0,0.0
2026-05-17T16:18:32,ERR,ERR,ERR,ERR,ERR,ERR,ERR,ERR,ERR,ERR,ERR,ERR,ERR,ERR,ERR,ERR,ERR,ERR,ERR,ERR,ERR,ERR,ERR,ERR,ERR,ERR,ERR,ERR,ERR,ERR,ERR,ERR,ERR,ERR,ERR,ERR,ERR,ERR,ERR,ERR,ERR,ERR,ERR,ERR,ERR,ERR,ERR,ERR,ERR,ERR,ERR,ERR,ERR,ERR,ERR,ERR,ERR,ERR,ERR,ERR,ERR,ERR,ERR,ERR,ERR,ERR,ERR,ERR,ERR,ERR,ERR,ERR,ERR,ERR,ERR,ERR,ERR,ERR,ERR,ERR,ERR,ERR,ERR,ERR,ERR,ERR,ERR,ERR,ERR,ERR,ERR,ERR,ERR,ERR,ERR,ERR,ERR,ERR,ERR,ERR,ERR,ERR,ERR,ERR,ERR,ERR,ERR,ERR,ERR,ERR,ERR,ERR,ERR,ERR,ERR,ERR,ERR,ERR,ERR,ERR,ERR,ERR,ERR,ERR,ERR,0.0,-107615288.0,-134474944.0,0.0,0.0,1.3936040501711995e+18,7.805,0.0,0,0,4,0,8422,0.0,45,0.0,0.0,0.0,0.0,0.0,0,0,0,0,0.0,0,0,0,0,0,0,0,0,0,0,0,0,0,0,0,0,0,0,0,0,0,0,0,0,0,0,0,0,0,0,0,0,0,38,14,7,45,65476,0,300,0,0,8,21553,0.0,-107605600.0,0.0,0.0,0.0,0.0,0.0,0.0,0.0,0.0,0.0,0.0,0.0,0.0,0.0,0.0,0.0,0.0,0.0,0.0,0.0,0.0,-2.004,-2.004,-0.0,0.0,0.0,0.0,0.0,0.0,4974.0,-0.0,0.0,0.0,-107615288.0,0.0,-0.0,0.0,0.0,0.0,0.0,53,1.9056979486756045e+17,0.0,0.0,0.0,0.0,0.0,0.0,0.0,0.0,0,0,0,0.0,0.0,0.0,0.0,0.0,0.0,0.0,0.0,0.0,0.0,0.0,0.0,0.0,0.0,0.0,0.0,0,-107875648.0,53,0.0,106,-107614832.0,-107350944.0,ERR,ERR,ERR,ERR,ERR,ERR,ERR,ERR,ERR,ERR,ERR,ERR,ERR,ERR,ERR,ERR,ERR,ERR,ERR,ERR,ERR,ERR,ERR,ERR,ERR,ERR,ERR,ERR,ERR,ERR,ERR,ERR,ERR,ERR,ERR,ERR,ERR,ERR,ERR,ERR,ERR,ERR,ERR,ERR,ERR,ERR,ERR,ERR,ERR,ERR,ERR,ERR,ERR,ERR,ERR,ERR,ERR,ERR,ERR,ERR,ERR,ERR,ERR,ERR,ERR,ERR,ERR,50.0,60.0,100,0.0,0.0,0.0,0.0,0.0,0.0,0.0,0.0,0.0,0.0,0.0,0.0,0.0,0.0,0.0,0.0,61.6,65,20,65521,50,65476,0,300,0,0,8,20529,65476,0,0,26214,60.0,0.0,0.0,0.0,0.0,0.0
2026-05-17T16:18:33,ERR,ERR,ERR,ERR,ERR,ERR,ERR,ERR,ERR,ERR,ERR,ERR,ERR,ERR,ERR,ERR,ERR,ERR,ERR,ERR,ERR,ERR,ERR,ERR,ERR,ERR,ERR,ERR,ERR,ERR,ERR,ERR,ERR,ERR,ERR,ERR,ERR,ERR,ERR,ERR,ERR,ERR,ERR,ERR,ERR,ERR,ERR,ERR,ERR,ERR,ERR,ERR,ERR,ERR,ERR,ERR,ERR,ERR,ERR,ERR,ERR,ERR,ERR,ERR,ERR,ERR,ERR,ERR,ERR,ERR,ERR,ERR,ERR,ERR,ERR,ERR,ERR,ERR,ERR,ERR,ERR,ERR,ERR,ERR,ERR,ERR,ERR,ERR,ERR,ERR,ERR,ERR,ERR,ERR,ERR,ERR,ERR,ERR,ERR,ERR,ERR,ERR,ERR,ERR,ERR,ERR,ERR,ERR,ERR,ERR,ERR,ERR,ERR,ERR,ERR,ERR,ERR,ERR,ERR,ERR,ERR,ERR,ERR,ERR,ERR,0.0,-107615288.0,-134474944.0,0.0,0.0,1.3936040501711995e+18,7.805,0.0,0,0,4,0,8422,0.0,45,0.0,0.0,0.0,0.0,0.0,0,0,0,0,0.0,0,0,0,0,0,0,0,0,0,0,0,0,0,0,0,0,0,0,0,0,0,0,0,0,0,0,0,0,0,0,0,0,0,38,14,7,45,65476,0,300,0,0,8,21553,0.0,-107605600.0,0.0,0.0,0.0,0.0,0.0,0.0,0.0,0.0,0.0,0.0,0.0,0.0,0.0,0.0,0.0,0.0,0.0,0.0,0.0,0.0,-2.004,-2.004,-0.0,0.0,0.0,0.0,0.0,0.0,4974.0,-0.0,0.0,0.0,-107615288.0,0.0,-0.0,0.0,0.0,0.0,0.0,53,1.9056979486756045e+17,0.0,0.0,0.0,0.0,0.0,0.0,0.0,0.0,0,0,0,0.0,0.0,0.0,0.0,0.0,0.0,0.0,0.0,0.0,0.0,0.0,0.0,0.0,0.0,0.0,0.0,0,-107875648.0,53,0.0,106,-107614832.0,-107350944.0,ERR,ERR,ERR,ERR,ERR,ERR,ERR,ERR,ERR,ERR,ERR,ERR,ERR,ERR,ERR,ERR,ERR,ERR,ERR,ERR,ERR,ERR,ERR,ERR,ERR,ERR,ERR,ERR,ERR,ERR,ERR,ERR,ERR,ERR,ERR,ERR,ERR,ERR,ERR,ERR,ERR,ERR,ERR,ERR,ERR,ERR,ERR,ERR,ERR,ERR,ERR,ERR,ERR,ERR,ERR,ERR,ERR,ERR,ERR,ERR,ERR,ERR,ERR,ERR,ERR,ERR,ERR,50.0,60.0,100,0.0,0.0,0.0,0.0,0.0,0.0,0.0,0.0,0.0,0.0,0.0,0.0,0.0,0.0,0.0,0.0,61.6,65,20,65521,50,65476,0,300,0,0,8,20529,65476,0,0,26214,60.0,0.0,0.0,0.0,0.0,0.0
2026-05-17T16:18:34,ERR,ERR,ERR,ERR,ERR,ERR,ERR,ERR,ERR,ERR,ERR,ERR,ERR,ERR,ERR,ERR,ERR,ERR,ERR,ERR,ERR,ERR,ERR,ERR,ERR,ERR,ERR,ERR,ERR,ERR,ERR,ERR,ERR,ERR,ERR,ERR,ERR,ERR,ERR,ERR,ERR,ERR,ERR,ERR,ERR,ERR,ERR,ERR,ERR,ERR,ERR,ERR,ERR,ERR,ERR,ERR,ERR,ERR,ERR,ERR,ERR,ERR,ERR,ERR,ERR,ERR,ERR,ERR,ERR,ERR,ERR,ERR,ERR,ERR,ERR,ERR,ERR,ERR,ERR,ERR,ERR,ERR,ERR,ERR,ERR,ERR,ERR,ERR,ERR,ERR,ERR,ERR,ERR,ERR,ERR,ERR,ERR,ERR,ERR,ERR,ERR,ERR,ERR,ERR,ERR,ERR,ERR,ERR,ERR,ERR,ERR,ERR,ERR,ERR,ERR,ERR,ERR,ERR,ERR,ERR,ERR,ERR,ERR,ERR,ERR,0.0,-107615288.0,-134474944.0,0.0,0.0,1.3936040501711995e+18,7.805,0.0,0,0,4,0,8422,0.0,45,0.0,0.0,0.0,0.0,0.0,0,0,0,0,0.0,0,0,0,0,0,0,0,0,0,0,0,0,0,0,0,0,0,0,0,0,0,0,0,0,0,0,0,0,0,0,0,0,0,38,14,7,45,65476,0,300,0,0,8,21553,0.0,-107605600.0,0.0,0.0,0.0,0.0,0.0,0.0,0.0,0.0,0.0,0.0,0.0,0.0,0.0,0.0,0.0,0.0,0.0,0.0,0.0,0.0,-2.004,-2.004,-0.0,0.0,0.0,0.0,0.0,0.0,4974.0,-0.0,0.0,0.0,-107615288.0,0.0,-0.0,0.0,0.0,0.0,0.0,53,1.9056979486756045e+17,0.0,0.0,0.0,0.0,0.0,0.0,0.0,0.0,0,0,0,0.0,0.0,0.0,0.0,0.0,0.0,0.0,0.0,0.0,0.0,0.0,0.0,0.0,0.0,0.0,0.0,0,-107875648.0,53,0.0,106,-107614832.0,-107350944.0,ERR,ERR,ERR,ERR,ERR,ERR,ERR,ERR,ERR,ERR,ERR,ERR,ERR,ERR,ERR,ERR,ERR,ERR,ERR,ERR,ERR,ERR,ERR,ERR,ERR,ERR,ERR,ERR,ERR,ERR,ERR,ERR,ERR,ERR,ERR,ERR,ERR,ERR,ERR,ERR,ERR,ERR,ERR,ERR,ERR,ERR,ERR,ERR,ERR,ERR,ERR,ERR,ERR,ERR,ERR,ERR,ERR,ERR,ERR,ERR,ERR,ERR,ERR,ERR,ERR,ERR,ERR,50.0,60.0,100,0.0,0.0,0.0,0.0,0.0,0.0,0.0,0.0,0.0,0.0,0.0,0.0,0.0,0.0,0.0,0.0,61.6,65,20,65521,50,65476,0,300,0,0,8,20529,65476,0,0,26214,60.0,0.0,0.0,0.0,0.0,0.0
2026-05-17T16:18:35,ERR,ERR,ERR,ERR,ERR,ERR,ERR,ERR,ERR,ERR,ERR,ERR,ERR,ERR,ERR,ERR,ERR,ERR,ERR,ERR,ERR,ERR,ERR,ERR,ERR,ERR,ERR,ERR,ERR,ERR,ERR,ERR,ERR,ERR,ERR,ERR,ERR,ERR,ERR,ERR,ERR,ERR,ERR,ERR,ERR,ERR,ERR,ERR,ERR,ERR,ERR,ERR,ERR,ERR,ERR,ERR,ERR,ERR,ERR,ERR,ERR,ERR,ERR,ERR,ERR,ERR,ERR,ERR,ERR,ERR,ERR,ERR,ERR,ERR,ERR,ERR,ERR,ERR,ERR,ERR,ERR,ERR,ERR,ERR,ERR,ERR,ERR,ERR,ERR,ERR,ERR,ERR,ERR,ERR,ERR,ERR,ERR,ERR,ERR,ERR,ERR,ERR,ERR,ERR,ERR,ERR,ERR,ERR,ERR,ERR,ERR,ERR,ERR,ERR,ERR,ERR,ERR,ERR,ERR,ERR,ERR,ERR,ERR,ERR,ERR,0.0,-107615288.0,-134474944.0,0.0,0.0,1.3936040501711995e+18,7.805,0.0,0,0,4,0,8422,0.0,45,0.0,0.0,0.0,0.0,0.0,0,0,0,0,0.0,0,0,0,0,0,0,0,0,0,0,0,0,0,0,0,0,0,0,0,0,0,0,0,0,0,0,0,0,0,0,0,0,0,38,14,7,45,65476,0,300,0,0,8,21553,0.0,-107605600.0,0.0,0.0,0.0,0.0,0.0,0.0,0.0,0.0,0.0,0.0,0.0,0.0,0.0,0.0,0.0,0.0,0.0,0.0,0.0,0.0,-2.004,-2.004,-0.0,0.0,0.0,0.0,0.0,0.0,4974.0,-0.0,0.0,0.0,-107615288.0,0.0,-0.0,0.0,0.0,0.0,0.0,53,1.9056979486756045e+17,0.0,0.0,0.0,0.0,0.0,0.0,0.0,0.0,0,0,0,0.0,0.0,0.0,0.0,0.0,0.0,0.0,0.0,0.0,0.0,0.0,0.0,0.0,0.0,0.0,0.0,0,-107875648.0,53,0.0,106,-107614832.0,-107350944.0,ERR,ERR,ERR,ERR,ERR,ERR,ERR,ERR,ERR,ERR,ERR,ERR,ERR,ERR,ERR,ERR,ERR,ERR,ERR,ERR,ERR,ERR,ERR,ERR,ERR,ERR,ERR,ERR,ERR,ERR,ERR,ERR,ERR,ERR,ERR,ERR,ERR,ERR,ERR,ERR,ERR,ERR,ERR,ERR,ERR,ERR,ERR,ERR,ERR,ERR,ERR,ERR,ERR,ERR,ERR,ERR,ERR,ERR,ERR,ERR,ERR,ERR,ERR,ERR,ERR,ERR,ERR,50.0,60.0,100,0.0,0.0,0.0,0.0,0.0,0.0,0.0,0.0,0.0,0.0,0.0,0.0,0.0,0.0,0.0,0.0,62.0,65,20,65521,50,65476,0,300,0,0,8,20529,65476,0,0,26214,60.0,0.0,0.0,0.0,0.0,0.0
2026-05-17T16:18:36,ERR,ERR,ERR,ERR,ERR,ERR,ERR,ERR,ERR,ERR,ERR,ERR,ERR,ERR,ERR,ERR,ERR,ERR,ERR,ERR,ERR,ERR,ERR,ERR,ERR,ERR,ERR,ERR,ERR,ERR,ERR,ERR,ERR,ERR,ERR,ERR,ERR,ERR,ERR,ERR,ERR,ERR,ERR,ERR,ERR,ERR,ERR,ERR,ERR,ERR,ERR,ERR,ERR,ERR,ERR,ERR,ERR,ERR,ERR,ERR,ERR,ERR,ERR,ERR,ERR,ERR,ERR,ERR,ERR,ERR,ERR,ERR,ERR,ERR,ERR,ERR,ERR,ERR,ERR,ERR,ERR,ERR,ERR,ERR,ERR,ERR,ERR,ERR,ERR,ERR,ERR,ERR,ERR,ERR,ERR,ERR,ERR,ERR,ERR,ERR,ERR,ERR,ERR,ERR,ERR,ERR,ERR,ERR,ERR,ERR,ERR,ERR,ERR,ERR,ERR,ERR,ERR,ERR,ERR,ERR,ERR,ERR,ERR,ERR,ERR,0.0,-107615288.0,-134474944.0,0.0,0.0,1.3936040501711995e+18,7.805,0.0,0,0,4,0,8422,0.0,45,0.0,0.0,0.0,0.0,0.0,0,0,0,0,0.0,0,0,0,0,0,0,0,0,0,0,0,0,0,0,0,0,0,0,0,0,0,0,0,0,0,0,0,0,0,0,0,0,0,38,14,7,45,65476,0,300,0,0,8,21553,0.0,-107605600.0,0.0,0.0,0.0,0.0,0.0,0.0,0.0,0.0,0.0,0.0,0.0,0.0,0.0,0.0,0.0,0.0,0.0,0.0,0.0,0.0,-2.004,-2.004,-0.0,0.0,0.0,0.0,0.0,0.0,4974.0,-0.0,0.0,0.0,-107615288.0,0.0,-0.0,0.0,0.0,0.0,0.0,53,1.9056979486756045e+17,0.0,0.0,0.0,0.0,0.0,0.0,0.0,0.0,0,0,0,0.0,0.0,0.0,0.0,0.0,0.0,0.0,0.0,0.0,0.0,0.0,0.0,0.0,0.0,0.0,0.0,0,-107875648.0,53,0.0,106,-107614832.0,-107350944.0,ERR,ERR,ERR,ERR,ERR,ERR,ERR,ERR,ERR,ERR,ERR,ERR,ERR,ERR,ERR,ERR,ERR,ERR,ERR,ERR,ERR,ERR,ERR,ERR,ERR,ERR,ERR,ERR,ERR,ERR,ERR,ERR,ERR,ERR,ERR,ERR,ERR,ERR,ERR,ERR,ERR,ERR,ERR,ERR,ERR,ERR,ERR,ERR,ERR,ERR,ERR,ERR,ERR,ERR,ERR,ERR,ERR,ERR,ERR,ERR,ERR,ERR,ERR,ERR,ERR,ERR,ERR,50.0,60.0,100,0.0,0.0,0.0,0.0,0.0,0.0,0.0,0.0,0.0,0.0,0.0,0.0,0.0,0.0,0.0,0.0,62.0,65,20,65521,50,65476,0,300,0,0,8,20529,65476,0,0,26214,60.0,0.0,0.0,0.0,0.0,0.0
2026-05-17T16:18:37,ERR,ERR,ERR,ERR,ERR,ERR,ERR,ERR,ERR,ERR,ERR,ERR,ERR,ERR,ERR,ERR,ERR,ERR,ERR,ERR,ERR,ERR,ERR,ERR,ERR,ERR,ERR,ERR,ERR,ERR,ERR,ERR,ERR,ERR,ERR,ERR,ERR,ERR,ERR,ERR,ERR,ERR,ERR,ERR,ERR,ERR,ERR,ERR,ERR,ERR,ERR,ERR,ERR,ERR,ERR,ERR,ERR,ERR,ERR,ERR,ERR,ERR,ERR,ERR,ERR,ERR,ERR,ERR,ERR,ERR,ERR,ERR,ERR,ERR,ERR,ERR,ERR,ERR,ERR,ERR,ERR,ERR,ERR,ERR,ERR,ERR,ERR,ERR,ERR,ERR,ERR,ERR,ERR,ERR,ERR,ERR,ERR,ERR,ERR,ERR,ERR,ERR,ERR,ERR,ERR,ERR,ERR,ERR,ERR,ERR,ERR,ERR,ERR,ERR,ERR,ERR,ERR,ERR,ERR,ERR,ERR,ERR,ERR,ERR,ERR,0.0,-107615288.0,-134474944.0,0.0,0.0,1.3936040501711995e+18,7.805,0.0,0,0,4,0,8422,0.0,45,0.0,0.0,0.0,0.0,0.0,0,0,0,0,0.0,0,0,0,0,0,0,0,0,0,0,0,0,0,0,0,0,0,0,0,0,0,0,0,0,0,0,0,0,0,0,0,0,0,38,14,7,45,65476,0,300,0,0,8,21553,0.0,-107605600.0,0.0,0.0,0.0,0.0,0.0,0.0,0.0,0.0,0.0,0.0,0.0,0.0,0.0,0.0,0.0,0.0,0.0,0.0,0.0,0.0,-2.004,-2.004,-0.0,0.0,0.0,0.0,0.0,0.0,5003.0,0.0,0.0,0.0,-107615288.0,0.0,-0.0,0.0,0.0,0.0,0.0,53,107615344.0,-107614776.0,0.0,0.0,0.0,0.0,0.0,0.0,0.0,0,0,0,0.0,0.0,0.0,0.0,0.0,0.0,0.0,0.0,0.0,0.0,0.0,0.0,0.0,0.0,0.0,0.0,0,-107875648.0,53,0.0,106,-107614832.0,-107350944.0,ERR,ERR,ERR,ERR,ERR,ERR,ERR,ERR,ERR,ERR,ERR,ERR,ERR,ERR,ERR,ERR,ERR,ERR,ERR,ERR,ERR,ERR,ERR,ERR,ERR,ERR,ERR,ERR,ERR,ERR,ERR,ERR,ERR,ERR,ERR,ERR,ERR,ERR,ERR,ERR,ERR,ERR,ERR,ERR,ERR,ERR,ERR,ERR,ERR,ERR,ERR,ERR,ERR,ERR,ERR,ERR,ERR,ERR,ERR,ERR,ERR,ERR,ERR,ERR,ERR,ERR,ERR,50.0,60.0,100,0.0,0.0,0.0,0.0,0.0,0.0,0.0,0.0,0.0,0.0,0.0,0.0,0.0,0.0,0.0,0.0,62.0,65,20,65521,50,65476,0,300,0,0,8,20529,65476,0,0,26214,60.0,0.0,0.0,0.0,0.0,0.0
2026-05-17T16:18:38,ERR,ERR,ERR,ERR,ERR,ERR,ERR,ERR,ERR,ERR,ERR,ERR,ERR,ERR,ERR,ERR,ERR,ERR,ERR,ERR,ERR,ERR,ERR,ERR,ERR,ERR,ERR,ERR,ERR,ERR,ERR,ERR,ERR,ERR,ERR,ERR,ERR,ERR,ERR,ERR,ERR,ERR,ERR,ERR,ERR,ERR,ERR,ERR,ERR,ERR,ERR,ERR,ERR,ERR,ERR,ERR,ERR,ERR,ERR,ERR,ERR,ERR,ERR,ERR,ERR,ERR,ERR,ERR,ERR,ERR,ERR,ERR,ERR,ERR,ERR,ERR,ERR,ERR,ERR,ERR,ERR,ERR,ERR,ERR,ERR,ERR,ERR,ERR,ERR,ERR,ERR,ERR,ERR,ERR,ERR,ERR,ERR,ERR,ERR,ERR,ERR,ERR,ERR,ERR,ERR,ERR,ERR,ERR,ERR,ERR,ERR,ERR,ERR,ERR,ERR,ERR,ERR,ERR,ERR,ERR,ERR,ERR,ERR,ERR,ERR,0.0,-107615288.0,-134474944.0,0.0,0.0,1.3936040501711995e+18,7.805,0.0,0,0,4,0,8422,0.0,45,0.0,0.0,0.0,0.0,0.0,0,0,0,0,0.0,0,0,0,0,0,0,0,0,0,0,0,0,0,0,0,0,0,0,0,0,0,0,0,0,0,0,0,0,0,0,0,0,0,38,14,7,45,65476,0,300,0,0,8,21553,0.0,-107605600.0,0.0,0.0,0.0,0.0,0.0,0.0,0.0,0.0,0.0,0.0,0.0,0.0,0.0,0.0,0.0,0.0,0.0,0.0,0.0,0.0,-2.004,-2.004,-0.0,0.0,0.0,0.0,0.0,0.0,5003.0,0.0,0.0,0.0,-107615288.0,0.0,-0.0,0.0,0.0,0.0,0.0,53,107615344.0,-107614776.0,0.0,0.0,0.0,0.0,0.0,0.0,0.0,0,0,0,0.0,0.0,0.0,0.0,0.0,0.0,0.0,0.0,0.0,0.0,0.0,0.0,0.0,0.0,0.0,0.0,0,-107875648.0,53,0.0,106,-107614832.0,-107350944.0,ERR,ERR,ERR,ERR,ERR,ERR,ERR,ERR,ERR,ERR,ERR,ERR,ERR,ERR,ERR,ERR,ERR,ERR,ERR,ERR,ERR,ERR,ERR,ERR,ERR,ERR,ERR,ERR,ERR,ERR,ERR,ERR,ERR,ERR,ERR,ERR,ERR,ERR,ERR,ERR,ERR,ERR,ERR,ERR,ERR,ERR,ERR,ERR,ERR,ERR,ERR,ERR,ERR,ERR,ERR,ERR,ERR,ERR,ERR,ERR,ERR,ERR,ERR,ERR,ERR,ERR,ERR,50.0,60.0,100,0.0,0.0,0.0,0.0,0.0,0.0,0.0,0.0,0.0,0.0,0.0,0.0,0.0,0.0,0.0,0.0,62.0,65,20,65521,50,65476,0,300,0,0,8,20529,65476,0,0,26214,60.0,0.0,0.0,0.0,0.0,0.0
2026-05-17T16:18:39,ERR,ERR,ERR,ERR,ERR,ERR,ERR,ERR,ERR,ERR,ERR,ERR,ERR,ERR,ERR,ERR,ERR,ERR,ERR,ERR,ERR,ERR,ERR,ERR,ERR,ERR,ERR,ERR,ERR,ERR,ERR,ERR,ERR,ERR,ERR,ERR,ERR,ERR,ERR,ERR,ERR,ERR,ERR,ERR,ERR,ERR,ERR,ERR,ERR,ERR,ERR,ERR,ERR,ERR,ERR,ERR,ERR,ERR,ERR,ERR,ERR,ERR,ERR,ERR,ERR,ERR,ERR,ERR,ERR,ERR,ERR,ERR,ERR,ERR,ERR,ERR,ERR,ERR,ERR,ERR,ERR,ERR,ERR,ERR,ERR,ERR,ERR,ERR,ERR,ERR,ERR,ERR,ERR,ERR,ERR,ERR,ERR,ERR,ERR,ERR,ERR,ERR,ERR,ERR,ERR,ERR,ERR,ERR,ERR,ERR,ERR,ERR,ERR,ERR,ERR,ERR,ERR,ERR,ERR,ERR,ERR,ERR,ERR,ERR,ERR,0.0,-107615288.0,-134474944.0,0.0,0.0,1.3936040501711995e+18,7.805,0.0,0,0,4,0,8422,0.0,45,0.0,0.0,0.0,0.0,0.0,0,0,0,0,0.0,0,0,0,0,0,0,0,0,0,0,0,0,0,0,0,0,0,0,0,0,0,0,0,0,0,0,0,0,0,0,0,0,0,38,14,7,45,65476,0,300,0,0,8,21553,0.0,-107605600.0,0.0,0.0,0.0,0.0,0.0,0.0,0.0,0.0,0.0,0.0,0.0,0.0,0.0,0.0,0.0,0.0,0.0,0.0,0.0,0.0,-2.004,-2.004,-0.0,0.0,0.0,0.0,0.0,0.0,5003.0,0.0,0.0,0.0,-107615288.0,0.0,-0.0,0.0,0.0,0.0,0.0,53,107615344.0,-107614776.0,0.0,0.0,0.0,0.0,0.0,0.0,0.0,0,0,0,0.0,0.0,0.0,0.0,0.0,0.0,0.0,0.0,0.0,0.0,0.0,0.0,0.0,0.0,0.0,0.0,0,-107875648.0,53,0.0,106,-107614832.0,-107350944.0,ERR,ERR,ERR,ERR,ERR,ERR,ERR,ERR,ERR,ERR,ERR,ERR,ERR,ERR,ERR,ERR,ERR,ERR,ERR,ERR,ERR,ERR,ERR,ERR,ERR,ERR,ERR,ERR,ERR,ERR,ERR,ERR,ERR,ERR,ERR,ERR,ERR,ERR,ERR,ERR,ERR,ERR,ERR,ERR,ERR,ERR,ERR,ERR,ERR,ERR,ERR,ERR,ERR,ERR,ERR,ERR,ERR,ERR,ERR,ERR,ERR,ERR,ERR,ERR,ERR,ERR,ERR,50.0,60.0,100,0.0,0.0,0.0,0.0,0.0,0.0,0.0,0.0,0.0,0.0,0.0,0.0,0.0,0.0,0.0,0.0,61.6,65,20,65521,50,65476,0,300,0,0,8,20529,65476,0,0,26214,60.0,0.0,0.0,0.0,0.0,0.0
2026-05-17T16:18:40,ERR,ERR,ERR,ERR,ERR,ERR,ERR,ERR,ERR,ERR,ERR,ERR,ERR,ERR,ERR,ERR,ERR,ERR,ERR,ERR,ERR,ERR,ERR,ERR,ERR,ERR,ERR,ERR,ERR,ERR,ERR,ERR,ERR,ERR,ERR,ERR,ERR,ERR,ERR,ERR,ERR,ERR,ERR,ERR,ERR,ERR,ERR,ERR,ERR,ERR,ERR,ERR,ERR,ERR,ERR,ERR,ERR,ERR,ERR,ERR,ERR,ERR,ERR,ERR,ERR,ERR,ERR,ERR,ERR,ERR,ERR,ERR,ERR,ERR,ERR,ERR,ERR,ERR,ERR,ERR,ERR,ERR,ERR,ERR,ERR,ERR,ERR,ERR,ERR,ERR,ERR,ERR,ERR,ERR,ERR,ERR,ERR,ERR,ERR,ERR,ERR,ERR,ERR,ERR,ERR,ERR,ERR,ERR,ERR,ERR,ERR,ERR,ERR,ERR,ERR,ERR,ERR,ERR,ERR,ERR,ERR,ERR,ERR,ERR,ERR,0.0,-107615288.0,-134474944.0,0.0,0.0,1.3936040501711995e+18,7.805,0.0,0,0,4,0,8422,0.0,45,0.0,0.0,0.0,0.0,0.0,0,0,0,0,0.0,0,0,0,0,0,0,0,0,0,0,0,0,0,0,0,0,0,0,0,0,0,0,0,0,0,0,0,0,0,0,0,0,0,38,14,7,45,65476,0,300,0,0,8,21553,0.0,-107605600.0,0.0,0.0,0.0,0.0,0.0,0.0,0.0,0.0,0.0,0.0,0.0,0.0,0.0,0.0,0.0,0.0,0.0,0.0,0.0,0.0,-2.004,-2.004,-0.0,0.0,0.0,0.0,0.0,0.0,5003.0,0.0,0.0,0.0,-107615288.0,0.0,-0.0,0.0,0.0,0.0,0.0,53,107615344.0,-107614776.0,0.0,0.0,0.0,0.0,0.0,0.0,0.0,0,0,0,0.0,0.0,0.0,0.0,0.0,0.0,0.0,0.0,0.0,0.0,0.0,0.0,0.0,0.0,0.0,0.0,0,-107875648.0,53,0.0,106,-107614832.0,-107350944.0,ERR,ERR,ERR,ERR,ERR,ERR,ERR,ERR,ERR,ERR,ERR,ERR,ERR,ERR,ERR,ERR,ERR,ERR,ERR,ERR,ERR,ERR,ERR,ERR,ERR,ERR,ERR,ERR,ERR,ERR,ERR,ERR,ERR,ERR,ERR,ERR,ERR,ERR,ERR,ERR,ERR,ERR,ERR,ERR,ERR,ERR,ERR,ERR,ERR,ERR,ERR,ERR,ERR,ERR,ERR,ERR,ERR,ERR,ERR,ERR,ERR,ERR,ERR,ERR,ERR,ERR,ERR,50.0,60.0,100,0.0,0.0,0.0,0.0,0.0,0.0,0.0,0.0,0.0,0.0,0.0,0.0,0.0,0.0,0.0,0.0,61.6,65,20,65521,50,65476,0,300,0,0,8,20529,65476,0,0,26214,60.0,0.0,0.0,0.0,0.0,0.0
2026-05-17T16:18:41,ERR,ERR,ERR,ERR,ERR,ERR,ERR,ERR,ERR,ERR,ERR,ERR,ERR,ERR,ERR,ERR,ERR,ERR,ERR,ERR,ERR,ERR,ERR,ERR,ERR,ERR,ERR,ERR,ERR,ERR,ERR,ERR,ERR,ERR,ERR,ERR,ERR,ERR,ERR,ERR,ERR,ERR,ERR,ERR,ERR,ERR,ERR,ERR,ERR,ERR,ERR,ERR,ERR,ERR,ERR,ERR,ERR,ERR,ERR,ERR,ERR,ERR,ERR,ERR,ERR,ERR,ERR,ERR,ERR,ERR,ERR,ERR,ERR,ERR,ERR,ERR,ERR,ERR,ERR,ERR,ERR,ERR,ERR,ERR,ERR,ERR,ERR,ERR,ERR,ERR,ERR,ERR,ERR,ERR,ERR,ERR,ERR,ERR,ERR,ERR,ERR,ERR,ERR,ERR,ERR,ERR,ERR,ERR,ERR,ERR,ERR,ERR,ERR,ERR,ERR,ERR,ERR,ERR,ERR,ERR,ERR,ERR,ERR,ERR,ERR,0.0,-107615288.0,-134474944.0,0.0,0.0,1.3936040501711995e+18,7.805,0.0,0,0,4,0,8422,0.0,45,0.0,0.0,0.0,0.0,0.0,0,0,0,0,0.0,0,0,0,0,0,0,0,0,0,0,0,0,0,0,0,0,0,0,0,0,0,0,0,0,0,0,0,0,0,0,0,0,0,38,14,7,45,65476,0,300,0,0,8,21553,0.0,-107605600.0,0.0,0.0,0.0,0.0,0.0,0.0,0.0,0.0,0.0,0.0,0.0,0.0,0.0,0.0,0.0,0.0,0.0,0.0,0.0,0.0,-2.004,-2.004,-0.0,0.0,0.0,0.0,0.0,0.0,5003.0,0.0,0.0,0.0,-107615288.0,0.0,-0.0,0.0,0.0,0.0,0.0,53,107615344.0,-107614776.0,0.0,0.0,0.0,0.0,0.0,0.0,0.0,0,0,0,0.0,0.0,0.0,0.0,0.0,0.0,0.0,0.0,0.0,0.0,0.0,0.0,0.0,0.0,0.0,0.0,0,-107875648.0,53,0.0,106,-107614832.0,-107350944.0,ERR,ERR,ERR,ERR,ERR,ERR,ERR,ERR,ERR,ERR,ERR,ERR,ERR,ERR,ERR,ERR,ERR,ERR,ERR,ERR,ERR,ERR,ERR,ERR,ERR,ERR,ERR,ERR,ERR,ERR,ERR,ERR,ERR,ERR,ERR,ERR,ERR,ERR,ERR,ERR,ERR,ERR,ERR,ERR,ERR,ERR,ERR,ERR,ERR,ERR,ERR,ERR,ERR,ERR,ERR,ERR,ERR,ERR,ERR,ERR,ERR,ERR,ERR,ERR,ERR,ERR,ERR,50.0,60.0,100,0.0,0.0,0.0,0.0,0.0,0.0,0.0,0.0,0.0,0.0,0.0,0.0,0.0,0.0,0.0,0.0,61.6,65,20,65521,50,65476,0,300,0,0,8,20529,65476,0,0,26214,60.0,0.0,0.0,0.0,0.0,0.0
2026-05-17T16:18:42,ERR,ERR,ERR,ERR,ERR,ERR,ERR,ERR,ERR,ERR,ERR,ERR,ERR,ERR,ERR,ERR,ERR,ERR,ERR,ERR,ERR,ERR,ERR,ERR,ERR,ERR,ERR,ERR,ERR,ERR,ERR,ERR,ERR,ERR,ERR,ERR,ERR,ERR,ERR,ERR,ERR,ERR,ERR,ERR,ERR,ERR,ERR,ERR,ERR,ERR,ERR,ERR,ERR,ERR,ERR,ERR,ERR,ERR,ERR,ERR,ERR,ERR,ERR,ERR,ERR,ERR,ERR,ERR,ERR,ERR,ERR,ERR,ERR,ERR,ERR,ERR,ERR,ERR,ERR,ERR,ERR,ERR,ERR,ERR,ERR,ERR,ERR,ERR,ERR,ERR,ERR,ERR,ERR,ERR,ERR,ERR,ERR,ERR,ERR,ERR,ERR,ERR,ERR,ERR,ERR,ERR,ERR,ERR,ERR,ERR,ERR,ERR,ERR,ERR,ERR,ERR,ERR,ERR,ERR,ERR,ERR,ERR,ERR,ERR,ERR,0.0,-107615288.0,-134474944.0,0.0,0.0,1.3936040501711995e+18,7.805,0.0,0,0,4,0,8422,0.0,45,0.0,0.0,0.0,0.0,0.0,0,0,0,0,0.0,0,0,0,0,0,0,0,0,0,0,0,0,0,0,0,0,0,0,0,0,0,0,0,0,0,0,0,0,0,0,0,0,0,38,14,7,45,65476,0,300,0,0,8,21553,0.0,-107605600.0,0.0,0.0,0.0,0.0,0.0,0.0,0.0,0.0,0.0,0.0,0.0,0.0,0.0,0.0,0.0,0.0,0.0,0.0,0.0,0.0,0.0,-2.004,-0.0,0.0,0.0,0.0,0.0,0.0,5039.0,0.0,0.0,0.0,-107615288.0,0.0,-0.0,0.0,0.0,0.0,0.0,53,2.3088403658719416e+20,0.0,0.0,0.0,0.0,0.0,0.0,0.0,0.0,0,0,0,0.0,0.0,0.0,0.0,0.0,0.0,0.0,0.0,0.0,0.0,0.0,0.0,0.0,0.0,0.0,0.0,0,-107875648.0,53,0.0,106,-107614832.0,-107350944.0,ERR,ERR,ERR,ERR,ERR,ERR,ERR,ERR,ERR,ERR,ERR,ERR,ERR,ERR,ERR,ERR,ERR,ERR,ERR,ERR,ERR,ERR,ERR,ERR,ERR,ERR,ERR,ERR,ERR,ERR,ERR,ERR,ERR,ERR,ERR,ERR,ERR,ERR,ERR,ERR,ERR,ERR,ERR,ERR,ERR,ERR,ERR,ERR,ERR,ERR,ERR,ERR,ERR,ERR,ERR,ERR,ERR,ERR,ERR,ERR,ERR,ERR,ERR,ERR,ERR,ERR,ERR,50.0,60.0,100,0.0,0.0,0.0,0.0,0.0,0.0,0.0,0.0,0.0,0.0,0.0,0.0,0.0,0.0,0.0,0.0,61.6,65,20,65521,50,65476,0,300,0,0,8,20529,65476,0,0,26214,60.0,0.0,0.0,0.0,0.0,0.0
2026-05-17T16:18:43,ERR,ERR,ERR,ERR,ERR,ERR,ERR,ERR,ERR,ERR,ERR,ERR,ERR,ERR,ERR,ERR,ERR,ERR,ERR,ERR,ERR,ERR,ERR,ERR,ERR,ERR,ERR,ERR,ERR,ERR,ERR,ERR,ERR,ERR,ERR,ERR,ERR,ERR,ERR,ERR,ERR,ERR,ERR,ERR,ERR,ERR,ERR,ERR,ERR,ERR,ERR,ERR,ERR,ERR,ERR,ERR,ERR,ERR,ERR,ERR,ERR,ERR,ERR,ERR,ERR,ERR,ERR,ERR,ERR,ERR,ERR,ERR,ERR,ERR,ERR,ERR,ERR,ERR,ERR,ERR,ERR,ERR,ERR,ERR,ERR,ERR,ERR,ERR,ERR,ERR,ERR,ERR,ERR,ERR,ERR,ERR,ERR,ERR,ERR,ERR,ERR,ERR,ERR,ERR,ERR,ERR,ERR,ERR,ERR,ERR,ERR,ERR,ERR,ERR,ERR,ERR,ERR,ERR,ERR,ERR,ERR,ERR,ERR,ERR,ERR,0.0,-107615288.0,-134474944.0,0.0,0.0,1.3936040501711995e+18,7.805,0.0,0,0,4,0,8422,0.0,45,0.0,0.0,0.0,0.0,0.0,0,0,0,0,0.0,0,0,0,0,0,0,0,0,0,0,0,0,0,0,0,0,0,0,0,0,0,0,0,0,0,0,0,0,0,0,0,0,0,38,14,7,45,65476,0,300,0,0,8,21553,0.0,-107605600.0,0.0,0.0,0.0,0.0,0.0,0.0,0.0,0.0,0.0,0.0,0.0,0.0,0.0,0.0,0.0,0.0,0.0,0.0,0.0,0.0,0.0,-2.004,-0.0,0.0,0.0,0.0,0.0,0.0,5039.0,0.0,0.0,0.0,-107615288.0,0.0,-0.0,0.0,0.0,0.0,0.0,53,2.3088403658719416e+20,0.0,0.0,0.0,0.0,0.0,0.0,0.0,0.0,0,0,0,0.0,0.0,0.0,0.0,0.0,0.0,0.0,0.0,0.0,0.0,0.0,0.0,0.0,0.0,0.0,0.0,0,-107875648.0,53,0.0,106,-107614832.0,-107350944.0,ERR,ERR,ERR,ERR,ERR,ERR,ERR,ERR,ERR,ERR,ERR,ERR,ERR,ERR,ERR,ERR,ERR,ERR,ERR,ERR,ERR,ERR,ERR,ERR,ERR,ERR,ERR,ERR,ERR,ERR,ERR,ERR,ERR,ERR,ERR,ERR,ERR,ERR,ERR,ERR,ERR,ERR,ERR,ERR,ERR,ERR,ERR,ERR,ERR,ERR,ERR,ERR,ERR,ERR,ERR,ERR,ERR,ERR,ERR,ERR,ERR,ERR,ERR,ERR,ERR,ERR,ERR,50.0,60.0,100,0.0,0.0,0.0,0.0,0.0,0.0,0.0,0.0,0.0,0.0,0.0,0.0,0.0,0.0,0.0,0.0,61.6,65,20,65521,50,65476,0,300,0,0,8,20529,65476,0,0,26214,60.0,0.0,0.0,0.0,0.0,0.0
2026-05-17T16:18:44,ERR,ERR,ERR,ERR,ERR,ERR,ERR,ERR,ERR,ERR,ERR,ERR,ERR,ERR,ERR,ERR,ERR,ERR,ERR,ERR,ERR,ERR,ERR,ERR,ERR,ERR,ERR,ERR,ERR,ERR,ERR,ERR,ERR,ERR,ERR,ERR,ERR,ERR,ERR,ERR,ERR,ERR,ERR,ERR,ERR,ERR,ERR,ERR,ERR,ERR,ERR,ERR,ERR,ERR,ERR,ERR,ERR,ERR,ERR,ERR,ERR,ERR,ERR,ERR,ERR,ERR,ERR,ERR,ERR,ERR,ERR,ERR,ERR,ERR,ERR,ERR,ERR,ERR,ERR,ERR,ERR,ERR,ERR,ERR,ERR,ERR,ERR,ERR,ERR,ERR,ERR,ERR,ERR,ERR,ERR,ERR,ERR,ERR,ERR,ERR,ERR,ERR,ERR,ERR,ERR,ERR,ERR,ERR,ERR,ERR,ERR,ERR,ERR,ERR,ERR,ERR,ERR,ERR,ERR,ERR,ERR,ERR,ERR,ERR,ERR,0.0,-107615288.0,-134474944.0,0.0,0.0,1.3936040501711995e+18,7.805,0.0,0,0,4,0,8422,0.0,45,0.0,0.0,0.0,0.0,0.0,0,0,0,0,0.0,0,0,0,0,0,0,0,0,0,0,0,0,0,0,0,0,0,0,0,0,0,0,0,0,0,0,0,0,0,0,0,0,0,38,14,7,45,65476,0,300,0,0,8,21553,0.0,-107605600.0,0.0,0.0,0.0,0.0,0.0,0.0,0.0,0.0,0.0,0.0,0.0,0.0,0.0,0.0,0.0,0.0,0.0,0.0,0.0,0.0,0.0,-2.004,-0.0,0.0,0.0,0.0,0.0,0.0,5039.0,0.0,0.0,0.0,-107615288.0,0.0,-0.0,0.0,0.0,0.0,0.0,53,2.3088403658719416e+20,0.0,0.0,0.0,0.0,0.0,0.0,0.0,0.0,0,0,0,0.0,0.0,0.0,0.0,0.0,0.0,0.0,0.0,0.0,0.0,0.0,0.0,0.0,0.0,0.0,0.0,0,-107875648.0,53,0.0,106,-107614832.0,-107350944.0,ERR,ERR,ERR,ERR,ERR,ERR,ERR,ERR,ERR,ERR,ERR,ERR,ERR,ERR,ERR,ERR,ERR,ERR,ERR,ERR,ERR,ERR,ERR,ERR,ERR,ERR,ERR,ERR,ERR,ERR,ERR,ERR,ERR,ERR,ERR,ERR,ERR,ERR,ERR,ERR,ERR,ERR,ERR,ERR,ERR,ERR,ERR,ERR,ERR,ERR,ERR,ERR,ERR,ERR,ERR,ERR,ERR,ERR,ERR,ERR,ERR,ERR,ERR,ERR,ERR,ERR,ERR,50.0,60.0,100,0.0,0.0,0.0,0.0,0.0,0.0,0.0,0.0,0.0,0.0,0.0,0.0,0.0,0.0,0.0,0.0,61.6,65,20,65521,50,65476,0,300,0,0,8,20529,65476,0,0,26214,60.0,0.0,0.0,0.0,0.0,0.0
2026-05-17T16:18:45,ERR,ERR,ERR,ERR,ERR,ERR,ERR,ERR,ERR,ERR,ERR,ERR,ERR,ERR,ERR,ERR,ERR,ERR,ERR,ERR,ERR,ERR,ERR,ERR,ERR,ERR,ERR,ERR,ERR,ERR,ERR,ERR,ERR,ERR,ERR,ERR,ERR,ERR,ERR,ERR,ERR,ERR,ERR,ERR,ERR,ERR,ERR,ERR,ERR,ERR,ERR,ERR,ERR,ERR,ERR,ERR,ERR,ERR,ERR,ERR,ERR,ERR,ERR,ERR,ERR,ERR,ERR,ERR,ERR,ERR,ERR,ERR,ERR,ERR,ERR,ERR,ERR,ERR,ERR,ERR,ERR,ERR,ERR,ERR,ERR,ERR,ERR,ERR,ERR,ERR,ERR,ERR,ERR,ERR,ERR,ERR,ERR,ERR,ERR,ERR,ERR,ERR,ERR,ERR,ERR,ERR,ERR,ERR,ERR,ERR,ERR,ERR,ERR,ERR,ERR,ERR,ERR,ERR,ERR,ERR,ERR,ERR,ERR,ERR,ERR,0.0,-107615288.0,-134474944.0,0.0,0.0,1.3936040501711995e+18,7.805,0.0,0,0,4,0,8422,0.0,45,0.0,0.0,0.0,0.0,0.0,0,0,0,0,0.0,0,0,0,0,0,0,0,0,0,0,0,0,0,0,0,0,0,0,0,0,0,0,0,0,0,0,0,0,0,0,0,0,0,38,14,7,45,65476,0,300,0,0,8,21553,0.0,-107605600.0,0.0,0.0,0.0,0.0,0.0,0.0,0.0,0.0,0.0,0.0,0.0,0.0,0.0,0.0,0.0,0.0,0.0,0.0,0.0,0.0,0.0,-2.004,-0.0,0.0,0.0,0.0,0.0,0.0,5039.0,0.0,0.0,0.0,-107615288.0,0.0,-0.0,0.0,0.0,0.0,0.0,53,2.3088403658719416e+20,0.0,0.0,0.0,0.0,0.0,0.0,0.0,0.0,0,0,0,0.0,0.0,0.0,0.0,0.0,0.0,0.0,0.0,0.0,0.0,0.0,0.0,0.0,0.0,0.0,0.0,0,-107875648.0,53,0.0,106,-107614832.0,-107350944.0,ERR,ERR,ERR,ERR,ERR,ERR,ERR,ERR,ERR,ERR,ERR,ERR,ERR,ERR,ERR,ERR,ERR,ERR,ERR,ERR,ERR,ERR,ERR,ERR,ERR,ERR,ERR,ERR,ERR,ERR,ERR,ERR,ERR,ERR,ERR,ERR,ERR,ERR,ERR,ERR,ERR,ERR,ERR,ERR,ERR,ERR,ERR,ERR,ERR,ERR,ERR,ERR,ERR,ERR,ERR,ERR,ERR,ERR,ERR,ERR,ERR,ERR,ERR,ERR,ERR,ERR,ERR,50.0,60.0,100,0.0,0.0,0.0,0.0,0.0,0.0,0.0,0.0,0.0,0.0,0.0,0.0,0.0,0.0,0.0,0.0,61.6,65,20,65521,50,65476,0,300,0,0,8,20529,65476,0,0,26214,60.0,0.0,0.0,0.0,0.0,0.0
2026-05-17T16:18:46,ERR,ERR,ERR,ERR,ERR,ERR,ERR,ERR,ERR,ERR,ERR,ERR,ERR,ERR,ERR,ERR,ERR,ERR,ERR,ERR,ERR,ERR,ERR,ERR,ERR,ERR,ERR,ERR,ERR,ERR,ERR,ERR,ERR,ERR,ERR,ERR,ERR,ERR,ERR,ERR,ERR,ERR,ERR,ERR,ERR,ERR,ERR,ERR,ERR,ERR,ERR,ERR,ERR,ERR,ERR,ERR,ERR,ERR,ERR,ERR,ERR,ERR,ERR,ERR,ERR,ERR,ERR,ERR,ERR,ERR,ERR,ERR,ERR,ERR,ERR,ERR,ERR,ERR,ERR,ERR,ERR,ERR,ERR,ERR,ERR,ERR,ERR,ERR,ERR,ERR,ERR,ERR,ERR,ERR,ERR,ERR,ERR,ERR,ERR,ERR,ERR,ERR,ERR,ERR,ERR,ERR,ERR,ERR,ERR,ERR,ERR,ERR,ERR,ERR,ERR,ERR,ERR,ERR,ERR,ERR,ERR,ERR,ERR,ERR,ERR,0.0,-107615288.0,-134474944.0,0.0,0.0,1.3936040501711995e+18,7.805,0.0,0,0,4,0,8422,0.0,45,0.0,0.0,0.0,0.0,0.0,0,0,0,0,0.0,0,0,0,0,0,0,0,0,0,0,0,0,0,0,0,0,0,0,0,0,0,0,0,0,0,0,0,0,0,0,0,0,0,38,14,7,45,65476,0,300,0,0,8,21553,0.0,-107605600.0,0.0,0.0,0.0,0.0,0.0,0.0,0.0,0.0,0.0,0.0,0.0,0.0,0.0,0.0,0.0,0.0,0.0,0.0,0.0,0.0,0.0,-2.004,-0.0,0.0,0.0,0.0,0.0,0.0,5039.0,0.0,0.0,0.0,-107615288.0,0.0,-0.0,0.0,0.0,0.0,0.0,53,2.3088403658719416e+20,0.0,0.0,0.0,0.0,0.0,0.0,0.0,0.0,0,0,0,0.0,0.0,0.0,0.0,0.0,0.0,0.0,0.0,0.0,0.0,0.0,0.0,0.0,0.0,0.0,0.0,0,-107875648.0,53,0.0,106,-107614832.0,-107350944.0,ERR,ERR,ERR,ERR,ERR,ERR,ERR,ERR,ERR,ERR,ERR,ERR,ERR,ERR,ERR,ERR,ERR,ERR,ERR,ERR,ERR,ERR,ERR,ERR,ERR,ERR,ERR,ERR,ERR,ERR,ERR,ERR,ERR,ERR,ERR,ERR,ERR,ERR,ERR,ERR,ERR,ERR,ERR,ERR,ERR,ERR,ERR,ERR,ERR,ERR,ERR,ERR,ERR,ERR,ERR,ERR,ERR,ERR,ERR,ERR,ERR,ERR,ERR,ERR,ERR,ERR,ERR,50.0,60.0,100,0.0,0.0,0.0,0.0,0.0,0.0,0.0,0.0,0.0,0.0,0.0,0.0,0.0,0.0,0.0,0.0,61.6,65,20,65521,50,65476,0,300,0,0,8,20529,65476,0,0,26214,60.0,0.0,0.0,0.0,0.0,0.0
2026-05-17T16:18:47,ERR,ERR,ERR,ERR,ERR,ERR,ERR,ERR,ERR,ERR,ERR,ERR,ERR,ERR,ERR,ERR,ERR,ERR,ERR,ERR,ERR,ERR,ERR,ERR,ERR,ERR,ERR,ERR,ERR,ERR,ERR,ERR,ERR,ERR,ERR,ERR,ERR,ERR,ERR,ERR,ERR,ERR,ERR,ERR,ERR,ERR,ERR,ERR,ERR,ERR,ERR,ERR,ERR,ERR,ERR,ERR,ERR,ERR,ERR,ERR,ERR,ERR,ERR,ERR,ERR,ERR,ERR,ERR,ERR,ERR,ERR,ERR,ERR,ERR,ERR,ERR,ERR,ERR,ERR,ERR,ERR,ERR,ERR,ERR,ERR,ERR,ERR,ERR,ERR,ERR,ERR,ERR,ERR,ERR,ERR,ERR,ERR,ERR,ERR,ERR,ERR,ERR,ERR,ERR,ERR,ERR,ERR,ERR,ERR,ERR,ERR,ERR,ERR,ERR,ERR,ERR,ERR,ERR,ERR,ERR,ERR,ERR,ERR,ERR,ERR,0.0,-107615288.0,-134474944.0,0.0,0.0,1.3936040501711995e+18,7.805,0.0,0,0,4,0,8422,0.0,45,0.0,0.0,0.0,0.0,0.0,0,0,0,0,0.0,0,0,0,0,0,0,0,0,0,0,0,0,0,0,0,0,0,0,0,0,0,0,0,0,0,0,0,0,0,0,0,0,0,38,14,7,45,65476,0,300,0,0,8,21553,0.0,-107605600.0,0.0,0.0,0.0,0.0,0.0,0.0,0.0,0.0,0.0,0.0,0.0,0.0,0.0,0.0,0.0,0.0,0.0,0.0,0.0,0.0,-2.004,-2.004,-0.0,0.0,0.0,0.0,0.0,0.0,5066.0,2.004,0.0,0.0,-107615288.0,0.0,-0.0,0.0,0.0,0.0,0.0,53,89221.109,-0.0,0.0,0.0,0.0,0.0,0.0,0.0,0.0,0,0,0,0.0,0.0,0.0,0.0,0.0,0.0,0.0,0.0,0.0,0.0,0.0,0.0,0.0,0.0,0.0,0.0,0,-107875648.0,53,0.0,106,-107614832.0,-107350944.0,ERR,ERR,ERR,ERR,ERR,ERR,ERR,ERR,ERR,ERR,ERR,ERR,ERR,ERR,ERR,ERR,ERR,ERR,ERR,ERR,ERR,ERR,ERR,ERR,ERR,ERR,ERR,ERR,ERR,ERR,ERR,ERR,ERR,ERR,ERR,ERR,ERR,ERR,ERR,ERR,ERR,ERR,ERR,ERR,ERR,ERR,ERR,ERR,ERR,ERR,ERR,ERR,ERR,ERR,ERR,ERR,ERR,ERR,ERR,ERR,ERR,ERR,ERR,ERR,ERR,ERR,ERR,50.0,60.0,100,0.0,0.0,0.0,0.0,0.0,0.0,0.0,0.0,0.0,0.0,0.0,0.0,0.0,0.0,0.0,0.0,61.6,65,20,65521,50,65476,0,300,0,0,8,20529,65476,0,0,26214,60.0,0.0,0.0,0.0,0.0,0.0
2026-05-17T16:18:48,ERR,ERR,ERR,ERR,ERR,ERR,ERR,ERR,ERR,ERR,ERR,ERR,ERR,ERR,ERR,ERR,ERR,ERR,ERR,ERR,ERR,ERR,ERR,ERR,ERR,ERR,ERR,ERR,ERR,ERR,ERR,ERR,ERR,ERR,ERR,ERR,ERR,ERR,ERR,ERR,ERR,ERR,ERR,ERR,ERR,ERR,ERR,ERR,ERR,ERR,ERR,ERR,ERR,ERR,ERR,ERR,ERR,ERR,ERR,ERR,ERR,ERR,ERR,ERR,ERR,ERR,ERR,ERR,ERR,ERR,ERR,ERR,ERR,ERR,ERR,ERR,ERR,ERR,ERR,ERR,ERR,ERR,ERR,ERR,ERR,ERR,ERR,ERR,ERR,ERR,ERR,ERR,ERR,ERR,ERR,ERR,ERR,ERR,ERR,ERR,ERR,ERR,ERR,ERR,ERR,ERR,ERR,ERR,ERR,ERR,ERR,ERR,ERR,ERR,ERR,ERR,ERR,ERR,ERR,ERR,ERR,ERR,ERR,ERR,ERR,0.0,-107615288.0,-134474944.0,0.0,0.0,1.3936040501711995e+18,7.805,0.0,0,0,4,0,8422,0.0,45,0.0,0.0,0.0,0.0,0.0,0,0,0,0,0.0,0,0,0,0,0,0,0,0,0,0,0,0,0,0,0,0,0,0,0,0,0,0,0,0,0,0,0,0,0,0,0,0,0,38,14,7,45,65476,0,300,0,0,8,21553,0.0,-107605600.0,0.0,0.0,0.0,0.0,0.0,0.0,0.0,0.0,0.0,0.0,0.0,0.0,0.0,0.0,0.0,0.0,0.0,0.0,0.0,0.0,-2.004,-2.004,-0.0,0.0,0.0,0.0,0.0,0.0,5066.0,2.004,0.0,0.0,-107615288.0,0.0,-0.0,0.0,0.0,0.0,0.0,53,89221.109,-0.0,0.0,0.0,0.0,0.0,0.0,0.0,0.0,0,0,0,0.0,0.0,0.0,0.0,0.0,0.0,0.0,0.0,0.0,0.0,0.0,0.0,0.0,0.0,0.0,0.0,0,-107875648.0,53,0.0,106,-107614832.0,-107350944.0,ERR,ERR,ERR,ERR,ERR,ERR,ERR,ERR,ERR,ERR,ERR,ERR,ERR,ERR,ERR,ERR,ERR,ERR,ERR,ERR,ERR,ERR,ERR,ERR,ERR,ERR,ERR,ERR,ERR,ERR,ERR,ERR,ERR,ERR,ERR,ERR,ERR,ERR,ERR,ERR,ERR,ERR,ERR,ERR,ERR,ERR,ERR,ERR,ERR,ERR,ERR,ERR,ERR,ERR,ERR,ERR,ERR,ERR,ERR,ERR,ERR,ERR,ERR,ERR,ERR,ERR,ERR,50.0,60.0,100,0.0,0.0,0.0,0.0,0.0,0.0,0.0,0.0,0.0,0.0,0.0,0.0,0.0,0.0,0.0,0.0,61.6,65,20,65521,50,65476,0,300,0,0,8,20529,65476,0,0,26214,60.0,0.0,0.0,0.0,0.0,0.0
2026-05-17T16:18:49,ERR,ERR,ERR,ERR,ERR,ERR,ERR,ERR,ERR,ERR,ERR,ERR,ERR,ERR,ERR,ERR,ERR,ERR,ERR,ERR,ERR,ERR,ERR,ERR,ERR,ERR,ERR,ERR,ERR,ERR,ERR,ERR,ERR,ERR,ERR,ERR,ERR,ERR,ERR,ERR,ERR,ERR,ERR,ERR,ERR,ERR,ERR,ERR,ERR,ERR,ERR,ERR,ERR,ERR,ERR,ERR,ERR,ERR,ERR,ERR,ERR,ERR,ERR,ERR,ERR,ERR,ERR,ERR,ERR,ERR,ERR,ERR,ERR,ERR,ERR,ERR,ERR,ERR,ERR,ERR,ERR,ERR,ERR,ERR,ERR,ERR,ERR,ERR,ERR,ERR,ERR,ERR,ERR,ERR,ERR,ERR,ERR,ERR,ERR,ERR,ERR,ERR,ERR,ERR,ERR,ERR,ERR,ERR,ERR,ERR,ERR,ERR,ERR,ERR,ERR,ERR,ERR,ERR,ERR,ERR,ERR,ERR,ERR,ERR,ERR,0.0,-107615288.0,-134474944.0,0.0,0.0,1.3936040501711995e+18,7.805,0.0,0,0,4,0,8422,0.0,45,0.0,0.0,0.0,0.0,0.0,0,0,0,0,0.0,0,0,0,0,0,0,0,0,0,0,0,0,0,0,0,0,0,0,0,0,0,0,0,0,0,0,0,0,0,0,0,0,0,38,14,7,45,65476,0,300,0,0,8,21553,0.0,-107605600.0,0.0,0.0,0.0,0.0,0.0,0.0,0.0,0.0,0.0,0.0,0.0,0.0,0.0,0.0,0.0,0.0,0.0,0.0,0.0,0.0,-2.004,-2.004,-0.0,0.0,0.0,0.0,0.0,0.0,5066.0,2.004,0.0,0.0,-107615288.0,0.0,-0.0,0.0,0.0,0.0,0.0,53,89221.109,-0.0,0.0,0.0,0.0,0.0,0.0,0.0,0.0,0,0,0,0.0,0.0,0.0,0.0,0.0,0.0,0.0,0.0,0.0,0.0,0.0,0.0,0.0,0.0,0.0,0.0,0,-107875648.0,53,0.0,106,-107614832.0,-107350944.0,ERR,ERR,ERR,ERR,ERR,ERR,ERR,ERR,ERR,ERR,ERR,ERR,ERR,ERR,ERR,ERR,ERR,ERR,ERR,ERR,ERR,ERR,ERR,ERR,ERR,ERR,ERR,ERR,ERR,ERR,ERR,ERR,ERR,ERR,ERR,ERR,ERR,ERR,ERR,ERR,ERR,ERR,ERR,ERR,ERR,ERR,ERR,ERR,ERR,ERR,ERR,ERR,ERR,ERR,ERR,ERR,ERR,ERR,ERR,ERR,ERR,ERR,ERR,ERR,ERR,ERR,ERR,50.0,60.0,100,0.0,0.0,0.0,0.0,0.0,0.0,0.0,0.0,0.0,0.0,0.0,0.0,0.0,0.0,0.0,0.0,61.6,65,20,65521,50,65476,0,300,0,0,8,20529,65476,0,0,26214,60.0,0.0,0.0,0.0,0.0,0.0
2026-05-17T16:18:50,ERR,ERR,ERR,ERR,ERR,ERR,ERR,ERR,ERR,ERR,ERR,ERR,ERR,ERR,ERR,ERR,ERR,ERR,ERR,ERR,ERR,ERR,ERR,ERR,ERR,ERR,ERR,ERR,ERR,ERR,ERR,ERR,ERR,ERR,ERR,ERR,ERR,ERR,ERR,ERR,ERR,ERR,ERR,ERR,ERR,ERR,ERR,ERR,ERR,ERR,ERR,ERR,ERR,ERR,ERR,ERR,ERR,ERR,ERR,ERR,ERR,ERR,ERR,ERR,ERR,ERR,ERR,ERR,ERR,ERR,ERR,ERR,ERR,ERR,ERR,ERR,ERR,ERR,ERR,ERR,ERR,ERR,ERR,ERR,ERR,ERR,ERR,ERR,ERR,ERR,ERR,ERR,ERR,ERR,ERR,ERR,ERR,ERR,ERR,ERR,ERR,ERR,ERR,ERR,ERR,ERR,ERR,ERR,ERR,ERR,ERR,ERR,ERR,ERR,ERR,ERR,ERR,ERR,ERR,ERR,ERR,ERR,ERR,ERR,ERR,0.0,-107615288.0,-134474944.0,0.0,0.0,1.3936040501711995e+18,7.805,0.0,0,0,4,0,8422,0.0,45,0.0,0.0,0.0,0.0,0.0,0,0,0,0,0.0,0,0,0,0,0,0,0,0,0,0,0,0,0,0,0,0,0,0,0,0,0,0,0,0,0,0,0,0,0,0,0,0,0,38,14,7,45,65476,0,300,0,0,8,21553,0.0,-107605600.0,0.0,0.0,0.0,0.0,0.0,0.0,0.0,0.0,0.0,0.0,0.0,0.0,0.0,0.0,0.0,0.0,0.0,0.0,0.0,0.0,-2.004,-2.004,-0.0,0.0,0.0,0.0,0.0,0.0,5066.0,2.004,0.0,0.0,-107615288.0,0.0,-0.0,0.0,0.0,0.0,0.0,53,89221.109,-0.0,0.0,0.0,0.0,0.0,0.0,0.0,0.0,0,0,0,0.0,0.0,0.0,0.0,0.0,0.0,0.0,0.0,0.0,0.0,0.0,0.0,0.0,0.0,0.0,0.0,0,-107875648.0,53,0.0,106,-107614832.0,-107350944.0,ERR,ERR,ERR,ERR,ERR,ERR,ERR,ERR,ERR,ERR,ERR,ERR,ERR,ERR,ERR,ERR,ERR,ERR,ERR,ERR,ERR,ERR,ERR,ERR,ERR,ERR,ERR,ERR,ERR,ERR,ERR,ERR,ERR,ERR,ERR,ERR,ERR,ERR,ERR,ERR,ERR,ERR,ERR,ERR,ERR,ERR,ERR,ERR,ERR,ERR,ERR,ERR,ERR,ERR,ERR,ERR,ERR,ERR,ERR,ERR,ERR,ERR,ERR,ERR,ERR,ERR,ERR,50.0,60.0,100,0.0,0.0,0.0,0.0,0.0,0.0,0.0,0.0,0.0,0.0,0.0,0.0,0.0,0.0,0.0,0.0,61.6,65,20,65521,50,65476,0,300,0,0,8,20529,65476,0,0,26214,60.0,0.0,0.0,0.0,0.0,0.0
2026-05-17T16:18:51,ERR,ERR,ERR,ERR,ERR,ERR,ERR,ERR,ERR,ERR,ERR,ERR,ERR,ERR,ERR,ERR,ERR,ERR,ERR,ERR,ERR,ERR,ERR,ERR,ERR,ERR,ERR,ERR,ERR,ERR,ERR,ERR,ERR,ERR,ERR,ERR,ERR,ERR,ERR,ERR,ERR,ERR,ERR,ERR,ERR,ERR,ERR,ERR,ERR,ERR,ERR,ERR,ERR,ERR,ERR,ERR,ERR,ERR,ERR,ERR,ERR,ERR,ERR,ERR,ERR,ERR,ERR,ERR,ERR,ERR,ERR,ERR,ERR,ERR,ERR,ERR,ERR,ERR,ERR,ERR,ERR,ERR,ERR,ERR,ERR,ERR,ERR,ERR,ERR,ERR,ERR,ERR,ERR,ERR,ERR,ERR,ERR,ERR,ERR,ERR,ERR,ERR,ERR,ERR,ERR,ERR,ERR,ERR,ERR,ERR,ERR,ERR,ERR,ERR,ERR,ERR,ERR,ERR,ERR,ERR,ERR,ERR,ERR,ERR,ERR,0.0,-107615288.0,-134474944.0,0.0,0.0,1.3936040501711995e+18,7.805,0.0,0,0,4,0,8422,0.0,45,0.0,0.0,0.0,0.0,0.0,0,0,0,0,0.0,0,0,0,0,0,0,0,0,0,0,0,0,0,0,0,0,0,0,0,0,0,0,0,0,0,0,0,0,0,0,0,0,0,38,14,7,45,65476,0,300,0,0,8,21553,0.0,-107605600.0,0.0,0.0,0.0,0.0,0.0,0.0,0.0,0.0,0.0,0.0,0.0,0.0,0.0,0.0,0.0,0.0,0.0,0.0,0.0,0.0,-2.004,-2.004,-0.0,0.0,0.0,0.0,0.0,0.0,5066.0,2.004,0.0,0.0,-107615288.0,0.0,-0.0,0.0,0.0,0.0,0.0,53,89221.109,-0.0,0.0,0.0,0.0,0.0,0.0,0.0,0.0,0,0,0,0.0,0.0,0.0,0.0,0.0,0.0,0.0,0.0,0.0,0.0,0.0,0.0,0.0,0.0,0.0,0.0,0,-107875648.0,53,0.0,106,-107614832.0,-107350944.0,ERR,ERR,ERR,ERR,ERR,ERR,ERR,ERR,ERR,ERR,ERR,ERR,ERR,ERR,ERR,ERR,ERR,ERR,ERR,ERR,ERR,ERR,ERR,ERR,ERR,ERR,ERR,ERR,ERR,ERR,ERR,ERR,ERR,ERR,ERR,ERR,ERR,ERR,ERR,ERR,ERR,ERR,ERR,ERR,ERR,ERR,ERR,ERR,ERR,ERR,ERR,ERR,ERR,ERR,ERR,ERR,ERR,ERR,ERR,ERR,ERR,ERR,ERR,ERR,ERR,ERR,ERR,50.0,60.0,100,0.0,0.0,0.0,0.0,0.0,0.0,0.0,0.0,0.0,0.0,0.0,0.0,0.0,0.0,0.0,0.0,61.6,65,20,65521,50,65476,0,300,0,0,8,20529,65476,0,0,26214,60.0,0.0,0.0,0.0,0.0,0.0
2026-05-17T16:18:52,ERR,ERR,ERR,ERR,ERR,ERR,ERR,ERR,ERR,ERR,ERR,ERR,ERR,ERR,ERR,ERR,ERR,ERR,ERR,ERR,ERR,ERR,ERR,ERR,ERR,ERR,ERR,ERR,ERR,ERR,ERR,ERR,ERR,ERR,ERR,ERR,ERR,ERR,ERR,ERR,ERR,ERR,ERR,ERR,ERR,ERR,ERR,ERR,ERR,ERR,ERR,ERR,ERR,ERR,ERR,ERR,ERR,ERR,ERR,ERR,ERR,ERR,ERR,ERR,ERR,ERR,ERR,ERR,ERR,ERR,ERR,ERR,ERR,ERR,ERR,ERR,ERR,ERR,ERR,ERR,ERR,ERR,ERR,ERR,ERR,ERR,ERR,ERR,ERR,ERR,ERR,ERR,ERR,ERR,ERR,ERR,ERR,ERR,ERR,ERR,ERR,ERR,ERR,ERR,ERR,ERR,ERR,ERR,ERR,ERR,ERR,ERR,ERR,ERR,ERR,ERR,ERR,ERR,ERR,ERR,ERR,ERR,ERR,ERR,ERR,0.0,-107615288.0,-134474944.0,0.0,0.0,1.3936040501711995e+18,7.805,0.0,0,0,4,0,8422,0.0,45,0.0,0.0,0.0,0.0,0.0,0,0,0,0,0.0,0,0,0,0,0,0,0,0,0,0,0,0,0,0,0,0,0,0,0,0,0,0,0,0,0,0,0,0,0,0,0,0,0,38,14,7,45,65476,0,300,0,0,8,21553,0.0,-107605600.0,0.0,0.0,0.0,0.0,0.0,0.0,0.0,0.0,0.0,0.0,0.0,0.0,0.0,0.0,0.0,0.0,0.0,0.0,0.0,0.0,-2.004,-2.004,-0.0,0.0,0.0,0.0,0.0,0.0,5069.0,1.04066562844498e+34,0.0,0.0,-107615288.0,0.0,-0.0,0.0,0.0,0.0,0.0,53,152018454839296.0,-152017313988608.0,0.0,0.0,0.0,0.0,0.0,0.0,0.0,0,0,0,0.0,0.0,0.0,0.0,0.0,0.0,0.0,0.0,0.0,0.0,0.0,0.0,0.0,0.0,0.0,0.0,0,-107875648.0,53,0.0,106,-107614832.0,-107350944.0,ERR,ERR,ERR,ERR,ERR,ERR,ERR,ERR,ERR,ERR,ERR,ERR,ERR,ERR,ERR,ERR,ERR,ERR,ERR,ERR,ERR,ERR,ERR,ERR,ERR,ERR,ERR,ERR,ERR,ERR,ERR,ERR,ERR,ERR,ERR,ERR,ERR,ERR,ERR,ERR,ERR,ERR,ERR,ERR,ERR,ERR,ERR,ERR,ERR,ERR,ERR,ERR,ERR,ERR,ERR,ERR,ERR,ERR,ERR,ERR,ERR,ERR,ERR,ERR,ERR,ERR,ERR,50.0,60.0,100,0.0,0.0,0.0,0.0,0.0,0.0,0.0,0.0,0.0,0.0,0.0,0.0,0.0,0.0,0.0,0.0,61.6,65,20,65521,50,65476,0,300,0,0,8,20529,65476,0,0,26214,60.0,0.0,0.0,0.0,0.0,0.0
2026-05-17T16:18:53,ERR,ERR,ERR,ERR,ERR,ERR,ERR,ERR,ERR,ERR,ERR,ERR,ERR,ERR,ERR,ERR,ERR,ERR,ERR,ERR,ERR,ERR,ERR,ERR,ERR,ERR,ERR,ERR,ERR,ERR,ERR,ERR,ERR,ERR,ERR,ERR,ERR,ERR,ERR,ERR,ERR,ERR,ERR,ERR,ERR,ERR,ERR,ERR,ERR,ERR,ERR,ERR,ERR,ERR,ERR,ERR,ERR,ERR,ERR,ERR,ERR,ERR,ERR,ERR,ERR,ERR,ERR,ERR,ERR,ERR,ERR,ERR,ERR,ERR,ERR,ERR,ERR,ERR,ERR,ERR,ERR,ERR,ERR,ERR,ERR,ERR,ERR,ERR,ERR,ERR,ERR,ERR,ERR,ERR,ERR,ERR,ERR,ERR,ERR,ERR,ERR,ERR,ERR,ERR,ERR,ERR,ERR,ERR,ERR,ERR,ERR,ERR,ERR,ERR,ERR,ERR,ERR,ERR,ERR,ERR,ERR,ERR,ERR,ERR,ERR,0.0,-107615288.0,-134474944.0,0.0,0.0,1.3936040501711995e+18,7.805,0.0,0,0,4,0,8422,0.0,45,0.0,0.0,0.0,0.0,0.0,0,0,0,0,0.0,0,0,0,0,0,0,0,0,0,0,0,0,0,0,0,0,0,0,0,0,0,0,0,0,0,0,0,0,0,0,0,0,0,38,14,7,45,65476,0,300,0,0,8,21553,0.0,-107605600.0,0.0,0.0,0.0,0.0,0.0,0.0,0.0,0.0,0.0,0.0,0.0,0.0,0.0,0.0,0.0,0.0,0.0,0.0,0.0,0.0,-2.004,-2.004,-0.0,0.0,0.0,0.0,0.0,0.0,5069.0,1.04066562844498e+34,0.0,0.0,-107615288.0,0.0,-0.0,0.0,0.0,0.0,0.0,53,152018454839296.0,-152017313988608.0,0.0,0.0,0.0,0.0,0.0,0.0,0.0,0,0,0,0.0,0.0,0.0,0.0,0.0,0.0,0.0,0.0,0.0,0.0,0.0,0.0,0.0,0.0,0.0,0.0,0,-107875648.0,53,0.0,106,-107614832.0,-107350944.0,ERR,ERR,ERR,ERR,ERR,ERR,ERR,ERR,ERR,ERR,ERR,ERR,ERR,ERR,ERR,ERR,ERR,ERR,ERR,ERR,ERR,ERR,ERR,ERR,ERR,ERR,ERR,ERR,ERR,ERR,ERR,ERR,ERR,ERR,ERR,ERR,ERR,ERR,ERR,ERR,ERR,ERR,ERR,ERR,ERR,ERR,ERR,ERR,ERR,ERR,ERR,ERR,ERR,ERR,ERR,ERR,ERR,ERR,ERR,ERR,ERR,ERR,ERR,ERR,ERR,ERR,ERR,50.0,60.0,100,0.0,0.0,0.0,0.0,0.0,0.0,0.0,0.0,0.0,0.0,0.0,0.0,0.0,0.0,0.0,0.0,61.6,65,20,65521,50,65476,0,300,0,0,8,20529,65476,0,0,26214,60.0,0.0,0.0,0.0,0.0,0.0
2026-05-17T16:18:54,ERR,ERR,ERR,ERR,ERR,ERR,ERR,ERR,ERR,ERR,ERR,ERR,ERR,ERR,ERR,ERR,ERR,ERR,ERR,ERR,ERR,ERR,ERR,ERR,ERR,ERR,ERR,ERR,ERR,ERR,ERR,ERR,ERR,ERR,ERR,ERR,ERR,ERR,ERR,ERR,ERR,ERR,ERR,ERR,ERR,ERR,ERR,ERR,ERR,ERR,ERR,ERR,ERR,ERR,ERR,ERR,ERR,ERR,ERR,ERR,ERR,ERR,ERR,ERR,ERR,ERR,ERR,ERR,ERR,ERR,ERR,ERR,ERR,ERR,ERR,ERR,ERR,ERR,ERR,ERR,ERR,ERR,ERR,ERR,ERR,ERR,ERR,ERR,ERR,ERR,ERR,ERR,ERR,ERR,ERR,ERR,ERR,ERR,ERR,ERR,ERR,ERR,ERR,ERR,ERR,ERR,ERR,ERR,ERR,ERR,ERR,ERR,ERR,ERR,ERR,ERR,ERR,ERR,ERR,ERR,ERR,ERR,ERR,ERR,ERR,0.0,-107615288.0,-134474944.0,0.0,0.0,1.3936040501711995e+18,7.805,0.0,0,0,4,0,8422,0.0,45,0.0,0.0,0.0,0.0,0.0,0,0,0,0,0.0,0,0,0,0,0,0,0,0,0,0,0,0,0,0,0,0,0,0,0,0,0,0,0,0,0,0,0,0,0,0,0,0,0,38,14,7,45,65476,0,300,0,0,8,21553,0.0,-107605600.0,0.0,0.0,0.0,0.0,0.0,0.0,0.0,0.0,0.0,0.0,0.0,0.0,0.0,0.0,0.0,0.0,0.0,0.0,0.0,0.0,-2.004,-2.004,-0.0,0.0,0.0,0.0,0.0,0.0,5069.0,1.04066562844498e+34,0.0,0.0,-107615288.0,0.0,-0.0,0.0,0.0,0.0,0.0,53,152018454839296.0,-152017313988608.0,0.0,0.0,0.0,0.0,0.0,0.0,0.0,0,0,0,0.0,0.0,0.0,0.0,0.0,0.0,0.0,0.0,0.0,0.0,0.0,0.0,0.0,0.0,0.0,0.0,0,-107875648.0,53,0.0,106,-107614832.0,-107350944.0,ERR,ERR,ERR,ERR,ERR,ERR,ERR,ERR,ERR,ERR,ERR,ERR,ERR,ERR,ERR,ERR,ERR,ERR,ERR,ERR,ERR,ERR,ERR,ERR,ERR,ERR,ERR,ERR,ERR,ERR,ERR,ERR,ERR,ERR,ERR,ERR,ERR,ERR,ERR,ERR,ERR,ERR,ERR,ERR,ERR,ERR,ERR,ERR,ERR,ERR,ERR,ERR,ERR,ERR,ERR,ERR,ERR,ERR,ERR,ERR,ERR,ERR,ERR,ERR,ERR,ERR,ERR,50.0,60.0,100,0.0,0.0,0.0,0.0,0.0,0.0,0.0,0.0,0.0,0.0,0.0,0.0,0.0,0.0,0.0,0.0,61.6,65,20,65521,50,65476,0,300,0,0,8,20529,65476,0,0,26214,60.0,0.0,0.0,0.0,0.0,0.0
2026-05-17T16:18:55,ERR,ERR,ERR,ERR,ERR,ERR,ERR,ERR,ERR,ERR,ERR,ERR,ERR,ERR,ERR,ERR,ERR,ERR,ERR,ERR,ERR,ERR,ERR,ERR,ERR,ERR,ERR,ERR,ERR,ERR,ERR,ERR,ERR,ERR,ERR,ERR,ERR,ERR,ERR,ERR,ERR,ERR,ERR,ERR,ERR,ERR,ERR,ERR,ERR,ERR,ERR,ERR,ERR,ERR,ERR,ERR,ERR,ERR,ERR,ERR,ERR,ERR,ERR,ERR,ERR,ERR,ERR,ERR,ERR,ERR,ERR,ERR,ERR,ERR,ERR,ERR,ERR,ERR,ERR,ERR,ERR,ERR,ERR,ERR,ERR,ERR,ERR,ERR,ERR,ERR,ERR,ERR,ERR,ERR,ERR,ERR,ERR,ERR,ERR,ERR,ERR,ERR,ERR,ERR,ERR,ERR,ERR,ERR,ERR,ERR,ERR,ERR,ERR,ERR,ERR,ERR,ERR,ERR,ERR,ERR,ERR,ERR,ERR,ERR,ERR,0.0,-107615288.0,-134474944.0,0.0,0.0,1.3936040501711995e+18,7.805,0.0,0,0,4,0,8422,0.0,45,0.0,0.0,0.0,0.0,0.0,0,0,0,0,0.0,0,0,0,0,0,0,0,0,0,0,0,0,0,0,0,0,0,0,0,0,0,0,0,0,0,0,0,0,0,0,0,0,0,38,14,7,45,65476,0,300,0,0,8,21553,0.0,-107605600.0,0.0,0.0,0.0,0.0,0.0,0.0,0.0,0.0,0.0,0.0,0.0,0.0,0.0,0.0,0.0,0.0,0.0,0.0,0.0,0.0,-2.004,-2.004,-0.0,0.0,0.0,0.0,0.0,0.0,5069.0,1.04066562844498e+34,0.0,0.0,-107615288.0,0.0,-0.0,0.0,0.0,0.0,0.0,53,152018454839296.0,-152017313988608.0,0.0,0.0,0.0,0.0,0.0,0.0,0.0,0,0,0,0.0,0.0,0.0,0.0,0.0,0.0,0.0,0.0,0.0,0.0,0.0,0.0,0.0,0.0,0.0,0.0,0,-107875648.0,53,0.0,106,-107614832.0,-107350944.0,ERR,ERR,ERR,ERR,ERR,ERR,ERR,ERR,ERR,ERR,ERR,ERR,ERR,ERR,ERR,ERR,ERR,ERR,ERR,ERR,ERR,ERR,ERR,ERR,ERR,ERR,ERR,ERR,ERR,ERR,ERR,ERR,ERR,ERR,ERR,ERR,ERR,ERR,ERR,ERR,ERR,ERR,ERR,ERR,ERR,ERR,ERR,ERR,ERR,ERR,ERR,ERR,ERR,ERR,ERR,ERR,ERR,ERR,ERR,ERR,ERR,ERR,ERR,ERR,ERR,ERR,ERR,50.0,60.0,100,0.0,0.0,0.0,0.0,0.0,0.0,0.0,0.0,0.0,0.0,0.0,0.0,0.0,0.0,0.0,0.0,61.6,65,20,65521,50,65476,0,300,0,0,8,20529,65476,0,0,26214,60.0,0.0,0.0,0.0,0.0,0.0
2026-05-17T16:18:56,ERR,ERR,ERR,ERR,ERR,ERR,ERR,ERR,ERR,ERR,ERR,ERR,ERR,ERR,ERR,ERR,ERR,ERR,ERR,ERR,ERR,ERR,ERR,ERR,ERR,ERR,ERR,ERR,ERR,ERR,ERR,ERR,ERR,ERR,ERR,ERR,ERR,ERR,ERR,ERR,ERR,ERR,ERR,ERR,ERR,ERR,ERR,ERR,ERR,ERR,ERR,ERR,ERR,ERR,ERR,ERR,ERR,ERR,ERR,ERR,ERR,ERR,ERR,ERR,ERR,ERR,ERR,ERR,ERR,ERR,ERR,ERR,ERR,ERR,ERR,ERR,ERR,ERR,ERR,ERR,ERR,ERR,ERR,ERR,ERR,ERR,ERR,ERR,ERR,ERR,ERR,ERR,ERR,ERR,ERR,ERR,ERR,ERR,ERR,ERR,ERR,ERR,ERR,ERR,ERR,ERR,ERR,ERR,ERR,ERR,ERR,ERR,ERR,ERR,ERR,ERR,ERR,ERR,ERR,ERR,ERR,ERR,ERR,ERR,ERR,0.0,-107615288.0,-134474944.0,0.0,0.0,1.3936040501711995e+18,7.805,0.0,0,0,4,0,8422,0.0,45,0.0,0.0,0.0,0.0,0.0,0,0,0,0,0.0,0,0,0,0,0,0,0,0,0,0,0,0,0,0,0,0,0,0,0,0,0,0,0,0,0,0,0,0,0,0,0,0,0,38,14,7,45,65476,0,300,0,0,8,21553,0.0,-107605600.0,0.0,0.0,0.0,0.0,0.0,0.0,0.0,0.0,0.0,0.0,0.0,0.0,0.0,0.0,0.0,0.0,0.0,0.0,0.0,0.0,-2.004,-2.004,-0.0,0.0,0.0,0.0,0.0,0.0,5069.0,1.04066562844498e+34,0.0,0.0,-107615288.0,0.0,-0.0,0.0,0.0,0.0,0.0,53,152018454839296.0,-152017313988608.0,0.0,0.0,0.0,0.0,0.0,0.0,0.0,0,0,0,0.0,0.0,0.0,0.0,0.0,0.0,0.0,0.0,0.0,0.0,0.0,0.0,0.0,0.0,0.0,0.0,0,-107875648.0,53,0.0,106,-107614832.0,-107350944.0,ERR,ERR,ERR,ERR,ERR,ERR,ERR,ERR,ERR,ERR,ERR,ERR,ERR,ERR,ERR,ERR,ERR,ERR,ERR,ERR,ERR,ERR,ERR,ERR,ERR,ERR,ERR,ERR,ERR,ERR,ERR,ERR,ERR,ERR,ERR,ERR,ERR,ERR,ERR,ERR,ERR,ERR,ERR,ERR,ERR,ERR,ERR,ERR,ERR,ERR,ERR,ERR,ERR,ERR,ERR,ERR,ERR,ERR,ERR,ERR,ERR,ERR,ERR,ERR,ERR,ERR,ERR,50.0,60.0,100,0.0,0.0,0.0,0.0,0.0,0.0,0.0,0.0,0.0,0.0,0.0,0.0,0.0,0.0,0.0,0.0,61.6,65,20,65521,50,65476,0,300,0,0,8,20529,65476,0,0,26214,60.0,0.0,0.0,0.0,0.0,0.0
2026-05-17T16:18:57,ERR,ERR,ERR,ERR,ERR,ERR,ERR,ERR,ERR,ERR,ERR,ERR,ERR,ERR,ERR,ERR,ERR,ERR,ERR,ERR,ERR,ERR,ERR,ERR,ERR,ERR,ERR,ERR,ERR,ERR,ERR,ERR,ERR,ERR,ERR,ERR,ERR,ERR,ERR,ERR,ERR,ERR,ERR,ERR,ERR,ERR,ERR,ERR,ERR,ERR,ERR,ERR,ERR,ERR,ERR,ERR,ERR,ERR,ERR,ERR,ERR,ERR,ERR,ERR,ERR,ERR,ERR,ERR,ERR,ERR,ERR,ERR,ERR,ERR,ERR,ERR,ERR,ERR,ERR,ERR,ERR,ERR,ERR,ERR,ERR,ERR,ERR,ERR,ERR,ERR,ERR,ERR,ERR,ERR,ERR,ERR,ERR,ERR,ERR,ERR,ERR,ERR,ERR,ERR,ERR,ERR,ERR,ERR,ERR,ERR,ERR,ERR,ERR,ERR,ERR,ERR,ERR,ERR,ERR,ERR,ERR,ERR,ERR,ERR,ERR,0.0,-107615288.0,-134474944.0,0.0,0.0,1.3936040501711995e+18,7.805,0.0,0,0,4,0,8422,0.0,45,0.0,0.0,0.0,0.0,0.0,0,0,0,0,0.0,0,0,0,0,0,0,0,0,0,0,0,0,0,0,0,0,0,0,0,0,0,0,0,0,0,0,0,0,0,0,0,0,0,38,14,7,45,65476,0,300,0,0,8,21553,0.0,-107605600.0,0.0,0.0,0.0,0.0,0.0,0.0,0.0,0.0,0.0,0.0,0.0,0.0,0.0,0.0,0.0,0.0,0.0,0.0,0.0,0.0,-2.004,-2.004,-0.0,0.0,0.0,0.0,0.0,0.0,5045.0,-8608183296.0,0.0,0.0,-107615288.0,0.0,-0.0,0.0,0.0,0.0,0.0,53,-0.0,0.0,0.0,0.0,0.0,0.0,0.0,0.0,0.0,0,0,0,0.0,0.0,0.0,0.0,0.0,0.0,0.0,0.0,0.0,0.0,0.0,0.0,0.0,0.0,0.0,0.0,0,-107875648.0,53,0.0,106,-107614832.0,-107350944.0,ERR,ERR,ERR,ERR,ERR,ERR,ERR,ERR,ERR,ERR,ERR,ERR,ERR,ERR,ERR,ERR,ERR,ERR,ERR,ERR,ERR,ERR,ERR,ERR,ERR,ERR,ERR,ERR,ERR,ERR,ERR,ERR,ERR,ERR,ERR,ERR,ERR,ERR,ERR,ERR,ERR,ERR,ERR,ERR,ERR,ERR,ERR,ERR,ERR,ERR,ERR,ERR,ERR,ERR,ERR,ERR,ERR,ERR,ERR,ERR,ERR,ERR,ERR,ERR,ERR,ERR,ERR,50.0,60.0,100,0.0,0.0,0.0,0.0,0.0,0.0,0.0,0.0,0.0,0.0,0.0,0.0,0.0,0.0,0.0,0.0,61.6,65,20,65521,50,65476,0,300,0,0,8,20529,65476,0,0,26214,60.0,0.0,0.0,0.0,0.0,0.0
2026-05-17T16:18:58,ERR,ERR,ERR,ERR,ERR,ERR,ERR,ERR,ERR,ERR,ERR,ERR,ERR,ERR,ERR,ERR,ERR,ERR,ERR,ERR,ERR,ERR,ERR,ERR,ERR,ERR,ERR,ERR,ERR,ERR,ERR,ERR,ERR,ERR,ERR,ERR,ERR,ERR,ERR,ERR,ERR,ERR,ERR,ERR,ERR,ERR,ERR,ERR,ERR,ERR,ERR,ERR,ERR,ERR,ERR,ERR,ERR,ERR,ERR,ERR,ERR,ERR,ERR,ERR,ERR,ERR,ERR,ERR,ERR,ERR,ERR,ERR,ERR,ERR,ERR,ERR,ERR,ERR,ERR,ERR,ERR,ERR,ERR,ERR,ERR,ERR,ERR,ERR,ERR,ERR,ERR,ERR,ERR,ERR,ERR,ERR,ERR,ERR,ERR,ERR,ERR,ERR,ERR,ERR,ERR,ERR,ERR,ERR,ERR,ERR,ERR,ERR,ERR,ERR,ERR,ERR,ERR,ERR,ERR,ERR,ERR,ERR,ERR,ERR,ERR,0.0,-107615288.0,-134474944.0,0.0,0.0,1.3936040501711995e+18,7.805,0.0,0,0,4,0,8422,0.0,45,0.0,0.0,0.0,0.0,0.0,0,0,0,0,0.0,0,0,0,0,0,0,0,0,0,0,0,0,0,0,0,0,0,0,0,0,0,0,0,0,0,0,0,0,0,0,0,0,0,38,14,7,45,65476,0,300,0,0,8,21553,0.0,-107605600.0,0.0,0.0,0.0,0.0,0.0,0.0,0.0,0.0,0.0,0.0,0.0,0.0,0.0,0.0,0.0,0.0,0.0,0.0,0.0,0.0,-2.004,-2.004,-0.0,0.0,0.0,0.0,0.0,0.0,5045.0,-8608183296.0,0.0,0.0,-107615288.0,0.0,-0.0,0.0,0.0,0.0,0.0,53,-0.0,0.0,0.0,0.0,0.0,0.0,0.0,0.0,0.0,0,0,0,0.0,0.0,0.0,0.0,0.0,0.0,0.0,0.0,0.0,0.0,0.0,0.0,0.0,0.0,0.0,0.0,0,-107875648.0,53,0.0,106,-107614832.0,-107350944.0,ERR,ERR,ERR,ERR,ERR,ERR,ERR,ERR,ERR,ERR,ERR,ERR,ERR,ERR,ERR,ERR,ERR,ERR,ERR,ERR,ERR,ERR,ERR,ERR,ERR,ERR,ERR,ERR,ERR,ERR,ERR,ERR,ERR,ERR,ERR,ERR,ERR,ERR,ERR,ERR,ERR,ERR,ERR,ERR,ERR,ERR,ERR,ERR,ERR,ERR,ERR,ERR,ERR,ERR,ERR,ERR,ERR,ERR,ERR,ERR,ERR,ERR,ERR,ERR,ERR,ERR,ERR,50.0,60.0,100,0.0,0.0,0.0,0.0,0.0,0.0,0.0,0.0,0.0,0.0,0.0,0.0,0.0,0.0,0.0,0.0,61.6,65,20,65521,50,65476,0,300,0,0,8,20529,65476,0,0,26214,60.0,0.0,0.0,0.0,0.0,0.0
2026-05-17T16:18:59,ERR,ERR,ERR,ERR,ERR,ERR,ERR,ERR,ERR,ERR,ERR,ERR,ERR,ERR,ERR,ERR,ERR,ERR,ERR,ERR,ERR,ERR,ERR,ERR,ERR,ERR,ERR,ERR,ERR,ERR,ERR,ERR,ERR,ERR,ERR,ERR,ERR,ERR,ERR,ERR,ERR,ERR,ERR,ERR,ERR,ERR,ERR,ERR,ERR,ERR,ERR,ERR,ERR,ERR,ERR,ERR,ERR,ERR,ERR,ERR,ERR,ERR,ERR,ERR,ERR,ERR,ERR,ERR,ERR,ERR,ERR,ERR,ERR,ERR,ERR,ERR,ERR,ERR,ERR,ERR,ERR,ERR,ERR,ERR,ERR,ERR,ERR,ERR,ERR,ERR,ERR,ERR,ERR,ERR,ERR,ERR,ERR,ERR,ERR,ERR,ERR,ERR,ERR,ERR,ERR,ERR,ERR,ERR,ERR,ERR,ERR,ERR,ERR,ERR,ERR,ERR,ERR,ERR,ERR,ERR,ERR,ERR,ERR,ERR,ERR,0.0,-107615288.0,-134474944.0,0.0,0.0,1.3936040501711995e+18,7.805,0.0,0,0,4,0,8422,0.0,45,0.0,0.0,0.0,0.0,0.0,0,0,0,0,0.0,0,0,0,0,0,0,0,0,0,0,0,0,0,0,0,0,0,0,0,0,0,0,0,0,0,0,0,0,0,0,0,0,0,38,14,7,45,65476,0,300,0,0,8,21553,0.0,-107605600.0,0.0,0.0,0.0,0.0,0.0,0.0,0.0,0.0,0.0,0.0,0.0,0.0,0.0,0.0,0.0,0.0,0.0,0.0,0.0,0.0,-2.004,-2.004,-0.0,0.0,0.0,0.0,0.0,0.0,5045.0,-8608183296.0,0.0,0.0,-107615288.0,0.0,-0.0,0.0,0.0,0.0,0.0,53,-0.0,0.0,0.0,0.0,0.0,0.0,0.0,0.0,0.0,0,0,0,0.0,0.0,0.0,0.0,0.0,0.0,0.0,0.0,0.0,0.0,0.0,0.0,0.0,0.0,0.0,0.0,0,-107875648.0,53,0.0,106,-107614832.0,-107350944.0,ERR,ERR,ERR,ERR,ERR,ERR,ERR,ERR,ERR,ERR,ERR,ERR,ERR,ERR,ERR,ERR,ERR,ERR,ERR,ERR,ERR,ERR,ERR,ERR,ERR,ERR,ERR,ERR,ERR,ERR,ERR,ERR,ERR,ERR,ERR,ERR,ERR,ERR,ERR,ERR,ERR,ERR,ERR,ERR,ERR,ERR,ERR,ERR,ERR,ERR,ERR,ERR,ERR,ERR,ERR,ERR,ERR,ERR,ERR,ERR,ERR,ERR,ERR,ERR,ERR,ERR,ERR,50.0,60.0,100,0.0,0.0,0.0,0.0,0.0,0.0,0.0,0.0,0.0,0.0,0.0,0.0,0.0,0.0,0.0,0.0,61.6,65,20,65521,50,65476,0,300,0,0,8,20529,65476,0,0,26214,60.0,0.0,0.0,0.0,0.0,0.0
2026-05-17T16:19:00,ERR,ERR,ERR,ERR,ERR,ERR,ERR,ERR,ERR,ERR,ERR,ERR,ERR,ERR,ERR,ERR,ERR,ERR,ERR,ERR,ERR,ERR,ERR,ERR,ERR,ERR,ERR,ERR,ERR,ERR,ERR,ERR,ERR,ERR,ERR,ERR,ERR,ERR,ERR,ERR,ERR,ERR,ERR,ERR,ERR,ERR,ERR,ERR,ERR,ERR,ERR,ERR,ERR,ERR,ERR,ERR,ERR,ERR,ERR,ERR,ERR,ERR,ERR,ERR,ERR,ERR,ERR,ERR,ERR,ERR,ERR,ERR,ERR,ERR,ERR,ERR,ERR,ERR,ERR,ERR,ERR,ERR,ERR,ERR,ERR,ERR,ERR,ERR,ERR,ERR,ERR,ERR,ERR,ERR,ERR,ERR,ERR,ERR,ERR,ERR,ERR,ERR,ERR,ERR,ERR,ERR,ERR,ERR,ERR,ERR,ERR,ERR,ERR,ERR,ERR,ERR,ERR,ERR,ERR,ERR,ERR,ERR,ERR,ERR,ERR,0.0,-107615288.0,-134474944.0,0.0,0.0,1.3936040501711995e+18,7.805,0.0,0,0,4,0,8422,0.0,45,0.0,0.0,0.0,0.0,0.0,0,0,0,0,0.0,0,0,0,0,0,0,0,0,0,0,0,0,0,0,0,0,0,0,0,0,0,0,0,0,0,0,0,0,0,0,0,0,0,38,14,7,45,65476,0,300,0,0,8,21553,0.0,-107605600.0,0.0,0.0,0.0,0.0,0.0,0.0,0.0,0.0,0.0,0.0,0.0,0.0,0.0,0.0,0.0,0.0,0.0,0.0,0.0,0.0,-2.004,-2.004,-0.0,0.0,0.0,0.0,0.0,0.0,5045.0,-8608183296.0,0.0,0.0,-107615288.0,0.0,-0.0,0.0,0.0,0.0,0.0,53,-0.0,0.0,0.0,0.0,0.0,0.0,0.0,0.0,0.0,0,0,0,0.0,0.0,0.0,0.0,0.0,0.0,0.0,0.0,0.0,0.0,0.0,0.0,0.0,0.0,0.0,0.0,0,-107875648.0,53,0.0,106,-107614832.0,-107350944.0,ERR,ERR,ERR,ERR,ERR,ERR,ERR,ERR,ERR,ERR,ERR,ERR,ERR,ERR,ERR,ERR,ERR,ERR,ERR,ERR,ERR,ERR,ERR,ERR,ERR,ERR,ERR,ERR,ERR,ERR,ERR,ERR,ERR,ERR,ERR,ERR,ERR,ERR,ERR,ERR,ERR,ERR,ERR,ERR,ERR,ERR,ERR,ERR,ERR,ERR,ERR,ERR,ERR,ERR,ERR,ERR,ERR,ERR,ERR,ERR,ERR,ERR,ERR,ERR,ERR,ERR,ERR,50.0,60.0,100,0.0,0.0,0.0,0.0,0.0,0.0,0.0,0.0,0.0,0.0,0.0,0.0,0.0,0.0,0.0,0.0,62.0,65,20,65521,50,65476,0,300,0,0,8,20529,65476,0,0,26214,60.0,0.0,0.0,0.0,0.0,0.0
2026-05-17T16:19:01,ERR,ERR,ERR,ERR,ERR,ERR,ERR,ERR,ERR,ERR,ERR,ERR,ERR,ERR,ERR,ERR,ERR,ERR,ERR,ERR,ERR,ERR,ERR,ERR,ERR,ERR,ERR,ERR,ERR,ERR,ERR,ERR,ERR,ERR,ERR,ERR,ERR,ERR,ERR,ERR,ERR,ERR,ERR,ERR,ERR,ERR,ERR,ERR,ERR,ERR,ERR,ERR,ERR,ERR,ERR,ERR,ERR,ERR,ERR,ERR,ERR,ERR,ERR,ERR,ERR,ERR,ERR,ERR,ERR,ERR,ERR,ERR,ERR,ERR,ERR,ERR,ERR,ERR,ERR,ERR,ERR,ERR,ERR,ERR,ERR,ERR,ERR,ERR,ERR,ERR,ERR,ERR,ERR,ERR,ERR,ERR,ERR,ERR,ERR,ERR,ERR,ERR,ERR,ERR,ERR,ERR,ERR,ERR,ERR,ERR,ERR,ERR,ERR,ERR,ERR,ERR,ERR,ERR,ERR,ERR,ERR,ERR,ERR,ERR,ERR,0.0,-107615288.0,-134474944.0,0.0,0.0,1.3936040501711995e+18,7.805,0.0,0,0,4,0,8422,0.0,45,0.0,0.0,0.0,0.0,0.0,0,0,0,0,0.0,0,0,0,0,0,0,0,0,0,0,0,0,0,0,0,0,0,0,0,0,0,0,0,0,0,0,0,0,0,0,0,0,0,38,14,7,45,65476,0,300,0,0,8,21553,0.0,-107605600.0,0.0,0.0,0.0,0.0,0.0,0.0,0.0,0.0,0.0,0.0,0.0,0.0,0.0,0.0,0.0,0.0,0.0,0.0,0.0,0.0,-2.004,-2.004,-0.0,0.0,0.0,0.0,0.0,0.0,5045.0,-8608183296.0,0.0,0.0,-107615288.0,0.0,-0.0,0.0,0.0,0.0,0.0,53,-0.0,0.0,0.0,0.0,0.0,0.0,0.0,0.0,0.0,0,0,0,0.0,0.0,0.0,0.0,0.0,0.0,0.0,0.0,0.0,0.0,0.0,0.0,0.0,0.0,0.0,0.0,0,-107875648.0,53,0.0,106,-107614832.0,-107350944.0,ERR,ERR,ERR,ERR,ERR,ERR,ERR,ERR,ERR,ERR,ERR,ERR,ERR,ERR,ERR,ERR,ERR,ERR,ERR,ERR,ERR,ERR,ERR,ERR,ERR,ERR,ERR,ERR,ERR,ERR,ERR,ERR,ERR,ERR,ERR,ERR,ERR,ERR,ERR,ERR,ERR,ERR,ERR,ERR,ERR,ERR,ERR,ERR,ERR,ERR,ERR,ERR,ERR,ERR,ERR,ERR,ERR,ERR,ERR,ERR,ERR,ERR,ERR,ERR,ERR,ERR,ERR,50.0,60.0,100,0.0,0.0,0.0,0.0,0.0,0.0,0.0,0.0,0.0,0.0,0.0,0.0,0.0,0.0,0.0,0.0,61.6,65,20,65521,50,65476,0,300,0,0,8,20529,65476,0,0,26214,60.0,0.0,0.0,0.0,0.0,0.0
2026-05-17T16:19:02,ERR,ERR,ERR,ERR,ERR,ERR,ERR,ERR,ERR,ERR,ERR,ERR,ERR,ERR,ERR,ERR,ERR,ERR,ERR,ERR,ERR,ERR,ERR,ERR,ERR,ERR,ERR,ERR,ERR,ERR,ERR,ERR,ERR,ERR,ERR,ERR,ERR,ERR,ERR,ERR,ERR,ERR,ERR,ERR,ERR,ERR,ERR,ERR,ERR,ERR,ERR,ERR,ERR,ERR,ERR,ERR,ERR,ERR,ERR,ERR,ERR,ERR,ERR,ERR,ERR,ERR,ERR,ERR,ERR,ERR,ERR,ERR,ERR,ERR,ERR,ERR,ERR,ERR,ERR,ERR,ERR,ERR,ERR,ERR,ERR,ERR,ERR,ERR,ERR,ERR,ERR,ERR,ERR,ERR,ERR,ERR,ERR,ERR,ERR,ERR,ERR,ERR,ERR,ERR,ERR,ERR,ERR,ERR,ERR,ERR,ERR,ERR,ERR,ERR,ERR,ERR,ERR,ERR,ERR,ERR,ERR,ERR,ERR,ERR,ERR,0.0,-107615288.0,-134474944.0,0.0,0.0,1.3936040501711995e+18,7.805,0.0,0,0,4,0,8422,0.0,45,0.0,0.0,0.0,0.0,0.0,0,0,0,0,0.0,0,0,0,0,0,0,0,0,0,0,0,0,0,0,0,0,0,0,0,0,0,0,0,0,0,0,0,0,0,0,0,0,0,38,14,7,45,65476,0,300,0,0,8,21553,0.0,-107605600.0,0.0,0.0,0.0,0.0,0.0,0.0,0.0,0.0,0.0,0.0,0.0,0.0,0.0,0.0,0.0,0.0,0.0,0.0,0.0,0.0,0.0,-2.004,-0.0,0.0,0.0,0.0,0.0,0.0,5075.0,0.0,0.0,0.0,-107615288.0,0.0,-0.0,0.0,0.0,0.0,0.0,53,4.950428597886765e+32,126840553472.0,0.0,0.0,0.0,0.0,0.0,0.0,0.0,0,0,0,0.0,0.0,0.0,0.0,0.0,0.0,0.0,0.0,0.0,0.0,0.0,0.0,0.0,0.0,0.0,0.0,0,-107875648.0,53,0.0,106,-107614832.0,-107350944.0,ERR,ERR,ERR,ERR,ERR,ERR,ERR,ERR,ERR,ERR,ERR,ERR,ERR,ERR,ERR,ERR,ERR,ERR,ERR,ERR,ERR,ERR,ERR,ERR,ERR,ERR,ERR,ERR,ERR,ERR,ERR,ERR,ERR,ERR,ERR,ERR,ERR,ERR,ERR,ERR,ERR,ERR,ERR,ERR,ERR,ERR,ERR,ERR,ERR,ERR,ERR,ERR,ERR,ERR,ERR,ERR,ERR,ERR,ERR,ERR,ERR,ERR,ERR,ERR,ERR,ERR,ERR,50.0,60.0,100,0.0,0.0,0.0,0.0,0.0,0.0,0.0,0.0,0.0,0.0,0.0,0.0,0.0,0.0,0.0,0.0,61.6,65,20,65521,50,65476,0,300,0,0,8,20529,65476,0,0,26214,60.0,0.0,0.0,0.0,0.0,0.0
2026-05-17T16:19:03,ERR,ERR,ERR,ERR,ERR,ERR,ERR,ERR,ERR,ERR,ERR,ERR,ERR,ERR,ERR,ERR,ERR,ERR,ERR,ERR,ERR,ERR,ERR,ERR,ERR,ERR,ERR,ERR,ERR,ERR,ERR,ERR,ERR,ERR,ERR,ERR,ERR,ERR,ERR,ERR,ERR,ERR,ERR,ERR,ERR,ERR,ERR,ERR,ERR,ERR,ERR,ERR,ERR,ERR,ERR,ERR,ERR,ERR,ERR,ERR,ERR,ERR,ERR,ERR,ERR,ERR,ERR,ERR,ERR,ERR,ERR,ERR,ERR,ERR,ERR,ERR,ERR,ERR,ERR,ERR,ERR,ERR,ERR,ERR,ERR,ERR,ERR,ERR,ERR,ERR,ERR,ERR,ERR,ERR,ERR,ERR,ERR,ERR,ERR,ERR,ERR,ERR,ERR,ERR,ERR,ERR,ERR,ERR,ERR,ERR,ERR,ERR,ERR,ERR,ERR,ERR,ERR,ERR,ERR,ERR,ERR,ERR,ERR,ERR,ERR,0.0,-107615288.0,-134474944.0,0.0,0.0,1.3936040501711995e+18,7.805,0.0,0,0,4,0,8422,0.0,45,0.0,0.0,0.0,0.0,0.0,0,0,0,0,0.0,0,0,0,0,0,0,0,0,0,0,0,0,0,0,0,0,0,0,0,0,0,0,0,0,0,0,0,0,0,0,0,0,0,38,14,7,45,65476,0,300,0,0,8,21553,0.0,-107605600.0,0.0,0.0,0.0,0.0,0.0,0.0,0.0,0.0,0.0,0.0,0.0,0.0,0.0,0.0,0.0,0.0,0.0,0.0,0.0,0.0,0.0,-2.004,-0.0,0.0,0.0,0.0,0.0,0.0,5075.0,0.0,0.0,0.0,-107615288.0,0.0,-0.0,0.0,0.0,0.0,0.0,53,4.950428597886765e+32,126840553472.0,0.0,0.0,0.0,0.0,0.0,0.0,0.0,0,0,0,0.0,0.0,0.0,0.0,0.0,0.0,0.0,0.0,0.0,0.0,0.0,0.0,0.0,0.0,0.0,0.0,0,-107875648.0,53,0.0,106,-107614832.0,-107350944.0,ERR,ERR,ERR,ERR,ERR,ERR,ERR,ERR,ERR,ERR,ERR,ERR,ERR,ERR,ERR,ERR,ERR,ERR,ERR,ERR,ERR,ERR,ERR,ERR,ERR,ERR,ERR,ERR,ERR,ERR,ERR,ERR,ERR,ERR,ERR,ERR,ERR,ERR,ERR,ERR,ERR,ERR,ERR,ERR,ERR,ERR,ERR,ERR,ERR,ERR,ERR,ERR,ERR,ERR,ERR,ERR,ERR,ERR,ERR,ERR,ERR,ERR,ERR,ERR,ERR,ERR,ERR,50.0,60.0,100,0.0,0.0,0.0,0.0,0.0,0.0,0.0,0.0,0.0,0.0,0.0,0.0,0.0,0.0,0.0,0.0,61.6,65,20,65521,50,65476,0,300,0,0,8,20529,65476,0,0,26214,60.0,0.0,0.0,0.0,0.0,0.0
2026-05-17T16:19:04,ERR,ERR,ERR,ERR,ERR,ERR,ERR,ERR,ERR,ERR,ERR,ERR,ERR,ERR,ERR,ERR,ERR,ERR,ERR,ERR,ERR,ERR,ERR,ERR,ERR,ERR,ERR,ERR,ERR,ERR,ERR,ERR,ERR,ERR,ERR,ERR,ERR,ERR,ERR,ERR,ERR,ERR,ERR,ERR,ERR,ERR,ERR,ERR,ERR,ERR,ERR,ERR,ERR,ERR,ERR,ERR,ERR,ERR,ERR,ERR,ERR,ERR,ERR,ERR,ERR,ERR,ERR,ERR,ERR,ERR,ERR,ERR,ERR,ERR,ERR,ERR,ERR,ERR,ERR,ERR,ERR,ERR,ERR,ERR,ERR,ERR,ERR,ERR,ERR,ERR,ERR,ERR,ERR,ERR,ERR,ERR,ERR,ERR,ERR,ERR,ERR,ERR,ERR,ERR,ERR,ERR,ERR,ERR,ERR,ERR,ERR,ERR,ERR,ERR,ERR,ERR,ERR,ERR,ERR,ERR,ERR,ERR,ERR,ERR,ERR,0.0,-107615288.0,-134474944.0,0.0,0.0,1.3936040501711995e+18,7.805,0.0,0,0,4,0,8422,0.0,45,0.0,0.0,0.0,0.0,0.0,0,0,0,0,0.0,0,0,0,0,0,0,0,0,0,0,0,0,0,0,0,0,0,0,0,0,0,0,0,0,0,0,0,0,0,0,0,0,0,38,14,7,45,65476,0,300,0,0,8,21553,0.0,-107605600.0,0.0,0.0,0.0,0.0,0.0,0.0,0.0,0.0,0.0,0.0,0.0,0.0,0.0,0.0,0.0,0.0,0.0,0.0,0.0,0.0,0.0,-2.004,-0.0,0.0,0.0,0.0,0.0,0.0,5075.0,0.0,0.0,0.0,-107615288.0,0.0,-0.0,0.0,0.0,0.0,0.0,53,4.950428597886765e+32,126840553472.0,0.0,0.0,0.0,0.0,0.0,0.0,0.0,0,0,0,0.0,0.0,0.0,0.0,0.0,0.0,0.0,0.0,0.0,0.0,0.0,0.0,0.0,0.0,0.0,0.0,0,-107875648.0,53,0.0,106,-107614832.0,-107350944.0,ERR,ERR,ERR,ERR,ERR,ERR,ERR,ERR,ERR,ERR,ERR,ERR,ERR,ERR,ERR,ERR,ERR,ERR,ERR,ERR,ERR,ERR,ERR,ERR,ERR,ERR,ERR,ERR,ERR,ERR,ERR,ERR,ERR,ERR,ERR,ERR,ERR,ERR,ERR,ERR,ERR,ERR,ERR,ERR,ERR,ERR,ERR,ERR,ERR,ERR,ERR,ERR,ERR,ERR,ERR,ERR,ERR,ERR,ERR,ERR,ERR,ERR,ERR,ERR,ERR,ERR,ERR,50.0,60.0,100,0.0,0.0,0.0,0.0,0.0,0.0,0.0,0.0,0.0,0.0,0.0,0.0,0.0,0.0,0.0,0.0,61.6,65,20,65521,50,65476,0,300,0,0,8,20529,65476,0,0,26214,60.0,0.0,0.0,0.0,0.0,0.0
2026-05-17T16:19:05,ERR,ERR,ERR,ERR,ERR,ERR,ERR,ERR,ERR,ERR,ERR,ERR,ERR,ERR,ERR,ERR,ERR,ERR,ERR,ERR,ERR,ERR,ERR,ERR,ERR,ERR,ERR,ERR,ERR,ERR,ERR,ERR,ERR,ERR,ERR,ERR,ERR,ERR,ERR,ERR,ERR,ERR,ERR,ERR,ERR,ERR,ERR,ERR,ERR,ERR,ERR,ERR,ERR,ERR,ERR,ERR,ERR,ERR,ERR,ERR,ERR,ERR,ERR,ERR,ERR,ERR,ERR,ERR,ERR,ERR,ERR,ERR,ERR,ERR,ERR,ERR,ERR,ERR,ERR,ERR,ERR,ERR,ERR,ERR,ERR,ERR,ERR,ERR,ERR,ERR,ERR,ERR,ERR,ERR,ERR,ERR,ERR,ERR,ERR,ERR,ERR,ERR,ERR,ERR,ERR,ERR,ERR,ERR,ERR,ERR,ERR,ERR,ERR,ERR,ERR,ERR,ERR,ERR,ERR,ERR,ERR,ERR,ERR,ERR,ERR,0.0,-107615288.0,-134474944.0,0.0,0.0,1.3936040501711995e+18,7.805,0.0,0,0,4,0,8422,0.0,45,0.0,0.0,0.0,0.0,0.0,0,0,0,0,0.0,0,0,0,0,0,0,0,0,0,0,0,0,0,0,0,0,0,0,0,0,0,0,0,0,0,0,0,0,0,0,0,0,0,38,14,7,45,65476,0,300,0,0,8,21553,0.0,-107605600.0,0.0,0.0,0.0,0.0,0.0,0.0,0.0,0.0,0.0,0.0,0.0,0.0,0.0,0.0,0.0,0.0,0.0,0.0,0.0,0.0,0.0,-2.004,-0.0,0.0,0.0,0.0,0.0,0.0,5075.0,0.0,0.0,0.0,-107615288.0,0.0,-0.0,0.0,0.0,0.0,0.0,53,4.950428597886765e+32,126840553472.0,0.0,0.0,0.0,0.0,0.0,0.0,0.0,0,0,0,0.0,0.0,0.0,0.0,0.0,0.0,0.0,0.0,0.0,0.0,0.0,0.0,0.0,0.0,0.0,0.0,0,-107875648.0,53,0.0,106,-107614832.0,-107350944.0,ERR,ERR,ERR,ERR,ERR,ERR,ERR,ERR,ERR,ERR,ERR,ERR,ERR,ERR,ERR,ERR,ERR,ERR,ERR,ERR,ERR,ERR,ERR,ERR,ERR,ERR,ERR,ERR,ERR,ERR,ERR,ERR,ERR,ERR,ERR,ERR,ERR,ERR,ERR,ERR,ERR,ERR,ERR,ERR,ERR,ERR,ERR,ERR,ERR,ERR,ERR,ERR,ERR,ERR,ERR,ERR,ERR,ERR,ERR,ERR,ERR,ERR,ERR,ERR,ERR,ERR,ERR,50.0,60.0,100,0.0,0.0,0.0,0.0,0.0,0.0,0.0,0.0,0.0,0.0,0.0,0.0,0.0,0.0,0.0,0.0,62.0,65,20,65521,50,65476,0,300,0,0,8,20529,65476,0,0,26214,60.0,0.0,0.0,0.0,0.0,0.0
2026-05-17T16:19:06,ERR,ERR,ERR,ERR,ERR,ERR,ERR,ERR,ERR,ERR,ERR,ERR,ERR,ERR,ERR,ERR,ERR,ERR,ERR,ERR,ERR,ERR,ERR,ERR,ERR,ERR,ERR,ERR,ERR,ERR,ERR,ERR,ERR,ERR,ERR,ERR,ERR,ERR,ERR,ERR,ERR,ERR,ERR,ERR,ERR,ERR,ERR,ERR,ERR,ERR,ERR,ERR,ERR,ERR,ERR,ERR,ERR,ERR,ERR,ERR,ERR,ERR,ERR,ERR,ERR,ERR,ERR,ERR,ERR,ERR,ERR,ERR,ERR,ERR,ERR,ERR,ERR,ERR,ERR,ERR,ERR,ERR,ERR,ERR,ERR,ERR,ERR,ERR,ERR,ERR,ERR,ERR,ERR,ERR,ERR,ERR,ERR,ERR,ERR,ERR,ERR,ERR,ERR,ERR,ERR,ERR,ERR,ERR,ERR,ERR,ERR,ERR,ERR,ERR,ERR,ERR,ERR,ERR,ERR,ERR,ERR,ERR,ERR,ERR,ERR,0.0,-107615288.0,-134474944.0,0.0,0.0,1.3936040501711995e+18,7.805,0.0,0,0,4,0,8422,0.0,45,0.0,0.0,0.0,0.0,0.0,0,0,0,0,0.0,0,0,0,0,0,0,0,0,0,0,0,0,0,0,0,0,0,0,0,0,0,0,0,0,0,0,0,0,0,0,0,0,0,38,14,7,45,65476,0,300,0,0,8,21553,0.0,-107605600.0,0.0,0.0,0.0,0.0,0.0,0.0,0.0,0.0,0.0,0.0,0.0,0.0,0.0,0.0,0.0,0.0,0.0,0.0,0.0,0.0,0.0,-2.004,-0.0,0.0,0.0,0.0,0.0,0.0,5075.0,0.0,0.0,0.0,-107615288.0,0.0,-0.0,0.0,0.0,0.0,0.0,53,4.950428597886765e+32,126840553472.0,0.0,0.0,0.0,0.0,0.0,0.0,0.0,0,0,0,0.0,0.0,0.0,0.0,0.0,0.0,0.0,0.0,0.0,0.0,0.0,0.0,0.0,0.0,0.0,0.0,0,-107875648.0,53,0.0,106,-107614832.0,-107350944.0,ERR,ERR,ERR,ERR,ERR,ERR,ERR,ERR,ERR,ERR,ERR,ERR,ERR,ERR,ERR,ERR,ERR,ERR,ERR,ERR,ERR,ERR,ERR,ERR,ERR,ERR,ERR,ERR,ERR,ERR,ERR,ERR,ERR,ERR,ERR,ERR,ERR,ERR,ERR,ERR,ERR,ERR,ERR,ERR,ERR,ERR,ERR,ERR,ERR,ERR,ERR,ERR,ERR,ERR,ERR,ERR,ERR,ERR,ERR,ERR,ERR,ERR,ERR,ERR,ERR,ERR,ERR,50.0,60.0,100,0.0,0.0,0.0,0.0,0.0,0.0,0.0,0.0,0.0,0.0,0.0,0.0,0.0,0.0,0.0,0.0,62.0,65,20,65521,50,65476,0,300,0,0,8,20529,65476,0,0,26214,60.0,0.0,0.0,0.0,0.0,0.0
2026-05-17T16:19:07,ERR,ERR,ERR,ERR,ERR,ERR,ERR,ERR,ERR,ERR,ERR,ERR,ERR,ERR,ERR,ERR,ERR,ERR,ERR,ERR,ERR,ERR,ERR,ERR,ERR,ERR,ERR,ERR,ERR,ERR,ERR,ERR,ERR,ERR,ERR,ERR,ERR,ERR,ERR,ERR,ERR,ERR,ERR,ERR,ERR,ERR,ERR,ERR,ERR,ERR,ERR,ERR,ERR,ERR,ERR,ERR,ERR,ERR,ERR,ERR,ERR,ERR,ERR,ERR,ERR,ERR,ERR,ERR,ERR,ERR,ERR,ERR,ERR,ERR,ERR,ERR,ERR,ERR,ERR,ERR,ERR,ERR,ERR,ERR,ERR,ERR,ERR,ERR,ERR,ERR,ERR,ERR,ERR,ERR,ERR,ERR,ERR,ERR,ERR,ERR,ERR,ERR,ERR,ERR,ERR,ERR,ERR,ERR,ERR,ERR,ERR,ERR,ERR,ERR,ERR,ERR,ERR,ERR,ERR,ERR,ERR,ERR,ERR,ERR,ERR,0.0,-107615288.0,-134474944.0,0.0,0.0,1.3936040501711995e+18,7.805,0.0,0,0,4,0,8422,0.0,45,0.0,0.0,0.0,0.0,0.0,0,0,0,0,0.0,0,0,0,0,0,0,0,0,0,0,0,0,0,0,0,0,0,0,0,0,0,0,0,0,0,0,0,0,0,0,0,0,0,38,14,7,45,65476,0,300,0,0,8,21553,0.0,-107605600.0,0.0,0.0,0.0,0.0,0.0,0.0,0.0,0.0,0.0,0.0,0.0,0.0,0.0,0.0,0.0,0.0,0.0,0.0,0.0,0.0,-2.004,-2.004,-0.0,0.0,0.0,0.0,0.0,0.0,5035.0,-1.5879295420089355e+29,0.0,0.0,-107615288.0,0.0,-0.0,0.0,0.0,0.0,0.0,53,107615344.0,0.0,0.0,0.0,0.0,0.0,0.0,0.0,0.0,0,0,0,0.0,0.0,0.0,0.0,0.0,0.0,0.0,0.0,0.0,0.0,0.0,0.0,0.0,0.0,0.0,0.0,0,-107875648.0,53,0.0,106,-107614832.0,-107350944.0,ERR,ERR,ERR,ERR,ERR,ERR,ERR,ERR,ERR,ERR,ERR,ERR,ERR,ERR,ERR,ERR,ERR,ERR,ERR,ERR,ERR,ERR,ERR,ERR,ERR,ERR,ERR,ERR,ERR,ERR,ERR,ERR,ERR,ERR,ERR,ERR,ERR,ERR,ERR,ERR,ERR,ERR,ERR,ERR,ERR,ERR,ERR,ERR,ERR,ERR,ERR,ERR,ERR,ERR,ERR,ERR,ERR,ERR,ERR,ERR,ERR,ERR,ERR,ERR,ERR,ERR,ERR,50.0,60.0,100,0.0,0.0,0.0,0.0,0.0,0.0,0.0,0.0,0.0,0.0,0.0,0.0,0.0,0.0,0.0,0.0,61.6,65,20,65521,50,65476,0,300,0,0,8,20529,65476,0,0,26214,60.0,0.0,0.0,0.0,0.0,0.0
2026-05-17T16:19:08,ERR,ERR,ERR,ERR,ERR,ERR,ERR,ERR,ERR,ERR,ERR,ERR,ERR,ERR,ERR,ERR,ERR,ERR,ERR,ERR,ERR,ERR,ERR,ERR,ERR,ERR,ERR,ERR,ERR,ERR,ERR,ERR,ERR,ERR,ERR,ERR,ERR,ERR,ERR,ERR,ERR,ERR,ERR,ERR,ERR,ERR,ERR,ERR,ERR,ERR,ERR,ERR,ERR,ERR,ERR,ERR,ERR,ERR,ERR,ERR,ERR,ERR,ERR,ERR,ERR,ERR,ERR,ERR,ERR,ERR,ERR,ERR,ERR,ERR,ERR,ERR,ERR,ERR,ERR,ERR,ERR,ERR,ERR,ERR,ERR,ERR,ERR,ERR,ERR,ERR,ERR,ERR,ERR,ERR,ERR,ERR,ERR,ERR,ERR,ERR,ERR,ERR,ERR,ERR,ERR,ERR,ERR,ERR,ERR,ERR,ERR,ERR,ERR,ERR,ERR,ERR,ERR,ERR,ERR,ERR,ERR,ERR,ERR,ERR,ERR,0.0,-107615288.0,-134474944.0,0.0,0.0,1.3936040501711995e+18,7.805,0.0,0,0,4,0,8422,0.0,45,0.0,0.0,0.0,0.0,0.0,0,0,0,0,0.0,0,0,0,0,0,0,0,0,0,0,0,0,0,0,0,0,0,0,0,0,0,0,0,0,0,0,0,0,0,0,0,0,0,38,14,7,45,65476,0,300,0,0,8,21553,0.0,-107605600.0,0.0,0.0,0.0,0.0,0.0,0.0,0.0,0.0,0.0,0.0,0.0,0.0,0.0,0.0,0.0,0.0,0.0,0.0,0.0,0.0,-2.004,-2.004,-0.0,0.0,0.0,0.0,0.0,0.0,5035.0,-1.5879295420089355e+29,0.0,0.0,-107615288.0,0.0,-0.0,0.0,0.0,0.0,0.0,53,107615344.0,0.0,0.0,0.0,0.0,0.0,0.0,0.0,0.0,0,0,0,0.0,0.0,0.0,0.0,0.0,0.0,0.0,0.0,0.0,0.0,0.0,0.0,0.0,0.0,0.0,0.0,0,-107875648.0,53,0.0,106,-107614832.0,-107350944.0,ERR,ERR,ERR,ERR,ERR,ERR,ERR,ERR,ERR,ERR,ERR,ERR,ERR,ERR,ERR,ERR,ERR,ERR,ERR,ERR,ERR,ERR,ERR,ERR,ERR,ERR,ERR,ERR,ERR,ERR,ERR,ERR,ERR,ERR,ERR,ERR,ERR,ERR,ERR,ERR,ERR,ERR,ERR,ERR,ERR,ERR,ERR,ERR,ERR,ERR,ERR,ERR,ERR,ERR,ERR,ERR,ERR,ERR,ERR,ERR,ERR,ERR,ERR,ERR,ERR,ERR,ERR,50.0,60.0,100,0.0,0.0,0.0,0.0,0.0,0.0,0.0,0.0,0.0,0.0,0.0,0.0,0.0,0.0,0.0,0.0,61.6,65,20,65521,50,65476,0,300,0,0,8,20529,65476,0,0,26214,60.0,0.0,0.0,0.0,0.0,0.0
2026-05-17T16:19:09,ERR,ERR,ERR,ERR,ERR,ERR,ERR,ERR,ERR,ERR,ERR,ERR,ERR,ERR,ERR,ERR,ERR,ERR,ERR,ERR,ERR,ERR,ERR,ERR,ERR,ERR,ERR,ERR,ERR,ERR,ERR,ERR,ERR,ERR,ERR,ERR,ERR,ERR,ERR,ERR,ERR,ERR,ERR,ERR,ERR,ERR,ERR,ERR,ERR,ERR,ERR,ERR,ERR,ERR,ERR,ERR,ERR,ERR,ERR,ERR,ERR,ERR,ERR,ERR,ERR,ERR,ERR,ERR,ERR,ERR,ERR,ERR,ERR,ERR,ERR,ERR,ERR,ERR,ERR,ERR,ERR,ERR,ERR,ERR,ERR,ERR,ERR,ERR,ERR,ERR,ERR,ERR,ERR,ERR,ERR,ERR,ERR,ERR,ERR,ERR,ERR,ERR,ERR,ERR,ERR,ERR,ERR,ERR,ERR,ERR,ERR,ERR,ERR,ERR,ERR,ERR,ERR,ERR,ERR,ERR,ERR,ERR,ERR,ERR,ERR,0.0,-107615288.0,-134474944.0,0.0,0.0,1.3936040501711995e+18,7.805,0.0,0,0,4,0,8422,0.0,45,0.0,0.0,0.0,0.0,0.0,0,0,0,0,0.0,0,0,0,0,0,0,0,0,0,0,0,0,0,0,0,0,0,0,0,0,0,0,0,0,0,0,0,0,0,0,0,0,0,38,14,7,45,65476,0,300,0,0,8,21553,0.0,-107605600.0,0.0,0.0,0.0,0.0,0.0,0.0,0.0,0.0,0.0,0.0,0.0,0.0,0.0,0.0,0.0,0.0,0.0,0.0,0.0,0.0,-2.004,-2.004,-0.0,0.0,0.0,0.0,0.0,0.0,5035.0,-1.5879295420089355e+29,0.0,0.0,-107615288.0,0.0,-0.0,0.0,0.0,0.0,0.0,53,107615344.0,0.0,0.0,0.0,0.0,0.0,0.0,0.0,0.0,0,0,0,0.0,0.0,0.0,0.0,0.0,0.0,0.0,0.0,0.0,0.0,0.0,0.0,0.0,0.0,0.0,0.0,0,-107875648.0,53,0.0,106,-107614832.0,-107350944.0,ERR,ERR,ERR,ERR,ERR,ERR,ERR,ERR,ERR,ERR,ERR,ERR,ERR,ERR,ERR,ERR,ERR,ERR,ERR,ERR,ERR,ERR,ERR,ERR,ERR,ERR,ERR,ERR,ERR,ERR,ERR,ERR,ERR,ERR,ERR,ERR,ERR,ERR,ERR,ERR,ERR,ERR,ERR,ERR,ERR,ERR,ERR,ERR,ERR,ERR,ERR,ERR,ERR,ERR,ERR,ERR,ERR,ERR,ERR,ERR,ERR,ERR,ERR,ERR,ERR,ERR,ERR,50.0,60.0,100,0.0,0.0,0.0,0.0,0.0,0.0,0.0,0.0,0.0,0.0,0.0,0.0,0.0,0.0,0.0,0.0,61.6,65,20,65521,50,65476,0,300,0,0,8,20529,65476,0,0,26214,60.0,0.0,0.0,0.0,0.0,0.0
2026-05-17T16:19:10,ERR,ERR,ERR,ERR,ERR,ERR,ERR,ERR,ERR,ERR,ERR,ERR,ERR,ERR,ERR,ERR,ERR,ERR,ERR,ERR,ERR,ERR,ERR,ERR,ERR,ERR,ERR,ERR,ERR,ERR,ERR,ERR,ERR,ERR,ERR,ERR,ERR,ERR,ERR,ERR,ERR,ERR,ERR,ERR,ERR,ERR,ERR,ERR,ERR,ERR,ERR,ERR,ERR,ERR,ERR,ERR,ERR,ERR,ERR,ERR,ERR,ERR,ERR,ERR,ERR,ERR,ERR,ERR,ERR,ERR,ERR,ERR,ERR,ERR,ERR,ERR,ERR,ERR,ERR,ERR,ERR,ERR,ERR,ERR,ERR,ERR,ERR,ERR,ERR,ERR,ERR,ERR,ERR,ERR,ERR,ERR,ERR,ERR,ERR,ERR,ERR,ERR,ERR,ERR,ERR,ERR,ERR,ERR,ERR,ERR,ERR,ERR,ERR,ERR,ERR,ERR,ERR,ERR,ERR,ERR,ERR,ERR,ERR,ERR,ERR,0.0,-107615288.0,-134474944.0,0.0,0.0,1.3936040501711995e+18,7.805,0.0,0,0,4,0,8422,0.0,45,0.0,0.0,0.0,0.0,0.0,0,0,0,0,0.0,0,0,0,0,0,0,0,0,0,0,0,0,0,0,0,0,0,0,0,0,0,0,0,0,0,0,0,0,0,0,0,0,0,38,14,7,45,65476,0,300,0,0,8,21553,0.0,-107605600.0,0.0,0.0,0.0,0.0,0.0,0.0,0.0,0.0,0.0,0.0,0.0,0.0,0.0,0.0,0.0,0.0,0.0,0.0,0.0,0.0,-2.004,-2.004,-0.0,0.0,0.0,0.0,0.0,0.0,5035.0,-1.5879295420089355e+29,0.0,0.0,-107615288.0,0.0,-0.0,0.0,0.0,0.0,0.0,53,107615344.0,0.0,0.0,0.0,0.0,0.0,0.0,0.0,0.0,0,0,0,0.0,0.0,0.0,0.0,0.0,0.0,0.0,0.0,0.0,0.0,0.0,0.0,0.0,0.0,0.0,0.0,0,-107875648.0,53,0.0,106,-107614832.0,-107350944.0,ERR,ERR,ERR,ERR,ERR,ERR,ERR,ERR,ERR,ERR,ERR,ERR,ERR,ERR,ERR,ERR,ERR,ERR,ERR,ERR,ERR,ERR,ERR,ERR,ERR,ERR,ERR,ERR,ERR,ERR,ERR,ERR,ERR,ERR,ERR,ERR,ERR,ERR,ERR,ERR,ERR,ERR,ERR,ERR,ERR,ERR,ERR,ERR,ERR,ERR,ERR,ERR,ERR,ERR,ERR,ERR,ERR,ERR,ERR,ERR,ERR,ERR,ERR,ERR,ERR,ERR,ERR,50.0,60.0,100,0.0,0.0,0.0,0.0,0.0,0.0,0.0,0.0,0.0,0.0,0.0,0.0,0.0,0.0,0.0,0.0,62.0,65,20,65521,50,65476,0,300,0,0,8,20529,65476,0,0,26214,60.0,0.0,0.0,0.0,0.0,0.0
2026-05-17T16:19:11,ERR,ERR,ERR,ERR,ERR,ERR,ERR,ERR,ERR,ERR,ERR,ERR,ERR,ERR,ERR,ERR,ERR,ERR,ERR,ERR,ERR,ERR,ERR,ERR,ERR,ERR,ERR,ERR,ERR,ERR,ERR,ERR,ERR,ERR,ERR,ERR,ERR,ERR,ERR,ERR,ERR,ERR,ERR,ERR,ERR,ERR,ERR,ERR,ERR,ERR,ERR,ERR,ERR,ERR,ERR,ERR,ERR,ERR,ERR,ERR,ERR,ERR,ERR,ERR,ERR,ERR,ERR,ERR,ERR,ERR,ERR,ERR,ERR,ERR,ERR,ERR,ERR,ERR,ERR,ERR,ERR,ERR,ERR,ERR,ERR,ERR,ERR,ERR,ERR,ERR,ERR,ERR,ERR,ERR,ERR,ERR,ERR,ERR,ERR,ERR,ERR,ERR,ERR,ERR,ERR,ERR,ERR,ERR,ERR,ERR,ERR,ERR,ERR,ERR,ERR,ERR,ERR,ERR,ERR,ERR,ERR,ERR,ERR,ERR,ERR,0.0,-107615288.0,-134474944.0,0.0,0.0,1.3936040501711995e+18,7.805,0.0,0,0,4,0,8422,0.0,45,0.0,0.0,0.0,0.0,0.0,0,0,0,0,0.0,0,0,0,0,0,0,0,0,0,0,0,0,0,0,0,0,0,0,0,0,0,0,0,0,0,0,0,0,0,0,0,0,0,38,14,7,45,65476,0,300,0,0,8,21553,0.0,-107605600.0,0.0,0.0,0.0,0.0,0.0,0.0,0.0,0.0,0.0,0.0,0.0,0.0,0.0,0.0,0.0,0.0,0.0,0.0,0.0,0.0,-2.004,-2.004,-0.0,0.0,0.0,0.0,0.0,0.0,5035.0,-1.5879295420089355e+29,0.0,0.0,-107615288.0,0.0,-0.0,0.0,0.0,0.0,0.0,53,107615344.0,0.0,0.0,0.0,0.0,0.0,0.0,0.0,0.0,0,0,0,0.0,0.0,0.0,0.0,0.0,0.0,0.0,0.0,0.0,0.0,0.0,0.0,0.0,0.0,0.0,0.0,0,-107875648.0,53,0.0,106,-107614832.0,-107350944.0,ERR,ERR,ERR,ERR,ERR,ERR,ERR,ERR,ERR,ERR,ERR,ERR,ERR,ERR,ERR,ERR,ERR,ERR,ERR,ERR,ERR,ERR,ERR,ERR,ERR,ERR,ERR,ERR,ERR,ERR,ERR,ERR,ERR,ERR,ERR,ERR,ERR,ERR,ERR,ERR,ERR,ERR,ERR,ERR,ERR,ERR,ERR,ERR,ERR,ERR,ERR,ERR,ERR,ERR,ERR,ERR,ERR,ERR,ERR,ERR,ERR,ERR,ERR,ERR,ERR,ERR,ERR,50.0,60.0,100,0.0,0.0,0.0,0.0,0.0,0.0,0.0,0.0,0.0,0.0,0.0,0.0,0.0,0.0,0.0,0.0,62.0,65,20,65521,50,65476,0,300,0,0,8,20529,65476,0,0,26214,60.0,0.0,0.0,0.0,0.0,0.0
2026-05-17T16:19:12,ERR,ERR,ERR,ERR,ERR,ERR,ERR,ERR,ERR,ERR,ERR,ERR,ERR,ERR,ERR,ERR,ERR,ERR,ERR,ERR,ERR,ERR,ERR,ERR,ERR,ERR,ERR,ERR,ERR,ERR,ERR,ERR,ERR,ERR,ERR,ERR,ERR,ERR,ERR,ERR,ERR,ERR,ERR,ERR,ERR,ERR,ERR,ERR,ERR,ERR,ERR,ERR,ERR,ERR,ERR,ERR,ERR,ERR,ERR,ERR,ERR,ERR,ERR,ERR,ERR,ERR,ERR,ERR,ERR,ERR,ERR,ERR,ERR,ERR,ERR,ERR,ERR,ERR,ERR,ERR,ERR,ERR,ERR,ERR,ERR,ERR,ERR,ERR,ERR,ERR,ERR,ERR,ERR,ERR,ERR,ERR,ERR,ERR,ERR,ERR,ERR,ERR,ERR,ERR,ERR,ERR,ERR,ERR,ERR,ERR,ERR,ERR,ERR,ERR,ERR,ERR,ERR,ERR,ERR,ERR,ERR,ERR,ERR,ERR,ERR,0.0,-107615288.0,-134474944.0,0.0,0.0,1.3936040501711995e+18,7.805,0.0,0,0,4,0,8422,0.0,45,0.0,0.0,0.0,0.0,0.0,0,0,0,0,0.0,0,0,0,0,0,0,0,0,0,0,0,0,0,0,0,0,0,0,0,0,0,0,0,0,0,0,0,0,0,0,0,0,0,38,14,7,45,65476,0,300,0,0,8,21553,0.0,-107605600.0,0.0,0.0,0.0,0.0,0.0,0.0,0.0,0.0,0.0,0.0,0.0,0.0,0.0,0.0,0.0,0.0,0.0,0.0,0.0,0.0,-2.004,-2.004,-0.0,0.0,0.0,0.0,0.0,0.0,5035.0,-1.5879295420089355e+29,0.0,0.0,-107615288.0,0.0,-0.0,0.0,0.0,0.0,0.0,53,107615344.0,0.0,0.0,0.0,0.0,0.0,0.0,0.0,0.0,0,0,0,0.0,0.0,0.0,0.0,0.0,0.0,0.0,0.0,0.0,0.0,0.0,0.0,0.0,0.0,0.0,0.0,0,-107875648.0,53,0.0,106,-107614832.0,-107350944.0,ERR,ERR,ERR,ERR,ERR,ERR,ERR,ERR,ERR,ERR,ERR,ERR,ERR,ERR,ERR,ERR,ERR,ERR,ERR,ERR,ERR,ERR,ERR,ERR,ERR,ERR,ERR,ERR,ERR,ERR,ERR,ERR,ERR,ERR,ERR,ERR,ERR,ERR,ERR,ERR,ERR,ERR,ERR,ERR,ERR,ERR,ERR,ERR,ERR,ERR,ERR,ERR,ERR,ERR,ERR,ERR,ERR,ERR,ERR,ERR,ERR,ERR,ERR,ERR,ERR,ERR,ERR,50.0,60.0,100,0.0,0.0,0.0,0.0,0.0,0.0,0.0,0.0,0.0,0.0,0.0,0.0,0.0,0.0,0.0,0.0,62.0,65,20,65521,50,65476,0,300,0,0,8,20529,65476,0,0,26214,60.0,0.0,0.0,0.0,0.0,0.0
2026-05-17T16:19:13,ERR,ERR,ERR,ERR,ERR,ERR,ERR,ERR,ERR,ERR,ERR,ERR,ERR,ERR,ERR,ERR,ERR,ERR,ERR,ERR,ERR,ERR,ERR,ERR,ERR,ERR,ERR,ERR,ERR,ERR,ERR,ERR,ERR,ERR,ERR,ERR,ERR,ERR,ERR,ERR,ERR,ERR,ERR,ERR,ERR,ERR,ERR,ERR,ERR,ERR,ERR,ERR,ERR,ERR,ERR,ERR,ERR,ERR,ERR,ERR,ERR,ERR,ERR,ERR,ERR,ERR,ERR,ERR,ERR,ERR,ERR,ERR,ERR,ERR,ERR,ERR,ERR,ERR,ERR,ERR,ERR,ERR,ERR,ERR,ERR,ERR,ERR,ERR,ERR,ERR,ERR,ERR,ERR,ERR,ERR,ERR,ERR,ERR,ERR,ERR,ERR,ERR,ERR,ERR,ERR,ERR,ERR,ERR,ERR,ERR,ERR,ERR,ERR,ERR,ERR,ERR,ERR,ERR,ERR,ERR,ERR,ERR,ERR,ERR,ERR,0.0,-107615288.0,-0.0,0.0,0.0,1.3936040501711995e+18,7.805,0.0,0,0,4,0,8422,0.0,45,0.0,0.0,0.0,0.0,0.0,0,0,0,0,0.0,0,0,0,0,0,0,0,0,0,0,0,0,0,0,0,0,0,0,0,0,0,0,0,0,0,0,0,0,0,0,0,0,0,38,14,7,45,65476,0,300,0,0,8,21553,0.0,-107605600.0,0.0,0.0,0.0,0.0,0.0,0.0,0.0,0.0,0.0,0.0,0.0,0.0,0.0,0.0,0.0,0.0,0.0,0.0,0.0,0.0,-2.004,-2.004,-0.0,0.0,0.0,0.0,0.0,0.0,5039.0,131350.453,0.0,0.0,-107615288.0,0.0,-0.0,0.0,0.0,0.0,0.0,53,2.3088403658719416e+20,126840545280.0,0.0,0.0,0.0,0.0,0.0,0.0,0.0,0,0,0,0.0,0.0,0.0,0.0,0.0,0.0,0.0,0.0,0.0,0.0,0.0,0.0,0.0,0.0,0.0,0.0,0,-107875648.0,53,0.0,106,-107614832.0,-107350944.0,ERR,ERR,ERR,ERR,ERR,ERR,ERR,ERR,ERR,ERR,ERR,ERR,ERR,ERR,ERR,ERR,ERR,ERR,ERR,ERR,ERR,ERR,ERR,ERR,ERR,ERR,ERR,ERR,ERR,ERR,ERR,ERR,ERR,ERR,ERR,ERR,ERR,ERR,ERR,ERR,ERR,ERR,ERR,ERR,ERR,ERR,ERR,ERR,ERR,ERR,ERR,ERR,ERR,ERR,ERR,ERR,ERR,ERR,ERR,ERR,ERR,ERR,ERR,ERR,ERR,ERR,ERR,50.0,60.0,100,0.0,0.0,0.0,0.0,0.0,0.0,0.0,0.0,0.0,0.0,0.0,0.0,0.0,0.0,0.0,0.0,62.0,65,20,65521,50,65476,0,300,0,0,8,20529,65476,0,0,26214,60.0,0.0,0.0,0.0,0.0,0.0
2026-05-17T16:19:14,ERR,ERR,ERR,ERR,ERR,ERR,ERR,ERR,ERR,ERR,ERR,ERR,ERR,ERR,ERR,ERR,ERR,ERR,ERR,ERR,ERR,ERR,ERR,ERR,ERR,ERR,ERR,ERR,ERR,ERR,ERR,ERR,ERR,ERR,ERR,ERR,ERR,ERR,ERR,ERR,ERR,ERR,ERR,ERR,ERR,ERR,ERR,ERR,ERR,ERR,ERR,ERR,ERR,ERR,ERR,ERR,ERR,ERR,ERR,ERR,ERR,ERR,ERR,ERR,ERR,ERR,ERR,ERR,ERR,ERR,ERR,ERR,ERR,ERR,ERR,ERR,ERR,ERR,ERR,ERR,ERR,ERR,ERR,ERR,ERR,ERR,ERR,ERR,ERR,ERR,ERR,ERR,ERR,ERR,ERR,ERR,ERR,ERR,ERR,ERR,ERR,ERR,ERR,ERR,ERR,ERR,ERR,ERR,ERR,ERR,ERR,ERR,ERR,ERR,ERR,ERR,ERR,ERR,ERR,ERR,ERR,ERR,ERR,ERR,ERR,0.0,-107615288.0,-0.0,0.0,0.0,1.3936040501711995e+18,7.805,0.0,0,0,4,0,8422,0.0,45,0.0,0.0,0.0,0.0,0.0,0,0,0,0,0.0,0,0,0,0,0,0,0,0,0,0,0,0,0,0,0,0,0,0,0,0,0,0,0,0,0,0,0,0,0,0,0,0,0,38,14,7,45,65476,0,300,0,0,8,21553,0.0,-107605600.0,0.0,0.0,0.0,0.0,0.0,0.0,0.0,0.0,0.0,0.0,0.0,0.0,0.0,0.0,0.0,0.0,0.0,0.0,0.0,0.0,-2.004,-2.004,-0.0,0.0,0.0,0.0,0.0,0.0,5039.0,131350.453,0.0,0.0,-107615288.0,0.0,-0.0,0.0,0.0,0.0,0.0,53,2.3088403658719416e+20,126840545280.0,0.0,0.0,0.0,0.0,0.0,0.0,0.0,0,0,0,0.0,0.0,0.0,0.0,0.0,0.0,0.0,0.0,0.0,0.0,0.0,0.0,0.0,0.0,0.0,0.0,0,-107875648.0,53,0.0,106,-107614832.0,-107350944.0,ERR,ERR,ERR,ERR,ERR,ERR,ERR,ERR,ERR,ERR,ERR,ERR,ERR,ERR,ERR,ERR,ERR,ERR,ERR,ERR,ERR,ERR,ERR,ERR,ERR,ERR,ERR,ERR,ERR,ERR,ERR,ERR,ERR,ERR,ERR,ERR,ERR,ERR,ERR,ERR,ERR,ERR,ERR,ERR,ERR,ERR,ERR,ERR,ERR,ERR,ERR,ERR,ERR,ERR,ERR,ERR,ERR,ERR,ERR,ERR,ERR,ERR,ERR,ERR,ERR,ERR,ERR,50.0,60.0,100,0.0,0.0,0.0,0.0,0.0,0.0,0.0,0.0,0.0,0.0,0.0,0.0,0.0,0.0,0.0,0.0,61.6,65,20,65521,50,65476,0,300,0,0,8,20529,65476,0,0,26214,60.0,0.0,0.0,0.0,0.0,0.0
2026-05-17T16:19:15,ERR,ERR,ERR,ERR,ERR,ERR,ERR,ERR,ERR,ERR,ERR,ERR,ERR,ERR,ERR,ERR,ERR,ERR,ERR,ERR,ERR,ERR,ERR,ERR,ERR,ERR,ERR,ERR,ERR,ERR,ERR,ERR,ERR,ERR,ERR,ERR,ERR,ERR,ERR,ERR,ERR,ERR,ERR,ERR,ERR,ERR,ERR,ERR,ERR,ERR,ERR,ERR,ERR,ERR,ERR,ERR,ERR,ERR,ERR,ERR,ERR,ERR,ERR,ERR,ERR,ERR,ERR,ERR,ERR,ERR,ERR,ERR,ERR,ERR,ERR,ERR,ERR,ERR,ERR,ERR,ERR,ERR,ERR,ERR,ERR,ERR,ERR,ERR,ERR,ERR,ERR,ERR,ERR,ERR,ERR,ERR,ERR,ERR,ERR,ERR,ERR,ERR,ERR,ERR,ERR,ERR,ERR,ERR,ERR,ERR,ERR,ERR,ERR,ERR,ERR,ERR,ERR,ERR,ERR,ERR,ERR,ERR,ERR,ERR,ERR,0.0,-107615288.0,-0.0,0.0,0.0,1.3936040501711995e+18,7.805,0.0,0,0,4,0,8422,0.0,45,0.0,0.0,0.0,0.0,0.0,0,0,0,0,0.0,0,0,0,0,0,0,0,0,0,0,0,0,0,0,0,0,0,0,0,0,0,0,0,0,0,0,0,0,0,0,0,0,0,38,14,7,45,65476,0,300,0,0,8,21553,0.0,-107605600.0,0.0,0.0,0.0,0.0,0.0,0.0,0.0,0.0,0.0,0.0,0.0,0.0,0.0,0.0,0.0,0.0,0.0,0.0,0.0,0.0,-2.004,-2.004,-0.0,0.0,0.0,0.0,0.0,0.0,5039.0,131350.453,0.0,0.0,-107615288.0,0.0,-0.0,0.0,0.0,0.0,0.0,53,2.3088403658719416e+20,126840545280.0,0.0,0.0,0.0,0.0,0.0,0.0,0.0,0,0,0,0.0,0.0,0.0,0.0,0.0,0.0,0.0,0.0,0.0,0.0,0.0,0.0,0.0,0.0,0.0,0.0,0,-107875648.0,53,0.0,106,-107614832.0,-107350944.0,ERR,ERR,ERR,ERR,ERR,ERR,ERR,ERR,ERR,ERR,ERR,ERR,ERR,ERR,ERR,ERR,ERR,ERR,ERR,ERR,ERR,ERR,ERR,ERR,ERR,ERR,ERR,ERR,ERR,ERR,ERR,ERR,ERR,ERR,ERR,ERR,ERR,ERR,ERR,ERR,ERR,ERR,ERR,ERR,ERR,ERR,ERR,ERR,ERR,ERR,ERR,ERR,ERR,ERR,ERR,ERR,ERR,ERR,ERR,ERR,ERR,ERR,ERR,ERR,ERR,ERR,ERR,50.0,60.0,100,0.0,0.0,0.0,0.0,0.0,0.0,0.0,0.0,0.0,0.0,0.0,0.0,0.0,0.0,0.0,0.0,61.6,65,20,65521,50,65476,0,300,0,0,8,20529,65476,0,0,26214,60.0,0.0,0.0,0.0,0.0,0.0
2026-05-17T16:19:16,ERR,ERR,ERR,ERR,ERR,ERR,ERR,ERR,ERR,ERR,ERR,ERR,ERR,ERR,ERR,ERR,ERR,ERR,ERR,ERR,ERR,ERR,ERR,ERR,ERR,ERR,ERR,ERR,ERR,ERR,ERR,ERR,ERR,ERR,ERR,ERR,ERR,ERR,ERR,ERR,ERR,ERR,ERR,ERR,ERR,ERR,ERR,ERR,ERR,ERR,ERR,ERR,ERR,ERR,ERR,ERR,ERR,ERR,ERR,ERR,ERR,ERR,ERR,ERR,ERR,ERR,ERR,ERR,ERR,ERR,ERR,ERR,ERR,ERR,ERR,ERR,ERR,ERR,ERR,ERR,ERR,ERR,ERR,ERR,ERR,ERR,ERR,ERR,ERR,ERR,ERR,ERR,ERR,ERR,ERR,ERR,ERR,ERR,ERR,ERR,ERR,ERR,ERR,ERR,ERR,ERR,ERR,ERR,ERR,ERR,ERR,ERR,ERR,ERR,ERR,ERR,ERR,ERR,ERR,ERR,ERR,ERR,ERR,ERR,ERR,0.0,-107615288.0,-0.0,0.0,0.0,1.3936040501711995e+18,7.805,0.0,0,0,4,0,8422,0.0,45,0.0,0.0,0.0,0.0,0.0,0,0,0,0,0.0,0,0,0,0,0,0,0,0,0,0,0,0,0,0,0,0,0,0,0,0,0,0,0,0,0,0,0,0,0,0,0,0,0,38,14,7,45,65476,0,300,0,0,8,21553,0.0,-107605600.0,0.0,0.0,0.0,0.0,0.0,0.0,0.0,0.0,0.0,0.0,0.0,0.0,0.0,0.0,0.0,0.0,0.0,0.0,0.0,0.0,-2.004,-2.004,-0.0,0.0,0.0,0.0,0.0,0.0,5039.0,131350.453,0.0,0.0,-107615288.0,0.0,-0.0,0.0,0.0,0.0,0.0,53,2.3088403658719416e+20,126840545280.0,0.0,0.0,0.0,0.0,0.0,0.0,0.0,0,0,0,0.0,0.0,0.0,0.0,0.0,0.0,0.0,0.0,0.0,0.0,0.0,0.0,0.0,0.0,0.0,0.0,0,-107875648.0,53,0.0,106,-107614832.0,-107350944.0,ERR,ERR,ERR,ERR,ERR,ERR,ERR,ERR,ERR,ERR,ERR,ERR,ERR,ERR,ERR,ERR,ERR,ERR,ERR,ERR,ERR,ERR,ERR,ERR,ERR,ERR,ERR,ERR,ERR,ERR,ERR,ERR,ERR,ERR,ERR,ERR,ERR,ERR,ERR,ERR,ERR,ERR,ERR,ERR,ERR,ERR,ERR,ERR,ERR,ERR,ERR,ERR,ERR,ERR,ERR,ERR,ERR,ERR,ERR,ERR,ERR,ERR,ERR,ERR,ERR,ERR,ERR,50.0,60.0,100,0.0,0.0,0.0,0.0,0.0,0.0,0.0,0.0,0.0,0.0,0.0,0.0,0.0,0.0,0.0,0.0,62.0,65,20,65521,50,65476,0,300,0,0,8,20529,65476,0,0,26214,60.0,0.0,0.0,0.0,0.0,0.0
2026-05-17T16:19:17,ERR,ERR,ERR,ERR,ERR,ERR,ERR,ERR,ERR,ERR,ERR,ERR,ERR,ERR,ERR,ERR,ERR,ERR,ERR,ERR,ERR,ERR,ERR,ERR,ERR,ERR,ERR,ERR,ERR,ERR,ERR,ERR,ERR,ERR,ERR,ERR,ERR,ERR,ERR,ERR,ERR,ERR,ERR,ERR,ERR,ERR,ERR,ERR,ERR,ERR,ERR,ERR,ERR,ERR,ERR,ERR,ERR,ERR,ERR,ERR,ERR,ERR,ERR,ERR,ERR,ERR,ERR,ERR,ERR,ERR,ERR,ERR,ERR,ERR,ERR,ERR,ERR,ERR,ERR,ERR,ERR,ERR,ERR,ERR,ERR,ERR,ERR,ERR,ERR,ERR,ERR,ERR,ERR,ERR,ERR,ERR,ERR,ERR,ERR,ERR,ERR,ERR,ERR,ERR,ERR,ERR,ERR,ERR,ERR,ERR,ERR,ERR,ERR,ERR,ERR,ERR,ERR,ERR,ERR,ERR,ERR,ERR,ERR,ERR,ERR,0.0,-107615288.0,-0.0,0.0,0.0,1.3936040501711995e+18,7.805,0.0,0,0,4,0,8422,0.0,45,0.0,0.0,0.0,0.0,0.0,0,0,0,0,0.0,0,0,0,0,0,0,0,0,0,0,0,0,0,0,0,0,0,0,0,0,0,0,0,0,0,0,0,0,0,0,0,0,0,38,14,7,45,65476,0,300,0,0,8,21553,0.0,-107605600.0,0.0,0.0,0.0,0.0,0.0,0.0,0.0,0.0,0.0,0.0,0.0,0.0,0.0,0.0,0.0,0.0,0.0,0.0,0.0,0.0,-2.004,-2.004,-0.0,0.0,0.0,0.0,0.0,0.0,5039.0,131350.453,0.0,0.0,-107615288.0,0.0,-0.0,0.0,0.0,0.0,0.0,53,2.3088403658719416e+20,126840545280.0,0.0,0.0,0.0,0.0,0.0,0.0,0.0,0,0,0,0.0,0.0,0.0,0.0,0.0,0.0,0.0,0.0,0.0,0.0,0.0,0.0,0.0,0.0,0.0,0.0,0,-107875648.0,53,0.0,106,-107614832.0,-107350944.0,ERR,ERR,ERR,ERR,ERR,ERR,ERR,ERR,ERR,ERR,ERR,ERR,ERR,ERR,ERR,ERR,ERR,ERR,ERR,ERR,ERR,ERR,ERR,ERR,ERR,ERR,ERR,ERR,ERR,ERR,ERR,ERR,ERR,ERR,ERR,ERR,ERR,ERR,ERR,ERR,ERR,ERR,ERR,ERR,ERR,ERR,ERR,ERR,ERR,ERR,ERR,ERR,ERR,ERR,ERR,ERR,ERR,ERR,ERR,ERR,ERR,ERR,ERR,ERR,ERR,ERR,ERR,50.0,60.0,100,0.0,0.0,0.0,0.0,0.0,0.0,0.0,0.0,0.0,0.0,0.0,0.0,0.0,0.0,0.0,0.0,62.0,65,20,65521,50,65476,0,300,0,0,8,20529,65476,0,0,26214,60.0,0.0,0.0,0.0,0.0,0.0
2026-05-17T16:19:18,ERR,ERR,ERR,ERR,ERR,ERR,ERR,ERR,ERR,ERR,ERR,ERR,ERR,ERR,ERR,ERR,ERR,ERR,ERR,ERR,ERR,ERR,ERR,ERR,ERR,ERR,ERR,ERR,ERR,ERR,ERR,ERR,ERR,ERR,ERR,ERR,ERR,ERR,ERR,ERR,ERR,ERR,ERR,ERR,ERR,ERR,ERR,ERR,ERR,ERR,ERR,ERR,ERR,ERR,ERR,ERR,ERR,ERR,ERR,ERR,ERR,ERR,ERR,ERR,ERR,ERR,ERR,ERR,ERR,ERR,ERR,ERR,ERR,ERR,ERR,ERR,ERR,ERR,ERR,ERR,ERR,ERR,ERR,ERR,ERR,ERR,ERR,ERR,ERR,ERR,ERR,ERR,ERR,ERR,ERR,ERR,ERR,ERR,ERR,ERR,ERR,ERR,ERR,ERR,ERR,ERR,ERR,ERR,ERR,ERR,ERR,ERR,ERR,ERR,ERR,ERR,ERR,ERR,ERR,ERR,ERR,ERR,ERR,ERR,ERR,0.0,-107615288.0,-0.0,0.0,0.0,1.3936040501711995e+18,7.805,0.0,0,0,4,0,8422,0.0,45,0.0,0.0,0.0,0.0,0.0,0,0,0,0,0.0,0,0,0,0,0,0,0,0,0,0,0,0,0,0,0,0,0,0,0,0,0,0,0,0,0,0,0,0,0,0,0,0,0,38,14,7,45,65476,0,300,0,0,8,21553,0.0,-107605600.0,0.0,0.0,0.0,0.0,0.0,0.0,0.0,0.0,0.0,0.0,0.0,0.0,0.0,0.0,0.0,0.0,0.0,0.0,0.0,0.0,0.0,-2.004,-0.0,0.0,0.0,0.0,0.0,0.0,5041.0,1.040665504650976e+34,0.0,0.0,-107615288.0,0.0,-0.0,0.0,0.0,0.0,0.0,53,3.222028592685471e+26,-0.0,0.0,0.0,0.0,0.0,0.0,0.0,0.0,0,0,0,0.0,0.0,0.0,0.0,0.0,0.0,0.0,0.0,0.0,0.0,0.0,0.0,0.0,0.0,0.0,0.0,0,-107875648.0,53,0.0,106,-107614832.0,-107350944.0,ERR,ERR,ERR,ERR,ERR,ERR,ERR,ERR,ERR,ERR,ERR,ERR,ERR,ERR,ERR,ERR,ERR,ERR,ERR,ERR,ERR,ERR,ERR,ERR,ERR,ERR,ERR,ERR,ERR,ERR,ERR,ERR,ERR,ERR,ERR,ERR,ERR,ERR,ERR,ERR,ERR,ERR,ERR,ERR,ERR,ERR,ERR,ERR,ERR,ERR,ERR,ERR,ERR,ERR,ERR,ERR,ERR,ERR,ERR,ERR,ERR,ERR,ERR,ERR,ERR,ERR,ERR,50.0,60.0,100,0.0,0.0,0.0,0.0,0.0,0.0,0.0,0.0,0.0,0.0,0.0,0.0,0.0,0.0,0.0,0.0,62.0,65,20,65521,50,65476,0,300,0,0,8,20529,65476,0,0,26214,60.0,0.0,0.0,0.0,0.0,0.0
2026-05-17T16:19:19,ERR,ERR,ERR,ERR,ERR,ERR,ERR,ERR,ERR,ERR,ERR,ERR,ERR,ERR,ERR,ERR,ERR,ERR,ERR,ERR,ERR,ERR,ERR,ERR,ERR,ERR,ERR,ERR,ERR,ERR,ERR,ERR,ERR,ERR,ERR,ERR,ERR,ERR,ERR,ERR,ERR,ERR,ERR,ERR,ERR,ERR,ERR,ERR,ERR,ERR,ERR,ERR,ERR,ERR,ERR,ERR,ERR,ERR,ERR,ERR,ERR,ERR,ERR,ERR,ERR,ERR,ERR,ERR,ERR,ERR,ERR,ERR,ERR,ERR,ERR,ERR,ERR,ERR,ERR,ERR,ERR,ERR,ERR,ERR,ERR,ERR,ERR,ERR,ERR,ERR,ERR,ERR,ERR,ERR,ERR,ERR,ERR,ERR,ERR,ERR,ERR,ERR,ERR,ERR,ERR,ERR,ERR,ERR,ERR,ERR,ERR,ERR,ERR,ERR,ERR,ERR,ERR,ERR,ERR,ERR,ERR,ERR,ERR,ERR,ERR,0.0,-107615288.0,-0.0,0.0,0.0,1.3936040501711995e+18,7.805,0.0,0,0,4,0,8422,0.0,45,0.0,0.0,0.0,0.0,0.0,0,0,0,0,0.0,0,0,0,0,0,0,0,0,0,0,0,0,0,0,0,0,0,0,0,0,0,0,0,0,0,0,0,0,0,0,0,0,0,38,14,7,45,65476,0,300,0,0,8,21553,0.0,-107605600.0,0.0,0.0,0.0,0.0,0.0,0.0,0.0,0.0,0.0,0.0,0.0,0.0,0.0,0.0,0.0,0.0,0.0,0.0,0.0,0.0,0.0,-2.004,-0.0,0.0,0.0,0.0,0.0,0.0,5041.0,1.040665504650976e+34,0.0,0.0,-107615288.0,0.0,-0.0,0.0,0.0,0.0,0.0,53,3.222028592685471e+26,-0.0,0.0,0.0,0.0,0.0,0.0,0.0,0.0,0,0,0,0.0,0.0,0.0,0.0,0.0,0.0,0.0,0.0,0.0,0.0,0.0,0.0,0.0,0.0,0.0,0.0,0,-107875648.0,53,0.0,106,-107614832.0,-107350944.0,ERR,ERR,ERR,ERR,ERR,ERR,ERR,ERR,ERR,ERR,ERR,ERR,ERR,ERR,ERR,ERR,ERR,ERR,ERR,ERR,ERR,ERR,ERR,ERR,ERR,ERR,ERR,ERR,ERR,ERR,ERR,ERR,ERR,ERR,ERR,ERR,ERR,ERR,ERR,ERR,ERR,ERR,ERR,ERR,ERR,ERR,ERR,ERR,ERR,ERR,ERR,ERR,ERR,ERR,ERR,ERR,ERR,ERR,ERR,ERR,ERR,ERR,ERR,ERR,ERR,ERR,ERR,50.0,60.0,100,0.0,0.0,0.0,0.0,0.0,0.0,0.0,0.0,0.0,0.0,0.0,0.0,0.0,0.0,0.0,0.0,61.6,65,20,65521,50,65476,0,300,0,0,8,20529,65476,0,0,26214,60.0,0.0,0.0,0.0,0.0,0.0
2026-05-17T16:19:20,ERR,ERR,ERR,ERR,ERR,ERR,ERR,ERR,ERR,ERR,ERR,ERR,ERR,ERR,ERR,ERR,ERR,ERR,ERR,ERR,ERR,ERR,ERR,ERR,ERR,ERR,ERR,ERR,ERR,ERR,ERR,ERR,ERR,ERR,ERR,ERR,ERR,ERR,ERR,ERR,ERR,ERR,ERR,ERR,ERR,ERR,ERR,ERR,ERR,ERR,ERR,ERR,ERR,ERR,ERR,ERR,ERR,ERR,ERR,ERR,ERR,ERR,ERR,ERR,ERR,ERR,ERR,ERR,ERR,ERR,ERR,ERR,ERR,ERR,ERR,ERR,ERR,ERR,ERR,ERR,ERR,ERR,ERR,ERR,ERR,ERR,ERR,ERR,ERR,ERR,ERR,ERR,ERR,ERR,ERR,ERR,ERR,ERR,ERR,ERR,ERR,ERR,ERR,ERR,ERR,ERR,ERR,ERR,ERR,ERR,ERR,ERR,ERR,ERR,ERR,ERR,ERR,ERR,ERR,ERR,ERR,ERR,ERR,ERR,ERR,0.0,-107615288.0,-0.0,0.0,0.0,1.3936040501711995e+18,7.805,0.0,0,0,4,0,8422,0.0,45,0.0,0.0,0.0,0.0,0.0,0,0,0,0,0.0,0,0,0,0,0,0,0,0,0,0,0,0,0,0,0,0,0,0,0,0,0,0,0,0,0,0,0,0,0,0,0,0,0,38,14,7,45,65476,0,300,0,0,8,21553,0.0,-107605600.0,0.0,0.0,0.0,0.0,0.0,0.0,0.0,0.0,0.0,0.0,0.0,0.0,0.0,0.0,0.0,0.0,0.0,0.0,0.0,0.0,0.0,-2.004,-0.0,0.0,0.0,0.0,0.0,0.0,5041.0,1.040665504650976e+34,0.0,0.0,-107615288.0,0.0,-0.0,0.0,0.0,0.0,0.0,53,3.222028592685471e+26,-0.0,0.0,0.0,0.0,0.0,0.0,0.0,0.0,0,0,0,0.0,0.0,0.0,0.0,0.0,0.0,0.0,0.0,0.0,0.0,0.0,0.0,0.0,0.0,0.0,0.0,0,-107875648.0,53,0.0,106,-107614832.0,-107350944.0,ERR,ERR,ERR,ERR,ERR,ERR,ERR,ERR,ERR,ERR,ERR,ERR,ERR,ERR,ERR,ERR,ERR,ERR,ERR,ERR,ERR,ERR,ERR,ERR,ERR,ERR,ERR,ERR,ERR,ERR,ERR,ERR,ERR,ERR,ERR,ERR,ERR,ERR,ERR,ERR,ERR,ERR,ERR,ERR,ERR,ERR,ERR,ERR,ERR,ERR,ERR,ERR,ERR,ERR,ERR,ERR,ERR,ERR,ERR,ERR,ERR,ERR,ERR,ERR,ERR,ERR,ERR,50.0,60.0,100,0.0,0.0,0.0,0.0,0.0,0.0,0.0,0.0,0.0,0.0,0.0,0.0,0.0,0.0,0.0,0.0,61.6,65,20,65521,50,65476,0,300,0,0,8,20529,65476,0,0,26214,60.0,0.0,0.0,0.0,0.0,0.0
2026-05-17T16:19:21,ERR,ERR,ERR,ERR,ERR,ERR,ERR,ERR,ERR,ERR,ERR,ERR,ERR,ERR,ERR,ERR,ERR,ERR,ERR,ERR,ERR,ERR,ERR,ERR,ERR,ERR,ERR,ERR,ERR,ERR,ERR,ERR,ERR,ERR,ERR,ERR,ERR,ERR,ERR,ERR,ERR,ERR,ERR,ERR,ERR,ERR,ERR,ERR,ERR,ERR,ERR,ERR,ERR,ERR,ERR,ERR,ERR,ERR,ERR,ERR,ERR,ERR,ERR,ERR,ERR,ERR,ERR,ERR,ERR,ERR,ERR,ERR,ERR,ERR,ERR,ERR,ERR,ERR,ERR,ERR,ERR,ERR,ERR,ERR,ERR,ERR,ERR,ERR,ERR,ERR,ERR,ERR,ERR,ERR,ERR,ERR,ERR,ERR,ERR,ERR,ERR,ERR,ERR,ERR,ERR,ERR,ERR,ERR,ERR,ERR,ERR,ERR,ERR,ERR,ERR,ERR,ERR,ERR,ERR,ERR,ERR,ERR,ERR,ERR,ERR,0.0,-107615288.0,-0.0,0.0,0.0,1.3936040501711995e+18,7.805,0.0,0,0,4,0,8422,0.0,45,0.0,0.0,0.0,0.0,0.0,0,0,0,0,0.0,0,0,0,0,0,0,0,0,0,0,0,0,0,0,0,0,0,0,0,0,0,0,0,0,0,0,0,0,0,0,0,0,0,38,14,7,45,65476,0,300,0,0,8,21553,0.0,-107605600.0,0.0,0.0,0.0,0.0,0.0,0.0,0.0,0.0,0.0,0.0,0.0,0.0,0.0,0.0,0.0,0.0,0.0,0.0,0.0,0.0,0.0,-2.004,-0.0,0.0,0.0,0.0,0.0,0.0,5041.0,1.040665504650976e+34,0.0,0.0,-107615288.0,0.0,-0.0,0.0,0.0,0.0,0.0,53,3.222028592685471e+26,-0.0,0.0,0.0,0.0,0.0,0.0,0.0,0.0,0,0,0,0.0,0.0,0.0,0.0,0.0,0.0,0.0,0.0,0.0,0.0,0.0,0.0,0.0,0.0,0.0,0.0,0,-107875648.0,53,0.0,106,-107614832.0,-107350944.0,ERR,ERR,ERR,ERR,ERR,ERR,ERR,ERR,ERR,ERR,ERR,ERR,ERR,ERR,ERR,ERR,ERR,ERR,ERR,ERR,ERR,ERR,ERR,ERR,ERR,ERR,ERR,ERR,ERR,ERR,ERR,ERR,ERR,ERR,ERR,ERR,ERR,ERR,ERR,ERR,ERR,ERR,ERR,ERR,ERR,ERR,ERR,ERR,ERR,ERR,ERR,ERR,ERR,ERR,ERR,ERR,ERR,ERR,ERR,ERR,ERR,ERR,ERR,ERR,ERR,ERR,ERR,50.0,60.0,100,0.0,0.0,0.0,0.0,0.0,0.0,0.0,0.0,0.0,0.0,0.0,0.0,0.0,0.0,0.0,0.0,62.0,65,20,65521,50,65476,0,300,0,0,8,20529,65476,0,0,26214,60.0,0.0,0.0,0.0,0.0,0.0
2026-05-17T16:19:22,ERR,ERR,ERR,ERR,ERR,ERR,ERR,ERR,ERR,ERR,ERR,ERR,ERR,ERR,ERR,ERR,ERR,ERR,ERR,ERR,ERR,ERR,ERR,ERR,ERR,ERR,ERR,ERR,ERR,ERR,ERR,ERR,ERR,ERR,ERR,ERR,ERR,ERR,ERR,ERR,ERR,ERR,ERR,ERR,ERR,ERR,ERR,ERR,ERR,ERR,ERR,ERR,ERR,ERR,ERR,ERR,ERR,ERR,ERR,ERR,ERR,ERR,ERR,ERR,ERR,ERR,ERR,ERR,ERR,ERR,ERR,ERR,ERR,ERR,ERR,ERR,ERR,ERR,ERR,ERR,ERR,ERR,ERR,ERR,ERR,ERR,ERR,ERR,ERR,ERR,ERR,ERR,ERR,ERR,ERR,ERR,ERR,ERR,ERR,ERR,ERR,ERR,ERR,ERR,ERR,ERR,ERR,ERR,ERR,ERR,ERR,ERR,ERR,ERR,ERR,ERR,ERR,ERR,ERR,ERR,ERR,ERR,ERR,ERR,ERR,0.0,-107615288.0,-0.0,0.0,0.0,1.3936040501711995e+18,7.805,0.0,0,0,4,0,8422,0.0,45,0.0,0.0,0.0,0.0,0.0,0,0,0,0,0.0,0,0,0,0,0,0,0,0,0,0,0,0,0,0,0,0,0,0,0,0,0,0,0,0,0,0,0,0,0,0,0,0,0,38,14,7,45,65476,0,300,0,0,8,21553,0.0,-107605600.0,0.0,0.0,0.0,0.0,0.0,0.0,0.0,0.0,0.0,0.0,0.0,0.0,0.0,0.0,0.0,0.0,0.0,0.0,0.0,0.0,0.0,-2.004,-0.0,0.0,0.0,0.0,0.0,0.0,5041.0,1.040665504650976e+34,0.0,0.0,-107615288.0,0.0,-0.0,0.0,0.0,0.0,0.0,53,3.222028592685471e+26,-0.0,0.0,0.0,0.0,0.0,0.0,0.0,0.0,0,0,0,0.0,0.0,0.0,0.0,0.0,0.0,0.0,0.0,0.0,0.0,0.0,0.0,0.0,0.0,0.0,0.0,0,-107875648.0,53,0.0,106,-107614832.0,-107350944.0,ERR,ERR,ERR,ERR,ERR,ERR,ERR,ERR,ERR,ERR,ERR,ERR,ERR,ERR,ERR,ERR,ERR,ERR,ERR,ERR,ERR,ERR,ERR,ERR,ERR,ERR,ERR,ERR,ERR,ERR,ERR,ERR,ERR,ERR,ERR,ERR,ERR,ERR,ERR,ERR,ERR,ERR,ERR,ERR,ERR,ERR,ERR,ERR,ERR,ERR,ERR,ERR,ERR,ERR,ERR,ERR,ERR,ERR,ERR,ERR,ERR,ERR,ERR,ERR,ERR,ERR,ERR,50.0,60.0,100,0.0,0.0,0.0,0.0,0.0,0.0,0.0,0.0,0.0,0.0,0.0,0.0,0.0,0.0,0.0,0.0,62.0,65,20,65521,50,65476,0,300,0,0,8,20529,65476,0,0,26214,60.0,0.0,0.0,0.0,0.0,0.0
2026-05-17T16:19:23,ERR,ERR,ERR,ERR,ERR,ERR,ERR,ERR,ERR,ERR,ERR,ERR,ERR,ERR,ERR,ERR,ERR,ERR,ERR,ERR,ERR,ERR,ERR,ERR,ERR,ERR,ERR,ERR,ERR,ERR,ERR,ERR,ERR,ERR,ERR,ERR,ERR,ERR,ERR,ERR,ERR,ERR,ERR,ERR,ERR,ERR,ERR,ERR,ERR,ERR,ERR,ERR,ERR,ERR,ERR,ERR,ERR,ERR,ERR,ERR,ERR,ERR,ERR,ERR,ERR,ERR,ERR,ERR,ERR,ERR,ERR,ERR,ERR,ERR,ERR,ERR,ERR,ERR,ERR,ERR,ERR,ERR,ERR,ERR,ERR,ERR,ERR,ERR,ERR,ERR,ERR,ERR,ERR,ERR,ERR,ERR,ERR,ERR,ERR,ERR,ERR,ERR,ERR,ERR,ERR,ERR,ERR,ERR,ERR,ERR,ERR,ERR,ERR,ERR,ERR,ERR,ERR,ERR,ERR,ERR,ERR,ERR,ERR,ERR,ERR,0.0,-107615288.0,-134474944.0,0.0,0.0,1.3936040501711995e+18,7.805,0.0,0,0,4,0,8422,0.0,45,0.0,0.0,0.0,0.0,0.0,0,0,0,0,0.0,0,0,0,0,0,0,0,0,0,0,0,0,0,0,0,0,0,0,0,0,0,0,0,0,0,0,0,0,0,0,0,0,0,38,14,7,45,65476,0,300,0,0,8,21553,0.0,-107605600.0,0.0,0.0,0.0,0.0,0.0,0.0,0.0,0.0,0.0,0.0,0.0,0.0,0.0,0.0,0.0,0.0,0.0,0.0,0.0,0.0,0.0,-2.004,-0.0,0.0,0.0,0.0,0.0,0.0,5038.0,-0.0,0.0,0.0,-107615288.0,0.0,-0.0,0.0,0.0,0.0,0.0,53,2.7184300208680915e+23,-0.0,0.0,0.0,0.0,0.0,0.0,0.0,0.0,0,0,0,0.0,0.0,0.0,0.0,0.0,0.0,0.0,0.0,0.0,0.0,0.0,0.0,0.0,0.0,0.0,0.0,0,-107875648.0,53,0.0,106,-107614832.0,-107350944.0,ERR,ERR,ERR,ERR,ERR,ERR,ERR,ERR,ERR,ERR,ERR,ERR,ERR,ERR,ERR,ERR,ERR,ERR,ERR,ERR,ERR,ERR,ERR,ERR,ERR,ERR,ERR,ERR,ERR,ERR,ERR,ERR,ERR,ERR,ERR,ERR,ERR,ERR,ERR,ERR,ERR,ERR,ERR,ERR,ERR,ERR,ERR,ERR,ERR,ERR,ERR,ERR,ERR,ERR,ERR,ERR,ERR,ERR,ERR,ERR,ERR,ERR,ERR,ERR,ERR,ERR,ERR,50.0,60.0,100,0.0,0.0,0.0,0.0,0.0,0.0,0.0,0.0,0.0,0.0,0.0,0.0,0.0,0.0,0.0,0.0,61.6,65,20,65521,50,65476,0,300,0,0,8,20529,65476,0,0,26214,60.0,0.0,0.0,0.0,0.0,0.0
2026-05-17T16:19:24,ERR,ERR,ERR,ERR,ERR,ERR,ERR,ERR,ERR,ERR,ERR,ERR,ERR,ERR,ERR,ERR,ERR,ERR,ERR,ERR,ERR,ERR,ERR,ERR,ERR,ERR,ERR,ERR,ERR,ERR,ERR,ERR,ERR,ERR,ERR,ERR,ERR,ERR,ERR,ERR,ERR,ERR,ERR,ERR,ERR,ERR,ERR,ERR,ERR,ERR,ERR,ERR,ERR,ERR,ERR,ERR,ERR,ERR,ERR,ERR,ERR,ERR,ERR,ERR,ERR,ERR,ERR,ERR,ERR,ERR,ERR,ERR,ERR,ERR,ERR,ERR,ERR,ERR,ERR,ERR,ERR,ERR,ERR,ERR,ERR,ERR,ERR,ERR,ERR,ERR,ERR,ERR,ERR,ERR,ERR,ERR,ERR,ERR,ERR,ERR,ERR,ERR,ERR,ERR,ERR,ERR,ERR,ERR,ERR,ERR,ERR,ERR,ERR,ERR,ERR,ERR,ERR,ERR,ERR,ERR,ERR,ERR,ERR,ERR,ERR,0.0,-107615288.0,-134474944.0,0.0,0.0,1.3936040501711995e+18,7.805,0.0,0,0,4,0,8422,0.0,45,0.0,0.0,0.0,0.0,0.0,0,0,0,0,0.0,0,0,0,0,0,0,0,0,0,0,0,0,0,0,0,0,0,0,0,0,0,0,0,0,0,0,0,0,0,0,0,0,0,38,14,7,45,65476,0,300,0,0,8,21553,0.0,-107605600.0,0.0,0.0,0.0,0.0,0.0,0.0,0.0,0.0,0.0,0.0,0.0,0.0,0.0,0.0,0.0,0.0,0.0,0.0,0.0,0.0,0.0,-2.004,-0.0,0.0,0.0,0.0,0.0,0.0,5038.0,-0.0,0.0,0.0,-107615288.0,0.0,-0.0,0.0,0.0,0.0,0.0,53,2.7184300208680915e+23,-0.0,0.0,0.0,0.0,0.0,0.0,0.0,0.0,0,0,0,0.0,0.0,0.0,0.0,0.0,0.0,0.0,0.0,0.0,0.0,0.0,0.0,0.0,0.0,0.0,0.0,0,-107875648.0,53,0.0,106,-107614832.0,-107350944.0,ERR,ERR,ERR,ERR,ERR,ERR,ERR,ERR,ERR,ERR,ERR,ERR,ERR,ERR,ERR,ERR,ERR,ERR,ERR,ERR,ERR,ERR,ERR,ERR,ERR,ERR,ERR,ERR,ERR,ERR,ERR,ERR,ERR,ERR,ERR,ERR,ERR,ERR,ERR,ERR,ERR,ERR,ERR,ERR,ERR,ERR,ERR,ERR,ERR,ERR,ERR,ERR,ERR,ERR,ERR,ERR,ERR,ERR,ERR,ERR,ERR,ERR,ERR,ERR,ERR,ERR,ERR,50.0,60.0,100,0.0,0.0,0.0,0.0,0.0,0.0,0.0,0.0,0.0,0.0,0.0,0.0,0.0,0.0,0.0,0.0,61.6,65,20,65521,50,65476,0,300,0,0,8,20529,65476,0,0,26214,60.0,0.0,0.0,0.0,0.0,0.0
2026-05-17T16:19:25,ERR,ERR,ERR,ERR,ERR,ERR,ERR,ERR,ERR,ERR,ERR,ERR,ERR,ERR,ERR,ERR,ERR,ERR,ERR,ERR,ERR,ERR,ERR,ERR,ERR,ERR,ERR,ERR,ERR,ERR,ERR,ERR,ERR,ERR,ERR,ERR,ERR,ERR,ERR,ERR,ERR,ERR,ERR,ERR,ERR,ERR,ERR,ERR,ERR,ERR,ERR,ERR,ERR,ERR,ERR,ERR,ERR,ERR,ERR,ERR,ERR,ERR,ERR,ERR,ERR,ERR,ERR,ERR,ERR,ERR,ERR,ERR,ERR,ERR,ERR,ERR,ERR,ERR,ERR,ERR,ERR,ERR,ERR,ERR,ERR,ERR,ERR,ERR,ERR,ERR,ERR,ERR,ERR,ERR,ERR,ERR,ERR,ERR,ERR,ERR,ERR,ERR,ERR,ERR,ERR,ERR,ERR,ERR,ERR,ERR,ERR,ERR,ERR,ERR,ERR,ERR,ERR,ERR,ERR,ERR,ERR,ERR,ERR,ERR,ERR,0.0,-107615288.0,-134474944.0,0.0,0.0,1.3936040501711995e+18,7.805,0.0,0,0,4,0,8422,0.0,45,0.0,0.0,0.0,0.0,0.0,0,0,0,0,0.0,0,0,0,0,0,0,0,0,0,0,0,0,0,0,0,0,0,0,0,0,0,0,0,0,0,0,0,0,0,0,0,0,0,38,14,7,45,65476,0,300,0,0,8,21553,0.0,-107605600.0,0.0,0.0,0.0,0.0,0.0,0.0,0.0,0.0,0.0,0.0,0.0,0.0,0.0,0.0,0.0,0.0,0.0,0.0,0.0,0.0,0.0,-2.004,-0.0,0.0,0.0,0.0,0.0,0.0,5038.0,-0.0,0.0,0.0,-107615288.0,0.0,-0.0,0.0,0.0,0.0,0.0,53,2.7184300208680915e+23,-0.0,0.0,0.0,0.0,0.0,0.0,0.0,0.0,0,0,0,0.0,0.0,0.0,0.0,0.0,0.0,0.0,0.0,0.0,0.0,0.0,0.0,0.0,0.0,0.0,0.0,0,-107875648.0,53,0.0,106,-107614832.0,-107350944.0,ERR,ERR,ERR,ERR,ERR,ERR,ERR,ERR,ERR,ERR,ERR,ERR,ERR,ERR,ERR,ERR,ERR,ERR,ERR,ERR,ERR,ERR,ERR,ERR,ERR,ERR,ERR,ERR,ERR,ERR,ERR,ERR,ERR,ERR,ERR,ERR,ERR,ERR,ERR,ERR,ERR,ERR,ERR,ERR,ERR,ERR,ERR,ERR,ERR,ERR,ERR,ERR,ERR,ERR,ERR,ERR,ERR,ERR,ERR,ERR,ERR,ERR,ERR,ERR,ERR,ERR,ERR,50.0,60.0,100,0.0,0.0,0.0,0.0,0.0,0.0,0.0,0.0,0.0,0.0,0.0,0.0,0.0,0.0,0.0,0.0,61.6,65,20,65521,50,65476,0,300,0,0,8,20529,65476,0,0,26214,60.0,0.0,0.0,0.0,0.0,0.0
2026-05-17T16:19:26,ERR,ERR,ERR,ERR,ERR,ERR,ERR,ERR,ERR,ERR,ERR,ERR,ERR,ERR,ERR,ERR,ERR,ERR,ERR,ERR,ERR,ERR,ERR,ERR,ERR,ERR,ERR,ERR,ERR,ERR,ERR,ERR,ERR,ERR,ERR,ERR,ERR,ERR,ERR,ERR,ERR,ERR,ERR,ERR,ERR,ERR,ERR,ERR,ERR,ERR,ERR,ERR,ERR,ERR,ERR,ERR,ERR,ERR,ERR,ERR,ERR,ERR,ERR,ERR,ERR,ERR,ERR,ERR,ERR,ERR,ERR,ERR,ERR,ERR,ERR,ERR,ERR,ERR,ERR,ERR,ERR,ERR,ERR,ERR,ERR,ERR,ERR,ERR,ERR,ERR,ERR,ERR,ERR,ERR,ERR,ERR,ERR,ERR,ERR,ERR,ERR,ERR,ERR,ERR,ERR,ERR,ERR,ERR,ERR,ERR,ERR,ERR,ERR,ERR,ERR,ERR,ERR,ERR,ERR,ERR,ERR,ERR,ERR,ERR,ERR,0.0,-107615288.0,-134474944.0,0.0,0.0,1.3936040501711995e+18,7.805,0.0,0,0,4,0,8422,0.0,45,0.0,0.0,0.0,0.0,0.0,0,0,0,0,0.0,0,0,0,0,0,0,0,0,0,0,0,0,0,0,0,0,0,0,0,0,0,0,0,0,0,0,0,0,0,0,0,0,0,38,14,7,45,65476,0,300,0,0,8,21553,0.0,-107605600.0,0.0,0.0,0.0,0.0,0.0,0.0,0.0,0.0,0.0,0.0,0.0,0.0,0.0,0.0,0.0,0.0,0.0,0.0,0.0,0.0,0.0,-2.004,-0.0,0.0,0.0,0.0,0.0,0.0,5038.0,-0.0,0.0,0.0,-107615288.0,0.0,-0.0,0.0,0.0,0.0,0.0,53,2.7184300208680915e+23,-0.0,0.0,0.0,0.0,0.0,0.0,0.0,0.0,0,0,0,0.0,0.0,0.0,0.0,0.0,0.0,0.0,0.0,0.0,0.0,0.0,0.0,0.0,0.0,0.0,0.0,0,-107875648.0,53,0.0,106,-107614832.0,-107350944.0,ERR,ERR,ERR,ERR,ERR,ERR,ERR,ERR,ERR,ERR,ERR,ERR,ERR,ERR,ERR,ERR,ERR,ERR,ERR,ERR,ERR,ERR,ERR,ERR,ERR,ERR,ERR,ERR,ERR,ERR,ERR,ERR,ERR,ERR,ERR,ERR,ERR,ERR,ERR,ERR,ERR,ERR,ERR,ERR,ERR,ERR,ERR,ERR,ERR,ERR,ERR,ERR,ERR,ERR,ERR,ERR,ERR,ERR,ERR,ERR,ERR,ERR,ERR,ERR,ERR,ERR,ERR,50.0,60.0,100,0.0,0.0,0.0,0.0,0.0,0.0,0.0,0.0,0.0,0.0,0.0,0.0,0.0,0.0,0.0,0.0,61.6,65,20,65521,50,65476,0,300,0,0,8,20529,65476,0,0,26214,60.0,0.0,0.0,0.0,0.0,0.0
2026-05-17T16:19:27,ERR,ERR,ERR,ERR,ERR,ERR,ERR,ERR,ERR,ERR,ERR,ERR,ERR,ERR,ERR,ERR,ERR,ERR,ERR,ERR,ERR,ERR,ERR,ERR,ERR,ERR,ERR,ERR,ERR,ERR,ERR,ERR,ERR,ERR,ERR,ERR,ERR,ERR,ERR,ERR,ERR,ERR,ERR,ERR,ERR,ERR,ERR,ERR,ERR,ERR,ERR,ERR,ERR,ERR,ERR,ERR,ERR,ERR,ERR,ERR,ERR,ERR,ERR,ERR,ERR,ERR,ERR,ERR,ERR,ERR,ERR,ERR,ERR,ERR,ERR,ERR,ERR,ERR,ERR,ERR,ERR,ERR,ERR,ERR,ERR,ERR,ERR,ERR,ERR,ERR,ERR,ERR,ERR,ERR,ERR,ERR,ERR,ERR,ERR,ERR,ERR,ERR,ERR,ERR,ERR,ERR,ERR,ERR,ERR,ERR,ERR,ERR,ERR,ERR,ERR,ERR,ERR,ERR,ERR,ERR,ERR,ERR,ERR,ERR,ERR,0.0,-107615288.0,-134474944.0,0.0,0.0,1.3936040501711995e+18,7.805,0.0,0,0,4,0,8422,0.0,45,0.0,0.0,0.0,0.0,0.0,0,0,0,0,0.0,0,0,0,0,0,0,0,0,0,0,0,0,0,0,0,0,0,0,0,0,0,0,0,0,0,0,0,0,0,0,0,0,0,38,14,7,45,65476,0,300,0,0,8,21553,0.0,-107605600.0,0.0,0.0,0.0,0.0,0.0,0.0,0.0,0.0,0.0,0.0,0.0,0.0,0.0,0.0,0.0,0.0,0.0,0.0,0.0,0.0,0.0,-2.004,-0.0,0.0,0.0,0.0,0.0,0.0,5038.0,-0.0,0.0,0.0,-107615288.0,0.0,-0.0,0.0,0.0,0.0,0.0,53,2.7184300208680915e+23,-0.0,0.0,0.0,0.0,0.0,0.0,0.0,0.0,0,0,0,0.0,0.0,0.0,0.0,0.0,0.0,0.0,0.0,0.0,0.0,0.0,0.0,0.0,0.0,0.0,0.0,0,-107875648.0,53,0.0,106,-107614832.0,-107350944.0,ERR,ERR,ERR,ERR,ERR,ERR,ERR,ERR,ERR,ERR,ERR,ERR,ERR,ERR,ERR,ERR,ERR,ERR,ERR,ERR,ERR,ERR,ERR,ERR,ERR,ERR,ERR,ERR,ERR,ERR,ERR,ERR,ERR,ERR,ERR,ERR,ERR,ERR,ERR,ERR,ERR,ERR,ERR,ERR,ERR,ERR,ERR,ERR,ERR,ERR,ERR,ERR,ERR,ERR,ERR,ERR,ERR,ERR,ERR,ERR,ERR,ERR,ERR,ERR,ERR,ERR,ERR,50.0,60.0,100,0.0,0.0,0.0,0.0,0.0,0.0,0.0,0.0,0.0,0.0,0.0,0.0,0.0,0.0,0.0,0.0,61.6,65,20,65521,50,65476,0,300,0,0,8,20529,65476,0,0,26214,60.0,0.0,0.0,0.0,0.0,0.0
2026-05-17T16:19:28,ERR,ERR,ERR,ERR,ERR,ERR,ERR,ERR,ERR,ERR,ERR,ERR,ERR,ERR,ERR,ERR,ERR,ERR,ERR,ERR,ERR,ERR,ERR,ERR,ERR,ERR,ERR,ERR,ERR,ERR,ERR,ERR,ERR,ERR,ERR,ERR,ERR,ERR,ERR,ERR,ERR,ERR,ERR,ERR,ERR,ERR,ERR,ERR,ERR,ERR,ERR,ERR,ERR,ERR,ERR,ERR,ERR,ERR,ERR,ERR,ERR,ERR,ERR,ERR,ERR,ERR,ERR,ERR,ERR,ERR,ERR,ERR,ERR,ERR,ERR,ERR,ERR,ERR,ERR,ERR,ERR,ERR,ERR,ERR,ERR,ERR,ERR,ERR,ERR,ERR,ERR,ERR,ERR,ERR,ERR,ERR,ERR,ERR,ERR,ERR,ERR,ERR,ERR,ERR,ERR,ERR,ERR,ERR,ERR,ERR,ERR,ERR,ERR,ERR,ERR,ERR,ERR,ERR,ERR,ERR,ERR,ERR,ERR,ERR,ERR,0.0,-107615288.0,-0.0,0.0,0.0,1.3936040501711995e+18,7.805,0.0,0,0,4,0,8422,0.0,45,0.0,0.0,0.0,0.0,0.0,0,0,0,0,0.0,0,0,0,0,0,0,0,0,0,0,0,0,0,0,0,0,0,0,0,0,0,0,0,0,0,0,0,0,0,0,0,0,0,38,14,7,45,65476,0,300,0,0,8,21553,0.0,-107605600.0,0.0,0.0,0.0,0.0,0.0,0.0,0.0,0.0,0.0,0.0,0.0,0.0,0.0,0.0,0.0,0.0,0.0,0.0,0.0,0.0,-2.004,-2.004,-0.0,0.0,0.0,0.0,0.0,0.0,5035.0,0.0,0.0,0.0,-107615288.0,0.0,-0.0,0.0,0.0,0.0,0.0,53,1.9056979486756045e+17,-2.3088280513417105e+20,0.0,0.0,0.0,0.0,0.0,0.0,0.0,0,0,0,0.0,0.0,0.0,0.0,0.0,0.0,0.0,0.0,0.0,0.0,0.0,0.0,0.0,0.0,0.0,0.0,0,-107875648.0,53,0.0,106,-107614832.0,-107350944.0,ERR,ERR,ERR,ERR,ERR,ERR,ERR,ERR,ERR,ERR,ERR,ERR,ERR,ERR,ERR,ERR,ERR,ERR,ERR,ERR,ERR,ERR,ERR,ERR,ERR,ERR,ERR,ERR,ERR,ERR,ERR,ERR,ERR,ERR,ERR,ERR,ERR,ERR,ERR,ERR,ERR,ERR,ERR,ERR,ERR,ERR,ERR,ERR,ERR,ERR,ERR,ERR,ERR,ERR,ERR,ERR,ERR,ERR,ERR,ERR,ERR,ERR,ERR,ERR,ERR,ERR,ERR,50.0,60.0,100,0.0,0.0,0.0,0.0,0.0,0.0,0.0,0.0,0.0,0.0,0.0,0.0,0.0,0.0,0.0,0.0,61.6,65,20,65521,50,65476,0,300,0,0,8,20529,65476,0,0,26214,60.0,0.0,0.0,0.0,0.0,0.0
2026-05-17T16:19:29,ERR,ERR,ERR,ERR,ERR,ERR,ERR,ERR,ERR,ERR,ERR,ERR,ERR,ERR,ERR,ERR,ERR,ERR,ERR,ERR,ERR,ERR,ERR,ERR,ERR,ERR,ERR,ERR,ERR,ERR,ERR,ERR,ERR,ERR,ERR,ERR,ERR,ERR,ERR,ERR,ERR,ERR,ERR,ERR,ERR,ERR,ERR,ERR,ERR,ERR,ERR,ERR,ERR,ERR,ERR,ERR,ERR,ERR,ERR,ERR,ERR,ERR,ERR,ERR,ERR,ERR,ERR,ERR,ERR,ERR,ERR,ERR,ERR,ERR,ERR,ERR,ERR,ERR,ERR,ERR,ERR,ERR,ERR,ERR,ERR,ERR,ERR,ERR,ERR,ERR,ERR,ERR,ERR,ERR,ERR,ERR,ERR,ERR,ERR,ERR,ERR,ERR,ERR,ERR,ERR,ERR,ERR,ERR,ERR,ERR,ERR,ERR,ERR,ERR,ERR,ERR,ERR,ERR,ERR,ERR,ERR,ERR,ERR,ERR,ERR,0.0,-107615288.0,-0.0,0.0,0.0,1.3936040501711995e+18,7.805,0.0,0,0,4,0,8422,0.0,45,0.0,0.0,0.0,0.0,0.0,0,0,0,0,0.0,0,0,0,0,0,0,0,0,0,0,0,0,0,0,0,0,0,0,0,0,0,0,0,0,0,0,0,0,0,0,0,0,0,38,14,7,45,65476,0,300,0,0,8,21553,0.0,-107605600.0,0.0,0.0,0.0,0.0,0.0,0.0,0.0,0.0,0.0,0.0,0.0,0.0,0.0,0.0,0.0,0.0,0.0,0.0,0.0,0.0,-2.004,-2.004,-0.0,0.0,0.0,0.0,0.0,0.0,5035.0,0.0,0.0,0.0,-107615288.0,0.0,-0.0,0.0,0.0,0.0,0.0,53,1.9056979486756045e+17,-2.3088280513417105e+20,0.0,0.0,0.0,0.0,0.0,0.0,0.0,0,0,0,0.0,0.0,0.0,0.0,0.0,0.0,0.0,0.0,0.0,0.0,0.0,0.0,0.0,0.0,0.0,0.0,0,-107875648.0,53,0.0,106,-107614832.0,-107350944.0,ERR,ERR,ERR,ERR,ERR,ERR,ERR,ERR,ERR,ERR,ERR,ERR,ERR,ERR,ERR,ERR,ERR,ERR,ERR,ERR,ERR,ERR,ERR,ERR,ERR,ERR,ERR,ERR,ERR,ERR,ERR,ERR,ERR,ERR,ERR,ERR,ERR,ERR,ERR,ERR,ERR,ERR,ERR,ERR,ERR,ERR,ERR,ERR,ERR,ERR,ERR,ERR,ERR,ERR,ERR,ERR,ERR,ERR,ERR,ERR,ERR,ERR,ERR,ERR,ERR,ERR,ERR,50.0,60.0,100,0.0,0.0,0.0,0.0,0.0,0.0,0.0,0.0,0.0,0.0,0.0,0.0,0.0,0.0,0.0,0.0,61.6,65,20,65521,50,65476,0,300,0,0,8,20529,65476,0,0,26214,60.0,0.0,0.0,0.0,0.0,0.0
2026-05-17T16:19:30,ERR,ERR,ERR,ERR,ERR,ERR,ERR,ERR,ERR,ERR,ERR,ERR,ERR,ERR,ERR,ERR,ERR,ERR,ERR,ERR,ERR,ERR,ERR,ERR,ERR,ERR,ERR,ERR,ERR,ERR,ERR,ERR,ERR,ERR,ERR,ERR,ERR,ERR,ERR,ERR,ERR,ERR,ERR,ERR,ERR,ERR,ERR,ERR,ERR,ERR,ERR,ERR,ERR,ERR,ERR,ERR,ERR,ERR,ERR,ERR,ERR,ERR,ERR,ERR,ERR,ERR,ERR,ERR,ERR,ERR,ERR,ERR,ERR,ERR,ERR,ERR,ERR,ERR,ERR,ERR,ERR,ERR,ERR,ERR,ERR,ERR,ERR,ERR,ERR,ERR,ERR,ERR,ERR,ERR,ERR,ERR,ERR,ERR,ERR,ERR,ERR,ERR,ERR,ERR,ERR,ERR,ERR,ERR,ERR,ERR,ERR,ERR,ERR,ERR,ERR,ERR,ERR,ERR,ERR,ERR,ERR,ERR,ERR,ERR,ERR,0.0,-107615288.0,-0.0,0.0,0.0,1.3936040501711995e+18,7.805,0.0,0,0,4,0,8422,0.0,45,0.0,0.0,0.0,0.0,0.0,0,0,0,0,0.0,0,0,0,0,0,0,0,0,0,0,0,0,0,0,0,0,0,0,0,0,0,0,0,0,0,0,0,0,0,0,0,0,0,38,14,7,45,65476,0,300,0,0,8,21553,0.0,-107605600.0,0.0,0.0,0.0,0.0,0.0,0.0,0.0,0.0,0.0,0.0,0.0,0.0,0.0,0.0,0.0,0.0,0.0,0.0,0.0,0.0,-2.004,-2.004,-0.0,0.0,0.0,0.0,0.0,0.0,5035.0,0.0,0.0,0.0,-107615288.0,0.0,-0.0,0.0,0.0,0.0,0.0,53,1.9056979486756045e+17,-2.3088280513417105e+20,0.0,0.0,0.0,0.0,0.0,0.0,0.0,0,0,0,0.0,0.0,0.0,0.0,0.0,0.0,0.0,0.0,0.0,0.0,0.0,0.0,0.0,0.0,0.0,0.0,0,-107875648.0,53,0.0,106,-107614832.0,-107350944.0,ERR,ERR,ERR,ERR,ERR,ERR,ERR,ERR,ERR,ERR,ERR,ERR,ERR,ERR,ERR,ERR,ERR,ERR,ERR,ERR,ERR,ERR,ERR,ERR,ERR,ERR,ERR,ERR,ERR,ERR,ERR,ERR,ERR,ERR,ERR,ERR,ERR,ERR,ERR,ERR,ERR,ERR,ERR,ERR,ERR,ERR,ERR,ERR,ERR,ERR,ERR,ERR,ERR,ERR,ERR,ERR,ERR,ERR,ERR,ERR,ERR,ERR,ERR,ERR,ERR,ERR,ERR,50.0,60.0,100,0.0,0.0,0.0,0.0,0.0,0.0,0.0,0.0,0.0,0.0,0.0,0.0,0.0,0.0,0.0,0.0,61.6,65,20,65521,50,65476,0,300,0,0,8,20529,65476,0,0,26214,60.0,0.0,0.0,0.0,0.0,0.0
2026-05-17T16:19:31,ERR,ERR,ERR,ERR,ERR,ERR,ERR,ERR,ERR,ERR,ERR,ERR,ERR,ERR,ERR,ERR,ERR,ERR,ERR,ERR,ERR,ERR,ERR,ERR,ERR,ERR,ERR,ERR,ERR,ERR,ERR,ERR,ERR,ERR,ERR,ERR,ERR,ERR,ERR,ERR,ERR,ERR,ERR,ERR,ERR,ERR,ERR,ERR,ERR,ERR,ERR,ERR,ERR,ERR,ERR,ERR,ERR,ERR,ERR,ERR,ERR,ERR,ERR,ERR,ERR,ERR,ERR,ERR,ERR,ERR,ERR,ERR,ERR,ERR,ERR,ERR,ERR,ERR,ERR,ERR,ERR,ERR,ERR,ERR,ERR,ERR,ERR,ERR,ERR,ERR,ERR,ERR,ERR,ERR,ERR,ERR,ERR,ERR,ERR,ERR,ERR,ERR,ERR,ERR,ERR,ERR,ERR,ERR,ERR,ERR,ERR,ERR,ERR,ERR,ERR,ERR,ERR,ERR,ERR,ERR,ERR,ERR,ERR,ERR,ERR,0.0,-107615288.0,-0.0,0.0,0.0,1.3936040501711995e+18,7.805,0.0,0,0,4,0,8422,0.0,45,0.0,0.0,0.0,0.0,0.0,0,0,0,0,0.0,0,0,0,0,0,0,0,0,0,0,0,0,0,0,0,0,0,0,0,0,0,0,0,0,0,0,0,0,0,0,0,0,0,38,14,7,45,65476,0,300,0,0,8,21553,0.0,-107605600.0,0.0,0.0,0.0,0.0,0.0,0.0,0.0,0.0,0.0,0.0,0.0,0.0,0.0,0.0,0.0,0.0,0.0,0.0,0.0,0.0,-2.004,-2.004,-0.0,0.0,0.0,0.0,0.0,0.0,5035.0,0.0,0.0,0.0,-107615288.0,0.0,-0.0,0.0,0.0,0.0,0.0,53,1.9056979486756045e+17,-2.3088280513417105e+20,0.0,0.0,0.0,0.0,0.0,0.0,0.0,0,0,0,0.0,0.0,0.0,0.0,0.0,0.0,0.0,0.0,0.0,0.0,0.0,0.0,0.0,0.0,0.0,0.0,0,-107875648.0,53,0.0,106,-107614832.0,-107350944.0,ERR,ERR,ERR,ERR,ERR,ERR,ERR,ERR,ERR,ERR,ERR,ERR,ERR,ERR,ERR,ERR,ERR,ERR,ERR,ERR,ERR,ERR,ERR,ERR,ERR,ERR,ERR,ERR,ERR,ERR,ERR,ERR,ERR,ERR,ERR,ERR,ERR,ERR,ERR,ERR,ERR,ERR,ERR,ERR,ERR,ERR,ERR,ERR,ERR,ERR,ERR,ERR,ERR,ERR,ERR,ERR,ERR,ERR,ERR,ERR,ERR,ERR,ERR,ERR,ERR,ERR,ERR,50.0,60.0,100,0.0,0.0,0.0,0.0,0.0,0.0,0.0,0.0,0.0,0.0,0.0,0.0,0.0,0.0,0.0,0.0,61.6,65,20,65521,50,65476,0,300,0,0,8,20529,65476,0,0,26214,60.0,0.0,0.0,0.0,0.0,0.0
2026-05-17T16:19:32,ERR,ERR,ERR,ERR,ERR,ERR,ERR,ERR,ERR,ERR,ERR,ERR,ERR,ERR,ERR,ERR,ERR,ERR,ERR,ERR,ERR,ERR,ERR,ERR,ERR,ERR,ERR,ERR,ERR,ERR,ERR,ERR,ERR,ERR,ERR,ERR,ERR,ERR,ERR,ERR,ERR,ERR,ERR,ERR,ERR,ERR,ERR,ERR,ERR,ERR,ERR,ERR,ERR,ERR,ERR,ERR,ERR,ERR,ERR,ERR,ERR,ERR,ERR,ERR,ERR,ERR,ERR,ERR,ERR,ERR,ERR,ERR,ERR,ERR,ERR,ERR,ERR,ERR,ERR,ERR,ERR,ERR,ERR,ERR,ERR,ERR,ERR,ERR,ERR,ERR,ERR,ERR,ERR,ERR,ERR,ERR,ERR,ERR,ERR,ERR,ERR,ERR,ERR,ERR,ERR,ERR,ERR,ERR,ERR,ERR,ERR,ERR,ERR,ERR,ERR,ERR,ERR,ERR,ERR,ERR,ERR,ERR,ERR,ERR,ERR,0.0,-107615288.0,-0.0,0.0,0.0,1.3936040501711995e+18,7.805,0.0,0,0,4,0,8422,0.0,45,0.0,0.0,0.0,0.0,0.0,0,0,0,0,0.0,0,0,0,0,0,0,0,0,0,0,0,0,0,0,0,0,0,0,0,0,0,0,0,0,0,0,0,0,0,0,0,0,0,38,14,7,45,65476,0,300,0,0,8,21553,0.0,-107605600.0,0.0,0.0,0.0,0.0,0.0,0.0,0.0,0.0,0.0,0.0,0.0,0.0,0.0,0.0,0.0,0.0,0.0,0.0,0.0,0.0,-2.004,-2.004,-0.0,0.0,0.0,0.0,0.0,0.0,5035.0,0.0,0.0,0.0,-107615288.0,0.0,-0.0,0.0,0.0,0.0,0.0,53,1.9056979486756045e+17,-2.3088280513417105e+20,0.0,0.0,0.0,0.0,0.0,0.0,0.0,0,0,0,0.0,0.0,0.0,0.0,0.0,0.0,0.0,0.0,0.0,0.0,0.0,0.0,0.0,0.0,0.0,0.0,0,-107875648.0,53,0.0,106,-107614832.0,-107350944.0,ERR,ERR,ERR,ERR,ERR,ERR,ERR,ERR,ERR,ERR,ERR,ERR,ERR,ERR,ERR,ERR,ERR,ERR,ERR,ERR,ERR,ERR,ERR,ERR,ERR,ERR,ERR,ERR,ERR,ERR,ERR,ERR,ERR,ERR,ERR,ERR,ERR,ERR,ERR,ERR,ERR,ERR,ERR,ERR,ERR,ERR,ERR,ERR,ERR,ERR,ERR,ERR,ERR,ERR,ERR,ERR,ERR,ERR,ERR,ERR,ERR,ERR,ERR,ERR,ERR,ERR,ERR,50.0,60.0,100,0.0,0.0,0.0,0.0,0.0,0.0,0.0,0.0,0.0,0.0,0.0,0.0,0.0,0.0,0.0,0.0,61.6,65,20,65521,50,65476,0,300,0,0,8,20529,65476,0,0,26214,60.0,0.0,0.0,0.0,0.0,0.0
2026-05-17T16:19:33,ERR,ERR,ERR,ERR,ERR,ERR,ERR,ERR,ERR,ERR,ERR,ERR,ERR,ERR,ERR,ERR,ERR,ERR,ERR,ERR,ERR,ERR,ERR,ERR,ERR,ERR,ERR,ERR,ERR,ERR,ERR,ERR,ERR,ERR,ERR,ERR,ERR,ERR,ERR,ERR,ERR,ERR,ERR,ERR,ERR,ERR,ERR,ERR,ERR,ERR,ERR,ERR,ERR,ERR,ERR,ERR,ERR,ERR,ERR,ERR,ERR,ERR,ERR,ERR,ERR,ERR,ERR,ERR,ERR,ERR,ERR,ERR,ERR,ERR,ERR,ERR,ERR,ERR,ERR,ERR,ERR,ERR,ERR,ERR,ERR,ERR,ERR,ERR,ERR,ERR,ERR,ERR,ERR,ERR,ERR,ERR,ERR,ERR,ERR,ERR,ERR,ERR,ERR,ERR,ERR,ERR,ERR,ERR,ERR,ERR,ERR,ERR,ERR,ERR,ERR,ERR,ERR,ERR,ERR,ERR,ERR,ERR,ERR,ERR,ERR,0.0,-107615288.0,-134474944.0,0.0,0.0,1.3936040501711995e+18,7.805,0.0,0,0,4,0,8422,0.0,45,0.0,0.0,0.0,0.0,0.0,0,0,0,0,0.0,0,0,0,0,0,0,0,0,0,0,0,0,0,0,0,0,0,0,0,0,0,0,0,0,0,0,0,0,0,0,0,0,0,38,14,7,45,65476,0,300,0,0,8,21553,0.0,-107605600.0,0.0,0.0,0.0,0.0,0.0,0.0,0.0,0.0,0.0,0.0,0.0,0.0,0.0,0.0,0.0,0.0,0.0,0.0,0.0,0.0,-2.004,-2.004,-0.0,0.0,0.0,0.0,0.0,0.0,5003.0,-3.697186133624698e+19,0.0,0.0,-107615288.0,0.0,-0.0,0.0,0.0,0.0,0.0,53,2.3088403658719416e+20,-2.3088280513417105e+20,0.0,0.0,0.0,0.0,0.0,0.0,0.0,0,0,0,0.0,0.0,0.0,0.0,0.0,0.0,0.0,0.0,0.0,0.0,0.0,0.0,0.0,0.0,0.0,0.0,0,-107875648.0,53,0.0,106,-107614832.0,-107350944.0,ERR,ERR,ERR,ERR,ERR,ERR,ERR,ERR,ERR,ERR,ERR,ERR,ERR,ERR,ERR,ERR,ERR,ERR,ERR,ERR,ERR,ERR,ERR,ERR,ERR,ERR,ERR,ERR,ERR,ERR,ERR,ERR,ERR,ERR,ERR,ERR,ERR,ERR,ERR,ERR,ERR,ERR,ERR,ERR,ERR,ERR,ERR,ERR,ERR,ERR,ERR,ERR,ERR,ERR,ERR,ERR,ERR,ERR,ERR,ERR,ERR,ERR,ERR,ERR,ERR,ERR,ERR,50.0,60.0,100,0.0,0.0,0.0,0.0,0.0,0.0,0.0,0.0,0.0,0.0,0.0,0.0,0.0,0.0,0.0,0.0,61.6,65,20,65521,50,65476,0,300,0,0,8,20529,65476,0,0,26214,60.0,0.0,0.0,0.0,0.0,0.0
2026-05-17T16:19:34,ERR,ERR,ERR,ERR,ERR,ERR,ERR,ERR,ERR,ERR,ERR,ERR,ERR,ERR,ERR,ERR,ERR,ERR,ERR,ERR,ERR,ERR,ERR,ERR,ERR,ERR,ERR,ERR,ERR,ERR,ERR,ERR,ERR,ERR,ERR,ERR,ERR,ERR,ERR,ERR,ERR,ERR,ERR,ERR,ERR,ERR,ERR,ERR,ERR,ERR,ERR,ERR,ERR,ERR,ERR,ERR,ERR,ERR,ERR,ERR,ERR,ERR,ERR,ERR,ERR,ERR,ERR,ERR,ERR,ERR,ERR,ERR,ERR,ERR,ERR,ERR,ERR,ERR,ERR,ERR,ERR,ERR,ERR,ERR,ERR,ERR,ERR,ERR,ERR,ERR,ERR,ERR,ERR,ERR,ERR,ERR,ERR,ERR,ERR,ERR,ERR,ERR,ERR,ERR,ERR,ERR,ERR,ERR,ERR,ERR,ERR,ERR,ERR,ERR,ERR,ERR,ERR,ERR,ERR,ERR,ERR,ERR,ERR,ERR,ERR,0.0,-107615288.0,-134474944.0,0.0,0.0,1.3936040501711995e+18,7.805,0.0,0,0,4,0,8422,0.0,45,0.0,0.0,0.0,0.0,0.0,0,0,0,0,0.0,0,0,0,0,0,0,0,0,0,0,0,0,0,0,0,0,0,0,0,0,0,0,0,0,0,0,0,0,0,0,0,0,0,38,14,7,45,65476,0,300,0,0,8,21553,0.0,-107605600.0,0.0,0.0,0.0,0.0,0.0,0.0,0.0,0.0,0.0,0.0,0.0,0.0,0.0,0.0,0.0,0.0,0.0,0.0,0.0,0.0,-2.004,-2.004,-0.0,0.0,0.0,0.0,0.0,0.0,5003.0,-3.697186133624698e+19,0.0,0.0,-107615288.0,0.0,-0.0,0.0,0.0,0.0,0.0,53,2.3088403658719416e+20,-2.3088280513417105e+20,0.0,0.0,0.0,0.0,0.0,0.0,0.0,0,0,0,0.0,0.0,0.0,0.0,0.0,0.0,0.0,0.0,0.0,0.0,0.0,0.0,0.0,0.0,0.0,0.0,0,-107875648.0,53,0.0,106,-107614832.0,-107350944.0,ERR,ERR,ERR,ERR,ERR,ERR,ERR,ERR,ERR,ERR,ERR,ERR,ERR,ERR,ERR,ERR,ERR,ERR,ERR,ERR,ERR,ERR,ERR,ERR,ERR,ERR,ERR,ERR,ERR,ERR,ERR,ERR,ERR,ERR,ERR,ERR,ERR,ERR,ERR,ERR,ERR,ERR,ERR,ERR,ERR,ERR,ERR,ERR,ERR,ERR,ERR,ERR,ERR,ERR,ERR,ERR,ERR,ERR,ERR,ERR,ERR,ERR,ERR,ERR,ERR,ERR,ERR,50.0,60.0,100,0.0,0.0,0.0,0.0,0.0,0.0,0.0,0.0,0.0,0.0,0.0,0.0,0.0,0.0,0.0,0.0,61.6,65,20,65521,50,65476,0,300,0,0,8,20529,65476,0,0,26214,60.0,0.0,0.0,0.0,0.0,0.0
2026-05-17T16:19:35,ERR,ERR,ERR,ERR,ERR,ERR,ERR,ERR,ERR,ERR,ERR,ERR,ERR,ERR,ERR,ERR,ERR,ERR,ERR,ERR,ERR,ERR,ERR,ERR,ERR,ERR,ERR,ERR,ERR,ERR,ERR,ERR,ERR,ERR,ERR,ERR,ERR,ERR,ERR,ERR,ERR,ERR,ERR,ERR,ERR,ERR,ERR,ERR,ERR,ERR,ERR,ERR,ERR,ERR,ERR,ERR,ERR,ERR,ERR,ERR,ERR,ERR,ERR,ERR,ERR,ERR,ERR,ERR,ERR,ERR,ERR,ERR,ERR,ERR,ERR,ERR,ERR,ERR,ERR,ERR,ERR,ERR,ERR,ERR,ERR,ERR,ERR,ERR,ERR,ERR,ERR,ERR,ERR,ERR,ERR,ERR,ERR,ERR,ERR,ERR,ERR,ERR,ERR,ERR,ERR,ERR,ERR,ERR,ERR,ERR,ERR,ERR,ERR,ERR,ERR,ERR,ERR,ERR,ERR,ERR,ERR,ERR,ERR,ERR,ERR,0.0,-107615288.0,-134474944.0,0.0,0.0,1.3936040501711995e+18,7.805,0.0,0,0,4,0,8422,0.0,45,0.0,0.0,0.0,0.0,0.0,0,0,0,0,0.0,0,0,0,0,0,0,0,0,0,0,0,0,0,0,0,0,0,0,0,0,0,0,0,0,0,0,0,0,0,0,0,0,0,38,14,7,45,65476,0,300,0,0,8,21553,0.0,-107605600.0,0.0,0.0,0.0,0.0,0.0,0.0,0.0,0.0,0.0,0.0,0.0,0.0,0.0,0.0,0.0,0.0,0.0,0.0,0.0,0.0,-2.004,-2.004,-0.0,0.0,0.0,0.0,0.0,0.0,5003.0,-3.697186133624698e+19,0.0,0.0,-107615288.0,0.0,-0.0,0.0,0.0,0.0,0.0,53,2.3088403658719416e+20,-2.3088280513417105e+20,0.0,0.0,0.0,0.0,0.0,0.0,0.0,0,0,0,0.0,0.0,0.0,0.0,0.0,0.0,0.0,0.0,0.0,0.0,0.0,0.0,0.0,0.0,0.0,0.0,0,-107875648.0,53,0.0,106,-107614832.0,-107350944.0,ERR,ERR,ERR,ERR,ERR,ERR,ERR,ERR,ERR,ERR,ERR,ERR,ERR,ERR,ERR,ERR,ERR,ERR,ERR,ERR,ERR,ERR,ERR,ERR,ERR,ERR,ERR,ERR,ERR,ERR,ERR,ERR,ERR,ERR,ERR,ERR,ERR,ERR,ERR,ERR,ERR,ERR,ERR,ERR,ERR,ERR,ERR,ERR,ERR,ERR,ERR,ERR,ERR,ERR,ERR,ERR,ERR,ERR,ERR,ERR,ERR,ERR,ERR,ERR,ERR,ERR,ERR,50.0,60.0,100,0.0,0.0,0.0,0.0,0.0,0.0,0.0,0.0,0.0,0.0,0.0,0.0,0.0,0.0,0.0,0.0,61.6,65,20,65521,50,65476,0,300,0,0,8,20529,65476,0,0,26214,60.0,0.0,0.0,0.0,0.0,0.0
2026-05-17T16:19:36,ERR,ERR,ERR,ERR,ERR,ERR,ERR,ERR,ERR,ERR,ERR,ERR,ERR,ERR,ERR,ERR,ERR,ERR,ERR,ERR,ERR,ERR,ERR,ERR,ERR,ERR,ERR,ERR,ERR,ERR,ERR,ERR,ERR,ERR,ERR,ERR,ERR,ERR,ERR,ERR,ERR,ERR,ERR,ERR,ERR,ERR,ERR,ERR,ERR,ERR,ERR,ERR,ERR,ERR,ERR,ERR,ERR,ERR,ERR,ERR,ERR,ERR,ERR,ERR,ERR,ERR,ERR,ERR,ERR,ERR,ERR,ERR,ERR,ERR,ERR,ERR,ERR,ERR,ERR,ERR,ERR,ERR,ERR,ERR,ERR,ERR,ERR,ERR,ERR,ERR,ERR,ERR,ERR,ERR,ERR,ERR,ERR,ERR,ERR,ERR,ERR,ERR,ERR,ERR,ERR,ERR,ERR,ERR,ERR,ERR,ERR,ERR,ERR,ERR,ERR,ERR,ERR,ERR,ERR,ERR,ERR,ERR,ERR,ERR,ERR,0.0,-107615288.0,-134474944.0,0.0,0.0,1.3936040501711995e+18,7.805,0.0,0,0,4,0,8422,0.0,45,0.0,0.0,0.0,0.0,0.0,0,0,0,0,0.0,0,0,0,0,0,0,0,0,0,0,0,0,0,0,0,0,0,0,0,0,0,0,0,0,0,0,0,0,0,0,0,0,0,38,14,7,45,65476,0,300,0,0,8,21553,0.0,-107605600.0,0.0,0.0,0.0,0.0,0.0,0.0,0.0,0.0,0.0,0.0,0.0,0.0,0.0,0.0,0.0,0.0,0.0,0.0,0.0,0.0,-2.004,-2.004,-0.0,0.0,0.0,0.0,0.0,0.0,5003.0,-3.697186133624698e+19,0.0,0.0,-107615288.0,0.0,-0.0,0.0,0.0,0.0,0.0,53,2.3088403658719416e+20,-2.3088280513417105e+20,0.0,0.0,0.0,0.0,0.0,0.0,0.0,0,0,0,0.0,0.0,0.0,0.0,0.0,0.0,0.0,0.0,0.0,0.0,0.0,0.0,0.0,0.0,0.0,0.0,0,-107875648.0,53,0.0,106,-107614832.0,-107350944.0,ERR,ERR,ERR,ERR,ERR,ERR,ERR,ERR,ERR,ERR,ERR,ERR,ERR,ERR,ERR,ERR,ERR,ERR,ERR,ERR,ERR,ERR,ERR,ERR,ERR,ERR,ERR,ERR,ERR,ERR,ERR,ERR,ERR,ERR,ERR,ERR,ERR,ERR,ERR,ERR,ERR,ERR,ERR,ERR,ERR,ERR,ERR,ERR,ERR,ERR,ERR,ERR,ERR,ERR,ERR,ERR,ERR,ERR,ERR,ERR,ERR,ERR,ERR,ERR,ERR,ERR,ERR,50.0,60.0,100,0.0,0.0,0.0,0.0,0.0,0.0,0.0,0.0,0.0,0.0,0.0,0.0,0.0,0.0,0.0,0.0,61.6,65,20,65521,50,65476,0,300,0,0,8,20529,65476,0,0,26214,60.0,0.0,0.0,0.0,0.0,0.0
2026-05-17T16:19:37,ERR,ERR,ERR,ERR,ERR,ERR,ERR,ERR,ERR,ERR,ERR,ERR,ERR,ERR,ERR,ERR,ERR,ERR,ERR,ERR,ERR,ERR,ERR,ERR,ERR,ERR,ERR,ERR,ERR,ERR,ERR,ERR,ERR,ERR,ERR,ERR,ERR,ERR,ERR,ERR,ERR,ERR,ERR,ERR,ERR,ERR,ERR,ERR,ERR,ERR,ERR,ERR,ERR,ERR,ERR,ERR,ERR,ERR,ERR,ERR,ERR,ERR,ERR,ERR,ERR,ERR,ERR,ERR,ERR,ERR,ERR,ERR,ERR,ERR,ERR,ERR,ERR,ERR,ERR,ERR,ERR,ERR,ERR,ERR,ERR,ERR,ERR,ERR,ERR,ERR,ERR,ERR,ERR,ERR,ERR,ERR,ERR,ERR,ERR,ERR,ERR,ERR,ERR,ERR,ERR,ERR,ERR,ERR,ERR,ERR,ERR,ERR,ERR,ERR,ERR,ERR,ERR,ERR,ERR,ERR,ERR,ERR,ERR,ERR,ERR,0.0,-107615288.0,-134474944.0,0.0,0.0,1.3936040501711995e+18,7.805,0.0,0,0,4,0,8422,0.0,45,0.0,0.0,0.0,0.0,0.0,0,0,0,0,0.0,0,0,0,0,0,0,0,0,0,0,0,0,0,0,0,0,0,0,0,0,0,0,0,0,0,0,0,0,0,0,0,0,0,38,14,7,45,65476,0,300,0,0,8,21553,0.0,-107605600.0,0.0,0.0,0.0,0.0,0.0,0.0,0.0,0.0,0.0,0.0,0.0,0.0,0.0,0.0,0.0,0.0,0.0,0.0,0.0,0.0,-2.004,-2.004,-0.0,0.0,0.0,0.0,0.0,0.0,5003.0,-3.697186133624698e+19,0.0,0.0,-107615288.0,0.0,-0.0,0.0,0.0,0.0,0.0,53,2.3088403658719416e+20,-2.3088280513417105e+20,0.0,0.0,0.0,0.0,0.0,0.0,0.0,0,0,0,0.0,0.0,0.0,0.0,0.0,0.0,0.0,0.0,0.0,0.0,0.0,0.0,0.0,0.0,0.0,0.0,0,-107875648.0,53,0.0,106,-107614832.0,-107350944.0,ERR,ERR,ERR,ERR,ERR,ERR,ERR,ERR,ERR,ERR,ERR,ERR,ERR,ERR,ERR,ERR,ERR,ERR,ERR,ERR,ERR,ERR,ERR,ERR,ERR,ERR,ERR,ERR,ERR,ERR,ERR,ERR,ERR,ERR,ERR,ERR,ERR,ERR,ERR,ERR,ERR,ERR,ERR,ERR,ERR,ERR,ERR,ERR,ERR,ERR,ERR,ERR,ERR,ERR,ERR,ERR,ERR,ERR,ERR,ERR,ERR,ERR,ERR,ERR,ERR,ERR,ERR,50.0,60.0,100,0.0,0.0,0.0,0.0,0.0,0.0,0.0,0.0,0.0,0.0,0.0,0.0,0.0,0.0,0.0,0.0,61.6,65,20,65521,50,65476,0,300,0,0,8,20529,65476,0,0,26214,60.0,0.0,0.0,0.0,0.0,0.0
2026-05-17T16:19:38,ERR,ERR,ERR,ERR,ERR,ERR,ERR,ERR,ERR,ERR,ERR,ERR,ERR,ERR,ERR,ERR,ERR,ERR,ERR,ERR,ERR,ERR,ERR,ERR,ERR,ERR,ERR,ERR,ERR,ERR,ERR,ERR,ERR,ERR,ERR,ERR,ERR,ERR,ERR,ERR,ERR,ERR,ERR,ERR,ERR,ERR,ERR,ERR,ERR,ERR,ERR,ERR,ERR,ERR,ERR,ERR,ERR,ERR,ERR,ERR,ERR,ERR,ERR,ERR,ERR,ERR,ERR,ERR,ERR,ERR,ERR,ERR,ERR,ERR,ERR,ERR,ERR,ERR,ERR,ERR,ERR,ERR,ERR,ERR,ERR,ERR,ERR,ERR,ERR,ERR,ERR,ERR,ERR,ERR,ERR,ERR,ERR,ERR,ERR,ERR,ERR,ERR,ERR,ERR,ERR,ERR,ERR,ERR,ERR,ERR,ERR,ERR,ERR,ERR,ERR,ERR,ERR,ERR,ERR,ERR,ERR,ERR,ERR,ERR,ERR,0.0,-107615288.0,-134474944.0,0.0,0.0,1.3936040501711995e+18,7.805,0.0,0,0,4,0,8422,0.0,45,0.0,0.0,0.0,0.0,0.0,0,0,0,0,0.0,0,0,0,0,0,0,0,0,0,0,0,0,0,0,0,0,0,0,0,0,0,0,0,0,0,0,0,0,0,0,0,0,0,38,14,7,45,65476,0,300,0,0,8,21553,0.0,-107605600.0,0.0,0.0,0.0,0.0,0.0,0.0,0.0,0.0,0.0,0.0,0.0,0.0,0.0,0.0,0.0,0.0,0.0,0.0,0.0,0.0,-2.004,-2.004,-0.0,0.0,0.0,0.0,0.0,0.0,5040.0,2.004,0.0,0.0,-107615288.0,0.0,-0.0,0.0,0.0,0.0,0.0,53,1.9056979486756045e+17,-0.0,0.0,0.0,0.0,0.0,0.0,0.0,0.0,0,0,0,0.0,0.0,0.0,0.0,0.0,0.0,0.0,0.0,0.0,0.0,0.0,0.0,0.0,0.0,0.0,0.0,0,-107875648.0,53,0.0,106,-107614832.0,-107350944.0,ERR,ERR,ERR,ERR,ERR,ERR,ERR,ERR,ERR,ERR,ERR,ERR,ERR,ERR,ERR,ERR,ERR,ERR,ERR,ERR,ERR,ERR,ERR,ERR,ERR,ERR,ERR,ERR,ERR,ERR,ERR,ERR,ERR,ERR,ERR,ERR,ERR,ERR,ERR,ERR,ERR,ERR,ERR,ERR,ERR,ERR,ERR,ERR,ERR,ERR,ERR,ERR,ERR,ERR,ERR,ERR,ERR,ERR,ERR,ERR,ERR,ERR,ERR,ERR,ERR,ERR,ERR,50.0,60.0,100,0.0,0.0,0.0,0.0,0.0,0.0,0.0,0.0,0.0,0.0,0.0,0.0,0.0,0.0,0.0,0.0,61.6,65,20,65521,50,65476,0,300,0,0,8,20529,65476,0,0,26214,60.0,0.0,0.0,0.0,0.0,0.0
2026-05-17T16:19:39,ERR,ERR,ERR,ERR,ERR,ERR,ERR,ERR,ERR,ERR,ERR,ERR,ERR,ERR,ERR,ERR,ERR,ERR,ERR,ERR,ERR,ERR,ERR,ERR,ERR,ERR,ERR,ERR,ERR,ERR,ERR,ERR,ERR,ERR,ERR,ERR,ERR,ERR,ERR,ERR,ERR,ERR,ERR,ERR,ERR,ERR,ERR,ERR,ERR,ERR,ERR,ERR,ERR,ERR,ERR,ERR,ERR,ERR,ERR,ERR,ERR,ERR,ERR,ERR,ERR,ERR,ERR,ERR,ERR,ERR,ERR,ERR,ERR,ERR,ERR,ERR,ERR,ERR,ERR,ERR,ERR,ERR,ERR,ERR,ERR,ERR,ERR,ERR,ERR,ERR,ERR,ERR,ERR,ERR,ERR,ERR,ERR,ERR,ERR,ERR,ERR,ERR,ERR,ERR,ERR,ERR,ERR,ERR,ERR,ERR,ERR,ERR,ERR,ERR,ERR,ERR,ERR,ERR,ERR,ERR,ERR,ERR,ERR,ERR,ERR,0.0,-107615288.0,-134474944.0,0.0,0.0,1.3936040501711995e+18,7.805,0.0,0,0,4,0,8422,0.0,45,0.0,0.0,0.0,0.0,0.0,0,0,0,0,0.0,0,0,0,0,0,0,0,0,0,0,0,0,0,0,0,0,0,0,0,0,0,0,0,0,0,0,0,0,0,0,0,0,0,38,14,7,45,65476,0,300,0,0,8,21553,0.0,-107605600.0,0.0,0.0,0.0,0.0,0.0,0.0,0.0,0.0,0.0,0.0,0.0,0.0,0.0,0.0,0.0,0.0,0.0,0.0,0.0,0.0,-2.004,-2.004,-0.0,0.0,0.0,0.0,0.0,0.0,5040.0,2.004,0.0,0.0,-107615288.0,0.0,-0.0,0.0,0.0,0.0,0.0,53,1.9056979486756045e+17,-0.0,0.0,0.0,0.0,0.0,0.0,0.0,0.0,0,0,0,0.0,0.0,0.0,0.0,0.0,0.0,0.0,0.0,0.0,0.0,0.0,0.0,0.0,0.0,0.0,0.0,0,-107875648.0,53,0.0,106,-107614832.0,-107350944.0,ERR,ERR,ERR,ERR,ERR,ERR,ERR,ERR,ERR,ERR,ERR,ERR,ERR,ERR,ERR,ERR,ERR,ERR,ERR,ERR,ERR,ERR,ERR,ERR,ERR,ERR,ERR,ERR,ERR,ERR,ERR,ERR,ERR,ERR,ERR,ERR,ERR,ERR,ERR,ERR,ERR,ERR,ERR,ERR,ERR,ERR,ERR,ERR,ERR,ERR,ERR,ERR,ERR,ERR,ERR,ERR,ERR,ERR,ERR,ERR,ERR,ERR,ERR,ERR,ERR,ERR,ERR,50.0,60.0,100,0.0,0.0,0.0,0.0,0.0,0.0,0.0,0.0,0.0,0.0,0.0,0.0,0.0,0.0,0.0,0.0,61.6,65,20,65521,50,65476,0,300,0,0,8,20529,65476,0,0,26214,60.0,0.0,0.0,0.0,0.0,0.0
2026-05-17T16:19:40,ERR,ERR,ERR,ERR,ERR,ERR,ERR,ERR,ERR,ERR,ERR,ERR,ERR,ERR,ERR,ERR,ERR,ERR,ERR,ERR,ERR,ERR,ERR,ERR,ERR,ERR,ERR,ERR,ERR,ERR,ERR,ERR,ERR,ERR,ERR,ERR,ERR,ERR,ERR,ERR,ERR,ERR,ERR,ERR,ERR,ERR,ERR,ERR,ERR,ERR,ERR,ERR,ERR,ERR,ERR,ERR,ERR,ERR,ERR,ERR,ERR,ERR,ERR,ERR,ERR,ERR,ERR,ERR,ERR,ERR,ERR,ERR,ERR,ERR,ERR,ERR,ERR,ERR,ERR,ERR,ERR,ERR,ERR,ERR,ERR,ERR,ERR,ERR,ERR,ERR,ERR,ERR,ERR,ERR,ERR,ERR,ERR,ERR,ERR,ERR,ERR,ERR,ERR,ERR,ERR,ERR,ERR,ERR,ERR,ERR,ERR,ERR,ERR,ERR,ERR,ERR,ERR,ERR,ERR,ERR,ERR,ERR,ERR,ERR,ERR,0.0,-107615288.0,-134474944.0,0.0,0.0,1.3936040501711995e+18,7.805,0.0,0,0,4,0,8422,0.0,45,0.0,0.0,0.0,0.0,0.0,0,0,0,0,0.0,0,0,0,0,0,0,0,0,0,0,0,0,0,0,0,0,0,0,0,0,0,0,0,0,0,0,0,0,0,0,0,0,0,38,14,7,45,65476,0,300,0,0,8,21553,0.0,-107605600.0,0.0,0.0,0.0,0.0,0.0,0.0,0.0,0.0,0.0,0.0,0.0,0.0,0.0,0.0,0.0,0.0,0.0,0.0,0.0,0.0,-2.004,-2.004,-0.0,0.0,0.0,0.0,0.0,0.0,5040.0,2.004,0.0,0.0,-107615288.0,0.0,-0.0,0.0,0.0,0.0,0.0,53,1.9056979486756045e+17,-0.0,0.0,0.0,0.0,0.0,0.0,0.0,0.0,0,0,0,0.0,0.0,0.0,0.0,0.0,0.0,0.0,0.0,0.0,0.0,0.0,0.0,0.0,0.0,0.0,0.0,0,-107875648.0,53,0.0,106,-107614832.0,-107350944.0,ERR,ERR,ERR,ERR,ERR,ERR,ERR,ERR,ERR,ERR,ERR,ERR,ERR,ERR,ERR,ERR,ERR,ERR,ERR,ERR,ERR,ERR,ERR,ERR,ERR,ERR,ERR,ERR,ERR,ERR,ERR,ERR,ERR,ERR,ERR,ERR,ERR,ERR,ERR,ERR,ERR,ERR,ERR,ERR,ERR,ERR,ERR,ERR,ERR,ERR,ERR,ERR,ERR,ERR,ERR,ERR,ERR,ERR,ERR,ERR,ERR,ERR,ERR,ERR,ERR,ERR,ERR,50.0,60.0,100,0.0,0.0,0.0,0.0,0.0,0.0,0.0,0.0,0.0,0.0,0.0,0.0,0.0,0.0,0.0,0.0,61.6,65,20,65521,50,65476,0,300,0,0,8,20529,65476,0,0,26214,60.0,0.0,0.0,0.0,0.0,0.0
2026-05-17T16:19:41,ERR,ERR,ERR,ERR,ERR,ERR,ERR,ERR,ERR,ERR,ERR,ERR,ERR,ERR,ERR,ERR,ERR,ERR,ERR,ERR,ERR,ERR,ERR,ERR,ERR,ERR,ERR,ERR,ERR,ERR,ERR,ERR,ERR,ERR,ERR,ERR,ERR,ERR,ERR,ERR,ERR,ERR,ERR,ERR,ERR,ERR,ERR,ERR,ERR,ERR,ERR,ERR,ERR,ERR,ERR,ERR,ERR,ERR,ERR,ERR,ERR,ERR,ERR,ERR,ERR,ERR,ERR,ERR,ERR,ERR,ERR,ERR,ERR,ERR,ERR,ERR,ERR,ERR,ERR,ERR,ERR,ERR,ERR,ERR,ERR,ERR,ERR,ERR,ERR,ERR,ERR,ERR,ERR,ERR,ERR,ERR,ERR,ERR,ERR,ERR,ERR,ERR,ERR,ERR,ERR,ERR,ERR,ERR,ERR,ERR,ERR,ERR,ERR,ERR,ERR,ERR,ERR,ERR,ERR,ERR,ERR,ERR,ERR,ERR,ERR,0.0,-107615288.0,-134474944.0,0.0,0.0,1.3936040501711995e+18,7.805,0.0,0,0,4,0,8422,0.0,45,0.0,0.0,0.0,0.0,0.0,0,0,0,0,0.0,0,0,0,0,0,0,0,0,0,0,0,0,0,0,0,0,0,0,0,0,0,0,0,0,0,0,0,0,0,0,0,0,0,38,14,7,45,65476,0,300,0,0,8,21553,0.0,-107605600.0,0.0,0.0,0.0,0.0,0.0,0.0,0.0,0.0,0.0,0.0,0.0,0.0,0.0,0.0,0.0,0.0,0.0,0.0,0.0,0.0,-2.004,-2.004,-0.0,0.0,0.0,0.0,0.0,0.0,5040.0,2.004,0.0,0.0,-107615288.0,0.0,-0.0,0.0,0.0,0.0,0.0,53,1.9056979486756045e+17,-0.0,0.0,0.0,0.0,0.0,0.0,0.0,0.0,0,0,0,0.0,0.0,0.0,0.0,0.0,0.0,0.0,0.0,0.0,0.0,0.0,0.0,0.0,0.0,0.0,0.0,0,-107875648.0,53,0.0,106,-107614832.0,-107350944.0,ERR,ERR,ERR,ERR,ERR,ERR,ERR,ERR,ERR,ERR,ERR,ERR,ERR,ERR,ERR,ERR,ERR,ERR,ERR,ERR,ERR,ERR,ERR,ERR,ERR,ERR,ERR,ERR,ERR,ERR,ERR,ERR,ERR,ERR,ERR,ERR,ERR,ERR,ERR,ERR,ERR,ERR,ERR,ERR,ERR,ERR,ERR,ERR,ERR,ERR,ERR,ERR,ERR,ERR,ERR,ERR,ERR,ERR,ERR,ERR,ERR,ERR,ERR,ERR,ERR,ERR,ERR,50.0,60.0,100,0.0,0.0,0.0,0.0,0.0,0.0,0.0,0.0,0.0,0.0,0.0,0.0,0.0,0.0,0.0,0.0,61.6,65,20,65521,50,65476,0,300,0,0,8,20529,65476,0,0,26214,60.0,0.0,0.0,0.0,0.0,0.0
2026-05-17T16:19:42,ERR,ERR,ERR,ERR,ERR,ERR,ERR,ERR,ERR,ERR,ERR,ERR,ERR,ERR,ERR,ERR,ERR,ERR,ERR,ERR,ERR,ERR,ERR,ERR,ERR,ERR,ERR,ERR,ERR,ERR,ERR,ERR,ERR,ERR,ERR,ERR,ERR,ERR,ERR,ERR,ERR,ERR,ERR,ERR,ERR,ERR,ERR,ERR,ERR,ERR,ERR,ERR,ERR,ERR,ERR,ERR,ERR,ERR,ERR,ERR,ERR,ERR,ERR,ERR,ERR,ERR,ERR,ERR,ERR,ERR,ERR,ERR,ERR,ERR,ERR,ERR,ERR,ERR,ERR,ERR,ERR,ERR,ERR,ERR,ERR,ERR,ERR,ERR,ERR,ERR,ERR,ERR,ERR,ERR,ERR,ERR,ERR,ERR,ERR,ERR,ERR,ERR,ERR,ERR,ERR,ERR,ERR,ERR,ERR,ERR,ERR,ERR,ERR,ERR,ERR,ERR,ERR,ERR,ERR,ERR,ERR,ERR,ERR,ERR,ERR,0.0,-107615288.0,-134474944.0,0.0,0.0,1.3936040501711995e+18,7.805,0.0,0,0,4,0,8422,0.0,45,0.0,0.0,0.0,0.0,0.0,0,0,0,0,0.0,0,0,0,0,0,0,0,0,0,0,0,0,0,0,0,0,0,0,0,0,0,0,0,0,0,0,0,0,0,0,0,0,0,38,14,7,45,65476,0,300,0,0,8,21553,0.0,-107605600.0,0.0,0.0,0.0,0.0,0.0,0.0,0.0,0.0,0.0,0.0,0.0,0.0,0.0,0.0,0.0,0.0,0.0,0.0,0.0,0.0,-2.004,-2.004,-0.0,0.0,0.0,0.0,0.0,0.0,5040.0,2.004,0.0,0.0,-107615288.0,0.0,-0.0,0.0,0.0,0.0,0.0,53,1.9056979486756045e+17,-0.0,0.0,0.0,0.0,0.0,0.0,0.0,0.0,0,0,0,0.0,0.0,0.0,0.0,0.0,0.0,0.0,0.0,0.0,0.0,0.0,0.0,0.0,0.0,0.0,0.0,0,-107875648.0,53,0.0,106,-107614832.0,-107350944.0,ERR,ERR,ERR,ERR,ERR,ERR,ERR,ERR,ERR,ERR,ERR,ERR,ERR,ERR,ERR,ERR,ERR,ERR,ERR,ERR,ERR,ERR,ERR,ERR,ERR,ERR,ERR,ERR,ERR,ERR,ERR,ERR,ERR,ERR,ERR,ERR,ERR,ERR,ERR,ERR,ERR,ERR,ERR,ERR,ERR,ERR,ERR,ERR,ERR,ERR,ERR,ERR,ERR,ERR,ERR,ERR,ERR,ERR,ERR,ERR,ERR,ERR,ERR,ERR,ERR,ERR,ERR,50.0,60.0,100,0.0,0.0,0.0,0.0,0.0,0.0,0.0,0.0,0.0,0.0,0.0,0.0,0.0,0.0,0.0,0.0,62.0,65,20,65521,50,65476,0,300,0,0,8,20529,65476,0,0,26214,60.0,0.0,0.0,0.0,0.0,0.0
2026-05-17T16:19:43,ERR,ERR,ERR,ERR,ERR,ERR,ERR,ERR,ERR,ERR,ERR,ERR,ERR,ERR,ERR,ERR,ERR,ERR,ERR,ERR,ERR,ERR,ERR,ERR,ERR,ERR,ERR,ERR,ERR,ERR,ERR,ERR,ERR,ERR,ERR,ERR,ERR,ERR,ERR,ERR,ERR,ERR,ERR,ERR,ERR,ERR,ERR,ERR,ERR,ERR,ERR,ERR,ERR,ERR,ERR,ERR,ERR,ERR,ERR,ERR,ERR,ERR,ERR,ERR,ERR,ERR,ERR,ERR,ERR,ERR,ERR,ERR,ERR,ERR,ERR,ERR,ERR,ERR,ERR,ERR,ERR,ERR,ERR,ERR,ERR,ERR,ERR,ERR,ERR,ERR,ERR,ERR,ERR,ERR,ERR,ERR,ERR,ERR,ERR,ERR,ERR,ERR,ERR,ERR,ERR,ERR,ERR,ERR,ERR,ERR,ERR,ERR,ERR,ERR,ERR,ERR,ERR,ERR,ERR,ERR,ERR,ERR,ERR,ERR,ERR,0.0,-107615288.0,-134474944.0,0.0,0.0,1.3936040501711995e+18,7.805,0.0,0,0,4,0,8422,0.0,45,0.0,0.0,0.0,0.0,0.0,0,0,0,0,0.0,0,0,0,0,0,0,0,0,0,0,0,0,0,0,0,0,0,0,0,0,0,0,0,0,0,0,0,0,0,0,0,0,0,38,14,7,45,65476,0,300,0,0,8,21553,0.0,-107605600.0,0.0,0.0,0.0,0.0,0.0,0.0,0.0,0.0,0.0,0.0,0.0,0.0,0.0,0.0,0.0,0.0,0.0,0.0,0.0,0.0,-2.004,-2.004,-0.0,0.0,0.0,0.0,0.0,0.0,5034.0,-0.0,0.0,0.0,-107615288.0,0.0,-0.0,0.0,0.0,0.0,0.0,53,71.63,-71.629,0.0,0.0,0.0,0.0,0.0,0.0,0.0,0,0,0,0.0,0.0,0.0,0.0,0.0,0.0,0.0,0.0,0.0,0.0,0.0,0.0,0.0,0.0,0.0,0.0,0,-107875648.0,53,0.0,106,-107614832.0,-107350944.0,ERR,ERR,ERR,ERR,ERR,ERR,ERR,ERR,ERR,ERR,ERR,ERR,ERR,ERR,ERR,ERR,ERR,ERR,ERR,ERR,ERR,ERR,ERR,ERR,ERR,ERR,ERR,ERR,ERR,ERR,ERR,ERR,ERR,ERR,ERR,ERR,ERR,ERR,ERR,ERR,ERR,ERR,ERR,ERR,ERR,ERR,ERR,ERR,ERR,ERR,ERR,ERR,ERR,ERR,ERR,ERR,ERR,ERR,ERR,ERR,ERR,ERR,ERR,ERR,ERR,ERR,ERR,50.0,60.0,100,0.0,0.0,0.0,0.0,0.0,0.0,0.0,0.0,0.0,0.0,0.0,0.0,0.0,0.0,0.0,0.0,62.0,65,20,65521,50,65476,0,300,0,0,8,20529,65476,0,0,26214,60.0,0.0,0.0,0.0,0.0,0.0
2026-05-17T16:19:44,ERR,ERR,ERR,ERR,ERR,ERR,ERR,ERR,ERR,ERR,ERR,ERR,ERR,ERR,ERR,ERR,ERR,ERR,ERR,ERR,ERR,ERR,ERR,ERR,ERR,ERR,ERR,ERR,ERR,ERR,ERR,ERR,ERR,ERR,ERR,ERR,ERR,ERR,ERR,ERR,ERR,ERR,ERR,ERR,ERR,ERR,ERR,ERR,ERR,ERR,ERR,ERR,ERR,ERR,ERR,ERR,ERR,ERR,ERR,ERR,ERR,ERR,ERR,ERR,ERR,ERR,ERR,ERR,ERR,ERR,ERR,ERR,ERR,ERR,ERR,ERR,ERR,ERR,ERR,ERR,ERR,ERR,ERR,ERR,ERR,ERR,ERR,ERR,ERR,ERR,ERR,ERR,ERR,ERR,ERR,ERR,ERR,ERR,ERR,ERR,ERR,ERR,ERR,ERR,ERR,ERR,ERR,ERR,ERR,ERR,ERR,ERR,ERR,ERR,ERR,ERR,ERR,ERR,ERR,ERR,ERR,ERR,ERR,ERR,ERR,0.0,-107615288.0,-134474944.0,0.0,0.0,1.3936040501711995e+18,7.805,0.0,0,0,4,0,8422,0.0,45,0.0,0.0,0.0,0.0,0.0,0,0,0,0,0.0,0,0,0,0,0,0,0,0,0,0,0,0,0,0,0,0,0,0,0,0,0,0,0,0,0,0,0,0,0,0,0,0,0,38,14,7,45,65476,0,300,0,0,8,21553,0.0,-107605600.0,0.0,0.0,0.0,0.0,0.0,0.0,0.0,0.0,0.0,0.0,0.0,0.0,0.0,0.0,0.0,0.0,0.0,0.0,0.0,0.0,-2.004,-2.004,-0.0,0.0,0.0,0.0,0.0,0.0,5034.0,-0.0,0.0,0.0,-107615288.0,0.0,-0.0,0.0,0.0,0.0,0.0,53,71.63,-71.629,0.0,0.0,0.0,0.0,0.0,0.0,0.0,0,0,0,0.0,0.0,0.0,0.0,0.0,0.0,0.0,0.0,0.0,0.0,0.0,0.0,0.0,0.0,0.0,0.0,0,-107875648.0,53,0.0,106,-107614832.0,-107350944.0,ERR,ERR,ERR,ERR,ERR,ERR,ERR,ERR,ERR,ERR,ERR,ERR,ERR,ERR,ERR,ERR,ERR,ERR,ERR,ERR,ERR,ERR,ERR,ERR,ERR,ERR,ERR,ERR,ERR,ERR,ERR,ERR,ERR,ERR,ERR,ERR,ERR,ERR,ERR,ERR,ERR,ERR,ERR,ERR,ERR,ERR,ERR,ERR,ERR,ERR,ERR,ERR,ERR,ERR,ERR,ERR,ERR,ERR,ERR,ERR,ERR,ERR,ERR,ERR,ERR,ERR,ERR,50.0,60.0,100,0.0,0.0,0.0,0.0,0.0,0.0,0.0,0.0,0.0,0.0,0.0,0.0,0.0,0.0,0.0,0.0,61.6,65,20,65521,50,65476,0,300,0,0,8,20529,65476,0,0,26214,60.0,0.0,0.0,0.0,0.0,0.0
2026-05-17T16:19:45,ERR,ERR,ERR,ERR,ERR,ERR,ERR,ERR,ERR,ERR,ERR,ERR,ERR,ERR,ERR,ERR,ERR,ERR,ERR,ERR,ERR,ERR,ERR,ERR,ERR,ERR,ERR,ERR,ERR,ERR,ERR,ERR,ERR,ERR,ERR,ERR,ERR,ERR,ERR,ERR,ERR,ERR,ERR,ERR,ERR,ERR,ERR,ERR,ERR,ERR,ERR,ERR,ERR,ERR,ERR,ERR,ERR,ERR,ERR,ERR,ERR,ERR,ERR,ERR,ERR,ERR,ERR,ERR,ERR,ERR,ERR,ERR,ERR,ERR,ERR,ERR,ERR,ERR,ERR,ERR,ERR,ERR,ERR,ERR,ERR,ERR,ERR,ERR,ERR,ERR,ERR,ERR,ERR,ERR,ERR,ERR,ERR,ERR,ERR,ERR,ERR,ERR,ERR,ERR,ERR,ERR,ERR,ERR,ERR,ERR,ERR,ERR,ERR,ERR,ERR,ERR,ERR,ERR,ERR,ERR,ERR,ERR,ERR,ERR,ERR,0.0,-107615288.0,-134474944.0,0.0,0.0,1.3936040501711995e+18,7.805,0.0,0,0,4,0,8422,0.0,45,0.0,0.0,0.0,0.0,0.0,0,0,0,0,0.0,0,0,0,0,0,0,0,0,0,0,0,0,0,0,0,0,0,0,0,0,0,0,0,0,0,0,0,0,0,0,0,0,0,38,14,7,45,65476,0,300,0,0,8,21553,0.0,-107605600.0,0.0,0.0,0.0,0.0,0.0,0.0,0.0,0.0,0.0,0.0,0.0,0.0,0.0,0.0,0.0,0.0,0.0,0.0,0.0,0.0,-2.004,-2.004,-0.0,0.0,0.0,0.0,0.0,0.0,5034.0,-0.0,0.0,0.0,-107615288.0,0.0,-0.0,0.0,0.0,0.0,0.0,53,71.63,-71.629,0.0,0.0,0.0,0.0,0.0,0.0,0.0,0,0,0,0.0,0.0,0.0,0.0,0.0,0.0,0.0,0.0,0.0,0.0,0.0,0.0,0.0,0.0,0.0,0.0,0,-107875648.0,53,0.0,106,-107614832.0,-107350944.0,ERR,ERR,ERR,ERR,ERR,ERR,ERR,ERR,ERR,ERR,ERR,ERR,ERR,ERR,ERR,ERR,ERR,ERR,ERR,ERR,ERR,ERR,ERR,ERR,ERR,ERR,ERR,ERR,ERR,ERR,ERR,ERR,ERR,ERR,ERR,ERR,ERR,ERR,ERR,ERR,ERR,ERR,ERR,ERR,ERR,ERR,ERR,ERR,ERR,ERR,ERR,ERR,ERR,ERR,ERR,ERR,ERR,ERR,ERR,ERR,ERR,ERR,ERR,ERR,ERR,ERR,ERR,50.0,60.0,100,0.0,0.0,0.0,0.0,0.0,0.0,0.0,0.0,0.0,0.0,0.0,0.0,0.0,0.0,0.0,0.0,61.6,65,20,65521,50,65476,0,300,0,0,8,20529,65476,0,0,26214,60.0,0.0,0.0,0.0,0.0,0.0
2026-05-17T16:19:46,ERR,ERR,ERR,ERR,ERR,ERR,ERR,ERR,ERR,ERR,ERR,ERR,ERR,ERR,ERR,ERR,ERR,ERR,ERR,ERR,ERR,ERR,ERR,ERR,ERR,ERR,ERR,ERR,ERR,ERR,ERR,ERR,ERR,ERR,ERR,ERR,ERR,ERR,ERR,ERR,ERR,ERR,ERR,ERR,ERR,ERR,ERR,ERR,ERR,ERR,ERR,ERR,ERR,ERR,ERR,ERR,ERR,ERR,ERR,ERR,ERR,ERR,ERR,ERR,ERR,ERR,ERR,ERR,ERR,ERR,ERR,ERR,ERR,ERR,ERR,ERR,ERR,ERR,ERR,ERR,ERR,ERR,ERR,ERR,ERR,ERR,ERR,ERR,ERR,ERR,ERR,ERR,ERR,ERR,ERR,ERR,ERR,ERR,ERR,ERR,ERR,ERR,ERR,ERR,ERR,ERR,ERR,ERR,ERR,ERR,ERR,ERR,ERR,ERR,ERR,ERR,ERR,ERR,ERR,ERR,ERR,ERR,ERR,ERR,ERR,0.0,-107615288.0,-134474944.0,0.0,0.0,1.3936040501711995e+18,7.805,0.0,0,0,4,0,8422,0.0,45,0.0,0.0,0.0,0.0,0.0,0,0,0,0,0.0,0,0,0,0,0,0,0,0,0,0,0,0,0,0,0,0,0,0,0,0,0,0,0,0,0,0,0,0,0,0,0,0,0,38,14,7,45,65476,0,300,0,0,8,21553,0.0,-107605600.0,0.0,0.0,0.0,0.0,0.0,0.0,0.0,0.0,0.0,0.0,0.0,0.0,0.0,0.0,0.0,0.0,0.0,0.0,0.0,0.0,-2.004,-2.004,-0.0,0.0,0.0,0.0,0.0,0.0,5034.0,-0.0,0.0,0.0,-107615288.0,0.0,-0.0,0.0,0.0,0.0,0.0,53,71.63,-71.629,0.0,0.0,0.0,0.0,0.0,0.0,0.0,0,0,0,0.0,0.0,0.0,0.0,0.0,0.0,0.0,0.0,0.0,0.0,0.0,0.0,0.0,0.0,0.0,0.0,0,-107875648.0,53,0.0,106,-107614832.0,-107350944.0,ERR,ERR,ERR,ERR,ERR,ERR,ERR,ERR,ERR,ERR,ERR,ERR,ERR,ERR,ERR,ERR,ERR,ERR,ERR,ERR,ERR,ERR,ERR,ERR,ERR,ERR,ERR,ERR,ERR,ERR,ERR,ERR,ERR,ERR,ERR,ERR,ERR,ERR,ERR,ERR,ERR,ERR,ERR,ERR,ERR,ERR,ERR,ERR,ERR,ERR,ERR,ERR,ERR,ERR,ERR,ERR,ERR,ERR,ERR,ERR,ERR,ERR,ERR,ERR,ERR,ERR,ERR,50.0,60.0,100,0.0,0.0,0.0,0.0,0.0,0.0,0.0,0.0,0.0,0.0,0.0,0.0,0.0,0.0,0.0,0.0,61.6,65,20,65521,50,65476,0,300,0,0,8,20529,65476,0,0,26214,60.0,0.0,0.0,0.0,0.0,0.0
2026-05-17T16:19:47,ERR,ERR,ERR,ERR,ERR,ERR,ERR,ERR,ERR,ERR,ERR,ERR,ERR,ERR,ERR,ERR,ERR,ERR,ERR,ERR,ERR,ERR,ERR,ERR,ERR,ERR,ERR,ERR,ERR,ERR,ERR,ERR,ERR,ERR,ERR,ERR,ERR,ERR,ERR,ERR,ERR,ERR,ERR,ERR,ERR,ERR,ERR,ERR,ERR,ERR,ERR,ERR,ERR,ERR,ERR,ERR,ERR,ERR,ERR,ERR,ERR,ERR,ERR,ERR,ERR,ERR,ERR,ERR,ERR,ERR,ERR,ERR,ERR,ERR,ERR,ERR,ERR,ERR,ERR,ERR,ERR,ERR,ERR,ERR,ERR,ERR,ERR,ERR,ERR,ERR,ERR,ERR,ERR,ERR,ERR,ERR,ERR,ERR,ERR,ERR,ERR,ERR,ERR,ERR,ERR,ERR,ERR,ERR,ERR,ERR,ERR,ERR,ERR,ERR,ERR,ERR,ERR,ERR,ERR,ERR,ERR,ERR,ERR,ERR,ERR,0.0,-107615288.0,-134474944.0,0.0,0.0,1.3936040501711995e+18,7.805,0.0,0,0,4,0,8422,0.0,45,0.0,0.0,0.0,0.0,0.0,0,0,0,0,0.0,0,0,0,0,0,0,0,0,0,0,0,0,0,0,0,0,0,0,0,0,0,0,0,0,0,0,0,0,0,0,0,0,0,38,14,7,45,65476,0,300,0,0,8,21553,0.0,-107605600.0,0.0,0.0,0.0,0.0,0.0,0.0,0.0,0.0,0.0,0.0,0.0,0.0,0.0,0.0,0.0,0.0,0.0,0.0,0.0,0.0,-2.004,-2.004,-0.0,0.0,0.0,0.0,0.0,0.0,5034.0,-0.0,0.0,0.0,-107615288.0,0.0,-0.0,0.0,0.0,0.0,0.0,53,71.63,-71.629,0.0,0.0,0.0,0.0,0.0,0.0,0.0,0,0,0,0.0,0.0,0.0,0.0,0.0,0.0,0.0,0.0,0.0,0.0,0.0,0.0,0.0,0.0,0.0,0.0,0,-107875648.0,53,0.0,106,-107614832.0,-107350944.0,ERR,ERR,ERR,ERR,ERR,ERR,ERR,ERR,ERR,ERR,ERR,ERR,ERR,ERR,ERR,ERR,ERR,ERR,ERR,ERR,ERR,ERR,ERR,ERR,ERR,ERR,ERR,ERR,ERR,ERR,ERR,ERR,ERR,ERR,ERR,ERR,ERR,ERR,ERR,ERR,ERR,ERR,ERR,ERR,ERR,ERR,ERR,ERR,ERR,ERR,ERR,ERR,ERR,ERR,ERR,ERR,ERR,ERR,ERR,ERR,ERR,ERR,ERR,ERR,ERR,ERR,ERR,50.0,60.0,100,0.0,0.0,0.0,0.0,0.0,0.0,0.0,0.0,0.0,0.0,0.0,0.0,0.0,0.0,0.0,0.0,61.6,65,20,65521,50,65476,0,300,0,0,8,20529,65476,0,0,26214,60.0,0.0,0.0,0.0,0.0,0.0
2026-05-17T16:19:48,ERR,ERR,ERR,ERR,ERR,ERR,ERR,ERR,ERR,ERR,ERR,ERR,ERR,ERR,ERR,ERR,ERR,ERR,ERR,ERR,ERR,ERR,ERR,ERR,ERR,ERR,ERR,ERR,ERR,ERR,ERR,ERR,ERR,ERR,ERR,ERR,ERR,ERR,ERR,ERR,ERR,ERR,ERR,ERR,ERR,ERR,ERR,ERR,ERR,ERR,ERR,ERR,ERR,ERR,ERR,ERR,ERR,ERR,ERR,ERR,ERR,ERR,ERR,ERR,ERR,ERR,ERR,ERR,ERR,ERR,ERR,ERR,ERR,ERR,ERR,ERR,ERR,ERR,ERR,ERR,ERR,ERR,ERR,ERR,ERR,ERR,ERR,ERR,ERR,ERR,ERR,ERR,ERR,ERR,ERR,ERR,ERR,ERR,ERR,ERR,ERR,ERR,ERR,ERR,ERR,ERR,ERR,ERR,ERR,ERR,ERR,ERR,ERR,ERR,ERR,ERR,ERR,ERR,ERR,ERR,ERR,ERR,ERR,ERR,ERR,0.0,-107615288.0,-0.0,0.0,0.0,1.3936040501711995e+18,7.805,0.0,0,0,4,0,8422,0.0,45,0.0,0.0,0.0,0.0,0.0,0,0,0,0,0.0,0,0,0,0,0,0,0,0,0,0,0,0,0,0,0,0,0,0,0,0,0,0,0,0,0,0,0,0,0,0,0,0,0,38,14,7,45,65476,0,300,0,0,8,21553,0.0,-107605600.0,0.0,0.0,0.0,0.0,0.0,0.0,0.0,0.0,0.0,0.0,0.0,0.0,0.0,0.0,0.0,0.0,0.0,0.0,0.0,0.0,0.0,-2.004,-0.0,0.0,0.0,0.0,0.0,0.0,5038.0,1.5879295420089355e+29,0.0,0.0,-107615288.0,0.0,-0.0,0.0,0.0,0.0,0.0,53,2.7184300208680915e+23,5.848056079300204e+35,0.0,0.0,0.0,0.0,0.0,0.0,0.0,0,0,0,0.0,0.0,0.0,0.0,0.0,0.0,0.0,0.0,0.0,0.0,0.0,0.0,0.0,0.0,0.0,0.0,0,-107875648.0,53,0.0,106,-107614832.0,-107350944.0,ERR,ERR,ERR,ERR,ERR,ERR,ERR,ERR,ERR,ERR,ERR,ERR,ERR,ERR,ERR,ERR,ERR,ERR,ERR,ERR,ERR,ERR,ERR,ERR,ERR,ERR,ERR,ERR,ERR,ERR,ERR,ERR,ERR,ERR,ERR,ERR,ERR,ERR,ERR,ERR,ERR,ERR,ERR,ERR,ERR,ERR,ERR,ERR,ERR,ERR,ERR,ERR,ERR,ERR,ERR,ERR,ERR,ERR,ERR,ERR,ERR,ERR,ERR,ERR,ERR,ERR,ERR,50.0,60.0,100,0.0,0.0,0.0,0.0,0.0,0.0,0.0,0.0,0.0,0.0,0.0,0.0,0.0,0.0,0.0,0.0,61.6,65,20,65521,50,65476,0,300,0,0,8,20529,65476,0,0,26214,60.0,0.0,0.0,0.0,0.0,0.0
2026-05-17T16:19:49,ERR,ERR,ERR,ERR,ERR,ERR,ERR,ERR,ERR,ERR,ERR,ERR,ERR,ERR,ERR,ERR,ERR,ERR,ERR,ERR,ERR,ERR,ERR,ERR,ERR,ERR,ERR,ERR,ERR,ERR,ERR,ERR,ERR,ERR,ERR,ERR,ERR,ERR,ERR,ERR,ERR,ERR,ERR,ERR,ERR,ERR,ERR,ERR,ERR,ERR,ERR,ERR,ERR,ERR,ERR,ERR,ERR,ERR,ERR,ERR,ERR,ERR,ERR,ERR,ERR,ERR,ERR,ERR,ERR,ERR,ERR,ERR,ERR,ERR,ERR,ERR,ERR,ERR,ERR,ERR,ERR,ERR,ERR,ERR,ERR,ERR,ERR,ERR,ERR,ERR,ERR,ERR,ERR,ERR,ERR,ERR,ERR,ERR,ERR,ERR,ERR,ERR,ERR,ERR,ERR,ERR,ERR,ERR,ERR,ERR,ERR,ERR,ERR,ERR,ERR,ERR,ERR,ERR,ERR,ERR,ERR,ERR,ERR,ERR,ERR,0.0,-107615288.0,-0.0,0.0,0.0,1.3936040501711995e+18,7.805,0.0,0,0,4,0,8422,0.0,45,0.0,0.0,0.0,0.0,0.0,0,0,0,0,0.0,0,0,0,0,0,0,0,0,0,0,0,0,0,0,0,0,0,0,0,0,0,0,0,0,0,0,0,0,0,0,0,0,0,38,14,7,45,65476,0,300,0,0,8,21553,0.0,-107605600.0,0.0,0.0,0.0,0.0,0.0,0.0,0.0,0.0,0.0,0.0,0.0,0.0,0.0,0.0,0.0,0.0,0.0,0.0,0.0,0.0,0.0,-2.004,-0.0,0.0,0.0,0.0,0.0,0.0,5038.0,1.5879295420089355e+29,0.0,0.0,-107615288.0,0.0,-0.0,0.0,0.0,0.0,0.0,53,2.7184300208680915e+23,5.848056079300204e+35,0.0,0.0,0.0,0.0,0.0,0.0,0.0,0,0,0,0.0,0.0,0.0,0.0,0.0,0.0,0.0,0.0,0.0,0.0,0.0,0.0,0.0,0.0,0.0,0.0,0,-107875648.0,53,0.0,106,-107614832.0,-107350944.0,ERR,ERR,ERR,ERR,ERR,ERR,ERR,ERR,ERR,ERR,ERR,ERR,ERR,ERR,ERR,ERR,ERR,ERR,ERR,ERR,ERR,ERR,ERR,ERR,ERR,ERR,ERR,ERR,ERR,ERR,ERR,ERR,ERR,ERR,ERR,ERR,ERR,ERR,ERR,ERR,ERR,ERR,ERR,ERR,ERR,ERR,ERR,ERR,ERR,ERR,ERR,ERR,ERR,ERR,ERR,ERR,ERR,ERR,ERR,ERR,ERR,ERR,ERR,ERR,ERR,ERR,ERR,50.0,60.0,100,0.0,0.0,0.0,0.0,0.0,0.0,0.0,0.0,0.0,0.0,0.0,0.0,0.0,0.0,0.0,0.0,61.6,65,20,65521,50,65476,0,300,0,0,8,20529,65476,0,0,26214,60.0,0.0,0.0,0.0,0.0,0.0
2026-05-17T16:19:50,ERR,ERR,ERR,ERR,ERR,ERR,ERR,ERR,ERR,ERR,ERR,ERR,ERR,ERR,ERR,ERR,ERR,ERR,ERR,ERR,ERR,ERR,ERR,ERR,ERR,ERR,ERR,ERR,ERR,ERR,ERR,ERR,ERR,ERR,ERR,ERR,ERR,ERR,ERR,ERR,ERR,ERR,ERR,ERR,ERR,ERR,ERR,ERR,ERR,ERR,ERR,ERR,ERR,ERR,ERR,ERR,ERR,ERR,ERR,ERR,ERR,ERR,ERR,ERR,ERR,ERR,ERR,ERR,ERR,ERR,ERR,ERR,ERR,ERR,ERR,ERR,ERR,ERR,ERR,ERR,ERR,ERR,ERR,ERR,ERR,ERR,ERR,ERR,ERR,ERR,ERR,ERR,ERR,ERR,ERR,ERR,ERR,ERR,ERR,ERR,ERR,ERR,ERR,ERR,ERR,ERR,ERR,ERR,ERR,ERR,ERR,ERR,ERR,ERR,ERR,ERR,ERR,ERR,ERR,ERR,ERR,ERR,ERR,ERR,ERR,0.0,-107615288.0,-0.0,0.0,0.0,1.3936040501711995e+18,7.805,0.0,0,0,4,0,8422,0.0,45,0.0,0.0,0.0,0.0,0.0,0,0,0,0,0.0,0,0,0,0,0,0,0,0,0,0,0,0,0,0,0,0,0,0,0,0,0,0,0,0,0,0,0,0,0,0,0,0,0,38,14,7,45,65476,0,300,0,0,8,21553,0.0,-107605600.0,0.0,0.0,0.0,0.0,0.0,0.0,0.0,0.0,0.0,0.0,0.0,0.0,0.0,0.0,0.0,0.0,0.0,0.0,0.0,0.0,0.0,-2.004,-0.0,0.0,0.0,0.0,0.0,0.0,5038.0,1.5879295420089355e+29,0.0,0.0,-107615288.0,0.0,-0.0,0.0,0.0,0.0,0.0,53,2.7184300208680915e+23,5.848056079300204e+35,0.0,0.0,0.0,0.0,0.0,0.0,0.0,0,0,0,0.0,0.0,0.0,0.0,0.0,0.0,0.0,0.0,0.0,0.0,0.0,0.0,0.0,0.0,0.0,0.0,0,-107875648.0,53,0.0,106,-107614832.0,-107350944.0,ERR,ERR,ERR,ERR,ERR,ERR,ERR,ERR,ERR,ERR,ERR,ERR,ERR,ERR,ERR,ERR,ERR,ERR,ERR,ERR,ERR,ERR,ERR,ERR,ERR,ERR,ERR,ERR,ERR,ERR,ERR,ERR,ERR,ERR,ERR,ERR,ERR,ERR,ERR,ERR,ERR,ERR,ERR,ERR,ERR,ERR,ERR,ERR,ERR,ERR,ERR,ERR,ERR,ERR,ERR,ERR,ERR,ERR,ERR,ERR,ERR,ERR,ERR,ERR,ERR,ERR,ERR,50.0,60.0,100,0.0,0.0,0.0,0.0,0.0,0.0,0.0,0.0,0.0,0.0,0.0,0.0,0.0,0.0,0.0,0.0,61.6,65,20,65521,50,65476,0,300,0,0,8,20529,65476,0,0,26214,60.0,0.0,0.0,0.0,0.0,0.0
2026-05-17T16:19:51,ERR,ERR,ERR,ERR,ERR,ERR,ERR,ERR,ERR,ERR,ERR,ERR,ERR,ERR,ERR,ERR,ERR,ERR,ERR,ERR,ERR,ERR,ERR,ERR,ERR,ERR,ERR,ERR,ERR,ERR,ERR,ERR,ERR,ERR,ERR,ERR,ERR,ERR,ERR,ERR,ERR,ERR,ERR,ERR,ERR,ERR,ERR,ERR,ERR,ERR,ERR,ERR,ERR,ERR,ERR,ERR,ERR,ERR,ERR,ERR,ERR,ERR,ERR,ERR,ERR,ERR,ERR,ERR,ERR,ERR,ERR,ERR,ERR,ERR,ERR,ERR,ERR,ERR,ERR,ERR,ERR,ERR,ERR,ERR,ERR,ERR,ERR,ERR,ERR,ERR,ERR,ERR,ERR,ERR,ERR,ERR,ERR,ERR,ERR,ERR,ERR,ERR,ERR,ERR,ERR,ERR,ERR,ERR,ERR,ERR,ERR,ERR,ERR,ERR,ERR,ERR,ERR,ERR,ERR,ERR,ERR,ERR,ERR,ERR,ERR,0.0,-107615288.0,-0.0,0.0,0.0,1.3936040501711995e+18,7.805,0.0,0,0,4,0,8422,0.0,45,0.0,0.0,0.0,0.0,0.0,0,0,0,0,0.0,0,0,0,0,0,0,0,0,0,0,0,0,0,0,0,0,0,0,0,0,0,0,0,0,0,0,0,0,0,0,0,0,0,38,14,7,45,65476,0,300,0,0,8,21553,0.0,-107605600.0,0.0,0.0,0.0,0.0,0.0,0.0,0.0,0.0,0.0,0.0,0.0,0.0,0.0,0.0,0.0,0.0,0.0,0.0,0.0,0.0,0.0,-2.004,-0.0,0.0,0.0,0.0,0.0,0.0,5038.0,1.5879295420089355e+29,0.0,0.0,-107615288.0,0.0,-0.0,0.0,0.0,0.0,0.0,53,2.7184300208680915e+23,5.848056079300204e+35,0.0,0.0,0.0,0.0,0.0,0.0,0.0,0,0,0,0.0,0.0,0.0,0.0,0.0,0.0,0.0,0.0,0.0,0.0,0.0,0.0,0.0,0.0,0.0,0.0,0,-107875648.0,53,0.0,106,-107614832.0,-107350944.0,ERR,ERR,ERR,ERR,ERR,ERR,ERR,ERR,ERR,ERR,ERR,ERR,ERR,ERR,ERR,ERR,ERR,ERR,ERR,ERR,ERR,ERR,ERR,ERR,ERR,ERR,ERR,ERR,ERR,ERR,ERR,ERR,ERR,ERR,ERR,ERR,ERR,ERR,ERR,ERR,ERR,ERR,ERR,ERR,ERR,ERR,ERR,ERR,ERR,ERR,ERR,ERR,ERR,ERR,ERR,ERR,ERR,ERR,ERR,ERR,ERR,ERR,ERR,ERR,ERR,ERR,ERR,50.0,60.0,100,0.0,0.0,0.0,0.0,0.0,0.0,0.0,0.0,0.0,0.0,0.0,0.0,0.0,0.0,0.0,0.0,61.6,65,20,65521,50,65476,0,300,0,0,8,20529,65476,0,0,26214,60.0,0.0,0.0,0.0,0.0,0.0
2026-05-17T16:19:52,ERR,ERR,ERR,ERR,ERR,ERR,ERR,ERR,ERR,ERR,ERR,ERR,ERR,ERR,ERR,ERR,ERR,ERR,ERR,ERR,ERR,ERR,ERR,ERR,ERR,ERR,ERR,ERR,ERR,ERR,ERR,ERR,ERR,ERR,ERR,ERR,ERR,ERR,ERR,ERR,ERR,ERR,ERR,ERR,ERR,ERR,ERR,ERR,ERR,ERR,ERR,ERR,ERR,ERR,ERR,ERR,ERR,ERR,ERR,ERR,ERR,ERR,ERR,ERR,ERR,ERR,ERR,ERR,ERR,ERR,ERR,ERR,ERR,ERR,ERR,ERR,ERR,ERR,ERR,ERR,ERR,ERR,ERR,ERR,ERR,ERR,ERR,ERR,ERR,ERR,ERR,ERR,ERR,ERR,ERR,ERR,ERR,ERR,ERR,ERR,ERR,ERR,ERR,ERR,ERR,ERR,ERR,ERR,ERR,ERR,ERR,ERR,ERR,ERR,ERR,ERR,ERR,ERR,ERR,ERR,ERR,ERR,ERR,ERR,ERR,0.0,-107615288.0,-0.0,0.0,0.0,1.3936040501711995e+18,7.805,0.0,0,0,4,0,8422,0.0,45,0.0,0.0,0.0,0.0,0.0,0,0,0,0,0.0,0,0,0,0,0,0,0,0,0,0,0,0,0,0,0,0,0,0,0,0,0,0,0,0,0,0,0,0,0,0,0,0,0,38,14,7,45,65476,0,300,0,0,8,21553,0.0,-107605600.0,0.0,0.0,0.0,0.0,0.0,0.0,0.0,0.0,0.0,0.0,0.0,0.0,0.0,0.0,0.0,0.0,0.0,0.0,0.0,0.0,0.0,-2.004,-0.0,0.0,0.0,0.0,0.0,0.0,5038.0,1.5879295420089355e+29,0.0,0.0,-107615288.0,0.0,-0.0,0.0,0.0,0.0,0.0,53,2.7184300208680915e+23,5.848056079300204e+35,0.0,0.0,0.0,0.0,0.0,0.0,0.0,0,0,0,0.0,0.0,0.0,0.0,0.0,0.0,0.0,0.0,0.0,0.0,0.0,0.0,0.0,0.0,0.0,0.0,0,-107875648.0,53,0.0,106,-107614832.0,-107350944.0,ERR,ERR,ERR,ERR,ERR,ERR,ERR,ERR,ERR,ERR,ERR,ERR,ERR,ERR,ERR,ERR,ERR,ERR,ERR,ERR,ERR,ERR,ERR,ERR,ERR,ERR,ERR,ERR,ERR,ERR,ERR,ERR,ERR,ERR,ERR,ERR,ERR,ERR,ERR,ERR,ERR,ERR,ERR,ERR,ERR,ERR,ERR,ERR,ERR,ERR,ERR,ERR,ERR,ERR,ERR,ERR,ERR,ERR,ERR,ERR,ERR,ERR,ERR,ERR,ERR,ERR,ERR,50.0,60.0,100,0.0,0.0,0.0,0.0,0.0,0.0,0.0,0.0,0.0,0.0,0.0,0.0,0.0,0.0,0.0,0.0,61.6,65,20,65521,50,65476,0,300,0,0,8,20529,65476,0,0,26214,60.0,0.0,0.0,0.0,0.0,0.0
2026-05-17T16:19:53,ERR,ERR,ERR,ERR,ERR,ERR,ERR,ERR,ERR,ERR,ERR,ERR,ERR,ERR,ERR,ERR,ERR,ERR,ERR,ERR,ERR,ERR,ERR,ERR,ERR,ERR,ERR,ERR,ERR,ERR,ERR,ERR,ERR,ERR,ERR,ERR,ERR,ERR,ERR,ERR,ERR,ERR,ERR,ERR,ERR,ERR,ERR,ERR,ERR,ERR,ERR,ERR,ERR,ERR,ERR,ERR,ERR,ERR,ERR,ERR,ERR,ERR,ERR,ERR,ERR,ERR,ERR,ERR,ERR,ERR,ERR,ERR,ERR,ERR,ERR,ERR,ERR,ERR,ERR,ERR,ERR,ERR,ERR,ERR,ERR,ERR,ERR,ERR,ERR,ERR,ERR,ERR,ERR,ERR,ERR,ERR,ERR,ERR,ERR,ERR,ERR,ERR,ERR,ERR,ERR,ERR,ERR,ERR,ERR,ERR,ERR,ERR,ERR,ERR,ERR,ERR,ERR,ERR,ERR,ERR,ERR,ERR,ERR,ERR,ERR,0.0,-107615288.0,-134474944.0,0.0,0.0,1.3936040501711995e+18,7.805,0.0,0,0,4,0,8422,0.0,45,0.0,0.0,0.0,0.0,0.0,0,0,0,0,0.0,0,0,0,0,0,0,0,0,0,0,0,0,0,0,0,0,0,0,0,0,0,0,0,0,0,0,0,0,0,0,0,0,0,38,14,7,45,65476,0,300,0,0,8,21553,0.0,-107605600.0,0.0,0.0,0.0,0.0,0.0,0.0,0.0,0.0,0.0,0.0,0.0,0.0,0.0,0.0,0.0,0.0,0.0,0.0,0.0,0.0,-2.004,-2.004,-0.0,0.0,0.0,0.0,0.0,0.0,5036.0,-0.0,0.0,0.0,-107615288.0,0.0,-0.0,0.0,0.0,0.0,0.0,53,2.7184300208680915e+23,-107614792.0,0.0,0.0,0.0,0.0,0.0,0.0,0.0,0,0,0,0.0,0.0,0.0,0.0,0.0,0.0,0.0,0.0,0.0,0.0,0.0,0.0,0.0,0.0,0.0,0.0,0,-107875648.0,53,0.0,106,-107614832.0,-107350944.0,ERR,ERR,ERR,ERR,ERR,ERR,ERR,ERR,ERR,ERR,ERR,ERR,ERR,ERR,ERR,ERR,ERR,ERR,ERR,ERR,ERR,ERR,ERR,ERR,ERR,ERR,ERR,ERR,ERR,ERR,ERR,ERR,ERR,ERR,ERR,ERR,ERR,ERR,ERR,ERR,ERR,ERR,ERR,ERR,ERR,ERR,ERR,ERR,ERR,ERR,ERR,ERR,ERR,ERR,ERR,ERR,ERR,ERR,ERR,ERR,ERR,ERR,ERR,ERR,ERR,ERR,ERR,50.0,60.0,100,0.0,0.0,0.0,0.0,0.0,0.0,0.0,0.0,0.0,0.0,0.0,0.0,0.0,0.0,0.0,0.0,61.6,65,20,65521,50,65476,0,300,0,0,8,20529,65476,0,0,26214,60.0,0.0,0.0,0.0,0.0,0.0
2026-05-17T16:19:54,ERR,ERR,ERR,ERR,ERR,ERR,ERR,ERR,ERR,ERR,ERR,ERR,ERR,ERR,ERR,ERR,ERR,ERR,ERR,ERR,ERR,ERR,ERR,ERR,ERR,ERR,ERR,ERR,ERR,ERR,ERR,ERR,ERR,ERR,ERR,ERR,ERR,ERR,ERR,ERR,ERR,ERR,ERR,ERR,ERR,ERR,ERR,ERR,ERR,ERR,ERR,ERR,ERR,ERR,ERR,ERR,ERR,ERR,ERR,ERR,ERR,ERR,ERR,ERR,ERR,ERR,ERR,ERR,ERR,ERR,ERR,ERR,ERR,ERR,ERR,ERR,ERR,ERR,ERR,ERR,ERR,ERR,ERR,ERR,ERR,ERR,ERR,ERR,ERR,ERR,ERR,ERR,ERR,ERR,ERR,ERR,ERR,ERR,ERR,ERR,ERR,ERR,ERR,ERR,ERR,ERR,ERR,ERR,ERR,ERR,ERR,ERR,ERR,ERR,ERR,ERR,ERR,ERR,ERR,ERR,ERR,ERR,ERR,ERR,ERR,0.0,-107615288.0,-134474944.0,0.0,0.0,1.3936040501711995e+18,7.805,0.0,0,0,4,0,8422,0.0,45,0.0,0.0,0.0,0.0,0.0,0,0,0,0,0.0,0,0,0,0,0,0,0,0,0,0,0,0,0,0,0,0,0,0,0,0,0,0,0,0,0,0,0,0,0,0,0,0,0,38,14,7,45,65476,0,300,0,0,8,21553,0.0,-107605600.0,0.0,0.0,0.0,0.0,0.0,0.0,0.0,0.0,0.0,0.0,0.0,0.0,0.0,0.0,0.0,0.0,0.0,0.0,0.0,0.0,-2.004,-2.004,-0.0,0.0,0.0,0.0,0.0,0.0,5036.0,-0.0,0.0,0.0,-107615288.0,0.0,-0.0,0.0,0.0,0.0,0.0,53,2.7184300208680915e+23,-107614792.0,0.0,0.0,0.0,0.0,0.0,0.0,0.0,0,0,0,0.0,0.0,0.0,0.0,0.0,0.0,0.0,0.0,0.0,0.0,0.0,0.0,0.0,0.0,0.0,0.0,0,-107875648.0,53,0.0,106,-107614832.0,-107350944.0,ERR,ERR,ERR,ERR,ERR,ERR,ERR,ERR,ERR,ERR,ERR,ERR,ERR,ERR,ERR,ERR,ERR,ERR,ERR,ERR,ERR,ERR,ERR,ERR,ERR,ERR,ERR,ERR,ERR,ERR,ERR,ERR,ERR,ERR,ERR,ERR,ERR,ERR,ERR,ERR,ERR,ERR,ERR,ERR,ERR,ERR,ERR,ERR,ERR,ERR,ERR,ERR,ERR,ERR,ERR,ERR,ERR,ERR,ERR,ERR,ERR,ERR,ERR,ERR,ERR,ERR,ERR,50.0,60.0,100,0.0,0.0,0.0,0.0,0.0,0.0,0.0,0.0,0.0,0.0,0.0,0.0,0.0,0.0,0.0,0.0,61.6,65,20,65521,50,65476,0,300,0,0,8,20529,65476,0,0,26214,60.0,0.0,0.0,0.0,0.0,0.0
2026-05-17T16:19:55,ERR,ERR,ERR,ERR,ERR,ERR,ERR,ERR,ERR,ERR,ERR,ERR,ERR,ERR,ERR,ERR,ERR,ERR,ERR,ERR,ERR,ERR,ERR,ERR,ERR,ERR,ERR,ERR,ERR,ERR,ERR,ERR,ERR,ERR,ERR,ERR,ERR,ERR,ERR,ERR,ERR,ERR,ERR,ERR,ERR,ERR,ERR,ERR,ERR,ERR,ERR,ERR,ERR,ERR,ERR,ERR,ERR,ERR,ERR,ERR,ERR,ERR,ERR,ERR,ERR,ERR,ERR,ERR,ERR,ERR,ERR,ERR,ERR,ERR,ERR,ERR,ERR,ERR,ERR,ERR,ERR,ERR,ERR,ERR,ERR,ERR,ERR,ERR,ERR,ERR,ERR,ERR,ERR,ERR,ERR,ERR,ERR,ERR,ERR,ERR,ERR,ERR,ERR,ERR,ERR,ERR,ERR,ERR,ERR,ERR,ERR,ERR,ERR,ERR,ERR,ERR,ERR,ERR,ERR,ERR,ERR,ERR,ERR,ERR,ERR,0.0,-107615288.0,-134474944.0,0.0,0.0,1.3936040501711995e+18,7.805,0.0,0,0,4,0,8422,0.0,45,0.0,0.0,0.0,0.0,0.0,0,0,0,0,0.0,0,0,0,0,0,0,0,0,0,0,0,0,0,0,0,0,0,0,0,0,0,0,0,0,0,0,0,0,0,0,0,0,0,38,14,7,45,65476,0,300,0,0,8,21553,0.0,-107605600.0,0.0,0.0,0.0,0.0,0.0,0.0,0.0,0.0,0.0,0.0,0.0,0.0,0.0,0.0,0.0,0.0,0.0,0.0,0.0,0.0,-2.004,-2.004,-0.0,0.0,0.0,0.0,0.0,0.0,5036.0,-0.0,0.0,0.0,-107615288.0,0.0,-0.0,0.0,0.0,0.0,0.0,53,2.7184300208680915e+23,-107614792.0,0.0,0.0,0.0,0.0,0.0,0.0,0.0,0,0,0,0.0,0.0,0.0,0.0,0.0,0.0,0.0,0.0,0.0,0.0,0.0,0.0,0.0,0.0,0.0,0.0,0,-107875648.0,53,0.0,106,-107614832.0,-107350944.0,ERR,ERR,ERR,ERR,ERR,ERR,ERR,ERR,ERR,ERR,ERR,ERR,ERR,ERR,ERR,ERR,ERR,ERR,ERR,ERR,ERR,ERR,ERR,ERR,ERR,ERR,ERR,ERR,ERR,ERR,ERR,ERR,ERR,ERR,ERR,ERR,ERR,ERR,ERR,ERR,ERR,ERR,ERR,ERR,ERR,ERR,ERR,ERR,ERR,ERR,ERR,ERR,ERR,ERR,ERR,ERR,ERR,ERR,ERR,ERR,ERR,ERR,ERR,ERR,ERR,ERR,ERR,50.0,60.0,100,0.0,0.0,0.0,0.0,0.0,0.0,0.0,0.0,0.0,0.0,0.0,0.0,0.0,0.0,0.0,0.0,61.6,65,20,65521,50,65476,0,300,0,0,8,20529,65476,0,0,26214,60.0,0.0,0.0,0.0,0.0,0.0
2026-05-17T16:19:56,ERR,ERR,ERR,ERR,ERR,ERR,ERR,ERR,ERR,ERR,ERR,ERR,ERR,ERR,ERR,ERR,ERR,ERR,ERR,ERR,ERR,ERR,ERR,ERR,ERR,ERR,ERR,ERR,ERR,ERR,ERR,ERR,ERR,ERR,ERR,ERR,ERR,ERR,ERR,ERR,ERR,ERR,ERR,ERR,ERR,ERR,ERR,ERR,ERR,ERR,ERR,ERR,ERR,ERR,ERR,ERR,ERR,ERR,ERR,ERR,ERR,ERR,ERR,ERR,ERR,ERR,ERR,ERR,ERR,ERR,ERR,ERR,ERR,ERR,ERR,ERR,ERR,ERR,ERR,ERR,ERR,ERR,ERR,ERR,ERR,ERR,ERR,ERR,ERR,ERR,ERR,ERR,ERR,ERR,ERR,ERR,ERR,ERR,ERR,ERR,ERR,ERR,ERR,ERR,ERR,ERR,ERR,ERR,ERR,ERR,ERR,ERR,ERR,ERR,ERR,ERR,ERR,ERR,ERR,ERR,ERR,ERR,ERR,ERR,ERR,0.0,-107615288.0,-134474944.0,0.0,0.0,1.3936040501711995e+18,7.805,0.0,0,0,4,0,8422,0.0,45,0.0,0.0,0.0,0.0,0.0,0,0,0,0,0.0,0,0,0,0,0,0,0,0,0,0,0,0,0,0,0,0,0,0,0,0,0,0,0,0,0,0,0,0,0,0,0,0,0,38,14,7,45,65476,0,300,0,0,8,21553,0.0,-107605600.0,0.0,0.0,0.0,0.0,0.0,0.0,0.0,0.0,0.0,0.0,0.0,0.0,0.0,0.0,0.0,0.0,0.0,0.0,0.0,0.0,-2.004,-2.004,-0.0,0.0,0.0,0.0,0.0,0.0,5036.0,-0.0,0.0,0.0,-107615288.0,0.0,-0.0,0.0,0.0,0.0,0.0,53,2.7184300208680915e+23,-107614792.0,0.0,0.0,0.0,0.0,0.0,0.0,0.0,0,0,0,0.0,0.0,0.0,0.0,0.0,0.0,0.0,0.0,0.0,0.0,0.0,0.0,0.0,0.0,0.0,0.0,0,-107875648.0,53,0.0,106,-107614832.0,-107350944.0,ERR,ERR,ERR,ERR,ERR,ERR,ERR,ERR,ERR,ERR,ERR,ERR,ERR,ERR,ERR,ERR,ERR,ERR,ERR,ERR,ERR,ERR,ERR,ERR,ERR,ERR,ERR,ERR,ERR,ERR,ERR,ERR,ERR,ERR,ERR,ERR,ERR,ERR,ERR,ERR,ERR,ERR,ERR,ERR,ERR,ERR,ERR,ERR,ERR,ERR,ERR,ERR,ERR,ERR,ERR,ERR,ERR,ERR,ERR,ERR,ERR,ERR,ERR,ERR,ERR,ERR,ERR,50.0,60.0,100,0.0,0.0,0.0,0.0,0.0,0.0,0.0,0.0,0.0,0.0,0.0,0.0,0.0,0.0,0.0,0.0,62.0,65,20,65521,50,65476,0,300,0,0,8,20529,65476,0,0,26214,60.0,0.0,0.0,0.0,0.0,0.0
2026-05-17T16:19:57,ERR,ERR,ERR,ERR,ERR,ERR,ERR,ERR,ERR,ERR,ERR,ERR,ERR,ERR,ERR,ERR,ERR,ERR,ERR,ERR,ERR,ERR,ERR,ERR,ERR,ERR,ERR,ERR,ERR,ERR,ERR,ERR,ERR,ERR,ERR,ERR,ERR,ERR,ERR,ERR,ERR,ERR,ERR,ERR,ERR,ERR,ERR,ERR,ERR,ERR,ERR,ERR,ERR,ERR,ERR,ERR,ERR,ERR,ERR,ERR,ERR,ERR,ERR,ERR,ERR,ERR,ERR,ERR,ERR,ERR,ERR,ERR,ERR,ERR,ERR,ERR,ERR,ERR,ERR,ERR,ERR,ERR,ERR,ERR,ERR,ERR,ERR,ERR,ERR,ERR,ERR,ERR,ERR,ERR,ERR,ERR,ERR,ERR,ERR,ERR,ERR,ERR,ERR,ERR,ERR,ERR,ERR,ERR,ERR,ERR,ERR,ERR,ERR,ERR,ERR,ERR,ERR,ERR,ERR,ERR,ERR,ERR,ERR,ERR,ERR,0.0,-107615288.0,-134474944.0,0.0,0.0,1.3936040501711995e+18,7.805,0.0,0,0,4,0,8422,0.0,45,0.0,0.0,0.0,0.0,0.0,0,0,0,0,0.0,0,0,0,0,0,0,0,0,0,0,0,0,0,0,0,0,0,0,0,0,0,0,0,0,0,0,0,0,0,0,0,0,0,38,14,7,45,65476,0,300,0,0,8,21553,0.0,-107605600.0,0.0,0.0,0.0,0.0,0.0,0.0,0.0,0.0,0.0,0.0,0.0,0.0,0.0,0.0,0.0,0.0,0.0,0.0,0.0,0.0,-2.004,-2.004,-0.0,0.0,0.0,0.0,0.0,0.0,5036.0,-0.0,0.0,0.0,-107615288.0,0.0,-0.0,0.0,0.0,0.0,0.0,53,2.7184300208680915e+23,-107614792.0,0.0,0.0,0.0,0.0,0.0,0.0,0.0,0,0,0,0.0,0.0,0.0,0.0,0.0,0.0,0.0,0.0,0.0,0.0,0.0,0.0,0.0,0.0,0.0,0.0,0,-107875648.0,53,0.0,106,-107614832.0,-107350944.0,ERR,ERR,ERR,ERR,ERR,ERR,ERR,ERR,ERR,ERR,ERR,ERR,ERR,ERR,ERR,ERR,ERR,ERR,ERR,ERR,ERR,ERR,ERR,ERR,ERR,ERR,ERR,ERR,ERR,ERR,ERR,ERR,ERR,ERR,ERR,ERR,ERR,ERR,ERR,ERR,ERR,ERR,ERR,ERR,ERR,ERR,ERR,ERR,ERR,ERR,ERR,ERR,ERR,ERR,ERR,ERR,ERR,ERR,ERR,ERR,ERR,ERR,ERR,ERR,ERR,ERR,ERR,50.0,60.0,100,0.0,0.0,0.0,0.0,0.0,0.0,0.0,0.0,0.0,0.0,0.0,0.0,0.0,0.0,0.0,0.0,62.0,65,20,65521,50,65476,0,300,0,0,8,20529,65476,0,0,26214,60.0,0.0,0.0,0.0,0.0,0.0
2026-05-17T16:19:58,ERR,ERR,ERR,ERR,ERR,ERR,ERR,ERR,ERR,ERR,ERR,ERR,ERR,ERR,ERR,ERR,ERR,ERR,ERR,ERR,ERR,ERR,ERR,ERR,ERR,ERR,ERR,ERR,ERR,ERR,ERR,ERR,ERR,ERR,ERR,ERR,ERR,ERR,ERR,ERR,ERR,ERR,ERR,ERR,ERR,ERR,ERR,ERR,ERR,ERR,ERR,ERR,ERR,ERR,ERR,ERR,ERR,ERR,ERR,ERR,ERR,ERR,ERR,ERR,ERR,ERR,ERR,ERR,ERR,ERR,ERR,ERR,ERR,ERR,ERR,ERR,ERR,ERR,ERR,ERR,ERR,ERR,ERR,ERR,ERR,ERR,ERR,ERR,ERR,ERR,ERR,ERR,ERR,ERR,ERR,ERR,ERR,ERR,ERR,ERR,ERR,ERR,ERR,ERR,ERR,ERR,ERR,ERR,ERR,ERR,ERR,ERR,ERR,ERR,ERR,ERR,ERR,ERR,ERR,ERR,ERR,ERR,ERR,ERR,ERR,0.0,-107615288.0,-0.0,0.0,0.0,1.3936040501711995e+18,7.805,0.0,0,0,4,0,8422,0.0,45,0.0,0.0,0.0,0.0,0.0,0,0,0,0,0.0,0,0,0,0,0,0,0,0,0,0,0,0,0,0,0,0,0,0,0,0,0,0,0,0,0,0,0,0,0,0,0,0,0,38,14,7,45,65476,0,300,0,0,8,21553,0.0,-107605600.0,0.0,0.0,0.0,0.0,0.0,0.0,0.0,0.0,0.0,0.0,0.0,0.0,0.0,0.0,0.0,0.0,0.0,0.0,0.0,0.0,0.0,-2.004,-0.0,0.0,0.0,0.0,0.0,0.0,5035.0,-0.0,0.0,0.0,-107615288.0,0.0,-0.0,0.0,0.0,0.0,0.0,53,107615344.0,-0.0,0.0,0.0,0.0,0.0,0.0,0.0,0.0,0,0,0,0.0,0.0,0.0,0.0,0.0,0.0,0.0,0.0,0.0,0.0,0.0,0.0,0.0,0.0,0.0,0.0,0,-107875648.0,53,0.0,106,-107614832.0,-107350944.0,ERR,ERR,ERR,ERR,ERR,ERR,ERR,ERR,ERR,ERR,ERR,ERR,ERR,ERR,ERR,ERR,ERR,ERR,ERR,ERR,ERR,ERR,ERR,ERR,ERR,ERR,ERR,ERR,ERR,ERR,ERR,ERR,ERR,ERR,ERR,ERR,ERR,ERR,ERR,ERR,ERR,ERR,ERR,ERR,ERR,ERR,ERR,ERR,ERR,ERR,ERR,ERR,ERR,ERR,ERR,ERR,ERR,ERR,ERR,ERR,ERR,ERR,ERR,ERR,ERR,ERR,ERR,50.0,60.0,100,0.0,0.0,0.0,0.0,0.0,0.0,0.0,0.0,0.0,0.0,0.0,0.0,0.0,0.0,0.0,0.0,61.6,65,20,65521,50,65476,0,300,0,0,8,20529,65476,0,0,26214,60.0,0.0,0.0,0.0,0.0,0.0
2026-05-17T16:19:59,ERR,ERR,ERR,ERR,ERR,ERR,ERR,ERR,ERR,ERR,ERR,ERR,ERR,ERR,ERR,ERR,ERR,ERR,ERR,ERR,ERR,ERR,ERR,ERR,ERR,ERR,ERR,ERR,ERR,ERR,ERR,ERR,ERR,ERR,ERR,ERR,ERR,ERR,ERR,ERR,ERR,ERR,ERR,ERR,ERR,ERR,ERR,ERR,ERR,ERR,ERR,ERR,ERR,ERR,ERR,ERR,ERR,ERR,ERR,ERR,ERR,ERR,ERR,ERR,ERR,ERR,ERR,ERR,ERR,ERR,ERR,ERR,ERR,ERR,ERR,ERR,ERR,ERR,ERR,ERR,ERR,ERR,ERR,ERR,ERR,ERR,ERR,ERR,ERR,ERR,ERR,ERR,ERR,ERR,ERR,ERR,ERR,ERR,ERR,ERR,ERR,ERR,ERR,ERR,ERR,ERR,ERR,ERR,ERR,ERR,ERR,ERR,ERR,ERR,ERR,ERR,ERR,ERR,ERR,ERR,ERR,ERR,ERR,ERR,ERR,0.0,-107615288.0,-0.0,0.0,0.0,1.3936040501711995e+18,7.805,0.0,0,0,4,0,8422,0.0,45,0.0,0.0,0.0,0.0,0.0,0,0,0,0,0.0,0,0,0,0,0,0,0,0,0,0,0,0,0,0,0,0,0,0,0,0,0,0,0,0,0,0,0,0,0,0,0,0,0,38,14,7,45,65476,0,300,0,0,8,21553,0.0,-107605600.0,0.0,0.0,0.0,0.0,0.0,0.0,0.0,0.0,0.0,0.0,0.0,0.0,0.0,0.0,0.0,0.0,0.0,0.0,0.0,0.0,0.0,-2.004,-0.0,0.0,0.0,0.0,0.0,0.0,5035.0,-0.0,0.0,0.0,-107615288.0,0.0,-0.0,0.0,0.0,0.0,0.0,53,107615344.0,-0.0,0.0,0.0,0.0,0.0,0.0,0.0,0.0,0,0,0,0.0,0.0,0.0,0.0,0.0,0.0,0.0,0.0,0.0,0.0,0.0,0.0,0.0,0.0,0.0,0.0,0,-107875648.0,53,0.0,106,-107614832.0,-107350944.0,ERR,ERR,ERR,ERR,ERR,ERR,ERR,ERR,ERR,ERR,ERR,ERR,ERR,ERR,ERR,ERR,ERR,ERR,ERR,ERR,ERR,ERR,ERR,ERR,ERR,ERR,ERR,ERR,ERR,ERR,ERR,ERR,ERR,ERR,ERR,ERR,ERR,ERR,ERR,ERR,ERR,ERR,ERR,ERR,ERR,ERR,ERR,ERR,ERR,ERR,ERR,ERR,ERR,ERR,ERR,ERR,ERR,ERR,ERR,ERR,ERR,ERR,ERR,ERR,ERR,ERR,ERR,50.0,60.0,100,0.0,0.0,0.0,0.0,0.0,0.0,0.0,0.0,0.0,0.0,0.0,0.0,0.0,0.0,0.0,0.0,61.6,65,20,65521,50,65476,0,300,0,0,8,20529,65476,0,0,26214,60.0,0.0,0.0,0.0,0.0,0.0
2026-05-17T16:20:00,ERR,ERR,ERR,ERR,ERR,ERR,ERR,ERR,ERR,ERR,ERR,ERR,ERR,ERR,ERR,ERR,ERR,ERR,ERR,ERR,ERR,ERR,ERR,ERR,ERR,ERR,ERR,ERR,ERR,ERR,ERR,ERR,ERR,ERR,ERR,ERR,ERR,ERR,ERR,ERR,ERR,ERR,ERR,ERR,ERR,ERR,ERR,ERR,ERR,ERR,ERR,ERR,ERR,ERR,ERR,ERR,ERR,ERR,ERR,ERR,ERR,ERR,ERR,ERR,ERR,ERR,ERR,ERR,ERR,ERR,ERR,ERR,ERR,ERR,ERR,ERR,ERR,ERR,ERR,ERR,ERR,ERR,ERR,ERR,ERR,ERR,ERR,ERR,ERR,ERR,ERR,ERR,ERR,ERR,ERR,ERR,ERR,ERR,ERR,ERR,ERR,ERR,ERR,ERR,ERR,ERR,ERR,ERR,ERR,ERR,ERR,ERR,ERR,ERR,ERR,ERR,ERR,ERR,ERR,ERR,ERR,ERR,ERR,ERR,ERR,0.0,-107615288.0,-0.0,0.0,0.0,1.3936040501711995e+18,7.805,0.0,0,0,4,0,8422,0.0,45,0.0,0.0,0.0,0.0,0.0,0,0,0,0,0.0,0,0,0,0,0,0,0,0,0,0,0,0,0,0,0,0,0,0,0,0,0,0,0,0,0,0,0,0,0,0,0,0,0,38,14,7,45,65476,0,300,0,0,8,21553,0.0,-107605600.0,0.0,0.0,0.0,0.0,0.0,0.0,0.0,0.0,0.0,0.0,0.0,0.0,0.0,0.0,0.0,0.0,0.0,0.0,0.0,0.0,0.0,-2.004,-0.0,0.0,0.0,0.0,0.0,0.0,5035.0,-0.0,0.0,0.0,-107615288.0,0.0,-0.0,0.0,0.0,0.0,0.0,53,107615344.0,-0.0,0.0,0.0,0.0,0.0,0.0,0.0,0.0,0,0,0,0.0,0.0,0.0,0.0,0.0,0.0,0.0,0.0,0.0,0.0,0.0,0.0,0.0,0.0,0.0,0.0,0,-107875648.0,53,0.0,106,-107614832.0,-107350944.0,ERR,ERR,ERR,ERR,ERR,ERR,ERR,ERR,ERR,ERR,ERR,ERR,ERR,ERR,ERR,ERR,ERR,ERR,ERR,ERR,ERR,ERR,ERR,ERR,ERR,ERR,ERR,ERR,ERR,ERR,ERR,ERR,ERR,ERR,ERR,ERR,ERR,ERR,ERR,ERR,ERR,ERR,ERR,ERR,ERR,ERR,ERR,ERR,ERR,ERR,ERR,ERR,ERR,ERR,ERR,ERR,ERR,ERR,ERR,ERR,ERR,ERR,ERR,ERR,ERR,ERR,ERR,50.0,60.0,100,0.0,0.0,0.0,0.0,0.0,0.0,0.0,0.0,0.0,0.0,0.0,0.0,0.0,0.0,0.0,0.0,61.6,65,20,65521,50,65476,0,300,0,0,8,20529,65476,0,0,26214,60.0,0.0,0.0,0.0,0.0,0.0
2026-05-17T16:20:01,ERR,ERR,ERR,ERR,ERR,ERR,ERR,ERR,ERR,ERR,ERR,ERR,ERR,ERR,ERR,ERR,ERR,ERR,ERR,ERR,ERR,ERR,ERR,ERR,ERR,ERR,ERR,ERR,ERR,ERR,ERR,ERR,ERR,ERR,ERR,ERR,ERR,ERR,ERR,ERR,ERR,ERR,ERR,ERR,ERR,ERR,ERR,ERR,ERR,ERR,ERR,ERR,ERR,ERR,ERR,ERR,ERR,ERR,ERR,ERR,ERR,ERR,ERR,ERR,ERR,ERR,ERR,ERR,ERR,ERR,ERR,ERR,ERR,ERR,ERR,ERR,ERR,ERR,ERR,ERR,ERR,ERR,ERR,ERR,ERR,ERR,ERR,ERR,ERR,ERR,ERR,ERR,ERR,ERR,ERR,ERR,ERR,ERR,ERR,ERR,ERR,ERR,ERR,ERR,ERR,ERR,ERR,ERR,ERR,ERR,ERR,ERR,ERR,ERR,ERR,ERR,ERR,ERR,ERR,ERR,ERR,ERR,ERR,ERR,ERR,0.0,-107615288.0,-0.0,0.0,0.0,1.3936040501711995e+18,7.805,0.0,0,0,4,0,8422,0.0,45,0.0,0.0,0.0,0.0,0.0,0,0,0,0,0.0,0,0,0,0,0,0,0,0,0,0,0,0,0,0,0,0,0,0,0,0,0,0,0,0,0,0,0,0,0,0,0,0,0,38,14,7,45,65476,0,300,0,0,8,21553,0.0,-107605600.0,0.0,0.0,0.0,0.0,0.0,0.0,0.0,0.0,0.0,0.0,0.0,0.0,0.0,0.0,0.0,0.0,0.0,0.0,0.0,0.0,0.0,-2.004,-0.0,0.0,0.0,0.0,0.0,0.0,5035.0,-0.0,0.0,0.0,-107615288.0,0.0,-0.0,0.0,0.0,0.0,0.0,53,107615344.0,-0.0,0.0,0.0,0.0,0.0,0.0,0.0,0.0,0,0,0,0.0,0.0,0.0,0.0,0.0,0.0,0.0,0.0,0.0,0.0,0.0,0.0,0.0,0.0,0.0,0.0,0,-107875648.0,53,0.0,106,-107614832.0,-107350944.0,ERR,ERR,ERR,ERR,ERR,ERR,ERR,ERR,ERR,ERR,ERR,ERR,ERR,ERR,ERR,ERR,ERR,ERR,ERR,ERR,ERR,ERR,ERR,ERR,ERR,ERR,ERR,ERR,ERR,ERR,ERR,ERR,ERR,ERR,ERR,ERR,ERR,ERR,ERR,ERR,ERR,ERR,ERR,ERR,ERR,ERR,ERR,ERR,ERR,ERR,ERR,ERR,ERR,ERR,ERR,ERR,ERR,ERR,ERR,ERR,ERR,ERR,ERR,ERR,ERR,ERR,ERR,50.0,60.0,100,0.0,0.0,0.0,0.0,0.0,0.0,0.0,0.0,0.0,0.0,0.0,0.0,0.0,0.0,0.0,0.0,62.0,65,20,65521,50,65476,0,300,0,0,8,20529,65476,0,0,26214,60.0,0.0,0.0,0.0,0.0,0.0
2026-05-17T16:20:02,ERR,ERR,ERR,ERR,ERR,ERR,ERR,ERR,ERR,ERR,ERR,ERR,ERR,ERR,ERR,ERR,ERR,ERR,ERR,ERR,ERR,ERR,ERR,ERR,ERR,ERR,ERR,ERR,ERR,ERR,ERR,ERR,ERR,ERR,ERR,ERR,ERR,ERR,ERR,ERR,ERR,ERR,ERR,ERR,ERR,ERR,ERR,ERR,ERR,ERR,ERR,ERR,ERR,ERR,ERR,ERR,ERR,ERR,ERR,ERR,ERR,ERR,ERR,ERR,ERR,ERR,ERR,ERR,ERR,ERR,ERR,ERR,ERR,ERR,ERR,ERR,ERR,ERR,ERR,ERR,ERR,ERR,ERR,ERR,ERR,ERR,ERR,ERR,ERR,ERR,ERR,ERR,ERR,ERR,ERR,ERR,ERR,ERR,ERR,ERR,ERR,ERR,ERR,ERR,ERR,ERR,ERR,ERR,ERR,ERR,ERR,ERR,ERR,ERR,ERR,ERR,ERR,ERR,ERR,ERR,ERR,ERR,ERR,ERR,ERR,0.0,-107615288.0,-0.0,0.0,0.0,1.3936040501711995e+18,7.805,0.0,0,0,4,0,8422,0.0,45,0.0,0.0,0.0,0.0,0.0,0,0,0,0,0.0,0,0,0,0,0,0,0,0,0,0,0,0,0,0,0,0,0,0,0,0,0,0,0,0,0,0,0,0,0,0,0,0,0,38,14,7,45,65476,0,300,0,0,8,21553,0.0,-107605600.0,0.0,0.0,0.0,0.0,0.0,0.0,0.0,0.0,0.0,0.0,0.0,0.0,0.0,0.0,0.0,0.0,0.0,0.0,0.0,0.0,0.0,-2.004,-0.0,0.0,0.0,0.0,0.0,0.0,5035.0,-0.0,0.0,0.0,-107615288.0,0.0,-0.0,0.0,0.0,0.0,0.0,53,107615344.0,-0.0,0.0,0.0,0.0,0.0,0.0,0.0,0.0,0,0,0,0.0,0.0,0.0,0.0,0.0,0.0,0.0,0.0,0.0,0.0,0.0,0.0,0.0,0.0,0.0,0.0,0,-107875648.0,53,0.0,106,-107614832.0,-107350944.0,ERR,ERR,ERR,ERR,ERR,ERR,ERR,ERR,ERR,ERR,ERR,ERR,ERR,ERR,ERR,ERR,ERR,ERR,ERR,ERR,ERR,ERR,ERR,ERR,ERR,ERR,ERR,ERR,ERR,ERR,ERR,ERR,ERR,ERR,ERR,ERR,ERR,ERR,ERR,ERR,ERR,ERR,ERR,ERR,ERR,ERR,ERR,ERR,ERR,ERR,ERR,ERR,ERR,ERR,ERR,ERR,ERR,ERR,ERR,ERR,ERR,ERR,ERR,ERR,ERR,ERR,ERR,50.0,60.0,100,0.0,0.0,0.0,0.0,0.0,0.0,0.0,0.0,0.0,0.0,0.0,0.0,0.0,0.0,0.0,0.0,62.0,65,20,65521,50,65476,0,300,0,0,8,20529,65476,0,0,26214,60.0,0.0,0.0,0.0,0.0,0.0
2026-05-17T16:20:03,ERR,ERR,ERR,ERR,ERR,ERR,ERR,ERR,ERR,ERR,ERR,ERR,ERR,ERR,ERR,ERR,ERR,ERR,ERR,ERR,ERR,ERR,ERR,ERR,ERR,ERR,ERR,ERR,ERR,ERR,ERR,ERR,ERR,ERR,ERR,ERR,ERR,ERR,ERR,ERR,ERR,ERR,ERR,ERR,ERR,ERR,ERR,ERR,ERR,ERR,ERR,ERR,ERR,ERR,ERR,ERR,ERR,ERR,ERR,ERR,ERR,ERR,ERR,ERR,ERR,ERR,ERR,ERR,ERR,ERR,ERR,ERR,ERR,ERR,ERR,ERR,ERR,ERR,ERR,ERR,ERR,ERR,ERR,ERR,ERR,ERR,ERR,ERR,ERR,ERR,ERR,ERR,ERR,ERR,ERR,ERR,ERR,ERR,ERR,ERR,ERR,ERR,ERR,ERR,ERR,ERR,ERR,ERR,ERR,ERR,ERR,ERR,ERR,ERR,ERR,ERR,ERR,ERR,ERR,ERR,ERR,ERR,ERR,ERR,ERR,0.0,-107615288.0,-0.0,0.0,0.0,1.3936040501711995e+18,7.805,0.0,0,0,4,0,8422,0.0,45,0.0,0.0,0.0,0.0,0.0,0,0,0,0,0.0,0,0,0,0,0,0,0,0,0,0,0,0,0,0,0,0,0,0,0,0,0,0,0,0,0,0,0,0,0,0,0,0,0,38,14,7,45,65476,0,300,0,0,8,21553,0.0,-107605600.0,0.0,0.0,0.0,0.0,0.0,0.0,0.0,0.0,0.0,0.0,0.0,0.0,0.0,0.0,0.0,0.0,0.0,0.0,0.0,0.0,-2.004,-2.004,-0.0,0.0,0.0,0.0,0.0,0.0,5071.0,0.0,0.0,0.0,-107615288.0,0.0,-0.0,0.0,0.0,0.0,0.0,53,2.3088403658719416e+20,126840553472.0,0.0,0.0,0.0,0.0,0.0,0.0,0.0,0,0,0,0.0,0.0,0.0,0.0,0.0,0.0,0.0,0.0,0.0,0.0,0.0,0.0,0.0,0.0,0.0,0.0,0,-107875648.0,53,0.0,106,-107614832.0,-107350944.0,ERR,ERR,ERR,ERR,ERR,ERR,ERR,ERR,ERR,ERR,ERR,ERR,ERR,ERR,ERR,ERR,ERR,ERR,ERR,ERR,ERR,ERR,ERR,ERR,ERR,ERR,ERR,ERR,ERR,ERR,ERR,ERR,ERR,ERR,ERR,ERR,ERR,ERR,ERR,ERR,ERR,ERR,ERR,ERR,ERR,ERR,ERR,ERR,ERR,ERR,ERR,ERR,ERR,ERR,ERR,ERR,ERR,ERR,ERR,ERR,ERR,ERR,ERR,ERR,ERR,ERR,ERR,50.0,60.0,100,0.0,0.0,0.0,0.0,0.0,0.0,0.0,0.0,0.0,0.0,0.0,0.0,0.0,0.0,0.0,0.0,62.0,65,20,65521,50,65476,0,300,0,0,8,20529,65476,0,0,26214,60.0,0.0,0.0,0.0,0.0,0.0
2026-05-17T16:20:04,ERR,ERR,ERR,ERR,ERR,ERR,ERR,ERR,ERR,ERR,ERR,ERR,ERR,ERR,ERR,ERR,ERR,ERR,ERR,ERR,ERR,ERR,ERR,ERR,ERR,ERR,ERR,ERR,ERR,ERR,ERR,ERR,ERR,ERR,ERR,ERR,ERR,ERR,ERR,ERR,ERR,ERR,ERR,ERR,ERR,ERR,ERR,ERR,ERR,ERR,ERR,ERR,ERR,ERR,ERR,ERR,ERR,ERR,ERR,ERR,ERR,ERR,ERR,ERR,ERR,ERR,ERR,ERR,ERR,ERR,ERR,ERR,ERR,ERR,ERR,ERR,ERR,ERR,ERR,ERR,ERR,ERR,ERR,ERR,ERR,ERR,ERR,ERR,ERR,ERR,ERR,ERR,ERR,ERR,ERR,ERR,ERR,ERR,ERR,ERR,ERR,ERR,ERR,ERR,ERR,ERR,ERR,ERR,ERR,ERR,ERR,ERR,ERR,ERR,ERR,ERR,ERR,ERR,ERR,ERR,ERR,ERR,ERR,ERR,ERR,0.0,-107615288.0,-0.0,0.0,0.0,1.3936040501711995e+18,7.805,0.0,0,0,4,0,8422,0.0,45,0.0,0.0,0.0,0.0,0.0,0,0,0,0,0.0,0,0,0,0,0,0,0,0,0,0,0,0,0,0,0,0,0,0,0,0,0,0,0,0,0,0,0,0,0,0,0,0,0,38,14,7,45,65476,0,300,0,0,8,21553,0.0,-107605600.0,0.0,0.0,0.0,0.0,0.0,0.0,0.0,0.0,0.0,0.0,0.0,0.0,0.0,0.0,0.0,0.0,0.0,0.0,0.0,0.0,-2.004,-2.004,-0.0,0.0,0.0,0.0,0.0,0.0,5071.0,0.0,0.0,0.0,-107615288.0,0.0,-0.0,0.0,0.0,0.0,0.0,53,2.3088403658719416e+20,126840553472.0,0.0,0.0,0.0,0.0,0.0,0.0,0.0,0,0,0,0.0,0.0,0.0,0.0,0.0,0.0,0.0,0.0,0.0,0.0,0.0,0.0,0.0,0.0,0.0,0.0,0,-107875648.0,53,0.0,106,-107614832.0,-107350944.0,ERR,ERR,ERR,ERR,ERR,ERR,ERR,ERR,ERR,ERR,ERR,ERR,ERR,ERR,ERR,ERR,ERR,ERR,ERR,ERR,ERR,ERR,ERR,ERR,ERR,ERR,ERR,ERR,ERR,ERR,ERR,ERR,ERR,ERR,ERR,ERR,ERR,ERR,ERR,ERR,ERR,ERR,ERR,ERR,ERR,ERR,ERR,ERR,ERR,ERR,ERR,ERR,ERR,ERR,ERR,ERR,ERR,ERR,ERR,ERR,ERR,ERR,ERR,ERR,ERR,ERR,ERR,50.0,60.0,100,0.0,0.0,0.0,0.0,0.0,0.0,0.0,0.0,0.0,0.0,0.0,0.0,0.0,0.0,0.0,0.0,62.0,65,20,65521,50,65476,0,300,0,0,8,20529,65476,0,0,26214,60.0,0.0,0.0,0.0,0.0,0.0
2026-05-17T16:20:05,ERR,ERR,ERR,ERR,ERR,ERR,ERR,ERR,ERR,ERR,ERR,ERR,ERR,ERR,ERR,ERR,ERR,ERR,ERR,ERR,ERR,ERR,ERR,ERR,ERR,ERR,ERR,ERR,ERR,ERR,ERR,ERR,ERR,ERR,ERR,ERR,ERR,ERR,ERR,ERR,ERR,ERR,ERR,ERR,ERR,ERR,ERR,ERR,ERR,ERR,ERR,ERR,ERR,ERR,ERR,ERR,ERR,ERR,ERR,ERR,ERR,ERR,ERR,ERR,ERR,ERR,ERR,ERR,ERR,ERR,ERR,ERR,ERR,ERR,ERR,ERR,ERR,ERR,ERR,ERR,ERR,ERR,ERR,ERR,ERR,ERR,ERR,ERR,ERR,ERR,ERR,ERR,ERR,ERR,ERR,ERR,ERR,ERR,ERR,ERR,ERR,ERR,ERR,ERR,ERR,ERR,ERR,ERR,ERR,ERR,ERR,ERR,ERR,ERR,ERR,ERR,ERR,ERR,ERR,ERR,ERR,ERR,ERR,ERR,ERR,0.0,-107615288.0,-0.0,0.0,0.0,1.3936040501711995e+18,7.805,0.0,0,0,4,0,8422,0.0,45,0.0,0.0,0.0,0.0,0.0,0,0,0,0,0.0,0,0,0,0,0,0,0,0,0,0,0,0,0,0,0,0,0,0,0,0,0,0,0,0,0,0,0,0,0,0,0,0,0,38,14,7,45,65476,0,300,0,0,8,21553,0.0,-107605600.0,0.0,0.0,0.0,0.0,0.0,0.0,0.0,0.0,0.0,0.0,0.0,0.0,0.0,0.0,0.0,0.0,0.0,0.0,0.0,0.0,-2.004,-2.004,-0.0,0.0,0.0,0.0,0.0,0.0,5071.0,0.0,0.0,0.0,-107615288.0,0.0,-0.0,0.0,0.0,0.0,0.0,53,2.3088403658719416e+20,126840553472.0,0.0,0.0,0.0,0.0,0.0,0.0,0.0,0,0,0,0.0,0.0,0.0,0.0,0.0,0.0,0.0,0.0,0.0,0.0,0.0,0.0,0.0,0.0,0.0,0.0,0,-107875648.0,53,0.0,106,-107614832.0,-107350944.0,ERR,ERR,ERR,ERR,ERR,ERR,ERR,ERR,ERR,ERR,ERR,ERR,ERR,ERR,ERR,ERR,ERR,ERR,ERR,ERR,ERR,ERR,ERR,ERR,ERR,ERR,ERR,ERR,ERR,ERR,ERR,ERR,ERR,ERR,ERR,ERR,ERR,ERR,ERR,ERR,ERR,ERR,ERR,ERR,ERR,ERR,ERR,ERR,ERR,ERR,ERR,ERR,ERR,ERR,ERR,ERR,ERR,ERR,ERR,ERR,ERR,ERR,ERR,ERR,ERR,ERR,ERR,50.0,60.0,100,0.0,0.0,0.0,0.0,0.0,0.0,0.0,0.0,0.0,0.0,0.0,0.0,0.0,0.0,0.0,0.0,61.6,65,20,65521,50,65476,0,300,0,0,8,20529,65476,0,0,26214,60.0,0.0,0.0,0.0,0.0,0.0
2026-05-17T16:20:06,ERR,ERR,ERR,ERR,ERR,ERR,ERR,ERR,ERR,ERR,ERR,ERR,ERR,ERR,ERR,ERR,ERR,ERR,ERR,ERR,ERR,ERR,ERR,ERR,ERR,ERR,ERR,ERR,ERR,ERR,ERR,ERR,ERR,ERR,ERR,ERR,ERR,ERR,ERR,ERR,ERR,ERR,ERR,ERR,ERR,ERR,ERR,ERR,ERR,ERR,ERR,ERR,ERR,ERR,ERR,ERR,ERR,ERR,ERR,ERR,ERR,ERR,ERR,ERR,ERR,ERR,ERR,ERR,ERR,ERR,ERR,ERR,ERR,ERR,ERR,ERR,ERR,ERR,ERR,ERR,ERR,ERR,ERR,ERR,ERR,ERR,ERR,ERR,ERR,ERR,ERR,ERR,ERR,ERR,ERR,ERR,ERR,ERR,ERR,ERR,ERR,ERR,ERR,ERR,ERR,ERR,ERR,ERR,ERR,ERR,ERR,ERR,ERR,ERR,ERR,ERR,ERR,ERR,ERR,ERR,ERR,ERR,ERR,ERR,ERR,0.0,-107615288.0,-0.0,0.0,0.0,1.3936040501711995e+18,7.805,0.0,0,0,4,0,8422,0.0,45,0.0,0.0,0.0,0.0,0.0,0,0,0,0,0.0,0,0,0,0,0,0,0,0,0,0,0,0,0,0,0,0,0,0,0,0,0,0,0,0,0,0,0,0,0,0,0,0,0,38,14,7,45,65476,0,300,0,0,8,21553,0.0,-107605600.0,0.0,0.0,0.0,0.0,0.0,0.0,0.0,0.0,0.0,0.0,0.0,0.0,0.0,0.0,0.0,0.0,0.0,0.0,0.0,0.0,-2.004,-2.004,-0.0,0.0,0.0,0.0,0.0,0.0,5071.0,0.0,0.0,0.0,-107615288.0,0.0,-0.0,0.0,0.0,0.0,0.0,53,2.3088403658719416e+20,126840553472.0,0.0,0.0,0.0,0.0,0.0,0.0,0.0,0,0,0,0.0,0.0,0.0,0.0,0.0,0.0,0.0,0.0,0.0,0.0,0.0,0.0,0.0,0.0,0.0,0.0,0,-107875648.0,53,0.0,106,-107614832.0,-107350944.0,ERR,ERR,ERR,ERR,ERR,ERR,ERR,ERR,ERR,ERR,ERR,ERR,ERR,ERR,ERR,ERR,ERR,ERR,ERR,ERR,ERR,ERR,ERR,ERR,ERR,ERR,ERR,ERR,ERR,ERR,ERR,ERR,ERR,ERR,ERR,ERR,ERR,ERR,ERR,ERR,ERR,ERR,ERR,ERR,ERR,ERR,ERR,ERR,ERR,ERR,ERR,ERR,ERR,ERR,ERR,ERR,ERR,ERR,ERR,ERR,ERR,ERR,ERR,ERR,ERR,ERR,ERR,50.0,60.0,100,0.0,0.0,0.0,0.0,0.0,0.0,0.0,0.0,0.0,0.0,0.0,0.0,0.0,0.0,0.0,0.0,61.6,65,20,65521,50,65476,0,300,0,0,8,20529,65476,0,0,26214,60.0,0.0,0.0,0.0,0.0,0.0
2026-05-17T16:20:07,ERR,ERR,ERR,ERR,ERR,ERR,ERR,ERR,ERR,ERR,ERR,ERR,ERR,ERR,ERR,ERR,ERR,ERR,ERR,ERR,ERR,ERR,ERR,ERR,ERR,ERR,ERR,ERR,ERR,ERR,ERR,ERR,ERR,ERR,ERR,ERR,ERR,ERR,ERR,ERR,ERR,ERR,ERR,ERR,ERR,ERR,ERR,ERR,ERR,ERR,ERR,ERR,ERR,ERR,ERR,ERR,ERR,ERR,ERR,ERR,ERR,ERR,ERR,ERR,ERR,ERR,ERR,ERR,ERR,ERR,ERR,ERR,ERR,ERR,ERR,ERR,ERR,ERR,ERR,ERR,ERR,ERR,ERR,ERR,ERR,ERR,ERR,ERR,ERR,ERR,ERR,ERR,ERR,ERR,ERR,ERR,ERR,ERR,ERR,ERR,ERR,ERR,ERR,ERR,ERR,ERR,ERR,ERR,ERR,ERR,ERR,ERR,ERR,ERR,ERR,ERR,ERR,ERR,ERR,ERR,ERR,ERR,ERR,ERR,ERR,0.0,-107615288.0,-0.0,0.0,0.0,1.3936040501711995e+18,7.805,0.0,0,0,4,0,8422,0.0,45,0.0,0.0,0.0,0.0,0.0,0,0,0,0,0.0,0,0,0,0,0,0,0,0,0,0,0,0,0,0,0,0,0,0,0,0,0,0,0,0,0,0,0,0,0,0,0,0,0,38,14,7,45,65476,0,300,0,0,8,21553,0.0,-107605600.0,0.0,0.0,0.0,0.0,0.0,0.0,0.0,0.0,0.0,0.0,0.0,0.0,0.0,0.0,0.0,0.0,0.0,0.0,0.0,0.0,-2.004,-2.004,-0.0,0.0,0.0,0.0,0.0,0.0,5071.0,0.0,0.0,0.0,-107615288.0,0.0,-0.0,0.0,0.0,0.0,0.0,53,2.3088403658719416e+20,126840553472.0,0.0,0.0,0.0,0.0,0.0,0.0,0.0,0,0,0,0.0,0.0,0.0,0.0,0.0,0.0,0.0,0.0,0.0,0.0,0.0,0.0,0.0,0.0,0.0,0.0,0,-107875648.0,53,0.0,106,-107614832.0,-107350944.0,ERR,ERR,ERR,ERR,ERR,ERR,ERR,ERR,ERR,ERR,ERR,ERR,ERR,ERR,ERR,ERR,ERR,ERR,ERR,ERR,ERR,ERR,ERR,ERR,ERR,ERR,ERR,ERR,ERR,ERR,ERR,ERR,ERR,ERR,ERR,ERR,ERR,ERR,ERR,ERR,ERR,ERR,ERR,ERR,ERR,ERR,ERR,ERR,ERR,ERR,ERR,ERR,ERR,ERR,ERR,ERR,ERR,ERR,ERR,ERR,ERR,ERR,ERR,ERR,ERR,ERR,ERR,50.0,60.0,100,0.0,0.0,0.0,0.0,0.0,0.0,0.0,0.0,0.0,0.0,0.0,0.0,0.0,0.0,0.0,0.0,61.6,65,20,65521,50,65476,0,300,0,0,8,20529,65476,0,0,26214,60.0,0.0,0.0,0.0,0.0,0.0
2026-05-17T16:20:08,ERR,ERR,ERR,ERR,ERR,ERR,ERR,ERR,ERR,ERR,ERR,ERR,ERR,ERR,ERR,ERR,ERR,ERR,ERR,ERR,ERR,ERR,ERR,ERR,ERR,ERR,ERR,ERR,ERR,ERR,ERR,ERR,ERR,ERR,ERR,ERR,ERR,ERR,ERR,ERR,ERR,ERR,ERR,ERR,ERR,ERR,ERR,ERR,ERR,ERR,ERR,ERR,ERR,ERR,ERR,ERR,ERR,ERR,ERR,ERR,ERR,ERR,ERR,ERR,ERR,ERR,ERR,ERR,ERR,ERR,ERR,ERR,ERR,ERR,ERR,ERR,ERR,ERR,ERR,ERR,ERR,ERR,ERR,ERR,ERR,ERR,ERR,ERR,ERR,ERR,ERR,ERR,ERR,ERR,ERR,ERR,ERR,ERR,ERR,ERR,ERR,ERR,ERR,ERR,ERR,ERR,ERR,ERR,ERR,ERR,ERR,ERR,ERR,ERR,ERR,ERR,ERR,ERR,ERR,ERR,ERR,ERR,ERR,ERR,ERR,0.0,-107615288.0,-134474944.0,0.0,0.0,1.3936040501711995e+18,7.805,0.0,0,0,4,0,8422,0.0,45,0.0,0.0,0.0,0.0,0.0,0,0,0,0,0.0,0,0,0,0,0,0,0,0,0,0,0,0,0,0,0,0,0,0,0,0,0,0,0,0,0,0,0,0,0,0,0,0,0,38,14,7,45,65476,0,300,0,0,8,21553,0.0,-107605600.0,0.0,0.0,0.0,0.0,0.0,0.0,0.0,0.0,0.0,0.0,0.0,0.0,0.0,0.0,0.0,0.0,0.0,0.0,0.0,0.0,0.0,-2.004,-0.0,0.0,0.0,0.0,0.0,0.0,5039.0,-1.040665504650976e+34,0.0,0.0,-107615288.0,0.0,-0.0,0.0,0.0,0.0,0.0,53,2.3088403658719416e+20,0.0,0.0,0.0,0.0,0.0,0.0,0.0,0.0,0,0,0,0.0,0.0,0.0,0.0,0.0,0.0,0.0,0.0,0.0,0.0,0.0,0.0,0.0,0.0,0.0,0.0,0,-107875648.0,53,0.0,106,-107614832.0,-107350944.0,ERR,ERR,ERR,ERR,ERR,ERR,ERR,ERR,ERR,ERR,ERR,ERR,ERR,ERR,ERR,ERR,ERR,ERR,ERR,ERR,ERR,ERR,ERR,ERR,ERR,ERR,ERR,ERR,ERR,ERR,ERR,ERR,ERR,ERR,ERR,ERR,ERR,ERR,ERR,ERR,ERR,ERR,ERR,ERR,ERR,ERR,ERR,ERR,ERR,ERR,ERR,ERR,ERR,ERR,ERR,ERR,ERR,ERR,ERR,ERR,ERR,ERR,ERR,ERR,ERR,ERR,ERR,50.0,60.0,100,0.0,0.0,0.0,0.0,0.0,0.0,0.0,0.0,0.0,0.0,0.0,0.0,0.0,0.0,0.0,0.0,61.6,65,20,65521,50,65476,0,300,0,0,8,20529,65476,0,0,26214,60.0,0.0,0.0,0.0,0.0,0.0
2026-05-17T16:20:09,ERR,ERR,ERR,ERR,ERR,ERR,ERR,ERR,ERR,ERR,ERR,ERR,ERR,ERR,ERR,ERR,ERR,ERR,ERR,ERR,ERR,ERR,ERR,ERR,ERR,ERR,ERR,ERR,ERR,ERR,ERR,ERR,ERR,ERR,ERR,ERR,ERR,ERR,ERR,ERR,ERR,ERR,ERR,ERR,ERR,ERR,ERR,ERR,ERR,ERR,ERR,ERR,ERR,ERR,ERR,ERR,ERR,ERR,ERR,ERR,ERR,ERR,ERR,ERR,ERR,ERR,ERR,ERR,ERR,ERR,ERR,ERR,ERR,ERR,ERR,ERR,ERR,ERR,ERR,ERR,ERR,ERR,ERR,ERR,ERR,ERR,ERR,ERR,ERR,ERR,ERR,ERR,ERR,ERR,ERR,ERR,ERR,ERR,ERR,ERR,ERR,ERR,ERR,ERR,ERR,ERR,ERR,ERR,ERR,ERR,ERR,ERR,ERR,ERR,ERR,ERR,ERR,ERR,ERR,ERR,ERR,ERR,ERR,ERR,ERR,0.0,-107615288.0,-134474944.0,0.0,0.0,1.3936040501711995e+18,7.805,0.0,0,0,4,0,8422,0.0,45,0.0,0.0,0.0,0.0,0.0,0,0,0,0,0.0,0,0,0,0,0,0,0,0,0,0,0,0,0,0,0,0,0,0,0,0,0,0,0,0,0,0,0,0,0,0,0,0,0,38,14,7,45,65476,0,300,0,0,8,21553,0.0,-107605600.0,0.0,0.0,0.0,0.0,0.0,0.0,0.0,0.0,0.0,0.0,0.0,0.0,0.0,0.0,0.0,0.0,0.0,0.0,0.0,0.0,0.0,-2.004,-0.0,0.0,0.0,0.0,0.0,0.0,5039.0,-1.040665504650976e+34,0.0,0.0,-107615288.0,0.0,-0.0,0.0,0.0,0.0,0.0,53,2.3088403658719416e+20,0.0,0.0,0.0,0.0,0.0,0.0,0.0,0.0,0,0,0,0.0,0.0,0.0,0.0,0.0,0.0,0.0,0.0,0.0,0.0,0.0,0.0,0.0,0.0,0.0,0.0,0,-107875648.0,53,0.0,106,-107614832.0,-107350944.0,ERR,ERR,ERR,ERR,ERR,ERR,ERR,ERR,ERR,ERR,ERR,ERR,ERR,ERR,ERR,ERR,ERR,ERR,ERR,ERR,ERR,ERR,ERR,ERR,ERR,ERR,ERR,ERR,ERR,ERR,ERR,ERR,ERR,ERR,ERR,ERR,ERR,ERR,ERR,ERR,ERR,ERR,ERR,ERR,ERR,ERR,ERR,ERR,ERR,ERR,ERR,ERR,ERR,ERR,ERR,ERR,ERR,ERR,ERR,ERR,ERR,ERR,ERR,ERR,ERR,ERR,ERR,50.0,60.0,100,0.0,0.0,0.0,0.0,0.0,0.0,0.0,0.0,0.0,0.0,0.0,0.0,0.0,0.0,0.0,0.0,61.6,65,20,65521,50,65476,0,300,0,0,8,20529,65476,0,0,26214,60.0,0.0,0.0,0.0,0.0,0.0
2026-05-17T16:20:10,ERR,ERR,ERR,ERR,ERR,ERR,ERR,ERR,ERR,ERR,ERR,ERR,ERR,ERR,ERR,ERR,ERR,ERR,ERR,ERR,ERR,ERR,ERR,ERR,ERR,ERR,ERR,ERR,ERR,ERR,ERR,ERR,ERR,ERR,ERR,ERR,ERR,ERR,ERR,ERR,ERR,ERR,ERR,ERR,ERR,ERR,ERR,ERR,ERR,ERR,ERR,ERR,ERR,ERR,ERR,ERR,ERR,ERR,ERR,ERR,ERR,ERR,ERR,ERR,ERR,ERR,ERR,ERR,ERR,ERR,ERR,ERR,ERR,ERR,ERR,ERR,ERR,ERR,ERR,ERR,ERR,ERR,ERR,ERR,ERR,ERR,ERR,ERR,ERR,ERR,ERR,ERR,ERR,ERR,ERR,ERR,ERR,ERR,ERR,ERR,ERR,ERR,ERR,ERR,ERR,ERR,ERR,ERR,ERR,ERR,ERR,ERR,ERR,ERR,ERR,ERR,ERR,ERR,ERR,ERR,ERR,ERR,ERR,ERR,ERR,0.0,-107615288.0,-134474944.0,0.0,0.0,1.3936040501711995e+18,7.805,0.0,0,0,4,0,8422,0.0,45,0.0,0.0,0.0,0.0,0.0,0,0,0,0,0.0,0,0,0,0,0,0,0,0,0,0,0,0,0,0,0,0,0,0,0,0,0,0,0,0,0,0,0,0,0,0,0,0,0,38,14,7,45,65476,0,300,0,0,8,21553,0.0,-107605600.0,0.0,0.0,0.0,0.0,0.0,0.0,0.0,0.0,0.0,0.0,0.0,0.0,0.0,0.0,0.0,0.0,0.0,0.0,0.0,0.0,0.0,-2.004,-0.0,0.0,0.0,0.0,0.0,0.0,5039.0,-1.040665504650976e+34,0.0,0.0,-107615288.0,0.0,-0.0,0.0,0.0,0.0,0.0,53,2.3088403658719416e+20,0.0,0.0,0.0,0.0,0.0,0.0,0.0,0.0,0,0,0,0.0,0.0,0.0,0.0,0.0,0.0,0.0,0.0,0.0,0.0,0.0,0.0,0.0,0.0,0.0,0.0,0,-107875648.0,53,0.0,106,-107614832.0,-107350944.0,ERR,ERR,ERR,ERR,ERR,ERR,ERR,ERR,ERR,ERR,ERR,ERR,ERR,ERR,ERR,ERR,ERR,ERR,ERR,ERR,ERR,ERR,ERR,ERR,ERR,ERR,ERR,ERR,ERR,ERR,ERR,ERR,ERR,ERR,ERR,ERR,ERR,ERR,ERR,ERR,ERR,ERR,ERR,ERR,ERR,ERR,ERR,ERR,ERR,ERR,ERR,ERR,ERR,ERR,ERR,ERR,ERR,ERR,ERR,ERR,ERR,ERR,ERR,ERR,ERR,ERR,ERR,50.0,60.0,100,0.0,0.0,0.0,0.0,0.0,0.0,0.0,0.0,0.0,0.0,0.0,0.0,0.0,0.0,0.0,0.0,61.6,65,20,65521,50,65476,0,300,0,0,8,20529,65476,0,0,26214,60.0,0.0,0.0,0.0,0.0,0.0
2026-05-17T16:20:11,ERR,ERR,ERR,ERR,ERR,ERR,ERR,ERR,ERR,ERR,ERR,ERR,ERR,ERR,ERR,ERR,ERR,ERR,ERR,ERR,ERR,ERR,ERR,ERR,ERR,ERR,ERR,ERR,ERR,ERR,ERR,ERR,ERR,ERR,ERR,ERR,ERR,ERR,ERR,ERR,ERR,ERR,ERR,ERR,ERR,ERR,ERR,ERR,ERR,ERR,ERR,ERR,ERR,ERR,ERR,ERR,ERR,ERR,ERR,ERR,ERR,ERR,ERR,ERR,ERR,ERR,ERR,ERR,ERR,ERR,ERR,ERR,ERR,ERR,ERR,ERR,ERR,ERR,ERR,ERR,ERR,ERR,ERR,ERR,ERR,ERR,ERR,ERR,ERR,ERR,ERR,ERR,ERR,ERR,ERR,ERR,ERR,ERR,ERR,ERR,ERR,ERR,ERR,ERR,ERR,ERR,ERR,ERR,ERR,ERR,ERR,ERR,ERR,ERR,ERR,ERR,ERR,ERR,ERR,ERR,ERR,ERR,ERR,ERR,ERR,0.0,-107615288.0,-134474944.0,0.0,0.0,1.3936040501711995e+18,7.805,0.0,0,0,4,0,8422,0.0,45,0.0,0.0,0.0,0.0,0.0,0,0,0,0,0.0,0,0,0,0,0,0,0,0,0,0,0,0,0,0,0,0,0,0,0,0,0,0,0,0,0,0,0,0,0,0,0,0,0,38,14,7,45,65476,0,300,0,0,8,21553,0.0,-107605600.0,0.0,0.0,0.0,0.0,0.0,0.0,0.0,0.0,0.0,0.0,0.0,0.0,0.0,0.0,0.0,0.0,0.0,0.0,0.0,0.0,0.0,-2.004,-0.0,0.0,0.0,0.0,0.0,0.0,5039.0,-1.040665504650976e+34,0.0,0.0,-107615288.0,0.0,-0.0,0.0,0.0,0.0,0.0,53,2.3088403658719416e+20,0.0,0.0,0.0,0.0,0.0,0.0,0.0,0.0,0,0,0,0.0,0.0,0.0,0.0,0.0,0.0,0.0,0.0,0.0,0.0,0.0,0.0,0.0,0.0,0.0,0.0,0,-107875648.0,53,0.0,106,-107614832.0,-107350944.0,ERR,ERR,ERR,ERR,ERR,ERR,ERR,ERR,ERR,ERR,ERR,ERR,ERR,ERR,ERR,ERR,ERR,ERR,ERR,ERR,ERR,ERR,ERR,ERR,ERR,ERR,ERR,ERR,ERR,ERR,ERR,ERR,ERR,ERR,ERR,ERR,ERR,ERR,ERR,ERR,ERR,ERR,ERR,ERR,ERR,ERR,ERR,ERR,ERR,ERR,ERR,ERR,ERR,ERR,ERR,ERR,ERR,ERR,ERR,ERR,ERR,ERR,ERR,ERR,ERR,ERR,ERR,50.0,60.0,100,0.0,0.0,0.0,0.0,0.0,0.0,0.0,0.0,0.0,0.0,0.0,0.0,0.0,0.0,0.0,0.0,61.6,65,20,65521,50,65476,0,300,0,0,8,20529,65476,0,0,26214,60.0,0.0,0.0,0.0,0.0,0.0
2026-05-17T16:20:12,ERR,ERR,ERR,ERR,ERR,ERR,ERR,ERR,ERR,ERR,ERR,ERR,ERR,ERR,ERR,ERR,ERR,ERR,ERR,ERR,ERR,ERR,ERR,ERR,ERR,ERR,ERR,ERR,ERR,ERR,ERR,ERR,ERR,ERR,ERR,ERR,ERR,ERR,ERR,ERR,ERR,ERR,ERR,ERR,ERR,ERR,ERR,ERR,ERR,ERR,ERR,ERR,ERR,ERR,ERR,ERR,ERR,ERR,ERR,ERR,ERR,ERR,ERR,ERR,ERR,ERR,ERR,ERR,ERR,ERR,ERR,ERR,ERR,ERR,ERR,ERR,ERR,ERR,ERR,ERR,ERR,ERR,ERR,ERR,ERR,ERR,ERR,ERR,ERR,ERR,ERR,ERR,ERR,ERR,ERR,ERR,ERR,ERR,ERR,ERR,ERR,ERR,ERR,ERR,ERR,ERR,ERR,ERR,ERR,ERR,ERR,ERR,ERR,ERR,ERR,ERR,ERR,ERR,ERR,ERR,ERR,ERR,ERR,ERR,ERR,0.0,-107615288.0,-134474944.0,0.0,0.0,1.3936040501711995e+18,7.805,0.0,0,0,4,0,8422,0.0,45,0.0,0.0,0.0,0.0,0.0,0,0,0,0,0.0,0,0,0,0,0,0,0,0,0,0,0,0,0,0,0,0,0,0,0,0,0,0,0,0,0,0,0,0,0,0,0,0,0,38,14,7,45,65476,0,300,0,0,8,21553,0.0,-107605600.0,0.0,0.0,0.0,0.0,0.0,0.0,0.0,0.0,0.0,0.0,0.0,0.0,0.0,0.0,0.0,0.0,0.0,0.0,0.0,0.0,0.0,-2.004,-0.0,0.0,0.0,0.0,0.0,0.0,5039.0,-1.040665504650976e+34,0.0,0.0,-107615288.0,0.0,-0.0,0.0,0.0,0.0,0.0,53,2.3088403658719416e+20,0.0,0.0,0.0,0.0,0.0,0.0,0.0,0.0,0,0,0,0.0,0.0,0.0,0.0,0.0,0.0,0.0,0.0,0.0,0.0,0.0,0.0,0.0,0.0,0.0,0.0,0,-107875648.0,53,0.0,106,-107614832.0,-107350944.0,ERR,ERR,ERR,ERR,ERR,ERR,ERR,ERR,ERR,ERR,ERR,ERR,ERR,ERR,ERR,ERR,ERR,ERR,ERR,ERR,ERR,ERR,ERR,ERR,ERR,ERR,ERR,ERR,ERR,ERR,ERR,ERR,ERR,ERR,ERR,ERR,ERR,ERR,ERR,ERR,ERR,ERR,ERR,ERR,ERR,ERR,ERR,ERR,ERR,ERR,ERR,ERR,ERR,ERR,ERR,ERR,ERR,ERR,ERR,ERR,ERR,ERR,ERR,ERR,ERR,ERR,ERR,50.0,60.0,100,0.0,0.0,0.0,0.0,0.0,0.0,0.0,0.0,0.0,0.0,0.0,0.0,0.0,0.0,0.0,0.0,61.6,65,20,65521,50,65476,0,300,0,0,8,20529,65476,0,0,26214,60.0,0.0,0.0,0.0,0.0,0.0
2026-05-17T16:20:13,ERR,ERR,ERR,ERR,ERR,ERR,ERR,ERR,ERR,ERR,ERR,ERR,ERR,ERR,ERR,ERR,ERR,ERR,ERR,ERR,ERR,ERR,ERR,ERR,ERR,ERR,ERR,ERR,ERR,ERR,ERR,ERR,ERR,ERR,ERR,ERR,ERR,ERR,ERR,ERR,ERR,ERR,ERR,ERR,ERR,ERR,ERR,ERR,ERR,ERR,ERR,ERR,ERR,ERR,ERR,ERR,ERR,ERR,ERR,ERR,ERR,ERR,ERR,ERR,ERR,ERR,ERR,ERR,ERR,ERR,ERR,ERR,ERR,ERR,ERR,ERR,ERR,ERR,ERR,ERR,ERR,ERR,ERR,ERR,ERR,ERR,ERR,ERR,ERR,ERR,ERR,ERR,ERR,ERR,ERR,ERR,ERR,ERR,ERR,ERR,ERR,ERR,ERR,ERR,ERR,ERR,ERR,ERR,ERR,ERR,ERR,ERR,ERR,ERR,ERR,ERR,ERR,ERR,ERR,ERR,ERR,ERR,ERR,ERR,ERR,0.0,-107615288.0,-134474944.0,0.0,0.0,1.3936040501711995e+18,7.805,0.0,0,0,4,0,8422,0.0,45,0.0,0.0,0.0,0.0,0.0,0,0,0,0,0.0,0,0,0,0,0,0,0,0,0,0,0,0,0,0,0,0,0,0,0,0,0,0,0,0,0,0,0,0,0,0,0,0,0,38,14,7,45,65476,0,300,0,0,8,21553,0.0,-107605600.0,0.0,0.0,0.0,0.0,0.0,0.0,0.0,0.0,0.0,0.0,0.0,0.0,0.0,0.0,0.0,0.0,0.0,0.0,0.0,0.0,-2.004,-2.004,-0.0,0.0,0.0,0.0,0.0,0.0,5040.0,-1.040665504650976e+34,0.0,0.0,-107615288.0,0.0,-0.0,0.0,0.0,0.0,0.0,53,2.7184300208680915e+23,0.0,0.0,0.0,0.0,0.0,0.0,0.0,0.0,0,0,0,0.0,0.0,0.0,0.0,0.0,0.0,0.0,0.0,0.0,0.0,0.0,0.0,0.0,0.0,0.0,0.0,0,-107875648.0,53,0.0,106,-107614832.0,-107350944.0,ERR,ERR,ERR,ERR,ERR,ERR,ERR,ERR,ERR,ERR,ERR,ERR,ERR,ERR,ERR,ERR,ERR,ERR,ERR,ERR,ERR,ERR,ERR,ERR,ERR,ERR,ERR,ERR,ERR,ERR,ERR,ERR,ERR,ERR,ERR,ERR,ERR,ERR,ERR,ERR,ERR,ERR,ERR,ERR,ERR,ERR,ERR,ERR,ERR,ERR,ERR,ERR,ERR,ERR,ERR,ERR,ERR,ERR,ERR,ERR,ERR,ERR,ERR,ERR,ERR,ERR,ERR,50.0,60.0,100,0.0,0.0,0.0,0.0,0.0,0.0,0.0,0.0,0.0,0.0,0.0,0.0,0.0,0.0,0.0,0.0,61.6,65,20,65521,50,65476,0,300,0,0,8,20529,65476,0,0,26214,60.0,0.0,0.0,0.0,0.0,0.0
2026-05-17T16:20:14,ERR,ERR,ERR,ERR,ERR,ERR,ERR,ERR,ERR,ERR,ERR,ERR,ERR,ERR,ERR,ERR,ERR,ERR,ERR,ERR,ERR,ERR,ERR,ERR,ERR,ERR,ERR,ERR,ERR,ERR,ERR,ERR,ERR,ERR,ERR,ERR,ERR,ERR,ERR,ERR,ERR,ERR,ERR,ERR,ERR,ERR,ERR,ERR,ERR,ERR,ERR,ERR,ERR,ERR,ERR,ERR,ERR,ERR,ERR,ERR,ERR,ERR,ERR,ERR,ERR,ERR,ERR,ERR,ERR,ERR,ERR,ERR,ERR,ERR,ERR,ERR,ERR,ERR,ERR,ERR,ERR,ERR,ERR,ERR,ERR,ERR,ERR,ERR,ERR,ERR,ERR,ERR,ERR,ERR,ERR,ERR,ERR,ERR,ERR,ERR,ERR,ERR,ERR,ERR,ERR,ERR,ERR,ERR,ERR,ERR,ERR,ERR,ERR,ERR,ERR,ERR,ERR,ERR,ERR,ERR,ERR,ERR,ERR,ERR,ERR,0.0,-107615288.0,-134474944.0,0.0,0.0,1.3936040501711995e+18,7.805,0.0,0,0,4,0,8422,0.0,45,0.0,0.0,0.0,0.0,0.0,0,0,0,0,0.0,0,0,0,0,0,0,0,0,0,0,0,0,0,0,0,0,0,0,0,0,0,0,0,0,0,0,0,0,0,0,0,0,0,38,14,7,45,65476,0,300,0,0,8,21553,0.0,-107605600.0,0.0,0.0,0.0,0.0,0.0,0.0,0.0,0.0,0.0,0.0,0.0,0.0,0.0,0.0,0.0,0.0,0.0,0.0,0.0,0.0,-2.004,-2.004,-0.0,0.0,0.0,0.0,0.0,0.0,5040.0,-1.040665504650976e+34,0.0,0.0,-107615288.0,0.0,-0.0,0.0,0.0,0.0,0.0,53,2.7184300208680915e+23,0.0,0.0,0.0,0.0,0.0,0.0,0.0,0.0,0,0,0,0.0,0.0,0.0,0.0,0.0,0.0,0.0,0.0,0.0,0.0,0.0,0.0,0.0,0.0,0.0,0.0,0,-107875648.0,53,0.0,106,-107614832.0,-107350944.0,ERR,ERR,ERR,ERR,ERR,ERR,ERR,ERR,ERR,ERR,ERR,ERR,ERR,ERR,ERR,ERR,ERR,ERR,ERR,ERR,ERR,ERR,ERR,ERR,ERR,ERR,ERR,ERR,ERR,ERR,ERR,ERR,ERR,ERR,ERR,ERR,ERR,ERR,ERR,ERR,ERR,ERR,ERR,ERR,ERR,ERR,ERR,ERR,ERR,ERR,ERR,ERR,ERR,ERR,ERR,ERR,ERR,ERR,ERR,ERR,ERR,ERR,ERR,ERR,ERR,ERR,ERR,50.0,60.0,100,0.0,0.0,0.0,0.0,0.0,0.0,0.0,0.0,0.0,0.0,0.0,0.0,0.0,0.0,0.0,0.0,61.6,65,20,65521,50,65476,0,300,0,0,8,20529,65476,0,0,26214,60.0,0.0,0.0,0.0,0.0,0.0
2026-05-17T16:20:15,ERR,ERR,ERR,ERR,ERR,ERR,ERR,ERR,ERR,ERR,ERR,ERR,ERR,ERR,ERR,ERR,ERR,ERR,ERR,ERR,ERR,ERR,ERR,ERR,ERR,ERR,ERR,ERR,ERR,ERR,ERR,ERR,ERR,ERR,ERR,ERR,ERR,ERR,ERR,ERR,ERR,ERR,ERR,ERR,ERR,ERR,ERR,ERR,ERR,ERR,ERR,ERR,ERR,ERR,ERR,ERR,ERR,ERR,ERR,ERR,ERR,ERR,ERR,ERR,ERR,ERR,ERR,ERR,ERR,ERR,ERR,ERR,ERR,ERR,ERR,ERR,ERR,ERR,ERR,ERR,ERR,ERR,ERR,ERR,ERR,ERR,ERR,ERR,ERR,ERR,ERR,ERR,ERR,ERR,ERR,ERR,ERR,ERR,ERR,ERR,ERR,ERR,ERR,ERR,ERR,ERR,ERR,ERR,ERR,ERR,ERR,ERR,ERR,ERR,ERR,ERR,ERR,ERR,ERR,ERR,ERR,ERR,ERR,ERR,ERR,0.0,-107615288.0,-134474944.0,0.0,0.0,1.3936040501711995e+18,7.805,0.0,0,0,4,0,8422,0.0,45,0.0,0.0,0.0,0.0,0.0,0,0,0,0,0.0,0,0,0,0,0,0,0,0,0,0,0,0,0,0,0,0,0,0,0,0,0,0,0,0,0,0,0,0,0,0,0,0,0,38,14,7,45,65476,0,300,0,0,8,21553,0.0,-107605600.0,0.0,0.0,0.0,0.0,0.0,0.0,0.0,0.0,0.0,0.0,0.0,0.0,0.0,0.0,0.0,0.0,0.0,0.0,0.0,0.0,-2.004,-2.004,-0.0,0.0,0.0,0.0,0.0,0.0,5040.0,-1.040665504650976e+34,0.0,0.0,-107615288.0,0.0,-0.0,0.0,0.0,0.0,0.0,53,2.7184300208680915e+23,0.0,0.0,0.0,0.0,0.0,0.0,0.0,0.0,0,0,0,0.0,0.0,0.0,0.0,0.0,0.0,0.0,0.0,0.0,0.0,0.0,0.0,0.0,0.0,0.0,0.0,0,-107875648.0,53,0.0,106,-107614832.0,-107350944.0,ERR,ERR,ERR,ERR,ERR,ERR,ERR,ERR,ERR,ERR,ERR,ERR,ERR,ERR,ERR,ERR,ERR,ERR,ERR,ERR,ERR,ERR,ERR,ERR,ERR,ERR,ERR,ERR,ERR,ERR,ERR,ERR,ERR,ERR,ERR,ERR,ERR,ERR,ERR,ERR,ERR,ERR,ERR,ERR,ERR,ERR,ERR,ERR,ERR,ERR,ERR,ERR,ERR,ERR,ERR,ERR,ERR,ERR,ERR,ERR,ERR,ERR,ERR,ERR,ERR,ERR,ERR,50.0,60.0,100,0.0,0.0,0.0,0.0,0.0,0.0,0.0,0.0,0.0,0.0,0.0,0.0,0.0,0.0,0.0,0.0,61.6,65,20,65521,50,65476,0,300,0,0,8,20529,65476,0,0,26214,60.0,0.0,0.0,0.0,0.0,0.0
2026-05-17T16:20:16,ERR,ERR,ERR,ERR,ERR,ERR,ERR,ERR,ERR,ERR,ERR,ERR,ERR,ERR,ERR,ERR,ERR,ERR,ERR,ERR,ERR,ERR,ERR,ERR,ERR,ERR,ERR,ERR,ERR,ERR,ERR,ERR,ERR,ERR,ERR,ERR,ERR,ERR,ERR,ERR,ERR,ERR,ERR,ERR,ERR,ERR,ERR,ERR,ERR,ERR,ERR,ERR,ERR,ERR,ERR,ERR,ERR,ERR,ERR,ERR,ERR,ERR,ERR,ERR,ERR,ERR,ERR,ERR,ERR,ERR,ERR,ERR,ERR,ERR,ERR,ERR,ERR,ERR,ERR,ERR,ERR,ERR,ERR,ERR,ERR,ERR,ERR,ERR,ERR,ERR,ERR,ERR,ERR,ERR,ERR,ERR,ERR,ERR,ERR,ERR,ERR,ERR,ERR,ERR,ERR,ERR,ERR,ERR,ERR,ERR,ERR,ERR,ERR,ERR,ERR,ERR,ERR,ERR,ERR,ERR,ERR,ERR,ERR,ERR,ERR,0.0,-107615288.0,-134474944.0,0.0,0.0,1.3936040501711995e+18,7.805,0.0,0,0,4,0,8422,0.0,45,0.0,0.0,0.0,0.0,0.0,0,0,0,0,0.0,0,0,0,0,0,0,0,0,0,0,0,0,0,0,0,0,0,0,0,0,0,0,0,0,0,0,0,0,0,0,0,0,0,38,14,7,45,65476,0,300,0,0,8,21553,0.0,-107605600.0,0.0,0.0,0.0,0.0,0.0,0.0,0.0,0.0,0.0,0.0,0.0,0.0,0.0,0.0,0.0,0.0,0.0,0.0,0.0,0.0,-2.004,-2.004,-0.0,0.0,0.0,0.0,0.0,0.0,5040.0,-1.040665504650976e+34,0.0,0.0,-107615288.0,0.0,-0.0,0.0,0.0,0.0,0.0,53,2.7184300208680915e+23,0.0,0.0,0.0,0.0,0.0,0.0,0.0,0.0,0,0,0,0.0,0.0,0.0,0.0,0.0,0.0,0.0,0.0,0.0,0.0,0.0,0.0,0.0,0.0,0.0,0.0,0,-107875648.0,53,0.0,106,-107614832.0,-107350944.0,ERR,ERR,ERR,ERR,ERR,ERR,ERR,ERR,ERR,ERR,ERR,ERR,ERR,ERR,ERR,ERR,ERR,ERR,ERR,ERR,ERR,ERR,ERR,ERR,ERR,ERR,ERR,ERR,ERR,ERR,ERR,ERR,ERR,ERR,ERR,ERR,ERR,ERR,ERR,ERR,ERR,ERR,ERR,ERR,ERR,ERR,ERR,ERR,ERR,ERR,ERR,ERR,ERR,ERR,ERR,ERR,ERR,ERR,ERR,ERR,ERR,ERR,ERR,ERR,ERR,ERR,ERR,50.0,60.0,100,0.0,0.0,0.0,0.0,0.0,0.0,0.0,0.0,0.0,0.0,0.0,0.0,0.0,0.0,0.0,0.0,61.6,65,20,65521,50,65476,0,300,0,0,8,20529,65476,0,0,26214,60.0,0.0,0.0,0.0,0.0,0.0
2026-05-17T16:20:17,ERR,ERR,ERR,ERR,ERR,ERR,ERR,ERR,ERR,ERR,ERR,ERR,ERR,ERR,ERR,ERR,ERR,ERR,ERR,ERR,ERR,ERR,ERR,ERR,ERR,ERR,ERR,ERR,ERR,ERR,ERR,ERR,ERR,ERR,ERR,ERR,ERR,ERR,ERR,ERR,ERR,ERR,ERR,ERR,ERR,ERR,ERR,ERR,ERR,ERR,ERR,ERR,ERR,ERR,ERR,ERR,ERR,ERR,ERR,ERR,ERR,ERR,ERR,ERR,ERR,ERR,ERR,ERR,ERR,ERR,ERR,ERR,ERR,ERR,ERR,ERR,ERR,ERR,ERR,ERR,ERR,ERR,ERR,ERR,ERR,ERR,ERR,ERR,ERR,ERR,ERR,ERR,ERR,ERR,ERR,ERR,ERR,ERR,ERR,ERR,ERR,ERR,ERR,ERR,ERR,ERR,ERR,ERR,ERR,ERR,ERR,ERR,ERR,ERR,ERR,ERR,ERR,ERR,ERR,ERR,ERR,ERR,ERR,ERR,ERR,0.0,-107615288.0,-134474944.0,0.0,0.0,1.3936040501711995e+18,7.805,0.0,0,0,4,0,8422,0.0,45,0.0,0.0,0.0,0.0,0.0,0,0,0,0,0.0,0,0,0,0,0,0,0,0,0,0,0,0,0,0,0,0,0,0,0,0,0,0,0,0,0,0,0,0,0,0,0,0,0,38,14,7,45,65476,0,300,0,0,8,21553,0.0,-107605600.0,0.0,0.0,0.0,0.0,0.0,0.0,0.0,0.0,0.0,0.0,0.0,0.0,0.0,0.0,0.0,0.0,0.0,0.0,0.0,0.0,-2.004,-2.004,-0.0,0.0,0.0,0.0,0.0,0.0,5040.0,-1.040665504650976e+34,0.0,0.0,-107615288.0,0.0,-0.0,0.0,0.0,0.0,0.0,53,2.7184300208680915e+23,0.0,0.0,0.0,0.0,0.0,0.0,0.0,0.0,0,0,0,0.0,0.0,0.0,0.0,0.0,0.0,0.0,0.0,0.0,0.0,0.0,0.0,0.0,0.0,0.0,0.0,0,-107875648.0,53,0.0,106,-107614832.0,-107350944.0,ERR,ERR,ERR,ERR,ERR,ERR,ERR,ERR,ERR,ERR,ERR,ERR,ERR,ERR,ERR,ERR,ERR,ERR,ERR,ERR,ERR,ERR,ERR,ERR,ERR,ERR,ERR,ERR,ERR,ERR,ERR,ERR,ERR,ERR,ERR,ERR,ERR,ERR,ERR,ERR,ERR,ERR,ERR,ERR,ERR,ERR,ERR,ERR,ERR,ERR,ERR,ERR,ERR,ERR,ERR,ERR,ERR,ERR,ERR,ERR,ERR,ERR,ERR,ERR,ERR,ERR,ERR,50.0,60.0,100,0.0,0.0,0.0,0.0,0.0,0.0,0.0,0.0,0.0,0.0,0.0,0.0,0.0,0.0,0.0,0.0,61.6,65,20,65521,50,65476,0,300,0,0,8,20529,65476,0,0,26214,60.0,0.0,0.0,0.0,0.0,0.0
2026-05-17T16:20:18,ERR,ERR,ERR,ERR,ERR,ERR,ERR,ERR,ERR,ERR,ERR,ERR,ERR,ERR,ERR,ERR,ERR,ERR,ERR,ERR,ERR,ERR,ERR,ERR,ERR,ERR,ERR,ERR,ERR,ERR,ERR,ERR,ERR,ERR,ERR,ERR,ERR,ERR,ERR,ERR,ERR,ERR,ERR,ERR,ERR,ERR,ERR,ERR,ERR,ERR,ERR,ERR,ERR,ERR,ERR,ERR,ERR,ERR,ERR,ERR,ERR,ERR,ERR,ERR,ERR,ERR,ERR,ERR,ERR,ERR,ERR,ERR,ERR,ERR,ERR,ERR,ERR,ERR,ERR,ERR,ERR,ERR,ERR,ERR,ERR,ERR,ERR,ERR,ERR,ERR,ERR,ERR,ERR,ERR,ERR,ERR,ERR,ERR,ERR,ERR,ERR,ERR,ERR,ERR,ERR,ERR,ERR,ERR,ERR,ERR,ERR,ERR,ERR,ERR,ERR,ERR,ERR,ERR,ERR,ERR,ERR,ERR,ERR,ERR,ERR,0.0,-107615288.0,-134474944.0,0.0,0.0,1.3936040501711995e+18,7.805,0.0,0,0,4,0,8422,0.0,45,0.0,0.0,0.0,0.0,0.0,0,0,0,0,0.0,0,0,0,0,0,0,0,0,0,0,0,0,0,0,0,0,0,0,0,0,0,0,0,0,0,0,0,0,0,0,0,0,0,38,14,7,45,65476,0,300,0,0,8,21553,0.0,-107605600.0,0.0,0.0,0.0,0.0,0.0,0.0,0.0,0.0,0.0,0.0,0.0,0.0,0.0,0.0,0.0,0.0,0.0,0.0,0.0,0.0,-2.004,-2.004,-0.0,0.0,0.0,0.0,0.0,0.0,5041.0,-0.0,0.0,0.0,-107615288.0,0.0,-0.0,0.0,0.0,0.0,0.0,53,3.222028592685471e+26,-152017297211392.0,0.0,0.0,0.0,0.0,0.0,0.0,0.0,0,0,0,0.0,0.0,0.0,0.0,0.0,0.0,0.0,0.0,0.0,0.0,0.0,0.0,0.0,0.0,0.0,0.0,0,-107875648.0,53,0.0,106,-107614832.0,-107350944.0,ERR,ERR,ERR,ERR,ERR,ERR,ERR,ERR,ERR,ERR,ERR,ERR,ERR,ERR,ERR,ERR,ERR,ERR,ERR,ERR,ERR,ERR,ERR,ERR,ERR,ERR,ERR,ERR,ERR,ERR,ERR,ERR,ERR,ERR,ERR,ERR,ERR,ERR,ERR,ERR,ERR,ERR,ERR,ERR,ERR,ERR,ERR,ERR,ERR,ERR,ERR,ERR,ERR,ERR,ERR,ERR,ERR,ERR,ERR,ERR,ERR,ERR,ERR,ERR,ERR,ERR,ERR,50.0,60.0,100,0.0,0.0,0.0,0.0,0.0,0.0,0.0,0.0,0.0,0.0,0.0,0.0,0.0,0.0,0.0,0.0,61.6,65,20,65521,50,65476,0,300,0,0,8,20529,65476,0,0,26214,60.0,0.0,0.0,0.0,0.0,0.0
2026-05-17T16:20:19,ERR,ERR,ERR,ERR,ERR,ERR,ERR,ERR,ERR,ERR,ERR,ERR,ERR,ERR,ERR,ERR,ERR,ERR,ERR,ERR,ERR,ERR,ERR,ERR,ERR,ERR,ERR,ERR,ERR,ERR,ERR,ERR,ERR,ERR,ERR,ERR,ERR,ERR,ERR,ERR,ERR,ERR,ERR,ERR,ERR,ERR,ERR,ERR,ERR,ERR,ERR,ERR,ERR,ERR,ERR,ERR,ERR,ERR,ERR,ERR,ERR,ERR,ERR,ERR,ERR,ERR,ERR,ERR,ERR,ERR,ERR,ERR,ERR,ERR,ERR,ERR,ERR,ERR,ERR,ERR,ERR,ERR,ERR,ERR,ERR,ERR,ERR,ERR,ERR,ERR,ERR,ERR,ERR,ERR,ERR,ERR,ERR,ERR,ERR,ERR,ERR,ERR,ERR,ERR,ERR,ERR,ERR,ERR,ERR,ERR,ERR,ERR,ERR,ERR,ERR,ERR,ERR,ERR,ERR,ERR,ERR,ERR,ERR,ERR,ERR,0.0,-107615288.0,-134474944.0,0.0,0.0,1.3936040501711995e+18,7.805,0.0,0,0,4,0,8422,0.0,45,0.0,0.0,0.0,0.0,0.0,0,0,0,0,0.0,0,0,0,0,0,0,0,0,0,0,0,0,0,0,0,0,0,0,0,0,0,0,0,0,0,0,0,0,0,0,0,0,0,38,14,7,45,65476,0,300,0,0,8,21553,0.0,-107605600.0,0.0,0.0,0.0,0.0,0.0,0.0,0.0,0.0,0.0,0.0,0.0,0.0,0.0,0.0,0.0,0.0,0.0,0.0,0.0,0.0,-2.004,-2.004,-0.0,0.0,0.0,0.0,0.0,0.0,5041.0,-0.0,0.0,0.0,-107615288.0,0.0,-0.0,0.0,0.0,0.0,0.0,53,3.222028592685471e+26,-152017297211392.0,0.0,0.0,0.0,0.0,0.0,0.0,0.0,0,0,0,0.0,0.0,0.0,0.0,0.0,0.0,0.0,0.0,0.0,0.0,0.0,0.0,0.0,0.0,0.0,0.0,0,-107875648.0,53,0.0,106,-107614832.0,-107350944.0,ERR,ERR,ERR,ERR,ERR,ERR,ERR,ERR,ERR,ERR,ERR,ERR,ERR,ERR,ERR,ERR,ERR,ERR,ERR,ERR,ERR,ERR,ERR,ERR,ERR,ERR,ERR,ERR,ERR,ERR,ERR,ERR,ERR,ERR,ERR,ERR,ERR,ERR,ERR,ERR,ERR,ERR,ERR,ERR,ERR,ERR,ERR,ERR,ERR,ERR,ERR,ERR,ERR,ERR,ERR,ERR,ERR,ERR,ERR,ERR,ERR,ERR,ERR,ERR,ERR,ERR,ERR,50.0,60.0,100,0.0,0.0,0.0,0.0,0.0,0.0,0.0,0.0,0.0,0.0,0.0,0.0,0.0,0.0,0.0,0.0,61.6,65,20,65521,50,65476,0,300,0,0,8,20529,65476,0,0,26214,60.0,0.0,0.0,0.0,0.0,0.0
2026-05-17T16:20:20,ERR,ERR,ERR,ERR,ERR,ERR,ERR,ERR,ERR,ERR,ERR,ERR,ERR,ERR,ERR,ERR,ERR,ERR,ERR,ERR,ERR,ERR,ERR,ERR,ERR,ERR,ERR,ERR,ERR,ERR,ERR,ERR,ERR,ERR,ERR,ERR,ERR,ERR,ERR,ERR,ERR,ERR,ERR,ERR,ERR,ERR,ERR,ERR,ERR,ERR,ERR,ERR,ERR,ERR,ERR,ERR,ERR,ERR,ERR,ERR,ERR,ERR,ERR,ERR,ERR,ERR,ERR,ERR,ERR,ERR,ERR,ERR,ERR,ERR,ERR,ERR,ERR,ERR,ERR,ERR,ERR,ERR,ERR,ERR,ERR,ERR,ERR,ERR,ERR,ERR,ERR,ERR,ERR,ERR,ERR,ERR,ERR,ERR,ERR,ERR,ERR,ERR,ERR,ERR,ERR,ERR,ERR,ERR,ERR,ERR,ERR,ERR,ERR,ERR,ERR,ERR,ERR,ERR,ERR,ERR,ERR,ERR,ERR,ERR,ERR,0.0,-107615288.0,-134474944.0,0.0,0.0,1.3936040501711995e+18,7.805,0.0,0,0,4,0,8422,0.0,45,0.0,0.0,0.0,0.0,0.0,0,0,0,0,0.0,0,0,0,0,0,0,0,0,0,0,0,0,0,0,0,0,0,0,0,0,0,0,0,0,0,0,0,0,0,0,0,0,0,38,14,7,45,65476,0,300,0,0,8,21553,0.0,-107605600.0,0.0,0.0,0.0,0.0,0.0,0.0,0.0,0.0,0.0,0.0,0.0,0.0,0.0,0.0,0.0,0.0,0.0,0.0,0.0,0.0,-2.004,-2.004,-0.0,0.0,0.0,0.0,0.0,0.0,5041.0,-0.0,0.0,0.0,-107615288.0,0.0,-0.0,0.0,0.0,0.0,0.0,53,3.222028592685471e+26,-152017297211392.0,0.0,0.0,0.0,0.0,0.0,0.0,0.0,0,0,0,0.0,0.0,0.0,0.0,0.0,0.0,0.0,0.0,0.0,0.0,0.0,0.0,0.0,0.0,0.0,0.0,0,-107875648.0,53,0.0,106,-107614832.0,-107350944.0,ERR,ERR,ERR,ERR,ERR,ERR,ERR,ERR,ERR,ERR,ERR,ERR,ERR,ERR,ERR,ERR,ERR,ERR,ERR,ERR,ERR,ERR,ERR,ERR,ERR,ERR,ERR,ERR,ERR,ERR,ERR,ERR,ERR,ERR,ERR,ERR,ERR,ERR,ERR,ERR,ERR,ERR,ERR,ERR,ERR,ERR,ERR,ERR,ERR,ERR,ERR,ERR,ERR,ERR,ERR,ERR,ERR,ERR,ERR,ERR,ERR,ERR,ERR,ERR,ERR,ERR,ERR,50.0,60.0,100,0.0,0.0,0.0,0.0,0.0,0.0,0.0,0.0,0.0,0.0,0.0,0.0,0.0,0.0,0.0,0.0,61.6,65,20,65521,50,65476,0,300,0,0,8,20529,65476,0,0,26214,60.0,0.0,0.0,0.0,0.0,0.0
2026-05-17T16:20:21,ERR,ERR,ERR,ERR,ERR,ERR,ERR,ERR,ERR,ERR,ERR,ERR,ERR,ERR,ERR,ERR,ERR,ERR,ERR,ERR,ERR,ERR,ERR,ERR,ERR,ERR,ERR,ERR,ERR,ERR,ERR,ERR,ERR,ERR,ERR,ERR,ERR,ERR,ERR,ERR,ERR,ERR,ERR,ERR,ERR,ERR,ERR,ERR,ERR,ERR,ERR,ERR,ERR,ERR,ERR,ERR,ERR,ERR,ERR,ERR,ERR,ERR,ERR,ERR,ERR,ERR,ERR,ERR,ERR,ERR,ERR,ERR,ERR,ERR,ERR,ERR,ERR,ERR,ERR,ERR,ERR,ERR,ERR,ERR,ERR,ERR,ERR,ERR,ERR,ERR,ERR,ERR,ERR,ERR,ERR,ERR,ERR,ERR,ERR,ERR,ERR,ERR,ERR,ERR,ERR,ERR,ERR,ERR,ERR,ERR,ERR,ERR,ERR,ERR,ERR,ERR,ERR,ERR,ERR,ERR,ERR,ERR,ERR,ERR,ERR,0.0,-107615288.0,-134474944.0,0.0,0.0,1.3936040501711995e+18,7.805,0.0,0,0,4,0,8422,0.0,45,0.0,0.0,0.0,0.0,0.0,0,0,0,0,0.0,0,0,0,0,0,0,0,0,0,0,0,0,0,0,0,0,0,0,0,0,0,0,0,0,0,0,0,0,0,0,0,0,0,38,14,7,45,65476,0,300,0,0,8,21553,0.0,-107605600.0,0.0,0.0,0.0,0.0,0.0,0.0,0.0,0.0,0.0,0.0,0.0,0.0,0.0,0.0,0.0,0.0,0.0,0.0,0.0,0.0,-2.004,-2.004,-0.0,0.0,0.0,0.0,0.0,0.0,5041.0,-0.0,0.0,0.0,-107615288.0,0.0,-0.0,0.0,0.0,0.0,0.0,53,3.222028592685471e+26,-152017297211392.0,0.0,0.0,0.0,0.0,0.0,0.0,0.0,0,0,0,0.0,0.0,0.0,0.0,0.0,0.0,0.0,0.0,0.0,0.0,0.0,0.0,0.0,0.0,0.0,0.0,0,-107875648.0,53,0.0,106,-107614832.0,-107350944.0,ERR,ERR,ERR,ERR,ERR,ERR,ERR,ERR,ERR,ERR,ERR,ERR,ERR,ERR,ERR,ERR,ERR,ERR,ERR,ERR,ERR,ERR,ERR,ERR,ERR,ERR,ERR,ERR,ERR,ERR,ERR,ERR,ERR,ERR,ERR,ERR,ERR,ERR,ERR,ERR,ERR,ERR,ERR,ERR,ERR,ERR,ERR,ERR,ERR,ERR,ERR,ERR,ERR,ERR,ERR,ERR,ERR,ERR,ERR,ERR,ERR,ERR,ERR,ERR,ERR,ERR,ERR,50.0,60.0,100,0.0,0.0,0.0,0.0,0.0,0.0,0.0,0.0,0.0,0.0,0.0,0.0,0.0,0.0,0.0,0.0,61.6,65,20,65521,50,65476,0,300,0,0,8,20529,65476,0,0,26214,60.0,0.0,0.0,0.0,0.0,0.0
2026-05-17T16:20:22,ERR,ERR,ERR,ERR,ERR,ERR,ERR,ERR,ERR,ERR,ERR,ERR,ERR,ERR,ERR,ERR,ERR,ERR,ERR,ERR,ERR,ERR,ERR,ERR,ERR,ERR,ERR,ERR,ERR,ERR,ERR,ERR,ERR,ERR,ERR,ERR,ERR,ERR,ERR,ERR,ERR,ERR,ERR,ERR,ERR,ERR,ERR,ERR,ERR,ERR,ERR,ERR,ERR,ERR,ERR,ERR,ERR,ERR,ERR,ERR,ERR,ERR,ERR,ERR,ERR,ERR,ERR,ERR,ERR,ERR,ERR,ERR,ERR,ERR,ERR,ERR,ERR,ERR,ERR,ERR,ERR,ERR,ERR,ERR,ERR,ERR,ERR,ERR,ERR,ERR,ERR,ERR,ERR,ERR,ERR,ERR,ERR,ERR,ERR,ERR,ERR,ERR,ERR,ERR,ERR,ERR,ERR,ERR,ERR,ERR,ERR,ERR,ERR,ERR,ERR,ERR,ERR,ERR,ERR,ERR,ERR,ERR,ERR,ERR,ERR,0.0,-107615288.0,-134474944.0,0.0,0.0,1.3936040501711995e+18,7.805,0.0,0,0,4,0,8422,0.0,45,0.0,0.0,0.0,0.0,0.0,0,0,0,0,0.0,0,0,0,0,0,0,0,0,0,0,0,0,0,0,0,0,0,0,0,0,0,0,0,0,0,0,0,0,0,0,0,0,0,38,14,7,45,65476,0,300,0,0,8,21553,0.0,-107605600.0,0.0,0.0,0.0,0.0,0.0,0.0,0.0,0.0,0.0,0.0,0.0,0.0,0.0,0.0,0.0,0.0,0.0,0.0,0.0,0.0,-2.004,-2.004,-0.0,0.0,0.0,0.0,0.0,0.0,5041.0,-0.0,0.0,0.0,-107615288.0,0.0,-0.0,0.0,0.0,0.0,0.0,53,3.222028592685471e+26,-152017297211392.0,0.0,0.0,0.0,0.0,0.0,0.0,0.0,0,0,0,0.0,0.0,0.0,0.0,0.0,0.0,0.0,0.0,0.0,0.0,0.0,0.0,0.0,0.0,0.0,0.0,0,-107875648.0,53,0.0,106,-107614832.0,-107350944.0,ERR,ERR,ERR,ERR,ERR,ERR,ERR,ERR,ERR,ERR,ERR,ERR,ERR,ERR,ERR,ERR,ERR,ERR,ERR,ERR,ERR,ERR,ERR,ERR,ERR,ERR,ERR,ERR,ERR,ERR,ERR,ERR,ERR,ERR,ERR,ERR,ERR,ERR,ERR,ERR,ERR,ERR,ERR,ERR,ERR,ERR,ERR,ERR,ERR,ERR,ERR,ERR,ERR,ERR,ERR,ERR,ERR,ERR,ERR,ERR,ERR,ERR,ERR,ERR,ERR,ERR,ERR,50.0,60.0,100,0.0,0.0,0.0,0.0,0.0,0.0,0.0,0.0,0.0,0.0,0.0,0.0,0.0,0.0,0.0,0.0,61.6,65,20,65521,50,65476,0,300,0,0,8,20529,65476,0,0,26214,60.0,0.0,0.0,0.0,0.0,0.0
2026-05-17T16:20:23,ERR,ERR,ERR,ERR,ERR,ERR,ERR,ERR,ERR,ERR,ERR,ERR,ERR,ERR,ERR,ERR,ERR,ERR,ERR,ERR,ERR,ERR,ERR,ERR,ERR,ERR,ERR,ERR,ERR,ERR,ERR,ERR,ERR,ERR,ERR,ERR,ERR,ERR,ERR,ERR,ERR,ERR,ERR,ERR,ERR,ERR,ERR,ERR,ERR,ERR,ERR,ERR,ERR,ERR,ERR,ERR,ERR,ERR,ERR,ERR,ERR,ERR,ERR,ERR,ERR,ERR,ERR,ERR,ERR,ERR,ERR,ERR,ERR,ERR,ERR,ERR,ERR,ERR,ERR,ERR,ERR,ERR,ERR,ERR,ERR,ERR,ERR,ERR,ERR,ERR,ERR,ERR,ERR,ERR,ERR,ERR,ERR,ERR,ERR,ERR,ERR,ERR,ERR,ERR,ERR,ERR,ERR,ERR,ERR,ERR,ERR,ERR,ERR,ERR,ERR,ERR,ERR,ERR,ERR,ERR,ERR,ERR,ERR,ERR,ERR,0.0,-107615288.0,-134474944.0,0.0,0.0,1.3936040501711995e+18,7.805,0.0,0,0,4,0,8422,0.0,45,0.0,0.0,0.0,0.0,0.0,0,0,0,0,0.0,0,0,0,0,0,0,0,0,0,0,0,0,0,0,0,0,0,0,0,0,0,0,0,0,0,0,0,0,0,0,0,0,0,38,14,7,45,65476,0,300,0,0,8,21553,0.0,-107605600.0,0.0,0.0,0.0,0.0,0.0,0.0,0.0,0.0,0.0,0.0,0.0,0.0,0.0,0.0,0.0,0.0,0.0,0.0,0.0,0.0,-2.004,-2.004,-0.0,0.0,0.0,0.0,0.0,0.0,5041.0,-0.0,0.0,0.0,-107615288.0,0.0,-0.0,0.0,0.0,0.0,0.0,53,3.222028592685471e+26,-152017297211392.0,0.0,0.0,0.0,0.0,0.0,0.0,0.0,0,0,0,0.0,0.0,0.0,0.0,0.0,0.0,0.0,0.0,0.0,0.0,0.0,0.0,0.0,0.0,0.0,0.0,0,-107875648.0,53,0.0,106,-107614832.0,-107350944.0,ERR,ERR,ERR,ERR,ERR,ERR,ERR,ERR,ERR,ERR,ERR,ERR,ERR,ERR,ERR,ERR,ERR,ERR,ERR,ERR,ERR,ERR,ERR,ERR,ERR,ERR,ERR,ERR,ERR,ERR,ERR,ERR,ERR,ERR,ERR,ERR,ERR,ERR,ERR,ERR,ERR,ERR,ERR,ERR,ERR,ERR,ERR,ERR,ERR,ERR,ERR,ERR,ERR,ERR,ERR,ERR,ERR,ERR,ERR,ERR,ERR,ERR,ERR,ERR,ERR,ERR,ERR,50.0,60.0,100,0.0,0.0,0.0,0.0,0.0,0.0,0.0,0.0,0.0,0.0,0.0,0.0,0.0,0.0,0.0,0.0,61.6,65,20,65521,50,65476,0,300,0,0,8,20529,65476,0,0,26214,60.0,0.0,0.0,0.0,0.0,0.0
2026-05-17T16:20:24,ERR,ERR,ERR,ERR,ERR,ERR,ERR,ERR,ERR,ERR,ERR,ERR,ERR,ERR,ERR,ERR,ERR,ERR,ERR,ERR,ERR,ERR,ERR,ERR,ERR,ERR,ERR,ERR,ERR,ERR,ERR,ERR,ERR,ERR,ERR,ERR,ERR,ERR,ERR,ERR,ERR,ERR,ERR,ERR,ERR,ERR,ERR,ERR,ERR,ERR,ERR,ERR,ERR,ERR,ERR,ERR,ERR,ERR,ERR,ERR,ERR,ERR,ERR,ERR,ERR,ERR,ERR,ERR,ERR,ERR,ERR,ERR,ERR,ERR,ERR,ERR,ERR,ERR,ERR,ERR,ERR,ERR,ERR,ERR,ERR,ERR,ERR,ERR,ERR,ERR,ERR,ERR,ERR,ERR,ERR,ERR,ERR,ERR,ERR,ERR,ERR,ERR,ERR,ERR,ERR,ERR,ERR,ERR,ERR,ERR,ERR,ERR,ERR,ERR,ERR,ERR,ERR,ERR,ERR,ERR,ERR,ERR,ERR,ERR,ERR,0.0,-107615288.0,-134474944.0,0.0,0.0,1.3936040501711995e+18,7.805,0.0,0,0,4,0,8422,0.0,45,0.0,0.0,0.0,0.0,0.0,0,0,0,0,0.0,0,0,0,0,0,0,0,0,0,0,0,0,0,0,0,0,0,0,0,0,0,0,0,0,0,0,0,0,0,0,0,0,0,38,14,7,45,65476,0,300,0,0,8,21553,0.0,-107605600.0,0.0,0.0,0.0,0.0,0.0,0.0,0.0,0.0,0.0,0.0,0.0,0.0,0.0,0.0,0.0,0.0,0.0,0.0,0.0,0.0,0.0,-2.004,-0.0,0.0,0.0,0.0,0.0,0.0,5041.0,0.0,0.0,0.0,-107615288.0,0.0,-0.0,0.0,0.0,0.0,0.0,53,3.222028592685471e+26,0.0,0.0,0.0,0.0,0.0,0.0,0.0,0.0,0,0,0,0.0,0.0,0.0,0.0,0.0,0.0,0.0,0.0,0.0,0.0,0.0,0.0,0.0,0.0,0.0,0.0,0,-107875648.0,53,0.0,106,-107614832.0,-107350944.0,ERR,ERR,ERR,ERR,ERR,ERR,ERR,ERR,ERR,ERR,ERR,ERR,ERR,ERR,ERR,ERR,ERR,ERR,ERR,ERR,ERR,ERR,ERR,ERR,ERR,ERR,ERR,ERR,ERR,ERR,ERR,ERR,ERR,ERR,ERR,ERR,ERR,ERR,ERR,ERR,ERR,ERR,ERR,ERR,ERR,ERR,ERR,ERR,ERR,ERR,ERR,ERR,ERR,ERR,ERR,ERR,ERR,ERR,ERR,ERR,ERR,ERR,ERR,ERR,ERR,ERR,ERR,50.0,60.0,100,0.0,0.0,0.0,0.0,0.0,0.0,0.0,0.0,0.0,0.0,0.0,0.0,0.0,0.0,0.0,0.0,62.0,65,20,65521,50,65476,0,300,0,0,8,20529,65476,0,0,26214,60.0,0.0,0.0,0.0,0.0,0.0
2026-05-17T16:20:25,ERR,ERR,ERR,ERR,ERR,ERR,ERR,ERR,ERR,ERR,ERR,ERR,ERR,ERR,ERR,ERR,ERR,ERR,ERR,ERR,ERR,ERR,ERR,ERR,ERR,ERR,ERR,ERR,ERR,ERR,ERR,ERR,ERR,ERR,ERR,ERR,ERR,ERR,ERR,ERR,ERR,ERR,ERR,ERR,ERR,ERR,ERR,ERR,ERR,ERR,ERR,ERR,ERR,ERR,ERR,ERR,ERR,ERR,ERR,ERR,ERR,ERR,ERR,ERR,ERR,ERR,ERR,ERR,ERR,ERR,ERR,ERR,ERR,ERR,ERR,ERR,ERR,ERR,ERR,ERR,ERR,ERR,ERR,ERR,ERR,ERR,ERR,ERR,ERR,ERR,ERR,ERR,ERR,ERR,ERR,ERR,ERR,ERR,ERR,ERR,ERR,ERR,ERR,ERR,ERR,ERR,ERR,ERR,ERR,ERR,ERR,ERR,ERR,ERR,ERR,ERR,ERR,ERR,ERR,ERR,ERR,ERR,ERR,ERR,ERR,0.0,-107615288.0,-134474944.0,0.0,0.0,1.3936040501711995e+18,7.805,0.0,0,0,4,0,8422,0.0,45,0.0,0.0,0.0,0.0,0.0,0,0,0,0,0.0,0,0,0,0,0,0,0,0,0,0,0,0,0,0,0,0,0,0,0,0,0,0,0,0,0,0,0,0,0,0,0,0,0,38,14,7,45,65476,0,300,0,0,8,21553,0.0,-107605600.0,0.0,0.0,0.0,0.0,0.0,0.0,0.0,0.0,0.0,0.0,0.0,0.0,0.0,0.0,0.0,0.0,0.0,0.0,0.0,0.0,0.0,-2.004,-0.0,0.0,0.0,0.0,0.0,0.0,5041.0,0.0,0.0,0.0,-107615288.0,0.0,-0.0,0.0,0.0,0.0,0.0,53,3.222028592685471e+26,0.0,0.0,0.0,0.0,0.0,0.0,0.0,0.0,0,0,0,0.0,0.0,0.0,0.0,0.0,0.0,0.0,0.0,0.0,0.0,0.0,0.0,0.0,0.0,0.0,0.0,0,-107875648.0,53,0.0,106,-107614832.0,-107350944.0,ERR,ERR,ERR,ERR,ERR,ERR,ERR,ERR,ERR,ERR,ERR,ERR,ERR,ERR,ERR,ERR,ERR,ERR,ERR,ERR,ERR,ERR,ERR,ERR,ERR,ERR,ERR,ERR,ERR,ERR,ERR,ERR,ERR,ERR,ERR,ERR,ERR,ERR,ERR,ERR,ERR,ERR,ERR,ERR,ERR,ERR,ERR,ERR,ERR,ERR,ERR,ERR,ERR,ERR,ERR,ERR,ERR,ERR,ERR,ERR,ERR,ERR,ERR,ERR,ERR,ERR,ERR,50.0,60.0,100,0.0,0.0,0.0,0.0,0.0,0.0,0.0,0.0,0.0,0.0,0.0,0.0,0.0,0.0,0.0,0.0,62.0,65,20,65521,50,65476,0,300,0,0,8,20529,65476,0,0,26214,60.0,0.0,0.0,0.0,0.0,0.0
2026-05-17T16:20:26,ERR,ERR,ERR,ERR,ERR,ERR,ERR,ERR,ERR,ERR,ERR,ERR,ERR,ERR,ERR,ERR,ERR,ERR,ERR,ERR,ERR,ERR,ERR,ERR,ERR,ERR,ERR,ERR,ERR,ERR,ERR,ERR,ERR,ERR,ERR,ERR,ERR,ERR,ERR,ERR,ERR,ERR,ERR,ERR,ERR,ERR,ERR,ERR,ERR,ERR,ERR,ERR,ERR,ERR,ERR,ERR,ERR,ERR,ERR,ERR,ERR,ERR,ERR,ERR,ERR,ERR,ERR,ERR,ERR,ERR,ERR,ERR,ERR,ERR,ERR,ERR,ERR,ERR,ERR,ERR,ERR,ERR,ERR,ERR,ERR,ERR,ERR,ERR,ERR,ERR,ERR,ERR,ERR,ERR,ERR,ERR,ERR,ERR,ERR,ERR,ERR,ERR,ERR,ERR,ERR,ERR,ERR,ERR,ERR,ERR,ERR,ERR,ERR,ERR,ERR,ERR,ERR,ERR,ERR,ERR,ERR,ERR,ERR,ERR,ERR,0.0,-107615288.0,-134474944.0,0.0,0.0,1.3936040501711995e+18,7.805,0.0,0,0,4,0,8422,0.0,45,0.0,0.0,0.0,0.0,0.0,0,0,0,0,0.0,0,0,0,0,0,0,0,0,0,0,0,0,0,0,0,0,0,0,0,0,0,0,0,0,0,0,0,0,0,0,0,0,0,38,14,7,45,65476,0,300,0,0,8,21553,0.0,-107605600.0,0.0,0.0,0.0,0.0,0.0,0.0,0.0,0.0,0.0,0.0,0.0,0.0,0.0,0.0,0.0,0.0,0.0,0.0,0.0,0.0,0.0,-2.004,-0.0,0.0,0.0,0.0,0.0,0.0,5041.0,0.0,0.0,0.0,-107615288.0,0.0,-0.0,0.0,0.0,0.0,0.0,53,3.222028592685471e+26,0.0,0.0,0.0,0.0,0.0,0.0,0.0,0.0,0,0,0,0.0,0.0,0.0,0.0,0.0,0.0,0.0,0.0,0.0,0.0,0.0,0.0,0.0,0.0,0.0,0.0,0,-107875648.0,53,0.0,106,-107614832.0,-107350944.0,ERR,ERR,ERR,ERR,ERR,ERR,ERR,ERR,ERR,ERR,ERR,ERR,ERR,ERR,ERR,ERR,ERR,ERR,ERR,ERR,ERR,ERR,ERR,ERR,ERR,ERR,ERR,ERR,ERR,ERR,ERR,ERR,ERR,ERR,ERR,ERR,ERR,ERR,ERR,ERR,ERR,ERR,ERR,ERR,ERR,ERR,ERR,ERR,ERR,ERR,ERR,ERR,ERR,ERR,ERR,ERR,ERR,ERR,ERR,ERR,ERR,ERR,ERR,ERR,ERR,ERR,ERR,50.0,60.0,100,0.0,0.0,0.0,0.0,0.0,0.0,0.0,0.0,0.0,0.0,0.0,0.0,0.0,0.0,0.0,0.0,61.6,65,20,65521,50,65476,0,300,0,0,8,20529,65476,0,0,26214,60.0,0.0,0.0,0.0,0.0,0.0
2026-05-17T16:20:27,ERR,ERR,ERR,ERR,ERR,ERR,ERR,ERR,ERR,ERR,ERR,ERR,ERR,ERR,ERR,ERR,ERR,ERR,ERR,ERR,ERR,ERR,ERR,ERR,ERR,ERR,ERR,ERR,ERR,ERR,ERR,ERR,ERR,ERR,ERR,ERR,ERR,ERR,ERR,ERR,ERR,ERR,ERR,ERR,ERR,ERR,ERR,ERR,ERR,ERR,ERR,ERR,ERR,ERR,ERR,ERR,ERR,ERR,ERR,ERR,ERR,ERR,ERR,ERR,ERR,ERR,ERR,ERR,ERR,ERR,ERR,ERR,ERR,ERR,ERR,ERR,ERR,ERR,ERR,ERR,ERR,ERR,ERR,ERR,ERR,ERR,ERR,ERR,ERR,ERR,ERR,ERR,ERR,ERR,ERR,ERR,ERR,ERR,ERR,ERR,ERR,ERR,ERR,ERR,ERR,ERR,ERR,ERR,ERR,ERR,ERR,ERR,ERR,ERR,ERR,ERR,ERR,ERR,ERR,ERR,ERR,ERR,ERR,ERR,ERR,0.0,-107615288.0,-134474944.0,0.0,0.0,1.3936040501711995e+18,7.805,0.0,0,0,4,0,8422,0.0,45,0.0,0.0,0.0,0.0,0.0,0,0,0,0,0.0,0,0,0,0,0,0,0,0,0,0,0,0,0,0,0,0,0,0,0,0,0,0,0,0,0,0,0,0,0,0,0,0,0,38,14,7,45,65476,0,300,0,0,8,21553,0.0,-107605600.0,0.0,0.0,0.0,0.0,0.0,0.0,0.0,0.0,0.0,0.0,0.0,0.0,0.0,0.0,0.0,0.0,0.0,0.0,0.0,0.0,0.0,-2.004,-0.0,0.0,0.0,0.0,0.0,0.0,5041.0,0.0,0.0,0.0,-107615288.0,0.0,-0.0,0.0,0.0,0.0,0.0,53,3.222028592685471e+26,0.0,0.0,0.0,0.0,0.0,0.0,0.0,0.0,0,0,0,0.0,0.0,0.0,0.0,0.0,0.0,0.0,0.0,0.0,0.0,0.0,0.0,0.0,0.0,0.0,0.0,0,-107875648.0,53,0.0,106,-107614832.0,-107350944.0,ERR,ERR,ERR,ERR,ERR,ERR,ERR,ERR,ERR,ERR,ERR,ERR,ERR,ERR,ERR,ERR,ERR,ERR,ERR,ERR,ERR,ERR,ERR,ERR,ERR,ERR,ERR,ERR,ERR,ERR,ERR,ERR,ERR,ERR,ERR,ERR,ERR,ERR,ERR,ERR,ERR,ERR,ERR,ERR,ERR,ERR,ERR,ERR,ERR,ERR,ERR,ERR,ERR,ERR,ERR,ERR,ERR,ERR,ERR,ERR,ERR,ERR,ERR,ERR,ERR,ERR,ERR,50.0,60.0,100,0.0,0.0,0.0,0.0,0.0,0.0,0.0,0.0,0.0,0.0,0.0,0.0,0.0,0.0,0.0,0.0,61.6,65,20,65521,50,65476,0,300,0,0,8,20529,65476,0,0,26214,60.0,0.0,0.0,0.0,0.0,0.0
2026-05-17T16:20:28,ERR,ERR,ERR,ERR,ERR,ERR,ERR,ERR,ERR,ERR,ERR,ERR,ERR,ERR,ERR,ERR,ERR,ERR,ERR,ERR,ERR,ERR,ERR,ERR,ERR,ERR,ERR,ERR,ERR,ERR,ERR,ERR,ERR,ERR,ERR,ERR,ERR,ERR,ERR,ERR,ERR,ERR,ERR,ERR,ERR,ERR,ERR,ERR,ERR,ERR,ERR,ERR,ERR,ERR,ERR,ERR,ERR,ERR,ERR,ERR,ERR,ERR,ERR,ERR,ERR,ERR,ERR,ERR,ERR,ERR,ERR,ERR,ERR,ERR,ERR,ERR,ERR,ERR,ERR,ERR,ERR,ERR,ERR,ERR,ERR,ERR,ERR,ERR,ERR,ERR,ERR,ERR,ERR,ERR,ERR,ERR,ERR,ERR,ERR,ERR,ERR,ERR,ERR,ERR,ERR,ERR,ERR,ERR,ERR,ERR,ERR,ERR,ERR,ERR,ERR,ERR,ERR,ERR,ERR,ERR,ERR,ERR,ERR,ERR,ERR,0.0,-107615288.0,-134474944.0,0.0,0.0,1.3936040501711995e+18,7.805,0.0,0,0,4,0,8422,0.0,45,0.0,0.0,0.0,0.0,0.0,0,0,0,0,0.0,0,0,0,0,0,0,0,0,0,0,0,0,0,0,0,0,0,0,0,0,0,0,0,0,0,0,0,0,0,0,0,0,0,38,14,7,45,65476,0,300,0,0,8,21553,0.0,-107605600.0,0.0,0.0,0.0,0.0,0.0,0.0,0.0,0.0,0.0,0.0,0.0,0.0,0.0,0.0,0.0,0.0,0.0,0.0,0.0,0.0,0.0,-2.004,-0.0,0.0,0.0,0.0,0.0,0.0,5041.0,0.0,0.0,0.0,-107615288.0,0.0,-0.0,0.0,0.0,0.0,0.0,53,3.222028592685471e+26,0.0,0.0,0.0,0.0,0.0,0.0,0.0,0.0,0,0,0,0.0,0.0,0.0,0.0,0.0,0.0,0.0,0.0,0.0,0.0,0.0,0.0,0.0,0.0,0.0,0.0,0,-107875648.0,53,0.0,106,-107614832.0,-107350944.0,ERR,ERR,ERR,ERR,ERR,ERR,ERR,ERR,ERR,ERR,ERR,ERR,ERR,ERR,ERR,ERR,ERR,ERR,ERR,ERR,ERR,ERR,ERR,ERR,ERR,ERR,ERR,ERR,ERR,ERR,ERR,ERR,ERR,ERR,ERR,ERR,ERR,ERR,ERR,ERR,ERR,ERR,ERR,ERR,ERR,ERR,ERR,ERR,ERR,ERR,ERR,ERR,ERR,ERR,ERR,ERR,ERR,ERR,ERR,ERR,ERR,ERR,ERR,ERR,ERR,ERR,ERR,50.0,60.0,100,0.0,0.0,0.0,0.0,0.0,0.0,0.0,0.0,0.0,0.0,0.0,0.0,0.0,0.0,0.0,0.0,61.6,65,20,65521,50,65476,0,300,0,0,8,20529,65476,0,0,26214,60.0,0.0,0.0,0.0,0.0,0.0
2026-05-17T16:20:29,ERR,ERR,ERR,ERR,ERR,ERR,ERR,ERR,ERR,ERR,ERR,ERR,ERR,ERR,ERR,ERR,ERR,ERR,ERR,ERR,ERR,ERR,ERR,ERR,ERR,ERR,ERR,ERR,ERR,ERR,ERR,ERR,ERR,ERR,ERR,ERR,ERR,ERR,ERR,ERR,ERR,ERR,ERR,ERR,ERR,ERR,ERR,ERR,ERR,ERR,ERR,ERR,ERR,ERR,ERR,ERR,ERR,ERR,ERR,ERR,ERR,ERR,ERR,ERR,ERR,ERR,ERR,ERR,ERR,ERR,ERR,ERR,ERR,ERR,ERR,ERR,ERR,ERR,ERR,ERR,ERR,ERR,ERR,ERR,ERR,ERR,ERR,ERR,ERR,ERR,ERR,ERR,ERR,ERR,ERR,ERR,ERR,ERR,ERR,ERR,ERR,ERR,ERR,ERR,ERR,ERR,ERR,ERR,ERR,ERR,ERR,ERR,ERR,ERR,ERR,ERR,ERR,ERR,ERR,ERR,ERR,ERR,ERR,ERR,ERR,0.0,-107615288.0,-134474944.0,0.0,0.0,1.3936040501711995e+18,7.805,0.0,0,0,4,0,8422,0.0,45,0.0,0.0,0.0,0.0,0.0,0,0,0,0,0.0,0,0,0,0,0,0,0,0,0,0,0,0,0,0,0,0,0,0,0,0,0,0,0,0,0,0,0,0,0,0,0,0,0,38,14,7,45,65476,0,300,0,0,8,21553,0.0,-107605600.0,0.0,0.0,0.0,0.0,0.0,0.0,0.0,0.0,0.0,0.0,0.0,0.0,0.0,0.0,0.0,0.0,0.0,0.0,0.0,0.0,-2.004,-2.004,-0.0,0.0,0.0,0.0,0.0,0.0,5004.0,-0.0,0.0,0.0,-107615288.0,0.0,-0.0,0.0,0.0,0.0,0.0,53,126841110528.0,2.718417410789135e+23,0.0,0.0,0.0,0.0,0.0,0.0,0.0,0,0,0,0.0,0.0,0.0,0.0,0.0,0.0,0.0,0.0,0.0,0.0,0.0,0.0,0.0,0.0,0.0,0.0,0,-107875648.0,53,0.0,106,-107614832.0,-107350944.0,ERR,ERR,ERR,ERR,ERR,ERR,ERR,ERR,ERR,ERR,ERR,ERR,ERR,ERR,ERR,ERR,ERR,ERR,ERR,ERR,ERR,ERR,ERR,ERR,ERR,ERR,ERR,ERR,ERR,ERR,ERR,ERR,ERR,ERR,ERR,ERR,ERR,ERR,ERR,ERR,ERR,ERR,ERR,ERR,ERR,ERR,ERR,ERR,ERR,ERR,ERR,ERR,ERR,ERR,ERR,ERR,ERR,ERR,ERR,ERR,ERR,ERR,ERR,ERR,ERR,ERR,ERR,50.0,60.0,100,0.0,0.0,0.0,0.0,0.0,0.0,0.0,0.0,0.0,0.0,0.0,0.0,0.0,0.0,0.0,0.0,61.6,65,20,65521,50,65476,0,300,0,0,8,20529,65476,0,0,26214,60.0,0.0,0.0,0.0,0.0,0.0
2026-05-17T16:20:30,ERR,ERR,ERR,ERR,ERR,ERR,ERR,ERR,ERR,ERR,ERR,ERR,ERR,ERR,ERR,ERR,ERR,ERR,ERR,ERR,ERR,ERR,ERR,ERR,ERR,ERR,ERR,ERR,ERR,ERR,ERR,ERR,ERR,ERR,ERR,ERR,ERR,ERR,ERR,ERR,ERR,ERR,ERR,ERR,ERR,ERR,ERR,ERR,ERR,ERR,ERR,ERR,ERR,ERR,ERR,ERR,ERR,ERR,ERR,ERR,ERR,ERR,ERR,ERR,ERR,ERR,ERR,ERR,ERR,ERR,ERR,ERR,ERR,ERR,ERR,ERR,ERR,ERR,ERR,ERR,ERR,ERR,ERR,ERR,ERR,ERR,ERR,ERR,ERR,ERR,ERR,ERR,ERR,ERR,ERR,ERR,ERR,ERR,ERR,ERR,ERR,ERR,ERR,ERR,ERR,ERR,ERR,ERR,ERR,ERR,ERR,ERR,ERR,ERR,ERR,ERR,ERR,ERR,ERR,ERR,ERR,ERR,ERR,ERR,ERR,0.0,-107615288.0,-134474944.0,0.0,0.0,1.3936040501711995e+18,7.805,0.0,0,0,4,0,8422,0.0,45,0.0,0.0,0.0,0.0,0.0,0,0,0,0,0.0,0,0,0,0,0,0,0,0,0,0,0,0,0,0,0,0,0,0,0,0,0,0,0,0,0,0,0,0,0,0,0,0,0,38,14,7,45,65476,0,300,0,0,8,21553,0.0,-107605600.0,0.0,0.0,0.0,0.0,0.0,0.0,0.0,0.0,0.0,0.0,0.0,0.0,0.0,0.0,0.0,0.0,0.0,0.0,0.0,0.0,-2.004,-2.004,-0.0,0.0,0.0,0.0,0.0,0.0,5004.0,-0.0,0.0,0.0,-107615288.0,0.0,-0.0,0.0,0.0,0.0,0.0,53,126841110528.0,2.718417410789135e+23,0.0,0.0,0.0,0.0,0.0,0.0,0.0,0,0,0,0.0,0.0,0.0,0.0,0.0,0.0,0.0,0.0,0.0,0.0,0.0,0.0,0.0,0.0,0.0,0.0,0,-107875648.0,53,0.0,106,-107614832.0,-107350944.0,ERR,ERR,ERR,ERR,ERR,ERR,ERR,ERR,ERR,ERR,ERR,ERR,ERR,ERR,ERR,ERR,ERR,ERR,ERR,ERR,ERR,ERR,ERR,ERR,ERR,ERR,ERR,ERR,ERR,ERR,ERR,ERR,ERR,ERR,ERR,ERR,ERR,ERR,ERR,ERR,ERR,ERR,ERR,ERR,ERR,ERR,ERR,ERR,ERR,ERR,ERR,ERR,ERR,ERR,ERR,ERR,ERR,ERR,ERR,ERR,ERR,ERR,ERR,ERR,ERR,ERR,ERR,50.0,60.0,100,0.0,0.0,0.0,0.0,0.0,0.0,0.0,0.0,0.0,0.0,0.0,0.0,0.0,0.0,0.0,0.0,61.6,65,20,65521,50,65476,0,300,0,0,8,20529,65476,0,0,26214,60.0,0.0,0.0,0.0,0.0,0.0
2026-05-17T16:20:31,ERR,ERR,ERR,ERR,ERR,ERR,ERR,ERR,ERR,ERR,ERR,ERR,ERR,ERR,ERR,ERR,ERR,ERR,ERR,ERR,ERR,ERR,ERR,ERR,ERR,ERR,ERR,ERR,ERR,ERR,ERR,ERR,ERR,ERR,ERR,ERR,ERR,ERR,ERR,ERR,ERR,ERR,ERR,ERR,ERR,ERR,ERR,ERR,ERR,ERR,ERR,ERR,ERR,ERR,ERR,ERR,ERR,ERR,ERR,ERR,ERR,ERR,ERR,ERR,ERR,ERR,ERR,ERR,ERR,ERR,ERR,ERR,ERR,ERR,ERR,ERR,ERR,ERR,ERR,ERR,ERR,ERR,ERR,ERR,ERR,ERR,ERR,ERR,ERR,ERR,ERR,ERR,ERR,ERR,ERR,ERR,ERR,ERR,ERR,ERR,ERR,ERR,ERR,ERR,ERR,ERR,ERR,ERR,ERR,ERR,ERR,ERR,ERR,ERR,ERR,ERR,ERR,ERR,ERR,ERR,ERR,ERR,ERR,ERR,ERR,0.0,-107615288.0,-134474944.0,0.0,0.0,1.3936040501711995e+18,7.805,0.0,0,0,4,0,8422,0.0,45,0.0,0.0,0.0,0.0,0.0,0,0,0,0,0.0,0,0,0,0,0,0,0,0,0,0,0,0,0,0,0,0,0,0,0,0,0,0,0,0,0,0,0,0,0,0,0,0,0,38,14,7,45,65476,0,300,0,0,8,21553,0.0,-107605600.0,0.0,0.0,0.0,0.0,0.0,0.0,0.0,0.0,0.0,0.0,0.0,0.0,0.0,0.0,0.0,0.0,0.0,0.0,0.0,0.0,-2.004,-2.004,-0.0,0.0,0.0,0.0,0.0,0.0,5004.0,-0.0,0.0,0.0,-107615288.0,0.0,-0.0,0.0,0.0,0.0,0.0,53,126841110528.0,2.718417410789135e+23,0.0,0.0,0.0,0.0,0.0,0.0,0.0,0,0,0,0.0,0.0,0.0,0.0,0.0,0.0,0.0,0.0,0.0,0.0,0.0,0.0,0.0,0.0,0.0,0.0,0,-107875648.0,53,0.0,106,-107614832.0,-107350944.0,ERR,ERR,ERR,ERR,ERR,ERR,ERR,ERR,ERR,ERR,ERR,ERR,ERR,ERR,ERR,ERR,ERR,ERR,ERR,ERR,ERR,ERR,ERR,ERR,ERR,ERR,ERR,ERR,ERR,ERR,ERR,ERR,ERR,ERR,ERR,ERR,ERR,ERR,ERR,ERR,ERR,ERR,ERR,ERR,ERR,ERR,ERR,ERR,ERR,ERR,ERR,ERR,ERR,ERR,ERR,ERR,ERR,ERR,ERR,ERR,ERR,ERR,ERR,ERR,ERR,ERR,ERR,50.0,60.0,100,0.0,0.0,0.0,0.0,0.0,0.0,0.0,0.0,0.0,0.0,0.0,0.0,0.0,0.0,0.0,0.0,61.6,65,20,65521,50,65476,0,300,0,0,8,20529,65476,0,0,26214,60.0,0.0,0.0,0.0,0.0,0.0
2026-05-17T16:20:32,ERR,ERR,ERR,ERR,ERR,ERR,ERR,ERR,ERR,ERR,ERR,ERR,ERR,ERR,ERR,ERR,ERR,ERR,ERR,ERR,ERR,ERR,ERR,ERR,ERR,ERR,ERR,ERR,ERR,ERR,ERR,ERR,ERR,ERR,ERR,ERR,ERR,ERR,ERR,ERR,ERR,ERR,ERR,ERR,ERR,ERR,ERR,ERR,ERR,ERR,ERR,ERR,ERR,ERR,ERR,ERR,ERR,ERR,ERR,ERR,ERR,ERR,ERR,ERR,ERR,ERR,ERR,ERR,ERR,ERR,ERR,ERR,ERR,ERR,ERR,ERR,ERR,ERR,ERR,ERR,ERR,ERR,ERR,ERR,ERR,ERR,ERR,ERR,ERR,ERR,ERR,ERR,ERR,ERR,ERR,ERR,ERR,ERR,ERR,ERR,ERR,ERR,ERR,ERR,ERR,ERR,ERR,ERR,ERR,ERR,ERR,ERR,ERR,ERR,ERR,ERR,ERR,ERR,ERR,ERR,ERR,ERR,ERR,ERR,ERR,0.0,-107615288.0,-134474944.0,0.0,0.0,1.3936040501711995e+18,7.805,0.0,0,0,4,0,8422,0.0,45,0.0,0.0,0.0,0.0,0.0,0,0,0,0,0.0,0,0,0,0,0,0,0,0,0,0,0,0,0,0,0,0,0,0,0,0,0,0,0,0,0,0,0,0,0,0,0,0,0,38,14,7,45,65476,0,300,0,0,8,21553,0.0,-107605600.0,0.0,0.0,0.0,0.0,0.0,0.0,0.0,0.0,0.0,0.0,0.0,0.0,0.0,0.0,0.0,0.0,0.0,0.0,0.0,0.0,-2.004,-2.004,-0.0,0.0,0.0,0.0,0.0,0.0,5004.0,-0.0,0.0,0.0,-107615288.0,0.0,-0.0,0.0,0.0,0.0,0.0,53,126841110528.0,2.718417410789135e+23,0.0,0.0,0.0,0.0,0.0,0.0,0.0,0,0,0,0.0,0.0,0.0,0.0,0.0,0.0,0.0,0.0,0.0,0.0,0.0,0.0,0.0,0.0,0.0,0.0,0,-107875648.0,53,0.0,106,-107614832.0,-107350944.0,ERR,ERR,ERR,ERR,ERR,ERR,ERR,ERR,ERR,ERR,ERR,ERR,ERR,ERR,ERR,ERR,ERR,ERR,ERR,ERR,ERR,ERR,ERR,ERR,ERR,ERR,ERR,ERR,ERR,ERR,ERR,ERR,ERR,ERR,ERR,ERR,ERR,ERR,ERR,ERR,ERR,ERR,ERR,ERR,ERR,ERR,ERR,ERR,ERR,ERR,ERR,ERR,ERR,ERR,ERR,ERR,ERR,ERR,ERR,ERR,ERR,ERR,ERR,ERR,ERR,ERR,ERR,50.0,60.0,100,0.0,0.0,0.0,0.0,0.0,0.0,0.0,0.0,0.0,0.0,0.0,0.0,0.0,0.0,0.0,0.0,61.6,65,20,65521,50,65476,0,300,0,0,8,20529,65476,0,0,26214,60.0,0.0,0.0,0.0,0.0,0.0
2026-05-17T16:20:33,ERR,ERR,ERR,ERR,ERR,ERR,ERR,ERR,ERR,ERR,ERR,ERR,ERR,ERR,ERR,ERR,ERR,ERR,ERR,ERR,ERR,ERR,ERR,ERR,ERR,ERR,ERR,ERR,ERR,ERR,ERR,ERR,ERR,ERR,ERR,ERR,ERR,ERR,ERR,ERR,ERR,ERR,ERR,ERR,ERR,ERR,ERR,ERR,ERR,ERR,ERR,ERR,ERR,ERR,ERR,ERR,ERR,ERR,ERR,ERR,ERR,ERR,ERR,ERR,ERR,ERR,ERR,ERR,ERR,ERR,ERR,ERR,ERR,ERR,ERR,ERR,ERR,ERR,ERR,ERR,ERR,ERR,ERR,ERR,ERR,ERR,ERR,ERR,ERR,ERR,ERR,ERR,ERR,ERR,ERR,ERR,ERR,ERR,ERR,ERR,ERR,ERR,ERR,ERR,ERR,ERR,ERR,ERR,ERR,ERR,ERR,ERR,ERR,ERR,ERR,ERR,ERR,ERR,ERR,ERR,ERR,ERR,ERR,ERR,ERR,0.0,-107615288.0,-134474944.0,0.0,0.0,1.3936040501711995e+18,7.805,0.0,0,0,4,0,8422,0.0,45,0.0,0.0,0.0,0.0,0.0,0,0,0,0,0.0,0,0,0,0,0,0,0,0,0,0,0,0,0,0,0,0,0,0,0,0,0,0,0,0,0,0,0,0,0,0,0,0,0,38,14,7,45,65476,0,300,0,0,8,21553,0.0,-107605600.0,0.0,0.0,0.0,0.0,0.0,0.0,0.0,0.0,0.0,0.0,0.0,0.0,0.0,0.0,0.0,0.0,0.0,0.0,0.0,0.0,-2.004,-2.004,-0.0,0.0,0.0,0.0,0.0,0.0,5004.0,-0.0,0.0,0.0,-107615288.0,0.0,-0.0,0.0,0.0,0.0,0.0,53,126841110528.0,2.718417410789135e+23,0.0,0.0,0.0,0.0,0.0,0.0,0.0,0,0,0,0.0,0.0,0.0,0.0,0.0,0.0,0.0,0.0,0.0,0.0,0.0,0.0,0.0,0.0,0.0,0.0,0,-107875648.0,53,0.0,106,-107614832.0,-107350944.0,ERR,ERR,ERR,ERR,ERR,ERR,ERR,ERR,ERR,ERR,ERR,ERR,ERR,ERR,ERR,ERR,ERR,ERR,ERR,ERR,ERR,ERR,ERR,ERR,ERR,ERR,ERR,ERR,ERR,ERR,ERR,ERR,ERR,ERR,ERR,ERR,ERR,ERR,ERR,ERR,ERR,ERR,ERR,ERR,ERR,ERR,ERR,ERR,ERR,ERR,ERR,ERR,ERR,ERR,ERR,ERR,ERR,ERR,ERR,ERR,ERR,ERR,ERR,ERR,ERR,ERR,ERR,50.0,60.0,100,0.0,0.0,0.0,0.0,0.0,0.0,0.0,0.0,0.0,0.0,0.0,0.0,0.0,0.0,0.0,0.0,61.6,65,20,65521,50,65476,0,300,0,0,8,20529,65476,0,0,26214,60.0,0.0,0.0,0.0,0.0,0.0
2026-05-17T16:20:34,ERR,ERR,ERR,ERR,ERR,ERR,ERR,ERR,ERR,ERR,ERR,ERR,ERR,ERR,ERR,ERR,ERR,ERR,ERR,ERR,ERR,ERR,ERR,ERR,ERR,ERR,ERR,ERR,ERR,ERR,ERR,ERR,ERR,ERR,ERR,ERR,ERR,ERR,ERR,ERR,ERR,ERR,ERR,ERR,ERR,ERR,ERR,ERR,ERR,ERR,ERR,ERR,ERR,ERR,ERR,ERR,ERR,ERR,ERR,ERR,ERR,ERR,ERR,ERR,ERR,ERR,ERR,ERR,ERR,ERR,ERR,ERR,ERR,ERR,ERR,ERR,ERR,ERR,ERR,ERR,ERR,ERR,ERR,ERR,ERR,ERR,ERR,ERR,ERR,ERR,ERR,ERR,ERR,ERR,ERR,ERR,ERR,ERR,ERR,ERR,ERR,ERR,ERR,ERR,ERR,ERR,ERR,ERR,ERR,ERR,ERR,ERR,ERR,ERR,ERR,ERR,ERR,ERR,ERR,ERR,ERR,ERR,ERR,ERR,ERR,0.0,-107615288.0,-0.0,0.0,0.0,1.3936040501711995e+18,7.805,0.0,0,0,4,0,8422,0.0,45,0.0,0.0,0.0,0.0,0.0,0,0,0,0,0.0,0,0,0,0,0,0,0,0,0,0,0,0,0,0,0,0,0,0,0,0,0,0,0,0,0,0,0,0,0,0,0,0,0,38,14,7,45,65476,0,300,0,0,8,21553,0.0,-107605600.0,0.0,0.0,0.0,0.0,0.0,0.0,0.0,0.0,0.0,0.0,0.0,0.0,0.0,0.0,0.0,0.0,0.0,0.0,0.0,0.0,-2.004,-2.004,-0.0,0.0,0.0,0.0,0.0,0.0,5005.0,0.0,0.0,0.0,-107615288.0,0.0,-0.0,0.0,0.0,0.0,0.0,53,152018454839296.0,-2.30882787541985e+20,0.0,0.0,0.0,0.0,0.0,0.0,0.0,0,0,0,0.0,0.0,0.0,0.0,0.0,0.0,0.0,0.0,0.0,0.0,0.0,0.0,0.0,0.0,0.0,0.0,0,-107875648.0,53,0.0,106,-107614832.0,-107350944.0,ERR,ERR,ERR,ERR,ERR,ERR,ERR,ERR,ERR,ERR,ERR,ERR,ERR,ERR,ERR,ERR,ERR,ERR,ERR,ERR,ERR,ERR,ERR,ERR,ERR,ERR,ERR,ERR,ERR,ERR,ERR,ERR,ERR,ERR,ERR,ERR,ERR,ERR,ERR,ERR,ERR,ERR,ERR,ERR,ERR,ERR,ERR,ERR,ERR,ERR,ERR,ERR,ERR,ERR,ERR,ERR,ERR,ERR,ERR,ERR,ERR,ERR,ERR,ERR,ERR,ERR,ERR,50.0,60.0,100,0.0,0.0,0.0,0.0,0.0,0.0,0.0,0.0,0.0,0.0,0.0,0.0,0.0,0.0,0.0,0.0,61.6,65,20,65521,50,65476,0,300,0,0,8,20529,65476,0,0,26214,60.0,0.0,0.0,0.0,0.0,0.0
2026-05-17T16:20:35,ERR,ERR,ERR,ERR,ERR,ERR,ERR,ERR,ERR,ERR,ERR,ERR,ERR,ERR,ERR,ERR,ERR,ERR,ERR,ERR,ERR,ERR,ERR,ERR,ERR,ERR,ERR,ERR,ERR,ERR,ERR,ERR,ERR,ERR,ERR,ERR,ERR,ERR,ERR,ERR,ERR,ERR,ERR,ERR,ERR,ERR,ERR,ERR,ERR,ERR,ERR,ERR,ERR,ERR,ERR,ERR,ERR,ERR,ERR,ERR,ERR,ERR,ERR,ERR,ERR,ERR,ERR,ERR,ERR,ERR,ERR,ERR,ERR,ERR,ERR,ERR,ERR,ERR,ERR,ERR,ERR,ERR,ERR,ERR,ERR,ERR,ERR,ERR,ERR,ERR,ERR,ERR,ERR,ERR,ERR,ERR,ERR,ERR,ERR,ERR,ERR,ERR,ERR,ERR,ERR,ERR,ERR,ERR,ERR,ERR,ERR,ERR,ERR,ERR,ERR,ERR,ERR,ERR,ERR,ERR,ERR,ERR,ERR,ERR,ERR,0.0,-107615288.0,-0.0,0.0,0.0,1.3936040501711995e+18,7.805,0.0,0,0,4,0,8422,0.0,45,0.0,0.0,0.0,0.0,0.0,0,0,0,0,0.0,0,0,0,0,0,0,0,0,0,0,0,0,0,0,0,0,0,0,0,0,0,0,0,0,0,0,0,0,0,0,0,0,0,38,14,7,45,65476,0,300,0,0,8,21553,0.0,-107605600.0,0.0,0.0,0.0,0.0,0.0,0.0,0.0,0.0,0.0,0.0,0.0,0.0,0.0,0.0,0.0,0.0,0.0,0.0,0.0,0.0,-2.004,-2.004,-0.0,0.0,0.0,0.0,0.0,0.0,5005.0,0.0,0.0,0.0,-107615288.0,0.0,-0.0,0.0,0.0,0.0,0.0,53,152018454839296.0,-2.30882787541985e+20,0.0,0.0,0.0,0.0,0.0,0.0,0.0,0,0,0,0.0,0.0,0.0,0.0,0.0,0.0,0.0,0.0,0.0,0.0,0.0,0.0,0.0,0.0,0.0,0.0,0,-107875648.0,53,0.0,106,-107614832.0,-107350944.0,ERR,ERR,ERR,ERR,ERR,ERR,ERR,ERR,ERR,ERR,ERR,ERR,ERR,ERR,ERR,ERR,ERR,ERR,ERR,ERR,ERR,ERR,ERR,ERR,ERR,ERR,ERR,ERR,ERR,ERR,ERR,ERR,ERR,ERR,ERR,ERR,ERR,ERR,ERR,ERR,ERR,ERR,ERR,ERR,ERR,ERR,ERR,ERR,ERR,ERR,ERR,ERR,ERR,ERR,ERR,ERR,ERR,ERR,ERR,ERR,ERR,ERR,ERR,ERR,ERR,ERR,ERR,50.0,60.0,100,0.0,0.0,0.0,0.0,0.0,0.0,0.0,0.0,0.0,0.0,0.0,0.0,0.0,0.0,0.0,0.0,62.0,65,20,65521,50,65476,0,300,0,0,8,20529,65476,0,0,26214,60.0,0.0,0.0,0.0,0.0,0.0
2026-05-17T16:20:36,ERR,ERR,ERR,ERR,ERR,ERR,ERR,ERR,ERR,ERR,ERR,ERR,ERR,ERR,ERR,ERR,ERR,ERR,ERR,ERR,ERR,ERR,ERR,ERR,ERR,ERR,ERR,ERR,ERR,ERR,ERR,ERR,ERR,ERR,ERR,ERR,ERR,ERR,ERR,ERR,ERR,ERR,ERR,ERR,ERR,ERR,ERR,ERR,ERR,ERR,ERR,ERR,ERR,ERR,ERR,ERR,ERR,ERR,ERR,ERR,ERR,ERR,ERR,ERR,ERR,ERR,ERR,ERR,ERR,ERR,ERR,ERR,ERR,ERR,ERR,ERR,ERR,ERR,ERR,ERR,ERR,ERR,ERR,ERR,ERR,ERR,ERR,ERR,ERR,ERR,ERR,ERR,ERR,ERR,ERR,ERR,ERR,ERR,ERR,ERR,ERR,ERR,ERR,ERR,ERR,ERR,ERR,ERR,ERR,ERR,ERR,ERR,ERR,ERR,ERR,ERR,ERR,ERR,ERR,ERR,ERR,ERR,ERR,ERR,ERR,0.0,-107615288.0,-0.0,0.0,0.0,1.3936040501711995e+18,7.805,0.0,0,0,4,0,8422,0.0,45,0.0,0.0,0.0,0.0,0.0,0,0,0,0,0.0,0,0,0,0,0,0,0,0,0,0,0,0,0,0,0,0,0,0,0,0,0,0,0,0,0,0,0,0,0,0,0,0,0,38,14,7,45,65476,0,300,0,0,8,21553,0.0,-107605600.0,0.0,0.0,0.0,0.0,0.0,0.0,0.0,0.0,0.0,0.0,0.0,0.0,0.0,0.0,0.0,0.0,0.0,0.0,0.0,0.0,-2.004,-2.004,-0.0,0.0,0.0,0.0,0.0,0.0,5005.0,0.0,0.0,0.0,-107615288.0,0.0,-0.0,0.0,0.0,0.0,0.0,53,152018454839296.0,-2.30882787541985e+20,0.0,0.0,0.0,0.0,0.0,0.0,0.0,0,0,0,0.0,0.0,0.0,0.0,0.0,0.0,0.0,0.0,0.0,0.0,0.0,0.0,0.0,0.0,0.0,0.0,0,-107875648.0,53,0.0,106,-107614832.0,-107350944.0,ERR,ERR,ERR,ERR,ERR,ERR,ERR,ERR,ERR,ERR,ERR,ERR,ERR,ERR,ERR,ERR,ERR,ERR,ERR,ERR,ERR,ERR,ERR,ERR,ERR,ERR,ERR,ERR,ERR,ERR,ERR,ERR,ERR,ERR,ERR,ERR,ERR,ERR,ERR,ERR,ERR,ERR,ERR,ERR,ERR,ERR,ERR,ERR,ERR,ERR,ERR,ERR,ERR,ERR,ERR,ERR,ERR,ERR,ERR,ERR,ERR,ERR,ERR,ERR,ERR,ERR,ERR,50.0,60.0,100,0.0,0.0,0.0,0.0,0.0,0.0,0.0,0.0,0.0,0.0,0.0,0.0,0.0,0.0,0.0,0.0,62.0,65,20,65521,50,65476,0,300,0,0,8,20529,65476,0,0,26214,60.0,0.0,0.0,0.0,0.0,0.0
2026-05-17T16:20:37,ERR,ERR,ERR,ERR,ERR,ERR,ERR,ERR,ERR,ERR,ERR,ERR,ERR,ERR,ERR,ERR,ERR,ERR,ERR,ERR,ERR,ERR,ERR,ERR,ERR,ERR,ERR,ERR,ERR,ERR,ERR,ERR,ERR,ERR,ERR,ERR,ERR,ERR,ERR,ERR,ERR,ERR,ERR,ERR,ERR,ERR,ERR,ERR,ERR,ERR,ERR,ERR,ERR,ERR,ERR,ERR,ERR,ERR,ERR,ERR,ERR,ERR,ERR,ERR,ERR,ERR,ERR,ERR,ERR,ERR,ERR,ERR,ERR,ERR,ERR,ERR,ERR,ERR,ERR,ERR,ERR,ERR,ERR,ERR,ERR,ERR,ERR,ERR,ERR,ERR,ERR,ERR,ERR,ERR,ERR,ERR,ERR,ERR,ERR,ERR,ERR,ERR,ERR,ERR,ERR,ERR,ERR,ERR,ERR,ERR,ERR,ERR,ERR,ERR,ERR,ERR,ERR,ERR,ERR,ERR,ERR,ERR,ERR,ERR,ERR,0.0,-107615288.0,-0.0,0.0,0.0,1.3936040501711995e+18,7.805,0.0,0,0,4,0,8422,0.0,45,0.0,0.0,0.0,0.0,0.0,0,0,0,0,0.0,0,0,0,0,0,0,0,0,0,0,0,0,0,0,0,0,0,0,0,0,0,0,0,0,0,0,0,0,0,0,0,0,0,38,14,7,45,65476,0,300,0,0,8,21553,0.0,-107605600.0,0.0,0.0,0.0,0.0,0.0,0.0,0.0,0.0,0.0,0.0,0.0,0.0,0.0,0.0,0.0,0.0,0.0,0.0,0.0,0.0,-2.004,-2.004,-0.0,0.0,0.0,0.0,0.0,0.0,5005.0,0.0,0.0,0.0,-107615288.0,0.0,-0.0,0.0,0.0,0.0,0.0,53,152018454839296.0,-2.30882787541985e+20,0.0,0.0,0.0,0.0,0.0,0.0,0.0,0,0,0,0.0,0.0,0.0,0.0,0.0,0.0,0.0,0.0,0.0,0.0,0.0,0.0,0.0,0.0,0.0,0.0,0,-107875648.0,53,0.0,106,-107614832.0,-107350944.0,ERR,ERR,ERR,ERR,ERR,ERR,ERR,ERR,ERR,ERR,ERR,ERR,ERR,ERR,ERR,ERR,ERR,ERR,ERR,ERR,ERR,ERR,ERR,ERR,ERR,ERR,ERR,ERR,ERR,ERR,ERR,ERR,ERR,ERR,ERR,ERR,ERR,ERR,ERR,ERR,ERR,ERR,ERR,ERR,ERR,ERR,ERR,ERR,ERR,ERR,ERR,ERR,ERR,ERR,ERR,ERR,ERR,ERR,ERR,ERR,ERR,ERR,ERR,ERR,ERR,ERR,ERR,50.0,60.0,100,0.0,0.0,0.0,0.0,0.0,0.0,0.0,0.0,0.0,0.0,0.0,0.0,0.0,0.0,0.0,0.0,62.0,65,20,65521,50,65476,0,300,0,0,8,20529,65476,0,0,26214,60.0,0.0,0.0,0.0,0.0,0.0
2026-05-17T16:20:38,ERR,ERR,ERR,ERR,ERR,ERR,ERR,ERR,ERR,ERR,ERR,ERR,ERR,ERR,ERR,ERR,ERR,ERR,ERR,ERR,ERR,ERR,ERR,ERR,ERR,ERR,ERR,ERR,ERR,ERR,ERR,ERR,ERR,ERR,ERR,ERR,ERR,ERR,ERR,ERR,ERR,ERR,ERR,ERR,ERR,ERR,ERR,ERR,ERR,ERR,ERR,ERR,ERR,ERR,ERR,ERR,ERR,ERR,ERR,ERR,ERR,ERR,ERR,ERR,ERR,ERR,ERR,ERR,ERR,ERR,ERR,ERR,ERR,ERR,ERR,ERR,ERR,ERR,ERR,ERR,ERR,ERR,ERR,ERR,ERR,ERR,ERR,ERR,ERR,ERR,ERR,ERR,ERR,ERR,ERR,ERR,ERR,ERR,ERR,ERR,ERR,ERR,ERR,ERR,ERR,ERR,ERR,ERR,ERR,ERR,ERR,ERR,ERR,ERR,ERR,ERR,ERR,ERR,ERR,ERR,ERR,ERR,ERR,ERR,ERR,0.0,-107615288.0,-0.0,0.0,0.0,1.3936040501711995e+18,7.805,0.0,0,0,4,0,8422,0.0,45,0.0,0.0,0.0,0.0,0.0,0,0,0,0,0.0,0,0,0,0,0,0,0,0,0,0,0,0,0,0,0,0,0,0,0,0,0,0,0,0,0,0,0,0,0,0,0,0,0,38,14,7,45,65476,0,300,0,0,8,21553,0.0,-107605600.0,0.0,0.0,0.0,0.0,0.0,0.0,0.0,0.0,0.0,0.0,0.0,0.0,0.0,0.0,0.0,0.0,0.0,0.0,0.0,0.0,-2.004,-2.004,-0.0,0.0,0.0,0.0,0.0,0.0,5005.0,0.0,0.0,0.0,-107615288.0,0.0,-0.0,0.0,0.0,0.0,0.0,53,152018454839296.0,-2.30882787541985e+20,0.0,0.0,0.0,0.0,0.0,0.0,0.0,0,0,0,0.0,0.0,0.0,0.0,0.0,0.0,0.0,0.0,0.0,0.0,0.0,0.0,0.0,0.0,0.0,0.0,0,-107875648.0,53,0.0,106,-107614832.0,-107350944.0,ERR,ERR,ERR,ERR,ERR,ERR,ERR,ERR,ERR,ERR,ERR,ERR,ERR,ERR,ERR,ERR,ERR,ERR,ERR,ERR,ERR,ERR,ERR,ERR,ERR,ERR,ERR,ERR,ERR,ERR,ERR,ERR,ERR,ERR,ERR,ERR,ERR,ERR,ERR,ERR,ERR,ERR,ERR,ERR,ERR,ERR,ERR,ERR,ERR,ERR,ERR,ERR,ERR,ERR,ERR,ERR,ERR,ERR,ERR,ERR,ERR,ERR,ERR,ERR,ERR,ERR,ERR,50.0,60.0,100,0.0,0.0,0.0,0.0,0.0,0.0,0.0,0.0,0.0,0.0,0.0,0.0,0.0,0.0,0.0,0.0,61.6,65,20,65521,50,65476,0,300,0,0,8,20529,65476,0,0,26214,60.0,0.0,0.0,0.0,0.0,0.0
2026-05-17T16:20:39,ERR,ERR,ERR,ERR,ERR,ERR,ERR,ERR,ERR,ERR,ERR,ERR,ERR,ERR,ERR,ERR,ERR,ERR,ERR,ERR,ERR,ERR,ERR,ERR,ERR,ERR,ERR,ERR,ERR,ERR,ERR,ERR,ERR,ERR,ERR,ERR,ERR,ERR,ERR,ERR,ERR,ERR,ERR,ERR,ERR,ERR,ERR,ERR,ERR,ERR,ERR,ERR,ERR,ERR,ERR,ERR,ERR,ERR,ERR,ERR,ERR,ERR,ERR,ERR,ERR,ERR,ERR,ERR,ERR,ERR,ERR,ERR,ERR,ERR,ERR,ERR,ERR,ERR,ERR,ERR,ERR,ERR,ERR,ERR,ERR,ERR,ERR,ERR,ERR,ERR,ERR,ERR,ERR,ERR,ERR,ERR,ERR,ERR,ERR,ERR,ERR,ERR,ERR,ERR,ERR,ERR,ERR,ERR,ERR,ERR,ERR,ERR,ERR,ERR,ERR,ERR,ERR,ERR,ERR,ERR,ERR,ERR,ERR,ERR,ERR,0.0,-107615288.0,-134474944.0,0.0,0.0,1.3936040501711995e+18,7.805,0.0,0,0,4,0,8422,0.0,45,0.0,0.0,0.0,0.0,0.0,0,0,0,0,0.0,0,0,0,0,0,0,0,0,0,0,0,0,0,0,0,0,0,0,0,0,0,0,0,0,0,0,0,0,0,0,0,0,0,38,14,7,45,65476,0,300,0,0,8,21553,0.0,-107605600.0,0.0,0.0,0.0,0.0,0.0,0.0,0.0,0.0,0.0,0.0,0.0,0.0,0.0,0.0,0.0,0.0,0.0,0.0,0.0,0.0,-2.004,-2.004,-0.0,0.0,0.0,0.0,0.0,0.0,5006.0,8608182272.0,0.0,0.0,-107615288.0,0.0,-0.0,0.0,0.0,0.0,0.0,53,1.9056979486756045e+17,0.0,0.0,0.0,0.0,0.0,0.0,0.0,0.0,0,0,0,0.0,0.0,0.0,0.0,0.0,0.0,0.0,0.0,0.0,0.0,0.0,0.0,0.0,0.0,0.0,0.0,0,-107875648.0,53,0.0,106,-107614832.0,-107350944.0,ERR,ERR,ERR,ERR,ERR,ERR,ERR,ERR,ERR,ERR,ERR,ERR,ERR,ERR,ERR,ERR,ERR,ERR,ERR,ERR,ERR,ERR,ERR,ERR,ERR,ERR,ERR,ERR,ERR,ERR,ERR,ERR,ERR,ERR,ERR,ERR,ERR,ERR,ERR,ERR,ERR,ERR,ERR,ERR,ERR,ERR,ERR,ERR,ERR,ERR,ERR,ERR,ERR,ERR,ERR,ERR,ERR,ERR,ERR,ERR,ERR,ERR,ERR,ERR,ERR,ERR,ERR,50.0,60.0,100,0.0,0.0,0.0,0.0,0.0,0.0,0.0,0.0,0.0,0.0,0.0,0.0,0.0,0.0,0.0,0.0,61.6,65,20,65521,50,65476,0,300,0,0,8,20529,65476,0,0,26214,60.0,0.0,0.0,0.0,0.0,0.0
2026-05-17T16:20:40,ERR,ERR,ERR,ERR,ERR,ERR,ERR,ERR,ERR,ERR,ERR,ERR,ERR,ERR,ERR,ERR,ERR,ERR,ERR,ERR,ERR,ERR,ERR,ERR,ERR,ERR,ERR,ERR,ERR,ERR,ERR,ERR,ERR,ERR,ERR,ERR,ERR,ERR,ERR,ERR,ERR,ERR,ERR,ERR,ERR,ERR,ERR,ERR,ERR,ERR,ERR,ERR,ERR,ERR,ERR,ERR,ERR,ERR,ERR,ERR,ERR,ERR,ERR,ERR,ERR,ERR,ERR,ERR,ERR,ERR,ERR,ERR,ERR,ERR,ERR,ERR,ERR,ERR,ERR,ERR,ERR,ERR,ERR,ERR,ERR,ERR,ERR,ERR,ERR,ERR,ERR,ERR,ERR,ERR,ERR,ERR,ERR,ERR,ERR,ERR,ERR,ERR,ERR,ERR,ERR,ERR,ERR,ERR,ERR,ERR,ERR,ERR,ERR,ERR,ERR,ERR,ERR,ERR,ERR,ERR,ERR,ERR,ERR,ERR,ERR,0.0,-107615288.0,-134474944.0,0.0,0.0,1.3936040501711995e+18,7.805,0.0,0,0,4,0,8422,0.0,45,0.0,0.0,0.0,0.0,0.0,0,0,0,0,0.0,0,0,0,0,0,0,0,0,0,0,0,0,0,0,0,0,0,0,0,0,0,0,0,0,0,0,0,0,0,0,0,0,0,38,14,7,45,65476,0,300,0,0,8,21553,0.0,-107605600.0,0.0,0.0,0.0,0.0,0.0,0.0,0.0,0.0,0.0,0.0,0.0,0.0,0.0,0.0,0.0,0.0,0.0,0.0,0.0,0.0,-2.004,-2.004,-0.0,0.0,0.0,0.0,0.0,0.0,5006.0,8608182272.0,0.0,0.0,-107615288.0,0.0,-0.0,0.0,0.0,0.0,0.0,53,1.9056979486756045e+17,0.0,0.0,0.0,0.0,0.0,0.0,0.0,0.0,0,0,0,0.0,0.0,0.0,0.0,0.0,0.0,0.0,0.0,0.0,0.0,0.0,0.0,0.0,0.0,0.0,0.0,0,-107875648.0,53,0.0,106,-107614832.0,-107350944.0,ERR,ERR,ERR,ERR,ERR,ERR,ERR,ERR,ERR,ERR,ERR,ERR,ERR,ERR,ERR,ERR,ERR,ERR,ERR,ERR,ERR,ERR,ERR,ERR,ERR,ERR,ERR,ERR,ERR,ERR,ERR,ERR,ERR,ERR,ERR,ERR,ERR,ERR,ERR,ERR,ERR,ERR,ERR,ERR,ERR,ERR,ERR,ERR,ERR,ERR,ERR,ERR,ERR,ERR,ERR,ERR,ERR,ERR,ERR,ERR,ERR,ERR,ERR,ERR,ERR,ERR,ERR,50.0,60.0,100,0.0,0.0,0.0,0.0,0.0,0.0,0.0,0.0,0.0,0.0,0.0,0.0,0.0,0.0,0.0,0.0,61.6,65,20,65521,50,65476,0,300,0,0,8,20529,65476,0,0,26214,60.0,0.0,0.0,0.0,0.0,0.0
2026-05-17T16:20:41,ERR,ERR,ERR,ERR,ERR,ERR,ERR,ERR,ERR,ERR,ERR,ERR,ERR,ERR,ERR,ERR,ERR,ERR,ERR,ERR,ERR,ERR,ERR,ERR,ERR,ERR,ERR,ERR,ERR,ERR,ERR,ERR,ERR,ERR,ERR,ERR,ERR,ERR,ERR,ERR,ERR,ERR,ERR,ERR,ERR,ERR,ERR,ERR,ERR,ERR,ERR,ERR,ERR,ERR,ERR,ERR,ERR,ERR,ERR,ERR,ERR,ERR,ERR,ERR,ERR,ERR,ERR,ERR,ERR,ERR,ERR,ERR,ERR,ERR,ERR,ERR,ERR,ERR,ERR,ERR,ERR,ERR,ERR,ERR,ERR,ERR,ERR,ERR,ERR,ERR,ERR,ERR,ERR,ERR,ERR,ERR,ERR,ERR,ERR,ERR,ERR,ERR,ERR,ERR,ERR,ERR,ERR,ERR,ERR,ERR,ERR,ERR,ERR,ERR,ERR,ERR,ERR,ERR,ERR,ERR,ERR,ERR,ERR,ERR,ERR,0.0,-107615288.0,-134474944.0,0.0,0.0,1.3936040501711995e+18,7.805,0.0,0,0,4,0,8422,0.0,45,0.0,0.0,0.0,0.0,0.0,0,0,0,0,0.0,0,0,0,0,0,0,0,0,0,0,0,0,0,0,0,0,0,0,0,0,0,0,0,0,0,0,0,0,0,0,0,0,0,38,14,7,45,65476,0,300,0,0,8,21553,0.0,-107605600.0,0.0,0.0,0.0,0.0,0.0,0.0,0.0,0.0,0.0,0.0,0.0,0.0,0.0,0.0,0.0,0.0,0.0,0.0,0.0,0.0,-2.004,-2.004,-0.0,0.0,0.0,0.0,0.0,0.0,5006.0,8608182272.0,0.0,0.0,-107615288.0,0.0,-0.0,0.0,0.0,0.0,0.0,53,1.9056979486756045e+17,0.0,0.0,0.0,0.0,0.0,0.0,0.0,0.0,0,0,0,0.0,0.0,0.0,0.0,0.0,0.0,0.0,0.0,0.0,0.0,0.0,0.0,0.0,0.0,0.0,0.0,0,-107875648.0,53,0.0,106,-107614832.0,-107350944.0,ERR,ERR,ERR,ERR,ERR,ERR,ERR,ERR,ERR,ERR,ERR,ERR,ERR,ERR,ERR,ERR,ERR,ERR,ERR,ERR,ERR,ERR,ERR,ERR,ERR,ERR,ERR,ERR,ERR,ERR,ERR,ERR,ERR,ERR,ERR,ERR,ERR,ERR,ERR,ERR,ERR,ERR,ERR,ERR,ERR,ERR,ERR,ERR,ERR,ERR,ERR,ERR,ERR,ERR,ERR,ERR,ERR,ERR,ERR,ERR,ERR,ERR,ERR,ERR,ERR,ERR,ERR,50.0,60.0,100,0.0,0.0,0.0,0.0,0.0,0.0,0.0,0.0,0.0,0.0,0.0,0.0,0.0,0.0,0.0,0.0,61.6,65,20,65521,50,65476,0,300,0,0,8,20529,65476,0,0,26214,60.0,0.0,0.0,0.0,0.0,0.0
2026-05-17T16:20:42,ERR,ERR,ERR,ERR,ERR,ERR,ERR,ERR,ERR,ERR,ERR,ERR,ERR,ERR,ERR,ERR,ERR,ERR,ERR,ERR,ERR,ERR,ERR,ERR,ERR,ERR,ERR,ERR,ERR,ERR,ERR,ERR,ERR,ERR,ERR,ERR,ERR,ERR,ERR,ERR,ERR,ERR,ERR,ERR,ERR,ERR,ERR,ERR,ERR,ERR,ERR,ERR,ERR,ERR,ERR,ERR,ERR,ERR,ERR,ERR,ERR,ERR,ERR,ERR,ERR,ERR,ERR,ERR,ERR,ERR,ERR,ERR,ERR,ERR,ERR,ERR,ERR,ERR,ERR,ERR,ERR,ERR,ERR,ERR,ERR,ERR,ERR,ERR,ERR,ERR,ERR,ERR,ERR,ERR,ERR,ERR,ERR,ERR,ERR,ERR,ERR,ERR,ERR,ERR,ERR,ERR,ERR,ERR,ERR,ERR,ERR,ERR,ERR,ERR,ERR,ERR,ERR,ERR,ERR,ERR,ERR,ERR,ERR,ERR,ERR,0.0,-107615288.0,-134474944.0,0.0,0.0,1.3936040501711995e+18,7.805,0.0,0,0,4,0,8422,0.0,45,0.0,0.0,0.0,0.0,0.0,0,0,0,0,0.0,0,0,0,0,0,0,0,0,0,0,0,0,0,0,0,0,0,0,0,0,0,0,0,0,0,0,0,0,0,0,0,0,0,38,14,7,45,65476,0,300,0,0,8,21553,0.0,-107605600.0,0.0,0.0,0.0,0.0,0.0,0.0,0.0,0.0,0.0,0.0,0.0,0.0,0.0,0.0,0.0,0.0,0.0,0.0,0.0,0.0,-2.004,-2.004,-0.0,0.0,0.0,0.0,0.0,0.0,5006.0,8608182272.0,0.0,0.0,-107615288.0,0.0,-0.0,0.0,0.0,0.0,0.0,53,1.9056979486756045e+17,0.0,0.0,0.0,0.0,0.0,0.0,0.0,0.0,0,0,0,0.0,0.0,0.0,0.0,0.0,0.0,0.0,0.0,0.0,0.0,0.0,0.0,0.0,0.0,0.0,0.0,0,-107875648.0,53,0.0,106,-107614832.0,-107350944.0,ERR,ERR,ERR,ERR,ERR,ERR,ERR,ERR,ERR,ERR,ERR,ERR,ERR,ERR,ERR,ERR,ERR,ERR,ERR,ERR,ERR,ERR,ERR,ERR,ERR,ERR,ERR,ERR,ERR,ERR,ERR,ERR,ERR,ERR,ERR,ERR,ERR,ERR,ERR,ERR,ERR,ERR,ERR,ERR,ERR,ERR,ERR,ERR,ERR,ERR,ERR,ERR,ERR,ERR,ERR,ERR,ERR,ERR,ERR,ERR,ERR,ERR,ERR,ERR,ERR,ERR,ERR,50.0,60.0,100,0.0,0.0,0.0,0.0,0.0,0.0,0.0,0.0,0.0,0.0,0.0,0.0,0.0,0.0,0.0,0.0,61.6,65,20,65521,50,65476,0,300,0,0,8,20529,65476,0,0,26214,60.0,0.0,0.0,0.0,0.0,0.0
2026-05-17T16:20:43,ERR,ERR,ERR,ERR,ERR,ERR,ERR,ERR,ERR,ERR,ERR,ERR,ERR,ERR,ERR,ERR,ERR,ERR,ERR,ERR,ERR,ERR,ERR,ERR,ERR,ERR,ERR,ERR,ERR,ERR,ERR,ERR,ERR,ERR,ERR,ERR,ERR,ERR,ERR,ERR,ERR,ERR,ERR,ERR,ERR,ERR,ERR,ERR,ERR,ERR,ERR,ERR,ERR,ERR,ERR,ERR,ERR,ERR,ERR,ERR,ERR,ERR,ERR,ERR,ERR,ERR,ERR,ERR,ERR,ERR,ERR,ERR,ERR,ERR,ERR,ERR,ERR,ERR,ERR,ERR,ERR,ERR,ERR,ERR,ERR,ERR,ERR,ERR,ERR,ERR,ERR,ERR,ERR,ERR,ERR,ERR,ERR,ERR,ERR,ERR,ERR,ERR,ERR,ERR,ERR,ERR,ERR,ERR,ERR,ERR,ERR,ERR,ERR,ERR,ERR,ERR,ERR,ERR,ERR,ERR,ERR,ERR,ERR,ERR,ERR,0.0,-107615288.0,-134474944.0,0.0,0.0,1.3936040501711995e+18,7.805,0.0,0,0,4,0,8422,0.0,45,0.0,0.0,0.0,0.0,0.0,0,0,0,0,0.0,0,0,0,0,0,0,0,0,0,0,0,0,0,0,0,0,0,0,0,0,0,0,0,0,0,0,0,0,0,0,0,0,0,38,14,7,45,65476,0,300,0,0,8,21553,0.0,-107605600.0,0.0,0.0,0.0,0.0,0.0,0.0,0.0,0.0,0.0,0.0,0.0,0.0,0.0,0.0,0.0,0.0,0.0,0.0,0.0,0.0,-2.004,-2.004,-0.0,0.0,0.0,0.0,0.0,0.0,5006.0,8608182272.0,0.0,0.0,-107615288.0,0.0,-0.0,0.0,0.0,0.0,0.0,53,1.9056979486756045e+17,0.0,0.0,0.0,0.0,0.0,0.0,0.0,0.0,0,0,0,0.0,0.0,0.0,0.0,0.0,0.0,0.0,0.0,0.0,0.0,0.0,0.0,0.0,0.0,0.0,0.0,0,-107875648.0,53,0.0,106,-107614832.0,-107350944.0,ERR,ERR,ERR,ERR,ERR,ERR,ERR,ERR,ERR,ERR,ERR,ERR,ERR,ERR,ERR,ERR,ERR,ERR,ERR,ERR,ERR,ERR,ERR,ERR,ERR,ERR,ERR,ERR,ERR,ERR,ERR,ERR,ERR,ERR,ERR,ERR,ERR,ERR,ERR,ERR,ERR,ERR,ERR,ERR,ERR,ERR,ERR,ERR,ERR,ERR,ERR,ERR,ERR,ERR,ERR,ERR,ERR,ERR,ERR,ERR,ERR,ERR,ERR,ERR,ERR,ERR,ERR,50.0,60.0,100,0.0,0.0,0.0,0.0,0.0,0.0,0.0,0.0,0.0,0.0,0.0,0.0,0.0,0.0,0.0,0.0,61.6,65,20,65521,50,65476,0,300,0,0,8,20529,65476,0,0,26214,60.0,0.0,0.0,0.0,0.0,0.0
2026-05-17T16:20:44,ERR,ERR,ERR,ERR,ERR,ERR,ERR,ERR,ERR,ERR,ERR,ERR,ERR,ERR,ERR,ERR,ERR,ERR,ERR,ERR,ERR,ERR,ERR,ERR,ERR,ERR,ERR,ERR,ERR,ERR,ERR,ERR,ERR,ERR,ERR,ERR,ERR,ERR,ERR,ERR,ERR,ERR,ERR,ERR,ERR,ERR,ERR,ERR,ERR,ERR,ERR,ERR,ERR,ERR,ERR,ERR,ERR,ERR,ERR,ERR,ERR,ERR,ERR,ERR,ERR,ERR,ERR,ERR,ERR,ERR,ERR,ERR,ERR,ERR,ERR,ERR,ERR,ERR,ERR,ERR,ERR,ERR,ERR,ERR,ERR,ERR,ERR,ERR,ERR,ERR,ERR,ERR,ERR,ERR,ERR,ERR,ERR,ERR,ERR,ERR,ERR,ERR,ERR,ERR,ERR,ERR,ERR,ERR,ERR,ERR,ERR,ERR,ERR,ERR,ERR,ERR,ERR,ERR,ERR,ERR,ERR,ERR,ERR,ERR,ERR,0.0,-107615288.0,-0.0,0.0,0.0,1.3936040501711995e+18,7.805,0.0,0,0,4,0,8422,0.0,45,0.0,0.0,0.0,0.0,0.0,0,0,0,0,0.0,0,0,0,0,0,0,0,0,0,0,0,0,0,0,0,0,0,0,0,0,0,0,0,0,0,0,0,0,0,0,0,0,0,38,14,7,45,65476,0,300,0,0,8,21553,0.0,-107605600.0,0.0,0.0,0.0,0.0,0.0,0.0,0.0,0.0,0.0,0.0,0.0,0.0,0.0,0.0,0.0,0.0,0.0,0.0,0.0,0.0,-2.004,-2.004,-0.0,0.0,0.0,0.0,0.0,0.0,5003.0,3.697186133624698e+19,0.0,0.0,-107615288.0,0.0,-0.0,0.0,0.0,0.0,0.0,53,107615344.0,0.0,0.0,0.0,0.0,0.0,0.0,0.0,0.0,0,0,0,0.0,0.0,0.0,0.0,0.0,0.0,0.0,0.0,0.0,0.0,0.0,0.0,0.0,0.0,0.0,0.0,0,-107875648.0,53,0.0,106,-107614832.0,-107350944.0,ERR,ERR,ERR,ERR,ERR,ERR,ERR,ERR,ERR,ERR,ERR,ERR,ERR,ERR,ERR,ERR,ERR,ERR,ERR,ERR,ERR,ERR,ERR,ERR,ERR,ERR,ERR,ERR,ERR,ERR,ERR,ERR,ERR,ERR,ERR,ERR,ERR,ERR,ERR,ERR,ERR,ERR,ERR,ERR,ERR,ERR,ERR,ERR,ERR,ERR,ERR,ERR,ERR,ERR,ERR,ERR,ERR,ERR,ERR,ERR,ERR,ERR,ERR,ERR,ERR,ERR,ERR,50.0,60.0,100,0.0,0.0,0.0,0.0,0.0,0.0,0.0,0.0,0.0,0.0,0.0,0.0,0.0,0.0,0.0,0.0,61.6,65,20,65521,50,65476,0,300,0,0,8,20529,65476,0,0,26214,60.0,0.0,0.0,0.0,0.0,0.0
2026-05-17T16:20:45,ERR,ERR,ERR,ERR,ERR,ERR,ERR,ERR,ERR,ERR,ERR,ERR,ERR,ERR,ERR,ERR,ERR,ERR,ERR,ERR,ERR,ERR,ERR,ERR,ERR,ERR,ERR,ERR,ERR,ERR,ERR,ERR,ERR,ERR,ERR,ERR,ERR,ERR,ERR,ERR,ERR,ERR,ERR,ERR,ERR,ERR,ERR,ERR,ERR,ERR,ERR,ERR,ERR,ERR,ERR,ERR,ERR,ERR,ERR,ERR,ERR,ERR,ERR,ERR,ERR,ERR,ERR,ERR,ERR,ERR,ERR,ERR,ERR,ERR,ERR,ERR,ERR,ERR,ERR,ERR,ERR,ERR,ERR,ERR,ERR,ERR,ERR,ERR,ERR,ERR,ERR,ERR,ERR,ERR,ERR,ERR,ERR,ERR,ERR,ERR,ERR,ERR,ERR,ERR,ERR,ERR,ERR,ERR,ERR,ERR,ERR,ERR,ERR,ERR,ERR,ERR,ERR,ERR,ERR,ERR,ERR,ERR,ERR,ERR,ERR,0.0,-107615288.0,-0.0,0.0,0.0,1.3936040501711995e+18,7.805,0.0,0,0,4,0,8422,0.0,45,0.0,0.0,0.0,0.0,0.0,0,0,0,0,0.0,0,0,0,0,0,0,0,0,0,0,0,0,0,0,0,0,0,0,0,0,0,0,0,0,0,0,0,0,0,0,0,0,0,38,14,7,45,65476,0,300,0,0,8,21553,0.0,-107605600.0,0.0,0.0,0.0,0.0,0.0,0.0,0.0,0.0,0.0,0.0,0.0,0.0,0.0,0.0,0.0,0.0,0.0,0.0,0.0,0.0,-2.004,-2.004,-0.0,0.0,0.0,0.0,0.0,0.0,5003.0,3.697186133624698e+19,0.0,0.0,-107615288.0,0.0,-0.0,0.0,0.0,0.0,0.0,53,107615344.0,0.0,0.0,0.0,0.0,0.0,0.0,0.0,0.0,0,0,0,0.0,0.0,0.0,0.0,0.0,0.0,0.0,0.0,0.0,0.0,0.0,0.0,0.0,0.0,0.0,0.0,0,-107875648.0,53,0.0,106,-107614832.0,-107350944.0,ERR,ERR,ERR,ERR,ERR,ERR,ERR,ERR,ERR,ERR,ERR,ERR,ERR,ERR,ERR,ERR,ERR,ERR,ERR,ERR,ERR,ERR,ERR,ERR,ERR,ERR,ERR,ERR,ERR,ERR,ERR,ERR,ERR,ERR,ERR,ERR,ERR,ERR,ERR,ERR,ERR,ERR,ERR,ERR,ERR,ERR,ERR,ERR,ERR,ERR,ERR,ERR,ERR,ERR,ERR,ERR,ERR,ERR,ERR,ERR,ERR,ERR,ERR,ERR,ERR,ERR,ERR,50.0,60.0,100,0.0,0.0,0.0,0.0,0.0,0.0,0.0,0.0,0.0,0.0,0.0,0.0,0.0,0.0,0.0,0.0,61.6,65,20,65521,50,65476,0,300,0,0,8,20529,65476,0,0,26214,60.0,0.0,0.0,0.0,0.0,0.0
2026-05-17T16:20:46,ERR,ERR,ERR,ERR,ERR,ERR,ERR,ERR,ERR,ERR,ERR,ERR,ERR,ERR,ERR,ERR,ERR,ERR,ERR,ERR,ERR,ERR,ERR,ERR,ERR,ERR,ERR,ERR,ERR,ERR,ERR,ERR,ERR,ERR,ERR,ERR,ERR,ERR,ERR,ERR,ERR,ERR,ERR,ERR,ERR,ERR,ERR,ERR,ERR,ERR,ERR,ERR,ERR,ERR,ERR,ERR,ERR,ERR,ERR,ERR,ERR,ERR,ERR,ERR,ERR,ERR,ERR,ERR,ERR,ERR,ERR,ERR,ERR,ERR,ERR,ERR,ERR,ERR,ERR,ERR,ERR,ERR,ERR,ERR,ERR,ERR,ERR,ERR,ERR,ERR,ERR,ERR,ERR,ERR,ERR,ERR,ERR,ERR,ERR,ERR,ERR,ERR,ERR,ERR,ERR,ERR,ERR,ERR,ERR,ERR,ERR,ERR,ERR,ERR,ERR,ERR,ERR,ERR,ERR,ERR,ERR,ERR,ERR,ERR,ERR,0.0,-107615288.0,-0.0,0.0,0.0,1.3936040501711995e+18,7.805,0.0,0,0,4,0,8422,0.0,45,0.0,0.0,0.0,0.0,0.0,0,0,0,0,0.0,0,0,0,0,0,0,0,0,0,0,0,0,0,0,0,0,0,0,0,0,0,0,0,0,0,0,0,0,0,0,0,0,0,38,14,7,45,65476,0,300,0,0,8,21553,0.0,-107605600.0,0.0,0.0,0.0,0.0,0.0,0.0,0.0,0.0,0.0,0.0,0.0,0.0,0.0,0.0,0.0,0.0,0.0,0.0,0.0,0.0,-2.004,-2.004,-0.0,0.0,0.0,0.0,0.0,0.0,5003.0,3.697186133624698e+19,0.0,0.0,-107615288.0,0.0,-0.0,0.0,0.0,0.0,0.0,53,107615344.0,0.0,0.0,0.0,0.0,0.0,0.0,0.0,0.0,0,0,0,0.0,0.0,0.0,0.0,0.0,0.0,0.0,0.0,0.0,0.0,0.0,0.0,0.0,0.0,0.0,0.0,0,-107875648.0,53,0.0,106,-107614832.0,-107350944.0,ERR,ERR,ERR,ERR,ERR,ERR,ERR,ERR,ERR,ERR,ERR,ERR,ERR,ERR,ERR,ERR,ERR,ERR,ERR,ERR,ERR,ERR,ERR,ERR,ERR,ERR,ERR,ERR,ERR,ERR,ERR,ERR,ERR,ERR,ERR,ERR,ERR,ERR,ERR,ERR,ERR,ERR,ERR,ERR,ERR,ERR,ERR,ERR,ERR,ERR,ERR,ERR,ERR,ERR,ERR,ERR,ERR,ERR,ERR,ERR,ERR,ERR,ERR,ERR,ERR,ERR,ERR,50.0,60.0,100,0.0,0.0,0.0,0.0,0.0,0.0,0.0,0.0,0.0,0.0,0.0,0.0,0.0,0.0,0.0,0.0,61.6,65,20,65521,50,65476,0,300,0,0,8,20529,65476,0,0,26214,60.0,0.0,0.0,0.0,0.0,0.0
2026-05-17T16:20:47,ERR,ERR,ERR,ERR,ERR,ERR,ERR,ERR,ERR,ERR,ERR,ERR,ERR,ERR,ERR,ERR,ERR,ERR,ERR,ERR,ERR,ERR,ERR,ERR,ERR,ERR,ERR,ERR,ERR,ERR,ERR,ERR,ERR,ERR,ERR,ERR,ERR,ERR,ERR,ERR,ERR,ERR,ERR,ERR,ERR,ERR,ERR,ERR,ERR,ERR,ERR,ERR,ERR,ERR,ERR,ERR,ERR,ERR,ERR,ERR,ERR,ERR,ERR,ERR,ERR,ERR,ERR,ERR,ERR,ERR,ERR,ERR,ERR,ERR,ERR,ERR,ERR,ERR,ERR,ERR,ERR,ERR,ERR,ERR,ERR,ERR,ERR,ERR,ERR,ERR,ERR,ERR,ERR,ERR,ERR,ERR,ERR,ERR,ERR,ERR,ERR,ERR,ERR,ERR,ERR,ERR,ERR,ERR,ERR,ERR,ERR,ERR,ERR,ERR,ERR,ERR,ERR,ERR,ERR,ERR,ERR,ERR,ERR,ERR,ERR,0.0,-107615288.0,-0.0,0.0,0.0,1.3936040501711995e+18,7.805,0.0,0,0,4,0,8422,0.0,45,0.0,0.0,0.0,0.0,0.0,0,0,0,0,0.0,0,0,0,0,0,0,0,0,0,0,0,0,0,0,0,0,0,0,0,0,0,0,0,0,0,0,0,0,0,0,0,0,0,38,14,7,45,65476,0,300,0,0,8,21553,0.0,-107605600.0,0.0,0.0,0.0,0.0,0.0,0.0,0.0,0.0,0.0,0.0,0.0,0.0,0.0,0.0,0.0,0.0,0.0,0.0,0.0,0.0,-2.004,-2.004,-0.0,0.0,0.0,0.0,0.0,0.0,5003.0,3.697186133624698e+19,0.0,0.0,-107615288.0,0.0,-0.0,0.0,0.0,0.0,0.0,53,107615344.0,0.0,0.0,0.0,0.0,0.0,0.0,0.0,0.0,0,0,0,0.0,0.0,0.0,0.0,0.0,0.0,0.0,0.0,0.0,0.0,0.0,0.0,0.0,0.0,0.0,0.0,0,-107875648.0,53,0.0,106,-107614832.0,-107350944.0,ERR,ERR,ERR,ERR,ERR,ERR,ERR,ERR,ERR,ERR,ERR,ERR,ERR,ERR,ERR,ERR,ERR,ERR,ERR,ERR,ERR,ERR,ERR,ERR,ERR,ERR,ERR,ERR,ERR,ERR,ERR,ERR,ERR,ERR,ERR,ERR,ERR,ERR,ERR,ERR,ERR,ERR,ERR,ERR,ERR,ERR,ERR,ERR,ERR,ERR,ERR,ERR,ERR,ERR,ERR,ERR,ERR,ERR,ERR,ERR,ERR,ERR,ERR,ERR,ERR,ERR,ERR,50.0,60.0,100,0.0,0.0,0.0,0.0,0.0,0.0,0.0,0.0,0.0,0.0,0.0,0.0,0.0,0.0,0.0,0.0,61.6,65,20,65521,50,65476,0,300,0,0,8,20529,65476,0,0,26214,60.0,0.0,0.0,0.0,0.0,0.0
2026-05-17T16:20:48,ERR,ERR,ERR,ERR,ERR,ERR,ERR,ERR,ERR,ERR,ERR,ERR,ERR,ERR,ERR,ERR,ERR,ERR,ERR,ERR,ERR,ERR,ERR,ERR,ERR,ERR,ERR,ERR,ERR,ERR,ERR,ERR,ERR,ERR,ERR,ERR,ERR,ERR,ERR,ERR,ERR,ERR,ERR,ERR,ERR,ERR,ERR,ERR,ERR,ERR,ERR,ERR,ERR,ERR,ERR,ERR,ERR,ERR,ERR,ERR,ERR,ERR,ERR,ERR,ERR,ERR,ERR,ERR,ERR,ERR,ERR,ERR,ERR,ERR,ERR,ERR,ERR,ERR,ERR,ERR,ERR,ERR,ERR,ERR,ERR,ERR,ERR,ERR,ERR,ERR,ERR,ERR,ERR,ERR,ERR,ERR,ERR,ERR,ERR,ERR,ERR,ERR,ERR,ERR,ERR,ERR,ERR,ERR,ERR,ERR,ERR,ERR,ERR,ERR,ERR,ERR,ERR,ERR,ERR,ERR,ERR,ERR,ERR,ERR,ERR,0.0,-107615288.0,-0.0,0.0,0.0,1.3936040501711995e+18,7.805,0.0,0,0,4,0,8422,0.0,45,0.0,0.0,0.0,0.0,0.0,0,0,0,0,0.0,0,0,0,0,0,0,0,0,0,0,0,0,0,0,0,0,0,0,0,0,0,0,0,0,0,0,0,0,0,0,0,0,0,38,14,7,45,65476,0,300,0,0,8,21553,0.0,-107605600.0,0.0,0.0,0.0,0.0,0.0,0.0,0.0,0.0,0.0,0.0,0.0,0.0,0.0,0.0,0.0,0.0,0.0,0.0,0.0,0.0,-2.004,-2.004,-0.0,0.0,0.0,0.0,0.0,0.0,5003.0,3.697186133624698e+19,0.0,0.0,-107615288.0,0.0,-0.0,0.0,0.0,0.0,0.0,53,107615344.0,0.0,0.0,0.0,0.0,0.0,0.0,0.0,0.0,0,0,0,0.0,0.0,0.0,0.0,0.0,0.0,0.0,0.0,0.0,0.0,0.0,0.0,0.0,0.0,0.0,0.0,0,-107875648.0,53,0.0,106,-107614832.0,-107350944.0,ERR,ERR,ERR,ERR,ERR,ERR,ERR,ERR,ERR,ERR,ERR,ERR,ERR,ERR,ERR,ERR,ERR,ERR,ERR,ERR,ERR,ERR,ERR,ERR,ERR,ERR,ERR,ERR,ERR,ERR,ERR,ERR,ERR,ERR,ERR,ERR,ERR,ERR,ERR,ERR,ERR,ERR,ERR,ERR,ERR,ERR,ERR,ERR,ERR,ERR,ERR,ERR,ERR,ERR,ERR,ERR,ERR,ERR,ERR,ERR,ERR,ERR,ERR,ERR,ERR,ERR,ERR,50.0,60.0,100,0.0,0.0,0.0,0.0,0.0,0.0,0.0,0.0,0.0,0.0,0.0,0.0,0.0,0.0,0.0,0.0,61.6,65,20,65521,50,65476,0,300,0,0,8,20529,65476,0,0,26214,60.0,0.0,0.0,0.0,0.0,0.0
2026-05-17T16:20:49,ERR,ERR,ERR,ERR,ERR,ERR,ERR,ERR,ERR,ERR,ERR,ERR,ERR,ERR,ERR,ERR,ERR,ERR,ERR,ERR,ERR,ERR,ERR,ERR,ERR,ERR,ERR,ERR,ERR,ERR,ERR,ERR,ERR,ERR,ERR,ERR,ERR,ERR,ERR,ERR,ERR,ERR,ERR,ERR,ERR,ERR,ERR,ERR,ERR,ERR,ERR,ERR,ERR,ERR,ERR,ERR,ERR,ERR,ERR,ERR,ERR,ERR,ERR,ERR,ERR,ERR,ERR,ERR,ERR,ERR,ERR,ERR,ERR,ERR,ERR,ERR,ERR,ERR,ERR,ERR,ERR,ERR,ERR,ERR,ERR,ERR,ERR,ERR,ERR,ERR,ERR,ERR,ERR,ERR,ERR,ERR,ERR,ERR,ERR,ERR,ERR,ERR,ERR,ERR,ERR,ERR,ERR,ERR,ERR,ERR,ERR,ERR,ERR,ERR,ERR,ERR,ERR,ERR,ERR,ERR,ERR,ERR,ERR,ERR,ERR,0.0,-107615288.0,-134474944.0,0.0,0.0,1.3936040501711995e+18,7.805,0.0,0,0,4,0,8422,0.0,45,0.0,0.0,0.0,0.0,0.0,0,0,0,0,0.0,0,0,0,0,0,0,0,0,0,0,0,0,0,0,0,0,0,0,0,0,0,0,0,0,0,0,0,0,0,0,0,0,0,38,14,7,45,65476,0,300,0,0,8,21553,0.0,-107605600.0,0.0,0.0,0.0,0.0,0.0,0.0,0.0,0.0,0.0,0.0,0.0,0.0,0.0,0.0,0.0,0.0,0.0,0.0,0.0,0.0,0.0,-2.004,-0.0,0.0,0.0,0.0,0.0,0.0,5004.0,-0.0,0.0,0.0,-107615288.0,0.0,-0.0,0.0,0.0,0.0,0.0,53,89221.109,-0.0,0.0,0.0,0.0,0.0,0.0,0.0,0.0,0,0,0,0.0,0.0,0.0,0.0,0.0,0.0,0.0,0.0,0.0,0.0,0.0,0.0,0.0,0.0,0.0,0.0,0,-107875648.0,53,0.0,106,-107614832.0,-107350944.0,ERR,ERR,ERR,ERR,ERR,ERR,ERR,ERR,ERR,ERR,ERR,ERR,ERR,ERR,ERR,ERR,ERR,ERR,ERR,ERR,ERR,ERR,ERR,ERR,ERR,ERR,ERR,ERR,ERR,ERR,ERR,ERR,ERR,ERR,ERR,ERR,ERR,ERR,ERR,ERR,ERR,ERR,ERR,ERR,ERR,ERR,ERR,ERR,ERR,ERR,ERR,ERR,ERR,ERR,ERR,ERR,ERR,ERR,ERR,ERR,ERR,ERR,ERR,ERR,ERR,ERR,ERR,50.0,60.0,100,0.0,0.0,0.0,0.0,0.0,0.0,0.0,0.0,0.0,0.0,0.0,0.0,0.0,0.0,0.0,0.0,61.6,65,20,65521,50,65476,0,300,0,0,8,20529,65476,0,0,26214,60.0,0.0,0.0,0.0,0.0,0.0
2026-05-17T16:20:50,ERR,ERR,ERR,ERR,ERR,ERR,ERR,ERR,ERR,ERR,ERR,ERR,ERR,ERR,ERR,ERR,ERR,ERR,ERR,ERR,ERR,ERR,ERR,ERR,ERR,ERR,ERR,ERR,ERR,ERR,ERR,ERR,ERR,ERR,ERR,ERR,ERR,ERR,ERR,ERR,ERR,ERR,ERR,ERR,ERR,ERR,ERR,ERR,ERR,ERR,ERR,ERR,ERR,ERR,ERR,ERR,ERR,ERR,ERR,ERR,ERR,ERR,ERR,ERR,ERR,ERR,ERR,ERR,ERR,ERR,ERR,ERR,ERR,ERR,ERR,ERR,ERR,ERR,ERR,ERR,ERR,ERR,ERR,ERR,ERR,ERR,ERR,ERR,ERR,ERR,ERR,ERR,ERR,ERR,ERR,ERR,ERR,ERR,ERR,ERR,ERR,ERR,ERR,ERR,ERR,ERR,ERR,ERR,ERR,ERR,ERR,ERR,ERR,ERR,ERR,ERR,ERR,ERR,ERR,ERR,ERR,ERR,ERR,ERR,ERR,0.0,-107615288.0,-134474944.0,0.0,0.0,1.3936040501711995e+18,7.805,0.0,0,0,4,0,8422,0.0,45,0.0,0.0,0.0,0.0,0.0,0,0,0,0,0.0,0,0,0,0,0,0,0,0,0,0,0,0,0,0,0,0,0,0,0,0,0,0,0,0,0,0,0,0,0,0,0,0,0,38,14,7,45,65476,0,300,0,0,8,21553,0.0,-107605600.0,0.0,0.0,0.0,0.0,0.0,0.0,0.0,0.0,0.0,0.0,0.0,0.0,0.0,0.0,0.0,0.0,0.0,0.0,0.0,0.0,0.0,-2.004,-0.0,0.0,0.0,0.0,0.0,0.0,5004.0,-0.0,0.0,0.0,-107615288.0,0.0,-0.0,0.0,0.0,0.0,0.0,53,89221.109,-0.0,0.0,0.0,0.0,0.0,0.0,0.0,0.0,0,0,0,0.0,0.0,0.0,0.0,0.0,0.0,0.0,0.0,0.0,0.0,0.0,0.0,0.0,0.0,0.0,0.0,0,-107875648.0,53,0.0,106,-107614832.0,-107350944.0,ERR,ERR,ERR,ERR,ERR,ERR,ERR,ERR,ERR,ERR,ERR,ERR,ERR,ERR,ERR,ERR,ERR,ERR,ERR,ERR,ERR,ERR,ERR,ERR,ERR,ERR,ERR,ERR,ERR,ERR,ERR,ERR,ERR,ERR,ERR,ERR,ERR,ERR,ERR,ERR,ERR,ERR,ERR,ERR,ERR,ERR,ERR,ERR,ERR,ERR,ERR,ERR,ERR,ERR,ERR,ERR,ERR,ERR,ERR,ERR,ERR,ERR,ERR,ERR,ERR,ERR,ERR,50.0,60.0,100,0.0,0.0,0.0,0.0,0.0,0.0,0.0,0.0,0.0,0.0,0.0,0.0,0.0,0.0,0.0,0.0,61.6,65,20,65521,50,65476,0,300,0,0,8,20529,65476,0,0,26214,60.0,0.0,0.0,0.0,0.0,0.0
2026-05-17T16:20:51,ERR,ERR,ERR,ERR,ERR,ERR,ERR,ERR,ERR,ERR,ERR,ERR,ERR,ERR,ERR,ERR,ERR,ERR,ERR,ERR,ERR,ERR,ERR,ERR,ERR,ERR,ERR,ERR,ERR,ERR,ERR,ERR,ERR,ERR,ERR,ERR,ERR,ERR,ERR,ERR,ERR,ERR,ERR,ERR,ERR,ERR,ERR,ERR,ERR,ERR,ERR,ERR,ERR,ERR,ERR,ERR,ERR,ERR,ERR,ERR,ERR,ERR,ERR,ERR,ERR,ERR,ERR,ERR,ERR,ERR,ERR,ERR,ERR,ERR,ERR,ERR,ERR,ERR,ERR,ERR,ERR,ERR,ERR,ERR,ERR,ERR,ERR,ERR,ERR,ERR,ERR,ERR,ERR,ERR,ERR,ERR,ERR,ERR,ERR,ERR,ERR,ERR,ERR,ERR,ERR,ERR,ERR,ERR,ERR,ERR,ERR,ERR,ERR,ERR,ERR,ERR,ERR,ERR,ERR,ERR,ERR,ERR,ERR,ERR,ERR,0.0,-107615288.0,-134474944.0,0.0,0.0,1.3936040501711995e+18,7.805,0.0,0,0,4,0,8422,0.0,45,0.0,0.0,0.0,0.0,0.0,0,0,0,0,0.0,0,0,0,0,0,0,0,0,0,0,0,0,0,0,0,0,0,0,0,0,0,0,0,0,0,0,0,0,0,0,0,0,0,38,14,7,45,65476,0,300,0,0,8,21553,0.0,-107605600.0,0.0,0.0,0.0,0.0,0.0,0.0,0.0,0.0,0.0,0.0,0.0,0.0,0.0,0.0,0.0,0.0,0.0,0.0,0.0,0.0,0.0,-2.004,-0.0,0.0,0.0,0.0,0.0,0.0,5004.0,-0.0,0.0,0.0,-107615288.0,0.0,-0.0,0.0,0.0,0.0,0.0,53,89221.109,-0.0,0.0,0.0,0.0,0.0,0.0,0.0,0.0,0,0,0,0.0,0.0,0.0,0.0,0.0,0.0,0.0,0.0,0.0,0.0,0.0,0.0,0.0,0.0,0.0,0.0,0,-107875648.0,53,0.0,106,-107614832.0,-107350944.0,ERR,ERR,ERR,ERR,ERR,ERR,ERR,ERR,ERR,ERR,ERR,ERR,ERR,ERR,ERR,ERR,ERR,ERR,ERR,ERR,ERR,ERR,ERR,ERR,ERR,ERR,ERR,ERR,ERR,ERR,ERR,ERR,ERR,ERR,ERR,ERR,ERR,ERR,ERR,ERR,ERR,ERR,ERR,ERR,ERR,ERR,ERR,ERR,ERR,ERR,ERR,ERR,ERR,ERR,ERR,ERR,ERR,ERR,ERR,ERR,ERR,ERR,ERR,ERR,ERR,ERR,ERR,50.0,60.0,100,0.0,0.0,0.0,0.0,0.0,0.0,0.0,0.0,0.0,0.0,0.0,0.0,0.0,0.0,0.0,0.0,61.6,65,20,65521,50,65476,0,300,0,0,8,20529,65476,0,0,26214,60.0,0.0,0.0,0.0,0.0,0.0
2026-05-17T16:20:52,ERR,ERR,ERR,ERR,ERR,ERR,ERR,ERR,ERR,ERR,ERR,ERR,ERR,ERR,ERR,ERR,ERR,ERR,ERR,ERR,ERR,ERR,ERR,ERR,ERR,ERR,ERR,ERR,ERR,ERR,ERR,ERR,ERR,ERR,ERR,ERR,ERR,ERR,ERR,ERR,ERR,ERR,ERR,ERR,ERR,ERR,ERR,ERR,ERR,ERR,ERR,ERR,ERR,ERR,ERR,ERR,ERR,ERR,ERR,ERR,ERR,ERR,ERR,ERR,ERR,ERR,ERR,ERR,ERR,ERR,ERR,ERR,ERR,ERR,ERR,ERR,ERR,ERR,ERR,ERR,ERR,ERR,ERR,ERR,ERR,ERR,ERR,ERR,ERR,ERR,ERR,ERR,ERR,ERR,ERR,ERR,ERR,ERR,ERR,ERR,ERR,ERR,ERR,ERR,ERR,ERR,ERR,ERR,ERR,ERR,ERR,ERR,ERR,ERR,ERR,ERR,ERR,ERR,ERR,ERR,ERR,ERR,ERR,ERR,ERR,0.0,-107615288.0,-134474944.0,0.0,0.0,1.3936040501711995e+18,7.805,0.0,0,0,4,0,8422,0.0,45,0.0,0.0,0.0,0.0,0.0,0,0,0,0,0.0,0,0,0,0,0,0,0,0,0,0,0,0,0,0,0,0,0,0,0,0,0,0,0,0,0,0,0,0,0,0,0,0,0,38,14,7,45,65476,0,300,0,0,8,21553,0.0,-107605600.0,0.0,0.0,0.0,0.0,0.0,0.0,0.0,0.0,0.0,0.0,0.0,0.0,0.0,0.0,0.0,0.0,0.0,0.0,0.0,0.0,0.0,-2.004,-0.0,0.0,0.0,0.0,0.0,0.0,5004.0,-0.0,0.0,0.0,-107615288.0,0.0,-0.0,0.0,0.0,0.0,0.0,53,89221.109,-0.0,0.0,0.0,0.0,0.0,0.0,0.0,0.0,0,0,0,0.0,0.0,0.0,0.0,0.0,0.0,0.0,0.0,0.0,0.0,0.0,0.0,0.0,0.0,0.0,0.0,0,-107875648.0,53,0.0,106,-107614832.0,-107350944.0,ERR,ERR,ERR,ERR,ERR,ERR,ERR,ERR,ERR,ERR,ERR,ERR,ERR,ERR,ERR,ERR,ERR,ERR,ERR,ERR,ERR,ERR,ERR,ERR,ERR,ERR,ERR,ERR,ERR,ERR,ERR,ERR,ERR,ERR,ERR,ERR,ERR,ERR,ERR,ERR,ERR,ERR,ERR,ERR,ERR,ERR,ERR,ERR,ERR,ERR,ERR,ERR,ERR,ERR,ERR,ERR,ERR,ERR,ERR,ERR,ERR,ERR,ERR,ERR,ERR,ERR,ERR,50.0,60.0,100,0.0,0.0,0.0,0.0,0.0,0.0,0.0,0.0,0.0,0.0,0.0,0.0,0.0,0.0,0.0,0.0,61.6,65,20,65521,50,65476,0,300,0,0,8,20529,65476,0,0,26214,60.0,0.0,0.0,0.0,0.0,0.0
2026-05-17T16:20:53,ERR,ERR,ERR,ERR,ERR,ERR,ERR,ERR,ERR,ERR,ERR,ERR,ERR,ERR,ERR,ERR,ERR,ERR,ERR,ERR,ERR,ERR,ERR,ERR,ERR,ERR,ERR,ERR,ERR,ERR,ERR,ERR,ERR,ERR,ERR,ERR,ERR,ERR,ERR,ERR,ERR,ERR,ERR,ERR,ERR,ERR,ERR,ERR,ERR,ERR,ERR,ERR,ERR,ERR,ERR,ERR,ERR,ERR,ERR,ERR,ERR,ERR,ERR,ERR,ERR,ERR,ERR,ERR,ERR,ERR,ERR,ERR,ERR,ERR,ERR,ERR,ERR,ERR,ERR,ERR,ERR,ERR,ERR,ERR,ERR,ERR,ERR,ERR,ERR,ERR,ERR,ERR,ERR,ERR,ERR,ERR,ERR,ERR,ERR,ERR,ERR,ERR,ERR,ERR,ERR,ERR,ERR,ERR,ERR,ERR,ERR,ERR,ERR,ERR,ERR,ERR,ERR,ERR,ERR,ERR,ERR,ERR,ERR,ERR,ERR,0.0,-107615288.0,-134474944.0,0.0,0.0,1.3936040501711995e+18,7.805,0.0,0,0,4,0,8422,0.0,45,0.0,0.0,0.0,0.0,0.0,0,0,0,0,0.0,0,0,0,0,0,0,0,0,0,0,0,0,0,0,0,0,0,0,0,0,0,0,0,0,0,0,0,0,0,0,0,0,0,38,14,7,45,65476,0,300,0,0,8,21553,0.0,-107605600.0,0.0,0.0,0.0,0.0,0.0,0.0,0.0,0.0,0.0,0.0,0.0,0.0,0.0,0.0,0.0,0.0,0.0,0.0,0.0,0.0,0.0,-2.004,-0.0,0.0,0.0,0.0,0.0,0.0,5004.0,-0.0,0.0,0.0,-107615288.0,0.0,-0.0,0.0,0.0,0.0,0.0,53,89221.109,-0.0,0.0,0.0,0.0,0.0,0.0,0.0,0.0,0,0,0,0.0,0.0,0.0,0.0,0.0,0.0,0.0,0.0,0.0,0.0,0.0,0.0,0.0,0.0,0.0,0.0,0,-107875648.0,53,0.0,106,-107614832.0,-107350944.0,ERR,ERR,ERR,ERR,ERR,ERR,ERR,ERR,ERR,ERR,ERR,ERR,ERR,ERR,ERR,ERR,ERR,ERR,ERR,ERR,ERR,ERR,ERR,ERR,ERR,ERR,ERR,ERR,ERR,ERR,ERR,ERR,ERR,ERR,ERR,ERR,ERR,ERR,ERR,ERR,ERR,ERR,ERR,ERR,ERR,ERR,ERR,ERR,ERR,ERR,ERR,ERR,ERR,ERR,ERR,ERR,ERR,ERR,ERR,ERR,ERR,ERR,ERR,ERR,ERR,ERR,ERR,50.0,60.0,100,0.0,0.0,0.0,0.0,0.0,0.0,0.0,0.0,0.0,0.0,0.0,0.0,0.0,0.0,0.0,0.0,61.6,65,20,65521,50,65476,0,300,0,0,8,20529,65476,0,0,26214,60.0,0.0,0.0,0.0,0.0,0.0
2026-05-17T16:20:54,ERR,ERR,ERR,ERR,ERR,ERR,ERR,ERR,ERR,ERR,ERR,ERR,ERR,ERR,ERR,ERR,ERR,ERR,ERR,ERR,ERR,ERR,ERR,ERR,ERR,ERR,ERR,ERR,ERR,ERR,ERR,ERR,ERR,ERR,ERR,ERR,ERR,ERR,ERR,ERR,ERR,ERR,ERR,ERR,ERR,ERR,ERR,ERR,ERR,ERR,ERR,ERR,ERR,ERR,ERR,ERR,ERR,ERR,ERR,ERR,ERR,ERR,ERR,ERR,ERR,ERR,ERR,ERR,ERR,ERR,ERR,ERR,ERR,ERR,ERR,ERR,ERR,ERR,ERR,ERR,ERR,ERR,ERR,ERR,ERR,ERR,ERR,ERR,ERR,ERR,ERR,ERR,ERR,ERR,ERR,ERR,ERR,ERR,ERR,ERR,ERR,ERR,ERR,ERR,ERR,ERR,ERR,ERR,ERR,ERR,ERR,ERR,ERR,ERR,ERR,ERR,ERR,ERR,ERR,ERR,ERR,ERR,ERR,ERR,ERR,0.0,-107615288.0,-0.0,0.0,0.0,1.3936040501711995e+18,7.805,0.0,0,0,4,0,8422,0.0,45,0.0,0.0,0.0,0.0,0.0,0,0,0,0,0.0,0,0,0,0,0,0,0,0,0,0,0,0,0,0,0,0,0,0,0,0,0,0,0,0,0,0,0,0,0,0,0,0,0,38,14,7,45,65476,0,300,0,0,8,21553,0.0,-107605600.0,0.0,0.0,0.0,0.0,0.0,0.0,0.0,0.0,0.0,0.0,0.0,0.0,0.0,0.0,0.0,0.0,0.0,0.0,0.0,0.0,-2.004,-2.004,-0.0,0.0,0.0,0.0,0.0,0.0,5038.0,0.0,0.0,0.0,-107615288.0,0.0,-0.0,0.0,0.0,0.0,0.0,53,126841110528.0,0.059,0.0,0.0,0.0,0.0,0.0,0.0,0.0,0,0,0,0.0,0.0,0.0,0.0,0.0,0.0,0.0,0.0,0.0,0.0,0.0,0.0,0.0,0.0,0.0,0.0,0,-107875648.0,53,0.0,106,-107614832.0,-107350944.0,ERR,ERR,ERR,ERR,ERR,ERR,ERR,ERR,ERR,ERR,ERR,ERR,ERR,ERR,ERR,ERR,ERR,ERR,ERR,ERR,ERR,ERR,ERR,ERR,ERR,ERR,ERR,ERR,ERR,ERR,ERR,ERR,ERR,ERR,ERR,ERR,ERR,ERR,ERR,ERR,ERR,ERR,ERR,ERR,ERR,ERR,ERR,ERR,ERR,ERR,ERR,ERR,ERR,ERR,ERR,ERR,ERR,ERR,ERR,ERR,ERR,ERR,ERR,ERR,ERR,ERR,ERR,50.0,60.0,100,0.0,0.0,0.0,0.0,0.0,0.0,0.0,0.0,0.0,0.0,0.0,0.0,0.0,0.0,0.0,0.0,62.0,65,20,65521,50,65476,0,300,0,0,8,20529,65476,0,0,26214,60.0,0.0,0.0,0.0,0.0,0.0
2026-05-17T16:20:55,ERR,ERR,ERR,ERR,ERR,ERR,ERR,ERR,ERR,ERR,ERR,ERR,ERR,ERR,ERR,ERR,ERR,ERR,ERR,ERR,ERR,ERR,ERR,ERR,ERR,ERR,ERR,ERR,ERR,ERR,ERR,ERR,ERR,ERR,ERR,ERR,ERR,ERR,ERR,ERR,ERR,ERR,ERR,ERR,ERR,ERR,ERR,ERR,ERR,ERR,ERR,ERR,ERR,ERR,ERR,ERR,ERR,ERR,ERR,ERR,ERR,ERR,ERR,ERR,ERR,ERR,ERR,ERR,ERR,ERR,ERR,ERR,ERR,ERR,ERR,ERR,ERR,ERR,ERR,ERR,ERR,ERR,ERR,ERR,ERR,ERR,ERR,ERR,ERR,ERR,ERR,ERR,ERR,ERR,ERR,ERR,ERR,ERR,ERR,ERR,ERR,ERR,ERR,ERR,ERR,ERR,ERR,ERR,ERR,ERR,ERR,ERR,ERR,ERR,ERR,ERR,ERR,ERR,ERR,ERR,ERR,ERR,ERR,ERR,ERR,0.0,-107615288.0,-0.0,0.0,0.0,1.3936040501711995e+18,7.805,0.0,0,0,4,0,8422,0.0,45,0.0,0.0,0.0,0.0,0.0,0,0,0,0,0.0,0,0,0,0,0,0,0,0,0,0,0,0,0,0,0,0,0,0,0,0,0,0,0,0,0,0,0,0,0,0,0,0,0,38,14,7,45,65476,0,300,0,0,8,21553,0.0,-107605600.0,0.0,0.0,0.0,0.0,0.0,0.0,0.0,0.0,0.0,0.0,0.0,0.0,0.0,0.0,0.0,0.0,0.0,0.0,0.0,0.0,-2.004,-2.004,-0.0,0.0,0.0,0.0,0.0,0.0,5038.0,0.0,0.0,0.0,-107615288.0,0.0,-0.0,0.0,0.0,0.0,0.0,53,126841110528.0,0.059,0.0,0.0,0.0,0.0,0.0,0.0,0.0,0,0,0,0.0,0.0,0.0,0.0,0.0,0.0,0.0,0.0,0.0,0.0,0.0,0.0,0.0,0.0,0.0,0.0,0,-107875648.0,53,0.0,106,-107614832.0,-107350944.0,ERR,ERR,ERR,ERR,ERR,ERR,ERR,ERR,ERR,ERR,ERR,ERR,ERR,ERR,ERR,ERR,ERR,ERR,ERR,ERR,ERR,ERR,ERR,ERR,ERR,ERR,ERR,ERR,ERR,ERR,ERR,ERR,ERR,ERR,ERR,ERR,ERR,ERR,ERR,ERR,ERR,ERR,ERR,ERR,ERR,ERR,ERR,ERR,ERR,ERR,ERR,ERR,ERR,ERR,ERR,ERR,ERR,ERR,ERR,ERR,ERR,ERR,ERR,ERR,ERR,ERR,ERR,50.0,60.0,100,0.0,0.0,0.0,0.0,0.0,0.0,0.0,0.0,0.0,0.0,0.0,0.0,0.0,0.0,0.0,0.0,61.6,65,20,65521,50,65476,0,300,0,0,8,20529,65476,0,0,26214,60.0,0.0,0.0,0.0,0.0,0.0
2026-05-17T16:20:56,ERR,ERR,ERR,ERR,ERR,ERR,ERR,ERR,ERR,ERR,ERR,ERR,ERR,ERR,ERR,ERR,ERR,ERR,ERR,ERR,ERR,ERR,ERR,ERR,ERR,ERR,ERR,ERR,ERR,ERR,ERR,ERR,ERR,ERR,ERR,ERR,ERR,ERR,ERR,ERR,ERR,ERR,ERR,ERR,ERR,ERR,ERR,ERR,ERR,ERR,ERR,ERR,ERR,ERR,ERR,ERR,ERR,ERR,ERR,ERR,ERR,ERR,ERR,ERR,ERR,ERR,ERR,ERR,ERR,ERR,ERR,ERR,ERR,ERR,ERR,ERR,ERR,ERR,ERR,ERR,ERR,ERR,ERR,ERR,ERR,ERR,ERR,ERR,ERR,ERR,ERR,ERR,ERR,ERR,ERR,ERR,ERR,ERR,ERR,ERR,ERR,ERR,ERR,ERR,ERR,ERR,ERR,ERR,ERR,ERR,ERR,ERR,ERR,ERR,ERR,ERR,ERR,ERR,ERR,ERR,ERR,ERR,ERR,ERR,ERR,0.0,-107615288.0,-0.0,0.0,0.0,1.3936040501711995e+18,7.805,0.0,0,0,4,0,8422,0.0,45,0.0,0.0,0.0,0.0,0.0,0,0,0,0,0.0,0,0,0,0,0,0,0,0,0,0,0,0,0,0,0,0,0,0,0,0,0,0,0,0,0,0,0,0,0,0,0,0,0,38,14,7,45,65476,0,300,0,0,8,21553,0.0,-107605600.0,0.0,0.0,0.0,0.0,0.0,0.0,0.0,0.0,0.0,0.0,0.0,0.0,0.0,0.0,0.0,0.0,0.0,0.0,0.0,0.0,-2.004,-2.004,-0.0,0.0,0.0,0.0,0.0,0.0,5038.0,0.0,0.0,0.0,-107615288.0,0.0,-0.0,0.0,0.0,0.0,0.0,53,126841110528.0,0.059,0.0,0.0,0.0,0.0,0.0,0.0,0.0,0,0,0,0.0,0.0,0.0,0.0,0.0,0.0,0.0,0.0,0.0,0.0,0.0,0.0,0.0,0.0,0.0,0.0,0,-107875648.0,53,0.0,106,-107614832.0,-107350944.0,ERR,ERR,ERR,ERR,ERR,ERR,ERR,ERR,ERR,ERR,ERR,ERR,ERR,ERR,ERR,ERR,ERR,ERR,ERR,ERR,ERR,ERR,ERR,ERR,ERR,ERR,ERR,ERR,ERR,ERR,ERR,ERR,ERR,ERR,ERR,ERR,ERR,ERR,ERR,ERR,ERR,ERR,ERR,ERR,ERR,ERR,ERR,ERR,ERR,ERR,ERR,ERR,ERR,ERR,ERR,ERR,ERR,ERR,ERR,ERR,ERR,ERR,ERR,ERR,ERR,ERR,ERR,50.0,60.0,100,0.0,0.0,0.0,0.0,0.0,0.0,0.0,0.0,0.0,0.0,0.0,0.0,0.0,0.0,0.0,0.0,61.6,65,20,65521,50,65476,0,300,0,0,8,20529,65476,0,0,26214,60.0,0.0,0.0,0.0,0.0,0.0
2026-05-17T16:20:57,ERR,ERR,ERR,ERR,ERR,ERR,ERR,ERR,ERR,ERR,ERR,ERR,ERR,ERR,ERR,ERR,ERR,ERR,ERR,ERR,ERR,ERR,ERR,ERR,ERR,ERR,ERR,ERR,ERR,ERR,ERR,ERR,ERR,ERR,ERR,ERR,ERR,ERR,ERR,ERR,ERR,ERR,ERR,ERR,ERR,ERR,ERR,ERR,ERR,ERR,ERR,ERR,ERR,ERR,ERR,ERR,ERR,ERR,ERR,ERR,ERR,ERR,ERR,ERR,ERR,ERR,ERR,ERR,ERR,ERR,ERR,ERR,ERR,ERR,ERR,ERR,ERR,ERR,ERR,ERR,ERR,ERR,ERR,ERR,ERR,ERR,ERR,ERR,ERR,ERR,ERR,ERR,ERR,ERR,ERR,ERR,ERR,ERR,ERR,ERR,ERR,ERR,ERR,ERR,ERR,ERR,ERR,ERR,ERR,ERR,ERR,ERR,ERR,ERR,ERR,ERR,ERR,ERR,ERR,ERR,ERR,ERR,ERR,ERR,ERR,0.0,-107615288.0,-0.0,0.0,0.0,1.3936040501711995e+18,7.805,0.0,0,0,4,0,8422,0.0,45,0.0,0.0,0.0,0.0,0.0,0,0,0,0,0.0,0,0,0,0,0,0,0,0,0,0,0,0,0,0,0,0,0,0,0,0,0,0,0,0,0,0,0,0,0,0,0,0,0,38,14,7,45,65476,0,300,0,0,8,21553,0.0,-107605600.0,0.0,0.0,0.0,0.0,0.0,0.0,0.0,0.0,0.0,0.0,0.0,0.0,0.0,0.0,0.0,0.0,0.0,0.0,0.0,0.0,-2.004,-2.004,-0.0,0.0,0.0,0.0,0.0,0.0,5038.0,0.0,0.0,0.0,-107615288.0,0.0,-0.0,0.0,0.0,0.0,0.0,53,126841110528.0,0.059,0.0,0.0,0.0,0.0,0.0,0.0,0.0,0,0,0,0.0,0.0,0.0,0.0,0.0,0.0,0.0,0.0,0.0,0.0,0.0,0.0,0.0,0.0,0.0,0.0,0,-107875648.0,53,0.0,106,-107614832.0,-107350944.0,ERR,ERR,ERR,ERR,ERR,ERR,ERR,ERR,ERR,ERR,ERR,ERR,ERR,ERR,ERR,ERR,ERR,ERR,ERR,ERR,ERR,ERR,ERR,ERR,ERR,ERR,ERR,ERR,ERR,ERR,ERR,ERR,ERR,ERR,ERR,ERR,ERR,ERR,ERR,ERR,ERR,ERR,ERR,ERR,ERR,ERR,ERR,ERR,ERR,ERR,ERR,ERR,ERR,ERR,ERR,ERR,ERR,ERR,ERR,ERR,ERR,ERR,ERR,ERR,ERR,ERR,ERR,50.0,60.0,100,0.0,0.0,0.0,0.0,0.0,0.0,0.0,0.0,0.0,0.0,0.0,0.0,0.0,0.0,0.0,0.0,62.0,65,20,65521,50,65476,0,300,0,0,8,20529,65476,0,0,26214,60.0,0.0,0.0,0.0,0.0,0.0
2026-05-17T16:20:58,ERR,ERR,ERR,ERR,ERR,ERR,ERR,ERR,ERR,ERR,ERR,ERR,ERR,ERR,ERR,ERR,ERR,ERR,ERR,ERR,ERR,ERR,ERR,ERR,ERR,ERR,ERR,ERR,ERR,ERR,ERR,ERR,ERR,ERR,ERR,ERR,ERR,ERR,ERR,ERR,ERR,ERR,ERR,ERR,ERR,ERR,ERR,ERR,ERR,ERR,ERR,ERR,ERR,ERR,ERR,ERR,ERR,ERR,ERR,ERR,ERR,ERR,ERR,ERR,ERR,ERR,ERR,ERR,ERR,ERR,ERR,ERR,ERR,ERR,ERR,ERR,ERR,ERR,ERR,ERR,ERR,ERR,ERR,ERR,ERR,ERR,ERR,ERR,ERR,ERR,ERR,ERR,ERR,ERR,ERR,ERR,ERR,ERR,ERR,ERR,ERR,ERR,ERR,ERR,ERR,ERR,ERR,ERR,ERR,ERR,ERR,ERR,ERR,ERR,ERR,ERR,ERR,ERR,ERR,ERR,ERR,ERR,ERR,ERR,ERR,0.0,-107615288.0,-0.0,0.0,0.0,1.3936040501711995e+18,7.805,0.0,0,0,4,0,8422,0.0,45,0.0,0.0,0.0,0.0,0.0,0,0,0,0,0.0,0,0,0,0,0,0,0,0,0,0,0,0,0,0,0,0,0,0,0,0,0,0,0,0,0,0,0,0,0,0,0,0,0,38,14,7,45,65476,0,300,0,0,8,21553,0.0,-107605600.0,0.0,0.0,0.0,0.0,0.0,0.0,0.0,0.0,0.0,0.0,0.0,0.0,0.0,0.0,0.0,0.0,0.0,0.0,0.0,0.0,-2.004,-2.004,-0.0,0.0,0.0,0.0,0.0,0.0,5038.0,0.0,0.0,0.0,-107615288.0,0.0,-0.0,0.0,0.0,0.0,0.0,53,126841110528.0,0.059,0.0,0.0,0.0,0.0,0.0,0.0,0.0,0,0,0,0.0,0.0,0.0,0.0,0.0,0.0,0.0,0.0,0.0,0.0,0.0,0.0,0.0,0.0,0.0,0.0,0,-107875648.0,53,0.0,106,-107614832.0,-107350944.0,ERR,ERR,ERR,ERR,ERR,ERR,ERR,ERR,ERR,ERR,ERR,ERR,ERR,ERR,ERR,ERR,ERR,ERR,ERR,ERR,ERR,ERR,ERR,ERR,ERR,ERR,ERR,ERR,ERR,ERR,ERR,ERR,ERR,ERR,ERR,ERR,ERR,ERR,ERR,ERR,ERR,ERR,ERR,ERR,ERR,ERR,ERR,ERR,ERR,ERR,ERR,ERR,ERR,ERR,ERR,ERR,ERR,ERR,ERR,ERR,ERR,ERR,ERR,ERR,ERR,ERR,ERR,50.0,60.0,100,0.0,0.0,0.0,0.0,0.0,0.0,0.0,0.0,0.0,0.0,0.0,0.0,0.0,0.0,0.0,0.0,62.0,65,20,65521,50,65476,0,300,0,0,8,20529,65476,0,0,26214,60.0,0.0,0.0,0.0,0.0,0.0
2026-05-17T16:20:59,ERR,ERR,ERR,ERR,ERR,ERR,ERR,ERR,ERR,ERR,ERR,ERR,ERR,ERR,ERR,ERR,ERR,ERR,ERR,ERR,ERR,ERR,ERR,ERR,ERR,ERR,ERR,ERR,ERR,ERR,ERR,ERR,ERR,ERR,ERR,ERR,ERR,ERR,ERR,ERR,ERR,ERR,ERR,ERR,ERR,ERR,ERR,ERR,ERR,ERR,ERR,ERR,ERR,ERR,ERR,ERR,ERR,ERR,ERR,ERR,ERR,ERR,ERR,ERR,ERR,ERR,ERR,ERR,ERR,ERR,ERR,ERR,ERR,ERR,ERR,ERR,ERR,ERR,ERR,ERR,ERR,ERR,ERR,ERR,ERR,ERR,ERR,ERR,ERR,ERR,ERR,ERR,ERR,ERR,ERR,ERR,ERR,ERR,ERR,ERR,ERR,ERR,ERR,ERR,ERR,ERR,ERR,ERR,ERR,ERR,ERR,ERR,ERR,ERR,ERR,ERR,ERR,ERR,ERR,ERR,ERR,ERR,ERR,ERR,ERR,0.0,-107615288.0,-134474944.0,0.0,0.0,1.3936040501711995e+18,7.805,0.0,0,0,4,0,8422,0.0,45,0.0,0.0,0.0,0.0,0.0,0,0,0,0,0.0,0,0,0,0,0,0,0,0,0,0,0,0,0,0,0,0,0,0,0,0,0,0,0,0,0,0,0,0,0,0,0,0,0,38,14,7,45,65476,0,300,0,0,8,21553,0.0,-107605600.0,0.0,0.0,0.0,0.0,0.0,0.0,0.0,0.0,0.0,0.0,0.0,0.0,0.0,0.0,0.0,0.0,0.0,0.0,0.0,0.0,0.0,-2.004,-0.0,0.0,0.0,0.0,0.0,0.0,5038.0,131350.453,0.0,0.0,-107615288.0,0.0,-0.0,0.0,0.0,0.0,0.0,53,2.7184300208680915e+23,2.71841759093312e+23,0.0,0.0,0.0,0.0,0.0,0.0,0.0,0,0,0,0.0,0.0,0.0,0.0,0.0,0.0,0.0,0.0,0.0,0.0,0.0,0.0,0.0,0.0,0.0,0.0,0,-107875648.0,53,0.0,106,-107614832.0,-107350944.0,ERR,ERR,ERR,ERR,ERR,ERR,ERR,ERR,ERR,ERR,ERR,ERR,ERR,ERR,ERR,ERR,ERR,ERR,ERR,ERR,ERR,ERR,ERR,ERR,ERR,ERR,ERR,ERR,ERR,ERR,ERR,ERR,ERR,ERR,ERR,ERR,ERR,ERR,ERR,ERR,ERR,ERR,ERR,ERR,ERR,ERR,ERR,ERR,ERR,ERR,ERR,ERR,ERR,ERR,ERR,ERR,ERR,ERR,ERR,ERR,ERR,ERR,ERR,ERR,ERR,ERR,ERR,50.0,60.0,100,0.0,0.0,0.0,0.0,0.0,0.0,0.0,0.0,0.0,0.0,0.0,0.0,0.0,0.0,0.0,0.0,62.0,65,20,65521,50,65476,0,300,0,0,8,20529,65476,0,0,26214,60.0,0.0,0.0,0.0,0.0,0.0
2026-05-17T16:21:00,ERR,ERR,ERR,ERR,ERR,ERR,ERR,ERR,ERR,ERR,ERR,ERR,ERR,ERR,ERR,ERR,ERR,ERR,ERR,ERR,ERR,ERR,ERR,ERR,ERR,ERR,ERR,ERR,ERR,ERR,ERR,ERR,ERR,ERR,ERR,ERR,ERR,ERR,ERR,ERR,ERR,ERR,ERR,ERR,ERR,ERR,ERR,ERR,ERR,ERR,ERR,ERR,ERR,ERR,ERR,ERR,ERR,ERR,ERR,ERR,ERR,ERR,ERR,ERR,ERR,ERR,ERR,ERR,ERR,ERR,ERR,ERR,ERR,ERR,ERR,ERR,ERR,ERR,ERR,ERR,ERR,ERR,ERR,ERR,ERR,ERR,ERR,ERR,ERR,ERR,ERR,ERR,ERR,ERR,ERR,ERR,ERR,ERR,ERR,ERR,ERR,ERR,ERR,ERR,ERR,ERR,ERR,ERR,ERR,ERR,ERR,ERR,ERR,ERR,ERR,ERR,ERR,ERR,ERR,ERR,ERR,ERR,ERR,ERR,ERR,0.0,-107615288.0,-134474944.0,0.0,0.0,1.3936040501711995e+18,7.805,0.0,0,0,4,0,8422,0.0,45,0.0,0.0,0.0,0.0,0.0,0,0,0,0,0.0,0,0,0,0,0,0,0,0,0,0,0,0,0,0,0,0,0,0,0,0,0,0,0,0,0,0,0,0,0,0,0,0,0,38,14,7,45,65476,0,300,0,0,8,21553,0.0,-107605600.0,0.0,0.0,0.0,0.0,0.0,0.0,0.0,0.0,0.0,0.0,0.0,0.0,0.0,0.0,0.0,0.0,0.0,0.0,0.0,0.0,0.0,-2.004,-0.0,0.0,0.0,0.0,0.0,0.0,5038.0,131350.453,0.0,0.0,-107615288.0,0.0,-0.0,0.0,0.0,0.0,0.0,53,2.7184300208680915e+23,2.71841759093312e+23,0.0,0.0,0.0,0.0,0.0,0.0,0.0,0,0,0,0.0,0.0,0.0,0.0,0.0,0.0,0.0,0.0,0.0,0.0,0.0,0.0,0.0,0.0,0.0,0.0,0,-107875648.0,53,0.0,106,-107614832.0,-107350944.0,ERR,ERR,ERR,ERR,ERR,ERR,ERR,ERR,ERR,ERR,ERR,ERR,ERR,ERR,ERR,ERR,ERR,ERR,ERR,ERR,ERR,ERR,ERR,ERR,ERR,ERR,ERR,ERR,ERR,ERR,ERR,ERR,ERR,ERR,ERR,ERR,ERR,ERR,ERR,ERR,ERR,ERR,ERR,ERR,ERR,ERR,ERR,ERR,ERR,ERR,ERR,ERR,ERR,ERR,ERR,ERR,ERR,ERR,ERR,ERR,ERR,ERR,ERR,ERR,ERR,ERR,ERR,50.0,60.0,100,0.0,0.0,0.0,0.0,0.0,0.0,0.0,0.0,0.0,0.0,0.0,0.0,0.0,0.0,0.0,0.0,62.0,65,20,65521,50,65476,0,300,0,0,8,20529,65476,0,0,26214,60.0,0.0,0.0,0.0,0.0,0.0
2026-05-17T16:21:01,ERR,ERR,ERR,ERR,ERR,ERR,ERR,ERR,ERR,ERR,ERR,ERR,ERR,ERR,ERR,ERR,ERR,ERR,ERR,ERR,ERR,ERR,ERR,ERR,ERR,ERR,ERR,ERR,ERR,ERR,ERR,ERR,ERR,ERR,ERR,ERR,ERR,ERR,ERR,ERR,ERR,ERR,ERR,ERR,ERR,ERR,ERR,ERR,ERR,ERR,ERR,ERR,ERR,ERR,ERR,ERR,ERR,ERR,ERR,ERR,ERR,ERR,ERR,ERR,ERR,ERR,ERR,ERR,ERR,ERR,ERR,ERR,ERR,ERR,ERR,ERR,ERR,ERR,ERR,ERR,ERR,ERR,ERR,ERR,ERR,ERR,ERR,ERR,ERR,ERR,ERR,ERR,ERR,ERR,ERR,ERR,ERR,ERR,ERR,ERR,ERR,ERR,ERR,ERR,ERR,ERR,ERR,ERR,ERR,ERR,ERR,ERR,ERR,ERR,ERR,ERR,ERR,ERR,ERR,ERR,ERR,ERR,ERR,ERR,ERR,0.0,-107615288.0,-134474944.0,0.0,0.0,1.3936040501711995e+18,7.805,0.0,0,0,4,0,8422,0.0,45,0.0,0.0,0.0,0.0,0.0,0,0,0,0,0.0,0,0,0,0,0,0,0,0,0,0,0,0,0,0,0,0,0,0,0,0,0,0,0,0,0,0,0,0,0,0,0,0,0,38,14,7,45,65476,0,300,0,0,8,21553,0.0,-107605600.0,0.0,0.0,0.0,0.0,0.0,0.0,0.0,0.0,0.0,0.0,0.0,0.0,0.0,0.0,0.0,0.0,0.0,0.0,0.0,0.0,0.0,-2.004,-0.0,0.0,0.0,0.0,0.0,0.0,5038.0,131350.453,0.0,0.0,-107615288.0,0.0,-0.0,0.0,0.0,0.0,0.0,53,2.7184300208680915e+23,2.71841759093312e+23,0.0,0.0,0.0,0.0,0.0,0.0,0.0,0,0,0,0.0,0.0,0.0,0.0,0.0,0.0,0.0,0.0,0.0,0.0,0.0,0.0,0.0,0.0,0.0,0.0,0,-107875648.0,53,0.0,106,-107614832.0,-107350944.0,ERR,ERR,ERR,ERR,ERR,ERR,ERR,ERR,ERR,ERR,ERR,ERR,ERR,ERR,ERR,ERR,ERR,ERR,ERR,ERR,ERR,ERR,ERR,ERR,ERR,ERR,ERR,ERR,ERR,ERR,ERR,ERR,ERR,ERR,ERR,ERR,ERR,ERR,ERR,ERR,ERR,ERR,ERR,ERR,ERR,ERR,ERR,ERR,ERR,ERR,ERR,ERR,ERR,ERR,ERR,ERR,ERR,ERR,ERR,ERR,ERR,ERR,ERR,ERR,ERR,ERR,ERR,50.0,60.0,100,0.0,0.0,0.0,0.0,0.0,0.0,0.0,0.0,0.0,0.0,0.0,0.0,0.0,0.0,0.0,0.0,61.6,65,20,65521,50,65476,0,300,0,0,8,20529,65476,0,0,26214,60.0,0.0,0.0,0.0,0.0,0.0
2026-05-17T16:21:02,ERR,ERR,ERR,ERR,ERR,ERR,ERR,ERR,ERR,ERR,ERR,ERR,ERR,ERR,ERR,ERR,ERR,ERR,ERR,ERR,ERR,ERR,ERR,ERR,ERR,ERR,ERR,ERR,ERR,ERR,ERR,ERR,ERR,ERR,ERR,ERR,ERR,ERR,ERR,ERR,ERR,ERR,ERR,ERR,ERR,ERR,ERR,ERR,ERR,ERR,ERR,ERR,ERR,ERR,ERR,ERR,ERR,ERR,ERR,ERR,ERR,ERR,ERR,ERR,ERR,ERR,ERR,ERR,ERR,ERR,ERR,ERR,ERR,ERR,ERR,ERR,ERR,ERR,ERR,ERR,ERR,ERR,ERR,ERR,ERR,ERR,ERR,ERR,ERR,ERR,ERR,ERR,ERR,ERR,ERR,ERR,ERR,ERR,ERR,ERR,ERR,ERR,ERR,ERR,ERR,ERR,ERR,ERR,ERR,ERR,ERR,ERR,ERR,ERR,ERR,ERR,ERR,ERR,ERR,ERR,ERR,ERR,ERR,ERR,ERR,0.0,-107615288.0,-134474944.0,0.0,0.0,1.3936040501711995e+18,7.805,0.0,0,0,4,0,8422,0.0,45,0.0,0.0,0.0,0.0,0.0,0,0,0,0,0.0,0,0,0,0,0,0,0,0,0,0,0,0,0,0,0,0,0,0,0,0,0,0,0,0,0,0,0,0,0,0,0,0,0,38,14,7,45,65476,0,300,0,0,8,21553,0.0,-107605600.0,0.0,0.0,0.0,0.0,0.0,0.0,0.0,0.0,0.0,0.0,0.0,0.0,0.0,0.0,0.0,0.0,0.0,0.0,0.0,0.0,0.0,-2.004,-0.0,0.0,0.0,0.0,0.0,0.0,5038.0,131350.453,0.0,0.0,-107615288.0,0.0,-0.0,0.0,0.0,0.0,0.0,53,2.7184300208680915e+23,2.71841759093312e+23,0.0,0.0,0.0,0.0,0.0,0.0,0.0,0,0,0,0.0,0.0,0.0,0.0,0.0,0.0,0.0,0.0,0.0,0.0,0.0,0.0,0.0,0.0,0.0,0.0,0,-107875648.0,53,0.0,106,-107614832.0,-107350944.0,ERR,ERR,ERR,ERR,ERR,ERR,ERR,ERR,ERR,ERR,ERR,ERR,ERR,ERR,ERR,ERR,ERR,ERR,ERR,ERR,ERR,ERR,ERR,ERR,ERR,ERR,ERR,ERR,ERR,ERR,ERR,ERR,ERR,ERR,ERR,ERR,ERR,ERR,ERR,ERR,ERR,ERR,ERR,ERR,ERR,ERR,ERR,ERR,ERR,ERR,ERR,ERR,ERR,ERR,ERR,ERR,ERR,ERR,ERR,ERR,ERR,ERR,ERR,ERR,ERR,ERR,ERR,50.0,60.0,100,0.0,0.0,0.0,0.0,0.0,0.0,0.0,0.0,0.0,0.0,0.0,0.0,0.0,0.0,0.0,0.0,61.6,65,20,65521,50,65476,0,300,0,0,8,20529,65476,0,0,26214,60.0,0.0,0.0,0.0,0.0,0.0
2026-05-17T16:21:03,ERR,ERR,ERR,ERR,ERR,ERR,ERR,ERR,ERR,ERR,ERR,ERR,ERR,ERR,ERR,ERR,ERR,ERR,ERR,ERR,ERR,ERR,ERR,ERR,ERR,ERR,ERR,ERR,ERR,ERR,ERR,ERR,ERR,ERR,ERR,ERR,ERR,ERR,ERR,ERR,ERR,ERR,ERR,ERR,ERR,ERR,ERR,ERR,ERR,ERR,ERR,ERR,ERR,ERR,ERR,ERR,ERR,ERR,ERR,ERR,ERR,ERR,ERR,ERR,ERR,ERR,ERR,ERR,ERR,ERR,ERR,ERR,ERR,ERR,ERR,ERR,ERR,ERR,ERR,ERR,ERR,ERR,ERR,ERR,ERR,ERR,ERR,ERR,ERR,ERR,ERR,ERR,ERR,ERR,ERR,ERR,ERR,ERR,ERR,ERR,ERR,ERR,ERR,ERR,ERR,ERR,ERR,ERR,ERR,ERR,ERR,ERR,ERR,ERR,ERR,ERR,ERR,ERR,ERR,ERR,ERR,ERR,ERR,ERR,ERR,0.0,-107615288.0,-134474944.0,0.0,0.0,1.3936040501711995e+18,7.805,0.0,0,0,4,0,8422,0.0,45,0.0,0.0,0.0,0.0,0.0,0,0,0,0,0.0,0,0,0,0,0,0,0,0,0,0,0,0,0,0,0,0,0,0,0,0,0,0,0,0,0,0,0,0,0,0,0,0,0,38,14,7,45,65476,0,300,0,0,8,21553,0.0,-107605600.0,0.0,0.0,0.0,0.0,0.0,0.0,0.0,0.0,0.0,0.0,0.0,0.0,0.0,0.0,0.0,0.0,0.0,0.0,0.0,0.0,0.0,-2.004,-0.0,0.0,0.0,0.0,0.0,0.0,5038.0,131350.453,0.0,0.0,-107615288.0,0.0,-0.0,0.0,0.0,0.0,0.0,53,2.7184300208680915e+23,2.71841759093312e+23,0.0,0.0,0.0,0.0,0.0,0.0,0.0,0,0,0,0.0,0.0,0.0,0.0,0.0,0.0,0.0,0.0,0.0,0.0,0.0,0.0,0.0,0.0,0.0,0.0,0,-107875648.0,53,0.0,106,-107614832.0,-107350944.0,ERR,ERR,ERR,ERR,ERR,ERR,ERR,ERR,ERR,ERR,ERR,ERR,ERR,ERR,ERR,ERR,ERR,ERR,ERR,ERR,ERR,ERR,ERR,ERR,ERR,ERR,ERR,ERR,ERR,ERR,ERR,ERR,ERR,ERR,ERR,ERR,ERR,ERR,ERR,ERR,ERR,ERR,ERR,ERR,ERR,ERR,ERR,ERR,ERR,ERR,ERR,ERR,ERR,ERR,ERR,ERR,ERR,ERR,ERR,ERR,ERR,ERR,ERR,ERR,ERR,ERR,ERR,50.0,60.0,100,0.0,0.0,0.0,0.0,0.0,0.0,0.0,0.0,0.0,0.0,0.0,0.0,0.0,0.0,0.0,0.0,61.6,65,20,65521,50,65476,0,300,0,0,8,20529,65476,0,0,26214,60.0,0.0,0.0,0.0,0.0,0.0
2026-05-17T16:21:04,ERR,ERR,ERR,ERR,ERR,ERR,ERR,ERR,ERR,ERR,ERR,ERR,ERR,ERR,ERR,ERR,ERR,ERR,ERR,ERR,ERR,ERR,ERR,ERR,ERR,ERR,ERR,ERR,ERR,ERR,ERR,ERR,ERR,ERR,ERR,ERR,ERR,ERR,ERR,ERR,ERR,ERR,ERR,ERR,ERR,ERR,ERR,ERR,ERR,ERR,ERR,ERR,ERR,ERR,ERR,ERR,ERR,ERR,ERR,ERR,ERR,ERR,ERR,ERR,ERR,ERR,ERR,ERR,ERR,ERR,ERR,ERR,ERR,ERR,ERR,ERR,ERR,ERR,ERR,ERR,ERR,ERR,ERR,ERR,ERR,ERR,ERR,ERR,ERR,ERR,ERR,ERR,ERR,ERR,ERR,ERR,ERR,ERR,ERR,ERR,ERR,ERR,ERR,ERR,ERR,ERR,ERR,ERR,ERR,ERR,ERR,ERR,ERR,ERR,ERR,ERR,ERR,ERR,ERR,ERR,ERR,ERR,ERR,ERR,ERR,0.0,-107615288.0,-0.0,0.0,0.0,1.3936040501711995e+18,7.805,0.0,0,0,4,0,8422,0.0,45,0.0,0.0,0.0,0.0,0.0,0,0,0,0,0.0,0,0,0,0,0,0,0,0,0,0,0,0,0,0,0,0,0,0,0,0,0,0,0,0,0,0,0,0,0,0,0,0,0,38,14,7,45,65476,0,300,0,0,8,21553,0.0,-107605600.0,0.0,0.0,0.0,0.0,0.0,0.0,0.0,0.0,0.0,0.0,0.0,0.0,0.0,0.0,0.0,0.0,0.0,0.0,0.0,0.0,0.0,-2.004,-0.0,0.0,0.0,0.0,0.0,0.0,5036.0,-0.0,0.0,0.0,-107615288.0,0.0,-0.0,0.0,0.0,0.0,0.0,53,89221.109,-3.222003136178649e+26,0.0,0.0,0.0,0.0,0.0,0.0,0.0,0,0,0,0.0,0.0,0.0,0.0,0.0,0.0,0.0,0.0,0.0,0.0,0.0,0.0,0.0,0.0,0.0,0.0,0,-107875648.0,53,0.0,106,-107614832.0,-107350944.0,ERR,ERR,ERR,ERR,ERR,ERR,ERR,ERR,ERR,ERR,ERR,ERR,ERR,ERR,ERR,ERR,ERR,ERR,ERR,ERR,ERR,ERR,ERR,ERR,ERR,ERR,ERR,ERR,ERR,ERR,ERR,ERR,ERR,ERR,ERR,ERR,ERR,ERR,ERR,ERR,ERR,ERR,ERR,ERR,ERR,ERR,ERR,ERR,ERR,ERR,ERR,ERR,ERR,ERR,ERR,ERR,ERR,ERR,ERR,ERR,ERR,ERR,ERR,ERR,ERR,ERR,ERR,50.0,60.0,100,0.0,0.0,0.0,0.0,0.0,0.0,0.0,0.0,0.0,0.0,0.0,0.0,0.0,0.0,0.0,0.0,61.6,65,20,65521,50,65476,0,300,0,0,8,20529,65476,0,0,26214,60.0,0.0,0.0,0.0,0.0,0.0
2026-05-17T16:21:05,ERR,ERR,ERR,ERR,ERR,ERR,ERR,ERR,ERR,ERR,ERR,ERR,ERR,ERR,ERR,ERR,ERR,ERR,ERR,ERR,ERR,ERR,ERR,ERR,ERR,ERR,ERR,ERR,ERR,ERR,ERR,ERR,ERR,ERR,ERR,ERR,ERR,ERR,ERR,ERR,ERR,ERR,ERR,ERR,ERR,ERR,ERR,ERR,ERR,ERR,ERR,ERR,ERR,ERR,ERR,ERR,ERR,ERR,ERR,ERR,ERR,ERR,ERR,ERR,ERR,ERR,ERR,ERR,ERR,ERR,ERR,ERR,ERR,ERR,ERR,ERR,ERR,ERR,ERR,ERR,ERR,ERR,ERR,ERR,ERR,ERR,ERR,ERR,ERR,ERR,ERR,ERR,ERR,ERR,ERR,ERR,ERR,ERR,ERR,ERR,ERR,ERR,ERR,ERR,ERR,ERR,ERR,ERR,ERR,ERR,ERR,ERR,ERR,ERR,ERR,ERR,ERR,ERR,ERR,ERR,ERR,ERR,ERR,ERR,ERR,0.0,-107615288.0,-0.0,0.0,0.0,1.3936040501711995e+18,7.805,0.0,0,0,4,0,8422,0.0,45,0.0,0.0,0.0,0.0,0.0,0,0,0,0,0.0,0,0,0,0,0,0,0,0,0,0,0,0,0,0,0,0,0,0,0,0,0,0,0,0,0,0,0,0,0,0,0,0,0,38,14,7,45,65476,0,300,0,0,8,21553,0.0,-107605600.0,0.0,0.0,0.0,0.0,0.0,0.0,0.0,0.0,0.0,0.0,0.0,0.0,0.0,0.0,0.0,0.0,0.0,0.0,0.0,0.0,0.0,-2.004,-0.0,0.0,0.0,0.0,0.0,0.0,5036.0,-0.0,0.0,0.0,-107615288.0,0.0,-0.0,0.0,0.0,0.0,0.0,53,89221.109,-3.222003136178649e+26,0.0,0.0,0.0,0.0,0.0,0.0,0.0,0,0,0,0.0,0.0,0.0,0.0,0.0,0.0,0.0,0.0,0.0,0.0,0.0,0.0,0.0,0.0,0.0,0.0,0,-107875648.0,53,0.0,106,-107614832.0,-107350944.0,ERR,ERR,ERR,ERR,ERR,ERR,ERR,ERR,ERR,ERR,ERR,ERR,ERR,ERR,ERR,ERR,ERR,ERR,ERR,ERR,ERR,ERR,ERR,ERR,ERR,ERR,ERR,ERR,ERR,ERR,ERR,ERR,ERR,ERR,ERR,ERR,ERR,ERR,ERR,ERR,ERR,ERR,ERR,ERR,ERR,ERR,ERR,ERR,ERR,ERR,ERR,ERR,ERR,ERR,ERR,ERR,ERR,ERR,ERR,ERR,ERR,ERR,ERR,ERR,ERR,ERR,ERR,50.0,60.0,100,0.0,0.0,0.0,0.0,0.0,0.0,0.0,0.0,0.0,0.0,0.0,0.0,0.0,0.0,0.0,0.0,61.6,65,20,65521,50,65476,0,300,0,0,8,20529,65476,0,0,26214,60.0,0.0,0.0,0.0,0.0,0.0
2026-05-17T16:21:06,ERR,ERR,ERR,ERR,ERR,ERR,ERR,ERR,ERR,ERR,ERR,ERR,ERR,ERR,ERR,ERR,ERR,ERR,ERR,ERR,ERR,ERR,ERR,ERR,ERR,ERR,ERR,ERR,ERR,ERR,ERR,ERR,ERR,ERR,ERR,ERR,ERR,ERR,ERR,ERR,ERR,ERR,ERR,ERR,ERR,ERR,ERR,ERR,ERR,ERR,ERR,ERR,ERR,ERR,ERR,ERR,ERR,ERR,ERR,ERR,ERR,ERR,ERR,ERR,ERR,ERR,ERR,ERR,ERR,ERR,ERR,ERR,ERR,ERR,ERR,ERR,ERR,ERR,ERR,ERR,ERR,ERR,ERR,ERR,ERR,ERR,ERR,ERR,ERR,ERR,ERR,ERR,ERR,ERR,ERR,ERR,ERR,ERR,ERR,ERR,ERR,ERR,ERR,ERR,ERR,ERR,ERR,ERR,ERR,ERR,ERR,ERR,ERR,ERR,ERR,ERR,ERR,ERR,ERR,ERR,ERR,ERR,ERR,ERR,ERR,0.0,-107615288.0,-0.0,0.0,0.0,1.3936040501711995e+18,7.805,0.0,0,0,4,0,8422,0.0,45,0.0,0.0,0.0,0.0,0.0,0,0,0,0,0.0,0,0,0,0,0,0,0,0,0,0,0,0,0,0,0,0,0,0,0,0,0,0,0,0,0,0,0,0,0,0,0,0,0,38,14,7,45,65476,0,300,0,0,8,21553,0.0,-107605600.0,0.0,0.0,0.0,0.0,0.0,0.0,0.0,0.0,0.0,0.0,0.0,0.0,0.0,0.0,0.0,0.0,0.0,0.0,0.0,0.0,0.0,-2.004,-0.0,0.0,0.0,0.0,0.0,0.0,5036.0,-0.0,0.0,0.0,-107615288.0,0.0,-0.0,0.0,0.0,0.0,0.0,53,89221.109,-3.222003136178649e+26,0.0,0.0,0.0,0.0,0.0,0.0,0.0,0,0,0,0.0,0.0,0.0,0.0,0.0,0.0,0.0,0.0,0.0,0.0,0.0,0.0,0.0,0.0,0.0,0.0,0,-107875648.0,53,0.0,106,-107614832.0,-107350944.0,ERR,ERR,ERR,ERR,ERR,ERR,ERR,ERR,ERR,ERR,ERR,ERR,ERR,ERR,ERR,ERR,ERR,ERR,ERR,ERR,ERR,ERR,ERR,ERR,ERR,ERR,ERR,ERR,ERR,ERR,ERR,ERR,ERR,ERR,ERR,ERR,ERR,ERR,ERR,ERR,ERR,ERR,ERR,ERR,ERR,ERR,ERR,ERR,ERR,ERR,ERR,ERR,ERR,ERR,ERR,ERR,ERR,ERR,ERR,ERR,ERR,ERR,ERR,ERR,ERR,ERR,ERR,50.0,60.0,100,0.0,0.0,0.0,0.0,0.0,0.0,0.0,0.0,0.0,0.0,0.0,0.0,0.0,0.0,0.0,0.0,61.6,65,20,65521,50,65476,0,300,0,0,8,20529,65476,0,0,26214,60.0,0.0,0.0,0.0,0.0,0.0
2026-05-17T16:21:07,ERR,ERR,ERR,ERR,ERR,ERR,ERR,ERR,ERR,ERR,ERR,ERR,ERR,ERR,ERR,ERR,ERR,ERR,ERR,ERR,ERR,ERR,ERR,ERR,ERR,ERR,ERR,ERR,ERR,ERR,ERR,ERR,ERR,ERR,ERR,ERR,ERR,ERR,ERR,ERR,ERR,ERR,ERR,ERR,ERR,ERR,ERR,ERR,ERR,ERR,ERR,ERR,ERR,ERR,ERR,ERR,ERR,ERR,ERR,ERR,ERR,ERR,ERR,ERR,ERR,ERR,ERR,ERR,ERR,ERR,ERR,ERR,ERR,ERR,ERR,ERR,ERR,ERR,ERR,ERR,ERR,ERR,ERR,ERR,ERR,ERR,ERR,ERR,ERR,ERR,ERR,ERR,ERR,ERR,ERR,ERR,ERR,ERR,ERR,ERR,ERR,ERR,ERR,ERR,ERR,ERR,ERR,ERR,ERR,ERR,ERR,ERR,ERR,ERR,ERR,ERR,ERR,ERR,ERR,ERR,ERR,ERR,ERR,ERR,ERR,0.0,-107615288.0,-0.0,0.0,0.0,1.3936040501711995e+18,7.805,0.0,0,0,4,0,8422,0.0,45,0.0,0.0,0.0,0.0,0.0,0,0,0,0,0.0,0,0,0,0,0,0,0,0,0,0,0,0,0,0,0,0,0,0,0,0,0,0,0,0,0,0,0,0,0,0,0,0,0,38,14,7,45,65476,0,300,0,0,8,21553,0.0,-107605600.0,0.0,0.0,0.0,0.0,0.0,0.0,0.0,0.0,0.0,0.0,0.0,0.0,0.0,0.0,0.0,0.0,0.0,0.0,0.0,0.0,0.0,-2.004,-0.0,0.0,0.0,0.0,0.0,0.0,5036.0,-0.0,0.0,0.0,-107615288.0,0.0,-0.0,0.0,0.0,0.0,0.0,53,89221.109,-3.222003136178649e+26,0.0,0.0,0.0,0.0,0.0,0.0,0.0,0,0,0,0.0,0.0,0.0,0.0,0.0,0.0,0.0,0.0,0.0,0.0,0.0,0.0,0.0,0.0,0.0,0.0,0,-107875648.0,53,0.0,106,-107614832.0,-107350944.0,ERR,ERR,ERR,ERR,ERR,ERR,ERR,ERR,ERR,ERR,ERR,ERR,ERR,ERR,ERR,ERR,ERR,ERR,ERR,ERR,ERR,ERR,ERR,ERR,ERR,ERR,ERR,ERR,ERR,ERR,ERR,ERR,ERR,ERR,ERR,ERR,ERR,ERR,ERR,ERR,ERR,ERR,ERR,ERR,ERR,ERR,ERR,ERR,ERR,ERR,ERR,ERR,ERR,ERR,ERR,ERR,ERR,ERR,ERR,ERR,ERR,ERR,ERR,ERR,ERR,ERR,ERR,50.0,60.0,100,0.0,0.0,0.0,0.0,0.0,0.0,0.0,0.0,0.0,0.0,0.0,0.0,0.0,0.0,0.0,0.0,61.6,65,20,65521,50,65476,0,300,0,0,8,20529,65476,0,0,26214,60.0,0.0,0.0,0.0,0.0,0.0
2026-05-17T16:21:08,ERR,ERR,ERR,ERR,ERR,ERR,ERR,ERR,ERR,ERR,ERR,ERR,ERR,ERR,ERR,ERR,ERR,ERR,ERR,ERR,ERR,ERR,ERR,ERR,ERR,ERR,ERR,ERR,ERR,ERR,ERR,ERR,ERR,ERR,ERR,ERR,ERR,ERR,ERR,ERR,ERR,ERR,ERR,ERR,ERR,ERR,ERR,ERR,ERR,ERR,ERR,ERR,ERR,ERR,ERR,ERR,ERR,ERR,ERR,ERR,ERR,ERR,ERR,ERR,ERR,ERR,ERR,ERR,ERR,ERR,ERR,ERR,ERR,ERR,ERR,ERR,ERR,ERR,ERR,ERR,ERR,ERR,ERR,ERR,ERR,ERR,ERR,ERR,ERR,ERR,ERR,ERR,ERR,ERR,ERR,ERR,ERR,ERR,ERR,ERR,ERR,ERR,ERR,ERR,ERR,ERR,ERR,ERR,ERR,ERR,ERR,ERR,ERR,ERR,ERR,ERR,ERR,ERR,ERR,ERR,ERR,ERR,ERR,ERR,ERR,0.0,-107615288.0,-0.0,0.0,0.0,1.3936040501711995e+18,7.805,0.0,0,0,4,0,8422,0.0,45,0.0,0.0,0.0,0.0,0.0,0,0,0,0,0.0,0,0,0,0,0,0,0,0,0,0,0,0,0,0,0,0,0,0,0,0,0,0,0,0,0,0,0,0,0,0,0,0,0,38,14,7,45,65476,0,300,0,0,8,21553,0.0,-107605600.0,0.0,0.0,0.0,0.0,0.0,0.0,0.0,0.0,0.0,0.0,0.0,0.0,0.0,0.0,0.0,0.0,0.0,0.0,0.0,0.0,0.0,-2.004,-0.0,0.0,0.0,0.0,0.0,0.0,5036.0,-0.0,0.0,0.0,-107615288.0,0.0,-0.0,0.0,0.0,0.0,0.0,53,89221.109,-3.222003136178649e+26,0.0,0.0,0.0,0.0,0.0,0.0,0.0,0,0,0,0.0,0.0,0.0,0.0,0.0,0.0,0.0,0.0,0.0,0.0,0.0,0.0,0.0,0.0,0.0,0.0,0,-107875648.0,53,0.0,106,-107614832.0,-107350944.0,ERR,ERR,ERR,ERR,ERR,ERR,ERR,ERR,ERR,ERR,ERR,ERR,ERR,ERR,ERR,ERR,ERR,ERR,ERR,ERR,ERR,ERR,ERR,ERR,ERR,ERR,ERR,ERR,ERR,ERR,ERR,ERR,ERR,ERR,ERR,ERR,ERR,ERR,ERR,ERR,ERR,ERR,ERR,ERR,ERR,ERR,ERR,ERR,ERR,ERR,ERR,ERR,ERR,ERR,ERR,ERR,ERR,ERR,ERR,ERR,ERR,ERR,ERR,ERR,ERR,ERR,ERR,50.0,60.0,100,0.0,0.0,0.0,0.0,0.0,0.0,0.0,0.0,0.0,0.0,0.0,0.0,0.0,0.0,0.0,0.0,62.0,65,20,65521,50,65476,0,300,0,0,8,20529,65476,0,0,26214,60.0,0.0,0.0,0.0,0.0,0.0
2026-05-17T16:21:09,ERR,ERR,ERR,ERR,ERR,ERR,ERR,ERR,ERR,ERR,ERR,ERR,ERR,ERR,ERR,ERR,ERR,ERR,ERR,ERR,ERR,ERR,ERR,ERR,ERR,ERR,ERR,ERR,ERR,ERR,ERR,ERR,ERR,ERR,ERR,ERR,ERR,ERR,ERR,ERR,ERR,ERR,ERR,ERR,ERR,ERR,ERR,ERR,ERR,ERR,ERR,ERR,ERR,ERR,ERR,ERR,ERR,ERR,ERR,ERR,ERR,ERR,ERR,ERR,ERR,ERR,ERR,ERR,ERR,ERR,ERR,ERR,ERR,ERR,ERR,ERR,ERR,ERR,ERR,ERR,ERR,ERR,ERR,ERR,ERR,ERR,ERR,ERR,ERR,ERR,ERR,ERR,ERR,ERR,ERR,ERR,ERR,ERR,ERR,ERR,ERR,ERR,ERR,ERR,ERR,ERR,ERR,ERR,ERR,ERR,ERR,ERR,ERR,ERR,ERR,ERR,ERR,ERR,ERR,ERR,ERR,ERR,ERR,ERR,ERR,0.0,-107615288.0,-0.0,0.0,0.0,1.3936040501711995e+18,7.805,0.0,0,0,4,0,8422,0.0,45,0.0,0.0,0.0,0.0,0.0,0,0,0,0,0.0,0,0,0,0,0,0,0,0,0,0,0,0,0,0,0,0,0,0,0,0,0,0,0,0,0,0,0,0,0,0,0,0,0,38,14,7,45,65476,0,300,0,0,8,21553,0.0,-107605600.0,0.0,0.0,0.0,0.0,0.0,0.0,0.0,0.0,0.0,0.0,0.0,0.0,0.0,0.0,0.0,0.0,0.0,0.0,0.0,0.0,0.0,-2.004,-0.0,0.0,0.0,0.0,0.0,0.0,5064.0,0.0,0.0,0.0,-107615288.0,0.0,-0.0,0.0,0.0,0.0,0.0,53,71.63,-0.0,0.0,0.0,0.0,0.0,0.0,0.0,0.0,0,0,0,0.0,0.0,0.0,0.0,0.0,0.0,0.0,0.0,0.0,0.0,0.0,0.0,0.0,0.0,0.0,0.0,0,-107875648.0,53,0.0,106,-107614832.0,-107350944.0,ERR,ERR,ERR,ERR,ERR,ERR,ERR,ERR,ERR,ERR,ERR,ERR,ERR,ERR,ERR,ERR,ERR,ERR,ERR,ERR,ERR,ERR,ERR,ERR,ERR,ERR,ERR,ERR,ERR,ERR,ERR,ERR,ERR,ERR,ERR,ERR,ERR,ERR,ERR,ERR,ERR,ERR,ERR,ERR,ERR,ERR,ERR,ERR,ERR,ERR,ERR,ERR,ERR,ERR,ERR,ERR,ERR,ERR,ERR,ERR,ERR,ERR,ERR,ERR,ERR,ERR,ERR,50.0,60.0,100,0.0,0.0,0.0,0.0,0.0,0.0,0.0,0.0,0.0,0.0,0.0,0.0,0.0,0.0,0.0,0.0,62.0,65,20,65521,50,65476,0,300,0,0,8,20529,65476,0,0,26214,60.0,0.0,0.0,0.0,0.0,0.0
2026-05-17T16:21:10,ERR,ERR,ERR,ERR,ERR,ERR,ERR,ERR,ERR,ERR,ERR,ERR,ERR,ERR,ERR,ERR,ERR,ERR,ERR,ERR,ERR,ERR,ERR,ERR,ERR,ERR,ERR,ERR,ERR,ERR,ERR,ERR,ERR,ERR,ERR,ERR,ERR,ERR,ERR,ERR,ERR,ERR,ERR,ERR,ERR,ERR,ERR,ERR,ERR,ERR,ERR,ERR,ERR,ERR,ERR,ERR,ERR,ERR,ERR,ERR,ERR,ERR,ERR,ERR,ERR,ERR,ERR,ERR,ERR,ERR,ERR,ERR,ERR,ERR,ERR,ERR,ERR,ERR,ERR,ERR,ERR,ERR,ERR,ERR,ERR,ERR,ERR,ERR,ERR,ERR,ERR,ERR,ERR,ERR,ERR,ERR,ERR,ERR,ERR,ERR,ERR,ERR,ERR,ERR,ERR,ERR,ERR,ERR,ERR,ERR,ERR,ERR,ERR,ERR,ERR,ERR,ERR,ERR,ERR,ERR,ERR,ERR,ERR,ERR,ERR,0.0,-107615288.0,-0.0,0.0,0.0,1.3936040501711995e+18,7.805,0.0,0,0,4,0,8422,0.0,45,0.0,0.0,0.0,0.0,0.0,0,0,0,0,0.0,0,0,0,0,0,0,0,0,0,0,0,0,0,0,0,0,0,0,0,0,0,0,0,0,0,0,0,0,0,0,0,0,0,38,14,7,45,65476,0,300,0,0,8,21553,0.0,-107605600.0,0.0,0.0,0.0,0.0,0.0,0.0,0.0,0.0,0.0,0.0,0.0,0.0,0.0,0.0,0.0,0.0,0.0,0.0,0.0,0.0,0.0,-2.004,-0.0,0.0,0.0,0.0,0.0,0.0,5064.0,0.0,0.0,0.0,-107615288.0,0.0,-0.0,0.0,0.0,0.0,0.0,53,71.63,-0.0,0.0,0.0,0.0,0.0,0.0,0.0,0.0,0,0,0,0.0,0.0,0.0,0.0,0.0,0.0,0.0,0.0,0.0,0.0,0.0,0.0,0.0,0.0,0.0,0.0,0,-107875648.0,53,0.0,106,-107614832.0,-107350944.0,ERR,ERR,ERR,ERR,ERR,ERR,ERR,ERR,ERR,ERR,ERR,ERR,ERR,ERR,ERR,ERR,ERR,ERR,ERR,ERR,ERR,ERR,ERR,ERR,ERR,ERR,ERR,ERR,ERR,ERR,ERR,ERR,ERR,ERR,ERR,ERR,ERR,ERR,ERR,ERR,ERR,ERR,ERR,ERR,ERR,ERR,ERR,ERR,ERR,ERR,ERR,ERR,ERR,ERR,ERR,ERR,ERR,ERR,ERR,ERR,ERR,ERR,ERR,ERR,ERR,ERR,ERR,50.0,60.0,100,0.0,0.0,0.0,0.0,0.0,0.0,0.0,0.0,0.0,0.0,0.0,0.0,0.0,0.0,0.0,0.0,61.6,65,20,65521,50,65476,0,300,0,0,8,20529,65476,0,0,26214,60.0,0.0,0.0,0.0,0.0,0.0
2026-05-17T16:21:11,ERR,ERR,ERR,ERR,ERR,ERR,ERR,ERR,ERR,ERR,ERR,ERR,ERR,ERR,ERR,ERR,ERR,ERR,ERR,ERR,ERR,ERR,ERR,ERR,ERR,ERR,ERR,ERR,ERR,ERR,ERR,ERR,ERR,ERR,ERR,ERR,ERR,ERR,ERR,ERR,ERR,ERR,ERR,ERR,ERR,ERR,ERR,ERR,ERR,ERR,ERR,ERR,ERR,ERR,ERR,ERR,ERR,ERR,ERR,ERR,ERR,ERR,ERR,ERR,ERR,ERR,ERR,ERR,ERR,ERR,ERR,ERR,ERR,ERR,ERR,ERR,ERR,ERR,ERR,ERR,ERR,ERR,ERR,ERR,ERR,ERR,ERR,ERR,ERR,ERR,ERR,ERR,ERR,ERR,ERR,ERR,ERR,ERR,ERR,ERR,ERR,ERR,ERR,ERR,ERR,ERR,ERR,ERR,ERR,ERR,ERR,ERR,ERR,ERR,ERR,ERR,ERR,ERR,ERR,ERR,ERR,ERR,ERR,ERR,ERR,0.0,-107615288.0,-0.0,0.0,0.0,1.3936040501711995e+18,7.805,0.0,0,0,4,0,8422,0.0,45,0.0,0.0,0.0,0.0,0.0,0,0,0,0,0.0,0,0,0,0,0,0,0,0,0,0,0,0,0,0,0,0,0,0,0,0,0,0,0,0,0,0,0,0,0,0,0,0,0,38,14,7,45,65476,0,300,0,0,8,21553,0.0,-107605600.0,0.0,0.0,0.0,0.0,0.0,0.0,0.0,0.0,0.0,0.0,0.0,0.0,0.0,0.0,0.0,0.0,0.0,0.0,0.0,0.0,0.0,-2.004,-0.0,0.0,0.0,0.0,0.0,0.0,5064.0,0.0,0.0,0.0,-107615288.0,0.0,-0.0,0.0,0.0,0.0,0.0,53,71.63,-0.0,0.0,0.0,0.0,0.0,0.0,0.0,0.0,0,0,0,0.0,0.0,0.0,0.0,0.0,0.0,0.0,0.0,0.0,0.0,0.0,0.0,0.0,0.0,0.0,0.0,0,-107875648.0,53,0.0,106,-107614832.0,-107350944.0,ERR,ERR,ERR,ERR,ERR,ERR,ERR,ERR,ERR,ERR,ERR,ERR,ERR,ERR,ERR,ERR,ERR,ERR,ERR,ERR,ERR,ERR,ERR,ERR,ERR,ERR,ERR,ERR,ERR,ERR,ERR,ERR,ERR,ERR,ERR,ERR,ERR,ERR,ERR,ERR,ERR,ERR,ERR,ERR,ERR,ERR,ERR,ERR,ERR,ERR,ERR,ERR,ERR,ERR,ERR,ERR,ERR,ERR,ERR,ERR,ERR,ERR,ERR,ERR,ERR,ERR,ERR,50.0,60.0,100,0.0,0.0,0.0,0.0,0.0,0.0,0.0,0.0,0.0,0.0,0.0,0.0,0.0,0.0,0.0,0.0,61.6,65,20,65521,50,65476,0,300,0,0,8,20529,65476,0,0,26214,60.0,0.0,0.0,0.0,0.0,0.0
2026-05-17T16:21:12,ERR,ERR,ERR,ERR,ERR,ERR,ERR,ERR,ERR,ERR,ERR,ERR,ERR,ERR,ERR,ERR,ERR,ERR,ERR,ERR,ERR,ERR,ERR,ERR,ERR,ERR,ERR,ERR,ERR,ERR,ERR,ERR,ERR,ERR,ERR,ERR,ERR,ERR,ERR,ERR,ERR,ERR,ERR,ERR,ERR,ERR,ERR,ERR,ERR,ERR,ERR,ERR,ERR,ERR,ERR,ERR,ERR,ERR,ERR,ERR,ERR,ERR,ERR,ERR,ERR,ERR,ERR,ERR,ERR,ERR,ERR,ERR,ERR,ERR,ERR,ERR,ERR,ERR,ERR,ERR,ERR,ERR,ERR,ERR,ERR,ERR,ERR,ERR,ERR,ERR,ERR,ERR,ERR,ERR,ERR,ERR,ERR,ERR,ERR,ERR,ERR,ERR,ERR,ERR,ERR,ERR,ERR,ERR,ERR,ERR,ERR,ERR,ERR,ERR,ERR,ERR,ERR,ERR,ERR,ERR,ERR,ERR,ERR,ERR,ERR,0.0,-107615288.0,-0.0,0.0,0.0,1.3936040501711995e+18,7.805,0.0,0,0,4,0,8422,0.0,45,0.0,0.0,0.0,0.0,0.0,0,0,0,0,0.0,0,0,0,0,0,0,0,0,0,0,0,0,0,0,0,0,0,0,0,0,0,0,0,0,0,0,0,0,0,0,0,0,0,38,14,7,45,65476,0,300,0,0,8,21553,0.0,-107605600.0,0.0,0.0,0.0,0.0,0.0,0.0,0.0,0.0,0.0,0.0,0.0,0.0,0.0,0.0,0.0,0.0,0.0,0.0,0.0,0.0,0.0,-2.004,-0.0,0.0,0.0,0.0,0.0,0.0,5064.0,0.0,0.0,0.0,-107615288.0,0.0,-0.0,0.0,0.0,0.0,0.0,53,71.63,-0.0,0.0,0.0,0.0,0.0,0.0,0.0,0.0,0,0,0,0.0,0.0,0.0,0.0,0.0,0.0,0.0,0.0,0.0,0.0,0.0,0.0,0.0,0.0,0.0,0.0,0,-107875648.0,53,0.0,106,-107614832.0,-107350944.0,ERR,ERR,ERR,ERR,ERR,ERR,ERR,ERR,ERR,ERR,ERR,ERR,ERR,ERR,ERR,ERR,ERR,ERR,ERR,ERR,ERR,ERR,ERR,ERR,ERR,ERR,ERR,ERR,ERR,ERR,ERR,ERR,ERR,ERR,ERR,ERR,ERR,ERR,ERR,ERR,ERR,ERR,ERR,ERR,ERR,ERR,ERR,ERR,ERR,ERR,ERR,ERR,ERR,ERR,ERR,ERR,ERR,ERR,ERR,ERR,ERR,ERR,ERR,ERR,ERR,ERR,ERR,50.0,60.0,100,0.0,0.0,0.0,0.0,0.0,0.0,0.0,0.0,0.0,0.0,0.0,0.0,0.0,0.0,0.0,0.0,61.6,65,20,65521,50,65476,0,300,0,0,8,20529,65476,0,0,26214,60.0,0.0,0.0,0.0,0.0,0.0
2026-05-17T16:21:13,ERR,ERR,ERR,ERR,ERR,ERR,ERR,ERR,ERR,ERR,ERR,ERR,ERR,ERR,ERR,ERR,ERR,ERR,ERR,ERR,ERR,ERR,ERR,ERR,ERR,ERR,ERR,ERR,ERR,ERR,ERR,ERR,ERR,ERR,ERR,ERR,ERR,ERR,ERR,ERR,ERR,ERR,ERR,ERR,ERR,ERR,ERR,ERR,ERR,ERR,ERR,ERR,ERR,ERR,ERR,ERR,ERR,ERR,ERR,ERR,ERR,ERR,ERR,ERR,ERR,ERR,ERR,ERR,ERR,ERR,ERR,ERR,ERR,ERR,ERR,ERR,ERR,ERR,ERR,ERR,ERR,ERR,ERR,ERR,ERR,ERR,ERR,ERR,ERR,ERR,ERR,ERR,ERR,ERR,ERR,ERR,ERR,ERR,ERR,ERR,ERR,ERR,ERR,ERR,ERR,ERR,ERR,ERR,ERR,ERR,ERR,ERR,ERR,ERR,ERR,ERR,ERR,ERR,ERR,ERR,ERR,ERR,ERR,ERR,ERR,0.0,-107615288.0,-0.0,0.0,0.0,1.3936040501711995e+18,7.805,0.0,0,0,4,0,8422,0.0,45,0.0,0.0,0.0,0.0,0.0,0,0,0,0,0.0,0,0,0,0,0,0,0,0,0,0,0,0,0,0,0,0,0,0,0,0,0,0,0,0,0,0,0,0,0,0,0,0,0,38,14,7,45,65476,0,300,0,0,8,21553,0.0,-107605600.0,0.0,0.0,0.0,0.0,0.0,0.0,0.0,0.0,0.0,0.0,0.0,0.0,0.0,0.0,0.0,0.0,0.0,0.0,0.0,0.0,0.0,-2.004,-0.0,0.0,0.0,0.0,0.0,0.0,5064.0,0.0,0.0,0.0,-107615288.0,0.0,-0.0,0.0,0.0,0.0,0.0,53,71.63,-0.0,0.0,0.0,0.0,0.0,0.0,0.0,0.0,0,0,0,0.0,0.0,0.0,0.0,0.0,0.0,0.0,0.0,0.0,0.0,0.0,0.0,0.0,0.0,0.0,0.0,0,-107875648.0,53,0.0,106,-107614832.0,-107350944.0,ERR,ERR,ERR,ERR,ERR,ERR,ERR,ERR,ERR,ERR,ERR,ERR,ERR,ERR,ERR,ERR,ERR,ERR,ERR,ERR,ERR,ERR,ERR,ERR,ERR,ERR,ERR,ERR,ERR,ERR,ERR,ERR,ERR,ERR,ERR,ERR,ERR,ERR,ERR,ERR,ERR,ERR,ERR,ERR,ERR,ERR,ERR,ERR,ERR,ERR,ERR,ERR,ERR,ERR,ERR,ERR,ERR,ERR,ERR,ERR,ERR,ERR,ERR,ERR,ERR,ERR,ERR,50.0,60.0,100,0.0,0.0,0.0,0.0,0.0,0.0,0.0,0.0,0.0,0.0,0.0,0.0,0.0,0.0,0.0,0.0,61.6,65,20,65521,50,65476,0,300,0,0,8,20529,65476,0,0,26214,60.0,0.0,0.0,0.0,0.0,0.0
2026-05-17T16:21:14,ERR,ERR,ERR,ERR,ERR,ERR,ERR,ERR,ERR,ERR,ERR,ERR,ERR,ERR,ERR,ERR,ERR,ERR,ERR,ERR,ERR,ERR,ERR,ERR,ERR,ERR,ERR,ERR,ERR,ERR,ERR,ERR,ERR,ERR,ERR,ERR,ERR,ERR,ERR,ERR,ERR,ERR,ERR,ERR,ERR,ERR,ERR,ERR,ERR,ERR,ERR,ERR,ERR,ERR,ERR,ERR,ERR,ERR,ERR,ERR,ERR,ERR,ERR,ERR,ERR,ERR,ERR,ERR,ERR,ERR,ERR,ERR,ERR,ERR,ERR,ERR,ERR,ERR,ERR,ERR,ERR,ERR,ERR,ERR,ERR,ERR,ERR,ERR,ERR,ERR,ERR,ERR,ERR,ERR,ERR,ERR,ERR,ERR,ERR,ERR,ERR,ERR,ERR,ERR,ERR,ERR,ERR,ERR,ERR,ERR,ERR,ERR,ERR,ERR,ERR,ERR,ERR,ERR,ERR,ERR,ERR,ERR,ERR,ERR,ERR,0.0,-107615288.0,-0.0,0.0,0.0,1.3936040501711995e+18,7.805,0.0,0,0,4,0,8422,0.0,45,0.0,0.0,0.0,0.0,0.0,0,0,0,0,0.0,0,0,0,0,0,0,0,0,0,0,0,0,0,0,0,0,0,0,0,0,0,0,0,0,0,0,0,0,0,0,0,0,0,38,14,7,45,65476,0,300,0,0,8,21553,0.0,-107605600.0,0.0,0.0,0.0,0.0,0.0,0.0,0.0,0.0,0.0,0.0,0.0,0.0,0.0,0.0,0.0,0.0,0.0,0.0,0.0,0.0,0.0,-2.004,-0.0,0.0,0.0,0.0,0.0,0.0,5041.0,-2.422988192762658e+24,0.0,0.0,-107615288.0,0.0,-0.0,0.0,0.0,0.0,0.0,53,2.3088403658719416e+20,0.0,0.0,0.0,0.0,0.0,0.0,0.0,0.0,0,0,0,0.0,0.0,0.0,0.0,0.0,0.0,0.0,0.0,0.0,0.0,0.0,0.0,0.0,0.0,0.0,0.0,0,-107875648.0,53,0.0,106,-107614832.0,-107350944.0,ERR,ERR,ERR,ERR,ERR,ERR,ERR,ERR,ERR,ERR,ERR,ERR,ERR,ERR,ERR,ERR,ERR,ERR,ERR,ERR,ERR,ERR,ERR,ERR,ERR,ERR,ERR,ERR,ERR,ERR,ERR,ERR,ERR,ERR,ERR,ERR,ERR,ERR,ERR,ERR,ERR,ERR,ERR,ERR,ERR,ERR,ERR,ERR,ERR,ERR,ERR,ERR,ERR,ERR,ERR,ERR,ERR,ERR,ERR,ERR,ERR,ERR,ERR,ERR,ERR,ERR,ERR,50.0,60.0,100,0.0,0.0,0.0,0.0,0.0,0.0,0.0,0.0,0.0,0.0,0.0,0.0,0.0,0.0,0.0,0.0,61.6,65,20,65521,50,65476,0,300,0,0,8,20529,65476,0,0,26214,60.0,0.0,0.0,0.0,0.0,0.0
2026-05-17T16:21:15,ERR,ERR,ERR,ERR,ERR,ERR,ERR,ERR,ERR,ERR,ERR,ERR,ERR,ERR,ERR,ERR,ERR,ERR,ERR,ERR,ERR,ERR,ERR,ERR,ERR,ERR,ERR,ERR,ERR,ERR,ERR,ERR,ERR,ERR,ERR,ERR,ERR,ERR,ERR,ERR,ERR,ERR,ERR,ERR,ERR,ERR,ERR,ERR,ERR,ERR,ERR,ERR,ERR,ERR,ERR,ERR,ERR,ERR,ERR,ERR,ERR,ERR,ERR,ERR,ERR,ERR,ERR,ERR,ERR,ERR,ERR,ERR,ERR,ERR,ERR,ERR,ERR,ERR,ERR,ERR,ERR,ERR,ERR,ERR,ERR,ERR,ERR,ERR,ERR,ERR,ERR,ERR,ERR,ERR,ERR,ERR,ERR,ERR,ERR,ERR,ERR,ERR,ERR,ERR,ERR,ERR,ERR,ERR,ERR,ERR,ERR,ERR,ERR,ERR,ERR,ERR,ERR,ERR,ERR,ERR,ERR,ERR,ERR,ERR,ERR,0.0,-107615288.0,-0.0,0.0,0.0,1.3936040501711995e+18,7.805,0.0,0,0,4,0,8422,0.0,45,0.0,0.0,0.0,0.0,0.0,0,0,0,0,0.0,0,0,0,0,0,0,0,0,0,0,0,0,0,0,0,0,0,0,0,0,0,0,0,0,0,0,0,0,0,0,0,0,0,38,14,7,45,65476,0,300,0,0,8,21553,0.0,-107605600.0,0.0,0.0,0.0,0.0,0.0,0.0,0.0,0.0,0.0,0.0,0.0,0.0,0.0,0.0,0.0,0.0,0.0,0.0,0.0,0.0,0.0,-2.004,-0.0,0.0,0.0,0.0,0.0,0.0,5041.0,-2.422988192762658e+24,0.0,0.0,-107615288.0,0.0,-0.0,0.0,0.0,0.0,0.0,53,2.3088403658719416e+20,0.0,0.0,0.0,0.0,0.0,0.0,0.0,0.0,0,0,0,0.0,0.0,0.0,0.0,0.0,0.0,0.0,0.0,0.0,0.0,0.0,0.0,0.0,0.0,0.0,0.0,0,-107875648.0,53,0.0,106,-107614832.0,-107350944.0,ERR,ERR,ERR,ERR,ERR,ERR,ERR,ERR,ERR,ERR,ERR,ERR,ERR,ERR,ERR,ERR,ERR,ERR,ERR,ERR,ERR,ERR,ERR,ERR,ERR,ERR,ERR,ERR,ERR,ERR,ERR,ERR,ERR,ERR,ERR,ERR,ERR,ERR,ERR,ERR,ERR,ERR,ERR,ERR,ERR,ERR,ERR,ERR,ERR,ERR,ERR,ERR,ERR,ERR,ERR,ERR,ERR,ERR,ERR,ERR,ERR,ERR,ERR,ERR,ERR,ERR,ERR,50.0,60.0,100,0.0,0.0,0.0,0.0,0.0,0.0,0.0,0.0,0.0,0.0,0.0,0.0,0.0,0.0,0.0,0.0,62.0,65,20,65521,50,65476,0,300,0,0,8,20529,65476,0,0,26214,60.0,0.0,0.0,0.0,0.0,0.0
2026-05-17T16:21:16,ERR,ERR,ERR,ERR,ERR,ERR,ERR,ERR,ERR,ERR,ERR,ERR,ERR,ERR,ERR,ERR,ERR,ERR,ERR,ERR,ERR,ERR,ERR,ERR,ERR,ERR,ERR,ERR,ERR,ERR,ERR,ERR,ERR,ERR,ERR,ERR,ERR,ERR,ERR,ERR,ERR,ERR,ERR,ERR,ERR,ERR,ERR,ERR,ERR,ERR,ERR,ERR,ERR,ERR,ERR,ERR,ERR,ERR,ERR,ERR,ERR,ERR,ERR,ERR,ERR,ERR,ERR,ERR,ERR,ERR,ERR,ERR,ERR,ERR,ERR,ERR,ERR,ERR,ERR,ERR,ERR,ERR,ERR,ERR,ERR,ERR,ERR,ERR,ERR,ERR,ERR,ERR,ERR,ERR,ERR,ERR,ERR,ERR,ERR,ERR,ERR,ERR,ERR,ERR,ERR,ERR,ERR,ERR,ERR,ERR,ERR,ERR,ERR,ERR,ERR,ERR,ERR,ERR,ERR,ERR,ERR,ERR,ERR,ERR,ERR,0.0,-107615288.0,-0.0,0.0,0.0,1.3936040501711995e+18,7.805,0.0,0,0,4,0,8422,0.0,45,0.0,0.0,0.0,0.0,0.0,0,0,0,0,0.0,0,0,0,0,0,0,0,0,0,0,0,0,0,0,0,0,0,0,0,0,0,0,0,0,0,0,0,0,0,0,0,0,0,38,14,7,45,65476,0,300,0,0,8,21553,0.0,-107605600.0,0.0,0.0,0.0,0.0,0.0,0.0,0.0,0.0,0.0,0.0,0.0,0.0,0.0,0.0,0.0,0.0,0.0,0.0,0.0,0.0,0.0,-2.004,-0.0,0.0,0.0,0.0,0.0,0.0,5041.0,-2.422988192762658e+24,0.0,0.0,-107615288.0,0.0,-0.0,0.0,0.0,0.0,0.0,53,2.3088403658719416e+20,0.0,0.0,0.0,0.0,0.0,0.0,0.0,0.0,0,0,0,0.0,0.0,0.0,0.0,0.0,0.0,0.0,0.0,0.0,0.0,0.0,0.0,0.0,0.0,0.0,0.0,0,-107875648.0,53,0.0,106,-107614832.0,-107350944.0,ERR,ERR,ERR,ERR,ERR,ERR,ERR,ERR,ERR,ERR,ERR,ERR,ERR,ERR,ERR,ERR,ERR,ERR,ERR,ERR,ERR,ERR,ERR,ERR,ERR,ERR,ERR,ERR,ERR,ERR,ERR,ERR,ERR,ERR,ERR,ERR,ERR,ERR,ERR,ERR,ERR,ERR,ERR,ERR,ERR,ERR,ERR,ERR,ERR,ERR,ERR,ERR,ERR,ERR,ERR,ERR,ERR,ERR,ERR,ERR,ERR,ERR,ERR,ERR,ERR,ERR,ERR,50.0,60.0,100,0.0,0.0,0.0,0.0,0.0,0.0,0.0,0.0,0.0,0.0,0.0,0.0,0.0,0.0,0.0,0.0,62.0,65,20,65521,50,65476,0,300,0,0,8,20529,65476,0,0,26214,60.0,0.0,0.0,0.0,0.0,0.0
2026-05-17T16:21:17,ERR,ERR,ERR,ERR,ERR,ERR,ERR,ERR,ERR,ERR,ERR,ERR,ERR,ERR,ERR,ERR,ERR,ERR,ERR,ERR,ERR,ERR,ERR,ERR,ERR,ERR,ERR,ERR,ERR,ERR,ERR,ERR,ERR,ERR,ERR,ERR,ERR,ERR,ERR,ERR,ERR,ERR,ERR,ERR,ERR,ERR,ERR,ERR,ERR,ERR,ERR,ERR,ERR,ERR,ERR,ERR,ERR,ERR,ERR,ERR,ERR,ERR,ERR,ERR,ERR,ERR,ERR,ERR,ERR,ERR,ERR,ERR,ERR,ERR,ERR,ERR,ERR,ERR,ERR,ERR,ERR,ERR,ERR,ERR,ERR,ERR,ERR,ERR,ERR,ERR,ERR,ERR,ERR,ERR,ERR,ERR,ERR,ERR,ERR,ERR,ERR,ERR,ERR,ERR,ERR,ERR,ERR,ERR,ERR,ERR,ERR,ERR,ERR,ERR,ERR,ERR,ERR,ERR,ERR,ERR,ERR,ERR,ERR,ERR,ERR,0.0,-107615288.0,-0.0,0.0,0.0,1.3936040501711995e+18,7.805,0.0,0,0,4,0,8422,0.0,45,0.0,0.0,0.0,0.0,0.0,0,0,0,0,0.0,0,0,0,0,0,0,0,0,0,0,0,0,0,0,0,0,0,0,0,0,0,0,0,0,0,0,0,0,0,0,0,0,0,38,14,7,45,65476,0,300,0,0,8,21553,0.0,-107605600.0,0.0,0.0,0.0,0.0,0.0,0.0,0.0,0.0,0.0,0.0,0.0,0.0,0.0,0.0,0.0,0.0,0.0,0.0,0.0,0.0,0.0,-2.004,-0.0,0.0,0.0,0.0,0.0,0.0,5041.0,-2.422988192762658e+24,0.0,0.0,-107615288.0,0.0,-0.0,0.0,0.0,0.0,0.0,53,2.3088403658719416e+20,0.0,0.0,0.0,0.0,0.0,0.0,0.0,0.0,0,0,0,0.0,0.0,0.0,0.0,0.0,0.0,0.0,0.0,0.0,0.0,0.0,0.0,0.0,0.0,0.0,0.0,0,-107875648.0,53,0.0,106,-107614832.0,-107350944.0,ERR,ERR,ERR,ERR,ERR,ERR,ERR,ERR,ERR,ERR,ERR,ERR,ERR,ERR,ERR,ERR,ERR,ERR,ERR,ERR,ERR,ERR,ERR,ERR,ERR,ERR,ERR,ERR,ERR,ERR,ERR,ERR,ERR,ERR,ERR,ERR,ERR,ERR,ERR,ERR,ERR,ERR,ERR,ERR,ERR,ERR,ERR,ERR,ERR,ERR,ERR,ERR,ERR,ERR,ERR,ERR,ERR,ERR,ERR,ERR,ERR,ERR,ERR,ERR,ERR,ERR,ERR,50.0,60.0,100,0.0,0.0,0.0,0.0,0.0,0.0,0.0,0.0,0.0,0.0,0.0,0.0,0.0,0.0,0.0,0.0,61.6,65,20,65521,50,65476,0,300,0,0,8,20529,65476,0,0,26214,60.0,0.0,0.0,0.0,0.0,0.0
2026-05-17T16:21:18,ERR,ERR,ERR,ERR,ERR,ERR,ERR,ERR,ERR,ERR,ERR,ERR,ERR,ERR,ERR,ERR,ERR,ERR,ERR,ERR,ERR,ERR,ERR,ERR,ERR,ERR,ERR,ERR,ERR,ERR,ERR,ERR,ERR,ERR,ERR,ERR,ERR,ERR,ERR,ERR,ERR,ERR,ERR,ERR,ERR,ERR,ERR,ERR,ERR,ERR,ERR,ERR,ERR,ERR,ERR,ERR,ERR,ERR,ERR,ERR,ERR,ERR,ERR,ERR,ERR,ERR,ERR,ERR,ERR,ERR,ERR,ERR,ERR,ERR,ERR,ERR,ERR,ERR,ERR,ERR,ERR,ERR,ERR,ERR,ERR,ERR,ERR,ERR,ERR,ERR,ERR,ERR,ERR,ERR,ERR,ERR,ERR,ERR,ERR,ERR,ERR,ERR,ERR,ERR,ERR,ERR,ERR,ERR,ERR,ERR,ERR,ERR,ERR,ERR,ERR,ERR,ERR,ERR,ERR,ERR,ERR,ERR,ERR,ERR,ERR,0.0,-107615288.0,-0.0,0.0,0.0,1.3936040501711995e+18,7.805,0.0,0,0,4,0,8422,0.0,45,0.0,0.0,0.0,0.0,0.0,0,0,0,0,0.0,0,0,0,0,0,0,0,0,0,0,0,0,0,0,0,0,0,0,0,0,0,0,0,0,0,0,0,0,0,0,0,0,0,38,14,7,45,65476,0,300,0,0,8,21553,0.0,-107605600.0,0.0,0.0,0.0,0.0,0.0,0.0,0.0,0.0,0.0,0.0,0.0,0.0,0.0,0.0,0.0,0.0,0.0,0.0,0.0,0.0,0.0,-2.004,-0.0,0.0,0.0,0.0,0.0,0.0,5041.0,-2.422988192762658e+24,0.0,0.0,-107615288.0,0.0,-0.0,0.0,0.0,0.0,0.0,53,2.3088403658719416e+20,0.0,0.0,0.0,0.0,0.0,0.0,0.0,0.0,0,0,0,0.0,0.0,0.0,0.0,0.0,0.0,0.0,0.0,0.0,0.0,0.0,0.0,0.0,0.0,0.0,0.0,0,-107875648.0,53,0.0,106,-107614832.0,-107350944.0,ERR,ERR,ERR,ERR,ERR,ERR,ERR,ERR,ERR,ERR,ERR,ERR,ERR,ERR,ERR,ERR,ERR,ERR,ERR,ERR,ERR,ERR,ERR,ERR,ERR,ERR,ERR,ERR,ERR,ERR,ERR,ERR,ERR,ERR,ERR,ERR,ERR,ERR,ERR,ERR,ERR,ERR,ERR,ERR,ERR,ERR,ERR,ERR,ERR,ERR,ERR,ERR,ERR,ERR,ERR,ERR,ERR,ERR,ERR,ERR,ERR,ERR,ERR,ERR,ERR,ERR,ERR,50.0,60.0,100,0.0,0.0,0.0,0.0,0.0,0.0,0.0,0.0,0.0,0.0,0.0,0.0,0.0,0.0,0.0,0.0,61.6,65,20,65521,50,65476,0,300,0,0,8,20529,65476,0,0,26214,60.0,0.0,0.0,0.0,0.0,0.0
2026-05-17T16:21:19,ERR,ERR,ERR,ERR,ERR,ERR,ERR,ERR,ERR,ERR,ERR,ERR,ERR,ERR,ERR,ERR,ERR,ERR,ERR,ERR,ERR,ERR,ERR,ERR,ERR,ERR,ERR,ERR,ERR,ERR,ERR,ERR,ERR,ERR,ERR,ERR,ERR,ERR,ERR,ERR,ERR,ERR,ERR,ERR,ERR,ERR,ERR,ERR,ERR,ERR,ERR,ERR,ERR,ERR,ERR,ERR,ERR,ERR,ERR,ERR,ERR,ERR,ERR,ERR,ERR,ERR,ERR,ERR,ERR,ERR,ERR,ERR,ERR,ERR,ERR,ERR,ERR,ERR,ERR,ERR,ERR,ERR,ERR,ERR,ERR,ERR,ERR,ERR,ERR,ERR,ERR,ERR,ERR,ERR,ERR,ERR,ERR,ERR,ERR,ERR,ERR,ERR,ERR,ERR,ERR,ERR,ERR,ERR,ERR,ERR,ERR,ERR,ERR,ERR,ERR,ERR,ERR,ERR,ERR,ERR,ERR,ERR,ERR,ERR,ERR,0.0,-107615288.0,-0.0,0.0,0.0,1.3936040501711995e+18,7.805,0.0,0,0,4,0,8422,0.0,45,0.0,0.0,0.0,0.0,0.0,0,0,0,0,0.0,0,0,0,0,0,0,0,0,0,0,0,0,0,0,0,0,0,0,0,0,0,0,0,0,0,0,0,0,0,0,0,0,0,38,14,7,45,65476,0,300,0,0,8,21553,0.0,-107605600.0,0.0,0.0,0.0,0.0,0.0,0.0,0.0,0.0,0.0,0.0,0.0,0.0,0.0,0.0,0.0,0.0,0.0,0.0,0.0,0.0,0.0,-2.004,-0.0,0.0,0.0,0.0,0.0,0.0,5069.0,0.0,0.0,0.0,-107615288.0,0.0,-0.0,0.0,0.0,0.0,0.0,53,2.3088403658719416e+20,89220.578,0.0,0.0,0.0,0.0,0.0,0.0,0.0,0,0,0,0.0,0.0,0.0,0.0,0.0,0.0,0.0,0.0,0.0,0.0,0.0,0.0,0.0,0.0,0.0,0.0,0,-107875648.0,53,0.0,106,-107614832.0,-107350944.0,ERR,ERR,ERR,ERR,ERR,ERR,ERR,ERR,ERR,ERR,ERR,ERR,ERR,ERR,ERR,ERR,ERR,ERR,ERR,ERR,ERR,ERR,ERR,ERR,ERR,ERR,ERR,ERR,ERR,ERR,ERR,ERR,ERR,ERR,ERR,ERR,ERR,ERR,ERR,ERR,ERR,ERR,ERR,ERR,ERR,ERR,ERR,ERR,ERR,ERR,ERR,ERR,ERR,ERR,ERR,ERR,ERR,ERR,ERR,ERR,ERR,ERR,ERR,ERR,ERR,ERR,ERR,50.0,60.0,100,0.0,0.0,0.0,0.0,0.0,0.0,0.0,0.0,0.0,0.0,0.0,0.0,0.0,0.0,0.0,0.0,61.6,65,20,65521,50,65476,0,300,0,0,8,20529,65476,0,0,26214,60.0,0.0,0.0,0.0,0.0,0.0
2026-05-17T16:21:20,ERR,ERR,ERR,ERR,ERR,ERR,ERR,ERR,ERR,ERR,ERR,ERR,ERR,ERR,ERR,ERR,ERR,ERR,ERR,ERR,ERR,ERR,ERR,ERR,ERR,ERR,ERR,ERR,ERR,ERR,ERR,ERR,ERR,ERR,ERR,ERR,ERR,ERR,ERR,ERR,ERR,ERR,ERR,ERR,ERR,ERR,ERR,ERR,ERR,ERR,ERR,ERR,ERR,ERR,ERR,ERR,ERR,ERR,ERR,ERR,ERR,ERR,ERR,ERR,ERR,ERR,ERR,ERR,ERR,ERR,ERR,ERR,ERR,ERR,ERR,ERR,ERR,ERR,ERR,ERR,ERR,ERR,ERR,ERR,ERR,ERR,ERR,ERR,ERR,ERR,ERR,ERR,ERR,ERR,ERR,ERR,ERR,ERR,ERR,ERR,ERR,ERR,ERR,ERR,ERR,ERR,ERR,ERR,ERR,ERR,ERR,ERR,ERR,ERR,ERR,ERR,ERR,ERR,ERR,ERR,ERR,ERR,ERR,ERR,ERR,0.0,-107615288.0,-0.0,0.0,0.0,1.3936040501711995e+18,7.805,0.0,0,0,4,0,8422,0.0,45,0.0,0.0,0.0,0.0,0.0,0,0,0,0,0.0,0,0,0,0,0,0,0,0,0,0,0,0,0,0,0,0,0,0,0,0,0,0,0,0,0,0,0,0,0,0,0,0,0,38,14,7,45,65476,0,300,0,0,8,21553,0.0,-107605600.0,0.0,0.0,0.0,0.0,0.0,0.0,0.0,0.0,0.0,0.0,0.0,0.0,0.0,0.0,0.0,0.0,0.0,0.0,0.0,0.0,0.0,-2.004,-0.0,0.0,0.0,0.0,0.0,0.0,5069.0,0.0,0.0,0.0,-107615288.0,0.0,-0.0,0.0,0.0,0.0,0.0,53,2.3088403658719416e+20,89220.578,0.0,0.0,0.0,0.0,0.0,0.0,0.0,0,0,0,0.0,0.0,0.0,0.0,0.0,0.0,0.0,0.0,0.0,0.0,0.0,0.0,0.0,0.0,0.0,0.0,0,-107875648.0,53,0.0,106,-107614832.0,-107350944.0,ERR,ERR,ERR,ERR,ERR,ERR,ERR,ERR,ERR,ERR,ERR,ERR,ERR,ERR,ERR,ERR,ERR,ERR,ERR,ERR,ERR,ERR,ERR,ERR,ERR,ERR,ERR,ERR,ERR,ERR,ERR,ERR,ERR,ERR,ERR,ERR,ERR,ERR,ERR,ERR,ERR,ERR,ERR,ERR,ERR,ERR,ERR,ERR,ERR,ERR,ERR,ERR,ERR,ERR,ERR,ERR,ERR,ERR,ERR,ERR,ERR,ERR,ERR,ERR,ERR,ERR,ERR,50.0,60.0,100,0.0,0.0,0.0,0.0,0.0,0.0,0.0,0.0,0.0,0.0,0.0,0.0,0.0,0.0,0.0,0.0,61.6,65,20,65521,50,65476,0,300,0,0,8,20529,65476,0,0,26214,60.0,0.0,0.0,0.0,0.0,0.0
2026-05-17T16:21:21,ERR,ERR,ERR,ERR,ERR,ERR,ERR,ERR,ERR,ERR,ERR,ERR,ERR,ERR,ERR,ERR,ERR,ERR,ERR,ERR,ERR,ERR,ERR,ERR,ERR,ERR,ERR,ERR,ERR,ERR,ERR,ERR,ERR,ERR,ERR,ERR,ERR,ERR,ERR,ERR,ERR,ERR,ERR,ERR,ERR,ERR,ERR,ERR,ERR,ERR,ERR,ERR,ERR,ERR,ERR,ERR,ERR,ERR,ERR,ERR,ERR,ERR,ERR,ERR,ERR,ERR,ERR,ERR,ERR,ERR,ERR,ERR,ERR,ERR,ERR,ERR,ERR,ERR,ERR,ERR,ERR,ERR,ERR,ERR,ERR,ERR,ERR,ERR,ERR,ERR,ERR,ERR,ERR,ERR,ERR,ERR,ERR,ERR,ERR,ERR,ERR,ERR,ERR,ERR,ERR,ERR,ERR,ERR,ERR,ERR,ERR,ERR,ERR,ERR,ERR,ERR,ERR,ERR,ERR,ERR,ERR,ERR,ERR,ERR,ERR,0.0,-107615288.0,-0.0,0.0,0.0,1.3936040501711995e+18,7.805,0.0,0,0,4,0,8422,0.0,45,0.0,0.0,0.0,0.0,0.0,0,0,0,0,0.0,0,0,0,0,0,0,0,0,0,0,0,0,0,0,0,0,0,0,0,0,0,0,0,0,0,0,0,0,0,0,0,0,0,38,14,7,45,65476,0,300,0,0,8,21553,0.0,-107605600.0,0.0,0.0,0.0,0.0,0.0,0.0,0.0,0.0,0.0,0.0,0.0,0.0,0.0,0.0,0.0,0.0,0.0,0.0,0.0,0.0,0.0,-2.004,-0.0,0.0,0.0,0.0,0.0,0.0,5069.0,0.0,0.0,0.0,-107615288.0,0.0,-0.0,0.0,0.0,0.0,0.0,53,2.3088403658719416e+20,89220.578,0.0,0.0,0.0,0.0,0.0,0.0,0.0,0,0,0,0.0,0.0,0.0,0.0,0.0,0.0,0.0,0.0,0.0,0.0,0.0,0.0,0.0,0.0,0.0,0.0,0,-107875648.0,53,0.0,106,-107614832.0,-107350944.0,ERR,ERR,ERR,ERR,ERR,ERR,ERR,ERR,ERR,ERR,ERR,ERR,ERR,ERR,ERR,ERR,ERR,ERR,ERR,ERR,ERR,ERR,ERR,ERR,ERR,ERR,ERR,ERR,ERR,ERR,ERR,ERR,ERR,ERR,ERR,ERR,ERR,ERR,ERR,ERR,ERR,ERR,ERR,ERR,ERR,ERR,ERR,ERR,ERR,ERR,ERR,ERR,ERR,ERR,ERR,ERR,ERR,ERR,ERR,ERR,ERR,ERR,ERR,ERR,ERR,ERR,ERR,50.0,60.0,100,0.0,0.0,0.0,0.0,0.0,0.0,0.0,0.0,0.0,0.0,0.0,0.0,0.0,0.0,0.0,0.0,61.6,65,20,65521,50,65476,0,300,0,0,8,20529,65476,0,0,26214,60.0,0.0,0.0,0.0,0.0,0.0
2026-05-17T16:21:22,ERR,ERR,ERR,ERR,ERR,ERR,ERR,ERR,ERR,ERR,ERR,ERR,ERR,ERR,ERR,ERR,ERR,ERR,ERR,ERR,ERR,ERR,ERR,ERR,ERR,ERR,ERR,ERR,ERR,ERR,ERR,ERR,ERR,ERR,ERR,ERR,ERR,ERR,ERR,ERR,ERR,ERR,ERR,ERR,ERR,ERR,ERR,ERR,ERR,ERR,ERR,ERR,ERR,ERR,ERR,ERR,ERR,ERR,ERR,ERR,ERR,ERR,ERR,ERR,ERR,ERR,ERR,ERR,ERR,ERR,ERR,ERR,ERR,ERR,ERR,ERR,ERR,ERR,ERR,ERR,ERR,ERR,ERR,ERR,ERR,ERR,ERR,ERR,ERR,ERR,ERR,ERR,ERR,ERR,ERR,ERR,ERR,ERR,ERR,ERR,ERR,ERR,ERR,ERR,ERR,ERR,ERR,ERR,ERR,ERR,ERR,ERR,ERR,ERR,ERR,ERR,ERR,ERR,ERR,ERR,ERR,ERR,ERR,ERR,ERR,0.0,-107615288.0,-0.0,0.0,0.0,1.3936040501711995e+18,7.805,0.0,0,0,4,0,8422,0.0,45,0.0,0.0,0.0,0.0,0.0,0,0,0,0,0.0,0,0,0,0,0,0,0,0,0,0,0,0,0,0,0,0,0,0,0,0,0,0,0,0,0,0,0,0,0,0,0,0,0,38,14,7,45,65476,0,300,0,0,8,21553,0.0,-107605600.0,0.0,0.0,0.0,0.0,0.0,0.0,0.0,0.0,0.0,0.0,0.0,0.0,0.0,0.0,0.0,0.0,0.0,0.0,0.0,0.0,0.0,-2.004,-0.0,0.0,0.0,0.0,0.0,0.0,5069.0,0.0,0.0,0.0,-107615288.0,0.0,-0.0,0.0,0.0,0.0,0.0,53,2.3088403658719416e+20,89220.578,0.0,0.0,0.0,0.0,0.0,0.0,0.0,0,0,0,0.0,0.0,0.0,0.0,0.0,0.0,0.0,0.0,0.0,0.0,0.0,0.0,0.0,0.0,0.0,0.0,0,-107875648.0,53,0.0,106,-107614832.0,-107350944.0,ERR,ERR,ERR,ERR,ERR,ERR,ERR,ERR,ERR,ERR,ERR,ERR,ERR,ERR,ERR,ERR,ERR,ERR,ERR,ERR,ERR,ERR,ERR,ERR,ERR,ERR,ERR,ERR,ERR,ERR,ERR,ERR,ERR,ERR,ERR,ERR,ERR,ERR,ERR,ERR,ERR,ERR,ERR,ERR,ERR,ERR,ERR,ERR,ERR,ERR,ERR,ERR,ERR,ERR,ERR,ERR,ERR,ERR,ERR,ERR,ERR,ERR,ERR,ERR,ERR,ERR,ERR,50.0,60.0,100,0.0,0.0,0.0,0.0,0.0,0.0,0.0,0.0,0.0,0.0,0.0,0.0,0.0,0.0,0.0,0.0,61.6,65,20,65521,50,65476,0,300,0,0,8,20529,65476,0,0,26214,60.0,0.0,0.0,0.0,0.0,0.0
2026-05-17T16:21:23,ERR,ERR,ERR,ERR,ERR,ERR,ERR,ERR,ERR,ERR,ERR,ERR,ERR,ERR,ERR,ERR,ERR,ERR,ERR,ERR,ERR,ERR,ERR,ERR,ERR,ERR,ERR,ERR,ERR,ERR,ERR,ERR,ERR,ERR,ERR,ERR,ERR,ERR,ERR,ERR,ERR,ERR,ERR,ERR,ERR,ERR,ERR,ERR,ERR,ERR,ERR,ERR,ERR,ERR,ERR,ERR,ERR,ERR,ERR,ERR,ERR,ERR,ERR,ERR,ERR,ERR,ERR,ERR,ERR,ERR,ERR,ERR,ERR,ERR,ERR,ERR,ERR,ERR,ERR,ERR,ERR,ERR,ERR,ERR,ERR,ERR,ERR,ERR,ERR,ERR,ERR,ERR,ERR,ERR,ERR,ERR,ERR,ERR,ERR,ERR,ERR,ERR,ERR,ERR,ERR,ERR,ERR,ERR,ERR,ERR,ERR,ERR,ERR,ERR,ERR,ERR,ERR,ERR,ERR,ERR,ERR,ERR,ERR,ERR,ERR,0.0,-107615288.0,-0.0,0.0,0.0,1.3936040501711995e+18,7.805,0.0,0,0,4,0,8422,0.0,45,0.0,0.0,0.0,0.0,0.0,0,0,0,0,0.0,0,0,0,0,0,0,0,0,0,0,0,0,0,0,0,0,0,0,0,0,0,0,0,0,0,0,0,0,0,0,0,0,0,38,14,7,45,65476,0,300,0,0,8,21553,0.0,-107605600.0,0.0,0.0,0.0,0.0,0.0,0.0,0.0,0.0,0.0,0.0,0.0,0.0,0.0,0.0,0.0,0.0,0.0,0.0,0.0,0.0,0.0,-2.004,-0.0,0.0,0.0,0.0,0.0,0.0,5069.0,0.0,0.0,0.0,-107615288.0,0.0,-0.0,0.0,0.0,0.0,0.0,53,2.3088403658719416e+20,89220.578,0.0,0.0,0.0,0.0,0.0,0.0,0.0,0,0,0,0.0,0.0,0.0,0.0,0.0,0.0,0.0,0.0,0.0,0.0,0.0,0.0,0.0,0.0,0.0,0.0,0,-107875648.0,53,0.0,106,-107614832.0,-107350944.0,ERR,ERR,ERR,ERR,ERR,ERR,ERR,ERR,ERR,ERR,ERR,ERR,ERR,ERR,ERR,ERR,ERR,ERR,ERR,ERR,ERR,ERR,ERR,ERR,ERR,ERR,ERR,ERR,ERR,ERR,ERR,ERR,ERR,ERR,ERR,ERR,ERR,ERR,ERR,ERR,ERR,ERR,ERR,ERR,ERR,ERR,ERR,ERR,ERR,ERR,ERR,ERR,ERR,ERR,ERR,ERR,ERR,ERR,ERR,ERR,ERR,ERR,ERR,ERR,ERR,ERR,ERR,50.0,60.0,100,0.0,0.0,0.0,0.0,0.0,0.0,0.0,0.0,0.0,0.0,0.0,0.0,0.0,0.0,0.0,0.0,61.6,65,20,65521,50,65476,0,300,0,0,8,20529,65476,0,0,26214,60.0,0.0,0.0,0.0,0.0,0.0
2026-05-17T16:21:24,ERR,ERR,ERR,ERR,ERR,ERR,ERR,ERR,ERR,ERR,ERR,ERR,ERR,ERR,ERR,ERR,ERR,ERR,ERR,ERR,ERR,ERR,ERR,ERR,ERR,ERR,ERR,ERR,ERR,ERR,ERR,ERR,ERR,ERR,ERR,ERR,ERR,ERR,ERR,ERR,ERR,ERR,ERR,ERR,ERR,ERR,ERR,ERR,ERR,ERR,ERR,ERR,ERR,ERR,ERR,ERR,ERR,ERR,ERR,ERR,ERR,ERR,ERR,ERR,ERR,ERR,ERR,ERR,ERR,ERR,ERR,ERR,ERR,ERR,ERR,ERR,ERR,ERR,ERR,ERR,ERR,ERR,ERR,ERR,ERR,ERR,ERR,ERR,ERR,ERR,ERR,ERR,ERR,ERR,ERR,ERR,ERR,ERR,ERR,ERR,ERR,ERR,ERR,ERR,ERR,ERR,ERR,ERR,ERR,ERR,ERR,ERR,ERR,ERR,ERR,ERR,ERR,ERR,ERR,ERR,ERR,ERR,ERR,ERR,ERR,0.0,-107615288.0,-134474944.0,0.0,0.0,1.3936040501711995e+18,7.805,0.0,0,0,4,0,8422,0.0,45,0.0,0.0,0.0,0.0,0.0,0,0,0,0,0.0,0,0,0,0,0,0,0,0,0,0,0,0,0,0,0,0,0,0,0,0,0,0,0,0,0,0,0,0,0,0,0,0,0,38,14,7,45,65476,0,300,0,0,8,21553,0.0,-107605600.0,0.0,0.0,0.0,0.0,0.0,0.0,0.0,0.0,0.0,0.0,0.0,0.0,0.0,0.0,0.0,0.0,0.0,0.0,0.0,0.0,-2.004,-2.004,-0.0,0.0,0.0,0.0,0.0,0.0,5070.0,564145967595520.0,0.0,0.0,-107615288.0,0.0,-0.0,0.0,0.0,0.0,0.0,53,126841110528.0,-152017313988608.0,0.0,0.0,0.0,0.0,0.0,0.0,0.0,0,0,0,0.0,0.0,0.0,0.0,0.0,0.0,0.0,0.0,0.0,0.0,0.0,0.0,0.0,0.0,0.0,0.0,0,-107875648.0,53,0.0,106,-107614832.0,-107350944.0,ERR,ERR,ERR,ERR,ERR,ERR,ERR,ERR,ERR,ERR,ERR,ERR,ERR,ERR,ERR,ERR,ERR,ERR,ERR,ERR,ERR,ERR,ERR,ERR,ERR,ERR,ERR,ERR,ERR,ERR,ERR,ERR,ERR,ERR,ERR,ERR,ERR,ERR,ERR,ERR,ERR,ERR,ERR,ERR,ERR,ERR,ERR,ERR,ERR,ERR,ERR,ERR,ERR,ERR,ERR,ERR,ERR,ERR,ERR,ERR,ERR,ERR,ERR,ERR,ERR,ERR,ERR,50.0,60.0,100,0.0,0.0,0.0,0.0,0.0,0.0,0.0,0.0,0.0,0.0,0.0,0.0,0.0,0.0,0.0,0.0,61.6,65,20,65521,50,65476,0,300,0,0,8,20529,65476,0,0,26214,60.0,0.0,0.0,0.0,0.0,0.0
2026-05-17T16:21:25,ERR,ERR,ERR,ERR,ERR,ERR,ERR,ERR,ERR,ERR,ERR,ERR,ERR,ERR,ERR,ERR,ERR,ERR,ERR,ERR,ERR,ERR,ERR,ERR,ERR,ERR,ERR,ERR,ERR,ERR,ERR,ERR,ERR,ERR,ERR,ERR,ERR,ERR,ERR,ERR,ERR,ERR,ERR,ERR,ERR,ERR,ERR,ERR,ERR,ERR,ERR,ERR,ERR,ERR,ERR,ERR,ERR,ERR,ERR,ERR,ERR,ERR,ERR,ERR,ERR,ERR,ERR,ERR,ERR,ERR,ERR,ERR,ERR,ERR,ERR,ERR,ERR,ERR,ERR,ERR,ERR,ERR,ERR,ERR,ERR,ERR,ERR,ERR,ERR,ERR,ERR,ERR,ERR,ERR,ERR,ERR,ERR,ERR,ERR,ERR,ERR,ERR,ERR,ERR,ERR,ERR,ERR,ERR,ERR,ERR,ERR,ERR,ERR,ERR,ERR,ERR,ERR,ERR,ERR,ERR,ERR,ERR,ERR,ERR,ERR,0.0,-107615288.0,-134474944.0,0.0,0.0,1.3936040501711995e+18,7.805,0.0,0,0,4,0,8422,0.0,45,0.0,0.0,0.0,0.0,0.0,0,0,0,0,0.0,0,0,0,0,0,0,0,0,0,0,0,0,0,0,0,0,0,0,0,0,0,0,0,0,0,0,0,0,0,0,0,0,0,38,14,7,45,65476,0,300,0,0,8,21553,0.0,-107605600.0,0.0,0.0,0.0,0.0,0.0,0.0,0.0,0.0,0.0,0.0,0.0,0.0,0.0,0.0,0.0,0.0,0.0,0.0,0.0,0.0,-2.004,-2.004,-0.0,0.0,0.0,0.0,0.0,0.0,5070.0,564145967595520.0,0.0,0.0,-107615288.0,0.0,-0.0,0.0,0.0,0.0,0.0,53,126841110528.0,-152017313988608.0,0.0,0.0,0.0,0.0,0.0,0.0,0.0,0,0,0,0.0,0.0,0.0,0.0,0.0,0.0,0.0,0.0,0.0,0.0,0.0,0.0,0.0,0.0,0.0,0.0,0,-107875648.0,53,0.0,106,-107614832.0,-107350944.0,ERR,ERR,ERR,ERR,ERR,ERR,ERR,ERR,ERR,ERR,ERR,ERR,ERR,ERR,ERR,ERR,ERR,ERR,ERR,ERR,ERR,ERR,ERR,ERR,ERR,ERR,ERR,ERR,ERR,ERR,ERR,ERR,ERR,ERR,ERR,ERR,ERR,ERR,ERR,ERR,ERR,ERR,ERR,ERR,ERR,ERR,ERR,ERR,ERR,ERR,ERR,ERR,ERR,ERR,ERR,ERR,ERR,ERR,ERR,ERR,ERR,ERR,ERR,ERR,ERR,ERR,ERR,50.0,60.0,100,0.0,0.0,0.0,0.0,0.0,0.0,0.0,0.0,0.0,0.0,0.0,0.0,0.0,0.0,0.0,0.0,61.6,65,20,65521,50,65476,0,300,0,0,8,20529,65476,0,0,26214,60.0,0.0,0.0,0.0,0.0,0.0
2026-05-17T16:21:26,ERR,ERR,ERR,ERR,ERR,ERR,ERR,ERR,ERR,ERR,ERR,ERR,ERR,ERR,ERR,ERR,ERR,ERR,ERR,ERR,ERR,ERR,ERR,ERR,ERR,ERR,ERR,ERR,ERR,ERR,ERR,ERR,ERR,ERR,ERR,ERR,ERR,ERR,ERR,ERR,ERR,ERR,ERR,ERR,ERR,ERR,ERR,ERR,ERR,ERR,ERR,ERR,ERR,ERR,ERR,ERR,ERR,ERR,ERR,ERR,ERR,ERR,ERR,ERR,ERR,ERR,ERR,ERR,ERR,ERR,ERR,ERR,ERR,ERR,ERR,ERR,ERR,ERR,ERR,ERR,ERR,ERR,ERR,ERR,ERR,ERR,ERR,ERR,ERR,ERR,ERR,ERR,ERR,ERR,ERR,ERR,ERR,ERR,ERR,ERR,ERR,ERR,ERR,ERR,ERR,ERR,ERR,ERR,ERR,ERR,ERR,ERR,ERR,ERR,ERR,ERR,ERR,ERR,ERR,ERR,ERR,ERR,ERR,ERR,ERR,0.0,-107615288.0,-134474944.0,0.0,0.0,1.3936040501711995e+18,7.805,0.0,0,0,4,0,8422,0.0,45,0.0,0.0,0.0,0.0,0.0,0,0,0,0,0.0,0,0,0,0,0,0,0,0,0,0,0,0,0,0,0,0,0,0,0,0,0,0,0,0,0,0,0,0,0,0,0,0,0,38,14,7,45,65476,0,300,0,0,8,21553,0.0,-107605600.0,0.0,0.0,0.0,0.0,0.0,0.0,0.0,0.0,0.0,0.0,0.0,0.0,0.0,0.0,0.0,0.0,0.0,0.0,0.0,0.0,-2.004,-2.004,-0.0,0.0,0.0,0.0,0.0,0.0,5070.0,564145967595520.0,0.0,0.0,-107615288.0,0.0,-0.0,0.0,0.0,0.0,0.0,53,126841110528.0,-152017313988608.0,0.0,0.0,0.0,0.0,0.0,0.0,0.0,0,0,0,0.0,0.0,0.0,0.0,0.0,0.0,0.0,0.0,0.0,0.0,0.0,0.0,0.0,0.0,0.0,0.0,0,-107875648.0,53,0.0,106,-107614832.0,-107350944.0,ERR,ERR,ERR,ERR,ERR,ERR,ERR,ERR,ERR,ERR,ERR,ERR,ERR,ERR,ERR,ERR,ERR,ERR,ERR,ERR,ERR,ERR,ERR,ERR,ERR,ERR,ERR,ERR,ERR,ERR,ERR,ERR,ERR,ERR,ERR,ERR,ERR,ERR,ERR,ERR,ERR,ERR,ERR,ERR,ERR,ERR,ERR,ERR,ERR,ERR,ERR,ERR,ERR,ERR,ERR,ERR,ERR,ERR,ERR,ERR,ERR,ERR,ERR,ERR,ERR,ERR,ERR,50.0,60.0,100,0.0,0.0,0.0,0.0,0.0,0.0,0.0,0.0,0.0,0.0,0.0,0.0,0.0,0.0,0.0,0.0,61.6,65,20,65521,50,65476,0,300,0,0,8,20529,65476,0,0,26214,60.0,0.0,0.0,0.0,0.0,0.0
2026-05-17T16:21:27,ERR,ERR,ERR,ERR,ERR,ERR,ERR,ERR,ERR,ERR,ERR,ERR,ERR,ERR,ERR,ERR,ERR,ERR,ERR,ERR,ERR,ERR,ERR,ERR,ERR,ERR,ERR,ERR,ERR,ERR,ERR,ERR,ERR,ERR,ERR,ERR,ERR,ERR,ERR,ERR,ERR,ERR,ERR,ERR,ERR,ERR,ERR,ERR,ERR,ERR,ERR,ERR,ERR,ERR,ERR,ERR,ERR,ERR,ERR,ERR,ERR,ERR,ERR,ERR,ERR,ERR,ERR,ERR,ERR,ERR,ERR,ERR,ERR,ERR,ERR,ERR,ERR,ERR,ERR,ERR,ERR,ERR,ERR,ERR,ERR,ERR,ERR,ERR,ERR,ERR,ERR,ERR,ERR,ERR,ERR,ERR,ERR,ERR,ERR,ERR,ERR,ERR,ERR,ERR,ERR,ERR,ERR,ERR,ERR,ERR,ERR,ERR,ERR,ERR,ERR,ERR,ERR,ERR,ERR,ERR,ERR,ERR,ERR,ERR,ERR,0.0,-107615288.0,-134474944.0,0.0,0.0,1.3936040501711995e+18,7.805,0.0,0,0,4,0,8422,0.0,45,0.0,0.0,0.0,0.0,0.0,0,0,0,0,0.0,0,0,0,0,0,0,0,0,0,0,0,0,0,0,0,0,0,0,0,0,0,0,0,0,0,0,0,0,0,0,0,0,0,38,14,7,45,65476,0,300,0,0,8,21553,0.0,-107605600.0,0.0,0.0,0.0,0.0,0.0,0.0,0.0,0.0,0.0,0.0,0.0,0.0,0.0,0.0,0.0,0.0,0.0,0.0,0.0,0.0,-2.004,-2.004,-0.0,0.0,0.0,0.0,0.0,0.0,5070.0,564145967595520.0,0.0,0.0,-107615288.0,0.0,-0.0,0.0,0.0,0.0,0.0,53,126841110528.0,-152017313988608.0,0.0,0.0,0.0,0.0,0.0,0.0,0.0,0,0,0,0.0,0.0,0.0,0.0,0.0,0.0,0.0,0.0,0.0,0.0,0.0,0.0,0.0,0.0,0.0,0.0,0,-107875648.0,53,0.0,106,-107614832.0,-107350944.0,ERR,ERR,ERR,ERR,ERR,ERR,ERR,ERR,ERR,ERR,ERR,ERR,ERR,ERR,ERR,ERR,ERR,ERR,ERR,ERR,ERR,ERR,ERR,ERR,ERR,ERR,ERR,ERR,ERR,ERR,ERR,ERR,ERR,ERR,ERR,ERR,ERR,ERR,ERR,ERR,ERR,ERR,ERR,ERR,ERR,ERR,ERR,ERR,ERR,ERR,ERR,ERR,ERR,ERR,ERR,ERR,ERR,ERR,ERR,ERR,ERR,ERR,ERR,ERR,ERR,ERR,ERR,50.0,60.0,100,0.0,0.0,0.0,0.0,0.0,0.0,0.0,0.0,0.0,0.0,0.0,0.0,0.0,0.0,0.0,0.0,61.6,65,20,65521,50,65476,0,300,0,0,8,20529,65476,0,0,26214,60.0,0.0,0.0,0.0,0.0,0.0
2026-05-17T16:21:28,ERR,ERR,ERR,ERR,ERR,ERR,ERR,ERR,ERR,ERR,ERR,ERR,ERR,ERR,ERR,ERR,ERR,ERR,ERR,ERR,ERR,ERR,ERR,ERR,ERR,ERR,ERR,ERR,ERR,ERR,ERR,ERR,ERR,ERR,ERR,ERR,ERR,ERR,ERR,ERR,ERR,ERR,ERR,ERR,ERR,ERR,ERR,ERR,ERR,ERR,ERR,ERR,ERR,ERR,ERR,ERR,ERR,ERR,ERR,ERR,ERR,ERR,ERR,ERR,ERR,ERR,ERR,ERR,ERR,ERR,ERR,ERR,ERR,ERR,ERR,ERR,ERR,ERR,ERR,ERR,ERR,ERR,ERR,ERR,ERR,ERR,ERR,ERR,ERR,ERR,ERR,ERR,ERR,ERR,ERR,ERR,ERR,ERR,ERR,ERR,ERR,ERR,ERR,ERR,ERR,ERR,ERR,ERR,ERR,ERR,ERR,ERR,ERR,ERR,ERR,ERR,ERR,ERR,ERR,ERR,ERR,ERR,ERR,ERR,ERR,0.0,-107615288.0,-134474944.0,0.0,0.0,1.3936040501711995e+18,7.805,0.0,0,0,4,0,8422,0.0,45,0.0,0.0,0.0,0.0,0.0,0,0,0,0,0.0,0,0,0,0,0,0,0,0,0,0,0,0,0,0,0,0,0,0,0,0,0,0,0,0,0,0,0,0,0,0,0,0,0,38,14,7,45,65476,0,300,0,0,8,21553,0.0,-107605600.0,0.0,0.0,0.0,0.0,0.0,0.0,0.0,0.0,0.0,0.0,0.0,0.0,0.0,0.0,0.0,0.0,0.0,0.0,0.0,0.0,-2.004,-2.004,-0.0,0.0,0.0,0.0,0.0,0.0,5070.0,564145967595520.0,0.0,0.0,-107615288.0,0.0,-0.0,0.0,0.0,0.0,0.0,53,126841110528.0,-152017313988608.0,0.0,0.0,0.0,0.0,0.0,0.0,0.0,0,0,0,0.0,0.0,0.0,0.0,0.0,0.0,0.0,0.0,0.0,0.0,0.0,0.0,0.0,0.0,0.0,0.0,0,-107875648.0,53,0.0,106,-107614832.0,-107350944.0,ERR,ERR,ERR,ERR,ERR,ERR,ERR,ERR,ERR,ERR,ERR,ERR,ERR,ERR,ERR,ERR,ERR,ERR,ERR,ERR,ERR,ERR,ERR,ERR,ERR,ERR,ERR,ERR,ERR,ERR,ERR,ERR,ERR,ERR,ERR,ERR,ERR,ERR,ERR,ERR,ERR,ERR,ERR,ERR,ERR,ERR,ERR,ERR,ERR,ERR,ERR,ERR,ERR,ERR,ERR,ERR,ERR,ERR,ERR,ERR,ERR,ERR,ERR,ERR,ERR,ERR,ERR,50.0,60.0,100,0.0,0.0,0.0,0.0,0.0,0.0,0.0,0.0,0.0,0.0,0.0,0.0,0.0,0.0,0.0,0.0,61.6,65,20,65521,50,65476,0,300,0,0,8,20529,65476,0,0,26214,60.0,0.0,0.0,0.0,0.0,0.0
2026-05-17T16:21:29,ERR,ERR,ERR,ERR,ERR,ERR,ERR,ERR,ERR,ERR,ERR,ERR,ERR,ERR,ERR,ERR,ERR,ERR,ERR,ERR,ERR,ERR,ERR,ERR,ERR,ERR,ERR,ERR,ERR,ERR,ERR,ERR,ERR,ERR,ERR,ERR,ERR,ERR,ERR,ERR,ERR,ERR,ERR,ERR,ERR,ERR,ERR,ERR,ERR,ERR,ERR,ERR,ERR,ERR,ERR,ERR,ERR,ERR,ERR,ERR,ERR,ERR,ERR,ERR,ERR,ERR,ERR,ERR,ERR,ERR,ERR,ERR,ERR,ERR,ERR,ERR,ERR,ERR,ERR,ERR,ERR,ERR,ERR,ERR,ERR,ERR,ERR,ERR,ERR,ERR,ERR,ERR,ERR,ERR,ERR,ERR,ERR,ERR,ERR,ERR,ERR,ERR,ERR,ERR,ERR,ERR,ERR,ERR,ERR,ERR,ERR,ERR,ERR,ERR,ERR,ERR,ERR,ERR,ERR,ERR,ERR,ERR,ERR,ERR,ERR,0.0,-107615288.0,-134474944.0,0.0,0.0,1.3936040501711995e+18,7.805,0.0,0,0,4,0,8422,0.0,45,0.0,0.0,0.0,0.0,0.0,0,0,0,0,0.0,0,0,0,0,0,0,0,0,0,0,0,0,0,0,0,0,0,0,0,0,0,0,0,0,0,0,0,0,0,0,0,0,0,38,14,7,45,65476,0,300,0,0,8,21553,0.0,-107605600.0,0.0,0.0,0.0,0.0,0.0,0.0,0.0,0.0,0.0,0.0,0.0,0.0,0.0,0.0,0.0,0.0,0.0,0.0,0.0,0.0,-2.004,-2.004,-0.0,0.0,0.0,0.0,0.0,0.0,5070.0,564145967595520.0,0.0,0.0,-107615288.0,0.0,-0.0,0.0,0.0,0.0,0.0,53,126841110528.0,-152017313988608.0,0.0,0.0,0.0,0.0,0.0,0.0,0.0,0,0,0,0.0,0.0,0.0,0.0,0.0,0.0,0.0,0.0,0.0,0.0,0.0,0.0,0.0,0.0,0.0,0.0,0,-107875648.0,53,0.0,106,-107614832.0,-107350944.0,ERR,ERR,ERR,ERR,ERR,ERR,ERR,ERR,ERR,ERR,ERR,ERR,ERR,ERR,ERR,ERR,ERR,ERR,ERR,ERR,ERR,ERR,ERR,ERR,ERR,ERR,ERR,ERR,ERR,ERR,ERR,ERR,ERR,ERR,ERR,ERR,ERR,ERR,ERR,ERR,ERR,ERR,ERR,ERR,ERR,ERR,ERR,ERR,ERR,ERR,ERR,ERR,ERR,ERR,ERR,ERR,ERR,ERR,ERR,ERR,ERR,ERR,ERR,ERR,ERR,ERR,ERR,50.0,60.0,100,0.0,0.0,0.0,0.0,0.0,0.0,0.0,0.0,0.0,0.0,0.0,0.0,0.0,0.0,0.0,0.0,61.6,65,20,65521,50,65476,0,300,0,0,8,20529,65476,0,0,26214,60.0,0.0,0.0,0.0,0.0,0.0
2026-05-17T16:21:30,ERR,ERR,ERR,ERR,ERR,ERR,ERR,ERR,ERR,ERR,ERR,ERR,ERR,ERR,ERR,ERR,ERR,ERR,ERR,ERR,ERR,ERR,ERR,ERR,ERR,ERR,ERR,ERR,ERR,ERR,ERR,ERR,ERR,ERR,ERR,ERR,ERR,ERR,ERR,ERR,ERR,ERR,ERR,ERR,ERR,ERR,ERR,ERR,ERR,ERR,ERR,ERR,ERR,ERR,ERR,ERR,ERR,ERR,ERR,ERR,ERR,ERR,ERR,ERR,ERR,ERR,ERR,ERR,ERR,ERR,ERR,ERR,ERR,ERR,ERR,ERR,ERR,ERR,ERR,ERR,ERR,ERR,ERR,ERR,ERR,ERR,ERR,ERR,ERR,ERR,ERR,ERR,ERR,ERR,ERR,ERR,ERR,ERR,ERR,ERR,ERR,ERR,ERR,ERR,ERR,ERR,ERR,ERR,ERR,ERR,ERR,ERR,ERR,ERR,ERR,ERR,ERR,ERR,ERR,ERR,ERR,ERR,ERR,ERR,ERR,0.0,-107615288.0,-0.0,0.0,0.0,1.3936040501711995e+18,7.805,0.0,0,0,4,0,8422,0.0,45,0.0,0.0,0.0,0.0,0.0,0,0,0,0,0.0,0,0,0,0,0,0,0,0,0,0,0,0,0,0,0,0,0,0,0,0,0,0,0,0,0,0,0,0,0,0,0,0,0,38,14,7,45,65476,0,300,0,0,8,21553,0.0,-107605600.0,0.0,0.0,0.0,0.0,0.0,0.0,0.0,0.0,0.0,0.0,0.0,0.0,0.0,0.0,0.0,0.0,0.0,0.0,0.0,0.0,-2.004,-2.004,-0.0,0.0,0.0,0.0,0.0,0.0,5064.0,-0.0,0.0,0.0,-107615288.0,0.0,-0.0,0.0,0.0,0.0,0.0,53,0.059,0.0,0.0,0.0,0.0,0.0,0.0,0.0,0.0,0,0,0,0.0,0.0,0.0,0.0,0.0,0.0,0.0,0.0,0.0,0.0,0.0,0.0,0.0,0.0,0.0,0.0,0,-107875648.0,53,0.0,106,-107614832.0,-107350944.0,ERR,ERR,ERR,ERR,ERR,ERR,ERR,ERR,ERR,ERR,ERR,ERR,ERR,ERR,ERR,ERR,ERR,ERR,ERR,ERR,ERR,ERR,ERR,ERR,ERR,ERR,ERR,ERR,ERR,ERR,ERR,ERR,ERR,ERR,ERR,ERR,ERR,ERR,ERR,ERR,ERR,ERR,ERR,ERR,ERR,ERR,ERR,ERR,ERR,ERR,ERR,ERR,ERR,ERR,ERR,ERR,ERR,ERR,ERR,ERR,ERR,ERR,ERR,ERR,ERR,ERR,ERR,50.0,60.0,100,0.0,0.0,0.0,0.0,0.0,0.0,0.0,0.0,0.0,0.0,0.0,0.0,0.0,0.0,0.0,0.0,61.6,65,20,65521,50,65476,0,300,0,0,8,20529,65476,0,0,26214,60.0,0.0,0.0,0.0,0.0,0.0
2026-05-17T16:21:31,ERR,ERR,ERR,ERR,ERR,ERR,ERR,ERR,ERR,ERR,ERR,ERR,ERR,ERR,ERR,ERR,ERR,ERR,ERR,ERR,ERR,ERR,ERR,ERR,ERR,ERR,ERR,ERR,ERR,ERR,ERR,ERR,ERR,ERR,ERR,ERR,ERR,ERR,ERR,ERR,ERR,ERR,ERR,ERR,ERR,ERR,ERR,ERR,ERR,ERR,ERR,ERR,ERR,ERR,ERR,ERR,ERR,ERR,ERR,ERR,ERR,ERR,ERR,ERR,ERR,ERR,ERR,ERR,ERR,ERR,ERR,ERR,ERR,ERR,ERR,ERR,ERR,ERR,ERR,ERR,ERR,ERR,ERR,ERR,ERR,ERR,ERR,ERR,ERR,ERR,ERR,ERR,ERR,ERR,ERR,ERR,ERR,ERR,ERR,ERR,ERR,ERR,ERR,ERR,ERR,ERR,ERR,ERR,ERR,ERR,ERR,ERR,ERR,ERR,ERR,ERR,ERR,ERR,ERR,ERR,ERR,ERR,ERR,ERR,ERR,0.0,-107615288.0,-0.0,0.0,0.0,1.3936040501711995e+18,7.805,0.0,0,0,4,0,8422,0.0,45,0.0,0.0,0.0,0.0,0.0,0,0,0,0,0.0,0,0,0,0,0,0,0,0,0,0,0,0,0,0,0,0,0,0,0,0,0,0,0,0,0,0,0,0,0,0,0,0,0,38,14,7,45,65476,0,300,0,0,8,21553,0.0,-107605600.0,0.0,0.0,0.0,0.0,0.0,0.0,0.0,0.0,0.0,0.0,0.0,0.0,0.0,0.0,0.0,0.0,0.0,0.0,0.0,0.0,-2.004,-2.004,-0.0,0.0,0.0,0.0,0.0,0.0,5064.0,-0.0,0.0,0.0,-107615288.0,0.0,-0.0,0.0,0.0,0.0,0.0,53,0.059,0.0,0.0,0.0,0.0,0.0,0.0,0.0,0.0,0,0,0,0.0,0.0,0.0,0.0,0.0,0.0,0.0,0.0,0.0,0.0,0.0,0.0,0.0,0.0,0.0,0.0,0,-107875648.0,53,0.0,106,-107614832.0,-107350944.0,ERR,ERR,ERR,ERR,ERR,ERR,ERR,ERR,ERR,ERR,ERR,ERR,ERR,ERR,ERR,ERR,ERR,ERR,ERR,ERR,ERR,ERR,ERR,ERR,ERR,ERR,ERR,ERR,ERR,ERR,ERR,ERR,ERR,ERR,ERR,ERR,ERR,ERR,ERR,ERR,ERR,ERR,ERR,ERR,ERR,ERR,ERR,ERR,ERR,ERR,ERR,ERR,ERR,ERR,ERR,ERR,ERR,ERR,ERR,ERR,ERR,ERR,ERR,ERR,ERR,ERR,ERR,50.0,60.0,100,0.0,0.0,0.0,0.0,0.0,0.0,0.0,0.0,0.0,0.0,0.0,0.0,0.0,0.0,0.0,0.0,62.0,65,20,65521,50,65476,0,300,0,0,8,20529,65476,0,0,26214,60.0,0.0,0.0,0.0,0.0,0.0
2026-05-17T16:21:32,ERR,ERR,ERR,ERR,ERR,ERR,ERR,ERR,ERR,ERR,ERR,ERR,ERR,ERR,ERR,ERR,ERR,ERR,ERR,ERR,ERR,ERR,ERR,ERR,ERR,ERR,ERR,ERR,ERR,ERR,ERR,ERR,ERR,ERR,ERR,ERR,ERR,ERR,ERR,ERR,ERR,ERR,ERR,ERR,ERR,ERR,ERR,ERR,ERR,ERR,ERR,ERR,ERR,ERR,ERR,ERR,ERR,ERR,ERR,ERR,ERR,ERR,ERR,ERR,ERR,ERR,ERR,ERR,ERR,ERR,ERR,ERR,ERR,ERR,ERR,ERR,ERR,ERR,ERR,ERR,ERR,ERR,ERR,ERR,ERR,ERR,ERR,ERR,ERR,ERR,ERR,ERR,ERR,ERR,ERR,ERR,ERR,ERR,ERR,ERR,ERR,ERR,ERR,ERR,ERR,ERR,ERR,ERR,ERR,ERR,ERR,ERR,ERR,ERR,ERR,ERR,ERR,ERR,ERR,ERR,ERR,ERR,ERR,ERR,ERR,0.0,-107615288.0,-0.0,0.0,0.0,1.3936040501711995e+18,7.805,0.0,0,0,4,0,8422,0.0,45,0.0,0.0,0.0,0.0,0.0,0,0,0,0,0.0,0,0,0,0,0,0,0,0,0,0,0,0,0,0,0,0,0,0,0,0,0,0,0,0,0,0,0,0,0,0,0,0,0,38,14,7,45,65476,0,300,0,0,8,21553,0.0,-107605600.0,0.0,0.0,0.0,0.0,0.0,0.0,0.0,0.0,0.0,0.0,0.0,0.0,0.0,0.0,0.0,0.0,0.0,0.0,0.0,0.0,-2.004,-2.004,-0.0,0.0,0.0,0.0,0.0,0.0,5064.0,-0.0,0.0,0.0,-107615288.0,0.0,-0.0,0.0,0.0,0.0,0.0,53,0.059,0.0,0.0,0.0,0.0,0.0,0.0,0.0,0.0,0,0,0,0.0,0.0,0.0,0.0,0.0,0.0,0.0,0.0,0.0,0.0,0.0,0.0,0.0,0.0,0.0,0.0,0,-107875648.0,53,0.0,106,-107614832.0,-107350944.0,ERR,ERR,ERR,ERR,ERR,ERR,ERR,ERR,ERR,ERR,ERR,ERR,ERR,ERR,ERR,ERR,ERR,ERR,ERR,ERR,ERR,ERR,ERR,ERR,ERR,ERR,ERR,ERR,ERR,ERR,ERR,ERR,ERR,ERR,ERR,ERR,ERR,ERR,ERR,ERR,ERR,ERR,ERR,ERR,ERR,ERR,ERR,ERR,ERR,ERR,ERR,ERR,ERR,ERR,ERR,ERR,ERR,ERR,ERR,ERR,ERR,ERR,ERR,ERR,ERR,ERR,ERR,50.0,60.0,100,0.0,0.0,0.0,0.0,0.0,0.0,0.0,0.0,0.0,0.0,0.0,0.0,0.0,0.0,0.0,0.0,61.6,65,20,65521,50,65476,0,300,0,0,8,20529,65476,0,0,26214,60.0,0.0,0.0,0.0,0.0,0.0
2026-05-17T16:21:33,ERR,ERR,ERR,ERR,ERR,ERR,ERR,ERR,ERR,ERR,ERR,ERR,ERR,ERR,ERR,ERR,ERR,ERR,ERR,ERR,ERR,ERR,ERR,ERR,ERR,ERR,ERR,ERR,ERR,ERR,ERR,ERR,ERR,ERR,ERR,ERR,ERR,ERR,ERR,ERR,ERR,ERR,ERR,ERR,ERR,ERR,ERR,ERR,ERR,ERR,ERR,ERR,ERR,ERR,ERR,ERR,ERR,ERR,ERR,ERR,ERR,ERR,ERR,ERR,ERR,ERR,ERR,ERR,ERR,ERR,ERR,ERR,ERR,ERR,ERR,ERR,ERR,ERR,ERR,ERR,ERR,ERR,ERR,ERR,ERR,ERR,ERR,ERR,ERR,ERR,ERR,ERR,ERR,ERR,ERR,ERR,ERR,ERR,ERR,ERR,ERR,ERR,ERR,ERR,ERR,ERR,ERR,ERR,ERR,ERR,ERR,ERR,ERR,ERR,ERR,ERR,ERR,ERR,ERR,ERR,ERR,ERR,ERR,ERR,ERR,0.0,-107615288.0,-0.0,0.0,0.0,1.3936040501711995e+18,7.805,0.0,0,0,4,0,8422,0.0,45,0.0,0.0,0.0,0.0,0.0,0,0,0,0,0.0,0,0,0,0,0,0,0,0,0,0,0,0,0,0,0,0,0,0,0,0,0,0,0,0,0,0,0,0,0,0,0,0,0,38,14,7,45,65476,0,300,0,0,8,21553,0.0,-107605600.0,0.0,0.0,0.0,0.0,0.0,0.0,0.0,0.0,0.0,0.0,0.0,0.0,0.0,0.0,0.0,0.0,0.0,0.0,0.0,0.0,-2.004,-2.004,-0.0,0.0,0.0,0.0,0.0,0.0,5064.0,-0.0,0.0,0.0,-107615288.0,0.0,-0.0,0.0,0.0,0.0,0.0,53,0.059,0.0,0.0,0.0,0.0,0.0,0.0,0.0,0.0,0,0,0,0.0,0.0,0.0,0.0,0.0,0.0,0.0,0.0,0.0,0.0,0.0,0.0,0.0,0.0,0.0,0.0,0,-107875648.0,53,0.0,106,-107614832.0,-107350944.0,ERR,ERR,ERR,ERR,ERR,ERR,ERR,ERR,ERR,ERR,ERR,ERR,ERR,ERR,ERR,ERR,ERR,ERR,ERR,ERR,ERR,ERR,ERR,ERR,ERR,ERR,ERR,ERR,ERR,ERR,ERR,ERR,ERR,ERR,ERR,ERR,ERR,ERR,ERR,ERR,ERR,ERR,ERR,ERR,ERR,ERR,ERR,ERR,ERR,ERR,ERR,ERR,ERR,ERR,ERR,ERR,ERR,ERR,ERR,ERR,ERR,ERR,ERR,ERR,ERR,ERR,ERR,50.0,60.0,100,0.0,0.0,0.0,0.0,0.0,0.0,0.0,0.0,0.0,0.0,0.0,0.0,0.0,0.0,0.0,0.0,61.6,65,20,65521,50,65476,0,300,0,0,8,20529,65476,0,0,26214,60.0,0.0,0.0,0.0,0.0,0.0
2026-05-17T16:21:34,ERR,ERR,ERR,ERR,ERR,ERR,ERR,ERR,ERR,ERR,ERR,ERR,ERR,ERR,ERR,ERR,ERR,ERR,ERR,ERR,ERR,ERR,ERR,ERR,ERR,ERR,ERR,ERR,ERR,ERR,ERR,ERR,ERR,ERR,ERR,ERR,ERR,ERR,ERR,ERR,ERR,ERR,ERR,ERR,ERR,ERR,ERR,ERR,ERR,ERR,ERR,ERR,ERR,ERR,ERR,ERR,ERR,ERR,ERR,ERR,ERR,ERR,ERR,ERR,ERR,ERR,ERR,ERR,ERR,ERR,ERR,ERR,ERR,ERR,ERR,ERR,ERR,ERR,ERR,ERR,ERR,ERR,ERR,ERR,ERR,ERR,ERR,ERR,ERR,ERR,ERR,ERR,ERR,ERR,ERR,ERR,ERR,ERR,ERR,ERR,ERR,ERR,ERR,ERR,ERR,ERR,ERR,ERR,ERR,ERR,ERR,ERR,ERR,ERR,ERR,ERR,ERR,ERR,ERR,ERR,ERR,ERR,ERR,ERR,ERR,0.0,-107615288.0,-0.0,0.0,0.0,1.3936040501711995e+18,7.805,0.0,0,0,4,0,8422,0.0,45,0.0,0.0,0.0,0.0,0.0,0,0,0,0,0.0,0,0,0,0,0,0,0,0,0,0,0,0,0,0,0,0,0,0,0,0,0,0,0,0,0,0,0,0,0,0,0,0,0,38,14,7,45,65476,0,300,0,0,8,21553,0.0,-107605600.0,0.0,0.0,0.0,0.0,0.0,0.0,0.0,0.0,0.0,0.0,0.0,0.0,0.0,0.0,0.0,0.0,0.0,0.0,0.0,0.0,-2.004,-2.004,-0.0,0.0,0.0,0.0,0.0,0.0,5064.0,-0.0,0.0,0.0,-107615288.0,0.0,-0.0,0.0,0.0,0.0,0.0,53,0.059,0.0,0.0,0.0,0.0,0.0,0.0,0.0,0.0,0,0,0,0.0,0.0,0.0,0.0,0.0,0.0,0.0,0.0,0.0,0.0,0.0,0.0,0.0,0.0,0.0,0.0,0,-107875648.0,53,0.0,106,-107614832.0,-107350944.0,ERR,ERR,ERR,ERR,ERR,ERR,ERR,ERR,ERR,ERR,ERR,ERR,ERR,ERR,ERR,ERR,ERR,ERR,ERR,ERR,ERR,ERR,ERR,ERR,ERR,ERR,ERR,ERR,ERR,ERR,ERR,ERR,ERR,ERR,ERR,ERR,ERR,ERR,ERR,ERR,ERR,ERR,ERR,ERR,ERR,ERR,ERR,ERR,ERR,ERR,ERR,ERR,ERR,ERR,ERR,ERR,ERR,ERR,ERR,ERR,ERR,ERR,ERR,ERR,ERR,ERR,ERR,50.0,60.0,100,0.0,0.0,0.0,0.0,0.0,0.0,0.0,0.0,0.0,0.0,0.0,0.0,0.0,0.0,0.0,0.0,61.6,65,20,65521,50,65476,0,300,0,0,8,20529,65476,0,0,26214,60.0,0.0,0.0,0.0,0.0,0.0
2026-05-17T16:21:35,ERR,ERR,ERR,ERR,ERR,ERR,ERR,ERR,ERR,ERR,ERR,ERR,ERR,ERR,ERR,ERR,ERR,ERR,ERR,ERR,ERR,ERR,ERR,ERR,ERR,ERR,ERR,ERR,ERR,ERR,ERR,ERR,ERR,ERR,ERR,ERR,ERR,ERR,ERR,ERR,ERR,ERR,ERR,ERR,ERR,ERR,ERR,ERR,ERR,ERR,ERR,ERR,ERR,ERR,ERR,ERR,ERR,ERR,ERR,ERR,ERR,ERR,ERR,ERR,ERR,ERR,ERR,ERR,ERR,ERR,ERR,ERR,ERR,ERR,ERR,ERR,ERR,ERR,ERR,ERR,ERR,ERR,ERR,ERR,ERR,ERR,ERR,ERR,ERR,ERR,ERR,ERR,ERR,ERR,ERR,ERR,ERR,ERR,ERR,ERR,ERR,ERR,ERR,ERR,ERR,ERR,ERR,ERR,ERR,ERR,ERR,ERR,ERR,ERR,ERR,ERR,ERR,ERR,ERR,ERR,ERR,ERR,ERR,ERR,ERR,0.0,-107615288.0,-0.0,0.0,0.0,1.3936040501711995e+18,7.805,0.0,0,0,4,0,8422,0.0,45,0.0,0.0,0.0,0.0,0.0,0,0,0,0,0.0,0,0,0,0,0,0,0,0,0,0,0,0,0,0,0,0,0,0,0,0,0,0,0,0,0,0,0,0,0,0,0,0,0,38,14,7,45,65476,0,300,0,0,8,21553,0.0,-107605600.0,0.0,0.0,0.0,0.0,0.0,0.0,0.0,0.0,0.0,0.0,0.0,0.0,0.0,0.0,0.0,0.0,0.0,0.0,0.0,0.0,0.0,-2.004,-0.0,0.0,0.0,0.0,0.0,0.0,5073.0,-3.697187013234e+19,0.0,0.0,-107615288.0,0.0,-0.0,0.0,0.0,0.0,0.0,53,4.950428597886765e+32,1.9056864381632512e+17,0.0,0.0,0.0,0.0,0.0,0.0,0.0,0,0,0,0.0,0.0,0.0,0.0,0.0,0.0,0.0,0.0,0.0,0.0,0.0,0.0,0.0,0.0,0.0,0.0,0,-107875648.0,53,0.0,106,-107614832.0,-107350944.0,ERR,ERR,ERR,ERR,ERR,ERR,ERR,ERR,ERR,ERR,ERR,ERR,ERR,ERR,ERR,ERR,ERR,ERR,ERR,ERR,ERR,ERR,ERR,ERR,ERR,ERR,ERR,ERR,ERR,ERR,ERR,ERR,ERR,ERR,ERR,ERR,ERR,ERR,ERR,ERR,ERR,ERR,ERR,ERR,ERR,ERR,ERR,ERR,ERR,ERR,ERR,ERR,ERR,ERR,ERR,ERR,ERR,ERR,ERR,ERR,ERR,ERR,ERR,ERR,ERR,ERR,ERR,50.0,60.0,100,0.0,0.0,0.0,0.0,0.0,0.0,0.0,0.0,0.0,0.0,0.0,0.0,0.0,0.0,0.0,0.0,61.6,65,20,65521,50,65476,0,300,0,0,8,20529,65476,0,0,26214,60.0,0.0,0.0,0.0,0.0,0.0
2026-05-17T16:21:36,ERR,ERR,ERR,ERR,ERR,ERR,ERR,ERR,ERR,ERR,ERR,ERR,ERR,ERR,ERR,ERR,ERR,ERR,ERR,ERR,ERR,ERR,ERR,ERR,ERR,ERR,ERR,ERR,ERR,ERR,ERR,ERR,ERR,ERR,ERR,ERR,ERR,ERR,ERR,ERR,ERR,ERR,ERR,ERR,ERR,ERR,ERR,ERR,ERR,ERR,ERR,ERR,ERR,ERR,ERR,ERR,ERR,ERR,ERR,ERR,ERR,ERR,ERR,ERR,ERR,ERR,ERR,ERR,ERR,ERR,ERR,ERR,ERR,ERR,ERR,ERR,ERR,ERR,ERR,ERR,ERR,ERR,ERR,ERR,ERR,ERR,ERR,ERR,ERR,ERR,ERR,ERR,ERR,ERR,ERR,ERR,ERR,ERR,ERR,ERR,ERR,ERR,ERR,ERR,ERR,ERR,ERR,ERR,ERR,ERR,ERR,ERR,ERR,ERR,ERR,ERR,ERR,ERR,ERR,ERR,ERR,ERR,ERR,ERR,ERR,0.0,-107615288.0,-0.0,0.0,0.0,1.3936040501711995e+18,7.805,0.0,0,0,4,0,8422,0.0,45,0.0,0.0,0.0,0.0,0.0,0,0,0,0,0.0,0,0,0,0,0,0,0,0,0,0,0,0,0,0,0,0,0,0,0,0,0,0,0,0,0,0,0,0,0,0,0,0,0,38,14,7,45,65476,0,300,0,0,8,21553,0.0,-107605600.0,0.0,0.0,0.0,0.0,0.0,0.0,0.0,0.0,0.0,0.0,0.0,0.0,0.0,0.0,0.0,0.0,0.0,0.0,0.0,0.0,0.0,-2.004,-0.0,0.0,0.0,0.0,0.0,0.0,5073.0,-3.697187013234e+19,0.0,0.0,-107615288.0,0.0,-0.0,0.0,0.0,0.0,0.0,53,4.950428597886765e+32,1.9056864381632512e+17,0.0,0.0,0.0,0.0,0.0,0.0,0.0,0,0,0,0.0,0.0,0.0,0.0,0.0,0.0,0.0,0.0,0.0,0.0,0.0,0.0,0.0,0.0,0.0,0.0,0,-107875648.0,53,0.0,106,-107614832.0,-107350944.0,ERR,ERR,ERR,ERR,ERR,ERR,ERR,ERR,ERR,ERR,ERR,ERR,ERR,ERR,ERR,ERR,ERR,ERR,ERR,ERR,ERR,ERR,ERR,ERR,ERR,ERR,ERR,ERR,ERR,ERR,ERR,ERR,ERR,ERR,ERR,ERR,ERR,ERR,ERR,ERR,ERR,ERR,ERR,ERR,ERR,ERR,ERR,ERR,ERR,ERR,ERR,ERR,ERR,ERR,ERR,ERR,ERR,ERR,ERR,ERR,ERR,ERR,ERR,ERR,ERR,ERR,ERR,50.0,60.0,100,0.0,0.0,0.0,0.0,0.0,0.0,0.0,0.0,0.0,0.0,0.0,0.0,0.0,0.0,0.0,0.0,62.0,65,20,65521,50,65476,0,300,0,0,8,20529,65476,0,0,26214,60.0,0.0,0.0,0.0,0.0,0.0
2026-05-17T16:21:37,ERR,ERR,ERR,ERR,ERR,ERR,ERR,ERR,ERR,ERR,ERR,ERR,ERR,ERR,ERR,ERR,ERR,ERR,ERR,ERR,ERR,ERR,ERR,ERR,ERR,ERR,ERR,ERR,ERR,ERR,ERR,ERR,ERR,ERR,ERR,ERR,ERR,ERR,ERR,ERR,ERR,ERR,ERR,ERR,ERR,ERR,ERR,ERR,ERR,ERR,ERR,ERR,ERR,ERR,ERR,ERR,ERR,ERR,ERR,ERR,ERR,ERR,ERR,ERR,ERR,ERR,ERR,ERR,ERR,ERR,ERR,ERR,ERR,ERR,ERR,ERR,ERR,ERR,ERR,ERR,ERR,ERR,ERR,ERR,ERR,ERR,ERR,ERR,ERR,ERR,ERR,ERR,ERR,ERR,ERR,ERR,ERR,ERR,ERR,ERR,ERR,ERR,ERR,ERR,ERR,ERR,ERR,ERR,ERR,ERR,ERR,ERR,ERR,ERR,ERR,ERR,ERR,ERR,ERR,ERR,ERR,ERR,ERR,ERR,ERR,0.0,-107615288.0,-0.0,0.0,0.0,1.3936040501711995e+18,7.805,0.0,0,0,4,0,8422,0.0,45,0.0,0.0,0.0,0.0,0.0,0,0,0,0,0.0,0,0,0,0,0,0,0,0,0,0,0,0,0,0,0,0,0,0,0,0,0,0,0,0,0,0,0,0,0,0,0,0,0,38,14,7,45,65476,0,300,0,0,8,21553,0.0,-107605600.0,0.0,0.0,0.0,0.0,0.0,0.0,0.0,0.0,0.0,0.0,0.0,0.0,0.0,0.0,0.0,0.0,0.0,0.0,0.0,0.0,0.0,-2.004,-0.0,0.0,0.0,0.0,0.0,0.0,5073.0,-3.697187013234e+19,0.0,0.0,-107615288.0,0.0,-0.0,0.0,0.0,0.0,0.0,53,4.950428597886765e+32,1.9056864381632512e+17,0.0,0.0,0.0,0.0,0.0,0.0,0.0,0,0,0,0.0,0.0,0.0,0.0,0.0,0.0,0.0,0.0,0.0,0.0,0.0,0.0,0.0,0.0,0.0,0.0,0,-107875648.0,53,0.0,106,-107614832.0,-107350944.0,ERR,ERR,ERR,ERR,ERR,ERR,ERR,ERR,ERR,ERR,ERR,ERR,ERR,ERR,ERR,ERR,ERR,ERR,ERR,ERR,ERR,ERR,ERR,ERR,ERR,ERR,ERR,ERR,ERR,ERR,ERR,ERR,ERR,ERR,ERR,ERR,ERR,ERR,ERR,ERR,ERR,ERR,ERR,ERR,ERR,ERR,ERR,ERR,ERR,ERR,ERR,ERR,ERR,ERR,ERR,ERR,ERR,ERR,ERR,ERR,ERR,ERR,ERR,ERR,ERR,ERR,ERR,50.0,60.0,100,0.0,0.0,0.0,0.0,0.0,0.0,0.0,0.0,0.0,0.0,0.0,0.0,0.0,0.0,0.0,0.0,62.0,65,20,65521,50,65476,0,300,0,0,8,20529,65476,0,0,26214,60.0,0.0,0.0,0.0,0.0,0.0
2026-05-17T16:21:38,ERR,ERR,ERR,ERR,ERR,ERR,ERR,ERR,ERR,ERR,ERR,ERR,ERR,ERR,ERR,ERR,ERR,ERR,ERR,ERR,ERR,ERR,ERR,ERR,ERR,ERR,ERR,ERR,ERR,ERR,ERR,ERR,ERR,ERR,ERR,ERR,ERR,ERR,ERR,ERR,ERR,ERR,ERR,ERR,ERR,ERR,ERR,ERR,ERR,ERR,ERR,ERR,ERR,ERR,ERR,ERR,ERR,ERR,ERR,ERR,ERR,ERR,ERR,ERR,ERR,ERR,ERR,ERR,ERR,ERR,ERR,ERR,ERR,ERR,ERR,ERR,ERR,ERR,ERR,ERR,ERR,ERR,ERR,ERR,ERR,ERR,ERR,ERR,ERR,ERR,ERR,ERR,ERR,ERR,ERR,ERR,ERR,ERR,ERR,ERR,ERR,ERR,ERR,ERR,ERR,ERR,ERR,ERR,ERR,ERR,ERR,ERR,ERR,ERR,ERR,ERR,ERR,ERR,ERR,ERR,ERR,ERR,ERR,ERR,ERR,0.0,-107615288.0,-0.0,0.0,0.0,1.3936040501711995e+18,7.805,0.0,0,0,4,0,8422,0.0,45,0.0,0.0,0.0,0.0,0.0,0,0,0,0,0.0,0,0,0,0,0,0,0,0,0,0,0,0,0,0,0,0,0,0,0,0,0,0,0,0,0,0,0,0,0,0,0,0,0,38,14,7,45,65476,0,300,0,0,8,21553,0.0,-107605600.0,0.0,0.0,0.0,0.0,0.0,0.0,0.0,0.0,0.0,0.0,0.0,0.0,0.0,0.0,0.0,0.0,0.0,0.0,0.0,0.0,0.0,-2.004,-0.0,0.0,0.0,0.0,0.0,0.0,5073.0,-3.697187013234e+19,0.0,0.0,-107615288.0,0.0,-0.0,0.0,0.0,0.0,0.0,53,4.950428597886765e+32,1.9056864381632512e+17,0.0,0.0,0.0,0.0,0.0,0.0,0.0,0,0,0,0.0,0.0,0.0,0.0,0.0,0.0,0.0,0.0,0.0,0.0,0.0,0.0,0.0,0.0,0.0,0.0,0,-107875648.0,53,0.0,106,-107614832.0,-107350944.0,ERR,ERR,ERR,ERR,ERR,ERR,ERR,ERR,ERR,ERR,ERR,ERR,ERR,ERR,ERR,ERR,ERR,ERR,ERR,ERR,ERR,ERR,ERR,ERR,ERR,ERR,ERR,ERR,ERR,ERR,ERR,ERR,ERR,ERR,ERR,ERR,ERR,ERR,ERR,ERR,ERR,ERR,ERR,ERR,ERR,ERR,ERR,ERR,ERR,ERR,ERR,ERR,ERR,ERR,ERR,ERR,ERR,ERR,ERR,ERR,ERR,ERR,ERR,ERR,ERR,ERR,ERR,50.0,60.0,100,0.0,0.0,0.0,0.0,0.0,0.0,0.0,0.0,0.0,0.0,0.0,0.0,0.0,0.0,0.0,0.0,62.0,65,20,65521,50,65476,0,300,0,0,8,20529,65476,0,0,26214,60.0,0.0,0.0,0.0,0.0,0.0
2026-05-17T16:21:39,ERR,ERR,ERR,ERR,ERR,ERR,ERR,ERR,ERR,ERR,ERR,ERR,ERR,ERR,ERR,ERR,ERR,ERR,ERR,ERR,ERR,ERR,ERR,ERR,ERR,ERR,ERR,ERR,ERR,ERR,ERR,ERR,ERR,ERR,ERR,ERR,ERR,ERR,ERR,ERR,ERR,ERR,ERR,ERR,ERR,ERR,ERR,ERR,ERR,ERR,ERR,ERR,ERR,ERR,ERR,ERR,ERR,ERR,ERR,ERR,ERR,ERR,ERR,ERR,ERR,ERR,ERR,ERR,ERR,ERR,ERR,ERR,ERR,ERR,ERR,ERR,ERR,ERR,ERR,ERR,ERR,ERR,ERR,ERR,ERR,ERR,ERR,ERR,ERR,ERR,ERR,ERR,ERR,ERR,ERR,ERR,ERR,ERR,ERR,ERR,ERR,ERR,ERR,ERR,ERR,ERR,ERR,ERR,ERR,ERR,ERR,ERR,ERR,ERR,ERR,ERR,ERR,ERR,ERR,ERR,ERR,ERR,ERR,ERR,ERR,0.0,-107615288.0,-0.0,0.0,0.0,1.3936040501711995e+18,7.805,0.0,0,0,4,0,8422,0.0,45,0.0,0.0,0.0,0.0,0.0,0,0,0,0,0.0,0,0,0,0,0,0,0,0,0,0,0,0,0,0,0,0,0,0,0,0,0,0,0,0,0,0,0,0,0,0,0,0,0,38,14,7,45,65476,0,300,0,0,8,21553,0.0,-107605600.0,0.0,0.0,0.0,0.0,0.0,0.0,0.0,0.0,0.0,0.0,0.0,0.0,0.0,0.0,0.0,0.0,0.0,0.0,0.0,0.0,0.0,-2.004,-0.0,0.0,0.0,0.0,0.0,0.0,5073.0,-3.697187013234e+19,0.0,0.0,-107615288.0,0.0,-0.0,0.0,0.0,0.0,0.0,53,4.950428597886765e+32,1.9056864381632512e+17,0.0,0.0,0.0,0.0,0.0,0.0,0.0,0,0,0,0.0,0.0,0.0,0.0,0.0,0.0,0.0,0.0,0.0,0.0,0.0,0.0,0.0,0.0,0.0,0.0,0,-107875648.0,53,0.0,106,-107614832.0,-107350944.0,ERR,ERR,ERR,ERR,ERR,ERR,ERR,ERR,ERR,ERR,ERR,ERR,ERR,ERR,ERR,ERR,ERR,ERR,ERR,ERR,ERR,ERR,ERR,ERR,ERR,ERR,ERR,ERR,ERR,ERR,ERR,ERR,ERR,ERR,ERR,ERR,ERR,ERR,ERR,ERR,ERR,ERR,ERR,ERR,ERR,ERR,ERR,ERR,ERR,ERR,ERR,ERR,ERR,ERR,ERR,ERR,ERR,ERR,ERR,ERR,ERR,ERR,ERR,ERR,ERR,ERR,ERR,50.0,60.0,100,0.0,0.0,0.0,0.0,0.0,0.0,0.0,0.0,0.0,0.0,0.0,0.0,0.0,0.0,0.0,0.0,61.6,65,20,65521,50,65476,0,300,0,0,8,20529,65476,0,0,26214,60.0,0.0,0.0,0.0,0.0,0.0
2026-05-17T16:21:40,ERR,ERR,ERR,ERR,ERR,ERR,ERR,ERR,ERR,ERR,ERR,ERR,ERR,ERR,ERR,ERR,ERR,ERR,ERR,ERR,ERR,ERR,ERR,ERR,ERR,ERR,ERR,ERR,ERR,ERR,ERR,ERR,ERR,ERR,ERR,ERR,ERR,ERR,ERR,ERR,ERR,ERR,ERR,ERR,ERR,ERR,ERR,ERR,ERR,ERR,ERR,ERR,ERR,ERR,ERR,ERR,ERR,ERR,ERR,ERR,ERR,ERR,ERR,ERR,ERR,ERR,ERR,ERR,ERR,ERR,ERR,ERR,ERR,ERR,ERR,ERR,ERR,ERR,ERR,ERR,ERR,ERR,ERR,ERR,ERR,ERR,ERR,ERR,ERR,ERR,ERR,ERR,ERR,ERR,ERR,ERR,ERR,ERR,ERR,ERR,ERR,ERR,ERR,ERR,ERR,ERR,ERR,ERR,ERR,ERR,ERR,ERR,ERR,ERR,ERR,ERR,ERR,ERR,ERR,ERR,ERR,ERR,ERR,ERR,ERR,0.0,-107615288.0,-0.0,0.0,0.0,1.3936040501711995e+18,7.805,0.0,0,0,4,0,8422,0.0,45,0.0,0.0,0.0,0.0,0.0,0,0,0,0,0.0,0,0,0,0,0,0,0,0,0,0,0,0,0,0,0,0,0,0,0,0,0,0,0,0,0,0,0,0,0,0,0,0,0,38,14,7,45,65476,0,300,0,0,8,21553,0.0,-107605600.0,0.0,0.0,0.0,0.0,0.0,0.0,0.0,0.0,0.0,0.0,0.0,0.0,0.0,0.0,0.0,0.0,0.0,0.0,0.0,0.0,0.0,-2.004,-0.0,0.0,0.0,0.0,0.0,0.0,5071.0,-131350.469,0.0,0.0,-107615288.0,0.0,-0.0,0.0,0.0,0.0,0.0,53,152018454839296.0,0.059,0.0,0.0,0.0,0.0,0.0,0.0,0.0,0,0,0,0.0,0.0,0.0,0.0,0.0,0.0,0.0,0.0,0.0,0.0,0.0,0.0,0.0,0.0,0.0,0.0,0,-107875648.0,53,0.0,106,-107614832.0,-107350944.0,ERR,ERR,ERR,ERR,ERR,ERR,ERR,ERR,ERR,ERR,ERR,ERR,ERR,ERR,ERR,ERR,ERR,ERR,ERR,ERR,ERR,ERR,ERR,ERR,ERR,ERR,ERR,ERR,ERR,ERR,ERR,ERR,ERR,ERR,ERR,ERR,ERR,ERR,ERR,ERR,ERR,ERR,ERR,ERR,ERR,ERR,ERR,ERR,ERR,ERR,ERR,ERR,ERR,ERR,ERR,ERR,ERR,ERR,ERR,ERR,ERR,ERR,ERR,ERR,ERR,ERR,ERR,50.0,60.0,100,0.0,0.0,0.0,0.0,0.0,0.0,0.0,0.0,0.0,0.0,0.0,0.0,0.0,0.0,0.0,0.0,61.6,65,20,65521,50,65476,0,300,0,0,8,20529,65476,0,0,26214,60.0,0.0,0.0,0.0,0.0,0.0
2026-05-17T16:21:41,ERR,ERR,ERR,ERR,ERR,ERR,ERR,ERR,ERR,ERR,ERR,ERR,ERR,ERR,ERR,ERR,ERR,ERR,ERR,ERR,ERR,ERR,ERR,ERR,ERR,ERR,ERR,ERR,ERR,ERR,ERR,ERR,ERR,ERR,ERR,ERR,ERR,ERR,ERR,ERR,ERR,ERR,ERR,ERR,ERR,ERR,ERR,ERR,ERR,ERR,ERR,ERR,ERR,ERR,ERR,ERR,ERR,ERR,ERR,ERR,ERR,ERR,ERR,ERR,ERR,ERR,ERR,ERR,ERR,ERR,ERR,ERR,ERR,ERR,ERR,ERR,ERR,ERR,ERR,ERR,ERR,ERR,ERR,ERR,ERR,ERR,ERR,ERR,ERR,ERR,ERR,ERR,ERR,ERR,ERR,ERR,ERR,ERR,ERR,ERR,ERR,ERR,ERR,ERR,ERR,ERR,ERR,ERR,ERR,ERR,ERR,ERR,ERR,ERR,ERR,ERR,ERR,ERR,ERR,ERR,ERR,ERR,ERR,ERR,ERR,0.0,-107615288.0,-0.0,0.0,0.0,1.3936040501711995e+18,7.805,0.0,0,0,4,0,8422,0.0,45,0.0,0.0,0.0,0.0,0.0,0,0,0,0,0.0,0,0,0,0,0,0,0,0,0,0,0,0,0,0,0,0,0,0,0,0,0,0,0,0,0,0,0,0,0,0,0,0,0,38,14,7,45,65476,0,300,0,0,8,21553,0.0,-107605600.0,0.0,0.0,0.0,0.0,0.0,0.0,0.0,0.0,0.0,0.0,0.0,0.0,0.0,0.0,0.0,0.0,0.0,0.0,0.0,0.0,0.0,-2.004,-0.0,0.0,0.0,0.0,0.0,0.0,5071.0,-131350.469,0.0,0.0,-107615288.0,0.0,-0.0,0.0,0.0,0.0,0.0,53,152018454839296.0,0.059,0.0,0.0,0.0,0.0,0.0,0.0,0.0,0,0,0,0.0,0.0,0.0,0.0,0.0,0.0,0.0,0.0,0.0,0.0,0.0,0.0,0.0,0.0,0.0,0.0,0,-107875648.0,53,0.0,106,-107614832.0,-107350944.0,ERR,ERR,ERR,ERR,ERR,ERR,ERR,ERR,ERR,ERR,ERR,ERR,ERR,ERR,ERR,ERR,ERR,ERR,ERR,ERR,ERR,ERR,ERR,ERR,ERR,ERR,ERR,ERR,ERR,ERR,ERR,ERR,ERR,ERR,ERR,ERR,ERR,ERR,ERR,ERR,ERR,ERR,ERR,ERR,ERR,ERR,ERR,ERR,ERR,ERR,ERR,ERR,ERR,ERR,ERR,ERR,ERR,ERR,ERR,ERR,ERR,ERR,ERR,ERR,ERR,ERR,ERR,50.0,60.0,100,0.0,0.0,0.0,0.0,0.0,0.0,0.0,0.0,0.0,0.0,0.0,0.0,0.0,0.0,0.0,0.0,61.6,65,20,65521,50,65476,0,300,0,0,8,20529,65476,0,0,26214,60.0,0.0,0.0,0.0,0.0,0.0
2026-05-17T16:21:42,ERR,ERR,ERR,ERR,ERR,ERR,ERR,ERR,ERR,ERR,ERR,ERR,ERR,ERR,ERR,ERR,ERR,ERR,ERR,ERR,ERR,ERR,ERR,ERR,ERR,ERR,ERR,ERR,ERR,ERR,ERR,ERR,ERR,ERR,ERR,ERR,ERR,ERR,ERR,ERR,ERR,ERR,ERR,ERR,ERR,ERR,ERR,ERR,ERR,ERR,ERR,ERR,ERR,ERR,ERR,ERR,ERR,ERR,ERR,ERR,ERR,ERR,ERR,ERR,ERR,ERR,ERR,ERR,ERR,ERR,ERR,ERR,ERR,ERR,ERR,ERR,ERR,ERR,ERR,ERR,ERR,ERR,ERR,ERR,ERR,ERR,ERR,ERR,ERR,ERR,ERR,ERR,ERR,ERR,ERR,ERR,ERR,ERR,ERR,ERR,ERR,ERR,ERR,ERR,ERR,ERR,ERR,ERR,ERR,ERR,ERR,ERR,ERR,ERR,ERR,ERR,ERR,ERR,ERR,ERR,ERR,ERR,ERR,ERR,ERR,0.0,-107615288.0,-0.0,0.0,0.0,1.3936040501711995e+18,7.805,0.0,0,0,4,0,8422,0.0,45,0.0,0.0,0.0,0.0,0.0,0,0,0,0,0.0,0,0,0,0,0,0,0,0,0,0,0,0,0,0,0,0,0,0,0,0,0,0,0,0,0,0,0,0,0,0,0,0,0,38,14,7,45,65476,0,300,0,0,8,21553,0.0,-107605600.0,0.0,0.0,0.0,0.0,0.0,0.0,0.0,0.0,0.0,0.0,0.0,0.0,0.0,0.0,0.0,0.0,0.0,0.0,0.0,0.0,0.0,-2.004,-0.0,0.0,0.0,0.0,0.0,0.0,5071.0,-131350.469,0.0,0.0,-107615288.0,0.0,-0.0,0.0,0.0,0.0,0.0,53,152018454839296.0,0.059,0.0,0.0,0.0,0.0,0.0,0.0,0.0,0,0,0,0.0,0.0,0.0,0.0,0.0,0.0,0.0,0.0,0.0,0.0,0.0,0.0,0.0,0.0,0.0,0.0,0,-107875648.0,53,0.0,106,-107614832.0,-107350944.0,ERR,ERR,ERR,ERR,ERR,ERR,ERR,ERR,ERR,ERR,ERR,ERR,ERR,ERR,ERR,ERR,ERR,ERR,ERR,ERR,ERR,ERR,ERR,ERR,ERR,ERR,ERR,ERR,ERR,ERR,ERR,ERR,ERR,ERR,ERR,ERR,ERR,ERR,ERR,ERR,ERR,ERR,ERR,ERR,ERR,ERR,ERR,ERR,ERR,ERR,ERR,ERR,ERR,ERR,ERR,ERR,ERR,ERR,ERR,ERR,ERR,ERR,ERR,ERR,ERR,ERR,ERR,50.0,60.0,100,0.0,0.0,0.0,0.0,0.0,0.0,0.0,0.0,0.0,0.0,0.0,0.0,0.0,0.0,0.0,0.0,61.6,65,20,65521,50,65476,0,300,0,0,8,20529,65476,0,0,26214,60.0,0.0,0.0,0.0,0.0,0.0
2026-05-17T16:21:43,ERR,ERR,ERR,ERR,ERR,ERR,ERR,ERR,ERR,ERR,ERR,ERR,ERR,ERR,ERR,ERR,ERR,ERR,ERR,ERR,ERR,ERR,ERR,ERR,ERR,ERR,ERR,ERR,ERR,ERR,ERR,ERR,ERR,ERR,ERR,ERR,ERR,ERR,ERR,ERR,ERR,ERR,ERR,ERR,ERR,ERR,ERR,ERR,ERR,ERR,ERR,ERR,ERR,ERR,ERR,ERR,ERR,ERR,ERR,ERR,ERR,ERR,ERR,ERR,ERR,ERR,ERR,ERR,ERR,ERR,ERR,ERR,ERR,ERR,ERR,ERR,ERR,ERR,ERR,ERR,ERR,ERR,ERR,ERR,ERR,ERR,ERR,ERR,ERR,ERR,ERR,ERR,ERR,ERR,ERR,ERR,ERR,ERR,ERR,ERR,ERR,ERR,ERR,ERR,ERR,ERR,ERR,ERR,ERR,ERR,ERR,ERR,ERR,ERR,ERR,ERR,ERR,ERR,ERR,ERR,ERR,ERR,ERR,ERR,ERR,0.0,-107615288.0,-0.0,0.0,0.0,1.3936040501711995e+18,7.805,0.0,0,0,4,0,8422,0.0,45,0.0,0.0,0.0,0.0,0.0,0,0,0,0,0.0,0,0,0,0,0,0,0,0,0,0,0,0,0,0,0,0,0,0,0,0,0,0,0,0,0,0,0,0,0,0,0,0,0,38,14,7,45,65476,0,300,0,0,8,21553,0.0,-107605600.0,0.0,0.0,0.0,0.0,0.0,0.0,0.0,0.0,0.0,0.0,0.0,0.0,0.0,0.0,0.0,0.0,0.0,0.0,0.0,0.0,0.0,-2.004,-0.0,0.0,0.0,0.0,0.0,0.0,5071.0,-131350.469,0.0,0.0,-107615288.0,0.0,-0.0,0.0,0.0,0.0,0.0,53,152018454839296.0,0.059,0.0,0.0,0.0,0.0,0.0,0.0,0.0,0,0,0,0.0,0.0,0.0,0.0,0.0,0.0,0.0,0.0,0.0,0.0,0.0,0.0,0.0,0.0,0.0,0.0,0,-107875648.0,53,0.0,106,-107614832.0,-107350944.0,ERR,ERR,ERR,ERR,ERR,ERR,ERR,ERR,ERR,ERR,ERR,ERR,ERR,ERR,ERR,ERR,ERR,ERR,ERR,ERR,ERR,ERR,ERR,ERR,ERR,ERR,ERR,ERR,ERR,ERR,ERR,ERR,ERR,ERR,ERR,ERR,ERR,ERR,ERR,ERR,ERR,ERR,ERR,ERR,ERR,ERR,ERR,ERR,ERR,ERR,ERR,ERR,ERR,ERR,ERR,ERR,ERR,ERR,ERR,ERR,ERR,ERR,ERR,ERR,ERR,ERR,ERR,50.0,60.0,100,0.0,0.0,0.0,0.0,0.0,0.0,0.0,0.0,0.0,0.0,0.0,0.0,0.0,0.0,0.0,0.0,61.6,65,20,65521,50,65476,0,300,0,0,8,20529,65476,0,0,26214,60.0,0.0,0.0,0.0,0.0,0.0
2026-05-17T16:21:44,ERR,ERR,ERR,ERR,ERR,ERR,ERR,ERR,ERR,ERR,ERR,ERR,ERR,ERR,ERR,ERR,ERR,ERR,ERR,ERR,ERR,ERR,ERR,ERR,ERR,ERR,ERR,ERR,ERR,ERR,ERR,ERR,ERR,ERR,ERR,ERR,ERR,ERR,ERR,ERR,ERR,ERR,ERR,ERR,ERR,ERR,ERR,ERR,ERR,ERR,ERR,ERR,ERR,ERR,ERR,ERR,ERR,ERR,ERR,ERR,ERR,ERR,ERR,ERR,ERR,ERR,ERR,ERR,ERR,ERR,ERR,ERR,ERR,ERR,ERR,ERR,ERR,ERR,ERR,ERR,ERR,ERR,ERR,ERR,ERR,ERR,ERR,ERR,ERR,ERR,ERR,ERR,ERR,ERR,ERR,ERR,ERR,ERR,ERR,ERR,ERR,ERR,ERR,ERR,ERR,ERR,ERR,ERR,ERR,ERR,ERR,ERR,ERR,ERR,ERR,ERR,ERR,ERR,ERR,ERR,ERR,ERR,ERR,ERR,ERR,0.0,-107615288.0,-0.0,0.0,0.0,1.3936040501711995e+18,7.805,0.0,0,0,4,0,8422,0.0,45,0.0,0.0,0.0,0.0,0.0,0,0,0,0,0.0,0,0,0,0,0,0,0,0,0,0,0,0,0,0,0,0,0,0,0,0,0,0,0,0,0,0,0,0,0,0,0,0,0,38,14,7,45,65476,0,300,0,0,8,21553,0.0,-107605600.0,0.0,0.0,0.0,0.0,0.0,0.0,0.0,0.0,0.0,0.0,0.0,0.0,0.0,0.0,0.0,0.0,0.0,0.0,0.0,0.0,0.0,-2.004,-0.0,0.0,0.0,0.0,0.0,0.0,5071.0,-131350.469,0.0,0.0,-107615288.0,0.0,-0.0,0.0,0.0,0.0,0.0,53,152018454839296.0,0.059,0.0,0.0,0.0,0.0,0.0,0.0,0.0,0,0,0,0.0,0.0,0.0,0.0,0.0,0.0,0.0,0.0,0.0,0.0,0.0,0.0,0.0,0.0,0.0,0.0,0,-107875648.0,53,0.0,106,-107614832.0,-107350944.0,ERR,ERR,ERR,ERR,ERR,ERR,ERR,ERR,ERR,ERR,ERR,ERR,ERR,ERR,ERR,ERR,ERR,ERR,ERR,ERR,ERR,ERR,ERR,ERR,ERR,ERR,ERR,ERR,ERR,ERR,ERR,ERR,ERR,ERR,ERR,ERR,ERR,ERR,ERR,ERR,ERR,ERR,ERR,ERR,ERR,ERR,ERR,ERR,ERR,ERR,ERR,ERR,ERR,ERR,ERR,ERR,ERR,ERR,ERR,ERR,ERR,ERR,ERR,ERR,ERR,ERR,ERR,50.0,60.0,100,0.0,0.0,0.0,0.0,0.0,0.0,0.0,0.0,0.0,0.0,0.0,0.0,0.0,0.0,0.0,0.0,61.6,65,20,65521,50,65476,0,300,0,0,8,20529,65476,0,0,26214,60.0,0.0,0.0,0.0,0.0,0.0
2026-05-17T16:21:45,ERR,ERR,ERR,ERR,ERR,ERR,ERR,ERR,ERR,ERR,ERR,ERR,ERR,ERR,ERR,ERR,ERR,ERR,ERR,ERR,ERR,ERR,ERR,ERR,ERR,ERR,ERR,ERR,ERR,ERR,ERR,ERR,ERR,ERR,ERR,ERR,ERR,ERR,ERR,ERR,ERR,ERR,ERR,ERR,ERR,ERR,ERR,ERR,ERR,ERR,ERR,ERR,ERR,ERR,ERR,ERR,ERR,ERR,ERR,ERR,ERR,ERR,ERR,ERR,ERR,ERR,ERR,ERR,ERR,ERR,ERR,ERR,ERR,ERR,ERR,ERR,ERR,ERR,ERR,ERR,ERR,ERR,ERR,ERR,ERR,ERR,ERR,ERR,ERR,ERR,ERR,ERR,ERR,ERR,ERR,ERR,ERR,ERR,ERR,ERR,ERR,ERR,ERR,ERR,ERR,ERR,ERR,ERR,ERR,ERR,ERR,ERR,ERR,ERR,ERR,ERR,ERR,ERR,ERR,ERR,ERR,ERR,ERR,ERR,ERR,0.0,-107615288.0,-0.0,0.0,0.0,1.3936040501711995e+18,7.805,0.0,0,0,4,0,8422,0.0,45,0.0,0.0,0.0,0.0,0.0,0,0,0,0,0.0,0,0,0,0,0,0,0,0,0,0,0,0,0,0,0,0,0,0,0,0,0,0,0,0,0,0,0,0,0,0,0,0,0,38,14,7,45,65476,0,300,0,0,8,21553,0.0,-107605600.0,0.0,0.0,0.0,0.0,0.0,0.0,0.0,0.0,0.0,0.0,0.0,0.0,0.0,0.0,0.0,0.0,0.0,0.0,0.0,0.0,0.0,-2.004,-0.0,0.0,0.0,0.0,0.0,0.0,5069.0,564145967595520.0,0.0,0.0,-107615288.0,0.0,-0.0,0.0,0.0,0.0,0.0,53,152018454839296.0,-0.0,0.0,0.0,0.0,0.0,0.0,0.0,0.0,0,0,0,0.0,0.0,0.0,0.0,0.0,0.0,0.0,0.0,0.0,0.0,0.0,0.0,0.0,0.0,0.0,0.0,0,-107875648.0,53,0.0,106,-107614832.0,-107350944.0,ERR,ERR,ERR,ERR,ERR,ERR,ERR,ERR,ERR,ERR,ERR,ERR,ERR,ERR,ERR,ERR,ERR,ERR,ERR,ERR,ERR,ERR,ERR,ERR,ERR,ERR,ERR,ERR,ERR,ERR,ERR,ERR,ERR,ERR,ERR,ERR,ERR,ERR,ERR,ERR,ERR,ERR,ERR,ERR,ERR,ERR,ERR,ERR,ERR,ERR,ERR,ERR,ERR,ERR,ERR,ERR,ERR,ERR,ERR,ERR,ERR,ERR,ERR,ERR,ERR,ERR,ERR,50.0,60.0,100,0.0,0.0,0.0,0.0,0.0,0.0,0.0,0.0,0.0,0.0,0.0,0.0,0.0,0.0,0.0,0.0,61.6,65,20,65521,50,65476,0,300,0,0,8,20529,65476,0,0,26214,60.0,0.0,0.0,0.0,0.0,0.0
2026-05-17T16:21:46,ERR,ERR,ERR,ERR,ERR,ERR,ERR,ERR,ERR,ERR,ERR,ERR,ERR,ERR,ERR,ERR,ERR,ERR,ERR,ERR,ERR,ERR,ERR,ERR,ERR,ERR,ERR,ERR,ERR,ERR,ERR,ERR,ERR,ERR,ERR,ERR,ERR,ERR,ERR,ERR,ERR,ERR,ERR,ERR,ERR,ERR,ERR,ERR,ERR,ERR,ERR,ERR,ERR,ERR,ERR,ERR,ERR,ERR,ERR,ERR,ERR,ERR,ERR,ERR,ERR,ERR,ERR,ERR,ERR,ERR,ERR,ERR,ERR,ERR,ERR,ERR,ERR,ERR,ERR,ERR,ERR,ERR,ERR,ERR,ERR,ERR,ERR,ERR,ERR,ERR,ERR,ERR,ERR,ERR,ERR,ERR,ERR,ERR,ERR,ERR,ERR,ERR,ERR,ERR,ERR,ERR,ERR,ERR,ERR,ERR,ERR,ERR,ERR,ERR,ERR,ERR,ERR,ERR,ERR,ERR,ERR,ERR,ERR,ERR,ERR,0.0,-107615288.0,-0.0,0.0,0.0,1.3936040501711995e+18,7.805,0.0,0,0,4,0,8422,0.0,45,0.0,0.0,0.0,0.0,0.0,0,0,0,0,0.0,0,0,0,0,0,0,0,0,0,0,0,0,0,0,0,0,0,0,0,0,0,0,0,0,0,0,0,0,0,0,0,0,0,38,14,7,45,65476,0,300,0,0,8,21553,0.0,-107605600.0,0.0,0.0,0.0,0.0,0.0,0.0,0.0,0.0,0.0,0.0,0.0,0.0,0.0,0.0,0.0,0.0,0.0,0.0,0.0,0.0,0.0,-2.004,-0.0,0.0,0.0,0.0,0.0,0.0,5069.0,564145967595520.0,0.0,0.0,-107615288.0,0.0,-0.0,0.0,0.0,0.0,0.0,53,152018454839296.0,-0.0,0.0,0.0,0.0,0.0,0.0,0.0,0.0,0,0,0,0.0,0.0,0.0,0.0,0.0,0.0,0.0,0.0,0.0,0.0,0.0,0.0,0.0,0.0,0.0,0.0,0,-107875648.0,53,0.0,106,-107614832.0,-107350944.0,ERR,ERR,ERR,ERR,ERR,ERR,ERR,ERR,ERR,ERR,ERR,ERR,ERR,ERR,ERR,ERR,ERR,ERR,ERR,ERR,ERR,ERR,ERR,ERR,ERR,ERR,ERR,ERR,ERR,ERR,ERR,ERR,ERR,ERR,ERR,ERR,ERR,ERR,ERR,ERR,ERR,ERR,ERR,ERR,ERR,ERR,ERR,ERR,ERR,ERR,ERR,ERR,ERR,ERR,ERR,ERR,ERR,ERR,ERR,ERR,ERR,ERR,ERR,ERR,ERR,ERR,ERR,50.0,60.0,100,0.0,0.0,0.0,0.0,0.0,0.0,0.0,0.0,0.0,0.0,0.0,0.0,0.0,0.0,0.0,0.0,61.6,65,20,65521,50,65476,0,300,0,0,8,20529,65476,0,0,26214,60.0,0.0,0.0,0.0,0.0,0.0
2026-05-17T16:21:47,ERR,ERR,ERR,ERR,ERR,ERR,ERR,ERR,ERR,ERR,ERR,ERR,ERR,ERR,ERR,ERR,ERR,ERR,ERR,ERR,ERR,ERR,ERR,ERR,ERR,ERR,ERR,ERR,ERR,ERR,ERR,ERR,ERR,ERR,ERR,ERR,ERR,ERR,ERR,ERR,ERR,ERR,ERR,ERR,ERR,ERR,ERR,ERR,ERR,ERR,ERR,ERR,ERR,ERR,ERR,ERR,ERR,ERR,ERR,ERR,ERR,ERR,ERR,ERR,ERR,ERR,ERR,ERR,ERR,ERR,ERR,ERR,ERR,ERR,ERR,ERR,ERR,ERR,ERR,ERR,ERR,ERR,ERR,ERR,ERR,ERR,ERR,ERR,ERR,ERR,ERR,ERR,ERR,ERR,ERR,ERR,ERR,ERR,ERR,ERR,ERR,ERR,ERR,ERR,ERR,ERR,ERR,ERR,ERR,ERR,ERR,ERR,ERR,ERR,ERR,ERR,ERR,ERR,ERR,ERR,ERR,ERR,ERR,ERR,ERR,0.0,-107615288.0,-0.0,0.0,0.0,1.3936040501711995e+18,7.805,0.0,0,0,4,0,8422,0.0,45,0.0,0.0,0.0,0.0,0.0,0,0,0,0,0.0,0,0,0,0,0,0,0,0,0,0,0,0,0,0,0,0,0,0,0,0,0,0,0,0,0,0,0,0,0,0,0,0,0,38,14,7,45,65476,0,300,0,0,8,21553,0.0,-107605600.0,0.0,0.0,0.0,0.0,0.0,0.0,0.0,0.0,0.0,0.0,0.0,0.0,0.0,0.0,0.0,0.0,0.0,0.0,0.0,0.0,0.0,-2.004,-0.0,0.0,0.0,0.0,0.0,0.0,5069.0,564145967595520.0,0.0,0.0,-107615288.0,0.0,-0.0,0.0,0.0,0.0,0.0,53,152018454839296.0,-0.0,0.0,0.0,0.0,0.0,0.0,0.0,0.0,0,0,0,0.0,0.0,0.0,0.0,0.0,0.0,0.0,0.0,0.0,0.0,0.0,0.0,0.0,0.0,0.0,0.0,0,-107875648.0,53,0.0,106,-107614832.0,-107350944.0,ERR,ERR,ERR,ERR,ERR,ERR,ERR,ERR,ERR,ERR,ERR,ERR,ERR,ERR,ERR,ERR,ERR,ERR,ERR,ERR,ERR,ERR,ERR,ERR,ERR,ERR,ERR,ERR,ERR,ERR,ERR,ERR,ERR,ERR,ERR,ERR,ERR,ERR,ERR,ERR,ERR,ERR,ERR,ERR,ERR,ERR,ERR,ERR,ERR,ERR,ERR,ERR,ERR,ERR,ERR,ERR,ERR,ERR,ERR,ERR,ERR,ERR,ERR,ERR,ERR,ERR,ERR,50.0,60.0,100,0.0,0.0,0.0,0.0,0.0,0.0,0.0,0.0,0.0,0.0,0.0,0.0,0.0,0.0,0.0,0.0,62.0,65,20,65521,50,65476,0,300,0,0,8,20529,65476,0,0,26214,60.0,0.0,0.0,0.0,0.0,0.0
2026-05-17T16:21:48,ERR,ERR,ERR,ERR,ERR,ERR,ERR,ERR,ERR,ERR,ERR,ERR,ERR,ERR,ERR,ERR,ERR,ERR,ERR,ERR,ERR,ERR,ERR,ERR,ERR,ERR,ERR,ERR,ERR,ERR,ERR,ERR,ERR,ERR,ERR,ERR,ERR,ERR,ERR,ERR,ERR,ERR,ERR,ERR,ERR,ERR,ERR,ERR,ERR,ERR,ERR,ERR,ERR,ERR,ERR,ERR,ERR,ERR,ERR,ERR,ERR,ERR,ERR,ERR,ERR,ERR,ERR,ERR,ERR,ERR,ERR,ERR,ERR,ERR,ERR,ERR,ERR,ERR,ERR,ERR,ERR,ERR,ERR,ERR,ERR,ERR,ERR,ERR,ERR,ERR,ERR,ERR,ERR,ERR,ERR,ERR,ERR,ERR,ERR,ERR,ERR,ERR,ERR,ERR,ERR,ERR,ERR,ERR,ERR,ERR,ERR,ERR,ERR,ERR,ERR,ERR,ERR,ERR,ERR,ERR,ERR,ERR,ERR,ERR,ERR,0.0,-107615288.0,-0.0,0.0,0.0,1.3936040501711995e+18,7.805,0.0,0,0,4,0,8422,0.0,45,0.0,0.0,0.0,0.0,0.0,0,0,0,0,0.0,0,0,0,0,0,0,0,0,0,0,0,0,0,0,0,0,0,0,0,0,0,0,0,0,0,0,0,0,0,0,0,0,0,38,14,7,45,65476,0,300,0,0,8,21553,0.0,-107605600.0,0.0,0.0,0.0,0.0,0.0,0.0,0.0,0.0,0.0,0.0,0.0,0.0,0.0,0.0,0.0,0.0,0.0,0.0,0.0,0.0,0.0,-2.004,-0.0,0.0,0.0,0.0,0.0,0.0,5069.0,564145967595520.0,0.0,0.0,-107615288.0,0.0,-0.0,0.0,0.0,0.0,0.0,53,152018454839296.0,-0.0,0.0,0.0,0.0,0.0,0.0,0.0,0.0,0,0,0,0.0,0.0,0.0,0.0,0.0,0.0,0.0,0.0,0.0,0.0,0.0,0.0,0.0,0.0,0.0,0.0,0,-107875648.0,53,0.0,106,-107614832.0,-107350944.0,ERR,ERR,ERR,ERR,ERR,ERR,ERR,ERR,ERR,ERR,ERR,ERR,ERR,ERR,ERR,ERR,ERR,ERR,ERR,ERR,ERR,ERR,ERR,ERR,ERR,ERR,ERR,ERR,ERR,ERR,ERR,ERR,ERR,ERR,ERR,ERR,ERR,ERR,ERR,ERR,ERR,ERR,ERR,ERR,ERR,ERR,ERR,ERR,ERR,ERR,ERR,ERR,ERR,ERR,ERR,ERR,ERR,ERR,ERR,ERR,ERR,ERR,ERR,ERR,ERR,ERR,ERR,50.0,60.0,100,0.0,0.0,0.0,0.0,0.0,0.0,0.0,0.0,0.0,0.0,0.0,0.0,0.0,0.0,0.0,0.0,61.6,65,20,65521,50,65476,0,300,0,0,8,20529,65476,0,0,26214,60.0,0.0,0.0,0.0,0.0,0.0
2026-05-17T16:21:49,ERR,ERR,ERR,ERR,ERR,ERR,ERR,ERR,ERR,ERR,ERR,ERR,ERR,ERR,ERR,ERR,ERR,ERR,ERR,ERR,ERR,ERR,ERR,ERR,ERR,ERR,ERR,ERR,ERR,ERR,ERR,ERR,ERR,ERR,ERR,ERR,ERR,ERR,ERR,ERR,ERR,ERR,ERR,ERR,ERR,ERR,ERR,ERR,ERR,ERR,ERR,ERR,ERR,ERR,ERR,ERR,ERR,ERR,ERR,ERR,ERR,ERR,ERR,ERR,ERR,ERR,ERR,ERR,ERR,ERR,ERR,ERR,ERR,ERR,ERR,ERR,ERR,ERR,ERR,ERR,ERR,ERR,ERR,ERR,ERR,ERR,ERR,ERR,ERR,ERR,ERR,ERR,ERR,ERR,ERR,ERR,ERR,ERR,ERR,ERR,ERR,ERR,ERR,ERR,ERR,ERR,ERR,ERR,ERR,ERR,ERR,ERR,ERR,ERR,ERR,ERR,ERR,ERR,ERR,ERR,ERR,ERR,ERR,ERR,ERR,0.0,-107615288.0,-0.0,0.0,0.0,1.3936040501711995e+18,7.805,0.0,0,0,4,0,8422,0.0,45,0.0,0.0,0.0,0.0,0.0,0,0,0,0,0.0,0,0,0,0,0,0,0,0,0,0,0,0,0,0,0,0,0,0,0,0,0,0,0,0,0,0,0,0,0,0,0,0,0,38,14,7,45,65476,0,300,0,0,8,21553,0.0,-107605600.0,0.0,0.0,0.0,0.0,0.0,0.0,0.0,0.0,0.0,0.0,0.0,0.0,0.0,0.0,0.0,0.0,0.0,0.0,0.0,0.0,0.0,-2.004,-0.0,0.0,0.0,0.0,0.0,0.0,5069.0,564145967595520.0,0.0,0.0,-107615288.0,0.0,-0.0,0.0,0.0,0.0,0.0,53,152018454839296.0,-0.0,0.0,0.0,0.0,0.0,0.0,0.0,0.0,0,0,0,0.0,0.0,0.0,0.0,0.0,0.0,0.0,0.0,0.0,0.0,0.0,0.0,0.0,0.0,0.0,0.0,0,-107875648.0,53,0.0,106,-107614832.0,-107350944.0,ERR,ERR,ERR,ERR,ERR,ERR,ERR,ERR,ERR,ERR,ERR,ERR,ERR,ERR,ERR,ERR,ERR,ERR,ERR,ERR,ERR,ERR,ERR,ERR,ERR,ERR,ERR,ERR,ERR,ERR,ERR,ERR,ERR,ERR,ERR,ERR,ERR,ERR,ERR,ERR,ERR,ERR,ERR,ERR,ERR,ERR,ERR,ERR,ERR,ERR,ERR,ERR,ERR,ERR,ERR,ERR,ERR,ERR,ERR,ERR,ERR,ERR,ERR,ERR,ERR,ERR,ERR,50.0,60.0,100,0.0,0.0,0.0,0.0,0.0,0.0,0.0,0.0,0.0,0.0,0.0,0.0,0.0,0.0,0.0,0.0,61.6,65,20,65521,50,65476,0,300,0,0,8,20529,65476,0,0,26214,60.0,0.0,0.0,0.0,0.0,0.0
2026-05-17T16:21:50,ERR,ERR,ERR,ERR,ERR,ERR,ERR,ERR,ERR,ERR,ERR,ERR,ERR,ERR,ERR,ERR,ERR,ERR,ERR,ERR,ERR,ERR,ERR,ERR,ERR,ERR,ERR,ERR,ERR,ERR,ERR,ERR,ERR,ERR,ERR,ERR,ERR,ERR,ERR,ERR,ERR,ERR,ERR,ERR,ERR,ERR,ERR,ERR,ERR,ERR,ERR,ERR,ERR,ERR,ERR,ERR,ERR,ERR,ERR,ERR,ERR,ERR,ERR,ERR,ERR,ERR,ERR,ERR,ERR,ERR,ERR,ERR,ERR,ERR,ERR,ERR,ERR,ERR,ERR,ERR,ERR,ERR,ERR,ERR,ERR,ERR,ERR,ERR,ERR,ERR,ERR,ERR,ERR,ERR,ERR,ERR,ERR,ERR,ERR,ERR,ERR,ERR,ERR,ERR,ERR,ERR,ERR,ERR,ERR,ERR,ERR,ERR,ERR,ERR,ERR,ERR,ERR,ERR,ERR,ERR,ERR,ERR,ERR,ERR,ERR,0.0,-107615288.0,-0.0,0.0,0.0,1.3936040501711995e+18,7.805,0.0,0,0,4,0,8422,0.0,45,0.0,0.0,0.0,0.0,0.0,0,0,0,0,0.0,0,0,0,0,0,0,0,0,0,0,0,0,0,0,0,0,0,0,0,0,0,0,0,0,0,0,0,0,0,0,0,0,0,38,14,7,45,65476,0,300,0,0,8,21553,0.0,-107605600.0,0.0,0.0,0.0,0.0,0.0,0.0,0.0,0.0,0.0,0.0,0.0,0.0,0.0,0.0,0.0,0.0,0.0,0.0,0.0,0.0,-2.004,-2.004,-0.0,0.0,0.0,0.0,0.0,0.0,5071.0,-0.0,0.0,0.0,-107615288.0,0.0,-0.0,0.0,0.0,0.0,0.0,53,2.3088403658719416e+20,-3.2220035051135306e+26,0.0,0.0,0.0,0.0,0.0,0.0,0.0,0,0,0,0.0,0.0,0.0,0.0,0.0,0.0,0.0,0.0,0.0,0.0,0.0,0.0,0.0,0.0,0.0,0.0,0,-107875648.0,53,0.0,106,-107614832.0,-107350944.0,ERR,ERR,ERR,ERR,ERR,ERR,ERR,ERR,ERR,ERR,ERR,ERR,ERR,ERR,ERR,ERR,ERR,ERR,ERR,ERR,ERR,ERR,ERR,ERR,ERR,ERR,ERR,ERR,ERR,ERR,ERR,ERR,ERR,ERR,ERR,ERR,ERR,ERR,ERR,ERR,ERR,ERR,ERR,ERR,ERR,ERR,ERR,ERR,ERR,ERR,ERR,ERR,ERR,ERR,ERR,ERR,ERR,ERR,ERR,ERR,ERR,ERR,ERR,ERR,ERR,ERR,ERR,50.0,60.0,100,0.0,0.0,0.0,0.0,0.0,0.0,0.0,0.0,0.0,0.0,0.0,0.0,0.0,0.0,0.0,0.0,61.6,65,20,65521,50,65476,0,300,0,0,8,20529,65476,0,0,26214,60.0,0.0,0.0,0.0,0.0,0.0
2026-05-17T16:21:51,ERR,ERR,ERR,ERR,ERR,ERR,ERR,ERR,ERR,ERR,ERR,ERR,ERR,ERR,ERR,ERR,ERR,ERR,ERR,ERR,ERR,ERR,ERR,ERR,ERR,ERR,ERR,ERR,ERR,ERR,ERR,ERR,ERR,ERR,ERR,ERR,ERR,ERR,ERR,ERR,ERR,ERR,ERR,ERR,ERR,ERR,ERR,ERR,ERR,ERR,ERR,ERR,ERR,ERR,ERR,ERR,ERR,ERR,ERR,ERR,ERR,ERR,ERR,ERR,ERR,ERR,ERR,ERR,ERR,ERR,ERR,ERR,ERR,ERR,ERR,ERR,ERR,ERR,ERR,ERR,ERR,ERR,ERR,ERR,ERR,ERR,ERR,ERR,ERR,ERR,ERR,ERR,ERR,ERR,ERR,ERR,ERR,ERR,ERR,ERR,ERR,ERR,ERR,ERR,ERR,ERR,ERR,ERR,ERR,ERR,ERR,ERR,ERR,ERR,ERR,ERR,ERR,ERR,ERR,ERR,ERR,ERR,ERR,ERR,ERR,0.0,-107615288.0,-0.0,0.0,0.0,1.3936040501711995e+18,7.805,0.0,0,0,4,0,8422,0.0,45,0.0,0.0,0.0,0.0,0.0,0,0,0,0,0.0,0,0,0,0,0,0,0,0,0,0,0,0,0,0,0,0,0,0,0,0,0,0,0,0,0,0,0,0,0,0,0,0,0,38,14,7,45,65476,0,300,0,0,8,21553,0.0,-107605600.0,0.0,0.0,0.0,0.0,0.0,0.0,0.0,0.0,0.0,0.0,0.0,0.0,0.0,0.0,0.0,0.0,0.0,0.0,0.0,0.0,-2.004,-2.004,-0.0,0.0,0.0,0.0,0.0,0.0,5071.0,-0.0,0.0,0.0,-107615288.0,0.0,-0.0,0.0,0.0,0.0,0.0,53,2.3088403658719416e+20,-3.2220035051135306e+26,0.0,0.0,0.0,0.0,0.0,0.0,0.0,0,0,0,0.0,0.0,0.0,0.0,0.0,0.0,0.0,0.0,0.0,0.0,0.0,0.0,0.0,0.0,0.0,0.0,0,-107875648.0,53,0.0,106,-107614832.0,-107350944.0,ERR,ERR,ERR,ERR,ERR,ERR,ERR,ERR,ERR,ERR,ERR,ERR,ERR,ERR,ERR,ERR,ERR,ERR,ERR,ERR,ERR,ERR,ERR,ERR,ERR,ERR,ERR,ERR,ERR,ERR,ERR,ERR,ERR,ERR,ERR,ERR,ERR,ERR,ERR,ERR,ERR,ERR,ERR,ERR,ERR,ERR,ERR,ERR,ERR,ERR,ERR,ERR,ERR,ERR,ERR,ERR,ERR,ERR,ERR,ERR,ERR,ERR,ERR,ERR,ERR,ERR,ERR,50.0,60.0,100,0.0,0.0,0.0,0.0,0.0,0.0,0.0,0.0,0.0,0.0,0.0,0.0,0.0,0.0,0.0,0.0,61.6,65,20,65521,50,65476,0,300,0,0,8,20529,65476,0,0,26214,60.0,0.0,0.0,0.0,0.0,0.0
2026-05-17T16:21:52,ERR,ERR,ERR,ERR,ERR,ERR,ERR,ERR,ERR,ERR,ERR,ERR,ERR,ERR,ERR,ERR,ERR,ERR,ERR,ERR,ERR,ERR,ERR,ERR,ERR,ERR,ERR,ERR,ERR,ERR,ERR,ERR,ERR,ERR,ERR,ERR,ERR,ERR,ERR,ERR,ERR,ERR,ERR,ERR,ERR,ERR,ERR,ERR,ERR,ERR,ERR,ERR,ERR,ERR,ERR,ERR,ERR,ERR,ERR,ERR,ERR,ERR,ERR,ERR,ERR,ERR,ERR,ERR,ERR,ERR,ERR,ERR,ERR,ERR,ERR,ERR,ERR,ERR,ERR,ERR,ERR,ERR,ERR,ERR,ERR,ERR,ERR,ERR,ERR,ERR,ERR,ERR,ERR,ERR,ERR,ERR,ERR,ERR,ERR,ERR,ERR,ERR,ERR,ERR,ERR,ERR,ERR,ERR,ERR,ERR,ERR,ERR,ERR,ERR,ERR,ERR,ERR,ERR,ERR,ERR,ERR,ERR,ERR,ERR,ERR,0.0,-107615288.0,-0.0,0.0,0.0,1.3936040501711995e+18,7.805,0.0,0,0,4,0,8422,0.0,45,0.0,0.0,0.0,0.0,0.0,0,0,0,0,0.0,0,0,0,0,0,0,0,0,0,0,0,0,0,0,0,0,0,0,0,0,0,0,0,0,0,0,0,0,0,0,0,0,0,38,14,7,45,65476,0,300,0,0,8,21553,0.0,-107605600.0,0.0,0.0,0.0,0.0,0.0,0.0,0.0,0.0,0.0,0.0,0.0,0.0,0.0,0.0,0.0,0.0,0.0,0.0,0.0,0.0,-2.004,-2.004,-0.0,0.0,0.0,0.0,0.0,0.0,5071.0,-0.0,0.0,0.0,-107615288.0,0.0,-0.0,0.0,0.0,0.0,0.0,53,2.3088403658719416e+20,-3.2220035051135306e+26,0.0,0.0,0.0,0.0,0.0,0.0,0.0,0,0,0,0.0,0.0,0.0,0.0,0.0,0.0,0.0,0.0,0.0,0.0,0.0,0.0,0.0,0.0,0.0,0.0,0,-107875648.0,53,0.0,106,-107614832.0,-107350944.0,ERR,ERR,ERR,ERR,ERR,ERR,ERR,ERR,ERR,ERR,ERR,ERR,ERR,ERR,ERR,ERR,ERR,ERR,ERR,ERR,ERR,ERR,ERR,ERR,ERR,ERR,ERR,ERR,ERR,ERR,ERR,ERR,ERR,ERR,ERR,ERR,ERR,ERR,ERR,ERR,ERR,ERR,ERR,ERR,ERR,ERR,ERR,ERR,ERR,ERR,ERR,ERR,ERR,ERR,ERR,ERR,ERR,ERR,ERR,ERR,ERR,ERR,ERR,ERR,ERR,ERR,ERR,50.0,60.0,100,0.0,0.0,0.0,0.0,0.0,0.0,0.0,0.0,0.0,0.0,0.0,0.0,0.0,0.0,0.0,0.0,61.6,65,20,65521,50,65476,0,300,0,0,8,20529,65476,0,0,26214,60.0,0.0,0.0,0.0,0.0,0.0
2026-05-17T16:21:53,ERR,ERR,ERR,ERR,ERR,ERR,ERR,ERR,ERR,ERR,ERR,ERR,ERR,ERR,ERR,ERR,ERR,ERR,ERR,ERR,ERR,ERR,ERR,ERR,ERR,ERR,ERR,ERR,ERR,ERR,ERR,ERR,ERR,ERR,ERR,ERR,ERR,ERR,ERR,ERR,ERR,ERR,ERR,ERR,ERR,ERR,ERR,ERR,ERR,ERR,ERR,ERR,ERR,ERR,ERR,ERR,ERR,ERR,ERR,ERR,ERR,ERR,ERR,ERR,ERR,ERR,ERR,ERR,ERR,ERR,ERR,ERR,ERR,ERR,ERR,ERR,ERR,ERR,ERR,ERR,ERR,ERR,ERR,ERR,ERR,ERR,ERR,ERR,ERR,ERR,ERR,ERR,ERR,ERR,ERR,ERR,ERR,ERR,ERR,ERR,ERR,ERR,ERR,ERR,ERR,ERR,ERR,ERR,ERR,ERR,ERR,ERR,ERR,ERR,ERR,ERR,ERR,ERR,ERR,ERR,ERR,ERR,ERR,ERR,ERR,0.0,-107615288.0,-0.0,0.0,0.0,1.3936040501711995e+18,7.805,0.0,0,0,4,0,8422,0.0,45,0.0,0.0,0.0,0.0,0.0,0,0,0,0,0.0,0,0,0,0,0,0,0,0,0,0,0,0,0,0,0,0,0,0,0,0,0,0,0,0,0,0,0,0,0,0,0,0,0,38,14,7,45,65476,0,300,0,0,8,21553,0.0,-107605600.0,0.0,0.0,0.0,0.0,0.0,0.0,0.0,0.0,0.0,0.0,0.0,0.0,0.0,0.0,0.0,0.0,0.0,0.0,0.0,0.0,-2.004,-2.004,-0.0,0.0,0.0,0.0,0.0,0.0,5071.0,-0.0,0.0,0.0,-107615288.0,0.0,-0.0,0.0,0.0,0.0,0.0,53,2.3088403658719416e+20,-3.2220035051135306e+26,0.0,0.0,0.0,0.0,0.0,0.0,0.0,0,0,0,0.0,0.0,0.0,0.0,0.0,0.0,0.0,0.0,0.0,0.0,0.0,0.0,0.0,0.0,0.0,0.0,0,-107875648.0,53,0.0,106,-107614832.0,-107350944.0,ERR,ERR,ERR,ERR,ERR,ERR,ERR,ERR,ERR,ERR,ERR,ERR,ERR,ERR,ERR,ERR,ERR,ERR,ERR,ERR,ERR,ERR,ERR,ERR,ERR,ERR,ERR,ERR,ERR,ERR,ERR,ERR,ERR,ERR,ERR,ERR,ERR,ERR,ERR,ERR,ERR,ERR,ERR,ERR,ERR,ERR,ERR,ERR,ERR,ERR,ERR,ERR,ERR,ERR,ERR,ERR,ERR,ERR,ERR,ERR,ERR,ERR,ERR,ERR,ERR,ERR,ERR,50.0,60.0,100,0.0,0.0,0.0,0.0,0.0,0.0,0.0,0.0,0.0,0.0,0.0,0.0,0.0,0.0,0.0,0.0,61.6,65,20,65521,50,65476,0,300,0,0,8,20529,65476,0,0,26214,60.0,0.0,0.0,0.0,0.0,0.0
2026-05-17T16:21:54,ERR,ERR,ERR,ERR,ERR,ERR,ERR,ERR,ERR,ERR,ERR,ERR,ERR,ERR,ERR,ERR,ERR,ERR,ERR,ERR,ERR,ERR,ERR,ERR,ERR,ERR,ERR,ERR,ERR,ERR,ERR,ERR,ERR,ERR,ERR,ERR,ERR,ERR,ERR,ERR,ERR,ERR,ERR,ERR,ERR,ERR,ERR,ERR,ERR,ERR,ERR,ERR,ERR,ERR,ERR,ERR,ERR,ERR,ERR,ERR,ERR,ERR,ERR,ERR,ERR,ERR,ERR,ERR,ERR,ERR,ERR,ERR,ERR,ERR,ERR,ERR,ERR,ERR,ERR,ERR,ERR,ERR,ERR,ERR,ERR,ERR,ERR,ERR,ERR,ERR,ERR,ERR,ERR,ERR,ERR,ERR,ERR,ERR,ERR,ERR,ERR,ERR,ERR,ERR,ERR,ERR,ERR,ERR,ERR,ERR,ERR,ERR,ERR,ERR,ERR,ERR,ERR,ERR,ERR,ERR,ERR,ERR,ERR,ERR,ERR,0.0,-107615288.0,-0.0,0.0,0.0,1.3936040501711995e+18,7.805,0.0,0,0,4,0,8422,0.0,45,0.0,0.0,0.0,0.0,0.0,0,0,0,0,0.0,0,0,0,0,0,0,0,0,0,0,0,0,0,0,0,0,0,0,0,0,0,0,0,0,0,0,0,0,0,0,0,0,0,38,14,7,45,65476,0,300,0,0,8,21553,0.0,-107605600.0,0.0,0.0,0.0,0.0,0.0,0.0,0.0,0.0,0.0,0.0,0.0,0.0,0.0,0.0,0.0,0.0,0.0,0.0,0.0,0.0,-2.004,-2.004,-0.0,0.0,0.0,0.0,0.0,0.0,5071.0,-0.0,0.0,0.0,-107615288.0,0.0,-0.0,0.0,0.0,0.0,0.0,53,2.3088403658719416e+20,-3.2220035051135306e+26,0.0,0.0,0.0,0.0,0.0,0.0,0.0,0,0,0,0.0,0.0,0.0,0.0,0.0,0.0,0.0,0.0,0.0,0.0,0.0,0.0,0.0,0.0,0.0,0.0,0,-107875648.0,53,0.0,106,-107614832.0,-107350944.0,ERR,ERR,ERR,ERR,ERR,ERR,ERR,ERR,ERR,ERR,ERR,ERR,ERR,ERR,ERR,ERR,ERR,ERR,ERR,ERR,ERR,ERR,ERR,ERR,ERR,ERR,ERR,ERR,ERR,ERR,ERR,ERR,ERR,ERR,ERR,ERR,ERR,ERR,ERR,ERR,ERR,ERR,ERR,ERR,ERR,ERR,ERR,ERR,ERR,ERR,ERR,ERR,ERR,ERR,ERR,ERR,ERR,ERR,ERR,ERR,ERR,ERR,ERR,ERR,ERR,ERR,ERR,50.0,60.0,100,0.0,0.0,0.0,0.0,0.0,0.0,0.0,0.0,0.0,0.0,0.0,0.0,0.0,0.0,0.0,0.0,61.6,65,20,65521,50,65476,0,300,0,0,8,20529,65476,0,0,26214,60.0,0.0,0.0,0.0,0.0,0.0
2026-05-17T16:21:55,ERR,ERR,ERR,ERR,ERR,ERR,ERR,ERR,ERR,ERR,ERR,ERR,ERR,ERR,ERR,ERR,ERR,ERR,ERR,ERR,ERR,ERR,ERR,ERR,ERR,ERR,ERR,ERR,ERR,ERR,ERR,ERR,ERR,ERR,ERR,ERR,ERR,ERR,ERR,ERR,ERR,ERR,ERR,ERR,ERR,ERR,ERR,ERR,ERR,ERR,ERR,ERR,ERR,ERR,ERR,ERR,ERR,ERR,ERR,ERR,ERR,ERR,ERR,ERR,ERR,ERR,ERR,ERR,ERR,ERR,ERR,ERR,ERR,ERR,ERR,ERR,ERR,ERR,ERR,ERR,ERR,ERR,ERR,ERR,ERR,ERR,ERR,ERR,ERR,ERR,ERR,ERR,ERR,ERR,ERR,ERR,ERR,ERR,ERR,ERR,ERR,ERR,ERR,ERR,ERR,ERR,ERR,ERR,ERR,ERR,ERR,ERR,ERR,ERR,ERR,ERR,ERR,ERR,ERR,ERR,ERR,ERR,ERR,ERR,ERR,0.0,-107615288.0,-0.0,0.0,0.0,1.3936040501711995e+18,7.805,0.0,0,0,4,0,8422,0.0,45,0.0,0.0,0.0,0.0,0.0,0,0,0,0,0.0,0,0,0,0,0,0,0,0,0,0,0,0,0,0,0,0,0,0,0,0,0,0,0,0,0,0,0,0,0,0,0,0,0,38,14,7,45,65476,0,300,0,0,8,21553,0.0,-107605600.0,0.0,0.0,0.0,0.0,0.0,0.0,0.0,0.0,0.0,0.0,0.0,0.0,0.0,0.0,0.0,0.0,0.0,0.0,0.0,0.0,0.0,-2.004,-0.0,0.0,0.0,0.0,0.0,0.0,5072.0,1.04066562844498e+34,0.0,0.0,-107615288.0,0.0,-0.0,0.0,0.0,0.0,0.0,53,2.7184300208680915e+23,-152017313988608.0,0.0,0.0,0.0,0.0,0.0,0.0,0.0,0,0,0,0.0,0.0,0.0,0.0,0.0,0.0,0.0,0.0,0.0,0.0,0.0,0.0,0.0,0.0,0.0,0.0,0,-107875648.0,53,0.0,106,-107614832.0,-107350944.0,ERR,ERR,ERR,ERR,ERR,ERR,ERR,ERR,ERR,ERR,ERR,ERR,ERR,ERR,ERR,ERR,ERR,ERR,ERR,ERR,ERR,ERR,ERR,ERR,ERR,ERR,ERR,ERR,ERR,ERR,ERR,ERR,ERR,ERR,ERR,ERR,ERR,ERR,ERR,ERR,ERR,ERR,ERR,ERR,ERR,ERR,ERR,ERR,ERR,ERR,ERR,ERR,ERR,ERR,ERR,ERR,ERR,ERR,ERR,ERR,ERR,ERR,ERR,ERR,ERR,ERR,ERR,50.0,60.0,100,0.0,0.0,0.0,0.0,0.0,0.0,0.0,0.0,0.0,0.0,0.0,0.0,0.0,0.0,0.0,0.0,61.6,65,20,65521,50,65476,0,300,0,0,8,20529,65476,0,0,26214,60.0,0.0,0.0,0.0,0.0,0.0
2026-05-17T16:21:56,ERR,ERR,ERR,ERR,ERR,ERR,ERR,ERR,ERR,ERR,ERR,ERR,ERR,ERR,ERR,ERR,ERR,ERR,ERR,ERR,ERR,ERR,ERR,ERR,ERR,ERR,ERR,ERR,ERR,ERR,ERR,ERR,ERR,ERR,ERR,ERR,ERR,ERR,ERR,ERR,ERR,ERR,ERR,ERR,ERR,ERR,ERR,ERR,ERR,ERR,ERR,ERR,ERR,ERR,ERR,ERR,ERR,ERR,ERR,ERR,ERR,ERR,ERR,ERR,ERR,ERR,ERR,ERR,ERR,ERR,ERR,ERR,ERR,ERR,ERR,ERR,ERR,ERR,ERR,ERR,ERR,ERR,ERR,ERR,ERR,ERR,ERR,ERR,ERR,ERR,ERR,ERR,ERR,ERR,ERR,ERR,ERR,ERR,ERR,ERR,ERR,ERR,ERR,ERR,ERR,ERR,ERR,ERR,ERR,ERR,ERR,ERR,ERR,ERR,ERR,ERR,ERR,ERR,ERR,ERR,ERR,ERR,ERR,ERR,ERR,0.0,-107615288.0,-0.0,0.0,0.0,1.3936040501711995e+18,7.805,0.0,0,0,4,0,8422,0.0,45,0.0,0.0,0.0,0.0,0.0,0,0,0,0,0.0,0,0,0,0,0,0,0,0,0,0,0,0,0,0,0,0,0,0,0,0,0,0,0,0,0,0,0,0,0,0,0,0,0,38,14,7,45,65476,0,300,0,0,8,21553,0.0,-107605600.0,0.0,0.0,0.0,0.0,0.0,0.0,0.0,0.0,0.0,0.0,0.0,0.0,0.0,0.0,0.0,0.0,0.0,0.0,0.0,0.0,0.0,-2.004,-0.0,0.0,0.0,0.0,0.0,0.0,5072.0,1.04066562844498e+34,0.0,0.0,-107615288.0,0.0,-0.0,0.0,0.0,0.0,0.0,53,2.7184300208680915e+23,-152017313988608.0,0.0,0.0,0.0,0.0,0.0,0.0,0.0,0,0,0,0.0,0.0,0.0,0.0,0.0,0.0,0.0,0.0,0.0,0.0,0.0,0.0,0.0,0.0,0.0,0.0,0,-107875648.0,53,0.0,106,-107614832.0,-107350944.0,ERR,ERR,ERR,ERR,ERR,ERR,ERR,ERR,ERR,ERR,ERR,ERR,ERR,ERR,ERR,ERR,ERR,ERR,ERR,ERR,ERR,ERR,ERR,ERR,ERR,ERR,ERR,ERR,ERR,ERR,ERR,ERR,ERR,ERR,ERR,ERR,ERR,ERR,ERR,ERR,ERR,ERR,ERR,ERR,ERR,ERR,ERR,ERR,ERR,ERR,ERR,ERR,ERR,ERR,ERR,ERR,ERR,ERR,ERR,ERR,ERR,ERR,ERR,ERR,ERR,ERR,ERR,50.0,60.0,100,0.0,0.0,0.0,0.0,0.0,0.0,0.0,0.0,0.0,0.0,0.0,0.0,0.0,0.0,0.0,0.0,61.6,65,20,65521,50,65476,0,300,0,0,8,20529,65476,0,0,26214,60.0,0.0,0.0,0.0,0.0,0.0
2026-05-17T16:21:57,ERR,ERR,ERR,ERR,ERR,ERR,ERR,ERR,ERR,ERR,ERR,ERR,ERR,ERR,ERR,ERR,ERR,ERR,ERR,ERR,ERR,ERR,ERR,ERR,ERR,ERR,ERR,ERR,ERR,ERR,ERR,ERR,ERR,ERR,ERR,ERR,ERR,ERR,ERR,ERR,ERR,ERR,ERR,ERR,ERR,ERR,ERR,ERR,ERR,ERR,ERR,ERR,ERR,ERR,ERR,ERR,ERR,ERR,ERR,ERR,ERR,ERR,ERR,ERR,ERR,ERR,ERR,ERR,ERR,ERR,ERR,ERR,ERR,ERR,ERR,ERR,ERR,ERR,ERR,ERR,ERR,ERR,ERR,ERR,ERR,ERR,ERR,ERR,ERR,ERR,ERR,ERR,ERR,ERR,ERR,ERR,ERR,ERR,ERR,ERR,ERR,ERR,ERR,ERR,ERR,ERR,ERR,ERR,ERR,ERR,ERR,ERR,ERR,ERR,ERR,ERR,ERR,ERR,ERR,ERR,ERR,ERR,ERR,ERR,ERR,0.0,-107615288.0,-0.0,0.0,0.0,1.3936040501711995e+18,7.805,0.0,0,0,4,0,8422,0.0,45,0.0,0.0,0.0,0.0,0.0,0,0,0,0,0.0,0,0,0,0,0,0,0,0,0,0,0,0,0,0,0,0,0,0,0,0,0,0,0,0,0,0,0,0,0,0,0,0,0,38,14,7,45,65476,0,300,0,0,8,21553,0.0,-107605600.0,0.0,0.0,0.0,0.0,0.0,0.0,0.0,0.0,0.0,0.0,0.0,0.0,0.0,0.0,0.0,0.0,0.0,0.0,0.0,0.0,0.0,-2.004,-0.0,0.0,0.0,0.0,0.0,0.0,5072.0,1.04066562844498e+34,0.0,0.0,-107615288.0,0.0,-0.0,0.0,0.0,0.0,0.0,53,2.7184300208680915e+23,-152017313988608.0,0.0,0.0,0.0,0.0,0.0,0.0,0.0,0,0,0,0.0,0.0,0.0,0.0,0.0,0.0,0.0,0.0,0.0,0.0,0.0,0.0,0.0,0.0,0.0,0.0,0,-107875648.0,53,0.0,106,-107614832.0,-107350944.0,ERR,ERR,ERR,ERR,ERR,ERR,ERR,ERR,ERR,ERR,ERR,ERR,ERR,ERR,ERR,ERR,ERR,ERR,ERR,ERR,ERR,ERR,ERR,ERR,ERR,ERR,ERR,ERR,ERR,ERR,ERR,ERR,ERR,ERR,ERR,ERR,ERR,ERR,ERR,ERR,ERR,ERR,ERR,ERR,ERR,ERR,ERR,ERR,ERR,ERR,ERR,ERR,ERR,ERR,ERR,ERR,ERR,ERR,ERR,ERR,ERR,ERR,ERR,ERR,ERR,ERR,ERR,50.0,60.0,100,0.0,0.0,0.0,0.0,0.0,0.0,0.0,0.0,0.0,0.0,0.0,0.0,0.0,0.0,0.0,0.0,61.6,65,20,65521,50,65476,0,300,0,0,8,20529,65476,0,0,26214,60.0,0.0,0.0,0.0,0.0,0.0
2026-05-17T16:21:58,ERR,ERR,ERR,ERR,ERR,ERR,ERR,ERR,ERR,ERR,ERR,ERR,ERR,ERR,ERR,ERR,ERR,ERR,ERR,ERR,ERR,ERR,ERR,ERR,ERR,ERR,ERR,ERR,ERR,ERR,ERR,ERR,ERR,ERR,ERR,ERR,ERR,ERR,ERR,ERR,ERR,ERR,ERR,ERR,ERR,ERR,ERR,ERR,ERR,ERR,ERR,ERR,ERR,ERR,ERR,ERR,ERR,ERR,ERR,ERR,ERR,ERR,ERR,ERR,ERR,ERR,ERR,ERR,ERR,ERR,ERR,ERR,ERR,ERR,ERR,ERR,ERR,ERR,ERR,ERR,ERR,ERR,ERR,ERR,ERR,ERR,ERR,ERR,ERR,ERR,ERR,ERR,ERR,ERR,ERR,ERR,ERR,ERR,ERR,ERR,ERR,ERR,ERR,ERR,ERR,ERR,ERR,ERR,ERR,ERR,ERR,ERR,ERR,ERR,ERR,ERR,ERR,ERR,ERR,ERR,ERR,ERR,ERR,ERR,ERR,0.0,-107615288.0,-0.0,0.0,0.0,1.3936040501711995e+18,7.805,0.0,0,0,4,0,8422,0.0,45,0.0,0.0,0.0,0.0,0.0,0,0,0,0,0.0,0,0,0,0,0,0,0,0,0,0,0,0,0,0,0,0,0,0,0,0,0,0,0,0,0,0,0,0,0,0,0,0,0,38,14,7,45,65476,0,300,0,0,8,21553,0.0,-107605600.0,0.0,0.0,0.0,0.0,0.0,0.0,0.0,0.0,0.0,0.0,0.0,0.0,0.0,0.0,0.0,0.0,0.0,0.0,0.0,0.0,0.0,-2.004,-0.0,0.0,0.0,0.0,0.0,0.0,5072.0,1.04066562844498e+34,0.0,0.0,-107615288.0,0.0,-0.0,0.0,0.0,0.0,0.0,53,2.7184300208680915e+23,-152017313988608.0,0.0,0.0,0.0,0.0,0.0,0.0,0.0,0,0,0,0.0,0.0,0.0,0.0,0.0,0.0,0.0,0.0,0.0,0.0,0.0,0.0,0.0,0.0,0.0,0.0,0,-107875648.0,53,0.0,106,-107614832.0,-107350944.0,ERR,ERR,ERR,ERR,ERR,ERR,ERR,ERR,ERR,ERR,ERR,ERR,ERR,ERR,ERR,ERR,ERR,ERR,ERR,ERR,ERR,ERR,ERR,ERR,ERR,ERR,ERR,ERR,ERR,ERR,ERR,ERR,ERR,ERR,ERR,ERR,ERR,ERR,ERR,ERR,ERR,ERR,ERR,ERR,ERR,ERR,ERR,ERR,ERR,ERR,ERR,ERR,ERR,ERR,ERR,ERR,ERR,ERR,ERR,ERR,ERR,ERR,ERR,ERR,ERR,ERR,ERR,50.0,60.0,100,0.0,0.0,0.0,0.0,0.0,0.0,0.0,0.0,0.0,0.0,0.0,0.0,0.0,0.0,0.0,0.0,61.6,65,20,65521,50,65476,0,300,0,0,8,20529,65476,0,0,26214,60.0,0.0,0.0,0.0,0.0,0.0
2026-05-17T16:21:59,ERR,ERR,ERR,ERR,ERR,ERR,ERR,ERR,ERR,ERR,ERR,ERR,ERR,ERR,ERR,ERR,ERR,ERR,ERR,ERR,ERR,ERR,ERR,ERR,ERR,ERR,ERR,ERR,ERR,ERR,ERR,ERR,ERR,ERR,ERR,ERR,ERR,ERR,ERR,ERR,ERR,ERR,ERR,ERR,ERR,ERR,ERR,ERR,ERR,ERR,ERR,ERR,ERR,ERR,ERR,ERR,ERR,ERR,ERR,ERR,ERR,ERR,ERR,ERR,ERR,ERR,ERR,ERR,ERR,ERR,ERR,ERR,ERR,ERR,ERR,ERR,ERR,ERR,ERR,ERR,ERR,ERR,ERR,ERR,ERR,ERR,ERR,ERR,ERR,ERR,ERR,ERR,ERR,ERR,ERR,ERR,ERR,ERR,ERR,ERR,ERR,ERR,ERR,ERR,ERR,ERR,ERR,ERR,ERR,ERR,ERR,ERR,ERR,ERR,ERR,ERR,ERR,ERR,ERR,ERR,ERR,ERR,ERR,ERR,ERR,0.0,-107615288.0,-0.0,0.0,0.0,1.3936040501711995e+18,7.805,0.0,0,0,4,0,8422,0.0,45,0.0,0.0,0.0,0.0,0.0,0,0,0,0,0.0,0,0,0,0,0,0,0,0,0,0,0,0,0,0,0,0,0,0,0,0,0,0,0,0,0,0,0,0,0,0,0,0,0,38,14,7,45,65476,0,300,0,0,8,21553,0.0,-107605600.0,0.0,0.0,0.0,0.0,0.0,0.0,0.0,0.0,0.0,0.0,0.0,0.0,0.0,0.0,0.0,0.0,0.0,0.0,0.0,0.0,0.0,-2.004,-0.0,0.0,0.0,0.0,0.0,0.0,5072.0,1.04066562844498e+34,0.0,0.0,-107615288.0,0.0,-0.0,0.0,0.0,0.0,0.0,53,2.7184300208680915e+23,-152017313988608.0,0.0,0.0,0.0,0.0,0.0,0.0,0.0,0,0,0,0.0,0.0,0.0,0.0,0.0,0.0,0.0,0.0,0.0,0.0,0.0,0.0,0.0,0.0,0.0,0.0,0,-107875648.0,53,0.0,106,-107614832.0,-107350944.0,ERR,ERR,ERR,ERR,ERR,ERR,ERR,ERR,ERR,ERR,ERR,ERR,ERR,ERR,ERR,ERR,ERR,ERR,ERR,ERR,ERR,ERR,ERR,ERR,ERR,ERR,ERR,ERR,ERR,ERR,ERR,ERR,ERR,ERR,ERR,ERR,ERR,ERR,ERR,ERR,ERR,ERR,ERR,ERR,ERR,ERR,ERR,ERR,ERR,ERR,ERR,ERR,ERR,ERR,ERR,ERR,ERR,ERR,ERR,ERR,ERR,ERR,ERR,ERR,ERR,ERR,ERR,50.0,60.0,100,0.0,0.0,0.0,0.0,0.0,0.0,0.0,0.0,0.0,0.0,0.0,0.0,0.0,0.0,0.0,0.0,62.0,65,20,65521,50,65476,0,300,0,0,8,20529,65476,0,0,26214,60.0,0.0,0.0,0.0,0.0,0.0
2026-05-17T16:22:00,ERR,ERR,ERR,ERR,ERR,ERR,ERR,ERR,ERR,ERR,ERR,ERR,ERR,ERR,ERR,ERR,ERR,ERR,ERR,ERR,ERR,ERR,ERR,ERR,ERR,ERR,ERR,ERR,ERR,ERR,ERR,ERR,ERR,ERR,ERR,ERR,ERR,ERR,ERR,ERR,ERR,ERR,ERR,ERR,ERR,ERR,ERR,ERR,ERR,ERR,ERR,ERR,ERR,ERR,ERR,ERR,ERR,ERR,ERR,ERR,ERR,ERR,ERR,ERR,ERR,ERR,ERR,ERR,ERR,ERR,ERR,ERR,ERR,ERR,ERR,ERR,ERR,ERR,ERR,ERR,ERR,ERR,ERR,ERR,ERR,ERR,ERR,ERR,ERR,ERR,ERR,ERR,ERR,ERR,ERR,ERR,ERR,ERR,ERR,ERR,ERR,ERR,ERR,ERR,ERR,ERR,ERR,ERR,ERR,ERR,ERR,ERR,ERR,ERR,ERR,ERR,ERR,ERR,ERR,ERR,ERR,ERR,ERR,ERR,ERR,0.0,-107615288.0,-134474944.0,0.0,0.0,1.3936040501711995e+18,7.805,0.0,0,0,4,0,8422,0.0,45,0.0,0.0,0.0,0.0,0.0,0,0,0,0,0.0,0,0,0,0,0,0,0,0,0,0,0,0,0,0,0,0,0,0,0,0,0,0,0,0,0,0,0,0,0,0,0,0,0,38,14,7,45,65476,0,300,0,0,8,21553,0.0,-107605600.0,0.0,0.0,0.0,0.0,0.0,0.0,0.0,0.0,0.0,0.0,0.0,0.0,-2.596148429267414e+33,0.0,0.0,0.0,0.0,0.0,0.0,0.0,0.0,-2.004,-0.0,0.0,0.0,0.0,0.0,0.0,5072.0,-0.0,0.0,0.0,-107615288.0,0.0,-0.0,0.0,0.0,0.0,0.0,53,2.7184300208680915e+23,-4.95040229166093e+32,0.0,0.0,0.0,0.0,0.0,0.0,0.0,0,0,0,0.0,0.0,0.0,0.0,0.0,0.0,0.0,0.0,0.0,0.0,0.0,0.0,0.0,0.0,0.0,0.0,0,-107875648.0,53,0.0,106,-107614832.0,-107350944.0,ERR,ERR,ERR,ERR,ERR,ERR,ERR,ERR,ERR,ERR,ERR,ERR,ERR,ERR,ERR,ERR,ERR,ERR,ERR,ERR,ERR,ERR,ERR,ERR,ERR,ERR,ERR,ERR,ERR,ERR,ERR,ERR,ERR,ERR,ERR,ERR,ERR,ERR,ERR,ERR,ERR,ERR,ERR,ERR,ERR,ERR,ERR,ERR,ERR,ERR,ERR,ERR,ERR,ERR,ERR,ERR,ERR,ERR,ERR,ERR,ERR,ERR,ERR,ERR,ERR,ERR,ERR,50.0,60.0,100,0.0,0.0,0.0,0.0,0.0,0.0,0.0,0.0,0.0,0.0,0.0,0.0,0.0,0.0,0.0,0.0,62.0,65,20,65521,50,65476,0,300,0,0,8,20529,65476,0,0,26214,60.0,0.0,0.0,0.0,0.0,0.0
2026-05-17T16:22:01,ERR,ERR,ERR,ERR,ERR,ERR,ERR,ERR,ERR,ERR,ERR,ERR,ERR,ERR,ERR,ERR,ERR,ERR,ERR,ERR,ERR,ERR,ERR,ERR,ERR,ERR,ERR,ERR,ERR,ERR,ERR,ERR,ERR,ERR,ERR,ERR,ERR,ERR,ERR,ERR,ERR,ERR,ERR,ERR,ERR,ERR,ERR,ERR,ERR,ERR,ERR,ERR,ERR,ERR,ERR,ERR,ERR,ERR,ERR,ERR,ERR,ERR,ERR,ERR,ERR,ERR,ERR,ERR,ERR,ERR,ERR,ERR,ERR,ERR,ERR,ERR,ERR,ERR,ERR,ERR,ERR,ERR,ERR,ERR,ERR,ERR,ERR,ERR,ERR,ERR,ERR,ERR,ERR,ERR,ERR,ERR,ERR,ERR,ERR,ERR,ERR,ERR,ERR,ERR,ERR,ERR,ERR,ERR,ERR,ERR,ERR,ERR,ERR,ERR,ERR,ERR,ERR,ERR,ERR,ERR,ERR,ERR,ERR,ERR,ERR,0.0,-107615288.0,-134474944.0,0.0,0.0,1.3936040501711995e+18,7.805,0.0,0,0,4,0,8422,0.0,45,0.0,0.0,0.0,0.0,0.0,0,0,0,0,0.0,0,0,0,0,0,0,0,0,0,0,0,0,0,0,0,0,0,0,0,0,0,0,0,0,0,0,0,0,0,0,0,0,0,38,14,7,45,65476,0,300,0,0,8,21553,0.0,-107605600.0,0.0,0.0,0.0,0.0,0.0,0.0,0.0,0.0,0.0,0.0,0.0,0.0,-2.596148429267414e+33,0.0,0.0,0.0,0.0,0.0,0.0,0.0,0.0,-2.004,-0.0,0.0,0.0,0.0,0.0,0.0,5072.0,-0.0,0.0,0.0,-107615288.0,0.0,-0.0,0.0,0.0,0.0,0.0,53,2.7184300208680915e+23,-4.95040229166093e+32,0.0,0.0,0.0,0.0,0.0,0.0,0.0,0,0,0,0.0,0.0,0.0,0.0,0.0,0.0,0.0,0.0,0.0,0.0,0.0,0.0,0.0,0.0,0.0,0.0,0,-107875648.0,53,0.0,106,-107614832.0,-107350944.0,ERR,ERR,ERR,ERR,ERR,ERR,ERR,ERR,ERR,ERR,ERR,ERR,ERR,ERR,ERR,ERR,ERR,ERR,ERR,ERR,ERR,ERR,ERR,ERR,ERR,ERR,ERR,ERR,ERR,ERR,ERR,ERR,ERR,ERR,ERR,ERR,ERR,ERR,ERR,ERR,ERR,ERR,ERR,ERR,ERR,ERR,ERR,ERR,ERR,ERR,ERR,ERR,ERR,ERR,ERR,ERR,ERR,ERR,ERR,ERR,ERR,ERR,ERR,ERR,ERR,ERR,ERR,50.0,60.0,100,0.0,0.0,0.0,0.0,0.0,0.0,0.0,0.0,0.0,0.0,0.0,0.0,0.0,0.0,0.0,0.0,62.0,65,20,65521,50,65476,0,300,0,0,8,20529,65476,0,0,26214,60.0,0.0,0.0,0.0,0.0,0.0
2026-05-17T16:22:02,ERR,ERR,ERR,ERR,ERR,ERR,ERR,ERR,ERR,ERR,ERR,ERR,ERR,ERR,ERR,ERR,ERR,ERR,ERR,ERR,ERR,ERR,ERR,ERR,ERR,ERR,ERR,ERR,ERR,ERR,ERR,ERR,ERR,ERR,ERR,ERR,ERR,ERR,ERR,ERR,ERR,ERR,ERR,ERR,ERR,ERR,ERR,ERR,ERR,ERR,ERR,ERR,ERR,ERR,ERR,ERR,ERR,ERR,ERR,ERR,ERR,ERR,ERR,ERR,ERR,ERR,ERR,ERR,ERR,ERR,ERR,ERR,ERR,ERR,ERR,ERR,ERR,ERR,ERR,ERR,ERR,ERR,ERR,ERR,ERR,ERR,ERR,ERR,ERR,ERR,ERR,ERR,ERR,ERR,ERR,ERR,ERR,ERR,ERR,ERR,ERR,ERR,ERR,ERR,ERR,ERR,ERR,ERR,ERR,ERR,ERR,ERR,ERR,ERR,ERR,ERR,ERR,ERR,ERR,ERR,ERR,ERR,ERR,ERR,ERR,0.0,-107615288.0,-134474944.0,0.0,0.0,1.3936040501711995e+18,7.805,0.0,0,0,4,0,8422,0.0,45,0.0,0.0,0.0,0.0,0.0,0,0,0,0,0.0,0,0,0,0,0,0,0,0,0,0,0,0,0,0,0,0,0,0,0,0,0,0,0,0,0,0,0,0,0,0,0,0,0,38,14,7,45,65476,0,300,0,0,8,21553,0.0,-107605600.0,0.0,0.0,0.0,0.0,0.0,0.0,0.0,0.0,0.0,0.0,0.0,0.0,-2.596148429267414e+33,0.0,0.0,0.0,0.0,0.0,0.0,0.0,0.0,-2.004,-0.0,0.0,0.0,0.0,0.0,0.0,5072.0,-0.0,0.0,0.0,-107615288.0,0.0,-0.0,0.0,0.0,0.0,0.0,53,2.7184300208680915e+23,-4.95040229166093e+32,0.0,0.0,0.0,0.0,0.0,0.0,0.0,0,0,0,0.0,0.0,0.0,0.0,0.0,0.0,0.0,0.0,0.0,0.0,0.0,0.0,0.0,0.0,0.0,0.0,0,-107875648.0,53,0.0,106,-107614832.0,-107350944.0,ERR,ERR,ERR,ERR,ERR,ERR,ERR,ERR,ERR,ERR,ERR,ERR,ERR,ERR,ERR,ERR,ERR,ERR,ERR,ERR,ERR,ERR,ERR,ERR,ERR,ERR,ERR,ERR,ERR,ERR,ERR,ERR,ERR,ERR,ERR,ERR,ERR,ERR,ERR,ERR,ERR,ERR,ERR,ERR,ERR,ERR,ERR,ERR,ERR,ERR,ERR,ERR,ERR,ERR,ERR,ERR,ERR,ERR,ERR,ERR,ERR,ERR,ERR,ERR,ERR,ERR,ERR,50.0,60.0,100,0.0,0.0,0.0,0.0,0.0,0.0,0.0,0.0,0.0,0.0,0.0,0.0,0.0,0.0,0.0,0.0,61.6,65,20,65521,50,65476,0,300,0,0,8,20529,65476,0,0,26214,60.0,0.0,0.0,0.0,0.0,0.0
2026-05-17T16:22:03,ERR,ERR,ERR,ERR,ERR,ERR,ERR,ERR,ERR,ERR,ERR,ERR,ERR,ERR,ERR,ERR,ERR,ERR,ERR,ERR,ERR,ERR,ERR,ERR,ERR,ERR,ERR,ERR,ERR,ERR,ERR,ERR,ERR,ERR,ERR,ERR,ERR,ERR,ERR,ERR,ERR,ERR,ERR,ERR,ERR,ERR,ERR,ERR,ERR,ERR,ERR,ERR,ERR,ERR,ERR,ERR,ERR,ERR,ERR,ERR,ERR,ERR,ERR,ERR,ERR,ERR,ERR,ERR,ERR,ERR,ERR,ERR,ERR,ERR,ERR,ERR,ERR,ERR,ERR,ERR,ERR,ERR,ERR,ERR,ERR,ERR,ERR,ERR,ERR,ERR,ERR,ERR,ERR,ERR,ERR,ERR,ERR,ERR,ERR,ERR,ERR,ERR,ERR,ERR,ERR,ERR,ERR,ERR,ERR,ERR,ERR,ERR,ERR,ERR,ERR,ERR,ERR,ERR,ERR,ERR,ERR,ERR,ERR,ERR,ERR,0.0,-107615288.0,-134474944.0,0.0,0.0,1.3936040501711995e+18,7.805,0.0,0,0,4,0,8422,0.0,45,0.0,0.0,0.0,0.0,0.0,0,0,0,0,0.0,0,0,0,0,0,0,0,0,0,0,0,0,0,0,0,0,0,0,0,0,0,0,0,0,0,0,0,0,0,0,0,0,0,38,14,7,45,65476,0,300,0,0,8,21553,0.0,-107605600.0,0.0,0.0,0.0,0.0,0.0,0.0,0.0,0.0,0.0,0.0,0.0,0.0,-2.596148429267414e+33,0.0,0.0,0.0,0.0,0.0,0.0,0.0,0.0,-2.004,-0.0,0.0,0.0,0.0,0.0,0.0,5072.0,-0.0,0.0,0.0,-107615288.0,0.0,-0.0,0.0,0.0,0.0,0.0,53,2.7184300208680915e+23,-4.95040229166093e+32,0.0,0.0,0.0,0.0,0.0,0.0,0.0,0,0,0,0.0,0.0,0.0,0.0,0.0,0.0,0.0,0.0,0.0,0.0,0.0,0.0,0.0,0.0,0.0,0.0,0,-107875648.0,53,0.0,106,-107614832.0,-107350944.0,ERR,ERR,ERR,ERR,ERR,ERR,ERR,ERR,ERR,ERR,ERR,ERR,ERR,ERR,ERR,ERR,ERR,ERR,ERR,ERR,ERR,ERR,ERR,ERR,ERR,ERR,ERR,ERR,ERR,ERR,ERR,ERR,ERR,ERR,ERR,ERR,ERR,ERR,ERR,ERR,ERR,ERR,ERR,ERR,ERR,ERR,ERR,ERR,ERR,ERR,ERR,ERR,ERR,ERR,ERR,ERR,ERR,ERR,ERR,ERR,ERR,ERR,ERR,ERR,ERR,ERR,ERR,50.0,60.0,100,0.0,0.0,0.0,0.0,0.0,0.0,0.0,0.0,0.0,0.0,0.0,0.0,0.0,0.0,0.0,0.0,61.6,65,20,65521,50,65476,0,300,0,0,8,20529,65476,0,0,26214,60.0,0.0,0.0,0.0,0.0,0.0
2026-05-17T16:22:04,ERR,ERR,ERR,ERR,ERR,ERR,ERR,ERR,ERR,ERR,ERR,ERR,ERR,ERR,ERR,ERR,ERR,ERR,ERR,ERR,ERR,ERR,ERR,ERR,ERR,ERR,ERR,ERR,ERR,ERR,ERR,ERR,ERR,ERR,ERR,ERR,ERR,ERR,ERR,ERR,ERR,ERR,ERR,ERR,ERR,ERR,ERR,ERR,ERR,ERR,ERR,ERR,ERR,ERR,ERR,ERR,ERR,ERR,ERR,ERR,ERR,ERR,ERR,ERR,ERR,ERR,ERR,ERR,ERR,ERR,ERR,ERR,ERR,ERR,ERR,ERR,ERR,ERR,ERR,ERR,ERR,ERR,ERR,ERR,ERR,ERR,ERR,ERR,ERR,ERR,ERR,ERR,ERR,ERR,ERR,ERR,ERR,ERR,ERR,ERR,ERR,ERR,ERR,ERR,ERR,ERR,ERR,ERR,ERR,ERR,ERR,ERR,ERR,ERR,ERR,ERR,ERR,ERR,ERR,ERR,ERR,ERR,ERR,ERR,ERR,0.0,-107615288.0,-134474944.0,0.0,0.0,1.3936040501711995e+18,7.805,0.0,0,0,4,0,8422,0.0,45,0.0,0.0,0.0,0.0,0.0,0,0,0,0,0.0,0,0,0,0,0,0,0,0,0,0,0,0,0,0,0,0,0,0,0,0,0,0,0,0,0,0,0,0,0,0,0,0,0,38,14,7,45,65476,0,300,0,0,8,21553,0.0,-107605600.0,0.0,0.0,0.0,0.0,0.0,0.0,0.0,0.0,0.0,0.0,0.0,0.0,-2.596148429267414e+33,0.0,0.0,0.0,0.0,0.0,0.0,0.0,0.0,-2.004,-0.0,0.0,0.0,0.0,0.0,0.0,5072.0,-0.0,0.0,0.0,-107615288.0,0.0,-0.0,0.0,0.0,0.0,0.0,53,2.7184300208680915e+23,-4.95040229166093e+32,0.0,0.0,0.0,0.0,0.0,0.0,0.0,0,0,0,0.0,0.0,0.0,0.0,0.0,0.0,0.0,0.0,0.0,0.0,0.0,0.0,0.0,0.0,0.0,0.0,0,-107875648.0,53,0.0,106,-107614832.0,-107350944.0,ERR,ERR,ERR,ERR,ERR,ERR,ERR,ERR,ERR,ERR,ERR,ERR,ERR,ERR,ERR,ERR,ERR,ERR,ERR,ERR,ERR,ERR,ERR,ERR,ERR,ERR,ERR,ERR,ERR,ERR,ERR,ERR,ERR,ERR,ERR,ERR,ERR,ERR,ERR,ERR,ERR,ERR,ERR,ERR,ERR,ERR,ERR,ERR,ERR,ERR,ERR,ERR,ERR,ERR,ERR,ERR,ERR,ERR,ERR,ERR,ERR,ERR,ERR,ERR,ERR,ERR,ERR,50.0,60.0,100,0.0,0.0,0.0,0.0,0.0,0.0,0.0,0.0,0.0,0.0,0.0,0.0,0.0,0.0,0.0,0.0,61.6,65,20,65521,50,65476,0,300,0,0,8,20529,65476,0,0,26214,60.0,0.0,0.0,0.0,0.0,0.0
2026-05-17T16:22:05,ERR,ERR,ERR,ERR,ERR,ERR,ERR,ERR,ERR,ERR,ERR,ERR,ERR,ERR,ERR,ERR,ERR,ERR,ERR,ERR,ERR,ERR,ERR,ERR,ERR,ERR,ERR,ERR,ERR,ERR,ERR,ERR,ERR,ERR,ERR,ERR,ERR,ERR,ERR,ERR,ERR,ERR,ERR,ERR,ERR,ERR,ERR,ERR,ERR,ERR,ERR,ERR,ERR,ERR,ERR,ERR,ERR,ERR,ERR,ERR,ERR,ERR,ERR,ERR,ERR,ERR,ERR,ERR,ERR,ERR,ERR,ERR,ERR,ERR,ERR,ERR,ERR,ERR,ERR,ERR,ERR,ERR,ERR,ERR,ERR,ERR,ERR,ERR,ERR,ERR,ERR,ERR,ERR,ERR,ERR,ERR,ERR,ERR,ERR,ERR,ERR,ERR,ERR,ERR,ERR,ERR,ERR,ERR,ERR,ERR,ERR,ERR,ERR,ERR,ERR,ERR,ERR,ERR,ERR,ERR,ERR,ERR,ERR,ERR,ERR,0.0,-107615288.0,-0.0,0.0,0.0,1.3936040501711995e+18,7.805,0.0,0,0,4,0,8422,0.0,45,0.0,0.0,0.0,0.0,0.0,0,0,0,0,0.0,0,0,0,0,0,0,0,0,0,0,0,0,0,0,0,0,0,0,0,0,0,0,0,0,0,0,0,0,0,0,0,0,0,38,14,7,45,65476,0,300,0,0,8,21553,0.0,-107605600.0,0.0,0.0,0.0,0.0,0.0,0.0,0.0,0.0,0.0,0.0,0.0,0.0,0.0,0.0,0.0,0.0,0.0,0.0,0.0,0.0,0.0,-2.004,-0.0,0.0,0.0,0.0,0.0,0.0,5075.0,1.04066562844498e+34,0.0,0.0,-107615288.0,0.0,-0.0,0.0,0.0,0.0,0.0,53,4.950428597886765e+32,-152017313988608.0,0.0,0.0,0.0,0.0,0.0,0.0,0.0,0,0,0,0.0,0.0,0.0,0.0,0.0,0.0,0.0,0.0,0.0,0.0,0.0,0.0,0.0,0.0,0.0,0.0,0,-107875648.0,53,0.0,106,-107614832.0,-107350944.0,ERR,ERR,ERR,ERR,ERR,ERR,ERR,ERR,ERR,ERR,ERR,ERR,ERR,ERR,ERR,ERR,ERR,ERR,ERR,ERR,ERR,ERR,ERR,ERR,ERR,ERR,ERR,ERR,ERR,ERR,ERR,ERR,ERR,ERR,ERR,ERR,ERR,ERR,ERR,ERR,ERR,ERR,ERR,ERR,ERR,ERR,ERR,ERR,ERR,ERR,ERR,ERR,ERR,ERR,ERR,ERR,ERR,ERR,ERR,ERR,ERR,ERR,ERR,ERR,ERR,ERR,ERR,50.0,60.0,100,0.0,0.0,0.0,0.0,0.0,0.0,0.0,0.0,0.0,0.0,0.0,0.0,0.0,0.0,0.0,0.0,61.6,65,20,65521,50,65476,0,300,0,0,8,20529,65476,0,0,26214,60.0,0.0,0.0,0.0,0.0,0.0
2026-05-17T16:22:06,ERR,ERR,ERR,ERR,ERR,ERR,ERR,ERR,ERR,ERR,ERR,ERR,ERR,ERR,ERR,ERR,ERR,ERR,ERR,ERR,ERR,ERR,ERR,ERR,ERR,ERR,ERR,ERR,ERR,ERR,ERR,ERR,ERR,ERR,ERR,ERR,ERR,ERR,ERR,ERR,ERR,ERR,ERR,ERR,ERR,ERR,ERR,ERR,ERR,ERR,ERR,ERR,ERR,ERR,ERR,ERR,ERR,ERR,ERR,ERR,ERR,ERR,ERR,ERR,ERR,ERR,ERR,ERR,ERR,ERR,ERR,ERR,ERR,ERR,ERR,ERR,ERR,ERR,ERR,ERR,ERR,ERR,ERR,ERR,ERR,ERR,ERR,ERR,ERR,ERR,ERR,ERR,ERR,ERR,ERR,ERR,ERR,ERR,ERR,ERR,ERR,ERR,ERR,ERR,ERR,ERR,ERR,ERR,ERR,ERR,ERR,ERR,ERR,ERR,ERR,ERR,ERR,ERR,ERR,ERR,ERR,ERR,ERR,ERR,ERR,0.0,-107615288.0,-0.0,0.0,0.0,1.3936040501711995e+18,7.805,0.0,0,0,4,0,8422,0.0,45,0.0,0.0,0.0,0.0,0.0,0,0,0,0,0.0,0,0,0,0,0,0,0,0,0,0,0,0,0,0,0,0,0,0,0,0,0,0,0,0,0,0,0,0,0,0,0,0,0,38,14,7,45,65476,0,300,0,0,8,21553,0.0,-107605600.0,0.0,0.0,0.0,0.0,0.0,0.0,0.0,0.0,0.0,0.0,0.0,0.0,0.0,0.0,0.0,0.0,0.0,0.0,0.0,0.0,0.0,-2.004,-0.0,0.0,0.0,0.0,0.0,0.0,5075.0,1.04066562844498e+34,0.0,0.0,-107615288.0,0.0,-0.0,0.0,0.0,0.0,0.0,53,4.950428597886765e+32,-152017313988608.0,0.0,0.0,0.0,0.0,0.0,0.0,0.0,0,0,0,0.0,0.0,0.0,0.0,0.0,0.0,0.0,0.0,0.0,0.0,0.0,0.0,0.0,0.0,0.0,0.0,0,-107875648.0,53,0.0,106,-107614832.0,-107350944.0,ERR,ERR,ERR,ERR,ERR,ERR,ERR,ERR,ERR,ERR,ERR,ERR,ERR,ERR,ERR,ERR,ERR,ERR,ERR,ERR,ERR,ERR,ERR,ERR,ERR,ERR,ERR,ERR,ERR,ERR,ERR,ERR,ERR,ERR,ERR,ERR,ERR,ERR,ERR,ERR,ERR,ERR,ERR,ERR,ERR,ERR,ERR,ERR,ERR,ERR,ERR,ERR,ERR,ERR,ERR,ERR,ERR,ERR,ERR,ERR,ERR,ERR,ERR,ERR,ERR,ERR,ERR,50.0,60.0,100,0.0,0.0,0.0,0.0,0.0,0.0,0.0,0.0,0.0,0.0,0.0,0.0,0.0,0.0,0.0,0.0,61.6,65,20,65521,50,65476,0,300,0,0,8,20529,65476,0,0,26214,60.0,0.0,0.0,0.0,0.0,0.0
2026-05-17T16:22:07,ERR,ERR,ERR,ERR,ERR,ERR,ERR,ERR,ERR,ERR,ERR,ERR,ERR,ERR,ERR,ERR,ERR,ERR,ERR,ERR,ERR,ERR,ERR,ERR,ERR,ERR,ERR,ERR,ERR,ERR,ERR,ERR,ERR,ERR,ERR,ERR,ERR,ERR,ERR,ERR,ERR,ERR,ERR,ERR,ERR,ERR,ERR,ERR,ERR,ERR,ERR,ERR,ERR,ERR,ERR,ERR,ERR,ERR,ERR,ERR,ERR,ERR,ERR,ERR,ERR,ERR,ERR,ERR,ERR,ERR,ERR,ERR,ERR,ERR,ERR,ERR,ERR,ERR,ERR,ERR,ERR,ERR,ERR,ERR,ERR,ERR,ERR,ERR,ERR,ERR,ERR,ERR,ERR,ERR,ERR,ERR,ERR,ERR,ERR,ERR,ERR,ERR,ERR,ERR,ERR,ERR,ERR,ERR,ERR,ERR,ERR,ERR,ERR,ERR,ERR,ERR,ERR,ERR,ERR,ERR,ERR,ERR,ERR,ERR,ERR,0.0,-107615288.0,-0.0,0.0,0.0,1.3936040501711995e+18,7.805,0.0,0,0,4,0,8422,0.0,45,0.0,0.0,0.0,0.0,0.0,0,0,0,0,0.0,0,0,0,0,0,0,0,0,0,0,0,0,0,0,0,0,0,0,0,0,0,0,0,0,0,0,0,0,0,0,0,0,0,38,14,7,45,65476,0,300,0,0,8,21553,0.0,-107605600.0,0.0,0.0,0.0,0.0,0.0,0.0,0.0,0.0,0.0,0.0,0.0,0.0,0.0,0.0,0.0,0.0,0.0,0.0,0.0,0.0,0.0,-2.004,-0.0,0.0,0.0,0.0,0.0,0.0,5075.0,1.04066562844498e+34,0.0,0.0,-107615288.0,0.0,-0.0,0.0,0.0,0.0,0.0,53,4.950428597886765e+32,-152017313988608.0,0.0,0.0,0.0,0.0,0.0,0.0,0.0,0,0,0,0.0,0.0,0.0,0.0,0.0,0.0,0.0,0.0,0.0,0.0,0.0,0.0,0.0,0.0,0.0,0.0,0,-107875648.0,53,0.0,106,-107614832.0,-107350944.0,ERR,ERR,ERR,ERR,ERR,ERR,ERR,ERR,ERR,ERR,ERR,ERR,ERR,ERR,ERR,ERR,ERR,ERR,ERR,ERR,ERR,ERR,ERR,ERR,ERR,ERR,ERR,ERR,ERR,ERR,ERR,ERR,ERR,ERR,ERR,ERR,ERR,ERR,ERR,ERR,ERR,ERR,ERR,ERR,ERR,ERR,ERR,ERR,ERR,ERR,ERR,ERR,ERR,ERR,ERR,ERR,ERR,ERR,ERR,ERR,ERR,ERR,ERR,ERR,ERR,ERR,ERR,50.0,60.0,100,0.0,0.0,0.0,0.0,0.0,0.0,0.0,0.0,0.0,0.0,0.0,0.0,0.0,0.0,0.0,0.0,61.6,65,20,65521,50,65476,0,300,0,0,8,20529,65476,0,0,26214,60.0,0.0,0.0,0.0,0.0,0.0
2026-05-17T16:22:08,ERR,ERR,ERR,ERR,ERR,ERR,ERR,ERR,ERR,ERR,ERR,ERR,ERR,ERR,ERR,ERR,ERR,ERR,ERR,ERR,ERR,ERR,ERR,ERR,ERR,ERR,ERR,ERR,ERR,ERR,ERR,ERR,ERR,ERR,ERR,ERR,ERR,ERR,ERR,ERR,ERR,ERR,ERR,ERR,ERR,ERR,ERR,ERR,ERR,ERR,ERR,ERR,ERR,ERR,ERR,ERR,ERR,ERR,ERR,ERR,ERR,ERR,ERR,ERR,ERR,ERR,ERR,ERR,ERR,ERR,ERR,ERR,ERR,ERR,ERR,ERR,ERR,ERR,ERR,ERR,ERR,ERR,ERR,ERR,ERR,ERR,ERR,ERR,ERR,ERR,ERR,ERR,ERR,ERR,ERR,ERR,ERR,ERR,ERR,ERR,ERR,ERR,ERR,ERR,ERR,ERR,ERR,ERR,ERR,ERR,ERR,ERR,ERR,ERR,ERR,ERR,ERR,ERR,ERR,ERR,ERR,ERR,ERR,ERR,ERR,0.0,-107615288.0,-0.0,0.0,0.0,1.3936040501711995e+18,7.805,0.0,0,0,4,0,8422,0.0,45,0.0,0.0,0.0,0.0,0.0,0,0,0,0,0.0,0,0,0,0,0,0,0,0,0,0,0,0,0,0,0,0,0,0,0,0,0,0,0,0,0,0,0,0,0,0,0,0,0,38,14,7,45,65476,0,300,0,0,8,21553,0.0,-107605600.0,0.0,0.0,0.0,0.0,0.0,0.0,0.0,0.0,0.0,0.0,0.0,0.0,0.0,0.0,0.0,0.0,0.0,0.0,0.0,0.0,0.0,-2.004,-0.0,0.0,0.0,0.0,0.0,0.0,5075.0,1.04066562844498e+34,0.0,0.0,-107615288.0,0.0,-0.0,0.0,0.0,0.0,0.0,53,4.950428597886765e+32,-152017313988608.0,0.0,0.0,0.0,0.0,0.0,0.0,0.0,0,0,0,0.0,0.0,0.0,0.0,0.0,0.0,0.0,0.0,0.0,0.0,0.0,0.0,0.0,0.0,0.0,0.0,0,-107875648.0,53,0.0,106,-107614832.0,-107350944.0,ERR,ERR,ERR,ERR,ERR,ERR,ERR,ERR,ERR,ERR,ERR,ERR,ERR,ERR,ERR,ERR,ERR,ERR,ERR,ERR,ERR,ERR,ERR,ERR,ERR,ERR,ERR,ERR,ERR,ERR,ERR,ERR,ERR,ERR,ERR,ERR,ERR,ERR,ERR,ERR,ERR,ERR,ERR,ERR,ERR,ERR,ERR,ERR,ERR,ERR,ERR,ERR,ERR,ERR,ERR,ERR,ERR,ERR,ERR,ERR,ERR,ERR,ERR,ERR,ERR,ERR,ERR,50.0,60.0,100,0.0,0.0,0.0,0.0,0.0,0.0,0.0,0.0,0.0,0.0,0.0,0.0,0.0,0.0,0.0,0.0,61.6,65,20,65521,50,65476,0,300,0,0,8,20529,65476,0,0,26214,60.0,0.0,0.0,0.0,0.0,0.0
2026-05-17T16:22:09,ERR,ERR,ERR,ERR,ERR,ERR,ERR,ERR,ERR,ERR,ERR,ERR,ERR,ERR,ERR,ERR,ERR,ERR,ERR,ERR,ERR,ERR,ERR,ERR,ERR,ERR,ERR,ERR,ERR,ERR,ERR,ERR,ERR,ERR,ERR,ERR,ERR,ERR,ERR,ERR,ERR,ERR,ERR,ERR,ERR,ERR,ERR,ERR,ERR,ERR,ERR,ERR,ERR,ERR,ERR,ERR,ERR,ERR,ERR,ERR,ERR,ERR,ERR,ERR,ERR,ERR,ERR,ERR,ERR,ERR,ERR,ERR,ERR,ERR,ERR,ERR,ERR,ERR,ERR,ERR,ERR,ERR,ERR,ERR,ERR,ERR,ERR,ERR,ERR,ERR,ERR,ERR,ERR,ERR,ERR,ERR,ERR,ERR,ERR,ERR,ERR,ERR,ERR,ERR,ERR,ERR,ERR,ERR,ERR,ERR,ERR,ERR,ERR,ERR,ERR,ERR,ERR,ERR,ERR,ERR,ERR,ERR,ERR,ERR,ERR,0.0,-107615288.0,-0.0,0.0,0.0,1.3936040501711995e+18,7.805,0.0,0,0,4,0,8422,0.0,45,0.0,0.0,0.0,0.0,0.0,0,0,0,0,0.0,0,0,0,0,0,0,0,0,0,0,0,0,0,0,0,0,0,0,0,0,0,0,0,0,0,0,0,0,0,0,0,0,0,38,14,7,45,65476,0,300,0,0,8,21553,0.0,-107605600.0,0.0,0.0,0.0,0.0,0.0,0.0,0.0,0.0,0.0,0.0,0.0,0.0,0.0,0.0,0.0,0.0,0.0,0.0,0.0,0.0,0.0,-2.004,-0.0,0.0,0.0,0.0,0.0,0.0,5075.0,1.04066562844498e+34,0.0,0.0,-107615288.0,0.0,-0.0,0.0,0.0,0.0,0.0,53,4.950428597886765e+32,-152017313988608.0,0.0,0.0,0.0,0.0,0.0,0.0,0.0,0,0,0,0.0,0.0,0.0,0.0,0.0,0.0,0.0,0.0,0.0,0.0,0.0,0.0,0.0,0.0,0.0,0.0,0,-107875648.0,53,0.0,106,-107614832.0,-107350944.0,ERR,ERR,ERR,ERR,ERR,ERR,ERR,ERR,ERR,ERR,ERR,ERR,ERR,ERR,ERR,ERR,ERR,ERR,ERR,ERR,ERR,ERR,ERR,ERR,ERR,ERR,ERR,ERR,ERR,ERR,ERR,ERR,ERR,ERR,ERR,ERR,ERR,ERR,ERR,ERR,ERR,ERR,ERR,ERR,ERR,ERR,ERR,ERR,ERR,ERR,ERR,ERR,ERR,ERR,ERR,ERR,ERR,ERR,ERR,ERR,ERR,ERR,ERR,ERR,ERR,ERR,ERR,50.0,60.0,100,0.0,0.0,0.0,0.0,0.0,0.0,0.0,0.0,0.0,0.0,0.0,0.0,0.0,0.0,0.0,0.0,61.6,65,20,65521,50,65476,0,300,0,0,8,20529,65476,0,0,26214,60.0,0.0,0.0,0.0,0.0,0.0
2026-05-17T16:22:10,ERR,ERR,ERR,ERR,ERR,ERR,ERR,ERR,ERR,ERR,ERR,ERR,ERR,ERR,ERR,ERR,ERR,ERR,ERR,ERR,ERR,ERR,ERR,ERR,ERR,ERR,ERR,ERR,ERR,ERR,ERR,ERR,ERR,ERR,ERR,ERR,ERR,ERR,ERR,ERR,ERR,ERR,ERR,ERR,ERR,ERR,ERR,ERR,ERR,ERR,ERR,ERR,ERR,ERR,ERR,ERR,ERR,ERR,ERR,ERR,ERR,ERR,ERR,ERR,ERR,ERR,ERR,ERR,ERR,ERR,ERR,ERR,ERR,ERR,ERR,ERR,ERR,ERR,ERR,ERR,ERR,ERR,ERR,ERR,ERR,ERR,ERR,ERR,ERR,ERR,ERR,ERR,ERR,ERR,ERR,ERR,ERR,ERR,ERR,ERR,ERR,ERR,ERR,ERR,ERR,ERR,ERR,ERR,ERR,ERR,ERR,ERR,ERR,ERR,ERR,ERR,ERR,ERR,ERR,ERR,ERR,ERR,ERR,ERR,ERR,0.0,-107615288.0,-0.0,0.0,0.0,1.3936040501711995e+18,7.805,0.0,0,0,4,0,8422,0.0,45,0.0,0.0,0.0,0.0,0.0,0,0,0,0,0.0,0,0,0,0,0,0,0,0,0,0,0,0,0,0,0,0,0,0,0,0,0,0,0,0,0,0,0,0,0,0,0,0,0,38,14,7,45,65476,0,300,0,0,8,21553,0.0,-107605600.0,0.0,0.0,0.0,0.0,0.0,0.0,0.0,0.0,0.0,0.0,0.0,0.0,0.0,0.0,0.0,0.0,0.0,0.0,0.0,0.0,0.0,-2.004,-0.0,0.0,0.0,0.0,0.0,0.0,5069.0,-0.0,0.0,0.0,-107615288.0,0.0,-0.0,0.0,0.0,0.0,0.0,53,152018454839296.0,-2.3088284031854313e+20,0.0,0.0,0.0,0.0,0.0,0.0,0.0,0,0,0,0.0,0.0,0.0,0.0,0.0,0.0,0.0,0.0,0.0,0.0,0.0,0.0,0.0,0.0,0.0,0.0,0,-107875648.0,53,0.0,106,-107614832.0,-107350944.0,ERR,ERR,ERR,ERR,ERR,ERR,ERR,ERR,ERR,ERR,ERR,ERR,ERR,ERR,ERR,ERR,ERR,ERR,ERR,ERR,ERR,ERR,ERR,ERR,ERR,ERR,ERR,ERR,ERR,ERR,ERR,ERR,ERR,ERR,ERR,ERR,ERR,ERR,ERR,ERR,ERR,ERR,ERR,ERR,ERR,ERR,ERR,ERR,ERR,ERR,ERR,ERR,ERR,ERR,ERR,ERR,ERR,ERR,ERR,ERR,ERR,ERR,ERR,ERR,ERR,ERR,ERR,50.0,60.0,100,0.0,0.0,0.0,0.0,0.0,0.0,0.0,0.0,0.0,0.0,0.0,0.0,0.0,0.0,0.0,0.0,61.6,65,20,65521,50,65476,0,300,0,0,8,20529,65476,0,0,26214,60.0,0.0,0.0,0.0,0.0,0.0
2026-05-17T16:22:11,ERR,ERR,ERR,ERR,ERR,ERR,ERR,ERR,ERR,ERR,ERR,ERR,ERR,ERR,ERR,ERR,ERR,ERR,ERR,ERR,ERR,ERR,ERR,ERR,ERR,ERR,ERR,ERR,ERR,ERR,ERR,ERR,ERR,ERR,ERR,ERR,ERR,ERR,ERR,ERR,ERR,ERR,ERR,ERR,ERR,ERR,ERR,ERR,ERR,ERR,ERR,ERR,ERR,ERR,ERR,ERR,ERR,ERR,ERR,ERR,ERR,ERR,ERR,ERR,ERR,ERR,ERR,ERR,ERR,ERR,ERR,ERR,ERR,ERR,ERR,ERR,ERR,ERR,ERR,ERR,ERR,ERR,ERR,ERR,ERR,ERR,ERR,ERR,ERR,ERR,ERR,ERR,ERR,ERR,ERR,ERR,ERR,ERR,ERR,ERR,ERR,ERR,ERR,ERR,ERR,ERR,ERR,ERR,ERR,ERR,ERR,ERR,ERR,ERR,ERR,ERR,ERR,ERR,ERR,ERR,ERR,ERR,ERR,ERR,ERR,0.0,-107615288.0,-0.0,0.0,0.0,1.3936040501711995e+18,7.805,0.0,0,0,4,0,8422,0.0,45,0.0,0.0,0.0,0.0,0.0,0,0,0,0,0.0,0,0,0,0,0,0,0,0,0,0,0,0,0,0,0,0,0,0,0,0,0,0,0,0,0,0,0,0,0,0,0,0,0,38,14,7,45,65476,0,300,0,0,8,21553,0.0,-107605600.0,0.0,0.0,0.0,0.0,0.0,0.0,0.0,0.0,0.0,0.0,0.0,0.0,0.0,0.0,0.0,0.0,0.0,0.0,0.0,0.0,0.0,-2.004,-0.0,0.0,0.0,0.0,0.0,0.0,5069.0,-0.0,0.0,0.0,-107615288.0,0.0,-0.0,0.0,0.0,0.0,0.0,53,152018454839296.0,-2.3088284031854313e+20,0.0,0.0,0.0,0.0,0.0,0.0,0.0,0,0,0,0.0,0.0,0.0,0.0,0.0,0.0,0.0,0.0,0.0,0.0,0.0,0.0,0.0,0.0,0.0,0.0,0,-107875648.0,53,0.0,106,-107614832.0,-107350944.0,ERR,ERR,ERR,ERR,ERR,ERR,ERR,ERR,ERR,ERR,ERR,ERR,ERR,ERR,ERR,ERR,ERR,ERR,ERR,ERR,ERR,ERR,ERR,ERR,ERR,ERR,ERR,ERR,ERR,ERR,ERR,ERR,ERR,ERR,ERR,ERR,ERR,ERR,ERR,ERR,ERR,ERR,ERR,ERR,ERR,ERR,ERR,ERR,ERR,ERR,ERR,ERR,ERR,ERR,ERR,ERR,ERR,ERR,ERR,ERR,ERR,ERR,ERR,ERR,ERR,ERR,ERR,50.0,60.0,100,0.0,0.0,0.0,0.0,0.0,0.0,0.0,0.0,0.0,0.0,0.0,0.0,0.0,0.0,0.0,0.0,62.0,65,20,65521,50,65476,0,300,0,0,8,20529,65476,0,0,26214,60.0,0.0,0.0,0.0,0.0,0.0
2026-05-17T16:22:12,ERR,ERR,ERR,ERR,ERR,ERR,ERR,ERR,ERR,ERR,ERR,ERR,ERR,ERR,ERR,ERR,ERR,ERR,ERR,ERR,ERR,ERR,ERR,ERR,ERR,ERR,ERR,ERR,ERR,ERR,ERR,ERR,ERR,ERR,ERR,ERR,ERR,ERR,ERR,ERR,ERR,ERR,ERR,ERR,ERR,ERR,ERR,ERR,ERR,ERR,ERR,ERR,ERR,ERR,ERR,ERR,ERR,ERR,ERR,ERR,ERR,ERR,ERR,ERR,ERR,ERR,ERR,ERR,ERR,ERR,ERR,ERR,ERR,ERR,ERR,ERR,ERR,ERR,ERR,ERR,ERR,ERR,ERR,ERR,ERR,ERR,ERR,ERR,ERR,ERR,ERR,ERR,ERR,ERR,ERR,ERR,ERR,ERR,ERR,ERR,ERR,ERR,ERR,ERR,ERR,ERR,ERR,ERR,ERR,ERR,ERR,ERR,ERR,ERR,ERR,ERR,ERR,ERR,ERR,ERR,ERR,ERR,ERR,ERR,ERR,0.0,-107615288.0,-0.0,0.0,0.0,1.3936040501711995e+18,7.805,0.0,0,0,4,0,8422,0.0,45,0.0,0.0,0.0,0.0,0.0,0,0,0,0,0.0,0,0,0,0,0,0,0,0,0,0,0,0,0,0,0,0,0,0,0,0,0,0,0,0,0,0,0,0,0,0,0,0,0,38,14,7,45,65476,0,300,0,0,8,21553,0.0,-107605600.0,0.0,0.0,0.0,0.0,0.0,0.0,0.0,0.0,0.0,0.0,0.0,0.0,0.0,0.0,0.0,0.0,0.0,0.0,0.0,0.0,0.0,-2.004,-0.0,0.0,0.0,0.0,0.0,0.0,5069.0,-0.0,0.0,0.0,-107615288.0,0.0,-0.0,0.0,0.0,0.0,0.0,53,152018454839296.0,-2.3088284031854313e+20,0.0,0.0,0.0,0.0,0.0,0.0,0.0,0,0,0,0.0,0.0,0.0,0.0,0.0,0.0,0.0,0.0,0.0,0.0,0.0,0.0,0.0,0.0,0.0,0.0,0,-107875648.0,53,0.0,106,-107614832.0,-107350944.0,ERR,ERR,ERR,ERR,ERR,ERR,ERR,ERR,ERR,ERR,ERR,ERR,ERR,ERR,ERR,ERR,ERR,ERR,ERR,ERR,ERR,ERR,ERR,ERR,ERR,ERR,ERR,ERR,ERR,ERR,ERR,ERR,ERR,ERR,ERR,ERR,ERR,ERR,ERR,ERR,ERR,ERR,ERR,ERR,ERR,ERR,ERR,ERR,ERR,ERR,ERR,ERR,ERR,ERR,ERR,ERR,ERR,ERR,ERR,ERR,ERR,ERR,ERR,ERR,ERR,ERR,ERR,50.0,60.0,100,0.0,0.0,0.0,0.0,0.0,0.0,0.0,0.0,0.0,0.0,0.0,0.0,0.0,0.0,0.0,0.0,62.0,65,20,65521,50,65476,0,300,0,0,8,20529,65476,0,0,26214,60.0,0.0,0.0,0.0,0.0,0.0
2026-05-17T16:22:13,ERR,ERR,ERR,ERR,ERR,ERR,ERR,ERR,ERR,ERR,ERR,ERR,ERR,ERR,ERR,ERR,ERR,ERR,ERR,ERR,ERR,ERR,ERR,ERR,ERR,ERR,ERR,ERR,ERR,ERR,ERR,ERR,ERR,ERR,ERR,ERR,ERR,ERR,ERR,ERR,ERR,ERR,ERR,ERR,ERR,ERR,ERR,ERR,ERR,ERR,ERR,ERR,ERR,ERR,ERR,ERR,ERR,ERR,ERR,ERR,ERR,ERR,ERR,ERR,ERR,ERR,ERR,ERR,ERR,ERR,ERR,ERR,ERR,ERR,ERR,ERR,ERR,ERR,ERR,ERR,ERR,ERR,ERR,ERR,ERR,ERR,ERR,ERR,ERR,ERR,ERR,ERR,ERR,ERR,ERR,ERR,ERR,ERR,ERR,ERR,ERR,ERR,ERR,ERR,ERR,ERR,ERR,ERR,ERR,ERR,ERR,ERR,ERR,ERR,ERR,ERR,ERR,ERR,ERR,ERR,ERR,ERR,ERR,ERR,ERR,0.0,-107615288.0,-0.0,0.0,0.0,1.3936040501711995e+18,7.805,0.0,0,0,4,0,8422,0.0,45,0.0,0.0,0.0,0.0,0.0,0,0,0,0,0.0,0,0,0,0,0,0,0,0,0,0,0,0,0,0,0,0,0,0,0,0,0,0,0,0,0,0,0,0,0,0,0,0,0,38,14,7,45,65476,0,300,0,0,8,21553,0.0,-107605600.0,0.0,0.0,0.0,0.0,0.0,0.0,0.0,0.0,0.0,0.0,0.0,0.0,0.0,0.0,0.0,0.0,0.0,0.0,0.0,0.0,0.0,-2.004,-0.0,0.0,0.0,0.0,0.0,0.0,5069.0,-0.0,0.0,0.0,-107615288.0,0.0,-0.0,0.0,0.0,0.0,0.0,53,152018454839296.0,-2.3088284031854313e+20,0.0,0.0,0.0,0.0,0.0,0.0,0.0,0,0,0,0.0,0.0,0.0,0.0,0.0,0.0,0.0,0.0,0.0,0.0,0.0,0.0,0.0,0.0,0.0,0.0,0,-107875648.0,53,0.0,106,-107614832.0,-107350944.0,ERR,ERR,ERR,ERR,ERR,ERR,ERR,ERR,ERR,ERR,ERR,ERR,ERR,ERR,ERR,ERR,ERR,ERR,ERR,ERR,ERR,ERR,ERR,ERR,ERR,ERR,ERR,ERR,ERR,ERR,ERR,ERR,ERR,ERR,ERR,ERR,ERR,ERR,ERR,ERR,ERR,ERR,ERR,ERR,ERR,ERR,ERR,ERR,ERR,ERR,ERR,ERR,ERR,ERR,ERR,ERR,ERR,ERR,ERR,ERR,ERR,ERR,ERR,ERR,ERR,ERR,ERR,50.0,60.0,100,0.0,0.0,0.0,0.0,0.0,0.0,0.0,0.0,0.0,0.0,0.0,0.0,0.0,0.0,0.0,0.0,61.6,65,20,65521,50,65476,0,300,0,0,8,20529,65476,0,0,26214,60.0,0.0,0.0,0.0,0.0,0.0
2026-05-17T16:22:14,ERR,ERR,ERR,ERR,ERR,ERR,ERR,ERR,ERR,ERR,ERR,ERR,ERR,ERR,ERR,ERR,ERR,ERR,ERR,ERR,ERR,ERR,ERR,ERR,ERR,ERR,ERR,ERR,ERR,ERR,ERR,ERR,ERR,ERR,ERR,ERR,ERR,ERR,ERR,ERR,ERR,ERR,ERR,ERR,ERR,ERR,ERR,ERR,ERR,ERR,ERR,ERR,ERR,ERR,ERR,ERR,ERR,ERR,ERR,ERR,ERR,ERR,ERR,ERR,ERR,ERR,ERR,ERR,ERR,ERR,ERR,ERR,ERR,ERR,ERR,ERR,ERR,ERR,ERR,ERR,ERR,ERR,ERR,ERR,ERR,ERR,ERR,ERR,ERR,ERR,ERR,ERR,ERR,ERR,ERR,ERR,ERR,ERR,ERR,ERR,ERR,ERR,ERR,ERR,ERR,ERR,ERR,ERR,ERR,ERR,ERR,ERR,ERR,ERR,ERR,ERR,ERR,ERR,ERR,ERR,ERR,ERR,ERR,ERR,ERR,0.0,-107615288.0,-0.0,0.0,0.0,1.3936040501711995e+18,7.805,0.0,0,0,4,0,8422,0.0,45,0.0,0.0,0.0,0.0,0.0,0,0,0,0,0.0,0,0,0,0,0,0,0,0,0,0,0,0,0,0,0,0,0,0,0,0,0,0,0,0,0,0,0,0,0,0,0,0,0,38,14,7,45,65476,0,300,0,0,8,21553,0.0,-107605600.0,0.0,0.0,0.0,0.0,0.0,0.0,0.0,0.0,0.0,0.0,0.0,0.0,0.0,0.0,0.0,0.0,0.0,0.0,0.0,0.0,0.0,-2.004,-0.0,0.0,0.0,0.0,0.0,0.0,5069.0,-0.0,0.0,0.0,-107615288.0,0.0,-0.0,0.0,0.0,0.0,0.0,53,152018454839296.0,-2.3088284031854313e+20,0.0,0.0,0.0,0.0,0.0,0.0,0.0,0,0,0,0.0,0.0,0.0,0.0,0.0,0.0,0.0,0.0,0.0,0.0,0.0,0.0,0.0,0.0,0.0,0.0,0,-107875648.0,53,0.0,106,-107614832.0,-107350944.0,ERR,ERR,ERR,ERR,ERR,ERR,ERR,ERR,ERR,ERR,ERR,ERR,ERR,ERR,ERR,ERR,ERR,ERR,ERR,ERR,ERR,ERR,ERR,ERR,ERR,ERR,ERR,ERR,ERR,ERR,ERR,ERR,ERR,ERR,ERR,ERR,ERR,ERR,ERR,ERR,ERR,ERR,ERR,ERR,ERR,ERR,ERR,ERR,ERR,ERR,ERR,ERR,ERR,ERR,ERR,ERR,ERR,ERR,ERR,ERR,ERR,ERR,ERR,ERR,ERR,ERR,ERR,50.0,60.0,100,0.0,0.0,0.0,0.0,0.0,0.0,0.0,0.0,0.0,0.0,0.0,0.0,0.0,0.0,0.0,0.0,61.6,65,20,65521,50,65476,0,300,0,0,8,20529,65476,0,0,26214,60.0,0.0,0.0,0.0,0.0,0.0
2026-05-17T16:22:15,ERR,ERR,ERR,ERR,ERR,ERR,ERR,ERR,ERR,ERR,ERR,ERR,ERR,ERR,ERR,ERR,ERR,ERR,ERR,ERR,ERR,ERR,ERR,ERR,ERR,ERR,ERR,ERR,ERR,ERR,ERR,ERR,ERR,ERR,ERR,ERR,ERR,ERR,ERR,ERR,ERR,ERR,ERR,ERR,ERR,ERR,ERR,ERR,ERR,ERR,ERR,ERR,ERR,ERR,ERR,ERR,ERR,ERR,ERR,ERR,ERR,ERR,ERR,ERR,ERR,ERR,ERR,ERR,ERR,ERR,ERR,ERR,ERR,ERR,ERR,ERR,ERR,ERR,ERR,ERR,ERR,ERR,ERR,ERR,ERR,ERR,ERR,ERR,ERR,ERR,ERR,ERR,ERR,ERR,ERR,ERR,ERR,ERR,ERR,ERR,ERR,ERR,ERR,ERR,ERR,ERR,ERR,ERR,ERR,ERR,ERR,ERR,ERR,ERR,ERR,ERR,ERR,ERR,ERR,ERR,ERR,ERR,ERR,ERR,ERR,0.0,-107615288.0,-0.0,0.0,0.0,1.3936040501711995e+18,7.805,0.0,0,0,4,0,8422,0.0,45,0.0,0.0,0.0,0.0,0.0,0,0,0,0,0.0,0,0,0,0,0,0,0,0,0,0,0,0,0,0,0,0,0,0,0,0,0,0,0,0,0,0,0,0,0,0,0,0,0,38,14,7,45,65476,0,300,0,0,8,21553,0.0,-107605600.0,0.0,0.0,0.0,0.0,0.0,0.0,0.0,0.0,0.0,0.0,0.0,0.0,0.0,0.0,0.0,0.0,0.0,0.0,0.0,0.0,0.0,-2.004,-0.0,0.0,0.0,0.0,0.0,0.0,5066.0,-0.0,0.0,0.0,-107615288.0,0.0,-0.0,0.0,0.0,0.0,0.0,53,89221.109,0.0,0.0,0.0,0.0,0.0,0.0,0.0,0.0,0,0,0,0.0,0.0,0.0,0.0,0.0,0.0,0.0,0.0,0.0,0.0,0.0,0.0,0.0,0.0,0.0,0.0,0,-107875648.0,53,0.0,106,-107614832.0,-107350944.0,ERR,ERR,ERR,ERR,ERR,ERR,ERR,ERR,ERR,ERR,ERR,ERR,ERR,ERR,ERR,ERR,ERR,ERR,ERR,ERR,ERR,ERR,ERR,ERR,ERR,ERR,ERR,ERR,ERR,ERR,ERR,ERR,ERR,ERR,ERR,ERR,ERR,ERR,ERR,ERR,ERR,ERR,ERR,ERR,ERR,ERR,ERR,ERR,ERR,ERR,ERR,ERR,ERR,ERR,ERR,ERR,ERR,ERR,ERR,ERR,ERR,ERR,ERR,ERR,ERR,ERR,ERR,50.0,60.0,100,0.0,0.0,0.0,0.0,0.0,0.0,0.0,0.0,0.0,0.0,0.0,0.0,0.0,0.0,0.0,0.0,61.6,65,20,65521,50,65476,0,300,0,0,8,20529,65476,0,0,26214,60.0,0.0,0.0,0.0,0.0,0.0
2026-05-17T16:22:16,ERR,ERR,ERR,ERR,ERR,ERR,ERR,ERR,ERR,ERR,ERR,ERR,ERR,ERR,ERR,ERR,ERR,ERR,ERR,ERR,ERR,ERR,ERR,ERR,ERR,ERR,ERR,ERR,ERR,ERR,ERR,ERR,ERR,ERR,ERR,ERR,ERR,ERR,ERR,ERR,ERR,ERR,ERR,ERR,ERR,ERR,ERR,ERR,ERR,ERR,ERR,ERR,ERR,ERR,ERR,ERR,ERR,ERR,ERR,ERR,ERR,ERR,ERR,ERR,ERR,ERR,ERR,ERR,ERR,ERR,ERR,ERR,ERR,ERR,ERR,ERR,ERR,ERR,ERR,ERR,ERR,ERR,ERR,ERR,ERR,ERR,ERR,ERR,ERR,ERR,ERR,ERR,ERR,ERR,ERR,ERR,ERR,ERR,ERR,ERR,ERR,ERR,ERR,ERR,ERR,ERR,ERR,ERR,ERR,ERR,ERR,ERR,ERR,ERR,ERR,ERR,ERR,ERR,ERR,ERR,ERR,ERR,ERR,ERR,ERR,0.0,-107615288.0,-0.0,0.0,0.0,1.3936040501711995e+18,7.805,0.0,0,0,4,0,8422,0.0,45,0.0,0.0,0.0,0.0,0.0,0,0,0,0,0.0,0,0,0,0,0,0,0,0,0,0,0,0,0,0,0,0,0,0,0,0,0,0,0,0,0,0,0,0,0,0,0,0,0,38,14,7,45,65476,0,300,0,0,8,21553,0.0,-107605600.0,0.0,0.0,0.0,0.0,0.0,0.0,0.0,0.0,0.0,0.0,0.0,0.0,0.0,0.0,0.0,0.0,0.0,0.0,0.0,0.0,0.0,-2.004,-0.0,0.0,0.0,0.0,0.0,0.0,5066.0,-0.0,0.0,0.0,-107615288.0,0.0,-0.0,0.0,0.0,0.0,0.0,53,89221.109,0.0,0.0,0.0,0.0,0.0,0.0,0.0,0.0,0,0,0,0.0,0.0,0.0,0.0,0.0,0.0,0.0,0.0,0.0,0.0,0.0,0.0,0.0,0.0,0.0,0.0,0,-107875648.0,53,0.0,106,-107614832.0,-107350944.0,ERR,ERR,ERR,ERR,ERR,ERR,ERR,ERR,ERR,ERR,ERR,ERR,ERR,ERR,ERR,ERR,ERR,ERR,ERR,ERR,ERR,ERR,ERR,ERR,ERR,ERR,ERR,ERR,ERR,ERR,ERR,ERR,ERR,ERR,ERR,ERR,ERR,ERR,ERR,ERR,ERR,ERR,ERR,ERR,ERR,ERR,ERR,ERR,ERR,ERR,ERR,ERR,ERR,ERR,ERR,ERR,ERR,ERR,ERR,ERR,ERR,ERR,ERR,ERR,ERR,ERR,ERR,50.0,60.0,100,0.0,0.0,0.0,0.0,0.0,0.0,0.0,0.0,0.0,0.0,0.0,0.0,0.0,0.0,0.0,0.0,61.6,65,20,65521,50,65476,0,300,0,0,8,20529,65476,0,0,26214,60.0,0.0,0.0,0.0,0.0,0.0
2026-05-17T16:22:17,ERR,ERR,ERR,ERR,ERR,ERR,ERR,ERR,ERR,ERR,ERR,ERR,ERR,ERR,ERR,ERR,ERR,ERR,ERR,ERR,ERR,ERR,ERR,ERR,ERR,ERR,ERR,ERR,ERR,ERR,ERR,ERR,ERR,ERR,ERR,ERR,ERR,ERR,ERR,ERR,ERR,ERR,ERR,ERR,ERR,ERR,ERR,ERR,ERR,ERR,ERR,ERR,ERR,ERR,ERR,ERR,ERR,ERR,ERR,ERR,ERR,ERR,ERR,ERR,ERR,ERR,ERR,ERR,ERR,ERR,ERR,ERR,ERR,ERR,ERR,ERR,ERR,ERR,ERR,ERR,ERR,ERR,ERR,ERR,ERR,ERR,ERR,ERR,ERR,ERR,ERR,ERR,ERR,ERR,ERR,ERR,ERR,ERR,ERR,ERR,ERR,ERR,ERR,ERR,ERR,ERR,ERR,ERR,ERR,ERR,ERR,ERR,ERR,ERR,ERR,ERR,ERR,ERR,ERR,ERR,ERR,ERR,ERR,ERR,ERR,0.0,-107615288.0,-0.0,0.0,0.0,1.3936040501711995e+18,7.805,0.0,0,0,4,0,8422,0.0,45,0.0,0.0,0.0,0.0,0.0,0,0,0,0,0.0,0,0,0,0,0,0,0,0,0,0,0,0,0,0,0,0,0,0,0,0,0,0,0,0,0,0,0,0,0,0,0,0,0,38,14,7,45,65476,0,300,0,0,8,21553,0.0,-107605600.0,0.0,0.0,0.0,0.0,0.0,0.0,0.0,0.0,0.0,0.0,0.0,0.0,0.0,0.0,0.0,0.0,0.0,0.0,0.0,0.0,0.0,-2.004,-0.0,0.0,0.0,0.0,0.0,0.0,5066.0,-0.0,0.0,0.0,-107615288.0,0.0,-0.0,0.0,0.0,0.0,0.0,53,89221.109,0.0,0.0,0.0,0.0,0.0,0.0,0.0,0.0,0,0,0,0.0,0.0,0.0,0.0,0.0,0.0,0.0,0.0,0.0,0.0,0.0,0.0,0.0,0.0,0.0,0.0,0,-107875648.0,53,0.0,106,-107614832.0,-107350944.0,ERR,ERR,ERR,ERR,ERR,ERR,ERR,ERR,ERR,ERR,ERR,ERR,ERR,ERR,ERR,ERR,ERR,ERR,ERR,ERR,ERR,ERR,ERR,ERR,ERR,ERR,ERR,ERR,ERR,ERR,ERR,ERR,ERR,ERR,ERR,ERR,ERR,ERR,ERR,ERR,ERR,ERR,ERR,ERR,ERR,ERR,ERR,ERR,ERR,ERR,ERR,ERR,ERR,ERR,ERR,ERR,ERR,ERR,ERR,ERR,ERR,ERR,ERR,ERR,ERR,ERR,ERR,50.0,60.0,100,0.0,0.0,0.0,0.0,0.0,0.0,0.0,0.0,0.0,0.0,0.0,0.0,0.0,0.0,0.0,0.0,61.6,65,20,65521,50,65476,0,300,0,0,8,20529,65476,0,0,26214,60.0,0.0,0.0,0.0,0.0,0.0
2026-05-17T16:22:18,ERR,ERR,ERR,ERR,ERR,ERR,ERR,ERR,ERR,ERR,ERR,ERR,ERR,ERR,ERR,ERR,ERR,ERR,ERR,ERR,ERR,ERR,ERR,ERR,ERR,ERR,ERR,ERR,ERR,ERR,ERR,ERR,ERR,ERR,ERR,ERR,ERR,ERR,ERR,ERR,ERR,ERR,ERR,ERR,ERR,ERR,ERR,ERR,ERR,ERR,ERR,ERR,ERR,ERR,ERR,ERR,ERR,ERR,ERR,ERR,ERR,ERR,ERR,ERR,ERR,ERR,ERR,ERR,ERR,ERR,ERR,ERR,ERR,ERR,ERR,ERR,ERR,ERR,ERR,ERR,ERR,ERR,ERR,ERR,ERR,ERR,ERR,ERR,ERR,ERR,ERR,ERR,ERR,ERR,ERR,ERR,ERR,ERR,ERR,ERR,ERR,ERR,ERR,ERR,ERR,ERR,ERR,ERR,ERR,ERR,ERR,ERR,ERR,ERR,ERR,ERR,ERR,ERR,ERR,ERR,ERR,ERR,ERR,ERR,ERR,0.0,-107615288.0,-0.0,0.0,0.0,1.3936040501711995e+18,7.805,0.0,0,0,4,0,8422,0.0,45,0.0,0.0,0.0,0.0,0.0,0,0,0,0,0.0,0,0,0,0,0,0,0,0,0,0,0,0,0,0,0,0,0,0,0,0,0,0,0,0,0,0,0,0,0,0,0,0,0,38,14,7,45,65476,0,300,0,0,8,21553,0.0,-107605600.0,0.0,0.0,0.0,0.0,0.0,0.0,0.0,0.0,0.0,0.0,0.0,0.0,0.0,0.0,0.0,0.0,0.0,0.0,0.0,0.0,0.0,-2.004,-0.0,0.0,0.0,0.0,0.0,0.0,5066.0,-0.0,0.0,0.0,-107615288.0,0.0,-0.0,0.0,0.0,0.0,0.0,53,89221.109,0.0,0.0,0.0,0.0,0.0,0.0,0.0,0.0,0,0,0,0.0,0.0,0.0,0.0,0.0,0.0,0.0,0.0,0.0,0.0,0.0,0.0,0.0,0.0,0.0,0.0,0,-107875648.0,53,0.0,106,-107614832.0,-107350944.0,ERR,ERR,ERR,ERR,ERR,ERR,ERR,ERR,ERR,ERR,ERR,ERR,ERR,ERR,ERR,ERR,ERR,ERR,ERR,ERR,ERR,ERR,ERR,ERR,ERR,ERR,ERR,ERR,ERR,ERR,ERR,ERR,ERR,ERR,ERR,ERR,ERR,ERR,ERR,ERR,ERR,ERR,ERR,ERR,ERR,ERR,ERR,ERR,ERR,ERR,ERR,ERR,ERR,ERR,ERR,ERR,ERR,ERR,ERR,ERR,ERR,ERR,ERR,ERR,ERR,ERR,ERR,50.0,60.0,100,0.0,0.0,0.0,0.0,0.0,0.0,0.0,0.0,0.0,0.0,0.0,0.0,0.0,0.0,0.0,0.0,61.6,65,20,65521,50,65476,0,300,0,0,8,20529,65476,0,0,26214,60.0,0.0,0.0,0.0,0.0,0.0
2026-05-17T16:22:19,ERR,ERR,ERR,ERR,ERR,ERR,ERR,ERR,ERR,ERR,ERR,ERR,ERR,ERR,ERR,ERR,ERR,ERR,ERR,ERR,ERR,ERR,ERR,ERR,ERR,ERR,ERR,ERR,ERR,ERR,ERR,ERR,ERR,ERR,ERR,ERR,ERR,ERR,ERR,ERR,ERR,ERR,ERR,ERR,ERR,ERR,ERR,ERR,ERR,ERR,ERR,ERR,ERR,ERR,ERR,ERR,ERR,ERR,ERR,ERR,ERR,ERR,ERR,ERR,ERR,ERR,ERR,ERR,ERR,ERR,ERR,ERR,ERR,ERR,ERR,ERR,ERR,ERR,ERR,ERR,ERR,ERR,ERR,ERR,ERR,ERR,ERR,ERR,ERR,ERR,ERR,ERR,ERR,ERR,ERR,ERR,ERR,ERR,ERR,ERR,ERR,ERR,ERR,ERR,ERR,ERR,ERR,ERR,ERR,ERR,ERR,ERR,ERR,ERR,ERR,ERR,ERR,ERR,ERR,ERR,ERR,ERR,ERR,ERR,ERR,0.0,-107615288.0,-0.0,0.0,0.0,1.3936040501711995e+18,7.805,0.0,0,0,4,0,8422,0.0,45,0.0,0.0,0.0,0.0,0.0,0,0,0,0,0.0,0,0,0,0,0,0,0,0,0,0,0,0,0,0,0,0,0,0,0,0,0,0,0,0,0,0,0,0,0,0,0,0,0,38,14,7,45,65476,0,300,0,0,8,21553,0.0,-107605600.0,0.0,0.0,0.0,0.0,0.0,0.0,0.0,0.0,0.0,0.0,0.0,0.0,0.0,0.0,0.0,0.0,0.0,0.0,0.0,0.0,0.0,-2.004,-0.0,0.0,0.0,0.0,0.0,0.0,5066.0,-0.0,0.0,0.0,-107615288.0,0.0,-0.0,0.0,0.0,0.0,0.0,53,89221.109,0.0,0.0,0.0,0.0,0.0,0.0,0.0,0.0,0,0,0,0.0,0.0,0.0,0.0,0.0,0.0,0.0,0.0,0.0,0.0,0.0,0.0,0.0,0.0,0.0,0.0,0,-107875648.0,53,0.0,106,-107614832.0,-107350944.0,ERR,ERR,ERR,ERR,ERR,ERR,ERR,ERR,ERR,ERR,ERR,ERR,ERR,ERR,ERR,ERR,ERR,ERR,ERR,ERR,ERR,ERR,ERR,ERR,ERR,ERR,ERR,ERR,ERR,ERR,ERR,ERR,ERR,ERR,ERR,ERR,ERR,ERR,ERR,ERR,ERR,ERR,ERR,ERR,ERR,ERR,ERR,ERR,ERR,ERR,ERR,ERR,ERR,ERR,ERR,ERR,ERR,ERR,ERR,ERR,ERR,ERR,ERR,ERR,ERR,ERR,ERR,50.0,60.0,100,0.0,0.0,0.0,0.0,0.0,0.0,0.0,0.0,0.0,0.0,0.0,0.0,0.0,0.0,0.0,0.0,61.6,65,20,65521,50,65476,0,300,0,0,8,20529,65476,0,0,26214,60.0,0.0,0.0,0.0,0.0,0.0
2026-05-17T16:22:20,ERR,ERR,ERR,ERR,ERR,ERR,ERR,ERR,ERR,ERR,ERR,ERR,ERR,ERR,ERR,ERR,ERR,ERR,ERR,ERR,ERR,ERR,ERR,ERR,ERR,ERR,ERR,ERR,ERR,ERR,ERR,ERR,ERR,ERR,ERR,ERR,ERR,ERR,ERR,ERR,ERR,ERR,ERR,ERR,ERR,ERR,ERR,ERR,ERR,ERR,ERR,ERR,ERR,ERR,ERR,ERR,ERR,ERR,ERR,ERR,ERR,ERR,ERR,ERR,ERR,ERR,ERR,ERR,ERR,ERR,ERR,ERR,ERR,ERR,ERR,ERR,ERR,ERR,ERR,ERR,ERR,ERR,ERR,ERR,ERR,ERR,ERR,ERR,ERR,ERR,ERR,ERR,ERR,ERR,ERR,ERR,ERR,ERR,ERR,ERR,ERR,ERR,ERR,ERR,ERR,ERR,ERR,ERR,ERR,ERR,ERR,ERR,ERR,ERR,ERR,ERR,ERR,ERR,ERR,ERR,ERR,ERR,ERR,ERR,ERR,0.0,-107615288.0,-0.0,0.0,0.0,1.3936040501711995e+18,7.805,0.0,0,0,4,0,8422,0.0,45,0.0,0.0,0.0,0.0,0.0,0,0,0,0,0.0,0,0,0,0,0,0,0,0,0,0,0,0,0,0,0,0,0,0,0,0,0,0,0,0,0,0,0,0,0,0,0,0,0,38,14,7,45,65476,0,300,0,0,8,21553,0.0,-107605600.0,0.0,0.0,0.0,0.0,0.0,0.0,0.0,0.0,0.0,0.0,0.0,0.0,0.0,0.0,0.0,0.0,0.0,0.0,0.0,0.0,-2.004,-2.004,-0.0,0.0,0.0,0.0,0.0,0.0,5072.0,-0.0,0.0,0.0,-107615288.0,0.0,-0.0,0.0,0.0,0.0,0.0,53,2.7184300208680915e+23,0.0,0.0,0.0,0.0,0.0,0.0,0.0,0.0,0,0,0,0.0,0.0,0.0,0.0,0.0,0.0,0.0,0.0,0.0,0.0,0.0,0.0,0.0,0.0,0.0,0.0,0,-107875648.0,53,0.0,106,-107614832.0,-107350944.0,ERR,ERR,ERR,ERR,ERR,ERR,ERR,ERR,ERR,ERR,ERR,ERR,ERR,ERR,ERR,ERR,ERR,ERR,ERR,ERR,ERR,ERR,ERR,ERR,ERR,ERR,ERR,ERR,ERR,ERR,ERR,ERR,ERR,ERR,ERR,ERR,ERR,ERR,ERR,ERR,ERR,ERR,ERR,ERR,ERR,ERR,ERR,ERR,ERR,ERR,ERR,ERR,ERR,ERR,ERR,ERR,ERR,ERR,ERR,ERR,ERR,ERR,ERR,ERR,ERR,ERR,ERR,50.0,60.0,100,0.0,0.0,0.0,0.0,0.0,0.0,0.0,0.0,0.0,0.0,0.0,0.0,0.0,0.0,0.0,0.0,62.0,65,20,65521,50,65476,0,300,0,0,8,20529,65476,0,0,26214,60.0,0.0,0.0,0.0,0.0,0.0
2026-05-17T16:22:21,ERR,ERR,ERR,ERR,ERR,ERR,ERR,ERR,ERR,ERR,ERR,ERR,ERR,ERR,ERR,ERR,ERR,ERR,ERR,ERR,ERR,ERR,ERR,ERR,ERR,ERR,ERR,ERR,ERR,ERR,ERR,ERR,ERR,ERR,ERR,ERR,ERR,ERR,ERR,ERR,ERR,ERR,ERR,ERR,ERR,ERR,ERR,ERR,ERR,ERR,ERR,ERR,ERR,ERR,ERR,ERR,ERR,ERR,ERR,ERR,ERR,ERR,ERR,ERR,ERR,ERR,ERR,ERR,ERR,ERR,ERR,ERR,ERR,ERR,ERR,ERR,ERR,ERR,ERR,ERR,ERR,ERR,ERR,ERR,ERR,ERR,ERR,ERR,ERR,ERR,ERR,ERR,ERR,ERR,ERR,ERR,ERR,ERR,ERR,ERR,ERR,ERR,ERR,ERR,ERR,ERR,ERR,ERR,ERR,ERR,ERR,ERR,ERR,ERR,ERR,ERR,ERR,ERR,ERR,ERR,ERR,ERR,ERR,ERR,ERR,0.0,-107615288.0,-0.0,0.0,0.0,1.3936040501711995e+18,7.805,0.0,0,0,4,0,8422,0.0,45,0.0,0.0,0.0,0.0,0.0,0,0,0,0,0.0,0,0,0,0,0,0,0,0,0,0,0,0,0,0,0,0,0,0,0,0,0,0,0,0,0,0,0,0,0,0,0,0,0,38,14,7,45,65476,0,300,0,0,8,21553,0.0,-107605600.0,0.0,0.0,0.0,0.0,0.0,0.0,0.0,0.0,0.0,0.0,0.0,0.0,0.0,0.0,0.0,0.0,0.0,0.0,0.0,0.0,-2.004,-2.004,-0.0,0.0,0.0,0.0,0.0,0.0,5072.0,-0.0,0.0,0.0,-107615288.0,0.0,-0.0,0.0,0.0,0.0,0.0,53,2.7184300208680915e+23,0.0,0.0,0.0,0.0,0.0,0.0,0.0,0.0,0,0,0,0.0,0.0,0.0,0.0,0.0,0.0,0.0,0.0,0.0,0.0,0.0,0.0,0.0,0.0,0.0,0.0,0,-107875648.0,53,0.0,106,-107614832.0,-107350944.0,ERR,ERR,ERR,ERR,ERR,ERR,ERR,ERR,ERR,ERR,ERR,ERR,ERR,ERR,ERR,ERR,ERR,ERR,ERR,ERR,ERR,ERR,ERR,ERR,ERR,ERR,ERR,ERR,ERR,ERR,ERR,ERR,ERR,ERR,ERR,ERR,ERR,ERR,ERR,ERR,ERR,ERR,ERR,ERR,ERR,ERR,ERR,ERR,ERR,ERR,ERR,ERR,ERR,ERR,ERR,ERR,ERR,ERR,ERR,ERR,ERR,ERR,ERR,ERR,ERR,ERR,ERR,50.0,60.0,100,0.0,0.0,0.0,0.0,0.0,0.0,0.0,0.0,0.0,0.0,0.0,0.0,0.0,0.0,0.0,0.0,62.0,65,20,65521,50,65476,0,300,0,0,8,20529,65476,0,0,26214,60.0,0.0,0.0,0.0,0.0,0.0
2026-05-17T16:22:22,ERR,ERR,ERR,ERR,ERR,ERR,ERR,ERR,ERR,ERR,ERR,ERR,ERR,ERR,ERR,ERR,ERR,ERR,ERR,ERR,ERR,ERR,ERR,ERR,ERR,ERR,ERR,ERR,ERR,ERR,ERR,ERR,ERR,ERR,ERR,ERR,ERR,ERR,ERR,ERR,ERR,ERR,ERR,ERR,ERR,ERR,ERR,ERR,ERR,ERR,ERR,ERR,ERR,ERR,ERR,ERR,ERR,ERR,ERR,ERR,ERR,ERR,ERR,ERR,ERR,ERR,ERR,ERR,ERR,ERR,ERR,ERR,ERR,ERR,ERR,ERR,ERR,ERR,ERR,ERR,ERR,ERR,ERR,ERR,ERR,ERR,ERR,ERR,ERR,ERR,ERR,ERR,ERR,ERR,ERR,ERR,ERR,ERR,ERR,ERR,ERR,ERR,ERR,ERR,ERR,ERR,ERR,ERR,ERR,ERR,ERR,ERR,ERR,ERR,ERR,ERR,ERR,ERR,ERR,ERR,ERR,ERR,ERR,ERR,ERR,0.0,-107615288.0,-0.0,0.0,0.0,1.3936040501711995e+18,7.805,0.0,0,0,4,0,8422,0.0,45,0.0,0.0,0.0,0.0,0.0,0,0,0,0,0.0,0,0,0,0,0,0,0,0,0,0,0,0,0,0,0,0,0,0,0,0,0,0,0,0,0,0,0,0,0,0,0,0,0,38,14,7,45,65476,0,300,0,0,8,21553,0.0,-107605600.0,0.0,0.0,0.0,0.0,0.0,0.0,0.0,0.0,0.0,0.0,0.0,0.0,0.0,0.0,0.0,0.0,0.0,0.0,0.0,0.0,-2.004,-2.004,-0.0,0.0,0.0,0.0,0.0,0.0,5072.0,-0.0,0.0,0.0,-107615288.0,0.0,-0.0,0.0,0.0,0.0,0.0,53,2.7184300208680915e+23,0.0,0.0,0.0,0.0,0.0,0.0,0.0,0.0,0,0,0,0.0,0.0,0.0,0.0,0.0,0.0,0.0,0.0,0.0,0.0,0.0,0.0,0.0,0.0,0.0,0.0,0,-107875648.0,53,0.0,106,-107614832.0,-107350944.0,ERR,ERR,ERR,ERR,ERR,ERR,ERR,ERR,ERR,ERR,ERR,ERR,ERR,ERR,ERR,ERR,ERR,ERR,ERR,ERR,ERR,ERR,ERR,ERR,ERR,ERR,ERR,ERR,ERR,ERR,ERR,ERR,ERR,ERR,ERR,ERR,ERR,ERR,ERR,ERR,ERR,ERR,ERR,ERR,ERR,ERR,ERR,ERR,ERR,ERR,ERR,ERR,ERR,ERR,ERR,ERR,ERR,ERR,ERR,ERR,ERR,ERR,ERR,ERR,ERR,ERR,ERR,50.0,60.0,100,0.0,0.0,0.0,0.0,0.0,0.0,0.0,0.0,0.0,0.0,0.0,0.0,0.0,0.0,0.0,0.0,61.6,65,20,65521,50,65476,0,300,0,0,8,20529,65476,0,0,26214,60.0,0.0,0.0,0.0,0.0,0.0
2026-05-17T16:22:23,ERR,ERR,ERR,ERR,ERR,ERR,ERR,ERR,ERR,ERR,ERR,ERR,ERR,ERR,ERR,ERR,ERR,ERR,ERR,ERR,ERR,ERR,ERR,ERR,ERR,ERR,ERR,ERR,ERR,ERR,ERR,ERR,ERR,ERR,ERR,ERR,ERR,ERR,ERR,ERR,ERR,ERR,ERR,ERR,ERR,ERR,ERR,ERR,ERR,ERR,ERR,ERR,ERR,ERR,ERR,ERR,ERR,ERR,ERR,ERR,ERR,ERR,ERR,ERR,ERR,ERR,ERR,ERR,ERR,ERR,ERR,ERR,ERR,ERR,ERR,ERR,ERR,ERR,ERR,ERR,ERR,ERR,ERR,ERR,ERR,ERR,ERR,ERR,ERR,ERR,ERR,ERR,ERR,ERR,ERR,ERR,ERR,ERR,ERR,ERR,ERR,ERR,ERR,ERR,ERR,ERR,ERR,ERR,ERR,ERR,ERR,ERR,ERR,ERR,ERR,ERR,ERR,ERR,ERR,ERR,ERR,ERR,ERR,ERR,ERR,0.0,-107615288.0,-0.0,0.0,0.0,1.3936040501711995e+18,7.805,0.0,0,0,4,0,8422,0.0,45,0.0,0.0,0.0,0.0,0.0,0,0,0,0,0.0,0,0,0,0,0,0,0,0,0,0,0,0,0,0,0,0,0,0,0,0,0,0,0,0,0,0,0,0,0,0,0,0,0,38,14,7,45,65476,0,300,0,0,8,21553,0.0,-107605600.0,0.0,0.0,0.0,0.0,0.0,0.0,0.0,0.0,0.0,0.0,0.0,0.0,0.0,0.0,0.0,0.0,0.0,0.0,0.0,0.0,-2.004,-2.004,-0.0,0.0,0.0,0.0,0.0,0.0,5072.0,-0.0,0.0,0.0,-107615288.0,0.0,-0.0,0.0,0.0,0.0,0.0,53,2.7184300208680915e+23,0.0,0.0,0.0,0.0,0.0,0.0,0.0,0.0,0,0,0,0.0,0.0,0.0,0.0,0.0,0.0,0.0,0.0,0.0,0.0,0.0,0.0,0.0,0.0,0.0,0.0,0,-107875648.0,53,0.0,106,-107614832.0,-107350944.0,ERR,ERR,ERR,ERR,ERR,ERR,ERR,ERR,ERR,ERR,ERR,ERR,ERR,ERR,ERR,ERR,ERR,ERR,ERR,ERR,ERR,ERR,ERR,ERR,ERR,ERR,ERR,ERR,ERR,ERR,ERR,ERR,ERR,ERR,ERR,ERR,ERR,ERR,ERR,ERR,ERR,ERR,ERR,ERR,ERR,ERR,ERR,ERR,ERR,ERR,ERR,ERR,ERR,ERR,ERR,ERR,ERR,ERR,ERR,ERR,ERR,ERR,ERR,ERR,ERR,ERR,ERR,50.0,60.0,100,0.0,0.0,0.0,0.0,0.0,0.0,0.0,0.0,0.0,0.0,0.0,0.0,0.0,0.0,0.0,0.0,62.0,65,20,65521,50,65476,0,300,0,0,8,20529,65476,0,0,26214,60.0,0.0,0.0,0.0,0.0,0.0
2026-05-17T16:22:24,ERR,ERR,ERR,ERR,ERR,ERR,ERR,ERR,ERR,ERR,ERR,ERR,ERR,ERR,ERR,ERR,ERR,ERR,ERR,ERR,ERR,ERR,ERR,ERR,ERR,ERR,ERR,ERR,ERR,ERR,ERR,ERR,ERR,ERR,ERR,ERR,ERR,ERR,ERR,ERR,ERR,ERR,ERR,ERR,ERR,ERR,ERR,ERR,ERR,ERR,ERR,ERR,ERR,ERR,ERR,ERR,ERR,ERR,ERR,ERR,ERR,ERR,ERR,ERR,ERR,ERR,ERR,ERR,ERR,ERR,ERR,ERR,ERR,ERR,ERR,ERR,ERR,ERR,ERR,ERR,ERR,ERR,ERR,ERR,ERR,ERR,ERR,ERR,ERR,ERR,ERR,ERR,ERR,ERR,ERR,ERR,ERR,ERR,ERR,ERR,ERR,ERR,ERR,ERR,ERR,ERR,ERR,ERR,ERR,ERR,ERR,ERR,ERR,ERR,ERR,ERR,ERR,ERR,ERR,ERR,ERR,ERR,ERR,ERR,ERR,0.0,-107615288.0,-0.0,0.0,0.0,1.3936040501711995e+18,7.805,0.0,0,0,4,0,8422,0.0,45,0.0,0.0,0.0,0.0,0.0,0,0,0,0,0.0,0,0,0,0,0,0,0,0,0,0,0,0,0,0,0,0,0,0,0,0,0,0,0,0,0,0,0,0,0,0,0,0,0,38,14,7,45,65476,0,300,0,0,8,21553,0.0,-107605600.0,0.0,0.0,0.0,0.0,0.0,0.0,0.0,0.0,0.0,0.0,0.0,0.0,0.0,0.0,0.0,0.0,0.0,0.0,0.0,0.0,-2.004,-2.004,-0.0,0.0,0.0,0.0,0.0,0.0,5072.0,-0.0,0.0,0.0,-107615288.0,0.0,-0.0,0.0,0.0,0.0,0.0,53,2.7184300208680915e+23,0.0,0.0,0.0,0.0,0.0,0.0,0.0,0.0,0,0,0,0.0,0.0,0.0,0.0,0.0,0.0,0.0,0.0,0.0,0.0,0.0,0.0,0.0,0.0,0.0,0.0,0,-107875648.0,53,0.0,106,-107614832.0,-107350944.0,ERR,ERR,ERR,ERR,ERR,ERR,ERR,ERR,ERR,ERR,ERR,ERR,ERR,ERR,ERR,ERR,ERR,ERR,ERR,ERR,ERR,ERR,ERR,ERR,ERR,ERR,ERR,ERR,ERR,ERR,ERR,ERR,ERR,ERR,ERR,ERR,ERR,ERR,ERR,ERR,ERR,ERR,ERR,ERR,ERR,ERR,ERR,ERR,ERR,ERR,ERR,ERR,ERR,ERR,ERR,ERR,ERR,ERR,ERR,ERR,ERR,ERR,ERR,ERR,ERR,ERR,ERR,50.0,60.0,100,0.0,0.0,0.0,0.0,0.0,0.0,0.0,0.0,0.0,0.0,0.0,0.0,0.0,0.0,0.0,0.0,62.0,65,20,65521,50,65476,0,300,0,0,8,20529,65476,0,0,26214,60.0,0.0,0.0,0.0,0.0,0.0
2026-05-17T16:22:25,ERR,ERR,ERR,ERR,ERR,ERR,ERR,ERR,ERR,ERR,ERR,ERR,ERR,ERR,ERR,ERR,ERR,ERR,ERR,ERR,ERR,ERR,ERR,ERR,ERR,ERR,ERR,ERR,ERR,ERR,ERR,ERR,ERR,ERR,ERR,ERR,ERR,ERR,ERR,ERR,ERR,ERR,ERR,ERR,ERR,ERR,ERR,ERR,ERR,ERR,ERR,ERR,ERR,ERR,ERR,ERR,ERR,ERR,ERR,ERR,ERR,ERR,ERR,ERR,ERR,ERR,ERR,ERR,ERR,ERR,ERR,ERR,ERR,ERR,ERR,ERR,ERR,ERR,ERR,ERR,ERR,ERR,ERR,ERR,ERR,ERR,ERR,ERR,ERR,ERR,ERR,ERR,ERR,ERR,ERR,ERR,ERR,ERR,ERR,ERR,ERR,ERR,ERR,ERR,ERR,ERR,ERR,ERR,ERR,ERR,ERR,ERR,ERR,ERR,ERR,ERR,ERR,ERR,ERR,ERR,ERR,ERR,ERR,ERR,ERR,0.0,-107615288.0,-0.0,0.0,0.0,1.3936040501711995e+18,7.805,0.0,0,0,4,0,8422,0.0,45,0.0,0.0,0.0,0.0,0.0,0,0,0,0,0.0,0,0,0,0,0,0,0,0,0,0,0,0,0,0,0,0,0,0,0,0,0,0,0,0,0,0,0,0,0,0,0,0,0,38,14,7,45,65476,0,300,0,0,8,21553,0.0,-107605600.0,0.0,0.0,0.0,0.0,0.0,0.0,0.0,0.0,0.0,0.0,0.0,0.0,0.0,0.0,0.0,0.0,0.0,0.0,0.0,0.0,0.0,-2.004,-0.0,0.0,0.0,0.0,0.0,0.0,5067.0,3.697187013234e+19,0.0,0.0,-107615288.0,0.0,-0.0,0.0,0.0,0.0,0.0,53,107615344.0,-0.0,0.0,0.0,0.0,0.0,0.0,0.0,0.0,0,0,0,0.0,0.0,0.0,0.0,0.0,0.0,0.0,0.0,0.0,0.0,0.0,0.0,0.0,0.0,0.0,0.0,0,-107875648.0,53,0.0,106,-107614832.0,-107350944.0,ERR,ERR,ERR,ERR,ERR,ERR,ERR,ERR,ERR,ERR,ERR,ERR,ERR,ERR,ERR,ERR,ERR,ERR,ERR,ERR,ERR,ERR,ERR,ERR,ERR,ERR,ERR,ERR,ERR,ERR,ERR,ERR,ERR,ERR,ERR,ERR,ERR,ERR,ERR,ERR,ERR,ERR,ERR,ERR,ERR,ERR,ERR,ERR,ERR,ERR,ERR,ERR,ERR,ERR,ERR,ERR,ERR,ERR,ERR,ERR,ERR,ERR,ERR,ERR,ERR,ERR,ERR,50.0,60.0,100,0.0,0.0,0.0,0.0,0.0,0.0,0.0,0.0,0.0,0.0,0.0,0.0,0.0,0.0,0.0,0.0,62.0,65,20,65521,50,65476,0,300,0,0,8,20529,65476,0,0,26214,60.0,0.0,0.0,0.0,0.0,0.0
2026-05-17T16:22:26,ERR,ERR,ERR,ERR,ERR,ERR,ERR,ERR,ERR,ERR,ERR,ERR,ERR,ERR,ERR,ERR,ERR,ERR,ERR,ERR,ERR,ERR,ERR,ERR,ERR,ERR,ERR,ERR,ERR,ERR,ERR,ERR,ERR,ERR,ERR,ERR,ERR,ERR,ERR,ERR,ERR,ERR,ERR,ERR,ERR,ERR,ERR,ERR,ERR,ERR,ERR,ERR,ERR,ERR,ERR,ERR,ERR,ERR,ERR,ERR,ERR,ERR,ERR,ERR,ERR,ERR,ERR,ERR,ERR,ERR,ERR,ERR,ERR,ERR,ERR,ERR,ERR,ERR,ERR,ERR,ERR,ERR,ERR,ERR,ERR,ERR,ERR,ERR,ERR,ERR,ERR,ERR,ERR,ERR,ERR,ERR,ERR,ERR,ERR,ERR,ERR,ERR,ERR,ERR,ERR,ERR,ERR,ERR,ERR,ERR,ERR,ERR,ERR,ERR,ERR,ERR,ERR,ERR,ERR,ERR,ERR,ERR,ERR,ERR,ERR,0.0,-107615288.0,-0.0,0.0,0.0,1.3936040501711995e+18,7.805,0.0,0,0,4,0,8422,0.0,45,0.0,0.0,0.0,0.0,0.0,0,0,0,0,0.0,0,0,0,0,0,0,0,0,0,0,0,0,0,0,0,0,0,0,0,0,0,0,0,0,0,0,0,0,0,0,0,0,0,38,14,7,45,65476,0,300,0,0,8,21553,0.0,-107605600.0,0.0,0.0,0.0,0.0,0.0,0.0,0.0,0.0,0.0,0.0,0.0,0.0,0.0,0.0,0.0,0.0,0.0,0.0,0.0,0.0,0.0,-2.004,-0.0,0.0,0.0,0.0,0.0,0.0,5067.0,3.697187013234e+19,0.0,0.0,-107615288.0,0.0,-0.0,0.0,0.0,0.0,0.0,53,107615344.0,-0.0,0.0,0.0,0.0,0.0,0.0,0.0,0.0,0,0,0,0.0,0.0,0.0,0.0,0.0,0.0,0.0,0.0,0.0,0.0,0.0,0.0,0.0,0.0,0.0,0.0,0,-107875648.0,53,0.0,106,-107614832.0,-107350944.0,ERR,ERR,ERR,ERR,ERR,ERR,ERR,ERR,ERR,ERR,ERR,ERR,ERR,ERR,ERR,ERR,ERR,ERR,ERR,ERR,ERR,ERR,ERR,ERR,ERR,ERR,ERR,ERR,ERR,ERR,ERR,ERR,ERR,ERR,ERR,ERR,ERR,ERR,ERR,ERR,ERR,ERR,ERR,ERR,ERR,ERR,ERR,ERR,ERR,ERR,ERR,ERR,ERR,ERR,ERR,ERR,ERR,ERR,ERR,ERR,ERR,ERR,ERR,ERR,ERR,ERR,ERR,50.0,60.0,100,0.0,0.0,0.0,0.0,0.0,0.0,0.0,0.0,0.0,0.0,0.0,0.0,0.0,0.0,0.0,0.0,62.0,65,20,65521,50,65476,0,300,0,0,8,20529,65476,0,0,26214,60.0,0.0,0.0,0.0,0.0,0.0
2026-05-17T16:22:27,ERR,ERR,ERR,ERR,ERR,ERR,ERR,ERR,ERR,ERR,ERR,ERR,ERR,ERR,ERR,ERR,ERR,ERR,ERR,ERR,ERR,ERR,ERR,ERR,ERR,ERR,ERR,ERR,ERR,ERR,ERR,ERR,ERR,ERR,ERR,ERR,ERR,ERR,ERR,ERR,ERR,ERR,ERR,ERR,ERR,ERR,ERR,ERR,ERR,ERR,ERR,ERR,ERR,ERR,ERR,ERR,ERR,ERR,ERR,ERR,ERR,ERR,ERR,ERR,ERR,ERR,ERR,ERR,ERR,ERR,ERR,ERR,ERR,ERR,ERR,ERR,ERR,ERR,ERR,ERR,ERR,ERR,ERR,ERR,ERR,ERR,ERR,ERR,ERR,ERR,ERR,ERR,ERR,ERR,ERR,ERR,ERR,ERR,ERR,ERR,ERR,ERR,ERR,ERR,ERR,ERR,ERR,ERR,ERR,ERR,ERR,ERR,ERR,ERR,ERR,ERR,ERR,ERR,ERR,ERR,ERR,ERR,ERR,ERR,ERR,0.0,-107615288.0,-0.0,0.0,0.0,1.3936040501711995e+18,7.805,0.0,0,0,4,0,8422,0.0,45,0.0,0.0,0.0,0.0,0.0,0,0,0,0,0.0,0,0,0,0,0,0,0,0,0,0,0,0,0,0,0,0,0,0,0,0,0,0,0,0,0,0,0,0,0,0,0,0,0,38,14,7,45,65476,0,300,0,0,8,21553,0.0,-107605600.0,0.0,0.0,0.0,0.0,0.0,0.0,0.0,0.0,0.0,0.0,0.0,0.0,0.0,0.0,0.0,0.0,0.0,0.0,0.0,0.0,0.0,-2.004,-0.0,0.0,0.0,0.0,0.0,0.0,5067.0,3.697187013234e+19,0.0,0.0,-107615288.0,0.0,-0.0,0.0,0.0,0.0,0.0,53,107615344.0,-0.0,0.0,0.0,0.0,0.0,0.0,0.0,0.0,0,0,0,0.0,0.0,0.0,0.0,0.0,0.0,0.0,0.0,0.0,0.0,0.0,0.0,0.0,0.0,0.0,0.0,0,-107875648.0,53,0.0,106,-107614832.0,-107350944.0,ERR,ERR,ERR,ERR,ERR,ERR,ERR,ERR,ERR,ERR,ERR,ERR,ERR,ERR,ERR,ERR,ERR,ERR,ERR,ERR,ERR,ERR,ERR,ERR,ERR,ERR,ERR,ERR,ERR,ERR,ERR,ERR,ERR,ERR,ERR,ERR,ERR,ERR,ERR,ERR,ERR,ERR,ERR,ERR,ERR,ERR,ERR,ERR,ERR,ERR,ERR,ERR,ERR,ERR,ERR,ERR,ERR,ERR,ERR,ERR,ERR,ERR,ERR,ERR,ERR,ERR,ERR,50.0,60.0,100,0.0,0.0,0.0,0.0,0.0,0.0,0.0,0.0,0.0,0.0,0.0,0.0,0.0,0.0,0.0,0.0,61.6,65,20,65521,50,65476,0,300,0,0,8,20529,65476,0,0,26214,60.0,0.0,0.0,0.0,0.0,0.0
2026-05-17T16:22:28,ERR,ERR,ERR,ERR,ERR,ERR,ERR,ERR,ERR,ERR,ERR,ERR,ERR,ERR,ERR,ERR,ERR,ERR,ERR,ERR,ERR,ERR,ERR,ERR,ERR,ERR,ERR,ERR,ERR,ERR,ERR,ERR,ERR,ERR,ERR,ERR,ERR,ERR,ERR,ERR,ERR,ERR,ERR,ERR,ERR,ERR,ERR,ERR,ERR,ERR,ERR,ERR,ERR,ERR,ERR,ERR,ERR,ERR,ERR,ERR,ERR,ERR,ERR,ERR,ERR,ERR,ERR,ERR,ERR,ERR,ERR,ERR,ERR,ERR,ERR,ERR,ERR,ERR,ERR,ERR,ERR,ERR,ERR,ERR,ERR,ERR,ERR,ERR,ERR,ERR,ERR,ERR,ERR,ERR,ERR,ERR,ERR,ERR,ERR,ERR,ERR,ERR,ERR,ERR,ERR,ERR,ERR,ERR,ERR,ERR,ERR,ERR,ERR,ERR,ERR,ERR,ERR,ERR,ERR,ERR,ERR,ERR,ERR,ERR,ERR,0.0,-107615288.0,-0.0,0.0,0.0,1.3936040501711995e+18,7.805,0.0,0,0,4,0,8422,0.0,45,0.0,0.0,0.0,0.0,0.0,0,0,0,0,0.0,0,0,0,0,0,0,0,0,0,0,0,0,0,0,0,0,0,0,0,0,0,0,0,0,0,0,0,0,0,0,0,0,0,38,14,7,45,65476,0,300,0,0,8,21553,0.0,-107605600.0,0.0,0.0,0.0,0.0,0.0,0.0,0.0,0.0,0.0,0.0,0.0,0.0,0.0,0.0,0.0,0.0,0.0,0.0,0.0,0.0,0.0,-2.004,-0.0,0.0,0.0,0.0,0.0,0.0,5067.0,3.697187013234e+19,0.0,0.0,-107615288.0,0.0,-0.0,0.0,0.0,0.0,0.0,53,107615344.0,-0.0,0.0,0.0,0.0,0.0,0.0,0.0,0.0,0,0,0,0.0,0.0,0.0,0.0,0.0,0.0,0.0,0.0,0.0,0.0,0.0,0.0,0.0,0.0,0.0,0.0,0,-107875648.0,53,0.0,106,-107614832.0,-107350944.0,ERR,ERR,ERR,ERR,ERR,ERR,ERR,ERR,ERR,ERR,ERR,ERR,ERR,ERR,ERR,ERR,ERR,ERR,ERR,ERR,ERR,ERR,ERR,ERR,ERR,ERR,ERR,ERR,ERR,ERR,ERR,ERR,ERR,ERR,ERR,ERR,ERR,ERR,ERR,ERR,ERR,ERR,ERR,ERR,ERR,ERR,ERR,ERR,ERR,ERR,ERR,ERR,ERR,ERR,ERR,ERR,ERR,ERR,ERR,ERR,ERR,ERR,ERR,ERR,ERR,ERR,ERR,50.0,60.0,100,0.0,0.0,0.0,0.0,0.0,0.0,0.0,0.0,0.0,0.0,0.0,0.0,0.0,0.0,0.0,0.0,61.6,65,20,65521,50,65476,0,300,0,0,8,20529,65476,0,0,26214,60.0,0.0,0.0,0.0,0.0,0.0
2026-05-17T16:22:29,ERR,ERR,ERR,ERR,ERR,ERR,ERR,ERR,ERR,ERR,ERR,ERR,ERR,ERR,ERR,ERR,ERR,ERR,ERR,ERR,ERR,ERR,ERR,ERR,ERR,ERR,ERR,ERR,ERR,ERR,ERR,ERR,ERR,ERR,ERR,ERR,ERR,ERR,ERR,ERR,ERR,ERR,ERR,ERR,ERR,ERR,ERR,ERR,ERR,ERR,ERR,ERR,ERR,ERR,ERR,ERR,ERR,ERR,ERR,ERR,ERR,ERR,ERR,ERR,ERR,ERR,ERR,ERR,ERR,ERR,ERR,ERR,ERR,ERR,ERR,ERR,ERR,ERR,ERR,ERR,ERR,ERR,ERR,ERR,ERR,ERR,ERR,ERR,ERR,ERR,ERR,ERR,ERR,ERR,ERR,ERR,ERR,ERR,ERR,ERR,ERR,ERR,ERR,ERR,ERR,ERR,ERR,ERR,ERR,ERR,ERR,ERR,ERR,ERR,ERR,ERR,ERR,ERR,ERR,ERR,ERR,ERR,ERR,ERR,ERR,0.0,-107615288.0,-0.0,0.0,0.0,1.3936040501711995e+18,7.805,0.0,0,0,4,0,8422,0.0,45,0.0,0.0,0.0,0.0,0.0,0,0,0,0,0.0,0,0,0,0,0,0,0,0,0,0,0,0,0,0,0,0,0,0,0,0,0,0,0,0,0,0,0,0,0,0,0,0,0,38,14,7,45,65476,0,300,0,0,8,21553,0.0,-107605600.0,0.0,0.0,0.0,0.0,0.0,0.0,0.0,0.0,0.0,0.0,0.0,0.0,0.0,0.0,0.0,0.0,0.0,0.0,0.0,0.0,0.0,-2.004,-0.0,0.0,0.0,0.0,0.0,0.0,5067.0,3.697187013234e+19,0.0,0.0,-107615288.0,0.0,-0.0,0.0,0.0,0.0,0.0,53,107615344.0,-0.0,0.0,0.0,0.0,0.0,0.0,0.0,0.0,0,0,0,0.0,0.0,0.0,0.0,0.0,0.0,0.0,0.0,0.0,0.0,0.0,0.0,0.0,0.0,0.0,0.0,0,-107875648.0,53,0.0,106,-107614832.0,-107350944.0,ERR,ERR,ERR,ERR,ERR,ERR,ERR,ERR,ERR,ERR,ERR,ERR,ERR,ERR,ERR,ERR,ERR,ERR,ERR,ERR,ERR,ERR,ERR,ERR,ERR,ERR,ERR,ERR,ERR,ERR,ERR,ERR,ERR,ERR,ERR,ERR,ERR,ERR,ERR,ERR,ERR,ERR,ERR,ERR,ERR,ERR,ERR,ERR,ERR,ERR,ERR,ERR,ERR,ERR,ERR,ERR,ERR,ERR,ERR,ERR,ERR,ERR,ERR,ERR,ERR,ERR,ERR,50.0,60.0,100,0.0,0.0,0.0,0.0,0.0,0.0,0.0,0.0,0.0,0.0,0.0,0.0,0.0,0.0,0.0,0.0,61.6,65,20,65521,50,65476,0,300,0,0,8,20529,65476,0,0,26214,60.0,0.0,0.0,0.0,0.0,0.0
2026-05-17T16:22:30,ERR,ERR,ERR,ERR,ERR,ERR,ERR,ERR,ERR,ERR,ERR,ERR,ERR,ERR,ERR,ERR,ERR,ERR,ERR,ERR,ERR,ERR,ERR,ERR,ERR,ERR,ERR,ERR,ERR,ERR,ERR,ERR,ERR,ERR,ERR,ERR,ERR,ERR,ERR,ERR,ERR,ERR,ERR,ERR,ERR,ERR,ERR,ERR,ERR,ERR,ERR,ERR,ERR,ERR,ERR,ERR,ERR,ERR,ERR,ERR,ERR,ERR,ERR,ERR,ERR,ERR,ERR,ERR,ERR,ERR,ERR,ERR,ERR,ERR,ERR,ERR,ERR,ERR,ERR,ERR,ERR,ERR,ERR,ERR,ERR,ERR,ERR,ERR,ERR,ERR,ERR,ERR,ERR,ERR,ERR,ERR,ERR,ERR,ERR,ERR,ERR,ERR,ERR,ERR,ERR,ERR,ERR,ERR,ERR,ERR,ERR,ERR,ERR,ERR,ERR,ERR,ERR,ERR,ERR,ERR,ERR,ERR,ERR,ERR,ERR,0.0,-107615288.0,-0.0,0.0,0.0,1.3936040501711995e+18,7.805,0.0,0,0,4,0,8422,0.0,45,0.0,0.0,0.0,0.0,0.0,0,0,0,0,0.0,0,0,0,0,0,0,0,0,0,0,0,0,0,0,0,0,0,0,0,0,0,0,0,0,0,0,0,0,0,0,0,0,0,38,14,7,45,65476,0,300,0,0,8,21553,0.0,-107605600.0,0.0,0.0,0.0,0.0,0.0,0.0,0.0,0.0,0.0,0.0,0.0,0.0,0.0,0.0,0.0,0.0,0.0,0.0,0.0,0.0,0.0,-2.004,-0.0,0.0,0.0,0.0,0.0,0.0,5072.0,0.0,0.0,0.0,-107615288.0,0.0,-0.0,0.0,0.0,0.0,0.0,53,2.3088403658719416e+20,0.0,0.0,0.0,0.0,0.0,0.0,0.0,0.0,0,0,0,0.0,0.0,0.0,0.0,0.0,0.0,0.0,0.0,0.0,0.0,0.0,0.0,0.0,0.0,0.0,0.0,0,-107875648.0,53,0.0,106,-107614832.0,-107350944.0,ERR,ERR,ERR,ERR,ERR,ERR,ERR,ERR,ERR,ERR,ERR,ERR,ERR,ERR,ERR,ERR,ERR,ERR,ERR,ERR,ERR,ERR,ERR,ERR,ERR,ERR,ERR,ERR,ERR,ERR,ERR,ERR,ERR,ERR,ERR,ERR,ERR,ERR,ERR,ERR,ERR,ERR,ERR,ERR,ERR,ERR,ERR,ERR,ERR,ERR,ERR,ERR,ERR,ERR,ERR,ERR,ERR,ERR,ERR,ERR,ERR,ERR,ERR,ERR,ERR,ERR,ERR,50.0,60.0,100,0.0,0.0,0.0,0.0,0.0,0.0,0.0,0.0,0.0,0.0,0.0,0.0,0.0,0.0,0.0,0.0,61.6,65,20,65521,50,65476,0,300,0,0,8,20529,65476,0,0,26214,60.0,0.0,0.0,0.0,0.0,0.0
2026-05-17T16:22:31,ERR,ERR,ERR,ERR,ERR,ERR,ERR,ERR,ERR,ERR,ERR,ERR,ERR,ERR,ERR,ERR,ERR,ERR,ERR,ERR,ERR,ERR,ERR,ERR,ERR,ERR,ERR,ERR,ERR,ERR,ERR,ERR,ERR,ERR,ERR,ERR,ERR,ERR,ERR,ERR,ERR,ERR,ERR,ERR,ERR,ERR,ERR,ERR,ERR,ERR,ERR,ERR,ERR,ERR,ERR,ERR,ERR,ERR,ERR,ERR,ERR,ERR,ERR,ERR,ERR,ERR,ERR,ERR,ERR,ERR,ERR,ERR,ERR,ERR,ERR,ERR,ERR,ERR,ERR,ERR,ERR,ERR,ERR,ERR,ERR,ERR,ERR,ERR,ERR,ERR,ERR,ERR,ERR,ERR,ERR,ERR,ERR,ERR,ERR,ERR,ERR,ERR,ERR,ERR,ERR,ERR,ERR,ERR,ERR,ERR,ERR,ERR,ERR,ERR,ERR,ERR,ERR,ERR,ERR,ERR,ERR,ERR,ERR,ERR,ERR,0.0,-107615288.0,-0.0,0.0,0.0,1.3936040501711995e+18,7.805,0.0,0,0,4,0,8422,0.0,45,0.0,0.0,0.0,0.0,0.0,0,0,0,0,0.0,0,0,0,0,0,0,0,0,0,0,0,0,0,0,0,0,0,0,0,0,0,0,0,0,0,0,0,0,0,0,0,0,0,38,14,7,45,65476,0,300,0,0,8,21553,0.0,-107605600.0,0.0,0.0,0.0,0.0,0.0,0.0,0.0,0.0,0.0,0.0,0.0,0.0,0.0,0.0,0.0,0.0,0.0,0.0,0.0,0.0,0.0,-2.004,-0.0,0.0,0.0,0.0,0.0,0.0,5072.0,0.0,0.0,0.0,-107615288.0,0.0,-0.0,0.0,0.0,0.0,0.0,53,2.3088403658719416e+20,0.0,0.0,0.0,0.0,0.0,0.0,0.0,0.0,0,0,0,0.0,0.0,0.0,0.0,0.0,0.0,0.0,0.0,0.0,0.0,0.0,0.0,0.0,0.0,0.0,0.0,0,-107875648.0,53,0.0,106,-107614832.0,-107350944.0,ERR,ERR,ERR,ERR,ERR,ERR,ERR,ERR,ERR,ERR,ERR,ERR,ERR,ERR,ERR,ERR,ERR,ERR,ERR,ERR,ERR,ERR,ERR,ERR,ERR,ERR,ERR,ERR,ERR,ERR,ERR,ERR,ERR,ERR,ERR,ERR,ERR,ERR,ERR,ERR,ERR,ERR,ERR,ERR,ERR,ERR,ERR,ERR,ERR,ERR,ERR,ERR,ERR,ERR,ERR,ERR,ERR,ERR,ERR,ERR,ERR,ERR,ERR,ERR,ERR,ERR,ERR,50.0,60.0,100,0.0,0.0,0.0,0.0,0.0,0.0,0.0,0.0,0.0,0.0,0.0,0.0,0.0,0.0,0.0,0.0,61.6,65,20,65521,50,65476,0,300,0,0,8,20529,65476,0,0,26214,60.0,0.0,0.0,0.0,0.0,0.0
2026-05-17T16:22:32,ERR,ERR,ERR,ERR,ERR,ERR,ERR,ERR,ERR,ERR,ERR,ERR,ERR,ERR,ERR,ERR,ERR,ERR,ERR,ERR,ERR,ERR,ERR,ERR,ERR,ERR,ERR,ERR,ERR,ERR,ERR,ERR,ERR,ERR,ERR,ERR,ERR,ERR,ERR,ERR,ERR,ERR,ERR,ERR,ERR,ERR,ERR,ERR,ERR,ERR,ERR,ERR,ERR,ERR,ERR,ERR,ERR,ERR,ERR,ERR,ERR,ERR,ERR,ERR,ERR,ERR,ERR,ERR,ERR,ERR,ERR,ERR,ERR,ERR,ERR,ERR,ERR,ERR,ERR,ERR,ERR,ERR,ERR,ERR,ERR,ERR,ERR,ERR,ERR,ERR,ERR,ERR,ERR,ERR,ERR,ERR,ERR,ERR,ERR,ERR,ERR,ERR,ERR,ERR,ERR,ERR,ERR,ERR,ERR,ERR,ERR,ERR,ERR,ERR,ERR,ERR,ERR,ERR,ERR,ERR,ERR,ERR,ERR,ERR,ERR,0.0,-107615288.0,-0.0,0.0,0.0,1.3936040501711995e+18,7.805,0.0,0,0,4,0,8422,0.0,45,0.0,0.0,0.0,0.0,0.0,0,0,0,0,0.0,0,0,0,0,0,0,0,0,0,0,0,0,0,0,0,0,0,0,0,0,0,0,0,0,0,0,0,0,0,0,0,0,0,38,14,7,45,65476,0,300,0,0,8,21553,0.0,-107605600.0,0.0,0.0,0.0,0.0,0.0,0.0,0.0,0.0,0.0,0.0,0.0,0.0,0.0,0.0,0.0,0.0,0.0,0.0,0.0,0.0,0.0,-2.004,-0.0,0.0,0.0,0.0,0.0,0.0,5072.0,0.0,0.0,0.0,-107615288.0,0.0,-0.0,0.0,0.0,0.0,0.0,53,2.3088403658719416e+20,0.0,0.0,0.0,0.0,0.0,0.0,0.0,0.0,0,0,0,0.0,0.0,0.0,0.0,0.0,0.0,0.0,0.0,0.0,0.0,0.0,0.0,0.0,0.0,0.0,0.0,0,-107875648.0,53,0.0,106,-107614832.0,-107350944.0,ERR,ERR,ERR,ERR,ERR,ERR,ERR,ERR,ERR,ERR,ERR,ERR,ERR,ERR,ERR,ERR,ERR,ERR,ERR,ERR,ERR,ERR,ERR,ERR,ERR,ERR,ERR,ERR,ERR,ERR,ERR,ERR,ERR,ERR,ERR,ERR,ERR,ERR,ERR,ERR,ERR,ERR,ERR,ERR,ERR,ERR,ERR,ERR,ERR,ERR,ERR,ERR,ERR,ERR,ERR,ERR,ERR,ERR,ERR,ERR,ERR,ERR,ERR,ERR,ERR,ERR,ERR,50.0,60.0,100,0.0,0.0,0.0,0.0,0.0,0.0,0.0,0.0,0.0,0.0,0.0,0.0,0.0,0.0,0.0,0.0,61.6,65,20,65521,50,65476,0,300,0,0,8,20529,65476,0,0,26214,60.0,0.0,0.0,0.0,0.0,0.0
2026-05-17T16:22:33,ERR,ERR,ERR,ERR,ERR,ERR,ERR,ERR,ERR,ERR,ERR,ERR,ERR,ERR,ERR,ERR,ERR,ERR,ERR,ERR,ERR,ERR,ERR,ERR,ERR,ERR,ERR,ERR,ERR,ERR,ERR,ERR,ERR,ERR,ERR,ERR,ERR,ERR,ERR,ERR,ERR,ERR,ERR,ERR,ERR,ERR,ERR,ERR,ERR,ERR,ERR,ERR,ERR,ERR,ERR,ERR,ERR,ERR,ERR,ERR,ERR,ERR,ERR,ERR,ERR,ERR,ERR,ERR,ERR,ERR,ERR,ERR,ERR,ERR,ERR,ERR,ERR,ERR,ERR,ERR,ERR,ERR,ERR,ERR,ERR,ERR,ERR,ERR,ERR,ERR,ERR,ERR,ERR,ERR,ERR,ERR,ERR,ERR,ERR,ERR,ERR,ERR,ERR,ERR,ERR,ERR,ERR,ERR,ERR,ERR,ERR,ERR,ERR,ERR,ERR,ERR,ERR,ERR,ERR,ERR,ERR,ERR,ERR,ERR,ERR,0.0,-107615288.0,-0.0,0.0,0.0,1.3936040501711995e+18,7.805,0.0,0,0,4,0,8422,0.0,45,0.0,0.0,0.0,0.0,0.0,0,0,0,0,0.0,0,0,0,0,0,0,0,0,0,0,0,0,0,0,0,0,0,0,0,0,0,0,0,0,0,0,0,0,0,0,0,0,0,38,14,7,45,65476,0,300,0,0,8,21553,0.0,-107605600.0,0.0,0.0,0.0,0.0,0.0,0.0,0.0,0.0,0.0,0.0,0.0,0.0,0.0,0.0,0.0,0.0,0.0,0.0,0.0,0.0,0.0,-2.004,-0.0,0.0,0.0,0.0,0.0,0.0,5072.0,0.0,0.0,0.0,-107615288.0,0.0,-0.0,0.0,0.0,0.0,0.0,53,2.3088403658719416e+20,0.0,0.0,0.0,0.0,0.0,0.0,0.0,0.0,0,0,0,0.0,0.0,0.0,0.0,0.0,0.0,0.0,0.0,0.0,0.0,0.0,0.0,0.0,0.0,0.0,0.0,0,-107875648.0,53,0.0,106,-107614832.0,-107350944.0,ERR,ERR,ERR,ERR,ERR,ERR,ERR,ERR,ERR,ERR,ERR,ERR,ERR,ERR,ERR,ERR,ERR,ERR,ERR,ERR,ERR,ERR,ERR,ERR,ERR,ERR,ERR,ERR,ERR,ERR,ERR,ERR,ERR,ERR,ERR,ERR,ERR,ERR,ERR,ERR,ERR,ERR,ERR,ERR,ERR,ERR,ERR,ERR,ERR,ERR,ERR,ERR,ERR,ERR,ERR,ERR,ERR,ERR,ERR,ERR,ERR,ERR,ERR,ERR,ERR,ERR,ERR,50.0,60.0,100,0.0,0.0,0.0,0.0,0.0,0.0,0.0,0.0,0.0,0.0,0.0,0.0,0.0,0.0,0.0,0.0,61.6,65,20,65521,50,65476,0,300,0,0,8,20529,65476,0,0,26214,60.0,0.0,0.0,0.0,0.0,0.0
2026-05-17T16:22:34,ERR,ERR,ERR,ERR,ERR,ERR,ERR,ERR,ERR,ERR,ERR,ERR,ERR,ERR,ERR,ERR,ERR,ERR,ERR,ERR,ERR,ERR,ERR,ERR,ERR,ERR,ERR,ERR,ERR,ERR,ERR,ERR,ERR,ERR,ERR,ERR,ERR,ERR,ERR,ERR,ERR,ERR,ERR,ERR,ERR,ERR,ERR,ERR,ERR,ERR,ERR,ERR,ERR,ERR,ERR,ERR,ERR,ERR,ERR,ERR,ERR,ERR,ERR,ERR,ERR,ERR,ERR,ERR,ERR,ERR,ERR,ERR,ERR,ERR,ERR,ERR,ERR,ERR,ERR,ERR,ERR,ERR,ERR,ERR,ERR,ERR,ERR,ERR,ERR,ERR,ERR,ERR,ERR,ERR,ERR,ERR,ERR,ERR,ERR,ERR,ERR,ERR,ERR,ERR,ERR,ERR,ERR,ERR,ERR,ERR,ERR,ERR,ERR,ERR,ERR,ERR,ERR,ERR,ERR,ERR,ERR,ERR,ERR,ERR,ERR,0.0,-107615288.0,-0.0,0.0,0.0,1.3936040501711995e+18,7.805,0.0,0,0,4,0,8422,0.0,45,0.0,0.0,0.0,0.0,0.0,0,0,0,0,0.0,0,0,0,0,0,0,0,0,0,0,0,0,0,0,0,0,0,0,0,0,0,0,0,0,0,0,0,0,0,0,0,0,0,38,14,7,45,65476,0,300,0,0,8,21553,0.0,-107605600.0,0.0,0.0,0.0,0.0,0.0,0.0,0.0,0.0,0.0,0.0,0.0,0.0,0.0,0.0,0.0,0.0,0.0,0.0,0.0,0.0,0.0,-2.004,-0.0,0.0,0.0,0.0,0.0,0.0,5072.0,0.0,0.0,0.0,-107615288.0,0.0,-0.0,0.0,0.0,0.0,0.0,53,2.3088403658719416e+20,0.0,0.0,0.0,0.0,0.0,0.0,0.0,0.0,0,0,0,0.0,0.0,0.0,0.0,0.0,0.0,0.0,0.0,0.0,0.0,0.0,0.0,0.0,0.0,0.0,0.0,0,-107875648.0,53,0.0,106,-107614832.0,-107350944.0,ERR,ERR,ERR,ERR,ERR,ERR,ERR,ERR,ERR,ERR,ERR,ERR,ERR,ERR,ERR,ERR,ERR,ERR,ERR,ERR,ERR,ERR,ERR,ERR,ERR,ERR,ERR,ERR,ERR,ERR,ERR,ERR,ERR,ERR,ERR,ERR,ERR,ERR,ERR,ERR,ERR,ERR,ERR,ERR,ERR,ERR,ERR,ERR,ERR,ERR,ERR,ERR,ERR,ERR,ERR,ERR,ERR,ERR,ERR,ERR,ERR,ERR,ERR,ERR,ERR,ERR,ERR,50.0,60.0,100,0.0,0.0,0.0,0.0,0.0,0.0,0.0,0.0,0.0,0.0,0.0,0.0,0.0,0.0,0.0,0.0,61.6,65,20,65521,50,65476,0,300,0,0,8,20529,65476,0,0,26214,60.0,0.0,0.0,0.0,0.0,0.0
2026-05-17T16:22:35,ERR,ERR,ERR,ERR,ERR,ERR,ERR,ERR,ERR,ERR,ERR,ERR,ERR,ERR,ERR,ERR,ERR,ERR,ERR,ERR,ERR,ERR,ERR,ERR,ERR,ERR,ERR,ERR,ERR,ERR,ERR,ERR,ERR,ERR,ERR,ERR,ERR,ERR,ERR,ERR,ERR,ERR,ERR,ERR,ERR,ERR,ERR,ERR,ERR,ERR,ERR,ERR,ERR,ERR,ERR,ERR,ERR,ERR,ERR,ERR,ERR,ERR,ERR,ERR,ERR,ERR,ERR,ERR,ERR,ERR,ERR,ERR,ERR,ERR,ERR,ERR,ERR,ERR,ERR,ERR,ERR,ERR,ERR,ERR,ERR,ERR,ERR,ERR,ERR,ERR,ERR,ERR,ERR,ERR,ERR,ERR,ERR,ERR,ERR,ERR,ERR,ERR,ERR,ERR,ERR,ERR,ERR,ERR,ERR,ERR,ERR,ERR,ERR,ERR,ERR,ERR,ERR,ERR,ERR,ERR,ERR,ERR,ERR,ERR,ERR,0.0,-107615288.0,-0.0,0.0,0.0,1.3936040501711995e+18,7.805,0.0,0,0,4,0,8422,0.0,45,0.0,0.0,0.0,0.0,0.0,0,0,0,0,0.0,0,0,0,0,0,0,0,0,0,0,0,0,0,0,0,0,0,0,0,0,0,0,0,0,0,0,0,0,0,0,0,0,0,38,14,7,45,65476,0,300,0,0,8,21553,0.0,-107605600.0,0.0,0.0,0.0,0.0,0.0,0.0,0.0,0.0,0.0,0.0,0.0,0.0,0.0,0.0,0.0,0.0,0.0,0.0,0.0,0.0,0.0,-2.004,-0.0,0.0,0.0,0.0,0.0,0.0,5006.0,-1.5879293531142762e+29,0.0,0.0,-107615288.0,0.0,-0.0,0.0,0.0,0.0,0.0,53,1.9056979486756045e+17,-0.0,0.0,0.0,0.0,0.0,0.0,0.0,0.0,0,0,0,0.0,0.0,0.0,0.0,0.0,0.0,0.0,0.0,0.0,0.0,0.0,0.0,0.0,0.0,0.0,0.0,0,-107875648.0,53,0.0,106,-107614832.0,-107350944.0,ERR,ERR,ERR,ERR,ERR,ERR,ERR,ERR,ERR,ERR,ERR,ERR,ERR,ERR,ERR,ERR,ERR,ERR,ERR,ERR,ERR,ERR,ERR,ERR,ERR,ERR,ERR,ERR,ERR,ERR,ERR,ERR,ERR,ERR,ERR,ERR,ERR,ERR,ERR,ERR,ERR,ERR,ERR,ERR,ERR,ERR,ERR,ERR,ERR,ERR,ERR,ERR,ERR,ERR,ERR,ERR,ERR,ERR,ERR,ERR,ERR,ERR,ERR,ERR,ERR,ERR,ERR,50.0,60.0,100,0.0,0.0,0.0,0.0,0.0,0.0,0.0,0.0,0.0,0.0,0.0,0.0,0.0,0.0,0.0,0.0,61.6,65,20,65521,50,65476,0,300,0,0,8,20529,65476,0,0,26214,60.0,0.0,0.0,0.0,0.0,0.0
2026-05-17T16:22:36,ERR,ERR,ERR,ERR,ERR,ERR,ERR,ERR,ERR,ERR,ERR,ERR,ERR,ERR,ERR,ERR,ERR,ERR,ERR,ERR,ERR,ERR,ERR,ERR,ERR,ERR,ERR,ERR,ERR,ERR,ERR,ERR,ERR,ERR,ERR,ERR,ERR,ERR,ERR,ERR,ERR,ERR,ERR,ERR,ERR,ERR,ERR,ERR,ERR,ERR,ERR,ERR,ERR,ERR,ERR,ERR,ERR,ERR,ERR,ERR,ERR,ERR,ERR,ERR,ERR,ERR,ERR,ERR,ERR,ERR,ERR,ERR,ERR,ERR,ERR,ERR,ERR,ERR,ERR,ERR,ERR,ERR,ERR,ERR,ERR,ERR,ERR,ERR,ERR,ERR,ERR,ERR,ERR,ERR,ERR,ERR,ERR,ERR,ERR,ERR,ERR,ERR,ERR,ERR,ERR,ERR,ERR,ERR,ERR,ERR,ERR,ERR,ERR,ERR,ERR,ERR,ERR,ERR,ERR,ERR,ERR,ERR,ERR,ERR,ERR,0.0,-107615288.0,-0.0,0.0,0.0,1.3936040501711995e+18,7.805,0.0,0,0,4,0,8422,0.0,45,0.0,0.0,0.0,0.0,0.0,0,0,0,0,0.0,0,0,0,0,0,0,0,0,0,0,0,0,0,0,0,0,0,0,0,0,0,0,0,0,0,0,0,0,0,0,0,0,0,38,14,7,45,65476,0,300,0,0,8,21553,0.0,-107605600.0,0.0,0.0,0.0,0.0,0.0,0.0,0.0,0.0,0.0,0.0,0.0,0.0,0.0,0.0,0.0,0.0,0.0,0.0,0.0,0.0,0.0,-2.004,-0.0,0.0,0.0,0.0,0.0,0.0,5006.0,-1.5879293531142762e+29,0.0,0.0,-107615288.0,0.0,-0.0,0.0,0.0,0.0,0.0,53,1.9056979486756045e+17,-0.0,0.0,0.0,0.0,0.0,0.0,0.0,0.0,0,0,0,0.0,0.0,0.0,0.0,0.0,0.0,0.0,0.0,0.0,0.0,0.0,0.0,0.0,0.0,0.0,0.0,0,-107875648.0,53,0.0,106,-107614832.0,-107350944.0,ERR,ERR,ERR,ERR,ERR,ERR,ERR,ERR,ERR,ERR,ERR,ERR,ERR,ERR,ERR,ERR,ERR,ERR,ERR,ERR,ERR,ERR,ERR,ERR,ERR,ERR,ERR,ERR,ERR,ERR,ERR,ERR,ERR,ERR,ERR,ERR,ERR,ERR,ERR,ERR,ERR,ERR,ERR,ERR,ERR,ERR,ERR,ERR,ERR,ERR,ERR,ERR,ERR,ERR,ERR,ERR,ERR,ERR,ERR,ERR,ERR,ERR,ERR,ERR,ERR,ERR,ERR,50.0,60.0,100,0.0,0.0,0.0,0.0,0.0,0.0,0.0,0.0,0.0,0.0,0.0,0.0,0.0,0.0,0.0,0.0,61.6,65,20,65521,50,65476,0,300,0,0,8,20529,65476,0,0,26214,60.0,0.0,0.0,0.0,0.0,0.0
2026-05-17T16:22:37,ERR,ERR,ERR,ERR,ERR,ERR,ERR,ERR,ERR,ERR,ERR,ERR,ERR,ERR,ERR,ERR,ERR,ERR,ERR,ERR,ERR,ERR,ERR,ERR,ERR,ERR,ERR,ERR,ERR,ERR,ERR,ERR,ERR,ERR,ERR,ERR,ERR,ERR,ERR,ERR,ERR,ERR,ERR,ERR,ERR,ERR,ERR,ERR,ERR,ERR,ERR,ERR,ERR,ERR,ERR,ERR,ERR,ERR,ERR,ERR,ERR,ERR,ERR,ERR,ERR,ERR,ERR,ERR,ERR,ERR,ERR,ERR,ERR,ERR,ERR,ERR,ERR,ERR,ERR,ERR,ERR,ERR,ERR,ERR,ERR,ERR,ERR,ERR,ERR,ERR,ERR,ERR,ERR,ERR,ERR,ERR,ERR,ERR,ERR,ERR,ERR,ERR,ERR,ERR,ERR,ERR,ERR,ERR,ERR,ERR,ERR,ERR,ERR,ERR,ERR,ERR,ERR,ERR,ERR,ERR,ERR,ERR,ERR,ERR,ERR,0.0,-107615288.0,-0.0,0.0,0.0,1.3936040501711995e+18,7.805,0.0,0,0,4,0,8422,0.0,45,0.0,0.0,0.0,0.0,0.0,0,0,0,0,0.0,0,0,0,0,0,0,0,0,0,0,0,0,0,0,0,0,0,0,0,0,0,0,0,0,0,0,0,0,0,0,0,0,0,38,14,7,45,65476,0,300,0,0,8,21553,0.0,-107605600.0,0.0,0.0,0.0,0.0,0.0,0.0,0.0,0.0,0.0,0.0,0.0,0.0,0.0,0.0,0.0,0.0,0.0,0.0,0.0,0.0,0.0,-2.004,-0.0,0.0,0.0,0.0,0.0,0.0,5006.0,-1.5879293531142762e+29,0.0,0.0,-107615288.0,0.0,-0.0,0.0,0.0,0.0,0.0,53,1.9056979486756045e+17,-0.0,0.0,0.0,0.0,0.0,0.0,0.0,0.0,0,0,0,0.0,0.0,0.0,0.0,0.0,0.0,0.0,0.0,0.0,0.0,0.0,0.0,0.0,0.0,0.0,0.0,0,-107875648.0,53,0.0,106,-107614832.0,-107350944.0,ERR,ERR,ERR,ERR,ERR,ERR,ERR,ERR,ERR,ERR,ERR,ERR,ERR,ERR,ERR,ERR,ERR,ERR,ERR,ERR,ERR,ERR,ERR,ERR,ERR,ERR,ERR,ERR,ERR,ERR,ERR,ERR,ERR,ERR,ERR,ERR,ERR,ERR,ERR,ERR,ERR,ERR,ERR,ERR,ERR,ERR,ERR,ERR,ERR,ERR,ERR,ERR,ERR,ERR,ERR,ERR,ERR,ERR,ERR,ERR,ERR,ERR,ERR,ERR,ERR,ERR,ERR,50.0,60.0,100,0.0,0.0,0.0,0.0,0.0,0.0,0.0,0.0,0.0,0.0,0.0,0.0,0.0,0.0,0.0,0.0,61.6,65,20,65521,50,65476,0,300,0,0,8,20529,65476,0,0,26214,60.0,0.0,0.0,0.0,0.0,0.0
2026-05-17T16:22:38,ERR,ERR,ERR,ERR,ERR,ERR,ERR,ERR,ERR,ERR,ERR,ERR,ERR,ERR,ERR,ERR,ERR,ERR,ERR,ERR,ERR,ERR,ERR,ERR,ERR,ERR,ERR,ERR,ERR,ERR,ERR,ERR,ERR,ERR,ERR,ERR,ERR,ERR,ERR,ERR,ERR,ERR,ERR,ERR,ERR,ERR,ERR,ERR,ERR,ERR,ERR,ERR,ERR,ERR,ERR,ERR,ERR,ERR,ERR,ERR,ERR,ERR,ERR,ERR,ERR,ERR,ERR,ERR,ERR,ERR,ERR,ERR,ERR,ERR,ERR,ERR,ERR,ERR,ERR,ERR,ERR,ERR,ERR,ERR,ERR,ERR,ERR,ERR,ERR,ERR,ERR,ERR,ERR,ERR,ERR,ERR,ERR,ERR,ERR,ERR,ERR,ERR,ERR,ERR,ERR,ERR,ERR,ERR,ERR,ERR,ERR,ERR,ERR,ERR,ERR,ERR,ERR,ERR,ERR,ERR,ERR,ERR,ERR,ERR,ERR,0.0,-107615288.0,-0.0,0.0,0.0,1.3936040501711995e+18,7.805,0.0,0,0,4,0,8422,0.0,45,0.0,0.0,0.0,0.0,0.0,0,0,0,0,0.0,0,0,0,0,0,0,0,0,0,0,0,0,0,0,0,0,0,0,0,0,0,0,0,0,0,0,0,0,0,0,0,0,0,38,14,7,45,65476,0,300,0,0,8,21553,0.0,-107605600.0,0.0,0.0,0.0,0.0,0.0,0.0,0.0,0.0,0.0,0.0,0.0,0.0,0.0,0.0,0.0,0.0,0.0,0.0,0.0,0.0,0.0,-2.004,-0.0,0.0,0.0,0.0,0.0,0.0,5006.0,-1.5879293531142762e+29,0.0,0.0,-107615288.0,0.0,-0.0,0.0,0.0,0.0,0.0,53,1.9056979486756045e+17,-0.0,0.0,0.0,0.0,0.0,0.0,0.0,0.0,0,0,0,0.0,0.0,0.0,0.0,0.0,0.0,0.0,0.0,0.0,0.0,0.0,0.0,0.0,0.0,0.0,0.0,0,-107875648.0,53,0.0,106,-107614832.0,-107350944.0,ERR,ERR,ERR,ERR,ERR,ERR,ERR,ERR,ERR,ERR,ERR,ERR,ERR,ERR,ERR,ERR,ERR,ERR,ERR,ERR,ERR,ERR,ERR,ERR,ERR,ERR,ERR,ERR,ERR,ERR,ERR,ERR,ERR,ERR,ERR,ERR,ERR,ERR,ERR,ERR,ERR,ERR,ERR,ERR,ERR,ERR,ERR,ERR,ERR,ERR,ERR,ERR,ERR,ERR,ERR,ERR,ERR,ERR,ERR,ERR,ERR,ERR,ERR,ERR,ERR,ERR,ERR,50.0,60.0,100,0.0,0.0,0.0,0.0,0.0,0.0,0.0,0.0,0.0,0.0,0.0,0.0,0.0,0.0,0.0,0.0,61.6,65,20,65521,50,65476,0,300,0,0,8,20529,65476,0,0,26214,60.0,0.0,0.0,0.0,0.0,0.0
2026-05-17T16:22:39,ERR,ERR,ERR,ERR,ERR,ERR,ERR,ERR,ERR,ERR,ERR,ERR,ERR,ERR,ERR,ERR,ERR,ERR,ERR,ERR,ERR,ERR,ERR,ERR,ERR,ERR,ERR,ERR,ERR,ERR,ERR,ERR,ERR,ERR,ERR,ERR,ERR,ERR,ERR,ERR,ERR,ERR,ERR,ERR,ERR,ERR,ERR,ERR,ERR,ERR,ERR,ERR,ERR,ERR,ERR,ERR,ERR,ERR,ERR,ERR,ERR,ERR,ERR,ERR,ERR,ERR,ERR,ERR,ERR,ERR,ERR,ERR,ERR,ERR,ERR,ERR,ERR,ERR,ERR,ERR,ERR,ERR,ERR,ERR,ERR,ERR,ERR,ERR,ERR,ERR,ERR,ERR,ERR,ERR,ERR,ERR,ERR,ERR,ERR,ERR,ERR,ERR,ERR,ERR,ERR,ERR,ERR,ERR,ERR,ERR,ERR,ERR,ERR,ERR,ERR,ERR,ERR,ERR,ERR,ERR,ERR,ERR,ERR,ERR,ERR,0.0,-107615288.0,-0.0,0.0,0.0,1.3936040501711995e+18,7.805,0.0,0,0,4,0,8422,0.0,45,0.0,0.0,0.0,0.0,0.0,0,0,0,0,0.0,0,0,0,0,0,0,0,0,0,0,0,0,0,0,0,0,0,0,0,0,0,0,0,0,0,0,0,0,0,0,0,0,0,38,14,7,45,65476,0,300,0,0,8,21553,0.0,-107605600.0,0.0,0.0,0.0,0.0,0.0,0.0,0.0,0.0,0.0,0.0,0.0,0.0,0.0,0.0,0.0,0.0,0.0,0.0,0.0,0.0,0.0,-2.004,-0.0,0.0,0.0,0.0,0.0,0.0,5006.0,-1.5879293531142762e+29,0.0,0.0,-107615288.0,0.0,-0.0,0.0,0.0,0.0,0.0,53,1.9056979486756045e+17,-0.0,0.0,0.0,0.0,0.0,0.0,0.0,0.0,0,0,0,0.0,0.0,0.0,0.0,0.0,0.0,0.0,0.0,0.0,0.0,0.0,0.0,0.0,0.0,0.0,0.0,0,-107875648.0,53,0.0,106,-107614832.0,-107350944.0,ERR,ERR,ERR,ERR,ERR,ERR,ERR,ERR,ERR,ERR,ERR,ERR,ERR,ERR,ERR,ERR,ERR,ERR,ERR,ERR,ERR,ERR,ERR,ERR,ERR,ERR,ERR,ERR,ERR,ERR,ERR,ERR,ERR,ERR,ERR,ERR,ERR,ERR,ERR,ERR,ERR,ERR,ERR,ERR,ERR,ERR,ERR,ERR,ERR,ERR,ERR,ERR,ERR,ERR,ERR,ERR,ERR,ERR,ERR,ERR,ERR,ERR,ERR,ERR,ERR,ERR,ERR,50.0,60.0,100,0.0,0.0,0.0,0.0,0.0,0.0,0.0,0.0,0.0,0.0,0.0,0.0,0.0,0.0,0.0,0.0,62.0,65,20,65521,50,65476,0,300,0,0,8,20529,65476,0,0,26214,60.0,0.0,0.0,0.0,0.0,0.0
2026-05-17T16:22:40,ERR,ERR,ERR,ERR,ERR,ERR,ERR,ERR,ERR,ERR,ERR,ERR,ERR,ERR,ERR,ERR,ERR,ERR,ERR,ERR,ERR,ERR,ERR,ERR,ERR,ERR,ERR,ERR,ERR,ERR,ERR,ERR,ERR,ERR,ERR,ERR,ERR,ERR,ERR,ERR,ERR,ERR,ERR,ERR,ERR,ERR,ERR,ERR,ERR,ERR,ERR,ERR,ERR,ERR,ERR,ERR,ERR,ERR,ERR,ERR,ERR,ERR,ERR,ERR,ERR,ERR,ERR,ERR,ERR,ERR,ERR,ERR,ERR,ERR,ERR,ERR,ERR,ERR,ERR,ERR,ERR,ERR,ERR,ERR,ERR,ERR,ERR,ERR,ERR,ERR,ERR,ERR,ERR,ERR,ERR,ERR,ERR,ERR,ERR,ERR,ERR,ERR,ERR,ERR,ERR,ERR,ERR,ERR,ERR,ERR,ERR,ERR,ERR,ERR,ERR,ERR,ERR,ERR,ERR,ERR,ERR,ERR,ERR,ERR,ERR,0.0,-107615288.0,-0.0,0.0,0.0,1.3936040501711995e+18,7.805,0.0,0,0,4,0,8422,0.0,45,0.0,0.0,0.0,0.0,0.0,0,0,0,0,0.0,0,0,0,0,0,0,0,0,0,0,0,0,0,0,0,0,0,0,0,0,0,0,0,0,0,0,0,0,0,0,0,0,0,38,14,7,45,65476,0,300,0,0,8,21553,0.0,-107605600.0,0.0,0.0,0.0,0.0,0.0,0.0,0.0,0.0,0.0,0.0,0.0,0.0,0.0,0.0,0.0,0.0,0.0,0.0,0.0,0.0,-2.004,-2.004,-0.0,0.0,0.0,0.0,0.0,0.0,5004.0,-0.0,0.0,0.0,-107615288.0,0.0,-0.0,0.0,0.0,0.0,0.0,53,107615344.0,89220.562,0.0,0.0,0.0,0.0,0.0,0.0,0.0,0,0,0,0.0,0.0,0.0,0.0,0.0,0.0,0.0,0.0,0.0,0.0,0.0,0.0,0.0,0.0,0.0,0.0,0,-107875648.0,53,0.0,106,-107614832.0,-107350944.0,ERR,ERR,ERR,ERR,ERR,ERR,ERR,ERR,ERR,ERR,ERR,ERR,ERR,ERR,ERR,ERR,ERR,ERR,ERR,ERR,ERR,ERR,ERR,ERR,ERR,ERR,ERR,ERR,ERR,ERR,ERR,ERR,ERR,ERR,ERR,ERR,ERR,ERR,ERR,ERR,ERR,ERR,ERR,ERR,ERR,ERR,ERR,ERR,ERR,ERR,ERR,ERR,ERR,ERR,ERR,ERR,ERR,ERR,ERR,ERR,ERR,ERR,ERR,ERR,ERR,ERR,ERR,50.0,60.0,100,0.0,0.0,0.0,0.0,0.0,0.0,0.0,0.0,0.0,0.0,0.0,0.0,0.0,0.0,0.0,0.0,62.0,65,20,65521,50,65476,0,300,0,0,8,20529,65476,0,0,26214,60.0,0.0,0.0,0.0,0.0,0.0
2026-05-17T16:22:41,ERR,ERR,ERR,ERR,ERR,ERR,ERR,ERR,ERR,ERR,ERR,ERR,ERR,ERR,ERR,ERR,ERR,ERR,ERR,ERR,ERR,ERR,ERR,ERR,ERR,ERR,ERR,ERR,ERR,ERR,ERR,ERR,ERR,ERR,ERR,ERR,ERR,ERR,ERR,ERR,ERR,ERR,ERR,ERR,ERR,ERR,ERR,ERR,ERR,ERR,ERR,ERR,ERR,ERR,ERR,ERR,ERR,ERR,ERR,ERR,ERR,ERR,ERR,ERR,ERR,ERR,ERR,ERR,ERR,ERR,ERR,ERR,ERR,ERR,ERR,ERR,ERR,ERR,ERR,ERR,ERR,ERR,ERR,ERR,ERR,ERR,ERR,ERR,ERR,ERR,ERR,ERR,ERR,ERR,ERR,ERR,ERR,ERR,ERR,ERR,ERR,ERR,ERR,ERR,ERR,ERR,ERR,ERR,ERR,ERR,ERR,ERR,ERR,ERR,ERR,ERR,ERR,ERR,ERR,ERR,ERR,ERR,ERR,ERR,ERR,0.0,-107615288.0,-0.0,0.0,0.0,1.3936040501711995e+18,7.805,0.0,0,0,4,0,8422,0.0,45,0.0,0.0,0.0,0.0,0.0,0,0,0,0,0.0,0,0,0,0,0,0,0,0,0,0,0,0,0,0,0,0,0,0,0,0,0,0,0,0,0,0,0,0,0,0,0,0,0,38,14,7,45,65476,0,300,0,0,8,21553,0.0,-107605600.0,0.0,0.0,0.0,0.0,0.0,0.0,0.0,0.0,0.0,0.0,0.0,0.0,0.0,0.0,0.0,0.0,0.0,0.0,0.0,0.0,-2.004,-2.004,-0.0,0.0,0.0,0.0,0.0,0.0,5004.0,-0.0,0.0,0.0,-107615288.0,0.0,-0.0,0.0,0.0,0.0,0.0,53,107615344.0,89220.562,0.0,0.0,0.0,0.0,0.0,0.0,0.0,0,0,0,0.0,0.0,0.0,0.0,0.0,0.0,0.0,0.0,0.0,0.0,0.0,0.0,0.0,0.0,0.0,0.0,0,-107875648.0,53,0.0,106,-107614832.0,-107350944.0,ERR,ERR,ERR,ERR,ERR,ERR,ERR,ERR,ERR,ERR,ERR,ERR,ERR,ERR,ERR,ERR,ERR,ERR,ERR,ERR,ERR,ERR,ERR,ERR,ERR,ERR,ERR,ERR,ERR,ERR,ERR,ERR,ERR,ERR,ERR,ERR,ERR,ERR,ERR,ERR,ERR,ERR,ERR,ERR,ERR,ERR,ERR,ERR,ERR,ERR,ERR,ERR,ERR,ERR,ERR,ERR,ERR,ERR,ERR,ERR,ERR,ERR,ERR,ERR,ERR,ERR,ERR,50.0,60.0,100,0.0,0.0,0.0,0.0,0.0,0.0,0.0,0.0,0.0,0.0,0.0,0.0,0.0,0.0,0.0,0.0,61.6,65,20,65521,50,65476,0,300,0,0,8,20529,65476,0,0,26214,60.0,0.0,0.0,0.0,0.0,0.0
2026-05-17T16:22:42,ERR,ERR,ERR,ERR,ERR,ERR,ERR,ERR,ERR,ERR,ERR,ERR,ERR,ERR,ERR,ERR,ERR,ERR,ERR,ERR,ERR,ERR,ERR,ERR,ERR,ERR,ERR,ERR,ERR,ERR,ERR,ERR,ERR,ERR,ERR,ERR,ERR,ERR,ERR,ERR,ERR,ERR,ERR,ERR,ERR,ERR,ERR,ERR,ERR,ERR,ERR,ERR,ERR,ERR,ERR,ERR,ERR,ERR,ERR,ERR,ERR,ERR,ERR,ERR,ERR,ERR,ERR,ERR,ERR,ERR,ERR,ERR,ERR,ERR,ERR,ERR,ERR,ERR,ERR,ERR,ERR,ERR,ERR,ERR,ERR,ERR,ERR,ERR,ERR,ERR,ERR,ERR,ERR,ERR,ERR,ERR,ERR,ERR,ERR,ERR,ERR,ERR,ERR,ERR,ERR,ERR,ERR,ERR,ERR,ERR,ERR,ERR,ERR,ERR,ERR,ERR,ERR,ERR,ERR,ERR,ERR,ERR,ERR,ERR,ERR,0.0,-107615288.0,-0.0,0.0,0.0,1.3936040501711995e+18,7.805,0.0,0,0,4,0,8422,0.0,45,0.0,0.0,0.0,0.0,0.0,0,0,0,0,0.0,0,0,0,0,0,0,0,0,0,0,0,0,0,0,0,0,0,0,0,0,0,0,0,0,0,0,0,0,0,0,0,0,0,38,14,7,45,65476,0,300,0,0,8,21553,0.0,-107605600.0,0.0,0.0,0.0,0.0,0.0,0.0,0.0,0.0,0.0,0.0,0.0,0.0,0.0,0.0,0.0,0.0,0.0,0.0,0.0,0.0,-2.004,-2.004,-0.0,0.0,0.0,0.0,0.0,0.0,5004.0,-0.0,0.0,0.0,-107615288.0,0.0,-0.0,0.0,0.0,0.0,0.0,53,107615344.0,89220.562,0.0,0.0,0.0,0.0,0.0,0.0,0.0,0,0,0,0.0,0.0,0.0,0.0,0.0,0.0,0.0,0.0,0.0,0.0,0.0,0.0,0.0,0.0,0.0,0.0,0,-107875648.0,53,0.0,106,-107614832.0,-107350944.0,ERR,ERR,ERR,ERR,ERR,ERR,ERR,ERR,ERR,ERR,ERR,ERR,ERR,ERR,ERR,ERR,ERR,ERR,ERR,ERR,ERR,ERR,ERR,ERR,ERR,ERR,ERR,ERR,ERR,ERR,ERR,ERR,ERR,ERR,ERR,ERR,ERR,ERR,ERR,ERR,ERR,ERR,ERR,ERR,ERR,ERR,ERR,ERR,ERR,ERR,ERR,ERR,ERR,ERR,ERR,ERR,ERR,ERR,ERR,ERR,ERR,ERR,ERR,ERR,ERR,ERR,ERR,50.0,60.0,100,0.0,0.0,0.0,0.0,0.0,0.0,0.0,0.0,0.0,0.0,0.0,0.0,0.0,0.0,0.0,0.0,61.6,65,20,65521,50,65476,0,300,0,0,8,20529,65476,0,0,26214,60.0,0.0,0.0,0.0,0.0,0.0
2026-05-17T16:22:43,ERR,ERR,ERR,ERR,ERR,ERR,ERR,ERR,ERR,ERR,ERR,ERR,ERR,ERR,ERR,ERR,ERR,ERR,ERR,ERR,ERR,ERR,ERR,ERR,ERR,ERR,ERR,ERR,ERR,ERR,ERR,ERR,ERR,ERR,ERR,ERR,ERR,ERR,ERR,ERR,ERR,ERR,ERR,ERR,ERR,ERR,ERR,ERR,ERR,ERR,ERR,ERR,ERR,ERR,ERR,ERR,ERR,ERR,ERR,ERR,ERR,ERR,ERR,ERR,ERR,ERR,ERR,ERR,ERR,ERR,ERR,ERR,ERR,ERR,ERR,ERR,ERR,ERR,ERR,ERR,ERR,ERR,ERR,ERR,ERR,ERR,ERR,ERR,ERR,ERR,ERR,ERR,ERR,ERR,ERR,ERR,ERR,ERR,ERR,ERR,ERR,ERR,ERR,ERR,ERR,ERR,ERR,ERR,ERR,ERR,ERR,ERR,ERR,ERR,ERR,ERR,ERR,ERR,ERR,ERR,ERR,ERR,ERR,ERR,ERR,0.0,-107615288.0,-0.0,0.0,0.0,1.3936040501711995e+18,7.805,0.0,0,0,4,0,8422,0.0,45,0.0,0.0,0.0,0.0,0.0,0,0,0,0,0.0,0,0,0,0,0,0,0,0,0,0,0,0,0,0,0,0,0,0,0,0,0,0,0,0,0,0,0,0,0,0,0,0,0,38,14,7,45,65476,0,300,0,0,8,21553,0.0,-107605600.0,0.0,0.0,0.0,0.0,0.0,0.0,0.0,0.0,0.0,0.0,0.0,0.0,0.0,0.0,0.0,0.0,0.0,0.0,0.0,0.0,-2.004,-2.004,-0.0,0.0,0.0,0.0,0.0,0.0,5004.0,-0.0,0.0,0.0,-107615288.0,0.0,-0.0,0.0,0.0,0.0,0.0,53,107615344.0,89220.562,0.0,0.0,0.0,0.0,0.0,0.0,0.0,0,0,0,0.0,0.0,0.0,0.0,0.0,0.0,0.0,0.0,0.0,0.0,0.0,0.0,0.0,0.0,0.0,0.0,0,-107875648.0,53,0.0,106,-107614832.0,-107350944.0,ERR,ERR,ERR,ERR,ERR,ERR,ERR,ERR,ERR,ERR,ERR,ERR,ERR,ERR,ERR,ERR,ERR,ERR,ERR,ERR,ERR,ERR,ERR,ERR,ERR,ERR,ERR,ERR,ERR,ERR,ERR,ERR,ERR,ERR,ERR,ERR,ERR,ERR,ERR,ERR,ERR,ERR,ERR,ERR,ERR,ERR,ERR,ERR,ERR,ERR,ERR,ERR,ERR,ERR,ERR,ERR,ERR,ERR,ERR,ERR,ERR,ERR,ERR,ERR,ERR,ERR,ERR,50.0,60.0,100,0.0,0.0,0.0,0.0,0.0,0.0,0.0,0.0,0.0,0.0,0.0,0.0,0.0,0.0,0.0,0.0,62.0,65,20,65521,50,65476,0,300,0,0,8,20529,65476,0,0,26214,60.0,0.0,0.0,0.0,0.0,0.0
2026-05-17T16:22:44,ERR,ERR,ERR,ERR,ERR,ERR,ERR,ERR,ERR,ERR,ERR,ERR,ERR,ERR,ERR,ERR,ERR,ERR,ERR,ERR,ERR,ERR,ERR,ERR,ERR,ERR,ERR,ERR,ERR,ERR,ERR,ERR,ERR,ERR,ERR,ERR,ERR,ERR,ERR,ERR,ERR,ERR,ERR,ERR,ERR,ERR,ERR,ERR,ERR,ERR,ERR,ERR,ERR,ERR,ERR,ERR,ERR,ERR,ERR,ERR,ERR,ERR,ERR,ERR,ERR,ERR,ERR,ERR,ERR,ERR,ERR,ERR,ERR,ERR,ERR,ERR,ERR,ERR,ERR,ERR,ERR,ERR,ERR,ERR,ERR,ERR,ERR,ERR,ERR,ERR,ERR,ERR,ERR,ERR,ERR,ERR,ERR,ERR,ERR,ERR,ERR,ERR,ERR,ERR,ERR,ERR,ERR,ERR,ERR,ERR,ERR,ERR,ERR,ERR,ERR,ERR,ERR,ERR,ERR,ERR,ERR,ERR,ERR,ERR,ERR,0.0,-107615288.0,-0.0,0.0,0.0,1.3936040501711995e+18,7.805,0.0,0,0,4,0,8422,0.0,45,0.0,0.0,0.0,0.0,0.0,0,0,0,0,0.0,0,0,0,0,0,0,0,0,0,0,0,0,0,0,0,0,0,0,0,0,0,0,0,0,0,0,0,0,0,0,0,0,0,38,14,7,45,65476,0,300,0,0,8,21553,0.0,-107605600.0,0.0,0.0,0.0,0.0,0.0,0.0,0.0,0.0,0.0,0.0,0.0,0.0,0.0,0.0,0.0,0.0,0.0,0.0,0.0,0.0,-2.004,-2.004,-0.0,0.0,0.0,0.0,0.0,0.0,5004.0,-0.0,0.0,0.0,-107615288.0,0.0,-0.0,0.0,0.0,0.0,0.0,53,107615344.0,89220.562,0.0,0.0,0.0,0.0,0.0,0.0,0.0,0,0,0,0.0,0.0,0.0,0.0,0.0,0.0,0.0,0.0,0.0,0.0,0.0,0.0,0.0,0.0,0.0,0.0,0,-107875648.0,53,0.0,106,-107614832.0,-107350944.0,ERR,ERR,ERR,ERR,ERR,ERR,ERR,ERR,ERR,ERR,ERR,ERR,ERR,ERR,ERR,ERR,ERR,ERR,ERR,ERR,ERR,ERR,ERR,ERR,ERR,ERR,ERR,ERR,ERR,ERR,ERR,ERR,ERR,ERR,ERR,ERR,ERR,ERR,ERR,ERR,ERR,ERR,ERR,ERR,ERR,ERR,ERR,ERR,ERR,ERR,ERR,ERR,ERR,ERR,ERR,ERR,ERR,ERR,ERR,ERR,ERR,ERR,ERR,ERR,ERR,ERR,ERR,50.0,60.0,100,0.0,0.0,0.0,0.0,0.0,0.0,0.0,0.0,0.0,0.0,0.0,0.0,0.0,0.0,0.0,0.0,61.6,65,20,65521,50,65476,0,300,0,0,8,20529,65476,0,0,26214,60.0,0.0,0.0,0.0,0.0,0.0
2026-05-17T16:22:45,ERR,ERR,ERR,ERR,ERR,ERR,ERR,ERR,ERR,ERR,ERR,ERR,ERR,ERR,ERR,ERR,ERR,ERR,ERR,ERR,ERR,ERR,ERR,ERR,ERR,ERR,ERR,ERR,ERR,ERR,ERR,ERR,ERR,ERR,ERR,ERR,ERR,ERR,ERR,ERR,ERR,ERR,ERR,ERR,ERR,ERR,ERR,ERR,ERR,ERR,ERR,ERR,ERR,ERR,ERR,ERR,ERR,ERR,ERR,ERR,ERR,ERR,ERR,ERR,ERR,ERR,ERR,ERR,ERR,ERR,ERR,ERR,ERR,ERR,ERR,ERR,ERR,ERR,ERR,ERR,ERR,ERR,ERR,ERR,ERR,ERR,ERR,ERR,ERR,ERR,ERR,ERR,ERR,ERR,ERR,ERR,ERR,ERR,ERR,ERR,ERR,ERR,ERR,ERR,ERR,ERR,ERR,ERR,ERR,ERR,ERR,ERR,ERR,ERR,ERR,ERR,ERR,ERR,ERR,ERR,ERR,ERR,ERR,ERR,ERR,0.0,-107615288.0,-0.0,0.0,0.0,1.3936040501711995e+18,7.805,0.0,0,0,4,0,8422,0.0,45,0.0,0.0,0.0,0.0,0.0,0,0,0,0,0.0,0,0,0,0,0,0,0,0,0,0,0,0,0,0,0,0,0,0,0,0,0,0,0,0,0,0,0,0,0,0,0,0,0,38,14,7,45,65476,0,300,0,0,8,21553,0.0,-107605600.0,0.0,0.0,0.0,0.0,0.0,0.0,0.0,0.0,0.0,0.0,0.0,0.0,0.0,0.0,0.0,0.0,0.0,0.0,0.0,0.0,-2.004,-2.004,-0.0,0.0,0.0,0.0,0.0,0.0,5004.0,-0.0,0.0,0.0,-107615288.0,0.0,-0.0,0.0,0.0,0.0,0.0,53,107615344.0,89220.562,0.0,0.0,0.0,0.0,0.0,0.0,0.0,0,0,0,0.0,0.0,0.0,0.0,0.0,0.0,0.0,0.0,0.0,0.0,0.0,0.0,0.0,0.0,0.0,0.0,0,-107875648.0,53,0.0,106,-107614832.0,-107350944.0,ERR,ERR,ERR,ERR,ERR,ERR,ERR,ERR,ERR,ERR,ERR,ERR,ERR,ERR,ERR,ERR,ERR,ERR,ERR,ERR,ERR,ERR,ERR,ERR,ERR,ERR,ERR,ERR,ERR,ERR,ERR,ERR,ERR,ERR,ERR,ERR,ERR,ERR,ERR,ERR,ERR,ERR,ERR,ERR,ERR,ERR,ERR,ERR,ERR,ERR,ERR,ERR,ERR,ERR,ERR,ERR,ERR,ERR,ERR,ERR,ERR,ERR,ERR,ERR,ERR,ERR,ERR,50.0,60.0,100,0.0,0.0,0.0,0.0,0.0,0.0,0.0,0.0,0.0,0.0,0.0,0.0,0.0,0.0,0.0,0.0,61.6,65,20,65521,50,65476,0,300,0,0,8,20529,65476,0,0,26214,60.0,0.0,0.0,0.0,0.0,0.0
2026-05-17T16:22:46,ERR,ERR,ERR,ERR,ERR,ERR,ERR,ERR,ERR,ERR,ERR,ERR,ERR,ERR,ERR,ERR,ERR,ERR,ERR,ERR,ERR,ERR,ERR,ERR,ERR,ERR,ERR,ERR,ERR,ERR,ERR,ERR,ERR,ERR,ERR,ERR,ERR,ERR,ERR,ERR,ERR,ERR,ERR,ERR,ERR,ERR,ERR,ERR,ERR,ERR,ERR,ERR,ERR,ERR,ERR,ERR,ERR,ERR,ERR,ERR,ERR,ERR,ERR,ERR,ERR,ERR,ERR,ERR,ERR,ERR,ERR,ERR,ERR,ERR,ERR,ERR,ERR,ERR,ERR,ERR,ERR,ERR,ERR,ERR,ERR,ERR,ERR,ERR,ERR,ERR,ERR,ERR,ERR,ERR,ERR,ERR,ERR,ERR,ERR,ERR,ERR,ERR,ERR,ERR,ERR,ERR,ERR,ERR,ERR,ERR,ERR,ERR,ERR,ERR,ERR,ERR,ERR,ERR,ERR,ERR,ERR,ERR,ERR,ERR,ERR,0.0,-107615288.0,-0.0,0.0,0.0,1.3936040501711995e+18,7.805,0.0,0,0,4,0,8422,0.0,45,0.0,0.0,0.0,0.0,0.0,0,0,0,0,0.0,0,0,0,0,0,0,0,0,0,0,0,0,0,0,0,0,0,0,0,0,0,0,0,0,0,0,0,0,0,0,0,0,0,38,14,7,45,65476,0,300,0,0,8,21553,0.0,-107605600.0,0.0,0.0,0.0,0.0,0.0,0.0,0.0,0.0,0.0,0.0,0.0,0.0,0.0,0.0,0.0,0.0,0.0,0.0,0.0,0.0,-2.004,-2.004,-0.0,0.0,0.0,0.0,0.0,0.0,5005.0,0.0,0.0,0.0,-107615288.0,0.0,-0.0,0.0,0.0,0.0,0.0,53,126841110528.0,-152017263656960.0,0.0,0.0,0.0,0.0,0.0,0.0,0.0,0,0,0,0.0,0.0,0.0,0.0,0.0,0.0,0.0,0.0,0.0,0.0,0.0,0.0,0.0,0.0,0.0,0.0,0,-107875648.0,53,0.0,106,-107614832.0,-107350944.0,ERR,ERR,ERR,ERR,ERR,ERR,ERR,ERR,ERR,ERR,ERR,ERR,ERR,ERR,ERR,ERR,ERR,ERR,ERR,ERR,ERR,ERR,ERR,ERR,ERR,ERR,ERR,ERR,ERR,ERR,ERR,ERR,ERR,ERR,ERR,ERR,ERR,ERR,ERR,ERR,ERR,ERR,ERR,ERR,ERR,ERR,ERR,ERR,ERR,ERR,ERR,ERR,ERR,ERR,ERR,ERR,ERR,ERR,ERR,ERR,ERR,ERR,ERR,ERR,ERR,ERR,ERR,50.0,60.0,100,0.0,0.0,0.0,0.0,0.0,0.0,0.0,0.0,0.0,0.0,0.0,0.0,0.0,0.0,0.0,0.0,61.6,65,20,65521,50,65476,0,300,0,0,8,20529,65476,0,0,26214,60.0,0.0,0.0,0.0,0.0,0.0
2026-05-17T16:22:47,ERR,ERR,ERR,ERR,ERR,ERR,ERR,ERR,ERR,ERR,ERR,ERR,ERR,ERR,ERR,ERR,ERR,ERR,ERR,ERR,ERR,ERR,ERR,ERR,ERR,ERR,ERR,ERR,ERR,ERR,ERR,ERR,ERR,ERR,ERR,ERR,ERR,ERR,ERR,ERR,ERR,ERR,ERR,ERR,ERR,ERR,ERR,ERR,ERR,ERR,ERR,ERR,ERR,ERR,ERR,ERR,ERR,ERR,ERR,ERR,ERR,ERR,ERR,ERR,ERR,ERR,ERR,ERR,ERR,ERR,ERR,ERR,ERR,ERR,ERR,ERR,ERR,ERR,ERR,ERR,ERR,ERR,ERR,ERR,ERR,ERR,ERR,ERR,ERR,ERR,ERR,ERR,ERR,ERR,ERR,ERR,ERR,ERR,ERR,ERR,ERR,ERR,ERR,ERR,ERR,ERR,ERR,ERR,ERR,ERR,ERR,ERR,ERR,ERR,ERR,ERR,ERR,ERR,ERR,ERR,ERR,ERR,ERR,ERR,ERR,0.0,-107615288.0,-0.0,0.0,0.0,1.3936040501711995e+18,7.805,0.0,0,0,4,0,8422,0.0,45,0.0,0.0,0.0,0.0,0.0,0,0,0,0,0.0,0,0,0,0,0,0,0,0,0,0,0,0,0,0,0,0,0,0,0,0,0,0,0,0,0,0,0,0,0,0,0,0,0,38,14,7,45,65476,0,300,0,0,8,21553,0.0,-107605600.0,0.0,0.0,0.0,0.0,0.0,0.0,0.0,0.0,0.0,0.0,0.0,0.0,0.0,0.0,0.0,0.0,0.0,0.0,0.0,0.0,-2.004,-2.004,-0.0,0.0,0.0,0.0,0.0,0.0,5005.0,0.0,0.0,0.0,-107615288.0,0.0,-0.0,0.0,0.0,0.0,0.0,53,126841110528.0,-152017263656960.0,0.0,0.0,0.0,0.0,0.0,0.0,0.0,0,0,0,0.0,0.0,0.0,0.0,0.0,0.0,0.0,0.0,0.0,0.0,0.0,0.0,0.0,0.0,0.0,0.0,0,-107875648.0,53,0.0,106,-107614832.0,-107350944.0,ERR,ERR,ERR,ERR,ERR,ERR,ERR,ERR,ERR,ERR,ERR,ERR,ERR,ERR,ERR,ERR,ERR,ERR,ERR,ERR,ERR,ERR,ERR,ERR,ERR,ERR,ERR,ERR,ERR,ERR,ERR,ERR,ERR,ERR,ERR,ERR,ERR,ERR,ERR,ERR,ERR,ERR,ERR,ERR,ERR,ERR,ERR,ERR,ERR,ERR,ERR,ERR,ERR,ERR,ERR,ERR,ERR,ERR,ERR,ERR,ERR,ERR,ERR,ERR,ERR,ERR,ERR,50.0,60.0,100,0.0,0.0,0.0,0.0,0.0,0.0,0.0,0.0,0.0,0.0,0.0,0.0,0.0,0.0,0.0,0.0,61.6,65,20,65521,50,65476,0,300,0,0,8,20529,65476,0,0,26214,60.0,0.0,0.0,0.0,0.0,0.0
2026-05-17T16:22:48,ERR,ERR,ERR,ERR,ERR,ERR,ERR,ERR,ERR,ERR,ERR,ERR,ERR,ERR,ERR,ERR,ERR,ERR,ERR,ERR,ERR,ERR,ERR,ERR,ERR,ERR,ERR,ERR,ERR,ERR,ERR,ERR,ERR,ERR,ERR,ERR,ERR,ERR,ERR,ERR,ERR,ERR,ERR,ERR,ERR,ERR,ERR,ERR,ERR,ERR,ERR,ERR,ERR,ERR,ERR,ERR,ERR,ERR,ERR,ERR,ERR,ERR,ERR,ERR,ERR,ERR,ERR,ERR,ERR,ERR,ERR,ERR,ERR,ERR,ERR,ERR,ERR,ERR,ERR,ERR,ERR,ERR,ERR,ERR,ERR,ERR,ERR,ERR,ERR,ERR,ERR,ERR,ERR,ERR,ERR,ERR,ERR,ERR,ERR,ERR,ERR,ERR,ERR,ERR,ERR,ERR,ERR,ERR,ERR,ERR,ERR,ERR,ERR,ERR,ERR,ERR,ERR,ERR,ERR,ERR,ERR,ERR,ERR,ERR,ERR,0.0,-107615288.0,-0.0,0.0,0.0,1.3936040501711995e+18,7.805,0.0,0,0,4,0,8422,0.0,45,0.0,0.0,0.0,0.0,0.0,0,0,0,0,0.0,0,0,0,0,0,0,0,0,0,0,0,0,0,0,0,0,0,0,0,0,0,0,0,0,0,0,0,0,0,0,0,0,0,38,14,7,45,65476,0,300,0,0,8,21553,0.0,-107605600.0,0.0,0.0,0.0,0.0,0.0,0.0,0.0,0.0,0.0,0.0,0.0,0.0,0.0,0.0,0.0,0.0,0.0,0.0,0.0,0.0,-2.004,-2.004,-0.0,0.0,0.0,0.0,0.0,0.0,5005.0,0.0,0.0,0.0,-107615288.0,0.0,-0.0,0.0,0.0,0.0,0.0,53,126841110528.0,-152017263656960.0,0.0,0.0,0.0,0.0,0.0,0.0,0.0,0,0,0,0.0,0.0,0.0,0.0,0.0,0.0,0.0,0.0,0.0,0.0,0.0,0.0,0.0,0.0,0.0,0.0,0,-107875648.0,53,0.0,106,-107614832.0,-107350944.0,ERR,ERR,ERR,ERR,ERR,ERR,ERR,ERR,ERR,ERR,ERR,ERR,ERR,ERR,ERR,ERR,ERR,ERR,ERR,ERR,ERR,ERR,ERR,ERR,ERR,ERR,ERR,ERR,ERR,ERR,ERR,ERR,ERR,ERR,ERR,ERR,ERR,ERR,ERR,ERR,ERR,ERR,ERR,ERR,ERR,ERR,ERR,ERR,ERR,ERR,ERR,ERR,ERR,ERR,ERR,ERR,ERR,ERR,ERR,ERR,ERR,ERR,ERR,ERR,ERR,ERR,ERR,50.0,60.0,100,0.0,0.0,0.0,0.0,0.0,0.0,0.0,0.0,0.0,0.0,0.0,0.0,0.0,0.0,0.0,0.0,62.0,65,20,65521,50,65476,0,300,0,0,8,20529,65476,0,0,26214,60.0,0.0,0.0,0.0,0.0,0.0
2026-05-17T16:22:49,ERR,ERR,ERR,ERR,ERR,ERR,ERR,ERR,ERR,ERR,ERR,ERR,ERR,ERR,ERR,ERR,ERR,ERR,ERR,ERR,ERR,ERR,ERR,ERR,ERR,ERR,ERR,ERR,ERR,ERR,ERR,ERR,ERR,ERR,ERR,ERR,ERR,ERR,ERR,ERR,ERR,ERR,ERR,ERR,ERR,ERR,ERR,ERR,ERR,ERR,ERR,ERR,ERR,ERR,ERR,ERR,ERR,ERR,ERR,ERR,ERR,ERR,ERR,ERR,ERR,ERR,ERR,ERR,ERR,ERR,ERR,ERR,ERR,ERR,ERR,ERR,ERR,ERR,ERR,ERR,ERR,ERR,ERR,ERR,ERR,ERR,ERR,ERR,ERR,ERR,ERR,ERR,ERR,ERR,ERR,ERR,ERR,ERR,ERR,ERR,ERR,ERR,ERR,ERR,ERR,ERR,ERR,ERR,ERR,ERR,ERR,ERR,ERR,ERR,ERR,ERR,ERR,ERR,ERR,ERR,ERR,ERR,ERR,ERR,ERR,0.0,-107615288.0,-0.0,0.0,0.0,1.3936040501711995e+18,7.805,0.0,0,0,4,0,8422,0.0,45,0.0,0.0,0.0,0.0,0.0,0,0,0,0,0.0,0,0,0,0,0,0,0,0,0,0,0,0,0,0,0,0,0,0,0,0,0,0,0,0,0,0,0,0,0,0,0,0,0,38,14,7,45,65476,0,300,0,0,8,21553,0.0,-107605600.0,0.0,0.0,0.0,0.0,0.0,0.0,0.0,0.0,0.0,0.0,0.0,0.0,0.0,0.0,0.0,0.0,0.0,0.0,0.0,0.0,-2.004,-2.004,-0.0,0.0,0.0,0.0,0.0,0.0,5005.0,0.0,0.0,0.0,-107615288.0,0.0,-0.0,0.0,0.0,0.0,0.0,53,126841110528.0,-152017263656960.0,0.0,0.0,0.0,0.0,0.0,0.0,0.0,0,0,0,0.0,0.0,0.0,0.0,0.0,0.0,0.0,0.0,0.0,0.0,0.0,0.0,0.0,0.0,0.0,0.0,0,-107875648.0,53,0.0,106,-107614832.0,-107350944.0,ERR,ERR,ERR,ERR,ERR,ERR,ERR,ERR,ERR,ERR,ERR,ERR,ERR,ERR,ERR,ERR,ERR,ERR,ERR,ERR,ERR,ERR,ERR,ERR,ERR,ERR,ERR,ERR,ERR,ERR,ERR,ERR,ERR,ERR,ERR,ERR,ERR,ERR,ERR,ERR,ERR,ERR,ERR,ERR,ERR,ERR,ERR,ERR,ERR,ERR,ERR,ERR,ERR,ERR,ERR,ERR,ERR,ERR,ERR,ERR,ERR,ERR,ERR,ERR,ERR,ERR,ERR,50.0,60.0,100,0.0,0.0,0.0,0.0,0.0,0.0,0.0,0.0,0.0,0.0,0.0,0.0,0.0,0.0,0.0,0.0,62.0,65,20,65521,50,65476,0,300,0,0,8,20529,65476,0,0,26214,60.0,0.0,0.0,0.0,0.0,0.0
2026-05-17T16:22:50,ERR,ERR,ERR,ERR,ERR,ERR,ERR,ERR,ERR,ERR,ERR,ERR,ERR,ERR,ERR,ERR,ERR,ERR,ERR,ERR,ERR,ERR,ERR,ERR,ERR,ERR,ERR,ERR,ERR,ERR,ERR,ERR,ERR,ERR,ERR,ERR,ERR,ERR,ERR,ERR,ERR,ERR,ERR,ERR,ERR,ERR,ERR,ERR,ERR,ERR,ERR,ERR,ERR,ERR,ERR,ERR,ERR,ERR,ERR,ERR,ERR,ERR,ERR,ERR,ERR,ERR,ERR,ERR,ERR,ERR,ERR,ERR,ERR,ERR,ERR,ERR,ERR,ERR,ERR,ERR,ERR,ERR,ERR,ERR,ERR,ERR,ERR,ERR,ERR,ERR,ERR,ERR,ERR,ERR,ERR,ERR,ERR,ERR,ERR,ERR,ERR,ERR,ERR,ERR,ERR,ERR,ERR,ERR,ERR,ERR,ERR,ERR,ERR,ERR,ERR,ERR,ERR,ERR,ERR,ERR,ERR,ERR,ERR,ERR,ERR,0.0,-107615288.0,-0.0,0.0,0.0,1.3936040501711995e+18,7.805,0.0,0,0,4,0,8422,0.0,45,0.0,0.0,0.0,0.0,0.0,0,0,0,0,0.0,0,0,0,0,0,0,0,0,0,0,0,0,0,0,0,0,0,0,0,0,0,0,0,0,0,0,0,0,0,0,0,0,0,38,14,7,45,65476,0,300,0,0,8,21553,0.0,-107605600.0,0.0,0.0,0.0,0.0,0.0,0.0,0.0,0.0,0.0,0.0,0.0,0.0,0.0,0.0,0.0,0.0,0.0,0.0,0.0,0.0,-2.004,-2.004,-0.0,0.0,0.0,0.0,0.0,0.0,5005.0,0.0,0.0,0.0,-107615288.0,0.0,-0.0,0.0,0.0,0.0,0.0,53,126841110528.0,-152017263656960.0,0.0,0.0,0.0,0.0,0.0,0.0,0.0,0,0,0,0.0,0.0,0.0,0.0,0.0,0.0,0.0,0.0,0.0,0.0,0.0,0.0,0.0,0.0,0.0,0.0,0,-107875648.0,53,0.0,106,-107614832.0,-107350944.0,ERR,ERR,ERR,ERR,ERR,ERR,ERR,ERR,ERR,ERR,ERR,ERR,ERR,ERR,ERR,ERR,ERR,ERR,ERR,ERR,ERR,ERR,ERR,ERR,ERR,ERR,ERR,ERR,ERR,ERR,ERR,ERR,ERR,ERR,ERR,ERR,ERR,ERR,ERR,ERR,ERR,ERR,ERR,ERR,ERR,ERR,ERR,ERR,ERR,ERR,ERR,ERR,ERR,ERR,ERR,ERR,ERR,ERR,ERR,ERR,ERR,ERR,ERR,ERR,ERR,ERR,ERR,50.0,60.0,100,0.0,0.0,0.0,0.0,0.0,0.0,0.0,0.0,0.0,0.0,0.0,0.0,0.0,0.0,0.0,0.0,62.0,65,20,65521,50,65476,0,300,0,0,8,20529,65476,0,0,26214,60.0,0.0,0.0,0.0,0.0,0.0
2026-05-17T16:22:51,ERR,ERR,ERR,ERR,ERR,ERR,ERR,ERR,ERR,ERR,ERR,ERR,ERR,ERR,ERR,ERR,ERR,ERR,ERR,ERR,ERR,ERR,ERR,ERR,ERR,ERR,ERR,ERR,ERR,ERR,ERR,ERR,ERR,ERR,ERR,ERR,ERR,ERR,ERR,ERR,ERR,ERR,ERR,ERR,ERR,ERR,ERR,ERR,ERR,ERR,ERR,ERR,ERR,ERR,ERR,ERR,ERR,ERR,ERR,ERR,ERR,ERR,ERR,ERR,ERR,ERR,ERR,ERR,ERR,ERR,ERR,ERR,ERR,ERR,ERR,ERR,ERR,ERR,ERR,ERR,ERR,ERR,ERR,ERR,ERR,ERR,ERR,ERR,ERR,ERR,ERR,ERR,ERR,ERR,ERR,ERR,ERR,ERR,ERR,ERR,ERR,ERR,ERR,ERR,ERR,ERR,ERR,ERR,ERR,ERR,ERR,ERR,ERR,ERR,ERR,ERR,ERR,ERR,ERR,ERR,ERR,ERR,ERR,ERR,ERR,0.0,-107615288.0,-134474944.0,0.0,0.0,1.3936040501711995e+18,7.805,0.0,0,0,4,0,8422,0.0,45,0.0,0.0,0.0,0.0,0.0,0,0,0,0,0.0,0,0,0,0,0,0,0,0,0,0,0,0,0,0,0,0,0,0,0,0,0,0,0,0,0,0,0,0,0,0,0,0,0,38,14,7,45,65476,0,300,0,0,8,21553,0.0,-107605600.0,0.0,0.0,0.0,0.0,0.0,0.0,0.0,0.0,0.0,0.0,0.0,0.0,0.0,0.0,0.0,0.0,0.0,0.0,0.0,0.0,0.0,-2.004,-0.0,0.0,0.0,0.0,0.0,0.0,5008.0,2.422987904532282e+24,0.0,0.0,-107615288.0,0.0,-0.0,0.0,0.0,0.0,0.0,53,3.222028592685471e+26,5.848055683159391e+35,0.0,0.0,0.0,0.0,0.0,0.0,0.0,0,0,0,0.0,0.0,0.0,0.0,0.0,0.0,0.0,0.0,0.0,0.0,0.0,0.0,0.0,0.0,0.0,0.0,0,-107875648.0,53,0.0,106,-107614832.0,-107350944.0,ERR,ERR,ERR,ERR,ERR,ERR,ERR,ERR,ERR,ERR,ERR,ERR,ERR,ERR,ERR,ERR,ERR,ERR,ERR,ERR,ERR,ERR,ERR,ERR,ERR,ERR,ERR,ERR,ERR,ERR,ERR,ERR,ERR,ERR,ERR,ERR,ERR,ERR,ERR,ERR,ERR,ERR,ERR,ERR,ERR,ERR,ERR,ERR,ERR,ERR,ERR,ERR,ERR,ERR,ERR,ERR,ERR,ERR,ERR,ERR,ERR,ERR,ERR,ERR,ERR,ERR,ERR,50.0,60.0,100,0.0,0.0,0.0,0.0,0.0,0.0,0.0,0.0,0.0,0.0,0.0,0.0,0.0,0.0,0.0,0.0,61.6,65,20,65521,50,65476,0,300,0,0,8,20529,65476,0,0,26214,60.0,0.0,0.0,0.0,0.0,0.0
2026-05-17T16:22:52,ERR,ERR,ERR,ERR,ERR,ERR,ERR,ERR,ERR,ERR,ERR,ERR,ERR,ERR,ERR,ERR,ERR,ERR,ERR,ERR,ERR,ERR,ERR,ERR,ERR,ERR,ERR,ERR,ERR,ERR,ERR,ERR,ERR,ERR,ERR,ERR,ERR,ERR,ERR,ERR,ERR,ERR,ERR,ERR,ERR,ERR,ERR,ERR,ERR,ERR,ERR,ERR,ERR,ERR,ERR,ERR,ERR,ERR,ERR,ERR,ERR,ERR,ERR,ERR,ERR,ERR,ERR,ERR,ERR,ERR,ERR,ERR,ERR,ERR,ERR,ERR,ERR,ERR,ERR,ERR,ERR,ERR,ERR,ERR,ERR,ERR,ERR,ERR,ERR,ERR,ERR,ERR,ERR,ERR,ERR,ERR,ERR,ERR,ERR,ERR,ERR,ERR,ERR,ERR,ERR,ERR,ERR,ERR,ERR,ERR,ERR,ERR,ERR,ERR,ERR,ERR,ERR,ERR,ERR,ERR,ERR,ERR,ERR,ERR,ERR,0.0,-107615288.0,-134474944.0,0.0,0.0,1.3936040501711995e+18,7.805,0.0,0,0,4,0,8422,0.0,45,0.0,0.0,0.0,0.0,0.0,0,0,0,0,0.0,0,0,0,0,0,0,0,0,0,0,0,0,0,0,0,0,0,0,0,0,0,0,0,0,0,0,0,0,0,0,0,0,0,38,14,7,45,65476,0,300,0,0,8,21553,0.0,-107605600.0,0.0,0.0,0.0,0.0,0.0,0.0,0.0,0.0,0.0,0.0,0.0,0.0,0.0,0.0,0.0,0.0,0.0,0.0,0.0,0.0,0.0,-2.004,-0.0,0.0,0.0,0.0,0.0,0.0,5008.0,2.422987904532282e+24,0.0,0.0,-107615288.0,0.0,-0.0,0.0,0.0,0.0,0.0,53,3.222028592685471e+26,5.848055683159391e+35,0.0,0.0,0.0,0.0,0.0,0.0,0.0,0,0,0,0.0,0.0,0.0,0.0,0.0,0.0,0.0,0.0,0.0,0.0,0.0,0.0,0.0,0.0,0.0,0.0,0,-107875648.0,53,0.0,106,-107614832.0,-107350944.0,ERR,ERR,ERR,ERR,ERR,ERR,ERR,ERR,ERR,ERR,ERR,ERR,ERR,ERR,ERR,ERR,ERR,ERR,ERR,ERR,ERR,ERR,ERR,ERR,ERR,ERR,ERR,ERR,ERR,ERR,ERR,ERR,ERR,ERR,ERR,ERR,ERR,ERR,ERR,ERR,ERR,ERR,ERR,ERR,ERR,ERR,ERR,ERR,ERR,ERR,ERR,ERR,ERR,ERR,ERR,ERR,ERR,ERR,ERR,ERR,ERR,ERR,ERR,ERR,ERR,ERR,ERR,50.0,60.0,100,0.0,0.0,0.0,0.0,0.0,0.0,0.0,0.0,0.0,0.0,0.0,0.0,0.0,0.0,0.0,0.0,61.6,65,20,65521,50,65476,0,300,0,0,8,20529,65476,0,0,26214,60.0,0.0,0.0,0.0,0.0,0.0
2026-05-17T16:22:53,ERR,ERR,ERR,ERR,ERR,ERR,ERR,ERR,ERR,ERR,ERR,ERR,ERR,ERR,ERR,ERR,ERR,ERR,ERR,ERR,ERR,ERR,ERR,ERR,ERR,ERR,ERR,ERR,ERR,ERR,ERR,ERR,ERR,ERR,ERR,ERR,ERR,ERR,ERR,ERR,ERR,ERR,ERR,ERR,ERR,ERR,ERR,ERR,ERR,ERR,ERR,ERR,ERR,ERR,ERR,ERR,ERR,ERR,ERR,ERR,ERR,ERR,ERR,ERR,ERR,ERR,ERR,ERR,ERR,ERR,ERR,ERR,ERR,ERR,ERR,ERR,ERR,ERR,ERR,ERR,ERR,ERR,ERR,ERR,ERR,ERR,ERR,ERR,ERR,ERR,ERR,ERR,ERR,ERR,ERR,ERR,ERR,ERR,ERR,ERR,ERR,ERR,ERR,ERR,ERR,ERR,ERR,ERR,ERR,ERR,ERR,ERR,ERR,ERR,ERR,ERR,ERR,ERR,ERR,ERR,ERR,ERR,ERR,ERR,ERR,0.0,-107615288.0,-134474944.0,0.0,0.0,1.3936040501711995e+18,7.805,0.0,0,0,4,0,8422,0.0,45,0.0,0.0,0.0,0.0,0.0,0,0,0,0,0.0,0,0,0,0,0,0,0,0,0,0,0,0,0,0,0,0,0,0,0,0,0,0,0,0,0,0,0,0,0,0,0,0,0,38,14,7,45,65476,0,300,0,0,8,21553,0.0,-107605600.0,0.0,0.0,0.0,0.0,0.0,0.0,0.0,0.0,0.0,0.0,0.0,0.0,0.0,0.0,0.0,0.0,0.0,0.0,0.0,0.0,0.0,-2.004,-0.0,0.0,0.0,0.0,0.0,0.0,5008.0,2.422987904532282e+24,0.0,0.0,-107615288.0,0.0,-0.0,0.0,0.0,0.0,0.0,53,3.222028592685471e+26,5.848055683159391e+35,0.0,0.0,0.0,0.0,0.0,0.0,0.0,0,0,0,0.0,0.0,0.0,0.0,0.0,0.0,0.0,0.0,0.0,0.0,0.0,0.0,0.0,0.0,0.0,0.0,0,-107875648.0,53,0.0,106,-107614832.0,-107350944.0,ERR,ERR,ERR,ERR,ERR,ERR,ERR,ERR,ERR,ERR,ERR,ERR,ERR,ERR,ERR,ERR,ERR,ERR,ERR,ERR,ERR,ERR,ERR,ERR,ERR,ERR,ERR,ERR,ERR,ERR,ERR,ERR,ERR,ERR,ERR,ERR,ERR,ERR,ERR,ERR,ERR,ERR,ERR,ERR,ERR,ERR,ERR,ERR,ERR,ERR,ERR,ERR,ERR,ERR,ERR,ERR,ERR,ERR,ERR,ERR,ERR,ERR,ERR,ERR,ERR,ERR,ERR,50.0,60.0,100,0.0,0.0,0.0,0.0,0.0,0.0,0.0,0.0,0.0,0.0,0.0,0.0,0.0,0.0,0.0,0.0,61.6,65,20,65521,50,65476,0,300,0,0,8,20529,65476,0,0,26214,60.0,0.0,0.0,0.0,0.0,0.0
2026-05-17T16:22:54,ERR,ERR,ERR,ERR,ERR,ERR,ERR,ERR,ERR,ERR,ERR,ERR,ERR,ERR,ERR,ERR,ERR,ERR,ERR,ERR,ERR,ERR,ERR,ERR,ERR,ERR,ERR,ERR,ERR,ERR,ERR,ERR,ERR,ERR,ERR,ERR,ERR,ERR,ERR,ERR,ERR,ERR,ERR,ERR,ERR,ERR,ERR,ERR,ERR,ERR,ERR,ERR,ERR,ERR,ERR,ERR,ERR,ERR,ERR,ERR,ERR,ERR,ERR,ERR,ERR,ERR,ERR,ERR,ERR,ERR,ERR,ERR,ERR,ERR,ERR,ERR,ERR,ERR,ERR,ERR,ERR,ERR,ERR,ERR,ERR,ERR,ERR,ERR,ERR,ERR,ERR,ERR,ERR,ERR,ERR,ERR,ERR,ERR,ERR,ERR,ERR,ERR,ERR,ERR,ERR,ERR,ERR,ERR,ERR,ERR,ERR,ERR,ERR,ERR,ERR,ERR,ERR,ERR,ERR,ERR,ERR,ERR,ERR,ERR,ERR,0.0,-107615288.0,-134474944.0,0.0,0.0,1.3936040501711995e+18,7.805,0.0,0,0,4,0,8422,0.0,45,0.0,0.0,0.0,0.0,0.0,0,0,0,0,0.0,0,0,0,0,0,0,0,0,0,0,0,0,0,0,0,0,0,0,0,0,0,0,0,0,0,0,0,0,0,0,0,0,0,38,14,7,45,65476,0,300,0,0,8,21553,0.0,-107605600.0,0.0,0.0,0.0,0.0,0.0,0.0,0.0,0.0,0.0,0.0,0.0,0.0,0.0,0.0,0.0,0.0,0.0,0.0,0.0,0.0,0.0,-2.004,-0.0,0.0,0.0,0.0,0.0,0.0,5008.0,2.422987904532282e+24,0.0,0.0,-107615288.0,0.0,-0.0,0.0,0.0,0.0,0.0,53,3.222028592685471e+26,5.848055683159391e+35,0.0,0.0,0.0,0.0,0.0,0.0,0.0,0,0,0,0.0,0.0,0.0,0.0,0.0,0.0,0.0,0.0,0.0,0.0,0.0,0.0,0.0,0.0,0.0,0.0,0,-107875648.0,53,0.0,106,-107614832.0,-107350944.0,ERR,ERR,ERR,ERR,ERR,ERR,ERR,ERR,ERR,ERR,ERR,ERR,ERR,ERR,ERR,ERR,ERR,ERR,ERR,ERR,ERR,ERR,ERR,ERR,ERR,ERR,ERR,ERR,ERR,ERR,ERR,ERR,ERR,ERR,ERR,ERR,ERR,ERR,ERR,ERR,ERR,ERR,ERR,ERR,ERR,ERR,ERR,ERR,ERR,ERR,ERR,ERR,ERR,ERR,ERR,ERR,ERR,ERR,ERR,ERR,ERR,ERR,ERR,ERR,ERR,ERR,ERR,50.0,60.0,100,0.0,0.0,0.0,0.0,0.0,0.0,0.0,0.0,0.0,0.0,0.0,0.0,0.0,0.0,0.0,0.0,61.6,65,20,65521,50,65476,0,300,0,0,8,20529,65476,0,0,26214,60.0,0.0,0.0,0.0,0.0,0.0
2026-05-17T16:22:55,ERR,ERR,ERR,ERR,ERR,ERR,ERR,ERR,ERR,ERR,ERR,ERR,ERR,ERR,ERR,ERR,ERR,ERR,ERR,ERR,ERR,ERR,ERR,ERR,ERR,ERR,ERR,ERR,ERR,ERR,ERR,ERR,ERR,ERR,ERR,ERR,ERR,ERR,ERR,ERR,ERR,ERR,ERR,ERR,ERR,ERR,ERR,ERR,ERR,ERR,ERR,ERR,ERR,ERR,ERR,ERR,ERR,ERR,ERR,ERR,ERR,ERR,ERR,ERR,ERR,ERR,ERR,ERR,ERR,ERR,ERR,ERR,ERR,ERR,ERR,ERR,ERR,ERR,ERR,ERR,ERR,ERR,ERR,ERR,ERR,ERR,ERR,ERR,ERR,ERR,ERR,ERR,ERR,ERR,ERR,ERR,ERR,ERR,ERR,ERR,ERR,ERR,ERR,ERR,ERR,ERR,ERR,ERR,ERR,ERR,ERR,ERR,ERR,ERR,ERR,ERR,ERR,ERR,ERR,ERR,ERR,ERR,ERR,ERR,ERR,0.0,-107615288.0,-134474944.0,0.0,0.0,1.3936040501711995e+18,7.805,0.0,0,0,4,0,8422,0.0,45,0.0,0.0,0.0,0.0,0.0,0,0,0,0,0.0,0,0,0,0,0,0,0,0,0,0,0,0,0,0,0,0,0,0,0,0,0,0,0,0,0,0,0,0,0,0,0,0,0,38,14,7,45,65476,0,300,0,0,8,21553,0.0,-107605600.0,0.0,0.0,0.0,0.0,0.0,0.0,0.0,0.0,0.0,0.0,0.0,0.0,0.0,0.0,0.0,0.0,0.0,0.0,0.0,0.0,0.0,-2.004,-0.0,0.0,0.0,0.0,0.0,0.0,5008.0,2.422987904532282e+24,0.0,0.0,-107615288.0,0.0,-0.0,0.0,0.0,0.0,0.0,53,3.222028592685471e+26,5.848055683159391e+35,0.0,0.0,0.0,0.0,0.0,0.0,0.0,0,0,0,0.0,0.0,0.0,0.0,0.0,0.0,0.0,0.0,0.0,0.0,0.0,0.0,0.0,0.0,0.0,0.0,0,-107875648.0,53,0.0,106,-107614832.0,-107350944.0,ERR,ERR,ERR,ERR,ERR,ERR,ERR,ERR,ERR,ERR,ERR,ERR,ERR,ERR,ERR,ERR,ERR,ERR,ERR,ERR,ERR,ERR,ERR,ERR,ERR,ERR,ERR,ERR,ERR,ERR,ERR,ERR,ERR,ERR,ERR,ERR,ERR,ERR,ERR,ERR,ERR,ERR,ERR,ERR,ERR,ERR,ERR,ERR,ERR,ERR,ERR,ERR,ERR,ERR,ERR,ERR,ERR,ERR,ERR,ERR,ERR,ERR,ERR,ERR,ERR,ERR,ERR,50.0,60.0,100,0.0,0.0,0.0,0.0,0.0,0.0,0.0,0.0,0.0,0.0,0.0,0.0,0.0,0.0,0.0,0.0,61.6,65,20,65521,50,65476,0,300,0,0,8,20529,65476,0,0,26214,60.0,0.0,0.0,0.0,0.0,0.0
2026-05-17T16:22:56,ERR,ERR,ERR,ERR,ERR,ERR,ERR,ERR,ERR,ERR,ERR,ERR,ERR,ERR,ERR,ERR,ERR,ERR,ERR,ERR,ERR,ERR,ERR,ERR,ERR,ERR,ERR,ERR,ERR,ERR,ERR,ERR,ERR,ERR,ERR,ERR,ERR,ERR,ERR,ERR,ERR,ERR,ERR,ERR,ERR,ERR,ERR,ERR,ERR,ERR,ERR,ERR,ERR,ERR,ERR,ERR,ERR,ERR,ERR,ERR,ERR,ERR,ERR,ERR,ERR,ERR,ERR,ERR,ERR,ERR,ERR,ERR,ERR,ERR,ERR,ERR,ERR,ERR,ERR,ERR,ERR,ERR,ERR,ERR,ERR,ERR,ERR,ERR,ERR,ERR,ERR,ERR,ERR,ERR,ERR,ERR,ERR,ERR,ERR,ERR,ERR,ERR,ERR,ERR,ERR,ERR,ERR,ERR,ERR,ERR,ERR,ERR,ERR,ERR,ERR,ERR,ERR,ERR,ERR,ERR,ERR,ERR,ERR,ERR,ERR,0.0,-107615288.0,-0.0,0.0,0.0,1.3936040501711995e+18,7.805,0.0,0,0,4,0,8422,0.0,45,0.0,0.0,0.0,0.0,0.0,0,0,0,0,0.0,0,0,0,0,0,0,0,0,0,0,0,0,0,0,0,0,0,0,0,0,0,0,0,0,0,0,0,0,0,0,0,0,0,38,14,7,45,65476,0,300,0,0,8,21553,0.0,-107605600.0,0.0,0.0,0.0,0.0,0.0,0.0,0.0,0.0,0.0,0.0,0.0,0.0,0.0,0.0,0.0,0.0,0.0,0.0,0.0,0.0,0.0,-2.004,-0.0,0.0,0.0,0.0,0.0,0.0,5011.0,0.0,0.0,0.0,-107615288.0,0.0,-0.0,0.0,0.0,0.0,0.0,53,2.7184300208680915e+23,-0.0,0.0,0.0,0.0,0.0,0.0,0.0,0.0,0,0,0,0.0,0.0,0.0,0.0,0.0,0.0,0.0,0.0,0.0,0.0,0.0,0.0,0.0,0.0,0.0,0.0,0,-107875648.0,53,0.0,106,-107614832.0,-107350944.0,ERR,ERR,ERR,ERR,ERR,ERR,ERR,ERR,ERR,ERR,ERR,ERR,ERR,ERR,ERR,ERR,ERR,ERR,ERR,ERR,ERR,ERR,ERR,ERR,ERR,ERR,ERR,ERR,ERR,ERR,ERR,ERR,ERR,ERR,ERR,ERR,ERR,ERR,ERR,ERR,ERR,ERR,ERR,ERR,ERR,ERR,ERR,ERR,ERR,ERR,ERR,ERR,ERR,ERR,ERR,ERR,ERR,ERR,ERR,ERR,ERR,ERR,ERR,ERR,ERR,ERR,ERR,50.0,60.0,100,0.0,0.0,0.0,0.0,0.0,0.0,0.0,0.0,0.0,0.0,0.0,0.0,0.0,0.0,0.0,0.0,61.6,65,20,65521,50,65476,0,300,0,0,8,20529,65476,0,0,26214,60.0,0.0,0.0,0.0,0.0,0.0
2026-05-17T16:22:57,ERR,ERR,ERR,ERR,ERR,ERR,ERR,ERR,ERR,ERR,ERR,ERR,ERR,ERR,ERR,ERR,ERR,ERR,ERR,ERR,ERR,ERR,ERR,ERR,ERR,ERR,ERR,ERR,ERR,ERR,ERR,ERR,ERR,ERR,ERR,ERR,ERR,ERR,ERR,ERR,ERR,ERR,ERR,ERR,ERR,ERR,ERR,ERR,ERR,ERR,ERR,ERR,ERR,ERR,ERR,ERR,ERR,ERR,ERR,ERR,ERR,ERR,ERR,ERR,ERR,ERR,ERR,ERR,ERR,ERR,ERR,ERR,ERR,ERR,ERR,ERR,ERR,ERR,ERR,ERR,ERR,ERR,ERR,ERR,ERR,ERR,ERR,ERR,ERR,ERR,ERR,ERR,ERR,ERR,ERR,ERR,ERR,ERR,ERR,ERR,ERR,ERR,ERR,ERR,ERR,ERR,ERR,ERR,ERR,ERR,ERR,ERR,ERR,ERR,ERR,ERR,ERR,ERR,ERR,ERR,ERR,ERR,ERR,ERR,ERR,0.0,-107615288.0,-0.0,0.0,0.0,1.3936040501711995e+18,7.805,0.0,0,0,4,0,8422,0.0,45,0.0,0.0,0.0,0.0,0.0,0,0,0,0,0.0,0,0,0,0,0,0,0,0,0,0,0,0,0,0,0,0,0,0,0,0,0,0,0,0,0,0,0,0,0,0,0,0,0,38,14,7,45,65476,0,300,0,0,8,21553,0.0,-107605600.0,0.0,0.0,0.0,0.0,0.0,0.0,0.0,0.0,0.0,0.0,0.0,0.0,0.0,0.0,0.0,0.0,0.0,0.0,0.0,0.0,0.0,-2.004,-0.0,0.0,0.0,0.0,0.0,0.0,5011.0,0.0,0.0,0.0,-107615288.0,0.0,-0.0,0.0,0.0,0.0,0.0,53,2.7184300208680915e+23,-0.0,0.0,0.0,0.0,0.0,0.0,0.0,0.0,0,0,0,0.0,0.0,0.0,0.0,0.0,0.0,0.0,0.0,0.0,0.0,0.0,0.0,0.0,0.0,0.0,0.0,0,-107875648.0,53,0.0,106,-107614832.0,-107350944.0,ERR,ERR,ERR,ERR,ERR,ERR,ERR,ERR,ERR,ERR,ERR,ERR,ERR,ERR,ERR,ERR,ERR,ERR,ERR,ERR,ERR,ERR,ERR,ERR,ERR,ERR,ERR,ERR,ERR,ERR,ERR,ERR,ERR,ERR,ERR,ERR,ERR,ERR,ERR,ERR,ERR,ERR,ERR,ERR,ERR,ERR,ERR,ERR,ERR,ERR,ERR,ERR,ERR,ERR,ERR,ERR,ERR,ERR,ERR,ERR,ERR,ERR,ERR,ERR,ERR,ERR,ERR,50.0,60.0,100,0.0,0.0,0.0,0.0,0.0,0.0,0.0,0.0,0.0,0.0,0.0,0.0,0.0,0.0,0.0,0.0,62.0,65,20,65521,50,65476,0,300,0,0,8,20529,65476,0,0,26214,60.0,0.0,0.0,0.0,0.0,0.0
2026-05-17T16:22:58,ERR,ERR,ERR,ERR,ERR,ERR,ERR,ERR,ERR,ERR,ERR,ERR,ERR,ERR,ERR,ERR,ERR,ERR,ERR,ERR,ERR,ERR,ERR,ERR,ERR,ERR,ERR,ERR,ERR,ERR,ERR,ERR,ERR,ERR,ERR,ERR,ERR,ERR,ERR,ERR,ERR,ERR,ERR,ERR,ERR,ERR,ERR,ERR,ERR,ERR,ERR,ERR,ERR,ERR,ERR,ERR,ERR,ERR,ERR,ERR,ERR,ERR,ERR,ERR,ERR,ERR,ERR,ERR,ERR,ERR,ERR,ERR,ERR,ERR,ERR,ERR,ERR,ERR,ERR,ERR,ERR,ERR,ERR,ERR,ERR,ERR,ERR,ERR,ERR,ERR,ERR,ERR,ERR,ERR,ERR,ERR,ERR,ERR,ERR,ERR,ERR,ERR,ERR,ERR,ERR,ERR,ERR,ERR,ERR,ERR,ERR,ERR,ERR,ERR,ERR,ERR,ERR,ERR,ERR,ERR,ERR,ERR,ERR,ERR,ERR,0.0,-107615288.0,-0.0,0.0,0.0,1.3936040501711995e+18,7.805,0.0,0,0,4,0,8422,0.0,45,0.0,0.0,0.0,0.0,0.0,0,0,0,0,0.0,0,0,0,0,0,0,0,0,0,0,0,0,0,0,0,0,0,0,0,0,0,0,0,0,0,0,0,0,0,0,0,0,0,38,14,7,45,65476,0,300,0,0,8,21553,0.0,-107605600.0,0.0,0.0,0.0,0.0,0.0,0.0,0.0,0.0,0.0,0.0,0.0,0.0,0.0,0.0,0.0,0.0,0.0,0.0,0.0,0.0,0.0,-2.004,-0.0,0.0,0.0,0.0,0.0,0.0,5011.0,0.0,0.0,0.0,-107615288.0,0.0,-0.0,0.0,0.0,0.0,0.0,53,2.7184300208680915e+23,-0.0,0.0,0.0,0.0,0.0,0.0,0.0,0.0,0,0,0,0.0,0.0,0.0,0.0,0.0,0.0,0.0,0.0,0.0,0.0,0.0,0.0,0.0,0.0,0.0,0.0,0,-107875648.0,53,0.0,106,-107614832.0,-107350944.0,ERR,ERR,ERR,ERR,ERR,ERR,ERR,ERR,ERR,ERR,ERR,ERR,ERR,ERR,ERR,ERR,ERR,ERR,ERR,ERR,ERR,ERR,ERR,ERR,ERR,ERR,ERR,ERR,ERR,ERR,ERR,ERR,ERR,ERR,ERR,ERR,ERR,ERR,ERR,ERR,ERR,ERR,ERR,ERR,ERR,ERR,ERR,ERR,ERR,ERR,ERR,ERR,ERR,ERR,ERR,ERR,ERR,ERR,ERR,ERR,ERR,ERR,ERR,ERR,ERR,ERR,ERR,50.0,60.0,100,0.0,0.0,0.0,0.0,0.0,0.0,0.0,0.0,0.0,0.0,0.0,0.0,0.0,0.0,0.0,0.0,62.0,65,20,65521,50,65476,0,300,0,0,8,20529,65476,0,0,26214,60.0,0.0,0.0,0.0,0.0,0.0
2026-05-17T16:22:59,ERR,ERR,ERR,ERR,ERR,ERR,ERR,ERR,ERR,ERR,ERR,ERR,ERR,ERR,ERR,ERR,ERR,ERR,ERR,ERR,ERR,ERR,ERR,ERR,ERR,ERR,ERR,ERR,ERR,ERR,ERR,ERR,ERR,ERR,ERR,ERR,ERR,ERR,ERR,ERR,ERR,ERR,ERR,ERR,ERR,ERR,ERR,ERR,ERR,ERR,ERR,ERR,ERR,ERR,ERR,ERR,ERR,ERR,ERR,ERR,ERR,ERR,ERR,ERR,ERR,ERR,ERR,ERR,ERR,ERR,ERR,ERR,ERR,ERR,ERR,ERR,ERR,ERR,ERR,ERR,ERR,ERR,ERR,ERR,ERR,ERR,ERR,ERR,ERR,ERR,ERR,ERR,ERR,ERR,ERR,ERR,ERR,ERR,ERR,ERR,ERR,ERR,ERR,ERR,ERR,ERR,ERR,ERR,ERR,ERR,ERR,ERR,ERR,ERR,ERR,ERR,ERR,ERR,ERR,ERR,ERR,ERR,ERR,ERR,ERR,0.0,-107615288.0,-0.0,0.0,0.0,1.3936040501711995e+18,7.805,0.0,0,0,4,0,8422,0.0,45,0.0,0.0,0.0,0.0,0.0,0,0,0,0,0.0,0,0,0,0,0,0,0,0,0,0,0,0,0,0,0,0,0,0,0,0,0,0,0,0,0,0,0,0,0,0,0,0,0,38,14,7,45,65476,0,300,0,0,8,21553,0.0,-107605600.0,0.0,0.0,0.0,0.0,0.0,0.0,0.0,0.0,0.0,0.0,0.0,0.0,0.0,0.0,0.0,0.0,0.0,0.0,0.0,0.0,0.0,-2.004,-0.0,0.0,0.0,0.0,0.0,0.0,5011.0,0.0,0.0,0.0,-107615288.0,0.0,-0.0,0.0,0.0,0.0,0.0,53,2.7184300208680915e+23,-0.0,0.0,0.0,0.0,0.0,0.0,0.0,0.0,0,0,0,0.0,0.0,0.0,0.0,0.0,0.0,0.0,0.0,0.0,0.0,0.0,0.0,0.0,0.0,0.0,0.0,0,-107875648.0,53,0.0,106,-107614832.0,-107350944.0,ERR,ERR,ERR,ERR,ERR,ERR,ERR,ERR,ERR,ERR,ERR,ERR,ERR,ERR,ERR,ERR,ERR,ERR,ERR,ERR,ERR,ERR,ERR,ERR,ERR,ERR,ERR,ERR,ERR,ERR,ERR,ERR,ERR,ERR,ERR,ERR,ERR,ERR,ERR,ERR,ERR,ERR,ERR,ERR,ERR,ERR,ERR,ERR,ERR,ERR,ERR,ERR,ERR,ERR,ERR,ERR,ERR,ERR,ERR,ERR,ERR,ERR,ERR,ERR,ERR,ERR,ERR,50.0,60.0,100,0.0,0.0,0.0,0.0,0.0,0.0,0.0,0.0,0.0,0.0,0.0,0.0,0.0,0.0,0.0,0.0,62.0,65,20,65521,50,65476,0,300,0,0,8,20529,65476,0,0,26214,60.0,0.0,0.0,0.0,0.0,0.0
2026-05-17T16:23:00,ERR,ERR,ERR,ERR,ERR,ERR,ERR,ERR,ERR,ERR,ERR,ERR,ERR,ERR,ERR,ERR,ERR,ERR,ERR,ERR,ERR,ERR,ERR,ERR,ERR,ERR,ERR,ERR,ERR,ERR,ERR,ERR,ERR,ERR,ERR,ERR,ERR,ERR,ERR,ERR,ERR,ERR,ERR,ERR,ERR,ERR,ERR,ERR,ERR,ERR,ERR,ERR,ERR,ERR,ERR,ERR,ERR,ERR,ERR,ERR,ERR,ERR,ERR,ERR,ERR,ERR,ERR,ERR,ERR,ERR,ERR,ERR,ERR,ERR,ERR,ERR,ERR,ERR,ERR,ERR,ERR,ERR,ERR,ERR,ERR,ERR,ERR,ERR,ERR,ERR,ERR,ERR,ERR,ERR,ERR,ERR,ERR,ERR,ERR,ERR,ERR,ERR,ERR,ERR,ERR,ERR,ERR,ERR,ERR,ERR,ERR,ERR,ERR,ERR,ERR,ERR,ERR,ERR,ERR,ERR,ERR,ERR,ERR,ERR,ERR,0.0,-107615288.0,-0.0,0.0,0.0,1.3936040501711995e+18,7.805,0.0,0,0,4,0,8422,0.0,45,0.0,0.0,0.0,0.0,0.0,0,0,0,0,0.0,0,0,0,0,0,0,0,0,0,0,0,0,0,0,0,0,0,0,0,0,0,0,0,0,0,0,0,0,0,0,0,0,0,38,14,7,45,65476,0,300,0,0,8,21553,0.0,-107605600.0,0.0,0.0,0.0,0.0,0.0,0.0,0.0,0.0,0.0,0.0,0.0,0.0,0.0,0.0,0.0,0.0,0.0,0.0,0.0,0.0,0.0,-2.004,-0.0,0.0,0.0,0.0,0.0,0.0,5011.0,0.0,0.0,0.0,-107615288.0,0.0,-0.0,0.0,0.0,0.0,0.0,53,2.7184300208680915e+23,-0.0,0.0,0.0,0.0,0.0,0.0,0.0,0.0,0,0,0,0.0,0.0,0.0,0.0,0.0,0.0,0.0,0.0,0.0,0.0,0.0,0.0,0.0,0.0,0.0,0.0,0,-107875648.0,53,0.0,106,-107614832.0,-107350944.0,ERR,ERR,ERR,ERR,ERR,ERR,ERR,ERR,ERR,ERR,ERR,ERR,ERR,ERR,ERR,ERR,ERR,ERR,ERR,ERR,ERR,ERR,ERR,ERR,ERR,ERR,ERR,ERR,ERR,ERR,ERR,ERR,ERR,ERR,ERR,ERR,ERR,ERR,ERR,ERR,ERR,ERR,ERR,ERR,ERR,ERR,ERR,ERR,ERR,ERR,ERR,ERR,ERR,ERR,ERR,ERR,ERR,ERR,ERR,ERR,ERR,ERR,ERR,ERR,ERR,ERR,ERR,50.0,60.0,100,0.0,0.0,0.0,0.0,0.0,0.0,0.0,0.0,0.0,0.0,0.0,0.0,0.0,0.0,0.0,0.0,61.6,65,20,65521,50,65476,0,300,0,0,8,20529,65476,0,0,26214,60.0,0.0,0.0,0.0,0.0,0.0
2026-05-17T16:23:01,ERR,ERR,ERR,ERR,ERR,ERR,ERR,ERR,ERR,ERR,ERR,ERR,ERR,ERR,ERR,ERR,ERR,ERR,ERR,ERR,ERR,ERR,ERR,ERR,ERR,ERR,ERR,ERR,ERR,ERR,ERR,ERR,ERR,ERR,ERR,ERR,ERR,ERR,ERR,ERR,ERR,ERR,ERR,ERR,ERR,ERR,ERR,ERR,ERR,ERR,ERR,ERR,ERR,ERR,ERR,ERR,ERR,ERR,ERR,ERR,ERR,ERR,ERR,ERR,ERR,ERR,ERR,ERR,ERR,ERR,ERR,ERR,ERR,ERR,ERR,ERR,ERR,ERR,ERR,ERR,ERR,ERR,ERR,ERR,ERR,ERR,ERR,ERR,ERR,ERR,ERR,ERR,ERR,ERR,ERR,ERR,ERR,ERR,ERR,ERR,ERR,ERR,ERR,ERR,ERR,ERR,ERR,ERR,ERR,ERR,ERR,ERR,ERR,ERR,ERR,ERR,ERR,ERR,ERR,ERR,ERR,ERR,ERR,ERR,ERR,0.0,-107615288.0,-0.0,0.0,0.0,1.3936040501711995e+18,7.805,0.0,0,0,4,0,8422,0.0,45,0.0,0.0,0.0,0.0,0.0,0,0,0,0,0.0,0,0,0,0,0,0,0,0,0,0,0,0,0,0,0,0,0,0,0,0,0,0,0,0,0,0,0,0,0,0,0,0,0,38,14,7,45,65476,0,300,0,0,8,21553,0.0,-107605600.0,0.0,0.0,0.0,0.0,0.0,0.0,0.0,0.0,0.0,0.0,0.0,0.0,0.0,0.0,0.0,0.0,0.0,0.0,0.0,0.0,0.0,-2.004,-0.0,0.0,0.0,0.0,0.0,0.0,4974.0,-8608181248.0,0.0,0.0,-107615288.0,0.0,-0.0,0.0,0.0,0.0,0.0,53,126841110528.0,1.905685750968484e+17,0.0,0.0,0.0,0.0,0.0,0.0,0.0,0,0,0,0.0,0.0,0.0,0.0,0.0,0.0,0.0,0.0,0.0,0.0,0.0,0.0,0.0,0.0,0.0,0.0,0,-107875648.0,53,0.0,106,-107614832.0,-107350944.0,ERR,ERR,ERR,ERR,ERR,ERR,ERR,ERR,ERR,ERR,ERR,ERR,ERR,ERR,ERR,ERR,ERR,ERR,ERR,ERR,ERR,ERR,ERR,ERR,ERR,ERR,ERR,ERR,ERR,ERR,ERR,ERR,ERR,ERR,ERR,ERR,ERR,ERR,ERR,ERR,ERR,ERR,ERR,ERR,ERR,ERR,ERR,ERR,ERR,ERR,ERR,ERR,ERR,ERR,ERR,ERR,ERR,ERR,ERR,ERR,ERR,ERR,ERR,ERR,ERR,ERR,ERR,50.0,60.0,100,0.0,0.0,0.0,0.0,0.0,0.0,0.0,0.0,0.0,0.0,0.0,0.0,0.0,0.0,0.0,0.0,61.6,65,20,65521,50,65476,0,300,0,0,8,20529,65476,0,0,26214,60.0,0.0,0.0,0.0,0.0,0.0
2026-05-17T16:23:02,ERR,ERR,ERR,ERR,ERR,ERR,ERR,ERR,ERR,ERR,ERR,ERR,ERR,ERR,ERR,ERR,ERR,ERR,ERR,ERR,ERR,ERR,ERR,ERR,ERR,ERR,ERR,ERR,ERR,ERR,ERR,ERR,ERR,ERR,ERR,ERR,ERR,ERR,ERR,ERR,ERR,ERR,ERR,ERR,ERR,ERR,ERR,ERR,ERR,ERR,ERR,ERR,ERR,ERR,ERR,ERR,ERR,ERR,ERR,ERR,ERR,ERR,ERR,ERR,ERR,ERR,ERR,ERR,ERR,ERR,ERR,ERR,ERR,ERR,ERR,ERR,ERR,ERR,ERR,ERR,ERR,ERR,ERR,ERR,ERR,ERR,ERR,ERR,ERR,ERR,ERR,ERR,ERR,ERR,ERR,ERR,ERR,ERR,ERR,ERR,ERR,ERR,ERR,ERR,ERR,ERR,ERR,ERR,ERR,ERR,ERR,ERR,ERR,ERR,ERR,ERR,ERR,ERR,ERR,ERR,ERR,ERR,ERR,ERR,ERR,0.0,-107615288.0,-0.0,0.0,0.0,1.3936040501711995e+18,7.805,0.0,0,0,4,0,8422,0.0,45,0.0,0.0,0.0,0.0,0.0,0,0,0,0,0.0,0,0,0,0,0,0,0,0,0,0,0,0,0,0,0,0,0,0,0,0,0,0,0,0,0,0,0,0,0,0,0,0,0,38,14,7,45,65476,0,300,0,0,8,21553,0.0,-107605600.0,0.0,0.0,0.0,0.0,0.0,0.0,0.0,0.0,0.0,0.0,0.0,0.0,0.0,0.0,0.0,0.0,0.0,0.0,0.0,0.0,0.0,-2.004,-0.0,0.0,0.0,0.0,0.0,0.0,4974.0,-8608181248.0,0.0,0.0,-107615288.0,0.0,-0.0,0.0,0.0,0.0,0.0,53,126841110528.0,1.905685750968484e+17,0.0,0.0,0.0,0.0,0.0,0.0,0.0,0,0,0,0.0,0.0,0.0,0.0,0.0,0.0,0.0,0.0,0.0,0.0,0.0,0.0,0.0,0.0,0.0,0.0,0,-107875648.0,53,0.0,106,-107614832.0,-107350944.0,ERR,ERR,ERR,ERR,ERR,ERR,ERR,ERR,ERR,ERR,ERR,ERR,ERR,ERR,ERR,ERR,ERR,ERR,ERR,ERR,ERR,ERR,ERR,ERR,ERR,ERR,ERR,ERR,ERR,ERR,ERR,ERR,ERR,ERR,ERR,ERR,ERR,ERR,ERR,ERR,ERR,ERR,ERR,ERR,ERR,ERR,ERR,ERR,ERR,ERR,ERR,ERR,ERR,ERR,ERR,ERR,ERR,ERR,ERR,ERR,ERR,ERR,ERR,ERR,ERR,ERR,ERR,50.0,60.0,100,0.0,0.0,0.0,0.0,0.0,0.0,0.0,0.0,0.0,0.0,0.0,0.0,0.0,0.0,0.0,0.0,61.6,65,20,65521,50,65476,0,300,0,0,8,20529,65476,0,0,26214,60.0,0.0,0.0,0.0,0.0,0.0
2026-05-17T16:23:03,ERR,ERR,ERR,ERR,ERR,ERR,ERR,ERR,ERR,ERR,ERR,ERR,ERR,ERR,ERR,ERR,ERR,ERR,ERR,ERR,ERR,ERR,ERR,ERR,ERR,ERR,ERR,ERR,ERR,ERR,ERR,ERR,ERR,ERR,ERR,ERR,ERR,ERR,ERR,ERR,ERR,ERR,ERR,ERR,ERR,ERR,ERR,ERR,ERR,ERR,ERR,ERR,ERR,ERR,ERR,ERR,ERR,ERR,ERR,ERR,ERR,ERR,ERR,ERR,ERR,ERR,ERR,ERR,ERR,ERR,ERR,ERR,ERR,ERR,ERR,ERR,ERR,ERR,ERR,ERR,ERR,ERR,ERR,ERR,ERR,ERR,ERR,ERR,ERR,ERR,ERR,ERR,ERR,ERR,ERR,ERR,ERR,ERR,ERR,ERR,ERR,ERR,ERR,ERR,ERR,ERR,ERR,ERR,ERR,ERR,ERR,ERR,ERR,ERR,ERR,ERR,ERR,ERR,ERR,ERR,ERR,ERR,ERR,ERR,ERR,0.0,-107615288.0,-0.0,0.0,0.0,1.3936040501711995e+18,7.805,0.0,0,0,4,0,8422,0.0,45,0.0,0.0,0.0,0.0,0.0,0,0,0,0,0.0,0,0,0,0,0,0,0,0,0,0,0,0,0,0,0,0,0,0,0,0,0,0,0,0,0,0,0,0,0,0,0,0,0,38,14,7,45,65476,0,300,0,0,8,21553,0.0,-107605600.0,0.0,0.0,0.0,0.0,0.0,0.0,0.0,0.0,0.0,0.0,0.0,0.0,0.0,0.0,0.0,0.0,0.0,0.0,0.0,0.0,0.0,-2.004,-0.0,0.0,0.0,0.0,0.0,0.0,4974.0,-8608181248.0,0.0,0.0,-107615288.0,0.0,-0.0,0.0,0.0,0.0,0.0,53,126841110528.0,1.905685750968484e+17,0.0,0.0,0.0,0.0,0.0,0.0,0.0,0,0,0,0.0,0.0,0.0,0.0,0.0,0.0,0.0,0.0,0.0,0.0,0.0,0.0,0.0,0.0,0.0,0.0,0,-107875648.0,53,0.0,106,-107614832.0,-107350944.0,ERR,ERR,ERR,ERR,ERR,ERR,ERR,ERR,ERR,ERR,ERR,ERR,ERR,ERR,ERR,ERR,ERR,ERR,ERR,ERR,ERR,ERR,ERR,ERR,ERR,ERR,ERR,ERR,ERR,ERR,ERR,ERR,ERR,ERR,ERR,ERR,ERR,ERR,ERR,ERR,ERR,ERR,ERR,ERR,ERR,ERR,ERR,ERR,ERR,ERR,ERR,ERR,ERR,ERR,ERR,ERR,ERR,ERR,ERR,ERR,ERR,ERR,ERR,ERR,ERR,ERR,ERR,50.0,60.0,100,0.0,0.0,0.0,0.0,0.0,0.0,0.0,0.0,0.0,0.0,0.0,0.0,0.0,0.0,0.0,0.0,61.6,65,20,65521,50,65476,0,300,0,0,8,20529,65476,0,0,26214,60.0,0.0,0.0,0.0,0.0,0.0
2026-05-17T16:23:04,ERR,ERR,ERR,ERR,ERR,ERR,ERR,ERR,ERR,ERR,ERR,ERR,ERR,ERR,ERR,ERR,ERR,ERR,ERR,ERR,ERR,ERR,ERR,ERR,ERR,ERR,ERR,ERR,ERR,ERR,ERR,ERR,ERR,ERR,ERR,ERR,ERR,ERR,ERR,ERR,ERR,ERR,ERR,ERR,ERR,ERR,ERR,ERR,ERR,ERR,ERR,ERR,ERR,ERR,ERR,ERR,ERR,ERR,ERR,ERR,ERR,ERR,ERR,ERR,ERR,ERR,ERR,ERR,ERR,ERR,ERR,ERR,ERR,ERR,ERR,ERR,ERR,ERR,ERR,ERR,ERR,ERR,ERR,ERR,ERR,ERR,ERR,ERR,ERR,ERR,ERR,ERR,ERR,ERR,ERR,ERR,ERR,ERR,ERR,ERR,ERR,ERR,ERR,ERR,ERR,ERR,ERR,ERR,ERR,ERR,ERR,ERR,ERR,ERR,ERR,ERR,ERR,ERR,ERR,ERR,ERR,ERR,ERR,ERR,ERR,0.0,-107615288.0,-0.0,0.0,0.0,1.3936040501711995e+18,7.805,0.0,0,0,4,0,8422,0.0,45,0.0,0.0,0.0,0.0,0.0,0,0,0,0,0.0,0,0,0,0,0,0,0,0,0,0,0,0,0,0,0,0,0,0,0,0,0,0,0,0,0,0,0,0,0,0,0,0,0,38,14,7,45,65476,0,300,0,0,8,21553,0.0,-107605600.0,0.0,0.0,0.0,0.0,0.0,0.0,0.0,0.0,0.0,0.0,0.0,0.0,0.0,0.0,0.0,0.0,0.0,0.0,0.0,0.0,0.0,-2.004,-0.0,0.0,0.0,0.0,0.0,0.0,4974.0,-8608181248.0,0.0,0.0,-107615288.0,0.0,-0.0,0.0,0.0,0.0,0.0,53,126841110528.0,1.905685750968484e+17,0.0,0.0,0.0,0.0,0.0,0.0,0.0,0,0,0,0.0,0.0,0.0,0.0,0.0,0.0,0.0,0.0,0.0,0.0,0.0,0.0,0.0,0.0,0.0,0.0,0,-107875648.0,53,0.0,106,-107614832.0,-107350944.0,ERR,ERR,ERR,ERR,ERR,ERR,ERR,ERR,ERR,ERR,ERR,ERR,ERR,ERR,ERR,ERR,ERR,ERR,ERR,ERR,ERR,ERR,ERR,ERR,ERR,ERR,ERR,ERR,ERR,ERR,ERR,ERR,ERR,ERR,ERR,ERR,ERR,ERR,ERR,ERR,ERR,ERR,ERR,ERR,ERR,ERR,ERR,ERR,ERR,ERR,ERR,ERR,ERR,ERR,ERR,ERR,ERR,ERR,ERR,ERR,ERR,ERR,ERR,ERR,ERR,ERR,ERR,50.0,60.0,100,0.0,0.0,0.0,0.0,0.0,0.0,0.0,0.0,0.0,0.0,0.0,0.0,0.0,0.0,0.0,0.0,61.6,65,20,65521,50,65476,0,300,0,0,8,20529,65476,0,0,26214,60.0,0.0,0.0,0.0,0.0,0.0
2026-05-17T16:23:05,ERR,ERR,ERR,ERR,ERR,ERR,ERR,ERR,ERR,ERR,ERR,ERR,ERR,ERR,ERR,ERR,ERR,ERR,ERR,ERR,ERR,ERR,ERR,ERR,ERR,ERR,ERR,ERR,ERR,ERR,ERR,ERR,ERR,ERR,ERR,ERR,ERR,ERR,ERR,ERR,ERR,ERR,ERR,ERR,ERR,ERR,ERR,ERR,ERR,ERR,ERR,ERR,ERR,ERR,ERR,ERR,ERR,ERR,ERR,ERR,ERR,ERR,ERR,ERR,ERR,ERR,ERR,ERR,ERR,ERR,ERR,ERR,ERR,ERR,ERR,ERR,ERR,ERR,ERR,ERR,ERR,ERR,ERR,ERR,ERR,ERR,ERR,ERR,ERR,ERR,ERR,ERR,ERR,ERR,ERR,ERR,ERR,ERR,ERR,ERR,ERR,ERR,ERR,ERR,ERR,ERR,ERR,ERR,ERR,ERR,ERR,ERR,ERR,ERR,ERR,ERR,ERR,ERR,ERR,ERR,ERR,ERR,ERR,ERR,ERR,0.0,-107615288.0,-0.0,0.0,0.0,1.3936040501711995e+18,7.805,0.0,0,0,4,0,8422,0.0,45,0.0,0.0,0.0,0.0,0.0,0,0,0,0,0.0,0,0,0,0,0,0,0,0,0,0,0,0,0,0,0,0,0,0,0,0,0,0,0,0,0,0,0,0,0,0,0,0,0,38,14,7,45,65476,0,300,0,0,8,21553,0.0,-107605600.0,0.0,0.0,0.0,0.0,0.0,0.0,0.0,0.0,0.0,0.0,0.0,0.0,0.0,0.0,0.0,0.0,0.0,0.0,0.0,0.0,0.0,-2.004,-0.0,0.0,0.0,0.0,0.0,0.0,4974.0,-8608181248.0,0.0,0.0,-107615288.0,0.0,-0.0,0.0,0.0,0.0,0.0,53,126841110528.0,1.905685750968484e+17,0.0,0.0,0.0,0.0,0.0,0.0,0.0,0,0,0,0.0,0.0,0.0,0.0,0.0,0.0,0.0,0.0,0.0,0.0,0.0,0.0,0.0,0.0,0.0,0.0,0,-107875648.0,53,0.0,106,-107614832.0,-107350944.0,ERR,ERR,ERR,ERR,ERR,ERR,ERR,ERR,ERR,ERR,ERR,ERR,ERR,ERR,ERR,ERR,ERR,ERR,ERR,ERR,ERR,ERR,ERR,ERR,ERR,ERR,ERR,ERR,ERR,ERR,ERR,ERR,ERR,ERR,ERR,ERR,ERR,ERR,ERR,ERR,ERR,ERR,ERR,ERR,ERR,ERR,ERR,ERR,ERR,ERR,ERR,ERR,ERR,ERR,ERR,ERR,ERR,ERR,ERR,ERR,ERR,ERR,ERR,ERR,ERR,ERR,ERR,50.0,60.0,100,0.0,0.0,0.0,0.0,0.0,0.0,0.0,0.0,0.0,0.0,0.0,0.0,0.0,0.0,0.0,0.0,61.6,65,20,65521,50,65476,0,300,0,0,8,20529,65476,0,0,26214,60.0,0.0,0.0,0.0,0.0,0.0
2026-05-17T16:23:06,ERR,ERR,ERR,ERR,ERR,ERR,ERR,ERR,ERR,ERR,ERR,ERR,ERR,ERR,ERR,ERR,ERR,ERR,ERR,ERR,ERR,ERR,ERR,ERR,ERR,ERR,ERR,ERR,ERR,ERR,ERR,ERR,ERR,ERR,ERR,ERR,ERR,ERR,ERR,ERR,ERR,ERR,ERR,ERR,ERR,ERR,ERR,ERR,ERR,ERR,ERR,ERR,ERR,ERR,ERR,ERR,ERR,ERR,ERR,ERR,ERR,ERR,ERR,ERR,ERR,ERR,ERR,ERR,ERR,ERR,ERR,ERR,ERR,ERR,ERR,ERR,ERR,ERR,ERR,ERR,ERR,ERR,ERR,ERR,ERR,ERR,ERR,ERR,ERR,ERR,ERR,ERR,ERR,ERR,ERR,ERR,ERR,ERR,ERR,ERR,ERR,ERR,ERR,ERR,ERR,ERR,ERR,ERR,ERR,ERR,ERR,ERR,ERR,ERR,ERR,ERR,ERR,ERR,ERR,ERR,ERR,ERR,ERR,ERR,ERR,0.0,-107615288.0,-134474944.0,0.0,0.0,1.3936040501711995e+18,7.805,0.0,0,0,4,0,8422,0.0,45,0.0,0.0,0.0,0.0,0.0,0,0,0,0,0.0,0,0,0,0,0,0,0,0,0,0,0,0,0,0,0,0,0,0,0,0,0,0,0,0,0,0,0,0,0,0,0,0,0,38,14,7,45,65476,0,300,0,0,8,21553,0.0,-107605600.0,0.0,0.0,0.0,0.0,0.0,0.0,0.0,0.0,0.0,0.0,0.0,0.0,0.0,0.0,0.0,0.0,0.0,0.0,0.0,0.0,-2.004,-2.004,-0.0,0.0,0.0,0.0,0.0,0.0,4975.0,-2.4229876163019057e+24,0.0,0.0,-107615288.0,0.0,-0.0,0.0,0.0,0.0,0.0,53,152018454839296.0,-2.30882787541985e+20,0.0,0.0,0.0,0.0,0.0,0.0,0.0,0,0,0,0.0,0.0,0.0,0.0,0.0,0.0,0.0,0.0,0.0,0.0,0.0,0.0,0.0,0.0,0.0,0.0,0,-107875648.0,53,0.0,106,-107614832.0,-107350944.0,ERR,ERR,ERR,ERR,ERR,ERR,ERR,ERR,ERR,ERR,ERR,ERR,ERR,ERR,ERR,ERR,ERR,ERR,ERR,ERR,ERR,ERR,ERR,ERR,ERR,ERR,ERR,ERR,ERR,ERR,ERR,ERR,ERR,ERR,ERR,ERR,ERR,ERR,ERR,ERR,ERR,ERR,ERR,ERR,ERR,ERR,ERR,ERR,ERR,ERR,ERR,ERR,ERR,ERR,ERR,ERR,ERR,ERR,ERR,ERR,ERR,ERR,ERR,ERR,ERR,ERR,ERR,50.0,60.0,100,0.0,0.0,0.0,0.0,0.0,0.0,0.0,0.0,0.0,0.0,0.0,0.0,0.0,0.0,0.0,0.0,61.6,65,20,65521,50,65476,0,300,0,0,8,20529,65476,0,0,26214,60.0,0.0,0.0,0.0,0.0,0.0
2026-05-17T16:23:07,ERR,ERR,ERR,ERR,ERR,ERR,ERR,ERR,ERR,ERR,ERR,ERR,ERR,ERR,ERR,ERR,ERR,ERR,ERR,ERR,ERR,ERR,ERR,ERR,ERR,ERR,ERR,ERR,ERR,ERR,ERR,ERR,ERR,ERR,ERR,ERR,ERR,ERR,ERR,ERR,ERR,ERR,ERR,ERR,ERR,ERR,ERR,ERR,ERR,ERR,ERR,ERR,ERR,ERR,ERR,ERR,ERR,ERR,ERR,ERR,ERR,ERR,ERR,ERR,ERR,ERR,ERR,ERR,ERR,ERR,ERR,ERR,ERR,ERR,ERR,ERR,ERR,ERR,ERR,ERR,ERR,ERR,ERR,ERR,ERR,ERR,ERR,ERR,ERR,ERR,ERR,ERR,ERR,ERR,ERR,ERR,ERR,ERR,ERR,ERR,ERR,ERR,ERR,ERR,ERR,ERR,ERR,ERR,ERR,ERR,ERR,ERR,ERR,ERR,ERR,ERR,ERR,ERR,ERR,ERR,ERR,ERR,ERR,ERR,ERR,0.0,-107615288.0,-134474944.0,0.0,0.0,1.3936040501711995e+18,7.805,0.0,0,0,4,0,8422,0.0,45,0.0,0.0,0.0,0.0,0.0,0,0,0,0,0.0,0,0,0,0,0,0,0,0,0,0,0,0,0,0,0,0,0,0,0,0,0,0,0,0,0,0,0,0,0,0,0,0,0,38,14,7,45,65476,0,300,0,0,8,21553,0.0,-107605600.0,0.0,0.0,0.0,0.0,0.0,0.0,0.0,0.0,0.0,0.0,0.0,0.0,0.0,0.0,0.0,0.0,0.0,0.0,0.0,0.0,-2.004,-2.004,-0.0,0.0,0.0,0.0,0.0,0.0,4975.0,-2.4229876163019057e+24,0.0,0.0,-107615288.0,0.0,-0.0,0.0,0.0,0.0,0.0,53,152018454839296.0,-2.30882787541985e+20,0.0,0.0,0.0,0.0,0.0,0.0,0.0,0,0,0,0.0,0.0,0.0,0.0,0.0,0.0,0.0,0.0,0.0,0.0,0.0,0.0,0.0,0.0,0.0,0.0,0,-107875648.0,53,0.0,106,-107614832.0,-107350944.0,ERR,ERR,ERR,ERR,ERR,ERR,ERR,ERR,ERR,ERR,ERR,ERR,ERR,ERR,ERR,ERR,ERR,ERR,ERR,ERR,ERR,ERR,ERR,ERR,ERR,ERR,ERR,ERR,ERR,ERR,ERR,ERR,ERR,ERR,ERR,ERR,ERR,ERR,ERR,ERR,ERR,ERR,ERR,ERR,ERR,ERR,ERR,ERR,ERR,ERR,ERR,ERR,ERR,ERR,ERR,ERR,ERR,ERR,ERR,ERR,ERR,ERR,ERR,ERR,ERR,ERR,ERR,50.0,60.0,100,0.0,0.0,0.0,0.0,0.0,0.0,0.0,0.0,0.0,0.0,0.0,0.0,0.0,0.0,0.0,0.0,61.6,65,20,65521,50,65476,0,300,0,0,8,20529,65476,0,0,26214,60.0,0.0,0.0,0.0,0.0,0.0
2026-05-17T16:23:08,ERR,ERR,ERR,ERR,ERR,ERR,ERR,ERR,ERR,ERR,ERR,ERR,ERR,ERR,ERR,ERR,ERR,ERR,ERR,ERR,ERR,ERR,ERR,ERR,ERR,ERR,ERR,ERR,ERR,ERR,ERR,ERR,ERR,ERR,ERR,ERR,ERR,ERR,ERR,ERR,ERR,ERR,ERR,ERR,ERR,ERR,ERR,ERR,ERR,ERR,ERR,ERR,ERR,ERR,ERR,ERR,ERR,ERR,ERR,ERR,ERR,ERR,ERR,ERR,ERR,ERR,ERR,ERR,ERR,ERR,ERR,ERR,ERR,ERR,ERR,ERR,ERR,ERR,ERR,ERR,ERR,ERR,ERR,ERR,ERR,ERR,ERR,ERR,ERR,ERR,ERR,ERR,ERR,ERR,ERR,ERR,ERR,ERR,ERR,ERR,ERR,ERR,ERR,ERR,ERR,ERR,ERR,ERR,ERR,ERR,ERR,ERR,ERR,ERR,ERR,ERR,ERR,ERR,ERR,ERR,ERR,ERR,ERR,ERR,ERR,0.0,-107615288.0,-134474944.0,0.0,0.0,1.3936040501711995e+18,7.805,0.0,0,0,4,0,8422,0.0,45,0.0,0.0,0.0,0.0,0.0,0,0,0,0,0.0,0,0,0,0,0,0,0,0,0,0,0,0,0,0,0,0,0,0,0,0,0,0,0,0,0,0,0,0,0,0,0,0,0,38,14,7,45,65476,0,300,0,0,8,21553,0.0,-107605600.0,0.0,0.0,0.0,0.0,0.0,0.0,0.0,0.0,0.0,0.0,0.0,0.0,0.0,0.0,0.0,0.0,0.0,0.0,0.0,0.0,-2.004,-2.004,-0.0,0.0,0.0,0.0,0.0,0.0,4975.0,-2.4229876163019057e+24,0.0,0.0,-107615288.0,0.0,-0.0,0.0,0.0,0.0,0.0,53,152018454839296.0,-2.30882787541985e+20,0.0,0.0,0.0,0.0,0.0,0.0,0.0,0,0,0,0.0,0.0,0.0,0.0,0.0,0.0,0.0,0.0,0.0,0.0,0.0,0.0,0.0,0.0,0.0,0.0,0,-107875648.0,53,0.0,106,-107614832.0,-107350944.0,ERR,ERR,ERR,ERR,ERR,ERR,ERR,ERR,ERR,ERR,ERR,ERR,ERR,ERR,ERR,ERR,ERR,ERR,ERR,ERR,ERR,ERR,ERR,ERR,ERR,ERR,ERR,ERR,ERR,ERR,ERR,ERR,ERR,ERR,ERR,ERR,ERR,ERR,ERR,ERR,ERR,ERR,ERR,ERR,ERR,ERR,ERR,ERR,ERR,ERR,ERR,ERR,ERR,ERR,ERR,ERR,ERR,ERR,ERR,ERR,ERR,ERR,ERR,ERR,ERR,ERR,ERR,50.0,60.0,100,0.0,0.0,0.0,0.0,0.0,0.0,0.0,0.0,0.0,0.0,0.0,0.0,0.0,0.0,0.0,0.0,61.6,65,20,65521,50,65476,0,300,0,0,8,20529,65476,0,0,26214,60.0,0.0,0.0,0.0,0.0,0.0
2026-05-17T16:23:09,ERR,ERR,ERR,ERR,ERR,ERR,ERR,ERR,ERR,ERR,ERR,ERR,ERR,ERR,ERR,ERR,ERR,ERR,ERR,ERR,ERR,ERR,ERR,ERR,ERR,ERR,ERR,ERR,ERR,ERR,ERR,ERR,ERR,ERR,ERR,ERR,ERR,ERR,ERR,ERR,ERR,ERR,ERR,ERR,ERR,ERR,ERR,ERR,ERR,ERR,ERR,ERR,ERR,ERR,ERR,ERR,ERR,ERR,ERR,ERR,ERR,ERR,ERR,ERR,ERR,ERR,ERR,ERR,ERR,ERR,ERR,ERR,ERR,ERR,ERR,ERR,ERR,ERR,ERR,ERR,ERR,ERR,ERR,ERR,ERR,ERR,ERR,ERR,ERR,ERR,ERR,ERR,ERR,ERR,ERR,ERR,ERR,ERR,ERR,ERR,ERR,ERR,ERR,ERR,ERR,ERR,ERR,ERR,ERR,ERR,ERR,ERR,ERR,ERR,ERR,ERR,ERR,ERR,ERR,ERR,ERR,ERR,ERR,ERR,ERR,0.0,-107615288.0,-134474944.0,0.0,0.0,1.3936040501711995e+18,7.805,0.0,0,0,4,0,8422,0.0,45,0.0,0.0,0.0,0.0,0.0,0,0,0,0,0.0,0,0,0,0,0,0,0,0,0,0,0,0,0,0,0,0,0,0,0,0,0,0,0,0,0,0,0,0,0,0,0,0,0,38,14,7,45,65476,0,300,0,0,8,21553,0.0,-107605600.0,0.0,0.0,0.0,0.0,0.0,0.0,0.0,0.0,0.0,0.0,0.0,0.0,0.0,0.0,0.0,0.0,0.0,0.0,0.0,0.0,-2.004,-2.004,-0.0,0.0,0.0,0.0,0.0,0.0,4975.0,-2.4229876163019057e+24,0.0,0.0,-107615288.0,0.0,-0.0,0.0,0.0,0.0,0.0,53,152018454839296.0,-2.30882787541985e+20,0.0,0.0,0.0,0.0,0.0,0.0,0.0,0,0,0,0.0,0.0,0.0,0.0,0.0,0.0,0.0,0.0,0.0,0.0,0.0,0.0,0.0,0.0,0.0,0.0,0,-107875648.0,53,0.0,106,-107614832.0,-107350944.0,ERR,ERR,ERR,ERR,ERR,ERR,ERR,ERR,ERR,ERR,ERR,ERR,ERR,ERR,ERR,ERR,ERR,ERR,ERR,ERR,ERR,ERR,ERR,ERR,ERR,ERR,ERR,ERR,ERR,ERR,ERR,ERR,ERR,ERR,ERR,ERR,ERR,ERR,ERR,ERR,ERR,ERR,ERR,ERR,ERR,ERR,ERR,ERR,ERR,ERR,ERR,ERR,ERR,ERR,ERR,ERR,ERR,ERR,ERR,ERR,ERR,ERR,ERR,ERR,ERR,ERR,ERR,50.0,60.0,100,0.0,0.0,0.0,0.0,0.0,0.0,0.0,0.0,0.0,0.0,0.0,0.0,0.0,0.0,0.0,0.0,62.0,65,20,65521,50,65476,0,300,0,0,8,20529,65476,0,0,26214,60.0,0.0,0.0,0.0,0.0,0.0
2026-05-17T16:23:10,ERR,ERR,ERR,ERR,ERR,ERR,ERR,ERR,ERR,ERR,ERR,ERR,ERR,ERR,ERR,ERR,ERR,ERR,ERR,ERR,ERR,ERR,ERR,ERR,ERR,ERR,ERR,ERR,ERR,ERR,ERR,ERR,ERR,ERR,ERR,ERR,ERR,ERR,ERR,ERR,ERR,ERR,ERR,ERR,ERR,ERR,ERR,ERR,ERR,ERR,ERR,ERR,ERR,ERR,ERR,ERR,ERR,ERR,ERR,ERR,ERR,ERR,ERR,ERR,ERR,ERR,ERR,ERR,ERR,ERR,ERR,ERR,ERR,ERR,ERR,ERR,ERR,ERR,ERR,ERR,ERR,ERR,ERR,ERR,ERR,ERR,ERR,ERR,ERR,ERR,ERR,ERR,ERR,ERR,ERR,ERR,ERR,ERR,ERR,ERR,ERR,ERR,ERR,ERR,ERR,ERR,ERR,ERR,ERR,ERR,ERR,ERR,ERR,ERR,ERR,ERR,ERR,ERR,ERR,ERR,ERR,ERR,ERR,ERR,ERR,0.0,-107615288.0,-134474944.0,0.0,0.0,1.3936040501711995e+18,7.805,0.0,0,0,4,0,8422,0.0,45,0.0,0.0,0.0,0.0,0.0,0,0,0,0,0.0,0,0,0,0,0,0,0,0,0,0,0,0,0,0,0,0,0,0,0,0,0,0,0,0,0,0,0,0,0,0,0,0,0,38,14,7,45,65476,0,300,0,0,8,21553,0.0,-107605600.0,0.0,0.0,0.0,0.0,0.0,0.0,0.0,0.0,0.0,0.0,0.0,0.0,0.0,0.0,0.0,0.0,0.0,0.0,0.0,0.0,-2.004,-2.004,-0.0,0.0,0.0,0.0,0.0,0.0,4975.0,-2.4229876163019057e+24,0.0,0.0,-107615288.0,0.0,-0.0,0.0,0.0,0.0,0.0,53,152018454839296.0,-2.30882787541985e+20,0.0,0.0,0.0,0.0,0.0,0.0,0.0,0,0,0,0.0,0.0,0.0,0.0,0.0,0.0,0.0,0.0,0.0,0.0,0.0,0.0,0.0,0.0,0.0,0.0,0,-107875648.0,53,0.0,106,-107614832.0,-107350944.0,ERR,ERR,ERR,ERR,ERR,ERR,ERR,ERR,ERR,ERR,ERR,ERR,ERR,ERR,ERR,ERR,ERR,ERR,ERR,ERR,ERR,ERR,ERR,ERR,ERR,ERR,ERR,ERR,ERR,ERR,ERR,ERR,ERR,ERR,ERR,ERR,ERR,ERR,ERR,ERR,ERR,ERR,ERR,ERR,ERR,ERR,ERR,ERR,ERR,ERR,ERR,ERR,ERR,ERR,ERR,ERR,ERR,ERR,ERR,ERR,ERR,ERR,ERR,ERR,ERR,ERR,ERR,50.0,60.0,100,0.0,0.0,0.0,0.0,0.0,0.0,0.0,0.0,0.0,0.0,0.0,0.0,0.0,0.0,0.0,0.0,62.0,65,20,65521,50,65476,0,300,0,0,8,20529,65476,0,0,26214,60.0,0.0,0.0,0.0,0.0,0.0
2026-05-17T16:23:11,ERR,ERR,ERR,ERR,ERR,ERR,ERR,ERR,ERR,ERR,ERR,ERR,ERR,ERR,ERR,ERR,ERR,ERR,ERR,ERR,ERR,ERR,ERR,ERR,ERR,ERR,ERR,ERR,ERR,ERR,ERR,ERR,ERR,ERR,ERR,ERR,ERR,ERR,ERR,ERR,ERR,ERR,ERR,ERR,ERR,ERR,ERR,ERR,ERR,ERR,ERR,ERR,ERR,ERR,ERR,ERR,ERR,ERR,ERR,ERR,ERR,ERR,ERR,ERR,ERR,ERR,ERR,ERR,ERR,ERR,ERR,ERR,ERR,ERR,ERR,ERR,ERR,ERR,ERR,ERR,ERR,ERR,ERR,ERR,ERR,ERR,ERR,ERR,ERR,ERR,ERR,ERR,ERR,ERR,ERR,ERR,ERR,ERR,ERR,ERR,ERR,ERR,ERR,ERR,ERR,ERR,ERR,ERR,ERR,ERR,ERR,ERR,ERR,ERR,ERR,ERR,ERR,ERR,ERR,ERR,ERR,ERR,ERR,ERR,ERR,0.0,-107615288.0,-0.0,0.0,0.0,1.3936040501711995e+18,7.805,0.0,0,0,4,0,8422,0.0,45,0.0,0.0,0.0,0.0,0.0,0,0,0,0,0.0,0,0,0,0,0,0,0,0,0,0,0,0,0,0,0,0,0,0,0,0,0,0,0,0,0,0,0,0,0,0,0,0,0,38,14,7,45,65476,0,300,0,0,8,21553,0.0,-107605600.0,0.0,0.0,0.0,0.0,0.0,0.0,0.0,0.0,0.0,0.0,0.0,0.0,0.0,0.0,0.0,0.0,0.0,0.0,0.0,0.0,0.0,-2.004,-0.0,0.0,0.0,0.0,0.0,0.0,5008.0,-131350.438,0.0,0.0,-107615288.0,0.0,-0.0,0.0,0.0,0.0,0.0,53,1.9056979486756045e+17,-0.0,0.0,0.0,0.0,0.0,0.0,0.0,0.0,0,0,0,0.0,0.0,0.0,0.0,0.0,0.0,0.0,0.0,0.0,0.0,0.0,0.0,0.0,0.0,0.0,0.0,0,-107875648.0,53,0.0,106,-107614832.0,-107350944.0,ERR,ERR,ERR,ERR,ERR,ERR,ERR,ERR,ERR,ERR,ERR,ERR,ERR,ERR,ERR,ERR,ERR,ERR,ERR,ERR,ERR,ERR,ERR,ERR,ERR,ERR,ERR,ERR,ERR,ERR,ERR,ERR,ERR,ERR,ERR,ERR,ERR,ERR,ERR,ERR,ERR,ERR,ERR,ERR,ERR,ERR,ERR,ERR,ERR,ERR,ERR,ERR,ERR,ERR,ERR,ERR,ERR,ERR,ERR,ERR,ERR,ERR,ERR,ERR,ERR,ERR,ERR,50.0,60.0,100,0.0,0.0,0.0,0.0,0.0,0.0,0.0,0.0,0.0,0.0,0.0,0.0,0.0,0.0,0.0,0.0,61.6,65,20,65521,50,65476,0,300,0,0,8,20529,65476,0,0,26214,60.0,0.0,0.0,0.0,0.0,0.0
2026-05-17T16:23:12,ERR,ERR,ERR,ERR,ERR,ERR,ERR,ERR,ERR,ERR,ERR,ERR,ERR,ERR,ERR,ERR,ERR,ERR,ERR,ERR,ERR,ERR,ERR,ERR,ERR,ERR,ERR,ERR,ERR,ERR,ERR,ERR,ERR,ERR,ERR,ERR,ERR,ERR,ERR,ERR,ERR,ERR,ERR,ERR,ERR,ERR,ERR,ERR,ERR,ERR,ERR,ERR,ERR,ERR,ERR,ERR,ERR,ERR,ERR,ERR,ERR,ERR,ERR,ERR,ERR,ERR,ERR,ERR,ERR,ERR,ERR,ERR,ERR,ERR,ERR,ERR,ERR,ERR,ERR,ERR,ERR,ERR,ERR,ERR,ERR,ERR,ERR,ERR,ERR,ERR,ERR,ERR,ERR,ERR,ERR,ERR,ERR,ERR,ERR,ERR,ERR,ERR,ERR,ERR,ERR,ERR,ERR,ERR,ERR,ERR,ERR,ERR,ERR,ERR,ERR,ERR,ERR,ERR,ERR,ERR,ERR,ERR,ERR,ERR,ERR,0.0,-107615288.0,-0.0,0.0,0.0,1.3936040501711995e+18,7.805,0.0,0,0,4,0,8422,0.0,45,0.0,0.0,0.0,0.0,0.0,0,0,0,0,0.0,0,0,0,0,0,0,0,0,0,0,0,0,0,0,0,0,0,0,0,0,0,0,0,0,0,0,0,0,0,0,0,0,0,38,14,7,45,65476,0,300,0,0,8,21553,0.0,-107605600.0,0.0,0.0,0.0,0.0,0.0,0.0,0.0,0.0,0.0,0.0,0.0,0.0,0.0,0.0,0.0,0.0,0.0,0.0,0.0,0.0,0.0,-2.004,-0.0,0.0,0.0,0.0,0.0,0.0,5008.0,-131350.438,0.0,0.0,-107615288.0,0.0,-0.0,0.0,0.0,0.0,0.0,53,1.9056979486756045e+17,-0.0,0.0,0.0,0.0,0.0,0.0,0.0,0.0,0,0,0,0.0,0.0,0.0,0.0,0.0,0.0,0.0,0.0,0.0,0.0,0.0,0.0,0.0,0.0,0.0,0.0,0,-107875648.0,53,0.0,106,-107614832.0,-107350944.0,ERR,ERR,ERR,ERR,ERR,ERR,ERR,ERR,ERR,ERR,ERR,ERR,ERR,ERR,ERR,ERR,ERR,ERR,ERR,ERR,ERR,ERR,ERR,ERR,ERR,ERR,ERR,ERR,ERR,ERR,ERR,ERR,ERR,ERR,ERR,ERR,ERR,ERR,ERR,ERR,ERR,ERR,ERR,ERR,ERR,ERR,ERR,ERR,ERR,ERR,ERR,ERR,ERR,ERR,ERR,ERR,ERR,ERR,ERR,ERR,ERR,ERR,ERR,ERR,ERR,ERR,ERR,50.0,60.0,100,0.0,0.0,0.0,0.0,0.0,0.0,0.0,0.0,0.0,0.0,0.0,0.0,0.0,0.0,0.0,0.0,61.6,65,20,65521,50,65476,0,300,0,0,8,20529,65476,0,0,26214,60.0,0.0,0.0,0.0,0.0,0.0
2026-05-17T16:23:13,ERR,ERR,ERR,ERR,ERR,ERR,ERR,ERR,ERR,ERR,ERR,ERR,ERR,ERR,ERR,ERR,ERR,ERR,ERR,ERR,ERR,ERR,ERR,ERR,ERR,ERR,ERR,ERR,ERR,ERR,ERR,ERR,ERR,ERR,ERR,ERR,ERR,ERR,ERR,ERR,ERR,ERR,ERR,ERR,ERR,ERR,ERR,ERR,ERR,ERR,ERR,ERR,ERR,ERR,ERR,ERR,ERR,ERR,ERR,ERR,ERR,ERR,ERR,ERR,ERR,ERR,ERR,ERR,ERR,ERR,ERR,ERR,ERR,ERR,ERR,ERR,ERR,ERR,ERR,ERR,ERR,ERR,ERR,ERR,ERR,ERR,ERR,ERR,ERR,ERR,ERR,ERR,ERR,ERR,ERR,ERR,ERR,ERR,ERR,ERR,ERR,ERR,ERR,ERR,ERR,ERR,ERR,ERR,ERR,ERR,ERR,ERR,ERR,ERR,ERR,ERR,ERR,ERR,ERR,ERR,ERR,ERR,ERR,ERR,ERR,0.0,-107615288.0,-0.0,0.0,0.0,1.3936040501711995e+18,7.805,0.0,0,0,4,0,8422,0.0,45,0.0,0.0,0.0,0.0,0.0,0,0,0,0,0.0,0,0,0,0,0,0,0,0,0,0,0,0,0,0,0,0,0,0,0,0,0,0,0,0,0,0,0,0,0,0,0,0,0,38,14,7,45,65476,0,300,0,0,8,21553,0.0,-107605600.0,0.0,0.0,0.0,0.0,0.0,0.0,0.0,0.0,0.0,0.0,0.0,0.0,0.0,0.0,0.0,0.0,0.0,0.0,0.0,0.0,0.0,-2.004,-0.0,0.0,0.0,0.0,0.0,0.0,5008.0,-131350.438,0.0,0.0,-107615288.0,0.0,-0.0,0.0,0.0,0.0,0.0,53,1.9056979486756045e+17,-0.0,0.0,0.0,0.0,0.0,0.0,0.0,0.0,0,0,0,0.0,0.0,0.0,0.0,0.0,0.0,0.0,0.0,0.0,0.0,0.0,0.0,0.0,0.0,0.0,0.0,0,-107875648.0,53,0.0,106,-107614832.0,-107350944.0,ERR,ERR,ERR,ERR,ERR,ERR,ERR,ERR,ERR,ERR,ERR,ERR,ERR,ERR,ERR,ERR,ERR,ERR,ERR,ERR,ERR,ERR,ERR,ERR,ERR,ERR,ERR,ERR,ERR,ERR,ERR,ERR,ERR,ERR,ERR,ERR,ERR,ERR,ERR,ERR,ERR,ERR,ERR,ERR,ERR,ERR,ERR,ERR,ERR,ERR,ERR,ERR,ERR,ERR,ERR,ERR,ERR,ERR,ERR,ERR,ERR,ERR,ERR,ERR,ERR,ERR,ERR,50.0,60.0,100,0.0,0.0,0.0,0.0,0.0,0.0,0.0,0.0,0.0,0.0,0.0,0.0,0.0,0.0,0.0,0.0,62.0,65,20,65521,50,65476,0,300,0,0,8,20529,65476,0,0,26214,60.0,0.0,0.0,0.0,0.0,0.0
2026-05-17T16:23:14,ERR,ERR,ERR,ERR,ERR,ERR,ERR,ERR,ERR,ERR,ERR,ERR,ERR,ERR,ERR,ERR,ERR,ERR,ERR,ERR,ERR,ERR,ERR,ERR,ERR,ERR,ERR,ERR,ERR,ERR,ERR,ERR,ERR,ERR,ERR,ERR,ERR,ERR,ERR,ERR,ERR,ERR,ERR,ERR,ERR,ERR,ERR,ERR,ERR,ERR,ERR,ERR,ERR,ERR,ERR,ERR,ERR,ERR,ERR,ERR,ERR,ERR,ERR,ERR,ERR,ERR,ERR,ERR,ERR,ERR,ERR,ERR,ERR,ERR,ERR,ERR,ERR,ERR,ERR,ERR,ERR,ERR,ERR,ERR,ERR,ERR,ERR,ERR,ERR,ERR,ERR,ERR,ERR,ERR,ERR,ERR,ERR,ERR,ERR,ERR,ERR,ERR,ERR,ERR,ERR,ERR,ERR,ERR,ERR,ERR,ERR,ERR,ERR,ERR,ERR,ERR,ERR,ERR,ERR,ERR,ERR,ERR,ERR,ERR,ERR,0.0,-107615288.0,-0.0,0.0,0.0,1.3936040501711995e+18,7.805,0.0,0,0,4,0,8422,0.0,45,0.0,0.0,0.0,0.0,0.0,0,0,0,0,0.0,0,0,0,0,0,0,0,0,0,0,0,0,0,0,0,0,0,0,0,0,0,0,0,0,0,0,0,0,0,0,0,0,0,38,14,7,45,65476,0,300,0,0,8,21553,0.0,-107605600.0,0.0,0.0,0.0,0.0,0.0,0.0,0.0,0.0,0.0,0.0,0.0,0.0,0.0,0.0,0.0,0.0,0.0,0.0,0.0,0.0,0.0,-2.004,-0.0,0.0,0.0,0.0,0.0,0.0,5008.0,-131350.438,0.0,0.0,-107615288.0,0.0,-0.0,0.0,0.0,0.0,0.0,53,1.9056979486756045e+17,-0.0,0.0,0.0,0.0,0.0,0.0,0.0,0.0,0,0,0,0.0,0.0,0.0,0.0,0.0,0.0,0.0,0.0,0.0,0.0,0.0,0.0,0.0,0.0,0.0,0.0,0,-107875648.0,53,0.0,106,-107614832.0,-107350944.0,ERR,ERR,ERR,ERR,ERR,ERR,ERR,ERR,ERR,ERR,ERR,ERR,ERR,ERR,ERR,ERR,ERR,ERR,ERR,ERR,ERR,ERR,ERR,ERR,ERR,ERR,ERR,ERR,ERR,ERR,ERR,ERR,ERR,ERR,ERR,ERR,ERR,ERR,ERR,ERR,ERR,ERR,ERR,ERR,ERR,ERR,ERR,ERR,ERR,ERR,ERR,ERR,ERR,ERR,ERR,ERR,ERR,ERR,ERR,ERR,ERR,ERR,ERR,ERR,ERR,ERR,ERR,50.0,60.0,100,0.0,0.0,0.0,0.0,0.0,0.0,0.0,0.0,0.0,0.0,0.0,0.0,0.0,0.0,0.0,0.0,62.0,65,20,65521,50,65476,0,300,0,0,8,20529,65476,0,0,26214,60.0,0.0,0.0,0.0,0.0,0.0
2026-05-17T16:23:15,ERR,ERR,ERR,ERR,ERR,ERR,ERR,ERR,ERR,ERR,ERR,ERR,ERR,ERR,ERR,ERR,ERR,ERR,ERR,ERR,ERR,ERR,ERR,ERR,ERR,ERR,ERR,ERR,ERR,ERR,ERR,ERR,ERR,ERR,ERR,ERR,ERR,ERR,ERR,ERR,ERR,ERR,ERR,ERR,ERR,ERR,ERR,ERR,ERR,ERR,ERR,ERR,ERR,ERR,ERR,ERR,ERR,ERR,ERR,ERR,ERR,ERR,ERR,ERR,ERR,ERR,ERR,ERR,ERR,ERR,ERR,ERR,ERR,ERR,ERR,ERR,ERR,ERR,ERR,ERR,ERR,ERR,ERR,ERR,ERR,ERR,ERR,ERR,ERR,ERR,ERR,ERR,ERR,ERR,ERR,ERR,ERR,ERR,ERR,ERR,ERR,ERR,ERR,ERR,ERR,ERR,ERR,ERR,ERR,ERR,ERR,ERR,ERR,ERR,ERR,ERR,ERR,ERR,ERR,ERR,ERR,ERR,ERR,ERR,ERR,0.0,-107615288.0,-0.0,0.0,0.0,1.3936040501711995e+18,7.805,0.0,0,0,4,0,8422,0.0,45,0.0,0.0,0.0,0.0,0.0,0,0,0,0,0.0,0,0,0,0,0,0,0,0,0,0,0,0,0,0,0,0,0,0,0,0,0,0,0,0,0,0,0,0,0,0,0,0,0,38,14,7,45,65476,0,300,0,0,8,21553,0.0,-107605600.0,0.0,0.0,0.0,0.0,0.0,0.0,0.0,0.0,0.0,0.0,0.0,0.0,0.0,0.0,0.0,0.0,0.0,0.0,0.0,0.0,0.0,-2.004,-0.0,0.0,0.0,0.0,0.0,0.0,5008.0,-131350.438,0.0,0.0,-107615288.0,0.0,-0.0,0.0,0.0,0.0,0.0,53,1.9056979486756045e+17,-0.0,0.0,0.0,0.0,0.0,0.0,0.0,0.0,0,0,0,0.0,0.0,0.0,0.0,0.0,0.0,0.0,0.0,0.0,0.0,0.0,0.0,0.0,0.0,0.0,0.0,0,-107875648.0,53,0.0,106,-107614832.0,-107350944.0,ERR,ERR,ERR,ERR,ERR,ERR,ERR,ERR,ERR,ERR,ERR,ERR,ERR,ERR,ERR,ERR,ERR,ERR,ERR,ERR,ERR,ERR,ERR,ERR,ERR,ERR,ERR,ERR,ERR,ERR,ERR,ERR,ERR,ERR,ERR,ERR,ERR,ERR,ERR,ERR,ERR,ERR,ERR,ERR,ERR,ERR,ERR,ERR,ERR,ERR,ERR,ERR,ERR,ERR,ERR,ERR,ERR,ERR,ERR,ERR,ERR,ERR,ERR,ERR,ERR,ERR,ERR,50.0,60.0,100,0.0,0.0,0.0,0.0,0.0,0.0,0.0,0.0,0.0,0.0,0.0,0.0,0.0,0.0,0.0,0.0,62.0,65,20,65521,50,65476,0,300,0,0,8,20529,65476,0,0,26214,60.0,0.0,0.0,0.0,0.0,0.0
2026-05-17T16:23:16,ERR,ERR,ERR,ERR,ERR,ERR,ERR,ERR,ERR,ERR,ERR,ERR,ERR,ERR,ERR,ERR,ERR,ERR,ERR,ERR,ERR,ERR,ERR,ERR,ERR,ERR,ERR,ERR,ERR,ERR,ERR,ERR,ERR,ERR,ERR,ERR,ERR,ERR,ERR,ERR,ERR,ERR,ERR,ERR,ERR,ERR,ERR,ERR,ERR,ERR,ERR,ERR,ERR,ERR,ERR,ERR,ERR,ERR,ERR,ERR,ERR,ERR,ERR,ERR,ERR,ERR,ERR,ERR,ERR,ERR,ERR,ERR,ERR,ERR,ERR,ERR,ERR,ERR,ERR,ERR,ERR,ERR,ERR,ERR,ERR,ERR,ERR,ERR,ERR,ERR,ERR,ERR,ERR,ERR,ERR,ERR,ERR,ERR,ERR,ERR,ERR,ERR,ERR,ERR,ERR,ERR,ERR,ERR,ERR,ERR,ERR,ERR,ERR,ERR,ERR,ERR,ERR,ERR,ERR,ERR,ERR,ERR,ERR,ERR,ERR,0.0,-107615288.0,-0.0,0.0,0.0,1.3936040501711995e+18,7.805,0.0,0,0,4,0,8422,0.0,45,0.0,0.0,0.0,0.0,0.0,0,0,0,0,0.0,0,0,0,0,0,0,0,0,0,0,0,0,0,0,0,0,0,0,0,0,0,0,0,0,0,0,0,0,0,0,0,0,0,38,14,7,45,65476,0,300,0,0,8,21553,0.0,-107605600.0,0.0,0.0,0.0,0.0,0.0,0.0,0.0,0.0,0.0,0.0,0.0,0.0,0.0,0.0,0.0,0.0,0.0,0.0,0.0,0.0,0.0,-2.004,-0.0,0.0,0.0,0.0,0.0,0.0,5007.0,-0.0,0.0,0.0,-107615288.0,0.0,-0.0,0.0,0.0,0.0,0.0,53,3.222028592685471e+26,-0.0,0.0,0.0,0.0,0.0,0.0,0.0,0.0,0,0,0,0.0,0.0,0.0,0.0,0.0,0.0,0.0,0.0,0.0,0.0,0.0,0.0,0.0,0.0,0.0,0.0,0,-107875648.0,53,0.0,106,-107614832.0,-107350944.0,ERR,ERR,ERR,ERR,ERR,ERR,ERR,ERR,ERR,ERR,ERR,ERR,ERR,ERR,ERR,ERR,ERR,ERR,ERR,ERR,ERR,ERR,ERR,ERR,ERR,ERR,ERR,ERR,ERR,ERR,ERR,ERR,ERR,ERR,ERR,ERR,ERR,ERR,ERR,ERR,ERR,ERR,ERR,ERR,ERR,ERR,ERR,ERR,ERR,ERR,ERR,ERR,ERR,ERR,ERR,ERR,ERR,ERR,ERR,ERR,ERR,ERR,ERR,ERR,ERR,ERR,ERR,50.0,60.0,100,0.0,0.0,0.0,0.0,0.0,0.0,0.0,0.0,0.0,0.0,0.0,0.0,0.0,0.0,0.0,0.0,62.0,65,20,65521,50,65476,0,300,0,0,8,20529,65476,0,0,26214,60.0,0.0,0.0,0.0,0.0,0.0
2026-05-17T16:23:17,ERR,ERR,ERR,ERR,ERR,ERR,ERR,ERR,ERR,ERR,ERR,ERR,ERR,ERR,ERR,ERR,ERR,ERR,ERR,ERR,ERR,ERR,ERR,ERR,ERR,ERR,ERR,ERR,ERR,ERR,ERR,ERR,ERR,ERR,ERR,ERR,ERR,ERR,ERR,ERR,ERR,ERR,ERR,ERR,ERR,ERR,ERR,ERR,ERR,ERR,ERR,ERR,ERR,ERR,ERR,ERR,ERR,ERR,ERR,ERR,ERR,ERR,ERR,ERR,ERR,ERR,ERR,ERR,ERR,ERR,ERR,ERR,ERR,ERR,ERR,ERR,ERR,ERR,ERR,ERR,ERR,ERR,ERR,ERR,ERR,ERR,ERR,ERR,ERR,ERR,ERR,ERR,ERR,ERR,ERR,ERR,ERR,ERR,ERR,ERR,ERR,ERR,ERR,ERR,ERR,ERR,ERR,ERR,ERR,ERR,ERR,ERR,ERR,ERR,ERR,ERR,ERR,ERR,ERR,ERR,ERR,ERR,ERR,ERR,ERR,0.0,-107615288.0,-0.0,0.0,0.0,1.3936040501711995e+18,7.805,0.0,0,0,4,0,8422,0.0,45,0.0,0.0,0.0,0.0,0.0,0,0,0,0,0.0,0,0,0,0,0,0,0,0,0,0,0,0,0,0,0,0,0,0,0,0,0,0,0,0,0,0,0,0,0,0,0,0,0,38,14,7,45,65476,0,300,0,0,8,21553,0.0,-107605600.0,0.0,0.0,0.0,0.0,0.0,0.0,0.0,0.0,0.0,0.0,0.0,0.0,0.0,0.0,0.0,0.0,0.0,0.0,0.0,0.0,0.0,-2.004,-0.0,0.0,0.0,0.0,0.0,0.0,5007.0,-0.0,0.0,0.0,-107615288.0,0.0,-0.0,0.0,0.0,0.0,0.0,53,3.222028592685471e+26,-0.0,0.0,0.0,0.0,0.0,0.0,0.0,0.0,0,0,0,0.0,0.0,0.0,0.0,0.0,0.0,0.0,0.0,0.0,0.0,0.0,0.0,0.0,0.0,0.0,0.0,0,-107875648.0,53,0.0,106,-107614832.0,-107350944.0,ERR,ERR,ERR,ERR,ERR,ERR,ERR,ERR,ERR,ERR,ERR,ERR,ERR,ERR,ERR,ERR,ERR,ERR,ERR,ERR,ERR,ERR,ERR,ERR,ERR,ERR,ERR,ERR,ERR,ERR,ERR,ERR,ERR,ERR,ERR,ERR,ERR,ERR,ERR,ERR,ERR,ERR,ERR,ERR,ERR,ERR,ERR,ERR,ERR,ERR,ERR,ERR,ERR,ERR,ERR,ERR,ERR,ERR,ERR,ERR,ERR,ERR,ERR,ERR,ERR,ERR,ERR,50.0,60.0,100,0.0,0.0,0.0,0.0,0.0,0.0,0.0,0.0,0.0,0.0,0.0,0.0,0.0,0.0,0.0,0.0,62.0,65,20,65521,50,65476,0,300,0,0,8,20529,65476,0,0,26214,60.0,0.0,0.0,0.0,0.0,0.0
2026-05-17T16:23:18,ERR,ERR,ERR,ERR,ERR,ERR,ERR,ERR,ERR,ERR,ERR,ERR,ERR,ERR,ERR,ERR,ERR,ERR,ERR,ERR,ERR,ERR,ERR,ERR,ERR,ERR,ERR,ERR,ERR,ERR,ERR,ERR,ERR,ERR,ERR,ERR,ERR,ERR,ERR,ERR,ERR,ERR,ERR,ERR,ERR,ERR,ERR,ERR,ERR,ERR,ERR,ERR,ERR,ERR,ERR,ERR,ERR,ERR,ERR,ERR,ERR,ERR,ERR,ERR,ERR,ERR,ERR,ERR,ERR,ERR,ERR,ERR,ERR,ERR,ERR,ERR,ERR,ERR,ERR,ERR,ERR,ERR,ERR,ERR,ERR,ERR,ERR,ERR,ERR,ERR,ERR,ERR,ERR,ERR,ERR,ERR,ERR,ERR,ERR,ERR,ERR,ERR,ERR,ERR,ERR,ERR,ERR,ERR,ERR,ERR,ERR,ERR,ERR,ERR,ERR,ERR,ERR,ERR,ERR,ERR,ERR,ERR,ERR,ERR,ERR,0.0,-107615288.0,-0.0,0.0,0.0,1.3936040501711995e+18,7.805,0.0,0,0,4,0,8422,0.0,45,0.0,0.0,0.0,0.0,0.0,0,0,0,0,0.0,0,0,0,0,0,0,0,0,0,0,0,0,0,0,0,0,0,0,0,0,0,0,0,0,0,0,0,0,0,0,0,0,0,38,14,7,45,65476,0,300,0,0,8,21553,0.0,-107605600.0,0.0,0.0,0.0,0.0,0.0,0.0,0.0,0.0,0.0,0.0,0.0,0.0,0.0,0.0,0.0,0.0,0.0,0.0,0.0,0.0,0.0,-2.004,-0.0,0.0,0.0,0.0,0.0,0.0,5007.0,-0.0,0.0,0.0,-107615288.0,0.0,-0.0,0.0,0.0,0.0,0.0,53,3.222028592685471e+26,-0.0,0.0,0.0,0.0,0.0,0.0,0.0,0.0,0,0,0,0.0,0.0,0.0,0.0,0.0,0.0,0.0,0.0,0.0,0.0,0.0,0.0,0.0,0.0,0.0,0.0,0,-107875648.0,53,0.0,106,-107614832.0,-107350944.0,ERR,ERR,ERR,ERR,ERR,ERR,ERR,ERR,ERR,ERR,ERR,ERR,ERR,ERR,ERR,ERR,ERR,ERR,ERR,ERR,ERR,ERR,ERR,ERR,ERR,ERR,ERR,ERR,ERR,ERR,ERR,ERR,ERR,ERR,ERR,ERR,ERR,ERR,ERR,ERR,ERR,ERR,ERR,ERR,ERR,ERR,ERR,ERR,ERR,ERR,ERR,ERR,ERR,ERR,ERR,ERR,ERR,ERR,ERR,ERR,ERR,ERR,ERR,ERR,ERR,ERR,ERR,50.0,60.0,100,0.0,0.0,0.0,0.0,0.0,0.0,0.0,0.0,0.0,0.0,0.0,0.0,0.0,0.0,0.0,0.0,62.0,65,20,65521,50,65476,0,300,0,0,8,20529,65476,0,0,26214,60.0,0.0,0.0,0.0,0.0,0.0
2026-05-17T16:23:19,ERR,ERR,ERR,ERR,ERR,ERR,ERR,ERR,ERR,ERR,ERR,ERR,ERR,ERR,ERR,ERR,ERR,ERR,ERR,ERR,ERR,ERR,ERR,ERR,ERR,ERR,ERR,ERR,ERR,ERR,ERR,ERR,ERR,ERR,ERR,ERR,ERR,ERR,ERR,ERR,ERR,ERR,ERR,ERR,ERR,ERR,ERR,ERR,ERR,ERR,ERR,ERR,ERR,ERR,ERR,ERR,ERR,ERR,ERR,ERR,ERR,ERR,ERR,ERR,ERR,ERR,ERR,ERR,ERR,ERR,ERR,ERR,ERR,ERR,ERR,ERR,ERR,ERR,ERR,ERR,ERR,ERR,ERR,ERR,ERR,ERR,ERR,ERR,ERR,ERR,ERR,ERR,ERR,ERR,ERR,ERR,ERR,ERR,ERR,ERR,ERR,ERR,ERR,ERR,ERR,ERR,ERR,ERR,ERR,ERR,ERR,ERR,ERR,ERR,ERR,ERR,ERR,ERR,ERR,ERR,ERR,ERR,ERR,ERR,ERR,0.0,-107615288.0,-0.0,0.0,0.0,1.3936040501711995e+18,7.805,0.0,0,0,4,0,8422,0.0,45,0.0,0.0,0.0,0.0,0.0,0,0,0,0,0.0,0,0,0,0,0,0,0,0,0,0,0,0,0,0,0,0,0,0,0,0,0,0,0,0,0,0,0,0,0,0,0,0,0,38,14,7,45,65476,0,300,0,0,8,21553,0.0,-107605600.0,0.0,0.0,0.0,0.0,0.0,0.0,0.0,0.0,0.0,0.0,0.0,0.0,0.0,0.0,0.0,0.0,0.0,0.0,0.0,0.0,0.0,-2.004,-0.0,0.0,0.0,0.0,0.0,0.0,5007.0,-0.0,0.0,0.0,-107615288.0,0.0,-0.0,0.0,0.0,0.0,0.0,53,3.222028592685471e+26,-0.0,0.0,0.0,0.0,0.0,0.0,0.0,0.0,0,0,0,0.0,0.0,0.0,0.0,0.0,0.0,0.0,0.0,0.0,0.0,0.0,0.0,0.0,0.0,0.0,0.0,0,-107875648.0,53,0.0,106,-107614832.0,-107350944.0,ERR,ERR,ERR,ERR,ERR,ERR,ERR,ERR,ERR,ERR,ERR,ERR,ERR,ERR,ERR,ERR,ERR,ERR,ERR,ERR,ERR,ERR,ERR,ERR,ERR,ERR,ERR,ERR,ERR,ERR,ERR,ERR,ERR,ERR,ERR,ERR,ERR,ERR,ERR,ERR,ERR,ERR,ERR,ERR,ERR,ERR,ERR,ERR,ERR,ERR,ERR,ERR,ERR,ERR,ERR,ERR,ERR,ERR,ERR,ERR,ERR,ERR,ERR,ERR,ERR,ERR,ERR,50.0,60.0,100,0.0,0.0,0.0,0.0,0.0,0.0,0.0,0.0,0.0,0.0,0.0,0.0,0.0,0.0,0.0,0.0,62.0,65,20,65521,50,65476,0,300,0,0,8,20529,65476,0,0,26214,60.0,0.0,0.0,0.0,0.0,0.0
2026-05-17T16:23:20,ERR,ERR,ERR,ERR,ERR,ERR,ERR,ERR,ERR,ERR,ERR,ERR,ERR,ERR,ERR,ERR,ERR,ERR,ERR,ERR,ERR,ERR,ERR,ERR,ERR,ERR,ERR,ERR,ERR,ERR,ERR,ERR,ERR,ERR,ERR,ERR,ERR,ERR,ERR,ERR,ERR,ERR,ERR,ERR,ERR,ERR,ERR,ERR,ERR,ERR,ERR,ERR,ERR,ERR,ERR,ERR,ERR,ERR,ERR,ERR,ERR,ERR,ERR,ERR,ERR,ERR,ERR,ERR,ERR,ERR,ERR,ERR,ERR,ERR,ERR,ERR,ERR,ERR,ERR,ERR,ERR,ERR,ERR,ERR,ERR,ERR,ERR,ERR,ERR,ERR,ERR,ERR,ERR,ERR,ERR,ERR,ERR,ERR,ERR,ERR,ERR,ERR,ERR,ERR,ERR,ERR,ERR,ERR,ERR,ERR,ERR,ERR,ERR,ERR,ERR,ERR,ERR,ERR,ERR,ERR,ERR,ERR,ERR,ERR,ERR,0.0,-107615288.0,-0.0,0.0,0.0,1.3936040501711995e+18,7.805,0.0,0,0,4,0,8422,0.0,45,0.0,0.0,0.0,0.0,0.0,0,0,0,0,0.0,0,0,0,0,0,0,0,0,0,0,0,0,0,0,0,0,0,0,0,0,0,0,0,0,0,0,0,0,0,0,0,0,0,38,14,7,45,65476,0,300,0,0,8,21553,0.0,-107605600.0,0.0,0.0,0.0,0.0,0.0,0.0,0.0,0.0,0.0,0.0,0.0,0.0,0.0,0.0,0.0,0.0,0.0,0.0,0.0,0.0,0.0,-2.004,-0.0,0.0,0.0,0.0,0.0,0.0,5007.0,-0.0,0.0,0.0,-107615288.0,0.0,-0.0,0.0,0.0,0.0,0.0,53,3.222028592685471e+26,-0.0,0.0,0.0,0.0,0.0,0.0,0.0,0.0,0,0,0,0.0,0.0,0.0,0.0,0.0,0.0,0.0,0.0,0.0,0.0,0.0,0.0,0.0,0.0,0.0,0.0,0,-107875648.0,53,0.0,106,-107614832.0,-107350944.0,ERR,ERR,ERR,ERR,ERR,ERR,ERR,ERR,ERR,ERR,ERR,ERR,ERR,ERR,ERR,ERR,ERR,ERR,ERR,ERR,ERR,ERR,ERR,ERR,ERR,ERR,ERR,ERR,ERR,ERR,ERR,ERR,ERR,ERR,ERR,ERR,ERR,ERR,ERR,ERR,ERR,ERR,ERR,ERR,ERR,ERR,ERR,ERR,ERR,ERR,ERR,ERR,ERR,ERR,ERR,ERR,ERR,ERR,ERR,ERR,ERR,ERR,ERR,ERR,ERR,ERR,ERR,50.0,60.0,100,0.0,0.0,0.0,0.0,0.0,0.0,0.0,0.0,0.0,0.0,0.0,0.0,0.0,0.0,0.0,0.0,61.6,65,20,65521,50,65476,0,300,0,0,8,20529,65476,0,0,26214,60.0,0.0,0.0,0.0,0.0,0.0
2026-05-17T16:23:21,ERR,ERR,ERR,ERR,ERR,ERR,ERR,ERR,ERR,ERR,ERR,ERR,ERR,ERR,ERR,ERR,ERR,ERR,ERR,ERR,ERR,ERR,ERR,ERR,ERR,ERR,ERR,ERR,ERR,ERR,ERR,ERR,ERR,ERR,ERR,ERR,ERR,ERR,ERR,ERR,ERR,ERR,ERR,ERR,ERR,ERR,ERR,ERR,ERR,ERR,ERR,ERR,ERR,ERR,ERR,ERR,ERR,ERR,ERR,ERR,ERR,ERR,ERR,ERR,ERR,ERR,ERR,ERR,ERR,ERR,ERR,ERR,ERR,ERR,ERR,ERR,ERR,ERR,ERR,ERR,ERR,ERR,ERR,ERR,ERR,ERR,ERR,ERR,ERR,ERR,ERR,ERR,ERR,ERR,ERR,ERR,ERR,ERR,ERR,ERR,ERR,ERR,ERR,ERR,ERR,ERR,ERR,ERR,ERR,ERR,ERR,ERR,ERR,ERR,ERR,ERR,ERR,ERR,ERR,ERR,ERR,ERR,ERR,ERR,ERR,0.0,-107615288.0,-0.0,0.0,0.0,1.3936040501711995e+18,7.805,0.0,0,0,4,0,8422,0.0,45,0.0,0.0,0.0,0.0,0.0,0,0,0,0,0.0,0,0,0,0,0,0,0,0,0,0,0,0,0,0,0,0,0,0,0,0,0,0,0,0,0,0,0,0,0,0,0,0,0,38,14,7,45,65476,0,300,0,0,8,21553,0.0,-107605600.0,0.0,0.0,0.0,0.0,0.0,0.0,0.0,0.0,0.0,0.0,0.0,0.0,0.0,0.0,0.0,0.0,0.0,0.0,0.0,0.0,0.0,-2.004,-0.0,0.0,0.0,0.0,0.0,0.0,5040.0,8608183296.0,0.0,0.0,-107615288.0,0.0,-0.0,0.0,0.0,0.0,0.0,53,1.9056979486756045e+17,1.9056860945658675e+17,0.0,0.0,0.0,0.0,0.0,0.0,0.0,0,0,0,0.0,0.0,0.0,0.0,0.0,0.0,0.0,0.0,0.0,0.0,0.0,0.0,0.0,0.0,0.0,0.0,0,-107875648.0,53,0.0,106,-107614832.0,-107350944.0,ERR,ERR,ERR,ERR,ERR,ERR,ERR,ERR,ERR,ERR,ERR,ERR,ERR,ERR,ERR,ERR,ERR,ERR,ERR,ERR,ERR,ERR,ERR,ERR,ERR,ERR,ERR,ERR,ERR,ERR,ERR,ERR,ERR,ERR,ERR,ERR,ERR,ERR,ERR,ERR,ERR,ERR,ERR,ERR,ERR,ERR,ERR,ERR,ERR,ERR,ERR,ERR,ERR,ERR,ERR,ERR,ERR,ERR,ERR,ERR,ERR,ERR,ERR,ERR,ERR,ERR,ERR,50.0,60.0,100,0.0,0.0,0.0,0.0,0.0,0.0,0.0,0.0,0.0,0.0,0.0,0.0,0.0,0.0,0.0,0.0,61.6,65,20,65521,50,65476,0,300,0,0,8,20529,65476,0,0,26214,60.0,0.0,0.0,0.0,0.0,0.0
2026-05-17T16:23:22,ERR,ERR,ERR,ERR,ERR,ERR,ERR,ERR,ERR,ERR,ERR,ERR,ERR,ERR,ERR,ERR,ERR,ERR,ERR,ERR,ERR,ERR,ERR,ERR,ERR,ERR,ERR,ERR,ERR,ERR,ERR,ERR,ERR,ERR,ERR,ERR,ERR,ERR,ERR,ERR,ERR,ERR,ERR,ERR,ERR,ERR,ERR,ERR,ERR,ERR,ERR,ERR,ERR,ERR,ERR,ERR,ERR,ERR,ERR,ERR,ERR,ERR,ERR,ERR,ERR,ERR,ERR,ERR,ERR,ERR,ERR,ERR,ERR,ERR,ERR,ERR,ERR,ERR,ERR,ERR,ERR,ERR,ERR,ERR,ERR,ERR,ERR,ERR,ERR,ERR,ERR,ERR,ERR,ERR,ERR,ERR,ERR,ERR,ERR,ERR,ERR,ERR,ERR,ERR,ERR,ERR,ERR,ERR,ERR,ERR,ERR,ERR,ERR,ERR,ERR,ERR,ERR,ERR,ERR,ERR,ERR,ERR,ERR,ERR,ERR,0.0,-107615288.0,-0.0,0.0,0.0,1.3936040501711995e+18,7.805,0.0,0,0,4,0,8422,0.0,45,0.0,0.0,0.0,0.0,0.0,0,0,0,0,0.0,0,0,0,0,0,0,0,0,0,0,0,0,0,0,0,0,0,0,0,0,0,0,0,0,0,0,0,0,0,0,0,0,0,38,14,7,45,65476,0,300,0,0,8,21553,0.0,-107605600.0,0.0,0.0,0.0,0.0,0.0,0.0,0.0,0.0,0.0,0.0,0.0,0.0,0.0,0.0,0.0,0.0,0.0,0.0,0.0,0.0,0.0,-2.004,-0.0,0.0,0.0,0.0,0.0,0.0,5040.0,8608183296.0,0.0,0.0,-107615288.0,0.0,-0.0,0.0,0.0,0.0,0.0,53,1.9056979486756045e+17,1.9056860945658675e+17,0.0,0.0,0.0,0.0,0.0,0.0,0.0,0,0,0,0.0,0.0,0.0,0.0,0.0,0.0,0.0,0.0,0.0,0.0,0.0,0.0,0.0,0.0,0.0,0.0,0,-107875648.0,53,0.0,106,-107614832.0,-107350944.0,ERR,ERR,ERR,ERR,ERR,ERR,ERR,ERR,ERR,ERR,ERR,ERR,ERR,ERR,ERR,ERR,ERR,ERR,ERR,ERR,ERR,ERR,ERR,ERR,ERR,ERR,ERR,ERR,ERR,ERR,ERR,ERR,ERR,ERR,ERR,ERR,ERR,ERR,ERR,ERR,ERR,ERR,ERR,ERR,ERR,ERR,ERR,ERR,ERR,ERR,ERR,ERR,ERR,ERR,ERR,ERR,ERR,ERR,ERR,ERR,ERR,ERR,ERR,ERR,ERR,ERR,ERR,50.0,60.0,100,0.0,0.0,0.0,0.0,0.0,0.0,0.0,0.0,0.0,0.0,0.0,0.0,0.0,0.0,0.0,0.0,61.6,65,20,65521,50,65476,0,300,0,0,8,20529,65476,0,0,26214,60.0,0.0,0.0,0.0,0.0,0.0
2026-05-17T16:23:23,ERR,ERR,ERR,ERR,ERR,ERR,ERR,ERR,ERR,ERR,ERR,ERR,ERR,ERR,ERR,ERR,ERR,ERR,ERR,ERR,ERR,ERR,ERR,ERR,ERR,ERR,ERR,ERR,ERR,ERR,ERR,ERR,ERR,ERR,ERR,ERR,ERR,ERR,ERR,ERR,ERR,ERR,ERR,ERR,ERR,ERR,ERR,ERR,ERR,ERR,ERR,ERR,ERR,ERR,ERR,ERR,ERR,ERR,ERR,ERR,ERR,ERR,ERR,ERR,ERR,ERR,ERR,ERR,ERR,ERR,ERR,ERR,ERR,ERR,ERR,ERR,ERR,ERR,ERR,ERR,ERR,ERR,ERR,ERR,ERR,ERR,ERR,ERR,ERR,ERR,ERR,ERR,ERR,ERR,ERR,ERR,ERR,ERR,ERR,ERR,ERR,ERR,ERR,ERR,ERR,ERR,ERR,ERR,ERR,ERR,ERR,ERR,ERR,ERR,ERR,ERR,ERR,ERR,ERR,ERR,ERR,ERR,ERR,ERR,ERR,0.0,-107615288.0,-0.0,0.0,0.0,1.3936040501711995e+18,7.805,0.0,0,0,4,0,8422,0.0,45,0.0,0.0,0.0,0.0,0.0,0,0,0,0,0.0,0,0,0,0,0,0,0,0,0,0,0,0,0,0,0,0,0,0,0,0,0,0,0,0,0,0,0,0,0,0,0,0,0,38,14,7,45,65476,0,300,0,0,8,21553,0.0,-107605600.0,0.0,0.0,0.0,0.0,0.0,0.0,0.0,0.0,0.0,0.0,0.0,0.0,0.0,0.0,0.0,0.0,0.0,0.0,0.0,0.0,0.0,-2.004,-0.0,0.0,0.0,0.0,0.0,0.0,5040.0,8608183296.0,0.0,0.0,-107615288.0,0.0,-0.0,0.0,0.0,0.0,0.0,53,1.9056979486756045e+17,1.9056860945658675e+17,0.0,0.0,0.0,0.0,0.0,0.0,0.0,0,0,0,0.0,0.0,0.0,0.0,0.0,0.0,0.0,0.0,0.0,0.0,0.0,0.0,0.0,0.0,0.0,0.0,0,-107875648.0,53,0.0,106,-107614832.0,-107350944.0,ERR,ERR,ERR,ERR,ERR,ERR,ERR,ERR,ERR,ERR,ERR,ERR,ERR,ERR,ERR,ERR,ERR,ERR,ERR,ERR,ERR,ERR,ERR,ERR,ERR,ERR,ERR,ERR,ERR,ERR,ERR,ERR,ERR,ERR,ERR,ERR,ERR,ERR,ERR,ERR,ERR,ERR,ERR,ERR,ERR,ERR,ERR,ERR,ERR,ERR,ERR,ERR,ERR,ERR,ERR,ERR,ERR,ERR,ERR,ERR,ERR,ERR,ERR,ERR,ERR,ERR,ERR,50.0,60.0,100,0.0,0.0,0.0,0.0,0.0,0.0,0.0,0.0,0.0,0.0,0.0,0.0,0.0,0.0,0.0,0.0,61.6,65,20,65521,50,65476,0,300,0,0,8,20529,65476,0,0,26214,60.0,0.0,0.0,0.0,0.0,0.0
2026-05-17T16:23:24,ERR,ERR,ERR,ERR,ERR,ERR,ERR,ERR,ERR,ERR,ERR,ERR,ERR,ERR,ERR,ERR,ERR,ERR,ERR,ERR,ERR,ERR,ERR,ERR,ERR,ERR,ERR,ERR,ERR,ERR,ERR,ERR,ERR,ERR,ERR,ERR,ERR,ERR,ERR,ERR,ERR,ERR,ERR,ERR,ERR,ERR,ERR,ERR,ERR,ERR,ERR,ERR,ERR,ERR,ERR,ERR,ERR,ERR,ERR,ERR,ERR,ERR,ERR,ERR,ERR,ERR,ERR,ERR,ERR,ERR,ERR,ERR,ERR,ERR,ERR,ERR,ERR,ERR,ERR,ERR,ERR,ERR,ERR,ERR,ERR,ERR,ERR,ERR,ERR,ERR,ERR,ERR,ERR,ERR,ERR,ERR,ERR,ERR,ERR,ERR,ERR,ERR,ERR,ERR,ERR,ERR,ERR,ERR,ERR,ERR,ERR,ERR,ERR,ERR,ERR,ERR,ERR,ERR,ERR,ERR,ERR,ERR,ERR,ERR,ERR,0.0,-107615288.0,-0.0,0.0,0.0,1.3936040501711995e+18,7.805,0.0,0,0,4,0,8422,0.0,45,0.0,0.0,0.0,0.0,0.0,0,0,0,0,0.0,0,0,0,0,0,0,0,0,0,0,0,0,0,0,0,0,0,0,0,0,0,0,0,0,0,0,0,0,0,0,0,0,0,38,14,7,45,65476,0,300,0,0,8,21553,0.0,-107605600.0,0.0,0.0,0.0,0.0,0.0,0.0,0.0,0.0,0.0,0.0,0.0,0.0,0.0,0.0,0.0,0.0,0.0,0.0,0.0,0.0,0.0,-2.004,-0.0,0.0,0.0,0.0,0.0,0.0,5040.0,8608183296.0,0.0,0.0,-107615288.0,0.0,-0.0,0.0,0.0,0.0,0.0,53,1.9056979486756045e+17,1.9056860945658675e+17,0.0,0.0,0.0,0.0,0.0,0.0,0.0,0,0,0,0.0,0.0,0.0,0.0,0.0,0.0,0.0,0.0,0.0,0.0,0.0,0.0,0.0,0.0,0.0,0.0,0,-107875648.0,53,0.0,106,-107614832.0,-107350944.0,ERR,ERR,ERR,ERR,ERR,ERR,ERR,ERR,ERR,ERR,ERR,ERR,ERR,ERR,ERR,ERR,ERR,ERR,ERR,ERR,ERR,ERR,ERR,ERR,ERR,ERR,ERR,ERR,ERR,ERR,ERR,ERR,ERR,ERR,ERR,ERR,ERR,ERR,ERR,ERR,ERR,ERR,ERR,ERR,ERR,ERR,ERR,ERR,ERR,ERR,ERR,ERR,ERR,ERR,ERR,ERR,ERR,ERR,ERR,ERR,ERR,ERR,ERR,ERR,ERR,ERR,ERR,50.0,60.0,100,0.0,0.0,0.0,0.0,0.0,0.0,0.0,0.0,0.0,0.0,0.0,0.0,0.0,0.0,0.0,0.0,61.6,65,20,65521,50,65476,0,300,0,0,8,20529,65476,0,0,26214,60.0,0.0,0.0,0.0,0.0,0.0
2026-05-17T16:23:25,ERR,ERR,ERR,ERR,ERR,ERR,ERR,ERR,ERR,ERR,ERR,ERR,ERR,ERR,ERR,ERR,ERR,ERR,ERR,ERR,ERR,ERR,ERR,ERR,ERR,ERR,ERR,ERR,ERR,ERR,ERR,ERR,ERR,ERR,ERR,ERR,ERR,ERR,ERR,ERR,ERR,ERR,ERR,ERR,ERR,ERR,ERR,ERR,ERR,ERR,ERR,ERR,ERR,ERR,ERR,ERR,ERR,ERR,ERR,ERR,ERR,ERR,ERR,ERR,ERR,ERR,ERR,ERR,ERR,ERR,ERR,ERR,ERR,ERR,ERR,ERR,ERR,ERR,ERR,ERR,ERR,ERR,ERR,ERR,ERR,ERR,ERR,ERR,ERR,ERR,ERR,ERR,ERR,ERR,ERR,ERR,ERR,ERR,ERR,ERR,ERR,ERR,ERR,ERR,ERR,ERR,ERR,ERR,ERR,ERR,ERR,ERR,ERR,ERR,ERR,ERR,ERR,ERR,ERR,ERR,ERR,ERR,ERR,ERR,ERR,0.0,-107615288.0,-0.0,0.0,0.0,1.3936040501711995e+18,7.805,0.0,0,0,4,0,8422,0.0,45,0.0,0.0,0.0,0.0,0.0,0,0,0,0,0.0,0,0,0,0,0,0,0,0,0,0,0,0,0,0,0,0,0,0,0,0,0,0,0,0,0,0,0,0,0,0,0,0,0,38,14,7,45,65476,0,300,0,0,8,21553,0.0,-107605600.0,0.0,0.0,0.0,0.0,0.0,0.0,0.0,0.0,0.0,0.0,0.0,0.0,0.0,0.0,0.0,0.0,0.0,0.0,0.0,0.0,0.0,-2.004,-0.0,0.0,0.0,0.0,0.0,0.0,5040.0,8608183296.0,0.0,0.0,-107615288.0,0.0,-0.0,0.0,0.0,0.0,0.0,53,1.9056979486756045e+17,1.9056860945658675e+17,0.0,0.0,0.0,0.0,0.0,0.0,0.0,0,0,0,0.0,0.0,0.0,0.0,0.0,0.0,0.0,0.0,0.0,0.0,0.0,0.0,0.0,0.0,0.0,0.0,0,-107875648.0,53,0.0,106,-107614832.0,-107350944.0,ERR,ERR,ERR,ERR,ERR,ERR,ERR,ERR,ERR,ERR,ERR,ERR,ERR,ERR,ERR,ERR,ERR,ERR,ERR,ERR,ERR,ERR,ERR,ERR,ERR,ERR,ERR,ERR,ERR,ERR,ERR,ERR,ERR,ERR,ERR,ERR,ERR,ERR,ERR,ERR,ERR,ERR,ERR,ERR,ERR,ERR,ERR,ERR,ERR,ERR,ERR,ERR,ERR,ERR,ERR,ERR,ERR,ERR,ERR,ERR,ERR,ERR,ERR,ERR,ERR,ERR,ERR,50.0,60.0,100,0.0,0.0,0.0,0.0,0.0,0.0,0.0,0.0,0.0,0.0,0.0,0.0,0.0,0.0,0.0,0.0,61.6,65,20,65521,50,65476,0,300,0,0,8,20529,65476,0,0,26214,60.0,0.0,0.0,0.0,0.0,0.0
2026-05-17T16:23:26,ERR,ERR,ERR,ERR,ERR,ERR,ERR,ERR,ERR,ERR,ERR,ERR,ERR,ERR,ERR,ERR,ERR,ERR,ERR,ERR,ERR,ERR,ERR,ERR,ERR,ERR,ERR,ERR,ERR,ERR,ERR,ERR,ERR,ERR,ERR,ERR,ERR,ERR,ERR,ERR,ERR,ERR,ERR,ERR,ERR,ERR,ERR,ERR,ERR,ERR,ERR,ERR,ERR,ERR,ERR,ERR,ERR,ERR,ERR,ERR,ERR,ERR,ERR,ERR,ERR,ERR,ERR,ERR,ERR,ERR,ERR,ERR,ERR,ERR,ERR,ERR,ERR,ERR,ERR,ERR,ERR,ERR,ERR,ERR,ERR,ERR,ERR,ERR,ERR,ERR,ERR,ERR,ERR,ERR,ERR,ERR,ERR,ERR,ERR,ERR,ERR,ERR,ERR,ERR,ERR,ERR,ERR,ERR,ERR,ERR,ERR,ERR,ERR,ERR,ERR,ERR,ERR,ERR,ERR,ERR,ERR,ERR,ERR,ERR,ERR,0.0,-107615288.0,-0.0,0.0,0.0,1.3936040501711995e+18,7.805,0.0,0,0,4,0,8422,0.0,45,0.0,0.0,0.0,0.0,0.0,0,0,0,0,0.0,0,0,0,0,0,0,0,0,0,0,0,0,0,0,0,0,0,0,0,0,0,0,0,0,0,0,0,0,0,0,0,0,0,38,14,7,45,65476,0,300,0,0,8,21553,0.0,-107605600.0,0.0,0.0,0.0,0.0,0.0,0.0,0.0,0.0,0.0,0.0,0.0,0.0,0.0,0.0,0.0,0.0,0.0,0.0,0.0,0.0,0.0,-2.004,-0.0,0.0,0.0,0.0,0.0,0.0,5039.0,-0.0,0.0,0.0,-107615288.0,0.0,-0.0,0.0,0.0,0.0,0.0,53,2.3088403658719416e+20,-0.0,0.0,0.0,0.0,0.0,0.0,0.0,0.0,0,0,0,0.0,0.0,0.0,0.0,0.0,0.0,0.0,0.0,0.0,0.0,0.0,0.0,0.0,0.0,0.0,0.0,0,-107875648.0,53,0.0,106,-107614832.0,-107350944.0,ERR,ERR,ERR,ERR,ERR,ERR,ERR,ERR,ERR,ERR,ERR,ERR,ERR,ERR,ERR,ERR,ERR,ERR,ERR,ERR,ERR,ERR,ERR,ERR,ERR,ERR,ERR,ERR,ERR,ERR,ERR,ERR,ERR,ERR,ERR,ERR,ERR,ERR,ERR,ERR,ERR,ERR,ERR,ERR,ERR,ERR,ERR,ERR,ERR,ERR,ERR,ERR,ERR,ERR,ERR,ERR,ERR,ERR,ERR,ERR,ERR,ERR,ERR,ERR,ERR,ERR,ERR,50.0,60.0,100,0.0,0.0,0.0,0.0,0.0,0.0,0.0,0.0,0.0,0.0,0.0,0.0,0.0,0.0,0.0,0.0,61.6,65,20,65521,50,65476,0,300,0,0,8,20529,65476,0,0,26214,60.0,0.0,0.0,0.0,0.0,0.0
2026-05-17T16:23:27,ERR,ERR,ERR,ERR,ERR,ERR,ERR,ERR,ERR,ERR,ERR,ERR,ERR,ERR,ERR,ERR,ERR,ERR,ERR,ERR,ERR,ERR,ERR,ERR,ERR,ERR,ERR,ERR,ERR,ERR,ERR,ERR,ERR,ERR,ERR,ERR,ERR,ERR,ERR,ERR,ERR,ERR,ERR,ERR,ERR,ERR,ERR,ERR,ERR,ERR,ERR,ERR,ERR,ERR,ERR,ERR,ERR,ERR,ERR,ERR,ERR,ERR,ERR,ERR,ERR,ERR,ERR,ERR,ERR,ERR,ERR,ERR,ERR,ERR,ERR,ERR,ERR,ERR,ERR,ERR,ERR,ERR,ERR,ERR,ERR,ERR,ERR,ERR,ERR,ERR,ERR,ERR,ERR,ERR,ERR,ERR,ERR,ERR,ERR,ERR,ERR,ERR,ERR,ERR,ERR,ERR,ERR,ERR,ERR,ERR,ERR,ERR,ERR,ERR,ERR,ERR,ERR,ERR,ERR,ERR,ERR,ERR,ERR,ERR,ERR,0.0,-107615288.0,-0.0,0.0,0.0,1.3936040501711995e+18,7.805,0.0,0,0,4,0,8422,0.0,45,0.0,0.0,0.0,0.0,0.0,0,0,0,0,0.0,0,0,0,0,0,0,0,0,0,0,0,0,0,0,0,0,0,0,0,0,0,0,0,0,0,0,0,0,0,0,0,0,0,38,14,7,45,65476,0,300,0,0,8,21553,0.0,-107605600.0,0.0,0.0,0.0,0.0,0.0,0.0,0.0,0.0,0.0,0.0,0.0,0.0,0.0,0.0,0.0,0.0,0.0,0.0,0.0,0.0,0.0,-2.004,-0.0,0.0,0.0,0.0,0.0,0.0,5039.0,-0.0,0.0,0.0,-107615288.0,0.0,-0.0,0.0,0.0,0.0,0.0,53,2.3088403658719416e+20,-0.0,0.0,0.0,0.0,0.0,0.0,0.0,0.0,0,0,0,0.0,0.0,0.0,0.0,0.0,0.0,0.0,0.0,0.0,0.0,0.0,0.0,0.0,0.0,0.0,0.0,0,-107875648.0,53,0.0,106,-107614832.0,-107350944.0,ERR,ERR,ERR,ERR,ERR,ERR,ERR,ERR,ERR,ERR,ERR,ERR,ERR,ERR,ERR,ERR,ERR,ERR,ERR,ERR,ERR,ERR,ERR,ERR,ERR,ERR,ERR,ERR,ERR,ERR,ERR,ERR,ERR,ERR,ERR,ERR,ERR,ERR,ERR,ERR,ERR,ERR,ERR,ERR,ERR,ERR,ERR,ERR,ERR,ERR,ERR,ERR,ERR,ERR,ERR,ERR,ERR,ERR,ERR,ERR,ERR,ERR,ERR,ERR,ERR,ERR,ERR,50.0,60.0,100,0.0,0.0,0.0,0.0,0.0,0.0,0.0,0.0,0.0,0.0,0.0,0.0,0.0,0.0,0.0,0.0,62.0,65,20,65521,50,65476,0,300,0,0,8,20529,65476,0,0,26214,60.0,0.0,0.0,0.0,0.0,0.0
2026-05-17T16:23:28,ERR,ERR,ERR,ERR,ERR,ERR,ERR,ERR,ERR,ERR,ERR,ERR,ERR,ERR,ERR,ERR,ERR,ERR,ERR,ERR,ERR,ERR,ERR,ERR,ERR,ERR,ERR,ERR,ERR,ERR,ERR,ERR,ERR,ERR,ERR,ERR,ERR,ERR,ERR,ERR,ERR,ERR,ERR,ERR,ERR,ERR,ERR,ERR,ERR,ERR,ERR,ERR,ERR,ERR,ERR,ERR,ERR,ERR,ERR,ERR,ERR,ERR,ERR,ERR,ERR,ERR,ERR,ERR,ERR,ERR,ERR,ERR,ERR,ERR,ERR,ERR,ERR,ERR,ERR,ERR,ERR,ERR,ERR,ERR,ERR,ERR,ERR,ERR,ERR,ERR,ERR,ERR,ERR,ERR,ERR,ERR,ERR,ERR,ERR,ERR,ERR,ERR,ERR,ERR,ERR,ERR,ERR,ERR,ERR,ERR,ERR,ERR,ERR,ERR,ERR,ERR,ERR,ERR,ERR,ERR,ERR,ERR,ERR,ERR,ERR,0.0,-107615288.0,-0.0,0.0,0.0,1.3936040501711995e+18,7.805,0.0,0,0,4,0,8422,0.0,45,0.0,0.0,0.0,0.0,0.0,0,0,0,0,0.0,0,0,0,0,0,0,0,0,0,0,0,0,0,0,0,0,0,0,0,0,0,0,0,0,0,0,0,0,0,0,0,0,0,38,14,7,45,65476,0,300,0,0,8,21553,0.0,-107605600.0,0.0,0.0,0.0,0.0,0.0,0.0,0.0,0.0,0.0,0.0,0.0,0.0,0.0,0.0,0.0,0.0,0.0,0.0,0.0,0.0,0.0,-2.004,-0.0,0.0,0.0,0.0,0.0,0.0,5039.0,-0.0,0.0,0.0,-107615288.0,0.0,-0.0,0.0,0.0,0.0,0.0,53,2.3088403658719416e+20,-0.0,0.0,0.0,0.0,0.0,0.0,0.0,0.0,0,0,0,0.0,0.0,0.0,0.0,0.0,0.0,0.0,0.0,0.0,0.0,0.0,0.0,0.0,0.0,0.0,0.0,0,-107875648.0,53,0.0,106,-107614832.0,-107350944.0,ERR,ERR,ERR,ERR,ERR,ERR,ERR,ERR,ERR,ERR,ERR,ERR,ERR,ERR,ERR,ERR,ERR,ERR,ERR,ERR,ERR,ERR,ERR,ERR,ERR,ERR,ERR,ERR,ERR,ERR,ERR,ERR,ERR,ERR,ERR,ERR,ERR,ERR,ERR,ERR,ERR,ERR,ERR,ERR,ERR,ERR,ERR,ERR,ERR,ERR,ERR,ERR,ERR,ERR,ERR,ERR,ERR,ERR,ERR,ERR,ERR,ERR,ERR,ERR,ERR,ERR,ERR,50.0,60.0,100,0.0,0.0,0.0,0.0,0.0,0.0,0.0,0.0,0.0,0.0,0.0,0.0,0.0,0.0,0.0,0.0,61.6,65,20,65521,50,65476,0,300,0,0,8,20529,65476,0,0,26214,60.0,0.0,0.0,0.0,0.0,0.0
2026-05-17T16:23:29,ERR,ERR,ERR,ERR,ERR,ERR,ERR,ERR,ERR,ERR,ERR,ERR,ERR,ERR,ERR,ERR,ERR,ERR,ERR,ERR,ERR,ERR,ERR,ERR,ERR,ERR,ERR,ERR,ERR,ERR,ERR,ERR,ERR,ERR,ERR,ERR,ERR,ERR,ERR,ERR,ERR,ERR,ERR,ERR,ERR,ERR,ERR,ERR,ERR,ERR,ERR,ERR,ERR,ERR,ERR,ERR,ERR,ERR,ERR,ERR,ERR,ERR,ERR,ERR,ERR,ERR,ERR,ERR,ERR,ERR,ERR,ERR,ERR,ERR,ERR,ERR,ERR,ERR,ERR,ERR,ERR,ERR,ERR,ERR,ERR,ERR,ERR,ERR,ERR,ERR,ERR,ERR,ERR,ERR,ERR,ERR,ERR,ERR,ERR,ERR,ERR,ERR,ERR,ERR,ERR,ERR,ERR,ERR,ERR,ERR,ERR,ERR,ERR,ERR,ERR,ERR,ERR,ERR,ERR,ERR,ERR,ERR,ERR,ERR,ERR,0.0,-107615288.0,-0.0,0.0,0.0,1.3936040501711995e+18,7.805,0.0,0,0,4,0,8422,0.0,45,0.0,0.0,0.0,0.0,0.0,0,0,0,0,0.0,0,0,0,0,0,0,0,0,0,0,0,0,0,0,0,0,0,0,0,0,0,0,0,0,0,0,0,0,0,0,0,0,0,38,14,7,45,65476,0,300,0,0,8,21553,0.0,-107605600.0,0.0,0.0,0.0,0.0,0.0,0.0,0.0,0.0,0.0,0.0,0.0,0.0,0.0,0.0,0.0,0.0,0.0,0.0,0.0,0.0,0.0,-2.004,-0.0,0.0,0.0,0.0,0.0,0.0,5039.0,-0.0,0.0,0.0,-107615288.0,0.0,-0.0,0.0,0.0,0.0,0.0,53,2.3088403658719416e+20,-0.0,0.0,0.0,0.0,0.0,0.0,0.0,0.0,0,0,0,0.0,0.0,0.0,0.0,0.0,0.0,0.0,0.0,0.0,0.0,0.0,0.0,0.0,0.0,0.0,0.0,0,-107875648.0,53,0.0,106,-107614832.0,-107350944.0,ERR,ERR,ERR,ERR,ERR,ERR,ERR,ERR,ERR,ERR,ERR,ERR,ERR,ERR,ERR,ERR,ERR,ERR,ERR,ERR,ERR,ERR,ERR,ERR,ERR,ERR,ERR,ERR,ERR,ERR,ERR,ERR,ERR,ERR,ERR,ERR,ERR,ERR,ERR,ERR,ERR,ERR,ERR,ERR,ERR,ERR,ERR,ERR,ERR,ERR,ERR,ERR,ERR,ERR,ERR,ERR,ERR,ERR,ERR,ERR,ERR,ERR,ERR,ERR,ERR,ERR,ERR,50.0,60.0,100,0.0,0.0,0.0,0.0,0.0,0.0,0.0,0.0,0.0,0.0,0.0,0.0,0.0,0.0,0.0,0.0,61.6,65,20,65521,50,65476,0,300,0,0,8,20529,65476,0,0,26214,60.0,0.0,0.0,0.0,0.0,0.0
2026-05-17T16:23:30,ERR,ERR,ERR,ERR,ERR,ERR,ERR,ERR,ERR,ERR,ERR,ERR,ERR,ERR,ERR,ERR,ERR,ERR,ERR,ERR,ERR,ERR,ERR,ERR,ERR,ERR,ERR,ERR,ERR,ERR,ERR,ERR,ERR,ERR,ERR,ERR,ERR,ERR,ERR,ERR,ERR,ERR,ERR,ERR,ERR,ERR,ERR,ERR,ERR,ERR,ERR,ERR,ERR,ERR,ERR,ERR,ERR,ERR,ERR,ERR,ERR,ERR,ERR,ERR,ERR,ERR,ERR,ERR,ERR,ERR,ERR,ERR,ERR,ERR,ERR,ERR,ERR,ERR,ERR,ERR,ERR,ERR,ERR,ERR,ERR,ERR,ERR,ERR,ERR,ERR,ERR,ERR,ERR,ERR,ERR,ERR,ERR,ERR,ERR,ERR,ERR,ERR,ERR,ERR,ERR,ERR,ERR,ERR,ERR,ERR,ERR,ERR,ERR,ERR,ERR,ERR,ERR,ERR,ERR,ERR,ERR,ERR,ERR,ERR,ERR,0.0,-107615288.0,-0.0,0.0,0.0,1.3936040501711995e+18,7.805,0.0,0,0,4,0,8422,0.0,45,0.0,0.0,0.0,0.0,0.0,0,0,0,0,0.0,0,0,0,0,0,0,0,0,0,0,0,0,0,0,0,0,0,0,0,0,0,0,0,0,0,0,0,0,0,0,0,0,0,38,14,7,45,65476,0,300,0,0,8,21553,0.0,-107605600.0,0.0,0.0,0.0,0.0,0.0,0.0,0.0,0.0,0.0,0.0,0.0,0.0,0.0,0.0,0.0,0.0,0.0,0.0,0.0,0.0,0.0,-2.004,-0.0,0.0,0.0,0.0,0.0,0.0,5039.0,-0.0,0.0,0.0,-107615288.0,0.0,-0.0,0.0,0.0,0.0,0.0,53,2.3088403658719416e+20,-0.0,0.0,0.0,0.0,0.0,0.0,0.0,0.0,0,0,0,0.0,0.0,0.0,0.0,0.0,0.0,0.0,0.0,0.0,0.0,0.0,0.0,0.0,0.0,0.0,0.0,0,-107875648.0,53,0.0,106,-107614832.0,-107350944.0,ERR,ERR,ERR,ERR,ERR,ERR,ERR,ERR,ERR,ERR,ERR,ERR,ERR,ERR,ERR,ERR,ERR,ERR,ERR,ERR,ERR,ERR,ERR,ERR,ERR,ERR,ERR,ERR,ERR,ERR,ERR,ERR,ERR,ERR,ERR,ERR,ERR,ERR,ERR,ERR,ERR,ERR,ERR,ERR,ERR,ERR,ERR,ERR,ERR,ERR,ERR,ERR,ERR,ERR,ERR,ERR,ERR,ERR,ERR,ERR,ERR,ERR,ERR,ERR,ERR,ERR,ERR,50.0,60.0,100,0.0,0.0,0.0,0.0,0.0,0.0,0.0,0.0,0.0,0.0,0.0,0.0,0.0,0.0,0.0,0.0,61.6,65,20,65521,50,65476,0,300,0,0,8,20529,65476,0,0,26214,60.0,0.0,0.0,0.0,0.0,0.0
2026-05-17T16:23:31,ERR,ERR,ERR,ERR,ERR,ERR,ERR,ERR,ERR,ERR,ERR,ERR,ERR,ERR,ERR,ERR,ERR,ERR,ERR,ERR,ERR,ERR,ERR,ERR,ERR,ERR,ERR,ERR,ERR,ERR,ERR,ERR,ERR,ERR,ERR,ERR,ERR,ERR,ERR,ERR,ERR,ERR,ERR,ERR,ERR,ERR,ERR,ERR,ERR,ERR,ERR,ERR,ERR,ERR,ERR,ERR,ERR,ERR,ERR,ERR,ERR,ERR,ERR,ERR,ERR,ERR,ERR,ERR,ERR,ERR,ERR,ERR,ERR,ERR,ERR,ERR,ERR,ERR,ERR,ERR,ERR,ERR,ERR,ERR,ERR,ERR,ERR,ERR,ERR,ERR,ERR,ERR,ERR,ERR,ERR,ERR,ERR,ERR,ERR,ERR,ERR,ERR,ERR,ERR,ERR,ERR,ERR,ERR,ERR,ERR,ERR,ERR,ERR,ERR,ERR,ERR,ERR,ERR,ERR,ERR,ERR,ERR,ERR,ERR,ERR,0.0,-107615288.0,-0.0,0.0,0.0,1.3936040501711995e+18,7.805,0.0,0,0,4,0,8422,0.0,45,0.0,0.0,0.0,0.0,0.0,0,0,0,0,0.0,0,0,0,0,0,0,0,0,0,0,0,0,0,0,0,0,0,0,0,0,0,0,0,0,0,0,0,0,0,0,0,0,0,38,14,7,45,65476,0,300,0,0,8,21553,0.0,-107605600.0,0.0,0.0,0.0,0.0,0.0,0.0,0.0,0.0,0.0,0.0,0.0,0.0,0.0,0.0,0.0,0.0,0.0,0.0,0.0,0.0,0.0,-2.004,-0.0,0.0,0.0,0.0,0.0,0.0,5070.0,0.0,0.0,0.0,-107615288.0,0.0,-0.0,0.0,0.0,0.0,0.0,53,1.9056979486756045e+17,-0.0,0.0,0.0,0.0,0.0,0.0,0.0,0.0,0,0,0,0.0,0.0,0.0,0.0,0.0,0.0,0.0,0.0,0.0,0.0,0.0,0.0,0.0,0.0,0.0,0.0,0,-107875648.0,53,0.0,106,-107614832.0,-107350944.0,ERR,ERR,ERR,ERR,ERR,ERR,ERR,ERR,ERR,ERR,ERR,ERR,ERR,ERR,ERR,ERR,ERR,ERR,ERR,ERR,ERR,ERR,ERR,ERR,ERR,ERR,ERR,ERR,ERR,ERR,ERR,ERR,ERR,ERR,ERR,ERR,ERR,ERR,ERR,ERR,ERR,ERR,ERR,ERR,ERR,ERR,ERR,ERR,ERR,ERR,ERR,ERR,ERR,ERR,ERR,ERR,ERR,ERR,ERR,ERR,ERR,ERR,ERR,ERR,ERR,ERR,ERR,50.0,60.0,100,0.0,0.0,0.0,0.0,0.0,0.0,0.0,0.0,0.0,0.0,0.0,0.0,0.0,0.0,0.0,0.0,61.6,65,20,65521,50,65476,0,300,0,0,8,20529,65476,0,0,26214,60.0,0.0,0.0,0.0,0.0,0.0
2026-05-17T16:23:32,ERR,ERR,ERR,ERR,ERR,ERR,ERR,ERR,ERR,ERR,ERR,ERR,ERR,ERR,ERR,ERR,ERR,ERR,ERR,ERR,ERR,ERR,ERR,ERR,ERR,ERR,ERR,ERR,ERR,ERR,ERR,ERR,ERR,ERR,ERR,ERR,ERR,ERR,ERR,ERR,ERR,ERR,ERR,ERR,ERR,ERR,ERR,ERR,ERR,ERR,ERR,ERR,ERR,ERR,ERR,ERR,ERR,ERR,ERR,ERR,ERR,ERR,ERR,ERR,ERR,ERR,ERR,ERR,ERR,ERR,ERR,ERR,ERR,ERR,ERR,ERR,ERR,ERR,ERR,ERR,ERR,ERR,ERR,ERR,ERR,ERR,ERR,ERR,ERR,ERR,ERR,ERR,ERR,ERR,ERR,ERR,ERR,ERR,ERR,ERR,ERR,ERR,ERR,ERR,ERR,ERR,ERR,ERR,ERR,ERR,ERR,ERR,ERR,ERR,ERR,ERR,ERR,ERR,ERR,ERR,ERR,ERR,ERR,ERR,ERR,0.0,-107615288.0,-0.0,0.0,0.0,1.3936040501711995e+18,7.805,0.0,0,0,4,0,8422,0.0,45,0.0,0.0,0.0,0.0,0.0,0,0,0,0,0.0,0,0,0,0,0,0,0,0,0,0,0,0,0,0,0,0,0,0,0,0,0,0,0,0,0,0,0,0,0,0,0,0,0,38,14,7,45,65476,0,300,0,0,8,21553,0.0,-107605600.0,0.0,0.0,0.0,0.0,0.0,0.0,0.0,0.0,0.0,0.0,0.0,0.0,0.0,0.0,0.0,0.0,0.0,0.0,0.0,0.0,0.0,-2.004,-0.0,0.0,0.0,0.0,0.0,0.0,5070.0,0.0,0.0,0.0,-107615288.0,0.0,-0.0,0.0,0.0,0.0,0.0,53,1.9056979486756045e+17,-0.0,0.0,0.0,0.0,0.0,0.0,0.0,0.0,0,0,0,0.0,0.0,0.0,0.0,0.0,0.0,0.0,0.0,0.0,0.0,0.0,0.0,0.0,0.0,0.0,0.0,0,-107875648.0,53,0.0,106,-107614832.0,-107350944.0,ERR,ERR,ERR,ERR,ERR,ERR,ERR,ERR,ERR,ERR,ERR,ERR,ERR,ERR,ERR,ERR,ERR,ERR,ERR,ERR,ERR,ERR,ERR,ERR,ERR,ERR,ERR,ERR,ERR,ERR,ERR,ERR,ERR,ERR,ERR,ERR,ERR,ERR,ERR,ERR,ERR,ERR,ERR,ERR,ERR,ERR,ERR,ERR,ERR,ERR,ERR,ERR,ERR,ERR,ERR,ERR,ERR,ERR,ERR,ERR,ERR,ERR,ERR,ERR,ERR,ERR,ERR,50.0,60.0,100,0.0,0.0,0.0,0.0,0.0,0.0,0.0,0.0,0.0,0.0,0.0,0.0,0.0,0.0,0.0,0.0,61.6,65,20,65521,50,65476,0,300,0,0,8,20529,65476,0,0,26214,60.0,0.0,0.0,0.0,0.0,0.0
2026-05-17T16:23:33,ERR,ERR,ERR,ERR,ERR,ERR,ERR,ERR,ERR,ERR,ERR,ERR,ERR,ERR,ERR,ERR,ERR,ERR,ERR,ERR,ERR,ERR,ERR,ERR,ERR,ERR,ERR,ERR,ERR,ERR,ERR,ERR,ERR,ERR,ERR,ERR,ERR,ERR,ERR,ERR,ERR,ERR,ERR,ERR,ERR,ERR,ERR,ERR,ERR,ERR,ERR,ERR,ERR,ERR,ERR,ERR,ERR,ERR,ERR,ERR,ERR,ERR,ERR,ERR,ERR,ERR,ERR,ERR,ERR,ERR,ERR,ERR,ERR,ERR,ERR,ERR,ERR,ERR,ERR,ERR,ERR,ERR,ERR,ERR,ERR,ERR,ERR,ERR,ERR,ERR,ERR,ERR,ERR,ERR,ERR,ERR,ERR,ERR,ERR,ERR,ERR,ERR,ERR,ERR,ERR,ERR,ERR,ERR,ERR,ERR,ERR,ERR,ERR,ERR,ERR,ERR,ERR,ERR,ERR,ERR,ERR,ERR,ERR,ERR,ERR,0.0,-107615288.0,-0.0,0.0,0.0,1.3936040501711995e+18,7.805,0.0,0,0,4,0,8422,0.0,45,0.0,0.0,0.0,0.0,0.0,0,0,0,0,0.0,0,0,0,0,0,0,0,0,0,0,0,0,0,0,0,0,0,0,0,0,0,0,0,0,0,0,0,0,0,0,0,0,0,38,14,7,45,65476,0,300,0,0,8,21553,0.0,-107605600.0,0.0,0.0,0.0,0.0,0.0,0.0,0.0,0.0,0.0,0.0,0.0,0.0,0.0,0.0,0.0,0.0,0.0,0.0,0.0,0.0,0.0,-2.004,-0.0,0.0,0.0,0.0,0.0,0.0,5070.0,0.0,0.0,0.0,-107615288.0,0.0,-0.0,0.0,0.0,0.0,0.0,53,1.9056979486756045e+17,-0.0,0.0,0.0,0.0,0.0,0.0,0.0,0.0,0,0,0,0.0,0.0,0.0,0.0,0.0,0.0,0.0,0.0,0.0,0.0,0.0,0.0,0.0,0.0,0.0,0.0,0,-107875648.0,53,0.0,106,-107614832.0,-107350944.0,ERR,ERR,ERR,ERR,ERR,ERR,ERR,ERR,ERR,ERR,ERR,ERR,ERR,ERR,ERR,ERR,ERR,ERR,ERR,ERR,ERR,ERR,ERR,ERR,ERR,ERR,ERR,ERR,ERR,ERR,ERR,ERR,ERR,ERR,ERR,ERR,ERR,ERR,ERR,ERR,ERR,ERR,ERR,ERR,ERR,ERR,ERR,ERR,ERR,ERR,ERR,ERR,ERR,ERR,ERR,ERR,ERR,ERR,ERR,ERR,ERR,ERR,ERR,ERR,ERR,ERR,ERR,50.0,60.0,100,0.0,0.0,0.0,0.0,0.0,0.0,0.0,0.0,0.0,0.0,0.0,0.0,0.0,0.0,0.0,0.0,61.6,65,20,65521,50,65476,0,300,0,0,8,20529,65476,0,0,26214,60.0,0.0,0.0,0.0,0.0,0.0
2026-05-17T16:23:34,ERR,ERR,ERR,ERR,ERR,ERR,ERR,ERR,ERR,ERR,ERR,ERR,ERR,ERR,ERR,ERR,ERR,ERR,ERR,ERR,ERR,ERR,ERR,ERR,ERR,ERR,ERR,ERR,ERR,ERR,ERR,ERR,ERR,ERR,ERR,ERR,ERR,ERR,ERR,ERR,ERR,ERR,ERR,ERR,ERR,ERR,ERR,ERR,ERR,ERR,ERR,ERR,ERR,ERR,ERR,ERR,ERR,ERR,ERR,ERR,ERR,ERR,ERR,ERR,ERR,ERR,ERR,ERR,ERR,ERR,ERR,ERR,ERR,ERR,ERR,ERR,ERR,ERR,ERR,ERR,ERR,ERR,ERR,ERR,ERR,ERR,ERR,ERR,ERR,ERR,ERR,ERR,ERR,ERR,ERR,ERR,ERR,ERR,ERR,ERR,ERR,ERR,ERR,ERR,ERR,ERR,ERR,ERR,ERR,ERR,ERR,ERR,ERR,ERR,ERR,ERR,ERR,ERR,ERR,ERR,ERR,ERR,ERR,ERR,ERR,0.0,-107615288.0,-0.0,0.0,0.0,1.3936040501711995e+18,7.805,0.0,0,0,4,0,8422,0.0,45,0.0,0.0,0.0,0.0,0.0,0,0,0,0,0.0,0,0,0,0,0,0,0,0,0,0,0,0,0,0,0,0,0,0,0,0,0,0,0,0,0,0,0,0,0,0,0,0,0,38,14,7,45,65476,0,300,0,0,8,21553,0.0,-107605600.0,0.0,0.0,0.0,0.0,0.0,0.0,0.0,0.0,0.0,0.0,0.0,0.0,0.0,0.0,0.0,0.0,0.0,0.0,0.0,0.0,0.0,-2.004,-0.0,0.0,0.0,0.0,0.0,0.0,5070.0,0.0,0.0,0.0,-107615288.0,0.0,-0.0,0.0,0.0,0.0,0.0,53,1.9056979486756045e+17,-0.0,0.0,0.0,0.0,0.0,0.0,0.0,0.0,0,0,0,0.0,0.0,0.0,0.0,0.0,0.0,0.0,0.0,0.0,0.0,0.0,0.0,0.0,0.0,0.0,0.0,0,-107875648.0,53,0.0,106,-107614832.0,-107350944.0,ERR,ERR,ERR,ERR,ERR,ERR,ERR,ERR,ERR,ERR,ERR,ERR,ERR,ERR,ERR,ERR,ERR,ERR,ERR,ERR,ERR,ERR,ERR,ERR,ERR,ERR,ERR,ERR,ERR,ERR,ERR,ERR,ERR,ERR,ERR,ERR,ERR,ERR,ERR,ERR,ERR,ERR,ERR,ERR,ERR,ERR,ERR,ERR,ERR,ERR,ERR,ERR,ERR,ERR,ERR,ERR,ERR,ERR,ERR,ERR,ERR,ERR,ERR,ERR,ERR,ERR,ERR,50.0,60.0,100,0.0,0.0,0.0,0.0,0.0,0.0,0.0,0.0,0.0,0.0,0.0,0.0,0.0,0.0,0.0,0.0,61.6,65,20,65521,50,65476,0,300,0,0,8,20529,65476,0,0,26214,60.0,0.0,0.0,0.0,0.0,0.0
2026-05-17T16:23:35,ERR,ERR,ERR,ERR,ERR,ERR,ERR,ERR,ERR,ERR,ERR,ERR,ERR,ERR,ERR,ERR,ERR,ERR,ERR,ERR,ERR,ERR,ERR,ERR,ERR,ERR,ERR,ERR,ERR,ERR,ERR,ERR,ERR,ERR,ERR,ERR,ERR,ERR,ERR,ERR,ERR,ERR,ERR,ERR,ERR,ERR,ERR,ERR,ERR,ERR,ERR,ERR,ERR,ERR,ERR,ERR,ERR,ERR,ERR,ERR,ERR,ERR,ERR,ERR,ERR,ERR,ERR,ERR,ERR,ERR,ERR,ERR,ERR,ERR,ERR,ERR,ERR,ERR,ERR,ERR,ERR,ERR,ERR,ERR,ERR,ERR,ERR,ERR,ERR,ERR,ERR,ERR,ERR,ERR,ERR,ERR,ERR,ERR,ERR,ERR,ERR,ERR,ERR,ERR,ERR,ERR,ERR,ERR,ERR,ERR,ERR,ERR,ERR,ERR,ERR,ERR,ERR,ERR,ERR,ERR,ERR,ERR,ERR,ERR,ERR,0.0,-107615288.0,-0.0,0.0,0.0,1.3936040501711995e+18,7.805,0.0,0,0,4,0,8422,0.0,45,0.0,0.0,0.0,0.0,0.0,0,0,0,0,0.0,0,0,0,0,0,0,0,0,0,0,0,0,0,0,0,0,0,0,0,0,0,0,0,0,0,0,0,0,0,0,0,0,0,38,14,7,45,65476,0,300,0,0,8,21553,0.0,-107605600.0,0.0,0.0,0.0,0.0,0.0,0.0,0.0,0.0,0.0,0.0,0.0,0.0,0.0,0.0,0.0,0.0,0.0,0.0,0.0,0.0,0.0,-2.004,-0.0,0.0,0.0,0.0,0.0,0.0,5070.0,0.0,0.0,0.0,-107615288.0,0.0,-0.0,0.0,0.0,0.0,0.0,53,1.9056979486756045e+17,-0.0,0.0,0.0,0.0,0.0,0.0,0.0,0.0,0,0,0,0.0,0.0,0.0,0.0,0.0,0.0,0.0,0.0,0.0,0.0,0.0,0.0,0.0,0.0,0.0,0.0,0,-107875648.0,53,0.0,106,-107614832.0,-107350944.0,ERR,ERR,ERR,ERR,ERR,ERR,ERR,ERR,ERR,ERR,ERR,ERR,ERR,ERR,ERR,ERR,ERR,ERR,ERR,ERR,ERR,ERR,ERR,ERR,ERR,ERR,ERR,ERR,ERR,ERR,ERR,ERR,ERR,ERR,ERR,ERR,ERR,ERR,ERR,ERR,ERR,ERR,ERR,ERR,ERR,ERR,ERR,ERR,ERR,ERR,ERR,ERR,ERR,ERR,ERR,ERR,ERR,ERR,ERR,ERR,ERR,ERR,ERR,ERR,ERR,ERR,ERR,50.0,60.0,100,0.0,0.0,0.0,0.0,0.0,0.0,0.0,0.0,0.0,0.0,0.0,0.0,0.0,0.0,0.0,0.0,61.6,65,20,65521,50,65476,0,300,0,0,8,20529,65476,0,0,26214,60.0,0.0,0.0,0.0,0.0,0.0
2026-05-17T16:23:36,ERR,ERR,ERR,ERR,ERR,ERR,ERR,ERR,ERR,ERR,ERR,ERR,ERR,ERR,ERR,ERR,ERR,ERR,ERR,ERR,ERR,ERR,ERR,ERR,ERR,ERR,ERR,ERR,ERR,ERR,ERR,ERR,ERR,ERR,ERR,ERR,ERR,ERR,ERR,ERR,ERR,ERR,ERR,ERR,ERR,ERR,ERR,ERR,ERR,ERR,ERR,ERR,ERR,ERR,ERR,ERR,ERR,ERR,ERR,ERR,ERR,ERR,ERR,ERR,ERR,ERR,ERR,ERR,ERR,ERR,ERR,ERR,ERR,ERR,ERR,ERR,ERR,ERR,ERR,ERR,ERR,ERR,ERR,ERR,ERR,ERR,ERR,ERR,ERR,ERR,ERR,ERR,ERR,ERR,ERR,ERR,ERR,ERR,ERR,ERR,ERR,ERR,ERR,ERR,ERR,ERR,ERR,ERR,ERR,ERR,ERR,ERR,ERR,ERR,ERR,ERR,ERR,ERR,ERR,ERR,ERR,ERR,ERR,ERR,ERR,0.0,-107615288.0,-0.0,0.0,0.0,1.3936040501711995e+18,7.805,0.0,0,0,4,0,8422,0.0,45,0.0,0.0,0.0,0.0,0.0,0,0,0,0,0.0,0,0,0,0,0,0,0,0,0,0,0,0,0,0,0,0,0,0,0,0,0,0,0,0,0,0,0,0,0,0,0,0,0,38,14,7,45,65476,0,300,0,0,8,21553,0.0,-107605600.0,0.0,0.0,0.0,0.0,0.0,0.0,0.0,0.0,0.0,0.0,0.0,0.0,0.0,0.0,0.0,0.0,0.0,0.0,0.0,0.0,0.0,-2.004,-0.0,0.0,0.0,0.0,0.0,0.0,5070.0,1.04066562844498e+34,0.0,0.0,-107615288.0,0.0,-0.0,0.0,0.0,0.0,0.0,53,1.9056979486756045e+17,-152017313988608.0,0.0,0.0,0.0,0.0,0.0,0.0,0.0,0,0,0,0.0,0.0,0.0,0.0,0.0,0.0,0.0,0.0,0.0,0.0,0.0,0.0,0.0,0.0,0.0,0.0,0,-107875648.0,53,0.0,106,-107614832.0,-107350944.0,ERR,ERR,ERR,ERR,ERR,ERR,ERR,ERR,ERR,ERR,ERR,ERR,ERR,ERR,ERR,ERR,ERR,ERR,ERR,ERR,ERR,ERR,ERR,ERR,ERR,ERR,ERR,ERR,ERR,ERR,ERR,ERR,ERR,ERR,ERR,ERR,ERR,ERR,ERR,ERR,ERR,ERR,ERR,ERR,ERR,ERR,ERR,ERR,ERR,ERR,ERR,ERR,ERR,ERR,ERR,ERR,ERR,ERR,ERR,ERR,ERR,ERR,ERR,ERR,ERR,ERR,ERR,50.0,60.0,100,0.0,0.0,0.0,0.0,0.0,0.0,0.0,0.0,0.0,0.0,0.0,0.0,0.0,0.0,0.0,0.0,61.6,65,20,65521,50,65476,0,300,0,0,8,20529,65476,0,0,26214,60.0,0.0,0.0,0.0,0.0,0.0
2026-05-17T16:23:37,ERR,ERR,ERR,ERR,ERR,ERR,ERR,ERR,ERR,ERR,ERR,ERR,ERR,ERR,ERR,ERR,ERR,ERR,ERR,ERR,ERR,ERR,ERR,ERR,ERR,ERR,ERR,ERR,ERR,ERR,ERR,ERR,ERR,ERR,ERR,ERR,ERR,ERR,ERR,ERR,ERR,ERR,ERR,ERR,ERR,ERR,ERR,ERR,ERR,ERR,ERR,ERR,ERR,ERR,ERR,ERR,ERR,ERR,ERR,ERR,ERR,ERR,ERR,ERR,ERR,ERR,ERR,ERR,ERR,ERR,ERR,ERR,ERR,ERR,ERR,ERR,ERR,ERR,ERR,ERR,ERR,ERR,ERR,ERR,ERR,ERR,ERR,ERR,ERR,ERR,ERR,ERR,ERR,ERR,ERR,ERR,ERR,ERR,ERR,ERR,ERR,ERR,ERR,ERR,ERR,ERR,ERR,ERR,ERR,ERR,ERR,ERR,ERR,ERR,ERR,ERR,ERR,ERR,ERR,ERR,ERR,ERR,ERR,ERR,ERR,0.0,-107615288.0,-0.0,0.0,0.0,1.3936040501711995e+18,7.805,0.0,0,0,4,0,8422,0.0,45,0.0,0.0,0.0,0.0,0.0,0,0,0,0,0.0,0,0,0,0,0,0,0,0,0,0,0,0,0,0,0,0,0,0,0,0,0,0,0,0,0,0,0,0,0,0,0,0,0,38,14,7,45,65476,0,300,0,0,8,21553,0.0,-107605600.0,0.0,0.0,0.0,0.0,0.0,0.0,0.0,0.0,0.0,0.0,0.0,0.0,0.0,0.0,0.0,0.0,0.0,0.0,0.0,0.0,0.0,-2.004,-0.0,0.0,0.0,0.0,0.0,0.0,5070.0,1.04066562844498e+34,0.0,0.0,-107615288.0,0.0,-0.0,0.0,0.0,0.0,0.0,53,1.9056979486756045e+17,-152017313988608.0,0.0,0.0,0.0,0.0,0.0,0.0,0.0,0,0,0,0.0,0.0,0.0,0.0,0.0,0.0,0.0,0.0,0.0,0.0,0.0,0.0,0.0,0.0,0.0,0.0,0,-107875648.0,53,0.0,106,-107614832.0,-107350944.0,ERR,ERR,ERR,ERR,ERR,ERR,ERR,ERR,ERR,ERR,ERR,ERR,ERR,ERR,ERR,ERR,ERR,ERR,ERR,ERR,ERR,ERR,ERR,ERR,ERR,ERR,ERR,ERR,ERR,ERR,ERR,ERR,ERR,ERR,ERR,ERR,ERR,ERR,ERR,ERR,ERR,ERR,ERR,ERR,ERR,ERR,ERR,ERR,ERR,ERR,ERR,ERR,ERR,ERR,ERR,ERR,ERR,ERR,ERR,ERR,ERR,ERR,ERR,ERR,ERR,ERR,ERR,50.0,60.0,100,0.0,0.0,0.0,0.0,0.0,0.0,0.0,0.0,0.0,0.0,0.0,0.0,0.0,0.0,0.0,0.0,61.6,65,20,65521,50,65476,0,300,0,0,8,20529,65476,0,0,26214,60.0,0.0,0.0,0.0,0.0,0.0
2026-05-17T16:23:38,ERR,ERR,ERR,ERR,ERR,ERR,ERR,ERR,ERR,ERR,ERR,ERR,ERR,ERR,ERR,ERR,ERR,ERR,ERR,ERR,ERR,ERR,ERR,ERR,ERR,ERR,ERR,ERR,ERR,ERR,ERR,ERR,ERR,ERR,ERR,ERR,ERR,ERR,ERR,ERR,ERR,ERR,ERR,ERR,ERR,ERR,ERR,ERR,ERR,ERR,ERR,ERR,ERR,ERR,ERR,ERR,ERR,ERR,ERR,ERR,ERR,ERR,ERR,ERR,ERR,ERR,ERR,ERR,ERR,ERR,ERR,ERR,ERR,ERR,ERR,ERR,ERR,ERR,ERR,ERR,ERR,ERR,ERR,ERR,ERR,ERR,ERR,ERR,ERR,ERR,ERR,ERR,ERR,ERR,ERR,ERR,ERR,ERR,ERR,ERR,ERR,ERR,ERR,ERR,ERR,ERR,ERR,ERR,ERR,ERR,ERR,ERR,ERR,ERR,ERR,ERR,ERR,ERR,ERR,ERR,ERR,ERR,ERR,ERR,ERR,0.0,-107615288.0,-0.0,0.0,0.0,1.3936040501711995e+18,7.805,0.0,0,0,4,0,8422,0.0,45,0.0,0.0,0.0,0.0,0.0,0,0,0,0,0.0,0,0,0,0,0,0,0,0,0,0,0,0,0,0,0,0,0,0,0,0,0,0,0,0,0,0,0,0,0,0,0,0,0,38,14,7,45,65476,0,300,0,0,8,21553,0.0,-107605600.0,0.0,0.0,0.0,0.0,0.0,0.0,0.0,0.0,0.0,0.0,0.0,0.0,0.0,0.0,0.0,0.0,0.0,0.0,0.0,0.0,0.0,-2.004,-0.0,0.0,0.0,0.0,0.0,0.0,5070.0,1.04066562844498e+34,0.0,0.0,-107615288.0,0.0,-0.0,0.0,0.0,0.0,0.0,53,1.9056979486756045e+17,-152017313988608.0,0.0,0.0,0.0,0.0,0.0,0.0,0.0,0,0,0,0.0,0.0,0.0,0.0,0.0,0.0,0.0,0.0,0.0,0.0,0.0,0.0,0.0,0.0,0.0,0.0,0,-107875648.0,53,0.0,106,-107614832.0,-107350944.0,ERR,ERR,ERR,ERR,ERR,ERR,ERR,ERR,ERR,ERR,ERR,ERR,ERR,ERR,ERR,ERR,ERR,ERR,ERR,ERR,ERR,ERR,ERR,ERR,ERR,ERR,ERR,ERR,ERR,ERR,ERR,ERR,ERR,ERR,ERR,ERR,ERR,ERR,ERR,ERR,ERR,ERR,ERR,ERR,ERR,ERR,ERR,ERR,ERR,ERR,ERR,ERR,ERR,ERR,ERR,ERR,ERR,ERR,ERR,ERR,ERR,ERR,ERR,ERR,ERR,ERR,ERR,50.0,60.0,100,0.0,0.0,0.0,0.0,0.0,0.0,0.0,0.0,0.0,0.0,0.0,0.0,0.0,0.0,0.0,0.0,61.6,65,20,65521,50,65476,0,300,0,0,8,20529,65476,0,0,26214,60.0,0.0,0.0,0.0,0.0,0.0
2026-05-17T16:23:39,ERR,ERR,ERR,ERR,ERR,ERR,ERR,ERR,ERR,ERR,ERR,ERR,ERR,ERR,ERR,ERR,ERR,ERR,ERR,ERR,ERR,ERR,ERR,ERR,ERR,ERR,ERR,ERR,ERR,ERR,ERR,ERR,ERR,ERR,ERR,ERR,ERR,ERR,ERR,ERR,ERR,ERR,ERR,ERR,ERR,ERR,ERR,ERR,ERR,ERR,ERR,ERR,ERR,ERR,ERR,ERR,ERR,ERR,ERR,ERR,ERR,ERR,ERR,ERR,ERR,ERR,ERR,ERR,ERR,ERR,ERR,ERR,ERR,ERR,ERR,ERR,ERR,ERR,ERR,ERR,ERR,ERR,ERR,ERR,ERR,ERR,ERR,ERR,ERR,ERR,ERR,ERR,ERR,ERR,ERR,ERR,ERR,ERR,ERR,ERR,ERR,ERR,ERR,ERR,ERR,ERR,ERR,ERR,ERR,ERR,ERR,ERR,ERR,ERR,ERR,ERR,ERR,ERR,ERR,ERR,ERR,ERR,ERR,ERR,ERR,0.0,-107615288.0,-0.0,0.0,0.0,1.3936040501711995e+18,7.805,0.0,0,0,4,0,8422,0.0,45,0.0,0.0,0.0,0.0,0.0,0,0,0,0,0.0,0,0,0,0,0,0,0,0,0,0,0,0,0,0,0,0,0,0,0,0,0,0,0,0,0,0,0,0,0,0,0,0,0,38,14,7,45,65476,0,300,0,0,8,21553,0.0,-107605600.0,0.0,0.0,0.0,0.0,0.0,0.0,0.0,0.0,0.0,0.0,0.0,0.0,0.0,0.0,0.0,0.0,0.0,0.0,0.0,0.0,0.0,-2.004,-0.0,0.0,0.0,0.0,0.0,0.0,5070.0,1.04066562844498e+34,0.0,0.0,-107615288.0,0.0,-0.0,0.0,0.0,0.0,0.0,53,1.9056979486756045e+17,-152017313988608.0,0.0,0.0,0.0,0.0,0.0,0.0,0.0,0,0,0,0.0,0.0,0.0,0.0,0.0,0.0,0.0,0.0,0.0,0.0,0.0,0.0,0.0,0.0,0.0,0.0,0,-107875648.0,53,0.0,106,-107614832.0,-107350944.0,ERR,ERR,ERR,ERR,ERR,ERR,ERR,ERR,ERR,ERR,ERR,ERR,ERR,ERR,ERR,ERR,ERR,ERR,ERR,ERR,ERR,ERR,ERR,ERR,ERR,ERR,ERR,ERR,ERR,ERR,ERR,ERR,ERR,ERR,ERR,ERR,ERR,ERR,ERR,ERR,ERR,ERR,ERR,ERR,ERR,ERR,ERR,ERR,ERR,ERR,ERR,ERR,ERR,ERR,ERR,ERR,ERR,ERR,ERR,ERR,ERR,ERR,ERR,ERR,ERR,ERR,ERR,50.0,60.0,100,0.0,0.0,0.0,0.0,0.0,0.0,0.0,0.0,0.0,0.0,0.0,0.0,0.0,0.0,0.0,0.0,62.0,65,20,65521,50,65476,0,300,0,0,8,20529,65476,0,0,26214,60.0,0.0,0.0,0.0,0.0,0.0
2026-05-17T16:23:40,ERR,ERR,ERR,ERR,ERR,ERR,ERR,ERR,ERR,ERR,ERR,ERR,ERR,ERR,ERR,ERR,ERR,ERR,ERR,ERR,ERR,ERR,ERR,ERR,ERR,ERR,ERR,ERR,ERR,ERR,ERR,ERR,ERR,ERR,ERR,ERR,ERR,ERR,ERR,ERR,ERR,ERR,ERR,ERR,ERR,ERR,ERR,ERR,ERR,ERR,ERR,ERR,ERR,ERR,ERR,ERR,ERR,ERR,ERR,ERR,ERR,ERR,ERR,ERR,ERR,ERR,ERR,ERR,ERR,ERR,ERR,ERR,ERR,ERR,ERR,ERR,ERR,ERR,ERR,ERR,ERR,ERR,ERR,ERR,ERR,ERR,ERR,ERR,ERR,ERR,ERR,ERR,ERR,ERR,ERR,ERR,ERR,ERR,ERR,ERR,ERR,ERR,ERR,ERR,ERR,ERR,ERR,ERR,ERR,ERR,ERR,ERR,ERR,ERR,ERR,ERR,ERR,ERR,ERR,ERR,ERR,ERR,ERR,ERR,ERR,0.0,-107615288.0,-0.0,0.0,0.0,1.3936040501711995e+18,7.805,0.0,0,0,4,0,8422,0.0,45,0.0,0.0,0.0,0.0,0.0,0,0,0,0,0.0,0,0,0,0,0,0,0,0,0,0,0,0,0,0,0,0,0,0,0,0,0,0,0,0,0,0,0,0,0,0,0,0,0,38,14,7,45,65476,0,300,0,0,8,21553,0.0,-107605600.0,0.0,0.0,0.0,0.0,0.0,0.0,0.0,0.0,0.0,0.0,0.0,0.0,0.0,0.0,0.0,0.0,0.0,0.0,0.0,0.0,0.0,-2.004,-0.0,0.0,0.0,0.0,0.0,0.0,5070.0,1.04066562844498e+34,0.0,0.0,-107615288.0,0.0,-0.0,0.0,0.0,0.0,0.0,53,1.9056979486756045e+17,-152017313988608.0,0.0,0.0,0.0,0.0,0.0,0.0,0.0,0,0,0,0.0,0.0,0.0,0.0,0.0,0.0,0.0,0.0,0.0,0.0,0.0,0.0,0.0,0.0,0.0,0.0,0,-107875648.0,53,0.0,106,-107614832.0,-107350944.0,ERR,ERR,ERR,ERR,ERR,ERR,ERR,ERR,ERR,ERR,ERR,ERR,ERR,ERR,ERR,ERR,ERR,ERR,ERR,ERR,ERR,ERR,ERR,ERR,ERR,ERR,ERR,ERR,ERR,ERR,ERR,ERR,ERR,ERR,ERR,ERR,ERR,ERR,ERR,ERR,ERR,ERR,ERR,ERR,ERR,ERR,ERR,ERR,ERR,ERR,ERR,ERR,ERR,ERR,ERR,ERR,ERR,ERR,ERR,ERR,ERR,ERR,ERR,ERR,ERR,ERR,ERR,50.0,60.0,100,0.0,0.0,0.0,0.0,0.0,0.0,0.0,0.0,0.0,0.0,0.0,0.0,0.0,0.0,0.0,0.0,62.0,65,20,65521,50,65476,0,300,0,0,8,20529,65476,0,0,26214,60.0,0.0,0.0,0.0,0.0,0.0
2026-05-17T16:23:41,ERR,ERR,ERR,ERR,ERR,ERR,ERR,ERR,ERR,ERR,ERR,ERR,ERR,ERR,ERR,ERR,ERR,ERR,ERR,ERR,ERR,ERR,ERR,ERR,ERR,ERR,ERR,ERR,ERR,ERR,ERR,ERR,ERR,ERR,ERR,ERR,ERR,ERR,ERR,ERR,ERR,ERR,ERR,ERR,ERR,ERR,ERR,ERR,ERR,ERR,ERR,ERR,ERR,ERR,ERR,ERR,ERR,ERR,ERR,ERR,ERR,ERR,ERR,ERR,ERR,ERR,ERR,ERR,ERR,ERR,ERR,ERR,ERR,ERR,ERR,ERR,ERR,ERR,ERR,ERR,ERR,ERR,ERR,ERR,ERR,ERR,ERR,ERR,ERR,ERR,ERR,ERR,ERR,ERR,ERR,ERR,ERR,ERR,ERR,ERR,ERR,ERR,ERR,ERR,ERR,ERR,ERR,ERR,ERR,ERR,ERR,ERR,ERR,ERR,ERR,ERR,ERR,ERR,ERR,ERR,ERR,ERR,ERR,ERR,ERR,0.0,-107615288.0,-0.0,0.0,0.0,1.3936040501711995e+18,7.805,0.0,0,0,4,0,8422,0.0,45,0.0,0.0,0.0,0.0,0.0,0,0,0,0,0.0,0,0,0,0,0,0,0,0,0,0,0,0,0,0,0,0,0,0,0,0,0,0,0,0,0,0,0,0,0,0,0,0,0,38,14,7,45,65476,0,300,0,0,8,21553,0.0,-107605600.0,0.0,0.0,0.0,0.0,0.0,0.0,0.0,0.0,0.0,0.0,0.0,0.0,0.0,0.0,0.0,0.0,0.0,0.0,0.0,0.0,0.0,-2.004,-0.0,0.0,0.0,0.0,0.0,0.0,5069.0,0.0,0.0,0.0,-107615288.0,0.0,-0.0,0.0,0.0,0.0,0.0,53,152018454839296.0,4.066854413593191e+29,0.0,0.0,0.0,0.0,0.0,0.0,0.0,0,0,0,0.0,0.0,0.0,0.0,0.0,0.0,0.0,0.0,0.0,0.0,0.0,0.0,0.0,0.0,0.0,0.0,0,-107875648.0,53,0.0,106,-107614832.0,-107350944.0,ERR,ERR,ERR,ERR,ERR,ERR,ERR,ERR,ERR,ERR,ERR,ERR,ERR,ERR,ERR,ERR,ERR,ERR,ERR,ERR,ERR,ERR,ERR,ERR,ERR,ERR,ERR,ERR,ERR,ERR,ERR,ERR,ERR,ERR,ERR,ERR,ERR,ERR,ERR,ERR,ERR,ERR,ERR,ERR,ERR,ERR,ERR,ERR,ERR,ERR,ERR,ERR,ERR,ERR,ERR,ERR,ERR,ERR,ERR,ERR,ERR,ERR,ERR,ERR,ERR,ERR,ERR,50.0,60.0,100,0.0,0.0,0.0,0.0,0.0,0.0,0.0,0.0,0.0,0.0,0.0,0.0,0.0,0.0,0.0,0.0,61.6,65,20,65521,50,65476,0,300,0,0,8,20529,65476,0,0,26214,60.0,0.0,0.0,0.0,0.0,0.0
2026-05-17T16:23:42,ERR,ERR,ERR,ERR,ERR,ERR,ERR,ERR,ERR,ERR,ERR,ERR,ERR,ERR,ERR,ERR,ERR,ERR,ERR,ERR,ERR,ERR,ERR,ERR,ERR,ERR,ERR,ERR,ERR,ERR,ERR,ERR,ERR,ERR,ERR,ERR,ERR,ERR,ERR,ERR,ERR,ERR,ERR,ERR,ERR,ERR,ERR,ERR,ERR,ERR,ERR,ERR,ERR,ERR,ERR,ERR,ERR,ERR,ERR,ERR,ERR,ERR,ERR,ERR,ERR,ERR,ERR,ERR,ERR,ERR,ERR,ERR,ERR,ERR,ERR,ERR,ERR,ERR,ERR,ERR,ERR,ERR,ERR,ERR,ERR,ERR,ERR,ERR,ERR,ERR,ERR,ERR,ERR,ERR,ERR,ERR,ERR,ERR,ERR,ERR,ERR,ERR,ERR,ERR,ERR,ERR,ERR,ERR,ERR,ERR,ERR,ERR,ERR,ERR,ERR,ERR,ERR,ERR,ERR,ERR,ERR,ERR,ERR,ERR,ERR,0.0,-107615288.0,-0.0,0.0,0.0,1.3936040501711995e+18,7.805,0.0,0,0,4,0,8422,0.0,45,0.0,0.0,0.0,0.0,0.0,0,0,0,0,0.0,0,0,0,0,0,0,0,0,0,0,0,0,0,0,0,0,0,0,0,0,0,0,0,0,0,0,0,0,0,0,0,0,0,38,14,7,45,65476,0,300,0,0,8,21553,0.0,-107605600.0,0.0,0.0,0.0,0.0,0.0,0.0,0.0,0.0,0.0,0.0,0.0,0.0,0.0,0.0,0.0,0.0,0.0,0.0,0.0,0.0,0.0,-2.004,-0.0,0.0,0.0,0.0,0.0,0.0,5069.0,0.0,0.0,0.0,-107615288.0,0.0,-0.0,0.0,0.0,0.0,0.0,53,152018454839296.0,4.066854413593191e+29,0.0,0.0,0.0,0.0,0.0,0.0,0.0,0,0,0,0.0,0.0,0.0,0.0,0.0,0.0,0.0,0.0,0.0,0.0,0.0,0.0,0.0,0.0,0.0,0.0,0,-107875648.0,53,0.0,106,-107614832.0,-107350944.0,ERR,ERR,ERR,ERR,ERR,ERR,ERR,ERR,ERR,ERR,ERR,ERR,ERR,ERR,ERR,ERR,ERR,ERR,ERR,ERR,ERR,ERR,ERR,ERR,ERR,ERR,ERR,ERR,ERR,ERR,ERR,ERR,ERR,ERR,ERR,ERR,ERR,ERR,ERR,ERR,ERR,ERR,ERR,ERR,ERR,ERR,ERR,ERR,ERR,ERR,ERR,ERR,ERR,ERR,ERR,ERR,ERR,ERR,ERR,ERR,ERR,ERR,ERR,ERR,ERR,ERR,ERR,50.0,60.0,100,0.0,0.0,0.0,0.0,0.0,0.0,0.0,0.0,0.0,0.0,0.0,0.0,0.0,0.0,0.0,0.0,61.6,65,20,65521,50,65476,0,300,0,0,8,20529,65476,0,0,26214,60.0,0.0,0.0,0.0,0.0,0.0
2026-05-17T16:23:43,ERR,ERR,ERR,ERR,ERR,ERR,ERR,ERR,ERR,ERR,ERR,ERR,ERR,ERR,ERR,ERR,ERR,ERR,ERR,ERR,ERR,ERR,ERR,ERR,ERR,ERR,ERR,ERR,ERR,ERR,ERR,ERR,ERR,ERR,ERR,ERR,ERR,ERR,ERR,ERR,ERR,ERR,ERR,ERR,ERR,ERR,ERR,ERR,ERR,ERR,ERR,ERR,ERR,ERR,ERR,ERR,ERR,ERR,ERR,ERR,ERR,ERR,ERR,ERR,ERR,ERR,ERR,ERR,ERR,ERR,ERR,ERR,ERR,ERR,ERR,ERR,ERR,ERR,ERR,ERR,ERR,ERR,ERR,ERR,ERR,ERR,ERR,ERR,ERR,ERR,ERR,ERR,ERR,ERR,ERR,ERR,ERR,ERR,ERR,ERR,ERR,ERR,ERR,ERR,ERR,ERR,ERR,ERR,ERR,ERR,ERR,ERR,ERR,ERR,ERR,ERR,ERR,ERR,ERR,ERR,ERR,ERR,ERR,ERR,ERR,0.0,-107615288.0,-0.0,0.0,0.0,1.3936040501711995e+18,7.805,0.0,0,0,4,0,8422,0.0,45,0.0,0.0,0.0,0.0,0.0,0,0,0,0,0.0,0,0,0,0,0,0,0,0,0,0,0,0,0,0,0,0,0,0,0,0,0,0,0,0,0,0,0,0,0,0,0,0,0,38,14,7,45,65476,0,300,0,0,8,21553,0.0,-107605600.0,0.0,0.0,0.0,0.0,0.0,0.0,0.0,0.0,0.0,0.0,0.0,0.0,0.0,0.0,0.0,0.0,0.0,0.0,0.0,0.0,0.0,-2.004,-0.0,0.0,0.0,0.0,0.0,0.0,5069.0,0.0,0.0,0.0,-107615288.0,0.0,-0.0,0.0,0.0,0.0,0.0,53,152018454839296.0,4.066854413593191e+29,0.0,0.0,0.0,0.0,0.0,0.0,0.0,0,0,0,0.0,0.0,0.0,0.0,0.0,0.0,0.0,0.0,0.0,0.0,0.0,0.0,0.0,0.0,0.0,0.0,0,-107875648.0,53,0.0,106,-107614832.0,-107350944.0,ERR,ERR,ERR,ERR,ERR,ERR,ERR,ERR,ERR,ERR,ERR,ERR,ERR,ERR,ERR,ERR,ERR,ERR,ERR,ERR,ERR,ERR,ERR,ERR,ERR,ERR,ERR,ERR,ERR,ERR,ERR,ERR,ERR,ERR,ERR,ERR,ERR,ERR,ERR,ERR,ERR,ERR,ERR,ERR,ERR,ERR,ERR,ERR,ERR,ERR,ERR,ERR,ERR,ERR,ERR,ERR,ERR,ERR,ERR,ERR,ERR,ERR,ERR,ERR,ERR,ERR,ERR,50.0,60.0,100,0.0,0.0,0.0,0.0,0.0,0.0,0.0,0.0,0.0,0.0,0.0,0.0,0.0,0.0,0.0,0.0,61.6,65,20,65521,50,65476,0,300,0,0,8,20529,65476,0,0,26214,60.0,0.0,0.0,0.0,0.0,0.0
2026-05-17T16:23:44,ERR,ERR,ERR,ERR,ERR,ERR,ERR,ERR,ERR,ERR,ERR,ERR,ERR,ERR,ERR,ERR,ERR,ERR,ERR,ERR,ERR,ERR,ERR,ERR,ERR,ERR,ERR,ERR,ERR,ERR,ERR,ERR,ERR,ERR,ERR,ERR,ERR,ERR,ERR,ERR,ERR,ERR,ERR,ERR,ERR,ERR,ERR,ERR,ERR,ERR,ERR,ERR,ERR,ERR,ERR,ERR,ERR,ERR,ERR,ERR,ERR,ERR,ERR,ERR,ERR,ERR,ERR,ERR,ERR,ERR,ERR,ERR,ERR,ERR,ERR,ERR,ERR,ERR,ERR,ERR,ERR,ERR,ERR,ERR,ERR,ERR,ERR,ERR,ERR,ERR,ERR,ERR,ERR,ERR,ERR,ERR,ERR,ERR,ERR,ERR,ERR,ERR,ERR,ERR,ERR,ERR,ERR,ERR,ERR,ERR,ERR,ERR,ERR,ERR,ERR,ERR,ERR,ERR,ERR,ERR,ERR,ERR,ERR,ERR,ERR,0.0,-107615288.0,-0.0,0.0,0.0,1.3936040501711995e+18,7.805,0.0,0,0,4,0,8422,0.0,45,0.0,0.0,0.0,0.0,0.0,0,0,0,0,0.0,0,0,0,0,0,0,0,0,0,0,0,0,0,0,0,0,0,0,0,0,0,0,0,0,0,0,0,0,0,0,0,0,0,38,14,7,45,65476,0,300,0,0,8,21553,0.0,-107605600.0,0.0,0.0,0.0,0.0,0.0,0.0,0.0,0.0,0.0,0.0,0.0,0.0,0.0,0.0,0.0,0.0,0.0,0.0,0.0,0.0,0.0,-2.004,-0.0,0.0,0.0,0.0,0.0,0.0,5069.0,0.0,0.0,0.0,-107615288.0,0.0,-0.0,0.0,0.0,0.0,0.0,53,152018454839296.0,4.066854413593191e+29,0.0,0.0,0.0,0.0,0.0,0.0,0.0,0,0,0,0.0,0.0,0.0,0.0,0.0,0.0,0.0,0.0,0.0,0.0,0.0,0.0,0.0,0.0,0.0,0.0,0,-107875648.0,53,0.0,106,-107614832.0,-107350944.0,ERR,ERR,ERR,ERR,ERR,ERR,ERR,ERR,ERR,ERR,ERR,ERR,ERR,ERR,ERR,ERR,ERR,ERR,ERR,ERR,ERR,ERR,ERR,ERR,ERR,ERR,ERR,ERR,ERR,ERR,ERR,ERR,ERR,ERR,ERR,ERR,ERR,ERR,ERR,ERR,ERR,ERR,ERR,ERR,ERR,ERR,ERR,ERR,ERR,ERR,ERR,ERR,ERR,ERR,ERR,ERR,ERR,ERR,ERR,ERR,ERR,ERR,ERR,ERR,ERR,ERR,ERR,50.0,60.0,100,0.0,0.0,0.0,0.0,0.0,0.0,0.0,0.0,0.0,0.0,0.0,0.0,0.0,0.0,0.0,0.0,61.6,65,20,65521,50,65476,0,300,0,0,8,20529,65476,0,0,26214,60.0,0.0,0.0,0.0,0.0,0.0
2026-05-17T16:23:45,ERR,ERR,ERR,ERR,ERR,ERR,ERR,ERR,ERR,ERR,ERR,ERR,ERR,ERR,ERR,ERR,ERR,ERR,ERR,ERR,ERR,ERR,ERR,ERR,ERR,ERR,ERR,ERR,ERR,ERR,ERR,ERR,ERR,ERR,ERR,ERR,ERR,ERR,ERR,ERR,ERR,ERR,ERR,ERR,ERR,ERR,ERR,ERR,ERR,ERR,ERR,ERR,ERR,ERR,ERR,ERR,ERR,ERR,ERR,ERR,ERR,ERR,ERR,ERR,ERR,ERR,ERR,ERR,ERR,ERR,ERR,ERR,ERR,ERR,ERR,ERR,ERR,ERR,ERR,ERR,ERR,ERR,ERR,ERR,ERR,ERR,ERR,ERR,ERR,ERR,ERR,ERR,ERR,ERR,ERR,ERR,ERR,ERR,ERR,ERR,ERR,ERR,ERR,ERR,ERR,ERR,ERR,ERR,ERR,ERR,ERR,ERR,ERR,ERR,ERR,ERR,ERR,ERR,ERR,ERR,ERR,ERR,ERR,ERR,ERR,0.0,-107615288.0,-0.0,0.0,0.0,1.3936040501711995e+18,7.805,0.0,0,0,4,0,8422,0.0,45,0.0,0.0,0.0,0.0,0.0,0,0,0,0,0.0,0,0,0,0,0,0,0,0,0,0,0,0,0,0,0,0,0,0,0,0,0,0,0,0,0,0,0,0,0,0,0,0,0,38,14,7,45,65476,0,300,0,0,8,21553,0.0,-107605600.0,0.0,0.0,0.0,0.0,0.0,0.0,0.0,0.0,0.0,0.0,0.0,0.0,0.0,0.0,0.0,0.0,0.0,0.0,0.0,0.0,0.0,-2.004,-0.0,0.0,0.0,0.0,0.0,0.0,5069.0,0.0,0.0,0.0,-107615288.0,0.0,-0.0,0.0,0.0,0.0,0.0,53,152018454839296.0,4.066854413593191e+29,0.0,0.0,0.0,0.0,0.0,0.0,0.0,0,0,0,0.0,0.0,0.0,0.0,0.0,0.0,0.0,0.0,0.0,0.0,0.0,0.0,0.0,0.0,0.0,0.0,0,-107875648.0,53,0.0,106,-107614832.0,-107350944.0,ERR,ERR,ERR,ERR,ERR,ERR,ERR,ERR,ERR,ERR,ERR,ERR,ERR,ERR,ERR,ERR,ERR,ERR,ERR,ERR,ERR,ERR,ERR,ERR,ERR,ERR,ERR,ERR,ERR,ERR,ERR,ERR,ERR,ERR,ERR,ERR,ERR,ERR,ERR,ERR,ERR,ERR,ERR,ERR,ERR,ERR,ERR,ERR,ERR,ERR,ERR,ERR,ERR,ERR,ERR,ERR,ERR,ERR,ERR,ERR,ERR,ERR,ERR,ERR,ERR,ERR,ERR,50.0,60.0,100,0.0,0.0,0.0,0.0,0.0,0.0,0.0,0.0,0.0,0.0,0.0,0.0,0.0,0.0,0.0,0.0,61.6,65,20,65521,50,65476,0,300,0,0,8,20529,65476,0,0,26214,60.0,0.0,0.0,0.0,0.0,0.0
2026-05-17T16:23:46,ERR,ERR,ERR,ERR,ERR,ERR,ERR,ERR,ERR,ERR,ERR,ERR,ERR,ERR,ERR,ERR,ERR,ERR,ERR,ERR,ERR,ERR,ERR,ERR,ERR,ERR,ERR,ERR,ERR,ERR,ERR,ERR,ERR,ERR,ERR,ERR,ERR,ERR,ERR,ERR,ERR,ERR,ERR,ERR,ERR,ERR,ERR,ERR,ERR,ERR,ERR,ERR,ERR,ERR,ERR,ERR,ERR,ERR,ERR,ERR,ERR,ERR,ERR,ERR,ERR,ERR,ERR,ERR,ERR,ERR,ERR,ERR,ERR,ERR,ERR,ERR,ERR,ERR,ERR,ERR,ERR,ERR,ERR,ERR,ERR,ERR,ERR,ERR,ERR,ERR,ERR,ERR,ERR,ERR,ERR,ERR,ERR,ERR,ERR,ERR,ERR,ERR,ERR,ERR,ERR,ERR,ERR,ERR,ERR,ERR,ERR,ERR,ERR,ERR,ERR,ERR,ERR,ERR,ERR,ERR,ERR,ERR,ERR,ERR,ERR,0.0,-107615288.0,-0.0,0.0,0.0,1.3936040501711995e+18,7.805,0.0,0,0,4,0,8422,0.0,45,0.0,0.0,0.0,0.0,0.0,0,0,0,0,0.0,0,0,0,0,0,0,0,0,0,0,0,0,0,0,0,0,0,0,0,0,0,0,0,0,0,0,0,0,0,0,0,0,0,38,14,7,45,65476,0,300,0,0,8,21553,0.0,-107605600.0,0.0,0.0,0.0,0.0,0.0,0.0,0.0,0.0,0.0,0.0,0.0,0.0,0.0,0.0,0.0,0.0,0.0,0.0,0.0,0.0,0.0,-2.004,-0.0,0.0,0.0,0.0,0.0,0.0,5035.0,-0.0,0.0,0.0,-107615288.0,0.0,-0.0,0.0,0.0,0.0,0.0,53,107615344.0,-0.0,0.0,0.0,0.0,0.0,0.0,0.0,0.0,0,0,0,0.0,0.0,0.0,0.0,0.0,0.0,0.0,0.0,0.0,0.0,0.0,0.0,0.0,0.0,0.0,0.0,0,-107875648.0,53,0.0,106,-107614832.0,-107350944.0,ERR,ERR,ERR,ERR,ERR,ERR,ERR,ERR,ERR,ERR,ERR,ERR,ERR,ERR,ERR,ERR,ERR,ERR,ERR,ERR,ERR,ERR,ERR,ERR,ERR,ERR,ERR,ERR,ERR,ERR,ERR,ERR,ERR,ERR,ERR,ERR,ERR,ERR,ERR,ERR,ERR,ERR,ERR,ERR,ERR,ERR,ERR,ERR,ERR,ERR,ERR,ERR,ERR,ERR,ERR,ERR,ERR,ERR,ERR,ERR,ERR,ERR,ERR,ERR,ERR,ERR,ERR,50.0,60.0,100,0.0,0.0,0.0,0.0,0.0,0.0,0.0,0.0,0.0,0.0,0.0,0.0,0.0,0.0,0.0,0.0,61.6,65,20,65521,50,65476,0,300,0,0,8,20529,65476,0,0,26214,60.0,0.0,0.0,0.0,0.0,0.0
2026-05-17T16:23:47,ERR,ERR,ERR,ERR,ERR,ERR,ERR,ERR,ERR,ERR,ERR,ERR,ERR,ERR,ERR,ERR,ERR,ERR,ERR,ERR,ERR,ERR,ERR,ERR,ERR,ERR,ERR,ERR,ERR,ERR,ERR,ERR,ERR,ERR,ERR,ERR,ERR,ERR,ERR,ERR,ERR,ERR,ERR,ERR,ERR,ERR,ERR,ERR,ERR,ERR,ERR,ERR,ERR,ERR,ERR,ERR,ERR,ERR,ERR,ERR,ERR,ERR,ERR,ERR,ERR,ERR,ERR,ERR,ERR,ERR,ERR,ERR,ERR,ERR,ERR,ERR,ERR,ERR,ERR,ERR,ERR,ERR,ERR,ERR,ERR,ERR,ERR,ERR,ERR,ERR,ERR,ERR,ERR,ERR,ERR,ERR,ERR,ERR,ERR,ERR,ERR,ERR,ERR,ERR,ERR,ERR,ERR,ERR,ERR,ERR,ERR,ERR,ERR,ERR,ERR,ERR,ERR,ERR,ERR,ERR,ERR,ERR,ERR,ERR,ERR,0.0,-107615288.0,-0.0,0.0,0.0,1.3936040501711995e+18,7.805,0.0,0,0,4,0,8422,0.0,45,0.0,0.0,0.0,0.0,0.0,0,0,0,0,0.0,0,0,0,0,0,0,0,0,0,0,0,0,0,0,0,0,0,0,0,0,0,0,0,0,0,0,0,0,0,0,0,0,0,38,14,7,45,65476,0,300,0,0,8,21553,0.0,-107605600.0,0.0,0.0,0.0,0.0,0.0,0.0,0.0,0.0,0.0,0.0,0.0,0.0,0.0,0.0,0.0,0.0,0.0,0.0,0.0,0.0,0.0,-2.004,-0.0,0.0,0.0,0.0,0.0,0.0,5035.0,-0.0,0.0,0.0,-107615288.0,0.0,-0.0,0.0,0.0,0.0,0.0,53,107615344.0,-0.0,0.0,0.0,0.0,0.0,0.0,0.0,0.0,0,0,0,0.0,0.0,0.0,0.0,0.0,0.0,0.0,0.0,0.0,0.0,0.0,0.0,0.0,0.0,0.0,0.0,0,-107875648.0,53,0.0,106,-107614832.0,-107350944.0,ERR,ERR,ERR,ERR,ERR,ERR,ERR,ERR,ERR,ERR,ERR,ERR,ERR,ERR,ERR,ERR,ERR,ERR,ERR,ERR,ERR,ERR,ERR,ERR,ERR,ERR,ERR,ERR,ERR,ERR,ERR,ERR,ERR,ERR,ERR,ERR,ERR,ERR,ERR,ERR,ERR,ERR,ERR,ERR,ERR,ERR,ERR,ERR,ERR,ERR,ERR,ERR,ERR,ERR,ERR,ERR,ERR,ERR,ERR,ERR,ERR,ERR,ERR,ERR,ERR,ERR,ERR,50.0,60.0,100,0.0,0.0,0.0,0.0,0.0,0.0,0.0,0.0,0.0,0.0,0.0,0.0,0.0,0.0,0.0,0.0,61.6,65,20,65521,50,65476,0,300,0,0,8,20529,65476,0,0,26214,60.0,0.0,0.0,0.0,0.0,0.0
2026-05-17T16:23:48,ERR,ERR,ERR,ERR,ERR,ERR,ERR,ERR,ERR,ERR,ERR,ERR,ERR,ERR,ERR,ERR,ERR,ERR,ERR,ERR,ERR,ERR,ERR,ERR,ERR,ERR,ERR,ERR,ERR,ERR,ERR,ERR,ERR,ERR,ERR,ERR,ERR,ERR,ERR,ERR,ERR,ERR,ERR,ERR,ERR,ERR,ERR,ERR,ERR,ERR,ERR,ERR,ERR,ERR,ERR,ERR,ERR,ERR,ERR,ERR,ERR,ERR,ERR,ERR,ERR,ERR,ERR,ERR,ERR,ERR,ERR,ERR,ERR,ERR,ERR,ERR,ERR,ERR,ERR,ERR,ERR,ERR,ERR,ERR,ERR,ERR,ERR,ERR,ERR,ERR,ERR,ERR,ERR,ERR,ERR,ERR,ERR,ERR,ERR,ERR,ERR,ERR,ERR,ERR,ERR,ERR,ERR,ERR,ERR,ERR,ERR,ERR,ERR,ERR,ERR,ERR,ERR,ERR,ERR,ERR,ERR,ERR,ERR,ERR,ERR,0.0,-107615288.0,-0.0,0.0,0.0,1.3936040501711995e+18,7.805,0.0,0,0,4,0,8422,0.0,45,0.0,0.0,0.0,0.0,0.0,0,0,0,0,0.0,0,0,0,0,0,0,0,0,0,0,0,0,0,0,0,0,0,0,0,0,0,0,0,0,0,0,0,0,0,0,0,0,0,38,14,7,45,65476,0,300,0,0,8,21553,0.0,-107605600.0,0.0,0.0,0.0,0.0,0.0,0.0,0.0,0.0,0.0,0.0,0.0,0.0,0.0,0.0,0.0,0.0,0.0,0.0,0.0,0.0,0.0,-2.004,-0.0,0.0,0.0,0.0,0.0,0.0,5035.0,-0.0,0.0,0.0,-107615288.0,0.0,-0.0,0.0,0.0,0.0,0.0,53,107615344.0,-0.0,0.0,0.0,0.0,0.0,0.0,0.0,0.0,0,0,0,0.0,0.0,0.0,0.0,0.0,0.0,0.0,0.0,0.0,0.0,0.0,0.0,0.0,0.0,0.0,0.0,0,-107875648.0,53,0.0,106,-107614832.0,-107350944.0,ERR,ERR,ERR,ERR,ERR,ERR,ERR,ERR,ERR,ERR,ERR,ERR,ERR,ERR,ERR,ERR,ERR,ERR,ERR,ERR,ERR,ERR,ERR,ERR,ERR,ERR,ERR,ERR,ERR,ERR,ERR,ERR,ERR,ERR,ERR,ERR,ERR,ERR,ERR,ERR,ERR,ERR,ERR,ERR,ERR,ERR,ERR,ERR,ERR,ERR,ERR,ERR,ERR,ERR,ERR,ERR,ERR,ERR,ERR,ERR,ERR,ERR,ERR,ERR,ERR,ERR,ERR,50.0,60.0,100,0.0,0.0,0.0,0.0,0.0,0.0,0.0,0.0,0.0,0.0,0.0,0.0,0.0,0.0,0.0,0.0,61.6,65,20,65521,50,65476,0,300,0,0,8,20529,65476,0,0,26214,60.0,0.0,0.0,0.0,0.0,0.0
2026-05-17T16:23:49,ERR,ERR,ERR,ERR,ERR,ERR,ERR,ERR,ERR,ERR,ERR,ERR,ERR,ERR,ERR,ERR,ERR,ERR,ERR,ERR,ERR,ERR,ERR,ERR,ERR,ERR,ERR,ERR,ERR,ERR,ERR,ERR,ERR,ERR,ERR,ERR,ERR,ERR,ERR,ERR,ERR,ERR,ERR,ERR,ERR,ERR,ERR,ERR,ERR,ERR,ERR,ERR,ERR,ERR,ERR,ERR,ERR,ERR,ERR,ERR,ERR,ERR,ERR,ERR,ERR,ERR,ERR,ERR,ERR,ERR,ERR,ERR,ERR,ERR,ERR,ERR,ERR,ERR,ERR,ERR,ERR,ERR,ERR,ERR,ERR,ERR,ERR,ERR,ERR,ERR,ERR,ERR,ERR,ERR,ERR,ERR,ERR,ERR,ERR,ERR,ERR,ERR,ERR,ERR,ERR,ERR,ERR,ERR,ERR,ERR,ERR,ERR,ERR,ERR,ERR,ERR,ERR,ERR,ERR,ERR,ERR,ERR,ERR,ERR,ERR,0.0,-107615288.0,-0.0,0.0,0.0,1.3936040501711995e+18,7.805,0.0,0,0,4,0,8422,0.0,45,0.0,0.0,0.0,0.0,0.0,0,0,0,0,0.0,0,0,0,0,0,0,0,0,0,0,0,0,0,0,0,0,0,0,0,0,0,0,0,0,0,0,0,0,0,0,0,0,0,38,14,7,45,65476,0,300,0,0,8,21553,0.0,-107605600.0,0.0,0.0,0.0,0.0,0.0,0.0,0.0,0.0,0.0,0.0,0.0,0.0,0.0,0.0,0.0,0.0,0.0,0.0,0.0,0.0,0.0,-2.004,-0.0,0.0,0.0,0.0,0.0,0.0,5035.0,-0.0,0.0,0.0,-107615288.0,0.0,-0.0,0.0,0.0,0.0,0.0,53,107615344.0,-0.0,0.0,0.0,0.0,0.0,0.0,0.0,0.0,0,0,0,0.0,0.0,0.0,0.0,0.0,0.0,0.0,0.0,0.0,0.0,0.0,0.0,0.0,0.0,0.0,0.0,0,-107875648.0,53,0.0,106,-107614832.0,-107350944.0,ERR,ERR,ERR,ERR,ERR,ERR,ERR,ERR,ERR,ERR,ERR,ERR,ERR,ERR,ERR,ERR,ERR,ERR,ERR,ERR,ERR,ERR,ERR,ERR,ERR,ERR,ERR,ERR,ERR,ERR,ERR,ERR,ERR,ERR,ERR,ERR,ERR,ERR,ERR,ERR,ERR,ERR,ERR,ERR,ERR,ERR,ERR,ERR,ERR,ERR,ERR,ERR,ERR,ERR,ERR,ERR,ERR,ERR,ERR,ERR,ERR,ERR,ERR,ERR,ERR,ERR,ERR,50.0,60.0,100,0.0,0.0,0.0,0.0,0.0,0.0,0.0,0.0,0.0,0.0,0.0,0.0,0.0,0.0,0.0,0.0,61.6,65,20,65521,50,65476,0,300,0,0,8,20529,65476,0,0,26214,60.0,0.0,0.0,0.0,0.0,0.0
2026-05-17T16:23:50,ERR,ERR,ERR,ERR,ERR,ERR,ERR,ERR,ERR,ERR,ERR,ERR,ERR,ERR,ERR,ERR,ERR,ERR,ERR,ERR,ERR,ERR,ERR,ERR,ERR,ERR,ERR,ERR,ERR,ERR,ERR,ERR,ERR,ERR,ERR,ERR,ERR,ERR,ERR,ERR,ERR,ERR,ERR,ERR,ERR,ERR,ERR,ERR,ERR,ERR,ERR,ERR,ERR,ERR,ERR,ERR,ERR,ERR,ERR,ERR,ERR,ERR,ERR,ERR,ERR,ERR,ERR,ERR,ERR,ERR,ERR,ERR,ERR,ERR,ERR,ERR,ERR,ERR,ERR,ERR,ERR,ERR,ERR,ERR,ERR,ERR,ERR,ERR,ERR,ERR,ERR,ERR,ERR,ERR,ERR,ERR,ERR,ERR,ERR,ERR,ERR,ERR,ERR,ERR,ERR,ERR,ERR,ERR,ERR,ERR,ERR,ERR,ERR,ERR,ERR,ERR,ERR,ERR,ERR,ERR,ERR,ERR,ERR,ERR,ERR,0.0,-107615288.0,-0.0,0.0,0.0,1.3936040501711995e+18,7.805,0.0,0,0,4,0,8422,0.0,45,0.0,0.0,0.0,0.0,0.0,0,0,0,0,0.0,0,0,0,0,0,0,0,0,0,0,0,0,0,0,0,0,0,0,0,0,0,0,0,0,0,0,0,0,0,0,0,0,0,38,14,7,45,65476,0,300,0,0,8,21553,0.0,-107605600.0,0.0,0.0,0.0,0.0,0.0,0.0,0.0,0.0,0.0,0.0,0.0,0.0,0.0,0.0,0.0,0.0,0.0,0.0,0.0,0.0,0.0,-2.004,-0.0,0.0,0.0,0.0,0.0,0.0,5035.0,-0.0,0.0,0.0,-107615288.0,0.0,-0.0,0.0,0.0,0.0,0.0,53,107615344.0,-0.0,0.0,0.0,0.0,0.0,0.0,0.0,0.0,0,0,0,0.0,0.0,0.0,0.0,0.0,0.0,0.0,0.0,0.0,0.0,0.0,0.0,0.0,0.0,0.0,0.0,0,-107875648.0,53,0.0,106,-107614832.0,-107350944.0,ERR,ERR,ERR,ERR,ERR,ERR,ERR,ERR,ERR,ERR,ERR,ERR,ERR,ERR,ERR,ERR,ERR,ERR,ERR,ERR,ERR,ERR,ERR,ERR,ERR,ERR,ERR,ERR,ERR,ERR,ERR,ERR,ERR,ERR,ERR,ERR,ERR,ERR,ERR,ERR,ERR,ERR,ERR,ERR,ERR,ERR,ERR,ERR,ERR,ERR,ERR,ERR,ERR,ERR,ERR,ERR,ERR,ERR,ERR,ERR,ERR,ERR,ERR,ERR,ERR,ERR,ERR,50.0,60.0,100,0.0,0.0,0.0,0.0,0.0,0.0,0.0,0.0,0.0,0.0,0.0,0.0,0.0,0.0,0.0,0.0,61.6,65,20,65521,50,65476,0,300,0,0,8,20529,65476,0,0,26214,60.0,0.0,0.0,0.0,0.0,0.0
2026-05-17T16:23:51,ERR,ERR,ERR,ERR,ERR,ERR,ERR,ERR,ERR,ERR,ERR,ERR,ERR,ERR,ERR,ERR,ERR,ERR,ERR,ERR,ERR,ERR,ERR,ERR,ERR,ERR,ERR,ERR,ERR,ERR,ERR,ERR,ERR,ERR,ERR,ERR,ERR,ERR,ERR,ERR,ERR,ERR,ERR,ERR,ERR,ERR,ERR,ERR,ERR,ERR,ERR,ERR,ERR,ERR,ERR,ERR,ERR,ERR,ERR,ERR,ERR,ERR,ERR,ERR,ERR,ERR,ERR,ERR,ERR,ERR,ERR,ERR,ERR,ERR,ERR,ERR,ERR,ERR,ERR,ERR,ERR,ERR,ERR,ERR,ERR,ERR,ERR,ERR,ERR,ERR,ERR,ERR,ERR,ERR,ERR,ERR,ERR,ERR,ERR,ERR,ERR,ERR,ERR,ERR,ERR,ERR,ERR,ERR,ERR,ERR,ERR,ERR,ERR,ERR,ERR,ERR,ERR,ERR,ERR,ERR,ERR,ERR,ERR,ERR,ERR,0.0,-107615288.0,-0.0,0.0,0.0,1.3936040501711995e+18,7.805,0.0,0,0,4,0,8422,0.0,45,0.0,0.0,0.0,0.0,0.0,0,0,0,0,0.0,0,0,0,0,0,0,0,0,0,0,0,0,0,0,0,0,0,0,0,0,0,0,0,0,0,0,0,0,0,0,0,0,0,38,14,7,45,65476,0,300,0,0,8,21553,0.0,-107605600.0,0.0,0.0,0.0,0.0,0.0,0.0,0.0,0.0,0.0,0.0,0.0,0.0,0.0,0.0,0.0,0.0,0.0,0.0,0.0,0.0,0.0,-2.004,-0.0,0.0,0.0,0.0,0.0,0.0,5042.0,-2.004,0.0,0.0,-107615288.0,0.0,-0.0,0.0,0.0,0.0,0.0,53,4.066880103266858e+29,-3.222003136178649e+26,0.0,0.0,0.0,0.0,0.0,0.0,0.0,0,0,0,0.0,0.0,0.0,0.0,0.0,0.0,0.0,0.0,0.0,0.0,0.0,0.0,0.0,0.0,0.0,0.0,0,-107875648.0,53,0.0,106,-107614832.0,-107350944.0,ERR,ERR,ERR,ERR,ERR,ERR,ERR,ERR,ERR,ERR,ERR,ERR,ERR,ERR,ERR,ERR,ERR,ERR,ERR,ERR,ERR,ERR,ERR,ERR,ERR,ERR,ERR,ERR,ERR,ERR,ERR,ERR,ERR,ERR,ERR,ERR,ERR,ERR,ERR,ERR,ERR,ERR,ERR,ERR,ERR,ERR,ERR,ERR,ERR,ERR,ERR,ERR,ERR,ERR,ERR,ERR,ERR,ERR,ERR,ERR,ERR,ERR,ERR,ERR,ERR,ERR,ERR,50.0,60.0,100,0.0,0.0,0.0,0.0,0.0,0.0,0.0,0.0,0.0,0.0,0.0,0.0,0.0,0.0,0.0,0.0,61.6,65,20,65521,50,65476,0,300,0,0,8,20529,65476,0,0,26214,60.0,0.0,0.0,0.0,0.0,0.0
2026-05-17T16:23:52,ERR,ERR,ERR,ERR,ERR,ERR,ERR,ERR,ERR,ERR,ERR,ERR,ERR,ERR,ERR,ERR,ERR,ERR,ERR,ERR,ERR,ERR,ERR,ERR,ERR,ERR,ERR,ERR,ERR,ERR,ERR,ERR,ERR,ERR,ERR,ERR,ERR,ERR,ERR,ERR,ERR,ERR,ERR,ERR,ERR,ERR,ERR,ERR,ERR,ERR,ERR,ERR,ERR,ERR,ERR,ERR,ERR,ERR,ERR,ERR,ERR,ERR,ERR,ERR,ERR,ERR,ERR,ERR,ERR,ERR,ERR,ERR,ERR,ERR,ERR,ERR,ERR,ERR,ERR,ERR,ERR,ERR,ERR,ERR,ERR,ERR,ERR,ERR,ERR,ERR,ERR,ERR,ERR,ERR,ERR,ERR,ERR,ERR,ERR,ERR,ERR,ERR,ERR,ERR,ERR,ERR,ERR,ERR,ERR,ERR,ERR,ERR,ERR,ERR,ERR,ERR,ERR,ERR,ERR,ERR,ERR,ERR,ERR,ERR,ERR,0.0,-107615288.0,-0.0,0.0,0.0,1.3936040501711995e+18,7.805,0.0,0,0,4,0,8422,0.0,45,0.0,0.0,0.0,0.0,0.0,0,0,0,0,0.0,0,0,0,0,0,0,0,0,0,0,0,0,0,0,0,0,0,0,0,0,0,0,0,0,0,0,0,0,0,0,0,0,0,38,14,7,45,65476,0,300,0,0,8,21553,0.0,-107605600.0,0.0,0.0,0.0,0.0,0.0,0.0,0.0,0.0,0.0,0.0,0.0,0.0,0.0,0.0,0.0,0.0,0.0,0.0,0.0,0.0,0.0,-2.004,-0.0,0.0,0.0,0.0,0.0,0.0,5042.0,-2.004,0.0,0.0,-107615288.0,0.0,-0.0,0.0,0.0,0.0,0.0,53,4.066880103266858e+29,-3.222003136178649e+26,0.0,0.0,0.0,0.0,0.0,0.0,0.0,0,0,0,0.0,0.0,0.0,0.0,0.0,0.0,0.0,0.0,0.0,0.0,0.0,0.0,0.0,0.0,0.0,0.0,0,-107875648.0,53,0.0,106,-107614832.0,-107350944.0,ERR,ERR,ERR,ERR,ERR,ERR,ERR,ERR,ERR,ERR,ERR,ERR,ERR,ERR,ERR,ERR,ERR,ERR,ERR,ERR,ERR,ERR,ERR,ERR,ERR,ERR,ERR,ERR,ERR,ERR,ERR,ERR,ERR,ERR,ERR,ERR,ERR,ERR,ERR,ERR,ERR,ERR,ERR,ERR,ERR,ERR,ERR,ERR,ERR,ERR,ERR,ERR,ERR,ERR,ERR,ERR,ERR,ERR,ERR,ERR,ERR,ERR,ERR,ERR,ERR,ERR,ERR,50.0,60.0,100,0.0,0.0,0.0,0.0,0.0,0.0,0.0,0.0,0.0,0.0,0.0,0.0,0.0,0.0,0.0,0.0,61.6,65,20,65521,50,65476,0,300,0,0,8,20529,65476,0,0,26214,60.0,0.0,0.0,0.0,0.0,0.0
2026-05-17T16:23:53,ERR,ERR,ERR,ERR,ERR,ERR,ERR,ERR,ERR,ERR,ERR,ERR,ERR,ERR,ERR,ERR,ERR,ERR,ERR,ERR,ERR,ERR,ERR,ERR,ERR,ERR,ERR,ERR,ERR,ERR,ERR,ERR,ERR,ERR,ERR,ERR,ERR,ERR,ERR,ERR,ERR,ERR,ERR,ERR,ERR,ERR,ERR,ERR,ERR,ERR,ERR,ERR,ERR,ERR,ERR,ERR,ERR,ERR,ERR,ERR,ERR,ERR,ERR,ERR,ERR,ERR,ERR,ERR,ERR,ERR,ERR,ERR,ERR,ERR,ERR,ERR,ERR,ERR,ERR,ERR,ERR,ERR,ERR,ERR,ERR,ERR,ERR,ERR,ERR,ERR,ERR,ERR,ERR,ERR,ERR,ERR,ERR,ERR,ERR,ERR,ERR,ERR,ERR,ERR,ERR,ERR,ERR,ERR,ERR,ERR,ERR,ERR,ERR,ERR,ERR,ERR,ERR,ERR,ERR,ERR,ERR,ERR,ERR,ERR,ERR,0.0,-107615288.0,-0.0,0.0,0.0,1.3936040501711995e+18,7.805,0.0,0,0,4,0,8422,0.0,45,0.0,0.0,0.0,0.0,0.0,0,0,0,0,0.0,0,0,0,0,0,0,0,0,0,0,0,0,0,0,0,0,0,0,0,0,0,0,0,0,0,0,0,0,0,0,0,0,0,38,14,7,45,65476,0,300,0,0,8,21553,0.0,-107605600.0,0.0,0.0,0.0,0.0,0.0,0.0,0.0,0.0,0.0,0.0,0.0,0.0,0.0,0.0,0.0,0.0,0.0,0.0,0.0,0.0,0.0,-2.004,-0.0,0.0,0.0,0.0,0.0,0.0,5042.0,-2.004,0.0,0.0,-107615288.0,0.0,-0.0,0.0,0.0,0.0,0.0,53,4.066880103266858e+29,-3.222003136178649e+26,0.0,0.0,0.0,0.0,0.0,0.0,0.0,0,0,0,0.0,0.0,0.0,0.0,0.0,0.0,0.0,0.0,0.0,0.0,0.0,0.0,0.0,0.0,0.0,0.0,0,-107875648.0,53,0.0,106,-107614832.0,-107350944.0,ERR,ERR,ERR,ERR,ERR,ERR,ERR,ERR,ERR,ERR,ERR,ERR,ERR,ERR,ERR,ERR,ERR,ERR,ERR,ERR,ERR,ERR,ERR,ERR,ERR,ERR,ERR,ERR,ERR,ERR,ERR,ERR,ERR,ERR,ERR,ERR,ERR,ERR,ERR,ERR,ERR,ERR,ERR,ERR,ERR,ERR,ERR,ERR,ERR,ERR,ERR,ERR,ERR,ERR,ERR,ERR,ERR,ERR,ERR,ERR,ERR,ERR,ERR,ERR,ERR,ERR,ERR,50.0,60.0,100,0.0,0.0,0.0,0.0,0.0,0.0,0.0,0.0,0.0,0.0,0.0,0.0,0.0,0.0,0.0,0.0,62.0,65,20,65521,50,65476,0,300,0,0,8,20529,65476,0,0,26214,60.0,0.0,0.0,0.0,0.0,0.0
2026-05-17T16:23:54,ERR,ERR,ERR,ERR,ERR,ERR,ERR,ERR,ERR,ERR,ERR,ERR,ERR,ERR,ERR,ERR,ERR,ERR,ERR,ERR,ERR,ERR,ERR,ERR,ERR,ERR,ERR,ERR,ERR,ERR,ERR,ERR,ERR,ERR,ERR,ERR,ERR,ERR,ERR,ERR,ERR,ERR,ERR,ERR,ERR,ERR,ERR,ERR,ERR,ERR,ERR,ERR,ERR,ERR,ERR,ERR,ERR,ERR,ERR,ERR,ERR,ERR,ERR,ERR,ERR,ERR,ERR,ERR,ERR,ERR,ERR,ERR,ERR,ERR,ERR,ERR,ERR,ERR,ERR,ERR,ERR,ERR,ERR,ERR,ERR,ERR,ERR,ERR,ERR,ERR,ERR,ERR,ERR,ERR,ERR,ERR,ERR,ERR,ERR,ERR,ERR,ERR,ERR,ERR,ERR,ERR,ERR,ERR,ERR,ERR,ERR,ERR,ERR,ERR,ERR,ERR,ERR,ERR,ERR,ERR,ERR,ERR,ERR,ERR,ERR,0.0,-107615288.0,-0.0,0.0,0.0,1.3936040501711995e+18,7.805,0.0,0,0,4,0,8422,0.0,45,0.0,0.0,0.0,0.0,0.0,0,0,0,0,0.0,0,0,0,0,0,0,0,0,0,0,0,0,0,0,0,0,0,0,0,0,0,0,0,0,0,0,0,0,0,0,0,0,0,38,14,7,45,65476,0,300,0,0,8,21553,0.0,-107605600.0,0.0,0.0,0.0,0.0,0.0,0.0,0.0,0.0,0.0,0.0,0.0,0.0,0.0,0.0,0.0,0.0,0.0,0.0,0.0,0.0,0.0,-2.004,-0.0,0.0,0.0,0.0,0.0,0.0,5042.0,-2.004,0.0,0.0,-107615288.0,0.0,-0.0,0.0,0.0,0.0,0.0,53,4.066880103266858e+29,-3.222003136178649e+26,0.0,0.0,0.0,0.0,0.0,0.0,0.0,0,0,0,0.0,0.0,0.0,0.0,0.0,0.0,0.0,0.0,0.0,0.0,0.0,0.0,0.0,0.0,0.0,0.0,0,-107875648.0,53,0.0,106,-107614832.0,-107350944.0,ERR,ERR,ERR,ERR,ERR,ERR,ERR,ERR,ERR,ERR,ERR,ERR,ERR,ERR,ERR,ERR,ERR,ERR,ERR,ERR,ERR,ERR,ERR,ERR,ERR,ERR,ERR,ERR,ERR,ERR,ERR,ERR,ERR,ERR,ERR,ERR,ERR,ERR,ERR,ERR,ERR,ERR,ERR,ERR,ERR,ERR,ERR,ERR,ERR,ERR,ERR,ERR,ERR,ERR,ERR,ERR,ERR,ERR,ERR,ERR,ERR,ERR,ERR,ERR,ERR,ERR,ERR,50.0,60.0,100,0.0,0.0,0.0,0.0,0.0,0.0,0.0,0.0,0.0,0.0,0.0,0.0,0.0,0.0,0.0,0.0,62.0,65,20,65521,50,65476,0,300,0,0,8,20529,65476,0,0,26214,60.0,0.0,0.0,0.0,0.0,0.0
2026-05-17T16:23:55,ERR,ERR,ERR,ERR,ERR,ERR,ERR,ERR,ERR,ERR,ERR,ERR,ERR,ERR,ERR,ERR,ERR,ERR,ERR,ERR,ERR,ERR,ERR,ERR,ERR,ERR,ERR,ERR,ERR,ERR,ERR,ERR,ERR,ERR,ERR,ERR,ERR,ERR,ERR,ERR,ERR,ERR,ERR,ERR,ERR,ERR,ERR,ERR,ERR,ERR,ERR,ERR,ERR,ERR,ERR,ERR,ERR,ERR,ERR,ERR,ERR,ERR,ERR,ERR,ERR,ERR,ERR,ERR,ERR,ERR,ERR,ERR,ERR,ERR,ERR,ERR,ERR,ERR,ERR,ERR,ERR,ERR,ERR,ERR,ERR,ERR,ERR,ERR,ERR,ERR,ERR,ERR,ERR,ERR,ERR,ERR,ERR,ERR,ERR,ERR,ERR,ERR,ERR,ERR,ERR,ERR,ERR,ERR,ERR,ERR,ERR,ERR,ERR,ERR,ERR,ERR,ERR,ERR,ERR,ERR,ERR,ERR,ERR,ERR,ERR,0.0,-107615288.0,-0.0,0.0,0.0,1.3936040501711995e+18,7.805,0.0,0,0,4,0,8422,0.0,45,0.0,0.0,0.0,0.0,0.0,0,0,0,0,0.0,0,0,0,0,0,0,0,0,0,0,0,0,0,0,0,0,0,0,0,0,0,0,0,0,0,0,0,0,0,0,0,0,0,38,14,7,45,65476,0,300,0,0,8,21553,0.0,-107605600.0,0.0,0.0,0.0,0.0,0.0,0.0,0.0,0.0,0.0,0.0,0.0,0.0,0.0,0.0,0.0,0.0,0.0,0.0,0.0,0.0,0.0,-2.004,-0.0,0.0,0.0,0.0,0.0,0.0,5042.0,-2.004,0.0,0.0,-107615288.0,0.0,-0.0,0.0,0.0,0.0,0.0,53,4.066880103266858e+29,-3.222003136178649e+26,0.0,0.0,0.0,0.0,0.0,0.0,0.0,0,0,0,0.0,0.0,0.0,0.0,0.0,0.0,0.0,0.0,0.0,0.0,0.0,0.0,0.0,0.0,0.0,0.0,0,-107875648.0,53,0.0,106,-107614832.0,-107350944.0,ERR,ERR,ERR,ERR,ERR,ERR,ERR,ERR,ERR,ERR,ERR,ERR,ERR,ERR,ERR,ERR,ERR,ERR,ERR,ERR,ERR,ERR,ERR,ERR,ERR,ERR,ERR,ERR,ERR,ERR,ERR,ERR,ERR,ERR,ERR,ERR,ERR,ERR,ERR,ERR,ERR,ERR,ERR,ERR,ERR,ERR,ERR,ERR,ERR,ERR,ERR,ERR,ERR,ERR,ERR,ERR,ERR,ERR,ERR,ERR,ERR,ERR,ERR,ERR,ERR,ERR,ERR,50.0,60.0,100,0.0,0.0,0.0,0.0,0.0,0.0,0.0,0.0,0.0,0.0,0.0,0.0,0.0,0.0,0.0,0.0,61.6,65,20,65521,50,65476,0,300,0,0,8,20529,65476,0,0,26214,60.0,0.0,0.0,0.0,0.0,0.0
2026-05-17T16:23:56,ERR,ERR,ERR,ERR,ERR,ERR,ERR,ERR,ERR,ERR,ERR,ERR,ERR,ERR,ERR,ERR,ERR,ERR,ERR,ERR,ERR,ERR,ERR,ERR,ERR,ERR,ERR,ERR,ERR,ERR,ERR,ERR,ERR,ERR,ERR,ERR,ERR,ERR,ERR,ERR,ERR,ERR,ERR,ERR,ERR,ERR,ERR,ERR,ERR,ERR,ERR,ERR,ERR,ERR,ERR,ERR,ERR,ERR,ERR,ERR,ERR,ERR,ERR,ERR,ERR,ERR,ERR,ERR,ERR,ERR,ERR,ERR,ERR,ERR,ERR,ERR,ERR,ERR,ERR,ERR,ERR,ERR,ERR,ERR,ERR,ERR,ERR,ERR,ERR,ERR,ERR,ERR,ERR,ERR,ERR,ERR,ERR,ERR,ERR,ERR,ERR,ERR,ERR,ERR,ERR,ERR,ERR,ERR,ERR,ERR,ERR,ERR,ERR,ERR,ERR,ERR,ERR,ERR,ERR,ERR,ERR,ERR,ERR,ERR,ERR,0.0,-107615288.0,-0.0,0.0,0.0,1.3936040501711995e+18,7.805,0.0,0,0,4,0,8422,0.0,45,0.0,0.0,0.0,0.0,0.0,0,0,0,0,0.0,0,0,0,0,0,0,0,0,0,0,0,0,0,0,0,0,0,0,0,0,0,0,0,0,0,0,0,0,0,0,0,0,0,38,14,7,45,65476,0,300,0,0,8,21553,0.0,-107605600.0,0.0,0.0,0.0,0.0,0.0,0.0,0.0,0.0,0.0,0.0,0.0,0.0,0.0,0.0,0.0,0.0,0.0,0.0,0.0,0.0,0.0,-2.004,-0.0,0.0,0.0,0.0,0.0,0.0,5042.0,-2.004,0.0,0.0,-107615288.0,0.0,-0.0,0.0,0.0,0.0,0.0,53,4.066880103266858e+29,-3.222003136178649e+26,0.0,0.0,0.0,0.0,0.0,0.0,0.0,0,0,0,0.0,0.0,0.0,0.0,0.0,0.0,0.0,0.0,0.0,0.0,0.0,0.0,0.0,0.0,0.0,0.0,0,-107875648.0,53,0.0,106,-107614832.0,-107350944.0,ERR,ERR,ERR,ERR,ERR,ERR,ERR,ERR,ERR,ERR,ERR,ERR,ERR,ERR,ERR,ERR,ERR,ERR,ERR,ERR,ERR,ERR,ERR,ERR,ERR,ERR,ERR,ERR,ERR,ERR,ERR,ERR,ERR,ERR,ERR,ERR,ERR,ERR,ERR,ERR,ERR,ERR,ERR,ERR,ERR,ERR,ERR,ERR,ERR,ERR,ERR,ERR,ERR,ERR,ERR,ERR,ERR,ERR,ERR,ERR,ERR,ERR,ERR,ERR,ERR,ERR,ERR,50.0,60.0,100,0.0,0.0,0.0,0.0,0.0,0.0,0.0,0.0,0.0,0.0,0.0,0.0,0.0,0.0,0.0,0.0,61.6,65,20,65521,50,65476,0,300,0,0,8,20529,65476,0,0,26214,60.0,0.0,0.0,0.0,0.0,0.0
2026-05-17T16:23:57,ERR,ERR,ERR,ERR,ERR,ERR,ERR,ERR,ERR,ERR,ERR,ERR,ERR,ERR,ERR,ERR,ERR,ERR,ERR,ERR,ERR,ERR,ERR,ERR,ERR,ERR,ERR,ERR,ERR,ERR,ERR,ERR,ERR,ERR,ERR,ERR,ERR,ERR,ERR,ERR,ERR,ERR,ERR,ERR,ERR,ERR,ERR,ERR,ERR,ERR,ERR,ERR,ERR,ERR,ERR,ERR,ERR,ERR,ERR,ERR,ERR,ERR,ERR,ERR,ERR,ERR,ERR,ERR,ERR,ERR,ERR,ERR,ERR,ERR,ERR,ERR,ERR,ERR,ERR,ERR,ERR,ERR,ERR,ERR,ERR,ERR,ERR,ERR,ERR,ERR,ERR,ERR,ERR,ERR,ERR,ERR,ERR,ERR,ERR,ERR,ERR,ERR,ERR,ERR,ERR,ERR,ERR,ERR,ERR,ERR,ERR,ERR,ERR,ERR,ERR,ERR,ERR,ERR,ERR,ERR,ERR,ERR,ERR,ERR,ERR,0.0,-107615288.0,-0.0,0.0,0.0,1.3936040501711995e+18,7.805,0.0,0,0,4,0,8422,0.0,45,0.0,0.0,0.0,0.0,0.0,0,0,0,0,0.0,0,0,0,0,0,0,0,0,0,0,0,0,0,0,0,0,0,0,0,0,0,0,0,0,0,0,0,0,0,0,0,0,0,38,14,7,45,65476,0,300,0,0,8,21553,0.0,-107605600.0,0.0,0.0,0.0,0.0,0.0,0.0,0.0,0.0,0.0,0.0,0.0,0.0,0.0,0.0,0.0,0.0,0.0,0.0,0.0,0.0,0.0,-2.004,-0.0,0.0,0.0,0.0,0.0,0.0,5072.0,2.422988480993034e+24,0.0,0.0,-107615288.0,0.0,-0.0,0.0,0.0,0.0,0.0,53,2.7184300208680915e+23,-71.629,0.0,0.0,0.0,0.0,0.0,0.0,0.0,0,0,0,0.0,0.0,0.0,0.0,0.0,0.0,0.0,0.0,0.0,0.0,0.0,0.0,0.0,0.0,0.0,0.0,0,-107875648.0,53,0.0,106,-107614832.0,-107350944.0,ERR,ERR,ERR,ERR,ERR,ERR,ERR,ERR,ERR,ERR,ERR,ERR,ERR,ERR,ERR,ERR,ERR,ERR,ERR,ERR,ERR,ERR,ERR,ERR,ERR,ERR,ERR,ERR,ERR,ERR,ERR,ERR,ERR,ERR,ERR,ERR,ERR,ERR,ERR,ERR,ERR,ERR,ERR,ERR,ERR,ERR,ERR,ERR,ERR,ERR,ERR,ERR,ERR,ERR,ERR,ERR,ERR,ERR,ERR,ERR,ERR,ERR,ERR,ERR,ERR,ERR,ERR,50.0,60.0,100,0.0,0.0,0.0,0.0,0.0,0.0,0.0,0.0,0.0,0.0,0.0,0.0,0.0,0.0,0.0,0.0,62.0,65,20,65521,50,65476,0,300,0,0,8,20529,65476,0,0,26214,60.0,0.0,0.0,0.0,0.0,0.0
2026-05-17T16:23:58,ERR,ERR,ERR,ERR,ERR,ERR,ERR,ERR,ERR,ERR,ERR,ERR,ERR,ERR,ERR,ERR,ERR,ERR,ERR,ERR,ERR,ERR,ERR,ERR,ERR,ERR,ERR,ERR,ERR,ERR,ERR,ERR,ERR,ERR,ERR,ERR,ERR,ERR,ERR,ERR,ERR,ERR,ERR,ERR,ERR,ERR,ERR,ERR,ERR,ERR,ERR,ERR,ERR,ERR,ERR,ERR,ERR,ERR,ERR,ERR,ERR,ERR,ERR,ERR,ERR,ERR,ERR,ERR,ERR,ERR,ERR,ERR,ERR,ERR,ERR,ERR,ERR,ERR,ERR,ERR,ERR,ERR,ERR,ERR,ERR,ERR,ERR,ERR,ERR,ERR,ERR,ERR,ERR,ERR,ERR,ERR,ERR,ERR,ERR,ERR,ERR,ERR,ERR,ERR,ERR,ERR,ERR,ERR,ERR,ERR,ERR,ERR,ERR,ERR,ERR,ERR,ERR,ERR,ERR,ERR,ERR,ERR,ERR,ERR,ERR,0.0,-107615288.0,-0.0,0.0,0.0,1.3936040501711995e+18,7.805,0.0,0,0,4,0,8422,0.0,45,0.0,0.0,0.0,0.0,0.0,0,0,0,0,0.0,0,0,0,0,0,0,0,0,0,0,0,0,0,0,0,0,0,0,0,0,0,0,0,0,0,0,0,0,0,0,0,0,0,38,14,7,45,65476,0,300,0,0,8,21553,0.0,-107605600.0,0.0,0.0,0.0,0.0,0.0,0.0,0.0,0.0,0.0,0.0,0.0,0.0,0.0,0.0,0.0,0.0,0.0,0.0,0.0,0.0,0.0,-2.004,-0.0,0.0,0.0,0.0,0.0,0.0,5072.0,2.422988480993034e+24,0.0,0.0,-107615288.0,0.0,-0.0,0.0,0.0,0.0,0.0,53,2.7184300208680915e+23,-71.629,0.0,0.0,0.0,0.0,0.0,0.0,0.0,0,0,0,0.0,0.0,0.0,0.0,0.0,0.0,0.0,0.0,0.0,0.0,0.0,0.0,0.0,0.0,0.0,0.0,0,-107875648.0,53,0.0,106,-107614832.0,-107350944.0,ERR,ERR,ERR,ERR,ERR,ERR,ERR,ERR,ERR,ERR,ERR,ERR,ERR,ERR,ERR,ERR,ERR,ERR,ERR,ERR,ERR,ERR,ERR,ERR,ERR,ERR,ERR,ERR,ERR,ERR,ERR,ERR,ERR,ERR,ERR,ERR,ERR,ERR,ERR,ERR,ERR,ERR,ERR,ERR,ERR,ERR,ERR,ERR,ERR,ERR,ERR,ERR,ERR,ERR,ERR,ERR,ERR,ERR,ERR,ERR,ERR,ERR,ERR,ERR,ERR,ERR,ERR,50.0,60.0,100,0.0,0.0,0.0,0.0,0.0,0.0,0.0,0.0,0.0,0.0,0.0,0.0,0.0,0.0,0.0,0.0,62.0,65,20,65521,50,65476,0,300,0,0,8,20529,65476,0,0,26214,60.0,0.0,0.0,0.0,0.0,0.0
2026-05-17T16:23:59,ERR,ERR,ERR,ERR,ERR,ERR,ERR,ERR,ERR,ERR,ERR,ERR,ERR,ERR,ERR,ERR,ERR,ERR,ERR,ERR,ERR,ERR,ERR,ERR,ERR,ERR,ERR,ERR,ERR,ERR,ERR,ERR,ERR,ERR,ERR,ERR,ERR,ERR,ERR,ERR,ERR,ERR,ERR,ERR,ERR,ERR,ERR,ERR,ERR,ERR,ERR,ERR,ERR,ERR,ERR,ERR,ERR,ERR,ERR,ERR,ERR,ERR,ERR,ERR,ERR,ERR,ERR,ERR,ERR,ERR,ERR,ERR,ERR,ERR,ERR,ERR,ERR,ERR,ERR,ERR,ERR,ERR,ERR,ERR,ERR,ERR,ERR,ERR,ERR,ERR,ERR,ERR,ERR,ERR,ERR,ERR,ERR,ERR,ERR,ERR,ERR,ERR,ERR,ERR,ERR,ERR,ERR,ERR,ERR,ERR,ERR,ERR,ERR,ERR,ERR,ERR,ERR,ERR,ERR,ERR,ERR,ERR,ERR,ERR,ERR,0.0,-107615288.0,-0.0,0.0,0.0,1.3936040501711995e+18,7.805,0.0,0,0,4,0,8422,0.0,45,0.0,0.0,0.0,0.0,0.0,0,0,0,0,0.0,0,0,0,0,0,0,0,0,0,0,0,0,0,0,0,0,0,0,0,0,0,0,0,0,0,0,0,0,0,0,0,0,0,38,14,7,45,65476,0,300,0,0,8,21553,0.0,-107605600.0,0.0,0.0,0.0,0.0,0.0,0.0,0.0,0.0,0.0,0.0,0.0,0.0,0.0,0.0,0.0,0.0,0.0,0.0,0.0,0.0,0.0,-2.004,-0.0,0.0,0.0,0.0,0.0,0.0,5072.0,2.422988480993034e+24,0.0,0.0,-107615288.0,0.0,-0.0,0.0,0.0,0.0,0.0,53,2.7184300208680915e+23,-71.629,0.0,0.0,0.0,0.0,0.0,0.0,0.0,0,0,0,0.0,0.0,0.0,0.0,0.0,0.0,0.0,0.0,0.0,0.0,0.0,0.0,0.0,0.0,0.0,0.0,0,-107875648.0,53,0.0,106,-107614832.0,-107350944.0,ERR,ERR,ERR,ERR,ERR,ERR,ERR,ERR,ERR,ERR,ERR,ERR,ERR,ERR,ERR,ERR,ERR,ERR,ERR,ERR,ERR,ERR,ERR,ERR,ERR,ERR,ERR,ERR,ERR,ERR,ERR,ERR,ERR,ERR,ERR,ERR,ERR,ERR,ERR,ERR,ERR,ERR,ERR,ERR,ERR,ERR,ERR,ERR,ERR,ERR,ERR,ERR,ERR,ERR,ERR,ERR,ERR,ERR,ERR,ERR,ERR,ERR,ERR,ERR,ERR,ERR,ERR,50.0,60.0,100,0.0,0.0,0.0,0.0,0.0,0.0,0.0,0.0,0.0,0.0,0.0,0.0,0.0,0.0,0.0,0.0,62.0,65,20,65521,50,65476,0,300,0,0,8,20529,65476,0,0,26214,60.0,0.0,0.0,0.0,0.0,0.0
2026-05-17T16:24:00,ERR,ERR,ERR,ERR,ERR,ERR,ERR,ERR,ERR,ERR,ERR,ERR,ERR,ERR,ERR,ERR,ERR,ERR,ERR,ERR,ERR,ERR,ERR,ERR,ERR,ERR,ERR,ERR,ERR,ERR,ERR,ERR,ERR,ERR,ERR,ERR,ERR,ERR,ERR,ERR,ERR,ERR,ERR,ERR,ERR,ERR,ERR,ERR,ERR,ERR,ERR,ERR,ERR,ERR,ERR,ERR,ERR,ERR,ERR,ERR,ERR,ERR,ERR,ERR,ERR,ERR,ERR,ERR,ERR,ERR,ERR,ERR,ERR,ERR,ERR,ERR,ERR,ERR,ERR,ERR,ERR,ERR,ERR,ERR,ERR,ERR,ERR,ERR,ERR,ERR,ERR,ERR,ERR,ERR,ERR,ERR,ERR,ERR,ERR,ERR,ERR,ERR,ERR,ERR,ERR,ERR,ERR,ERR,ERR,ERR,ERR,ERR,ERR,ERR,ERR,ERR,ERR,ERR,ERR,ERR,ERR,ERR,ERR,ERR,ERR,0.0,-107615288.0,-0.0,0.0,0.0,1.3936040501711995e+18,7.805,0.0,0,0,4,0,8422,0.0,45,0.0,0.0,0.0,0.0,0.0,0,0,0,0,0.0,0,0,0,0,0,0,0,0,0,0,0,0,0,0,0,0,0,0,0,0,0,0,0,0,0,0,0,0,0,0,0,0,0,38,14,7,45,65476,0,300,0,0,8,21553,0.0,-107605600.0,0.0,0.0,0.0,0.0,0.0,0.0,0.0,0.0,0.0,0.0,0.0,0.0,0.0,0.0,0.0,0.0,0.0,0.0,0.0,0.0,0.0,-2.004,-0.0,0.0,0.0,0.0,0.0,0.0,5072.0,2.422988480993034e+24,0.0,0.0,-107615288.0,0.0,-0.0,0.0,0.0,0.0,0.0,53,2.7184300208680915e+23,-71.629,0.0,0.0,0.0,0.0,0.0,0.0,0.0,0,0,0,0.0,0.0,0.0,0.0,0.0,0.0,0.0,0.0,0.0,0.0,0.0,0.0,0.0,0.0,0.0,0.0,0,-107875648.0,53,0.0,106,-107614832.0,-107350944.0,ERR,ERR,ERR,ERR,ERR,ERR,ERR,ERR,ERR,ERR,ERR,ERR,ERR,ERR,ERR,ERR,ERR,ERR,ERR,ERR,ERR,ERR,ERR,ERR,ERR,ERR,ERR,ERR,ERR,ERR,ERR,ERR,ERR,ERR,ERR,ERR,ERR,ERR,ERR,ERR,ERR,ERR,ERR,ERR,ERR,ERR,ERR,ERR,ERR,ERR,ERR,ERR,ERR,ERR,ERR,ERR,ERR,ERR,ERR,ERR,ERR,ERR,ERR,ERR,ERR,ERR,ERR,50.0,60.0,100,0.0,0.0,0.0,0.0,0.0,0.0,0.0,0.0,0.0,0.0,0.0,0.0,0.0,0.0,0.0,0.0,61.6,65,20,65521,50,65476,0,300,0,0,8,20529,65476,0,0,26214,60.0,0.0,0.0,0.0,0.0,0.0
2026-05-17T16:24:01,ERR,ERR,ERR,ERR,ERR,ERR,ERR,ERR,ERR,ERR,ERR,ERR,ERR,ERR,ERR,ERR,ERR,ERR,ERR,ERR,ERR,ERR,ERR,ERR,ERR,ERR,ERR,ERR,ERR,ERR,ERR,ERR,ERR,ERR,ERR,ERR,ERR,ERR,ERR,ERR,ERR,ERR,ERR,ERR,ERR,ERR,ERR,ERR,ERR,ERR,ERR,ERR,ERR,ERR,ERR,ERR,ERR,ERR,ERR,ERR,ERR,ERR,ERR,ERR,ERR,ERR,ERR,ERR,ERR,ERR,ERR,ERR,ERR,ERR,ERR,ERR,ERR,ERR,ERR,ERR,ERR,ERR,ERR,ERR,ERR,ERR,ERR,ERR,ERR,ERR,ERR,ERR,ERR,ERR,ERR,ERR,ERR,ERR,ERR,ERR,ERR,ERR,ERR,ERR,ERR,ERR,ERR,ERR,ERR,ERR,ERR,ERR,ERR,ERR,ERR,ERR,ERR,ERR,ERR,ERR,ERR,ERR,ERR,ERR,ERR,0.0,-107615288.0,-0.0,0.0,0.0,1.3936040501711995e+18,7.805,0.0,0,0,4,0,8422,0.0,45,0.0,0.0,0.0,0.0,0.0,0,0,0,0,0.0,0,0,0,0,0,0,0,0,0,0,0,0,0,0,0,0,0,0,0,0,0,0,0,0,0,0,0,0,0,0,0,0,0,38,14,7,45,65476,0,300,0,0,8,21553,0.0,-107605600.0,0.0,0.0,0.0,0.0,0.0,0.0,0.0,0.0,0.0,0.0,0.0,0.0,0.0,0.0,0.0,0.0,0.0,0.0,0.0,0.0,0.0,-2.004,-0.0,0.0,0.0,0.0,0.0,0.0,5072.0,2.422988480993034e+24,0.0,0.0,-107615288.0,0.0,-0.0,0.0,0.0,0.0,0.0,53,2.7184300208680915e+23,-71.629,0.0,0.0,0.0,0.0,0.0,0.0,0.0,0,0,0,0.0,0.0,0.0,0.0,0.0,0.0,0.0,0.0,0.0,0.0,0.0,0.0,0.0,0.0,0.0,0.0,0,-107875648.0,53,0.0,106,-107614832.0,-107350944.0,ERR,ERR,ERR,ERR,ERR,ERR,ERR,ERR,ERR,ERR,ERR,ERR,ERR,ERR,ERR,ERR,ERR,ERR,ERR,ERR,ERR,ERR,ERR,ERR,ERR,ERR,ERR,ERR,ERR,ERR,ERR,ERR,ERR,ERR,ERR,ERR,ERR,ERR,ERR,ERR,ERR,ERR,ERR,ERR,ERR,ERR,ERR,ERR,ERR,ERR,ERR,ERR,ERR,ERR,ERR,ERR,ERR,ERR,ERR,ERR,ERR,ERR,ERR,ERR,ERR,ERR,ERR,50.0,60.0,100,0.0,0.0,0.0,0.0,0.0,0.0,0.0,0.0,0.0,0.0,0.0,0.0,0.0,0.0,0.0,0.0,61.6,65,20,65521,50,65476,0,300,0,0,8,20529,65476,0,0,26214,60.0,0.0,0.0,0.0,0.0,0.0
2026-05-17T16:24:02,ERR,ERR,ERR,ERR,ERR,ERR,ERR,ERR,ERR,ERR,ERR,ERR,ERR,ERR,ERR,ERR,ERR,ERR,ERR,ERR,ERR,ERR,ERR,ERR,ERR,ERR,ERR,ERR,ERR,ERR,ERR,ERR,ERR,ERR,ERR,ERR,ERR,ERR,ERR,ERR,ERR,ERR,ERR,ERR,ERR,ERR,ERR,ERR,ERR,ERR,ERR,ERR,ERR,ERR,ERR,ERR,ERR,ERR,ERR,ERR,ERR,ERR,ERR,ERR,ERR,ERR,ERR,ERR,ERR,ERR,ERR,ERR,ERR,ERR,ERR,ERR,ERR,ERR,ERR,ERR,ERR,ERR,ERR,ERR,ERR,ERR,ERR,ERR,ERR,ERR,ERR,ERR,ERR,ERR,ERR,ERR,ERR,ERR,ERR,ERR,ERR,ERR,ERR,ERR,ERR,ERR,ERR,ERR,ERR,ERR,ERR,ERR,ERR,ERR,ERR,ERR,ERR,ERR,ERR,ERR,ERR,ERR,ERR,ERR,ERR,0.0,-107615288.0,-134474944.0,0.0,0.0,1.3936040501711995e+18,7.805,0.0,0,0,4,0,8422,0.0,45,0.0,0.0,0.0,0.0,0.0,0,0,0,0,0.0,0,0,0,0,0,0,0,0,0,0,0,0,0,0,0,0,0,0,0,0,0,0,0,0,0,0,0,0,0,0,0,0,0,38,14,7,45,65476,0,300,0,0,8,21553,0.0,-107605600.0,0.0,0.0,0.0,0.0,0.0,0.0,0.0,0.0,0.0,0.0,0.0,0.0,0.0,0.0,0.0,0.0,0.0,0.0,0.0,0.0,0.0,-2.004,-0.0,0.0,0.0,0.0,0.0,0.0,5067.0,-0.0,0.0,0.0,-107615288.0,0.0,-0.0,0.0,0.0,0.0,0.0,53,107615344.0,0.0,0.0,0.0,0.0,0.0,0.0,0.0,0.0,0,0,0,0.0,0.0,0.0,0.0,0.0,0.0,0.0,0.0,0.0,0.0,0.0,0.0,0.0,0.0,0.0,0.0,0,-107875648.0,53,0.0,106,-107614832.0,-107350944.0,ERR,ERR,ERR,ERR,ERR,ERR,ERR,ERR,ERR,ERR,ERR,ERR,ERR,ERR,ERR,ERR,ERR,ERR,ERR,ERR,ERR,ERR,ERR,ERR,ERR,ERR,ERR,ERR,ERR,ERR,ERR,ERR,ERR,ERR,ERR,ERR,ERR,ERR,ERR,ERR,ERR,ERR,ERR,ERR,ERR,ERR,ERR,ERR,ERR,ERR,ERR,ERR,ERR,ERR,ERR,ERR,ERR,ERR,ERR,ERR,ERR,ERR,ERR,ERR,ERR,ERR,ERR,50.0,60.0,100,0.0,0.0,0.0,0.0,0.0,0.0,0.0,0.0,0.0,0.0,0.0,0.0,0.0,0.0,0.0,0.0,61.6,65,20,65521,50,65476,0,300,0,0,8,20529,65476,0,0,26214,60.0,0.0,0.0,0.0,0.0,0.0
2026-05-17T16:24:03,ERR,ERR,ERR,ERR,ERR,ERR,ERR,ERR,ERR,ERR,ERR,ERR,ERR,ERR,ERR,ERR,ERR,ERR,ERR,ERR,ERR,ERR,ERR,ERR,ERR,ERR,ERR,ERR,ERR,ERR,ERR,ERR,ERR,ERR,ERR,ERR,ERR,ERR,ERR,ERR,ERR,ERR,ERR,ERR,ERR,ERR,ERR,ERR,ERR,ERR,ERR,ERR,ERR,ERR,ERR,ERR,ERR,ERR,ERR,ERR,ERR,ERR,ERR,ERR,ERR,ERR,ERR,ERR,ERR,ERR,ERR,ERR,ERR,ERR,ERR,ERR,ERR,ERR,ERR,ERR,ERR,ERR,ERR,ERR,ERR,ERR,ERR,ERR,ERR,ERR,ERR,ERR,ERR,ERR,ERR,ERR,ERR,ERR,ERR,ERR,ERR,ERR,ERR,ERR,ERR,ERR,ERR,ERR,ERR,ERR,ERR,ERR,ERR,ERR,ERR,ERR,ERR,ERR,ERR,ERR,ERR,ERR,ERR,ERR,ERR,0.0,-107615288.0,-134474944.0,0.0,0.0,1.3936040501711995e+18,7.805,0.0,0,0,4,0,8422,0.0,45,0.0,0.0,0.0,0.0,0.0,0,0,0,0,0.0,0,0,0,0,0,0,0,0,0,0,0,0,0,0,0,0,0,0,0,0,0,0,0,0,0,0,0,0,0,0,0,0,0,38,14,7,45,65476,0,300,0,0,8,21553,0.0,-107605600.0,0.0,0.0,0.0,0.0,0.0,0.0,0.0,0.0,0.0,0.0,0.0,0.0,0.0,0.0,0.0,0.0,0.0,0.0,0.0,0.0,0.0,-2.004,-0.0,0.0,0.0,0.0,0.0,0.0,5067.0,-0.0,0.0,0.0,-107615288.0,0.0,-0.0,0.0,0.0,0.0,0.0,53,107615344.0,0.0,0.0,0.0,0.0,0.0,0.0,0.0,0.0,0,0,0,0.0,0.0,0.0,0.0,0.0,0.0,0.0,0.0,0.0,0.0,0.0,0.0,0.0,0.0,0.0,0.0,0,-107875648.0,53,0.0,106,-107614832.0,-107350944.0,ERR,ERR,ERR,ERR,ERR,ERR,ERR,ERR,ERR,ERR,ERR,ERR,ERR,ERR,ERR,ERR,ERR,ERR,ERR,ERR,ERR,ERR,ERR,ERR,ERR,ERR,ERR,ERR,ERR,ERR,ERR,ERR,ERR,ERR,ERR,ERR,ERR,ERR,ERR,ERR,ERR,ERR,ERR,ERR,ERR,ERR,ERR,ERR,ERR,ERR,ERR,ERR,ERR,ERR,ERR,ERR,ERR,ERR,ERR,ERR,ERR,ERR,ERR,ERR,ERR,ERR,ERR,50.0,60.0,100,0.0,0.0,0.0,0.0,0.0,0.0,0.0,0.0,0.0,0.0,0.0,0.0,0.0,0.0,0.0,0.0,61.6,65,20,65521,50,65476,0,300,0,0,8,20529,65476,0,0,26214,60.0,0.0,0.0,0.0,0.0,0.0
2026-05-17T16:24:04,ERR,ERR,ERR,ERR,ERR,ERR,ERR,ERR,ERR,ERR,ERR,ERR,ERR,ERR,ERR,ERR,ERR,ERR,ERR,ERR,ERR,ERR,ERR,ERR,ERR,ERR,ERR,ERR,ERR,ERR,ERR,ERR,ERR,ERR,ERR,ERR,ERR,ERR,ERR,ERR,ERR,ERR,ERR,ERR,ERR,ERR,ERR,ERR,ERR,ERR,ERR,ERR,ERR,ERR,ERR,ERR,ERR,ERR,ERR,ERR,ERR,ERR,ERR,ERR,ERR,ERR,ERR,ERR,ERR,ERR,ERR,ERR,ERR,ERR,ERR,ERR,ERR,ERR,ERR,ERR,ERR,ERR,ERR,ERR,ERR,ERR,ERR,ERR,ERR,ERR,ERR,ERR,ERR,ERR,ERR,ERR,ERR,ERR,ERR,ERR,ERR,ERR,ERR,ERR,ERR,ERR,ERR,ERR,ERR,ERR,ERR,ERR,ERR,ERR,ERR,ERR,ERR,ERR,ERR,ERR,ERR,ERR,ERR,ERR,ERR,0.0,-107615288.0,-134474944.0,0.0,0.0,1.3936040501711995e+18,7.805,0.0,0,0,4,0,8422,0.0,45,0.0,0.0,0.0,0.0,0.0,0,0,0,0,0.0,0,0,0,0,0,0,0,0,0,0,0,0,0,0,0,0,0,0,0,0,0,0,0,0,0,0,0,0,0,0,0,0,0,38,14,7,45,65476,0,300,0,0,8,21553,0.0,-107605600.0,0.0,0.0,0.0,0.0,0.0,0.0,0.0,0.0,0.0,0.0,0.0,0.0,0.0,0.0,0.0,0.0,0.0,0.0,0.0,0.0,0.0,-2.004,-0.0,0.0,0.0,0.0,0.0,0.0,5067.0,-0.0,0.0,0.0,-107615288.0,0.0,-0.0,0.0,0.0,0.0,0.0,53,107615344.0,0.0,0.0,0.0,0.0,0.0,0.0,0.0,0.0,0,0,0,0.0,0.0,0.0,0.0,0.0,0.0,0.0,0.0,0.0,0.0,0.0,0.0,0.0,0.0,0.0,0.0,0,-107875648.0,53,0.0,106,-107614832.0,-107350944.0,ERR,ERR,ERR,ERR,ERR,ERR,ERR,ERR,ERR,ERR,ERR,ERR,ERR,ERR,ERR,ERR,ERR,ERR,ERR,ERR,ERR,ERR,ERR,ERR,ERR,ERR,ERR,ERR,ERR,ERR,ERR,ERR,ERR,ERR,ERR,ERR,ERR,ERR,ERR,ERR,ERR,ERR,ERR,ERR,ERR,ERR,ERR,ERR,ERR,ERR,ERR,ERR,ERR,ERR,ERR,ERR,ERR,ERR,ERR,ERR,ERR,ERR,ERR,ERR,ERR,ERR,ERR,50.0,60.0,100,0.0,0.0,0.0,0.0,0.0,0.0,0.0,0.0,0.0,0.0,0.0,0.0,0.0,0.0,0.0,0.0,61.6,65,20,65521,50,65476,0,300,0,0,8,20529,65476,0,0,26214,60.0,0.0,0.0,0.0,0.0,0.0
2026-05-17T16:24:05,ERR,ERR,ERR,ERR,ERR,ERR,ERR,ERR,ERR,ERR,ERR,ERR,ERR,ERR,ERR,ERR,ERR,ERR,ERR,ERR,ERR,ERR,ERR,ERR,ERR,ERR,ERR,ERR,ERR,ERR,ERR,ERR,ERR,ERR,ERR,ERR,ERR,ERR,ERR,ERR,ERR,ERR,ERR,ERR,ERR,ERR,ERR,ERR,ERR,ERR,ERR,ERR,ERR,ERR,ERR,ERR,ERR,ERR,ERR,ERR,ERR,ERR,ERR,ERR,ERR,ERR,ERR,ERR,ERR,ERR,ERR,ERR,ERR,ERR,ERR,ERR,ERR,ERR,ERR,ERR,ERR,ERR,ERR,ERR,ERR,ERR,ERR,ERR,ERR,ERR,ERR,ERR,ERR,ERR,ERR,ERR,ERR,ERR,ERR,ERR,ERR,ERR,ERR,ERR,ERR,ERR,ERR,ERR,ERR,ERR,ERR,ERR,ERR,ERR,ERR,ERR,ERR,ERR,ERR,ERR,ERR,ERR,ERR,ERR,ERR,0.0,-107615288.0,-134474944.0,0.0,0.0,1.3936040501711995e+18,7.805,0.0,0,0,4,0,8422,0.0,45,0.0,0.0,0.0,0.0,0.0,0,0,0,0,0.0,0,0,0,0,0,0,0,0,0,0,0,0,0,0,0,0,0,0,0,0,0,0,0,0,0,0,0,0,0,0,0,0,0,38,14,7,45,65476,0,300,0,0,8,21553,0.0,-107605600.0,0.0,0.0,0.0,0.0,0.0,0.0,0.0,0.0,0.0,0.0,0.0,0.0,0.0,0.0,0.0,0.0,0.0,0.0,0.0,0.0,0.0,-2.004,-0.0,0.0,0.0,0.0,0.0,0.0,5067.0,-0.0,0.0,0.0,-107615288.0,0.0,-0.0,0.0,0.0,0.0,0.0,53,107615344.0,0.0,0.0,0.0,0.0,0.0,0.0,0.0,0.0,0,0,0,0.0,0.0,0.0,0.0,0.0,0.0,0.0,0.0,0.0,0.0,0.0,0.0,0.0,0.0,0.0,0.0,0,-107875648.0,53,0.0,106,-107614832.0,-107350944.0,ERR,ERR,ERR,ERR,ERR,ERR,ERR,ERR,ERR,ERR,ERR,ERR,ERR,ERR,ERR,ERR,ERR,ERR,ERR,ERR,ERR,ERR,ERR,ERR,ERR,ERR,ERR,ERR,ERR,ERR,ERR,ERR,ERR,ERR,ERR,ERR,ERR,ERR,ERR,ERR,ERR,ERR,ERR,ERR,ERR,ERR,ERR,ERR,ERR,ERR,ERR,ERR,ERR,ERR,ERR,ERR,ERR,ERR,ERR,ERR,ERR,ERR,ERR,ERR,ERR,ERR,ERR,50.0,60.0,100,0.0,0.0,0.0,0.0,0.0,0.0,0.0,0.0,0.0,0.0,0.0,0.0,0.0,0.0,0.0,0.0,62.0,65,20,65521,50,65476,0,300,0,0,8,20529,65476,0,0,26214,60.0,0.0,0.0,0.0,0.0,0.0
2026-05-17T16:24:06,ERR,ERR,ERR,ERR,ERR,ERR,ERR,ERR,ERR,ERR,ERR,ERR,ERR,ERR,ERR,ERR,ERR,ERR,ERR,ERR,ERR,ERR,ERR,ERR,ERR,ERR,ERR,ERR,ERR,ERR,ERR,ERR,ERR,ERR,ERR,ERR,ERR,ERR,ERR,ERR,ERR,ERR,ERR,ERR,ERR,ERR,ERR,ERR,ERR,ERR,ERR,ERR,ERR,ERR,ERR,ERR,ERR,ERR,ERR,ERR,ERR,ERR,ERR,ERR,ERR,ERR,ERR,ERR,ERR,ERR,ERR,ERR,ERR,ERR,ERR,ERR,ERR,ERR,ERR,ERR,ERR,ERR,ERR,ERR,ERR,ERR,ERR,ERR,ERR,ERR,ERR,ERR,ERR,ERR,ERR,ERR,ERR,ERR,ERR,ERR,ERR,ERR,ERR,ERR,ERR,ERR,ERR,ERR,ERR,ERR,ERR,ERR,ERR,ERR,ERR,ERR,ERR,ERR,ERR,ERR,ERR,ERR,ERR,ERR,ERR,0.0,-107615288.0,-134474944.0,0.0,0.0,1.3936040501711995e+18,7.805,0.0,0,0,4,0,8422,0.0,45,0.0,0.0,0.0,0.0,0.0,0,0,0,0,0.0,0,0,0,0,0,0,0,0,0,0,0,0,0,0,0,0,0,0,0,0,0,0,0,0,0,0,0,0,0,0,0,0,0,38,14,7,45,65476,0,300,0,0,8,21553,0.0,-107605600.0,0.0,0.0,0.0,0.0,0.0,0.0,0.0,0.0,0.0,0.0,0.0,0.0,0.0,0.0,0.0,0.0,0.0,0.0,0.0,0.0,0.0,-2.004,-0.0,0.0,0.0,0.0,0.0,0.0,5067.0,-0.0,0.0,0.0,-107615288.0,0.0,-0.0,0.0,0.0,0.0,0.0,53,107615344.0,0.0,0.0,0.0,0.0,0.0,0.0,0.0,0.0,0,0,0,0.0,0.0,0.0,0.0,0.0,0.0,0.0,0.0,0.0,0.0,0.0,0.0,0.0,0.0,0.0,0.0,0,-107875648.0,53,0.0,106,-107614832.0,-107350944.0,ERR,ERR,ERR,ERR,ERR,ERR,ERR,ERR,ERR,ERR,ERR,ERR,ERR,ERR,ERR,ERR,ERR,ERR,ERR,ERR,ERR,ERR,ERR,ERR,ERR,ERR,ERR,ERR,ERR,ERR,ERR,ERR,ERR,ERR,ERR,ERR,ERR,ERR,ERR,ERR,ERR,ERR,ERR,ERR,ERR,ERR,ERR,ERR,ERR,ERR,ERR,ERR,ERR,ERR,ERR,ERR,ERR,ERR,ERR,ERR,ERR,ERR,ERR,ERR,ERR,ERR,ERR,50.0,60.0,100,0.0,0.0,0.0,0.0,0.0,0.0,0.0,0.0,0.0,0.0,0.0,0.0,0.0,0.0,0.0,0.0,62.0,65,20,65521,50,65476,0,300,0,0,8,20529,65476,0,0,26214,60.0,0.0,0.0,0.0,0.0,0.0
2026-05-17T16:24:07,ERR,ERR,ERR,ERR,ERR,ERR,ERR,ERR,ERR,ERR,ERR,ERR,ERR,ERR,ERR,ERR,ERR,ERR,ERR,ERR,ERR,ERR,ERR,ERR,ERR,ERR,ERR,ERR,ERR,ERR,ERR,ERR,ERR,ERR,ERR,ERR,ERR,ERR,ERR,ERR,ERR,ERR,ERR,ERR,ERR,ERR,ERR,ERR,ERR,ERR,ERR,ERR,ERR,ERR,ERR,ERR,ERR,ERR,ERR,ERR,ERR,ERR,ERR,ERR,ERR,ERR,ERR,ERR,ERR,ERR,ERR,ERR,ERR,ERR,ERR,ERR,ERR,ERR,ERR,ERR,ERR,ERR,ERR,ERR,ERR,ERR,ERR,ERR,ERR,ERR,ERR,ERR,ERR,ERR,ERR,ERR,ERR,ERR,ERR,ERR,ERR,ERR,ERR,ERR,ERR,ERR,ERR,ERR,ERR,ERR,ERR,ERR,ERR,ERR,ERR,ERR,ERR,ERR,ERR,ERR,ERR,ERR,ERR,ERR,ERR,0.0,-107615288.0,-0.0,0.0,0.0,1.3936040501711995e+18,7.805,0.0,0,0,4,0,8422,0.0,45,0.0,0.0,0.0,0.0,0.0,0,0,0,0,0.0,0,0,0,0,0,0,0,0,0,0,0,0,0,0,0,0,0,0,0,0,0,0,0,0,0,0,0,0,0,0,0,0,0,38,14,7,45,65476,0,300,0,0,8,21553,0.0,-107605600.0,0.0,0.0,0.0,0.0,0.0,0.0,0.0,0.0,0.0,0.0,0.0,0.0,0.0,0.0,0.0,0.0,0.0,0.0,0.0,0.0,0.0,-2.004,-0.0,0.0,0.0,0.0,0.0,0.0,5067.0,-0.0,0.0,0.0,-107615288.0,0.0,-0.0,0.0,0.0,0.0,0.0,53,2.3088403658719416e+20,-4.95040229166093e+32,0.0,0.0,0.0,0.0,0.0,0.0,0.0,0,0,0,0.0,0.0,0.0,0.0,0.0,0.0,0.0,0.0,0.0,0.0,0.0,0.0,0.0,0.0,0.0,0.0,0,-107875648.0,53,0.0,106,-107614832.0,-107350944.0,ERR,ERR,ERR,ERR,ERR,ERR,ERR,ERR,ERR,ERR,ERR,ERR,ERR,ERR,ERR,ERR,ERR,ERR,ERR,ERR,ERR,ERR,ERR,ERR,ERR,ERR,ERR,ERR,ERR,ERR,ERR,ERR,ERR,ERR,ERR,ERR,ERR,ERR,ERR,ERR,ERR,ERR,ERR,ERR,ERR,ERR,ERR,ERR,ERR,ERR,ERR,ERR,ERR,ERR,ERR,ERR,ERR,ERR,ERR,ERR,ERR,ERR,ERR,ERR,ERR,ERR,ERR,50.0,60.0,100,0.0,0.0,0.0,0.0,0.0,0.0,0.0,0.0,0.0,0.0,0.0,0.0,0.0,0.0,0.0,0.0,61.6,65,20,65521,50,65476,0,300,0,0,8,20529,65476,0,0,26214,60.0,0.0,0.0,0.0,0.0,0.0
2026-05-17T16:24:08,ERR,ERR,ERR,ERR,ERR,ERR,ERR,ERR,ERR,ERR,ERR,ERR,ERR,ERR,ERR,ERR,ERR,ERR,ERR,ERR,ERR,ERR,ERR,ERR,ERR,ERR,ERR,ERR,ERR,ERR,ERR,ERR,ERR,ERR,ERR,ERR,ERR,ERR,ERR,ERR,ERR,ERR,ERR,ERR,ERR,ERR,ERR,ERR,ERR,ERR,ERR,ERR,ERR,ERR,ERR,ERR,ERR,ERR,ERR,ERR,ERR,ERR,ERR,ERR,ERR,ERR,ERR,ERR,ERR,ERR,ERR,ERR,ERR,ERR,ERR,ERR,ERR,ERR,ERR,ERR,ERR,ERR,ERR,ERR,ERR,ERR,ERR,ERR,ERR,ERR,ERR,ERR,ERR,ERR,ERR,ERR,ERR,ERR,ERR,ERR,ERR,ERR,ERR,ERR,ERR,ERR,ERR,ERR,ERR,ERR,ERR,ERR,ERR,ERR,ERR,ERR,ERR,ERR,ERR,ERR,ERR,ERR,ERR,ERR,ERR,0.0,-107615288.0,-0.0,0.0,0.0,1.3936040501711995e+18,7.805,0.0,0,0,4,0,8422,0.0,45,0.0,0.0,0.0,0.0,0.0,0,0,0,0,0.0,0,0,0,0,0,0,0,0,0,0,0,0,0,0,0,0,0,0,0,0,0,0,0,0,0,0,0,0,0,0,0,0,0,38,14,7,45,65476,0,300,0,0,8,21553,0.0,-107605600.0,0.0,0.0,0.0,0.0,0.0,0.0,0.0,0.0,0.0,0.0,0.0,0.0,0.0,0.0,0.0,0.0,0.0,0.0,0.0,0.0,0.0,-2.004,-0.0,0.0,0.0,0.0,0.0,0.0,5067.0,-0.0,0.0,0.0,-107615288.0,0.0,-0.0,0.0,0.0,0.0,0.0,53,2.3088403658719416e+20,-4.95040229166093e+32,0.0,0.0,0.0,0.0,0.0,0.0,0.0,0,0,0,0.0,0.0,0.0,0.0,0.0,0.0,0.0,0.0,0.0,0.0,0.0,0.0,0.0,0.0,0.0,0.0,0,-107875648.0,53,0.0,106,-107614832.0,-107350944.0,ERR,ERR,ERR,ERR,ERR,ERR,ERR,ERR,ERR,ERR,ERR,ERR,ERR,ERR,ERR,ERR,ERR,ERR,ERR,ERR,ERR,ERR,ERR,ERR,ERR,ERR,ERR,ERR,ERR,ERR,ERR,ERR,ERR,ERR,ERR,ERR,ERR,ERR,ERR,ERR,ERR,ERR,ERR,ERR,ERR,ERR,ERR,ERR,ERR,ERR,ERR,ERR,ERR,ERR,ERR,ERR,ERR,ERR,ERR,ERR,ERR,ERR,ERR,ERR,ERR,ERR,ERR,50.0,60.0,100,0.0,0.0,0.0,0.0,0.0,0.0,0.0,0.0,0.0,0.0,0.0,0.0,0.0,0.0,0.0,0.0,61.6,65,20,65521,50,65476,0,300,0,0,8,20529,65476,0,0,26214,60.0,0.0,0.0,0.0,0.0,0.0
2026-05-17T16:24:09,ERR,ERR,ERR,ERR,ERR,ERR,ERR,ERR,ERR,ERR,ERR,ERR,ERR,ERR,ERR,ERR,ERR,ERR,ERR,ERR,ERR,ERR,ERR,ERR,ERR,ERR,ERR,ERR,ERR,ERR,ERR,ERR,ERR,ERR,ERR,ERR,ERR,ERR,ERR,ERR,ERR,ERR,ERR,ERR,ERR,ERR,ERR,ERR,ERR,ERR,ERR,ERR,ERR,ERR,ERR,ERR,ERR,ERR,ERR,ERR,ERR,ERR,ERR,ERR,ERR,ERR,ERR,ERR,ERR,ERR,ERR,ERR,ERR,ERR,ERR,ERR,ERR,ERR,ERR,ERR,ERR,ERR,ERR,ERR,ERR,ERR,ERR,ERR,ERR,ERR,ERR,ERR,ERR,ERR,ERR,ERR,ERR,ERR,ERR,ERR,ERR,ERR,ERR,ERR,ERR,ERR,ERR,ERR,ERR,ERR,ERR,ERR,ERR,ERR,ERR,ERR,ERR,ERR,ERR,ERR,ERR,ERR,ERR,ERR,ERR,0.0,-107615288.0,-0.0,0.0,0.0,1.3936040501711995e+18,7.805,0.0,0,0,4,0,8422,0.0,45,0.0,0.0,0.0,0.0,0.0,0,0,0,0,0.0,0,0,0,0,0,0,0,0,0,0,0,0,0,0,0,0,0,0,0,0,0,0,0,0,0,0,0,0,0,0,0,0,0,38,14,7,45,65476,0,300,0,0,8,21553,0.0,-107605600.0,0.0,0.0,0.0,0.0,0.0,0.0,0.0,0.0,0.0,0.0,0.0,0.0,0.0,0.0,0.0,0.0,0.0,0.0,0.0,0.0,0.0,-2.004,-0.0,0.0,0.0,0.0,0.0,0.0,5067.0,-0.0,0.0,0.0,-107615288.0,0.0,-0.0,0.0,0.0,0.0,0.0,53,2.3088403658719416e+20,-4.95040229166093e+32,0.0,0.0,0.0,0.0,0.0,0.0,0.0,0,0,0,0.0,0.0,0.0,0.0,0.0,0.0,0.0,0.0,0.0,0.0,0.0,0.0,0.0,0.0,0.0,0.0,0,-107875648.0,53,0.0,106,-107614832.0,-107350944.0,ERR,ERR,ERR,ERR,ERR,ERR,ERR,ERR,ERR,ERR,ERR,ERR,ERR,ERR,ERR,ERR,ERR,ERR,ERR,ERR,ERR,ERR,ERR,ERR,ERR,ERR,ERR,ERR,ERR,ERR,ERR,ERR,ERR,ERR,ERR,ERR,ERR,ERR,ERR,ERR,ERR,ERR,ERR,ERR,ERR,ERR,ERR,ERR,ERR,ERR,ERR,ERR,ERR,ERR,ERR,ERR,ERR,ERR,ERR,ERR,ERR,ERR,ERR,ERR,ERR,ERR,ERR,50.0,60.0,100,0.0,0.0,0.0,0.0,0.0,0.0,0.0,0.0,0.0,0.0,0.0,0.0,0.0,0.0,0.0,0.0,61.6,65,20,65521,50,65476,0,300,0,0,8,20529,65476,0,0,26214,60.0,0.0,0.0,0.0,0.0,0.0
2026-05-17T16:24:10,ERR,ERR,ERR,ERR,ERR,ERR,ERR,ERR,ERR,ERR,ERR,ERR,ERR,ERR,ERR,ERR,ERR,ERR,ERR,ERR,ERR,ERR,ERR,ERR,ERR,ERR,ERR,ERR,ERR,ERR,ERR,ERR,ERR,ERR,ERR,ERR,ERR,ERR,ERR,ERR,ERR,ERR,ERR,ERR,ERR,ERR,ERR,ERR,ERR,ERR,ERR,ERR,ERR,ERR,ERR,ERR,ERR,ERR,ERR,ERR,ERR,ERR,ERR,ERR,ERR,ERR,ERR,ERR,ERR,ERR,ERR,ERR,ERR,ERR,ERR,ERR,ERR,ERR,ERR,ERR,ERR,ERR,ERR,ERR,ERR,ERR,ERR,ERR,ERR,ERR,ERR,ERR,ERR,ERR,ERR,ERR,ERR,ERR,ERR,ERR,ERR,ERR,ERR,ERR,ERR,ERR,ERR,ERR,ERR,ERR,ERR,ERR,ERR,ERR,ERR,ERR,ERR,ERR,ERR,ERR,ERR,ERR,ERR,ERR,ERR,0.0,-107615288.0,-0.0,0.0,0.0,1.3936040501711995e+18,7.805,0.0,0,0,4,0,8422,0.0,45,0.0,0.0,0.0,0.0,0.0,0,0,0,0,0.0,0,0,0,0,0,0,0,0,0,0,0,0,0,0,0,0,0,0,0,0,0,0,0,0,0,0,0,0,0,0,0,0,0,38,14,7,45,65476,0,300,0,0,8,21553,0.0,-107605600.0,0.0,0.0,0.0,0.0,0.0,0.0,0.0,0.0,0.0,0.0,0.0,0.0,0.0,0.0,0.0,0.0,0.0,0.0,0.0,0.0,0.0,-2.004,-0.0,0.0,0.0,0.0,0.0,0.0,5067.0,-0.0,0.0,0.0,-107615288.0,0.0,-0.0,0.0,0.0,0.0,0.0,53,2.3088403658719416e+20,-4.95040229166093e+32,0.0,0.0,0.0,0.0,0.0,0.0,0.0,0,0,0,0.0,0.0,0.0,0.0,0.0,0.0,0.0,0.0,0.0,0.0,0.0,0.0,0.0,0.0,0.0,0.0,0,-107875648.0,53,0.0,106,-107614832.0,-107350944.0,ERR,ERR,ERR,ERR,ERR,ERR,ERR,ERR,ERR,ERR,ERR,ERR,ERR,ERR,ERR,ERR,ERR,ERR,ERR,ERR,ERR,ERR,ERR,ERR,ERR,ERR,ERR,ERR,ERR,ERR,ERR,ERR,ERR,ERR,ERR,ERR,ERR,ERR,ERR,ERR,ERR,ERR,ERR,ERR,ERR,ERR,ERR,ERR,ERR,ERR,ERR,ERR,ERR,ERR,ERR,ERR,ERR,ERR,ERR,ERR,ERR,ERR,ERR,ERR,ERR,ERR,ERR,50.0,60.0,100,0.0,0.0,0.0,0.0,0.0,0.0,0.0,0.0,0.0,0.0,0.0,0.0,0.0,0.0,0.0,0.0,61.6,65,20,65521,50,65476,0,300,0,0,8,20529,65476,0,0,26214,60.0,0.0,0.0,0.0,0.0,0.0
2026-05-17T16:24:11,ERR,ERR,ERR,ERR,ERR,ERR,ERR,ERR,ERR,ERR,ERR,ERR,ERR,ERR,ERR,ERR,ERR,ERR,ERR,ERR,ERR,ERR,ERR,ERR,ERR,ERR,ERR,ERR,ERR,ERR,ERR,ERR,ERR,ERR,ERR,ERR,ERR,ERR,ERR,ERR,ERR,ERR,ERR,ERR,ERR,ERR,ERR,ERR,ERR,ERR,ERR,ERR,ERR,ERR,ERR,ERR,ERR,ERR,ERR,ERR,ERR,ERR,ERR,ERR,ERR,ERR,ERR,ERR,ERR,ERR,ERR,ERR,ERR,ERR,ERR,ERR,ERR,ERR,ERR,ERR,ERR,ERR,ERR,ERR,ERR,ERR,ERR,ERR,ERR,ERR,ERR,ERR,ERR,ERR,ERR,ERR,ERR,ERR,ERR,ERR,ERR,ERR,ERR,ERR,ERR,ERR,ERR,ERR,ERR,ERR,ERR,ERR,ERR,ERR,ERR,ERR,ERR,ERR,ERR,ERR,ERR,ERR,ERR,ERR,ERR,0.0,-107615288.0,-0.0,0.0,0.0,1.3936040501711995e+18,7.805,0.0,0,0,4,0,8422,0.0,45,0.0,0.0,0.0,0.0,0.0,0,0,0,0,0.0,0,0,0,0,0,0,0,0,0,0,0,0,0,0,0,0,0,0,0,0,0,0,0,0,0,0,0,0,0,0,0,0,0,38,14,7,45,65476,0,300,0,0,8,21553,0.0,-107605600.0,0.0,0.0,0.0,0.0,0.0,0.0,0.0,0.0,0.0,0.0,0.0,0.0,0.0,0.0,0.0,0.0,0.0,0.0,0.0,0.0,0.0,-2.004,-0.0,0.0,0.0,0.0,0.0,0.0,5067.0,-0.0,0.0,0.0,-107615288.0,0.0,-0.0,0.0,0.0,0.0,0.0,53,2.3088403658719416e+20,-4.95040229166093e+32,0.0,0.0,0.0,0.0,0.0,0.0,0.0,0,0,0,0.0,0.0,0.0,0.0,0.0,0.0,0.0,0.0,0.0,0.0,0.0,0.0,0.0,0.0,0.0,0.0,0,-107875648.0,53,0.0,106,-107614832.0,-107350944.0,ERR,ERR,ERR,ERR,ERR,ERR,ERR,ERR,ERR,ERR,ERR,ERR,ERR,ERR,ERR,ERR,ERR,ERR,ERR,ERR,ERR,ERR,ERR,ERR,ERR,ERR,ERR,ERR,ERR,ERR,ERR,ERR,ERR,ERR,ERR,ERR,ERR,ERR,ERR,ERR,ERR,ERR,ERR,ERR,ERR,ERR,ERR,ERR,ERR,ERR,ERR,ERR,ERR,ERR,ERR,ERR,ERR,ERR,ERR,ERR,ERR,ERR,ERR,ERR,ERR,ERR,ERR,50.0,60.0,100,0.0,0.0,0.0,0.0,0.0,0.0,0.0,0.0,0.0,0.0,0.0,0.0,0.0,0.0,0.0,0.0,61.6,65,20,65521,50,65476,0,300,0,0,8,20529,65476,0,0,26214,60.0,0.0,0.0,0.0,0.0,0.0
2026-05-17T16:24:12,ERR,ERR,ERR,ERR,ERR,ERR,ERR,ERR,ERR,ERR,ERR,ERR,ERR,ERR,ERR,ERR,ERR,ERR,ERR,ERR,ERR,ERR,ERR,ERR,ERR,ERR,ERR,ERR,ERR,ERR,ERR,ERR,ERR,ERR,ERR,ERR,ERR,ERR,ERR,ERR,ERR,ERR,ERR,ERR,ERR,ERR,ERR,ERR,ERR,ERR,ERR,ERR,ERR,ERR,ERR,ERR,ERR,ERR,ERR,ERR,ERR,ERR,ERR,ERR,ERR,ERR,ERR,ERR,ERR,ERR,ERR,ERR,ERR,ERR,ERR,ERR,ERR,ERR,ERR,ERR,ERR,ERR,ERR,ERR,ERR,ERR,ERR,ERR,ERR,ERR,ERR,ERR,ERR,ERR,ERR,ERR,ERR,ERR,ERR,ERR,ERR,ERR,ERR,ERR,ERR,ERR,ERR,ERR,ERR,ERR,ERR,ERR,ERR,ERR,ERR,ERR,ERR,ERR,ERR,ERR,ERR,ERR,ERR,ERR,ERR,0.0,-107615288.0,-0.0,0.0,0.0,1.3936040501711995e+18,7.805,0.0,0,0,4,0,8422,0.0,45,0.0,0.0,0.0,0.0,0.0,0,0,0,0,0.0,0,0,0,0,0,0,0,0,0,0,0,0,0,0,0,0,0,0,0,0,0,0,0,0,0,0,0,0,0,0,0,0,0,38,14,7,45,65476,0,300,0,0,8,21553,0.0,-107605600.0,0.0,0.0,0.0,0.0,0.0,0.0,0.0,0.0,0.0,0.0,0.0,0.0,0.0,0.0,0.0,0.0,0.0,0.0,0.0,0.0,-2.004,-2.004,-0.0,0.0,0.0,0.0,0.0,0.0,5074.0,-8608184320.0,0.0,0.0,-107615288.0,0.0,-0.0,0.0,0.0,0.0,0.0,53,2.7184300208680915e+23,0.0,0.0,0.0,0.0,0.0,0.0,0.0,0.0,0,0,0,0.0,0.0,0.0,0.0,0.0,0.0,0.0,0.0,0.0,0.0,0.0,0.0,0.0,0.0,0.0,0.0,0,-107875648.0,53,0.0,106,-107614832.0,-107350944.0,ERR,ERR,ERR,ERR,ERR,ERR,ERR,ERR,ERR,ERR,ERR,ERR,ERR,ERR,ERR,ERR,ERR,ERR,ERR,ERR,ERR,ERR,ERR,ERR,ERR,ERR,ERR,ERR,ERR,ERR,ERR,ERR,ERR,ERR,ERR,ERR,ERR,ERR,ERR,ERR,ERR,ERR,ERR,ERR,ERR,ERR,ERR,ERR,ERR,ERR,ERR,ERR,ERR,ERR,ERR,ERR,ERR,ERR,ERR,ERR,ERR,ERR,ERR,ERR,ERR,ERR,ERR,50.0,60.0,100,0.0,0.0,0.0,0.0,0.0,0.0,0.0,0.0,0.0,0.0,0.0,0.0,0.0,0.0,0.0,0.0,61.6,65,20,65521,50,65476,0,300,0,0,8,20529,65476,0,0,26214,60.0,0.0,0.0,0.0,0.0,0.0
2026-05-17T16:24:13,ERR,ERR,ERR,ERR,ERR,ERR,ERR,ERR,ERR,ERR,ERR,ERR,ERR,ERR,ERR,ERR,ERR,ERR,ERR,ERR,ERR,ERR,ERR,ERR,ERR,ERR,ERR,ERR,ERR,ERR,ERR,ERR,ERR,ERR,ERR,ERR,ERR,ERR,ERR,ERR,ERR,ERR,ERR,ERR,ERR,ERR,ERR,ERR,ERR,ERR,ERR,ERR,ERR,ERR,ERR,ERR,ERR,ERR,ERR,ERR,ERR,ERR,ERR,ERR,ERR,ERR,ERR,ERR,ERR,ERR,ERR,ERR,ERR,ERR,ERR,ERR,ERR,ERR,ERR,ERR,ERR,ERR,ERR,ERR,ERR,ERR,ERR,ERR,ERR,ERR,ERR,ERR,ERR,ERR,ERR,ERR,ERR,ERR,ERR,ERR,ERR,ERR,ERR,ERR,ERR,ERR,ERR,ERR,ERR,ERR,ERR,ERR,ERR,ERR,ERR,ERR,ERR,ERR,ERR,ERR,ERR,ERR,ERR,ERR,ERR,0.0,-107615288.0,-0.0,0.0,0.0,1.3936040501711995e+18,7.805,0.0,0,0,4,0,8422,0.0,45,0.0,0.0,0.0,0.0,0.0,0,0,0,0,0.0,0,0,0,0,0,0,0,0,0,0,0,0,0,0,0,0,0,0,0,0,0,0,0,0,0,0,0,0,0,0,0,0,0,38,14,7,45,65476,0,300,0,0,8,21553,0.0,-107605600.0,0.0,0.0,0.0,0.0,0.0,0.0,0.0,0.0,0.0,0.0,0.0,0.0,0.0,0.0,0.0,0.0,0.0,0.0,0.0,0.0,-2.004,-2.004,-0.0,0.0,0.0,0.0,0.0,0.0,5074.0,-8608184320.0,0.0,0.0,-107615288.0,0.0,-0.0,0.0,0.0,0.0,0.0,53,2.7184300208680915e+23,0.0,0.0,0.0,0.0,0.0,0.0,0.0,0.0,0,0,0,0.0,0.0,0.0,0.0,0.0,0.0,0.0,0.0,0.0,0.0,0.0,0.0,0.0,0.0,0.0,0.0,0,-107875648.0,53,0.0,106,-107614832.0,-107350944.0,ERR,ERR,ERR,ERR,ERR,ERR,ERR,ERR,ERR,ERR,ERR,ERR,ERR,ERR,ERR,ERR,ERR,ERR,ERR,ERR,ERR,ERR,ERR,ERR,ERR,ERR,ERR,ERR,ERR,ERR,ERR,ERR,ERR,ERR,ERR,ERR,ERR,ERR,ERR,ERR,ERR,ERR,ERR,ERR,ERR,ERR,ERR,ERR,ERR,ERR,ERR,ERR,ERR,ERR,ERR,ERR,ERR,ERR,ERR,ERR,ERR,ERR,ERR,ERR,ERR,ERR,ERR,50.0,60.0,100,0.0,0.0,0.0,0.0,0.0,0.0,0.0,0.0,0.0,0.0,0.0,0.0,0.0,0.0,0.0,0.0,61.6,65,20,65521,50,65476,0,300,0,0,8,20529,65476,0,0,26214,60.0,0.0,0.0,0.0,0.0,0.0
2026-05-17T16:24:14,ERR,ERR,ERR,ERR,ERR,ERR,ERR,ERR,ERR,ERR,ERR,ERR,ERR,ERR,ERR,ERR,ERR,ERR,ERR,ERR,ERR,ERR,ERR,ERR,ERR,ERR,ERR,ERR,ERR,ERR,ERR,ERR,ERR,ERR,ERR,ERR,ERR,ERR,ERR,ERR,ERR,ERR,ERR,ERR,ERR,ERR,ERR,ERR,ERR,ERR,ERR,ERR,ERR,ERR,ERR,ERR,ERR,ERR,ERR,ERR,ERR,ERR,ERR,ERR,ERR,ERR,ERR,ERR,ERR,ERR,ERR,ERR,ERR,ERR,ERR,ERR,ERR,ERR,ERR,ERR,ERR,ERR,ERR,ERR,ERR,ERR,ERR,ERR,ERR,ERR,ERR,ERR,ERR,ERR,ERR,ERR,ERR,ERR,ERR,ERR,ERR,ERR,ERR,ERR,ERR,ERR,ERR,ERR,ERR,ERR,ERR,ERR,ERR,ERR,ERR,ERR,ERR,ERR,ERR,ERR,ERR,ERR,ERR,ERR,ERR,0.0,-107615288.0,-0.0,0.0,0.0,1.3936040501711995e+18,7.805,0.0,0,0,4,0,8422,0.0,45,0.0,0.0,0.0,0.0,0.0,0,0,0,0,0.0,0,0,0,0,0,0,0,0,0,0,0,0,0,0,0,0,0,0,0,0,0,0,0,0,0,0,0,0,0,0,0,0,0,38,14,7,45,65476,0,300,0,0,8,21553,0.0,-107605600.0,0.0,0.0,0.0,0.0,0.0,0.0,0.0,0.0,0.0,0.0,0.0,0.0,0.0,0.0,0.0,0.0,0.0,0.0,0.0,0.0,-2.004,-2.004,-0.0,0.0,0.0,0.0,0.0,0.0,5074.0,-8608184320.0,0.0,0.0,-107615288.0,0.0,-0.0,0.0,0.0,0.0,0.0,53,2.7184300208680915e+23,0.0,0.0,0.0,0.0,0.0,0.0,0.0,0.0,0,0,0,0.0,0.0,0.0,0.0,0.0,0.0,0.0,0.0,0.0,0.0,0.0,0.0,0.0,0.0,0.0,0.0,0,-107875648.0,53,0.0,106,-107614832.0,-107350944.0,ERR,ERR,ERR,ERR,ERR,ERR,ERR,ERR,ERR,ERR,ERR,ERR,ERR,ERR,ERR,ERR,ERR,ERR,ERR,ERR,ERR,ERR,ERR,ERR,ERR,ERR,ERR,ERR,ERR,ERR,ERR,ERR,ERR,ERR,ERR,ERR,ERR,ERR,ERR,ERR,ERR,ERR,ERR,ERR,ERR,ERR,ERR,ERR,ERR,ERR,ERR,ERR,ERR,ERR,ERR,ERR,ERR,ERR,ERR,ERR,ERR,ERR,ERR,ERR,ERR,ERR,ERR,50.0,60.0,100,0.0,0.0,0.0,0.0,0.0,0.0,0.0,0.0,0.0,0.0,0.0,0.0,0.0,0.0,0.0,0.0,61.6,65,20,65521,50,65476,0,300,0,0,8,20529,65476,0,0,26214,60.0,0.0,0.0,0.0,0.0,0.0
2026-05-17T16:24:15,ERR,ERR,ERR,ERR,ERR,ERR,ERR,ERR,ERR,ERR,ERR,ERR,ERR,ERR,ERR,ERR,ERR,ERR,ERR,ERR,ERR,ERR,ERR,ERR,ERR,ERR,ERR,ERR,ERR,ERR,ERR,ERR,ERR,ERR,ERR,ERR,ERR,ERR,ERR,ERR,ERR,ERR,ERR,ERR,ERR,ERR,ERR,ERR,ERR,ERR,ERR,ERR,ERR,ERR,ERR,ERR,ERR,ERR,ERR,ERR,ERR,ERR,ERR,ERR,ERR,ERR,ERR,ERR,ERR,ERR,ERR,ERR,ERR,ERR,ERR,ERR,ERR,ERR,ERR,ERR,ERR,ERR,ERR,ERR,ERR,ERR,ERR,ERR,ERR,ERR,ERR,ERR,ERR,ERR,ERR,ERR,ERR,ERR,ERR,ERR,ERR,ERR,ERR,ERR,ERR,ERR,ERR,ERR,ERR,ERR,ERR,ERR,ERR,ERR,ERR,ERR,ERR,ERR,ERR,ERR,ERR,ERR,ERR,ERR,ERR,0.0,-107615288.0,-0.0,0.0,0.0,1.3936040501711995e+18,7.805,0.0,0,0,4,0,8422,0.0,45,0.0,0.0,0.0,0.0,0.0,0,0,0,0,0.0,0,0,0,0,0,0,0,0,0,0,0,0,0,0,0,0,0,0,0,0,0,0,0,0,0,0,0,0,0,0,0,0,0,38,14,7,45,65476,0,300,0,0,8,21553,0.0,-107605600.0,0.0,0.0,0.0,0.0,0.0,0.0,0.0,0.0,0.0,0.0,0.0,0.0,0.0,0.0,0.0,0.0,0.0,0.0,0.0,0.0,-2.004,-2.004,-0.0,0.0,0.0,0.0,0.0,0.0,5074.0,-8608184320.0,0.0,0.0,-107615288.0,0.0,-0.0,0.0,0.0,0.0,0.0,53,2.7184300208680915e+23,0.0,0.0,0.0,0.0,0.0,0.0,0.0,0.0,0,0,0,0.0,0.0,0.0,0.0,0.0,0.0,0.0,0.0,0.0,0.0,0.0,0.0,0.0,0.0,0.0,0.0,0,-107875648.0,53,0.0,106,-107614832.0,-107350944.0,ERR,ERR,ERR,ERR,ERR,ERR,ERR,ERR,ERR,ERR,ERR,ERR,ERR,ERR,ERR,ERR,ERR,ERR,ERR,ERR,ERR,ERR,ERR,ERR,ERR,ERR,ERR,ERR,ERR,ERR,ERR,ERR,ERR,ERR,ERR,ERR,ERR,ERR,ERR,ERR,ERR,ERR,ERR,ERR,ERR,ERR,ERR,ERR,ERR,ERR,ERR,ERR,ERR,ERR,ERR,ERR,ERR,ERR,ERR,ERR,ERR,ERR,ERR,ERR,ERR,ERR,ERR,50.0,60.0,100,0.0,0.0,0.0,0.0,0.0,0.0,0.0,0.0,0.0,0.0,0.0,0.0,0.0,0.0,0.0,0.0,61.6,65,20,65521,50,65476,0,300,0,0,8,20529,65476,0,0,26214,60.0,0.0,0.0,0.0,0.0,0.0
2026-05-17T16:24:16,ERR,ERR,ERR,ERR,ERR,ERR,ERR,ERR,ERR,ERR,ERR,ERR,ERR,ERR,ERR,ERR,ERR,ERR,ERR,ERR,ERR,ERR,ERR,ERR,ERR,ERR,ERR,ERR,ERR,ERR,ERR,ERR,ERR,ERR,ERR,ERR,ERR,ERR,ERR,ERR,ERR,ERR,ERR,ERR,ERR,ERR,ERR,ERR,ERR,ERR,ERR,ERR,ERR,ERR,ERR,ERR,ERR,ERR,ERR,ERR,ERR,ERR,ERR,ERR,ERR,ERR,ERR,ERR,ERR,ERR,ERR,ERR,ERR,ERR,ERR,ERR,ERR,ERR,ERR,ERR,ERR,ERR,ERR,ERR,ERR,ERR,ERR,ERR,ERR,ERR,ERR,ERR,ERR,ERR,ERR,ERR,ERR,ERR,ERR,ERR,ERR,ERR,ERR,ERR,ERR,ERR,ERR,ERR,ERR,ERR,ERR,ERR,ERR,ERR,ERR,ERR,ERR,ERR,ERR,ERR,ERR,ERR,ERR,ERR,ERR,0.0,-107615288.0,-0.0,0.0,0.0,1.3936040501711995e+18,7.805,0.0,0,0,4,0,8422,0.0,45,0.0,0.0,0.0,0.0,0.0,0,0,0,0,0.0,0,0,0,0,0,0,0,0,0,0,0,0,0,0,0,0,0,0,0,0,0,0,0,0,0,0,0,0,0,0,0,0,0,38,14,7,45,65476,0,300,0,0,8,21553,0.0,-107605600.0,0.0,0.0,0.0,0.0,0.0,0.0,0.0,0.0,0.0,0.0,0.0,0.0,0.0,0.0,0.0,0.0,0.0,0.0,0.0,0.0,-2.004,-2.004,-0.0,0.0,0.0,0.0,0.0,0.0,5074.0,-8608184320.0,0.0,0.0,-107615288.0,0.0,-0.0,0.0,0.0,0.0,0.0,53,2.7184300208680915e+23,0.0,0.0,0.0,0.0,0.0,0.0,0.0,0.0,0,0,0,0.0,0.0,0.0,0.0,0.0,0.0,0.0,0.0,0.0,0.0,0.0,0.0,0.0,0.0,0.0,0.0,0,-107875648.0,53,0.0,106,-107614832.0,-107350944.0,ERR,ERR,ERR,ERR,ERR,ERR,ERR,ERR,ERR,ERR,ERR,ERR,ERR,ERR,ERR,ERR,ERR,ERR,ERR,ERR,ERR,ERR,ERR,ERR,ERR,ERR,ERR,ERR,ERR,ERR,ERR,ERR,ERR,ERR,ERR,ERR,ERR,ERR,ERR,ERR,ERR,ERR,ERR,ERR,ERR,ERR,ERR,ERR,ERR,ERR,ERR,ERR,ERR,ERR,ERR,ERR,ERR,ERR,ERR,ERR,ERR,ERR,ERR,ERR,ERR,ERR,ERR,50.0,60.0,100,0.0,0.0,0.0,0.0,0.0,0.0,0.0,0.0,0.0,0.0,0.0,0.0,0.0,0.0,0.0,0.0,62.0,65,20,65521,50,65476,0,300,0,0,8,20529,65476,0,0,26214,60.0,0.0,0.0,0.0,0.0,0.0
2026-05-17T16:24:17,ERR,ERR,ERR,ERR,ERR,ERR,ERR,ERR,ERR,ERR,ERR,ERR,ERR,ERR,ERR,ERR,ERR,ERR,ERR,ERR,ERR,ERR,ERR,ERR,ERR,ERR,ERR,ERR,ERR,ERR,ERR,ERR,ERR,ERR,ERR,ERR,ERR,ERR,ERR,ERR,ERR,ERR,ERR,ERR,ERR,ERR,ERR,ERR,ERR,ERR,ERR,ERR,ERR,ERR,ERR,ERR,ERR,ERR,ERR,ERR,ERR,ERR,ERR,ERR,ERR,ERR,ERR,ERR,ERR,ERR,ERR,ERR,ERR,ERR,ERR,ERR,ERR,ERR,ERR,ERR,ERR,ERR,ERR,ERR,ERR,ERR,ERR,ERR,ERR,ERR,ERR,ERR,ERR,ERR,ERR,ERR,ERR,ERR,ERR,ERR,ERR,ERR,ERR,ERR,ERR,ERR,ERR,ERR,ERR,ERR,ERR,ERR,ERR,ERR,ERR,ERR,ERR,ERR,ERR,ERR,ERR,ERR,ERR,ERR,ERR,0.0,-107615288.0,-134474944.0,0.0,0.0,1.3936040501711995e+18,7.805,0.0,0,0,4,0,8422,0.0,45,0.0,0.0,0.0,0.0,0.0,0,0,0,0,0.0,0,0,0,0,0,0,0,0,0,0,0,0,0,0,0,0,0,0,0,0,0,0,0,0,0,0,0,0,0,0,0,0,0,38,14,7,45,65476,0,300,0,0,8,21553,0.0,-107605600.0,0.0,0.0,0.0,0.0,0.0,0.0,0.0,0.0,0.0,0.0,0.0,0.0,0.0,0.0,0.0,0.0,0.0,0.0,0.0,0.0,0.0,-2.004,-0.0,0.0,0.0,0.0,0.0,0.0,5071.0,-8608184320.0,0.0,0.0,-107615288.0,0.0,-0.0,0.0,0.0,0.0,0.0,53,3.222028592685471e+26,126840561664.0,0.0,0.0,0.0,0.0,0.0,0.0,0.0,0,0,0,0.0,0.0,0.0,0.0,0.0,0.0,0.0,0.0,0.0,0.0,0.0,0.0,0.0,0.0,0.0,0.0,0,-107875648.0,53,0.0,106,-107614832.0,-107350944.0,ERR,ERR,ERR,ERR,ERR,ERR,ERR,ERR,ERR,ERR,ERR,ERR,ERR,ERR,ERR,ERR,ERR,ERR,ERR,ERR,ERR,ERR,ERR,ERR,ERR,ERR,ERR,ERR,ERR,ERR,ERR,ERR,ERR,ERR,ERR,ERR,ERR,ERR,ERR,ERR,ERR,ERR,ERR,ERR,ERR,ERR,ERR,ERR,ERR,ERR,ERR,ERR,ERR,ERR,ERR,ERR,ERR,ERR,ERR,ERR,ERR,ERR,ERR,ERR,ERR,ERR,ERR,50.0,60.0,100,0.0,0.0,0.0,0.0,0.0,0.0,0.0,0.0,0.0,0.0,0.0,0.0,0.0,0.0,0.0,0.0,62.0,65,20,65521,50,65476,0,300,0,0,8,20529,65476,0,0,26214,60.0,0.0,0.0,0.0,0.0,0.0
2026-05-17T16:24:18,ERR,ERR,ERR,ERR,ERR,ERR,ERR,ERR,ERR,ERR,ERR,ERR,ERR,ERR,ERR,ERR,ERR,ERR,ERR,ERR,ERR,ERR,ERR,ERR,ERR,ERR,ERR,ERR,ERR,ERR,ERR,ERR,ERR,ERR,ERR,ERR,ERR,ERR,ERR,ERR,ERR,ERR,ERR,ERR,ERR,ERR,ERR,ERR,ERR,ERR,ERR,ERR,ERR,ERR,ERR,ERR,ERR,ERR,ERR,ERR,ERR,ERR,ERR,ERR,ERR,ERR,ERR,ERR,ERR,ERR,ERR,ERR,ERR,ERR,ERR,ERR,ERR,ERR,ERR,ERR,ERR,ERR,ERR,ERR,ERR,ERR,ERR,ERR,ERR,ERR,ERR,ERR,ERR,ERR,ERR,ERR,ERR,ERR,ERR,ERR,ERR,ERR,ERR,ERR,ERR,ERR,ERR,ERR,ERR,ERR,ERR,ERR,ERR,ERR,ERR,ERR,ERR,ERR,ERR,ERR,ERR,ERR,ERR,ERR,ERR,0.0,-107615288.0,-134474944.0,0.0,0.0,1.3936040501711995e+18,7.805,0.0,0,0,4,0,8422,0.0,45,0.0,0.0,0.0,0.0,0.0,0,0,0,0,0.0,0,0,0,0,0,0,0,0,0,0,0,0,0,0,0,0,0,0,0,0,0,0,0,0,0,0,0,0,0,0,0,0,0,38,14,7,45,65476,0,300,0,0,8,21553,0.0,-107605600.0,0.0,0.0,0.0,0.0,0.0,0.0,0.0,0.0,0.0,0.0,0.0,0.0,0.0,0.0,0.0,0.0,0.0,0.0,0.0,0.0,0.0,-2.004,-0.0,0.0,0.0,0.0,0.0,0.0,5071.0,-8608184320.0,0.0,0.0,-107615288.0,0.0,-0.0,0.0,0.0,0.0,0.0,53,3.222028592685471e+26,126840561664.0,0.0,0.0,0.0,0.0,0.0,0.0,0.0,0,0,0,0.0,0.0,0.0,0.0,0.0,0.0,0.0,0.0,0.0,0.0,0.0,0.0,0.0,0.0,0.0,0.0,0,-107875648.0,53,0.0,106,-107614832.0,-107350944.0,ERR,ERR,ERR,ERR,ERR,ERR,ERR,ERR,ERR,ERR,ERR,ERR,ERR,ERR,ERR,ERR,ERR,ERR,ERR,ERR,ERR,ERR,ERR,ERR,ERR,ERR,ERR,ERR,ERR,ERR,ERR,ERR,ERR,ERR,ERR,ERR,ERR,ERR,ERR,ERR,ERR,ERR,ERR,ERR,ERR,ERR,ERR,ERR,ERR,ERR,ERR,ERR,ERR,ERR,ERR,ERR,ERR,ERR,ERR,ERR,ERR,ERR,ERR,ERR,ERR,ERR,ERR,50.0,60.0,100,0.0,0.0,0.0,0.0,0.0,0.0,0.0,0.0,0.0,0.0,0.0,0.0,0.0,0.0,0.0,0.0,62.0,65,20,65521,50,65476,0,300,0,0,8,20529,65476,0,0,26214,60.0,0.0,0.0,0.0,0.0,0.0
2026-05-17T16:24:19,ERR,ERR,ERR,ERR,ERR,ERR,ERR,ERR,ERR,ERR,ERR,ERR,ERR,ERR,ERR,ERR,ERR,ERR,ERR,ERR,ERR,ERR,ERR,ERR,ERR,ERR,ERR,ERR,ERR,ERR,ERR,ERR,ERR,ERR,ERR,ERR,ERR,ERR,ERR,ERR,ERR,ERR,ERR,ERR,ERR,ERR,ERR,ERR,ERR,ERR,ERR,ERR,ERR,ERR,ERR,ERR,ERR,ERR,ERR,ERR,ERR,ERR,ERR,ERR,ERR,ERR,ERR,ERR,ERR,ERR,ERR,ERR,ERR,ERR,ERR,ERR,ERR,ERR,ERR,ERR,ERR,ERR,ERR,ERR,ERR,ERR,ERR,ERR,ERR,ERR,ERR,ERR,ERR,ERR,ERR,ERR,ERR,ERR,ERR,ERR,ERR,ERR,ERR,ERR,ERR,ERR,ERR,ERR,ERR,ERR,ERR,ERR,ERR,ERR,ERR,ERR,ERR,ERR,ERR,ERR,ERR,ERR,ERR,ERR,ERR,0.0,-107615288.0,-134474944.0,0.0,0.0,1.3936040501711995e+18,7.805,0.0,0,0,4,0,8422,0.0,45,0.0,0.0,0.0,0.0,0.0,0,0,0,0,0.0,0,0,0,0,0,0,0,0,0,0,0,0,0,0,0,0,0,0,0,0,0,0,0,0,0,0,0,0,0,0,0,0,0,38,14,7,45,65476,0,300,0,0,8,21553,0.0,-107605600.0,0.0,0.0,0.0,0.0,0.0,0.0,0.0,0.0,0.0,0.0,0.0,0.0,0.0,0.0,0.0,0.0,0.0,0.0,0.0,0.0,0.0,-2.004,-0.0,0.0,0.0,0.0,0.0,0.0,5071.0,-8608184320.0,0.0,0.0,-107615288.0,0.0,-0.0,0.0,0.0,0.0,0.0,53,3.222028592685471e+26,126840561664.0,0.0,0.0,0.0,0.0,0.0,0.0,0.0,0,0,0,0.0,0.0,0.0,0.0,0.0,0.0,0.0,0.0,0.0,0.0,0.0,0.0,0.0,0.0,0.0,0.0,0,-107875648.0,53,0.0,106,-107614832.0,-107350944.0,ERR,ERR,ERR,ERR,ERR,ERR,ERR,ERR,ERR,ERR,ERR,ERR,ERR,ERR,ERR,ERR,ERR,ERR,ERR,ERR,ERR,ERR,ERR,ERR,ERR,ERR,ERR,ERR,ERR,ERR,ERR,ERR,ERR,ERR,ERR,ERR,ERR,ERR,ERR,ERR,ERR,ERR,ERR,ERR,ERR,ERR,ERR,ERR,ERR,ERR,ERR,ERR,ERR,ERR,ERR,ERR,ERR,ERR,ERR,ERR,ERR,ERR,ERR,ERR,ERR,ERR,ERR,50.0,60.0,100,0.0,0.0,0.0,0.0,0.0,0.0,0.0,0.0,0.0,0.0,0.0,0.0,0.0,0.0,0.0,0.0,61.6,65,20,65521,50,65476,0,300,0,0,8,20529,65476,0,0,26214,60.0,0.0,0.0,0.0,0.0,0.0
2026-05-17T16:24:20,ERR,ERR,ERR,ERR,ERR,ERR,ERR,ERR,ERR,ERR,ERR,ERR,ERR,ERR,ERR,ERR,ERR,ERR,ERR,ERR,ERR,ERR,ERR,ERR,ERR,ERR,ERR,ERR,ERR,ERR,ERR,ERR,ERR,ERR,ERR,ERR,ERR,ERR,ERR,ERR,ERR,ERR,ERR,ERR,ERR,ERR,ERR,ERR,ERR,ERR,ERR,ERR,ERR,ERR,ERR,ERR,ERR,ERR,ERR,ERR,ERR,ERR,ERR,ERR,ERR,ERR,ERR,ERR,ERR,ERR,ERR,ERR,ERR,ERR,ERR,ERR,ERR,ERR,ERR,ERR,ERR,ERR,ERR,ERR,ERR,ERR,ERR,ERR,ERR,ERR,ERR,ERR,ERR,ERR,ERR,ERR,ERR,ERR,ERR,ERR,ERR,ERR,ERR,ERR,ERR,ERR,ERR,ERR,ERR,ERR,ERR,ERR,ERR,ERR,ERR,ERR,ERR,ERR,ERR,ERR,ERR,ERR,ERR,ERR,ERR,0.0,-107615288.0,-134474944.0,0.0,0.0,1.3936040501711995e+18,7.805,0.0,0,0,4,0,8422,0.0,45,0.0,0.0,0.0,0.0,0.0,0,0,0,0,0.0,0,0,0,0,0,0,0,0,0,0,0,0,0,0,0,0,0,0,0,0,0,0,0,0,0,0,0,0,0,0,0,0,0,38,14,7,45,65476,0,300,0,0,8,21553,0.0,-107605600.0,0.0,0.0,0.0,0.0,0.0,0.0,0.0,0.0,0.0,0.0,0.0,0.0,0.0,0.0,0.0,0.0,0.0,0.0,0.0,0.0,0.0,-2.004,-0.0,0.0,0.0,0.0,0.0,0.0,5071.0,-8608184320.0,0.0,0.0,-107615288.0,0.0,-0.0,0.0,0.0,0.0,0.0,53,3.222028592685471e+26,126840561664.0,0.0,0.0,0.0,0.0,0.0,0.0,0.0,0,0,0,0.0,0.0,0.0,0.0,0.0,0.0,0.0,0.0,0.0,0.0,0.0,0.0,0.0,0.0,0.0,0.0,0,-107875648.0,53,0.0,106,-107614832.0,-107350944.0,ERR,ERR,ERR,ERR,ERR,ERR,ERR,ERR,ERR,ERR,ERR,ERR,ERR,ERR,ERR,ERR,ERR,ERR,ERR,ERR,ERR,ERR,ERR,ERR,ERR,ERR,ERR,ERR,ERR,ERR,ERR,ERR,ERR,ERR,ERR,ERR,ERR,ERR,ERR,ERR,ERR,ERR,ERR,ERR,ERR,ERR,ERR,ERR,ERR,ERR,ERR,ERR,ERR,ERR,ERR,ERR,ERR,ERR,ERR,ERR,ERR,ERR,ERR,ERR,ERR,ERR,ERR,50.0,60.0,100,0.0,0.0,0.0,0.0,0.0,0.0,0.0,0.0,0.0,0.0,0.0,0.0,0.0,0.0,0.0,0.0,61.6,65,20,65521,50,65476,0,300,0,0,8,20529,65476,0,0,26214,60.0,0.0,0.0,0.0,0.0,0.0
2026-05-17T16:24:21,ERR,ERR,ERR,ERR,ERR,ERR,ERR,ERR,ERR,ERR,ERR,ERR,ERR,ERR,ERR,ERR,ERR,ERR,ERR,ERR,ERR,ERR,ERR,ERR,ERR,ERR,ERR,ERR,ERR,ERR,ERR,ERR,ERR,ERR,ERR,ERR,ERR,ERR,ERR,ERR,ERR,ERR,ERR,ERR,ERR,ERR,ERR,ERR,ERR,ERR,ERR,ERR,ERR,ERR,ERR,ERR,ERR,ERR,ERR,ERR,ERR,ERR,ERR,ERR,ERR,ERR,ERR,ERR,ERR,ERR,ERR,ERR,ERR,ERR,ERR,ERR,ERR,ERR,ERR,ERR,ERR,ERR,ERR,ERR,ERR,ERR,ERR,ERR,ERR,ERR,ERR,ERR,ERR,ERR,ERR,ERR,ERR,ERR,ERR,ERR,ERR,ERR,ERR,ERR,ERR,ERR,ERR,ERR,ERR,ERR,ERR,ERR,ERR,ERR,ERR,ERR,ERR,ERR,ERR,ERR,ERR,ERR,ERR,ERR,ERR,0.0,-107615288.0,-134474944.0,0.0,0.0,1.3936040501711995e+18,7.805,0.0,0,0,4,0,8422,0.0,45,0.0,0.0,0.0,0.0,0.0,0,0,0,0,0.0,0,0,0,0,0,0,0,0,0,0,0,0,0,0,0,0,0,0,0,0,0,0,0,0,0,0,0,0,0,0,0,0,0,38,14,7,45,65476,0,300,0,0,8,21553,0.0,-107605600.0,0.0,0.0,0.0,0.0,0.0,0.0,0.0,0.0,0.0,0.0,0.0,0.0,0.0,0.0,0.0,0.0,0.0,0.0,0.0,0.0,0.0,-2.004,-0.0,0.0,0.0,0.0,0.0,0.0,5071.0,-8608184320.0,0.0,0.0,-107615288.0,0.0,-0.0,0.0,0.0,0.0,0.0,53,3.222028592685471e+26,126840561664.0,0.0,0.0,0.0,0.0,0.0,0.0,0.0,0,0,0,0.0,0.0,0.0,0.0,0.0,0.0,0.0,0.0,0.0,0.0,0.0,0.0,0.0,0.0,0.0,0.0,0,-107875648.0,53,0.0,106,-107614832.0,-107350944.0,ERR,ERR,ERR,ERR,ERR,ERR,ERR,ERR,ERR,ERR,ERR,ERR,ERR,ERR,ERR,ERR,ERR,ERR,ERR,ERR,ERR,ERR,ERR,ERR,ERR,ERR,ERR,ERR,ERR,ERR,ERR,ERR,ERR,ERR,ERR,ERR,ERR,ERR,ERR,ERR,ERR,ERR,ERR,ERR,ERR,ERR,ERR,ERR,ERR,ERR,ERR,ERR,ERR,ERR,ERR,ERR,ERR,ERR,ERR,ERR,ERR,ERR,ERR,ERR,ERR,ERR,ERR,50.0,60.0,100,0.0,0.0,0.0,0.0,0.0,0.0,0.0,0.0,0.0,0.0,0.0,0.0,0.0,0.0,0.0,0.0,61.6,65,20,65521,50,65476,0,300,0,0,8,20529,65476,0,0,26214,60.0,0.0,0.0,0.0,0.0,0.0
2026-05-17T16:24:22,ERR,ERR,ERR,ERR,ERR,ERR,ERR,ERR,ERR,ERR,ERR,ERR,ERR,ERR,ERR,ERR,ERR,ERR,ERR,ERR,ERR,ERR,ERR,ERR,ERR,ERR,ERR,ERR,ERR,ERR,ERR,ERR,ERR,ERR,ERR,ERR,ERR,ERR,ERR,ERR,ERR,ERR,ERR,ERR,ERR,ERR,ERR,ERR,ERR,ERR,ERR,ERR,ERR,ERR,ERR,ERR,ERR,ERR,ERR,ERR,ERR,ERR,ERR,ERR,ERR,ERR,ERR,ERR,ERR,ERR,ERR,ERR,ERR,ERR,ERR,ERR,ERR,ERR,ERR,ERR,ERR,ERR,ERR,ERR,ERR,ERR,ERR,ERR,ERR,ERR,ERR,ERR,ERR,ERR,ERR,ERR,ERR,ERR,ERR,ERR,ERR,ERR,ERR,ERR,ERR,ERR,ERR,ERR,ERR,ERR,ERR,ERR,ERR,ERR,ERR,ERR,ERR,ERR,ERR,ERR,ERR,ERR,ERR,ERR,ERR,0.0,-107615288.0,-134474944.0,0.0,0.0,1.3936040501711995e+18,7.805,0.0,0,0,4,0,8422,0.0,45,0.0,0.0,0.0,0.0,0.0,0,0,0,0,0.0,0,0,0,0,0,0,0,0,0,0,0,0,0,0,0,0,0,0,0,0,0,0,0,0,0,0,0,0,0,0,0,0,0,38,14,7,45,65476,0,300,0,0,8,21553,0.0,-107605600.0,0.0,0.0,0.0,0.0,0.0,0.0,0.0,0.0,0.0,0.0,0.0,0.0,0.0,0.0,0.0,0.0,0.0,0.0,0.0,0.0,0.0,-2.004,-0.0,0.0,0.0,0.0,0.0,0.0,5069.0,-564145967595520.0,0.0,0.0,-107615288.0,0.0,-0.0,0.0,0.0,0.0,0.0,53,152018454839296.0,126840561664.0,0.0,0.0,0.0,0.0,0.0,0.0,0.0,0,0,0,0.0,0.0,0.0,0.0,0.0,0.0,0.0,0.0,0.0,0.0,0.0,0.0,0.0,0.0,0.0,0.0,0,-107875648.0,53,0.0,106,-107614832.0,-107350944.0,ERR,ERR,ERR,ERR,ERR,ERR,ERR,ERR,ERR,ERR,ERR,ERR,ERR,ERR,ERR,ERR,ERR,ERR,ERR,ERR,ERR,ERR,ERR,ERR,ERR,ERR,ERR,ERR,ERR,ERR,ERR,ERR,ERR,ERR,ERR,ERR,ERR,ERR,ERR,ERR,ERR,ERR,ERR,ERR,ERR,ERR,ERR,ERR,ERR,ERR,ERR,ERR,ERR,ERR,ERR,ERR,ERR,ERR,ERR,ERR,ERR,ERR,ERR,ERR,ERR,ERR,ERR,50.0,60.0,100,0.0,0.0,0.0,0.0,0.0,0.0,0.0,0.0,0.0,0.0,0.0,0.0,0.0,0.0,0.0,0.0,61.6,65,20,65521,50,65476,0,300,0,0,8,20529,65476,0,0,26214,60.0,0.0,0.0,0.0,0.0,0.0
2026-05-17T16:24:23,ERR,ERR,ERR,ERR,ERR,ERR,ERR,ERR,ERR,ERR,ERR,ERR,ERR,ERR,ERR,ERR,ERR,ERR,ERR,ERR,ERR,ERR,ERR,ERR,ERR,ERR,ERR,ERR,ERR,ERR,ERR,ERR,ERR,ERR,ERR,ERR,ERR,ERR,ERR,ERR,ERR,ERR,ERR,ERR,ERR,ERR,ERR,ERR,ERR,ERR,ERR,ERR,ERR,ERR,ERR,ERR,ERR,ERR,ERR,ERR,ERR,ERR,ERR,ERR,ERR,ERR,ERR,ERR,ERR,ERR,ERR,ERR,ERR,ERR,ERR,ERR,ERR,ERR,ERR,ERR,ERR,ERR,ERR,ERR,ERR,ERR,ERR,ERR,ERR,ERR,ERR,ERR,ERR,ERR,ERR,ERR,ERR,ERR,ERR,ERR,ERR,ERR,ERR,ERR,ERR,ERR,ERR,ERR,ERR,ERR,ERR,ERR,ERR,ERR,ERR,ERR,ERR,ERR,ERR,ERR,ERR,ERR,ERR,ERR,ERR,0.0,-107615288.0,-134474944.0,0.0,0.0,1.3936040501711995e+18,7.805,0.0,0,0,4,0,8422,0.0,45,0.0,0.0,0.0,0.0,0.0,0,0,0,0,0.0,0,0,0,0,0,0,0,0,0,0,0,0,0,0,0,0,0,0,0,0,0,0,0,0,0,0,0,0,0,0,0,0,0,38,14,7,45,65476,0,300,0,0,8,21553,0.0,-107605600.0,0.0,0.0,0.0,0.0,0.0,0.0,0.0,0.0,0.0,0.0,0.0,0.0,0.0,0.0,0.0,0.0,0.0,0.0,0.0,0.0,0.0,-2.004,-0.0,0.0,0.0,0.0,0.0,0.0,5069.0,-564145967595520.0,0.0,0.0,-107615288.0,0.0,-0.0,0.0,0.0,0.0,0.0,53,152018454839296.0,126840561664.0,0.0,0.0,0.0,0.0,0.0,0.0,0.0,0,0,0,0.0,0.0,0.0,0.0,0.0,0.0,0.0,0.0,0.0,0.0,0.0,0.0,0.0,0.0,0.0,0.0,0,-107875648.0,53,0.0,106,-107614832.0,-107350944.0,ERR,ERR,ERR,ERR,ERR,ERR,ERR,ERR,ERR,ERR,ERR,ERR,ERR,ERR,ERR,ERR,ERR,ERR,ERR,ERR,ERR,ERR,ERR,ERR,ERR,ERR,ERR,ERR,ERR,ERR,ERR,ERR,ERR,ERR,ERR,ERR,ERR,ERR,ERR,ERR,ERR,ERR,ERR,ERR,ERR,ERR,ERR,ERR,ERR,ERR,ERR,ERR,ERR,ERR,ERR,ERR,ERR,ERR,ERR,ERR,ERR,ERR,ERR,ERR,ERR,ERR,ERR,50.0,60.0,100,0.0,0.0,0.0,0.0,0.0,0.0,0.0,0.0,0.0,0.0,0.0,0.0,0.0,0.0,0.0,0.0,61.6,65,20,65521,50,65476,0,300,0,0,8,20529,65476,0,0,26214,60.0,0.0,0.0,0.0,0.0,0.0
2026-05-17T16:24:24,ERR,ERR,ERR,ERR,ERR,ERR,ERR,ERR,ERR,ERR,ERR,ERR,ERR,ERR,ERR,ERR,ERR,ERR,ERR,ERR,ERR,ERR,ERR,ERR,ERR,ERR,ERR,ERR,ERR,ERR,ERR,ERR,ERR,ERR,ERR,ERR,ERR,ERR,ERR,ERR,ERR,ERR,ERR,ERR,ERR,ERR,ERR,ERR,ERR,ERR,ERR,ERR,ERR,ERR,ERR,ERR,ERR,ERR,ERR,ERR,ERR,ERR,ERR,ERR,ERR,ERR,ERR,ERR,ERR,ERR,ERR,ERR,ERR,ERR,ERR,ERR,ERR,ERR,ERR,ERR,ERR,ERR,ERR,ERR,ERR,ERR,ERR,ERR,ERR,ERR,ERR,ERR,ERR,ERR,ERR,ERR,ERR,ERR,ERR,ERR,ERR,ERR,ERR,ERR,ERR,ERR,ERR,ERR,ERR,ERR,ERR,ERR,ERR,ERR,ERR,ERR,ERR,ERR,ERR,ERR,ERR,ERR,ERR,ERR,ERR,0.0,-107615288.0,-134474944.0,0.0,0.0,1.3936040501711995e+18,7.805,0.0,0,0,4,0,8422,0.0,45,0.0,0.0,0.0,0.0,0.0,0,0,0,0,0.0,0,0,0,0,0,0,0,0,0,0,0,0,0,0,0,0,0,0,0,0,0,0,0,0,0,0,0,0,0,0,0,0,0,38,14,7,45,65476,0,300,0,0,8,21553,0.0,-107605600.0,0.0,0.0,0.0,0.0,0.0,0.0,0.0,0.0,0.0,0.0,0.0,0.0,0.0,0.0,0.0,0.0,0.0,0.0,0.0,0.0,0.0,-2.004,-0.0,0.0,0.0,0.0,0.0,0.0,5069.0,-564145967595520.0,0.0,0.0,-107615288.0,0.0,-0.0,0.0,0.0,0.0,0.0,53,152018454839296.0,126840561664.0,0.0,0.0,0.0,0.0,0.0,0.0,0.0,0,0,0,0.0,0.0,0.0,0.0,0.0,0.0,0.0,0.0,0.0,0.0,0.0,0.0,0.0,0.0,0.0,0.0,0,-107875648.0,53,0.0,106,-107614832.0,-107350944.0,ERR,ERR,ERR,ERR,ERR,ERR,ERR,ERR,ERR,ERR,ERR,ERR,ERR,ERR,ERR,ERR,ERR,ERR,ERR,ERR,ERR,ERR,ERR,ERR,ERR,ERR,ERR,ERR,ERR,ERR,ERR,ERR,ERR,ERR,ERR,ERR,ERR,ERR,ERR,ERR,ERR,ERR,ERR,ERR,ERR,ERR,ERR,ERR,ERR,ERR,ERR,ERR,ERR,ERR,ERR,ERR,ERR,ERR,ERR,ERR,ERR,ERR,ERR,ERR,ERR,ERR,ERR,50.0,60.0,100,0.0,0.0,0.0,0.0,0.0,0.0,0.0,0.0,0.0,0.0,0.0,0.0,0.0,0.0,0.0,0.0,61.6,65,20,65521,50,65476,0,300,0,0,8,20529,65476,0,0,26214,60.0,0.0,0.0,0.0,0.0,0.0
2026-05-17T16:24:25,ERR,ERR,ERR,ERR,ERR,ERR,ERR,ERR,ERR,ERR,ERR,ERR,ERR,ERR,ERR,ERR,ERR,ERR,ERR,ERR,ERR,ERR,ERR,ERR,ERR,ERR,ERR,ERR,ERR,ERR,ERR,ERR,ERR,ERR,ERR,ERR,ERR,ERR,ERR,ERR,ERR,ERR,ERR,ERR,ERR,ERR,ERR,ERR,ERR,ERR,ERR,ERR,ERR,ERR,ERR,ERR,ERR,ERR,ERR,ERR,ERR,ERR,ERR,ERR,ERR,ERR,ERR,ERR,ERR,ERR,ERR,ERR,ERR,ERR,ERR,ERR,ERR,ERR,ERR,ERR,ERR,ERR,ERR,ERR,ERR,ERR,ERR,ERR,ERR,ERR,ERR,ERR,ERR,ERR,ERR,ERR,ERR,ERR,ERR,ERR,ERR,ERR,ERR,ERR,ERR,ERR,ERR,ERR,ERR,ERR,ERR,ERR,ERR,ERR,ERR,ERR,ERR,ERR,ERR,ERR,ERR,ERR,ERR,ERR,ERR,0.0,-107615288.0,-134474944.0,0.0,0.0,1.3936040501711995e+18,7.805,0.0,0,0,4,0,8422,0.0,45,0.0,0.0,0.0,0.0,0.0,0,0,0,0,0.0,0,0,0,0,0,0,0,0,0,0,0,0,0,0,0,0,0,0,0,0,0,0,0,0,0,0,0,0,0,0,0,0,0,38,14,7,45,65476,0,300,0,0,8,21553,0.0,-107605600.0,0.0,0.0,0.0,0.0,0.0,0.0,0.0,0.0,0.0,0.0,0.0,0.0,0.0,0.0,0.0,0.0,0.0,0.0,0.0,0.0,0.0,-2.004,-0.0,0.0,0.0,0.0,0.0,0.0,5069.0,-564145967595520.0,0.0,0.0,-107615288.0,0.0,-0.0,0.0,0.0,0.0,0.0,53,152018454839296.0,126840561664.0,0.0,0.0,0.0,0.0,0.0,0.0,0.0,0,0,0,0.0,0.0,0.0,0.0,0.0,0.0,0.0,0.0,0.0,0.0,0.0,0.0,0.0,0.0,0.0,0.0,0,-107875648.0,53,0.0,106,-107614832.0,-107350944.0,ERR,ERR,ERR,ERR,ERR,ERR,ERR,ERR,ERR,ERR,ERR,ERR,ERR,ERR,ERR,ERR,ERR,ERR,ERR,ERR,ERR,ERR,ERR,ERR,ERR,ERR,ERR,ERR,ERR,ERR,ERR,ERR,ERR,ERR,ERR,ERR,ERR,ERR,ERR,ERR,ERR,ERR,ERR,ERR,ERR,ERR,ERR,ERR,ERR,ERR,ERR,ERR,ERR,ERR,ERR,ERR,ERR,ERR,ERR,ERR,ERR,ERR,ERR,ERR,ERR,ERR,ERR,50.0,60.0,100,0.0,0.0,0.0,0.0,0.0,0.0,0.0,0.0,0.0,0.0,0.0,0.0,0.0,0.0,0.0,0.0,61.6,65,20,65521,50,65476,0,300,0,0,8,20529,65476,0,0,26214,60.0,0.0,0.0,0.0,0.0,0.0
2026-05-17T16:24:26,ERR,ERR,ERR,ERR,ERR,ERR,ERR,ERR,ERR,ERR,ERR,ERR,ERR,ERR,ERR,ERR,ERR,ERR,ERR,ERR,ERR,ERR,ERR,ERR,ERR,ERR,ERR,ERR,ERR,ERR,ERR,ERR,ERR,ERR,ERR,ERR,ERR,ERR,ERR,ERR,ERR,ERR,ERR,ERR,ERR,ERR,ERR,ERR,ERR,ERR,ERR,ERR,ERR,ERR,ERR,ERR,ERR,ERR,ERR,ERR,ERR,ERR,ERR,ERR,ERR,ERR,ERR,ERR,ERR,ERR,ERR,ERR,ERR,ERR,ERR,ERR,ERR,ERR,ERR,ERR,ERR,ERR,ERR,ERR,ERR,ERR,ERR,ERR,ERR,ERR,ERR,ERR,ERR,ERR,ERR,ERR,ERR,ERR,ERR,ERR,ERR,ERR,ERR,ERR,ERR,ERR,ERR,ERR,ERR,ERR,ERR,ERR,ERR,ERR,ERR,ERR,ERR,ERR,ERR,ERR,ERR,ERR,ERR,ERR,ERR,0.0,-107615288.0,-134474944.0,0.0,0.0,1.3936040501711995e+18,7.805,0.0,0,0,4,0,8422,0.0,45,0.0,0.0,0.0,0.0,0.0,0,0,0,0,0.0,0,0,0,0,0,0,0,0,0,0,0,0,0,0,0,0,0,0,0,0,0,0,0,0,0,0,0,0,0,0,0,0,0,38,14,7,45,65476,0,300,0,0,8,21553,0.0,-107605600.0,0.0,0.0,0.0,0.0,0.0,0.0,0.0,0.0,0.0,0.0,0.0,0.0,0.0,0.0,0.0,0.0,0.0,0.0,0.0,0.0,0.0,-2.004,-0.0,0.0,0.0,0.0,0.0,0.0,5069.0,-564145967595520.0,0.0,0.0,-107615288.0,0.0,-0.0,0.0,0.0,0.0,0.0,53,152018454839296.0,126840561664.0,0.0,0.0,0.0,0.0,0.0,0.0,0.0,0,0,0,0.0,0.0,0.0,0.0,0.0,0.0,0.0,0.0,0.0,0.0,0.0,0.0,0.0,0.0,0.0,0.0,0,-107875648.0,53,0.0,106,-107614832.0,-107350944.0,ERR,ERR,ERR,ERR,ERR,ERR,ERR,ERR,ERR,ERR,ERR,ERR,ERR,ERR,ERR,ERR,ERR,ERR,ERR,ERR,ERR,ERR,ERR,ERR,ERR,ERR,ERR,ERR,ERR,ERR,ERR,ERR,ERR,ERR,ERR,ERR,ERR,ERR,ERR,ERR,ERR,ERR,ERR,ERR,ERR,ERR,ERR,ERR,ERR,ERR,ERR,ERR,ERR,ERR,ERR,ERR,ERR,ERR,ERR,ERR,ERR,ERR,ERR,ERR,ERR,ERR,ERR,50.0,60.0,100,0.0,0.0,0.0,0.0,0.0,0.0,0.0,0.0,0.0,0.0,0.0,0.0,0.0,0.0,0.0,0.0,62.0,65,20,65521,50,65476,0,300,0,0,8,20529,65476,0,0,26214,60.0,0.0,0.0,0.0,0.0,0.0
2026-05-17T16:24:27,ERR,ERR,ERR,ERR,ERR,ERR,ERR,ERR,ERR,ERR,ERR,ERR,ERR,ERR,ERR,ERR,ERR,ERR,ERR,ERR,ERR,ERR,ERR,ERR,ERR,ERR,ERR,ERR,ERR,ERR,ERR,ERR,ERR,ERR,ERR,ERR,ERR,ERR,ERR,ERR,ERR,ERR,ERR,ERR,ERR,ERR,ERR,ERR,ERR,ERR,ERR,ERR,ERR,ERR,ERR,ERR,ERR,ERR,ERR,ERR,ERR,ERR,ERR,ERR,ERR,ERR,ERR,ERR,ERR,ERR,ERR,ERR,ERR,ERR,ERR,ERR,ERR,ERR,ERR,ERR,ERR,ERR,ERR,ERR,ERR,ERR,ERR,ERR,ERR,ERR,ERR,ERR,ERR,ERR,ERR,ERR,ERR,ERR,ERR,ERR,ERR,ERR,ERR,ERR,ERR,ERR,ERR,ERR,ERR,ERR,ERR,ERR,ERR,ERR,ERR,ERR,ERR,ERR,ERR,ERR,ERR,ERR,ERR,ERR,ERR,0.0,-107615288.0,-0.0,0.0,0.0,1.3936040501711995e+18,7.805,0.0,0,0,4,0,8422,0.0,45,0.0,0.0,0.0,0.0,0.0,0,0,0,0,0.0,0,0,0,0,0,0,0,0,0,0,0,0,0,0,0,0,0,0,0,0,0,0,0,0,0,0,0,0,0,0,0,0,0,38,14,7,45,65476,0,300,0,0,8,21553,0.0,-107605600.0,0.0,0.0,0.0,0.0,0.0,0.0,0.0,0.0,0.0,0.0,0.0,0.0,0.0,0.0,0.0,0.0,0.0,0.0,0.0,0.0,0.0,-2.004,-0.0,0.0,0.0,0.0,0.0,0.0,5070.0,-2.004,0.0,0.0,-107615288.0,0.0,-0.0,0.0,0.0,0.0,0.0,53,1.9056979486756045e+17,0.0,0.0,0.0,0.0,0.0,0.0,0.0,0.0,0,0,0,0.0,0.0,0.0,0.0,0.0,0.0,0.0,0.0,0.0,0.0,0.0,0.0,0.0,0.0,0.0,0.0,0,-107875648.0,53,0.0,106,-107614832.0,-107350944.0,ERR,ERR,ERR,ERR,ERR,ERR,ERR,ERR,ERR,ERR,ERR,ERR,ERR,ERR,ERR,ERR,ERR,ERR,ERR,ERR,ERR,ERR,ERR,ERR,ERR,ERR,ERR,ERR,ERR,ERR,ERR,ERR,ERR,ERR,ERR,ERR,ERR,ERR,ERR,ERR,ERR,ERR,ERR,ERR,ERR,ERR,ERR,ERR,ERR,ERR,ERR,ERR,ERR,ERR,ERR,ERR,ERR,ERR,ERR,ERR,ERR,ERR,ERR,ERR,ERR,ERR,ERR,50.0,60.0,100,0.0,0.0,0.0,0.0,0.0,0.0,0.0,0.0,0.0,0.0,0.0,0.0,0.0,0.0,0.0,0.0,62.0,65,20,65521,50,65476,0,300,0,0,8,20529,65476,0,0,26214,60.0,0.0,0.0,0.0,0.0,0.0
2026-05-17T16:24:28,ERR,ERR,ERR,ERR,ERR,ERR,ERR,ERR,ERR,ERR,ERR,ERR,ERR,ERR,ERR,ERR,ERR,ERR,ERR,ERR,ERR,ERR,ERR,ERR,ERR,ERR,ERR,ERR,ERR,ERR,ERR,ERR,ERR,ERR,ERR,ERR,ERR,ERR,ERR,ERR,ERR,ERR,ERR,ERR,ERR,ERR,ERR,ERR,ERR,ERR,ERR,ERR,ERR,ERR,ERR,ERR,ERR,ERR,ERR,ERR,ERR,ERR,ERR,ERR,ERR,ERR,ERR,ERR,ERR,ERR,ERR,ERR,ERR,ERR,ERR,ERR,ERR,ERR,ERR,ERR,ERR,ERR,ERR,ERR,ERR,ERR,ERR,ERR,ERR,ERR,ERR,ERR,ERR,ERR,ERR,ERR,ERR,ERR,ERR,ERR,ERR,ERR,ERR,ERR,ERR,ERR,ERR,ERR,ERR,ERR,ERR,ERR,ERR,ERR,ERR,ERR,ERR,ERR,ERR,ERR,ERR,ERR,ERR,ERR,ERR,0.0,-107615288.0,-0.0,0.0,0.0,1.3936040501711995e+18,7.805,0.0,0,0,4,0,8422,0.0,45,0.0,0.0,0.0,0.0,0.0,0,0,0,0,0.0,0,0,0,0,0,0,0,0,0,0,0,0,0,0,0,0,0,0,0,0,0,0,0,0,0,0,0,0,0,0,0,0,0,38,14,7,45,65476,0,300,0,0,8,21553,0.0,-107605600.0,0.0,0.0,0.0,0.0,0.0,0.0,0.0,0.0,0.0,0.0,0.0,0.0,0.0,0.0,0.0,0.0,0.0,0.0,0.0,0.0,0.0,-2.004,-0.0,0.0,0.0,0.0,0.0,0.0,5070.0,-2.004,0.0,0.0,-107615288.0,0.0,-0.0,0.0,0.0,0.0,0.0,53,1.9056979486756045e+17,0.0,0.0,0.0,0.0,0.0,0.0,0.0,0.0,0,0,0,0.0,0.0,0.0,0.0,0.0,0.0,0.0,0.0,0.0,0.0,0.0,0.0,0.0,0.0,0.0,0.0,0,-107875648.0,53,0.0,106,-107614832.0,-107350944.0,ERR,ERR,ERR,ERR,ERR,ERR,ERR,ERR,ERR,ERR,ERR,ERR,ERR,ERR,ERR,ERR,ERR,ERR,ERR,ERR,ERR,ERR,ERR,ERR,ERR,ERR,ERR,ERR,ERR,ERR,ERR,ERR,ERR,ERR,ERR,ERR,ERR,ERR,ERR,ERR,ERR,ERR,ERR,ERR,ERR,ERR,ERR,ERR,ERR,ERR,ERR,ERR,ERR,ERR,ERR,ERR,ERR,ERR,ERR,ERR,ERR,ERR,ERR,ERR,ERR,ERR,ERR,50.0,60.0,100,0.0,0.0,0.0,0.0,0.0,0.0,0.0,0.0,0.0,0.0,0.0,0.0,0.0,0.0,0.0,0.0,61.6,65,20,65521,50,65476,0,300,0,0,8,20529,65476,0,0,26214,60.0,0.0,0.0,0.0,0.0,0.0
2026-05-17T16:24:29,ERR,ERR,ERR,ERR,ERR,ERR,ERR,ERR,ERR,ERR,ERR,ERR,ERR,ERR,ERR,ERR,ERR,ERR,ERR,ERR,ERR,ERR,ERR,ERR,ERR,ERR,ERR,ERR,ERR,ERR,ERR,ERR,ERR,ERR,ERR,ERR,ERR,ERR,ERR,ERR,ERR,ERR,ERR,ERR,ERR,ERR,ERR,ERR,ERR,ERR,ERR,ERR,ERR,ERR,ERR,ERR,ERR,ERR,ERR,ERR,ERR,ERR,ERR,ERR,ERR,ERR,ERR,ERR,ERR,ERR,ERR,ERR,ERR,ERR,ERR,ERR,ERR,ERR,ERR,ERR,ERR,ERR,ERR,ERR,ERR,ERR,ERR,ERR,ERR,ERR,ERR,ERR,ERR,ERR,ERR,ERR,ERR,ERR,ERR,ERR,ERR,ERR,ERR,ERR,ERR,ERR,ERR,ERR,ERR,ERR,ERR,ERR,ERR,ERR,ERR,ERR,ERR,ERR,ERR,ERR,ERR,ERR,ERR,ERR,ERR,0.0,-107615288.0,-0.0,0.0,0.0,1.3936040501711995e+18,7.805,0.0,0,0,4,0,8422,0.0,45,0.0,0.0,0.0,0.0,0.0,0,0,0,0,0.0,0,0,0,0,0,0,0,0,0,0,0,0,0,0,0,0,0,0,0,0,0,0,0,0,0,0,0,0,0,0,0,0,0,38,14,7,45,65476,0,300,0,0,8,21553,0.0,-107605600.0,0.0,0.0,0.0,0.0,0.0,0.0,0.0,0.0,0.0,0.0,0.0,0.0,0.0,0.0,0.0,0.0,0.0,0.0,0.0,0.0,0.0,-2.004,-0.0,0.0,0.0,0.0,0.0,0.0,5070.0,-2.004,0.0,0.0,-107615288.0,0.0,-0.0,0.0,0.0,0.0,0.0,53,1.9056979486756045e+17,0.0,0.0,0.0,0.0,0.0,0.0,0.0,0.0,0,0,0,0.0,0.0,0.0,0.0,0.0,0.0,0.0,0.0,0.0,0.0,0.0,0.0,0.0,0.0,0.0,0.0,0,-107875648.0,53,0.0,106,-107614832.0,-107350944.0,ERR,ERR,ERR,ERR,ERR,ERR,ERR,ERR,ERR,ERR,ERR,ERR,ERR,ERR,ERR,ERR,ERR,ERR,ERR,ERR,ERR,ERR,ERR,ERR,ERR,ERR,ERR,ERR,ERR,ERR,ERR,ERR,ERR,ERR,ERR,ERR,ERR,ERR,ERR,ERR,ERR,ERR,ERR,ERR,ERR,ERR,ERR,ERR,ERR,ERR,ERR,ERR,ERR,ERR,ERR,ERR,ERR,ERR,ERR,ERR,ERR,ERR,ERR,ERR,ERR,ERR,ERR,50.0,60.0,100,0.0,0.0,0.0,0.0,0.0,0.0,0.0,0.0,0.0,0.0,0.0,0.0,0.0,0.0,0.0,0.0,61.6,65,20,65521,50,65476,0,300,0,0,8,20529,65476,0,0,26214,60.0,0.0,0.0,0.0,0.0,0.0
2026-05-17T16:24:30,ERR,ERR,ERR,ERR,ERR,ERR,ERR,ERR,ERR,ERR,ERR,ERR,ERR,ERR,ERR,ERR,ERR,ERR,ERR,ERR,ERR,ERR,ERR,ERR,ERR,ERR,ERR,ERR,ERR,ERR,ERR,ERR,ERR,ERR,ERR,ERR,ERR,ERR,ERR,ERR,ERR,ERR,ERR,ERR,ERR,ERR,ERR,ERR,ERR,ERR,ERR,ERR,ERR,ERR,ERR,ERR,ERR,ERR,ERR,ERR,ERR,ERR,ERR,ERR,ERR,ERR,ERR,ERR,ERR,ERR,ERR,ERR,ERR,ERR,ERR,ERR,ERR,ERR,ERR,ERR,ERR,ERR,ERR,ERR,ERR,ERR,ERR,ERR,ERR,ERR,ERR,ERR,ERR,ERR,ERR,ERR,ERR,ERR,ERR,ERR,ERR,ERR,ERR,ERR,ERR,ERR,ERR,ERR,ERR,ERR,ERR,ERR,ERR,ERR,ERR,ERR,ERR,ERR,ERR,ERR,ERR,ERR,ERR,ERR,ERR,0.0,-107615288.0,-0.0,0.0,0.0,1.3936040501711995e+18,7.805,0.0,0,0,4,0,8422,0.0,45,0.0,0.0,0.0,0.0,0.0,0,0,0,0,0.0,0,0,0,0,0,0,0,0,0,0,0,0,0,0,0,0,0,0,0,0,0,0,0,0,0,0,0,0,0,0,0,0,0,38,14,7,45,65476,0,300,0,0,8,21553,0.0,-107605600.0,0.0,0.0,0.0,0.0,0.0,0.0,0.0,0.0,0.0,0.0,0.0,0.0,0.0,0.0,0.0,0.0,0.0,0.0,0.0,0.0,0.0,-2.004,-0.0,0.0,0.0,0.0,0.0,0.0,5070.0,-2.004,0.0,0.0,-107615288.0,0.0,-0.0,0.0,0.0,0.0,0.0,53,1.9056979486756045e+17,0.0,0.0,0.0,0.0,0.0,0.0,0.0,0.0,0,0,0,0.0,0.0,0.0,0.0,0.0,0.0,0.0,0.0,0.0,0.0,0.0,0.0,0.0,0.0,0.0,0.0,0,-107875648.0,53,0.0,106,-107614832.0,-107350944.0,ERR,ERR,ERR,ERR,ERR,ERR,ERR,ERR,ERR,ERR,ERR,ERR,ERR,ERR,ERR,ERR,ERR,ERR,ERR,ERR,ERR,ERR,ERR,ERR,ERR,ERR,ERR,ERR,ERR,ERR,ERR,ERR,ERR,ERR,ERR,ERR,ERR,ERR,ERR,ERR,ERR,ERR,ERR,ERR,ERR,ERR,ERR,ERR,ERR,ERR,ERR,ERR,ERR,ERR,ERR,ERR,ERR,ERR,ERR,ERR,ERR,ERR,ERR,ERR,ERR,ERR,ERR,50.0,60.0,100,0.0,0.0,0.0,0.0,0.0,0.0,0.0,0.0,0.0,0.0,0.0,0.0,0.0,0.0,0.0,0.0,61.6,65,20,65521,50,65476,0,300,0,0,8,20529,65476,0,0,26214,60.0,0.0,0.0,0.0,0.0,0.0
2026-05-17T16:24:31,ERR,ERR,ERR,ERR,ERR,ERR,ERR,ERR,ERR,ERR,ERR,ERR,ERR,ERR,ERR,ERR,ERR,ERR,ERR,ERR,ERR,ERR,ERR,ERR,ERR,ERR,ERR,ERR,ERR,ERR,ERR,ERR,ERR,ERR,ERR,ERR,ERR,ERR,ERR,ERR,ERR,ERR,ERR,ERR,ERR,ERR,ERR,ERR,ERR,ERR,ERR,ERR,ERR,ERR,ERR,ERR,ERR,ERR,ERR,ERR,ERR,ERR,ERR,ERR,ERR,ERR,ERR,ERR,ERR,ERR,ERR,ERR,ERR,ERR,ERR,ERR,ERR,ERR,ERR,ERR,ERR,ERR,ERR,ERR,ERR,ERR,ERR,ERR,ERR,ERR,ERR,ERR,ERR,ERR,ERR,ERR,ERR,ERR,ERR,ERR,ERR,ERR,ERR,ERR,ERR,ERR,ERR,ERR,ERR,ERR,ERR,ERR,ERR,ERR,ERR,ERR,ERR,ERR,ERR,ERR,ERR,ERR,ERR,ERR,ERR,0.0,-107615288.0,-0.0,0.0,0.0,1.3936040501711995e+18,7.805,0.0,0,0,4,0,8422,0.0,45,0.0,0.0,0.0,0.0,0.0,0,0,0,0,0.0,0,0,0,0,0,0,0,0,0,0,0,0,0,0,0,0,0,0,0,0,0,0,0,0,0,0,0,0,0,0,0,0,0,38,14,7,45,65476,0,300,0,0,8,21553,0.0,-107605600.0,0.0,0.0,0.0,0.0,0.0,0.0,0.0,0.0,0.0,0.0,0.0,0.0,0.0,0.0,0.0,0.0,0.0,0.0,0.0,0.0,0.0,-2.004,-0.0,0.0,0.0,0.0,0.0,0.0,5070.0,-2.004,0.0,0.0,-107615288.0,0.0,-0.0,0.0,0.0,0.0,0.0,53,1.9056979486756045e+17,0.0,0.0,0.0,0.0,0.0,0.0,0.0,0.0,0,0,0,0.0,0.0,0.0,0.0,0.0,0.0,0.0,0.0,0.0,0.0,0.0,0.0,0.0,0.0,0.0,0.0,0,-107875648.0,53,0.0,106,-107614832.0,-107350944.0,ERR,ERR,ERR,ERR,ERR,ERR,ERR,ERR,ERR,ERR,ERR,ERR,ERR,ERR,ERR,ERR,ERR,ERR,ERR,ERR,ERR,ERR,ERR,ERR,ERR,ERR,ERR,ERR,ERR,ERR,ERR,ERR,ERR,ERR,ERR,ERR,ERR,ERR,ERR,ERR,ERR,ERR,ERR,ERR,ERR,ERR,ERR,ERR,ERR,ERR,ERR,ERR,ERR,ERR,ERR,ERR,ERR,ERR,ERR,ERR,ERR,ERR,ERR,ERR,ERR,ERR,ERR,50.0,60.0,100,0.0,0.0,0.0,0.0,0.0,0.0,0.0,0.0,0.0,0.0,0.0,0.0,0.0,0.0,0.0,0.0,62.0,65,20,65521,50,65476,0,300,0,0,8,20529,65476,0,0,26214,60.0,0.0,0.0,0.0,0.0,0.0
2026-05-17T16:24:32,ERR,ERR,ERR,ERR,ERR,ERR,ERR,ERR,ERR,ERR,ERR,ERR,ERR,ERR,ERR,ERR,ERR,ERR,ERR,ERR,ERR,ERR,ERR,ERR,ERR,ERR,ERR,ERR,ERR,ERR,ERR,ERR,ERR,ERR,ERR,ERR,ERR,ERR,ERR,ERR,ERR,ERR,ERR,ERR,ERR,ERR,ERR,ERR,ERR,ERR,ERR,ERR,ERR,ERR,ERR,ERR,ERR,ERR,ERR,ERR,ERR,ERR,ERR,ERR,ERR,ERR,ERR,ERR,ERR,ERR,ERR,ERR,ERR,ERR,ERR,ERR,ERR,ERR,ERR,ERR,ERR,ERR,ERR,ERR,ERR,ERR,ERR,ERR,ERR,ERR,ERR,ERR,ERR,ERR,ERR,ERR,ERR,ERR,ERR,ERR,ERR,ERR,ERR,ERR,ERR,ERR,ERR,ERR,ERR,ERR,ERR,ERR,ERR,ERR,ERR,ERR,ERR,ERR,ERR,ERR,ERR,ERR,ERR,ERR,ERR,0.0,-107615288.0,-0.0,0.0,0.0,1.3936040501711995e+18,7.805,0.0,0,0,4,0,8422,0.0,45,0.0,0.0,0.0,0.0,0.0,0,0,0,0,0.0,0,0,0,0,0,0,0,0,0,0,0,0,0,0,0,0,0,0,0,0,0,0,0,0,0,0,0,0,0,0,0,0,0,38,14,7,45,65476,0,300,0,0,8,21553,0.0,-107605600.0,0.0,0.0,0.0,0.0,0.0,0.0,0.0,0.0,0.0,0.0,0.0,0.0,0.0,0.0,0.0,0.0,0.0,0.0,0.0,0.0,0.0,-2.004,-0.0,0.0,0.0,0.0,0.0,0.0,5069.0,-0.0,0.0,0.0,-107615288.0,0.0,-0.0,0.0,0.0,0.0,0.0,53,2.3088403658719416e+20,0.0,0.0,0.0,0.0,0.0,0.0,0.0,0.0,0,0,0,0.0,0.0,0.0,0.0,0.0,0.0,0.0,0.0,0.0,0.0,0.0,0.0,0.0,0.0,0.0,0.0,0,-107875648.0,53,0.0,106,-107614832.0,-107350944.0,ERR,ERR,ERR,ERR,ERR,ERR,ERR,ERR,ERR,ERR,ERR,ERR,ERR,ERR,ERR,ERR,ERR,ERR,ERR,ERR,ERR,ERR,ERR,ERR,ERR,ERR,ERR,ERR,ERR,ERR,ERR,ERR,ERR,ERR,ERR,ERR,ERR,ERR,ERR,ERR,ERR,ERR,ERR,ERR,ERR,ERR,ERR,ERR,ERR,ERR,ERR,ERR,ERR,ERR,ERR,ERR,ERR,ERR,ERR,ERR,ERR,ERR,ERR,ERR,ERR,ERR,ERR,50.0,60.0,100,0.0,0.0,0.0,0.0,0.0,0.0,0.0,0.0,0.0,0.0,0.0,0.0,0.0,0.0,0.0,0.0,62.0,65,20,65521,50,65476,0,300,0,0,8,20529,65476,0,0,26214,60.0,0.0,0.0,0.0,0.0,0.0
2026-05-17T16:24:33,ERR,ERR,ERR,ERR,ERR,ERR,ERR,ERR,ERR,ERR,ERR,ERR,ERR,ERR,ERR,ERR,ERR,ERR,ERR,ERR,ERR,ERR,ERR,ERR,ERR,ERR,ERR,ERR,ERR,ERR,ERR,ERR,ERR,ERR,ERR,ERR,ERR,ERR,ERR,ERR,ERR,ERR,ERR,ERR,ERR,ERR,ERR,ERR,ERR,ERR,ERR,ERR,ERR,ERR,ERR,ERR,ERR,ERR,ERR,ERR,ERR,ERR,ERR,ERR,ERR,ERR,ERR,ERR,ERR,ERR,ERR,ERR,ERR,ERR,ERR,ERR,ERR,ERR,ERR,ERR,ERR,ERR,ERR,ERR,ERR,ERR,ERR,ERR,ERR,ERR,ERR,ERR,ERR,ERR,ERR,ERR,ERR,ERR,ERR,ERR,ERR,ERR,ERR,ERR,ERR,ERR,ERR,ERR,ERR,ERR,ERR,ERR,ERR,ERR,ERR,ERR,ERR,ERR,ERR,ERR,ERR,ERR,ERR,ERR,ERR,0.0,-107615288.0,-0.0,0.0,0.0,1.3936040501711995e+18,7.805,0.0,0,0,4,0,8422,0.0,45,0.0,0.0,0.0,0.0,0.0,0,0,0,0,0.0,0,0,0,0,0,0,0,0,0,0,0,0,0,0,0,0,0,0,0,0,0,0,0,0,0,0,0,0,0,0,0,0,0,38,14,7,45,65476,0,300,0,0,8,21553,0.0,-107605600.0,0.0,0.0,0.0,0.0,0.0,0.0,0.0,0.0,0.0,0.0,0.0,0.0,0.0,0.0,0.0,0.0,0.0,0.0,0.0,0.0,0.0,-2.004,-0.0,0.0,0.0,0.0,0.0,0.0,5069.0,-0.0,0.0,0.0,-107615288.0,0.0,-0.0,0.0,0.0,0.0,0.0,53,2.3088403658719416e+20,0.0,0.0,0.0,0.0,0.0,0.0,0.0,0.0,0,0,0,0.0,0.0,0.0,0.0,0.0,0.0,0.0,0.0,0.0,0.0,0.0,0.0,0.0,0.0,0.0,0.0,0,-107875648.0,53,0.0,106,-107614832.0,-107350944.0,ERR,ERR,ERR,ERR,ERR,ERR,ERR,ERR,ERR,ERR,ERR,ERR,ERR,ERR,ERR,ERR,ERR,ERR,ERR,ERR,ERR,ERR,ERR,ERR,ERR,ERR,ERR,ERR,ERR,ERR,ERR,ERR,ERR,ERR,ERR,ERR,ERR,ERR,ERR,ERR,ERR,ERR,ERR,ERR,ERR,ERR,ERR,ERR,ERR,ERR,ERR,ERR,ERR,ERR,ERR,ERR,ERR,ERR,ERR,ERR,ERR,ERR,ERR,ERR,ERR,ERR,ERR,50.0,60.0,100,0.0,0.0,0.0,0.0,0.0,0.0,0.0,0.0,0.0,0.0,0.0,0.0,0.0,0.0,0.0,0.0,62.0,65,20,65521,50,65476,0,300,0,0,8,20529,65476,0,0,26214,60.0,0.0,0.0,0.0,0.0,0.0
2026-05-17T16:24:34,ERR,ERR,ERR,ERR,ERR,ERR,ERR,ERR,ERR,ERR,ERR,ERR,ERR,ERR,ERR,ERR,ERR,ERR,ERR,ERR,ERR,ERR,ERR,ERR,ERR,ERR,ERR,ERR,ERR,ERR,ERR,ERR,ERR,ERR,ERR,ERR,ERR,ERR,ERR,ERR,ERR,ERR,ERR,ERR,ERR,ERR,ERR,ERR,ERR,ERR,ERR,ERR,ERR,ERR,ERR,ERR,ERR,ERR,ERR,ERR,ERR,ERR,ERR,ERR,ERR,ERR,ERR,ERR,ERR,ERR,ERR,ERR,ERR,ERR,ERR,ERR,ERR,ERR,ERR,ERR,ERR,ERR,ERR,ERR,ERR,ERR,ERR,ERR,ERR,ERR,ERR,ERR,ERR,ERR,ERR,ERR,ERR,ERR,ERR,ERR,ERR,ERR,ERR,ERR,ERR,ERR,ERR,ERR,ERR,ERR,ERR,ERR,ERR,ERR,ERR,ERR,ERR,ERR,ERR,ERR,ERR,ERR,ERR,ERR,ERR,0.0,-107615288.0,-0.0,0.0,0.0,1.3936040501711995e+18,7.805,0.0,0,0,4,0,8422,0.0,45,0.0,0.0,0.0,0.0,0.0,0,0,0,0,0.0,0,0,0,0,0,0,0,0,0,0,0,0,0,0,0,0,0,0,0,0,0,0,0,0,0,0,0,0,0,0,0,0,0,38,14,7,45,65476,0,300,0,0,8,21553,0.0,-107605600.0,0.0,0.0,0.0,0.0,0.0,0.0,0.0,0.0,0.0,0.0,0.0,0.0,0.0,0.0,0.0,0.0,0.0,0.0,0.0,0.0,0.0,-2.004,-0.0,0.0,0.0,0.0,0.0,0.0,5069.0,-0.0,0.0,0.0,-107615288.0,0.0,-0.0,0.0,0.0,0.0,0.0,53,2.3088403658719416e+20,0.0,0.0,0.0,0.0,0.0,0.0,0.0,0.0,0,0,0,0.0,0.0,0.0,0.0,0.0,0.0,0.0,0.0,0.0,0.0,0.0,0.0,0.0,0.0,0.0,0.0,0,-107875648.0,53,0.0,106,-107614832.0,-107350944.0,ERR,ERR,ERR,ERR,ERR,ERR,ERR,ERR,ERR,ERR,ERR,ERR,ERR,ERR,ERR,ERR,ERR,ERR,ERR,ERR,ERR,ERR,ERR,ERR,ERR,ERR,ERR,ERR,ERR,ERR,ERR,ERR,ERR,ERR,ERR,ERR,ERR,ERR,ERR,ERR,ERR,ERR,ERR,ERR,ERR,ERR,ERR,ERR,ERR,ERR,ERR,ERR,ERR,ERR,ERR,ERR,ERR,ERR,ERR,ERR,ERR,ERR,ERR,ERR,ERR,ERR,ERR,50.0,60.0,100,0.0,0.0,0.0,0.0,0.0,0.0,0.0,0.0,0.0,0.0,0.0,0.0,0.0,0.0,0.0,0.0,62.0,65,20,65521,50,65476,0,300,0,0,8,20529,65476,0,0,26214,60.0,0.0,0.0,0.0,0.0,0.0
2026-05-17T16:24:35,ERR,ERR,ERR,ERR,ERR,ERR,ERR,ERR,ERR,ERR,ERR,ERR,ERR,ERR,ERR,ERR,ERR,ERR,ERR,ERR,ERR,ERR,ERR,ERR,ERR,ERR,ERR,ERR,ERR,ERR,ERR,ERR,ERR,ERR,ERR,ERR,ERR,ERR,ERR,ERR,ERR,ERR,ERR,ERR,ERR,ERR,ERR,ERR,ERR,ERR,ERR,ERR,ERR,ERR,ERR,ERR,ERR,ERR,ERR,ERR,ERR,ERR,ERR,ERR,ERR,ERR,ERR,ERR,ERR,ERR,ERR,ERR,ERR,ERR,ERR,ERR,ERR,ERR,ERR,ERR,ERR,ERR,ERR,ERR,ERR,ERR,ERR,ERR,ERR,ERR,ERR,ERR,ERR,ERR,ERR,ERR,ERR,ERR,ERR,ERR,ERR,ERR,ERR,ERR,ERR,ERR,ERR,ERR,ERR,ERR,ERR,ERR,ERR,ERR,ERR,ERR,ERR,ERR,ERR,ERR,ERR,ERR,ERR,ERR,ERR,0.0,-107615288.0,-0.0,0.0,0.0,1.3936040501711995e+18,7.805,0.0,0,0,4,0,8422,0.0,45,0.0,0.0,0.0,0.0,0.0,0,0,0,0,0.0,0,0,0,0,0,0,0,0,0,0,0,0,0,0,0,0,0,0,0,0,0,0,0,0,0,0,0,0,0,0,0,0,0,38,14,7,45,65476,0,300,0,0,8,21553,0.0,-107605600.0,0.0,0.0,0.0,0.0,0.0,0.0,0.0,0.0,0.0,0.0,0.0,0.0,0.0,0.0,0.0,0.0,0.0,0.0,0.0,0.0,0.0,-2.004,-0.0,0.0,0.0,0.0,0.0,0.0,5069.0,-0.0,0.0,0.0,-107615288.0,0.0,-0.0,0.0,0.0,0.0,0.0,53,2.3088403658719416e+20,0.0,0.0,0.0,0.0,0.0,0.0,0.0,0.0,0,0,0,0.0,0.0,0.0,0.0,0.0,0.0,0.0,0.0,0.0,0.0,0.0,0.0,0.0,0.0,0.0,0.0,0,-107875648.0,53,0.0,106,-107614832.0,-107350944.0,ERR,ERR,ERR,ERR,ERR,ERR,ERR,ERR,ERR,ERR,ERR,ERR,ERR,ERR,ERR,ERR,ERR,ERR,ERR,ERR,ERR,ERR,ERR,ERR,ERR,ERR,ERR,ERR,ERR,ERR,ERR,ERR,ERR,ERR,ERR,ERR,ERR,ERR,ERR,ERR,ERR,ERR,ERR,ERR,ERR,ERR,ERR,ERR,ERR,ERR,ERR,ERR,ERR,ERR,ERR,ERR,ERR,ERR,ERR,ERR,ERR,ERR,ERR,ERR,ERR,ERR,ERR,50.0,60.0,100,0.0,0.0,0.0,0.0,0.0,0.0,0.0,0.0,0.0,0.0,0.0,0.0,0.0,0.0,0.0,0.0,61.6,65,20,65521,50,65476,0,300,0,0,8,20529,65476,0,0,26214,60.0,0.0,0.0,0.0,0.0,0.0
2026-05-17T16:24:36,ERR,ERR,ERR,ERR,ERR,ERR,ERR,ERR,ERR,ERR,ERR,ERR,ERR,ERR,ERR,ERR,ERR,ERR,ERR,ERR,ERR,ERR,ERR,ERR,ERR,ERR,ERR,ERR,ERR,ERR,ERR,ERR,ERR,ERR,ERR,ERR,ERR,ERR,ERR,ERR,ERR,ERR,ERR,ERR,ERR,ERR,ERR,ERR,ERR,ERR,ERR,ERR,ERR,ERR,ERR,ERR,ERR,ERR,ERR,ERR,ERR,ERR,ERR,ERR,ERR,ERR,ERR,ERR,ERR,ERR,ERR,ERR,ERR,ERR,ERR,ERR,ERR,ERR,ERR,ERR,ERR,ERR,ERR,ERR,ERR,ERR,ERR,ERR,ERR,ERR,ERR,ERR,ERR,ERR,ERR,ERR,ERR,ERR,ERR,ERR,ERR,ERR,ERR,ERR,ERR,ERR,ERR,ERR,ERR,ERR,ERR,ERR,ERR,ERR,ERR,ERR,ERR,ERR,ERR,ERR,ERR,ERR,ERR,ERR,ERR,0.0,-107615288.0,-0.0,0.0,0.0,1.3936040501711995e+18,7.805,0.0,0,0,4,0,8422,0.0,45,0.0,0.0,0.0,0.0,0.0,0,0,0,0,0.0,0,0,0,0,0,0,0,0,0,0,0,0,0,0,0,0,0,0,0,0,0,0,0,0,0,0,0,0,0,0,0,0,0,38,14,7,45,65476,0,300,0,0,8,21553,0.0,-107605600.0,0.0,0.0,0.0,0.0,0.0,0.0,0.0,0.0,0.0,0.0,0.0,0.0,0.0,0.0,0.0,0.0,0.0,0.0,0.0,0.0,0.0,-2.004,-0.0,0.0,0.0,0.0,0.0,0.0,5069.0,-0.0,0.0,0.0,-107615288.0,0.0,-0.0,0.0,0.0,0.0,0.0,53,2.3088403658719416e+20,0.0,0.0,0.0,0.0,0.0,0.0,0.0,0.0,0,0,0,0.0,0.0,0.0,0.0,0.0,0.0,0.0,0.0,0.0,0.0,0.0,0.0,0.0,0.0,0.0,0.0,0,-107875648.0,53,0.0,106,-107614832.0,-107350944.0,ERR,ERR,ERR,ERR,ERR,ERR,ERR,ERR,ERR,ERR,ERR,ERR,ERR,ERR,ERR,ERR,ERR,ERR,ERR,ERR,ERR,ERR,ERR,ERR,ERR,ERR,ERR,ERR,ERR,ERR,ERR,ERR,ERR,ERR,ERR,ERR,ERR,ERR,ERR,ERR,ERR,ERR,ERR,ERR,ERR,ERR,ERR,ERR,ERR,ERR,ERR,ERR,ERR,ERR,ERR,ERR,ERR,ERR,ERR,ERR,ERR,ERR,ERR,ERR,ERR,ERR,ERR,50.0,60.0,100,0.0,0.0,0.0,0.0,0.0,0.0,0.0,0.0,0.0,0.0,0.0,0.0,0.0,0.0,0.0,0.0,61.6,65,20,65521,50,65476,0,300,0,0,8,20529,65476,0,0,26214,60.0,0.0,0.0,0.0,0.0,0.0
2026-05-17T16:24:37,ERR,ERR,ERR,ERR,ERR,ERR,ERR,ERR,ERR,ERR,ERR,ERR,ERR,ERR,ERR,ERR,ERR,ERR,ERR,ERR,ERR,ERR,ERR,ERR,ERR,ERR,ERR,ERR,ERR,ERR,ERR,ERR,ERR,ERR,ERR,ERR,ERR,ERR,ERR,ERR,ERR,ERR,ERR,ERR,ERR,ERR,ERR,ERR,ERR,ERR,ERR,ERR,ERR,ERR,ERR,ERR,ERR,ERR,ERR,ERR,ERR,ERR,ERR,ERR,ERR,ERR,ERR,ERR,ERR,ERR,ERR,ERR,ERR,ERR,ERR,ERR,ERR,ERR,ERR,ERR,ERR,ERR,ERR,ERR,ERR,ERR,ERR,ERR,ERR,ERR,ERR,ERR,ERR,ERR,ERR,ERR,ERR,ERR,ERR,ERR,ERR,ERR,ERR,ERR,ERR,ERR,ERR,ERR,ERR,ERR,ERR,ERR,ERR,ERR,ERR,ERR,ERR,ERR,ERR,ERR,ERR,ERR,ERR,ERR,ERR,0.0,-107615288.0,-0.0,0.0,0.0,1.3936040501711995e+18,7.805,0.0,0,0,4,0,8422,0.0,45,0.0,0.0,0.0,0.0,0.0,0,0,0,0,0.0,0,0,0,0,0,0,0,0,0,0,0,0,0,0,0,0,0,0,0,0,0,0,0,0,0,0,0,0,0,0,0,0,0,38,14,7,45,65476,0,300,0,0,8,21553,0.0,-107605600.0,0.0,0.0,0.0,0.0,0.0,0.0,0.0,0.0,0.0,0.0,0.0,0.0,0.0,0.0,0.0,0.0,0.0,0.0,0.0,0.0,0.0,-2.004,-0.0,0.0,0.0,0.0,0.0,0.0,5068.0,-1.04066562844498e+34,0.0,0.0,-107615288.0,0.0,-0.0,0.0,0.0,0.0,0.0,53,2.3088403658719416e+20,5.848056871581829e+35,0.0,0.0,0.0,0.0,0.0,0.0,0.0,0,0,0,0.0,0.0,0.0,0.0,0.0,0.0,0.0,0.0,0.0,0.0,0.0,0.0,0.0,0.0,0.0,0.0,0,-107875648.0,53,0.0,106,-107614832.0,-107350944.0,ERR,ERR,ERR,ERR,ERR,ERR,ERR,ERR,ERR,ERR,ERR,ERR,ERR,ERR,ERR,ERR,ERR,ERR,ERR,ERR,ERR,ERR,ERR,ERR,ERR,ERR,ERR,ERR,ERR,ERR,ERR,ERR,ERR,ERR,ERR,ERR,ERR,ERR,ERR,ERR,ERR,ERR,ERR,ERR,ERR,ERR,ERR,ERR,ERR,ERR,ERR,ERR,ERR,ERR,ERR,ERR,ERR,ERR,ERR,ERR,ERR,ERR,ERR,ERR,ERR,ERR,ERR,50.0,60.0,100,0.0,0.0,0.0,0.0,0.0,0.0,0.0,0.0,0.0,0.0,0.0,0.0,0.0,0.0,0.0,0.0,61.6,65,20,65521,50,65476,0,300,0,0,8,20529,65476,0,0,26214,60.0,0.0,0.0,0.0,0.0,0.0
2026-05-17T16:24:38,ERR,ERR,ERR,ERR,ERR,ERR,ERR,ERR,ERR,ERR,ERR,ERR,ERR,ERR,ERR,ERR,ERR,ERR,ERR,ERR,ERR,ERR,ERR,ERR,ERR,ERR,ERR,ERR,ERR,ERR,ERR,ERR,ERR,ERR,ERR,ERR,ERR,ERR,ERR,ERR,ERR,ERR,ERR,ERR,ERR,ERR,ERR,ERR,ERR,ERR,ERR,ERR,ERR,ERR,ERR,ERR,ERR,ERR,ERR,ERR,ERR,ERR,ERR,ERR,ERR,ERR,ERR,ERR,ERR,ERR,ERR,ERR,ERR,ERR,ERR,ERR,ERR,ERR,ERR,ERR,ERR,ERR,ERR,ERR,ERR,ERR,ERR,ERR,ERR,ERR,ERR,ERR,ERR,ERR,ERR,ERR,ERR,ERR,ERR,ERR,ERR,ERR,ERR,ERR,ERR,ERR,ERR,ERR,ERR,ERR,ERR,ERR,ERR,ERR,ERR,ERR,ERR,ERR,ERR,ERR,ERR,ERR,ERR,ERR,ERR,0.0,-107615288.0,-0.0,0.0,0.0,1.3936040501711995e+18,7.805,0.0,0,0,4,0,8422,0.0,45,0.0,0.0,0.0,0.0,0.0,0,0,0,0,0.0,0,0,0,0,0,0,0,0,0,0,0,0,0,0,0,0,0,0,0,0,0,0,0,0,0,0,0,0,0,0,0,0,0,38,14,7,45,65476,0,300,0,0,8,21553,0.0,-107605600.0,0.0,0.0,0.0,0.0,0.0,0.0,0.0,0.0,0.0,0.0,0.0,0.0,0.0,0.0,0.0,0.0,0.0,0.0,0.0,0.0,0.0,-2.004,-0.0,0.0,0.0,0.0,0.0,0.0,5068.0,-1.04066562844498e+34,0.0,0.0,-107615288.0,0.0,-0.0,0.0,0.0,0.0,0.0,53,2.3088403658719416e+20,5.848056871581829e+35,0.0,0.0,0.0,0.0,0.0,0.0,0.0,0,0,0,0.0,0.0,0.0,0.0,0.0,0.0,0.0,0.0,0.0,0.0,0.0,0.0,0.0,0.0,0.0,0.0,0,-107875648.0,53,0.0,106,-107614832.0,-107350944.0,ERR,ERR,ERR,ERR,ERR,ERR,ERR,ERR,ERR,ERR,ERR,ERR,ERR,ERR,ERR,ERR,ERR,ERR,ERR,ERR,ERR,ERR,ERR,ERR,ERR,ERR,ERR,ERR,ERR,ERR,ERR,ERR,ERR,ERR,ERR,ERR,ERR,ERR,ERR,ERR,ERR,ERR,ERR,ERR,ERR,ERR,ERR,ERR,ERR,ERR,ERR,ERR,ERR,ERR,ERR,ERR,ERR,ERR,ERR,ERR,ERR,ERR,ERR,ERR,ERR,ERR,ERR,50.0,60.0,100,0.0,0.0,0.0,0.0,0.0,0.0,0.0,0.0,0.0,0.0,0.0,0.0,0.0,0.0,0.0,0.0,62.0,65,20,65521,50,65476,0,300,0,0,8,20529,65476,0,0,26214,60.0,0.0,0.0,0.0,0.0,0.0
2026-05-17T16:24:39,ERR,ERR,ERR,ERR,ERR,ERR,ERR,ERR,ERR,ERR,ERR,ERR,ERR,ERR,ERR,ERR,ERR,ERR,ERR,ERR,ERR,ERR,ERR,ERR,ERR,ERR,ERR,ERR,ERR,ERR,ERR,ERR,ERR,ERR,ERR,ERR,ERR,ERR,ERR,ERR,ERR,ERR,ERR,ERR,ERR,ERR,ERR,ERR,ERR,ERR,ERR,ERR,ERR,ERR,ERR,ERR,ERR,ERR,ERR,ERR,ERR,ERR,ERR,ERR,ERR,ERR,ERR,ERR,ERR,ERR,ERR,ERR,ERR,ERR,ERR,ERR,ERR,ERR,ERR,ERR,ERR,ERR,ERR,ERR,ERR,ERR,ERR,ERR,ERR,ERR,ERR,ERR,ERR,ERR,ERR,ERR,ERR,ERR,ERR,ERR,ERR,ERR,ERR,ERR,ERR,ERR,ERR,ERR,ERR,ERR,ERR,ERR,ERR,ERR,ERR,ERR,ERR,ERR,ERR,ERR,ERR,ERR,ERR,ERR,ERR,0.0,-107615288.0,-0.0,0.0,0.0,1.3936040501711995e+18,7.805,0.0,0,0,4,0,8422,0.0,45,0.0,0.0,0.0,0.0,0.0,0,0,0,0,0.0,0,0,0,0,0,0,0,0,0,0,0,0,0,0,0,0,0,0,0,0,0,0,0,0,0,0,0,0,0,0,0,0,0,38,14,7,45,65476,0,300,0,0,8,21553,0.0,-107605600.0,0.0,0.0,0.0,0.0,0.0,0.0,0.0,0.0,0.0,0.0,0.0,0.0,0.0,0.0,0.0,0.0,0.0,0.0,0.0,0.0,0.0,-2.004,-0.0,0.0,0.0,0.0,0.0,0.0,5068.0,-1.04066562844498e+34,0.0,0.0,-107615288.0,0.0,-0.0,0.0,0.0,0.0,0.0,53,2.3088403658719416e+20,5.848056871581829e+35,0.0,0.0,0.0,0.0,0.0,0.0,0.0,0,0,0,0.0,0.0,0.0,0.0,0.0,0.0,0.0,0.0,0.0,0.0,0.0,0.0,0.0,0.0,0.0,0.0,0,-107875648.0,53,0.0,106,-107614832.0,-107350944.0,ERR,ERR,ERR,ERR,ERR,ERR,ERR,ERR,ERR,ERR,ERR,ERR,ERR,ERR,ERR,ERR,ERR,ERR,ERR,ERR,ERR,ERR,ERR,ERR,ERR,ERR,ERR,ERR,ERR,ERR,ERR,ERR,ERR,ERR,ERR,ERR,ERR,ERR,ERR,ERR,ERR,ERR,ERR,ERR,ERR,ERR,ERR,ERR,ERR,ERR,ERR,ERR,ERR,ERR,ERR,ERR,ERR,ERR,ERR,ERR,ERR,ERR,ERR,ERR,ERR,ERR,ERR,50.0,60.0,100,0.0,0.0,0.0,0.0,0.0,0.0,0.0,0.0,0.0,0.0,0.0,0.0,0.0,0.0,0.0,0.0,62.0,65,20,65521,50,65476,0,300,0,0,8,20529,65476,0,0,26214,60.0,0.0,0.0,0.0,0.0,0.0
2026-05-17T16:24:40,ERR,ERR,ERR,ERR,ERR,ERR,ERR,ERR,ERR,ERR,ERR,ERR,ERR,ERR,ERR,ERR,ERR,ERR,ERR,ERR,ERR,ERR,ERR,ERR,ERR,ERR,ERR,ERR,ERR,ERR,ERR,ERR,ERR,ERR,ERR,ERR,ERR,ERR,ERR,ERR,ERR,ERR,ERR,ERR,ERR,ERR,ERR,ERR,ERR,ERR,ERR,ERR,ERR,ERR,ERR,ERR,ERR,ERR,ERR,ERR,ERR,ERR,ERR,ERR,ERR,ERR,ERR,ERR,ERR,ERR,ERR,ERR,ERR,ERR,ERR,ERR,ERR,ERR,ERR,ERR,ERR,ERR,ERR,ERR,ERR,ERR,ERR,ERR,ERR,ERR,ERR,ERR,ERR,ERR,ERR,ERR,ERR,ERR,ERR,ERR,ERR,ERR,ERR,ERR,ERR,ERR,ERR,ERR,ERR,ERR,ERR,ERR,ERR,ERR,ERR,ERR,ERR,ERR,ERR,ERR,ERR,ERR,ERR,ERR,ERR,0.0,-107615288.0,-0.0,0.0,0.0,1.3936040501711995e+18,7.805,0.0,0,0,4,0,8422,0.0,45,0.0,0.0,0.0,0.0,0.0,0,0,0,0,0.0,0,0,0,0,0,0,0,0,0,0,0,0,0,0,0,0,0,0,0,0,0,0,0,0,0,0,0,0,0,0,0,0,0,38,14,7,45,65476,0,300,0,0,8,21553,0.0,-107605600.0,0.0,0.0,0.0,0.0,0.0,0.0,0.0,0.0,0.0,0.0,0.0,0.0,0.0,0.0,0.0,0.0,0.0,0.0,0.0,0.0,0.0,-2.004,-0.0,0.0,0.0,0.0,0.0,0.0,5068.0,-1.04066562844498e+34,0.0,0.0,-107615288.0,0.0,-0.0,0.0,0.0,0.0,0.0,53,2.3088403658719416e+20,5.848056871581829e+35,0.0,0.0,0.0,0.0,0.0,0.0,0.0,0,0,0,0.0,0.0,0.0,0.0,0.0,0.0,0.0,0.0,0.0,0.0,0.0,0.0,0.0,0.0,0.0,0.0,0,-107875648.0,53,0.0,106,-107614832.0,-107350944.0,ERR,ERR,ERR,ERR,ERR,ERR,ERR,ERR,ERR,ERR,ERR,ERR,ERR,ERR,ERR,ERR,ERR,ERR,ERR,ERR,ERR,ERR,ERR,ERR,ERR,ERR,ERR,ERR,ERR,ERR,ERR,ERR,ERR,ERR,ERR,ERR,ERR,ERR,ERR,ERR,ERR,ERR,ERR,ERR,ERR,ERR,ERR,ERR,ERR,ERR,ERR,ERR,ERR,ERR,ERR,ERR,ERR,ERR,ERR,ERR,ERR,ERR,ERR,ERR,ERR,ERR,ERR,50.0,60.0,100,0.0,0.0,0.0,0.0,0.0,0.0,0.0,0.0,0.0,0.0,0.0,0.0,0.0,0.0,0.0,0.0,61.6,65,20,65521,50,65476,0,300,0,0,8,20529,65476,0,0,26214,60.0,0.0,0.0,0.0,0.0,0.0
2026-05-17T16:24:41,ERR,ERR,ERR,ERR,ERR,ERR,ERR,ERR,ERR,ERR,ERR,ERR,ERR,ERR,ERR,ERR,ERR,ERR,ERR,ERR,ERR,ERR,ERR,ERR,ERR,ERR,ERR,ERR,ERR,ERR,ERR,ERR,ERR,ERR,ERR,ERR,ERR,ERR,ERR,ERR,ERR,ERR,ERR,ERR,ERR,ERR,ERR,ERR,ERR,ERR,ERR,ERR,ERR,ERR,ERR,ERR,ERR,ERR,ERR,ERR,ERR,ERR,ERR,ERR,ERR,ERR,ERR,ERR,ERR,ERR,ERR,ERR,ERR,ERR,ERR,ERR,ERR,ERR,ERR,ERR,ERR,ERR,ERR,ERR,ERR,ERR,ERR,ERR,ERR,ERR,ERR,ERR,ERR,ERR,ERR,ERR,ERR,ERR,ERR,ERR,ERR,ERR,ERR,ERR,ERR,ERR,ERR,ERR,ERR,ERR,ERR,ERR,ERR,ERR,ERR,ERR,ERR,ERR,ERR,ERR,ERR,ERR,ERR,ERR,ERR,0.0,-107615288.0,-0.0,0.0,0.0,1.3936040501711995e+18,7.805,0.0,0,0,4,0,8422,0.0,45,0.0,0.0,0.0,0.0,0.0,0,0,0,0,0.0,0,0,0,0,0,0,0,0,0,0,0,0,0,0,0,0,0,0,0,0,0,0,0,0,0,0,0,0,0,0,0,0,0,38,14,7,45,65476,0,300,0,0,8,21553,0.0,-107605600.0,0.0,0.0,0.0,0.0,0.0,0.0,0.0,0.0,0.0,0.0,0.0,0.0,0.0,0.0,0.0,0.0,0.0,0.0,0.0,0.0,0.0,-2.004,-0.0,0.0,0.0,0.0,0.0,0.0,5068.0,-1.04066562844498e+34,0.0,0.0,-107615288.0,0.0,-0.0,0.0,0.0,0.0,0.0,53,2.3088403658719416e+20,5.848056871581829e+35,0.0,0.0,0.0,0.0,0.0,0.0,0.0,0,0,0,0.0,0.0,0.0,0.0,0.0,0.0,0.0,0.0,0.0,0.0,0.0,0.0,0.0,0.0,0.0,0.0,0,-107875648.0,53,0.0,106,-107614832.0,-107350944.0,ERR,ERR,ERR,ERR,ERR,ERR,ERR,ERR,ERR,ERR,ERR,ERR,ERR,ERR,ERR,ERR,ERR,ERR,ERR,ERR,ERR,ERR,ERR,ERR,ERR,ERR,ERR,ERR,ERR,ERR,ERR,ERR,ERR,ERR,ERR,ERR,ERR,ERR,ERR,ERR,ERR,ERR,ERR,ERR,ERR,ERR,ERR,ERR,ERR,ERR,ERR,ERR,ERR,ERR,ERR,ERR,ERR,ERR,ERR,ERR,ERR,ERR,ERR,ERR,ERR,ERR,ERR,50.0,60.0,100,0.0,0.0,0.0,0.0,0.0,0.0,0.0,0.0,0.0,0.0,0.0,0.0,0.0,0.0,0.0,0.0,61.6,65,20,65521,50,65476,0,300,0,0,8,20529,65476,0,0,26214,60.0,0.0,0.0,0.0,0.0,0.0
2026-05-17T16:24:42,ERR,ERR,ERR,ERR,ERR,ERR,ERR,ERR,ERR,ERR,ERR,ERR,ERR,ERR,ERR,ERR,ERR,ERR,ERR,ERR,ERR,ERR,ERR,ERR,ERR,ERR,ERR,ERR,ERR,ERR,ERR,ERR,ERR,ERR,ERR,ERR,ERR,ERR,ERR,ERR,ERR,ERR,ERR,ERR,ERR,ERR,ERR,ERR,ERR,ERR,ERR,ERR,ERR,ERR,ERR,ERR,ERR,ERR,ERR,ERR,ERR,ERR,ERR,ERR,ERR,ERR,ERR,ERR,ERR,ERR,ERR,ERR,ERR,ERR,ERR,ERR,ERR,ERR,ERR,ERR,ERR,ERR,ERR,ERR,ERR,ERR,ERR,ERR,ERR,ERR,ERR,ERR,ERR,ERR,ERR,ERR,ERR,ERR,ERR,ERR,ERR,ERR,ERR,ERR,ERR,ERR,ERR,ERR,ERR,ERR,ERR,ERR,ERR,ERR,ERR,ERR,ERR,ERR,ERR,ERR,ERR,ERR,ERR,ERR,ERR,0.0,-107615288.0,-0.0,0.0,0.0,1.3936040501711995e+18,7.805,0.0,0,0,4,0,8422,0.0,45,0.0,0.0,0.0,0.0,0.0,0,0,0,0,0.0,0,0,0,0,0,0,0,0,0,0,0,0,0,0,0,0,0,0,0,0,0,0,0,0,0,0,0,0,0,0,0,0,0,38,14,7,45,65476,0,300,0,0,8,21553,0.0,-107605600.0,0.0,0.0,0.0,0.0,0.0,0.0,0.0,0.0,0.0,0.0,0.0,0.0,0.0,0.0,0.0,0.0,0.0,0.0,0.0,0.0,0.0,-2.004,-0.0,0.0,0.0,0.0,0.0,0.0,5105.0,0.0,0.0,0.0,-107615288.0,0.0,-0.0,0.0,0.0,0.0,0.0,53,2.7184300208680915e+23,-0.0,0.0,0.0,0.0,0.0,0.0,0.0,0.0,0,0,0,0.0,0.0,0.0,0.0,0.0,0.0,0.0,0.0,0.0,0.0,0.0,0.0,0.0,0.0,0.0,0.0,0,-107875648.0,53,0.0,106,-107614832.0,-107350944.0,ERR,ERR,ERR,ERR,ERR,ERR,ERR,ERR,ERR,ERR,ERR,ERR,ERR,ERR,ERR,ERR,ERR,ERR,ERR,ERR,ERR,ERR,ERR,ERR,ERR,ERR,ERR,ERR,ERR,ERR,ERR,ERR,ERR,ERR,ERR,ERR,ERR,ERR,ERR,ERR,ERR,ERR,ERR,ERR,ERR,ERR,ERR,ERR,ERR,ERR,ERR,ERR,ERR,ERR,ERR,ERR,ERR,ERR,ERR,ERR,ERR,ERR,ERR,ERR,ERR,ERR,ERR,50.0,60.0,100,0.0,0.0,0.0,0.0,0.0,0.0,0.0,0.0,0.0,0.0,0.0,0.0,0.0,0.0,0.0,0.0,62.0,65,20,65521,50,65476,0,300,0,0,8,20529,65476,0,0,26214,60.0,0.0,0.0,0.0,0.0,0.0
2026-05-17T16:24:43,ERR,ERR,ERR,ERR,ERR,ERR,ERR,ERR,ERR,ERR,ERR,ERR,ERR,ERR,ERR,ERR,ERR,ERR,ERR,ERR,ERR,ERR,ERR,ERR,ERR,ERR,ERR,ERR,ERR,ERR,ERR,ERR,ERR,ERR,ERR,ERR,ERR,ERR,ERR,ERR,ERR,ERR,ERR,ERR,ERR,ERR,ERR,ERR,ERR,ERR,ERR,ERR,ERR,ERR,ERR,ERR,ERR,ERR,ERR,ERR,ERR,ERR,ERR,ERR,ERR,ERR,ERR,ERR,ERR,ERR,ERR,ERR,ERR,ERR,ERR,ERR,ERR,ERR,ERR,ERR,ERR,ERR,ERR,ERR,ERR,ERR,ERR,ERR,ERR,ERR,ERR,ERR,ERR,ERR,ERR,ERR,ERR,ERR,ERR,ERR,ERR,ERR,ERR,ERR,ERR,ERR,ERR,ERR,ERR,ERR,ERR,ERR,ERR,ERR,ERR,ERR,ERR,ERR,ERR,ERR,ERR,ERR,ERR,ERR,ERR,0.0,-107615288.0,-0.0,0.0,0.0,1.3936040501711995e+18,7.805,0.0,0,0,4,0,8422,0.0,45,0.0,0.0,0.0,0.0,0.0,0,0,0,0,0.0,0,0,0,0,0,0,0,0,0,0,0,0,0,0,0,0,0,0,0,0,0,0,0,0,0,0,0,0,0,0,0,0,0,38,14,7,45,65476,0,300,0,0,8,21553,0.0,-107605600.0,0.0,0.0,0.0,0.0,0.0,0.0,0.0,0.0,0.0,0.0,0.0,0.0,0.0,0.0,0.0,0.0,0.0,0.0,0.0,0.0,0.0,-2.004,-0.0,0.0,0.0,0.0,0.0,0.0,5105.0,0.0,0.0,0.0,-107615288.0,0.0,-0.0,0.0,0.0,0.0,0.0,53,2.7184300208680915e+23,-0.0,0.0,0.0,0.0,0.0,0.0,0.0,0.0,0,0,0,0.0,0.0,0.0,0.0,0.0,0.0,0.0,0.0,0.0,0.0,0.0,0.0,0.0,0.0,0.0,0.0,0,-107875648.0,53,0.0,106,-107614832.0,-107350944.0,ERR,ERR,ERR,ERR,ERR,ERR,ERR,ERR,ERR,ERR,ERR,ERR,ERR,ERR,ERR,ERR,ERR,ERR,ERR,ERR,ERR,ERR,ERR,ERR,ERR,ERR,ERR,ERR,ERR,ERR,ERR,ERR,ERR,ERR,ERR,ERR,ERR,ERR,ERR,ERR,ERR,ERR,ERR,ERR,ERR,ERR,ERR,ERR,ERR,ERR,ERR,ERR,ERR,ERR,ERR,ERR,ERR,ERR,ERR,ERR,ERR,ERR,ERR,ERR,ERR,ERR,ERR,50.0,60.0,100,0.0,0.0,0.0,0.0,0.0,0.0,0.0,0.0,0.0,0.0,0.0,0.0,0.0,0.0,0.0,0.0,62.0,65,20,65521,50,65476,0,300,0,0,8,20529,65476,0,0,26214,60.0,0.0,0.0,0.0,0.0,0.0
2026-05-17T16:24:44,ERR,ERR,ERR,ERR,ERR,ERR,ERR,ERR,ERR,ERR,ERR,ERR,ERR,ERR,ERR,ERR,ERR,ERR,ERR,ERR,ERR,ERR,ERR,ERR,ERR,ERR,ERR,ERR,ERR,ERR,ERR,ERR,ERR,ERR,ERR,ERR,ERR,ERR,ERR,ERR,ERR,ERR,ERR,ERR,ERR,ERR,ERR,ERR,ERR,ERR,ERR,ERR,ERR,ERR,ERR,ERR,ERR,ERR,ERR,ERR,ERR,ERR,ERR,ERR,ERR,ERR,ERR,ERR,ERR,ERR,ERR,ERR,ERR,ERR,ERR,ERR,ERR,ERR,ERR,ERR,ERR,ERR,ERR,ERR,ERR,ERR,ERR,ERR,ERR,ERR,ERR,ERR,ERR,ERR,ERR,ERR,ERR,ERR,ERR,ERR,ERR,ERR,ERR,ERR,ERR,ERR,ERR,ERR,ERR,ERR,ERR,ERR,ERR,ERR,ERR,ERR,ERR,ERR,ERR,ERR,ERR,ERR,ERR,ERR,ERR,0.0,-107615288.0,-0.0,0.0,0.0,1.3936040501711995e+18,7.805,0.0,0,0,4,0,8422,0.0,45,0.0,0.0,0.0,0.0,0.0,0,0,0,0,0.0,0,0,0,0,0,0,0,0,0,0,0,0,0,0,0,0,0,0,0,0,0,0,0,0,0,0,0,0,0,0,0,0,0,38,14,7,45,65476,0,300,0,0,8,21553,0.0,-107605600.0,0.0,0.0,0.0,0.0,0.0,0.0,0.0,0.0,0.0,0.0,0.0,0.0,0.0,0.0,0.0,0.0,0.0,0.0,0.0,0.0,0.0,-2.004,-0.0,0.0,0.0,0.0,0.0,0.0,5105.0,0.0,0.0,0.0,-107615288.0,0.0,-0.0,0.0,0.0,0.0,0.0,53,2.7184300208680915e+23,-0.0,0.0,0.0,0.0,0.0,0.0,0.0,0.0,0,0,0,0.0,0.0,0.0,0.0,0.0,0.0,0.0,0.0,0.0,0.0,0.0,0.0,0.0,0.0,0.0,0.0,0,-107875648.0,53,0.0,106,-107614832.0,-107350944.0,ERR,ERR,ERR,ERR,ERR,ERR,ERR,ERR,ERR,ERR,ERR,ERR,ERR,ERR,ERR,ERR,ERR,ERR,ERR,ERR,ERR,ERR,ERR,ERR,ERR,ERR,ERR,ERR,ERR,ERR,ERR,ERR,ERR,ERR,ERR,ERR,ERR,ERR,ERR,ERR,ERR,ERR,ERR,ERR,ERR,ERR,ERR,ERR,ERR,ERR,ERR,ERR,ERR,ERR,ERR,ERR,ERR,ERR,ERR,ERR,ERR,ERR,ERR,ERR,ERR,ERR,ERR,50.0,60.0,100,0.0,0.0,0.0,0.0,0.0,0.0,0.0,0.0,0.0,0.0,0.0,0.0,0.0,0.0,0.0,0.0,61.6,65,20,65521,50,65476,0,300,0,0,8,20529,65476,0,0,26214,60.0,0.0,0.0,0.0,0.0,0.0
2026-05-17T16:24:45,ERR,ERR,ERR,ERR,ERR,ERR,ERR,ERR,ERR,ERR,ERR,ERR,ERR,ERR,ERR,ERR,ERR,ERR,ERR,ERR,ERR,ERR,ERR,ERR,ERR,ERR,ERR,ERR,ERR,ERR,ERR,ERR,ERR,ERR,ERR,ERR,ERR,ERR,ERR,ERR,ERR,ERR,ERR,ERR,ERR,ERR,ERR,ERR,ERR,ERR,ERR,ERR,ERR,ERR,ERR,ERR,ERR,ERR,ERR,ERR,ERR,ERR,ERR,ERR,ERR,ERR,ERR,ERR,ERR,ERR,ERR,ERR,ERR,ERR,ERR,ERR,ERR,ERR,ERR,ERR,ERR,ERR,ERR,ERR,ERR,ERR,ERR,ERR,ERR,ERR,ERR,ERR,ERR,ERR,ERR,ERR,ERR,ERR,ERR,ERR,ERR,ERR,ERR,ERR,ERR,ERR,ERR,ERR,ERR,ERR,ERR,ERR,ERR,ERR,ERR,ERR,ERR,ERR,ERR,ERR,ERR,ERR,ERR,ERR,ERR,0.0,-107615288.0,-0.0,0.0,0.0,1.3936040501711995e+18,7.805,0.0,0,0,4,0,8422,0.0,45,0.0,0.0,0.0,0.0,0.0,0,0,0,0,0.0,0,0,0,0,0,0,0,0,0,0,0,0,0,0,0,0,0,0,0,0,0,0,0,0,0,0,0,0,0,0,0,0,0,38,14,7,45,65476,0,300,0,0,8,21553,0.0,-107605600.0,0.0,0.0,0.0,0.0,0.0,0.0,0.0,0.0,0.0,0.0,0.0,0.0,0.0,0.0,0.0,0.0,0.0,0.0,0.0,0.0,0.0,-2.004,-0.0,0.0,0.0,0.0,0.0,0.0,5105.0,0.0,0.0,0.0,-107615288.0,0.0,-0.0,0.0,0.0,0.0,0.0,53,2.7184300208680915e+23,-0.0,0.0,0.0,0.0,0.0,0.0,0.0,0.0,0,0,0,0.0,0.0,0.0,0.0,0.0,0.0,0.0,0.0,0.0,0.0,0.0,0.0,0.0,0.0,0.0,0.0,0,-107875648.0,53,0.0,106,-107614832.0,-107350944.0,ERR,ERR,ERR,ERR,ERR,ERR,ERR,ERR,ERR,ERR,ERR,ERR,ERR,ERR,ERR,ERR,ERR,ERR,ERR,ERR,ERR,ERR,ERR,ERR,ERR,ERR,ERR,ERR,ERR,ERR,ERR,ERR,ERR,ERR,ERR,ERR,ERR,ERR,ERR,ERR,ERR,ERR,ERR,ERR,ERR,ERR,ERR,ERR,ERR,ERR,ERR,ERR,ERR,ERR,ERR,ERR,ERR,ERR,ERR,ERR,ERR,ERR,ERR,ERR,ERR,ERR,ERR,50.0,60.0,100,0.0,0.0,0.0,0.0,0.0,0.0,0.0,0.0,0.0,0.0,0.0,0.0,0.0,0.0,0.0,0.0,61.6,65,20,65521,50,65476,0,300,0,0,8,20529,65476,0,0,26214,60.0,0.0,0.0,0.0,0.0,0.0
2026-05-17T16:24:46,ERR,ERR,ERR,ERR,ERR,ERR,ERR,ERR,ERR,ERR,ERR,ERR,ERR,ERR,ERR,ERR,ERR,ERR,ERR,ERR,ERR,ERR,ERR,ERR,ERR,ERR,ERR,ERR,ERR,ERR,ERR,ERR,ERR,ERR,ERR,ERR,ERR,ERR,ERR,ERR,ERR,ERR,ERR,ERR,ERR,ERR,ERR,ERR,ERR,ERR,ERR,ERR,ERR,ERR,ERR,ERR,ERR,ERR,ERR,ERR,ERR,ERR,ERR,ERR,ERR,ERR,ERR,ERR,ERR,ERR,ERR,ERR,ERR,ERR,ERR,ERR,ERR,ERR,ERR,ERR,ERR,ERR,ERR,ERR,ERR,ERR,ERR,ERR,ERR,ERR,ERR,ERR,ERR,ERR,ERR,ERR,ERR,ERR,ERR,ERR,ERR,ERR,ERR,ERR,ERR,ERR,ERR,ERR,ERR,ERR,ERR,ERR,ERR,ERR,ERR,ERR,ERR,ERR,ERR,ERR,ERR,ERR,ERR,ERR,ERR,0.0,-107615288.0,-0.0,0.0,0.0,1.3936040501711995e+18,7.805,0.0,0,0,4,0,8422,0.0,45,0.0,0.0,0.0,0.0,0.0,0,0,0,0,0.0,0,0,0,0,0,0,0,0,0,0,0,0,0,0,0,0,0,0,0,0,0,0,0,0,0,0,0,0,0,0,0,0,0,38,14,7,45,65476,0,300,0,0,8,21553,0.0,-107605600.0,0.0,0.0,0.0,0.0,0.0,0.0,0.0,0.0,0.0,0.0,0.0,0.0,0.0,0.0,0.0,0.0,0.0,0.0,0.0,0.0,0.0,-2.004,-0.0,0.0,0.0,0.0,0.0,0.0,5105.0,0.0,0.0,0.0,-107615288.0,0.0,-0.0,0.0,0.0,0.0,0.0,53,2.7184300208680915e+23,-0.0,0.0,0.0,0.0,0.0,0.0,0.0,0.0,0,0,0,0.0,0.0,0.0,0.0,0.0,0.0,0.0,0.0,0.0,0.0,0.0,0.0,0.0,0.0,0.0,0.0,0,-107875648.0,53,0.0,106,-107614832.0,-107350944.0,ERR,ERR,ERR,ERR,ERR,ERR,ERR,ERR,ERR,ERR,ERR,ERR,ERR,ERR,ERR,ERR,ERR,ERR,ERR,ERR,ERR,ERR,ERR,ERR,ERR,ERR,ERR,ERR,ERR,ERR,ERR,ERR,ERR,ERR,ERR,ERR,ERR,ERR,ERR,ERR,ERR,ERR,ERR,ERR,ERR,ERR,ERR,ERR,ERR,ERR,ERR,ERR,ERR,ERR,ERR,ERR,ERR,ERR,ERR,ERR,ERR,ERR,ERR,ERR,ERR,ERR,ERR,50.0,60.0,100,0.0,0.0,0.0,0.0,0.0,0.0,0.0,0.0,0.0,0.0,0.0,0.0,0.0,0.0,0.0,0.0,61.6,65,20,65521,50,65476,0,300,0,0,8,20529,65476,0,0,26214,60.0,0.0,0.0,0.0,0.0,0.0
2026-05-17T16:24:47,ERR,ERR,ERR,ERR,ERR,ERR,ERR,ERR,ERR,ERR,ERR,ERR,ERR,ERR,ERR,ERR,ERR,ERR,ERR,ERR,ERR,ERR,ERR,ERR,ERR,ERR,ERR,ERR,ERR,ERR,ERR,ERR,ERR,ERR,ERR,ERR,ERR,ERR,ERR,ERR,ERR,ERR,ERR,ERR,ERR,ERR,ERR,ERR,ERR,ERR,ERR,ERR,ERR,ERR,ERR,ERR,ERR,ERR,ERR,ERR,ERR,ERR,ERR,ERR,ERR,ERR,ERR,ERR,ERR,ERR,ERR,ERR,ERR,ERR,ERR,ERR,ERR,ERR,ERR,ERR,ERR,ERR,ERR,ERR,ERR,ERR,ERR,ERR,ERR,ERR,ERR,ERR,ERR,ERR,ERR,ERR,ERR,ERR,ERR,ERR,ERR,ERR,ERR,ERR,ERR,ERR,ERR,ERR,ERR,ERR,ERR,ERR,ERR,ERR,ERR,ERR,ERR,ERR,ERR,ERR,ERR,ERR,ERR,ERR,ERR,0.0,-107615288.0,-0.0,0.0,0.0,1.3936040501711995e+18,7.805,0.0,0,0,4,0,8422,0.0,45,0.0,0.0,0.0,0.0,0.0,0,0,0,0,0.0,0,0,0,0,0,0,0,0,0,0,0,0,0,0,0,0,0,0,0,0,0,0,0,0,0,0,0,0,0,0,0,0,0,38,14,7,45,65476,0,300,0,0,8,21553,0.0,-107605600.0,0.0,0.0,0.0,0.0,0.0,0.0,0.0,0.0,0.0,0.0,0.0,0.0,0.0,0.0,0.0,0.0,0.0,0.0,0.0,0.0,0.0,-2.004,-0.0,0.0,0.0,0.0,0.0,0.0,5105.0,0.0,0.0,0.0,-107615288.0,0.0,-0.0,0.0,0.0,0.0,0.0,53,4.066880103266858e+29,-0.0,0.0,0.0,0.0,0.0,0.0,0.0,0.0,0,0,0,0.0,0.0,0.0,0.0,0.0,0.0,0.0,0.0,0.0,0.0,0.0,0.0,0.0,0.0,0.0,0.0,0,-107875648.0,53,0.0,106,-107614832.0,-107350944.0,ERR,ERR,ERR,ERR,ERR,ERR,ERR,ERR,ERR,ERR,ERR,ERR,ERR,ERR,ERR,ERR,ERR,ERR,ERR,ERR,ERR,ERR,ERR,ERR,ERR,ERR,ERR,ERR,ERR,ERR,ERR,ERR,ERR,ERR,ERR,ERR,ERR,ERR,ERR,ERR,ERR,ERR,ERR,ERR,ERR,ERR,ERR,ERR,ERR,ERR,ERR,ERR,ERR,ERR,ERR,ERR,ERR,ERR,ERR,ERR,ERR,ERR,ERR,ERR,ERR,ERR,ERR,50.0,60.0,100,0.0,0.0,0.0,0.0,0.0,0.0,0.0,0.0,0.0,0.0,0.0,0.0,0.0,0.0,0.0,0.0,62.0,65,20,65521,50,65476,0,300,0,0,8,20529,65476,0,0,26214,60.0,0.0,0.0,0.0,0.0,0.0
2026-05-17T16:24:48,ERR,ERR,ERR,ERR,ERR,ERR,ERR,ERR,ERR,ERR,ERR,ERR,ERR,ERR,ERR,ERR,ERR,ERR,ERR,ERR,ERR,ERR,ERR,ERR,ERR,ERR,ERR,ERR,ERR,ERR,ERR,ERR,ERR,ERR,ERR,ERR,ERR,ERR,ERR,ERR,ERR,ERR,ERR,ERR,ERR,ERR,ERR,ERR,ERR,ERR,ERR,ERR,ERR,ERR,ERR,ERR,ERR,ERR,ERR,ERR,ERR,ERR,ERR,ERR,ERR,ERR,ERR,ERR,ERR,ERR,ERR,ERR,ERR,ERR,ERR,ERR,ERR,ERR,ERR,ERR,ERR,ERR,ERR,ERR,ERR,ERR,ERR,ERR,ERR,ERR,ERR,ERR,ERR,ERR,ERR,ERR,ERR,ERR,ERR,ERR,ERR,ERR,ERR,ERR,ERR,ERR,ERR,ERR,ERR,ERR,ERR,ERR,ERR,ERR,ERR,ERR,ERR,ERR,ERR,ERR,ERR,ERR,ERR,ERR,ERR,0.0,-107615288.0,-0.0,0.0,0.0,1.3936040501711995e+18,7.805,0.0,0,0,4,0,8422,0.0,45,0.0,0.0,0.0,0.0,0.0,0,0,0,0,0.0,0,0,0,0,0,0,0,0,0,0,0,0,0,0,0,0,0,0,0,0,0,0,0,0,0,0,0,0,0,0,0,0,0,38,14,7,45,65476,0,300,0,0,8,21553,0.0,-107605600.0,0.0,0.0,0.0,0.0,0.0,0.0,0.0,0.0,0.0,0.0,0.0,0.0,0.0,0.0,0.0,0.0,0.0,0.0,0.0,0.0,0.0,-2.004,-0.0,0.0,0.0,0.0,0.0,0.0,5105.0,0.0,0.0,0.0,-107615288.0,0.0,-0.0,0.0,0.0,0.0,0.0,53,4.066880103266858e+29,-0.0,0.0,0.0,0.0,0.0,0.0,0.0,0.0,0,0,0,0.0,0.0,0.0,0.0,0.0,0.0,0.0,0.0,0.0,0.0,0.0,0.0,0.0,0.0,0.0,0.0,0,-107875648.0,53,0.0,106,-107614832.0,-107350944.0,ERR,ERR,ERR,ERR,ERR,ERR,ERR,ERR,ERR,ERR,ERR,ERR,ERR,ERR,ERR,ERR,ERR,ERR,ERR,ERR,ERR,ERR,ERR,ERR,ERR,ERR,ERR,ERR,ERR,ERR,ERR,ERR,ERR,ERR,ERR,ERR,ERR,ERR,ERR,ERR,ERR,ERR,ERR,ERR,ERR,ERR,ERR,ERR,ERR,ERR,ERR,ERR,ERR,ERR,ERR,ERR,ERR,ERR,ERR,ERR,ERR,ERR,ERR,ERR,ERR,ERR,ERR,50.0,60.0,100,0.0,0.0,0.0,0.0,0.0,0.0,0.0,0.0,0.0,0.0,0.0,0.0,0.0,0.0,0.0,0.0,62.0,65,20,65521,50,65476,0,300,0,0,8,20529,65476,0,0,26214,60.0,0.0,0.0,0.0,0.0,0.0
2026-05-17T16:24:49,ERR,ERR,ERR,ERR,ERR,ERR,ERR,ERR,ERR,ERR,ERR,ERR,ERR,ERR,ERR,ERR,ERR,ERR,ERR,ERR,ERR,ERR,ERR,ERR,ERR,ERR,ERR,ERR,ERR,ERR,ERR,ERR,ERR,ERR,ERR,ERR,ERR,ERR,ERR,ERR,ERR,ERR,ERR,ERR,ERR,ERR,ERR,ERR,ERR,ERR,ERR,ERR,ERR,ERR,ERR,ERR,ERR,ERR,ERR,ERR,ERR,ERR,ERR,ERR,ERR,ERR,ERR,ERR,ERR,ERR,ERR,ERR,ERR,ERR,ERR,ERR,ERR,ERR,ERR,ERR,ERR,ERR,ERR,ERR,ERR,ERR,ERR,ERR,ERR,ERR,ERR,ERR,ERR,ERR,ERR,ERR,ERR,ERR,ERR,ERR,ERR,ERR,ERR,ERR,ERR,ERR,ERR,ERR,ERR,ERR,ERR,ERR,ERR,ERR,ERR,ERR,ERR,ERR,ERR,ERR,ERR,ERR,ERR,ERR,ERR,0.0,-107615288.0,-0.0,0.0,0.0,1.3936040501711995e+18,7.805,0.0,0,0,4,0,8422,0.0,45,0.0,0.0,0.0,0.0,0.0,0,0,0,0,0.0,0,0,0,0,0,0,0,0,0,0,0,0,0,0,0,0,0,0,0,0,0,0,0,0,0,0,0,0,0,0,0,0,0,38,14,7,45,65476,0,300,0,0,8,21553,0.0,-107605600.0,0.0,0.0,0.0,0.0,0.0,0.0,0.0,0.0,0.0,0.0,0.0,0.0,0.0,0.0,0.0,0.0,0.0,0.0,0.0,0.0,0.0,-2.004,-0.0,0.0,0.0,0.0,0.0,0.0,5105.0,0.0,0.0,0.0,-107615288.0,0.0,-0.0,0.0,0.0,0.0,0.0,53,4.066880103266858e+29,-0.0,0.0,0.0,0.0,0.0,0.0,0.0,0.0,0,0,0,0.0,0.0,0.0,0.0,0.0,0.0,0.0,0.0,0.0,0.0,0.0,0.0,0.0,0.0,0.0,0.0,0,-107875648.0,53,0.0,106,-107614832.0,-107350944.0,ERR,ERR,ERR,ERR,ERR,ERR,ERR,ERR,ERR,ERR,ERR,ERR,ERR,ERR,ERR,ERR,ERR,ERR,ERR,ERR,ERR,ERR,ERR,ERR,ERR,ERR,ERR,ERR,ERR,ERR,ERR,ERR,ERR,ERR,ERR,ERR,ERR,ERR,ERR,ERR,ERR,ERR,ERR,ERR,ERR,ERR,ERR,ERR,ERR,ERR,ERR,ERR,ERR,ERR,ERR,ERR,ERR,ERR,ERR,ERR,ERR,ERR,ERR,ERR,ERR,ERR,ERR,50.0,60.0,100,0.0,0.0,0.0,0.0,0.0,0.0,0.0,0.0,0.0,0.0,0.0,0.0,0.0,0.0,0.0,0.0,61.6,65,20,65521,50,65476,0,300,0,0,8,20529,65476,0,0,26214,60.0,0.0,0.0,0.0,0.0,0.0
2026-05-17T16:24:50,ERR,ERR,ERR,ERR,ERR,ERR,ERR,ERR,ERR,ERR,ERR,ERR,ERR,ERR,ERR,ERR,ERR,ERR,ERR,ERR,ERR,ERR,ERR,ERR,ERR,ERR,ERR,ERR,ERR,ERR,ERR,ERR,ERR,ERR,ERR,ERR,ERR,ERR,ERR,ERR,ERR,ERR,ERR,ERR,ERR,ERR,ERR,ERR,ERR,ERR,ERR,ERR,ERR,ERR,ERR,ERR,ERR,ERR,ERR,ERR,ERR,ERR,ERR,ERR,ERR,ERR,ERR,ERR,ERR,ERR,ERR,ERR,ERR,ERR,ERR,ERR,ERR,ERR,ERR,ERR,ERR,ERR,ERR,ERR,ERR,ERR,ERR,ERR,ERR,ERR,ERR,ERR,ERR,ERR,ERR,ERR,ERR,ERR,ERR,ERR,ERR,ERR,ERR,ERR,ERR,ERR,ERR,ERR,ERR,ERR,ERR,ERR,ERR,ERR,ERR,ERR,ERR,ERR,ERR,ERR,ERR,ERR,ERR,ERR,ERR,0.0,-107615288.0,-0.0,0.0,0.0,1.3936040501711995e+18,7.805,0.0,0,0,4,0,8422,0.0,45,0.0,0.0,0.0,0.0,0.0,0,0,0,0,0.0,0,0,0,0,0,0,0,0,0,0,0,0,0,0,0,0,0,0,0,0,0,0,0,0,0,0,0,0,0,0,0,0,0,38,14,7,45,65476,0,300,0,0,8,21553,0.0,-107605600.0,0.0,0.0,0.0,0.0,0.0,0.0,0.0,0.0,0.0,0.0,0.0,0.0,0.0,0.0,0.0,0.0,0.0,0.0,0.0,0.0,0.0,-2.004,-0.0,0.0,0.0,0.0,0.0,0.0,5105.0,0.0,0.0,0.0,-107615288.0,0.0,-0.0,0.0,0.0,0.0,0.0,53,4.066880103266858e+29,-0.0,0.0,0.0,0.0,0.0,0.0,0.0,0.0,0,0,0,0.0,0.0,0.0,0.0,0.0,0.0,0.0,0.0,0.0,0.0,0.0,0.0,0.0,0.0,0.0,0.0,0,-107875648.0,53,0.0,106,-107614832.0,-107350944.0,ERR,ERR,ERR,ERR,ERR,ERR,ERR,ERR,ERR,ERR,ERR,ERR,ERR,ERR,ERR,ERR,ERR,ERR,ERR,ERR,ERR,ERR,ERR,ERR,ERR,ERR,ERR,ERR,ERR,ERR,ERR,ERR,ERR,ERR,ERR,ERR,ERR,ERR,ERR,ERR,ERR,ERR,ERR,ERR,ERR,ERR,ERR,ERR,ERR,ERR,ERR,ERR,ERR,ERR,ERR,ERR,ERR,ERR,ERR,ERR,ERR,ERR,ERR,ERR,ERR,ERR,ERR,50.0,60.0,100,0.0,0.0,0.0,0.0,0.0,0.0,0.0,0.0,0.0,0.0,0.0,0.0,0.0,0.0,0.0,0.0,61.6,65,20,65521,50,65476,0,300,0,0,8,20529,65476,0,0,26214,60.0,0.0,0.0,0.0,0.0,0.0
2026-05-17T16:24:51,ERR,ERR,ERR,ERR,ERR,ERR,ERR,ERR,ERR,ERR,ERR,ERR,ERR,ERR,ERR,ERR,ERR,ERR,ERR,ERR,ERR,ERR,ERR,ERR,ERR,ERR,ERR,ERR,ERR,ERR,ERR,ERR,ERR,ERR,ERR,ERR,ERR,ERR,ERR,ERR,ERR,ERR,ERR,ERR,ERR,ERR,ERR,ERR,ERR,ERR,ERR,ERR,ERR,ERR,ERR,ERR,ERR,ERR,ERR,ERR,ERR,ERR,ERR,ERR,ERR,ERR,ERR,ERR,ERR,ERR,ERR,ERR,ERR,ERR,ERR,ERR,ERR,ERR,ERR,ERR,ERR,ERR,ERR,ERR,ERR,ERR,ERR,ERR,ERR,ERR,ERR,ERR,ERR,ERR,ERR,ERR,ERR,ERR,ERR,ERR,ERR,ERR,ERR,ERR,ERR,ERR,ERR,ERR,ERR,ERR,ERR,ERR,ERR,ERR,ERR,ERR,ERR,ERR,ERR,ERR,ERR,ERR,ERR,ERR,ERR,0.0,-107615288.0,-0.0,0.0,0.0,1.3936040501711995e+18,7.805,0.0,0,0,4,0,8422,0.0,45,0.0,0.0,0.0,0.0,0.0,0,0,0,0,0.0,0,0,0,0,0,0,0,0,0,0,0,0,0,0,0,0,0,0,0,0,0,0,0,0,0,0,0,0,0,0,0,0,0,38,14,7,45,65476,0,300,0,0,8,21553,0.0,-107605600.0,0.0,0.0,0.0,0.0,0.0,0.0,0.0,0.0,0.0,0.0,0.0,0.0,0.0,0.0,0.0,0.0,0.0,0.0,0.0,0.0,0.0,-2.004,-0.0,0.0,0.0,0.0,0.0,0.0,5105.0,0.0,0.0,0.0,-107615288.0,0.0,-0.0,0.0,0.0,0.0,0.0,53,4.066880103266858e+29,-0.0,0.0,0.0,0.0,0.0,0.0,0.0,0.0,0,0,0,0.0,0.0,0.0,0.0,0.0,0.0,0.0,0.0,0.0,0.0,0.0,0.0,0.0,0.0,0.0,0.0,0,-107875648.0,53,0.0,106,-107614832.0,-107350944.0,ERR,ERR,ERR,ERR,ERR,ERR,ERR,ERR,ERR,ERR,ERR,ERR,ERR,ERR,ERR,ERR,ERR,ERR,ERR,ERR,ERR,ERR,ERR,ERR,ERR,ERR,ERR,ERR,ERR,ERR,ERR,ERR,ERR,ERR,ERR,ERR,ERR,ERR,ERR,ERR,ERR,ERR,ERR,ERR,ERR,ERR,ERR,ERR,ERR,ERR,ERR,ERR,ERR,ERR,ERR,ERR,ERR,ERR,ERR,ERR,ERR,ERR,ERR,ERR,ERR,ERR,ERR,50.0,60.0,100,0.0,0.0,0.0,0.0,0.0,0.0,0.0,0.0,0.0,0.0,0.0,0.0,0.0,0.0,0.0,0.0,61.6,65,20,65521,50,65476,0,300,0,0,8,20529,65476,0,0,26214,60.0,0.0,0.0,0.0,0.0,0.0
2026-05-17T16:24:52,ERR,ERR,ERR,ERR,ERR,ERR,ERR,ERR,ERR,ERR,ERR,ERR,ERR,ERR,ERR,ERR,ERR,ERR,ERR,ERR,ERR,ERR,ERR,ERR,ERR,ERR,ERR,ERR,ERR,ERR,ERR,ERR,ERR,ERR,ERR,ERR,ERR,ERR,ERR,ERR,ERR,ERR,ERR,ERR,ERR,ERR,ERR,ERR,ERR,ERR,ERR,ERR,ERR,ERR,ERR,ERR,ERR,ERR,ERR,ERR,ERR,ERR,ERR,ERR,ERR,ERR,ERR,ERR,ERR,ERR,ERR,ERR,ERR,ERR,ERR,ERR,ERR,ERR,ERR,ERR,ERR,ERR,ERR,ERR,ERR,ERR,ERR,ERR,ERR,ERR,ERR,ERR,ERR,ERR,ERR,ERR,ERR,ERR,ERR,ERR,ERR,ERR,ERR,ERR,ERR,ERR,ERR,ERR,ERR,ERR,ERR,ERR,ERR,ERR,ERR,ERR,ERR,ERR,ERR,ERR,ERR,ERR,ERR,ERR,ERR,0.0,-107615288.0,-0.0,0.0,0.0,1.3936040501711995e+18,7.805,0.0,0,0,4,0,8422,0.0,45,0.0,0.0,0.0,0.0,0.0,0,0,0,0,0.0,0,0,0,0,0,0,0,0,0,0,0,0,0,0,0,0,0,0,0,0,0,0,0,0,0,0,0,0,0,0,0,0,0,38,14,7,45,65476,0,300,0,0,8,21553,0.0,-107605600.0,0.0,0.0,0.0,0.0,0.0,0.0,0.0,0.0,0.0,0.0,0.0,0.0,0.0,0.0,0.0,0.0,0.0,0.0,0.0,0.0,0.0,-2.004,-0.0,0.0,0.0,0.0,0.0,0.0,5104.0,2.004,0.0,0.0,-107615288.0,0.0,-0.0,0.0,0.0,0.0,0.0,53,1.9056979486756045e+17,-3.222003874048412e+26,0.0,0.0,0.0,0.0,0.0,0.0,0.0,0,0,0,0.0,0.0,0.0,0.0,0.0,0.0,0.0,0.0,0.0,0.0,0.0,0.0,0.0,0.0,0.0,0.0,0,-107875648.0,53,0.0,106,-107614832.0,-107350944.0,ERR,ERR,ERR,ERR,ERR,ERR,ERR,ERR,ERR,ERR,ERR,ERR,ERR,ERR,ERR,ERR,ERR,ERR,ERR,ERR,ERR,ERR,ERR,ERR,ERR,ERR,ERR,ERR,ERR,ERR,ERR,ERR,ERR,ERR,ERR,ERR,ERR,ERR,ERR,ERR,ERR,ERR,ERR,ERR,ERR,ERR,ERR,ERR,ERR,ERR,ERR,ERR,ERR,ERR,ERR,ERR,ERR,ERR,ERR,ERR,ERR,ERR,ERR,ERR,ERR,ERR,ERR,50.0,60.0,100,0.0,0.0,0.0,0.0,0.0,0.0,0.0,0.0,0.0,0.0,0.0,0.0,0.0,0.0,0.0,0.0,62.0,65,20,65521,50,65476,0,300,0,0,8,20529,65476,0,0,26214,60.0,0.0,0.0,0.0,0.0,0.0
2026-05-17T16:24:53,ERR,ERR,ERR,ERR,ERR,ERR,ERR,ERR,ERR,ERR,ERR,ERR,ERR,ERR,ERR,ERR,ERR,ERR,ERR,ERR,ERR,ERR,ERR,ERR,ERR,ERR,ERR,ERR,ERR,ERR,ERR,ERR,ERR,ERR,ERR,ERR,ERR,ERR,ERR,ERR,ERR,ERR,ERR,ERR,ERR,ERR,ERR,ERR,ERR,ERR,ERR,ERR,ERR,ERR,ERR,ERR,ERR,ERR,ERR,ERR,ERR,ERR,ERR,ERR,ERR,ERR,ERR,ERR,ERR,ERR,ERR,ERR,ERR,ERR,ERR,ERR,ERR,ERR,ERR,ERR,ERR,ERR,ERR,ERR,ERR,ERR,ERR,ERR,ERR,ERR,ERR,ERR,ERR,ERR,ERR,ERR,ERR,ERR,ERR,ERR,ERR,ERR,ERR,ERR,ERR,ERR,ERR,ERR,ERR,ERR,ERR,ERR,ERR,ERR,ERR,ERR,ERR,ERR,ERR,ERR,ERR,ERR,ERR,ERR,ERR,0.0,-107615288.0,-0.0,0.0,0.0,1.3936040501711995e+18,7.805,0.0,0,0,4,0,8422,0.0,45,0.0,0.0,0.0,0.0,0.0,0,0,0,0,0.0,0,0,0,0,0,0,0,0,0,0,0,0,0,0,0,0,0,0,0,0,0,0,0,0,0,0,0,0,0,0,0,0,0,38,14,7,45,65476,0,300,0,0,8,21553,0.0,-107605600.0,0.0,0.0,0.0,0.0,0.0,0.0,0.0,0.0,0.0,0.0,0.0,0.0,0.0,0.0,0.0,0.0,0.0,0.0,0.0,0.0,0.0,-2.004,-0.0,0.0,0.0,0.0,0.0,0.0,5104.0,2.004,0.0,0.0,-107615288.0,0.0,-0.0,0.0,0.0,0.0,0.0,53,1.9056979486756045e+17,-3.222003874048412e+26,0.0,0.0,0.0,0.0,0.0,0.0,0.0,0,0,0,0.0,0.0,0.0,0.0,0.0,0.0,0.0,0.0,0.0,0.0,0.0,0.0,0.0,0.0,0.0,0.0,0,-107875648.0,53,0.0,106,-107614832.0,-107350944.0,ERR,ERR,ERR,ERR,ERR,ERR,ERR,ERR,ERR,ERR,ERR,ERR,ERR,ERR,ERR,ERR,ERR,ERR,ERR,ERR,ERR,ERR,ERR,ERR,ERR,ERR,ERR,ERR,ERR,ERR,ERR,ERR,ERR,ERR,ERR,ERR,ERR,ERR,ERR,ERR,ERR,ERR,ERR,ERR,ERR,ERR,ERR,ERR,ERR,ERR,ERR,ERR,ERR,ERR,ERR,ERR,ERR,ERR,ERR,ERR,ERR,ERR,ERR,ERR,ERR,ERR,ERR,50.0,60.0,100,0.0,0.0,0.0,0.0,0.0,0.0,0.0,0.0,0.0,0.0,0.0,0.0,0.0,0.0,0.0,0.0,62.0,65,20,65521,50,65476,0,300,0,0,8,20529,65476,0,0,26214,60.0,0.0,0.0,0.0,0.0,0.0
2026-05-17T16:24:54,ERR,ERR,ERR,ERR,ERR,ERR,ERR,ERR,ERR,ERR,ERR,ERR,ERR,ERR,ERR,ERR,ERR,ERR,ERR,ERR,ERR,ERR,ERR,ERR,ERR,ERR,ERR,ERR,ERR,ERR,ERR,ERR,ERR,ERR,ERR,ERR,ERR,ERR,ERR,ERR,ERR,ERR,ERR,ERR,ERR,ERR,ERR,ERR,ERR,ERR,ERR,ERR,ERR,ERR,ERR,ERR,ERR,ERR,ERR,ERR,ERR,ERR,ERR,ERR,ERR,ERR,ERR,ERR,ERR,ERR,ERR,ERR,ERR,ERR,ERR,ERR,ERR,ERR,ERR,ERR,ERR,ERR,ERR,ERR,ERR,ERR,ERR,ERR,ERR,ERR,ERR,ERR,ERR,ERR,ERR,ERR,ERR,ERR,ERR,ERR,ERR,ERR,ERR,ERR,ERR,ERR,ERR,ERR,ERR,ERR,ERR,ERR,ERR,ERR,ERR,ERR,ERR,ERR,ERR,ERR,ERR,ERR,ERR,ERR,ERR,0.0,-107615288.0,-0.0,0.0,0.0,1.3936040501711995e+18,7.805,0.0,0,0,4,0,8422,0.0,45,0.0,0.0,0.0,0.0,0.0,0,0,0,0,0.0,0,0,0,0,0,0,0,0,0,0,0,0,0,0,0,0,0,0,0,0,0,0,0,0,0,0,0,0,0,0,0,0,0,38,14,7,45,65476,0,300,0,0,8,21553,0.0,-107605600.0,0.0,0.0,0.0,0.0,0.0,0.0,0.0,0.0,0.0,0.0,0.0,0.0,0.0,0.0,0.0,0.0,0.0,0.0,0.0,0.0,0.0,-2.004,-0.0,0.0,0.0,0.0,0.0,0.0,5104.0,2.004,0.0,0.0,-107615288.0,0.0,-0.0,0.0,0.0,0.0,0.0,53,1.9056979486756045e+17,-3.222003874048412e+26,0.0,0.0,0.0,0.0,0.0,0.0,0.0,0,0,0,0.0,0.0,0.0,0.0,0.0,0.0,0.0,0.0,0.0,0.0,0.0,0.0,0.0,0.0,0.0,0.0,0,-107875648.0,53,0.0,106,-107614832.0,-107350944.0,ERR,ERR,ERR,ERR,ERR,ERR,ERR,ERR,ERR,ERR,ERR,ERR,ERR,ERR,ERR,ERR,ERR,ERR,ERR,ERR,ERR,ERR,ERR,ERR,ERR,ERR,ERR,ERR,ERR,ERR,ERR,ERR,ERR,ERR,ERR,ERR,ERR,ERR,ERR,ERR,ERR,ERR,ERR,ERR,ERR,ERR,ERR,ERR,ERR,ERR,ERR,ERR,ERR,ERR,ERR,ERR,ERR,ERR,ERR,ERR,ERR,ERR,ERR,ERR,ERR,ERR,ERR,50.0,60.0,100,0.0,0.0,0.0,0.0,0.0,0.0,0.0,0.0,0.0,0.0,0.0,0.0,0.0,0.0,0.0,0.0,62.0,65,20,65521,50,65476,0,300,0,0,8,20529,65476,0,0,26214,60.0,0.0,0.0,0.0,0.0,0.0
2026-05-17T16:24:55,ERR,ERR,ERR,ERR,ERR,ERR,ERR,ERR,ERR,ERR,ERR,ERR,ERR,ERR,ERR,ERR,ERR,ERR,ERR,ERR,ERR,ERR,ERR,ERR,ERR,ERR,ERR,ERR,ERR,ERR,ERR,ERR,ERR,ERR,ERR,ERR,ERR,ERR,ERR,ERR,ERR,ERR,ERR,ERR,ERR,ERR,ERR,ERR,ERR,ERR,ERR,ERR,ERR,ERR,ERR,ERR,ERR,ERR,ERR,ERR,ERR,ERR,ERR,ERR,ERR,ERR,ERR,ERR,ERR,ERR,ERR,ERR,ERR,ERR,ERR,ERR,ERR,ERR,ERR,ERR,ERR,ERR,ERR,ERR,ERR,ERR,ERR,ERR,ERR,ERR,ERR,ERR,ERR,ERR,ERR,ERR,ERR,ERR,ERR,ERR,ERR,ERR,ERR,ERR,ERR,ERR,ERR,ERR,ERR,ERR,ERR,ERR,ERR,ERR,ERR,ERR,ERR,ERR,ERR,ERR,ERR,ERR,ERR,ERR,ERR,0.0,-107615288.0,-0.0,0.0,0.0,1.3936040501711995e+18,7.805,0.0,0,0,4,0,8422,0.0,45,0.0,0.0,0.0,0.0,0.0,0,0,0,0,0.0,0,0,0,0,0,0,0,0,0,0,0,0,0,0,0,0,0,0,0,0,0,0,0,0,0,0,0,0,0,0,0,0,0,38,14,7,45,65476,0,300,0,0,8,21553,0.0,-107605600.0,0.0,0.0,0.0,0.0,0.0,0.0,0.0,0.0,0.0,0.0,0.0,0.0,0.0,0.0,0.0,0.0,0.0,0.0,0.0,0.0,0.0,-2.004,-0.0,0.0,0.0,0.0,0.0,0.0,5104.0,2.004,0.0,0.0,-107615288.0,0.0,-0.0,0.0,0.0,0.0,0.0,53,1.9056979486756045e+17,-3.222003874048412e+26,0.0,0.0,0.0,0.0,0.0,0.0,0.0,0,0,0,0.0,0.0,0.0,0.0,0.0,0.0,0.0,0.0,0.0,0.0,0.0,0.0,0.0,0.0,0.0,0.0,0,-107875648.0,53,0.0,106,-107614832.0,-107350944.0,ERR,ERR,ERR,ERR,ERR,ERR,ERR,ERR,ERR,ERR,ERR,ERR,ERR,ERR,ERR,ERR,ERR,ERR,ERR,ERR,ERR,ERR,ERR,ERR,ERR,ERR,ERR,ERR,ERR,ERR,ERR,ERR,ERR,ERR,ERR,ERR,ERR,ERR,ERR,ERR,ERR,ERR,ERR,ERR,ERR,ERR,ERR,ERR,ERR,ERR,ERR,ERR,ERR,ERR,ERR,ERR,ERR,ERR,ERR,ERR,ERR,ERR,ERR,ERR,ERR,ERR,ERR,50.0,60.0,100,0.0,0.0,0.0,0.0,0.0,0.0,0.0,0.0,0.0,0.0,0.0,0.0,0.0,0.0,0.0,0.0,62.0,65,20,65521,50,65476,0,300,0,0,8,20529,65476,0,0,26214,60.0,0.0,0.0,0.0,0.0,0.0
2026-05-17T16:24:56,ERR,ERR,ERR,ERR,ERR,ERR,ERR,ERR,ERR,ERR,ERR,ERR,ERR,ERR,ERR,ERR,ERR,ERR,ERR,ERR,ERR,ERR,ERR,ERR,ERR,ERR,ERR,ERR,ERR,ERR,ERR,ERR,ERR,ERR,ERR,ERR,ERR,ERR,ERR,ERR,ERR,ERR,ERR,ERR,ERR,ERR,ERR,ERR,ERR,ERR,ERR,ERR,ERR,ERR,ERR,ERR,ERR,ERR,ERR,ERR,ERR,ERR,ERR,ERR,ERR,ERR,ERR,ERR,ERR,ERR,ERR,ERR,ERR,ERR,ERR,ERR,ERR,ERR,ERR,ERR,ERR,ERR,ERR,ERR,ERR,ERR,ERR,ERR,ERR,ERR,ERR,ERR,ERR,ERR,ERR,ERR,ERR,ERR,ERR,ERR,ERR,ERR,ERR,ERR,ERR,ERR,ERR,ERR,ERR,ERR,ERR,ERR,ERR,ERR,ERR,ERR,ERR,ERR,ERR,ERR,ERR,ERR,ERR,ERR,ERR,0.0,-107615288.0,-0.0,0.0,0.0,1.3936040501711995e+18,7.805,0.0,0,0,4,0,8422,0.0,45,0.0,0.0,0.0,0.0,0.0,0,0,0,0,0.0,0,0,0,0,0,0,0,0,0,0,0,0,0,0,0,0,0,0,0,0,0,0,0,0,0,0,0,0,0,0,0,0,0,38,14,7,45,65476,0,300,0,0,8,21553,0.0,-107605600.0,0.0,0.0,0.0,0.0,0.0,0.0,0.0,0.0,0.0,0.0,0.0,0.0,0.0,0.0,0.0,0.0,0.0,0.0,0.0,0.0,0.0,-2.004,-0.0,0.0,0.0,0.0,0.0,0.0,5104.0,2.004,0.0,0.0,-107615288.0,0.0,-0.0,0.0,0.0,0.0,0.0,53,1.9056979486756045e+17,-3.222003874048412e+26,0.0,0.0,0.0,0.0,0.0,0.0,0.0,0,0,0,0.0,0.0,0.0,0.0,0.0,0.0,0.0,0.0,0.0,0.0,0.0,0.0,0.0,0.0,0.0,0.0,0,-107875648.0,53,0.0,106,-107614832.0,-107350944.0,ERR,ERR,ERR,ERR,ERR,ERR,ERR,ERR,ERR,ERR,ERR,ERR,ERR,ERR,ERR,ERR,ERR,ERR,ERR,ERR,ERR,ERR,ERR,ERR,ERR,ERR,ERR,ERR,ERR,ERR,ERR,ERR,ERR,ERR,ERR,ERR,ERR,ERR,ERR,ERR,ERR,ERR,ERR,ERR,ERR,ERR,ERR,ERR,ERR,ERR,ERR,ERR,ERR,ERR,ERR,ERR,ERR,ERR,ERR,ERR,ERR,ERR,ERR,ERR,ERR,ERR,ERR,50.0,60.0,100,0.0,0.0,0.0,0.0,0.0,0.0,0.0,0.0,0.0,0.0,0.0,0.0,0.0,0.0,0.0,0.0,61.6,65,20,65521,50,65476,0,300,0,0,8,20529,65476,0,0,26214,60.0,0.0,0.0,0.0,0.0,0.0
2026-05-17T16:24:57,ERR,ERR,ERR,ERR,ERR,ERR,ERR,ERR,ERR,ERR,ERR,ERR,ERR,ERR,ERR,ERR,ERR,ERR,ERR,ERR,ERR,ERR,ERR,ERR,ERR,ERR,ERR,ERR,ERR,ERR,ERR,ERR,ERR,ERR,ERR,ERR,ERR,ERR,ERR,ERR,ERR,ERR,ERR,ERR,ERR,ERR,ERR,ERR,ERR,ERR,ERR,ERR,ERR,ERR,ERR,ERR,ERR,ERR,ERR,ERR,ERR,ERR,ERR,ERR,ERR,ERR,ERR,ERR,ERR,ERR,ERR,ERR,ERR,ERR,ERR,ERR,ERR,ERR,ERR,ERR,ERR,ERR,ERR,ERR,ERR,ERR,ERR,ERR,ERR,ERR,ERR,ERR,ERR,ERR,ERR,ERR,ERR,ERR,ERR,ERR,ERR,ERR,ERR,ERR,ERR,ERR,ERR,ERR,ERR,ERR,ERR,ERR,ERR,ERR,ERR,ERR,ERR,ERR,ERR,ERR,ERR,ERR,ERR,ERR,ERR,0.0,-107615288.0,-0.0,0.0,0.0,1.3936040501711995e+18,7.805,0.0,0,0,4,0,8422,0.0,45,0.0,0.0,0.0,0.0,0.0,0,0,0,0,0.0,0,0,0,0,0,0,0,0,0,0,0,0,0,0,0,0,0,0,0,0,0,0,0,0,0,0,0,0,0,0,0,0,0,38,14,7,45,65476,0,300,0,0,8,21553,0.0,-107605600.0,0.0,0.0,0.0,0.0,0.0,0.0,0.0,0.0,0.0,0.0,0.0,0.0,0.0,0.0,0.0,0.0,0.0,0.0,0.0,0.0,0.0,-2.004,-0.0,0.0,0.0,0.0,0.0,0.0,5102.0,1.0406657522389839e+34,0.0,0.0,-107615288.0,0.0,-0.0,0.0,0.0,0.0,0.0,53,126841110528.0,-152017330765824.0,0.0,0.0,0.0,0.0,0.0,0.0,0.0,0,0,0,0.0,0.0,0.0,0.0,0.0,0.0,0.0,0.0,0.0,0.0,0.0,0.0,0.0,0.0,0.0,0.0,0,-107875648.0,53,0.0,106,-107614832.0,-107350944.0,ERR,ERR,ERR,ERR,ERR,ERR,ERR,ERR,ERR,ERR,ERR,ERR,ERR,ERR,ERR,ERR,ERR,ERR,ERR,ERR,ERR,ERR,ERR,ERR,ERR,ERR,ERR,ERR,ERR,ERR,ERR,ERR,ERR,ERR,ERR,ERR,ERR,ERR,ERR,ERR,ERR,ERR,ERR,ERR,ERR,ERR,ERR,ERR,ERR,ERR,ERR,ERR,ERR,ERR,ERR,ERR,ERR,ERR,ERR,ERR,ERR,ERR,ERR,ERR,ERR,ERR,ERR,50.0,60.0,100,0.0,0.0,0.0,0.0,0.0,0.0,0.0,0.0,0.0,0.0,0.0,0.0,0.0,0.0,0.0,0.0,61.6,65,20,65521,50,65476,0,300,0,0,8,20529,65476,0,0,26214,60.0,0.0,0.0,0.0,0.0,0.0
2026-05-17T16:24:58,ERR,ERR,ERR,ERR,ERR,ERR,ERR,ERR,ERR,ERR,ERR,ERR,ERR,ERR,ERR,ERR,ERR,ERR,ERR,ERR,ERR,ERR,ERR,ERR,ERR,ERR,ERR,ERR,ERR,ERR,ERR,ERR,ERR,ERR,ERR,ERR,ERR,ERR,ERR,ERR,ERR,ERR,ERR,ERR,ERR,ERR,ERR,ERR,ERR,ERR,ERR,ERR,ERR,ERR,ERR,ERR,ERR,ERR,ERR,ERR,ERR,ERR,ERR,ERR,ERR,ERR,ERR,ERR,ERR,ERR,ERR,ERR,ERR,ERR,ERR,ERR,ERR,ERR,ERR,ERR,ERR,ERR,ERR,ERR,ERR,ERR,ERR,ERR,ERR,ERR,ERR,ERR,ERR,ERR,ERR,ERR,ERR,ERR,ERR,ERR,ERR,ERR,ERR,ERR,ERR,ERR,ERR,ERR,ERR,ERR,ERR,ERR,ERR,ERR,ERR,ERR,ERR,ERR,ERR,ERR,ERR,ERR,ERR,ERR,ERR,0.0,-107615288.0,-0.0,0.0,0.0,1.3936040501711995e+18,7.805,0.0,0,0,4,0,8422,0.0,45,0.0,0.0,0.0,0.0,0.0,0,0,0,0,0.0,0,0,0,0,0,0,0,0,0,0,0,0,0,0,0,0,0,0,0,0,0,0,0,0,0,0,0,0,0,0,0,0,0,38,14,7,45,65476,0,300,0,0,8,21553,0.0,-107605600.0,0.0,0.0,0.0,0.0,0.0,0.0,0.0,0.0,0.0,0.0,0.0,0.0,0.0,0.0,0.0,0.0,0.0,0.0,0.0,0.0,0.0,-2.004,-0.0,0.0,0.0,0.0,0.0,0.0,5102.0,1.0406657522389839e+34,0.0,0.0,-107615288.0,0.0,-0.0,0.0,0.0,0.0,0.0,53,126841110528.0,-152017330765824.0,0.0,0.0,0.0,0.0,0.0,0.0,0.0,0,0,0,0.0,0.0,0.0,0.0,0.0,0.0,0.0,0.0,0.0,0.0,0.0,0.0,0.0,0.0,0.0,0.0,0,-107875648.0,53,0.0,106,-107614832.0,-107350944.0,ERR,ERR,ERR,ERR,ERR,ERR,ERR,ERR,ERR,ERR,ERR,ERR,ERR,ERR,ERR,ERR,ERR,ERR,ERR,ERR,ERR,ERR,ERR,ERR,ERR,ERR,ERR,ERR,ERR,ERR,ERR,ERR,ERR,ERR,ERR,ERR,ERR,ERR,ERR,ERR,ERR,ERR,ERR,ERR,ERR,ERR,ERR,ERR,ERR,ERR,ERR,ERR,ERR,ERR,ERR,ERR,ERR,ERR,ERR,ERR,ERR,ERR,ERR,ERR,ERR,ERR,ERR,50.0,60.0,100,0.0,0.0,0.0,0.0,0.0,0.0,0.0,0.0,0.0,0.0,0.0,0.0,0.0,0.0,0.0,0.0,61.6,65,20,65521,50,65476,0,300,0,0,8,20529,65476,0,0,26214,60.0,0.0,0.0,0.0,0.0,0.0
2026-05-17T16:24:59,ERR,ERR,ERR,ERR,ERR,ERR,ERR,ERR,ERR,ERR,ERR,ERR,ERR,ERR,ERR,ERR,ERR,ERR,ERR,ERR,ERR,ERR,ERR,ERR,ERR,ERR,ERR,ERR,ERR,ERR,ERR,ERR,ERR,ERR,ERR,ERR,ERR,ERR,ERR,ERR,ERR,ERR,ERR,ERR,ERR,ERR,ERR,ERR,ERR,ERR,ERR,ERR,ERR,ERR,ERR,ERR,ERR,ERR,ERR,ERR,ERR,ERR,ERR,ERR,ERR,ERR,ERR,ERR,ERR,ERR,ERR,ERR,ERR,ERR,ERR,ERR,ERR,ERR,ERR,ERR,ERR,ERR,ERR,ERR,ERR,ERR,ERR,ERR,ERR,ERR,ERR,ERR,ERR,ERR,ERR,ERR,ERR,ERR,ERR,ERR,ERR,ERR,ERR,ERR,ERR,ERR,ERR,ERR,ERR,ERR,ERR,ERR,ERR,ERR,ERR,ERR,ERR,ERR,ERR,ERR,ERR,ERR,ERR,ERR,ERR,0.0,-107615288.0,-0.0,0.0,0.0,1.3936040501711995e+18,7.805,0.0,0,0,4,0,8422,0.0,45,0.0,0.0,0.0,0.0,0.0,0,0,0,0,0.0,0,0,0,0,0,0,0,0,0,0,0,0,0,0,0,0,0,0,0,0,0,0,0,0,0,0,0,0,0,0,0,0,0,38,14,7,45,65476,0,300,0,0,8,21553,0.0,-107605600.0,0.0,0.0,0.0,0.0,0.0,0.0,0.0,0.0,0.0,0.0,0.0,0.0,0.0,0.0,0.0,0.0,0.0,0.0,0.0,0.0,0.0,-2.004,-0.0,0.0,0.0,0.0,0.0,0.0,5102.0,1.0406657522389839e+34,0.0,0.0,-107615288.0,0.0,-0.0,0.0,0.0,0.0,0.0,53,126841110528.0,-152017330765824.0,0.0,0.0,0.0,0.0,0.0,0.0,0.0,0,0,0,0.0,0.0,0.0,0.0,0.0,0.0,0.0,0.0,0.0,0.0,0.0,0.0,0.0,0.0,0.0,0.0,0,-107875648.0,53,0.0,106,-107614832.0,-107350944.0,ERR,ERR,ERR,ERR,ERR,ERR,ERR,ERR,ERR,ERR,ERR,ERR,ERR,ERR,ERR,ERR,ERR,ERR,ERR,ERR,ERR,ERR,ERR,ERR,ERR,ERR,ERR,ERR,ERR,ERR,ERR,ERR,ERR,ERR,ERR,ERR,ERR,ERR,ERR,ERR,ERR,ERR,ERR,ERR,ERR,ERR,ERR,ERR,ERR,ERR,ERR,ERR,ERR,ERR,ERR,ERR,ERR,ERR,ERR,ERR,ERR,ERR,ERR,ERR,ERR,ERR,ERR,50.0,60.0,100,0.0,0.0,0.0,0.0,0.0,0.0,0.0,0.0,0.0,0.0,0.0,0.0,0.0,0.0,0.0,0.0,61.6,65,20,65521,50,65476,0,300,0,0,8,20529,65476,0,0,26214,60.0,0.0,0.0,0.0,0.0,0.0
2026-05-17T16:25:00,ERR,ERR,ERR,ERR,ERR,ERR,ERR,ERR,ERR,ERR,ERR,ERR,ERR,ERR,ERR,ERR,ERR,ERR,ERR,ERR,ERR,ERR,ERR,ERR,ERR,ERR,ERR,ERR,ERR,ERR,ERR,ERR,ERR,ERR,ERR,ERR,ERR,ERR,ERR,ERR,ERR,ERR,ERR,ERR,ERR,ERR,ERR,ERR,ERR,ERR,ERR,ERR,ERR,ERR,ERR,ERR,ERR,ERR,ERR,ERR,ERR,ERR,ERR,ERR,ERR,ERR,ERR,ERR,ERR,ERR,ERR,ERR,ERR,ERR,ERR,ERR,ERR,ERR,ERR,ERR,ERR,ERR,ERR,ERR,ERR,ERR,ERR,ERR,ERR,ERR,ERR,ERR,ERR,ERR,ERR,ERR,ERR,ERR,ERR,ERR,ERR,ERR,ERR,ERR,ERR,ERR,ERR,ERR,ERR,ERR,ERR,ERR,ERR,ERR,ERR,ERR,ERR,ERR,ERR,ERR,ERR,ERR,ERR,ERR,ERR,0.0,-107615288.0,-0.0,0.0,0.0,1.3936040501711995e+18,7.805,0.0,0,0,4,0,8422,0.0,45,0.0,0.0,0.0,0.0,0.0,0,0,0,0,0.0,0,0,0,0,0,0,0,0,0,0,0,0,0,0,0,0,0,0,0,0,0,0,0,0,0,0,0,0,0,0,0,0,0,38,14,7,45,65476,0,300,0,0,8,21553,0.0,-107605600.0,0.0,0.0,0.0,0.0,0.0,0.0,0.0,0.0,0.0,0.0,0.0,0.0,0.0,0.0,0.0,0.0,0.0,0.0,0.0,0.0,0.0,-2.004,-0.0,0.0,0.0,0.0,0.0,0.0,5102.0,1.0406657522389839e+34,0.0,0.0,-107615288.0,0.0,-0.0,0.0,0.0,0.0,0.0,53,126841110528.0,-152017330765824.0,0.0,0.0,0.0,0.0,0.0,0.0,0.0,0,0,0,0.0,0.0,0.0,0.0,0.0,0.0,0.0,0.0,0.0,0.0,0.0,0.0,0.0,0.0,0.0,0.0,0,-107875648.0,53,0.0,106,-107614832.0,-107350944.0,ERR,ERR,ERR,ERR,ERR,ERR,ERR,ERR,ERR,ERR,ERR,ERR,ERR,ERR,ERR,ERR,ERR,ERR,ERR,ERR,ERR,ERR,ERR,ERR,ERR,ERR,ERR,ERR,ERR,ERR,ERR,ERR,ERR,ERR,ERR,ERR,ERR,ERR,ERR,ERR,ERR,ERR,ERR,ERR,ERR,ERR,ERR,ERR,ERR,ERR,ERR,ERR,ERR,ERR,ERR,ERR,ERR,ERR,ERR,ERR,ERR,ERR,ERR,ERR,ERR,ERR,ERR,50.0,60.0,100,0.0,0.0,0.0,0.0,0.0,0.0,0.0,0.0,0.0,0.0,0.0,0.0,0.0,0.0,0.0,0.0,61.6,65,20,65521,50,65476,0,300,0,0,8,20529,65476,0,0,26214,60.0,0.0,0.0,0.0,0.0,0.0
2026-05-17T16:25:01,ERR,ERR,ERR,ERR,ERR,ERR,ERR,ERR,ERR,ERR,ERR,ERR,ERR,ERR,ERR,ERR,ERR,ERR,ERR,ERR,ERR,ERR,ERR,ERR,ERR,ERR,ERR,ERR,ERR,ERR,ERR,ERR,ERR,ERR,ERR,ERR,ERR,ERR,ERR,ERR,ERR,ERR,ERR,ERR,ERR,ERR,ERR,ERR,ERR,ERR,ERR,ERR,ERR,ERR,ERR,ERR,ERR,ERR,ERR,ERR,ERR,ERR,ERR,ERR,ERR,ERR,ERR,ERR,ERR,ERR,ERR,ERR,ERR,ERR,ERR,ERR,ERR,ERR,ERR,ERR,ERR,ERR,ERR,ERR,ERR,ERR,ERR,ERR,ERR,ERR,ERR,ERR,ERR,ERR,ERR,ERR,ERR,ERR,ERR,ERR,ERR,ERR,ERR,ERR,ERR,ERR,ERR,ERR,ERR,ERR,ERR,ERR,ERR,ERR,ERR,ERR,ERR,ERR,ERR,ERR,ERR,ERR,ERR,ERR,ERR,0.0,-107615288.0,-0.0,0.0,0.0,1.3936040501711995e+18,7.805,0.0,0,0,4,0,8422,0.0,45,0.0,0.0,0.0,0.0,0.0,0,0,0,0,0.0,0,0,0,0,0,0,0,0,0,0,0,0,0,0,0,0,0,0,0,0,0,0,0,0,0,0,0,0,0,0,0,0,0,38,14,7,45,65476,0,300,0,0,8,21553,0.0,-107605600.0,0.0,0.0,0.0,0.0,0.0,0.0,0.0,0.0,0.0,0.0,0.0,0.0,0.0,0.0,0.0,0.0,0.0,0.0,0.0,0.0,0.0,-2.004,-0.0,0.0,0.0,0.0,0.0,0.0,5102.0,1.0406657522389839e+34,0.0,0.0,-107615288.0,0.0,-0.0,0.0,0.0,0.0,0.0,53,126841110528.0,-152017330765824.0,0.0,0.0,0.0,0.0,0.0,0.0,0.0,0,0,0,0.0,0.0,0.0,0.0,0.0,0.0,0.0,0.0,0.0,0.0,0.0,0.0,0.0,0.0,0.0,0.0,0,-107875648.0,53,0.0,106,-107614832.0,-107350944.0,ERR,ERR,ERR,ERR,ERR,ERR,ERR,ERR,ERR,ERR,ERR,ERR,ERR,ERR,ERR,ERR,ERR,ERR,ERR,ERR,ERR,ERR,ERR,ERR,ERR,ERR,ERR,ERR,ERR,ERR,ERR,ERR,ERR,ERR,ERR,ERR,ERR,ERR,ERR,ERR,ERR,ERR,ERR,ERR,ERR,ERR,ERR,ERR,ERR,ERR,ERR,ERR,ERR,ERR,ERR,ERR,ERR,ERR,ERR,ERR,ERR,ERR,ERR,ERR,ERR,ERR,ERR,50.0,60.0,100,0.0,0.0,0.0,0.0,0.0,0.0,0.0,0.0,0.0,0.0,0.0,0.0,0.0,0.0,0.0,0.0,61.6,65,20,65521,50,65476,0,300,0,0,8,20529,65476,0,0,26214,60.0,0.0,0.0,0.0,0.0,0.0
2026-05-17T16:25:02,ERR,ERR,ERR,ERR,ERR,ERR,ERR,ERR,ERR,ERR,ERR,ERR,ERR,ERR,ERR,ERR,ERR,ERR,ERR,ERR,ERR,ERR,ERR,ERR,ERR,ERR,ERR,ERR,ERR,ERR,ERR,ERR,ERR,ERR,ERR,ERR,ERR,ERR,ERR,ERR,ERR,ERR,ERR,ERR,ERR,ERR,ERR,ERR,ERR,ERR,ERR,ERR,ERR,ERR,ERR,ERR,ERR,ERR,ERR,ERR,ERR,ERR,ERR,ERR,ERR,ERR,ERR,ERR,ERR,ERR,ERR,ERR,ERR,ERR,ERR,ERR,ERR,ERR,ERR,ERR,ERR,ERR,ERR,ERR,ERR,ERR,ERR,ERR,ERR,ERR,ERR,ERR,ERR,ERR,ERR,ERR,ERR,ERR,ERR,ERR,ERR,ERR,ERR,ERR,ERR,ERR,ERR,ERR,ERR,ERR,ERR,ERR,ERR,ERR,ERR,ERR,ERR,ERR,ERR,ERR,ERR,ERR,ERR,ERR,ERR,0.0,-107615288.0,-0.0,0.0,0.0,1.3936040501711995e+18,7.805,0.0,0,0,4,0,8422,0.0,45,0.0,0.0,0.0,0.0,0.0,0,0,0,0,0.0,0,0,0,0,0,0,0,0,0,0,0,0,0,0,0,0,0,0,0,0,0,0,0,0,0,0,0,0,0,0,0,0,0,38,14,7,45,65476,0,300,0,0,8,21553,0.0,-107605600.0,0.0,0.0,0.0,0.0,0.0,0.0,0.0,0.0,0.0,0.0,0.0,0.0,0.0,0.0,0.0,0.0,0.0,0.0,0.0,0.0,0.0,-2.004,-0.0,0.0,0.0,0.0,0.0,0.0,5100.0,0.0,0.0,0.0,-107615288.0,0.0,-0.0,0.0,0.0,0.0,0.0,53,2.7184300208680915e+23,1.9056864381632512e+17,0.0,0.0,0.0,0.0,0.0,0.0,0.0,0,0,0,0.0,0.0,0.0,0.0,0.0,0.0,0.0,0.0,0.0,0.0,0.0,0.0,0.0,0.0,0.0,0.0,0,-107875648.0,53,0.0,106,-107614832.0,-107350944.0,ERR,ERR,ERR,ERR,ERR,ERR,ERR,ERR,ERR,ERR,ERR,ERR,ERR,ERR,ERR,ERR,ERR,ERR,ERR,ERR,ERR,ERR,ERR,ERR,ERR,ERR,ERR,ERR,ERR,ERR,ERR,ERR,ERR,ERR,ERR,ERR,ERR,ERR,ERR,ERR,ERR,ERR,ERR,ERR,ERR,ERR,ERR,ERR,ERR,ERR,ERR,ERR,ERR,ERR,ERR,ERR,ERR,ERR,ERR,ERR,ERR,ERR,ERR,ERR,ERR,ERR,ERR,50.0,60.0,100,0.0,0.0,0.0,0.0,0.0,0.0,0.0,0.0,0.0,0.0,0.0,0.0,0.0,0.0,0.0,0.0,61.6,65,20,65521,50,65476,0,300,0,0,8,20529,65476,0,0,26214,60.0,0.0,0.0,0.0,0.0,0.0
2026-05-17T16:25:03,ERR,ERR,ERR,ERR,ERR,ERR,ERR,ERR,ERR,ERR,ERR,ERR,ERR,ERR,ERR,ERR,ERR,ERR,ERR,ERR,ERR,ERR,ERR,ERR,ERR,ERR,ERR,ERR,ERR,ERR,ERR,ERR,ERR,ERR,ERR,ERR,ERR,ERR,ERR,ERR,ERR,ERR,ERR,ERR,ERR,ERR,ERR,ERR,ERR,ERR,ERR,ERR,ERR,ERR,ERR,ERR,ERR,ERR,ERR,ERR,ERR,ERR,ERR,ERR,ERR,ERR,ERR,ERR,ERR,ERR,ERR,ERR,ERR,ERR,ERR,ERR,ERR,ERR,ERR,ERR,ERR,ERR,ERR,ERR,ERR,ERR,ERR,ERR,ERR,ERR,ERR,ERR,ERR,ERR,ERR,ERR,ERR,ERR,ERR,ERR,ERR,ERR,ERR,ERR,ERR,ERR,ERR,ERR,ERR,ERR,ERR,ERR,ERR,ERR,ERR,ERR,ERR,ERR,ERR,ERR,ERR,ERR,ERR,ERR,ERR,0.0,-107615288.0,-0.0,0.0,0.0,1.3936040501711995e+18,7.805,0.0,0,0,4,0,8422,0.0,45,0.0,0.0,0.0,0.0,0.0,0,0,0,0,0.0,0,0,0,0,0,0,0,0,0,0,0,0,0,0,0,0,0,0,0,0,0,0,0,0,0,0,0,0,0,0,0,0,0,38,14,7,45,65476,0,300,0,0,8,21553,0.0,-107605600.0,0.0,0.0,0.0,0.0,0.0,0.0,0.0,0.0,0.0,0.0,0.0,0.0,0.0,0.0,0.0,0.0,0.0,0.0,0.0,0.0,0.0,-2.004,-0.0,0.0,0.0,0.0,0.0,0.0,5100.0,0.0,0.0,0.0,-107615288.0,0.0,-0.0,0.0,0.0,0.0,0.0,53,2.7184300208680915e+23,1.9056864381632512e+17,0.0,0.0,0.0,0.0,0.0,0.0,0.0,0,0,0,0.0,0.0,0.0,0.0,0.0,0.0,0.0,0.0,0.0,0.0,0.0,0.0,0.0,0.0,0.0,0.0,0,-107875648.0,53,0.0,106,-107614832.0,-107350944.0,ERR,ERR,ERR,ERR,ERR,ERR,ERR,ERR,ERR,ERR,ERR,ERR,ERR,ERR,ERR,ERR,ERR,ERR,ERR,ERR,ERR,ERR,ERR,ERR,ERR,ERR,ERR,ERR,ERR,ERR,ERR,ERR,ERR,ERR,ERR,ERR,ERR,ERR,ERR,ERR,ERR,ERR,ERR,ERR,ERR,ERR,ERR,ERR,ERR,ERR,ERR,ERR,ERR,ERR,ERR,ERR,ERR,ERR,ERR,ERR,ERR,ERR,ERR,ERR,ERR,ERR,ERR,50.0,60.0,100,0.0,0.0,0.0,0.0,0.0,0.0,0.0,0.0,0.0,0.0,0.0,0.0,0.0,0.0,0.0,0.0,61.6,65,20,65521,50,65476,0,300,0,0,8,20529,65476,0,0,26214,60.0,0.0,0.0,0.0,0.0,0.0
2026-05-17T16:25:04,ERR,ERR,ERR,ERR,ERR,ERR,ERR,ERR,ERR,ERR,ERR,ERR,ERR,ERR,ERR,ERR,ERR,ERR,ERR,ERR,ERR,ERR,ERR,ERR,ERR,ERR,ERR,ERR,ERR,ERR,ERR,ERR,ERR,ERR,ERR,ERR,ERR,ERR,ERR,ERR,ERR,ERR,ERR,ERR,ERR,ERR,ERR,ERR,ERR,ERR,ERR,ERR,ERR,ERR,ERR,ERR,ERR,ERR,ERR,ERR,ERR,ERR,ERR,ERR,ERR,ERR,ERR,ERR,ERR,ERR,ERR,ERR,ERR,ERR,ERR,ERR,ERR,ERR,ERR,ERR,ERR,ERR,ERR,ERR,ERR,ERR,ERR,ERR,ERR,ERR,ERR,ERR,ERR,ERR,ERR,ERR,ERR,ERR,ERR,ERR,ERR,ERR,ERR,ERR,ERR,ERR,ERR,ERR,ERR,ERR,ERR,ERR,ERR,ERR,ERR,ERR,ERR,ERR,ERR,ERR,ERR,ERR,ERR,ERR,ERR,0.0,-107615288.0,-0.0,0.0,0.0,1.3936040501711995e+18,7.805,0.0,0,0,4,0,8422,0.0,45,0.0,0.0,0.0,0.0,0.0,0,0,0,0,0.0,0,0,0,0,0,0,0,0,0,0,0,0,0,0,0,0,0,0,0,0,0,0,0,0,0,0,0,0,0,0,0,0,0,38,14,7,45,65476,0,300,0,0,8,21553,0.0,-107605600.0,0.0,0.0,0.0,0.0,0.0,0.0,0.0,0.0,0.0,0.0,0.0,0.0,0.0,0.0,0.0,0.0,0.0,0.0,0.0,0.0,0.0,-2.004,-0.0,0.0,0.0,0.0,0.0,0.0,5100.0,0.0,0.0,0.0,-107615288.0,0.0,-0.0,0.0,0.0,0.0,0.0,53,2.7184300208680915e+23,1.9056864381632512e+17,0.0,0.0,0.0,0.0,0.0,0.0,0.0,0,0,0,0.0,0.0,0.0,0.0,0.0,0.0,0.0,0.0,0.0,0.0,0.0,0.0,0.0,0.0,0.0,0.0,0,-107875648.0,53,0.0,106,-107614832.0,-107350944.0,ERR,ERR,ERR,ERR,ERR,ERR,ERR,ERR,ERR,ERR,ERR,ERR,ERR,ERR,ERR,ERR,ERR,ERR,ERR,ERR,ERR,ERR,ERR,ERR,ERR,ERR,ERR,ERR,ERR,ERR,ERR,ERR,ERR,ERR,ERR,ERR,ERR,ERR,ERR,ERR,ERR,ERR,ERR,ERR,ERR,ERR,ERR,ERR,ERR,ERR,ERR,ERR,ERR,ERR,ERR,ERR,ERR,ERR,ERR,ERR,ERR,ERR,ERR,ERR,ERR,ERR,ERR,50.0,60.0,100,0.0,0.0,0.0,0.0,0.0,0.0,0.0,0.0,0.0,0.0,0.0,0.0,0.0,0.0,0.0,0.0,61.6,65,20,65521,50,65476,0,300,0,0,8,20529,65476,0,0,26214,60.0,0.0,0.0,0.0,0.0,0.0
2026-05-17T16:25:05,ERR,ERR,ERR,ERR,ERR,ERR,ERR,ERR,ERR,ERR,ERR,ERR,ERR,ERR,ERR,ERR,ERR,ERR,ERR,ERR,ERR,ERR,ERR,ERR,ERR,ERR,ERR,ERR,ERR,ERR,ERR,ERR,ERR,ERR,ERR,ERR,ERR,ERR,ERR,ERR,ERR,ERR,ERR,ERR,ERR,ERR,ERR,ERR,ERR,ERR,ERR,ERR,ERR,ERR,ERR,ERR,ERR,ERR,ERR,ERR,ERR,ERR,ERR,ERR,ERR,ERR,ERR,ERR,ERR,ERR,ERR,ERR,ERR,ERR,ERR,ERR,ERR,ERR,ERR,ERR,ERR,ERR,ERR,ERR,ERR,ERR,ERR,ERR,ERR,ERR,ERR,ERR,ERR,ERR,ERR,ERR,ERR,ERR,ERR,ERR,ERR,ERR,ERR,ERR,ERR,ERR,ERR,ERR,ERR,ERR,ERR,ERR,ERR,ERR,ERR,ERR,ERR,ERR,ERR,ERR,ERR,ERR,ERR,ERR,ERR,0.0,-107615288.0,-0.0,0.0,0.0,1.3936040501711995e+18,7.805,0.0,0,0,4,0,8422,0.0,45,0.0,0.0,0.0,0.0,0.0,0,0,0,0,0.0,0,0,0,0,0,0,0,0,0,0,0,0,0,0,0,0,0,0,0,0,0,0,0,0,0,0,0,0,0,0,0,0,0,38,14,7,45,65476,0,300,0,0,8,21553,0.0,-107605600.0,0.0,0.0,0.0,0.0,0.0,0.0,0.0,0.0,0.0,0.0,0.0,0.0,0.0,0.0,0.0,0.0,0.0,0.0,0.0,0.0,0.0,-2.004,-0.0,0.0,0.0,0.0,0.0,0.0,5100.0,0.0,0.0,0.0,-107615288.0,0.0,-0.0,0.0,0.0,0.0,0.0,53,2.7184300208680915e+23,1.9056864381632512e+17,0.0,0.0,0.0,0.0,0.0,0.0,0.0,0,0,0,0.0,0.0,0.0,0.0,0.0,0.0,0.0,0.0,0.0,0.0,0.0,0.0,0.0,0.0,0.0,0.0,0,-107875648.0,53,0.0,106,-107614832.0,-107350944.0,ERR,ERR,ERR,ERR,ERR,ERR,ERR,ERR,ERR,ERR,ERR,ERR,ERR,ERR,ERR,ERR,ERR,ERR,ERR,ERR,ERR,ERR,ERR,ERR,ERR,ERR,ERR,ERR,ERR,ERR,ERR,ERR,ERR,ERR,ERR,ERR,ERR,ERR,ERR,ERR,ERR,ERR,ERR,ERR,ERR,ERR,ERR,ERR,ERR,ERR,ERR,ERR,ERR,ERR,ERR,ERR,ERR,ERR,ERR,ERR,ERR,ERR,ERR,ERR,ERR,ERR,ERR,50.0,60.0,100,0.0,0.0,0.0,0.0,0.0,0.0,0.0,0.0,0.0,0.0,0.0,0.0,0.0,0.0,0.0,0.0,62.0,65,20,65521,50,65476,0,300,0,0,8,20529,65476,0,0,26214,60.0,0.0,0.0,0.0,0.0,0.0
2026-05-17T16:25:06,ERR,ERR,ERR,ERR,ERR,ERR,ERR,ERR,ERR,ERR,ERR,ERR,ERR,ERR,ERR,ERR,ERR,ERR,ERR,ERR,ERR,ERR,ERR,ERR,ERR,ERR,ERR,ERR,ERR,ERR,ERR,ERR,ERR,ERR,ERR,ERR,ERR,ERR,ERR,ERR,ERR,ERR,ERR,ERR,ERR,ERR,ERR,ERR,ERR,ERR,ERR,ERR,ERR,ERR,ERR,ERR,ERR,ERR,ERR,ERR,ERR,ERR,ERR,ERR,ERR,ERR,ERR,ERR,ERR,ERR,ERR,ERR,ERR,ERR,ERR,ERR,ERR,ERR,ERR,ERR,ERR,ERR,ERR,ERR,ERR,ERR,ERR,ERR,ERR,ERR,ERR,ERR,ERR,ERR,ERR,ERR,ERR,ERR,ERR,ERR,ERR,ERR,ERR,ERR,ERR,ERR,ERR,ERR,ERR,ERR,ERR,ERR,ERR,ERR,ERR,ERR,ERR,ERR,ERR,ERR,ERR,ERR,ERR,ERR,ERR,0.0,-107615288.0,-0.0,0.0,0.0,1.3936040501711995e+18,7.805,0.0,0,0,4,0,8422,0.0,45,0.0,0.0,0.0,0.0,0.0,0,0,0,0,0.0,0,0,0,0,0,0,0,0,0,0,0,0,0,0,0,0,0,0,0,0,0,0,0,0,0,0,0,0,0,0,0,0,0,38,14,7,45,65476,0,300,0,0,8,21553,0.0,-107605600.0,0.0,0.0,0.0,0.0,0.0,0.0,0.0,0.0,0.0,0.0,0.0,0.0,0.0,0.0,0.0,0.0,0.0,0.0,0.0,0.0,0.0,-2.004,-0.0,0.0,0.0,0.0,0.0,0.0,5100.0,0.0,0.0,0.0,-107615288.0,0.0,-0.0,0.0,0.0,0.0,0.0,53,2.7184300208680915e+23,1.9056864381632512e+17,0.0,0.0,0.0,0.0,0.0,0.0,0.0,0,0,0,0.0,0.0,0.0,0.0,0.0,0.0,0.0,0.0,0.0,0.0,0.0,0.0,0.0,0.0,0.0,0.0,0,-107875648.0,53,0.0,106,-107614832.0,-107350944.0,ERR,ERR,ERR,ERR,ERR,ERR,ERR,ERR,ERR,ERR,ERR,ERR,ERR,ERR,ERR,ERR,ERR,ERR,ERR,ERR,ERR,ERR,ERR,ERR,ERR,ERR,ERR,ERR,ERR,ERR,ERR,ERR,ERR,ERR,ERR,ERR,ERR,ERR,ERR,ERR,ERR,ERR,ERR,ERR,ERR,ERR,ERR,ERR,ERR,ERR,ERR,ERR,ERR,ERR,ERR,ERR,ERR,ERR,ERR,ERR,ERR,ERR,ERR,ERR,ERR,ERR,ERR,50.0,60.0,100,0.0,0.0,0.0,0.0,0.0,0.0,0.0,0.0,0.0,0.0,0.0,0.0,0.0,0.0,0.0,0.0,62.0,65,20,65521,50,65476,0,300,0,0,8,20529,65476,0,0,26214,60.0,0.0,0.0,0.0,0.0,0.0
2026-05-17T16:25:07,ERR,ERR,ERR,ERR,ERR,ERR,ERR,ERR,ERR,ERR,ERR,ERR,ERR,ERR,ERR,ERR,ERR,ERR,ERR,ERR,ERR,ERR,ERR,ERR,ERR,ERR,ERR,ERR,ERR,ERR,ERR,ERR,ERR,ERR,ERR,ERR,ERR,ERR,ERR,ERR,ERR,ERR,ERR,ERR,ERR,ERR,ERR,ERR,ERR,ERR,ERR,ERR,ERR,ERR,ERR,ERR,ERR,ERR,ERR,ERR,ERR,ERR,ERR,ERR,ERR,ERR,ERR,ERR,ERR,ERR,ERR,ERR,ERR,ERR,ERR,ERR,ERR,ERR,ERR,ERR,ERR,ERR,ERR,ERR,ERR,ERR,ERR,ERR,ERR,ERR,ERR,ERR,ERR,ERR,ERR,ERR,ERR,ERR,ERR,ERR,ERR,ERR,ERR,ERR,ERR,ERR,ERR,ERR,ERR,ERR,ERR,ERR,ERR,ERR,ERR,ERR,ERR,ERR,ERR,ERR,ERR,ERR,ERR,ERR,ERR,0.0,-107615288.0,-0.0,0.0,0.0,1.3936040501711995e+18,7.805,0.0,0,0,4,0,8422,0.0,45,0.0,0.0,0.0,0.0,0.0,0,0,0,0,0.0,0,0,0,0,0,0,0,0,0,0,0,0,0,0,0,0,0,0,0,0,0,0,0,0,0,0,0,0,0,0,0,0,0,38,14,7,45,65476,0,300,0,0,8,21553,0.0,-107605600.0,0.0,0.0,0.0,0.0,0.0,0.0,0.0,0.0,0.0,0.0,0.0,0.0,0.0,0.0,0.0,0.0,0.0,0.0,0.0,0.0,0.0,-2.004,-0.0,0.0,0.0,0.0,0.0,0.0,5070.0,-0.0,0.0,0.0,-107615288.0,0.0,-0.0,0.0,0.0,0.0,0.0,53,2.7184300208680915e+23,0.0,0.0,0.0,0.0,0.0,0.0,0.0,0.0,0,0,0,0.0,0.0,0.0,0.0,0.0,0.0,0.0,0.0,0.0,0.0,0.0,0.0,0.0,0.0,0.0,0.0,0,-107875648.0,53,0.0,106,-107614832.0,-107350944.0,ERR,ERR,ERR,ERR,ERR,ERR,ERR,ERR,ERR,ERR,ERR,ERR,ERR,ERR,ERR,ERR,ERR,ERR,ERR,ERR,ERR,ERR,ERR,ERR,ERR,ERR,ERR,ERR,ERR,ERR,ERR,ERR,ERR,ERR,ERR,ERR,ERR,ERR,ERR,ERR,ERR,ERR,ERR,ERR,ERR,ERR,ERR,ERR,ERR,ERR,ERR,ERR,ERR,ERR,ERR,ERR,ERR,ERR,ERR,ERR,ERR,ERR,ERR,ERR,ERR,ERR,ERR,50.0,60.0,100,0.0,0.0,0.0,0.0,0.0,0.0,0.0,0.0,0.0,0.0,0.0,0.0,0.0,0.0,0.0,0.0,61.6,65,20,65521,50,65476,0,300,0,0,8,20529,65476,0,0,26214,60.0,0.0,0.0,0.0,0.0,0.0
2026-05-17T16:25:08,ERR,ERR,ERR,ERR,ERR,ERR,ERR,ERR,ERR,ERR,ERR,ERR,ERR,ERR,ERR,ERR,ERR,ERR,ERR,ERR,ERR,ERR,ERR,ERR,ERR,ERR,ERR,ERR,ERR,ERR,ERR,ERR,ERR,ERR,ERR,ERR,ERR,ERR,ERR,ERR,ERR,ERR,ERR,ERR,ERR,ERR,ERR,ERR,ERR,ERR,ERR,ERR,ERR,ERR,ERR,ERR,ERR,ERR,ERR,ERR,ERR,ERR,ERR,ERR,ERR,ERR,ERR,ERR,ERR,ERR,ERR,ERR,ERR,ERR,ERR,ERR,ERR,ERR,ERR,ERR,ERR,ERR,ERR,ERR,ERR,ERR,ERR,ERR,ERR,ERR,ERR,ERR,ERR,ERR,ERR,ERR,ERR,ERR,ERR,ERR,ERR,ERR,ERR,ERR,ERR,ERR,ERR,ERR,ERR,ERR,ERR,ERR,ERR,ERR,ERR,ERR,ERR,ERR,ERR,ERR,ERR,ERR,ERR,ERR,ERR,0.0,-107615288.0,-0.0,0.0,0.0,1.3936040501711995e+18,7.805,0.0,0,0,4,0,8422,0.0,45,0.0,0.0,0.0,0.0,0.0,0,0,0,0,0.0,0,0,0,0,0,0,0,0,0,0,0,0,0,0,0,0,0,0,0,0,0,0,0,0,0,0,0,0,0,0,0,0,0,38,14,7,45,65476,0,300,0,0,8,21553,0.0,-107605600.0,0.0,0.0,0.0,0.0,0.0,0.0,0.0,0.0,0.0,0.0,0.0,0.0,0.0,0.0,0.0,0.0,0.0,0.0,0.0,0.0,0.0,-2.004,-0.0,0.0,0.0,0.0,0.0,0.0,5070.0,-0.0,0.0,0.0,-107615288.0,0.0,-0.0,0.0,0.0,0.0,0.0,53,2.7184300208680915e+23,0.0,0.0,0.0,0.0,0.0,0.0,0.0,0.0,0,0,0,0.0,0.0,0.0,0.0,0.0,0.0,0.0,0.0,0.0,0.0,0.0,0.0,0.0,0.0,0.0,0.0,0,-107875648.0,53,0.0,106,-107614832.0,-107350944.0,ERR,ERR,ERR,ERR,ERR,ERR,ERR,ERR,ERR,ERR,ERR,ERR,ERR,ERR,ERR,ERR,ERR,ERR,ERR,ERR,ERR,ERR,ERR,ERR,ERR,ERR,ERR,ERR,ERR,ERR,ERR,ERR,ERR,ERR,ERR,ERR,ERR,ERR,ERR,ERR,ERR,ERR,ERR,ERR,ERR,ERR,ERR,ERR,ERR,ERR,ERR,ERR,ERR,ERR,ERR,ERR,ERR,ERR,ERR,ERR,ERR,ERR,ERR,ERR,ERR,ERR,ERR,50.0,60.0,100,0.0,0.0,0.0,0.0,0.0,0.0,0.0,0.0,0.0,0.0,0.0,0.0,0.0,0.0,0.0,0.0,61.6,65,20,65521,50,65476,0,300,0,0,8,20529,65476,0,0,26214,60.0,0.0,0.0,0.0,0.0,0.0
2026-05-17T16:25:09,ERR,ERR,ERR,ERR,ERR,ERR,ERR,ERR,ERR,ERR,ERR,ERR,ERR,ERR,ERR,ERR,ERR,ERR,ERR,ERR,ERR,ERR,ERR,ERR,ERR,ERR,ERR,ERR,ERR,ERR,ERR,ERR,ERR,ERR,ERR,ERR,ERR,ERR,ERR,ERR,ERR,ERR,ERR,ERR,ERR,ERR,ERR,ERR,ERR,ERR,ERR,ERR,ERR,ERR,ERR,ERR,ERR,ERR,ERR,ERR,ERR,ERR,ERR,ERR,ERR,ERR,ERR,ERR,ERR,ERR,ERR,ERR,ERR,ERR,ERR,ERR,ERR,ERR,ERR,ERR,ERR,ERR,ERR,ERR,ERR,ERR,ERR,ERR,ERR,ERR,ERR,ERR,ERR,ERR,ERR,ERR,ERR,ERR,ERR,ERR,ERR,ERR,ERR,ERR,ERR,ERR,ERR,ERR,ERR,ERR,ERR,ERR,ERR,ERR,ERR,ERR,ERR,ERR,ERR,ERR,ERR,ERR,ERR,ERR,ERR,0.0,-107615288.0,-0.0,0.0,0.0,1.3936040501711995e+18,7.805,0.0,0,0,4,0,8422,0.0,45,0.0,0.0,0.0,0.0,0.0,0,0,0,0,0.0,0,0,0,0,0,0,0,0,0,0,0,0,0,0,0,0,0,0,0,0,0,0,0,0,0,0,0,0,0,0,0,0,0,38,14,7,45,65476,0,300,0,0,8,21553,0.0,-107605600.0,0.0,0.0,0.0,0.0,0.0,0.0,0.0,0.0,0.0,0.0,0.0,0.0,0.0,0.0,0.0,0.0,0.0,0.0,0.0,0.0,0.0,-2.004,-0.0,0.0,0.0,0.0,0.0,0.0,5070.0,-0.0,0.0,0.0,-107615288.0,0.0,-0.0,0.0,0.0,0.0,0.0,53,2.7184300208680915e+23,0.0,0.0,0.0,0.0,0.0,0.0,0.0,0.0,0,0,0,0.0,0.0,0.0,0.0,0.0,0.0,0.0,0.0,0.0,0.0,0.0,0.0,0.0,0.0,0.0,0.0,0,-107875648.0,53,0.0,106,-107614832.0,-107350944.0,ERR,ERR,ERR,ERR,ERR,ERR,ERR,ERR,ERR,ERR,ERR,ERR,ERR,ERR,ERR,ERR,ERR,ERR,ERR,ERR,ERR,ERR,ERR,ERR,ERR,ERR,ERR,ERR,ERR,ERR,ERR,ERR,ERR,ERR,ERR,ERR,ERR,ERR,ERR,ERR,ERR,ERR,ERR,ERR,ERR,ERR,ERR,ERR,ERR,ERR,ERR,ERR,ERR,ERR,ERR,ERR,ERR,ERR,ERR,ERR,ERR,ERR,ERR,ERR,ERR,ERR,ERR,50.0,60.0,100,0.0,0.0,0.0,0.0,0.0,0.0,0.0,0.0,0.0,0.0,0.0,0.0,0.0,0.0,0.0,0.0,61.6,65,20,65521,50,65476,0,300,0,0,8,20529,65476,0,0,26214,60.0,0.0,0.0,0.0,0.0,0.0
2026-05-17T16:25:10,ERR,ERR,ERR,ERR,ERR,ERR,ERR,ERR,ERR,ERR,ERR,ERR,ERR,ERR,ERR,ERR,ERR,ERR,ERR,ERR,ERR,ERR,ERR,ERR,ERR,ERR,ERR,ERR,ERR,ERR,ERR,ERR,ERR,ERR,ERR,ERR,ERR,ERR,ERR,ERR,ERR,ERR,ERR,ERR,ERR,ERR,ERR,ERR,ERR,ERR,ERR,ERR,ERR,ERR,ERR,ERR,ERR,ERR,ERR,ERR,ERR,ERR,ERR,ERR,ERR,ERR,ERR,ERR,ERR,ERR,ERR,ERR,ERR,ERR,ERR,ERR,ERR,ERR,ERR,ERR,ERR,ERR,ERR,ERR,ERR,ERR,ERR,ERR,ERR,ERR,ERR,ERR,ERR,ERR,ERR,ERR,ERR,ERR,ERR,ERR,ERR,ERR,ERR,ERR,ERR,ERR,ERR,ERR,ERR,ERR,ERR,ERR,ERR,ERR,ERR,ERR,ERR,ERR,ERR,ERR,ERR,ERR,ERR,ERR,ERR,0.0,-107615288.0,-0.0,0.0,0.0,1.3936040501711995e+18,7.805,0.0,0,0,4,0,8422,0.0,45,0.0,0.0,0.0,0.0,0.0,0,0,0,0,0.0,0,0,0,0,0,0,0,0,0,0,0,0,0,0,0,0,0,0,0,0,0,0,0,0,0,0,0,0,0,0,0,0,0,38,14,7,45,65476,0,300,0,0,8,21553,0.0,-107605600.0,0.0,0.0,0.0,0.0,0.0,0.0,0.0,0.0,0.0,0.0,0.0,0.0,0.0,0.0,0.0,0.0,0.0,0.0,0.0,0.0,0.0,-2.004,-0.0,0.0,0.0,0.0,0.0,0.0,5070.0,-0.0,0.0,0.0,-107615288.0,0.0,-0.0,0.0,0.0,0.0,0.0,53,2.7184300208680915e+23,0.0,0.0,0.0,0.0,0.0,0.0,0.0,0.0,0,0,0,0.0,0.0,0.0,0.0,0.0,0.0,0.0,0.0,0.0,0.0,0.0,0.0,0.0,0.0,0.0,0.0,0,-107875648.0,53,0.0,106,-107614832.0,-107350944.0,ERR,ERR,ERR,ERR,ERR,ERR,ERR,ERR,ERR,ERR,ERR,ERR,ERR,ERR,ERR,ERR,ERR,ERR,ERR,ERR,ERR,ERR,ERR,ERR,ERR,ERR,ERR,ERR,ERR,ERR,ERR,ERR,ERR,ERR,ERR,ERR,ERR,ERR,ERR,ERR,ERR,ERR,ERR,ERR,ERR,ERR,ERR,ERR,ERR,ERR,ERR,ERR,ERR,ERR,ERR,ERR,ERR,ERR,ERR,ERR,ERR,ERR,ERR,ERR,ERR,ERR,ERR,50.0,60.0,100,0.0,0.0,0.0,0.0,0.0,0.0,0.0,0.0,0.0,0.0,0.0,0.0,0.0,0.0,0.0,0.0,62.0,65,20,65521,50,65476,0,300,0,0,8,20529,65476,0,0,26214,60.0,0.0,0.0,0.0,0.0,0.0
2026-05-17T16:25:11,ERR,ERR,ERR,ERR,ERR,ERR,ERR,ERR,ERR,ERR,ERR,ERR,ERR,ERR,ERR,ERR,ERR,ERR,ERR,ERR,ERR,ERR,ERR,ERR,ERR,ERR,ERR,ERR,ERR,ERR,ERR,ERR,ERR,ERR,ERR,ERR,ERR,ERR,ERR,ERR,ERR,ERR,ERR,ERR,ERR,ERR,ERR,ERR,ERR,ERR,ERR,ERR,ERR,ERR,ERR,ERR,ERR,ERR,ERR,ERR,ERR,ERR,ERR,ERR,ERR,ERR,ERR,ERR,ERR,ERR,ERR,ERR,ERR,ERR,ERR,ERR,ERR,ERR,ERR,ERR,ERR,ERR,ERR,ERR,ERR,ERR,ERR,ERR,ERR,ERR,ERR,ERR,ERR,ERR,ERR,ERR,ERR,ERR,ERR,ERR,ERR,ERR,ERR,ERR,ERR,ERR,ERR,ERR,ERR,ERR,ERR,ERR,ERR,ERR,ERR,ERR,ERR,ERR,ERR,ERR,ERR,ERR,ERR,ERR,ERR,0.0,-107615288.0,-0.0,0.0,0.0,1.3936040501711995e+18,7.805,0.0,0,0,4,0,8422,0.0,45,0.0,0.0,0.0,0.0,0.0,0,0,0,0,0.0,0,0,0,0,0,0,0,0,0,0,0,0,0,0,0,0,0,0,0,0,0,0,0,0,0,0,0,0,0,0,0,0,0,38,14,7,45,65476,0,300,0,0,8,21553,0.0,-107605600.0,0.0,0.0,0.0,0.0,0.0,0.0,0.0,0.0,0.0,0.0,0.0,0.0,0.0,0.0,0.0,0.0,0.0,0.0,0.0,0.0,0.0,-2.004,-0.0,0.0,0.0,0.0,0.0,0.0,5070.0,-0.0,0.0,0.0,-107615288.0,0.0,-0.0,0.0,0.0,0.0,0.0,53,2.7184300208680915e+23,0.0,0.0,0.0,0.0,0.0,0.0,0.0,0.0,0,0,0,0.0,0.0,0.0,0.0,0.0,0.0,0.0,0.0,0.0,0.0,0.0,0.0,0.0,0.0,0.0,0.0,0,-107875648.0,53,0.0,106,-107614832.0,-107350944.0,ERR,ERR,ERR,ERR,ERR,ERR,ERR,ERR,ERR,ERR,ERR,ERR,ERR,ERR,ERR,ERR,ERR,ERR,ERR,ERR,ERR,ERR,ERR,ERR,ERR,ERR,ERR,ERR,ERR,ERR,ERR,ERR,ERR,ERR,ERR,ERR,ERR,ERR,ERR,ERR,ERR,ERR,ERR,ERR,ERR,ERR,ERR,ERR,ERR,ERR,ERR,ERR,ERR,ERR,ERR,ERR,ERR,ERR,ERR,ERR,ERR,ERR,ERR,ERR,ERR,ERR,ERR,50.0,60.0,100,0.0,0.0,0.0,0.0,0.0,0.0,0.0,0.0,0.0,0.0,0.0,0.0,0.0,0.0,0.0,0.0,62.0,65,20,65521,50,65476,0,300,0,0,8,20529,65476,0,0,26214,60.0,0.0,0.0,0.0,0.0,0.0
2026-05-17T16:25:12,ERR,ERR,ERR,ERR,ERR,ERR,ERR,ERR,ERR,ERR,ERR,ERR,ERR,ERR,ERR,ERR,ERR,ERR,ERR,ERR,ERR,ERR,ERR,ERR,ERR,ERR,ERR,ERR,ERR,ERR,ERR,ERR,ERR,ERR,ERR,ERR,ERR,ERR,ERR,ERR,ERR,ERR,ERR,ERR,ERR,ERR,ERR,ERR,ERR,ERR,ERR,ERR,ERR,ERR,ERR,ERR,ERR,ERR,ERR,ERR,ERR,ERR,ERR,ERR,ERR,ERR,ERR,ERR,ERR,ERR,ERR,ERR,ERR,ERR,ERR,ERR,ERR,ERR,ERR,ERR,ERR,ERR,ERR,ERR,ERR,ERR,ERR,ERR,ERR,ERR,ERR,ERR,ERR,ERR,ERR,ERR,ERR,ERR,ERR,ERR,ERR,ERR,ERR,ERR,ERR,ERR,ERR,ERR,ERR,ERR,ERR,ERR,ERR,ERR,ERR,ERR,ERR,ERR,ERR,ERR,ERR,ERR,ERR,ERR,ERR,0.0,-107615288.0,-0.0,0.0,0.0,1.3936040501711995e+18,7.805,0.0,0,0,4,0,8422,0.0,45,0.0,0.0,0.0,0.0,0.0,0,0,0,0,0.0,0,0,0,0,0,0,0,0,0,0,0,0,0,0,0,0,0,0,0,0,0,0,0,0,0,0,0,0,0,0,0,0,0,38,14,7,45,65476,0,300,0,0,8,21553,0.0,-107605600.0,0.0,0.0,0.0,0.0,0.0,0.0,0.0,0.0,0.0,0.0,0.0,0.0,0.0,0.0,0.0,0.0,0.0,0.0,0.0,0.0,0.0,-2.004,-0.0,0.0,0.0,0.0,0.0,0.0,5067.0,0.0,0.0,0.0,-107615288.0,0.0,-0.0,0.0,0.0,0.0,0.0,53,1.9056979486756045e+17,1.9056862663645594e+17,0.0,0.0,0.0,0.0,0.0,0.0,0.0,0,0,0,0.0,0.0,0.0,0.0,0.0,0.0,0.0,0.0,0.0,0.0,0.0,0.0,0.0,0.0,0.0,0.0,0,-107875648.0,53,0.0,106,-107614832.0,-107350944.0,ERR,ERR,ERR,ERR,ERR,ERR,ERR,ERR,ERR,ERR,ERR,ERR,ERR,ERR,ERR,ERR,ERR,ERR,ERR,ERR,ERR,ERR,ERR,ERR,ERR,ERR,ERR,ERR,ERR,ERR,ERR,ERR,ERR,ERR,ERR,ERR,ERR,ERR,ERR,ERR,ERR,ERR,ERR,ERR,ERR,ERR,ERR,ERR,ERR,ERR,ERR,ERR,ERR,ERR,ERR,ERR,ERR,ERR,ERR,ERR,ERR,ERR,ERR,ERR,ERR,ERR,ERR,50.0,60.0,100,0.0,0.0,0.0,0.0,0.0,0.0,0.0,0.0,0.0,0.0,0.0,0.0,0.0,0.0,0.0,0.0,61.6,65,20,65521,50,65476,0,300,0,0,8,20529,65476,0,0,26214,60.0,0.0,0.0,0.0,0.0,0.0
2026-05-17T16:25:13,ERR,ERR,ERR,ERR,ERR,ERR,ERR,ERR,ERR,ERR,ERR,ERR,ERR,ERR,ERR,ERR,ERR,ERR,ERR,ERR,ERR,ERR,ERR,ERR,ERR,ERR,ERR,ERR,ERR,ERR,ERR,ERR,ERR,ERR,ERR,ERR,ERR,ERR,ERR,ERR,ERR,ERR,ERR,ERR,ERR,ERR,ERR,ERR,ERR,ERR,ERR,ERR,ERR,ERR,ERR,ERR,ERR,ERR,ERR,ERR,ERR,ERR,ERR,ERR,ERR,ERR,ERR,ERR,ERR,ERR,ERR,ERR,ERR,ERR,ERR,ERR,ERR,ERR,ERR,ERR,ERR,ERR,ERR,ERR,ERR,ERR,ERR,ERR,ERR,ERR,ERR,ERR,ERR,ERR,ERR,ERR,ERR,ERR,ERR,ERR,ERR,ERR,ERR,ERR,ERR,ERR,ERR,ERR,ERR,ERR,ERR,ERR,ERR,ERR,ERR,ERR,ERR,ERR,ERR,ERR,ERR,ERR,ERR,ERR,ERR,0.0,-107615288.0,-0.0,0.0,0.0,1.3936040501711995e+18,7.805,0.0,0,0,4,0,8422,0.0,45,0.0,0.0,0.0,0.0,0.0,0,0,0,0,0.0,0,0,0,0,0,0,0,0,0,0,0,0,0,0,0,0,0,0,0,0,0,0,0,0,0,0,0,0,0,0,0,0,0,38,14,7,45,65476,0,300,0,0,8,21553,0.0,-107605600.0,0.0,0.0,0.0,0.0,0.0,0.0,0.0,0.0,0.0,0.0,0.0,0.0,0.0,0.0,0.0,0.0,0.0,0.0,0.0,0.0,0.0,-2.004,-0.0,0.0,0.0,0.0,0.0,0.0,5067.0,0.0,0.0,0.0,-107615288.0,0.0,-0.0,0.0,0.0,0.0,0.0,53,1.9056979486756045e+17,1.9056862663645594e+17,0.0,0.0,0.0,0.0,0.0,0.0,0.0,0,0,0,0.0,0.0,0.0,0.0,0.0,0.0,0.0,0.0,0.0,0.0,0.0,0.0,0.0,0.0,0.0,0.0,0,-107875648.0,53,0.0,106,-107614832.0,-107350944.0,ERR,ERR,ERR,ERR,ERR,ERR,ERR,ERR,ERR,ERR,ERR,ERR,ERR,ERR,ERR,ERR,ERR,ERR,ERR,ERR,ERR,ERR,ERR,ERR,ERR,ERR,ERR,ERR,ERR,ERR,ERR,ERR,ERR,ERR,ERR,ERR,ERR,ERR,ERR,ERR,ERR,ERR,ERR,ERR,ERR,ERR,ERR,ERR,ERR,ERR,ERR,ERR,ERR,ERR,ERR,ERR,ERR,ERR,ERR,ERR,ERR,ERR,ERR,ERR,ERR,ERR,ERR,50.0,60.0,100,0.0,0.0,0.0,0.0,0.0,0.0,0.0,0.0,0.0,0.0,0.0,0.0,0.0,0.0,0.0,0.0,61.6,65,20,65521,50,65476,0,300,0,0,8,20529,65476,0,0,26214,60.0,0.0,0.0,0.0,0.0,0.0
2026-05-17T16:25:14,ERR,ERR,ERR,ERR,ERR,ERR,ERR,ERR,ERR,ERR,ERR,ERR,ERR,ERR,ERR,ERR,ERR,ERR,ERR,ERR,ERR,ERR,ERR,ERR,ERR,ERR,ERR,ERR,ERR,ERR,ERR,ERR,ERR,ERR,ERR,ERR,ERR,ERR,ERR,ERR,ERR,ERR,ERR,ERR,ERR,ERR,ERR,ERR,ERR,ERR,ERR,ERR,ERR,ERR,ERR,ERR,ERR,ERR,ERR,ERR,ERR,ERR,ERR,ERR,ERR,ERR,ERR,ERR,ERR,ERR,ERR,ERR,ERR,ERR,ERR,ERR,ERR,ERR,ERR,ERR,ERR,ERR,ERR,ERR,ERR,ERR,ERR,ERR,ERR,ERR,ERR,ERR,ERR,ERR,ERR,ERR,ERR,ERR,ERR,ERR,ERR,ERR,ERR,ERR,ERR,ERR,ERR,ERR,ERR,ERR,ERR,ERR,ERR,ERR,ERR,ERR,ERR,ERR,ERR,ERR,ERR,ERR,ERR,ERR,ERR,0.0,-107615288.0,-0.0,0.0,0.0,1.3936040501711995e+18,7.805,0.0,0,0,4,0,8422,0.0,45,0.0,0.0,0.0,0.0,0.0,0,0,0,0,0.0,0,0,0,0,0,0,0,0,0,0,0,0,0,0,0,0,0,0,0,0,0,0,0,0,0,0,0,0,0,0,0,0,0,38,14,7,45,65476,0,300,0,0,8,21553,0.0,-107605600.0,0.0,0.0,0.0,0.0,0.0,0.0,0.0,0.0,0.0,0.0,0.0,0.0,0.0,0.0,0.0,0.0,0.0,0.0,0.0,0.0,0.0,-2.004,-0.0,0.0,0.0,0.0,0.0,0.0,5067.0,0.0,0.0,0.0,-107615288.0,0.0,-0.0,0.0,0.0,0.0,0.0,53,1.9056979486756045e+17,1.9056862663645594e+17,0.0,0.0,0.0,0.0,0.0,0.0,0.0,0,0,0,0.0,0.0,0.0,0.0,0.0,0.0,0.0,0.0,0.0,0.0,0.0,0.0,0.0,0.0,0.0,0.0,0,-107875648.0,53,0.0,106,-107614832.0,-107350944.0,ERR,ERR,ERR,ERR,ERR,ERR,ERR,ERR,ERR,ERR,ERR,ERR,ERR,ERR,ERR,ERR,ERR,ERR,ERR,ERR,ERR,ERR,ERR,ERR,ERR,ERR,ERR,ERR,ERR,ERR,ERR,ERR,ERR,ERR,ERR,ERR,ERR,ERR,ERR,ERR,ERR,ERR,ERR,ERR,ERR,ERR,ERR,ERR,ERR,ERR,ERR,ERR,ERR,ERR,ERR,ERR,ERR,ERR,ERR,ERR,ERR,ERR,ERR,ERR,ERR,ERR,ERR,50.0,60.0,100,0.0,0.0,0.0,0.0,0.0,0.0,0.0,0.0,0.0,0.0,0.0,0.0,0.0,0.0,0.0,0.0,61.6,65,20,65521,50,65476,0,300,0,0,8,20529,65476,0,0,26214,60.0,0.0,0.0,0.0,0.0,0.0
2026-05-17T16:25:15,ERR,ERR,ERR,ERR,ERR,ERR,ERR,ERR,ERR,ERR,ERR,ERR,ERR,ERR,ERR,ERR,ERR,ERR,ERR,ERR,ERR,ERR,ERR,ERR,ERR,ERR,ERR,ERR,ERR,ERR,ERR,ERR,ERR,ERR,ERR,ERR,ERR,ERR,ERR,ERR,ERR,ERR,ERR,ERR,ERR,ERR,ERR,ERR,ERR,ERR,ERR,ERR,ERR,ERR,ERR,ERR,ERR,ERR,ERR,ERR,ERR,ERR,ERR,ERR,ERR,ERR,ERR,ERR,ERR,ERR,ERR,ERR,ERR,ERR,ERR,ERR,ERR,ERR,ERR,ERR,ERR,ERR,ERR,ERR,ERR,ERR,ERR,ERR,ERR,ERR,ERR,ERR,ERR,ERR,ERR,ERR,ERR,ERR,ERR,ERR,ERR,ERR,ERR,ERR,ERR,ERR,ERR,ERR,ERR,ERR,ERR,ERR,ERR,ERR,ERR,ERR,ERR,ERR,ERR,ERR,ERR,ERR,ERR,ERR,ERR,0.0,-107615288.0,-0.0,0.0,0.0,1.3936040501711995e+18,7.805,0.0,0,0,4,0,8422,0.0,45,0.0,0.0,0.0,0.0,0.0,0,0,0,0,0.0,0,0,0,0,0,0,0,0,0,0,0,0,0,0,0,0,0,0,0,0,0,0,0,0,0,0,0,0,0,0,0,0,0,38,14,7,45,65476,0,300,0,0,8,21553,0.0,-107605600.0,0.0,0.0,0.0,0.0,0.0,0.0,0.0,0.0,0.0,0.0,0.0,0.0,0.0,0.0,0.0,0.0,0.0,0.0,0.0,0.0,0.0,-2.004,-0.0,0.0,0.0,0.0,0.0,0.0,5067.0,0.0,0.0,0.0,-107615288.0,0.0,-0.0,0.0,0.0,0.0,0.0,53,1.9056979486756045e+17,1.9056862663645594e+17,0.0,0.0,0.0,0.0,0.0,0.0,0.0,0,0,0,0.0,0.0,0.0,0.0,0.0,0.0,0.0,0.0,0.0,0.0,0.0,0.0,0.0,0.0,0.0,0.0,0,-107875648.0,53,0.0,106,-107614832.0,-107350944.0,ERR,ERR,ERR,ERR,ERR,ERR,ERR,ERR,ERR,ERR,ERR,ERR,ERR,ERR,ERR,ERR,ERR,ERR,ERR,ERR,ERR,ERR,ERR,ERR,ERR,ERR,ERR,ERR,ERR,ERR,ERR,ERR,ERR,ERR,ERR,ERR,ERR,ERR,ERR,ERR,ERR,ERR,ERR,ERR,ERR,ERR,ERR,ERR,ERR,ERR,ERR,ERR,ERR,ERR,ERR,ERR,ERR,ERR,ERR,ERR,ERR,ERR,ERR,ERR,ERR,ERR,ERR,50.0,60.0,100,0.0,0.0,0.0,0.0,0.0,0.0,0.0,0.0,0.0,0.0,0.0,0.0,0.0,0.0,0.0,0.0,61.6,65,20,65521,50,65476,0,300,0,0,8,20529,65476,0,0,26214,60.0,0.0,0.0,0.0,0.0,0.0
2026-05-17T16:25:16,ERR,ERR,ERR,ERR,ERR,ERR,ERR,ERR,ERR,ERR,ERR,ERR,ERR,ERR,ERR,ERR,ERR,ERR,ERR,ERR,ERR,ERR,ERR,ERR,ERR,ERR,ERR,ERR,ERR,ERR,ERR,ERR,ERR,ERR,ERR,ERR,ERR,ERR,ERR,ERR,ERR,ERR,ERR,ERR,ERR,ERR,ERR,ERR,ERR,ERR,ERR,ERR,ERR,ERR,ERR,ERR,ERR,ERR,ERR,ERR,ERR,ERR,ERR,ERR,ERR,ERR,ERR,ERR,ERR,ERR,ERR,ERR,ERR,ERR,ERR,ERR,ERR,ERR,ERR,ERR,ERR,ERR,ERR,ERR,ERR,ERR,ERR,ERR,ERR,ERR,ERR,ERR,ERR,ERR,ERR,ERR,ERR,ERR,ERR,ERR,ERR,ERR,ERR,ERR,ERR,ERR,ERR,ERR,ERR,ERR,ERR,ERR,ERR,ERR,ERR,ERR,ERR,ERR,ERR,ERR,ERR,ERR,ERR,ERR,ERR,0.0,-107615288.0,-0.0,0.0,0.0,1.3936040501711995e+18,7.805,0.0,0,0,4,0,8422,0.0,45,0.0,0.0,0.0,0.0,0.0,0,0,0,0,0.0,0,0,0,0,0,0,0,0,0,0,0,0,0,0,0,0,0,0,0,0,0,0,0,0,0,0,0,0,0,0,0,0,0,38,14,7,45,65476,0,300,0,0,8,21553,0.0,-107605600.0,0.0,0.0,0.0,0.0,0.0,0.0,0.0,0.0,0.0,0.0,0.0,0.0,0.0,0.0,0.0,0.0,0.0,0.0,0.0,0.0,0.0,-2.004,-0.0,0.0,0.0,0.0,0.0,0.0,5067.0,0.0,0.0,0.0,-107615288.0,0.0,-0.0,0.0,0.0,0.0,0.0,53,1.9056979486756045e+17,1.9056862663645594e+17,0.0,0.0,0.0,0.0,0.0,0.0,0.0,0,0,0,0.0,0.0,0.0,0.0,0.0,0.0,0.0,0.0,0.0,0.0,0.0,0.0,0.0,0.0,0.0,0.0,0,-107875648.0,53,0.0,106,-107614832.0,-107350944.0,ERR,ERR,ERR,ERR,ERR,ERR,ERR,ERR,ERR,ERR,ERR,ERR,ERR,ERR,ERR,ERR,ERR,ERR,ERR,ERR,ERR,ERR,ERR,ERR,ERR,ERR,ERR,ERR,ERR,ERR,ERR,ERR,ERR,ERR,ERR,ERR,ERR,ERR,ERR,ERR,ERR,ERR,ERR,ERR,ERR,ERR,ERR,ERR,ERR,ERR,ERR,ERR,ERR,ERR,ERR,ERR,ERR,ERR,ERR,ERR,ERR,ERR,ERR,ERR,ERR,ERR,ERR,50.0,60.0,100,0.0,0.0,0.0,0.0,0.0,0.0,0.0,0.0,0.0,0.0,0.0,0.0,0.0,0.0,0.0,0.0,61.6,65,20,65521,50,65476,0,300,0,0,8,20529,65476,0,0,26214,60.0,0.0,0.0,0.0,0.0,0.0
2026-05-17T16:25:17,ERR,ERR,ERR,ERR,ERR,ERR,ERR,ERR,ERR,ERR,ERR,ERR,ERR,ERR,ERR,ERR,ERR,ERR,ERR,ERR,ERR,ERR,ERR,ERR,ERR,ERR,ERR,ERR,ERR,ERR,ERR,ERR,ERR,ERR,ERR,ERR,ERR,ERR,ERR,ERR,ERR,ERR,ERR,ERR,ERR,ERR,ERR,ERR,ERR,ERR,ERR,ERR,ERR,ERR,ERR,ERR,ERR,ERR,ERR,ERR,ERR,ERR,ERR,ERR,ERR,ERR,ERR,ERR,ERR,ERR,ERR,ERR,ERR,ERR,ERR,ERR,ERR,ERR,ERR,ERR,ERR,ERR,ERR,ERR,ERR,ERR,ERR,ERR,ERR,ERR,ERR,ERR,ERR,ERR,ERR,ERR,ERR,ERR,ERR,ERR,ERR,ERR,ERR,ERR,ERR,ERR,ERR,ERR,ERR,ERR,ERR,ERR,ERR,ERR,ERR,ERR,ERR,ERR,ERR,ERR,ERR,ERR,ERR,ERR,ERR,0.0,-107615288.0,-0.0,0.0,0.0,1.3936040501711995e+18,7.805,0.0,0,0,4,0,8422,0.0,45,0.0,0.0,0.0,0.0,0.0,0,0,0,0,0.0,0,0,0,0,0,0,0,0,0,0,0,0,0,0,0,0,0,0,0,0,0,0,0,0,0,0,0,0,0,0,0,0,0,38,14,7,45,65476,0,300,0,0,8,21553,0.0,-107605600.0,0.0,0.0,0.0,0.0,0.0,0.0,0.0,0.0,0.0,0.0,0.0,0.0,0.0,0.0,0.0,0.0,0.0,0.0,0.0,0.0,0.0,-2.004,-0.0,0.0,0.0,0.0,0.0,0.0,5036.0,-0.0,0.0,0.0,-107615288.0,0.0,-0.0,0.0,0.0,0.0,0.0,53,126841110528.0,-107614792.0,0.0,0.0,0.0,0.0,0.0,0.0,0.0,0,0,0,0.0,0.0,0.0,0.0,0.0,0.0,0.0,0.0,0.0,0.0,0.0,0.0,0.0,0.0,0.0,0.0,0,-107875648.0,53,0.0,106,-107614832.0,-107350944.0,ERR,ERR,ERR,ERR,ERR,ERR,ERR,ERR,ERR,ERR,ERR,ERR,ERR,ERR,ERR,ERR,ERR,ERR,ERR,ERR,ERR,ERR,ERR,ERR,ERR,ERR,ERR,ERR,ERR,ERR,ERR,ERR,ERR,ERR,ERR,ERR,ERR,ERR,ERR,ERR,ERR,ERR,ERR,ERR,ERR,ERR,ERR,ERR,ERR,ERR,ERR,ERR,ERR,ERR,ERR,ERR,ERR,ERR,ERR,ERR,ERR,ERR,ERR,ERR,ERR,ERR,ERR,50.0,60.0,100,0.0,0.0,0.0,0.0,0.0,0.0,0.0,0.0,0.0,0.0,0.0,0.0,0.0,0.0,0.0,0.0,61.6,65,20,65521,50,65476,0,300,0,0,8,20529,65476,0,0,26214,60.0,0.0,0.0,0.0,0.0,0.0
2026-05-17T16:25:18,ERR,ERR,ERR,ERR,ERR,ERR,ERR,ERR,ERR,ERR,ERR,ERR,ERR,ERR,ERR,ERR,ERR,ERR,ERR,ERR,ERR,ERR,ERR,ERR,ERR,ERR,ERR,ERR,ERR,ERR,ERR,ERR,ERR,ERR,ERR,ERR,ERR,ERR,ERR,ERR,ERR,ERR,ERR,ERR,ERR,ERR,ERR,ERR,ERR,ERR,ERR,ERR,ERR,ERR,ERR,ERR,ERR,ERR,ERR,ERR,ERR,ERR,ERR,ERR,ERR,ERR,ERR,ERR,ERR,ERR,ERR,ERR,ERR,ERR,ERR,ERR,ERR,ERR,ERR,ERR,ERR,ERR,ERR,ERR,ERR,ERR,ERR,ERR,ERR,ERR,ERR,ERR,ERR,ERR,ERR,ERR,ERR,ERR,ERR,ERR,ERR,ERR,ERR,ERR,ERR,ERR,ERR,ERR,ERR,ERR,ERR,ERR,ERR,ERR,ERR,ERR,ERR,ERR,ERR,ERR,ERR,ERR,ERR,ERR,ERR,0.0,-107615288.0,-0.0,0.0,0.0,1.3936040501711995e+18,7.805,0.0,0,0,4,0,8422,0.0,45,0.0,0.0,0.0,0.0,0.0,0,0,0,0,0.0,0,0,0,0,0,0,0,0,0,0,0,0,0,0,0,0,0,0,0,0,0,0,0,0,0,0,0,0,0,0,0,0,0,38,14,7,45,65476,0,300,0,0,8,21553,0.0,-107605600.0,0.0,0.0,0.0,0.0,0.0,0.0,0.0,0.0,0.0,0.0,0.0,0.0,0.0,0.0,0.0,0.0,0.0,0.0,0.0,0.0,0.0,-2.004,-0.0,0.0,0.0,0.0,0.0,0.0,5036.0,-0.0,0.0,0.0,-107615288.0,0.0,-0.0,0.0,0.0,0.0,0.0,53,126841110528.0,-107614792.0,0.0,0.0,0.0,0.0,0.0,0.0,0.0,0,0,0,0.0,0.0,0.0,0.0,0.0,0.0,0.0,0.0,0.0,0.0,0.0,0.0,0.0,0.0,0.0,0.0,0,-107875648.0,53,0.0,106,-107614832.0,-107350944.0,ERR,ERR,ERR,ERR,ERR,ERR,ERR,ERR,ERR,ERR,ERR,ERR,ERR,ERR,ERR,ERR,ERR,ERR,ERR,ERR,ERR,ERR,ERR,ERR,ERR,ERR,ERR,ERR,ERR,ERR,ERR,ERR,ERR,ERR,ERR,ERR,ERR,ERR,ERR,ERR,ERR,ERR,ERR,ERR,ERR,ERR,ERR,ERR,ERR,ERR,ERR,ERR,ERR,ERR,ERR,ERR,ERR,ERR,ERR,ERR,ERR,ERR,ERR,ERR,ERR,ERR,ERR,50.0,60.0,100,0.0,0.0,0.0,0.0,0.0,0.0,0.0,0.0,0.0,0.0,0.0,0.0,0.0,0.0,0.0,0.0,61.6,65,20,65521,50,65476,0,300,0,0,8,20529,65476,0,0,26214,60.0,0.0,0.0,0.0,0.0,0.0
2026-05-17T16:25:19,ERR,ERR,ERR,ERR,ERR,ERR,ERR,ERR,ERR,ERR,ERR,ERR,ERR,ERR,ERR,ERR,ERR,ERR,ERR,ERR,ERR,ERR,ERR,ERR,ERR,ERR,ERR,ERR,ERR,ERR,ERR,ERR,ERR,ERR,ERR,ERR,ERR,ERR,ERR,ERR,ERR,ERR,ERR,ERR,ERR,ERR,ERR,ERR,ERR,ERR,ERR,ERR,ERR,ERR,ERR,ERR,ERR,ERR,ERR,ERR,ERR,ERR,ERR,ERR,ERR,ERR,ERR,ERR,ERR,ERR,ERR,ERR,ERR,ERR,ERR,ERR,ERR,ERR,ERR,ERR,ERR,ERR,ERR,ERR,ERR,ERR,ERR,ERR,ERR,ERR,ERR,ERR,ERR,ERR,ERR,ERR,ERR,ERR,ERR,ERR,ERR,ERR,ERR,ERR,ERR,ERR,ERR,ERR,ERR,ERR,ERR,ERR,ERR,ERR,ERR,ERR,ERR,ERR,ERR,ERR,ERR,ERR,ERR,ERR,ERR,0.0,-107615288.0,-0.0,0.0,0.0,1.3936040501711995e+18,7.805,0.0,0,0,4,0,8422,0.0,45,0.0,0.0,0.0,0.0,0.0,0,0,0,0,0.0,0,0,0,0,0,0,0,0,0,0,0,0,0,0,0,0,0,0,0,0,0,0,0,0,0,0,0,0,0,0,0,0,0,38,14,7,45,65476,0,300,0,0,8,21553,0.0,-107605600.0,0.0,0.0,0.0,0.0,0.0,0.0,0.0,0.0,0.0,0.0,0.0,0.0,0.0,0.0,0.0,0.0,0.0,0.0,0.0,0.0,0.0,-2.004,-0.0,0.0,0.0,0.0,0.0,0.0,5036.0,-0.0,0.0,0.0,-107615288.0,0.0,-0.0,0.0,0.0,0.0,0.0,53,126841110528.0,-107614792.0,0.0,0.0,0.0,0.0,0.0,0.0,0.0,0,0,0,0.0,0.0,0.0,0.0,0.0,0.0,0.0,0.0,0.0,0.0,0.0,0.0,0.0,0.0,0.0,0.0,0,-107875648.0,53,0.0,106,-107614832.0,-107350944.0,ERR,ERR,ERR,ERR,ERR,ERR,ERR,ERR,ERR,ERR,ERR,ERR,ERR,ERR,ERR,ERR,ERR,ERR,ERR,ERR,ERR,ERR,ERR,ERR,ERR,ERR,ERR,ERR,ERR,ERR,ERR,ERR,ERR,ERR,ERR,ERR,ERR,ERR,ERR,ERR,ERR,ERR,ERR,ERR,ERR,ERR,ERR,ERR,ERR,ERR,ERR,ERR,ERR,ERR,ERR,ERR,ERR,ERR,ERR,ERR,ERR,ERR,ERR,ERR,ERR,ERR,ERR,50.0,60.0,100,0.0,0.0,0.0,0.0,0.0,0.0,0.0,0.0,0.0,0.0,0.0,0.0,0.0,0.0,0.0,0.0,61.6,65,20,65521,50,65476,0,300,0,0,8,20529,65476,0,0,26214,60.0,0.0,0.0,0.0,0.0,0.0
2026-05-17T16:25:20,ERR,ERR,ERR,ERR,ERR,ERR,ERR,ERR,ERR,ERR,ERR,ERR,ERR,ERR,ERR,ERR,ERR,ERR,ERR,ERR,ERR,ERR,ERR,ERR,ERR,ERR,ERR,ERR,ERR,ERR,ERR,ERR,ERR,ERR,ERR,ERR,ERR,ERR,ERR,ERR,ERR,ERR,ERR,ERR,ERR,ERR,ERR,ERR,ERR,ERR,ERR,ERR,ERR,ERR,ERR,ERR,ERR,ERR,ERR,ERR,ERR,ERR,ERR,ERR,ERR,ERR,ERR,ERR,ERR,ERR,ERR,ERR,ERR,ERR,ERR,ERR,ERR,ERR,ERR,ERR,ERR,ERR,ERR,ERR,ERR,ERR,ERR,ERR,ERR,ERR,ERR,ERR,ERR,ERR,ERR,ERR,ERR,ERR,ERR,ERR,ERR,ERR,ERR,ERR,ERR,ERR,ERR,ERR,ERR,ERR,ERR,ERR,ERR,ERR,ERR,ERR,ERR,ERR,ERR,ERR,ERR,ERR,ERR,ERR,ERR,0.0,-107615288.0,-0.0,0.0,0.0,1.3936040501711995e+18,7.805,0.0,0,0,4,0,8422,0.0,45,0.0,0.0,0.0,0.0,0.0,0,0,0,0,0.0,0,0,0,0,0,0,0,0,0,0,0,0,0,0,0,0,0,0,0,0,0,0,0,0,0,0,0,0,0,0,0,0,0,38,14,7,45,65476,0,300,0,0,8,21553,0.0,-107605600.0,0.0,0.0,0.0,0.0,0.0,0.0,0.0,0.0,0.0,0.0,0.0,0.0,0.0,0.0,0.0,0.0,0.0,0.0,0.0,0.0,0.0,-2.004,-0.0,0.0,0.0,0.0,0.0,0.0,5036.0,-0.0,0.0,0.0,-107615288.0,0.0,-0.0,0.0,0.0,0.0,0.0,53,126841110528.0,-107614792.0,0.0,0.0,0.0,0.0,0.0,0.0,0.0,0,0,0,0.0,0.0,0.0,0.0,0.0,0.0,0.0,0.0,0.0,0.0,0.0,0.0,0.0,0.0,0.0,0.0,0,-107875648.0,53,0.0,106,-107614832.0,-107350944.0,ERR,ERR,ERR,ERR,ERR,ERR,ERR,ERR,ERR,ERR,ERR,ERR,ERR,ERR,ERR,ERR,ERR,ERR,ERR,ERR,ERR,ERR,ERR,ERR,ERR,ERR,ERR,ERR,ERR,ERR,ERR,ERR,ERR,ERR,ERR,ERR,ERR,ERR,ERR,ERR,ERR,ERR,ERR,ERR,ERR,ERR,ERR,ERR,ERR,ERR,ERR,ERR,ERR,ERR,ERR,ERR,ERR,ERR,ERR,ERR,ERR,ERR,ERR,ERR,ERR,ERR,ERR,50.0,60.0,100,0.0,0.0,0.0,0.0,0.0,0.0,0.0,0.0,0.0,0.0,0.0,0.0,0.0,0.0,0.0,0.0,61.6,65,20,65521,50,65476,0,300,0,0,8,20529,65476,0,0,26214,60.0,0.0,0.0,0.0,0.0,0.0
2026-05-17T16:25:21,ERR,ERR,ERR,ERR,ERR,ERR,ERR,ERR,ERR,ERR,ERR,ERR,ERR,ERR,ERR,ERR,ERR,ERR,ERR,ERR,ERR,ERR,ERR,ERR,ERR,ERR,ERR,ERR,ERR,ERR,ERR,ERR,ERR,ERR,ERR,ERR,ERR,ERR,ERR,ERR,ERR,ERR,ERR,ERR,ERR,ERR,ERR,ERR,ERR,ERR,ERR,ERR,ERR,ERR,ERR,ERR,ERR,ERR,ERR,ERR,ERR,ERR,ERR,ERR,ERR,ERR,ERR,ERR,ERR,ERR,ERR,ERR,ERR,ERR,ERR,ERR,ERR,ERR,ERR,ERR,ERR,ERR,ERR,ERR,ERR,ERR,ERR,ERR,ERR,ERR,ERR,ERR,ERR,ERR,ERR,ERR,ERR,ERR,ERR,ERR,ERR,ERR,ERR,ERR,ERR,ERR,ERR,ERR,ERR,ERR,ERR,ERR,ERR,ERR,ERR,ERR,ERR,ERR,ERR,ERR,ERR,ERR,ERR,ERR,ERR,0.0,-107615288.0,-0.0,0.0,0.0,1.3936040501711995e+18,7.805,0.0,0,0,4,0,8422,0.0,45,0.0,0.0,0.0,0.0,0.0,0,0,0,0,0.0,0,0,0,0,0,0,0,0,0,0,0,0,0,0,0,0,0,0,0,0,0,0,0,0,0,0,0,0,0,0,0,0,0,38,14,7,45,65476,0,300,0,0,8,21553,0.0,-107605600.0,0.0,0.0,0.0,0.0,0.0,0.0,0.0,0.0,0.0,0.0,0.0,0.0,0.0,0.0,0.0,0.0,0.0,0.0,0.0,0.0,0.0,-2.004,-0.0,0.0,0.0,0.0,0.0,0.0,5036.0,-0.0,0.0,0.0,-107615288.0,0.0,-0.0,0.0,0.0,0.0,0.0,53,126841110528.0,-107614792.0,0.0,0.0,0.0,0.0,0.0,0.0,0.0,0,0,0,0.0,0.0,0.0,0.0,0.0,0.0,0.0,0.0,0.0,0.0,0.0,0.0,0.0,0.0,0.0,0.0,0,-107875648.0,53,0.0,106,-107614832.0,-107350944.0,ERR,ERR,ERR,ERR,ERR,ERR,ERR,ERR,ERR,ERR,ERR,ERR,ERR,ERR,ERR,ERR,ERR,ERR,ERR,ERR,ERR,ERR,ERR,ERR,ERR,ERR,ERR,ERR,ERR,ERR,ERR,ERR,ERR,ERR,ERR,ERR,ERR,ERR,ERR,ERR,ERR,ERR,ERR,ERR,ERR,ERR,ERR,ERR,ERR,ERR,ERR,ERR,ERR,ERR,ERR,ERR,ERR,ERR,ERR,ERR,ERR,ERR,ERR,ERR,ERR,ERR,ERR,50.0,60.0,100,0.0,0.0,0.0,0.0,0.0,0.0,0.0,0.0,0.0,0.0,0.0,0.0,0.0,0.0,0.0,0.0,61.6,65,20,65521,50,65476,0,300,0,0,8,20529,65476,0,0,26214,60.0,0.0,0.0,0.0,0.0,0.0
2026-05-17T16:25:22,ERR,ERR,ERR,ERR,ERR,ERR,ERR,ERR,ERR,ERR,ERR,ERR,ERR,ERR,ERR,ERR,ERR,ERR,ERR,ERR,ERR,ERR,ERR,ERR,ERR,ERR,ERR,ERR,ERR,ERR,ERR,ERR,ERR,ERR,ERR,ERR,ERR,ERR,ERR,ERR,ERR,ERR,ERR,ERR,ERR,ERR,ERR,ERR,ERR,ERR,ERR,ERR,ERR,ERR,ERR,ERR,ERR,ERR,ERR,ERR,ERR,ERR,ERR,ERR,ERR,ERR,ERR,ERR,ERR,ERR,ERR,ERR,ERR,ERR,ERR,ERR,ERR,ERR,ERR,ERR,ERR,ERR,ERR,ERR,ERR,ERR,ERR,ERR,ERR,ERR,ERR,ERR,ERR,ERR,ERR,ERR,ERR,ERR,ERR,ERR,ERR,ERR,ERR,ERR,ERR,ERR,ERR,ERR,ERR,ERR,ERR,ERR,ERR,ERR,ERR,ERR,ERR,ERR,ERR,ERR,ERR,ERR,ERR,ERR,ERR,0.0,-107615288.0,-0.0,0.0,0.0,1.3936040501711995e+18,7.805,0.0,0,0,4,0,8422,0.0,45,0.0,0.0,0.0,0.0,0.0,0,0,0,0,0.0,0,0,0,0,0,0,0,0,0,0,0,0,0,0,0,0,0,0,0,0,0,0,0,0,0,0,0,0,0,0,0,0,0,38,14,7,45,65476,0,300,0,0,8,21553,0.0,-107605600.0,0.0,0.0,0.0,0.0,0.0,0.0,0.0,0.0,0.0,0.0,0.0,0.0,0.0,0.0,0.0,0.0,0.0,0.0,0.0,0.0,0.0,-2.004,-0.0,0.0,0.0,0.0,0.0,0.0,5036.0,-0.0,0.0,0.0,-107615288.0,0.0,-0.0,0.0,0.0,0.0,0.0,53,126841110528.0,-107614792.0,0.0,0.0,0.0,0.0,0.0,0.0,0.0,0,0,0,0.0,0.0,0.0,0.0,0.0,0.0,0.0,0.0,0.0,0.0,0.0,0.0,0.0,0.0,0.0,0.0,0,-107875648.0,53,0.0,106,-107614832.0,-107350944.0,ERR,ERR,ERR,ERR,ERR,ERR,ERR,ERR,ERR,ERR,ERR,ERR,ERR,ERR,ERR,ERR,ERR,ERR,ERR,ERR,ERR,ERR,ERR,ERR,ERR,ERR,ERR,ERR,ERR,ERR,ERR,ERR,ERR,ERR,ERR,ERR,ERR,ERR,ERR,ERR,ERR,ERR,ERR,ERR,ERR,ERR,ERR,ERR,ERR,ERR,ERR,ERR,ERR,ERR,ERR,ERR,ERR,ERR,ERR,ERR,ERR,ERR,ERR,ERR,ERR,ERR,ERR,50.0,60.0,100,0.0,0.0,0.0,0.0,0.0,0.0,0.0,0.0,0.0,0.0,0.0,0.0,0.0,0.0,0.0,0.0,61.6,65,20,65521,50,65476,0,300,0,0,8,20529,65476,0,0,26214,60.0,0.0,0.0,0.0,0.0,0.0
2026-05-17T16:25:23,ERR,ERR,ERR,ERR,ERR,ERR,ERR,ERR,ERR,ERR,ERR,ERR,ERR,ERR,ERR,ERR,ERR,ERR,ERR,ERR,ERR,ERR,ERR,ERR,ERR,ERR,ERR,ERR,ERR,ERR,ERR,ERR,ERR,ERR,ERR,ERR,ERR,ERR,ERR,ERR,ERR,ERR,ERR,ERR,ERR,ERR,ERR,ERR,ERR,ERR,ERR,ERR,ERR,ERR,ERR,ERR,ERR,ERR,ERR,ERR,ERR,ERR,ERR,ERR,ERR,ERR,ERR,ERR,ERR,ERR,ERR,ERR,ERR,ERR,ERR,ERR,ERR,ERR,ERR,ERR,ERR,ERR,ERR,ERR,ERR,ERR,ERR,ERR,ERR,ERR,ERR,ERR,ERR,ERR,ERR,ERR,ERR,ERR,ERR,ERR,ERR,ERR,ERR,ERR,ERR,ERR,ERR,ERR,ERR,ERR,ERR,ERR,ERR,ERR,ERR,ERR,ERR,ERR,ERR,ERR,ERR,ERR,ERR,ERR,ERR,0.0,-107615288.0,-0.0,0.0,0.0,1.3936040501711995e+18,7.805,0.0,0,0,4,0,8422,0.0,45,0.0,0.0,0.0,0.0,0.0,0,0,0,0,0.0,0,0,0,0,0,0,0,0,0,0,0,0,0,0,0,0,0,0,0,0,0,0,0,0,0,0,0,0,0,0,0,0,0,38,14,7,45,65476,0,300,0,0,8,21553,0.0,-107605600.0,0.0,0.0,0.0,0.0,0.0,0.0,0.0,0.0,0.0,0.0,0.0,0.0,0.0,0.0,0.0,0.0,0.0,0.0,0.0,0.0,0.0,-2.004,-0.0,0.0,0.0,0.0,0.0,0.0,5070.0,0.0,0.0,0.0,-107615288.0,0.0,-0.0,0.0,0.0,0.0,0.0,53,1.9056979486756045e+17,1.9056862663645594e+17,0.0,0.0,0.0,0.0,0.0,0.0,0.0,0,0,0,0.0,0.0,0.0,0.0,0.0,0.0,0.0,0.0,0.0,0.0,0.0,0.0,0.0,0.0,0.0,0.0,0,-107875648.0,53,0.0,106,-107614832.0,-107350944.0,ERR,ERR,ERR,ERR,ERR,ERR,ERR,ERR,ERR,ERR,ERR,ERR,ERR,ERR,ERR,ERR,ERR,ERR,ERR,ERR,ERR,ERR,ERR,ERR,ERR,ERR,ERR,ERR,ERR,ERR,ERR,ERR,ERR,ERR,ERR,ERR,ERR,ERR,ERR,ERR,ERR,ERR,ERR,ERR,ERR,ERR,ERR,ERR,ERR,ERR,ERR,ERR,ERR,ERR,ERR,ERR,ERR,ERR,ERR,ERR,ERR,ERR,ERR,ERR,ERR,ERR,ERR,50.0,60.0,100,0.0,0.0,0.0,0.0,0.0,0.0,0.0,0.0,0.0,0.0,0.0,0.0,0.0,0.0,0.0,0.0,61.6,65,20,65521,50,65476,0,300,0,0,8,20529,65476,0,0,26214,60.0,0.0,0.0,0.0,0.0,0.0
2026-05-17T16:25:24,ERR,ERR,ERR,ERR,ERR,ERR,ERR,ERR,ERR,ERR,ERR,ERR,ERR,ERR,ERR,ERR,ERR,ERR,ERR,ERR,ERR,ERR,ERR,ERR,ERR,ERR,ERR,ERR,ERR,ERR,ERR,ERR,ERR,ERR,ERR,ERR,ERR,ERR,ERR,ERR,ERR,ERR,ERR,ERR,ERR,ERR,ERR,ERR,ERR,ERR,ERR,ERR,ERR,ERR,ERR,ERR,ERR,ERR,ERR,ERR,ERR,ERR,ERR,ERR,ERR,ERR,ERR,ERR,ERR,ERR,ERR,ERR,ERR,ERR,ERR,ERR,ERR,ERR,ERR,ERR,ERR,ERR,ERR,ERR,ERR,ERR,ERR,ERR,ERR,ERR,ERR,ERR,ERR,ERR,ERR,ERR,ERR,ERR,ERR,ERR,ERR,ERR,ERR,ERR,ERR,ERR,ERR,ERR,ERR,ERR,ERR,ERR,ERR,ERR,ERR,ERR,ERR,ERR,ERR,ERR,ERR,ERR,ERR,ERR,ERR,0.0,-107615288.0,-0.0,0.0,0.0,1.3936040501711995e+18,7.805,0.0,0,0,4,0,8422,0.0,45,0.0,0.0,0.0,0.0,0.0,0,0,0,0,0.0,0,0,0,0,0,0,0,0,0,0,0,0,0,0,0,0,0,0,0,0,0,0,0,0,0,0,0,0,0,0,0,0,0,38,14,7,45,65476,0,300,0,0,8,21553,0.0,-107605600.0,0.0,0.0,0.0,0.0,0.0,0.0,0.0,0.0,0.0,0.0,0.0,0.0,0.0,0.0,0.0,0.0,0.0,0.0,0.0,0.0,0.0,-2.004,-0.0,0.0,0.0,0.0,0.0,0.0,5070.0,0.0,0.0,0.0,-107615288.0,0.0,-0.0,0.0,0.0,0.0,0.0,53,1.9056979486756045e+17,1.9056862663645594e+17,0.0,0.0,0.0,0.0,0.0,0.0,0.0,0,0,0,0.0,0.0,0.0,0.0,0.0,0.0,0.0,0.0,0.0,0.0,0.0,0.0,0.0,0.0,0.0,0.0,0,-107875648.0,53,0.0,106,-107614832.0,-107350944.0,ERR,ERR,ERR,ERR,ERR,ERR,ERR,ERR,ERR,ERR,ERR,ERR,ERR,ERR,ERR,ERR,ERR,ERR,ERR,ERR,ERR,ERR,ERR,ERR,ERR,ERR,ERR,ERR,ERR,ERR,ERR,ERR,ERR,ERR,ERR,ERR,ERR,ERR,ERR,ERR,ERR,ERR,ERR,ERR,ERR,ERR,ERR,ERR,ERR,ERR,ERR,ERR,ERR,ERR,ERR,ERR,ERR,ERR,ERR,ERR,ERR,ERR,ERR,ERR,ERR,ERR,ERR,50.0,60.0,100,0.0,0.0,0.0,0.0,0.0,0.0,0.0,0.0,0.0,0.0,0.0,0.0,0.0,0.0,0.0,0.0,61.6,65,20,65521,50,65476,0,300,0,0,8,20529,65476,0,0,26214,60.0,0.0,0.0,0.0,0.0,0.0
2026-05-17T16:25:25,ERR,ERR,ERR,ERR,ERR,ERR,ERR,ERR,ERR,ERR,ERR,ERR,ERR,ERR,ERR,ERR,ERR,ERR,ERR,ERR,ERR,ERR,ERR,ERR,ERR,ERR,ERR,ERR,ERR,ERR,ERR,ERR,ERR,ERR,ERR,ERR,ERR,ERR,ERR,ERR,ERR,ERR,ERR,ERR,ERR,ERR,ERR,ERR,ERR,ERR,ERR,ERR,ERR,ERR,ERR,ERR,ERR,ERR,ERR,ERR,ERR,ERR,ERR,ERR,ERR,ERR,ERR,ERR,ERR,ERR,ERR,ERR,ERR,ERR,ERR,ERR,ERR,ERR,ERR,ERR,ERR,ERR,ERR,ERR,ERR,ERR,ERR,ERR,ERR,ERR,ERR,ERR,ERR,ERR,ERR,ERR,ERR,ERR,ERR,ERR,ERR,ERR,ERR,ERR,ERR,ERR,ERR,ERR,ERR,ERR,ERR,ERR,ERR,ERR,ERR,ERR,ERR,ERR,ERR,ERR,ERR,ERR,ERR,ERR,ERR,0.0,-107615288.0,-0.0,0.0,0.0,1.3936040501711995e+18,7.805,0.0,0,0,4,0,8422,0.0,45,0.0,0.0,0.0,0.0,0.0,0,0,0,0,0.0,0,0,0,0,0,0,0,0,0,0,0,0,0,0,0,0,0,0,0,0,0,0,0,0,0,0,0,0,0,0,0,0,0,38,14,7,45,65476,0,300,0,0,8,21553,0.0,-107605600.0,0.0,0.0,0.0,0.0,0.0,0.0,0.0,0.0,0.0,0.0,0.0,0.0,0.0,0.0,0.0,0.0,0.0,0.0,0.0,0.0,0.0,-2.004,-0.0,0.0,0.0,0.0,0.0,0.0,5070.0,0.0,0.0,0.0,-107615288.0,0.0,-0.0,0.0,0.0,0.0,0.0,53,1.9056979486756045e+17,1.9056862663645594e+17,0.0,0.0,0.0,0.0,0.0,0.0,0.0,0,0,0,0.0,0.0,0.0,0.0,0.0,0.0,0.0,0.0,0.0,0.0,0.0,0.0,0.0,0.0,0.0,0.0,0,-107875648.0,53,0.0,106,-107614832.0,-107350944.0,ERR,ERR,ERR,ERR,ERR,ERR,ERR,ERR,ERR,ERR,ERR,ERR,ERR,ERR,ERR,ERR,ERR,ERR,ERR,ERR,ERR,ERR,ERR,ERR,ERR,ERR,ERR,ERR,ERR,ERR,ERR,ERR,ERR,ERR,ERR,ERR,ERR,ERR,ERR,ERR,ERR,ERR,ERR,ERR,ERR,ERR,ERR,ERR,ERR,ERR,ERR,ERR,ERR,ERR,ERR,ERR,ERR,ERR,ERR,ERR,ERR,ERR,ERR,ERR,ERR,ERR,ERR,50.0,60.0,100,0.0,0.0,0.0,0.0,0.0,0.0,0.0,0.0,0.0,0.0,0.0,0.0,0.0,0.0,0.0,0.0,61.6,65,20,65521,50,65476,0,300,0,0,8,20529,65476,0,0,26214,60.0,0.0,0.0,0.0,0.0,0.0
2026-05-17T16:25:26,ERR,ERR,ERR,ERR,ERR,ERR,ERR,ERR,ERR,ERR,ERR,ERR,ERR,ERR,ERR,ERR,ERR,ERR,ERR,ERR,ERR,ERR,ERR,ERR,ERR,ERR,ERR,ERR,ERR,ERR,ERR,ERR,ERR,ERR,ERR,ERR,ERR,ERR,ERR,ERR,ERR,ERR,ERR,ERR,ERR,ERR,ERR,ERR,ERR,ERR,ERR,ERR,ERR,ERR,ERR,ERR,ERR,ERR,ERR,ERR,ERR,ERR,ERR,ERR,ERR,ERR,ERR,ERR,ERR,ERR,ERR,ERR,ERR,ERR,ERR,ERR,ERR,ERR,ERR,ERR,ERR,ERR,ERR,ERR,ERR,ERR,ERR,ERR,ERR,ERR,ERR,ERR,ERR,ERR,ERR,ERR,ERR,ERR,ERR,ERR,ERR,ERR,ERR,ERR,ERR,ERR,ERR,ERR,ERR,ERR,ERR,ERR,ERR,ERR,ERR,ERR,ERR,ERR,ERR,ERR,ERR,ERR,ERR,ERR,ERR,0.0,-107615288.0,-0.0,0.0,0.0,1.3936040501711995e+18,7.805,0.0,0,0,4,0,8422,0.0,45,0.0,0.0,0.0,0.0,0.0,0,0,0,0,0.0,0,0,0,0,0,0,0,0,0,0,0,0,0,0,0,0,0,0,0,0,0,0,0,0,0,0,0,0,0,0,0,0,0,38,14,7,45,65476,0,300,0,0,8,21553,0.0,-107605600.0,0.0,0.0,0.0,0.0,0.0,0.0,0.0,0.0,0.0,0.0,0.0,0.0,0.0,0.0,0.0,0.0,0.0,0.0,0.0,0.0,0.0,-2.004,-0.0,0.0,0.0,0.0,0.0,0.0,5070.0,0.0,0.0,0.0,-107615288.0,0.0,-0.0,0.0,0.0,0.0,0.0,53,1.9056979486756045e+17,1.9056862663645594e+17,0.0,0.0,0.0,0.0,0.0,0.0,0.0,0,0,0,0.0,0.0,0.0,0.0,0.0,0.0,0.0,0.0,0.0,0.0,0.0,0.0,0.0,0.0,0.0,0.0,0,-107875648.0,53,0.0,106,-107614832.0,-107350944.0,ERR,ERR,ERR,ERR,ERR,ERR,ERR,ERR,ERR,ERR,ERR,ERR,ERR,ERR,ERR,ERR,ERR,ERR,ERR,ERR,ERR,ERR,ERR,ERR,ERR,ERR,ERR,ERR,ERR,ERR,ERR,ERR,ERR,ERR,ERR,ERR,ERR,ERR,ERR,ERR,ERR,ERR,ERR,ERR,ERR,ERR,ERR,ERR,ERR,ERR,ERR,ERR,ERR,ERR,ERR,ERR,ERR,ERR,ERR,ERR,ERR,ERR,ERR,ERR,ERR,ERR,ERR,50.0,60.0,100,0.0,0.0,0.0,0.0,0.0,0.0,0.0,0.0,0.0,0.0,0.0,0.0,0.0,0.0,0.0,0.0,62.0,65,20,65521,50,65476,0,300,0,0,8,20529,65476,0,0,26214,60.0,0.0,0.0,0.0,0.0,0.0
2026-05-17T16:25:27,ERR,ERR,ERR,ERR,ERR,ERR,ERR,ERR,ERR,ERR,ERR,ERR,ERR,ERR,ERR,ERR,ERR,ERR,ERR,ERR,ERR,ERR,ERR,ERR,ERR,ERR,ERR,ERR,ERR,ERR,ERR,ERR,ERR,ERR,ERR,ERR,ERR,ERR,ERR,ERR,ERR,ERR,ERR,ERR,ERR,ERR,ERR,ERR,ERR,ERR,ERR,ERR,ERR,ERR,ERR,ERR,ERR,ERR,ERR,ERR,ERR,ERR,ERR,ERR,ERR,ERR,ERR,ERR,ERR,ERR,ERR,ERR,ERR,ERR,ERR,ERR,ERR,ERR,ERR,ERR,ERR,ERR,ERR,ERR,ERR,ERR,ERR,ERR,ERR,ERR,ERR,ERR,ERR,ERR,ERR,ERR,ERR,ERR,ERR,ERR,ERR,ERR,ERR,ERR,ERR,ERR,ERR,ERR,ERR,ERR,ERR,ERR,ERR,ERR,ERR,ERR,ERR,ERR,ERR,ERR,ERR,ERR,ERR,ERR,ERR,0.0,-107615288.0,-0.0,0.0,0.0,1.3936040501711995e+18,7.805,0.0,0,0,4,0,8422,0.0,45,0.0,0.0,0.0,0.0,0.0,0,0,0,0,0.0,0,0,0,0,0,0,0,0,0,0,0,0,0,0,0,0,0,0,0,0,0,0,0,0,0,0,0,0,0,0,0,0,0,38,14,7,45,65476,0,300,0,0,8,21553,0.0,-107605600.0,0.0,0.0,0.0,0.0,0.0,0.0,0.0,0.0,0.0,0.0,0.0,0.0,0.0,0.0,0.0,0.0,0.0,0.0,0.0,0.0,0.0,-2.004,-0.0,0.0,0.0,0.0,0.0,0.0,5070.0,0.0,0.0,0.0,-107615288.0,0.0,-0.0,0.0,0.0,0.0,0.0,53,1.9056979486756045e+17,1.9056862663645594e+17,0.0,0.0,0.0,0.0,0.0,0.0,0.0,0,0,0,0.0,0.0,0.0,0.0,0.0,0.0,0.0,0.0,0.0,0.0,0.0,0.0,0.0,0.0,0.0,0.0,0,-107875648.0,53,0.0,106,-107614832.0,-107350944.0,ERR,ERR,ERR,ERR,ERR,ERR,ERR,ERR,ERR,ERR,ERR,ERR,ERR,ERR,ERR,ERR,ERR,ERR,ERR,ERR,ERR,ERR,ERR,ERR,ERR,ERR,ERR,ERR,ERR,ERR,ERR,ERR,ERR,ERR,ERR,ERR,ERR,ERR,ERR,ERR,ERR,ERR,ERR,ERR,ERR,ERR,ERR,ERR,ERR,ERR,ERR,ERR,ERR,ERR,ERR,ERR,ERR,ERR,ERR,ERR,ERR,ERR,ERR,ERR,ERR,ERR,ERR,50.0,60.0,100,0.0,0.0,0.0,0.0,0.0,0.0,0.0,0.0,0.0,0.0,0.0,0.0,0.0,0.0,0.0,0.0,62.0,65,20,65521,50,65476,0,300,0,0,8,20529,65476,0,0,26214,60.0,0.0,0.0,0.0,0.0,0.0
2026-05-17T16:25:28,ERR,ERR,ERR,ERR,ERR,ERR,ERR,ERR,ERR,ERR,ERR,ERR,ERR,ERR,ERR,ERR,ERR,ERR,ERR,ERR,ERR,ERR,ERR,ERR,ERR,ERR,ERR,ERR,ERR,ERR,ERR,ERR,ERR,ERR,ERR,ERR,ERR,ERR,ERR,ERR,ERR,ERR,ERR,ERR,ERR,ERR,ERR,ERR,ERR,ERR,ERR,ERR,ERR,ERR,ERR,ERR,ERR,ERR,ERR,ERR,ERR,ERR,ERR,ERR,ERR,ERR,ERR,ERR,ERR,ERR,ERR,ERR,ERR,ERR,ERR,ERR,ERR,ERR,ERR,ERR,ERR,ERR,ERR,ERR,ERR,ERR,ERR,ERR,ERR,ERR,ERR,ERR,ERR,ERR,ERR,ERR,ERR,ERR,ERR,ERR,ERR,ERR,ERR,ERR,ERR,ERR,ERR,ERR,ERR,ERR,ERR,ERR,ERR,ERR,ERR,ERR,ERR,ERR,ERR,ERR,ERR,ERR,ERR,ERR,ERR,0.0,-107615288.0,-0.0,0.0,0.0,1.3936040501711995e+18,7.805,0.0,0,0,4,0,8422,0.0,45,0.0,0.0,0.0,0.0,0.0,0,0,0,0,0.0,0,0,0,0,0,0,0,0,0,0,0,0,0,0,0,0,0,0,0,0,0,0,0,0,0,0,0,0,0,0,0,0,0,38,14,7,45,65476,0,300,0,0,8,21553,0.0,-107605600.0,0.0,0.0,0.0,0.0,0.0,0.0,0.0,0.0,0.0,0.0,0.0,0.0,0.0,0.0,0.0,0.0,0.0,0.0,0.0,0.0,0.0,-2.004,-0.0,0.0,0.0,0.0,0.0,0.0,5073.0,-0.0,0.0,0.0,-107615288.0,0.0,-0.0,0.0,0.0,0.0,0.0,53,3.222028592685471e+26,0.0,0.0,0.0,0.0,0.0,0.0,0.0,0.0,0,0,0,0.0,0.0,0.0,0.0,0.0,0.0,0.0,0.0,0.0,0.0,0.0,0.0,0.0,0.0,0.0,0.0,0,-107875648.0,53,0.0,106,-107614832.0,-107350944.0,ERR,ERR,ERR,ERR,ERR,ERR,ERR,ERR,ERR,ERR,ERR,ERR,ERR,ERR,ERR,ERR,ERR,ERR,ERR,ERR,ERR,ERR,ERR,ERR,ERR,ERR,ERR,ERR,ERR,ERR,ERR,ERR,ERR,ERR,ERR,ERR,ERR,ERR,ERR,ERR,ERR,ERR,ERR,ERR,ERR,ERR,ERR,ERR,ERR,ERR,ERR,ERR,ERR,ERR,ERR,ERR,ERR,ERR,ERR,ERR,ERR,ERR,ERR,ERR,ERR,ERR,ERR,50.0,60.0,100,0.0,0.0,0.0,0.0,0.0,0.0,0.0,0.0,0.0,0.0,0.0,0.0,0.0,0.0,0.0,0.0,61.6,65,20,65521,50,65476,0,300,0,0,8,20529,65476,0,0,26214,60.0,0.0,0.0,0.0,0.0,0.0
2026-05-17T16:25:29,ERR,ERR,ERR,ERR,ERR,ERR,ERR,ERR,ERR,ERR,ERR,ERR,ERR,ERR,ERR,ERR,ERR,ERR,ERR,ERR,ERR,ERR,ERR,ERR,ERR,ERR,ERR,ERR,ERR,ERR,ERR,ERR,ERR,ERR,ERR,ERR,ERR,ERR,ERR,ERR,ERR,ERR,ERR,ERR,ERR,ERR,ERR,ERR,ERR,ERR,ERR,ERR,ERR,ERR,ERR,ERR,ERR,ERR,ERR,ERR,ERR,ERR,ERR,ERR,ERR,ERR,ERR,ERR,ERR,ERR,ERR,ERR,ERR,ERR,ERR,ERR,ERR,ERR,ERR,ERR,ERR,ERR,ERR,ERR,ERR,ERR,ERR,ERR,ERR,ERR,ERR,ERR,ERR,ERR,ERR,ERR,ERR,ERR,ERR,ERR,ERR,ERR,ERR,ERR,ERR,ERR,ERR,ERR,ERR,ERR,ERR,ERR,ERR,ERR,ERR,ERR,ERR,ERR,ERR,ERR,ERR,ERR,ERR,ERR,ERR,0.0,-107615288.0,-0.0,0.0,0.0,1.3936040501711995e+18,7.805,0.0,0,0,4,0,8422,0.0,45,0.0,0.0,0.0,0.0,0.0,0,0,0,0,0.0,0,0,0,0,0,0,0,0,0,0,0,0,0,0,0,0,0,0,0,0,0,0,0,0,0,0,0,0,0,0,0,0,0,38,14,7,45,65476,0,300,0,0,8,21553,0.0,-107605600.0,0.0,0.0,0.0,0.0,0.0,0.0,0.0,0.0,0.0,0.0,0.0,0.0,0.0,0.0,0.0,0.0,0.0,0.0,0.0,0.0,0.0,-2.004,-0.0,0.0,0.0,0.0,0.0,0.0,5073.0,-0.0,0.0,0.0,-107615288.0,0.0,-0.0,0.0,0.0,0.0,0.0,53,3.222028592685471e+26,0.0,0.0,0.0,0.0,0.0,0.0,0.0,0.0,0,0,0,0.0,0.0,0.0,0.0,0.0,0.0,0.0,0.0,0.0,0.0,0.0,0.0,0.0,0.0,0.0,0.0,0,-107875648.0,53,0.0,106,-107614832.0,-107350944.0,ERR,ERR,ERR,ERR,ERR,ERR,ERR,ERR,ERR,ERR,ERR,ERR,ERR,ERR,ERR,ERR,ERR,ERR,ERR,ERR,ERR,ERR,ERR,ERR,ERR,ERR,ERR,ERR,ERR,ERR,ERR,ERR,ERR,ERR,ERR,ERR,ERR,ERR,ERR,ERR,ERR,ERR,ERR,ERR,ERR,ERR,ERR,ERR,ERR,ERR,ERR,ERR,ERR,ERR,ERR,ERR,ERR,ERR,ERR,ERR,ERR,ERR,ERR,ERR,ERR,ERR,ERR,50.0,60.0,100,0.0,0.0,0.0,0.0,0.0,0.0,0.0,0.0,0.0,0.0,0.0,0.0,0.0,0.0,0.0,0.0,61.6,65,20,65521,50,65476,0,300,0,0,8,20529,65476,0,0,26214,60.0,0.0,0.0,0.0,0.0,0.0
2026-05-17T16:25:30,ERR,ERR,ERR,ERR,ERR,ERR,ERR,ERR,ERR,ERR,ERR,ERR,ERR,ERR,ERR,ERR,ERR,ERR,ERR,ERR,ERR,ERR,ERR,ERR,ERR,ERR,ERR,ERR,ERR,ERR,ERR,ERR,ERR,ERR,ERR,ERR,ERR,ERR,ERR,ERR,ERR,ERR,ERR,ERR,ERR,ERR,ERR,ERR,ERR,ERR,ERR,ERR,ERR,ERR,ERR,ERR,ERR,ERR,ERR,ERR,ERR,ERR,ERR,ERR,ERR,ERR,ERR,ERR,ERR,ERR,ERR,ERR,ERR,ERR,ERR,ERR,ERR,ERR,ERR,ERR,ERR,ERR,ERR,ERR,ERR,ERR,ERR,ERR,ERR,ERR,ERR,ERR,ERR,ERR,ERR,ERR,ERR,ERR,ERR,ERR,ERR,ERR,ERR,ERR,ERR,ERR,ERR,ERR,ERR,ERR,ERR,ERR,ERR,ERR,ERR,ERR,ERR,ERR,ERR,ERR,ERR,ERR,ERR,ERR,ERR,0.0,-107615288.0,-0.0,0.0,0.0,1.3936040501711995e+18,7.805,0.0,0,0,4,0,8422,0.0,45,0.0,0.0,0.0,0.0,0.0,0,0,0,0,0.0,0,0,0,0,0,0,0,0,0,0,0,0,0,0,0,0,0,0,0,0,0,0,0,0,0,0,0,0,0,0,0,0,0,38,14,7,45,65476,0,300,0,0,8,21553,0.0,-107605600.0,0.0,0.0,0.0,0.0,0.0,0.0,0.0,0.0,0.0,0.0,0.0,0.0,0.0,0.0,0.0,0.0,0.0,0.0,0.0,0.0,0.0,-2.004,-0.0,0.0,0.0,0.0,0.0,0.0,5073.0,-0.0,0.0,0.0,-107615288.0,0.0,-0.0,0.0,0.0,0.0,0.0,53,3.222028592685471e+26,0.0,0.0,0.0,0.0,0.0,0.0,0.0,0.0,0,0,0,0.0,0.0,0.0,0.0,0.0,0.0,0.0,0.0,0.0,0.0,0.0,0.0,0.0,0.0,0.0,0.0,0,-107875648.0,53,0.0,106,-107614832.0,-107350944.0,ERR,ERR,ERR,ERR,ERR,ERR,ERR,ERR,ERR,ERR,ERR,ERR,ERR,ERR,ERR,ERR,ERR,ERR,ERR,ERR,ERR,ERR,ERR,ERR,ERR,ERR,ERR,ERR,ERR,ERR,ERR,ERR,ERR,ERR,ERR,ERR,ERR,ERR,ERR,ERR,ERR,ERR,ERR,ERR,ERR,ERR,ERR,ERR,ERR,ERR,ERR,ERR,ERR,ERR,ERR,ERR,ERR,ERR,ERR,ERR,ERR,ERR,ERR,ERR,ERR,ERR,ERR,50.0,60.0,100,0.0,0.0,0.0,0.0,0.0,0.0,0.0,0.0,0.0,0.0,0.0,0.0,0.0,0.0,0.0,0.0,61.6,65,20,65521,50,65476,0,300,0,0,8,20529,65476,0,0,26214,60.0,0.0,0.0,0.0,0.0,0.0
2026-05-17T16:25:31,ERR,ERR,ERR,ERR,ERR,ERR,ERR,ERR,ERR,ERR,ERR,ERR,ERR,ERR,ERR,ERR,ERR,ERR,ERR,ERR,ERR,ERR,ERR,ERR,ERR,ERR,ERR,ERR,ERR,ERR,ERR,ERR,ERR,ERR,ERR,ERR,ERR,ERR,ERR,ERR,ERR,ERR,ERR,ERR,ERR,ERR,ERR,ERR,ERR,ERR,ERR,ERR,ERR,ERR,ERR,ERR,ERR,ERR,ERR,ERR,ERR,ERR,ERR,ERR,ERR,ERR,ERR,ERR,ERR,ERR,ERR,ERR,ERR,ERR,ERR,ERR,ERR,ERR,ERR,ERR,ERR,ERR,ERR,ERR,ERR,ERR,ERR,ERR,ERR,ERR,ERR,ERR,ERR,ERR,ERR,ERR,ERR,ERR,ERR,ERR,ERR,ERR,ERR,ERR,ERR,ERR,ERR,ERR,ERR,ERR,ERR,ERR,ERR,ERR,ERR,ERR,ERR,ERR,ERR,ERR,ERR,ERR,ERR,ERR,ERR,0.0,-107615288.0,-0.0,0.0,0.0,1.3936040501711995e+18,7.805,0.0,0,0,4,0,8422,0.0,45,0.0,0.0,0.0,0.0,0.0,0,0,0,0,0.0,0,0,0,0,0,0,0,0,0,0,0,0,0,0,0,0,0,0,0,0,0,0,0,0,0,0,0,0,0,0,0,0,0,38,14,7,45,65476,0,300,0,0,8,21553,0.0,-107605600.0,0.0,0.0,0.0,0.0,0.0,0.0,0.0,0.0,0.0,0.0,0.0,0.0,0.0,0.0,0.0,0.0,0.0,0.0,0.0,0.0,0.0,-2.004,-0.0,0.0,0.0,0.0,0.0,0.0,5073.0,-0.0,0.0,0.0,-107615288.0,0.0,-0.0,0.0,0.0,0.0,0.0,53,3.222028592685471e+26,0.0,0.0,0.0,0.0,0.0,0.0,0.0,0.0,0,0,0,0.0,0.0,0.0,0.0,0.0,0.0,0.0,0.0,0.0,0.0,0.0,0.0,0.0,0.0,0.0,0.0,0,-107875648.0,53,0.0,106,-107614832.0,-107350944.0,ERR,ERR,ERR,ERR,ERR,ERR,ERR,ERR,ERR,ERR,ERR,ERR,ERR,ERR,ERR,ERR,ERR,ERR,ERR,ERR,ERR,ERR,ERR,ERR,ERR,ERR,ERR,ERR,ERR,ERR,ERR,ERR,ERR,ERR,ERR,ERR,ERR,ERR,ERR,ERR,ERR,ERR,ERR,ERR,ERR,ERR,ERR,ERR,ERR,ERR,ERR,ERR,ERR,ERR,ERR,ERR,ERR,ERR,ERR,ERR,ERR,ERR,ERR,ERR,ERR,ERR,ERR,50.0,60.0,100,0.0,0.0,0.0,0.0,0.0,0.0,0.0,0.0,0.0,0.0,0.0,0.0,0.0,0.0,0.0,0.0,61.6,65,20,65521,50,65476,0,300,0,0,8,20529,65476,0,0,26214,60.0,0.0,0.0,0.0,0.0,0.0
2026-05-17T16:25:32,ERR,ERR,ERR,ERR,ERR,ERR,ERR,ERR,ERR,ERR,ERR,ERR,ERR,ERR,ERR,ERR,ERR,ERR,ERR,ERR,ERR,ERR,ERR,ERR,ERR,ERR,ERR,ERR,ERR,ERR,ERR,ERR,ERR,ERR,ERR,ERR,ERR,ERR,ERR,ERR,ERR,ERR,ERR,ERR,ERR,ERR,ERR,ERR,ERR,ERR,ERR,ERR,ERR,ERR,ERR,ERR,ERR,ERR,ERR,ERR,ERR,ERR,ERR,ERR,ERR,ERR,ERR,ERR,ERR,ERR,ERR,ERR,ERR,ERR,ERR,ERR,ERR,ERR,ERR,ERR,ERR,ERR,ERR,ERR,ERR,ERR,ERR,ERR,ERR,ERR,ERR,ERR,ERR,ERR,ERR,ERR,ERR,ERR,ERR,ERR,ERR,ERR,ERR,ERR,ERR,ERR,ERR,ERR,ERR,ERR,ERR,ERR,ERR,ERR,ERR,ERR,ERR,ERR,ERR,ERR,ERR,ERR,ERR,ERR,ERR,0.0,-107615288.0,-0.0,0.0,0.0,1.3936040501711995e+18,7.805,0.0,0,0,4,0,8422,0.0,45,0.0,0.0,0.0,0.0,0.0,0,0,0,0,0.0,0,0,0,0,0,0,0,0,0,0,0,0,0,0,0,0,0,0,0,0,0,0,0,0,0,0,0,0,0,0,0,0,0,38,14,7,45,65476,0,300,0,0,8,21553,0.0,-107605600.0,0.0,0.0,0.0,0.0,0.0,0.0,0.0,0.0,0.0,0.0,0.0,0.0,0.0,0.0,0.0,0.0,0.0,0.0,0.0,0.0,0.0,-2.004,-0.0,0.0,0.0,0.0,0.0,0.0,5073.0,-0.0,0.0,0.0,-107615288.0,0.0,-0.0,0.0,0.0,0.0,0.0,53,3.222028592685471e+26,0.0,0.0,0.0,0.0,0.0,0.0,0.0,0.0,0,0,0,0.0,0.0,0.0,0.0,0.0,0.0,0.0,0.0,0.0,0.0,0.0,0.0,0.0,0.0,0.0,0.0,0,-107875648.0,53,0.0,106,-107614832.0,-107350944.0,ERR,ERR,ERR,ERR,ERR,ERR,ERR,ERR,ERR,ERR,ERR,ERR,ERR,ERR,ERR,ERR,ERR,ERR,ERR,ERR,ERR,ERR,ERR,ERR,ERR,ERR,ERR,ERR,ERR,ERR,ERR,ERR,ERR,ERR,ERR,ERR,ERR,ERR,ERR,ERR,ERR,ERR,ERR,ERR,ERR,ERR,ERR,ERR,ERR,ERR,ERR,ERR,ERR,ERR,ERR,ERR,ERR,ERR,ERR,ERR,ERR,ERR,ERR,ERR,ERR,ERR,ERR,50.0,60.0,100,0.0,0.0,0.0,0.0,0.0,0.0,0.0,0.0,0.0,0.0,0.0,0.0,0.0,0.0,0.0,0.0,61.6,65,20,65521,50,65476,0,300,0,0,8,20529,65476,0,0,26214,60.0,0.0,0.0,0.0,0.0,0.0
2026-05-17T16:25:33,ERR,ERR,ERR,ERR,ERR,ERR,ERR,ERR,ERR,ERR,ERR,ERR,ERR,ERR,ERR,ERR,ERR,ERR,ERR,ERR,ERR,ERR,ERR,ERR,ERR,ERR,ERR,ERR,ERR,ERR,ERR,ERR,ERR,ERR,ERR,ERR,ERR,ERR,ERR,ERR,ERR,ERR,ERR,ERR,ERR,ERR,ERR,ERR,ERR,ERR,ERR,ERR,ERR,ERR,ERR,ERR,ERR,ERR,ERR,ERR,ERR,ERR,ERR,ERR,ERR,ERR,ERR,ERR,ERR,ERR,ERR,ERR,ERR,ERR,ERR,ERR,ERR,ERR,ERR,ERR,ERR,ERR,ERR,ERR,ERR,ERR,ERR,ERR,ERR,ERR,ERR,ERR,ERR,ERR,ERR,ERR,ERR,ERR,ERR,ERR,ERR,ERR,ERR,ERR,ERR,ERR,ERR,ERR,ERR,ERR,ERR,ERR,ERR,ERR,ERR,ERR,ERR,ERR,ERR,ERR,ERR,ERR,ERR,ERR,ERR,0.0,-107615288.0,-0.0,0.0,0.0,1.3936040501711995e+18,7.805,0.0,0,0,4,0,8422,0.0,45,0.0,0.0,0.0,0.0,0.0,0,0,0,0,0.0,0,0,0,0,0,0,0,0,0,0,0,0,0,0,0,0,0,0,0,0,0,0,0,0,0,0,0,0,0,0,0,0,0,38,14,7,45,65476,0,300,0,0,8,21553,0.0,-107605600.0,0.0,0.0,0.0,0.0,0.0,0.0,0.0,0.0,0.0,0.0,0.0,0.0,0.0,0.0,0.0,0.0,0.0,0.0,0.0,0.0,0.0,-2.004,-0.0,0.0,0.0,0.0,0.0,0.0,5074.0,-0.0,0.0,0.0,-107615288.0,0.0,-0.0,0.0,0.0,0.0,0.0,53,4.066880103266858e+29,0.0,0.0,0.0,0.0,0.0,0.0,0.0,0.0,0,0,0,0.0,0.0,0.0,0.0,0.0,0.0,0.0,0.0,0.0,0.0,0.0,0.0,0.0,0.0,0.0,0.0,0,-107875648.0,53,0.0,106,-107614832.0,-107350944.0,ERR,ERR,ERR,ERR,ERR,ERR,ERR,ERR,ERR,ERR,ERR,ERR,ERR,ERR,ERR,ERR,ERR,ERR,ERR,ERR,ERR,ERR,ERR,ERR,ERR,ERR,ERR,ERR,ERR,ERR,ERR,ERR,ERR,ERR,ERR,ERR,ERR,ERR,ERR,ERR,ERR,ERR,ERR,ERR,ERR,ERR,ERR,ERR,ERR,ERR,ERR,ERR,ERR,ERR,ERR,ERR,ERR,ERR,ERR,ERR,ERR,ERR,ERR,ERR,ERR,ERR,ERR,50.0,60.0,100,0.0,0.0,0.0,0.0,0.0,0.0,0.0,0.0,0.0,0.0,0.0,0.0,0.0,0.0,0.0,0.0,62.0,65,20,65521,50,65476,0,300,0,0,8,20529,65476,0,0,26214,60.0,0.0,0.0,0.0,0.0,0.0
2026-05-17T16:25:34,ERR,ERR,ERR,ERR,ERR,ERR,ERR,ERR,ERR,ERR,ERR,ERR,ERR,ERR,ERR,ERR,ERR,ERR,ERR,ERR,ERR,ERR,ERR,ERR,ERR,ERR,ERR,ERR,ERR,ERR,ERR,ERR,ERR,ERR,ERR,ERR,ERR,ERR,ERR,ERR,ERR,ERR,ERR,ERR,ERR,ERR,ERR,ERR,ERR,ERR,ERR,ERR,ERR,ERR,ERR,ERR,ERR,ERR,ERR,ERR,ERR,ERR,ERR,ERR,ERR,ERR,ERR,ERR,ERR,ERR,ERR,ERR,ERR,ERR,ERR,ERR,ERR,ERR,ERR,ERR,ERR,ERR,ERR,ERR,ERR,ERR,ERR,ERR,ERR,ERR,ERR,ERR,ERR,ERR,ERR,ERR,ERR,ERR,ERR,ERR,ERR,ERR,ERR,ERR,ERR,ERR,ERR,ERR,ERR,ERR,ERR,ERR,ERR,ERR,ERR,ERR,ERR,ERR,ERR,ERR,ERR,ERR,ERR,ERR,ERR,0.0,-107615288.0,-0.0,0.0,0.0,1.3936040501711995e+18,7.805,0.0,0,0,4,0,8422,0.0,45,0.0,0.0,0.0,0.0,0.0,0,0,0,0,0.0,0,0,0,0,0,0,0,0,0,0,0,0,0,0,0,0,0,0,0,0,0,0,0,0,0,0,0,0,0,0,0,0,0,38,14,7,45,65476,0,300,0,0,8,21553,0.0,-107605600.0,0.0,0.0,0.0,0.0,0.0,0.0,0.0,0.0,0.0,0.0,0.0,0.0,0.0,0.0,0.0,0.0,0.0,0.0,0.0,0.0,0.0,-2.004,-0.0,0.0,0.0,0.0,0.0,0.0,5074.0,-0.0,0.0,0.0,-107615288.0,0.0,-0.0,0.0,0.0,0.0,0.0,53,4.066880103266858e+29,0.0,0.0,0.0,0.0,0.0,0.0,0.0,0.0,0,0,0,0.0,0.0,0.0,0.0,0.0,0.0,0.0,0.0,0.0,0.0,0.0,0.0,0.0,0.0,0.0,0.0,0,-107875648.0,53,0.0,106,-107614832.0,-107350944.0,ERR,ERR,ERR,ERR,ERR,ERR,ERR,ERR,ERR,ERR,ERR,ERR,ERR,ERR,ERR,ERR,ERR,ERR,ERR,ERR,ERR,ERR,ERR,ERR,ERR,ERR,ERR,ERR,ERR,ERR,ERR,ERR,ERR,ERR,ERR,ERR,ERR,ERR,ERR,ERR,ERR,ERR,ERR,ERR,ERR,ERR,ERR,ERR,ERR,ERR,ERR,ERR,ERR,ERR,ERR,ERR,ERR,ERR,ERR,ERR,ERR,ERR,ERR,ERR,ERR,ERR,ERR,50.0,60.0,100,0.0,0.0,0.0,0.0,0.0,0.0,0.0,0.0,0.0,0.0,0.0,0.0,0.0,0.0,0.0,0.0,62.0,65,20,65521,50,65476,0,300,0,0,8,20529,65476,0,0,26214,60.0,0.0,0.0,0.0,0.0,0.0
2026-05-17T16:25:35,ERR,ERR,ERR,ERR,ERR,ERR,ERR,ERR,ERR,ERR,ERR,ERR,ERR,ERR,ERR,ERR,ERR,ERR,ERR,ERR,ERR,ERR,ERR,ERR,ERR,ERR,ERR,ERR,ERR,ERR,ERR,ERR,ERR,ERR,ERR,ERR,ERR,ERR,ERR,ERR,ERR,ERR,ERR,ERR,ERR,ERR,ERR,ERR,ERR,ERR,ERR,ERR,ERR,ERR,ERR,ERR,ERR,ERR,ERR,ERR,ERR,ERR,ERR,ERR,ERR,ERR,ERR,ERR,ERR,ERR,ERR,ERR,ERR,ERR,ERR,ERR,ERR,ERR,ERR,ERR,ERR,ERR,ERR,ERR,ERR,ERR,ERR,ERR,ERR,ERR,ERR,ERR,ERR,ERR,ERR,ERR,ERR,ERR,ERR,ERR,ERR,ERR,ERR,ERR,ERR,ERR,ERR,ERR,ERR,ERR,ERR,ERR,ERR,ERR,ERR,ERR,ERR,ERR,ERR,ERR,ERR,ERR,ERR,ERR,ERR,0.0,-107615288.0,-0.0,0.0,0.0,1.3936040501711995e+18,7.805,0.0,0,0,4,0,8422,0.0,45,0.0,0.0,0.0,0.0,0.0,0,0,0,0,0.0,0,0,0,0,0,0,0,0,0,0,0,0,0,0,0,0,0,0,0,0,0,0,0,0,0,0,0,0,0,0,0,0,0,38,14,7,45,65476,0,300,0,0,8,21553,0.0,-107605600.0,0.0,0.0,0.0,0.0,0.0,0.0,0.0,0.0,0.0,0.0,0.0,0.0,0.0,0.0,0.0,0.0,0.0,0.0,0.0,0.0,0.0,-2.004,-0.0,0.0,0.0,0.0,0.0,0.0,5074.0,-0.0,0.0,0.0,-107615288.0,0.0,-0.0,0.0,0.0,0.0,0.0,53,4.066880103266858e+29,0.0,0.0,0.0,0.0,0.0,0.0,0.0,0.0,0,0,0,0.0,0.0,0.0,0.0,0.0,0.0,0.0,0.0,0.0,0.0,0.0,0.0,0.0,0.0,0.0,0.0,0,-107875648.0,53,0.0,106,-107614832.0,-107350944.0,ERR,ERR,ERR,ERR,ERR,ERR,ERR,ERR,ERR,ERR,ERR,ERR,ERR,ERR,ERR,ERR,ERR,ERR,ERR,ERR,ERR,ERR,ERR,ERR,ERR,ERR,ERR,ERR,ERR,ERR,ERR,ERR,ERR,ERR,ERR,ERR,ERR,ERR,ERR,ERR,ERR,ERR,ERR,ERR,ERR,ERR,ERR,ERR,ERR,ERR,ERR,ERR,ERR,ERR,ERR,ERR,ERR,ERR,ERR,ERR,ERR,ERR,ERR,ERR,ERR,ERR,ERR,50.0,60.0,100,0.0,0.0,0.0,0.0,0.0,0.0,0.0,0.0,0.0,0.0,0.0,0.0,0.0,0.0,0.0,0.0,62.0,65,20,65521,50,65476,0,300,0,0,8,20529,65476,0,0,26214,60.0,0.0,0.0,0.0,0.0,0.0
2026-05-17T16:25:36,ERR,ERR,ERR,ERR,ERR,ERR,ERR,ERR,ERR,ERR,ERR,ERR,ERR,ERR,ERR,ERR,ERR,ERR,ERR,ERR,ERR,ERR,ERR,ERR,ERR,ERR,ERR,ERR,ERR,ERR,ERR,ERR,ERR,ERR,ERR,ERR,ERR,ERR,ERR,ERR,ERR,ERR,ERR,ERR,ERR,ERR,ERR,ERR,ERR,ERR,ERR,ERR,ERR,ERR,ERR,ERR,ERR,ERR,ERR,ERR,ERR,ERR,ERR,ERR,ERR,ERR,ERR,ERR,ERR,ERR,ERR,ERR,ERR,ERR,ERR,ERR,ERR,ERR,ERR,ERR,ERR,ERR,ERR,ERR,ERR,ERR,ERR,ERR,ERR,ERR,ERR,ERR,ERR,ERR,ERR,ERR,ERR,ERR,ERR,ERR,ERR,ERR,ERR,ERR,ERR,ERR,ERR,ERR,ERR,ERR,ERR,ERR,ERR,ERR,ERR,ERR,ERR,ERR,ERR,ERR,ERR,ERR,ERR,ERR,ERR,0.0,-107615288.0,-0.0,0.0,0.0,1.3936040501711995e+18,7.805,0.0,0,0,4,0,8422,0.0,45,0.0,0.0,0.0,0.0,0.0,0,0,0,0,0.0,0,0,0,0,0,0,0,0,0,0,0,0,0,0,0,0,0,0,0,0,0,0,0,0,0,0,0,0,0,0,0,0,0,38,14,7,45,65476,0,300,0,0,8,21553,0.0,-107605600.0,0.0,0.0,0.0,0.0,0.0,0.0,0.0,0.0,0.0,0.0,0.0,0.0,0.0,0.0,0.0,0.0,0.0,0.0,0.0,0.0,0.0,-2.004,-0.0,0.0,0.0,0.0,0.0,0.0,5074.0,-0.0,0.0,0.0,-107615288.0,0.0,-0.0,0.0,0.0,0.0,0.0,53,4.066880103266858e+29,0.0,0.0,0.0,0.0,0.0,0.0,0.0,0.0,0,0,0,0.0,0.0,0.0,0.0,0.0,0.0,0.0,0.0,0.0,0.0,0.0,0.0,0.0,0.0,0.0,0.0,0,-107875648.0,53,0.0,106,-107614832.0,-107350944.0,ERR,ERR,ERR,ERR,ERR,ERR,ERR,ERR,ERR,ERR,ERR,ERR,ERR,ERR,ERR,ERR,ERR,ERR,ERR,ERR,ERR,ERR,ERR,ERR,ERR,ERR,ERR,ERR,ERR,ERR,ERR,ERR,ERR,ERR,ERR,ERR,ERR,ERR,ERR,ERR,ERR,ERR,ERR,ERR,ERR,ERR,ERR,ERR,ERR,ERR,ERR,ERR,ERR,ERR,ERR,ERR,ERR,ERR,ERR,ERR,ERR,ERR,ERR,ERR,ERR,ERR,ERR,50.0,60.0,100,0.0,0.0,0.0,0.0,0.0,0.0,0.0,0.0,0.0,0.0,0.0,0.0,0.0,0.0,0.0,0.0,61.6,65,20,65521,50,65476,0,300,0,0,8,20529,65476,0,0,26214,60.0,0.0,0.0,0.0,0.0,0.0
2026-05-17T16:25:37,ERR,ERR,ERR,ERR,ERR,ERR,ERR,ERR,ERR,ERR,ERR,ERR,ERR,ERR,ERR,ERR,ERR,ERR,ERR,ERR,ERR,ERR,ERR,ERR,ERR,ERR,ERR,ERR,ERR,ERR,ERR,ERR,ERR,ERR,ERR,ERR,ERR,ERR,ERR,ERR,ERR,ERR,ERR,ERR,ERR,ERR,ERR,ERR,ERR,ERR,ERR,ERR,ERR,ERR,ERR,ERR,ERR,ERR,ERR,ERR,ERR,ERR,ERR,ERR,ERR,ERR,ERR,ERR,ERR,ERR,ERR,ERR,ERR,ERR,ERR,ERR,ERR,ERR,ERR,ERR,ERR,ERR,ERR,ERR,ERR,ERR,ERR,ERR,ERR,ERR,ERR,ERR,ERR,ERR,ERR,ERR,ERR,ERR,ERR,ERR,ERR,ERR,ERR,ERR,ERR,ERR,ERR,ERR,ERR,ERR,ERR,ERR,ERR,ERR,ERR,ERR,ERR,ERR,ERR,ERR,ERR,ERR,ERR,ERR,ERR,0.0,-107615288.0,-0.0,0.0,0.0,1.3936040501711995e+18,7.805,0.0,0,0,4,0,8422,0.0,45,0.0,0.0,0.0,0.0,0.0,0,0,0,0,0.0,0,0,0,0,0,0,0,0,0,0,0,0,0,0,0,0,0,0,0,0,0,0,0,0,0,0,0,0,0,0,0,0,0,38,14,7,45,65476,0,300,0,0,8,21553,0.0,-107605600.0,0.0,0.0,0.0,0.0,0.0,0.0,0.0,0.0,0.0,0.0,0.0,0.0,0.0,0.0,0.0,0.0,0.0,0.0,0.0,0.0,0.0,-2.004,-0.0,0.0,0.0,0.0,0.0,0.0,5074.0,-0.0,0.0,0.0,-107615288.0,0.0,-0.0,0.0,0.0,0.0,0.0,53,4.066880103266858e+29,0.0,0.0,0.0,0.0,0.0,0.0,0.0,0.0,0,0,0,0.0,0.0,0.0,0.0,0.0,0.0,0.0,0.0,0.0,0.0,0.0,0.0,0.0,0.0,0.0,0.0,0,-107875648.0,53,0.0,106,-107614832.0,-107350944.0,ERR,ERR,ERR,ERR,ERR,ERR,ERR,ERR,ERR,ERR,ERR,ERR,ERR,ERR,ERR,ERR,ERR,ERR,ERR,ERR,ERR,ERR,ERR,ERR,ERR,ERR,ERR,ERR,ERR,ERR,ERR,ERR,ERR,ERR,ERR,ERR,ERR,ERR,ERR,ERR,ERR,ERR,ERR,ERR,ERR,ERR,ERR,ERR,ERR,ERR,ERR,ERR,ERR,ERR,ERR,ERR,ERR,ERR,ERR,ERR,ERR,ERR,ERR,ERR,ERR,ERR,ERR,50.0,60.0,100,0.0,0.0,0.0,0.0,0.0,0.0,0.0,0.0,0.0,0.0,0.0,0.0,0.0,0.0,0.0,0.0,61.6,65,20,65521,50,65476,0,300,0,0,8,20529,65476,0,0,26214,60.0,0.0,0.0,0.0,0.0,0.0
2026-05-17T16:25:38,ERR,ERR,ERR,ERR,ERR,ERR,ERR,ERR,ERR,ERR,ERR,ERR,ERR,ERR,ERR,ERR,ERR,ERR,ERR,ERR,ERR,ERR,ERR,ERR,ERR,ERR,ERR,ERR,ERR,ERR,ERR,ERR,ERR,ERR,ERR,ERR,ERR,ERR,ERR,ERR,ERR,ERR,ERR,ERR,ERR,ERR,ERR,ERR,ERR,ERR,ERR,ERR,ERR,ERR,ERR,ERR,ERR,ERR,ERR,ERR,ERR,ERR,ERR,ERR,ERR,ERR,ERR,ERR,ERR,ERR,ERR,ERR,ERR,ERR,ERR,ERR,ERR,ERR,ERR,ERR,ERR,ERR,ERR,ERR,ERR,ERR,ERR,ERR,ERR,ERR,ERR,ERR,ERR,ERR,ERR,ERR,ERR,ERR,ERR,ERR,ERR,ERR,ERR,ERR,ERR,ERR,ERR,ERR,ERR,ERR,ERR,ERR,ERR,ERR,ERR,ERR,ERR,ERR,ERR,ERR,ERR,ERR,ERR,ERR,ERR,0.0,-107615288.0,-0.0,0.0,0.0,1.3936040501711995e+18,7.805,0.0,0,0,4,0,8422,0.0,45,0.0,0.0,0.0,0.0,0.0,0,0,0,0,0.0,0,0,0,0,0,0,0,0,0,0,0,0,0,0,0,0,0,0,0,0,0,0,0,0,0,0,0,0,0,0,0,0,0,38,14,7,45,65476,0,300,0,0,8,21553,0.0,-107605600.0,0.0,0.0,0.0,0.0,0.0,0.0,0.0,0.0,0.0,0.0,0.0,0.0,0.0,0.0,0.0,0.0,0.0,0.0,0.0,0.0,0.0,-2.004,-0.0,0.0,0.0,0.0,0.0,0.0,5105.0,0.0,0.0,0.0,-107615288.0,0.0,-0.0,0.0,0.0,0.0,0.0,53,3.222028592685471e+26,-0.0,0.0,0.0,0.0,0.0,0.0,0.0,0.0,0,0,0,0.0,0.0,0.0,0.0,0.0,0.0,0.0,0.0,0.0,0.0,0.0,0.0,0.0,0.0,0.0,0.0,0,-107875648.0,53,0.0,106,-107614832.0,-107350944.0,ERR,ERR,ERR,ERR,ERR,ERR,ERR,ERR,ERR,ERR,ERR,ERR,ERR,ERR,ERR,ERR,ERR,ERR,ERR,ERR,ERR,ERR,ERR,ERR,ERR,ERR,ERR,ERR,ERR,ERR,ERR,ERR,ERR,ERR,ERR,ERR,ERR,ERR,ERR,ERR,ERR,ERR,ERR,ERR,ERR,ERR,ERR,ERR,ERR,ERR,ERR,ERR,ERR,ERR,ERR,ERR,ERR,ERR,ERR,ERR,ERR,ERR,ERR,ERR,ERR,ERR,ERR,50.0,60.0,100,0.0,0.0,0.0,0.0,0.0,0.0,0.0,0.0,0.0,0.0,0.0,0.0,0.0,0.0,0.0,0.0,61.6,65,20,65521,50,65476,0,300,0,0,8,20529,65476,0,0,26214,60.0,0.0,0.0,0.0,0.0,0.0
2026-05-17T16:25:39,ERR,ERR,ERR,ERR,ERR,ERR,ERR,ERR,ERR,ERR,ERR,ERR,ERR,ERR,ERR,ERR,ERR,ERR,ERR,ERR,ERR,ERR,ERR,ERR,ERR,ERR,ERR,ERR,ERR,ERR,ERR,ERR,ERR,ERR,ERR,ERR,ERR,ERR,ERR,ERR,ERR,ERR,ERR,ERR,ERR,ERR,ERR,ERR,ERR,ERR,ERR,ERR,ERR,ERR,ERR,ERR,ERR,ERR,ERR,ERR,ERR,ERR,ERR,ERR,ERR,ERR,ERR,ERR,ERR,ERR,ERR,ERR,ERR,ERR,ERR,ERR,ERR,ERR,ERR,ERR,ERR,ERR,ERR,ERR,ERR,ERR,ERR,ERR,ERR,ERR,ERR,ERR,ERR,ERR,ERR,ERR,ERR,ERR,ERR,ERR,ERR,ERR,ERR,ERR,ERR,ERR,ERR,ERR,ERR,ERR,ERR,ERR,ERR,ERR,ERR,ERR,ERR,ERR,ERR,ERR,ERR,ERR,ERR,ERR,ERR,0.0,-107615288.0,-0.0,0.0,0.0,1.3936040501711995e+18,7.805,0.0,0,0,4,0,8422,0.0,45,0.0,0.0,0.0,0.0,0.0,0,0,0,0,0.0,0,0,0,0,0,0,0,0,0,0,0,0,0,0,0,0,0,0,0,0,0,0,0,0,0,0,0,0,0,0,0,0,0,38,14,7,45,65476,0,300,0,0,8,21553,0.0,-107605600.0,0.0,0.0,0.0,0.0,0.0,0.0,0.0,0.0,0.0,0.0,0.0,0.0,0.0,0.0,0.0,0.0,0.0,0.0,0.0,0.0,0.0,-2.004,-0.0,0.0,0.0,0.0,0.0,0.0,5105.0,0.0,0.0,0.0,-107615288.0,0.0,-0.0,0.0,0.0,0.0,0.0,53,3.222028592685471e+26,-0.0,0.0,0.0,0.0,0.0,0.0,0.0,0.0,0,0,0,0.0,0.0,0.0,0.0,0.0,0.0,0.0,0.0,0.0,0.0,0.0,0.0,0.0,0.0,0.0,0.0,0,-107875648.0,53,0.0,106,-107614832.0,-107350944.0,ERR,ERR,ERR,ERR,ERR,ERR,ERR,ERR,ERR,ERR,ERR,ERR,ERR,ERR,ERR,ERR,ERR,ERR,ERR,ERR,ERR,ERR,ERR,ERR,ERR,ERR,ERR,ERR,ERR,ERR,ERR,ERR,ERR,ERR,ERR,ERR,ERR,ERR,ERR,ERR,ERR,ERR,ERR,ERR,ERR,ERR,ERR,ERR,ERR,ERR,ERR,ERR,ERR,ERR,ERR,ERR,ERR,ERR,ERR,ERR,ERR,ERR,ERR,ERR,ERR,ERR,ERR,50.0,60.0,100,0.0,0.0,0.0,0.0,0.0,0.0,0.0,0.0,0.0,0.0,0.0,0.0,0.0,0.0,0.0,0.0,61.6,65,20,65521,50,65476,0,300,0,0,8,20529,65476,0,0,26214,60.0,0.0,0.0,0.0,0.0,0.0
2026-05-17T16:25:40,ERR,ERR,ERR,ERR,ERR,ERR,ERR,ERR,ERR,ERR,ERR,ERR,ERR,ERR,ERR,ERR,ERR,ERR,ERR,ERR,ERR,ERR,ERR,ERR,ERR,ERR,ERR,ERR,ERR,ERR,ERR,ERR,ERR,ERR,ERR,ERR,ERR,ERR,ERR,ERR,ERR,ERR,ERR,ERR,ERR,ERR,ERR,ERR,ERR,ERR,ERR,ERR,ERR,ERR,ERR,ERR,ERR,ERR,ERR,ERR,ERR,ERR,ERR,ERR,ERR,ERR,ERR,ERR,ERR,ERR,ERR,ERR,ERR,ERR,ERR,ERR,ERR,ERR,ERR,ERR,ERR,ERR,ERR,ERR,ERR,ERR,ERR,ERR,ERR,ERR,ERR,ERR,ERR,ERR,ERR,ERR,ERR,ERR,ERR,ERR,ERR,ERR,ERR,ERR,ERR,ERR,ERR,ERR,ERR,ERR,ERR,ERR,ERR,ERR,ERR,ERR,ERR,ERR,ERR,ERR,ERR,ERR,ERR,ERR,ERR,0.0,-107615288.0,-0.0,0.0,0.0,1.3936040501711995e+18,7.805,0.0,0,0,4,0,8422,0.0,45,0.0,0.0,0.0,0.0,0.0,0,0,0,0,0.0,0,0,0,0,0,0,0,0,0,0,0,0,0,0,0,0,0,0,0,0,0,0,0,0,0,0,0,0,0,0,0,0,0,38,14,7,45,65476,0,300,0,0,8,21553,0.0,-107605600.0,0.0,0.0,0.0,0.0,0.0,0.0,0.0,0.0,0.0,0.0,0.0,0.0,0.0,0.0,0.0,0.0,0.0,0.0,0.0,0.0,0.0,-2.004,-0.0,0.0,0.0,0.0,0.0,0.0,5105.0,0.0,0.0,0.0,-107615288.0,0.0,-0.0,0.0,0.0,0.0,0.0,53,3.222028592685471e+26,-0.0,0.0,0.0,0.0,0.0,0.0,0.0,0.0,0,0,0,0.0,0.0,0.0,0.0,0.0,0.0,0.0,0.0,0.0,0.0,0.0,0.0,0.0,0.0,0.0,0.0,0,-107875648.0,53,0.0,106,-107614832.0,-107350944.0,ERR,ERR,ERR,ERR,ERR,ERR,ERR,ERR,ERR,ERR,ERR,ERR,ERR,ERR,ERR,ERR,ERR,ERR,ERR,ERR,ERR,ERR,ERR,ERR,ERR,ERR,ERR,ERR,ERR,ERR,ERR,ERR,ERR,ERR,ERR,ERR,ERR,ERR,ERR,ERR,ERR,ERR,ERR,ERR,ERR,ERR,ERR,ERR,ERR,ERR,ERR,ERR,ERR,ERR,ERR,ERR,ERR,ERR,ERR,ERR,ERR,ERR,ERR,ERR,ERR,ERR,ERR,50.0,60.0,100,0.0,0.0,0.0,0.0,0.0,0.0,0.0,0.0,0.0,0.0,0.0,0.0,0.0,0.0,0.0,0.0,61.6,65,20,65521,50,65476,0,300,0,0,8,20529,65476,0,0,26214,60.0,0.0,0.0,0.0,0.0,0.0
2026-05-17T16:25:41,ERR,ERR,ERR,ERR,ERR,ERR,ERR,ERR,ERR,ERR,ERR,ERR,ERR,ERR,ERR,ERR,ERR,ERR,ERR,ERR,ERR,ERR,ERR,ERR,ERR,ERR,ERR,ERR,ERR,ERR,ERR,ERR,ERR,ERR,ERR,ERR,ERR,ERR,ERR,ERR,ERR,ERR,ERR,ERR,ERR,ERR,ERR,ERR,ERR,ERR,ERR,ERR,ERR,ERR,ERR,ERR,ERR,ERR,ERR,ERR,ERR,ERR,ERR,ERR,ERR,ERR,ERR,ERR,ERR,ERR,ERR,ERR,ERR,ERR,ERR,ERR,ERR,ERR,ERR,ERR,ERR,ERR,ERR,ERR,ERR,ERR,ERR,ERR,ERR,ERR,ERR,ERR,ERR,ERR,ERR,ERR,ERR,ERR,ERR,ERR,ERR,ERR,ERR,ERR,ERR,ERR,ERR,ERR,ERR,ERR,ERR,ERR,ERR,ERR,ERR,ERR,ERR,ERR,ERR,ERR,ERR,ERR,ERR,ERR,ERR,0.0,-107615288.0,-0.0,0.0,0.0,1.3936040501711995e+18,7.805,0.0,0,0,4,0,8422,0.0,45,0.0,0.0,0.0,0.0,0.0,0,0,0,0,0.0,0,0,0,0,0,0,0,0,0,0,0,0,0,0,0,0,0,0,0,0,0,0,0,0,0,0,0,0,0,0,0,0,0,38,14,7,45,65476,0,300,0,0,8,21553,0.0,-107605600.0,0.0,0.0,0.0,0.0,0.0,0.0,0.0,0.0,0.0,0.0,0.0,0.0,0.0,0.0,0.0,0.0,0.0,0.0,0.0,0.0,0.0,-2.004,-0.0,0.0,0.0,0.0,0.0,0.0,5105.0,0.0,0.0,0.0,-107615288.0,0.0,-0.0,0.0,0.0,0.0,0.0,53,3.222028592685471e+26,-0.0,0.0,0.0,0.0,0.0,0.0,0.0,0.0,0,0,0,0.0,0.0,0.0,0.0,0.0,0.0,0.0,0.0,0.0,0.0,0.0,0.0,0.0,0.0,0.0,0.0,0,-107875648.0,53,0.0,106,-107614832.0,-107350944.0,ERR,ERR,ERR,ERR,ERR,ERR,ERR,ERR,ERR,ERR,ERR,ERR,ERR,ERR,ERR,ERR,ERR,ERR,ERR,ERR,ERR,ERR,ERR,ERR,ERR,ERR,ERR,ERR,ERR,ERR,ERR,ERR,ERR,ERR,ERR,ERR,ERR,ERR,ERR,ERR,ERR,ERR,ERR,ERR,ERR,ERR,ERR,ERR,ERR,ERR,ERR,ERR,ERR,ERR,ERR,ERR,ERR,ERR,ERR,ERR,ERR,ERR,ERR,ERR,ERR,ERR,ERR,50.0,60.0,100,0.0,0.0,0.0,0.0,0.0,0.0,0.0,0.0,0.0,0.0,0.0,0.0,0.0,0.0,0.0,0.0,61.6,65,20,65521,50,65476,0,300,0,0,8,20529,65476,0,0,26214,60.0,0.0,0.0,0.0,0.0,0.0
2026-05-17T16:25:42,ERR,ERR,ERR,ERR,ERR,ERR,ERR,ERR,ERR,ERR,ERR,ERR,ERR,ERR,ERR,ERR,ERR,ERR,ERR,ERR,ERR,ERR,ERR,ERR,ERR,ERR,ERR,ERR,ERR,ERR,ERR,ERR,ERR,ERR,ERR,ERR,ERR,ERR,ERR,ERR,ERR,ERR,ERR,ERR,ERR,ERR,ERR,ERR,ERR,ERR,ERR,ERR,ERR,ERR,ERR,ERR,ERR,ERR,ERR,ERR,ERR,ERR,ERR,ERR,ERR,ERR,ERR,ERR,ERR,ERR,ERR,ERR,ERR,ERR,ERR,ERR,ERR,ERR,ERR,ERR,ERR,ERR,ERR,ERR,ERR,ERR,ERR,ERR,ERR,ERR,ERR,ERR,ERR,ERR,ERR,ERR,ERR,ERR,ERR,ERR,ERR,ERR,ERR,ERR,ERR,ERR,ERR,ERR,ERR,ERR,ERR,ERR,ERR,ERR,ERR,ERR,ERR,ERR,ERR,ERR,ERR,ERR,ERR,ERR,ERR,0.0,-107615288.0,-0.0,0.0,0.0,1.3936040501711995e+18,7.805,0.0,0,0,4,0,8422,0.0,45,0.0,0.0,0.0,0.0,0.0,0,0,0,0,0.0,0,0,0,0,0,0,0,0,0,0,0,0,0,0,0,0,0,0,0,0,0,0,0,0,0,0,0,0,0,0,0,0,0,38,14,7,45,65476,0,300,0,0,8,21553,0.0,-107605600.0,0.0,0.0,0.0,0.0,0.0,0.0,0.0,0.0,0.0,0.0,0.0,0.0,0.0,0.0,0.0,0.0,0.0,0.0,0.0,0.0,0.0,-2.004,-0.0,0.0,0.0,0.0,0.0,0.0,5105.0,0.0,0.0,0.0,-107615288.0,0.0,-0.0,0.0,0.0,0.0,0.0,53,3.222028592685471e+26,-0.0,0.0,0.0,0.0,0.0,0.0,0.0,0.0,0,0,0,0.0,0.0,0.0,0.0,0.0,0.0,0.0,0.0,0.0,0.0,0.0,0.0,0.0,0.0,0.0,0.0,0,-107875648.0,53,0.0,106,-107614832.0,-107350944.0,ERR,ERR,ERR,ERR,ERR,ERR,ERR,ERR,ERR,ERR,ERR,ERR,ERR,ERR,ERR,ERR,ERR,ERR,ERR,ERR,ERR,ERR,ERR,ERR,ERR,ERR,ERR,ERR,ERR,ERR,ERR,ERR,ERR,ERR,ERR,ERR,ERR,ERR,ERR,ERR,ERR,ERR,ERR,ERR,ERR,ERR,ERR,ERR,ERR,ERR,ERR,ERR,ERR,ERR,ERR,ERR,ERR,ERR,ERR,ERR,ERR,ERR,ERR,ERR,ERR,ERR,ERR,50.0,60.0,100,0.0,0.0,0.0,0.0,0.0,0.0,0.0,0.0,0.0,0.0,0.0,0.0,0.0,0.0,0.0,0.0,61.6,65,20,65521,50,65476,0,300,0,0,8,20529,65476,0,0,26214,60.0,0.0,0.0,0.0,0.0,0.0
2026-05-17T16:25:43,ERR,ERR,ERR,ERR,ERR,ERR,ERR,ERR,ERR,ERR,ERR,ERR,ERR,ERR,ERR,ERR,ERR,ERR,ERR,ERR,ERR,ERR,ERR,ERR,ERR,ERR,ERR,ERR,ERR,ERR,ERR,ERR,ERR,ERR,ERR,ERR,ERR,ERR,ERR,ERR,ERR,ERR,ERR,ERR,ERR,ERR,ERR,ERR,ERR,ERR,ERR,ERR,ERR,ERR,ERR,ERR,ERR,ERR,ERR,ERR,ERR,ERR,ERR,ERR,ERR,ERR,ERR,ERR,ERR,ERR,ERR,ERR,ERR,ERR,ERR,ERR,ERR,ERR,ERR,ERR,ERR,ERR,ERR,ERR,ERR,ERR,ERR,ERR,ERR,ERR,ERR,ERR,ERR,ERR,ERR,ERR,ERR,ERR,ERR,ERR,ERR,ERR,ERR,ERR,ERR,ERR,ERR,ERR,ERR,ERR,ERR,ERR,ERR,ERR,ERR,ERR,ERR,ERR,ERR,ERR,ERR,ERR,ERR,ERR,ERR,0.0,-107615288.0,-0.0,0.0,0.0,1.3936040501711995e+18,7.805,0.0,0,0,4,0,8422,0.0,45,0.0,0.0,0.0,0.0,0.0,0,0,0,0,0.0,0,0,0,0,0,0,0,0,0,0,0,0,0,0,0,0,0,0,0,0,0,0,0,0,0,0,0,0,0,0,0,0,0,38,14,7,45,65476,0,300,0,0,8,21553,0.0,-107605600.0,0.0,0.0,0.0,0.0,0.0,0.0,0.0,0.0,0.0,0.0,0.0,0.0,0.0,0.0,0.0,0.0,0.0,0.0,0.0,0.0,0.0,-2.004,-0.0,0.0,0.0,0.0,0.0,0.0,5071.0,0.0,0.0,0.0,-107615288.0,0.0,-0.0,0.0,0.0,0.0,0.0,53,2.3088403658719416e+20,126840553472.0,0.0,0.0,0.0,0.0,0.0,0.0,0.0,0,0,0,0.0,0.0,0.0,0.0,0.0,0.0,0.0,0.0,0.0,0.0,0.0,0.0,0.0,0.0,0.0,0.0,0,-107875648.0,53,0.0,106,-107614832.0,-107350944.0,ERR,ERR,ERR,ERR,ERR,ERR,ERR,ERR,ERR,ERR,ERR,ERR,ERR,ERR,ERR,ERR,ERR,ERR,ERR,ERR,ERR,ERR,ERR,ERR,ERR,ERR,ERR,ERR,ERR,ERR,ERR,ERR,ERR,ERR,ERR,ERR,ERR,ERR,ERR,ERR,ERR,ERR,ERR,ERR,ERR,ERR,ERR,ERR,ERR,ERR,ERR,ERR,ERR,ERR,ERR,ERR,ERR,ERR,ERR,ERR,ERR,ERR,ERR,ERR,ERR,ERR,ERR,50.0,60.0,100,0.0,0.0,0.0,0.0,0.0,0.0,0.0,0.0,0.0,0.0,0.0,0.0,0.0,0.0,0.0,0.0,61.6,65,20,65521,50,65476,0,300,0,0,8,20529,65476,0,0,26214,60.0,0.0,0.0,0.0,0.0,0.0
2026-05-17T16:25:44,ERR,ERR,ERR,ERR,ERR,ERR,ERR,ERR,ERR,ERR,ERR,ERR,ERR,ERR,ERR,ERR,ERR,ERR,ERR,ERR,ERR,ERR,ERR,ERR,ERR,ERR,ERR,ERR,ERR,ERR,ERR,ERR,ERR,ERR,ERR,ERR,ERR,ERR,ERR,ERR,ERR,ERR,ERR,ERR,ERR,ERR,ERR,ERR,ERR,ERR,ERR,ERR,ERR,ERR,ERR,ERR,ERR,ERR,ERR,ERR,ERR,ERR,ERR,ERR,ERR,ERR,ERR,ERR,ERR,ERR,ERR,ERR,ERR,ERR,ERR,ERR,ERR,ERR,ERR,ERR,ERR,ERR,ERR,ERR,ERR,ERR,ERR,ERR,ERR,ERR,ERR,ERR,ERR,ERR,ERR,ERR,ERR,ERR,ERR,ERR,ERR,ERR,ERR,ERR,ERR,ERR,ERR,ERR,ERR,ERR,ERR,ERR,ERR,ERR,ERR,ERR,ERR,ERR,ERR,ERR,ERR,ERR,ERR,ERR,ERR,0.0,-107615288.0,-0.0,0.0,0.0,1.3936040501711995e+18,7.805,0.0,0,0,4,0,8422,0.0,45,0.0,0.0,0.0,0.0,0.0,0,0,0,0,0.0,0,0,0,0,0,0,0,0,0,0,0,0,0,0,0,0,0,0,0,0,0,0,0,0,0,0,0,0,0,0,0,0,0,38,14,7,45,65476,0,300,0,0,8,21553,0.0,-107605600.0,0.0,0.0,0.0,0.0,0.0,0.0,0.0,0.0,0.0,0.0,0.0,0.0,0.0,0.0,0.0,0.0,0.0,0.0,0.0,0.0,0.0,-2.004,-0.0,0.0,0.0,0.0,0.0,0.0,5071.0,0.0,0.0,0.0,-107615288.0,0.0,-0.0,0.0,0.0,0.0,0.0,53,2.3088403658719416e+20,126840553472.0,0.0,0.0,0.0,0.0,0.0,0.0,0.0,0,0,0,0.0,0.0,0.0,0.0,0.0,0.0,0.0,0.0,0.0,0.0,0.0,0.0,0.0,0.0,0.0,0.0,0,-107875648.0,53,0.0,106,-107614832.0,-107350944.0,ERR,ERR,ERR,ERR,ERR,ERR,ERR,ERR,ERR,ERR,ERR,ERR,ERR,ERR,ERR,ERR,ERR,ERR,ERR,ERR,ERR,ERR,ERR,ERR,ERR,ERR,ERR,ERR,ERR,ERR,ERR,ERR,ERR,ERR,ERR,ERR,ERR,ERR,ERR,ERR,ERR,ERR,ERR,ERR,ERR,ERR,ERR,ERR,ERR,ERR,ERR,ERR,ERR,ERR,ERR,ERR,ERR,ERR,ERR,ERR,ERR,ERR,ERR,ERR,ERR,ERR,ERR,50.0,60.0,100,0.0,0.0,0.0,0.0,0.0,0.0,0.0,0.0,0.0,0.0,0.0,0.0,0.0,0.0,0.0,0.0,61.6,65,20,65521,50,65476,0,300,0,0,8,20529,65476,0,0,26214,60.0,0.0,0.0,0.0,0.0,0.0
2026-05-17T16:25:45,ERR,ERR,ERR,ERR,ERR,ERR,ERR,ERR,ERR,ERR,ERR,ERR,ERR,ERR,ERR,ERR,ERR,ERR,ERR,ERR,ERR,ERR,ERR,ERR,ERR,ERR,ERR,ERR,ERR,ERR,ERR,ERR,ERR,ERR,ERR,ERR,ERR,ERR,ERR,ERR,ERR,ERR,ERR,ERR,ERR,ERR,ERR,ERR,ERR,ERR,ERR,ERR,ERR,ERR,ERR,ERR,ERR,ERR,ERR,ERR,ERR,ERR,ERR,ERR,ERR,ERR,ERR,ERR,ERR,ERR,ERR,ERR,ERR,ERR,ERR,ERR,ERR,ERR,ERR,ERR,ERR,ERR,ERR,ERR,ERR,ERR,ERR,ERR,ERR,ERR,ERR,ERR,ERR,ERR,ERR,ERR,ERR,ERR,ERR,ERR,ERR,ERR,ERR,ERR,ERR,ERR,ERR,ERR,ERR,ERR,ERR,ERR,ERR,ERR,ERR,ERR,ERR,ERR,ERR,ERR,ERR,ERR,ERR,ERR,ERR,0.0,-107615288.0,-0.0,0.0,0.0,1.3936040501711995e+18,7.805,0.0,0,0,4,0,8422,0.0,45,0.0,0.0,0.0,0.0,0.0,0,0,0,0,0.0,0,0,0,0,0,0,0,0,0,0,0,0,0,0,0,0,0,0,0,0,0,0,0,0,0,0,0,0,0,0,0,0,0,38,14,7,45,65476,0,300,0,0,8,21553,0.0,-107605600.0,0.0,0.0,0.0,0.0,0.0,0.0,0.0,0.0,0.0,0.0,0.0,0.0,0.0,0.0,0.0,0.0,0.0,0.0,0.0,0.0,0.0,-2.004,-0.0,0.0,0.0,0.0,0.0,0.0,5071.0,0.0,0.0,0.0,-107615288.0,0.0,-0.0,0.0,0.0,0.0,0.0,53,2.3088403658719416e+20,126840553472.0,0.0,0.0,0.0,0.0,0.0,0.0,0.0,0,0,0,0.0,0.0,0.0,0.0,0.0,0.0,0.0,0.0,0.0,0.0,0.0,0.0,0.0,0.0,0.0,0.0,0,-107875648.0,53,0.0,106,-107614832.0,-107350944.0,ERR,ERR,ERR,ERR,ERR,ERR,ERR,ERR,ERR,ERR,ERR,ERR,ERR,ERR,ERR,ERR,ERR,ERR,ERR,ERR,ERR,ERR,ERR,ERR,ERR,ERR,ERR,ERR,ERR,ERR,ERR,ERR,ERR,ERR,ERR,ERR,ERR,ERR,ERR,ERR,ERR,ERR,ERR,ERR,ERR,ERR,ERR,ERR,ERR,ERR,ERR,ERR,ERR,ERR,ERR,ERR,ERR,ERR,ERR,ERR,ERR,ERR,ERR,ERR,ERR,ERR,ERR,50.0,60.0,100,0.0,0.0,0.0,0.0,0.0,0.0,0.0,0.0,0.0,0.0,0.0,0.0,0.0,0.0,0.0,0.0,62.0,65,20,65521,50,65476,0,300,0,0,8,20529,65476,0,0,26214,60.0,0.0,0.0,0.0,0.0,0.0
2026-05-17T16:25:46,ERR,ERR,ERR,ERR,ERR,ERR,ERR,ERR,ERR,ERR,ERR,ERR,ERR,ERR,ERR,ERR,ERR,ERR,ERR,ERR,ERR,ERR,ERR,ERR,ERR,ERR,ERR,ERR,ERR,ERR,ERR,ERR,ERR,ERR,ERR,ERR,ERR,ERR,ERR,ERR,ERR,ERR,ERR,ERR,ERR,ERR,ERR,ERR,ERR,ERR,ERR,ERR,ERR,ERR,ERR,ERR,ERR,ERR,ERR,ERR,ERR,ERR,ERR,ERR,ERR,ERR,ERR,ERR,ERR,ERR,ERR,ERR,ERR,ERR,ERR,ERR,ERR,ERR,ERR,ERR,ERR,ERR,ERR,ERR,ERR,ERR,ERR,ERR,ERR,ERR,ERR,ERR,ERR,ERR,ERR,ERR,ERR,ERR,ERR,ERR,ERR,ERR,ERR,ERR,ERR,ERR,ERR,ERR,ERR,ERR,ERR,ERR,ERR,ERR,ERR,ERR,ERR,ERR,ERR,ERR,ERR,ERR,ERR,ERR,ERR,0.0,-107615288.0,-0.0,0.0,0.0,1.3936040501711995e+18,7.805,0.0,0,0,4,0,8422,0.0,45,0.0,0.0,0.0,0.0,0.0,0,0,0,0,0.0,0,0,0,0,0,0,0,0,0,0,0,0,0,0,0,0,0,0,0,0,0,0,0,0,0,0,0,0,0,0,0,0,0,38,14,7,45,65476,0,300,0,0,8,21553,0.0,-107605600.0,0.0,0.0,0.0,0.0,0.0,0.0,0.0,0.0,0.0,0.0,0.0,0.0,0.0,0.0,0.0,0.0,0.0,0.0,0.0,0.0,0.0,-2.004,-0.0,0.0,0.0,0.0,0.0,0.0,5071.0,0.0,0.0,0.0,-107615288.0,0.0,-0.0,0.0,0.0,0.0,0.0,53,2.3088403658719416e+20,126840553472.0,0.0,0.0,0.0,0.0,0.0,0.0,0.0,0,0,0,0.0,0.0,0.0,0.0,0.0,0.0,0.0,0.0,0.0,0.0,0.0,0.0,0.0,0.0,0.0,0.0,0,-107875648.0,53,0.0,106,-107614832.0,-107350944.0,ERR,ERR,ERR,ERR,ERR,ERR,ERR,ERR,ERR,ERR,ERR,ERR,ERR,ERR,ERR,ERR,ERR,ERR,ERR,ERR,ERR,ERR,ERR,ERR,ERR,ERR,ERR,ERR,ERR,ERR,ERR,ERR,ERR,ERR,ERR,ERR,ERR,ERR,ERR,ERR,ERR,ERR,ERR,ERR,ERR,ERR,ERR,ERR,ERR,ERR,ERR,ERR,ERR,ERR,ERR,ERR,ERR,ERR,ERR,ERR,ERR,ERR,ERR,ERR,ERR,ERR,ERR,50.0,60.0,100,0.0,0.0,0.0,0.0,0.0,0.0,0.0,0.0,0.0,0.0,0.0,0.0,0.0,0.0,0.0,0.0,62.0,65,20,65521,50,65476,0,300,0,0,8,20529,65476,0,0,26214,60.0,0.0,0.0,0.0,0.0,0.0
2026-05-17T16:25:47,ERR,ERR,ERR,ERR,ERR,ERR,ERR,ERR,ERR,ERR,ERR,ERR,ERR,ERR,ERR,ERR,ERR,ERR,ERR,ERR,ERR,ERR,ERR,ERR,ERR,ERR,ERR,ERR,ERR,ERR,ERR,ERR,ERR,ERR,ERR,ERR,ERR,ERR,ERR,ERR,ERR,ERR,ERR,ERR,ERR,ERR,ERR,ERR,ERR,ERR,ERR,ERR,ERR,ERR,ERR,ERR,ERR,ERR,ERR,ERR,ERR,ERR,ERR,ERR,ERR,ERR,ERR,ERR,ERR,ERR,ERR,ERR,ERR,ERR,ERR,ERR,ERR,ERR,ERR,ERR,ERR,ERR,ERR,ERR,ERR,ERR,ERR,ERR,ERR,ERR,ERR,ERR,ERR,ERR,ERR,ERR,ERR,ERR,ERR,ERR,ERR,ERR,ERR,ERR,ERR,ERR,ERR,ERR,ERR,ERR,ERR,ERR,ERR,ERR,ERR,ERR,ERR,ERR,ERR,ERR,ERR,ERR,ERR,ERR,ERR,0.0,-107615288.0,-0.0,0.0,0.0,1.3936040501711995e+18,7.805,0.0,0,0,4,0,8422,0.0,45,0.0,0.0,0.0,0.0,0.0,0,0,0,0,0.0,0,0,0,0,0,0,0,0,0,0,0,0,0,0,0,0,0,0,0,0,0,0,0,0,0,0,0,0,0,0,0,0,0,38,14,7,45,65476,0,300,0,0,8,21553,0.0,-107605600.0,0.0,0.0,0.0,0.0,0.0,0.0,0.0,0.0,0.0,0.0,0.0,0.0,0.0,0.0,0.0,0.0,0.0,0.0,0.0,0.0,0.0,-2.004,-0.0,0.0,0.0,0.0,0.0,0.0,5071.0,0.0,0.0,0.0,-107615288.0,0.0,-0.0,0.0,0.0,0.0,0.0,53,2.3088403658719416e+20,126840553472.0,0.0,0.0,0.0,0.0,0.0,0.0,0.0,0,0,0,0.0,0.0,0.0,0.0,0.0,0.0,0.0,0.0,0.0,0.0,0.0,0.0,0.0,0.0,0.0,0.0,0,-107875648.0,53,0.0,106,-107614832.0,-107350944.0,ERR,ERR,ERR,ERR,ERR,ERR,ERR,ERR,ERR,ERR,ERR,ERR,ERR,ERR,ERR,ERR,ERR,ERR,ERR,ERR,ERR,ERR,ERR,ERR,ERR,ERR,ERR,ERR,ERR,ERR,ERR,ERR,ERR,ERR,ERR,ERR,ERR,ERR,ERR,ERR,ERR,ERR,ERR,ERR,ERR,ERR,ERR,ERR,ERR,ERR,ERR,ERR,ERR,ERR,ERR,ERR,ERR,ERR,ERR,ERR,ERR,ERR,ERR,ERR,ERR,ERR,ERR,50.0,60.0,100,0.0,0.0,0.0,0.0,0.0,0.0,0.0,0.0,0.0,0.0,0.0,0.0,0.0,0.0,0.0,0.0,61.6,65,20,65521,50,65476,0,300,0,0,8,20529,65476,0,0,26214,60.0,0.0,0.0,0.0,0.0,0.0
2026-05-17T16:25:48,ERR,ERR,ERR,ERR,ERR,ERR,ERR,ERR,ERR,ERR,ERR,ERR,ERR,ERR,ERR,ERR,ERR,ERR,ERR,ERR,ERR,ERR,ERR,ERR,ERR,ERR,ERR,ERR,ERR,ERR,ERR,ERR,ERR,ERR,ERR,ERR,ERR,ERR,ERR,ERR,ERR,ERR,ERR,ERR,ERR,ERR,ERR,ERR,ERR,ERR,ERR,ERR,ERR,ERR,ERR,ERR,ERR,ERR,ERR,ERR,ERR,ERR,ERR,ERR,ERR,ERR,ERR,ERR,ERR,ERR,ERR,ERR,ERR,ERR,ERR,ERR,ERR,ERR,ERR,ERR,ERR,ERR,ERR,ERR,ERR,ERR,ERR,ERR,ERR,ERR,ERR,ERR,ERR,ERR,ERR,ERR,ERR,ERR,ERR,ERR,ERR,ERR,ERR,ERR,ERR,ERR,ERR,ERR,ERR,ERR,ERR,ERR,ERR,ERR,ERR,ERR,ERR,ERR,ERR,ERR,ERR,ERR,ERR,ERR,ERR,0.0,-107615288.0,-0.0,0.0,0.0,1.3936040501711995e+18,7.805,0.0,0,0,4,0,8422,0.0,45,0.0,0.0,0.0,0.0,0.0,0,0,0,0,0.0,0,0,0,0,0,0,0,0,0,0,0,0,0,0,0,0,0,0,0,0,0,0,0,0,0,0,0,0,0,0,0,0,0,38,14,7,45,65476,0,300,0,0,8,21553,0.0,-107605600.0,0.0,0.0,0.0,0.0,0.0,0.0,0.0,0.0,0.0,0.0,0.0,0.0,0.0,0.0,0.0,0.0,0.0,0.0,0.0,0.0,0.0,-2.004,-0.0,0.0,0.0,0.0,0.0,0.0,5045.0,-2.422988192762658e+24,0.0,0.0,-107615288.0,0.0,-0.0,0.0,0.0,0.0,0.0,53,-0.0,0.0,0.0,0.0,0.0,0.0,0.0,0.0,0.0,0,0,0,0.0,0.0,0.0,0.0,0.0,0.0,0.0,0.0,0.0,0.0,0.0,0.0,0.0,0.0,0.0,0.0,0,-107875648.0,53,0.0,106,-107614832.0,-107350944.0,ERR,ERR,ERR,ERR,ERR,ERR,ERR,ERR,ERR,ERR,ERR,ERR,ERR,ERR,ERR,ERR,ERR,ERR,ERR,ERR,ERR,ERR,ERR,ERR,ERR,ERR,ERR,ERR,ERR,ERR,ERR,ERR,ERR,ERR,ERR,ERR,ERR,ERR,ERR,ERR,ERR,ERR,ERR,ERR,ERR,ERR,ERR,ERR,ERR,ERR,ERR,ERR,ERR,ERR,ERR,ERR,ERR,ERR,ERR,ERR,ERR,ERR,ERR,ERR,ERR,ERR,ERR,50.0,60.0,100,0.0,0.0,0.0,0.0,0.0,0.0,0.0,0.0,0.0,0.0,0.0,0.0,0.0,0.0,0.0,0.0,61.6,65,20,65521,50,65476,0,300,0,0,8,20529,65476,0,0,26214,60.0,0.0,0.0,0.0,0.0,0.0
2026-05-17T16:25:49,ERR,ERR,ERR,ERR,ERR,ERR,ERR,ERR,ERR,ERR,ERR,ERR,ERR,ERR,ERR,ERR,ERR,ERR,ERR,ERR,ERR,ERR,ERR,ERR,ERR,ERR,ERR,ERR,ERR,ERR,ERR,ERR,ERR,ERR,ERR,ERR,ERR,ERR,ERR,ERR,ERR,ERR,ERR,ERR,ERR,ERR,ERR,ERR,ERR,ERR,ERR,ERR,ERR,ERR,ERR,ERR,ERR,ERR,ERR,ERR,ERR,ERR,ERR,ERR,ERR,ERR,ERR,ERR,ERR,ERR,ERR,ERR,ERR,ERR,ERR,ERR,ERR,ERR,ERR,ERR,ERR,ERR,ERR,ERR,ERR,ERR,ERR,ERR,ERR,ERR,ERR,ERR,ERR,ERR,ERR,ERR,ERR,ERR,ERR,ERR,ERR,ERR,ERR,ERR,ERR,ERR,ERR,ERR,ERR,ERR,ERR,ERR,ERR,ERR,ERR,ERR,ERR,ERR,ERR,ERR,ERR,ERR,ERR,ERR,ERR,0.0,-107615288.0,-0.0,0.0,0.0,1.3936040501711995e+18,7.805,0.0,0,0,4,0,8422,0.0,45,0.0,0.0,0.0,0.0,0.0,0,0,0,0,0.0,0,0,0,0,0,0,0,0,0,0,0,0,0,0,0,0,0,0,0,0,0,0,0,0,0,0,0,0,0,0,0,0,0,38,14,7,45,65476,0,300,0,0,8,21553,0.0,-107605600.0,0.0,0.0,0.0,0.0,0.0,0.0,0.0,0.0,0.0,0.0,0.0,0.0,0.0,0.0,0.0,0.0,0.0,0.0,0.0,0.0,0.0,-2.004,-0.0,0.0,0.0,0.0,0.0,0.0,5045.0,-2.422988192762658e+24,0.0,0.0,-107615288.0,0.0,-0.0,0.0,0.0,0.0,0.0,53,-0.0,0.0,0.0,0.0,0.0,0.0,0.0,0.0,0.0,0,0,0,0.0,0.0,0.0,0.0,0.0,0.0,0.0,0.0,0.0,0.0,0.0,0.0,0.0,0.0,0.0,0.0,0,-107875648.0,53,0.0,106,-107614832.0,-107350944.0,ERR,ERR,ERR,ERR,ERR,ERR,ERR,ERR,ERR,ERR,ERR,ERR,ERR,ERR,ERR,ERR,ERR,ERR,ERR,ERR,ERR,ERR,ERR,ERR,ERR,ERR,ERR,ERR,ERR,ERR,ERR,ERR,ERR,ERR,ERR,ERR,ERR,ERR,ERR,ERR,ERR,ERR,ERR,ERR,ERR,ERR,ERR,ERR,ERR,ERR,ERR,ERR,ERR,ERR,ERR,ERR,ERR,ERR,ERR,ERR,ERR,ERR,ERR,ERR,ERR,ERR,ERR,50.0,60.0,100,0.0,0.0,0.0,0.0,0.0,0.0,0.0,0.0,0.0,0.0,0.0,0.0,0.0,0.0,0.0,0.0,62.0,65,20,65521,50,65476,0,300,0,0,8,20529,65476,0,0,26214,60.0,0.0,0.0,0.0,0.0,0.0
2026-05-17T16:25:50,ERR,ERR,ERR,ERR,ERR,ERR,ERR,ERR,ERR,ERR,ERR,ERR,ERR,ERR,ERR,ERR,ERR,ERR,ERR,ERR,ERR,ERR,ERR,ERR,ERR,ERR,ERR,ERR,ERR,ERR,ERR,ERR,ERR,ERR,ERR,ERR,ERR,ERR,ERR,ERR,ERR,ERR,ERR,ERR,ERR,ERR,ERR,ERR,ERR,ERR,ERR,ERR,ERR,ERR,ERR,ERR,ERR,ERR,ERR,ERR,ERR,ERR,ERR,ERR,ERR,ERR,ERR,ERR,ERR,ERR,ERR,ERR,ERR,ERR,ERR,ERR,ERR,ERR,ERR,ERR,ERR,ERR,ERR,ERR,ERR,ERR,ERR,ERR,ERR,ERR,ERR,ERR,ERR,ERR,ERR,ERR,ERR,ERR,ERR,ERR,ERR,ERR,ERR,ERR,ERR,ERR,ERR,ERR,ERR,ERR,ERR,ERR,ERR,ERR,ERR,ERR,ERR,ERR,ERR,ERR,ERR,ERR,ERR,ERR,ERR,0.0,-107615288.0,-0.0,0.0,0.0,1.3936040501711995e+18,7.805,0.0,0,0,4,0,8422,0.0,45,0.0,0.0,0.0,0.0,0.0,0,0,0,0,0.0,0,0,0,0,0,0,0,0,0,0,0,0,0,0,0,0,0,0,0,0,0,0,0,0,0,0,0,0,0,0,0,0,0,38,14,7,45,65476,0,300,0,0,8,21553,0.0,-107605600.0,0.0,0.0,0.0,0.0,0.0,0.0,0.0,0.0,0.0,0.0,0.0,0.0,0.0,0.0,0.0,0.0,0.0,0.0,0.0,0.0,0.0,-2.004,-0.0,0.0,0.0,0.0,0.0,0.0,5045.0,-2.422988192762658e+24,0.0,0.0,-107615288.0,0.0,-0.0,0.0,0.0,0.0,0.0,53,-0.0,0.0,0.0,0.0,0.0,0.0,0.0,0.0,0.0,0,0,0,0.0,0.0,0.0,0.0,0.0,0.0,0.0,0.0,0.0,0.0,0.0,0.0,0.0,0.0,0.0,0.0,0,-107875648.0,53,0.0,106,-107614832.0,-107350944.0,ERR,ERR,ERR,ERR,ERR,ERR,ERR,ERR,ERR,ERR,ERR,ERR,ERR,ERR,ERR,ERR,ERR,ERR,ERR,ERR,ERR,ERR,ERR,ERR,ERR,ERR,ERR,ERR,ERR,ERR,ERR,ERR,ERR,ERR,ERR,ERR,ERR,ERR,ERR,ERR,ERR,ERR,ERR,ERR,ERR,ERR,ERR,ERR,ERR,ERR,ERR,ERR,ERR,ERR,ERR,ERR,ERR,ERR,ERR,ERR,ERR,ERR,ERR,ERR,ERR,ERR,ERR,50.0,60.0,100,0.0,0.0,0.0,0.0,0.0,0.0,0.0,0.0,0.0,0.0,0.0,0.0,0.0,0.0,0.0,0.0,62.0,65,20,65521,50,65476,0,300,0,0,8,20529,65476,0,0,26214,60.0,0.0,0.0,0.0,0.0,0.0
2026-05-17T16:25:51,ERR,ERR,ERR,ERR,ERR,ERR,ERR,ERR,ERR,ERR,ERR,ERR,ERR,ERR,ERR,ERR,ERR,ERR,ERR,ERR,ERR,ERR,ERR,ERR,ERR,ERR,ERR,ERR,ERR,ERR,ERR,ERR,ERR,ERR,ERR,ERR,ERR,ERR,ERR,ERR,ERR,ERR,ERR,ERR,ERR,ERR,ERR,ERR,ERR,ERR,ERR,ERR,ERR,ERR,ERR,ERR,ERR,ERR,ERR,ERR,ERR,ERR,ERR,ERR,ERR,ERR,ERR,ERR,ERR,ERR,ERR,ERR,ERR,ERR,ERR,ERR,ERR,ERR,ERR,ERR,ERR,ERR,ERR,ERR,ERR,ERR,ERR,ERR,ERR,ERR,ERR,ERR,ERR,ERR,ERR,ERR,ERR,ERR,ERR,ERR,ERR,ERR,ERR,ERR,ERR,ERR,ERR,ERR,ERR,ERR,ERR,ERR,ERR,ERR,ERR,ERR,ERR,ERR,ERR,ERR,ERR,ERR,ERR,ERR,ERR,0.0,-107615288.0,-0.0,0.0,0.0,1.3936040501711995e+18,7.805,0.0,0,0,4,0,8422,0.0,45,0.0,0.0,0.0,0.0,0.0,0,0,0,0,0.0,0,0,0,0,0,0,0,0,0,0,0,0,0,0,0,0,0,0,0,0,0,0,0,0,0,0,0,0,0,0,0,0,0,38,14,7,45,65476,0,300,0,0,8,21553,0.0,-107605600.0,0.0,0.0,0.0,0.0,0.0,0.0,0.0,0.0,0.0,0.0,0.0,0.0,0.0,0.0,0.0,0.0,0.0,0.0,0.0,0.0,0.0,-2.004,-0.0,0.0,0.0,0.0,0.0,0.0,5045.0,-2.422988192762658e+24,0.0,0.0,-107615288.0,0.0,-0.0,0.0,0.0,0.0,0.0,53,-0.0,0.0,0.0,0.0,0.0,0.0,0.0,0.0,0.0,0,0,0,0.0,0.0,0.0,0.0,0.0,0.0,0.0,0.0,0.0,0.0,0.0,0.0,0.0,0.0,0.0,0.0,0,-107875648.0,53,0.0,106,-107614832.0,-107350944.0,ERR,ERR,ERR,ERR,ERR,ERR,ERR,ERR,ERR,ERR,ERR,ERR,ERR,ERR,ERR,ERR,ERR,ERR,ERR,ERR,ERR,ERR,ERR,ERR,ERR,ERR,ERR,ERR,ERR,ERR,ERR,ERR,ERR,ERR,ERR,ERR,ERR,ERR,ERR,ERR,ERR,ERR,ERR,ERR,ERR,ERR,ERR,ERR,ERR,ERR,ERR,ERR,ERR,ERR,ERR,ERR,ERR,ERR,ERR,ERR,ERR,ERR,ERR,ERR,ERR,ERR,ERR,50.0,60.0,100,0.0,0.0,0.0,0.0,0.0,0.0,0.0,0.0,0.0,0.0,0.0,0.0,0.0,0.0,0.0,0.0,61.6,65,20,65521,50,65476,0,300,0,0,8,20529,65476,0,0,26214,60.0,0.0,0.0,0.0,0.0,0.0
2026-05-17T16:25:52,ERR,ERR,ERR,ERR,ERR,ERR,ERR,ERR,ERR,ERR,ERR,ERR,ERR,ERR,ERR,ERR,ERR,ERR,ERR,ERR,ERR,ERR,ERR,ERR,ERR,ERR,ERR,ERR,ERR,ERR,ERR,ERR,ERR,ERR,ERR,ERR,ERR,ERR,ERR,ERR,ERR,ERR,ERR,ERR,ERR,ERR,ERR,ERR,ERR,ERR,ERR,ERR,ERR,ERR,ERR,ERR,ERR,ERR,ERR,ERR,ERR,ERR,ERR,ERR,ERR,ERR,ERR,ERR,ERR,ERR,ERR,ERR,ERR,ERR,ERR,ERR,ERR,ERR,ERR,ERR,ERR,ERR,ERR,ERR,ERR,ERR,ERR,ERR,ERR,ERR,ERR,ERR,ERR,ERR,ERR,ERR,ERR,ERR,ERR,ERR,ERR,ERR,ERR,ERR,ERR,ERR,ERR,ERR,ERR,ERR,ERR,ERR,ERR,ERR,ERR,ERR,ERR,ERR,ERR,ERR,ERR,ERR,ERR,ERR,ERR,0.0,-107615288.0,-0.0,0.0,0.0,1.3936040501711995e+18,7.805,0.0,0,0,4,0,8422,0.0,45,0.0,0.0,0.0,0.0,0.0,0,0,0,0,0.0,0,0,0,0,0,0,0,0,0,0,0,0,0,0,0,0,0,0,0,0,0,0,0,0,0,0,0,0,0,0,0,0,0,38,14,7,45,65476,0,300,0,0,8,21553,0.0,-107605600.0,0.0,0.0,0.0,0.0,0.0,0.0,0.0,0.0,0.0,0.0,0.0,0.0,0.0,0.0,0.0,0.0,0.0,0.0,0.0,0.0,0.0,-2.004,-0.0,0.0,0.0,0.0,0.0,0.0,5045.0,-2.422988192762658e+24,0.0,0.0,-107615288.0,0.0,-0.0,0.0,0.0,0.0,0.0,53,-0.0,0.0,0.0,0.0,0.0,0.0,0.0,0.0,0.0,0,0,0,0.0,0.0,0.0,0.0,0.0,0.0,0.0,0.0,0.0,0.0,0.0,0.0,0.0,0.0,0.0,0.0,0,-107875648.0,53,0.0,106,-107614832.0,-107350944.0,ERR,ERR,ERR,ERR,ERR,ERR,ERR,ERR,ERR,ERR,ERR,ERR,ERR,ERR,ERR,ERR,ERR,ERR,ERR,ERR,ERR,ERR,ERR,ERR,ERR,ERR,ERR,ERR,ERR,ERR,ERR,ERR,ERR,ERR,ERR,ERR,ERR,ERR,ERR,ERR,ERR,ERR,ERR,ERR,ERR,ERR,ERR,ERR,ERR,ERR,ERR,ERR,ERR,ERR,ERR,ERR,ERR,ERR,ERR,ERR,ERR,ERR,ERR,ERR,ERR,ERR,ERR,50.0,60.0,100,0.0,0.0,0.0,0.0,0.0,0.0,0.0,0.0,0.0,0.0,0.0,0.0,0.0,0.0,0.0,0.0,61.6,65,20,65521,50,65476,0,300,0,0,8,20529,65476,0,0,26214,60.0,0.0,0.0,0.0,0.0,0.0
2026-05-17T16:25:53,ERR,ERR,ERR,ERR,ERR,ERR,ERR,ERR,ERR,ERR,ERR,ERR,ERR,ERR,ERR,ERR,ERR,ERR,ERR,ERR,ERR,ERR,ERR,ERR,ERR,ERR,ERR,ERR,ERR,ERR,ERR,ERR,ERR,ERR,ERR,ERR,ERR,ERR,ERR,ERR,ERR,ERR,ERR,ERR,ERR,ERR,ERR,ERR,ERR,ERR,ERR,ERR,ERR,ERR,ERR,ERR,ERR,ERR,ERR,ERR,ERR,ERR,ERR,ERR,ERR,ERR,ERR,ERR,ERR,ERR,ERR,ERR,ERR,ERR,ERR,ERR,ERR,ERR,ERR,ERR,ERR,ERR,ERR,ERR,ERR,ERR,ERR,ERR,ERR,ERR,ERR,ERR,ERR,ERR,ERR,ERR,ERR,ERR,ERR,ERR,ERR,ERR,ERR,ERR,ERR,ERR,ERR,ERR,ERR,ERR,ERR,ERR,ERR,ERR,ERR,ERR,ERR,ERR,ERR,ERR,ERR,ERR,ERR,ERR,ERR,0.0,-107615288.0,-0.0,0.0,0.0,1.3936040501711995e+18,7.805,0.0,0,0,4,0,8422,0.0,45,0.0,0.0,0.0,0.0,0.0,0,0,0,0,0.0,0,0,0,0,0,0,0,0,0,0,0,0,0,0,0,0,0,0,0,0,0,0,0,0,0,0,0,0,0,0,0,0,0,38,14,7,45,65476,0,300,0,0,8,21553,0.0,-107605600.0,0.0,0.0,0.0,0.0,0.0,0.0,0.0,0.0,0.0,0.0,0.0,0.0,0.0,0.0,0.0,0.0,0.0,0.0,0.0,0.0,0.0,-2.004,-0.0,0.0,0.0,0.0,0.0,0.0,5069.0,0.0,0.0,0.0,-107615288.0,0.0,-0.0,0.0,0.0,0.0,0.0,53,152018454839296.0,89220.578,0.0,0.0,0.0,0.0,0.0,0.0,0.0,0,0,0,0.0,0.0,0.0,0.0,0.0,0.0,0.0,0.0,0.0,0.0,0.0,0.0,0.0,0.0,0.0,0.0,0,-107875648.0,53,0.0,106,-107614832.0,-107350944.0,ERR,ERR,ERR,ERR,ERR,ERR,ERR,ERR,ERR,ERR,ERR,ERR,ERR,ERR,ERR,ERR,ERR,ERR,ERR,ERR,ERR,ERR,ERR,ERR,ERR,ERR,ERR,ERR,ERR,ERR,ERR,ERR,ERR,ERR,ERR,ERR,ERR,ERR,ERR,ERR,ERR,ERR,ERR,ERR,ERR,ERR,ERR,ERR,ERR,ERR,ERR,ERR,ERR,ERR,ERR,ERR,ERR,ERR,ERR,ERR,ERR,ERR,ERR,ERR,ERR,ERR,ERR,50.0,60.0,100,0.0,0.0,0.0,0.0,0.0,0.0,0.0,0.0,0.0,0.0,0.0,0.0,0.0,0.0,0.0,0.0,61.6,65,20,65521,50,65476,0,300,0,0,8,20529,65476,0,0,26214,60.0,0.0,0.0,0.0,0.0,0.0
2026-05-17T16:25:54,ERR,ERR,ERR,ERR,ERR,ERR,ERR,ERR,ERR,ERR,ERR,ERR,ERR,ERR,ERR,ERR,ERR,ERR,ERR,ERR,ERR,ERR,ERR,ERR,ERR,ERR,ERR,ERR,ERR,ERR,ERR,ERR,ERR,ERR,ERR,ERR,ERR,ERR,ERR,ERR,ERR,ERR,ERR,ERR,ERR,ERR,ERR,ERR,ERR,ERR,ERR,ERR,ERR,ERR,ERR,ERR,ERR,ERR,ERR,ERR,ERR,ERR,ERR,ERR,ERR,ERR,ERR,ERR,ERR,ERR,ERR,ERR,ERR,ERR,ERR,ERR,ERR,ERR,ERR,ERR,ERR,ERR,ERR,ERR,ERR,ERR,ERR,ERR,ERR,ERR,ERR,ERR,ERR,ERR,ERR,ERR,ERR,ERR,ERR,ERR,ERR,ERR,ERR,ERR,ERR,ERR,ERR,ERR,ERR,ERR,ERR,ERR,ERR,ERR,ERR,ERR,ERR,ERR,ERR,ERR,ERR,ERR,ERR,ERR,ERR,0.0,-107615288.0,-0.0,0.0,0.0,1.3936040501711995e+18,7.805,0.0,0,0,4,0,8422,0.0,45,0.0,0.0,0.0,0.0,0.0,0,0,0,0,0.0,0,0,0,0,0,0,0,0,0,0,0,0,0,0,0,0,0,0,0,0,0,0,0,0,0,0,0,0,0,0,0,0,0,38,14,7,45,65476,0,300,0,0,8,21553,0.0,-107605600.0,0.0,0.0,0.0,0.0,0.0,0.0,0.0,0.0,0.0,0.0,0.0,0.0,0.0,0.0,0.0,0.0,0.0,0.0,0.0,0.0,0.0,-2.004,-0.0,0.0,0.0,0.0,0.0,0.0,5069.0,0.0,0.0,0.0,-107615288.0,0.0,-0.0,0.0,0.0,0.0,0.0,53,152018454839296.0,89220.578,0.0,0.0,0.0,0.0,0.0,0.0,0.0,0,0,0,0.0,0.0,0.0,0.0,0.0,0.0,0.0,0.0,0.0,0.0,0.0,0.0,0.0,0.0,0.0,0.0,0,-107875648.0,53,0.0,106,-107614832.0,-107350944.0,ERR,ERR,ERR,ERR,ERR,ERR,ERR,ERR,ERR,ERR,ERR,ERR,ERR,ERR,ERR,ERR,ERR,ERR,ERR,ERR,ERR,ERR,ERR,ERR,ERR,ERR,ERR,ERR,ERR,ERR,ERR,ERR,ERR,ERR,ERR,ERR,ERR,ERR,ERR,ERR,ERR,ERR,ERR,ERR,ERR,ERR,ERR,ERR,ERR,ERR,ERR,ERR,ERR,ERR,ERR,ERR,ERR,ERR,ERR,ERR,ERR,ERR,ERR,ERR,ERR,ERR,ERR,50.0,60.0,100,0.0,0.0,0.0,0.0,0.0,0.0,0.0,0.0,0.0,0.0,0.0,0.0,0.0,0.0,0.0,0.0,62.0,65,20,65521,50,65476,0,300,0,0,8,20529,65476,0,0,26214,60.0,0.0,0.0,0.0,0.0,0.0
2026-05-17T16:25:55,ERR,ERR,ERR,ERR,ERR,ERR,ERR,ERR,ERR,ERR,ERR,ERR,ERR,ERR,ERR,ERR,ERR,ERR,ERR,ERR,ERR,ERR,ERR,ERR,ERR,ERR,ERR,ERR,ERR,ERR,ERR,ERR,ERR,ERR,ERR,ERR,ERR,ERR,ERR,ERR,ERR,ERR,ERR,ERR,ERR,ERR,ERR,ERR,ERR,ERR,ERR,ERR,ERR,ERR,ERR,ERR,ERR,ERR,ERR,ERR,ERR,ERR,ERR,ERR,ERR,ERR,ERR,ERR,ERR,ERR,ERR,ERR,ERR,ERR,ERR,ERR,ERR,ERR,ERR,ERR,ERR,ERR,ERR,ERR,ERR,ERR,ERR,ERR,ERR,ERR,ERR,ERR,ERR,ERR,ERR,ERR,ERR,ERR,ERR,ERR,ERR,ERR,ERR,ERR,ERR,ERR,ERR,ERR,ERR,ERR,ERR,ERR,ERR,ERR,ERR,ERR,ERR,ERR,ERR,ERR,ERR,ERR,ERR,ERR,ERR,0.0,-107615288.0,-0.0,0.0,0.0,1.3936040501711995e+18,7.805,0.0,0,0,4,0,8422,0.0,45,0.0,0.0,0.0,0.0,0.0,0,0,0,0,0.0,0,0,0,0,0,0,0,0,0,0,0,0,0,0,0,0,0,0,0,0,0,0,0,0,0,0,0,0,0,0,0,0,0,38,14,7,45,65476,0,300,0,0,8,21553,0.0,-107605600.0,0.0,0.0,0.0,0.0,0.0,0.0,0.0,0.0,0.0,0.0,0.0,0.0,0.0,0.0,0.0,0.0,0.0,0.0,0.0,0.0,0.0,-2.004,-0.0,0.0,0.0,0.0,0.0,0.0,5069.0,0.0,0.0,0.0,-107615288.0,0.0,-0.0,0.0,0.0,0.0,0.0,53,152018454839296.0,89220.578,0.0,0.0,0.0,0.0,0.0,0.0,0.0,0,0,0,0.0,0.0,0.0,0.0,0.0,0.0,0.0,0.0,0.0,0.0,0.0,0.0,0.0,0.0,0.0,0.0,0,-107875648.0,53,0.0,106,-107614832.0,-107350944.0,ERR,ERR,ERR,ERR,ERR,ERR,ERR,ERR,ERR,ERR,ERR,ERR,ERR,ERR,ERR,ERR,ERR,ERR,ERR,ERR,ERR,ERR,ERR,ERR,ERR,ERR,ERR,ERR,ERR,ERR,ERR,ERR,ERR,ERR,ERR,ERR,ERR,ERR,ERR,ERR,ERR,ERR,ERR,ERR,ERR,ERR,ERR,ERR,ERR,ERR,ERR,ERR,ERR,ERR,ERR,ERR,ERR,ERR,ERR,ERR,ERR,ERR,ERR,ERR,ERR,ERR,ERR,50.0,60.0,100,0.0,0.0,0.0,0.0,0.0,0.0,0.0,0.0,0.0,0.0,0.0,0.0,0.0,0.0,0.0,0.0,62.0,65,20,65521,50,65476,0,300,0,0,8,20529,65476,0,0,26214,60.0,0.0,0.0,0.0,0.0,0.0
2026-05-17T16:25:56,ERR,ERR,ERR,ERR,ERR,ERR,ERR,ERR,ERR,ERR,ERR,ERR,ERR,ERR,ERR,ERR,ERR,ERR,ERR,ERR,ERR,ERR,ERR,ERR,ERR,ERR,ERR,ERR,ERR,ERR,ERR,ERR,ERR,ERR,ERR,ERR,ERR,ERR,ERR,ERR,ERR,ERR,ERR,ERR,ERR,ERR,ERR,ERR,ERR,ERR,ERR,ERR,ERR,ERR,ERR,ERR,ERR,ERR,ERR,ERR,ERR,ERR,ERR,ERR,ERR,ERR,ERR,ERR,ERR,ERR,ERR,ERR,ERR,ERR,ERR,ERR,ERR,ERR,ERR,ERR,ERR,ERR,ERR,ERR,ERR,ERR,ERR,ERR,ERR,ERR,ERR,ERR,ERR,ERR,ERR,ERR,ERR,ERR,ERR,ERR,ERR,ERR,ERR,ERR,ERR,ERR,ERR,ERR,ERR,ERR,ERR,ERR,ERR,ERR,ERR,ERR,ERR,ERR,ERR,ERR,ERR,ERR,ERR,ERR,ERR,0.0,-107615288.0,-0.0,0.0,0.0,1.3936040501711995e+18,7.805,0.0,0,0,4,0,8422,0.0,45,0.0,0.0,0.0,0.0,0.0,0,0,0,0,0.0,0,0,0,0,0,0,0,0,0,0,0,0,0,0,0,0,0,0,0,0,0,0,0,0,0,0,0,0,0,0,0,0,0,38,14,7,45,65476,0,300,0,0,8,21553,0.0,-107605600.0,0.0,0.0,0.0,0.0,0.0,0.0,0.0,0.0,0.0,0.0,0.0,0.0,0.0,0.0,0.0,0.0,0.0,0.0,0.0,0.0,0.0,-2.004,-0.0,0.0,0.0,0.0,0.0,0.0,5069.0,0.0,0.0,0.0,-107615288.0,0.0,-0.0,0.0,0.0,0.0,0.0,53,152018454839296.0,89220.578,0.0,0.0,0.0,0.0,0.0,0.0,0.0,0,0,0,0.0,0.0,0.0,0.0,0.0,0.0,0.0,0.0,0.0,0.0,0.0,0.0,0.0,0.0,0.0,0.0,0,-107875648.0,53,0.0,106,-107614832.0,-107350944.0,ERR,ERR,ERR,ERR,ERR,ERR,ERR,ERR,ERR,ERR,ERR,ERR,ERR,ERR,ERR,ERR,ERR,ERR,ERR,ERR,ERR,ERR,ERR,ERR,ERR,ERR,ERR,ERR,ERR,ERR,ERR,ERR,ERR,ERR,ERR,ERR,ERR,ERR,ERR,ERR,ERR,ERR,ERR,ERR,ERR,ERR,ERR,ERR,ERR,ERR,ERR,ERR,ERR,ERR,ERR,ERR,ERR,ERR,ERR,ERR,ERR,ERR,ERR,ERR,ERR,ERR,ERR,50.0,60.0,100,0.0,0.0,0.0,0.0,0.0,0.0,0.0,0.0,0.0,0.0,0.0,0.0,0.0,0.0,0.0,0.0,62.0,65,20,65521,50,65476,0,300,0,0,8,20529,65476,0,0,26214,60.0,0.0,0.0,0.0,0.0,0.0
2026-05-17T16:25:57,ERR,ERR,ERR,ERR,ERR,ERR,ERR,ERR,ERR,ERR,ERR,ERR,ERR,ERR,ERR,ERR,ERR,ERR,ERR,ERR,ERR,ERR,ERR,ERR,ERR,ERR,ERR,ERR,ERR,ERR,ERR,ERR,ERR,ERR,ERR,ERR,ERR,ERR,ERR,ERR,ERR,ERR,ERR,ERR,ERR,ERR,ERR,ERR,ERR,ERR,ERR,ERR,ERR,ERR,ERR,ERR,ERR,ERR,ERR,ERR,ERR,ERR,ERR,ERR,ERR,ERR,ERR,ERR,ERR,ERR,ERR,ERR,ERR,ERR,ERR,ERR,ERR,ERR,ERR,ERR,ERR,ERR,ERR,ERR,ERR,ERR,ERR,ERR,ERR,ERR,ERR,ERR,ERR,ERR,ERR,ERR,ERR,ERR,ERR,ERR,ERR,ERR,ERR,ERR,ERR,ERR,ERR,ERR,ERR,ERR,ERR,ERR,ERR,ERR,ERR,ERR,ERR,ERR,ERR,ERR,ERR,ERR,ERR,ERR,ERR,0.0,-107615288.0,-0.0,0.0,0.0,1.3936040501711995e+18,7.805,0.0,0,0,4,0,8422,0.0,45,0.0,0.0,0.0,0.0,0.0,0,0,0,0,0.0,0,0,0,0,0,0,0,0,0,0,0,0,0,0,0,0,0,0,0,0,0,0,0,0,0,0,0,0,0,0,0,0,0,38,14,7,45,65476,0,300,0,0,8,21553,0.0,-107605600.0,0.0,0.0,0.0,0.0,0.0,0.0,0.0,0.0,0.0,0.0,0.0,0.0,0.0,0.0,0.0,0.0,0.0,0.0,0.0,0.0,0.0,-2.004,-0.0,0.0,0.0,0.0,0.0,0.0,5069.0,0.0,0.0,0.0,-107615288.0,0.0,-0.0,0.0,0.0,0.0,0.0,53,152018454839296.0,89220.578,0.0,0.0,0.0,0.0,0.0,0.0,0.0,0,0,0,0.0,0.0,0.0,0.0,0.0,0.0,0.0,0.0,0.0,0.0,0.0,0.0,0.0,0.0,0.0,0.0,0,-107875648.0,53,0.0,106,-107614832.0,-107350944.0,ERR,ERR,ERR,ERR,ERR,ERR,ERR,ERR,ERR,ERR,ERR,ERR,ERR,ERR,ERR,ERR,ERR,ERR,ERR,ERR,ERR,ERR,ERR,ERR,ERR,ERR,ERR,ERR,ERR,ERR,ERR,ERR,ERR,ERR,ERR,ERR,ERR,ERR,ERR,ERR,ERR,ERR,ERR,ERR,ERR,ERR,ERR,ERR,ERR,ERR,ERR,ERR,ERR,ERR,ERR,ERR,ERR,ERR,ERR,ERR,ERR,ERR,ERR,ERR,ERR,ERR,ERR,50.0,60.0,100,0.0,0.0,0.0,0.0,0.0,0.0,0.0,0.0,0.0,0.0,0.0,0.0,0.0,0.0,0.0,0.0,62.0,65,20,65521,50,65476,0,300,0,0,8,20529,65476,0,0,26214,60.0,0.0,0.0,0.0,0.0,0.0
2026-05-17T16:25:58,ERR,ERR,ERR,ERR,ERR,ERR,ERR,ERR,ERR,ERR,ERR,ERR,ERR,ERR,ERR,ERR,ERR,ERR,ERR,ERR,ERR,ERR,ERR,ERR,ERR,ERR,ERR,ERR,ERR,ERR,ERR,ERR,ERR,ERR,ERR,ERR,ERR,ERR,ERR,ERR,ERR,ERR,ERR,ERR,ERR,ERR,ERR,ERR,ERR,ERR,ERR,ERR,ERR,ERR,ERR,ERR,ERR,ERR,ERR,ERR,ERR,ERR,ERR,ERR,ERR,ERR,ERR,ERR,ERR,ERR,ERR,ERR,ERR,ERR,ERR,ERR,ERR,ERR,ERR,ERR,ERR,ERR,ERR,ERR,ERR,ERR,ERR,ERR,ERR,ERR,ERR,ERR,ERR,ERR,ERR,ERR,ERR,ERR,ERR,ERR,ERR,ERR,ERR,ERR,ERR,ERR,ERR,ERR,ERR,ERR,ERR,ERR,ERR,ERR,ERR,ERR,ERR,ERR,ERR,ERR,ERR,ERR,ERR,ERR,ERR,0.0,-107615288.0,-0.0,0.0,0.0,1.3936040501711995e+18,7.805,0.0,0,0,4,0,8422,0.0,45,0.0,0.0,0.0,0.0,0.0,0,0,0,0,0.0,0,0,0,0,0,0,0,0,0,0,0,0,0,0,0,0,0,0,0,0,0,0,0,0,0,0,0,0,0,0,0,0,0,38,14,7,45,65476,0,300,0,0,8,21553,0.0,-107605600.0,0.0,0.0,0.0,0.0,0.0,0.0,0.0,0.0,0.0,0.0,0.0,0.0,0.0,0.0,0.0,0.0,0.0,0.0,0.0,0.0,0.0,-2.004,-0.0,0.0,0.0,0.0,0.0,0.0,5036.0,-0.0,0.0,0.0,-107615288.0,0.0,-0.0,0.0,0.0,0.0,0.0,53,126841110528.0,-71.629,0.0,0.0,0.0,0.0,0.0,0.0,0.0,0,0,0,0.0,0.0,0.0,0.0,0.0,0.0,0.0,0.0,0.0,0.0,0.0,0.0,0.0,0.0,0.0,0.0,0,-107875648.0,53,0.0,106,-107614832.0,-107350944.0,ERR,ERR,ERR,ERR,ERR,ERR,ERR,ERR,ERR,ERR,ERR,ERR,ERR,ERR,ERR,ERR,ERR,ERR,ERR,ERR,ERR,ERR,ERR,ERR,ERR,ERR,ERR,ERR,ERR,ERR,ERR,ERR,ERR,ERR,ERR,ERR,ERR,ERR,ERR,ERR,ERR,ERR,ERR,ERR,ERR,ERR,ERR,ERR,ERR,ERR,ERR,ERR,ERR,ERR,ERR,ERR,ERR,ERR,ERR,ERR,ERR,ERR,ERR,ERR,ERR,ERR,ERR,50.0,60.0,100,0.0,0.0,0.0,0.0,0.0,0.0,0.0,0.0,0.0,0.0,0.0,0.0,0.0,0.0,0.0,0.0,61.6,65,20,65521,50,65476,0,300,0,0,8,20529,65476,0,0,26214,60.0,0.0,0.0,0.0,0.0,0.0
2026-05-17T16:25:59,ERR,ERR,ERR,ERR,ERR,ERR,ERR,ERR,ERR,ERR,ERR,ERR,ERR,ERR,ERR,ERR,ERR,ERR,ERR,ERR,ERR,ERR,ERR,ERR,ERR,ERR,ERR,ERR,ERR,ERR,ERR,ERR,ERR,ERR,ERR,ERR,ERR,ERR,ERR,ERR,ERR,ERR,ERR,ERR,ERR,ERR,ERR,ERR,ERR,ERR,ERR,ERR,ERR,ERR,ERR,ERR,ERR,ERR,ERR,ERR,ERR,ERR,ERR,ERR,ERR,ERR,ERR,ERR,ERR,ERR,ERR,ERR,ERR,ERR,ERR,ERR,ERR,ERR,ERR,ERR,ERR,ERR,ERR,ERR,ERR,ERR,ERR,ERR,ERR,ERR,ERR,ERR,ERR,ERR,ERR,ERR,ERR,ERR,ERR,ERR,ERR,ERR,ERR,ERR,ERR,ERR,ERR,ERR,ERR,ERR,ERR,ERR,ERR,ERR,ERR,ERR,ERR,ERR,ERR,ERR,ERR,ERR,ERR,ERR,ERR,0.0,-107615288.0,-0.0,0.0,0.0,1.3936040501711995e+18,7.805,0.0,0,0,4,0,8422,0.0,45,0.0,0.0,0.0,0.0,0.0,0,0,0,0,0.0,0,0,0,0,0,0,0,0,0,0,0,0,0,0,0,0,0,0,0,0,0,0,0,0,0,0,0,0,0,0,0,0,0,38,14,7,45,65476,0,300,0,0,8,21553,0.0,-107605600.0,0.0,0.0,0.0,0.0,0.0,0.0,0.0,0.0,0.0,0.0,0.0,0.0,0.0,0.0,0.0,0.0,0.0,0.0,0.0,0.0,0.0,-2.004,-0.0,0.0,0.0,0.0,0.0,0.0,5036.0,-0.0,0.0,0.0,-107615288.0,0.0,-0.0,0.0,0.0,0.0,0.0,53,126841110528.0,-71.629,0.0,0.0,0.0,0.0,0.0,0.0,0.0,0,0,0,0.0,0.0,0.0,0.0,0.0,0.0,0.0,0.0,0.0,0.0,0.0,0.0,0.0,0.0,0.0,0.0,0,-107875648.0,53,0.0,106,-107614832.0,-107350944.0,ERR,ERR,ERR,ERR,ERR,ERR,ERR,ERR,ERR,ERR,ERR,ERR,ERR,ERR,ERR,ERR,ERR,ERR,ERR,ERR,ERR,ERR,ERR,ERR,ERR,ERR,ERR,ERR,ERR,ERR,ERR,ERR,ERR,ERR,ERR,ERR,ERR,ERR,ERR,ERR,ERR,ERR,ERR,ERR,ERR,ERR,ERR,ERR,ERR,ERR,ERR,ERR,ERR,ERR,ERR,ERR,ERR,ERR,ERR,ERR,ERR,ERR,ERR,ERR,ERR,ERR,ERR,50.0,60.0,100,0.0,0.0,0.0,0.0,0.0,0.0,0.0,0.0,0.0,0.0,0.0,0.0,0.0,0.0,0.0,0.0,62.0,65,20,65521,50,65476,0,300,0,0,8,20529,65476,0,0,26214,60.0,0.0,0.0,0.0,0.0,0.0
2026-05-17T16:26:00,ERR,ERR,ERR,ERR,ERR,ERR,ERR,ERR,ERR,ERR,ERR,ERR,ERR,ERR,ERR,ERR,ERR,ERR,ERR,ERR,ERR,ERR,ERR,ERR,ERR,ERR,ERR,ERR,ERR,ERR,ERR,ERR,ERR,ERR,ERR,ERR,ERR,ERR,ERR,ERR,ERR,ERR,ERR,ERR,ERR,ERR,ERR,ERR,ERR,ERR,ERR,ERR,ERR,ERR,ERR,ERR,ERR,ERR,ERR,ERR,ERR,ERR,ERR,ERR,ERR,ERR,ERR,ERR,ERR,ERR,ERR,ERR,ERR,ERR,ERR,ERR,ERR,ERR,ERR,ERR,ERR,ERR,ERR,ERR,ERR,ERR,ERR,ERR,ERR,ERR,ERR,ERR,ERR,ERR,ERR,ERR,ERR,ERR,ERR,ERR,ERR,ERR,ERR,ERR,ERR,ERR,ERR,ERR,ERR,ERR,ERR,ERR,ERR,ERR,ERR,ERR,ERR,ERR,ERR,ERR,ERR,ERR,ERR,ERR,ERR,0.0,-107615288.0,-0.0,0.0,0.0,1.3936040501711995e+18,7.805,0.0,0,0,4,0,8422,0.0,45,0.0,0.0,0.0,0.0,0.0,0,0,0,0,0.0,0,0,0,0,0,0,0,0,0,0,0,0,0,0,0,0,0,0,0,0,0,0,0,0,0,0,0,0,0,0,0,0,0,38,14,7,45,65476,0,300,0,0,8,21553,0.0,-107605600.0,0.0,0.0,0.0,0.0,0.0,0.0,0.0,0.0,0.0,0.0,0.0,0.0,0.0,0.0,0.0,0.0,0.0,0.0,0.0,0.0,0.0,-2.004,-0.0,0.0,0.0,0.0,0.0,0.0,5036.0,-0.0,0.0,0.0,-107615288.0,0.0,-0.0,0.0,0.0,0.0,0.0,53,126841110528.0,-71.629,0.0,0.0,0.0,0.0,0.0,0.0,0.0,0,0,0,0.0,0.0,0.0,0.0,0.0,0.0,0.0,0.0,0.0,0.0,0.0,0.0,0.0,0.0,0.0,0.0,0,-107875648.0,53,0.0,106,-107614832.0,-107350944.0,ERR,ERR,ERR,ERR,ERR,ERR,ERR,ERR,ERR,ERR,ERR,ERR,ERR,ERR,ERR,ERR,ERR,ERR,ERR,ERR,ERR,ERR,ERR,ERR,ERR,ERR,ERR,ERR,ERR,ERR,ERR,ERR,ERR,ERR,ERR,ERR,ERR,ERR,ERR,ERR,ERR,ERR,ERR,ERR,ERR,ERR,ERR,ERR,ERR,ERR,ERR,ERR,ERR,ERR,ERR,ERR,ERR,ERR,ERR,ERR,ERR,ERR,ERR,ERR,ERR,ERR,ERR,50.0,60.0,100,0.0,0.0,0.0,0.0,0.0,0.0,0.0,0.0,0.0,0.0,0.0,0.0,0.0,0.0,0.0,0.0,62.0,65,20,65521,50,65476,0,300,0,0,8,20529,65476,0,0,26214,60.0,0.0,0.0,0.0,0.0,0.0
2026-05-17T16:26:01,ERR,ERR,ERR,ERR,ERR,ERR,ERR,ERR,ERR,ERR,ERR,ERR,ERR,ERR,ERR,ERR,ERR,ERR,ERR,ERR,ERR,ERR,ERR,ERR,ERR,ERR,ERR,ERR,ERR,ERR,ERR,ERR,ERR,ERR,ERR,ERR,ERR,ERR,ERR,ERR,ERR,ERR,ERR,ERR,ERR,ERR,ERR,ERR,ERR,ERR,ERR,ERR,ERR,ERR,ERR,ERR,ERR,ERR,ERR,ERR,ERR,ERR,ERR,ERR,ERR,ERR,ERR,ERR,ERR,ERR,ERR,ERR,ERR,ERR,ERR,ERR,ERR,ERR,ERR,ERR,ERR,ERR,ERR,ERR,ERR,ERR,ERR,ERR,ERR,ERR,ERR,ERR,ERR,ERR,ERR,ERR,ERR,ERR,ERR,ERR,ERR,ERR,ERR,ERR,ERR,ERR,ERR,ERR,ERR,ERR,ERR,ERR,ERR,ERR,ERR,ERR,ERR,ERR,ERR,ERR,ERR,ERR,ERR,ERR,ERR,0.0,-107615288.0,-0.0,0.0,0.0,1.3936040501711995e+18,7.805,0.0,0,0,4,0,8422,0.0,45,0.0,0.0,0.0,0.0,0.0,0,0,0,0,0.0,0,0,0,0,0,0,0,0,0,0,0,0,0,0,0,0,0,0,0,0,0,0,0,0,0,0,0,0,0,0,0,0,0,38,14,7,45,65476,0,300,0,0,8,21553,0.0,-107605600.0,0.0,0.0,0.0,0.0,0.0,0.0,0.0,0.0,0.0,0.0,0.0,0.0,0.0,0.0,0.0,0.0,0.0,0.0,0.0,0.0,0.0,-2.004,-0.0,0.0,0.0,0.0,0.0,0.0,5036.0,-0.0,0.0,0.0,-107615288.0,0.0,-0.0,0.0,0.0,0.0,0.0,53,126841110528.0,-71.629,0.0,0.0,0.0,0.0,0.0,0.0,0.0,0,0,0,0.0,0.0,0.0,0.0,0.0,0.0,0.0,0.0,0.0,0.0,0.0,0.0,0.0,0.0,0.0,0.0,0,-107875648.0,53,0.0,106,-107614832.0,-107350944.0,ERR,ERR,ERR,ERR,ERR,ERR,ERR,ERR,ERR,ERR,ERR,ERR,ERR,ERR,ERR,ERR,ERR,ERR,ERR,ERR,ERR,ERR,ERR,ERR,ERR,ERR,ERR,ERR,ERR,ERR,ERR,ERR,ERR,ERR,ERR,ERR,ERR,ERR,ERR,ERR,ERR,ERR,ERR,ERR,ERR,ERR,ERR,ERR,ERR,ERR,ERR,ERR,ERR,ERR,ERR,ERR,ERR,ERR,ERR,ERR,ERR,ERR,ERR,ERR,ERR,ERR,ERR,50.0,60.0,100,0.0,0.0,0.0,0.0,0.0,0.0,0.0,0.0,0.0,0.0,0.0,0.0,0.0,0.0,0.0,0.0,61.6,65,20,65521,50,65476,0,300,0,0,8,20529,65476,0,0,26214,60.0,0.0,0.0,0.0,0.0,0.0
2026-05-17T16:26:02,ERR,ERR,ERR,ERR,ERR,ERR,ERR,ERR,ERR,ERR,ERR,ERR,ERR,ERR,ERR,ERR,ERR,ERR,ERR,ERR,ERR,ERR,ERR,ERR,ERR,ERR,ERR,ERR,ERR,ERR,ERR,ERR,ERR,ERR,ERR,ERR,ERR,ERR,ERR,ERR,ERR,ERR,ERR,ERR,ERR,ERR,ERR,ERR,ERR,ERR,ERR,ERR,ERR,ERR,ERR,ERR,ERR,ERR,ERR,ERR,ERR,ERR,ERR,ERR,ERR,ERR,ERR,ERR,ERR,ERR,ERR,ERR,ERR,ERR,ERR,ERR,ERR,ERR,ERR,ERR,ERR,ERR,ERR,ERR,ERR,ERR,ERR,ERR,ERR,ERR,ERR,ERR,ERR,ERR,ERR,ERR,ERR,ERR,ERR,ERR,ERR,ERR,ERR,ERR,ERR,ERR,ERR,ERR,ERR,ERR,ERR,ERR,ERR,ERR,ERR,ERR,ERR,ERR,ERR,ERR,ERR,ERR,ERR,ERR,ERR,0.0,-107615288.0,-0.0,0.0,0.0,1.3936040501711995e+18,7.805,0.0,0,0,4,0,8422,0.0,45,0.0,0.0,0.0,0.0,0.0,0,0,0,0,0.0,0,0,0,0,0,0,0,0,0,0,0,0,0,0,0,0,0,0,0,0,0,0,0,0,0,0,0,0,0,0,0,0,0,38,14,7,45,65476,0,300,0,0,8,21553,0.0,-107605600.0,0.0,0.0,0.0,0.0,0.0,0.0,0.0,0.0,0.0,0.0,0.0,0.0,0.0,0.0,0.0,0.0,0.0,0.0,0.0,0.0,0.0,-2.004,-0.0,0.0,0.0,0.0,0.0,0.0,5036.0,-0.0,0.0,0.0,-107615288.0,0.0,-0.0,0.0,0.0,0.0,0.0,53,126841110528.0,-71.629,0.0,0.0,0.0,0.0,0.0,0.0,0.0,0,0,0,0.0,0.0,0.0,0.0,0.0,0.0,0.0,0.0,0.0,0.0,0.0,0.0,0.0,0.0,0.0,0.0,0,-107875648.0,53,0.0,106,-107614832.0,-107350944.0,ERR,ERR,ERR,ERR,ERR,ERR,ERR,ERR,ERR,ERR,ERR,ERR,ERR,ERR,ERR,ERR,ERR,ERR,ERR,ERR,ERR,ERR,ERR,ERR,ERR,ERR,ERR,ERR,ERR,ERR,ERR,ERR,ERR,ERR,ERR,ERR,ERR,ERR,ERR,ERR,ERR,ERR,ERR,ERR,ERR,ERR,ERR,ERR,ERR,ERR,ERR,ERR,ERR,ERR,ERR,ERR,ERR,ERR,ERR,ERR,ERR,ERR,ERR,ERR,ERR,ERR,ERR,50.0,60.0,100,0.0,0.0,0.0,0.0,0.0,0.0,0.0,0.0,0.0,0.0,0.0,0.0,0.0,0.0,0.0,0.0,61.6,65,20,65521,50,65476,0,300,0,0,8,20529,65476,0,0,26214,60.0,0.0,0.0,0.0,0.0,0.0
2026-05-17T16:26:03,ERR,ERR,ERR,ERR,ERR,ERR,ERR,ERR,ERR,ERR,ERR,ERR,ERR,ERR,ERR,ERR,ERR,ERR,ERR,ERR,ERR,ERR,ERR,ERR,ERR,ERR,ERR,ERR,ERR,ERR,ERR,ERR,ERR,ERR,ERR,ERR,ERR,ERR,ERR,ERR,ERR,ERR,ERR,ERR,ERR,ERR,ERR,ERR,ERR,ERR,ERR,ERR,ERR,ERR,ERR,ERR,ERR,ERR,ERR,ERR,ERR,ERR,ERR,ERR,ERR,ERR,ERR,ERR,ERR,ERR,ERR,ERR,ERR,ERR,ERR,ERR,ERR,ERR,ERR,ERR,ERR,ERR,ERR,ERR,ERR,ERR,ERR,ERR,ERR,ERR,ERR,ERR,ERR,ERR,ERR,ERR,ERR,ERR,ERR,ERR,ERR,ERR,ERR,ERR,ERR,ERR,ERR,ERR,ERR,ERR,ERR,ERR,ERR,ERR,ERR,ERR,ERR,ERR,ERR,ERR,ERR,ERR,ERR,ERR,ERR,0.0,-107615288.0,-0.0,0.0,0.0,1.3936040501711995e+18,7.805,0.0,0,0,4,0,8422,0.0,45,0.0,0.0,0.0,0.0,0.0,0,0,0,0,0.0,0,0,0,0,0,0,0,0,0,0,0,0,0,0,0,0,0,0,0,0,0,0,0,0,0,0,0,0,0,0,0,0,0,38,14,7,45,65476,0,300,0,0,8,21553,0.0,-107605600.0,0.0,0.0,0.0,0.0,0.0,0.0,0.0,0.0,0.0,0.0,0.0,0.0,0.0,0.0,0.0,0.0,0.0,0.0,0.0,0.0,0.0,-2.004,-0.0,0.0,0.0,0.0,0.0,0.0,5035.0,0.0,0.0,0.0,-107615288.0,0.0,-0.0,0.0,0.0,0.0,0.0,53,152018454839296.0,-3.222002767243768e+26,0.0,0.0,0.0,0.0,0.0,0.0,0.0,0,0,0,0.0,0.0,0.0,0.0,0.0,0.0,0.0,0.0,0.0,0.0,0.0,0.0,0.0,0.0,0.0,0.0,0,-107875648.0,53,0.0,106,-107614832.0,-107350944.0,ERR,ERR,ERR,ERR,ERR,ERR,ERR,ERR,ERR,ERR,ERR,ERR,ERR,ERR,ERR,ERR,ERR,ERR,ERR,ERR,ERR,ERR,ERR,ERR,ERR,ERR,ERR,ERR,ERR,ERR,ERR,ERR,ERR,ERR,ERR,ERR,ERR,ERR,ERR,ERR,ERR,ERR,ERR,ERR,ERR,ERR,ERR,ERR,ERR,ERR,ERR,ERR,ERR,ERR,ERR,ERR,ERR,ERR,ERR,ERR,ERR,ERR,ERR,ERR,ERR,ERR,ERR,50.0,60.0,100,0.0,0.0,0.0,0.0,0.0,0.0,0.0,0.0,0.0,0.0,0.0,0.0,0.0,0.0,0.0,0.0,61.6,65,20,65521,50,65476,0,300,0,0,8,20529,65476,0,0,26214,60.0,0.0,0.0,0.0,0.0,0.0
2026-05-17T16:26:04,ERR,ERR,ERR,ERR,ERR,ERR,ERR,ERR,ERR,ERR,ERR,ERR,ERR,ERR,ERR,ERR,ERR,ERR,ERR,ERR,ERR,ERR,ERR,ERR,ERR,ERR,ERR,ERR,ERR,ERR,ERR,ERR,ERR,ERR,ERR,ERR,ERR,ERR,ERR,ERR,ERR,ERR,ERR,ERR,ERR,ERR,ERR,ERR,ERR,ERR,ERR,ERR,ERR,ERR,ERR,ERR,ERR,ERR,ERR,ERR,ERR,ERR,ERR,ERR,ERR,ERR,ERR,ERR,ERR,ERR,ERR,ERR,ERR,ERR,ERR,ERR,ERR,ERR,ERR,ERR,ERR,ERR,ERR,ERR,ERR,ERR,ERR,ERR,ERR,ERR,ERR,ERR,ERR,ERR,ERR,ERR,ERR,ERR,ERR,ERR,ERR,ERR,ERR,ERR,ERR,ERR,ERR,ERR,ERR,ERR,ERR,ERR,ERR,ERR,ERR,ERR,ERR,ERR,ERR,ERR,ERR,ERR,ERR,ERR,ERR,0.0,-107615288.0,-0.0,0.0,0.0,1.3936040501711995e+18,7.805,0.0,0,0,4,0,8422,0.0,45,0.0,0.0,0.0,0.0,0.0,0,0,0,0,0.0,0,0,0,0,0,0,0,0,0,0,0,0,0,0,0,0,0,0,0,0,0,0,0,0,0,0,0,0,0,0,0,0,0,38,14,7,45,65476,0,300,0,0,8,21553,0.0,-107605600.0,0.0,0.0,0.0,0.0,0.0,0.0,0.0,0.0,0.0,0.0,0.0,0.0,0.0,0.0,0.0,0.0,0.0,0.0,0.0,0.0,0.0,-2.004,-0.0,0.0,0.0,0.0,0.0,0.0,5035.0,0.0,0.0,0.0,-107615288.0,0.0,-0.0,0.0,0.0,0.0,0.0,53,152018454839296.0,-3.222002767243768e+26,0.0,0.0,0.0,0.0,0.0,0.0,0.0,0,0,0,0.0,0.0,0.0,0.0,0.0,0.0,0.0,0.0,0.0,0.0,0.0,0.0,0.0,0.0,0.0,0.0,0,-107875648.0,53,0.0,106,-107614832.0,-107350944.0,ERR,ERR,ERR,ERR,ERR,ERR,ERR,ERR,ERR,ERR,ERR,ERR,ERR,ERR,ERR,ERR,ERR,ERR,ERR,ERR,ERR,ERR,ERR,ERR,ERR,ERR,ERR,ERR,ERR,ERR,ERR,ERR,ERR,ERR,ERR,ERR,ERR,ERR,ERR,ERR,ERR,ERR,ERR,ERR,ERR,ERR,ERR,ERR,ERR,ERR,ERR,ERR,ERR,ERR,ERR,ERR,ERR,ERR,ERR,ERR,ERR,ERR,ERR,ERR,ERR,ERR,ERR,50.0,60.0,100,0.0,0.0,0.0,0.0,0.0,0.0,0.0,0.0,0.0,0.0,0.0,0.0,0.0,0.0,0.0,0.0,61.6,65,20,65521,50,65476,0,300,0,0,8,20529,65476,0,0,26214,60.0,0.0,0.0,0.0,0.0,0.0
2026-05-17T16:26:05,ERR,ERR,ERR,ERR,ERR,ERR,ERR,ERR,ERR,ERR,ERR,ERR,ERR,ERR,ERR,ERR,ERR,ERR,ERR,ERR,ERR,ERR,ERR,ERR,ERR,ERR,ERR,ERR,ERR,ERR,ERR,ERR,ERR,ERR,ERR,ERR,ERR,ERR,ERR,ERR,ERR,ERR,ERR,ERR,ERR,ERR,ERR,ERR,ERR,ERR,ERR,ERR,ERR,ERR,ERR,ERR,ERR,ERR,ERR,ERR,ERR,ERR,ERR,ERR,ERR,ERR,ERR,ERR,ERR,ERR,ERR,ERR,ERR,ERR,ERR,ERR,ERR,ERR,ERR,ERR,ERR,ERR,ERR,ERR,ERR,ERR,ERR,ERR,ERR,ERR,ERR,ERR,ERR,ERR,ERR,ERR,ERR,ERR,ERR,ERR,ERR,ERR,ERR,ERR,ERR,ERR,ERR,ERR,ERR,ERR,ERR,ERR,ERR,ERR,ERR,ERR,ERR,ERR,ERR,ERR,ERR,ERR,ERR,ERR,ERR,0.0,-107615288.0,-0.0,0.0,0.0,1.3936040501711995e+18,7.805,0.0,0,0,4,0,8422,0.0,45,0.0,0.0,0.0,0.0,0.0,0,0,0,0,0.0,0,0,0,0,0,0,0,0,0,0,0,0,0,0,0,0,0,0,0,0,0,0,0,0,0,0,0,0,0,0,0,0,0,38,14,7,45,65476,0,300,0,0,8,21553,0.0,-107605600.0,0.0,0.0,0.0,0.0,0.0,0.0,0.0,0.0,0.0,0.0,0.0,0.0,0.0,0.0,0.0,0.0,0.0,0.0,0.0,0.0,0.0,-2.004,-0.0,0.0,0.0,0.0,0.0,0.0,5035.0,0.0,0.0,0.0,-107615288.0,0.0,-0.0,0.0,0.0,0.0,0.0,53,152018454839296.0,-3.222002767243768e+26,0.0,0.0,0.0,0.0,0.0,0.0,0.0,0,0,0,0.0,0.0,0.0,0.0,0.0,0.0,0.0,0.0,0.0,0.0,0.0,0.0,0.0,0.0,0.0,0.0,0,-107875648.0,53,0.0,106,-107614832.0,-107350944.0,ERR,ERR,ERR,ERR,ERR,ERR,ERR,ERR,ERR,ERR,ERR,ERR,ERR,ERR,ERR,ERR,ERR,ERR,ERR,ERR,ERR,ERR,ERR,ERR,ERR,ERR,ERR,ERR,ERR,ERR,ERR,ERR,ERR,ERR,ERR,ERR,ERR,ERR,ERR,ERR,ERR,ERR,ERR,ERR,ERR,ERR,ERR,ERR,ERR,ERR,ERR,ERR,ERR,ERR,ERR,ERR,ERR,ERR,ERR,ERR,ERR,ERR,ERR,ERR,ERR,ERR,ERR,50.0,60.0,100,0.0,0.0,0.0,0.0,0.0,0.0,0.0,0.0,0.0,0.0,0.0,0.0,0.0,0.0,0.0,0.0,61.6,65,20,65521,50,65476,0,300,0,0,8,20529,65476,0,0,26214,60.0,0.0,0.0,0.0,0.0,0.0
2026-05-17T16:26:06,ERR,ERR,ERR,ERR,ERR,ERR,ERR,ERR,ERR,ERR,ERR,ERR,ERR,ERR,ERR,ERR,ERR,ERR,ERR,ERR,ERR,ERR,ERR,ERR,ERR,ERR,ERR,ERR,ERR,ERR,ERR,ERR,ERR,ERR,ERR,ERR,ERR,ERR,ERR,ERR,ERR,ERR,ERR,ERR,ERR,ERR,ERR,ERR,ERR,ERR,ERR,ERR,ERR,ERR,ERR,ERR,ERR,ERR,ERR,ERR,ERR,ERR,ERR,ERR,ERR,ERR,ERR,ERR,ERR,ERR,ERR,ERR,ERR,ERR,ERR,ERR,ERR,ERR,ERR,ERR,ERR,ERR,ERR,ERR,ERR,ERR,ERR,ERR,ERR,ERR,ERR,ERR,ERR,ERR,ERR,ERR,ERR,ERR,ERR,ERR,ERR,ERR,ERR,ERR,ERR,ERR,ERR,ERR,ERR,ERR,ERR,ERR,ERR,ERR,ERR,ERR,ERR,ERR,ERR,ERR,ERR,ERR,ERR,ERR,ERR,0.0,-107615288.0,-0.0,0.0,0.0,1.3936040501711995e+18,7.805,0.0,0,0,4,0,8422,0.0,45,0.0,0.0,0.0,0.0,0.0,0,0,0,0,0.0,0,0,0,0,0,0,0,0,0,0,0,0,0,0,0,0,0,0,0,0,0,0,0,0,0,0,0,0,0,0,0,0,0,38,14,7,45,65476,0,300,0,0,8,21553,0.0,-107605600.0,0.0,0.0,0.0,0.0,0.0,0.0,0.0,0.0,0.0,0.0,0.0,0.0,0.0,0.0,0.0,0.0,0.0,0.0,0.0,0.0,0.0,-2.004,-0.0,0.0,0.0,0.0,0.0,0.0,5035.0,0.0,0.0,0.0,-107615288.0,0.0,-0.0,0.0,0.0,0.0,0.0,53,152018454839296.0,-3.222002767243768e+26,0.0,0.0,0.0,0.0,0.0,0.0,0.0,0,0,0,0.0,0.0,0.0,0.0,0.0,0.0,0.0,0.0,0.0,0.0,0.0,0.0,0.0,0.0,0.0,0.0,0,-107875648.0,53,0.0,106,-107614832.0,-107350944.0,ERR,ERR,ERR,ERR,ERR,ERR,ERR,ERR,ERR,ERR,ERR,ERR,ERR,ERR,ERR,ERR,ERR,ERR,ERR,ERR,ERR,ERR,ERR,ERR,ERR,ERR,ERR,ERR,ERR,ERR,ERR,ERR,ERR,ERR,ERR,ERR,ERR,ERR,ERR,ERR,ERR,ERR,ERR,ERR,ERR,ERR,ERR,ERR,ERR,ERR,ERR,ERR,ERR,ERR,ERR,ERR,ERR,ERR,ERR,ERR,ERR,ERR,ERR,ERR,ERR,ERR,ERR,50.0,60.0,100,0.0,0.0,0.0,0.0,0.0,0.0,0.0,0.0,0.0,0.0,0.0,0.0,0.0,0.0,0.0,0.0,61.6,65,20,65521,50,65476,0,300,0,0,8,20529,65476,0,0,26214,60.0,0.0,0.0,0.0,0.0,0.0
2026-05-17T16:26:07,ERR,ERR,ERR,ERR,ERR,ERR,ERR,ERR,ERR,ERR,ERR,ERR,ERR,ERR,ERR,ERR,ERR,ERR,ERR,ERR,ERR,ERR,ERR,ERR,ERR,ERR,ERR,ERR,ERR,ERR,ERR,ERR,ERR,ERR,ERR,ERR,ERR,ERR,ERR,ERR,ERR,ERR,ERR,ERR,ERR,ERR,ERR,ERR,ERR,ERR,ERR,ERR,ERR,ERR,ERR,ERR,ERR,ERR,ERR,ERR,ERR,ERR,ERR,ERR,ERR,ERR,ERR,ERR,ERR,ERR,ERR,ERR,ERR,ERR,ERR,ERR,ERR,ERR,ERR,ERR,ERR,ERR,ERR,ERR,ERR,ERR,ERR,ERR,ERR,ERR,ERR,ERR,ERR,ERR,ERR,ERR,ERR,ERR,ERR,ERR,ERR,ERR,ERR,ERR,ERR,ERR,ERR,ERR,ERR,ERR,ERR,ERR,ERR,ERR,ERR,ERR,ERR,ERR,ERR,ERR,ERR,ERR,ERR,ERR,ERR,0.0,-107615288.0,-0.0,0.0,0.0,1.3936040501711995e+18,7.805,0.0,0,0,4,0,8422,0.0,45,0.0,0.0,0.0,0.0,0.0,0,0,0,0,0.0,0,0,0,0,0,0,0,0,0,0,0,0,0,0,0,0,0,0,0,0,0,0,0,0,0,0,0,0,0,0,0,0,0,38,14,7,45,65476,0,300,0,0,8,21553,0.0,-107605600.0,0.0,0.0,0.0,0.0,0.0,0.0,0.0,0.0,0.0,0.0,0.0,0.0,0.0,0.0,0.0,0.0,0.0,0.0,0.0,0.0,0.0,-2.004,-0.0,0.0,0.0,0.0,0.0,0.0,5035.0,0.0,0.0,0.0,-107615288.0,0.0,-0.0,0.0,0.0,0.0,0.0,53,152018454839296.0,-3.222002767243768e+26,0.0,0.0,0.0,0.0,0.0,0.0,0.0,0,0,0,0.0,0.0,0.0,0.0,0.0,0.0,0.0,0.0,0.0,0.0,0.0,0.0,0.0,0.0,0.0,0.0,0,-107875648.0,53,0.0,106,-107614832.0,-107350944.0,ERR,ERR,ERR,ERR,ERR,ERR,ERR,ERR,ERR,ERR,ERR,ERR,ERR,ERR,ERR,ERR,ERR,ERR,ERR,ERR,ERR,ERR,ERR,ERR,ERR,ERR,ERR,ERR,ERR,ERR,ERR,ERR,ERR,ERR,ERR,ERR,ERR,ERR,ERR,ERR,ERR,ERR,ERR,ERR,ERR,ERR,ERR,ERR,ERR,ERR,ERR,ERR,ERR,ERR,ERR,ERR,ERR,ERR,ERR,ERR,ERR,ERR,ERR,ERR,ERR,ERR,ERR,50.0,60.0,100,0.0,0.0,0.0,0.0,0.0,0.0,0.0,0.0,0.0,0.0,0.0,0.0,0.0,0.0,0.0,0.0,61.6,65,20,65521,50,65476,0,300,0,0,8,20529,65476,0,0,26214,60.0,0.0,0.0,0.0,0.0,0.0
2026-05-17T16:26:08,ERR,ERR,ERR,ERR,ERR,ERR,ERR,ERR,ERR,ERR,ERR,ERR,ERR,ERR,ERR,ERR,ERR,ERR,ERR,ERR,ERR,ERR,ERR,ERR,ERR,ERR,ERR,ERR,ERR,ERR,ERR,ERR,ERR,ERR,ERR,ERR,ERR,ERR,ERR,ERR,ERR,ERR,ERR,ERR,ERR,ERR,ERR,ERR,ERR,ERR,ERR,ERR,ERR,ERR,ERR,ERR,ERR,ERR,ERR,ERR,ERR,ERR,ERR,ERR,ERR,ERR,ERR,ERR,ERR,ERR,ERR,ERR,ERR,ERR,ERR,ERR,ERR,ERR,ERR,ERR,ERR,ERR,ERR,ERR,ERR,ERR,ERR,ERR,ERR,ERR,ERR,ERR,ERR,ERR,ERR,ERR,ERR,ERR,ERR,ERR,ERR,ERR,ERR,ERR,ERR,ERR,ERR,ERR,ERR,ERR,ERR,ERR,ERR,ERR,ERR,ERR,ERR,ERR,ERR,ERR,ERR,ERR,ERR,ERR,ERR,0.0,-107615288.0,-0.0,0.0,0.0,1.3936040501711995e+18,7.805,0.0,0,0,4,0,8422,0.0,45,0.0,0.0,0.0,0.0,0.0,0,0,0,0,0.0,0,0,0,0,0,0,0,0,0,0,0,0,0,0,0,0,0,0,0,0,0,0,0,0,0,0,0,0,0,0,0,0,0,38,14,7,45,65476,0,300,0,0,8,21553,0.0,-107605600.0,0.0,0.0,0.0,0.0,0.0,0.0,0.0,0.0,0.0,0.0,0.0,0.0,0.0,0.0,0.0,0.0,0.0,0.0,0.0,0.0,0.0,-2.004,-0.0,0.0,0.0,0.0,0.0,0.0,5035.0,0.0,0.0,0.0,-107615288.0,0.0,-0.0,0.0,0.0,0.0,0.0,53,89221.109,4.0668540358038725e+29,0.0,0.0,0.0,0.0,0.0,0.0,0.0,0,0,0,0.0,0.0,0.0,0.0,0.0,0.0,0.0,0.0,0.0,0.0,0.0,0.0,0.0,0.0,0.0,0.0,0,-107875648.0,53,0.0,106,-107614832.0,-107350944.0,ERR,ERR,ERR,ERR,ERR,ERR,ERR,ERR,ERR,ERR,ERR,ERR,ERR,ERR,ERR,ERR,ERR,ERR,ERR,ERR,ERR,ERR,ERR,ERR,ERR,ERR,ERR,ERR,ERR,ERR,ERR,ERR,ERR,ERR,ERR,ERR,ERR,ERR,ERR,ERR,ERR,ERR,ERR,ERR,ERR,ERR,ERR,ERR,ERR,ERR,ERR,ERR,ERR,ERR,ERR,ERR,ERR,ERR,ERR,ERR,ERR,ERR,ERR,ERR,ERR,ERR,ERR,50.0,60.0,100,0.0,0.0,0.0,0.0,0.0,0.0,0.0,0.0,0.0,0.0,0.0,0.0,0.0,0.0,0.0,0.0,61.6,65,20,65521,50,65476,0,300,0,0,8,20529,65476,0,0,26214,60.0,0.0,0.0,0.0,0.0,0.0
2026-05-17T16:26:09,ERR,ERR,ERR,ERR,ERR,ERR,ERR,ERR,ERR,ERR,ERR,ERR,ERR,ERR,ERR,ERR,ERR,ERR,ERR,ERR,ERR,ERR,ERR,ERR,ERR,ERR,ERR,ERR,ERR,ERR,ERR,ERR,ERR,ERR,ERR,ERR,ERR,ERR,ERR,ERR,ERR,ERR,ERR,ERR,ERR,ERR,ERR,ERR,ERR,ERR,ERR,ERR,ERR,ERR,ERR,ERR,ERR,ERR,ERR,ERR,ERR,ERR,ERR,ERR,ERR,ERR,ERR,ERR,ERR,ERR,ERR,ERR,ERR,ERR,ERR,ERR,ERR,ERR,ERR,ERR,ERR,ERR,ERR,ERR,ERR,ERR,ERR,ERR,ERR,ERR,ERR,ERR,ERR,ERR,ERR,ERR,ERR,ERR,ERR,ERR,ERR,ERR,ERR,ERR,ERR,ERR,ERR,ERR,ERR,ERR,ERR,ERR,ERR,ERR,ERR,ERR,ERR,ERR,ERR,ERR,ERR,ERR,ERR,ERR,ERR,0.0,-107615288.0,-0.0,0.0,0.0,1.3936040501711995e+18,7.805,0.0,0,0,4,0,8422,0.0,45,0.0,0.0,0.0,0.0,0.0,0,0,0,0,0.0,0,0,0,0,0,0,0,0,0,0,0,0,0,0,0,0,0,0,0,0,0,0,0,0,0,0,0,0,0,0,0,0,0,38,14,7,45,65476,0,300,0,0,8,21553,0.0,-107605600.0,0.0,0.0,0.0,0.0,0.0,0.0,0.0,0.0,0.0,0.0,0.0,0.0,0.0,0.0,0.0,0.0,0.0,0.0,0.0,0.0,0.0,-2.004,-0.0,0.0,0.0,0.0,0.0,0.0,5035.0,0.0,0.0,0.0,-107615288.0,0.0,-0.0,0.0,0.0,0.0,0.0,53,89221.109,4.0668540358038725e+29,0.0,0.0,0.0,0.0,0.0,0.0,0.0,0,0,0,0.0,0.0,0.0,0.0,0.0,0.0,0.0,0.0,0.0,0.0,0.0,0.0,0.0,0.0,0.0,0.0,0,-107875648.0,53,0.0,106,-107614832.0,-107350944.0,ERR,ERR,ERR,ERR,ERR,ERR,ERR,ERR,ERR,ERR,ERR,ERR,ERR,ERR,ERR,ERR,ERR,ERR,ERR,ERR,ERR,ERR,ERR,ERR,ERR,ERR,ERR,ERR,ERR,ERR,ERR,ERR,ERR,ERR,ERR,ERR,ERR,ERR,ERR,ERR,ERR,ERR,ERR,ERR,ERR,ERR,ERR,ERR,ERR,ERR,ERR,ERR,ERR,ERR,ERR,ERR,ERR,ERR,ERR,ERR,ERR,ERR,ERR,ERR,ERR,ERR,ERR,50.0,60.0,100,0.0,0.0,0.0,0.0,0.0,0.0,0.0,0.0,0.0,0.0,0.0,0.0,0.0,0.0,0.0,0.0,61.6,65,20,65521,50,65476,0,300,0,0,8,20529,65476,0,0,26214,60.0,0.0,0.0,0.0,0.0,0.0
2026-05-17T16:26:10,ERR,ERR,ERR,ERR,ERR,ERR,ERR,ERR,ERR,ERR,ERR,ERR,ERR,ERR,ERR,ERR,ERR,ERR,ERR,ERR,ERR,ERR,ERR,ERR,ERR,ERR,ERR,ERR,ERR,ERR,ERR,ERR,ERR,ERR,ERR,ERR,ERR,ERR,ERR,ERR,ERR,ERR,ERR,ERR,ERR,ERR,ERR,ERR,ERR,ERR,ERR,ERR,ERR,ERR,ERR,ERR,ERR,ERR,ERR,ERR,ERR,ERR,ERR,ERR,ERR,ERR,ERR,ERR,ERR,ERR,ERR,ERR,ERR,ERR,ERR,ERR,ERR,ERR,ERR,ERR,ERR,ERR,ERR,ERR,ERR,ERR,ERR,ERR,ERR,ERR,ERR,ERR,ERR,ERR,ERR,ERR,ERR,ERR,ERR,ERR,ERR,ERR,ERR,ERR,ERR,ERR,ERR,ERR,ERR,ERR,ERR,ERR,ERR,ERR,ERR,ERR,ERR,ERR,ERR,ERR,ERR,ERR,ERR,ERR,ERR,0.0,-107615288.0,-0.0,0.0,0.0,1.3936040501711995e+18,7.805,0.0,0,0,4,0,8422,0.0,45,0.0,0.0,0.0,0.0,0.0,0,0,0,0,0.0,0,0,0,0,0,0,0,0,0,0,0,0,0,0,0,0,0,0,0,0,0,0,0,0,0,0,0,0,0,0,0,0,0,38,14,7,45,65476,0,300,0,0,8,21553,0.0,-107605600.0,0.0,0.0,0.0,0.0,0.0,0.0,0.0,0.0,0.0,0.0,0.0,0.0,0.0,0.0,0.0,0.0,0.0,0.0,0.0,0.0,0.0,-2.004,-0.0,0.0,0.0,0.0,0.0,0.0,5035.0,0.0,0.0,0.0,-107615288.0,0.0,-0.0,0.0,0.0,0.0,0.0,53,89221.109,4.0668540358038725e+29,0.0,0.0,0.0,0.0,0.0,0.0,0.0,0,0,0,0.0,0.0,0.0,0.0,0.0,0.0,0.0,0.0,0.0,0.0,0.0,0.0,0.0,0.0,0.0,0.0,0,-107875648.0,53,0.0,106,-107614832.0,-107350944.0,ERR,ERR,ERR,ERR,ERR,ERR,ERR,ERR,ERR,ERR,ERR,ERR,ERR,ERR,ERR,ERR,ERR,ERR,ERR,ERR,ERR,ERR,ERR,ERR,ERR,ERR,ERR,ERR,ERR,ERR,ERR,ERR,ERR,ERR,ERR,ERR,ERR,ERR,ERR,ERR,ERR,ERR,ERR,ERR,ERR,ERR,ERR,ERR,ERR,ERR,ERR,ERR,ERR,ERR,ERR,ERR,ERR,ERR,ERR,ERR,ERR,ERR,ERR,ERR,ERR,ERR,ERR,50.0,60.0,100,0.0,0.0,0.0,0.0,0.0,0.0,0.0,0.0,0.0,0.0,0.0,0.0,0.0,0.0,0.0,0.0,61.6,65,20,65521,50,65476,0,300,0,0,8,20529,65476,0,0,26214,60.0,0.0,0.0,0.0,0.0,0.0
2026-05-17T16:26:11,ERR,ERR,ERR,ERR,ERR,ERR,ERR,ERR,ERR,ERR,ERR,ERR,ERR,ERR,ERR,ERR,ERR,ERR,ERR,ERR,ERR,ERR,ERR,ERR,ERR,ERR,ERR,ERR,ERR,ERR,ERR,ERR,ERR,ERR,ERR,ERR,ERR,ERR,ERR,ERR,ERR,ERR,ERR,ERR,ERR,ERR,ERR,ERR,ERR,ERR,ERR,ERR,ERR,ERR,ERR,ERR,ERR,ERR,ERR,ERR,ERR,ERR,ERR,ERR,ERR,ERR,ERR,ERR,ERR,ERR,ERR,ERR,ERR,ERR,ERR,ERR,ERR,ERR,ERR,ERR,ERR,ERR,ERR,ERR,ERR,ERR,ERR,ERR,ERR,ERR,ERR,ERR,ERR,ERR,ERR,ERR,ERR,ERR,ERR,ERR,ERR,ERR,ERR,ERR,ERR,ERR,ERR,ERR,ERR,ERR,ERR,ERR,ERR,ERR,ERR,ERR,ERR,ERR,ERR,ERR,ERR,ERR,ERR,ERR,ERR,0.0,-107615288.0,-0.0,0.0,0.0,1.3936040501711995e+18,7.805,0.0,0,0,4,0,8422,0.0,45,0.0,0.0,0.0,0.0,0.0,0,0,0,0,0.0,0,0,0,0,0,0,0,0,0,0,0,0,0,0,0,0,0,0,0,0,0,0,0,0,0,0,0,0,0,0,0,0,0,38,14,7,45,65476,0,300,0,0,8,21553,0.0,-107605600.0,0.0,0.0,0.0,0.0,0.0,0.0,0.0,0.0,0.0,0.0,0.0,0.0,0.0,0.0,0.0,0.0,0.0,0.0,0.0,0.0,0.0,-2.004,-0.0,0.0,0.0,0.0,0.0,0.0,5035.0,0.0,0.0,0.0,-107615288.0,0.0,-0.0,0.0,0.0,0.0,0.0,53,89221.109,4.0668540358038725e+29,0.0,0.0,0.0,0.0,0.0,0.0,0.0,0,0,0,0.0,0.0,0.0,0.0,0.0,0.0,0.0,0.0,0.0,0.0,0.0,0.0,0.0,0.0,0.0,0.0,0,-107875648.0,53,0.0,106,-107614832.0,-107350944.0,ERR,ERR,ERR,ERR,ERR,ERR,ERR,ERR,ERR,ERR,ERR,ERR,ERR,ERR,ERR,ERR,ERR,ERR,ERR,ERR,ERR,ERR,ERR,ERR,ERR,ERR,ERR,ERR,ERR,ERR,ERR,ERR,ERR,ERR,ERR,ERR,ERR,ERR,ERR,ERR,ERR,ERR,ERR,ERR,ERR,ERR,ERR,ERR,ERR,ERR,ERR,ERR,ERR,ERR,ERR,ERR,ERR,ERR,ERR,ERR,ERR,ERR,ERR,ERR,ERR,ERR,ERR,50.0,60.0,100,0.0,0.0,0.0,0.0,0.0,0.0,0.0,0.0,0.0,0.0,0.0,0.0,0.0,0.0,0.0,0.0,61.6,65,20,65521,50,65476,0,300,0,0,8,20529,65476,0,0,26214,60.0,0.0,0.0,0.0,0.0,0.0
2026-05-17T16:26:12,ERR,ERR,ERR,ERR,ERR,ERR,ERR,ERR,ERR,ERR,ERR,ERR,ERR,ERR,ERR,ERR,ERR,ERR,ERR,ERR,ERR,ERR,ERR,ERR,ERR,ERR,ERR,ERR,ERR,ERR,ERR,ERR,ERR,ERR,ERR,ERR,ERR,ERR,ERR,ERR,ERR,ERR,ERR,ERR,ERR,ERR,ERR,ERR,ERR,ERR,ERR,ERR,ERR,ERR,ERR,ERR,ERR,ERR,ERR,ERR,ERR,ERR,ERR,ERR,ERR,ERR,ERR,ERR,ERR,ERR,ERR,ERR,ERR,ERR,ERR,ERR,ERR,ERR,ERR,ERR,ERR,ERR,ERR,ERR,ERR,ERR,ERR,ERR,ERR,ERR,ERR,ERR,ERR,ERR,ERR,ERR,ERR,ERR,ERR,ERR,ERR,ERR,ERR,ERR,ERR,ERR,ERR,ERR,ERR,ERR,ERR,ERR,ERR,ERR,ERR,ERR,ERR,ERR,ERR,ERR,ERR,ERR,ERR,ERR,ERR,0.0,-107615288.0,-0.0,0.0,0.0,1.3936040501711995e+18,7.805,0.0,0,0,4,0,8422,0.0,45,0.0,0.0,0.0,0.0,0.0,0,0,0,0,0.0,0,0,0,0,0,0,0,0,0,0,0,0,0,0,0,0,0,0,0,0,0,0,0,0,0,0,0,0,0,0,0,0,0,38,14,7,45,65476,0,300,0,0,8,21553,0.0,-107605600.0,0.0,0.0,0.0,0.0,0.0,0.0,0.0,0.0,0.0,0.0,0.0,0.0,0.0,0.0,0.0,0.0,0.0,0.0,0.0,0.0,0.0,-2.004,-0.0,0.0,0.0,0.0,0.0,0.0,5035.0,0.0,0.0,0.0,-107615288.0,0.0,-0.0,0.0,0.0,0.0,0.0,53,89221.109,4.0668540358038725e+29,0.0,0.0,0.0,0.0,0.0,0.0,0.0,0,0,0,0.0,0.0,0.0,0.0,0.0,0.0,0.0,0.0,0.0,0.0,0.0,0.0,0.0,0.0,0.0,0.0,0,-107875648.0,53,0.0,106,-107614832.0,-107350944.0,ERR,ERR,ERR,ERR,ERR,ERR,ERR,ERR,ERR,ERR,ERR,ERR,ERR,ERR,ERR,ERR,ERR,ERR,ERR,ERR,ERR,ERR,ERR,ERR,ERR,ERR,ERR,ERR,ERR,ERR,ERR,ERR,ERR,ERR,ERR,ERR,ERR,ERR,ERR,ERR,ERR,ERR,ERR,ERR,ERR,ERR,ERR,ERR,ERR,ERR,ERR,ERR,ERR,ERR,ERR,ERR,ERR,ERR,ERR,ERR,ERR,ERR,ERR,ERR,ERR,ERR,ERR,50.0,60.0,100,0.0,0.0,0.0,0.0,0.0,0.0,0.0,0.0,0.0,0.0,0.0,0.0,0.0,0.0,0.0,0.0,61.6,65,20,65521,50,65476,0,300,0,0,8,20529,65476,0,0,26214,60.0,0.0,0.0,0.0,0.0,0.0
2026-05-17T16:26:13,ERR,ERR,ERR,ERR,ERR,ERR,ERR,ERR,ERR,ERR,ERR,ERR,ERR,ERR,ERR,ERR,ERR,ERR,ERR,ERR,ERR,ERR,ERR,ERR,ERR,ERR,ERR,ERR,ERR,ERR,ERR,ERR,ERR,ERR,ERR,ERR,ERR,ERR,ERR,ERR,ERR,ERR,ERR,ERR,ERR,ERR,ERR,ERR,ERR,ERR,ERR,ERR,ERR,ERR,ERR,ERR,ERR,ERR,ERR,ERR,ERR,ERR,ERR,ERR,ERR,ERR,ERR,ERR,ERR,ERR,ERR,ERR,ERR,ERR,ERR,ERR,ERR,ERR,ERR,ERR,ERR,ERR,ERR,ERR,ERR,ERR,ERR,ERR,ERR,ERR,ERR,ERR,ERR,ERR,ERR,ERR,ERR,ERR,ERR,ERR,ERR,ERR,ERR,ERR,ERR,ERR,ERR,ERR,ERR,ERR,ERR,ERR,ERR,ERR,ERR,ERR,ERR,ERR,ERR,ERR,ERR,ERR,ERR,ERR,ERR,0.0,-107615288.0,-0.0,0.0,0.0,1.3936040501711995e+18,7.805,0.0,0,0,4,0,8422,0.0,45,0.0,0.0,0.0,0.0,0.0,0,0,0,0,0.0,0,0,0,0,0,0,0,0,0,0,0,0,0,0,0,0,0,0,0,0,0,0,0,0,0,0,0,0,0,0,0,0,0,38,14,7,45,65476,0,300,0,0,8,21553,0.0,-107605600.0,0.0,0.0,0.0,0.0,0.0,0.0,0.0,0.0,0.0,0.0,0.0,0.0,0.0,0.0,0.0,0.0,0.0,0.0,0.0,0.0,0.0,-2.004,-0.0,0.0,0.0,0.0,0.0,0.0,5044.0,-131350.453,0.0,0.0,-107615288.0,0.0,-0.0,0.0,0.0,0.0,0.0,53,-0.0,-3.222003136178649e+26,0.0,0.0,0.0,0.0,0.0,0.0,0.0,0,0,0,0.0,0.0,0.0,0.0,0.0,0.0,0.0,0.0,0.0,0.0,0.0,0.0,0.0,0.0,0.0,0.0,0,-107875648.0,53,0.0,106,-107614832.0,-107350944.0,ERR,ERR,ERR,ERR,ERR,ERR,ERR,ERR,ERR,ERR,ERR,ERR,ERR,ERR,ERR,ERR,ERR,ERR,ERR,ERR,ERR,ERR,ERR,ERR,ERR,ERR,ERR,ERR,ERR,ERR,ERR,ERR,ERR,ERR,ERR,ERR,ERR,ERR,ERR,ERR,ERR,ERR,ERR,ERR,ERR,ERR,ERR,ERR,ERR,ERR,ERR,ERR,ERR,ERR,ERR,ERR,ERR,ERR,ERR,ERR,ERR,ERR,ERR,ERR,ERR,ERR,ERR,50.0,60.0,100,0.0,0.0,0.0,0.0,0.0,0.0,0.0,0.0,0.0,0.0,0.0,0.0,0.0,0.0,0.0,0.0,61.6,65,20,65521,50,65476,0,300,0,0,8,20529,65476,0,0,26214,60.0,0.0,0.0,0.0,0.0,0.0
2026-05-17T16:26:14,ERR,ERR,ERR,ERR,ERR,ERR,ERR,ERR,ERR,ERR,ERR,ERR,ERR,ERR,ERR,ERR,ERR,ERR,ERR,ERR,ERR,ERR,ERR,ERR,ERR,ERR,ERR,ERR,ERR,ERR,ERR,ERR,ERR,ERR,ERR,ERR,ERR,ERR,ERR,ERR,ERR,ERR,ERR,ERR,ERR,ERR,ERR,ERR,ERR,ERR,ERR,ERR,ERR,ERR,ERR,ERR,ERR,ERR,ERR,ERR,ERR,ERR,ERR,ERR,ERR,ERR,ERR,ERR,ERR,ERR,ERR,ERR,ERR,ERR,ERR,ERR,ERR,ERR,ERR,ERR,ERR,ERR,ERR,ERR,ERR,ERR,ERR,ERR,ERR,ERR,ERR,ERR,ERR,ERR,ERR,ERR,ERR,ERR,ERR,ERR,ERR,ERR,ERR,ERR,ERR,ERR,ERR,ERR,ERR,ERR,ERR,ERR,ERR,ERR,ERR,ERR,ERR,ERR,ERR,ERR,ERR,ERR,ERR,ERR,ERR,0.0,-107615288.0,-0.0,0.0,0.0,1.3936040501711995e+18,7.805,0.0,0,0,4,0,8422,0.0,45,0.0,0.0,0.0,0.0,0.0,0,0,0,0,0.0,0,0,0,0,0,0,0,0,0,0,0,0,0,0,0,0,0,0,0,0,0,0,0,0,0,0,0,0,0,0,0,0,0,38,14,7,45,65476,0,300,0,0,8,21553,0.0,-107605600.0,0.0,0.0,0.0,0.0,0.0,0.0,0.0,0.0,0.0,0.0,0.0,0.0,0.0,0.0,0.0,0.0,0.0,0.0,0.0,0.0,0.0,-2.004,-0.0,0.0,0.0,0.0,0.0,0.0,5044.0,-131350.453,0.0,0.0,-107615288.0,0.0,-0.0,0.0,0.0,0.0,0.0,53,-0.0,-3.222003136178649e+26,0.0,0.0,0.0,0.0,0.0,0.0,0.0,0,0,0,0.0,0.0,0.0,0.0,0.0,0.0,0.0,0.0,0.0,0.0,0.0,0.0,0.0,0.0,0.0,0.0,0,-107875648.0,53,0.0,106,-107614832.0,-107350944.0,ERR,ERR,ERR,ERR,ERR,ERR,ERR,ERR,ERR,ERR,ERR,ERR,ERR,ERR,ERR,ERR,ERR,ERR,ERR,ERR,ERR,ERR,ERR,ERR,ERR,ERR,ERR,ERR,ERR,ERR,ERR,ERR,ERR,ERR,ERR,ERR,ERR,ERR,ERR,ERR,ERR,ERR,ERR,ERR,ERR,ERR,ERR,ERR,ERR,ERR,ERR,ERR,ERR,ERR,ERR,ERR,ERR,ERR,ERR,ERR,ERR,ERR,ERR,ERR,ERR,ERR,ERR,50.0,60.0,100,0.0,0.0,0.0,0.0,0.0,0.0,0.0,0.0,0.0,0.0,0.0,0.0,0.0,0.0,0.0,0.0,61.6,65,20,65521,50,65476,0,300,0,0,8,20529,65476,0,0,26214,60.0,0.0,0.0,0.0,0.0,0.0
2026-05-17T16:26:15,ERR,ERR,ERR,ERR,ERR,ERR,ERR,ERR,ERR,ERR,ERR,ERR,ERR,ERR,ERR,ERR,ERR,ERR,ERR,ERR,ERR,ERR,ERR,ERR,ERR,ERR,ERR,ERR,ERR,ERR,ERR,ERR,ERR,ERR,ERR,ERR,ERR,ERR,ERR,ERR,ERR,ERR,ERR,ERR,ERR,ERR,ERR,ERR,ERR,ERR,ERR,ERR,ERR,ERR,ERR,ERR,ERR,ERR,ERR,ERR,ERR,ERR,ERR,ERR,ERR,ERR,ERR,ERR,ERR,ERR,ERR,ERR,ERR,ERR,ERR,ERR,ERR,ERR,ERR,ERR,ERR,ERR,ERR,ERR,ERR,ERR,ERR,ERR,ERR,ERR,ERR,ERR,ERR,ERR,ERR,ERR,ERR,ERR,ERR,ERR,ERR,ERR,ERR,ERR,ERR,ERR,ERR,ERR,ERR,ERR,ERR,ERR,ERR,ERR,ERR,ERR,ERR,ERR,ERR,ERR,ERR,ERR,ERR,ERR,ERR,0.0,-107615288.0,-0.0,0.0,0.0,1.3936040501711995e+18,7.805,0.0,0,0,4,0,8422,0.0,45,0.0,0.0,0.0,0.0,0.0,0,0,0,0,0.0,0,0,0,0,0,0,0,0,0,0,0,0,0,0,0,0,0,0,0,0,0,0,0,0,0,0,0,0,0,0,0,0,0,38,14,7,45,65476,0,300,0,0,8,21553,0.0,-107605600.0,0.0,0.0,0.0,0.0,0.0,0.0,0.0,0.0,0.0,0.0,0.0,0.0,0.0,0.0,0.0,0.0,0.0,0.0,0.0,0.0,0.0,-2.004,-0.0,0.0,0.0,0.0,0.0,0.0,5044.0,-131350.453,0.0,0.0,-107615288.0,0.0,-0.0,0.0,0.0,0.0,0.0,53,-0.0,-3.222003136178649e+26,0.0,0.0,0.0,0.0,0.0,0.0,0.0,0,0,0,0.0,0.0,0.0,0.0,0.0,0.0,0.0,0.0,0.0,0.0,0.0,0.0,0.0,0.0,0.0,0.0,0,-107875648.0,53,0.0,106,-107614832.0,-107350944.0,ERR,ERR,ERR,ERR,ERR,ERR,ERR,ERR,ERR,ERR,ERR,ERR,ERR,ERR,ERR,ERR,ERR,ERR,ERR,ERR,ERR,ERR,ERR,ERR,ERR,ERR,ERR,ERR,ERR,ERR,ERR,ERR,ERR,ERR,ERR,ERR,ERR,ERR,ERR,ERR,ERR,ERR,ERR,ERR,ERR,ERR,ERR,ERR,ERR,ERR,ERR,ERR,ERR,ERR,ERR,ERR,ERR,ERR,ERR,ERR,ERR,ERR,ERR,ERR,ERR,ERR,ERR,50.0,60.0,100,0.0,0.0,0.0,0.0,0.0,0.0,0.0,0.0,0.0,0.0,0.0,0.0,0.0,0.0,0.0,0.0,61.6,65,20,65521,50,65476,0,300,0,0,8,20529,65476,0,0,26214,60.0,0.0,0.0,0.0,0.0,0.0
2026-05-17T16:26:16,ERR,ERR,ERR,ERR,ERR,ERR,ERR,ERR,ERR,ERR,ERR,ERR,ERR,ERR,ERR,ERR,ERR,ERR,ERR,ERR,ERR,ERR,ERR,ERR,ERR,ERR,ERR,ERR,ERR,ERR,ERR,ERR,ERR,ERR,ERR,ERR,ERR,ERR,ERR,ERR,ERR,ERR,ERR,ERR,ERR,ERR,ERR,ERR,ERR,ERR,ERR,ERR,ERR,ERR,ERR,ERR,ERR,ERR,ERR,ERR,ERR,ERR,ERR,ERR,ERR,ERR,ERR,ERR,ERR,ERR,ERR,ERR,ERR,ERR,ERR,ERR,ERR,ERR,ERR,ERR,ERR,ERR,ERR,ERR,ERR,ERR,ERR,ERR,ERR,ERR,ERR,ERR,ERR,ERR,ERR,ERR,ERR,ERR,ERR,ERR,ERR,ERR,ERR,ERR,ERR,ERR,ERR,ERR,ERR,ERR,ERR,ERR,ERR,ERR,ERR,ERR,ERR,ERR,ERR,ERR,ERR,ERR,ERR,ERR,ERR,0.0,-107615288.0,-0.0,0.0,0.0,1.3936040501711995e+18,7.805,0.0,0,0,4,0,8422,0.0,45,0.0,0.0,0.0,0.0,0.0,0,0,0,0,0.0,0,0,0,0,0,0,0,0,0,0,0,0,0,0,0,0,0,0,0,0,0,0,0,0,0,0,0,0,0,0,0,0,0,38,14,7,45,65476,0,300,0,0,8,21553,0.0,-107605600.0,0.0,0.0,0.0,0.0,0.0,0.0,0.0,0.0,0.0,0.0,0.0,0.0,0.0,0.0,0.0,0.0,0.0,0.0,0.0,0.0,0.0,-2.004,-0.0,0.0,0.0,0.0,0.0,0.0,5044.0,-131350.453,0.0,0.0,-107615288.0,0.0,-0.0,0.0,0.0,0.0,0.0,53,-0.0,-3.222003136178649e+26,0.0,0.0,0.0,0.0,0.0,0.0,0.0,0,0,0,0.0,0.0,0.0,0.0,0.0,0.0,0.0,0.0,0.0,0.0,0.0,0.0,0.0,0.0,0.0,0.0,0,-107875648.0,53,0.0,106,-107614832.0,-107350944.0,ERR,ERR,ERR,ERR,ERR,ERR,ERR,ERR,ERR,ERR,ERR,ERR,ERR,ERR,ERR,ERR,ERR,ERR,ERR,ERR,ERR,ERR,ERR,ERR,ERR,ERR,ERR,ERR,ERR,ERR,ERR,ERR,ERR,ERR,ERR,ERR,ERR,ERR,ERR,ERR,ERR,ERR,ERR,ERR,ERR,ERR,ERR,ERR,ERR,ERR,ERR,ERR,ERR,ERR,ERR,ERR,ERR,ERR,ERR,ERR,ERR,ERR,ERR,ERR,ERR,ERR,ERR,50.0,60.0,100,0.0,0.0,0.0,0.0,0.0,0.0,0.0,0.0,0.0,0.0,0.0,0.0,0.0,0.0,0.0,0.0,61.6,65,20,65521,50,65476,0,300,0,0,8,20529,65476,0,0,26214,60.0,0.0,0.0,0.0,0.0,0.0
2026-05-17T16:26:17,ERR,ERR,ERR,ERR,ERR,ERR,ERR,ERR,ERR,ERR,ERR,ERR,ERR,ERR,ERR,ERR,ERR,ERR,ERR,ERR,ERR,ERR,ERR,ERR,ERR,ERR,ERR,ERR,ERR,ERR,ERR,ERR,ERR,ERR,ERR,ERR,ERR,ERR,ERR,ERR,ERR,ERR,ERR,ERR,ERR,ERR,ERR,ERR,ERR,ERR,ERR,ERR,ERR,ERR,ERR,ERR,ERR,ERR,ERR,ERR,ERR,ERR,ERR,ERR,ERR,ERR,ERR,ERR,ERR,ERR,ERR,ERR,ERR,ERR,ERR,ERR,ERR,ERR,ERR,ERR,ERR,ERR,ERR,ERR,ERR,ERR,ERR,ERR,ERR,ERR,ERR,ERR,ERR,ERR,ERR,ERR,ERR,ERR,ERR,ERR,ERR,ERR,ERR,ERR,ERR,ERR,ERR,ERR,ERR,ERR,ERR,ERR,ERR,ERR,ERR,ERR,ERR,ERR,ERR,ERR,ERR,ERR,ERR,ERR,ERR,0.0,-107615288.0,-0.0,0.0,0.0,1.3936040501711995e+18,7.805,0.0,0,0,4,0,8422,0.0,45,0.0,0.0,0.0,0.0,0.0,0,0,0,0,0.0,0,0,0,0,0,0,0,0,0,0,0,0,0,0,0,0,0,0,0,0,0,0,0,0,0,0,0,0,0,0,0,0,0,38,14,7,45,65476,0,300,0,0,8,21553,0.0,-107605600.0,0.0,0.0,0.0,0.0,0.0,0.0,0.0,0.0,0.0,0.0,0.0,0.0,0.0,0.0,0.0,0.0,0.0,0.0,0.0,0.0,0.0,-2.004,-0.0,0.0,0.0,0.0,0.0,0.0,5044.0,-131350.453,0.0,0.0,-107615288.0,0.0,-0.0,0.0,0.0,0.0,0.0,53,-0.0,-3.222003136178649e+26,0.0,0.0,0.0,0.0,0.0,0.0,0.0,0,0,0,0.0,0.0,0.0,0.0,0.0,0.0,0.0,0.0,0.0,0.0,0.0,0.0,0.0,0.0,0.0,0.0,0,-107875648.0,53,0.0,106,-107614832.0,-107350944.0,ERR,ERR,ERR,ERR,ERR,ERR,ERR,ERR,ERR,ERR,ERR,ERR,ERR,ERR,ERR,ERR,ERR,ERR,ERR,ERR,ERR,ERR,ERR,ERR,ERR,ERR,ERR,ERR,ERR,ERR,ERR,ERR,ERR,ERR,ERR,ERR,ERR,ERR,ERR,ERR,ERR,ERR,ERR,ERR,ERR,ERR,ERR,ERR,ERR,ERR,ERR,ERR,ERR,ERR,ERR,ERR,ERR,ERR,ERR,ERR,ERR,ERR,ERR,ERR,ERR,ERR,ERR,50.0,60.0,100,0.0,0.0,0.0,0.0,0.0,0.0,0.0,0.0,0.0,0.0,0.0,0.0,0.0,0.0,0.0,0.0,61.6,65,20,65521,50,65476,0,300,0,0,8,20529,65476,0,0,26214,60.0,0.0,0.0,0.0,0.0,0.0
2026-05-17T16:26:18,ERR,ERR,ERR,ERR,ERR,ERR,ERR,ERR,ERR,ERR,ERR,ERR,ERR,ERR,ERR,ERR,ERR,ERR,ERR,ERR,ERR,ERR,ERR,ERR,ERR,ERR,ERR,ERR,ERR,ERR,ERR,ERR,ERR,ERR,ERR,ERR,ERR,ERR,ERR,ERR,ERR,ERR,ERR,ERR,ERR,ERR,ERR,ERR,ERR,ERR,ERR,ERR,ERR,ERR,ERR,ERR,ERR,ERR,ERR,ERR,ERR,ERR,ERR,ERR,ERR,ERR,ERR,ERR,ERR,ERR,ERR,ERR,ERR,ERR,ERR,ERR,ERR,ERR,ERR,ERR,ERR,ERR,ERR,ERR,ERR,ERR,ERR,ERR,ERR,ERR,ERR,ERR,ERR,ERR,ERR,ERR,ERR,ERR,ERR,ERR,ERR,ERR,ERR,ERR,ERR,ERR,ERR,ERR,ERR,ERR,ERR,ERR,ERR,ERR,ERR,ERR,ERR,ERR,ERR,ERR,ERR,ERR,ERR,ERR,ERR,0.0,-107615288.0,-0.0,0.0,0.0,1.3936040501711995e+18,7.805,0.0,0,0,4,0,8422,0.0,45,0.0,0.0,0.0,0.0,0.0,0,0,0,0,0.0,0,0,0,0,0,0,0,0,0,0,0,0,0,0,0,0,0,0,0,0,0,0,0,0,0,0,0,0,0,0,0,0,0,38,14,7,45,65476,0,300,0,0,8,21553,0.0,-107605600.0,0.0,0.0,0.0,0.0,0.0,0.0,0.0,0.0,0.0,0.0,0.0,0.0,0.0,0.0,0.0,0.0,0.0,0.0,0.0,0.0,0.0,-2.004,-0.0,0.0,0.0,0.0,0.0,0.0,5036.0,-1.5879295420089355e+29,0.0,0.0,-107615288.0,0.0,-0.0,0.0,0.0,0.0,0.0,53,89221.109,0.0,0.0,0.0,0.0,0.0,0.0,0.0,0.0,0,0,0,0.0,0.0,0.0,0.0,0.0,0.0,0.0,0.0,0.0,0.0,0.0,0.0,0.0,0.0,0.0,0.0,0,-107875648.0,53,0.0,106,-107614832.0,-107350944.0,ERR,ERR,ERR,ERR,ERR,ERR,ERR,ERR,ERR,ERR,ERR,ERR,ERR,ERR,ERR,ERR,ERR,ERR,ERR,ERR,ERR,ERR,ERR,ERR,ERR,ERR,ERR,ERR,ERR,ERR,ERR,ERR,ERR,ERR,ERR,ERR,ERR,ERR,ERR,ERR,ERR,ERR,ERR,ERR,ERR,ERR,ERR,ERR,ERR,ERR,ERR,ERR,ERR,ERR,ERR,ERR,ERR,ERR,ERR,ERR,ERR,ERR,ERR,ERR,ERR,ERR,ERR,50.0,60.0,100,0.0,0.0,0.0,0.0,0.0,0.0,0.0,0.0,0.0,0.0,0.0,0.0,0.0,0.0,0.0,0.0,61.6,65,20,65521,50,65476,0,300,0,0,8,20529,65476,0,0,26214,60.0,0.0,0.0,0.0,0.0,0.0
2026-05-17T16:26:19,ERR,ERR,ERR,ERR,ERR,ERR,ERR,ERR,ERR,ERR,ERR,ERR,ERR,ERR,ERR,ERR,ERR,ERR,ERR,ERR,ERR,ERR,ERR,ERR,ERR,ERR,ERR,ERR,ERR,ERR,ERR,ERR,ERR,ERR,ERR,ERR,ERR,ERR,ERR,ERR,ERR,ERR,ERR,ERR,ERR,ERR,ERR,ERR,ERR,ERR,ERR,ERR,ERR,ERR,ERR,ERR,ERR,ERR,ERR,ERR,ERR,ERR,ERR,ERR,ERR,ERR,ERR,ERR,ERR,ERR,ERR,ERR,ERR,ERR,ERR,ERR,ERR,ERR,ERR,ERR,ERR,ERR,ERR,ERR,ERR,ERR,ERR,ERR,ERR,ERR,ERR,ERR,ERR,ERR,ERR,ERR,ERR,ERR,ERR,ERR,ERR,ERR,ERR,ERR,ERR,ERR,ERR,ERR,ERR,ERR,ERR,ERR,ERR,ERR,ERR,ERR,ERR,ERR,ERR,ERR,ERR,ERR,ERR,ERR,ERR,0.0,-107615288.0,-0.0,0.0,0.0,1.3936040501711995e+18,7.805,0.0,0,0,4,0,8422,0.0,45,0.0,0.0,0.0,0.0,0.0,0,0,0,0,0.0,0,0,0,0,0,0,0,0,0,0,0,0,0,0,0,0,0,0,0,0,0,0,0,0,0,0,0,0,0,0,0,0,0,38,14,7,45,65476,0,300,0,0,8,21553,0.0,-107605600.0,0.0,0.0,0.0,0.0,0.0,0.0,0.0,0.0,0.0,0.0,0.0,0.0,0.0,0.0,0.0,0.0,0.0,0.0,0.0,0.0,0.0,-2.004,-0.0,0.0,0.0,0.0,0.0,0.0,5036.0,-1.5879295420089355e+29,0.0,0.0,-107615288.0,0.0,-0.0,0.0,0.0,0.0,0.0,53,89221.109,0.0,0.0,0.0,0.0,0.0,0.0,0.0,0.0,0,0,0,0.0,0.0,0.0,0.0,0.0,0.0,0.0,0.0,0.0,0.0,0.0,0.0,0.0,0.0,0.0,0.0,0,-107875648.0,53,0.0,106,-107614832.0,-107350944.0,ERR,ERR,ERR,ERR,ERR,ERR,ERR,ERR,ERR,ERR,ERR,ERR,ERR,ERR,ERR,ERR,ERR,ERR,ERR,ERR,ERR,ERR,ERR,ERR,ERR,ERR,ERR,ERR,ERR,ERR,ERR,ERR,ERR,ERR,ERR,ERR,ERR,ERR,ERR,ERR,ERR,ERR,ERR,ERR,ERR,ERR,ERR,ERR,ERR,ERR,ERR,ERR,ERR,ERR,ERR,ERR,ERR,ERR,ERR,ERR,ERR,ERR,ERR,ERR,ERR,ERR,ERR,50.0,60.0,100,0.0,0.0,0.0,0.0,0.0,0.0,0.0,0.0,0.0,0.0,0.0,0.0,0.0,0.0,0.0,0.0,61.6,65,20,65521,50,65476,0,300,0,0,8,20529,65476,0,0,26214,60.0,0.0,0.0,0.0,0.0,0.0
2026-05-17T16:26:20,ERR,ERR,ERR,ERR,ERR,ERR,ERR,ERR,ERR,ERR,ERR,ERR,ERR,ERR,ERR,ERR,ERR,ERR,ERR,ERR,ERR,ERR,ERR,ERR,ERR,ERR,ERR,ERR,ERR,ERR,ERR,ERR,ERR,ERR,ERR,ERR,ERR,ERR,ERR,ERR,ERR,ERR,ERR,ERR,ERR,ERR,ERR,ERR,ERR,ERR,ERR,ERR,ERR,ERR,ERR,ERR,ERR,ERR,ERR,ERR,ERR,ERR,ERR,ERR,ERR,ERR,ERR,ERR,ERR,ERR,ERR,ERR,ERR,ERR,ERR,ERR,ERR,ERR,ERR,ERR,ERR,ERR,ERR,ERR,ERR,ERR,ERR,ERR,ERR,ERR,ERR,ERR,ERR,ERR,ERR,ERR,ERR,ERR,ERR,ERR,ERR,ERR,ERR,ERR,ERR,ERR,ERR,ERR,ERR,ERR,ERR,ERR,ERR,ERR,ERR,ERR,ERR,ERR,ERR,ERR,ERR,ERR,ERR,ERR,ERR,0.0,-107615288.0,-0.0,0.0,0.0,1.3936040501711995e+18,7.805,0.0,0,0,4,0,8422,0.0,45,0.0,0.0,0.0,0.0,0.0,0,0,0,0,0.0,0,0,0,0,0,0,0,0,0,0,0,0,0,0,0,0,0,0,0,0,0,0,0,0,0,0,0,0,0,0,0,0,0,38,14,7,45,65476,0,300,0,0,8,21553,0.0,-107605600.0,0.0,0.0,0.0,0.0,0.0,0.0,0.0,0.0,0.0,0.0,0.0,0.0,0.0,0.0,0.0,0.0,0.0,0.0,0.0,0.0,0.0,-2.004,-0.0,0.0,0.0,0.0,0.0,0.0,5036.0,-1.5879295420089355e+29,0.0,0.0,-107615288.0,0.0,-0.0,0.0,0.0,0.0,0.0,53,89221.109,0.0,0.0,0.0,0.0,0.0,0.0,0.0,0.0,0,0,0,0.0,0.0,0.0,0.0,0.0,0.0,0.0,0.0,0.0,0.0,0.0,0.0,0.0,0.0,0.0,0.0,0,-107875648.0,53,0.0,106,-107614832.0,-107350944.0,ERR,ERR,ERR,ERR,ERR,ERR,ERR,ERR,ERR,ERR,ERR,ERR,ERR,ERR,ERR,ERR,ERR,ERR,ERR,ERR,ERR,ERR,ERR,ERR,ERR,ERR,ERR,ERR,ERR,ERR,ERR,ERR,ERR,ERR,ERR,ERR,ERR,ERR,ERR,ERR,ERR,ERR,ERR,ERR,ERR,ERR,ERR,ERR,ERR,ERR,ERR,ERR,ERR,ERR,ERR,ERR,ERR,ERR,ERR,ERR,ERR,ERR,ERR,ERR,ERR,ERR,ERR,50.0,60.0,100,0.0,0.0,0.0,0.0,0.0,0.0,0.0,0.0,0.0,0.0,0.0,0.0,0.0,0.0,0.0,0.0,61.6,65,20,65521,50,65476,0,300,0,0,8,20529,65476,0,0,26214,60.0,0.0,0.0,0.0,0.0,0.0
2026-05-17T16:26:21,ERR,ERR,ERR,ERR,ERR,ERR,ERR,ERR,ERR,ERR,ERR,ERR,ERR,ERR,ERR,ERR,ERR,ERR,ERR,ERR,ERR,ERR,ERR,ERR,ERR,ERR,ERR,ERR,ERR,ERR,ERR,ERR,ERR,ERR,ERR,ERR,ERR,ERR,ERR,ERR,ERR,ERR,ERR,ERR,ERR,ERR,ERR,ERR,ERR,ERR,ERR,ERR,ERR,ERR,ERR,ERR,ERR,ERR,ERR,ERR,ERR,ERR,ERR,ERR,ERR,ERR,ERR,ERR,ERR,ERR,ERR,ERR,ERR,ERR,ERR,ERR,ERR,ERR,ERR,ERR,ERR,ERR,ERR,ERR,ERR,ERR,ERR,ERR,ERR,ERR,ERR,ERR,ERR,ERR,ERR,ERR,ERR,ERR,ERR,ERR,ERR,ERR,ERR,ERR,ERR,ERR,ERR,ERR,ERR,ERR,ERR,ERR,ERR,ERR,ERR,ERR,ERR,ERR,ERR,ERR,ERR,ERR,ERR,ERR,ERR,0.0,-107615288.0,-0.0,0.0,0.0,1.3936040501711995e+18,7.805,0.0,0,0,4,0,8422,0.0,45,0.0,0.0,0.0,0.0,0.0,0,0,0,0,0.0,0,0,0,0,0,0,0,0,0,0,0,0,0,0,0,0,0,0,0,0,0,0,0,0,0,0,0,0,0,0,0,0,0,38,14,7,45,65476,0,300,0,0,8,21553,0.0,-107605600.0,0.0,0.0,0.0,0.0,0.0,0.0,0.0,0.0,0.0,0.0,0.0,0.0,0.0,0.0,0.0,0.0,0.0,0.0,0.0,0.0,0.0,-2.004,-0.0,0.0,0.0,0.0,0.0,0.0,5036.0,-1.5879295420089355e+29,0.0,0.0,-107615288.0,0.0,-0.0,0.0,0.0,0.0,0.0,53,89221.109,0.0,0.0,0.0,0.0,0.0,0.0,0.0,0.0,0,0,0,0.0,0.0,0.0,0.0,0.0,0.0,0.0,0.0,0.0,0.0,0.0,0.0,0.0,0.0,0.0,0.0,0,-107875648.0,53,0.0,106,-107614832.0,-107350944.0,ERR,ERR,ERR,ERR,ERR,ERR,ERR,ERR,ERR,ERR,ERR,ERR,ERR,ERR,ERR,ERR,ERR,ERR,ERR,ERR,ERR,ERR,ERR,ERR,ERR,ERR,ERR,ERR,ERR,ERR,ERR,ERR,ERR,ERR,ERR,ERR,ERR,ERR,ERR,ERR,ERR,ERR,ERR,ERR,ERR,ERR,ERR,ERR,ERR,ERR,ERR,ERR,ERR,ERR,ERR,ERR,ERR,ERR,ERR,ERR,ERR,ERR,ERR,ERR,ERR,ERR,ERR,50.0,60.0,100,0.0,0.0,0.0,0.0,0.0,0.0,0.0,0.0,0.0,0.0,0.0,0.0,0.0,0.0,0.0,0.0,61.6,65,20,65521,50,65476,0,300,0,0,8,20529,65476,0,0,26214,60.0,0.0,0.0,0.0,0.0,0.0
2026-05-17T16:26:22,ERR,ERR,ERR,ERR,ERR,ERR,ERR,ERR,ERR,ERR,ERR,ERR,ERR,ERR,ERR,ERR,ERR,ERR,ERR,ERR,ERR,ERR,ERR,ERR,ERR,ERR,ERR,ERR,ERR,ERR,ERR,ERR,ERR,ERR,ERR,ERR,ERR,ERR,ERR,ERR,ERR,ERR,ERR,ERR,ERR,ERR,ERR,ERR,ERR,ERR,ERR,ERR,ERR,ERR,ERR,ERR,ERR,ERR,ERR,ERR,ERR,ERR,ERR,ERR,ERR,ERR,ERR,ERR,ERR,ERR,ERR,ERR,ERR,ERR,ERR,ERR,ERR,ERR,ERR,ERR,ERR,ERR,ERR,ERR,ERR,ERR,ERR,ERR,ERR,ERR,ERR,ERR,ERR,ERR,ERR,ERR,ERR,ERR,ERR,ERR,ERR,ERR,ERR,ERR,ERR,ERR,ERR,ERR,ERR,ERR,ERR,ERR,ERR,ERR,ERR,ERR,ERR,ERR,ERR,ERR,ERR,ERR,ERR,ERR,ERR,0.0,-107615288.0,-0.0,0.0,0.0,1.3936040501711995e+18,7.805,0.0,0,0,4,0,8422,0.0,45,0.0,0.0,0.0,0.0,0.0,0,0,0,0,0.0,0,0,0,0,0,0,0,0,0,0,0,0,0,0,0,0,0,0,0,0,0,0,0,0,0,0,0,0,0,0,0,0,0,38,14,7,45,65476,0,300,0,0,8,21553,0.0,-107605600.0,0.0,0.0,0.0,0.0,0.0,0.0,0.0,0.0,0.0,0.0,0.0,0.0,0.0,0.0,0.0,0.0,0.0,0.0,0.0,0.0,0.0,-2.004,-0.0,0.0,0.0,0.0,0.0,0.0,5036.0,-1.5879295420089355e+29,0.0,0.0,-107615288.0,0.0,-0.0,0.0,0.0,0.0,0.0,53,89221.109,0.0,0.0,0.0,0.0,0.0,0.0,0.0,0.0,0,0,0,0.0,0.0,0.0,0.0,0.0,0.0,0.0,0.0,0.0,0.0,0.0,0.0,0.0,0.0,0.0,0.0,0,-107875648.0,53,0.0,106,-107614832.0,-107350944.0,ERR,ERR,ERR,ERR,ERR,ERR,ERR,ERR,ERR,ERR,ERR,ERR,ERR,ERR,ERR,ERR,ERR,ERR,ERR,ERR,ERR,ERR,ERR,ERR,ERR,ERR,ERR,ERR,ERR,ERR,ERR,ERR,ERR,ERR,ERR,ERR,ERR,ERR,ERR,ERR,ERR,ERR,ERR,ERR,ERR,ERR,ERR,ERR,ERR,ERR,ERR,ERR,ERR,ERR,ERR,ERR,ERR,ERR,ERR,ERR,ERR,ERR,ERR,ERR,ERR,ERR,ERR,50.0,60.0,100,0.0,0.0,0.0,0.0,0.0,0.0,0.0,0.0,0.0,0.0,0.0,0.0,0.0,0.0,0.0,0.0,62.0,65,20,65521,50,65476,0,300,0,0,8,20529,65476,0,0,26214,60.0,0.0,0.0,0.0,0.0,0.0
2026-05-17T16:26:23,ERR,ERR,ERR,ERR,ERR,ERR,ERR,ERR,ERR,ERR,ERR,ERR,ERR,ERR,ERR,ERR,ERR,ERR,ERR,ERR,ERR,ERR,ERR,ERR,ERR,ERR,ERR,ERR,ERR,ERR,ERR,ERR,ERR,ERR,ERR,ERR,ERR,ERR,ERR,ERR,ERR,ERR,ERR,ERR,ERR,ERR,ERR,ERR,ERR,ERR,ERR,ERR,ERR,ERR,ERR,ERR,ERR,ERR,ERR,ERR,ERR,ERR,ERR,ERR,ERR,ERR,ERR,ERR,ERR,ERR,ERR,ERR,ERR,ERR,ERR,ERR,ERR,ERR,ERR,ERR,ERR,ERR,ERR,ERR,ERR,ERR,ERR,ERR,ERR,ERR,ERR,ERR,ERR,ERR,ERR,ERR,ERR,ERR,ERR,ERR,ERR,ERR,ERR,ERR,ERR,ERR,ERR,ERR,ERR,ERR,ERR,ERR,ERR,ERR,ERR,ERR,ERR,ERR,ERR,ERR,ERR,ERR,ERR,ERR,ERR,0.0,-107615288.0,-0.0,0.0,0.0,1.3936040501711995e+18,7.805,0.0,0,0,4,0,8422,0.0,45,0.0,0.0,0.0,0.0,0.0,0,0,0,0,0.0,0,0,0,0,0,0,0,0,0,0,0,0,0,0,0,0,0,0,0,0,0,0,0,0,0,0,0,0,0,0,0,0,0,38,14,7,45,65476,0,300,0,0,8,21553,0.0,-107605600.0,0.0,0.0,0.0,0.0,0.0,0.0,0.0,0.0,0.0,0.0,0.0,0.0,0.0,0.0,0.0,0.0,0.0,0.0,0.0,0.0,0.0,-2.004,-0.0,0.0,0.0,0.0,0.0,0.0,5069.0,2.422988480993034e+24,0.0,0.0,-107615288.0,0.0,-0.0,0.0,0.0,0.0,0.0,53,2.3088403658719416e+20,0.0,0.0,0.0,0.0,0.0,0.0,0.0,0.0,0,0,0,0.0,0.0,0.0,0.0,0.0,0.0,0.0,0.0,0.0,0.0,0.0,0.0,0.0,0.0,0.0,0.0,0,-107875648.0,53,0.0,106,-107614832.0,-107350944.0,ERR,ERR,ERR,ERR,ERR,ERR,ERR,ERR,ERR,ERR,ERR,ERR,ERR,ERR,ERR,ERR,ERR,ERR,ERR,ERR,ERR,ERR,ERR,ERR,ERR,ERR,ERR,ERR,ERR,ERR,ERR,ERR,ERR,ERR,ERR,ERR,ERR,ERR,ERR,ERR,ERR,ERR,ERR,ERR,ERR,ERR,ERR,ERR,ERR,ERR,ERR,ERR,ERR,ERR,ERR,ERR,ERR,ERR,ERR,ERR,ERR,ERR,ERR,ERR,ERR,ERR,ERR,50.0,60.0,100,0.0,0.0,0.0,0.0,0.0,0.0,0.0,0.0,0.0,0.0,0.0,0.0,0.0,0.0,0.0,0.0,62.0,65,20,65521,50,65476,0,300,0,0,8,20529,65476,0,0,26214,60.0,0.0,0.0,0.0,0.0,0.0
2026-05-17T16:26:24,ERR,ERR,ERR,ERR,ERR,ERR,ERR,ERR,ERR,ERR,ERR,ERR,ERR,ERR,ERR,ERR,ERR,ERR,ERR,ERR,ERR,ERR,ERR,ERR,ERR,ERR,ERR,ERR,ERR,ERR,ERR,ERR,ERR,ERR,ERR,ERR,ERR,ERR,ERR,ERR,ERR,ERR,ERR,ERR,ERR,ERR,ERR,ERR,ERR,ERR,ERR,ERR,ERR,ERR,ERR,ERR,ERR,ERR,ERR,ERR,ERR,ERR,ERR,ERR,ERR,ERR,ERR,ERR,ERR,ERR,ERR,ERR,ERR,ERR,ERR,ERR,ERR,ERR,ERR,ERR,ERR,ERR,ERR,ERR,ERR,ERR,ERR,ERR,ERR,ERR,ERR,ERR,ERR,ERR,ERR,ERR,ERR,ERR,ERR,ERR,ERR,ERR,ERR,ERR,ERR,ERR,ERR,ERR,ERR,ERR,ERR,ERR,ERR,ERR,ERR,ERR,ERR,ERR,ERR,ERR,ERR,ERR,ERR,ERR,ERR,0.0,-107615288.0,-0.0,0.0,0.0,1.3936040501711995e+18,7.805,0.0,0,0,4,0,8422,0.0,45,0.0,0.0,0.0,0.0,0.0,0,0,0,0,0.0,0,0,0,0,0,0,0,0,0,0,0,0,0,0,0,0,0,0,0,0,0,0,0,0,0,0,0,0,0,0,0,0,0,38,14,7,45,65476,0,300,0,0,8,21553,0.0,-107605600.0,0.0,0.0,0.0,0.0,0.0,0.0,0.0,0.0,0.0,0.0,0.0,0.0,0.0,0.0,0.0,0.0,0.0,0.0,0.0,0.0,0.0,-2.004,-0.0,0.0,0.0,0.0,0.0,0.0,5069.0,2.422988480993034e+24,0.0,0.0,-107615288.0,0.0,-0.0,0.0,0.0,0.0,0.0,53,2.3088403658719416e+20,0.0,0.0,0.0,0.0,0.0,0.0,0.0,0.0,0,0,0,0.0,0.0,0.0,0.0,0.0,0.0,0.0,0.0,0.0,0.0,0.0,0.0,0.0,0.0,0.0,0.0,0,-107875648.0,53,0.0,106,-107614832.0,-107350944.0,ERR,ERR,ERR,ERR,ERR,ERR,ERR,ERR,ERR,ERR,ERR,ERR,ERR,ERR,ERR,ERR,ERR,ERR,ERR,ERR,ERR,ERR,ERR,ERR,ERR,ERR,ERR,ERR,ERR,ERR,ERR,ERR,ERR,ERR,ERR,ERR,ERR,ERR,ERR,ERR,ERR,ERR,ERR,ERR,ERR,ERR,ERR,ERR,ERR,ERR,ERR,ERR,ERR,ERR,ERR,ERR,ERR,ERR,ERR,ERR,ERR,ERR,ERR,ERR,ERR,ERR,ERR,50.0,60.0,100,0.0,0.0,0.0,0.0,0.0,0.0,0.0,0.0,0.0,0.0,0.0,0.0,0.0,0.0,0.0,0.0,61.6,65,20,65521,50,65476,0,300,0,0,8,20529,65476,0,0,26214,60.0,0.0,0.0,0.0,0.0,0.0
2026-05-17T16:26:25,ERR,ERR,ERR,ERR,ERR,ERR,ERR,ERR,ERR,ERR,ERR,ERR,ERR,ERR,ERR,ERR,ERR,ERR,ERR,ERR,ERR,ERR,ERR,ERR,ERR,ERR,ERR,ERR,ERR,ERR,ERR,ERR,ERR,ERR,ERR,ERR,ERR,ERR,ERR,ERR,ERR,ERR,ERR,ERR,ERR,ERR,ERR,ERR,ERR,ERR,ERR,ERR,ERR,ERR,ERR,ERR,ERR,ERR,ERR,ERR,ERR,ERR,ERR,ERR,ERR,ERR,ERR,ERR,ERR,ERR,ERR,ERR,ERR,ERR,ERR,ERR,ERR,ERR,ERR,ERR,ERR,ERR,ERR,ERR,ERR,ERR,ERR,ERR,ERR,ERR,ERR,ERR,ERR,ERR,ERR,ERR,ERR,ERR,ERR,ERR,ERR,ERR,ERR,ERR,ERR,ERR,ERR,ERR,ERR,ERR,ERR,ERR,ERR,ERR,ERR,ERR,ERR,ERR,ERR,ERR,ERR,ERR,ERR,ERR,ERR,0.0,-107615288.0,-0.0,0.0,0.0,1.3936040501711995e+18,7.805,0.0,0,0,4,0,8422,0.0,45,0.0,0.0,0.0,0.0,0.0,0,0,0,0,0.0,0,0,0,0,0,0,0,0,0,0,0,0,0,0,0,0,0,0,0,0,0,0,0,0,0,0,0,0,0,0,0,0,0,38,14,7,45,65476,0,300,0,0,8,21553,0.0,-107605600.0,0.0,0.0,0.0,0.0,0.0,0.0,0.0,0.0,0.0,0.0,0.0,0.0,0.0,0.0,0.0,0.0,0.0,0.0,0.0,0.0,0.0,-2.004,-0.0,0.0,0.0,0.0,0.0,0.0,5069.0,2.422988480993034e+24,0.0,0.0,-107615288.0,0.0,-0.0,0.0,0.0,0.0,0.0,53,2.3088403658719416e+20,0.0,0.0,0.0,0.0,0.0,0.0,0.0,0.0,0,0,0,0.0,0.0,0.0,0.0,0.0,0.0,0.0,0.0,0.0,0.0,0.0,0.0,0.0,0.0,0.0,0.0,0,-107875648.0,53,0.0,106,-107614832.0,-107350944.0,ERR,ERR,ERR,ERR,ERR,ERR,ERR,ERR,ERR,ERR,ERR,ERR,ERR,ERR,ERR,ERR,ERR,ERR,ERR,ERR,ERR,ERR,ERR,ERR,ERR,ERR,ERR,ERR,ERR,ERR,ERR,ERR,ERR,ERR,ERR,ERR,ERR,ERR,ERR,ERR,ERR,ERR,ERR,ERR,ERR,ERR,ERR,ERR,ERR,ERR,ERR,ERR,ERR,ERR,ERR,ERR,ERR,ERR,ERR,ERR,ERR,ERR,ERR,ERR,ERR,ERR,ERR,50.0,60.0,100,0.0,0.0,0.0,0.0,0.0,0.0,0.0,0.0,0.0,0.0,0.0,0.0,0.0,0.0,0.0,0.0,61.6,65,20,65521,50,65476,0,300,0,0,8,20529,65476,0,0,26214,60.0,0.0,0.0,0.0,0.0,0.0
2026-05-17T16:26:26,ERR,ERR,ERR,ERR,ERR,ERR,ERR,ERR,ERR,ERR,ERR,ERR,ERR,ERR,ERR,ERR,ERR,ERR,ERR,ERR,ERR,ERR,ERR,ERR,ERR,ERR,ERR,ERR,ERR,ERR,ERR,ERR,ERR,ERR,ERR,ERR,ERR,ERR,ERR,ERR,ERR,ERR,ERR,ERR,ERR,ERR,ERR,ERR,ERR,ERR,ERR,ERR,ERR,ERR,ERR,ERR,ERR,ERR,ERR,ERR,ERR,ERR,ERR,ERR,ERR,ERR,ERR,ERR,ERR,ERR,ERR,ERR,ERR,ERR,ERR,ERR,ERR,ERR,ERR,ERR,ERR,ERR,ERR,ERR,ERR,ERR,ERR,ERR,ERR,ERR,ERR,ERR,ERR,ERR,ERR,ERR,ERR,ERR,ERR,ERR,ERR,ERR,ERR,ERR,ERR,ERR,ERR,ERR,ERR,ERR,ERR,ERR,ERR,ERR,ERR,ERR,ERR,ERR,ERR,ERR,ERR,ERR,ERR,ERR,ERR,0.0,-107615288.0,-0.0,0.0,0.0,1.3936040501711995e+18,7.805,0.0,0,0,4,0,8422,0.0,45,0.0,0.0,0.0,0.0,0.0,0,0,0,0,0.0,0,0,0,0,0,0,0,0,0,0,0,0,0,0,0,0,0,0,0,0,0,0,0,0,0,0,0,0,0,0,0,0,0,38,14,7,45,65476,0,300,0,0,8,21553,0.0,-107605600.0,0.0,0.0,0.0,0.0,0.0,0.0,0.0,0.0,0.0,0.0,0.0,0.0,0.0,0.0,0.0,0.0,0.0,0.0,0.0,0.0,0.0,-2.004,-0.0,0.0,0.0,0.0,0.0,0.0,5069.0,2.422988480993034e+24,0.0,0.0,-107615288.0,0.0,-0.0,0.0,0.0,0.0,0.0,53,2.3088403658719416e+20,0.0,0.0,0.0,0.0,0.0,0.0,0.0,0.0,0,0,0,0.0,0.0,0.0,0.0,0.0,0.0,0.0,0.0,0.0,0.0,0.0,0.0,0.0,0.0,0.0,0.0,0,-107875648.0,53,0.0,106,-107614832.0,-107350944.0,ERR,ERR,ERR,ERR,ERR,ERR,ERR,ERR,ERR,ERR,ERR,ERR,ERR,ERR,ERR,ERR,ERR,ERR,ERR,ERR,ERR,ERR,ERR,ERR,ERR,ERR,ERR,ERR,ERR,ERR,ERR,ERR,ERR,ERR,ERR,ERR,ERR,ERR,ERR,ERR,ERR,ERR,ERR,ERR,ERR,ERR,ERR,ERR,ERR,ERR,ERR,ERR,ERR,ERR,ERR,ERR,ERR,ERR,ERR,ERR,ERR,ERR,ERR,ERR,ERR,ERR,ERR,50.0,60.0,100,0.0,0.0,0.0,0.0,0.0,0.0,0.0,0.0,0.0,0.0,0.0,0.0,0.0,0.0,0.0,0.0,61.6,65,20,65521,50,65476,0,300,0,0,8,20529,65476,0,0,26214,60.0,0.0,0.0,0.0,0.0,0.0
2026-05-17T16:26:27,ERR,ERR,ERR,ERR,ERR,ERR,ERR,ERR,ERR,ERR,ERR,ERR,ERR,ERR,ERR,ERR,ERR,ERR,ERR,ERR,ERR,ERR,ERR,ERR,ERR,ERR,ERR,ERR,ERR,ERR,ERR,ERR,ERR,ERR,ERR,ERR,ERR,ERR,ERR,ERR,ERR,ERR,ERR,ERR,ERR,ERR,ERR,ERR,ERR,ERR,ERR,ERR,ERR,ERR,ERR,ERR,ERR,ERR,ERR,ERR,ERR,ERR,ERR,ERR,ERR,ERR,ERR,ERR,ERR,ERR,ERR,ERR,ERR,ERR,ERR,ERR,ERR,ERR,ERR,ERR,ERR,ERR,ERR,ERR,ERR,ERR,ERR,ERR,ERR,ERR,ERR,ERR,ERR,ERR,ERR,ERR,ERR,ERR,ERR,ERR,ERR,ERR,ERR,ERR,ERR,ERR,ERR,ERR,ERR,ERR,ERR,ERR,ERR,ERR,ERR,ERR,ERR,ERR,ERR,ERR,ERR,ERR,ERR,ERR,ERR,0.0,-107615288.0,-0.0,0.0,0.0,1.3936040501711995e+18,7.805,0.0,0,0,4,0,8422,0.0,45,0.0,0.0,0.0,0.0,0.0,0,0,0,0,0.0,0,0,0,0,0,0,0,0,0,0,0,0,0,0,0,0,0,0,0,0,0,0,0,0,0,0,0,0,0,0,0,0,0,38,14,7,45,65476,0,300,0,0,8,21553,0.0,-107605600.0,0.0,0.0,0.0,0.0,0.0,0.0,0.0,0.0,0.0,0.0,0.0,0.0,0.0,0.0,0.0,0.0,0.0,0.0,0.0,0.0,0.0,-2.004,-0.0,0.0,0.0,0.0,0.0,0.0,5069.0,2.422988480993034e+24,0.0,0.0,-107615288.0,0.0,-0.0,0.0,0.0,0.0,0.0,53,2.3088403658719416e+20,0.0,0.0,0.0,0.0,0.0,0.0,0.0,0.0,0,0,0,0.0,0.0,0.0,0.0,0.0,0.0,0.0,0.0,0.0,0.0,0.0,0.0,0.0,0.0,0.0,0.0,0,-107875648.0,53,0.0,106,-107614832.0,-107350944.0,ERR,ERR,ERR,ERR,ERR,ERR,ERR,ERR,ERR,ERR,ERR,ERR,ERR,ERR,ERR,ERR,ERR,ERR,ERR,ERR,ERR,ERR,ERR,ERR,ERR,ERR,ERR,ERR,ERR,ERR,ERR,ERR,ERR,ERR,ERR,ERR,ERR,ERR,ERR,ERR,ERR,ERR,ERR,ERR,ERR,ERR,ERR,ERR,ERR,ERR,ERR,ERR,ERR,ERR,ERR,ERR,ERR,ERR,ERR,ERR,ERR,ERR,ERR,ERR,ERR,ERR,ERR,50.0,60.0,100,0.0,0.0,0.0,0.0,0.0,0.0,0.0,0.0,0.0,0.0,0.0,0.0,0.0,0.0,0.0,0.0,61.6,65,20,65521,50,65476,0,300,0,0,8,20529,65476,0,0,26214,60.0,0.0,0.0,0.0,0.0,0.0
2026-05-17T16:26:28,ERR,ERR,ERR,ERR,ERR,ERR,ERR,ERR,ERR,ERR,ERR,ERR,ERR,ERR,ERR,ERR,ERR,ERR,ERR,ERR,ERR,ERR,ERR,ERR,ERR,ERR,ERR,ERR,ERR,ERR,ERR,ERR,ERR,ERR,ERR,ERR,ERR,ERR,ERR,ERR,ERR,ERR,ERR,ERR,ERR,ERR,ERR,ERR,ERR,ERR,ERR,ERR,ERR,ERR,ERR,ERR,ERR,ERR,ERR,ERR,ERR,ERR,ERR,ERR,ERR,ERR,ERR,ERR,ERR,ERR,ERR,ERR,ERR,ERR,ERR,ERR,ERR,ERR,ERR,ERR,ERR,ERR,ERR,ERR,ERR,ERR,ERR,ERR,ERR,ERR,ERR,ERR,ERR,ERR,ERR,ERR,ERR,ERR,ERR,ERR,ERR,ERR,ERR,ERR,ERR,ERR,ERR,ERR,ERR,ERR,ERR,ERR,ERR,ERR,ERR,ERR,ERR,ERR,ERR,ERR,ERR,ERR,ERR,ERR,ERR,0.0,-107615288.0,-0.0,0.0,0.0,1.3936040501711995e+18,7.805,0.0,0,0,4,0,8422,0.0,45,0.0,0.0,0.0,0.0,0.0,0,0,0,0,0.0,0,0,0,0,0,0,0,0,0,0,0,0,0,0,0,0,0,0,0,0,0,0,0,0,0,0,0,0,0,0,0,0,0,38,14,7,45,65476,0,300,0,0,8,21553,0.0,-107605600.0,0.0,0.0,0.0,0.0,0.0,0.0,0.0,0.0,0.0,0.0,0.0,0.0,0.0,0.0,0.0,0.0,0.0,0.0,0.0,0.0,0.0,-2.004,-0.0,0.0,0.0,0.0,0.0,0.0,5069.0,-0.0,0.0,0.0,-107615288.0,0.0,-0.0,0.0,0.0,0.0,0.0,53,126841110528.0,0.0,0.0,0.0,0.0,0.0,0.0,0.0,0.0,0,0,0,0.0,0.0,0.0,0.0,0.0,0.0,0.0,0.0,0.0,0.0,0.0,0.0,0.0,0.0,0.0,0.0,0,-107875648.0,53,0.0,106,-107614832.0,-107350944.0,ERR,ERR,ERR,ERR,ERR,ERR,ERR,ERR,ERR,ERR,ERR,ERR,ERR,ERR,ERR,ERR,ERR,ERR,ERR,ERR,ERR,ERR,ERR,ERR,ERR,ERR,ERR,ERR,ERR,ERR,ERR,ERR,ERR,ERR,ERR,ERR,ERR,ERR,ERR,ERR,ERR,ERR,ERR,ERR,ERR,ERR,ERR,ERR,ERR,ERR,ERR,ERR,ERR,ERR,ERR,ERR,ERR,ERR,ERR,ERR,ERR,ERR,ERR,ERR,ERR,ERR,ERR,50.0,60.0,100,0.0,0.0,0.0,0.0,0.0,0.0,0.0,0.0,0.0,0.0,0.0,0.0,0.0,0.0,0.0,0.0,61.6,65,20,65521,50,65476,0,300,0,0,8,20529,65476,0,0,26214,60.0,0.0,0.0,0.0,0.0,0.0
2026-05-17T16:26:29,ERR,ERR,ERR,ERR,ERR,ERR,ERR,ERR,ERR,ERR,ERR,ERR,ERR,ERR,ERR,ERR,ERR,ERR,ERR,ERR,ERR,ERR,ERR,ERR,ERR,ERR,ERR,ERR,ERR,ERR,ERR,ERR,ERR,ERR,ERR,ERR,ERR,ERR,ERR,ERR,ERR,ERR,ERR,ERR,ERR,ERR,ERR,ERR,ERR,ERR,ERR,ERR,ERR,ERR,ERR,ERR,ERR,ERR,ERR,ERR,ERR,ERR,ERR,ERR,ERR,ERR,ERR,ERR,ERR,ERR,ERR,ERR,ERR,ERR,ERR,ERR,ERR,ERR,ERR,ERR,ERR,ERR,ERR,ERR,ERR,ERR,ERR,ERR,ERR,ERR,ERR,ERR,ERR,ERR,ERR,ERR,ERR,ERR,ERR,ERR,ERR,ERR,ERR,ERR,ERR,ERR,ERR,ERR,ERR,ERR,ERR,ERR,ERR,ERR,ERR,ERR,ERR,ERR,ERR,ERR,ERR,ERR,ERR,ERR,ERR,0.0,-107615288.0,-0.0,0.0,0.0,1.3936040501711995e+18,7.805,0.0,0,0,4,0,8422,0.0,45,0.0,0.0,0.0,0.0,0.0,0,0,0,0,0.0,0,0,0,0,0,0,0,0,0,0,0,0,0,0,0,0,0,0,0,0,0,0,0,0,0,0,0,0,0,0,0,0,0,38,14,7,45,65476,0,300,0,0,8,21553,0.0,-107605600.0,0.0,0.0,0.0,0.0,0.0,0.0,0.0,0.0,0.0,0.0,0.0,0.0,0.0,0.0,0.0,0.0,0.0,0.0,0.0,0.0,0.0,-2.004,-0.0,0.0,0.0,0.0,0.0,0.0,5069.0,-0.0,0.0,0.0,-107615288.0,0.0,-0.0,0.0,0.0,0.0,0.0,53,126841110528.0,0.0,0.0,0.0,0.0,0.0,0.0,0.0,0.0,0,0,0,0.0,0.0,0.0,0.0,0.0,0.0,0.0,0.0,0.0,0.0,0.0,0.0,0.0,0.0,0.0,0.0,0,-107875648.0,53,0.0,106,-107614832.0,-107350944.0,ERR,ERR,ERR,ERR,ERR,ERR,ERR,ERR,ERR,ERR,ERR,ERR,ERR,ERR,ERR,ERR,ERR,ERR,ERR,ERR,ERR,ERR,ERR,ERR,ERR,ERR,ERR,ERR,ERR,ERR,ERR,ERR,ERR,ERR,ERR,ERR,ERR,ERR,ERR,ERR,ERR,ERR,ERR,ERR,ERR,ERR,ERR,ERR,ERR,ERR,ERR,ERR,ERR,ERR,ERR,ERR,ERR,ERR,ERR,ERR,ERR,ERR,ERR,ERR,ERR,ERR,ERR,50.0,60.0,100,0.0,0.0,0.0,0.0,0.0,0.0,0.0,0.0,0.0,0.0,0.0,0.0,0.0,0.0,0.0,0.0,61.6,65,20,65521,50,65476,0,300,0,0,8,20529,65476,0,0,26214,60.0,0.0,0.0,0.0,0.0,0.0
2026-05-17T16:26:30,ERR,ERR,ERR,ERR,ERR,ERR,ERR,ERR,ERR,ERR,ERR,ERR,ERR,ERR,ERR,ERR,ERR,ERR,ERR,ERR,ERR,ERR,ERR,ERR,ERR,ERR,ERR,ERR,ERR,ERR,ERR,ERR,ERR,ERR,ERR,ERR,ERR,ERR,ERR,ERR,ERR,ERR,ERR,ERR,ERR,ERR,ERR,ERR,ERR,ERR,ERR,ERR,ERR,ERR,ERR,ERR,ERR,ERR,ERR,ERR,ERR,ERR,ERR,ERR,ERR,ERR,ERR,ERR,ERR,ERR,ERR,ERR,ERR,ERR,ERR,ERR,ERR,ERR,ERR,ERR,ERR,ERR,ERR,ERR,ERR,ERR,ERR,ERR,ERR,ERR,ERR,ERR,ERR,ERR,ERR,ERR,ERR,ERR,ERR,ERR,ERR,ERR,ERR,ERR,ERR,ERR,ERR,ERR,ERR,ERR,ERR,ERR,ERR,ERR,ERR,ERR,ERR,ERR,ERR,ERR,ERR,ERR,ERR,ERR,ERR,0.0,-107615288.0,-0.0,0.0,0.0,1.3936040501711995e+18,7.805,0.0,0,0,4,0,8422,0.0,45,0.0,0.0,0.0,0.0,0.0,0,0,0,0,0.0,0,0,0,0,0,0,0,0,0,0,0,0,0,0,0,0,0,0,0,0,0,0,0,0,0,0,0,0,0,0,0,0,0,38,14,7,45,65476,0,300,0,0,8,21553,0.0,-107605600.0,0.0,0.0,0.0,0.0,0.0,0.0,0.0,0.0,0.0,0.0,0.0,0.0,0.0,0.0,0.0,0.0,0.0,0.0,0.0,0.0,0.0,-2.004,-0.0,0.0,0.0,0.0,0.0,0.0,5069.0,-0.0,0.0,0.0,-107615288.0,0.0,-0.0,0.0,0.0,0.0,0.0,53,126841110528.0,0.0,0.0,0.0,0.0,0.0,0.0,0.0,0.0,0,0,0,0.0,0.0,0.0,0.0,0.0,0.0,0.0,0.0,0.0,0.0,0.0,0.0,0.0,0.0,0.0,0.0,0,-107875648.0,53,0.0,106,-107614832.0,-107350944.0,ERR,ERR,ERR,ERR,ERR,ERR,ERR,ERR,ERR,ERR,ERR,ERR,ERR,ERR,ERR,ERR,ERR,ERR,ERR,ERR,ERR,ERR,ERR,ERR,ERR,ERR,ERR,ERR,ERR,ERR,ERR,ERR,ERR,ERR,ERR,ERR,ERR,ERR,ERR,ERR,ERR,ERR,ERR,ERR,ERR,ERR,ERR,ERR,ERR,ERR,ERR,ERR,ERR,ERR,ERR,ERR,ERR,ERR,ERR,ERR,ERR,ERR,ERR,ERR,ERR,ERR,ERR,50.0,60.0,100,0.0,0.0,0.0,0.0,0.0,0.0,0.0,0.0,0.0,0.0,0.0,0.0,0.0,0.0,0.0,0.0,61.6,65,20,65521,50,65476,0,300,0,0,8,20529,65476,0,0,26214,60.0,0.0,0.0,0.0,0.0,0.0
2026-05-17T16:26:31,ERR,ERR,ERR,ERR,ERR,ERR,ERR,ERR,ERR,ERR,ERR,ERR,ERR,ERR,ERR,ERR,ERR,ERR,ERR,ERR,ERR,ERR,ERR,ERR,ERR,ERR,ERR,ERR,ERR,ERR,ERR,ERR,ERR,ERR,ERR,ERR,ERR,ERR,ERR,ERR,ERR,ERR,ERR,ERR,ERR,ERR,ERR,ERR,ERR,ERR,ERR,ERR,ERR,ERR,ERR,ERR,ERR,ERR,ERR,ERR,ERR,ERR,ERR,ERR,ERR,ERR,ERR,ERR,ERR,ERR,ERR,ERR,ERR,ERR,ERR,ERR,ERR,ERR,ERR,ERR,ERR,ERR,ERR,ERR,ERR,ERR,ERR,ERR,ERR,ERR,ERR,ERR,ERR,ERR,ERR,ERR,ERR,ERR,ERR,ERR,ERR,ERR,ERR,ERR,ERR,ERR,ERR,ERR,ERR,ERR,ERR,ERR,ERR,ERR,ERR,ERR,ERR,ERR,ERR,ERR,ERR,ERR,ERR,ERR,ERR,0.0,-107615288.0,-0.0,0.0,0.0,1.3936040501711995e+18,7.805,0.0,0,0,4,0,8422,0.0,45,0.0,0.0,0.0,0.0,0.0,0,0,0,0,0.0,0,0,0,0,0,0,0,0,0,0,0,0,0,0,0,0,0,0,0,0,0,0,0,0,0,0,0,0,0,0,0,0,0,38,14,7,45,65476,0,300,0,0,8,21553,0.0,-107605600.0,0.0,0.0,0.0,0.0,0.0,0.0,0.0,0.0,0.0,0.0,0.0,0.0,0.0,0.0,0.0,0.0,0.0,0.0,0.0,0.0,0.0,-2.004,-0.0,0.0,0.0,0.0,0.0,0.0,5069.0,-0.0,0.0,0.0,-107615288.0,0.0,-0.0,0.0,0.0,0.0,0.0,53,126841110528.0,0.0,0.0,0.0,0.0,0.0,0.0,0.0,0.0,0,0,0,0.0,0.0,0.0,0.0,0.0,0.0,0.0,0.0,0.0,0.0,0.0,0.0,0.0,0.0,0.0,0.0,0,-107875648.0,53,0.0,106,-107614832.0,-107350944.0,ERR,ERR,ERR,ERR,ERR,ERR,ERR,ERR,ERR,ERR,ERR,ERR,ERR,ERR,ERR,ERR,ERR,ERR,ERR,ERR,ERR,ERR,ERR,ERR,ERR,ERR,ERR,ERR,ERR,ERR,ERR,ERR,ERR,ERR,ERR,ERR,ERR,ERR,ERR,ERR,ERR,ERR,ERR,ERR,ERR,ERR,ERR,ERR,ERR,ERR,ERR,ERR,ERR,ERR,ERR,ERR,ERR,ERR,ERR,ERR,ERR,ERR,ERR,ERR,ERR,ERR,ERR,50.0,60.0,100,0.0,0.0,0.0,0.0,0.0,0.0,0.0,0.0,0.0,0.0,0.0,0.0,0.0,0.0,0.0,0.0,61.6,65,20,65521,50,65476,0,300,0,0,8,20529,65476,0,0,26214,60.0,0.0,0.0,0.0,0.0,0.0
2026-05-17T16:26:32,ERR,ERR,ERR,ERR,ERR,ERR,ERR,ERR,ERR,ERR,ERR,ERR,ERR,ERR,ERR,ERR,ERR,ERR,ERR,ERR,ERR,ERR,ERR,ERR,ERR,ERR,ERR,ERR,ERR,ERR,ERR,ERR,ERR,ERR,ERR,ERR,ERR,ERR,ERR,ERR,ERR,ERR,ERR,ERR,ERR,ERR,ERR,ERR,ERR,ERR,ERR,ERR,ERR,ERR,ERR,ERR,ERR,ERR,ERR,ERR,ERR,ERR,ERR,ERR,ERR,ERR,ERR,ERR,ERR,ERR,ERR,ERR,ERR,ERR,ERR,ERR,ERR,ERR,ERR,ERR,ERR,ERR,ERR,ERR,ERR,ERR,ERR,ERR,ERR,ERR,ERR,ERR,ERR,ERR,ERR,ERR,ERR,ERR,ERR,ERR,ERR,ERR,ERR,ERR,ERR,ERR,ERR,ERR,ERR,ERR,ERR,ERR,ERR,ERR,ERR,ERR,ERR,ERR,ERR,ERR,ERR,ERR,ERR,ERR,ERR,0.0,-107615288.0,-0.0,0.0,0.0,1.3936040501711995e+18,7.805,0.0,0,0,4,0,8422,0.0,45,0.0,0.0,0.0,0.0,0.0,0,0,0,0,0.0,0,0,0,0,0,0,0,0,0,0,0,0,0,0,0,0,0,0,0,0,0,0,0,0,0,0,0,0,0,0,0,0,0,38,14,7,45,65476,0,300,0,0,8,21553,0.0,-107605600.0,0.0,0.0,0.0,0.0,0.0,0.0,0.0,0.0,0.0,0.0,0.0,0.0,0.0,0.0,0.0,0.0,0.0,0.0,0.0,0.0,0.0,-2.004,-0.0,0.0,0.0,0.0,0.0,0.0,5069.0,-0.0,0.0,0.0,-107615288.0,0.0,-0.0,0.0,0.0,0.0,0.0,53,126841110528.0,0.0,0.0,0.0,0.0,0.0,0.0,0.0,0.0,0,0,0,0.0,0.0,0.0,0.0,0.0,0.0,0.0,0.0,0.0,0.0,0.0,0.0,0.0,0.0,0.0,0.0,0,-107875648.0,53,0.0,106,-107614832.0,-107350944.0,ERR,ERR,ERR,ERR,ERR,ERR,ERR,ERR,ERR,ERR,ERR,ERR,ERR,ERR,ERR,ERR,ERR,ERR,ERR,ERR,ERR,ERR,ERR,ERR,ERR,ERR,ERR,ERR,ERR,ERR,ERR,ERR,ERR,ERR,ERR,ERR,ERR,ERR,ERR,ERR,ERR,ERR,ERR,ERR,ERR,ERR,ERR,ERR,ERR,ERR,ERR,ERR,ERR,ERR,ERR,ERR,ERR,ERR,ERR,ERR,ERR,ERR,ERR,ERR,ERR,ERR,ERR,50.0,60.0,100,0.0,0.0,0.0,0.0,0.0,0.0,0.0,0.0,0.0,0.0,0.0,0.0,0.0,0.0,0.0,0.0,61.6,65,20,65521,50,65476,0,300,0,0,8,20529,65476,0,0,26214,60.0,0.0,0.0,0.0,0.0,0.0
2026-05-17T16:26:33,ERR,ERR,ERR,ERR,ERR,ERR,ERR,ERR,ERR,ERR,ERR,ERR,ERR,ERR,ERR,ERR,ERR,ERR,ERR,ERR,ERR,ERR,ERR,ERR,ERR,ERR,ERR,ERR,ERR,ERR,ERR,ERR,ERR,ERR,ERR,ERR,ERR,ERR,ERR,ERR,ERR,ERR,ERR,ERR,ERR,ERR,ERR,ERR,ERR,ERR,ERR,ERR,ERR,ERR,ERR,ERR,ERR,ERR,ERR,ERR,ERR,ERR,ERR,ERR,ERR,ERR,ERR,ERR,ERR,ERR,ERR,ERR,ERR,ERR,ERR,ERR,ERR,ERR,ERR,ERR,ERR,ERR,ERR,ERR,ERR,ERR,ERR,ERR,ERR,ERR,ERR,ERR,ERR,ERR,ERR,ERR,ERR,ERR,ERR,ERR,ERR,ERR,ERR,ERR,ERR,ERR,ERR,ERR,ERR,ERR,ERR,ERR,ERR,ERR,ERR,ERR,ERR,ERR,ERR,ERR,ERR,ERR,ERR,ERR,ERR,0.0,-107615288.0,-0.0,0.0,0.0,1.3936040501711995e+18,7.805,0.0,0,0,4,0,8422,0.0,45,0.0,0.0,0.0,0.0,0.0,0,0,0,0,0.0,0,0,0,0,0,0,0,0,0,0,0,0,0,0,0,0,0,0,0,0,0,0,0,0,0,0,0,0,0,0,0,0,0,38,14,7,45,65476,0,300,0,0,8,21553,0.0,-107605600.0,0.0,0.0,0.0,0.0,0.0,0.0,0.0,0.0,0.0,0.0,0.0,0.0,-2.596148429267414e+33,0.0,0.0,0.0,0.0,0.0,0.0,0.0,0.0,-2.004,-0.0,0.0,0.0,0.0,0.0,0.0,5070.0,1.04066562844498e+34,0.0,0.0,-107615288.0,0.0,-0.0,0.0,0.0,0.0,0.0,53,152018454839296.0,-2.3088284031854313e+20,0.0,0.0,0.0,0.0,0.0,0.0,0.0,0,0,0,0.0,0.0,0.0,0.0,0.0,0.0,0.0,0.0,0.0,0.0,0.0,0.0,0.0,0.0,0.0,0.0,0,-107875648.0,53,0.0,106,-107614832.0,-107350944.0,ERR,ERR,ERR,ERR,ERR,ERR,ERR,ERR,ERR,ERR,ERR,ERR,ERR,ERR,ERR,ERR,ERR,ERR,ERR,ERR,ERR,ERR,ERR,ERR,ERR,ERR,ERR,ERR,ERR,ERR,ERR,ERR,ERR,ERR,ERR,ERR,ERR,ERR,ERR,ERR,ERR,ERR,ERR,ERR,ERR,ERR,ERR,ERR,ERR,ERR,ERR,ERR,ERR,ERR,ERR,ERR,ERR,ERR,ERR,ERR,ERR,ERR,ERR,ERR,ERR,ERR,ERR,50.0,60.0,100,0.0,0.0,0.0,0.0,0.0,0.0,0.0,0.0,0.0,0.0,0.0,0.0,0.0,0.0,0.0,0.0,61.6,65,20,65521,50,65476,0,300,0,0,8,20529,65476,0,0,26214,60.0,0.0,0.0,0.0,0.0,0.0
2026-05-17T16:26:34,ERR,ERR,ERR,ERR,ERR,ERR,ERR,ERR,ERR,ERR,ERR,ERR,ERR,ERR,ERR,ERR,ERR,ERR,ERR,ERR,ERR,ERR,ERR,ERR,ERR,ERR,ERR,ERR,ERR,ERR,ERR,ERR,ERR,ERR,ERR,ERR,ERR,ERR,ERR,ERR,ERR,ERR,ERR,ERR,ERR,ERR,ERR,ERR,ERR,ERR,ERR,ERR,ERR,ERR,ERR,ERR,ERR,ERR,ERR,ERR,ERR,ERR,ERR,ERR,ERR,ERR,ERR,ERR,ERR,ERR,ERR,ERR,ERR,ERR,ERR,ERR,ERR,ERR,ERR,ERR,ERR,ERR,ERR,ERR,ERR,ERR,ERR,ERR,ERR,ERR,ERR,ERR,ERR,ERR,ERR,ERR,ERR,ERR,ERR,ERR,ERR,ERR,ERR,ERR,ERR,ERR,ERR,ERR,ERR,ERR,ERR,ERR,ERR,ERR,ERR,ERR,ERR,ERR,ERR,ERR,ERR,ERR,ERR,ERR,ERR,0.0,-107615288.0,-0.0,0.0,0.0,1.3936040501711995e+18,7.805,0.0,0,0,4,0,8422,0.0,45,0.0,0.0,0.0,0.0,0.0,0,0,0,0,0.0,0,0,0,0,0,0,0,0,0,0,0,0,0,0,0,0,0,0,0,0,0,0,0,0,0,0,0,0,0,0,0,0,0,38,14,7,45,65476,0,300,0,0,8,21553,0.0,-107605600.0,0.0,0.0,0.0,0.0,0.0,0.0,0.0,0.0,0.0,0.0,0.0,0.0,-2.596148429267414e+33,0.0,0.0,0.0,0.0,0.0,0.0,0.0,0.0,-2.004,-0.0,0.0,0.0,0.0,0.0,0.0,5070.0,1.04066562844498e+34,0.0,0.0,-107615288.0,0.0,-0.0,0.0,0.0,0.0,0.0,53,152018454839296.0,-2.3088284031854313e+20,0.0,0.0,0.0,0.0,0.0,0.0,0.0,0,0,0,0.0,0.0,0.0,0.0,0.0,0.0,0.0,0.0,0.0,0.0,0.0,0.0,0.0,0.0,0.0,0.0,0,-107875648.0,53,0.0,106,-107614832.0,-107350944.0,ERR,ERR,ERR,ERR,ERR,ERR,ERR,ERR,ERR,ERR,ERR,ERR,ERR,ERR,ERR,ERR,ERR,ERR,ERR,ERR,ERR,ERR,ERR,ERR,ERR,ERR,ERR,ERR,ERR,ERR,ERR,ERR,ERR,ERR,ERR,ERR,ERR,ERR,ERR,ERR,ERR,ERR,ERR,ERR,ERR,ERR,ERR,ERR,ERR,ERR,ERR,ERR,ERR,ERR,ERR,ERR,ERR,ERR,ERR,ERR,ERR,ERR,ERR,ERR,ERR,ERR,ERR,50.0,60.0,100,0.0,0.0,0.0,0.0,0.0,0.0,0.0,0.0,0.0,0.0,0.0,0.0,0.0,0.0,0.0,0.0,61.6,65,20,65521,50,65476,0,300,0,0,8,20529,65476,0,0,26214,60.0,0.0,0.0,0.0,0.0,0.0
2026-05-17T16:26:35,ERR,ERR,ERR,ERR,ERR,ERR,ERR,ERR,ERR,ERR,ERR,ERR,ERR,ERR,ERR,ERR,ERR,ERR,ERR,ERR,ERR,ERR,ERR,ERR,ERR,ERR,ERR,ERR,ERR,ERR,ERR,ERR,ERR,ERR,ERR,ERR,ERR,ERR,ERR,ERR,ERR,ERR,ERR,ERR,ERR,ERR,ERR,ERR,ERR,ERR,ERR,ERR,ERR,ERR,ERR,ERR,ERR,ERR,ERR,ERR,ERR,ERR,ERR,ERR,ERR,ERR,ERR,ERR,ERR,ERR,ERR,ERR,ERR,ERR,ERR,ERR,ERR,ERR,ERR,ERR,ERR,ERR,ERR,ERR,ERR,ERR,ERR,ERR,ERR,ERR,ERR,ERR,ERR,ERR,ERR,ERR,ERR,ERR,ERR,ERR,ERR,ERR,ERR,ERR,ERR,ERR,ERR,ERR,ERR,ERR,ERR,ERR,ERR,ERR,ERR,ERR,ERR,ERR,ERR,ERR,ERR,ERR,ERR,ERR,ERR,0.0,-107615288.0,-0.0,0.0,0.0,1.3936040501711995e+18,7.805,0.0,0,0,4,0,8422,0.0,45,0.0,0.0,0.0,0.0,0.0,0,0,0,0,0.0,0,0,0,0,0,0,0,0,0,0,0,0,0,0,0,0,0,0,0,0,0,0,0,0,0,0,0,0,0,0,0,0,0,38,14,7,45,65476,0,300,0,0,8,21553,0.0,-107605600.0,0.0,0.0,0.0,0.0,0.0,0.0,0.0,0.0,0.0,0.0,0.0,0.0,-2.596148429267414e+33,0.0,0.0,0.0,0.0,0.0,0.0,0.0,0.0,-2.004,-0.0,0.0,0.0,0.0,0.0,0.0,5070.0,1.04066562844498e+34,0.0,0.0,-107615288.0,0.0,-0.0,0.0,0.0,0.0,0.0,53,152018454839296.0,-2.3088284031854313e+20,0.0,0.0,0.0,0.0,0.0,0.0,0.0,0,0,0,0.0,0.0,0.0,0.0,0.0,0.0,0.0,0.0,0.0,0.0,0.0,0.0,0.0,0.0,0.0,0.0,0,-107875648.0,53,0.0,106,-107614832.0,-107350944.0,ERR,ERR,ERR,ERR,ERR,ERR,ERR,ERR,ERR,ERR,ERR,ERR,ERR,ERR,ERR,ERR,ERR,ERR,ERR,ERR,ERR,ERR,ERR,ERR,ERR,ERR,ERR,ERR,ERR,ERR,ERR,ERR,ERR,ERR,ERR,ERR,ERR,ERR,ERR,ERR,ERR,ERR,ERR,ERR,ERR,ERR,ERR,ERR,ERR,ERR,ERR,ERR,ERR,ERR,ERR,ERR,ERR,ERR,ERR,ERR,ERR,ERR,ERR,ERR,ERR,ERR,ERR,50.0,60.0,100,0.0,0.0,0.0,0.0,0.0,0.0,0.0,0.0,0.0,0.0,0.0,0.0,0.0,0.0,0.0,0.0,61.6,65,20,65521,50,65476,0,300,0,0,8,20529,65476,0,0,26214,60.0,0.0,0.0,0.0,0.0,0.0
2026-05-17T16:26:36,ERR,ERR,ERR,ERR,ERR,ERR,ERR,ERR,ERR,ERR,ERR,ERR,ERR,ERR,ERR,ERR,ERR,ERR,ERR,ERR,ERR,ERR,ERR,ERR,ERR,ERR,ERR,ERR,ERR,ERR,ERR,ERR,ERR,ERR,ERR,ERR,ERR,ERR,ERR,ERR,ERR,ERR,ERR,ERR,ERR,ERR,ERR,ERR,ERR,ERR,ERR,ERR,ERR,ERR,ERR,ERR,ERR,ERR,ERR,ERR,ERR,ERR,ERR,ERR,ERR,ERR,ERR,ERR,ERR,ERR,ERR,ERR,ERR,ERR,ERR,ERR,ERR,ERR,ERR,ERR,ERR,ERR,ERR,ERR,ERR,ERR,ERR,ERR,ERR,ERR,ERR,ERR,ERR,ERR,ERR,ERR,ERR,ERR,ERR,ERR,ERR,ERR,ERR,ERR,ERR,ERR,ERR,ERR,ERR,ERR,ERR,ERR,ERR,ERR,ERR,ERR,ERR,ERR,ERR,ERR,ERR,ERR,ERR,ERR,ERR,0.0,-107615288.0,-0.0,0.0,0.0,1.3936040501711995e+18,7.805,0.0,0,0,4,0,8422,0.0,45,0.0,0.0,0.0,0.0,0.0,0,0,0,0,0.0,0,0,0,0,0,0,0,0,0,0,0,0,0,0,0,0,0,0,0,0,0,0,0,0,0,0,0,0,0,0,0,0,0,38,14,7,45,65476,0,300,0,0,8,21553,0.0,-107605600.0,0.0,0.0,0.0,0.0,0.0,0.0,0.0,0.0,0.0,0.0,0.0,0.0,-2.596148429267414e+33,0.0,0.0,0.0,0.0,0.0,0.0,0.0,0.0,-2.004,-0.0,0.0,0.0,0.0,0.0,0.0,5070.0,1.04066562844498e+34,0.0,0.0,-107615288.0,0.0,-0.0,0.0,0.0,0.0,0.0,53,152018454839296.0,-2.3088284031854313e+20,0.0,0.0,0.0,0.0,0.0,0.0,0.0,0,0,0,0.0,0.0,0.0,0.0,0.0,0.0,0.0,0.0,0.0,0.0,0.0,0.0,0.0,0.0,0.0,0.0,0,-107875648.0,53,0.0,106,-107614832.0,-107350944.0,ERR,ERR,ERR,ERR,ERR,ERR,ERR,ERR,ERR,ERR,ERR,ERR,ERR,ERR,ERR,ERR,ERR,ERR,ERR,ERR,ERR,ERR,ERR,ERR,ERR,ERR,ERR,ERR,ERR,ERR,ERR,ERR,ERR,ERR,ERR,ERR,ERR,ERR,ERR,ERR,ERR,ERR,ERR,ERR,ERR,ERR,ERR,ERR,ERR,ERR,ERR,ERR,ERR,ERR,ERR,ERR,ERR,ERR,ERR,ERR,ERR,ERR,ERR,ERR,ERR,ERR,ERR,50.0,60.0,100,0.0,0.0,0.0,0.0,0.0,0.0,0.0,0.0,0.0,0.0,0.0,0.0,0.0,0.0,0.0,0.0,62.0,65,20,65521,50,65476,0,300,0,0,8,20529,65476,0,0,26214,60.0,0.0,0.0,0.0,0.0,0.0
2026-05-17T16:26:37,ERR,ERR,ERR,ERR,ERR,ERR,ERR,ERR,ERR,ERR,ERR,ERR,ERR,ERR,ERR,ERR,ERR,ERR,ERR,ERR,ERR,ERR,ERR,ERR,ERR,ERR,ERR,ERR,ERR,ERR,ERR,ERR,ERR,ERR,ERR,ERR,ERR,ERR,ERR,ERR,ERR,ERR,ERR,ERR,ERR,ERR,ERR,ERR,ERR,ERR,ERR,ERR,ERR,ERR,ERR,ERR,ERR,ERR,ERR,ERR,ERR,ERR,ERR,ERR,ERR,ERR,ERR,ERR,ERR,ERR,ERR,ERR,ERR,ERR,ERR,ERR,ERR,ERR,ERR,ERR,ERR,ERR,ERR,ERR,ERR,ERR,ERR,ERR,ERR,ERR,ERR,ERR,ERR,ERR,ERR,ERR,ERR,ERR,ERR,ERR,ERR,ERR,ERR,ERR,ERR,ERR,ERR,ERR,ERR,ERR,ERR,ERR,ERR,ERR,ERR,ERR,ERR,ERR,ERR,ERR,ERR,ERR,ERR,ERR,ERR,0.0,-107615288.0,-0.0,0.0,0.0,1.3936040501711995e+18,7.805,0.0,0,0,4,0,8422,0.0,45,0.0,0.0,0.0,0.0,0.0,0,0,0,0,0.0,0,0,0,0,0,0,0,0,0,0,0,0,0,0,0,0,0,0,0,0,0,0,0,0,0,0,0,0,0,0,0,0,0,38,14,7,45,65476,0,300,0,0,8,21553,0.0,-107605600.0,0.0,0.0,0.0,0.0,0.0,0.0,0.0,0.0,0.0,0.0,0.0,0.0,-2.596148429267414e+33,0.0,0.0,0.0,0.0,0.0,0.0,0.0,0.0,-2.004,-0.0,0.0,0.0,0.0,0.0,0.0,5070.0,1.04066562844498e+34,0.0,0.0,-107615288.0,0.0,-0.0,0.0,0.0,0.0,0.0,53,152018454839296.0,-2.3088284031854313e+20,0.0,0.0,0.0,0.0,0.0,0.0,0.0,0,0,0,0.0,0.0,0.0,0.0,0.0,0.0,0.0,0.0,0.0,0.0,0.0,0.0,0.0,0.0,0.0,0.0,0,-107875648.0,53,0.0,106,-107614832.0,-107350944.0,ERR,ERR,ERR,ERR,ERR,ERR,ERR,ERR,ERR,ERR,ERR,ERR,ERR,ERR,ERR,ERR,ERR,ERR,ERR,ERR,ERR,ERR,ERR,ERR,ERR,ERR,ERR,ERR,ERR,ERR,ERR,ERR,ERR,ERR,ERR,ERR,ERR,ERR,ERR,ERR,ERR,ERR,ERR,ERR,ERR,ERR,ERR,ERR,ERR,ERR,ERR,ERR,ERR,ERR,ERR,ERR,ERR,ERR,ERR,ERR,ERR,ERR,ERR,ERR,ERR,ERR,ERR,50.0,60.0,100,0.0,0.0,0.0,0.0,0.0,0.0,0.0,0.0,0.0,0.0,0.0,0.0,0.0,0.0,0.0,0.0,62.0,65,20,65521,50,65476,0,300,0,0,8,20529,65476,0,0,26214,60.0,0.0,0.0,0.0,0.0,0.0
2026-05-17T16:26:38,ERR,ERR,ERR,ERR,ERR,ERR,ERR,ERR,ERR,ERR,ERR,ERR,ERR,ERR,ERR,ERR,ERR,ERR,ERR,ERR,ERR,ERR,ERR,ERR,ERR,ERR,ERR,ERR,ERR,ERR,ERR,ERR,ERR,ERR,ERR,ERR,ERR,ERR,ERR,ERR,ERR,ERR,ERR,ERR,ERR,ERR,ERR,ERR,ERR,ERR,ERR,ERR,ERR,ERR,ERR,ERR,ERR,ERR,ERR,ERR,ERR,ERR,ERR,ERR,ERR,ERR,ERR,ERR,ERR,ERR,ERR,ERR,ERR,ERR,ERR,ERR,ERR,ERR,ERR,ERR,ERR,ERR,ERR,ERR,ERR,ERR,ERR,ERR,ERR,ERR,ERR,ERR,ERR,ERR,ERR,ERR,ERR,ERR,ERR,ERR,ERR,ERR,ERR,ERR,ERR,ERR,ERR,ERR,ERR,ERR,ERR,ERR,ERR,ERR,ERR,ERR,ERR,ERR,ERR,ERR,ERR,ERR,ERR,ERR,ERR,0.0,-107615288.0,-0.0,0.0,0.0,1.3936040501711995e+18,7.805,0.0,0,0,4,0,8422,0.0,45,0.0,0.0,0.0,0.0,0.0,0,0,0,0,0.0,0,0,0,0,0,0,0,0,0,0,0,0,0,0,0,0,0,0,0,0,0,0,0,0,0,0,0,0,0,0,0,0,0,38,14,7,45,65476,0,300,0,0,8,21553,0.0,-107605600.0,0.0,0.0,0.0,0.0,0.0,0.0,0.0,0.0,0.0,0.0,0.0,0.0,0.0,0.0,0.0,0.0,0.0,0.0,0.0,0.0,-2.004,-2.004,-0.0,0.0,0.0,0.0,0.0,0.0,5072.0,-564145967595520.0,0.0,0.0,-107615288.0,0.0,-0.0,0.0,0.0,0.0,0.0,53,1.9056979486756045e+17,2.7184179512210902e+23,0.0,0.0,0.0,0.0,0.0,0.0,0.0,0,0,0,0.0,0.0,0.0,0.0,0.0,0.0,0.0,0.0,0.0,0.0,0.0,0.0,0.0,0.0,0.0,0.0,0,-107875648.0,53,0.0,106,-107614832.0,-107350944.0,ERR,ERR,ERR,ERR,ERR,ERR,ERR,ERR,ERR,ERR,ERR,ERR,ERR,ERR,ERR,ERR,ERR,ERR,ERR,ERR,ERR,ERR,ERR,ERR,ERR,ERR,ERR,ERR,ERR,ERR,ERR,ERR,ERR,ERR,ERR,ERR,ERR,ERR,ERR,ERR,ERR,ERR,ERR,ERR,ERR,ERR,ERR,ERR,ERR,ERR,ERR,ERR,ERR,ERR,ERR,ERR,ERR,ERR,ERR,ERR,ERR,ERR,ERR,ERR,ERR,ERR,ERR,50.0,60.0,100,0.0,0.0,0.0,0.0,0.0,0.0,0.0,0.0,0.0,0.0,0.0,0.0,0.0,0.0,0.0,0.0,61.6,65,20,65521,50,65476,0,300,0,0,8,20529,65476,0,0,26214,60.0,0.0,0.0,0.0,0.0,0.0
2026-05-17T16:26:39,ERR,ERR,ERR,ERR,ERR,ERR,ERR,ERR,ERR,ERR,ERR,ERR,ERR,ERR,ERR,ERR,ERR,ERR,ERR,ERR,ERR,ERR,ERR,ERR,ERR,ERR,ERR,ERR,ERR,ERR,ERR,ERR,ERR,ERR,ERR,ERR,ERR,ERR,ERR,ERR,ERR,ERR,ERR,ERR,ERR,ERR,ERR,ERR,ERR,ERR,ERR,ERR,ERR,ERR,ERR,ERR,ERR,ERR,ERR,ERR,ERR,ERR,ERR,ERR,ERR,ERR,ERR,ERR,ERR,ERR,ERR,ERR,ERR,ERR,ERR,ERR,ERR,ERR,ERR,ERR,ERR,ERR,ERR,ERR,ERR,ERR,ERR,ERR,ERR,ERR,ERR,ERR,ERR,ERR,ERR,ERR,ERR,ERR,ERR,ERR,ERR,ERR,ERR,ERR,ERR,ERR,ERR,ERR,ERR,ERR,ERR,ERR,ERR,ERR,ERR,ERR,ERR,ERR,ERR,ERR,ERR,ERR,ERR,ERR,ERR,0.0,-107615288.0,-0.0,0.0,0.0,1.3936040501711995e+18,7.805,0.0,0,0,4,0,8422,0.0,45,0.0,0.0,0.0,0.0,0.0,0,0,0,0,0.0,0,0,0,0,0,0,0,0,0,0,0,0,0,0,0,0,0,0,0,0,0,0,0,0,0,0,0,0,0,0,0,0,0,38,14,7,45,65476,0,300,0,0,8,21553,0.0,-107605600.0,0.0,0.0,0.0,0.0,0.0,0.0,0.0,0.0,0.0,0.0,0.0,0.0,0.0,0.0,0.0,0.0,0.0,0.0,0.0,0.0,-2.004,-2.004,-0.0,0.0,0.0,0.0,0.0,0.0,5072.0,-564145967595520.0,0.0,0.0,-107615288.0,0.0,-0.0,0.0,0.0,0.0,0.0,53,1.9056979486756045e+17,2.7184179512210902e+23,0.0,0.0,0.0,0.0,0.0,0.0,0.0,0,0,0,0.0,0.0,0.0,0.0,0.0,0.0,0.0,0.0,0.0,0.0,0.0,0.0,0.0,0.0,0.0,0.0,0,-107875648.0,53,0.0,106,-107614832.0,-107350944.0,ERR,ERR,ERR,ERR,ERR,ERR,ERR,ERR,ERR,ERR,ERR,ERR,ERR,ERR,ERR,ERR,ERR,ERR,ERR,ERR,ERR,ERR,ERR,ERR,ERR,ERR,ERR,ERR,ERR,ERR,ERR,ERR,ERR,ERR,ERR,ERR,ERR,ERR,ERR,ERR,ERR,ERR,ERR,ERR,ERR,ERR,ERR,ERR,ERR,ERR,ERR,ERR,ERR,ERR,ERR,ERR,ERR,ERR,ERR,ERR,ERR,ERR,ERR,ERR,ERR,ERR,ERR,50.0,60.0,100,0.0,0.0,0.0,0.0,0.0,0.0,0.0,0.0,0.0,0.0,0.0,0.0,0.0,0.0,0.0,0.0,61.6,65,20,65521,50,65476,0,300,0,0,8,20529,65476,0,0,26214,60.0,0.0,0.0,0.0,0.0,0.0
2026-05-17T16:26:40,ERR,ERR,ERR,ERR,ERR,ERR,ERR,ERR,ERR,ERR,ERR,ERR,ERR,ERR,ERR,ERR,ERR,ERR,ERR,ERR,ERR,ERR,ERR,ERR,ERR,ERR,ERR,ERR,ERR,ERR,ERR,ERR,ERR,ERR,ERR,ERR,ERR,ERR,ERR,ERR,ERR,ERR,ERR,ERR,ERR,ERR,ERR,ERR,ERR,ERR,ERR,ERR,ERR,ERR,ERR,ERR,ERR,ERR,ERR,ERR,ERR,ERR,ERR,ERR,ERR,ERR,ERR,ERR,ERR,ERR,ERR,ERR,ERR,ERR,ERR,ERR,ERR,ERR,ERR,ERR,ERR,ERR,ERR,ERR,ERR,ERR,ERR,ERR,ERR,ERR,ERR,ERR,ERR,ERR,ERR,ERR,ERR,ERR,ERR,ERR,ERR,ERR,ERR,ERR,ERR,ERR,ERR,ERR,ERR,ERR,ERR,ERR,ERR,ERR,ERR,ERR,ERR,ERR,ERR,ERR,ERR,ERR,ERR,ERR,ERR,0.0,-107615288.0,-0.0,0.0,0.0,1.3936040501711995e+18,7.805,0.0,0,0,4,0,8422,0.0,45,0.0,0.0,0.0,0.0,0.0,0,0,0,0,0.0,0,0,0,0,0,0,0,0,0,0,0,0,0,0,0,0,0,0,0,0,0,0,0,0,0,0,0,0,0,0,0,0,0,38,14,7,45,65476,0,300,0,0,8,21553,0.0,-107605600.0,0.0,0.0,0.0,0.0,0.0,0.0,0.0,0.0,0.0,0.0,0.0,0.0,0.0,0.0,0.0,0.0,0.0,0.0,0.0,0.0,-2.004,-2.004,-0.0,0.0,0.0,0.0,0.0,0.0,5072.0,-564145967595520.0,0.0,0.0,-107615288.0,0.0,-0.0,0.0,0.0,0.0,0.0,53,1.9056979486756045e+17,2.7184179512210902e+23,0.0,0.0,0.0,0.0,0.0,0.0,0.0,0,0,0,0.0,0.0,0.0,0.0,0.0,0.0,0.0,0.0,0.0,0.0,0.0,0.0,0.0,0.0,0.0,0.0,0,-107875648.0,53,0.0,106,-107614832.0,-107350944.0,ERR,ERR,ERR,ERR,ERR,ERR,ERR,ERR,ERR,ERR,ERR,ERR,ERR,ERR,ERR,ERR,ERR,ERR,ERR,ERR,ERR,ERR,ERR,ERR,ERR,ERR,ERR,ERR,ERR,ERR,ERR,ERR,ERR,ERR,ERR,ERR,ERR,ERR,ERR,ERR,ERR,ERR,ERR,ERR,ERR,ERR,ERR,ERR,ERR,ERR,ERR,ERR,ERR,ERR,ERR,ERR,ERR,ERR,ERR,ERR,ERR,ERR,ERR,ERR,ERR,ERR,ERR,50.0,60.0,100,0.0,0.0,0.0,0.0,0.0,0.0,0.0,0.0,0.0,0.0,0.0,0.0,0.0,0.0,0.0,0.0,61.6,65,20,65521,50,65476,0,300,0,0,8,20529,65476,0,0,26214,60.0,0.0,0.0,0.0,0.0,0.0
2026-05-17T16:26:41,ERR,ERR,ERR,ERR,ERR,ERR,ERR,ERR,ERR,ERR,ERR,ERR,ERR,ERR,ERR,ERR,ERR,ERR,ERR,ERR,ERR,ERR,ERR,ERR,ERR,ERR,ERR,ERR,ERR,ERR,ERR,ERR,ERR,ERR,ERR,ERR,ERR,ERR,ERR,ERR,ERR,ERR,ERR,ERR,ERR,ERR,ERR,ERR,ERR,ERR,ERR,ERR,ERR,ERR,ERR,ERR,ERR,ERR,ERR,ERR,ERR,ERR,ERR,ERR,ERR,ERR,ERR,ERR,ERR,ERR,ERR,ERR,ERR,ERR,ERR,ERR,ERR,ERR,ERR,ERR,ERR,ERR,ERR,ERR,ERR,ERR,ERR,ERR,ERR,ERR,ERR,ERR,ERR,ERR,ERR,ERR,ERR,ERR,ERR,ERR,ERR,ERR,ERR,ERR,ERR,ERR,ERR,ERR,ERR,ERR,ERR,ERR,ERR,ERR,ERR,ERR,ERR,ERR,ERR,ERR,ERR,ERR,ERR,ERR,ERR,0.0,-107615288.0,-0.0,0.0,0.0,1.3936040501711995e+18,7.805,0.0,0,0,4,0,8422,0.0,45,0.0,0.0,0.0,0.0,0.0,0,0,0,0,0.0,0,0,0,0,0,0,0,0,0,0,0,0,0,0,0,0,0,0,0,0,0,0,0,0,0,0,0,0,0,0,0,0,0,38,14,7,45,65476,0,300,0,0,8,21553,0.0,-107605600.0,0.0,0.0,0.0,0.0,0.0,0.0,0.0,0.0,0.0,0.0,0.0,0.0,0.0,0.0,0.0,0.0,0.0,0.0,0.0,0.0,-2.004,-2.004,-0.0,0.0,0.0,0.0,0.0,0.0,5072.0,-564145967595520.0,0.0,0.0,-107615288.0,0.0,-0.0,0.0,0.0,0.0,0.0,53,1.9056979486756045e+17,2.7184179512210902e+23,0.0,0.0,0.0,0.0,0.0,0.0,0.0,0,0,0,0.0,0.0,0.0,0.0,0.0,0.0,0.0,0.0,0.0,0.0,0.0,0.0,0.0,0.0,0.0,0.0,0,-107875648.0,53,0.0,106,-107614832.0,-107350944.0,ERR,ERR,ERR,ERR,ERR,ERR,ERR,ERR,ERR,ERR,ERR,ERR,ERR,ERR,ERR,ERR,ERR,ERR,ERR,ERR,ERR,ERR,ERR,ERR,ERR,ERR,ERR,ERR,ERR,ERR,ERR,ERR,ERR,ERR,ERR,ERR,ERR,ERR,ERR,ERR,ERR,ERR,ERR,ERR,ERR,ERR,ERR,ERR,ERR,ERR,ERR,ERR,ERR,ERR,ERR,ERR,ERR,ERR,ERR,ERR,ERR,ERR,ERR,ERR,ERR,ERR,ERR,50.0,60.0,100,0.0,0.0,0.0,0.0,0.0,0.0,0.0,0.0,0.0,0.0,0.0,0.0,0.0,0.0,0.0,0.0,62.0,65,20,65521,50,65476,0,300,0,0,8,20529,65476,0,0,26214,60.0,0.0,0.0,0.0,0.0,0.0
2026-05-17T16:26:42,ERR,ERR,ERR,ERR,ERR,ERR,ERR,ERR,ERR,ERR,ERR,ERR,ERR,ERR,ERR,ERR,ERR,ERR,ERR,ERR,ERR,ERR,ERR,ERR,ERR,ERR,ERR,ERR,ERR,ERR,ERR,ERR,ERR,ERR,ERR,ERR,ERR,ERR,ERR,ERR,ERR,ERR,ERR,ERR,ERR,ERR,ERR,ERR,ERR,ERR,ERR,ERR,ERR,ERR,ERR,ERR,ERR,ERR,ERR,ERR,ERR,ERR,ERR,ERR,ERR,ERR,ERR,ERR,ERR,ERR,ERR,ERR,ERR,ERR,ERR,ERR,ERR,ERR,ERR,ERR,ERR,ERR,ERR,ERR,ERR,ERR,ERR,ERR,ERR,ERR,ERR,ERR,ERR,ERR,ERR,ERR,ERR,ERR,ERR,ERR,ERR,ERR,ERR,ERR,ERR,ERR,ERR,ERR,ERR,ERR,ERR,ERR,ERR,ERR,ERR,ERR,ERR,ERR,ERR,ERR,ERR,ERR,ERR,ERR,ERR,0.0,-107615288.0,-0.0,0.0,0.0,1.3936040501711995e+18,7.805,0.0,0,0,4,0,8422,0.0,45,0.0,0.0,0.0,0.0,0.0,0,0,0,0,0.0,0,0,0,0,0,0,0,0,0,0,0,0,0,0,0,0,0,0,0,0,0,0,0,0,0,0,0,0,0,0,0,0,0,38,14,7,45,65476,0,300,0,0,8,21553,0.0,-107605600.0,0.0,0.0,0.0,0.0,0.0,0.0,0.0,0.0,0.0,0.0,0.0,0.0,0.0,0.0,0.0,0.0,0.0,0.0,0.0,0.0,-2.004,-2.004,-0.0,0.0,0.0,0.0,0.0,0.0,5072.0,-564145967595520.0,0.0,0.0,-107615288.0,0.0,-0.0,0.0,0.0,0.0,0.0,53,1.9056979486756045e+17,2.7184179512210902e+23,0.0,0.0,0.0,0.0,0.0,0.0,0.0,0,0,0,0.0,0.0,0.0,0.0,0.0,0.0,0.0,0.0,0.0,0.0,0.0,0.0,0.0,0.0,0.0,0.0,0,-107875648.0,53,0.0,106,-107614832.0,-107350944.0,ERR,ERR,ERR,ERR,ERR,ERR,ERR,ERR,ERR,ERR,ERR,ERR,ERR,ERR,ERR,ERR,ERR,ERR,ERR,ERR,ERR,ERR,ERR,ERR,ERR,ERR,ERR,ERR,ERR,ERR,ERR,ERR,ERR,ERR,ERR,ERR,ERR,ERR,ERR,ERR,ERR,ERR,ERR,ERR,ERR,ERR,ERR,ERR,ERR,ERR,ERR,ERR,ERR,ERR,ERR,ERR,ERR,ERR,ERR,ERR,ERR,ERR,ERR,ERR,ERR,ERR,ERR,50.0,60.0,100,0.0,0.0,0.0,0.0,0.0,0.0,0.0,0.0,0.0,0.0,0.0,0.0,0.0,0.0,0.0,0.0,62.0,65,20,65521,50,65476,0,300,0,0,8,20529,65476,0,0,26214,60.0,0.0,0.0,0.0,0.0,0.0
2026-05-17T16:26:43,ERR,ERR,ERR,ERR,ERR,ERR,ERR,ERR,ERR,ERR,ERR,ERR,ERR,ERR,ERR,ERR,ERR,ERR,ERR,ERR,ERR,ERR,ERR,ERR,ERR,ERR,ERR,ERR,ERR,ERR,ERR,ERR,ERR,ERR,ERR,ERR,ERR,ERR,ERR,ERR,ERR,ERR,ERR,ERR,ERR,ERR,ERR,ERR,ERR,ERR,ERR,ERR,ERR,ERR,ERR,ERR,ERR,ERR,ERR,ERR,ERR,ERR,ERR,ERR,ERR,ERR,ERR,ERR,ERR,ERR,ERR,ERR,ERR,ERR,ERR,ERR,ERR,ERR,ERR,ERR,ERR,ERR,ERR,ERR,ERR,ERR,ERR,ERR,ERR,ERR,ERR,ERR,ERR,ERR,ERR,ERR,ERR,ERR,ERR,ERR,ERR,ERR,ERR,ERR,ERR,ERR,ERR,ERR,ERR,ERR,ERR,ERR,ERR,ERR,ERR,ERR,ERR,ERR,ERR,ERR,ERR,ERR,ERR,ERR,ERR,0.0,-107615288.0,-0.0,0.0,0.0,1.3936040501711995e+18,7.805,0.0,0,0,4,0,8422,0.0,45,0.0,0.0,0.0,0.0,0.0,0,0,0,0,0.0,0,0,0,0,0,0,0,0,0,0,0,0,0,0,0,0,0,0,0,0,0,0,0,0,0,0,0,0,0,0,0,0,0,38,14,7,45,65476,0,300,0,0,8,21553,0.0,-107605600.0,0.0,0.0,0.0,0.0,0.0,0.0,0.0,0.0,0.0,0.0,0.0,0.0,0.0,0.0,0.0,0.0,0.0,0.0,0.0,0.0,0.0,-2.004,-0.0,0.0,0.0,0.0,0.0,0.0,5102.0,0.0,0.0,0.0,-107615288.0,0.0,-0.0,0.0,0.0,0.0,0.0,53,126841110528.0,-0.0,0.0,0.0,0.0,0.0,0.0,0.0,0.0,0,0,0,0.0,0.0,0.0,0.0,0.0,0.0,0.0,0.0,0.0,0.0,0.0,0.0,0.0,0.0,0.0,0.0,0,-107875648.0,53,0.0,106,-107614832.0,-107350944.0,ERR,ERR,ERR,ERR,ERR,ERR,ERR,ERR,ERR,ERR,ERR,ERR,ERR,ERR,ERR,ERR,ERR,ERR,ERR,ERR,ERR,ERR,ERR,ERR,ERR,ERR,ERR,ERR,ERR,ERR,ERR,ERR,ERR,ERR,ERR,ERR,ERR,ERR,ERR,ERR,ERR,ERR,ERR,ERR,ERR,ERR,ERR,ERR,ERR,ERR,ERR,ERR,ERR,ERR,ERR,ERR,ERR,ERR,ERR,ERR,ERR,ERR,ERR,ERR,ERR,ERR,ERR,50.0,60.0,100,0.0,0.0,0.0,0.0,0.0,0.0,0.0,0.0,0.0,0.0,0.0,0.0,0.0,0.0,0.0,0.0,62.0,65,20,65521,50,65476,0,300,0,0,8,20529,65476,0,0,26214,60.0,0.0,0.0,0.0,0.0,0.0
2026-05-17T16:26:44,ERR,ERR,ERR,ERR,ERR,ERR,ERR,ERR,ERR,ERR,ERR,ERR,ERR,ERR,ERR,ERR,ERR,ERR,ERR,ERR,ERR,ERR,ERR,ERR,ERR,ERR,ERR,ERR,ERR,ERR,ERR,ERR,ERR,ERR,ERR,ERR,ERR,ERR,ERR,ERR,ERR,ERR,ERR,ERR,ERR,ERR,ERR,ERR,ERR,ERR,ERR,ERR,ERR,ERR,ERR,ERR,ERR,ERR,ERR,ERR,ERR,ERR,ERR,ERR,ERR,ERR,ERR,ERR,ERR,ERR,ERR,ERR,ERR,ERR,ERR,ERR,ERR,ERR,ERR,ERR,ERR,ERR,ERR,ERR,ERR,ERR,ERR,ERR,ERR,ERR,ERR,ERR,ERR,ERR,ERR,ERR,ERR,ERR,ERR,ERR,ERR,ERR,ERR,ERR,ERR,ERR,ERR,ERR,ERR,ERR,ERR,ERR,ERR,ERR,ERR,ERR,ERR,ERR,ERR,ERR,ERR,ERR,ERR,ERR,ERR,0.0,-107615288.0,-0.0,0.0,0.0,1.3936040501711995e+18,7.805,0.0,0,0,4,0,8422,0.0,45,0.0,0.0,0.0,0.0,0.0,0,0,0,0,0.0,0,0,0,0,0,0,0,0,0,0,0,0,0,0,0,0,0,0,0,0,0,0,0,0,0,0,0,0,0,0,0,0,0,38,14,7,45,65476,0,300,0,0,8,21553,0.0,-107605600.0,0.0,0.0,0.0,0.0,0.0,0.0,0.0,0.0,0.0,0.0,0.0,0.0,0.0,0.0,0.0,0.0,0.0,0.0,0.0,0.0,0.0,-2.004,-0.0,0.0,0.0,0.0,0.0,0.0,5102.0,0.0,0.0,0.0,-107615288.0,0.0,-0.0,0.0,0.0,0.0,0.0,53,126841110528.0,-0.0,0.0,0.0,0.0,0.0,0.0,0.0,0.0,0,0,0,0.0,0.0,0.0,0.0,0.0,0.0,0.0,0.0,0.0,0.0,0.0,0.0,0.0,0.0,0.0,0.0,0,-107875648.0,53,0.0,106,-107614832.0,-107350944.0,ERR,ERR,ERR,ERR,ERR,ERR,ERR,ERR,ERR,ERR,ERR,ERR,ERR,ERR,ERR,ERR,ERR,ERR,ERR,ERR,ERR,ERR,ERR,ERR,ERR,ERR,ERR,ERR,ERR,ERR,ERR,ERR,ERR,ERR,ERR,ERR,ERR,ERR,ERR,ERR,ERR,ERR,ERR,ERR,ERR,ERR,ERR,ERR,ERR,ERR,ERR,ERR,ERR,ERR,ERR,ERR,ERR,ERR,ERR,ERR,ERR,ERR,ERR,ERR,ERR,ERR,ERR,50.0,60.0,100,0.0,0.0,0.0,0.0,0.0,0.0,0.0,0.0,0.0,0.0,0.0,0.0,0.0,0.0,0.0,0.0,62.0,65,20,65521,50,65476,0,300,0,0,8,20529,65476,0,0,26214,60.0,0.0,0.0,0.0,0.0,0.0
2026-05-17T16:26:45,ERR,ERR,ERR,ERR,ERR,ERR,ERR,ERR,ERR,ERR,ERR,ERR,ERR,ERR,ERR,ERR,ERR,ERR,ERR,ERR,ERR,ERR,ERR,ERR,ERR,ERR,ERR,ERR,ERR,ERR,ERR,ERR,ERR,ERR,ERR,ERR,ERR,ERR,ERR,ERR,ERR,ERR,ERR,ERR,ERR,ERR,ERR,ERR,ERR,ERR,ERR,ERR,ERR,ERR,ERR,ERR,ERR,ERR,ERR,ERR,ERR,ERR,ERR,ERR,ERR,ERR,ERR,ERR,ERR,ERR,ERR,ERR,ERR,ERR,ERR,ERR,ERR,ERR,ERR,ERR,ERR,ERR,ERR,ERR,ERR,ERR,ERR,ERR,ERR,ERR,ERR,ERR,ERR,ERR,ERR,ERR,ERR,ERR,ERR,ERR,ERR,ERR,ERR,ERR,ERR,ERR,ERR,ERR,ERR,ERR,ERR,ERR,ERR,ERR,ERR,ERR,ERR,ERR,ERR,ERR,ERR,ERR,ERR,ERR,ERR,0.0,-107615288.0,-0.0,0.0,0.0,1.3936040501711995e+18,7.805,0.0,0,0,4,0,8422,0.0,45,0.0,0.0,0.0,0.0,0.0,0,0,0,0,0.0,0,0,0,0,0,0,0,0,0,0,0,0,0,0,0,0,0,0,0,0,0,0,0,0,0,0,0,0,0,0,0,0,0,38,14,7,45,65476,0,300,0,0,8,21553,0.0,-107605600.0,0.0,0.0,0.0,0.0,0.0,0.0,0.0,0.0,0.0,0.0,0.0,0.0,0.0,0.0,0.0,0.0,0.0,0.0,0.0,0.0,0.0,-2.004,-0.0,0.0,0.0,0.0,0.0,0.0,5102.0,0.0,0.0,0.0,-107615288.0,0.0,-0.0,0.0,0.0,0.0,0.0,53,126841110528.0,-0.0,0.0,0.0,0.0,0.0,0.0,0.0,0.0,0,0,0,0.0,0.0,0.0,0.0,0.0,0.0,0.0,0.0,0.0,0.0,0.0,0.0,0.0,0.0,0.0,0.0,0,-107875648.0,53,0.0,106,-107614832.0,-107350944.0,ERR,ERR,ERR,ERR,ERR,ERR,ERR,ERR,ERR,ERR,ERR,ERR,ERR,ERR,ERR,ERR,ERR,ERR,ERR,ERR,ERR,ERR,ERR,ERR,ERR,ERR,ERR,ERR,ERR,ERR,ERR,ERR,ERR,ERR,ERR,ERR,ERR,ERR,ERR,ERR,ERR,ERR,ERR,ERR,ERR,ERR,ERR,ERR,ERR,ERR,ERR,ERR,ERR,ERR,ERR,ERR,ERR,ERR,ERR,ERR,ERR,ERR,ERR,ERR,ERR,ERR,ERR,50.0,60.0,100,0.0,0.0,0.0,0.0,0.0,0.0,0.0,0.0,0.0,0.0,0.0,0.0,0.0,0.0,0.0,0.0,62.0,65,20,65521,50,65476,0,300,0,0,8,20529,65476,0,0,26214,60.0,0.0,0.0,0.0,0.0,0.0
2026-05-17T16:26:46,ERR,ERR,ERR,ERR,ERR,ERR,ERR,ERR,ERR,ERR,ERR,ERR,ERR,ERR,ERR,ERR,ERR,ERR,ERR,ERR,ERR,ERR,ERR,ERR,ERR,ERR,ERR,ERR,ERR,ERR,ERR,ERR,ERR,ERR,ERR,ERR,ERR,ERR,ERR,ERR,ERR,ERR,ERR,ERR,ERR,ERR,ERR,ERR,ERR,ERR,ERR,ERR,ERR,ERR,ERR,ERR,ERR,ERR,ERR,ERR,ERR,ERR,ERR,ERR,ERR,ERR,ERR,ERR,ERR,ERR,ERR,ERR,ERR,ERR,ERR,ERR,ERR,ERR,ERR,ERR,ERR,ERR,ERR,ERR,ERR,ERR,ERR,ERR,ERR,ERR,ERR,ERR,ERR,ERR,ERR,ERR,ERR,ERR,ERR,ERR,ERR,ERR,ERR,ERR,ERR,ERR,ERR,ERR,ERR,ERR,ERR,ERR,ERR,ERR,ERR,ERR,ERR,ERR,ERR,ERR,ERR,ERR,ERR,ERR,ERR,0.0,-107615288.0,-0.0,0.0,0.0,1.3936040501711995e+18,7.805,0.0,0,0,4,0,8422,0.0,45,0.0,0.0,0.0,0.0,0.0,0,0,0,0,0.0,0,0,0,0,0,0,0,0,0,0,0,0,0,0,0,0,0,0,0,0,0,0,0,0,0,0,0,0,0,0,0,0,0,38,14,7,45,65476,0,300,0,0,8,21553,0.0,-107605600.0,0.0,0.0,0.0,0.0,0.0,0.0,0.0,0.0,0.0,0.0,0.0,0.0,0.0,0.0,0.0,0.0,0.0,0.0,0.0,0.0,0.0,-2.004,-0.0,0.0,0.0,0.0,0.0,0.0,5102.0,0.0,0.0,0.0,-107615288.0,0.0,-0.0,0.0,0.0,0.0,0.0,53,126841110528.0,-0.0,0.0,0.0,0.0,0.0,0.0,0.0,0.0,0,0,0,0.0,0.0,0.0,0.0,0.0,0.0,0.0,0.0,0.0,0.0,0.0,0.0,0.0,0.0,0.0,0.0,0,-107875648.0,53,0.0,106,-107614832.0,-107350944.0,ERR,ERR,ERR,ERR,ERR,ERR,ERR,ERR,ERR,ERR,ERR,ERR,ERR,ERR,ERR,ERR,ERR,ERR,ERR,ERR,ERR,ERR,ERR,ERR,ERR,ERR,ERR,ERR,ERR,ERR,ERR,ERR,ERR,ERR,ERR,ERR,ERR,ERR,ERR,ERR,ERR,ERR,ERR,ERR,ERR,ERR,ERR,ERR,ERR,ERR,ERR,ERR,ERR,ERR,ERR,ERR,ERR,ERR,ERR,ERR,ERR,ERR,ERR,ERR,ERR,ERR,ERR,50.0,60.0,100,0.0,0.0,0.0,0.0,0.0,0.0,0.0,0.0,0.0,0.0,0.0,0.0,0.0,0.0,0.0,0.0,61.6,65,20,65521,50,65476,0,300,0,0,8,20529,65476,0,0,26214,60.0,0.0,0.0,0.0,0.0,0.0
2026-05-17T16:26:47,ERR,ERR,ERR,ERR,ERR,ERR,ERR,ERR,ERR,ERR,ERR,ERR,ERR,ERR,ERR,ERR,ERR,ERR,ERR,ERR,ERR,ERR,ERR,ERR,ERR,ERR,ERR,ERR,ERR,ERR,ERR,ERR,ERR,ERR,ERR,ERR,ERR,ERR,ERR,ERR,ERR,ERR,ERR,ERR,ERR,ERR,ERR,ERR,ERR,ERR,ERR,ERR,ERR,ERR,ERR,ERR,ERR,ERR,ERR,ERR,ERR,ERR,ERR,ERR,ERR,ERR,ERR,ERR,ERR,ERR,ERR,ERR,ERR,ERR,ERR,ERR,ERR,ERR,ERR,ERR,ERR,ERR,ERR,ERR,ERR,ERR,ERR,ERR,ERR,ERR,ERR,ERR,ERR,ERR,ERR,ERR,ERR,ERR,ERR,ERR,ERR,ERR,ERR,ERR,ERR,ERR,ERR,ERR,ERR,ERR,ERR,ERR,ERR,ERR,ERR,ERR,ERR,ERR,ERR,ERR,ERR,ERR,ERR,ERR,ERR,0.0,-107615288.0,-0.0,0.0,0.0,1.3936040501711995e+18,7.805,0.0,0,0,4,0,8422,0.0,45,0.0,0.0,0.0,0.0,0.0,0,0,0,0,0.0,0,0,0,0,0,0,0,0,0,0,0,0,0,0,0,0,0,0,0,0,0,0,0,0,0,0,0,0,0,0,0,0,0,38,14,7,45,65476,0,300,0,0,8,21553,0.0,-107605600.0,0.0,0.0,0.0,0.0,0.0,0.0,0.0,0.0,0.0,0.0,0.0,0.0,0.0,0.0,0.0,0.0,0.0,0.0,0.0,0.0,0.0,-2.004,-0.0,0.0,0.0,0.0,0.0,0.0,5102.0,0.0,0.0,0.0,-107615288.0,0.0,-0.0,0.0,0.0,0.0,0.0,53,126841110528.0,-0.0,0.0,0.0,0.0,0.0,0.0,0.0,0.0,0,0,0,0.0,0.0,0.0,0.0,0.0,0.0,0.0,0.0,0.0,0.0,0.0,0.0,0.0,0.0,0.0,0.0,0,-107875648.0,53,0.0,106,-107614832.0,-107350944.0,ERR,ERR,ERR,ERR,ERR,ERR,ERR,ERR,ERR,ERR,ERR,ERR,ERR,ERR,ERR,ERR,ERR,ERR,ERR,ERR,ERR,ERR,ERR,ERR,ERR,ERR,ERR,ERR,ERR,ERR,ERR,ERR,ERR,ERR,ERR,ERR,ERR,ERR,ERR,ERR,ERR,ERR,ERR,ERR,ERR,ERR,ERR,ERR,ERR,ERR,ERR,ERR,ERR,ERR,ERR,ERR,ERR,ERR,ERR,ERR,ERR,ERR,ERR,ERR,ERR,ERR,ERR,50.0,60.0,100,0.0,0.0,0.0,0.0,0.0,0.0,0.0,0.0,0.0,0.0,0.0,0.0,0.0,0.0,0.0,0.0,61.6,65,20,65521,50,65476,0,300,0,0,8,20529,65476,0,0,26214,60.0,0.0,0.0,0.0,0.0,0.0
2026-05-17T16:26:48,ERR,ERR,ERR,ERR,ERR,ERR,ERR,ERR,ERR,ERR,ERR,ERR,ERR,ERR,ERR,ERR,ERR,ERR,ERR,ERR,ERR,ERR,ERR,ERR,ERR,ERR,ERR,ERR,ERR,ERR,ERR,ERR,ERR,ERR,ERR,ERR,ERR,ERR,ERR,ERR,ERR,ERR,ERR,ERR,ERR,ERR,ERR,ERR,ERR,ERR,ERR,ERR,ERR,ERR,ERR,ERR,ERR,ERR,ERR,ERR,ERR,ERR,ERR,ERR,ERR,ERR,ERR,ERR,ERR,ERR,ERR,ERR,ERR,ERR,ERR,ERR,ERR,ERR,ERR,ERR,ERR,ERR,ERR,ERR,ERR,ERR,ERR,ERR,ERR,ERR,ERR,ERR,ERR,ERR,ERR,ERR,ERR,ERR,ERR,ERR,ERR,ERR,ERR,ERR,ERR,ERR,ERR,ERR,ERR,ERR,ERR,ERR,ERR,ERR,ERR,ERR,ERR,ERR,ERR,ERR,ERR,ERR,ERR,ERR,ERR,0.0,-107615288.0,-0.0,0.0,0.0,1.3936040501711995e+18,7.805,0.0,0,0,4,0,8422,0.0,45,0.0,0.0,0.0,0.0,0.0,0,0,0,0,0.0,0,0,0,0,0,0,0,0,0,0,0,0,0,0,0,0,0,0,0,0,0,0,0,0,0,0,0,0,0,0,0,0,0,38,14,7,45,65476,0,300,0,0,8,21553,0.0,-107605600.0,0.0,0.0,0.0,0.0,0.0,0.0,0.0,0.0,0.0,0.0,0.0,0.0,0.0,0.0,0.0,0.0,0.0,0.0,0.0,0.0,0.0,-2.004,-0.0,0.0,0.0,0.0,0.0,0.0,5102.0,0.0,0.0,0.0,-107615288.0,0.0,-0.0,0.0,0.0,0.0,0.0,53,126841110528.0,-0.0,0.0,0.0,0.0,0.0,0.0,0.0,0.0,0,0,0,0.0,0.0,0.0,0.0,0.0,0.0,0.0,0.0,0.0,0.0,0.0,0.0,0.0,0.0,0.0,0.0,0,-107875648.0,53,0.0,106,-107614832.0,-107350944.0,ERR,ERR,ERR,ERR,ERR,ERR,ERR,ERR,ERR,ERR,ERR,ERR,ERR,ERR,ERR,ERR,ERR,ERR,ERR,ERR,ERR,ERR,ERR,ERR,ERR,ERR,ERR,ERR,ERR,ERR,ERR,ERR,ERR,ERR,ERR,ERR,ERR,ERR,ERR,ERR,ERR,ERR,ERR,ERR,ERR,ERR,ERR,ERR,ERR,ERR,ERR,ERR,ERR,ERR,ERR,ERR,ERR,ERR,ERR,ERR,ERR,ERR,ERR,ERR,ERR,ERR,ERR,50.0,60.0,100,0.0,0.0,0.0,0.0,0.0,0.0,0.0,0.0,0.0,0.0,0.0,0.0,0.0,0.0,0.0,0.0,61.6,65,20,65521,50,65476,0,300,0,0,8,20529,65476,0,0,26214,60.0,0.0,0.0,0.0,0.0,0.0
2026-05-17T16:26:49,ERR,ERR,ERR,ERR,ERR,ERR,ERR,ERR,ERR,ERR,ERR,ERR,ERR,ERR,ERR,ERR,ERR,ERR,ERR,ERR,ERR,ERR,ERR,ERR,ERR,ERR,ERR,ERR,ERR,ERR,ERR,ERR,ERR,ERR,ERR,ERR,ERR,ERR,ERR,ERR,ERR,ERR,ERR,ERR,ERR,ERR,ERR,ERR,ERR,ERR,ERR,ERR,ERR,ERR,ERR,ERR,ERR,ERR,ERR,ERR,ERR,ERR,ERR,ERR,ERR,ERR,ERR,ERR,ERR,ERR,ERR,ERR,ERR,ERR,ERR,ERR,ERR,ERR,ERR,ERR,ERR,ERR,ERR,ERR,ERR,ERR,ERR,ERR,ERR,ERR,ERR,ERR,ERR,ERR,ERR,ERR,ERR,ERR,ERR,ERR,ERR,ERR,ERR,ERR,ERR,ERR,ERR,ERR,ERR,ERR,ERR,ERR,ERR,ERR,ERR,ERR,ERR,ERR,ERR,ERR,ERR,ERR,ERR,ERR,ERR,0.0,-107615288.0,-0.0,0.0,0.0,1.3936040501711995e+18,7.805,0.0,0,0,4,0,8422,0.0,45,0.0,0.0,0.0,0.0,0.0,0,0,0,0,0.0,0,0,0,0,0,0,0,0,0,0,0,0,0,0,0,0,0,0,0,0,0,0,0,0,0,0,0,0,0,0,0,0,0,38,14,7,45,65476,0,300,0,0,8,21553,0.0,-107605600.0,0.0,0.0,0.0,0.0,0.0,0.0,0.0,0.0,0.0,0.0,0.0,0.0,0.0,0.0,0.0,0.0,0.0,0.0,0.0,0.0,0.0,-2.004,-0.0,0.0,0.0,0.0,0.0,0.0,5066.0,-8608184320.0,0.0,0.0,-107615288.0,0.0,-0.0,0.0,0.0,0.0,0.0,53,71.63,0.0,0.0,0.0,0.0,0.0,0.0,0.0,0.0,0,0,0,0.0,0.0,0.0,0.0,0.0,0.0,0.0,0.0,0.0,0.0,0.0,0.0,0.0,0.0,0.0,0.0,0,-107875648.0,53,0.0,106,-107614832.0,-107350944.0,ERR,ERR,ERR,ERR,ERR,ERR,ERR,ERR,ERR,ERR,ERR,ERR,ERR,ERR,ERR,ERR,ERR,ERR,ERR,ERR,ERR,ERR,ERR,ERR,ERR,ERR,ERR,ERR,ERR,ERR,ERR,ERR,ERR,ERR,ERR,ERR,ERR,ERR,ERR,ERR,ERR,ERR,ERR,ERR,ERR,ERR,ERR,ERR,ERR,ERR,ERR,ERR,ERR,ERR,ERR,ERR,ERR,ERR,ERR,ERR,ERR,ERR,ERR,ERR,ERR,ERR,ERR,50.0,60.0,100,0.0,0.0,0.0,0.0,0.0,0.0,0.0,0.0,0.0,0.0,0.0,0.0,0.0,0.0,0.0,0.0,61.6,65,20,65521,50,65476,0,300,0,0,8,20529,65476,0,0,26214,60.0,0.0,0.0,0.0,0.0,0.0
2026-05-17T16:26:50,ERR,ERR,ERR,ERR,ERR,ERR,ERR,ERR,ERR,ERR,ERR,ERR,ERR,ERR,ERR,ERR,ERR,ERR,ERR,ERR,ERR,ERR,ERR,ERR,ERR,ERR,ERR,ERR,ERR,ERR,ERR,ERR,ERR,ERR,ERR,ERR,ERR,ERR,ERR,ERR,ERR,ERR,ERR,ERR,ERR,ERR,ERR,ERR,ERR,ERR,ERR,ERR,ERR,ERR,ERR,ERR,ERR,ERR,ERR,ERR,ERR,ERR,ERR,ERR,ERR,ERR,ERR,ERR,ERR,ERR,ERR,ERR,ERR,ERR,ERR,ERR,ERR,ERR,ERR,ERR,ERR,ERR,ERR,ERR,ERR,ERR,ERR,ERR,ERR,ERR,ERR,ERR,ERR,ERR,ERR,ERR,ERR,ERR,ERR,ERR,ERR,ERR,ERR,ERR,ERR,ERR,ERR,ERR,ERR,ERR,ERR,ERR,ERR,ERR,ERR,ERR,ERR,ERR,ERR,ERR,ERR,ERR,ERR,ERR,ERR,0.0,-107615288.0,-0.0,0.0,0.0,1.3936040501711995e+18,7.805,0.0,0,0,4,0,8422,0.0,45,0.0,0.0,0.0,0.0,0.0,0,0,0,0,0.0,0,0,0,0,0,0,0,0,0,0,0,0,0,0,0,0,0,0,0,0,0,0,0,0,0,0,0,0,0,0,0,0,0,38,14,7,45,65476,0,300,0,0,8,21553,0.0,-107605600.0,0.0,0.0,0.0,0.0,0.0,0.0,0.0,0.0,0.0,0.0,0.0,0.0,0.0,0.0,0.0,0.0,0.0,0.0,0.0,0.0,0.0,-2.004,-0.0,0.0,0.0,0.0,0.0,0.0,5066.0,-8608184320.0,0.0,0.0,-107615288.0,0.0,-0.0,0.0,0.0,0.0,0.0,53,71.63,0.0,0.0,0.0,0.0,0.0,0.0,0.0,0.0,0,0,0,0.0,0.0,0.0,0.0,0.0,0.0,0.0,0.0,0.0,0.0,0.0,0.0,0.0,0.0,0.0,0.0,0,-107875648.0,53,0.0,106,-107614832.0,-107350944.0,ERR,ERR,ERR,ERR,ERR,ERR,ERR,ERR,ERR,ERR,ERR,ERR,ERR,ERR,ERR,ERR,ERR,ERR,ERR,ERR,ERR,ERR,ERR,ERR,ERR,ERR,ERR,ERR,ERR,ERR,ERR,ERR,ERR,ERR,ERR,ERR,ERR,ERR,ERR,ERR,ERR,ERR,ERR,ERR,ERR,ERR,ERR,ERR,ERR,ERR,ERR,ERR,ERR,ERR,ERR,ERR,ERR,ERR,ERR,ERR,ERR,ERR,ERR,ERR,ERR,ERR,ERR,50.0,60.0,100,0.0,0.0,0.0,0.0,0.0,0.0,0.0,0.0,0.0,0.0,0.0,0.0,0.0,0.0,0.0,0.0,61.6,65,20,65521,50,65476,0,300,0,0,8,20529,65476,0,0,26214,60.0,0.0,0.0,0.0,0.0,0.0
2026-05-17T16:26:51,ERR,ERR,ERR,ERR,ERR,ERR,ERR,ERR,ERR,ERR,ERR,ERR,ERR,ERR,ERR,ERR,ERR,ERR,ERR,ERR,ERR,ERR,ERR,ERR,ERR,ERR,ERR,ERR,ERR,ERR,ERR,ERR,ERR,ERR,ERR,ERR,ERR,ERR,ERR,ERR,ERR,ERR,ERR,ERR,ERR,ERR,ERR,ERR,ERR,ERR,ERR,ERR,ERR,ERR,ERR,ERR,ERR,ERR,ERR,ERR,ERR,ERR,ERR,ERR,ERR,ERR,ERR,ERR,ERR,ERR,ERR,ERR,ERR,ERR,ERR,ERR,ERR,ERR,ERR,ERR,ERR,ERR,ERR,ERR,ERR,ERR,ERR,ERR,ERR,ERR,ERR,ERR,ERR,ERR,ERR,ERR,ERR,ERR,ERR,ERR,ERR,ERR,ERR,ERR,ERR,ERR,ERR,ERR,ERR,ERR,ERR,ERR,ERR,ERR,ERR,ERR,ERR,ERR,ERR,ERR,ERR,ERR,ERR,ERR,ERR,0.0,-107615288.0,-0.0,0.0,0.0,1.3936040501711995e+18,7.805,0.0,0,0,4,0,8422,0.0,45,0.0,0.0,0.0,0.0,0.0,0,0,0,0,0.0,0,0,0,0,0,0,0,0,0,0,0,0,0,0,0,0,0,0,0,0,0,0,0,0,0,0,0,0,0,0,0,0,0,38,14,7,45,65476,0,300,0,0,8,21553,0.0,-107605600.0,0.0,0.0,0.0,0.0,0.0,0.0,0.0,0.0,0.0,0.0,0.0,0.0,0.0,0.0,0.0,0.0,0.0,0.0,0.0,0.0,0.0,-2.004,-0.0,0.0,0.0,0.0,0.0,0.0,5066.0,-8608184320.0,0.0,0.0,-107615288.0,0.0,-0.0,0.0,0.0,0.0,0.0,53,71.63,0.0,0.0,0.0,0.0,0.0,0.0,0.0,0.0,0,0,0,0.0,0.0,0.0,0.0,0.0,0.0,0.0,0.0,0.0,0.0,0.0,0.0,0.0,0.0,0.0,0.0,0,-107875648.0,53,0.0,106,-107614832.0,-107350944.0,ERR,ERR,ERR,ERR,ERR,ERR,ERR,ERR,ERR,ERR,ERR,ERR,ERR,ERR,ERR,ERR,ERR,ERR,ERR,ERR,ERR,ERR,ERR,ERR,ERR,ERR,ERR,ERR,ERR,ERR,ERR,ERR,ERR,ERR,ERR,ERR,ERR,ERR,ERR,ERR,ERR,ERR,ERR,ERR,ERR,ERR,ERR,ERR,ERR,ERR,ERR,ERR,ERR,ERR,ERR,ERR,ERR,ERR,ERR,ERR,ERR,ERR,ERR,ERR,ERR,ERR,ERR,50.0,60.0,100,0.0,0.0,0.0,0.0,0.0,0.0,0.0,0.0,0.0,0.0,0.0,0.0,0.0,0.0,0.0,0.0,61.6,65,20,65521,50,65476,0,300,0,0,8,20529,65476,0,0,26214,60.0,0.0,0.0,0.0,0.0,0.0
2026-05-17T16:26:52,ERR,ERR,ERR,ERR,ERR,ERR,ERR,ERR,ERR,ERR,ERR,ERR,ERR,ERR,ERR,ERR,ERR,ERR,ERR,ERR,ERR,ERR,ERR,ERR,ERR,ERR,ERR,ERR,ERR,ERR,ERR,ERR,ERR,ERR,ERR,ERR,ERR,ERR,ERR,ERR,ERR,ERR,ERR,ERR,ERR,ERR,ERR,ERR,ERR,ERR,ERR,ERR,ERR,ERR,ERR,ERR,ERR,ERR,ERR,ERR,ERR,ERR,ERR,ERR,ERR,ERR,ERR,ERR,ERR,ERR,ERR,ERR,ERR,ERR,ERR,ERR,ERR,ERR,ERR,ERR,ERR,ERR,ERR,ERR,ERR,ERR,ERR,ERR,ERR,ERR,ERR,ERR,ERR,ERR,ERR,ERR,ERR,ERR,ERR,ERR,ERR,ERR,ERR,ERR,ERR,ERR,ERR,ERR,ERR,ERR,ERR,ERR,ERR,ERR,ERR,ERR,ERR,ERR,ERR,ERR,ERR,ERR,ERR,ERR,ERR,0.0,-107615288.0,-0.0,0.0,0.0,1.3936040501711995e+18,7.805,0.0,0,0,4,0,8422,0.0,45,0.0,0.0,0.0,0.0,0.0,0,0,0,0,0.0,0,0,0,0,0,0,0,0,0,0,0,0,0,0,0,0,0,0,0,0,0,0,0,0,0,0,0,0,0,0,0,0,0,38,14,7,45,65476,0,300,0,0,8,21553,0.0,-107605600.0,0.0,0.0,0.0,0.0,0.0,0.0,0.0,0.0,0.0,0.0,0.0,0.0,0.0,0.0,0.0,0.0,0.0,0.0,0.0,0.0,0.0,-2.004,-0.0,0.0,0.0,0.0,0.0,0.0,5066.0,-8608184320.0,0.0,0.0,-107615288.0,0.0,-0.0,0.0,0.0,0.0,0.0,53,71.63,0.0,0.0,0.0,0.0,0.0,0.0,0.0,0.0,0,0,0,0.0,0.0,0.0,0.0,0.0,0.0,0.0,0.0,0.0,0.0,0.0,0.0,0.0,0.0,0.0,0.0,0,-107875648.0,53,0.0,106,-107614832.0,-107350944.0,ERR,ERR,ERR,ERR,ERR,ERR,ERR,ERR,ERR,ERR,ERR,ERR,ERR,ERR,ERR,ERR,ERR,ERR,ERR,ERR,ERR,ERR,ERR,ERR,ERR,ERR,ERR,ERR,ERR,ERR,ERR,ERR,ERR,ERR,ERR,ERR,ERR,ERR,ERR,ERR,ERR,ERR,ERR,ERR,ERR,ERR,ERR,ERR,ERR,ERR,ERR,ERR,ERR,ERR,ERR,ERR,ERR,ERR,ERR,ERR,ERR,ERR,ERR,ERR,ERR,ERR,ERR,50.0,60.0,100,0.0,0.0,0.0,0.0,0.0,0.0,0.0,0.0,0.0,0.0,0.0,0.0,0.0,0.0,0.0,0.0,62.0,65,20,65521,50,65476,0,300,0,0,8,20529,65476,0,0,26214,60.0,0.0,0.0,0.0,0.0,0.0
2026-05-17T16:26:53,ERR,ERR,ERR,ERR,ERR,ERR,ERR,ERR,ERR,ERR,ERR,ERR,ERR,ERR,ERR,ERR,ERR,ERR,ERR,ERR,ERR,ERR,ERR,ERR,ERR,ERR,ERR,ERR,ERR,ERR,ERR,ERR,ERR,ERR,ERR,ERR,ERR,ERR,ERR,ERR,ERR,ERR,ERR,ERR,ERR,ERR,ERR,ERR,ERR,ERR,ERR,ERR,ERR,ERR,ERR,ERR,ERR,ERR,ERR,ERR,ERR,ERR,ERR,ERR,ERR,ERR,ERR,ERR,ERR,ERR,ERR,ERR,ERR,ERR,ERR,ERR,ERR,ERR,ERR,ERR,ERR,ERR,ERR,ERR,ERR,ERR,ERR,ERR,ERR,ERR,ERR,ERR,ERR,ERR,ERR,ERR,ERR,ERR,ERR,ERR,ERR,ERR,ERR,ERR,ERR,ERR,ERR,ERR,ERR,ERR,ERR,ERR,ERR,ERR,ERR,ERR,ERR,ERR,ERR,ERR,ERR,ERR,ERR,ERR,ERR,0.0,-107615288.0,-0.0,0.0,0.0,1.3936040501711995e+18,7.805,0.0,0,0,4,0,8422,0.0,45,0.0,0.0,0.0,0.0,0.0,0,0,0,0,0.0,0,0,0,0,0,0,0,0,0,0,0,0,0,0,0,0,0,0,0,0,0,0,0,0,0,0,0,0,0,0,0,0,0,38,14,7,45,65476,0,300,0,0,8,21553,0.0,-107605600.0,0.0,0.0,0.0,0.0,0.0,0.0,0.0,0.0,0.0,0.0,0.0,0.0,0.0,0.0,0.0,0.0,0.0,0.0,0.0,0.0,0.0,-2.004,-0.0,0.0,0.0,0.0,0.0,0.0,5066.0,-8608184320.0,0.0,0.0,-107615288.0,0.0,-0.0,0.0,0.0,0.0,0.0,53,71.63,0.0,0.0,0.0,0.0,0.0,0.0,0.0,0.0,0,0,0,0.0,0.0,0.0,0.0,0.0,0.0,0.0,0.0,0.0,0.0,0.0,0.0,0.0,0.0,0.0,0.0,0,-107875648.0,53,0.0,106,-107614832.0,-107350944.0,ERR,ERR,ERR,ERR,ERR,ERR,ERR,ERR,ERR,ERR,ERR,ERR,ERR,ERR,ERR,ERR,ERR,ERR,ERR,ERR,ERR,ERR,ERR,ERR,ERR,ERR,ERR,ERR,ERR,ERR,ERR,ERR,ERR,ERR,ERR,ERR,ERR,ERR,ERR,ERR,ERR,ERR,ERR,ERR,ERR,ERR,ERR,ERR,ERR,ERR,ERR,ERR,ERR,ERR,ERR,ERR,ERR,ERR,ERR,ERR,ERR,ERR,ERR,ERR,ERR,ERR,ERR,50.0,60.0,100,0.0,0.0,0.0,0.0,0.0,0.0,0.0,0.0,0.0,0.0,0.0,0.0,0.0,0.0,0.0,0.0,61.6,65,20,65521,50,65476,0,300,0,0,8,20529,65476,0,0,26214,60.0,0.0,0.0,0.0,0.0,0.0
2026-05-17T16:26:54,ERR,ERR,ERR,ERR,ERR,ERR,ERR,ERR,ERR,ERR,ERR,ERR,ERR,ERR,ERR,ERR,ERR,ERR,ERR,ERR,ERR,ERR,ERR,ERR,ERR,ERR,ERR,ERR,ERR,ERR,ERR,ERR,ERR,ERR,ERR,ERR,ERR,ERR,ERR,ERR,ERR,ERR,ERR,ERR,ERR,ERR,ERR,ERR,ERR,ERR,ERR,ERR,ERR,ERR,ERR,ERR,ERR,ERR,ERR,ERR,ERR,ERR,ERR,ERR,ERR,ERR,ERR,ERR,ERR,ERR,ERR,ERR,ERR,ERR,ERR,ERR,ERR,ERR,ERR,ERR,ERR,ERR,ERR,ERR,ERR,ERR,ERR,ERR,ERR,ERR,ERR,ERR,ERR,ERR,ERR,ERR,ERR,ERR,ERR,ERR,ERR,ERR,ERR,ERR,ERR,ERR,ERR,ERR,ERR,ERR,ERR,ERR,ERR,ERR,ERR,ERR,ERR,ERR,ERR,ERR,ERR,ERR,ERR,ERR,ERR,0.0,-107615288.0,-0.0,0.0,0.0,1.3936040501711995e+18,7.805,0.0,0,0,4,0,8422,0.0,45,0.0,0.0,0.0,0.0,0.0,0,0,0,0,0.0,0,0,0,0,0,0,0,0,0,0,0,0,0,0,0,0,0,0,0,0,0,0,0,0,0,0,0,0,0,0,0,0,0,38,14,7,45,65476,0,300,0,0,8,21553,0.0,-107605600.0,0.0,0.0,0.0,0.0,0.0,0.0,0.0,0.0,0.0,0.0,0.0,0.0,0.0,0.0,0.0,0.0,0.0,0.0,0.0,0.0,0.0,-2.004,-0.0,0.0,0.0,0.0,0.0,0.0,5041.0,-131350.453,0.0,0.0,-107615288.0,0.0,-0.0,0.0,0.0,0.0,0.0,53,4.950428597886765e+32,-0.0,0.0,0.0,0.0,0.0,0.0,0.0,0.0,0,0,0,0.0,0.0,0.0,0.0,0.0,0.0,0.0,0.0,0.0,0.0,0.0,0.0,0.0,0.0,0.0,0.0,0,-107875648.0,53,0.0,106,-107614832.0,-107350944.0,ERR,ERR,ERR,ERR,ERR,ERR,ERR,ERR,ERR,ERR,ERR,ERR,ERR,ERR,ERR,ERR,ERR,ERR,ERR,ERR,ERR,ERR,ERR,ERR,ERR,ERR,ERR,ERR,ERR,ERR,ERR,ERR,ERR,ERR,ERR,ERR,ERR,ERR,ERR,ERR,ERR,ERR,ERR,ERR,ERR,ERR,ERR,ERR,ERR,ERR,ERR,ERR,ERR,ERR,ERR,ERR,ERR,ERR,ERR,ERR,ERR,ERR,ERR,ERR,ERR,ERR,ERR,50.0,60.0,100,0.0,0.0,0.0,0.0,0.0,0.0,0.0,0.0,0.0,0.0,0.0,0.0,0.0,0.0,0.0,0.0,61.6,65,20,65521,50,65476,0,300,0,0,8,20529,65476,0,0,26214,60.0,0.0,0.0,0.0,0.0,0.0
2026-05-17T16:26:55,ERR,ERR,ERR,ERR,ERR,ERR,ERR,ERR,ERR,ERR,ERR,ERR,ERR,ERR,ERR,ERR,ERR,ERR,ERR,ERR,ERR,ERR,ERR,ERR,ERR,ERR,ERR,ERR,ERR,ERR,ERR,ERR,ERR,ERR,ERR,ERR,ERR,ERR,ERR,ERR,ERR,ERR,ERR,ERR,ERR,ERR,ERR,ERR,ERR,ERR,ERR,ERR,ERR,ERR,ERR,ERR,ERR,ERR,ERR,ERR,ERR,ERR,ERR,ERR,ERR,ERR,ERR,ERR,ERR,ERR,ERR,ERR,ERR,ERR,ERR,ERR,ERR,ERR,ERR,ERR,ERR,ERR,ERR,ERR,ERR,ERR,ERR,ERR,ERR,ERR,ERR,ERR,ERR,ERR,ERR,ERR,ERR,ERR,ERR,ERR,ERR,ERR,ERR,ERR,ERR,ERR,ERR,ERR,ERR,ERR,ERR,ERR,ERR,ERR,ERR,ERR,ERR,ERR,ERR,ERR,ERR,ERR,ERR,ERR,ERR,0.0,-107615288.0,-0.0,0.0,0.0,1.3936040501711995e+18,7.805,0.0,0,0,4,0,8422,0.0,45,0.0,0.0,0.0,0.0,0.0,0,0,0,0,0.0,0,0,0,0,0,0,0,0,0,0,0,0,0,0,0,0,0,0,0,0,0,0,0,0,0,0,0,0,0,0,0,0,0,38,14,7,45,65476,0,300,0,0,8,21553,0.0,-107605600.0,0.0,0.0,0.0,0.0,0.0,0.0,0.0,0.0,0.0,0.0,0.0,0.0,0.0,0.0,0.0,0.0,0.0,0.0,0.0,0.0,0.0,-2.004,-0.0,0.0,0.0,0.0,0.0,0.0,5041.0,-131350.453,0.0,0.0,-107615288.0,0.0,-0.0,0.0,0.0,0.0,0.0,53,4.950428597886765e+32,-0.0,0.0,0.0,0.0,0.0,0.0,0.0,0.0,0,0,0,0.0,0.0,0.0,0.0,0.0,0.0,0.0,0.0,0.0,0.0,0.0,0.0,0.0,0.0,0.0,0.0,0,-107875648.0,53,0.0,106,-107614832.0,-107350944.0,ERR,ERR,ERR,ERR,ERR,ERR,ERR,ERR,ERR,ERR,ERR,ERR,ERR,ERR,ERR,ERR,ERR,ERR,ERR,ERR,ERR,ERR,ERR,ERR,ERR,ERR,ERR,ERR,ERR,ERR,ERR,ERR,ERR,ERR,ERR,ERR,ERR,ERR,ERR,ERR,ERR,ERR,ERR,ERR,ERR,ERR,ERR,ERR,ERR,ERR,ERR,ERR,ERR,ERR,ERR,ERR,ERR,ERR,ERR,ERR,ERR,ERR,ERR,ERR,ERR,ERR,ERR,50.0,60.0,100,0.0,0.0,0.0,0.0,0.0,0.0,0.0,0.0,0.0,0.0,0.0,0.0,0.0,0.0,0.0,0.0,62.0,65,20,65521,50,65476,0,300,0,0,8,20529,65476,0,0,26214,60.0,0.0,0.0,0.0,0.0,0.0
2026-05-17T16:26:56,ERR,ERR,ERR,ERR,ERR,ERR,ERR,ERR,ERR,ERR,ERR,ERR,ERR,ERR,ERR,ERR,ERR,ERR,ERR,ERR,ERR,ERR,ERR,ERR,ERR,ERR,ERR,ERR,ERR,ERR,ERR,ERR,ERR,ERR,ERR,ERR,ERR,ERR,ERR,ERR,ERR,ERR,ERR,ERR,ERR,ERR,ERR,ERR,ERR,ERR,ERR,ERR,ERR,ERR,ERR,ERR,ERR,ERR,ERR,ERR,ERR,ERR,ERR,ERR,ERR,ERR,ERR,ERR,ERR,ERR,ERR,ERR,ERR,ERR,ERR,ERR,ERR,ERR,ERR,ERR,ERR,ERR,ERR,ERR,ERR,ERR,ERR,ERR,ERR,ERR,ERR,ERR,ERR,ERR,ERR,ERR,ERR,ERR,ERR,ERR,ERR,ERR,ERR,ERR,ERR,ERR,ERR,ERR,ERR,ERR,ERR,ERR,ERR,ERR,ERR,ERR,ERR,ERR,ERR,ERR,ERR,ERR,ERR,ERR,ERR,0.0,-107615288.0,-0.0,0.0,0.0,1.3936040501711995e+18,7.805,0.0,0,0,4,0,8422,0.0,45,0.0,0.0,0.0,0.0,0.0,0,0,0,0,0.0,0,0,0,0,0,0,0,0,0,0,0,0,0,0,0,0,0,0,0,0,0,0,0,0,0,0,0,0,0,0,0,0,0,38,14,7,45,65476,0,300,0,0,8,21553,0.0,-107605600.0,0.0,0.0,0.0,0.0,0.0,0.0,0.0,0.0,0.0,0.0,0.0,0.0,0.0,0.0,0.0,0.0,0.0,0.0,0.0,0.0,0.0,-2.004,-0.0,0.0,0.0,0.0,0.0,0.0,5041.0,-131350.453,0.0,0.0,-107615288.0,0.0,-0.0,0.0,0.0,0.0,0.0,53,4.950428597886765e+32,-0.0,0.0,0.0,0.0,0.0,0.0,0.0,0.0,0,0,0,0.0,0.0,0.0,0.0,0.0,0.0,0.0,0.0,0.0,0.0,0.0,0.0,0.0,0.0,0.0,0.0,0,-107875648.0,53,0.0,106,-107614832.0,-107350944.0,ERR,ERR,ERR,ERR,ERR,ERR,ERR,ERR,ERR,ERR,ERR,ERR,ERR,ERR,ERR,ERR,ERR,ERR,ERR,ERR,ERR,ERR,ERR,ERR,ERR,ERR,ERR,ERR,ERR,ERR,ERR,ERR,ERR,ERR,ERR,ERR,ERR,ERR,ERR,ERR,ERR,ERR,ERR,ERR,ERR,ERR,ERR,ERR,ERR,ERR,ERR,ERR,ERR,ERR,ERR,ERR,ERR,ERR,ERR,ERR,ERR,ERR,ERR,ERR,ERR,ERR,ERR,50.0,60.0,100,0.0,0.0,0.0,0.0,0.0,0.0,0.0,0.0,0.0,0.0,0.0,0.0,0.0,0.0,0.0,0.0,62.0,65,20,65521,50,65476,0,300,0,0,8,20529,65476,0,0,26214,60.0,0.0,0.0,0.0,0.0,0.0
2026-05-17T16:26:57,ERR,ERR,ERR,ERR,ERR,ERR,ERR,ERR,ERR,ERR,ERR,ERR,ERR,ERR,ERR,ERR,ERR,ERR,ERR,ERR,ERR,ERR,ERR,ERR,ERR,ERR,ERR,ERR,ERR,ERR,ERR,ERR,ERR,ERR,ERR,ERR,ERR,ERR,ERR,ERR,ERR,ERR,ERR,ERR,ERR,ERR,ERR,ERR,ERR,ERR,ERR,ERR,ERR,ERR,ERR,ERR,ERR,ERR,ERR,ERR,ERR,ERR,ERR,ERR,ERR,ERR,ERR,ERR,ERR,ERR,ERR,ERR,ERR,ERR,ERR,ERR,ERR,ERR,ERR,ERR,ERR,ERR,ERR,ERR,ERR,ERR,ERR,ERR,ERR,ERR,ERR,ERR,ERR,ERR,ERR,ERR,ERR,ERR,ERR,ERR,ERR,ERR,ERR,ERR,ERR,ERR,ERR,ERR,ERR,ERR,ERR,ERR,ERR,ERR,ERR,ERR,ERR,ERR,ERR,ERR,ERR,ERR,ERR,ERR,ERR,0.0,-107615288.0,-0.0,0.0,0.0,1.3936040501711995e+18,7.805,0.0,0,0,4,0,8422,0.0,45,0.0,0.0,0.0,0.0,0.0,0,0,0,0,0.0,0,0,0,0,0,0,0,0,0,0,0,0,0,0,0,0,0,0,0,0,0,0,0,0,0,0,0,0,0,0,0,0,0,38,14,7,45,65476,0,300,0,0,8,21553,0.0,-107605600.0,0.0,0.0,0.0,0.0,0.0,0.0,0.0,0.0,0.0,0.0,0.0,0.0,0.0,0.0,0.0,0.0,0.0,0.0,0.0,0.0,0.0,-2.004,-0.0,0.0,0.0,0.0,0.0,0.0,5041.0,-131350.453,0.0,0.0,-107615288.0,0.0,-0.0,0.0,0.0,0.0,0.0,53,4.950428597886765e+32,-0.0,0.0,0.0,0.0,0.0,0.0,0.0,0.0,0,0,0,0.0,0.0,0.0,0.0,0.0,0.0,0.0,0.0,0.0,0.0,0.0,0.0,0.0,0.0,0.0,0.0,0,-107875648.0,53,0.0,106,-107614832.0,-107350944.0,ERR,ERR,ERR,ERR,ERR,ERR,ERR,ERR,ERR,ERR,ERR,ERR,ERR,ERR,ERR,ERR,ERR,ERR,ERR,ERR,ERR,ERR,ERR,ERR,ERR,ERR,ERR,ERR,ERR,ERR,ERR,ERR,ERR,ERR,ERR,ERR,ERR,ERR,ERR,ERR,ERR,ERR,ERR,ERR,ERR,ERR,ERR,ERR,ERR,ERR,ERR,ERR,ERR,ERR,ERR,ERR,ERR,ERR,ERR,ERR,ERR,ERR,ERR,ERR,ERR,ERR,ERR,50.0,60.0,100,0.0,0.0,0.0,0.0,0.0,0.0,0.0,0.0,0.0,0.0,0.0,0.0,0.0,0.0,0.0,0.0,61.6,65,20,65521,50,65476,0,300,0,0,8,20529,65476,0,0,26214,60.0,0.0,0.0,0.0,0.0,0.0
2026-05-17T16:26:58,ERR,ERR,ERR,ERR,ERR,ERR,ERR,ERR,ERR,ERR,ERR,ERR,ERR,ERR,ERR,ERR,ERR,ERR,ERR,ERR,ERR,ERR,ERR,ERR,ERR,ERR,ERR,ERR,ERR,ERR,ERR,ERR,ERR,ERR,ERR,ERR,ERR,ERR,ERR,ERR,ERR,ERR,ERR,ERR,ERR,ERR,ERR,ERR,ERR,ERR,ERR,ERR,ERR,ERR,ERR,ERR,ERR,ERR,ERR,ERR,ERR,ERR,ERR,ERR,ERR,ERR,ERR,ERR,ERR,ERR,ERR,ERR,ERR,ERR,ERR,ERR,ERR,ERR,ERR,ERR,ERR,ERR,ERR,ERR,ERR,ERR,ERR,ERR,ERR,ERR,ERR,ERR,ERR,ERR,ERR,ERR,ERR,ERR,ERR,ERR,ERR,ERR,ERR,ERR,ERR,ERR,ERR,ERR,ERR,ERR,ERR,ERR,ERR,ERR,ERR,ERR,ERR,ERR,ERR,ERR,ERR,ERR,ERR,ERR,ERR,0.0,-107615288.0,-0.0,0.0,0.0,1.3936040501711995e+18,7.805,0.0,0,0,4,0,8422,0.0,45,0.0,0.0,0.0,0.0,0.0,0,0,0,0,0.0,0,0,0,0,0,0,0,0,0,0,0,0,0,0,0,0,0,0,0,0,0,0,0,0,0,0,0,0,0,0,0,0,0,38,14,7,45,65476,0,300,0,0,8,21553,0.0,-107605600.0,0.0,0.0,0.0,0.0,0.0,0.0,0.0,0.0,0.0,0.0,0.0,0.0,0.0,0.0,0.0,0.0,0.0,0.0,0.0,0.0,0.0,-2.004,-0.0,0.0,0.0,0.0,0.0,0.0,5041.0,-131350.453,0.0,0.0,-107615288.0,0.0,-0.0,0.0,0.0,0.0,0.0,53,4.950428597886765e+32,-0.0,0.0,0.0,0.0,0.0,0.0,0.0,0.0,0,0,0,0.0,0.0,0.0,0.0,0.0,0.0,0.0,0.0,0.0,0.0,0.0,0.0,0.0,0.0,0.0,0.0,0,-107875648.0,53,0.0,106,-107614832.0,-107350944.0,ERR,ERR,ERR,ERR,ERR,ERR,ERR,ERR,ERR,ERR,ERR,ERR,ERR,ERR,ERR,ERR,ERR,ERR,ERR,ERR,ERR,ERR,ERR,ERR,ERR,ERR,ERR,ERR,ERR,ERR,ERR,ERR,ERR,ERR,ERR,ERR,ERR,ERR,ERR,ERR,ERR,ERR,ERR,ERR,ERR,ERR,ERR,ERR,ERR,ERR,ERR,ERR,ERR,ERR,ERR,ERR,ERR,ERR,ERR,ERR,ERR,ERR,ERR,ERR,ERR,ERR,ERR,50.0,60.0,100,0.0,0.0,0.0,0.0,0.0,0.0,0.0,0.0,0.0,0.0,0.0,0.0,0.0,0.0,0.0,0.0,61.6,65,20,65521,50,65476,0,300,0,0,8,20529,65476,0,0,26214,60.0,0.0,0.0,0.0,0.0,0.0
2026-05-17T16:26:59,ERR,ERR,ERR,ERR,ERR,ERR,ERR,ERR,ERR,ERR,ERR,ERR,ERR,ERR,ERR,ERR,ERR,ERR,ERR,ERR,ERR,ERR,ERR,ERR,ERR,ERR,ERR,ERR,ERR,ERR,ERR,ERR,ERR,ERR,ERR,ERR,ERR,ERR,ERR,ERR,ERR,ERR,ERR,ERR,ERR,ERR,ERR,ERR,ERR,ERR,ERR,ERR,ERR,ERR,ERR,ERR,ERR,ERR,ERR,ERR,ERR,ERR,ERR,ERR,ERR,ERR,ERR,ERR,ERR,ERR,ERR,ERR,ERR,ERR,ERR,ERR,ERR,ERR,ERR,ERR,ERR,ERR,ERR,ERR,ERR,ERR,ERR,ERR,ERR,ERR,ERR,ERR,ERR,ERR,ERR,ERR,ERR,ERR,ERR,ERR,ERR,ERR,ERR,ERR,ERR,ERR,ERR,ERR,ERR,ERR,ERR,ERR,ERR,ERR,ERR,ERR,ERR,ERR,ERR,ERR,ERR,ERR,ERR,ERR,ERR,0.0,-107615288.0,-0.0,0.0,0.0,1.3936040501711995e+18,7.805,0.0,0,0,4,0,8422,0.0,45,0.0,0.0,0.0,0.0,0.0,0,0,0,0,0.0,0,0,0,0,0,0,0,0,0,0,0,0,0,0,0,0,0,0,0,0,0,0,0,0,0,0,0,0,0,0,0,0,0,38,14,7,45,65476,0,300,0,0,8,21553,0.0,-107605600.0,0.0,0.0,0.0,0.0,0.0,0.0,0.0,0.0,0.0,0.0,0.0,0.0,0.0,0.0,0.0,0.0,0.0,0.0,0.0,0.0,0.0,-2.004,-0.0,0.0,0.0,0.0,0.0,0.0,5007.0,-0.0,0.0,0.0,-107615288.0,0.0,-0.0,0.0,0.0,0.0,0.0,53,152018454839296.0,-0.0,0.0,0.0,0.0,0.0,0.0,0.0,0.0,0,0,0,0.0,0.0,0.0,0.0,0.0,0.0,0.0,0.0,0.0,0.0,0.0,0.0,0.0,0.0,0.0,0.0,0,-107875648.0,53,0.0,106,-107614832.0,-107350944.0,ERR,ERR,ERR,ERR,ERR,ERR,ERR,ERR,ERR,ERR,ERR,ERR,ERR,ERR,ERR,ERR,ERR,ERR,ERR,ERR,ERR,ERR,ERR,ERR,ERR,ERR,ERR,ERR,ERR,ERR,ERR,ERR,ERR,ERR,ERR,ERR,ERR,ERR,ERR,ERR,ERR,ERR,ERR,ERR,ERR,ERR,ERR,ERR,ERR,ERR,ERR,ERR,ERR,ERR,ERR,ERR,ERR,ERR,ERR,ERR,ERR,ERR,ERR,ERR,ERR,ERR,ERR,50.0,60.0,100,0.0,0.0,0.0,0.0,0.0,0.0,0.0,0.0,0.0,0.0,0.0,0.0,0.0,0.0,0.0,0.0,61.6,65,20,65521,50,65476,0,300,0,0,8,20529,65476,0,0,26214,60.0,0.0,0.0,0.0,0.0,0.0
2026-05-17T16:27:00,ERR,ERR,ERR,ERR,ERR,ERR,ERR,ERR,ERR,ERR,ERR,ERR,ERR,ERR,ERR,ERR,ERR,ERR,ERR,ERR,ERR,ERR,ERR,ERR,ERR,ERR,ERR,ERR,ERR,ERR,ERR,ERR,ERR,ERR,ERR,ERR,ERR,ERR,ERR,ERR,ERR,ERR,ERR,ERR,ERR,ERR,ERR,ERR,ERR,ERR,ERR,ERR,ERR,ERR,ERR,ERR,ERR,ERR,ERR,ERR,ERR,ERR,ERR,ERR,ERR,ERR,ERR,ERR,ERR,ERR,ERR,ERR,ERR,ERR,ERR,ERR,ERR,ERR,ERR,ERR,ERR,ERR,ERR,ERR,ERR,ERR,ERR,ERR,ERR,ERR,ERR,ERR,ERR,ERR,ERR,ERR,ERR,ERR,ERR,ERR,ERR,ERR,ERR,ERR,ERR,ERR,ERR,ERR,ERR,ERR,ERR,ERR,ERR,ERR,ERR,ERR,ERR,ERR,ERR,ERR,ERR,ERR,ERR,ERR,ERR,0.0,-107615288.0,-0.0,0.0,0.0,1.3936040501711995e+18,7.805,0.0,0,0,4,0,8422,0.0,45,0.0,0.0,0.0,0.0,0.0,0,0,0,0,0.0,0,0,0,0,0,0,0,0,0,0,0,0,0,0,0,0,0,0,0,0,0,0,0,0,0,0,0,0,0,0,0,0,0,38,14,7,45,65476,0,300,0,0,8,21553,0.0,-107605600.0,0.0,0.0,0.0,0.0,0.0,0.0,0.0,0.0,0.0,0.0,0.0,0.0,0.0,0.0,0.0,0.0,0.0,0.0,0.0,0.0,0.0,-2.004,-0.0,0.0,0.0,0.0,0.0,0.0,5007.0,-0.0,0.0,0.0,-107615288.0,0.0,-0.0,0.0,0.0,0.0,0.0,53,152018454839296.0,-0.0,0.0,0.0,0.0,0.0,0.0,0.0,0.0,0,0,0,0.0,0.0,0.0,0.0,0.0,0.0,0.0,0.0,0.0,0.0,0.0,0.0,0.0,0.0,0.0,0.0,0,-107875648.0,53,0.0,106,-107614832.0,-107350944.0,ERR,ERR,ERR,ERR,ERR,ERR,ERR,ERR,ERR,ERR,ERR,ERR,ERR,ERR,ERR,ERR,ERR,ERR,ERR,ERR,ERR,ERR,ERR,ERR,ERR,ERR,ERR,ERR,ERR,ERR,ERR,ERR,ERR,ERR,ERR,ERR,ERR,ERR,ERR,ERR,ERR,ERR,ERR,ERR,ERR,ERR,ERR,ERR,ERR,ERR,ERR,ERR,ERR,ERR,ERR,ERR,ERR,ERR,ERR,ERR,ERR,ERR,ERR,ERR,ERR,ERR,ERR,50.0,60.0,100,0.0,0.0,0.0,0.0,0.0,0.0,0.0,0.0,0.0,0.0,0.0,0.0,0.0,0.0,0.0,0.0,61.6,65,20,65521,50,65476,0,300,0,0,8,20529,65476,0,0,26214,60.0,0.0,0.0,0.0,0.0,0.0
2026-05-17T16:27:01,ERR,ERR,ERR,ERR,ERR,ERR,ERR,ERR,ERR,ERR,ERR,ERR,ERR,ERR,ERR,ERR,ERR,ERR,ERR,ERR,ERR,ERR,ERR,ERR,ERR,ERR,ERR,ERR,ERR,ERR,ERR,ERR,ERR,ERR,ERR,ERR,ERR,ERR,ERR,ERR,ERR,ERR,ERR,ERR,ERR,ERR,ERR,ERR,ERR,ERR,ERR,ERR,ERR,ERR,ERR,ERR,ERR,ERR,ERR,ERR,ERR,ERR,ERR,ERR,ERR,ERR,ERR,ERR,ERR,ERR,ERR,ERR,ERR,ERR,ERR,ERR,ERR,ERR,ERR,ERR,ERR,ERR,ERR,ERR,ERR,ERR,ERR,ERR,ERR,ERR,ERR,ERR,ERR,ERR,ERR,ERR,ERR,ERR,ERR,ERR,ERR,ERR,ERR,ERR,ERR,ERR,ERR,ERR,ERR,ERR,ERR,ERR,ERR,ERR,ERR,ERR,ERR,ERR,ERR,ERR,ERR,ERR,ERR,ERR,ERR,0.0,-107615288.0,-0.0,0.0,0.0,1.3936040501711995e+18,7.805,0.0,0,0,4,0,8422,0.0,45,0.0,0.0,0.0,0.0,0.0,0,0,0,0,0.0,0,0,0,0,0,0,0,0,0,0,0,0,0,0,0,0,0,0,0,0,0,0,0,0,0,0,0,0,0,0,0,0,0,38,14,7,45,65476,0,300,0,0,8,21553,0.0,-107605600.0,0.0,0.0,0.0,0.0,0.0,0.0,0.0,0.0,0.0,0.0,0.0,0.0,0.0,0.0,0.0,0.0,0.0,0.0,0.0,0.0,0.0,-2.004,-0.0,0.0,0.0,0.0,0.0,0.0,5007.0,-0.0,0.0,0.0,-107615288.0,0.0,-0.0,0.0,0.0,0.0,0.0,53,152018454839296.0,-0.0,0.0,0.0,0.0,0.0,0.0,0.0,0.0,0,0,0,0.0,0.0,0.0,0.0,0.0,0.0,0.0,0.0,0.0,0.0,0.0,0.0,0.0,0.0,0.0,0.0,0,-107875648.0,53,0.0,106,-107614832.0,-107350944.0,ERR,ERR,ERR,ERR,ERR,ERR,ERR,ERR,ERR,ERR,ERR,ERR,ERR,ERR,ERR,ERR,ERR,ERR,ERR,ERR,ERR,ERR,ERR,ERR,ERR,ERR,ERR,ERR,ERR,ERR,ERR,ERR,ERR,ERR,ERR,ERR,ERR,ERR,ERR,ERR,ERR,ERR,ERR,ERR,ERR,ERR,ERR,ERR,ERR,ERR,ERR,ERR,ERR,ERR,ERR,ERR,ERR,ERR,ERR,ERR,ERR,ERR,ERR,ERR,ERR,ERR,ERR,50.0,60.0,100,0.0,0.0,0.0,0.0,0.0,0.0,0.0,0.0,0.0,0.0,0.0,0.0,0.0,0.0,0.0,0.0,61.6,65,20,65521,50,65476,0,300,0,0,8,20529,65476,0,0,26214,60.0,0.0,0.0,0.0,0.0,0.0
2026-05-17T16:27:02,ERR,ERR,ERR,ERR,ERR,ERR,ERR,ERR,ERR,ERR,ERR,ERR,ERR,ERR,ERR,ERR,ERR,ERR,ERR,ERR,ERR,ERR,ERR,ERR,ERR,ERR,ERR,ERR,ERR,ERR,ERR,ERR,ERR,ERR,ERR,ERR,ERR,ERR,ERR,ERR,ERR,ERR,ERR,ERR,ERR,ERR,ERR,ERR,ERR,ERR,ERR,ERR,ERR,ERR,ERR,ERR,ERR,ERR,ERR,ERR,ERR,ERR,ERR,ERR,ERR,ERR,ERR,ERR,ERR,ERR,ERR,ERR,ERR,ERR,ERR,ERR,ERR,ERR,ERR,ERR,ERR,ERR,ERR,ERR,ERR,ERR,ERR,ERR,ERR,ERR,ERR,ERR,ERR,ERR,ERR,ERR,ERR,ERR,ERR,ERR,ERR,ERR,ERR,ERR,ERR,ERR,ERR,ERR,ERR,ERR,ERR,ERR,ERR,ERR,ERR,ERR,ERR,ERR,ERR,ERR,ERR,ERR,ERR,ERR,ERR,0.0,-107615288.0,-0.0,0.0,0.0,1.3936040501711995e+18,7.805,0.0,0,0,4,0,8422,0.0,45,0.0,0.0,0.0,0.0,0.0,0,0,0,0,0.0,0,0,0,0,0,0,0,0,0,0,0,0,0,0,0,0,0,0,0,0,0,0,0,0,0,0,0,0,0,0,0,0,0,38,14,7,45,65476,0,300,0,0,8,21553,0.0,-107605600.0,0.0,0.0,0.0,0.0,0.0,0.0,0.0,0.0,0.0,0.0,0.0,0.0,0.0,0.0,0.0,0.0,0.0,0.0,0.0,0.0,0.0,-2.004,-0.0,0.0,0.0,0.0,0.0,0.0,5007.0,-0.0,0.0,0.0,-107615288.0,0.0,-0.0,0.0,0.0,0.0,0.0,53,152018454839296.0,-0.0,0.0,0.0,0.0,0.0,0.0,0.0,0.0,0,0,0,0.0,0.0,0.0,0.0,0.0,0.0,0.0,0.0,0.0,0.0,0.0,0.0,0.0,0.0,0.0,0.0,0,-107875648.0,53,0.0,106,-107614832.0,-107350944.0,ERR,ERR,ERR,ERR,ERR,ERR,ERR,ERR,ERR,ERR,ERR,ERR,ERR,ERR,ERR,ERR,ERR,ERR,ERR,ERR,ERR,ERR,ERR,ERR,ERR,ERR,ERR,ERR,ERR,ERR,ERR,ERR,ERR,ERR,ERR,ERR,ERR,ERR,ERR,ERR,ERR,ERR,ERR,ERR,ERR,ERR,ERR,ERR,ERR,ERR,ERR,ERR,ERR,ERR,ERR,ERR,ERR,ERR,ERR,ERR,ERR,ERR,ERR,ERR,ERR,ERR,ERR,50.0,60.0,100,0.0,0.0,0.0,0.0,0.0,0.0,0.0,0.0,0.0,0.0,0.0,0.0,0.0,0.0,0.0,0.0,62.0,65,20,65521,50,65476,0,300,0,0,8,20529,65476,0,0,26214,60.0,0.0,0.0,0.0,0.0,0.0
2026-05-17T16:27:03,ERR,ERR,ERR,ERR,ERR,ERR,ERR,ERR,ERR,ERR,ERR,ERR,ERR,ERR,ERR,ERR,ERR,ERR,ERR,ERR,ERR,ERR,ERR,ERR,ERR,ERR,ERR,ERR,ERR,ERR,ERR,ERR,ERR,ERR,ERR,ERR,ERR,ERR,ERR,ERR,ERR,ERR,ERR,ERR,ERR,ERR,ERR,ERR,ERR,ERR,ERR,ERR,ERR,ERR,ERR,ERR,ERR,ERR,ERR,ERR,ERR,ERR,ERR,ERR,ERR,ERR,ERR,ERR,ERR,ERR,ERR,ERR,ERR,ERR,ERR,ERR,ERR,ERR,ERR,ERR,ERR,ERR,ERR,ERR,ERR,ERR,ERR,ERR,ERR,ERR,ERR,ERR,ERR,ERR,ERR,ERR,ERR,ERR,ERR,ERR,ERR,ERR,ERR,ERR,ERR,ERR,ERR,ERR,ERR,ERR,ERR,ERR,ERR,ERR,ERR,ERR,ERR,ERR,ERR,ERR,ERR,ERR,ERR,ERR,ERR,0.0,-107615288.0,-0.0,0.0,0.0,1.3936040501711995e+18,7.805,0.0,0,0,4,0,8422,0.0,45,0.0,0.0,0.0,0.0,0.0,0,0,0,0,0.0,0,0,0,0,0,0,0,0,0,0,0,0,0,0,0,0,0,0,0,0,0,0,0,0,0,0,0,0,0,0,0,0,0,38,14,7,45,65476,0,300,0,0,8,21553,0.0,-107605600.0,0.0,0.0,0.0,0.0,0.0,0.0,0.0,0.0,0.0,0.0,0.0,0.0,0.0,0.0,0.0,0.0,0.0,0.0,0.0,0.0,0.0,-2.004,-0.0,0.0,0.0,0.0,0.0,0.0,5007.0,-0.0,0.0,0.0,-107615288.0,0.0,-0.0,0.0,0.0,0.0,0.0,53,152018454839296.0,-0.0,0.0,0.0,0.0,0.0,0.0,0.0,0.0,0,0,0,0.0,0.0,0.0,0.0,0.0,0.0,0.0,0.0,0.0,0.0,0.0,0.0,0.0,0.0,0.0,0.0,0,-107875648.0,53,0.0,106,-107614832.0,-107350944.0,ERR,ERR,ERR,ERR,ERR,ERR,ERR,ERR,ERR,ERR,ERR,ERR,ERR,ERR,ERR,ERR,ERR,ERR,ERR,ERR,ERR,ERR,ERR,ERR,ERR,ERR,ERR,ERR,ERR,ERR,ERR,ERR,ERR,ERR,ERR,ERR,ERR,ERR,ERR,ERR,ERR,ERR,ERR,ERR,ERR,ERR,ERR,ERR,ERR,ERR,ERR,ERR,ERR,ERR,ERR,ERR,ERR,ERR,ERR,ERR,ERR,ERR,ERR,ERR,ERR,ERR,ERR,50.0,60.0,100,0.0,0.0,0.0,0.0,0.0,0.0,0.0,0.0,0.0,0.0,0.0,0.0,0.0,0.0,0.0,0.0,62.0,65,20,65521,50,65476,0,300,0,0,8,20529,65476,0,0,26214,60.0,0.0,0.0,0.0,0.0,0.0
2026-05-17T16:27:04,ERR,ERR,ERR,ERR,ERR,ERR,ERR,ERR,ERR,ERR,ERR,ERR,ERR,ERR,ERR,ERR,ERR,ERR,ERR,ERR,ERR,ERR,ERR,ERR,ERR,ERR,ERR,ERR,ERR,ERR,ERR,ERR,ERR,ERR,ERR,ERR,ERR,ERR,ERR,ERR,ERR,ERR,ERR,ERR,ERR,ERR,ERR,ERR,ERR,ERR,ERR,ERR,ERR,ERR,ERR,ERR,ERR,ERR,ERR,ERR,ERR,ERR,ERR,ERR,ERR,ERR,ERR,ERR,ERR,ERR,ERR,ERR,ERR,ERR,ERR,ERR,ERR,ERR,ERR,ERR,ERR,ERR,ERR,ERR,ERR,ERR,ERR,ERR,ERR,ERR,ERR,ERR,ERR,ERR,ERR,ERR,ERR,ERR,ERR,ERR,ERR,ERR,ERR,ERR,ERR,ERR,ERR,ERR,ERR,ERR,ERR,ERR,ERR,ERR,ERR,ERR,ERR,ERR,ERR,ERR,ERR,ERR,ERR,ERR,ERR,0.0,-107615288.0,-0.0,0.0,0.0,1.3936040501711995e+18,7.805,0.0,0,0,4,0,8422,0.0,45,0.0,0.0,0.0,0.0,0.0,0,0,0,0,0.0,0,0,0,0,0,0,0,0,0,0,0,0,0,0,0,0,0,0,0,0,0,0,0,0,0,0,0,0,0,0,0,0,0,38,14,7,45,65476,0,300,0,0,8,21553,0.0,-107605600.0,0.0,0.0,0.0,0.0,0.0,0.0,0.0,0.0,0.0,0.0,0.0,0.0,0.0,0.0,0.0,0.0,0.0,0.0,0.0,0.0,0.0,-2.004,-0.0,0.0,0.0,0.0,0.0,0.0,5039.0,-0.0,0.0,0.0,-107615288.0,0.0,-0.0,0.0,0.0,0.0,0.0,53,3.222028592685471e+26,-2.308828227263571e+20,0.0,0.0,0.0,0.0,0.0,0.0,0.0,0,0,0,0.0,0.0,0.0,0.0,0.0,0.0,0.0,0.0,0.0,0.0,0.0,0.0,0.0,0.0,0.0,0.0,0,-107875648.0,53,0.0,106,-107614832.0,-107350944.0,ERR,ERR,ERR,ERR,ERR,ERR,ERR,ERR,ERR,ERR,ERR,ERR,ERR,ERR,ERR,ERR,ERR,ERR,ERR,ERR,ERR,ERR,ERR,ERR,ERR,ERR,ERR,ERR,ERR,ERR,ERR,ERR,ERR,ERR,ERR,ERR,ERR,ERR,ERR,ERR,ERR,ERR,ERR,ERR,ERR,ERR,ERR,ERR,ERR,ERR,ERR,ERR,ERR,ERR,ERR,ERR,ERR,ERR,ERR,ERR,ERR,ERR,ERR,ERR,ERR,ERR,ERR,50.0,60.0,100,0.0,0.0,0.0,0.0,0.0,0.0,0.0,0.0,0.0,0.0,0.0,0.0,0.0,0.0,0.0,0.0,62.0,65,20,65521,50,65476,0,300,0,0,8,20529,65476,0,0,26214,60.0,0.0,0.0,0.0,0.0,0.0
2026-05-17T16:27:05,ERR,ERR,ERR,ERR,ERR,ERR,ERR,ERR,ERR,ERR,ERR,ERR,ERR,ERR,ERR,ERR,ERR,ERR,ERR,ERR,ERR,ERR,ERR,ERR,ERR,ERR,ERR,ERR,ERR,ERR,ERR,ERR,ERR,ERR,ERR,ERR,ERR,ERR,ERR,ERR,ERR,ERR,ERR,ERR,ERR,ERR,ERR,ERR,ERR,ERR,ERR,ERR,ERR,ERR,ERR,ERR,ERR,ERR,ERR,ERR,ERR,ERR,ERR,ERR,ERR,ERR,ERR,ERR,ERR,ERR,ERR,ERR,ERR,ERR,ERR,ERR,ERR,ERR,ERR,ERR,ERR,ERR,ERR,ERR,ERR,ERR,ERR,ERR,ERR,ERR,ERR,ERR,ERR,ERR,ERR,ERR,ERR,ERR,ERR,ERR,ERR,ERR,ERR,ERR,ERR,ERR,ERR,ERR,ERR,ERR,ERR,ERR,ERR,ERR,ERR,ERR,ERR,ERR,ERR,ERR,ERR,ERR,ERR,ERR,ERR,0.0,-107615288.0,-0.0,0.0,0.0,1.3936040501711995e+18,7.805,0.0,0,0,4,0,8422,0.0,45,0.0,0.0,0.0,0.0,0.0,0,0,0,0,0.0,0,0,0,0,0,0,0,0,0,0,0,0,0,0,0,0,0,0,0,0,0,0,0,0,0,0,0,0,0,0,0,0,0,38,14,7,45,65476,0,300,0,0,8,21553,0.0,-107605600.0,0.0,0.0,0.0,0.0,0.0,0.0,0.0,0.0,0.0,0.0,0.0,0.0,0.0,0.0,0.0,0.0,0.0,0.0,0.0,0.0,0.0,-2.004,-0.0,0.0,0.0,0.0,0.0,0.0,5039.0,-0.0,0.0,0.0,-107615288.0,0.0,-0.0,0.0,0.0,0.0,0.0,53,3.222028592685471e+26,-2.308828227263571e+20,0.0,0.0,0.0,0.0,0.0,0.0,0.0,0,0,0,0.0,0.0,0.0,0.0,0.0,0.0,0.0,0.0,0.0,0.0,0.0,0.0,0.0,0.0,0.0,0.0,0,-107875648.0,53,0.0,106,-107614832.0,-107350944.0,ERR,ERR,ERR,ERR,ERR,ERR,ERR,ERR,ERR,ERR,ERR,ERR,ERR,ERR,ERR,ERR,ERR,ERR,ERR,ERR,ERR,ERR,ERR,ERR,ERR,ERR,ERR,ERR,ERR,ERR,ERR,ERR,ERR,ERR,ERR,ERR,ERR,ERR,ERR,ERR,ERR,ERR,ERR,ERR,ERR,ERR,ERR,ERR,ERR,ERR,ERR,ERR,ERR,ERR,ERR,ERR,ERR,ERR,ERR,ERR,ERR,ERR,ERR,ERR,ERR,ERR,ERR,50.0,60.0,100,0.0,0.0,0.0,0.0,0.0,0.0,0.0,0.0,0.0,0.0,0.0,0.0,0.0,0.0,0.0,0.0,62.0,65,20,65521,50,65476,0,300,0,0,8,20529,65476,0,0,26214,60.0,0.0,0.0,0.0,0.0,0.0
2026-05-17T16:27:06,ERR,ERR,ERR,ERR,ERR,ERR,ERR,ERR,ERR,ERR,ERR,ERR,ERR,ERR,ERR,ERR,ERR,ERR,ERR,ERR,ERR,ERR,ERR,ERR,ERR,ERR,ERR,ERR,ERR,ERR,ERR,ERR,ERR,ERR,ERR,ERR,ERR,ERR,ERR,ERR,ERR,ERR,ERR,ERR,ERR,ERR,ERR,ERR,ERR,ERR,ERR,ERR,ERR,ERR,ERR,ERR,ERR,ERR,ERR,ERR,ERR,ERR,ERR,ERR,ERR,ERR,ERR,ERR,ERR,ERR,ERR,ERR,ERR,ERR,ERR,ERR,ERR,ERR,ERR,ERR,ERR,ERR,ERR,ERR,ERR,ERR,ERR,ERR,ERR,ERR,ERR,ERR,ERR,ERR,ERR,ERR,ERR,ERR,ERR,ERR,ERR,ERR,ERR,ERR,ERR,ERR,ERR,ERR,ERR,ERR,ERR,ERR,ERR,ERR,ERR,ERR,ERR,ERR,ERR,ERR,ERR,ERR,ERR,ERR,ERR,0.0,-107615288.0,-0.0,0.0,0.0,1.3936040501711995e+18,7.805,0.0,0,0,4,0,8422,0.0,45,0.0,0.0,0.0,0.0,0.0,0,0,0,0,0.0,0,0,0,0,0,0,0,0,0,0,0,0,0,0,0,0,0,0,0,0,0,0,0,0,0,0,0,0,0,0,0,0,0,38,14,7,45,65476,0,300,0,0,8,21553,0.0,-107605600.0,0.0,0.0,0.0,0.0,0.0,0.0,0.0,0.0,0.0,0.0,0.0,0.0,0.0,0.0,0.0,0.0,0.0,0.0,0.0,0.0,0.0,-2.004,-0.0,0.0,0.0,0.0,0.0,0.0,5039.0,-0.0,0.0,0.0,-107615288.0,0.0,-0.0,0.0,0.0,0.0,0.0,53,3.222028592685471e+26,-2.308828227263571e+20,0.0,0.0,0.0,0.0,0.0,0.0,0.0,0,0,0,0.0,0.0,0.0,0.0,0.0,0.0,0.0,0.0,0.0,0.0,0.0,0.0,0.0,0.0,0.0,0.0,0,-107875648.0,53,0.0,106,-107614832.0,-107350944.0,ERR,ERR,ERR,ERR,ERR,ERR,ERR,ERR,ERR,ERR,ERR,ERR,ERR,ERR,ERR,ERR,ERR,ERR,ERR,ERR,ERR,ERR,ERR,ERR,ERR,ERR,ERR,ERR,ERR,ERR,ERR,ERR,ERR,ERR,ERR,ERR,ERR,ERR,ERR,ERR,ERR,ERR,ERR,ERR,ERR,ERR,ERR,ERR,ERR,ERR,ERR,ERR,ERR,ERR,ERR,ERR,ERR,ERR,ERR,ERR,ERR,ERR,ERR,ERR,ERR,ERR,ERR,50.0,60.0,100,0.0,0.0,0.0,0.0,0.0,0.0,0.0,0.0,0.0,0.0,0.0,0.0,0.0,0.0,0.0,0.0,61.6,65,20,65521,50,65476,0,300,0,0,8,20529,65476,0,0,26214,60.0,0.0,0.0,0.0,0.0,0.0
2026-05-17T16:27:07,ERR,ERR,ERR,ERR,ERR,ERR,ERR,ERR,ERR,ERR,ERR,ERR,ERR,ERR,ERR,ERR,ERR,ERR,ERR,ERR,ERR,ERR,ERR,ERR,ERR,ERR,ERR,ERR,ERR,ERR,ERR,ERR,ERR,ERR,ERR,ERR,ERR,ERR,ERR,ERR,ERR,ERR,ERR,ERR,ERR,ERR,ERR,ERR,ERR,ERR,ERR,ERR,ERR,ERR,ERR,ERR,ERR,ERR,ERR,ERR,ERR,ERR,ERR,ERR,ERR,ERR,ERR,ERR,ERR,ERR,ERR,ERR,ERR,ERR,ERR,ERR,ERR,ERR,ERR,ERR,ERR,ERR,ERR,ERR,ERR,ERR,ERR,ERR,ERR,ERR,ERR,ERR,ERR,ERR,ERR,ERR,ERR,ERR,ERR,ERR,ERR,ERR,ERR,ERR,ERR,ERR,ERR,ERR,ERR,ERR,ERR,ERR,ERR,ERR,ERR,ERR,ERR,ERR,ERR,ERR,ERR,ERR,ERR,ERR,ERR,0.0,-107615288.0,-0.0,0.0,0.0,1.3936040501711995e+18,7.805,0.0,0,0,4,0,8422,0.0,45,0.0,0.0,0.0,0.0,0.0,0,0,0,0,0.0,0,0,0,0,0,0,0,0,0,0,0,0,0,0,0,0,0,0,0,0,0,0,0,0,0,0,0,0,0,0,0,0,0,38,14,7,45,65476,0,300,0,0,8,21553,0.0,-107605600.0,0.0,0.0,0.0,0.0,0.0,0.0,0.0,0.0,0.0,0.0,0.0,0.0,0.0,0.0,0.0,0.0,0.0,0.0,0.0,0.0,0.0,-2.004,-0.0,0.0,0.0,0.0,0.0,0.0,5039.0,-0.0,0.0,0.0,-107615288.0,0.0,-0.0,0.0,0.0,0.0,0.0,53,3.222028592685471e+26,-2.308828227263571e+20,0.0,0.0,0.0,0.0,0.0,0.0,0.0,0,0,0,0.0,0.0,0.0,0.0,0.0,0.0,0.0,0.0,0.0,0.0,0.0,0.0,0.0,0.0,0.0,0.0,0,-107875648.0,53,0.0,106,-107614832.0,-107350944.0,ERR,ERR,ERR,ERR,ERR,ERR,ERR,ERR,ERR,ERR,ERR,ERR,ERR,ERR,ERR,ERR,ERR,ERR,ERR,ERR,ERR,ERR,ERR,ERR,ERR,ERR,ERR,ERR,ERR,ERR,ERR,ERR,ERR,ERR,ERR,ERR,ERR,ERR,ERR,ERR,ERR,ERR,ERR,ERR,ERR,ERR,ERR,ERR,ERR,ERR,ERR,ERR,ERR,ERR,ERR,ERR,ERR,ERR,ERR,ERR,ERR,ERR,ERR,ERR,ERR,ERR,ERR,50.0,60.0,100,0.0,0.0,0.0,0.0,0.0,0.0,0.0,0.0,0.0,0.0,0.0,0.0,0.0,0.0,0.0,0.0,61.6,65,20,65521,50,65476,0,300,0,0,8,20529,65476,0,0,26214,60.0,0.0,0.0,0.0,0.0,0.0
2026-05-17T16:27:08,ERR,ERR,ERR,ERR,ERR,ERR,ERR,ERR,ERR,ERR,ERR,ERR,ERR,ERR,ERR,ERR,ERR,ERR,ERR,ERR,ERR,ERR,ERR,ERR,ERR,ERR,ERR,ERR,ERR,ERR,ERR,ERR,ERR,ERR,ERR,ERR,ERR,ERR,ERR,ERR,ERR,ERR,ERR,ERR,ERR,ERR,ERR,ERR,ERR,ERR,ERR,ERR,ERR,ERR,ERR,ERR,ERR,ERR,ERR,ERR,ERR,ERR,ERR,ERR,ERR,ERR,ERR,ERR,ERR,ERR,ERR,ERR,ERR,ERR,ERR,ERR,ERR,ERR,ERR,ERR,ERR,ERR,ERR,ERR,ERR,ERR,ERR,ERR,ERR,ERR,ERR,ERR,ERR,ERR,ERR,ERR,ERR,ERR,ERR,ERR,ERR,ERR,ERR,ERR,ERR,ERR,ERR,ERR,ERR,ERR,ERR,ERR,ERR,ERR,ERR,ERR,ERR,ERR,ERR,ERR,ERR,ERR,ERR,ERR,ERR,0.0,-107615288.0,-0.0,0.0,0.0,1.3936040501711995e+18,7.805,0.0,0,0,4,0,8422,0.0,45,0.0,0.0,0.0,0.0,0.0,0,0,0,0,0.0,0,0,0,0,0,0,0,0,0,0,0,0,0,0,0,0,0,0,0,0,0,0,0,0,0,0,0,0,0,0,0,0,0,38,14,7,45,65476,0,300,0,0,8,21553,0.0,-107605600.0,0.0,0.0,0.0,0.0,0.0,0.0,0.0,0.0,0.0,0.0,0.0,0.0,0.0,0.0,0.0,0.0,0.0,0.0,0.0,0.0,0.0,-2.004,-0.0,0.0,0.0,0.0,0.0,0.0,5039.0,-0.0,0.0,0.0,-107615288.0,0.0,-0.0,0.0,0.0,0.0,0.0,53,3.222028592685471e+26,-2.308828227263571e+20,0.0,0.0,0.0,0.0,0.0,0.0,0.0,0,0,0,0.0,0.0,0.0,0.0,0.0,0.0,0.0,0.0,0.0,0.0,0.0,0.0,0.0,0.0,0.0,0.0,0,-107875648.0,53,0.0,106,-107614832.0,-107350944.0,ERR,ERR,ERR,ERR,ERR,ERR,ERR,ERR,ERR,ERR,ERR,ERR,ERR,ERR,ERR,ERR,ERR,ERR,ERR,ERR,ERR,ERR,ERR,ERR,ERR,ERR,ERR,ERR,ERR,ERR,ERR,ERR,ERR,ERR,ERR,ERR,ERR,ERR,ERR,ERR,ERR,ERR,ERR,ERR,ERR,ERR,ERR,ERR,ERR,ERR,ERR,ERR,ERR,ERR,ERR,ERR,ERR,ERR,ERR,ERR,ERR,ERR,ERR,ERR,ERR,ERR,ERR,50.0,60.0,100,0.0,0.0,0.0,0.0,0.0,0.0,0.0,0.0,0.0,0.0,0.0,0.0,0.0,0.0,0.0,0.0,61.6,65,20,65521,50,65476,0,300,0,0,8,20529,65476,0,0,26214,60.0,0.0,0.0,0.0,0.0,0.0
2026-05-17T16:27:09,ERR,ERR,ERR,ERR,ERR,ERR,ERR,ERR,ERR,ERR,ERR,ERR,ERR,ERR,ERR,ERR,ERR,ERR,ERR,ERR,ERR,ERR,ERR,ERR,ERR,ERR,ERR,ERR,ERR,ERR,ERR,ERR,ERR,ERR,ERR,ERR,ERR,ERR,ERR,ERR,ERR,ERR,ERR,ERR,ERR,ERR,ERR,ERR,ERR,ERR,ERR,ERR,ERR,ERR,ERR,ERR,ERR,ERR,ERR,ERR,ERR,ERR,ERR,ERR,ERR,ERR,ERR,ERR,ERR,ERR,ERR,ERR,ERR,ERR,ERR,ERR,ERR,ERR,ERR,ERR,ERR,ERR,ERR,ERR,ERR,ERR,ERR,ERR,ERR,ERR,ERR,ERR,ERR,ERR,ERR,ERR,ERR,ERR,ERR,ERR,ERR,ERR,ERR,ERR,ERR,ERR,ERR,ERR,ERR,ERR,ERR,ERR,ERR,ERR,ERR,ERR,ERR,ERR,ERR,ERR,ERR,ERR,ERR,ERR,ERR,0.0,-107615288.0,-0.0,0.0,0.0,1.3936040501711995e+18,7.805,0.0,0,0,4,0,8422,0.0,45,0.0,0.0,0.0,0.0,0.0,0,0,0,0,0.0,0,0,0,0,0,0,0,0,0,0,0,0,0,0,0,0,0,0,0,0,0,0,0,0,0,0,0,0,0,0,0,0,0,38,14,7,45,65476,0,300,0,0,8,21553,0.0,-107605600.0,0.0,0.0,0.0,0.0,0.0,0.0,0.0,0.0,0.0,0.0,0.0,0.0,0.0,0.0,0.0,0.0,0.0,0.0,0.0,0.0,0.0,-2.004,-0.0,0.0,0.0,0.0,0.0,0.0,5069.0,0.0,0.0,0.0,-107615288.0,0.0,-0.0,0.0,0.0,0.0,0.0,53,152018454839296.0,0.059,0.0,0.0,0.0,0.0,0.0,0.0,0.0,0,0,0,0.0,0.0,0.0,0.0,0.0,0.0,0.0,0.0,0.0,0.0,0.0,0.0,0.0,0.0,0.0,0.0,0,-107875648.0,53,0.0,106,-107614832.0,-107350944.0,ERR,ERR,ERR,ERR,ERR,ERR,ERR,ERR,ERR,ERR,ERR,ERR,ERR,ERR,ERR,ERR,ERR,ERR,ERR,ERR,ERR,ERR,ERR,ERR,ERR,ERR,ERR,ERR,ERR,ERR,ERR,ERR,ERR,ERR,ERR,ERR,ERR,ERR,ERR,ERR,ERR,ERR,ERR,ERR,ERR,ERR,ERR,ERR,ERR,ERR,ERR,ERR,ERR,ERR,ERR,ERR,ERR,ERR,ERR,ERR,ERR,ERR,ERR,ERR,ERR,ERR,ERR,50.0,60.0,100,0.0,0.0,0.0,0.0,0.0,0.0,0.0,0.0,0.0,0.0,0.0,0.0,0.0,0.0,0.0,0.0,61.6,65,20,65521,50,65476,0,300,0,0,8,20529,65476,0,0,26214,60.0,0.0,0.0,0.0,0.0,0.0
2026-05-17T16:27:10,ERR,ERR,ERR,ERR,ERR,ERR,ERR,ERR,ERR,ERR,ERR,ERR,ERR,ERR,ERR,ERR,ERR,ERR,ERR,ERR,ERR,ERR,ERR,ERR,ERR,ERR,ERR,ERR,ERR,ERR,ERR,ERR,ERR,ERR,ERR,ERR,ERR,ERR,ERR,ERR,ERR,ERR,ERR,ERR,ERR,ERR,ERR,ERR,ERR,ERR,ERR,ERR,ERR,ERR,ERR,ERR,ERR,ERR,ERR,ERR,ERR,ERR,ERR,ERR,ERR,ERR,ERR,ERR,ERR,ERR,ERR,ERR,ERR,ERR,ERR,ERR,ERR,ERR,ERR,ERR,ERR,ERR,ERR,ERR,ERR,ERR,ERR,ERR,ERR,ERR,ERR,ERR,ERR,ERR,ERR,ERR,ERR,ERR,ERR,ERR,ERR,ERR,ERR,ERR,ERR,ERR,ERR,ERR,ERR,ERR,ERR,ERR,ERR,ERR,ERR,ERR,ERR,ERR,ERR,ERR,ERR,ERR,ERR,ERR,ERR,0.0,-107615288.0,-0.0,0.0,0.0,1.3936040501711995e+18,7.805,0.0,0,0,4,0,8422,0.0,45,0.0,0.0,0.0,0.0,0.0,0,0,0,0,0.0,0,0,0,0,0,0,0,0,0,0,0,0,0,0,0,0,0,0,0,0,0,0,0,0,0,0,0,0,0,0,0,0,0,38,14,7,45,65476,0,300,0,0,8,21553,0.0,-107605600.0,0.0,0.0,0.0,0.0,0.0,0.0,0.0,0.0,0.0,0.0,0.0,0.0,0.0,0.0,0.0,0.0,0.0,0.0,0.0,0.0,0.0,-2.004,-0.0,0.0,0.0,0.0,0.0,0.0,5069.0,0.0,0.0,0.0,-107615288.0,0.0,-0.0,0.0,0.0,0.0,0.0,53,152018454839296.0,0.059,0.0,0.0,0.0,0.0,0.0,0.0,0.0,0,0,0,0.0,0.0,0.0,0.0,0.0,0.0,0.0,0.0,0.0,0.0,0.0,0.0,0.0,0.0,0.0,0.0,0,-107875648.0,53,0.0,106,-107614832.0,-107350944.0,ERR,ERR,ERR,ERR,ERR,ERR,ERR,ERR,ERR,ERR,ERR,ERR,ERR,ERR,ERR,ERR,ERR,ERR,ERR,ERR,ERR,ERR,ERR,ERR,ERR,ERR,ERR,ERR,ERR,ERR,ERR,ERR,ERR,ERR,ERR,ERR,ERR,ERR,ERR,ERR,ERR,ERR,ERR,ERR,ERR,ERR,ERR,ERR,ERR,ERR,ERR,ERR,ERR,ERR,ERR,ERR,ERR,ERR,ERR,ERR,ERR,ERR,ERR,ERR,ERR,ERR,ERR,50.0,60.0,100,0.0,0.0,0.0,0.0,0.0,0.0,0.0,0.0,0.0,0.0,0.0,0.0,0.0,0.0,0.0,0.0,61.6,65,20,65521,50,65476,0,300,0,0,8,20529,65476,0,0,26214,60.0,0.0,0.0,0.0,0.0,0.0
2026-05-17T16:27:11,ERR,ERR,ERR,ERR,ERR,ERR,ERR,ERR,ERR,ERR,ERR,ERR,ERR,ERR,ERR,ERR,ERR,ERR,ERR,ERR,ERR,ERR,ERR,ERR,ERR,ERR,ERR,ERR,ERR,ERR,ERR,ERR,ERR,ERR,ERR,ERR,ERR,ERR,ERR,ERR,ERR,ERR,ERR,ERR,ERR,ERR,ERR,ERR,ERR,ERR,ERR,ERR,ERR,ERR,ERR,ERR,ERR,ERR,ERR,ERR,ERR,ERR,ERR,ERR,ERR,ERR,ERR,ERR,ERR,ERR,ERR,ERR,ERR,ERR,ERR,ERR,ERR,ERR,ERR,ERR,ERR,ERR,ERR,ERR,ERR,ERR,ERR,ERR,ERR,ERR,ERR,ERR,ERR,ERR,ERR,ERR,ERR,ERR,ERR,ERR,ERR,ERR,ERR,ERR,ERR,ERR,ERR,ERR,ERR,ERR,ERR,ERR,ERR,ERR,ERR,ERR,ERR,ERR,ERR,ERR,ERR,ERR,ERR,ERR,ERR,0.0,-107615288.0,-0.0,0.0,0.0,1.3936040501711995e+18,7.805,0.0,0,0,4,0,8422,0.0,45,0.0,0.0,0.0,0.0,0.0,0,0,0,0,0.0,0,0,0,0,0,0,0,0,0,0,0,0,0,0,0,0,0,0,0,0,0,0,0,0,0,0,0,0,0,0,0,0,0,38,14,7,45,65476,0,300,0,0,8,21553,0.0,-107605600.0,0.0,0.0,0.0,0.0,0.0,0.0,0.0,0.0,0.0,0.0,0.0,0.0,0.0,0.0,0.0,0.0,0.0,0.0,0.0,0.0,0.0,-2.004,-0.0,0.0,0.0,0.0,0.0,0.0,5069.0,0.0,0.0,0.0,-107615288.0,0.0,-0.0,0.0,0.0,0.0,0.0,53,152018454839296.0,0.059,0.0,0.0,0.0,0.0,0.0,0.0,0.0,0,0,0,0.0,0.0,0.0,0.0,0.0,0.0,0.0,0.0,0.0,0.0,0.0,0.0,0.0,0.0,0.0,0.0,0,-107875648.0,53,0.0,106,-107614832.0,-107350944.0,ERR,ERR,ERR,ERR,ERR,ERR,ERR,ERR,ERR,ERR,ERR,ERR,ERR,ERR,ERR,ERR,ERR,ERR,ERR,ERR,ERR,ERR,ERR,ERR,ERR,ERR,ERR,ERR,ERR,ERR,ERR,ERR,ERR,ERR,ERR,ERR,ERR,ERR,ERR,ERR,ERR,ERR,ERR,ERR,ERR,ERR,ERR,ERR,ERR,ERR,ERR,ERR,ERR,ERR,ERR,ERR,ERR,ERR,ERR,ERR,ERR,ERR,ERR,ERR,ERR,ERR,ERR,50.0,60.0,100,0.0,0.0,0.0,0.0,0.0,0.0,0.0,0.0,0.0,0.0,0.0,0.0,0.0,0.0,0.0,0.0,62.0,65,20,65521,50,65476,0,300,0,0,8,20529,65476,0,0,26214,60.0,0.0,0.0,0.0,0.0,0.0
2026-05-17T16:27:12,ERR,ERR,ERR,ERR,ERR,ERR,ERR,ERR,ERR,ERR,ERR,ERR,ERR,ERR,ERR,ERR,ERR,ERR,ERR,ERR,ERR,ERR,ERR,ERR,ERR,ERR,ERR,ERR,ERR,ERR,ERR,ERR,ERR,ERR,ERR,ERR,ERR,ERR,ERR,ERR,ERR,ERR,ERR,ERR,ERR,ERR,ERR,ERR,ERR,ERR,ERR,ERR,ERR,ERR,ERR,ERR,ERR,ERR,ERR,ERR,ERR,ERR,ERR,ERR,ERR,ERR,ERR,ERR,ERR,ERR,ERR,ERR,ERR,ERR,ERR,ERR,ERR,ERR,ERR,ERR,ERR,ERR,ERR,ERR,ERR,ERR,ERR,ERR,ERR,ERR,ERR,ERR,ERR,ERR,ERR,ERR,ERR,ERR,ERR,ERR,ERR,ERR,ERR,ERR,ERR,ERR,ERR,ERR,ERR,ERR,ERR,ERR,ERR,ERR,ERR,ERR,ERR,ERR,ERR,ERR,ERR,ERR,ERR,ERR,ERR,0.0,-107615288.0,-0.0,0.0,0.0,1.3936040501711995e+18,7.805,0.0,0,0,4,0,8422,0.0,45,0.0,0.0,0.0,0.0,0.0,0,0,0,0,0.0,0,0,0,0,0,0,0,0,0,0,0,0,0,0,0,0,0,0,0,0,0,0,0,0,0,0,0,0,0,0,0,0,0,38,14,7,45,65476,0,300,0,0,8,21553,0.0,-107605600.0,0.0,0.0,0.0,0.0,0.0,0.0,0.0,0.0,0.0,0.0,0.0,0.0,0.0,0.0,0.0,0.0,0.0,0.0,0.0,0.0,0.0,-2.004,-0.0,0.0,0.0,0.0,0.0,0.0,5069.0,0.0,0.0,0.0,-107615288.0,0.0,-0.0,0.0,0.0,0.0,0.0,53,152018454839296.0,0.059,0.0,0.0,0.0,0.0,0.0,0.0,0.0,0,0,0,0.0,0.0,0.0,0.0,0.0,0.0,0.0,0.0,0.0,0.0,0.0,0.0,0.0,0.0,0.0,0.0,0,-107875648.0,53,0.0,106,-107614832.0,-107350944.0,ERR,ERR,ERR,ERR,ERR,ERR,ERR,ERR,ERR,ERR,ERR,ERR,ERR,ERR,ERR,ERR,ERR,ERR,ERR,ERR,ERR,ERR,ERR,ERR,ERR,ERR,ERR,ERR,ERR,ERR,ERR,ERR,ERR,ERR,ERR,ERR,ERR,ERR,ERR,ERR,ERR,ERR,ERR,ERR,ERR,ERR,ERR,ERR,ERR,ERR,ERR,ERR,ERR,ERR,ERR,ERR,ERR,ERR,ERR,ERR,ERR,ERR,ERR,ERR,ERR,ERR,ERR,50.0,60.0,100,0.0,0.0,0.0,0.0,0.0,0.0,0.0,0.0,0.0,0.0,0.0,0.0,0.0,0.0,0.0,0.0,62.0,65,20,65521,50,65476,0,300,0,0,8,20529,65476,0,0,26214,60.0,0.0,0.0,0.0,0.0,0.0
2026-05-17T16:27:13,ERR,ERR,ERR,ERR,ERR,ERR,ERR,ERR,ERR,ERR,ERR,ERR,ERR,ERR,ERR,ERR,ERR,ERR,ERR,ERR,ERR,ERR,ERR,ERR,ERR,ERR,ERR,ERR,ERR,ERR,ERR,ERR,ERR,ERR,ERR,ERR,ERR,ERR,ERR,ERR,ERR,ERR,ERR,ERR,ERR,ERR,ERR,ERR,ERR,ERR,ERR,ERR,ERR,ERR,ERR,ERR,ERR,ERR,ERR,ERR,ERR,ERR,ERR,ERR,ERR,ERR,ERR,ERR,ERR,ERR,ERR,ERR,ERR,ERR,ERR,ERR,ERR,ERR,ERR,ERR,ERR,ERR,ERR,ERR,ERR,ERR,ERR,ERR,ERR,ERR,ERR,ERR,ERR,ERR,ERR,ERR,ERR,ERR,ERR,ERR,ERR,ERR,ERR,ERR,ERR,ERR,ERR,ERR,ERR,ERR,ERR,ERR,ERR,ERR,ERR,ERR,ERR,ERR,ERR,ERR,ERR,ERR,ERR,ERR,ERR,0.0,-107615288.0,-0.0,0.0,0.0,1.3936040501711995e+18,7.805,0.0,0,0,4,0,8422,0.0,45,0.0,0.0,0.0,0.0,0.0,0,0,0,0,0.0,0,0,0,0,0,0,0,0,0,0,0,0,0,0,0,0,0,0,0,0,0,0,0,0,0,0,0,0,0,0,0,0,0,38,14,7,45,65476,0,300,0,0,8,21553,0.0,-107605600.0,0.0,0.0,0.0,0.0,0.0,0.0,0.0,0.0,0.0,0.0,0.0,0.0,0.0,0.0,0.0,0.0,0.0,0.0,0.0,0.0,0.0,-2.004,-0.0,0.0,0.0,0.0,0.0,0.0,5069.0,0.0,0.0,0.0,-107615288.0,0.0,-0.0,0.0,0.0,0.0,0.0,53,152018454839296.0,0.059,0.0,0.0,0.0,0.0,0.0,0.0,0.0,0,0,0,0.0,0.0,0.0,0.0,0.0,0.0,0.0,0.0,0.0,0.0,0.0,0.0,0.0,0.0,0.0,0.0,0,-107875648.0,53,0.0,106,-107614832.0,-107350944.0,ERR,ERR,ERR,ERR,ERR,ERR,ERR,ERR,ERR,ERR,ERR,ERR,ERR,ERR,ERR,ERR,ERR,ERR,ERR,ERR,ERR,ERR,ERR,ERR,ERR,ERR,ERR,ERR,ERR,ERR,ERR,ERR,ERR,ERR,ERR,ERR,ERR,ERR,ERR,ERR,ERR,ERR,ERR,ERR,ERR,ERR,ERR,ERR,ERR,ERR,ERR,ERR,ERR,ERR,ERR,ERR,ERR,ERR,ERR,ERR,ERR,ERR,ERR,ERR,ERR,ERR,ERR,50.0,60.0,100,0.0,0.0,0.0,0.0,0.0,0.0,0.0,0.0,0.0,0.0,0.0,0.0,0.0,0.0,0.0,0.0,61.6,65,20,65521,50,65476,0,300,0,0,8,20529,65476,0,0,26214,60.0,0.0,0.0,0.0,0.0,0.0
2026-05-17T16:27:14,ERR,ERR,ERR,ERR,ERR,ERR,ERR,ERR,ERR,ERR,ERR,ERR,ERR,ERR,ERR,ERR,ERR,ERR,ERR,ERR,ERR,ERR,ERR,ERR,ERR,ERR,ERR,ERR,ERR,ERR,ERR,ERR,ERR,ERR,ERR,ERR,ERR,ERR,ERR,ERR,ERR,ERR,ERR,ERR,ERR,ERR,ERR,ERR,ERR,ERR,ERR,ERR,ERR,ERR,ERR,ERR,ERR,ERR,ERR,ERR,ERR,ERR,ERR,ERR,ERR,ERR,ERR,ERR,ERR,ERR,ERR,ERR,ERR,ERR,ERR,ERR,ERR,ERR,ERR,ERR,ERR,ERR,ERR,ERR,ERR,ERR,ERR,ERR,ERR,ERR,ERR,ERR,ERR,ERR,ERR,ERR,ERR,ERR,ERR,ERR,ERR,ERR,ERR,ERR,ERR,ERR,ERR,ERR,ERR,ERR,ERR,ERR,ERR,ERR,ERR,ERR,ERR,ERR,ERR,ERR,ERR,ERR,ERR,ERR,ERR,0.0,-107615288.0,-0.0,0.0,0.0,1.3936040501711995e+18,7.805,0.0,0,0,4,0,8422,0.0,45,0.0,0.0,0.0,0.0,0.0,0,0,0,0,0.0,0,0,0,0,0,0,0,0,0,0,0,0,0,0,0,0,0,0,0,0,0,0,0,0,0,0,0,0,0,0,0,0,0,38,14,7,45,65476,0,300,0,0,8,21553,0.0,-107605600.0,0.0,0.0,0.0,0.0,0.0,0.0,0.0,0.0,0.0,0.0,0.0,0.0,0.0,0.0,0.0,0.0,0.0,0.0,0.0,0.0,0.0,-2.004,-0.0,0.0,0.0,0.0,0.0,0.0,5040.0,-1.040665504650976e+34,0.0,0.0,-107615288.0,0.0,-0.0,0.0,0.0,0.0,0.0,53,2.7184300208680915e+23,0.0,0.0,0.0,0.0,0.0,0.0,0.0,0.0,0,0,0,0.0,0.0,0.0,0.0,0.0,0.0,0.0,0.0,0.0,0.0,0.0,0.0,0.0,0.0,0.0,0.0,0,-107875648.0,53,0.0,106,-107614832.0,-107350944.0,ERR,ERR,ERR,ERR,ERR,ERR,ERR,ERR,ERR,ERR,ERR,ERR,ERR,ERR,ERR,ERR,ERR,ERR,ERR,ERR,ERR,ERR,ERR,ERR,ERR,ERR,ERR,ERR,ERR,ERR,ERR,ERR,ERR,ERR,ERR,ERR,ERR,ERR,ERR,ERR,ERR,ERR,ERR,ERR,ERR,ERR,ERR,ERR,ERR,ERR,ERR,ERR,ERR,ERR,ERR,ERR,ERR,ERR,ERR,ERR,ERR,ERR,ERR,ERR,ERR,ERR,ERR,50.0,60.0,100,0.0,0.0,0.0,0.0,0.0,0.0,0.0,0.0,0.0,0.0,0.0,0.0,0.0,0.0,0.0,0.0,61.6,65,20,65521,50,65476,0,300,0,0,8,20529,65476,0,0,26214,60.0,0.0,0.0,0.0,0.0,0.0
2026-05-17T16:27:15,ERR,ERR,ERR,ERR,ERR,ERR,ERR,ERR,ERR,ERR,ERR,ERR,ERR,ERR,ERR,ERR,ERR,ERR,ERR,ERR,ERR,ERR,ERR,ERR,ERR,ERR,ERR,ERR,ERR,ERR,ERR,ERR,ERR,ERR,ERR,ERR,ERR,ERR,ERR,ERR,ERR,ERR,ERR,ERR,ERR,ERR,ERR,ERR,ERR,ERR,ERR,ERR,ERR,ERR,ERR,ERR,ERR,ERR,ERR,ERR,ERR,ERR,ERR,ERR,ERR,ERR,ERR,ERR,ERR,ERR,ERR,ERR,ERR,ERR,ERR,ERR,ERR,ERR,ERR,ERR,ERR,ERR,ERR,ERR,ERR,ERR,ERR,ERR,ERR,ERR,ERR,ERR,ERR,ERR,ERR,ERR,ERR,ERR,ERR,ERR,ERR,ERR,ERR,ERR,ERR,ERR,ERR,ERR,ERR,ERR,ERR,ERR,ERR,ERR,ERR,ERR,ERR,ERR,ERR,ERR,ERR,ERR,ERR,ERR,ERR,0.0,-107615288.0,-0.0,0.0,0.0,1.3936040501711995e+18,7.805,0.0,0,0,4,0,8422,0.0,45,0.0,0.0,0.0,0.0,0.0,0,0,0,0,0.0,0,0,0,0,0,0,0,0,0,0,0,0,0,0,0,0,0,0,0,0,0,0,0,0,0,0,0,0,0,0,0,0,0,38,14,7,45,65476,0,300,0,0,8,21553,0.0,-107605600.0,0.0,0.0,0.0,0.0,0.0,0.0,0.0,0.0,0.0,0.0,0.0,0.0,0.0,0.0,0.0,0.0,0.0,0.0,0.0,0.0,0.0,-2.004,-0.0,0.0,0.0,0.0,0.0,0.0,5040.0,-1.040665504650976e+34,0.0,0.0,-107615288.0,0.0,-0.0,0.0,0.0,0.0,0.0,53,2.7184300208680915e+23,0.0,0.0,0.0,0.0,0.0,0.0,0.0,0.0,0,0,0,0.0,0.0,0.0,0.0,0.0,0.0,0.0,0.0,0.0,0.0,0.0,0.0,0.0,0.0,0.0,0.0,0,-107875648.0,53,0.0,106,-107614832.0,-107350944.0,ERR,ERR,ERR,ERR,ERR,ERR,ERR,ERR,ERR,ERR,ERR,ERR,ERR,ERR,ERR,ERR,ERR,ERR,ERR,ERR,ERR,ERR,ERR,ERR,ERR,ERR,ERR,ERR,ERR,ERR,ERR,ERR,ERR,ERR,ERR,ERR,ERR,ERR,ERR,ERR,ERR,ERR,ERR,ERR,ERR,ERR,ERR,ERR,ERR,ERR,ERR,ERR,ERR,ERR,ERR,ERR,ERR,ERR,ERR,ERR,ERR,ERR,ERR,ERR,ERR,ERR,ERR,50.0,60.0,100,0.0,0.0,0.0,0.0,0.0,0.0,0.0,0.0,0.0,0.0,0.0,0.0,0.0,0.0,0.0,0.0,61.6,65,20,65521,50,65476,0,300,0,0,8,20529,65476,0,0,26214,60.0,0.0,0.0,0.0,0.0,0.0
2026-05-17T16:27:16,ERR,ERR,ERR,ERR,ERR,ERR,ERR,ERR,ERR,ERR,ERR,ERR,ERR,ERR,ERR,ERR,ERR,ERR,ERR,ERR,ERR,ERR,ERR,ERR,ERR,ERR,ERR,ERR,ERR,ERR,ERR,ERR,ERR,ERR,ERR,ERR,ERR,ERR,ERR,ERR,ERR,ERR,ERR,ERR,ERR,ERR,ERR,ERR,ERR,ERR,ERR,ERR,ERR,ERR,ERR,ERR,ERR,ERR,ERR,ERR,ERR,ERR,ERR,ERR,ERR,ERR,ERR,ERR,ERR,ERR,ERR,ERR,ERR,ERR,ERR,ERR,ERR,ERR,ERR,ERR,ERR,ERR,ERR,ERR,ERR,ERR,ERR,ERR,ERR,ERR,ERR,ERR,ERR,ERR,ERR,ERR,ERR,ERR,ERR,ERR,ERR,ERR,ERR,ERR,ERR,ERR,ERR,ERR,ERR,ERR,ERR,ERR,ERR,ERR,ERR,ERR,ERR,ERR,ERR,ERR,ERR,ERR,ERR,ERR,ERR,0.0,-107615288.0,-0.0,0.0,0.0,1.3936040501711995e+18,7.805,0.0,0,0,4,0,8422,0.0,45,0.0,0.0,0.0,0.0,0.0,0,0,0,0,0.0,0,0,0,0,0,0,0,0,0,0,0,0,0,0,0,0,0,0,0,0,0,0,0,0,0,0,0,0,0,0,0,0,0,38,14,7,45,65476,0,300,0,0,8,21553,0.0,-107605600.0,0.0,0.0,0.0,0.0,0.0,0.0,0.0,0.0,0.0,0.0,0.0,0.0,0.0,0.0,0.0,0.0,0.0,0.0,0.0,0.0,0.0,-2.004,-0.0,0.0,0.0,0.0,0.0,0.0,5040.0,-1.040665504650976e+34,0.0,0.0,-107615288.0,0.0,-0.0,0.0,0.0,0.0,0.0,53,2.7184300208680915e+23,0.0,0.0,0.0,0.0,0.0,0.0,0.0,0.0,0,0,0,0.0,0.0,0.0,0.0,0.0,0.0,0.0,0.0,0.0,0.0,0.0,0.0,0.0,0.0,0.0,0.0,0,-107875648.0,53,0.0,106,-107614832.0,-107350944.0,ERR,ERR,ERR,ERR,ERR,ERR,ERR,ERR,ERR,ERR,ERR,ERR,ERR,ERR,ERR,ERR,ERR,ERR,ERR,ERR,ERR,ERR,ERR,ERR,ERR,ERR,ERR,ERR,ERR,ERR,ERR,ERR,ERR,ERR,ERR,ERR,ERR,ERR,ERR,ERR,ERR,ERR,ERR,ERR,ERR,ERR,ERR,ERR,ERR,ERR,ERR,ERR,ERR,ERR,ERR,ERR,ERR,ERR,ERR,ERR,ERR,ERR,ERR,ERR,ERR,ERR,ERR,50.0,60.0,100,0.0,0.0,0.0,0.0,0.0,0.0,0.0,0.0,0.0,0.0,0.0,0.0,0.0,0.0,0.0,0.0,61.6,65,20,65521,50,65476,0,300,0,0,8,20529,65476,0,0,26214,60.0,0.0,0.0,0.0,0.0,0.0
2026-05-17T16:27:17,ERR,ERR,ERR,ERR,ERR,ERR,ERR,ERR,ERR,ERR,ERR,ERR,ERR,ERR,ERR,ERR,ERR,ERR,ERR,ERR,ERR,ERR,ERR,ERR,ERR,ERR,ERR,ERR,ERR,ERR,ERR,ERR,ERR,ERR,ERR,ERR,ERR,ERR,ERR,ERR,ERR,ERR,ERR,ERR,ERR,ERR,ERR,ERR,ERR,ERR,ERR,ERR,ERR,ERR,ERR,ERR,ERR,ERR,ERR,ERR,ERR,ERR,ERR,ERR,ERR,ERR,ERR,ERR,ERR,ERR,ERR,ERR,ERR,ERR,ERR,ERR,ERR,ERR,ERR,ERR,ERR,ERR,ERR,ERR,ERR,ERR,ERR,ERR,ERR,ERR,ERR,ERR,ERR,ERR,ERR,ERR,ERR,ERR,ERR,ERR,ERR,ERR,ERR,ERR,ERR,ERR,ERR,ERR,ERR,ERR,ERR,ERR,ERR,ERR,ERR,ERR,ERR,ERR,ERR,ERR,ERR,ERR,ERR,ERR,ERR,0.0,-107615288.0,-0.0,0.0,0.0,1.3936040501711995e+18,7.805,0.0,0,0,4,0,8422,0.0,45,0.0,0.0,0.0,0.0,0.0,0,0,0,0,0.0,0,0,0,0,0,0,0,0,0,0,0,0,0,0,0,0,0,0,0,0,0,0,0,0,0,0,0,0,0,0,0,0,0,38,14,7,45,65476,0,300,0,0,8,21553,0.0,-107605600.0,0.0,0.0,0.0,0.0,0.0,0.0,0.0,0.0,0.0,0.0,0.0,0.0,0.0,0.0,0.0,0.0,0.0,0.0,0.0,0.0,0.0,-2.004,-0.0,0.0,0.0,0.0,0.0,0.0,5040.0,-1.040665504650976e+34,0.0,0.0,-107615288.0,0.0,-0.0,0.0,0.0,0.0,0.0,53,2.7184300208680915e+23,0.0,0.0,0.0,0.0,0.0,0.0,0.0,0.0,0,0,0,0.0,0.0,0.0,0.0,0.0,0.0,0.0,0.0,0.0,0.0,0.0,0.0,0.0,0.0,0.0,0.0,0,-107875648.0,53,0.0,106,-107614832.0,-107350944.0,ERR,ERR,ERR,ERR,ERR,ERR,ERR,ERR,ERR,ERR,ERR,ERR,ERR,ERR,ERR,ERR,ERR,ERR,ERR,ERR,ERR,ERR,ERR,ERR,ERR,ERR,ERR,ERR,ERR,ERR,ERR,ERR,ERR,ERR,ERR,ERR,ERR,ERR,ERR,ERR,ERR,ERR,ERR,ERR,ERR,ERR,ERR,ERR,ERR,ERR,ERR,ERR,ERR,ERR,ERR,ERR,ERR,ERR,ERR,ERR,ERR,ERR,ERR,ERR,ERR,ERR,ERR,50.0,60.0,100,0.0,0.0,0.0,0.0,0.0,0.0,0.0,0.0,0.0,0.0,0.0,0.0,0.0,0.0,0.0,0.0,61.6,65,20,65521,50,65476,0,300,0,0,8,20529,65476,0,0,26214,60.0,0.0,0.0,0.0,0.0,0.0
2026-05-17T16:27:18,ERR,ERR,ERR,ERR,ERR,ERR,ERR,ERR,ERR,ERR,ERR,ERR,ERR,ERR,ERR,ERR,ERR,ERR,ERR,ERR,ERR,ERR,ERR,ERR,ERR,ERR,ERR,ERR,ERR,ERR,ERR,ERR,ERR,ERR,ERR,ERR,ERR,ERR,ERR,ERR,ERR,ERR,ERR,ERR,ERR,ERR,ERR,ERR,ERR,ERR,ERR,ERR,ERR,ERR,ERR,ERR,ERR,ERR,ERR,ERR,ERR,ERR,ERR,ERR,ERR,ERR,ERR,ERR,ERR,ERR,ERR,ERR,ERR,ERR,ERR,ERR,ERR,ERR,ERR,ERR,ERR,ERR,ERR,ERR,ERR,ERR,ERR,ERR,ERR,ERR,ERR,ERR,ERR,ERR,ERR,ERR,ERR,ERR,ERR,ERR,ERR,ERR,ERR,ERR,ERR,ERR,ERR,ERR,ERR,ERR,ERR,ERR,ERR,ERR,ERR,ERR,ERR,ERR,ERR,ERR,ERR,ERR,ERR,ERR,ERR,0.0,-107615288.0,-0.0,0.0,0.0,1.3936040501711995e+18,7.805,0.0,0,0,4,0,8422,0.0,45,0.0,0.0,0.0,0.0,0.0,0,0,0,0,0.0,0,0,0,0,0,0,0,0,0,0,0,0,0,0,0,0,0,0,0,0,0,0,0,0,0,0,0,0,0,0,0,0,0,38,14,7,45,65476,0,300,0,0,8,21553,0.0,-107605600.0,0.0,0.0,0.0,0.0,0.0,0.0,0.0,0.0,0.0,0.0,0.0,0.0,0.0,0.0,0.0,0.0,0.0,0.0,0.0,0.0,0.0,-2.004,-0.0,0.0,0.0,0.0,0.0,0.0,5040.0,-1.040665504650976e+34,0.0,0.0,-107615288.0,0.0,-0.0,0.0,0.0,0.0,0.0,53,2.7184300208680915e+23,0.0,0.0,0.0,0.0,0.0,0.0,0.0,0.0,0,0,0,0.0,0.0,0.0,0.0,0.0,0.0,0.0,0.0,0.0,0.0,0.0,0.0,0.0,0.0,0.0,0.0,0,-107875648.0,53,0.0,106,-107614832.0,-107350944.0,ERR,ERR,ERR,ERR,ERR,ERR,ERR,ERR,ERR,ERR,ERR,ERR,ERR,ERR,ERR,ERR,ERR,ERR,ERR,ERR,ERR,ERR,ERR,ERR,ERR,ERR,ERR,ERR,ERR,ERR,ERR,ERR,ERR,ERR,ERR,ERR,ERR,ERR,ERR,ERR,ERR,ERR,ERR,ERR,ERR,ERR,ERR,ERR,ERR,ERR,ERR,ERR,ERR,ERR,ERR,ERR,ERR,ERR,ERR,ERR,ERR,ERR,ERR,ERR,ERR,ERR,ERR,50.0,60.0,100,0.0,0.0,0.0,0.0,0.0,0.0,0.0,0.0,0.0,0.0,0.0,0.0,0.0,0.0,0.0,0.0,61.6,65,20,65521,50,65476,0,300,0,0,8,20529,65476,0,0,26214,60.0,0.0,0.0,0.0,0.0,0.0
2026-05-17T16:27:19,ERR,ERR,ERR,ERR,ERR,ERR,ERR,ERR,ERR,ERR,ERR,ERR,ERR,ERR,ERR,ERR,ERR,ERR,ERR,ERR,ERR,ERR,ERR,ERR,ERR,ERR,ERR,ERR,ERR,ERR,ERR,ERR,ERR,ERR,ERR,ERR,ERR,ERR,ERR,ERR,ERR,ERR,ERR,ERR,ERR,ERR,ERR,ERR,ERR,ERR,ERR,ERR,ERR,ERR,ERR,ERR,ERR,ERR,ERR,ERR,ERR,ERR,ERR,ERR,ERR,ERR,ERR,ERR,ERR,ERR,ERR,ERR,ERR,ERR,ERR,ERR,ERR,ERR,ERR,ERR,ERR,ERR,ERR,ERR,ERR,ERR,ERR,ERR,ERR,ERR,ERR,ERR,ERR,ERR,ERR,ERR,ERR,ERR,ERR,ERR,ERR,ERR,ERR,ERR,ERR,ERR,ERR,ERR,ERR,ERR,ERR,ERR,ERR,ERR,ERR,ERR,ERR,ERR,ERR,ERR,ERR,ERR,ERR,ERR,ERR,0.0,-107615288.0,-0.0,0.0,0.0,1.3936040501711995e+18,7.805,0.0,0,0,4,0,8422,0.0,45,0.0,0.0,0.0,0.0,0.0,0,0,0,0,0.0,0,0,0,0,0,0,0,0,0,0,0,0,0,0,0,0,0,0,0,0,0,0,0,0,0,0,0,0,0,0,0,0,0,38,14,7,45,65476,0,300,0,0,8,21553,0.0,-107605600.0,0.0,0.0,0.0,0.0,0.0,0.0,0.0,0.0,0.0,0.0,0.0,0.0,0.0,0.0,0.0,0.0,0.0,0.0,0.0,0.0,0.0,-2.004,-0.0,0.0,0.0,0.0,0.0,0.0,5068.0,0.0,0.0,0.0,-107615288.0,0.0,-0.0,0.0,0.0,0.0,0.0,53,126841110528.0,2.718417771077105e+23,0.0,0.0,0.0,0.0,0.0,0.0,0.0,0,0,0,0.0,0.0,0.0,0.0,0.0,0.0,0.0,0.0,0.0,0.0,0.0,0.0,0.0,0.0,0.0,0.0,0,-107875648.0,53,0.0,106,-107614832.0,-107350944.0,ERR,ERR,ERR,ERR,ERR,ERR,ERR,ERR,ERR,ERR,ERR,ERR,ERR,ERR,ERR,ERR,ERR,ERR,ERR,ERR,ERR,ERR,ERR,ERR,ERR,ERR,ERR,ERR,ERR,ERR,ERR,ERR,ERR,ERR,ERR,ERR,ERR,ERR,ERR,ERR,ERR,ERR,ERR,ERR,ERR,ERR,ERR,ERR,ERR,ERR,ERR,ERR,ERR,ERR,ERR,ERR,ERR,ERR,ERR,ERR,ERR,ERR,ERR,ERR,ERR,ERR,ERR,50.0,60.0,100,0.0,0.0,0.0,0.0,0.0,0.0,0.0,0.0,0.0,0.0,0.0,0.0,0.0,0.0,0.0,0.0,61.6,65,20,65521,50,65476,0,300,0,0,8,20529,65476,0,0,26214,60.0,0.0,0.0,0.0,0.0,0.0
2026-05-17T16:27:20,ERR,ERR,ERR,ERR,ERR,ERR,ERR,ERR,ERR,ERR,ERR,ERR,ERR,ERR,ERR,ERR,ERR,ERR,ERR,ERR,ERR,ERR,ERR,ERR,ERR,ERR,ERR,ERR,ERR,ERR,ERR,ERR,ERR,ERR,ERR,ERR,ERR,ERR,ERR,ERR,ERR,ERR,ERR,ERR,ERR,ERR,ERR,ERR,ERR,ERR,ERR,ERR,ERR,ERR,ERR,ERR,ERR,ERR,ERR,ERR,ERR,ERR,ERR,ERR,ERR,ERR,ERR,ERR,ERR,ERR,ERR,ERR,ERR,ERR,ERR,ERR,ERR,ERR,ERR,ERR,ERR,ERR,ERR,ERR,ERR,ERR,ERR,ERR,ERR,ERR,ERR,ERR,ERR,ERR,ERR,ERR,ERR,ERR,ERR,ERR,ERR,ERR,ERR,ERR,ERR,ERR,ERR,ERR,ERR,ERR,ERR,ERR,ERR,ERR,ERR,ERR,ERR,ERR,ERR,ERR,ERR,ERR,ERR,ERR,ERR,0.0,-107615288.0,-0.0,0.0,0.0,1.3936040501711995e+18,7.805,0.0,0,0,4,0,8422,0.0,45,0.0,0.0,0.0,0.0,0.0,0,0,0,0,0.0,0,0,0,0,0,0,0,0,0,0,0,0,0,0,0,0,0,0,0,0,0,0,0,0,0,0,0,0,0,0,0,0,0,38,14,7,45,65476,0,300,0,0,8,21553,0.0,-107605600.0,0.0,0.0,0.0,0.0,0.0,0.0,0.0,0.0,0.0,0.0,0.0,0.0,0.0,0.0,0.0,0.0,0.0,0.0,0.0,0.0,0.0,-2.004,-0.0,0.0,0.0,0.0,0.0,0.0,5068.0,0.0,0.0,0.0,-107615288.0,0.0,-0.0,0.0,0.0,0.0,0.0,53,126841110528.0,2.718417771077105e+23,0.0,0.0,0.0,0.0,0.0,0.0,0.0,0,0,0,0.0,0.0,0.0,0.0,0.0,0.0,0.0,0.0,0.0,0.0,0.0,0.0,0.0,0.0,0.0,0.0,0,-107875648.0,53,0.0,106,-107614832.0,-107350944.0,ERR,ERR,ERR,ERR,ERR,ERR,ERR,ERR,ERR,ERR,ERR,ERR,ERR,ERR,ERR,ERR,ERR,ERR,ERR,ERR,ERR,ERR,ERR,ERR,ERR,ERR,ERR,ERR,ERR,ERR,ERR,ERR,ERR,ERR,ERR,ERR,ERR,ERR,ERR,ERR,ERR,ERR,ERR,ERR,ERR,ERR,ERR,ERR,ERR,ERR,ERR,ERR,ERR,ERR,ERR,ERR,ERR,ERR,ERR,ERR,ERR,ERR,ERR,ERR,ERR,ERR,ERR,50.0,60.0,100,0.0,0.0,0.0,0.0,0.0,0.0,0.0,0.0,0.0,0.0,0.0,0.0,0.0,0.0,0.0,0.0,61.6,65,20,65521,50,65476,0,300,0,0,8,20529,65476,0,0,26214,60.0,0.0,0.0,0.0,0.0,0.0
2026-05-17T16:27:21,ERR,ERR,ERR,ERR,ERR,ERR,ERR,ERR,ERR,ERR,ERR,ERR,ERR,ERR,ERR,ERR,ERR,ERR,ERR,ERR,ERR,ERR,ERR,ERR,ERR,ERR,ERR,ERR,ERR,ERR,ERR,ERR,ERR,ERR,ERR,ERR,ERR,ERR,ERR,ERR,ERR,ERR,ERR,ERR,ERR,ERR,ERR,ERR,ERR,ERR,ERR,ERR,ERR,ERR,ERR,ERR,ERR,ERR,ERR,ERR,ERR,ERR,ERR,ERR,ERR,ERR,ERR,ERR,ERR,ERR,ERR,ERR,ERR,ERR,ERR,ERR,ERR,ERR,ERR,ERR,ERR,ERR,ERR,ERR,ERR,ERR,ERR,ERR,ERR,ERR,ERR,ERR,ERR,ERR,ERR,ERR,ERR,ERR,ERR,ERR,ERR,ERR,ERR,ERR,ERR,ERR,ERR,ERR,ERR,ERR,ERR,ERR,ERR,ERR,ERR,ERR,ERR,ERR,ERR,ERR,ERR,ERR,ERR,ERR,ERR,0.0,-107615288.0,-0.0,0.0,0.0,1.3936040501711995e+18,7.805,0.0,0,0,4,0,8422,0.0,45,0.0,0.0,0.0,0.0,0.0,0,0,0,0,0.0,0,0,0,0,0,0,0,0,0,0,0,0,0,0,0,0,0,0,0,0,0,0,0,0,0,0,0,0,0,0,0,0,0,38,14,7,45,65476,0,300,0,0,8,21553,0.0,-107605600.0,0.0,0.0,0.0,0.0,0.0,0.0,0.0,0.0,0.0,0.0,0.0,0.0,0.0,0.0,0.0,0.0,0.0,0.0,0.0,0.0,0.0,-2.004,-0.0,0.0,0.0,0.0,0.0,0.0,5068.0,0.0,0.0,0.0,-107615288.0,0.0,-0.0,0.0,0.0,0.0,0.0,53,126841110528.0,2.718417771077105e+23,0.0,0.0,0.0,0.0,0.0,0.0,0.0,0,0,0,0.0,0.0,0.0,0.0,0.0,0.0,0.0,0.0,0.0,0.0,0.0,0.0,0.0,0.0,0.0,0.0,0,-107875648.0,53,0.0,106,-107614832.0,-107350944.0,ERR,ERR,ERR,ERR,ERR,ERR,ERR,ERR,ERR,ERR,ERR,ERR,ERR,ERR,ERR,ERR,ERR,ERR,ERR,ERR,ERR,ERR,ERR,ERR,ERR,ERR,ERR,ERR,ERR,ERR,ERR,ERR,ERR,ERR,ERR,ERR,ERR,ERR,ERR,ERR,ERR,ERR,ERR,ERR,ERR,ERR,ERR,ERR,ERR,ERR,ERR,ERR,ERR,ERR,ERR,ERR,ERR,ERR,ERR,ERR,ERR,ERR,ERR,ERR,ERR,ERR,ERR,50.0,60.0,100,0.0,0.0,0.0,0.0,0.0,0.0,0.0,0.0,0.0,0.0,0.0,0.0,0.0,0.0,0.0,0.0,61.6,65,20,65521,50,65476,0,300,0,0,8,20529,65476,0,0,26214,60.0,0.0,0.0,0.0,0.0,0.0
2026-05-17T16:27:22,ERR,ERR,ERR,ERR,ERR,ERR,ERR,ERR,ERR,ERR,ERR,ERR,ERR,ERR,ERR,ERR,ERR,ERR,ERR,ERR,ERR,ERR,ERR,ERR,ERR,ERR,ERR,ERR,ERR,ERR,ERR,ERR,ERR,ERR,ERR,ERR,ERR,ERR,ERR,ERR,ERR,ERR,ERR,ERR,ERR,ERR,ERR,ERR,ERR,ERR,ERR,ERR,ERR,ERR,ERR,ERR,ERR,ERR,ERR,ERR,ERR,ERR,ERR,ERR,ERR,ERR,ERR,ERR,ERR,ERR,ERR,ERR,ERR,ERR,ERR,ERR,ERR,ERR,ERR,ERR,ERR,ERR,ERR,ERR,ERR,ERR,ERR,ERR,ERR,ERR,ERR,ERR,ERR,ERR,ERR,ERR,ERR,ERR,ERR,ERR,ERR,ERR,ERR,ERR,ERR,ERR,ERR,ERR,ERR,ERR,ERR,ERR,ERR,ERR,ERR,ERR,ERR,ERR,ERR,ERR,ERR,ERR,ERR,ERR,ERR,0.0,-107615288.0,-0.0,0.0,0.0,1.3936040501711995e+18,7.805,0.0,0,0,4,0,8422,0.0,45,0.0,0.0,0.0,0.0,0.0,0,0,0,0,0.0,0,0,0,0,0,0,0,0,0,0,0,0,0,0,0,0,0,0,0,0,0,0,0,0,0,0,0,0,0,0,0,0,0,38,14,7,45,65476,0,300,0,0,8,21553,0.0,-107605600.0,0.0,0.0,0.0,0.0,0.0,0.0,0.0,0.0,0.0,0.0,0.0,0.0,0.0,0.0,0.0,0.0,0.0,0.0,0.0,0.0,0.0,-2.004,-0.0,0.0,0.0,0.0,0.0,0.0,5068.0,0.0,0.0,0.0,-107615288.0,0.0,-0.0,0.0,0.0,0.0,0.0,53,126841110528.0,2.718417771077105e+23,0.0,0.0,0.0,0.0,0.0,0.0,0.0,0,0,0,0.0,0.0,0.0,0.0,0.0,0.0,0.0,0.0,0.0,0.0,0.0,0.0,0.0,0.0,0.0,0.0,0,-107875648.0,53,0.0,106,-107614832.0,-107350944.0,ERR,ERR,ERR,ERR,ERR,ERR,ERR,ERR,ERR,ERR,ERR,ERR,ERR,ERR,ERR,ERR,ERR,ERR,ERR,ERR,ERR,ERR,ERR,ERR,ERR,ERR,ERR,ERR,ERR,ERR,ERR,ERR,ERR,ERR,ERR,ERR,ERR,ERR,ERR,ERR,ERR,ERR,ERR,ERR,ERR,ERR,ERR,ERR,ERR,ERR,ERR,ERR,ERR,ERR,ERR,ERR,ERR,ERR,ERR,ERR,ERR,ERR,ERR,ERR,ERR,ERR,ERR,50.0,60.0,100,0.0,0.0,0.0,0.0,0.0,0.0,0.0,0.0,0.0,0.0,0.0,0.0,0.0,0.0,0.0,0.0,61.6,65,20,65521,50,65476,0,300,0,0,8,20529,65476,0,0,26214,60.0,0.0,0.0,0.0,0.0,0.0
2026-05-17T16:27:23,ERR,ERR,ERR,ERR,ERR,ERR,ERR,ERR,ERR,ERR,ERR,ERR,ERR,ERR,ERR,ERR,ERR,ERR,ERR,ERR,ERR,ERR,ERR,ERR,ERR,ERR,ERR,ERR,ERR,ERR,ERR,ERR,ERR,ERR,ERR,ERR,ERR,ERR,ERR,ERR,ERR,ERR,ERR,ERR,ERR,ERR,ERR,ERR,ERR,ERR,ERR,ERR,ERR,ERR,ERR,ERR,ERR,ERR,ERR,ERR,ERR,ERR,ERR,ERR,ERR,ERR,ERR,ERR,ERR,ERR,ERR,ERR,ERR,ERR,ERR,ERR,ERR,ERR,ERR,ERR,ERR,ERR,ERR,ERR,ERR,ERR,ERR,ERR,ERR,ERR,ERR,ERR,ERR,ERR,ERR,ERR,ERR,ERR,ERR,ERR,ERR,ERR,ERR,ERR,ERR,ERR,ERR,ERR,ERR,ERR,ERR,ERR,ERR,ERR,ERR,ERR,ERR,ERR,ERR,ERR,ERR,ERR,ERR,ERR,ERR,0.0,-107615288.0,-0.0,0.0,0.0,1.3936040501711995e+18,7.805,0.0,0,0,4,0,8422,0.0,45,0.0,0.0,0.0,0.0,0.0,0,0,0,0,0.0,0,0,0,0,0,0,0,0,0,0,0,0,0,0,0,0,0,0,0,0,0,0,0,0,0,0,0,0,0,0,0,0,0,38,14,7,45,65476,0,300,0,0,8,21553,0.0,-107605600.0,0.0,0.0,0.0,0.0,0.0,0.0,0.0,0.0,0.0,0.0,0.0,0.0,0.0,0.0,0.0,0.0,0.0,0.0,0.0,0.0,0.0,-2.004,-0.0,0.0,0.0,0.0,0.0,0.0,5068.0,0.0,0.0,0.0,-107615288.0,0.0,-0.0,0.0,0.0,0.0,0.0,53,126841110528.0,2.718417771077105e+23,0.0,0.0,0.0,0.0,0.0,0.0,0.0,0,0,0,0.0,0.0,0.0,0.0,0.0,0.0,0.0,0.0,0.0,0.0,0.0,0.0,0.0,0.0,0.0,0.0,0,-107875648.0,53,0.0,106,-107614832.0,-107350944.0,ERR,ERR,ERR,ERR,ERR,ERR,ERR,ERR,ERR,ERR,ERR,ERR,ERR,ERR,ERR,ERR,ERR,ERR,ERR,ERR,ERR,ERR,ERR,ERR,ERR,ERR,ERR,ERR,ERR,ERR,ERR,ERR,ERR,ERR,ERR,ERR,ERR,ERR,ERR,ERR,ERR,ERR,ERR,ERR,ERR,ERR,ERR,ERR,ERR,ERR,ERR,ERR,ERR,ERR,ERR,ERR,ERR,ERR,ERR,ERR,ERR,ERR,ERR,ERR,ERR,ERR,ERR,50.0,60.0,100,0.0,0.0,0.0,0.0,0.0,0.0,0.0,0.0,0.0,0.0,0.0,0.0,0.0,0.0,0.0,0.0,62.0,65,20,65521,50,65476,0,300,0,0,8,20529,65476,0,0,26214,60.0,0.0,0.0,0.0,0.0,0.0
2026-05-17T16:27:24,ERR,ERR,ERR,ERR,ERR,ERR,ERR,ERR,ERR,ERR,ERR,ERR,ERR,ERR,ERR,ERR,ERR,ERR,ERR,ERR,ERR,ERR,ERR,ERR,ERR,ERR,ERR,ERR,ERR,ERR,ERR,ERR,ERR,ERR,ERR,ERR,ERR,ERR,ERR,ERR,ERR,ERR,ERR,ERR,ERR,ERR,ERR,ERR,ERR,ERR,ERR,ERR,ERR,ERR,ERR,ERR,ERR,ERR,ERR,ERR,ERR,ERR,ERR,ERR,ERR,ERR,ERR,ERR,ERR,ERR,ERR,ERR,ERR,ERR,ERR,ERR,ERR,ERR,ERR,ERR,ERR,ERR,ERR,ERR,ERR,ERR,ERR,ERR,ERR,ERR,ERR,ERR,ERR,ERR,ERR,ERR,ERR,ERR,ERR,ERR,ERR,ERR,ERR,ERR,ERR,ERR,ERR,ERR,ERR,ERR,ERR,ERR,ERR,ERR,ERR,ERR,ERR,ERR,ERR,ERR,ERR,ERR,ERR,ERR,ERR,0.0,-107615288.0,-0.0,0.0,0.0,1.3936040501711995e+18,7.805,0.0,0,0,4,0,8422,0.0,45,0.0,0.0,0.0,0.0,0.0,0,0,0,0,0.0,0,0,0,0,0,0,0,0,0,0,0,0,0,0,0,0,0,0,0,0,0,0,0,0,0,0,0,0,0,0,0,0,0,38,14,7,45,65476,0,300,0,0,8,21553,0.0,-107605600.0,0.0,0.0,0.0,0.0,0.0,0.0,0.0,0.0,0.0,0.0,0.0,0.0,0.0,0.0,0.0,0.0,0.0,0.0,0.0,0.0,0.0,-2.004,-0.0,0.0,0.0,0.0,0.0,0.0,5068.0,131350.469,0.0,0.0,-107615288.0,0.0,-0.0,0.0,0.0,0.0,0.0,53,126841110528.0,-0.0,0.0,0.0,0.0,0.0,0.0,0.0,0.0,0,0,0,0.0,0.0,0.0,0.0,0.0,0.0,0.0,0.0,0.0,0.0,0.0,0.0,0.0,0.0,0.0,0.0,0,-107875648.0,53,0.0,106,-107614832.0,-107350944.0,ERR,ERR,ERR,ERR,ERR,ERR,ERR,ERR,ERR,ERR,ERR,ERR,ERR,ERR,ERR,ERR,ERR,ERR,ERR,ERR,ERR,ERR,ERR,ERR,ERR,ERR,ERR,ERR,ERR,ERR,ERR,ERR,ERR,ERR,ERR,ERR,ERR,ERR,ERR,ERR,ERR,ERR,ERR,ERR,ERR,ERR,ERR,ERR,ERR,ERR,ERR,ERR,ERR,ERR,ERR,ERR,ERR,ERR,ERR,ERR,ERR,ERR,ERR,ERR,ERR,ERR,ERR,50.0,60.0,100,0.0,0.0,0.0,0.0,0.0,0.0,0.0,0.0,0.0,0.0,0.0,0.0,0.0,0.0,0.0,0.0,62.0,65,20,65521,50,65476,0,300,0,0,8,20529,65476,0,0,26214,60.0,0.0,0.0,0.0,0.0,0.0
2026-05-17T16:27:25,ERR,ERR,ERR,ERR,ERR,ERR,ERR,ERR,ERR,ERR,ERR,ERR,ERR,ERR,ERR,ERR,ERR,ERR,ERR,ERR,ERR,ERR,ERR,ERR,ERR,ERR,ERR,ERR,ERR,ERR,ERR,ERR,ERR,ERR,ERR,ERR,ERR,ERR,ERR,ERR,ERR,ERR,ERR,ERR,ERR,ERR,ERR,ERR,ERR,ERR,ERR,ERR,ERR,ERR,ERR,ERR,ERR,ERR,ERR,ERR,ERR,ERR,ERR,ERR,ERR,ERR,ERR,ERR,ERR,ERR,ERR,ERR,ERR,ERR,ERR,ERR,ERR,ERR,ERR,ERR,ERR,ERR,ERR,ERR,ERR,ERR,ERR,ERR,ERR,ERR,ERR,ERR,ERR,ERR,ERR,ERR,ERR,ERR,ERR,ERR,ERR,ERR,ERR,ERR,ERR,ERR,ERR,ERR,ERR,ERR,ERR,ERR,ERR,ERR,ERR,ERR,ERR,ERR,ERR,ERR,ERR,ERR,ERR,ERR,ERR,0.0,-107615288.0,-0.0,0.0,0.0,1.3936040501711995e+18,7.805,0.0,0,0,4,0,8422,0.0,45,0.0,0.0,0.0,0.0,0.0,0,0,0,0,0.0,0,0,0,0,0,0,0,0,0,0,0,0,0,0,0,0,0,0,0,0,0,0,0,0,0,0,0,0,0,0,0,0,0,38,14,7,45,65476,0,300,0,0,8,21553,0.0,-107605600.0,0.0,0.0,0.0,0.0,0.0,0.0,0.0,0.0,0.0,0.0,0.0,0.0,0.0,0.0,0.0,0.0,0.0,0.0,0.0,0.0,0.0,-2.004,-0.0,0.0,0.0,0.0,0.0,0.0,5068.0,131350.469,0.0,0.0,-107615288.0,0.0,-0.0,0.0,0.0,0.0,0.0,53,126841110528.0,-0.0,0.0,0.0,0.0,0.0,0.0,0.0,0.0,0,0,0,0.0,0.0,0.0,0.0,0.0,0.0,0.0,0.0,0.0,0.0,0.0,0.0,0.0,0.0,0.0,0.0,0,-107875648.0,53,0.0,106,-107614832.0,-107350944.0,ERR,ERR,ERR,ERR,ERR,ERR,ERR,ERR,ERR,ERR,ERR,ERR,ERR,ERR,ERR,ERR,ERR,ERR,ERR,ERR,ERR,ERR,ERR,ERR,ERR,ERR,ERR,ERR,ERR,ERR,ERR,ERR,ERR,ERR,ERR,ERR,ERR,ERR,ERR,ERR,ERR,ERR,ERR,ERR,ERR,ERR,ERR,ERR,ERR,ERR,ERR,ERR,ERR,ERR,ERR,ERR,ERR,ERR,ERR,ERR,ERR,ERR,ERR,ERR,ERR,ERR,ERR,50.0,60.0,100,0.0,0.0,0.0,0.0,0.0,0.0,0.0,0.0,0.0,0.0,0.0,0.0,0.0,0.0,0.0,0.0,61.6,65,20,65521,50,65476,0,300,0,0,8,20529,65476,0,0,26214,60.0,0.0,0.0,0.0,0.0,0.0
2026-05-17T16:27:26,ERR,ERR,ERR,ERR,ERR,ERR,ERR,ERR,ERR,ERR,ERR,ERR,ERR,ERR,ERR,ERR,ERR,ERR,ERR,ERR,ERR,ERR,ERR,ERR,ERR,ERR,ERR,ERR,ERR,ERR,ERR,ERR,ERR,ERR,ERR,ERR,ERR,ERR,ERR,ERR,ERR,ERR,ERR,ERR,ERR,ERR,ERR,ERR,ERR,ERR,ERR,ERR,ERR,ERR,ERR,ERR,ERR,ERR,ERR,ERR,ERR,ERR,ERR,ERR,ERR,ERR,ERR,ERR,ERR,ERR,ERR,ERR,ERR,ERR,ERR,ERR,ERR,ERR,ERR,ERR,ERR,ERR,ERR,ERR,ERR,ERR,ERR,ERR,ERR,ERR,ERR,ERR,ERR,ERR,ERR,ERR,ERR,ERR,ERR,ERR,ERR,ERR,ERR,ERR,ERR,ERR,ERR,ERR,ERR,ERR,ERR,ERR,ERR,ERR,ERR,ERR,ERR,ERR,ERR,ERR,ERR,ERR,ERR,ERR,ERR,0.0,-107615288.0,-0.0,0.0,0.0,1.3936040501711995e+18,7.805,0.0,0,0,4,0,8422,0.0,45,0.0,0.0,0.0,0.0,0.0,0,0,0,0,0.0,0,0,0,0,0,0,0,0,0,0,0,0,0,0,0,0,0,0,0,0,0,0,0,0,0,0,0,0,0,0,0,0,0,38,14,7,45,65476,0,300,0,0,8,21553,0.0,-107605600.0,0.0,0.0,0.0,0.0,0.0,0.0,0.0,0.0,0.0,0.0,0.0,0.0,0.0,0.0,0.0,0.0,0.0,0.0,0.0,0.0,0.0,-2.004,-0.0,0.0,0.0,0.0,0.0,0.0,5068.0,131350.469,0.0,0.0,-107615288.0,0.0,-0.0,0.0,0.0,0.0,0.0,53,126841110528.0,-0.0,0.0,0.0,0.0,0.0,0.0,0.0,0.0,0,0,0,0.0,0.0,0.0,0.0,0.0,0.0,0.0,0.0,0.0,0.0,0.0,0.0,0.0,0.0,0.0,0.0,0,-107875648.0,53,0.0,106,-107614832.0,-107350944.0,ERR,ERR,ERR,ERR,ERR,ERR,ERR,ERR,ERR,ERR,ERR,ERR,ERR,ERR,ERR,ERR,ERR,ERR,ERR,ERR,ERR,ERR,ERR,ERR,ERR,ERR,ERR,ERR,ERR,ERR,ERR,ERR,ERR,ERR,ERR,ERR,ERR,ERR,ERR,ERR,ERR,ERR,ERR,ERR,ERR,ERR,ERR,ERR,ERR,ERR,ERR,ERR,ERR,ERR,ERR,ERR,ERR,ERR,ERR,ERR,ERR,ERR,ERR,ERR,ERR,ERR,ERR,50.0,60.0,100,0.0,0.0,0.0,0.0,0.0,0.0,0.0,0.0,0.0,0.0,0.0,0.0,0.0,0.0,0.0,0.0,61.6,65,20,65521,50,65476,0,300,0,0,8,20529,65476,0,0,26214,60.0,0.0,0.0,0.0,0.0,0.0
2026-05-17T16:27:27,ERR,ERR,ERR,ERR,ERR,ERR,ERR,ERR,ERR,ERR,ERR,ERR,ERR,ERR,ERR,ERR,ERR,ERR,ERR,ERR,ERR,ERR,ERR,ERR,ERR,ERR,ERR,ERR,ERR,ERR,ERR,ERR,ERR,ERR,ERR,ERR,ERR,ERR,ERR,ERR,ERR,ERR,ERR,ERR,ERR,ERR,ERR,ERR,ERR,ERR,ERR,ERR,ERR,ERR,ERR,ERR,ERR,ERR,ERR,ERR,ERR,ERR,ERR,ERR,ERR,ERR,ERR,ERR,ERR,ERR,ERR,ERR,ERR,ERR,ERR,ERR,ERR,ERR,ERR,ERR,ERR,ERR,ERR,ERR,ERR,ERR,ERR,ERR,ERR,ERR,ERR,ERR,ERR,ERR,ERR,ERR,ERR,ERR,ERR,ERR,ERR,ERR,ERR,ERR,ERR,ERR,ERR,ERR,ERR,ERR,ERR,ERR,ERR,ERR,ERR,ERR,ERR,ERR,ERR,ERR,ERR,ERR,ERR,ERR,ERR,0.0,-107615288.0,-0.0,0.0,0.0,1.3936040501711995e+18,7.805,0.0,0,0,4,0,8422,0.0,45,0.0,0.0,0.0,0.0,0.0,0,0,0,0,0.0,0,0,0,0,0,0,0,0,0,0,0,0,0,0,0,0,0,0,0,0,0,0,0,0,0,0,0,0,0,0,0,0,0,38,14,7,45,65476,0,300,0,0,8,21553,0.0,-107605600.0,0.0,0.0,0.0,0.0,0.0,0.0,0.0,0.0,0.0,0.0,0.0,0.0,0.0,0.0,0.0,0.0,0.0,0.0,0.0,0.0,0.0,-2.004,-0.0,0.0,0.0,0.0,0.0,0.0,5068.0,131350.469,0.0,0.0,-107615288.0,0.0,-0.0,0.0,0.0,0.0,0.0,53,126841110528.0,-0.0,0.0,0.0,0.0,0.0,0.0,0.0,0.0,0,0,0,0.0,0.0,0.0,0.0,0.0,0.0,0.0,0.0,0.0,0.0,0.0,0.0,0.0,0.0,0.0,0.0,0,-107875648.0,53,0.0,106,-107614832.0,-107350944.0,ERR,ERR,ERR,ERR,ERR,ERR,ERR,ERR,ERR,ERR,ERR,ERR,ERR,ERR,ERR,ERR,ERR,ERR,ERR,ERR,ERR,ERR,ERR,ERR,ERR,ERR,ERR,ERR,ERR,ERR,ERR,ERR,ERR,ERR,ERR,ERR,ERR,ERR,ERR,ERR,ERR,ERR,ERR,ERR,ERR,ERR,ERR,ERR,ERR,ERR,ERR,ERR,ERR,ERR,ERR,ERR,ERR,ERR,ERR,ERR,ERR,ERR,ERR,ERR,ERR,ERR,ERR,50.0,60.0,100,0.0,0.0,0.0,0.0,0.0,0.0,0.0,0.0,0.0,0.0,0.0,0.0,0.0,0.0,0.0,0.0,62.0,65,20,65521,50,65476,0,300,0,0,8,20529,65476,0,0,26214,60.0,0.0,0.0,0.0,0.0,0.0
2026-05-17T16:27:28,ERR,ERR,ERR,ERR,ERR,ERR,ERR,ERR,ERR,ERR,ERR,ERR,ERR,ERR,ERR,ERR,ERR,ERR,ERR,ERR,ERR,ERR,ERR,ERR,ERR,ERR,ERR,ERR,ERR,ERR,ERR,ERR,ERR,ERR,ERR,ERR,ERR,ERR,ERR,ERR,ERR,ERR,ERR,ERR,ERR,ERR,ERR,ERR,ERR,ERR,ERR,ERR,ERR,ERR,ERR,ERR,ERR,ERR,ERR,ERR,ERR,ERR,ERR,ERR,ERR,ERR,ERR,ERR,ERR,ERR,ERR,ERR,ERR,ERR,ERR,ERR,ERR,ERR,ERR,ERR,ERR,ERR,ERR,ERR,ERR,ERR,ERR,ERR,ERR,ERR,ERR,ERR,ERR,ERR,ERR,ERR,ERR,ERR,ERR,ERR,ERR,ERR,ERR,ERR,ERR,ERR,ERR,ERR,ERR,ERR,ERR,ERR,ERR,ERR,ERR,ERR,ERR,ERR,ERR,ERR,ERR,ERR,ERR,ERR,ERR,0.0,-107615288.0,-0.0,0.0,0.0,1.3936040501711995e+18,7.805,0.0,0,0,4,0,8422,0.0,45,0.0,0.0,0.0,0.0,0.0,0,0,0,0,0.0,0,0,0,0,0,0,0,0,0,0,0,0,0,0,0,0,0,0,0,0,0,0,0,0,0,0,0,0,0,0,0,0,0,38,14,7,45,65476,0,300,0,0,8,21553,0.0,-107605600.0,0.0,0.0,0.0,0.0,0.0,0.0,0.0,0.0,0.0,0.0,0.0,0.0,0.0,0.0,0.0,0.0,0.0,0.0,0.0,0.0,0.0,-2.004,-0.0,0.0,0.0,0.0,0.0,0.0,5068.0,131350.469,0.0,0.0,-107615288.0,0.0,-0.0,0.0,0.0,0.0,0.0,53,126841110528.0,-0.0,0.0,0.0,0.0,0.0,0.0,0.0,0.0,0,0,0,0.0,0.0,0.0,0.0,0.0,0.0,0.0,0.0,0.0,0.0,0.0,0.0,0.0,0.0,0.0,0.0,0,-107875648.0,53,0.0,106,-107614832.0,-107350944.0,ERR,ERR,ERR,ERR,ERR,ERR,ERR,ERR,ERR,ERR,ERR,ERR,ERR,ERR,ERR,ERR,ERR,ERR,ERR,ERR,ERR,ERR,ERR,ERR,ERR,ERR,ERR,ERR,ERR,ERR,ERR,ERR,ERR,ERR,ERR,ERR,ERR,ERR,ERR,ERR,ERR,ERR,ERR,ERR,ERR,ERR,ERR,ERR,ERR,ERR,ERR,ERR,ERR,ERR,ERR,ERR,ERR,ERR,ERR,ERR,ERR,ERR,ERR,ERR,ERR,ERR,ERR,50.0,60.0,100,0.0,0.0,0.0,0.0,0.0,0.0,0.0,0.0,0.0,0.0,0.0,0.0,0.0,0.0,0.0,0.0,62.0,65,20,65521,50,65476,0,300,0,0,8,20529,65476,0,0,26214,60.0,0.0,0.0,0.0,0.0,0.0
2026-05-17T16:27:29,ERR,ERR,ERR,ERR,ERR,ERR,ERR,ERR,ERR,ERR,ERR,ERR,ERR,ERR,ERR,ERR,ERR,ERR,ERR,ERR,ERR,ERR,ERR,ERR,ERR,ERR,ERR,ERR,ERR,ERR,ERR,ERR,ERR,ERR,ERR,ERR,ERR,ERR,ERR,ERR,ERR,ERR,ERR,ERR,ERR,ERR,ERR,ERR,ERR,ERR,ERR,ERR,ERR,ERR,ERR,ERR,ERR,ERR,ERR,ERR,ERR,ERR,ERR,ERR,ERR,ERR,ERR,ERR,ERR,ERR,ERR,ERR,ERR,ERR,ERR,ERR,ERR,ERR,ERR,ERR,ERR,ERR,ERR,ERR,ERR,ERR,ERR,ERR,ERR,ERR,ERR,ERR,ERR,ERR,ERR,ERR,ERR,ERR,ERR,ERR,ERR,ERR,ERR,ERR,ERR,ERR,ERR,ERR,ERR,ERR,ERR,ERR,ERR,ERR,ERR,ERR,ERR,ERR,ERR,ERR,ERR,ERR,ERR,ERR,ERR,0.0,-107615288.0,-0.0,0.0,0.0,1.3936040501711995e+18,7.805,0.0,0,0,4,0,8422,0.0,45,0.0,0.0,0.0,0.0,0.0,0,0,0,0,0.0,0,0,0,0,0,0,0,0,0,0,0,0,0,0,0,0,0,0,0,0,0,0,0,0,0,0,0,0,0,0,0,0,0,38,14,7,45,65476,0,300,0,0,8,21553,0.0,-107605600.0,0.0,0.0,0.0,0.0,0.0,0.0,0.0,0.0,0.0,0.0,0.0,0.0,0.0,0.0,0.0,0.0,0.0,0.0,0.0,0.0,0.0,-2.004,-0.0,0.0,0.0,0.0,0.0,0.0,5071.0,-0.0,0.0,0.0,-107615288.0,0.0,-0.0,0.0,0.0,0.0,0.0,53,2.3088403658719416e+20,0.0,0.0,0.0,0.0,0.0,0.0,0.0,0.0,0,0,0,0.0,0.0,0.0,0.0,0.0,0.0,0.0,0.0,0.0,0.0,0.0,0.0,0.0,0.0,0.0,0.0,0,-107875648.0,53,0.0,106,-107614832.0,-107350944.0,ERR,ERR,ERR,ERR,ERR,ERR,ERR,ERR,ERR,ERR,ERR,ERR,ERR,ERR,ERR,ERR,ERR,ERR,ERR,ERR,ERR,ERR,ERR,ERR,ERR,ERR,ERR,ERR,ERR,ERR,ERR,ERR,ERR,ERR,ERR,ERR,ERR,ERR,ERR,ERR,ERR,ERR,ERR,ERR,ERR,ERR,ERR,ERR,ERR,ERR,ERR,ERR,ERR,ERR,ERR,ERR,ERR,ERR,ERR,ERR,ERR,ERR,ERR,ERR,ERR,ERR,ERR,50.0,60.0,100,0.0,0.0,0.0,0.0,0.0,0.0,0.0,0.0,0.0,0.0,0.0,0.0,0.0,0.0,0.0,0.0,62.0,65,20,65521,50,65476,0,300,0,0,8,20529,65476,0,0,26214,60.0,0.0,0.0,0.0,0.0,0.0
2026-05-17T16:27:30,ERR,ERR,ERR,ERR,ERR,ERR,ERR,ERR,ERR,ERR,ERR,ERR,ERR,ERR,ERR,ERR,ERR,ERR,ERR,ERR,ERR,ERR,ERR,ERR,ERR,ERR,ERR,ERR,ERR,ERR,ERR,ERR,ERR,ERR,ERR,ERR,ERR,ERR,ERR,ERR,ERR,ERR,ERR,ERR,ERR,ERR,ERR,ERR,ERR,ERR,ERR,ERR,ERR,ERR,ERR,ERR,ERR,ERR,ERR,ERR,ERR,ERR,ERR,ERR,ERR,ERR,ERR,ERR,ERR,ERR,ERR,ERR,ERR,ERR,ERR,ERR,ERR,ERR,ERR,ERR,ERR,ERR,ERR,ERR,ERR,ERR,ERR,ERR,ERR,ERR,ERR,ERR,ERR,ERR,ERR,ERR,ERR,ERR,ERR,ERR,ERR,ERR,ERR,ERR,ERR,ERR,ERR,ERR,ERR,ERR,ERR,ERR,ERR,ERR,ERR,ERR,ERR,ERR,ERR,ERR,ERR,ERR,ERR,ERR,ERR,0.0,-107615288.0,-0.0,0.0,0.0,1.3936040501711995e+18,7.805,0.0,0,0,4,0,8422,0.0,45,0.0,0.0,0.0,0.0,0.0,0,0,0,0,0.0,0,0,0,0,0,0,0,0,0,0,0,0,0,0,0,0,0,0,0,0,0,0,0,0,0,0,0,0,0,0,0,0,0,38,14,7,45,65476,0,300,0,0,8,21553,0.0,-107605600.0,0.0,0.0,0.0,0.0,0.0,0.0,0.0,0.0,0.0,0.0,0.0,0.0,0.0,0.0,0.0,0.0,0.0,0.0,0.0,0.0,0.0,-2.004,-0.0,0.0,0.0,0.0,0.0,0.0,5071.0,-0.0,0.0,0.0,-107615288.0,0.0,-0.0,0.0,0.0,0.0,0.0,53,2.3088403658719416e+20,0.0,0.0,0.0,0.0,0.0,0.0,0.0,0.0,0,0,0,0.0,0.0,0.0,0.0,0.0,0.0,0.0,0.0,0.0,0.0,0.0,0.0,0.0,0.0,0.0,0.0,0,-107875648.0,53,0.0,106,-107614832.0,-107350944.0,ERR,ERR,ERR,ERR,ERR,ERR,ERR,ERR,ERR,ERR,ERR,ERR,ERR,ERR,ERR,ERR,ERR,ERR,ERR,ERR,ERR,ERR,ERR,ERR,ERR,ERR,ERR,ERR,ERR,ERR,ERR,ERR,ERR,ERR,ERR,ERR,ERR,ERR,ERR,ERR,ERR,ERR,ERR,ERR,ERR,ERR,ERR,ERR,ERR,ERR,ERR,ERR,ERR,ERR,ERR,ERR,ERR,ERR,ERR,ERR,ERR,ERR,ERR,ERR,ERR,ERR,ERR,50.0,60.0,100,0.0,0.0,0.0,0.0,0.0,0.0,0.0,0.0,0.0,0.0,0.0,0.0,0.0,0.0,0.0,0.0,62.0,65,20,65521,50,65476,0,300,0,0,8,20529,65476,0,0,26214,60.0,0.0,0.0,0.0,0.0,0.0
2026-05-17T16:27:31,ERR,ERR,ERR,ERR,ERR,ERR,ERR,ERR,ERR,ERR,ERR,ERR,ERR,ERR,ERR,ERR,ERR,ERR,ERR,ERR,ERR,ERR,ERR,ERR,ERR,ERR,ERR,ERR,ERR,ERR,ERR,ERR,ERR,ERR,ERR,ERR,ERR,ERR,ERR,ERR,ERR,ERR,ERR,ERR,ERR,ERR,ERR,ERR,ERR,ERR,ERR,ERR,ERR,ERR,ERR,ERR,ERR,ERR,ERR,ERR,ERR,ERR,ERR,ERR,ERR,ERR,ERR,ERR,ERR,ERR,ERR,ERR,ERR,ERR,ERR,ERR,ERR,ERR,ERR,ERR,ERR,ERR,ERR,ERR,ERR,ERR,ERR,ERR,ERR,ERR,ERR,ERR,ERR,ERR,ERR,ERR,ERR,ERR,ERR,ERR,ERR,ERR,ERR,ERR,ERR,ERR,ERR,ERR,ERR,ERR,ERR,ERR,ERR,ERR,ERR,ERR,ERR,ERR,ERR,ERR,ERR,ERR,ERR,ERR,ERR,0.0,-107615288.0,-0.0,0.0,0.0,1.3936040501711995e+18,7.805,0.0,0,0,4,0,8422,0.0,45,0.0,0.0,0.0,0.0,0.0,0,0,0,0,0.0,0,0,0,0,0,0,0,0,0,0,0,0,0,0,0,0,0,0,0,0,0,0,0,0,0,0,0,0,0,0,0,0,0,38,14,7,45,65476,0,300,0,0,8,21553,0.0,-107605600.0,0.0,0.0,0.0,0.0,0.0,0.0,0.0,0.0,0.0,0.0,0.0,0.0,0.0,0.0,0.0,0.0,0.0,0.0,0.0,0.0,0.0,-2.004,-0.0,0.0,0.0,0.0,0.0,0.0,5071.0,-0.0,0.0,0.0,-107615288.0,0.0,-0.0,0.0,0.0,0.0,0.0,53,2.3088403658719416e+20,0.0,0.0,0.0,0.0,0.0,0.0,0.0,0.0,0,0,0,0.0,0.0,0.0,0.0,0.0,0.0,0.0,0.0,0.0,0.0,0.0,0.0,0.0,0.0,0.0,0.0,0,-107875648.0,53,0.0,106,-107614832.0,-107350944.0,ERR,ERR,ERR,ERR,ERR,ERR,ERR,ERR,ERR,ERR,ERR,ERR,ERR,ERR,ERR,ERR,ERR,ERR,ERR,ERR,ERR,ERR,ERR,ERR,ERR,ERR,ERR,ERR,ERR,ERR,ERR,ERR,ERR,ERR,ERR,ERR,ERR,ERR,ERR,ERR,ERR,ERR,ERR,ERR,ERR,ERR,ERR,ERR,ERR,ERR,ERR,ERR,ERR,ERR,ERR,ERR,ERR,ERR,ERR,ERR,ERR,ERR,ERR,ERR,ERR,ERR,ERR,50.0,60.0,100,0.0,0.0,0.0,0.0,0.0,0.0,0.0,0.0,0.0,0.0,0.0,0.0,0.0,0.0,0.0,0.0,62.0,65,20,65521,50,65476,0,300,0,0,8,20529,65476,0,0,26214,60.0,0.0,0.0,0.0,0.0,0.0
2026-05-17T16:27:32,ERR,ERR,ERR,ERR,ERR,ERR,ERR,ERR,ERR,ERR,ERR,ERR,ERR,ERR,ERR,ERR,ERR,ERR,ERR,ERR,ERR,ERR,ERR,ERR,ERR,ERR,ERR,ERR,ERR,ERR,ERR,ERR,ERR,ERR,ERR,ERR,ERR,ERR,ERR,ERR,ERR,ERR,ERR,ERR,ERR,ERR,ERR,ERR,ERR,ERR,ERR,ERR,ERR,ERR,ERR,ERR,ERR,ERR,ERR,ERR,ERR,ERR,ERR,ERR,ERR,ERR,ERR,ERR,ERR,ERR,ERR,ERR,ERR,ERR,ERR,ERR,ERR,ERR,ERR,ERR,ERR,ERR,ERR,ERR,ERR,ERR,ERR,ERR,ERR,ERR,ERR,ERR,ERR,ERR,ERR,ERR,ERR,ERR,ERR,ERR,ERR,ERR,ERR,ERR,ERR,ERR,ERR,ERR,ERR,ERR,ERR,ERR,ERR,ERR,ERR,ERR,ERR,ERR,ERR,ERR,ERR,ERR,ERR,ERR,ERR,0.0,-107615288.0,-0.0,0.0,0.0,1.3936040501711995e+18,7.805,0.0,0,0,4,0,8422,0.0,45,0.0,0.0,0.0,0.0,0.0,0,0,0,0,0.0,0,0,0,0,0,0,0,0,0,0,0,0,0,0,0,0,0,0,0,0,0,0,0,0,0,0,0,0,0,0,0,0,0,38,14,7,45,65476,0,300,0,0,8,21553,0.0,-107605600.0,0.0,0.0,0.0,0.0,0.0,0.0,0.0,0.0,0.0,0.0,0.0,0.0,0.0,0.0,0.0,0.0,0.0,0.0,0.0,0.0,0.0,-2.004,-0.0,0.0,0.0,0.0,0.0,0.0,5071.0,-0.0,0.0,0.0,-107615288.0,0.0,-0.0,0.0,0.0,0.0,0.0,53,2.3088403658719416e+20,0.0,0.0,0.0,0.0,0.0,0.0,0.0,0.0,0,0,0,0.0,0.0,0.0,0.0,0.0,0.0,0.0,0.0,0.0,0.0,0.0,0.0,0.0,0.0,0.0,0.0,0,-107875648.0,53,0.0,106,-107614832.0,-107350944.0,ERR,ERR,ERR,ERR,ERR,ERR,ERR,ERR,ERR,ERR,ERR,ERR,ERR,ERR,ERR,ERR,ERR,ERR,ERR,ERR,ERR,ERR,ERR,ERR,ERR,ERR,ERR,ERR,ERR,ERR,ERR,ERR,ERR,ERR,ERR,ERR,ERR,ERR,ERR,ERR,ERR,ERR,ERR,ERR,ERR,ERR,ERR,ERR,ERR,ERR,ERR,ERR,ERR,ERR,ERR,ERR,ERR,ERR,ERR,ERR,ERR,ERR,ERR,ERR,ERR,ERR,ERR,50.0,60.0,100,0.0,0.0,0.0,0.0,0.0,0.0,0.0,0.0,0.0,0.0,0.0,0.0,0.0,0.0,0.0,0.0,62.0,65,20,65521,50,65476,0,300,0,0,8,20529,65476,0,0,26214,60.0,0.0,0.0,0.0,0.0,0.0
2026-05-17T16:27:33,ERR,ERR,ERR,ERR,ERR,ERR,ERR,ERR,ERR,ERR,ERR,ERR,ERR,ERR,ERR,ERR,ERR,ERR,ERR,ERR,ERR,ERR,ERR,ERR,ERR,ERR,ERR,ERR,ERR,ERR,ERR,ERR,ERR,ERR,ERR,ERR,ERR,ERR,ERR,ERR,ERR,ERR,ERR,ERR,ERR,ERR,ERR,ERR,ERR,ERR,ERR,ERR,ERR,ERR,ERR,ERR,ERR,ERR,ERR,ERR,ERR,ERR,ERR,ERR,ERR,ERR,ERR,ERR,ERR,ERR,ERR,ERR,ERR,ERR,ERR,ERR,ERR,ERR,ERR,ERR,ERR,ERR,ERR,ERR,ERR,ERR,ERR,ERR,ERR,ERR,ERR,ERR,ERR,ERR,ERR,ERR,ERR,ERR,ERR,ERR,ERR,ERR,ERR,ERR,ERR,ERR,ERR,ERR,ERR,ERR,ERR,ERR,ERR,ERR,ERR,ERR,ERR,ERR,ERR,ERR,ERR,ERR,ERR,ERR,ERR,0.0,-107615288.0,-0.0,0.0,0.0,1.3936040501711995e+18,7.805,0.0,0,0,4,0,8422,0.0,45,0.0,0.0,0.0,0.0,0.0,0,0,0,0,0.0,0,0,0,0,0,0,0,0,0,0,0,0,0,0,0,0,0,0,0,0,0,0,0,0,0,0,0,0,0,0,0,0,0,38,14,7,45,65476,0,300,0,0,8,21553,0.0,-107605600.0,0.0,0.0,0.0,0.0,0.0,0.0,0.0,0.0,0.0,0.0,0.0,0.0,0.0,0.0,0.0,0.0,0.0,0.0,0.0,0.0,0.0,-2.004,-0.0,0.0,0.0,0.0,0.0,0.0,5071.0,-0.0,0.0,0.0,-107615288.0,0.0,-0.0,0.0,0.0,0.0,0.0,53,2.3088403658719416e+20,0.0,0.0,0.0,0.0,0.0,0.0,0.0,0.0,0,0,0,0.0,0.0,0.0,0.0,0.0,0.0,0.0,0.0,0.0,0.0,0.0,0.0,0.0,0.0,0.0,0.0,0,-107875648.0,53,0.0,106,-107614832.0,-107350944.0,ERR,ERR,ERR,ERR,ERR,ERR,ERR,ERR,ERR,ERR,ERR,ERR,ERR,ERR,ERR,ERR,ERR,ERR,ERR,ERR,ERR,ERR,ERR,ERR,ERR,ERR,ERR,ERR,ERR,ERR,ERR,ERR,ERR,ERR,ERR,ERR,ERR,ERR,ERR,ERR,ERR,ERR,ERR,ERR,ERR,ERR,ERR,ERR,ERR,ERR,ERR,ERR,ERR,ERR,ERR,ERR,ERR,ERR,ERR,ERR,ERR,ERR,ERR,ERR,ERR,ERR,ERR,50.0,60.0,100,0.0,0.0,0.0,0.0,0.0,0.0,0.0,0.0,0.0,0.0,0.0,0.0,0.0,0.0,0.0,0.0,62.0,65,20,65521,50,65476,0,300,0,0,8,20529,65476,0,0,26214,60.0,0.0,0.0,0.0,0.0,0.0
2026-05-17T16:27:34,ERR,ERR,ERR,ERR,ERR,ERR,ERR,ERR,ERR,ERR,ERR,ERR,ERR,ERR,ERR,ERR,ERR,ERR,ERR,ERR,ERR,ERR,ERR,ERR,ERR,ERR,ERR,ERR,ERR,ERR,ERR,ERR,ERR,ERR,ERR,ERR,ERR,ERR,ERR,ERR,ERR,ERR,ERR,ERR,ERR,ERR,ERR,ERR,ERR,ERR,ERR,ERR,ERR,ERR,ERR,ERR,ERR,ERR,ERR,ERR,ERR,ERR,ERR,ERR,ERR,ERR,ERR,ERR,ERR,ERR,ERR,ERR,ERR,ERR,ERR,ERR,ERR,ERR,ERR,ERR,ERR,ERR,ERR,ERR,ERR,ERR,ERR,ERR,ERR,ERR,ERR,ERR,ERR,ERR,ERR,ERR,ERR,ERR,ERR,ERR,ERR,ERR,ERR,ERR,ERR,ERR,ERR,ERR,ERR,ERR,ERR,ERR,ERR,ERR,ERR,ERR,ERR,ERR,ERR,ERR,ERR,ERR,ERR,ERR,ERR,0.0,-107615288.0,-0.0,0.0,0.0,1.3936040501711995e+18,7.805,0.0,0,0,4,0,8422,0.0,45,0.0,0.0,0.0,0.0,0.0,0,0,0,0,0.0,0,0,0,0,0,0,0,0,0,0,0,0,0,0,0,0,0,0,0,0,0,0,0,0,0,0,0,0,0,0,0,0,0,38,14,7,45,65476,0,300,0,0,8,21553,0.0,-107605600.0,0.0,0.0,0.0,0.0,0.0,0.0,0.0,0.0,0.0,0.0,0.0,0.0,0.0,0.0,0.0,0.0,0.0,0.0,0.0,0.0,0.0,-2.004,-0.0,0.0,0.0,0.0,0.0,0.0,5107.0,0.0,0.0,0.0,-107615288.0,0.0,-0.0,0.0,0.0,0.0,0.0,53,4.950428597886765e+32,-0.0,0.0,0.0,0.0,0.0,0.0,0.0,0.0,0,0,0,0.0,0.0,0.0,0.0,0.0,0.0,0.0,0.0,0.0,0.0,0.0,0.0,0.0,0.0,0.0,0.0,0,-107875648.0,53,0.0,106,-107614832.0,-107350944.0,ERR,ERR,ERR,ERR,ERR,ERR,ERR,ERR,ERR,ERR,ERR,ERR,ERR,ERR,ERR,ERR,ERR,ERR,ERR,ERR,ERR,ERR,ERR,ERR,ERR,ERR,ERR,ERR,ERR,ERR,ERR,ERR,ERR,ERR,ERR,ERR,ERR,ERR,ERR,ERR,ERR,ERR,ERR,ERR,ERR,ERR,ERR,ERR,ERR,ERR,ERR,ERR,ERR,ERR,ERR,ERR,ERR,ERR,ERR,ERR,ERR,ERR,ERR,ERR,ERR,ERR,ERR,50.0,60.0,100,0.0,0.0,0.0,0.0,0.0,0.0,0.0,0.0,0.0,0.0,0.0,0.0,0.0,0.0,0.0,0.0,61.6,65,20,65521,50,65476,0,300,0,0,8,20529,65476,0,0,26214,60.0,0.0,0.0,0.0,0.0,0.0
2026-05-17T16:27:35,ERR,ERR,ERR,ERR,ERR,ERR,ERR,ERR,ERR,ERR,ERR,ERR,ERR,ERR,ERR,ERR,ERR,ERR,ERR,ERR,ERR,ERR,ERR,ERR,ERR,ERR,ERR,ERR,ERR,ERR,ERR,ERR,ERR,ERR,ERR,ERR,ERR,ERR,ERR,ERR,ERR,ERR,ERR,ERR,ERR,ERR,ERR,ERR,ERR,ERR,ERR,ERR,ERR,ERR,ERR,ERR,ERR,ERR,ERR,ERR,ERR,ERR,ERR,ERR,ERR,ERR,ERR,ERR,ERR,ERR,ERR,ERR,ERR,ERR,ERR,ERR,ERR,ERR,ERR,ERR,ERR,ERR,ERR,ERR,ERR,ERR,ERR,ERR,ERR,ERR,ERR,ERR,ERR,ERR,ERR,ERR,ERR,ERR,ERR,ERR,ERR,ERR,ERR,ERR,ERR,ERR,ERR,ERR,ERR,ERR,ERR,ERR,ERR,ERR,ERR,ERR,ERR,ERR,ERR,ERR,ERR,ERR,ERR,ERR,ERR,0.0,-107615288.0,-0.0,0.0,0.0,1.3936040501711995e+18,7.805,0.0,0,0,4,0,8422,0.0,45,0.0,0.0,0.0,0.0,0.0,0,0,0,0,0.0,0,0,0,0,0,0,0,0,0,0,0,0,0,0,0,0,0,0,0,0,0,0,0,0,0,0,0,0,0,0,0,0,0,38,14,7,45,65476,0,300,0,0,8,21553,0.0,-107605600.0,0.0,0.0,0.0,0.0,0.0,0.0,0.0,0.0,0.0,0.0,0.0,0.0,0.0,0.0,0.0,0.0,0.0,0.0,0.0,0.0,0.0,-2.004,-0.0,0.0,0.0,0.0,0.0,0.0,5107.0,0.0,0.0,0.0,-107615288.0,0.0,-0.0,0.0,0.0,0.0,0.0,53,4.950428597886765e+32,-0.0,0.0,0.0,0.0,0.0,0.0,0.0,0.0,0,0,0,0.0,0.0,0.0,0.0,0.0,0.0,0.0,0.0,0.0,0.0,0.0,0.0,0.0,0.0,0.0,0.0,0,-107875648.0,53,0.0,106,-107614832.0,-107350944.0,ERR,ERR,ERR,ERR,ERR,ERR,ERR,ERR,ERR,ERR,ERR,ERR,ERR,ERR,ERR,ERR,ERR,ERR,ERR,ERR,ERR,ERR,ERR,ERR,ERR,ERR,ERR,ERR,ERR,ERR,ERR,ERR,ERR,ERR,ERR,ERR,ERR,ERR,ERR,ERR,ERR,ERR,ERR,ERR,ERR,ERR,ERR,ERR,ERR,ERR,ERR,ERR,ERR,ERR,ERR,ERR,ERR,ERR,ERR,ERR,ERR,ERR,ERR,ERR,ERR,ERR,ERR,50.0,60.0,100,0.0,0.0,0.0,0.0,0.0,0.0,0.0,0.0,0.0,0.0,0.0,0.0,0.0,0.0,0.0,0.0,61.6,65,20,65521,50,65476,0,300,0,0,8,20529,65476,0,0,26214,60.0,0.0,0.0,0.0,0.0,0.0
2026-05-17T16:27:36,ERR,ERR,ERR,ERR,ERR,ERR,ERR,ERR,ERR,ERR,ERR,ERR,ERR,ERR,ERR,ERR,ERR,ERR,ERR,ERR,ERR,ERR,ERR,ERR,ERR,ERR,ERR,ERR,ERR,ERR,ERR,ERR,ERR,ERR,ERR,ERR,ERR,ERR,ERR,ERR,ERR,ERR,ERR,ERR,ERR,ERR,ERR,ERR,ERR,ERR,ERR,ERR,ERR,ERR,ERR,ERR,ERR,ERR,ERR,ERR,ERR,ERR,ERR,ERR,ERR,ERR,ERR,ERR,ERR,ERR,ERR,ERR,ERR,ERR,ERR,ERR,ERR,ERR,ERR,ERR,ERR,ERR,ERR,ERR,ERR,ERR,ERR,ERR,ERR,ERR,ERR,ERR,ERR,ERR,ERR,ERR,ERR,ERR,ERR,ERR,ERR,ERR,ERR,ERR,ERR,ERR,ERR,ERR,ERR,ERR,ERR,ERR,ERR,ERR,ERR,ERR,ERR,ERR,ERR,ERR,ERR,ERR,ERR,ERR,ERR,0.0,-107615288.0,-0.0,0.0,0.0,1.3936040501711995e+18,7.805,0.0,0,0,4,0,8422,0.0,45,0.0,0.0,0.0,0.0,0.0,0,0,0,0,0.0,0,0,0,0,0,0,0,0,0,0,0,0,0,0,0,0,0,0,0,0,0,0,0,0,0,0,0,0,0,0,0,0,0,38,14,7,45,65476,0,300,0,0,8,21553,0.0,-107605600.0,0.0,0.0,0.0,0.0,0.0,0.0,0.0,0.0,0.0,0.0,0.0,0.0,0.0,0.0,0.0,0.0,0.0,0.0,0.0,0.0,0.0,-2.004,-0.0,0.0,0.0,0.0,0.0,0.0,5107.0,0.0,0.0,0.0,-107615288.0,0.0,-0.0,0.0,0.0,0.0,0.0,53,4.950428597886765e+32,-0.0,0.0,0.0,0.0,0.0,0.0,0.0,0.0,0,0,0,0.0,0.0,0.0,0.0,0.0,0.0,0.0,0.0,0.0,0.0,0.0,0.0,0.0,0.0,0.0,0.0,0,-107875648.0,53,0.0,106,-107614832.0,-107350944.0,ERR,ERR,ERR,ERR,ERR,ERR,ERR,ERR,ERR,ERR,ERR,ERR,ERR,ERR,ERR,ERR,ERR,ERR,ERR,ERR,ERR,ERR,ERR,ERR,ERR,ERR,ERR,ERR,ERR,ERR,ERR,ERR,ERR,ERR,ERR,ERR,ERR,ERR,ERR,ERR,ERR,ERR,ERR,ERR,ERR,ERR,ERR,ERR,ERR,ERR,ERR,ERR,ERR,ERR,ERR,ERR,ERR,ERR,ERR,ERR,ERR,ERR,ERR,ERR,ERR,ERR,ERR,50.0,60.0,100,0.0,0.0,0.0,0.0,0.0,0.0,0.0,0.0,0.0,0.0,0.0,0.0,0.0,0.0,0.0,0.0,62.0,65,20,65521,50,65476,0,300,0,0,8,20529,65476,0,0,26214,60.0,0.0,0.0,0.0,0.0,0.0
2026-05-17T16:27:37,ERR,ERR,ERR,ERR,ERR,ERR,ERR,ERR,ERR,ERR,ERR,ERR,ERR,ERR,ERR,ERR,ERR,ERR,ERR,ERR,ERR,ERR,ERR,ERR,ERR,ERR,ERR,ERR,ERR,ERR,ERR,ERR,ERR,ERR,ERR,ERR,ERR,ERR,ERR,ERR,ERR,ERR,ERR,ERR,ERR,ERR,ERR,ERR,ERR,ERR,ERR,ERR,ERR,ERR,ERR,ERR,ERR,ERR,ERR,ERR,ERR,ERR,ERR,ERR,ERR,ERR,ERR,ERR,ERR,ERR,ERR,ERR,ERR,ERR,ERR,ERR,ERR,ERR,ERR,ERR,ERR,ERR,ERR,ERR,ERR,ERR,ERR,ERR,ERR,ERR,ERR,ERR,ERR,ERR,ERR,ERR,ERR,ERR,ERR,ERR,ERR,ERR,ERR,ERR,ERR,ERR,ERR,ERR,ERR,ERR,ERR,ERR,ERR,ERR,ERR,ERR,ERR,ERR,ERR,ERR,ERR,ERR,ERR,ERR,ERR,0.0,-107615288.0,-0.0,0.0,0.0,1.3936040501711995e+18,7.805,0.0,0,0,4,0,8422,0.0,45,0.0,0.0,0.0,0.0,0.0,0,0,0,0,0.0,0,0,0,0,0,0,0,0,0,0,0,0,0,0,0,0,0,0,0,0,0,0,0,0,0,0,0,0,0,0,0,0,0,38,14,7,45,65476,0,300,0,0,8,21553,0.0,-107605600.0,0.0,0.0,0.0,0.0,0.0,0.0,0.0,0.0,0.0,0.0,0.0,0.0,0.0,0.0,0.0,0.0,0.0,0.0,0.0,0.0,0.0,-2.004,-0.0,0.0,0.0,0.0,0.0,0.0,5107.0,0.0,0.0,0.0,-107615288.0,0.0,-0.0,0.0,0.0,0.0,0.0,53,4.950428597886765e+32,-0.0,0.0,0.0,0.0,0.0,0.0,0.0,0.0,0,0,0,0.0,0.0,0.0,0.0,0.0,0.0,0.0,0.0,0.0,0.0,0.0,0.0,0.0,0.0,0.0,0.0,0,-107875648.0,53,0.0,106,-107614832.0,-107350944.0,ERR,ERR,ERR,ERR,ERR,ERR,ERR,ERR,ERR,ERR,ERR,ERR,ERR,ERR,ERR,ERR,ERR,ERR,ERR,ERR,ERR,ERR,ERR,ERR,ERR,ERR,ERR,ERR,ERR,ERR,ERR,ERR,ERR,ERR,ERR,ERR,ERR,ERR,ERR,ERR,ERR,ERR,ERR,ERR,ERR,ERR,ERR,ERR,ERR,ERR,ERR,ERR,ERR,ERR,ERR,ERR,ERR,ERR,ERR,ERR,ERR,ERR,ERR,ERR,ERR,ERR,ERR,50.0,60.0,100,0.0,0.0,0.0,0.0,0.0,0.0,0.0,0.0,0.0,0.0,0.0,0.0,0.0,0.0,0.0,0.0,61.6,65,20,65521,50,65476,0,300,0,0,8,20529,65476,0,0,26214,60.0,0.0,0.0,0.0,0.0,0.0
2026-05-17T16:27:38,ERR,ERR,ERR,ERR,ERR,ERR,ERR,ERR,ERR,ERR,ERR,ERR,ERR,ERR,ERR,ERR,ERR,ERR,ERR,ERR,ERR,ERR,ERR,ERR,ERR,ERR,ERR,ERR,ERR,ERR,ERR,ERR,ERR,ERR,ERR,ERR,ERR,ERR,ERR,ERR,ERR,ERR,ERR,ERR,ERR,ERR,ERR,ERR,ERR,ERR,ERR,ERR,ERR,ERR,ERR,ERR,ERR,ERR,ERR,ERR,ERR,ERR,ERR,ERR,ERR,ERR,ERR,ERR,ERR,ERR,ERR,ERR,ERR,ERR,ERR,ERR,ERR,ERR,ERR,ERR,ERR,ERR,ERR,ERR,ERR,ERR,ERR,ERR,ERR,ERR,ERR,ERR,ERR,ERR,ERR,ERR,ERR,ERR,ERR,ERR,ERR,ERR,ERR,ERR,ERR,ERR,ERR,ERR,ERR,ERR,ERR,ERR,ERR,ERR,ERR,ERR,ERR,ERR,ERR,ERR,ERR,ERR,ERR,ERR,ERR,0.0,-107615288.0,-0.0,0.0,0.0,1.3936040501711995e+18,7.805,0.0,0,0,4,0,8422,0.0,45,0.0,0.0,0.0,0.0,0.0,0,0,0,0,0.0,0,0,0,0,0,0,0,0,0,0,0,0,0,0,0,0,0,0,0,0,0,0,0,0,0,0,0,0,0,0,0,0,0,38,14,7,45,65476,0,300,0,0,8,21553,0.0,-107605600.0,0.0,0.0,0.0,0.0,0.0,0.0,0.0,0.0,0.0,0.0,0.0,0.0,0.0,0.0,0.0,0.0,0.0,0.0,0.0,0.0,0.0,-2.004,-0.0,0.0,0.0,0.0,0.0,0.0,5107.0,0.0,0.0,0.0,-107615288.0,0.0,-0.0,0.0,0.0,0.0,0.0,53,4.950428597886765e+32,-0.0,0.0,0.0,0.0,0.0,0.0,0.0,0.0,0,0,0,0.0,0.0,0.0,0.0,0.0,0.0,0.0,0.0,0.0,0.0,0.0,0.0,0.0,0.0,0.0,0.0,0,-107875648.0,53,0.0,106,-107614832.0,-107350944.0,ERR,ERR,ERR,ERR,ERR,ERR,ERR,ERR,ERR,ERR,ERR,ERR,ERR,ERR,ERR,ERR,ERR,ERR,ERR,ERR,ERR,ERR,ERR,ERR,ERR,ERR,ERR,ERR,ERR,ERR,ERR,ERR,ERR,ERR,ERR,ERR,ERR,ERR,ERR,ERR,ERR,ERR,ERR,ERR,ERR,ERR,ERR,ERR,ERR,ERR,ERR,ERR,ERR,ERR,ERR,ERR,ERR,ERR,ERR,ERR,ERR,ERR,ERR,ERR,ERR,ERR,ERR,50.0,60.0,100,0.0,0.0,0.0,0.0,0.0,0.0,0.0,0.0,0.0,0.0,0.0,0.0,0.0,0.0,0.0,0.0,61.6,65,20,65521,50,65476,0,300,0,0,8,20529,65476,0,0,26214,60.0,0.0,0.0,0.0,0.0,0.0
2026-05-17T16:27:39,ERR,ERR,ERR,ERR,ERR,ERR,ERR,ERR,ERR,ERR,ERR,ERR,ERR,ERR,ERR,ERR,ERR,ERR,ERR,ERR,ERR,ERR,ERR,ERR,ERR,ERR,ERR,ERR,ERR,ERR,ERR,ERR,ERR,ERR,ERR,ERR,ERR,ERR,ERR,ERR,ERR,ERR,ERR,ERR,ERR,ERR,ERR,ERR,ERR,ERR,ERR,ERR,ERR,ERR,ERR,ERR,ERR,ERR,ERR,ERR,ERR,ERR,ERR,ERR,ERR,ERR,ERR,ERR,ERR,ERR,ERR,ERR,ERR,ERR,ERR,ERR,ERR,ERR,ERR,ERR,ERR,ERR,ERR,ERR,ERR,ERR,ERR,ERR,ERR,ERR,ERR,ERR,ERR,ERR,ERR,ERR,ERR,ERR,ERR,ERR,ERR,ERR,ERR,ERR,ERR,ERR,ERR,ERR,ERR,ERR,ERR,ERR,ERR,ERR,ERR,ERR,ERR,ERR,ERR,ERR,ERR,ERR,ERR,ERR,ERR,0.0,-107615288.0,-0.0,0.0,0.0,1.3936040501711995e+18,7.805,0.0,0,0,4,0,8422,0.0,45,0.0,0.0,0.0,0.0,0.0,0,0,0,0,0.0,0,0,0,0,0,0,0,0,0,0,0,0,0,0,0,0,0,0,0,0,0,0,0,0,0,0,0,0,0,0,0,0,0,38,14,7,45,65476,0,300,0,0,8,21553,0.0,-107605600.0,0.0,0.0,0.0,0.0,0.0,0.0,0.0,0.0,0.0,0.0,0.0,0.0,0.0,0.0,0.0,0.0,0.0,0.0,0.0,0.0,0.0,-2.004,-0.0,0.0,0.0,0.0,0.0,0.0,5102.0,0.0,0.0,0.0,-107615288.0,0.0,-0.0,0.0,0.0,0.0,0.0,53,1.9056979486756045e+17,-0.0,0.0,0.0,0.0,0.0,0.0,0.0,0.0,0,0,0,0.0,0.0,0.0,0.0,0.0,0.0,0.0,0.0,0.0,0.0,0.0,0.0,0.0,0.0,0.0,0.0,0,-107875648.0,53,0.0,106,-107614832.0,-107350944.0,ERR,ERR,ERR,ERR,ERR,ERR,ERR,ERR,ERR,ERR,ERR,ERR,ERR,ERR,ERR,ERR,ERR,ERR,ERR,ERR,ERR,ERR,ERR,ERR,ERR,ERR,ERR,ERR,ERR,ERR,ERR,ERR,ERR,ERR,ERR,ERR,ERR,ERR,ERR,ERR,ERR,ERR,ERR,ERR,ERR,ERR,ERR,ERR,ERR,ERR,ERR,ERR,ERR,ERR,ERR,ERR,ERR,ERR,ERR,ERR,ERR,ERR,ERR,ERR,ERR,ERR,ERR,50.0,60.0,100,0.0,0.0,0.0,0.0,0.0,0.0,0.0,0.0,0.0,0.0,0.0,0.0,0.0,0.0,0.0,0.0,61.6,65,20,65521,50,65476,0,300,0,0,8,20529,65476,0,0,26214,60.0,0.0,0.0,0.0,0.0,0.0
2026-05-17T16:27:40,ERR,ERR,ERR,ERR,ERR,ERR,ERR,ERR,ERR,ERR,ERR,ERR,ERR,ERR,ERR,ERR,ERR,ERR,ERR,ERR,ERR,ERR,ERR,ERR,ERR,ERR,ERR,ERR,ERR,ERR,ERR,ERR,ERR,ERR,ERR,ERR,ERR,ERR,ERR,ERR,ERR,ERR,ERR,ERR,ERR,ERR,ERR,ERR,ERR,ERR,ERR,ERR,ERR,ERR,ERR,ERR,ERR,ERR,ERR,ERR,ERR,ERR,ERR,ERR,ERR,ERR,ERR,ERR,ERR,ERR,ERR,ERR,ERR,ERR,ERR,ERR,ERR,ERR,ERR,ERR,ERR,ERR,ERR,ERR,ERR,ERR,ERR,ERR,ERR,ERR,ERR,ERR,ERR,ERR,ERR,ERR,ERR,ERR,ERR,ERR,ERR,ERR,ERR,ERR,ERR,ERR,ERR,ERR,ERR,ERR,ERR,ERR,ERR,ERR,ERR,ERR,ERR,ERR,ERR,ERR,ERR,ERR,ERR,ERR,ERR,0.0,-107615288.0,-0.0,0.0,0.0,1.3936040501711995e+18,7.805,0.0,0,0,4,0,8422,0.0,45,0.0,0.0,0.0,0.0,0.0,0,0,0,0,0.0,0,0,0,0,0,0,0,0,0,0,0,0,0,0,0,0,0,0,0,0,0,0,0,0,0,0,0,0,0,0,0,0,0,38,14,7,45,65476,0,300,0,0,8,21553,0.0,-107605600.0,0.0,0.0,0.0,0.0,0.0,0.0,0.0,0.0,0.0,0.0,0.0,0.0,0.0,0.0,0.0,0.0,0.0,0.0,0.0,0.0,0.0,-2.004,-0.0,0.0,0.0,0.0,0.0,0.0,5102.0,0.0,0.0,0.0,-107615288.0,0.0,-0.0,0.0,0.0,0.0,0.0,53,1.9056979486756045e+17,-0.0,0.0,0.0,0.0,0.0,0.0,0.0,0.0,0,0,0,0.0,0.0,0.0,0.0,0.0,0.0,0.0,0.0,0.0,0.0,0.0,0.0,0.0,0.0,0.0,0.0,0,-107875648.0,53,0.0,106,-107614832.0,-107350944.0,ERR,ERR,ERR,ERR,ERR,ERR,ERR,ERR,ERR,ERR,ERR,ERR,ERR,ERR,ERR,ERR,ERR,ERR,ERR,ERR,ERR,ERR,ERR,ERR,ERR,ERR,ERR,ERR,ERR,ERR,ERR,ERR,ERR,ERR,ERR,ERR,ERR,ERR,ERR,ERR,ERR,ERR,ERR,ERR,ERR,ERR,ERR,ERR,ERR,ERR,ERR,ERR,ERR,ERR,ERR,ERR,ERR,ERR,ERR,ERR,ERR,ERR,ERR,ERR,ERR,ERR,ERR,50.0,60.0,100,0.0,0.0,0.0,0.0,0.0,0.0,0.0,0.0,0.0,0.0,0.0,0.0,0.0,0.0,0.0,0.0,61.6,65,20,65521,50,65476,0,300,0,0,8,20529,65476,0,0,26214,60.0,0.0,0.0,0.0,0.0,0.0
2026-05-17T16:27:41,ERR,ERR,ERR,ERR,ERR,ERR,ERR,ERR,ERR,ERR,ERR,ERR,ERR,ERR,ERR,ERR,ERR,ERR,ERR,ERR,ERR,ERR,ERR,ERR,ERR,ERR,ERR,ERR,ERR,ERR,ERR,ERR,ERR,ERR,ERR,ERR,ERR,ERR,ERR,ERR,ERR,ERR,ERR,ERR,ERR,ERR,ERR,ERR,ERR,ERR,ERR,ERR,ERR,ERR,ERR,ERR,ERR,ERR,ERR,ERR,ERR,ERR,ERR,ERR,ERR,ERR,ERR,ERR,ERR,ERR,ERR,ERR,ERR,ERR,ERR,ERR,ERR,ERR,ERR,ERR,ERR,ERR,ERR,ERR,ERR,ERR,ERR,ERR,ERR,ERR,ERR,ERR,ERR,ERR,ERR,ERR,ERR,ERR,ERR,ERR,ERR,ERR,ERR,ERR,ERR,ERR,ERR,ERR,ERR,ERR,ERR,ERR,ERR,ERR,ERR,ERR,ERR,ERR,ERR,ERR,ERR,ERR,ERR,ERR,ERR,0.0,-107615288.0,-0.0,0.0,0.0,1.3936040501711995e+18,7.805,0.0,0,0,4,0,8422,0.0,45,0.0,0.0,0.0,0.0,0.0,0,0,0,0,0.0,0,0,0,0,0,0,0,0,0,0,0,0,0,0,0,0,0,0,0,0,0,0,0,0,0,0,0,0,0,0,0,0,0,38,14,7,45,65476,0,300,0,0,8,21553,0.0,-107605600.0,0.0,0.0,0.0,0.0,0.0,0.0,0.0,0.0,0.0,0.0,0.0,0.0,0.0,0.0,0.0,0.0,0.0,0.0,0.0,0.0,0.0,-2.004,-0.0,0.0,0.0,0.0,0.0,0.0,5102.0,0.0,0.0,0.0,-107615288.0,0.0,-0.0,0.0,0.0,0.0,0.0,53,1.9056979486756045e+17,-0.0,0.0,0.0,0.0,0.0,0.0,0.0,0.0,0,0,0,0.0,0.0,0.0,0.0,0.0,0.0,0.0,0.0,0.0,0.0,0.0,0.0,0.0,0.0,0.0,0.0,0,-107875648.0,53,0.0,106,-107614832.0,-107350944.0,ERR,ERR,ERR,ERR,ERR,ERR,ERR,ERR,ERR,ERR,ERR,ERR,ERR,ERR,ERR,ERR,ERR,ERR,ERR,ERR,ERR,ERR,ERR,ERR,ERR,ERR,ERR,ERR,ERR,ERR,ERR,ERR,ERR,ERR,ERR,ERR,ERR,ERR,ERR,ERR,ERR,ERR,ERR,ERR,ERR,ERR,ERR,ERR,ERR,ERR,ERR,ERR,ERR,ERR,ERR,ERR,ERR,ERR,ERR,ERR,ERR,ERR,ERR,ERR,ERR,ERR,ERR,50.0,60.0,100,0.0,0.0,0.0,0.0,0.0,0.0,0.0,0.0,0.0,0.0,0.0,0.0,0.0,0.0,0.0,0.0,62.0,65,20,65521,50,65476,0,300,0,0,8,20529,65476,0,0,26214,60.0,0.0,0.0,0.0,0.0,0.0
2026-05-17T16:27:42,ERR,ERR,ERR,ERR,ERR,ERR,ERR,ERR,ERR,ERR,ERR,ERR,ERR,ERR,ERR,ERR,ERR,ERR,ERR,ERR,ERR,ERR,ERR,ERR,ERR,ERR,ERR,ERR,ERR,ERR,ERR,ERR,ERR,ERR,ERR,ERR,ERR,ERR,ERR,ERR,ERR,ERR,ERR,ERR,ERR,ERR,ERR,ERR,ERR,ERR,ERR,ERR,ERR,ERR,ERR,ERR,ERR,ERR,ERR,ERR,ERR,ERR,ERR,ERR,ERR,ERR,ERR,ERR,ERR,ERR,ERR,ERR,ERR,ERR,ERR,ERR,ERR,ERR,ERR,ERR,ERR,ERR,ERR,ERR,ERR,ERR,ERR,ERR,ERR,ERR,ERR,ERR,ERR,ERR,ERR,ERR,ERR,ERR,ERR,ERR,ERR,ERR,ERR,ERR,ERR,ERR,ERR,ERR,ERR,ERR,ERR,ERR,ERR,ERR,ERR,ERR,ERR,ERR,ERR,ERR,ERR,ERR,ERR,ERR,ERR,0.0,-107615288.0,-0.0,0.0,0.0,1.3936040501711995e+18,7.805,0.0,0,0,4,0,8422,0.0,45,0.0,0.0,0.0,0.0,0.0,0,0,0,0,0.0,0,0,0,0,0,0,0,0,0,0,0,0,0,0,0,0,0,0,0,0,0,0,0,0,0,0,0,0,0,0,0,0,0,38,14,7,45,65476,0,300,0,0,8,21553,0.0,-107605600.0,0.0,0.0,0.0,0.0,0.0,0.0,0.0,0.0,0.0,0.0,0.0,0.0,0.0,0.0,0.0,0.0,0.0,0.0,0.0,0.0,0.0,-2.004,-0.0,0.0,0.0,0.0,0.0,0.0,5102.0,0.0,0.0,0.0,-107615288.0,0.0,-0.0,0.0,0.0,0.0,0.0,53,1.9056979486756045e+17,-0.0,0.0,0.0,0.0,0.0,0.0,0.0,0.0,0,0,0,0.0,0.0,0.0,0.0,0.0,0.0,0.0,0.0,0.0,0.0,0.0,0.0,0.0,0.0,0.0,0.0,0,-107875648.0,53,0.0,106,-107614832.0,-107350944.0,ERR,ERR,ERR,ERR,ERR,ERR,ERR,ERR,ERR,ERR,ERR,ERR,ERR,ERR,ERR,ERR,ERR,ERR,ERR,ERR,ERR,ERR,ERR,ERR,ERR,ERR,ERR,ERR,ERR,ERR,ERR,ERR,ERR,ERR,ERR,ERR,ERR,ERR,ERR,ERR,ERR,ERR,ERR,ERR,ERR,ERR,ERR,ERR,ERR,ERR,ERR,ERR,ERR,ERR,ERR,ERR,ERR,ERR,ERR,ERR,ERR,ERR,ERR,ERR,ERR,ERR,ERR,50.0,60.0,100,0.0,0.0,0.0,0.0,0.0,0.0,0.0,0.0,0.0,0.0,0.0,0.0,0.0,0.0,0.0,0.0,62.0,65,20,65521,50,65476,0,300,0,0,8,20529,65476,0,0,26214,60.0,0.0,0.0,0.0,0.0,0.0
2026-05-17T16:27:43,ERR,ERR,ERR,ERR,ERR,ERR,ERR,ERR,ERR,ERR,ERR,ERR,ERR,ERR,ERR,ERR,ERR,ERR,ERR,ERR,ERR,ERR,ERR,ERR,ERR,ERR,ERR,ERR,ERR,ERR,ERR,ERR,ERR,ERR,ERR,ERR,ERR,ERR,ERR,ERR,ERR,ERR,ERR,ERR,ERR,ERR,ERR,ERR,ERR,ERR,ERR,ERR,ERR,ERR,ERR,ERR,ERR,ERR,ERR,ERR,ERR,ERR,ERR,ERR,ERR,ERR,ERR,ERR,ERR,ERR,ERR,ERR,ERR,ERR,ERR,ERR,ERR,ERR,ERR,ERR,ERR,ERR,ERR,ERR,ERR,ERR,ERR,ERR,ERR,ERR,ERR,ERR,ERR,ERR,ERR,ERR,ERR,ERR,ERR,ERR,ERR,ERR,ERR,ERR,ERR,ERR,ERR,ERR,ERR,ERR,ERR,ERR,ERR,ERR,ERR,ERR,ERR,ERR,ERR,ERR,ERR,ERR,ERR,ERR,ERR,0.0,-107615288.0,-0.0,0.0,0.0,1.3936040501711995e+18,7.805,0.0,0,0,4,0,8422,0.0,45,0.0,0.0,0.0,0.0,0.0,0,0,0,0,0.0,0,0,0,0,0,0,0,0,0,0,0,0,0,0,0,0,0,0,0,0,0,0,0,0,0,0,0,0,0,0,0,0,0,38,14,7,45,65476,0,300,0,0,8,21553,0.0,-107605600.0,0.0,0.0,0.0,0.0,0.0,0.0,0.0,0.0,0.0,0.0,0.0,0.0,0.0,0.0,0.0,0.0,0.0,0.0,0.0,0.0,0.0,-2.004,-0.0,0.0,0.0,0.0,0.0,0.0,5102.0,0.0,0.0,0.0,-107615288.0,0.0,-0.0,0.0,0.0,0.0,0.0,53,1.9056979486756045e+17,-0.0,0.0,0.0,0.0,0.0,0.0,0.0,0.0,0,0,0,0.0,0.0,0.0,0.0,0.0,0.0,0.0,0.0,0.0,0.0,0.0,0.0,0.0,0.0,0.0,0.0,0,-107875648.0,53,0.0,106,-107614832.0,-107350944.0,ERR,ERR,ERR,ERR,ERR,ERR,ERR,ERR,ERR,ERR,ERR,ERR,ERR,ERR,ERR,ERR,ERR,ERR,ERR,ERR,ERR,ERR,ERR,ERR,ERR,ERR,ERR,ERR,ERR,ERR,ERR,ERR,ERR,ERR,ERR,ERR,ERR,ERR,ERR,ERR,ERR,ERR,ERR,ERR,ERR,ERR,ERR,ERR,ERR,ERR,ERR,ERR,ERR,ERR,ERR,ERR,ERR,ERR,ERR,ERR,ERR,ERR,ERR,ERR,ERR,ERR,ERR,50.0,60.0,100,0.0,0.0,0.0,0.0,0.0,0.0,0.0,0.0,0.0,0.0,0.0,0.0,0.0,0.0,0.0,0.0,62.0,65,20,65521,50,65476,0,300,0,0,8,20529,65476,0,0,26214,60.0,0.0,0.0,0.0,0.0,0.0
2026-05-17T16:27:44,ERR,ERR,ERR,ERR,ERR,ERR,ERR,ERR,ERR,ERR,ERR,ERR,ERR,ERR,ERR,ERR,ERR,ERR,ERR,ERR,ERR,ERR,ERR,ERR,ERR,ERR,ERR,ERR,ERR,ERR,ERR,ERR,ERR,ERR,ERR,ERR,ERR,ERR,ERR,ERR,ERR,ERR,ERR,ERR,ERR,ERR,ERR,ERR,ERR,ERR,ERR,ERR,ERR,ERR,ERR,ERR,ERR,ERR,ERR,ERR,ERR,ERR,ERR,ERR,ERR,ERR,ERR,ERR,ERR,ERR,ERR,ERR,ERR,ERR,ERR,ERR,ERR,ERR,ERR,ERR,ERR,ERR,ERR,ERR,ERR,ERR,ERR,ERR,ERR,ERR,ERR,ERR,ERR,ERR,ERR,ERR,ERR,ERR,ERR,ERR,ERR,ERR,ERR,ERR,ERR,ERR,ERR,ERR,ERR,ERR,ERR,ERR,ERR,ERR,ERR,ERR,ERR,ERR,ERR,ERR,ERR,ERR,ERR,ERR,ERR,0.0,-107615288.0,-0.0,0.0,0.0,1.3936040501711995e+18,7.805,0.0,0,0,4,0,8422,0.0,45,0.0,0.0,0.0,0.0,0.0,0,0,0,0,0.0,0,0,0,0,0,0,0,0,0,0,0,0,0,0,0,0,0,0,0,0,0,0,0,0,0,0,0,0,0,0,0,0,0,38,14,7,45,65476,0,300,0,0,8,21553,0.0,-107605600.0,0.0,0.0,0.0,0.0,0.0,0.0,0.0,0.0,0.0,0.0,0.0,0.0,0.0,0.0,0.0,0.0,0.0,0.0,0.0,0.0,0.0,-2.004,-0.0,0.0,0.0,0.0,0.0,0.0,5073.0,-564145967595520.0,0.0,0.0,-107615288.0,0.0,-0.0,0.0,0.0,0.0,0.0,53,3.222028592685471e+26,126840561664.0,0.0,0.0,0.0,0.0,0.0,0.0,0.0,0,0,0,0.0,0.0,0.0,0.0,0.0,0.0,0.0,0.0,0.0,0.0,0.0,0.0,0.0,0.0,0.0,0.0,0,-107875648.0,53,0.0,106,-107614832.0,-107350944.0,ERR,ERR,ERR,ERR,ERR,ERR,ERR,ERR,ERR,ERR,ERR,ERR,ERR,ERR,ERR,ERR,ERR,ERR,ERR,ERR,ERR,ERR,ERR,ERR,ERR,ERR,ERR,ERR,ERR,ERR,ERR,ERR,ERR,ERR,ERR,ERR,ERR,ERR,ERR,ERR,ERR,ERR,ERR,ERR,ERR,ERR,ERR,ERR,ERR,ERR,ERR,ERR,ERR,ERR,ERR,ERR,ERR,ERR,ERR,ERR,ERR,ERR,ERR,ERR,ERR,ERR,ERR,50.0,60.0,100,0.0,0.0,0.0,0.0,0.0,0.0,0.0,0.0,0.0,0.0,0.0,0.0,0.0,0.0,0.0,0.0,61.6,65,20,65521,50,65476,0,300,0,0,8,20529,65476,0,0,26214,60.0,0.0,0.0,0.0,0.0,0.0
2026-05-17T16:27:45,ERR,ERR,ERR,ERR,ERR,ERR,ERR,ERR,ERR,ERR,ERR,ERR,ERR,ERR,ERR,ERR,ERR,ERR,ERR,ERR,ERR,ERR,ERR,ERR,ERR,ERR,ERR,ERR,ERR,ERR,ERR,ERR,ERR,ERR,ERR,ERR,ERR,ERR,ERR,ERR,ERR,ERR,ERR,ERR,ERR,ERR,ERR,ERR,ERR,ERR,ERR,ERR,ERR,ERR,ERR,ERR,ERR,ERR,ERR,ERR,ERR,ERR,ERR,ERR,ERR,ERR,ERR,ERR,ERR,ERR,ERR,ERR,ERR,ERR,ERR,ERR,ERR,ERR,ERR,ERR,ERR,ERR,ERR,ERR,ERR,ERR,ERR,ERR,ERR,ERR,ERR,ERR,ERR,ERR,ERR,ERR,ERR,ERR,ERR,ERR,ERR,ERR,ERR,ERR,ERR,ERR,ERR,ERR,ERR,ERR,ERR,ERR,ERR,ERR,ERR,ERR,ERR,ERR,ERR,ERR,ERR,ERR,ERR,ERR,ERR,0.0,-107615288.0,-0.0,0.0,0.0,1.3936040501711995e+18,7.805,0.0,0,0,4,0,8422,0.0,45,0.0,0.0,0.0,0.0,0.0,0,0,0,0,0.0,0,0,0,0,0,0,0,0,0,0,0,0,0,0,0,0,0,0,0,0,0,0,0,0,0,0,0,0,0,0,0,0,0,38,14,7,45,65476,0,300,0,0,8,21553,0.0,-107605600.0,0.0,0.0,0.0,0.0,0.0,0.0,0.0,0.0,0.0,0.0,0.0,0.0,0.0,0.0,0.0,0.0,0.0,0.0,0.0,0.0,0.0,-2.004,-0.0,0.0,0.0,0.0,0.0,0.0,5073.0,-564145967595520.0,0.0,0.0,-107615288.0,0.0,-0.0,0.0,0.0,0.0,0.0,53,3.222028592685471e+26,126840561664.0,0.0,0.0,0.0,0.0,0.0,0.0,0.0,0,0,0,0.0,0.0,0.0,0.0,0.0,0.0,0.0,0.0,0.0,0.0,0.0,0.0,0.0,0.0,0.0,0.0,0,-107875648.0,53,0.0,106,-107614832.0,-107350944.0,ERR,ERR,ERR,ERR,ERR,ERR,ERR,ERR,ERR,ERR,ERR,ERR,ERR,ERR,ERR,ERR,ERR,ERR,ERR,ERR,ERR,ERR,ERR,ERR,ERR,ERR,ERR,ERR,ERR,ERR,ERR,ERR,ERR,ERR,ERR,ERR,ERR,ERR,ERR,ERR,ERR,ERR,ERR,ERR,ERR,ERR,ERR,ERR,ERR,ERR,ERR,ERR,ERR,ERR,ERR,ERR,ERR,ERR,ERR,ERR,ERR,ERR,ERR,ERR,ERR,ERR,ERR,50.0,60.0,100,0.0,0.0,0.0,0.0,0.0,0.0,0.0,0.0,0.0,0.0,0.0,0.0,0.0,0.0,0.0,0.0,61.6,65,20,65521,50,65476,0,300,0,0,8,20529,65476,0,0,26214,60.0,0.0,0.0,0.0,0.0,0.0
2026-05-17T16:27:46,ERR,ERR,ERR,ERR,ERR,ERR,ERR,ERR,ERR,ERR,ERR,ERR,ERR,ERR,ERR,ERR,ERR,ERR,ERR,ERR,ERR,ERR,ERR,ERR,ERR,ERR,ERR,ERR,ERR,ERR,ERR,ERR,ERR,ERR,ERR,ERR,ERR,ERR,ERR,ERR,ERR,ERR,ERR,ERR,ERR,ERR,ERR,ERR,ERR,ERR,ERR,ERR,ERR,ERR,ERR,ERR,ERR,ERR,ERR,ERR,ERR,ERR,ERR,ERR,ERR,ERR,ERR,ERR,ERR,ERR,ERR,ERR,ERR,ERR,ERR,ERR,ERR,ERR,ERR,ERR,ERR,ERR,ERR,ERR,ERR,ERR,ERR,ERR,ERR,ERR,ERR,ERR,ERR,ERR,ERR,ERR,ERR,ERR,ERR,ERR,ERR,ERR,ERR,ERR,ERR,ERR,ERR,ERR,ERR,ERR,ERR,ERR,ERR,ERR,ERR,ERR,ERR,ERR,ERR,ERR,ERR,ERR,ERR,ERR,ERR,0.0,-107615288.0,-0.0,0.0,0.0,1.3936040501711995e+18,7.805,0.0,0,0,4,0,8422,0.0,45,0.0,0.0,0.0,0.0,0.0,0,0,0,0,0.0,0,0,0,0,0,0,0,0,0,0,0,0,0,0,0,0,0,0,0,0,0,0,0,0,0,0,0,0,0,0,0,0,0,38,14,7,45,65476,0,300,0,0,8,21553,0.0,-107605600.0,0.0,0.0,0.0,0.0,0.0,0.0,0.0,0.0,0.0,0.0,0.0,0.0,0.0,0.0,0.0,0.0,0.0,0.0,0.0,0.0,0.0,-2.004,-0.0,0.0,0.0,0.0,0.0,0.0,5073.0,-564145967595520.0,0.0,0.0,-107615288.0,0.0,-0.0,0.0,0.0,0.0,0.0,53,3.222028592685471e+26,126840561664.0,0.0,0.0,0.0,0.0,0.0,0.0,0.0,0,0,0,0.0,0.0,0.0,0.0,0.0,0.0,0.0,0.0,0.0,0.0,0.0,0.0,0.0,0.0,0.0,0.0,0,-107875648.0,53,0.0,106,-107614832.0,-107350944.0,ERR,ERR,ERR,ERR,ERR,ERR,ERR,ERR,ERR,ERR,ERR,ERR,ERR,ERR,ERR,ERR,ERR,ERR,ERR,ERR,ERR,ERR,ERR,ERR,ERR,ERR,ERR,ERR,ERR,ERR,ERR,ERR,ERR,ERR,ERR,ERR,ERR,ERR,ERR,ERR,ERR,ERR,ERR,ERR,ERR,ERR,ERR,ERR,ERR,ERR,ERR,ERR,ERR,ERR,ERR,ERR,ERR,ERR,ERR,ERR,ERR,ERR,ERR,ERR,ERR,ERR,ERR,50.0,60.0,100,0.0,0.0,0.0,0.0,0.0,0.0,0.0,0.0,0.0,0.0,0.0,0.0,0.0,0.0,0.0,0.0,61.6,65,20,65521,50,65476,0,300,0,0,8,20529,65476,0,0,26214,60.0,0.0,0.0,0.0,0.0,0.0
2026-05-17T16:27:47,ERR,ERR,ERR,ERR,ERR,ERR,ERR,ERR,ERR,ERR,ERR,ERR,ERR,ERR,ERR,ERR,ERR,ERR,ERR,ERR,ERR,ERR,ERR,ERR,ERR,ERR,ERR,ERR,ERR,ERR,ERR,ERR,ERR,ERR,ERR,ERR,ERR,ERR,ERR,ERR,ERR,ERR,ERR,ERR,ERR,ERR,ERR,ERR,ERR,ERR,ERR,ERR,ERR,ERR,ERR,ERR,ERR,ERR,ERR,ERR,ERR,ERR,ERR,ERR,ERR,ERR,ERR,ERR,ERR,ERR,ERR,ERR,ERR,ERR,ERR,ERR,ERR,ERR,ERR,ERR,ERR,ERR,ERR,ERR,ERR,ERR,ERR,ERR,ERR,ERR,ERR,ERR,ERR,ERR,ERR,ERR,ERR,ERR,ERR,ERR,ERR,ERR,ERR,ERR,ERR,ERR,ERR,ERR,ERR,ERR,ERR,ERR,ERR,ERR,ERR,ERR,ERR,ERR,ERR,ERR,ERR,ERR,ERR,ERR,ERR,0.0,-107615288.0,-0.0,0.0,0.0,1.3936040501711995e+18,7.805,0.0,0,0,4,0,8422,0.0,45,0.0,0.0,0.0,0.0,0.0,0,0,0,0,0.0,0,0,0,0,0,0,0,0,0,0,0,0,0,0,0,0,0,0,0,0,0,0,0,0,0,0,0,0,0,0,0,0,0,38,14,7,45,65476,0,300,0,0,8,21553,0.0,-107605600.0,0.0,0.0,0.0,0.0,0.0,0.0,0.0,0.0,0.0,0.0,0.0,0.0,0.0,0.0,0.0,0.0,0.0,0.0,0.0,0.0,0.0,-2.004,-0.0,0.0,0.0,0.0,0.0,0.0,5073.0,-564145967595520.0,0.0,0.0,-107615288.0,0.0,-0.0,0.0,0.0,0.0,0.0,53,3.222028592685471e+26,126840561664.0,0.0,0.0,0.0,0.0,0.0,0.0,0.0,0,0,0,0.0,0.0,0.0,0.0,0.0,0.0,0.0,0.0,0.0,0.0,0.0,0.0,0.0,0.0,0.0,0.0,0,-107875648.0,53,0.0,106,-107614832.0,-107350944.0,ERR,ERR,ERR,ERR,ERR,ERR,ERR,ERR,ERR,ERR,ERR,ERR,ERR,ERR,ERR,ERR,ERR,ERR,ERR,ERR,ERR,ERR,ERR,ERR,ERR,ERR,ERR,ERR,ERR,ERR,ERR,ERR,ERR,ERR,ERR,ERR,ERR,ERR,ERR,ERR,ERR,ERR,ERR,ERR,ERR,ERR,ERR,ERR,ERR,ERR,ERR,ERR,ERR,ERR,ERR,ERR,ERR,ERR,ERR,ERR,ERR,ERR,ERR,ERR,ERR,ERR,ERR,50.0,60.0,100,0.0,0.0,0.0,0.0,0.0,0.0,0.0,0.0,0.0,0.0,0.0,0.0,0.0,0.0,0.0,0.0,61.6,65,20,65521,50,65476,0,300,0,0,8,20529,65476,0,0,26214,60.0,0.0,0.0,0.0,0.0,0.0
2026-05-17T16:27:48,ERR,ERR,ERR,ERR,ERR,ERR,ERR,ERR,ERR,ERR,ERR,ERR,ERR,ERR,ERR,ERR,ERR,ERR,ERR,ERR,ERR,ERR,ERR,ERR,ERR,ERR,ERR,ERR,ERR,ERR,ERR,ERR,ERR,ERR,ERR,ERR,ERR,ERR,ERR,ERR,ERR,ERR,ERR,ERR,ERR,ERR,ERR,ERR,ERR,ERR,ERR,ERR,ERR,ERR,ERR,ERR,ERR,ERR,ERR,ERR,ERR,ERR,ERR,ERR,ERR,ERR,ERR,ERR,ERR,ERR,ERR,ERR,ERR,ERR,ERR,ERR,ERR,ERR,ERR,ERR,ERR,ERR,ERR,ERR,ERR,ERR,ERR,ERR,ERR,ERR,ERR,ERR,ERR,ERR,ERR,ERR,ERR,ERR,ERR,ERR,ERR,ERR,ERR,ERR,ERR,ERR,ERR,ERR,ERR,ERR,ERR,ERR,ERR,ERR,ERR,ERR,ERR,ERR,ERR,ERR,ERR,ERR,ERR,ERR,ERR,0.0,-107615288.0,-0.0,0.0,0.0,1.3936040501711995e+18,7.805,0.0,0,0,4,0,8422,0.0,45,0.0,0.0,0.0,0.0,0.0,0,0,0,0,0.0,0,0,0,0,0,0,0,0,0,0,0,0,0,0,0,0,0,0,0,0,0,0,0,0,0,0,0,0,0,0,0,0,0,38,14,7,45,65476,0,300,0,0,8,21553,0.0,-107605600.0,0.0,0.0,0.0,0.0,0.0,0.0,0.0,0.0,0.0,0.0,0.0,0.0,0.0,0.0,0.0,0.0,0.0,0.0,0.0,0.0,0.0,-2.004,-0.0,0.0,0.0,0.0,0.0,0.0,5073.0,-564145967595520.0,0.0,0.0,-107615288.0,0.0,-0.0,0.0,0.0,0.0,0.0,53,3.222028592685471e+26,126840561664.0,0.0,0.0,0.0,0.0,0.0,0.0,0.0,0,0,0,0.0,0.0,0.0,0.0,0.0,0.0,0.0,0.0,0.0,0.0,0.0,0.0,0.0,0.0,0.0,0.0,0,-107875648.0,53,0.0,106,-107614832.0,-107350944.0,ERR,ERR,ERR,ERR,ERR,ERR,ERR,ERR,ERR,ERR,ERR,ERR,ERR,ERR,ERR,ERR,ERR,ERR,ERR,ERR,ERR,ERR,ERR,ERR,ERR,ERR,ERR,ERR,ERR,ERR,ERR,ERR,ERR,ERR,ERR,ERR,ERR,ERR,ERR,ERR,ERR,ERR,ERR,ERR,ERR,ERR,ERR,ERR,ERR,ERR,ERR,ERR,ERR,ERR,ERR,ERR,ERR,ERR,ERR,ERR,ERR,ERR,ERR,ERR,ERR,ERR,ERR,50.0,60.0,100,0.0,0.0,0.0,0.0,0.0,0.0,0.0,0.0,0.0,0.0,0.0,0.0,0.0,0.0,0.0,0.0,61.6,65,20,65521,50,65476,0,300,0,0,8,20529,65476,0,0,26214,60.0,0.0,0.0,0.0,0.0,0.0
2026-05-17T16:27:49,ERR,ERR,ERR,ERR,ERR,ERR,ERR,ERR,ERR,ERR,ERR,ERR,ERR,ERR,ERR,ERR,ERR,ERR,ERR,ERR,ERR,ERR,ERR,ERR,ERR,ERR,ERR,ERR,ERR,ERR,ERR,ERR,ERR,ERR,ERR,ERR,ERR,ERR,ERR,ERR,ERR,ERR,ERR,ERR,ERR,ERR,ERR,ERR,ERR,ERR,ERR,ERR,ERR,ERR,ERR,ERR,ERR,ERR,ERR,ERR,ERR,ERR,ERR,ERR,ERR,ERR,ERR,ERR,ERR,ERR,ERR,ERR,ERR,ERR,ERR,ERR,ERR,ERR,ERR,ERR,ERR,ERR,ERR,ERR,ERR,ERR,ERR,ERR,ERR,ERR,ERR,ERR,ERR,ERR,ERR,ERR,ERR,ERR,ERR,ERR,ERR,ERR,ERR,ERR,ERR,ERR,ERR,ERR,ERR,ERR,ERR,ERR,ERR,ERR,ERR,ERR,ERR,ERR,ERR,ERR,ERR,ERR,ERR,ERR,ERR,0.0,-107615288.0,-0.0,0.0,0.0,1.3936040501711995e+18,7.805,0.0,0,0,4,0,8422,0.0,45,0.0,0.0,0.0,0.0,0.0,0,0,0,0,0.0,0,0,0,0,0,0,0,0,0,0,0,0,0,0,0,0,0,0,0,0,0,0,0,0,0,0,0,0,0,0,0,0,0,38,14,7,45,65476,0,300,0,0,8,21553,0.0,-107605600.0,0.0,0.0,0.0,0.0,0.0,0.0,0.0,0.0,0.0,0.0,0.0,0.0,0.0,0.0,0.0,0.0,0.0,0.0,0.0,0.0,0.0,-2.004,-0.0,0.0,0.0,0.0,0.0,0.0,5100.0,0.0,0.0,0.0,-107615288.0,0.0,-0.0,0.0,0.0,0.0,0.0,53,126841110528.0,-0.0,0.0,0.0,0.0,0.0,0.0,0.0,0.0,0,0,0,0.0,0.0,0.0,0.0,0.0,0.0,0.0,0.0,0.0,0.0,0.0,0.0,0.0,0.0,0.0,0.0,0,-107875648.0,53,0.0,106,-107614832.0,-107350944.0,ERR,ERR,ERR,ERR,ERR,ERR,ERR,ERR,ERR,ERR,ERR,ERR,ERR,ERR,ERR,ERR,ERR,ERR,ERR,ERR,ERR,ERR,ERR,ERR,ERR,ERR,ERR,ERR,ERR,ERR,ERR,ERR,ERR,ERR,ERR,ERR,ERR,ERR,ERR,ERR,ERR,ERR,ERR,ERR,ERR,ERR,ERR,ERR,ERR,ERR,ERR,ERR,ERR,ERR,ERR,ERR,ERR,ERR,ERR,ERR,ERR,ERR,ERR,ERR,ERR,ERR,ERR,50.0,60.0,100,0.0,0.0,0.0,0.0,0.0,0.0,0.0,0.0,0.0,0.0,0.0,0.0,0.0,0.0,0.0,0.0,61.6,65,20,65521,50,65476,0,300,0,0,8,20529,65476,0,0,26214,60.0,0.0,0.0,0.0,0.0,0.0
2026-05-17T16:27:50,ERR,ERR,ERR,ERR,ERR,ERR,ERR,ERR,ERR,ERR,ERR,ERR,ERR,ERR,ERR,ERR,ERR,ERR,ERR,ERR,ERR,ERR,ERR,ERR,ERR,ERR,ERR,ERR,ERR,ERR,ERR,ERR,ERR,ERR,ERR,ERR,ERR,ERR,ERR,ERR,ERR,ERR,ERR,ERR,ERR,ERR,ERR,ERR,ERR,ERR,ERR,ERR,ERR,ERR,ERR,ERR,ERR,ERR,ERR,ERR,ERR,ERR,ERR,ERR,ERR,ERR,ERR,ERR,ERR,ERR,ERR,ERR,ERR,ERR,ERR,ERR,ERR,ERR,ERR,ERR,ERR,ERR,ERR,ERR,ERR,ERR,ERR,ERR,ERR,ERR,ERR,ERR,ERR,ERR,ERR,ERR,ERR,ERR,ERR,ERR,ERR,ERR,ERR,ERR,ERR,ERR,ERR,ERR,ERR,ERR,ERR,ERR,ERR,ERR,ERR,ERR,ERR,ERR,ERR,ERR,ERR,ERR,ERR,ERR,ERR,0.0,-107615288.0,-0.0,0.0,0.0,1.3936040501711995e+18,7.805,0.0,0,0,4,0,8422,0.0,45,0.0,0.0,0.0,0.0,0.0,0,0,0,0,0.0,0,0,0,0,0,0,0,0,0,0,0,0,0,0,0,0,0,0,0,0,0,0,0,0,0,0,0,0,0,0,0,0,0,38,14,7,45,65476,0,300,0,0,8,21553,0.0,-107605600.0,0.0,0.0,0.0,0.0,0.0,0.0,0.0,0.0,0.0,0.0,0.0,0.0,0.0,0.0,0.0,0.0,0.0,0.0,0.0,0.0,0.0,-2.004,-0.0,0.0,0.0,0.0,0.0,0.0,5100.0,0.0,0.0,0.0,-107615288.0,0.0,-0.0,0.0,0.0,0.0,0.0,53,126841110528.0,-0.0,0.0,0.0,0.0,0.0,0.0,0.0,0.0,0,0,0,0.0,0.0,0.0,0.0,0.0,0.0,0.0,0.0,0.0,0.0,0.0,0.0,0.0,0.0,0.0,0.0,0,-107875648.0,53,0.0,106,-107614832.0,-107350944.0,ERR,ERR,ERR,ERR,ERR,ERR,ERR,ERR,ERR,ERR,ERR,ERR,ERR,ERR,ERR,ERR,ERR,ERR,ERR,ERR,ERR,ERR,ERR,ERR,ERR,ERR,ERR,ERR,ERR,ERR,ERR,ERR,ERR,ERR,ERR,ERR,ERR,ERR,ERR,ERR,ERR,ERR,ERR,ERR,ERR,ERR,ERR,ERR,ERR,ERR,ERR,ERR,ERR,ERR,ERR,ERR,ERR,ERR,ERR,ERR,ERR,ERR,ERR,ERR,ERR,ERR,ERR,50.0,60.0,100,0.0,0.0,0.0,0.0,0.0,0.0,0.0,0.0,0.0,0.0,0.0,0.0,0.0,0.0,0.0,0.0,62.0,65,20,65521,50,65476,0,300,0,0,8,20529,65476,0,0,26214,60.0,0.0,0.0,0.0,0.0,0.0
2026-05-17T16:27:51,ERR,ERR,ERR,ERR,ERR,ERR,ERR,ERR,ERR,ERR,ERR,ERR,ERR,ERR,ERR,ERR,ERR,ERR,ERR,ERR,ERR,ERR,ERR,ERR,ERR,ERR,ERR,ERR,ERR,ERR,ERR,ERR,ERR,ERR,ERR,ERR,ERR,ERR,ERR,ERR,ERR,ERR,ERR,ERR,ERR,ERR,ERR,ERR,ERR,ERR,ERR,ERR,ERR,ERR,ERR,ERR,ERR,ERR,ERR,ERR,ERR,ERR,ERR,ERR,ERR,ERR,ERR,ERR,ERR,ERR,ERR,ERR,ERR,ERR,ERR,ERR,ERR,ERR,ERR,ERR,ERR,ERR,ERR,ERR,ERR,ERR,ERR,ERR,ERR,ERR,ERR,ERR,ERR,ERR,ERR,ERR,ERR,ERR,ERR,ERR,ERR,ERR,ERR,ERR,ERR,ERR,ERR,ERR,ERR,ERR,ERR,ERR,ERR,ERR,ERR,ERR,ERR,ERR,ERR,ERR,ERR,ERR,ERR,ERR,ERR,0.0,-107615288.0,-0.0,0.0,0.0,1.3936040501711995e+18,7.805,0.0,0,0,4,0,8422,0.0,45,0.0,0.0,0.0,0.0,0.0,0,0,0,0,0.0,0,0,0,0,0,0,0,0,0,0,0,0,0,0,0,0,0,0,0,0,0,0,0,0,0,0,0,0,0,0,0,0,0,38,14,7,45,65476,0,300,0,0,8,21553,0.0,-107605600.0,0.0,0.0,0.0,0.0,0.0,0.0,0.0,0.0,0.0,0.0,0.0,0.0,0.0,0.0,0.0,0.0,0.0,0.0,0.0,0.0,0.0,-2.004,-0.0,0.0,0.0,0.0,0.0,0.0,5100.0,0.0,0.0,0.0,-107615288.0,0.0,-0.0,0.0,0.0,0.0,0.0,53,126841110528.0,-0.0,0.0,0.0,0.0,0.0,0.0,0.0,0.0,0,0,0,0.0,0.0,0.0,0.0,0.0,0.0,0.0,0.0,0.0,0.0,0.0,0.0,0.0,0.0,0.0,0.0,0,-107875648.0,53,0.0,106,-107614832.0,-107350944.0,ERR,ERR,ERR,ERR,ERR,ERR,ERR,ERR,ERR,ERR,ERR,ERR,ERR,ERR,ERR,ERR,ERR,ERR,ERR,ERR,ERR,ERR,ERR,ERR,ERR,ERR,ERR,ERR,ERR,ERR,ERR,ERR,ERR,ERR,ERR,ERR,ERR,ERR,ERR,ERR,ERR,ERR,ERR,ERR,ERR,ERR,ERR,ERR,ERR,ERR,ERR,ERR,ERR,ERR,ERR,ERR,ERR,ERR,ERR,ERR,ERR,ERR,ERR,ERR,ERR,ERR,ERR,50.0,60.0,100,0.0,0.0,0.0,0.0,0.0,0.0,0.0,0.0,0.0,0.0,0.0,0.0,0.0,0.0,0.0,0.0,61.6,65,20,65521,50,65476,0,300,0,0,8,20529,65476,0,0,26214,60.0,0.0,0.0,0.0,0.0,0.0
2026-05-17T16:27:52,ERR,ERR,ERR,ERR,ERR,ERR,ERR,ERR,ERR,ERR,ERR,ERR,ERR,ERR,ERR,ERR,ERR,ERR,ERR,ERR,ERR,ERR,ERR,ERR,ERR,ERR,ERR,ERR,ERR,ERR,ERR,ERR,ERR,ERR,ERR,ERR,ERR,ERR,ERR,ERR,ERR,ERR,ERR,ERR,ERR,ERR,ERR,ERR,ERR,ERR,ERR,ERR,ERR,ERR,ERR,ERR,ERR,ERR,ERR,ERR,ERR,ERR,ERR,ERR,ERR,ERR,ERR,ERR,ERR,ERR,ERR,ERR,ERR,ERR,ERR,ERR,ERR,ERR,ERR,ERR,ERR,ERR,ERR,ERR,ERR,ERR,ERR,ERR,ERR,ERR,ERR,ERR,ERR,ERR,ERR,ERR,ERR,ERR,ERR,ERR,ERR,ERR,ERR,ERR,ERR,ERR,ERR,ERR,ERR,ERR,ERR,ERR,ERR,ERR,ERR,ERR,ERR,ERR,ERR,ERR,ERR,ERR,ERR,ERR,ERR,0.0,-107615288.0,-0.0,0.0,0.0,1.3936040501711995e+18,7.805,0.0,0,0,4,0,8422,0.0,45,0.0,0.0,0.0,0.0,0.0,0,0,0,0,0.0,0,0,0,0,0,0,0,0,0,0,0,0,0,0,0,0,0,0,0,0,0,0,0,0,0,0,0,0,0,0,0,0,0,38,14,7,45,65476,0,300,0,0,8,21553,0.0,-107605600.0,0.0,0.0,0.0,0.0,0.0,0.0,0.0,0.0,0.0,0.0,0.0,0.0,0.0,0.0,0.0,0.0,0.0,0.0,0.0,0.0,0.0,-2.004,-0.0,0.0,0.0,0.0,0.0,0.0,5100.0,0.0,0.0,0.0,-107615288.0,0.0,-0.0,0.0,0.0,0.0,0.0,53,126841110528.0,-0.0,0.0,0.0,0.0,0.0,0.0,0.0,0.0,0,0,0,0.0,0.0,0.0,0.0,0.0,0.0,0.0,0.0,0.0,0.0,0.0,0.0,0.0,0.0,0.0,0.0,0,-107875648.0,53,0.0,106,-107614832.0,-107350944.0,ERR,ERR,ERR,ERR,ERR,ERR,ERR,ERR,ERR,ERR,ERR,ERR,ERR,ERR,ERR,ERR,ERR,ERR,ERR,ERR,ERR,ERR,ERR,ERR,ERR,ERR,ERR,ERR,ERR,ERR,ERR,ERR,ERR,ERR,ERR,ERR,ERR,ERR,ERR,ERR,ERR,ERR,ERR,ERR,ERR,ERR,ERR,ERR,ERR,ERR,ERR,ERR,ERR,ERR,ERR,ERR,ERR,ERR,ERR,ERR,ERR,ERR,ERR,ERR,ERR,ERR,ERR,50.0,60.0,100,0.0,0.0,0.0,0.0,0.0,0.0,0.0,0.0,0.0,0.0,0.0,0.0,0.0,0.0,0.0,0.0,61.6,65,20,65521,50,65476,0,300,0,0,8,20529,65476,0,0,26214,60.0,0.0,0.0,0.0,0.0,0.0
2026-05-17T16:27:53,ERR,ERR,ERR,ERR,ERR,ERR,ERR,ERR,ERR,ERR,ERR,ERR,ERR,ERR,ERR,ERR,ERR,ERR,ERR,ERR,ERR,ERR,ERR,ERR,ERR,ERR,ERR,ERR,ERR,ERR,ERR,ERR,ERR,ERR,ERR,ERR,ERR,ERR,ERR,ERR,ERR,ERR,ERR,ERR,ERR,ERR,ERR,ERR,ERR,ERR,ERR,ERR,ERR,ERR,ERR,ERR,ERR,ERR,ERR,ERR,ERR,ERR,ERR,ERR,ERR,ERR,ERR,ERR,ERR,ERR,ERR,ERR,ERR,ERR,ERR,ERR,ERR,ERR,ERR,ERR,ERR,ERR,ERR,ERR,ERR,ERR,ERR,ERR,ERR,ERR,ERR,ERR,ERR,ERR,ERR,ERR,ERR,ERR,ERR,ERR,ERR,ERR,ERR,ERR,ERR,ERR,ERR,ERR,ERR,ERR,ERR,ERR,ERR,ERR,ERR,ERR,ERR,ERR,ERR,ERR,ERR,ERR,ERR,ERR,ERR,0.0,-107615288.0,-0.0,0.0,0.0,1.3936040501711995e+18,7.805,0.0,0,0,4,0,8422,0.0,45,0.0,0.0,0.0,0.0,0.0,0,0,0,0,0.0,0,0,0,0,0,0,0,0,0,0,0,0,0,0,0,0,0,0,0,0,0,0,0,0,0,0,0,0,0,0,0,0,0,38,14,7,45,65476,0,300,0,0,8,21553,0.0,-107605600.0,0.0,0.0,0.0,0.0,0.0,0.0,0.0,0.0,0.0,0.0,0.0,0.0,0.0,0.0,0.0,0.0,0.0,0.0,0.0,0.0,0.0,-2.004,-0.0,0.0,0.0,0.0,0.0,0.0,5100.0,0.0,0.0,0.0,-107615288.0,0.0,-0.0,0.0,0.0,0.0,0.0,53,126841110528.0,-0.0,0.0,0.0,0.0,0.0,0.0,0.0,0.0,0,0,0,0.0,0.0,0.0,0.0,0.0,0.0,0.0,0.0,0.0,0.0,0.0,0.0,0.0,0.0,0.0,0.0,0,-107875648.0,53,0.0,106,-107614832.0,-107350944.0,ERR,ERR,ERR,ERR,ERR,ERR,ERR,ERR,ERR,ERR,ERR,ERR,ERR,ERR,ERR,ERR,ERR,ERR,ERR,ERR,ERR,ERR,ERR,ERR,ERR,ERR,ERR,ERR,ERR,ERR,ERR,ERR,ERR,ERR,ERR,ERR,ERR,ERR,ERR,ERR,ERR,ERR,ERR,ERR,ERR,ERR,ERR,ERR,ERR,ERR,ERR,ERR,ERR,ERR,ERR,ERR,ERR,ERR,ERR,ERR,ERR,ERR,ERR,ERR,ERR,ERR,ERR,50.0,60.0,100,0.0,0.0,0.0,0.0,0.0,0.0,0.0,0.0,0.0,0.0,0.0,0.0,0.0,0.0,0.0,0.0,61.6,65,20,65521,50,65476,0,300,0,0,8,20529,65476,0,0,26214,60.0,0.0,0.0,0.0,0.0,0.0
2026-05-17T16:27:54,ERR,ERR,ERR,ERR,ERR,ERR,ERR,ERR,ERR,ERR,ERR,ERR,ERR,ERR,ERR,ERR,ERR,ERR,ERR,ERR,ERR,ERR,ERR,ERR,ERR,ERR,ERR,ERR,ERR,ERR,ERR,ERR,ERR,ERR,ERR,ERR,ERR,ERR,ERR,ERR,ERR,ERR,ERR,ERR,ERR,ERR,ERR,ERR,ERR,ERR,ERR,ERR,ERR,ERR,ERR,ERR,ERR,ERR,ERR,ERR,ERR,ERR,ERR,ERR,ERR,ERR,ERR,ERR,ERR,ERR,ERR,ERR,ERR,ERR,ERR,ERR,ERR,ERR,ERR,ERR,ERR,ERR,ERR,ERR,ERR,ERR,ERR,ERR,ERR,ERR,ERR,ERR,ERR,ERR,ERR,ERR,ERR,ERR,ERR,ERR,ERR,ERR,ERR,ERR,ERR,ERR,ERR,ERR,ERR,ERR,ERR,ERR,ERR,ERR,ERR,ERR,ERR,ERR,ERR,ERR,ERR,ERR,ERR,ERR,ERR,0.0,-107615288.0,-0.0,0.0,0.0,1.3936040501711995e+18,7.805,0.0,0,0,4,0,8422,0.0,45,0.0,0.0,0.0,0.0,0.0,0,0,0,0,0.0,0,0,0,0,0,0,0,0,0,0,0,0,0,0,0,0,0,0,0,0,0,0,0,0,0,0,0,0,0,0,0,0,0,38,14,7,45,65476,0,300,0,0,8,21553,0.0,-107605600.0,0.0,0.0,0.0,0.0,0.0,0.0,0.0,0.0,0.0,0.0,0.0,0.0,0.0,0.0,0.0,0.0,0.0,0.0,0.0,0.0,0.0,-2.004,-0.0,0.0,0.0,0.0,0.0,0.0,5100.0,-0.0,0.0,0.0,-107615288.0,0.0,-0.0,0.0,0.0,0.0,0.0,53,126841110528.0,89220.594,0.0,0.0,0.0,0.0,0.0,0.0,0.0,0,0,0,0.0,0.0,0.0,0.0,0.0,0.0,0.0,0.0,0.0,0.0,0.0,0.0,0.0,0.0,0.0,0.0,0,-107875648.0,53,0.0,106,-107614832.0,-107350944.0,ERR,ERR,ERR,ERR,ERR,ERR,ERR,ERR,ERR,ERR,ERR,ERR,ERR,ERR,ERR,ERR,ERR,ERR,ERR,ERR,ERR,ERR,ERR,ERR,ERR,ERR,ERR,ERR,ERR,ERR,ERR,ERR,ERR,ERR,ERR,ERR,ERR,ERR,ERR,ERR,ERR,ERR,ERR,ERR,ERR,ERR,ERR,ERR,ERR,ERR,ERR,ERR,ERR,ERR,ERR,ERR,ERR,ERR,ERR,ERR,ERR,ERR,ERR,ERR,ERR,ERR,ERR,50.0,60.0,100,0.0,0.0,0.0,0.0,0.0,0.0,0.0,0.0,0.0,0.0,0.0,0.0,0.0,0.0,0.0,0.0,61.6,65,20,65521,50,65476,0,300,0,0,8,20529,65476,0,0,26214,60.0,0.0,0.0,0.0,0.0,0.0
2026-05-17T16:27:55,ERR,ERR,ERR,ERR,ERR,ERR,ERR,ERR,ERR,ERR,ERR,ERR,ERR,ERR,ERR,ERR,ERR,ERR,ERR,ERR,ERR,ERR,ERR,ERR,ERR,ERR,ERR,ERR,ERR,ERR,ERR,ERR,ERR,ERR,ERR,ERR,ERR,ERR,ERR,ERR,ERR,ERR,ERR,ERR,ERR,ERR,ERR,ERR,ERR,ERR,ERR,ERR,ERR,ERR,ERR,ERR,ERR,ERR,ERR,ERR,ERR,ERR,ERR,ERR,ERR,ERR,ERR,ERR,ERR,ERR,ERR,ERR,ERR,ERR,ERR,ERR,ERR,ERR,ERR,ERR,ERR,ERR,ERR,ERR,ERR,ERR,ERR,ERR,ERR,ERR,ERR,ERR,ERR,ERR,ERR,ERR,ERR,ERR,ERR,ERR,ERR,ERR,ERR,ERR,ERR,ERR,ERR,ERR,ERR,ERR,ERR,ERR,ERR,ERR,ERR,ERR,ERR,ERR,ERR,ERR,ERR,ERR,ERR,ERR,ERR,0.0,-107615288.0,-0.0,0.0,0.0,1.3936040501711995e+18,7.805,0.0,0,0,4,0,8422,0.0,45,0.0,0.0,0.0,0.0,0.0,0,0,0,0,0.0,0,0,0,0,0,0,0,0,0,0,0,0,0,0,0,0,0,0,0,0,0,0,0,0,0,0,0,0,0,0,0,0,0,38,14,7,45,65476,0,300,0,0,8,21553,0.0,-107605600.0,0.0,0.0,0.0,0.0,0.0,0.0,0.0,0.0,0.0,0.0,0.0,0.0,0.0,0.0,0.0,0.0,0.0,0.0,0.0,0.0,0.0,-2.004,-0.0,0.0,0.0,0.0,0.0,0.0,5100.0,-0.0,0.0,0.0,-107615288.0,0.0,-0.0,0.0,0.0,0.0,0.0,53,126841110528.0,89220.594,0.0,0.0,0.0,0.0,0.0,0.0,0.0,0,0,0,0.0,0.0,0.0,0.0,0.0,0.0,0.0,0.0,0.0,0.0,0.0,0.0,0.0,0.0,0.0,0.0,0,-107875648.0,53,0.0,106,-107614832.0,-107350944.0,ERR,ERR,ERR,ERR,ERR,ERR,ERR,ERR,ERR,ERR,ERR,ERR,ERR,ERR,ERR,ERR,ERR,ERR,ERR,ERR,ERR,ERR,ERR,ERR,ERR,ERR,ERR,ERR,ERR,ERR,ERR,ERR,ERR,ERR,ERR,ERR,ERR,ERR,ERR,ERR,ERR,ERR,ERR,ERR,ERR,ERR,ERR,ERR,ERR,ERR,ERR,ERR,ERR,ERR,ERR,ERR,ERR,ERR,ERR,ERR,ERR,ERR,ERR,ERR,ERR,ERR,ERR,50.0,60.0,100,0.0,0.0,0.0,0.0,0.0,0.0,0.0,0.0,0.0,0.0,0.0,0.0,0.0,0.0,0.0,0.0,61.6,65,20,65521,50,65476,0,300,0,0,8,20529,65476,0,0,26214,60.0,0.0,0.0,0.0,0.0,0.0
2026-05-17T16:27:56,ERR,ERR,ERR,ERR,ERR,ERR,ERR,ERR,ERR,ERR,ERR,ERR,ERR,ERR,ERR,ERR,ERR,ERR,ERR,ERR,ERR,ERR,ERR,ERR,ERR,ERR,ERR,ERR,ERR,ERR,ERR,ERR,ERR,ERR,ERR,ERR,ERR,ERR,ERR,ERR,ERR,ERR,ERR,ERR,ERR,ERR,ERR,ERR,ERR,ERR,ERR,ERR,ERR,ERR,ERR,ERR,ERR,ERR,ERR,ERR,ERR,ERR,ERR,ERR,ERR,ERR,ERR,ERR,ERR,ERR,ERR,ERR,ERR,ERR,ERR,ERR,ERR,ERR,ERR,ERR,ERR,ERR,ERR,ERR,ERR,ERR,ERR,ERR,ERR,ERR,ERR,ERR,ERR,ERR,ERR,ERR,ERR,ERR,ERR,ERR,ERR,ERR,ERR,ERR,ERR,ERR,ERR,ERR,ERR,ERR,ERR,ERR,ERR,ERR,ERR,ERR,ERR,ERR,ERR,ERR,ERR,ERR,ERR,ERR,ERR,0.0,-107615288.0,-0.0,0.0,0.0,1.3936040501711995e+18,7.805,0.0,0,0,4,0,8422,0.0,45,0.0,0.0,0.0,0.0,0.0,0,0,0,0,0.0,0,0,0,0,0,0,0,0,0,0,0,0,0,0,0,0,0,0,0,0,0,0,0,0,0,0,0,0,0,0,0,0,0,38,14,7,45,65476,0,300,0,0,8,21553,0.0,-107605600.0,0.0,0.0,0.0,0.0,0.0,0.0,0.0,0.0,0.0,0.0,0.0,0.0,0.0,0.0,0.0,0.0,0.0,0.0,0.0,0.0,0.0,-2.004,-0.0,0.0,0.0,0.0,0.0,0.0,5100.0,-0.0,0.0,0.0,-107615288.0,0.0,-0.0,0.0,0.0,0.0,0.0,53,126841110528.0,89220.594,0.0,0.0,0.0,0.0,0.0,0.0,0.0,0,0,0,0.0,0.0,0.0,0.0,0.0,0.0,0.0,0.0,0.0,0.0,0.0,0.0,0.0,0.0,0.0,0.0,0,-107875648.0,53,0.0,106,-107614832.0,-107350944.0,ERR,ERR,ERR,ERR,ERR,ERR,ERR,ERR,ERR,ERR,ERR,ERR,ERR,ERR,ERR,ERR,ERR,ERR,ERR,ERR,ERR,ERR,ERR,ERR,ERR,ERR,ERR,ERR,ERR,ERR,ERR,ERR,ERR,ERR,ERR,ERR,ERR,ERR,ERR,ERR,ERR,ERR,ERR,ERR,ERR,ERR,ERR,ERR,ERR,ERR,ERR,ERR,ERR,ERR,ERR,ERR,ERR,ERR,ERR,ERR,ERR,ERR,ERR,ERR,ERR,ERR,ERR,50.0,60.0,100,0.0,0.0,0.0,0.0,0.0,0.0,0.0,0.0,0.0,0.0,0.0,0.0,0.0,0.0,0.0,0.0,61.6,65,20,65521,50,65476,0,300,0,0,8,20529,65476,0,0,26214,60.0,0.0,0.0,0.0,0.0,0.0
2026-05-17T16:27:57,ERR,ERR,ERR,ERR,ERR,ERR,ERR,ERR,ERR,ERR,ERR,ERR,ERR,ERR,ERR,ERR,ERR,ERR,ERR,ERR,ERR,ERR,ERR,ERR,ERR,ERR,ERR,ERR,ERR,ERR,ERR,ERR,ERR,ERR,ERR,ERR,ERR,ERR,ERR,ERR,ERR,ERR,ERR,ERR,ERR,ERR,ERR,ERR,ERR,ERR,ERR,ERR,ERR,ERR,ERR,ERR,ERR,ERR,ERR,ERR,ERR,ERR,ERR,ERR,ERR,ERR,ERR,ERR,ERR,ERR,ERR,ERR,ERR,ERR,ERR,ERR,ERR,ERR,ERR,ERR,ERR,ERR,ERR,ERR,ERR,ERR,ERR,ERR,ERR,ERR,ERR,ERR,ERR,ERR,ERR,ERR,ERR,ERR,ERR,ERR,ERR,ERR,ERR,ERR,ERR,ERR,ERR,ERR,ERR,ERR,ERR,ERR,ERR,ERR,ERR,ERR,ERR,ERR,ERR,ERR,ERR,ERR,ERR,ERR,ERR,0.0,-107615288.0,-0.0,0.0,0.0,1.3936040501711995e+18,7.805,0.0,0,0,4,0,8422,0.0,45,0.0,0.0,0.0,0.0,0.0,0,0,0,0,0.0,0,0,0,0,0,0,0,0,0,0,0,0,0,0,0,0,0,0,0,0,0,0,0,0,0,0,0,0,0,0,0,0,0,38,14,7,45,65476,0,300,0,0,8,21553,0.0,-107605600.0,0.0,0.0,0.0,0.0,0.0,0.0,0.0,0.0,0.0,0.0,0.0,0.0,0.0,0.0,0.0,0.0,0.0,0.0,0.0,0.0,0.0,-2.004,-0.0,0.0,0.0,0.0,0.0,0.0,5100.0,-0.0,0.0,0.0,-107615288.0,0.0,-0.0,0.0,0.0,0.0,0.0,53,126841110528.0,89220.594,0.0,0.0,0.0,0.0,0.0,0.0,0.0,0,0,0,0.0,0.0,0.0,0.0,0.0,0.0,0.0,0.0,0.0,0.0,0.0,0.0,0.0,0.0,0.0,0.0,0,-107875648.0,53,0.0,106,-107614832.0,-107350944.0,ERR,ERR,ERR,ERR,ERR,ERR,ERR,ERR,ERR,ERR,ERR,ERR,ERR,ERR,ERR,ERR,ERR,ERR,ERR,ERR,ERR,ERR,ERR,ERR,ERR,ERR,ERR,ERR,ERR,ERR,ERR,ERR,ERR,ERR,ERR,ERR,ERR,ERR,ERR,ERR,ERR,ERR,ERR,ERR,ERR,ERR,ERR,ERR,ERR,ERR,ERR,ERR,ERR,ERR,ERR,ERR,ERR,ERR,ERR,ERR,ERR,ERR,ERR,ERR,ERR,ERR,ERR,50.0,60.0,100,0.0,0.0,0.0,0.0,0.0,0.0,0.0,0.0,0.0,0.0,0.0,0.0,0.0,0.0,0.0,0.0,61.6,65,20,65521,50,65476,0,300,0,0,8,20529,65476,0,0,26214,60.0,0.0,0.0,0.0,0.0,0.0
2026-05-17T16:27:58,ERR,ERR,ERR,ERR,ERR,ERR,ERR,ERR,ERR,ERR,ERR,ERR,ERR,ERR,ERR,ERR,ERR,ERR,ERR,ERR,ERR,ERR,ERR,ERR,ERR,ERR,ERR,ERR,ERR,ERR,ERR,ERR,ERR,ERR,ERR,ERR,ERR,ERR,ERR,ERR,ERR,ERR,ERR,ERR,ERR,ERR,ERR,ERR,ERR,ERR,ERR,ERR,ERR,ERR,ERR,ERR,ERR,ERR,ERR,ERR,ERR,ERR,ERR,ERR,ERR,ERR,ERR,ERR,ERR,ERR,ERR,ERR,ERR,ERR,ERR,ERR,ERR,ERR,ERR,ERR,ERR,ERR,ERR,ERR,ERR,ERR,ERR,ERR,ERR,ERR,ERR,ERR,ERR,ERR,ERR,ERR,ERR,ERR,ERR,ERR,ERR,ERR,ERR,ERR,ERR,ERR,ERR,ERR,ERR,ERR,ERR,ERR,ERR,ERR,ERR,ERR,ERR,ERR,ERR,ERR,ERR,ERR,ERR,ERR,ERR,0.0,-107615288.0,-0.0,0.0,0.0,1.3936040501711995e+18,7.805,0.0,0,0,4,0,8422,0.0,45,0.0,0.0,0.0,0.0,0.0,0,0,0,0,0.0,0,0,0,0,0,0,0,0,0,0,0,0,0,0,0,0,0,0,0,0,0,0,0,0,0,0,0,0,0,0,0,0,0,38,14,7,45,65476,0,300,0,0,8,21553,0.0,-107605600.0,0.0,0.0,0.0,0.0,0.0,0.0,0.0,0.0,0.0,0.0,0.0,0.0,0.0,0.0,0.0,0.0,0.0,0.0,0.0,0.0,0.0,-2.004,-0.0,0.0,0.0,0.0,0.0,0.0,5100.0,-0.0,0.0,0.0,-107615288.0,0.0,-0.0,0.0,0.0,0.0,0.0,53,126841110528.0,89220.594,0.0,0.0,0.0,0.0,0.0,0.0,0.0,0,0,0,0.0,0.0,0.0,0.0,0.0,0.0,0.0,0.0,0.0,0.0,0.0,0.0,0.0,0.0,0.0,0.0,0,-107875648.0,53,0.0,106,-107614832.0,-107350944.0,ERR,ERR,ERR,ERR,ERR,ERR,ERR,ERR,ERR,ERR,ERR,ERR,ERR,ERR,ERR,ERR,ERR,ERR,ERR,ERR,ERR,ERR,ERR,ERR,ERR,ERR,ERR,ERR,ERR,ERR,ERR,ERR,ERR,ERR,ERR,ERR,ERR,ERR,ERR,ERR,ERR,ERR,ERR,ERR,ERR,ERR,ERR,ERR,ERR,ERR,ERR,ERR,ERR,ERR,ERR,ERR,ERR,ERR,ERR,ERR,ERR,ERR,ERR,ERR,ERR,ERR,ERR,50.0,60.0,100,0.0,0.0,0.0,0.0,0.0,0.0,0.0,0.0,0.0,0.0,0.0,0.0,0.0,0.0,0.0,0.0,61.6,65,20,65521,50,65476,0,300,0,0,8,20529,65476,0,0,26214,60.0,0.0,0.0,0.0,0.0,0.0
2026-05-17T16:27:59,ERR,ERR,ERR,ERR,ERR,ERR,ERR,ERR,ERR,ERR,ERR,ERR,ERR,ERR,ERR,ERR,ERR,ERR,ERR,ERR,ERR,ERR,ERR,ERR,ERR,ERR,ERR,ERR,ERR,ERR,ERR,ERR,ERR,ERR,ERR,ERR,ERR,ERR,ERR,ERR,ERR,ERR,ERR,ERR,ERR,ERR,ERR,ERR,ERR,ERR,ERR,ERR,ERR,ERR,ERR,ERR,ERR,ERR,ERR,ERR,ERR,ERR,ERR,ERR,ERR,ERR,ERR,ERR,ERR,ERR,ERR,ERR,ERR,ERR,ERR,ERR,ERR,ERR,ERR,ERR,ERR,ERR,ERR,ERR,ERR,ERR,ERR,ERR,ERR,ERR,ERR,ERR,ERR,ERR,ERR,ERR,ERR,ERR,ERR,ERR,ERR,ERR,ERR,ERR,ERR,ERR,ERR,ERR,ERR,ERR,ERR,ERR,ERR,ERR,ERR,ERR,ERR,ERR,ERR,ERR,ERR,ERR,ERR,ERR,ERR,0.0,-107615288.0,-0.0,0.0,0.0,1.3936040501711995e+18,7.805,0.0,0,0,4,0,8422,0.0,45,0.0,0.0,0.0,0.0,0.0,0,0,0,0,0.0,0,0,0,0,0,0,0,0,0,0,0,0,0,0,0,0,0,0,0,0,0,0,0,0,0,0,0,0,0,0,0,0,0,38,14,7,45,65476,0,300,0,0,8,21553,0.0,-107605600.0,0.0,0.0,0.0,0.0,0.0,0.0,0.0,0.0,0.0,0.0,0.0,0.0,0.0,0.0,0.0,0.0,0.0,0.0,0.0,0.0,0.0,-2.004,-0.0,0.0,0.0,0.0,0.0,0.0,5100.0,-0.0,0.0,0.0,-107615288.0,0.0,-0.0,0.0,0.0,0.0,0.0,53,126841110528.0,89220.594,0.0,0.0,0.0,0.0,0.0,0.0,0.0,0,0,0,0.0,0.0,0.0,0.0,0.0,0.0,0.0,0.0,0.0,0.0,0.0,0.0,0.0,0.0,0.0,0.0,0,-107875648.0,53,0.0,106,-107614832.0,-107350944.0,ERR,ERR,ERR,ERR,ERR,ERR,ERR,ERR,ERR,ERR,ERR,ERR,ERR,ERR,ERR,ERR,ERR,ERR,ERR,ERR,ERR,ERR,ERR,ERR,ERR,ERR,ERR,ERR,ERR,ERR,ERR,ERR,ERR,ERR,ERR,ERR,ERR,ERR,ERR,ERR,ERR,ERR,ERR,ERR,ERR,ERR,ERR,ERR,ERR,ERR,ERR,ERR,ERR,ERR,ERR,ERR,ERR,ERR,ERR,ERR,ERR,ERR,ERR,ERR,ERR,ERR,ERR,50.0,60.0,100,0.0,0.0,0.0,0.0,0.0,0.0,0.0,0.0,0.0,0.0,0.0,0.0,0.0,0.0,0.0,0.0,61.6,65,20,65521,50,65476,0,300,0,0,8,20529,65476,0,0,26214,60.0,0.0,0.0,0.0,0.0,0.0
2026-05-17T16:28:00,ERR,ERR,ERR,ERR,ERR,ERR,ERR,ERR,ERR,ERR,ERR,ERR,ERR,ERR,ERR,ERR,ERR,ERR,ERR,ERR,ERR,ERR,ERR,ERR,ERR,ERR,ERR,ERR,ERR,ERR,ERR,ERR,ERR,ERR,ERR,ERR,ERR,ERR,ERR,ERR,ERR,ERR,ERR,ERR,ERR,ERR,ERR,ERR,ERR,ERR,ERR,ERR,ERR,ERR,ERR,ERR,ERR,ERR,ERR,ERR,ERR,ERR,ERR,ERR,ERR,ERR,ERR,ERR,ERR,ERR,ERR,ERR,ERR,ERR,ERR,ERR,ERR,ERR,ERR,ERR,ERR,ERR,ERR,ERR,ERR,ERR,ERR,ERR,ERR,ERR,ERR,ERR,ERR,ERR,ERR,ERR,ERR,ERR,ERR,ERR,ERR,ERR,ERR,ERR,ERR,ERR,ERR,ERR,ERR,ERR,ERR,ERR,ERR,ERR,ERR,ERR,ERR,ERR,ERR,ERR,ERR,ERR,ERR,ERR,ERR,0.0,-107615288.0,-0.0,0.0,0.0,1.3936040501711995e+18,7.805,0.0,0,0,4,0,8422,0.0,45,0.0,0.0,0.0,0.0,0.0,0,0,0,0,0.0,0,0,0,0,0,0,0,0,0,0,0,0,0,0,0,0,0,0,0,0,0,0,0,0,0,0,0,0,0,0,0,0,0,38,14,7,45,65476,0,300,0,0,8,21553,0.0,-107605600.0,0.0,0.0,0.0,0.0,0.0,0.0,0.0,0.0,0.0,0.0,0.0,0.0,0.0,0.0,0.0,0.0,0.0,0.0,0.0,0.0,0.0,-2.004,-0.0,0.0,0.0,0.0,0.0,0.0,5103.0,-131350.484,0.0,0.0,-107615288.0,0.0,-0.0,0.0,0.0,0.0,0.0,53,1.9056979486756045e+17,4.0668551691718284e+29,0.0,0.0,0.0,0.0,0.0,0.0,0.0,0,0,0,0.0,0.0,0.0,0.0,0.0,0.0,0.0,0.0,0.0,0.0,0.0,0.0,0.0,0.0,0.0,0.0,0,-107875648.0,53,0.0,106,-107614832.0,-107350944.0,ERR,ERR,ERR,ERR,ERR,ERR,ERR,ERR,ERR,ERR,ERR,ERR,ERR,ERR,ERR,ERR,ERR,ERR,ERR,ERR,ERR,ERR,ERR,ERR,ERR,ERR,ERR,ERR,ERR,ERR,ERR,ERR,ERR,ERR,ERR,ERR,ERR,ERR,ERR,ERR,ERR,ERR,ERR,ERR,ERR,ERR,ERR,ERR,ERR,ERR,ERR,ERR,ERR,ERR,ERR,ERR,ERR,ERR,ERR,ERR,ERR,ERR,ERR,ERR,ERR,ERR,ERR,50.0,60.0,100,0.0,0.0,0.0,0.0,0.0,0.0,0.0,0.0,0.0,0.0,0.0,0.0,0.0,0.0,0.0,0.0,62.0,65,20,65521,50,65476,0,300,0,0,8,20529,65476,0,0,26214,60.0,0.0,0.0,0.0,0.0,0.0
2026-05-17T16:28:01,ERR,ERR,ERR,ERR,ERR,ERR,ERR,ERR,ERR,ERR,ERR,ERR,ERR,ERR,ERR,ERR,ERR,ERR,ERR,ERR,ERR,ERR,ERR,ERR,ERR,ERR,ERR,ERR,ERR,ERR,ERR,ERR,ERR,ERR,ERR,ERR,ERR,ERR,ERR,ERR,ERR,ERR,ERR,ERR,ERR,ERR,ERR,ERR,ERR,ERR,ERR,ERR,ERR,ERR,ERR,ERR,ERR,ERR,ERR,ERR,ERR,ERR,ERR,ERR,ERR,ERR,ERR,ERR,ERR,ERR,ERR,ERR,ERR,ERR,ERR,ERR,ERR,ERR,ERR,ERR,ERR,ERR,ERR,ERR,ERR,ERR,ERR,ERR,ERR,ERR,ERR,ERR,ERR,ERR,ERR,ERR,ERR,ERR,ERR,ERR,ERR,ERR,ERR,ERR,ERR,ERR,ERR,ERR,ERR,ERR,ERR,ERR,ERR,ERR,ERR,ERR,ERR,ERR,ERR,ERR,ERR,ERR,ERR,ERR,ERR,0.0,-107615288.0,-0.0,0.0,0.0,1.3936040501711995e+18,7.805,0.0,0,0,4,0,8422,0.0,45,0.0,0.0,0.0,0.0,0.0,0,0,0,0,0.0,0,0,0,0,0,0,0,0,0,0,0,0,0,0,0,0,0,0,0,0,0,0,0,0,0,0,0,0,0,0,0,0,0,38,14,7,45,65476,0,300,0,0,8,21553,0.0,-107605600.0,0.0,0.0,0.0,0.0,0.0,0.0,0.0,0.0,0.0,0.0,0.0,0.0,0.0,0.0,0.0,0.0,0.0,0.0,0.0,0.0,0.0,-2.004,-0.0,0.0,0.0,0.0,0.0,0.0,5103.0,-131350.484,0.0,0.0,-107615288.0,0.0,-0.0,0.0,0.0,0.0,0.0,53,1.9056979486756045e+17,4.0668551691718284e+29,0.0,0.0,0.0,0.0,0.0,0.0,0.0,0,0,0,0.0,0.0,0.0,0.0,0.0,0.0,0.0,0.0,0.0,0.0,0.0,0.0,0.0,0.0,0.0,0.0,0,-107875648.0,53,0.0,106,-107614832.0,-107350944.0,ERR,ERR,ERR,ERR,ERR,ERR,ERR,ERR,ERR,ERR,ERR,ERR,ERR,ERR,ERR,ERR,ERR,ERR,ERR,ERR,ERR,ERR,ERR,ERR,ERR,ERR,ERR,ERR,ERR,ERR,ERR,ERR,ERR,ERR,ERR,ERR,ERR,ERR,ERR,ERR,ERR,ERR,ERR,ERR,ERR,ERR,ERR,ERR,ERR,ERR,ERR,ERR,ERR,ERR,ERR,ERR,ERR,ERR,ERR,ERR,ERR,ERR,ERR,ERR,ERR,ERR,ERR,50.0,60.0,100,0.0,0.0,0.0,0.0,0.0,0.0,0.0,0.0,0.0,0.0,0.0,0.0,0.0,0.0,0.0,0.0,62.0,65,20,65521,50,65476,0,300,0,0,8,20529,65476,0,0,26214,60.0,0.0,0.0,0.0,0.0,0.0
2026-05-17T16:28:02,ERR,ERR,ERR,ERR,ERR,ERR,ERR,ERR,ERR,ERR,ERR,ERR,ERR,ERR,ERR,ERR,ERR,ERR,ERR,ERR,ERR,ERR,ERR,ERR,ERR,ERR,ERR,ERR,ERR,ERR,ERR,ERR,ERR,ERR,ERR,ERR,ERR,ERR,ERR,ERR,ERR,ERR,ERR,ERR,ERR,ERR,ERR,ERR,ERR,ERR,ERR,ERR,ERR,ERR,ERR,ERR,ERR,ERR,ERR,ERR,ERR,ERR,ERR,ERR,ERR,ERR,ERR,ERR,ERR,ERR,ERR,ERR,ERR,ERR,ERR,ERR,ERR,ERR,ERR,ERR,ERR,ERR,ERR,ERR,ERR,ERR,ERR,ERR,ERR,ERR,ERR,ERR,ERR,ERR,ERR,ERR,ERR,ERR,ERR,ERR,ERR,ERR,ERR,ERR,ERR,ERR,ERR,ERR,ERR,ERR,ERR,ERR,ERR,ERR,ERR,ERR,ERR,ERR,ERR,ERR,ERR,ERR,ERR,ERR,ERR,0.0,-107615288.0,-0.0,0.0,0.0,1.3936040501711995e+18,7.805,0.0,0,0,4,0,8422,0.0,45,0.0,0.0,0.0,0.0,0.0,0,0,0,0,0.0,0,0,0,0,0,0,0,0,0,0,0,0,0,0,0,0,0,0,0,0,0,0,0,0,0,0,0,0,0,0,0,0,0,38,14,7,45,65476,0,300,0,0,8,21553,0.0,-107605600.0,0.0,0.0,0.0,0.0,0.0,0.0,0.0,0.0,0.0,0.0,0.0,0.0,0.0,0.0,0.0,0.0,0.0,0.0,0.0,0.0,0.0,-2.004,-0.0,0.0,0.0,0.0,0.0,0.0,5103.0,-131350.484,0.0,0.0,-107615288.0,0.0,-0.0,0.0,0.0,0.0,0.0,53,1.9056979486756045e+17,4.0668551691718284e+29,0.0,0.0,0.0,0.0,0.0,0.0,0.0,0,0,0,0.0,0.0,0.0,0.0,0.0,0.0,0.0,0.0,0.0,0.0,0.0,0.0,0.0,0.0,0.0,0.0,0,-107875648.0,53,0.0,106,-107614832.0,-107350944.0,ERR,ERR,ERR,ERR,ERR,ERR,ERR,ERR,ERR,ERR,ERR,ERR,ERR,ERR,ERR,ERR,ERR,ERR,ERR,ERR,ERR,ERR,ERR,ERR,ERR,ERR,ERR,ERR,ERR,ERR,ERR,ERR,ERR,ERR,ERR,ERR,ERR,ERR,ERR,ERR,ERR,ERR,ERR,ERR,ERR,ERR,ERR,ERR,ERR,ERR,ERR,ERR,ERR,ERR,ERR,ERR,ERR,ERR,ERR,ERR,ERR,ERR,ERR,ERR,ERR,ERR,ERR,50.0,60.0,100,0.0,0.0,0.0,0.0,0.0,0.0,0.0,0.0,0.0,0.0,0.0,0.0,0.0,0.0,0.0,0.0,62.0,65,20,65521,50,65476,0,300,0,0,8,20529,65476,0,0,26214,60.0,0.0,0.0,0.0,0.0,0.0
2026-05-17T16:28:03,ERR,ERR,ERR,ERR,ERR,ERR,ERR,ERR,ERR,ERR,ERR,ERR,ERR,ERR,ERR,ERR,ERR,ERR,ERR,ERR,ERR,ERR,ERR,ERR,ERR,ERR,ERR,ERR,ERR,ERR,ERR,ERR,ERR,ERR,ERR,ERR,ERR,ERR,ERR,ERR,ERR,ERR,ERR,ERR,ERR,ERR,ERR,ERR,ERR,ERR,ERR,ERR,ERR,ERR,ERR,ERR,ERR,ERR,ERR,ERR,ERR,ERR,ERR,ERR,ERR,ERR,ERR,ERR,ERR,ERR,ERR,ERR,ERR,ERR,ERR,ERR,ERR,ERR,ERR,ERR,ERR,ERR,ERR,ERR,ERR,ERR,ERR,ERR,ERR,ERR,ERR,ERR,ERR,ERR,ERR,ERR,ERR,ERR,ERR,ERR,ERR,ERR,ERR,ERR,ERR,ERR,ERR,ERR,ERR,ERR,ERR,ERR,ERR,ERR,ERR,ERR,ERR,ERR,ERR,ERR,ERR,ERR,ERR,ERR,ERR,0.0,-107615288.0,-0.0,0.0,0.0,1.3936040501711995e+18,7.805,0.0,0,0,4,0,8422,0.0,45,0.0,0.0,0.0,0.0,0.0,0,0,0,0,0.0,0,0,0,0,0,0,0,0,0,0,0,0,0,0,0,0,0,0,0,0,0,0,0,0,0,0,0,0,0,0,0,0,0,38,14,7,45,65476,0,300,0,0,8,21553,0.0,-107605600.0,0.0,0.0,0.0,0.0,0.0,0.0,0.0,0.0,0.0,0.0,0.0,0.0,0.0,0.0,0.0,0.0,0.0,0.0,0.0,0.0,0.0,-2.004,-0.0,0.0,0.0,0.0,0.0,0.0,5103.0,-131350.484,0.0,0.0,-107615288.0,0.0,-0.0,0.0,0.0,0.0,0.0,53,1.9056979486756045e+17,4.0668551691718284e+29,0.0,0.0,0.0,0.0,0.0,0.0,0.0,0,0,0,0.0,0.0,0.0,0.0,0.0,0.0,0.0,0.0,0.0,0.0,0.0,0.0,0.0,0.0,0.0,0.0,0,-107875648.0,53,0.0,106,-107614832.0,-107350944.0,ERR,ERR,ERR,ERR,ERR,ERR,ERR,ERR,ERR,ERR,ERR,ERR,ERR,ERR,ERR,ERR,ERR,ERR,ERR,ERR,ERR,ERR,ERR,ERR,ERR,ERR,ERR,ERR,ERR,ERR,ERR,ERR,ERR,ERR,ERR,ERR,ERR,ERR,ERR,ERR,ERR,ERR,ERR,ERR,ERR,ERR,ERR,ERR,ERR,ERR,ERR,ERR,ERR,ERR,ERR,ERR,ERR,ERR,ERR,ERR,ERR,ERR,ERR,ERR,ERR,ERR,ERR,50.0,60.0,100,0.0,0.0,0.0,0.0,0.0,0.0,0.0,0.0,0.0,0.0,0.0,0.0,0.0,0.0,0.0,0.0,62.0,65,20,65521,50,65476,0,300,0,0,8,20529,65476,0,0,26214,60.0,0.0,0.0,0.0,0.0,0.0
2026-05-17T16:28:04,ERR,ERR,ERR,ERR,ERR,ERR,ERR,ERR,ERR,ERR,ERR,ERR,ERR,ERR,ERR,ERR,ERR,ERR,ERR,ERR,ERR,ERR,ERR,ERR,ERR,ERR,ERR,ERR,ERR,ERR,ERR,ERR,ERR,ERR,ERR,ERR,ERR,ERR,ERR,ERR,ERR,ERR,ERR,ERR,ERR,ERR,ERR,ERR,ERR,ERR,ERR,ERR,ERR,ERR,ERR,ERR,ERR,ERR,ERR,ERR,ERR,ERR,ERR,ERR,ERR,ERR,ERR,ERR,ERR,ERR,ERR,ERR,ERR,ERR,ERR,ERR,ERR,ERR,ERR,ERR,ERR,ERR,ERR,ERR,ERR,ERR,ERR,ERR,ERR,ERR,ERR,ERR,ERR,ERR,ERR,ERR,ERR,ERR,ERR,ERR,ERR,ERR,ERR,ERR,ERR,ERR,ERR,ERR,ERR,ERR,ERR,ERR,ERR,ERR,ERR,ERR,ERR,ERR,ERR,ERR,ERR,ERR,ERR,ERR,ERR,0.0,-107615288.0,-0.0,0.0,0.0,1.3936040501711995e+18,7.805,0.0,0,0,4,0,8422,0.0,45,0.0,0.0,0.0,0.0,0.0,0,0,0,0,0.0,0,0,0,0,0,0,0,0,0,0,0,0,0,0,0,0,0,0,0,0,0,0,0,0,0,0,0,0,0,0,0,0,0,38,14,7,45,65476,0,300,0,0,8,21553,0.0,-107605600.0,0.0,0.0,0.0,0.0,0.0,0.0,0.0,0.0,0.0,0.0,0.0,0.0,0.0,0.0,0.0,0.0,0.0,0.0,0.0,0.0,0.0,-2.004,-0.0,0.0,0.0,0.0,0.0,0.0,5103.0,-131350.484,0.0,0.0,-107615288.0,0.0,-0.0,0.0,0.0,0.0,0.0,53,1.9056979486756045e+17,4.0668551691718284e+29,0.0,0.0,0.0,0.0,0.0,0.0,0.0,0,0,0,0.0,0.0,0.0,0.0,0.0,0.0,0.0,0.0,0.0,0.0,0.0,0.0,0.0,0.0,0.0,0.0,0,-107875648.0,53,0.0,106,-107614832.0,-107350944.0,ERR,ERR,ERR,ERR,ERR,ERR,ERR,ERR,ERR,ERR,ERR,ERR,ERR,ERR,ERR,ERR,ERR,ERR,ERR,ERR,ERR,ERR,ERR,ERR,ERR,ERR,ERR,ERR,ERR,ERR,ERR,ERR,ERR,ERR,ERR,ERR,ERR,ERR,ERR,ERR,ERR,ERR,ERR,ERR,ERR,ERR,ERR,ERR,ERR,ERR,ERR,ERR,ERR,ERR,ERR,ERR,ERR,ERR,ERR,ERR,ERR,ERR,ERR,ERR,ERR,ERR,ERR,50.0,60.0,100,0.0,0.0,0.0,0.0,0.0,0.0,0.0,0.0,0.0,0.0,0.0,0.0,0.0,0.0,0.0,0.0,61.6,65,20,65521,50,65476,0,300,0,0,8,20529,65476,0,0,26214,60.0,0.0,0.0,0.0,0.0,0.0
2026-05-17T16:28:05,ERR,ERR,ERR,ERR,ERR,ERR,ERR,ERR,ERR,ERR,ERR,ERR,ERR,ERR,ERR,ERR,ERR,ERR,ERR,ERR,ERR,ERR,ERR,ERR,ERR,ERR,ERR,ERR,ERR,ERR,ERR,ERR,ERR,ERR,ERR,ERR,ERR,ERR,ERR,ERR,ERR,ERR,ERR,ERR,ERR,ERR,ERR,ERR,ERR,ERR,ERR,ERR,ERR,ERR,ERR,ERR,ERR,ERR,ERR,ERR,ERR,ERR,ERR,ERR,ERR,ERR,ERR,ERR,ERR,ERR,ERR,ERR,ERR,ERR,ERR,ERR,ERR,ERR,ERR,ERR,ERR,ERR,ERR,ERR,ERR,ERR,ERR,ERR,ERR,ERR,ERR,ERR,ERR,ERR,ERR,ERR,ERR,ERR,ERR,ERR,ERR,ERR,ERR,ERR,ERR,ERR,ERR,ERR,ERR,ERR,ERR,ERR,ERR,ERR,ERR,ERR,ERR,ERR,ERR,ERR,ERR,ERR,ERR,ERR,ERR,0.0,-107615288.0,-0.0,0.0,0.0,1.3936040501711995e+18,7.805,0.0,0,0,4,0,8422,0.0,45,0.0,0.0,0.0,0.0,0.0,0,0,0,0,0.0,0,0,0,0,0,0,0,0,0,0,0,0,0,0,0,0,0,0,0,0,0,0,0,0,0,0,0,0,0,0,0,0,0,38,14,7,45,65476,0,300,0,0,8,21553,0.0,-107605600.0,0.0,0.0,0.0,0.0,0.0,0.0,0.0,0.0,0.0,0.0,0.0,0.0,0.0,0.0,0.0,0.0,0.0,0.0,0.0,0.0,0.0,-2.004,-0.0,0.0,0.0,0.0,0.0,0.0,5108.0,-0.0,0.0,0.0,-107615288.0,0.0,-0.0,0.0,0.0,0.0,0.0,53,3.222028592685471e+26,4.0668551691718284e+29,0.0,0.0,0.0,0.0,0.0,0.0,0.0,0,0,0,0.0,0.0,0.0,0.0,0.0,0.0,0.0,0.0,0.0,0.0,0.0,0.0,0.0,0.0,0.0,0.0,0,-107875648.0,53,0.0,106,-107614832.0,-107350944.0,ERR,ERR,ERR,ERR,ERR,ERR,ERR,ERR,ERR,ERR,ERR,ERR,ERR,ERR,ERR,ERR,ERR,ERR,ERR,ERR,ERR,ERR,ERR,ERR,ERR,ERR,ERR,ERR,ERR,ERR,ERR,ERR,ERR,ERR,ERR,ERR,ERR,ERR,ERR,ERR,ERR,ERR,ERR,ERR,ERR,ERR,ERR,ERR,ERR,ERR,ERR,ERR,ERR,ERR,ERR,ERR,ERR,ERR,ERR,ERR,ERR,ERR,ERR,ERR,ERR,ERR,ERR,50.0,60.0,100,0.0,0.0,0.0,0.0,0.0,0.0,0.0,0.0,0.0,0.0,0.0,0.0,0.0,0.0,0.0,0.0,61.6,65,20,65521,50,65476,0,300,0,0,8,20529,65476,0,0,26214,60.0,0.0,0.0,0.0,0.0,0.0
2026-05-17T16:28:06,ERR,ERR,ERR,ERR,ERR,ERR,ERR,ERR,ERR,ERR,ERR,ERR,ERR,ERR,ERR,ERR,ERR,ERR,ERR,ERR,ERR,ERR,ERR,ERR,ERR,ERR,ERR,ERR,ERR,ERR,ERR,ERR,ERR,ERR,ERR,ERR,ERR,ERR,ERR,ERR,ERR,ERR,ERR,ERR,ERR,ERR,ERR,ERR,ERR,ERR,ERR,ERR,ERR,ERR,ERR,ERR,ERR,ERR,ERR,ERR,ERR,ERR,ERR,ERR,ERR,ERR,ERR,ERR,ERR,ERR,ERR,ERR,ERR,ERR,ERR,ERR,ERR,ERR,ERR,ERR,ERR,ERR,ERR,ERR,ERR,ERR,ERR,ERR,ERR,ERR,ERR,ERR,ERR,ERR,ERR,ERR,ERR,ERR,ERR,ERR,ERR,ERR,ERR,ERR,ERR,ERR,ERR,ERR,ERR,ERR,ERR,ERR,ERR,ERR,ERR,ERR,ERR,ERR,ERR,ERR,ERR,ERR,ERR,ERR,ERR,0.0,-107615288.0,-0.0,0.0,0.0,1.3936040501711995e+18,7.805,0.0,0,0,4,0,8422,0.0,45,0.0,0.0,0.0,0.0,0.0,0,0,0,0,0.0,0,0,0,0,0,0,0,0,0,0,0,0,0,0,0,0,0,0,0,0,0,0,0,0,0,0,0,0,0,0,0,0,0,38,14,7,45,65476,0,300,0,0,8,21553,0.0,-107605600.0,0.0,0.0,0.0,0.0,0.0,0.0,0.0,0.0,0.0,0.0,0.0,0.0,0.0,0.0,0.0,0.0,0.0,0.0,0.0,0.0,0.0,-2.004,-0.0,0.0,0.0,0.0,0.0,0.0,5108.0,-0.0,0.0,0.0,-107615288.0,0.0,-0.0,0.0,0.0,0.0,0.0,53,3.222028592685471e+26,4.0668551691718284e+29,0.0,0.0,0.0,0.0,0.0,0.0,0.0,0,0,0,0.0,0.0,0.0,0.0,0.0,0.0,0.0,0.0,0.0,0.0,0.0,0.0,0.0,0.0,0.0,0.0,0,-107875648.0,53,0.0,106,-107614832.0,-107350944.0,ERR,ERR,ERR,ERR,ERR,ERR,ERR,ERR,ERR,ERR,ERR,ERR,ERR,ERR,ERR,ERR,ERR,ERR,ERR,ERR,ERR,ERR,ERR,ERR,ERR,ERR,ERR,ERR,ERR,ERR,ERR,ERR,ERR,ERR,ERR,ERR,ERR,ERR,ERR,ERR,ERR,ERR,ERR,ERR,ERR,ERR,ERR,ERR,ERR,ERR,ERR,ERR,ERR,ERR,ERR,ERR,ERR,ERR,ERR,ERR,ERR,ERR,ERR,ERR,ERR,ERR,ERR,50.0,60.0,100,0.0,0.0,0.0,0.0,0.0,0.0,0.0,0.0,0.0,0.0,0.0,0.0,0.0,0.0,0.0,0.0,61.6,65,20,65521,50,65476,0,300,0,0,8,20529,65476,0,0,26214,60.0,0.0,0.0,0.0,0.0,0.0
2026-05-17T16:28:07,ERR,ERR,ERR,ERR,ERR,ERR,ERR,ERR,ERR,ERR,ERR,ERR,ERR,ERR,ERR,ERR,ERR,ERR,ERR,ERR,ERR,ERR,ERR,ERR,ERR,ERR,ERR,ERR,ERR,ERR,ERR,ERR,ERR,ERR,ERR,ERR,ERR,ERR,ERR,ERR,ERR,ERR,ERR,ERR,ERR,ERR,ERR,ERR,ERR,ERR,ERR,ERR,ERR,ERR,ERR,ERR,ERR,ERR,ERR,ERR,ERR,ERR,ERR,ERR,ERR,ERR,ERR,ERR,ERR,ERR,ERR,ERR,ERR,ERR,ERR,ERR,ERR,ERR,ERR,ERR,ERR,ERR,ERR,ERR,ERR,ERR,ERR,ERR,ERR,ERR,ERR,ERR,ERR,ERR,ERR,ERR,ERR,ERR,ERR,ERR,ERR,ERR,ERR,ERR,ERR,ERR,ERR,ERR,ERR,ERR,ERR,ERR,ERR,ERR,ERR,ERR,ERR,ERR,ERR,ERR,ERR,ERR,ERR,ERR,ERR,0.0,-107615288.0,-0.0,0.0,0.0,1.3936040501711995e+18,7.805,0.0,0,0,4,0,8422,0.0,45,0.0,0.0,0.0,0.0,0.0,0,0,0,0,0.0,0,0,0,0,0,0,0,0,0,0,0,0,0,0,0,0,0,0,0,0,0,0,0,0,0,0,0,0,0,0,0,0,0,38,14,7,45,65476,0,300,0,0,8,21553,0.0,-107605600.0,0.0,0.0,0.0,0.0,0.0,0.0,0.0,0.0,0.0,0.0,0.0,0.0,0.0,0.0,0.0,0.0,0.0,0.0,0.0,0.0,0.0,-2.004,-0.0,0.0,0.0,0.0,0.0,0.0,5108.0,-0.0,0.0,0.0,-107615288.0,0.0,-0.0,0.0,0.0,0.0,0.0,53,3.222028592685471e+26,4.0668551691718284e+29,0.0,0.0,0.0,0.0,0.0,0.0,0.0,0,0,0,0.0,0.0,0.0,0.0,0.0,0.0,0.0,0.0,0.0,0.0,0.0,0.0,0.0,0.0,0.0,0.0,0,-107875648.0,53,0.0,106,-107614832.0,-107350944.0,ERR,ERR,ERR,ERR,ERR,ERR,ERR,ERR,ERR,ERR,ERR,ERR,ERR,ERR,ERR,ERR,ERR,ERR,ERR,ERR,ERR,ERR,ERR,ERR,ERR,ERR,ERR,ERR,ERR,ERR,ERR,ERR,ERR,ERR,ERR,ERR,ERR,ERR,ERR,ERR,ERR,ERR,ERR,ERR,ERR,ERR,ERR,ERR,ERR,ERR,ERR,ERR,ERR,ERR,ERR,ERR,ERR,ERR,ERR,ERR,ERR,ERR,ERR,ERR,ERR,ERR,ERR,50.0,60.0,100,0.0,0.0,0.0,0.0,0.0,0.0,0.0,0.0,0.0,0.0,0.0,0.0,0.0,0.0,0.0,0.0,61.6,65,20,65521,50,65476,0,300,0,0,8,20529,65476,0,0,26214,60.0,0.0,0.0,0.0,0.0,0.0
2026-05-17T16:28:08,ERR,ERR,ERR,ERR,ERR,ERR,ERR,ERR,ERR,ERR,ERR,ERR,ERR,ERR,ERR,ERR,ERR,ERR,ERR,ERR,ERR,ERR,ERR,ERR,ERR,ERR,ERR,ERR,ERR,ERR,ERR,ERR,ERR,ERR,ERR,ERR,ERR,ERR,ERR,ERR,ERR,ERR,ERR,ERR,ERR,ERR,ERR,ERR,ERR,ERR,ERR,ERR,ERR,ERR,ERR,ERR,ERR,ERR,ERR,ERR,ERR,ERR,ERR,ERR,ERR,ERR,ERR,ERR,ERR,ERR,ERR,ERR,ERR,ERR,ERR,ERR,ERR,ERR,ERR,ERR,ERR,ERR,ERR,ERR,ERR,ERR,ERR,ERR,ERR,ERR,ERR,ERR,ERR,ERR,ERR,ERR,ERR,ERR,ERR,ERR,ERR,ERR,ERR,ERR,ERR,ERR,ERR,ERR,ERR,ERR,ERR,ERR,ERR,ERR,ERR,ERR,ERR,ERR,ERR,ERR,ERR,ERR,ERR,ERR,ERR,0.0,-107615288.0,-0.0,0.0,0.0,1.3936040501711995e+18,7.805,0.0,0,0,4,0,8422,0.0,45,0.0,0.0,0.0,0.0,0.0,0,0,0,0,0.0,0,0,0,0,0,0,0,0,0,0,0,0,0,0,0,0,0,0,0,0,0,0,0,0,0,0,0,0,0,0,0,0,0,38,14,7,45,65476,0,300,0,0,8,21553,0.0,-107605600.0,0.0,0.0,0.0,0.0,0.0,0.0,0.0,0.0,0.0,0.0,0.0,0.0,0.0,0.0,0.0,0.0,0.0,0.0,0.0,0.0,0.0,-2.004,-0.0,0.0,0.0,0.0,0.0,0.0,5108.0,-0.0,0.0,0.0,-107615288.0,0.0,-0.0,0.0,0.0,0.0,0.0,53,3.222028592685471e+26,4.0668551691718284e+29,0.0,0.0,0.0,0.0,0.0,0.0,0.0,0,0,0,0.0,0.0,0.0,0.0,0.0,0.0,0.0,0.0,0.0,0.0,0.0,0.0,0.0,0.0,0.0,0.0,0,-107875648.0,53,0.0,106,-107614832.0,-107350944.0,ERR,ERR,ERR,ERR,ERR,ERR,ERR,ERR,ERR,ERR,ERR,ERR,ERR,ERR,ERR,ERR,ERR,ERR,ERR,ERR,ERR,ERR,ERR,ERR,ERR,ERR,ERR,ERR,ERR,ERR,ERR,ERR,ERR,ERR,ERR,ERR,ERR,ERR,ERR,ERR,ERR,ERR,ERR,ERR,ERR,ERR,ERR,ERR,ERR,ERR,ERR,ERR,ERR,ERR,ERR,ERR,ERR,ERR,ERR,ERR,ERR,ERR,ERR,ERR,ERR,ERR,ERR,50.0,60.0,100,0.0,0.0,0.0,0.0,0.0,0.0,0.0,0.0,0.0,0.0,0.0,0.0,0.0,0.0,0.0,0.0,61.6,65,20,65521,50,65476,0,300,0,0,8,20529,65476,0,0,26214,60.0,0.0,0.0,0.0,0.0,0.0
2026-05-17T16:28:09,ERR,ERR,ERR,ERR,ERR,ERR,ERR,ERR,ERR,ERR,ERR,ERR,ERR,ERR,ERR,ERR,ERR,ERR,ERR,ERR,ERR,ERR,ERR,ERR,ERR,ERR,ERR,ERR,ERR,ERR,ERR,ERR,ERR,ERR,ERR,ERR,ERR,ERR,ERR,ERR,ERR,ERR,ERR,ERR,ERR,ERR,ERR,ERR,ERR,ERR,ERR,ERR,ERR,ERR,ERR,ERR,ERR,ERR,ERR,ERR,ERR,ERR,ERR,ERR,ERR,ERR,ERR,ERR,ERR,ERR,ERR,ERR,ERR,ERR,ERR,ERR,ERR,ERR,ERR,ERR,ERR,ERR,ERR,ERR,ERR,ERR,ERR,ERR,ERR,ERR,ERR,ERR,ERR,ERR,ERR,ERR,ERR,ERR,ERR,ERR,ERR,ERR,ERR,ERR,ERR,ERR,ERR,ERR,ERR,ERR,ERR,ERR,ERR,ERR,ERR,ERR,ERR,ERR,ERR,ERR,ERR,ERR,ERR,ERR,ERR,0.0,-107615288.0,-0.0,0.0,0.0,1.3936040501711995e+18,7.805,0.0,0,0,4,0,8422,0.0,45,0.0,0.0,0.0,0.0,0.0,0,0,0,0,0.0,0,0,0,0,0,0,0,0,0,0,0,0,0,0,0,0,0,0,0,0,0,0,0,0,0,0,0,0,0,0,0,0,0,38,14,7,45,65476,0,300,0,0,8,21553,0.0,-107605600.0,0.0,0.0,0.0,0.0,0.0,0.0,0.0,0.0,0.0,0.0,0.0,0.0,0.0,0.0,0.0,0.0,0.0,0.0,0.0,0.0,0.0,-2.004,-0.0,0.0,0.0,0.0,0.0,0.0,5108.0,-0.0,0.0,0.0,-107615288.0,0.0,-0.0,0.0,0.0,0.0,0.0,53,3.222028592685471e+26,4.0668551691718284e+29,0.0,0.0,0.0,0.0,0.0,0.0,0.0,0,0,0,0.0,0.0,0.0,0.0,0.0,0.0,0.0,0.0,0.0,0.0,0.0,0.0,0.0,0.0,0.0,0.0,0,-107875648.0,53,0.0,106,-107614832.0,-107350944.0,ERR,ERR,ERR,ERR,ERR,ERR,ERR,ERR,ERR,ERR,ERR,ERR,ERR,ERR,ERR,ERR,ERR,ERR,ERR,ERR,ERR,ERR,ERR,ERR,ERR,ERR,ERR,ERR,ERR,ERR,ERR,ERR,ERR,ERR,ERR,ERR,ERR,ERR,ERR,ERR,ERR,ERR,ERR,ERR,ERR,ERR,ERR,ERR,ERR,ERR,ERR,ERR,ERR,ERR,ERR,ERR,ERR,ERR,ERR,ERR,ERR,ERR,ERR,ERR,ERR,ERR,ERR,50.0,60.0,100,0.0,0.0,0.0,0.0,0.0,0.0,0.0,0.0,0.0,0.0,0.0,0.0,0.0,0.0,0.0,0.0,61.6,65,20,65521,50,65476,0,300,0,0,8,20529,65476,0,0,26214,60.0,0.0,0.0,0.0,0.0,0.0
2026-05-17T16:28:10,ERR,ERR,ERR,ERR,ERR,ERR,ERR,ERR,ERR,ERR,ERR,ERR,ERR,ERR,ERR,ERR,ERR,ERR,ERR,ERR,ERR,ERR,ERR,ERR,ERR,ERR,ERR,ERR,ERR,ERR,ERR,ERR,ERR,ERR,ERR,ERR,ERR,ERR,ERR,ERR,ERR,ERR,ERR,ERR,ERR,ERR,ERR,ERR,ERR,ERR,ERR,ERR,ERR,ERR,ERR,ERR,ERR,ERR,ERR,ERR,ERR,ERR,ERR,ERR,ERR,ERR,ERR,ERR,ERR,ERR,ERR,ERR,ERR,ERR,ERR,ERR,ERR,ERR,ERR,ERR,ERR,ERR,ERR,ERR,ERR,ERR,ERR,ERR,ERR,ERR,ERR,ERR,ERR,ERR,ERR,ERR,ERR,ERR,ERR,ERR,ERR,ERR,ERR,ERR,ERR,ERR,ERR,ERR,ERR,ERR,ERR,ERR,ERR,ERR,ERR,ERR,ERR,ERR,ERR,ERR,ERR,ERR,ERR,ERR,ERR,0.0,-107615288.0,-0.0,0.0,0.0,1.3936040501711995e+18,7.805,0.0,0,0,4,0,8422,0.0,45,0.0,0.0,0.0,0.0,0.0,0,0,0,0,0.0,0,0,0,0,0,0,0,0,0,0,0,0,0,0,0,0,0,0,0,0,0,0,0,0,0,0,0,0,0,0,0,0,0,38,14,7,45,65476,0,300,0,0,8,21553,0.0,-107605600.0,0.0,0.0,0.0,0.0,0.0,0.0,0.0,0.0,0.0,0.0,0.0,0.0,0.0,0.0,0.0,0.0,0.0,0.0,0.0,0.0,0.0,-2.004,-0.0,0.0,0.0,0.0,0.0,0.0,5100.0,-131350.484,0.0,0.0,-107615288.0,0.0,-0.0,0.0,0.0,0.0,0.0,53,89221.109,-0.0,0.0,0.0,0.0,0.0,0.0,0.0,0.0,0,0,0,0.0,0.0,0.0,0.0,0.0,0.0,0.0,0.0,0.0,0.0,0.0,0.0,0.0,0.0,0.0,0.0,0,-107875648.0,53,0.0,106,-107614832.0,-107350944.0,ERR,ERR,ERR,ERR,ERR,ERR,ERR,ERR,ERR,ERR,ERR,ERR,ERR,ERR,ERR,ERR,ERR,ERR,ERR,ERR,ERR,ERR,ERR,ERR,ERR,ERR,ERR,ERR,ERR,ERR,ERR,ERR,ERR,ERR,ERR,ERR,ERR,ERR,ERR,ERR,ERR,ERR,ERR,ERR,ERR,ERR,ERR,ERR,ERR,ERR,ERR,ERR,ERR,ERR,ERR,ERR,ERR,ERR,ERR,ERR,ERR,ERR,ERR,ERR,ERR,ERR,ERR,50.0,60.0,100,0.0,0.0,0.0,0.0,0.0,0.0,0.0,0.0,0.0,0.0,0.0,0.0,0.0,0.0,0.0,0.0,61.6,65,20,65521,50,65476,0,300,0,0,8,20529,65476,0,0,26214,60.0,0.0,0.0,0.0,0.0,0.0
2026-05-17T16:28:11,ERR,ERR,ERR,ERR,ERR,ERR,ERR,ERR,ERR,ERR,ERR,ERR,ERR,ERR,ERR,ERR,ERR,ERR,ERR,ERR,ERR,ERR,ERR,ERR,ERR,ERR,ERR,ERR,ERR,ERR,ERR,ERR,ERR,ERR,ERR,ERR,ERR,ERR,ERR,ERR,ERR,ERR,ERR,ERR,ERR,ERR,ERR,ERR,ERR,ERR,ERR,ERR,ERR,ERR,ERR,ERR,ERR,ERR,ERR,ERR,ERR,ERR,ERR,ERR,ERR,ERR,ERR,ERR,ERR,ERR,ERR,ERR,ERR,ERR,ERR,ERR,ERR,ERR,ERR,ERR,ERR,ERR,ERR,ERR,ERR,ERR,ERR,ERR,ERR,ERR,ERR,ERR,ERR,ERR,ERR,ERR,ERR,ERR,ERR,ERR,ERR,ERR,ERR,ERR,ERR,ERR,ERR,ERR,ERR,ERR,ERR,ERR,ERR,ERR,ERR,ERR,ERR,ERR,ERR,ERR,ERR,ERR,ERR,ERR,ERR,0.0,-107615288.0,-0.0,0.0,0.0,1.3936040501711995e+18,7.805,0.0,0,0,4,0,8422,0.0,45,0.0,0.0,0.0,0.0,0.0,0,0,0,0,0.0,0,0,0,0,0,0,0,0,0,0,0,0,0,0,0,0,0,0,0,0,0,0,0,0,0,0,0,0,0,0,0,0,0,38,14,7,45,65476,0,300,0,0,8,21553,0.0,-107605600.0,0.0,0.0,0.0,0.0,0.0,0.0,0.0,0.0,0.0,0.0,0.0,0.0,0.0,0.0,0.0,0.0,0.0,0.0,0.0,0.0,0.0,-2.004,-0.0,0.0,0.0,0.0,0.0,0.0,5100.0,-131350.484,0.0,0.0,-107615288.0,0.0,-0.0,0.0,0.0,0.0,0.0,53,89221.109,-0.0,0.0,0.0,0.0,0.0,0.0,0.0,0.0,0,0,0,0.0,0.0,0.0,0.0,0.0,0.0,0.0,0.0,0.0,0.0,0.0,0.0,0.0,0.0,0.0,0.0,0,-107875648.0,53,0.0,106,-107614832.0,-107350944.0,ERR,ERR,ERR,ERR,ERR,ERR,ERR,ERR,ERR,ERR,ERR,ERR,ERR,ERR,ERR,ERR,ERR,ERR,ERR,ERR,ERR,ERR,ERR,ERR,ERR,ERR,ERR,ERR,ERR,ERR,ERR,ERR,ERR,ERR,ERR,ERR,ERR,ERR,ERR,ERR,ERR,ERR,ERR,ERR,ERR,ERR,ERR,ERR,ERR,ERR,ERR,ERR,ERR,ERR,ERR,ERR,ERR,ERR,ERR,ERR,ERR,ERR,ERR,ERR,ERR,ERR,ERR,50.0,60.0,100,0.0,0.0,0.0,0.0,0.0,0.0,0.0,0.0,0.0,0.0,0.0,0.0,0.0,0.0,0.0,0.0,61.6,65,20,65521,50,65476,0,300,0,0,8,20529,65476,0,0,26214,60.0,0.0,0.0,0.0,0.0,0.0
2026-05-17T16:28:12,ERR,ERR,ERR,ERR,ERR,ERR,ERR,ERR,ERR,ERR,ERR,ERR,ERR,ERR,ERR,ERR,ERR,ERR,ERR,ERR,ERR,ERR,ERR,ERR,ERR,ERR,ERR,ERR,ERR,ERR,ERR,ERR,ERR,ERR,ERR,ERR,ERR,ERR,ERR,ERR,ERR,ERR,ERR,ERR,ERR,ERR,ERR,ERR,ERR,ERR,ERR,ERR,ERR,ERR,ERR,ERR,ERR,ERR,ERR,ERR,ERR,ERR,ERR,ERR,ERR,ERR,ERR,ERR,ERR,ERR,ERR,ERR,ERR,ERR,ERR,ERR,ERR,ERR,ERR,ERR,ERR,ERR,ERR,ERR,ERR,ERR,ERR,ERR,ERR,ERR,ERR,ERR,ERR,ERR,ERR,ERR,ERR,ERR,ERR,ERR,ERR,ERR,ERR,ERR,ERR,ERR,ERR,ERR,ERR,ERR,ERR,ERR,ERR,ERR,ERR,ERR,ERR,ERR,ERR,ERR,ERR,ERR,ERR,ERR,ERR,0.0,-107615288.0,-0.0,0.0,0.0,1.3936040501711995e+18,7.805,0.0,0,0,4,0,8422,0.0,45,0.0,0.0,0.0,0.0,0.0,0,0,0,0,0.0,0,0,0,0,0,0,0,0,0,0,0,0,0,0,0,0,0,0,0,0,0,0,0,0,0,0,0,0,0,0,0,0,0,38,14,7,45,65476,0,300,0,0,8,21553,0.0,-107605600.0,0.0,0.0,0.0,0.0,0.0,0.0,0.0,0.0,0.0,0.0,0.0,0.0,0.0,0.0,0.0,0.0,0.0,0.0,0.0,0.0,0.0,-2.004,-0.0,0.0,0.0,0.0,0.0,0.0,5100.0,-131350.484,0.0,0.0,-107615288.0,0.0,-0.0,0.0,0.0,0.0,0.0,53,89221.109,-0.0,0.0,0.0,0.0,0.0,0.0,0.0,0.0,0,0,0,0.0,0.0,0.0,0.0,0.0,0.0,0.0,0.0,0.0,0.0,0.0,0.0,0.0,0.0,0.0,0.0,0,-107875648.0,53,0.0,106,-107614832.0,-107350944.0,ERR,ERR,ERR,ERR,ERR,ERR,ERR,ERR,ERR,ERR,ERR,ERR,ERR,ERR,ERR,ERR,ERR,ERR,ERR,ERR,ERR,ERR,ERR,ERR,ERR,ERR,ERR,ERR,ERR,ERR,ERR,ERR,ERR,ERR,ERR,ERR,ERR,ERR,ERR,ERR,ERR,ERR,ERR,ERR,ERR,ERR,ERR,ERR,ERR,ERR,ERR,ERR,ERR,ERR,ERR,ERR,ERR,ERR,ERR,ERR,ERR,ERR,ERR,ERR,ERR,ERR,ERR,50.0,60.0,100,0.0,0.0,0.0,0.0,0.0,0.0,0.0,0.0,0.0,0.0,0.0,0.0,0.0,0.0,0.0,0.0,61.6,65,20,65521,50,65476,0,300,0,0,8,20529,65476,0,0,26214,60.0,0.0,0.0,0.0,0.0,0.0
2026-05-17T16:28:13,ERR,ERR,ERR,ERR,ERR,ERR,ERR,ERR,ERR,ERR,ERR,ERR,ERR,ERR,ERR,ERR,ERR,ERR,ERR,ERR,ERR,ERR,ERR,ERR,ERR,ERR,ERR,ERR,ERR,ERR,ERR,ERR,ERR,ERR,ERR,ERR,ERR,ERR,ERR,ERR,ERR,ERR,ERR,ERR,ERR,ERR,ERR,ERR,ERR,ERR,ERR,ERR,ERR,ERR,ERR,ERR,ERR,ERR,ERR,ERR,ERR,ERR,ERR,ERR,ERR,ERR,ERR,ERR,ERR,ERR,ERR,ERR,ERR,ERR,ERR,ERR,ERR,ERR,ERR,ERR,ERR,ERR,ERR,ERR,ERR,ERR,ERR,ERR,ERR,ERR,ERR,ERR,ERR,ERR,ERR,ERR,ERR,ERR,ERR,ERR,ERR,ERR,ERR,ERR,ERR,ERR,ERR,ERR,ERR,ERR,ERR,ERR,ERR,ERR,ERR,ERR,ERR,ERR,ERR,ERR,ERR,ERR,ERR,ERR,ERR,0.0,-107615288.0,-0.0,0.0,0.0,1.3936040501711995e+18,7.805,0.0,0,0,4,0,8422,0.0,45,0.0,0.0,0.0,0.0,0.0,0,0,0,0,0.0,0,0,0,0,0,0,0,0,0,0,0,0,0,0,0,0,0,0,0,0,0,0,0,0,0,0,0,0,0,0,0,0,0,38,14,7,45,65476,0,300,0,0,8,21553,0.0,-107605600.0,0.0,0.0,0.0,0.0,0.0,0.0,0.0,0.0,0.0,0.0,0.0,0.0,0.0,0.0,0.0,0.0,0.0,0.0,0.0,0.0,0.0,-2.004,-0.0,0.0,0.0,0.0,0.0,0.0,5100.0,-131350.484,0.0,0.0,-107615288.0,0.0,-0.0,0.0,0.0,0.0,0.0,53,89221.109,-0.0,0.0,0.0,0.0,0.0,0.0,0.0,0.0,0,0,0,0.0,0.0,0.0,0.0,0.0,0.0,0.0,0.0,0.0,0.0,0.0,0.0,0.0,0.0,0.0,0.0,0,-107875648.0,53,0.0,106,-107614832.0,-107350944.0,ERR,ERR,ERR,ERR,ERR,ERR,ERR,ERR,ERR,ERR,ERR,ERR,ERR,ERR,ERR,ERR,ERR,ERR,ERR,ERR,ERR,ERR,ERR,ERR,ERR,ERR,ERR,ERR,ERR,ERR,ERR,ERR,ERR,ERR,ERR,ERR,ERR,ERR,ERR,ERR,ERR,ERR,ERR,ERR,ERR,ERR,ERR,ERR,ERR,ERR,ERR,ERR,ERR,ERR,ERR,ERR,ERR,ERR,ERR,ERR,ERR,ERR,ERR,ERR,ERR,ERR,ERR,50.0,60.0,100,0.0,0.0,0.0,0.0,0.0,0.0,0.0,0.0,0.0,0.0,0.0,0.0,0.0,0.0,0.0,0.0,61.6,65,20,65521,50,65476,0,300,0,0,8,20529,65476,0,0,26214,60.0,0.0,0.0,0.0,0.0,0.0
2026-05-17T16:28:14,ERR,ERR,ERR,ERR,ERR,ERR,ERR,ERR,ERR,ERR,ERR,ERR,ERR,ERR,ERR,ERR,ERR,ERR,ERR,ERR,ERR,ERR,ERR,ERR,ERR,ERR,ERR,ERR,ERR,ERR,ERR,ERR,ERR,ERR,ERR,ERR,ERR,ERR,ERR,ERR,ERR,ERR,ERR,ERR,ERR,ERR,ERR,ERR,ERR,ERR,ERR,ERR,ERR,ERR,ERR,ERR,ERR,ERR,ERR,ERR,ERR,ERR,ERR,ERR,ERR,ERR,ERR,ERR,ERR,ERR,ERR,ERR,ERR,ERR,ERR,ERR,ERR,ERR,ERR,ERR,ERR,ERR,ERR,ERR,ERR,ERR,ERR,ERR,ERR,ERR,ERR,ERR,ERR,ERR,ERR,ERR,ERR,ERR,ERR,ERR,ERR,ERR,ERR,ERR,ERR,ERR,ERR,ERR,ERR,ERR,ERR,ERR,ERR,ERR,ERR,ERR,ERR,ERR,ERR,ERR,ERR,ERR,ERR,ERR,ERR,0.0,-107615288.0,-0.0,0.0,0.0,1.3936040501711995e+18,7.805,0.0,0,0,4,0,8422,0.0,45,0.0,0.0,0.0,0.0,0.0,0,0,0,0,0.0,0,0,0,0,0,0,0,0,0,0,0,0,0,0,0,0,0,0,0,0,0,0,0,0,0,0,0,0,0,0,0,0,0,38,14,7,45,65476,0,300,0,0,8,21553,0.0,-107605600.0,0.0,0.0,0.0,0.0,0.0,0.0,0.0,0.0,0.0,0.0,0.0,0.0,0.0,0.0,0.0,0.0,0.0,0.0,0.0,0.0,0.0,-2.004,-0.0,0.0,0.0,0.0,0.0,0.0,5100.0,-131350.484,0.0,0.0,-107615288.0,0.0,-0.0,0.0,0.0,0.0,0.0,53,89221.109,-0.0,0.0,0.0,0.0,0.0,0.0,0.0,0.0,0,0,0,0.0,0.0,0.0,0.0,0.0,0.0,0.0,0.0,0.0,0.0,0.0,0.0,0.0,0.0,0.0,0.0,0,-107875648.0,53,0.0,106,-107614832.0,-107350944.0,ERR,ERR,ERR,ERR,ERR,ERR,ERR,ERR,ERR,ERR,ERR,ERR,ERR,ERR,ERR,ERR,ERR,ERR,ERR,ERR,ERR,ERR,ERR,ERR,ERR,ERR,ERR,ERR,ERR,ERR,ERR,ERR,ERR,ERR,ERR,ERR,ERR,ERR,ERR,ERR,ERR,ERR,ERR,ERR,ERR,ERR,ERR,ERR,ERR,ERR,ERR,ERR,ERR,ERR,ERR,ERR,ERR,ERR,ERR,ERR,ERR,ERR,ERR,ERR,ERR,ERR,ERR,50.0,60.0,100,0.0,0.0,0.0,0.0,0.0,0.0,0.0,0.0,0.0,0.0,0.0,0.0,0.0,0.0,0.0,0.0,61.6,65,20,65521,50,65476,0,300,0,0,8,20529,65476,0,0,26214,60.0,0.0,0.0,0.0,0.0,0.0
2026-05-17T16:28:15,ERR,ERR,ERR,ERR,ERR,ERR,ERR,ERR,ERR,ERR,ERR,ERR,ERR,ERR,ERR,ERR,ERR,ERR,ERR,ERR,ERR,ERR,ERR,ERR,ERR,ERR,ERR,ERR,ERR,ERR,ERR,ERR,ERR,ERR,ERR,ERR,ERR,ERR,ERR,ERR,ERR,ERR,ERR,ERR,ERR,ERR,ERR,ERR,ERR,ERR,ERR,ERR,ERR,ERR,ERR,ERR,ERR,ERR,ERR,ERR,ERR,ERR,ERR,ERR,ERR,ERR,ERR,ERR,ERR,ERR,ERR,ERR,ERR,ERR,ERR,ERR,ERR,ERR,ERR,ERR,ERR,ERR,ERR,ERR,ERR,ERR,ERR,ERR,ERR,ERR,ERR,ERR,ERR,ERR,ERR,ERR,ERR,ERR,ERR,ERR,ERR,ERR,ERR,ERR,ERR,ERR,ERR,ERR,ERR,ERR,ERR,ERR,ERR,ERR,ERR,ERR,ERR,ERR,ERR,ERR,ERR,ERR,ERR,ERR,ERR,0.0,-107615288.0,-0.0,0.0,0.0,1.3936040501711995e+18,7.805,0.0,0,0,4,0,8422,0.0,45,0.0,0.0,0.0,0.0,0.0,0,0,0,0,0.0,0,0,0,0,0,0,0,0,0,0,0,0,0,0,0,0,0,0,0,0,0,0,0,0,0,0,0,0,0,0,0,0,0,38,14,7,45,65476,0,300,0,0,8,21553,0.0,-107605600.0,0.0,0.0,0.0,0.0,0.0,0.0,0.0,0.0,0.0,0.0,0.0,0.0,0.0,0.0,0.0,0.0,0.0,0.0,0.0,0.0,0.0,-2.004,-2.004,0.0,0.0,0.0,0.0,0.0,5096.0,-8608185344.0,0.0,0.0,-107615288.0,0.0,-0.0,0.0,0.0,0.0,0.0,53,71.63,-0.0,0.0,0.0,0.0,0.0,0.0,0.0,0.0,0,0,0,0.0,0.0,0.0,0.0,0.0,0.0,0.0,0.0,0.0,0.0,0.0,0.0,0.0,0.0,0.0,0.0,0,-107875648.0,53,0.0,106,-107614832.0,-107350944.0,ERR,ERR,ERR,ERR,ERR,ERR,ERR,ERR,ERR,ERR,ERR,ERR,ERR,ERR,ERR,ERR,ERR,ERR,ERR,ERR,ERR,ERR,ERR,ERR,ERR,ERR,ERR,ERR,ERR,ERR,ERR,ERR,ERR,ERR,ERR,ERR,ERR,ERR,ERR,ERR,ERR,ERR,ERR,ERR,ERR,ERR,ERR,ERR,ERR,ERR,ERR,ERR,ERR,ERR,ERR,ERR,ERR,ERR,ERR,ERR,ERR,ERR,ERR,ERR,ERR,ERR,ERR,50.0,60.0,100,0.0,0.0,0.0,0.0,0.0,0.0,0.0,0.0,0.0,0.0,0.0,0.0,0.0,0.0,0.0,0.0,61.6,65,20,65521,50,65476,0,300,0,0,8,20529,65476,0,0,26214,60.0,0.0,0.0,0.0,0.0,0.0
2026-05-17T16:28:16,ERR,ERR,ERR,ERR,ERR,ERR,ERR,ERR,ERR,ERR,ERR,ERR,ERR,ERR,ERR,ERR,ERR,ERR,ERR,ERR,ERR,ERR,ERR,ERR,ERR,ERR,ERR,ERR,ERR,ERR,ERR,ERR,ERR,ERR,ERR,ERR,ERR,ERR,ERR,ERR,ERR,ERR,ERR,ERR,ERR,ERR,ERR,ERR,ERR,ERR,ERR,ERR,ERR,ERR,ERR,ERR,ERR,ERR,ERR,ERR,ERR,ERR,ERR,ERR,ERR,ERR,ERR,ERR,ERR,ERR,ERR,ERR,ERR,ERR,ERR,ERR,ERR,ERR,ERR,ERR,ERR,ERR,ERR,ERR,ERR,ERR,ERR,ERR,ERR,ERR,ERR,ERR,ERR,ERR,ERR,ERR,ERR,ERR,ERR,ERR,ERR,ERR,ERR,ERR,ERR,ERR,ERR,ERR,ERR,ERR,ERR,ERR,ERR,ERR,ERR,ERR,ERR,ERR,ERR,ERR,ERR,ERR,ERR,ERR,ERR,0.0,-107615288.0,-0.0,0.0,0.0,1.3936040501711995e+18,7.805,0.0,0,0,4,0,8422,0.0,45,0.0,0.0,0.0,0.0,0.0,0,0,0,0,0.0,0,0,0,0,0,0,0,0,0,0,0,0,0,0,0,0,0,0,0,0,0,0,0,0,0,0,0,0,0,0,0,0,0,38,14,7,45,65476,0,300,0,0,8,21553,0.0,-107605600.0,0.0,0.0,0.0,0.0,0.0,0.0,0.0,0.0,0.0,0.0,0.0,0.0,0.0,0.0,0.0,0.0,0.0,0.0,0.0,0.0,0.0,-2.004,-2.004,0.0,0.0,0.0,0.0,0.0,5096.0,-8608185344.0,0.0,0.0,-107615288.0,0.0,-0.0,0.0,0.0,0.0,0.0,53,71.63,-0.0,0.0,0.0,0.0,0.0,0.0,0.0,0.0,0,0,0,0.0,0.0,0.0,0.0,0.0,0.0,0.0,0.0,0.0,0.0,0.0,0.0,0.0,0.0,0.0,0.0,0,-107875648.0,53,0.0,106,-107614832.0,-107350944.0,ERR,ERR,ERR,ERR,ERR,ERR,ERR,ERR,ERR,ERR,ERR,ERR,ERR,ERR,ERR,ERR,ERR,ERR,ERR,ERR,ERR,ERR,ERR,ERR,ERR,ERR,ERR,ERR,ERR,ERR,ERR,ERR,ERR,ERR,ERR,ERR,ERR,ERR,ERR,ERR,ERR,ERR,ERR,ERR,ERR,ERR,ERR,ERR,ERR,ERR,ERR,ERR,ERR,ERR,ERR,ERR,ERR,ERR,ERR,ERR,ERR,ERR,ERR,ERR,ERR,ERR,ERR,50.0,60.0,100,0.0,0.0,0.0,0.0,0.0,0.0,0.0,0.0,0.0,0.0,0.0,0.0,0.0,0.0,0.0,0.0,61.6,65,20,65521,50,65476,0,300,0,0,8,20529,65476,0,0,26214,60.0,0.0,0.0,0.0,0.0,0.0
2026-05-17T16:28:17,ERR,ERR,ERR,ERR,ERR,ERR,ERR,ERR,ERR,ERR,ERR,ERR,ERR,ERR,ERR,ERR,ERR,ERR,ERR,ERR,ERR,ERR,ERR,ERR,ERR,ERR,ERR,ERR,ERR,ERR,ERR,ERR,ERR,ERR,ERR,ERR,ERR,ERR,ERR,ERR,ERR,ERR,ERR,ERR,ERR,ERR,ERR,ERR,ERR,ERR,ERR,ERR,ERR,ERR,ERR,ERR,ERR,ERR,ERR,ERR,ERR,ERR,ERR,ERR,ERR,ERR,ERR,ERR,ERR,ERR,ERR,ERR,ERR,ERR,ERR,ERR,ERR,ERR,ERR,ERR,ERR,ERR,ERR,ERR,ERR,ERR,ERR,ERR,ERR,ERR,ERR,ERR,ERR,ERR,ERR,ERR,ERR,ERR,ERR,ERR,ERR,ERR,ERR,ERR,ERR,ERR,ERR,ERR,ERR,ERR,ERR,ERR,ERR,ERR,ERR,ERR,ERR,ERR,ERR,ERR,ERR,ERR,ERR,ERR,ERR,0.0,-107615288.0,-0.0,0.0,0.0,1.3936040501711995e+18,7.805,0.0,0,0,4,0,8422,0.0,45,0.0,0.0,0.0,0.0,0.0,0,0,0,0,0.0,0,0,0,0,0,0,0,0,0,0,0,0,0,0,0,0,0,0,0,0,0,0,0,0,0,0,0,0,0,0,0,0,0,38,14,7,45,65476,0,300,0,0,8,21553,0.0,-107605600.0,0.0,0.0,0.0,0.0,0.0,0.0,0.0,0.0,0.0,0.0,0.0,0.0,0.0,0.0,0.0,0.0,0.0,0.0,0.0,0.0,0.0,-2.004,-2.004,0.0,0.0,0.0,0.0,0.0,5096.0,-8608185344.0,0.0,0.0,-107615288.0,0.0,-0.0,0.0,0.0,0.0,0.0,53,71.63,-0.0,0.0,0.0,0.0,0.0,0.0,0.0,0.0,0,0,0,0.0,0.0,0.0,0.0,0.0,0.0,0.0,0.0,0.0,0.0,0.0,0.0,0.0,0.0,0.0,0.0,0,-107875648.0,53,0.0,106,-107614832.0,-107350944.0,ERR,ERR,ERR,ERR,ERR,ERR,ERR,ERR,ERR,ERR,ERR,ERR,ERR,ERR,ERR,ERR,ERR,ERR,ERR,ERR,ERR,ERR,ERR,ERR,ERR,ERR,ERR,ERR,ERR,ERR,ERR,ERR,ERR,ERR,ERR,ERR,ERR,ERR,ERR,ERR,ERR,ERR,ERR,ERR,ERR,ERR,ERR,ERR,ERR,ERR,ERR,ERR,ERR,ERR,ERR,ERR,ERR,ERR,ERR,ERR,ERR,ERR,ERR,ERR,ERR,ERR,ERR,50.0,60.0,100,0.0,0.0,0.0,0.0,0.0,0.0,0.0,0.0,0.0,0.0,0.0,0.0,0.0,0.0,0.0,0.0,61.6,65,20,65521,50,65476,0,300,0,0,8,20529,65476,0,0,26214,60.0,0.0,0.0,0.0,0.0,0.0
2026-05-17T16:28:18,ERR,ERR,ERR,ERR,ERR,ERR,ERR,ERR,ERR,ERR,ERR,ERR,ERR,ERR,ERR,ERR,ERR,ERR,ERR,ERR,ERR,ERR,ERR,ERR,ERR,ERR,ERR,ERR,ERR,ERR,ERR,ERR,ERR,ERR,ERR,ERR,ERR,ERR,ERR,ERR,ERR,ERR,ERR,ERR,ERR,ERR,ERR,ERR,ERR,ERR,ERR,ERR,ERR,ERR,ERR,ERR,ERR,ERR,ERR,ERR,ERR,ERR,ERR,ERR,ERR,ERR,ERR,ERR,ERR,ERR,ERR,ERR,ERR,ERR,ERR,ERR,ERR,ERR,ERR,ERR,ERR,ERR,ERR,ERR,ERR,ERR,ERR,ERR,ERR,ERR,ERR,ERR,ERR,ERR,ERR,ERR,ERR,ERR,ERR,ERR,ERR,ERR,ERR,ERR,ERR,ERR,ERR,ERR,ERR,ERR,ERR,ERR,ERR,ERR,ERR,ERR,ERR,ERR,ERR,ERR,ERR,ERR,ERR,ERR,ERR,0.0,-107615288.0,-0.0,0.0,0.0,1.3936040501711995e+18,7.805,0.0,0,0,4,0,8422,0.0,45,0.0,0.0,0.0,0.0,0.0,0,0,0,0,0.0,0,0,0,0,0,0,0,0,0,0,0,0,0,0,0,0,0,0,0,0,0,0,0,0,0,0,0,0,0,0,0,0,0,38,14,7,45,65476,0,300,0,0,8,21553,0.0,-107605600.0,0.0,0.0,0.0,0.0,0.0,0.0,0.0,0.0,0.0,0.0,0.0,0.0,0.0,0.0,0.0,0.0,0.0,0.0,0.0,0.0,0.0,-2.004,-2.004,0.0,0.0,0.0,0.0,0.0,5096.0,-8608185344.0,0.0,0.0,-107615288.0,0.0,-0.0,0.0,0.0,0.0,0.0,53,71.63,-0.0,0.0,0.0,0.0,0.0,0.0,0.0,0.0,0,0,0,0.0,0.0,0.0,0.0,0.0,0.0,0.0,0.0,0.0,0.0,0.0,0.0,0.0,0.0,0.0,0.0,0,-107875648.0,53,0.0,106,-107614832.0,-107350944.0,ERR,ERR,ERR,ERR,ERR,ERR,ERR,ERR,ERR,ERR,ERR,ERR,ERR,ERR,ERR,ERR,ERR,ERR,ERR,ERR,ERR,ERR,ERR,ERR,ERR,ERR,ERR,ERR,ERR,ERR,ERR,ERR,ERR,ERR,ERR,ERR,ERR,ERR,ERR,ERR,ERR,ERR,ERR,ERR,ERR,ERR,ERR,ERR,ERR,ERR,ERR,ERR,ERR,ERR,ERR,ERR,ERR,ERR,ERR,ERR,ERR,ERR,ERR,ERR,ERR,ERR,ERR,50.0,60.0,100,0.0,0.0,0.0,0.0,0.0,0.0,0.0,0.0,0.0,0.0,0.0,0.0,0.0,0.0,0.0,0.0,61.6,65,20,65521,50,65476,0,300,0,0,8,20529,65476,0,0,26214,60.0,0.0,0.0,0.0,0.0,0.0
2026-05-17T16:28:19,ERR,ERR,ERR,ERR,ERR,ERR,ERR,ERR,ERR,ERR,ERR,ERR,ERR,ERR,ERR,ERR,ERR,ERR,ERR,ERR,ERR,ERR,ERR,ERR,ERR,ERR,ERR,ERR,ERR,ERR,ERR,ERR,ERR,ERR,ERR,ERR,ERR,ERR,ERR,ERR,ERR,ERR,ERR,ERR,ERR,ERR,ERR,ERR,ERR,ERR,ERR,ERR,ERR,ERR,ERR,ERR,ERR,ERR,ERR,ERR,ERR,ERR,ERR,ERR,ERR,ERR,ERR,ERR,ERR,ERR,ERR,ERR,ERR,ERR,ERR,ERR,ERR,ERR,ERR,ERR,ERR,ERR,ERR,ERR,ERR,ERR,ERR,ERR,ERR,ERR,ERR,ERR,ERR,ERR,ERR,ERR,ERR,ERR,ERR,ERR,ERR,ERR,ERR,ERR,ERR,ERR,ERR,ERR,ERR,ERR,ERR,ERR,ERR,ERR,ERR,ERR,ERR,ERR,ERR,ERR,ERR,ERR,ERR,ERR,ERR,0.0,-107615288.0,-0.0,0.0,0.0,1.3936040501711995e+18,7.805,0.0,0,0,4,0,8422,0.0,45,0.0,0.0,0.0,0.0,0.0,0,0,0,0,0.0,0,0,0,0,0,0,0,0,0,0,0,0,0,0,0,0,0,0,0,0,0,0,0,0,0,0,0,0,0,0,0,0,0,38,14,7,45,65476,0,300,0,0,8,21553,0.0,-107605600.0,0.0,0.0,0.0,0.0,0.0,0.0,0.0,0.0,0.0,0.0,0.0,0.0,0.0,0.0,0.0,0.0,0.0,0.0,0.0,0.0,0.0,-2.004,-2.004,0.0,0.0,0.0,0.0,0.0,5096.0,-8608185344.0,0.0,0.0,-107615288.0,0.0,-0.0,0.0,0.0,0.0,0.0,53,71.63,-0.0,0.0,0.0,0.0,0.0,0.0,0.0,0.0,0,0,0,0.0,0.0,0.0,0.0,0.0,0.0,0.0,0.0,0.0,0.0,0.0,0.0,0.0,0.0,0.0,0.0,0,-107875648.0,53,0.0,106,-107614832.0,-107350944.0,ERR,ERR,ERR,ERR,ERR,ERR,ERR,ERR,ERR,ERR,ERR,ERR,ERR,ERR,ERR,ERR,ERR,ERR,ERR,ERR,ERR,ERR,ERR,ERR,ERR,ERR,ERR,ERR,ERR,ERR,ERR,ERR,ERR,ERR,ERR,ERR,ERR,ERR,ERR,ERR,ERR,ERR,ERR,ERR,ERR,ERR,ERR,ERR,ERR,ERR,ERR,ERR,ERR,ERR,ERR,ERR,ERR,ERR,ERR,ERR,ERR,ERR,ERR,ERR,ERR,ERR,ERR,50.0,60.0,100,0.0,0.0,0.0,0.0,0.0,0.0,0.0,0.0,0.0,0.0,0.0,0.0,0.0,0.0,0.0,0.0,61.6,65,20,65521,50,65476,0,300,0,0,8,20529,65476,0,0,26214,60.0,0.0,0.0,0.0,0.0,0.0
2026-05-17T16:28:20,ERR,ERR,ERR,ERR,ERR,ERR,ERR,ERR,ERR,ERR,ERR,ERR,ERR,ERR,ERR,ERR,ERR,ERR,ERR,ERR,ERR,ERR,ERR,ERR,ERR,ERR,ERR,ERR,ERR,ERR,ERR,ERR,ERR,ERR,ERR,ERR,ERR,ERR,ERR,ERR,ERR,ERR,ERR,ERR,ERR,ERR,ERR,ERR,ERR,ERR,ERR,ERR,ERR,ERR,ERR,ERR,ERR,ERR,ERR,ERR,ERR,ERR,ERR,ERR,ERR,ERR,ERR,ERR,ERR,ERR,ERR,ERR,ERR,ERR,ERR,ERR,ERR,ERR,ERR,ERR,ERR,ERR,ERR,ERR,ERR,ERR,ERR,ERR,ERR,ERR,ERR,ERR,ERR,ERR,ERR,ERR,ERR,ERR,ERR,ERR,ERR,ERR,ERR,ERR,ERR,ERR,ERR,ERR,ERR,ERR,ERR,ERR,ERR,ERR,ERR,ERR,ERR,ERR,ERR,ERR,ERR,ERR,ERR,ERR,ERR,0.0,-107615288.0,-0.0,0.0,0.0,1.3936040501711995e+18,7.805,0.0,0,0,4,0,8422,0.0,45,0.0,0.0,0.0,0.0,0.0,0,0,0,0,0.0,0,0,0,0,0,0,0,0,0,0,0,0,0,0,0,0,0,0,0,0,0,0,0,0,0,0,0,0,0,0,0,0,0,38,14,7,45,65476,0,300,0,0,8,21553,0.0,-107605600.0,0.0,0.0,0.0,0.0,0.0,0.0,0.0,0.0,0.0,0.0,0.0,0.0,0.0,0.0,0.0,0.0,0.0,0.0,0.0,0.0,0.0,-2.004,-0.0,0.0,0.0,0.0,0.0,0.0,5096.0,-0.0,0.0,0.0,-107615288.0,0.0,-0.0,0.0,0.0,0.0,0.0,53,126841110528.0,0.059,0.0,0.0,0.0,0.0,0.0,0.0,0.0,0,0,0,0.0,0.0,0.0,0.0,0.0,0.0,0.0,0.0,0.0,0.0,0.0,0.0,0.0,0.0,0.0,0.0,0,-107875648.0,53,0.0,106,-107614832.0,-107350944.0,ERR,ERR,ERR,ERR,ERR,ERR,ERR,ERR,ERR,ERR,ERR,ERR,ERR,ERR,ERR,ERR,ERR,ERR,ERR,ERR,ERR,ERR,ERR,ERR,ERR,ERR,ERR,ERR,ERR,ERR,ERR,ERR,ERR,ERR,ERR,ERR,ERR,ERR,ERR,ERR,ERR,ERR,ERR,ERR,ERR,ERR,ERR,ERR,ERR,ERR,ERR,ERR,ERR,ERR,ERR,ERR,ERR,ERR,ERR,ERR,ERR,ERR,ERR,ERR,ERR,ERR,ERR,50.0,60.0,100,0.0,0.0,0.0,0.0,0.0,0.0,0.0,0.0,0.0,0.0,0.0,0.0,0.0,0.0,0.0,0.0,61.6,65,20,65521,50,65476,0,300,0,0,8,20529,65476,0,0,26214,60.0,0.0,0.0,0.0,0.0,0.0
2026-05-17T16:28:21,ERR,ERR,ERR,ERR,ERR,ERR,ERR,ERR,ERR,ERR,ERR,ERR,ERR,ERR,ERR,ERR,ERR,ERR,ERR,ERR,ERR,ERR,ERR,ERR,ERR,ERR,ERR,ERR,ERR,ERR,ERR,ERR,ERR,ERR,ERR,ERR,ERR,ERR,ERR,ERR,ERR,ERR,ERR,ERR,ERR,ERR,ERR,ERR,ERR,ERR,ERR,ERR,ERR,ERR,ERR,ERR,ERR,ERR,ERR,ERR,ERR,ERR,ERR,ERR,ERR,ERR,ERR,ERR,ERR,ERR,ERR,ERR,ERR,ERR,ERR,ERR,ERR,ERR,ERR,ERR,ERR,ERR,ERR,ERR,ERR,ERR,ERR,ERR,ERR,ERR,ERR,ERR,ERR,ERR,ERR,ERR,ERR,ERR,ERR,ERR,ERR,ERR,ERR,ERR,ERR,ERR,ERR,ERR,ERR,ERR,ERR,ERR,ERR,ERR,ERR,ERR,ERR,ERR,ERR,ERR,ERR,ERR,ERR,ERR,ERR,0.0,-107615288.0,-0.0,0.0,0.0,1.3936040501711995e+18,7.805,0.0,0,0,4,0,8422,0.0,45,0.0,0.0,0.0,0.0,0.0,0,0,0,0,0.0,0,0,0,0,0,0,0,0,0,0,0,0,0,0,0,0,0,0,0,0,0,0,0,0,0,0,0,0,0,0,0,0,0,38,14,7,45,65476,0,300,0,0,8,21553,0.0,-107605600.0,0.0,0.0,0.0,0.0,0.0,0.0,0.0,0.0,0.0,0.0,0.0,0.0,0.0,0.0,0.0,0.0,0.0,0.0,0.0,0.0,0.0,-2.004,-0.0,0.0,0.0,0.0,0.0,0.0,5096.0,-0.0,0.0,0.0,-107615288.0,0.0,-0.0,0.0,0.0,0.0,0.0,53,126841110528.0,0.059,0.0,0.0,0.0,0.0,0.0,0.0,0.0,0,0,0,0.0,0.0,0.0,0.0,0.0,0.0,0.0,0.0,0.0,0.0,0.0,0.0,0.0,0.0,0.0,0.0,0,-107875648.0,53,0.0,106,-107614832.0,-107350944.0,ERR,ERR,ERR,ERR,ERR,ERR,ERR,ERR,ERR,ERR,ERR,ERR,ERR,ERR,ERR,ERR,ERR,ERR,ERR,ERR,ERR,ERR,ERR,ERR,ERR,ERR,ERR,ERR,ERR,ERR,ERR,ERR,ERR,ERR,ERR,ERR,ERR,ERR,ERR,ERR,ERR,ERR,ERR,ERR,ERR,ERR,ERR,ERR,ERR,ERR,ERR,ERR,ERR,ERR,ERR,ERR,ERR,ERR,ERR,ERR,ERR,ERR,ERR,ERR,ERR,ERR,ERR,50.0,60.0,100,0.0,0.0,0.0,0.0,0.0,0.0,0.0,0.0,0.0,0.0,0.0,0.0,0.0,0.0,0.0,0.0,61.6,65,20,65521,50,65476,0,300,0,0,8,20529,65476,0,0,26214,60.0,0.0,0.0,0.0,0.0,0.0
2026-05-17T16:28:22,ERR,ERR,ERR,ERR,ERR,ERR,ERR,ERR,ERR,ERR,ERR,ERR,ERR,ERR,ERR,ERR,ERR,ERR,ERR,ERR,ERR,ERR,ERR,ERR,ERR,ERR,ERR,ERR,ERR,ERR,ERR,ERR,ERR,ERR,ERR,ERR,ERR,ERR,ERR,ERR,ERR,ERR,ERR,ERR,ERR,ERR,ERR,ERR,ERR,ERR,ERR,ERR,ERR,ERR,ERR,ERR,ERR,ERR,ERR,ERR,ERR,ERR,ERR,ERR,ERR,ERR,ERR,ERR,ERR,ERR,ERR,ERR,ERR,ERR,ERR,ERR,ERR,ERR,ERR,ERR,ERR,ERR,ERR,ERR,ERR,ERR,ERR,ERR,ERR,ERR,ERR,ERR,ERR,ERR,ERR,ERR,ERR,ERR,ERR,ERR,ERR,ERR,ERR,ERR,ERR,ERR,ERR,ERR,ERR,ERR,ERR,ERR,ERR,ERR,ERR,ERR,ERR,ERR,ERR,ERR,ERR,ERR,ERR,ERR,ERR,0.0,-107615288.0,-0.0,0.0,0.0,1.3936040501711995e+18,7.805,0.0,0,0,4,0,8422,0.0,45,0.0,0.0,0.0,0.0,0.0,0,0,0,0,0.0,0,0,0,0,0,0,0,0,0,0,0,0,0,0,0,0,0,0,0,0,0,0,0,0,0,0,0,0,0,0,0,0,0,38,14,7,45,65476,0,300,0,0,8,21553,0.0,-107605600.0,0.0,0.0,0.0,0.0,0.0,0.0,0.0,0.0,0.0,0.0,0.0,0.0,0.0,0.0,0.0,0.0,0.0,0.0,0.0,0.0,0.0,-2.004,-0.0,0.0,0.0,0.0,0.0,0.0,5096.0,-0.0,0.0,0.0,-107615288.0,0.0,-0.0,0.0,0.0,0.0,0.0,53,126841110528.0,0.059,0.0,0.0,0.0,0.0,0.0,0.0,0.0,0,0,0,0.0,0.0,0.0,0.0,0.0,0.0,0.0,0.0,0.0,0.0,0.0,0.0,0.0,0.0,0.0,0.0,0,-107875648.0,53,0.0,106,-107614832.0,-107350944.0,ERR,ERR,ERR,ERR,ERR,ERR,ERR,ERR,ERR,ERR,ERR,ERR,ERR,ERR,ERR,ERR,ERR,ERR,ERR,ERR,ERR,ERR,ERR,ERR,ERR,ERR,ERR,ERR,ERR,ERR,ERR,ERR,ERR,ERR,ERR,ERR,ERR,ERR,ERR,ERR,ERR,ERR,ERR,ERR,ERR,ERR,ERR,ERR,ERR,ERR,ERR,ERR,ERR,ERR,ERR,ERR,ERR,ERR,ERR,ERR,ERR,ERR,ERR,ERR,ERR,ERR,ERR,50.0,60.0,100,0.0,0.0,0.0,0.0,0.0,0.0,0.0,0.0,0.0,0.0,0.0,0.0,0.0,0.0,0.0,0.0,61.6,65,20,65521,50,65476,0,300,0,0,8,20529,65476,0,0,26214,60.0,0.0,0.0,0.0,0.0,0.0
2026-05-17T16:28:23,ERR,ERR,ERR,ERR,ERR,ERR,ERR,ERR,ERR,ERR,ERR,ERR,ERR,ERR,ERR,ERR,ERR,ERR,ERR,ERR,ERR,ERR,ERR,ERR,ERR,ERR,ERR,ERR,ERR,ERR,ERR,ERR,ERR,ERR,ERR,ERR,ERR,ERR,ERR,ERR,ERR,ERR,ERR,ERR,ERR,ERR,ERR,ERR,ERR,ERR,ERR,ERR,ERR,ERR,ERR,ERR,ERR,ERR,ERR,ERR,ERR,ERR,ERR,ERR,ERR,ERR,ERR,ERR,ERR,ERR,ERR,ERR,ERR,ERR,ERR,ERR,ERR,ERR,ERR,ERR,ERR,ERR,ERR,ERR,ERR,ERR,ERR,ERR,ERR,ERR,ERR,ERR,ERR,ERR,ERR,ERR,ERR,ERR,ERR,ERR,ERR,ERR,ERR,ERR,ERR,ERR,ERR,ERR,ERR,ERR,ERR,ERR,ERR,ERR,ERR,ERR,ERR,ERR,ERR,ERR,ERR,ERR,ERR,ERR,ERR,0.0,-107615288.0,-0.0,0.0,0.0,1.3936040501711995e+18,7.805,0.0,0,0,4,0,8422,0.0,45,0.0,0.0,0.0,0.0,0.0,0,0,0,0,0.0,0,0,0,0,0,0,0,0,0,0,0,0,0,0,0,0,0,0,0,0,0,0,0,0,0,0,0,0,0,0,0,0,0,38,14,7,45,65476,0,300,0,0,8,21553,0.0,-107605600.0,0.0,0.0,0.0,0.0,0.0,0.0,0.0,0.0,0.0,0.0,0.0,0.0,0.0,0.0,0.0,0.0,0.0,0.0,0.0,0.0,0.0,-2.004,-0.0,0.0,0.0,0.0,0.0,0.0,5096.0,-0.0,0.0,0.0,-107615288.0,0.0,-0.0,0.0,0.0,0.0,0.0,53,126841110528.0,0.059,0.0,0.0,0.0,0.0,0.0,0.0,0.0,0,0,0,0.0,0.0,0.0,0.0,0.0,0.0,0.0,0.0,0.0,0.0,0.0,0.0,0.0,0.0,0.0,0.0,0,-107875648.0,53,0.0,106,-107614832.0,-107350944.0,ERR,ERR,ERR,ERR,ERR,ERR,ERR,ERR,ERR,ERR,ERR,ERR,ERR,ERR,ERR,ERR,ERR,ERR,ERR,ERR,ERR,ERR,ERR,ERR,ERR,ERR,ERR,ERR,ERR,ERR,ERR,ERR,ERR,ERR,ERR,ERR,ERR,ERR,ERR,ERR,ERR,ERR,ERR,ERR,ERR,ERR,ERR,ERR,ERR,ERR,ERR,ERR,ERR,ERR,ERR,ERR,ERR,ERR,ERR,ERR,ERR,ERR,ERR,ERR,ERR,ERR,ERR,50.0,60.0,100,0.0,0.0,0.0,0.0,0.0,0.0,0.0,0.0,0.0,0.0,0.0,0.0,0.0,0.0,0.0,0.0,61.6,65,20,65521,50,65476,0,300,0,0,8,20529,65476,0,0,26214,60.0,0.0,0.0,0.0,0.0,0.0
2026-05-17T16:28:24,ERR,ERR,ERR,ERR,ERR,ERR,ERR,ERR,ERR,ERR,ERR,ERR,ERR,ERR,ERR,ERR,ERR,ERR,ERR,ERR,ERR,ERR,ERR,ERR,ERR,ERR,ERR,ERR,ERR,ERR,ERR,ERR,ERR,ERR,ERR,ERR,ERR,ERR,ERR,ERR,ERR,ERR,ERR,ERR,ERR,ERR,ERR,ERR,ERR,ERR,ERR,ERR,ERR,ERR,ERR,ERR,ERR,ERR,ERR,ERR,ERR,ERR,ERR,ERR,ERR,ERR,ERR,ERR,ERR,ERR,ERR,ERR,ERR,ERR,ERR,ERR,ERR,ERR,ERR,ERR,ERR,ERR,ERR,ERR,ERR,ERR,ERR,ERR,ERR,ERR,ERR,ERR,ERR,ERR,ERR,ERR,ERR,ERR,ERR,ERR,ERR,ERR,ERR,ERR,ERR,ERR,ERR,ERR,ERR,ERR,ERR,ERR,ERR,ERR,ERR,ERR,ERR,ERR,ERR,ERR,ERR,ERR,ERR,ERR,ERR,0.0,-107615288.0,-0.0,0.0,0.0,1.3936040501711995e+18,7.805,0.0,0,0,4,0,8422,0.0,45,0.0,0.0,0.0,0.0,0.0,0,0,0,0,0.0,0,0,0,0,0,0,0,0,0,0,0,0,0,0,0,0,0,0,0,0,0,0,0,0,0,0,0,0,0,0,0,0,0,38,14,7,45,65476,0,300,0,0,8,21553,0.0,-107605600.0,0.0,0.0,0.0,0.0,0.0,0.0,0.0,0.0,0.0,0.0,0.0,0.0,0.0,0.0,0.0,0.0,0.0,0.0,0.0,0.0,0.0,-2.004,-0.0,0.0,0.0,0.0,0.0,0.0,5096.0,-0.0,0.0,0.0,-107615288.0,0.0,-0.0,0.0,0.0,0.0,0.0,53,126841110528.0,0.059,0.0,0.0,0.0,0.0,0.0,0.0,0.0,0,0,0,0.0,0.0,0.0,0.0,0.0,0.0,0.0,0.0,0.0,0.0,0.0,0.0,0.0,0.0,0.0,0.0,0,-107875648.0,53,0.0,106,-107614832.0,-107350944.0,ERR,ERR,ERR,ERR,ERR,ERR,ERR,ERR,ERR,ERR,ERR,ERR,ERR,ERR,ERR,ERR,ERR,ERR,ERR,ERR,ERR,ERR,ERR,ERR,ERR,ERR,ERR,ERR,ERR,ERR,ERR,ERR,ERR,ERR,ERR,ERR,ERR,ERR,ERR,ERR,ERR,ERR,ERR,ERR,ERR,ERR,ERR,ERR,ERR,ERR,ERR,ERR,ERR,ERR,ERR,ERR,ERR,ERR,ERR,ERR,ERR,ERR,ERR,ERR,ERR,ERR,ERR,50.0,60.0,100,0.0,0.0,0.0,0.0,0.0,0.0,0.0,0.0,0.0,0.0,0.0,0.0,0.0,0.0,0.0,0.0,61.6,65,20,65521,50,65476,0,300,0,0,8,20529,65476,0,0,26214,60.0,0.0,0.0,0.0,0.0,0.0
2026-05-17T16:28:25,ERR,ERR,ERR,ERR,ERR,ERR,ERR,ERR,ERR,ERR,ERR,ERR,ERR,ERR,ERR,ERR,ERR,ERR,ERR,ERR,ERR,ERR,ERR,ERR,ERR,ERR,ERR,ERR,ERR,ERR,ERR,ERR,ERR,ERR,ERR,ERR,ERR,ERR,ERR,ERR,ERR,ERR,ERR,ERR,ERR,ERR,ERR,ERR,ERR,ERR,ERR,ERR,ERR,ERR,ERR,ERR,ERR,ERR,ERR,ERR,ERR,ERR,ERR,ERR,ERR,ERR,ERR,ERR,ERR,ERR,ERR,ERR,ERR,ERR,ERR,ERR,ERR,ERR,ERR,ERR,ERR,ERR,ERR,ERR,ERR,ERR,ERR,ERR,ERR,ERR,ERR,ERR,ERR,ERR,ERR,ERR,ERR,ERR,ERR,ERR,ERR,ERR,ERR,ERR,ERR,ERR,ERR,ERR,ERR,ERR,ERR,ERR,ERR,ERR,ERR,ERR,ERR,ERR,ERR,ERR,ERR,ERR,ERR,ERR,ERR,0.0,-107615288.0,-0.0,0.0,0.0,1.3936040501711995e+18,7.805,0.0,0,0,4,0,8422,0.0,45,0.0,0.0,0.0,0.0,0.0,0,0,0,0,0.0,0,0,0,0,0,0,0,0,0,0,0,0,0,0,0,0,0,0,0,0,0,0,0,0,0,0,0,0,0,0,0,0,0,38,14,7,45,65476,0,300,0,0,8,21553,0.0,-107605600.0,0.0,0.0,0.0,0.0,0.0,0.0,0.0,0.0,0.0,0.0,0.0,0.0,0.0,0.0,0.0,0.0,0.0,0.0,0.0,0.0,0.0,-2.004,-0.0,0.0,0.0,0.0,0.0,0.0,5101.0,0.0,0.0,0.0,-107615288.0,0.0,-0.0,0.0,0.0,0.0,0.0,53,126841110528.0,-0.0,0.0,0.0,0.0,0.0,0.0,0.0,0.0,0,0,0,0.0,0.0,0.0,0.0,0.0,0.0,0.0,0.0,0.0,0.0,0.0,0.0,0.0,0.0,0.0,0.0,0,-107875648.0,53,0.0,106,-107614832.0,-107350944.0,ERR,ERR,ERR,ERR,ERR,ERR,ERR,ERR,ERR,ERR,ERR,ERR,ERR,ERR,ERR,ERR,ERR,ERR,ERR,ERR,ERR,ERR,ERR,ERR,ERR,ERR,ERR,ERR,ERR,ERR,ERR,ERR,ERR,ERR,ERR,ERR,ERR,ERR,ERR,ERR,ERR,ERR,ERR,ERR,ERR,ERR,ERR,ERR,ERR,ERR,ERR,ERR,ERR,ERR,ERR,ERR,ERR,ERR,ERR,ERR,ERR,ERR,ERR,ERR,ERR,ERR,ERR,50.0,60.0,100,0.0,0.0,0.0,0.0,0.0,0.0,0.0,0.0,0.0,0.0,0.0,0.0,0.0,0.0,0.0,0.0,61.6,65,20,65521,50,65476,0,300,0,0,8,20529,65476,0,0,26214,60.0,0.0,0.0,0.0,0.0,0.0
2026-05-17T16:28:26,ERR,ERR,ERR,ERR,ERR,ERR,ERR,ERR,ERR,ERR,ERR,ERR,ERR,ERR,ERR,ERR,ERR,ERR,ERR,ERR,ERR,ERR,ERR,ERR,ERR,ERR,ERR,ERR,ERR,ERR,ERR,ERR,ERR,ERR,ERR,ERR,ERR,ERR,ERR,ERR,ERR,ERR,ERR,ERR,ERR,ERR,ERR,ERR,ERR,ERR,ERR,ERR,ERR,ERR,ERR,ERR,ERR,ERR,ERR,ERR,ERR,ERR,ERR,ERR,ERR,ERR,ERR,ERR,ERR,ERR,ERR,ERR,ERR,ERR,ERR,ERR,ERR,ERR,ERR,ERR,ERR,ERR,ERR,ERR,ERR,ERR,ERR,ERR,ERR,ERR,ERR,ERR,ERR,ERR,ERR,ERR,ERR,ERR,ERR,ERR,ERR,ERR,ERR,ERR,ERR,ERR,ERR,ERR,ERR,ERR,ERR,ERR,ERR,ERR,ERR,ERR,ERR,ERR,ERR,ERR,ERR,ERR,ERR,ERR,ERR,0.0,-107615288.0,-0.0,0.0,0.0,1.3936040501711995e+18,7.805,0.0,0,0,4,0,8422,0.0,45,0.0,0.0,0.0,0.0,0.0,0,0,0,0,0.0,0,0,0,0,0,0,0,0,0,0,0,0,0,0,0,0,0,0,0,0,0,0,0,0,0,0,0,0,0,0,0,0,0,38,14,7,45,65476,0,300,0,0,8,21553,0.0,-107605600.0,0.0,0.0,0.0,0.0,0.0,0.0,0.0,0.0,0.0,0.0,0.0,0.0,0.0,0.0,0.0,0.0,0.0,0.0,0.0,0.0,0.0,-2.004,-0.0,0.0,0.0,0.0,0.0,0.0,5101.0,0.0,0.0,0.0,-107615288.0,0.0,-0.0,0.0,0.0,0.0,0.0,53,126841110528.0,-0.0,0.0,0.0,0.0,0.0,0.0,0.0,0.0,0,0,0,0.0,0.0,0.0,0.0,0.0,0.0,0.0,0.0,0.0,0.0,0.0,0.0,0.0,0.0,0.0,0.0,0,-107875648.0,53,0.0,106,-107614832.0,-107350944.0,ERR,ERR,ERR,ERR,ERR,ERR,ERR,ERR,ERR,ERR,ERR,ERR,ERR,ERR,ERR,ERR,ERR,ERR,ERR,ERR,ERR,ERR,ERR,ERR,ERR,ERR,ERR,ERR,ERR,ERR,ERR,ERR,ERR,ERR,ERR,ERR,ERR,ERR,ERR,ERR,ERR,ERR,ERR,ERR,ERR,ERR,ERR,ERR,ERR,ERR,ERR,ERR,ERR,ERR,ERR,ERR,ERR,ERR,ERR,ERR,ERR,ERR,ERR,ERR,ERR,ERR,ERR,50.0,60.0,100,0.0,0.0,0.0,0.0,0.0,0.0,0.0,0.0,0.0,0.0,0.0,0.0,0.0,0.0,0.0,0.0,61.6,65,20,65521,50,65476,0,300,0,0,8,20529,65476,0,0,26214,60.0,0.0,0.0,0.0,0.0,0.0
2026-05-17T16:28:27,ERR,ERR,ERR,ERR,ERR,ERR,ERR,ERR,ERR,ERR,ERR,ERR,ERR,ERR,ERR,ERR,ERR,ERR,ERR,ERR,ERR,ERR,ERR,ERR,ERR,ERR,ERR,ERR,ERR,ERR,ERR,ERR,ERR,ERR,ERR,ERR,ERR,ERR,ERR,ERR,ERR,ERR,ERR,ERR,ERR,ERR,ERR,ERR,ERR,ERR,ERR,ERR,ERR,ERR,ERR,ERR,ERR,ERR,ERR,ERR,ERR,ERR,ERR,ERR,ERR,ERR,ERR,ERR,ERR,ERR,ERR,ERR,ERR,ERR,ERR,ERR,ERR,ERR,ERR,ERR,ERR,ERR,ERR,ERR,ERR,ERR,ERR,ERR,ERR,ERR,ERR,ERR,ERR,ERR,ERR,ERR,ERR,ERR,ERR,ERR,ERR,ERR,ERR,ERR,ERR,ERR,ERR,ERR,ERR,ERR,ERR,ERR,ERR,ERR,ERR,ERR,ERR,ERR,ERR,ERR,ERR,ERR,ERR,ERR,ERR,0.0,-107615288.0,-0.0,0.0,0.0,1.3936040501711995e+18,7.805,0.0,0,0,4,0,8422,0.0,45,0.0,0.0,0.0,0.0,0.0,0,0,0,0,0.0,0,0,0,0,0,0,0,0,0,0,0,0,0,0,0,0,0,0,0,0,0,0,0,0,0,0,0,0,0,0,0,0,0,38,14,7,45,65476,0,300,0,0,8,21553,0.0,-107605600.0,0.0,0.0,0.0,0.0,0.0,0.0,0.0,0.0,0.0,0.0,0.0,0.0,0.0,0.0,0.0,0.0,0.0,0.0,0.0,0.0,0.0,-2.004,-0.0,0.0,0.0,0.0,0.0,0.0,5101.0,0.0,0.0,0.0,-107615288.0,0.0,-0.0,0.0,0.0,0.0,0.0,53,126841110528.0,-0.0,0.0,0.0,0.0,0.0,0.0,0.0,0.0,0,0,0,0.0,0.0,0.0,0.0,0.0,0.0,0.0,0.0,0.0,0.0,0.0,0.0,0.0,0.0,0.0,0.0,0,-107875648.0,53,0.0,106,-107614832.0,-107350944.0,ERR,ERR,ERR,ERR,ERR,ERR,ERR,ERR,ERR,ERR,ERR,ERR,ERR,ERR,ERR,ERR,ERR,ERR,ERR,ERR,ERR,ERR,ERR,ERR,ERR,ERR,ERR,ERR,ERR,ERR,ERR,ERR,ERR,ERR,ERR,ERR,ERR,ERR,ERR,ERR,ERR,ERR,ERR,ERR,ERR,ERR,ERR,ERR,ERR,ERR,ERR,ERR,ERR,ERR,ERR,ERR,ERR,ERR,ERR,ERR,ERR,ERR,ERR,ERR,ERR,ERR,ERR,50.0,60.0,100,0.0,0.0,0.0,0.0,0.0,0.0,0.0,0.0,0.0,0.0,0.0,0.0,0.0,0.0,0.0,0.0,61.6,65,20,65521,50,65476,0,300,0,0,8,20529,65476,0,0,26214,60.0,0.0,0.0,0.0,0.0,0.0
2026-05-17T16:28:28,ERR,ERR,ERR,ERR,ERR,ERR,ERR,ERR,ERR,ERR,ERR,ERR,ERR,ERR,ERR,ERR,ERR,ERR,ERR,ERR,ERR,ERR,ERR,ERR,ERR,ERR,ERR,ERR,ERR,ERR,ERR,ERR,ERR,ERR,ERR,ERR,ERR,ERR,ERR,ERR,ERR,ERR,ERR,ERR,ERR,ERR,ERR,ERR,ERR,ERR,ERR,ERR,ERR,ERR,ERR,ERR,ERR,ERR,ERR,ERR,ERR,ERR,ERR,ERR,ERR,ERR,ERR,ERR,ERR,ERR,ERR,ERR,ERR,ERR,ERR,ERR,ERR,ERR,ERR,ERR,ERR,ERR,ERR,ERR,ERR,ERR,ERR,ERR,ERR,ERR,ERR,ERR,ERR,ERR,ERR,ERR,ERR,ERR,ERR,ERR,ERR,ERR,ERR,ERR,ERR,ERR,ERR,ERR,ERR,ERR,ERR,ERR,ERR,ERR,ERR,ERR,ERR,ERR,ERR,ERR,ERR,ERR,ERR,ERR,ERR,0.0,-107615288.0,-0.0,0.0,0.0,1.3936040501711995e+18,7.805,0.0,0,0,4,0,8422,0.0,45,0.0,0.0,0.0,0.0,0.0,0,0,0,0,0.0,0,0,0,0,0,0,0,0,0,0,0,0,0,0,0,0,0,0,0,0,0,0,0,0,0,0,0,0,0,0,0,0,0,38,14,7,45,65476,0,300,0,0,8,21553,0.0,-107605600.0,0.0,0.0,0.0,0.0,0.0,0.0,0.0,0.0,0.0,0.0,0.0,0.0,0.0,0.0,0.0,0.0,0.0,0.0,0.0,0.0,0.0,-2.004,-0.0,0.0,0.0,0.0,0.0,0.0,5101.0,0.0,0.0,0.0,-107615288.0,0.0,-0.0,0.0,0.0,0.0,0.0,53,126841110528.0,-0.0,0.0,0.0,0.0,0.0,0.0,0.0,0.0,0,0,0,0.0,0.0,0.0,0.0,0.0,0.0,0.0,0.0,0.0,0.0,0.0,0.0,0.0,0.0,0.0,0.0,0,-107875648.0,53,0.0,106,-107614832.0,-107350944.0,ERR,ERR,ERR,ERR,ERR,ERR,ERR,ERR,ERR,ERR,ERR,ERR,ERR,ERR,ERR,ERR,ERR,ERR,ERR,ERR,ERR,ERR,ERR,ERR,ERR,ERR,ERR,ERR,ERR,ERR,ERR,ERR,ERR,ERR,ERR,ERR,ERR,ERR,ERR,ERR,ERR,ERR,ERR,ERR,ERR,ERR,ERR,ERR,ERR,ERR,ERR,ERR,ERR,ERR,ERR,ERR,ERR,ERR,ERR,ERR,ERR,ERR,ERR,ERR,ERR,ERR,ERR,50.0,60.0,100,0.0,0.0,0.0,0.0,0.0,0.0,0.0,0.0,0.0,0.0,0.0,0.0,0.0,0.0,0.0,0.0,61.6,65,20,65521,50,65476,0,300,0,0,8,20529,65476,0,0,26214,60.0,0.0,0.0,0.0,0.0,0.0
2026-05-17T16:28:29,ERR,ERR,ERR,ERR,ERR,ERR,ERR,ERR,ERR,ERR,ERR,ERR,ERR,ERR,ERR,ERR,ERR,ERR,ERR,ERR,ERR,ERR,ERR,ERR,ERR,ERR,ERR,ERR,ERR,ERR,ERR,ERR,ERR,ERR,ERR,ERR,ERR,ERR,ERR,ERR,ERR,ERR,ERR,ERR,ERR,ERR,ERR,ERR,ERR,ERR,ERR,ERR,ERR,ERR,ERR,ERR,ERR,ERR,ERR,ERR,ERR,ERR,ERR,ERR,ERR,ERR,ERR,ERR,ERR,ERR,ERR,ERR,ERR,ERR,ERR,ERR,ERR,ERR,ERR,ERR,ERR,ERR,ERR,ERR,ERR,ERR,ERR,ERR,ERR,ERR,ERR,ERR,ERR,ERR,ERR,ERR,ERR,ERR,ERR,ERR,ERR,ERR,ERR,ERR,ERR,ERR,ERR,ERR,ERR,ERR,ERR,ERR,ERR,ERR,ERR,ERR,ERR,ERR,ERR,ERR,ERR,ERR,ERR,ERR,ERR,0.0,-107615288.0,-0.0,0.0,0.0,1.3936040501711995e+18,7.805,0.0,0,0,4,0,8422,0.0,45,0.0,0.0,0.0,0.0,0.0,0,0,0,0,0.0,0,0,0,0,0,0,0,0,0,0,0,0,0,0,0,0,0,0,0,0,0,0,0,0,0,0,0,0,0,0,0,0,0,38,14,7,45,65476,0,300,0,0,8,21553,0.0,-107605600.0,0.0,0.0,0.0,0.0,0.0,0.0,0.0,0.0,0.0,0.0,0.0,0.0,0.0,0.0,0.0,0.0,0.0,0.0,0.0,0.0,0.0,-2.004,-0.0,0.0,0.0,0.0,0.0,0.0,5101.0,0.0,0.0,0.0,-107615288.0,0.0,-0.0,0.0,0.0,0.0,0.0,53,126841110528.0,-0.0,0.0,0.0,0.0,0.0,0.0,0.0,0.0,0,0,0,0.0,0.0,0.0,0.0,0.0,0.0,0.0,0.0,0.0,0.0,0.0,0.0,0.0,0.0,0.0,0.0,0,-107875648.0,53,0.0,106,-107614832.0,-107350944.0,ERR,ERR,ERR,ERR,ERR,ERR,ERR,ERR,ERR,ERR,ERR,ERR,ERR,ERR,ERR,ERR,ERR,ERR,ERR,ERR,ERR,ERR,ERR,ERR,ERR,ERR,ERR,ERR,ERR,ERR,ERR,ERR,ERR,ERR,ERR,ERR,ERR,ERR,ERR,ERR,ERR,ERR,ERR,ERR,ERR,ERR,ERR,ERR,ERR,ERR,ERR,ERR,ERR,ERR,ERR,ERR,ERR,ERR,ERR,ERR,ERR,ERR,ERR,ERR,ERR,ERR,ERR,50.0,60.0,100,0.0,0.0,0.0,0.0,0.0,0.0,0.0,0.0,0.0,0.0,0.0,0.0,0.0,0.0,0.0,0.0,61.6,65,20,65521,50,65476,0,300,0,0,8,20529,65476,0,0,26214,60.0,0.0,0.0,0.0,0.0,0.0
2026-05-17T16:28:30,ERR,ERR,ERR,ERR,ERR,ERR,ERR,ERR,ERR,ERR,ERR,ERR,ERR,ERR,ERR,ERR,ERR,ERR,ERR,ERR,ERR,ERR,ERR,ERR,ERR,ERR,ERR,ERR,ERR,ERR,ERR,ERR,ERR,ERR,ERR,ERR,ERR,ERR,ERR,ERR,ERR,ERR,ERR,ERR,ERR,ERR,ERR,ERR,ERR,ERR,ERR,ERR,ERR,ERR,ERR,ERR,ERR,ERR,ERR,ERR,ERR,ERR,ERR,ERR,ERR,ERR,ERR,ERR,ERR,ERR,ERR,ERR,ERR,ERR,ERR,ERR,ERR,ERR,ERR,ERR,ERR,ERR,ERR,ERR,ERR,ERR,ERR,ERR,ERR,ERR,ERR,ERR,ERR,ERR,ERR,ERR,ERR,ERR,ERR,ERR,ERR,ERR,ERR,ERR,ERR,ERR,ERR,ERR,ERR,ERR,ERR,ERR,ERR,ERR,ERR,ERR,ERR,ERR,ERR,ERR,ERR,ERR,ERR,ERR,ERR,0.0,-107615288.0,-0.0,0.0,0.0,1.3936040501711995e+18,7.805,0.0,0,0,4,0,8422,0.0,45,0.0,0.0,0.0,0.0,0.0,0,0,0,0,0.0,0,0,0,0,0,0,0,0,0,0,0,0,0,0,0,0,0,0,0,0,0,0,0,0,0,0,0,0,0,0,0,0,0,38,14,7,45,65476,0,300,0,0,8,21553,0.0,-107605600.0,0.0,0.0,0.0,0.0,0.0,0.0,0.0,0.0,0.0,0.0,0.0,0.0,0.0,0.0,0.0,0.0,0.0,0.0,0.0,0.0,0.0,-2.004,-0.0,0.0,0.0,0.0,0.0,0.0,5070.0,-0.0,0.0,0.0,-107615288.0,0.0,-0.0,0.0,0.0,0.0,0.0,53,2.7184300208680915e+23,0.0,0.0,0.0,0.0,0.0,0.0,0.0,0.0,0,0,0,0.0,0.0,0.0,0.0,0.0,0.0,0.0,0.0,0.0,0.0,0.0,0.0,0.0,0.0,0.0,0.0,0,-107875648.0,53,0.0,106,-107614832.0,2.7006707062415038e+23,ERR,ERR,ERR,ERR,ERR,ERR,ERR,ERR,ERR,ERR,ERR,ERR,ERR,ERR,ERR,ERR,ERR,ERR,ERR,ERR,ERR,ERR,ERR,ERR,ERR,ERR,ERR,ERR,ERR,ERR,ERR,ERR,ERR,ERR,ERR,ERR,ERR,ERR,ERR,ERR,ERR,ERR,ERR,ERR,ERR,ERR,ERR,ERR,ERR,ERR,ERR,ERR,ERR,ERR,ERR,ERR,ERR,ERR,ERR,ERR,ERR,ERR,ERR,ERR,ERR,ERR,ERR,50.0,60.0,100,0.0,0.0,0.0,0.0,0.0,0.0,0.0,0.0,0.0,0.0,0.0,0.0,0.0,0.0,0.0,0.0,62.0,65,20,65521,50,65476,0,300,0,0,8,20529,65476,0,0,26214,60.0,0.0,0.0,0.0,0.0,0.0
2026-05-17T16:28:31,ERR,ERR,ERR,ERR,ERR,ERR,ERR,ERR,ERR,ERR,ERR,ERR,ERR,ERR,ERR,ERR,ERR,ERR,ERR,ERR,ERR,ERR,ERR,ERR,ERR,ERR,ERR,ERR,ERR,ERR,ERR,ERR,ERR,ERR,ERR,ERR,ERR,ERR,ERR,ERR,ERR,ERR,ERR,ERR,ERR,ERR,ERR,ERR,ERR,ERR,ERR,ERR,ERR,ERR,ERR,ERR,ERR,ERR,ERR,ERR,ERR,ERR,ERR,ERR,ERR,ERR,ERR,ERR,ERR,ERR,ERR,ERR,ERR,ERR,ERR,ERR,ERR,ERR,ERR,ERR,ERR,ERR,ERR,ERR,ERR,ERR,ERR,ERR,ERR,ERR,ERR,ERR,ERR,ERR,ERR,ERR,ERR,ERR,ERR,ERR,ERR,ERR,ERR,ERR,ERR,ERR,ERR,ERR,ERR,ERR,ERR,ERR,ERR,ERR,ERR,ERR,ERR,ERR,ERR,ERR,ERR,ERR,ERR,ERR,ERR,0.0,-107615288.0,-0.0,0.0,0.0,1.3936040501711995e+18,7.805,0.0,0,0,4,0,8422,0.0,45,0.0,0.0,0.0,0.0,0.0,0,0,0,0,0.0,0,0,0,0,0,0,0,0,0,0,0,0,0,0,0,0,0,0,0,0,0,0,0,0,0,0,0,0,0,0,0,0,0,38,14,7,45,65476,0,300,0,0,8,21553,0.0,-107605600.0,0.0,0.0,0.0,0.0,0.0,0.0,0.0,0.0,0.0,0.0,0.0,0.0,0.0,0.0,0.0,0.0,0.0,0.0,0.0,0.0,0.0,-2.004,-0.0,0.0,0.0,0.0,0.0,0.0,5070.0,-0.0,0.0,0.0,-107615288.0,0.0,-0.0,0.0,0.0,0.0,0.0,53,2.7184300208680915e+23,0.0,0.0,0.0,0.0,0.0,0.0,0.0,0.0,0,0,0,0.0,0.0,0.0,0.0,0.0,0.0,0.0,0.0,0.0,0.0,0.0,0.0,0.0,0.0,0.0,0.0,0,-107875648.0,53,0.0,106,-107614832.0,2.7006707062415038e+23,ERR,ERR,ERR,ERR,ERR,ERR,ERR,ERR,ERR,ERR,ERR,ERR,ERR,ERR,ERR,ERR,ERR,ERR,ERR,ERR,ERR,ERR,ERR,ERR,ERR,ERR,ERR,ERR,ERR,ERR,ERR,ERR,ERR,ERR,ERR,ERR,ERR,ERR,ERR,ERR,ERR,ERR,ERR,ERR,ERR,ERR,ERR,ERR,ERR,ERR,ERR,ERR,ERR,ERR,ERR,ERR,ERR,ERR,ERR,ERR,ERR,ERR,ERR,ERR,ERR,ERR,ERR,50.0,60.0,100,0.0,0.0,0.0,0.0,0.0,0.0,0.0,0.0,0.0,0.0,0.0,0.0,0.0,0.0,0.0,0.0,62.0,65,20,65521,50,65476,0,300,0,0,8,20529,65476,0,0,26214,60.0,0.0,0.0,0.0,0.0,0.0
2026-05-17T16:28:32,ERR,ERR,ERR,ERR,ERR,ERR,ERR,ERR,ERR,ERR,ERR,ERR,ERR,ERR,ERR,ERR,ERR,ERR,ERR,ERR,ERR,ERR,ERR,ERR,ERR,ERR,ERR,ERR,ERR,ERR,ERR,ERR,ERR,ERR,ERR,ERR,ERR,ERR,ERR,ERR,ERR,ERR,ERR,ERR,ERR,ERR,ERR,ERR,ERR,ERR,ERR,ERR,ERR,ERR,ERR,ERR,ERR,ERR,ERR,ERR,ERR,ERR,ERR,ERR,ERR,ERR,ERR,ERR,ERR,ERR,ERR,ERR,ERR,ERR,ERR,ERR,ERR,ERR,ERR,ERR,ERR,ERR,ERR,ERR,ERR,ERR,ERR,ERR,ERR,ERR,ERR,ERR,ERR,ERR,ERR,ERR,ERR,ERR,ERR,ERR,ERR,ERR,ERR,ERR,ERR,ERR,ERR,ERR,ERR,ERR,ERR,ERR,ERR,ERR,ERR,ERR,ERR,ERR,ERR,ERR,ERR,ERR,ERR,ERR,ERR,0.0,-107615288.0,-0.0,0.0,0.0,1.3936040501711995e+18,7.805,0.0,0,0,4,0,8422,0.0,45,0.0,0.0,0.0,0.0,0.0,0,0,0,0,0.0,0,0,0,0,0,0,0,0,0,0,0,0,0,0,0,0,0,0,0,0,0,0,0,0,0,0,0,0,0,0,0,0,0,38,14,7,45,65476,0,300,0,0,8,21553,0.0,-107605600.0,0.0,0.0,0.0,0.0,0.0,0.0,0.0,0.0,0.0,0.0,0.0,0.0,0.0,0.0,0.0,0.0,0.0,0.0,0.0,0.0,0.0,-2.004,-0.0,0.0,0.0,0.0,0.0,0.0,5070.0,-0.0,0.0,0.0,-107615288.0,0.0,-0.0,0.0,0.0,0.0,0.0,53,2.7184300208680915e+23,0.0,0.0,0.0,0.0,0.0,0.0,0.0,0.0,0,0,0,0.0,0.0,0.0,0.0,0.0,0.0,0.0,0.0,0.0,0.0,0.0,0.0,0.0,0.0,0.0,0.0,0,-107875648.0,53,0.0,106,-107614832.0,2.7006707062415038e+23,ERR,ERR,ERR,ERR,ERR,ERR,ERR,ERR,ERR,ERR,ERR,ERR,ERR,ERR,ERR,ERR,ERR,ERR,ERR,ERR,ERR,ERR,ERR,ERR,ERR,ERR,ERR,ERR,ERR,ERR,ERR,ERR,ERR,ERR,ERR,ERR,ERR,ERR,ERR,ERR,ERR,ERR,ERR,ERR,ERR,ERR,ERR,ERR,ERR,ERR,ERR,ERR,ERR,ERR,ERR,ERR,ERR,ERR,ERR,ERR,ERR,ERR,ERR,ERR,ERR,ERR,ERR,50.0,60.0,100,0.0,0.0,0.0,0.0,0.0,0.0,0.0,0.0,0.0,0.0,0.0,0.0,0.0,0.0,0.0,0.0,61.6,65,20,65521,50,65476,0,300,0,0,8,20529,65476,0,0,26214,60.0,0.0,0.0,0.0,0.0,0.0
2026-05-17T16:28:33,ERR,ERR,ERR,ERR,ERR,ERR,ERR,ERR,ERR,ERR,ERR,ERR,ERR,ERR,ERR,ERR,ERR,ERR,ERR,ERR,ERR,ERR,ERR,ERR,ERR,ERR,ERR,ERR,ERR,ERR,ERR,ERR,ERR,ERR,ERR,ERR,ERR,ERR,ERR,ERR,ERR,ERR,ERR,ERR,ERR,ERR,ERR,ERR,ERR,ERR,ERR,ERR,ERR,ERR,ERR,ERR,ERR,ERR,ERR,ERR,ERR,ERR,ERR,ERR,ERR,ERR,ERR,ERR,ERR,ERR,ERR,ERR,ERR,ERR,ERR,ERR,ERR,ERR,ERR,ERR,ERR,ERR,ERR,ERR,ERR,ERR,ERR,ERR,ERR,ERR,ERR,ERR,ERR,ERR,ERR,ERR,ERR,ERR,ERR,ERR,ERR,ERR,ERR,ERR,ERR,ERR,ERR,ERR,ERR,ERR,ERR,ERR,ERR,ERR,ERR,ERR,ERR,ERR,ERR,ERR,ERR,ERR,ERR,ERR,ERR,0.0,-107615288.0,-0.0,0.0,0.0,1.3936040501711995e+18,7.805,0.0,0,0,4,0,8422,0.0,45,0.0,0.0,0.0,0.0,0.0,0,0,0,0,0.0,0,0,0,0,0,0,0,0,0,0,0,0,0,0,0,0,0,0,0,0,0,0,0,0,0,0,0,0,0,0,0,0,0,38,14,7,45,65476,0,300,0,0,8,21553,0.0,-107605600.0,0.0,0.0,0.0,0.0,0.0,0.0,0.0,0.0,0.0,0.0,0.0,0.0,0.0,0.0,0.0,0.0,0.0,0.0,0.0,0.0,0.0,-2.004,-0.0,0.0,0.0,0.0,0.0,0.0,5070.0,-0.0,0.0,0.0,-107615288.0,0.0,-0.0,0.0,0.0,0.0,0.0,53,2.7184300208680915e+23,0.0,0.0,0.0,0.0,0.0,0.0,0.0,0.0,0,0,0,0.0,0.0,0.0,0.0,0.0,0.0,0.0,0.0,0.0,0.0,0.0,0.0,0.0,0.0,0.0,0.0,0,-107875648.0,53,0.0,106,-107614832.0,2.7006707062415038e+23,ERR,ERR,ERR,ERR,ERR,ERR,ERR,ERR,ERR,ERR,ERR,ERR,ERR,ERR,ERR,ERR,ERR,ERR,ERR,ERR,ERR,ERR,ERR,ERR,ERR,ERR,ERR,ERR,ERR,ERR,ERR,ERR,ERR,ERR,ERR,ERR,ERR,ERR,ERR,ERR,ERR,ERR,ERR,ERR,ERR,ERR,ERR,ERR,ERR,ERR,ERR,ERR,ERR,ERR,ERR,ERR,ERR,ERR,ERR,ERR,ERR,ERR,ERR,ERR,ERR,ERR,ERR,50.0,60.0,100,0.0,0.0,0.0,0.0,0.0,0.0,0.0,0.0,0.0,0.0,0.0,0.0,0.0,0.0,0.0,0.0,61.6,65,20,65521,50,65476,0,300,0,0,8,20529,65476,0,0,26214,60.0,0.0,0.0,0.0,0.0,0.0
2026-05-17T16:28:34,ERR,ERR,ERR,ERR,ERR,ERR,ERR,ERR,ERR,ERR,ERR,ERR,ERR,ERR,ERR,ERR,ERR,ERR,ERR,ERR,ERR,ERR,ERR,ERR,ERR,ERR,ERR,ERR,ERR,ERR,ERR,ERR,ERR,ERR,ERR,ERR,ERR,ERR,ERR,ERR,ERR,ERR,ERR,ERR,ERR,ERR,ERR,ERR,ERR,ERR,ERR,ERR,ERR,ERR,ERR,ERR,ERR,ERR,ERR,ERR,ERR,ERR,ERR,ERR,ERR,ERR,ERR,ERR,ERR,ERR,ERR,ERR,ERR,ERR,ERR,ERR,ERR,ERR,ERR,ERR,ERR,ERR,ERR,ERR,ERR,ERR,ERR,ERR,ERR,ERR,ERR,ERR,ERR,ERR,ERR,ERR,ERR,ERR,ERR,ERR,ERR,ERR,ERR,ERR,ERR,ERR,ERR,ERR,ERR,ERR,ERR,ERR,ERR,ERR,ERR,ERR,ERR,ERR,ERR,ERR,ERR,ERR,ERR,ERR,ERR,0.0,-107615288.0,-0.0,0.0,0.0,1.3936040501711995e+18,7.805,0.0,0,0,4,0,8422,0.0,45,0.0,0.0,0.0,0.0,0.0,0,0,0,0,0.0,0,0,0,0,0,0,0,0,0,0,0,0,0,0,0,0,0,0,0,0,0,0,0,0,0,0,0,0,0,0,0,0,0,38,14,7,45,65476,0,300,0,0,8,21553,0.0,-107605600.0,0.0,0.0,0.0,0.0,0.0,0.0,0.0,0.0,0.0,0.0,0.0,0.0,0.0,0.0,0.0,0.0,0.0,0.0,0.0,0.0,0.0,-2.004,-0.0,0.0,0.0,0.0,0.0,0.0,5070.0,-0.0,0.0,0.0,-107615288.0,0.0,-0.0,0.0,0.0,0.0,0.0,53,2.7184300208680915e+23,0.0,0.0,0.0,0.0,0.0,0.0,0.0,0.0,0,0,0,0.0,0.0,0.0,0.0,0.0,0.0,0.0,0.0,0.0,0.0,0.0,0.0,0.0,0.0,0.0,0.0,0,-107875648.0,53,0.0,106,-107614832.0,2.7006707062415038e+23,ERR,ERR,ERR,ERR,ERR,ERR,ERR,ERR,ERR,ERR,ERR,ERR,ERR,ERR,ERR,ERR,ERR,ERR,ERR,ERR,ERR,ERR,ERR,ERR,ERR,ERR,ERR,ERR,ERR,ERR,ERR,ERR,ERR,ERR,ERR,ERR,ERR,ERR,ERR,ERR,ERR,ERR,ERR,ERR,ERR,ERR,ERR,ERR,ERR,ERR,ERR,ERR,ERR,ERR,ERR,ERR,ERR,ERR,ERR,ERR,ERR,ERR,ERR,ERR,ERR,ERR,ERR,50.0,60.0,100,0.0,0.0,0.0,0.0,0.0,0.0,0.0,0.0,0.0,0.0,0.0,0.0,0.0,0.0,0.0,0.0,61.6,65,20,65521,50,65476,0,300,0,0,8,20529,65476,0,0,26214,60.0,0.0,0.0,0.0,0.0,0.0
2026-05-17T16:28:35,ERR,ERR,ERR,ERR,ERR,ERR,ERR,ERR,ERR,ERR,ERR,ERR,ERR,ERR,ERR,ERR,ERR,ERR,ERR,ERR,ERR,ERR,ERR,ERR,ERR,ERR,ERR,ERR,ERR,ERR,ERR,ERR,ERR,ERR,ERR,ERR,ERR,ERR,ERR,ERR,ERR,ERR,ERR,ERR,ERR,ERR,ERR,ERR,ERR,ERR,ERR,ERR,ERR,ERR,ERR,ERR,ERR,ERR,ERR,ERR,ERR,ERR,ERR,ERR,ERR,ERR,ERR,ERR,ERR,ERR,ERR,ERR,ERR,ERR,ERR,ERR,ERR,ERR,ERR,ERR,ERR,ERR,ERR,ERR,ERR,ERR,ERR,ERR,ERR,ERR,ERR,ERR,ERR,ERR,ERR,ERR,ERR,ERR,ERR,ERR,ERR,ERR,ERR,ERR,ERR,ERR,ERR,ERR,ERR,ERR,ERR,ERR,ERR,ERR,ERR,ERR,ERR,ERR,ERR,ERR,ERR,ERR,ERR,ERR,ERR,0.0,-107615288.0,-0.0,0.0,0.0,1.3936040501711995e+18,7.805,0.0,0,0,4,0,8422,0.0,45,0.0,0.0,0.0,0.0,0.0,0,0,0,0,0.0,0,0,0,0,0,0,0,0,0,0,0,0,0,0,0,0,0,0,0,0,0,0,0,0,0,0,0,0,0,0,0,0,0,38,14,7,45,65476,0,300,0,0,8,21553,0.0,-107605600.0,0.0,0.0,0.0,0.0,0.0,0.0,0.0,0.0,0.0,0.0,0.0,0.0,0.0,0.0,0.0,0.0,0.0,0.0,0.0,0.0,0.0,-2.004,-0.0,0.0,0.0,0.0,0.0,0.0,5041.0,-0.0,0.0,0.0,-107615288.0,0.0,-0.0,0.0,0.0,0.0,0.0,53,4.950428597886765e+32,-152017297211392.0,0.0,0.0,0.0,0.0,0.0,0.0,0.0,0,0,0,0.0,0.0,0.0,0.0,0.0,0.0,0.0,0.0,0.0,0.0,0.0,0.0,0.0,0.0,0.0,0.0,0,-107875648.0,53,0.0,106,-107614832.0,-107350944.0,ERR,ERR,ERR,ERR,ERR,ERR,ERR,ERR,ERR,ERR,ERR,ERR,ERR,ERR,ERR,ERR,ERR,ERR,ERR,ERR,ERR,ERR,ERR,ERR,ERR,ERR,ERR,ERR,ERR,ERR,ERR,ERR,ERR,ERR,ERR,ERR,ERR,ERR,ERR,ERR,ERR,ERR,ERR,ERR,ERR,ERR,ERR,ERR,ERR,ERR,ERR,ERR,ERR,ERR,ERR,ERR,ERR,ERR,ERR,ERR,ERR,ERR,ERR,ERR,ERR,ERR,ERR,50.0,60.0,100,0.0,0.0,0.0,0.0,0.0,0.0,0.0,0.0,0.0,0.0,0.0,0.0,0.0,0.0,0.0,0.0,61.6,65,20,65521,50,65476,0,300,0,0,8,20529,65476,0,0,26214,60.0,0.0,0.0,0.0,0.0,0.0
2026-05-17T16:28:36,ERR,ERR,ERR,ERR,ERR,ERR,ERR,ERR,ERR,ERR,ERR,ERR,ERR,ERR,ERR,ERR,ERR,ERR,ERR,ERR,ERR,ERR,ERR,ERR,ERR,ERR,ERR,ERR,ERR,ERR,ERR,ERR,ERR,ERR,ERR,ERR,ERR,ERR,ERR,ERR,ERR,ERR,ERR,ERR,ERR,ERR,ERR,ERR,ERR,ERR,ERR,ERR,ERR,ERR,ERR,ERR,ERR,ERR,ERR,ERR,ERR,ERR,ERR,ERR,ERR,ERR,ERR,ERR,ERR,ERR,ERR,ERR,ERR,ERR,ERR,ERR,ERR,ERR,ERR,ERR,ERR,ERR,ERR,ERR,ERR,ERR,ERR,ERR,ERR,ERR,ERR,ERR,ERR,ERR,ERR,ERR,ERR,ERR,ERR,ERR,ERR,ERR,ERR,ERR,ERR,ERR,ERR,ERR,ERR,ERR,ERR,ERR,ERR,ERR,ERR,ERR,ERR,ERR,ERR,ERR,ERR,ERR,ERR,ERR,ERR,0.0,-107615288.0,-0.0,0.0,0.0,1.3936040501711995e+18,7.805,0.0,0,0,4,0,8422,0.0,45,0.0,0.0,0.0,0.0,0.0,0,0,0,0,0.0,0,0,0,0,0,0,0,0,0,0,0,0,0,0,0,0,0,0,0,0,0,0,0,0,0,0,0,0,0,0,0,0,0,38,14,7,45,65476,0,300,0,0,8,21553,0.0,-107605600.0,0.0,0.0,0.0,0.0,0.0,0.0,0.0,0.0,0.0,0.0,0.0,0.0,0.0,0.0,0.0,0.0,0.0,0.0,0.0,0.0,0.0,-2.004,-0.0,0.0,0.0,0.0,0.0,0.0,5041.0,-0.0,0.0,0.0,-107615288.0,0.0,-0.0,0.0,0.0,0.0,0.0,53,4.950428597886765e+32,-152017297211392.0,0.0,0.0,0.0,0.0,0.0,0.0,0.0,0,0,0,0.0,0.0,0.0,0.0,0.0,0.0,0.0,0.0,0.0,0.0,0.0,0.0,0.0,0.0,0.0,0.0,0,-107875648.0,53,0.0,106,-107614832.0,-107350944.0,ERR,ERR,ERR,ERR,ERR,ERR,ERR,ERR,ERR,ERR,ERR,ERR,ERR,ERR,ERR,ERR,ERR,ERR,ERR,ERR,ERR,ERR,ERR,ERR,ERR,ERR,ERR,ERR,ERR,ERR,ERR,ERR,ERR,ERR,ERR,ERR,ERR,ERR,ERR,ERR,ERR,ERR,ERR,ERR,ERR,ERR,ERR,ERR,ERR,ERR,ERR,ERR,ERR,ERR,ERR,ERR,ERR,ERR,ERR,ERR,ERR,ERR,ERR,ERR,ERR,ERR,ERR,50.0,60.0,100,0.0,0.0,0.0,0.0,0.0,0.0,0.0,0.0,0.0,0.0,0.0,0.0,0.0,0.0,0.0,0.0,61.6,65,20,65521,50,65476,0,300,0,0,8,20529,65476,0,0,26214,60.0,0.0,0.0,0.0,0.0,0.0
2026-05-17T16:28:37,ERR,ERR,ERR,ERR,ERR,ERR,ERR,ERR,ERR,ERR,ERR,ERR,ERR,ERR,ERR,ERR,ERR,ERR,ERR,ERR,ERR,ERR,ERR,ERR,ERR,ERR,ERR,ERR,ERR,ERR,ERR,ERR,ERR,ERR,ERR,ERR,ERR,ERR,ERR,ERR,ERR,ERR,ERR,ERR,ERR,ERR,ERR,ERR,ERR,ERR,ERR,ERR,ERR,ERR,ERR,ERR,ERR,ERR,ERR,ERR,ERR,ERR,ERR,ERR,ERR,ERR,ERR,ERR,ERR,ERR,ERR,ERR,ERR,ERR,ERR,ERR,ERR,ERR,ERR,ERR,ERR,ERR,ERR,ERR,ERR,ERR,ERR,ERR,ERR,ERR,ERR,ERR,ERR,ERR,ERR,ERR,ERR,ERR,ERR,ERR,ERR,ERR,ERR,ERR,ERR,ERR,ERR,ERR,ERR,ERR,ERR,ERR,ERR,ERR,ERR,ERR,ERR,ERR,ERR,ERR,ERR,ERR,ERR,ERR,ERR,0.0,-107615288.0,-0.0,0.0,0.0,1.3936040501711995e+18,7.805,0.0,0,0,4,0,8422,0.0,45,0.0,0.0,0.0,0.0,0.0,0,0,0,0,0.0,0,0,0,0,0,0,0,0,0,0,0,0,0,0,0,0,0,0,0,0,0,0,0,0,0,0,0,0,0,0,0,0,0,38,14,7,45,65476,0,300,0,0,8,21553,0.0,-107605600.0,0.0,0.0,0.0,0.0,0.0,0.0,0.0,0.0,0.0,0.0,0.0,0.0,0.0,0.0,0.0,0.0,0.0,0.0,0.0,0.0,0.0,-2.004,-0.0,0.0,0.0,0.0,0.0,0.0,5041.0,-0.0,0.0,0.0,-107615288.0,0.0,-0.0,0.0,0.0,0.0,0.0,53,4.950428597886765e+32,-152017297211392.0,0.0,0.0,0.0,0.0,0.0,0.0,0.0,0,0,0,0.0,0.0,0.0,0.0,0.0,0.0,0.0,0.0,0.0,0.0,0.0,0.0,0.0,0.0,0.0,0.0,0,-107875648.0,53,0.0,106,-107614832.0,-107350944.0,ERR,ERR,ERR,ERR,ERR,ERR,ERR,ERR,ERR,ERR,ERR,ERR,ERR,ERR,ERR,ERR,ERR,ERR,ERR,ERR,ERR,ERR,ERR,ERR,ERR,ERR,ERR,ERR,ERR,ERR,ERR,ERR,ERR,ERR,ERR,ERR,ERR,ERR,ERR,ERR,ERR,ERR,ERR,ERR,ERR,ERR,ERR,ERR,ERR,ERR,ERR,ERR,ERR,ERR,ERR,ERR,ERR,ERR,ERR,ERR,ERR,ERR,ERR,ERR,ERR,ERR,ERR,50.0,60.0,100,0.0,0.0,0.0,0.0,0.0,0.0,0.0,0.0,0.0,0.0,0.0,0.0,0.0,0.0,0.0,0.0,62.0,65,20,65521,50,65476,0,300,0,0,8,20529,65476,0,0,26214,60.0,0.0,0.0,0.0,0.0,0.0
2026-05-17T16:28:38,ERR,ERR,ERR,ERR,ERR,ERR,ERR,ERR,ERR,ERR,ERR,ERR,ERR,ERR,ERR,ERR,ERR,ERR,ERR,ERR,ERR,ERR,ERR,ERR,ERR,ERR,ERR,ERR,ERR,ERR,ERR,ERR,ERR,ERR,ERR,ERR,ERR,ERR,ERR,ERR,ERR,ERR,ERR,ERR,ERR,ERR,ERR,ERR,ERR,ERR,ERR,ERR,ERR,ERR,ERR,ERR,ERR,ERR,ERR,ERR,ERR,ERR,ERR,ERR,ERR,ERR,ERR,ERR,ERR,ERR,ERR,ERR,ERR,ERR,ERR,ERR,ERR,ERR,ERR,ERR,ERR,ERR,ERR,ERR,ERR,ERR,ERR,ERR,ERR,ERR,ERR,ERR,ERR,ERR,ERR,ERR,ERR,ERR,ERR,ERR,ERR,ERR,ERR,ERR,ERR,ERR,ERR,ERR,ERR,ERR,ERR,ERR,ERR,ERR,ERR,ERR,ERR,ERR,ERR,ERR,ERR,ERR,ERR,ERR,ERR,0.0,-107615288.0,-0.0,0.0,0.0,1.3936040501711995e+18,7.805,0.0,0,0,4,0,8422,0.0,45,0.0,0.0,0.0,0.0,0.0,0,0,0,0,0.0,0,0,0,0,0,0,0,0,0,0,0,0,0,0,0,0,0,0,0,0,0,0,0,0,0,0,0,0,0,0,0,0,0,38,14,7,45,65476,0,300,0,0,8,21553,0.0,-107605600.0,0.0,0.0,0.0,0.0,0.0,0.0,0.0,0.0,0.0,0.0,0.0,0.0,0.0,0.0,0.0,0.0,0.0,0.0,0.0,0.0,0.0,-2.004,-0.0,0.0,0.0,0.0,0.0,0.0,5041.0,-0.0,0.0,0.0,-107615288.0,0.0,-0.0,0.0,0.0,0.0,0.0,53,4.950428597886765e+32,-152017297211392.0,0.0,0.0,0.0,0.0,0.0,0.0,0.0,0,0,0,0.0,0.0,0.0,0.0,0.0,0.0,0.0,0.0,0.0,0.0,0.0,0.0,0.0,0.0,0.0,0.0,0,-107875648.0,53,0.0,106,-107614832.0,-107350944.0,ERR,ERR,ERR,ERR,ERR,ERR,ERR,ERR,ERR,ERR,ERR,ERR,ERR,ERR,ERR,ERR,ERR,ERR,ERR,ERR,ERR,ERR,ERR,ERR,ERR,ERR,ERR,ERR,ERR,ERR,ERR,ERR,ERR,ERR,ERR,ERR,ERR,ERR,ERR,ERR,ERR,ERR,ERR,ERR,ERR,ERR,ERR,ERR,ERR,ERR,ERR,ERR,ERR,ERR,ERR,ERR,ERR,ERR,ERR,ERR,ERR,ERR,ERR,ERR,ERR,ERR,ERR,50.0,60.0,100,0.0,0.0,0.0,0.0,0.0,0.0,0.0,0.0,0.0,0.0,0.0,0.0,0.0,0.0,0.0,0.0,62.0,65,20,65521,50,65476,0,300,0,0,8,20529,65476,0,0,26214,60.0,0.0,0.0,0.0,0.0,0.0
2026-05-17T16:28:39,ERR,ERR,ERR,ERR,ERR,ERR,ERR,ERR,ERR,ERR,ERR,ERR,ERR,ERR,ERR,ERR,ERR,ERR,ERR,ERR,ERR,ERR,ERR,ERR,ERR,ERR,ERR,ERR,ERR,ERR,ERR,ERR,ERR,ERR,ERR,ERR,ERR,ERR,ERR,ERR,ERR,ERR,ERR,ERR,ERR,ERR,ERR,ERR,ERR,ERR,ERR,ERR,ERR,ERR,ERR,ERR,ERR,ERR,ERR,ERR,ERR,ERR,ERR,ERR,ERR,ERR,ERR,ERR,ERR,ERR,ERR,ERR,ERR,ERR,ERR,ERR,ERR,ERR,ERR,ERR,ERR,ERR,ERR,ERR,ERR,ERR,ERR,ERR,ERR,ERR,ERR,ERR,ERR,ERR,ERR,ERR,ERR,ERR,ERR,ERR,ERR,ERR,ERR,ERR,ERR,ERR,ERR,ERR,ERR,ERR,ERR,ERR,ERR,ERR,ERR,ERR,ERR,ERR,ERR,ERR,ERR,ERR,ERR,ERR,ERR,0.0,-107615288.0,-0.0,0.0,0.0,1.3936040501711995e+18,7.805,0.0,0,0,4,0,8422,0.0,45,0.0,0.0,0.0,0.0,0.0,0,0,0,0,0.0,0,0,0,0,0,0,0,0,0,0,0,0,0,0,0,0,0,0,0,0,0,0,0,0,0,0,0,0,0,0,0,0,0,38,14,7,45,65476,0,300,0,0,8,21553,0.0,-107605600.0,0.0,0.0,0.0,0.0,0.0,0.0,0.0,0.0,0.0,0.0,0.0,0.0,0.0,0.0,0.0,0.0,0.0,0.0,0.0,0.0,0.0,-2.004,-0.0,0.0,0.0,0.0,0.0,0.0,5041.0,-0.0,0.0,0.0,-107615288.0,0.0,-0.0,0.0,0.0,0.0,0.0,53,4.950428597886765e+32,-152017297211392.0,0.0,0.0,0.0,0.0,0.0,0.0,0.0,0,0,0,0.0,0.0,0.0,0.0,0.0,0.0,0.0,0.0,0.0,0.0,0.0,0.0,0.0,0.0,0.0,0.0,0,-107875648.0,53,0.0,106,-107614832.0,-107350944.0,ERR,ERR,ERR,ERR,ERR,ERR,ERR,ERR,ERR,ERR,ERR,ERR,ERR,ERR,ERR,ERR,ERR,ERR,ERR,ERR,ERR,ERR,ERR,ERR,ERR,ERR,ERR,ERR,ERR,ERR,ERR,ERR,ERR,ERR,ERR,ERR,ERR,ERR,ERR,ERR,ERR,ERR,ERR,ERR,ERR,ERR,ERR,ERR,ERR,ERR,ERR,ERR,ERR,ERR,ERR,ERR,ERR,ERR,ERR,ERR,ERR,ERR,ERR,ERR,ERR,ERR,ERR,50.0,60.0,100,0.0,0.0,0.0,0.0,0.0,0.0,0.0,0.0,0.0,0.0,0.0,0.0,0.0,0.0,0.0,0.0,62.0,65,20,65521,50,65476,0,300,0,0,8,20529,65476,0,0,26214,60.0,0.0,0.0,0.0,0.0,0.0
2026-05-17T16:28:40,ERR,ERR,ERR,ERR,ERR,ERR,ERR,ERR,ERR,ERR,ERR,ERR,ERR,ERR,ERR,ERR,ERR,ERR,ERR,ERR,ERR,ERR,ERR,ERR,ERR,ERR,ERR,ERR,ERR,ERR,ERR,ERR,ERR,ERR,ERR,ERR,ERR,ERR,ERR,ERR,ERR,ERR,ERR,ERR,ERR,ERR,ERR,ERR,ERR,ERR,ERR,ERR,ERR,ERR,ERR,ERR,ERR,ERR,ERR,ERR,ERR,ERR,ERR,ERR,ERR,ERR,ERR,ERR,ERR,ERR,ERR,ERR,ERR,ERR,ERR,ERR,ERR,ERR,ERR,ERR,ERR,ERR,ERR,ERR,ERR,ERR,ERR,ERR,ERR,ERR,ERR,ERR,ERR,ERR,ERR,ERR,ERR,ERR,ERR,ERR,ERR,ERR,ERR,ERR,ERR,ERR,ERR,ERR,ERR,ERR,ERR,ERR,ERR,ERR,ERR,ERR,ERR,ERR,ERR,ERR,ERR,ERR,ERR,ERR,ERR,0.0,-107615288.0,-0.0,0.0,0.0,1.3936040501711995e+18,7.805,0.0,0,0,4,0,8422,0.0,45,0.0,0.0,0.0,0.0,0.0,0,0,0,0,0.0,0,0,0,0,0,0,0,0,0,0,0,0,0,0,0,0,0,0,0,0,0,0,0,0,0,0,0,0,0,0,0,0,0,38,14,7,45,65476,0,300,0,0,8,21553,0.0,-107605600.0,0.0,0.0,0.0,0.0,0.0,0.0,0.0,0.0,0.0,0.0,0.0,0.0,0.0,0.0,0.0,0.0,0.0,0.0,0.0,0.0,0.0,-2.004,-0.0,0.0,0.0,0.0,0.0,0.0,5004.0,-2.004,0.0,0.0,-107615288.0,0.0,-0.0,0.0,0.0,0.0,0.0,53,1.9056979486756045e+17,-0.0,0.0,0.0,0.0,0.0,0.0,0.0,0.0,0,0,0,0.0,0.0,0.0,0.0,0.0,0.0,0.0,0.0,0.0,0.0,0.0,0.0,0.0,0.0,0.0,0.0,0,-107875648.0,53,0.0,106,-107614832.0,-107350944.0,ERR,ERR,ERR,ERR,ERR,ERR,ERR,ERR,ERR,ERR,ERR,ERR,ERR,ERR,ERR,ERR,ERR,ERR,ERR,ERR,ERR,ERR,ERR,ERR,ERR,ERR,ERR,ERR,ERR,ERR,ERR,ERR,ERR,ERR,ERR,ERR,ERR,ERR,ERR,ERR,ERR,ERR,ERR,ERR,ERR,ERR,ERR,ERR,ERR,ERR,ERR,ERR,ERR,ERR,ERR,ERR,ERR,ERR,ERR,ERR,ERR,ERR,ERR,ERR,ERR,ERR,ERR,50.0,60.0,100,0.0,0.0,0.0,0.0,0.0,0.0,0.0,0.0,0.0,0.0,0.0,0.0,0.0,0.0,0.0,0.0,62.0,65,20,65521,50,65476,0,300,0,0,8,20529,65476,0,0,26214,60.0,0.0,0.0,0.0,0.0,0.0
2026-05-17T16:28:41,ERR,ERR,ERR,ERR,ERR,ERR,ERR,ERR,ERR,ERR,ERR,ERR,ERR,ERR,ERR,ERR,ERR,ERR,ERR,ERR,ERR,ERR,ERR,ERR,ERR,ERR,ERR,ERR,ERR,ERR,ERR,ERR,ERR,ERR,ERR,ERR,ERR,ERR,ERR,ERR,ERR,ERR,ERR,ERR,ERR,ERR,ERR,ERR,ERR,ERR,ERR,ERR,ERR,ERR,ERR,ERR,ERR,ERR,ERR,ERR,ERR,ERR,ERR,ERR,ERR,ERR,ERR,ERR,ERR,ERR,ERR,ERR,ERR,ERR,ERR,ERR,ERR,ERR,ERR,ERR,ERR,ERR,ERR,ERR,ERR,ERR,ERR,ERR,ERR,ERR,ERR,ERR,ERR,ERR,ERR,ERR,ERR,ERR,ERR,ERR,ERR,ERR,ERR,ERR,ERR,ERR,ERR,ERR,ERR,ERR,ERR,ERR,ERR,ERR,ERR,ERR,ERR,ERR,ERR,ERR,ERR,ERR,ERR,ERR,ERR,0.0,-107615288.0,-0.0,0.0,0.0,1.3936040501711995e+18,7.805,0.0,0,0,4,0,8422,0.0,45,0.0,0.0,0.0,0.0,0.0,0,0,0,0,0.0,0,0,0,0,0,0,0,0,0,0,0,0,0,0,0,0,0,0,0,0,0,0,0,0,0,0,0,0,0,0,0,0,0,38,14,7,45,65476,0,300,0,0,8,21553,0.0,-107605600.0,0.0,0.0,0.0,0.0,0.0,0.0,0.0,0.0,0.0,0.0,0.0,0.0,0.0,0.0,0.0,0.0,0.0,0.0,0.0,0.0,0.0,-2.004,-0.0,0.0,0.0,0.0,0.0,0.0,5004.0,-2.004,0.0,0.0,-107615288.0,0.0,-0.0,0.0,0.0,0.0,0.0,53,1.9056979486756045e+17,-0.0,0.0,0.0,0.0,0.0,0.0,0.0,0.0,0,0,0,0.0,0.0,0.0,0.0,0.0,0.0,0.0,0.0,0.0,0.0,0.0,0.0,0.0,0.0,0.0,0.0,0,-107875648.0,53,0.0,106,-107614832.0,-107350944.0,ERR,ERR,ERR,ERR,ERR,ERR,ERR,ERR,ERR,ERR,ERR,ERR,ERR,ERR,ERR,ERR,ERR,ERR,ERR,ERR,ERR,ERR,ERR,ERR,ERR,ERR,ERR,ERR,ERR,ERR,ERR,ERR,ERR,ERR,ERR,ERR,ERR,ERR,ERR,ERR,ERR,ERR,ERR,ERR,ERR,ERR,ERR,ERR,ERR,ERR,ERR,ERR,ERR,ERR,ERR,ERR,ERR,ERR,ERR,ERR,ERR,ERR,ERR,ERR,ERR,ERR,ERR,50.0,60.0,100,0.0,0.0,0.0,0.0,0.0,0.0,0.0,0.0,0.0,0.0,0.0,0.0,0.0,0.0,0.0,0.0,61.6,65,20,65521,50,65476,0,300,0,0,8,20529,65476,0,0,26214,60.0,0.0,0.0,0.0,0.0,0.0
2026-05-17T16:28:42,ERR,ERR,ERR,ERR,ERR,ERR,ERR,ERR,ERR,ERR,ERR,ERR,ERR,ERR,ERR,ERR,ERR,ERR,ERR,ERR,ERR,ERR,ERR,ERR,ERR,ERR,ERR,ERR,ERR,ERR,ERR,ERR,ERR,ERR,ERR,ERR,ERR,ERR,ERR,ERR,ERR,ERR,ERR,ERR,ERR,ERR,ERR,ERR,ERR,ERR,ERR,ERR,ERR,ERR,ERR,ERR,ERR,ERR,ERR,ERR,ERR,ERR,ERR,ERR,ERR,ERR,ERR,ERR,ERR,ERR,ERR,ERR,ERR,ERR,ERR,ERR,ERR,ERR,ERR,ERR,ERR,ERR,ERR,ERR,ERR,ERR,ERR,ERR,ERR,ERR,ERR,ERR,ERR,ERR,ERR,ERR,ERR,ERR,ERR,ERR,ERR,ERR,ERR,ERR,ERR,ERR,ERR,ERR,ERR,ERR,ERR,ERR,ERR,ERR,ERR,ERR,ERR,ERR,ERR,ERR,ERR,ERR,ERR,ERR,ERR,0.0,-107615288.0,-0.0,0.0,0.0,1.3936040501711995e+18,7.805,0.0,0,0,4,0,8422,0.0,45,0.0,0.0,0.0,0.0,0.0,0,0,0,0,0.0,0,0,0,0,0,0,0,0,0,0,0,0,0,0,0,0,0,0,0,0,0,0,0,0,0,0,0,0,0,0,0,0,0,38,14,7,45,65476,0,300,0,0,8,21553,0.0,-107605600.0,0.0,0.0,0.0,0.0,0.0,0.0,0.0,0.0,0.0,0.0,0.0,0.0,0.0,0.0,0.0,0.0,0.0,0.0,0.0,0.0,0.0,-2.004,-0.0,0.0,0.0,0.0,0.0,0.0,5004.0,-2.004,0.0,0.0,-107615288.0,0.0,-0.0,0.0,0.0,0.0,0.0,53,1.9056979486756045e+17,-0.0,0.0,0.0,0.0,0.0,0.0,0.0,0.0,0,0,0,0.0,0.0,0.0,0.0,0.0,0.0,0.0,0.0,0.0,0.0,0.0,0.0,0.0,0.0,0.0,0.0,0,-107875648.0,53,0.0,106,-107614832.0,-107350944.0,ERR,ERR,ERR,ERR,ERR,ERR,ERR,ERR,ERR,ERR,ERR,ERR,ERR,ERR,ERR,ERR,ERR,ERR,ERR,ERR,ERR,ERR,ERR,ERR,ERR,ERR,ERR,ERR,ERR,ERR,ERR,ERR,ERR,ERR,ERR,ERR,ERR,ERR,ERR,ERR,ERR,ERR,ERR,ERR,ERR,ERR,ERR,ERR,ERR,ERR,ERR,ERR,ERR,ERR,ERR,ERR,ERR,ERR,ERR,ERR,ERR,ERR,ERR,ERR,ERR,ERR,ERR,50.0,60.0,100,0.0,0.0,0.0,0.0,0.0,0.0,0.0,0.0,0.0,0.0,0.0,0.0,0.0,0.0,0.0,0.0,61.6,65,20,65521,50,65476,0,300,0,0,8,20529,65476,0,0,26214,60.0,0.0,0.0,0.0,0.0,0.0
2026-05-17T16:28:43,ERR,ERR,ERR,ERR,ERR,ERR,ERR,ERR,ERR,ERR,ERR,ERR,ERR,ERR,ERR,ERR,ERR,ERR,ERR,ERR,ERR,ERR,ERR,ERR,ERR,ERR,ERR,ERR,ERR,ERR,ERR,ERR,ERR,ERR,ERR,ERR,ERR,ERR,ERR,ERR,ERR,ERR,ERR,ERR,ERR,ERR,ERR,ERR,ERR,ERR,ERR,ERR,ERR,ERR,ERR,ERR,ERR,ERR,ERR,ERR,ERR,ERR,ERR,ERR,ERR,ERR,ERR,ERR,ERR,ERR,ERR,ERR,ERR,ERR,ERR,ERR,ERR,ERR,ERR,ERR,ERR,ERR,ERR,ERR,ERR,ERR,ERR,ERR,ERR,ERR,ERR,ERR,ERR,ERR,ERR,ERR,ERR,ERR,ERR,ERR,ERR,ERR,ERR,ERR,ERR,ERR,ERR,ERR,ERR,ERR,ERR,ERR,ERR,ERR,ERR,ERR,ERR,ERR,ERR,ERR,ERR,ERR,ERR,ERR,ERR,0.0,-107615288.0,-0.0,0.0,0.0,1.3936040501711995e+18,7.805,0.0,0,0,4,0,8422,0.0,45,0.0,0.0,0.0,0.0,0.0,0,0,0,0,0.0,0,0,0,0,0,0,0,0,0,0,0,0,0,0,0,0,0,0,0,0,0,0,0,0,0,0,0,0,0,0,0,0,0,38,14,7,45,65476,0,300,0,0,8,21553,0.0,-107605600.0,0.0,0.0,0.0,0.0,0.0,0.0,0.0,0.0,0.0,0.0,0.0,0.0,0.0,0.0,0.0,0.0,0.0,0.0,0.0,0.0,0.0,-2.004,-0.0,0.0,0.0,0.0,0.0,0.0,5004.0,-2.004,0.0,0.0,-107615288.0,0.0,-0.0,0.0,0.0,0.0,0.0,53,1.9056979486756045e+17,-0.0,0.0,0.0,0.0,0.0,0.0,0.0,0.0,0,0,0,0.0,0.0,0.0,0.0,0.0,0.0,0.0,0.0,0.0,0.0,0.0,0.0,0.0,0.0,0.0,0.0,0,-107875648.0,53,0.0,106,-107614832.0,-107350944.0,ERR,ERR,ERR,ERR,ERR,ERR,ERR,ERR,ERR,ERR,ERR,ERR,ERR,ERR,ERR,ERR,ERR,ERR,ERR,ERR,ERR,ERR,ERR,ERR,ERR,ERR,ERR,ERR,ERR,ERR,ERR,ERR,ERR,ERR,ERR,ERR,ERR,ERR,ERR,ERR,ERR,ERR,ERR,ERR,ERR,ERR,ERR,ERR,ERR,ERR,ERR,ERR,ERR,ERR,ERR,ERR,ERR,ERR,ERR,ERR,ERR,ERR,ERR,ERR,ERR,ERR,ERR,50.0,60.0,100,0.0,0.0,0.0,0.0,0.0,0.0,0.0,0.0,0.0,0.0,0.0,0.0,0.0,0.0,0.0,0.0,61.6,65,20,65521,50,65476,0,300,0,0,8,20529,65476,0,0,26214,60.0,0.0,0.0,0.0,0.0,0.0
2026-05-17T16:28:44,ERR,ERR,ERR,ERR,ERR,ERR,ERR,ERR,ERR,ERR,ERR,ERR,ERR,ERR,ERR,ERR,ERR,ERR,ERR,ERR,ERR,ERR,ERR,ERR,ERR,ERR,ERR,ERR,ERR,ERR,ERR,ERR,ERR,ERR,ERR,ERR,ERR,ERR,ERR,ERR,ERR,ERR,ERR,ERR,ERR,ERR,ERR,ERR,ERR,ERR,ERR,ERR,ERR,ERR,ERR,ERR,ERR,ERR,ERR,ERR,ERR,ERR,ERR,ERR,ERR,ERR,ERR,ERR,ERR,ERR,ERR,ERR,ERR,ERR,ERR,ERR,ERR,ERR,ERR,ERR,ERR,ERR,ERR,ERR,ERR,ERR,ERR,ERR,ERR,ERR,ERR,ERR,ERR,ERR,ERR,ERR,ERR,ERR,ERR,ERR,ERR,ERR,ERR,ERR,ERR,ERR,ERR,ERR,ERR,ERR,ERR,ERR,ERR,ERR,ERR,ERR,ERR,ERR,ERR,ERR,ERR,ERR,ERR,ERR,ERR,0.0,-107615288.0,-0.0,0.0,0.0,1.3936040501711995e+18,7.805,0.0,0,0,4,0,8422,0.0,45,0.0,0.0,0.0,0.0,0.0,0,0,0,0,0.0,0,0,0,0,0,0,0,0,0,0,0,0,0,0,0,0,0,0,0,0,0,0,0,0,0,0,0,0,0,0,0,0,0,38,14,7,45,65476,0,300,0,0,8,21553,0.0,-107605600.0,0.0,0.0,0.0,0.0,0.0,0.0,0.0,0.0,0.0,0.0,0.0,0.0,0.0,0.0,0.0,0.0,0.0,0.0,0.0,0.0,0.0,-2.004,-0.0,0.0,0.0,0.0,0.0,0.0,5004.0,-2.004,0.0,0.0,-107615288.0,0.0,-0.0,0.0,0.0,0.0,0.0,53,1.9056979486756045e+17,-0.0,0.0,0.0,0.0,0.0,0.0,0.0,0.0,0,0,0,0.0,0.0,0.0,0.0,0.0,0.0,0.0,0.0,0.0,0.0,0.0,0.0,0.0,0.0,0.0,0.0,0,-107875648.0,53,0.0,106,-107614832.0,-107350944.0,ERR,ERR,ERR,ERR,ERR,ERR,ERR,ERR,ERR,ERR,ERR,ERR,ERR,ERR,ERR,ERR,ERR,ERR,ERR,ERR,ERR,ERR,ERR,ERR,ERR,ERR,ERR,ERR,ERR,ERR,ERR,ERR,ERR,ERR,ERR,ERR,ERR,ERR,ERR,ERR,ERR,ERR,ERR,ERR,ERR,ERR,ERR,ERR,ERR,ERR,ERR,ERR,ERR,ERR,ERR,ERR,ERR,ERR,ERR,ERR,ERR,ERR,ERR,ERR,ERR,ERR,ERR,50.0,60.0,100,0.0,0.0,0.0,0.0,0.0,0.0,0.0,0.0,0.0,0.0,0.0,0.0,0.0,0.0,0.0,0.0,61.6,65,20,65521,50,65476,0,300,0,0,8,20529,65476,0,0,26214,60.0,0.0,0.0,0.0,0.0,0.0
2026-05-17T16:28:45,ERR,ERR,ERR,ERR,ERR,ERR,ERR,ERR,ERR,ERR,ERR,ERR,ERR,ERR,ERR,ERR,ERR,ERR,ERR,ERR,ERR,ERR,ERR,ERR,ERR,ERR,ERR,ERR,ERR,ERR,ERR,ERR,ERR,ERR,ERR,ERR,ERR,ERR,ERR,ERR,ERR,ERR,ERR,ERR,ERR,ERR,ERR,ERR,ERR,ERR,ERR,ERR,ERR,ERR,ERR,ERR,ERR,ERR,ERR,ERR,ERR,ERR,ERR,ERR,ERR,ERR,ERR,ERR,ERR,ERR,ERR,ERR,ERR,ERR,ERR,ERR,ERR,ERR,ERR,ERR,ERR,ERR,ERR,ERR,ERR,ERR,ERR,ERR,ERR,ERR,ERR,ERR,ERR,ERR,ERR,ERR,ERR,ERR,ERR,ERR,ERR,ERR,ERR,ERR,ERR,ERR,ERR,ERR,ERR,ERR,ERR,ERR,ERR,ERR,ERR,ERR,ERR,ERR,ERR,ERR,ERR,ERR,ERR,ERR,ERR,0.0,-107615288.0,-0.0,0.0,0.0,1.3936040501711995e+18,7.805,0.0,0,0,4,0,8422,0.0,45,0.0,0.0,0.0,0.0,0.0,0,0,0,0,0.0,0,0,0,0,0,0,0,0,0,0,0,0,0,0,0,0,0,0,0,0,0,0,0,0,0,0,0,0,0,0,0,0,0,38,14,7,45,65476,0,300,0,0,8,21553,0.0,-107605600.0,0.0,0.0,0.0,0.0,0.0,0.0,0.0,0.0,0.0,0.0,0.0,0.0,0.0,0.0,0.0,0.0,0.0,0.0,0.0,0.0,0.0,-2.004,-0.0,0.0,0.0,0.0,0.0,0.0,5042.0,-1.040665504650976e+34,0.0,0.0,-107615288.0,0.0,-0.0,0.0,0.0,0.0,0.0,53,4.066880103266858e+29,0.0,0.0,0.0,0.0,0.0,0.0,0.0,0.0,0,0,0,0.0,0.0,0.0,0.0,0.0,0.0,0.0,0.0,0.0,0.0,0.0,0.0,0.0,0.0,0.0,0.0,0,-107875648.0,53,0.0,106,-107614832.0,-107350944.0,ERR,ERR,ERR,ERR,ERR,ERR,ERR,ERR,ERR,ERR,ERR,ERR,ERR,ERR,ERR,ERR,ERR,ERR,ERR,ERR,ERR,ERR,ERR,ERR,ERR,ERR,ERR,ERR,ERR,ERR,ERR,ERR,ERR,ERR,ERR,ERR,ERR,ERR,ERR,ERR,ERR,ERR,ERR,ERR,ERR,ERR,ERR,ERR,ERR,ERR,ERR,ERR,ERR,ERR,ERR,ERR,ERR,ERR,ERR,ERR,ERR,ERR,ERR,ERR,ERR,ERR,ERR,50.0,60.0,100,0.0,0.0,0.0,0.0,0.0,0.0,0.0,0.0,0.0,0.0,0.0,0.0,0.0,0.0,0.0,0.0,61.6,65,20,65521,50,65476,0,300,0,0,8,20529,65476,0,0,26214,60.0,0.0,0.0,0.0,0.0,0.0
2026-05-17T16:28:46,ERR,ERR,ERR,ERR,ERR,ERR,ERR,ERR,ERR,ERR,ERR,ERR,ERR,ERR,ERR,ERR,ERR,ERR,ERR,ERR,ERR,ERR,ERR,ERR,ERR,ERR,ERR,ERR,ERR,ERR,ERR,ERR,ERR,ERR,ERR,ERR,ERR,ERR,ERR,ERR,ERR,ERR,ERR,ERR,ERR,ERR,ERR,ERR,ERR,ERR,ERR,ERR,ERR,ERR,ERR,ERR,ERR,ERR,ERR,ERR,ERR,ERR,ERR,ERR,ERR,ERR,ERR,ERR,ERR,ERR,ERR,ERR,ERR,ERR,ERR,ERR,ERR,ERR,ERR,ERR,ERR,ERR,ERR,ERR,ERR,ERR,ERR,ERR,ERR,ERR,ERR,ERR,ERR,ERR,ERR,ERR,ERR,ERR,ERR,ERR,ERR,ERR,ERR,ERR,ERR,ERR,ERR,ERR,ERR,ERR,ERR,ERR,ERR,ERR,ERR,ERR,ERR,ERR,ERR,ERR,ERR,ERR,ERR,ERR,ERR,0.0,-107615288.0,-0.0,0.0,0.0,1.3936040501711995e+18,7.805,0.0,0,0,4,0,8422,0.0,45,0.0,0.0,0.0,0.0,0.0,0,0,0,0,0.0,0,0,0,0,0,0,0,0,0,0,0,0,0,0,0,0,0,0,0,0,0,0,0,0,0,0,0,0,0,0,0,0,0,38,14,7,45,65476,0,300,0,0,8,21553,0.0,-107605600.0,0.0,0.0,0.0,0.0,0.0,0.0,0.0,0.0,0.0,0.0,0.0,0.0,0.0,0.0,0.0,0.0,0.0,0.0,0.0,0.0,0.0,-2.004,-0.0,0.0,0.0,0.0,0.0,0.0,5042.0,-1.040665504650976e+34,0.0,0.0,-107615288.0,0.0,-0.0,0.0,0.0,0.0,0.0,53,4.066880103266858e+29,0.0,0.0,0.0,0.0,0.0,0.0,0.0,0.0,0,0,0,0.0,0.0,0.0,0.0,0.0,0.0,0.0,0.0,0.0,0.0,0.0,0.0,0.0,0.0,0.0,0.0,0,-107875648.0,53,0.0,106,-107614832.0,-107350944.0,ERR,ERR,ERR,ERR,ERR,ERR,ERR,ERR,ERR,ERR,ERR,ERR,ERR,ERR,ERR,ERR,ERR,ERR,ERR,ERR,ERR,ERR,ERR,ERR,ERR,ERR,ERR,ERR,ERR,ERR,ERR,ERR,ERR,ERR,ERR,ERR,ERR,ERR,ERR,ERR,ERR,ERR,ERR,ERR,ERR,ERR,ERR,ERR,ERR,ERR,ERR,ERR,ERR,ERR,ERR,ERR,ERR,ERR,ERR,ERR,ERR,ERR,ERR,ERR,ERR,ERR,ERR,50.0,60.0,100,0.0,0.0,0.0,0.0,0.0,0.0,0.0,0.0,0.0,0.0,0.0,0.0,0.0,0.0,0.0,0.0,61.6,65,20,65521,50,65476,0,300,0,0,8,20529,65476,0,0,26214,60.0,0.0,0.0,0.0,0.0,0.0
2026-05-17T16:28:47,ERR,ERR,ERR,ERR,ERR,ERR,ERR,ERR,ERR,ERR,ERR,ERR,ERR,ERR,ERR,ERR,ERR,ERR,ERR,ERR,ERR,ERR,ERR,ERR,ERR,ERR,ERR,ERR,ERR,ERR,ERR,ERR,ERR,ERR,ERR,ERR,ERR,ERR,ERR,ERR,ERR,ERR,ERR,ERR,ERR,ERR,ERR,ERR,ERR,ERR,ERR,ERR,ERR,ERR,ERR,ERR,ERR,ERR,ERR,ERR,ERR,ERR,ERR,ERR,ERR,ERR,ERR,ERR,ERR,ERR,ERR,ERR,ERR,ERR,ERR,ERR,ERR,ERR,ERR,ERR,ERR,ERR,ERR,ERR,ERR,ERR,ERR,ERR,ERR,ERR,ERR,ERR,ERR,ERR,ERR,ERR,ERR,ERR,ERR,ERR,ERR,ERR,ERR,ERR,ERR,ERR,ERR,ERR,ERR,ERR,ERR,ERR,ERR,ERR,ERR,ERR,ERR,ERR,ERR,ERR,ERR,ERR,ERR,ERR,ERR,0.0,-107615288.0,-0.0,0.0,0.0,1.3936040501711995e+18,7.805,0.0,0,0,4,0,8422,0.0,45,0.0,0.0,0.0,0.0,0.0,0,0,0,0,0.0,0,0,0,0,0,0,0,0,0,0,0,0,0,0,0,0,0,0,0,0,0,0,0,0,0,0,0,0,0,0,0,0,0,38,14,7,45,65476,0,300,0,0,8,21553,0.0,-107605600.0,0.0,0.0,0.0,0.0,0.0,0.0,0.0,0.0,0.0,0.0,0.0,0.0,0.0,0.0,0.0,0.0,0.0,0.0,0.0,0.0,0.0,-2.004,-0.0,0.0,0.0,0.0,0.0,0.0,5042.0,-1.040665504650976e+34,0.0,0.0,-107615288.0,0.0,-0.0,0.0,0.0,0.0,0.0,53,4.066880103266858e+29,0.0,0.0,0.0,0.0,0.0,0.0,0.0,0.0,0,0,0,0.0,0.0,0.0,0.0,0.0,0.0,0.0,0.0,0.0,0.0,0.0,0.0,0.0,0.0,0.0,0.0,0,-107875648.0,53,0.0,106,-107614832.0,-107350944.0,ERR,ERR,ERR,ERR,ERR,ERR,ERR,ERR,ERR,ERR,ERR,ERR,ERR,ERR,ERR,ERR,ERR,ERR,ERR,ERR,ERR,ERR,ERR,ERR,ERR,ERR,ERR,ERR,ERR,ERR,ERR,ERR,ERR,ERR,ERR,ERR,ERR,ERR,ERR,ERR,ERR,ERR,ERR,ERR,ERR,ERR,ERR,ERR,ERR,ERR,ERR,ERR,ERR,ERR,ERR,ERR,ERR,ERR,ERR,ERR,ERR,ERR,ERR,ERR,ERR,ERR,ERR,50.0,60.0,100,0.0,0.0,0.0,0.0,0.0,0.0,0.0,0.0,0.0,0.0,0.0,0.0,0.0,0.0,0.0,0.0,61.6,65,20,65521,50,65476,0,300,0,0,8,20529,65476,0,0,26214,60.0,0.0,0.0,0.0,0.0,0.0
2026-05-17T16:28:48,ERR,ERR,ERR,ERR,ERR,ERR,ERR,ERR,ERR,ERR,ERR,ERR,ERR,ERR,ERR,ERR,ERR,ERR,ERR,ERR,ERR,ERR,ERR,ERR,ERR,ERR,ERR,ERR,ERR,ERR,ERR,ERR,ERR,ERR,ERR,ERR,ERR,ERR,ERR,ERR,ERR,ERR,ERR,ERR,ERR,ERR,ERR,ERR,ERR,ERR,ERR,ERR,ERR,ERR,ERR,ERR,ERR,ERR,ERR,ERR,ERR,ERR,ERR,ERR,ERR,ERR,ERR,ERR,ERR,ERR,ERR,ERR,ERR,ERR,ERR,ERR,ERR,ERR,ERR,ERR,ERR,ERR,ERR,ERR,ERR,ERR,ERR,ERR,ERR,ERR,ERR,ERR,ERR,ERR,ERR,ERR,ERR,ERR,ERR,ERR,ERR,ERR,ERR,ERR,ERR,ERR,ERR,ERR,ERR,ERR,ERR,ERR,ERR,ERR,ERR,ERR,ERR,ERR,ERR,ERR,ERR,ERR,ERR,ERR,ERR,0.0,-107615288.0,-0.0,0.0,0.0,1.3936040501711995e+18,7.805,0.0,0,0,4,0,8422,0.0,45,0.0,0.0,0.0,0.0,0.0,0,0,0,0,0.0,0,0,0,0,0,0,0,0,0,0,0,0,0,0,0,0,0,0,0,0,0,0,0,0,0,0,0,0,0,0,0,0,0,38,14,7,45,65476,0,300,0,0,8,21553,0.0,-107605600.0,0.0,0.0,0.0,0.0,0.0,0.0,0.0,0.0,0.0,0.0,0.0,0.0,0.0,0.0,0.0,0.0,0.0,0.0,0.0,0.0,0.0,-2.004,-0.0,0.0,0.0,0.0,0.0,0.0,5042.0,-1.040665504650976e+34,0.0,0.0,-107615288.0,0.0,-0.0,0.0,0.0,0.0,0.0,53,4.066880103266858e+29,0.0,0.0,0.0,0.0,0.0,0.0,0.0,0.0,0,0,0,0.0,0.0,0.0,0.0,0.0,0.0,0.0,0.0,0.0,0.0,0.0,0.0,0.0,0.0,0.0,0.0,0,-107875648.0,53,0.0,106,-107614832.0,-107350944.0,ERR,ERR,ERR,ERR,ERR,ERR,ERR,ERR,ERR,ERR,ERR,ERR,ERR,ERR,ERR,ERR,ERR,ERR,ERR,ERR,ERR,ERR,ERR,ERR,ERR,ERR,ERR,ERR,ERR,ERR,ERR,ERR,ERR,ERR,ERR,ERR,ERR,ERR,ERR,ERR,ERR,ERR,ERR,ERR,ERR,ERR,ERR,ERR,ERR,ERR,ERR,ERR,ERR,ERR,ERR,ERR,ERR,ERR,ERR,ERR,ERR,ERR,ERR,ERR,ERR,ERR,ERR,50.0,60.0,100,0.0,0.0,0.0,0.0,0.0,0.0,0.0,0.0,0.0,0.0,0.0,0.0,0.0,0.0,0.0,0.0,61.6,65,20,65521,50,65476,0,300,0,0,8,20529,65476,0,0,26214,60.0,0.0,0.0,0.0,0.0,0.0
2026-05-17T16:28:49,ERR,ERR,ERR,ERR,ERR,ERR,ERR,ERR,ERR,ERR,ERR,ERR,ERR,ERR,ERR,ERR,ERR,ERR,ERR,ERR,ERR,ERR,ERR,ERR,ERR,ERR,ERR,ERR,ERR,ERR,ERR,ERR,ERR,ERR,ERR,ERR,ERR,ERR,ERR,ERR,ERR,ERR,ERR,ERR,ERR,ERR,ERR,ERR,ERR,ERR,ERR,ERR,ERR,ERR,ERR,ERR,ERR,ERR,ERR,ERR,ERR,ERR,ERR,ERR,ERR,ERR,ERR,ERR,ERR,ERR,ERR,ERR,ERR,ERR,ERR,ERR,ERR,ERR,ERR,ERR,ERR,ERR,ERR,ERR,ERR,ERR,ERR,ERR,ERR,ERR,ERR,ERR,ERR,ERR,ERR,ERR,ERR,ERR,ERR,ERR,ERR,ERR,ERR,ERR,ERR,ERR,ERR,ERR,ERR,ERR,ERR,ERR,ERR,ERR,ERR,ERR,ERR,ERR,ERR,ERR,ERR,ERR,ERR,ERR,ERR,0.0,-107615288.0,-0.0,0.0,0.0,1.3936040501711995e+18,7.805,0.0,0,0,4,0,8422,0.0,45,0.0,0.0,0.0,0.0,0.0,0,0,0,0,0.0,0,0,0,0,0,0,0,0,0,0,0,0,0,0,0,0,0,0,0,0,0,0,0,0,0,0,0,0,0,0,0,0,0,38,14,7,45,65476,0,300,0,0,8,21553,0.0,-107605600.0,0.0,0.0,0.0,0.0,0.0,0.0,0.0,0.0,0.0,0.0,0.0,0.0,0.0,0.0,0.0,0.0,0.0,0.0,0.0,0.0,0.0,-2.004,-0.0,0.0,0.0,0.0,0.0,0.0,5042.0,-1.040665504650976e+34,0.0,0.0,-107615288.0,0.0,-0.0,0.0,0.0,0.0,0.0,53,4.066880103266858e+29,0.0,0.0,0.0,0.0,0.0,0.0,0.0,0.0,0,0,0,0.0,0.0,0.0,0.0,0.0,0.0,0.0,0.0,0.0,0.0,0.0,0.0,0.0,0.0,0.0,0.0,0,-107875648.0,53,0.0,106,-107614832.0,-107350944.0,ERR,ERR,ERR,ERR,ERR,ERR,ERR,ERR,ERR,ERR,ERR,ERR,ERR,ERR,ERR,ERR,ERR,ERR,ERR,ERR,ERR,ERR,ERR,ERR,ERR,ERR,ERR,ERR,ERR,ERR,ERR,ERR,ERR,ERR,ERR,ERR,ERR,ERR,ERR,ERR,ERR,ERR,ERR,ERR,ERR,ERR,ERR,ERR,ERR,ERR,ERR,ERR,ERR,ERR,ERR,ERR,ERR,ERR,ERR,ERR,ERR,ERR,ERR,ERR,ERR,ERR,ERR,50.0,60.0,100,0.0,0.0,0.0,0.0,0.0,0.0,0.0,0.0,0.0,0.0,0.0,0.0,0.0,0.0,0.0,0.0,61.6,65,20,65521,50,65476,0,300,0,0,8,20529,65476,0,0,26214,60.0,0.0,0.0,0.0,0.0,0.0
2026-05-17T16:28:50,ERR,ERR,ERR,ERR,ERR,ERR,ERR,ERR,ERR,ERR,ERR,ERR,ERR,ERR,ERR,ERR,ERR,ERR,ERR,ERR,ERR,ERR,ERR,ERR,ERR,ERR,ERR,ERR,ERR,ERR,ERR,ERR,ERR,ERR,ERR,ERR,ERR,ERR,ERR,ERR,ERR,ERR,ERR,ERR,ERR,ERR,ERR,ERR,ERR,ERR,ERR,ERR,ERR,ERR,ERR,ERR,ERR,ERR,ERR,ERR,ERR,ERR,ERR,ERR,ERR,ERR,ERR,ERR,ERR,ERR,ERR,ERR,ERR,ERR,ERR,ERR,ERR,ERR,ERR,ERR,ERR,ERR,ERR,ERR,ERR,ERR,ERR,ERR,ERR,ERR,ERR,ERR,ERR,ERR,ERR,ERR,ERR,ERR,ERR,ERR,ERR,ERR,ERR,ERR,ERR,ERR,ERR,ERR,ERR,ERR,ERR,ERR,ERR,ERR,ERR,ERR,ERR,ERR,ERR,ERR,ERR,ERR,ERR,ERR,ERR,0.0,-107615288.0,-0.0,0.0,0.0,1.3936040501711995e+18,7.805,0.0,0,0,4,0,8422,0.0,45,0.0,0.0,0.0,0.0,0.0,0,0,0,0,0.0,0,0,0,0,0,0,0,0,0,0,0,0,0,0,0,0,0,0,0,0,0,0,0,0,0,0,0,0,0,0,0,0,0,38,14,7,45,65476,0,300,0,0,8,21553,0.0,-107605600.0,0.0,0.0,0.0,0.0,0.0,0.0,0.0,0.0,0.0,0.0,0.0,0.0,0.0,0.0,0.0,0.0,0.0,0.0,0.0,0.0,0.0,-2.004,-2.004,0.0,0.0,0.0,0.0,0.0,5075.0,-0.0,0.0,0.0,-107615288.0,0.0,-0.0,0.0,0.0,0.0,0.0,53,4.950428597886765e+32,0.0,0.0,0.0,0.0,0.0,0.0,0.0,0.0,0,0,0,0.0,0.0,0.0,0.0,0.0,0.0,0.0,0.0,0.0,0.0,0.0,0.0,0.0,0.0,0.0,0.0,0,-107875648.0,53,0.0,106,-107614832.0,-107350944.0,ERR,ERR,ERR,ERR,ERR,ERR,ERR,ERR,ERR,ERR,ERR,ERR,ERR,ERR,ERR,ERR,ERR,ERR,ERR,ERR,ERR,ERR,ERR,ERR,ERR,ERR,ERR,ERR,ERR,ERR,ERR,ERR,ERR,ERR,ERR,ERR,ERR,ERR,ERR,ERR,ERR,ERR,ERR,ERR,ERR,ERR,ERR,ERR,ERR,ERR,ERR,ERR,ERR,ERR,ERR,ERR,ERR,ERR,ERR,ERR,ERR,ERR,ERR,ERR,ERR,ERR,ERR,50.0,60.0,100,0.0,0.0,0.0,0.0,0.0,0.0,0.0,0.0,0.0,0.0,0.0,0.0,0.0,0.0,0.0,0.0,61.6,65,20,65521,50,65476,0,300,0,0,8,20529,65476,0,0,26214,60.0,0.0,0.0,0.0,0.0,0.0
2026-05-17T16:28:51,ERR,ERR,ERR,ERR,ERR,ERR,ERR,ERR,ERR,ERR,ERR,ERR,ERR,ERR,ERR,ERR,ERR,ERR,ERR,ERR,ERR,ERR,ERR,ERR,ERR,ERR,ERR,ERR,ERR,ERR,ERR,ERR,ERR,ERR,ERR,ERR,ERR,ERR,ERR,ERR,ERR,ERR,ERR,ERR,ERR,ERR,ERR,ERR,ERR,ERR,ERR,ERR,ERR,ERR,ERR,ERR,ERR,ERR,ERR,ERR,ERR,ERR,ERR,ERR,ERR,ERR,ERR,ERR,ERR,ERR,ERR,ERR,ERR,ERR,ERR,ERR,ERR,ERR,ERR,ERR,ERR,ERR,ERR,ERR,ERR,ERR,ERR,ERR,ERR,ERR,ERR,ERR,ERR,ERR,ERR,ERR,ERR,ERR,ERR,ERR,ERR,ERR,ERR,ERR,ERR,ERR,ERR,ERR,ERR,ERR,ERR,ERR,ERR,ERR,ERR,ERR,ERR,ERR,ERR,ERR,ERR,ERR,ERR,ERR,ERR,0.0,-107615288.0,-0.0,0.0,0.0,1.3936040501711995e+18,7.805,0.0,0,0,4,0,8422,0.0,45,0.0,0.0,0.0,0.0,0.0,0,0,0,0,0.0,0,0,0,0,0,0,0,0,0,0,0,0,0,0,0,0,0,0,0,0,0,0,0,0,0,0,0,0,0,0,0,0,0,38,14,7,45,65476,0,300,0,0,8,21553,0.0,-107605600.0,0.0,0.0,0.0,0.0,0.0,0.0,0.0,0.0,0.0,0.0,0.0,0.0,0.0,0.0,0.0,0.0,0.0,0.0,0.0,0.0,0.0,-2.004,-2.004,0.0,0.0,0.0,0.0,0.0,5075.0,-0.0,0.0,0.0,-107615288.0,0.0,-0.0,0.0,0.0,0.0,0.0,53,4.950428597886765e+32,0.0,0.0,0.0,0.0,0.0,0.0,0.0,0.0,0,0,0,0.0,0.0,0.0,0.0,0.0,0.0,0.0,0.0,0.0,0.0,0.0,0.0,0.0,0.0,0.0,0.0,0,-107875648.0,53,0.0,106,-107614832.0,-107350944.0,ERR,ERR,ERR,ERR,ERR,ERR,ERR,ERR,ERR,ERR,ERR,ERR,ERR,ERR,ERR,ERR,ERR,ERR,ERR,ERR,ERR,ERR,ERR,ERR,ERR,ERR,ERR,ERR,ERR,ERR,ERR,ERR,ERR,ERR,ERR,ERR,ERR,ERR,ERR,ERR,ERR,ERR,ERR,ERR,ERR,ERR,ERR,ERR,ERR,ERR,ERR,ERR,ERR,ERR,ERR,ERR,ERR,ERR,ERR,ERR,ERR,ERR,ERR,ERR,ERR,ERR,ERR,50.0,60.0,100,0.0,0.0,0.0,0.0,0.0,0.0,0.0,0.0,0.0,0.0,0.0,0.0,0.0,0.0,0.0,0.0,61.6,65,20,65521,50,65476,0,300,0,0,8,20529,65476,0,0,26214,60.0,0.0,0.0,0.0,0.0,0.0
2026-05-17T16:28:52,ERR,ERR,ERR,ERR,ERR,ERR,ERR,ERR,ERR,ERR,ERR,ERR,ERR,ERR,ERR,ERR,ERR,ERR,ERR,ERR,ERR,ERR,ERR,ERR,ERR,ERR,ERR,ERR,ERR,ERR,ERR,ERR,ERR,ERR,ERR,ERR,ERR,ERR,ERR,ERR,ERR,ERR,ERR,ERR,ERR,ERR,ERR,ERR,ERR,ERR,ERR,ERR,ERR,ERR,ERR,ERR,ERR,ERR,ERR,ERR,ERR,ERR,ERR,ERR,ERR,ERR,ERR,ERR,ERR,ERR,ERR,ERR,ERR,ERR,ERR,ERR,ERR,ERR,ERR,ERR,ERR,ERR,ERR,ERR,ERR,ERR,ERR,ERR,ERR,ERR,ERR,ERR,ERR,ERR,ERR,ERR,ERR,ERR,ERR,ERR,ERR,ERR,ERR,ERR,ERR,ERR,ERR,ERR,ERR,ERR,ERR,ERR,ERR,ERR,ERR,ERR,ERR,ERR,ERR,ERR,ERR,ERR,ERR,ERR,ERR,0.0,-107615288.0,-0.0,0.0,0.0,1.3936040501711995e+18,7.805,0.0,0,0,4,0,8422,0.0,45,0.0,0.0,0.0,0.0,0.0,0,0,0,0,0.0,0,0,0,0,0,0,0,0,0,0,0,0,0,0,0,0,0,0,0,0,0,0,0,0,0,0,0,0,0,0,0,0,0,38,14,7,45,65476,0,300,0,0,8,21553,0.0,-107605600.0,0.0,0.0,0.0,0.0,0.0,0.0,0.0,0.0,0.0,0.0,0.0,0.0,0.0,0.0,0.0,0.0,0.0,0.0,0.0,0.0,0.0,-2.004,-2.004,0.0,0.0,0.0,0.0,0.0,5075.0,-0.0,0.0,0.0,-107615288.0,0.0,-0.0,0.0,0.0,0.0,0.0,53,4.950428597886765e+32,0.0,0.0,0.0,0.0,0.0,0.0,0.0,0.0,0,0,0,0.0,0.0,0.0,0.0,0.0,0.0,0.0,0.0,0.0,0.0,0.0,0.0,0.0,0.0,0.0,0.0,0,-107875648.0,53,0.0,106,-107614832.0,-107350944.0,ERR,ERR,ERR,ERR,ERR,ERR,ERR,ERR,ERR,ERR,ERR,ERR,ERR,ERR,ERR,ERR,ERR,ERR,ERR,ERR,ERR,ERR,ERR,ERR,ERR,ERR,ERR,ERR,ERR,ERR,ERR,ERR,ERR,ERR,ERR,ERR,ERR,ERR,ERR,ERR,ERR,ERR,ERR,ERR,ERR,ERR,ERR,ERR,ERR,ERR,ERR,ERR,ERR,ERR,ERR,ERR,ERR,ERR,ERR,ERR,ERR,ERR,ERR,ERR,ERR,ERR,ERR,50.0,60.0,100,0.0,0.0,0.0,0.0,0.0,0.0,0.0,0.0,0.0,0.0,0.0,0.0,0.0,0.0,0.0,0.0,61.6,65,20,65521,50,65476,0,300,0,0,8,20529,65476,0,0,26214,60.0,0.0,0.0,0.0,0.0,0.0
2026-05-17T16:28:53,ERR,ERR,ERR,ERR,ERR,ERR,ERR,ERR,ERR,ERR,ERR,ERR,ERR,ERR,ERR,ERR,ERR,ERR,ERR,ERR,ERR,ERR,ERR,ERR,ERR,ERR,ERR,ERR,ERR,ERR,ERR,ERR,ERR,ERR,ERR,ERR,ERR,ERR,ERR,ERR,ERR,ERR,ERR,ERR,ERR,ERR,ERR,ERR,ERR,ERR,ERR,ERR,ERR,ERR,ERR,ERR,ERR,ERR,ERR,ERR,ERR,ERR,ERR,ERR,ERR,ERR,ERR,ERR,ERR,ERR,ERR,ERR,ERR,ERR,ERR,ERR,ERR,ERR,ERR,ERR,ERR,ERR,ERR,ERR,ERR,ERR,ERR,ERR,ERR,ERR,ERR,ERR,ERR,ERR,ERR,ERR,ERR,ERR,ERR,ERR,ERR,ERR,ERR,ERR,ERR,ERR,ERR,ERR,ERR,ERR,ERR,ERR,ERR,ERR,ERR,ERR,ERR,ERR,ERR,ERR,ERR,ERR,ERR,ERR,ERR,0.0,-107615288.0,-0.0,0.0,0.0,1.3936040501711995e+18,7.805,0.0,0,0,4,0,8422,0.0,45,0.0,0.0,0.0,0.0,0.0,0,0,0,0,0.0,0,0,0,0,0,0,0,0,0,0,0,0,0,0,0,0,0,0,0,0,0,0,0,0,0,0,0,0,0,0,0,0,0,38,14,7,45,65476,0,300,0,0,8,21553,0.0,-107605600.0,0.0,0.0,0.0,0.0,0.0,0.0,0.0,0.0,0.0,0.0,0.0,0.0,0.0,0.0,0.0,0.0,0.0,0.0,0.0,0.0,0.0,-2.004,-2.004,0.0,0.0,0.0,0.0,0.0,5075.0,-0.0,0.0,0.0,-107615288.0,0.0,-0.0,0.0,0.0,0.0,0.0,53,4.950428597886765e+32,0.0,0.0,0.0,0.0,0.0,0.0,0.0,0.0,0,0,0,0.0,0.0,0.0,0.0,0.0,0.0,0.0,0.0,0.0,0.0,0.0,0.0,0.0,0.0,0.0,0.0,0,-107875648.0,53,0.0,106,-107614832.0,-107350944.0,ERR,ERR,ERR,ERR,ERR,ERR,ERR,ERR,ERR,ERR,ERR,ERR,ERR,ERR,ERR,ERR,ERR,ERR,ERR,ERR,ERR,ERR,ERR,ERR,ERR,ERR,ERR,ERR,ERR,ERR,ERR,ERR,ERR,ERR,ERR,ERR,ERR,ERR,ERR,ERR,ERR,ERR,ERR,ERR,ERR,ERR,ERR,ERR,ERR,ERR,ERR,ERR,ERR,ERR,ERR,ERR,ERR,ERR,ERR,ERR,ERR,ERR,ERR,ERR,ERR,ERR,ERR,50.0,60.0,100,0.0,0.0,0.0,0.0,0.0,0.0,0.0,0.0,0.0,0.0,0.0,0.0,0.0,0.0,0.0,0.0,61.6,65,20,65521,50,65476,0,300,0,0,8,20529,65476,0,0,26214,60.0,0.0,0.0,0.0,0.0,0.0
2026-05-17T16:28:54,ERR,ERR,ERR,ERR,ERR,ERR,ERR,ERR,ERR,ERR,ERR,ERR,ERR,ERR,ERR,ERR,ERR,ERR,ERR,ERR,ERR,ERR,ERR,ERR,ERR,ERR,ERR,ERR,ERR,ERR,ERR,ERR,ERR,ERR,ERR,ERR,ERR,ERR,ERR,ERR,ERR,ERR,ERR,ERR,ERR,ERR,ERR,ERR,ERR,ERR,ERR,ERR,ERR,ERR,ERR,ERR,ERR,ERR,ERR,ERR,ERR,ERR,ERR,ERR,ERR,ERR,ERR,ERR,ERR,ERR,ERR,ERR,ERR,ERR,ERR,ERR,ERR,ERR,ERR,ERR,ERR,ERR,ERR,ERR,ERR,ERR,ERR,ERR,ERR,ERR,ERR,ERR,ERR,ERR,ERR,ERR,ERR,ERR,ERR,ERR,ERR,ERR,ERR,ERR,ERR,ERR,ERR,ERR,ERR,ERR,ERR,ERR,ERR,ERR,ERR,ERR,ERR,ERR,ERR,ERR,ERR,ERR,ERR,ERR,ERR,0.0,-107615288.0,-0.0,0.0,0.0,1.3936040501711995e+18,7.805,0.0,0,0,4,0,8422,0.0,45,0.0,0.0,0.0,0.0,0.0,0,0,0,0,0.0,0,0,0,0,0,0,0,0,0,0,0,0,0,0,0,0,0,0,0,0,0,0,0,0,0,0,0,0,0,0,0,0,0,38,14,7,45,65476,0,300,0,0,8,21553,0.0,-107605600.0,0.0,0.0,0.0,0.0,0.0,0.0,0.0,0.0,0.0,0.0,0.0,0.0,0.0,0.0,0.0,0.0,0.0,0.0,0.0,0.0,0.0,-2.004,-2.004,0.0,0.0,0.0,0.0,0.0,5075.0,-0.0,0.0,0.0,-107615288.0,0.0,-0.0,0.0,0.0,0.0,0.0,53,4.950428597886765e+32,0.0,0.0,0.0,0.0,0.0,0.0,0.0,0.0,0,0,0,0.0,0.0,0.0,0.0,0.0,0.0,0.0,0.0,0.0,0.0,0.0,0.0,0.0,0.0,0.0,0.0,0,-107875648.0,53,0.0,106,-107614832.0,-107350944.0,ERR,ERR,ERR,ERR,ERR,ERR,ERR,ERR,ERR,ERR,ERR,ERR,ERR,ERR,ERR,ERR,ERR,ERR,ERR,ERR,ERR,ERR,ERR,ERR,ERR,ERR,ERR,ERR,ERR,ERR,ERR,ERR,ERR,ERR,ERR,ERR,ERR,ERR,ERR,ERR,ERR,ERR,ERR,ERR,ERR,ERR,ERR,ERR,ERR,ERR,ERR,ERR,ERR,ERR,ERR,ERR,ERR,ERR,ERR,ERR,ERR,ERR,ERR,ERR,ERR,ERR,ERR,50.0,60.0,100,0.0,0.0,0.0,0.0,0.0,0.0,0.0,0.0,0.0,0.0,0.0,0.0,0.0,0.0,0.0,0.0,61.6,65,20,65521,50,65476,0,300,0,0,8,20529,65476,0,0,26214,60.0,0.0,0.0,0.0,0.0,0.0
2026-05-17T16:28:55,ERR,ERR,ERR,ERR,ERR,ERR,ERR,ERR,ERR,ERR,ERR,ERR,ERR,ERR,ERR,ERR,ERR,ERR,ERR,ERR,ERR,ERR,ERR,ERR,ERR,ERR,ERR,ERR,ERR,ERR,ERR,ERR,ERR,ERR,ERR,ERR,ERR,ERR,ERR,ERR,ERR,ERR,ERR,ERR,ERR,ERR,ERR,ERR,ERR,ERR,ERR,ERR,ERR,ERR,ERR,ERR,ERR,ERR,ERR,ERR,ERR,ERR,ERR,ERR,ERR,ERR,ERR,ERR,ERR,ERR,ERR,ERR,ERR,ERR,ERR,ERR,ERR,ERR,ERR,ERR,ERR,ERR,ERR,ERR,ERR,ERR,ERR,ERR,ERR,ERR,ERR,ERR,ERR,ERR,ERR,ERR,ERR,ERR,ERR,ERR,ERR,ERR,ERR,ERR,ERR,ERR,ERR,ERR,ERR,ERR,ERR,ERR,ERR,ERR,ERR,ERR,ERR,ERR,ERR,ERR,ERR,ERR,ERR,ERR,ERR,0.0,-107615288.0,-0.0,0.0,0.0,1.3936040501711995e+18,7.805,0.0,0,0,4,0,8422,0.0,45,0.0,0.0,0.0,0.0,0.0,0,0,0,0,0.0,0,0,0,0,0,0,0,0,0,0,0,0,0,0,0,0,0,0,0,0,0,0,0,0,0,0,0,0,0,0,0,0,0,38,14,7,45,65476,0,300,0,0,8,21553,0.0,-107605600.0,0.0,0.0,0.0,0.0,0.0,0.0,0.0,0.0,0.0,0.0,0.0,0.0,0.0,0.0,0.0,0.0,0.0,0.0,0.0,0.0,0.0,-2.004,-2.004,0.0,0.0,0.0,0.0,0.0,5074.0,8608184320.0,0.0,0.0,-107615288.0,0.0,-0.0,0.0,0.0,0.0,0.0,53,4.066880103266858e+29,-0.0,0.0,0.0,0.0,0.0,0.0,0.0,0.0,0,0,0,0.0,0.0,0.0,0.0,0.0,0.0,0.0,0.0,0.0,0.0,0.0,0.0,0.0,0.0,0.0,0.0,0,-107875648.0,53,0.0,106,-107614832.0,-107350944.0,ERR,ERR,ERR,ERR,ERR,ERR,ERR,ERR,ERR,ERR,ERR,ERR,ERR,ERR,ERR,ERR,ERR,ERR,ERR,ERR,ERR,ERR,ERR,ERR,ERR,ERR,ERR,ERR,ERR,ERR,ERR,ERR,ERR,ERR,ERR,ERR,ERR,ERR,ERR,ERR,ERR,ERR,ERR,ERR,ERR,ERR,ERR,ERR,ERR,ERR,ERR,ERR,ERR,ERR,ERR,ERR,ERR,ERR,ERR,ERR,ERR,ERR,ERR,ERR,ERR,ERR,ERR,50.0,60.0,100,0.0,0.0,0.0,0.0,0.0,0.0,0.0,0.0,0.0,0.0,0.0,0.0,0.0,0.0,0.0,0.0,61.6,65,20,65521,50,65476,0,300,0,0,8,20529,65476,0,0,26214,60.0,0.0,0.0,0.0,0.0,0.0
2026-05-17T16:28:56,ERR,ERR,ERR,ERR,ERR,ERR,ERR,ERR,ERR,ERR,ERR,ERR,ERR,ERR,ERR,ERR,ERR,ERR,ERR,ERR,ERR,ERR,ERR,ERR,ERR,ERR,ERR,ERR,ERR,ERR,ERR,ERR,ERR,ERR,ERR,ERR,ERR,ERR,ERR,ERR,ERR,ERR,ERR,ERR,ERR,ERR,ERR,ERR,ERR,ERR,ERR,ERR,ERR,ERR,ERR,ERR,ERR,ERR,ERR,ERR,ERR,ERR,ERR,ERR,ERR,ERR,ERR,ERR,ERR,ERR,ERR,ERR,ERR,ERR,ERR,ERR,ERR,ERR,ERR,ERR,ERR,ERR,ERR,ERR,ERR,ERR,ERR,ERR,ERR,ERR,ERR,ERR,ERR,ERR,ERR,ERR,ERR,ERR,ERR,ERR,ERR,ERR,ERR,ERR,ERR,ERR,ERR,ERR,ERR,ERR,ERR,ERR,ERR,ERR,ERR,ERR,ERR,ERR,ERR,ERR,ERR,ERR,ERR,ERR,ERR,0.0,-107615288.0,-0.0,0.0,0.0,1.3936040501711995e+18,7.805,0.0,0,0,4,0,8422,0.0,45,0.0,0.0,0.0,0.0,0.0,0,0,0,0,0.0,0,0,0,0,0,0,0,0,0,0,0,0,0,0,0,0,0,0,0,0,0,0,0,0,0,0,0,0,0,0,0,0,0,38,14,7,45,65476,0,300,0,0,8,21553,0.0,-107605600.0,0.0,0.0,0.0,0.0,0.0,0.0,0.0,0.0,0.0,0.0,0.0,0.0,0.0,0.0,0.0,0.0,0.0,0.0,0.0,0.0,0.0,-2.004,-2.004,0.0,0.0,0.0,0.0,0.0,5074.0,8608184320.0,0.0,0.0,-107615288.0,0.0,-0.0,0.0,0.0,0.0,0.0,53,4.066880103266858e+29,-0.0,0.0,0.0,0.0,0.0,0.0,0.0,0.0,0,0,0,0.0,0.0,0.0,0.0,0.0,0.0,0.0,0.0,0.0,0.0,0.0,0.0,0.0,0.0,0.0,0.0,0,-107875648.0,53,0.0,106,-107614832.0,-107350944.0,ERR,ERR,ERR,ERR,ERR,ERR,ERR,ERR,ERR,ERR,ERR,ERR,ERR,ERR,ERR,ERR,ERR,ERR,ERR,ERR,ERR,ERR,ERR,ERR,ERR,ERR,ERR,ERR,ERR,ERR,ERR,ERR,ERR,ERR,ERR,ERR,ERR,ERR,ERR,ERR,ERR,ERR,ERR,ERR,ERR,ERR,ERR,ERR,ERR,ERR,ERR,ERR,ERR,ERR,ERR,ERR,ERR,ERR,ERR,ERR,ERR,ERR,ERR,ERR,ERR,ERR,ERR,50.0,60.0,100,0.0,0.0,0.0,0.0,0.0,0.0,0.0,0.0,0.0,0.0,0.0,0.0,0.0,0.0,0.0,0.0,62.0,65,20,65521,50,65476,0,300,0,0,8,20529,65476,0,0,26214,60.0,0.0,0.0,0.0,0.0,0.0
2026-05-17T16:28:57,ERR,ERR,ERR,ERR,ERR,ERR,ERR,ERR,ERR,ERR,ERR,ERR,ERR,ERR,ERR,ERR,ERR,ERR,ERR,ERR,ERR,ERR,ERR,ERR,ERR,ERR,ERR,ERR,ERR,ERR,ERR,ERR,ERR,ERR,ERR,ERR,ERR,ERR,ERR,ERR,ERR,ERR,ERR,ERR,ERR,ERR,ERR,ERR,ERR,ERR,ERR,ERR,ERR,ERR,ERR,ERR,ERR,ERR,ERR,ERR,ERR,ERR,ERR,ERR,ERR,ERR,ERR,ERR,ERR,ERR,ERR,ERR,ERR,ERR,ERR,ERR,ERR,ERR,ERR,ERR,ERR,ERR,ERR,ERR,ERR,ERR,ERR,ERR,ERR,ERR,ERR,ERR,ERR,ERR,ERR,ERR,ERR,ERR,ERR,ERR,ERR,ERR,ERR,ERR,ERR,ERR,ERR,ERR,ERR,ERR,ERR,ERR,ERR,ERR,ERR,ERR,ERR,ERR,ERR,ERR,ERR,ERR,ERR,ERR,ERR,0.0,-107615288.0,-0.0,0.0,0.0,1.3936040501711995e+18,7.805,0.0,0,0,4,0,8422,0.0,45,0.0,0.0,0.0,0.0,0.0,0,0,0,0,0.0,0,0,0,0,0,0,0,0,0,0,0,0,0,0,0,0,0,0,0,0,0,0,0,0,0,0,0,0,0,0,0,0,0,38,14,7,45,65476,0,300,0,0,8,21553,0.0,-107605600.0,0.0,0.0,0.0,0.0,0.0,0.0,0.0,0.0,0.0,0.0,0.0,0.0,0.0,0.0,0.0,0.0,0.0,0.0,0.0,0.0,0.0,-2.004,-2.004,0.0,0.0,0.0,0.0,0.0,5074.0,8608184320.0,0.0,0.0,-107615288.0,0.0,-0.0,0.0,0.0,0.0,0.0,53,4.066880103266858e+29,-0.0,0.0,0.0,0.0,0.0,0.0,0.0,0.0,0,0,0,0.0,0.0,0.0,0.0,0.0,0.0,0.0,0.0,0.0,0.0,0.0,0.0,0.0,0.0,0.0,0.0,0,-107875648.0,53,0.0,106,-107614832.0,-107350944.0,ERR,ERR,ERR,ERR,ERR,ERR,ERR,ERR,ERR,ERR,ERR,ERR,ERR,ERR,ERR,ERR,ERR,ERR,ERR,ERR,ERR,ERR,ERR,ERR,ERR,ERR,ERR,ERR,ERR,ERR,ERR,ERR,ERR,ERR,ERR,ERR,ERR,ERR,ERR,ERR,ERR,ERR,ERR,ERR,ERR,ERR,ERR,ERR,ERR,ERR,ERR,ERR,ERR,ERR,ERR,ERR,ERR,ERR,ERR,ERR,ERR,ERR,ERR,ERR,ERR,ERR,ERR,50.0,60.0,100,0.0,0.0,0.0,0.0,0.0,0.0,0.0,0.0,0.0,0.0,0.0,0.0,0.0,0.0,0.0,0.0,62.0,65,20,65521,50,65476,0,300,0,0,8,20529,65476,0,0,26214,60.0,0.0,0.0,0.0,0.0,0.0
2026-05-17T16:28:58,ERR,ERR,ERR,ERR,ERR,ERR,ERR,ERR,ERR,ERR,ERR,ERR,ERR,ERR,ERR,ERR,ERR,ERR,ERR,ERR,ERR,ERR,ERR,ERR,ERR,ERR,ERR,ERR,ERR,ERR,ERR,ERR,ERR,ERR,ERR,ERR,ERR,ERR,ERR,ERR,ERR,ERR,ERR,ERR,ERR,ERR,ERR,ERR,ERR,ERR,ERR,ERR,ERR,ERR,ERR,ERR,ERR,ERR,ERR,ERR,ERR,ERR,ERR,ERR,ERR,ERR,ERR,ERR,ERR,ERR,ERR,ERR,ERR,ERR,ERR,ERR,ERR,ERR,ERR,ERR,ERR,ERR,ERR,ERR,ERR,ERR,ERR,ERR,ERR,ERR,ERR,ERR,ERR,ERR,ERR,ERR,ERR,ERR,ERR,ERR,ERR,ERR,ERR,ERR,ERR,ERR,ERR,ERR,ERR,ERR,ERR,ERR,ERR,ERR,ERR,ERR,ERR,ERR,ERR,ERR,ERR,ERR,ERR,ERR,ERR,0.0,-107615288.0,-0.0,0.0,0.0,1.3936040501711995e+18,7.805,0.0,0,0,4,0,8422,0.0,45,0.0,0.0,0.0,0.0,0.0,0,0,0,0,0.0,0,0,0,0,0,0,0,0,0,0,0,0,0,0,0,0,0,0,0,0,0,0,0,0,0,0,0,0,0,0,0,0,0,38,14,7,45,65476,0,300,0,0,8,21553,0.0,-107605600.0,0.0,0.0,0.0,0.0,0.0,0.0,0.0,0.0,0.0,0.0,0.0,0.0,0.0,0.0,0.0,0.0,0.0,0.0,0.0,0.0,0.0,-2.004,-2.004,0.0,0.0,0.0,0.0,0.0,5074.0,8608184320.0,0.0,0.0,-107615288.0,0.0,-0.0,0.0,0.0,0.0,0.0,53,4.066880103266858e+29,-0.0,0.0,0.0,0.0,0.0,0.0,0.0,0.0,0,0,0,0.0,0.0,0.0,0.0,0.0,0.0,0.0,0.0,0.0,0.0,0.0,0.0,0.0,0.0,0.0,0.0,0,-107875648.0,53,0.0,106,-107614832.0,-107350944.0,ERR,ERR,ERR,ERR,ERR,ERR,ERR,ERR,ERR,ERR,ERR,ERR,ERR,ERR,ERR,ERR,ERR,ERR,ERR,ERR,ERR,ERR,ERR,ERR,ERR,ERR,ERR,ERR,ERR,ERR,ERR,ERR,ERR,ERR,ERR,ERR,ERR,ERR,ERR,ERR,ERR,ERR,ERR,ERR,ERR,ERR,ERR,ERR,ERR,ERR,ERR,ERR,ERR,ERR,ERR,ERR,ERR,ERR,ERR,ERR,ERR,ERR,ERR,ERR,ERR,ERR,ERR,50.0,60.0,100,0.0,0.0,0.0,0.0,0.0,0.0,0.0,0.0,0.0,0.0,0.0,0.0,0.0,0.0,0.0,0.0,61.6,65,20,65521,50,65476,0,300,0,0,8,20529,65476,0,0,26214,60.0,0.0,0.0,0.0,0.0,0.0
2026-05-17T16:28:59,ERR,ERR,ERR,ERR,ERR,ERR,ERR,ERR,ERR,ERR,ERR,ERR,ERR,ERR,ERR,ERR,ERR,ERR,ERR,ERR,ERR,ERR,ERR,ERR,ERR,ERR,ERR,ERR,ERR,ERR,ERR,ERR,ERR,ERR,ERR,ERR,ERR,ERR,ERR,ERR,ERR,ERR,ERR,ERR,ERR,ERR,ERR,ERR,ERR,ERR,ERR,ERR,ERR,ERR,ERR,ERR,ERR,ERR,ERR,ERR,ERR,ERR,ERR,ERR,ERR,ERR,ERR,ERR,ERR,ERR,ERR,ERR,ERR,ERR,ERR,ERR,ERR,ERR,ERR,ERR,ERR,ERR,ERR,ERR,ERR,ERR,ERR,ERR,ERR,ERR,ERR,ERR,ERR,ERR,ERR,ERR,ERR,ERR,ERR,ERR,ERR,ERR,ERR,ERR,ERR,ERR,ERR,ERR,ERR,ERR,ERR,ERR,ERR,ERR,ERR,ERR,ERR,ERR,ERR,ERR,ERR,ERR,ERR,ERR,ERR,0.0,-107615288.0,-0.0,0.0,0.0,1.3936040501711995e+18,7.805,0.0,0,0,4,0,8422,0.0,45,0.0,0.0,0.0,0.0,0.0,0,0,0,0,0.0,0,0,0,0,0,0,0,0,0,0,0,0,0,0,0,0,0,0,0,0,0,0,0,0,0,0,0,0,0,0,0,0,0,38,14,7,45,65476,0,300,0,0,8,21553,0.0,-107605600.0,0.0,0.0,0.0,0.0,0.0,0.0,0.0,0.0,0.0,0.0,0.0,0.0,0.0,0.0,0.0,0.0,0.0,0.0,0.0,0.0,0.0,-2.004,-2.004,0.0,0.0,0.0,0.0,0.0,5074.0,8608184320.0,0.0,0.0,-107615288.0,0.0,-0.0,0.0,0.0,0.0,0.0,53,4.066880103266858e+29,-0.0,0.0,0.0,0.0,0.0,0.0,0.0,0.0,0,0,0,0.0,0.0,0.0,0.0,0.0,0.0,0.0,0.0,0.0,0.0,0.0,0.0,0.0,0.0,0.0,0.0,0,-107875648.0,53,0.0,106,-107614832.0,-107350944.0,ERR,ERR,ERR,ERR,ERR,ERR,ERR,ERR,ERR,ERR,ERR,ERR,ERR,ERR,ERR,ERR,ERR,ERR,ERR,ERR,ERR,ERR,ERR,ERR,ERR,ERR,ERR,ERR,ERR,ERR,ERR,ERR,ERR,ERR,ERR,ERR,ERR,ERR,ERR,ERR,ERR,ERR,ERR,ERR,ERR,ERR,ERR,ERR,ERR,ERR,ERR,ERR,ERR,ERR,ERR,ERR,ERR,ERR,ERR,ERR,ERR,ERR,ERR,ERR,ERR,ERR,ERR,50.0,60.0,100,0.0,0.0,0.0,0.0,0.0,0.0,0.0,0.0,0.0,0.0,0.0,0.0,0.0,0.0,0.0,0.0,61.6,65,20,65521,50,65476,0,300,0,0,8,20529,65476,0,0,26214,60.0,0.0,0.0,0.0,0.0,0.0
2026-05-17T16:29:00,ERR,ERR,ERR,ERR,ERR,ERR,ERR,ERR,ERR,ERR,ERR,ERR,ERR,ERR,ERR,ERR,ERR,ERR,ERR,ERR,ERR,ERR,ERR,ERR,ERR,ERR,ERR,ERR,ERR,ERR,ERR,ERR,ERR,ERR,ERR,ERR,ERR,ERR,ERR,ERR,ERR,ERR,ERR,ERR,ERR,ERR,ERR,ERR,ERR,ERR,ERR,ERR,ERR,ERR,ERR,ERR,ERR,ERR,ERR,ERR,ERR,ERR,ERR,ERR,ERR,ERR,ERR,ERR,ERR,ERR,ERR,ERR,ERR,ERR,ERR,ERR,ERR,ERR,ERR,ERR,ERR,ERR,ERR,ERR,ERR,ERR,ERR,ERR,ERR,ERR,ERR,ERR,ERR,ERR,ERR,ERR,ERR,ERR,ERR,ERR,ERR,ERR,ERR,ERR,ERR,ERR,ERR,ERR,ERR,ERR,ERR,ERR,ERR,ERR,ERR,ERR,ERR,ERR,ERR,ERR,ERR,ERR,ERR,ERR,ERR,0.0,-107615288.0,-0.0,0.0,0.0,1.3936040501711995e+18,7.805,0.0,0,0,4,0,8422,0.0,45,0.0,0.0,0.0,0.0,0.0,0,0,0,0,0.0,0,0,0,0,0,0,0,0,0,0,0,0,0,0,0,0,0,0,0,0,0,0,0,0,0,0,0,0,0,0,0,0,0,38,14,7,45,65476,0,300,0,0,8,21553,0.0,-107605600.0,0.0,0.0,0.0,0.0,0.0,0.0,0.0,0.0,0.0,0.0,0.0,0.0,0.0,0.0,0.0,0.0,0.0,0.0,0.0,0.0,0.0,-2.004,-0.0,0.0,0.0,0.0,0.0,0.0,5040.0,-2.004,0.0,0.0,-107615288.0,0.0,-0.0,0.0,0.0,0.0,0.0,53,2.7184300208680915e+23,-3.222003136178649e+26,0.0,0.0,0.0,0.0,0.0,0.0,0.0,0,0,0,0.0,0.0,0.0,0.0,0.0,0.0,0.0,0.0,0.0,0.0,0.0,0.0,0.0,0.0,0.0,0.0,0,-107875648.0,53,0.0,106,-107614832.0,-107350944.0,ERR,ERR,ERR,ERR,ERR,ERR,ERR,ERR,ERR,ERR,ERR,ERR,ERR,ERR,ERR,ERR,ERR,ERR,ERR,ERR,ERR,ERR,ERR,ERR,ERR,ERR,ERR,ERR,ERR,ERR,ERR,ERR,ERR,ERR,ERR,ERR,ERR,ERR,ERR,ERR,ERR,ERR,ERR,ERR,ERR,ERR,ERR,ERR,ERR,ERR,ERR,ERR,ERR,ERR,ERR,ERR,ERR,ERR,ERR,ERR,ERR,ERR,ERR,ERR,ERR,ERR,ERR,50.0,60.0,100,0.0,0.0,0.0,0.0,0.0,0.0,0.0,0.0,0.0,0.0,0.0,0.0,0.0,0.0,0.0,0.0,61.6,65,20,65521,50,65476,0,300,0,0,8,20529,65476,0,0,26214,60.0,0.0,0.0,0.0,0.0,0.0
2026-05-17T16:29:01,ERR,ERR,ERR,ERR,ERR,ERR,ERR,ERR,ERR,ERR,ERR,ERR,ERR,ERR,ERR,ERR,ERR,ERR,ERR,ERR,ERR,ERR,ERR,ERR,ERR,ERR,ERR,ERR,ERR,ERR,ERR,ERR,ERR,ERR,ERR,ERR,ERR,ERR,ERR,ERR,ERR,ERR,ERR,ERR,ERR,ERR,ERR,ERR,ERR,ERR,ERR,ERR,ERR,ERR,ERR,ERR,ERR,ERR,ERR,ERR,ERR,ERR,ERR,ERR,ERR,ERR,ERR,ERR,ERR,ERR,ERR,ERR,ERR,ERR,ERR,ERR,ERR,ERR,ERR,ERR,ERR,ERR,ERR,ERR,ERR,ERR,ERR,ERR,ERR,ERR,ERR,ERR,ERR,ERR,ERR,ERR,ERR,ERR,ERR,ERR,ERR,ERR,ERR,ERR,ERR,ERR,ERR,ERR,ERR,ERR,ERR,ERR,ERR,ERR,ERR,ERR,ERR,ERR,ERR,ERR,ERR,ERR,ERR,ERR,ERR,0.0,-107615288.0,-0.0,0.0,0.0,1.3936040501711995e+18,7.805,0.0,0,0,4,0,8422,0.0,45,0.0,0.0,0.0,0.0,0.0,0,0,0,0,0.0,0,0,0,0,0,0,0,0,0,0,0,0,0,0,0,0,0,0,0,0,0,0,0,0,0,0,0,0,0,0,0,0,0,38,14,7,45,65476,0,300,0,0,8,21553,0.0,-107605600.0,0.0,0.0,0.0,0.0,0.0,0.0,0.0,0.0,0.0,0.0,0.0,0.0,0.0,0.0,0.0,0.0,0.0,0.0,0.0,0.0,0.0,-2.004,-0.0,0.0,0.0,0.0,0.0,0.0,5040.0,-2.004,0.0,0.0,-107615288.0,0.0,-0.0,0.0,0.0,0.0,0.0,53,2.7184300208680915e+23,-3.222003136178649e+26,0.0,0.0,0.0,0.0,0.0,0.0,0.0,0,0,0,0.0,0.0,0.0,0.0,0.0,0.0,0.0,0.0,0.0,0.0,0.0,0.0,0.0,0.0,0.0,0.0,0,-107875648.0,53,0.0,106,-107614832.0,-107350944.0,ERR,ERR,ERR,ERR,ERR,ERR,ERR,ERR,ERR,ERR,ERR,ERR,ERR,ERR,ERR,ERR,ERR,ERR,ERR,ERR,ERR,ERR,ERR,ERR,ERR,ERR,ERR,ERR,ERR,ERR,ERR,ERR,ERR,ERR,ERR,ERR,ERR,ERR,ERR,ERR,ERR,ERR,ERR,ERR,ERR,ERR,ERR,ERR,ERR,ERR,ERR,ERR,ERR,ERR,ERR,ERR,ERR,ERR,ERR,ERR,ERR,ERR,ERR,ERR,ERR,ERR,ERR,50.0,60.0,100,0.0,0.0,0.0,0.0,0.0,0.0,0.0,0.0,0.0,0.0,0.0,0.0,0.0,0.0,0.0,0.0,61.6,65,20,65521,50,65476,0,300,0,0,8,20529,65476,0,0,26214,60.0,0.0,0.0,0.0,0.0,0.0
2026-05-17T16:29:02,ERR,ERR,ERR,ERR,ERR,ERR,ERR,ERR,ERR,ERR,ERR,ERR,ERR,ERR,ERR,ERR,ERR,ERR,ERR,ERR,ERR,ERR,ERR,ERR,ERR,ERR,ERR,ERR,ERR,ERR,ERR,ERR,ERR,ERR,ERR,ERR,ERR,ERR,ERR,ERR,ERR,ERR,ERR,ERR,ERR,ERR,ERR,ERR,ERR,ERR,ERR,ERR,ERR,ERR,ERR,ERR,ERR,ERR,ERR,ERR,ERR,ERR,ERR,ERR,ERR,ERR,ERR,ERR,ERR,ERR,ERR,ERR,ERR,ERR,ERR,ERR,ERR,ERR,ERR,ERR,ERR,ERR,ERR,ERR,ERR,ERR,ERR,ERR,ERR,ERR,ERR,ERR,ERR,ERR,ERR,ERR,ERR,ERR,ERR,ERR,ERR,ERR,ERR,ERR,ERR,ERR,ERR,ERR,ERR,ERR,ERR,ERR,ERR,ERR,ERR,ERR,ERR,ERR,ERR,ERR,ERR,ERR,ERR,ERR,ERR,0.0,-107615288.0,-0.0,0.0,0.0,1.3936040501711995e+18,7.805,0.0,0,0,4,0,8422,0.0,45,0.0,0.0,0.0,0.0,0.0,0,0,0,0,0.0,0,0,0,0,0,0,0,0,0,0,0,0,0,0,0,0,0,0,0,0,0,0,0,0,0,0,0,0,0,0,0,0,0,38,14,7,45,65476,0,300,0,0,8,21553,0.0,-107605600.0,0.0,0.0,0.0,0.0,0.0,0.0,0.0,0.0,0.0,0.0,0.0,0.0,0.0,0.0,0.0,0.0,0.0,0.0,0.0,0.0,0.0,-2.004,-0.0,0.0,0.0,0.0,0.0,0.0,5040.0,-2.004,0.0,0.0,-107615288.0,0.0,-0.0,0.0,0.0,0.0,0.0,53,2.7184300208680915e+23,-3.222003136178649e+26,0.0,0.0,0.0,0.0,0.0,0.0,0.0,0,0,0,0.0,0.0,0.0,0.0,0.0,0.0,0.0,0.0,0.0,0.0,0.0,0.0,0.0,0.0,0.0,0.0,0,-107875648.0,53,0.0,106,-107614832.0,-107350944.0,ERR,ERR,ERR,ERR,ERR,ERR,ERR,ERR,ERR,ERR,ERR,ERR,ERR,ERR,ERR,ERR,ERR,ERR,ERR,ERR,ERR,ERR,ERR,ERR,ERR,ERR,ERR,ERR,ERR,ERR,ERR,ERR,ERR,ERR,ERR,ERR,ERR,ERR,ERR,ERR,ERR,ERR,ERR,ERR,ERR,ERR,ERR,ERR,ERR,ERR,ERR,ERR,ERR,ERR,ERR,ERR,ERR,ERR,ERR,ERR,ERR,ERR,ERR,ERR,ERR,ERR,ERR,50.0,60.0,100,0.0,0.0,0.0,0.0,0.0,0.0,0.0,0.0,0.0,0.0,0.0,0.0,0.0,0.0,0.0,0.0,62.0,65,20,65521,50,65476,0,300,0,0,8,20529,65476,0,0,26214,60.0,0.0,0.0,0.0,0.0,0.0
2026-05-17T16:29:03,ERR,ERR,ERR,ERR,ERR,ERR,ERR,ERR,ERR,ERR,ERR,ERR,ERR,ERR,ERR,ERR,ERR,ERR,ERR,ERR,ERR,ERR,ERR,ERR,ERR,ERR,ERR,ERR,ERR,ERR,ERR,ERR,ERR,ERR,ERR,ERR,ERR,ERR,ERR,ERR,ERR,ERR,ERR,ERR,ERR,ERR,ERR,ERR,ERR,ERR,ERR,ERR,ERR,ERR,ERR,ERR,ERR,ERR,ERR,ERR,ERR,ERR,ERR,ERR,ERR,ERR,ERR,ERR,ERR,ERR,ERR,ERR,ERR,ERR,ERR,ERR,ERR,ERR,ERR,ERR,ERR,ERR,ERR,ERR,ERR,ERR,ERR,ERR,ERR,ERR,ERR,ERR,ERR,ERR,ERR,ERR,ERR,ERR,ERR,ERR,ERR,ERR,ERR,ERR,ERR,ERR,ERR,ERR,ERR,ERR,ERR,ERR,ERR,ERR,ERR,ERR,ERR,ERR,ERR,ERR,ERR,ERR,ERR,ERR,ERR,0.0,-107615288.0,-0.0,0.0,0.0,1.3936040501711995e+18,7.805,0.0,0,0,4,0,8422,0.0,45,0.0,0.0,0.0,0.0,0.0,0,0,0,0,0.0,0,0,0,0,0,0,0,0,0,0,0,0,0,0,0,0,0,0,0,0,0,0,0,0,0,0,0,0,0,0,0,0,0,38,14,7,45,65476,0,300,0,0,8,21553,0.0,-107605600.0,0.0,0.0,0.0,0.0,0.0,0.0,0.0,0.0,0.0,0.0,0.0,0.0,0.0,0.0,0.0,0.0,0.0,0.0,0.0,0.0,0.0,-2.004,-0.0,0.0,0.0,0.0,0.0,0.0,5040.0,-2.004,0.0,0.0,-107615288.0,0.0,-0.0,0.0,0.0,0.0,0.0,53,2.7184300208680915e+23,-3.222003136178649e+26,0.0,0.0,0.0,0.0,0.0,0.0,0.0,0,0,0,0.0,0.0,0.0,0.0,0.0,0.0,0.0,0.0,0.0,0.0,0.0,0.0,0.0,0.0,0.0,0.0,0,-107875648.0,53,0.0,106,-107614832.0,-107350944.0,ERR,ERR,ERR,ERR,ERR,ERR,ERR,ERR,ERR,ERR,ERR,ERR,ERR,ERR,ERR,ERR,ERR,ERR,ERR,ERR,ERR,ERR,ERR,ERR,ERR,ERR,ERR,ERR,ERR,ERR,ERR,ERR,ERR,ERR,ERR,ERR,ERR,ERR,ERR,ERR,ERR,ERR,ERR,ERR,ERR,ERR,ERR,ERR,ERR,ERR,ERR,ERR,ERR,ERR,ERR,ERR,ERR,ERR,ERR,ERR,ERR,ERR,ERR,ERR,ERR,ERR,ERR,50.0,60.0,100,0.0,0.0,0.0,0.0,0.0,0.0,0.0,0.0,0.0,0.0,0.0,0.0,0.0,0.0,0.0,0.0,61.6,65,20,65521,50,65476,0,300,0,0,8,20529,65476,0,0,26214,60.0,0.0,0.0,0.0,0.0,0.0
2026-05-17T16:29:04,ERR,ERR,ERR,ERR,ERR,ERR,ERR,ERR,ERR,ERR,ERR,ERR,ERR,ERR,ERR,ERR,ERR,ERR,ERR,ERR,ERR,ERR,ERR,ERR,ERR,ERR,ERR,ERR,ERR,ERR,ERR,ERR,ERR,ERR,ERR,ERR,ERR,ERR,ERR,ERR,ERR,ERR,ERR,ERR,ERR,ERR,ERR,ERR,ERR,ERR,ERR,ERR,ERR,ERR,ERR,ERR,ERR,ERR,ERR,ERR,ERR,ERR,ERR,ERR,ERR,ERR,ERR,ERR,ERR,ERR,ERR,ERR,ERR,ERR,ERR,ERR,ERR,ERR,ERR,ERR,ERR,ERR,ERR,ERR,ERR,ERR,ERR,ERR,ERR,ERR,ERR,ERR,ERR,ERR,ERR,ERR,ERR,ERR,ERR,ERR,ERR,ERR,ERR,ERR,ERR,ERR,ERR,ERR,ERR,ERR,ERR,ERR,ERR,ERR,ERR,ERR,ERR,ERR,ERR,ERR,ERR,ERR,ERR,ERR,ERR,0.0,-107615288.0,-0.0,0.0,0.0,1.3936040501711995e+18,7.805,0.0,0,0,4,0,8422,0.0,45,0.0,0.0,0.0,0.0,0.0,0,0,0,0,0.0,0,0,0,0,0,0,0,0,0,0,0,0,0,0,0,0,0,0,0,0,0,0,0,0,0,0,0,0,0,0,0,0,0,38,14,7,45,65476,0,300,0,0,8,21553,0.0,-107605600.0,0.0,0.0,0.0,0.0,0.0,0.0,0.0,0.0,0.0,0.0,0.0,0.0,0.0,0.0,0.0,0.0,0.0,0.0,0.0,0.0,0.0,-2.004,-0.0,0.0,0.0,0.0,0.0,0.0,5040.0,-2.004,0.0,0.0,-107615288.0,0.0,-0.0,0.0,0.0,0.0,0.0,53,2.7184300208680915e+23,-3.222003136178649e+26,0.0,0.0,0.0,0.0,0.0,0.0,0.0,0,0,0,0.0,0.0,0.0,0.0,0.0,0.0,0.0,0.0,0.0,0.0,0.0,0.0,0.0,0.0,0.0,0.0,0,-107875648.0,53,0.0,106,-107614832.0,-107350944.0,ERR,ERR,ERR,ERR,ERR,ERR,ERR,ERR,ERR,ERR,ERR,ERR,ERR,ERR,ERR,ERR,ERR,ERR,ERR,ERR,ERR,ERR,ERR,ERR,ERR,ERR,ERR,ERR,ERR,ERR,ERR,ERR,ERR,ERR,ERR,ERR,ERR,ERR,ERR,ERR,ERR,ERR,ERR,ERR,ERR,ERR,ERR,ERR,ERR,ERR,ERR,ERR,ERR,ERR,ERR,ERR,ERR,ERR,ERR,ERR,ERR,ERR,ERR,ERR,ERR,ERR,ERR,50.0,60.0,100,0.0,0.0,0.0,0.0,0.0,0.0,0.0,0.0,0.0,0.0,0.0,0.0,0.0,0.0,0.0,0.0,61.6,65,20,65521,50,65476,0,300,0,0,8,20529,65476,0,0,26214,60.0,0.0,0.0,0.0,0.0,0.0
2026-05-17T16:29:05,ERR,ERR,ERR,ERR,ERR,ERR,ERR,ERR,ERR,ERR,ERR,ERR,ERR,ERR,ERR,ERR,ERR,ERR,ERR,ERR,ERR,ERR,ERR,ERR,ERR,ERR,ERR,ERR,ERR,ERR,ERR,ERR,ERR,ERR,ERR,ERR,ERR,ERR,ERR,ERR,ERR,ERR,ERR,ERR,ERR,ERR,ERR,ERR,ERR,ERR,ERR,ERR,ERR,ERR,ERR,ERR,ERR,ERR,ERR,ERR,ERR,ERR,ERR,ERR,ERR,ERR,ERR,ERR,ERR,ERR,ERR,ERR,ERR,ERR,ERR,ERR,ERR,ERR,ERR,ERR,ERR,ERR,ERR,ERR,ERR,ERR,ERR,ERR,ERR,ERR,ERR,ERR,ERR,ERR,ERR,ERR,ERR,ERR,ERR,ERR,ERR,ERR,ERR,ERR,ERR,ERR,ERR,ERR,ERR,ERR,ERR,ERR,ERR,ERR,ERR,ERR,ERR,ERR,ERR,ERR,ERR,ERR,ERR,ERR,ERR,0.0,-107615288.0,-134474944.0,0.0,0.0,1.3936040501711995e+18,7.805,0.0,0,0,4,0,8422,0.0,45,0.0,0.0,0.0,0.0,0.0,0,0,0,0,0.0,0,0,0,0,0,0,0,0,0,0,0,0,0,0,0,0,0,0,0,0,0,0,0,0,0,0,0,0,0,0,0,0,0,38,14,7,45,65476,0,300,0,0,8,21553,0.0,-107605600.0,0.0,0.0,0.0,0.0,0.0,0.0,0.0,0.0,0.0,0.0,0.0,0.0,0.0,0.0,0.0,0.0,0.0,0.0,0.0,0.0,0.0,-2.004,-0.0,0.0,0.0,0.0,0.0,0.0,5007.0,2.004,0.0,0.0,-107615288.0,0.0,-0.0,0.0,0.0,0.0,0.0,53,2.3088403658719416e+20,0.0,0.0,0.0,0.0,0.0,0.0,0.0,0.0,0,0,0,0.0,0.0,0.0,0.0,0.0,0.0,0.0,0.0,0.0,0.0,0.0,0.0,0.0,0.0,0.0,0.0,0,-107875648.0,53,0.0,106,-107614832.0,-107350944.0,ERR,ERR,ERR,ERR,ERR,ERR,ERR,ERR,ERR,ERR,ERR,ERR,ERR,ERR,ERR,ERR,ERR,ERR,ERR,ERR,ERR,ERR,ERR,ERR,ERR,ERR,ERR,ERR,ERR,ERR,ERR,ERR,ERR,ERR,ERR,ERR,ERR,ERR,ERR,ERR,ERR,ERR,ERR,ERR,ERR,ERR,ERR,ERR,ERR,ERR,ERR,ERR,ERR,ERR,ERR,ERR,ERR,ERR,ERR,ERR,ERR,ERR,ERR,ERR,ERR,ERR,ERR,50.0,60.0,100,0.0,0.0,0.0,0.0,0.0,0.0,0.0,0.0,0.0,0.0,0.0,0.0,0.0,0.0,0.0,0.0,62.0,65,20,65521,50,65476,0,300,0,0,8,20529,65476,0,0,26214,60.0,0.0,0.0,0.0,0.0,0.0
2026-05-17T16:29:06,ERR,ERR,ERR,ERR,ERR,ERR,ERR,ERR,ERR,ERR,ERR,ERR,ERR,ERR,ERR,ERR,ERR,ERR,ERR,ERR,ERR,ERR,ERR,ERR,ERR,ERR,ERR,ERR,ERR,ERR,ERR,ERR,ERR,ERR,ERR,ERR,ERR,ERR,ERR,ERR,ERR,ERR,ERR,ERR,ERR,ERR,ERR,ERR,ERR,ERR,ERR,ERR,ERR,ERR,ERR,ERR,ERR,ERR,ERR,ERR,ERR,ERR,ERR,ERR,ERR,ERR,ERR,ERR,ERR,ERR,ERR,ERR,ERR,ERR,ERR,ERR,ERR,ERR,ERR,ERR,ERR,ERR,ERR,ERR,ERR,ERR,ERR,ERR,ERR,ERR,ERR,ERR,ERR,ERR,ERR,ERR,ERR,ERR,ERR,ERR,ERR,ERR,ERR,ERR,ERR,ERR,ERR,ERR,ERR,ERR,ERR,ERR,ERR,ERR,ERR,ERR,ERR,ERR,ERR,ERR,ERR,ERR,ERR,ERR,ERR,0.0,-107615288.0,-134474944.0,0.0,0.0,1.3936040501711995e+18,7.805,0.0,0,0,4,0,8422,0.0,45,0.0,0.0,0.0,0.0,0.0,0,0,0,0,0.0,0,0,0,0,0,0,0,0,0,0,0,0,0,0,0,0,0,0,0,0,0,0,0,0,0,0,0,0,0,0,0,0,0,38,14,7,45,65476,0,300,0,0,8,21553,0.0,-107605600.0,0.0,0.0,0.0,0.0,0.0,0.0,0.0,0.0,0.0,0.0,0.0,0.0,0.0,0.0,0.0,0.0,0.0,0.0,0.0,0.0,0.0,-2.004,-0.0,0.0,0.0,0.0,0.0,0.0,5007.0,2.004,0.0,0.0,-107615288.0,0.0,-0.0,0.0,0.0,0.0,0.0,53,2.3088403658719416e+20,0.0,0.0,0.0,0.0,0.0,0.0,0.0,0.0,0,0,0,0.0,0.0,0.0,0.0,0.0,0.0,0.0,0.0,0.0,0.0,0.0,0.0,0.0,0.0,0.0,0.0,0,-107875648.0,53,0.0,106,-107614832.0,-107350944.0,ERR,ERR,ERR,ERR,ERR,ERR,ERR,ERR,ERR,ERR,ERR,ERR,ERR,ERR,ERR,ERR,ERR,ERR,ERR,ERR,ERR,ERR,ERR,ERR,ERR,ERR,ERR,ERR,ERR,ERR,ERR,ERR,ERR,ERR,ERR,ERR,ERR,ERR,ERR,ERR,ERR,ERR,ERR,ERR,ERR,ERR,ERR,ERR,ERR,ERR,ERR,ERR,ERR,ERR,ERR,ERR,ERR,ERR,ERR,ERR,ERR,ERR,ERR,ERR,ERR,ERR,ERR,50.0,60.0,100,0.0,0.0,0.0,0.0,0.0,0.0,0.0,0.0,0.0,0.0,0.0,0.0,0.0,0.0,0.0,0.0,62.0,65,20,65521,50,65476,0,300,0,0,8,20529,65476,0,0,26214,60.0,0.0,0.0,0.0,0.0,0.0
2026-05-17T16:29:07,ERR,ERR,ERR,ERR,ERR,ERR,ERR,ERR,ERR,ERR,ERR,ERR,ERR,ERR,ERR,ERR,ERR,ERR,ERR,ERR,ERR,ERR,ERR,ERR,ERR,ERR,ERR,ERR,ERR,ERR,ERR,ERR,ERR,ERR,ERR,ERR,ERR,ERR,ERR,ERR,ERR,ERR,ERR,ERR,ERR,ERR,ERR,ERR,ERR,ERR,ERR,ERR,ERR,ERR,ERR,ERR,ERR,ERR,ERR,ERR,ERR,ERR,ERR,ERR,ERR,ERR,ERR,ERR,ERR,ERR,ERR,ERR,ERR,ERR,ERR,ERR,ERR,ERR,ERR,ERR,ERR,ERR,ERR,ERR,ERR,ERR,ERR,ERR,ERR,ERR,ERR,ERR,ERR,ERR,ERR,ERR,ERR,ERR,ERR,ERR,ERR,ERR,ERR,ERR,ERR,ERR,ERR,ERR,ERR,ERR,ERR,ERR,ERR,ERR,ERR,ERR,ERR,ERR,ERR,ERR,ERR,ERR,ERR,ERR,ERR,0.0,-107615288.0,-134474944.0,0.0,0.0,1.3936040501711995e+18,7.805,0.0,0,0,4,0,8422,0.0,45,0.0,0.0,0.0,0.0,0.0,0,0,0,0,0.0,0,0,0,0,0,0,0,0,0,0,0,0,0,0,0,0,0,0,0,0,0,0,0,0,0,0,0,0,0,0,0,0,0,38,14,7,45,65476,0,300,0,0,8,21553,0.0,-107605600.0,0.0,0.0,0.0,0.0,0.0,0.0,0.0,0.0,0.0,0.0,0.0,0.0,0.0,0.0,0.0,0.0,0.0,0.0,0.0,0.0,0.0,-2.004,-0.0,0.0,0.0,0.0,0.0,0.0,5007.0,2.004,0.0,0.0,-107615288.0,0.0,-0.0,0.0,0.0,0.0,0.0,53,2.3088403658719416e+20,0.0,0.0,0.0,0.0,0.0,0.0,0.0,0.0,0,0,0,0.0,0.0,0.0,0.0,0.0,0.0,0.0,0.0,0.0,0.0,0.0,0.0,0.0,0.0,0.0,0.0,0,-107875648.0,53,0.0,106,-107614832.0,-107350944.0,ERR,ERR,ERR,ERR,ERR,ERR,ERR,ERR,ERR,ERR,ERR,ERR,ERR,ERR,ERR,ERR,ERR,ERR,ERR,ERR,ERR,ERR,ERR,ERR,ERR,ERR,ERR,ERR,ERR,ERR,ERR,ERR,ERR,ERR,ERR,ERR,ERR,ERR,ERR,ERR,ERR,ERR,ERR,ERR,ERR,ERR,ERR,ERR,ERR,ERR,ERR,ERR,ERR,ERR,ERR,ERR,ERR,ERR,ERR,ERR,ERR,ERR,ERR,ERR,ERR,ERR,ERR,50.0,60.0,100,0.0,0.0,0.0,0.0,0.0,0.0,0.0,0.0,0.0,0.0,0.0,0.0,0.0,0.0,0.0,0.0,61.6,65,20,65521,50,65476,0,300,0,0,8,20529,65476,0,0,26214,60.0,0.0,0.0,0.0,0.0,0.0
2026-05-17T16:29:08,ERR,ERR,ERR,ERR,ERR,ERR,ERR,ERR,ERR,ERR,ERR,ERR,ERR,ERR,ERR,ERR,ERR,ERR,ERR,ERR,ERR,ERR,ERR,ERR,ERR,ERR,ERR,ERR,ERR,ERR,ERR,ERR,ERR,ERR,ERR,ERR,ERR,ERR,ERR,ERR,ERR,ERR,ERR,ERR,ERR,ERR,ERR,ERR,ERR,ERR,ERR,ERR,ERR,ERR,ERR,ERR,ERR,ERR,ERR,ERR,ERR,ERR,ERR,ERR,ERR,ERR,ERR,ERR,ERR,ERR,ERR,ERR,ERR,ERR,ERR,ERR,ERR,ERR,ERR,ERR,ERR,ERR,ERR,ERR,ERR,ERR,ERR,ERR,ERR,ERR,ERR,ERR,ERR,ERR,ERR,ERR,ERR,ERR,ERR,ERR,ERR,ERR,ERR,ERR,ERR,ERR,ERR,ERR,ERR,ERR,ERR,ERR,ERR,ERR,ERR,ERR,ERR,ERR,ERR,ERR,ERR,ERR,ERR,ERR,ERR,0.0,-107615288.0,-134474944.0,0.0,0.0,1.3936040501711995e+18,7.805,0.0,0,0,4,0,8422,0.0,45,0.0,0.0,0.0,0.0,0.0,0,0,0,0,0.0,0,0,0,0,0,0,0,0,0,0,0,0,0,0,0,0,0,0,0,0,0,0,0,0,0,0,0,0,0,0,0,0,0,38,14,7,45,65476,0,300,0,0,8,21553,0.0,-107605600.0,0.0,0.0,0.0,0.0,0.0,0.0,0.0,0.0,0.0,0.0,0.0,0.0,0.0,0.0,0.0,0.0,0.0,0.0,0.0,0.0,0.0,-2.004,-0.0,0.0,0.0,0.0,0.0,0.0,5007.0,2.004,0.0,0.0,-107615288.0,0.0,-0.0,0.0,0.0,0.0,0.0,53,2.3088403658719416e+20,0.0,0.0,0.0,0.0,0.0,0.0,0.0,0.0,0,0,0,0.0,0.0,0.0,0.0,0.0,0.0,0.0,0.0,0.0,0.0,0.0,0.0,0.0,0.0,0.0,0.0,0,-107875648.0,53,0.0,106,-107614832.0,-107350944.0,ERR,ERR,ERR,ERR,ERR,ERR,ERR,ERR,ERR,ERR,ERR,ERR,ERR,ERR,ERR,ERR,ERR,ERR,ERR,ERR,ERR,ERR,ERR,ERR,ERR,ERR,ERR,ERR,ERR,ERR,ERR,ERR,ERR,ERR,ERR,ERR,ERR,ERR,ERR,ERR,ERR,ERR,ERR,ERR,ERR,ERR,ERR,ERR,ERR,ERR,ERR,ERR,ERR,ERR,ERR,ERR,ERR,ERR,ERR,ERR,ERR,ERR,ERR,ERR,ERR,ERR,ERR,50.0,60.0,100,0.0,0.0,0.0,0.0,0.0,0.0,0.0,0.0,0.0,0.0,0.0,0.0,0.0,0.0,0.0,0.0,61.6,65,20,65521,50,65476,0,300,0,0,8,20529,65476,0,0,26214,60.0,0.0,0.0,0.0,0.0,0.0
2026-05-17T16:29:09,ERR,ERR,ERR,ERR,ERR,ERR,ERR,ERR,ERR,ERR,ERR,ERR,ERR,ERR,ERR,ERR,ERR,ERR,ERR,ERR,ERR,ERR,ERR,ERR,ERR,ERR,ERR,ERR,ERR,ERR,ERR,ERR,ERR,ERR,ERR,ERR,ERR,ERR,ERR,ERR,ERR,ERR,ERR,ERR,ERR,ERR,ERR,ERR,ERR,ERR,ERR,ERR,ERR,ERR,ERR,ERR,ERR,ERR,ERR,ERR,ERR,ERR,ERR,ERR,ERR,ERR,ERR,ERR,ERR,ERR,ERR,ERR,ERR,ERR,ERR,ERR,ERR,ERR,ERR,ERR,ERR,ERR,ERR,ERR,ERR,ERR,ERR,ERR,ERR,ERR,ERR,ERR,ERR,ERR,ERR,ERR,ERR,ERR,ERR,ERR,ERR,ERR,ERR,ERR,ERR,ERR,ERR,ERR,ERR,ERR,ERR,ERR,ERR,ERR,ERR,ERR,ERR,ERR,ERR,ERR,ERR,ERR,ERR,ERR,ERR,0.0,-107615288.0,-134474944.0,0.0,0.0,1.3936040501711995e+18,7.805,0.0,0,0,4,0,8422,0.0,45,0.0,0.0,0.0,0.0,0.0,0,0,0,0,0.0,0,0,0,0,0,0,0,0,0,0,0,0,0,0,0,0,0,0,0,0,0,0,0,0,0,0,0,0,0,0,0,0,0,38,14,7,45,65476,0,300,0,0,8,21553,0.0,-107605600.0,0.0,0.0,0.0,0.0,0.0,0.0,0.0,0.0,0.0,0.0,0.0,0.0,0.0,0.0,0.0,0.0,0.0,0.0,0.0,0.0,0.0,-2.004,-0.0,0.0,0.0,0.0,0.0,0.0,5007.0,2.004,0.0,0.0,-107615288.0,0.0,-0.0,0.0,0.0,0.0,0.0,53,2.3088403658719416e+20,0.0,0.0,0.0,0.0,0.0,0.0,0.0,0.0,0,0,0,0.0,0.0,0.0,0.0,0.0,0.0,0.0,0.0,0.0,0.0,0.0,0.0,0.0,0.0,0.0,0.0,0,-107875648.0,53,0.0,106,-107614832.0,-107350944.0,ERR,ERR,ERR,ERR,ERR,ERR,ERR,ERR,ERR,ERR,ERR,ERR,ERR,ERR,ERR,ERR,ERR,ERR,ERR,ERR,ERR,ERR,ERR,ERR,ERR,ERR,ERR,ERR,ERR,ERR,ERR,ERR,ERR,ERR,ERR,ERR,ERR,ERR,ERR,ERR,ERR,ERR,ERR,ERR,ERR,ERR,ERR,ERR,ERR,ERR,ERR,ERR,ERR,ERR,ERR,ERR,ERR,ERR,ERR,ERR,ERR,ERR,ERR,ERR,ERR,ERR,ERR,50.0,60.0,100,0.0,0.0,0.0,0.0,0.0,0.0,0.0,0.0,0.0,0.0,0.0,0.0,0.0,0.0,0.0,0.0,61.6,65,20,65521,50,65476,0,300,0,0,8,20529,65476,0,0,26214,60.0,0.0,0.0,0.0,0.0,0.0
2026-05-17T16:29:10,ERR,ERR,ERR,ERR,ERR,ERR,ERR,ERR,ERR,ERR,ERR,ERR,ERR,ERR,ERR,ERR,ERR,ERR,ERR,ERR,ERR,ERR,ERR,ERR,ERR,ERR,ERR,ERR,ERR,ERR,ERR,ERR,ERR,ERR,ERR,ERR,ERR,ERR,ERR,ERR,ERR,ERR,ERR,ERR,ERR,ERR,ERR,ERR,ERR,ERR,ERR,ERR,ERR,ERR,ERR,ERR,ERR,ERR,ERR,ERR,ERR,ERR,ERR,ERR,ERR,ERR,ERR,ERR,ERR,ERR,ERR,ERR,ERR,ERR,ERR,ERR,ERR,ERR,ERR,ERR,ERR,ERR,ERR,ERR,ERR,ERR,ERR,ERR,ERR,ERR,ERR,ERR,ERR,ERR,ERR,ERR,ERR,ERR,ERR,ERR,ERR,ERR,ERR,ERR,ERR,ERR,ERR,ERR,ERR,ERR,ERR,ERR,ERR,ERR,ERR,ERR,ERR,ERR,ERR,ERR,ERR,ERR,ERR,ERR,ERR,0.0,-107615288.0,-0.0,0.0,0.0,1.3936040501711995e+18,7.805,0.0,0,0,4,0,8422,0.0,45,0.0,0.0,0.0,0.0,0.0,0,0,0,0,0.0,0,0,0,0,0,0,0,0,0,0,0,0,0,0,0,0,0,0,0,0,0,0,0,0,0,0,0,0,0,0,0,0,0,38,14,7,45,65476,0,300,0,0,8,21553,0.0,-107605600.0,0.0,0.0,0.0,0.0,0.0,0.0,0.0,0.0,0.0,0.0,0.0,0.0,0.0,0.0,0.0,0.0,0.0,0.0,0.0,0.0,0.0,-2.004,-0.0,0.0,0.0,0.0,0.0,0.0,4975.0,-1.0406652570629681e+34,0.0,0.0,-107615288.0,0.0,-0.0,0.0,0.0,0.0,0.0,53,2.3088403658719416e+20,-0.0,0.0,0.0,0.0,0.0,0.0,0.0,0.0,0,0,0,0.0,0.0,0.0,0.0,0.0,0.0,0.0,0.0,0.0,0.0,0.0,0.0,0.0,0.0,0.0,0.0,0,-107875648.0,53,0.0,106,-107614832.0,-107350944.0,ERR,ERR,ERR,ERR,ERR,ERR,ERR,ERR,ERR,ERR,ERR,ERR,ERR,ERR,ERR,ERR,ERR,ERR,ERR,ERR,ERR,ERR,ERR,ERR,ERR,ERR,ERR,ERR,ERR,ERR,ERR,ERR,ERR,ERR,ERR,ERR,ERR,ERR,ERR,ERR,ERR,ERR,ERR,ERR,ERR,ERR,ERR,ERR,ERR,ERR,ERR,ERR,ERR,ERR,ERR,ERR,ERR,ERR,ERR,ERR,ERR,ERR,ERR,ERR,ERR,ERR,ERR,50.0,60.0,100,0.0,0.0,0.0,0.0,0.0,0.0,0.0,0.0,0.0,0.0,0.0,0.0,0.0,0.0,0.0,0.0,61.6,65,20,65521,50,65476,0,300,0,0,8,20529,65476,0,0,26214,60.0,0.0,0.0,0.0,0.0,0.0
2026-05-17T16:29:11,ERR,ERR,ERR,ERR,ERR,ERR,ERR,ERR,ERR,ERR,ERR,ERR,ERR,ERR,ERR,ERR,ERR,ERR,ERR,ERR,ERR,ERR,ERR,ERR,ERR,ERR,ERR,ERR,ERR,ERR,ERR,ERR,ERR,ERR,ERR,ERR,ERR,ERR,ERR,ERR,ERR,ERR,ERR,ERR,ERR,ERR,ERR,ERR,ERR,ERR,ERR,ERR,ERR,ERR,ERR,ERR,ERR,ERR,ERR,ERR,ERR,ERR,ERR,ERR,ERR,ERR,ERR,ERR,ERR,ERR,ERR,ERR,ERR,ERR,ERR,ERR,ERR,ERR,ERR,ERR,ERR,ERR,ERR,ERR,ERR,ERR,ERR,ERR,ERR,ERR,ERR,ERR,ERR,ERR,ERR,ERR,ERR,ERR,ERR,ERR,ERR,ERR,ERR,ERR,ERR,ERR,ERR,ERR,ERR,ERR,ERR,ERR,ERR,ERR,ERR,ERR,ERR,ERR,ERR,ERR,ERR,ERR,ERR,ERR,ERR,0.0,-107615288.0,-0.0,0.0,0.0,1.3936040501711995e+18,7.805,0.0,0,0,4,0,8422,0.0,45,0.0,0.0,0.0,0.0,0.0,0,0,0,0,0.0,0,0,0,0,0,0,0,0,0,0,0,0,0,0,0,0,0,0,0,0,0,0,0,0,0,0,0,0,0,0,0,0,0,38,14,7,45,65476,0,300,0,0,8,21553,0.0,-107605600.0,0.0,0.0,0.0,0.0,0.0,0.0,0.0,0.0,0.0,0.0,0.0,0.0,0.0,0.0,0.0,0.0,0.0,0.0,0.0,0.0,0.0,-2.004,-0.0,0.0,0.0,0.0,0.0,0.0,4975.0,-1.0406652570629681e+34,0.0,0.0,-107615288.0,0.0,-0.0,0.0,0.0,0.0,0.0,53,2.3088403658719416e+20,-0.0,0.0,0.0,0.0,0.0,0.0,0.0,0.0,0,0,0,0.0,0.0,0.0,0.0,0.0,0.0,0.0,0.0,0.0,0.0,0.0,0.0,0.0,0.0,0.0,0.0,0,-107875648.0,53,0.0,106,-107614832.0,-107350944.0,ERR,ERR,ERR,ERR,ERR,ERR,ERR,ERR,ERR,ERR,ERR,ERR,ERR,ERR,ERR,ERR,ERR,ERR,ERR,ERR,ERR,ERR,ERR,ERR,ERR,ERR,ERR,ERR,ERR,ERR,ERR,ERR,ERR,ERR,ERR,ERR,ERR,ERR,ERR,ERR,ERR,ERR,ERR,ERR,ERR,ERR,ERR,ERR,ERR,ERR,ERR,ERR,ERR,ERR,ERR,ERR,ERR,ERR,ERR,ERR,ERR,ERR,ERR,ERR,ERR,ERR,ERR,50.0,60.0,100,0.0,0.0,0.0,0.0,0.0,0.0,0.0,0.0,0.0,0.0,0.0,0.0,0.0,0.0,0.0,0.0,62.0,65,20,65521,50,65476,0,300,0,0,8,20529,65476,0,0,26214,60.0,0.0,0.0,0.0,0.0,0.0
2026-05-17T16:29:12,ERR,ERR,ERR,ERR,ERR,ERR,ERR,ERR,ERR,ERR,ERR,ERR,ERR,ERR,ERR,ERR,ERR,ERR,ERR,ERR,ERR,ERR,ERR,ERR,ERR,ERR,ERR,ERR,ERR,ERR,ERR,ERR,ERR,ERR,ERR,ERR,ERR,ERR,ERR,ERR,ERR,ERR,ERR,ERR,ERR,ERR,ERR,ERR,ERR,ERR,ERR,ERR,ERR,ERR,ERR,ERR,ERR,ERR,ERR,ERR,ERR,ERR,ERR,ERR,ERR,ERR,ERR,ERR,ERR,ERR,ERR,ERR,ERR,ERR,ERR,ERR,ERR,ERR,ERR,ERR,ERR,ERR,ERR,ERR,ERR,ERR,ERR,ERR,ERR,ERR,ERR,ERR,ERR,ERR,ERR,ERR,ERR,ERR,ERR,ERR,ERR,ERR,ERR,ERR,ERR,ERR,ERR,ERR,ERR,ERR,ERR,ERR,ERR,ERR,ERR,ERR,ERR,ERR,ERR,ERR,ERR,ERR,ERR,ERR,ERR,0.0,-107615288.0,-0.0,0.0,0.0,1.3936040501711995e+18,7.805,0.0,0,0,4,0,8422,0.0,45,0.0,0.0,0.0,0.0,0.0,0,0,0,0,0.0,0,0,0,0,0,0,0,0,0,0,0,0,0,0,0,0,0,0,0,0,0,0,0,0,0,0,0,0,0,0,0,0,0,38,14,7,45,65476,0,300,0,0,8,21553,0.0,-107605600.0,0.0,0.0,0.0,0.0,0.0,0.0,0.0,0.0,0.0,0.0,0.0,0.0,0.0,0.0,0.0,0.0,0.0,0.0,0.0,0.0,0.0,-2.004,-0.0,0.0,0.0,0.0,0.0,0.0,4975.0,-1.0406652570629681e+34,0.0,0.0,-107615288.0,0.0,-0.0,0.0,0.0,0.0,0.0,53,2.3088403658719416e+20,-0.0,0.0,0.0,0.0,0.0,0.0,0.0,0.0,0,0,0,0.0,0.0,0.0,0.0,0.0,0.0,0.0,0.0,0.0,0.0,0.0,0.0,0.0,0.0,0.0,0.0,0,-107875648.0,53,0.0,106,-107614832.0,-107350944.0,ERR,ERR,ERR,ERR,ERR,ERR,ERR,ERR,ERR,ERR,ERR,ERR,ERR,ERR,ERR,ERR,ERR,ERR,ERR,ERR,ERR,ERR,ERR,ERR,ERR,ERR,ERR,ERR,ERR,ERR,ERR,ERR,ERR,ERR,ERR,ERR,ERR,ERR,ERR,ERR,ERR,ERR,ERR,ERR,ERR,ERR,ERR,ERR,ERR,ERR,ERR,ERR,ERR,ERR,ERR,ERR,ERR,ERR,ERR,ERR,ERR,ERR,ERR,ERR,ERR,ERR,ERR,50.0,60.0,100,0.0,0.0,0.0,0.0,0.0,0.0,0.0,0.0,0.0,0.0,0.0,0.0,0.0,0.0,0.0,0.0,61.6,65,20,65521,50,65476,0,300,0,0,8,20529,65476,0,0,26214,60.0,0.0,0.0,0.0,0.0,0.0
2026-05-17T16:29:13,ERR,ERR,ERR,ERR,ERR,ERR,ERR,ERR,ERR,ERR,ERR,ERR,ERR,ERR,ERR,ERR,ERR,ERR,ERR,ERR,ERR,ERR,ERR,ERR,ERR,ERR,ERR,ERR,ERR,ERR,ERR,ERR,ERR,ERR,ERR,ERR,ERR,ERR,ERR,ERR,ERR,ERR,ERR,ERR,ERR,ERR,ERR,ERR,ERR,ERR,ERR,ERR,ERR,ERR,ERR,ERR,ERR,ERR,ERR,ERR,ERR,ERR,ERR,ERR,ERR,ERR,ERR,ERR,ERR,ERR,ERR,ERR,ERR,ERR,ERR,ERR,ERR,ERR,ERR,ERR,ERR,ERR,ERR,ERR,ERR,ERR,ERR,ERR,ERR,ERR,ERR,ERR,ERR,ERR,ERR,ERR,ERR,ERR,ERR,ERR,ERR,ERR,ERR,ERR,ERR,ERR,ERR,ERR,ERR,ERR,ERR,ERR,ERR,ERR,ERR,ERR,ERR,ERR,ERR,ERR,ERR,ERR,ERR,ERR,ERR,0.0,-107615288.0,-0.0,0.0,0.0,1.3936040501711995e+18,7.805,0.0,0,0,4,0,8422,0.0,45,0.0,0.0,0.0,0.0,0.0,0,0,0,0,0.0,0,0,0,0,0,0,0,0,0,0,0,0,0,0,0,0,0,0,0,0,0,0,0,0,0,0,0,0,0,0,0,0,0,38,14,7,45,65476,0,300,0,0,8,21553,0.0,-107605600.0,0.0,0.0,0.0,0.0,0.0,0.0,0.0,0.0,0.0,0.0,0.0,0.0,0.0,0.0,0.0,0.0,0.0,0.0,0.0,0.0,0.0,-2.004,-0.0,0.0,0.0,0.0,0.0,0.0,4975.0,-1.0406652570629681e+34,0.0,0.0,-107615288.0,0.0,-0.0,0.0,0.0,0.0,0.0,53,2.3088403658719416e+20,-0.0,0.0,0.0,0.0,0.0,0.0,0.0,0.0,0,0,0,0.0,0.0,0.0,0.0,0.0,0.0,0.0,0.0,0.0,0.0,0.0,0.0,0.0,0.0,0.0,0.0,0,-107875648.0,53,0.0,106,-107614832.0,-107350944.0,ERR,ERR,ERR,ERR,ERR,ERR,ERR,ERR,ERR,ERR,ERR,ERR,ERR,ERR,ERR,ERR,ERR,ERR,ERR,ERR,ERR,ERR,ERR,ERR,ERR,ERR,ERR,ERR,ERR,ERR,ERR,ERR,ERR,ERR,ERR,ERR,ERR,ERR,ERR,ERR,ERR,ERR,ERR,ERR,ERR,ERR,ERR,ERR,ERR,ERR,ERR,ERR,ERR,ERR,ERR,ERR,ERR,ERR,ERR,ERR,ERR,ERR,ERR,ERR,ERR,ERR,ERR,50.0,60.0,100,0.0,0.0,0.0,0.0,0.0,0.0,0.0,0.0,0.0,0.0,0.0,0.0,0.0,0.0,0.0,0.0,61.6,65,20,65521,50,65476,0,300,0,0,8,20529,65476,0,0,26214,60.0,0.0,0.0,0.0,0.0,0.0
2026-05-17T16:29:14,ERR,ERR,ERR,ERR,ERR,ERR,ERR,ERR,ERR,ERR,ERR,ERR,ERR,ERR,ERR,ERR,ERR,ERR,ERR,ERR,ERR,ERR,ERR,ERR,ERR,ERR,ERR,ERR,ERR,ERR,ERR,ERR,ERR,ERR,ERR,ERR,ERR,ERR,ERR,ERR,ERR,ERR,ERR,ERR,ERR,ERR,ERR,ERR,ERR,ERR,ERR,ERR,ERR,ERR,ERR,ERR,ERR,ERR,ERR,ERR,ERR,ERR,ERR,ERR,ERR,ERR,ERR,ERR,ERR,ERR,ERR,ERR,ERR,ERR,ERR,ERR,ERR,ERR,ERR,ERR,ERR,ERR,ERR,ERR,ERR,ERR,ERR,ERR,ERR,ERR,ERR,ERR,ERR,ERR,ERR,ERR,ERR,ERR,ERR,ERR,ERR,ERR,ERR,ERR,ERR,ERR,ERR,ERR,ERR,ERR,ERR,ERR,ERR,ERR,ERR,ERR,ERR,ERR,ERR,ERR,ERR,ERR,ERR,ERR,ERR,0.0,-107615288.0,-0.0,0.0,0.0,1.3936040501711995e+18,7.805,0.0,0,0,4,0,8422,0.0,45,0.0,0.0,0.0,0.0,0.0,0,0,0,0,0.0,0,0,0,0,0,0,0,0,0,0,0,0,0,0,0,0,0,0,0,0,0,0,0,0,0,0,0,0,0,0,0,0,0,38,14,7,45,65476,0,300,0,0,8,21553,0.0,-107605600.0,0.0,0.0,0.0,0.0,0.0,0.0,0.0,0.0,0.0,0.0,0.0,0.0,0.0,0.0,0.0,0.0,0.0,0.0,0.0,0.0,0.0,-2.004,-0.0,0.0,0.0,0.0,0.0,0.0,4975.0,-1.0406652570629681e+34,0.0,0.0,-107615288.0,0.0,-0.0,0.0,0.0,0.0,0.0,53,2.3088403658719416e+20,-0.0,0.0,0.0,0.0,0.0,0.0,0.0,0.0,0,0,0,0.0,0.0,0.0,0.0,0.0,0.0,0.0,0.0,0.0,0.0,0.0,0.0,0.0,0.0,0.0,0.0,0,-107875648.0,53,0.0,106,-107614832.0,-107350944.0,ERR,ERR,ERR,ERR,ERR,ERR,ERR,ERR,ERR,ERR,ERR,ERR,ERR,ERR,ERR,ERR,ERR,ERR,ERR,ERR,ERR,ERR,ERR,ERR,ERR,ERR,ERR,ERR,ERR,ERR,ERR,ERR,ERR,ERR,ERR,ERR,ERR,ERR,ERR,ERR,ERR,ERR,ERR,ERR,ERR,ERR,ERR,ERR,ERR,ERR,ERR,ERR,ERR,ERR,ERR,ERR,ERR,ERR,ERR,ERR,ERR,ERR,ERR,ERR,ERR,ERR,ERR,50.0,60.0,100,0.0,0.0,0.0,0.0,0.0,0.0,0.0,0.0,0.0,0.0,0.0,0.0,0.0,0.0,0.0,0.0,61.6,65,20,65521,50,65476,0,300,0,0,8,20529,65476,0,0,26214,60.0,0.0,0.0,0.0,0.0,0.0
2026-05-17T16:29:15,ERR,ERR,ERR,ERR,ERR,ERR,ERR,ERR,ERR,ERR,ERR,ERR,ERR,ERR,ERR,ERR,ERR,ERR,ERR,ERR,ERR,ERR,ERR,ERR,ERR,ERR,ERR,ERR,ERR,ERR,ERR,ERR,ERR,ERR,ERR,ERR,ERR,ERR,ERR,ERR,ERR,ERR,ERR,ERR,ERR,ERR,ERR,ERR,ERR,ERR,ERR,ERR,ERR,ERR,ERR,ERR,ERR,ERR,ERR,ERR,ERR,ERR,ERR,ERR,ERR,ERR,ERR,ERR,ERR,ERR,ERR,ERR,ERR,ERR,ERR,ERR,ERR,ERR,ERR,ERR,ERR,ERR,ERR,ERR,ERR,ERR,ERR,ERR,ERR,ERR,ERR,ERR,ERR,ERR,ERR,ERR,ERR,ERR,ERR,ERR,ERR,ERR,ERR,ERR,ERR,ERR,ERR,ERR,ERR,ERR,ERR,ERR,ERR,ERR,ERR,ERR,ERR,ERR,ERR,ERR,ERR,ERR,ERR,ERR,ERR,0.0,-107615288.0,-0.0,0.0,0.0,1.3936040501711995e+18,7.805,0.0,0,0,4,0,8422,0.0,45,0.0,0.0,0.0,0.0,0.0,0,0,0,0,0.0,0,0,0,0,0,0,0,0,0,0,0,0,0,0,0,0,0,0,0,0,0,0,0,0,0,0,0,0,0,0,0,0,0,38,14,7,45,65476,0,300,0,0,8,21553,0.0,-107605600.0,0.0,0.0,0.0,0.0,0.0,0.0,0.0,0.0,0.0,0.0,0.0,0.0,0.0,0.0,0.0,0.0,0.0,0.0,0.0,0.0,0.0,-2.004,-0.0,0.0,0.0,0.0,0.0,0.0,5007.0,-0.0,0.0,0.0,-107615288.0,0.0,-0.0,0.0,0.0,0.0,0.0,53,2.3088403658719416e+20,-0.0,0.0,0.0,0.0,0.0,0.0,0.0,0.0,0,0,0,0.0,0.0,0.0,0.0,0.0,0.0,0.0,0.0,0.0,0.0,0.0,0.0,0.0,0.0,0.0,0.0,0,-107875648.0,53,0.0,106,-107614832.0,-107350944.0,ERR,ERR,ERR,ERR,ERR,ERR,ERR,ERR,ERR,ERR,ERR,ERR,ERR,ERR,ERR,ERR,ERR,ERR,ERR,ERR,ERR,ERR,ERR,ERR,ERR,ERR,ERR,ERR,ERR,ERR,ERR,ERR,ERR,ERR,ERR,ERR,ERR,ERR,ERR,ERR,ERR,ERR,ERR,ERR,ERR,ERR,ERR,ERR,ERR,ERR,ERR,ERR,ERR,ERR,ERR,ERR,ERR,ERR,ERR,ERR,ERR,ERR,ERR,ERR,ERR,ERR,ERR,50.0,60.0,100,0.0,0.0,0.0,0.0,0.0,0.0,0.0,0.0,0.0,0.0,0.0,0.0,0.0,0.0,0.0,0.0,61.6,65,20,65521,50,65476,0,300,0,0,8,20529,65476,0,0,26214,60.0,0.0,0.0,0.0,0.0,0.0
2026-05-17T16:29:16,ERR,ERR,ERR,ERR,ERR,ERR,ERR,ERR,ERR,ERR,ERR,ERR,ERR,ERR,ERR,ERR,ERR,ERR,ERR,ERR,ERR,ERR,ERR,ERR,ERR,ERR,ERR,ERR,ERR,ERR,ERR,ERR,ERR,ERR,ERR,ERR,ERR,ERR,ERR,ERR,ERR,ERR,ERR,ERR,ERR,ERR,ERR,ERR,ERR,ERR,ERR,ERR,ERR,ERR,ERR,ERR,ERR,ERR,ERR,ERR,ERR,ERR,ERR,ERR,ERR,ERR,ERR,ERR,ERR,ERR,ERR,ERR,ERR,ERR,ERR,ERR,ERR,ERR,ERR,ERR,ERR,ERR,ERR,ERR,ERR,ERR,ERR,ERR,ERR,ERR,ERR,ERR,ERR,ERR,ERR,ERR,ERR,ERR,ERR,ERR,ERR,ERR,ERR,ERR,ERR,ERR,ERR,ERR,ERR,ERR,ERR,ERR,ERR,ERR,ERR,ERR,ERR,ERR,ERR,ERR,ERR,ERR,ERR,ERR,ERR,0.0,-107615288.0,-0.0,0.0,0.0,1.3936040501711995e+18,7.805,0.0,0,0,4,0,8422,0.0,45,0.0,0.0,0.0,0.0,0.0,0,0,0,0,0.0,0,0,0,0,0,0,0,0,0,0,0,0,0,0,0,0,0,0,0,0,0,0,0,0,0,0,0,0,0,0,0,0,0,38,14,7,45,65476,0,300,0,0,8,21553,0.0,-107605600.0,0.0,0.0,0.0,0.0,0.0,0.0,0.0,0.0,0.0,0.0,0.0,0.0,0.0,0.0,0.0,0.0,0.0,0.0,0.0,0.0,0.0,-2.004,-0.0,0.0,0.0,0.0,0.0,0.0,5007.0,-0.0,0.0,0.0,-107615288.0,0.0,-0.0,0.0,0.0,0.0,0.0,53,2.3088403658719416e+20,-0.0,0.0,0.0,0.0,0.0,0.0,0.0,0.0,0,0,0,0.0,0.0,0.0,0.0,0.0,0.0,0.0,0.0,0.0,0.0,0.0,0.0,0.0,0.0,0.0,0.0,0,-107875648.0,53,0.0,106,-107614832.0,-107350944.0,ERR,ERR,ERR,ERR,ERR,ERR,ERR,ERR,ERR,ERR,ERR,ERR,ERR,ERR,ERR,ERR,ERR,ERR,ERR,ERR,ERR,ERR,ERR,ERR,ERR,ERR,ERR,ERR,ERR,ERR,ERR,ERR,ERR,ERR,ERR,ERR,ERR,ERR,ERR,ERR,ERR,ERR,ERR,ERR,ERR,ERR,ERR,ERR,ERR,ERR,ERR,ERR,ERR,ERR,ERR,ERR,ERR,ERR,ERR,ERR,ERR,ERR,ERR,ERR,ERR,ERR,ERR,50.0,60.0,100,0.0,0.0,0.0,0.0,0.0,0.0,0.0,0.0,0.0,0.0,0.0,0.0,0.0,0.0,0.0,0.0,61.6,65,20,65521,50,65476,0,300,0,0,8,20529,65476,0,0,26214,60.0,0.0,0.0,0.0,0.0,0.0
2026-05-17T16:29:17,ERR,ERR,ERR,ERR,ERR,ERR,ERR,ERR,ERR,ERR,ERR,ERR,ERR,ERR,ERR,ERR,ERR,ERR,ERR,ERR,ERR,ERR,ERR,ERR,ERR,ERR,ERR,ERR,ERR,ERR,ERR,ERR,ERR,ERR,ERR,ERR,ERR,ERR,ERR,ERR,ERR,ERR,ERR,ERR,ERR,ERR,ERR,ERR,ERR,ERR,ERR,ERR,ERR,ERR,ERR,ERR,ERR,ERR,ERR,ERR,ERR,ERR,ERR,ERR,ERR,ERR,ERR,ERR,ERR,ERR,ERR,ERR,ERR,ERR,ERR,ERR,ERR,ERR,ERR,ERR,ERR,ERR,ERR,ERR,ERR,ERR,ERR,ERR,ERR,ERR,ERR,ERR,ERR,ERR,ERR,ERR,ERR,ERR,ERR,ERR,ERR,ERR,ERR,ERR,ERR,ERR,ERR,ERR,ERR,ERR,ERR,ERR,ERR,ERR,ERR,ERR,ERR,ERR,ERR,ERR,ERR,ERR,ERR,ERR,ERR,0.0,-107615288.0,-0.0,0.0,0.0,1.3936040501711995e+18,7.805,0.0,0,0,4,0,8422,0.0,45,0.0,0.0,0.0,0.0,0.0,0,0,0,0,0.0,0,0,0,0,0,0,0,0,0,0,0,0,0,0,0,0,0,0,0,0,0,0,0,0,0,0,0,0,0,0,0,0,0,38,14,7,45,65476,0,300,0,0,8,21553,0.0,-107605600.0,0.0,0.0,0.0,0.0,0.0,0.0,0.0,0.0,0.0,0.0,0.0,0.0,0.0,0.0,0.0,0.0,0.0,0.0,0.0,0.0,0.0,-2.004,-0.0,0.0,0.0,0.0,0.0,0.0,5007.0,-0.0,0.0,0.0,-107615288.0,0.0,-0.0,0.0,0.0,0.0,0.0,53,2.3088403658719416e+20,-0.0,0.0,0.0,0.0,0.0,0.0,0.0,0.0,0,0,0,0.0,0.0,0.0,0.0,0.0,0.0,0.0,0.0,0.0,0.0,0.0,0.0,0.0,0.0,0.0,0.0,0,-107875648.0,53,0.0,106,-107614832.0,-107350944.0,ERR,ERR,ERR,ERR,ERR,ERR,ERR,ERR,ERR,ERR,ERR,ERR,ERR,ERR,ERR,ERR,ERR,ERR,ERR,ERR,ERR,ERR,ERR,ERR,ERR,ERR,ERR,ERR,ERR,ERR,ERR,ERR,ERR,ERR,ERR,ERR,ERR,ERR,ERR,ERR,ERR,ERR,ERR,ERR,ERR,ERR,ERR,ERR,ERR,ERR,ERR,ERR,ERR,ERR,ERR,ERR,ERR,ERR,ERR,ERR,ERR,ERR,ERR,ERR,ERR,ERR,ERR,50.0,60.0,100,0.0,0.0,0.0,0.0,0.0,0.0,0.0,0.0,0.0,0.0,0.0,0.0,0.0,0.0,0.0,0.0,61.6,65,20,65521,50,65476,0,300,0,0,8,20529,65476,0,0,26214,60.0,0.0,0.0,0.0,0.0,0.0
2026-05-17T16:29:18,ERR,ERR,ERR,ERR,ERR,ERR,ERR,ERR,ERR,ERR,ERR,ERR,ERR,ERR,ERR,ERR,ERR,ERR,ERR,ERR,ERR,ERR,ERR,ERR,ERR,ERR,ERR,ERR,ERR,ERR,ERR,ERR,ERR,ERR,ERR,ERR,ERR,ERR,ERR,ERR,ERR,ERR,ERR,ERR,ERR,ERR,ERR,ERR,ERR,ERR,ERR,ERR,ERR,ERR,ERR,ERR,ERR,ERR,ERR,ERR,ERR,ERR,ERR,ERR,ERR,ERR,ERR,ERR,ERR,ERR,ERR,ERR,ERR,ERR,ERR,ERR,ERR,ERR,ERR,ERR,ERR,ERR,ERR,ERR,ERR,ERR,ERR,ERR,ERR,ERR,ERR,ERR,ERR,ERR,ERR,ERR,ERR,ERR,ERR,ERR,ERR,ERR,ERR,ERR,ERR,ERR,ERR,ERR,ERR,ERR,ERR,ERR,ERR,ERR,ERR,ERR,ERR,ERR,ERR,ERR,ERR,ERR,ERR,ERR,ERR,0.0,-107615288.0,-0.0,0.0,0.0,1.3936040501711995e+18,7.805,0.0,0,0,4,0,8422,0.0,45,0.0,0.0,0.0,0.0,0.0,0,0,0,0,0.0,0,0,0,0,0,0,0,0,0,0,0,0,0,0,0,0,0,0,0,0,0,0,0,0,0,0,0,0,0,0,0,0,0,38,14,7,45,65476,0,300,0,0,8,21553,0.0,-107605600.0,0.0,0.0,0.0,0.0,0.0,0.0,0.0,0.0,0.0,0.0,0.0,0.0,0.0,0.0,0.0,0.0,0.0,0.0,0.0,0.0,0.0,-2.004,-0.0,0.0,0.0,0.0,0.0,0.0,5007.0,-0.0,0.0,0.0,-107615288.0,0.0,-0.0,0.0,0.0,0.0,0.0,53,2.3088403658719416e+20,-0.0,0.0,0.0,0.0,0.0,0.0,0.0,0.0,0,0,0,0.0,0.0,0.0,0.0,0.0,0.0,0.0,0.0,0.0,0.0,0.0,0.0,0.0,0.0,0.0,0.0,0,-107875648.0,53,0.0,106,-107614832.0,-107350944.0,ERR,ERR,ERR,ERR,ERR,ERR,ERR,ERR,ERR,ERR,ERR,ERR,ERR,ERR,ERR,ERR,ERR,ERR,ERR,ERR,ERR,ERR,ERR,ERR,ERR,ERR,ERR,ERR,ERR,ERR,ERR,ERR,ERR,ERR,ERR,ERR,ERR,ERR,ERR,ERR,ERR,ERR,ERR,ERR,ERR,ERR,ERR,ERR,ERR,ERR,ERR,ERR,ERR,ERR,ERR,ERR,ERR,ERR,ERR,ERR,ERR,ERR,ERR,ERR,ERR,ERR,ERR,50.0,60.0,100,0.0,0.0,0.0,0.0,0.0,0.0,0.0,0.0,0.0,0.0,0.0,0.0,0.0,0.0,0.0,0.0,61.6,65,20,65521,50,65476,0,300,0,0,8,20529,65476,0,0,26214,60.0,0.0,0.0,0.0,0.0,0.0
2026-05-17T16:29:19,ERR,ERR,ERR,ERR,ERR,ERR,ERR,ERR,ERR,ERR,ERR,ERR,ERR,ERR,ERR,ERR,ERR,ERR,ERR,ERR,ERR,ERR,ERR,ERR,ERR,ERR,ERR,ERR,ERR,ERR,ERR,ERR,ERR,ERR,ERR,ERR,ERR,ERR,ERR,ERR,ERR,ERR,ERR,ERR,ERR,ERR,ERR,ERR,ERR,ERR,ERR,ERR,ERR,ERR,ERR,ERR,ERR,ERR,ERR,ERR,ERR,ERR,ERR,ERR,ERR,ERR,ERR,ERR,ERR,ERR,ERR,ERR,ERR,ERR,ERR,ERR,ERR,ERR,ERR,ERR,ERR,ERR,ERR,ERR,ERR,ERR,ERR,ERR,ERR,ERR,ERR,ERR,ERR,ERR,ERR,ERR,ERR,ERR,ERR,ERR,ERR,ERR,ERR,ERR,ERR,ERR,ERR,ERR,ERR,ERR,ERR,ERR,ERR,ERR,ERR,ERR,ERR,ERR,ERR,ERR,ERR,ERR,ERR,ERR,ERR,0.0,-107615288.0,-0.0,0.0,0.0,1.3936040501711995e+18,7.805,0.0,0,0,4,0,8422,0.0,45,0.0,0.0,0.0,0.0,0.0,0,0,0,0,0.0,0,0,0,0,0,0,0,0,0,0,0,0,0,0,0,0,0,0,0,0,0,0,0,0,0,0,0,0,0,0,0,0,0,38,14,7,45,65476,0,300,0,0,8,21553,0.0,-107605600.0,0.0,0.0,0.0,0.0,0.0,0.0,0.0,0.0,0.0,0.0,0.0,0.0,0.0,0.0,0.0,0.0,0.0,0.0,0.0,0.0,0.0,-2.004,-0.0,0.0,0.0,0.0,0.0,0.0,5007.0,-0.0,0.0,0.0,-107615288.0,0.0,-0.0,0.0,0.0,0.0,0.0,53,2.3088403658719416e+20,-0.0,0.0,0.0,0.0,0.0,0.0,0.0,0.0,0,0,0,0.0,0.0,0.0,0.0,0.0,0.0,0.0,0.0,0.0,0.0,0.0,0.0,0.0,0.0,0.0,0.0,0,-107875648.0,53,0.0,106,-107614832.0,-107350944.0,ERR,ERR,ERR,ERR,ERR,ERR,ERR,ERR,ERR,ERR,ERR,ERR,ERR,ERR,ERR,ERR,ERR,ERR,ERR,ERR,ERR,ERR,ERR,ERR,ERR,ERR,ERR,ERR,ERR,ERR,ERR,ERR,ERR,ERR,ERR,ERR,ERR,ERR,ERR,ERR,ERR,ERR,ERR,ERR,ERR,ERR,ERR,ERR,ERR,ERR,ERR,ERR,ERR,ERR,ERR,ERR,ERR,ERR,ERR,ERR,ERR,ERR,ERR,ERR,ERR,ERR,ERR,50.0,60.0,100,0.0,0.0,0.0,0.0,0.0,0.0,0.0,0.0,0.0,0.0,0.0,0.0,0.0,0.0,0.0,0.0,61.6,65,20,65521,50,65476,0,300,0,0,8,20529,65476,0,0,26214,60.0,0.0,0.0,0.0,0.0,0.0
2026-05-17T16:29:20,ERR,ERR,ERR,ERR,ERR,ERR,ERR,ERR,ERR,ERR,ERR,ERR,ERR,ERR,ERR,ERR,ERR,ERR,ERR,ERR,ERR,ERR,ERR,ERR,ERR,ERR,ERR,ERR,ERR,ERR,ERR,ERR,ERR,ERR,ERR,ERR,ERR,ERR,ERR,ERR,ERR,ERR,ERR,ERR,ERR,ERR,ERR,ERR,ERR,ERR,ERR,ERR,ERR,ERR,ERR,ERR,ERR,ERR,ERR,ERR,ERR,ERR,ERR,ERR,ERR,ERR,ERR,ERR,ERR,ERR,ERR,ERR,ERR,ERR,ERR,ERR,ERR,ERR,ERR,ERR,ERR,ERR,ERR,ERR,ERR,ERR,ERR,ERR,ERR,ERR,ERR,ERR,ERR,ERR,ERR,ERR,ERR,ERR,ERR,ERR,ERR,ERR,ERR,ERR,ERR,ERR,ERR,ERR,ERR,ERR,ERR,ERR,ERR,ERR,ERR,ERR,ERR,ERR,ERR,ERR,ERR,ERR,ERR,ERR,ERR,0.0,-107615288.0,-0.0,0.0,0.0,1.3936040501711995e+18,7.805,0.0,0,0,4,0,8422,0.0,45,0.0,0.0,0.0,0.0,0.0,0,0,0,0,0.0,0,0,0,0,0,0,0,0,0,0,0,0,0,0,0,0,0,0,0,0,0,0,0,0,0,0,0,0,0,0,0,0,0,38,14,7,45,65476,0,300,0,0,8,21553,0.0,-107605600.0,0.0,0.0,0.0,0.0,0.0,0.0,0.0,0.0,0.0,0.0,0.0,0.0,0.0,0.0,0.0,0.0,0.0,0.0,0.0,0.0,0.0,-2.004,-0.0,0.0,0.0,0.0,0.0,0.0,5043.0,-0.0,0.0,0.0,-107615288.0,0.0,-0.0,0.0,0.0,0.0,0.0,53,4.950428597886765e+32,-71.629,0.0,0.0,0.0,0.0,0.0,0.0,0.0,0,0,0,0.0,0.0,0.0,0.0,0.0,0.0,0.0,0.0,0.0,0.0,0.0,0.0,0.0,0.0,0.0,0.0,0,-107875648.0,53,0.0,106,-107614832.0,-107350944.0,ERR,ERR,ERR,ERR,ERR,ERR,ERR,ERR,ERR,ERR,ERR,ERR,ERR,ERR,ERR,ERR,ERR,ERR,ERR,ERR,ERR,ERR,ERR,ERR,ERR,ERR,ERR,ERR,ERR,ERR,ERR,ERR,ERR,ERR,ERR,ERR,ERR,ERR,ERR,ERR,ERR,ERR,ERR,ERR,ERR,ERR,ERR,ERR,ERR,ERR,ERR,ERR,ERR,ERR,ERR,ERR,ERR,ERR,ERR,ERR,ERR,ERR,ERR,ERR,ERR,ERR,ERR,50.0,60.0,100,0.0,0.0,0.0,0.0,0.0,0.0,0.0,0.0,0.0,0.0,0.0,0.0,0.0,0.0,0.0,0.0,61.6,65,20,65521,50,65476,0,300,0,0,8,20529,65476,0,0,26214,60.0,0.0,0.0,0.0,0.0,0.0
2026-05-17T16:29:21,ERR,ERR,ERR,ERR,ERR,ERR,ERR,ERR,ERR,ERR,ERR,ERR,ERR,ERR,ERR,ERR,ERR,ERR,ERR,ERR,ERR,ERR,ERR,ERR,ERR,ERR,ERR,ERR,ERR,ERR,ERR,ERR,ERR,ERR,ERR,ERR,ERR,ERR,ERR,ERR,ERR,ERR,ERR,ERR,ERR,ERR,ERR,ERR,ERR,ERR,ERR,ERR,ERR,ERR,ERR,ERR,ERR,ERR,ERR,ERR,ERR,ERR,ERR,ERR,ERR,ERR,ERR,ERR,ERR,ERR,ERR,ERR,ERR,ERR,ERR,ERR,ERR,ERR,ERR,ERR,ERR,ERR,ERR,ERR,ERR,ERR,ERR,ERR,ERR,ERR,ERR,ERR,ERR,ERR,ERR,ERR,ERR,ERR,ERR,ERR,ERR,ERR,ERR,ERR,ERR,ERR,ERR,ERR,ERR,ERR,ERR,ERR,ERR,ERR,ERR,ERR,ERR,ERR,ERR,ERR,ERR,ERR,ERR,ERR,ERR,0.0,-107615288.0,-0.0,0.0,0.0,1.3936040501711995e+18,7.805,0.0,0,0,4,0,8422,0.0,45,0.0,0.0,0.0,0.0,0.0,0,0,0,0,0.0,0,0,0,0,0,0,0,0,0,0,0,0,0,0,0,0,0,0,0,0,0,0,0,0,0,0,0,0,0,0,0,0,0,38,14,7,45,65476,0,300,0,0,8,21553,0.0,-107605600.0,0.0,0.0,0.0,0.0,0.0,0.0,0.0,0.0,0.0,0.0,0.0,0.0,0.0,0.0,0.0,0.0,0.0,0.0,0.0,0.0,0.0,-2.004,-0.0,0.0,0.0,0.0,0.0,0.0,5043.0,-0.0,0.0,0.0,-107615288.0,0.0,-0.0,0.0,0.0,0.0,0.0,53,4.950428597886765e+32,-71.629,0.0,0.0,0.0,0.0,0.0,0.0,0.0,0,0,0,0.0,0.0,0.0,0.0,0.0,0.0,0.0,0.0,0.0,0.0,0.0,0.0,0.0,0.0,0.0,0.0,0,-107875648.0,53,0.0,106,-107614832.0,-107350944.0,ERR,ERR,ERR,ERR,ERR,ERR,ERR,ERR,ERR,ERR,ERR,ERR,ERR,ERR,ERR,ERR,ERR,ERR,ERR,ERR,ERR,ERR,ERR,ERR,ERR,ERR,ERR,ERR,ERR,ERR,ERR,ERR,ERR,ERR,ERR,ERR,ERR,ERR,ERR,ERR,ERR,ERR,ERR,ERR,ERR,ERR,ERR,ERR,ERR,ERR,ERR,ERR,ERR,ERR,ERR,ERR,ERR,ERR,ERR,ERR,ERR,ERR,ERR,ERR,ERR,ERR,ERR,50.0,60.0,100,0.0,0.0,0.0,0.0,0.0,0.0,0.0,0.0,0.0,0.0,0.0,0.0,0.0,0.0,0.0,0.0,62.0,65,20,65521,50,65476,0,300,0,0,8,20529,65476,0,0,26214,60.0,0.0,0.0,0.0,0.0,0.0
2026-05-17T16:29:22,ERR,ERR,ERR,ERR,ERR,ERR,ERR,ERR,ERR,ERR,ERR,ERR,ERR,ERR,ERR,ERR,ERR,ERR,ERR,ERR,ERR,ERR,ERR,ERR,ERR,ERR,ERR,ERR,ERR,ERR,ERR,ERR,ERR,ERR,ERR,ERR,ERR,ERR,ERR,ERR,ERR,ERR,ERR,ERR,ERR,ERR,ERR,ERR,ERR,ERR,ERR,ERR,ERR,ERR,ERR,ERR,ERR,ERR,ERR,ERR,ERR,ERR,ERR,ERR,ERR,ERR,ERR,ERR,ERR,ERR,ERR,ERR,ERR,ERR,ERR,ERR,ERR,ERR,ERR,ERR,ERR,ERR,ERR,ERR,ERR,ERR,ERR,ERR,ERR,ERR,ERR,ERR,ERR,ERR,ERR,ERR,ERR,ERR,ERR,ERR,ERR,ERR,ERR,ERR,ERR,ERR,ERR,ERR,ERR,ERR,ERR,ERR,ERR,ERR,ERR,ERR,ERR,ERR,ERR,ERR,ERR,ERR,ERR,ERR,ERR,0.0,-107615288.0,-0.0,0.0,0.0,1.3936040501711995e+18,7.805,0.0,0,0,4,0,8422,0.0,45,0.0,0.0,0.0,0.0,0.0,0,0,0,0,0.0,0,0,0,0,0,0,0,0,0,0,0,0,0,0,0,0,0,0,0,0,0,0,0,0,0,0,0,0,0,0,0,0,0,38,14,7,45,65476,0,300,0,0,8,21553,0.0,-107605600.0,0.0,0.0,0.0,0.0,0.0,0.0,0.0,0.0,0.0,0.0,0.0,0.0,0.0,0.0,0.0,0.0,0.0,0.0,0.0,0.0,0.0,-2.004,-0.0,0.0,0.0,0.0,0.0,0.0,5043.0,-0.0,0.0,0.0,-107615288.0,0.0,-0.0,0.0,0.0,0.0,0.0,53,4.950428597886765e+32,-71.629,0.0,0.0,0.0,0.0,0.0,0.0,0.0,0,0,0,0.0,0.0,0.0,0.0,0.0,0.0,0.0,0.0,0.0,0.0,0.0,0.0,0.0,0.0,0.0,0.0,0,-107875648.0,53,0.0,106,-107614832.0,-107350944.0,ERR,ERR,ERR,ERR,ERR,ERR,ERR,ERR,ERR,ERR,ERR,ERR,ERR,ERR,ERR,ERR,ERR,ERR,ERR,ERR,ERR,ERR,ERR,ERR,ERR,ERR,ERR,ERR,ERR,ERR,ERR,ERR,ERR,ERR,ERR,ERR,ERR,ERR,ERR,ERR,ERR,ERR,ERR,ERR,ERR,ERR,ERR,ERR,ERR,ERR,ERR,ERR,ERR,ERR,ERR,ERR,ERR,ERR,ERR,ERR,ERR,ERR,ERR,ERR,ERR,ERR,ERR,50.0,60.0,100,0.0,0.0,0.0,0.0,0.0,0.0,0.0,0.0,0.0,0.0,0.0,0.0,0.0,0.0,0.0,0.0,62.0,65,20,65521,50,65476,0,300,0,0,8,20529,65476,0,0,26214,60.0,0.0,0.0,0.0,0.0,0.0
2026-05-17T16:29:23,ERR,ERR,ERR,ERR,ERR,ERR,ERR,ERR,ERR,ERR,ERR,ERR,ERR,ERR,ERR,ERR,ERR,ERR,ERR,ERR,ERR,ERR,ERR,ERR,ERR,ERR,ERR,ERR,ERR,ERR,ERR,ERR,ERR,ERR,ERR,ERR,ERR,ERR,ERR,ERR,ERR,ERR,ERR,ERR,ERR,ERR,ERR,ERR,ERR,ERR,ERR,ERR,ERR,ERR,ERR,ERR,ERR,ERR,ERR,ERR,ERR,ERR,ERR,ERR,ERR,ERR,ERR,ERR,ERR,ERR,ERR,ERR,ERR,ERR,ERR,ERR,ERR,ERR,ERR,ERR,ERR,ERR,ERR,ERR,ERR,ERR,ERR,ERR,ERR,ERR,ERR,ERR,ERR,ERR,ERR,ERR,ERR,ERR,ERR,ERR,ERR,ERR,ERR,ERR,ERR,ERR,ERR,ERR,ERR,ERR,ERR,ERR,ERR,ERR,ERR,ERR,ERR,ERR,ERR,ERR,ERR,ERR,ERR,ERR,ERR,0.0,-107615288.0,-0.0,0.0,0.0,1.3936040501711995e+18,7.805,0.0,0,0,4,0,8422,0.0,45,0.0,0.0,0.0,0.0,0.0,0,0,0,0,0.0,0,0,0,0,0,0,0,0,0,0,0,0,0,0,0,0,0,0,0,0,0,0,0,0,0,0,0,0,0,0,0,0,0,38,14,7,45,65476,0,300,0,0,8,21553,0.0,-107605600.0,0.0,0.0,0.0,0.0,0.0,0.0,0.0,0.0,0.0,0.0,0.0,0.0,0.0,0.0,0.0,0.0,0.0,0.0,0.0,0.0,0.0,-2.004,-0.0,0.0,0.0,0.0,0.0,0.0,5043.0,-0.0,0.0,0.0,-107615288.0,0.0,-0.0,0.0,0.0,0.0,0.0,53,4.950428597886765e+32,-71.629,0.0,0.0,0.0,0.0,0.0,0.0,0.0,0,0,0,0.0,0.0,0.0,0.0,0.0,0.0,0.0,0.0,0.0,0.0,0.0,0.0,0.0,0.0,0.0,0.0,0,-107875648.0,53,0.0,106,-107614832.0,-107350944.0,ERR,ERR,ERR,ERR,ERR,ERR,ERR,ERR,ERR,ERR,ERR,ERR,ERR,ERR,ERR,ERR,ERR,ERR,ERR,ERR,ERR,ERR,ERR,ERR,ERR,ERR,ERR,ERR,ERR,ERR,ERR,ERR,ERR,ERR,ERR,ERR,ERR,ERR,ERR,ERR,ERR,ERR,ERR,ERR,ERR,ERR,ERR,ERR,ERR,ERR,ERR,ERR,ERR,ERR,ERR,ERR,ERR,ERR,ERR,ERR,ERR,ERR,ERR,ERR,ERR,ERR,ERR,50.0,60.0,100,0.0,0.0,0.0,0.0,0.0,0.0,0.0,0.0,0.0,0.0,0.0,0.0,0.0,0.0,0.0,0.0,61.6,65,20,65521,50,65476,0,300,0,0,8,20529,65476,0,0,26214,60.0,0.0,0.0,0.0,0.0,0.0
2026-05-17T16:29:24,ERR,ERR,ERR,ERR,ERR,ERR,ERR,ERR,ERR,ERR,ERR,ERR,ERR,ERR,ERR,ERR,ERR,ERR,ERR,ERR,ERR,ERR,ERR,ERR,ERR,ERR,ERR,ERR,ERR,ERR,ERR,ERR,ERR,ERR,ERR,ERR,ERR,ERR,ERR,ERR,ERR,ERR,ERR,ERR,ERR,ERR,ERR,ERR,ERR,ERR,ERR,ERR,ERR,ERR,ERR,ERR,ERR,ERR,ERR,ERR,ERR,ERR,ERR,ERR,ERR,ERR,ERR,ERR,ERR,ERR,ERR,ERR,ERR,ERR,ERR,ERR,ERR,ERR,ERR,ERR,ERR,ERR,ERR,ERR,ERR,ERR,ERR,ERR,ERR,ERR,ERR,ERR,ERR,ERR,ERR,ERR,ERR,ERR,ERR,ERR,ERR,ERR,ERR,ERR,ERR,ERR,ERR,ERR,ERR,ERR,ERR,ERR,ERR,ERR,ERR,ERR,ERR,ERR,ERR,ERR,ERR,ERR,ERR,ERR,ERR,0.0,-107615288.0,-0.0,0.0,0.0,1.3936040501711995e+18,7.805,0.0,0,0,4,0,8422,0.0,45,0.0,0.0,0.0,0.0,0.0,0,0,0,0,0.0,0,0,0,0,0,0,0,0,0,0,0,0,0,0,0,0,0,0,0,0,0,0,0,0,0,0,0,0,0,0,0,0,0,38,14,7,45,65476,0,300,0,0,8,21553,0.0,-107605600.0,0.0,0.0,0.0,0.0,0.0,0.0,0.0,0.0,0.0,0.0,0.0,0.0,0.0,0.0,0.0,0.0,0.0,0.0,0.0,0.0,0.0,-2.004,-0.0,0.0,0.0,0.0,0.0,0.0,5043.0,-0.0,0.0,0.0,-107615288.0,0.0,-0.0,0.0,0.0,0.0,0.0,53,4.950428597886765e+32,-71.629,0.0,0.0,0.0,0.0,0.0,0.0,0.0,0,0,0,0.0,0.0,0.0,0.0,0.0,0.0,0.0,0.0,0.0,0.0,0.0,0.0,0.0,0.0,0.0,0.0,0,-107875648.0,53,0.0,106,-107614832.0,-107350944.0,ERR,ERR,ERR,ERR,ERR,ERR,ERR,ERR,ERR,ERR,ERR,ERR,ERR,ERR,ERR,ERR,ERR,ERR,ERR,ERR,ERR,ERR,ERR,ERR,ERR,ERR,ERR,ERR,ERR,ERR,ERR,ERR,ERR,ERR,ERR,ERR,ERR,ERR,ERR,ERR,ERR,ERR,ERR,ERR,ERR,ERR,ERR,ERR,ERR,ERR,ERR,ERR,ERR,ERR,ERR,ERR,ERR,ERR,ERR,ERR,ERR,ERR,ERR,ERR,ERR,ERR,ERR,50.0,60.0,100,0.0,0.0,0.0,0.0,0.0,0.0,0.0,0.0,0.0,0.0,0.0,0.0,0.0,0.0,0.0,0.0,61.6,65,20,65521,50,65476,0,300,0,0,8,20529,65476,0,0,26214,60.0,0.0,0.0,0.0,0.0,0.0
2026-05-17T16:29:25,ERR,ERR,ERR,ERR,ERR,ERR,ERR,ERR,ERR,ERR,ERR,ERR,ERR,ERR,ERR,ERR,ERR,ERR,ERR,ERR,ERR,ERR,ERR,ERR,ERR,ERR,ERR,ERR,ERR,ERR,ERR,ERR,ERR,ERR,ERR,ERR,ERR,ERR,ERR,ERR,ERR,ERR,ERR,ERR,ERR,ERR,ERR,ERR,ERR,ERR,ERR,ERR,ERR,ERR,ERR,ERR,ERR,ERR,ERR,ERR,ERR,ERR,ERR,ERR,ERR,ERR,ERR,ERR,ERR,ERR,ERR,ERR,ERR,ERR,ERR,ERR,ERR,ERR,ERR,ERR,ERR,ERR,ERR,ERR,ERR,ERR,ERR,ERR,ERR,ERR,ERR,ERR,ERR,ERR,ERR,ERR,ERR,ERR,ERR,ERR,ERR,ERR,ERR,ERR,ERR,ERR,ERR,ERR,ERR,ERR,ERR,ERR,ERR,ERR,ERR,ERR,ERR,ERR,ERR,ERR,ERR,ERR,ERR,ERR,ERR,0.0,-107615288.0,-0.0,0.0,0.0,1.3936040501711995e+18,7.805,0.0,0,0,4,0,8422,0.0,45,0.0,0.0,0.0,0.0,0.0,0,0,0,0,0.0,0,0,0,0,0,0,0,0,0,0,0,0,0,0,0,0,0,0,0,0,0,0,0,0,0,0,0,0,0,0,0,0,0,38,14,7,45,65476,0,300,0,0,8,21553,0.0,-107605600.0,0.0,0.0,0.0,0.0,0.0,0.0,0.0,0.0,0.0,0.0,0.0,0.0,0.0,0.0,0.0,0.0,0.0,0.0,0.0,0.0,0.0,-2.004,-0.0,0.0,0.0,0.0,0.0,0.0,5043.0,-0.0,0.0,0.0,-107615288.0,0.0,-0.0,0.0,0.0,0.0,0.0,53,4.950428597886765e+32,-71.629,0.0,0.0,0.0,0.0,0.0,0.0,0.0,0,0,0,0.0,0.0,0.0,0.0,0.0,0.0,0.0,0.0,0.0,0.0,0.0,0.0,0.0,0.0,0.0,0.0,0,-107875648.0,53,0.0,106,-107614832.0,-107350944.0,ERR,ERR,ERR,ERR,ERR,ERR,ERR,ERR,ERR,ERR,ERR,ERR,ERR,ERR,ERR,ERR,ERR,ERR,ERR,ERR,ERR,ERR,ERR,ERR,ERR,ERR,ERR,ERR,ERR,ERR,ERR,ERR,ERR,ERR,ERR,ERR,ERR,ERR,ERR,ERR,ERR,ERR,ERR,ERR,ERR,ERR,ERR,ERR,ERR,ERR,ERR,ERR,ERR,ERR,ERR,ERR,ERR,ERR,ERR,ERR,ERR,ERR,ERR,ERR,ERR,ERR,ERR,50.0,60.0,100,0.0,0.0,0.0,0.0,0.0,0.0,0.0,0.0,0.0,0.0,0.0,0.0,0.0,0.0,0.0,0.0,61.6,65,20,65521,50,65476,0,300,0,0,8,20529,65476,0,0,26214,60.0,0.0,0.0,0.0,0.0,0.0
2026-05-17T16:29:26,ERR,ERR,ERR,ERR,ERR,ERR,ERR,ERR,ERR,ERR,ERR,ERR,ERR,ERR,ERR,ERR,ERR,ERR,ERR,ERR,ERR,ERR,ERR,ERR,ERR,ERR,ERR,ERR,ERR,ERR,ERR,ERR,ERR,ERR,ERR,ERR,ERR,ERR,ERR,ERR,ERR,ERR,ERR,ERR,ERR,ERR,ERR,ERR,ERR,ERR,ERR,ERR,ERR,ERR,ERR,ERR,ERR,ERR,ERR,ERR,ERR,ERR,ERR,ERR,ERR,ERR,ERR,ERR,ERR,ERR,ERR,ERR,ERR,ERR,ERR,ERR,ERR,ERR,ERR,ERR,ERR,ERR,ERR,ERR,ERR,ERR,ERR,ERR,ERR,ERR,ERR,ERR,ERR,ERR,ERR,ERR,ERR,ERR,ERR,ERR,ERR,ERR,ERR,ERR,ERR,ERR,ERR,ERR,ERR,ERR,ERR,ERR,ERR,ERR,ERR,ERR,ERR,ERR,ERR,ERR,ERR,ERR,ERR,ERR,ERR,0.0,-107615288.0,-0.0,0.0,0.0,1.3936040501711995e+18,7.805,0.0,0,0,4,0,8422,0.0,45,0.0,0.0,0.0,0.0,0.0,0,0,0,0,0.0,0,0,0,0,0,0,0,0,0,0,0,0,0,0,0,0,0,0,0,0,0,0,0,0,0,0,0,0,0,0,0,0,0,38,14,7,45,65476,0,300,0,0,8,21553,0.0,-107605600.0,0.0,0.0,0.0,0.0,0.0,0.0,0.0,0.0,0.0,0.0,0.0,0.0,0.0,0.0,0.0,0.0,0.0,0.0,0.0,0.0,0.0,-2.004,-0.0,0.0,0.0,0.0,0.0,0.0,5041.0,0.0,0.0,0.0,-107615288.0,0.0,-0.0,0.0,0.0,0.0,0.0,53,3.222028592685471e+26,0.059,0.0,0.0,0.0,0.0,0.0,0.0,0.0,0,0,0,0.0,0.0,0.0,0.0,0.0,0.0,0.0,0.0,0.0,0.0,0.0,0.0,0.0,0.0,0.0,0.0,0,-107875648.0,53,0.0,106,-107614832.0,-107350944.0,ERR,ERR,ERR,ERR,ERR,ERR,ERR,ERR,ERR,ERR,ERR,ERR,ERR,ERR,ERR,ERR,ERR,ERR,ERR,ERR,ERR,ERR,ERR,ERR,ERR,ERR,ERR,ERR,ERR,ERR,ERR,ERR,ERR,ERR,ERR,ERR,ERR,ERR,ERR,ERR,ERR,ERR,ERR,ERR,ERR,ERR,ERR,ERR,ERR,ERR,ERR,ERR,ERR,ERR,ERR,ERR,ERR,ERR,ERR,ERR,ERR,ERR,ERR,ERR,ERR,ERR,ERR,50.0,60.0,100,0.0,0.0,0.0,0.0,0.0,0.0,0.0,0.0,0.0,0.0,0.0,0.0,0.0,0.0,0.0,0.0,61.6,65,20,65521,50,65476,0,300,0,0,8,20529,65476,0,0,26214,60.0,0.0,0.0,0.0,0.0,0.0
2026-05-17T16:29:27,ERR,ERR,ERR,ERR,ERR,ERR,ERR,ERR,ERR,ERR,ERR,ERR,ERR,ERR,ERR,ERR,ERR,ERR,ERR,ERR,ERR,ERR,ERR,ERR,ERR,ERR,ERR,ERR,ERR,ERR,ERR,ERR,ERR,ERR,ERR,ERR,ERR,ERR,ERR,ERR,ERR,ERR,ERR,ERR,ERR,ERR,ERR,ERR,ERR,ERR,ERR,ERR,ERR,ERR,ERR,ERR,ERR,ERR,ERR,ERR,ERR,ERR,ERR,ERR,ERR,ERR,ERR,ERR,ERR,ERR,ERR,ERR,ERR,ERR,ERR,ERR,ERR,ERR,ERR,ERR,ERR,ERR,ERR,ERR,ERR,ERR,ERR,ERR,ERR,ERR,ERR,ERR,ERR,ERR,ERR,ERR,ERR,ERR,ERR,ERR,ERR,ERR,ERR,ERR,ERR,ERR,ERR,ERR,ERR,ERR,ERR,ERR,ERR,ERR,ERR,ERR,ERR,ERR,ERR,ERR,ERR,ERR,ERR,ERR,ERR,0.0,-107615288.0,-0.0,0.0,0.0,1.3936040501711995e+18,7.805,0.0,0,0,4,0,8422,0.0,45,0.0,0.0,0.0,0.0,0.0,0,0,0,0,0.0,0,0,0,0,0,0,0,0,0,0,0,0,0,0,0,0,0,0,0,0,0,0,0,0,0,0,0,0,0,0,0,0,0,38,14,7,45,65476,0,300,0,0,8,21553,0.0,-107605600.0,0.0,0.0,0.0,0.0,0.0,0.0,0.0,0.0,0.0,0.0,0.0,0.0,0.0,0.0,0.0,0.0,0.0,0.0,0.0,0.0,0.0,-2.004,-0.0,0.0,0.0,0.0,0.0,0.0,5041.0,0.0,0.0,0.0,-107615288.0,0.0,-0.0,0.0,0.0,0.0,0.0,53,3.222028592685471e+26,0.059,0.0,0.0,0.0,0.0,0.0,0.0,0.0,0,0,0,0.0,0.0,0.0,0.0,0.0,0.0,0.0,0.0,0.0,0.0,0.0,0.0,0.0,0.0,0.0,0.0,0,-107875648.0,53,0.0,106,-107614832.0,-107350944.0,ERR,ERR,ERR,ERR,ERR,ERR,ERR,ERR,ERR,ERR,ERR,ERR,ERR,ERR,ERR,ERR,ERR,ERR,ERR,ERR,ERR,ERR,ERR,ERR,ERR,ERR,ERR,ERR,ERR,ERR,ERR,ERR,ERR,ERR,ERR,ERR,ERR,ERR,ERR,ERR,ERR,ERR,ERR,ERR,ERR,ERR,ERR,ERR,ERR,ERR,ERR,ERR,ERR,ERR,ERR,ERR,ERR,ERR,ERR,ERR,ERR,ERR,ERR,ERR,ERR,ERR,ERR,50.0,60.0,100,0.0,0.0,0.0,0.0,0.0,0.0,0.0,0.0,0.0,0.0,0.0,0.0,0.0,0.0,0.0,0.0,61.6,65,20,65521,50,65476,0,300,0,0,8,20529,65476,0,0,26214,60.0,0.0,0.0,0.0,0.0,0.0
2026-05-17T16:29:28,ERR,ERR,ERR,ERR,ERR,ERR,ERR,ERR,ERR,ERR,ERR,ERR,ERR,ERR,ERR,ERR,ERR,ERR,ERR,ERR,ERR,ERR,ERR,ERR,ERR,ERR,ERR,ERR,ERR,ERR,ERR,ERR,ERR,ERR,ERR,ERR,ERR,ERR,ERR,ERR,ERR,ERR,ERR,ERR,ERR,ERR,ERR,ERR,ERR,ERR,ERR,ERR,ERR,ERR,ERR,ERR,ERR,ERR,ERR,ERR,ERR,ERR,ERR,ERR,ERR,ERR,ERR,ERR,ERR,ERR,ERR,ERR,ERR,ERR,ERR,ERR,ERR,ERR,ERR,ERR,ERR,ERR,ERR,ERR,ERR,ERR,ERR,ERR,ERR,ERR,ERR,ERR,ERR,ERR,ERR,ERR,ERR,ERR,ERR,ERR,ERR,ERR,ERR,ERR,ERR,ERR,ERR,ERR,ERR,ERR,ERR,ERR,ERR,ERR,ERR,ERR,ERR,ERR,ERR,ERR,ERR,ERR,ERR,ERR,ERR,0.0,-107615288.0,-0.0,0.0,0.0,1.3936040501711995e+18,7.805,0.0,0,0,4,0,8422,0.0,45,0.0,0.0,0.0,0.0,0.0,0,0,0,0,0.0,0,0,0,0,0,0,0,0,0,0,0,0,0,0,0,0,0,0,0,0,0,0,0,0,0,0,0,0,0,0,0,0,0,38,14,7,45,65476,0,300,0,0,8,21553,0.0,-107605600.0,0.0,0.0,0.0,0.0,0.0,0.0,0.0,0.0,0.0,0.0,0.0,0.0,0.0,0.0,0.0,0.0,0.0,0.0,0.0,0.0,0.0,-2.004,-0.0,0.0,0.0,0.0,0.0,0.0,5041.0,0.0,0.0,0.0,-107615288.0,0.0,-0.0,0.0,0.0,0.0,0.0,53,3.222028592685471e+26,0.059,0.0,0.0,0.0,0.0,0.0,0.0,0.0,0,0,0,0.0,0.0,0.0,0.0,0.0,0.0,0.0,0.0,0.0,0.0,0.0,0.0,0.0,0.0,0.0,0.0,0,-107875648.0,53,0.0,106,-107614832.0,-107350944.0,ERR,ERR,ERR,ERR,ERR,ERR,ERR,ERR,ERR,ERR,ERR,ERR,ERR,ERR,ERR,ERR,ERR,ERR,ERR,ERR,ERR,ERR,ERR,ERR,ERR,ERR,ERR,ERR,ERR,ERR,ERR,ERR,ERR,ERR,ERR,ERR,ERR,ERR,ERR,ERR,ERR,ERR,ERR,ERR,ERR,ERR,ERR,ERR,ERR,ERR,ERR,ERR,ERR,ERR,ERR,ERR,ERR,ERR,ERR,ERR,ERR,ERR,ERR,ERR,ERR,ERR,ERR,50.0,60.0,100,0.0,0.0,0.0,0.0,0.0,0.0,0.0,0.0,0.0,0.0,0.0,0.0,0.0,0.0,0.0,0.0,61.6,65,20,65521,50,65476,0,300,0,0,8,20529,65476,0,0,26214,60.0,0.0,0.0,0.0,0.0,0.0
2026-05-17T16:29:29,ERR,ERR,ERR,ERR,ERR,ERR,ERR,ERR,ERR,ERR,ERR,ERR,ERR,ERR,ERR,ERR,ERR,ERR,ERR,ERR,ERR,ERR,ERR,ERR,ERR,ERR,ERR,ERR,ERR,ERR,ERR,ERR,ERR,ERR,ERR,ERR,ERR,ERR,ERR,ERR,ERR,ERR,ERR,ERR,ERR,ERR,ERR,ERR,ERR,ERR,ERR,ERR,ERR,ERR,ERR,ERR,ERR,ERR,ERR,ERR,ERR,ERR,ERR,ERR,ERR,ERR,ERR,ERR,ERR,ERR,ERR,ERR,ERR,ERR,ERR,ERR,ERR,ERR,ERR,ERR,ERR,ERR,ERR,ERR,ERR,ERR,ERR,ERR,ERR,ERR,ERR,ERR,ERR,ERR,ERR,ERR,ERR,ERR,ERR,ERR,ERR,ERR,ERR,ERR,ERR,ERR,ERR,ERR,ERR,ERR,ERR,ERR,ERR,ERR,ERR,ERR,ERR,ERR,ERR,ERR,ERR,ERR,ERR,ERR,ERR,0.0,-107615288.0,-0.0,0.0,0.0,1.3936040501711995e+18,7.805,0.0,0,0,4,0,8422,0.0,45,0.0,0.0,0.0,0.0,0.0,0,0,0,0,0.0,0,0,0,0,0,0,0,0,0,0,0,0,0,0,0,0,0,0,0,0,0,0,0,0,0,0,0,0,0,0,0,0,0,38,14,7,45,65476,0,300,0,0,8,21553,0.0,-107605600.0,0.0,0.0,0.0,0.0,0.0,0.0,0.0,0.0,0.0,0.0,0.0,0.0,0.0,0.0,0.0,0.0,0.0,0.0,0.0,0.0,0.0,-2.004,-0.0,0.0,0.0,0.0,0.0,0.0,5041.0,0.0,0.0,0.0,-107615288.0,0.0,-0.0,0.0,0.0,0.0,0.0,53,3.222028592685471e+26,0.059,0.0,0.0,0.0,0.0,0.0,0.0,0.0,0,0,0,0.0,0.0,0.0,0.0,0.0,0.0,0.0,0.0,0.0,0.0,0.0,0.0,0.0,0.0,0.0,0.0,0,-107875648.0,53,0.0,106,-107614832.0,-107350944.0,ERR,ERR,ERR,ERR,ERR,ERR,ERR,ERR,ERR,ERR,ERR,ERR,ERR,ERR,ERR,ERR,ERR,ERR,ERR,ERR,ERR,ERR,ERR,ERR,ERR,ERR,ERR,ERR,ERR,ERR,ERR,ERR,ERR,ERR,ERR,ERR,ERR,ERR,ERR,ERR,ERR,ERR,ERR,ERR,ERR,ERR,ERR,ERR,ERR,ERR,ERR,ERR,ERR,ERR,ERR,ERR,ERR,ERR,ERR,ERR,ERR,ERR,ERR,ERR,ERR,ERR,ERR,50.0,60.0,100,0.0,0.0,0.0,0.0,0.0,0.0,0.0,0.0,0.0,0.0,0.0,0.0,0.0,0.0,0.0,0.0,61.6,65,20,65521,50,65476,0,300,0,0,8,20529,65476,0,0,26214,60.0,0.0,0.0,0.0,0.0,0.0
2026-05-17T16:29:30,ERR,ERR,ERR,ERR,ERR,ERR,ERR,ERR,ERR,ERR,ERR,ERR,ERR,ERR,ERR,ERR,ERR,ERR,ERR,ERR,ERR,ERR,ERR,ERR,ERR,ERR,ERR,ERR,ERR,ERR,ERR,ERR,ERR,ERR,ERR,ERR,ERR,ERR,ERR,ERR,ERR,ERR,ERR,ERR,ERR,ERR,ERR,ERR,ERR,ERR,ERR,ERR,ERR,ERR,ERR,ERR,ERR,ERR,ERR,ERR,ERR,ERR,ERR,ERR,ERR,ERR,ERR,ERR,ERR,ERR,ERR,ERR,ERR,ERR,ERR,ERR,ERR,ERR,ERR,ERR,ERR,ERR,ERR,ERR,ERR,ERR,ERR,ERR,ERR,ERR,ERR,ERR,ERR,ERR,ERR,ERR,ERR,ERR,ERR,ERR,ERR,ERR,ERR,ERR,ERR,ERR,ERR,ERR,ERR,ERR,ERR,ERR,ERR,ERR,ERR,ERR,ERR,ERR,ERR,ERR,ERR,ERR,ERR,ERR,ERR,0.0,-107615288.0,-0.0,0.0,0.0,1.3936040501711995e+18,7.805,0.0,0,0,4,0,8422,0.0,45,0.0,0.0,0.0,0.0,0.0,0,0,0,0,0.0,0,0,0,0,0,0,0,0,0,0,0,0,0,0,0,0,0,0,0,0,0,0,0,0,0,0,0,0,0,0,0,0,0,38,14,7,45,65476,0,300,0,0,8,21553,0.0,-107605600.0,0.0,0.0,0.0,0.0,0.0,0.0,0.0,0.0,0.0,0.0,0.0,0.0,0.0,0.0,0.0,0.0,0.0,0.0,0.0,0.0,0.0,-2.004,-0.0,0.0,0.0,0.0,0.0,0.0,5041.0,0.0,0.0,0.0,-107615288.0,0.0,-0.0,0.0,0.0,0.0,0.0,53,3.222028592685471e+26,0.059,0.0,0.0,0.0,0.0,0.0,0.0,0.0,0,0,0,0.0,0.0,0.0,0.0,0.0,0.0,0.0,0.0,0.0,0.0,0.0,0.0,0.0,0.0,0.0,0.0,0,-107875648.0,53,0.0,106,-107614832.0,-107350944.0,ERR,ERR,ERR,ERR,ERR,ERR,ERR,ERR,ERR,ERR,ERR,ERR,ERR,ERR,ERR,ERR,ERR,ERR,ERR,ERR,ERR,ERR,ERR,ERR,ERR,ERR,ERR,ERR,ERR,ERR,ERR,ERR,ERR,ERR,ERR,ERR,ERR,ERR,ERR,ERR,ERR,ERR,ERR,ERR,ERR,ERR,ERR,ERR,ERR,ERR,ERR,ERR,ERR,ERR,ERR,ERR,ERR,ERR,ERR,ERR,ERR,ERR,ERR,ERR,ERR,ERR,ERR,50.0,60.0,100,0.0,0.0,0.0,0.0,0.0,0.0,0.0,0.0,0.0,0.0,0.0,0.0,0.0,0.0,0.0,0.0,61.6,65,20,65521,50,65476,0,300,0,0,8,20529,65476,0,0,26214,60.0,0.0,0.0,0.0,0.0,0.0
2026-05-17T16:29:31,ERR,ERR,ERR,ERR,ERR,ERR,ERR,ERR,ERR,ERR,ERR,ERR,ERR,ERR,ERR,ERR,ERR,ERR,ERR,ERR,ERR,ERR,ERR,ERR,ERR,ERR,ERR,ERR,ERR,ERR,ERR,ERR,ERR,ERR,ERR,ERR,ERR,ERR,ERR,ERR,ERR,ERR,ERR,ERR,ERR,ERR,ERR,ERR,ERR,ERR,ERR,ERR,ERR,ERR,ERR,ERR,ERR,ERR,ERR,ERR,ERR,ERR,ERR,ERR,ERR,ERR,ERR,ERR,ERR,ERR,ERR,ERR,ERR,ERR,ERR,ERR,ERR,ERR,ERR,ERR,ERR,ERR,ERR,ERR,ERR,ERR,ERR,ERR,ERR,ERR,ERR,ERR,ERR,ERR,ERR,ERR,ERR,ERR,ERR,ERR,ERR,ERR,ERR,ERR,ERR,ERR,ERR,ERR,ERR,ERR,ERR,ERR,ERR,ERR,ERR,ERR,ERR,ERR,ERR,ERR,ERR,ERR,ERR,ERR,ERR,0.0,-107615288.0,-0.0,0.0,0.0,1.3936040501711995e+18,7.805,0.0,0,0,4,0,8422,0.0,45,0.0,0.0,0.0,0.0,0.0,0,0,0,0,0.0,0,0,0,0,0,0,0,0,0,0,0,0,0,0,0,0,0,0,0,0,0,0,0,0,0,0,0,0,0,0,0,0,0,38,14,7,45,65476,0,300,0,0,8,21553,0.0,-107605600.0,0.0,0.0,0.0,0.0,0.0,0.0,0.0,0.0,0.0,0.0,0.0,0.0,0.0,0.0,0.0,0.0,0.0,0.0,0.0,0.0,0.0,-2.004,-0.0,0.0,0.0,0.0,0.0,0.0,5009.0,-0.0,0.0,0.0,-107615288.0,0.0,-0.0,0.0,0.0,0.0,0.0,53,3.222028592685471e+26,-0.0,0.0,0.0,0.0,0.0,0.0,0.0,0.0,0,0,0,0.0,0.0,0.0,0.0,0.0,0.0,0.0,0.0,0.0,0.0,0.0,0.0,0.0,0.0,0.0,0.0,0,-107875648.0,53,0.0,106,-107614832.0,-107350944.0,ERR,ERR,ERR,ERR,ERR,ERR,ERR,ERR,ERR,ERR,ERR,ERR,ERR,ERR,ERR,ERR,ERR,ERR,ERR,ERR,ERR,ERR,ERR,ERR,ERR,ERR,ERR,ERR,ERR,ERR,ERR,ERR,ERR,ERR,ERR,ERR,ERR,ERR,ERR,ERR,ERR,ERR,ERR,ERR,ERR,ERR,ERR,ERR,ERR,ERR,ERR,ERR,ERR,ERR,ERR,ERR,ERR,ERR,ERR,ERR,ERR,ERR,ERR,ERR,ERR,ERR,ERR,50.0,60.0,100,0.0,0.0,0.0,0.0,0.0,0.0,0.0,0.0,0.0,0.0,0.0,0.0,0.0,0.0,0.0,0.0,61.6,65,20,65521,50,65476,0,300,0,0,8,20529,65476,0,0,26214,60.0,0.0,0.0,0.0,0.0,0.0
2026-05-17T16:29:32,ERR,ERR,ERR,ERR,ERR,ERR,ERR,ERR,ERR,ERR,ERR,ERR,ERR,ERR,ERR,ERR,ERR,ERR,ERR,ERR,ERR,ERR,ERR,ERR,ERR,ERR,ERR,ERR,ERR,ERR,ERR,ERR,ERR,ERR,ERR,ERR,ERR,ERR,ERR,ERR,ERR,ERR,ERR,ERR,ERR,ERR,ERR,ERR,ERR,ERR,ERR,ERR,ERR,ERR,ERR,ERR,ERR,ERR,ERR,ERR,ERR,ERR,ERR,ERR,ERR,ERR,ERR,ERR,ERR,ERR,ERR,ERR,ERR,ERR,ERR,ERR,ERR,ERR,ERR,ERR,ERR,ERR,ERR,ERR,ERR,ERR,ERR,ERR,ERR,ERR,ERR,ERR,ERR,ERR,ERR,ERR,ERR,ERR,ERR,ERR,ERR,ERR,ERR,ERR,ERR,ERR,ERR,ERR,ERR,ERR,ERR,ERR,ERR,ERR,ERR,ERR,ERR,ERR,ERR,ERR,ERR,ERR,ERR,ERR,ERR,0.0,-107615288.0,-0.0,0.0,0.0,1.3936040501711995e+18,7.805,0.0,0,0,4,0,8422,0.0,45,0.0,0.0,0.0,0.0,0.0,0,0,0,0,0.0,0,0,0,0,0,0,0,0,0,0,0,0,0,0,0,0,0,0,0,0,0,0,0,0,0,0,0,0,0,0,0,0,0,38,14,7,45,65476,0,300,0,0,8,21553,0.0,-107605600.0,0.0,0.0,0.0,0.0,0.0,0.0,0.0,0.0,0.0,0.0,0.0,0.0,0.0,0.0,0.0,0.0,0.0,0.0,0.0,0.0,0.0,-2.004,-0.0,0.0,0.0,0.0,0.0,0.0,5009.0,-0.0,0.0,0.0,-107615288.0,0.0,-0.0,0.0,0.0,0.0,0.0,53,3.222028592685471e+26,-0.0,0.0,0.0,0.0,0.0,0.0,0.0,0.0,0,0,0,0.0,0.0,0.0,0.0,0.0,0.0,0.0,0.0,0.0,0.0,0.0,0.0,0.0,0.0,0.0,0.0,0,-107875648.0,53,0.0,106,-107614832.0,-107350944.0,ERR,ERR,ERR,ERR,ERR,ERR,ERR,ERR,ERR,ERR,ERR,ERR,ERR,ERR,ERR,ERR,ERR,ERR,ERR,ERR,ERR,ERR,ERR,ERR,ERR,ERR,ERR,ERR,ERR,ERR,ERR,ERR,ERR,ERR,ERR,ERR,ERR,ERR,ERR,ERR,ERR,ERR,ERR,ERR,ERR,ERR,ERR,ERR,ERR,ERR,ERR,ERR,ERR,ERR,ERR,ERR,ERR,ERR,ERR,ERR,ERR,ERR,ERR,ERR,ERR,ERR,ERR,50.0,60.0,100,0.0,0.0,0.0,0.0,0.0,0.0,0.0,0.0,0.0,0.0,0.0,0.0,0.0,0.0,0.0,0.0,61.6,65,20,65521,50,65476,0,300,0,0,8,20529,65476,0,0,26214,60.0,0.0,0.0,0.0,0.0,0.0
2026-05-17T16:29:33,ERR,ERR,ERR,ERR,ERR,ERR,ERR,ERR,ERR,ERR,ERR,ERR,ERR,ERR,ERR,ERR,ERR,ERR,ERR,ERR,ERR,ERR,ERR,ERR,ERR,ERR,ERR,ERR,ERR,ERR,ERR,ERR,ERR,ERR,ERR,ERR,ERR,ERR,ERR,ERR,ERR,ERR,ERR,ERR,ERR,ERR,ERR,ERR,ERR,ERR,ERR,ERR,ERR,ERR,ERR,ERR,ERR,ERR,ERR,ERR,ERR,ERR,ERR,ERR,ERR,ERR,ERR,ERR,ERR,ERR,ERR,ERR,ERR,ERR,ERR,ERR,ERR,ERR,ERR,ERR,ERR,ERR,ERR,ERR,ERR,ERR,ERR,ERR,ERR,ERR,ERR,ERR,ERR,ERR,ERR,ERR,ERR,ERR,ERR,ERR,ERR,ERR,ERR,ERR,ERR,ERR,ERR,ERR,ERR,ERR,ERR,ERR,ERR,ERR,ERR,ERR,ERR,ERR,ERR,ERR,ERR,ERR,ERR,ERR,ERR,0.0,-107615288.0,-0.0,0.0,0.0,1.3936040501711995e+18,7.805,0.0,0,0,4,0,8422,0.0,45,0.0,0.0,0.0,0.0,0.0,0,0,0,0,0.0,0,0,0,0,0,0,0,0,0,0,0,0,0,0,0,0,0,0,0,0,0,0,0,0,0,0,0,0,0,0,0,0,0,38,14,7,45,65476,0,300,0,0,8,21553,0.0,-107605600.0,0.0,0.0,0.0,0.0,0.0,0.0,0.0,0.0,0.0,0.0,0.0,0.0,0.0,0.0,0.0,0.0,0.0,0.0,0.0,0.0,0.0,-2.004,-0.0,0.0,0.0,0.0,0.0,0.0,5009.0,-0.0,0.0,0.0,-107615288.0,0.0,-0.0,0.0,0.0,0.0,0.0,53,3.222028592685471e+26,-0.0,0.0,0.0,0.0,0.0,0.0,0.0,0.0,0,0,0,0.0,0.0,0.0,0.0,0.0,0.0,0.0,0.0,0.0,0.0,0.0,0.0,0.0,0.0,0.0,0.0,0,-107875648.0,53,0.0,106,-107614832.0,-107350944.0,ERR,ERR,ERR,ERR,ERR,ERR,ERR,ERR,ERR,ERR,ERR,ERR,ERR,ERR,ERR,ERR,ERR,ERR,ERR,ERR,ERR,ERR,ERR,ERR,ERR,ERR,ERR,ERR,ERR,ERR,ERR,ERR,ERR,ERR,ERR,ERR,ERR,ERR,ERR,ERR,ERR,ERR,ERR,ERR,ERR,ERR,ERR,ERR,ERR,ERR,ERR,ERR,ERR,ERR,ERR,ERR,ERR,ERR,ERR,ERR,ERR,ERR,ERR,ERR,ERR,ERR,ERR,50.0,60.0,100,0.0,0.0,0.0,0.0,0.0,0.0,0.0,0.0,0.0,0.0,0.0,0.0,0.0,0.0,0.0,0.0,62.0,65,20,65521,50,65476,0,300,0,0,8,20529,65476,0,0,26214,60.0,0.0,0.0,0.0,0.0,0.0
2026-05-17T16:29:34,ERR,ERR,ERR,ERR,ERR,ERR,ERR,ERR,ERR,ERR,ERR,ERR,ERR,ERR,ERR,ERR,ERR,ERR,ERR,ERR,ERR,ERR,ERR,ERR,ERR,ERR,ERR,ERR,ERR,ERR,ERR,ERR,ERR,ERR,ERR,ERR,ERR,ERR,ERR,ERR,ERR,ERR,ERR,ERR,ERR,ERR,ERR,ERR,ERR,ERR,ERR,ERR,ERR,ERR,ERR,ERR,ERR,ERR,ERR,ERR,ERR,ERR,ERR,ERR,ERR,ERR,ERR,ERR,ERR,ERR,ERR,ERR,ERR,ERR,ERR,ERR,ERR,ERR,ERR,ERR,ERR,ERR,ERR,ERR,ERR,ERR,ERR,ERR,ERR,ERR,ERR,ERR,ERR,ERR,ERR,ERR,ERR,ERR,ERR,ERR,ERR,ERR,ERR,ERR,ERR,ERR,ERR,ERR,ERR,ERR,ERR,ERR,ERR,ERR,ERR,ERR,ERR,ERR,ERR,ERR,ERR,ERR,ERR,ERR,ERR,0.0,-107615288.0,-0.0,0.0,0.0,1.3936040501711995e+18,7.805,0.0,0,0,4,0,8422,0.0,45,0.0,0.0,0.0,0.0,0.0,0,0,0,0,0.0,0,0,0,0,0,0,0,0,0,0,0,0,0,0,0,0,0,0,0,0,0,0,0,0,0,0,0,0,0,0,0,0,0,38,14,7,45,65476,0,300,0,0,8,21553,0.0,-107605600.0,0.0,0.0,0.0,0.0,0.0,0.0,0.0,0.0,0.0,0.0,0.0,0.0,0.0,0.0,0.0,0.0,0.0,0.0,0.0,0.0,0.0,-2.004,-0.0,0.0,0.0,0.0,0.0,0.0,5009.0,-0.0,0.0,0.0,-107615288.0,0.0,-0.0,0.0,0.0,0.0,0.0,53,3.222028592685471e+26,-0.0,0.0,0.0,0.0,0.0,0.0,0.0,0.0,0,0,0,0.0,0.0,0.0,0.0,0.0,0.0,0.0,0.0,0.0,0.0,0.0,0.0,0.0,0.0,0.0,0.0,0,-107875648.0,53,0.0,106,-107614832.0,-107350944.0,ERR,ERR,ERR,ERR,ERR,ERR,ERR,ERR,ERR,ERR,ERR,ERR,ERR,ERR,ERR,ERR,ERR,ERR,ERR,ERR,ERR,ERR,ERR,ERR,ERR,ERR,ERR,ERR,ERR,ERR,ERR,ERR,ERR,ERR,ERR,ERR,ERR,ERR,ERR,ERR,ERR,ERR,ERR,ERR,ERR,ERR,ERR,ERR,ERR,ERR,ERR,ERR,ERR,ERR,ERR,ERR,ERR,ERR,ERR,ERR,ERR,ERR,ERR,ERR,ERR,ERR,ERR,50.0,60.0,100,0.0,0.0,0.0,0.0,0.0,0.0,0.0,0.0,0.0,0.0,0.0,0.0,0.0,0.0,0.0,0.0,62.0,65,20,65521,50,65476,0,300,0,0,8,20529,65476,0,0,26214,60.0,0.0,0.0,0.0,0.0,0.0
2026-05-17T16:29:35,ERR,ERR,ERR,ERR,ERR,ERR,ERR,ERR,ERR,ERR,ERR,ERR,ERR,ERR,ERR,ERR,ERR,ERR,ERR,ERR,ERR,ERR,ERR,ERR,ERR,ERR,ERR,ERR,ERR,ERR,ERR,ERR,ERR,ERR,ERR,ERR,ERR,ERR,ERR,ERR,ERR,ERR,ERR,ERR,ERR,ERR,ERR,ERR,ERR,ERR,ERR,ERR,ERR,ERR,ERR,ERR,ERR,ERR,ERR,ERR,ERR,ERR,ERR,ERR,ERR,ERR,ERR,ERR,ERR,ERR,ERR,ERR,ERR,ERR,ERR,ERR,ERR,ERR,ERR,ERR,ERR,ERR,ERR,ERR,ERR,ERR,ERR,ERR,ERR,ERR,ERR,ERR,ERR,ERR,ERR,ERR,ERR,ERR,ERR,ERR,ERR,ERR,ERR,ERR,ERR,ERR,ERR,ERR,ERR,ERR,ERR,ERR,ERR,ERR,ERR,ERR,ERR,ERR,ERR,ERR,ERR,ERR,ERR,ERR,ERR,0.0,-107615288.0,-0.0,0.0,0.0,1.3936040501711995e+18,7.805,0.0,0,0,4,0,8422,0.0,45,0.0,0.0,0.0,0.0,0.0,0,0,0,0,0.0,0,0,0,0,0,0,0,0,0,0,0,0,0,0,0,0,0,0,0,0,0,0,0,0,0,0,0,0,0,0,0,0,0,38,14,7,45,65476,0,300,0,0,8,21553,0.0,-107605600.0,0.0,0.0,0.0,0.0,0.0,0.0,0.0,0.0,0.0,0.0,0.0,0.0,0.0,0.0,0.0,0.0,0.0,0.0,0.0,0.0,0.0,-2.004,-0.0,0.0,0.0,0.0,0.0,0.0,5009.0,-0.0,0.0,0.0,-107615288.0,0.0,-0.0,0.0,0.0,0.0,0.0,53,3.222028592685471e+26,-0.0,0.0,0.0,0.0,0.0,0.0,0.0,0.0,0,0,0,0.0,0.0,0.0,0.0,0.0,0.0,0.0,0.0,0.0,0.0,0.0,0.0,0.0,0.0,0.0,0.0,0,-107875648.0,53,0.0,106,-107614832.0,-107350944.0,ERR,ERR,ERR,ERR,ERR,ERR,ERR,ERR,ERR,ERR,ERR,ERR,ERR,ERR,ERR,ERR,ERR,ERR,ERR,ERR,ERR,ERR,ERR,ERR,ERR,ERR,ERR,ERR,ERR,ERR,ERR,ERR,ERR,ERR,ERR,ERR,ERR,ERR,ERR,ERR,ERR,ERR,ERR,ERR,ERR,ERR,ERR,ERR,ERR,ERR,ERR,ERR,ERR,ERR,ERR,ERR,ERR,ERR,ERR,ERR,ERR,ERR,ERR,ERR,ERR,ERR,ERR,50.0,60.0,100,0.0,0.0,0.0,0.0,0.0,0.0,0.0,0.0,0.0,0.0,0.0,0.0,0.0,0.0,0.0,0.0,62.0,65,20,65521,50,65476,0,300,0,0,8,20529,65476,0,0,26214,60.0,0.0,0.0,0.0,0.0,0.0
2026-05-17T16:29:36,ERR,ERR,ERR,ERR,ERR,ERR,ERR,ERR,ERR,ERR,ERR,ERR,ERR,ERR,ERR,ERR,ERR,ERR,ERR,ERR,ERR,ERR,ERR,ERR,ERR,ERR,ERR,ERR,ERR,ERR,ERR,ERR,ERR,ERR,ERR,ERR,ERR,ERR,ERR,ERR,ERR,ERR,ERR,ERR,ERR,ERR,ERR,ERR,ERR,ERR,ERR,ERR,ERR,ERR,ERR,ERR,ERR,ERR,ERR,ERR,ERR,ERR,ERR,ERR,ERR,ERR,ERR,ERR,ERR,ERR,ERR,ERR,ERR,ERR,ERR,ERR,ERR,ERR,ERR,ERR,ERR,ERR,ERR,ERR,ERR,ERR,ERR,ERR,ERR,ERR,ERR,ERR,ERR,ERR,ERR,ERR,ERR,ERR,ERR,ERR,ERR,ERR,ERR,ERR,ERR,ERR,ERR,ERR,ERR,ERR,ERR,ERR,ERR,ERR,ERR,ERR,ERR,ERR,ERR,ERR,ERR,ERR,ERR,ERR,ERR,0.0,-107615288.0,-0.0,0.0,0.0,1.3936040501711995e+18,7.805,0.0,0,0,4,0,8422,0.0,45,0.0,0.0,0.0,0.0,0.0,0,0,0,0,0.0,0,0,0,0,0,0,0,0,0,0,0,0,0,0,0,0,0,0,0,0,0,0,0,0,0,0,0,0,0,0,0,0,0,38,14,7,45,65476,0,300,0,0,8,21553,0.0,-107605600.0,0.0,0.0,0.0,0.0,0.0,0.0,0.0,0.0,0.0,0.0,0.0,0.0,0.0,0.0,0.0,0.0,0.0,0.0,0.0,0.0,0.0,-2.004,-0.0,0.0,0.0,0.0,0.0,0.0,5034.0,0.0,0.0,0.0,-107615288.0,0.0,-0.0,0.0,0.0,0.0,0.0,53,89221.109,-4.9504015179484054e+32,0.0,0.0,0.0,0.0,0.0,0.0,0.0,0,0,0,0.0,0.0,0.0,0.0,0.0,0.0,0.0,0.0,0.0,0.0,0.0,0.0,0.0,0.0,0.0,0.0,0,-107875648.0,53,0.0,106,-107614832.0,-107350944.0,ERR,ERR,ERR,ERR,ERR,ERR,ERR,ERR,ERR,ERR,ERR,ERR,ERR,ERR,ERR,ERR,ERR,ERR,ERR,ERR,ERR,ERR,ERR,ERR,ERR,ERR,ERR,ERR,ERR,ERR,ERR,ERR,ERR,ERR,ERR,ERR,ERR,ERR,ERR,ERR,ERR,ERR,ERR,ERR,ERR,ERR,ERR,ERR,ERR,ERR,ERR,ERR,ERR,ERR,ERR,ERR,ERR,ERR,ERR,ERR,ERR,ERR,ERR,ERR,ERR,ERR,ERR,50.0,60.0,100,0.0,0.0,0.0,0.0,0.0,0.0,0.0,0.0,0.0,0.0,0.0,0.0,0.0,0.0,0.0,0.0,62.0,65,20,65521,50,65476,0,300,0,0,8,20529,65476,0,0,26214,60.0,0.0,0.0,0.0,0.0,0.0
2026-05-17T16:29:37,ERR,ERR,ERR,ERR,ERR,ERR,ERR,ERR,ERR,ERR,ERR,ERR,ERR,ERR,ERR,ERR,ERR,ERR,ERR,ERR,ERR,ERR,ERR,ERR,ERR,ERR,ERR,ERR,ERR,ERR,ERR,ERR,ERR,ERR,ERR,ERR,ERR,ERR,ERR,ERR,ERR,ERR,ERR,ERR,ERR,ERR,ERR,ERR,ERR,ERR,ERR,ERR,ERR,ERR,ERR,ERR,ERR,ERR,ERR,ERR,ERR,ERR,ERR,ERR,ERR,ERR,ERR,ERR,ERR,ERR,ERR,ERR,ERR,ERR,ERR,ERR,ERR,ERR,ERR,ERR,ERR,ERR,ERR,ERR,ERR,ERR,ERR,ERR,ERR,ERR,ERR,ERR,ERR,ERR,ERR,ERR,ERR,ERR,ERR,ERR,ERR,ERR,ERR,ERR,ERR,ERR,ERR,ERR,ERR,ERR,ERR,ERR,ERR,ERR,ERR,ERR,ERR,ERR,ERR,ERR,ERR,ERR,ERR,ERR,ERR,0.0,-107615288.0,-0.0,0.0,0.0,1.3936040501711995e+18,7.805,0.0,0,0,4,0,8422,0.0,45,0.0,0.0,0.0,0.0,0.0,0,0,0,0,0.0,0,0,0,0,0,0,0,0,0,0,0,0,0,0,0,0,0,0,0,0,0,0,0,0,0,0,0,0,0,0,0,0,0,38,14,7,45,65476,0,300,0,0,8,21553,0.0,-107605600.0,0.0,0.0,0.0,0.0,0.0,0.0,0.0,0.0,0.0,0.0,0.0,0.0,0.0,0.0,0.0,0.0,0.0,0.0,0.0,0.0,0.0,-2.004,-0.0,0.0,0.0,0.0,0.0,0.0,5034.0,0.0,0.0,0.0,-107615288.0,0.0,-0.0,0.0,0.0,0.0,0.0,53,89221.109,-4.9504015179484054e+32,0.0,0.0,0.0,0.0,0.0,0.0,0.0,0,0,0,0.0,0.0,0.0,0.0,0.0,0.0,0.0,0.0,0.0,0.0,0.0,0.0,0.0,0.0,0.0,0.0,0,-107875648.0,53,0.0,106,-107614832.0,-107350944.0,ERR,ERR,ERR,ERR,ERR,ERR,ERR,ERR,ERR,ERR,ERR,ERR,ERR,ERR,ERR,ERR,ERR,ERR,ERR,ERR,ERR,ERR,ERR,ERR,ERR,ERR,ERR,ERR,ERR,ERR,ERR,ERR,ERR,ERR,ERR,ERR,ERR,ERR,ERR,ERR,ERR,ERR,ERR,ERR,ERR,ERR,ERR,ERR,ERR,ERR,ERR,ERR,ERR,ERR,ERR,ERR,ERR,ERR,ERR,ERR,ERR,ERR,ERR,ERR,ERR,ERR,ERR,50.0,60.0,100,0.0,0.0,0.0,0.0,0.0,0.0,0.0,0.0,0.0,0.0,0.0,0.0,0.0,0.0,0.0,0.0,61.6,65,20,65521,50,65476,0,300,0,0,8,20529,65476,0,0,26214,60.0,0.0,0.0,0.0,0.0,0.0
2026-05-17T16:29:38,ERR,ERR,ERR,ERR,ERR,ERR,ERR,ERR,ERR,ERR,ERR,ERR,ERR,ERR,ERR,ERR,ERR,ERR,ERR,ERR,ERR,ERR,ERR,ERR,ERR,ERR,ERR,ERR,ERR,ERR,ERR,ERR,ERR,ERR,ERR,ERR,ERR,ERR,ERR,ERR,ERR,ERR,ERR,ERR,ERR,ERR,ERR,ERR,ERR,ERR,ERR,ERR,ERR,ERR,ERR,ERR,ERR,ERR,ERR,ERR,ERR,ERR,ERR,ERR,ERR,ERR,ERR,ERR,ERR,ERR,ERR,ERR,ERR,ERR,ERR,ERR,ERR,ERR,ERR,ERR,ERR,ERR,ERR,ERR,ERR,ERR,ERR,ERR,ERR,ERR,ERR,ERR,ERR,ERR,ERR,ERR,ERR,ERR,ERR,ERR,ERR,ERR,ERR,ERR,ERR,ERR,ERR,ERR,ERR,ERR,ERR,ERR,ERR,ERR,ERR,ERR,ERR,ERR,ERR,ERR,ERR,ERR,ERR,ERR,ERR,0.0,-107615288.0,-0.0,0.0,0.0,1.3936040501711995e+18,7.805,0.0,0,0,4,0,8422,0.0,45,0.0,0.0,0.0,0.0,0.0,0,0,0,0,0.0,0,0,0,0,0,0,0,0,0,0,0,0,0,0,0,0,0,0,0,0,0,0,0,0,0,0,0,0,0,0,0,0,0,38,14,7,45,65476,0,300,0,0,8,21553,0.0,-107605600.0,0.0,0.0,0.0,0.0,0.0,0.0,0.0,0.0,0.0,0.0,0.0,0.0,0.0,0.0,0.0,0.0,0.0,0.0,0.0,0.0,0.0,-2.004,-0.0,0.0,0.0,0.0,0.0,0.0,5034.0,0.0,0.0,0.0,-107615288.0,0.0,-0.0,0.0,0.0,0.0,0.0,53,89221.109,-4.9504015179484054e+32,0.0,0.0,0.0,0.0,0.0,0.0,0.0,0,0,0,0.0,0.0,0.0,0.0,0.0,0.0,0.0,0.0,0.0,0.0,0.0,0.0,0.0,0.0,0.0,0.0,0,-107875648.0,53,0.0,106,-107614832.0,-107350944.0,ERR,ERR,ERR,ERR,ERR,ERR,ERR,ERR,ERR,ERR,ERR,ERR,ERR,ERR,ERR,ERR,ERR,ERR,ERR,ERR,ERR,ERR,ERR,ERR,ERR,ERR,ERR,ERR,ERR,ERR,ERR,ERR,ERR,ERR,ERR,ERR,ERR,ERR,ERR,ERR,ERR,ERR,ERR,ERR,ERR,ERR,ERR,ERR,ERR,ERR,ERR,ERR,ERR,ERR,ERR,ERR,ERR,ERR,ERR,ERR,ERR,ERR,ERR,ERR,ERR,ERR,ERR,50.0,60.0,100,0.0,0.0,0.0,0.0,0.0,0.0,0.0,0.0,0.0,0.0,0.0,0.0,0.0,0.0,0.0,0.0,61.6,65,20,65521,50,65476,0,300,0,0,8,20529,65476,0,0,26214,60.0,0.0,0.0,0.0,0.0,0.0
2026-05-17T16:29:39,ERR,ERR,ERR,ERR,ERR,ERR,ERR,ERR,ERR,ERR,ERR,ERR,ERR,ERR,ERR,ERR,ERR,ERR,ERR,ERR,ERR,ERR,ERR,ERR,ERR,ERR,ERR,ERR,ERR,ERR,ERR,ERR,ERR,ERR,ERR,ERR,ERR,ERR,ERR,ERR,ERR,ERR,ERR,ERR,ERR,ERR,ERR,ERR,ERR,ERR,ERR,ERR,ERR,ERR,ERR,ERR,ERR,ERR,ERR,ERR,ERR,ERR,ERR,ERR,ERR,ERR,ERR,ERR,ERR,ERR,ERR,ERR,ERR,ERR,ERR,ERR,ERR,ERR,ERR,ERR,ERR,ERR,ERR,ERR,ERR,ERR,ERR,ERR,ERR,ERR,ERR,ERR,ERR,ERR,ERR,ERR,ERR,ERR,ERR,ERR,ERR,ERR,ERR,ERR,ERR,ERR,ERR,ERR,ERR,ERR,ERR,ERR,ERR,ERR,ERR,ERR,ERR,ERR,ERR,ERR,ERR,ERR,ERR,ERR,ERR,0.0,-107615288.0,-0.0,0.0,0.0,1.3936040501711995e+18,7.805,0.0,0,0,4,0,8422,0.0,45,0.0,0.0,0.0,0.0,0.0,0,0,0,0,0.0,0,0,0,0,0,0,0,0,0,0,0,0,0,0,0,0,0,0,0,0,0,0,0,0,0,0,0,0,0,0,0,0,0,38,14,7,45,65476,0,300,0,0,8,21553,0.0,-107605600.0,0.0,0.0,0.0,0.0,0.0,0.0,0.0,0.0,0.0,0.0,0.0,0.0,0.0,0.0,0.0,0.0,0.0,0.0,0.0,0.0,0.0,-2.004,-0.0,0.0,0.0,0.0,0.0,0.0,5034.0,0.0,0.0,0.0,-107615288.0,0.0,-0.0,0.0,0.0,0.0,0.0,53,89221.109,-4.9504015179484054e+32,0.0,0.0,0.0,0.0,0.0,0.0,0.0,0,0,0,0.0,0.0,0.0,0.0,0.0,0.0,0.0,0.0,0.0,0.0,0.0,0.0,0.0,0.0,0.0,0.0,0,-107875648.0,53,0.0,106,-107614832.0,-107350944.0,ERR,ERR,ERR,ERR,ERR,ERR,ERR,ERR,ERR,ERR,ERR,ERR,ERR,ERR,ERR,ERR,ERR,ERR,ERR,ERR,ERR,ERR,ERR,ERR,ERR,ERR,ERR,ERR,ERR,ERR,ERR,ERR,ERR,ERR,ERR,ERR,ERR,ERR,ERR,ERR,ERR,ERR,ERR,ERR,ERR,ERR,ERR,ERR,ERR,ERR,ERR,ERR,ERR,ERR,ERR,ERR,ERR,ERR,ERR,ERR,ERR,ERR,ERR,ERR,ERR,ERR,ERR,50.0,60.0,100,0.0,0.0,0.0,0.0,0.0,0.0,0.0,0.0,0.0,0.0,0.0,0.0,0.0,0.0,0.0,0.0,62.0,65,20,65521,50,65476,0,300,0,0,8,20529,65476,0,0,26214,60.0,0.0,0.0,0.0,0.0,0.0
2026-05-17T16:29:40,ERR,ERR,ERR,ERR,ERR,ERR,ERR,ERR,ERR,ERR,ERR,ERR,ERR,ERR,ERR,ERR,ERR,ERR,ERR,ERR,ERR,ERR,ERR,ERR,ERR,ERR,ERR,ERR,ERR,ERR,ERR,ERR,ERR,ERR,ERR,ERR,ERR,ERR,ERR,ERR,ERR,ERR,ERR,ERR,ERR,ERR,ERR,ERR,ERR,ERR,ERR,ERR,ERR,ERR,ERR,ERR,ERR,ERR,ERR,ERR,ERR,ERR,ERR,ERR,ERR,ERR,ERR,ERR,ERR,ERR,ERR,ERR,ERR,ERR,ERR,ERR,ERR,ERR,ERR,ERR,ERR,ERR,ERR,ERR,ERR,ERR,ERR,ERR,ERR,ERR,ERR,ERR,ERR,ERR,ERR,ERR,ERR,ERR,ERR,ERR,ERR,ERR,ERR,ERR,ERR,ERR,ERR,ERR,ERR,ERR,ERR,ERR,ERR,ERR,ERR,ERR,ERR,ERR,ERR,ERR,ERR,ERR,ERR,ERR,ERR,0.0,-107615288.0,-0.0,0.0,0.0,1.3936040501711995e+18,7.805,0.0,0,0,4,0,8422,0.0,45,0.0,0.0,0.0,0.0,0.0,0,0,0,0,0.0,0,0,0,0,0,0,0,0,0,0,0,0,0,0,0,0,0,0,0,0,0,0,0,0,0,0,0,0,0,0,0,0,0,38,14,7,45,65476,0,300,0,0,8,21553,0.0,-107605600.0,0.0,0.0,0.0,0.0,0.0,0.0,0.0,0.0,0.0,0.0,0.0,0.0,0.0,0.0,0.0,0.0,0.0,0.0,0.0,0.0,0.0,-2.004,-0.0,0.0,0.0,0.0,0.0,0.0,5034.0,0.0,0.0,0.0,-107615288.0,0.0,-0.0,0.0,0.0,0.0,0.0,53,89221.109,-4.9504015179484054e+32,0.0,0.0,0.0,0.0,0.0,0.0,0.0,0,0,0,0.0,0.0,0.0,0.0,0.0,0.0,0.0,0.0,0.0,0.0,0.0,0.0,0.0,0.0,0.0,0.0,0,-107875648.0,53,0.0,106,-107614832.0,-107350944.0,ERR,ERR,ERR,ERR,ERR,ERR,ERR,ERR,ERR,ERR,ERR,ERR,ERR,ERR,ERR,ERR,ERR,ERR,ERR,ERR,ERR,ERR,ERR,ERR,ERR,ERR,ERR,ERR,ERR,ERR,ERR,ERR,ERR,ERR,ERR,ERR,ERR,ERR,ERR,ERR,ERR,ERR,ERR,ERR,ERR,ERR,ERR,ERR,ERR,ERR,ERR,ERR,ERR,ERR,ERR,ERR,ERR,ERR,ERR,ERR,ERR,ERR,ERR,ERR,ERR,ERR,ERR,50.0,60.0,100,0.0,0.0,0.0,0.0,0.0,0.0,0.0,0.0,0.0,0.0,0.0,0.0,0.0,0.0,0.0,0.0,62.0,65,20,65521,50,65476,0,300,0,0,8,20529,65476,0,0,26214,60.0,0.0,0.0,0.0,0.0,0.0
2026-05-17T16:29:41,ERR,ERR,ERR,ERR,ERR,ERR,ERR,ERR,ERR,ERR,ERR,ERR,ERR,ERR,ERR,ERR,ERR,ERR,ERR,ERR,ERR,ERR,ERR,ERR,ERR,ERR,ERR,ERR,ERR,ERR,ERR,ERR,ERR,ERR,ERR,ERR,ERR,ERR,ERR,ERR,ERR,ERR,ERR,ERR,ERR,ERR,ERR,ERR,ERR,ERR,ERR,ERR,ERR,ERR,ERR,ERR,ERR,ERR,ERR,ERR,ERR,ERR,ERR,ERR,ERR,ERR,ERR,ERR,ERR,ERR,ERR,ERR,ERR,ERR,ERR,ERR,ERR,ERR,ERR,ERR,ERR,ERR,ERR,ERR,ERR,ERR,ERR,ERR,ERR,ERR,ERR,ERR,ERR,ERR,ERR,ERR,ERR,ERR,ERR,ERR,ERR,ERR,ERR,ERR,ERR,ERR,ERR,ERR,ERR,ERR,ERR,ERR,ERR,ERR,ERR,ERR,ERR,ERR,ERR,ERR,ERR,ERR,ERR,ERR,ERR,0.0,-107615288.0,-0.0,0.0,0.0,1.3936040501711995e+18,7.805,0.0,0,0,4,0,8422,0.0,45,0.0,0.0,0.0,0.0,0.0,0,0,0,0,0.0,0,0,0,0,0,0,0,0,0,0,0,0,0,0,0,0,0,0,0,0,0,0,0,0,0,0,0,0,0,0,0,0,0,38,14,7,45,65476,0,300,0,0,8,21553,0.0,-107605600.0,0.0,0.0,0.0,0.0,0.0,0.0,0.0,0.0,0.0,0.0,0.0,0.0,0.0,0.0,0.0,0.0,0.0,0.0,0.0,0.0,0.0,-2.004,-0.0,0.0,0.0,0.0,0.0,0.0,5037.0,0.0,0.0,0.0,-107615288.0,0.0,-0.0,0.0,0.0,0.0,0.0,53,107615344.0,0.0,0.0,0.0,0.0,0.0,0.0,0.0,0.0,0,0,0,0.0,0.0,0.0,0.0,0.0,0.0,0.0,0.0,0.0,0.0,0.0,0.0,0.0,0.0,0.0,0.0,0,-107875648.0,53,0.0,106,-107614832.0,-107350944.0,ERR,ERR,ERR,ERR,ERR,ERR,ERR,ERR,ERR,ERR,ERR,ERR,ERR,ERR,ERR,ERR,ERR,ERR,ERR,ERR,ERR,ERR,ERR,ERR,ERR,ERR,ERR,ERR,ERR,ERR,ERR,ERR,ERR,ERR,ERR,ERR,ERR,ERR,ERR,ERR,ERR,ERR,ERR,ERR,ERR,ERR,ERR,ERR,ERR,ERR,ERR,ERR,ERR,ERR,ERR,ERR,ERR,ERR,ERR,ERR,ERR,ERR,ERR,ERR,ERR,ERR,ERR,50.0,60.0,100,0.0,0.0,0.0,0.0,0.0,0.0,0.0,0.0,0.0,0.0,0.0,0.0,0.0,0.0,0.0,0.0,62.0,65,20,65521,50,65476,0,300,0,0,8,20529,65476,0,0,26214,60.0,0.0,0.0,0.0,0.0,0.0
2026-05-17T16:29:42,ERR,ERR,ERR,ERR,ERR,ERR,ERR,ERR,ERR,ERR,ERR,ERR,ERR,ERR,ERR,ERR,ERR,ERR,ERR,ERR,ERR,ERR,ERR,ERR,ERR,ERR,ERR,ERR,ERR,ERR,ERR,ERR,ERR,ERR,ERR,ERR,ERR,ERR,ERR,ERR,ERR,ERR,ERR,ERR,ERR,ERR,ERR,ERR,ERR,ERR,ERR,ERR,ERR,ERR,ERR,ERR,ERR,ERR,ERR,ERR,ERR,ERR,ERR,ERR,ERR,ERR,ERR,ERR,ERR,ERR,ERR,ERR,ERR,ERR,ERR,ERR,ERR,ERR,ERR,ERR,ERR,ERR,ERR,ERR,ERR,ERR,ERR,ERR,ERR,ERR,ERR,ERR,ERR,ERR,ERR,ERR,ERR,ERR,ERR,ERR,ERR,ERR,ERR,ERR,ERR,ERR,ERR,ERR,ERR,ERR,ERR,ERR,ERR,ERR,ERR,ERR,ERR,ERR,ERR,ERR,ERR,ERR,ERR,ERR,ERR,0.0,-107615288.0,-0.0,0.0,0.0,1.3936040501711995e+18,7.805,0.0,0,0,4,0,8422,0.0,45,0.0,0.0,0.0,0.0,0.0,0,0,0,0,0.0,0,0,0,0,0,0,0,0,0,0,0,0,0,0,0,0,0,0,0,0,0,0,0,0,0,0,0,0,0,0,0,0,0,38,14,7,45,65476,0,300,0,0,8,21553,0.0,-107605600.0,0.0,0.0,0.0,0.0,0.0,0.0,0.0,0.0,0.0,0.0,0.0,0.0,0.0,0.0,0.0,0.0,0.0,0.0,0.0,0.0,0.0,-2.004,-0.0,0.0,0.0,0.0,0.0,0.0,5037.0,0.0,0.0,0.0,-107615288.0,0.0,-0.0,0.0,0.0,0.0,0.0,53,107615344.0,0.0,0.0,0.0,0.0,0.0,0.0,0.0,0.0,0,0,0,0.0,0.0,0.0,0.0,0.0,0.0,0.0,0.0,0.0,0.0,0.0,0.0,0.0,0.0,0.0,0.0,0,-107875648.0,53,0.0,106,-107614832.0,-107350944.0,ERR,ERR,ERR,ERR,ERR,ERR,ERR,ERR,ERR,ERR,ERR,ERR,ERR,ERR,ERR,ERR,ERR,ERR,ERR,ERR,ERR,ERR,ERR,ERR,ERR,ERR,ERR,ERR,ERR,ERR,ERR,ERR,ERR,ERR,ERR,ERR,ERR,ERR,ERR,ERR,ERR,ERR,ERR,ERR,ERR,ERR,ERR,ERR,ERR,ERR,ERR,ERR,ERR,ERR,ERR,ERR,ERR,ERR,ERR,ERR,ERR,ERR,ERR,ERR,ERR,ERR,ERR,50.0,60.0,100,0.0,0.0,0.0,0.0,0.0,0.0,0.0,0.0,0.0,0.0,0.0,0.0,0.0,0.0,0.0,0.0,61.6,65,20,65521,50,65476,0,300,0,0,8,20529,65476,0,0,26214,60.0,0.0,0.0,0.0,0.0,0.0
2026-05-17T16:29:43,ERR,ERR,ERR,ERR,ERR,ERR,ERR,ERR,ERR,ERR,ERR,ERR,ERR,ERR,ERR,ERR,ERR,ERR,ERR,ERR,ERR,ERR,ERR,ERR,ERR,ERR,ERR,ERR,ERR,ERR,ERR,ERR,ERR,ERR,ERR,ERR,ERR,ERR,ERR,ERR,ERR,ERR,ERR,ERR,ERR,ERR,ERR,ERR,ERR,ERR,ERR,ERR,ERR,ERR,ERR,ERR,ERR,ERR,ERR,ERR,ERR,ERR,ERR,ERR,ERR,ERR,ERR,ERR,ERR,ERR,ERR,ERR,ERR,ERR,ERR,ERR,ERR,ERR,ERR,ERR,ERR,ERR,ERR,ERR,ERR,ERR,ERR,ERR,ERR,ERR,ERR,ERR,ERR,ERR,ERR,ERR,ERR,ERR,ERR,ERR,ERR,ERR,ERR,ERR,ERR,ERR,ERR,ERR,ERR,ERR,ERR,ERR,ERR,ERR,ERR,ERR,ERR,ERR,ERR,ERR,ERR,ERR,ERR,ERR,ERR,0.0,-107615288.0,-0.0,0.0,0.0,1.3936040501711995e+18,7.805,0.0,0,0,4,0,8422,0.0,45,0.0,0.0,0.0,0.0,0.0,0,0,0,0,0.0,0,0,0,0,0,0,0,0,0,0,0,0,0,0,0,0,0,0,0,0,0,0,0,0,0,0,0,0,0,0,0,0,0,38,14,7,45,65476,0,300,0,0,8,21553,0.0,-107605600.0,0.0,0.0,0.0,0.0,0.0,0.0,0.0,0.0,0.0,0.0,0.0,0.0,0.0,0.0,0.0,0.0,0.0,0.0,0.0,0.0,0.0,-2.004,-0.0,0.0,0.0,0.0,0.0,0.0,5037.0,0.0,0.0,0.0,-107615288.0,0.0,-0.0,0.0,0.0,0.0,0.0,53,107615344.0,0.0,0.0,0.0,0.0,0.0,0.0,0.0,0.0,0,0,0,0.0,0.0,0.0,0.0,0.0,0.0,0.0,0.0,0.0,0.0,0.0,0.0,0.0,0.0,0.0,0.0,0,-107875648.0,53,0.0,106,-107614832.0,-107350944.0,ERR,ERR,ERR,ERR,ERR,ERR,ERR,ERR,ERR,ERR,ERR,ERR,ERR,ERR,ERR,ERR,ERR,ERR,ERR,ERR,ERR,ERR,ERR,ERR,ERR,ERR,ERR,ERR,ERR,ERR,ERR,ERR,ERR,ERR,ERR,ERR,ERR,ERR,ERR,ERR,ERR,ERR,ERR,ERR,ERR,ERR,ERR,ERR,ERR,ERR,ERR,ERR,ERR,ERR,ERR,ERR,ERR,ERR,ERR,ERR,ERR,ERR,ERR,ERR,ERR,ERR,ERR,50.0,60.0,100,0.0,0.0,0.0,0.0,0.0,0.0,0.0,0.0,0.0,0.0,0.0,0.0,0.0,0.0,0.0,0.0,61.6,65,20,65521,50,65476,0,300,0,0,8,20529,65476,0,0,26214,60.0,0.0,0.0,0.0,0.0,0.0
2026-05-17T16:29:44,ERR,ERR,ERR,ERR,ERR,ERR,ERR,ERR,ERR,ERR,ERR,ERR,ERR,ERR,ERR,ERR,ERR,ERR,ERR,ERR,ERR,ERR,ERR,ERR,ERR,ERR,ERR,ERR,ERR,ERR,ERR,ERR,ERR,ERR,ERR,ERR,ERR,ERR,ERR,ERR,ERR,ERR,ERR,ERR,ERR,ERR,ERR,ERR,ERR,ERR,ERR,ERR,ERR,ERR,ERR,ERR,ERR,ERR,ERR,ERR,ERR,ERR,ERR,ERR,ERR,ERR,ERR,ERR,ERR,ERR,ERR,ERR,ERR,ERR,ERR,ERR,ERR,ERR,ERR,ERR,ERR,ERR,ERR,ERR,ERR,ERR,ERR,ERR,ERR,ERR,ERR,ERR,ERR,ERR,ERR,ERR,ERR,ERR,ERR,ERR,ERR,ERR,ERR,ERR,ERR,ERR,ERR,ERR,ERR,ERR,ERR,ERR,ERR,ERR,ERR,ERR,ERR,ERR,ERR,ERR,ERR,ERR,ERR,ERR,ERR,0.0,-107615288.0,-0.0,0.0,0.0,1.3936040501711995e+18,7.805,0.0,0,0,4,0,8422,0.0,45,0.0,0.0,0.0,0.0,0.0,0,0,0,0,0.0,0,0,0,0,0,0,0,0,0,0,0,0,0,0,0,0,0,0,0,0,0,0,0,0,0,0,0,0,0,0,0,0,0,38,14,7,45,65476,0,300,0,0,8,21553,0.0,-107605600.0,0.0,0.0,0.0,0.0,0.0,0.0,0.0,0.0,0.0,0.0,0.0,0.0,0.0,0.0,0.0,0.0,0.0,0.0,0.0,0.0,0.0,-2.004,-0.0,0.0,0.0,0.0,0.0,0.0,5037.0,0.0,0.0,0.0,-107615288.0,0.0,-0.0,0.0,0.0,0.0,0.0,53,107615344.0,0.0,0.0,0.0,0.0,0.0,0.0,0.0,0.0,0,0,0,0.0,0.0,0.0,0.0,0.0,0.0,0.0,0.0,0.0,0.0,0.0,0.0,0.0,0.0,0.0,0.0,0,-107875648.0,53,0.0,106,-107614832.0,-107350944.0,ERR,ERR,ERR,ERR,ERR,ERR,ERR,ERR,ERR,ERR,ERR,ERR,ERR,ERR,ERR,ERR,ERR,ERR,ERR,ERR,ERR,ERR,ERR,ERR,ERR,ERR,ERR,ERR,ERR,ERR,ERR,ERR,ERR,ERR,ERR,ERR,ERR,ERR,ERR,ERR,ERR,ERR,ERR,ERR,ERR,ERR,ERR,ERR,ERR,ERR,ERR,ERR,ERR,ERR,ERR,ERR,ERR,ERR,ERR,ERR,ERR,ERR,ERR,ERR,ERR,ERR,ERR,50.0,60.0,100,0.0,0.0,0.0,0.0,0.0,0.0,0.0,0.0,0.0,0.0,0.0,0.0,0.0,0.0,0.0,0.0,62.0,65,20,65521,50,65476,0,300,0,0,8,20529,65476,0,0,26214,60.0,0.0,0.0,0.0,0.0,0.0
2026-05-17T16:29:45,ERR,ERR,ERR,ERR,ERR,ERR,ERR,ERR,ERR,ERR,ERR,ERR,ERR,ERR,ERR,ERR,ERR,ERR,ERR,ERR,ERR,ERR,ERR,ERR,ERR,ERR,ERR,ERR,ERR,ERR,ERR,ERR,ERR,ERR,ERR,ERR,ERR,ERR,ERR,ERR,ERR,ERR,ERR,ERR,ERR,ERR,ERR,ERR,ERR,ERR,ERR,ERR,ERR,ERR,ERR,ERR,ERR,ERR,ERR,ERR,ERR,ERR,ERR,ERR,ERR,ERR,ERR,ERR,ERR,ERR,ERR,ERR,ERR,ERR,ERR,ERR,ERR,ERR,ERR,ERR,ERR,ERR,ERR,ERR,ERR,ERR,ERR,ERR,ERR,ERR,ERR,ERR,ERR,ERR,ERR,ERR,ERR,ERR,ERR,ERR,ERR,ERR,ERR,ERR,ERR,ERR,ERR,ERR,ERR,ERR,ERR,ERR,ERR,ERR,ERR,ERR,ERR,ERR,ERR,ERR,ERR,ERR,ERR,ERR,ERR,0.0,-107615288.0,-0.0,0.0,0.0,1.3936040501711995e+18,7.805,0.0,0,0,4,0,8422,0.0,45,0.0,0.0,0.0,0.0,0.0,0,0,0,0,0.0,0,0,0,0,0,0,0,0,0,0,0,0,0,0,0,0,0,0,0,0,0,0,0,0,0,0,0,0,0,0,0,0,0,38,14,7,45,65476,0,300,0,0,8,21553,0.0,-107605600.0,0.0,0.0,0.0,0.0,0.0,0.0,0.0,0.0,0.0,0.0,0.0,0.0,0.0,0.0,0.0,0.0,0.0,0.0,0.0,0.0,0.0,-2.004,-0.0,0.0,0.0,0.0,0.0,0.0,5037.0,0.0,0.0,0.0,-107615288.0,0.0,-0.0,0.0,0.0,0.0,0.0,53,107615344.0,0.0,0.0,0.0,0.0,0.0,0.0,0.0,0.0,0,0,0,0.0,0.0,0.0,0.0,0.0,0.0,0.0,0.0,0.0,0.0,0.0,0.0,0.0,0.0,0.0,0.0,0,-107875648.0,53,0.0,106,-107614832.0,-107350944.0,ERR,ERR,ERR,ERR,ERR,ERR,ERR,ERR,ERR,ERR,ERR,ERR,ERR,ERR,ERR,ERR,ERR,ERR,ERR,ERR,ERR,ERR,ERR,ERR,ERR,ERR,ERR,ERR,ERR,ERR,ERR,ERR,ERR,ERR,ERR,ERR,ERR,ERR,ERR,ERR,ERR,ERR,ERR,ERR,ERR,ERR,ERR,ERR,ERR,ERR,ERR,ERR,ERR,ERR,ERR,ERR,ERR,ERR,ERR,ERR,ERR,ERR,ERR,ERR,ERR,ERR,ERR,50.0,60.0,100,0.0,0.0,0.0,0.0,0.0,0.0,0.0,0.0,0.0,0.0,0.0,0.0,0.0,0.0,0.0,0.0,62.0,65,20,65521,50,65476,0,300,0,0,8,20529,65476,0,0,26214,60.0,0.0,0.0,0.0,0.0,0.0
2026-05-17T16:29:46,ERR,ERR,ERR,ERR,ERR,ERR,ERR,ERR,ERR,ERR,ERR,ERR,ERR,ERR,ERR,ERR,ERR,ERR,ERR,ERR,ERR,ERR,ERR,ERR,ERR,ERR,ERR,ERR,ERR,ERR,ERR,ERR,ERR,ERR,ERR,ERR,ERR,ERR,ERR,ERR,ERR,ERR,ERR,ERR,ERR,ERR,ERR,ERR,ERR,ERR,ERR,ERR,ERR,ERR,ERR,ERR,ERR,ERR,ERR,ERR,ERR,ERR,ERR,ERR,ERR,ERR,ERR,ERR,ERR,ERR,ERR,ERR,ERR,ERR,ERR,ERR,ERR,ERR,ERR,ERR,ERR,ERR,ERR,ERR,ERR,ERR,ERR,ERR,ERR,ERR,ERR,ERR,ERR,ERR,ERR,ERR,ERR,ERR,ERR,ERR,ERR,ERR,ERR,ERR,ERR,ERR,ERR,ERR,ERR,ERR,ERR,ERR,ERR,ERR,ERR,ERR,ERR,ERR,ERR,ERR,ERR,ERR,ERR,ERR,ERR,0.0,-107615288.0,-0.0,0.0,0.0,1.3936040501711995e+18,7.805,0.0,0,0,4,0,8422,0.0,45,0.0,0.0,0.0,0.0,0.0,0,0,0,0,0.0,0,0,0,0,0,0,0,0,0,0,0,0,0,0,0,0,0,0,0,0,0,0,0,0,0,0,0,0,0,0,0,0,0,38,14,7,45,65476,0,300,0,0,8,21553,0.0,-107605600.0,0.0,0.0,0.0,0.0,0.0,0.0,0.0,0.0,0.0,0.0,0.0,0.0,0.0,0.0,0.0,0.0,0.0,0.0,0.0,0.0,0.0,-2.004,-0.0,0.0,0.0,0.0,0.0,0.0,5035.0,3.697186573429349e+19,0.0,0.0,-107615288.0,0.0,-0.0,0.0,0.0,0.0,0.0,53,152018454839296.0,5.848056079300204e+35,0.0,0.0,0.0,0.0,0.0,0.0,0.0,0,0,0,0.0,0.0,0.0,0.0,0.0,0.0,0.0,0.0,0.0,0.0,0.0,0.0,0.0,0.0,0.0,0.0,0,-107875648.0,53,0.0,106,-107614832.0,-107350944.0,ERR,ERR,ERR,ERR,ERR,ERR,ERR,ERR,ERR,ERR,ERR,ERR,ERR,ERR,ERR,ERR,ERR,ERR,ERR,ERR,ERR,ERR,ERR,ERR,ERR,ERR,ERR,ERR,ERR,ERR,ERR,ERR,ERR,ERR,ERR,ERR,ERR,ERR,ERR,ERR,ERR,ERR,ERR,ERR,ERR,ERR,ERR,ERR,ERR,ERR,ERR,ERR,ERR,ERR,ERR,ERR,ERR,ERR,ERR,ERR,ERR,ERR,ERR,ERR,ERR,ERR,ERR,50.0,60.0,100,0.0,0.0,0.0,0.0,0.0,0.0,0.0,0.0,0.0,0.0,0.0,0.0,0.0,0.0,0.0,0.0,61.6,65,20,65521,50,65476,0,300,0,0,8,20529,65476,0,0,26214,60.0,0.0,0.0,0.0,0.0,0.0
2026-05-17T16:29:47,ERR,ERR,ERR,ERR,ERR,ERR,ERR,ERR,ERR,ERR,ERR,ERR,ERR,ERR,ERR,ERR,ERR,ERR,ERR,ERR,ERR,ERR,ERR,ERR,ERR,ERR,ERR,ERR,ERR,ERR,ERR,ERR,ERR,ERR,ERR,ERR,ERR,ERR,ERR,ERR,ERR,ERR,ERR,ERR,ERR,ERR,ERR,ERR,ERR,ERR,ERR,ERR,ERR,ERR,ERR,ERR,ERR,ERR,ERR,ERR,ERR,ERR,ERR,ERR,ERR,ERR,ERR,ERR,ERR,ERR,ERR,ERR,ERR,ERR,ERR,ERR,ERR,ERR,ERR,ERR,ERR,ERR,ERR,ERR,ERR,ERR,ERR,ERR,ERR,ERR,ERR,ERR,ERR,ERR,ERR,ERR,ERR,ERR,ERR,ERR,ERR,ERR,ERR,ERR,ERR,ERR,ERR,ERR,ERR,ERR,ERR,ERR,ERR,ERR,ERR,ERR,ERR,ERR,ERR,ERR,ERR,ERR,ERR,ERR,ERR,0.0,-107615288.0,-0.0,0.0,0.0,1.3936040501711995e+18,7.805,0.0,0,0,4,0,8422,0.0,45,0.0,0.0,0.0,0.0,0.0,0,0,0,0,0.0,0,0,0,0,0,0,0,0,0,0,0,0,0,0,0,0,0,0,0,0,0,0,0,0,0,0,0,0,0,0,0,0,0,38,14,7,45,65476,0,300,0,0,8,21553,0.0,-107605600.0,0.0,0.0,0.0,0.0,0.0,0.0,0.0,0.0,0.0,0.0,0.0,0.0,0.0,0.0,0.0,0.0,0.0,0.0,0.0,0.0,0.0,-2.004,-0.0,0.0,0.0,0.0,0.0,0.0,5035.0,3.697186573429349e+19,0.0,0.0,-107615288.0,0.0,-0.0,0.0,0.0,0.0,0.0,53,152018454839296.0,5.848056079300204e+35,0.0,0.0,0.0,0.0,0.0,0.0,0.0,0,0,0,0.0,0.0,0.0,0.0,0.0,0.0,0.0,0.0,0.0,0.0,0.0,0.0,0.0,0.0,0.0,0.0,0,-107875648.0,53,0.0,106,-107614832.0,-107350944.0,ERR,ERR,ERR,ERR,ERR,ERR,ERR,ERR,ERR,ERR,ERR,ERR,ERR,ERR,ERR,ERR,ERR,ERR,ERR,ERR,ERR,ERR,ERR,ERR,ERR,ERR,ERR,ERR,ERR,ERR,ERR,ERR,ERR,ERR,ERR,ERR,ERR,ERR,ERR,ERR,ERR,ERR,ERR,ERR,ERR,ERR,ERR,ERR,ERR,ERR,ERR,ERR,ERR,ERR,ERR,ERR,ERR,ERR,ERR,ERR,ERR,ERR,ERR,ERR,ERR,ERR,ERR,50.0,60.0,100,0.0,0.0,0.0,0.0,0.0,0.0,0.0,0.0,0.0,0.0,0.0,0.0,0.0,0.0,0.0,0.0,62.0,65,20,65521,50,65476,0,300,0,0,8,20529,65476,0,0,26214,60.0,0.0,0.0,0.0,0.0,0.0
2026-05-17T16:29:48,ERR,ERR,ERR,ERR,ERR,ERR,ERR,ERR,ERR,ERR,ERR,ERR,ERR,ERR,ERR,ERR,ERR,ERR,ERR,ERR,ERR,ERR,ERR,ERR,ERR,ERR,ERR,ERR,ERR,ERR,ERR,ERR,ERR,ERR,ERR,ERR,ERR,ERR,ERR,ERR,ERR,ERR,ERR,ERR,ERR,ERR,ERR,ERR,ERR,ERR,ERR,ERR,ERR,ERR,ERR,ERR,ERR,ERR,ERR,ERR,ERR,ERR,ERR,ERR,ERR,ERR,ERR,ERR,ERR,ERR,ERR,ERR,ERR,ERR,ERR,ERR,ERR,ERR,ERR,ERR,ERR,ERR,ERR,ERR,ERR,ERR,ERR,ERR,ERR,ERR,ERR,ERR,ERR,ERR,ERR,ERR,ERR,ERR,ERR,ERR,ERR,ERR,ERR,ERR,ERR,ERR,ERR,ERR,ERR,ERR,ERR,ERR,ERR,ERR,ERR,ERR,ERR,ERR,ERR,ERR,ERR,ERR,ERR,ERR,ERR,0.0,-107615288.0,-0.0,0.0,0.0,1.3936040501711995e+18,7.805,0.0,0,0,4,0,8422,0.0,45,0.0,0.0,0.0,0.0,0.0,0,0,0,0,0.0,0,0,0,0,0,0,0,0,0,0,0,0,0,0,0,0,0,0,0,0,0,0,0,0,0,0,0,0,0,0,0,0,0,38,14,7,45,65476,0,300,0,0,8,21553,0.0,-107605600.0,0.0,0.0,0.0,0.0,0.0,0.0,0.0,0.0,0.0,0.0,0.0,0.0,0.0,0.0,0.0,0.0,0.0,0.0,0.0,0.0,0.0,-2.004,-0.0,0.0,0.0,0.0,0.0,0.0,5035.0,3.697186573429349e+19,0.0,0.0,-107615288.0,0.0,-0.0,0.0,0.0,0.0,0.0,53,152018454839296.0,5.848056079300204e+35,0.0,0.0,0.0,0.0,0.0,0.0,0.0,0,0,0,0.0,0.0,0.0,0.0,0.0,0.0,0.0,0.0,0.0,0.0,0.0,0.0,0.0,0.0,0.0,0.0,0,-107875648.0,53,0.0,106,-107614832.0,-107350944.0,ERR,ERR,ERR,ERR,ERR,ERR,ERR,ERR,ERR,ERR,ERR,ERR,ERR,ERR,ERR,ERR,ERR,ERR,ERR,ERR,ERR,ERR,ERR,ERR,ERR,ERR,ERR,ERR,ERR,ERR,ERR,ERR,ERR,ERR,ERR,ERR,ERR,ERR,ERR,ERR,ERR,ERR,ERR,ERR,ERR,ERR,ERR,ERR,ERR,ERR,ERR,ERR,ERR,ERR,ERR,ERR,ERR,ERR,ERR,ERR,ERR,ERR,ERR,ERR,ERR,ERR,ERR,50.0,60.0,100,0.0,0.0,0.0,0.0,0.0,0.0,0.0,0.0,0.0,0.0,0.0,0.0,0.0,0.0,0.0,0.0,62.0,65,20,65521,50,65476,0,300,0,0,8,20529,65476,0,0,26214,60.0,0.0,0.0,0.0,0.0,0.0
2026-05-17T16:29:49,ERR,ERR,ERR,ERR,ERR,ERR,ERR,ERR,ERR,ERR,ERR,ERR,ERR,ERR,ERR,ERR,ERR,ERR,ERR,ERR,ERR,ERR,ERR,ERR,ERR,ERR,ERR,ERR,ERR,ERR,ERR,ERR,ERR,ERR,ERR,ERR,ERR,ERR,ERR,ERR,ERR,ERR,ERR,ERR,ERR,ERR,ERR,ERR,ERR,ERR,ERR,ERR,ERR,ERR,ERR,ERR,ERR,ERR,ERR,ERR,ERR,ERR,ERR,ERR,ERR,ERR,ERR,ERR,ERR,ERR,ERR,ERR,ERR,ERR,ERR,ERR,ERR,ERR,ERR,ERR,ERR,ERR,ERR,ERR,ERR,ERR,ERR,ERR,ERR,ERR,ERR,ERR,ERR,ERR,ERR,ERR,ERR,ERR,ERR,ERR,ERR,ERR,ERR,ERR,ERR,ERR,ERR,ERR,ERR,ERR,ERR,ERR,ERR,ERR,ERR,ERR,ERR,ERR,ERR,ERR,ERR,ERR,ERR,ERR,ERR,0.0,-107615288.0,-0.0,0.0,0.0,1.3936040501711995e+18,7.805,0.0,0,0,4,0,8422,0.0,45,0.0,0.0,0.0,0.0,0.0,0,0,0,0,0.0,0,0,0,0,0,0,0,0,0,0,0,0,0,0,0,0,0,0,0,0,0,0,0,0,0,0,0,0,0,0,0,0,0,38,14,7,45,65476,0,300,0,0,8,21553,0.0,-107605600.0,0.0,0.0,0.0,0.0,0.0,0.0,0.0,0.0,0.0,0.0,0.0,0.0,0.0,0.0,0.0,0.0,0.0,0.0,0.0,0.0,0.0,-2.004,-0.0,0.0,0.0,0.0,0.0,0.0,5035.0,3.697186573429349e+19,0.0,0.0,-107615288.0,0.0,-0.0,0.0,0.0,0.0,0.0,53,152018454839296.0,5.848056079300204e+35,0.0,0.0,0.0,0.0,0.0,0.0,0.0,0,0,0,0.0,0.0,0.0,0.0,0.0,0.0,0.0,0.0,0.0,0.0,0.0,0.0,0.0,0.0,0.0,0.0,0,-107875648.0,53,0.0,106,-107614832.0,-107350944.0,ERR,ERR,ERR,ERR,ERR,ERR,ERR,ERR,ERR,ERR,ERR,ERR,ERR,ERR,ERR,ERR,ERR,ERR,ERR,ERR,ERR,ERR,ERR,ERR,ERR,ERR,ERR,ERR,ERR,ERR,ERR,ERR,ERR,ERR,ERR,ERR,ERR,ERR,ERR,ERR,ERR,ERR,ERR,ERR,ERR,ERR,ERR,ERR,ERR,ERR,ERR,ERR,ERR,ERR,ERR,ERR,ERR,ERR,ERR,ERR,ERR,ERR,ERR,ERR,ERR,ERR,ERR,50.0,60.0,100,0.0,0.0,0.0,0.0,0.0,0.0,0.0,0.0,0.0,0.0,0.0,0.0,0.0,0.0,0.0,0.0,61.6,65,20,65521,50,65476,0,300,0,0,8,20529,65476,0,0,26214,60.0,0.0,0.0,0.0,0.0,0.0
2026-05-17T16:29:50,ERR,ERR,ERR,ERR,ERR,ERR,ERR,ERR,ERR,ERR,ERR,ERR,ERR,ERR,ERR,ERR,ERR,ERR,ERR,ERR,ERR,ERR,ERR,ERR,ERR,ERR,ERR,ERR,ERR,ERR,ERR,ERR,ERR,ERR,ERR,ERR,ERR,ERR,ERR,ERR,ERR,ERR,ERR,ERR,ERR,ERR,ERR,ERR,ERR,ERR,ERR,ERR,ERR,ERR,ERR,ERR,ERR,ERR,ERR,ERR,ERR,ERR,ERR,ERR,ERR,ERR,ERR,ERR,ERR,ERR,ERR,ERR,ERR,ERR,ERR,ERR,ERR,ERR,ERR,ERR,ERR,ERR,ERR,ERR,ERR,ERR,ERR,ERR,ERR,ERR,ERR,ERR,ERR,ERR,ERR,ERR,ERR,ERR,ERR,ERR,ERR,ERR,ERR,ERR,ERR,ERR,ERR,ERR,ERR,ERR,ERR,ERR,ERR,ERR,ERR,ERR,ERR,ERR,ERR,ERR,ERR,ERR,ERR,ERR,ERR,0.0,-107615288.0,-0.0,0.0,0.0,1.3936040501711995e+18,7.805,0.0,0,0,4,0,8422,0.0,45,0.0,0.0,0.0,0.0,0.0,0,0,0,0,0.0,0,0,0,0,0,0,0,0,0,0,0,0,0,0,0,0,0,0,0,0,0,0,0,0,0,0,0,0,0,0,0,0,0,38,14,7,45,65476,0,300,0,0,8,21553,0.0,-107605600.0,0.0,0.0,0.0,0.0,0.0,0.0,0.0,0.0,0.0,0.0,0.0,0.0,0.0,0.0,0.0,0.0,0.0,0.0,0.0,0.0,0.0,-2.004,-0.0,0.0,0.0,0.0,0.0,0.0,5035.0,3.697186573429349e+19,0.0,0.0,-107615288.0,0.0,-0.0,0.0,0.0,0.0,0.0,53,152018454839296.0,5.848056079300204e+35,0.0,0.0,0.0,0.0,0.0,0.0,0.0,0,0,0,0.0,0.0,0.0,0.0,0.0,0.0,0.0,0.0,0.0,0.0,0.0,0.0,0.0,0.0,0.0,0.0,0,-107875648.0,53,0.0,106,-107614832.0,-107350944.0,ERR,ERR,ERR,ERR,ERR,ERR,ERR,ERR,ERR,ERR,ERR,ERR,ERR,ERR,ERR,ERR,ERR,ERR,ERR,ERR,ERR,ERR,ERR,ERR,ERR,ERR,ERR,ERR,ERR,ERR,ERR,ERR,ERR,ERR,ERR,ERR,ERR,ERR,ERR,ERR,ERR,ERR,ERR,ERR,ERR,ERR,ERR,ERR,ERR,ERR,ERR,ERR,ERR,ERR,ERR,ERR,ERR,ERR,ERR,ERR,ERR,ERR,ERR,ERR,ERR,ERR,ERR,50.0,60.0,100,0.0,0.0,0.0,0.0,0.0,0.0,0.0,0.0,0.0,0.0,0.0,0.0,0.0,0.0,0.0,0.0,61.6,65,20,65521,50,65476,0,300,0,0,8,20529,65476,0,0,26214,60.0,0.0,0.0,0.0,0.0,0.0
2026-05-17T16:29:51,ERR,ERR,ERR,ERR,ERR,ERR,ERR,ERR,ERR,ERR,ERR,ERR,ERR,ERR,ERR,ERR,ERR,ERR,ERR,ERR,ERR,ERR,ERR,ERR,ERR,ERR,ERR,ERR,ERR,ERR,ERR,ERR,ERR,ERR,ERR,ERR,ERR,ERR,ERR,ERR,ERR,ERR,ERR,ERR,ERR,ERR,ERR,ERR,ERR,ERR,ERR,ERR,ERR,ERR,ERR,ERR,ERR,ERR,ERR,ERR,ERR,ERR,ERR,ERR,ERR,ERR,ERR,ERR,ERR,ERR,ERR,ERR,ERR,ERR,ERR,ERR,ERR,ERR,ERR,ERR,ERR,ERR,ERR,ERR,ERR,ERR,ERR,ERR,ERR,ERR,ERR,ERR,ERR,ERR,ERR,ERR,ERR,ERR,ERR,ERR,ERR,ERR,ERR,ERR,ERR,ERR,ERR,ERR,ERR,ERR,ERR,ERR,ERR,ERR,ERR,ERR,ERR,ERR,ERR,ERR,ERR,ERR,ERR,ERR,ERR,0.0,-107615288.0,-0.0,0.0,0.0,1.3936040501711995e+18,7.805,0.0,0,0,4,0,8422,0.0,45,0.0,0.0,0.0,0.0,0.0,0,0,0,0,0.0,0,0,0,0,0,0,0,0,0,0,0,0,0,0,0,0,0,0,0,0,0,0,0,0,0,0,0,0,0,0,0,0,0,38,14,7,45,65476,0,300,0,0,8,21553,0.0,-107605600.0,0.0,0.0,0.0,0.0,0.0,0.0,0.0,0.0,0.0,0.0,0.0,0.0,0.0,0.0,0.0,0.0,0.0,0.0,0.0,0.0,0.0,-2.004,-2.004,0.0,0.0,0.0,0.0,0.0,5039.0,-3.697186573429349e+19,0.0,0.0,-107615288.0,0.0,-0.0,0.0,0.0,0.0,0.0,53,2.3088403658719416e+20,0.0,0.0,0.0,0.0,0.0,0.0,0.0,0.0,0,0,0,0.0,0.0,0.0,0.0,0.0,0.0,0.0,0.0,0.0,0.0,0.0,0.0,0.0,0.0,0.0,0.0,0,-107875648.0,53,0.0,106,-107614832.0,-107350944.0,ERR,ERR,ERR,ERR,ERR,ERR,ERR,ERR,ERR,ERR,ERR,ERR,ERR,ERR,ERR,ERR,ERR,ERR,ERR,ERR,ERR,ERR,ERR,ERR,ERR,ERR,ERR,ERR,ERR,ERR,ERR,ERR,ERR,ERR,ERR,ERR,ERR,ERR,ERR,ERR,ERR,ERR,ERR,ERR,ERR,ERR,ERR,ERR,ERR,ERR,ERR,ERR,ERR,ERR,ERR,ERR,ERR,ERR,ERR,ERR,ERR,ERR,ERR,ERR,ERR,ERR,ERR,50.0,60.0,100,0.0,0.0,0.0,0.0,0.0,0.0,0.0,0.0,0.0,0.0,0.0,0.0,0.0,0.0,0.0,0.0,61.6,65,20,65521,50,65476,0,300,0,0,8,20529,65476,0,0,26214,60.0,0.0,0.0,0.0,0.0,0.0
2026-05-17T16:29:52,ERR,ERR,ERR,ERR,ERR,ERR,ERR,ERR,ERR,ERR,ERR,ERR,ERR,ERR,ERR,ERR,ERR,ERR,ERR,ERR,ERR,ERR,ERR,ERR,ERR,ERR,ERR,ERR,ERR,ERR,ERR,ERR,ERR,ERR,ERR,ERR,ERR,ERR,ERR,ERR,ERR,ERR,ERR,ERR,ERR,ERR,ERR,ERR,ERR,ERR,ERR,ERR,ERR,ERR,ERR,ERR,ERR,ERR,ERR,ERR,ERR,ERR,ERR,ERR,ERR,ERR,ERR,ERR,ERR,ERR,ERR,ERR,ERR,ERR,ERR,ERR,ERR,ERR,ERR,ERR,ERR,ERR,ERR,ERR,ERR,ERR,ERR,ERR,ERR,ERR,ERR,ERR,ERR,ERR,ERR,ERR,ERR,ERR,ERR,ERR,ERR,ERR,ERR,ERR,ERR,ERR,ERR,ERR,ERR,ERR,ERR,ERR,ERR,ERR,ERR,ERR,ERR,ERR,ERR,ERR,ERR,ERR,ERR,ERR,ERR,0.0,-107615288.0,-0.0,0.0,0.0,1.3936040501711995e+18,7.805,0.0,0,0,4,0,8422,0.0,45,0.0,0.0,0.0,0.0,0.0,0,0,0,0,0.0,0,0,0,0,0,0,0,0,0,0,0,0,0,0,0,0,0,0,0,0,0,0,0,0,0,0,0,0,0,0,0,0,0,38,14,7,45,65476,0,300,0,0,8,21553,0.0,-107605600.0,0.0,0.0,0.0,0.0,0.0,0.0,0.0,0.0,0.0,0.0,0.0,0.0,0.0,0.0,0.0,0.0,0.0,0.0,0.0,0.0,0.0,-2.004,-2.004,0.0,0.0,0.0,0.0,0.0,5039.0,-3.697186573429349e+19,0.0,0.0,-107615288.0,0.0,-0.0,0.0,0.0,0.0,0.0,53,2.3088403658719416e+20,0.0,0.0,0.0,0.0,0.0,0.0,0.0,0.0,0,0,0,0.0,0.0,0.0,0.0,0.0,0.0,0.0,0.0,0.0,0.0,0.0,0.0,0.0,0.0,0.0,0.0,0,-107875648.0,53,0.0,106,-107614832.0,-107350944.0,ERR,ERR,ERR,ERR,ERR,ERR,ERR,ERR,ERR,ERR,ERR,ERR,ERR,ERR,ERR,ERR,ERR,ERR,ERR,ERR,ERR,ERR,ERR,ERR,ERR,ERR,ERR,ERR,ERR,ERR,ERR,ERR,ERR,ERR,ERR,ERR,ERR,ERR,ERR,ERR,ERR,ERR,ERR,ERR,ERR,ERR,ERR,ERR,ERR,ERR,ERR,ERR,ERR,ERR,ERR,ERR,ERR,ERR,ERR,ERR,ERR,ERR,ERR,ERR,ERR,ERR,ERR,50.0,60.0,100,0.0,0.0,0.0,0.0,0.0,0.0,0.0,0.0,0.0,0.0,0.0,0.0,0.0,0.0,0.0,0.0,61.6,65,20,65521,50,65476,0,300,0,0,8,20529,65476,0,0,26214,60.0,0.0,0.0,0.0,0.0,0.0
2026-05-17T16:29:53,ERR,ERR,ERR,ERR,ERR,ERR,ERR,ERR,ERR,ERR,ERR,ERR,ERR,ERR,ERR,ERR,ERR,ERR,ERR,ERR,ERR,ERR,ERR,ERR,ERR,ERR,ERR,ERR,ERR,ERR,ERR,ERR,ERR,ERR,ERR,ERR,ERR,ERR,ERR,ERR,ERR,ERR,ERR,ERR,ERR,ERR,ERR,ERR,ERR,ERR,ERR,ERR,ERR,ERR,ERR,ERR,ERR,ERR,ERR,ERR,ERR,ERR,ERR,ERR,ERR,ERR,ERR,ERR,ERR,ERR,ERR,ERR,ERR,ERR,ERR,ERR,ERR,ERR,ERR,ERR,ERR,ERR,ERR,ERR,ERR,ERR,ERR,ERR,ERR,ERR,ERR,ERR,ERR,ERR,ERR,ERR,ERR,ERR,ERR,ERR,ERR,ERR,ERR,ERR,ERR,ERR,ERR,ERR,ERR,ERR,ERR,ERR,ERR,ERR,ERR,ERR,ERR,ERR,ERR,ERR,ERR,ERR,ERR,ERR,ERR,0.0,-107615288.0,-0.0,0.0,0.0,1.3936040501711995e+18,7.805,0.0,0,0,4,0,8422,0.0,45,0.0,0.0,0.0,0.0,0.0,0,0,0,0,0.0,0,0,0,0,0,0,0,0,0,0,0,0,0,0,0,0,0,0,0,0,0,0,0,0,0,0,0,0,0,0,0,0,0,38,14,7,45,65476,0,300,0,0,8,21553,0.0,-107605600.0,0.0,0.0,0.0,0.0,0.0,0.0,0.0,0.0,0.0,0.0,0.0,0.0,0.0,0.0,0.0,0.0,0.0,0.0,0.0,0.0,0.0,-2.004,-2.004,0.0,0.0,0.0,0.0,0.0,5039.0,-3.697186573429349e+19,0.0,0.0,-107615288.0,0.0,-0.0,0.0,0.0,0.0,0.0,53,2.3088403658719416e+20,0.0,0.0,0.0,0.0,0.0,0.0,0.0,0.0,0,0,0,0.0,0.0,0.0,0.0,0.0,0.0,0.0,0.0,0.0,0.0,0.0,0.0,0.0,0.0,0.0,0.0,0,-107875648.0,53,0.0,106,-107614832.0,-107350944.0,ERR,ERR,ERR,ERR,ERR,ERR,ERR,ERR,ERR,ERR,ERR,ERR,ERR,ERR,ERR,ERR,ERR,ERR,ERR,ERR,ERR,ERR,ERR,ERR,ERR,ERR,ERR,ERR,ERR,ERR,ERR,ERR,ERR,ERR,ERR,ERR,ERR,ERR,ERR,ERR,ERR,ERR,ERR,ERR,ERR,ERR,ERR,ERR,ERR,ERR,ERR,ERR,ERR,ERR,ERR,ERR,ERR,ERR,ERR,ERR,ERR,ERR,ERR,ERR,ERR,ERR,ERR,50.0,60.0,100,0.0,0.0,0.0,0.0,0.0,0.0,0.0,0.0,0.0,0.0,0.0,0.0,0.0,0.0,0.0,0.0,62.0,65,20,65521,50,65476,0,300,0,0,8,20529,65476,0,0,26214,60.0,0.0,0.0,0.0,0.0,0.0
2026-05-17T16:29:54,ERR,ERR,ERR,ERR,ERR,ERR,ERR,ERR,ERR,ERR,ERR,ERR,ERR,ERR,ERR,ERR,ERR,ERR,ERR,ERR,ERR,ERR,ERR,ERR,ERR,ERR,ERR,ERR,ERR,ERR,ERR,ERR,ERR,ERR,ERR,ERR,ERR,ERR,ERR,ERR,ERR,ERR,ERR,ERR,ERR,ERR,ERR,ERR,ERR,ERR,ERR,ERR,ERR,ERR,ERR,ERR,ERR,ERR,ERR,ERR,ERR,ERR,ERR,ERR,ERR,ERR,ERR,ERR,ERR,ERR,ERR,ERR,ERR,ERR,ERR,ERR,ERR,ERR,ERR,ERR,ERR,ERR,ERR,ERR,ERR,ERR,ERR,ERR,ERR,ERR,ERR,ERR,ERR,ERR,ERR,ERR,ERR,ERR,ERR,ERR,ERR,ERR,ERR,ERR,ERR,ERR,ERR,ERR,ERR,ERR,ERR,ERR,ERR,ERR,ERR,ERR,ERR,ERR,ERR,ERR,ERR,ERR,ERR,ERR,ERR,0.0,-107615288.0,-0.0,0.0,0.0,1.3936040501711995e+18,7.805,0.0,0,0,4,0,8422,0.0,45,0.0,0.0,0.0,0.0,0.0,0,0,0,0,0.0,0,0,0,0,0,0,0,0,0,0,0,0,0,0,0,0,0,0,0,0,0,0,0,0,0,0,0,0,0,0,0,0,0,38,14,7,45,65476,0,300,0,0,8,21553,0.0,-107605600.0,0.0,0.0,0.0,0.0,0.0,0.0,0.0,0.0,0.0,0.0,0.0,0.0,0.0,0.0,0.0,0.0,0.0,0.0,0.0,0.0,0.0,-2.004,-2.004,0.0,0.0,0.0,0.0,0.0,5039.0,-3.697186573429349e+19,0.0,0.0,-107615288.0,0.0,-0.0,0.0,0.0,0.0,0.0,53,2.3088403658719416e+20,0.0,0.0,0.0,0.0,0.0,0.0,0.0,0.0,0,0,0,0.0,0.0,0.0,0.0,0.0,0.0,0.0,0.0,0.0,0.0,0.0,0.0,0.0,0.0,0.0,0.0,0,-107875648.0,53,0.0,106,-107614832.0,-107350944.0,ERR,ERR,ERR,ERR,ERR,ERR,ERR,ERR,ERR,ERR,ERR,ERR,ERR,ERR,ERR,ERR,ERR,ERR,ERR,ERR,ERR,ERR,ERR,ERR,ERR,ERR,ERR,ERR,ERR,ERR,ERR,ERR,ERR,ERR,ERR,ERR,ERR,ERR,ERR,ERR,ERR,ERR,ERR,ERR,ERR,ERR,ERR,ERR,ERR,ERR,ERR,ERR,ERR,ERR,ERR,ERR,ERR,ERR,ERR,ERR,ERR,ERR,ERR,ERR,ERR,ERR,ERR,50.0,60.0,100,0.0,0.0,0.0,0.0,0.0,0.0,0.0,0.0,0.0,0.0,0.0,0.0,0.0,0.0,0.0,0.0,61.6,65,20,65521,50,65476,0,300,0,0,8,20529,65476,0,0,26214,60.0,0.0,0.0,0.0,0.0,0.0
2026-05-17T16:29:55,ERR,ERR,ERR,ERR,ERR,ERR,ERR,ERR,ERR,ERR,ERR,ERR,ERR,ERR,ERR,ERR,ERR,ERR,ERR,ERR,ERR,ERR,ERR,ERR,ERR,ERR,ERR,ERR,ERR,ERR,ERR,ERR,ERR,ERR,ERR,ERR,ERR,ERR,ERR,ERR,ERR,ERR,ERR,ERR,ERR,ERR,ERR,ERR,ERR,ERR,ERR,ERR,ERR,ERR,ERR,ERR,ERR,ERR,ERR,ERR,ERR,ERR,ERR,ERR,ERR,ERR,ERR,ERR,ERR,ERR,ERR,ERR,ERR,ERR,ERR,ERR,ERR,ERR,ERR,ERR,ERR,ERR,ERR,ERR,ERR,ERR,ERR,ERR,ERR,ERR,ERR,ERR,ERR,ERR,ERR,ERR,ERR,ERR,ERR,ERR,ERR,ERR,ERR,ERR,ERR,ERR,ERR,ERR,ERR,ERR,ERR,ERR,ERR,ERR,ERR,ERR,ERR,ERR,ERR,ERR,ERR,ERR,ERR,ERR,ERR,0.0,-107615288.0,-0.0,0.0,0.0,1.3936040501711995e+18,7.805,0.0,0,0,4,0,8422,0.0,45,0.0,0.0,0.0,0.0,0.0,0,0,0,0,0.0,0,0,0,0,0,0,0,0,0,0,0,0,0,0,0,0,0,0,0,0,0,0,0,0,0,0,0,0,0,0,0,0,0,38,14,7,45,65476,0,300,0,0,8,21553,0.0,-107605600.0,0.0,0.0,0.0,0.0,0.0,0.0,0.0,0.0,0.0,0.0,0.0,0.0,0.0,0.0,0.0,0.0,0.0,0.0,0.0,0.0,0.0,-2.004,-2.004,0.0,0.0,0.0,0.0,0.0,5039.0,-3.697186573429349e+19,0.0,0.0,-107615288.0,0.0,-0.0,0.0,0.0,0.0,0.0,53,2.3088403658719416e+20,0.0,0.0,0.0,0.0,0.0,0.0,0.0,0.0,0,0,0,0.0,0.0,0.0,0.0,0.0,0.0,0.0,0.0,0.0,0.0,0.0,0.0,0.0,0.0,0.0,0.0,0,-107875648.0,53,0.0,106,-107614832.0,-107350944.0,ERR,ERR,ERR,ERR,ERR,ERR,ERR,ERR,ERR,ERR,ERR,ERR,ERR,ERR,ERR,ERR,ERR,ERR,ERR,ERR,ERR,ERR,ERR,ERR,ERR,ERR,ERR,ERR,ERR,ERR,ERR,ERR,ERR,ERR,ERR,ERR,ERR,ERR,ERR,ERR,ERR,ERR,ERR,ERR,ERR,ERR,ERR,ERR,ERR,ERR,ERR,ERR,ERR,ERR,ERR,ERR,ERR,ERR,ERR,ERR,ERR,ERR,ERR,ERR,ERR,ERR,ERR,50.0,60.0,100,0.0,0.0,0.0,0.0,0.0,0.0,0.0,0.0,0.0,0.0,0.0,0.0,0.0,0.0,0.0,0.0,61.6,65,20,65521,50,65476,0,300,0,0,8,20529,65476,0,0,26214,60.0,0.0,0.0,0.0,0.0,0.0
2026-05-17T16:29:56,ERR,ERR,ERR,ERR,ERR,ERR,ERR,ERR,ERR,ERR,ERR,ERR,ERR,ERR,ERR,ERR,ERR,ERR,ERR,ERR,ERR,ERR,ERR,ERR,ERR,ERR,ERR,ERR,ERR,ERR,ERR,ERR,ERR,ERR,ERR,ERR,ERR,ERR,ERR,ERR,ERR,ERR,ERR,ERR,ERR,ERR,ERR,ERR,ERR,ERR,ERR,ERR,ERR,ERR,ERR,ERR,ERR,ERR,ERR,ERR,ERR,ERR,ERR,ERR,ERR,ERR,ERR,ERR,ERR,ERR,ERR,ERR,ERR,ERR,ERR,ERR,ERR,ERR,ERR,ERR,ERR,ERR,ERR,ERR,ERR,ERR,ERR,ERR,ERR,ERR,ERR,ERR,ERR,ERR,ERR,ERR,ERR,ERR,ERR,ERR,ERR,ERR,ERR,ERR,ERR,ERR,ERR,ERR,ERR,ERR,ERR,ERR,ERR,ERR,ERR,ERR,ERR,ERR,ERR,ERR,ERR,ERR,ERR,ERR,ERR,0.0,-107615288.0,-0.0,0.0,0.0,1.3936040501711995e+18,7.805,0.0,0,0,4,0,8422,0.0,45,0.0,0.0,0.0,0.0,0.0,0,0,0,0,0.0,0,0,0,0,0,0,0,0,0,0,0,0,0,0,0,0,0,0,0,0,0,0,0,0,0,0,0,0,0,0,0,0,0,38,14,7,45,65476,0,300,0,0,8,21553,0.0,-107605600.0,0.0,0.0,0.0,0.0,0.0,0.0,0.0,0.0,0.0,0.0,0.0,0.0,0.0,0.0,0.0,0.0,0.0,0.0,0.0,0.0,0.0,-2.004,-0.0,0.0,0.0,0.0,0.0,0.0,5070.0,2.004,0.0,0.0,-107615288.0,0.0,-0.0,0.0,0.0,0.0,0.0,53,1.9056979486756045e+17,-0.0,0.0,0.0,0.0,0.0,0.0,0.0,0.0,0,0,0,0.0,0.0,0.0,0.0,0.0,0.0,0.0,0.0,0.0,0.0,0.0,0.0,0.0,0.0,0.0,0.0,0,-107875648.0,53,0.0,106,-107614832.0,-107350944.0,ERR,ERR,ERR,ERR,ERR,ERR,ERR,ERR,ERR,ERR,ERR,ERR,ERR,ERR,ERR,ERR,ERR,ERR,ERR,ERR,ERR,ERR,ERR,ERR,ERR,ERR,ERR,ERR,ERR,ERR,ERR,ERR,ERR,ERR,ERR,ERR,ERR,ERR,ERR,ERR,ERR,ERR,ERR,ERR,ERR,ERR,ERR,ERR,ERR,ERR,ERR,ERR,ERR,ERR,ERR,ERR,ERR,ERR,ERR,ERR,ERR,ERR,ERR,ERR,ERR,ERR,ERR,50.0,60.0,100,0.0,0.0,0.0,0.0,0.0,0.0,0.0,0.0,0.0,0.0,0.0,0.0,0.0,0.0,0.0,0.0,61.6,65,20,65521,50,65476,0,300,0,0,8,20529,65476,0,0,26214,60.0,0.0,0.0,0.0,0.0,0.0
2026-05-17T16:29:57,ERR,ERR,ERR,ERR,ERR,ERR,ERR,ERR,ERR,ERR,ERR,ERR,ERR,ERR,ERR,ERR,ERR,ERR,ERR,ERR,ERR,ERR,ERR,ERR,ERR,ERR,ERR,ERR,ERR,ERR,ERR,ERR,ERR,ERR,ERR,ERR,ERR,ERR,ERR,ERR,ERR,ERR,ERR,ERR,ERR,ERR,ERR,ERR,ERR,ERR,ERR,ERR,ERR,ERR,ERR,ERR,ERR,ERR,ERR,ERR,ERR,ERR,ERR,ERR,ERR,ERR,ERR,ERR,ERR,ERR,ERR,ERR,ERR,ERR,ERR,ERR,ERR,ERR,ERR,ERR,ERR,ERR,ERR,ERR,ERR,ERR,ERR,ERR,ERR,ERR,ERR,ERR,ERR,ERR,ERR,ERR,ERR,ERR,ERR,ERR,ERR,ERR,ERR,ERR,ERR,ERR,ERR,ERR,ERR,ERR,ERR,ERR,ERR,ERR,ERR,ERR,ERR,ERR,ERR,ERR,ERR,ERR,ERR,ERR,ERR,0.0,-107615288.0,-0.0,0.0,0.0,1.3936040501711995e+18,7.805,0.0,0,0,4,0,8422,0.0,45,0.0,0.0,0.0,0.0,0.0,0,0,0,0,0.0,0,0,0,0,0,0,0,0,0,0,0,0,0,0,0,0,0,0,0,0,0,0,0,0,0,0,0,0,0,0,0,0,0,38,14,7,45,65476,0,300,0,0,8,21553,0.0,-107605600.0,0.0,0.0,0.0,0.0,0.0,0.0,0.0,0.0,0.0,0.0,0.0,0.0,0.0,0.0,0.0,0.0,0.0,0.0,0.0,0.0,0.0,-2.004,-0.0,0.0,0.0,0.0,0.0,0.0,5070.0,2.004,0.0,0.0,-107615288.0,0.0,-0.0,0.0,0.0,0.0,0.0,53,1.9056979486756045e+17,-0.0,0.0,0.0,0.0,0.0,0.0,0.0,0.0,0,0,0,0.0,0.0,0.0,0.0,0.0,0.0,0.0,0.0,0.0,0.0,0.0,0.0,0.0,0.0,0.0,0.0,0,-107875648.0,53,0.0,106,-107614832.0,-107350944.0,ERR,ERR,ERR,ERR,ERR,ERR,ERR,ERR,ERR,ERR,ERR,ERR,ERR,ERR,ERR,ERR,ERR,ERR,ERR,ERR,ERR,ERR,ERR,ERR,ERR,ERR,ERR,ERR,ERR,ERR,ERR,ERR,ERR,ERR,ERR,ERR,ERR,ERR,ERR,ERR,ERR,ERR,ERR,ERR,ERR,ERR,ERR,ERR,ERR,ERR,ERR,ERR,ERR,ERR,ERR,ERR,ERR,ERR,ERR,ERR,ERR,ERR,ERR,ERR,ERR,ERR,ERR,50.0,60.0,100,0.0,0.0,0.0,0.0,0.0,0.0,0.0,0.0,0.0,0.0,0.0,0.0,0.0,0.0,0.0,0.0,61.6,65,20,65521,50,65476,0,300,0,0,8,20529,65476,0,0,26214,60.0,0.0,0.0,0.0,0.0,0.0
2026-05-17T16:29:58,ERR,ERR,ERR,ERR,ERR,ERR,ERR,ERR,ERR,ERR,ERR,ERR,ERR,ERR,ERR,ERR,ERR,ERR,ERR,ERR,ERR,ERR,ERR,ERR,ERR,ERR,ERR,ERR,ERR,ERR,ERR,ERR,ERR,ERR,ERR,ERR,ERR,ERR,ERR,ERR,ERR,ERR,ERR,ERR,ERR,ERR,ERR,ERR,ERR,ERR,ERR,ERR,ERR,ERR,ERR,ERR,ERR,ERR,ERR,ERR,ERR,ERR,ERR,ERR,ERR,ERR,ERR,ERR,ERR,ERR,ERR,ERR,ERR,ERR,ERR,ERR,ERR,ERR,ERR,ERR,ERR,ERR,ERR,ERR,ERR,ERR,ERR,ERR,ERR,ERR,ERR,ERR,ERR,ERR,ERR,ERR,ERR,ERR,ERR,ERR,ERR,ERR,ERR,ERR,ERR,ERR,ERR,ERR,ERR,ERR,ERR,ERR,ERR,ERR,ERR,ERR,ERR,ERR,ERR,ERR,ERR,ERR,ERR,ERR,ERR,0.0,-107615288.0,-0.0,0.0,0.0,1.3936040501711995e+18,7.805,0.0,0,0,4,0,8422,0.0,45,0.0,0.0,0.0,0.0,0.0,0,0,0,0,0.0,0,0,0,0,0,0,0,0,0,0,0,0,0,0,0,0,0,0,0,0,0,0,0,0,0,0,0,0,0,0,0,0,0,38,14,7,45,65476,0,300,0,0,8,21553,0.0,-107605600.0,0.0,0.0,0.0,0.0,0.0,0.0,0.0,0.0,0.0,0.0,0.0,0.0,0.0,0.0,0.0,0.0,0.0,0.0,0.0,0.0,0.0,-2.004,-0.0,0.0,0.0,0.0,0.0,0.0,5070.0,2.004,0.0,0.0,-107615288.0,0.0,-0.0,0.0,0.0,0.0,0.0,53,1.9056979486756045e+17,-0.0,0.0,0.0,0.0,0.0,0.0,0.0,0.0,0,0,0,0.0,0.0,0.0,0.0,0.0,0.0,0.0,0.0,0.0,0.0,0.0,0.0,0.0,0.0,0.0,0.0,0,-107875648.0,53,0.0,106,-107614832.0,-107350944.0,ERR,ERR,ERR,ERR,ERR,ERR,ERR,ERR,ERR,ERR,ERR,ERR,ERR,ERR,ERR,ERR,ERR,ERR,ERR,ERR,ERR,ERR,ERR,ERR,ERR,ERR,ERR,ERR,ERR,ERR,ERR,ERR,ERR,ERR,ERR,ERR,ERR,ERR,ERR,ERR,ERR,ERR,ERR,ERR,ERR,ERR,ERR,ERR,ERR,ERR,ERR,ERR,ERR,ERR,ERR,ERR,ERR,ERR,ERR,ERR,ERR,ERR,ERR,ERR,ERR,ERR,ERR,50.0,60.0,100,0.0,0.0,0.0,0.0,0.0,0.0,0.0,0.0,0.0,0.0,0.0,0.0,0.0,0.0,0.0,0.0,61.6,65,20,65521,50,65476,0,300,0,0,8,20529,65476,0,0,26214,60.0,0.0,0.0,0.0,0.0,0.0
2026-05-17T16:29:59,ERR,ERR,ERR,ERR,ERR,ERR,ERR,ERR,ERR,ERR,ERR,ERR,ERR,ERR,ERR,ERR,ERR,ERR,ERR,ERR,ERR,ERR,ERR,ERR,ERR,ERR,ERR,ERR,ERR,ERR,ERR,ERR,ERR,ERR,ERR,ERR,ERR,ERR,ERR,ERR,ERR,ERR,ERR,ERR,ERR,ERR,ERR,ERR,ERR,ERR,ERR,ERR,ERR,ERR,ERR,ERR,ERR,ERR,ERR,ERR,ERR,ERR,ERR,ERR,ERR,ERR,ERR,ERR,ERR,ERR,ERR,ERR,ERR,ERR,ERR,ERR,ERR,ERR,ERR,ERR,ERR,ERR,ERR,ERR,ERR,ERR,ERR,ERR,ERR,ERR,ERR,ERR,ERR,ERR,ERR,ERR,ERR,ERR,ERR,ERR,ERR,ERR,ERR,ERR,ERR,ERR,ERR,ERR,ERR,ERR,ERR,ERR,ERR,ERR,ERR,ERR,ERR,ERR,ERR,ERR,ERR,ERR,ERR,ERR,ERR,0.0,-107615288.0,-0.0,0.0,0.0,1.3936040501711995e+18,7.805,0.0,0,0,4,0,8422,0.0,45,0.0,0.0,0.0,0.0,0.0,0,0,0,0,0.0,0,0,0,0,0,0,0,0,0,0,0,0,0,0,0,0,0,0,0,0,0,0,0,0,0,0,0,0,0,0,0,0,0,38,14,7,45,65476,0,300,0,0,8,21553,0.0,-107605600.0,0.0,0.0,0.0,0.0,0.0,0.0,0.0,0.0,0.0,0.0,0.0,0.0,0.0,0.0,0.0,0.0,0.0,0.0,0.0,0.0,0.0,-2.004,-0.0,0.0,0.0,0.0,0.0,0.0,5070.0,2.004,0.0,0.0,-107615288.0,0.0,-0.0,0.0,0.0,0.0,0.0,53,1.9056979486756045e+17,-0.0,0.0,0.0,0.0,0.0,0.0,0.0,0.0,0,0,0,0.0,0.0,0.0,0.0,0.0,0.0,0.0,0.0,0.0,0.0,0.0,0.0,0.0,0.0,0.0,0.0,0,-107875648.0,53,0.0,106,-107614832.0,-107350944.0,ERR,ERR,ERR,ERR,ERR,ERR,ERR,ERR,ERR,ERR,ERR,ERR,ERR,ERR,ERR,ERR,ERR,ERR,ERR,ERR,ERR,ERR,ERR,ERR,ERR,ERR,ERR,ERR,ERR,ERR,ERR,ERR,ERR,ERR,ERR,ERR,ERR,ERR,ERR,ERR,ERR,ERR,ERR,ERR,ERR,ERR,ERR,ERR,ERR,ERR,ERR,ERR,ERR,ERR,ERR,ERR,ERR,ERR,ERR,ERR,ERR,ERR,ERR,ERR,ERR,ERR,ERR,50.0,60.0,100,0.0,0.0,0.0,0.0,0.0,0.0,0.0,0.0,0.0,0.0,0.0,0.0,0.0,0.0,0.0,0.0,61.6,65,20,65521,50,65476,0,300,0,0,8,20529,65476,0,0,26214,60.0,0.0,0.0,0.0,0.0,0.0
2026-05-17T16:30:00,ERR,ERR,ERR,ERR,ERR,ERR,ERR,ERR,ERR,ERR,ERR,ERR,ERR,ERR,ERR,ERR,ERR,ERR,ERR,ERR,ERR,ERR,ERR,ERR,ERR,ERR,ERR,ERR,ERR,ERR,ERR,ERR,ERR,ERR,ERR,ERR,ERR,ERR,ERR,ERR,ERR,ERR,ERR,ERR,ERR,ERR,ERR,ERR,ERR,ERR,ERR,ERR,ERR,ERR,ERR,ERR,ERR,ERR,ERR,ERR,ERR,ERR,ERR,ERR,ERR,ERR,ERR,ERR,ERR,ERR,ERR,ERR,ERR,ERR,ERR,ERR,ERR,ERR,ERR,ERR,ERR,ERR,ERR,ERR,ERR,ERR,ERR,ERR,ERR,ERR,ERR,ERR,ERR,ERR,ERR,ERR,ERR,ERR,ERR,ERR,ERR,ERR,ERR,ERR,ERR,ERR,ERR,ERR,ERR,ERR,ERR,ERR,ERR,ERR,ERR,ERR,ERR,ERR,ERR,ERR,ERR,ERR,ERR,ERR,ERR,0.0,-107615288.0,-0.0,0.0,0.0,1.3936040501711995e+18,7.805,0.0,0,0,4,0,8422,0.0,45,0.0,0.0,0.0,0.0,0.0,0,0,0,0,0.0,0,0,0,0,0,0,0,0,0,0,0,0,0,0,0,0,0,0,0,0,0,0,0,0,0,0,0,0,0,0,0,0,0,38,14,7,45,65476,0,300,0,0,8,21553,0.0,-107605600.0,0.0,0.0,0.0,0.0,0.0,0.0,0.0,0.0,0.0,0.0,0.0,0.0,0.0,0.0,0.0,0.0,0.0,0.0,0.0,0.0,0.0,-2.004,-0.0,0.0,0.0,0.0,0.0,0.0,5070.0,2.004,0.0,0.0,-107615288.0,0.0,-0.0,0.0,0.0,0.0,0.0,53,1.9056979486756045e+17,-0.0,0.0,0.0,0.0,0.0,0.0,0.0,0.0,0,0,0,0.0,0.0,0.0,0.0,0.0,0.0,0.0,0.0,0.0,0.0,0.0,0.0,0.0,0.0,0.0,0.0,0,-107875648.0,53,0.0,106,-107614832.0,-107350944.0,ERR,ERR,ERR,ERR,ERR,ERR,ERR,ERR,ERR,ERR,ERR,ERR,ERR,ERR,ERR,ERR,ERR,ERR,ERR,ERR,ERR,ERR,ERR,ERR,ERR,ERR,ERR,ERR,ERR,ERR,ERR,ERR,ERR,ERR,ERR,ERR,ERR,ERR,ERR,ERR,ERR,ERR,ERR,ERR,ERR,ERR,ERR,ERR,ERR,ERR,ERR,ERR,ERR,ERR,ERR,ERR,ERR,ERR,ERR,ERR,ERR,ERR,ERR,ERR,ERR,ERR,ERR,50.0,60.0,100,0.0,0.0,0.0,0.0,0.0,0.0,0.0,0.0,0.0,0.0,0.0,0.0,0.0,0.0,0.0,0.0,61.6,65,20,65521,50,65476,0,300,0,0,8,20529,65476,0,0,26214,60.0,0.0,0.0,0.0,0.0,0.0
2026-05-17T16:30:01,ERR,ERR,ERR,ERR,ERR,ERR,ERR,ERR,ERR,ERR,ERR,ERR,ERR,ERR,ERR,ERR,ERR,ERR,ERR,ERR,ERR,ERR,ERR,ERR,ERR,ERR,ERR,ERR,ERR,ERR,ERR,ERR,ERR,ERR,ERR,ERR,ERR,ERR,ERR,ERR,ERR,ERR,ERR,ERR,ERR,ERR,ERR,ERR,ERR,ERR,ERR,ERR,ERR,ERR,ERR,ERR,ERR,ERR,ERR,ERR,ERR,ERR,ERR,ERR,ERR,ERR,ERR,ERR,ERR,ERR,ERR,ERR,ERR,ERR,ERR,ERR,ERR,ERR,ERR,ERR,ERR,ERR,ERR,ERR,ERR,ERR,ERR,ERR,ERR,ERR,ERR,ERR,ERR,ERR,ERR,ERR,ERR,ERR,ERR,ERR,ERR,ERR,ERR,ERR,ERR,ERR,ERR,ERR,ERR,ERR,ERR,ERR,ERR,ERR,ERR,ERR,ERR,ERR,ERR,ERR,ERR,ERR,ERR,ERR,ERR,0.0,-107615288.0,-0.0,0.0,0.0,1.3936040501711995e+18,7.805,0.0,0,0,4,0,8422,0.0,45,0.0,0.0,0.0,0.0,0.0,0,0,0,0,0.0,0,0,0,0,0,0,0,0,0,0,0,0,0,0,0,0,0,0,0,0,0,0,0,0,0,0,0,0,0,0,0,0,0,38,14,7,45,65476,0,300,0,0,8,21553,0.0,-107605600.0,0.0,0.0,0.0,0.0,0.0,0.0,0.0,0.0,0.0,0.0,0.0,0.0,0.0,0.0,0.0,0.0,0.0,0.0,0.0,0.0,0.0,-2.004,-0.0,0.0,0.0,0.0,0.0,0.0,5069.0,1.587929730903595e+29,0.0,0.0,-107615288.0,0.0,-0.0,0.0,0.0,0.0,0.0,53,2.3088403658719416e+20,-71.629,0.0,0.0,0.0,0.0,0.0,0.0,0.0,0,0,0,0.0,0.0,0.0,0.0,0.0,0.0,0.0,0.0,0.0,0.0,0.0,0.0,0.0,0.0,0.0,0.0,0,-107875648.0,53,0.0,106,-107614832.0,-107350944.0,ERR,ERR,ERR,ERR,ERR,ERR,ERR,ERR,ERR,ERR,ERR,ERR,ERR,ERR,ERR,ERR,ERR,ERR,ERR,ERR,ERR,ERR,ERR,ERR,ERR,ERR,ERR,ERR,ERR,ERR,ERR,ERR,ERR,ERR,ERR,ERR,ERR,ERR,ERR,ERR,ERR,ERR,ERR,ERR,ERR,ERR,ERR,ERR,ERR,ERR,ERR,ERR,ERR,ERR,ERR,ERR,ERR,ERR,ERR,ERR,ERR,ERR,ERR,ERR,ERR,ERR,ERR,50.0,60.0,100,0.0,0.0,0.0,0.0,0.0,0.0,0.0,0.0,0.0,0.0,0.0,0.0,0.0,0.0,0.0,0.0,62.0,65,20,65521,50,65476,0,300,0,0,8,20529,65476,0,0,26214,60.0,0.0,0.0,0.0,0.0,0.0
2026-05-17T16:30:02,ERR,ERR,ERR,ERR,ERR,ERR,ERR,ERR,ERR,ERR,ERR,ERR,ERR,ERR,ERR,ERR,ERR,ERR,ERR,ERR,ERR,ERR,ERR,ERR,ERR,ERR,ERR,ERR,ERR,ERR,ERR,ERR,ERR,ERR,ERR,ERR,ERR,ERR,ERR,ERR,ERR,ERR,ERR,ERR,ERR,ERR,ERR,ERR,ERR,ERR,ERR,ERR,ERR,ERR,ERR,ERR,ERR,ERR,ERR,ERR,ERR,ERR,ERR,ERR,ERR,ERR,ERR,ERR,ERR,ERR,ERR,ERR,ERR,ERR,ERR,ERR,ERR,ERR,ERR,ERR,ERR,ERR,ERR,ERR,ERR,ERR,ERR,ERR,ERR,ERR,ERR,ERR,ERR,ERR,ERR,ERR,ERR,ERR,ERR,ERR,ERR,ERR,ERR,ERR,ERR,ERR,ERR,ERR,ERR,ERR,ERR,ERR,ERR,ERR,ERR,ERR,ERR,ERR,ERR,ERR,ERR,ERR,ERR,ERR,ERR,0.0,-107615288.0,-0.0,0.0,0.0,1.3936040501711995e+18,7.805,0.0,0,0,4,0,8422,0.0,45,0.0,0.0,0.0,0.0,0.0,0,0,0,0,0.0,0,0,0,0,0,0,0,0,0,0,0,0,0,0,0,0,0,0,0,0,0,0,0,0,0,0,0,0,0,0,0,0,0,38,14,7,45,65476,0,300,0,0,8,21553,0.0,-107605600.0,0.0,0.0,0.0,0.0,0.0,0.0,0.0,0.0,0.0,0.0,0.0,0.0,0.0,0.0,0.0,0.0,0.0,0.0,0.0,0.0,0.0,-2.004,-0.0,0.0,0.0,0.0,0.0,0.0,5069.0,1.587929730903595e+29,0.0,0.0,-107615288.0,0.0,-0.0,0.0,0.0,0.0,0.0,53,2.3088403658719416e+20,-71.629,0.0,0.0,0.0,0.0,0.0,0.0,0.0,0,0,0,0.0,0.0,0.0,0.0,0.0,0.0,0.0,0.0,0.0,0.0,0.0,0.0,0.0,0.0,0.0,0.0,0,-107875648.0,53,0.0,106,-107614832.0,-107350944.0,ERR,ERR,ERR,ERR,ERR,ERR,ERR,ERR,ERR,ERR,ERR,ERR,ERR,ERR,ERR,ERR,ERR,ERR,ERR,ERR,ERR,ERR,ERR,ERR,ERR,ERR,ERR,ERR,ERR,ERR,ERR,ERR,ERR,ERR,ERR,ERR,ERR,ERR,ERR,ERR,ERR,ERR,ERR,ERR,ERR,ERR,ERR,ERR,ERR,ERR,ERR,ERR,ERR,ERR,ERR,ERR,ERR,ERR,ERR,ERR,ERR,ERR,ERR,ERR,ERR,ERR,ERR,50.0,60.0,100,0.0,0.0,0.0,0.0,0.0,0.0,0.0,0.0,0.0,0.0,0.0,0.0,0.0,0.0,0.0,0.0,62.0,65,20,65521,50,65476,0,300,0,0,8,20529,65476,0,0,26214,60.0,0.0,0.0,0.0,0.0,0.0
2026-05-17T16:30:03,ERR,ERR,ERR,ERR,ERR,ERR,ERR,ERR,ERR,ERR,ERR,ERR,ERR,ERR,ERR,ERR,ERR,ERR,ERR,ERR,ERR,ERR,ERR,ERR,ERR,ERR,ERR,ERR,ERR,ERR,ERR,ERR,ERR,ERR,ERR,ERR,ERR,ERR,ERR,ERR,ERR,ERR,ERR,ERR,ERR,ERR,ERR,ERR,ERR,ERR,ERR,ERR,ERR,ERR,ERR,ERR,ERR,ERR,ERR,ERR,ERR,ERR,ERR,ERR,ERR,ERR,ERR,ERR,ERR,ERR,ERR,ERR,ERR,ERR,ERR,ERR,ERR,ERR,ERR,ERR,ERR,ERR,ERR,ERR,ERR,ERR,ERR,ERR,ERR,ERR,ERR,ERR,ERR,ERR,ERR,ERR,ERR,ERR,ERR,ERR,ERR,ERR,ERR,ERR,ERR,ERR,ERR,ERR,ERR,ERR,ERR,ERR,ERR,ERR,ERR,ERR,ERR,ERR,ERR,ERR,ERR,ERR,ERR,ERR,ERR,0.0,-107615288.0,-0.0,0.0,0.0,1.3936040501711995e+18,7.805,0.0,0,0,4,0,8422,0.0,45,0.0,0.0,0.0,0.0,0.0,0,0,0,0,0.0,0,0,0,0,0,0,0,0,0,0,0,0,0,0,0,0,0,0,0,0,0,0,0,0,0,0,0,0,0,0,0,0,0,38,14,7,45,65476,0,300,0,0,8,21553,0.0,-107605600.0,0.0,0.0,0.0,0.0,0.0,0.0,0.0,0.0,0.0,0.0,0.0,0.0,0.0,0.0,0.0,0.0,0.0,0.0,0.0,0.0,0.0,-2.004,-0.0,0.0,0.0,0.0,0.0,0.0,5069.0,1.587929730903595e+29,0.0,0.0,-107615288.0,0.0,-0.0,0.0,0.0,0.0,0.0,53,2.3088403658719416e+20,-71.629,0.0,0.0,0.0,0.0,0.0,0.0,0.0,0,0,0,0.0,0.0,0.0,0.0,0.0,0.0,0.0,0.0,0.0,0.0,0.0,0.0,0.0,0.0,0.0,0.0,0,-107875648.0,53,0.0,106,-107614832.0,-107350944.0,ERR,ERR,ERR,ERR,ERR,ERR,ERR,ERR,ERR,ERR,ERR,ERR,ERR,ERR,ERR,ERR,ERR,ERR,ERR,ERR,ERR,ERR,ERR,ERR,ERR,ERR,ERR,ERR,ERR,ERR,ERR,ERR,ERR,ERR,ERR,ERR,ERR,ERR,ERR,ERR,ERR,ERR,ERR,ERR,ERR,ERR,ERR,ERR,ERR,ERR,ERR,ERR,ERR,ERR,ERR,ERR,ERR,ERR,ERR,ERR,ERR,ERR,ERR,ERR,ERR,ERR,ERR,50.0,60.0,100,0.0,0.0,0.0,0.0,0.0,0.0,0.0,0.0,0.0,0.0,0.0,0.0,0.0,0.0,0.0,0.0,61.6,65,20,65521,50,65476,0,300,0,0,8,20529,65476,0,0,26214,60.0,0.0,0.0,0.0,0.0,0.0
2026-05-17T16:30:04,ERR,ERR,ERR,ERR,ERR,ERR,ERR,ERR,ERR,ERR,ERR,ERR,ERR,ERR,ERR,ERR,ERR,ERR,ERR,ERR,ERR,ERR,ERR,ERR,ERR,ERR,ERR,ERR,ERR,ERR,ERR,ERR,ERR,ERR,ERR,ERR,ERR,ERR,ERR,ERR,ERR,ERR,ERR,ERR,ERR,ERR,ERR,ERR,ERR,ERR,ERR,ERR,ERR,ERR,ERR,ERR,ERR,ERR,ERR,ERR,ERR,ERR,ERR,ERR,ERR,ERR,ERR,ERR,ERR,ERR,ERR,ERR,ERR,ERR,ERR,ERR,ERR,ERR,ERR,ERR,ERR,ERR,ERR,ERR,ERR,ERR,ERR,ERR,ERR,ERR,ERR,ERR,ERR,ERR,ERR,ERR,ERR,ERR,ERR,ERR,ERR,ERR,ERR,ERR,ERR,ERR,ERR,ERR,ERR,ERR,ERR,ERR,ERR,ERR,ERR,ERR,ERR,ERR,ERR,ERR,ERR,ERR,ERR,ERR,ERR,0.0,-107615288.0,-0.0,0.0,0.0,1.3936040501711995e+18,7.805,0.0,0,0,4,0,8422,0.0,45,0.0,0.0,0.0,0.0,0.0,0,0,0,0,0.0,0,0,0,0,0,0,0,0,0,0,0,0,0,0,0,0,0,0,0,0,0,0,0,0,0,0,0,0,0,0,0,0,0,38,14,7,45,65476,0,300,0,0,8,21553,0.0,-107605600.0,0.0,0.0,0.0,0.0,0.0,0.0,0.0,0.0,0.0,0.0,0.0,0.0,0.0,0.0,0.0,0.0,0.0,0.0,0.0,0.0,0.0,-2.004,-0.0,0.0,0.0,0.0,0.0,0.0,5069.0,1.587929730903595e+29,0.0,0.0,-107615288.0,0.0,-0.0,0.0,0.0,0.0,0.0,53,2.3088403658719416e+20,-71.629,0.0,0.0,0.0,0.0,0.0,0.0,0.0,0,0,0,0.0,0.0,0.0,0.0,0.0,0.0,0.0,0.0,0.0,0.0,0.0,0.0,0.0,0.0,0.0,0.0,0,-107875648.0,53,0.0,106,-107614832.0,-107350944.0,ERR,ERR,ERR,ERR,ERR,ERR,ERR,ERR,ERR,ERR,ERR,ERR,ERR,ERR,ERR,ERR,ERR,ERR,ERR,ERR,ERR,ERR,ERR,ERR,ERR,ERR,ERR,ERR,ERR,ERR,ERR,ERR,ERR,ERR,ERR,ERR,ERR,ERR,ERR,ERR,ERR,ERR,ERR,ERR,ERR,ERR,ERR,ERR,ERR,ERR,ERR,ERR,ERR,ERR,ERR,ERR,ERR,ERR,ERR,ERR,ERR,ERR,ERR,ERR,ERR,ERR,ERR,50.0,60.0,100,0.0,0.0,0.0,0.0,0.0,0.0,0.0,0.0,0.0,0.0,0.0,0.0,0.0,0.0,0.0,0.0,61.6,65,20,65521,50,65476,0,300,0,0,8,20529,65476,0,0,26214,60.0,0.0,0.0,0.0,0.0,0.0
2026-05-17T16:30:05,ERR,ERR,ERR,ERR,ERR,ERR,ERR,ERR,ERR,ERR,ERR,ERR,ERR,ERR,ERR,ERR,ERR,ERR,ERR,ERR,ERR,ERR,ERR,ERR,ERR,ERR,ERR,ERR,ERR,ERR,ERR,ERR,ERR,ERR,ERR,ERR,ERR,ERR,ERR,ERR,ERR,ERR,ERR,ERR,ERR,ERR,ERR,ERR,ERR,ERR,ERR,ERR,ERR,ERR,ERR,ERR,ERR,ERR,ERR,ERR,ERR,ERR,ERR,ERR,ERR,ERR,ERR,ERR,ERR,ERR,ERR,ERR,ERR,ERR,ERR,ERR,ERR,ERR,ERR,ERR,ERR,ERR,ERR,ERR,ERR,ERR,ERR,ERR,ERR,ERR,ERR,ERR,ERR,ERR,ERR,ERR,ERR,ERR,ERR,ERR,ERR,ERR,ERR,ERR,ERR,ERR,ERR,ERR,ERR,ERR,ERR,ERR,ERR,ERR,ERR,ERR,ERR,ERR,ERR,ERR,ERR,ERR,ERR,ERR,ERR,0.0,-107615288.0,-0.0,0.0,0.0,1.3936040501711995e+18,7.805,0.0,0,0,4,0,8422,0.0,45,0.0,0.0,0.0,0.0,0.0,0,0,0,0,0.0,0,0,0,0,0,0,0,0,0,0,0,0,0,0,0,0,0,0,0,0,0,0,0,0,0,0,0,0,0,0,0,0,0,38,14,7,45,65476,0,300,0,0,8,21553,0.0,-107605600.0,0.0,0.0,0.0,0.0,0.0,0.0,0.0,0.0,0.0,0.0,0.0,0.0,0.0,0.0,0.0,0.0,0.0,0.0,0.0,0.0,0.0,-2.004,-0.0,0.0,0.0,0.0,0.0,0.0,5069.0,1.587929730903595e+29,0.0,0.0,-107615288.0,0.0,-0.0,0.0,0.0,0.0,0.0,53,2.3088403658719416e+20,-71.629,0.0,0.0,0.0,0.0,0.0,0.0,0.0,0,0,0,0.0,0.0,0.0,0.0,0.0,0.0,0.0,0.0,0.0,0.0,0.0,0.0,0.0,0.0,0.0,0.0,0,-107875648.0,53,0.0,106,-107614832.0,-107350944.0,ERR,ERR,ERR,ERR,ERR,ERR,ERR,ERR,ERR,ERR,ERR,ERR,ERR,ERR,ERR,ERR,ERR,ERR,ERR,ERR,ERR,ERR,ERR,ERR,ERR,ERR,ERR,ERR,ERR,ERR,ERR,ERR,ERR,ERR,ERR,ERR,ERR,ERR,ERR,ERR,ERR,ERR,ERR,ERR,ERR,ERR,ERR,ERR,ERR,ERR,ERR,ERR,ERR,ERR,ERR,ERR,ERR,ERR,ERR,ERR,ERR,ERR,ERR,ERR,ERR,ERR,ERR,50.0,60.0,100,0.0,0.0,0.0,0.0,0.0,0.0,0.0,0.0,0.0,0.0,0.0,0.0,0.0,0.0,0.0,0.0,61.6,65,20,65521,50,65476,0,300,0,0,8,20529,65476,0,0,26214,60.0,0.0,0.0,0.0,0.0,0.0
2026-05-17T16:30:06,ERR,ERR,ERR,ERR,ERR,ERR,ERR,ERR,ERR,ERR,ERR,ERR,ERR,ERR,ERR,ERR,ERR,ERR,ERR,ERR,ERR,ERR,ERR,ERR,ERR,ERR,ERR,ERR,ERR,ERR,ERR,ERR,ERR,ERR,ERR,ERR,ERR,ERR,ERR,ERR,ERR,ERR,ERR,ERR,ERR,ERR,ERR,ERR,ERR,ERR,ERR,ERR,ERR,ERR,ERR,ERR,ERR,ERR,ERR,ERR,ERR,ERR,ERR,ERR,ERR,ERR,ERR,ERR,ERR,ERR,ERR,ERR,ERR,ERR,ERR,ERR,ERR,ERR,ERR,ERR,ERR,ERR,ERR,ERR,ERR,ERR,ERR,ERR,ERR,ERR,ERR,ERR,ERR,ERR,ERR,ERR,ERR,ERR,ERR,ERR,ERR,ERR,ERR,ERR,ERR,ERR,ERR,ERR,ERR,ERR,ERR,ERR,ERR,ERR,ERR,ERR,ERR,ERR,ERR,ERR,ERR,ERR,ERR,ERR,ERR,0.0,-107615288.0,-0.0,0.0,0.0,1.3936040501711995e+18,7.805,0.0,0,0,4,0,8422,0.0,45,0.0,0.0,0.0,0.0,0.0,0,0,0,0,0.0,0,0,0,0,0,0,0,0,0,0,0,0,0,0,0,0,0,0,0,0,0,0,0,0,0,0,0,0,0,0,0,0,0,38,14,7,45,65476,0,300,0,0,8,21553,0.0,-107605600.0,0.0,0.0,0.0,0.0,0.0,0.0,0.0,0.0,0.0,0.0,0.0,0.0,0.0,0.0,0.0,0.0,0.0,0.0,0.0,0.0,0.0,-2.004,-0.0,0.0,0.0,0.0,0.0,0.0,5072.0,3.697187013234e+19,0.0,0.0,-107615288.0,0.0,-0.0,0.0,0.0,0.0,0.0,53,1.9056979486756045e+17,-0.0,0.0,0.0,0.0,0.0,0.0,0.0,0.0,0,0,0,0.0,0.0,0.0,0.0,0.0,0.0,0.0,0.0,0.0,0.0,0.0,0.0,0.0,0.0,0.0,0.0,0,-107875648.0,53,0.0,106,-107614832.0,-107350944.0,ERR,ERR,ERR,ERR,ERR,ERR,ERR,ERR,ERR,ERR,ERR,ERR,ERR,ERR,ERR,ERR,ERR,ERR,ERR,ERR,ERR,ERR,ERR,ERR,ERR,ERR,ERR,ERR,ERR,ERR,ERR,ERR,ERR,ERR,ERR,ERR,ERR,ERR,ERR,ERR,ERR,ERR,ERR,ERR,ERR,ERR,ERR,ERR,ERR,ERR,ERR,ERR,ERR,ERR,ERR,ERR,ERR,ERR,ERR,ERR,ERR,ERR,ERR,ERR,ERR,ERR,ERR,50.0,60.0,100,0.0,0.0,0.0,0.0,0.0,0.0,0.0,0.0,0.0,0.0,0.0,0.0,0.0,0.0,0.0,0.0,61.6,65,20,65521,50,65476,0,300,0,0,8,20529,65476,0,0,26214,60.0,0.0,0.0,0.0,0.0,0.0
2026-05-17T16:30:07,ERR,ERR,ERR,ERR,ERR,ERR,ERR,ERR,ERR,ERR,ERR,ERR,ERR,ERR,ERR,ERR,ERR,ERR,ERR,ERR,ERR,ERR,ERR,ERR,ERR,ERR,ERR,ERR,ERR,ERR,ERR,ERR,ERR,ERR,ERR,ERR,ERR,ERR,ERR,ERR,ERR,ERR,ERR,ERR,ERR,ERR,ERR,ERR,ERR,ERR,ERR,ERR,ERR,ERR,ERR,ERR,ERR,ERR,ERR,ERR,ERR,ERR,ERR,ERR,ERR,ERR,ERR,ERR,ERR,ERR,ERR,ERR,ERR,ERR,ERR,ERR,ERR,ERR,ERR,ERR,ERR,ERR,ERR,ERR,ERR,ERR,ERR,ERR,ERR,ERR,ERR,ERR,ERR,ERR,ERR,ERR,ERR,ERR,ERR,ERR,ERR,ERR,ERR,ERR,ERR,ERR,ERR,ERR,ERR,ERR,ERR,ERR,ERR,ERR,ERR,ERR,ERR,ERR,ERR,ERR,ERR,ERR,ERR,ERR,ERR,0.0,-107615288.0,-0.0,0.0,0.0,1.3936040501711995e+18,7.805,0.0,0,0,4,0,8422,0.0,45,0.0,0.0,0.0,0.0,0.0,0,0,0,0,0.0,0,0,0,0,0,0,0,0,0,0,0,0,0,0,0,0,0,0,0,0,0,0,0,0,0,0,0,0,0,0,0,0,0,38,14,7,45,65476,0,300,0,0,8,21553,0.0,-107605600.0,0.0,0.0,0.0,0.0,0.0,0.0,0.0,0.0,0.0,0.0,0.0,0.0,0.0,0.0,0.0,0.0,0.0,0.0,0.0,0.0,0.0,-2.004,-0.0,0.0,0.0,0.0,0.0,0.0,5072.0,3.697187013234e+19,0.0,0.0,-107615288.0,0.0,-0.0,0.0,0.0,0.0,0.0,53,1.9056979486756045e+17,-0.0,0.0,0.0,0.0,0.0,0.0,0.0,0.0,0,0,0,0.0,0.0,0.0,0.0,0.0,0.0,0.0,0.0,0.0,0.0,0.0,0.0,0.0,0.0,0.0,0.0,0,-107875648.0,53,0.0,106,-107614832.0,-107350944.0,ERR,ERR,ERR,ERR,ERR,ERR,ERR,ERR,ERR,ERR,ERR,ERR,ERR,ERR,ERR,ERR,ERR,ERR,ERR,ERR,ERR,ERR,ERR,ERR,ERR,ERR,ERR,ERR,ERR,ERR,ERR,ERR,ERR,ERR,ERR,ERR,ERR,ERR,ERR,ERR,ERR,ERR,ERR,ERR,ERR,ERR,ERR,ERR,ERR,ERR,ERR,ERR,ERR,ERR,ERR,ERR,ERR,ERR,ERR,ERR,ERR,ERR,ERR,ERR,ERR,ERR,ERR,50.0,60.0,100,0.0,0.0,0.0,0.0,0.0,0.0,0.0,0.0,0.0,0.0,0.0,0.0,0.0,0.0,0.0,0.0,61.6,65,20,65521,50,65476,0,300,0,0,8,20529,65476,0,0,26214,60.0,0.0,0.0,0.0,0.0,0.0
2026-05-17T16:30:08,ERR,ERR,ERR,ERR,ERR,ERR,ERR,ERR,ERR,ERR,ERR,ERR,ERR,ERR,ERR,ERR,ERR,ERR,ERR,ERR,ERR,ERR,ERR,ERR,ERR,ERR,ERR,ERR,ERR,ERR,ERR,ERR,ERR,ERR,ERR,ERR,ERR,ERR,ERR,ERR,ERR,ERR,ERR,ERR,ERR,ERR,ERR,ERR,ERR,ERR,ERR,ERR,ERR,ERR,ERR,ERR,ERR,ERR,ERR,ERR,ERR,ERR,ERR,ERR,ERR,ERR,ERR,ERR,ERR,ERR,ERR,ERR,ERR,ERR,ERR,ERR,ERR,ERR,ERR,ERR,ERR,ERR,ERR,ERR,ERR,ERR,ERR,ERR,ERR,ERR,ERR,ERR,ERR,ERR,ERR,ERR,ERR,ERR,ERR,ERR,ERR,ERR,ERR,ERR,ERR,ERR,ERR,ERR,ERR,ERR,ERR,ERR,ERR,ERR,ERR,ERR,ERR,ERR,ERR,ERR,ERR,ERR,ERR,ERR,ERR,0.0,-107615288.0,-0.0,0.0,0.0,1.3936040501711995e+18,7.805,0.0,0,0,4,0,8422,0.0,45,0.0,0.0,0.0,0.0,0.0,0,0,0,0,0.0,0,0,0,0,0,0,0,0,0,0,0,0,0,0,0,0,0,0,0,0,0,0,0,0,0,0,0,0,0,0,0,0,0,38,14,7,45,65476,0,300,0,0,8,21553,0.0,-107605600.0,0.0,0.0,0.0,0.0,0.0,0.0,0.0,0.0,0.0,0.0,0.0,0.0,0.0,0.0,0.0,0.0,0.0,0.0,0.0,0.0,0.0,-2.004,-0.0,0.0,0.0,0.0,0.0,0.0,5072.0,3.697187013234e+19,0.0,0.0,-107615288.0,0.0,-0.0,0.0,0.0,0.0,0.0,53,1.9056979486756045e+17,-0.0,0.0,0.0,0.0,0.0,0.0,0.0,0.0,0,0,0,0.0,0.0,0.0,0.0,0.0,0.0,0.0,0.0,0.0,0.0,0.0,0.0,0.0,0.0,0.0,0.0,0,-107875648.0,53,0.0,106,-107614832.0,-107350944.0,ERR,ERR,ERR,ERR,ERR,ERR,ERR,ERR,ERR,ERR,ERR,ERR,ERR,ERR,ERR,ERR,ERR,ERR,ERR,ERR,ERR,ERR,ERR,ERR,ERR,ERR,ERR,ERR,ERR,ERR,ERR,ERR,ERR,ERR,ERR,ERR,ERR,ERR,ERR,ERR,ERR,ERR,ERR,ERR,ERR,ERR,ERR,ERR,ERR,ERR,ERR,ERR,ERR,ERR,ERR,ERR,ERR,ERR,ERR,ERR,ERR,ERR,ERR,ERR,ERR,ERR,ERR,50.0,60.0,100,0.0,0.0,0.0,0.0,0.0,0.0,0.0,0.0,0.0,0.0,0.0,0.0,0.0,0.0,0.0,0.0,61.6,65,20,65521,50,65476,0,300,0,0,8,20529,65476,0,0,26214,60.0,0.0,0.0,0.0,0.0,0.0
2026-05-17T16:30:09,ERR,ERR,ERR,ERR,ERR,ERR,ERR,ERR,ERR,ERR,ERR,ERR,ERR,ERR,ERR,ERR,ERR,ERR,ERR,ERR,ERR,ERR,ERR,ERR,ERR,ERR,ERR,ERR,ERR,ERR,ERR,ERR,ERR,ERR,ERR,ERR,ERR,ERR,ERR,ERR,ERR,ERR,ERR,ERR,ERR,ERR,ERR,ERR,ERR,ERR,ERR,ERR,ERR,ERR,ERR,ERR,ERR,ERR,ERR,ERR,ERR,ERR,ERR,ERR,ERR,ERR,ERR,ERR,ERR,ERR,ERR,ERR,ERR,ERR,ERR,ERR,ERR,ERR,ERR,ERR,ERR,ERR,ERR,ERR,ERR,ERR,ERR,ERR,ERR,ERR,ERR,ERR,ERR,ERR,ERR,ERR,ERR,ERR,ERR,ERR,ERR,ERR,ERR,ERR,ERR,ERR,ERR,ERR,ERR,ERR,ERR,ERR,ERR,ERR,ERR,ERR,ERR,ERR,ERR,ERR,ERR,ERR,ERR,ERR,ERR,0.0,-107615288.0,-0.0,0.0,0.0,1.3936040501711995e+18,7.805,0.0,0,0,4,0,8422,0.0,45,0.0,0.0,0.0,0.0,0.0,0,0,0,0,0.0,0,0,0,0,0,0,0,0,0,0,0,0,0,0,0,0,0,0,0,0,0,0,0,0,0,0,0,0,0,0,0,0,0,38,14,7,45,65476,0,300,0,0,8,21553,0.0,-107605600.0,0.0,0.0,0.0,0.0,0.0,0.0,0.0,0.0,0.0,0.0,0.0,0.0,0.0,0.0,0.0,0.0,0.0,0.0,0.0,0.0,0.0,-2.004,-0.0,0.0,0.0,0.0,0.0,0.0,5072.0,3.697187013234e+19,0.0,0.0,-107615288.0,0.0,-0.0,0.0,0.0,0.0,0.0,53,1.9056979486756045e+17,-0.0,0.0,0.0,0.0,0.0,0.0,0.0,0.0,0,0,0,0.0,0.0,0.0,0.0,0.0,0.0,0.0,0.0,0.0,0.0,0.0,0.0,0.0,0.0,0.0,0.0,0,-107875648.0,53,0.0,106,-107614832.0,-107350944.0,ERR,ERR,ERR,ERR,ERR,ERR,ERR,ERR,ERR,ERR,ERR,ERR,ERR,ERR,ERR,ERR,ERR,ERR,ERR,ERR,ERR,ERR,ERR,ERR,ERR,ERR,ERR,ERR,ERR,ERR,ERR,ERR,ERR,ERR,ERR,ERR,ERR,ERR,ERR,ERR,ERR,ERR,ERR,ERR,ERR,ERR,ERR,ERR,ERR,ERR,ERR,ERR,ERR,ERR,ERR,ERR,ERR,ERR,ERR,ERR,ERR,ERR,ERR,ERR,ERR,ERR,ERR,50.0,60.0,100,0.0,0.0,0.0,0.0,0.0,0.0,0.0,0.0,0.0,0.0,0.0,0.0,0.0,0.0,0.0,0.0,61.6,65,20,65521,50,65476,0,300,0,0,8,20529,65476,0,0,26214,60.0,0.0,0.0,0.0,0.0,0.0
2026-05-17T16:30:10,ERR,ERR,ERR,ERR,ERR,ERR,ERR,ERR,ERR,ERR,ERR,ERR,ERR,ERR,ERR,ERR,ERR,ERR,ERR,ERR,ERR,ERR,ERR,ERR,ERR,ERR,ERR,ERR,ERR,ERR,ERR,ERR,ERR,ERR,ERR,ERR,ERR,ERR,ERR,ERR,ERR,ERR,ERR,ERR,ERR,ERR,ERR,ERR,ERR,ERR,ERR,ERR,ERR,ERR,ERR,ERR,ERR,ERR,ERR,ERR,ERR,ERR,ERR,ERR,ERR,ERR,ERR,ERR,ERR,ERR,ERR,ERR,ERR,ERR,ERR,ERR,ERR,ERR,ERR,ERR,ERR,ERR,ERR,ERR,ERR,ERR,ERR,ERR,ERR,ERR,ERR,ERR,ERR,ERR,ERR,ERR,ERR,ERR,ERR,ERR,ERR,ERR,ERR,ERR,ERR,ERR,ERR,ERR,ERR,ERR,ERR,ERR,ERR,ERR,ERR,ERR,ERR,ERR,ERR,ERR,ERR,ERR,ERR,ERR,ERR,0.0,-107615288.0,-0.0,0.0,0.0,1.3936040501711995e+18,7.805,0.0,0,0,4,0,8422,0.0,45,0.0,0.0,0.0,0.0,0.0,0,0,0,0,0.0,0,0,0,0,0,0,0,0,0,0,0,0,0,0,0,0,0,0,0,0,0,0,0,0,0,0,0,0,0,0,0,0,0,38,14,7,45,65476,0,300,0,0,8,21553,0.0,-107605600.0,0.0,0.0,0.0,0.0,0.0,0.0,0.0,0.0,0.0,0.0,0.0,0.0,0.0,0.0,0.0,0.0,0.0,0.0,0.0,0.0,0.0,-2.004,-0.0,0.0,0.0,0.0,0.0,0.0,5072.0,3.697187013234e+19,0.0,0.0,-107615288.0,0.0,-0.0,0.0,0.0,0.0,0.0,53,1.9056979486756045e+17,-0.0,0.0,0.0,0.0,0.0,0.0,0.0,0.0,0,0,0,0.0,0.0,0.0,0.0,0.0,0.0,0.0,0.0,0.0,0.0,0.0,0.0,0.0,0.0,0.0,0.0,0,-107875648.0,53,0.0,106,-107614832.0,-107350944.0,ERR,ERR,ERR,ERR,ERR,ERR,ERR,ERR,ERR,ERR,ERR,ERR,ERR,ERR,ERR,ERR,ERR,ERR,ERR,ERR,ERR,ERR,ERR,ERR,ERR,ERR,ERR,ERR,ERR,ERR,ERR,ERR,ERR,ERR,ERR,ERR,ERR,ERR,ERR,ERR,ERR,ERR,ERR,ERR,ERR,ERR,ERR,ERR,ERR,ERR,ERR,ERR,ERR,ERR,ERR,ERR,ERR,ERR,ERR,ERR,ERR,ERR,ERR,ERR,ERR,ERR,ERR,50.0,60.0,100,0.0,0.0,0.0,0.0,0.0,0.0,0.0,0.0,0.0,0.0,0.0,0.0,0.0,0.0,0.0,0.0,61.6,65,20,65521,50,65476,0,300,0,0,8,20529,65476,0,0,26214,60.0,0.0,0.0,0.0,0.0,0.0
2026-05-17T16:30:11,ERR,ERR,ERR,ERR,ERR,ERR,ERR,ERR,ERR,ERR,ERR,ERR,ERR,ERR,ERR,ERR,ERR,ERR,ERR,ERR,ERR,ERR,ERR,ERR,ERR,ERR,ERR,ERR,ERR,ERR,ERR,ERR,ERR,ERR,ERR,ERR,ERR,ERR,ERR,ERR,ERR,ERR,ERR,ERR,ERR,ERR,ERR,ERR,ERR,ERR,ERR,ERR,ERR,ERR,ERR,ERR,ERR,ERR,ERR,ERR,ERR,ERR,ERR,ERR,ERR,ERR,ERR,ERR,ERR,ERR,ERR,ERR,ERR,ERR,ERR,ERR,ERR,ERR,ERR,ERR,ERR,ERR,ERR,ERR,ERR,ERR,ERR,ERR,ERR,ERR,ERR,ERR,ERR,ERR,ERR,ERR,ERR,ERR,ERR,ERR,ERR,ERR,ERR,ERR,ERR,ERR,ERR,ERR,ERR,ERR,ERR,ERR,ERR,ERR,ERR,ERR,ERR,ERR,ERR,ERR,ERR,ERR,ERR,ERR,ERR,0.0,-107615288.0,-0.0,0.0,0.0,1.3936040501711995e+18,7.805,0.0,0,0,4,0,8422,0.0,45,0.0,0.0,0.0,0.0,0.0,0,0,0,0,0.0,0,0,0,0,0,0,0,0,0,0,0,0,0,0,0,0,0,0,0,0,0,0,0,0,0,0,0,0,0,0,0,0,0,38,14,7,45,65476,0,300,0,0,8,21553,0.0,-107605600.0,0.0,0.0,0.0,0.0,0.0,0.0,0.0,0.0,0.0,0.0,0.0,0.0,0.0,0.0,0.0,0.0,0.0,0.0,0.0,0.0,0.0,-2.004,-0.0,0.0,0.0,0.0,0.0,0.0,5069.0,0.0,0.0,0.0,-107615288.0,0.0,-0.0,0.0,0.0,0.0,0.0,53,2.3088403658719416e+20,1.9056862663645594e+17,0.0,0.0,0.0,0.0,0.0,0.0,0.0,0,0,0,0.0,0.0,0.0,0.0,0.0,0.0,0.0,0.0,0.0,0.0,0.0,0.0,0.0,0.0,0.0,0.0,0,-107875648.0,53,0.0,106,-107614832.0,-107350944.0,ERR,ERR,ERR,ERR,ERR,ERR,ERR,ERR,ERR,ERR,ERR,ERR,ERR,ERR,ERR,ERR,ERR,ERR,ERR,ERR,ERR,ERR,ERR,ERR,ERR,ERR,ERR,ERR,ERR,ERR,ERR,ERR,ERR,ERR,ERR,ERR,ERR,ERR,ERR,ERR,ERR,ERR,ERR,ERR,ERR,ERR,ERR,ERR,ERR,ERR,ERR,ERR,ERR,ERR,ERR,ERR,ERR,ERR,ERR,ERR,ERR,ERR,ERR,ERR,ERR,ERR,ERR,50.0,60.0,100,0.0,0.0,0.0,0.0,0.0,0.0,0.0,0.0,0.0,0.0,0.0,0.0,0.0,0.0,0.0,0.0,61.6,65,20,65521,50,65476,0,300,0,0,8,20529,65476,0,0,26214,60.0,0.0,0.0,0.0,0.0,0.0
2026-05-17T16:30:12,ERR,ERR,ERR,ERR,ERR,ERR,ERR,ERR,ERR,ERR,ERR,ERR,ERR,ERR,ERR,ERR,ERR,ERR,ERR,ERR,ERR,ERR,ERR,ERR,ERR,ERR,ERR,ERR,ERR,ERR,ERR,ERR,ERR,ERR,ERR,ERR,ERR,ERR,ERR,ERR,ERR,ERR,ERR,ERR,ERR,ERR,ERR,ERR,ERR,ERR,ERR,ERR,ERR,ERR,ERR,ERR,ERR,ERR,ERR,ERR,ERR,ERR,ERR,ERR,ERR,ERR,ERR,ERR,ERR,ERR,ERR,ERR,ERR,ERR,ERR,ERR,ERR,ERR,ERR,ERR,ERR,ERR,ERR,ERR,ERR,ERR,ERR,ERR,ERR,ERR,ERR,ERR,ERR,ERR,ERR,ERR,ERR,ERR,ERR,ERR,ERR,ERR,ERR,ERR,ERR,ERR,ERR,ERR,ERR,ERR,ERR,ERR,ERR,ERR,ERR,ERR,ERR,ERR,ERR,ERR,ERR,ERR,ERR,ERR,ERR,0.0,-107615288.0,-0.0,0.0,0.0,1.3936040501711995e+18,7.805,0.0,0,0,4,0,8422,0.0,45,0.0,0.0,0.0,0.0,0.0,0,0,0,0,0.0,0,0,0,0,0,0,0,0,0,0,0,0,0,0,0,0,0,0,0,0,0,0,0,0,0,0,0,0,0,0,0,0,0,38,14,7,45,65476,0,300,0,0,8,21553,0.0,-107605600.0,0.0,0.0,0.0,0.0,0.0,0.0,0.0,0.0,0.0,0.0,0.0,0.0,0.0,0.0,0.0,0.0,0.0,0.0,0.0,0.0,0.0,-2.004,-0.0,0.0,0.0,0.0,0.0,0.0,5069.0,0.0,0.0,0.0,-107615288.0,0.0,-0.0,0.0,0.0,0.0,0.0,53,2.3088403658719416e+20,1.9056862663645594e+17,0.0,0.0,0.0,0.0,0.0,0.0,0.0,0,0,0,0.0,0.0,0.0,0.0,0.0,0.0,0.0,0.0,0.0,0.0,0.0,0.0,0.0,0.0,0.0,0.0,0,-107875648.0,53,0.0,106,-107614832.0,-107350944.0,ERR,ERR,ERR,ERR,ERR,ERR,ERR,ERR,ERR,ERR,ERR,ERR,ERR,ERR,ERR,ERR,ERR,ERR,ERR,ERR,ERR,ERR,ERR,ERR,ERR,ERR,ERR,ERR,ERR,ERR,ERR,ERR,ERR,ERR,ERR,ERR,ERR,ERR,ERR,ERR,ERR,ERR,ERR,ERR,ERR,ERR,ERR,ERR,ERR,ERR,ERR,ERR,ERR,ERR,ERR,ERR,ERR,ERR,ERR,ERR,ERR,ERR,ERR,ERR,ERR,ERR,ERR,50.0,60.0,100,0.0,0.0,0.0,0.0,0.0,0.0,0.0,0.0,0.0,0.0,0.0,0.0,0.0,0.0,0.0,0.0,61.6,65,20,65521,50,65476,0,300,0,0,8,20529,65476,0,0,26214,60.0,0.0,0.0,0.0,0.0,0.0
2026-05-17T16:30:13,ERR,ERR,ERR,ERR,ERR,ERR,ERR,ERR,ERR,ERR,ERR,ERR,ERR,ERR,ERR,ERR,ERR,ERR,ERR,ERR,ERR,ERR,ERR,ERR,ERR,ERR,ERR,ERR,ERR,ERR,ERR,ERR,ERR,ERR,ERR,ERR,ERR,ERR,ERR,ERR,ERR,ERR,ERR,ERR,ERR,ERR,ERR,ERR,ERR,ERR,ERR,ERR,ERR,ERR,ERR,ERR,ERR,ERR,ERR,ERR,ERR,ERR,ERR,ERR,ERR,ERR,ERR,ERR,ERR,ERR,ERR,ERR,ERR,ERR,ERR,ERR,ERR,ERR,ERR,ERR,ERR,ERR,ERR,ERR,ERR,ERR,ERR,ERR,ERR,ERR,ERR,ERR,ERR,ERR,ERR,ERR,ERR,ERR,ERR,ERR,ERR,ERR,ERR,ERR,ERR,ERR,ERR,ERR,ERR,ERR,ERR,ERR,ERR,ERR,ERR,ERR,ERR,ERR,ERR,ERR,ERR,ERR,ERR,ERR,ERR,0.0,-107615288.0,-0.0,0.0,0.0,1.3936040501711995e+18,7.805,0.0,0,0,4,0,8422,0.0,45,0.0,0.0,0.0,0.0,0.0,0,0,0,0,0.0,0,0,0,0,0,0,0,0,0,0,0,0,0,0,0,0,0,0,0,0,0,0,0,0,0,0,0,0,0,0,0,0,0,38,14,7,45,65476,0,300,0,0,8,21553,0.0,-107605600.0,0.0,0.0,0.0,0.0,0.0,0.0,0.0,0.0,0.0,0.0,0.0,0.0,0.0,0.0,0.0,0.0,0.0,0.0,0.0,0.0,0.0,-2.004,-0.0,0.0,0.0,0.0,0.0,0.0,5069.0,0.0,0.0,0.0,-107615288.0,0.0,-0.0,0.0,0.0,0.0,0.0,53,2.3088403658719416e+20,1.9056862663645594e+17,0.0,0.0,0.0,0.0,0.0,0.0,0.0,0,0,0,0.0,0.0,0.0,0.0,0.0,0.0,0.0,0.0,0.0,0.0,0.0,0.0,0.0,0.0,0.0,0.0,0,-107875648.0,53,0.0,106,-107614832.0,-107350944.0,ERR,ERR,ERR,ERR,ERR,ERR,ERR,ERR,ERR,ERR,ERR,ERR,ERR,ERR,ERR,ERR,ERR,ERR,ERR,ERR,ERR,ERR,ERR,ERR,ERR,ERR,ERR,ERR,ERR,ERR,ERR,ERR,ERR,ERR,ERR,ERR,ERR,ERR,ERR,ERR,ERR,ERR,ERR,ERR,ERR,ERR,ERR,ERR,ERR,ERR,ERR,ERR,ERR,ERR,ERR,ERR,ERR,ERR,ERR,ERR,ERR,ERR,ERR,ERR,ERR,ERR,ERR,50.0,60.0,100,0.0,0.0,0.0,0.0,0.0,0.0,0.0,0.0,0.0,0.0,0.0,0.0,0.0,0.0,0.0,0.0,61.6,65,20,65521,50,65476,0,300,0,0,8,20529,65476,0,0,26214,60.0,0.0,0.0,0.0,0.0,0.0
2026-05-17T16:30:14,ERR,ERR,ERR,ERR,ERR,ERR,ERR,ERR,ERR,ERR,ERR,ERR,ERR,ERR,ERR,ERR,ERR,ERR,ERR,ERR,ERR,ERR,ERR,ERR,ERR,ERR,ERR,ERR,ERR,ERR,ERR,ERR,ERR,ERR,ERR,ERR,ERR,ERR,ERR,ERR,ERR,ERR,ERR,ERR,ERR,ERR,ERR,ERR,ERR,ERR,ERR,ERR,ERR,ERR,ERR,ERR,ERR,ERR,ERR,ERR,ERR,ERR,ERR,ERR,ERR,ERR,ERR,ERR,ERR,ERR,ERR,ERR,ERR,ERR,ERR,ERR,ERR,ERR,ERR,ERR,ERR,ERR,ERR,ERR,ERR,ERR,ERR,ERR,ERR,ERR,ERR,ERR,ERR,ERR,ERR,ERR,ERR,ERR,ERR,ERR,ERR,ERR,ERR,ERR,ERR,ERR,ERR,ERR,ERR,ERR,ERR,ERR,ERR,ERR,ERR,ERR,ERR,ERR,ERR,ERR,ERR,ERR,ERR,ERR,ERR,0.0,-107615288.0,-0.0,0.0,0.0,1.3936040501711995e+18,7.805,0.0,0,0,4,0,8422,0.0,45,0.0,0.0,0.0,0.0,0.0,0,0,0,0,0.0,0,0,0,0,0,0,0,0,0,0,0,0,0,0,0,0,0,0,0,0,0,0,0,0,0,0,0,0,0,0,0,0,0,38,14,7,45,65476,0,300,0,0,8,21553,0.0,-107605600.0,0.0,0.0,0.0,0.0,0.0,0.0,0.0,0.0,0.0,0.0,0.0,0.0,0.0,0.0,0.0,0.0,0.0,0.0,0.0,0.0,0.0,-2.004,-0.0,0.0,0.0,0.0,0.0,0.0,5069.0,0.0,0.0,0.0,-107615288.0,0.0,-0.0,0.0,0.0,0.0,0.0,53,2.3088403658719416e+20,1.9056862663645594e+17,0.0,0.0,0.0,0.0,0.0,0.0,0.0,0,0,0,0.0,0.0,0.0,0.0,0.0,0.0,0.0,0.0,0.0,0.0,0.0,0.0,0.0,0.0,0.0,0.0,0,-107875648.0,53,0.0,106,-107614832.0,-107350944.0,ERR,ERR,ERR,ERR,ERR,ERR,ERR,ERR,ERR,ERR,ERR,ERR,ERR,ERR,ERR,ERR,ERR,ERR,ERR,ERR,ERR,ERR,ERR,ERR,ERR,ERR,ERR,ERR,ERR,ERR,ERR,ERR,ERR,ERR,ERR,ERR,ERR,ERR,ERR,ERR,ERR,ERR,ERR,ERR,ERR,ERR,ERR,ERR,ERR,ERR,ERR,ERR,ERR,ERR,ERR,ERR,ERR,ERR,ERR,ERR,ERR,ERR,ERR,ERR,ERR,ERR,ERR,50.0,60.0,100,0.0,0.0,0.0,0.0,0.0,0.0,0.0,0.0,0.0,0.0,0.0,0.0,0.0,0.0,0.0,0.0,61.6,65,20,65521,50,65476,0,300,0,0,8,20529,65476,0,0,26214,60.0,0.0,0.0,0.0,0.0,0.0
2026-05-17T16:30:15,ERR,ERR,ERR,ERR,ERR,ERR,ERR,ERR,ERR,ERR,ERR,ERR,ERR,ERR,ERR,ERR,ERR,ERR,ERR,ERR,ERR,ERR,ERR,ERR,ERR,ERR,ERR,ERR,ERR,ERR,ERR,ERR,ERR,ERR,ERR,ERR,ERR,ERR,ERR,ERR,ERR,ERR,ERR,ERR,ERR,ERR,ERR,ERR,ERR,ERR,ERR,ERR,ERR,ERR,ERR,ERR,ERR,ERR,ERR,ERR,ERR,ERR,ERR,ERR,ERR,ERR,ERR,ERR,ERR,ERR,ERR,ERR,ERR,ERR,ERR,ERR,ERR,ERR,ERR,ERR,ERR,ERR,ERR,ERR,ERR,ERR,ERR,ERR,ERR,ERR,ERR,ERR,ERR,ERR,ERR,ERR,ERR,ERR,ERR,ERR,ERR,ERR,ERR,ERR,ERR,ERR,ERR,ERR,ERR,ERR,ERR,ERR,ERR,ERR,ERR,ERR,ERR,ERR,ERR,ERR,ERR,ERR,ERR,ERR,ERR,0.0,-107615288.0,-0.0,0.0,0.0,1.3936040501711995e+18,7.805,0.0,0,0,4,0,8422,0.0,45,0.0,0.0,0.0,0.0,0.0,0,0,0,0,0.0,0,0,0,0,0,0,0,0,0,0,0,0,0,0,0,0,0,0,0,0,0,0,0,0,0,0,0,0,0,0,0,0,0,38,14,7,45,65476,0,300,0,0,8,21553,0.0,-107605600.0,0.0,0.0,0.0,0.0,0.0,0.0,0.0,0.0,0.0,0.0,0.0,0.0,0.0,0.0,0.0,0.0,0.0,0.0,0.0,0.0,0.0,-2.004,-0.0,0.0,0.0,0.0,0.0,0.0,5069.0,0.0,0.0,0.0,-107615288.0,0.0,-0.0,0.0,0.0,0.0,0.0,53,2.3088403658719416e+20,1.9056862663645594e+17,0.0,0.0,0.0,0.0,0.0,0.0,0.0,0,0,0,0.0,0.0,0.0,0.0,0.0,0.0,0.0,0.0,0.0,0.0,0.0,0.0,0.0,0.0,0.0,0.0,0,-107875648.0,53,0.0,106,-107614832.0,-107350944.0,ERR,ERR,ERR,ERR,ERR,ERR,ERR,ERR,ERR,ERR,ERR,ERR,ERR,ERR,ERR,ERR,ERR,ERR,ERR,ERR,ERR,ERR,ERR,ERR,ERR,ERR,ERR,ERR,ERR,ERR,ERR,ERR,ERR,ERR,ERR,ERR,ERR,ERR,ERR,ERR,ERR,ERR,ERR,ERR,ERR,ERR,ERR,ERR,ERR,ERR,ERR,ERR,ERR,ERR,ERR,ERR,ERR,ERR,ERR,ERR,ERR,ERR,ERR,ERR,ERR,ERR,ERR,50.0,60.0,100,0.0,0.0,0.0,0.0,0.0,0.0,0.0,0.0,0.0,0.0,0.0,0.0,0.0,0.0,0.0,0.0,61.6,65,20,65521,50,65476,0,300,0,0,8,20529,65476,0,0,26214,60.0,0.0,0.0,0.0,0.0,0.0
2026-05-17T16:30:16,ERR,ERR,ERR,ERR,ERR,ERR,ERR,ERR,ERR,ERR,ERR,ERR,ERR,ERR,ERR,ERR,ERR,ERR,ERR,ERR,ERR,ERR,ERR,ERR,ERR,ERR,ERR,ERR,ERR,ERR,ERR,ERR,ERR,ERR,ERR,ERR,ERR,ERR,ERR,ERR,ERR,ERR,ERR,ERR,ERR,ERR,ERR,ERR,ERR,ERR,ERR,ERR,ERR,ERR,ERR,ERR,ERR,ERR,ERR,ERR,ERR,ERR,ERR,ERR,ERR,ERR,ERR,ERR,ERR,ERR,ERR,ERR,ERR,ERR,ERR,ERR,ERR,ERR,ERR,ERR,ERR,ERR,ERR,ERR,ERR,ERR,ERR,ERR,ERR,ERR,ERR,ERR,ERR,ERR,ERR,ERR,ERR,ERR,ERR,ERR,ERR,ERR,ERR,ERR,ERR,ERR,ERR,ERR,ERR,ERR,ERR,ERR,ERR,ERR,ERR,ERR,ERR,ERR,ERR,ERR,ERR,ERR,ERR,ERR,ERR,0.0,-107615288.0,-0.0,0.0,0.0,1.3936040501711995e+18,7.805,0.0,0,0,4,0,8422,0.0,45,0.0,0.0,0.0,0.0,0.0,0,0,0,0,0.0,0,0,0,0,0,0,0,0,0,0,0,0,0,0,0,0,0,0,0,0,0,0,0,0,0,0,0,0,0,0,0,0,0,38,14,7,45,65476,0,300,0,0,8,21553,0.0,-107605600.0,0.0,0.0,0.0,0.0,0.0,0.0,0.0,0.0,0.0,0.0,0.0,0.0,0.0,0.0,0.0,0.0,0.0,0.0,0.0,0.0,0.0,-2.004,-0.0,0.0,0.0,0.0,0.0,0.0,5034.0,-1.5879295420089355e+29,0.0,0.0,-107615288.0,0.0,-0.0,0.0,0.0,0.0,0.0,53,71.63,-4.950401904804668e+32,0.0,0.0,0.0,0.0,0.0,0.0,0.0,0,0,0,0.0,0.0,0.0,0.0,0.0,0.0,0.0,0.0,0.0,0.0,0.0,0.0,0.0,0.0,0.0,0.0,0,-107875648.0,53,0.0,106,-107614832.0,-107350944.0,ERR,ERR,ERR,ERR,ERR,ERR,ERR,ERR,ERR,ERR,ERR,ERR,ERR,ERR,ERR,ERR,ERR,ERR,ERR,ERR,ERR,ERR,ERR,ERR,ERR,ERR,ERR,ERR,ERR,ERR,ERR,ERR,ERR,ERR,ERR,ERR,ERR,ERR,ERR,ERR,ERR,ERR,ERR,ERR,ERR,ERR,ERR,ERR,ERR,ERR,ERR,ERR,ERR,ERR,ERR,ERR,ERR,ERR,ERR,ERR,ERR,ERR,ERR,ERR,ERR,ERR,ERR,50.0,60.0,100,0.0,0.0,0.0,0.0,0.0,0.0,0.0,0.0,0.0,0.0,0.0,0.0,0.0,0.0,0.0,0.0,62.0,65,20,65521,50,65476,0,300,0,0,8,20529,65476,0,0,26214,60.0,0.0,0.0,0.0,0.0,0.0
2026-05-17T16:30:17,ERR,ERR,ERR,ERR,ERR,ERR,ERR,ERR,ERR,ERR,ERR,ERR,ERR,ERR,ERR,ERR,ERR,ERR,ERR,ERR,ERR,ERR,ERR,ERR,ERR,ERR,ERR,ERR,ERR,ERR,ERR,ERR,ERR,ERR,ERR,ERR,ERR,ERR,ERR,ERR,ERR,ERR,ERR,ERR,ERR,ERR,ERR,ERR,ERR,ERR,ERR,ERR,ERR,ERR,ERR,ERR,ERR,ERR,ERR,ERR,ERR,ERR,ERR,ERR,ERR,ERR,ERR,ERR,ERR,ERR,ERR,ERR,ERR,ERR,ERR,ERR,ERR,ERR,ERR,ERR,ERR,ERR,ERR,ERR,ERR,ERR,ERR,ERR,ERR,ERR,ERR,ERR,ERR,ERR,ERR,ERR,ERR,ERR,ERR,ERR,ERR,ERR,ERR,ERR,ERR,ERR,ERR,ERR,ERR,ERR,ERR,ERR,ERR,ERR,ERR,ERR,ERR,ERR,ERR,ERR,ERR,ERR,ERR,ERR,ERR,0.0,-107615288.0,-0.0,0.0,0.0,1.3936040501711995e+18,7.805,0.0,0,0,4,0,8422,0.0,45,0.0,0.0,0.0,0.0,0.0,0,0,0,0,0.0,0,0,0,0,0,0,0,0,0,0,0,0,0,0,0,0,0,0,0,0,0,0,0,0,0,0,0,0,0,0,0,0,0,38,14,7,45,65476,0,300,0,0,8,21553,0.0,-107605600.0,0.0,0.0,0.0,0.0,0.0,0.0,0.0,0.0,0.0,0.0,0.0,0.0,0.0,0.0,0.0,0.0,0.0,0.0,0.0,0.0,0.0,-2.004,-0.0,0.0,0.0,0.0,0.0,0.0,5034.0,-1.5879295420089355e+29,0.0,0.0,-107615288.0,0.0,-0.0,0.0,0.0,0.0,0.0,53,71.63,-4.950401904804668e+32,0.0,0.0,0.0,0.0,0.0,0.0,0.0,0,0,0,0.0,0.0,0.0,0.0,0.0,0.0,0.0,0.0,0.0,0.0,0.0,0.0,0.0,0.0,0.0,0.0,0,-107875648.0,53,0.0,106,-107614832.0,-107350944.0,ERR,ERR,ERR,ERR,ERR,ERR,ERR,ERR,ERR,ERR,ERR,ERR,ERR,ERR,ERR,ERR,ERR,ERR,ERR,ERR,ERR,ERR,ERR,ERR,ERR,ERR,ERR,ERR,ERR,ERR,ERR,ERR,ERR,ERR,ERR,ERR,ERR,ERR,ERR,ERR,ERR,ERR,ERR,ERR,ERR,ERR,ERR,ERR,ERR,ERR,ERR,ERR,ERR,ERR,ERR,ERR,ERR,ERR,ERR,ERR,ERR,ERR,ERR,ERR,ERR,ERR,ERR,50.0,60.0,100,0.0,0.0,0.0,0.0,0.0,0.0,0.0,0.0,0.0,0.0,0.0,0.0,0.0,0.0,0.0,0.0,61.6,65,20,65521,50,65476,0,300,0,0,8,20529,65476,0,0,26214,60.0,0.0,0.0,0.0,0.0,0.0
2026-05-17T16:30:18,ERR,ERR,ERR,ERR,ERR,ERR,ERR,ERR,ERR,ERR,ERR,ERR,ERR,ERR,ERR,ERR,ERR,ERR,ERR,ERR,ERR,ERR,ERR,ERR,ERR,ERR,ERR,ERR,ERR,ERR,ERR,ERR,ERR,ERR,ERR,ERR,ERR,ERR,ERR,ERR,ERR,ERR,ERR,ERR,ERR,ERR,ERR,ERR,ERR,ERR,ERR,ERR,ERR,ERR,ERR,ERR,ERR,ERR,ERR,ERR,ERR,ERR,ERR,ERR,ERR,ERR,ERR,ERR,ERR,ERR,ERR,ERR,ERR,ERR,ERR,ERR,ERR,ERR,ERR,ERR,ERR,ERR,ERR,ERR,ERR,ERR,ERR,ERR,ERR,ERR,ERR,ERR,ERR,ERR,ERR,ERR,ERR,ERR,ERR,ERR,ERR,ERR,ERR,ERR,ERR,ERR,ERR,ERR,ERR,ERR,ERR,ERR,ERR,ERR,ERR,ERR,ERR,ERR,ERR,ERR,ERR,ERR,ERR,ERR,ERR,0.0,-107615288.0,-0.0,0.0,0.0,1.3936040501711995e+18,7.805,0.0,0,0,4,0,8422,0.0,45,0.0,0.0,0.0,0.0,0.0,0,0,0,0,0.0,0,0,0,0,0,0,0,0,0,0,0,0,0,0,0,0,0,0,0,0,0,0,0,0,0,0,0,0,0,0,0,0,0,38,14,7,45,65476,0,300,0,0,8,21553,0.0,-107605600.0,0.0,0.0,0.0,0.0,0.0,0.0,0.0,0.0,0.0,0.0,0.0,0.0,0.0,0.0,0.0,0.0,0.0,0.0,0.0,0.0,0.0,-2.004,-0.0,0.0,0.0,0.0,0.0,0.0,5034.0,-1.5879295420089355e+29,0.0,0.0,-107615288.0,0.0,-0.0,0.0,0.0,0.0,0.0,53,71.63,-4.950401904804668e+32,0.0,0.0,0.0,0.0,0.0,0.0,0.0,0,0,0,0.0,0.0,0.0,0.0,0.0,0.0,0.0,0.0,0.0,0.0,0.0,0.0,0.0,0.0,0.0,0.0,0,-107875648.0,53,0.0,106,-107614832.0,-107350944.0,ERR,ERR,ERR,ERR,ERR,ERR,ERR,ERR,ERR,ERR,ERR,ERR,ERR,ERR,ERR,ERR,ERR,ERR,ERR,ERR,ERR,ERR,ERR,ERR,ERR,ERR,ERR,ERR,ERR,ERR,ERR,ERR,ERR,ERR,ERR,ERR,ERR,ERR,ERR,ERR,ERR,ERR,ERR,ERR,ERR,ERR,ERR,ERR,ERR,ERR,ERR,ERR,ERR,ERR,ERR,ERR,ERR,ERR,ERR,ERR,ERR,ERR,ERR,ERR,ERR,ERR,ERR,50.0,60.0,100,0.0,0.0,0.0,0.0,0.0,0.0,0.0,0.0,0.0,0.0,0.0,0.0,0.0,0.0,0.0,0.0,61.6,65,20,65521,50,65476,0,300,0,0,8,20529,65476,0,0,26214,60.0,0.0,0.0,0.0,0.0,0.0
2026-05-17T16:30:19,ERR,ERR,ERR,ERR,ERR,ERR,ERR,ERR,ERR,ERR,ERR,ERR,ERR,ERR,ERR,ERR,ERR,ERR,ERR,ERR,ERR,ERR,ERR,ERR,ERR,ERR,ERR,ERR,ERR,ERR,ERR,ERR,ERR,ERR,ERR,ERR,ERR,ERR,ERR,ERR,ERR,ERR,ERR,ERR,ERR,ERR,ERR,ERR,ERR,ERR,ERR,ERR,ERR,ERR,ERR,ERR,ERR,ERR,ERR,ERR,ERR,ERR,ERR,ERR,ERR,ERR,ERR,ERR,ERR,ERR,ERR,ERR,ERR,ERR,ERR,ERR,ERR,ERR,ERR,ERR,ERR,ERR,ERR,ERR,ERR,ERR,ERR,ERR,ERR,ERR,ERR,ERR,ERR,ERR,ERR,ERR,ERR,ERR,ERR,ERR,ERR,ERR,ERR,ERR,ERR,ERR,ERR,ERR,ERR,ERR,ERR,ERR,ERR,ERR,ERR,ERR,ERR,ERR,ERR,ERR,ERR,ERR,ERR,ERR,ERR,0.0,-107615288.0,-0.0,0.0,0.0,1.3936040501711995e+18,7.805,0.0,0,0,4,0,8422,0.0,45,0.0,0.0,0.0,0.0,0.0,0,0,0,0,0.0,0,0,0,0,0,0,0,0,0,0,0,0,0,0,0,0,0,0,0,0,0,0,0,0,0,0,0,0,0,0,0,0,0,38,14,7,45,65476,0,300,0,0,8,21553,0.0,-107605600.0,0.0,0.0,0.0,0.0,0.0,0.0,0.0,0.0,0.0,0.0,0.0,0.0,0.0,0.0,0.0,0.0,0.0,0.0,0.0,0.0,0.0,-2.004,-0.0,0.0,0.0,0.0,0.0,0.0,5034.0,-1.5879295420089355e+29,0.0,0.0,-107615288.0,0.0,-0.0,0.0,0.0,0.0,0.0,53,71.63,-4.950401904804668e+32,0.0,0.0,0.0,0.0,0.0,0.0,0.0,0,0,0,0.0,0.0,0.0,0.0,0.0,0.0,0.0,0.0,0.0,0.0,0.0,0.0,0.0,0.0,0.0,0.0,0,-107875648.0,53,0.0,106,-107614832.0,-107350944.0,ERR,ERR,ERR,ERR,ERR,ERR,ERR,ERR,ERR,ERR,ERR,ERR,ERR,ERR,ERR,ERR,ERR,ERR,ERR,ERR,ERR,ERR,ERR,ERR,ERR,ERR,ERR,ERR,ERR,ERR,ERR,ERR,ERR,ERR,ERR,ERR,ERR,ERR,ERR,ERR,ERR,ERR,ERR,ERR,ERR,ERR,ERR,ERR,ERR,ERR,ERR,ERR,ERR,ERR,ERR,ERR,ERR,ERR,ERR,ERR,ERR,ERR,ERR,ERR,ERR,ERR,ERR,50.0,60.0,100,0.0,0.0,0.0,0.0,0.0,0.0,0.0,0.0,0.0,0.0,0.0,0.0,0.0,0.0,0.0,0.0,62.0,65,20,65521,50,65476,0,300,0,0,8,20529,65476,0,0,26214,60.0,0.0,0.0,0.0,0.0,0.0
2026-05-17T16:30:20,ERR,ERR,ERR,ERR,ERR,ERR,ERR,ERR,ERR,ERR,ERR,ERR,ERR,ERR,ERR,ERR,ERR,ERR,ERR,ERR,ERR,ERR,ERR,ERR,ERR,ERR,ERR,ERR,ERR,ERR,ERR,ERR,ERR,ERR,ERR,ERR,ERR,ERR,ERR,ERR,ERR,ERR,ERR,ERR,ERR,ERR,ERR,ERR,ERR,ERR,ERR,ERR,ERR,ERR,ERR,ERR,ERR,ERR,ERR,ERR,ERR,ERR,ERR,ERR,ERR,ERR,ERR,ERR,ERR,ERR,ERR,ERR,ERR,ERR,ERR,ERR,ERR,ERR,ERR,ERR,ERR,ERR,ERR,ERR,ERR,ERR,ERR,ERR,ERR,ERR,ERR,ERR,ERR,ERR,ERR,ERR,ERR,ERR,ERR,ERR,ERR,ERR,ERR,ERR,ERR,ERR,ERR,ERR,ERR,ERR,ERR,ERR,ERR,ERR,ERR,ERR,ERR,ERR,ERR,ERR,ERR,ERR,ERR,ERR,ERR,0.0,-107615288.0,-0.0,0.0,0.0,1.3936040501711995e+18,7.805,0.0,0,0,4,0,8422,0.0,45,0.0,0.0,0.0,0.0,0.0,0,0,0,0,0.0,0,0,0,0,0,0,0,0,0,0,0,0,0,0,0,0,0,0,0,0,0,0,0,0,0,0,0,0,0,0,0,0,0,38,14,7,45,65476,0,300,0,0,8,21553,0.0,-107605600.0,0.0,0.0,0.0,0.0,0.0,0.0,0.0,0.0,0.0,0.0,0.0,0.0,0.0,0.0,0.0,0.0,0.0,0.0,0.0,0.0,0.0,-2.004,-0.0,0.0,0.0,0.0,0.0,0.0,5034.0,-1.5879295420089355e+29,0.0,0.0,-107615288.0,0.0,-0.0,0.0,0.0,0.0,0.0,53,71.63,-4.950401904804668e+32,0.0,0.0,0.0,0.0,0.0,0.0,0.0,0,0,0,0.0,0.0,0.0,0.0,0.0,0.0,0.0,0.0,0.0,0.0,0.0,0.0,0.0,0.0,0.0,0.0,0,-107875648.0,53,0.0,106,-107614832.0,-107350944.0,ERR,ERR,ERR,ERR,ERR,ERR,ERR,ERR,ERR,ERR,ERR,ERR,ERR,ERR,ERR,ERR,ERR,ERR,ERR,ERR,ERR,ERR,ERR,ERR,ERR,ERR,ERR,ERR,ERR,ERR,ERR,ERR,ERR,ERR,ERR,ERR,ERR,ERR,ERR,ERR,ERR,ERR,ERR,ERR,ERR,ERR,ERR,ERR,ERR,ERR,ERR,ERR,ERR,ERR,ERR,ERR,ERR,ERR,ERR,ERR,ERR,ERR,ERR,ERR,ERR,ERR,ERR,50.0,60.0,100,0.0,0.0,0.0,0.0,0.0,0.0,0.0,0.0,0.0,0.0,0.0,0.0,0.0,0.0,0.0,0.0,62.0,65,20,65521,50,65476,0,300,0,0,8,20529,65476,0,0,26214,60.0,0.0,0.0,0.0,0.0,0.0
2026-05-17T16:30:21,ERR,ERR,ERR,ERR,ERR,ERR,ERR,ERR,ERR,ERR,ERR,ERR,ERR,ERR,ERR,ERR,ERR,ERR,ERR,ERR,ERR,ERR,ERR,ERR,ERR,ERR,ERR,ERR,ERR,ERR,ERR,ERR,ERR,ERR,ERR,ERR,ERR,ERR,ERR,ERR,ERR,ERR,ERR,ERR,ERR,ERR,ERR,ERR,ERR,ERR,ERR,ERR,ERR,ERR,ERR,ERR,ERR,ERR,ERR,ERR,ERR,ERR,ERR,ERR,ERR,ERR,ERR,ERR,ERR,ERR,ERR,ERR,ERR,ERR,ERR,ERR,ERR,ERR,ERR,ERR,ERR,ERR,ERR,ERR,ERR,ERR,ERR,ERR,ERR,ERR,ERR,ERR,ERR,ERR,ERR,ERR,ERR,ERR,ERR,ERR,ERR,ERR,ERR,ERR,ERR,ERR,ERR,ERR,ERR,ERR,ERR,ERR,ERR,ERR,ERR,ERR,ERR,ERR,ERR,ERR,ERR,ERR,ERR,ERR,ERR,0.0,-107615288.0,-0.0,0.0,0.0,1.3936040501711995e+18,7.805,0.0,0,0,4,0,8422,0.0,45,0.0,0.0,0.0,0.0,0.0,0,0,0,0,0.0,0,0,0,0,0,0,0,0,0,0,0,0,0,0,0,0,0,0,0,0,0,0,0,0,0,0,0,0,0,0,0,0,0,38,14,7,45,65476,0,300,0,0,8,21553,0.0,-107605600.0,0.0,0.0,0.0,0.0,0.0,0.0,0.0,0.0,0.0,0.0,0.0,0.0,0.0,0.0,0.0,0.0,0.0,0.0,0.0,0.0,0.0,-2.004,-0.0,0.0,0.0,0.0,0.0,0.0,5038.0,131350.453,0.0,0.0,-107615288.0,0.0,-0.0,0.0,0.0,0.0,0.0,53,2.7184300208680915e+23,0.0,0.0,0.0,0.0,0.0,0.0,0.0,0.0,0,0,0,0.0,0.0,0.0,0.0,0.0,0.0,0.0,0.0,0.0,0.0,0.0,0.0,0.0,0.0,0.0,0.0,0,-107875648.0,53,0.0,106,-107614832.0,-107350944.0,ERR,ERR,ERR,ERR,ERR,ERR,ERR,ERR,ERR,ERR,ERR,ERR,ERR,ERR,ERR,ERR,ERR,ERR,ERR,ERR,ERR,ERR,ERR,ERR,ERR,ERR,ERR,ERR,ERR,ERR,ERR,ERR,ERR,ERR,ERR,ERR,ERR,ERR,ERR,ERR,ERR,ERR,ERR,ERR,ERR,ERR,ERR,ERR,ERR,ERR,ERR,ERR,ERR,ERR,ERR,ERR,ERR,ERR,ERR,ERR,ERR,ERR,ERR,ERR,ERR,ERR,ERR,50.0,60.0,100,0.0,0.0,0.0,0.0,0.0,0.0,0.0,0.0,0.0,0.0,0.0,0.0,0.0,0.0,0.0,0.0,62.0,65,20,65521,50,65476,0,300,0,0,8,20529,65476,0,0,26214,60.0,0.0,0.0,0.0,0.0,0.0
2026-05-17T16:30:22,ERR,ERR,ERR,ERR,ERR,ERR,ERR,ERR,ERR,ERR,ERR,ERR,ERR,ERR,ERR,ERR,ERR,ERR,ERR,ERR,ERR,ERR,ERR,ERR,ERR,ERR,ERR,ERR,ERR,ERR,ERR,ERR,ERR,ERR,ERR,ERR,ERR,ERR,ERR,ERR,ERR,ERR,ERR,ERR,ERR,ERR,ERR,ERR,ERR,ERR,ERR,ERR,ERR,ERR,ERR,ERR,ERR,ERR,ERR,ERR,ERR,ERR,ERR,ERR,ERR,ERR,ERR,ERR,ERR,ERR,ERR,ERR,ERR,ERR,ERR,ERR,ERR,ERR,ERR,ERR,ERR,ERR,ERR,ERR,ERR,ERR,ERR,ERR,ERR,ERR,ERR,ERR,ERR,ERR,ERR,ERR,ERR,ERR,ERR,ERR,ERR,ERR,ERR,ERR,ERR,ERR,ERR,ERR,ERR,ERR,ERR,ERR,ERR,ERR,ERR,ERR,ERR,ERR,ERR,ERR,ERR,ERR,ERR,ERR,ERR,0.0,-107615288.0,-0.0,0.0,0.0,1.3936040501711995e+18,7.805,0.0,0,0,4,0,8422,0.0,45,0.0,0.0,0.0,0.0,0.0,0,0,0,0,0.0,0,0,0,0,0,0,0,0,0,0,0,0,0,0,0,0,0,0,0,0,0,0,0,0,0,0,0,0,0,0,0,0,0,38,14,7,45,65476,0,300,0,0,8,21553,0.0,-107605600.0,0.0,0.0,0.0,0.0,0.0,0.0,0.0,0.0,0.0,0.0,0.0,0.0,0.0,0.0,0.0,0.0,0.0,0.0,0.0,0.0,0.0,-2.004,-0.0,0.0,0.0,0.0,0.0,0.0,5038.0,131350.453,0.0,0.0,-107615288.0,0.0,-0.0,0.0,0.0,0.0,0.0,53,2.7184300208680915e+23,0.0,0.0,0.0,0.0,0.0,0.0,0.0,0.0,0,0,0,0.0,0.0,0.0,0.0,0.0,0.0,0.0,0.0,0.0,0.0,0.0,0.0,0.0,0.0,0.0,0.0,0,-107875648.0,53,0.0,106,-107614832.0,-107350944.0,ERR,ERR,ERR,ERR,ERR,ERR,ERR,ERR,ERR,ERR,ERR,ERR,ERR,ERR,ERR,ERR,ERR,ERR,ERR,ERR,ERR,ERR,ERR,ERR,ERR,ERR,ERR,ERR,ERR,ERR,ERR,ERR,ERR,ERR,ERR,ERR,ERR,ERR,ERR,ERR,ERR,ERR,ERR,ERR,ERR,ERR,ERR,ERR,ERR,ERR,ERR,ERR,ERR,ERR,ERR,ERR,ERR,ERR,ERR,ERR,ERR,ERR,ERR,ERR,ERR,ERR,ERR,50.0,60.0,100,0.0,0.0,0.0,0.0,0.0,0.0,0.0,0.0,0.0,0.0,0.0,0.0,0.0,0.0,0.0,0.0,62.0,65,20,65521,50,65476,0,300,0,0,8,20529,65476,0,0,26214,60.0,0.0,0.0,0.0,0.0,0.0
2026-05-17T16:30:23,ERR,ERR,ERR,ERR,ERR,ERR,ERR,ERR,ERR,ERR,ERR,ERR,ERR,ERR,ERR,ERR,ERR,ERR,ERR,ERR,ERR,ERR,ERR,ERR,ERR,ERR,ERR,ERR,ERR,ERR,ERR,ERR,ERR,ERR,ERR,ERR,ERR,ERR,ERR,ERR,ERR,ERR,ERR,ERR,ERR,ERR,ERR,ERR,ERR,ERR,ERR,ERR,ERR,ERR,ERR,ERR,ERR,ERR,ERR,ERR,ERR,ERR,ERR,ERR,ERR,ERR,ERR,ERR,ERR,ERR,ERR,ERR,ERR,ERR,ERR,ERR,ERR,ERR,ERR,ERR,ERR,ERR,ERR,ERR,ERR,ERR,ERR,ERR,ERR,ERR,ERR,ERR,ERR,ERR,ERR,ERR,ERR,ERR,ERR,ERR,ERR,ERR,ERR,ERR,ERR,ERR,ERR,ERR,ERR,ERR,ERR,ERR,ERR,ERR,ERR,ERR,ERR,ERR,ERR,ERR,ERR,ERR,ERR,ERR,ERR,0.0,-107615288.0,-0.0,0.0,0.0,1.3936040501711995e+18,7.805,0.0,0,0,4,0,8422,0.0,45,0.0,0.0,0.0,0.0,0.0,0,0,0,0,0.0,0,0,0,0,0,0,0,0,0,0,0,0,0,0,0,0,0,0,0,0,0,0,0,0,0,0,0,0,0,0,0,0,0,38,14,7,45,65476,0,300,0,0,8,21553,0.0,-107605600.0,0.0,0.0,0.0,0.0,0.0,0.0,0.0,0.0,0.0,0.0,0.0,0.0,0.0,0.0,0.0,0.0,0.0,0.0,0.0,0.0,0.0,-2.004,-0.0,0.0,0.0,0.0,0.0,0.0,5038.0,131350.453,0.0,0.0,-107615288.0,0.0,-0.0,0.0,0.0,0.0,0.0,53,2.7184300208680915e+23,0.0,0.0,0.0,0.0,0.0,0.0,0.0,0.0,0,0,0,0.0,0.0,0.0,0.0,0.0,0.0,0.0,0.0,0.0,0.0,0.0,0.0,0.0,0.0,0.0,0.0,0,-107875648.0,53,0.0,106,-107614832.0,-107350944.0,ERR,ERR,ERR,ERR,ERR,ERR,ERR,ERR,ERR,ERR,ERR,ERR,ERR,ERR,ERR,ERR,ERR,ERR,ERR,ERR,ERR,ERR,ERR,ERR,ERR,ERR,ERR,ERR,ERR,ERR,ERR,ERR,ERR,ERR,ERR,ERR,ERR,ERR,ERR,ERR,ERR,ERR,ERR,ERR,ERR,ERR,ERR,ERR,ERR,ERR,ERR,ERR,ERR,ERR,ERR,ERR,ERR,ERR,ERR,ERR,ERR,ERR,ERR,ERR,ERR,ERR,ERR,50.0,60.0,100,0.0,0.0,0.0,0.0,0.0,0.0,0.0,0.0,0.0,0.0,0.0,0.0,0.0,0.0,0.0,0.0,61.6,65,20,65521,50,65476,0,300,0,0,8,20529,65476,0,0,26214,60.0,0.0,0.0,0.0,0.0,0.0
2026-05-17T16:30:24,ERR,ERR,ERR,ERR,ERR,ERR,ERR,ERR,ERR,ERR,ERR,ERR,ERR,ERR,ERR,ERR,ERR,ERR,ERR,ERR,ERR,ERR,ERR,ERR,ERR,ERR,ERR,ERR,ERR,ERR,ERR,ERR,ERR,ERR,ERR,ERR,ERR,ERR,ERR,ERR,ERR,ERR,ERR,ERR,ERR,ERR,ERR,ERR,ERR,ERR,ERR,ERR,ERR,ERR,ERR,ERR,ERR,ERR,ERR,ERR,ERR,ERR,ERR,ERR,ERR,ERR,ERR,ERR,ERR,ERR,ERR,ERR,ERR,ERR,ERR,ERR,ERR,ERR,ERR,ERR,ERR,ERR,ERR,ERR,ERR,ERR,ERR,ERR,ERR,ERR,ERR,ERR,ERR,ERR,ERR,ERR,ERR,ERR,ERR,ERR,ERR,ERR,ERR,ERR,ERR,ERR,ERR,ERR,ERR,ERR,ERR,ERR,ERR,ERR,ERR,ERR,ERR,ERR,ERR,ERR,ERR,ERR,ERR,ERR,ERR,0.0,-107615288.0,-0.0,0.0,0.0,1.3936040501711995e+18,7.805,0.0,0,0,4,0,8422,0.0,45,0.0,0.0,0.0,0.0,0.0,0,0,0,0,0.0,0,0,0,0,0,0,0,0,0,0,0,0,0,0,0,0,0,0,0,0,0,0,0,0,0,0,0,0,0,0,0,0,0,38,14,7,45,65476,0,300,0,0,8,21553,0.0,-107605600.0,0.0,0.0,0.0,0.0,0.0,0.0,0.0,0.0,0.0,0.0,0.0,0.0,0.0,0.0,0.0,0.0,0.0,0.0,0.0,0.0,0.0,-2.004,-0.0,0.0,0.0,0.0,0.0,0.0,5038.0,131350.453,0.0,0.0,-107615288.0,0.0,-0.0,0.0,0.0,0.0,0.0,53,2.7184300208680915e+23,0.0,0.0,0.0,0.0,0.0,0.0,0.0,0.0,0,0,0,0.0,0.0,0.0,0.0,0.0,0.0,0.0,0.0,0.0,0.0,0.0,0.0,0.0,0.0,0.0,0.0,0,-107875648.0,53,0.0,106,-107614832.0,-107350944.0,ERR,ERR,ERR,ERR,ERR,ERR,ERR,ERR,ERR,ERR,ERR,ERR,ERR,ERR,ERR,ERR,ERR,ERR,ERR,ERR,ERR,ERR,ERR,ERR,ERR,ERR,ERR,ERR,ERR,ERR,ERR,ERR,ERR,ERR,ERR,ERR,ERR,ERR,ERR,ERR,ERR,ERR,ERR,ERR,ERR,ERR,ERR,ERR,ERR,ERR,ERR,ERR,ERR,ERR,ERR,ERR,ERR,ERR,ERR,ERR,ERR,ERR,ERR,ERR,ERR,ERR,ERR,50.0,60.0,100,0.0,0.0,0.0,0.0,0.0,0.0,0.0,0.0,0.0,0.0,0.0,0.0,0.0,0.0,0.0,0.0,61.6,65,20,65521,50,65476,0,300,0,0,8,20529,65476,0,0,26214,60.0,0.0,0.0,0.0,0.0,0.0
2026-05-17T16:30:25,ERR,ERR,ERR,ERR,ERR,ERR,ERR,ERR,ERR,ERR,ERR,ERR,ERR,ERR,ERR,ERR,ERR,ERR,ERR,ERR,ERR,ERR,ERR,ERR,ERR,ERR,ERR,ERR,ERR,ERR,ERR,ERR,ERR,ERR,ERR,ERR,ERR,ERR,ERR,ERR,ERR,ERR,ERR,ERR,ERR,ERR,ERR,ERR,ERR,ERR,ERR,ERR,ERR,ERR,ERR,ERR,ERR,ERR,ERR,ERR,ERR,ERR,ERR,ERR,ERR,ERR,ERR,ERR,ERR,ERR,ERR,ERR,ERR,ERR,ERR,ERR,ERR,ERR,ERR,ERR,ERR,ERR,ERR,ERR,ERR,ERR,ERR,ERR,ERR,ERR,ERR,ERR,ERR,ERR,ERR,ERR,ERR,ERR,ERR,ERR,ERR,ERR,ERR,ERR,ERR,ERR,ERR,ERR,ERR,ERR,ERR,ERR,ERR,ERR,ERR,ERR,ERR,ERR,ERR,ERR,ERR,ERR,ERR,ERR,ERR,0.0,-107615288.0,-0.0,0.0,0.0,1.3936040501711995e+18,7.805,0.0,0,0,4,0,8422,0.0,45,0.0,0.0,0.0,0.0,0.0,0,0,0,0,0.0,0,0,0,0,0,0,0,0,0,0,0,0,0,0,0,0,0,0,0,0,0,0,0,0,0,0,0,0,0,0,0,0,0,38,14,7,45,65476,0,300,0,0,8,21553,0.0,-107605600.0,0.0,0.0,0.0,0.0,0.0,0.0,0.0,0.0,0.0,0.0,0.0,0.0,0.0,0.0,0.0,0.0,0.0,0.0,0.0,0.0,0.0,-2.004,-0.0,0.0,0.0,0.0,0.0,0.0,5038.0,131350.453,0.0,0.0,-107615288.0,0.0,-0.0,0.0,0.0,0.0,0.0,53,2.7184300208680915e+23,0.0,0.0,0.0,0.0,0.0,0.0,0.0,0.0,0,0,0,0.0,0.0,0.0,0.0,0.0,0.0,0.0,0.0,0.0,0.0,0.0,0.0,0.0,0.0,0.0,0.0,0,-107875648.0,53,0.0,106,-107614832.0,-107350944.0,ERR,ERR,ERR,ERR,ERR,ERR,ERR,ERR,ERR,ERR,ERR,ERR,ERR,ERR,ERR,ERR,ERR,ERR,ERR,ERR,ERR,ERR,ERR,ERR,ERR,ERR,ERR,ERR,ERR,ERR,ERR,ERR,ERR,ERR,ERR,ERR,ERR,ERR,ERR,ERR,ERR,ERR,ERR,ERR,ERR,ERR,ERR,ERR,ERR,ERR,ERR,ERR,ERR,ERR,ERR,ERR,ERR,ERR,ERR,ERR,ERR,ERR,ERR,ERR,ERR,ERR,ERR,50.0,60.0,100,0.0,0.0,0.0,0.0,0.0,0.0,0.0,0.0,0.0,0.0,0.0,0.0,0.0,0.0,0.0,0.0,61.6,65,20,65521,50,65476,0,300,0,0,8,20529,65476,0,0,26214,60.0,0.0,0.0,0.0,0.0,0.0
2026-05-17T16:30:26,ERR,ERR,ERR,ERR,ERR,ERR,ERR,ERR,ERR,ERR,ERR,ERR,ERR,ERR,ERR,ERR,ERR,ERR,ERR,ERR,ERR,ERR,ERR,ERR,ERR,ERR,ERR,ERR,ERR,ERR,ERR,ERR,ERR,ERR,ERR,ERR,ERR,ERR,ERR,ERR,ERR,ERR,ERR,ERR,ERR,ERR,ERR,ERR,ERR,ERR,ERR,ERR,ERR,ERR,ERR,ERR,ERR,ERR,ERR,ERR,ERR,ERR,ERR,ERR,ERR,ERR,ERR,ERR,ERR,ERR,ERR,ERR,ERR,ERR,ERR,ERR,ERR,ERR,ERR,ERR,ERR,ERR,ERR,ERR,ERR,ERR,ERR,ERR,ERR,ERR,ERR,ERR,ERR,ERR,ERR,ERR,ERR,ERR,ERR,ERR,ERR,ERR,ERR,ERR,ERR,ERR,ERR,ERR,ERR,ERR,ERR,ERR,ERR,ERR,ERR,ERR,ERR,ERR,ERR,ERR,ERR,ERR,ERR,ERR,ERR,0.0,-107615288.0,-0.0,0.0,0.0,1.3936040501711995e+18,7.805,0.0,0,0,4,0,8422,0.0,45,0.0,0.0,0.0,0.0,0.0,0,0,0,0,0.0,0,0,0,0,0,0,0,0,0,0,0,0,0,0,0,0,0,0,0,0,0,0,0,0,0,0,0,0,0,0,0,0,0,38,14,7,45,65476,0,300,0,0,8,21553,0.0,-107605600.0,0.0,0.0,0.0,0.0,0.0,0.0,0.0,0.0,0.0,0.0,0.0,0.0,0.0,0.0,0.0,0.0,0.0,0.0,0.0,0.0,0.0,-2.004,-0.0,0.0,0.0,0.0,0.0,0.0,5041.0,0.0,0.0,0.0,-107615288.0,0.0,-0.0,0.0,0.0,0.0,0.0,53,2.3088403658719416e+20,89220.57,0.0,0.0,0.0,0.0,0.0,0.0,0.0,0,0,0,0.0,0.0,0.0,0.0,0.0,0.0,0.0,0.0,0.0,0.0,0.0,0.0,0.0,0.0,0.0,0.0,0,-107875648.0,53,0.0,106,-107614832.0,-107350944.0,ERR,ERR,ERR,ERR,ERR,ERR,ERR,ERR,ERR,ERR,ERR,ERR,ERR,ERR,ERR,ERR,ERR,ERR,ERR,ERR,ERR,ERR,ERR,ERR,ERR,ERR,ERR,ERR,ERR,ERR,ERR,ERR,ERR,ERR,ERR,ERR,ERR,ERR,ERR,ERR,ERR,ERR,ERR,ERR,ERR,ERR,ERR,ERR,ERR,ERR,ERR,ERR,ERR,ERR,ERR,ERR,ERR,ERR,ERR,ERR,ERR,ERR,ERR,ERR,ERR,ERR,ERR,50.0,60.0,100,0.0,0.0,0.0,0.0,0.0,0.0,0.0,0.0,0.0,0.0,0.0,0.0,0.0,0.0,0.0,0.0,61.6,65,20,65521,50,65476,0,300,0,0,8,20529,65476,0,0,26214,60.0,0.0,0.0,0.0,0.0,0.0
2026-05-17T16:30:27,ERR,ERR,ERR,ERR,ERR,ERR,ERR,ERR,ERR,ERR,ERR,ERR,ERR,ERR,ERR,ERR,ERR,ERR,ERR,ERR,ERR,ERR,ERR,ERR,ERR,ERR,ERR,ERR,ERR,ERR,ERR,ERR,ERR,ERR,ERR,ERR,ERR,ERR,ERR,ERR,ERR,ERR,ERR,ERR,ERR,ERR,ERR,ERR,ERR,ERR,ERR,ERR,ERR,ERR,ERR,ERR,ERR,ERR,ERR,ERR,ERR,ERR,ERR,ERR,ERR,ERR,ERR,ERR,ERR,ERR,ERR,ERR,ERR,ERR,ERR,ERR,ERR,ERR,ERR,ERR,ERR,ERR,ERR,ERR,ERR,ERR,ERR,ERR,ERR,ERR,ERR,ERR,ERR,ERR,ERR,ERR,ERR,ERR,ERR,ERR,ERR,ERR,ERR,ERR,ERR,ERR,ERR,ERR,ERR,ERR,ERR,ERR,ERR,ERR,ERR,ERR,ERR,ERR,ERR,ERR,ERR,ERR,ERR,ERR,ERR,0.0,-107615288.0,-0.0,0.0,0.0,1.3936040501711995e+18,7.805,0.0,0,0,4,0,8422,0.0,45,0.0,0.0,0.0,0.0,0.0,0,0,0,0,0.0,0,0,0,0,0,0,0,0,0,0,0,0,0,0,0,0,0,0,0,0,0,0,0,0,0,0,0,0,0,0,0,0,0,38,14,7,45,65476,0,300,0,0,8,21553,0.0,-107605600.0,0.0,0.0,0.0,0.0,0.0,0.0,0.0,0.0,0.0,0.0,0.0,0.0,0.0,0.0,0.0,0.0,0.0,0.0,0.0,0.0,0.0,-2.004,-0.0,0.0,0.0,0.0,0.0,0.0,5041.0,0.0,0.0,0.0,-107615288.0,0.0,-0.0,0.0,0.0,0.0,0.0,53,2.3088403658719416e+20,89220.57,0.0,0.0,0.0,0.0,0.0,0.0,0.0,0,0,0,0.0,0.0,0.0,0.0,0.0,0.0,0.0,0.0,0.0,0.0,0.0,0.0,0.0,0.0,0.0,0.0,0,-107875648.0,53,0.0,106,-107614832.0,-107350944.0,ERR,ERR,ERR,ERR,ERR,ERR,ERR,ERR,ERR,ERR,ERR,ERR,ERR,ERR,ERR,ERR,ERR,ERR,ERR,ERR,ERR,ERR,ERR,ERR,ERR,ERR,ERR,ERR,ERR,ERR,ERR,ERR,ERR,ERR,ERR,ERR,ERR,ERR,ERR,ERR,ERR,ERR,ERR,ERR,ERR,ERR,ERR,ERR,ERR,ERR,ERR,ERR,ERR,ERR,ERR,ERR,ERR,ERR,ERR,ERR,ERR,ERR,ERR,ERR,ERR,ERR,ERR,50.0,60.0,100,0.0,0.0,0.0,0.0,0.0,0.0,0.0,0.0,0.0,0.0,0.0,0.0,0.0,0.0,0.0,0.0,61.6,65,20,65521,50,65476,0,300,0,0,8,20529,65476,0,0,26214,60.0,0.0,0.0,0.0,0.0,0.0
2026-05-17T16:30:28,ERR,ERR,ERR,ERR,ERR,ERR,ERR,ERR,ERR,ERR,ERR,ERR,ERR,ERR,ERR,ERR,ERR,ERR,ERR,ERR,ERR,ERR,ERR,ERR,ERR,ERR,ERR,ERR,ERR,ERR,ERR,ERR,ERR,ERR,ERR,ERR,ERR,ERR,ERR,ERR,ERR,ERR,ERR,ERR,ERR,ERR,ERR,ERR,ERR,ERR,ERR,ERR,ERR,ERR,ERR,ERR,ERR,ERR,ERR,ERR,ERR,ERR,ERR,ERR,ERR,ERR,ERR,ERR,ERR,ERR,ERR,ERR,ERR,ERR,ERR,ERR,ERR,ERR,ERR,ERR,ERR,ERR,ERR,ERR,ERR,ERR,ERR,ERR,ERR,ERR,ERR,ERR,ERR,ERR,ERR,ERR,ERR,ERR,ERR,ERR,ERR,ERR,ERR,ERR,ERR,ERR,ERR,ERR,ERR,ERR,ERR,ERR,ERR,ERR,ERR,ERR,ERR,ERR,ERR,ERR,ERR,ERR,ERR,ERR,ERR,0.0,-107615288.0,-0.0,0.0,0.0,1.3936040501711995e+18,7.805,0.0,0,0,4,0,8422,0.0,45,0.0,0.0,0.0,0.0,0.0,0,0,0,0,0.0,0,0,0,0,0,0,0,0,0,0,0,0,0,0,0,0,0,0,0,0,0,0,0,0,0,0,0,0,0,0,0,0,0,38,14,7,45,65476,0,300,0,0,8,21553,0.0,-107605600.0,0.0,0.0,0.0,0.0,0.0,0.0,0.0,0.0,0.0,0.0,0.0,0.0,0.0,0.0,0.0,0.0,0.0,0.0,0.0,0.0,0.0,-2.004,-0.0,0.0,0.0,0.0,0.0,0.0,5041.0,0.0,0.0,0.0,-107615288.0,0.0,-0.0,0.0,0.0,0.0,0.0,53,2.3088403658719416e+20,89220.57,0.0,0.0,0.0,0.0,0.0,0.0,0.0,0,0,0,0.0,0.0,0.0,0.0,0.0,0.0,0.0,0.0,0.0,0.0,0.0,0.0,0.0,0.0,0.0,0.0,0,-107875648.0,53,0.0,106,-107614832.0,-107350944.0,ERR,ERR,ERR,ERR,ERR,ERR,ERR,ERR,ERR,ERR,ERR,ERR,ERR,ERR,ERR,ERR,ERR,ERR,ERR,ERR,ERR,ERR,ERR,ERR,ERR,ERR,ERR,ERR,ERR,ERR,ERR,ERR,ERR,ERR,ERR,ERR,ERR,ERR,ERR,ERR,ERR,ERR,ERR,ERR,ERR,ERR,ERR,ERR,ERR,ERR,ERR,ERR,ERR,ERR,ERR,ERR,ERR,ERR,ERR,ERR,ERR,ERR,ERR,ERR,ERR,ERR,ERR,50.0,60.0,100,0.0,0.0,0.0,0.0,0.0,0.0,0.0,0.0,0.0,0.0,0.0,0.0,0.0,0.0,0.0,0.0,61.6,65,20,65521,50,65476,0,300,0,0,8,20529,65476,0,0,26214,60.0,0.0,0.0,0.0,0.0,0.0
2026-05-17T16:30:29,ERR,ERR,ERR,ERR,ERR,ERR,ERR,ERR,ERR,ERR,ERR,ERR,ERR,ERR,ERR,ERR,ERR,ERR,ERR,ERR,ERR,ERR,ERR,ERR,ERR,ERR,ERR,ERR,ERR,ERR,ERR,ERR,ERR,ERR,ERR,ERR,ERR,ERR,ERR,ERR,ERR,ERR,ERR,ERR,ERR,ERR,ERR,ERR,ERR,ERR,ERR,ERR,ERR,ERR,ERR,ERR,ERR,ERR,ERR,ERR,ERR,ERR,ERR,ERR,ERR,ERR,ERR,ERR,ERR,ERR,ERR,ERR,ERR,ERR,ERR,ERR,ERR,ERR,ERR,ERR,ERR,ERR,ERR,ERR,ERR,ERR,ERR,ERR,ERR,ERR,ERR,ERR,ERR,ERR,ERR,ERR,ERR,ERR,ERR,ERR,ERR,ERR,ERR,ERR,ERR,ERR,ERR,ERR,ERR,ERR,ERR,ERR,ERR,ERR,ERR,ERR,ERR,ERR,ERR,ERR,ERR,ERR,ERR,ERR,ERR,0.0,-107615288.0,-0.0,0.0,0.0,1.3936040501711995e+18,7.805,0.0,0,0,4,0,8422,0.0,45,0.0,0.0,0.0,0.0,0.0,0,0,0,0,0.0,0,0,0,0,0,0,0,0,0,0,0,0,0,0,0,0,0,0,0,0,0,0,0,0,0,0,0,0,0,0,0,0,0,38,14,7,45,65476,0,300,0,0,8,21553,0.0,-107605600.0,0.0,0.0,0.0,0.0,0.0,0.0,0.0,0.0,0.0,0.0,0.0,0.0,0.0,0.0,0.0,0.0,0.0,0.0,0.0,0.0,0.0,-2.004,-0.0,0.0,0.0,0.0,0.0,0.0,5041.0,0.0,0.0,0.0,-107615288.0,0.0,-0.0,0.0,0.0,0.0,0.0,53,2.3088403658719416e+20,89220.57,0.0,0.0,0.0,0.0,0.0,0.0,0.0,0,0,0,0.0,0.0,0.0,0.0,0.0,0.0,0.0,0.0,0.0,0.0,0.0,0.0,0.0,0.0,0.0,0.0,0,-107875648.0,53,0.0,106,-107614832.0,-107350944.0,ERR,ERR,ERR,ERR,ERR,ERR,ERR,ERR,ERR,ERR,ERR,ERR,ERR,ERR,ERR,ERR,ERR,ERR,ERR,ERR,ERR,ERR,ERR,ERR,ERR,ERR,ERR,ERR,ERR,ERR,ERR,ERR,ERR,ERR,ERR,ERR,ERR,ERR,ERR,ERR,ERR,ERR,ERR,ERR,ERR,ERR,ERR,ERR,ERR,ERR,ERR,ERR,ERR,ERR,ERR,ERR,ERR,ERR,ERR,ERR,ERR,ERR,ERR,ERR,ERR,ERR,ERR,50.0,60.0,100,0.0,0.0,0.0,0.0,0.0,0.0,0.0,0.0,0.0,0.0,0.0,0.0,0.0,0.0,0.0,0.0,61.6,65,20,65521,50,65476,0,300,0,0,8,20529,65476,0,0,26214,60.0,0.0,0.0,0.0,0.0,0.0
2026-05-17T16:30:30,ERR,ERR,ERR,ERR,ERR,ERR,ERR,ERR,ERR,ERR,ERR,ERR,ERR,ERR,ERR,ERR,ERR,ERR,ERR,ERR,ERR,ERR,ERR,ERR,ERR,ERR,ERR,ERR,ERR,ERR,ERR,ERR,ERR,ERR,ERR,ERR,ERR,ERR,ERR,ERR,ERR,ERR,ERR,ERR,ERR,ERR,ERR,ERR,ERR,ERR,ERR,ERR,ERR,ERR,ERR,ERR,ERR,ERR,ERR,ERR,ERR,ERR,ERR,ERR,ERR,ERR,ERR,ERR,ERR,ERR,ERR,ERR,ERR,ERR,ERR,ERR,ERR,ERR,ERR,ERR,ERR,ERR,ERR,ERR,ERR,ERR,ERR,ERR,ERR,ERR,ERR,ERR,ERR,ERR,ERR,ERR,ERR,ERR,ERR,ERR,ERR,ERR,ERR,ERR,ERR,ERR,ERR,ERR,ERR,ERR,ERR,ERR,ERR,ERR,ERR,ERR,ERR,ERR,ERR,ERR,ERR,ERR,ERR,ERR,ERR,0.0,-107615288.0,-0.0,0.0,0.0,1.3936040501711995e+18,7.805,0.0,0,0,4,0,8422,0.0,45,0.0,0.0,0.0,0.0,0.0,0,0,0,0,0.0,0,0,0,0,0,0,0,0,0,0,0,0,0,0,0,0,0,0,0,0,0,0,0,0,0,0,0,0,0,0,0,0,0,38,14,7,45,65476,0,300,0,0,8,21553,0.0,-107605600.0,0.0,0.0,0.0,0.0,0.0,0.0,0.0,0.0,0.0,0.0,0.0,0.0,0.0,0.0,0.0,0.0,0.0,0.0,0.0,0.0,0.0,-2.004,-0.0,0.0,0.0,0.0,0.0,0.0,5041.0,0.0,0.0,0.0,-107615288.0,0.0,-0.0,0.0,0.0,0.0,0.0,53,2.3088403658719416e+20,89220.57,0.0,0.0,0.0,0.0,0.0,0.0,0.0,0,0,0,0.0,0.0,0.0,0.0,0.0,0.0,0.0,0.0,0.0,0.0,0.0,0.0,0.0,0.0,0.0,0.0,0,-107875648.0,53,0.0,106,-107614832.0,-107350944.0,ERR,ERR,ERR,ERR,ERR,ERR,ERR,ERR,ERR,ERR,ERR,ERR,ERR,ERR,ERR,ERR,ERR,ERR,ERR,ERR,ERR,ERR,ERR,ERR,ERR,ERR,ERR,ERR,ERR,ERR,ERR,ERR,ERR,ERR,ERR,ERR,ERR,ERR,ERR,ERR,ERR,ERR,ERR,ERR,ERR,ERR,ERR,ERR,ERR,ERR,ERR,ERR,ERR,ERR,ERR,ERR,ERR,ERR,ERR,ERR,ERR,ERR,ERR,ERR,ERR,ERR,ERR,50.0,60.0,100,0.0,0.0,0.0,0.0,0.0,0.0,0.0,0.0,0.0,0.0,0.0,0.0,0.0,0.0,0.0,0.0,62.0,65,20,65521,50,65476,0,300,0,0,8,20529,65476,0,0,26214,60.0,0.0,0.0,0.0,0.0,0.0
2026-05-17T16:30:31,ERR,ERR,ERR,ERR,ERR,ERR,ERR,ERR,ERR,ERR,ERR,ERR,ERR,ERR,ERR,ERR,ERR,ERR,ERR,ERR,ERR,ERR,ERR,ERR,ERR,ERR,ERR,ERR,ERR,ERR,ERR,ERR,ERR,ERR,ERR,ERR,ERR,ERR,ERR,ERR,ERR,ERR,ERR,ERR,ERR,ERR,ERR,ERR,ERR,ERR,ERR,ERR,ERR,ERR,ERR,ERR,ERR,ERR,ERR,ERR,ERR,ERR,ERR,ERR,ERR,ERR,ERR,ERR,ERR,ERR,ERR,ERR,ERR,ERR,ERR,ERR,ERR,ERR,ERR,ERR,ERR,ERR,ERR,ERR,ERR,ERR,ERR,ERR,ERR,ERR,ERR,ERR,ERR,ERR,ERR,ERR,ERR,ERR,ERR,ERR,ERR,ERR,ERR,ERR,ERR,ERR,ERR,ERR,ERR,ERR,ERR,ERR,ERR,ERR,ERR,ERR,ERR,ERR,ERR,ERR,ERR,ERR,ERR,ERR,ERR,0.0,-107615288.0,-0.0,0.0,0.0,1.3936040501711995e+18,7.805,0.0,0,0,4,0,8422,0.0,45,0.0,0.0,0.0,0.0,0.0,0,0,0,0,0.0,0,0,0,0,0,0,0,0,0,0,0,0,0,0,0,0,0,0,0,0,0,0,0,0,0,0,0,0,0,0,0,0,0,38,14,7,45,65476,0,300,0,0,8,21553,0.0,-107605600.0,0.0,0.0,0.0,0.0,0.0,0.0,0.0,0.0,0.0,0.0,0.0,0.0,0.0,0.0,0.0,0.0,0.0,0.0,0.0,0.0,0.0,-2.004,-0.0,0.0,0.0,0.0,0.0,0.0,5041.0,0.0,0.0,0.0,-107615288.0,0.0,-0.0,0.0,0.0,0.0,0.0,53,2.3088403658719416e+20,89220.57,0.0,0.0,0.0,0.0,0.0,0.0,0.0,0,0,0,0.0,0.0,0.0,0.0,0.0,0.0,0.0,0.0,0.0,0.0,0.0,0.0,0.0,0.0,0.0,0.0,0,-107875648.0,53,0.0,106,-107614832.0,-107350944.0,ERR,ERR,ERR,ERR,ERR,ERR,ERR,ERR,ERR,ERR,ERR,ERR,ERR,ERR,ERR,ERR,ERR,ERR,ERR,ERR,ERR,ERR,ERR,ERR,ERR,ERR,ERR,ERR,ERR,ERR,ERR,ERR,ERR,ERR,ERR,ERR,ERR,ERR,ERR,ERR,ERR,ERR,ERR,ERR,ERR,ERR,ERR,ERR,ERR,ERR,ERR,ERR,ERR,ERR,ERR,ERR,ERR,ERR,ERR,ERR,ERR,ERR,ERR,ERR,ERR,ERR,ERR,50.0,60.0,100,0.0,0.0,0.0,0.0,0.0,0.0,0.0,0.0,0.0,0.0,0.0,0.0,0.0,0.0,0.0,0.0,62.0,65,20,65521,50,65476,0,300,0,0,8,20529,65476,0,0,26214,60.0,0.0,0.0,0.0,0.0,0.0
2026-05-17T16:30:32,ERR,ERR,ERR,ERR,ERR,ERR,ERR,ERR,ERR,ERR,ERR,ERR,ERR,ERR,ERR,ERR,ERR,ERR,ERR,ERR,ERR,ERR,ERR,ERR,ERR,ERR,ERR,ERR,ERR,ERR,ERR,ERR,ERR,ERR,ERR,ERR,ERR,ERR,ERR,ERR,ERR,ERR,ERR,ERR,ERR,ERR,ERR,ERR,ERR,ERR,ERR,ERR,ERR,ERR,ERR,ERR,ERR,ERR,ERR,ERR,ERR,ERR,ERR,ERR,ERR,ERR,ERR,ERR,ERR,ERR,ERR,ERR,ERR,ERR,ERR,ERR,ERR,ERR,ERR,ERR,ERR,ERR,ERR,ERR,ERR,ERR,ERR,ERR,ERR,ERR,ERR,ERR,ERR,ERR,ERR,ERR,ERR,ERR,ERR,ERR,ERR,ERR,ERR,ERR,ERR,ERR,ERR,ERR,ERR,ERR,ERR,ERR,ERR,ERR,ERR,ERR,ERR,ERR,ERR,ERR,ERR,ERR,ERR,ERR,ERR,0.0,-107615288.0,-0.0,0.0,0.0,1.3936040501711995e+18,7.805,0.0,0,0,4,0,8422,0.0,45,0.0,0.0,0.0,0.0,0.0,0,0,0,0,0.0,0,0,0,0,0,0,0,0,0,0,0,0,0,0,0,0,0,0,0,0,0,0,0,0,0,0,0,0,0,0,0,0,0,38,14,7,45,65476,0,300,0,0,8,21553,0.0,-107605600.0,0.0,0.0,0.0,0.0,0.0,0.0,0.0,0.0,0.0,0.0,0.0,0.0,0.0,0.0,0.0,0.0,0.0,0.0,0.0,0.0,0.0,-2.004,-0.0,0.0,0.0,0.0,0.0,0.0,5037.0,-131350.453,0.0,0.0,-107615288.0,0.0,-0.0,0.0,0.0,0.0,0.0,53,2.7184300208680915e+23,-4.950401904804668e+32,0.0,0.0,0.0,0.0,0.0,0.0,0.0,0,0,0,0.0,0.0,0.0,0.0,0.0,0.0,0.0,0.0,0.0,0.0,0.0,0.0,0.0,0.0,0.0,0.0,0,-107875648.0,53,0.0,106,-107614832.0,-107350944.0,ERR,ERR,ERR,ERR,ERR,ERR,ERR,ERR,ERR,ERR,ERR,ERR,ERR,ERR,ERR,ERR,ERR,ERR,ERR,ERR,ERR,ERR,ERR,ERR,ERR,ERR,ERR,ERR,ERR,ERR,ERR,ERR,ERR,ERR,ERR,ERR,ERR,ERR,ERR,ERR,ERR,ERR,ERR,ERR,ERR,ERR,ERR,ERR,ERR,ERR,ERR,ERR,ERR,ERR,ERR,ERR,ERR,ERR,ERR,ERR,ERR,ERR,ERR,ERR,ERR,ERR,ERR,50.0,60.0,100,0.0,0.0,0.0,0.0,0.0,0.0,0.0,0.0,0.0,0.0,0.0,0.0,0.0,0.0,0.0,0.0,61.6,65,20,65521,50,65476,0,300,0,0,8,20529,65476,0,0,26214,60.0,0.0,0.0,0.0,0.0,0.0
2026-05-17T16:30:33,ERR,ERR,ERR,ERR,ERR,ERR,ERR,ERR,ERR,ERR,ERR,ERR,ERR,ERR,ERR,ERR,ERR,ERR,ERR,ERR,ERR,ERR,ERR,ERR,ERR,ERR,ERR,ERR,ERR,ERR,ERR,ERR,ERR,ERR,ERR,ERR,ERR,ERR,ERR,ERR,ERR,ERR,ERR,ERR,ERR,ERR,ERR,ERR,ERR,ERR,ERR,ERR,ERR,ERR,ERR,ERR,ERR,ERR,ERR,ERR,ERR,ERR,ERR,ERR,ERR,ERR,ERR,ERR,ERR,ERR,ERR,ERR,ERR,ERR,ERR,ERR,ERR,ERR,ERR,ERR,ERR,ERR,ERR,ERR,ERR,ERR,ERR,ERR,ERR,ERR,ERR,ERR,ERR,ERR,ERR,ERR,ERR,ERR,ERR,ERR,ERR,ERR,ERR,ERR,ERR,ERR,ERR,ERR,ERR,ERR,ERR,ERR,ERR,ERR,ERR,ERR,ERR,ERR,ERR,ERR,ERR,ERR,ERR,ERR,ERR,0.0,-107615288.0,-0.0,0.0,0.0,1.3936040501711995e+18,7.805,0.0,0,0,4,0,8422,0.0,45,0.0,0.0,0.0,0.0,0.0,0,0,0,0,0.0,0,0,0,0,0,0,0,0,0,0,0,0,0,0,0,0,0,0,0,0,0,0,0,0,0,0,0,0,0,0,0,0,0,38,14,7,45,65476,0,300,0,0,8,21553,0.0,-107605600.0,0.0,0.0,0.0,0.0,0.0,0.0,0.0,0.0,0.0,0.0,0.0,0.0,0.0,0.0,0.0,0.0,0.0,0.0,0.0,0.0,0.0,-2.004,-0.0,0.0,0.0,0.0,0.0,0.0,5037.0,-131350.453,0.0,0.0,-107615288.0,0.0,-0.0,0.0,0.0,0.0,0.0,53,2.7184300208680915e+23,-4.950401904804668e+32,0.0,0.0,0.0,0.0,0.0,0.0,0.0,0,0,0,0.0,0.0,0.0,0.0,0.0,0.0,0.0,0.0,0.0,0.0,0.0,0.0,0.0,0.0,0.0,0.0,0,-107875648.0,53,0.0,106,-107614832.0,-107350944.0,ERR,ERR,ERR,ERR,ERR,ERR,ERR,ERR,ERR,ERR,ERR,ERR,ERR,ERR,ERR,ERR,ERR,ERR,ERR,ERR,ERR,ERR,ERR,ERR,ERR,ERR,ERR,ERR,ERR,ERR,ERR,ERR,ERR,ERR,ERR,ERR,ERR,ERR,ERR,ERR,ERR,ERR,ERR,ERR,ERR,ERR,ERR,ERR,ERR,ERR,ERR,ERR,ERR,ERR,ERR,ERR,ERR,ERR,ERR,ERR,ERR,ERR,ERR,ERR,ERR,ERR,ERR,50.0,60.0,100,0.0,0.0,0.0,0.0,0.0,0.0,0.0,0.0,0.0,0.0,0.0,0.0,0.0,0.0,0.0,0.0,61.6,65,20,65521,50,65476,0,300,0,0,8,20529,65476,0,0,26214,60.0,0.0,0.0,0.0,0.0,0.0
2026-05-17T16:30:34,ERR,ERR,ERR,ERR,ERR,ERR,ERR,ERR,ERR,ERR,ERR,ERR,ERR,ERR,ERR,ERR,ERR,ERR,ERR,ERR,ERR,ERR,ERR,ERR,ERR,ERR,ERR,ERR,ERR,ERR,ERR,ERR,ERR,ERR,ERR,ERR,ERR,ERR,ERR,ERR,ERR,ERR,ERR,ERR,ERR,ERR,ERR,ERR,ERR,ERR,ERR,ERR,ERR,ERR,ERR,ERR,ERR,ERR,ERR,ERR,ERR,ERR,ERR,ERR,ERR,ERR,ERR,ERR,ERR,ERR,ERR,ERR,ERR,ERR,ERR,ERR,ERR,ERR,ERR,ERR,ERR,ERR,ERR,ERR,ERR,ERR,ERR,ERR,ERR,ERR,ERR,ERR,ERR,ERR,ERR,ERR,ERR,ERR,ERR,ERR,ERR,ERR,ERR,ERR,ERR,ERR,ERR,ERR,ERR,ERR,ERR,ERR,ERR,ERR,ERR,ERR,ERR,ERR,ERR,ERR,ERR,ERR,ERR,ERR,ERR,0.0,-107615288.0,-0.0,0.0,0.0,1.3936040501711995e+18,7.805,0.0,0,0,4,0,8422,0.0,45,0.0,0.0,0.0,0.0,0.0,0,0,0,0,0.0,0,0,0,0,0,0,0,0,0,0,0,0,0,0,0,0,0,0,0,0,0,0,0,0,0,0,0,0,0,0,0,0,0,38,14,7,45,65476,0,300,0,0,8,21553,0.0,-107605600.0,0.0,0.0,0.0,0.0,0.0,0.0,0.0,0.0,0.0,0.0,0.0,0.0,0.0,0.0,0.0,0.0,0.0,0.0,0.0,0.0,0.0,-2.004,-0.0,0.0,0.0,0.0,0.0,0.0,5037.0,-131350.453,0.0,0.0,-107615288.0,0.0,-0.0,0.0,0.0,0.0,0.0,53,2.7184300208680915e+23,-4.950401904804668e+32,0.0,0.0,0.0,0.0,0.0,0.0,0.0,0,0,0,0.0,0.0,0.0,0.0,0.0,0.0,0.0,0.0,0.0,0.0,0.0,0.0,0.0,0.0,0.0,0.0,0,-107875648.0,53,0.0,106,-107614832.0,-107350944.0,ERR,ERR,ERR,ERR,ERR,ERR,ERR,ERR,ERR,ERR,ERR,ERR,ERR,ERR,ERR,ERR,ERR,ERR,ERR,ERR,ERR,ERR,ERR,ERR,ERR,ERR,ERR,ERR,ERR,ERR,ERR,ERR,ERR,ERR,ERR,ERR,ERR,ERR,ERR,ERR,ERR,ERR,ERR,ERR,ERR,ERR,ERR,ERR,ERR,ERR,ERR,ERR,ERR,ERR,ERR,ERR,ERR,ERR,ERR,ERR,ERR,ERR,ERR,ERR,ERR,ERR,ERR,50.0,60.0,100,0.0,0.0,0.0,0.0,0.0,0.0,0.0,0.0,0.0,0.0,0.0,0.0,0.0,0.0,0.0,0.0,61.6,65,20,65521,50,65476,0,300,0,0,8,20529,65476,0,0,26214,60.0,0.0,0.0,0.0,0.0,0.0
2026-05-17T16:30:35,ERR,ERR,ERR,ERR,ERR,ERR,ERR,ERR,ERR,ERR,ERR,ERR,ERR,ERR,ERR,ERR,ERR,ERR,ERR,ERR,ERR,ERR,ERR,ERR,ERR,ERR,ERR,ERR,ERR,ERR,ERR,ERR,ERR,ERR,ERR,ERR,ERR,ERR,ERR,ERR,ERR,ERR,ERR,ERR,ERR,ERR,ERR,ERR,ERR,ERR,ERR,ERR,ERR,ERR,ERR,ERR,ERR,ERR,ERR,ERR,ERR,ERR,ERR,ERR,ERR,ERR,ERR,ERR,ERR,ERR,ERR,ERR,ERR,ERR,ERR,ERR,ERR,ERR,ERR,ERR,ERR,ERR,ERR,ERR,ERR,ERR,ERR,ERR,ERR,ERR,ERR,ERR,ERR,ERR,ERR,ERR,ERR,ERR,ERR,ERR,ERR,ERR,ERR,ERR,ERR,ERR,ERR,ERR,ERR,ERR,ERR,ERR,ERR,ERR,ERR,ERR,ERR,ERR,ERR,ERR,ERR,ERR,ERR,ERR,ERR,0.0,-107615288.0,-0.0,0.0,0.0,1.3936040501711995e+18,7.805,0.0,0,0,4,0,8422,0.0,45,0.0,0.0,0.0,0.0,0.0,0,0,0,0,0.0,0,0,0,0,0,0,0,0,0,0,0,0,0,0,0,0,0,0,0,0,0,0,0,0,0,0,0,0,0,0,0,0,0,38,14,7,45,65476,0,300,0,0,8,21553,0.0,-107605600.0,0.0,0.0,0.0,0.0,0.0,0.0,0.0,0.0,0.0,0.0,0.0,0.0,0.0,0.0,0.0,0.0,0.0,0.0,0.0,0.0,0.0,-2.004,-0.0,0.0,0.0,0.0,0.0,0.0,5037.0,-131350.453,0.0,0.0,-107615288.0,0.0,-0.0,0.0,0.0,0.0,0.0,53,2.7184300208680915e+23,-4.950401904804668e+32,0.0,0.0,0.0,0.0,0.0,0.0,0.0,0,0,0,0.0,0.0,0.0,0.0,0.0,0.0,0.0,0.0,0.0,0.0,0.0,0.0,0.0,0.0,0.0,0.0,0,-107875648.0,53,0.0,106,-107614832.0,-107350944.0,ERR,ERR,ERR,ERR,ERR,ERR,ERR,ERR,ERR,ERR,ERR,ERR,ERR,ERR,ERR,ERR,ERR,ERR,ERR,ERR,ERR,ERR,ERR,ERR,ERR,ERR,ERR,ERR,ERR,ERR,ERR,ERR,ERR,ERR,ERR,ERR,ERR,ERR,ERR,ERR,ERR,ERR,ERR,ERR,ERR,ERR,ERR,ERR,ERR,ERR,ERR,ERR,ERR,ERR,ERR,ERR,ERR,ERR,ERR,ERR,ERR,ERR,ERR,ERR,ERR,ERR,ERR,50.0,60.0,100,0.0,0.0,0.0,0.0,0.0,0.0,0.0,0.0,0.0,0.0,0.0,0.0,0.0,0.0,0.0,0.0,61.6,65,20,65521,50,65476,0,300,0,0,8,20529,65476,0,0,26214,60.0,0.0,0.0,0.0,0.0,0.0
2026-05-17T16:30:36,ERR,ERR,ERR,ERR,ERR,ERR,ERR,ERR,ERR,ERR,ERR,ERR,ERR,ERR,ERR,ERR,ERR,ERR,ERR,ERR,ERR,ERR,ERR,ERR,ERR,ERR,ERR,ERR,ERR,ERR,ERR,ERR,ERR,ERR,ERR,ERR,ERR,ERR,ERR,ERR,ERR,ERR,ERR,ERR,ERR,ERR,ERR,ERR,ERR,ERR,ERR,ERR,ERR,ERR,ERR,ERR,ERR,ERR,ERR,ERR,ERR,ERR,ERR,ERR,ERR,ERR,ERR,ERR,ERR,ERR,ERR,ERR,ERR,ERR,ERR,ERR,ERR,ERR,ERR,ERR,ERR,ERR,ERR,ERR,ERR,ERR,ERR,ERR,ERR,ERR,ERR,ERR,ERR,ERR,ERR,ERR,ERR,ERR,ERR,ERR,ERR,ERR,ERR,ERR,ERR,ERR,ERR,ERR,ERR,ERR,ERR,ERR,ERR,ERR,ERR,ERR,ERR,ERR,ERR,ERR,ERR,ERR,ERR,ERR,ERR,0.0,-107615288.0,-0.0,0.0,0.0,1.3936040501711995e+18,7.805,0.0,0,0,4,0,8422,0.0,45,0.0,0.0,0.0,0.0,0.0,0,0,0,0,0.0,0,0,0,0,0,0,0,0,0,0,0,0,0,0,0,0,0,0,0,0,0,0,0,0,0,0,0,0,0,0,0,0,0,38,14,7,45,65476,0,300,0,0,8,21553,0.0,-107605600.0,0.0,0.0,0.0,0.0,0.0,0.0,0.0,0.0,0.0,0.0,0.0,0.0,0.0,0.0,0.0,0.0,0.0,0.0,0.0,0.0,0.0,-2.004,-0.0,0.0,0.0,0.0,0.0,0.0,5037.0,-131350.453,0.0,0.0,-107615288.0,0.0,-0.0,0.0,0.0,0.0,0.0,53,2.7184300208680915e+23,-4.950401904804668e+32,0.0,0.0,0.0,0.0,0.0,0.0,0.0,0,0,0,0.0,0.0,0.0,0.0,0.0,0.0,0.0,0.0,0.0,0.0,0.0,0.0,0.0,0.0,0.0,0.0,0,-107875648.0,53,0.0,106,-107614832.0,-107350944.0,ERR,ERR,ERR,ERR,ERR,ERR,ERR,ERR,ERR,ERR,ERR,ERR,ERR,ERR,ERR,ERR,ERR,ERR,ERR,ERR,ERR,ERR,ERR,ERR,ERR,ERR,ERR,ERR,ERR,ERR,ERR,ERR,ERR,ERR,ERR,ERR,ERR,ERR,ERR,ERR,ERR,ERR,ERR,ERR,ERR,ERR,ERR,ERR,ERR,ERR,ERR,ERR,ERR,ERR,ERR,ERR,ERR,ERR,ERR,ERR,ERR,ERR,ERR,ERR,ERR,ERR,ERR,50.0,60.0,100,0.0,0.0,0.0,0.0,0.0,0.0,0.0,0.0,0.0,0.0,0.0,0.0,0.0,0.0,0.0,0.0,61.6,65,20,65521,50,65476,0,300,0,0,8,20529,65476,0,0,26214,60.0,0.0,0.0,0.0,0.0,0.0
2026-05-17T16:30:37,ERR,ERR,ERR,ERR,ERR,ERR,ERR,ERR,ERR,ERR,ERR,ERR,ERR,ERR,ERR,ERR,ERR,ERR,ERR,ERR,ERR,ERR,ERR,ERR,ERR,ERR,ERR,ERR,ERR,ERR,ERR,ERR,ERR,ERR,ERR,ERR,ERR,ERR,ERR,ERR,ERR,ERR,ERR,ERR,ERR,ERR,ERR,ERR,ERR,ERR,ERR,ERR,ERR,ERR,ERR,ERR,ERR,ERR,ERR,ERR,ERR,ERR,ERR,ERR,ERR,ERR,ERR,ERR,ERR,ERR,ERR,ERR,ERR,ERR,ERR,ERR,ERR,ERR,ERR,ERR,ERR,ERR,ERR,ERR,ERR,ERR,ERR,ERR,ERR,ERR,ERR,ERR,ERR,ERR,ERR,ERR,ERR,ERR,ERR,ERR,ERR,ERR,ERR,ERR,ERR,ERR,ERR,ERR,ERR,ERR,ERR,ERR,ERR,ERR,ERR,ERR,ERR,ERR,ERR,ERR,ERR,ERR,ERR,ERR,ERR,0.0,-107615288.0,-0.0,0.0,0.0,1.3936040501711995e+18,7.805,0.0,0,0,4,0,8422,0.0,45,0.0,0.0,0.0,0.0,0.0,0,0,0,0,0.0,0,0,0,0,0,0,0,0,0,0,0,0,0,0,0,0,0,0,0,0,0,0,0,0,0,0,0,0,0,0,0,0,0,38,14,7,45,65476,0,300,0,0,8,21553,0.0,-107605600.0,0.0,0.0,0.0,0.0,0.0,0.0,0.0,0.0,0.0,0.0,0.0,0.0,0.0,0.0,0.0,0.0,0.0,0.0,0.0,0.0,0.0,-2.004,-0.0,0.0,0.0,0.0,0.0,0.0,5070.0,0.0,0.0,0.0,-107615288.0,0.0,-107615304.0,0.0,0.0,0.0,0.0,53,1.9056979486756045e+17,126840553472.0,0.0,0.0,0.0,0.0,0.0,0.0,0.0,0,0,0,0.0,0.0,0.0,0.0,0.0,0.0,0.0,0.0,0.0,0.0,0.0,0.0,0.0,0.0,0.0,0.0,0,-107875648.0,53,0.0,106,-107614832.0,-107350944.0,ERR,ERR,ERR,ERR,ERR,ERR,ERR,ERR,ERR,ERR,ERR,ERR,ERR,ERR,ERR,ERR,ERR,ERR,ERR,ERR,ERR,ERR,ERR,ERR,ERR,ERR,ERR,ERR,ERR,ERR,ERR,ERR,ERR,ERR,ERR,ERR,ERR,ERR,ERR,ERR,ERR,ERR,ERR,ERR,ERR,ERR,ERR,ERR,ERR,ERR,ERR,ERR,ERR,ERR,ERR,ERR,ERR,ERR,ERR,ERR,ERR,ERR,ERR,ERR,ERR,ERR,ERR,50.0,60.0,100,0.0,0.0,0.0,0.0,0.0,0.0,0.0,0.0,0.0,0.0,0.0,0.0,0.0,0.0,0.0,0.0,62.0,65,20,65521,50,65476,0,300,0,0,8,20529,65476,0,0,26214,60.0,0.0,0.0,0.0,0.0,0.0
2026-05-17T16:30:38,ERR,ERR,ERR,ERR,ERR,ERR,ERR,ERR,ERR,ERR,ERR,ERR,ERR,ERR,ERR,ERR,ERR,ERR,ERR,ERR,ERR,ERR,ERR,ERR,ERR,ERR,ERR,ERR,ERR,ERR,ERR,ERR,ERR,ERR,ERR,ERR,ERR,ERR,ERR,ERR,ERR,ERR,ERR,ERR,ERR,ERR,ERR,ERR,ERR,ERR,ERR,ERR,ERR,ERR,ERR,ERR,ERR,ERR,ERR,ERR,ERR,ERR,ERR,ERR,ERR,ERR,ERR,ERR,ERR,ERR,ERR,ERR,ERR,ERR,ERR,ERR,ERR,ERR,ERR,ERR,ERR,ERR,ERR,ERR,ERR,ERR,ERR,ERR,ERR,ERR,ERR,ERR,ERR,ERR,ERR,ERR,ERR,ERR,ERR,ERR,ERR,ERR,ERR,ERR,ERR,ERR,ERR,ERR,ERR,ERR,ERR,ERR,ERR,ERR,ERR,ERR,ERR,ERR,ERR,ERR,ERR,ERR,ERR,ERR,ERR,0.0,-107615288.0,-0.0,0.0,0.0,1.3936040501711995e+18,7.805,0.0,0,0,4,0,8422,0.0,45,0.0,0.0,0.0,0.0,0.0,0,0,0,0,0.0,0,0,0,0,0,0,0,0,0,0,0,0,0,0,0,0,0,0,0,0,0,0,0,0,0,0,0,0,0,0,0,0,0,38,14,7,45,65476,0,300,0,0,8,21553,0.0,-107605600.0,0.0,0.0,0.0,0.0,0.0,0.0,0.0,0.0,0.0,0.0,0.0,0.0,0.0,0.0,0.0,0.0,0.0,0.0,0.0,0.0,0.0,-2.004,-0.0,0.0,0.0,0.0,0.0,0.0,5070.0,0.0,0.0,0.0,-107615288.0,0.0,-107615304.0,0.0,0.0,0.0,0.0,53,1.9056979486756045e+17,126840553472.0,0.0,0.0,0.0,0.0,0.0,0.0,0.0,0,0,0,0.0,0.0,0.0,0.0,0.0,0.0,0.0,0.0,0.0,0.0,0.0,0.0,0.0,0.0,0.0,0.0,0,-107875648.0,53,0.0,106,-107614832.0,-107350944.0,ERR,ERR,ERR,ERR,ERR,ERR,ERR,ERR,ERR,ERR,ERR,ERR,ERR,ERR,ERR,ERR,ERR,ERR,ERR,ERR,ERR,ERR,ERR,ERR,ERR,ERR,ERR,ERR,ERR,ERR,ERR,ERR,ERR,ERR,ERR,ERR,ERR,ERR,ERR,ERR,ERR,ERR,ERR,ERR,ERR,ERR,ERR,ERR,ERR,ERR,ERR,ERR,ERR,ERR,ERR,ERR,ERR,ERR,ERR,ERR,ERR,ERR,ERR,ERR,ERR,ERR,ERR,50.0,60.0,100,0.0,0.0,0.0,0.0,0.0,0.0,0.0,0.0,0.0,0.0,0.0,0.0,0.0,0.0,0.0,0.0,62.0,65,20,65521,50,65476,0,300,0,0,8,20529,65476,0,0,26214,60.0,0.0,0.0,0.0,0.0,0.0
2026-05-17T16:30:39,ERR,ERR,ERR,ERR,ERR,ERR,ERR,ERR,ERR,ERR,ERR,ERR,ERR,ERR,ERR,ERR,ERR,ERR,ERR,ERR,ERR,ERR,ERR,ERR,ERR,ERR,ERR,ERR,ERR,ERR,ERR,ERR,ERR,ERR,ERR,ERR,ERR,ERR,ERR,ERR,ERR,ERR,ERR,ERR,ERR,ERR,ERR,ERR,ERR,ERR,ERR,ERR,ERR,ERR,ERR,ERR,ERR,ERR,ERR,ERR,ERR,ERR,ERR,ERR,ERR,ERR,ERR,ERR,ERR,ERR,ERR,ERR,ERR,ERR,ERR,ERR,ERR,ERR,ERR,ERR,ERR,ERR,ERR,ERR,ERR,ERR,ERR,ERR,ERR,ERR,ERR,ERR,ERR,ERR,ERR,ERR,ERR,ERR,ERR,ERR,ERR,ERR,ERR,ERR,ERR,ERR,ERR,ERR,ERR,ERR,ERR,ERR,ERR,ERR,ERR,ERR,ERR,ERR,ERR,ERR,ERR,ERR,ERR,ERR,ERR,0.0,-107615288.0,-0.0,0.0,0.0,1.3936040501711995e+18,7.805,0.0,0,0,4,0,8422,0.0,45,0.0,0.0,0.0,0.0,0.0,0,0,0,0,0.0,0,0,0,0,0,0,0,0,0,0,0,0,0,0,0,0,0,0,0,0,0,0,0,0,0,0,0,0,0,0,0,0,0,38,14,7,45,65476,0,300,0,0,8,21553,0.0,-107605600.0,0.0,0.0,0.0,0.0,0.0,0.0,0.0,0.0,0.0,0.0,0.0,0.0,0.0,0.0,0.0,0.0,0.0,0.0,0.0,0.0,0.0,-2.004,-0.0,0.0,0.0,0.0,0.0,0.0,5070.0,0.0,0.0,0.0,-107615288.0,0.0,-107615304.0,0.0,0.0,0.0,0.0,53,1.9056979486756045e+17,126840553472.0,0.0,0.0,0.0,0.0,0.0,0.0,0.0,0,0,0,0.0,0.0,0.0,0.0,0.0,0.0,0.0,0.0,0.0,0.0,0.0,0.0,0.0,0.0,0.0,0.0,0,-107875648.0,53,0.0,106,-107614832.0,-107350944.0,ERR,ERR,ERR,ERR,ERR,ERR,ERR,ERR,ERR,ERR,ERR,ERR,ERR,ERR,ERR,ERR,ERR,ERR,ERR,ERR,ERR,ERR,ERR,ERR,ERR,ERR,ERR,ERR,ERR,ERR,ERR,ERR,ERR,ERR,ERR,ERR,ERR,ERR,ERR,ERR,ERR,ERR,ERR,ERR,ERR,ERR,ERR,ERR,ERR,ERR,ERR,ERR,ERR,ERR,ERR,ERR,ERR,ERR,ERR,ERR,ERR,ERR,ERR,ERR,ERR,ERR,ERR,50.0,60.0,100,0.0,0.0,0.0,0.0,0.0,0.0,0.0,0.0,0.0,0.0,0.0,0.0,0.0,0.0,0.0,0.0,61.6,65,20,65521,50,65476,0,300,0,0,8,20529,65476,0,0,26214,60.0,0.0,0.0,0.0,0.0,0.0
2026-05-17T16:30:40,ERR,ERR,ERR,ERR,ERR,ERR,ERR,ERR,ERR,ERR,ERR,ERR,ERR,ERR,ERR,ERR,ERR,ERR,ERR,ERR,ERR,ERR,ERR,ERR,ERR,ERR,ERR,ERR,ERR,ERR,ERR,ERR,ERR,ERR,ERR,ERR,ERR,ERR,ERR,ERR,ERR,ERR,ERR,ERR,ERR,ERR,ERR,ERR,ERR,ERR,ERR,ERR,ERR,ERR,ERR,ERR,ERR,ERR,ERR,ERR,ERR,ERR,ERR,ERR,ERR,ERR,ERR,ERR,ERR,ERR,ERR,ERR,ERR,ERR,ERR,ERR,ERR,ERR,ERR,ERR,ERR,ERR,ERR,ERR,ERR,ERR,ERR,ERR,ERR,ERR,ERR,ERR,ERR,ERR,ERR,ERR,ERR,ERR,ERR,ERR,ERR,ERR,ERR,ERR,ERR,ERR,ERR,ERR,ERR,ERR,ERR,ERR,ERR,ERR,ERR,ERR,ERR,ERR,ERR,ERR,ERR,ERR,ERR,ERR,ERR,0.0,-107615288.0,-0.0,0.0,0.0,1.3936040501711995e+18,7.805,0.0,0,0,4,0,8422,0.0,45,0.0,0.0,0.0,0.0,0.0,0,0,0,0,0.0,0,0,0,0,0,0,0,0,0,0,0,0,0,0,0,0,0,0,0,0,0,0,0,0,0,0,0,0,0,0,0,0,0,38,14,7,45,65476,0,300,0,0,8,21553,0.0,-107605600.0,0.0,0.0,0.0,0.0,0.0,0.0,0.0,0.0,0.0,0.0,0.0,0.0,0.0,0.0,0.0,0.0,0.0,0.0,0.0,0.0,0.0,-2.004,-0.0,0.0,0.0,0.0,0.0,0.0,5070.0,0.0,0.0,0.0,-107615288.0,0.0,-107615304.0,0.0,0.0,0.0,0.0,53,1.9056979486756045e+17,126840553472.0,0.0,0.0,0.0,0.0,0.0,0.0,0.0,0,0,0,0.0,0.0,0.0,0.0,0.0,0.0,0.0,0.0,0.0,0.0,0.0,0.0,0.0,0.0,0.0,0.0,0,-107875648.0,53,0.0,106,-107614832.0,-107350944.0,ERR,ERR,ERR,ERR,ERR,ERR,ERR,ERR,ERR,ERR,ERR,ERR,ERR,ERR,ERR,ERR,ERR,ERR,ERR,ERR,ERR,ERR,ERR,ERR,ERR,ERR,ERR,ERR,ERR,ERR,ERR,ERR,ERR,ERR,ERR,ERR,ERR,ERR,ERR,ERR,ERR,ERR,ERR,ERR,ERR,ERR,ERR,ERR,ERR,ERR,ERR,ERR,ERR,ERR,ERR,ERR,ERR,ERR,ERR,ERR,ERR,ERR,ERR,ERR,ERR,ERR,ERR,50.0,60.0,100,0.0,0.0,0.0,0.0,0.0,0.0,0.0,0.0,0.0,0.0,0.0,0.0,0.0,0.0,0.0,0.0,61.6,65,20,65521,50,65476,0,300,0,0,8,20529,65476,0,0,26214,60.0,0.0,0.0,0.0,0.0,0.0
2026-05-17T16:30:41,ERR,ERR,ERR,ERR,ERR,ERR,ERR,ERR,ERR,ERR,ERR,ERR,ERR,ERR,ERR,ERR,ERR,ERR,ERR,ERR,ERR,ERR,ERR,ERR,ERR,ERR,ERR,ERR,ERR,ERR,ERR,ERR,ERR,ERR,ERR,ERR,ERR,ERR,ERR,ERR,ERR,ERR,ERR,ERR,ERR,ERR,ERR,ERR,ERR,ERR,ERR,ERR,ERR,ERR,ERR,ERR,ERR,ERR,ERR,ERR,ERR,ERR,ERR,ERR,ERR,ERR,ERR,ERR,ERR,ERR,ERR,ERR,ERR,ERR,ERR,ERR,ERR,ERR,ERR,ERR,ERR,ERR,ERR,ERR,ERR,ERR,ERR,ERR,ERR,ERR,ERR,ERR,ERR,ERR,ERR,ERR,ERR,ERR,ERR,ERR,ERR,ERR,ERR,ERR,ERR,ERR,ERR,ERR,ERR,ERR,ERR,ERR,ERR,ERR,ERR,ERR,ERR,ERR,ERR,ERR,ERR,ERR,ERR,ERR,ERR,0.0,-107615288.0,-0.0,0.0,0.0,1.3936040501711995e+18,7.805,0.0,0,0,4,0,8422,0.0,45,0.0,0.0,0.0,0.0,0.0,0,0,0,0,0.0,0,0,0,0,0,0,0,0,0,0,0,0,0,0,0,0,0,0,0,0,0,0,0,0,0,0,0,0,0,0,0,0,0,38,14,7,45,65476,0,300,0,0,8,21553,0.0,-107605600.0,0.0,0.0,0.0,0.0,0.0,0.0,0.0,0.0,0.0,0.0,0.0,0.0,0.0,0.0,0.0,0.0,0.0,0.0,0.0,0.0,0.0,-2.004,-0.0,0.0,0.0,0.0,0.0,0.0,5070.0,0.0,0.0,0.0,-107615288.0,0.0,-107615304.0,0.0,0.0,0.0,0.0,53,1.9056979486756045e+17,126840553472.0,0.0,0.0,0.0,0.0,0.0,0.0,0.0,0,0,0,0.0,0.0,0.0,0.0,0.0,0.0,0.0,0.0,0.0,0.0,0.0,0.0,0.0,0.0,0.0,0.0,0,-107875648.0,53,0.0,106,-107614832.0,-107350944.0,ERR,ERR,ERR,ERR,ERR,ERR,ERR,ERR,ERR,ERR,ERR,ERR,ERR,ERR,ERR,ERR,ERR,ERR,ERR,ERR,ERR,ERR,ERR,ERR,ERR,ERR,ERR,ERR,ERR,ERR,ERR,ERR,ERR,ERR,ERR,ERR,ERR,ERR,ERR,ERR,ERR,ERR,ERR,ERR,ERR,ERR,ERR,ERR,ERR,ERR,ERR,ERR,ERR,ERR,ERR,ERR,ERR,ERR,ERR,ERR,ERR,ERR,ERR,ERR,ERR,ERR,ERR,50.0,60.0,100,0.0,0.0,0.0,0.0,0.0,0.0,0.0,0.0,0.0,0.0,0.0,0.0,0.0,0.0,0.0,0.0,61.6,65,20,65521,50,65476,0,300,0,0,8,20529,65476,0,0,26214,60.0,0.0,0.0,0.0,0.0,0.0
2026-05-17T16:30:42,ERR,ERR,ERR,ERR,ERR,ERR,ERR,ERR,ERR,ERR,ERR,ERR,ERR,ERR,ERR,ERR,ERR,ERR,ERR,ERR,ERR,ERR,ERR,ERR,ERR,ERR,ERR,ERR,ERR,ERR,ERR,ERR,ERR,ERR,ERR,ERR,ERR,ERR,ERR,ERR,ERR,ERR,ERR,ERR,ERR,ERR,ERR,ERR,ERR,ERR,ERR,ERR,ERR,ERR,ERR,ERR,ERR,ERR,ERR,ERR,ERR,ERR,ERR,ERR,ERR,ERR,ERR,ERR,ERR,ERR,ERR,ERR,ERR,ERR,ERR,ERR,ERR,ERR,ERR,ERR,ERR,ERR,ERR,ERR,ERR,ERR,ERR,ERR,ERR,ERR,ERR,ERR,ERR,ERR,ERR,ERR,ERR,ERR,ERR,ERR,ERR,ERR,ERR,ERR,ERR,ERR,ERR,ERR,ERR,ERR,ERR,ERR,ERR,ERR,ERR,ERR,ERR,ERR,ERR,ERR,ERR,ERR,ERR,ERR,ERR,0.0,-107615288.0,-0.0,0.0,0.0,1.3936040501711995e+18,7.805,0.0,0,0,4,0,8422,0.0,45,0.0,0.0,0.0,0.0,0.0,0,0,0,0,0.0,0,0,0,0,0,0,0,0,0,0,0,0,0,0,0,0,0,0,0,0,0,0,0,0,0,0,0,0,0,0,0,0,0,38,14,7,45,65476,0,300,0,0,8,21553,0.0,-107605600.0,0.0,0.0,0.0,0.0,0.0,0.0,0.0,0.0,0.0,0.0,0.0,0.0,0.0,0.0,0.0,0.0,0.0,0.0,0.0,0.0,0.0,-2.004,-0.0,0.0,0.0,0.0,0.0,0.0,5076.0,8608184320.0,0.0,0.0,-107615288.0,0.0,-0.0,0.0,0.0,0.0,0.0,53,5.848083413016271e+35,-0.0,0.0,0.0,0.0,0.0,0.0,0.0,0.0,0,0,0,0.0,0.0,0.0,0.0,0.0,0.0,0.0,0.0,0.0,0.0,0.0,0.0,0.0,0.0,0.0,0.0,0,-107875648.0,53,0.0,106,-107614832.0,-107350944.0,ERR,ERR,ERR,ERR,ERR,ERR,ERR,ERR,ERR,ERR,ERR,ERR,ERR,ERR,ERR,ERR,ERR,ERR,ERR,ERR,ERR,ERR,ERR,ERR,ERR,ERR,ERR,ERR,ERR,ERR,ERR,ERR,ERR,ERR,ERR,ERR,ERR,ERR,ERR,ERR,ERR,ERR,ERR,ERR,ERR,ERR,ERR,ERR,ERR,ERR,ERR,ERR,ERR,ERR,ERR,ERR,ERR,ERR,ERR,ERR,ERR,ERR,ERR,ERR,ERR,ERR,ERR,50.0,60.0,100,0.0,0.0,0.0,0.0,0.0,0.0,0.0,0.0,0.0,0.0,0.0,0.0,0.0,0.0,0.0,0.0,62.0,65,20,65521,50,65476,0,300,0,0,8,20529,65476,0,0,26214,60.0,0.0,0.0,0.0,0.0,0.0
2026-05-17T16:30:43,ERR,ERR,ERR,ERR,ERR,ERR,ERR,ERR,ERR,ERR,ERR,ERR,ERR,ERR,ERR,ERR,ERR,ERR,ERR,ERR,ERR,ERR,ERR,ERR,ERR,ERR,ERR,ERR,ERR,ERR,ERR,ERR,ERR,ERR,ERR,ERR,ERR,ERR,ERR,ERR,ERR,ERR,ERR,ERR,ERR,ERR,ERR,ERR,ERR,ERR,ERR,ERR,ERR,ERR,ERR,ERR,ERR,ERR,ERR,ERR,ERR,ERR,ERR,ERR,ERR,ERR,ERR,ERR,ERR,ERR,ERR,ERR,ERR,ERR,ERR,ERR,ERR,ERR,ERR,ERR,ERR,ERR,ERR,ERR,ERR,ERR,ERR,ERR,ERR,ERR,ERR,ERR,ERR,ERR,ERR,ERR,ERR,ERR,ERR,ERR,ERR,ERR,ERR,ERR,ERR,ERR,ERR,ERR,ERR,ERR,ERR,ERR,ERR,ERR,ERR,ERR,ERR,ERR,ERR,ERR,ERR,ERR,ERR,ERR,ERR,0.0,-107615288.0,-0.0,0.0,0.0,1.3936040501711995e+18,7.805,0.0,0,0,4,0,8422,0.0,45,0.0,0.0,0.0,0.0,0.0,0,0,0,0,0.0,0,0,0,0,0,0,0,0,0,0,0,0,0,0,0,0,0,0,0,0,0,0,0,0,0,0,0,0,0,0,0,0,0,38,14,7,45,65476,0,300,0,0,8,21553,0.0,-107605600.0,0.0,0.0,0.0,0.0,0.0,0.0,0.0,0.0,0.0,0.0,0.0,0.0,0.0,0.0,0.0,0.0,0.0,0.0,0.0,0.0,0.0,-2.004,-0.0,0.0,0.0,0.0,0.0,0.0,5076.0,8608184320.0,0.0,0.0,-107615288.0,0.0,-0.0,0.0,0.0,0.0,0.0,53,5.848083413016271e+35,-0.0,0.0,0.0,0.0,0.0,0.0,0.0,0.0,0,0,0,0.0,0.0,0.0,0.0,0.0,0.0,0.0,0.0,0.0,0.0,0.0,0.0,0.0,0.0,0.0,0.0,0,-107875648.0,53,0.0,106,-107614832.0,-107350944.0,ERR,ERR,ERR,ERR,ERR,ERR,ERR,ERR,ERR,ERR,ERR,ERR,ERR,ERR,ERR,ERR,ERR,ERR,ERR,ERR,ERR,ERR,ERR,ERR,ERR,ERR,ERR,ERR,ERR,ERR,ERR,ERR,ERR,ERR,ERR,ERR,ERR,ERR,ERR,ERR,ERR,ERR,ERR,ERR,ERR,ERR,ERR,ERR,ERR,ERR,ERR,ERR,ERR,ERR,ERR,ERR,ERR,ERR,ERR,ERR,ERR,ERR,ERR,ERR,ERR,ERR,ERR,50.0,60.0,100,0.0,0.0,0.0,0.0,0.0,0.0,0.0,0.0,0.0,0.0,0.0,0.0,0.0,0.0,0.0,0.0,62.0,65,20,65521,50,65476,0,300,0,0,8,20529,65476,0,0,26214,60.0,0.0,0.0,0.0,0.0,0.0
2026-05-17T16:30:44,ERR,ERR,ERR,ERR,ERR,ERR,ERR,ERR,ERR,ERR,ERR,ERR,ERR,ERR,ERR,ERR,ERR,ERR,ERR,ERR,ERR,ERR,ERR,ERR,ERR,ERR,ERR,ERR,ERR,ERR,ERR,ERR,ERR,ERR,ERR,ERR,ERR,ERR,ERR,ERR,ERR,ERR,ERR,ERR,ERR,ERR,ERR,ERR,ERR,ERR,ERR,ERR,ERR,ERR,ERR,ERR,ERR,ERR,ERR,ERR,ERR,ERR,ERR,ERR,ERR,ERR,ERR,ERR,ERR,ERR,ERR,ERR,ERR,ERR,ERR,ERR,ERR,ERR,ERR,ERR,ERR,ERR,ERR,ERR,ERR,ERR,ERR,ERR,ERR,ERR,ERR,ERR,ERR,ERR,ERR,ERR,ERR,ERR,ERR,ERR,ERR,ERR,ERR,ERR,ERR,ERR,ERR,ERR,ERR,ERR,ERR,ERR,ERR,ERR,ERR,ERR,ERR,ERR,ERR,ERR,ERR,ERR,ERR,ERR,ERR,0.0,-107615288.0,-0.0,0.0,0.0,1.3936040501711995e+18,7.805,0.0,0,0,4,0,8422,0.0,45,0.0,0.0,0.0,0.0,0.0,0,0,0,0,0.0,0,0,0,0,0,0,0,0,0,0,0,0,0,0,0,0,0,0,0,0,0,0,0,0,0,0,0,0,0,0,0,0,0,38,14,7,45,65476,0,300,0,0,8,21553,0.0,-107605600.0,0.0,0.0,0.0,0.0,0.0,0.0,0.0,0.0,0.0,0.0,0.0,0.0,0.0,0.0,0.0,0.0,0.0,0.0,0.0,0.0,0.0,-2.004,-0.0,0.0,0.0,0.0,0.0,0.0,5076.0,8608184320.0,0.0,0.0,-107615288.0,0.0,-0.0,0.0,0.0,0.0,0.0,53,5.848083413016271e+35,-0.0,0.0,0.0,0.0,0.0,0.0,0.0,0.0,0,0,0,0.0,0.0,0.0,0.0,0.0,0.0,0.0,0.0,0.0,0.0,0.0,0.0,0.0,0.0,0.0,0.0,0,-107875648.0,53,0.0,106,-107614832.0,-107350944.0,ERR,ERR,ERR,ERR,ERR,ERR,ERR,ERR,ERR,ERR,ERR,ERR,ERR,ERR,ERR,ERR,ERR,ERR,ERR,ERR,ERR,ERR,ERR,ERR,ERR,ERR,ERR,ERR,ERR,ERR,ERR,ERR,ERR,ERR,ERR,ERR,ERR,ERR,ERR,ERR,ERR,ERR,ERR,ERR,ERR,ERR,ERR,ERR,ERR,ERR,ERR,ERR,ERR,ERR,ERR,ERR,ERR,ERR,ERR,ERR,ERR,ERR,ERR,ERR,ERR,ERR,ERR,50.0,60.0,100,0.0,0.0,0.0,0.0,0.0,0.0,0.0,0.0,0.0,0.0,0.0,0.0,0.0,0.0,0.0,0.0,61.6,65,20,65521,50,65476,0,300,0,0,8,20529,65476,0,0,26214,60.0,0.0,0.0,0.0,0.0,0.0
2026-05-17T16:30:45,ERR,ERR,ERR,ERR,ERR,ERR,ERR,ERR,ERR,ERR,ERR,ERR,ERR,ERR,ERR,ERR,ERR,ERR,ERR,ERR,ERR,ERR,ERR,ERR,ERR,ERR,ERR,ERR,ERR,ERR,ERR,ERR,ERR,ERR,ERR,ERR,ERR,ERR,ERR,ERR,ERR,ERR,ERR,ERR,ERR,ERR,ERR,ERR,ERR,ERR,ERR,ERR,ERR,ERR,ERR,ERR,ERR,ERR,ERR,ERR,ERR,ERR,ERR,ERR,ERR,ERR,ERR,ERR,ERR,ERR,ERR,ERR,ERR,ERR,ERR,ERR,ERR,ERR,ERR,ERR,ERR,ERR,ERR,ERR,ERR,ERR,ERR,ERR,ERR,ERR,ERR,ERR,ERR,ERR,ERR,ERR,ERR,ERR,ERR,ERR,ERR,ERR,ERR,ERR,ERR,ERR,ERR,ERR,ERR,ERR,ERR,ERR,ERR,ERR,ERR,ERR,ERR,ERR,ERR,ERR,ERR,ERR,ERR,ERR,ERR,0.0,-107615288.0,-0.0,0.0,0.0,1.3936040501711995e+18,7.805,0.0,0,0,4,0,8422,0.0,45,0.0,0.0,0.0,0.0,0.0,0,0,0,0,0.0,0,0,0,0,0,0,0,0,0,0,0,0,0,0,0,0,0,0,0,0,0,0,0,0,0,0,0,0,0,0,0,0,0,38,14,7,45,65476,0,300,0,0,8,21553,0.0,-107605600.0,0.0,0.0,0.0,0.0,0.0,0.0,0.0,0.0,0.0,0.0,0.0,0.0,0.0,0.0,0.0,0.0,0.0,0.0,0.0,0.0,0.0,-2.004,-0.0,0.0,0.0,0.0,0.0,0.0,5076.0,8608184320.0,0.0,0.0,-107615288.0,0.0,-0.0,0.0,0.0,0.0,0.0,53,5.848083413016271e+35,-0.0,0.0,0.0,0.0,0.0,0.0,0.0,0.0,0,0,0,0.0,0.0,0.0,0.0,0.0,0.0,0.0,0.0,0.0,0.0,0.0,0.0,0.0,0.0,0.0,0.0,0,-107875648.0,53,0.0,106,-107614832.0,-107350944.0,ERR,ERR,ERR,ERR,ERR,ERR,ERR,ERR,ERR,ERR,ERR,ERR,ERR,ERR,ERR,ERR,ERR,ERR,ERR,ERR,ERR,ERR,ERR,ERR,ERR,ERR,ERR,ERR,ERR,ERR,ERR,ERR,ERR,ERR,ERR,ERR,ERR,ERR,ERR,ERR,ERR,ERR,ERR,ERR,ERR,ERR,ERR,ERR,ERR,ERR,ERR,ERR,ERR,ERR,ERR,ERR,ERR,ERR,ERR,ERR,ERR,ERR,ERR,ERR,ERR,ERR,ERR,50.0,60.0,100,0.0,0.0,0.0,0.0,0.0,0.0,0.0,0.0,0.0,0.0,0.0,0.0,0.0,0.0,0.0,0.0,61.6,65,20,65521,50,65476,0,300,0,0,8,20529,65476,0,0,26214,60.0,0.0,0.0,0.0,0.0,0.0
2026-05-17T16:30:46,ERR,ERR,ERR,ERR,ERR,ERR,ERR,ERR,ERR,ERR,ERR,ERR,ERR,ERR,ERR,ERR,ERR,ERR,ERR,ERR,ERR,ERR,ERR,ERR,ERR,ERR,ERR,ERR,ERR,ERR,ERR,ERR,ERR,ERR,ERR,ERR,ERR,ERR,ERR,ERR,ERR,ERR,ERR,ERR,ERR,ERR,ERR,ERR,ERR,ERR,ERR,ERR,ERR,ERR,ERR,ERR,ERR,ERR,ERR,ERR,ERR,ERR,ERR,ERR,ERR,ERR,ERR,ERR,ERR,ERR,ERR,ERR,ERR,ERR,ERR,ERR,ERR,ERR,ERR,ERR,ERR,ERR,ERR,ERR,ERR,ERR,ERR,ERR,ERR,ERR,ERR,ERR,ERR,ERR,ERR,ERR,ERR,ERR,ERR,ERR,ERR,ERR,ERR,ERR,ERR,ERR,ERR,ERR,ERR,ERR,ERR,ERR,ERR,ERR,ERR,ERR,ERR,ERR,ERR,ERR,ERR,ERR,ERR,ERR,ERR,0.0,-107615288.0,-0.0,0.0,0.0,1.3936040501711995e+18,7.805,0.0,0,0,4,0,8422,0.0,45,0.0,0.0,0.0,0.0,0.0,0,0,0,0,0.0,0,0,0,0,0,0,0,0,0,0,0,0,0,0,0,0,0,0,0,0,0,0,0,0,0,0,0,0,0,0,0,0,0,38,14,7,45,65476,0,300,0,0,8,21553,0.0,-107605600.0,0.0,0.0,0.0,0.0,0.0,0.0,0.0,0.0,0.0,0.0,0.0,0.0,0.0,0.0,0.0,0.0,0.0,0.0,0.0,0.0,0.0,-2.004,-0.0,0.0,0.0,0.0,0.0,0.0,5076.0,8608184320.0,0.0,0.0,-107615288.0,0.0,-0.0,0.0,0.0,0.0,0.0,53,5.848083413016271e+35,-0.0,0.0,0.0,0.0,0.0,0.0,0.0,0.0,0,0,0,0.0,0.0,0.0,0.0,0.0,0.0,0.0,0.0,0.0,0.0,0.0,0.0,0.0,0.0,0.0,0.0,0,-107875648.0,53,0.0,106,-107614832.0,-107350944.0,ERR,ERR,ERR,ERR,ERR,ERR,ERR,ERR,ERR,ERR,ERR,ERR,ERR,ERR,ERR,ERR,ERR,ERR,ERR,ERR,ERR,ERR,ERR,ERR,ERR,ERR,ERR,ERR,ERR,ERR,ERR,ERR,ERR,ERR,ERR,ERR,ERR,ERR,ERR,ERR,ERR,ERR,ERR,ERR,ERR,ERR,ERR,ERR,ERR,ERR,ERR,ERR,ERR,ERR,ERR,ERR,ERR,ERR,ERR,ERR,ERR,ERR,ERR,ERR,ERR,ERR,ERR,50.0,60.0,100,0.0,0.0,0.0,0.0,0.0,0.0,0.0,0.0,0.0,0.0,0.0,0.0,0.0,0.0,0.0,0.0,61.6,65,20,65521,50,65476,0,300,0,0,8,20529,65476,0,0,26214,60.0,0.0,0.0,0.0,0.0,0.0
2026-05-17T16:30:47,ERR,ERR,ERR,ERR,ERR,ERR,ERR,ERR,ERR,ERR,ERR,ERR,ERR,ERR,ERR,ERR,ERR,ERR,ERR,ERR,ERR,ERR,ERR,ERR,ERR,ERR,ERR,ERR,ERR,ERR,ERR,ERR,ERR,ERR,ERR,ERR,ERR,ERR,ERR,ERR,ERR,ERR,ERR,ERR,ERR,ERR,ERR,ERR,ERR,ERR,ERR,ERR,ERR,ERR,ERR,ERR,ERR,ERR,ERR,ERR,ERR,ERR,ERR,ERR,ERR,ERR,ERR,ERR,ERR,ERR,ERR,ERR,ERR,ERR,ERR,ERR,ERR,ERR,ERR,ERR,ERR,ERR,ERR,ERR,ERR,ERR,ERR,ERR,ERR,ERR,ERR,ERR,ERR,ERR,ERR,ERR,ERR,ERR,ERR,ERR,ERR,ERR,ERR,ERR,ERR,ERR,ERR,ERR,ERR,ERR,ERR,ERR,ERR,ERR,ERR,ERR,ERR,ERR,ERR,ERR,ERR,ERR,ERR,ERR,ERR,0.0,-107615288.0,-0.0,0.0,0.0,1.3936040501711995e+18,7.805,0.0,0,0,4,0,8422,0.0,45,0.0,0.0,0.0,0.0,0.0,0,0,0,0,0.0,0,0,0,0,0,0,0,0,0,0,0,0,0,0,0,0,0,0,0,0,0,0,0,0,0,0,0,0,0,0,0,0,0,38,14,7,45,65476,0,300,0,0,8,21553,0.0,-107605600.0,0.0,0.0,0.0,0.0,0.0,0.0,0.0,0.0,0.0,0.0,0.0,0.0,0.0,0.0,0.0,0.0,0.0,0.0,0.0,0.0,0.0,-2.004,-0.0,0.0,0.0,0.0,0.0,0.0,5068.0,0.0,0.0,0.0,-107615288.0,0.0,-0.0,0.0,0.0,0.0,0.0,53,126841110528.0,5.8480564754410164e+35,0.0,0.0,0.0,0.0,0.0,0.0,0.0,0,0,0,0.0,0.0,0.0,0.0,0.0,0.0,0.0,0.0,0.0,0.0,0.0,0.0,0.0,0.0,0.0,0.0,0,-107875648.0,53,0.0,106,-107614832.0,-107350944.0,ERR,ERR,ERR,ERR,ERR,ERR,ERR,ERR,ERR,ERR,ERR,ERR,ERR,ERR,ERR,ERR,ERR,ERR,ERR,ERR,ERR,ERR,ERR,ERR,ERR,ERR,ERR,ERR,ERR,ERR,ERR,ERR,ERR,ERR,ERR,ERR,ERR,ERR,ERR,ERR,ERR,ERR,ERR,ERR,ERR,ERR,ERR,ERR,ERR,ERR,ERR,ERR,ERR,ERR,ERR,ERR,ERR,ERR,ERR,ERR,ERR,ERR,ERR,ERR,ERR,ERR,ERR,50.0,60.0,100,0.0,0.0,0.0,0.0,0.0,0.0,0.0,0.0,0.0,0.0,0.0,0.0,0.0,0.0,0.0,0.0,61.6,65,20,65521,50,65476,0,300,0,0,8,20529,65476,0,0,26214,60.0,0.0,0.0,0.0,0.0,0.0
2026-05-17T16:30:48,ERR,ERR,ERR,ERR,ERR,ERR,ERR,ERR,ERR,ERR,ERR,ERR,ERR,ERR,ERR,ERR,ERR,ERR,ERR,ERR,ERR,ERR,ERR,ERR,ERR,ERR,ERR,ERR,ERR,ERR,ERR,ERR,ERR,ERR,ERR,ERR,ERR,ERR,ERR,ERR,ERR,ERR,ERR,ERR,ERR,ERR,ERR,ERR,ERR,ERR,ERR,ERR,ERR,ERR,ERR,ERR,ERR,ERR,ERR,ERR,ERR,ERR,ERR,ERR,ERR,ERR,ERR,ERR,ERR,ERR,ERR,ERR,ERR,ERR,ERR,ERR,ERR,ERR,ERR,ERR,ERR,ERR,ERR,ERR,ERR,ERR,ERR,ERR,ERR,ERR,ERR,ERR,ERR,ERR,ERR,ERR,ERR,ERR,ERR,ERR,ERR,ERR,ERR,ERR,ERR,ERR,ERR,ERR,ERR,ERR,ERR,ERR,ERR,ERR,ERR,ERR,ERR,ERR,ERR,ERR,ERR,ERR,ERR,ERR,ERR,0.0,-107615288.0,-0.0,0.0,0.0,1.3936040501711995e+18,7.805,0.0,0,0,4,0,8422,0.0,45,0.0,0.0,0.0,0.0,0.0,0,0,0,0,0.0,0,0,0,0,0,0,0,0,0,0,0,0,0,0,0,0,0,0,0,0,0,0,0,0,0,0,0,0,0,0,0,0,0,38,14,7,45,65476,0,300,0,0,8,21553,0.0,-107605600.0,0.0,0.0,0.0,0.0,0.0,0.0,0.0,0.0,0.0,0.0,0.0,0.0,0.0,0.0,0.0,0.0,0.0,0.0,0.0,0.0,0.0,-2.004,-0.0,0.0,0.0,0.0,0.0,0.0,5068.0,0.0,0.0,0.0,-107615288.0,0.0,-0.0,0.0,0.0,0.0,0.0,53,126841110528.0,5.8480564754410164e+35,0.0,0.0,0.0,0.0,0.0,0.0,0.0,0,0,0,0.0,0.0,0.0,0.0,0.0,0.0,0.0,0.0,0.0,0.0,0.0,0.0,0.0,0.0,0.0,0.0,0,-107875648.0,53,0.0,106,-107614832.0,-107350944.0,ERR,ERR,ERR,ERR,ERR,ERR,ERR,ERR,ERR,ERR,ERR,ERR,ERR,ERR,ERR,ERR,ERR,ERR,ERR,ERR,ERR,ERR,ERR,ERR,ERR,ERR,ERR,ERR,ERR,ERR,ERR,ERR,ERR,ERR,ERR,ERR,ERR,ERR,ERR,ERR,ERR,ERR,ERR,ERR,ERR,ERR,ERR,ERR,ERR,ERR,ERR,ERR,ERR,ERR,ERR,ERR,ERR,ERR,ERR,ERR,ERR,ERR,ERR,ERR,ERR,ERR,ERR,50.0,60.0,100,0.0,0.0,0.0,0.0,0.0,0.0,0.0,0.0,0.0,0.0,0.0,0.0,0.0,0.0,0.0,0.0,61.6,65,20,65521,50,65476,0,300,0,0,8,20529,65476,0,0,26214,60.0,0.0,0.0,0.0,0.0,0.0
2026-05-17T16:30:49,ERR,ERR,ERR,ERR,ERR,ERR,ERR,ERR,ERR,ERR,ERR,ERR,ERR,ERR,ERR,ERR,ERR,ERR,ERR,ERR,ERR,ERR,ERR,ERR,ERR,ERR,ERR,ERR,ERR,ERR,ERR,ERR,ERR,ERR,ERR,ERR,ERR,ERR,ERR,ERR,ERR,ERR,ERR,ERR,ERR,ERR,ERR,ERR,ERR,ERR,ERR,ERR,ERR,ERR,ERR,ERR,ERR,ERR,ERR,ERR,ERR,ERR,ERR,ERR,ERR,ERR,ERR,ERR,ERR,ERR,ERR,ERR,ERR,ERR,ERR,ERR,ERR,ERR,ERR,ERR,ERR,ERR,ERR,ERR,ERR,ERR,ERR,ERR,ERR,ERR,ERR,ERR,ERR,ERR,ERR,ERR,ERR,ERR,ERR,ERR,ERR,ERR,ERR,ERR,ERR,ERR,ERR,ERR,ERR,ERR,ERR,ERR,ERR,ERR,ERR,ERR,ERR,ERR,ERR,ERR,ERR,ERR,ERR,ERR,ERR,0.0,-107615288.0,-0.0,0.0,0.0,1.3936040501711995e+18,7.805,0.0,0,0,4,0,8422,0.0,45,0.0,0.0,0.0,0.0,0.0,0,0,0,0,0.0,0,0,0,0,0,0,0,0,0,0,0,0,0,0,0,0,0,0,0,0,0,0,0,0,0,0,0,0,0,0,0,0,0,38,14,7,45,65476,0,300,0,0,8,21553,0.0,-107605600.0,0.0,0.0,0.0,0.0,0.0,0.0,0.0,0.0,0.0,0.0,0.0,0.0,0.0,0.0,0.0,0.0,0.0,0.0,0.0,0.0,0.0,-2.004,-0.0,0.0,0.0,0.0,0.0,0.0,5068.0,0.0,0.0,0.0,-107615288.0,0.0,-0.0,0.0,0.0,0.0,0.0,53,126841110528.0,5.8480564754410164e+35,0.0,0.0,0.0,0.0,0.0,0.0,0.0,0,0,0,0.0,0.0,0.0,0.0,0.0,0.0,0.0,0.0,0.0,0.0,0.0,0.0,0.0,0.0,0.0,0.0,0,-107875648.0,53,0.0,106,-107614832.0,-107350944.0,ERR,ERR,ERR,ERR,ERR,ERR,ERR,ERR,ERR,ERR,ERR,ERR,ERR,ERR,ERR,ERR,ERR,ERR,ERR,ERR,ERR,ERR,ERR,ERR,ERR,ERR,ERR,ERR,ERR,ERR,ERR,ERR,ERR,ERR,ERR,ERR,ERR,ERR,ERR,ERR,ERR,ERR,ERR,ERR,ERR,ERR,ERR,ERR,ERR,ERR,ERR,ERR,ERR,ERR,ERR,ERR,ERR,ERR,ERR,ERR,ERR,ERR,ERR,ERR,ERR,ERR,ERR,50.0,60.0,100,0.0,0.0,0.0,0.0,0.0,0.0,0.0,0.0,0.0,0.0,0.0,0.0,0.0,0.0,0.0,0.0,62.0,65,20,65521,50,65476,0,300,0,0,8,20529,65476,0,0,26214,60.0,0.0,0.0,0.0,0.0,0.0
2026-05-17T16:30:50,ERR,ERR,ERR,ERR,ERR,ERR,ERR,ERR,ERR,ERR,ERR,ERR,ERR,ERR,ERR,ERR,ERR,ERR,ERR,ERR,ERR,ERR,ERR,ERR,ERR,ERR,ERR,ERR,ERR,ERR,ERR,ERR,ERR,ERR,ERR,ERR,ERR,ERR,ERR,ERR,ERR,ERR,ERR,ERR,ERR,ERR,ERR,ERR,ERR,ERR,ERR,ERR,ERR,ERR,ERR,ERR,ERR,ERR,ERR,ERR,ERR,ERR,ERR,ERR,ERR,ERR,ERR,ERR,ERR,ERR,ERR,ERR,ERR,ERR,ERR,ERR,ERR,ERR,ERR,ERR,ERR,ERR,ERR,ERR,ERR,ERR,ERR,ERR,ERR,ERR,ERR,ERR,ERR,ERR,ERR,ERR,ERR,ERR,ERR,ERR,ERR,ERR,ERR,ERR,ERR,ERR,ERR,ERR,ERR,ERR,ERR,ERR,ERR,ERR,ERR,ERR,ERR,ERR,ERR,ERR,ERR,ERR,ERR,ERR,ERR,0.0,-107615288.0,-0.0,0.0,0.0,1.3936040501711995e+18,7.805,0.0,0,0,4,0,8422,0.0,45,0.0,0.0,0.0,0.0,0.0,0,0,0,0,0.0,0,0,0,0,0,0,0,0,0,0,0,0,0,0,0,0,0,0,0,0,0,0,0,0,0,0,0,0,0,0,0,0,0,38,14,7,45,65476,0,300,0,0,8,21553,0.0,-107605600.0,0.0,0.0,0.0,0.0,0.0,0.0,0.0,0.0,0.0,0.0,0.0,0.0,0.0,0.0,0.0,0.0,0.0,0.0,0.0,0.0,0.0,-2.004,-0.0,0.0,0.0,0.0,0.0,0.0,5068.0,0.0,0.0,0.0,-107615288.0,0.0,-0.0,0.0,0.0,0.0,0.0,53,126841110528.0,5.8480564754410164e+35,0.0,0.0,0.0,0.0,0.0,0.0,0.0,0,0,0,0.0,0.0,0.0,0.0,0.0,0.0,0.0,0.0,0.0,0.0,0.0,0.0,0.0,0.0,0.0,0.0,0,-107875648.0,53,0.0,106,-107614832.0,-107350944.0,ERR,ERR,ERR,ERR,ERR,ERR,ERR,ERR,ERR,ERR,ERR,ERR,ERR,ERR,ERR,ERR,ERR,ERR,ERR,ERR,ERR,ERR,ERR,ERR,ERR,ERR,ERR,ERR,ERR,ERR,ERR,ERR,ERR,ERR,ERR,ERR,ERR,ERR,ERR,ERR,ERR,ERR,ERR,ERR,ERR,ERR,ERR,ERR,ERR,ERR,ERR,ERR,ERR,ERR,ERR,ERR,ERR,ERR,ERR,ERR,ERR,ERR,ERR,ERR,ERR,ERR,ERR,50.0,60.0,100,0.0,0.0,0.0,0.0,0.0,0.0,0.0,0.0,0.0,0.0,0.0,0.0,0.0,0.0,0.0,0.0,62.0,65,20,65521,50,65476,0,300,0,0,8,20529,65476,0,0,26214,60.0,0.0,0.0,0.0,0.0,0.0
2026-05-17T16:30:51,ERR,ERR,ERR,ERR,ERR,ERR,ERR,ERR,ERR,ERR,ERR,ERR,ERR,ERR,ERR,ERR,ERR,ERR,ERR,ERR,ERR,ERR,ERR,ERR,ERR,ERR,ERR,ERR,ERR,ERR,ERR,ERR,ERR,ERR,ERR,ERR,ERR,ERR,ERR,ERR,ERR,ERR,ERR,ERR,ERR,ERR,ERR,ERR,ERR,ERR,ERR,ERR,ERR,ERR,ERR,ERR,ERR,ERR,ERR,ERR,ERR,ERR,ERR,ERR,ERR,ERR,ERR,ERR,ERR,ERR,ERR,ERR,ERR,ERR,ERR,ERR,ERR,ERR,ERR,ERR,ERR,ERR,ERR,ERR,ERR,ERR,ERR,ERR,ERR,ERR,ERR,ERR,ERR,ERR,ERR,ERR,ERR,ERR,ERR,ERR,ERR,ERR,ERR,ERR,ERR,ERR,ERR,ERR,ERR,ERR,ERR,ERR,ERR,ERR,ERR,ERR,ERR,ERR,ERR,ERR,ERR,ERR,ERR,ERR,ERR,0.0,-107615288.0,-0.0,0.0,0.0,1.3936040501711995e+18,7.805,0.0,0,0,4,0,8422,0.0,45,0.0,0.0,0.0,0.0,0.0,0,0,0,0,0.0,0,0,0,0,0,0,0,0,0,0,0,0,0,0,0,0,0,0,0,0,0,0,0,0,0,0,0,0,0,0,0,0,0,38,14,7,45,65476,0,300,0,0,8,21553,0.0,-107605600.0,0.0,0.0,0.0,0.0,0.0,0.0,0.0,0.0,0.0,0.0,0.0,0.0,0.0,0.0,0.0,0.0,0.0,0.0,0.0,0.0,0.0,-2.004,-0.0,0.0,0.0,0.0,0.0,0.0,5068.0,0.0,0.0,0.0,-107615288.0,0.0,-0.0,0.0,0.0,0.0,0.0,53,126841110528.0,5.8480564754410164e+35,0.0,0.0,0.0,0.0,0.0,0.0,0.0,0,0,0,0.0,0.0,0.0,0.0,0.0,0.0,0.0,0.0,0.0,0.0,0.0,0.0,0.0,0.0,0.0,0.0,0,-107875648.0,53,0.0,106,-107614832.0,-107350944.0,ERR,ERR,ERR,ERR,ERR,ERR,ERR,ERR,ERR,ERR,ERR,ERR,ERR,ERR,ERR,ERR,ERR,ERR,ERR,ERR,ERR,ERR,ERR,ERR,ERR,ERR,ERR,ERR,ERR,ERR,ERR,ERR,ERR,ERR,ERR,ERR,ERR,ERR,ERR,ERR,ERR,ERR,ERR,ERR,ERR,ERR,ERR,ERR,ERR,ERR,ERR,ERR,ERR,ERR,ERR,ERR,ERR,ERR,ERR,ERR,ERR,ERR,ERR,ERR,ERR,ERR,ERR,50.0,60.0,100,0.0,0.0,0.0,0.0,0.0,0.0,0.0,0.0,0.0,0.0,0.0,0.0,0.0,0.0,0.0,0.0,61.6,65,20,65521,50,65476,0,300,0,0,8,20529,65476,0,0,26214,60.0,0.0,0.0,0.0,0.0,0.0
2026-05-17T16:30:52,ERR,ERR,ERR,ERR,ERR,ERR,ERR,ERR,ERR,ERR,ERR,ERR,ERR,ERR,ERR,ERR,ERR,ERR,ERR,ERR,ERR,ERR,ERR,ERR,ERR,ERR,ERR,ERR,ERR,ERR,ERR,ERR,ERR,ERR,ERR,ERR,ERR,ERR,ERR,ERR,ERR,ERR,ERR,ERR,ERR,ERR,ERR,ERR,ERR,ERR,ERR,ERR,ERR,ERR,ERR,ERR,ERR,ERR,ERR,ERR,ERR,ERR,ERR,ERR,ERR,ERR,ERR,ERR,ERR,ERR,ERR,ERR,ERR,ERR,ERR,ERR,ERR,ERR,ERR,ERR,ERR,ERR,ERR,ERR,ERR,ERR,ERR,ERR,ERR,ERR,ERR,ERR,ERR,ERR,ERR,ERR,ERR,ERR,ERR,ERR,ERR,ERR,ERR,ERR,ERR,ERR,ERR,ERR,ERR,ERR,ERR,ERR,ERR,ERR,ERR,ERR,ERR,ERR,ERR,ERR,ERR,ERR,ERR,ERR,ERR,0.0,-107615288.0,-0.0,0.0,0.0,1.3936040501711995e+18,7.805,0.0,0,0,4,0,8422,0.0,45,0.0,0.0,0.0,0.0,0.0,0,0,0,0,0.0,0,0,0,0,0,0,0,0,0,0,0,0,0,0,0,0,0,0,0,0,0,0,0,0,0,0,0,0,0,0,0,0,0,38,14,7,45,65476,0,300,0,0,8,21553,0.0,-107605600.0,0.0,0.0,0.0,0.0,0.0,0.0,0.0,0.0,0.0,0.0,0.0,0.0,0.0,0.0,0.0,0.0,0.0,0.0,0.0,0.0,0.0,-2.004,-0.0,0.0,0.0,0.0,0.0,0.0,5039.0,-2.004,0.0,0.0,-107615288.0,0.0,-0.0,0.0,0.0,0.0,0.0,53,2.3088403658719416e+20,-3.222003136178649e+26,0.0,0.0,0.0,0.0,0.0,0.0,0.0,0,0,0,0.0,0.0,0.0,0.0,0.0,0.0,0.0,0.0,0.0,0.0,0.0,0.0,0.0,0.0,0.0,0.0,0,-107875648.0,53,0.0,106,-107614832.0,-107350944.0,ERR,ERR,ERR,ERR,ERR,ERR,ERR,ERR,ERR,ERR,ERR,ERR,ERR,ERR,ERR,ERR,ERR,ERR,ERR,ERR,ERR,ERR,ERR,ERR,ERR,ERR,ERR,ERR,ERR,ERR,ERR,ERR,ERR,ERR,ERR,ERR,ERR,ERR,ERR,ERR,ERR,ERR,ERR,ERR,ERR,ERR,ERR,ERR,ERR,ERR,ERR,ERR,ERR,ERR,ERR,ERR,ERR,ERR,ERR,ERR,ERR,ERR,ERR,ERR,ERR,ERR,ERR,50.0,60.0,100,0.0,0.0,0.0,0.0,0.0,0.0,0.0,0.0,0.0,0.0,0.0,0.0,0.0,0.0,0.0,0.0,61.6,65,20,65521,50,65476,0,300,0,0,8,20529,65476,0,0,26214,60.0,0.0,0.0,0.0,0.0,0.0
2026-05-17T16:30:53,ERR,ERR,ERR,ERR,ERR,ERR,ERR,ERR,ERR,ERR,ERR,ERR,ERR,ERR,ERR,ERR,ERR,ERR,ERR,ERR,ERR,ERR,ERR,ERR,ERR,ERR,ERR,ERR,ERR,ERR,ERR,ERR,ERR,ERR,ERR,ERR,ERR,ERR,ERR,ERR,ERR,ERR,ERR,ERR,ERR,ERR,ERR,ERR,ERR,ERR,ERR,ERR,ERR,ERR,ERR,ERR,ERR,ERR,ERR,ERR,ERR,ERR,ERR,ERR,ERR,ERR,ERR,ERR,ERR,ERR,ERR,ERR,ERR,ERR,ERR,ERR,ERR,ERR,ERR,ERR,ERR,ERR,ERR,ERR,ERR,ERR,ERR,ERR,ERR,ERR,ERR,ERR,ERR,ERR,ERR,ERR,ERR,ERR,ERR,ERR,ERR,ERR,ERR,ERR,ERR,ERR,ERR,ERR,ERR,ERR,ERR,ERR,ERR,ERR,ERR,ERR,ERR,ERR,ERR,ERR,ERR,ERR,ERR,ERR,ERR,0.0,-107615288.0,-0.0,0.0,0.0,1.3936040501711995e+18,7.805,0.0,0,0,4,0,8422,0.0,45,0.0,0.0,0.0,0.0,0.0,0,0,0,0,0.0,0,0,0,0,0,0,0,0,0,0,0,0,0,0,0,0,0,0,0,0,0,0,0,0,0,0,0,0,0,0,0,0,0,38,14,7,45,65476,0,300,0,0,8,21553,0.0,-107605600.0,0.0,0.0,0.0,0.0,0.0,0.0,0.0,0.0,0.0,0.0,0.0,0.0,0.0,0.0,0.0,0.0,0.0,0.0,0.0,0.0,0.0,-2.004,-0.0,0.0,0.0,0.0,0.0,0.0,5039.0,-2.004,0.0,0.0,-107615288.0,0.0,-0.0,0.0,0.0,0.0,0.0,53,2.3088403658719416e+20,-3.222003136178649e+26,0.0,0.0,0.0,0.0,0.0,0.0,0.0,0,0,0,0.0,0.0,0.0,0.0,0.0,0.0,0.0,0.0,0.0,0.0,0.0,0.0,0.0,0.0,0.0,0.0,0,-107875648.0,53,0.0,106,-107614832.0,-107350944.0,ERR,ERR,ERR,ERR,ERR,ERR,ERR,ERR,ERR,ERR,ERR,ERR,ERR,ERR,ERR,ERR,ERR,ERR,ERR,ERR,ERR,ERR,ERR,ERR,ERR,ERR,ERR,ERR,ERR,ERR,ERR,ERR,ERR,ERR,ERR,ERR,ERR,ERR,ERR,ERR,ERR,ERR,ERR,ERR,ERR,ERR,ERR,ERR,ERR,ERR,ERR,ERR,ERR,ERR,ERR,ERR,ERR,ERR,ERR,ERR,ERR,ERR,ERR,ERR,ERR,ERR,ERR,50.0,60.0,100,0.0,0.0,0.0,0.0,0.0,0.0,0.0,0.0,0.0,0.0,0.0,0.0,0.0,0.0,0.0,0.0,62.0,65,20,65521,50,65476,0,300,0,0,8,20529,65476,0,0,26214,60.0,0.0,0.0,0.0,0.0,0.0
2026-05-17T16:30:54,ERR,ERR,ERR,ERR,ERR,ERR,ERR,ERR,ERR,ERR,ERR,ERR,ERR,ERR,ERR,ERR,ERR,ERR,ERR,ERR,ERR,ERR,ERR,ERR,ERR,ERR,ERR,ERR,ERR,ERR,ERR,ERR,ERR,ERR,ERR,ERR,ERR,ERR,ERR,ERR,ERR,ERR,ERR,ERR,ERR,ERR,ERR,ERR,ERR,ERR,ERR,ERR,ERR,ERR,ERR,ERR,ERR,ERR,ERR,ERR,ERR,ERR,ERR,ERR,ERR,ERR,ERR,ERR,ERR,ERR,ERR,ERR,ERR,ERR,ERR,ERR,ERR,ERR,ERR,ERR,ERR,ERR,ERR,ERR,ERR,ERR,ERR,ERR,ERR,ERR,ERR,ERR,ERR,ERR,ERR,ERR,ERR,ERR,ERR,ERR,ERR,ERR,ERR,ERR,ERR,ERR,ERR,ERR,ERR,ERR,ERR,ERR,ERR,ERR,ERR,ERR,ERR,ERR,ERR,ERR,ERR,ERR,ERR,ERR,ERR,0.0,-107615288.0,-0.0,0.0,0.0,1.3936040501711995e+18,7.805,0.0,0,0,4,0,8422,0.0,45,0.0,0.0,0.0,0.0,0.0,0,0,0,0,0.0,0,0,0,0,0,0,0,0,0,0,0,0,0,0,0,0,0,0,0,0,0,0,0,0,0,0,0,0,0,0,0,0,0,38,14,7,45,65476,0,300,0,0,8,21553,0.0,-107605600.0,0.0,0.0,0.0,0.0,0.0,0.0,0.0,0.0,0.0,0.0,0.0,0.0,0.0,0.0,0.0,0.0,0.0,0.0,0.0,0.0,0.0,-2.004,-0.0,0.0,0.0,0.0,0.0,0.0,5039.0,-2.004,0.0,0.0,-107615288.0,0.0,-0.0,0.0,0.0,0.0,0.0,53,2.3088403658719416e+20,-3.222003136178649e+26,0.0,0.0,0.0,0.0,0.0,0.0,0.0,0,0,0,0.0,0.0,0.0,0.0,0.0,0.0,0.0,0.0,0.0,0.0,0.0,0.0,0.0,0.0,0.0,0.0,0,-107875648.0,53,0.0,106,-107614832.0,-107350944.0,ERR,ERR,ERR,ERR,ERR,ERR,ERR,ERR,ERR,ERR,ERR,ERR,ERR,ERR,ERR,ERR,ERR,ERR,ERR,ERR,ERR,ERR,ERR,ERR,ERR,ERR,ERR,ERR,ERR,ERR,ERR,ERR,ERR,ERR,ERR,ERR,ERR,ERR,ERR,ERR,ERR,ERR,ERR,ERR,ERR,ERR,ERR,ERR,ERR,ERR,ERR,ERR,ERR,ERR,ERR,ERR,ERR,ERR,ERR,ERR,ERR,ERR,ERR,ERR,ERR,ERR,ERR,50.0,60.0,100,0.0,0.0,0.0,0.0,0.0,0.0,0.0,0.0,0.0,0.0,0.0,0.0,0.0,0.0,0.0,0.0,61.6,65,20,65521,50,65476,0,300,0,0,8,20529,65476,0,0,26214,60.0,0.0,0.0,0.0,0.0,0.0
2026-05-17T16:30:55,ERR,ERR,ERR,ERR,ERR,ERR,ERR,ERR,ERR,ERR,ERR,ERR,ERR,ERR,ERR,ERR,ERR,ERR,ERR,ERR,ERR,ERR,ERR,ERR,ERR,ERR,ERR,ERR,ERR,ERR,ERR,ERR,ERR,ERR,ERR,ERR,ERR,ERR,ERR,ERR,ERR,ERR,ERR,ERR,ERR,ERR,ERR,ERR,ERR,ERR,ERR,ERR,ERR,ERR,ERR,ERR,ERR,ERR,ERR,ERR,ERR,ERR,ERR,ERR,ERR,ERR,ERR,ERR,ERR,ERR,ERR,ERR,ERR,ERR,ERR,ERR,ERR,ERR,ERR,ERR,ERR,ERR,ERR,ERR,ERR,ERR,ERR,ERR,ERR,ERR,ERR,ERR,ERR,ERR,ERR,ERR,ERR,ERR,ERR,ERR,ERR,ERR,ERR,ERR,ERR,ERR,ERR,ERR,ERR,ERR,ERR,ERR,ERR,ERR,ERR,ERR,ERR,ERR,ERR,ERR,ERR,ERR,ERR,ERR,ERR,0.0,-107615288.0,-0.0,0.0,0.0,1.3936040501711995e+18,7.805,0.0,0,0,4,0,8422,0.0,45,0.0,0.0,0.0,0.0,0.0,0,0,0,0,0.0,0,0,0,0,0,0,0,0,0,0,0,0,0,0,0,0,0,0,0,0,0,0,0,0,0,0,0,0,0,0,0,0,0,38,14,7,45,65476,0,300,0,0,8,21553,0.0,-107605600.0,0.0,0.0,0.0,0.0,0.0,0.0,0.0,0.0,0.0,0.0,0.0,0.0,0.0,0.0,0.0,0.0,0.0,0.0,0.0,0.0,0.0,-2.004,-0.0,0.0,0.0,0.0,0.0,0.0,5039.0,-2.004,0.0,0.0,-107615288.0,0.0,-0.0,0.0,0.0,0.0,0.0,53,2.3088403658719416e+20,-3.222003136178649e+26,0.0,0.0,0.0,0.0,0.0,0.0,0.0,0,0,0,0.0,0.0,0.0,0.0,0.0,0.0,0.0,0.0,0.0,0.0,0.0,0.0,0.0,0.0,0.0,0.0,0,-107875648.0,53,0.0,106,-107614832.0,-107350944.0,ERR,ERR,ERR,ERR,ERR,ERR,ERR,ERR,ERR,ERR,ERR,ERR,ERR,ERR,ERR,ERR,ERR,ERR,ERR,ERR,ERR,ERR,ERR,ERR,ERR,ERR,ERR,ERR,ERR,ERR,ERR,ERR,ERR,ERR,ERR,ERR,ERR,ERR,ERR,ERR,ERR,ERR,ERR,ERR,ERR,ERR,ERR,ERR,ERR,ERR,ERR,ERR,ERR,ERR,ERR,ERR,ERR,ERR,ERR,ERR,ERR,ERR,ERR,ERR,ERR,ERR,ERR,50.0,60.0,100,0.0,0.0,0.0,0.0,0.0,0.0,0.0,0.0,0.0,0.0,0.0,0.0,0.0,0.0,0.0,0.0,61.6,65,20,65521,50,65476,0,300,0,0,8,20529,65476,0,0,26214,60.0,0.0,0.0,0.0,0.0,0.0
2026-05-17T16:30:56,ERR,ERR,ERR,ERR,ERR,ERR,ERR,ERR,ERR,ERR,ERR,ERR,ERR,ERR,ERR,ERR,ERR,ERR,ERR,ERR,ERR,ERR,ERR,ERR,ERR,ERR,ERR,ERR,ERR,ERR,ERR,ERR,ERR,ERR,ERR,ERR,ERR,ERR,ERR,ERR,ERR,ERR,ERR,ERR,ERR,ERR,ERR,ERR,ERR,ERR,ERR,ERR,ERR,ERR,ERR,ERR,ERR,ERR,ERR,ERR,ERR,ERR,ERR,ERR,ERR,ERR,ERR,ERR,ERR,ERR,ERR,ERR,ERR,ERR,ERR,ERR,ERR,ERR,ERR,ERR,ERR,ERR,ERR,ERR,ERR,ERR,ERR,ERR,ERR,ERR,ERR,ERR,ERR,ERR,ERR,ERR,ERR,ERR,ERR,ERR,ERR,ERR,ERR,ERR,ERR,ERR,ERR,ERR,ERR,ERR,ERR,ERR,ERR,ERR,ERR,ERR,ERR,ERR,ERR,ERR,ERR,ERR,ERR,ERR,ERR,0.0,-107615288.0,-0.0,0.0,0.0,1.3936040501711995e+18,7.805,0.0,0,0,4,0,8422,0.0,45,0.0,0.0,0.0,0.0,0.0,0,0,0,0,0.0,0,0,0,0,0,0,0,0,0,0,0,0,0,0,0,0,0,0,0,0,0,0,0,0,0,0,0,0,0,0,0,0,0,38,14,7,45,65476,0,300,0,0,8,21553,0.0,-107605600.0,0.0,0.0,0.0,0.0,0.0,0.0,0.0,0.0,0.0,0.0,0.0,0.0,0.0,0.0,0.0,0.0,0.0,0.0,0.0,0.0,0.0,-2.004,-0.0,0.0,0.0,0.0,0.0,0.0,5039.0,-2.004,0.0,0.0,-107615288.0,0.0,-0.0,0.0,0.0,0.0,0.0,53,2.3088403658719416e+20,-3.222003136178649e+26,0.0,0.0,0.0,0.0,0.0,0.0,0.0,0,0,0,0.0,0.0,0.0,0.0,0.0,0.0,0.0,0.0,0.0,0.0,0.0,0.0,0.0,0.0,0.0,0.0,0,-107875648.0,53,0.0,106,-107614832.0,-107350944.0,ERR,ERR,ERR,ERR,ERR,ERR,ERR,ERR,ERR,ERR,ERR,ERR,ERR,ERR,ERR,ERR,ERR,ERR,ERR,ERR,ERR,ERR,ERR,ERR,ERR,ERR,ERR,ERR,ERR,ERR,ERR,ERR,ERR,ERR,ERR,ERR,ERR,ERR,ERR,ERR,ERR,ERR,ERR,ERR,ERR,ERR,ERR,ERR,ERR,ERR,ERR,ERR,ERR,ERR,ERR,ERR,ERR,ERR,ERR,ERR,ERR,ERR,ERR,ERR,ERR,ERR,ERR,50.0,60.0,100,0.0,0.0,0.0,0.0,0.0,0.0,0.0,0.0,0.0,0.0,0.0,0.0,0.0,0.0,0.0,0.0,61.6,65,20,65521,50,65476,0,300,0,0,8,20529,65476,0,0,26214,60.0,0.0,0.0,0.0,0.0,0.0
2026-05-17T16:30:57,ERR,ERR,ERR,ERR,ERR,ERR,ERR,ERR,ERR,ERR,ERR,ERR,ERR,ERR,ERR,ERR,ERR,ERR,ERR,ERR,ERR,ERR,ERR,ERR,ERR,ERR,ERR,ERR,ERR,ERR,ERR,ERR,ERR,ERR,ERR,ERR,ERR,ERR,ERR,ERR,ERR,ERR,ERR,ERR,ERR,ERR,ERR,ERR,ERR,ERR,ERR,ERR,ERR,ERR,ERR,ERR,ERR,ERR,ERR,ERR,ERR,ERR,ERR,ERR,ERR,ERR,ERR,ERR,ERR,ERR,ERR,ERR,ERR,ERR,ERR,ERR,ERR,ERR,ERR,ERR,ERR,ERR,ERR,ERR,ERR,ERR,ERR,ERR,ERR,ERR,ERR,ERR,ERR,ERR,ERR,ERR,ERR,ERR,ERR,ERR,ERR,ERR,ERR,ERR,ERR,ERR,ERR,ERR,ERR,ERR,ERR,ERR,ERR,ERR,ERR,ERR,ERR,ERR,ERR,ERR,ERR,ERR,ERR,ERR,ERR,0.0,-107615288.0,-0.0,0.0,0.0,1.3936040501711995e+18,7.805,0.0,0,0,4,0,8422,0.0,45,0.0,0.0,0.0,0.0,0.0,0,0,0,0,0.0,0,0,0,0,0,0,0,0,0,0,0,0,0,0,0,0,0,0,0,0,0,0,0,0,0,0,0,0,0,0,0,0,0,38,14,7,45,65476,0,300,0,0,8,21553,0.0,-107605600.0,0.0,0.0,0.0,0.0,0.0,0.0,0.0,0.0,0.0,0.0,0.0,0.0,0.0,0.0,0.0,0.0,0.0,0.0,0.0,0.0,0.0,-2.004,-0.0,0.0,0.0,0.0,0.0,0.0,5039.0,131350.453,0.0,0.0,-107615288.0,0.0,-0.0,0.0,0.0,0.0,0.0,53,2.3088403658719416e+20,126840545280.0,0.0,0.0,0.0,0.0,0.0,0.0,0.0,0,0,0,0.0,0.0,0.0,0.0,0.0,0.0,0.0,0.0,0.0,0.0,0.0,0.0,0.0,0.0,0.0,0.0,0,-107875648.0,53,0.0,106,-107614832.0,-107350944.0,ERR,ERR,ERR,ERR,ERR,ERR,ERR,ERR,ERR,ERR,ERR,ERR,ERR,ERR,ERR,ERR,ERR,ERR,ERR,ERR,ERR,ERR,ERR,ERR,ERR,ERR,ERR,ERR,ERR,ERR,ERR,ERR,ERR,ERR,ERR,ERR,ERR,ERR,ERR,ERR,ERR,ERR,ERR,ERR,ERR,ERR,ERR,ERR,ERR,ERR,ERR,ERR,ERR,ERR,ERR,ERR,ERR,ERR,ERR,ERR,ERR,ERR,ERR,ERR,ERR,ERR,ERR,50.0,60.0,100,0.0,0.0,0.0,0.0,0.0,0.0,0.0,0.0,0.0,0.0,0.0,0.0,0.0,0.0,0.0,0.0,61.6,65,20,65521,50,65476,0,300,0,0,8,20529,65476,0,0,26214,60.0,0.0,0.0,0.0,0.0,0.0
2026-05-17T16:30:58,ERR,ERR,ERR,ERR,ERR,ERR,ERR,ERR,ERR,ERR,ERR,ERR,ERR,ERR,ERR,ERR,ERR,ERR,ERR,ERR,ERR,ERR,ERR,ERR,ERR,ERR,ERR,ERR,ERR,ERR,ERR,ERR,ERR,ERR,ERR,ERR,ERR,ERR,ERR,ERR,ERR,ERR,ERR,ERR,ERR,ERR,ERR,ERR,ERR,ERR,ERR,ERR,ERR,ERR,ERR,ERR,ERR,ERR,ERR,ERR,ERR,ERR,ERR,ERR,ERR,ERR,ERR,ERR,ERR,ERR,ERR,ERR,ERR,ERR,ERR,ERR,ERR,ERR,ERR,ERR,ERR,ERR,ERR,ERR,ERR,ERR,ERR,ERR,ERR,ERR,ERR,ERR,ERR,ERR,ERR,ERR,ERR,ERR,ERR,ERR,ERR,ERR,ERR,ERR,ERR,ERR,ERR,ERR,ERR,ERR,ERR,ERR,ERR,ERR,ERR,ERR,ERR,ERR,ERR,ERR,ERR,ERR,ERR,ERR,ERR,0.0,-107615288.0,-0.0,0.0,0.0,1.3936040501711995e+18,7.805,0.0,0,0,4,0,8422,0.0,45,0.0,0.0,0.0,0.0,0.0,0,0,0,0,0.0,0,0,0,0,0,0,0,0,0,0,0,0,0,0,0,0,0,0,0,0,0,0,0,0,0,0,0,0,0,0,0,0,0,38,14,7,45,65476,0,300,0,0,8,21553,0.0,-107605600.0,0.0,0.0,0.0,0.0,0.0,0.0,0.0,0.0,0.0,0.0,0.0,0.0,0.0,0.0,0.0,0.0,0.0,0.0,0.0,0.0,0.0,-2.004,-0.0,0.0,0.0,0.0,0.0,0.0,5039.0,131350.453,0.0,0.0,-107615288.0,0.0,-0.0,0.0,0.0,0.0,0.0,53,2.3088403658719416e+20,126840545280.0,0.0,0.0,0.0,0.0,0.0,0.0,0.0,0,0,0,0.0,0.0,0.0,0.0,0.0,0.0,0.0,0.0,0.0,0.0,0.0,0.0,0.0,0.0,0.0,0.0,0,-107875648.0,53,0.0,106,-107614832.0,-107350944.0,ERR,ERR,ERR,ERR,ERR,ERR,ERR,ERR,ERR,ERR,ERR,ERR,ERR,ERR,ERR,ERR,ERR,ERR,ERR,ERR,ERR,ERR,ERR,ERR,ERR,ERR,ERR,ERR,ERR,ERR,ERR,ERR,ERR,ERR,ERR,ERR,ERR,ERR,ERR,ERR,ERR,ERR,ERR,ERR,ERR,ERR,ERR,ERR,ERR,ERR,ERR,ERR,ERR,ERR,ERR,ERR,ERR,ERR,ERR,ERR,ERR,ERR,ERR,ERR,ERR,ERR,ERR,50.0,60.0,100,0.0,0.0,0.0,0.0,0.0,0.0,0.0,0.0,0.0,0.0,0.0,0.0,0.0,0.0,0.0,0.0,62.0,65,20,65521,50,65476,0,300,0,0,8,20529,65476,0,0,26214,60.0,0.0,0.0,0.0,0.0,0.0
2026-05-17T16:30:59,ERR,ERR,ERR,ERR,ERR,ERR,ERR,ERR,ERR,ERR,ERR,ERR,ERR,ERR,ERR,ERR,ERR,ERR,ERR,ERR,ERR,ERR,ERR,ERR,ERR,ERR,ERR,ERR,ERR,ERR,ERR,ERR,ERR,ERR,ERR,ERR,ERR,ERR,ERR,ERR,ERR,ERR,ERR,ERR,ERR,ERR,ERR,ERR,ERR,ERR,ERR,ERR,ERR,ERR,ERR,ERR,ERR,ERR,ERR,ERR,ERR,ERR,ERR,ERR,ERR,ERR,ERR,ERR,ERR,ERR,ERR,ERR,ERR,ERR,ERR,ERR,ERR,ERR,ERR,ERR,ERR,ERR,ERR,ERR,ERR,ERR,ERR,ERR,ERR,ERR,ERR,ERR,ERR,ERR,ERR,ERR,ERR,ERR,ERR,ERR,ERR,ERR,ERR,ERR,ERR,ERR,ERR,ERR,ERR,ERR,ERR,ERR,ERR,ERR,ERR,ERR,ERR,ERR,ERR,ERR,ERR,ERR,ERR,ERR,ERR,0.0,-107615288.0,-0.0,0.0,0.0,1.3936040501711995e+18,7.805,0.0,0,0,4,0,8422,0.0,45,0.0,0.0,0.0,0.0,0.0,0,0,0,0,0.0,0,0,0,0,0,0,0,0,0,0,0,0,0,0,0,0,0,0,0,0,0,0,0,0,0,0,0,0,0,0,0,0,0,38,14,7,45,65476,0,300,0,0,8,21553,0.0,-107605600.0,0.0,0.0,0.0,0.0,0.0,0.0,0.0,0.0,0.0,0.0,0.0,0.0,0.0,0.0,0.0,0.0,0.0,0.0,0.0,0.0,0.0,-2.004,-0.0,0.0,0.0,0.0,0.0,0.0,5039.0,131350.453,0.0,0.0,-107615288.0,0.0,-0.0,0.0,0.0,0.0,0.0,53,2.3088403658719416e+20,126840545280.0,0.0,0.0,0.0,0.0,0.0,0.0,0.0,0,0,0,0.0,0.0,0.0,0.0,0.0,0.0,0.0,0.0,0.0,0.0,0.0,0.0,0.0,0.0,0.0,0.0,0,-107875648.0,53,0.0,106,-107614832.0,-107350944.0,ERR,ERR,ERR,ERR,ERR,ERR,ERR,ERR,ERR,ERR,ERR,ERR,ERR,ERR,ERR,ERR,ERR,ERR,ERR,ERR,ERR,ERR,ERR,ERR,ERR,ERR,ERR,ERR,ERR,ERR,ERR,ERR,ERR,ERR,ERR,ERR,ERR,ERR,ERR,ERR,ERR,ERR,ERR,ERR,ERR,ERR,ERR,ERR,ERR,ERR,ERR,ERR,ERR,ERR,ERR,ERR,ERR,ERR,ERR,ERR,ERR,ERR,ERR,ERR,ERR,ERR,ERR,50.0,60.0,100,0.0,0.0,0.0,0.0,0.0,0.0,0.0,0.0,0.0,0.0,0.0,0.0,0.0,0.0,0.0,0.0,62.0,65,20,65521,50,65476,0,300,0,0,8,20529,65476,0,0,26214,60.0,0.0,0.0,0.0,0.0,0.0
2026-05-17T16:31:00,ERR,ERR,ERR,ERR,ERR,ERR,ERR,ERR,ERR,ERR,ERR,ERR,ERR,ERR,ERR,ERR,ERR,ERR,ERR,ERR,ERR,ERR,ERR,ERR,ERR,ERR,ERR,ERR,ERR,ERR,ERR,ERR,ERR,ERR,ERR,ERR,ERR,ERR,ERR,ERR,ERR,ERR,ERR,ERR,ERR,ERR,ERR,ERR,ERR,ERR,ERR,ERR,ERR,ERR,ERR,ERR,ERR,ERR,ERR,ERR,ERR,ERR,ERR,ERR,ERR,ERR,ERR,ERR,ERR,ERR,ERR,ERR,ERR,ERR,ERR,ERR,ERR,ERR,ERR,ERR,ERR,ERR,ERR,ERR,ERR,ERR,ERR,ERR,ERR,ERR,ERR,ERR,ERR,ERR,ERR,ERR,ERR,ERR,ERR,ERR,ERR,ERR,ERR,ERR,ERR,ERR,ERR,ERR,ERR,ERR,ERR,ERR,ERR,ERR,ERR,ERR,ERR,ERR,ERR,ERR,ERR,ERR,ERR,ERR,ERR,0.0,-107615288.0,-0.0,0.0,0.0,1.3936040501711995e+18,7.805,0.0,0,0,4,0,8422,0.0,45,0.0,0.0,0.0,0.0,0.0,0,0,0,0,0.0,0,0,0,0,0,0,0,0,0,0,0,0,0,0,0,0,0,0,0,0,0,0,0,0,0,0,0,0,0,0,0,0,0,38,14,7,45,65476,0,300,0,0,8,21553,0.0,-107605600.0,0.0,0.0,0.0,0.0,0.0,0.0,0.0,0.0,0.0,0.0,0.0,0.0,0.0,0.0,0.0,0.0,0.0,0.0,0.0,0.0,0.0,-2.004,-0.0,0.0,0.0,0.0,0.0,0.0,5039.0,131350.453,0.0,0.0,-107615288.0,0.0,-0.0,0.0,0.0,0.0,0.0,53,2.3088403658719416e+20,126840545280.0,0.0,0.0,0.0,0.0,0.0,0.0,0.0,0,0,0,0.0,0.0,0.0,0.0,0.0,0.0,0.0,0.0,0.0,0.0,0.0,0.0,0.0,0.0,0.0,0.0,0,-107875648.0,53,0.0,106,-107614832.0,-107350944.0,ERR,ERR,ERR,ERR,ERR,ERR,ERR,ERR,ERR,ERR,ERR,ERR,ERR,ERR,ERR,ERR,ERR,ERR,ERR,ERR,ERR,ERR,ERR,ERR,ERR,ERR,ERR,ERR,ERR,ERR,ERR,ERR,ERR,ERR,ERR,ERR,ERR,ERR,ERR,ERR,ERR,ERR,ERR,ERR,ERR,ERR,ERR,ERR,ERR,ERR,ERR,ERR,ERR,ERR,ERR,ERR,ERR,ERR,ERR,ERR,ERR,ERR,ERR,ERR,ERR,ERR,ERR,50.0,60.0,100,0.0,0.0,0.0,0.0,0.0,0.0,0.0,0.0,0.0,0.0,0.0,0.0,0.0,0.0,0.0,0.0,61.6,65,20,65521,50,65476,0,300,0,0,8,20529,65476,0,0,26214,60.0,0.0,0.0,0.0,0.0,0.0
2026-05-17T16:31:01,ERR,ERR,ERR,ERR,ERR,ERR,ERR,ERR,ERR,ERR,ERR,ERR,ERR,ERR,ERR,ERR,ERR,ERR,ERR,ERR,ERR,ERR,ERR,ERR,ERR,ERR,ERR,ERR,ERR,ERR,ERR,ERR,ERR,ERR,ERR,ERR,ERR,ERR,ERR,ERR,ERR,ERR,ERR,ERR,ERR,ERR,ERR,ERR,ERR,ERR,ERR,ERR,ERR,ERR,ERR,ERR,ERR,ERR,ERR,ERR,ERR,ERR,ERR,ERR,ERR,ERR,ERR,ERR,ERR,ERR,ERR,ERR,ERR,ERR,ERR,ERR,ERR,ERR,ERR,ERR,ERR,ERR,ERR,ERR,ERR,ERR,ERR,ERR,ERR,ERR,ERR,ERR,ERR,ERR,ERR,ERR,ERR,ERR,ERR,ERR,ERR,ERR,ERR,ERR,ERR,ERR,ERR,ERR,ERR,ERR,ERR,ERR,ERR,ERR,ERR,ERR,ERR,ERR,ERR,ERR,ERR,ERR,ERR,ERR,ERR,0.0,-107615288.0,-0.0,0.0,0.0,1.3936040501711995e+18,7.805,0.0,0,0,4,0,8422,0.0,45,0.0,0.0,0.0,0.0,0.0,0,0,0,0,0.0,0,0,0,0,0,0,0,0,0,0,0,0,0,0,0,0,0,0,0,0,0,0,0,0,0,0,0,0,0,0,0,0,0,38,14,7,45,65476,0,300,0,0,8,21553,0.0,-107605600.0,0.0,0.0,0.0,0.0,0.0,0.0,0.0,0.0,0.0,0.0,0.0,0.0,0.0,0.0,0.0,0.0,0.0,0.0,0.0,0.0,0.0,-2.004,-0.0,0.0,0.0,0.0,0.0,0.0,5039.0,131350.453,0.0,0.0,-107615288.0,0.0,-0.0,0.0,0.0,0.0,0.0,53,2.3088403658719416e+20,126840545280.0,0.0,0.0,0.0,0.0,0.0,0.0,0.0,0,0,0,0.0,0.0,0.0,0.0,0.0,0.0,0.0,0.0,0.0,0.0,0.0,0.0,0.0,0.0,0.0,0.0,0,-107875648.0,53,0.0,106,-107614832.0,-107350944.0,ERR,ERR,ERR,ERR,ERR,ERR,ERR,ERR,ERR,ERR,ERR,ERR,ERR,ERR,ERR,ERR,ERR,ERR,ERR,ERR,ERR,ERR,ERR,ERR,ERR,ERR,ERR,ERR,ERR,ERR,ERR,ERR,ERR,ERR,ERR,ERR,ERR,ERR,ERR,ERR,ERR,ERR,ERR,ERR,ERR,ERR,ERR,ERR,ERR,ERR,ERR,ERR,ERR,ERR,ERR,ERR,ERR,ERR,ERR,ERR,ERR,ERR,ERR,ERR,ERR,ERR,ERR,50.0,60.0,100,0.0,0.0,0.0,0.0,0.0,0.0,0.0,0.0,0.0,0.0,0.0,0.0,0.0,0.0,0.0,0.0,61.6,65,20,65521,50,65476,0,300,0,0,8,20529,65476,0,0,26214,60.0,0.0,0.0,0.0,0.0,0.0
2026-05-17T16:31:02,ERR,ERR,ERR,ERR,ERR,ERR,ERR,ERR,ERR,ERR,ERR,ERR,ERR,ERR,ERR,ERR,ERR,ERR,ERR,ERR,ERR,ERR,ERR,ERR,ERR,ERR,ERR,ERR,ERR,ERR,ERR,ERR,ERR,ERR,ERR,ERR,ERR,ERR,ERR,ERR,ERR,ERR,ERR,ERR,ERR,ERR,ERR,ERR,ERR,ERR,ERR,ERR,ERR,ERR,ERR,ERR,ERR,ERR,ERR,ERR,ERR,ERR,ERR,ERR,ERR,ERR,ERR,ERR,ERR,ERR,ERR,ERR,ERR,ERR,ERR,ERR,ERR,ERR,ERR,ERR,ERR,ERR,ERR,ERR,ERR,ERR,ERR,ERR,ERR,ERR,ERR,ERR,ERR,ERR,ERR,ERR,ERR,ERR,ERR,ERR,ERR,ERR,ERR,ERR,ERR,ERR,ERR,ERR,ERR,ERR,ERR,ERR,ERR,ERR,ERR,ERR,ERR,ERR,ERR,ERR,ERR,ERR,ERR,ERR,ERR,0.0,-107615288.0,-0.0,0.0,0.0,1.3936040501711995e+18,7.805,0.0,0,0,4,0,8422,0.0,45,0.0,0.0,0.0,0.0,0.0,0,0,0,0,0.0,0,0,0,0,0,0,0,0,0,0,0,0,0,0,0,0,0,0,0,0,0,0,0,0,0,0,0,0,0,0,0,0,0,38,14,7,45,65476,0,300,0,0,8,21553,0.0,-107605600.0,0.0,0.0,0.0,0.0,0.0,0.0,0.0,0.0,0.0,0.0,0.0,0.0,0.0,0.0,0.0,0.0,0.0,0.0,0.0,0.0,0.0,-2.004,-0.0,0.0,0.0,0.0,0.0,0.0,5003.0,-0.0,0.0,0.0,-107615288.0,0.0,-0.0,0.0,0.0,0.0,0.0,53,107615344.0,5.848055683159391e+35,0.0,0.0,0.0,0.0,0.0,0.0,0.0,0,0,0,0.0,0.0,0.0,0.0,0.0,0.0,0.0,0.0,0.0,0.0,0.0,0.0,0.0,0.0,0.0,0.0,0,-107875648.0,53,0.0,106,-107614832.0,2.7006707062415038e+23,ERR,ERR,ERR,ERR,ERR,ERR,ERR,ERR,ERR,ERR,ERR,ERR,ERR,ERR,ERR,ERR,ERR,ERR,ERR,ERR,ERR,ERR,ERR,ERR,ERR,ERR,ERR,ERR,ERR,ERR,ERR,ERR,ERR,ERR,ERR,ERR,ERR,ERR,ERR,ERR,ERR,ERR,ERR,ERR,ERR,ERR,ERR,ERR,ERR,ERR,ERR,ERR,ERR,ERR,ERR,ERR,ERR,ERR,ERR,ERR,ERR,ERR,ERR,ERR,ERR,ERR,ERR,50.0,60.0,100,0.0,0.0,0.0,0.0,0.0,0.0,0.0,0.0,0.0,0.0,0.0,0.0,0.0,0.0,0.0,0.0,61.6,65,20,65521,50,65476,0,300,0,0,8,20529,65476,0,0,26214,60.0,0.0,0.0,0.0,0.0,0.0
2026-05-17T16:31:03,ERR,ERR,ERR,ERR,ERR,ERR,ERR,ERR,ERR,ERR,ERR,ERR,ERR,ERR,ERR,ERR,ERR,ERR,ERR,ERR,ERR,ERR,ERR,ERR,ERR,ERR,ERR,ERR,ERR,ERR,ERR,ERR,ERR,ERR,ERR,ERR,ERR,ERR,ERR,ERR,ERR,ERR,ERR,ERR,ERR,ERR,ERR,ERR,ERR,ERR,ERR,ERR,ERR,ERR,ERR,ERR,ERR,ERR,ERR,ERR,ERR,ERR,ERR,ERR,ERR,ERR,ERR,ERR,ERR,ERR,ERR,ERR,ERR,ERR,ERR,ERR,ERR,ERR,ERR,ERR,ERR,ERR,ERR,ERR,ERR,ERR,ERR,ERR,ERR,ERR,ERR,ERR,ERR,ERR,ERR,ERR,ERR,ERR,ERR,ERR,ERR,ERR,ERR,ERR,ERR,ERR,ERR,ERR,ERR,ERR,ERR,ERR,ERR,ERR,ERR,ERR,ERR,ERR,ERR,ERR,ERR,ERR,ERR,ERR,ERR,0.0,-107615288.0,-0.0,0.0,0.0,1.3936040501711995e+18,7.805,0.0,0,0,4,0,8422,0.0,45,0.0,0.0,0.0,0.0,0.0,0,0,0,0,0.0,0,0,0,0,0,0,0,0,0,0,0,0,0,0,0,0,0,0,0,0,0,0,0,0,0,0,0,0,0,0,0,0,0,38,14,7,45,65476,0,300,0,0,8,21553,0.0,-107605600.0,0.0,0.0,0.0,0.0,0.0,0.0,0.0,0.0,0.0,0.0,0.0,0.0,0.0,0.0,0.0,0.0,0.0,0.0,0.0,0.0,0.0,-2.004,-0.0,0.0,0.0,0.0,0.0,0.0,5003.0,-0.0,0.0,0.0,-107615288.0,0.0,-0.0,0.0,0.0,0.0,0.0,53,107615344.0,5.848055683159391e+35,0.0,0.0,0.0,0.0,0.0,0.0,0.0,0,0,0,0.0,0.0,0.0,0.0,0.0,0.0,0.0,0.0,0.0,0.0,0.0,0.0,0.0,0.0,0.0,0.0,0,-107875648.0,53,0.0,106,-107614832.0,2.7006707062415038e+23,ERR,ERR,ERR,ERR,ERR,ERR,ERR,ERR,ERR,ERR,ERR,ERR,ERR,ERR,ERR,ERR,ERR,ERR,ERR,ERR,ERR,ERR,ERR,ERR,ERR,ERR,ERR,ERR,ERR,ERR,ERR,ERR,ERR,ERR,ERR,ERR,ERR,ERR,ERR,ERR,ERR,ERR,ERR,ERR,ERR,ERR,ERR,ERR,ERR,ERR,ERR,ERR,ERR,ERR,ERR,ERR,ERR,ERR,ERR,ERR,ERR,ERR,ERR,ERR,ERR,ERR,ERR,50.0,60.0,100,0.0,0.0,0.0,0.0,0.0,0.0,0.0,0.0,0.0,0.0,0.0,0.0,0.0,0.0,0.0,0.0,61.6,65,20,65521,50,65476,0,300,0,0,8,20529,65476,0,0,26214,60.0,0.0,0.0,0.0,0.0,0.0
2026-05-17T16:31:04,ERR,ERR,ERR,ERR,ERR,ERR,ERR,ERR,ERR,ERR,ERR,ERR,ERR,ERR,ERR,ERR,ERR,ERR,ERR,ERR,ERR,ERR,ERR,ERR,ERR,ERR,ERR,ERR,ERR,ERR,ERR,ERR,ERR,ERR,ERR,ERR,ERR,ERR,ERR,ERR,ERR,ERR,ERR,ERR,ERR,ERR,ERR,ERR,ERR,ERR,ERR,ERR,ERR,ERR,ERR,ERR,ERR,ERR,ERR,ERR,ERR,ERR,ERR,ERR,ERR,ERR,ERR,ERR,ERR,ERR,ERR,ERR,ERR,ERR,ERR,ERR,ERR,ERR,ERR,ERR,ERR,ERR,ERR,ERR,ERR,ERR,ERR,ERR,ERR,ERR,ERR,ERR,ERR,ERR,ERR,ERR,ERR,ERR,ERR,ERR,ERR,ERR,ERR,ERR,ERR,ERR,ERR,ERR,ERR,ERR,ERR,ERR,ERR,ERR,ERR,ERR,ERR,ERR,ERR,ERR,ERR,ERR,ERR,ERR,ERR,0.0,-107615288.0,-0.0,0.0,0.0,1.3936040501711995e+18,7.805,0.0,0,0,4,0,8422,0.0,45,0.0,0.0,0.0,0.0,0.0,0,0,0,0,0.0,0,0,0,0,0,0,0,0,0,0,0,0,0,0,0,0,0,0,0,0,0,0,0,0,0,0,0,0,0,0,0,0,0,38,14,7,45,65476,0,300,0,0,8,21553,0.0,-107605600.0,0.0,0.0,0.0,0.0,0.0,0.0,0.0,0.0,0.0,0.0,0.0,0.0,0.0,0.0,0.0,0.0,0.0,0.0,0.0,0.0,0.0,-2.004,-0.0,0.0,0.0,0.0,0.0,0.0,5003.0,-0.0,0.0,0.0,-107615288.0,0.0,-0.0,0.0,0.0,0.0,0.0,53,107615344.0,5.848055683159391e+35,0.0,0.0,0.0,0.0,0.0,0.0,0.0,0,0,0,0.0,0.0,0.0,0.0,0.0,0.0,0.0,0.0,0.0,0.0,0.0,0.0,0.0,0.0,0.0,0.0,0,-107875648.0,53,0.0,106,-107614832.0,2.7006707062415038e+23,ERR,ERR,ERR,ERR,ERR,ERR,ERR,ERR,ERR,ERR,ERR,ERR,ERR,ERR,ERR,ERR,ERR,ERR,ERR,ERR,ERR,ERR,ERR,ERR,ERR,ERR,ERR,ERR,ERR,ERR,ERR,ERR,ERR,ERR,ERR,ERR,ERR,ERR,ERR,ERR,ERR,ERR,ERR,ERR,ERR,ERR,ERR,ERR,ERR,ERR,ERR,ERR,ERR,ERR,ERR,ERR,ERR,ERR,ERR,ERR,ERR,ERR,ERR,ERR,ERR,ERR,ERR,50.0,60.0,100,0.0,0.0,0.0,0.0,0.0,0.0,0.0,0.0,0.0,0.0,0.0,0.0,0.0,0.0,0.0,0.0,61.6,65,20,65521,50,65476,0,300,0,0,8,20529,65476,0,0,26214,60.0,0.0,0.0,0.0,0.0,0.0
2026-05-17T16:31:05,ERR,ERR,ERR,ERR,ERR,ERR,ERR,ERR,ERR,ERR,ERR,ERR,ERR,ERR,ERR,ERR,ERR,ERR,ERR,ERR,ERR,ERR,ERR,ERR,ERR,ERR,ERR,ERR,ERR,ERR,ERR,ERR,ERR,ERR,ERR,ERR,ERR,ERR,ERR,ERR,ERR,ERR,ERR,ERR,ERR,ERR,ERR,ERR,ERR,ERR,ERR,ERR,ERR,ERR,ERR,ERR,ERR,ERR,ERR,ERR,ERR,ERR,ERR,ERR,ERR,ERR,ERR,ERR,ERR,ERR,ERR,ERR,ERR,ERR,ERR,ERR,ERR,ERR,ERR,ERR,ERR,ERR,ERR,ERR,ERR,ERR,ERR,ERR,ERR,ERR,ERR,ERR,ERR,ERR,ERR,ERR,ERR,ERR,ERR,ERR,ERR,ERR,ERR,ERR,ERR,ERR,ERR,ERR,ERR,ERR,ERR,ERR,ERR,ERR,ERR,ERR,ERR,ERR,ERR,ERR,ERR,ERR,ERR,ERR,ERR,0.0,-107615288.0,-0.0,0.0,0.0,1.3936040501711995e+18,7.805,0.0,0,0,4,0,8422,0.0,45,0.0,0.0,0.0,0.0,0.0,0,0,0,0,0.0,0,0,0,0,0,0,0,0,0,0,0,0,0,0,0,0,0,0,0,0,0,0,0,0,0,0,0,0,0,0,0,0,0,38,14,7,45,65476,0,300,0,0,8,21553,0.0,-107605600.0,0.0,0.0,0.0,0.0,0.0,0.0,0.0,0.0,0.0,0.0,0.0,0.0,0.0,0.0,0.0,0.0,0.0,0.0,0.0,0.0,0.0,-2.004,-0.0,0.0,0.0,0.0,0.0,0.0,5003.0,-0.0,0.0,0.0,-107615288.0,0.0,-0.0,0.0,0.0,0.0,0.0,53,107615344.0,5.848055683159391e+35,0.0,0.0,0.0,0.0,0.0,0.0,0.0,0,0,0,0.0,0.0,0.0,0.0,0.0,0.0,0.0,0.0,0.0,0.0,0.0,0.0,0.0,0.0,0.0,0.0,0,-107875648.0,53,0.0,106,-107614832.0,2.7006707062415038e+23,ERR,ERR,ERR,ERR,ERR,ERR,ERR,ERR,ERR,ERR,ERR,ERR,ERR,ERR,ERR,ERR,ERR,ERR,ERR,ERR,ERR,ERR,ERR,ERR,ERR,ERR,ERR,ERR,ERR,ERR,ERR,ERR,ERR,ERR,ERR,ERR,ERR,ERR,ERR,ERR,ERR,ERR,ERR,ERR,ERR,ERR,ERR,ERR,ERR,ERR,ERR,ERR,ERR,ERR,ERR,ERR,ERR,ERR,ERR,ERR,ERR,ERR,ERR,ERR,ERR,ERR,ERR,50.0,60.0,100,0.0,0.0,0.0,0.0,0.0,0.0,0.0,0.0,0.0,0.0,0.0,0.0,0.0,0.0,0.0,0.0,61.6,65,20,65521,50,65476,0,300,0,0,8,20529,65476,0,0,26214,60.0,0.0,0.0,0.0,0.0,0.0
2026-05-17T16:31:06,ERR,ERR,ERR,ERR,ERR,ERR,ERR,ERR,ERR,ERR,ERR,ERR,ERR,ERR,ERR,ERR,ERR,ERR,ERR,ERR,ERR,ERR,ERR,ERR,ERR,ERR,ERR,ERR,ERR,ERR,ERR,ERR,ERR,ERR,ERR,ERR,ERR,ERR,ERR,ERR,ERR,ERR,ERR,ERR,ERR,ERR,ERR,ERR,ERR,ERR,ERR,ERR,ERR,ERR,ERR,ERR,ERR,ERR,ERR,ERR,ERR,ERR,ERR,ERR,ERR,ERR,ERR,ERR,ERR,ERR,ERR,ERR,ERR,ERR,ERR,ERR,ERR,ERR,ERR,ERR,ERR,ERR,ERR,ERR,ERR,ERR,ERR,ERR,ERR,ERR,ERR,ERR,ERR,ERR,ERR,ERR,ERR,ERR,ERR,ERR,ERR,ERR,ERR,ERR,ERR,ERR,ERR,ERR,ERR,ERR,ERR,ERR,ERR,ERR,ERR,ERR,ERR,ERR,ERR,ERR,ERR,ERR,ERR,ERR,ERR,0.0,-107615288.0,-0.0,0.0,0.0,1.3936040501711995e+18,7.805,0.0,0,0,4,0,8422,0.0,45,0.0,0.0,0.0,0.0,0.0,0,0,0,0,0.0,0,0,0,0,0,0,0,0,0,0,0,0,0,0,0,0,0,0,0,0,0,0,0,0,0,0,0,0,0,0,0,0,0,38,14,7,45,65476,0,300,0,0,8,21553,0.0,-107605600.0,0.0,0.0,0.0,0.0,0.0,0.0,0.0,0.0,0.0,0.0,0.0,0.0,0.0,0.0,0.0,0.0,0.0,0.0,0.0,0.0,0.0,-2.004,-0.0,0.0,0.0,0.0,0.0,0.0,5003.0,-0.0,0.0,0.0,-107615288.0,0.0,-0.0,0.0,0.0,0.0,0.0,53,107615344.0,5.848055683159391e+35,0.0,0.0,0.0,0.0,0.0,0.0,0.0,0,0,0,0.0,0.0,0.0,0.0,0.0,0.0,0.0,0.0,0.0,0.0,0.0,0.0,0.0,0.0,0.0,0.0,0,-107875648.0,53,0.0,106,-107614832.0,2.7006707062415038e+23,ERR,ERR,ERR,ERR,ERR,ERR,ERR,ERR,ERR,ERR,ERR,ERR,ERR,ERR,ERR,ERR,ERR,ERR,ERR,ERR,ERR,ERR,ERR,ERR,ERR,ERR,ERR,ERR,ERR,ERR,ERR,ERR,ERR,ERR,ERR,ERR,ERR,ERR,ERR,ERR,ERR,ERR,ERR,ERR,ERR,ERR,ERR,ERR,ERR,ERR,ERR,ERR,ERR,ERR,ERR,ERR,ERR,ERR,ERR,ERR,ERR,ERR,ERR,ERR,ERR,ERR,ERR,50.0,60.0,100,0.0,0.0,0.0,0.0,0.0,0.0,0.0,0.0,0.0,0.0,0.0,0.0,0.0,0.0,0.0,0.0,61.6,65,20,65521,50,65476,0,300,0,0,8,20529,65476,0,0,26214,60.0,0.0,0.0,0.0,0.0,0.0
2026-05-17T16:31:07,ERR,ERR,ERR,ERR,ERR,ERR,ERR,ERR,ERR,ERR,ERR,ERR,ERR,ERR,ERR,ERR,ERR,ERR,ERR,ERR,ERR,ERR,ERR,ERR,ERR,ERR,ERR,ERR,ERR,ERR,ERR,ERR,ERR,ERR,ERR,ERR,ERR,ERR,ERR,ERR,ERR,ERR,ERR,ERR,ERR,ERR,ERR,ERR,ERR,ERR,ERR,ERR,ERR,ERR,ERR,ERR,ERR,ERR,ERR,ERR,ERR,ERR,ERR,ERR,ERR,ERR,ERR,ERR,ERR,ERR,ERR,ERR,ERR,ERR,ERR,ERR,ERR,ERR,ERR,ERR,ERR,ERR,ERR,ERR,ERR,ERR,ERR,ERR,ERR,ERR,ERR,ERR,ERR,ERR,ERR,ERR,ERR,ERR,ERR,ERR,ERR,ERR,ERR,ERR,ERR,ERR,ERR,ERR,ERR,ERR,ERR,ERR,ERR,ERR,ERR,ERR,ERR,ERR,ERR,ERR,ERR,ERR,ERR,ERR,ERR,0.0,-107615288.0,-0.0,0.0,0.0,1.3936040501711995e+18,7.805,0.0,0,0,4,0,8422,0.0,45,0.0,0.0,0.0,0.0,0.0,0,0,0,0,0.0,0,0,0,0,0,0,0,0,0,0,0,0,0,0,0,0,0,0,0,0,0,0,0,0,0,0,0,0,0,0,0,0,0,38,14,7,45,65476,0,300,0,0,8,21553,0.0,-107605600.0,0.0,0.0,0.0,0.0,0.0,0.0,0.0,0.0,0.0,0.0,0.0,0.0,0.0,0.0,0.0,0.0,0.0,0.0,0.0,0.0,0.0,-2.004,-0.0,0.0,0.0,0.0,0.0,0.0,5035.0,2.004,0.0,0.0,-107615288.0,0.0,-0.0,0.0,0.0,0.0,0.0,53,107615344.0,89220.57,0.0,0.0,0.0,0.0,0.0,0.0,0.0,0,0,0,0.0,0.0,0.0,0.0,0.0,0.0,0.0,0.0,0.0,0.0,0.0,0.0,0.0,0.0,0.0,0.0,0,-107875648.0,53,0.0,106,-107614832.0,2.7006707062415038e+23,ERR,ERR,ERR,ERR,ERR,ERR,ERR,ERR,ERR,ERR,ERR,ERR,ERR,ERR,ERR,ERR,ERR,ERR,ERR,ERR,ERR,ERR,ERR,ERR,ERR,ERR,ERR,ERR,ERR,ERR,ERR,ERR,ERR,ERR,ERR,ERR,ERR,ERR,ERR,ERR,ERR,ERR,ERR,ERR,ERR,ERR,ERR,ERR,ERR,ERR,ERR,ERR,ERR,ERR,ERR,ERR,ERR,ERR,ERR,ERR,ERR,ERR,ERR,ERR,ERR,ERR,ERR,50.0,60.0,100,0.0,0.0,0.0,0.0,0.0,0.0,0.0,0.0,0.0,0.0,0.0,0.0,0.0,0.0,0.0,0.0,61.6,65,20,65521,50,65476,0,300,0,0,8,20529,65476,0,0,26214,60.0,0.0,0.0,0.0,0.0,0.0
2026-05-17T16:31:08,ERR,ERR,ERR,ERR,ERR,ERR,ERR,ERR,ERR,ERR,ERR,ERR,ERR,ERR,ERR,ERR,ERR,ERR,ERR,ERR,ERR,ERR,ERR,ERR,ERR,ERR,ERR,ERR,ERR,ERR,ERR,ERR,ERR,ERR,ERR,ERR,ERR,ERR,ERR,ERR,ERR,ERR,ERR,ERR,ERR,ERR,ERR,ERR,ERR,ERR,ERR,ERR,ERR,ERR,ERR,ERR,ERR,ERR,ERR,ERR,ERR,ERR,ERR,ERR,ERR,ERR,ERR,ERR,ERR,ERR,ERR,ERR,ERR,ERR,ERR,ERR,ERR,ERR,ERR,ERR,ERR,ERR,ERR,ERR,ERR,ERR,ERR,ERR,ERR,ERR,ERR,ERR,ERR,ERR,ERR,ERR,ERR,ERR,ERR,ERR,ERR,ERR,ERR,ERR,ERR,ERR,ERR,ERR,ERR,ERR,ERR,ERR,ERR,ERR,ERR,ERR,ERR,ERR,ERR,ERR,ERR,ERR,ERR,ERR,ERR,0.0,-107615288.0,-0.0,0.0,0.0,1.3936040501711995e+18,7.805,0.0,0,0,4,0,8422,0.0,45,0.0,0.0,0.0,0.0,0.0,0,0,0,0,0.0,0,0,0,0,0,0,0,0,0,0,0,0,0,0,0,0,0,0,0,0,0,0,0,0,0,0,0,0,0,0,0,0,0,38,14,7,45,65476,0,300,0,0,8,21553,0.0,-107605600.0,0.0,0.0,0.0,0.0,0.0,0.0,0.0,0.0,0.0,0.0,0.0,0.0,0.0,0.0,0.0,0.0,0.0,0.0,0.0,0.0,0.0,-2.004,-0.0,0.0,0.0,0.0,0.0,0.0,5035.0,2.004,0.0,0.0,-107615288.0,0.0,-0.0,0.0,0.0,0.0,0.0,53,107615344.0,89220.57,0.0,0.0,0.0,0.0,0.0,0.0,0.0,0,0,0,0.0,0.0,0.0,0.0,0.0,0.0,0.0,0.0,0.0,0.0,0.0,0.0,0.0,0.0,0.0,0.0,0,-107875648.0,53,0.0,106,-107614832.0,2.7006707062415038e+23,ERR,ERR,ERR,ERR,ERR,ERR,ERR,ERR,ERR,ERR,ERR,ERR,ERR,ERR,ERR,ERR,ERR,ERR,ERR,ERR,ERR,ERR,ERR,ERR,ERR,ERR,ERR,ERR,ERR,ERR,ERR,ERR,ERR,ERR,ERR,ERR,ERR,ERR,ERR,ERR,ERR,ERR,ERR,ERR,ERR,ERR,ERR,ERR,ERR,ERR,ERR,ERR,ERR,ERR,ERR,ERR,ERR,ERR,ERR,ERR,ERR,ERR,ERR,ERR,ERR,ERR,ERR,50.0,60.0,100,0.0,0.0,0.0,0.0,0.0,0.0,0.0,0.0,0.0,0.0,0.0,0.0,0.0,0.0,0.0,0.0,61.6,65,20,65521,50,65476,0,300,0,0,8,20529,65476,0,0,26214,60.0,0.0,0.0,0.0,0.0,0.0
2026-05-17T16:31:09,ERR,ERR,ERR,ERR,ERR,ERR,ERR,ERR,ERR,ERR,ERR,ERR,ERR,ERR,ERR,ERR,ERR,ERR,ERR,ERR,ERR,ERR,ERR,ERR,ERR,ERR,ERR,ERR,ERR,ERR,ERR,ERR,ERR,ERR,ERR,ERR,ERR,ERR,ERR,ERR,ERR,ERR,ERR,ERR,ERR,ERR,ERR,ERR,ERR,ERR,ERR,ERR,ERR,ERR,ERR,ERR,ERR,ERR,ERR,ERR,ERR,ERR,ERR,ERR,ERR,ERR,ERR,ERR,ERR,ERR,ERR,ERR,ERR,ERR,ERR,ERR,ERR,ERR,ERR,ERR,ERR,ERR,ERR,ERR,ERR,ERR,ERR,ERR,ERR,ERR,ERR,ERR,ERR,ERR,ERR,ERR,ERR,ERR,ERR,ERR,ERR,ERR,ERR,ERR,ERR,ERR,ERR,ERR,ERR,ERR,ERR,ERR,ERR,ERR,ERR,ERR,ERR,ERR,ERR,ERR,ERR,ERR,ERR,ERR,ERR,0.0,-107615288.0,-0.0,0.0,0.0,1.3936040501711995e+18,7.805,0.0,0,0,4,0,8422,0.0,45,0.0,0.0,0.0,0.0,0.0,0,0,0,0,0.0,0,0,0,0,0,0,0,0,0,0,0,0,0,0,0,0,0,0,0,0,0,0,0,0,0,0,0,0,0,0,0,0,0,38,14,7,45,65476,0,300,0,0,8,21553,0.0,-107605600.0,0.0,0.0,0.0,0.0,0.0,0.0,0.0,0.0,0.0,0.0,0.0,0.0,0.0,0.0,0.0,0.0,0.0,0.0,0.0,0.0,0.0,-2.004,-0.0,0.0,0.0,0.0,0.0,0.0,5035.0,2.004,0.0,0.0,-107615288.0,0.0,-0.0,0.0,0.0,0.0,0.0,53,107615344.0,89220.57,0.0,0.0,0.0,0.0,0.0,0.0,0.0,0,0,0,0.0,0.0,0.0,0.0,0.0,0.0,0.0,0.0,0.0,0.0,0.0,0.0,0.0,0.0,0.0,0.0,0,-107875648.0,53,0.0,106,-107614832.0,2.7006707062415038e+23,ERR,ERR,ERR,ERR,ERR,ERR,ERR,ERR,ERR,ERR,ERR,ERR,ERR,ERR,ERR,ERR,ERR,ERR,ERR,ERR,ERR,ERR,ERR,ERR,ERR,ERR,ERR,ERR,ERR,ERR,ERR,ERR,ERR,ERR,ERR,ERR,ERR,ERR,ERR,ERR,ERR,ERR,ERR,ERR,ERR,ERR,ERR,ERR,ERR,ERR,ERR,ERR,ERR,ERR,ERR,ERR,ERR,ERR,ERR,ERR,ERR,ERR,ERR,ERR,ERR,ERR,ERR,50.0,60.0,100,0.0,0.0,0.0,0.0,0.0,0.0,0.0,0.0,0.0,0.0,0.0,0.0,0.0,0.0,0.0,0.0,61.6,65,20,65521,50,65476,0,300,0,0,8,20529,65476,0,0,26214,60.0,0.0,0.0,0.0,0.0,0.0
2026-05-17T16:31:10,ERR,ERR,ERR,ERR,ERR,ERR,ERR,ERR,ERR,ERR,ERR,ERR,ERR,ERR,ERR,ERR,ERR,ERR,ERR,ERR,ERR,ERR,ERR,ERR,ERR,ERR,ERR,ERR,ERR,ERR,ERR,ERR,ERR,ERR,ERR,ERR,ERR,ERR,ERR,ERR,ERR,ERR,ERR,ERR,ERR,ERR,ERR,ERR,ERR,ERR,ERR,ERR,ERR,ERR,ERR,ERR,ERR,ERR,ERR,ERR,ERR,ERR,ERR,ERR,ERR,ERR,ERR,ERR,ERR,ERR,ERR,ERR,ERR,ERR,ERR,ERR,ERR,ERR,ERR,ERR,ERR,ERR,ERR,ERR,ERR,ERR,ERR,ERR,ERR,ERR,ERR,ERR,ERR,ERR,ERR,ERR,ERR,ERR,ERR,ERR,ERR,ERR,ERR,ERR,ERR,ERR,ERR,ERR,ERR,ERR,ERR,ERR,ERR,ERR,ERR,ERR,ERR,ERR,ERR,ERR,ERR,ERR,ERR,ERR,ERR,0.0,-107615288.0,-0.0,0.0,0.0,1.3936040501711995e+18,7.805,0.0,0,0,4,0,8422,0.0,45,0.0,0.0,0.0,0.0,0.0,0,0,0,0,0.0,0,0,0,0,0,0,0,0,0,0,0,0,0,0,0,0,0,0,0,0,0,0,0,0,0,0,0,0,0,0,0,0,0,38,14,7,45,65476,0,300,0,0,8,21553,0.0,-107605600.0,0.0,0.0,0.0,0.0,0.0,0.0,0.0,0.0,0.0,0.0,0.0,0.0,0.0,0.0,0.0,0.0,0.0,0.0,0.0,0.0,0.0,-2.004,-0.0,0.0,0.0,0.0,0.0,0.0,5035.0,2.004,0.0,0.0,-107615288.0,0.0,-0.0,0.0,0.0,0.0,0.0,53,107615344.0,89220.57,0.0,0.0,0.0,0.0,0.0,0.0,0.0,0,0,0,0.0,0.0,0.0,0.0,0.0,0.0,0.0,0.0,0.0,0.0,0.0,0.0,0.0,0.0,0.0,0.0,0,-107875648.0,53,0.0,106,-107614832.0,2.7006707062415038e+23,ERR,ERR,ERR,ERR,ERR,ERR,ERR,ERR,ERR,ERR,ERR,ERR,ERR,ERR,ERR,ERR,ERR,ERR,ERR,ERR,ERR,ERR,ERR,ERR,ERR,ERR,ERR,ERR,ERR,ERR,ERR,ERR,ERR,ERR,ERR,ERR,ERR,ERR,ERR,ERR,ERR,ERR,ERR,ERR,ERR,ERR,ERR,ERR,ERR,ERR,ERR,ERR,ERR,ERR,ERR,ERR,ERR,ERR,ERR,ERR,ERR,ERR,ERR,ERR,ERR,ERR,ERR,50.0,60.0,100,0.0,0.0,0.0,0.0,0.0,0.0,0.0,0.0,0.0,0.0,0.0,0.0,0.0,0.0,0.0,0.0,61.6,65,20,65521,50,65476,0,300,0,0,8,20529,65476,0,0,26214,60.0,0.0,0.0,0.0,0.0,0.0
2026-05-17T16:31:11,ERR,ERR,ERR,ERR,ERR,ERR,ERR,ERR,ERR,ERR,ERR,ERR,ERR,ERR,ERR,ERR,ERR,ERR,ERR,ERR,ERR,ERR,ERR,ERR,ERR,ERR,ERR,ERR,ERR,ERR,ERR,ERR,ERR,ERR,ERR,ERR,ERR,ERR,ERR,ERR,ERR,ERR,ERR,ERR,ERR,ERR,ERR,ERR,ERR,ERR,ERR,ERR,ERR,ERR,ERR,ERR,ERR,ERR,ERR,ERR,ERR,ERR,ERR,ERR,ERR,ERR,ERR,ERR,ERR,ERR,ERR,ERR,ERR,ERR,ERR,ERR,ERR,ERR,ERR,ERR,ERR,ERR,ERR,ERR,ERR,ERR,ERR,ERR,ERR,ERR,ERR,ERR,ERR,ERR,ERR,ERR,ERR,ERR,ERR,ERR,ERR,ERR,ERR,ERR,ERR,ERR,ERR,ERR,ERR,ERR,ERR,ERR,ERR,ERR,ERR,ERR,ERR,ERR,ERR,ERR,ERR,ERR,ERR,ERR,ERR,0.0,-107615288.0,-0.0,0.0,0.0,1.3936040501711995e+18,7.805,0.0,0,0,4,0,8422,0.0,45,0.0,0.0,0.0,0.0,0.0,0,0,0,0,0.0,0,0,0,0,0,0,0,0,0,0,0,0,0,0,0,0,0,0,0,0,0,0,0,0,0,0,0,0,0,0,0,0,0,38,14,7,45,65476,0,300,0,0,8,21553,0.0,-107605600.0,0.0,0.0,0.0,0.0,0.0,0.0,0.0,0.0,0.0,0.0,0.0,0.0,0.0,0.0,0.0,0.0,0.0,0.0,0.0,0.0,0.0,-2.004,-0.0,0.0,0.0,0.0,0.0,0.0,5035.0,2.004,0.0,0.0,-107615288.0,0.0,-0.0,0.0,0.0,0.0,0.0,53,107615344.0,89220.57,0.0,0.0,0.0,0.0,0.0,0.0,0.0,0,0,0,0.0,0.0,0.0,0.0,0.0,0.0,0.0,0.0,0.0,0.0,0.0,0.0,0.0,0.0,0.0,0.0,0,-107875648.0,53,0.0,106,-107614832.0,2.7006707062415038e+23,ERR,ERR,ERR,ERR,ERR,ERR,ERR,ERR,ERR,ERR,ERR,ERR,ERR,ERR,ERR,ERR,ERR,ERR,ERR,ERR,ERR,ERR,ERR,ERR,ERR,ERR,ERR,ERR,ERR,ERR,ERR,ERR,ERR,ERR,ERR,ERR,ERR,ERR,ERR,ERR,ERR,ERR,ERR,ERR,ERR,ERR,ERR,ERR,ERR,ERR,ERR,ERR,ERR,ERR,ERR,ERR,ERR,ERR,ERR,ERR,ERR,ERR,ERR,ERR,ERR,ERR,ERR,50.0,60.0,100,0.0,0.0,0.0,0.0,0.0,0.0,0.0,0.0,0.0,0.0,0.0,0.0,0.0,0.0,0.0,0.0,61.6,65,20,65521,50,65476,0,300,0,0,8,20529,65476,0,0,26214,60.0,0.0,0.0,0.0,0.0,0.0
2026-05-17T16:31:12,ERR,ERR,ERR,ERR,ERR,ERR,ERR,ERR,ERR,ERR,ERR,ERR,ERR,ERR,ERR,ERR,ERR,ERR,ERR,ERR,ERR,ERR,ERR,ERR,ERR,ERR,ERR,ERR,ERR,ERR,ERR,ERR,ERR,ERR,ERR,ERR,ERR,ERR,ERR,ERR,ERR,ERR,ERR,ERR,ERR,ERR,ERR,ERR,ERR,ERR,ERR,ERR,ERR,ERR,ERR,ERR,ERR,ERR,ERR,ERR,ERR,ERR,ERR,ERR,ERR,ERR,ERR,ERR,ERR,ERR,ERR,ERR,ERR,ERR,ERR,ERR,ERR,ERR,ERR,ERR,ERR,ERR,ERR,ERR,ERR,ERR,ERR,ERR,ERR,ERR,ERR,ERR,ERR,ERR,ERR,ERR,ERR,ERR,ERR,ERR,ERR,ERR,ERR,ERR,ERR,ERR,ERR,ERR,ERR,ERR,ERR,ERR,ERR,ERR,ERR,ERR,ERR,ERR,ERR,ERR,ERR,ERR,ERR,ERR,ERR,0.0,-107615288.0,-0.0,0.0,0.0,1.3936040501711995e+18,7.805,0.0,0,0,4,0,8422,0.0,45,0.0,0.0,0.0,0.0,0.0,0,0,0,0,0.0,0,0,0,0,0,0,0,0,0,0,0,0,0,0,0,0,0,0,0,0,0,0,0,0,0,0,0,0,0,0,0,0,0,38,14,7,45,65476,0,300,0,0,8,21553,0.0,-107605600.0,0.0,0.0,0.0,0.0,0.0,0.0,0.0,0.0,0.0,0.0,0.0,0.0,0.0,0.0,0.0,0.0,0.0,0.0,0.0,0.0,0.0,-2.004,-2.004,0.0,0.0,0.0,0.0,0.0,5039.0,-0.0,0.0,0.0,-107615288.0,0.0,-0.0,0.0,0.0,0.0,0.0,53,2.3088403658719416e+20,-0.0,0.0,0.0,0.0,0.0,0.0,0.0,0.0,0,0,0,0.0,0.0,0.0,0.0,0.0,0.0,0.0,0.0,0.0,0.0,0.0,0.0,0.0,0.0,0.0,0.0,0,-107875648.0,53,0.0,106,-107614832.0,2.7006707062415038e+23,ERR,ERR,ERR,ERR,ERR,ERR,ERR,ERR,ERR,ERR,ERR,ERR,ERR,ERR,ERR,ERR,ERR,ERR,ERR,ERR,ERR,ERR,ERR,ERR,ERR,ERR,ERR,ERR,ERR,ERR,ERR,ERR,ERR,ERR,ERR,ERR,ERR,ERR,ERR,ERR,ERR,ERR,ERR,ERR,ERR,ERR,ERR,ERR,ERR,ERR,ERR,ERR,ERR,ERR,ERR,ERR,ERR,ERR,ERR,ERR,ERR,ERR,ERR,ERR,ERR,ERR,ERR,50.0,60.0,100,0.0,0.0,0.0,0.0,0.0,0.0,0.0,0.0,0.0,0.0,0.0,0.0,0.0,0.0,0.0,0.0,61.6,65,20,65521,50,65476,0,300,0,0,8,20529,65476,0,0,26214,60.0,0.0,0.0,0.0,0.0,0.0
2026-05-17T16:31:13,ERR,ERR,ERR,ERR,ERR,ERR,ERR,ERR,ERR,ERR,ERR,ERR,ERR,ERR,ERR,ERR,ERR,ERR,ERR,ERR,ERR,ERR,ERR,ERR,ERR,ERR,ERR,ERR,ERR,ERR,ERR,ERR,ERR,ERR,ERR,ERR,ERR,ERR,ERR,ERR,ERR,ERR,ERR,ERR,ERR,ERR,ERR,ERR,ERR,ERR,ERR,ERR,ERR,ERR,ERR,ERR,ERR,ERR,ERR,ERR,ERR,ERR,ERR,ERR,ERR,ERR,ERR,ERR,ERR,ERR,ERR,ERR,ERR,ERR,ERR,ERR,ERR,ERR,ERR,ERR,ERR,ERR,ERR,ERR,ERR,ERR,ERR,ERR,ERR,ERR,ERR,ERR,ERR,ERR,ERR,ERR,ERR,ERR,ERR,ERR,ERR,ERR,ERR,ERR,ERR,ERR,ERR,ERR,ERR,ERR,ERR,ERR,ERR,ERR,ERR,ERR,ERR,ERR,ERR,ERR,ERR,ERR,ERR,ERR,ERR,0.0,-107615288.0,-0.0,0.0,0.0,1.3936040501711995e+18,7.805,0.0,0,0,4,0,8422,0.0,45,0.0,0.0,0.0,0.0,0.0,0,0,0,0,0.0,0,0,0,0,0,0,0,0,0,0,0,0,0,0,0,0,0,0,0,0,0,0,0,0,0,0,0,0,0,0,0,0,0,38,14,7,45,65476,0,300,0,0,8,21553,0.0,-107605600.0,0.0,0.0,0.0,0.0,0.0,0.0,0.0,0.0,0.0,0.0,0.0,0.0,0.0,0.0,0.0,0.0,0.0,0.0,0.0,0.0,0.0,-2.004,-2.004,0.0,0.0,0.0,0.0,0.0,5039.0,-0.0,0.0,0.0,-107615288.0,0.0,-0.0,0.0,0.0,0.0,0.0,53,2.3088403658719416e+20,-0.0,0.0,0.0,0.0,0.0,0.0,0.0,0.0,0,0,0,0.0,0.0,0.0,0.0,0.0,0.0,0.0,0.0,0.0,0.0,0.0,0.0,0.0,0.0,0.0,0.0,0,-107875648.0,53,0.0,106,-107614832.0,2.7006707062415038e+23,ERR,ERR,ERR,ERR,ERR,ERR,ERR,ERR,ERR,ERR,ERR,ERR,ERR,ERR,ERR,ERR,ERR,ERR,ERR,ERR,ERR,ERR,ERR,ERR,ERR,ERR,ERR,ERR,ERR,ERR,ERR,ERR,ERR,ERR,ERR,ERR,ERR,ERR,ERR,ERR,ERR,ERR,ERR,ERR,ERR,ERR,ERR,ERR,ERR,ERR,ERR,ERR,ERR,ERR,ERR,ERR,ERR,ERR,ERR,ERR,ERR,ERR,ERR,ERR,ERR,ERR,ERR,50.0,60.0,100,0.0,0.0,0.0,0.0,0.0,0.0,0.0,0.0,0.0,0.0,0.0,0.0,0.0,0.0,0.0,0.0,61.6,65,20,65521,50,65476,0,300,0,0,8,20529,65476,0,0,26214,60.0,0.0,0.0,0.0,0.0,0.0
2026-05-17T16:31:14,ERR,ERR,ERR,ERR,ERR,ERR,ERR,ERR,ERR,ERR,ERR,ERR,ERR,ERR,ERR,ERR,ERR,ERR,ERR,ERR,ERR,ERR,ERR,ERR,ERR,ERR,ERR,ERR,ERR,ERR,ERR,ERR,ERR,ERR,ERR,ERR,ERR,ERR,ERR,ERR,ERR,ERR,ERR,ERR,ERR,ERR,ERR,ERR,ERR,ERR,ERR,ERR,ERR,ERR,ERR,ERR,ERR,ERR,ERR,ERR,ERR,ERR,ERR,ERR,ERR,ERR,ERR,ERR,ERR,ERR,ERR,ERR,ERR,ERR,ERR,ERR,ERR,ERR,ERR,ERR,ERR,ERR,ERR,ERR,ERR,ERR,ERR,ERR,ERR,ERR,ERR,ERR,ERR,ERR,ERR,ERR,ERR,ERR,ERR,ERR,ERR,ERR,ERR,ERR,ERR,ERR,ERR,ERR,ERR,ERR,ERR,ERR,ERR,ERR,ERR,ERR,ERR,ERR,ERR,ERR,ERR,ERR,ERR,ERR,ERR,0.0,-107615288.0,-0.0,0.0,0.0,1.3936040501711995e+18,7.805,0.0,0,0,4,0,8422,0.0,45,0.0,0.0,0.0,0.0,0.0,0,0,0,0,0.0,0,0,0,0,0,0,0,0,0,0,0,0,0,0,0,0,0,0,0,0,0,0,0,0,0,0,0,0,0,0,0,0,0,38,14,7,45,65476,0,300,0,0,8,21553,0.0,-107605600.0,0.0,0.0,0.0,0.0,0.0,0.0,0.0,0.0,0.0,0.0,0.0,0.0,0.0,0.0,0.0,0.0,0.0,0.0,0.0,0.0,0.0,-2.004,-2.004,0.0,0.0,0.0,0.0,0.0,5039.0,-0.0,0.0,0.0,-107615288.0,0.0,-0.0,0.0,0.0,0.0,0.0,53,2.3088403658719416e+20,-0.0,0.0,0.0,0.0,0.0,0.0,0.0,0.0,0,0,0,0.0,0.0,0.0,0.0,0.0,0.0,0.0,0.0,0.0,0.0,0.0,0.0,0.0,0.0,0.0,0.0,0,-107875648.0,53,0.0,106,-107614832.0,2.7006707062415038e+23,ERR,ERR,ERR,ERR,ERR,ERR,ERR,ERR,ERR,ERR,ERR,ERR,ERR,ERR,ERR,ERR,ERR,ERR,ERR,ERR,ERR,ERR,ERR,ERR,ERR,ERR,ERR,ERR,ERR,ERR,ERR,ERR,ERR,ERR,ERR,ERR,ERR,ERR,ERR,ERR,ERR,ERR,ERR,ERR,ERR,ERR,ERR,ERR,ERR,ERR,ERR,ERR,ERR,ERR,ERR,ERR,ERR,ERR,ERR,ERR,ERR,ERR,ERR,ERR,ERR,ERR,ERR,50.0,60.0,100,0.0,0.0,0.0,0.0,0.0,0.0,0.0,0.0,0.0,0.0,0.0,0.0,0.0,0.0,0.0,0.0,62.0,65,20,65521,50,65476,0,300,0,0,8,20529,65476,0,0,26214,60.0,0.0,0.0,0.0,0.0,0.0
2026-05-17T16:31:15,ERR,ERR,ERR,ERR,ERR,ERR,ERR,ERR,ERR,ERR,ERR,ERR,ERR,ERR,ERR,ERR,ERR,ERR,ERR,ERR,ERR,ERR,ERR,ERR,ERR,ERR,ERR,ERR,ERR,ERR,ERR,ERR,ERR,ERR,ERR,ERR,ERR,ERR,ERR,ERR,ERR,ERR,ERR,ERR,ERR,ERR,ERR,ERR,ERR,ERR,ERR,ERR,ERR,ERR,ERR,ERR,ERR,ERR,ERR,ERR,ERR,ERR,ERR,ERR,ERR,ERR,ERR,ERR,ERR,ERR,ERR,ERR,ERR,ERR,ERR,ERR,ERR,ERR,ERR,ERR,ERR,ERR,ERR,ERR,ERR,ERR,ERR,ERR,ERR,ERR,ERR,ERR,ERR,ERR,ERR,ERR,ERR,ERR,ERR,ERR,ERR,ERR,ERR,ERR,ERR,ERR,ERR,ERR,ERR,ERR,ERR,ERR,ERR,ERR,ERR,ERR,ERR,ERR,ERR,ERR,ERR,ERR,ERR,ERR,ERR,0.0,-107615288.0,-0.0,0.0,0.0,1.3936040501711995e+18,7.805,0.0,0,0,4,0,8422,0.0,45,0.0,0.0,0.0,0.0,0.0,0,0,0,0,0.0,0,0,0,0,0,0,0,0,0,0,0,0,0,0,0,0,0,0,0,0,0,0,0,0,0,0,0,0,0,0,0,0,0,38,14,7,45,65476,0,300,0,0,8,21553,0.0,-107605600.0,0.0,0.0,0.0,0.0,0.0,0.0,0.0,0.0,0.0,0.0,0.0,0.0,0.0,0.0,0.0,0.0,0.0,0.0,0.0,0.0,0.0,-2.004,-2.004,0.0,0.0,0.0,0.0,0.0,5039.0,-0.0,0.0,0.0,-107615288.0,0.0,-0.0,0.0,0.0,0.0,0.0,53,2.3088403658719416e+20,-0.0,0.0,0.0,0.0,0.0,0.0,0.0,0.0,0,0,0,0.0,0.0,0.0,0.0,0.0,0.0,0.0,0.0,0.0,0.0,0.0,0.0,0.0,0.0,0.0,0.0,0,-107875648.0,53,0.0,106,-107614832.0,2.7006707062415038e+23,ERR,ERR,ERR,ERR,ERR,ERR,ERR,ERR,ERR,ERR,ERR,ERR,ERR,ERR,ERR,ERR,ERR,ERR,ERR,ERR,ERR,ERR,ERR,ERR,ERR,ERR,ERR,ERR,ERR,ERR,ERR,ERR,ERR,ERR,ERR,ERR,ERR,ERR,ERR,ERR,ERR,ERR,ERR,ERR,ERR,ERR,ERR,ERR,ERR,ERR,ERR,ERR,ERR,ERR,ERR,ERR,ERR,ERR,ERR,ERR,ERR,ERR,ERR,ERR,ERR,ERR,ERR,50.0,60.0,100,0.0,0.0,0.0,0.0,0.0,0.0,0.0,0.0,0.0,0.0,0.0,0.0,0.0,0.0,0.0,0.0,62.0,65,20,65521,50,65476,0,300,0,0,8,20529,65476,0,0,26214,60.0,0.0,0.0,0.0,0.0,0.0
2026-05-17T16:31:16,ERR,ERR,ERR,ERR,ERR,ERR,ERR,ERR,ERR,ERR,ERR,ERR,ERR,ERR,ERR,ERR,ERR,ERR,ERR,ERR,ERR,ERR,ERR,ERR,ERR,ERR,ERR,ERR,ERR,ERR,ERR,ERR,ERR,ERR,ERR,ERR,ERR,ERR,ERR,ERR,ERR,ERR,ERR,ERR,ERR,ERR,ERR,ERR,ERR,ERR,ERR,ERR,ERR,ERR,ERR,ERR,ERR,ERR,ERR,ERR,ERR,ERR,ERR,ERR,ERR,ERR,ERR,ERR,ERR,ERR,ERR,ERR,ERR,ERR,ERR,ERR,ERR,ERR,ERR,ERR,ERR,ERR,ERR,ERR,ERR,ERR,ERR,ERR,ERR,ERR,ERR,ERR,ERR,ERR,ERR,ERR,ERR,ERR,ERR,ERR,ERR,ERR,ERR,ERR,ERR,ERR,ERR,ERR,ERR,ERR,ERR,ERR,ERR,ERR,ERR,ERR,ERR,ERR,ERR,ERR,ERR,ERR,ERR,ERR,ERR,0.0,-107615288.0,-0.0,0.0,0.0,1.3936040501711995e+18,7.805,0.0,0,0,4,0,8422,0.0,45,0.0,0.0,0.0,0.0,0.0,0,0,0,0,0.0,0,0,0,0,0,0,0,0,0,0,0,0,0,0,0,0,0,0,0,0,0,0,0,0,0,0,0,0,0,0,0,0,0,38,14,7,45,65476,0,300,0,0,8,21553,0.0,-107605600.0,0.0,0.0,0.0,0.0,0.0,0.0,0.0,0.0,0.0,0.0,0.0,0.0,0.0,0.0,0.0,0.0,0.0,0.0,0.0,0.0,0.0,-2.004,-2.004,0.0,0.0,0.0,0.0,0.0,5039.0,-0.0,0.0,0.0,-107615288.0,0.0,-0.0,0.0,0.0,0.0,0.0,53,2.3088403658719416e+20,-0.0,0.0,0.0,0.0,0.0,0.0,0.0,0.0,0,0,0,0.0,0.0,0.0,0.0,0.0,0.0,0.0,0.0,0.0,0.0,0.0,0.0,0.0,0.0,0.0,0.0,0,-107875648.0,53,0.0,106,-107614832.0,2.7006707062415038e+23,ERR,ERR,ERR,ERR,ERR,ERR,ERR,ERR,ERR,ERR,ERR,ERR,ERR,ERR,ERR,ERR,ERR,ERR,ERR,ERR,ERR,ERR,ERR,ERR,ERR,ERR,ERR,ERR,ERR,ERR,ERR,ERR,ERR,ERR,ERR,ERR,ERR,ERR,ERR,ERR,ERR,ERR,ERR,ERR,ERR,ERR,ERR,ERR,ERR,ERR,ERR,ERR,ERR,ERR,ERR,ERR,ERR,ERR,ERR,ERR,ERR,ERR,ERR,ERR,ERR,ERR,ERR,50.0,60.0,100,0.0,0.0,0.0,0.0,0.0,0.0,0.0,0.0,0.0,0.0,0.0,0.0,0.0,0.0,0.0,0.0,62.0,65,20,65521,50,65476,0,300,0,0,8,20529,65476,0,0,26214,60.0,0.0,0.0,0.0,0.0,0.0
2026-05-17T16:31:17,ERR,ERR,ERR,ERR,ERR,ERR,ERR,ERR,ERR,ERR,ERR,ERR,ERR,ERR,ERR,ERR,ERR,ERR,ERR,ERR,ERR,ERR,ERR,ERR,ERR,ERR,ERR,ERR,ERR,ERR,ERR,ERR,ERR,ERR,ERR,ERR,ERR,ERR,ERR,ERR,ERR,ERR,ERR,ERR,ERR,ERR,ERR,ERR,ERR,ERR,ERR,ERR,ERR,ERR,ERR,ERR,ERR,ERR,ERR,ERR,ERR,ERR,ERR,ERR,ERR,ERR,ERR,ERR,ERR,ERR,ERR,ERR,ERR,ERR,ERR,ERR,ERR,ERR,ERR,ERR,ERR,ERR,ERR,ERR,ERR,ERR,ERR,ERR,ERR,ERR,ERR,ERR,ERR,ERR,ERR,ERR,ERR,ERR,ERR,ERR,ERR,ERR,ERR,ERR,ERR,ERR,ERR,ERR,ERR,ERR,ERR,ERR,ERR,ERR,ERR,ERR,ERR,ERR,ERR,ERR,ERR,ERR,ERR,ERR,ERR,0.0,-107615288.0,-0.0,0.0,0.0,1.3936040501711995e+18,7.805,0.0,0,0,4,0,8422,0.0,45,0.0,0.0,0.0,0.0,0.0,0,0,0,0,0.0,0,0,0,0,0,0,0,0,0,0,0,0,0,0,0,0,0,0,0,0,0,0,0,0,0,0,0,0,0,0,0,0,0,38,14,7,45,65476,0,300,0,0,8,21553,0.0,-107605600.0,0.0,0.0,0.0,0.0,0.0,0.0,0.0,0.0,0.0,0.0,0.0,0.0,0.0,0.0,0.0,0.0,0.0,0.0,0.0,0.0,0.0,-2.004,-0.0,0.0,0.0,0.0,0.0,0.0,5034.0,0.0,0.0,0.0,-107615288.0,0.0,-0.0,0.0,0.0,0.0,0.0,53,71.63,-3.222002767243768e+26,0.0,0.0,0.0,0.0,0.0,0.0,0.0,0,0,0,0.0,0.0,0.0,0.0,0.0,0.0,0.0,0.0,0.0,0.0,0.0,0.0,0.0,0.0,0.0,0.0,0,-107875648.0,53,0.0,106,-107614832.0,2.7006707062415038e+23,ERR,ERR,ERR,ERR,ERR,ERR,ERR,ERR,ERR,ERR,ERR,ERR,ERR,ERR,ERR,ERR,ERR,ERR,ERR,ERR,ERR,ERR,ERR,ERR,ERR,ERR,ERR,ERR,ERR,ERR,ERR,ERR,ERR,ERR,ERR,ERR,ERR,ERR,ERR,ERR,ERR,ERR,ERR,ERR,ERR,ERR,ERR,ERR,ERR,ERR,ERR,ERR,ERR,ERR,ERR,ERR,ERR,ERR,ERR,ERR,ERR,ERR,ERR,ERR,ERR,ERR,ERR,50.0,60.0,100,0.0,0.0,0.0,0.0,0.0,0.0,0.0,0.0,0.0,0.0,0.0,0.0,0.0,0.0,0.0,0.0,61.6,65,20,65521,50,65476,0,300,0,0,8,20529,65476,0,0,26214,60.0,0.0,0.0,0.0,0.0,0.0
2026-05-17T16:31:18,ERR,ERR,ERR,ERR,ERR,ERR,ERR,ERR,ERR,ERR,ERR,ERR,ERR,ERR,ERR,ERR,ERR,ERR,ERR,ERR,ERR,ERR,ERR,ERR,ERR,ERR,ERR,ERR,ERR,ERR,ERR,ERR,ERR,ERR,ERR,ERR,ERR,ERR,ERR,ERR,ERR,ERR,ERR,ERR,ERR,ERR,ERR,ERR,ERR,ERR,ERR,ERR,ERR,ERR,ERR,ERR,ERR,ERR,ERR,ERR,ERR,ERR,ERR,ERR,ERR,ERR,ERR,ERR,ERR,ERR,ERR,ERR,ERR,ERR,ERR,ERR,ERR,ERR,ERR,ERR,ERR,ERR,ERR,ERR,ERR,ERR,ERR,ERR,ERR,ERR,ERR,ERR,ERR,ERR,ERR,ERR,ERR,ERR,ERR,ERR,ERR,ERR,ERR,ERR,ERR,ERR,ERR,ERR,ERR,ERR,ERR,ERR,ERR,ERR,ERR,ERR,ERR,ERR,ERR,ERR,ERR,ERR,ERR,ERR,ERR,0.0,-107615288.0,-0.0,0.0,0.0,1.3936040501711995e+18,7.805,0.0,0,0,4,0,8422,0.0,45,0.0,0.0,0.0,0.0,0.0,0,0,0,0,0.0,0,0,0,0,0,0,0,0,0,0,0,0,0,0,0,0,0,0,0,0,0,0,0,0,0,0,0,0,0,0,0,0,0,38,14,7,45,65476,0,300,0,0,8,21553,0.0,-107605600.0,0.0,0.0,0.0,0.0,0.0,0.0,0.0,0.0,0.0,0.0,0.0,0.0,0.0,0.0,0.0,0.0,0.0,0.0,0.0,0.0,0.0,-2.004,-0.0,0.0,0.0,0.0,0.0,0.0,5034.0,0.0,0.0,0.0,-107615288.0,0.0,-0.0,0.0,0.0,0.0,0.0,53,71.63,-3.222002767243768e+26,0.0,0.0,0.0,0.0,0.0,0.0,0.0,0,0,0,0.0,0.0,0.0,0.0,0.0,0.0,0.0,0.0,0.0,0.0,0.0,0.0,0.0,0.0,0.0,0.0,0,-107875648.0,53,0.0,106,-107614832.0,2.7006707062415038e+23,ERR,ERR,ERR,ERR,ERR,ERR,ERR,ERR,ERR,ERR,ERR,ERR,ERR,ERR,ERR,ERR,ERR,ERR,ERR,ERR,ERR,ERR,ERR,ERR,ERR,ERR,ERR,ERR,ERR,ERR,ERR,ERR,ERR,ERR,ERR,ERR,ERR,ERR,ERR,ERR,ERR,ERR,ERR,ERR,ERR,ERR,ERR,ERR,ERR,ERR,ERR,ERR,ERR,ERR,ERR,ERR,ERR,ERR,ERR,ERR,ERR,ERR,ERR,ERR,ERR,ERR,ERR,50.0,60.0,100,0.0,0.0,0.0,0.0,0.0,0.0,0.0,0.0,0.0,0.0,0.0,0.0,0.0,0.0,0.0,0.0,61.6,65,20,65521,50,65476,0,300,0,0,8,20529,65476,0,0,26214,60.0,0.0,0.0,0.0,0.0,0.0
2026-05-17T16:31:19,ERR,ERR,ERR,ERR,ERR,ERR,ERR,ERR,ERR,ERR,ERR,ERR,ERR,ERR,ERR,ERR,ERR,ERR,ERR,ERR,ERR,ERR,ERR,ERR,ERR,ERR,ERR,ERR,ERR,ERR,ERR,ERR,ERR,ERR,ERR,ERR,ERR,ERR,ERR,ERR,ERR,ERR,ERR,ERR,ERR,ERR,ERR,ERR,ERR,ERR,ERR,ERR,ERR,ERR,ERR,ERR,ERR,ERR,ERR,ERR,ERR,ERR,ERR,ERR,ERR,ERR,ERR,ERR,ERR,ERR,ERR,ERR,ERR,ERR,ERR,ERR,ERR,ERR,ERR,ERR,ERR,ERR,ERR,ERR,ERR,ERR,ERR,ERR,ERR,ERR,ERR,ERR,ERR,ERR,ERR,ERR,ERR,ERR,ERR,ERR,ERR,ERR,ERR,ERR,ERR,ERR,ERR,ERR,ERR,ERR,ERR,ERR,ERR,ERR,ERR,ERR,ERR,ERR,ERR,ERR,ERR,ERR,ERR,ERR,ERR,0.0,-107615288.0,-0.0,0.0,0.0,1.3936040501711995e+18,7.805,0.0,0,0,4,0,8422,0.0,45,0.0,0.0,0.0,0.0,0.0,0,0,0,0,0.0,0,0,0,0,0,0,0,0,0,0,0,0,0,0,0,0,0,0,0,0,0,0,0,0,0,0,0,0,0,0,0,0,0,38,14,7,45,65476,0,300,0,0,8,21553,0.0,-107605600.0,0.0,0.0,0.0,0.0,0.0,0.0,0.0,0.0,0.0,0.0,0.0,0.0,0.0,0.0,0.0,0.0,0.0,0.0,0.0,0.0,0.0,-2.004,-0.0,0.0,0.0,0.0,0.0,0.0,5034.0,0.0,0.0,0.0,-107615288.0,0.0,-0.0,0.0,0.0,0.0,0.0,53,71.63,-3.222002767243768e+26,0.0,0.0,0.0,0.0,0.0,0.0,0.0,0,0,0,0.0,0.0,0.0,0.0,0.0,0.0,0.0,0.0,0.0,0.0,0.0,0.0,0.0,0.0,0.0,0.0,0,-107875648.0,53,0.0,106,-107614832.0,2.7006707062415038e+23,ERR,ERR,ERR,ERR,ERR,ERR,ERR,ERR,ERR,ERR,ERR,ERR,ERR,ERR,ERR,ERR,ERR,ERR,ERR,ERR,ERR,ERR,ERR,ERR,ERR,ERR,ERR,ERR,ERR,ERR,ERR,ERR,ERR,ERR,ERR,ERR,ERR,ERR,ERR,ERR,ERR,ERR,ERR,ERR,ERR,ERR,ERR,ERR,ERR,ERR,ERR,ERR,ERR,ERR,ERR,ERR,ERR,ERR,ERR,ERR,ERR,ERR,ERR,ERR,ERR,ERR,ERR,50.0,60.0,100,0.0,0.0,0.0,0.0,0.0,0.0,0.0,0.0,0.0,0.0,0.0,0.0,0.0,0.0,0.0,0.0,62.0,65,20,65521,50,65476,0,300,0,0,8,20529,65476,0,0,26214,60.0,0.0,0.0,0.0,0.0,0.0
2026-05-17T16:31:20,ERR,ERR,ERR,ERR,ERR,ERR,ERR,ERR,ERR,ERR,ERR,ERR,ERR,ERR,ERR,ERR,ERR,ERR,ERR,ERR,ERR,ERR,ERR,ERR,ERR,ERR,ERR,ERR,ERR,ERR,ERR,ERR,ERR,ERR,ERR,ERR,ERR,ERR,ERR,ERR,ERR,ERR,ERR,ERR,ERR,ERR,ERR,ERR,ERR,ERR,ERR,ERR,ERR,ERR,ERR,ERR,ERR,ERR,ERR,ERR,ERR,ERR,ERR,ERR,ERR,ERR,ERR,ERR,ERR,ERR,ERR,ERR,ERR,ERR,ERR,ERR,ERR,ERR,ERR,ERR,ERR,ERR,ERR,ERR,ERR,ERR,ERR,ERR,ERR,ERR,ERR,ERR,ERR,ERR,ERR,ERR,ERR,ERR,ERR,ERR,ERR,ERR,ERR,ERR,ERR,ERR,ERR,ERR,ERR,ERR,ERR,ERR,ERR,ERR,ERR,ERR,ERR,ERR,ERR,ERR,ERR,ERR,ERR,ERR,ERR,0.0,-107615288.0,-0.0,0.0,0.0,1.3936040501711995e+18,7.805,0.0,0,0,4,0,8422,0.0,45,0.0,0.0,0.0,0.0,0.0,0,0,0,0,0.0,0,0,0,0,0,0,0,0,0,0,0,0,0,0,0,0,0,0,0,0,0,0,0,0,0,0,0,0,0,0,0,0,0,38,14,7,45,65476,0,300,0,0,8,21553,0.0,-107605600.0,0.0,0.0,0.0,0.0,0.0,0.0,0.0,0.0,0.0,0.0,0.0,0.0,0.0,0.0,0.0,0.0,0.0,0.0,0.0,0.0,0.0,-2.004,-0.0,0.0,0.0,0.0,0.0,0.0,5034.0,0.0,0.0,0.0,-107615288.0,0.0,-0.0,0.0,0.0,0.0,0.0,53,71.63,-3.222002767243768e+26,0.0,0.0,0.0,0.0,0.0,0.0,0.0,0,0,0,0.0,0.0,0.0,0.0,0.0,0.0,0.0,0.0,0.0,0.0,0.0,0.0,0.0,0.0,0.0,0.0,0,-107875648.0,53,0.0,106,-107614832.0,2.7006707062415038e+23,ERR,ERR,ERR,ERR,ERR,ERR,ERR,ERR,ERR,ERR,ERR,ERR,ERR,ERR,ERR,ERR,ERR,ERR,ERR,ERR,ERR,ERR,ERR,ERR,ERR,ERR,ERR,ERR,ERR,ERR,ERR,ERR,ERR,ERR,ERR,ERR,ERR,ERR,ERR,ERR,ERR,ERR,ERR,ERR,ERR,ERR,ERR,ERR,ERR,ERR,ERR,ERR,ERR,ERR,ERR,ERR,ERR,ERR,ERR,ERR,ERR,ERR,ERR,ERR,ERR,ERR,ERR,50.0,60.0,100,0.0,0.0,0.0,0.0,0.0,0.0,0.0,0.0,0.0,0.0,0.0,0.0,0.0,0.0,0.0,0.0,62.0,65,20,65521,50,65476,0,300,0,0,8,20529,65476,0,0,26214,60.0,0.0,0.0,0.0,0.0,0.0
2026-05-17T16:31:21,ERR,ERR,ERR,ERR,ERR,ERR,ERR,ERR,ERR,ERR,ERR,ERR,ERR,ERR,ERR,ERR,ERR,ERR,ERR,ERR,ERR,ERR,ERR,ERR,ERR,ERR,ERR,ERR,ERR,ERR,ERR,ERR,ERR,ERR,ERR,ERR,ERR,ERR,ERR,ERR,ERR,ERR,ERR,ERR,ERR,ERR,ERR,ERR,ERR,ERR,ERR,ERR,ERR,ERR,ERR,ERR,ERR,ERR,ERR,ERR,ERR,ERR,ERR,ERR,ERR,ERR,ERR,ERR,ERR,ERR,ERR,ERR,ERR,ERR,ERR,ERR,ERR,ERR,ERR,ERR,ERR,ERR,ERR,ERR,ERR,ERR,ERR,ERR,ERR,ERR,ERR,ERR,ERR,ERR,ERR,ERR,ERR,ERR,ERR,ERR,ERR,ERR,ERR,ERR,ERR,ERR,ERR,ERR,ERR,ERR,ERR,ERR,ERR,ERR,ERR,ERR,ERR,ERR,ERR,ERR,ERR,ERR,ERR,ERR,ERR,0.0,-107615288.0,-0.0,0.0,0.0,1.3936040501711995e+18,7.805,0.0,0,0,4,0,8422,0.0,45,0.0,0.0,0.0,0.0,0.0,0,0,0,0,0.0,0,0,0,0,0,0,0,0,0,0,0,0,0,0,0,0,0,0,0,0,0,0,0,0,0,0,0,0,0,0,0,0,0,38,14,7,45,65476,0,300,0,0,8,21553,0.0,-107605600.0,0.0,0.0,0.0,0.0,0.0,0.0,0.0,0.0,0.0,0.0,0.0,0.0,0.0,0.0,0.0,0.0,0.0,0.0,0.0,0.0,0.0,-2.004,-0.0,0.0,0.0,0.0,0.0,0.0,5034.0,0.0,0.0,0.0,-107615288.0,0.0,-0.0,0.0,0.0,0.0,0.0,53,71.63,-3.222002767243768e+26,0.0,0.0,0.0,0.0,0.0,0.0,0.0,0,0,0,0.0,0.0,0.0,0.0,0.0,0.0,0.0,0.0,0.0,0.0,0.0,0.0,0.0,0.0,0.0,0.0,0,-107875648.0,53,0.0,106,-107614832.0,2.7006707062415038e+23,ERR,ERR,ERR,ERR,ERR,ERR,ERR,ERR,ERR,ERR,ERR,ERR,ERR,ERR,ERR,ERR,ERR,ERR,ERR,ERR,ERR,ERR,ERR,ERR,ERR,ERR,ERR,ERR,ERR,ERR,ERR,ERR,ERR,ERR,ERR,ERR,ERR,ERR,ERR,ERR,ERR,ERR,ERR,ERR,ERR,ERR,ERR,ERR,ERR,ERR,ERR,ERR,ERR,ERR,ERR,ERR,ERR,ERR,ERR,ERR,ERR,ERR,ERR,ERR,ERR,ERR,ERR,50.0,60.0,100,0.0,0.0,0.0,0.0,0.0,0.0,0.0,0.0,0.0,0.0,0.0,0.0,0.0,0.0,0.0,0.0,61.6,65,20,65521,50,65476,0,300,0,0,8,20529,65476,0,0,26214,60.0,0.0,0.0,0.0,0.0,0.0
2026-05-17T16:31:22,ERR,ERR,ERR,ERR,ERR,ERR,ERR,ERR,ERR,ERR,ERR,ERR,ERR,ERR,ERR,ERR,ERR,ERR,ERR,ERR,ERR,ERR,ERR,ERR,ERR,ERR,ERR,ERR,ERR,ERR,ERR,ERR,ERR,ERR,ERR,ERR,ERR,ERR,ERR,ERR,ERR,ERR,ERR,ERR,ERR,ERR,ERR,ERR,ERR,ERR,ERR,ERR,ERR,ERR,ERR,ERR,ERR,ERR,ERR,ERR,ERR,ERR,ERR,ERR,ERR,ERR,ERR,ERR,ERR,ERR,ERR,ERR,ERR,ERR,ERR,ERR,ERR,ERR,ERR,ERR,ERR,ERR,ERR,ERR,ERR,ERR,ERR,ERR,ERR,ERR,ERR,ERR,ERR,ERR,ERR,ERR,ERR,ERR,ERR,ERR,ERR,ERR,ERR,ERR,ERR,ERR,ERR,ERR,ERR,ERR,ERR,ERR,ERR,ERR,ERR,ERR,ERR,ERR,ERR,ERR,ERR,ERR,ERR,ERR,ERR,0.0,-107615288.0,-0.0,0.0,0.0,1.3936040501711995e+18,7.805,0.0,0,0,4,0,8422,0.0,45,0.0,0.0,0.0,0.0,0.0,0,0,0,0,0.0,0,0,0,0,0,0,0,0,0,0,0,0,0,0,0,0,0,0,0,0,0,0,0,0,0,0,0,0,0,0,0,0,0,38,14,7,45,65476,0,300,0,0,8,21553,0.0,-107605600.0,0.0,0.0,0.0,0.0,0.0,0.0,0.0,0.0,0.0,0.0,0.0,0.0,0.0,0.0,0.0,0.0,0.0,0.0,0.0,0.0,0.0,-2.004,-0.0,0.0,0.0,0.0,0.0,0.0,5002.0,0.0,0.0,0.0,-107615288.0,0.0,-0.0,0.0,0.0,0.0,0.0,53,126841110528.0,-152017263656960.0,0.0,0.0,0.0,0.0,0.0,0.0,0.0,0,0,0,0.0,0.0,0.0,0.0,0.0,0.0,0.0,0.0,0.0,0.0,0.0,0.0,0.0,0.0,0.0,0.0,0,-107875648.0,53,0.0,106,-107614832.0,-107350944.0,ERR,ERR,ERR,ERR,ERR,ERR,ERR,ERR,ERR,ERR,ERR,ERR,ERR,ERR,ERR,ERR,ERR,ERR,ERR,ERR,ERR,ERR,ERR,ERR,ERR,ERR,ERR,ERR,ERR,ERR,ERR,ERR,ERR,ERR,ERR,ERR,ERR,ERR,ERR,ERR,ERR,ERR,ERR,ERR,ERR,ERR,ERR,ERR,ERR,ERR,ERR,ERR,ERR,ERR,ERR,ERR,ERR,ERR,ERR,ERR,ERR,ERR,ERR,ERR,ERR,ERR,ERR,50.0,60.0,100,0.0,0.0,0.0,0.0,0.0,0.0,0.0,0.0,0.0,0.0,0.0,0.0,0.0,0.0,0.0,0.0,61.6,65,20,65521,50,65476,0,300,0,0,8,20529,65476,0,0,26214,60.0,0.0,0.0,0.0,0.0,0.0
2026-05-17T16:31:23,ERR,ERR,ERR,ERR,ERR,ERR,ERR,ERR,ERR,ERR,ERR,ERR,ERR,ERR,ERR,ERR,ERR,ERR,ERR,ERR,ERR,ERR,ERR,ERR,ERR,ERR,ERR,ERR,ERR,ERR,ERR,ERR,ERR,ERR,ERR,ERR,ERR,ERR,ERR,ERR,ERR,ERR,ERR,ERR,ERR,ERR,ERR,ERR,ERR,ERR,ERR,ERR,ERR,ERR,ERR,ERR,ERR,ERR,ERR,ERR,ERR,ERR,ERR,ERR,ERR,ERR,ERR,ERR,ERR,ERR,ERR,ERR,ERR,ERR,ERR,ERR,ERR,ERR,ERR,ERR,ERR,ERR,ERR,ERR,ERR,ERR,ERR,ERR,ERR,ERR,ERR,ERR,ERR,ERR,ERR,ERR,ERR,ERR,ERR,ERR,ERR,ERR,ERR,ERR,ERR,ERR,ERR,ERR,ERR,ERR,ERR,ERR,ERR,ERR,ERR,ERR,ERR,ERR,ERR,ERR,ERR,ERR,ERR,ERR,ERR,0.0,-107615288.0,-0.0,0.0,0.0,1.3936040501711995e+18,7.805,0.0,0,0,4,0,8422,0.0,45,0.0,0.0,0.0,0.0,0.0,0,0,0,0,0.0,0,0,0,0,0,0,0,0,0,0,0,0,0,0,0,0,0,0,0,0,0,0,0,0,0,0,0,0,0,0,0,0,0,38,14,7,45,65476,0,300,0,0,8,21553,0.0,-107605600.0,0.0,0.0,0.0,0.0,0.0,0.0,0.0,0.0,0.0,0.0,0.0,0.0,0.0,0.0,0.0,0.0,0.0,0.0,0.0,0.0,0.0,-2.004,-0.0,0.0,0.0,0.0,0.0,0.0,5002.0,0.0,0.0,0.0,-107615288.0,0.0,-0.0,0.0,0.0,0.0,0.0,53,126841110528.0,-152017263656960.0,0.0,0.0,0.0,0.0,0.0,0.0,0.0,0,0,0,0.0,0.0,0.0,0.0,0.0,0.0,0.0,0.0,0.0,0.0,0.0,0.0,0.0,0.0,0.0,0.0,0,-107875648.0,53,0.0,106,-107614832.0,-107350944.0,ERR,ERR,ERR,ERR,ERR,ERR,ERR,ERR,ERR,ERR,ERR,ERR,ERR,ERR,ERR,ERR,ERR,ERR,ERR,ERR,ERR,ERR,ERR,ERR,ERR,ERR,ERR,ERR,ERR,ERR,ERR,ERR,ERR,ERR,ERR,ERR,ERR,ERR,ERR,ERR,ERR,ERR,ERR,ERR,ERR,ERR,ERR,ERR,ERR,ERR,ERR,ERR,ERR,ERR,ERR,ERR,ERR,ERR,ERR,ERR,ERR,ERR,ERR,ERR,ERR,ERR,ERR,50.0,60.0,100,0.0,0.0,0.0,0.0,0.0,0.0,0.0,0.0,0.0,0.0,0.0,0.0,0.0,0.0,0.0,0.0,61.6,65,20,65521,50,65476,0,300,0,0,8,20529,65476,0,0,26214,60.0,0.0,0.0,0.0,0.0,0.0
2026-05-17T16:31:24,ERR,ERR,ERR,ERR,ERR,ERR,ERR,ERR,ERR,ERR,ERR,ERR,ERR,ERR,ERR,ERR,ERR,ERR,ERR,ERR,ERR,ERR,ERR,ERR,ERR,ERR,ERR,ERR,ERR,ERR,ERR,ERR,ERR,ERR,ERR,ERR,ERR,ERR,ERR,ERR,ERR,ERR,ERR,ERR,ERR,ERR,ERR,ERR,ERR,ERR,ERR,ERR,ERR,ERR,ERR,ERR,ERR,ERR,ERR,ERR,ERR,ERR,ERR,ERR,ERR,ERR,ERR,ERR,ERR,ERR,ERR,ERR,ERR,ERR,ERR,ERR,ERR,ERR,ERR,ERR,ERR,ERR,ERR,ERR,ERR,ERR,ERR,ERR,ERR,ERR,ERR,ERR,ERR,ERR,ERR,ERR,ERR,ERR,ERR,ERR,ERR,ERR,ERR,ERR,ERR,ERR,ERR,ERR,ERR,ERR,ERR,ERR,ERR,ERR,ERR,ERR,ERR,ERR,ERR,ERR,ERR,ERR,ERR,ERR,ERR,0.0,-107615288.0,-0.0,0.0,0.0,1.3936040501711995e+18,7.805,0.0,0,0,4,0,8422,0.0,45,0.0,0.0,0.0,0.0,0.0,0,0,0,0,0.0,0,0,0,0,0,0,0,0,0,0,0,0,0,0,0,0,0,0,0,0,0,0,0,0,0,0,0,0,0,0,0,0,0,38,14,7,45,65476,0,300,0,0,8,21553,0.0,-107605600.0,0.0,0.0,0.0,0.0,0.0,0.0,0.0,0.0,0.0,0.0,0.0,0.0,0.0,0.0,0.0,0.0,0.0,0.0,0.0,0.0,0.0,-2.004,-0.0,0.0,0.0,0.0,0.0,0.0,5002.0,0.0,0.0,0.0,-107615288.0,0.0,-0.0,0.0,0.0,0.0,0.0,53,126841110528.0,-152017263656960.0,0.0,0.0,0.0,0.0,0.0,0.0,0.0,0,0,0,0.0,0.0,0.0,0.0,0.0,0.0,0.0,0.0,0.0,0.0,0.0,0.0,0.0,0.0,0.0,0.0,0,-107875648.0,53,0.0,106,-107614832.0,-107350944.0,ERR,ERR,ERR,ERR,ERR,ERR,ERR,ERR,ERR,ERR,ERR,ERR,ERR,ERR,ERR,ERR,ERR,ERR,ERR,ERR,ERR,ERR,ERR,ERR,ERR,ERR,ERR,ERR,ERR,ERR,ERR,ERR,ERR,ERR,ERR,ERR,ERR,ERR,ERR,ERR,ERR,ERR,ERR,ERR,ERR,ERR,ERR,ERR,ERR,ERR,ERR,ERR,ERR,ERR,ERR,ERR,ERR,ERR,ERR,ERR,ERR,ERR,ERR,ERR,ERR,ERR,ERR,50.0,60.0,100,0.0,0.0,0.0,0.0,0.0,0.0,0.0,0.0,0.0,0.0,0.0,0.0,0.0,0.0,0.0,0.0,61.6,65,20,65521,50,65476,0,300,0,0,8,20529,65476,0,0,26214,60.0,0.0,0.0,0.0,0.0,0.0
2026-05-17T16:31:25,ERR,ERR,ERR,ERR,ERR,ERR,ERR,ERR,ERR,ERR,ERR,ERR,ERR,ERR,ERR,ERR,ERR,ERR,ERR,ERR,ERR,ERR,ERR,ERR,ERR,ERR,ERR,ERR,ERR,ERR,ERR,ERR,ERR,ERR,ERR,ERR,ERR,ERR,ERR,ERR,ERR,ERR,ERR,ERR,ERR,ERR,ERR,ERR,ERR,ERR,ERR,ERR,ERR,ERR,ERR,ERR,ERR,ERR,ERR,ERR,ERR,ERR,ERR,ERR,ERR,ERR,ERR,ERR,ERR,ERR,ERR,ERR,ERR,ERR,ERR,ERR,ERR,ERR,ERR,ERR,ERR,ERR,ERR,ERR,ERR,ERR,ERR,ERR,ERR,ERR,ERR,ERR,ERR,ERR,ERR,ERR,ERR,ERR,ERR,ERR,ERR,ERR,ERR,ERR,ERR,ERR,ERR,ERR,ERR,ERR,ERR,ERR,ERR,ERR,ERR,ERR,ERR,ERR,ERR,ERR,ERR,ERR,ERR,ERR,ERR,0.0,-107615288.0,-0.0,0.0,0.0,1.3936040501711995e+18,7.805,0.0,0,0,4,0,8422,0.0,45,0.0,0.0,0.0,0.0,0.0,0,0,0,0,0.0,0,0,0,0,0,0,0,0,0,0,0,0,0,0,0,0,0,0,0,0,0,0,0,0,0,0,0,0,0,0,0,0,0,38,14,7,45,65476,0,300,0,0,8,21553,0.0,-107605600.0,0.0,0.0,0.0,0.0,0.0,0.0,0.0,0.0,0.0,0.0,0.0,0.0,0.0,0.0,0.0,0.0,0.0,0.0,0.0,0.0,0.0,-2.004,-0.0,0.0,0.0,0.0,0.0,0.0,5002.0,0.0,0.0,0.0,-107615288.0,0.0,-0.0,0.0,0.0,0.0,0.0,53,126841110528.0,-152017263656960.0,0.0,0.0,0.0,0.0,0.0,0.0,0.0,0,0,0,0.0,0.0,0.0,0.0,0.0,0.0,0.0,0.0,0.0,0.0,0.0,0.0,0.0,0.0,0.0,0.0,0,-107875648.0,53,0.0,106,-107614832.0,-107350944.0,ERR,ERR,ERR,ERR,ERR,ERR,ERR,ERR,ERR,ERR,ERR,ERR,ERR,ERR,ERR,ERR,ERR,ERR,ERR,ERR,ERR,ERR,ERR,ERR,ERR,ERR,ERR,ERR,ERR,ERR,ERR,ERR,ERR,ERR,ERR,ERR,ERR,ERR,ERR,ERR,ERR,ERR,ERR,ERR,ERR,ERR,ERR,ERR,ERR,ERR,ERR,ERR,ERR,ERR,ERR,ERR,ERR,ERR,ERR,ERR,ERR,ERR,ERR,ERR,ERR,ERR,ERR,50.0,60.0,100,0.0,0.0,0.0,0.0,0.0,0.0,0.0,0.0,0.0,0.0,0.0,0.0,0.0,0.0,0.0,0.0,61.6,65,20,65521,50,65476,0,300,0,0,8,20529,65476,0,0,26214,60.0,0.0,0.0,0.0,0.0,0.0
2026-05-17T16:31:26,ERR,ERR,ERR,ERR,ERR,ERR,ERR,ERR,ERR,ERR,ERR,ERR,ERR,ERR,ERR,ERR,ERR,ERR,ERR,ERR,ERR,ERR,ERR,ERR,ERR,ERR,ERR,ERR,ERR,ERR,ERR,ERR,ERR,ERR,ERR,ERR,ERR,ERR,ERR,ERR,ERR,ERR,ERR,ERR,ERR,ERR,ERR,ERR,ERR,ERR,ERR,ERR,ERR,ERR,ERR,ERR,ERR,ERR,ERR,ERR,ERR,ERR,ERR,ERR,ERR,ERR,ERR,ERR,ERR,ERR,ERR,ERR,ERR,ERR,ERR,ERR,ERR,ERR,ERR,ERR,ERR,ERR,ERR,ERR,ERR,ERR,ERR,ERR,ERR,ERR,ERR,ERR,ERR,ERR,ERR,ERR,ERR,ERR,ERR,ERR,ERR,ERR,ERR,ERR,ERR,ERR,ERR,ERR,ERR,ERR,ERR,ERR,ERR,ERR,ERR,ERR,ERR,ERR,ERR,ERR,ERR,ERR,ERR,ERR,ERR,0.0,-107615288.0,-0.0,0.0,0.0,1.3936040501711995e+18,7.805,0.0,0,0,4,0,8422,0.0,45,0.0,0.0,0.0,0.0,0.0,0,0,0,0,0.0,0,0,0,0,0,0,0,0,0,0,0,0,0,0,0,0,0,0,0,0,0,0,0,0,0,0,0,0,0,0,0,0,0,38,14,7,45,65476,0,300,0,0,8,21553,0.0,-107605600.0,0.0,0.0,0.0,0.0,0.0,0.0,0.0,0.0,0.0,0.0,0.0,0.0,0.0,0.0,0.0,0.0,0.0,0.0,0.0,0.0,0.0,-2.004,-0.0,0.0,0.0,0.0,0.0,0.0,5002.0,0.0,0.0,0.0,-107615288.0,0.0,-0.0,0.0,0.0,0.0,0.0,53,126841110528.0,-152017263656960.0,0.0,0.0,0.0,0.0,0.0,0.0,0.0,0,0,0,0.0,0.0,0.0,0.0,0.0,0.0,0.0,0.0,0.0,0.0,0.0,0.0,0.0,0.0,0.0,0.0,0,-107875648.0,53,0.0,106,-107614832.0,-107350944.0,ERR,ERR,ERR,ERR,ERR,ERR,ERR,ERR,ERR,ERR,ERR,ERR,ERR,ERR,ERR,ERR,ERR,ERR,ERR,ERR,ERR,ERR,ERR,ERR,ERR,ERR,ERR,ERR,ERR,ERR,ERR,ERR,ERR,ERR,ERR,ERR,ERR,ERR,ERR,ERR,ERR,ERR,ERR,ERR,ERR,ERR,ERR,ERR,ERR,ERR,ERR,ERR,ERR,ERR,ERR,ERR,ERR,ERR,ERR,ERR,ERR,ERR,ERR,ERR,ERR,ERR,ERR,50.0,60.0,100,0.0,0.0,0.0,0.0,0.0,0.0,0.0,0.0,0.0,0.0,0.0,0.0,0.0,0.0,0.0,0.0,61.6,65,20,65521,50,65476,0,300,0,0,8,20529,65476,0,0,26214,60.0,0.0,0.0,0.0,0.0,0.0
2026-05-17T16:31:27,ERR,ERR,ERR,ERR,ERR,ERR,ERR,ERR,ERR,ERR,ERR,ERR,ERR,ERR,ERR,ERR,ERR,ERR,ERR,ERR,ERR,ERR,ERR,ERR,ERR,ERR,ERR,ERR,ERR,ERR,ERR,ERR,ERR,ERR,ERR,ERR,ERR,ERR,ERR,ERR,ERR,ERR,ERR,ERR,ERR,ERR,ERR,ERR,ERR,ERR,ERR,ERR,ERR,ERR,ERR,ERR,ERR,ERR,ERR,ERR,ERR,ERR,ERR,ERR,ERR,ERR,ERR,ERR,ERR,ERR,ERR,ERR,ERR,ERR,ERR,ERR,ERR,ERR,ERR,ERR,ERR,ERR,ERR,ERR,ERR,ERR,ERR,ERR,ERR,ERR,ERR,ERR,ERR,ERR,ERR,ERR,ERR,ERR,ERR,ERR,ERR,ERR,ERR,ERR,ERR,ERR,ERR,ERR,ERR,ERR,ERR,ERR,ERR,ERR,ERR,ERR,ERR,ERR,ERR,ERR,ERR,ERR,ERR,ERR,ERR,0.0,-107615288.0,-0.0,0.0,0.0,1.3936040501711995e+18,7.805,0.0,0,0,4,0,8422,0.0,45,0.0,0.0,0.0,0.0,0.0,0,0,0,0,0.0,0,0,0,0,0,0,0,0,0,0,0,0,0,0,0,0,0,0,0,0,0,0,0,0,0,0,0,0,0,0,0,0,0,38,14,7,45,65476,0,300,0,0,8,21553,0.0,-107605600.0,0.0,0.0,0.0,0.0,0.0,0.0,0.0,0.0,0.0,0.0,0.0,0.0,0.0,0.0,0.0,0.0,0.0,0.0,0.0,0.0,0.0,-2.004,-0.0,0.0,0.0,0.0,0.0,0.0,5002.0,0.0,0.0,0.0,-107615288.0,0.0,-0.0,0.0,0.0,0.0,0.0,53,126841110528.0,-152017263656960.0,0.0,0.0,0.0,0.0,0.0,0.0,0.0,0,0,0,0.0,0.0,0.0,0.0,0.0,0.0,0.0,0.0,0.0,0.0,0.0,0.0,0.0,0.0,0.0,0.0,0,-107875648.0,53,0.0,106,-107614832.0,-107350944.0,ERR,ERR,ERR,ERR,ERR,ERR,ERR,ERR,ERR,ERR,ERR,ERR,ERR,ERR,ERR,ERR,ERR,ERR,ERR,ERR,ERR,ERR,ERR,ERR,ERR,ERR,ERR,ERR,ERR,ERR,ERR,ERR,ERR,ERR,ERR,ERR,ERR,ERR,ERR,ERR,ERR,ERR,ERR,ERR,ERR,ERR,ERR,ERR,ERR,ERR,ERR,ERR,ERR,ERR,ERR,ERR,ERR,ERR,ERR,ERR,ERR,ERR,ERR,ERR,ERR,ERR,ERR,50.0,60.0,100,0.0,0.0,0.0,0.0,0.0,0.0,0.0,0.0,0.0,0.0,0.0,0.0,0.0,0.0,0.0,0.0,61.6,65,20,65521,50,65476,0,300,0,0,8,20529,65476,0,0,26214,60.0,0.0,0.0,0.0,0.0,0.0
2026-05-17T16:31:28,ERR,ERR,ERR,ERR,ERR,ERR,ERR,ERR,ERR,ERR,ERR,ERR,ERR,ERR,ERR,ERR,ERR,ERR,ERR,ERR,ERR,ERR,ERR,ERR,ERR,ERR,ERR,ERR,ERR,ERR,ERR,ERR,ERR,ERR,ERR,ERR,ERR,ERR,ERR,ERR,ERR,ERR,ERR,ERR,ERR,ERR,ERR,ERR,ERR,ERR,ERR,ERR,ERR,ERR,ERR,ERR,ERR,ERR,ERR,ERR,ERR,ERR,ERR,ERR,ERR,ERR,ERR,ERR,ERR,ERR,ERR,ERR,ERR,ERR,ERR,ERR,ERR,ERR,ERR,ERR,ERR,ERR,ERR,ERR,ERR,ERR,ERR,ERR,ERR,ERR,ERR,ERR,ERR,ERR,ERR,ERR,ERR,ERR,ERR,ERR,ERR,ERR,ERR,ERR,ERR,ERR,ERR,ERR,ERR,ERR,ERR,ERR,ERR,ERR,ERR,ERR,ERR,ERR,ERR,ERR,ERR,ERR,ERR,ERR,ERR,0.0,-107615288.0,-0.0,0.0,0.0,1.3936040501711995e+18,7.805,0.0,0,0,4,0,8422,0.0,45,0.0,0.0,0.0,0.0,0.0,0,0,0,0,0.0,0,0,0,0,0,0,0,0,0,0,0,0,0,0,0,0,0,0,0,0,0,0,0,0,0,0,0,0,0,0,0,0,0,38,14,7,45,65476,0,300,0,0,8,21553,0.0,-107605600.0,0.0,0.0,0.0,0.0,0.0,0.0,0.0,0.0,0.0,0.0,0.0,0.0,0.0,0.0,0.0,0.0,0.0,0.0,0.0,0.0,0.0,-2.004,-0.0,0.0,0.0,0.0,0.0,0.0,4968.0,-0.0,0.0,0.0,-107615288.0,0.0,-0.0,0.0,0.0,0.0,0.0,53,71.63,0.0,0.0,0.0,0.0,0.0,0.0,0.0,0.0,0,0,0,0.0,0.0,0.0,0.0,0.0,0.0,0.0,0.0,0.0,0.0,0.0,0.0,0.0,0.0,0.0,0.0,0,-107875648.0,53,0.0,106,-107614832.0,-107350944.0,ERR,ERR,ERR,ERR,ERR,ERR,ERR,ERR,ERR,ERR,ERR,ERR,ERR,ERR,ERR,ERR,ERR,ERR,ERR,ERR,ERR,ERR,ERR,ERR,ERR,ERR,ERR,ERR,ERR,ERR,ERR,ERR,ERR,ERR,ERR,ERR,ERR,ERR,ERR,ERR,ERR,ERR,ERR,ERR,ERR,ERR,ERR,ERR,ERR,ERR,ERR,ERR,ERR,ERR,ERR,ERR,ERR,ERR,ERR,ERR,ERR,ERR,ERR,ERR,ERR,ERR,ERR,50.0,60.0,100,0.0,0.0,0.0,0.0,0.0,0.0,0.0,0.0,0.0,0.0,0.0,0.0,0.0,0.0,0.0,0.0,61.6,65,20,65521,50,65476,0,300,0,0,8,20529,65476,0,0,26214,60.0,0.0,0.0,0.0,0.0,0.0
2026-05-17T16:31:29,ERR,ERR,ERR,ERR,ERR,ERR,ERR,ERR,ERR,ERR,ERR,ERR,ERR,ERR,ERR,ERR,ERR,ERR,ERR,ERR,ERR,ERR,ERR,ERR,ERR,ERR,ERR,ERR,ERR,ERR,ERR,ERR,ERR,ERR,ERR,ERR,ERR,ERR,ERR,ERR,ERR,ERR,ERR,ERR,ERR,ERR,ERR,ERR,ERR,ERR,ERR,ERR,ERR,ERR,ERR,ERR,ERR,ERR,ERR,ERR,ERR,ERR,ERR,ERR,ERR,ERR,ERR,ERR,ERR,ERR,ERR,ERR,ERR,ERR,ERR,ERR,ERR,ERR,ERR,ERR,ERR,ERR,ERR,ERR,ERR,ERR,ERR,ERR,ERR,ERR,ERR,ERR,ERR,ERR,ERR,ERR,ERR,ERR,ERR,ERR,ERR,ERR,ERR,ERR,ERR,ERR,ERR,ERR,ERR,ERR,ERR,ERR,ERR,ERR,ERR,ERR,ERR,ERR,ERR,ERR,ERR,ERR,ERR,ERR,ERR,0.0,-107615288.0,-0.0,0.0,0.0,1.3936040501711995e+18,7.805,0.0,0,0,4,0,8422,0.0,45,0.0,0.0,0.0,0.0,0.0,0,0,0,0,0.0,0,0,0,0,0,0,0,0,0,0,0,0,0,0,0,0,0,0,0,0,0,0,0,0,0,0,0,0,0,0,0,0,0,38,14,7,45,65476,0,300,0,0,8,21553,0.0,-107605600.0,0.0,0.0,0.0,0.0,0.0,0.0,0.0,0.0,0.0,0.0,0.0,0.0,0.0,0.0,0.0,0.0,0.0,0.0,0.0,0.0,0.0,-2.004,-0.0,0.0,0.0,0.0,0.0,0.0,4968.0,-0.0,0.0,0.0,-107615288.0,0.0,-0.0,0.0,0.0,0.0,0.0,53,71.63,0.0,0.0,0.0,0.0,0.0,0.0,0.0,0.0,0,0,0,0.0,0.0,0.0,0.0,0.0,0.0,0.0,0.0,0.0,0.0,0.0,0.0,0.0,0.0,0.0,0.0,0,-107875648.0,53,0.0,106,-107614832.0,-107350944.0,ERR,ERR,ERR,ERR,ERR,ERR,ERR,ERR,ERR,ERR,ERR,ERR,ERR,ERR,ERR,ERR,ERR,ERR,ERR,ERR,ERR,ERR,ERR,ERR,ERR,ERR,ERR,ERR,ERR,ERR,ERR,ERR,ERR,ERR,ERR,ERR,ERR,ERR,ERR,ERR,ERR,ERR,ERR,ERR,ERR,ERR,ERR,ERR,ERR,ERR,ERR,ERR,ERR,ERR,ERR,ERR,ERR,ERR,ERR,ERR,ERR,ERR,ERR,ERR,ERR,ERR,ERR,50.0,60.0,100,0.0,0.0,0.0,0.0,0.0,0.0,0.0,0.0,0.0,0.0,0.0,0.0,0.0,0.0,0.0,0.0,61.6,65,20,65521,50,65476,0,300,0,0,8,20529,65476,0,0,26214,60.0,0.0,0.0,0.0,0.0,0.0
2026-05-17T16:31:30,ERR,ERR,ERR,ERR,ERR,ERR,ERR,ERR,ERR,ERR,ERR,ERR,ERR,ERR,ERR,ERR,ERR,ERR,ERR,ERR,ERR,ERR,ERR,ERR,ERR,ERR,ERR,ERR,ERR,ERR,ERR,ERR,ERR,ERR,ERR,ERR,ERR,ERR,ERR,ERR,ERR,ERR,ERR,ERR,ERR,ERR,ERR,ERR,ERR,ERR,ERR,ERR,ERR,ERR,ERR,ERR,ERR,ERR,ERR,ERR,ERR,ERR,ERR,ERR,ERR,ERR,ERR,ERR,ERR,ERR,ERR,ERR,ERR,ERR,ERR,ERR,ERR,ERR,ERR,ERR,ERR,ERR,ERR,ERR,ERR,ERR,ERR,ERR,ERR,ERR,ERR,ERR,ERR,ERR,ERR,ERR,ERR,ERR,ERR,ERR,ERR,ERR,ERR,ERR,ERR,ERR,ERR,ERR,ERR,ERR,ERR,ERR,ERR,ERR,ERR,ERR,ERR,ERR,ERR,ERR,ERR,ERR,ERR,ERR,ERR,0.0,-107615288.0,-0.0,0.0,0.0,1.3936040501711995e+18,7.805,0.0,0,0,4,0,8422,0.0,45,0.0,0.0,0.0,0.0,0.0,0,0,0,0,0.0,0,0,0,0,0,0,0,0,0,0,0,0,0,0,0,0,0,0,0,0,0,0,0,0,0,0,0,0,0,0,0,0,0,38,14,7,45,65476,0,300,0,0,8,21553,0.0,-107605600.0,0.0,0.0,0.0,0.0,0.0,0.0,0.0,0.0,0.0,0.0,0.0,0.0,0.0,0.0,0.0,0.0,0.0,0.0,0.0,0.0,0.0,-2.004,-0.0,0.0,0.0,0.0,0.0,0.0,4968.0,-0.0,0.0,0.0,-107615288.0,0.0,-0.0,0.0,0.0,0.0,0.0,53,71.63,0.0,0.0,0.0,0.0,0.0,0.0,0.0,0.0,0,0,0,0.0,0.0,0.0,0.0,0.0,0.0,0.0,0.0,0.0,0.0,0.0,0.0,0.0,0.0,0.0,0.0,0,-107875648.0,53,0.0,106,-107614832.0,-107350944.0,ERR,ERR,ERR,ERR,ERR,ERR,ERR,ERR,ERR,ERR,ERR,ERR,ERR,ERR,ERR,ERR,ERR,ERR,ERR,ERR,ERR,ERR,ERR,ERR,ERR,ERR,ERR,ERR,ERR,ERR,ERR,ERR,ERR,ERR,ERR,ERR,ERR,ERR,ERR,ERR,ERR,ERR,ERR,ERR,ERR,ERR,ERR,ERR,ERR,ERR,ERR,ERR,ERR,ERR,ERR,ERR,ERR,ERR,ERR,ERR,ERR,ERR,ERR,ERR,ERR,ERR,ERR,50.0,60.0,100,0.0,0.0,0.0,0.0,0.0,0.0,0.0,0.0,0.0,0.0,0.0,0.0,0.0,0.0,0.0,0.0,61.6,65,20,65521,50,65476,0,300,0,0,8,20529,65476,0,0,26214,60.0,0.0,0.0,0.0,0.0,0.0
2026-05-17T16:31:31,ERR,ERR,ERR,ERR,ERR,ERR,ERR,ERR,ERR,ERR,ERR,ERR,ERR,ERR,ERR,ERR,ERR,ERR,ERR,ERR,ERR,ERR,ERR,ERR,ERR,ERR,ERR,ERR,ERR,ERR,ERR,ERR,ERR,ERR,ERR,ERR,ERR,ERR,ERR,ERR,ERR,ERR,ERR,ERR,ERR,ERR,ERR,ERR,ERR,ERR,ERR,ERR,ERR,ERR,ERR,ERR,ERR,ERR,ERR,ERR,ERR,ERR,ERR,ERR,ERR,ERR,ERR,ERR,ERR,ERR,ERR,ERR,ERR,ERR,ERR,ERR,ERR,ERR,ERR,ERR,ERR,ERR,ERR,ERR,ERR,ERR,ERR,ERR,ERR,ERR,ERR,ERR,ERR,ERR,ERR,ERR,ERR,ERR,ERR,ERR,ERR,ERR,ERR,ERR,ERR,ERR,ERR,ERR,ERR,ERR,ERR,ERR,ERR,ERR,ERR,ERR,ERR,ERR,ERR,ERR,ERR,ERR,ERR,ERR,ERR,0.0,-107615288.0,-0.0,0.0,0.0,1.3936040501711995e+18,7.805,0.0,0,0,4,0,8422,0.0,45,0.0,0.0,0.0,0.0,0.0,0,0,0,0,0.0,0,0,0,0,0,0,0,0,0,0,0,0,0,0,0,0,0,0,0,0,0,0,0,0,0,0,0,0,0,0,0,0,0,38,14,7,45,65476,0,300,0,0,8,21553,0.0,-107605600.0,0.0,0.0,0.0,0.0,0.0,0.0,0.0,0.0,0.0,0.0,0.0,0.0,0.0,0.0,0.0,0.0,0.0,0.0,0.0,0.0,0.0,-2.004,-0.0,0.0,0.0,0.0,0.0,0.0,4968.0,-0.0,0.0,0.0,-107615288.0,0.0,-0.0,0.0,0.0,0.0,0.0,53,71.63,0.0,0.0,0.0,0.0,0.0,0.0,0.0,0.0,0,0,0,0.0,0.0,0.0,0.0,0.0,0.0,0.0,0.0,0.0,0.0,0.0,0.0,0.0,0.0,0.0,0.0,0,-107875648.0,53,0.0,106,-107614832.0,-107350944.0,ERR,ERR,ERR,ERR,ERR,ERR,ERR,ERR,ERR,ERR,ERR,ERR,ERR,ERR,ERR,ERR,ERR,ERR,ERR,ERR,ERR,ERR,ERR,ERR,ERR,ERR,ERR,ERR,ERR,ERR,ERR,ERR,ERR,ERR,ERR,ERR,ERR,ERR,ERR,ERR,ERR,ERR,ERR,ERR,ERR,ERR,ERR,ERR,ERR,ERR,ERR,ERR,ERR,ERR,ERR,ERR,ERR,ERR,ERR,ERR,ERR,ERR,ERR,ERR,ERR,ERR,ERR,50.0,60.0,100,0.0,0.0,0.0,0.0,0.0,0.0,0.0,0.0,0.0,0.0,0.0,0.0,0.0,0.0,0.0,0.0,62.0,65,20,65521,50,65476,0,300,0,0,8,20529,65476,0,0,26214,60.0,0.0,0.0,0.0,0.0,0.0
2026-05-17T16:31:32,ERR,ERR,ERR,ERR,ERR,ERR,ERR,ERR,ERR,ERR,ERR,ERR,ERR,ERR,ERR,ERR,ERR,ERR,ERR,ERR,ERR,ERR,ERR,ERR,ERR,ERR,ERR,ERR,ERR,ERR,ERR,ERR,ERR,ERR,ERR,ERR,ERR,ERR,ERR,ERR,ERR,ERR,ERR,ERR,ERR,ERR,ERR,ERR,ERR,ERR,ERR,ERR,ERR,ERR,ERR,ERR,ERR,ERR,ERR,ERR,ERR,ERR,ERR,ERR,ERR,ERR,ERR,ERR,ERR,ERR,ERR,ERR,ERR,ERR,ERR,ERR,ERR,ERR,ERR,ERR,ERR,ERR,ERR,ERR,ERR,ERR,ERR,ERR,ERR,ERR,ERR,ERR,ERR,ERR,ERR,ERR,ERR,ERR,ERR,ERR,ERR,ERR,ERR,ERR,ERR,ERR,ERR,ERR,ERR,ERR,ERR,ERR,ERR,ERR,ERR,ERR,ERR,ERR,ERR,ERR,ERR,ERR,ERR,ERR,ERR,0.0,-107615288.0,-0.0,0.0,0.0,1.3936040501711995e+18,7.805,0.0,0,0,4,0,8422,0.0,45,0.0,0.0,0.0,0.0,0.0,0,0,0,0,0.0,0,0,0,0,0,0,0,0,0,0,0,0,0,0,0,0,0,0,0,0,0,0,0,0,0,0,0,0,0,0,0,0,0,38,14,7,45,65476,0,300,0,0,8,21553,0.0,-107605600.0,0.0,0.0,0.0,0.0,0.0,0.0,0.0,0.0,0.0,0.0,0.0,0.0,0.0,0.0,0.0,0.0,0.0,0.0,0.0,0.0,0.0,-2.004,-0.0,0.0,0.0,0.0,0.0,0.0,4968.0,-0.0,0.0,0.0,-107615288.0,0.0,-0.0,0.0,0.0,0.0,0.0,53,71.63,0.0,0.0,0.0,0.0,0.0,0.0,0.0,0.0,0,0,0,0.0,0.0,0.0,0.0,0.0,0.0,0.0,0.0,0.0,0.0,0.0,0.0,0.0,0.0,0.0,0.0,0,-107875648.0,53,0.0,106,-107614832.0,-107350944.0,ERR,ERR,ERR,ERR,ERR,ERR,ERR,ERR,ERR,ERR,ERR,ERR,ERR,ERR,ERR,ERR,ERR,ERR,ERR,ERR,ERR,ERR,ERR,ERR,ERR,ERR,ERR,ERR,ERR,ERR,ERR,ERR,ERR,ERR,ERR,ERR,ERR,ERR,ERR,ERR,ERR,ERR,ERR,ERR,ERR,ERR,ERR,ERR,ERR,ERR,ERR,ERR,ERR,ERR,ERR,ERR,ERR,ERR,ERR,ERR,ERR,ERR,ERR,ERR,ERR,ERR,ERR,50.0,60.0,100,0.0,0.0,0.0,0.0,0.0,0.0,0.0,0.0,0.0,0.0,0.0,0.0,0.0,0.0,0.0,0.0,62.0,65,20,65521,50,65476,0,300,0,0,8,20529,65476,0,0,26214,60.0,0.0,0.0,0.0,0.0,0.0
2026-05-17T16:31:33,ERR,ERR,ERR,ERR,ERR,ERR,ERR,ERR,ERR,ERR,ERR,ERR,ERR,ERR,ERR,ERR,ERR,ERR,ERR,ERR,ERR,ERR,ERR,ERR,ERR,ERR,ERR,ERR,ERR,ERR,ERR,ERR,ERR,ERR,ERR,ERR,ERR,ERR,ERR,ERR,ERR,ERR,ERR,ERR,ERR,ERR,ERR,ERR,ERR,ERR,ERR,ERR,ERR,ERR,ERR,ERR,ERR,ERR,ERR,ERR,ERR,ERR,ERR,ERR,ERR,ERR,ERR,ERR,ERR,ERR,ERR,ERR,ERR,ERR,ERR,ERR,ERR,ERR,ERR,ERR,ERR,ERR,ERR,ERR,ERR,ERR,ERR,ERR,ERR,ERR,ERR,ERR,ERR,ERR,ERR,ERR,ERR,ERR,ERR,ERR,ERR,ERR,ERR,ERR,ERR,ERR,ERR,ERR,ERR,ERR,ERR,ERR,ERR,ERR,ERR,ERR,ERR,ERR,ERR,ERR,ERR,ERR,ERR,ERR,ERR,0.0,-107615288.0,-0.0,0.0,0.0,1.3936040501711995e+18,7.805,0.0,0,0,4,0,8422,0.0,45,0.0,0.0,0.0,0.0,0.0,0,0,0,0,0.0,0,0,0,0,0,0,0,0,0,0,0,0,0,0,0,0,0,0,0,0,0,0,0,0,0,0,0,0,0,0,0,0,0,38,14,7,45,65476,0,300,0,0,8,21553,0.0,-107605600.0,0.0,0.0,0.0,0.0,0.0,0.0,0.0,0.0,0.0,0.0,0.0,0.0,0.0,0.0,0.0,0.0,0.0,0.0,0.0,0.0,0.0,-2.004,-0.0,0.0,0.0,0.0,0.0,0.0,4972.0,2.004,0.0,0.0,-107615288.0,0.0,-0.0,0.0,0.0,0.0,0.0,53,126841110528.0,-3.222002029374005e+26,0.0,0.0,0.0,0.0,0.0,0.0,0.0,0,0,0,0.0,0.0,0.0,0.0,0.0,0.0,0.0,0.0,0.0,0.0,0.0,0.0,0.0,0.0,0.0,0.0,0,-107875648.0,53,0.0,106,-107614832.0,-107350944.0,ERR,ERR,ERR,ERR,ERR,ERR,ERR,ERR,ERR,ERR,ERR,ERR,ERR,ERR,ERR,ERR,ERR,ERR,ERR,ERR,ERR,ERR,ERR,ERR,ERR,ERR,ERR,ERR,ERR,ERR,ERR,ERR,ERR,ERR,ERR,ERR,ERR,ERR,ERR,ERR,ERR,ERR,ERR,ERR,ERR,ERR,ERR,ERR,ERR,ERR,ERR,ERR,ERR,ERR,ERR,ERR,ERR,ERR,ERR,ERR,ERR,ERR,ERR,ERR,ERR,ERR,ERR,50.0,60.0,100,0.0,0.0,0.0,0.0,0.0,0.0,0.0,0.0,0.0,0.0,0.0,0.0,0.0,0.0,0.0,0.0,62.0,65,20,65521,50,65476,0,300,0,0,8,20529,65476,0,0,26214,60.0,0.0,0.0,0.0,0.0,0.0
2026-05-17T16:31:34,ERR,ERR,ERR,ERR,ERR,ERR,ERR,ERR,ERR,ERR,ERR,ERR,ERR,ERR,ERR,ERR,ERR,ERR,ERR,ERR,ERR,ERR,ERR,ERR,ERR,ERR,ERR,ERR,ERR,ERR,ERR,ERR,ERR,ERR,ERR,ERR,ERR,ERR,ERR,ERR,ERR,ERR,ERR,ERR,ERR,ERR,ERR,ERR,ERR,ERR,ERR,ERR,ERR,ERR,ERR,ERR,ERR,ERR,ERR,ERR,ERR,ERR,ERR,ERR,ERR,ERR,ERR,ERR,ERR,ERR,ERR,ERR,ERR,ERR,ERR,ERR,ERR,ERR,ERR,ERR,ERR,ERR,ERR,ERR,ERR,ERR,ERR,ERR,ERR,ERR,ERR,ERR,ERR,ERR,ERR,ERR,ERR,ERR,ERR,ERR,ERR,ERR,ERR,ERR,ERR,ERR,ERR,ERR,ERR,ERR,ERR,ERR,ERR,ERR,ERR,ERR,ERR,ERR,ERR,ERR,ERR,ERR,ERR,ERR,ERR,0.0,-107615288.0,-0.0,0.0,0.0,1.3936040501711995e+18,7.805,0.0,0,0,4,0,8422,0.0,45,0.0,0.0,0.0,0.0,0.0,0,0,0,0,0.0,0,0,0,0,0,0,0,0,0,0,0,0,0,0,0,0,0,0,0,0,0,0,0,0,0,0,0,0,0,0,0,0,0,38,14,7,45,65476,0,300,0,0,8,21553,0.0,-107605600.0,0.0,0.0,0.0,0.0,0.0,0.0,0.0,0.0,0.0,0.0,0.0,0.0,0.0,0.0,0.0,0.0,0.0,0.0,0.0,0.0,0.0,-2.004,-0.0,0.0,0.0,0.0,0.0,0.0,4972.0,2.004,0.0,0.0,-107615288.0,0.0,-0.0,0.0,0.0,0.0,0.0,53,126841110528.0,-3.222002029374005e+26,0.0,0.0,0.0,0.0,0.0,0.0,0.0,0,0,0,0.0,0.0,0.0,0.0,0.0,0.0,0.0,0.0,0.0,0.0,0.0,0.0,0.0,0.0,0.0,0.0,0,-107875648.0,53,0.0,106,-107614832.0,-107350944.0,ERR,ERR,ERR,ERR,ERR,ERR,ERR,ERR,ERR,ERR,ERR,ERR,ERR,ERR,ERR,ERR,ERR,ERR,ERR,ERR,ERR,ERR,ERR,ERR,ERR,ERR,ERR,ERR,ERR,ERR,ERR,ERR,ERR,ERR,ERR,ERR,ERR,ERR,ERR,ERR,ERR,ERR,ERR,ERR,ERR,ERR,ERR,ERR,ERR,ERR,ERR,ERR,ERR,ERR,ERR,ERR,ERR,ERR,ERR,ERR,ERR,ERR,ERR,ERR,ERR,ERR,ERR,50.0,60.0,100,0.0,0.0,0.0,0.0,0.0,0.0,0.0,0.0,0.0,0.0,0.0,0.0,0.0,0.0,0.0,0.0,62.0,65,20,65521,50,65476,0,300,0,0,8,20529,65476,0,0,26214,60.0,0.0,0.0,0.0,0.0,0.0
2026-05-17T16:31:35,ERR,ERR,ERR,ERR,ERR,ERR,ERR,ERR,ERR,ERR,ERR,ERR,ERR,ERR,ERR,ERR,ERR,ERR,ERR,ERR,ERR,ERR,ERR,ERR,ERR,ERR,ERR,ERR,ERR,ERR,ERR,ERR,ERR,ERR,ERR,ERR,ERR,ERR,ERR,ERR,ERR,ERR,ERR,ERR,ERR,ERR,ERR,ERR,ERR,ERR,ERR,ERR,ERR,ERR,ERR,ERR,ERR,ERR,ERR,ERR,ERR,ERR,ERR,ERR,ERR,ERR,ERR,ERR,ERR,ERR,ERR,ERR,ERR,ERR,ERR,ERR,ERR,ERR,ERR,ERR,ERR,ERR,ERR,ERR,ERR,ERR,ERR,ERR,ERR,ERR,ERR,ERR,ERR,ERR,ERR,ERR,ERR,ERR,ERR,ERR,ERR,ERR,ERR,ERR,ERR,ERR,ERR,ERR,ERR,ERR,ERR,ERR,ERR,ERR,ERR,ERR,ERR,ERR,ERR,ERR,ERR,ERR,ERR,ERR,ERR,0.0,-107615288.0,-0.0,0.0,0.0,1.3936040501711995e+18,7.805,0.0,0,0,4,0,8422,0.0,45,0.0,0.0,0.0,0.0,0.0,0,0,0,0,0.0,0,0,0,0,0,0,0,0,0,0,0,0,0,0,0,0,0,0,0,0,0,0,0,0,0,0,0,0,0,0,0,0,0,38,14,7,45,65476,0,300,0,0,8,21553,0.0,-107605600.0,0.0,0.0,0.0,0.0,0.0,0.0,0.0,0.0,0.0,0.0,0.0,0.0,0.0,0.0,0.0,0.0,0.0,0.0,0.0,0.0,0.0,-2.004,-0.0,0.0,0.0,0.0,0.0,0.0,4972.0,2.004,0.0,0.0,-107615288.0,0.0,-0.0,0.0,0.0,0.0,0.0,53,126841110528.0,-3.222002029374005e+26,0.0,0.0,0.0,0.0,0.0,0.0,0.0,0,0,0,0.0,0.0,0.0,0.0,0.0,0.0,0.0,0.0,0.0,0.0,0.0,0.0,0.0,0.0,0.0,0.0,0,-107875648.0,53,0.0,106,-107614832.0,-107350944.0,ERR,ERR,ERR,ERR,ERR,ERR,ERR,ERR,ERR,ERR,ERR,ERR,ERR,ERR,ERR,ERR,ERR,ERR,ERR,ERR,ERR,ERR,ERR,ERR,ERR,ERR,ERR,ERR,ERR,ERR,ERR,ERR,ERR,ERR,ERR,ERR,ERR,ERR,ERR,ERR,ERR,ERR,ERR,ERR,ERR,ERR,ERR,ERR,ERR,ERR,ERR,ERR,ERR,ERR,ERR,ERR,ERR,ERR,ERR,ERR,ERR,ERR,ERR,ERR,ERR,ERR,ERR,50.0,60.0,100,0.0,0.0,0.0,0.0,0.0,0.0,0.0,0.0,0.0,0.0,0.0,0.0,0.0,0.0,0.0,0.0,61.6,65,20,65521,50,65476,0,300,0,0,8,20529,65476,0,0,26214,60.0,0.0,0.0,0.0,0.0,0.0
2026-05-17T16:31:36,ERR,ERR,ERR,ERR,ERR,ERR,ERR,ERR,ERR,ERR,ERR,ERR,ERR,ERR,ERR,ERR,ERR,ERR,ERR,ERR,ERR,ERR,ERR,ERR,ERR,ERR,ERR,ERR,ERR,ERR,ERR,ERR,ERR,ERR,ERR,ERR,ERR,ERR,ERR,ERR,ERR,ERR,ERR,ERR,ERR,ERR,ERR,ERR,ERR,ERR,ERR,ERR,ERR,ERR,ERR,ERR,ERR,ERR,ERR,ERR,ERR,ERR,ERR,ERR,ERR,ERR,ERR,ERR,ERR,ERR,ERR,ERR,ERR,ERR,ERR,ERR,ERR,ERR,ERR,ERR,ERR,ERR,ERR,ERR,ERR,ERR,ERR,ERR,ERR,ERR,ERR,ERR,ERR,ERR,ERR,ERR,ERR,ERR,ERR,ERR,ERR,ERR,ERR,ERR,ERR,ERR,ERR,ERR,ERR,ERR,ERR,ERR,ERR,ERR,ERR,ERR,ERR,ERR,ERR,ERR,ERR,ERR,ERR,ERR,ERR,0.0,-107615288.0,-0.0,0.0,0.0,1.3936040501711995e+18,7.805,0.0,0,0,4,0,8422,0.0,45,0.0,0.0,0.0,0.0,0.0,0,0,0,0,0.0,0,0,0,0,0,0,0,0,0,0,0,0,0,0,0,0,0,0,0,0,0,0,0,0,0,0,0,0,0,0,0,0,0,38,14,7,45,65476,0,300,0,0,8,21553,0.0,-107605600.0,0.0,0.0,0.0,0.0,0.0,0.0,0.0,0.0,0.0,0.0,0.0,0.0,0.0,0.0,0.0,0.0,0.0,0.0,0.0,0.0,0.0,-2.004,-0.0,0.0,0.0,0.0,0.0,0.0,4972.0,2.004,0.0,0.0,-107615288.0,0.0,-0.0,0.0,0.0,0.0,0.0,53,126841110528.0,-3.222002029374005e+26,0.0,0.0,0.0,0.0,0.0,0.0,0.0,0,0,0,0.0,0.0,0.0,0.0,0.0,0.0,0.0,0.0,0.0,0.0,0.0,0.0,0.0,0.0,0.0,0.0,0,-107875648.0,53,0.0,106,-107614832.0,-107350944.0,ERR,ERR,ERR,ERR,ERR,ERR,ERR,ERR,ERR,ERR,ERR,ERR,ERR,ERR,ERR,ERR,ERR,ERR,ERR,ERR,ERR,ERR,ERR,ERR,ERR,ERR,ERR,ERR,ERR,ERR,ERR,ERR,ERR,ERR,ERR,ERR,ERR,ERR,ERR,ERR,ERR,ERR,ERR,ERR,ERR,ERR,ERR,ERR,ERR,ERR,ERR,ERR,ERR,ERR,ERR,ERR,ERR,ERR,ERR,ERR,ERR,ERR,ERR,ERR,ERR,ERR,ERR,50.0,60.0,100,0.0,0.0,0.0,0.0,0.0,0.0,0.0,0.0,0.0,0.0,0.0,0.0,0.0,0.0,0.0,0.0,61.6,65,20,65521,50,65476,0,300,0,0,8,20529,65476,0,0,26214,60.0,0.0,0.0,0.0,0.0,0.0
2026-05-17T16:31:37,ERR,ERR,ERR,ERR,ERR,ERR,ERR,ERR,ERR,ERR,ERR,ERR,ERR,ERR,ERR,ERR,ERR,ERR,ERR,ERR,ERR,ERR,ERR,ERR,ERR,ERR,ERR,ERR,ERR,ERR,ERR,ERR,ERR,ERR,ERR,ERR,ERR,ERR,ERR,ERR,ERR,ERR,ERR,ERR,ERR,ERR,ERR,ERR,ERR,ERR,ERR,ERR,ERR,ERR,ERR,ERR,ERR,ERR,ERR,ERR,ERR,ERR,ERR,ERR,ERR,ERR,ERR,ERR,ERR,ERR,ERR,ERR,ERR,ERR,ERR,ERR,ERR,ERR,ERR,ERR,ERR,ERR,ERR,ERR,ERR,ERR,ERR,ERR,ERR,ERR,ERR,ERR,ERR,ERR,ERR,ERR,ERR,ERR,ERR,ERR,ERR,ERR,ERR,ERR,ERR,ERR,ERR,ERR,ERR,ERR,ERR,ERR,ERR,ERR,ERR,ERR,ERR,ERR,ERR,ERR,ERR,ERR,ERR,ERR,ERR,0.0,-107615288.0,-0.0,0.0,0.0,1.3936040501711995e+18,7.805,0.0,0,0,4,0,8422,0.0,45,0.0,0.0,0.0,0.0,0.0,0,0,0,0,0.0,0,0,0,0,0,0,0,0,0,0,0,0,0,0,0,0,0,0,0,0,0,0,0,0,0,0,0,0,0,0,0,0,0,38,14,7,45,65476,0,300,0,0,8,21553,0.0,-107605600.0,0.0,0.0,0.0,0.0,0.0,0.0,0.0,0.0,0.0,0.0,0.0,0.0,0.0,0.0,0.0,0.0,0.0,0.0,0.0,0.0,0.0,-2.004,-0.0,0.0,0.0,0.0,0.0,0.0,4972.0,2.004,0.0,0.0,-107615288.0,0.0,-0.0,0.0,0.0,0.0,0.0,53,126841110528.0,-3.222002029374005e+26,0.0,0.0,0.0,0.0,0.0,0.0,0.0,0,0,0,0.0,0.0,0.0,0.0,0.0,0.0,0.0,0.0,0.0,0.0,0.0,0.0,0.0,0.0,0.0,0.0,0,-107875648.0,53,0.0,106,-107614832.0,-107350944.0,ERR,ERR,ERR,ERR,ERR,ERR,ERR,ERR,ERR,ERR,ERR,ERR,ERR,ERR,ERR,ERR,ERR,ERR,ERR,ERR,ERR,ERR,ERR,ERR,ERR,ERR,ERR,ERR,ERR,ERR,ERR,ERR,ERR,ERR,ERR,ERR,ERR,ERR,ERR,ERR,ERR,ERR,ERR,ERR,ERR,ERR,ERR,ERR,ERR,ERR,ERR,ERR,ERR,ERR,ERR,ERR,ERR,ERR,ERR,ERR,ERR,ERR,ERR,ERR,ERR,ERR,ERR,50.0,60.0,100,0.0,0.0,0.0,0.0,0.0,0.0,0.0,0.0,0.0,0.0,0.0,0.0,0.0,0.0,0.0,0.0,62.0,65,20,65521,50,65476,0,300,0,0,8,20529,65476,0,0,26214,60.0,0.0,0.0,0.0,0.0,0.0
2026-05-17T16:31:38,ERR,ERR,ERR,ERR,ERR,ERR,ERR,ERR,ERR,ERR,ERR,ERR,ERR,ERR,ERR,ERR,ERR,ERR,ERR,ERR,ERR,ERR,ERR,ERR,ERR,ERR,ERR,ERR,ERR,ERR,ERR,ERR,ERR,ERR,ERR,ERR,ERR,ERR,ERR,ERR,ERR,ERR,ERR,ERR,ERR,ERR,ERR,ERR,ERR,ERR,ERR,ERR,ERR,ERR,ERR,ERR,ERR,ERR,ERR,ERR,ERR,ERR,ERR,ERR,ERR,ERR,ERR,ERR,ERR,ERR,ERR,ERR,ERR,ERR,ERR,ERR,ERR,ERR,ERR,ERR,ERR,ERR,ERR,ERR,ERR,ERR,ERR,ERR,ERR,ERR,ERR,ERR,ERR,ERR,ERR,ERR,ERR,ERR,ERR,ERR,ERR,ERR,ERR,ERR,ERR,ERR,ERR,ERR,ERR,ERR,ERR,ERR,ERR,ERR,ERR,ERR,ERR,ERR,ERR,ERR,ERR,ERR,ERR,ERR,ERR,0.0,-107615288.0,-0.0,0.0,0.0,1.3936040501711995e+18,7.805,0.0,0,0,4,0,8422,0.0,45,0.0,0.0,0.0,0.0,0.0,0,0,0,0,0.0,0,0,0,0,0,0,0,0,0,0,0,0,0,0,0,0,0,0,0,0,0,0,0,0,0,0,0,0,0,0,0,0,0,38,14,7,45,65476,0,300,0,0,8,21553,0.0,-107605600.0,0.0,0.0,0.0,0.0,0.0,0.0,0.0,0.0,0.0,0.0,0.0,0.0,0.0,0.0,0.0,0.0,0.0,0.0,0.0,0.0,0.0,-2.004,-0.0,0.0,0.0,0.0,0.0,0.0,4975.0,-1.587929164219617e+29,0.0,0.0,-107615288.0,0.0,-0.0,0.0,0.0,0.0,0.0,53,152018454839296.0,-0.0,0.0,0.0,0.0,0.0,0.0,0.0,0.0,0,0,0,0.0,0.0,0.0,0.0,0.0,0.0,0.0,0.0,0.0,0.0,0.0,0.0,0.0,0.0,0.0,0.0,0,-107875648.0,53,0.0,106,-107614832.0,2.7006707062415038e+23,ERR,ERR,ERR,ERR,ERR,ERR,ERR,ERR,ERR,ERR,ERR,ERR,ERR,ERR,ERR,ERR,ERR,ERR,ERR,ERR,ERR,ERR,ERR,ERR,ERR,ERR,ERR,ERR,ERR,ERR,ERR,ERR,ERR,ERR,ERR,ERR,ERR,ERR,ERR,ERR,ERR,ERR,ERR,ERR,ERR,ERR,ERR,ERR,ERR,ERR,ERR,ERR,ERR,ERR,ERR,ERR,ERR,ERR,ERR,ERR,ERR,ERR,ERR,ERR,ERR,ERR,ERR,50.0,60.0,100,0.0,0.0,0.0,0.0,0.0,0.0,0.0,0.0,0.0,0.0,0.0,0.0,0.0,0.0,0.0,0.0,62.0,65,20,65521,50,65476,0,300,0,0,8,20529,65476,0,0,26214,60.0,0.0,0.0,0.0,0.0,0.0
2026-05-17T16:31:39,ERR,ERR,ERR,ERR,ERR,ERR,ERR,ERR,ERR,ERR,ERR,ERR,ERR,ERR,ERR,ERR,ERR,ERR,ERR,ERR,ERR,ERR,ERR,ERR,ERR,ERR,ERR,ERR,ERR,ERR,ERR,ERR,ERR,ERR,ERR,ERR,ERR,ERR,ERR,ERR,ERR,ERR,ERR,ERR,ERR,ERR,ERR,ERR,ERR,ERR,ERR,ERR,ERR,ERR,ERR,ERR,ERR,ERR,ERR,ERR,ERR,ERR,ERR,ERR,ERR,ERR,ERR,ERR,ERR,ERR,ERR,ERR,ERR,ERR,ERR,ERR,ERR,ERR,ERR,ERR,ERR,ERR,ERR,ERR,ERR,ERR,ERR,ERR,ERR,ERR,ERR,ERR,ERR,ERR,ERR,ERR,ERR,ERR,ERR,ERR,ERR,ERR,ERR,ERR,ERR,ERR,ERR,ERR,ERR,ERR,ERR,ERR,ERR,ERR,ERR,ERR,ERR,ERR,ERR,ERR,ERR,ERR,ERR,ERR,ERR,0.0,-107615288.0,-0.0,0.0,0.0,1.3936040501711995e+18,7.805,0.0,0,0,4,0,8422,0.0,45,0.0,0.0,0.0,0.0,0.0,0,0,0,0,0.0,0,0,0,0,0,0,0,0,0,0,0,0,0,0,0,0,0,0,0,0,0,0,0,0,0,0,0,0,0,0,0,0,0,38,14,7,45,65476,0,300,0,0,8,21553,0.0,-107605600.0,0.0,0.0,0.0,0.0,0.0,0.0,0.0,0.0,0.0,0.0,0.0,0.0,0.0,0.0,0.0,0.0,0.0,0.0,0.0,0.0,0.0,-2.004,-0.0,0.0,0.0,0.0,0.0,0.0,4975.0,-1.587929164219617e+29,0.0,0.0,-107615288.0,0.0,-0.0,0.0,0.0,0.0,0.0,53,152018454839296.0,-0.0,0.0,0.0,0.0,0.0,0.0,0.0,0.0,0,0,0,0.0,0.0,0.0,0.0,0.0,0.0,0.0,0.0,0.0,0.0,0.0,0.0,0.0,0.0,0.0,0.0,0,-107875648.0,53,0.0,106,-107614832.0,2.7006707062415038e+23,ERR,ERR,ERR,ERR,ERR,ERR,ERR,ERR,ERR,ERR,ERR,ERR,ERR,ERR,ERR,ERR,ERR,ERR,ERR,ERR,ERR,ERR,ERR,ERR,ERR,ERR,ERR,ERR,ERR,ERR,ERR,ERR,ERR,ERR,ERR,ERR,ERR,ERR,ERR,ERR,ERR,ERR,ERR,ERR,ERR,ERR,ERR,ERR,ERR,ERR,ERR,ERR,ERR,ERR,ERR,ERR,ERR,ERR,ERR,ERR,ERR,ERR,ERR,ERR,ERR,ERR,ERR,50.0,60.0,100,0.0,0.0,0.0,0.0,0.0,0.0,0.0,0.0,0.0,0.0,0.0,0.0,0.0,0.0,0.0,0.0,61.6,65,20,65521,50,65476,0,300,0,0,8,20529,65476,0,0,26214,60.0,0.0,0.0,0.0,0.0,0.0
2026-05-17T16:31:40,ERR,ERR,ERR,ERR,ERR,ERR,ERR,ERR,ERR,ERR,ERR,ERR,ERR,ERR,ERR,ERR,ERR,ERR,ERR,ERR,ERR,ERR,ERR,ERR,ERR,ERR,ERR,ERR,ERR,ERR,ERR,ERR,ERR,ERR,ERR,ERR,ERR,ERR,ERR,ERR,ERR,ERR,ERR,ERR,ERR,ERR,ERR,ERR,ERR,ERR,ERR,ERR,ERR,ERR,ERR,ERR,ERR,ERR,ERR,ERR,ERR,ERR,ERR,ERR,ERR,ERR,ERR,ERR,ERR,ERR,ERR,ERR,ERR,ERR,ERR,ERR,ERR,ERR,ERR,ERR,ERR,ERR,ERR,ERR,ERR,ERR,ERR,ERR,ERR,ERR,ERR,ERR,ERR,ERR,ERR,ERR,ERR,ERR,ERR,ERR,ERR,ERR,ERR,ERR,ERR,ERR,ERR,ERR,ERR,ERR,ERR,ERR,ERR,ERR,ERR,ERR,ERR,ERR,ERR,ERR,ERR,ERR,ERR,ERR,ERR,0.0,-107615288.0,-0.0,0.0,0.0,1.3936040501711995e+18,7.805,0.0,0,0,4,0,8422,0.0,45,0.0,0.0,0.0,0.0,0.0,0,0,0,0,0.0,0,0,0,0,0,0,0,0,0,0,0,0,0,0,0,0,0,0,0,0,0,0,0,0,0,0,0,0,0,0,0,0,0,38,14,7,45,65476,0,300,0,0,8,21553,0.0,-107605600.0,0.0,0.0,0.0,0.0,0.0,0.0,0.0,0.0,0.0,0.0,0.0,0.0,0.0,0.0,0.0,0.0,0.0,0.0,0.0,0.0,0.0,-2.004,-0.0,0.0,0.0,0.0,0.0,0.0,4975.0,-1.587929164219617e+29,0.0,0.0,-107615288.0,0.0,-0.0,0.0,0.0,0.0,0.0,53,152018454839296.0,-0.0,0.0,0.0,0.0,0.0,0.0,0.0,0.0,0,0,0,0.0,0.0,0.0,0.0,0.0,0.0,0.0,0.0,0.0,0.0,0.0,0.0,0.0,0.0,0.0,0.0,0,-107875648.0,53,0.0,106,-107614832.0,2.7006707062415038e+23,ERR,ERR,ERR,ERR,ERR,ERR,ERR,ERR,ERR,ERR,ERR,ERR,ERR,ERR,ERR,ERR,ERR,ERR,ERR,ERR,ERR,ERR,ERR,ERR,ERR,ERR,ERR,ERR,ERR,ERR,ERR,ERR,ERR,ERR,ERR,ERR,ERR,ERR,ERR,ERR,ERR,ERR,ERR,ERR,ERR,ERR,ERR,ERR,ERR,ERR,ERR,ERR,ERR,ERR,ERR,ERR,ERR,ERR,ERR,ERR,ERR,ERR,ERR,ERR,ERR,ERR,ERR,50.0,60.0,100,0.0,0.0,0.0,0.0,0.0,0.0,0.0,0.0,0.0,0.0,0.0,0.0,0.0,0.0,0.0,0.0,61.6,65,20,65521,50,65476,0,300,0,0,8,20529,65476,0,0,26214,60.0,0.0,0.0,0.0,0.0,0.0
2026-05-17T16:31:41,ERR,ERR,ERR,ERR,ERR,ERR,ERR,ERR,ERR,ERR,ERR,ERR,ERR,ERR,ERR,ERR,ERR,ERR,ERR,ERR,ERR,ERR,ERR,ERR,ERR,ERR,ERR,ERR,ERR,ERR,ERR,ERR,ERR,ERR,ERR,ERR,ERR,ERR,ERR,ERR,ERR,ERR,ERR,ERR,ERR,ERR,ERR,ERR,ERR,ERR,ERR,ERR,ERR,ERR,ERR,ERR,ERR,ERR,ERR,ERR,ERR,ERR,ERR,ERR,ERR,ERR,ERR,ERR,ERR,ERR,ERR,ERR,ERR,ERR,ERR,ERR,ERR,ERR,ERR,ERR,ERR,ERR,ERR,ERR,ERR,ERR,ERR,ERR,ERR,ERR,ERR,ERR,ERR,ERR,ERR,ERR,ERR,ERR,ERR,ERR,ERR,ERR,ERR,ERR,ERR,ERR,ERR,ERR,ERR,ERR,ERR,ERR,ERR,ERR,ERR,ERR,ERR,ERR,ERR,ERR,ERR,ERR,ERR,ERR,ERR,0.0,-107615288.0,-0.0,0.0,0.0,1.3936040501711995e+18,7.805,0.0,0,0,4,0,8422,0.0,45,0.0,0.0,0.0,0.0,0.0,0,0,0,0,0.0,0,0,0,0,0,0,0,0,0,0,0,0,0,0,0,0,0,0,0,0,0,0,0,0,0,0,0,0,0,0,0,0,0,38,14,7,45,65476,0,300,0,0,8,21553,0.0,-107605600.0,0.0,0.0,0.0,0.0,0.0,0.0,0.0,0.0,0.0,0.0,0.0,0.0,0.0,0.0,0.0,0.0,0.0,0.0,0.0,0.0,0.0,-2.004,-0.0,0.0,0.0,0.0,0.0,0.0,4975.0,-1.587929164219617e+29,0.0,0.0,-107615288.0,0.0,-0.0,0.0,0.0,0.0,0.0,53,152018454839296.0,-0.0,0.0,0.0,0.0,0.0,0.0,0.0,0.0,0,0,0,0.0,0.0,0.0,0.0,0.0,0.0,0.0,0.0,0.0,0.0,0.0,0.0,0.0,0.0,0.0,0.0,0,-107875648.0,53,0.0,106,-107614832.0,2.7006707062415038e+23,ERR,ERR,ERR,ERR,ERR,ERR,ERR,ERR,ERR,ERR,ERR,ERR,ERR,ERR,ERR,ERR,ERR,ERR,ERR,ERR,ERR,ERR,ERR,ERR,ERR,ERR,ERR,ERR,ERR,ERR,ERR,ERR,ERR,ERR,ERR,ERR,ERR,ERR,ERR,ERR,ERR,ERR,ERR,ERR,ERR,ERR,ERR,ERR,ERR,ERR,ERR,ERR,ERR,ERR,ERR,ERR,ERR,ERR,ERR,ERR,ERR,ERR,ERR,ERR,ERR,ERR,ERR,50.0,60.0,100,0.0,0.0,0.0,0.0,0.0,0.0,0.0,0.0,0.0,0.0,0.0,0.0,0.0,0.0,0.0,0.0,61.6,65,20,65521,50,65476,0,300,0,0,8,20529,65476,0,0,26214,60.0,0.0,0.0,0.0,0.0,0.0
2026-05-17T16:31:42,ERR,ERR,ERR,ERR,ERR,ERR,ERR,ERR,ERR,ERR,ERR,ERR,ERR,ERR,ERR,ERR,ERR,ERR,ERR,ERR,ERR,ERR,ERR,ERR,ERR,ERR,ERR,ERR,ERR,ERR,ERR,ERR,ERR,ERR,ERR,ERR,ERR,ERR,ERR,ERR,ERR,ERR,ERR,ERR,ERR,ERR,ERR,ERR,ERR,ERR,ERR,ERR,ERR,ERR,ERR,ERR,ERR,ERR,ERR,ERR,ERR,ERR,ERR,ERR,ERR,ERR,ERR,ERR,ERR,ERR,ERR,ERR,ERR,ERR,ERR,ERR,ERR,ERR,ERR,ERR,ERR,ERR,ERR,ERR,ERR,ERR,ERR,ERR,ERR,ERR,ERR,ERR,ERR,ERR,ERR,ERR,ERR,ERR,ERR,ERR,ERR,ERR,ERR,ERR,ERR,ERR,ERR,ERR,ERR,ERR,ERR,ERR,ERR,ERR,ERR,ERR,ERR,ERR,ERR,ERR,ERR,ERR,ERR,ERR,ERR,0.0,-107615288.0,-0.0,0.0,0.0,1.3936040501711995e+18,7.805,0.0,0,0,4,0,8422,0.0,45,0.0,0.0,0.0,0.0,0.0,0,0,0,0,0.0,0,0,0,0,0,0,0,0,0,0,0,0,0,0,0,0,0,0,0,0,0,0,0,0,0,0,0,0,0,0,0,0,0,38,14,7,45,65476,0,300,0,0,8,21553,0.0,-107605600.0,0.0,0.0,0.0,0.0,0.0,0.0,0.0,0.0,0.0,0.0,0.0,0.0,0.0,0.0,0.0,0.0,0.0,0.0,0.0,0.0,0.0,-2.004,-0.0,0.0,0.0,0.0,0.0,0.0,4975.0,-1.587929164219617e+29,0.0,0.0,-107615288.0,0.0,-0.0,0.0,0.0,0.0,0.0,53,152018454839296.0,-0.0,0.0,0.0,0.0,0.0,0.0,0.0,0.0,0,0,0,0.0,0.0,0.0,0.0,0.0,0.0,0.0,0.0,0.0,0.0,0.0,0.0,0.0,0.0,0.0,0.0,0,-107875648.0,53,0.0,106,-107614832.0,2.7006707062415038e+23,ERR,ERR,ERR,ERR,ERR,ERR,ERR,ERR,ERR,ERR,ERR,ERR,ERR,ERR,ERR,ERR,ERR,ERR,ERR,ERR,ERR,ERR,ERR,ERR,ERR,ERR,ERR,ERR,ERR,ERR,ERR,ERR,ERR,ERR,ERR,ERR,ERR,ERR,ERR,ERR,ERR,ERR,ERR,ERR,ERR,ERR,ERR,ERR,ERR,ERR,ERR,ERR,ERR,ERR,ERR,ERR,ERR,ERR,ERR,ERR,ERR,ERR,ERR,ERR,ERR,ERR,ERR,50.0,60.0,100,0.0,0.0,0.0,0.0,0.0,0.0,0.0,0.0,0.0,0.0,0.0,0.0,0.0,0.0,0.0,0.0,61.6,65,20,65521,50,65476,0,300,0,0,8,20529,65476,0,0,26214,60.0,0.0,0.0,0.0,0.0,0.0
2026-05-17T16:31:43,ERR,ERR,ERR,ERR,ERR,ERR,ERR,ERR,ERR,ERR,ERR,ERR,ERR,ERR,ERR,ERR,ERR,ERR,ERR,ERR,ERR,ERR,ERR,ERR,ERR,ERR,ERR,ERR,ERR,ERR,ERR,ERR,ERR,ERR,ERR,ERR,ERR,ERR,ERR,ERR,ERR,ERR,ERR,ERR,ERR,ERR,ERR,ERR,ERR,ERR,ERR,ERR,ERR,ERR,ERR,ERR,ERR,ERR,ERR,ERR,ERR,ERR,ERR,ERR,ERR,ERR,ERR,ERR,ERR,ERR,ERR,ERR,ERR,ERR,ERR,ERR,ERR,ERR,ERR,ERR,ERR,ERR,ERR,ERR,ERR,ERR,ERR,ERR,ERR,ERR,ERR,ERR,ERR,ERR,ERR,ERR,ERR,ERR,ERR,ERR,ERR,ERR,ERR,ERR,ERR,ERR,ERR,ERR,ERR,ERR,ERR,ERR,ERR,ERR,ERR,ERR,ERR,ERR,ERR,ERR,ERR,ERR,ERR,ERR,ERR,0.0,-107615288.0,-0.0,0.0,0.0,1.3936040501711995e+18,7.805,0.0,0,0,4,0,8422,0.0,45,0.0,0.0,0.0,0.0,0.0,0,0,0,0,0.0,0,0,0,0,0,0,0,0,0,0,0,0,0,0,0,0,0,0,0,0,0,0,0,0,0,0,0,0,0,0,0,0,0,38,14,7,45,65476,0,300,0,0,8,21553,0.0,-107605600.0,0.0,0.0,0.0,0.0,0.0,0.0,0.0,0.0,0.0,0.0,0.0,0.0,0.0,0.0,0.0,0.0,0.0,0.0,0.0,0.0,0.0,-2.004,-0.0,0.0,0.0,0.0,0.0,0.0,5005.0,0.0,0.0,0.0,-107615288.0,0.0,-0.0,0.0,0.0,0.0,0.0,53,3.222028592685471e+26,-0.0,0.0,0.0,0.0,0.0,0.0,0.0,0.0,0,0,0,0.0,0.0,0.0,0.0,0.0,0.0,0.0,0.0,0.0,0.0,0.0,0.0,0.0,0.0,0.0,0.0,0,-107875648.0,53,0.0,106,-107614832.0,-107350944.0,ERR,ERR,ERR,ERR,ERR,ERR,ERR,ERR,ERR,ERR,ERR,ERR,ERR,ERR,ERR,ERR,ERR,ERR,ERR,ERR,ERR,ERR,ERR,ERR,ERR,ERR,ERR,ERR,ERR,ERR,ERR,ERR,ERR,ERR,ERR,ERR,ERR,ERR,ERR,ERR,ERR,ERR,ERR,ERR,ERR,ERR,ERR,ERR,ERR,ERR,ERR,ERR,ERR,ERR,ERR,ERR,ERR,ERR,ERR,ERR,ERR,ERR,ERR,ERR,ERR,ERR,ERR,50.0,60.0,100,0.0,0.0,0.0,0.0,0.0,0.0,0.0,0.0,0.0,0.0,0.0,0.0,0.0,0.0,0.0,0.0,61.6,65,20,65521,50,65476,0,300,0,0,8,20529,65476,0,0,26214,60.0,0.0,0.0,0.0,0.0,0.0
2026-05-17T16:31:44,ERR,ERR,ERR,ERR,ERR,ERR,ERR,ERR,ERR,ERR,ERR,ERR,ERR,ERR,ERR,ERR,ERR,ERR,ERR,ERR,ERR,ERR,ERR,ERR,ERR,ERR,ERR,ERR,ERR,ERR,ERR,ERR,ERR,ERR,ERR,ERR,ERR,ERR,ERR,ERR,ERR,ERR,ERR,ERR,ERR,ERR,ERR,ERR,ERR,ERR,ERR,ERR,ERR,ERR,ERR,ERR,ERR,ERR,ERR,ERR,ERR,ERR,ERR,ERR,ERR,ERR,ERR,ERR,ERR,ERR,ERR,ERR,ERR,ERR,ERR,ERR,ERR,ERR,ERR,ERR,ERR,ERR,ERR,ERR,ERR,ERR,ERR,ERR,ERR,ERR,ERR,ERR,ERR,ERR,ERR,ERR,ERR,ERR,ERR,ERR,ERR,ERR,ERR,ERR,ERR,ERR,ERR,ERR,ERR,ERR,ERR,ERR,ERR,ERR,ERR,ERR,ERR,ERR,ERR,ERR,ERR,ERR,ERR,ERR,ERR,0.0,-107615288.0,-0.0,0.0,0.0,1.3936040501711995e+18,7.805,0.0,0,0,4,0,8422,0.0,45,0.0,0.0,0.0,0.0,0.0,0,0,0,0,0.0,0,0,0,0,0,0,0,0,0,0,0,0,0,0,0,0,0,0,0,0,0,0,0,0,0,0,0,0,0,0,0,0,0,38,14,7,45,65476,0,300,0,0,8,21553,0.0,-107605600.0,0.0,0.0,0.0,0.0,0.0,0.0,0.0,0.0,0.0,0.0,0.0,0.0,0.0,0.0,0.0,0.0,0.0,0.0,0.0,0.0,0.0,-2.004,-0.0,0.0,0.0,0.0,0.0,0.0,5005.0,0.0,0.0,0.0,-107615288.0,0.0,-0.0,0.0,0.0,0.0,0.0,53,3.222028592685471e+26,-0.0,0.0,0.0,0.0,0.0,0.0,0.0,0.0,0,0,0,0.0,0.0,0.0,0.0,0.0,0.0,0.0,0.0,0.0,0.0,0.0,0.0,0.0,0.0,0.0,0.0,0,-107875648.0,53,0.0,106,-107614832.0,-107350944.0,ERR,ERR,ERR,ERR,ERR,ERR,ERR,ERR,ERR,ERR,ERR,ERR,ERR,ERR,ERR,ERR,ERR,ERR,ERR,ERR,ERR,ERR,ERR,ERR,ERR,ERR,ERR,ERR,ERR,ERR,ERR,ERR,ERR,ERR,ERR,ERR,ERR,ERR,ERR,ERR,ERR,ERR,ERR,ERR,ERR,ERR,ERR,ERR,ERR,ERR,ERR,ERR,ERR,ERR,ERR,ERR,ERR,ERR,ERR,ERR,ERR,ERR,ERR,ERR,ERR,ERR,ERR,50.0,60.0,100,0.0,0.0,0.0,0.0,0.0,0.0,0.0,0.0,0.0,0.0,0.0,0.0,0.0,0.0,0.0,0.0,61.6,65,20,65521,50,65476,0,300,0,0,8,20529,65476,0,0,26214,60.0,0.0,0.0,0.0,0.0,0.0
2026-05-17T16:31:45,ERR,ERR,ERR,ERR,ERR,ERR,ERR,ERR,ERR,ERR,ERR,ERR,ERR,ERR,ERR,ERR,ERR,ERR,ERR,ERR,ERR,ERR,ERR,ERR,ERR,ERR,ERR,ERR,ERR,ERR,ERR,ERR,ERR,ERR,ERR,ERR,ERR,ERR,ERR,ERR,ERR,ERR,ERR,ERR,ERR,ERR,ERR,ERR,ERR,ERR,ERR,ERR,ERR,ERR,ERR,ERR,ERR,ERR,ERR,ERR,ERR,ERR,ERR,ERR,ERR,ERR,ERR,ERR,ERR,ERR,ERR,ERR,ERR,ERR,ERR,ERR,ERR,ERR,ERR,ERR,ERR,ERR,ERR,ERR,ERR,ERR,ERR,ERR,ERR,ERR,ERR,ERR,ERR,ERR,ERR,ERR,ERR,ERR,ERR,ERR,ERR,ERR,ERR,ERR,ERR,ERR,ERR,ERR,ERR,ERR,ERR,ERR,ERR,ERR,ERR,ERR,ERR,ERR,ERR,ERR,ERR,ERR,ERR,ERR,ERR,0.0,-107615288.0,-0.0,0.0,0.0,1.3936040501711995e+18,7.805,0.0,0,0,4,0,8422,0.0,45,0.0,0.0,0.0,0.0,0.0,0,0,0,0,0.0,0,0,0,0,0,0,0,0,0,0,0,0,0,0,0,0,0,0,0,0,0,0,0,0,0,0,0,0,0,0,0,0,0,38,14,7,45,65476,0,300,0,0,8,21553,0.0,-107605600.0,0.0,0.0,0.0,0.0,0.0,0.0,0.0,0.0,0.0,0.0,0.0,0.0,0.0,0.0,0.0,0.0,0.0,0.0,0.0,0.0,0.0,-2.004,-0.0,0.0,0.0,0.0,0.0,0.0,5005.0,0.0,0.0,0.0,-107615288.0,0.0,-0.0,0.0,0.0,0.0,0.0,53,3.222028592685471e+26,-0.0,0.0,0.0,0.0,0.0,0.0,0.0,0.0,0,0,0,0.0,0.0,0.0,0.0,0.0,0.0,0.0,0.0,0.0,0.0,0.0,0.0,0.0,0.0,0.0,0.0,0,-107875648.0,53,0.0,106,-107614832.0,-107350944.0,ERR,ERR,ERR,ERR,ERR,ERR,ERR,ERR,ERR,ERR,ERR,ERR,ERR,ERR,ERR,ERR,ERR,ERR,ERR,ERR,ERR,ERR,ERR,ERR,ERR,ERR,ERR,ERR,ERR,ERR,ERR,ERR,ERR,ERR,ERR,ERR,ERR,ERR,ERR,ERR,ERR,ERR,ERR,ERR,ERR,ERR,ERR,ERR,ERR,ERR,ERR,ERR,ERR,ERR,ERR,ERR,ERR,ERR,ERR,ERR,ERR,ERR,ERR,ERR,ERR,ERR,ERR,50.0,60.0,100,0.0,0.0,0.0,0.0,0.0,0.0,0.0,0.0,0.0,0.0,0.0,0.0,0.0,0.0,0.0,0.0,61.6,65,20,65521,50,65476,0,300,0,0,8,20529,65476,0,0,26214,60.0,0.0,0.0,0.0,0.0,0.0
2026-05-17T16:31:46,ERR,ERR,ERR,ERR,ERR,ERR,ERR,ERR,ERR,ERR,ERR,ERR,ERR,ERR,ERR,ERR,ERR,ERR,ERR,ERR,ERR,ERR,ERR,ERR,ERR,ERR,ERR,ERR,ERR,ERR,ERR,ERR,ERR,ERR,ERR,ERR,ERR,ERR,ERR,ERR,ERR,ERR,ERR,ERR,ERR,ERR,ERR,ERR,ERR,ERR,ERR,ERR,ERR,ERR,ERR,ERR,ERR,ERR,ERR,ERR,ERR,ERR,ERR,ERR,ERR,ERR,ERR,ERR,ERR,ERR,ERR,ERR,ERR,ERR,ERR,ERR,ERR,ERR,ERR,ERR,ERR,ERR,ERR,ERR,ERR,ERR,ERR,ERR,ERR,ERR,ERR,ERR,ERR,ERR,ERR,ERR,ERR,ERR,ERR,ERR,ERR,ERR,ERR,ERR,ERR,ERR,ERR,ERR,ERR,ERR,ERR,ERR,ERR,ERR,ERR,ERR,ERR,ERR,ERR,ERR,ERR,ERR,ERR,ERR,ERR,0.0,-107615288.0,-0.0,0.0,0.0,1.3936040501711995e+18,7.805,0.0,0,0,4,0,8422,0.0,45,0.0,0.0,0.0,0.0,0.0,0,0,0,0,0.0,0,0,0,0,0,0,0,0,0,0,0,0,0,0,0,0,0,0,0,0,0,0,0,0,0,0,0,0,0,0,0,0,0,38,14,7,45,65476,0,300,0,0,8,21553,0.0,-107605600.0,0.0,0.0,0.0,0.0,0.0,0.0,0.0,0.0,0.0,0.0,0.0,0.0,0.0,0.0,0.0,0.0,0.0,0.0,0.0,0.0,0.0,-2.004,-0.0,0.0,0.0,0.0,0.0,0.0,5005.0,0.0,0.0,0.0,-107615288.0,0.0,-0.0,0.0,0.0,0.0,0.0,53,3.222028592685471e+26,-0.0,0.0,0.0,0.0,0.0,0.0,0.0,0.0,0,0,0,0.0,0.0,0.0,0.0,0.0,0.0,0.0,0.0,0.0,0.0,0.0,0.0,0.0,0.0,0.0,0.0,0,-107875648.0,53,0.0,106,-107614832.0,-107350944.0,ERR,ERR,ERR,ERR,ERR,ERR,ERR,ERR,ERR,ERR,ERR,ERR,ERR,ERR,ERR,ERR,ERR,ERR,ERR,ERR,ERR,ERR,ERR,ERR,ERR,ERR,ERR,ERR,ERR,ERR,ERR,ERR,ERR,ERR,ERR,ERR,ERR,ERR,ERR,ERR,ERR,ERR,ERR,ERR,ERR,ERR,ERR,ERR,ERR,ERR,ERR,ERR,ERR,ERR,ERR,ERR,ERR,ERR,ERR,ERR,ERR,ERR,ERR,ERR,ERR,ERR,ERR,50.0,60.0,100,0.0,0.0,0.0,0.0,0.0,0.0,0.0,0.0,0.0,0.0,0.0,0.0,0.0,0.0,0.0,0.0,61.6,65,20,65521,50,65476,0,300,0,0,8,20529,65476,0,0,26214,60.0,0.0,0.0,0.0,0.0,0.0
2026-05-17T16:31:47,ERR,ERR,ERR,ERR,ERR,ERR,ERR,ERR,ERR,ERR,ERR,ERR,ERR,ERR,ERR,ERR,ERR,ERR,ERR,ERR,ERR,ERR,ERR,ERR,ERR,ERR,ERR,ERR,ERR,ERR,ERR,ERR,ERR,ERR,ERR,ERR,ERR,ERR,ERR,ERR,ERR,ERR,ERR,ERR,ERR,ERR,ERR,ERR,ERR,ERR,ERR,ERR,ERR,ERR,ERR,ERR,ERR,ERR,ERR,ERR,ERR,ERR,ERR,ERR,ERR,ERR,ERR,ERR,ERR,ERR,ERR,ERR,ERR,ERR,ERR,ERR,ERR,ERR,ERR,ERR,ERR,ERR,ERR,ERR,ERR,ERR,ERR,ERR,ERR,ERR,ERR,ERR,ERR,ERR,ERR,ERR,ERR,ERR,ERR,ERR,ERR,ERR,ERR,ERR,ERR,ERR,ERR,ERR,ERR,ERR,ERR,ERR,ERR,ERR,ERR,ERR,ERR,ERR,ERR,ERR,ERR,ERR,ERR,ERR,ERR,0.0,-107615288.0,-0.0,0.0,0.0,1.3936040501711995e+18,7.805,0.0,0,0,4,0,8422,0.0,45,0.0,0.0,0.0,0.0,0.0,0,0,0,0,0.0,0,0,0,0,0,0,0,0,0,0,0,0,0,0,0,0,0,0,0,0,0,0,0,0,0,0,0,0,0,0,0,0,0,38,14,7,45,65476,0,300,0,0,8,21553,0.0,-107605600.0,0.0,0.0,0.0,0.0,0.0,0.0,0.0,0.0,0.0,0.0,0.0,0.0,0.0,0.0,0.0,0.0,0.0,0.0,0.0,0.0,0.0,-2.004,-0.0,0.0,0.0,0.0,0.0,0.0,5005.0,0.0,0.0,0.0,-107615288.0,0.0,-0.0,0.0,0.0,0.0,0.0,53,3.222028592685471e+26,-0.0,0.0,0.0,0.0,0.0,0.0,0.0,0.0,0,0,0,0.0,0.0,0.0,0.0,0.0,0.0,0.0,0.0,0.0,0.0,0.0,0.0,0.0,0.0,0.0,0.0,0,-107875648.0,53,0.0,106,-107614832.0,-107350944.0,ERR,ERR,ERR,ERR,ERR,ERR,ERR,ERR,ERR,ERR,ERR,ERR,ERR,ERR,ERR,ERR,ERR,ERR,ERR,ERR,ERR,ERR,ERR,ERR,ERR,ERR,ERR,ERR,ERR,ERR,ERR,ERR,ERR,ERR,ERR,ERR,ERR,ERR,ERR,ERR,ERR,ERR,ERR,ERR,ERR,ERR,ERR,ERR,ERR,ERR,ERR,ERR,ERR,ERR,ERR,ERR,ERR,ERR,ERR,ERR,ERR,ERR,ERR,ERR,ERR,ERR,ERR,50.0,60.0,100,0.0,0.0,0.0,0.0,0.0,0.0,0.0,0.0,0.0,0.0,0.0,0.0,0.0,0.0,0.0,0.0,61.6,65,20,65521,50,65476,0,300,0,0,8,20529,65476,0,0,26214,60.0,0.0,0.0,0.0,0.0,0.0
2026-05-17T16:31:48,ERR,ERR,ERR,ERR,ERR,ERR,ERR,ERR,ERR,ERR,ERR,ERR,ERR,ERR,ERR,ERR,ERR,ERR,ERR,ERR,ERR,ERR,ERR,ERR,ERR,ERR,ERR,ERR,ERR,ERR,ERR,ERR,ERR,ERR,ERR,ERR,ERR,ERR,ERR,ERR,ERR,ERR,ERR,ERR,ERR,ERR,ERR,ERR,ERR,ERR,ERR,ERR,ERR,ERR,ERR,ERR,ERR,ERR,ERR,ERR,ERR,ERR,ERR,ERR,ERR,ERR,ERR,ERR,ERR,ERR,ERR,ERR,ERR,ERR,ERR,ERR,ERR,ERR,ERR,ERR,ERR,ERR,ERR,ERR,ERR,ERR,ERR,ERR,ERR,ERR,ERR,ERR,ERR,ERR,ERR,ERR,ERR,ERR,ERR,ERR,ERR,ERR,ERR,ERR,ERR,ERR,ERR,ERR,ERR,ERR,ERR,ERR,ERR,ERR,ERR,ERR,ERR,ERR,ERR,ERR,ERR,ERR,ERR,ERR,ERR,0.0,-107615288.0,-0.0,0.0,0.0,1.3936040501711995e+18,7.805,0.0,0,0,4,0,8422,0.0,45,0.0,0.0,0.0,0.0,0.0,0,0,0,0,0.0,0,0,0,0,0,0,0,0,0,0,0,0,0,0,0,0,0,0,0,0,0,0,0,0,0,0,0,0,0,0,0,0,0,38,14,7,45,65476,0,300,0,0,8,21553,0.0,-107605600.0,0.0,0.0,0.0,0.0,0.0,0.0,0.0,0.0,0.0,0.0,0.0,0.0,0.0,0.0,0.0,0.0,0.0,0.0,0.0,0.0,0.0,-2.004,-2.004,0.0,0.0,0.0,0.0,0.0,5005.0,2.004,0.0,0.0,-107615288.0,0.0,-0.0,0.0,0.0,0.0,0.0,53,152018454839296.0,0.0,0.0,0.0,0.0,0.0,0.0,0.0,0.0,0,0,0,0.0,0.0,0.0,0.0,0.0,0.0,0.0,0.0,0.0,0.0,0.0,0.0,0.0,0.0,0.0,0.0,0,-107875648.0,53,0.0,106,-107614832.0,-107350944.0,ERR,ERR,ERR,ERR,ERR,ERR,ERR,ERR,ERR,ERR,ERR,ERR,ERR,ERR,ERR,ERR,ERR,ERR,ERR,ERR,ERR,ERR,ERR,ERR,ERR,ERR,ERR,ERR,ERR,ERR,ERR,ERR,ERR,ERR,ERR,ERR,ERR,ERR,ERR,ERR,ERR,ERR,ERR,ERR,ERR,ERR,ERR,ERR,ERR,ERR,ERR,ERR,ERR,ERR,ERR,ERR,ERR,ERR,ERR,ERR,ERR,ERR,ERR,ERR,ERR,ERR,ERR,50.0,60.0,100,0.0,0.0,0.0,0.0,0.0,0.0,0.0,0.0,0.0,0.0,0.0,0.0,0.0,0.0,0.0,0.0,61.6,65,20,65521,50,65476,0,300,0,0,8,20529,65476,0,0,26214,60.0,0.0,0.0,0.0,0.0,0.0
2026-05-17T16:31:49,ERR,ERR,ERR,ERR,ERR,ERR,ERR,ERR,ERR,ERR,ERR,ERR,ERR,ERR,ERR,ERR,ERR,ERR,ERR,ERR,ERR,ERR,ERR,ERR,ERR,ERR,ERR,ERR,ERR,ERR,ERR,ERR,ERR,ERR,ERR,ERR,ERR,ERR,ERR,ERR,ERR,ERR,ERR,ERR,ERR,ERR,ERR,ERR,ERR,ERR,ERR,ERR,ERR,ERR,ERR,ERR,ERR,ERR,ERR,ERR,ERR,ERR,ERR,ERR,ERR,ERR,ERR,ERR,ERR,ERR,ERR,ERR,ERR,ERR,ERR,ERR,ERR,ERR,ERR,ERR,ERR,ERR,ERR,ERR,ERR,ERR,ERR,ERR,ERR,ERR,ERR,ERR,ERR,ERR,ERR,ERR,ERR,ERR,ERR,ERR,ERR,ERR,ERR,ERR,ERR,ERR,ERR,ERR,ERR,ERR,ERR,ERR,ERR,ERR,ERR,ERR,ERR,ERR,ERR,ERR,ERR,ERR,ERR,ERR,ERR,0.0,-107615288.0,-0.0,0.0,0.0,1.3936040501711995e+18,7.805,0.0,0,0,4,0,8422,0.0,45,0.0,0.0,0.0,0.0,0.0,0,0,0,0,0.0,0,0,0,0,0,0,0,0,0,0,0,0,0,0,0,0,0,0,0,0,0,0,0,0,0,0,0,0,0,0,0,0,0,38,14,7,45,65476,0,300,0,0,8,21553,0.0,-107605600.0,0.0,0.0,0.0,0.0,0.0,0.0,0.0,0.0,0.0,0.0,0.0,0.0,0.0,0.0,0.0,0.0,0.0,0.0,0.0,0.0,0.0,-2.004,-2.004,0.0,0.0,0.0,0.0,0.0,5005.0,2.004,0.0,0.0,-107615288.0,0.0,-0.0,0.0,0.0,0.0,0.0,53,152018454839296.0,0.0,0.0,0.0,0.0,0.0,0.0,0.0,0.0,0,0,0,0.0,0.0,0.0,0.0,0.0,0.0,0.0,0.0,0.0,0.0,0.0,0.0,0.0,0.0,0.0,0.0,0,-107875648.0,53,0.0,106,-107614832.0,-107350944.0,ERR,ERR,ERR,ERR,ERR,ERR,ERR,ERR,ERR,ERR,ERR,ERR,ERR,ERR,ERR,ERR,ERR,ERR,ERR,ERR,ERR,ERR,ERR,ERR,ERR,ERR,ERR,ERR,ERR,ERR,ERR,ERR,ERR,ERR,ERR,ERR,ERR,ERR,ERR,ERR,ERR,ERR,ERR,ERR,ERR,ERR,ERR,ERR,ERR,ERR,ERR,ERR,ERR,ERR,ERR,ERR,ERR,ERR,ERR,ERR,ERR,ERR,ERR,ERR,ERR,ERR,ERR,50.0,60.0,100,0.0,0.0,0.0,0.0,0.0,0.0,0.0,0.0,0.0,0.0,0.0,0.0,0.0,0.0,0.0,0.0,62.0,65,20,65521,50,65476,0,300,0,0,8,20529,65476,0,0,26214,60.0,0.0,0.0,0.0,0.0,0.0
2026-05-17T16:31:50,ERR,ERR,ERR,ERR,ERR,ERR,ERR,ERR,ERR,ERR,ERR,ERR,ERR,ERR,ERR,ERR,ERR,ERR,ERR,ERR,ERR,ERR,ERR,ERR,ERR,ERR,ERR,ERR,ERR,ERR,ERR,ERR,ERR,ERR,ERR,ERR,ERR,ERR,ERR,ERR,ERR,ERR,ERR,ERR,ERR,ERR,ERR,ERR,ERR,ERR,ERR,ERR,ERR,ERR,ERR,ERR,ERR,ERR,ERR,ERR,ERR,ERR,ERR,ERR,ERR,ERR,ERR,ERR,ERR,ERR,ERR,ERR,ERR,ERR,ERR,ERR,ERR,ERR,ERR,ERR,ERR,ERR,ERR,ERR,ERR,ERR,ERR,ERR,ERR,ERR,ERR,ERR,ERR,ERR,ERR,ERR,ERR,ERR,ERR,ERR,ERR,ERR,ERR,ERR,ERR,ERR,ERR,ERR,ERR,ERR,ERR,ERR,ERR,ERR,ERR,ERR,ERR,ERR,ERR,ERR,ERR,ERR,ERR,ERR,ERR,0.0,-107615288.0,-0.0,0.0,0.0,1.3936040501711995e+18,7.805,0.0,0,0,4,0,8422,0.0,45,0.0,0.0,0.0,0.0,0.0,0,0,0,0,0.0,0,0,0,0,0,0,0,0,0,0,0,0,0,0,0,0,0,0,0,0,0,0,0,0,0,0,0,0,0,0,0,0,0,38,14,7,45,65476,0,300,0,0,8,21553,0.0,-107605600.0,0.0,0.0,0.0,0.0,0.0,0.0,0.0,0.0,0.0,0.0,0.0,0.0,0.0,0.0,0.0,0.0,0.0,0.0,0.0,0.0,0.0,-2.004,-2.004,0.0,0.0,0.0,0.0,0.0,5005.0,2.004,0.0,0.0,-107615288.0,0.0,-0.0,0.0,0.0,0.0,0.0,53,152018454839296.0,0.0,0.0,0.0,0.0,0.0,0.0,0.0,0.0,0,0,0,0.0,0.0,0.0,0.0,0.0,0.0,0.0,0.0,0.0,0.0,0.0,0.0,0.0,0.0,0.0,0.0,0,-107875648.0,53,0.0,106,-107614832.0,-107350944.0,ERR,ERR,ERR,ERR,ERR,ERR,ERR,ERR,ERR,ERR,ERR,ERR,ERR,ERR,ERR,ERR,ERR,ERR,ERR,ERR,ERR,ERR,ERR,ERR,ERR,ERR,ERR,ERR,ERR,ERR,ERR,ERR,ERR,ERR,ERR,ERR,ERR,ERR,ERR,ERR,ERR,ERR,ERR,ERR,ERR,ERR,ERR,ERR,ERR,ERR,ERR,ERR,ERR,ERR,ERR,ERR,ERR,ERR,ERR,ERR,ERR,ERR,ERR,ERR,ERR,ERR,ERR,50.0,60.0,100,0.0,0.0,0.0,0.0,0.0,0.0,0.0,0.0,0.0,0.0,0.0,0.0,0.0,0.0,0.0,0.0,62.0,65,20,65521,50,65476,0,300,0,0,8,20529,65476,0,0,26214,60.0,0.0,0.0,0.0,0.0,0.0
2026-05-17T16:31:51,ERR,ERR,ERR,ERR,ERR,ERR,ERR,ERR,ERR,ERR,ERR,ERR,ERR,ERR,ERR,ERR,ERR,ERR,ERR,ERR,ERR,ERR,ERR,ERR,ERR,ERR,ERR,ERR,ERR,ERR,ERR,ERR,ERR,ERR,ERR,ERR,ERR,ERR,ERR,ERR,ERR,ERR,ERR,ERR,ERR,ERR,ERR,ERR,ERR,ERR,ERR,ERR,ERR,ERR,ERR,ERR,ERR,ERR,ERR,ERR,ERR,ERR,ERR,ERR,ERR,ERR,ERR,ERR,ERR,ERR,ERR,ERR,ERR,ERR,ERR,ERR,ERR,ERR,ERR,ERR,ERR,ERR,ERR,ERR,ERR,ERR,ERR,ERR,ERR,ERR,ERR,ERR,ERR,ERR,ERR,ERR,ERR,ERR,ERR,ERR,ERR,ERR,ERR,ERR,ERR,ERR,ERR,ERR,ERR,ERR,ERR,ERR,ERR,ERR,ERR,ERR,ERR,ERR,ERR,ERR,ERR,ERR,ERR,ERR,ERR,0.0,-107615288.0,-0.0,0.0,0.0,1.3936040501711995e+18,7.805,0.0,0,0,4,0,8422,0.0,45,0.0,0.0,0.0,0.0,0.0,0,0,0,0,0.0,0,0,0,0,0,0,0,0,0,0,0,0,0,0,0,0,0,0,0,0,0,0,0,0,0,0,0,0,0,0,0,0,0,38,14,7,45,65476,0,300,0,0,8,21553,0.0,-107605600.0,0.0,0.0,0.0,0.0,0.0,0.0,0.0,0.0,0.0,0.0,0.0,0.0,0.0,0.0,0.0,0.0,0.0,0.0,0.0,0.0,0.0,-2.004,-2.004,0.0,0.0,0.0,0.0,0.0,5005.0,2.004,0.0,0.0,-107615288.0,0.0,-0.0,0.0,0.0,0.0,0.0,53,152018454839296.0,0.0,0.0,0.0,0.0,0.0,0.0,0.0,0.0,0,0,0,0.0,0.0,0.0,0.0,0.0,0.0,0.0,0.0,0.0,0.0,0.0,0.0,0.0,0.0,0.0,0.0,0,-107875648.0,53,0.0,106,-107614832.0,-107350944.0,ERR,ERR,ERR,ERR,ERR,ERR,ERR,ERR,ERR,ERR,ERR,ERR,ERR,ERR,ERR,ERR,ERR,ERR,ERR,ERR,ERR,ERR,ERR,ERR,ERR,ERR,ERR,ERR,ERR,ERR,ERR,ERR,ERR,ERR,ERR,ERR,ERR,ERR,ERR,ERR,ERR,ERR,ERR,ERR,ERR,ERR,ERR,ERR,ERR,ERR,ERR,ERR,ERR,ERR,ERR,ERR,ERR,ERR,ERR,ERR,ERR,ERR,ERR,ERR,ERR,ERR,ERR,50.0,60.0,100,0.0,0.0,0.0,0.0,0.0,0.0,0.0,0.0,0.0,0.0,0.0,0.0,0.0,0.0,0.0,0.0,61.6,65,20,65521,50,65476,0,300,0,0,8,20529,65476,0,0,26214,60.0,0.0,0.0,0.0,0.0,0.0
2026-05-17T16:31:52,ERR,ERR,ERR,ERR,ERR,ERR,ERR,ERR,ERR,ERR,ERR,ERR,ERR,ERR,ERR,ERR,ERR,ERR,ERR,ERR,ERR,ERR,ERR,ERR,ERR,ERR,ERR,ERR,ERR,ERR,ERR,ERR,ERR,ERR,ERR,ERR,ERR,ERR,ERR,ERR,ERR,ERR,ERR,ERR,ERR,ERR,ERR,ERR,ERR,ERR,ERR,ERR,ERR,ERR,ERR,ERR,ERR,ERR,ERR,ERR,ERR,ERR,ERR,ERR,ERR,ERR,ERR,ERR,ERR,ERR,ERR,ERR,ERR,ERR,ERR,ERR,ERR,ERR,ERR,ERR,ERR,ERR,ERR,ERR,ERR,ERR,ERR,ERR,ERR,ERR,ERR,ERR,ERR,ERR,ERR,ERR,ERR,ERR,ERR,ERR,ERR,ERR,ERR,ERR,ERR,ERR,ERR,ERR,ERR,ERR,ERR,ERR,ERR,ERR,ERR,ERR,ERR,ERR,ERR,ERR,ERR,ERR,ERR,ERR,ERR,0.0,-107615288.0,-0.0,0.0,0.0,1.3936040501711995e+18,7.805,0.0,0,0,4,0,8422,0.0,45,0.0,0.0,0.0,0.0,0.0,0,0,0,0,0.0,0,0,0,0,0,0,0,0,0,0,0,0,0,0,0,0,0,0,0,0,0,0,0,0,0,0,0,0,0,0,0,0,0,38,14,7,45,65476,0,300,0,0,8,21553,0.0,-107605600.0,0.0,0.0,0.0,0.0,0.0,0.0,0.0,0.0,0.0,0.0,0.0,0.0,0.0,0.0,0.0,0.0,0.0,0.0,0.0,0.0,0.0,-2.004,-2.004,0.0,0.0,0.0,0.0,0.0,5005.0,2.004,0.0,0.0,-107615288.0,0.0,-0.0,0.0,0.0,0.0,0.0,53,152018454839296.0,0.0,0.0,0.0,0.0,0.0,0.0,0.0,0.0,0,0,0,0.0,0.0,0.0,0.0,0.0,0.0,0.0,0.0,0.0,0.0,0.0,0.0,0.0,0.0,0.0,0.0,0,-107875648.0,53,0.0,106,-107614832.0,-107350944.0,ERR,ERR,ERR,ERR,ERR,ERR,ERR,ERR,ERR,ERR,ERR,ERR,ERR,ERR,ERR,ERR,ERR,ERR,ERR,ERR,ERR,ERR,ERR,ERR,ERR,ERR,ERR,ERR,ERR,ERR,ERR,ERR,ERR,ERR,ERR,ERR,ERR,ERR,ERR,ERR,ERR,ERR,ERR,ERR,ERR,ERR,ERR,ERR,ERR,ERR,ERR,ERR,ERR,ERR,ERR,ERR,ERR,ERR,ERR,ERR,ERR,ERR,ERR,ERR,ERR,ERR,ERR,50.0,60.0,100,0.0,0.0,0.0,0.0,0.0,0.0,0.0,0.0,0.0,0.0,0.0,0.0,0.0,0.0,0.0,0.0,61.6,65,20,65521,50,65476,0,300,0,0,8,20529,65476,0,0,26214,60.0,0.0,0.0,0.0,0.0,0.0
2026-05-17T16:31:53,ERR,ERR,ERR,ERR,ERR,ERR,ERR,ERR,ERR,ERR,ERR,ERR,ERR,ERR,ERR,ERR,ERR,ERR,ERR,ERR,ERR,ERR,ERR,ERR,ERR,ERR,ERR,ERR,ERR,ERR,ERR,ERR,ERR,ERR,ERR,ERR,ERR,ERR,ERR,ERR,ERR,ERR,ERR,ERR,ERR,ERR,ERR,ERR,ERR,ERR,ERR,ERR,ERR,ERR,ERR,ERR,ERR,ERR,ERR,ERR,ERR,ERR,ERR,ERR,ERR,ERR,ERR,ERR,ERR,ERR,ERR,ERR,ERR,ERR,ERR,ERR,ERR,ERR,ERR,ERR,ERR,ERR,ERR,ERR,ERR,ERR,ERR,ERR,ERR,ERR,ERR,ERR,ERR,ERR,ERR,ERR,ERR,ERR,ERR,ERR,ERR,ERR,ERR,ERR,ERR,ERR,ERR,ERR,ERR,ERR,ERR,ERR,ERR,ERR,ERR,ERR,ERR,ERR,ERR,ERR,ERR,ERR,ERR,ERR,ERR,0.0,-107615288.0,-0.0,0.0,0.0,1.3936040501711995e+18,7.805,0.0,0,0,4,0,8422,0.0,45,0.0,0.0,0.0,0.0,0.0,0,0,0,0,0.0,0,0,0,0,0,0,0,0,0,0,0,0,0,0,0,0,0,0,0,0,0,0,0,0,0,0,0,0,0,0,0,0,0,38,14,7,45,65476,0,300,0,0,8,21553,0.0,-107605600.0,0.0,0.0,0.0,0.0,0.0,0.0,0.0,0.0,0.0,0.0,0.0,0.0,0.0,0.0,0.0,0.0,0.0,0.0,0.0,0.0,0.0,-2.004,-0.0,0.0,0.0,0.0,0.0,0.0,5005.0,1.040665380856972e+34,0.0,0.0,-107615288.0,0.0,-0.0,0.0,0.0,0.0,0.0,53,152018454839296.0,89220.562,0.0,0.0,0.0,0.0,0.0,0.0,0.0,0,0,0,0.0,0.0,0.0,0.0,0.0,0.0,0.0,0.0,0.0,0.0,0.0,0.0,0.0,0.0,0.0,0.0,0,-107875648.0,53,0.0,106,-107614832.0,2.7006707062415038e+23,ERR,ERR,ERR,ERR,ERR,ERR,ERR,ERR,ERR,ERR,ERR,ERR,ERR,ERR,ERR,ERR,ERR,ERR,ERR,ERR,ERR,ERR,ERR,ERR,ERR,ERR,ERR,ERR,ERR,ERR,ERR,ERR,ERR,ERR,ERR,ERR,ERR,ERR,ERR,ERR,ERR,ERR,ERR,ERR,ERR,ERR,ERR,ERR,ERR,ERR,ERR,ERR,ERR,ERR,ERR,ERR,ERR,ERR,ERR,ERR,ERR,ERR,ERR,ERR,ERR,ERR,ERR,50.0,60.0,100,0.0,0.0,0.0,0.0,0.0,0.0,0.0,0.0,0.0,0.0,0.0,0.0,0.0,0.0,0.0,0.0,61.6,65,20,65521,50,65476,0,300,0,0,8,20529,65476,0,0,26214,60.0,0.0,0.0,0.0,0.0,0.0
2026-05-17T16:31:54,ERR,ERR,ERR,ERR,ERR,ERR,ERR,ERR,ERR,ERR,ERR,ERR,ERR,ERR,ERR,ERR,ERR,ERR,ERR,ERR,ERR,ERR,ERR,ERR,ERR,ERR,ERR,ERR,ERR,ERR,ERR,ERR,ERR,ERR,ERR,ERR,ERR,ERR,ERR,ERR,ERR,ERR,ERR,ERR,ERR,ERR,ERR,ERR,ERR,ERR,ERR,ERR,ERR,ERR,ERR,ERR,ERR,ERR,ERR,ERR,ERR,ERR,ERR,ERR,ERR,ERR,ERR,ERR,ERR,ERR,ERR,ERR,ERR,ERR,ERR,ERR,ERR,ERR,ERR,ERR,ERR,ERR,ERR,ERR,ERR,ERR,ERR,ERR,ERR,ERR,ERR,ERR,ERR,ERR,ERR,ERR,ERR,ERR,ERR,ERR,ERR,ERR,ERR,ERR,ERR,ERR,ERR,ERR,ERR,ERR,ERR,ERR,ERR,ERR,ERR,ERR,ERR,ERR,ERR,ERR,ERR,ERR,ERR,ERR,ERR,0.0,-107615288.0,-0.0,0.0,0.0,1.3936040501711995e+18,7.805,0.0,0,0,4,0,8422,0.0,45,0.0,0.0,0.0,0.0,0.0,0,0,0,0,0.0,0,0,0,0,0,0,0,0,0,0,0,0,0,0,0,0,0,0,0,0,0,0,0,0,0,0,0,0,0,0,0,0,0,38,14,7,45,65476,0,300,0,0,8,21553,0.0,-107605600.0,0.0,0.0,0.0,0.0,0.0,0.0,0.0,0.0,0.0,0.0,0.0,0.0,0.0,0.0,0.0,0.0,0.0,0.0,0.0,0.0,0.0,-2.004,-0.0,0.0,0.0,0.0,0.0,0.0,5005.0,1.040665380856972e+34,0.0,0.0,-107615288.0,0.0,-0.0,0.0,0.0,0.0,0.0,53,152018454839296.0,89220.562,0.0,0.0,0.0,0.0,0.0,0.0,0.0,0,0,0,0.0,0.0,0.0,0.0,0.0,0.0,0.0,0.0,0.0,0.0,0.0,0.0,0.0,0.0,0.0,0.0,0,-107875648.0,53,0.0,106,-107614832.0,2.7006707062415038e+23,ERR,ERR,ERR,ERR,ERR,ERR,ERR,ERR,ERR,ERR,ERR,ERR,ERR,ERR,ERR,ERR,ERR,ERR,ERR,ERR,ERR,ERR,ERR,ERR,ERR,ERR,ERR,ERR,ERR,ERR,ERR,ERR,ERR,ERR,ERR,ERR,ERR,ERR,ERR,ERR,ERR,ERR,ERR,ERR,ERR,ERR,ERR,ERR,ERR,ERR,ERR,ERR,ERR,ERR,ERR,ERR,ERR,ERR,ERR,ERR,ERR,ERR,ERR,ERR,ERR,ERR,ERR,50.0,60.0,100,0.0,0.0,0.0,0.0,0.0,0.0,0.0,0.0,0.0,0.0,0.0,0.0,0.0,0.0,0.0,0.0,61.6,65,20,65521,50,65476,0,300,0,0,8,20529,65476,0,0,26214,60.0,0.0,0.0,0.0,0.0,0.0
2026-05-17T16:31:55,ERR,ERR,ERR,ERR,ERR,ERR,ERR,ERR,ERR,ERR,ERR,ERR,ERR,ERR,ERR,ERR,ERR,ERR,ERR,ERR,ERR,ERR,ERR,ERR,ERR,ERR,ERR,ERR,ERR,ERR,ERR,ERR,ERR,ERR,ERR,ERR,ERR,ERR,ERR,ERR,ERR,ERR,ERR,ERR,ERR,ERR,ERR,ERR,ERR,ERR,ERR,ERR,ERR,ERR,ERR,ERR,ERR,ERR,ERR,ERR,ERR,ERR,ERR,ERR,ERR,ERR,ERR,ERR,ERR,ERR,ERR,ERR,ERR,ERR,ERR,ERR,ERR,ERR,ERR,ERR,ERR,ERR,ERR,ERR,ERR,ERR,ERR,ERR,ERR,ERR,ERR,ERR,ERR,ERR,ERR,ERR,ERR,ERR,ERR,ERR,ERR,ERR,ERR,ERR,ERR,ERR,ERR,ERR,ERR,ERR,ERR,ERR,ERR,ERR,ERR,ERR,ERR,ERR,ERR,ERR,ERR,ERR,ERR,ERR,ERR,0.0,-107615288.0,-0.0,0.0,0.0,1.3936040501711995e+18,7.805,0.0,0,0,4,0,8422,0.0,45,0.0,0.0,0.0,0.0,0.0,0,0,0,0,0.0,0,0,0,0,0,0,0,0,0,0,0,0,0,0,0,0,0,0,0,0,0,0,0,0,0,0,0,0,0,0,0,0,0,38,14,7,45,65476,0,300,0,0,8,21553,0.0,-107605600.0,0.0,0.0,0.0,0.0,0.0,0.0,0.0,0.0,0.0,0.0,0.0,0.0,0.0,0.0,0.0,0.0,0.0,0.0,0.0,0.0,0.0,-2.004,-0.0,0.0,0.0,0.0,0.0,0.0,5005.0,1.040665380856972e+34,0.0,0.0,-107615288.0,0.0,-0.0,0.0,0.0,0.0,0.0,53,152018454839296.0,89220.562,0.0,0.0,0.0,0.0,0.0,0.0,0.0,0,0,0,0.0,0.0,0.0,0.0,0.0,0.0,0.0,0.0,0.0,0.0,0.0,0.0,0.0,0.0,0.0,0.0,0,-107875648.0,53,0.0,106,-107614832.0,2.7006707062415038e+23,ERR,ERR,ERR,ERR,ERR,ERR,ERR,ERR,ERR,ERR,ERR,ERR,ERR,ERR,ERR,ERR,ERR,ERR,ERR,ERR,ERR,ERR,ERR,ERR,ERR,ERR,ERR,ERR,ERR,ERR,ERR,ERR,ERR,ERR,ERR,ERR,ERR,ERR,ERR,ERR,ERR,ERR,ERR,ERR,ERR,ERR,ERR,ERR,ERR,ERR,ERR,ERR,ERR,ERR,ERR,ERR,ERR,ERR,ERR,ERR,ERR,ERR,ERR,ERR,ERR,ERR,ERR,50.0,60.0,100,0.0,0.0,0.0,0.0,0.0,0.0,0.0,0.0,0.0,0.0,0.0,0.0,0.0,0.0,0.0,0.0,61.6,65,20,65521,50,65476,0,300,0,0,8,20529,65476,0,0,26214,60.0,0.0,0.0,0.0,0.0,0.0
2026-05-17T16:31:56,ERR,ERR,ERR,ERR,ERR,ERR,ERR,ERR,ERR,ERR,ERR,ERR,ERR,ERR,ERR,ERR,ERR,ERR,ERR,ERR,ERR,ERR,ERR,ERR,ERR,ERR,ERR,ERR,ERR,ERR,ERR,ERR,ERR,ERR,ERR,ERR,ERR,ERR,ERR,ERR,ERR,ERR,ERR,ERR,ERR,ERR,ERR,ERR,ERR,ERR,ERR,ERR,ERR,ERR,ERR,ERR,ERR,ERR,ERR,ERR,ERR,ERR,ERR,ERR,ERR,ERR,ERR,ERR,ERR,ERR,ERR,ERR,ERR,ERR,ERR,ERR,ERR,ERR,ERR,ERR,ERR,ERR,ERR,ERR,ERR,ERR,ERR,ERR,ERR,ERR,ERR,ERR,ERR,ERR,ERR,ERR,ERR,ERR,ERR,ERR,ERR,ERR,ERR,ERR,ERR,ERR,ERR,ERR,ERR,ERR,ERR,ERR,ERR,ERR,ERR,ERR,ERR,ERR,ERR,ERR,ERR,ERR,ERR,ERR,ERR,0.0,-107615288.0,-0.0,0.0,0.0,1.3936040501711995e+18,7.805,0.0,0,0,4,0,8422,0.0,45,0.0,0.0,0.0,0.0,0.0,0,0,0,0,0.0,0,0,0,0,0,0,0,0,0,0,0,0,0,0,0,0,0,0,0,0,0,0,0,0,0,0,0,0,0,0,0,0,0,38,14,7,45,65476,0,300,0,0,8,21553,0.0,-107605600.0,0.0,0.0,0.0,0.0,0.0,0.0,0.0,0.0,0.0,0.0,0.0,0.0,0.0,0.0,0.0,0.0,0.0,0.0,0.0,0.0,0.0,-2.004,-0.0,0.0,0.0,0.0,0.0,0.0,5005.0,1.040665380856972e+34,0.0,0.0,-107615288.0,0.0,-0.0,0.0,0.0,0.0,0.0,53,152018454839296.0,89220.562,0.0,0.0,0.0,0.0,0.0,0.0,0.0,0,0,0,0.0,0.0,0.0,0.0,0.0,0.0,0.0,0.0,0.0,0.0,0.0,0.0,0.0,0.0,0.0,0.0,0,-107875648.0,53,0.0,106,-107614832.0,2.7006707062415038e+23,ERR,ERR,ERR,ERR,ERR,ERR,ERR,ERR,ERR,ERR,ERR,ERR,ERR,ERR,ERR,ERR,ERR,ERR,ERR,ERR,ERR,ERR,ERR,ERR,ERR,ERR,ERR,ERR,ERR,ERR,ERR,ERR,ERR,ERR,ERR,ERR,ERR,ERR,ERR,ERR,ERR,ERR,ERR,ERR,ERR,ERR,ERR,ERR,ERR,ERR,ERR,ERR,ERR,ERR,ERR,ERR,ERR,ERR,ERR,ERR,ERR,ERR,ERR,ERR,ERR,ERR,ERR,50.0,60.0,100,0.0,0.0,0.0,0.0,0.0,0.0,0.0,0.0,0.0,0.0,0.0,0.0,0.0,0.0,0.0,0.0,61.6,65,20,65521,50,65476,0,300,0,0,8,20529,65476,0,0,26214,60.0,0.0,0.0,0.0,0.0,0.0
2026-05-17T16:31:57,ERR,ERR,ERR,ERR,ERR,ERR,ERR,ERR,ERR,ERR,ERR,ERR,ERR,ERR,ERR,ERR,ERR,ERR,ERR,ERR,ERR,ERR,ERR,ERR,ERR,ERR,ERR,ERR,ERR,ERR,ERR,ERR,ERR,ERR,ERR,ERR,ERR,ERR,ERR,ERR,ERR,ERR,ERR,ERR,ERR,ERR,ERR,ERR,ERR,ERR,ERR,ERR,ERR,ERR,ERR,ERR,ERR,ERR,ERR,ERR,ERR,ERR,ERR,ERR,ERR,ERR,ERR,ERR,ERR,ERR,ERR,ERR,ERR,ERR,ERR,ERR,ERR,ERR,ERR,ERR,ERR,ERR,ERR,ERR,ERR,ERR,ERR,ERR,ERR,ERR,ERR,ERR,ERR,ERR,ERR,ERR,ERR,ERR,ERR,ERR,ERR,ERR,ERR,ERR,ERR,ERR,ERR,ERR,ERR,ERR,ERR,ERR,ERR,ERR,ERR,ERR,ERR,ERR,ERR,ERR,ERR,ERR,ERR,ERR,ERR,0.0,-107615288.0,-0.0,0.0,0.0,1.3936040501711995e+18,7.805,0.0,0,0,4,0,8422,0.0,45,0.0,0.0,0.0,0.0,0.0,0,0,0,0,0.0,0,0,0,0,0,0,0,0,0,0,0,0,0,0,0,0,0,0,0,0,0,0,0,0,0,0,0,0,0,0,0,0,0,38,14,7,45,65476,0,300,0,0,8,21553,0.0,-107605600.0,0.0,0.0,0.0,0.0,0.0,0.0,0.0,0.0,0.0,0.0,0.0,0.0,0.0,0.0,0.0,0.0,0.0,0.0,0.0,0.0,0.0,-2.004,-0.0,0.0,0.0,0.0,0.0,0.0,5005.0,1.040665380856972e+34,0.0,0.0,-107615288.0,0.0,-0.0,0.0,0.0,0.0,0.0,53,152018454839296.0,89220.562,0.0,0.0,0.0,0.0,0.0,0.0,0.0,0,0,0,0.0,0.0,0.0,0.0,0.0,0.0,0.0,0.0,0.0,0.0,0.0,0.0,0.0,0.0,0.0,0.0,0,-107875648.0,53,0.0,106,-107614832.0,2.7006707062415038e+23,ERR,ERR,ERR,ERR,ERR,ERR,ERR,ERR,ERR,ERR,ERR,ERR,ERR,ERR,ERR,ERR,ERR,ERR,ERR,ERR,ERR,ERR,ERR,ERR,ERR,ERR,ERR,ERR,ERR,ERR,ERR,ERR,ERR,ERR,ERR,ERR,ERR,ERR,ERR,ERR,ERR,ERR,ERR,ERR,ERR,ERR,ERR,ERR,ERR,ERR,ERR,ERR,ERR,ERR,ERR,ERR,ERR,ERR,ERR,ERR,ERR,ERR,ERR,ERR,ERR,ERR,ERR,50.0,60.0,100,0.0,0.0,0.0,0.0,0.0,0.0,0.0,0.0,0.0,0.0,0.0,0.0,0.0,0.0,0.0,0.0,61.6,65,20,65521,50,65476,0,300,0,0,8,20529,65476,0,0,26214,60.0,0.0,0.0,0.0,0.0,0.0
2026-05-17T16:31:58,ERR,ERR,ERR,ERR,ERR,ERR,ERR,ERR,ERR,ERR,ERR,ERR,ERR,ERR,ERR,ERR,ERR,ERR,ERR,ERR,ERR,ERR,ERR,ERR,ERR,ERR,ERR,ERR,ERR,ERR,ERR,ERR,ERR,ERR,ERR,ERR,ERR,ERR,ERR,ERR,ERR,ERR,ERR,ERR,ERR,ERR,ERR,ERR,ERR,ERR,ERR,ERR,ERR,ERR,ERR,ERR,ERR,ERR,ERR,ERR,ERR,ERR,ERR,ERR,ERR,ERR,ERR,ERR,ERR,ERR,ERR,ERR,ERR,ERR,ERR,ERR,ERR,ERR,ERR,ERR,ERR,ERR,ERR,ERR,ERR,ERR,ERR,ERR,ERR,ERR,ERR,ERR,ERR,ERR,ERR,ERR,ERR,ERR,ERR,ERR,ERR,ERR,ERR,ERR,ERR,ERR,ERR,ERR,ERR,ERR,ERR,ERR,ERR,ERR,ERR,ERR,ERR,ERR,ERR,ERR,ERR,ERR,ERR,ERR,ERR,0.0,-107615288.0,-0.0,0.0,0.0,1.3936040501711995e+18,7.805,0.0,0,0,4,0,8422,0.0,45,0.0,0.0,0.0,0.0,0.0,0,0,0,0,0.0,0,0,0,0,0,0,0,0,0,0,0,0,0,0,0,0,0,0,0,0,0,0,0,0,0,0,0,0,0,0,0,0,0,38,14,7,45,65476,0,300,0,0,8,21553,0.0,-107605600.0,0.0,0.0,0.0,0.0,0.0,0.0,0.0,0.0,0.0,0.0,0.0,0.0,0.0,0.0,0.0,0.0,0.0,0.0,0.0,0.0,0.0,-2.004,-2.004,0.0,0.0,0.0,0.0,0.0,5005.0,-0.0,0.0,0.0,-107615288.0,0.0,-0.0,0.0,0.0,0.0,0.0,53,152018454839296.0,5.848055683159391e+35,0.0,0.0,0.0,0.0,0.0,0.0,0.0,0,0,0,0.0,0.0,0.0,0.0,0.0,0.0,0.0,0.0,0.0,0.0,0.0,0.0,0.0,0.0,0.0,0.0,0,-107875648.0,53,0.0,106,-107614832.0,2.7006707062415038e+23,ERR,ERR,ERR,ERR,ERR,ERR,ERR,ERR,ERR,ERR,ERR,ERR,ERR,ERR,ERR,ERR,ERR,ERR,ERR,ERR,ERR,ERR,ERR,ERR,ERR,ERR,ERR,ERR,ERR,ERR,ERR,ERR,ERR,ERR,ERR,ERR,ERR,ERR,ERR,ERR,ERR,ERR,ERR,ERR,ERR,ERR,ERR,ERR,ERR,ERR,ERR,ERR,ERR,ERR,ERR,ERR,ERR,ERR,ERR,ERR,ERR,ERR,ERR,ERR,ERR,ERR,ERR,50.0,60.0,100,0.0,0.0,0.0,0.0,0.0,0.0,0.0,0.0,0.0,0.0,0.0,0.0,0.0,0.0,0.0,0.0,61.6,64,20,65521,50,65476,0,300,0,0,8,20529,65476,0,0,26214,60.0,0.0,0.0,0.0,0.0,0.0
2026-05-17T16:31:59,ERR,ERR,ERR,ERR,ERR,ERR,ERR,ERR,ERR,ERR,ERR,ERR,ERR,ERR,ERR,ERR,ERR,ERR,ERR,ERR,ERR,ERR,ERR,ERR,ERR,ERR,ERR,ERR,ERR,ERR,ERR,ERR,ERR,ERR,ERR,ERR,ERR,ERR,ERR,ERR,ERR,ERR,ERR,ERR,ERR,ERR,ERR,ERR,ERR,ERR,ERR,ERR,ERR,ERR,ERR,ERR,ERR,ERR,ERR,ERR,ERR,ERR,ERR,ERR,ERR,ERR,ERR,ERR,ERR,ERR,ERR,ERR,ERR,ERR,ERR,ERR,ERR,ERR,ERR,ERR,ERR,ERR,ERR,ERR,ERR,ERR,ERR,ERR,ERR,ERR,ERR,ERR,ERR,ERR,ERR,ERR,ERR,ERR,ERR,ERR,ERR,ERR,ERR,ERR,ERR,ERR,ERR,ERR,ERR,ERR,ERR,ERR,ERR,ERR,ERR,ERR,ERR,ERR,ERR,ERR,ERR,ERR,ERR,ERR,ERR,0.0,-107615288.0,-0.0,0.0,0.0,1.3936040501711995e+18,7.805,0.0,0,0,4,0,8422,0.0,45,0.0,0.0,0.0,0.0,0.0,0,0,0,0,0.0,0,0,0,0,0,0,0,0,0,0,0,0,0,0,0,0,0,0,0,0,0,0,0,0,0,0,0,0,0,0,0,0,0,38,14,7,45,65476,0,300,0,0,8,21553,0.0,-107605600.0,0.0,0.0,0.0,0.0,0.0,0.0,0.0,0.0,0.0,0.0,0.0,0.0,0.0,0.0,0.0,0.0,0.0,0.0,0.0,0.0,0.0,-2.004,-2.004,0.0,0.0,0.0,0.0,0.0,5005.0,-0.0,0.0,0.0,-107615288.0,0.0,-0.0,0.0,0.0,0.0,0.0,53,152018454839296.0,5.848055683159391e+35,0.0,0.0,0.0,0.0,0.0,0.0,0.0,0,0,0,0.0,0.0,0.0,0.0,0.0,0.0,0.0,0.0,0.0,0.0,0.0,0.0,0.0,0.0,0.0,0.0,0,-107875648.0,53,0.0,106,-107614832.0,2.7006707062415038e+23,ERR,ERR,ERR,ERR,ERR,ERR,ERR,ERR,ERR,ERR,ERR,ERR,ERR,ERR,ERR,ERR,ERR,ERR,ERR,ERR,ERR,ERR,ERR,ERR,ERR,ERR,ERR,ERR,ERR,ERR,ERR,ERR,ERR,ERR,ERR,ERR,ERR,ERR,ERR,ERR,ERR,ERR,ERR,ERR,ERR,ERR,ERR,ERR,ERR,ERR,ERR,ERR,ERR,ERR,ERR,ERR,ERR,ERR,ERR,ERR,ERR,ERR,ERR,ERR,ERR,ERR,ERR,50.0,60.0,100,0.0,0.0,0.0,0.0,0.0,0.0,0.0,0.0,0.0,0.0,0.0,0.0,0.0,0.0,0.0,0.0,61.6,64,20,65521,50,65476,0,300,0,0,8,20529,65476,0,0,26214,60.0,0.0,0.0,0.0,0.0,0.0
2026-05-17T16:32:00,ERR,ERR,ERR,ERR,ERR,ERR,ERR,ERR,ERR,ERR,ERR,ERR,ERR,ERR,ERR,ERR,ERR,ERR,ERR,ERR,ERR,ERR,ERR,ERR,ERR,ERR,ERR,ERR,ERR,ERR,ERR,ERR,ERR,ERR,ERR,ERR,ERR,ERR,ERR,ERR,ERR,ERR,ERR,ERR,ERR,ERR,ERR,ERR,ERR,ERR,ERR,ERR,ERR,ERR,ERR,ERR,ERR,ERR,ERR,ERR,ERR,ERR,ERR,ERR,ERR,ERR,ERR,ERR,ERR,ERR,ERR,ERR,ERR,ERR,ERR,ERR,ERR,ERR,ERR,ERR,ERR,ERR,ERR,ERR,ERR,ERR,ERR,ERR,ERR,ERR,ERR,ERR,ERR,ERR,ERR,ERR,ERR,ERR,ERR,ERR,ERR,ERR,ERR,ERR,ERR,ERR,ERR,ERR,ERR,ERR,ERR,ERR,ERR,ERR,ERR,ERR,ERR,ERR,ERR,ERR,ERR,ERR,ERR,ERR,ERR,0.0,-107615288.0,-0.0,0.0,0.0,1.3936040501711995e+18,7.805,0.0,0,0,4,0,8422,0.0,45,0.0,0.0,0.0,0.0,0.0,0,0,0,0,0.0,0,0,0,0,0,0,0,0,0,0,0,0,0,0,0,0,0,0,0,0,0,0,0,0,0,0,0,0,0,0,0,0,0,38,14,7,45,65476,0,300,0,0,8,21553,0.0,-107605600.0,0.0,0.0,0.0,0.0,0.0,0.0,0.0,0.0,0.0,0.0,0.0,0.0,0.0,0.0,0.0,0.0,0.0,0.0,0.0,0.0,0.0,-2.004,-2.004,0.0,0.0,0.0,0.0,0.0,5005.0,-0.0,0.0,0.0,-107615288.0,0.0,-0.0,0.0,0.0,0.0,0.0,53,152018454839296.0,5.848055683159391e+35,0.0,0.0,0.0,0.0,0.0,0.0,0.0,0,0,0,0.0,0.0,0.0,0.0,0.0,0.0,0.0,0.0,0.0,0.0,0.0,0.0,0.0,0.0,0.0,0.0,0,-107875648.0,53,0.0,106,-107614832.0,2.7006707062415038e+23,ERR,ERR,ERR,ERR,ERR,ERR,ERR,ERR,ERR,ERR,ERR,ERR,ERR,ERR,ERR,ERR,ERR,ERR,ERR,ERR,ERR,ERR,ERR,ERR,ERR,ERR,ERR,ERR,ERR,ERR,ERR,ERR,ERR,ERR,ERR,ERR,ERR,ERR,ERR,ERR,ERR,ERR,ERR,ERR,ERR,ERR,ERR,ERR,ERR,ERR,ERR,ERR,ERR,ERR,ERR,ERR,ERR,ERR,ERR,ERR,ERR,ERR,ERR,ERR,ERR,ERR,ERR,50.0,60.0,100,0.0,0.0,0.0,0.0,0.0,0.0,0.0,0.0,0.0,0.0,0.0,0.0,0.0,0.0,0.0,0.0,61.6,64,20,65521,50,65476,0,300,0,0,8,20529,65476,0,0,26214,60.0,0.0,0.0,0.0,0.0,0.0
2026-05-17T16:32:01,ERR,ERR,ERR,ERR,ERR,ERR,ERR,ERR,ERR,ERR,ERR,ERR,ERR,ERR,ERR,ERR,ERR,ERR,ERR,ERR,ERR,ERR,ERR,ERR,ERR,ERR,ERR,ERR,ERR,ERR,ERR,ERR,ERR,ERR,ERR,ERR,ERR,ERR,ERR,ERR,ERR,ERR,ERR,ERR,ERR,ERR,ERR,ERR,ERR,ERR,ERR,ERR,ERR,ERR,ERR,ERR,ERR,ERR,ERR,ERR,ERR,ERR,ERR,ERR,ERR,ERR,ERR,ERR,ERR,ERR,ERR,ERR,ERR,ERR,ERR,ERR,ERR,ERR,ERR,ERR,ERR,ERR,ERR,ERR,ERR,ERR,ERR,ERR,ERR,ERR,ERR,ERR,ERR,ERR,ERR,ERR,ERR,ERR,ERR,ERR,ERR,ERR,ERR,ERR,ERR,ERR,ERR,ERR,ERR,ERR,ERR,ERR,ERR,ERR,ERR,ERR,ERR,ERR,ERR,ERR,ERR,ERR,ERR,ERR,ERR,0.0,-107615288.0,-0.0,0.0,0.0,1.3936040501711995e+18,7.805,0.0,0,0,4,0,8422,0.0,45,0.0,0.0,0.0,0.0,0.0,0,0,0,0,0.0,0,0,0,0,0,0,0,0,0,0,0,0,0,0,0,0,0,0,0,0,0,0,0,0,0,0,0,0,0,0,0,0,0,38,14,7,45,65476,0,300,0,0,8,21553,0.0,-107605600.0,0.0,0.0,0.0,0.0,0.0,0.0,0.0,0.0,0.0,0.0,0.0,0.0,0.0,0.0,0.0,0.0,0.0,0.0,0.0,0.0,0.0,-2.004,-2.004,0.0,0.0,0.0,0.0,0.0,5005.0,-0.0,0.0,0.0,-107615288.0,0.0,-0.0,0.0,0.0,0.0,0.0,53,152018454839296.0,5.848055683159391e+35,0.0,0.0,0.0,0.0,0.0,0.0,0.0,0,0,0,0.0,0.0,0.0,0.0,0.0,0.0,0.0,0.0,0.0,0.0,0.0,0.0,0.0,0.0,0.0,0.0,0,-107875648.0,53,0.0,106,-107614832.0,2.7006707062415038e+23,ERR,ERR,ERR,ERR,ERR,ERR,ERR,ERR,ERR,ERR,ERR,ERR,ERR,ERR,ERR,ERR,ERR,ERR,ERR,ERR,ERR,ERR,ERR,ERR,ERR,ERR,ERR,ERR,ERR,ERR,ERR,ERR,ERR,ERR,ERR,ERR,ERR,ERR,ERR,ERR,ERR,ERR,ERR,ERR,ERR,ERR,ERR,ERR,ERR,ERR,ERR,ERR,ERR,ERR,ERR,ERR,ERR,ERR,ERR,ERR,ERR,ERR,ERR,ERR,ERR,ERR,ERR,50.0,60.0,100,0.0,0.0,0.0,0.0,0.0,0.0,0.0,0.0,0.0,0.0,0.0,0.0,0.0,0.0,0.0,0.0,61.6,64,20,65521,50,65476,0,300,0,0,8,20529,65476,0,0,26214,60.0,0.0,0.0,0.0,0.0,0.0
2026-05-17T16:32:02,ERR,ERR,ERR,ERR,ERR,ERR,ERR,ERR,ERR,ERR,ERR,ERR,ERR,ERR,ERR,ERR,ERR,ERR,ERR,ERR,ERR,ERR,ERR,ERR,ERR,ERR,ERR,ERR,ERR,ERR,ERR,ERR,ERR,ERR,ERR,ERR,ERR,ERR,ERR,ERR,ERR,ERR,ERR,ERR,ERR,ERR,ERR,ERR,ERR,ERR,ERR,ERR,ERR,ERR,ERR,ERR,ERR,ERR,ERR,ERR,ERR,ERR,ERR,ERR,ERR,ERR,ERR,ERR,ERR,ERR,ERR,ERR,ERR,ERR,ERR,ERR,ERR,ERR,ERR,ERR,ERR,ERR,ERR,ERR,ERR,ERR,ERR,ERR,ERR,ERR,ERR,ERR,ERR,ERR,ERR,ERR,ERR,ERR,ERR,ERR,ERR,ERR,ERR,ERR,ERR,ERR,ERR,ERR,ERR,ERR,ERR,ERR,ERR,ERR,ERR,ERR,ERR,ERR,ERR,ERR,ERR,ERR,ERR,ERR,ERR,0.0,-107615288.0,-0.0,0.0,0.0,1.3936040501711995e+18,7.805,0.0,0,0,4,0,8422,0.0,45,0.0,0.0,0.0,0.0,0.0,0,0,0,0,0.0,0,0,0,0,0,0,0,0,0,0,0,0,0,0,0,0,0,0,0,0,0,0,0,0,0,0,0,0,0,0,0,0,0,38,14,7,45,65476,0,300,0,0,8,21553,0.0,-107605600.0,0.0,0.0,0.0,0.0,0.0,0.0,0.0,0.0,0.0,0.0,0.0,0.0,0.0,0.0,0.0,0.0,0.0,0.0,0.0,0.0,0.0,-2.004,-2.004,0.0,0.0,0.0,0.0,0.0,5005.0,-0.0,0.0,0.0,-107615288.0,0.0,-0.0,0.0,0.0,0.0,0.0,53,152018454839296.0,5.848055683159391e+35,0.0,0.0,0.0,0.0,0.0,0.0,0.0,0,0,0,0.0,0.0,0.0,0.0,0.0,0.0,0.0,0.0,0.0,0.0,0.0,0.0,0.0,0.0,0.0,0.0,0,-107875648.0,53,0.0,106,-107614832.0,2.7006707062415038e+23,ERR,ERR,ERR,ERR,ERR,ERR,ERR,ERR,ERR,ERR,ERR,ERR,ERR,ERR,ERR,ERR,ERR,ERR,ERR,ERR,ERR,ERR,ERR,ERR,ERR,ERR,ERR,ERR,ERR,ERR,ERR,ERR,ERR,ERR,ERR,ERR,ERR,ERR,ERR,ERR,ERR,ERR,ERR,ERR,ERR,ERR,ERR,ERR,ERR,ERR,ERR,ERR,ERR,ERR,ERR,ERR,ERR,ERR,ERR,ERR,ERR,ERR,ERR,ERR,ERR,ERR,ERR,50.0,60.0,100,0.0,0.0,0.0,0.0,0.0,0.0,0.0,0.0,0.0,0.0,0.0,0.0,0.0,0.0,0.0,0.0,61.6,64,20,65521,50,65476,0,300,0,0,8,20529,65476,0,0,26214,60.0,0.0,0.0,0.0,0.0,0.0
2026-05-17T16:32:03,ERR,ERR,ERR,ERR,ERR,ERR,ERR,ERR,ERR,ERR,ERR,ERR,ERR,ERR,ERR,ERR,ERR,ERR,ERR,ERR,ERR,ERR,ERR,ERR,ERR,ERR,ERR,ERR,ERR,ERR,ERR,ERR,ERR,ERR,ERR,ERR,ERR,ERR,ERR,ERR,ERR,ERR,ERR,ERR,ERR,ERR,ERR,ERR,ERR,ERR,ERR,ERR,ERR,ERR,ERR,ERR,ERR,ERR,ERR,ERR,ERR,ERR,ERR,ERR,ERR,ERR,ERR,ERR,ERR,ERR,ERR,ERR,ERR,ERR,ERR,ERR,ERR,ERR,ERR,ERR,ERR,ERR,ERR,ERR,ERR,ERR,ERR,ERR,ERR,ERR,ERR,ERR,ERR,ERR,ERR,ERR,ERR,ERR,ERR,ERR,ERR,ERR,ERR,ERR,ERR,ERR,ERR,ERR,ERR,ERR,ERR,ERR,ERR,ERR,ERR,ERR,ERR,ERR,ERR,ERR,ERR,ERR,ERR,ERR,ERR,0.0,-107615288.0,-0.0,0.0,0.0,1.3936040501711995e+18,7.805,0.0,0,0,4,0,8422,0.0,45,0.0,0.0,0.0,0.0,0.0,0,0,0,0,0.0,0,0,0,0,0,0,0,0,0,0,0,0,0,0,0,0,0,0,0,0,0,0,0,0,0,0,0,0,0,0,0,0,0,38,14,7,45,65476,0,300,0,0,8,21553,0.0,-107605600.0,0.0,0.0,0.0,0.0,0.0,0.0,0.0,0.0,0.0,0.0,0.0,0.0,0.0,0.0,0.0,0.0,0.0,0.0,0.0,0.0,0.0,-2.004,-2.004,0.0,0.0,0.0,0.0,0.0,5011.0,-564145833377792.0,0.0,0.0,-107615288.0,0.0,-107615304.0,0.0,0.0,0.0,0.0,53,4.950428597886765e+32,-71.629,0.0,0.0,0.0,0.0,0.0,0.0,0.0,0,0,0,0.0,0.0,0.0,0.0,0.0,0.0,0.0,0.0,0.0,0.0,0.0,0.0,0.0,0.0,0.0,0.0,0,-107875648.0,53,0.0,106,-107614832.0,2.7006707062415038e+23,ERR,ERR,ERR,ERR,ERR,ERR,ERR,ERR,ERR,ERR,ERR,ERR,ERR,ERR,ERR,ERR,ERR,ERR,ERR,ERR,ERR,ERR,ERR,ERR,ERR,ERR,ERR,ERR,ERR,ERR,ERR,ERR,ERR,ERR,ERR,ERR,ERR,ERR,ERR,ERR,ERR,ERR,ERR,ERR,ERR,ERR,ERR,ERR,ERR,ERR,ERR,ERR,ERR,ERR,ERR,ERR,ERR,ERR,ERR,ERR,ERR,ERR,ERR,ERR,ERR,ERR,ERR,50.0,60.0,100,0.0,0.0,0.0,0.0,0.0,0.0,0.0,0.0,0.0,0.0,0.0,0.0,0.0,0.0,0.0,0.0,61.6,64,20,65521,50,65476,0,300,0,0,8,20529,65476,0,0,26214,60.0,0.0,0.0,0.0,0.0,0.0
2026-05-17T16:32:04,ERR,ERR,ERR,ERR,ERR,ERR,ERR,ERR,ERR,ERR,ERR,ERR,ERR,ERR,ERR,ERR,ERR,ERR,ERR,ERR,ERR,ERR,ERR,ERR,ERR,ERR,ERR,ERR,ERR,ERR,ERR,ERR,ERR,ERR,ERR,ERR,ERR,ERR,ERR,ERR,ERR,ERR,ERR,ERR,ERR,ERR,ERR,ERR,ERR,ERR,ERR,ERR,ERR,ERR,ERR,ERR,ERR,ERR,ERR,ERR,ERR,ERR,ERR,ERR,ERR,ERR,ERR,ERR,ERR,ERR,ERR,ERR,ERR,ERR,ERR,ERR,ERR,ERR,ERR,ERR,ERR,ERR,ERR,ERR,ERR,ERR,ERR,ERR,ERR,ERR,ERR,ERR,ERR,ERR,ERR,ERR,ERR,ERR,ERR,ERR,ERR,ERR,ERR,ERR,ERR,ERR,ERR,ERR,ERR,ERR,ERR,ERR,ERR,ERR,ERR,ERR,ERR,ERR,ERR,ERR,ERR,ERR,ERR,ERR,ERR,0.0,-107615288.0,-0.0,0.0,0.0,1.3936040501711995e+18,7.805,0.0,0,0,4,0,8422,0.0,45,0.0,0.0,0.0,0.0,0.0,0,0,0,0,0.0,0,0,0,0,0,0,0,0,0,0,0,0,0,0,0,0,0,0,0,0,0,0,0,0,0,0,0,0,0,0,0,0,0,38,14,7,45,65476,0,300,0,0,8,21553,0.0,-107605600.0,0.0,0.0,0.0,0.0,0.0,0.0,0.0,0.0,0.0,0.0,0.0,0.0,0.0,0.0,0.0,0.0,0.0,0.0,0.0,0.0,0.0,-2.004,-2.004,0.0,0.0,0.0,0.0,0.0,5011.0,-564145833377792.0,0.0,0.0,-107615288.0,0.0,-107615304.0,0.0,0.0,0.0,0.0,53,4.950428597886765e+32,-71.629,0.0,0.0,0.0,0.0,0.0,0.0,0.0,0,0,0,0.0,0.0,0.0,0.0,0.0,0.0,0.0,0.0,0.0,0.0,0.0,0.0,0.0,0.0,0.0,0.0,0,-107875648.0,53,0.0,106,-107614832.0,2.7006707062415038e+23,ERR,ERR,ERR,ERR,ERR,ERR,ERR,ERR,ERR,ERR,ERR,ERR,ERR,ERR,ERR,ERR,ERR,ERR,ERR,ERR,ERR,ERR,ERR,ERR,ERR,ERR,ERR,ERR,ERR,ERR,ERR,ERR,ERR,ERR,ERR,ERR,ERR,ERR,ERR,ERR,ERR,ERR,ERR,ERR,ERR,ERR,ERR,ERR,ERR,ERR,ERR,ERR,ERR,ERR,ERR,ERR,ERR,ERR,ERR,ERR,ERR,ERR,ERR,ERR,ERR,ERR,ERR,50.0,60.0,100,0.0,0.0,0.0,0.0,0.0,0.0,0.0,0.0,0.0,0.0,0.0,0.0,0.0,0.0,0.0,0.0,61.6,64,20,65521,50,65476,0,300,0,0,8,20529,65476,0,0,26214,60.0,0.0,0.0,0.0,0.0,0.0
2026-05-17T16:32:05,ERR,ERR,ERR,ERR,ERR,ERR,ERR,ERR,ERR,ERR,ERR,ERR,ERR,ERR,ERR,ERR,ERR,ERR,ERR,ERR,ERR,ERR,ERR,ERR,ERR,ERR,ERR,ERR,ERR,ERR,ERR,ERR,ERR,ERR,ERR,ERR,ERR,ERR,ERR,ERR,ERR,ERR,ERR,ERR,ERR,ERR,ERR,ERR,ERR,ERR,ERR,ERR,ERR,ERR,ERR,ERR,ERR,ERR,ERR,ERR,ERR,ERR,ERR,ERR,ERR,ERR,ERR,ERR,ERR,ERR,ERR,ERR,ERR,ERR,ERR,ERR,ERR,ERR,ERR,ERR,ERR,ERR,ERR,ERR,ERR,ERR,ERR,ERR,ERR,ERR,ERR,ERR,ERR,ERR,ERR,ERR,ERR,ERR,ERR,ERR,ERR,ERR,ERR,ERR,ERR,ERR,ERR,ERR,ERR,ERR,ERR,ERR,ERR,ERR,ERR,ERR,ERR,ERR,ERR,ERR,ERR,ERR,ERR,ERR,ERR,0.0,-107615288.0,-0.0,0.0,0.0,1.3936040501711995e+18,7.805,0.0,0,0,4,0,8422,0.0,45,0.0,0.0,0.0,0.0,0.0,0,0,0,0,0.0,0,0,0,0,0,0,0,0,0,0,0,0,0,0,0,0,0,0,0,0,0,0,0,0,0,0,0,0,0,0,0,0,0,38,14,7,45,65476,0,300,0,0,8,21553,0.0,-107605600.0,0.0,0.0,0.0,0.0,0.0,0.0,0.0,0.0,0.0,0.0,0.0,0.0,0.0,0.0,0.0,0.0,0.0,0.0,0.0,0.0,0.0,-2.004,-2.004,0.0,0.0,0.0,0.0,0.0,5011.0,-564145833377792.0,0.0,0.0,-107615288.0,0.0,-107615304.0,0.0,0.0,0.0,0.0,53,4.950428597886765e+32,-71.629,0.0,0.0,0.0,0.0,0.0,0.0,0.0,0,0,0,0.0,0.0,0.0,0.0,0.0,0.0,0.0,0.0,0.0,0.0,0.0,0.0,0.0,0.0,0.0,0.0,0,-107875648.0,53,0.0,106,-107614832.0,2.7006707062415038e+23,ERR,ERR,ERR,ERR,ERR,ERR,ERR,ERR,ERR,ERR,ERR,ERR,ERR,ERR,ERR,ERR,ERR,ERR,ERR,ERR,ERR,ERR,ERR,ERR,ERR,ERR,ERR,ERR,ERR,ERR,ERR,ERR,ERR,ERR,ERR,ERR,ERR,ERR,ERR,ERR,ERR,ERR,ERR,ERR,ERR,ERR,ERR,ERR,ERR,ERR,ERR,ERR,ERR,ERR,ERR,ERR,ERR,ERR,ERR,ERR,ERR,ERR,ERR,ERR,ERR,ERR,ERR,50.0,60.0,100,0.0,0.0,0.0,0.0,0.0,0.0,0.0,0.0,0.0,0.0,0.0,0.0,0.0,0.0,0.0,0.0,61.6,64,20,65521,50,65476,0,300,0,0,8,20529,65476,0,0,26214,60.0,0.0,0.0,0.0,0.0,0.0
2026-05-17T16:32:06,ERR,ERR,ERR,ERR,ERR,ERR,ERR,ERR,ERR,ERR,ERR,ERR,ERR,ERR,ERR,ERR,ERR,ERR,ERR,ERR,ERR,ERR,ERR,ERR,ERR,ERR,ERR,ERR,ERR,ERR,ERR,ERR,ERR,ERR,ERR,ERR,ERR,ERR,ERR,ERR,ERR,ERR,ERR,ERR,ERR,ERR,ERR,ERR,ERR,ERR,ERR,ERR,ERR,ERR,ERR,ERR,ERR,ERR,ERR,ERR,ERR,ERR,ERR,ERR,ERR,ERR,ERR,ERR,ERR,ERR,ERR,ERR,ERR,ERR,ERR,ERR,ERR,ERR,ERR,ERR,ERR,ERR,ERR,ERR,ERR,ERR,ERR,ERR,ERR,ERR,ERR,ERR,ERR,ERR,ERR,ERR,ERR,ERR,ERR,ERR,ERR,ERR,ERR,ERR,ERR,ERR,ERR,ERR,ERR,ERR,ERR,ERR,ERR,ERR,ERR,ERR,ERR,ERR,ERR,ERR,ERR,ERR,ERR,ERR,ERR,0.0,-107615288.0,-0.0,0.0,0.0,1.3936040501711995e+18,7.805,0.0,0,0,4,0,8422,0.0,45,0.0,0.0,0.0,0.0,0.0,0,0,0,0,0.0,0,0,0,0,0,0,0,0,0,0,0,0,0,0,0,0,0,0,0,0,0,0,0,0,0,0,0,0,0,0,0,0,0,38,14,7,45,65476,0,300,0,0,8,21553,0.0,-107605600.0,0.0,0.0,0.0,0.0,0.0,0.0,0.0,0.0,0.0,0.0,0.0,0.0,0.0,0.0,0.0,0.0,0.0,0.0,0.0,0.0,0.0,-2.004,-2.004,0.0,0.0,0.0,0.0,0.0,5011.0,-564145833377792.0,0.0,0.0,-107615288.0,0.0,-107615304.0,0.0,0.0,0.0,0.0,53,4.950428597886765e+32,-71.629,0.0,0.0,0.0,0.0,0.0,0.0,0.0,0,0,0,0.0,0.0,0.0,0.0,0.0,0.0,0.0,0.0,0.0,0.0,0.0,0.0,0.0,0.0,0.0,0.0,0,-107875648.0,53,0.0,106,-107614832.0,2.7006707062415038e+23,ERR,ERR,ERR,ERR,ERR,ERR,ERR,ERR,ERR,ERR,ERR,ERR,ERR,ERR,ERR,ERR,ERR,ERR,ERR,ERR,ERR,ERR,ERR,ERR,ERR,ERR,ERR,ERR,ERR,ERR,ERR,ERR,ERR,ERR,ERR,ERR,ERR,ERR,ERR,ERR,ERR,ERR,ERR,ERR,ERR,ERR,ERR,ERR,ERR,ERR,ERR,ERR,ERR,ERR,ERR,ERR,ERR,ERR,ERR,ERR,ERR,ERR,ERR,ERR,ERR,ERR,ERR,50.0,60.0,100,0.0,0.0,0.0,0.0,0.0,0.0,0.0,0.0,0.0,0.0,0.0,0.0,0.0,0.0,0.0,0.0,61.6,64,20,65521,50,65476,0,300,0,0,8,20529,65476,0,0,26214,60.0,0.0,0.0,0.0,0.0,0.0
2026-05-17T16:32:07,ERR,ERR,ERR,ERR,ERR,ERR,ERR,ERR,ERR,ERR,ERR,ERR,ERR,ERR,ERR,ERR,ERR,ERR,ERR,ERR,ERR,ERR,ERR,ERR,ERR,ERR,ERR,ERR,ERR,ERR,ERR,ERR,ERR,ERR,ERR,ERR,ERR,ERR,ERR,ERR,ERR,ERR,ERR,ERR,ERR,ERR,ERR,ERR,ERR,ERR,ERR,ERR,ERR,ERR,ERR,ERR,ERR,ERR,ERR,ERR,ERR,ERR,ERR,ERR,ERR,ERR,ERR,ERR,ERR,ERR,ERR,ERR,ERR,ERR,ERR,ERR,ERR,ERR,ERR,ERR,ERR,ERR,ERR,ERR,ERR,ERR,ERR,ERR,ERR,ERR,ERR,ERR,ERR,ERR,ERR,ERR,ERR,ERR,ERR,ERR,ERR,ERR,ERR,ERR,ERR,ERR,ERR,ERR,ERR,ERR,ERR,ERR,ERR,ERR,ERR,ERR,ERR,ERR,ERR,ERR,ERR,ERR,ERR,ERR,ERR,0.0,-107615288.0,-0.0,0.0,0.0,1.3936040501711995e+18,7.805,0.0,0,0,4,0,8422,0.0,45,0.0,0.0,0.0,0.0,0.0,0,0,0,0,0.0,0,0,0,0,0,0,0,0,0,0,0,0,0,0,0,0,0,0,0,0,0,0,0,0,0,0,0,0,0,0,0,0,0,38,14,7,45,65476,0,300,0,0,8,21553,0.0,-107605600.0,0.0,0.0,0.0,0.0,0.0,0.0,0.0,0.0,0.0,0.0,0.0,0.0,0.0,0.0,0.0,0.0,0.0,0.0,0.0,0.0,0.0,-2.004,-2.004,0.0,0.0,0.0,0.0,0.0,5011.0,-564145833377792.0,0.0,0.0,-107615288.0,0.0,-107615304.0,0.0,0.0,0.0,0.0,53,4.950428597886765e+32,-71.629,0.0,0.0,0.0,0.0,0.0,0.0,0.0,0,0,0,0.0,0.0,0.0,0.0,0.0,0.0,0.0,0.0,0.0,0.0,0.0,0.0,0.0,0.0,0.0,0.0,0,-107875648.0,53,0.0,106,-107614832.0,2.7006707062415038e+23,ERR,ERR,ERR,ERR,ERR,ERR,ERR,ERR,ERR,ERR,ERR,ERR,ERR,ERR,ERR,ERR,ERR,ERR,ERR,ERR,ERR,ERR,ERR,ERR,ERR,ERR,ERR,ERR,ERR,ERR,ERR,ERR,ERR,ERR,ERR,ERR,ERR,ERR,ERR,ERR,ERR,ERR,ERR,ERR,ERR,ERR,ERR,ERR,ERR,ERR,ERR,ERR,ERR,ERR,ERR,ERR,ERR,ERR,ERR,ERR,ERR,ERR,ERR,ERR,ERR,ERR,ERR,50.0,60.0,100,0.0,0.0,0.0,0.0,0.0,0.0,0.0,0.0,0.0,0.0,0.0,0.0,0.0,0.0,0.0,0.0,61.6,65,20,65521,50,65476,0,300,0,0,8,20529,65476,0,0,26214,60.0,0.0,0.0,0.0,0.0,0.0
2026-05-17T16:32:08,ERR,ERR,ERR,ERR,ERR,ERR,ERR,ERR,ERR,ERR,ERR,ERR,ERR,ERR,ERR,ERR,ERR,ERR,ERR,ERR,ERR,ERR,ERR,ERR,ERR,ERR,ERR,ERR,ERR,ERR,ERR,ERR,ERR,ERR,ERR,ERR,ERR,ERR,ERR,ERR,ERR,ERR,ERR,ERR,ERR,ERR,ERR,ERR,ERR,ERR,ERR,ERR,ERR,ERR,ERR,ERR,ERR,ERR,ERR,ERR,ERR,ERR,ERR,ERR,ERR,ERR,ERR,ERR,ERR,ERR,ERR,ERR,ERR,ERR,ERR,ERR,ERR,ERR,ERR,ERR,ERR,ERR,ERR,ERR,ERR,ERR,ERR,ERR,ERR,ERR,ERR,ERR,ERR,ERR,ERR,ERR,ERR,ERR,ERR,ERR,ERR,ERR,ERR,ERR,ERR,ERR,ERR,ERR,ERR,ERR,ERR,ERR,ERR,ERR,ERR,ERR,ERR,ERR,ERR,ERR,ERR,ERR,ERR,ERR,ERR,0.0,-107615288.0,-0.0,0.0,0.0,1.3936040501711995e+18,7.805,0.0,0,0,4,0,8422,0.0,45,0.0,0.0,0.0,0.0,0.0,0,0,0,0,0.0,0,0,0,0,0,0,0,0,0,0,0,0,0,0,0,0,0,0,0,0,0,0,0,0,0,0,0,0,0,0,0,0,0,38,14,7,45,65476,0,300,0,0,8,21553,0.0,-107605600.0,0.0,0.0,0.0,0.0,0.0,0.0,0.0,0.0,0.0,0.0,0.0,0.0,0.0,0.0,0.0,0.0,0.0,0.0,0.0,0.0,0.0,-2.004,-2.004,0.0,0.0,0.0,0.0,0.0,5006.0,1.5879293531142762e+29,0.0,0.0,-107615288.0,0.0,-0.0,0.0,0.0,0.0,0.0,53,3.222028592685471e+26,0.059,0.0,0.0,0.0,0.0,0.0,0.0,0.0,0,0,0,0.0,0.0,0.0,0.0,0.0,0.0,0.0,0.0,0.0,0.0,0.0,0.0,0.0,0.0,0.0,0.0,0,-107875648.0,53,0.0,106,-107614832.0,-107350944.0,ERR,ERR,ERR,ERR,ERR,ERR,ERR,ERR,ERR,ERR,ERR,ERR,ERR,ERR,ERR,ERR,ERR,ERR,ERR,ERR,ERR,ERR,ERR,ERR,ERR,ERR,ERR,ERR,ERR,ERR,ERR,ERR,ERR,ERR,ERR,ERR,ERR,ERR,ERR,ERR,ERR,ERR,ERR,ERR,ERR,ERR,ERR,ERR,ERR,ERR,ERR,ERR,ERR,ERR,ERR,ERR,ERR,ERR,ERR,ERR,ERR,ERR,ERR,ERR,ERR,ERR,ERR,50.0,60.0,100,0.0,0.0,0.0,0.0,0.0,0.0,0.0,0.0,0.0,0.0,0.0,0.0,0.0,0.0,0.0,0.0,61.6,65,20,65521,50,65476,0,300,0,0,8,20529,65476,0,0,26214,60.0,0.0,0.0,0.0,0.0,0.0
2026-05-17T16:32:09,ERR,ERR,ERR,ERR,ERR,ERR,ERR,ERR,ERR,ERR,ERR,ERR,ERR,ERR,ERR,ERR,ERR,ERR,ERR,ERR,ERR,ERR,ERR,ERR,ERR,ERR,ERR,ERR,ERR,ERR,ERR,ERR,ERR,ERR,ERR,ERR,ERR,ERR,ERR,ERR,ERR,ERR,ERR,ERR,ERR,ERR,ERR,ERR,ERR,ERR,ERR,ERR,ERR,ERR,ERR,ERR,ERR,ERR,ERR,ERR,ERR,ERR,ERR,ERR,ERR,ERR,ERR,ERR,ERR,ERR,ERR,ERR,ERR,ERR,ERR,ERR,ERR,ERR,ERR,ERR,ERR,ERR,ERR,ERR,ERR,ERR,ERR,ERR,ERR,ERR,ERR,ERR,ERR,ERR,ERR,ERR,ERR,ERR,ERR,ERR,ERR,ERR,ERR,ERR,ERR,ERR,ERR,ERR,ERR,ERR,ERR,ERR,ERR,ERR,ERR,ERR,ERR,ERR,ERR,ERR,ERR,ERR,ERR,ERR,ERR,0.0,-107615288.0,-0.0,0.0,0.0,1.3936040501711995e+18,7.805,0.0,0,0,4,0,8422,0.0,45,0.0,0.0,0.0,0.0,0.0,0,0,0,0,0.0,0,0,0,0,0,0,0,0,0,0,0,0,0,0,0,0,0,0,0,0,0,0,0,0,0,0,0,0,0,0,0,0,0,38,14,7,45,65476,0,300,0,0,8,21553,0.0,-107605600.0,0.0,0.0,0.0,0.0,0.0,0.0,0.0,0.0,0.0,0.0,0.0,0.0,0.0,0.0,0.0,0.0,0.0,0.0,0.0,0.0,0.0,-2.004,-2.004,0.0,0.0,0.0,0.0,0.0,5006.0,1.5879293531142762e+29,0.0,0.0,-107615288.0,0.0,-0.0,0.0,0.0,0.0,0.0,53,3.222028592685471e+26,0.059,0.0,0.0,0.0,0.0,0.0,0.0,0.0,0,0,0,0.0,0.0,0.0,0.0,0.0,0.0,0.0,0.0,0.0,0.0,0.0,0.0,0.0,0.0,0.0,0.0,0,-107875648.0,53,0.0,106,-107614832.0,-107350944.0,ERR,ERR,ERR,ERR,ERR,ERR,ERR,ERR,ERR,ERR,ERR,ERR,ERR,ERR,ERR,ERR,ERR,ERR,ERR,ERR,ERR,ERR,ERR,ERR,ERR,ERR,ERR,ERR,ERR,ERR,ERR,ERR,ERR,ERR,ERR,ERR,ERR,ERR,ERR,ERR,ERR,ERR,ERR,ERR,ERR,ERR,ERR,ERR,ERR,ERR,ERR,ERR,ERR,ERR,ERR,ERR,ERR,ERR,ERR,ERR,ERR,ERR,ERR,ERR,ERR,ERR,ERR,50.0,60.0,100,0.0,0.0,0.0,0.0,0.0,0.0,0.0,0.0,0.0,0.0,0.0,0.0,0.0,0.0,0.0,0.0,61.6,65,20,65521,50,65476,0,300,0,0,8,20529,65476,0,0,26214,60.0,0.0,0.0,0.0,0.0,0.0
2026-05-17T16:32:10,ERR,ERR,ERR,ERR,ERR,ERR,ERR,ERR,ERR,ERR,ERR,ERR,ERR,ERR,ERR,ERR,ERR,ERR,ERR,ERR,ERR,ERR,ERR,ERR,ERR,ERR,ERR,ERR,ERR,ERR,ERR,ERR,ERR,ERR,ERR,ERR,ERR,ERR,ERR,ERR,ERR,ERR,ERR,ERR,ERR,ERR,ERR,ERR,ERR,ERR,ERR,ERR,ERR,ERR,ERR,ERR,ERR,ERR,ERR,ERR,ERR,ERR,ERR,ERR,ERR,ERR,ERR,ERR,ERR,ERR,ERR,ERR,ERR,ERR,ERR,ERR,ERR,ERR,ERR,ERR,ERR,ERR,ERR,ERR,ERR,ERR,ERR,ERR,ERR,ERR,ERR,ERR,ERR,ERR,ERR,ERR,ERR,ERR,ERR,ERR,ERR,ERR,ERR,ERR,ERR,ERR,ERR,ERR,ERR,ERR,ERR,ERR,ERR,ERR,ERR,ERR,ERR,ERR,ERR,ERR,ERR,ERR,ERR,ERR,ERR,0.0,-107615288.0,-0.0,0.0,0.0,1.3936040501711995e+18,7.805,0.0,0,0,4,0,8422,0.0,45,0.0,0.0,0.0,0.0,0.0,0,0,0,0,0.0,0,0,0,0,0,0,0,0,0,0,0,0,0,0,0,0,0,0,0,0,0,0,0,0,0,0,0,0,0,0,0,0,0,38,14,7,45,65476,0,300,0,0,8,21553,0.0,-107605600.0,0.0,0.0,0.0,0.0,0.0,0.0,0.0,0.0,0.0,0.0,0.0,0.0,0.0,0.0,0.0,0.0,0.0,0.0,0.0,0.0,0.0,-2.004,-2.004,0.0,0.0,0.0,0.0,0.0,5006.0,1.5879293531142762e+29,0.0,0.0,-107615288.0,0.0,-0.0,0.0,0.0,0.0,0.0,53,3.222028592685471e+26,0.059,0.0,0.0,0.0,0.0,0.0,0.0,0.0,0,0,0,0.0,0.0,0.0,0.0,0.0,0.0,0.0,0.0,0.0,0.0,0.0,0.0,0.0,0.0,0.0,0.0,0,-107875648.0,53,0.0,106,-107614832.0,-107350944.0,ERR,ERR,ERR,ERR,ERR,ERR,ERR,ERR,ERR,ERR,ERR,ERR,ERR,ERR,ERR,ERR,ERR,ERR,ERR,ERR,ERR,ERR,ERR,ERR,ERR,ERR,ERR,ERR,ERR,ERR,ERR,ERR,ERR,ERR,ERR,ERR,ERR,ERR,ERR,ERR,ERR,ERR,ERR,ERR,ERR,ERR,ERR,ERR,ERR,ERR,ERR,ERR,ERR,ERR,ERR,ERR,ERR,ERR,ERR,ERR,ERR,ERR,ERR,ERR,ERR,ERR,ERR,50.0,60.0,100,0.0,0.0,0.0,0.0,0.0,0.0,0.0,0.0,0.0,0.0,0.0,0.0,0.0,0.0,0.0,0.0,61.6,65,20,65521,50,65476,0,300,0,0,8,20529,65476,0,0,26214,60.0,0.0,0.0,0.0,0.0,0.0
2026-05-17T16:32:11,ERR,ERR,ERR,ERR,ERR,ERR,ERR,ERR,ERR,ERR,ERR,ERR,ERR,ERR,ERR,ERR,ERR,ERR,ERR,ERR,ERR,ERR,ERR,ERR,ERR,ERR,ERR,ERR,ERR,ERR,ERR,ERR,ERR,ERR,ERR,ERR,ERR,ERR,ERR,ERR,ERR,ERR,ERR,ERR,ERR,ERR,ERR,ERR,ERR,ERR,ERR,ERR,ERR,ERR,ERR,ERR,ERR,ERR,ERR,ERR,ERR,ERR,ERR,ERR,ERR,ERR,ERR,ERR,ERR,ERR,ERR,ERR,ERR,ERR,ERR,ERR,ERR,ERR,ERR,ERR,ERR,ERR,ERR,ERR,ERR,ERR,ERR,ERR,ERR,ERR,ERR,ERR,ERR,ERR,ERR,ERR,ERR,ERR,ERR,ERR,ERR,ERR,ERR,ERR,ERR,ERR,ERR,ERR,ERR,ERR,ERR,ERR,ERR,ERR,ERR,ERR,ERR,ERR,ERR,ERR,ERR,ERR,ERR,ERR,ERR,0.0,-107615288.0,-0.0,0.0,0.0,1.3936040501711995e+18,7.805,0.0,0,0,4,0,8422,0.0,45,0.0,0.0,0.0,0.0,0.0,0,0,0,0,0.0,0,0,0,0,0,0,0,0,0,0,0,0,0,0,0,0,0,0,0,0,0,0,0,0,0,0,0,0,0,0,0,0,0,38,14,7,45,65476,0,300,0,0,8,21553,0.0,-107605600.0,0.0,0.0,0.0,0.0,0.0,0.0,0.0,0.0,0.0,0.0,0.0,0.0,0.0,0.0,0.0,0.0,0.0,0.0,0.0,0.0,0.0,-2.004,-2.004,0.0,0.0,0.0,0.0,0.0,5006.0,1.5879293531142762e+29,0.0,0.0,-107615288.0,0.0,-0.0,0.0,0.0,0.0,0.0,53,3.222028592685471e+26,0.059,0.0,0.0,0.0,0.0,0.0,0.0,0.0,0,0,0,0.0,0.0,0.0,0.0,0.0,0.0,0.0,0.0,0.0,0.0,0.0,0.0,0.0,0.0,0.0,0.0,0,-107875648.0,53,0.0,106,-107614832.0,-107350944.0,ERR,ERR,ERR,ERR,ERR,ERR,ERR,ERR,ERR,ERR,ERR,ERR,ERR,ERR,ERR,ERR,ERR,ERR,ERR,ERR,ERR,ERR,ERR,ERR,ERR,ERR,ERR,ERR,ERR,ERR,ERR,ERR,ERR,ERR,ERR,ERR,ERR,ERR,ERR,ERR,ERR,ERR,ERR,ERR,ERR,ERR,ERR,ERR,ERR,ERR,ERR,ERR,ERR,ERR,ERR,ERR,ERR,ERR,ERR,ERR,ERR,ERR,ERR,ERR,ERR,ERR,ERR,50.0,60.0,100,0.0,0.0,0.0,0.0,0.0,0.0,0.0,0.0,0.0,0.0,0.0,0.0,0.0,0.0,0.0,0.0,61.6,65,20,65521,50,65476,0,300,0,0,8,20529,65476,0,0,26214,60.0,0.0,0.0,0.0,0.0,0.0
2026-05-17T16:32:12,ERR,ERR,ERR,ERR,ERR,ERR,ERR,ERR,ERR,ERR,ERR,ERR,ERR,ERR,ERR,ERR,ERR,ERR,ERR,ERR,ERR,ERR,ERR,ERR,ERR,ERR,ERR,ERR,ERR,ERR,ERR,ERR,ERR,ERR,ERR,ERR,ERR,ERR,ERR,ERR,ERR,ERR,ERR,ERR,ERR,ERR,ERR,ERR,ERR,ERR,ERR,ERR,ERR,ERR,ERR,ERR,ERR,ERR,ERR,ERR,ERR,ERR,ERR,ERR,ERR,ERR,ERR,ERR,ERR,ERR,ERR,ERR,ERR,ERR,ERR,ERR,ERR,ERR,ERR,ERR,ERR,ERR,ERR,ERR,ERR,ERR,ERR,ERR,ERR,ERR,ERR,ERR,ERR,ERR,ERR,ERR,ERR,ERR,ERR,ERR,ERR,ERR,ERR,ERR,ERR,ERR,ERR,ERR,ERR,ERR,ERR,ERR,ERR,ERR,ERR,ERR,ERR,ERR,ERR,ERR,ERR,ERR,ERR,ERR,ERR,0.0,-107615288.0,-0.0,0.0,0.0,1.3936040501711995e+18,7.805,0.0,0,0,4,0,8422,0.0,45,0.0,0.0,0.0,0.0,0.0,0,0,0,0,0.0,0,0,0,0,0,0,0,0,0,0,0,0,0,0,0,0,0,0,0,0,0,0,0,0,0,0,0,0,0,0,0,0,0,38,14,7,45,65476,0,300,0,0,8,21553,0.0,-107605600.0,0.0,0.0,0.0,0.0,0.0,0.0,0.0,0.0,0.0,0.0,0.0,0.0,0.0,0.0,0.0,0.0,0.0,0.0,0.0,0.0,0.0,-2.004,-2.004,0.0,0.0,0.0,0.0,0.0,5006.0,1.5879293531142762e+29,0.0,0.0,-107615288.0,0.0,-0.0,0.0,0.0,0.0,0.0,53,3.222028592685471e+26,0.059,0.0,0.0,0.0,0.0,0.0,0.0,0.0,0,0,0,0.0,0.0,0.0,0.0,0.0,0.0,0.0,0.0,0.0,0.0,0.0,0.0,0.0,0.0,0.0,0.0,0,-107875648.0,53,0.0,106,-107614832.0,-107350944.0,ERR,ERR,ERR,ERR,ERR,ERR,ERR,ERR,ERR,ERR,ERR,ERR,ERR,ERR,ERR,ERR,ERR,ERR,ERR,ERR,ERR,ERR,ERR,ERR,ERR,ERR,ERR,ERR,ERR,ERR,ERR,ERR,ERR,ERR,ERR,ERR,ERR,ERR,ERR,ERR,ERR,ERR,ERR,ERR,ERR,ERR,ERR,ERR,ERR,ERR,ERR,ERR,ERR,ERR,ERR,ERR,ERR,ERR,ERR,ERR,ERR,ERR,ERR,ERR,ERR,ERR,ERR,50.0,60.0,100,0.0,0.0,0.0,0.0,0.0,0.0,0.0,0.0,0.0,0.0,0.0,0.0,0.0,0.0,0.0,0.0,61.6,65,20,65521,50,65476,0,300,0,0,8,20529,65476,0,0,26214,60.0,0.0,0.0,0.0,0.0,0.0
2026-05-17T16:32:13,ERR,ERR,ERR,ERR,ERR,ERR,ERR,ERR,ERR,ERR,ERR,ERR,ERR,ERR,ERR,ERR,ERR,ERR,ERR,ERR,ERR,ERR,ERR,ERR,ERR,ERR,ERR,ERR,ERR,ERR,ERR,ERR,ERR,ERR,ERR,ERR,ERR,ERR,ERR,ERR,ERR,ERR,ERR,ERR,ERR,ERR,ERR,ERR,ERR,ERR,ERR,ERR,ERR,ERR,ERR,ERR,ERR,ERR,ERR,ERR,ERR,ERR,ERR,ERR,ERR,ERR,ERR,ERR,ERR,ERR,ERR,ERR,ERR,ERR,ERR,ERR,ERR,ERR,ERR,ERR,ERR,ERR,ERR,ERR,ERR,ERR,ERR,ERR,ERR,ERR,ERR,ERR,ERR,ERR,ERR,ERR,ERR,ERR,ERR,ERR,ERR,ERR,ERR,ERR,ERR,ERR,ERR,ERR,ERR,ERR,ERR,ERR,ERR,ERR,ERR,ERR,ERR,ERR,ERR,ERR,ERR,ERR,ERR,ERR,ERR,0.0,-107615288.0,-0.0,0.0,0.0,1.3936040501711995e+18,7.805,0.0,0,0,4,0,8422,0.0,45,0.0,0.0,0.0,0.0,0.0,0,0,0,0,0.0,0,0,0,0,0,0,0,0,0,0,0,0,0,0,0,0,0,0,0,0,0,0,0,0,0,0,0,0,0,0,0,0,0,38,14,7,45,65476,0,300,0,0,8,21553,0.0,-107605600.0,0.0,0.0,0.0,0.0,0.0,0.0,0.0,0.0,0.0,0.0,0.0,0.0,0.0,0.0,0.0,0.0,0.0,0.0,0.0,0.0,0.0,-2.004,-0.0,0.0,0.0,0.0,0.0,0.0,4975.0,-2.4229876163019057e+24,0.0,0.0,-107615288.0,0.0,-0.0,0.0,0.0,0.0,0.0,53,3.222028592685471e+26,4.066853280225235e+29,0.0,0.0,0.0,0.0,0.0,0.0,0.0,0,0,0,0.0,0.0,0.0,0.0,0.0,0.0,0.0,0.0,0.0,0.0,0.0,0.0,0.0,0.0,0.0,0.0,0,-107875648.0,53,0.0,106,-107614832.0,2.7006707062415038e+23,ERR,ERR,ERR,ERR,ERR,ERR,ERR,ERR,ERR,ERR,ERR,ERR,ERR,ERR,ERR,ERR,ERR,ERR,ERR,ERR,ERR,ERR,ERR,ERR,ERR,ERR,ERR,ERR,ERR,ERR,ERR,ERR,ERR,ERR,ERR,ERR,ERR,ERR,ERR,ERR,ERR,ERR,ERR,ERR,ERR,ERR,ERR,ERR,ERR,ERR,ERR,ERR,ERR,ERR,ERR,ERR,ERR,ERR,ERR,ERR,ERR,ERR,ERR,ERR,ERR,ERR,ERR,50.0,60.0,100,0.0,0.0,0.0,0.0,0.0,0.0,0.0,0.0,0.0,0.0,0.0,0.0,0.0,0.0,0.0,0.0,61.6,65,20,65521,50,65476,0,300,0,0,8,20529,65476,0,0,26214,60.0,0.0,0.0,0.0,0.0,0.0
2026-05-17T16:32:14,ERR,ERR,ERR,ERR,ERR,ERR,ERR,ERR,ERR,ERR,ERR,ERR,ERR,ERR,ERR,ERR,ERR,ERR,ERR,ERR,ERR,ERR,ERR,ERR,ERR,ERR,ERR,ERR,ERR,ERR,ERR,ERR,ERR,ERR,ERR,ERR,ERR,ERR,ERR,ERR,ERR,ERR,ERR,ERR,ERR,ERR,ERR,ERR,ERR,ERR,ERR,ERR,ERR,ERR,ERR,ERR,ERR,ERR,ERR,ERR,ERR,ERR,ERR,ERR,ERR,ERR,ERR,ERR,ERR,ERR,ERR,ERR,ERR,ERR,ERR,ERR,ERR,ERR,ERR,ERR,ERR,ERR,ERR,ERR,ERR,ERR,ERR,ERR,ERR,ERR,ERR,ERR,ERR,ERR,ERR,ERR,ERR,ERR,ERR,ERR,ERR,ERR,ERR,ERR,ERR,ERR,ERR,ERR,ERR,ERR,ERR,ERR,ERR,ERR,ERR,ERR,ERR,ERR,ERR,ERR,ERR,ERR,ERR,ERR,ERR,0.0,-107615288.0,-0.0,0.0,0.0,1.3936040501711995e+18,7.805,0.0,0,0,4,0,8422,0.0,45,0.0,0.0,0.0,0.0,0.0,0,0,0,0,0.0,0,0,0,0,0,0,0,0,0,0,0,0,0,0,0,0,0,0,0,0,0,0,0,0,0,0,0,0,0,0,0,0,0,38,14,7,45,65476,0,300,0,0,8,21553,0.0,-107605600.0,0.0,0.0,0.0,0.0,0.0,0.0,0.0,0.0,0.0,0.0,0.0,0.0,0.0,0.0,0.0,0.0,0.0,0.0,0.0,0.0,0.0,-2.004,-0.0,0.0,0.0,0.0,0.0,0.0,4975.0,-2.4229876163019057e+24,0.0,0.0,-107615288.0,0.0,-0.0,0.0,0.0,0.0,0.0,53,3.222028592685471e+26,4.066853280225235e+29,0.0,0.0,0.0,0.0,0.0,0.0,0.0,0,0,0,0.0,0.0,0.0,0.0,0.0,0.0,0.0,0.0,0.0,0.0,0.0,0.0,0.0,0.0,0.0,0.0,0,-107875648.0,53,0.0,106,-107614832.0,2.7006707062415038e+23,ERR,ERR,ERR,ERR,ERR,ERR,ERR,ERR,ERR,ERR,ERR,ERR,ERR,ERR,ERR,ERR,ERR,ERR,ERR,ERR,ERR,ERR,ERR,ERR,ERR,ERR,ERR,ERR,ERR,ERR,ERR,ERR,ERR,ERR,ERR,ERR,ERR,ERR,ERR,ERR,ERR,ERR,ERR,ERR,ERR,ERR,ERR,ERR,ERR,ERR,ERR,ERR,ERR,ERR,ERR,ERR,ERR,ERR,ERR,ERR,ERR,ERR,ERR,ERR,ERR,ERR,ERR,50.0,60.0,100,0.0,0.0,0.0,0.0,0.0,0.0,0.0,0.0,0.0,0.0,0.0,0.0,0.0,0.0,0.0,0.0,61.6,65,20,65521,50,65476,0,300,0,0,8,20529,65476,0,0,26214,60.0,0.0,0.0,0.0,0.0,0.0
2026-05-17T16:32:15,ERR,ERR,ERR,ERR,ERR,ERR,ERR,ERR,ERR,ERR,ERR,ERR,ERR,ERR,ERR,ERR,ERR,ERR,ERR,ERR,ERR,ERR,ERR,ERR,ERR,ERR,ERR,ERR,ERR,ERR,ERR,ERR,ERR,ERR,ERR,ERR,ERR,ERR,ERR,ERR,ERR,ERR,ERR,ERR,ERR,ERR,ERR,ERR,ERR,ERR,ERR,ERR,ERR,ERR,ERR,ERR,ERR,ERR,ERR,ERR,ERR,ERR,ERR,ERR,ERR,ERR,ERR,ERR,ERR,ERR,ERR,ERR,ERR,ERR,ERR,ERR,ERR,ERR,ERR,ERR,ERR,ERR,ERR,ERR,ERR,ERR,ERR,ERR,ERR,ERR,ERR,ERR,ERR,ERR,ERR,ERR,ERR,ERR,ERR,ERR,ERR,ERR,ERR,ERR,ERR,ERR,ERR,ERR,ERR,ERR,ERR,ERR,ERR,ERR,ERR,ERR,ERR,ERR,ERR,ERR,ERR,ERR,ERR,ERR,ERR,0.0,-107615288.0,-0.0,0.0,0.0,1.3936040501711995e+18,7.805,0.0,0,0,4,0,8422,0.0,45,0.0,0.0,0.0,0.0,0.0,0,0,0,0,0.0,0,0,0,0,0,0,0,0,0,0,0,0,0,0,0,0,0,0,0,0,0,0,0,0,0,0,0,0,0,0,0,0,0,38,14,7,45,65476,0,300,0,0,8,21553,0.0,-107605600.0,0.0,0.0,0.0,0.0,0.0,0.0,0.0,0.0,0.0,0.0,0.0,0.0,0.0,0.0,0.0,0.0,0.0,0.0,0.0,0.0,0.0,-2.004,-0.0,0.0,0.0,0.0,0.0,0.0,4975.0,-2.4229876163019057e+24,0.0,0.0,-107615288.0,0.0,-0.0,0.0,0.0,0.0,0.0,53,3.222028592685471e+26,4.066853280225235e+29,0.0,0.0,0.0,0.0,0.0,0.0,0.0,0,0,0,0.0,0.0,0.0,0.0,0.0,0.0,0.0,0.0,0.0,0.0,0.0,0.0,0.0,0.0,0.0,0.0,0,-107875648.0,53,0.0,106,-107614832.0,2.7006707062415038e+23,ERR,ERR,ERR,ERR,ERR,ERR,ERR,ERR,ERR,ERR,ERR,ERR,ERR,ERR,ERR,ERR,ERR,ERR,ERR,ERR,ERR,ERR,ERR,ERR,ERR,ERR,ERR,ERR,ERR,ERR,ERR,ERR,ERR,ERR,ERR,ERR,ERR,ERR,ERR,ERR,ERR,ERR,ERR,ERR,ERR,ERR,ERR,ERR,ERR,ERR,ERR,ERR,ERR,ERR,ERR,ERR,ERR,ERR,ERR,ERR,ERR,ERR,ERR,ERR,ERR,ERR,ERR,50.0,60.0,100,0.0,0.0,0.0,0.0,0.0,0.0,0.0,0.0,0.0,0.0,0.0,0.0,0.0,0.0,0.0,0.0,61.6,65,20,65521,50,65476,0,300,0,0,8,20529,65476,0,0,26214,60.0,0.0,0.0,0.0,0.0,0.0
2026-05-17T16:32:16,ERR,ERR,ERR,ERR,ERR,ERR,ERR,ERR,ERR,ERR,ERR,ERR,ERR,ERR,ERR,ERR,ERR,ERR,ERR,ERR,ERR,ERR,ERR,ERR,ERR,ERR,ERR,ERR,ERR,ERR,ERR,ERR,ERR,ERR,ERR,ERR,ERR,ERR,ERR,ERR,ERR,ERR,ERR,ERR,ERR,ERR,ERR,ERR,ERR,ERR,ERR,ERR,ERR,ERR,ERR,ERR,ERR,ERR,ERR,ERR,ERR,ERR,ERR,ERR,ERR,ERR,ERR,ERR,ERR,ERR,ERR,ERR,ERR,ERR,ERR,ERR,ERR,ERR,ERR,ERR,ERR,ERR,ERR,ERR,ERR,ERR,ERR,ERR,ERR,ERR,ERR,ERR,ERR,ERR,ERR,ERR,ERR,ERR,ERR,ERR,ERR,ERR,ERR,ERR,ERR,ERR,ERR,ERR,ERR,ERR,ERR,ERR,ERR,ERR,ERR,ERR,ERR,ERR,ERR,ERR,ERR,ERR,ERR,ERR,ERR,0.0,-107615288.0,-0.0,0.0,0.0,1.3936040501711995e+18,7.805,0.0,0,0,4,0,8422,0.0,45,0.0,0.0,0.0,0.0,0.0,0,0,0,0,0.0,0,0,0,0,0,0,0,0,0,0,0,0,0,0,0,0,0,0,0,0,0,0,0,0,0,0,0,0,0,0,0,0,0,38,14,7,45,65476,0,300,0,0,8,21553,0.0,-107605600.0,0.0,0.0,0.0,0.0,0.0,0.0,0.0,0.0,0.0,0.0,0.0,0.0,0.0,0.0,0.0,0.0,0.0,0.0,0.0,0.0,0.0,-2.004,-0.0,0.0,0.0,0.0,0.0,0.0,4975.0,-2.4229876163019057e+24,0.0,0.0,-107615288.0,0.0,-0.0,0.0,0.0,0.0,0.0,53,3.222028592685471e+26,4.066853280225235e+29,0.0,0.0,0.0,0.0,0.0,0.0,0.0,0,0,0,0.0,0.0,0.0,0.0,0.0,0.0,0.0,0.0,0.0,0.0,0.0,0.0,0.0,0.0,0.0,0.0,0,-107875648.0,53,0.0,106,-107614832.0,2.7006707062415038e+23,ERR,ERR,ERR,ERR,ERR,ERR,ERR,ERR,ERR,ERR,ERR,ERR,ERR,ERR,ERR,ERR,ERR,ERR,ERR,ERR,ERR,ERR,ERR,ERR,ERR,ERR,ERR,ERR,ERR,ERR,ERR,ERR,ERR,ERR,ERR,ERR,ERR,ERR,ERR,ERR,ERR,ERR,ERR,ERR,ERR,ERR,ERR,ERR,ERR,ERR,ERR,ERR,ERR,ERR,ERR,ERR,ERR,ERR,ERR,ERR,ERR,ERR,ERR,ERR,ERR,ERR,ERR,50.0,60.0,100,0.0,0.0,0.0,0.0,0.0,0.0,0.0,0.0,0.0,0.0,0.0,0.0,0.0,0.0,0.0,0.0,61.6,65,20,65521,50,65476,0,300,0,0,8,20529,65476,0,0,26214,60.0,0.0,0.0,0.0,0.0,0.0
2026-05-17T16:32:17,ERR,ERR,ERR,ERR,ERR,ERR,ERR,ERR,ERR,ERR,ERR,ERR,ERR,ERR,ERR,ERR,ERR,ERR,ERR,ERR,ERR,ERR,ERR,ERR,ERR,ERR,ERR,ERR,ERR,ERR,ERR,ERR,ERR,ERR,ERR,ERR,ERR,ERR,ERR,ERR,ERR,ERR,ERR,ERR,ERR,ERR,ERR,ERR,ERR,ERR,ERR,ERR,ERR,ERR,ERR,ERR,ERR,ERR,ERR,ERR,ERR,ERR,ERR,ERR,ERR,ERR,ERR,ERR,ERR,ERR,ERR,ERR,ERR,ERR,ERR,ERR,ERR,ERR,ERR,ERR,ERR,ERR,ERR,ERR,ERR,ERR,ERR,ERR,ERR,ERR,ERR,ERR,ERR,ERR,ERR,ERR,ERR,ERR,ERR,ERR,ERR,ERR,ERR,ERR,ERR,ERR,ERR,ERR,ERR,ERR,ERR,ERR,ERR,ERR,ERR,ERR,ERR,ERR,ERR,ERR,ERR,ERR,ERR,ERR,ERR,0.0,-107615288.0,-0.0,0.0,0.0,1.3936040501711995e+18,7.805,0.0,0,0,4,0,8422,0.0,45,0.0,0.0,0.0,0.0,0.0,0,0,0,0,0.0,0,0,0,0,0,0,0,0,0,0,0,0,0,0,0,0,0,0,0,0,0,0,0,0,0,0,0,0,0,0,0,0,0,38,14,7,45,65476,0,300,0,0,8,21553,0.0,-107605600.0,0.0,0.0,0.0,0.0,0.0,0.0,0.0,0.0,0.0,0.0,0.0,0.0,0.0,0.0,0.0,0.0,0.0,0.0,0.0,0.0,0.0,-2.004,-0.0,0.0,0.0,0.0,0.0,0.0,4975.0,-2.4229876163019057e+24,0.0,0.0,-107615288.0,0.0,-0.0,0.0,0.0,0.0,0.0,53,3.222028592685471e+26,4.066853280225235e+29,0.0,0.0,0.0,0.0,0.0,0.0,0.0,0,0,0,0.0,0.0,0.0,0.0,0.0,0.0,0.0,0.0,0.0,0.0,0.0,0.0,0.0,0.0,0.0,0.0,0,-107875648.0,53,0.0,106,-107614832.0,2.7006707062415038e+23,ERR,ERR,ERR,ERR,ERR,ERR,ERR,ERR,ERR,ERR,ERR,ERR,ERR,ERR,ERR,ERR,ERR,ERR,ERR,ERR,ERR,ERR,ERR,ERR,ERR,ERR,ERR,ERR,ERR,ERR,ERR,ERR,ERR,ERR,ERR,ERR,ERR,ERR,ERR,ERR,ERR,ERR,ERR,ERR,ERR,ERR,ERR,ERR,ERR,ERR,ERR,ERR,ERR,ERR,ERR,ERR,ERR,ERR,ERR,ERR,ERR,ERR,ERR,ERR,ERR,ERR,ERR,50.0,60.0,100,0.0,0.0,0.0,0.0,0.0,0.0,0.0,0.0,0.0,0.0,0.0,0.0,0.0,0.0,0.0,0.0,61.6,65,20,65521,50,65476,0,300,0,0,8,20529,65476,0,0,26214,60.0,0.0,0.0,0.0,0.0,0.0
2026-05-17T16:32:18,ERR,ERR,ERR,ERR,ERR,ERR,ERR,ERR,ERR,ERR,ERR,ERR,ERR,ERR,ERR,ERR,ERR,ERR,ERR,ERR,ERR,ERR,ERR,ERR,ERR,ERR,ERR,ERR,ERR,ERR,ERR,ERR,ERR,ERR,ERR,ERR,ERR,ERR,ERR,ERR,ERR,ERR,ERR,ERR,ERR,ERR,ERR,ERR,ERR,ERR,ERR,ERR,ERR,ERR,ERR,ERR,ERR,ERR,ERR,ERR,ERR,ERR,ERR,ERR,ERR,ERR,ERR,ERR,ERR,ERR,ERR,ERR,ERR,ERR,ERR,ERR,ERR,ERR,ERR,ERR,ERR,ERR,ERR,ERR,ERR,ERR,ERR,ERR,ERR,ERR,ERR,ERR,ERR,ERR,ERR,ERR,ERR,ERR,ERR,ERR,ERR,ERR,ERR,ERR,ERR,ERR,ERR,ERR,ERR,ERR,ERR,ERR,ERR,ERR,ERR,ERR,ERR,ERR,ERR,ERR,ERR,ERR,ERR,ERR,ERR,0.0,-107615288.0,-0.0,0.0,0.0,1.3936040501711995e+18,7.805,0.0,0,0,4,0,8422,0.0,45,0.0,0.0,0.0,0.0,0.0,0,0,0,0,0.0,0,0,0,0,0,0,0,0,0,0,0,0,0,0,0,0,0,0,0,0,0,0,0,0,0,0,0,0,0,0,0,0,0,38,14,7,45,65476,0,300,0,0,8,21553,0.0,-107605600.0,0.0,0.0,0.0,0.0,0.0,0.0,0.0,0.0,0.0,0.0,0.0,0.0,0.0,0.0,0.0,0.0,0.0,0.0,0.0,0.0,0.0,-2.004,-0.0,0.0,0.0,0.0,0.0,0.0,4971.0,-0.0,0.0,0.0,-107615288.0,0.0,-0.0,0.0,0.0,0.0,0.0,53,126841110528.0,0.0,0.0,0.0,0.0,0.0,0.0,0.0,0.0,0,0,0,0.0,0.0,0.0,0.0,0.0,0.0,0.0,0.0,0.0,0.0,0.0,0.0,0.0,0.0,0.0,0.0,0,-107875648.0,53,0.0,106,-107614832.0,-107350944.0,ERR,ERR,ERR,ERR,ERR,ERR,ERR,ERR,ERR,ERR,ERR,ERR,ERR,ERR,ERR,ERR,ERR,ERR,ERR,ERR,ERR,ERR,ERR,ERR,ERR,ERR,ERR,ERR,ERR,ERR,ERR,ERR,ERR,ERR,ERR,ERR,ERR,ERR,ERR,ERR,ERR,ERR,ERR,ERR,ERR,ERR,ERR,ERR,ERR,ERR,ERR,ERR,ERR,ERR,ERR,ERR,ERR,ERR,ERR,ERR,ERR,ERR,ERR,ERR,ERR,ERR,ERR,50.0,60.0,100,0.0,0.0,0.0,0.0,0.0,0.0,0.0,0.0,0.0,0.0,0.0,0.0,0.0,0.0,0.0,0.0,61.6,65,20,65521,50,65476,0,300,0,0,8,20529,65476,0,0,26214,60.0,0.0,0.0,0.0,0.0,0.0
2026-05-17T16:32:19,ERR,ERR,ERR,ERR,ERR,ERR,ERR,ERR,ERR,ERR,ERR,ERR,ERR,ERR,ERR,ERR,ERR,ERR,ERR,ERR,ERR,ERR,ERR,ERR,ERR,ERR,ERR,ERR,ERR,ERR,ERR,ERR,ERR,ERR,ERR,ERR,ERR,ERR,ERR,ERR,ERR,ERR,ERR,ERR,ERR,ERR,ERR,ERR,ERR,ERR,ERR,ERR,ERR,ERR,ERR,ERR,ERR,ERR,ERR,ERR,ERR,ERR,ERR,ERR,ERR,ERR,ERR,ERR,ERR,ERR,ERR,ERR,ERR,ERR,ERR,ERR,ERR,ERR,ERR,ERR,ERR,ERR,ERR,ERR,ERR,ERR,ERR,ERR,ERR,ERR,ERR,ERR,ERR,ERR,ERR,ERR,ERR,ERR,ERR,ERR,ERR,ERR,ERR,ERR,ERR,ERR,ERR,ERR,ERR,ERR,ERR,ERR,ERR,ERR,ERR,ERR,ERR,ERR,ERR,ERR,ERR,ERR,ERR,ERR,ERR,0.0,-107615288.0,-0.0,0.0,0.0,1.3936040501711995e+18,7.805,0.0,0,0,4,0,8422,0.0,45,0.0,0.0,0.0,0.0,0.0,0,0,0,0,0.0,0,0,0,0,0,0,0,0,0,0,0,0,0,0,0,0,0,0,0,0,0,0,0,0,0,0,0,0,0,0,0,0,0,38,14,7,45,65476,0,300,0,0,8,21553,0.0,-107605600.0,0.0,0.0,0.0,0.0,0.0,0.0,0.0,0.0,0.0,0.0,0.0,0.0,0.0,0.0,0.0,0.0,0.0,0.0,0.0,0.0,0.0,-2.004,-0.0,0.0,0.0,0.0,0.0,0.0,4971.0,-0.0,0.0,0.0,-107615288.0,0.0,-0.0,0.0,0.0,0.0,0.0,53,126841110528.0,0.0,0.0,0.0,0.0,0.0,0.0,0.0,0.0,0,0,0,0.0,0.0,0.0,0.0,0.0,0.0,0.0,0.0,0.0,0.0,0.0,0.0,0.0,0.0,0.0,0.0,0,-107875648.0,53,0.0,106,-107614832.0,-107350944.0,ERR,ERR,ERR,ERR,ERR,ERR,ERR,ERR,ERR,ERR,ERR,ERR,ERR,ERR,ERR,ERR,ERR,ERR,ERR,ERR,ERR,ERR,ERR,ERR,ERR,ERR,ERR,ERR,ERR,ERR,ERR,ERR,ERR,ERR,ERR,ERR,ERR,ERR,ERR,ERR,ERR,ERR,ERR,ERR,ERR,ERR,ERR,ERR,ERR,ERR,ERR,ERR,ERR,ERR,ERR,ERR,ERR,ERR,ERR,ERR,ERR,ERR,ERR,ERR,ERR,ERR,ERR,50.0,60.0,100,0.0,0.0,0.0,0.0,0.0,0.0,0.0,0.0,0.0,0.0,0.0,0.0,0.0,0.0,0.0,0.0,61.6,65,20,65521,50,65476,0,300,0,0,8,20529,65476,0,0,26214,60.0,0.0,0.0,0.0,0.0,0.0
2026-05-17T16:32:20,ERR,ERR,ERR,ERR,ERR,ERR,ERR,ERR,ERR,ERR,ERR,ERR,ERR,ERR,ERR,ERR,ERR,ERR,ERR,ERR,ERR,ERR,ERR,ERR,ERR,ERR,ERR,ERR,ERR,ERR,ERR,ERR,ERR,ERR,ERR,ERR,ERR,ERR,ERR,ERR,ERR,ERR,ERR,ERR,ERR,ERR,ERR,ERR,ERR,ERR,ERR,ERR,ERR,ERR,ERR,ERR,ERR,ERR,ERR,ERR,ERR,ERR,ERR,ERR,ERR,ERR,ERR,ERR,ERR,ERR,ERR,ERR,ERR,ERR,ERR,ERR,ERR,ERR,ERR,ERR,ERR,ERR,ERR,ERR,ERR,ERR,ERR,ERR,ERR,ERR,ERR,ERR,ERR,ERR,ERR,ERR,ERR,ERR,ERR,ERR,ERR,ERR,ERR,ERR,ERR,ERR,ERR,ERR,ERR,ERR,ERR,ERR,ERR,ERR,ERR,ERR,ERR,ERR,ERR,ERR,ERR,ERR,ERR,ERR,ERR,0.0,-107615288.0,-0.0,0.0,0.0,1.3936040501711995e+18,7.805,0.0,0,0,4,0,8422,0.0,45,0.0,0.0,0.0,0.0,0.0,0,0,0,0,0.0,0,0,0,0,0,0,0,0,0,0,0,0,0,0,0,0,0,0,0,0,0,0,0,0,0,0,0,0,0,0,0,0,0,38,14,7,45,65476,0,300,0,0,8,21553,0.0,-107605600.0,0.0,0.0,0.0,0.0,0.0,0.0,0.0,0.0,0.0,0.0,0.0,0.0,0.0,0.0,0.0,0.0,0.0,0.0,0.0,0.0,0.0,-2.004,-0.0,0.0,0.0,0.0,0.0,0.0,4971.0,-0.0,0.0,0.0,-107615288.0,0.0,-0.0,0.0,0.0,0.0,0.0,53,126841110528.0,0.0,0.0,0.0,0.0,0.0,0.0,0.0,0.0,0,0,0,0.0,0.0,0.0,0.0,0.0,0.0,0.0,0.0,0.0,0.0,0.0,0.0,0.0,0.0,0.0,0.0,0,-107875648.0,53,0.0,106,-107614832.0,-107350944.0,ERR,ERR,ERR,ERR,ERR,ERR,ERR,ERR,ERR,ERR,ERR,ERR,ERR,ERR,ERR,ERR,ERR,ERR,ERR,ERR,ERR,ERR,ERR,ERR,ERR,ERR,ERR,ERR,ERR,ERR,ERR,ERR,ERR,ERR,ERR,ERR,ERR,ERR,ERR,ERR,ERR,ERR,ERR,ERR,ERR,ERR,ERR,ERR,ERR,ERR,ERR,ERR,ERR,ERR,ERR,ERR,ERR,ERR,ERR,ERR,ERR,ERR,ERR,ERR,ERR,ERR,ERR,50.0,60.0,100,0.0,0.0,0.0,0.0,0.0,0.0,0.0,0.0,0.0,0.0,0.0,0.0,0.0,0.0,0.0,0.0,61.6,65,20,65521,50,65476,0,300,0,0,8,20529,65476,0,0,26214,60.0,0.0,0.0,0.0,0.0,0.0
2026-05-17T16:32:21,ERR,ERR,ERR,ERR,ERR,ERR,ERR,ERR,ERR,ERR,ERR,ERR,ERR,ERR,ERR,ERR,ERR,ERR,ERR,ERR,ERR,ERR,ERR,ERR,ERR,ERR,ERR,ERR,ERR,ERR,ERR,ERR,ERR,ERR,ERR,ERR,ERR,ERR,ERR,ERR,ERR,ERR,ERR,ERR,ERR,ERR,ERR,ERR,ERR,ERR,ERR,ERR,ERR,ERR,ERR,ERR,ERR,ERR,ERR,ERR,ERR,ERR,ERR,ERR,ERR,ERR,ERR,ERR,ERR,ERR,ERR,ERR,ERR,ERR,ERR,ERR,ERR,ERR,ERR,ERR,ERR,ERR,ERR,ERR,ERR,ERR,ERR,ERR,ERR,ERR,ERR,ERR,ERR,ERR,ERR,ERR,ERR,ERR,ERR,ERR,ERR,ERR,ERR,ERR,ERR,ERR,ERR,ERR,ERR,ERR,ERR,ERR,ERR,ERR,ERR,ERR,ERR,ERR,ERR,ERR,ERR,ERR,ERR,ERR,ERR,0.0,-107615288.0,-0.0,0.0,0.0,1.3936040501711995e+18,7.805,0.0,0,0,4,0,8422,0.0,45,0.0,0.0,0.0,0.0,0.0,0,0,0,0,0.0,0,0,0,0,0,0,0,0,0,0,0,0,0,0,0,0,0,0,0,0,0,0,0,0,0,0,0,0,0,0,0,0,0,38,14,7,45,65476,0,300,0,0,8,21553,0.0,-107605600.0,0.0,0.0,0.0,0.0,0.0,0.0,0.0,0.0,0.0,0.0,0.0,0.0,0.0,0.0,0.0,0.0,0.0,0.0,0.0,0.0,0.0,-2.004,-0.0,0.0,0.0,0.0,0.0,0.0,4971.0,-0.0,0.0,0.0,-107615288.0,0.0,-0.0,0.0,0.0,0.0,0.0,53,126841110528.0,0.0,0.0,0.0,0.0,0.0,0.0,0.0,0.0,0,0,0,0.0,0.0,0.0,0.0,0.0,0.0,0.0,0.0,0.0,0.0,0.0,0.0,0.0,0.0,0.0,0.0,0,-107875648.0,53,0.0,106,-107614832.0,-107350944.0,ERR,ERR,ERR,ERR,ERR,ERR,ERR,ERR,ERR,ERR,ERR,ERR,ERR,ERR,ERR,ERR,ERR,ERR,ERR,ERR,ERR,ERR,ERR,ERR,ERR,ERR,ERR,ERR,ERR,ERR,ERR,ERR,ERR,ERR,ERR,ERR,ERR,ERR,ERR,ERR,ERR,ERR,ERR,ERR,ERR,ERR,ERR,ERR,ERR,ERR,ERR,ERR,ERR,ERR,ERR,ERR,ERR,ERR,ERR,ERR,ERR,ERR,ERR,ERR,ERR,ERR,ERR,50.0,60.0,100,0.0,0.0,0.0,0.0,0.0,0.0,0.0,0.0,0.0,0.0,0.0,0.0,0.0,0.0,0.0,0.0,61.6,65,20,65521,50,65476,0,300,0,0,8,20529,65476,0,0,26214,60.0,0.0,0.0,0.0,0.0,0.0
2026-05-17T16:32:22,ERR,ERR,ERR,ERR,ERR,ERR,ERR,ERR,ERR,ERR,ERR,ERR,ERR,ERR,ERR,ERR,ERR,ERR,ERR,ERR,ERR,ERR,ERR,ERR,ERR,ERR,ERR,ERR,ERR,ERR,ERR,ERR,ERR,ERR,ERR,ERR,ERR,ERR,ERR,ERR,ERR,ERR,ERR,ERR,ERR,ERR,ERR,ERR,ERR,ERR,ERR,ERR,ERR,ERR,ERR,ERR,ERR,ERR,ERR,ERR,ERR,ERR,ERR,ERR,ERR,ERR,ERR,ERR,ERR,ERR,ERR,ERR,ERR,ERR,ERR,ERR,ERR,ERR,ERR,ERR,ERR,ERR,ERR,ERR,ERR,ERR,ERR,ERR,ERR,ERR,ERR,ERR,ERR,ERR,ERR,ERR,ERR,ERR,ERR,ERR,ERR,ERR,ERR,ERR,ERR,ERR,ERR,ERR,ERR,ERR,ERR,ERR,ERR,ERR,ERR,ERR,ERR,ERR,ERR,ERR,ERR,ERR,ERR,ERR,ERR,0.0,-107615288.0,-0.0,0.0,0.0,1.3936040501711995e+18,7.805,0.0,0,0,4,0,8422,0.0,45,0.0,0.0,0.0,0.0,0.0,0,0,0,0,0.0,0,0,0,0,0,0,0,0,0,0,0,0,0,0,0,0,0,0,0,0,0,0,0,0,0,0,0,0,0,0,0,0,0,38,14,7,45,65476,0,300,0,0,8,21553,0.0,-107605600.0,0.0,0.0,0.0,0.0,0.0,0.0,0.0,0.0,0.0,0.0,0.0,0.0,0.0,0.0,0.0,0.0,0.0,0.0,0.0,0.0,0.0,-2.004,-0.0,0.0,0.0,0.0,0.0,0.0,4971.0,-0.0,0.0,0.0,-107615288.0,0.0,-0.0,0.0,0.0,0.0,0.0,53,126841110528.0,0.0,0.0,0.0,0.0,0.0,0.0,0.0,0.0,0,0,0,0.0,0.0,0.0,0.0,0.0,0.0,0.0,0.0,0.0,0.0,0.0,0.0,0.0,0.0,0.0,0.0,0,-107875648.0,53,0.0,106,-107614832.0,-107350944.0,ERR,ERR,ERR,ERR,ERR,ERR,ERR,ERR,ERR,ERR,ERR,ERR,ERR,ERR,ERR,ERR,ERR,ERR,ERR,ERR,ERR,ERR,ERR,ERR,ERR,ERR,ERR,ERR,ERR,ERR,ERR,ERR,ERR,ERR,ERR,ERR,ERR,ERR,ERR,ERR,ERR,ERR,ERR,ERR,ERR,ERR,ERR,ERR,ERR,ERR,ERR,ERR,ERR,ERR,ERR,ERR,ERR,ERR,ERR,ERR,ERR,ERR,ERR,ERR,ERR,ERR,ERR,50.0,60.0,100,0.0,0.0,0.0,0.0,0.0,0.0,0.0,0.0,0.0,0.0,0.0,0.0,0.0,0.0,0.0,0.0,61.6,65,20,65521,50,65476,0,300,0,0,8,20529,65476,0,0,26214,60.0,0.0,0.0,0.0,0.0,0.0
2026-05-17T16:32:23,ERR,ERR,ERR,ERR,ERR,ERR,ERR,ERR,ERR,ERR,ERR,ERR,ERR,ERR,ERR,ERR,ERR,ERR,ERR,ERR,ERR,ERR,ERR,ERR,ERR,ERR,ERR,ERR,ERR,ERR,ERR,ERR,ERR,ERR,ERR,ERR,ERR,ERR,ERR,ERR,ERR,ERR,ERR,ERR,ERR,ERR,ERR,ERR,ERR,ERR,ERR,ERR,ERR,ERR,ERR,ERR,ERR,ERR,ERR,ERR,ERR,ERR,ERR,ERR,ERR,ERR,ERR,ERR,ERR,ERR,ERR,ERR,ERR,ERR,ERR,ERR,ERR,ERR,ERR,ERR,ERR,ERR,ERR,ERR,ERR,ERR,ERR,ERR,ERR,ERR,ERR,ERR,ERR,ERR,ERR,ERR,ERR,ERR,ERR,ERR,ERR,ERR,ERR,ERR,ERR,ERR,ERR,ERR,ERR,ERR,ERR,ERR,ERR,ERR,ERR,ERR,ERR,ERR,ERR,ERR,ERR,ERR,ERR,ERR,ERR,0.0,-107615288.0,-0.0,0.0,0.0,1.3936040501711995e+18,7.805,0.0,0,0,4,0,8422,0.0,45,0.0,0.0,0.0,0.0,0.0,0,0,0,0,0.0,0,0,0,0,0,0,0,0,0,0,0,0,0,0,0,0,0,0,0,0,0,0,0,0,0,0,0,0,0,0,0,0,0,38,14,7,45,65476,0,300,0,0,8,21553,0.0,-107605600.0,0.0,0.0,0.0,0.0,0.0,0.0,0.0,0.0,0.0,0.0,0.0,0.0,0.0,0.0,0.0,0.0,0.0,0.0,0.0,0.0,0.0,-2.004,-0.0,0.0,0.0,0.0,0.0,0.0,4971.0,-0.0,0.0,0.0,-107615288.0,0.0,-0.0,0.0,0.0,0.0,0.0,53,126841110528.0,0.0,0.0,0.0,0.0,0.0,0.0,0.0,0.0,0,0,0,0.0,0.0,0.0,0.0,0.0,0.0,0.0,0.0,0.0,0.0,0.0,0.0,0.0,0.0,0.0,0.0,0,-107875648.0,53,0.0,106,-107614832.0,-107350944.0,ERR,ERR,ERR,ERR,ERR,ERR,ERR,ERR,ERR,ERR,ERR,ERR,ERR,ERR,ERR,ERR,ERR,ERR,ERR,ERR,ERR,ERR,ERR,ERR,ERR,ERR,ERR,ERR,ERR,ERR,ERR,ERR,ERR,ERR,ERR,ERR,ERR,ERR,ERR,ERR,ERR,ERR,ERR,ERR,ERR,ERR,ERR,ERR,ERR,ERR,ERR,ERR,ERR,ERR,ERR,ERR,ERR,ERR,ERR,ERR,ERR,ERR,ERR,ERR,ERR,ERR,ERR,50.0,60.0,100,0.0,0.0,0.0,0.0,0.0,0.0,0.0,0.0,0.0,0.0,0.0,0.0,0.0,0.0,0.0,0.0,61.6,65,20,65521,50,65476,0,300,0,0,8,20529,65476,0,0,26214,60.0,0.0,0.0,0.0,0.0,0.0
2026-05-17T16:32:24,ERR,ERR,ERR,ERR,ERR,ERR,ERR,ERR,ERR,ERR,ERR,ERR,ERR,ERR,ERR,ERR,ERR,ERR,ERR,ERR,ERR,ERR,ERR,ERR,ERR,ERR,ERR,ERR,ERR,ERR,ERR,ERR,ERR,ERR,ERR,ERR,ERR,ERR,ERR,ERR,ERR,ERR,ERR,ERR,ERR,ERR,ERR,ERR,ERR,ERR,ERR,ERR,ERR,ERR,ERR,ERR,ERR,ERR,ERR,ERR,ERR,ERR,ERR,ERR,ERR,ERR,ERR,ERR,ERR,ERR,ERR,ERR,ERR,ERR,ERR,ERR,ERR,ERR,ERR,ERR,ERR,ERR,ERR,ERR,ERR,ERR,ERR,ERR,ERR,ERR,ERR,ERR,ERR,ERR,ERR,ERR,ERR,ERR,ERR,ERR,ERR,ERR,ERR,ERR,ERR,ERR,ERR,ERR,ERR,ERR,ERR,ERR,ERR,ERR,ERR,ERR,ERR,ERR,ERR,ERR,ERR,ERR,ERR,ERR,ERR,0.0,-107615288.0,-0.0,0.0,0.0,1.3936040501711995e+18,7.805,0.0,0,0,4,0,8422,0.0,45,0.0,0.0,0.0,0.0,0.0,0,0,0,0,0.0,0,0,0,0,0,0,0,0,0,0,0,0,0,0,0,0,0,0,0,0,0,0,0,0,0,0,0,0,0,0,0,0,0,38,14,7,45,65476,0,300,0,0,8,21553,0.0,-107605600.0,0.0,0.0,0.0,0.0,0.0,0.0,0.0,0.0,0.0,0.0,0.0,0.0,0.0,0.0,0.0,0.0,0.0,0.0,0.0,0.0,0.0,-2.004,-0.0,0.0,0.0,0.0,0.0,0.0,4975.0,-2.4229876163019057e+24,0.0,0.0,-107615288.0,0.0,-0.0,0.0,0.0,0.0,0.0,53,2.3088403658719416e+20,-0.0,0.0,0.0,0.0,0.0,0.0,0.0,0.0,0,0,0,0.0,0.0,0.0,0.0,0.0,0.0,0.0,0.0,0.0,0.0,0.0,0.0,0.0,0.0,0.0,0.0,0,-107875648.0,53,0.0,106,-107614832.0,-107350944.0,ERR,ERR,ERR,ERR,ERR,ERR,ERR,ERR,ERR,ERR,ERR,ERR,ERR,ERR,ERR,ERR,ERR,ERR,ERR,ERR,ERR,ERR,ERR,ERR,ERR,ERR,ERR,ERR,ERR,ERR,ERR,ERR,ERR,ERR,ERR,ERR,ERR,ERR,ERR,ERR,ERR,ERR,ERR,ERR,ERR,ERR,ERR,ERR,ERR,ERR,ERR,ERR,ERR,ERR,ERR,ERR,ERR,ERR,ERR,ERR,ERR,ERR,ERR,ERR,ERR,ERR,ERR,50.0,60.0,100,0.0,0.0,0.0,0.0,0.0,0.0,0.0,0.0,0.0,0.0,0.0,0.0,0.0,0.0,0.0,0.0,62.0,64,20,65521,50,65476,0,300,0,0,8,20529,65476,0,0,26214,60.0,0.0,0.0,0.0,0.0,0.0
2026-05-17T16:32:25,ERR,ERR,ERR,ERR,ERR,ERR,ERR,ERR,ERR,ERR,ERR,ERR,ERR,ERR,ERR,ERR,ERR,ERR,ERR,ERR,ERR,ERR,ERR,ERR,ERR,ERR,ERR,ERR,ERR,ERR,ERR,ERR,ERR,ERR,ERR,ERR,ERR,ERR,ERR,ERR,ERR,ERR,ERR,ERR,ERR,ERR,ERR,ERR,ERR,ERR,ERR,ERR,ERR,ERR,ERR,ERR,ERR,ERR,ERR,ERR,ERR,ERR,ERR,ERR,ERR,ERR,ERR,ERR,ERR,ERR,ERR,ERR,ERR,ERR,ERR,ERR,ERR,ERR,ERR,ERR,ERR,ERR,ERR,ERR,ERR,ERR,ERR,ERR,ERR,ERR,ERR,ERR,ERR,ERR,ERR,ERR,ERR,ERR,ERR,ERR,ERR,ERR,ERR,ERR,ERR,ERR,ERR,ERR,ERR,ERR,ERR,ERR,ERR,ERR,ERR,ERR,ERR,ERR,ERR,ERR,ERR,ERR,ERR,ERR,ERR,0.0,-107615288.0,-0.0,0.0,0.0,1.3936040501711995e+18,7.805,0.0,0,0,4,0,8422,0.0,45,0.0,0.0,0.0,0.0,0.0,0,0,0,0,0.0,0,0,0,0,0,0,0,0,0,0,0,0,0,0,0,0,0,0,0,0,0,0,0,0,0,0,0,0,0,0,0,0,0,38,14,7,45,65476,0,300,0,0,8,21553,0.0,-107605600.0,0.0,0.0,0.0,0.0,0.0,0.0,0.0,0.0,0.0,0.0,0.0,0.0,0.0,0.0,0.0,0.0,0.0,0.0,0.0,0.0,0.0,-2.004,-0.0,0.0,0.0,0.0,0.0,0.0,4975.0,-2.4229876163019057e+24,0.0,0.0,-107615288.0,0.0,-0.0,0.0,0.0,0.0,0.0,53,2.3088403658719416e+20,-0.0,0.0,0.0,0.0,0.0,0.0,0.0,0.0,0,0,0,0.0,0.0,0.0,0.0,0.0,0.0,0.0,0.0,0.0,0.0,0.0,0.0,0.0,0.0,0.0,0.0,0,-107875648.0,53,0.0,106,-107614832.0,-107350944.0,ERR,ERR,ERR,ERR,ERR,ERR,ERR,ERR,ERR,ERR,ERR,ERR,ERR,ERR,ERR,ERR,ERR,ERR,ERR,ERR,ERR,ERR,ERR,ERR,ERR,ERR,ERR,ERR,ERR,ERR,ERR,ERR,ERR,ERR,ERR,ERR,ERR,ERR,ERR,ERR,ERR,ERR,ERR,ERR,ERR,ERR,ERR,ERR,ERR,ERR,ERR,ERR,ERR,ERR,ERR,ERR,ERR,ERR,ERR,ERR,ERR,ERR,ERR,ERR,ERR,ERR,ERR,50.0,60.0,100,0.0,0.0,0.0,0.0,0.0,0.0,0.0,0.0,0.0,0.0,0.0,0.0,0.0,0.0,0.0,0.0,62.0,64,20,65521,50,65476,0,300,0,0,8,20529,65476,0,0,26214,60.0,0.0,0.0,0.0,0.0,0.0
2026-05-17T16:32:26,ERR,ERR,ERR,ERR,ERR,ERR,ERR,ERR,ERR,ERR,ERR,ERR,ERR,ERR,ERR,ERR,ERR,ERR,ERR,ERR,ERR,ERR,ERR,ERR,ERR,ERR,ERR,ERR,ERR,ERR,ERR,ERR,ERR,ERR,ERR,ERR,ERR,ERR,ERR,ERR,ERR,ERR,ERR,ERR,ERR,ERR,ERR,ERR,ERR,ERR,ERR,ERR,ERR,ERR,ERR,ERR,ERR,ERR,ERR,ERR,ERR,ERR,ERR,ERR,ERR,ERR,ERR,ERR,ERR,ERR,ERR,ERR,ERR,ERR,ERR,ERR,ERR,ERR,ERR,ERR,ERR,ERR,ERR,ERR,ERR,ERR,ERR,ERR,ERR,ERR,ERR,ERR,ERR,ERR,ERR,ERR,ERR,ERR,ERR,ERR,ERR,ERR,ERR,ERR,ERR,ERR,ERR,ERR,ERR,ERR,ERR,ERR,ERR,ERR,ERR,ERR,ERR,ERR,ERR,ERR,ERR,ERR,ERR,ERR,ERR,0.0,-107615288.0,-0.0,0.0,0.0,1.3936040501711995e+18,7.805,0.0,0,0,4,0,8422,0.0,45,0.0,0.0,0.0,0.0,0.0,0,0,0,0,0.0,0,0,0,0,0,0,0,0,0,0,0,0,0,0,0,0,0,0,0,0,0,0,0,0,0,0,0,0,0,0,0,0,0,38,14,7,45,65476,0,300,0,0,8,21553,0.0,-107605600.0,0.0,0.0,0.0,0.0,0.0,0.0,0.0,0.0,0.0,0.0,0.0,0.0,0.0,0.0,0.0,0.0,0.0,0.0,0.0,0.0,0.0,-2.004,-0.0,0.0,0.0,0.0,0.0,0.0,4975.0,-2.4229876163019057e+24,0.0,0.0,-107615288.0,0.0,-0.0,0.0,0.0,0.0,0.0,53,2.3088403658719416e+20,-0.0,0.0,0.0,0.0,0.0,0.0,0.0,0.0,0,0,0,0.0,0.0,0.0,0.0,0.0,0.0,0.0,0.0,0.0,0.0,0.0,0.0,0.0,0.0,0.0,0.0,0,-107875648.0,53,0.0,106,-107614832.0,-107350944.0,ERR,ERR,ERR,ERR,ERR,ERR,ERR,ERR,ERR,ERR,ERR,ERR,ERR,ERR,ERR,ERR,ERR,ERR,ERR,ERR,ERR,ERR,ERR,ERR,ERR,ERR,ERR,ERR,ERR,ERR,ERR,ERR,ERR,ERR,ERR,ERR,ERR,ERR,ERR,ERR,ERR,ERR,ERR,ERR,ERR,ERR,ERR,ERR,ERR,ERR,ERR,ERR,ERR,ERR,ERR,ERR,ERR,ERR,ERR,ERR,ERR,ERR,ERR,ERR,ERR,ERR,ERR,50.0,60.0,100,0.0,0.0,0.0,0.0,0.0,0.0,0.0,0.0,0.0,0.0,0.0,0.0,0.0,0.0,0.0,0.0,61.6,64,20,65521,50,65476,0,300,0,0,8,20529,65476,0,0,26214,60.0,0.0,0.0,0.0,0.0,0.0
2026-05-17T16:32:27,ERR,ERR,ERR,ERR,ERR,ERR,ERR,ERR,ERR,ERR,ERR,ERR,ERR,ERR,ERR,ERR,ERR,ERR,ERR,ERR,ERR,ERR,ERR,ERR,ERR,ERR,ERR,ERR,ERR,ERR,ERR,ERR,ERR,ERR,ERR,ERR,ERR,ERR,ERR,ERR,ERR,ERR,ERR,ERR,ERR,ERR,ERR,ERR,ERR,ERR,ERR,ERR,ERR,ERR,ERR,ERR,ERR,ERR,ERR,ERR,ERR,ERR,ERR,ERR,ERR,ERR,ERR,ERR,ERR,ERR,ERR,ERR,ERR,ERR,ERR,ERR,ERR,ERR,ERR,ERR,ERR,ERR,ERR,ERR,ERR,ERR,ERR,ERR,ERR,ERR,ERR,ERR,ERR,ERR,ERR,ERR,ERR,ERR,ERR,ERR,ERR,ERR,ERR,ERR,ERR,ERR,ERR,ERR,ERR,ERR,ERR,ERR,ERR,ERR,ERR,ERR,ERR,ERR,ERR,ERR,ERR,ERR,ERR,ERR,ERR,0.0,-107615288.0,-0.0,0.0,0.0,1.3936040501711995e+18,7.805,0.0,0,0,4,0,8422,0.0,45,0.0,0.0,0.0,0.0,0.0,0,0,0,0,0.0,0,0,0,0,0,0,0,0,0,0,0,0,0,0,0,0,0,0,0,0,0,0,0,0,0,0,0,0,0,0,0,0,0,38,14,7,45,65476,0,300,0,0,8,21553,0.0,-107605600.0,0.0,0.0,0.0,0.0,0.0,0.0,0.0,0.0,0.0,0.0,0.0,0.0,0.0,0.0,0.0,0.0,0.0,0.0,0.0,0.0,0.0,-2.004,-0.0,0.0,0.0,0.0,0.0,0.0,4975.0,-2.4229876163019057e+24,0.0,0.0,-107615288.0,0.0,-0.0,0.0,0.0,0.0,0.0,53,2.3088403658719416e+20,-0.0,0.0,0.0,0.0,0.0,0.0,0.0,0.0,0,0,0,0.0,0.0,0.0,0.0,0.0,0.0,0.0,0.0,0.0,0.0,0.0,0.0,0.0,0.0,0.0,0.0,0,-107875648.0,53,0.0,106,-107614832.0,-107350944.0,ERR,ERR,ERR,ERR,ERR,ERR,ERR,ERR,ERR,ERR,ERR,ERR,ERR,ERR,ERR,ERR,ERR,ERR,ERR,ERR,ERR,ERR,ERR,ERR,ERR,ERR,ERR,ERR,ERR,ERR,ERR,ERR,ERR,ERR,ERR,ERR,ERR,ERR,ERR,ERR,ERR,ERR,ERR,ERR,ERR,ERR,ERR,ERR,ERR,ERR,ERR,ERR,ERR,ERR,ERR,ERR,ERR,ERR,ERR,ERR,ERR,ERR,ERR,ERR,ERR,ERR,ERR,50.0,60.0,100,0.0,0.0,0.0,0.0,0.0,0.0,0.0,0.0,0.0,0.0,0.0,0.0,0.0,0.0,0.0,0.0,61.6,64,20,65521,50,65476,0,300,0,0,8,20529,65476,0,0,26214,60.0,0.0,0.0,0.0,0.0,0.0
2026-05-17T16:32:28,ERR,ERR,ERR,ERR,ERR,ERR,ERR,ERR,ERR,ERR,ERR,ERR,ERR,ERR,ERR,ERR,ERR,ERR,ERR,ERR,ERR,ERR,ERR,ERR,ERR,ERR,ERR,ERR,ERR,ERR,ERR,ERR,ERR,ERR,ERR,ERR,ERR,ERR,ERR,ERR,ERR,ERR,ERR,ERR,ERR,ERR,ERR,ERR,ERR,ERR,ERR,ERR,ERR,ERR,ERR,ERR,ERR,ERR,ERR,ERR,ERR,ERR,ERR,ERR,ERR,ERR,ERR,ERR,ERR,ERR,ERR,ERR,ERR,ERR,ERR,ERR,ERR,ERR,ERR,ERR,ERR,ERR,ERR,ERR,ERR,ERR,ERR,ERR,ERR,ERR,ERR,ERR,ERR,ERR,ERR,ERR,ERR,ERR,ERR,ERR,ERR,ERR,ERR,ERR,ERR,ERR,ERR,ERR,ERR,ERR,ERR,ERR,ERR,ERR,ERR,ERR,ERR,ERR,ERR,ERR,ERR,ERR,ERR,ERR,ERR,0.0,-107615288.0,-0.0,0.0,0.0,1.3936040501711995e+18,7.805,0.0,0,0,4,0,8422,0.0,45,0.0,0.0,0.0,0.0,0.0,0,0,0,0,0.0,0,0,0,0,0,0,0,0,0,0,0,0,0,0,0,0,0,0,0,0,0,0,0,0,0,0,0,0,0,0,0,0,0,38,14,7,45,65476,0,300,0,0,8,21553,0.0,-107605600.0,0.0,0.0,0.0,0.0,0.0,0.0,0.0,0.0,0.0,0.0,0.0,0.0,0.0,0.0,0.0,0.0,0.0,0.0,0.0,0.0,0.0,-2.004,-0.0,0.0,0.0,0.0,0.0,0.0,4975.0,-2.4229876163019057e+24,0.0,0.0,-107615288.0,0.0,-0.0,0.0,0.0,0.0,0.0,53,2.3088403658719416e+20,-0.0,0.0,0.0,0.0,0.0,0.0,0.0,0.0,0,0,0,0.0,0.0,0.0,0.0,0.0,0.0,0.0,0.0,0.0,0.0,0.0,0.0,0.0,0.0,0.0,0.0,0,-107875648.0,53,0.0,106,-107614832.0,-107350944.0,ERR,ERR,ERR,ERR,ERR,ERR,ERR,ERR,ERR,ERR,ERR,ERR,ERR,ERR,ERR,ERR,ERR,ERR,ERR,ERR,ERR,ERR,ERR,ERR,ERR,ERR,ERR,ERR,ERR,ERR,ERR,ERR,ERR,ERR,ERR,ERR,ERR,ERR,ERR,ERR,ERR,ERR,ERR,ERR,ERR,ERR,ERR,ERR,ERR,ERR,ERR,ERR,ERR,ERR,ERR,ERR,ERR,ERR,ERR,ERR,ERR,ERR,ERR,ERR,ERR,ERR,ERR,50.0,60.0,100,0.0,0.0,0.0,0.0,0.0,0.0,0.0,0.0,0.0,0.0,0.0,0.0,0.0,0.0,0.0,0.0,62.0,64,20,65521,50,65476,0,300,0,0,8,20529,65476,0,0,26214,60.0,0.0,0.0,0.0,0.0,0.0
2026-05-17T16:32:29,ERR,ERR,ERR,ERR,ERR,ERR,ERR,ERR,ERR,ERR,ERR,ERR,ERR,ERR,ERR,ERR,ERR,ERR,ERR,ERR,ERR,ERR,ERR,ERR,ERR,ERR,ERR,ERR,ERR,ERR,ERR,ERR,ERR,ERR,ERR,ERR,ERR,ERR,ERR,ERR,ERR,ERR,ERR,ERR,ERR,ERR,ERR,ERR,ERR,ERR,ERR,ERR,ERR,ERR,ERR,ERR,ERR,ERR,ERR,ERR,ERR,ERR,ERR,ERR,ERR,ERR,ERR,ERR,ERR,ERR,ERR,ERR,ERR,ERR,ERR,ERR,ERR,ERR,ERR,ERR,ERR,ERR,ERR,ERR,ERR,ERR,ERR,ERR,ERR,ERR,ERR,ERR,ERR,ERR,ERR,ERR,ERR,ERR,ERR,ERR,ERR,ERR,ERR,ERR,ERR,ERR,ERR,ERR,ERR,ERR,ERR,ERR,ERR,ERR,ERR,ERR,ERR,ERR,ERR,ERR,ERR,ERR,ERR,ERR,ERR,0.0,-107615288.0,-0.0,0.0,0.0,1.3936040501711995e+18,7.805,0.0,0,0,4,0,8422,0.0,45,0.0,0.0,0.0,0.0,0.0,0,0,0,0,0.0,0,0,0,0,0,0,0,0,0,0,0,0,0,0,0,0,0,0,0,0,0,0,0,0,0,0,0,0,0,0,0,0,0,38,14,7,45,65476,0,300,0,0,8,21553,0.0,-107605600.0,0.0,0.0,0.0,0.0,0.0,0.0,0.0,0.0,0.0,0.0,0.0,0.0,0.0,0.0,0.0,0.0,0.0,0.0,0.0,0.0,0.0,-2.004,-0.0,0.0,0.0,0.0,0.0,0.0,5007.0,131350.438,0.0,0.0,-107615288.0,0.0,-107615304.0,0.0,0.0,0.0,0.0,53,2.3088403658719416e+20,4.066853658014554e+29,0.0,0.0,0.0,0.0,0.0,0.0,0.0,0,0,0,0.0,0.0,0.0,0.0,0.0,0.0,0.0,0.0,0.0,0.0,0.0,0.0,0.0,0.0,0.0,0.0,0,-107875648.0,53,0.0,106,-107614832.0,-107350944.0,ERR,ERR,ERR,ERR,ERR,ERR,ERR,ERR,ERR,ERR,ERR,ERR,ERR,ERR,ERR,ERR,ERR,ERR,ERR,ERR,ERR,ERR,ERR,ERR,ERR,ERR,ERR,ERR,ERR,ERR,ERR,ERR,ERR,ERR,ERR,ERR,ERR,ERR,ERR,ERR,ERR,ERR,ERR,ERR,ERR,ERR,ERR,ERR,ERR,ERR,ERR,ERR,ERR,ERR,ERR,ERR,ERR,ERR,ERR,ERR,ERR,ERR,ERR,ERR,ERR,ERR,ERR,50.0,60.0,100,0.0,0.0,0.0,0.0,0.0,0.0,0.0,0.0,0.0,0.0,0.0,0.0,0.0,0.0,0.0,0.0,61.6,64,20,65521,50,65476,0,300,0,0,8,20529,65476,0,0,26214,60.0,0.0,0.0,0.0,0.0,0.0
2026-05-17T16:32:30,ERR,ERR,ERR,ERR,ERR,ERR,ERR,ERR,ERR,ERR,ERR,ERR,ERR,ERR,ERR,ERR,ERR,ERR,ERR,ERR,ERR,ERR,ERR,ERR,ERR,ERR,ERR,ERR,ERR,ERR,ERR,ERR,ERR,ERR,ERR,ERR,ERR,ERR,ERR,ERR,ERR,ERR,ERR,ERR,ERR,ERR,ERR,ERR,ERR,ERR,ERR,ERR,ERR,ERR,ERR,ERR,ERR,ERR,ERR,ERR,ERR,ERR,ERR,ERR,ERR,ERR,ERR,ERR,ERR,ERR,ERR,ERR,ERR,ERR,ERR,ERR,ERR,ERR,ERR,ERR,ERR,ERR,ERR,ERR,ERR,ERR,ERR,ERR,ERR,ERR,ERR,ERR,ERR,ERR,ERR,ERR,ERR,ERR,ERR,ERR,ERR,ERR,ERR,ERR,ERR,ERR,ERR,ERR,ERR,ERR,ERR,ERR,ERR,ERR,ERR,ERR,ERR,ERR,ERR,ERR,ERR,ERR,ERR,ERR,ERR,0.0,-107615288.0,-0.0,0.0,0.0,1.3936040501711995e+18,7.805,0.0,0,0,4,0,8422,0.0,45,0.0,0.0,0.0,0.0,0.0,0,0,0,0,0.0,0,0,0,0,0,0,0,0,0,0,0,0,0,0,0,0,0,0,0,0,0,0,0,0,0,0,0,0,0,0,0,0,0,38,14,7,45,65476,0,300,0,0,8,21553,0.0,-107605600.0,0.0,0.0,0.0,0.0,0.0,0.0,0.0,0.0,0.0,0.0,0.0,0.0,0.0,0.0,0.0,0.0,0.0,0.0,0.0,0.0,0.0,-2.004,-0.0,0.0,0.0,0.0,0.0,0.0,5007.0,131350.438,0.0,0.0,-107615288.0,0.0,-107615304.0,0.0,0.0,0.0,0.0,53,2.3088403658719416e+20,4.066853658014554e+29,0.0,0.0,0.0,0.0,0.0,0.0,0.0,0,0,0,0.0,0.0,0.0,0.0,0.0,0.0,0.0,0.0,0.0,0.0,0.0,0.0,0.0,0.0,0.0,0.0,0,-107875648.0,53,0.0,106,-107614832.0,-107350944.0,ERR,ERR,ERR,ERR,ERR,ERR,ERR,ERR,ERR,ERR,ERR,ERR,ERR,ERR,ERR,ERR,ERR,ERR,ERR,ERR,ERR,ERR,ERR,ERR,ERR,ERR,ERR,ERR,ERR,ERR,ERR,ERR,ERR,ERR,ERR,ERR,ERR,ERR,ERR,ERR,ERR,ERR,ERR,ERR,ERR,ERR,ERR,ERR,ERR,ERR,ERR,ERR,ERR,ERR,ERR,ERR,ERR,ERR,ERR,ERR,ERR,ERR,ERR,ERR,ERR,ERR,ERR,50.0,60.0,100,0.0,0.0,0.0,0.0,0.0,0.0,0.0,0.0,0.0,0.0,0.0,0.0,0.0,0.0,0.0,0.0,61.6,64,20,65521,50,65476,0,300,0,0,8,20529,65476,0,0,26214,60.0,0.0,0.0,0.0,0.0,0.0
2026-05-17T16:32:31,ERR,ERR,ERR,ERR,ERR,ERR,ERR,ERR,ERR,ERR,ERR,ERR,ERR,ERR,ERR,ERR,ERR,ERR,ERR,ERR,ERR,ERR,ERR,ERR,ERR,ERR,ERR,ERR,ERR,ERR,ERR,ERR,ERR,ERR,ERR,ERR,ERR,ERR,ERR,ERR,ERR,ERR,ERR,ERR,ERR,ERR,ERR,ERR,ERR,ERR,ERR,ERR,ERR,ERR,ERR,ERR,ERR,ERR,ERR,ERR,ERR,ERR,ERR,ERR,ERR,ERR,ERR,ERR,ERR,ERR,ERR,ERR,ERR,ERR,ERR,ERR,ERR,ERR,ERR,ERR,ERR,ERR,ERR,ERR,ERR,ERR,ERR,ERR,ERR,ERR,ERR,ERR,ERR,ERR,ERR,ERR,ERR,ERR,ERR,ERR,ERR,ERR,ERR,ERR,ERR,ERR,ERR,ERR,ERR,ERR,ERR,ERR,ERR,ERR,ERR,ERR,ERR,ERR,ERR,ERR,ERR,ERR,ERR,ERR,ERR,0.0,-107615288.0,-0.0,0.0,0.0,1.3936040501711995e+18,7.805,0.0,0,0,4,0,8422,0.0,45,0.0,0.0,0.0,0.0,0.0,0,0,0,0,0.0,0,0,0,0,0,0,0,0,0,0,0,0,0,0,0,0,0,0,0,0,0,0,0,0,0,0,0,0,0,0,0,0,0,38,14,7,45,65476,0,300,0,0,8,21553,0.0,-107605600.0,0.0,0.0,0.0,0.0,0.0,0.0,0.0,0.0,0.0,0.0,0.0,0.0,0.0,0.0,0.0,0.0,0.0,0.0,0.0,0.0,0.0,-2.004,-0.0,0.0,0.0,0.0,0.0,0.0,5007.0,131350.438,0.0,0.0,-107615288.0,0.0,-107615304.0,0.0,0.0,0.0,0.0,53,2.3088403658719416e+20,4.066853658014554e+29,0.0,0.0,0.0,0.0,0.0,0.0,0.0,0,0,0,0.0,0.0,0.0,0.0,0.0,0.0,0.0,0.0,0.0,0.0,0.0,0.0,0.0,0.0,0.0,0.0,0,-107875648.0,53,0.0,106,-107614832.0,-107350944.0,ERR,ERR,ERR,ERR,ERR,ERR,ERR,ERR,ERR,ERR,ERR,ERR,ERR,ERR,ERR,ERR,ERR,ERR,ERR,ERR,ERR,ERR,ERR,ERR,ERR,ERR,ERR,ERR,ERR,ERR,ERR,ERR,ERR,ERR,ERR,ERR,ERR,ERR,ERR,ERR,ERR,ERR,ERR,ERR,ERR,ERR,ERR,ERR,ERR,ERR,ERR,ERR,ERR,ERR,ERR,ERR,ERR,ERR,ERR,ERR,ERR,ERR,ERR,ERR,ERR,ERR,ERR,50.0,60.0,100,0.0,0.0,0.0,0.0,0.0,0.0,0.0,0.0,0.0,0.0,0.0,0.0,0.0,0.0,0.0,0.0,61.6,65,20,65521,50,65476,0,300,0,0,8,20529,65476,0,0,26214,60.0,0.0,0.0,0.0,0.0,0.0
2026-05-17T16:32:32,ERR,ERR,ERR,ERR,ERR,ERR,ERR,ERR,ERR,ERR,ERR,ERR,ERR,ERR,ERR,ERR,ERR,ERR,ERR,ERR,ERR,ERR,ERR,ERR,ERR,ERR,ERR,ERR,ERR,ERR,ERR,ERR,ERR,ERR,ERR,ERR,ERR,ERR,ERR,ERR,ERR,ERR,ERR,ERR,ERR,ERR,ERR,ERR,ERR,ERR,ERR,ERR,ERR,ERR,ERR,ERR,ERR,ERR,ERR,ERR,ERR,ERR,ERR,ERR,ERR,ERR,ERR,ERR,ERR,ERR,ERR,ERR,ERR,ERR,ERR,ERR,ERR,ERR,ERR,ERR,ERR,ERR,ERR,ERR,ERR,ERR,ERR,ERR,ERR,ERR,ERR,ERR,ERR,ERR,ERR,ERR,ERR,ERR,ERR,ERR,ERR,ERR,ERR,ERR,ERR,ERR,ERR,ERR,ERR,ERR,ERR,ERR,ERR,ERR,ERR,ERR,ERR,ERR,ERR,ERR,ERR,ERR,ERR,ERR,ERR,0.0,-107615288.0,-0.0,0.0,0.0,1.3936040501711995e+18,7.805,0.0,0,0,4,0,8422,0.0,45,0.0,0.0,0.0,0.0,0.0,0,0,0,0,0.0,0,0,0,0,0,0,0,0,0,0,0,0,0,0,0,0,0,0,0,0,0,0,0,0,0,0,0,0,0,0,0,0,0,38,14,7,45,65476,0,300,0,0,8,21553,0.0,-107605600.0,0.0,0.0,0.0,0.0,0.0,0.0,0.0,0.0,0.0,0.0,0.0,0.0,0.0,0.0,0.0,0.0,0.0,0.0,0.0,0.0,0.0,-2.004,-0.0,0.0,0.0,0.0,0.0,0.0,5007.0,131350.438,0.0,0.0,-107615288.0,0.0,-107615304.0,0.0,0.0,0.0,0.0,53,2.3088403658719416e+20,4.066853658014554e+29,0.0,0.0,0.0,0.0,0.0,0.0,0.0,0,0,0,0.0,0.0,0.0,0.0,0.0,0.0,0.0,0.0,0.0,0.0,0.0,0.0,0.0,0.0,0.0,0.0,0,-107875648.0,53,0.0,106,-107614832.0,-107350944.0,ERR,ERR,ERR,ERR,ERR,ERR,ERR,ERR,ERR,ERR,ERR,ERR,ERR,ERR,ERR,ERR,ERR,ERR,ERR,ERR,ERR,ERR,ERR,ERR,ERR,ERR,ERR,ERR,ERR,ERR,ERR,ERR,ERR,ERR,ERR,ERR,ERR,ERR,ERR,ERR,ERR,ERR,ERR,ERR,ERR,ERR,ERR,ERR,ERR,ERR,ERR,ERR,ERR,ERR,ERR,ERR,ERR,ERR,ERR,ERR,ERR,ERR,ERR,ERR,ERR,ERR,ERR,50.0,60.0,100,0.0,0.0,0.0,0.0,0.0,0.0,0.0,0.0,0.0,0.0,0.0,0.0,0.0,0.0,0.0,0.0,61.6,65,20,65521,50,65476,0,300,0,0,8,20529,65476,0,0,26214,60.0,0.0,0.0,0.0,0.0,0.0
2026-05-17T16:32:33,ERR,ERR,ERR,ERR,ERR,ERR,ERR,ERR,ERR,ERR,ERR,ERR,ERR,ERR,ERR,ERR,ERR,ERR,ERR,ERR,ERR,ERR,ERR,ERR,ERR,ERR,ERR,ERR,ERR,ERR,ERR,ERR,ERR,ERR,ERR,ERR,ERR,ERR,ERR,ERR,ERR,ERR,ERR,ERR,ERR,ERR,ERR,ERR,ERR,ERR,ERR,ERR,ERR,ERR,ERR,ERR,ERR,ERR,ERR,ERR,ERR,ERR,ERR,ERR,ERR,ERR,ERR,ERR,ERR,ERR,ERR,ERR,ERR,ERR,ERR,ERR,ERR,ERR,ERR,ERR,ERR,ERR,ERR,ERR,ERR,ERR,ERR,ERR,ERR,ERR,ERR,ERR,ERR,ERR,ERR,ERR,ERR,ERR,ERR,ERR,ERR,ERR,ERR,ERR,ERR,ERR,ERR,ERR,ERR,ERR,ERR,ERR,ERR,ERR,ERR,ERR,ERR,ERR,ERR,ERR,ERR,ERR,ERR,ERR,ERR,0.0,-107615288.0,-0.0,0.0,0.0,1.3936040501711995e+18,7.805,0.0,0,0,4,0,8422,0.0,45,0.0,0.0,0.0,0.0,0.0,0,0,0,0,0.0,0,0,0,0,0,0,0,0,0,0,0,0,0,0,0,0,0,0,0,0,0,0,0,0,0,0,0,0,0,0,0,0,0,38,14,7,45,65476,0,300,0,0,8,21553,0.0,-107605600.0,0.0,0.0,0.0,0.0,0.0,0.0,0.0,0.0,0.0,0.0,0.0,0.0,0.0,0.0,0.0,0.0,0.0,0.0,0.0,0.0,0.0,-2.004,-0.0,0.0,0.0,0.0,0.0,0.0,5007.0,131350.438,0.0,0.0,-107615288.0,0.0,-107615304.0,0.0,0.0,0.0,0.0,53,2.3088403658719416e+20,4.066853658014554e+29,0.0,0.0,0.0,0.0,0.0,0.0,0.0,0,0,0,0.0,0.0,0.0,0.0,0.0,0.0,0.0,0.0,0.0,0.0,0.0,0.0,0.0,0.0,0.0,0.0,0,-107875648.0,53,0.0,106,-107614832.0,-107350944.0,ERR,ERR,ERR,ERR,ERR,ERR,ERR,ERR,ERR,ERR,ERR,ERR,ERR,ERR,ERR,ERR,ERR,ERR,ERR,ERR,ERR,ERR,ERR,ERR,ERR,ERR,ERR,ERR,ERR,ERR,ERR,ERR,ERR,ERR,ERR,ERR,ERR,ERR,ERR,ERR,ERR,ERR,ERR,ERR,ERR,ERR,ERR,ERR,ERR,ERR,ERR,ERR,ERR,ERR,ERR,ERR,ERR,ERR,ERR,ERR,ERR,ERR,ERR,ERR,ERR,ERR,ERR,50.0,60.0,100,0.0,0.0,0.0,0.0,0.0,0.0,0.0,0.0,0.0,0.0,0.0,0.0,0.0,0.0,0.0,0.0,61.6,65,20,65521,50,65476,0,300,0,0,8,20529,65476,0,0,26214,60.0,0.0,0.0,0.0,0.0,0.0
2026-05-17T16:32:34,ERR,ERR,ERR,ERR,ERR,ERR,ERR,ERR,ERR,ERR,ERR,ERR,ERR,ERR,ERR,ERR,ERR,ERR,ERR,ERR,ERR,ERR,ERR,ERR,ERR,ERR,ERR,ERR,ERR,ERR,ERR,ERR,ERR,ERR,ERR,ERR,ERR,ERR,ERR,ERR,ERR,ERR,ERR,ERR,ERR,ERR,ERR,ERR,ERR,ERR,ERR,ERR,ERR,ERR,ERR,ERR,ERR,ERR,ERR,ERR,ERR,ERR,ERR,ERR,ERR,ERR,ERR,ERR,ERR,ERR,ERR,ERR,ERR,ERR,ERR,ERR,ERR,ERR,ERR,ERR,ERR,ERR,ERR,ERR,ERR,ERR,ERR,ERR,ERR,ERR,ERR,ERR,ERR,ERR,ERR,ERR,ERR,ERR,ERR,ERR,ERR,ERR,ERR,ERR,ERR,ERR,ERR,ERR,ERR,ERR,ERR,ERR,ERR,ERR,ERR,ERR,ERR,ERR,ERR,ERR,ERR,ERR,ERR,ERR,ERR,0.0,-107615288.0,-0.0,0.0,0.0,1.3936040501711995e+18,7.805,0.0,0,0,4,0,8422,0.0,45,0.0,0.0,0.0,0.0,0.0,0,0,0,0,0.0,0,0,0,0,0,0,0,0,0,0,0,0,0,0,0,0,0,0,0,0,0,0,0,0,0,0,0,0,0,0,0,0,0,38,14,7,45,65476,0,300,0,0,8,21553,0.0,-107605600.0,0.0,0.0,0.0,0.0,0.0,0.0,0.0,0.0,0.0,0.0,0.0,0.0,0.0,0.0,0.0,0.0,0.0,0.0,0.0,0.0,0.0,-2.004,-2.004,0.0,0.0,0.0,0.0,0.0,5037.0,0.0,0.0,0.0,-107615288.0,0.0,-0.0,0.0,0.0,0.0,0.0,53,126841110528.0,0.0,0.0,0.0,0.0,0.0,0.0,0.0,0.0,0,0,0,0.0,0.0,0.0,0.0,0.0,0.0,0.0,0.0,0.0,0.0,0.0,0.0,0.0,0.0,0.0,0.0,0,-107875648.0,53,0.0,106,-107614832.0,-107350944.0,ERR,ERR,ERR,ERR,ERR,ERR,ERR,ERR,ERR,ERR,ERR,ERR,ERR,ERR,ERR,ERR,ERR,ERR,ERR,ERR,ERR,ERR,ERR,ERR,ERR,ERR,ERR,ERR,ERR,ERR,ERR,ERR,ERR,ERR,ERR,ERR,ERR,ERR,ERR,ERR,ERR,ERR,ERR,ERR,ERR,ERR,ERR,ERR,ERR,ERR,ERR,ERR,ERR,ERR,ERR,ERR,ERR,ERR,ERR,ERR,ERR,ERR,ERR,ERR,ERR,ERR,ERR,50.0,60.0,100,0.0,0.0,0.0,0.0,0.0,0.0,0.0,0.0,0.0,0.0,0.0,0.0,0.0,0.0,0.0,0.0,61.6,65,20,65521,50,65476,0,300,0,0,8,20529,65476,0,0,26214,60.0,0.0,0.0,0.0,0.0,0.0
2026-05-17T16:32:35,ERR,ERR,ERR,ERR,ERR,ERR,ERR,ERR,ERR,ERR,ERR,ERR,ERR,ERR,ERR,ERR,ERR,ERR,ERR,ERR,ERR,ERR,ERR,ERR,ERR,ERR,ERR,ERR,ERR,ERR,ERR,ERR,ERR,ERR,ERR,ERR,ERR,ERR,ERR,ERR,ERR,ERR,ERR,ERR,ERR,ERR,ERR,ERR,ERR,ERR,ERR,ERR,ERR,ERR,ERR,ERR,ERR,ERR,ERR,ERR,ERR,ERR,ERR,ERR,ERR,ERR,ERR,ERR,ERR,ERR,ERR,ERR,ERR,ERR,ERR,ERR,ERR,ERR,ERR,ERR,ERR,ERR,ERR,ERR,ERR,ERR,ERR,ERR,ERR,ERR,ERR,ERR,ERR,ERR,ERR,ERR,ERR,ERR,ERR,ERR,ERR,ERR,ERR,ERR,ERR,ERR,ERR,ERR,ERR,ERR,ERR,ERR,ERR,ERR,ERR,ERR,ERR,ERR,ERR,ERR,ERR,ERR,ERR,ERR,ERR,0.0,-107615288.0,-0.0,0.0,0.0,1.3936040501711995e+18,7.805,0.0,0,0,4,0,8422,0.0,45,0.0,0.0,0.0,0.0,0.0,0,0,0,0,0.0,0,0,0,0,0,0,0,0,0,0,0,0,0,0,0,0,0,0,0,0,0,0,0,0,0,0,0,0,0,0,0,0,0,38,14,7,45,65476,0,300,0,0,8,21553,0.0,-107605600.0,0.0,0.0,0.0,0.0,0.0,0.0,0.0,0.0,0.0,0.0,0.0,0.0,0.0,0.0,0.0,0.0,0.0,0.0,0.0,0.0,0.0,-2.004,-2.004,0.0,0.0,0.0,0.0,0.0,5037.0,0.0,0.0,0.0,-107615288.0,0.0,-0.0,0.0,0.0,0.0,0.0,53,126841110528.0,0.0,0.0,0.0,0.0,0.0,0.0,0.0,0.0,0,0,0,0.0,0.0,0.0,0.0,0.0,0.0,0.0,0.0,0.0,0.0,0.0,0.0,0.0,0.0,0.0,0.0,0,-107875648.0,53,0.0,106,-107614832.0,-107350944.0,ERR,ERR,ERR,ERR,ERR,ERR,ERR,ERR,ERR,ERR,ERR,ERR,ERR,ERR,ERR,ERR,ERR,ERR,ERR,ERR,ERR,ERR,ERR,ERR,ERR,ERR,ERR,ERR,ERR,ERR,ERR,ERR,ERR,ERR,ERR,ERR,ERR,ERR,ERR,ERR,ERR,ERR,ERR,ERR,ERR,ERR,ERR,ERR,ERR,ERR,ERR,ERR,ERR,ERR,ERR,ERR,ERR,ERR,ERR,ERR,ERR,ERR,ERR,ERR,ERR,ERR,ERR,50.0,60.0,100,0.0,0.0,0.0,0.0,0.0,0.0,0.0,0.0,0.0,0.0,0.0,0.0,0.0,0.0,0.0,0.0,62.0,65,20,65521,50,65476,0,300,0,0,8,20529,65476,0,0,26214,60.0,0.0,0.0,0.0,0.0,0.0
2026-05-17T16:32:36,ERR,ERR,ERR,ERR,ERR,ERR,ERR,ERR,ERR,ERR,ERR,ERR,ERR,ERR,ERR,ERR,ERR,ERR,ERR,ERR,ERR,ERR,ERR,ERR,ERR,ERR,ERR,ERR,ERR,ERR,ERR,ERR,ERR,ERR,ERR,ERR,ERR,ERR,ERR,ERR,ERR,ERR,ERR,ERR,ERR,ERR,ERR,ERR,ERR,ERR,ERR,ERR,ERR,ERR,ERR,ERR,ERR,ERR,ERR,ERR,ERR,ERR,ERR,ERR,ERR,ERR,ERR,ERR,ERR,ERR,ERR,ERR,ERR,ERR,ERR,ERR,ERR,ERR,ERR,ERR,ERR,ERR,ERR,ERR,ERR,ERR,ERR,ERR,ERR,ERR,ERR,ERR,ERR,ERR,ERR,ERR,ERR,ERR,ERR,ERR,ERR,ERR,ERR,ERR,ERR,ERR,ERR,ERR,ERR,ERR,ERR,ERR,ERR,ERR,ERR,ERR,ERR,ERR,ERR,ERR,ERR,ERR,ERR,ERR,ERR,0.0,-107615288.0,-0.0,0.0,0.0,1.3936040501711995e+18,7.805,0.0,0,0,4,0,8422,0.0,45,0.0,0.0,0.0,0.0,0.0,0,0,0,0,0.0,0,0,0,0,0,0,0,0,0,0,0,0,0,0,0,0,0,0,0,0,0,0,0,0,0,0,0,0,0,0,0,0,0,38,14,7,45,65476,0,300,0,0,8,21553,0.0,-107605600.0,0.0,0.0,0.0,0.0,0.0,0.0,0.0,0.0,0.0,0.0,0.0,0.0,0.0,0.0,0.0,0.0,0.0,0.0,0.0,0.0,0.0,-2.004,-2.004,0.0,0.0,0.0,0.0,0.0,5037.0,0.0,0.0,0.0,-107615288.0,0.0,-0.0,0.0,0.0,0.0,0.0,53,126841110528.0,0.0,0.0,0.0,0.0,0.0,0.0,0.0,0.0,0,0,0,0.0,0.0,0.0,0.0,0.0,0.0,0.0,0.0,0.0,0.0,0.0,0.0,0.0,0.0,0.0,0.0,0,-107875648.0,53,0.0,106,-107614832.0,-107350944.0,ERR,ERR,ERR,ERR,ERR,ERR,ERR,ERR,ERR,ERR,ERR,ERR,ERR,ERR,ERR,ERR,ERR,ERR,ERR,ERR,ERR,ERR,ERR,ERR,ERR,ERR,ERR,ERR,ERR,ERR,ERR,ERR,ERR,ERR,ERR,ERR,ERR,ERR,ERR,ERR,ERR,ERR,ERR,ERR,ERR,ERR,ERR,ERR,ERR,ERR,ERR,ERR,ERR,ERR,ERR,ERR,ERR,ERR,ERR,ERR,ERR,ERR,ERR,ERR,ERR,ERR,ERR,50.0,60.0,100,0.0,0.0,0.0,0.0,0.0,0.0,0.0,0.0,0.0,0.0,0.0,0.0,0.0,0.0,0.0,0.0,61.6,65,20,65521,50,65476,0,300,0,0,8,20529,65476,0,0,26214,60.0,0.0,0.0,0.0,0.0,0.0
2026-05-17T16:32:37,ERR,ERR,ERR,ERR,ERR,ERR,ERR,ERR,ERR,ERR,ERR,ERR,ERR,ERR,ERR,ERR,ERR,ERR,ERR,ERR,ERR,ERR,ERR,ERR,ERR,ERR,ERR,ERR,ERR,ERR,ERR,ERR,ERR,ERR,ERR,ERR,ERR,ERR,ERR,ERR,ERR,ERR,ERR,ERR,ERR,ERR,ERR,ERR,ERR,ERR,ERR,ERR,ERR,ERR,ERR,ERR,ERR,ERR,ERR,ERR,ERR,ERR,ERR,ERR,ERR,ERR,ERR,ERR,ERR,ERR,ERR,ERR,ERR,ERR,ERR,ERR,ERR,ERR,ERR,ERR,ERR,ERR,ERR,ERR,ERR,ERR,ERR,ERR,ERR,ERR,ERR,ERR,ERR,ERR,ERR,ERR,ERR,ERR,ERR,ERR,ERR,ERR,ERR,ERR,ERR,ERR,ERR,ERR,ERR,ERR,ERR,ERR,ERR,ERR,ERR,ERR,ERR,ERR,ERR,ERR,ERR,ERR,ERR,ERR,ERR,0.0,-107615288.0,-0.0,0.0,0.0,1.3936040501711995e+18,7.805,0.0,0,0,4,0,8422,0.0,45,0.0,0.0,0.0,0.0,0.0,0,0,0,0,0.0,0,0,0,0,0,0,0,0,0,0,0,0,0,0,0,0,0,0,0,0,0,0,0,0,0,0,0,0,0,0,0,0,0,38,14,7,45,65476,0,300,0,0,8,21553,0.0,-107605600.0,0.0,0.0,0.0,0.0,0.0,0.0,0.0,0.0,0.0,0.0,0.0,0.0,0.0,0.0,0.0,0.0,0.0,0.0,0.0,0.0,0.0,-2.004,-2.004,0.0,0.0,0.0,0.0,0.0,5037.0,0.0,0.0,0.0,-107615288.0,0.0,-0.0,0.0,0.0,0.0,0.0,53,126841110528.0,0.0,0.0,0.0,0.0,0.0,0.0,0.0,0.0,0,0,0,0.0,0.0,0.0,0.0,0.0,0.0,0.0,0.0,0.0,0.0,0.0,0.0,0.0,0.0,0.0,0.0,0,-107875648.0,53,0.0,106,-107614832.0,-107350944.0,ERR,ERR,ERR,ERR,ERR,ERR,ERR,ERR,ERR,ERR,ERR,ERR,ERR,ERR,ERR,ERR,ERR,ERR,ERR,ERR,ERR,ERR,ERR,ERR,ERR,ERR,ERR,ERR,ERR,ERR,ERR,ERR,ERR,ERR,ERR,ERR,ERR,ERR,ERR,ERR,ERR,ERR,ERR,ERR,ERR,ERR,ERR,ERR,ERR,ERR,ERR,ERR,ERR,ERR,ERR,ERR,ERR,ERR,ERR,ERR,ERR,ERR,ERR,ERR,ERR,ERR,ERR,50.0,60.0,100,0.0,0.0,0.0,0.0,0.0,0.0,0.0,0.0,0.0,0.0,0.0,0.0,0.0,0.0,0.0,0.0,61.6,65,20,65521,50,65476,0,300,0,0,8,20529,65476,0,0,26214,60.0,0.0,0.0,0.0,0.0,0.0
2026-05-17T16:32:38,ERR,ERR,ERR,ERR,ERR,ERR,ERR,ERR,ERR,ERR,ERR,ERR,ERR,ERR,ERR,ERR,ERR,ERR,ERR,ERR,ERR,ERR,ERR,ERR,ERR,ERR,ERR,ERR,ERR,ERR,ERR,ERR,ERR,ERR,ERR,ERR,ERR,ERR,ERR,ERR,ERR,ERR,ERR,ERR,ERR,ERR,ERR,ERR,ERR,ERR,ERR,ERR,ERR,ERR,ERR,ERR,ERR,ERR,ERR,ERR,ERR,ERR,ERR,ERR,ERR,ERR,ERR,ERR,ERR,ERR,ERR,ERR,ERR,ERR,ERR,ERR,ERR,ERR,ERR,ERR,ERR,ERR,ERR,ERR,ERR,ERR,ERR,ERR,ERR,ERR,ERR,ERR,ERR,ERR,ERR,ERR,ERR,ERR,ERR,ERR,ERR,ERR,ERR,ERR,ERR,ERR,ERR,ERR,ERR,ERR,ERR,ERR,ERR,ERR,ERR,ERR,ERR,ERR,ERR,ERR,ERR,ERR,ERR,ERR,ERR,0.0,-107615288.0,-0.0,0.0,0.0,1.3936040501711995e+18,7.805,0.0,0,0,4,0,8422,0.0,45,0.0,0.0,0.0,0.0,0.0,0,0,0,0,0.0,0,0,0,0,0,0,0,0,0,0,0,0,0,0,0,0,0,0,0,0,0,0,0,0,0,0,0,0,0,0,0,0,0,38,14,7,45,65476,0,300,0,0,8,21553,0.0,-107605600.0,0.0,0.0,0.0,0.0,0.0,0.0,0.0,0.0,0.0,0.0,0.0,0.0,0.0,0.0,0.0,0.0,0.0,0.0,0.0,0.0,0.0,-2.004,-2.004,0.0,0.0,0.0,0.0,0.0,5037.0,0.0,0.0,0.0,-107615288.0,0.0,-0.0,0.0,0.0,0.0,0.0,53,126841110528.0,0.0,0.0,0.0,0.0,0.0,0.0,0.0,0.0,0,0,0,0.0,0.0,0.0,0.0,0.0,0.0,0.0,0.0,0.0,0.0,0.0,0.0,0.0,0.0,0.0,0.0,0,-107875648.0,53,0.0,106,-107614832.0,-107350944.0,ERR,ERR,ERR,ERR,ERR,ERR,ERR,ERR,ERR,ERR,ERR,ERR,ERR,ERR,ERR,ERR,ERR,ERR,ERR,ERR,ERR,ERR,ERR,ERR,ERR,ERR,ERR,ERR,ERR,ERR,ERR,ERR,ERR,ERR,ERR,ERR,ERR,ERR,ERR,ERR,ERR,ERR,ERR,ERR,ERR,ERR,ERR,ERR,ERR,ERR,ERR,ERR,ERR,ERR,ERR,ERR,ERR,ERR,ERR,ERR,ERR,ERR,ERR,ERR,ERR,ERR,ERR,50.0,60.0,100,0.0,0.0,0.0,0.0,0.0,0.0,0.0,0.0,0.0,0.0,0.0,0.0,0.0,0.0,0.0,0.0,61.6,65,20,65521,50,65476,0,300,0,0,8,20529,65476,0,0,26214,60.0,0.0,0.0,0.0,0.0,0.0
2026-05-17T16:32:39,ERR,ERR,ERR,ERR,ERR,ERR,ERR,ERR,ERR,ERR,ERR,ERR,ERR,ERR,ERR,ERR,ERR,ERR,ERR,ERR,ERR,ERR,ERR,ERR,ERR,ERR,ERR,ERR,ERR,ERR,ERR,ERR,ERR,ERR,ERR,ERR,ERR,ERR,ERR,ERR,ERR,ERR,ERR,ERR,ERR,ERR,ERR,ERR,ERR,ERR,ERR,ERR,ERR,ERR,ERR,ERR,ERR,ERR,ERR,ERR,ERR,ERR,ERR,ERR,ERR,ERR,ERR,ERR,ERR,ERR,ERR,ERR,ERR,ERR,ERR,ERR,ERR,ERR,ERR,ERR,ERR,ERR,ERR,ERR,ERR,ERR,ERR,ERR,ERR,ERR,ERR,ERR,ERR,ERR,ERR,ERR,ERR,ERR,ERR,ERR,ERR,ERR,ERR,ERR,ERR,ERR,ERR,ERR,ERR,ERR,ERR,ERR,ERR,ERR,ERR,ERR,ERR,ERR,ERR,ERR,ERR,ERR,ERR,ERR,ERR,0.0,-107615288.0,-0.0,0.0,0.0,1.3936040501711995e+18,7.805,0.0,0,0,4,0,8422,0.0,45,0.0,0.0,0.0,0.0,0.0,0,0,0,0,0.0,0,0,0,0,0,0,0,0,0,0,0,0,0,0,0,0,0,0,0,0,0,0,0,0,0,0,0,0,0,0,0,0,0,38,14,7,45,65476,0,300,0,0,8,21553,0.0,-107605600.0,0.0,0.0,0.0,0.0,0.0,0.0,0.0,0.0,0.0,0.0,0.0,0.0,0.0,0.0,0.0,0.0,0.0,0.0,0.0,0.0,0.0,-2.004,-0.0,0.0,0.0,0.0,0.0,0.0,5010.0,-2.004,0.0,0.0,-107615288.0,0.0,-0.0,0.0,0.0,0.0,0.0,53,2.7184300208680915e+23,4.066853658014554e+29,0.0,0.0,0.0,0.0,0.0,0.0,0.0,0,0,0,0.0,0.0,0.0,0.0,0.0,0.0,0.0,0.0,0.0,0.0,0.0,0.0,0.0,0.0,0.0,0.0,0,-107875648.0,53,0.0,106,-107614832.0,-107350944.0,ERR,ERR,ERR,ERR,ERR,ERR,ERR,ERR,ERR,ERR,ERR,ERR,ERR,ERR,ERR,ERR,ERR,ERR,ERR,ERR,ERR,ERR,ERR,ERR,ERR,ERR,ERR,ERR,ERR,ERR,ERR,ERR,ERR,ERR,ERR,ERR,ERR,ERR,ERR,ERR,ERR,ERR,ERR,ERR,ERR,ERR,ERR,ERR,ERR,ERR,ERR,ERR,ERR,ERR,ERR,ERR,ERR,ERR,ERR,ERR,ERR,ERR,ERR,ERR,ERR,ERR,ERR,50.0,60.0,100,0.0,0.0,0.0,0.0,0.0,0.0,0.0,0.0,0.0,0.0,0.0,0.0,0.0,0.0,0.0,0.0,61.6,65,20,65521,50,65476,0,300,0,0,8,20529,65476,0,0,26214,60.0,0.0,0.0,0.0,0.0,0.0
2026-05-17T16:32:40,ERR,ERR,ERR,ERR,ERR,ERR,ERR,ERR,ERR,ERR,ERR,ERR,ERR,ERR,ERR,ERR,ERR,ERR,ERR,ERR,ERR,ERR,ERR,ERR,ERR,ERR,ERR,ERR,ERR,ERR,ERR,ERR,ERR,ERR,ERR,ERR,ERR,ERR,ERR,ERR,ERR,ERR,ERR,ERR,ERR,ERR,ERR,ERR,ERR,ERR,ERR,ERR,ERR,ERR,ERR,ERR,ERR,ERR,ERR,ERR,ERR,ERR,ERR,ERR,ERR,ERR,ERR,ERR,ERR,ERR,ERR,ERR,ERR,ERR,ERR,ERR,ERR,ERR,ERR,ERR,ERR,ERR,ERR,ERR,ERR,ERR,ERR,ERR,ERR,ERR,ERR,ERR,ERR,ERR,ERR,ERR,ERR,ERR,ERR,ERR,ERR,ERR,ERR,ERR,ERR,ERR,ERR,ERR,ERR,ERR,ERR,ERR,ERR,ERR,ERR,ERR,ERR,ERR,ERR,ERR,ERR,ERR,ERR,ERR,ERR,0.0,-107615288.0,-0.0,0.0,0.0,1.3936040501711995e+18,7.805,0.0,0,0,4,0,8422,0.0,45,0.0,0.0,0.0,0.0,0.0,0,0,0,0,0.0,0,0,0,0,0,0,0,0,0,0,0,0,0,0,0,0,0,0,0,0,0,0,0,0,0,0,0,0,0,0,0,0,0,38,14,7,45,65476,0,300,0,0,8,21553,0.0,-107605600.0,0.0,0.0,0.0,0.0,0.0,0.0,0.0,0.0,0.0,0.0,0.0,0.0,0.0,0.0,0.0,0.0,0.0,0.0,0.0,0.0,0.0,-2.004,-0.0,0.0,0.0,0.0,0.0,0.0,5010.0,-2.004,0.0,0.0,-107615288.0,0.0,-0.0,0.0,0.0,0.0,0.0,53,2.7184300208680915e+23,4.066853658014554e+29,0.0,0.0,0.0,0.0,0.0,0.0,0.0,0,0,0,0.0,0.0,0.0,0.0,0.0,0.0,0.0,0.0,0.0,0.0,0.0,0.0,0.0,0.0,0.0,0.0,0,-107875648.0,53,0.0,106,-107614832.0,-107350944.0,ERR,ERR,ERR,ERR,ERR,ERR,ERR,ERR,ERR,ERR,ERR,ERR,ERR,ERR,ERR,ERR,ERR,ERR,ERR,ERR,ERR,ERR,ERR,ERR,ERR,ERR,ERR,ERR,ERR,ERR,ERR,ERR,ERR,ERR,ERR,ERR,ERR,ERR,ERR,ERR,ERR,ERR,ERR,ERR,ERR,ERR,ERR,ERR,ERR,ERR,ERR,ERR,ERR,ERR,ERR,ERR,ERR,ERR,ERR,ERR,ERR,ERR,ERR,ERR,ERR,ERR,ERR,50.0,60.0,100,0.0,0.0,0.0,0.0,0.0,0.0,0.0,0.0,0.0,0.0,0.0,0.0,0.0,0.0,0.0,0.0,62.0,65,20,65521,50,65476,0,300,0,0,8,20529,65476,0,0,26214,60.0,0.0,0.0,0.0,0.0,0.0
2026-05-17T16:32:41,ERR,ERR,ERR,ERR,ERR,ERR,ERR,ERR,ERR,ERR,ERR,ERR,ERR,ERR,ERR,ERR,ERR,ERR,ERR,ERR,ERR,ERR,ERR,ERR,ERR,ERR,ERR,ERR,ERR,ERR,ERR,ERR,ERR,ERR,ERR,ERR,ERR,ERR,ERR,ERR,ERR,ERR,ERR,ERR,ERR,ERR,ERR,ERR,ERR,ERR,ERR,ERR,ERR,ERR,ERR,ERR,ERR,ERR,ERR,ERR,ERR,ERR,ERR,ERR,ERR,ERR,ERR,ERR,ERR,ERR,ERR,ERR,ERR,ERR,ERR,ERR,ERR,ERR,ERR,ERR,ERR,ERR,ERR,ERR,ERR,ERR,ERR,ERR,ERR,ERR,ERR,ERR,ERR,ERR,ERR,ERR,ERR,ERR,ERR,ERR,ERR,ERR,ERR,ERR,ERR,ERR,ERR,ERR,ERR,ERR,ERR,ERR,ERR,ERR,ERR,ERR,ERR,ERR,ERR,ERR,ERR,ERR,ERR,ERR,ERR,0.0,-107615288.0,-0.0,0.0,0.0,1.3936040501711995e+18,7.805,0.0,0,0,4,0,8422,0.0,45,0.0,0.0,0.0,0.0,0.0,0,0,0,0,0.0,0,0,0,0,0,0,0,0,0,0,0,0,0,0,0,0,0,0,0,0,0,0,0,0,0,0,0,0,0,0,0,0,0,38,14,7,45,65476,0,300,0,0,8,21553,0.0,-107605600.0,0.0,0.0,0.0,0.0,0.0,0.0,0.0,0.0,0.0,0.0,0.0,0.0,0.0,0.0,0.0,0.0,0.0,0.0,0.0,0.0,0.0,-2.004,-0.0,0.0,0.0,0.0,0.0,0.0,5010.0,-2.004,0.0,0.0,-107615288.0,0.0,-0.0,0.0,0.0,0.0,0.0,53,2.7184300208680915e+23,4.066853658014554e+29,0.0,0.0,0.0,0.0,0.0,0.0,0.0,0,0,0,0.0,0.0,0.0,0.0,0.0,0.0,0.0,0.0,0.0,0.0,0.0,0.0,0.0,0.0,0.0,0.0,0,-107875648.0,53,0.0,106,-107614832.0,-107350944.0,ERR,ERR,ERR,ERR,ERR,ERR,ERR,ERR,ERR,ERR,ERR,ERR,ERR,ERR,ERR,ERR,ERR,ERR,ERR,ERR,ERR,ERR,ERR,ERR,ERR,ERR,ERR,ERR,ERR,ERR,ERR,ERR,ERR,ERR,ERR,ERR,ERR,ERR,ERR,ERR,ERR,ERR,ERR,ERR,ERR,ERR,ERR,ERR,ERR,ERR,ERR,ERR,ERR,ERR,ERR,ERR,ERR,ERR,ERR,ERR,ERR,ERR,ERR,ERR,ERR,ERR,ERR,50.0,60.0,100,0.0,0.0,0.0,0.0,0.0,0.0,0.0,0.0,0.0,0.0,0.0,0.0,0.0,0.0,0.0,0.0,62.0,65,20,65521,50,65476,0,300,0,0,8,20529,65476,0,0,26214,60.0,0.0,0.0,0.0,0.0,0.0
2026-05-17T16:32:42,ERR,ERR,ERR,ERR,ERR,ERR,ERR,ERR,ERR,ERR,ERR,ERR,ERR,ERR,ERR,ERR,ERR,ERR,ERR,ERR,ERR,ERR,ERR,ERR,ERR,ERR,ERR,ERR,ERR,ERR,ERR,ERR,ERR,ERR,ERR,ERR,ERR,ERR,ERR,ERR,ERR,ERR,ERR,ERR,ERR,ERR,ERR,ERR,ERR,ERR,ERR,ERR,ERR,ERR,ERR,ERR,ERR,ERR,ERR,ERR,ERR,ERR,ERR,ERR,ERR,ERR,ERR,ERR,ERR,ERR,ERR,ERR,ERR,ERR,ERR,ERR,ERR,ERR,ERR,ERR,ERR,ERR,ERR,ERR,ERR,ERR,ERR,ERR,ERR,ERR,ERR,ERR,ERR,ERR,ERR,ERR,ERR,ERR,ERR,ERR,ERR,ERR,ERR,ERR,ERR,ERR,ERR,ERR,ERR,ERR,ERR,ERR,ERR,ERR,ERR,ERR,ERR,ERR,ERR,ERR,ERR,ERR,ERR,ERR,ERR,0.0,-107615288.0,-0.0,0.0,0.0,1.3936040501711995e+18,7.805,0.0,0,0,4,0,8422,0.0,45,0.0,0.0,0.0,0.0,0.0,0,0,0,0,0.0,0,0,0,0,0,0,0,0,0,0,0,0,0,0,0,0,0,0,0,0,0,0,0,0,0,0,0,0,0,0,0,0,0,38,14,7,45,65476,0,300,0,0,8,21553,0.0,-107605600.0,0.0,0.0,0.0,0.0,0.0,0.0,0.0,0.0,0.0,0.0,0.0,0.0,0.0,0.0,0.0,0.0,0.0,0.0,0.0,0.0,0.0,-2.004,-0.0,0.0,0.0,0.0,0.0,0.0,5010.0,-2.004,0.0,0.0,-107615288.0,0.0,-0.0,0.0,0.0,0.0,0.0,53,2.7184300208680915e+23,4.066853658014554e+29,0.0,0.0,0.0,0.0,0.0,0.0,0.0,0,0,0,0.0,0.0,0.0,0.0,0.0,0.0,0.0,0.0,0.0,0.0,0.0,0.0,0.0,0.0,0.0,0.0,0,-107875648.0,53,0.0,106,-107614832.0,-107350944.0,ERR,ERR,ERR,ERR,ERR,ERR,ERR,ERR,ERR,ERR,ERR,ERR,ERR,ERR,ERR,ERR,ERR,ERR,ERR,ERR,ERR,ERR,ERR,ERR,ERR,ERR,ERR,ERR,ERR,ERR,ERR,ERR,ERR,ERR,ERR,ERR,ERR,ERR,ERR,ERR,ERR,ERR,ERR,ERR,ERR,ERR,ERR,ERR,ERR,ERR,ERR,ERR,ERR,ERR,ERR,ERR,ERR,ERR,ERR,ERR,ERR,ERR,ERR,ERR,ERR,ERR,ERR,50.0,60.0,100,0.0,0.0,0.0,0.0,0.0,0.0,0.0,0.0,0.0,0.0,0.0,0.0,0.0,0.0,0.0,0.0,61.6,64,20,65521,50,65476,0,300,0,0,8,20529,65476,0,0,26214,60.0,0.0,0.0,0.0,0.0,0.0
2026-05-17T16:32:43,ERR,ERR,ERR,ERR,ERR,ERR,ERR,ERR,ERR,ERR,ERR,ERR,ERR,ERR,ERR,ERR,ERR,ERR,ERR,ERR,ERR,ERR,ERR,ERR,ERR,ERR,ERR,ERR,ERR,ERR,ERR,ERR,ERR,ERR,ERR,ERR,ERR,ERR,ERR,ERR,ERR,ERR,ERR,ERR,ERR,ERR,ERR,ERR,ERR,ERR,ERR,ERR,ERR,ERR,ERR,ERR,ERR,ERR,ERR,ERR,ERR,ERR,ERR,ERR,ERR,ERR,ERR,ERR,ERR,ERR,ERR,ERR,ERR,ERR,ERR,ERR,ERR,ERR,ERR,ERR,ERR,ERR,ERR,ERR,ERR,ERR,ERR,ERR,ERR,ERR,ERR,ERR,ERR,ERR,ERR,ERR,ERR,ERR,ERR,ERR,ERR,ERR,ERR,ERR,ERR,ERR,ERR,ERR,ERR,ERR,ERR,ERR,ERR,ERR,ERR,ERR,ERR,ERR,ERR,ERR,ERR,ERR,ERR,ERR,ERR,0.0,-107615288.0,-0.0,0.0,0.0,1.3936040501711995e+18,7.805,0.0,0,0,4,0,8422,0.0,45,0.0,0.0,0.0,0.0,0.0,0,0,0,0,0.0,0,0,0,0,0,0,0,0,0,0,0,0,0,0,0,0,0,0,0,0,0,0,0,0,0,0,0,0,0,0,0,0,0,38,14,7,45,65476,0,300,0,0,8,21553,0.0,-107605600.0,0.0,0.0,0.0,0.0,0.0,0.0,0.0,0.0,0.0,0.0,0.0,0.0,0.0,0.0,0.0,0.0,0.0,0.0,0.0,0.0,0.0,-2.004,-0.0,0.0,0.0,0.0,0.0,0.0,5010.0,-2.004,0.0,0.0,-107615288.0,0.0,-0.0,0.0,0.0,0.0,0.0,53,2.7184300208680915e+23,4.066853658014554e+29,0.0,0.0,0.0,0.0,0.0,0.0,0.0,0,0,0,0.0,0.0,0.0,0.0,0.0,0.0,0.0,0.0,0.0,0.0,0.0,0.0,0.0,0.0,0.0,0.0,0,-107875648.0,53,0.0,106,-107614832.0,-107350944.0,ERR,ERR,ERR,ERR,ERR,ERR,ERR,ERR,ERR,ERR,ERR,ERR,ERR,ERR,ERR,ERR,ERR,ERR,ERR,ERR,ERR,ERR,ERR,ERR,ERR,ERR,ERR,ERR,ERR,ERR,ERR,ERR,ERR,ERR,ERR,ERR,ERR,ERR,ERR,ERR,ERR,ERR,ERR,ERR,ERR,ERR,ERR,ERR,ERR,ERR,ERR,ERR,ERR,ERR,ERR,ERR,ERR,ERR,ERR,ERR,ERR,ERR,ERR,ERR,ERR,ERR,ERR,50.0,60.0,100,0.0,0.0,0.0,0.0,0.0,0.0,0.0,0.0,0.0,0.0,0.0,0.0,0.0,0.0,0.0,0.0,61.6,64,20,65521,50,65476,0,300,0,0,8,20529,65476,0,0,26214,60.0,0.0,0.0,0.0,0.0,0.0
2026-05-17T16:32:44,ERR,ERR,ERR,ERR,ERR,ERR,ERR,ERR,ERR,ERR,ERR,ERR,ERR,ERR,ERR,ERR,ERR,ERR,ERR,ERR,ERR,ERR,ERR,ERR,ERR,ERR,ERR,ERR,ERR,ERR,ERR,ERR,ERR,ERR,ERR,ERR,ERR,ERR,ERR,ERR,ERR,ERR,ERR,ERR,ERR,ERR,ERR,ERR,ERR,ERR,ERR,ERR,ERR,ERR,ERR,ERR,ERR,ERR,ERR,ERR,ERR,ERR,ERR,ERR,ERR,ERR,ERR,ERR,ERR,ERR,ERR,ERR,ERR,ERR,ERR,ERR,ERR,ERR,ERR,ERR,ERR,ERR,ERR,ERR,ERR,ERR,ERR,ERR,ERR,ERR,ERR,ERR,ERR,ERR,ERR,ERR,ERR,ERR,ERR,ERR,ERR,ERR,ERR,ERR,ERR,ERR,ERR,ERR,ERR,ERR,ERR,ERR,ERR,ERR,ERR,ERR,ERR,ERR,ERR,ERR,ERR,ERR,ERR,ERR,ERR,0.0,-107615288.0,-0.0,0.0,0.0,1.3936040501711995e+18,7.805,0.0,0,0,4,0,8422,0.0,45,0.0,0.0,0.0,0.0,0.0,0,0,0,0,0.0,0,0,0,0,0,0,0,0,0,0,0,0,0,0,0,0,0,0,0,0,0,0,0,0,0,0,0,0,0,0,0,0,0,38,14,7,45,65476,0,300,0,0,8,21553,0.0,-107605600.0,0.0,0.0,0.0,0.0,0.0,0.0,0.0,0.0,0.0,0.0,0.0,0.0,0.0,0.0,0.0,0.0,0.0,0.0,0.0,0.0,0.0,-2.004,-2.004,0.0,0.0,0.0,0.0,0.0,5005.0,564145833377792.0,0.0,0.0,-107615288.0,0.0,-107615304.0,0.0,0.0,0.0,0.0,53,126841110528.0,-2.30882787541985e+20,0.0,0.0,0.0,0.0,0.0,0.0,0.0,0,0,0,0.0,0.0,0.0,0.0,0.0,0.0,0.0,0.0,0.0,0.0,0.0,0.0,0.0,0.0,0.0,0.0,0,-107875648.0,53,0.0,106,-107614832.0,2.7006707062415038e+23,ERR,ERR,ERR,ERR,ERR,ERR,ERR,ERR,ERR,ERR,ERR,ERR,ERR,ERR,ERR,ERR,ERR,ERR,ERR,ERR,ERR,ERR,ERR,ERR,ERR,ERR,ERR,ERR,ERR,ERR,ERR,ERR,ERR,ERR,ERR,ERR,ERR,ERR,ERR,ERR,ERR,ERR,ERR,ERR,ERR,ERR,ERR,ERR,ERR,ERR,ERR,ERR,ERR,ERR,ERR,ERR,ERR,ERR,ERR,ERR,ERR,ERR,ERR,ERR,ERR,ERR,ERR,50.0,60.0,100,0.0,0.0,0.0,0.0,0.0,0.0,0.0,0.0,0.0,0.0,0.0,0.0,0.0,0.0,0.0,0.0,61.6,64,20,65521,50,65476,0,300,0,0,8,20529,65476,0,0,26214,60.0,0.0,0.0,0.0,0.0,0.0
2026-05-17T16:32:45,ERR,ERR,ERR,ERR,ERR,ERR,ERR,ERR,ERR,ERR,ERR,ERR,ERR,ERR,ERR,ERR,ERR,ERR,ERR,ERR,ERR,ERR,ERR,ERR,ERR,ERR,ERR,ERR,ERR,ERR,ERR,ERR,ERR,ERR,ERR,ERR,ERR,ERR,ERR,ERR,ERR,ERR,ERR,ERR,ERR,ERR,ERR,ERR,ERR,ERR,ERR,ERR,ERR,ERR,ERR,ERR,ERR,ERR,ERR,ERR,ERR,ERR,ERR,ERR,ERR,ERR,ERR,ERR,ERR,ERR,ERR,ERR,ERR,ERR,ERR,ERR,ERR,ERR,ERR,ERR,ERR,ERR,ERR,ERR,ERR,ERR,ERR,ERR,ERR,ERR,ERR,ERR,ERR,ERR,ERR,ERR,ERR,ERR,ERR,ERR,ERR,ERR,ERR,ERR,ERR,ERR,ERR,ERR,ERR,ERR,ERR,ERR,ERR,ERR,ERR,ERR,ERR,ERR,ERR,ERR,ERR,ERR,ERR,ERR,ERR,0.0,-107615288.0,-0.0,0.0,0.0,1.3936040501711995e+18,7.805,0.0,0,0,4,0,8422,0.0,45,0.0,0.0,0.0,0.0,0.0,0,0,0,0,0.0,0,0,0,0,0,0,0,0,0,0,0,0,0,0,0,0,0,0,0,0,0,0,0,0,0,0,0,0,0,0,0,0,0,38,14,7,45,65476,0,300,0,0,8,21553,0.0,-107605600.0,0.0,0.0,0.0,0.0,0.0,0.0,0.0,0.0,0.0,0.0,0.0,0.0,0.0,0.0,0.0,0.0,0.0,0.0,0.0,0.0,0.0,-2.004,-2.004,0.0,0.0,0.0,0.0,0.0,5005.0,564145833377792.0,0.0,0.0,-107615288.0,0.0,-107615304.0,0.0,0.0,0.0,0.0,53,126841110528.0,-2.30882787541985e+20,0.0,0.0,0.0,0.0,0.0,0.0,0.0,0,0,0,0.0,0.0,0.0,0.0,0.0,0.0,0.0,0.0,0.0,0.0,0.0,0.0,0.0,0.0,0.0,0.0,0,-107875648.0,53,0.0,106,-107614832.0,2.7006707062415038e+23,ERR,ERR,ERR,ERR,ERR,ERR,ERR,ERR,ERR,ERR,ERR,ERR,ERR,ERR,ERR,ERR,ERR,ERR,ERR,ERR,ERR,ERR,ERR,ERR,ERR,ERR,ERR,ERR,ERR,ERR,ERR,ERR,ERR,ERR,ERR,ERR,ERR,ERR,ERR,ERR,ERR,ERR,ERR,ERR,ERR,ERR,ERR,ERR,ERR,ERR,ERR,ERR,ERR,ERR,ERR,ERR,ERR,ERR,ERR,ERR,ERR,ERR,ERR,ERR,ERR,ERR,ERR,50.0,60.0,100,0.0,0.0,0.0,0.0,0.0,0.0,0.0,0.0,0.0,0.0,0.0,0.0,0.0,0.0,0.0,0.0,61.6,64,20,65521,50,65476,0,300,0,0,8,20529,65476,0,0,26214,60.0,0.0,0.0,0.0,0.0,0.0
2026-05-17T16:32:46,ERR,ERR,ERR,ERR,ERR,ERR,ERR,ERR,ERR,ERR,ERR,ERR,ERR,ERR,ERR,ERR,ERR,ERR,ERR,ERR,ERR,ERR,ERR,ERR,ERR,ERR,ERR,ERR,ERR,ERR,ERR,ERR,ERR,ERR,ERR,ERR,ERR,ERR,ERR,ERR,ERR,ERR,ERR,ERR,ERR,ERR,ERR,ERR,ERR,ERR,ERR,ERR,ERR,ERR,ERR,ERR,ERR,ERR,ERR,ERR,ERR,ERR,ERR,ERR,ERR,ERR,ERR,ERR,ERR,ERR,ERR,ERR,ERR,ERR,ERR,ERR,ERR,ERR,ERR,ERR,ERR,ERR,ERR,ERR,ERR,ERR,ERR,ERR,ERR,ERR,ERR,ERR,ERR,ERR,ERR,ERR,ERR,ERR,ERR,ERR,ERR,ERR,ERR,ERR,ERR,ERR,ERR,ERR,ERR,ERR,ERR,ERR,ERR,ERR,ERR,ERR,ERR,ERR,ERR,ERR,ERR,ERR,ERR,ERR,ERR,0.0,-107615288.0,-0.0,0.0,0.0,1.3936040501711995e+18,7.805,0.0,0,0,4,0,8422,0.0,45,0.0,0.0,0.0,0.0,0.0,0,0,0,0,0.0,0,0,0,0,0,0,0,0,0,0,0,0,0,0,0,0,0,0,0,0,0,0,0,0,0,0,0,0,0,0,0,0,0,38,14,7,45,65476,0,300,0,0,8,21553,0.0,-107605600.0,0.0,0.0,0.0,0.0,0.0,0.0,0.0,0.0,0.0,0.0,0.0,0.0,0.0,0.0,0.0,0.0,0.0,0.0,0.0,0.0,0.0,-2.004,-2.004,0.0,0.0,0.0,0.0,0.0,5005.0,564145833377792.0,0.0,0.0,-107615288.0,0.0,-107615304.0,0.0,0.0,0.0,0.0,53,126841110528.0,-2.30882787541985e+20,0.0,0.0,0.0,0.0,0.0,0.0,0.0,0,0,0,0.0,0.0,0.0,0.0,0.0,0.0,0.0,0.0,0.0,0.0,0.0,0.0,0.0,0.0,0.0,0.0,0,-107875648.0,53,0.0,106,-107614832.0,2.7006707062415038e+23,ERR,ERR,ERR,ERR,ERR,ERR,ERR,ERR,ERR,ERR,ERR,ERR,ERR,ERR,ERR,ERR,ERR,ERR,ERR,ERR,ERR,ERR,ERR,ERR,ERR,ERR,ERR,ERR,ERR,ERR,ERR,ERR,ERR,ERR,ERR,ERR,ERR,ERR,ERR,ERR,ERR,ERR,ERR,ERR,ERR,ERR,ERR,ERR,ERR,ERR,ERR,ERR,ERR,ERR,ERR,ERR,ERR,ERR,ERR,ERR,ERR,ERR,ERR,ERR,ERR,ERR,ERR,50.0,60.0,100,0.0,0.0,0.0,0.0,0.0,0.0,0.0,0.0,0.0,0.0,0.0,0.0,0.0,0.0,0.0,0.0,61.6,64,20,65521,50,65476,0,300,0,0,8,20529,65476,0,0,26214,60.0,0.0,0.0,0.0,0.0,0.0
2026-05-17T16:32:47,ERR,ERR,ERR,ERR,ERR,ERR,ERR,ERR,ERR,ERR,ERR,ERR,ERR,ERR,ERR,ERR,ERR,ERR,ERR,ERR,ERR,ERR,ERR,ERR,ERR,ERR,ERR,ERR,ERR,ERR,ERR,ERR,ERR,ERR,ERR,ERR,ERR,ERR,ERR,ERR,ERR,ERR,ERR,ERR,ERR,ERR,ERR,ERR,ERR,ERR,ERR,ERR,ERR,ERR,ERR,ERR,ERR,ERR,ERR,ERR,ERR,ERR,ERR,ERR,ERR,ERR,ERR,ERR,ERR,ERR,ERR,ERR,ERR,ERR,ERR,ERR,ERR,ERR,ERR,ERR,ERR,ERR,ERR,ERR,ERR,ERR,ERR,ERR,ERR,ERR,ERR,ERR,ERR,ERR,ERR,ERR,ERR,ERR,ERR,ERR,ERR,ERR,ERR,ERR,ERR,ERR,ERR,ERR,ERR,ERR,ERR,ERR,ERR,ERR,ERR,ERR,ERR,ERR,ERR,ERR,ERR,ERR,ERR,ERR,ERR,0.0,-107615288.0,-0.0,0.0,0.0,1.3936040501711995e+18,7.805,0.0,0,0,4,0,8422,0.0,45,0.0,0.0,0.0,0.0,0.0,0,0,0,0,0.0,0,0,0,0,0,0,0,0,0,0,0,0,0,0,0,0,0,0,0,0,0,0,0,0,0,0,0,0,0,0,0,0,0,38,14,7,45,65476,0,300,0,0,8,21553,0.0,-107605600.0,0.0,0.0,0.0,0.0,0.0,0.0,0.0,0.0,0.0,0.0,0.0,0.0,0.0,0.0,0.0,0.0,0.0,0.0,0.0,0.0,0.0,-2.004,-2.004,0.0,0.0,0.0,0.0,0.0,5005.0,564145833377792.0,0.0,0.0,-107615288.0,0.0,-107615304.0,0.0,0.0,0.0,0.0,53,126841110528.0,-2.30882787541985e+20,0.0,0.0,0.0,0.0,0.0,0.0,0.0,0,0,0,0.0,0.0,0.0,0.0,0.0,0.0,0.0,0.0,0.0,0.0,0.0,0.0,0.0,0.0,0.0,0.0,0,-107875648.0,53,0.0,106,-107614832.0,2.7006707062415038e+23,ERR,ERR,ERR,ERR,ERR,ERR,ERR,ERR,ERR,ERR,ERR,ERR,ERR,ERR,ERR,ERR,ERR,ERR,ERR,ERR,ERR,ERR,ERR,ERR,ERR,ERR,ERR,ERR,ERR,ERR,ERR,ERR,ERR,ERR,ERR,ERR,ERR,ERR,ERR,ERR,ERR,ERR,ERR,ERR,ERR,ERR,ERR,ERR,ERR,ERR,ERR,ERR,ERR,ERR,ERR,ERR,ERR,ERR,ERR,ERR,ERR,ERR,ERR,ERR,ERR,ERR,ERR,50.0,60.0,100,0.0,0.0,0.0,0.0,0.0,0.0,0.0,0.0,0.0,0.0,0.0,0.0,0.0,0.0,0.0,0.0,62.0,64,20,65521,50,65476,0,300,0,0,8,20529,65476,0,0,26214,60.0,0.0,0.0,0.0,0.0,0.0
2026-05-17T16:32:48,ERR,ERR,ERR,ERR,ERR,ERR,ERR,ERR,ERR,ERR,ERR,ERR,ERR,ERR,ERR,ERR,ERR,ERR,ERR,ERR,ERR,ERR,ERR,ERR,ERR,ERR,ERR,ERR,ERR,ERR,ERR,ERR,ERR,ERR,ERR,ERR,ERR,ERR,ERR,ERR,ERR,ERR,ERR,ERR,ERR,ERR,ERR,ERR,ERR,ERR,ERR,ERR,ERR,ERR,ERR,ERR,ERR,ERR,ERR,ERR,ERR,ERR,ERR,ERR,ERR,ERR,ERR,ERR,ERR,ERR,ERR,ERR,ERR,ERR,ERR,ERR,ERR,ERR,ERR,ERR,ERR,ERR,ERR,ERR,ERR,ERR,ERR,ERR,ERR,ERR,ERR,ERR,ERR,ERR,ERR,ERR,ERR,ERR,ERR,ERR,ERR,ERR,ERR,ERR,ERR,ERR,ERR,ERR,ERR,ERR,ERR,ERR,ERR,ERR,ERR,ERR,ERR,ERR,ERR,ERR,ERR,ERR,ERR,ERR,ERR,0.0,-107615288.0,-0.0,0.0,0.0,1.3936040501711995e+18,7.805,0.0,0,0,4,0,8422,0.0,45,0.0,0.0,0.0,0.0,0.0,0,0,0,0,0.0,0,0,0,0,0,0,0,0,0,0,0,0,0,0,0,0,0,0,0,0,0,0,0,0,0,0,0,0,0,0,0,0,0,38,14,7,45,65476,0,300,0,0,8,21553,0.0,-107605600.0,0.0,0.0,0.0,0.0,0.0,0.0,0.0,0.0,0.0,0.0,0.0,0.0,0.0,0.0,0.0,0.0,0.0,0.0,0.0,0.0,0.0,-2.004,-2.004,0.0,0.0,0.0,0.0,0.0,5005.0,564145833377792.0,0.0,0.0,-107615288.0,0.0,-107615304.0,0.0,0.0,0.0,0.0,53,126841110528.0,-2.30882787541985e+20,0.0,0.0,0.0,0.0,0.0,0.0,0.0,0,0,0,0.0,0.0,0.0,0.0,0.0,0.0,0.0,0.0,0.0,0.0,0.0,0.0,0.0,0.0,0.0,0.0,0,-107875648.0,53,0.0,106,-107614832.0,2.7006707062415038e+23,ERR,ERR,ERR,ERR,ERR,ERR,ERR,ERR,ERR,ERR,ERR,ERR,ERR,ERR,ERR,ERR,ERR,ERR,ERR,ERR,ERR,ERR,ERR,ERR,ERR,ERR,ERR,ERR,ERR,ERR,ERR,ERR,ERR,ERR,ERR,ERR,ERR,ERR,ERR,ERR,ERR,ERR,ERR,ERR,ERR,ERR,ERR,ERR,ERR,ERR,ERR,ERR,ERR,ERR,ERR,ERR,ERR,ERR,ERR,ERR,ERR,ERR,ERR,ERR,ERR,ERR,ERR,50.0,60.0,100,0.0,0.0,0.0,0.0,0.0,0.0,0.0,0.0,0.0,0.0,0.0,0.0,0.0,0.0,0.0,0.0,62.0,64,20,65521,50,65476,0,300,0,0,8,20529,65476,0,0,26214,60.0,0.0,0.0,0.0,0.0,0.0
2026-05-17T16:32:49,ERR,ERR,ERR,ERR,ERR,ERR,ERR,ERR,ERR,ERR,ERR,ERR,ERR,ERR,ERR,ERR,ERR,ERR,ERR,ERR,ERR,ERR,ERR,ERR,ERR,ERR,ERR,ERR,ERR,ERR,ERR,ERR,ERR,ERR,ERR,ERR,ERR,ERR,ERR,ERR,ERR,ERR,ERR,ERR,ERR,ERR,ERR,ERR,ERR,ERR,ERR,ERR,ERR,ERR,ERR,ERR,ERR,ERR,ERR,ERR,ERR,ERR,ERR,ERR,ERR,ERR,ERR,ERR,ERR,ERR,ERR,ERR,ERR,ERR,ERR,ERR,ERR,ERR,ERR,ERR,ERR,ERR,ERR,ERR,ERR,ERR,ERR,ERR,ERR,ERR,ERR,ERR,ERR,ERR,ERR,ERR,ERR,ERR,ERR,ERR,ERR,ERR,ERR,ERR,ERR,ERR,ERR,ERR,ERR,ERR,ERR,ERR,ERR,ERR,ERR,ERR,ERR,ERR,ERR,ERR,ERR,ERR,ERR,ERR,ERR,0.0,-107615288.0,-0.0,0.0,0.0,1.3936040501711995e+18,7.805,0.0,0,0,4,0,8422,0.0,45,0.0,0.0,0.0,0.0,0.0,0,0,0,0,0.0,0,0,0,0,0,0,0,0,0,0,0,0,0,0,0,0,0,0,0,0,0,0,0,0,0,0,0,0,0,0,0,0,0,38,14,7,45,65476,0,300,0,0,8,21553,0.0,-107605600.0,0.0,0.0,0.0,0.0,0.0,0.0,0.0,0.0,0.0,0.0,0.0,0.0,0.0,0.0,0.0,0.0,0.0,0.0,0.0,0.0,0.0,-2.004,-2.004,0.0,0.0,0.0,0.0,0.0,5006.0,0.0,0.0,0.0,-107615288.0,0.0,-0.0,0.0,0.0,0.0,0.0,53,3.222028592685471e+26,-0.0,0.0,0.0,0.0,0.0,0.0,0.0,0.0,0,0,0,0.0,0.0,0.0,0.0,0.0,0.0,0.0,0.0,0.0,0.0,0.0,0.0,0.0,0.0,0.0,0.0,0,-107875648.0,53,0.0,106,-107614832.0,2.7006707062415038e+23,ERR,ERR,ERR,ERR,ERR,ERR,ERR,ERR,ERR,ERR,ERR,ERR,ERR,ERR,ERR,ERR,ERR,ERR,ERR,ERR,ERR,ERR,ERR,ERR,ERR,ERR,ERR,ERR,ERR,ERR,ERR,ERR,ERR,ERR,ERR,ERR,ERR,ERR,ERR,ERR,ERR,ERR,ERR,ERR,ERR,ERR,ERR,ERR,ERR,ERR,ERR,ERR,ERR,ERR,ERR,ERR,ERR,ERR,ERR,ERR,ERR,ERR,ERR,ERR,ERR,ERR,ERR,50.0,60.0,100,0.0,0.0,0.0,0.0,0.0,0.0,0.0,0.0,0.0,0.0,0.0,0.0,0.0,0.0,0.0,0.0,61.6,64,20,65521,50,65476,0,300,0,0,8,20529,65476,0,0,26214,60.0,0.0,0.0,0.0,0.0,0.0
2026-05-17T16:32:50,ERR,ERR,ERR,ERR,ERR,ERR,ERR,ERR,ERR,ERR,ERR,ERR,ERR,ERR,ERR,ERR,ERR,ERR,ERR,ERR,ERR,ERR,ERR,ERR,ERR,ERR,ERR,ERR,ERR,ERR,ERR,ERR,ERR,ERR,ERR,ERR,ERR,ERR,ERR,ERR,ERR,ERR,ERR,ERR,ERR,ERR,ERR,ERR,ERR,ERR,ERR,ERR,ERR,ERR,ERR,ERR,ERR,ERR,ERR,ERR,ERR,ERR,ERR,ERR,ERR,ERR,ERR,ERR,ERR,ERR,ERR,ERR,ERR,ERR,ERR,ERR,ERR,ERR,ERR,ERR,ERR,ERR,ERR,ERR,ERR,ERR,ERR,ERR,ERR,ERR,ERR,ERR,ERR,ERR,ERR,ERR,ERR,ERR,ERR,ERR,ERR,ERR,ERR,ERR,ERR,ERR,ERR,ERR,ERR,ERR,ERR,ERR,ERR,ERR,ERR,ERR,ERR,ERR,ERR,ERR,ERR,ERR,ERR,ERR,ERR,0.0,-107615288.0,-0.0,0.0,0.0,1.3936040501711995e+18,7.805,0.0,0,0,4,0,8422,0.0,45,0.0,0.0,0.0,0.0,0.0,0,0,0,0,0.0,0,0,0,0,0,0,0,0,0,0,0,0,0,0,0,0,0,0,0,0,0,0,0,0,0,0,0,0,0,0,0,0,0,38,14,7,45,65476,0,300,0,0,8,21553,0.0,-107605600.0,0.0,0.0,0.0,0.0,0.0,0.0,0.0,0.0,0.0,0.0,0.0,0.0,0.0,0.0,0.0,0.0,0.0,0.0,0.0,0.0,0.0,-2.004,-2.004,0.0,0.0,0.0,0.0,0.0,5006.0,0.0,0.0,0.0,-107615288.0,0.0,-0.0,0.0,0.0,0.0,0.0,53,3.222028592685471e+26,-0.0,0.0,0.0,0.0,0.0,0.0,0.0,0.0,0,0,0,0.0,0.0,0.0,0.0,0.0,0.0,0.0,0.0,0.0,0.0,0.0,0.0,0.0,0.0,0.0,0.0,0,-107875648.0,53,0.0,106,-107614832.0,2.7006707062415038e+23,ERR,ERR,ERR,ERR,ERR,ERR,ERR,ERR,ERR,ERR,ERR,ERR,ERR,ERR,ERR,ERR,ERR,ERR,ERR,ERR,ERR,ERR,ERR,ERR,ERR,ERR,ERR,ERR,ERR,ERR,ERR,ERR,ERR,ERR,ERR,ERR,ERR,ERR,ERR,ERR,ERR,ERR,ERR,ERR,ERR,ERR,ERR,ERR,ERR,ERR,ERR,ERR,ERR,ERR,ERR,ERR,ERR,ERR,ERR,ERR,ERR,ERR,ERR,ERR,ERR,ERR,ERR,50.0,60.0,100,0.0,0.0,0.0,0.0,0.0,0.0,0.0,0.0,0.0,0.0,0.0,0.0,0.0,0.0,0.0,0.0,61.6,64,20,65521,50,65476,0,300,0,0,8,20529,65476,0,0,26214,60.0,0.0,0.0,0.0,0.0,0.0
2026-05-17T16:32:51,ERR,ERR,ERR,ERR,ERR,ERR,ERR,ERR,ERR,ERR,ERR,ERR,ERR,ERR,ERR,ERR,ERR,ERR,ERR,ERR,ERR,ERR,ERR,ERR,ERR,ERR,ERR,ERR,ERR,ERR,ERR,ERR,ERR,ERR,ERR,ERR,ERR,ERR,ERR,ERR,ERR,ERR,ERR,ERR,ERR,ERR,ERR,ERR,ERR,ERR,ERR,ERR,ERR,ERR,ERR,ERR,ERR,ERR,ERR,ERR,ERR,ERR,ERR,ERR,ERR,ERR,ERR,ERR,ERR,ERR,ERR,ERR,ERR,ERR,ERR,ERR,ERR,ERR,ERR,ERR,ERR,ERR,ERR,ERR,ERR,ERR,ERR,ERR,ERR,ERR,ERR,ERR,ERR,ERR,ERR,ERR,ERR,ERR,ERR,ERR,ERR,ERR,ERR,ERR,ERR,ERR,ERR,ERR,ERR,ERR,ERR,ERR,ERR,ERR,ERR,ERR,ERR,ERR,ERR,ERR,ERR,ERR,ERR,ERR,ERR,0.0,-107615288.0,-0.0,0.0,0.0,1.3936040501711995e+18,7.805,0.0,0,0,4,0,8422,0.0,45,0.0,0.0,0.0,0.0,0.0,0,0,0,0,0.0,0,0,0,0,0,0,0,0,0,0,0,0,0,0,0,0,0,0,0,0,0,0,0,0,0,0,0,0,0,0,0,0,0,38,14,7,45,65476,0,300,0,0,8,21553,0.0,-107605600.0,0.0,0.0,0.0,0.0,0.0,0.0,0.0,0.0,0.0,0.0,0.0,0.0,0.0,0.0,0.0,0.0,0.0,0.0,0.0,0.0,0.0,-2.004,-2.004,0.0,0.0,0.0,0.0,0.0,5006.0,0.0,0.0,0.0,-107615288.0,0.0,-0.0,0.0,0.0,0.0,0.0,53,3.222028592685471e+26,-0.0,0.0,0.0,0.0,0.0,0.0,0.0,0.0,0,0,0,0.0,0.0,0.0,0.0,0.0,0.0,0.0,0.0,0.0,0.0,0.0,0.0,0.0,0.0,0.0,0.0,0,-107875648.0,53,0.0,106,-107614832.0,2.7006707062415038e+23,ERR,ERR,ERR,ERR,ERR,ERR,ERR,ERR,ERR,ERR,ERR,ERR,ERR,ERR,ERR,ERR,ERR,ERR,ERR,ERR,ERR,ERR,ERR,ERR,ERR,ERR,ERR,ERR,ERR,ERR,ERR,ERR,ERR,ERR,ERR,ERR,ERR,ERR,ERR,ERR,ERR,ERR,ERR,ERR,ERR,ERR,ERR,ERR,ERR,ERR,ERR,ERR,ERR,ERR,ERR,ERR,ERR,ERR,ERR,ERR,ERR,ERR,ERR,ERR,ERR,ERR,ERR,50.0,60.0,100,0.0,0.0,0.0,0.0,0.0,0.0,0.0,0.0,0.0,0.0,0.0,0.0,0.0,0.0,0.0,0.0,61.6,64,20,65521,50,65476,0,300,0,0,8,20529,65476,0,0,26214,60.0,0.0,0.0,0.0,0.0,0.0
2026-05-17T16:32:52,ERR,ERR,ERR,ERR,ERR,ERR,ERR,ERR,ERR,ERR,ERR,ERR,ERR,ERR,ERR,ERR,ERR,ERR,ERR,ERR,ERR,ERR,ERR,ERR,ERR,ERR,ERR,ERR,ERR,ERR,ERR,ERR,ERR,ERR,ERR,ERR,ERR,ERR,ERR,ERR,ERR,ERR,ERR,ERR,ERR,ERR,ERR,ERR,ERR,ERR,ERR,ERR,ERR,ERR,ERR,ERR,ERR,ERR,ERR,ERR,ERR,ERR,ERR,ERR,ERR,ERR,ERR,ERR,ERR,ERR,ERR,ERR,ERR,ERR,ERR,ERR,ERR,ERR,ERR,ERR,ERR,ERR,ERR,ERR,ERR,ERR,ERR,ERR,ERR,ERR,ERR,ERR,ERR,ERR,ERR,ERR,ERR,ERR,ERR,ERR,ERR,ERR,ERR,ERR,ERR,ERR,ERR,ERR,ERR,ERR,ERR,ERR,ERR,ERR,ERR,ERR,ERR,ERR,ERR,ERR,ERR,ERR,ERR,ERR,ERR,0.0,-107615288.0,-0.0,0.0,0.0,1.3936040501711995e+18,7.805,0.0,0,0,4,0,8422,0.0,45,0.0,0.0,0.0,0.0,0.0,0,0,0,0,0.0,0,0,0,0,0,0,0,0,0,0,0,0,0,0,0,0,0,0,0,0,0,0,0,0,0,0,0,0,0,0,0,0,0,38,14,7,45,65476,0,300,0,0,8,21553,0.0,-107605600.0,0.0,0.0,0.0,0.0,0.0,0.0,0.0,0.0,0.0,0.0,0.0,0.0,0.0,0.0,0.0,0.0,0.0,0.0,0.0,0.0,0.0,-2.004,-2.004,0.0,0.0,0.0,0.0,0.0,5006.0,0.0,0.0,0.0,-107615288.0,0.0,-0.0,0.0,0.0,0.0,0.0,53,3.222028592685471e+26,-0.0,0.0,0.0,0.0,0.0,0.0,0.0,0.0,0,0,0,0.0,0.0,0.0,0.0,0.0,0.0,0.0,0.0,0.0,0.0,0.0,0.0,0.0,0.0,0.0,0.0,0,-107875648.0,53,0.0,106,-107614832.0,2.7006707062415038e+23,ERR,ERR,ERR,ERR,ERR,ERR,ERR,ERR,ERR,ERR,ERR,ERR,ERR,ERR,ERR,ERR,ERR,ERR,ERR,ERR,ERR,ERR,ERR,ERR,ERR,ERR,ERR,ERR,ERR,ERR,ERR,ERR,ERR,ERR,ERR,ERR,ERR,ERR,ERR,ERR,ERR,ERR,ERR,ERR,ERR,ERR,ERR,ERR,ERR,ERR,ERR,ERR,ERR,ERR,ERR,ERR,ERR,ERR,ERR,ERR,ERR,ERR,ERR,ERR,ERR,ERR,ERR,50.0,60.0,100,0.0,0.0,0.0,0.0,0.0,0.0,0.0,0.0,0.0,0.0,0.0,0.0,0.0,0.0,0.0,0.0,61.6,64,20,65521,50,65476,0,300,0,0,8,20529,65476,0,0,26214,60.0,0.0,0.0,0.0,0.0,0.0
2026-05-17T16:32:53,ERR,ERR,ERR,ERR,ERR,ERR,ERR,ERR,ERR,ERR,ERR,ERR,ERR,ERR,ERR,ERR,ERR,ERR,ERR,ERR,ERR,ERR,ERR,ERR,ERR,ERR,ERR,ERR,ERR,ERR,ERR,ERR,ERR,ERR,ERR,ERR,ERR,ERR,ERR,ERR,ERR,ERR,ERR,ERR,ERR,ERR,ERR,ERR,ERR,ERR,ERR,ERR,ERR,ERR,ERR,ERR,ERR,ERR,ERR,ERR,ERR,ERR,ERR,ERR,ERR,ERR,ERR,ERR,ERR,ERR,ERR,ERR,ERR,ERR,ERR,ERR,ERR,ERR,ERR,ERR,ERR,ERR,ERR,ERR,ERR,ERR,ERR,ERR,ERR,ERR,ERR,ERR,ERR,ERR,ERR,ERR,ERR,ERR,ERR,ERR,ERR,ERR,ERR,ERR,ERR,ERR,ERR,ERR,ERR,ERR,ERR,ERR,ERR,ERR,ERR,ERR,ERR,ERR,ERR,ERR,ERR,ERR,ERR,ERR,ERR,0.0,-107615288.0,-0.0,0.0,0.0,1.3936040501711995e+18,7.805,0.0,0,0,4,0,8422,0.0,45,0.0,0.0,0.0,0.0,0.0,0,0,0,0,0.0,0,0,0,0,0,0,0,0,0,0,0,0,0,0,0,0,0,0,0,0,0,0,0,0,0,0,0,0,0,0,0,0,0,38,14,7,45,65476,0,300,0,0,8,21553,0.0,-107605600.0,0.0,0.0,0.0,0.0,0.0,0.0,0.0,0.0,0.0,0.0,0.0,0.0,0.0,0.0,0.0,0.0,0.0,0.0,0.0,0.0,0.0,-2.004,-2.004,0.0,0.0,0.0,0.0,0.0,5006.0,0.0,0.0,0.0,-107615288.0,0.0,-0.0,0.0,0.0,0.0,0.0,53,3.222028592685471e+26,-0.0,0.0,0.0,0.0,0.0,0.0,0.0,0.0,0,0,0,0.0,0.0,0.0,0.0,0.0,0.0,0.0,0.0,0.0,0.0,0.0,0.0,0.0,0.0,0.0,0.0,0,-107875648.0,53,0.0,106,-107614832.0,2.7006707062415038e+23,ERR,ERR,ERR,ERR,ERR,ERR,ERR,ERR,ERR,ERR,ERR,ERR,ERR,ERR,ERR,ERR,ERR,ERR,ERR,ERR,ERR,ERR,ERR,ERR,ERR,ERR,ERR,ERR,ERR,ERR,ERR,ERR,ERR,ERR,ERR,ERR,ERR,ERR,ERR,ERR,ERR,ERR,ERR,ERR,ERR,ERR,ERR,ERR,ERR,ERR,ERR,ERR,ERR,ERR,ERR,ERR,ERR,ERR,ERR,ERR,ERR,ERR,ERR,ERR,ERR,ERR,ERR,50.0,60.0,100,0.0,0.0,0.0,0.0,0.0,0.0,0.0,0.0,0.0,0.0,0.0,0.0,0.0,0.0,0.0,0.0,61.6,64,20,65521,50,65476,0,300,0,0,8,20529,65476,0,0,26214,60.0,0.0,0.0,0.0,0.0,0.0
2026-05-17T16:32:54,ERR,ERR,ERR,ERR,ERR,ERR,ERR,ERR,ERR,ERR,ERR,ERR,ERR,ERR,ERR,ERR,ERR,ERR,ERR,ERR,ERR,ERR,ERR,ERR,ERR,ERR,ERR,ERR,ERR,ERR,ERR,ERR,ERR,ERR,ERR,ERR,ERR,ERR,ERR,ERR,ERR,ERR,ERR,ERR,ERR,ERR,ERR,ERR,ERR,ERR,ERR,ERR,ERR,ERR,ERR,ERR,ERR,ERR,ERR,ERR,ERR,ERR,ERR,ERR,ERR,ERR,ERR,ERR,ERR,ERR,ERR,ERR,ERR,ERR,ERR,ERR,ERR,ERR,ERR,ERR,ERR,ERR,ERR,ERR,ERR,ERR,ERR,ERR,ERR,ERR,ERR,ERR,ERR,ERR,ERR,ERR,ERR,ERR,ERR,ERR,ERR,ERR,ERR,ERR,ERR,ERR,ERR,ERR,ERR,ERR,ERR,ERR,ERR,ERR,ERR,ERR,ERR,ERR,ERR,ERR,ERR,ERR,ERR,ERR,ERR,0.0,-107615288.0,-0.0,0.0,0.0,1.3936040501711995e+18,7.805,0.0,0,0,4,0,8422,0.0,45,0.0,0.0,0.0,0.0,0.0,0,0,0,0,0.0,0,0,0,0,0,0,0,0,0,0,0,0,0,0,0,0,0,0,0,0,0,0,0,0,0,0,0,0,0,0,0,0,0,38,14,7,45,65476,0,300,0,0,8,21553,0.0,-107605600.0,0.0,0.0,0.0,0.0,0.0,0.0,0.0,0.0,0.0,0.0,0.0,0.0,0.0,0.0,0.0,0.0,0.0,0.0,0.0,0.0,0.0,-2.004,-2.004,0.0,0.0,0.0,0.0,0.0,5006.0,0.0,0.0,0.0,-107615288.0,0.0,-0.0,0.0,0.0,0.0,0.0,53,3.222028592685471e+26,-0.0,0.0,0.0,0.0,0.0,0.0,0.0,0.0,0,0,0,0.0,0.0,0.0,0.0,0.0,0.0,0.0,0.0,0.0,0.0,0.0,0.0,0.0,0.0,0.0,0.0,0,-107875648.0,53,0.0,106,-107614832.0,-107350944.0,ERR,ERR,ERR,ERR,ERR,ERR,ERR,ERR,ERR,ERR,ERR,ERR,ERR,ERR,ERR,ERR,ERR,ERR,ERR,ERR,ERR,ERR,ERR,ERR,ERR,ERR,ERR,ERR,ERR,ERR,ERR,ERR,ERR,ERR,ERR,ERR,ERR,ERR,ERR,ERR,ERR,ERR,ERR,ERR,ERR,ERR,ERR,ERR,ERR,ERR,ERR,ERR,ERR,ERR,ERR,ERR,ERR,ERR,ERR,ERR,ERR,ERR,ERR,ERR,ERR,ERR,ERR,50.0,60.0,100,0.0,0.0,0.0,0.0,0.0,0.0,0.0,0.0,0.0,0.0,0.0,0.0,0.0,0.0,0.0,0.0,61.6,64,20,65521,50,65476,0,300,0,0,8,20529,65476,0,0,26214,60.0,0.0,0.0,0.0,0.0,0.0
2026-05-17T16:32:55,ERR,ERR,ERR,ERR,ERR,ERR,ERR,ERR,ERR,ERR,ERR,ERR,ERR,ERR,ERR,ERR,ERR,ERR,ERR,ERR,ERR,ERR,ERR,ERR,ERR,ERR,ERR,ERR,ERR,ERR,ERR,ERR,ERR,ERR,ERR,ERR,ERR,ERR,ERR,ERR,ERR,ERR,ERR,ERR,ERR,ERR,ERR,ERR,ERR,ERR,ERR,ERR,ERR,ERR,ERR,ERR,ERR,ERR,ERR,ERR,ERR,ERR,ERR,ERR,ERR,ERR,ERR,ERR,ERR,ERR,ERR,ERR,ERR,ERR,ERR,ERR,ERR,ERR,ERR,ERR,ERR,ERR,ERR,ERR,ERR,ERR,ERR,ERR,ERR,ERR,ERR,ERR,ERR,ERR,ERR,ERR,ERR,ERR,ERR,ERR,ERR,ERR,ERR,ERR,ERR,ERR,ERR,ERR,ERR,ERR,ERR,ERR,ERR,ERR,ERR,ERR,ERR,ERR,ERR,ERR,ERR,ERR,ERR,ERR,ERR,0.0,-107615288.0,-0.0,0.0,0.0,1.3936040501711995e+18,7.805,0.0,0,0,4,0,8422,0.0,45,0.0,0.0,0.0,0.0,0.0,0,0,0,0,0.0,0,0,0,0,0,0,0,0,0,0,0,0,0,0,0,0,0,0,0,0,0,0,0,0,0,0,0,0,0,0,0,0,0,38,14,7,45,65476,0,300,0,0,8,21553,0.0,-107605600.0,0.0,0.0,0.0,0.0,0.0,0.0,0.0,0.0,0.0,0.0,0.0,0.0,0.0,0.0,0.0,0.0,0.0,0.0,0.0,0.0,0.0,-2.004,-2.004,0.0,0.0,0.0,0.0,0.0,5006.0,0.0,0.0,0.0,-107615288.0,0.0,-0.0,0.0,0.0,0.0,0.0,53,3.222028592685471e+26,-0.0,0.0,0.0,0.0,0.0,0.0,0.0,0.0,0,0,0,0.0,0.0,0.0,0.0,0.0,0.0,0.0,0.0,0.0,0.0,0.0,0.0,0.0,0.0,0.0,0.0,0,-107875648.0,53,0.0,106,-107614832.0,-107350944.0,ERR,ERR,ERR,ERR,ERR,ERR,ERR,ERR,ERR,ERR,ERR,ERR,ERR,ERR,ERR,ERR,ERR,ERR,ERR,ERR,ERR,ERR,ERR,ERR,ERR,ERR,ERR,ERR,ERR,ERR,ERR,ERR,ERR,ERR,ERR,ERR,ERR,ERR,ERR,ERR,ERR,ERR,ERR,ERR,ERR,ERR,ERR,ERR,ERR,ERR,ERR,ERR,ERR,ERR,ERR,ERR,ERR,ERR,ERR,ERR,ERR,ERR,ERR,ERR,ERR,ERR,ERR,50.0,60.0,100,0.0,0.0,0.0,0.0,0.0,0.0,0.0,0.0,0.0,0.0,0.0,0.0,0.0,0.0,0.0,0.0,61.6,64,20,65521,50,65476,0,300,0,0,8,20529,65476,0,0,26214,60.0,0.0,0.0,0.0,0.0,0.0
2026-05-17T16:32:56,ERR,ERR,ERR,ERR,ERR,ERR,ERR,ERR,ERR,ERR,ERR,ERR,ERR,ERR,ERR,ERR,ERR,ERR,ERR,ERR,ERR,ERR,ERR,ERR,ERR,ERR,ERR,ERR,ERR,ERR,ERR,ERR,ERR,ERR,ERR,ERR,ERR,ERR,ERR,ERR,ERR,ERR,ERR,ERR,ERR,ERR,ERR,ERR,ERR,ERR,ERR,ERR,ERR,ERR,ERR,ERR,ERR,ERR,ERR,ERR,ERR,ERR,ERR,ERR,ERR,ERR,ERR,ERR,ERR,ERR,ERR,ERR,ERR,ERR,ERR,ERR,ERR,ERR,ERR,ERR,ERR,ERR,ERR,ERR,ERR,ERR,ERR,ERR,ERR,ERR,ERR,ERR,ERR,ERR,ERR,ERR,ERR,ERR,ERR,ERR,ERR,ERR,ERR,ERR,ERR,ERR,ERR,ERR,ERR,ERR,ERR,ERR,ERR,ERR,ERR,ERR,ERR,ERR,ERR,ERR,ERR,ERR,ERR,ERR,ERR,0.0,-107615288.0,-0.0,0.0,0.0,1.3936040501711995e+18,7.805,0.0,0,0,4,0,8422,0.0,45,0.0,0.0,0.0,0.0,0.0,0,0,0,0,0.0,0,0,0,0,0,0,0,0,0,0,0,0,0,0,0,0,0,0,0,0,0,0,0,0,0,0,0,0,0,0,0,0,0,38,14,7,45,65476,0,300,0,0,8,21553,0.0,-107605600.0,0.0,0.0,0.0,0.0,0.0,0.0,0.0,0.0,0.0,0.0,0.0,0.0,0.0,0.0,0.0,0.0,0.0,0.0,0.0,0.0,0.0,-2.004,-2.004,0.0,0.0,0.0,0.0,0.0,5006.0,0.0,0.0,0.0,-107615288.0,0.0,-0.0,0.0,0.0,0.0,0.0,53,3.222028592685471e+26,-0.0,0.0,0.0,0.0,0.0,0.0,0.0,0.0,0,0,0,0.0,0.0,0.0,0.0,0.0,0.0,0.0,0.0,0.0,0.0,0.0,0.0,0.0,0.0,0.0,0.0,0,-107875648.0,53,0.0,106,-107614832.0,-107350944.0,ERR,ERR,ERR,ERR,ERR,ERR,ERR,ERR,ERR,ERR,ERR,ERR,ERR,ERR,ERR,ERR,ERR,ERR,ERR,ERR,ERR,ERR,ERR,ERR,ERR,ERR,ERR,ERR,ERR,ERR,ERR,ERR,ERR,ERR,ERR,ERR,ERR,ERR,ERR,ERR,ERR,ERR,ERR,ERR,ERR,ERR,ERR,ERR,ERR,ERR,ERR,ERR,ERR,ERR,ERR,ERR,ERR,ERR,ERR,ERR,ERR,ERR,ERR,ERR,ERR,ERR,ERR,50.0,60.0,100,0.0,0.0,0.0,0.0,0.0,0.0,0.0,0.0,0.0,0.0,0.0,0.0,0.0,0.0,0.0,0.0,62.0,64,20,65521,50,65476,0,300,0,0,8,20529,65476,0,0,26214,60.0,0.0,0.0,0.0,0.0,0.0
2026-05-17T16:32:57,ERR,ERR,ERR,ERR,ERR,ERR,ERR,ERR,ERR,ERR,ERR,ERR,ERR,ERR,ERR,ERR,ERR,ERR,ERR,ERR,ERR,ERR,ERR,ERR,ERR,ERR,ERR,ERR,ERR,ERR,ERR,ERR,ERR,ERR,ERR,ERR,ERR,ERR,ERR,ERR,ERR,ERR,ERR,ERR,ERR,ERR,ERR,ERR,ERR,ERR,ERR,ERR,ERR,ERR,ERR,ERR,ERR,ERR,ERR,ERR,ERR,ERR,ERR,ERR,ERR,ERR,ERR,ERR,ERR,ERR,ERR,ERR,ERR,ERR,ERR,ERR,ERR,ERR,ERR,ERR,ERR,ERR,ERR,ERR,ERR,ERR,ERR,ERR,ERR,ERR,ERR,ERR,ERR,ERR,ERR,ERR,ERR,ERR,ERR,ERR,ERR,ERR,ERR,ERR,ERR,ERR,ERR,ERR,ERR,ERR,ERR,ERR,ERR,ERR,ERR,ERR,ERR,ERR,ERR,ERR,ERR,ERR,ERR,ERR,ERR,0.0,-107615288.0,-0.0,0.0,0.0,1.3936040501711995e+18,7.805,0.0,0,0,4,0,8422,0.0,45,0.0,0.0,0.0,0.0,0.0,0,0,0,0,0.0,0,0,0,0,0,0,0,0,0,0,0,0,0,0,0,0,0,0,0,0,0,0,0,0,0,0,0,0,0,0,0,0,0,38,14,7,45,65476,0,300,0,0,8,21553,0.0,-107605600.0,0.0,0.0,0.0,0.0,0.0,0.0,0.0,0.0,0.0,0.0,0.0,0.0,0.0,0.0,0.0,0.0,0.0,0.0,0.0,0.0,0.0,-2.004,-2.004,0.0,0.0,0.0,0.0,0.0,5006.0,0.0,0.0,0.0,-107615288.0,0.0,-0.0,0.0,0.0,0.0,0.0,53,3.222028592685471e+26,-0.0,0.0,0.0,0.0,0.0,0.0,0.0,0.0,0,0,0,0.0,0.0,0.0,0.0,0.0,0.0,0.0,0.0,0.0,0.0,0.0,0.0,0.0,0.0,0.0,0.0,0,-107875648.0,53,0.0,106,-107614832.0,-107350944.0,ERR,ERR,ERR,ERR,ERR,ERR,ERR,ERR,ERR,ERR,ERR,ERR,ERR,ERR,ERR,ERR,ERR,ERR,ERR,ERR,ERR,ERR,ERR,ERR,ERR,ERR,ERR,ERR,ERR,ERR,ERR,ERR,ERR,ERR,ERR,ERR,ERR,ERR,ERR,ERR,ERR,ERR,ERR,ERR,ERR,ERR,ERR,ERR,ERR,ERR,ERR,ERR,ERR,ERR,ERR,ERR,ERR,ERR,ERR,ERR,ERR,ERR,ERR,ERR,ERR,ERR,ERR,50.0,60.0,100,0.0,0.0,0.0,0.0,0.0,0.0,0.0,0.0,0.0,0.0,0.0,0.0,0.0,0.0,0.0,0.0,61.6,64,20,65521,50,65476,0,300,0,0,8,20529,65476,0,0,26214,60.0,0.0,0.0,0.0,0.0,0.0
2026-05-17T16:32:58,ERR,ERR,ERR,ERR,ERR,ERR,ERR,ERR,ERR,ERR,ERR,ERR,ERR,ERR,ERR,ERR,ERR,ERR,ERR,ERR,ERR,ERR,ERR,ERR,ERR,ERR,ERR,ERR,ERR,ERR,ERR,ERR,ERR,ERR,ERR,ERR,ERR,ERR,ERR,ERR,ERR,ERR,ERR,ERR,ERR,ERR,ERR,ERR,ERR,ERR,ERR,ERR,ERR,ERR,ERR,ERR,ERR,ERR,ERR,ERR,ERR,ERR,ERR,ERR,ERR,ERR,ERR,ERR,ERR,ERR,ERR,ERR,ERR,ERR,ERR,ERR,ERR,ERR,ERR,ERR,ERR,ERR,ERR,ERR,ERR,ERR,ERR,ERR,ERR,ERR,ERR,ERR,ERR,ERR,ERR,ERR,ERR,ERR,ERR,ERR,ERR,ERR,ERR,ERR,ERR,ERR,ERR,ERR,ERR,ERR,ERR,ERR,ERR,ERR,ERR,ERR,ERR,ERR,ERR,ERR,ERR,ERR,ERR,ERR,ERR,0.0,-107615288.0,-0.0,0.0,0.0,1.3936040501711995e+18,7.805,0.0,0,0,4,0,8422,0.0,45,0.0,0.0,0.0,0.0,0.0,0,0,0,0,0.0,0,0,0,0,0,0,0,0,0,0,0,0,0,0,0,0,0,0,0,0,0,0,0,0,0,0,0,0,0,0,0,0,0,38,14,7,45,65476,0,300,0,0,8,21553,0.0,-107605600.0,0.0,0.0,0.0,0.0,0.0,0.0,0.0,0.0,0.0,0.0,0.0,0.0,0.0,0.0,0.0,0.0,0.0,0.0,0.0,0.0,0.0,-2.004,-2.004,0.0,0.0,0.0,0.0,0.0,5006.0,0.0,0.0,0.0,-107615288.0,0.0,-0.0,0.0,0.0,0.0,0.0,53,3.222028592685471e+26,-0.0,0.0,0.0,0.0,0.0,0.0,0.0,0.0,0,0,0,0.0,0.0,0.0,0.0,0.0,0.0,0.0,0.0,0.0,0.0,0.0,0.0,0.0,0.0,0.0,0.0,0,-107875648.0,53,0.0,106,-107614832.0,-107350944.0,ERR,ERR,ERR,ERR,ERR,ERR,ERR,ERR,ERR,ERR,ERR,ERR,ERR,ERR,ERR,ERR,ERR,ERR,ERR,ERR,ERR,ERR,ERR,ERR,ERR,ERR,ERR,ERR,ERR,ERR,ERR,ERR,ERR,ERR,ERR,ERR,ERR,ERR,ERR,ERR,ERR,ERR,ERR,ERR,ERR,ERR,ERR,ERR,ERR,ERR,ERR,ERR,ERR,ERR,ERR,ERR,ERR,ERR,ERR,ERR,ERR,ERR,ERR,ERR,ERR,ERR,ERR,50.0,60.0,100,0.0,0.0,0.0,0.0,0.0,0.0,0.0,0.0,0.0,0.0,0.0,0.0,0.0,0.0,0.0,0.0,61.6,64,20,65521,50,65476,0,300,0,0,8,20529,65476,0,0,26214,60.0,0.0,0.0,0.0,0.0,0.0
2026-05-17T16:32:59,ERR,ERR,ERR,ERR,ERR,ERR,ERR,ERR,ERR,ERR,ERR,ERR,ERR,ERR,ERR,ERR,ERR,ERR,ERR,ERR,ERR,ERR,ERR,ERR,ERR,ERR,ERR,ERR,ERR,ERR,ERR,ERR,ERR,ERR,ERR,ERR,ERR,ERR,ERR,ERR,ERR,ERR,ERR,ERR,ERR,ERR,ERR,ERR,ERR,ERR,ERR,ERR,ERR,ERR,ERR,ERR,ERR,ERR,ERR,ERR,ERR,ERR,ERR,ERR,ERR,ERR,ERR,ERR,ERR,ERR,ERR,ERR,ERR,ERR,ERR,ERR,ERR,ERR,ERR,ERR,ERR,ERR,ERR,ERR,ERR,ERR,ERR,ERR,ERR,ERR,ERR,ERR,ERR,ERR,ERR,ERR,ERR,ERR,ERR,ERR,ERR,ERR,ERR,ERR,ERR,ERR,ERR,ERR,ERR,ERR,ERR,ERR,ERR,ERR,ERR,ERR,ERR,ERR,ERR,ERR,ERR,ERR,ERR,ERR,ERR,0.0,-107615288.0,-0.0,0.0,0.0,1.3936040501711995e+18,7.805,0.0,0,0,4,0,8422,0.0,45,0.0,0.0,0.0,0.0,0.0,0,0,0,0,0.0,0,0,0,0,0,0,0,0,0,0,0,0,0,0,0,0,0,0,0,0,0,0,0,0,0,0,0,0,0,0,0,0,0,38,14,7,45,65476,0,300,0,0,8,21553,0.0,-107605600.0,0.0,0.0,0.0,0.0,0.0,0.0,0.0,0.0,0.0,0.0,0.0,0.0,0.0,0.0,0.0,0.0,0.0,0.0,0.0,0.0,0.0,-2.004,-2.004,0.0,0.0,0.0,0.0,0.0,4976.0,-1.587929164219617e+29,0.0,0.0,-107615288.0,0.0,-0.0,0.0,0.0,0.0,0.0,53,2.3088403658719416e+20,-0.0,0.0,0.0,0.0,0.0,0.0,0.0,0.0,0,0,0,0.0,0.0,0.0,0.0,0.0,0.0,0.0,0.0,0.0,0.0,0.0,0.0,0.0,0.0,0.0,0.0,0,-107875648.0,53,0.0,106,-107614832.0,2.7006707062415038e+23,ERR,ERR,ERR,ERR,ERR,ERR,ERR,ERR,ERR,ERR,ERR,ERR,ERR,ERR,ERR,ERR,ERR,ERR,ERR,ERR,ERR,ERR,ERR,ERR,ERR,ERR,ERR,ERR,ERR,ERR,ERR,ERR,ERR,ERR,ERR,ERR,ERR,ERR,ERR,ERR,ERR,ERR,ERR,ERR,ERR,ERR,ERR,ERR,ERR,ERR,ERR,ERR,ERR,ERR,ERR,ERR,ERR,ERR,ERR,ERR,ERR,ERR,ERR,ERR,ERR,ERR,ERR,50.0,60.0,100,0.0,0.0,0.0,0.0,0.0,0.0,0.0,0.0,0.0,0.0,0.0,0.0,0.0,0.0,0.0,0.0,61.6,64,20,65521,50,65476,0,300,0,0,8,20529,65476,0,0,26214,60.0,0.0,0.0,0.0,0.0,0.0
2026-05-17T16:33:00,ERR,ERR,ERR,ERR,ERR,ERR,ERR,ERR,ERR,ERR,ERR,ERR,ERR,ERR,ERR,ERR,ERR,ERR,ERR,ERR,ERR,ERR,ERR,ERR,ERR,ERR,ERR,ERR,ERR,ERR,ERR,ERR,ERR,ERR,ERR,ERR,ERR,ERR,ERR,ERR,ERR,ERR,ERR,ERR,ERR,ERR,ERR,ERR,ERR,ERR,ERR,ERR,ERR,ERR,ERR,ERR,ERR,ERR,ERR,ERR,ERR,ERR,ERR,ERR,ERR,ERR,ERR,ERR,ERR,ERR,ERR,ERR,ERR,ERR,ERR,ERR,ERR,ERR,ERR,ERR,ERR,ERR,ERR,ERR,ERR,ERR,ERR,ERR,ERR,ERR,ERR,ERR,ERR,ERR,ERR,ERR,ERR,ERR,ERR,ERR,ERR,ERR,ERR,ERR,ERR,ERR,ERR,ERR,ERR,ERR,ERR,ERR,ERR,ERR,ERR,ERR,ERR,ERR,ERR,ERR,ERR,ERR,ERR,ERR,ERR,0.0,-107615288.0,-0.0,0.0,0.0,1.3936040501711995e+18,7.805,0.0,0,0,4,0,8422,0.0,45,0.0,0.0,0.0,0.0,0.0,0,0,0,0,0.0,0,0,0,0,0,0,0,0,0,0,0,0,0,0,0,0,0,0,0,0,0,0,0,0,0,0,0,0,0,0,0,0,0,38,14,7,45,65476,0,300,0,0,8,21553,0.0,-107605600.0,0.0,0.0,0.0,0.0,0.0,0.0,0.0,0.0,0.0,0.0,0.0,0.0,0.0,0.0,0.0,0.0,0.0,0.0,0.0,0.0,0.0,-2.004,-2.004,0.0,0.0,0.0,0.0,0.0,4976.0,-1.587929164219617e+29,0.0,0.0,-107615288.0,0.0,-0.0,0.0,0.0,0.0,0.0,53,2.3088403658719416e+20,-0.0,0.0,0.0,0.0,0.0,0.0,0.0,0.0,0,0,0,0.0,0.0,0.0,0.0,0.0,0.0,0.0,0.0,0.0,0.0,0.0,0.0,0.0,0.0,0.0,0.0,0,-107875648.0,53,0.0,106,-107614832.0,2.7006707062415038e+23,ERR,ERR,ERR,ERR,ERR,ERR,ERR,ERR,ERR,ERR,ERR,ERR,ERR,ERR,ERR,ERR,ERR,ERR,ERR,ERR,ERR,ERR,ERR,ERR,ERR,ERR,ERR,ERR,ERR,ERR,ERR,ERR,ERR,ERR,ERR,ERR,ERR,ERR,ERR,ERR,ERR,ERR,ERR,ERR,ERR,ERR,ERR,ERR,ERR,ERR,ERR,ERR,ERR,ERR,ERR,ERR,ERR,ERR,ERR,ERR,ERR,ERR,ERR,ERR,ERR,ERR,ERR,50.0,60.0,100,0.0,0.0,0.0,0.0,0.0,0.0,0.0,0.0,0.0,0.0,0.0,0.0,0.0,0.0,0.0,0.0,61.6,64,20,65521,50,65476,0,300,0,0,8,20529,65476,0,0,26214,60.0,0.0,0.0,0.0,0.0,0.0
2026-05-17T16:33:01,ERR,ERR,ERR,ERR,ERR,ERR,ERR,ERR,ERR,ERR,ERR,ERR,ERR,ERR,ERR,ERR,ERR,ERR,ERR,ERR,ERR,ERR,ERR,ERR,ERR,ERR,ERR,ERR,ERR,ERR,ERR,ERR,ERR,ERR,ERR,ERR,ERR,ERR,ERR,ERR,ERR,ERR,ERR,ERR,ERR,ERR,ERR,ERR,ERR,ERR,ERR,ERR,ERR,ERR,ERR,ERR,ERR,ERR,ERR,ERR,ERR,ERR,ERR,ERR,ERR,ERR,ERR,ERR,ERR,ERR,ERR,ERR,ERR,ERR,ERR,ERR,ERR,ERR,ERR,ERR,ERR,ERR,ERR,ERR,ERR,ERR,ERR,ERR,ERR,ERR,ERR,ERR,ERR,ERR,ERR,ERR,ERR,ERR,ERR,ERR,ERR,ERR,ERR,ERR,ERR,ERR,ERR,ERR,ERR,ERR,ERR,ERR,ERR,ERR,ERR,ERR,ERR,ERR,ERR,ERR,ERR,ERR,ERR,ERR,ERR,0.0,-107615288.0,-0.0,0.0,0.0,1.3936040501711995e+18,7.805,0.0,0,0,4,0,8422,0.0,45,0.0,0.0,0.0,0.0,0.0,0,0,0,0,0.0,0,0,0,0,0,0,0,0,0,0,0,0,0,0,0,0,0,0,0,0,0,0,0,0,0,0,0,0,0,0,0,0,0,38,14,7,45,65476,0,300,0,0,8,21553,0.0,-107605600.0,0.0,0.0,0.0,0.0,0.0,0.0,0.0,0.0,0.0,0.0,0.0,0.0,0.0,0.0,0.0,0.0,0.0,0.0,0.0,0.0,0.0,-2.004,-2.004,0.0,0.0,0.0,0.0,0.0,4976.0,-1.587929164219617e+29,0.0,0.0,-107615288.0,0.0,-0.0,0.0,0.0,0.0,0.0,53,2.3088403658719416e+20,-0.0,0.0,0.0,0.0,0.0,0.0,0.0,0.0,0,0,0,0.0,0.0,0.0,0.0,0.0,0.0,0.0,0.0,0.0,0.0,0.0,0.0,0.0,0.0,0.0,0.0,0,-107875648.0,53,0.0,106,-107614832.0,2.7006707062415038e+23,ERR,ERR,ERR,ERR,ERR,ERR,ERR,ERR,ERR,ERR,ERR,ERR,ERR,ERR,ERR,ERR,ERR,ERR,ERR,ERR,ERR,ERR,ERR,ERR,ERR,ERR,ERR,ERR,ERR,ERR,ERR,ERR,ERR,ERR,ERR,ERR,ERR,ERR,ERR,ERR,ERR,ERR,ERR,ERR,ERR,ERR,ERR,ERR,ERR,ERR,ERR,ERR,ERR,ERR,ERR,ERR,ERR,ERR,ERR,ERR,ERR,ERR,ERR,ERR,ERR,ERR,ERR,50.0,60.0,100,0.0,0.0,0.0,0.0,0.0,0.0,0.0,0.0,0.0,0.0,0.0,0.0,0.0,0.0,0.0,0.0,61.6,64,20,65521,50,65476,0,300,0,0,8,20529,65476,0,0,26214,60.0,0.0,0.0,0.0,0.0,0.0
2026-05-17T16:33:02,ERR,ERR,ERR,ERR,ERR,ERR,ERR,ERR,ERR,ERR,ERR,ERR,ERR,ERR,ERR,ERR,ERR,ERR,ERR,ERR,ERR,ERR,ERR,ERR,ERR,ERR,ERR,ERR,ERR,ERR,ERR,ERR,ERR,ERR,ERR,ERR,ERR,ERR,ERR,ERR,ERR,ERR,ERR,ERR,ERR,ERR,ERR,ERR,ERR,ERR,ERR,ERR,ERR,ERR,ERR,ERR,ERR,ERR,ERR,ERR,ERR,ERR,ERR,ERR,ERR,ERR,ERR,ERR,ERR,ERR,ERR,ERR,ERR,ERR,ERR,ERR,ERR,ERR,ERR,ERR,ERR,ERR,ERR,ERR,ERR,ERR,ERR,ERR,ERR,ERR,ERR,ERR,ERR,ERR,ERR,ERR,ERR,ERR,ERR,ERR,ERR,ERR,ERR,ERR,ERR,ERR,ERR,ERR,ERR,ERR,ERR,ERR,ERR,ERR,ERR,ERR,ERR,ERR,ERR,ERR,ERR,ERR,ERR,ERR,ERR,0.0,-107615288.0,-0.0,0.0,0.0,1.3936040501711995e+18,7.805,0.0,0,0,4,0,8422,0.0,45,0.0,0.0,0.0,0.0,0.0,0,0,0,0,0.0,0,0,0,0,0,0,0,0,0,0,0,0,0,0,0,0,0,0,0,0,0,0,0,0,0,0,0,0,0,0,0,0,0,38,14,7,45,65476,0,300,0,0,8,21553,0.0,-107605600.0,0.0,0.0,0.0,0.0,0.0,0.0,0.0,0.0,0.0,0.0,0.0,0.0,0.0,0.0,0.0,0.0,0.0,0.0,0.0,0.0,0.0,-2.004,-2.004,0.0,0.0,0.0,0.0,0.0,4976.0,-1.587929164219617e+29,0.0,0.0,-107615288.0,0.0,-0.0,0.0,0.0,0.0,0.0,53,2.3088403658719416e+20,-0.0,0.0,0.0,0.0,0.0,0.0,0.0,0.0,0,0,0,0.0,0.0,0.0,0.0,0.0,0.0,0.0,0.0,0.0,0.0,0.0,0.0,0.0,0.0,0.0,0.0,0,-107875648.0,53,0.0,106,-107614832.0,2.7006707062415038e+23,ERR,ERR,ERR,ERR,ERR,ERR,ERR,ERR,ERR,ERR,ERR,ERR,ERR,ERR,ERR,ERR,ERR,ERR,ERR,ERR,ERR,ERR,ERR,ERR,ERR,ERR,ERR,ERR,ERR,ERR,ERR,ERR,ERR,ERR,ERR,ERR,ERR,ERR,ERR,ERR,ERR,ERR,ERR,ERR,ERR,ERR,ERR,ERR,ERR,ERR,ERR,ERR,ERR,ERR,ERR,ERR,ERR,ERR,ERR,ERR,ERR,ERR,ERR,ERR,ERR,ERR,ERR,50.0,60.0,100,0.0,0.0,0.0,0.0,0.0,0.0,0.0,0.0,0.0,0.0,0.0,0.0,0.0,0.0,0.0,0.0,61.6,64,20,65521,50,65476,0,300,0,0,8,20529,65476,0,0,26214,60.0,0.0,0.0,0.0,0.0,0.0
2026-05-17T16:33:03,ERR,ERR,ERR,ERR,ERR,ERR,ERR,ERR,ERR,ERR,ERR,ERR,ERR,ERR,ERR,ERR,ERR,ERR,ERR,ERR,ERR,ERR,ERR,ERR,ERR,ERR,ERR,ERR,ERR,ERR,ERR,ERR,ERR,ERR,ERR,ERR,ERR,ERR,ERR,ERR,ERR,ERR,ERR,ERR,ERR,ERR,ERR,ERR,ERR,ERR,ERR,ERR,ERR,ERR,ERR,ERR,ERR,ERR,ERR,ERR,ERR,ERR,ERR,ERR,ERR,ERR,ERR,ERR,ERR,ERR,ERR,ERR,ERR,ERR,ERR,ERR,ERR,ERR,ERR,ERR,ERR,ERR,ERR,ERR,ERR,ERR,ERR,ERR,ERR,ERR,ERR,ERR,ERR,ERR,ERR,ERR,ERR,ERR,ERR,ERR,ERR,ERR,ERR,ERR,ERR,ERR,ERR,ERR,ERR,ERR,ERR,ERR,ERR,ERR,ERR,ERR,ERR,ERR,ERR,ERR,ERR,ERR,ERR,ERR,ERR,0.0,-107615288.0,-0.0,0.0,0.0,1.3936040501711995e+18,7.805,0.0,0,0,4,0,8422,0.0,45,0.0,0.0,0.0,0.0,0.0,0,0,0,0,0.0,0,0,0,0,0,0,0,0,0,0,0,0,0,0,0,0,0,0,0,0,0,0,0,0,0,0,0,0,0,0,0,0,0,38,14,7,45,65476,0,300,0,0,8,21553,0.0,-107605600.0,0.0,0.0,0.0,0.0,0.0,0.0,0.0,0.0,0.0,0.0,0.0,0.0,0.0,0.0,0.0,0.0,0.0,0.0,0.0,0.0,0.0,-2.004,-2.004,0.0,0.0,0.0,0.0,0.0,4976.0,-1.587929164219617e+29,0.0,0.0,-107615288.0,0.0,-0.0,0.0,0.0,0.0,0.0,53,2.3088403658719416e+20,-0.0,0.0,0.0,0.0,0.0,0.0,0.0,0.0,0,0,0,0.0,0.0,0.0,0.0,0.0,0.0,0.0,0.0,0.0,0.0,0.0,0.0,0.0,0.0,0.0,0.0,0,-107875648.0,53,0.0,106,-107614832.0,2.7006707062415038e+23,ERR,ERR,ERR,ERR,ERR,ERR,ERR,ERR,ERR,ERR,ERR,ERR,ERR,ERR,ERR,ERR,ERR,ERR,ERR,ERR,ERR,ERR,ERR,ERR,ERR,ERR,ERR,ERR,ERR,ERR,ERR,ERR,ERR,ERR,ERR,ERR,ERR,ERR,ERR,ERR,ERR,ERR,ERR,ERR,ERR,ERR,ERR,ERR,ERR,ERR,ERR,ERR,ERR,ERR,ERR,ERR,ERR,ERR,ERR,ERR,ERR,ERR,ERR,ERR,ERR,ERR,ERR,50.0,60.0,100,0.0,0.0,0.0,0.0,0.0,0.0,0.0,0.0,0.0,0.0,0.0,0.0,0.0,0.0,0.0,0.0,61.6,64,20,65521,50,65476,0,300,0,0,8,20529,65476,0,0,26214,60.0,0.0,0.0,0.0,0.0,0.0
2026-05-17T16:33:04,ERR,ERR,ERR,ERR,ERR,ERR,ERR,ERR,ERR,ERR,ERR,ERR,ERR,ERR,ERR,ERR,ERR,ERR,ERR,ERR,ERR,ERR,ERR,ERR,ERR,ERR,ERR,ERR,ERR,ERR,ERR,ERR,ERR,ERR,ERR,ERR,ERR,ERR,ERR,ERR,ERR,ERR,ERR,ERR,ERR,ERR,ERR,ERR,ERR,ERR,ERR,ERR,ERR,ERR,ERR,ERR,ERR,ERR,ERR,ERR,ERR,ERR,ERR,ERR,ERR,ERR,ERR,ERR,ERR,ERR,ERR,ERR,ERR,ERR,ERR,ERR,ERR,ERR,ERR,ERR,ERR,ERR,ERR,ERR,ERR,ERR,ERR,ERR,ERR,ERR,ERR,ERR,ERR,ERR,ERR,ERR,ERR,ERR,ERR,ERR,ERR,ERR,ERR,ERR,ERR,ERR,ERR,ERR,ERR,ERR,ERR,ERR,ERR,ERR,ERR,ERR,ERR,ERR,ERR,ERR,ERR,ERR,ERR,ERR,ERR,0.0,0.0,-134474944.0,0.0,0.0,1.3936040501711995e+18,7.805,0.0,0,0,4,0,8422,0.0,45,0.0,0.0,0.0,0.0,0.0,0,0,0,0,0.0,0,0,0,0,0,0,0,0,0,0,0,0,0,0,0,0,0,0,0,0,0,0,0,0,0,0,0,0,0,0,0,0,0,38,14,7,45,65476,0,300,0,0,8,21553,0.0,-107605600.0,0.0,0.0,0.0,0.0,0.0,0.0,0.0,0.0,0.0,0.0,0.0,0.0,0.0,0.0,0.0,0.0,0.0,0.0,0.0,0.0,0.0,-2.004,-0.0,2.004,0.0,0.0,0.0,0.0,4975.0,-1.587929164219617e+29,0.0,0.0,-107615288.0,0.0,-0.0,0.0,0.0,0.0,0.0,53,1.9056979486756045e+17,-0.0,0.0,0.0,0.0,0.0,0.0,0.0,0.0,0,0,0,0.0,0.0,0.0,0.0,0.0,0.0,0.0,0.0,0.0,0.0,0.0,0.0,0.0,0.0,0.0,0.0,0,-107875648.0,53,0.0,106,-107614832.0,2.7006707062415038e+23,ERR,ERR,ERR,ERR,ERR,ERR,ERR,ERR,ERR,ERR,ERR,ERR,ERR,ERR,ERR,ERR,ERR,ERR,ERR,ERR,ERR,ERR,ERR,ERR,ERR,ERR,ERR,ERR,ERR,ERR,ERR,ERR,ERR,ERR,ERR,ERR,ERR,ERR,ERR,ERR,ERR,ERR,ERR,ERR,ERR,ERR,ERR,ERR,ERR,ERR,ERR,ERR,ERR,ERR,ERR,ERR,ERR,ERR,ERR,ERR,ERR,ERR,ERR,ERR,ERR,ERR,ERR,50.0,60.0,100,0.0,0.0,0.0,0.0,0.0,0.0,0.0,0.0,0.0,0.0,0.0,0.0,0.0,0.0,0.0,0.0,61.6,64,20,65521,50,65476,0,300,0,0,8,20529,65476,0,0,26214,60.0,0.0,0.0,0.0,0.0,0.0
2026-05-17T16:33:05,ERR,ERR,ERR,ERR,ERR,ERR,ERR,ERR,ERR,ERR,ERR,ERR,ERR,ERR,ERR,ERR,ERR,ERR,ERR,ERR,ERR,ERR,ERR,ERR,ERR,ERR,ERR,ERR,ERR,ERR,ERR,ERR,ERR,ERR,ERR,ERR,ERR,ERR,ERR,ERR,ERR,ERR,ERR,ERR,ERR,ERR,ERR,ERR,ERR,ERR,ERR,ERR,ERR,ERR,ERR,ERR,ERR,ERR,ERR,ERR,ERR,ERR,ERR,ERR,ERR,ERR,ERR,ERR,ERR,ERR,ERR,ERR,ERR,ERR,ERR,ERR,ERR,ERR,ERR,ERR,ERR,ERR,ERR,ERR,ERR,ERR,ERR,ERR,ERR,ERR,ERR,ERR,ERR,ERR,ERR,ERR,ERR,ERR,ERR,ERR,ERR,ERR,ERR,ERR,ERR,ERR,ERR,ERR,ERR,ERR,ERR,ERR,ERR,ERR,ERR,ERR,ERR,ERR,ERR,ERR,ERR,ERR,ERR,ERR,ERR,0.0,0.0,-134474944.0,0.0,0.0,1.3936040501711995e+18,7.805,0.0,0,0,4,0,8422,0.0,45,0.0,0.0,0.0,0.0,0.0,0,0,0,0,0.0,0,0,0,0,0,0,0,0,0,0,0,0,0,0,0,0,0,0,0,0,0,0,0,0,0,0,0,0,0,0,0,0,0,38,14,7,45,65476,0,300,0,0,8,21553,0.0,-107605600.0,0.0,0.0,0.0,0.0,0.0,0.0,0.0,0.0,0.0,0.0,0.0,0.0,0.0,0.0,0.0,0.0,0.0,0.0,0.0,0.0,0.0,-2.004,-0.0,2.004,0.0,0.0,0.0,0.0,4975.0,-1.587929164219617e+29,0.0,0.0,-107615288.0,0.0,-0.0,0.0,0.0,0.0,0.0,53,1.9056979486756045e+17,-0.0,0.0,0.0,0.0,0.0,0.0,0.0,0.0,0,0,0,0.0,0.0,0.0,0.0,0.0,0.0,0.0,0.0,0.0,0.0,0.0,0.0,0.0,0.0,0.0,0.0,0,-107875648.0,53,0.0,106,-107614832.0,2.7006707062415038e+23,ERR,ERR,ERR,ERR,ERR,ERR,ERR,ERR,ERR,ERR,ERR,ERR,ERR,ERR,ERR,ERR,ERR,ERR,ERR,ERR,ERR,ERR,ERR,ERR,ERR,ERR,ERR,ERR,ERR,ERR,ERR,ERR,ERR,ERR,ERR,ERR,ERR,ERR,ERR,ERR,ERR,ERR,ERR,ERR,ERR,ERR,ERR,ERR,ERR,ERR,ERR,ERR,ERR,ERR,ERR,ERR,ERR,ERR,ERR,ERR,ERR,ERR,ERR,ERR,ERR,ERR,ERR,50.0,60.0,100,0.0,0.0,0.0,0.0,0.0,0.0,0.0,0.0,0.0,0.0,0.0,0.0,0.0,0.0,0.0,0.0,61.6,64,20,65521,50,65476,0,300,0,0,8,20529,65476,0,0,26214,60.0,0.0,0.0,0.0,0.0,0.0
2026-05-17T16:33:06,ERR,ERR,ERR,ERR,ERR,ERR,ERR,ERR,ERR,ERR,ERR,ERR,ERR,ERR,ERR,ERR,ERR,ERR,ERR,ERR,ERR,ERR,ERR,ERR,ERR,ERR,ERR,ERR,ERR,ERR,ERR,ERR,ERR,ERR,ERR,ERR,ERR,ERR,ERR,ERR,ERR,ERR,ERR,ERR,ERR,ERR,ERR,ERR,ERR,ERR,ERR,ERR,ERR,ERR,ERR,ERR,ERR,ERR,ERR,ERR,ERR,ERR,ERR,ERR,ERR,ERR,ERR,ERR,ERR,ERR,ERR,ERR,ERR,ERR,ERR,ERR,ERR,ERR,ERR,ERR,ERR,ERR,ERR,ERR,ERR,ERR,ERR,ERR,ERR,ERR,ERR,ERR,ERR,ERR,ERR,ERR,ERR,ERR,ERR,ERR,ERR,ERR,ERR,ERR,ERR,ERR,ERR,ERR,ERR,ERR,ERR,ERR,ERR,ERR,ERR,ERR,ERR,ERR,ERR,ERR,ERR,ERR,ERR,ERR,ERR,0.0,0.0,-134474944.0,0.0,0.0,1.3936040501711995e+18,7.805,0.0,0,0,4,0,8422,0.0,45,0.0,0.0,0.0,0.0,0.0,0,0,0,0,0.0,0,0,0,0,0,0,0,0,0,0,0,0,0,0,0,0,0,0,0,0,0,0,0,0,0,0,0,0,0,0,0,0,0,38,14,7,45,65476,0,300,0,0,8,21553,0.0,-107605600.0,0.0,0.0,0.0,0.0,0.0,0.0,0.0,0.0,0.0,0.0,0.0,0.0,0.0,0.0,0.0,0.0,0.0,0.0,0.0,0.0,0.0,-2.004,-0.0,2.004,0.0,0.0,0.0,0.0,4975.0,-1.587929164219617e+29,0.0,0.0,-107615288.0,0.0,-0.0,0.0,0.0,0.0,0.0,53,1.9056979486756045e+17,-0.0,0.0,0.0,0.0,0.0,0.0,0.0,0.0,0,0,0,0.0,0.0,0.0,0.0,0.0,0.0,0.0,0.0,0.0,0.0,0.0,0.0,0.0,0.0,0.0,0.0,0,-107875648.0,53,0.0,106,-107614832.0,2.7006707062415038e+23,ERR,ERR,ERR,ERR,ERR,ERR,ERR,ERR,ERR,ERR,ERR,ERR,ERR,ERR,ERR,ERR,ERR,ERR,ERR,ERR,ERR,ERR,ERR,ERR,ERR,ERR,ERR,ERR,ERR,ERR,ERR,ERR,ERR,ERR,ERR,ERR,ERR,ERR,ERR,ERR,ERR,ERR,ERR,ERR,ERR,ERR,ERR,ERR,ERR,ERR,ERR,ERR,ERR,ERR,ERR,ERR,ERR,ERR,ERR,ERR,ERR,ERR,ERR,ERR,ERR,ERR,ERR,50.0,60.0,100,0.0,0.0,0.0,0.0,0.0,0.0,0.0,0.0,0.0,0.0,0.0,0.0,0.0,0.0,0.0,0.0,61.6,64,20,65521,50,65476,0,300,0,0,8,20529,65476,0,0,26214,60.0,0.0,0.0,0.0,0.0,0.0
2026-05-17T16:33:07,ERR,ERR,ERR,ERR,ERR,ERR,ERR,ERR,ERR,ERR,ERR,ERR,ERR,ERR,ERR,ERR,ERR,ERR,ERR,ERR,ERR,ERR,ERR,ERR,ERR,ERR,ERR,ERR,ERR,ERR,ERR,ERR,ERR,ERR,ERR,ERR,ERR,ERR,ERR,ERR,ERR,ERR,ERR,ERR,ERR,ERR,ERR,ERR,ERR,ERR,ERR,ERR,ERR,ERR,ERR,ERR,ERR,ERR,ERR,ERR,ERR,ERR,ERR,ERR,ERR,ERR,ERR,ERR,ERR,ERR,ERR,ERR,ERR,ERR,ERR,ERR,ERR,ERR,ERR,ERR,ERR,ERR,ERR,ERR,ERR,ERR,ERR,ERR,ERR,ERR,ERR,ERR,ERR,ERR,ERR,ERR,ERR,ERR,ERR,ERR,ERR,ERR,ERR,ERR,ERR,ERR,ERR,ERR,ERR,ERR,ERR,ERR,ERR,ERR,ERR,ERR,ERR,ERR,ERR,ERR,ERR,ERR,ERR,ERR,ERR,0.0,0.0,-134474944.0,0.0,0.0,1.3936040501711995e+18,7.805,0.0,0,0,4,0,8422,0.0,45,0.0,0.0,0.0,0.0,0.0,0,0,0,0,0.0,0,0,0,0,0,0,0,0,0,0,0,0,0,0,0,0,0,0,0,0,0,0,0,0,0,0,0,0,0,0,0,0,0,38,14,7,45,65476,0,300,0,0,8,21553,0.0,-107605600.0,0.0,0.0,0.0,0.0,0.0,0.0,0.0,0.0,0.0,0.0,0.0,0.0,0.0,0.0,0.0,0.0,0.0,0.0,0.0,0.0,0.0,-2.004,-0.0,2.004,0.0,0.0,0.0,0.0,4975.0,-1.587929164219617e+29,0.0,0.0,-107615288.0,0.0,-0.0,0.0,0.0,0.0,0.0,53,1.9056979486756045e+17,-0.0,0.0,0.0,0.0,0.0,0.0,0.0,0.0,0,0,0,0.0,0.0,0.0,0.0,0.0,0.0,0.0,0.0,0.0,0.0,0.0,0.0,0.0,0.0,0.0,0.0,0,-107875648.0,53,0.0,106,-107614832.0,2.7006707062415038e+23,ERR,ERR,ERR,ERR,ERR,ERR,ERR,ERR,ERR,ERR,ERR,ERR,ERR,ERR,ERR,ERR,ERR,ERR,ERR,ERR,ERR,ERR,ERR,ERR,ERR,ERR,ERR,ERR,ERR,ERR,ERR,ERR,ERR,ERR,ERR,ERR,ERR,ERR,ERR,ERR,ERR,ERR,ERR,ERR,ERR,ERR,ERR,ERR,ERR,ERR,ERR,ERR,ERR,ERR,ERR,ERR,ERR,ERR,ERR,ERR,ERR,ERR,ERR,ERR,ERR,ERR,ERR,50.0,60.0,100,0.0,0.0,0.0,0.0,0.0,0.0,0.0,0.0,0.0,0.0,0.0,0.0,0.0,0.0,0.0,0.0,61.6,64,20,65521,50,65476,0,300,0,0,8,20529,65476,0,0,26214,60.0,0.0,0.0,0.0,0.0,0.0
2026-05-17T16:33:08,ERR,ERR,ERR,ERR,ERR,ERR,ERR,ERR,ERR,ERR,ERR,ERR,ERR,ERR,ERR,ERR,ERR,ERR,ERR,ERR,ERR,ERR,ERR,ERR,ERR,ERR,ERR,ERR,ERR,ERR,ERR,ERR,ERR,ERR,ERR,ERR,ERR,ERR,ERR,ERR,ERR,ERR,ERR,ERR,ERR,ERR,ERR,ERR,ERR,ERR,ERR,ERR,ERR,ERR,ERR,ERR,ERR,ERR,ERR,ERR,ERR,ERR,ERR,ERR,ERR,ERR,ERR,ERR,ERR,ERR,ERR,ERR,ERR,ERR,ERR,ERR,ERR,ERR,ERR,ERR,ERR,ERR,ERR,ERR,ERR,ERR,ERR,ERR,ERR,ERR,ERR,ERR,ERR,ERR,ERR,ERR,ERR,ERR,ERR,ERR,ERR,ERR,ERR,ERR,ERR,ERR,ERR,ERR,ERR,ERR,ERR,ERR,ERR,ERR,ERR,ERR,ERR,ERR,ERR,ERR,ERR,ERR,ERR,ERR,ERR,0.0,0.0,-134474944.0,0.0,0.0,1.3936040501711995e+18,7.805,0.0,0,0,4,0,8422,0.0,45,0.0,0.0,0.0,0.0,0.0,0,0,0,0,0.0,0,0,0,0,0,0,0,0,0,0,0,0,0,0,0,0,0,0,0,0,0,0,0,0,0,0,0,0,0,0,0,0,0,38,14,7,45,65476,0,300,0,0,8,21553,0.0,-107605600.0,0.0,0.0,0.0,0.0,0.0,0.0,0.0,0.0,0.0,0.0,0.0,0.0,0.0,0.0,0.0,0.0,0.0,0.0,0.0,0.0,0.0,-2.004,-0.0,2.004,0.0,0.0,0.0,0.0,4975.0,-1.587929164219617e+29,0.0,0.0,-107615288.0,0.0,-0.0,0.0,0.0,0.0,0.0,53,1.9056979486756045e+17,-0.0,0.0,0.0,0.0,0.0,0.0,0.0,0.0,0,0,0,0.0,0.0,0.0,0.0,0.0,0.0,0.0,0.0,0.0,0.0,0.0,0.0,0.0,0.0,0.0,0.0,0,-107875648.0,53,0.0,106,-107614832.0,2.7006707062415038e+23,ERR,ERR,ERR,ERR,ERR,ERR,ERR,ERR,ERR,ERR,ERR,ERR,ERR,ERR,ERR,ERR,ERR,ERR,ERR,ERR,ERR,ERR,ERR,ERR,ERR,ERR,ERR,ERR,ERR,ERR,ERR,ERR,ERR,ERR,ERR,ERR,ERR,ERR,ERR,ERR,ERR,ERR,ERR,ERR,ERR,ERR,ERR,ERR,ERR,ERR,ERR,ERR,ERR,ERR,ERR,ERR,ERR,ERR,ERR,ERR,ERR,ERR,ERR,ERR,ERR,ERR,ERR,50.0,60.0,100,0.0,0.0,0.0,0.0,0.0,0.0,0.0,0.0,0.0,0.0,0.0,0.0,0.0,0.0,0.0,0.0,61.6,64,20,65521,50,65476,0,300,0,0,8,20529,65476,0,0,26214,60.0,0.0,0.0,0.0,0.0,0.0
2026-05-17T16:33:09,ERR,ERR,ERR,ERR,ERR,ERR,ERR,ERR,ERR,ERR,ERR,ERR,ERR,ERR,ERR,ERR,ERR,ERR,ERR,ERR,ERR,ERR,ERR,ERR,ERR,ERR,ERR,ERR,ERR,ERR,ERR,ERR,ERR,ERR,ERR,ERR,ERR,ERR,ERR,ERR,ERR,ERR,ERR,ERR,ERR,ERR,ERR,ERR,ERR,ERR,ERR,ERR,ERR,ERR,ERR,ERR,ERR,ERR,ERR,ERR,ERR,ERR,ERR,ERR,ERR,ERR,ERR,ERR,ERR,ERR,ERR,ERR,ERR,ERR,ERR,ERR,ERR,ERR,ERR,ERR,ERR,ERR,ERR,ERR,ERR,ERR,ERR,ERR,ERR,ERR,ERR,ERR,ERR,ERR,ERR,ERR,ERR,ERR,ERR,ERR,ERR,ERR,ERR,ERR,ERR,ERR,ERR,ERR,ERR,ERR,ERR,ERR,ERR,ERR,ERR,ERR,ERR,ERR,ERR,ERR,ERR,ERR,ERR,ERR,ERR,0.0,-107615288.0,-0.0,0.0,0.0,1.3936040501711995e+18,7.805,0.0,0,0,4,0,8422,0.0,45,0.0,0.0,0.0,0.0,0.0,0,0,0,0,0.0,0,0,0,0,0,0,0,0,0,0,0,0,0,0,0,0,0,0,0,0,0,0,0,0,0,0,0,0,0,0,0,0,0,38,14,7,45,65476,0,300,0,0,8,21553,0.0,-107605600.0,0.0,0.0,0.0,0.0,0.0,0.0,0.0,0.0,0.0,0.0,0.0,0.0,0.0,0.0,0.0,0.0,0.0,0.0,0.0,0.0,0.0,-2.004,-0.0,2.004,0.0,0.0,0.0,0.0,5003.0,-8608182272.0,0.0,0.0,-107615288.0,0.0,-0.0,0.0,0.0,0.0,0.0,53,126841110528.0,-0.0,0.0,0.0,0.0,0.0,0.0,0.0,0.0,0,0,0,0.0,0.0,0.0,0.0,0.0,0.0,0.0,0.0,0.0,0.0,0.0,0.0,0.0,0.0,0.0,0.0,0,-107875648.0,53,0.0,106,-107614832.0,-107350944.0,ERR,ERR,ERR,ERR,ERR,ERR,ERR,ERR,ERR,ERR,ERR,ERR,ERR,ERR,ERR,ERR,ERR,ERR,ERR,ERR,ERR,ERR,ERR,ERR,ERR,ERR,ERR,ERR,ERR,ERR,ERR,ERR,ERR,ERR,ERR,ERR,ERR,ERR,ERR,ERR,ERR,ERR,ERR,ERR,ERR,ERR,ERR,ERR,ERR,ERR,ERR,ERR,ERR,ERR,ERR,ERR,ERR,ERR,ERR,ERR,ERR,ERR,ERR,ERR,ERR,ERR,ERR,50.0,60.0,100,0.0,0.0,0.0,0.0,0.0,0.0,0.0,0.0,0.0,0.0,0.0,0.0,0.0,0.0,0.0,0.0,61.6,64,20,65521,50,65476,0,300,0,0,8,20529,65476,0,0,26214,60.0,0.0,0.0,0.0,0.0,0.0
2026-05-17T16:33:10,ERR,ERR,ERR,ERR,ERR,ERR,ERR,ERR,ERR,ERR,ERR,ERR,ERR,ERR,ERR,ERR,ERR,ERR,ERR,ERR,ERR,ERR,ERR,ERR,ERR,ERR,ERR,ERR,ERR,ERR,ERR,ERR,ERR,ERR,ERR,ERR,ERR,ERR,ERR,ERR,ERR,ERR,ERR,ERR,ERR,ERR,ERR,ERR,ERR,ERR,ERR,ERR,ERR,ERR,ERR,ERR,ERR,ERR,ERR,ERR,ERR,ERR,ERR,ERR,ERR,ERR,ERR,ERR,ERR,ERR,ERR,ERR,ERR,ERR,ERR,ERR,ERR,ERR,ERR,ERR,ERR,ERR,ERR,ERR,ERR,ERR,ERR,ERR,ERR,ERR,ERR,ERR,ERR,ERR,ERR,ERR,ERR,ERR,ERR,ERR,ERR,ERR,ERR,ERR,ERR,ERR,ERR,ERR,ERR,ERR,ERR,ERR,ERR,ERR,ERR,ERR,ERR,ERR,ERR,ERR,ERR,ERR,ERR,ERR,ERR,0.0,-107615288.0,-0.0,0.0,0.0,1.3936040501711995e+18,7.805,0.0,0,0,4,0,8422,0.0,45,0.0,0.0,0.0,0.0,0.0,0,0,0,0,0.0,0,0,0,0,0,0,0,0,0,0,0,0,0,0,0,0,0,0,0,0,0,0,0,0,0,0,0,0,0,0,0,0,0,38,14,7,45,65476,0,300,0,0,8,21553,0.0,-107605600.0,0.0,0.0,0.0,0.0,0.0,0.0,0.0,0.0,0.0,0.0,0.0,0.0,0.0,0.0,0.0,0.0,0.0,0.0,0.0,0.0,0.0,-2.004,-0.0,2.004,0.0,0.0,0.0,0.0,5003.0,-8608182272.0,0.0,0.0,-107615288.0,0.0,-0.0,0.0,0.0,0.0,0.0,53,126841110528.0,-0.0,0.0,0.0,0.0,0.0,0.0,0.0,0.0,0,0,0,0.0,0.0,0.0,0.0,0.0,0.0,0.0,0.0,0.0,0.0,0.0,0.0,0.0,0.0,0.0,0.0,0,-107875648.0,53,0.0,106,-107614832.0,-107350944.0,ERR,ERR,ERR,ERR,ERR,ERR,ERR,ERR,ERR,ERR,ERR,ERR,ERR,ERR,ERR,ERR,ERR,ERR,ERR,ERR,ERR,ERR,ERR,ERR,ERR,ERR,ERR,ERR,ERR,ERR,ERR,ERR,ERR,ERR,ERR,ERR,ERR,ERR,ERR,ERR,ERR,ERR,ERR,ERR,ERR,ERR,ERR,ERR,ERR,ERR,ERR,ERR,ERR,ERR,ERR,ERR,ERR,ERR,ERR,ERR,ERR,ERR,ERR,ERR,ERR,ERR,ERR,50.0,60.0,100,0.0,0.0,0.0,0.0,0.0,0.0,0.0,0.0,0.0,0.0,0.0,0.0,0.0,0.0,0.0,0.0,61.6,64,20,65521,50,65476,0,300,0,0,8,20529,65476,0,0,26214,60.0,0.0,0.0,0.0,0.0,0.0
2026-05-17T16:33:11,ERR,ERR,ERR,ERR,ERR,ERR,ERR,ERR,ERR,ERR,ERR,ERR,ERR,ERR,ERR,ERR,ERR,ERR,ERR,ERR,ERR,ERR,ERR,ERR,ERR,ERR,ERR,ERR,ERR,ERR,ERR,ERR,ERR,ERR,ERR,ERR,ERR,ERR,ERR,ERR,ERR,ERR,ERR,ERR,ERR,ERR,ERR,ERR,ERR,ERR,ERR,ERR,ERR,ERR,ERR,ERR,ERR,ERR,ERR,ERR,ERR,ERR,ERR,ERR,ERR,ERR,ERR,ERR,ERR,ERR,ERR,ERR,ERR,ERR,ERR,ERR,ERR,ERR,ERR,ERR,ERR,ERR,ERR,ERR,ERR,ERR,ERR,ERR,ERR,ERR,ERR,ERR,ERR,ERR,ERR,ERR,ERR,ERR,ERR,ERR,ERR,ERR,ERR,ERR,ERR,ERR,ERR,ERR,ERR,ERR,ERR,ERR,ERR,ERR,ERR,ERR,ERR,ERR,ERR,ERR,ERR,ERR,ERR,ERR,ERR,0.0,-107615288.0,-0.0,0.0,0.0,1.3936040501711995e+18,7.805,0.0,0,0,4,0,8422,0.0,45,0.0,0.0,0.0,0.0,0.0,0,0,0,0,0.0,0,0,0,0,0,0,0,0,0,0,0,0,0,0,0,0,0,0,0,0,0,0,0,0,0,0,0,0,0,0,0,0,0,38,14,7,45,65476,0,300,0,0,8,21553,0.0,-107605600.0,0.0,0.0,0.0,0.0,0.0,0.0,0.0,0.0,0.0,0.0,0.0,0.0,0.0,0.0,0.0,0.0,0.0,0.0,0.0,0.0,0.0,-2.004,-0.0,2.004,0.0,0.0,0.0,0.0,5003.0,-8608182272.0,0.0,0.0,-107615288.0,0.0,-0.0,0.0,0.0,0.0,0.0,53,126841110528.0,-0.0,0.0,0.0,0.0,0.0,0.0,0.0,0.0,0,0,0,0.0,0.0,0.0,0.0,0.0,0.0,0.0,0.0,0.0,0.0,0.0,0.0,0.0,0.0,0.0,0.0,0,-107875648.0,53,0.0,106,-107614832.0,-107350944.0,ERR,ERR,ERR,ERR,ERR,ERR,ERR,ERR,ERR,ERR,ERR,ERR,ERR,ERR,ERR,ERR,ERR,ERR,ERR,ERR,ERR,ERR,ERR,ERR,ERR,ERR,ERR,ERR,ERR,ERR,ERR,ERR,ERR,ERR,ERR,ERR,ERR,ERR,ERR,ERR,ERR,ERR,ERR,ERR,ERR,ERR,ERR,ERR,ERR,ERR,ERR,ERR,ERR,ERR,ERR,ERR,ERR,ERR,ERR,ERR,ERR,ERR,ERR,ERR,ERR,ERR,ERR,50.0,60.0,100,0.0,0.0,0.0,0.0,0.0,0.0,0.0,0.0,0.0,0.0,0.0,0.0,0.0,0.0,0.0,0.0,61.6,64,20,65521,50,65476,0,300,0,0,8,20529,65476,0,0,26214,60.0,0.0,0.0,0.0,0.0,0.0
2026-05-17T16:33:12,ERR,ERR,ERR,ERR,ERR,ERR,ERR,ERR,ERR,ERR,ERR,ERR,ERR,ERR,ERR,ERR,ERR,ERR,ERR,ERR,ERR,ERR,ERR,ERR,ERR,ERR,ERR,ERR,ERR,ERR,ERR,ERR,ERR,ERR,ERR,ERR,ERR,ERR,ERR,ERR,ERR,ERR,ERR,ERR,ERR,ERR,ERR,ERR,ERR,ERR,ERR,ERR,ERR,ERR,ERR,ERR,ERR,ERR,ERR,ERR,ERR,ERR,ERR,ERR,ERR,ERR,ERR,ERR,ERR,ERR,ERR,ERR,ERR,ERR,ERR,ERR,ERR,ERR,ERR,ERR,ERR,ERR,ERR,ERR,ERR,ERR,ERR,ERR,ERR,ERR,ERR,ERR,ERR,ERR,ERR,ERR,ERR,ERR,ERR,ERR,ERR,ERR,ERR,ERR,ERR,ERR,ERR,ERR,ERR,ERR,ERR,ERR,ERR,ERR,ERR,ERR,ERR,ERR,ERR,ERR,ERR,ERR,ERR,ERR,ERR,0.0,-107615288.0,-0.0,0.0,0.0,1.3936040501711995e+18,7.805,0.0,0,0,4,0,8422,0.0,45,0.0,0.0,0.0,0.0,0.0,0,0,0,0,0.0,0,0,0,0,0,0,0,0,0,0,0,0,0,0,0,0,0,0,0,0,0,0,0,0,0,0,0,0,0,0,0,0,0,38,14,7,45,65476,0,300,0,0,8,21553,0.0,-107605600.0,0.0,0.0,0.0,0.0,0.0,0.0,0.0,0.0,0.0,0.0,0.0,0.0,0.0,0.0,0.0,0.0,0.0,0.0,0.0,0.0,0.0,-2.004,-0.0,2.004,0.0,0.0,0.0,0.0,5003.0,-8608182272.0,0.0,0.0,-107615288.0,0.0,-0.0,0.0,0.0,0.0,0.0,53,126841110528.0,-0.0,0.0,0.0,0.0,0.0,0.0,0.0,0.0,0,0,0,0.0,0.0,0.0,0.0,0.0,0.0,0.0,0.0,0.0,0.0,0.0,0.0,0.0,0.0,0.0,0.0,0,-107875648.0,53,0.0,106,-107614832.0,-107350944.0,ERR,ERR,ERR,ERR,ERR,ERR,ERR,ERR,ERR,ERR,ERR,ERR,ERR,ERR,ERR,ERR,ERR,ERR,ERR,ERR,ERR,ERR,ERR,ERR,ERR,ERR,ERR,ERR,ERR,ERR,ERR,ERR,ERR,ERR,ERR,ERR,ERR,ERR,ERR,ERR,ERR,ERR,ERR,ERR,ERR,ERR,ERR,ERR,ERR,ERR,ERR,ERR,ERR,ERR,ERR,ERR,ERR,ERR,ERR,ERR,ERR,ERR,ERR,ERR,ERR,ERR,ERR,50.0,60.0,100,0.0,0.0,0.0,0.0,0.0,0.0,0.0,0.0,0.0,0.0,0.0,0.0,0.0,0.0,0.0,0.0,61.6,64,20,65521,50,65476,0,300,0,0,8,20529,65476,0,0,26214,60.0,0.0,0.0,0.0,0.0,0.0
2026-05-17T16:33:13,ERR,ERR,ERR,ERR,ERR,ERR,ERR,ERR,ERR,ERR,ERR,ERR,ERR,ERR,ERR,ERR,ERR,ERR,ERR,ERR,ERR,ERR,ERR,ERR,ERR,ERR,ERR,ERR,ERR,ERR,ERR,ERR,ERR,ERR,ERR,ERR,ERR,ERR,ERR,ERR,ERR,ERR,ERR,ERR,ERR,ERR,ERR,ERR,ERR,ERR,ERR,ERR,ERR,ERR,ERR,ERR,ERR,ERR,ERR,ERR,ERR,ERR,ERR,ERR,ERR,ERR,ERR,ERR,ERR,ERR,ERR,ERR,ERR,ERR,ERR,ERR,ERR,ERR,ERR,ERR,ERR,ERR,ERR,ERR,ERR,ERR,ERR,ERR,ERR,ERR,ERR,ERR,ERR,ERR,ERR,ERR,ERR,ERR,ERR,ERR,ERR,ERR,ERR,ERR,ERR,ERR,ERR,ERR,ERR,ERR,ERR,ERR,ERR,ERR,ERR,ERR,ERR,ERR,ERR,ERR,ERR,ERR,ERR,ERR,ERR,0.0,-107615288.0,-0.0,0.0,0.0,1.3936040501711995e+18,7.805,0.0,0,0,4,0,8422,0.0,45,0.0,0.0,0.0,0.0,0.0,0,0,0,0,0.0,0,0,0,0,0,0,0,0,0,0,0,0,0,0,0,0,0,0,0,0,0,0,0,0,0,0,0,0,0,0,0,0,0,38,14,7,45,65476,0,300,0,0,8,21553,0.0,-107605600.0,0.0,0.0,0.0,0.0,0.0,0.0,0.0,0.0,0.0,0.0,0.0,0.0,0.0,0.0,0.0,0.0,0.0,0.0,0.0,0.0,0.0,-2.004,-0.0,2.004,0.0,0.0,0.0,0.0,5003.0,-8608182272.0,0.0,0.0,-107615288.0,0.0,-0.0,0.0,0.0,0.0,0.0,53,126841110528.0,-0.0,0.0,0.0,0.0,0.0,0.0,0.0,0.0,0,0,0,0.0,0.0,0.0,0.0,0.0,0.0,0.0,0.0,0.0,0.0,0.0,0.0,0.0,0.0,0.0,0.0,0,-107875648.0,53,0.0,106,-107614832.0,-107350944.0,ERR,ERR,ERR,ERR,ERR,ERR,ERR,ERR,ERR,ERR,ERR,ERR,ERR,ERR,ERR,ERR,ERR,ERR,ERR,ERR,ERR,ERR,ERR,ERR,ERR,ERR,ERR,ERR,ERR,ERR,ERR,ERR,ERR,ERR,ERR,ERR,ERR,ERR,ERR,ERR,ERR,ERR,ERR,ERR,ERR,ERR,ERR,ERR,ERR,ERR,ERR,ERR,ERR,ERR,ERR,ERR,ERR,ERR,ERR,ERR,ERR,ERR,ERR,ERR,ERR,ERR,ERR,50.0,60.0,100,0.0,0.0,0.0,0.0,0.0,0.0,0.0,0.0,0.0,0.0,0.0,0.0,0.0,0.0,0.0,0.0,61.6,64,20,65521,50,65476,0,300,0,0,8,20529,65476,0,0,26214,60.0,0.0,0.0,0.0,0.0,0.0
2026-05-17T16:33:14,ERR,ERR,ERR,ERR,ERR,ERR,ERR,ERR,ERR,ERR,ERR,ERR,ERR,ERR,ERR,ERR,ERR,ERR,ERR,ERR,ERR,ERR,ERR,ERR,ERR,ERR,ERR,ERR,ERR,ERR,ERR,ERR,ERR,ERR,ERR,ERR,ERR,ERR,ERR,ERR,ERR,ERR,ERR,ERR,ERR,ERR,ERR,ERR,ERR,ERR,ERR,ERR,ERR,ERR,ERR,ERR,ERR,ERR,ERR,ERR,ERR,ERR,ERR,ERR,ERR,ERR,ERR,ERR,ERR,ERR,ERR,ERR,ERR,ERR,ERR,ERR,ERR,ERR,ERR,ERR,ERR,ERR,ERR,ERR,ERR,ERR,ERR,ERR,ERR,ERR,ERR,ERR,ERR,ERR,ERR,ERR,ERR,ERR,ERR,ERR,ERR,ERR,ERR,ERR,ERR,ERR,ERR,ERR,ERR,ERR,ERR,ERR,ERR,ERR,ERR,ERR,ERR,ERR,ERR,ERR,ERR,ERR,ERR,ERR,ERR,0.0,-107615288.0,-0.0,0.0,0.0,1.3936040501711995e+18,7.805,0.0,0,0,4,0,8422,0.0,45,0.0,0.0,0.0,0.0,0.0,0,0,0,0,0.0,0,0,0,0,0,0,0,0,0,0,0,0,0,0,0,0,0,0,0,0,0,0,0,0,0,0,0,0,0,0,0,0,0,38,14,7,45,65476,0,300,0,0,8,21553,0.0,-107605600.0,0.0,0.0,0.0,0.0,0.0,0.0,0.0,0.0,0.0,0.0,0.0,0.0,0.0,0.0,0.0,0.0,0.0,0.0,0.0,0.0,0.0,-2.004,-0.0,2.004,0.0,0.0,0.0,0.0,5011.0,-131350.438,0.0,0.0,-107615288.0,0.0,-0.0,0.0,0.0,0.0,0.0,53,4.066880103266858e+29,-0.0,0.0,0.0,0.0,0.0,0.0,0.0,0.0,0,0,0,0.0,0.0,0.0,0.0,0.0,0.0,0.0,0.0,0.0,0.0,0.0,0.0,0.0,0.0,0.0,0.0,0,-107875648.0,53,0.0,106,-107614832.0,-107350944.0,ERR,ERR,ERR,ERR,ERR,ERR,ERR,ERR,ERR,ERR,ERR,ERR,ERR,ERR,ERR,ERR,ERR,ERR,ERR,ERR,ERR,ERR,ERR,ERR,ERR,ERR,ERR,ERR,ERR,ERR,ERR,ERR,ERR,ERR,ERR,ERR,ERR,ERR,ERR,ERR,ERR,ERR,ERR,ERR,ERR,ERR,ERR,ERR,ERR,ERR,ERR,ERR,ERR,ERR,ERR,ERR,ERR,ERR,ERR,ERR,ERR,ERR,ERR,ERR,ERR,ERR,ERR,50.0,60.0,100,0.0,0.0,0.0,0.0,0.0,0.0,0.0,0.0,0.0,0.0,0.0,0.0,0.0,0.0,0.0,0.0,61.6,64,20,65521,50,65476,0,300,0,0,8,20529,65476,0,0,26214,60.0,0.0,0.0,0.0,0.0,0.0
2026-05-17T16:33:15,ERR,ERR,ERR,ERR,ERR,ERR,ERR,ERR,ERR,ERR,ERR,ERR,ERR,ERR,ERR,ERR,ERR,ERR,ERR,ERR,ERR,ERR,ERR,ERR,ERR,ERR,ERR,ERR,ERR,ERR,ERR,ERR,ERR,ERR,ERR,ERR,ERR,ERR,ERR,ERR,ERR,ERR,ERR,ERR,ERR,ERR,ERR,ERR,ERR,ERR,ERR,ERR,ERR,ERR,ERR,ERR,ERR,ERR,ERR,ERR,ERR,ERR,ERR,ERR,ERR,ERR,ERR,ERR,ERR,ERR,ERR,ERR,ERR,ERR,ERR,ERR,ERR,ERR,ERR,ERR,ERR,ERR,ERR,ERR,ERR,ERR,ERR,ERR,ERR,ERR,ERR,ERR,ERR,ERR,ERR,ERR,ERR,ERR,ERR,ERR,ERR,ERR,ERR,ERR,ERR,ERR,ERR,ERR,ERR,ERR,ERR,ERR,ERR,ERR,ERR,ERR,ERR,ERR,ERR,ERR,ERR,ERR,ERR,ERR,ERR,0.0,-107615288.0,-0.0,0.0,0.0,1.3936040501711995e+18,7.805,0.0,0,0,4,0,8422,0.0,45,0.0,0.0,0.0,0.0,0.0,0,0,0,0,0.0,0,0,0,0,0,0,0,0,0,0,0,0,0,0,0,0,0,0,0,0,0,0,0,0,0,0,0,0,0,0,0,0,0,38,14,7,45,65476,0,300,0,0,8,21553,0.0,-107605600.0,0.0,0.0,0.0,0.0,0.0,0.0,0.0,0.0,0.0,0.0,0.0,0.0,0.0,0.0,0.0,0.0,0.0,0.0,0.0,0.0,0.0,-2.004,-0.0,2.004,0.0,0.0,0.0,0.0,5011.0,-131350.438,0.0,0.0,-107615288.0,0.0,-0.0,0.0,0.0,0.0,0.0,53,4.066880103266858e+29,-0.0,0.0,0.0,0.0,0.0,0.0,0.0,0.0,0,0,0,0.0,0.0,0.0,0.0,0.0,0.0,0.0,0.0,0.0,0.0,0.0,0.0,0.0,0.0,0.0,0.0,0,-107875648.0,53,0.0,106,-107614832.0,-107350944.0,ERR,ERR,ERR,ERR,ERR,ERR,ERR,ERR,ERR,ERR,ERR,ERR,ERR,ERR,ERR,ERR,ERR,ERR,ERR,ERR,ERR,ERR,ERR,ERR,ERR,ERR,ERR,ERR,ERR,ERR,ERR,ERR,ERR,ERR,ERR,ERR,ERR,ERR,ERR,ERR,ERR,ERR,ERR,ERR,ERR,ERR,ERR,ERR,ERR,ERR,ERR,ERR,ERR,ERR,ERR,ERR,ERR,ERR,ERR,ERR,ERR,ERR,ERR,ERR,ERR,ERR,ERR,50.0,60.0,100,0.0,0.0,0.0,0.0,0.0,0.0,0.0,0.0,0.0,0.0,0.0,0.0,0.0,0.0,0.0,0.0,61.6,65,20,65521,50,65476,0,300,0,0,8,20529,65476,0,0,26214,60.0,0.0,0.0,0.0,0.0,0.0
2026-05-17T16:33:16,ERR,ERR,ERR,ERR,ERR,ERR,ERR,ERR,ERR,ERR,ERR,ERR,ERR,ERR,ERR,ERR,ERR,ERR,ERR,ERR,ERR,ERR,ERR,ERR,ERR,ERR,ERR,ERR,ERR,ERR,ERR,ERR,ERR,ERR,ERR,ERR,ERR,ERR,ERR,ERR,ERR,ERR,ERR,ERR,ERR,ERR,ERR,ERR,ERR,ERR,ERR,ERR,ERR,ERR,ERR,ERR,ERR,ERR,ERR,ERR,ERR,ERR,ERR,ERR,ERR,ERR,ERR,ERR,ERR,ERR,ERR,ERR,ERR,ERR,ERR,ERR,ERR,ERR,ERR,ERR,ERR,ERR,ERR,ERR,ERR,ERR,ERR,ERR,ERR,ERR,ERR,ERR,ERR,ERR,ERR,ERR,ERR,ERR,ERR,ERR,ERR,ERR,ERR,ERR,ERR,ERR,ERR,ERR,ERR,ERR,ERR,ERR,ERR,ERR,ERR,ERR,ERR,ERR,ERR,ERR,ERR,ERR,ERR,ERR,ERR,0.0,-107615288.0,-0.0,0.0,0.0,1.3936040501711995e+18,7.805,0.0,0,0,4,0,8422,0.0,45,0.0,0.0,0.0,0.0,0.0,0,0,0,0,0.0,0,0,0,0,0,0,0,0,0,0,0,0,0,0,0,0,0,0,0,0,0,0,0,0,0,0,0,0,0,0,0,0,0,38,14,7,45,65476,0,300,0,0,8,21553,0.0,-107605600.0,0.0,0.0,0.0,0.0,0.0,0.0,0.0,0.0,0.0,0.0,0.0,0.0,0.0,0.0,0.0,0.0,0.0,0.0,0.0,0.0,0.0,-2.004,-0.0,2.004,0.0,0.0,0.0,0.0,5011.0,-131350.438,0.0,0.0,-107615288.0,0.0,-0.0,0.0,0.0,0.0,0.0,53,4.066880103266858e+29,-0.0,0.0,0.0,0.0,0.0,0.0,0.0,0.0,0,0,0,0.0,0.0,0.0,0.0,0.0,0.0,0.0,0.0,0.0,0.0,0.0,0.0,0.0,0.0,0.0,0.0,0,-107875648.0,53,0.0,106,-107614832.0,-107350944.0,ERR,ERR,ERR,ERR,ERR,ERR,ERR,ERR,ERR,ERR,ERR,ERR,ERR,ERR,ERR,ERR,ERR,ERR,ERR,ERR,ERR,ERR,ERR,ERR,ERR,ERR,ERR,ERR,ERR,ERR,ERR,ERR,ERR,ERR,ERR,ERR,ERR,ERR,ERR,ERR,ERR,ERR,ERR,ERR,ERR,ERR,ERR,ERR,ERR,ERR,ERR,ERR,ERR,ERR,ERR,ERR,ERR,ERR,ERR,ERR,ERR,ERR,ERR,ERR,ERR,ERR,ERR,50.0,60.0,100,0.0,0.0,0.0,0.0,0.0,0.0,0.0,0.0,0.0,0.0,0.0,0.0,0.0,0.0,0.0,0.0,61.6,65,20,65521,50,65476,0,300,0,0,8,20529,65476,0,0,26214,60.0,0.0,0.0,0.0,0.0,0.0
2026-05-17T16:33:17,ERR,ERR,ERR,ERR,ERR,ERR,ERR,ERR,ERR,ERR,ERR,ERR,ERR,ERR,ERR,ERR,ERR,ERR,ERR,ERR,ERR,ERR,ERR,ERR,ERR,ERR,ERR,ERR,ERR,ERR,ERR,ERR,ERR,ERR,ERR,ERR,ERR,ERR,ERR,ERR,ERR,ERR,ERR,ERR,ERR,ERR,ERR,ERR,ERR,ERR,ERR,ERR,ERR,ERR,ERR,ERR,ERR,ERR,ERR,ERR,ERR,ERR,ERR,ERR,ERR,ERR,ERR,ERR,ERR,ERR,ERR,ERR,ERR,ERR,ERR,ERR,ERR,ERR,ERR,ERR,ERR,ERR,ERR,ERR,ERR,ERR,ERR,ERR,ERR,ERR,ERR,ERR,ERR,ERR,ERR,ERR,ERR,ERR,ERR,ERR,ERR,ERR,ERR,ERR,ERR,ERR,ERR,ERR,ERR,ERR,ERR,ERR,ERR,ERR,ERR,ERR,ERR,ERR,ERR,ERR,ERR,ERR,ERR,ERR,ERR,0.0,-107615288.0,-0.0,0.0,0.0,1.3936040501711995e+18,7.805,0.0,0,0,4,0,8422,0.0,45,0.0,0.0,0.0,0.0,0.0,0,0,0,0,0.0,0,0,0,0,0,0,0,0,0,0,0,0,0,0,0,0,0,0,0,0,0,0,0,0,0,0,0,0,0,0,0,0,0,38,14,7,45,65476,0,300,0,0,8,21553,0.0,-107605600.0,0.0,0.0,0.0,0.0,0.0,0.0,0.0,0.0,0.0,0.0,0.0,0.0,0.0,0.0,0.0,0.0,0.0,0.0,0.0,0.0,0.0,-2.004,-0.0,2.004,0.0,0.0,0.0,0.0,5011.0,-131350.438,0.0,0.0,-107615288.0,0.0,-0.0,0.0,0.0,0.0,0.0,53,4.066880103266858e+29,-0.0,0.0,0.0,0.0,0.0,0.0,0.0,0.0,0,0,0,0.0,0.0,0.0,0.0,0.0,0.0,0.0,0.0,0.0,0.0,0.0,0.0,0.0,0.0,0.0,0.0,0,-107875648.0,53,0.0,106,-107614832.0,-107350944.0,ERR,ERR,ERR,ERR,ERR,ERR,ERR,ERR,ERR,ERR,ERR,ERR,ERR,ERR,ERR,ERR,ERR,ERR,ERR,ERR,ERR,ERR,ERR,ERR,ERR,ERR,ERR,ERR,ERR,ERR,ERR,ERR,ERR,ERR,ERR,ERR,ERR,ERR,ERR,ERR,ERR,ERR,ERR,ERR,ERR,ERR,ERR,ERR,ERR,ERR,ERR,ERR,ERR,ERR,ERR,ERR,ERR,ERR,ERR,ERR,ERR,ERR,ERR,ERR,ERR,ERR,ERR,50.0,60.0,100,0.0,0.0,0.0,0.0,0.0,0.0,0.0,0.0,0.0,0.0,0.0,0.0,0.0,0.0,0.0,0.0,61.6,65,20,65521,50,65476,0,300,0,0,8,20529,65476,0,0,26214,60.0,0.0,0.0,0.0,0.0,0.0
2026-05-17T16:33:18,ERR,ERR,ERR,ERR,ERR,ERR,ERR,ERR,ERR,ERR,ERR,ERR,ERR,ERR,ERR,ERR,ERR,ERR,ERR,ERR,ERR,ERR,ERR,ERR,ERR,ERR,ERR,ERR,ERR,ERR,ERR,ERR,ERR,ERR,ERR,ERR,ERR,ERR,ERR,ERR,ERR,ERR,ERR,ERR,ERR,ERR,ERR,ERR,ERR,ERR,ERR,ERR,ERR,ERR,ERR,ERR,ERR,ERR,ERR,ERR,ERR,ERR,ERR,ERR,ERR,ERR,ERR,ERR,ERR,ERR,ERR,ERR,ERR,ERR,ERR,ERR,ERR,ERR,ERR,ERR,ERR,ERR,ERR,ERR,ERR,ERR,ERR,ERR,ERR,ERR,ERR,ERR,ERR,ERR,ERR,ERR,ERR,ERR,ERR,ERR,ERR,ERR,ERR,ERR,ERR,ERR,ERR,ERR,ERR,ERR,ERR,ERR,ERR,ERR,ERR,ERR,ERR,ERR,ERR,ERR,ERR,ERR,ERR,ERR,ERR,0.0,-107615288.0,-0.0,0.0,0.0,1.3936040501711995e+18,7.805,0.0,0,0,4,0,8422,0.0,45,0.0,0.0,0.0,0.0,0.0,0,0,0,0,0.0,0,0,0,0,0,0,0,0,0,0,0,0,0,0,0,0,0,0,0,0,0,0,0,0,0,0,0,0,0,0,0,0,0,38,14,7,45,65476,0,300,0,0,8,21553,0.0,-107605600.0,0.0,0.0,0.0,0.0,0.0,0.0,0.0,0.0,0.0,0.0,0.0,0.0,0.0,0.0,0.0,0.0,0.0,0.0,0.0,0.0,0.0,-2.004,-0.0,2.004,0.0,0.0,0.0,0.0,5011.0,-131350.438,0.0,0.0,-107615288.0,0.0,-0.0,0.0,0.0,0.0,0.0,53,4.066880103266858e+29,-0.0,0.0,0.0,0.0,0.0,0.0,0.0,0.0,0,0,0,0.0,0.0,0.0,0.0,0.0,0.0,0.0,0.0,0.0,0.0,0.0,0.0,0.0,0.0,0.0,0.0,0,-107875648.0,53,0.0,106,-107614832.0,-107350944.0,ERR,ERR,ERR,ERR,ERR,ERR,ERR,ERR,ERR,ERR,ERR,ERR,ERR,ERR,ERR,ERR,ERR,ERR,ERR,ERR,ERR,ERR,ERR,ERR,ERR,ERR,ERR,ERR,ERR,ERR,ERR,ERR,ERR,ERR,ERR,ERR,ERR,ERR,ERR,ERR,ERR,ERR,ERR,ERR,ERR,ERR,ERR,ERR,ERR,ERR,ERR,ERR,ERR,ERR,ERR,ERR,ERR,ERR,ERR,ERR,ERR,ERR,ERR,ERR,ERR,ERR,ERR,50.0,60.0,100,0.0,0.0,0.0,0.0,0.0,0.0,0.0,0.0,0.0,0.0,0.0,0.0,0.0,0.0,0.0,0.0,61.6,65,20,65521,50,65476,0,300,0,0,8,20529,65476,0,0,26214,60.0,0.0,0.0,0.0,0.0,0.0
2026-05-17T16:33:19,ERR,ERR,ERR,ERR,ERR,ERR,ERR,ERR,ERR,ERR,ERR,ERR,ERR,ERR,ERR,ERR,ERR,ERR,ERR,ERR,ERR,ERR,ERR,ERR,ERR,ERR,ERR,ERR,ERR,ERR,ERR,ERR,ERR,ERR,ERR,ERR,ERR,ERR,ERR,ERR,ERR,ERR,ERR,ERR,ERR,ERR,ERR,ERR,ERR,ERR,ERR,ERR,ERR,ERR,ERR,ERR,ERR,ERR,ERR,ERR,ERR,ERR,ERR,ERR,ERR,ERR,ERR,ERR,ERR,ERR,ERR,ERR,ERR,ERR,ERR,ERR,ERR,ERR,ERR,ERR,ERR,ERR,ERR,ERR,ERR,ERR,ERR,ERR,ERR,ERR,ERR,ERR,ERR,ERR,ERR,ERR,ERR,ERR,ERR,ERR,ERR,ERR,ERR,ERR,ERR,ERR,ERR,ERR,ERR,ERR,ERR,ERR,ERR,ERR,ERR,ERR,ERR,ERR,ERR,ERR,ERR,ERR,ERR,ERR,ERR,0.0,-107615288.0,-0.0,0.0,0.0,1.3936040501711995e+18,7.805,0.0,0,0,4,0,8422,0.0,45,0.0,0.0,0.0,0.0,0.0,0,0,0,0,0.0,0,0,0,0,0,0,0,0,0,0,0,0,0,0,0,0,0,0,0,0,0,0,0,0,0,0,0,0,0,0,0,0,0,38,14,7,45,65476,0,300,0,0,8,21553,0.0,-107605600.0,0.0,0.0,0.0,0.0,0.0,0.0,0.0,0.0,0.0,0.0,0.0,0.0,0.0,0.0,0.0,0.0,0.0,0.0,0.0,0.0,0.0,-2.004,-0.0,0.0,0.0,0.0,0.0,0.0,5043.0,0.0,0.0,0.0,-107615288.0,0.0,-0.0,0.0,0.0,0.0,0.0,53,4.950428597886765e+32,0.0,0.0,0.0,0.0,0.0,0.0,0.0,0.0,0,0,0,0.0,0.0,0.0,0.0,0.0,0.0,0.0,0.0,0.0,0.0,0.0,0.0,0.0,0.0,0.0,0.0,0,-107875648.0,53,0.0,106,-107614832.0,2.7006707062415038e+23,ERR,ERR,ERR,ERR,ERR,ERR,ERR,ERR,ERR,ERR,ERR,ERR,ERR,ERR,ERR,ERR,ERR,ERR,ERR,ERR,ERR,ERR,ERR,ERR,ERR,ERR,ERR,ERR,ERR,ERR,ERR,ERR,ERR,ERR,ERR,ERR,ERR,ERR,ERR,ERR,ERR,ERR,ERR,ERR,ERR,ERR,ERR,ERR,ERR,ERR,ERR,ERR,ERR,ERR,ERR,ERR,ERR,ERR,ERR,ERR,ERR,ERR,ERR,ERR,ERR,ERR,ERR,50.0,60.0,100,0.0,0.0,0.0,0.0,0.0,0.0,0.0,0.0,0.0,0.0,0.0,0.0,0.0,0.0,0.0,0.0,61.6,65,20,65521,50,65476,0,300,0,0,8,20529,65476,0,0,26214,60.0,0.0,0.0,0.0,0.0,0.0
2026-05-17T16:33:20,ERR,ERR,ERR,ERR,ERR,ERR,ERR,ERR,ERR,ERR,ERR,ERR,ERR,ERR,ERR,ERR,ERR,ERR,ERR,ERR,ERR,ERR,ERR,ERR,ERR,ERR,ERR,ERR,ERR,ERR,ERR,ERR,ERR,ERR,ERR,ERR,ERR,ERR,ERR,ERR,ERR,ERR,ERR,ERR,ERR,ERR,ERR,ERR,ERR,ERR,ERR,ERR,ERR,ERR,ERR,ERR,ERR,ERR,ERR,ERR,ERR,ERR,ERR,ERR,ERR,ERR,ERR,ERR,ERR,ERR,ERR,ERR,ERR,ERR,ERR,ERR,ERR,ERR,ERR,ERR,ERR,ERR,ERR,ERR,ERR,ERR,ERR,ERR,ERR,ERR,ERR,ERR,ERR,ERR,ERR,ERR,ERR,ERR,ERR,ERR,ERR,ERR,ERR,ERR,ERR,ERR,ERR,ERR,ERR,ERR,ERR,ERR,ERR,ERR,ERR,ERR,ERR,ERR,ERR,ERR,ERR,ERR,ERR,ERR,ERR,0.0,-107615288.0,-0.0,0.0,0.0,1.3936040501711995e+18,7.805,0.0,0,0,4,0,8422,0.0,45,0.0,0.0,0.0,0.0,0.0,0,0,0,0,0.0,0,0,0,0,0,0,0,0,0,0,0,0,0,0,0,0,0,0,0,0,0,0,0,0,0,0,0,0,0,0,0,0,0,38,14,7,45,65476,0,300,0,0,8,21553,0.0,-107605600.0,0.0,0.0,0.0,0.0,0.0,0.0,0.0,0.0,0.0,0.0,0.0,0.0,0.0,0.0,0.0,0.0,0.0,0.0,0.0,0.0,0.0,-2.004,-0.0,0.0,0.0,0.0,0.0,0.0,5043.0,0.0,0.0,0.0,-107615288.0,0.0,-0.0,0.0,0.0,0.0,0.0,53,4.950428597886765e+32,0.0,0.0,0.0,0.0,0.0,0.0,0.0,0.0,0,0,0,0.0,0.0,0.0,0.0,0.0,0.0,0.0,0.0,0.0,0.0,0.0,0.0,0.0,0.0,0.0,0.0,0,-107875648.0,53,0.0,106,-107614832.0,2.7006707062415038e+23,ERR,ERR,ERR,ERR,ERR,ERR,ERR,ERR,ERR,ERR,ERR,ERR,ERR,ERR,ERR,ERR,ERR,ERR,ERR,ERR,ERR,ERR,ERR,ERR,ERR,ERR,ERR,ERR,ERR,ERR,ERR,ERR,ERR,ERR,ERR,ERR,ERR,ERR,ERR,ERR,ERR,ERR,ERR,ERR,ERR,ERR,ERR,ERR,ERR,ERR,ERR,ERR,ERR,ERR,ERR,ERR,ERR,ERR,ERR,ERR,ERR,ERR,ERR,ERR,ERR,ERR,ERR,50.0,60.0,100,0.0,0.0,0.0,0.0,0.0,0.0,0.0,0.0,0.0,0.0,0.0,0.0,0.0,0.0,0.0,0.0,61.6,65,20,65521,50,65476,0,300,0,0,8,20529,65476,0,0,26214,60.0,0.0,0.0,0.0,0.0,0.0
2026-05-17T16:33:21,ERR,ERR,ERR,ERR,ERR,ERR,ERR,ERR,ERR,ERR,ERR,ERR,ERR,ERR,ERR,ERR,ERR,ERR,ERR,ERR,ERR,ERR,ERR,ERR,ERR,ERR,ERR,ERR,ERR,ERR,ERR,ERR,ERR,ERR,ERR,ERR,ERR,ERR,ERR,ERR,ERR,ERR,ERR,ERR,ERR,ERR,ERR,ERR,ERR,ERR,ERR,ERR,ERR,ERR,ERR,ERR,ERR,ERR,ERR,ERR,ERR,ERR,ERR,ERR,ERR,ERR,ERR,ERR,ERR,ERR,ERR,ERR,ERR,ERR,ERR,ERR,ERR,ERR,ERR,ERR,ERR,ERR,ERR,ERR,ERR,ERR,ERR,ERR,ERR,ERR,ERR,ERR,ERR,ERR,ERR,ERR,ERR,ERR,ERR,ERR,ERR,ERR,ERR,ERR,ERR,ERR,ERR,ERR,ERR,ERR,ERR,ERR,ERR,ERR,ERR,ERR,ERR,ERR,ERR,ERR,ERR,ERR,ERR,ERR,ERR,0.0,-107615288.0,-0.0,0.0,0.0,1.3936040501711995e+18,7.805,0.0,0,0,4,0,8422,0.0,45,0.0,0.0,0.0,0.0,0.0,0,0,0,0,0.0,0,0,0,0,0,0,0,0,0,0,0,0,0,0,0,0,0,0,0,0,0,0,0,0,0,0,0,0,0,0,0,0,0,38,14,7,45,65476,0,300,0,0,8,21553,0.0,-107605600.0,0.0,0.0,0.0,0.0,0.0,0.0,0.0,0.0,0.0,0.0,0.0,0.0,0.0,0.0,0.0,0.0,0.0,0.0,0.0,0.0,0.0,-2.004,-0.0,0.0,0.0,0.0,0.0,0.0,5043.0,0.0,0.0,0.0,-107615288.0,0.0,-0.0,0.0,0.0,0.0,0.0,53,4.950428597886765e+32,0.0,0.0,0.0,0.0,0.0,0.0,0.0,0.0,0,0,0,0.0,0.0,0.0,0.0,0.0,0.0,0.0,0.0,0.0,0.0,0.0,0.0,0.0,0.0,0.0,0.0,0,-107875648.0,53,0.0,106,-107614832.0,2.7006707062415038e+23,ERR,ERR,ERR,ERR,ERR,ERR,ERR,ERR,ERR,ERR,ERR,ERR,ERR,ERR,ERR,ERR,ERR,ERR,ERR,ERR,ERR,ERR,ERR,ERR,ERR,ERR,ERR,ERR,ERR,ERR,ERR,ERR,ERR,ERR,ERR,ERR,ERR,ERR,ERR,ERR,ERR,ERR,ERR,ERR,ERR,ERR,ERR,ERR,ERR,ERR,ERR,ERR,ERR,ERR,ERR,ERR,ERR,ERR,ERR,ERR,ERR,ERR,ERR,ERR,ERR,ERR,ERR,50.0,60.0,100,0.0,0.0,0.0,0.0,0.0,0.0,0.0,0.0,0.0,0.0,0.0,0.0,0.0,0.0,0.0,0.0,61.6,65,20,65521,50,65476,0,300,0,0,8,20529,65476,0,0,26214,60.0,0.0,0.0,0.0,0.0,0.0
2026-05-17T16:33:22,ERR,ERR,ERR,ERR,ERR,ERR,ERR,ERR,ERR,ERR,ERR,ERR,ERR,ERR,ERR,ERR,ERR,ERR,ERR,ERR,ERR,ERR,ERR,ERR,ERR,ERR,ERR,ERR,ERR,ERR,ERR,ERR,ERR,ERR,ERR,ERR,ERR,ERR,ERR,ERR,ERR,ERR,ERR,ERR,ERR,ERR,ERR,ERR,ERR,ERR,ERR,ERR,ERR,ERR,ERR,ERR,ERR,ERR,ERR,ERR,ERR,ERR,ERR,ERR,ERR,ERR,ERR,ERR,ERR,ERR,ERR,ERR,ERR,ERR,ERR,ERR,ERR,ERR,ERR,ERR,ERR,ERR,ERR,ERR,ERR,ERR,ERR,ERR,ERR,ERR,ERR,ERR,ERR,ERR,ERR,ERR,ERR,ERR,ERR,ERR,ERR,ERR,ERR,ERR,ERR,ERR,ERR,ERR,ERR,ERR,ERR,ERR,ERR,ERR,ERR,ERR,ERR,ERR,ERR,ERR,ERR,ERR,ERR,ERR,ERR,0.0,-107615288.0,-0.0,0.0,0.0,1.3936040501711995e+18,7.805,0.0,0,0,4,0,8422,0.0,45,0.0,0.0,0.0,0.0,0.0,0,0,0,0,0.0,0,0,0,0,0,0,0,0,0,0,0,0,0,0,0,0,0,0,0,0,0,0,0,0,0,0,0,0,0,0,0,0,0,38,14,7,45,65476,0,300,0,0,8,21553,0.0,-107605600.0,0.0,0.0,0.0,0.0,0.0,0.0,0.0,0.0,0.0,0.0,0.0,0.0,0.0,0.0,0.0,0.0,0.0,0.0,0.0,0.0,0.0,-2.004,-0.0,0.0,0.0,0.0,0.0,0.0,5043.0,0.0,0.0,0.0,-107615288.0,0.0,-0.0,0.0,0.0,0.0,0.0,53,4.950428597886765e+32,0.0,0.0,0.0,0.0,0.0,0.0,0.0,0.0,0,0,0,0.0,0.0,0.0,0.0,0.0,0.0,0.0,0.0,0.0,0.0,0.0,0.0,0.0,0.0,0.0,0.0,0,-107875648.0,53,0.0,106,-107614832.0,2.7006707062415038e+23,ERR,ERR,ERR,ERR,ERR,ERR,ERR,ERR,ERR,ERR,ERR,ERR,ERR,ERR,ERR,ERR,ERR,ERR,ERR,ERR,ERR,ERR,ERR,ERR,ERR,ERR,ERR,ERR,ERR,ERR,ERR,ERR,ERR,ERR,ERR,ERR,ERR,ERR,ERR,ERR,ERR,ERR,ERR,ERR,ERR,ERR,ERR,ERR,ERR,ERR,ERR,ERR,ERR,ERR,ERR,ERR,ERR,ERR,ERR,ERR,ERR,ERR,ERR,ERR,ERR,ERR,ERR,50.0,60.0,100,0.0,0.0,0.0,0.0,0.0,0.0,0.0,0.0,0.0,0.0,0.0,0.0,0.0,0.0,0.0,0.0,61.6,65,20,65521,50,65476,0,300,0,0,8,20529,65476,0,0,26214,60.0,0.0,0.0,0.0,0.0,0.0
2026-05-17T16:33:23,ERR,ERR,ERR,ERR,ERR,ERR,ERR,ERR,ERR,ERR,ERR,ERR,ERR,ERR,ERR,ERR,ERR,ERR,ERR,ERR,ERR,ERR,ERR,ERR,ERR,ERR,ERR,ERR,ERR,ERR,ERR,ERR,ERR,ERR,ERR,ERR,ERR,ERR,ERR,ERR,ERR,ERR,ERR,ERR,ERR,ERR,ERR,ERR,ERR,ERR,ERR,ERR,ERR,ERR,ERR,ERR,ERR,ERR,ERR,ERR,ERR,ERR,ERR,ERR,ERR,ERR,ERR,ERR,ERR,ERR,ERR,ERR,ERR,ERR,ERR,ERR,ERR,ERR,ERR,ERR,ERR,ERR,ERR,ERR,ERR,ERR,ERR,ERR,ERR,ERR,ERR,ERR,ERR,ERR,ERR,ERR,ERR,ERR,ERR,ERR,ERR,ERR,ERR,ERR,ERR,ERR,ERR,ERR,ERR,ERR,ERR,ERR,ERR,ERR,ERR,ERR,ERR,ERR,ERR,ERR,ERR,ERR,ERR,ERR,ERR,0.0,-107615288.0,-0.0,0.0,0.0,1.3936040501711995e+18,7.805,0.0,0,0,4,0,8422,0.0,45,0.0,0.0,0.0,0.0,0.0,0,0,0,0,0.0,0,0,0,0,0,0,0,0,0,0,0,0,0,0,0,0,0,0,0,0,0,0,0,0,0,0,0,0,0,0,0,0,0,38,14,7,45,65476,0,300,0,0,8,21553,0.0,-107605600.0,0.0,0.0,0.0,0.0,0.0,0.0,0.0,0.0,0.0,0.0,0.0,0.0,0.0,0.0,0.0,0.0,0.0,0.0,0.0,0.0,0.0,-2.004,-0.0,0.0,0.0,0.0,0.0,0.0,5043.0,0.0,0.0,0.0,-107615288.0,0.0,-0.0,0.0,0.0,0.0,0.0,53,4.950428597886765e+32,0.0,0.0,0.0,0.0,0.0,0.0,0.0,0.0,0,0,0,0.0,0.0,0.0,0.0,0.0,0.0,0.0,0.0,0.0,0.0,0.0,0.0,0.0,0.0,0.0,0.0,0,-107875648.0,53,0.0,106,-107614832.0,2.7006707062415038e+23,ERR,ERR,ERR,ERR,ERR,ERR,ERR,ERR,ERR,ERR,ERR,ERR,ERR,ERR,ERR,ERR,ERR,ERR,ERR,ERR,ERR,ERR,ERR,ERR,ERR,ERR,ERR,ERR,ERR,ERR,ERR,ERR,ERR,ERR,ERR,ERR,ERR,ERR,ERR,ERR,ERR,ERR,ERR,ERR,ERR,ERR,ERR,ERR,ERR,ERR,ERR,ERR,ERR,ERR,ERR,ERR,ERR,ERR,ERR,ERR,ERR,ERR,ERR,ERR,ERR,ERR,ERR,50.0,60.0,100,0.0,0.0,0.0,0.0,0.0,0.0,0.0,0.0,0.0,0.0,0.0,0.0,0.0,0.0,0.0,0.0,61.6,65,20,65521,50,65476,0,300,0,0,8,20529,65476,0,0,26214,60.0,0.0,0.0,0.0,0.0,0.0
2026-05-17T16:33:24,ERR,ERR,ERR,ERR,ERR,ERR,ERR,ERR,ERR,ERR,ERR,ERR,ERR,ERR,ERR,ERR,ERR,ERR,ERR,ERR,ERR,ERR,ERR,ERR,ERR,ERR,ERR,ERR,ERR,ERR,ERR,ERR,ERR,ERR,ERR,ERR,ERR,ERR,ERR,ERR,ERR,ERR,ERR,ERR,ERR,ERR,ERR,ERR,ERR,ERR,ERR,ERR,ERR,ERR,ERR,ERR,ERR,ERR,ERR,ERR,ERR,ERR,ERR,ERR,ERR,ERR,ERR,ERR,ERR,ERR,ERR,ERR,ERR,ERR,ERR,ERR,ERR,ERR,ERR,ERR,ERR,ERR,ERR,ERR,ERR,ERR,ERR,ERR,ERR,ERR,ERR,ERR,ERR,ERR,ERR,ERR,ERR,ERR,ERR,ERR,ERR,ERR,ERR,ERR,ERR,ERR,ERR,ERR,ERR,ERR,ERR,ERR,ERR,ERR,ERR,ERR,ERR,ERR,ERR,ERR,ERR,ERR,ERR,ERR,ERR,0.0,0.0,-134474944.0,0.0,0.0,1.3936040501711995e+18,7.805,0.0,0,0,4,0,8422,0.0,45,0.0,0.0,0.0,0.0,0.0,0,0,0,0,0.0,0,0,0,0,0,0,0,0,0,0,0,0,0,0,0,0,0,0,0,0,0,0,0,0,0,0,0,0,0,0,0,0,0,38,14,7,45,65476,0,300,0,0,8,21553,0.0,-107605600.0,0.0,0.0,0.0,0.0,0.0,0.0,0.0,0.0,0.0,0.0,0.0,0.0,0.0,0.0,0.0,0.0,0.0,0.0,0.0,0.0,0.0,-2.004,-0.0,0.0,0.0,0.0,0.0,0.0,5040.0,-0.0,0.0,0.0,-107615288.0,0.0,-0.0,0.0,0.0,0.0,0.0,53,2.7184300208680915e+23,-107614792.0,0.0,0.0,0.0,0.0,0.0,0.0,0.0,0,0,0,0.0,0.0,0.0,0.0,0.0,0.0,0.0,0.0,0.0,0.0,0.0,0.0,0.0,0.0,0.0,0.0,0,-107875648.0,53,0.0,106,-107614832.0,-107350944.0,ERR,ERR,ERR,ERR,ERR,ERR,ERR,ERR,ERR,ERR,ERR,ERR,ERR,ERR,ERR,ERR,ERR,ERR,ERR,ERR,ERR,ERR,ERR,ERR,ERR,ERR,ERR,ERR,ERR,ERR,ERR,ERR,ERR,ERR,ERR,ERR,ERR,ERR,ERR,ERR,ERR,ERR,ERR,ERR,ERR,ERR,ERR,ERR,ERR,ERR,ERR,ERR,ERR,ERR,ERR,ERR,ERR,ERR,ERR,ERR,ERR,ERR,ERR,ERR,ERR,ERR,ERR,50.0,60.0,100,0.0,0.0,0.0,0.0,0.0,0.0,0.0,0.0,0.0,0.0,0.0,0.0,0.0,0.0,0.0,0.0,61.6,64,20,65521,50,65476,0,300,0,0,8,20529,65476,0,0,26214,60.0,0.0,0.0,0.0,0.0,0.0
2026-05-17T16:33:25,ERR,ERR,ERR,ERR,ERR,ERR,ERR,ERR,ERR,ERR,ERR,ERR,ERR,ERR,ERR,ERR,ERR,ERR,ERR,ERR,ERR,ERR,ERR,ERR,ERR,ERR,ERR,ERR,ERR,ERR,ERR,ERR,ERR,ERR,ERR,ERR,ERR,ERR,ERR,ERR,ERR,ERR,ERR,ERR,ERR,ERR,ERR,ERR,ERR,ERR,ERR,ERR,ERR,ERR,ERR,ERR,ERR,ERR,ERR,ERR,ERR,ERR,ERR,ERR,ERR,ERR,ERR,ERR,ERR,ERR,ERR,ERR,ERR,ERR,ERR,ERR,ERR,ERR,ERR,ERR,ERR,ERR,ERR,ERR,ERR,ERR,ERR,ERR,ERR,ERR,ERR,ERR,ERR,ERR,ERR,ERR,ERR,ERR,ERR,ERR,ERR,ERR,ERR,ERR,ERR,ERR,ERR,ERR,ERR,ERR,ERR,ERR,ERR,ERR,ERR,ERR,ERR,ERR,ERR,ERR,ERR,ERR,ERR,ERR,ERR,0.0,0.0,-134474944.0,0.0,0.0,1.3936040501711995e+18,7.805,0.0,0,0,4,0,8422,0.0,45,0.0,0.0,0.0,0.0,0.0,0,0,0,0,0.0,0,0,0,0,0,0,0,0,0,0,0,0,0,0,0,0,0,0,0,0,0,0,0,0,0,0,0,0,0,0,0,0,0,38,14,7,45,65476,0,300,0,0,8,21553,0.0,-107605600.0,0.0,0.0,0.0,0.0,0.0,0.0,0.0,0.0,0.0,0.0,0.0,0.0,0.0,0.0,0.0,0.0,0.0,0.0,0.0,0.0,0.0,-2.004,-0.0,0.0,0.0,0.0,0.0,0.0,5040.0,-0.0,0.0,0.0,-107615288.0,0.0,-0.0,0.0,0.0,0.0,0.0,53,2.7184300208680915e+23,-107614792.0,0.0,0.0,0.0,0.0,0.0,0.0,0.0,0,0,0,0.0,0.0,0.0,0.0,0.0,0.0,0.0,0.0,0.0,0.0,0.0,0.0,0.0,0.0,0.0,0.0,0,-107875648.0,53,0.0,106,-107614832.0,-107350944.0,ERR,ERR,ERR,ERR,ERR,ERR,ERR,ERR,ERR,ERR,ERR,ERR,ERR,ERR,ERR,ERR,ERR,ERR,ERR,ERR,ERR,ERR,ERR,ERR,ERR,ERR,ERR,ERR,ERR,ERR,ERR,ERR,ERR,ERR,ERR,ERR,ERR,ERR,ERR,ERR,ERR,ERR,ERR,ERR,ERR,ERR,ERR,ERR,ERR,ERR,ERR,ERR,ERR,ERR,ERR,ERR,ERR,ERR,ERR,ERR,ERR,ERR,ERR,ERR,ERR,ERR,ERR,50.0,60.0,100,0.0,0.0,0.0,0.0,0.0,0.0,0.0,0.0,0.0,0.0,0.0,0.0,0.0,0.0,0.0,0.0,61.6,64,20,65521,50,65476,0,300,0,0,8,20529,65476,0,0,26214,60.0,0.0,0.0,0.0,0.0,0.0
2026-05-17T16:33:26,ERR,ERR,ERR,ERR,ERR,ERR,ERR,ERR,ERR,ERR,ERR,ERR,ERR,ERR,ERR,ERR,ERR,ERR,ERR,ERR,ERR,ERR,ERR,ERR,ERR,ERR,ERR,ERR,ERR,ERR,ERR,ERR,ERR,ERR,ERR,ERR,ERR,ERR,ERR,ERR,ERR,ERR,ERR,ERR,ERR,ERR,ERR,ERR,ERR,ERR,ERR,ERR,ERR,ERR,ERR,ERR,ERR,ERR,ERR,ERR,ERR,ERR,ERR,ERR,ERR,ERR,ERR,ERR,ERR,ERR,ERR,ERR,ERR,ERR,ERR,ERR,ERR,ERR,ERR,ERR,ERR,ERR,ERR,ERR,ERR,ERR,ERR,ERR,ERR,ERR,ERR,ERR,ERR,ERR,ERR,ERR,ERR,ERR,ERR,ERR,ERR,ERR,ERR,ERR,ERR,ERR,ERR,ERR,ERR,ERR,ERR,ERR,ERR,ERR,ERR,ERR,ERR,ERR,ERR,ERR,ERR,ERR,ERR,ERR,ERR,0.0,0.0,-134474944.0,0.0,0.0,1.3936040501711995e+18,7.805,0.0,0,0,4,0,8422,0.0,45,0.0,0.0,0.0,0.0,0.0,0,0,0,0,0.0,0,0,0,0,0,0,0,0,0,0,0,0,0,0,0,0,0,0,0,0,0,0,0,0,0,0,0,0,0,0,0,0,0,38,14,7,45,65476,0,300,0,0,8,21553,0.0,-107605600.0,0.0,0.0,0.0,0.0,0.0,0.0,0.0,0.0,0.0,0.0,0.0,0.0,0.0,0.0,0.0,0.0,0.0,0.0,0.0,0.0,0.0,-2.004,-0.0,0.0,0.0,0.0,0.0,0.0,5040.0,-0.0,0.0,0.0,-107615288.0,0.0,-0.0,0.0,0.0,0.0,0.0,53,2.7184300208680915e+23,-107614792.0,0.0,0.0,0.0,0.0,0.0,0.0,0.0,0,0,0,0.0,0.0,0.0,0.0,0.0,0.0,0.0,0.0,0.0,0.0,0.0,0.0,0.0,0.0,0.0,0.0,0,-107875648.0,53,0.0,106,-107614832.0,-107350944.0,ERR,ERR,ERR,ERR,ERR,ERR,ERR,ERR,ERR,ERR,ERR,ERR,ERR,ERR,ERR,ERR,ERR,ERR,ERR,ERR,ERR,ERR,ERR,ERR,ERR,ERR,ERR,ERR,ERR,ERR,ERR,ERR,ERR,ERR,ERR,ERR,ERR,ERR,ERR,ERR,ERR,ERR,ERR,ERR,ERR,ERR,ERR,ERR,ERR,ERR,ERR,ERR,ERR,ERR,ERR,ERR,ERR,ERR,ERR,ERR,ERR,ERR,ERR,ERR,ERR,ERR,ERR,50.0,60.0,100,0.0,0.0,0.0,0.0,0.0,0.0,0.0,0.0,0.0,0.0,0.0,0.0,0.0,0.0,0.0,0.0,61.6,64,20,65521,50,65476,0,300,0,0,8,20529,65476,0,0,26214,60.0,0.0,0.0,0.0,0.0,0.0
2026-05-17T16:33:27,ERR,ERR,ERR,ERR,ERR,ERR,ERR,ERR,ERR,ERR,ERR,ERR,ERR,ERR,ERR,ERR,ERR,ERR,ERR,ERR,ERR,ERR,ERR,ERR,ERR,ERR,ERR,ERR,ERR,ERR,ERR,ERR,ERR,ERR,ERR,ERR,ERR,ERR,ERR,ERR,ERR,ERR,ERR,ERR,ERR,ERR,ERR,ERR,ERR,ERR,ERR,ERR,ERR,ERR,ERR,ERR,ERR,ERR,ERR,ERR,ERR,ERR,ERR,ERR,ERR,ERR,ERR,ERR,ERR,ERR,ERR,ERR,ERR,ERR,ERR,ERR,ERR,ERR,ERR,ERR,ERR,ERR,ERR,ERR,ERR,ERR,ERR,ERR,ERR,ERR,ERR,ERR,ERR,ERR,ERR,ERR,ERR,ERR,ERR,ERR,ERR,ERR,ERR,ERR,ERR,ERR,ERR,ERR,ERR,ERR,ERR,ERR,ERR,ERR,ERR,ERR,ERR,ERR,ERR,ERR,ERR,ERR,ERR,ERR,ERR,0.0,0.0,-134474944.0,0.0,0.0,1.3936040501711995e+18,7.805,0.0,0,0,4,0,8422,0.0,45,0.0,0.0,0.0,0.0,0.0,0,0,0,0,0.0,0,0,0,0,0,0,0,0,0,0,0,0,0,0,0,0,0,0,0,0,0,0,0,0,0,0,0,0,0,0,0,0,0,38,14,7,45,65476,0,300,0,0,8,21553,0.0,-107605600.0,0.0,0.0,0.0,0.0,0.0,0.0,0.0,0.0,0.0,0.0,0.0,0.0,0.0,0.0,0.0,0.0,0.0,0.0,0.0,0.0,0.0,-2.004,-0.0,0.0,0.0,0.0,0.0,0.0,5040.0,-0.0,0.0,0.0,-107615288.0,0.0,-0.0,0.0,0.0,0.0,0.0,53,2.7184300208680915e+23,-107614792.0,0.0,0.0,0.0,0.0,0.0,0.0,0.0,0,0,0,0.0,0.0,0.0,0.0,0.0,0.0,0.0,0.0,0.0,0.0,0.0,0.0,0.0,0.0,0.0,0.0,0,-107875648.0,53,0.0,106,-107614832.0,-107350944.0,ERR,ERR,ERR,ERR,ERR,ERR,ERR,ERR,ERR,ERR,ERR,ERR,ERR,ERR,ERR,ERR,ERR,ERR,ERR,ERR,ERR,ERR,ERR,ERR,ERR,ERR,ERR,ERR,ERR,ERR,ERR,ERR,ERR,ERR,ERR,ERR,ERR,ERR,ERR,ERR,ERR,ERR,ERR,ERR,ERR,ERR,ERR,ERR,ERR,ERR,ERR,ERR,ERR,ERR,ERR,ERR,ERR,ERR,ERR,ERR,ERR,ERR,ERR,ERR,ERR,ERR,ERR,50.0,60.0,100,0.0,0.0,0.0,0.0,0.0,0.0,0.0,0.0,0.0,0.0,0.0,0.0,0.0,0.0,0.0,0.0,61.6,64,20,65521,50,65476,0,300,0,0,8,20529,65476,0,0,26214,60.0,0.0,0.0,0.0,0.0,0.0
2026-05-17T16:33:28,ERR,ERR,ERR,ERR,ERR,ERR,ERR,ERR,ERR,ERR,ERR,ERR,ERR,ERR,ERR,ERR,ERR,ERR,ERR,ERR,ERR,ERR,ERR,ERR,ERR,ERR,ERR,ERR,ERR,ERR,ERR,ERR,ERR,ERR,ERR,ERR,ERR,ERR,ERR,ERR,ERR,ERR,ERR,ERR,ERR,ERR,ERR,ERR,ERR,ERR,ERR,ERR,ERR,ERR,ERR,ERR,ERR,ERR,ERR,ERR,ERR,ERR,ERR,ERR,ERR,ERR,ERR,ERR,ERR,ERR,ERR,ERR,ERR,ERR,ERR,ERR,ERR,ERR,ERR,ERR,ERR,ERR,ERR,ERR,ERR,ERR,ERR,ERR,ERR,ERR,ERR,ERR,ERR,ERR,ERR,ERR,ERR,ERR,ERR,ERR,ERR,ERR,ERR,ERR,ERR,ERR,ERR,ERR,ERR,ERR,ERR,ERR,ERR,ERR,ERR,ERR,ERR,ERR,ERR,ERR,ERR,ERR,ERR,ERR,ERR,0.0,0.0,-134474944.0,0.0,0.0,1.3936040501711995e+18,7.805,0.0,0,0,4,0,8422,0.0,45,0.0,0.0,0.0,0.0,0.0,0,0,0,0,0.0,0,0,0,0,0,0,0,0,0,0,0,0,0,0,0,0,0,0,0,0,0,0,0,0,0,0,0,0,0,0,0,0,0,38,14,7,45,65476,0,300,0,0,8,21553,0.0,-107605600.0,0.0,0.0,0.0,0.0,0.0,0.0,0.0,0.0,0.0,0.0,0.0,0.0,0.0,0.0,0.0,0.0,0.0,0.0,0.0,0.0,0.0,-2.004,-0.0,0.0,0.0,0.0,0.0,0.0,5040.0,-0.0,0.0,0.0,-107615288.0,0.0,-0.0,0.0,0.0,0.0,0.0,53,2.7184300208680915e+23,-107614792.0,0.0,0.0,0.0,0.0,0.0,0.0,0.0,0,0,0,0.0,0.0,0.0,0.0,0.0,0.0,0.0,0.0,0.0,0.0,0.0,0.0,0.0,0.0,0.0,0.0,0,-107875648.0,53,0.0,106,-107614832.0,-107350944.0,ERR,ERR,ERR,ERR,ERR,ERR,ERR,ERR,ERR,ERR,ERR,ERR,ERR,ERR,ERR,ERR,ERR,ERR,ERR,ERR,ERR,ERR,ERR,ERR,ERR,ERR,ERR,ERR,ERR,ERR,ERR,ERR,ERR,ERR,ERR,ERR,ERR,ERR,ERR,ERR,ERR,ERR,ERR,ERR,ERR,ERR,ERR,ERR,ERR,ERR,ERR,ERR,ERR,ERR,ERR,ERR,ERR,ERR,ERR,ERR,ERR,ERR,ERR,ERR,ERR,ERR,ERR,50.0,60.0,100,0.0,0.0,0.0,0.0,0.0,0.0,0.0,0.0,0.0,0.0,0.0,0.0,0.0,0.0,0.0,0.0,61.6,64,20,65521,50,65476,0,300,0,0,8,20529,65476,0,0,26214,60.0,0.0,0.0,0.0,0.0,0.0
2026-05-17T16:33:29,ERR,ERR,ERR,ERR,ERR,ERR,ERR,ERR,ERR,ERR,ERR,ERR,ERR,ERR,ERR,ERR,ERR,ERR,ERR,ERR,ERR,ERR,ERR,ERR,ERR,ERR,ERR,ERR,ERR,ERR,ERR,ERR,ERR,ERR,ERR,ERR,ERR,ERR,ERR,ERR,ERR,ERR,ERR,ERR,ERR,ERR,ERR,ERR,ERR,ERR,ERR,ERR,ERR,ERR,ERR,ERR,ERR,ERR,ERR,ERR,ERR,ERR,ERR,ERR,ERR,ERR,ERR,ERR,ERR,ERR,ERR,ERR,ERR,ERR,ERR,ERR,ERR,ERR,ERR,ERR,ERR,ERR,ERR,ERR,ERR,ERR,ERR,ERR,ERR,ERR,ERR,ERR,ERR,ERR,ERR,ERR,ERR,ERR,ERR,ERR,ERR,ERR,ERR,ERR,ERR,ERR,ERR,ERR,ERR,ERR,ERR,ERR,ERR,ERR,ERR,ERR,ERR,ERR,ERR,ERR,ERR,ERR,ERR,ERR,ERR,0.0,-107615288.0,-0.0,0.0,0.0,1.3936040501711995e+18,7.805,0.0,0,0,4,0,8422,0.0,45,0.0,0.0,0.0,0.0,0.0,0,0,0,0,0.0,0,0,0,0,0,0,0,0,0,0,0,0,0,0,0,0,0,0,0,0,0,0,0,0,0,0,0,0,0,0,0,0,0,38,14,7,45,65476,0,300,0,0,8,21553,0.0,-107605600.0,0.0,0.0,0.0,0.0,0.0,0.0,0.0,0.0,0.0,0.0,0.0,0.0,0.0,0.0,0.0,0.0,0.0,0.0,0.0,0.0,0.0,-2.004,-2.004,0.0,0.0,0.0,0.0,0.0,5040.0,-0.0,0.0,0.0,-107615288.0,0.0,-0.0,0.0,0.0,0.0,0.0,53,2.7184300208680915e+23,-71.629,0.0,0.0,0.0,0.0,0.0,0.0,0.0,0,0,0,0.0,0.0,0.0,0.0,0.0,0.0,0.0,0.0,0.0,0.0,0.0,0.0,0.0,0.0,0.0,0.0,0,-107875648.0,53,0.0,106,-107614832.0,-107350944.0,ERR,ERR,ERR,ERR,ERR,ERR,ERR,ERR,ERR,ERR,ERR,ERR,ERR,ERR,ERR,ERR,ERR,ERR,ERR,ERR,ERR,ERR,ERR,ERR,ERR,ERR,ERR,ERR,ERR,ERR,ERR,ERR,ERR,ERR,ERR,ERR,ERR,ERR,ERR,ERR,ERR,ERR,ERR,ERR,ERR,ERR,ERR,ERR,ERR,ERR,ERR,ERR,ERR,ERR,ERR,ERR,ERR,ERR,ERR,ERR,ERR,ERR,ERR,ERR,ERR,ERR,ERR,50.0,60.0,100,0.0,0.0,0.0,0.0,0.0,0.0,0.0,0.0,0.0,0.0,0.0,0.0,0.0,0.0,0.0,0.0,62.0,64,20,65521,50,65476,0,300,0,0,8,20529,65476,0,0,26214,60.0,0.0,0.0,0.0,0.0,0.0
2026-05-17T16:33:30,ERR,ERR,ERR,ERR,ERR,ERR,ERR,ERR,ERR,ERR,ERR,ERR,ERR,ERR,ERR,ERR,ERR,ERR,ERR,ERR,ERR,ERR,ERR,ERR,ERR,ERR,ERR,ERR,ERR,ERR,ERR,ERR,ERR,ERR,ERR,ERR,ERR,ERR,ERR,ERR,ERR,ERR,ERR,ERR,ERR,ERR,ERR,ERR,ERR,ERR,ERR,ERR,ERR,ERR,ERR,ERR,ERR,ERR,ERR,ERR,ERR,ERR,ERR,ERR,ERR,ERR,ERR,ERR,ERR,ERR,ERR,ERR,ERR,ERR,ERR,ERR,ERR,ERR,ERR,ERR,ERR,ERR,ERR,ERR,ERR,ERR,ERR,ERR,ERR,ERR,ERR,ERR,ERR,ERR,ERR,ERR,ERR,ERR,ERR,ERR,ERR,ERR,ERR,ERR,ERR,ERR,ERR,ERR,ERR,ERR,ERR,ERR,ERR,ERR,ERR,ERR,ERR,ERR,ERR,ERR,ERR,ERR,ERR,ERR,ERR,0.0,-107615288.0,-0.0,0.0,0.0,1.3936040501711995e+18,7.805,0.0,0,0,4,0,8422,0.0,45,0.0,0.0,0.0,0.0,0.0,0,0,0,0,0.0,0,0,0,0,0,0,0,0,0,0,0,0,0,0,0,0,0,0,0,0,0,0,0,0,0,0,0,0,0,0,0,0,0,38,14,7,45,65476,0,300,0,0,8,21553,0.0,-107605600.0,0.0,0.0,0.0,0.0,0.0,0.0,0.0,0.0,0.0,0.0,0.0,0.0,0.0,0.0,0.0,0.0,0.0,0.0,0.0,0.0,0.0,-2.004,-2.004,0.0,0.0,0.0,0.0,0.0,5040.0,-0.0,0.0,0.0,-107615288.0,0.0,-0.0,0.0,0.0,0.0,0.0,53,2.7184300208680915e+23,-71.629,0.0,0.0,0.0,0.0,0.0,0.0,0.0,0,0,0,0.0,0.0,0.0,0.0,0.0,0.0,0.0,0.0,0.0,0.0,0.0,0.0,0.0,0.0,0.0,0.0,0,-107875648.0,53,0.0,106,-107614832.0,-107350944.0,ERR,ERR,ERR,ERR,ERR,ERR,ERR,ERR,ERR,ERR,ERR,ERR,ERR,ERR,ERR,ERR,ERR,ERR,ERR,ERR,ERR,ERR,ERR,ERR,ERR,ERR,ERR,ERR,ERR,ERR,ERR,ERR,ERR,ERR,ERR,ERR,ERR,ERR,ERR,ERR,ERR,ERR,ERR,ERR,ERR,ERR,ERR,ERR,ERR,ERR,ERR,ERR,ERR,ERR,ERR,ERR,ERR,ERR,ERR,ERR,ERR,ERR,ERR,ERR,ERR,ERR,ERR,50.0,60.0,100,0.0,0.0,0.0,0.0,0.0,0.0,0.0,0.0,0.0,0.0,0.0,0.0,0.0,0.0,0.0,0.0,62.0,64,20,65521,50,65476,0,300,0,0,8,20529,65476,0,0,26214,60.0,0.0,0.0,0.0,0.0,0.0
2026-05-17T16:33:31,ERR,ERR,ERR,ERR,ERR,ERR,ERR,ERR,ERR,ERR,ERR,ERR,ERR,ERR,ERR,ERR,ERR,ERR,ERR,ERR,ERR,ERR,ERR,ERR,ERR,ERR,ERR,ERR,ERR,ERR,ERR,ERR,ERR,ERR,ERR,ERR,ERR,ERR,ERR,ERR,ERR,ERR,ERR,ERR,ERR,ERR,ERR,ERR,ERR,ERR,ERR,ERR,ERR,ERR,ERR,ERR,ERR,ERR,ERR,ERR,ERR,ERR,ERR,ERR,ERR,ERR,ERR,ERR,ERR,ERR,ERR,ERR,ERR,ERR,ERR,ERR,ERR,ERR,ERR,ERR,ERR,ERR,ERR,ERR,ERR,ERR,ERR,ERR,ERR,ERR,ERR,ERR,ERR,ERR,ERR,ERR,ERR,ERR,ERR,ERR,ERR,ERR,ERR,ERR,ERR,ERR,ERR,ERR,ERR,ERR,ERR,ERR,ERR,ERR,ERR,ERR,ERR,ERR,ERR,ERR,ERR,ERR,ERR,ERR,ERR,0.0,-107615288.0,-0.0,0.0,0.0,1.3936040501711995e+18,7.805,0.0,0,0,4,0,8422,0.0,45,0.0,0.0,0.0,0.0,0.0,0,0,0,0,0.0,0,0,0,0,0,0,0,0,0,0,0,0,0,0,0,0,0,0,0,0,0,0,0,0,0,0,0,0,0,0,0,0,0,38,14,7,45,65476,0,300,0,0,8,21553,0.0,-107605600.0,0.0,0.0,0.0,0.0,0.0,0.0,0.0,0.0,0.0,0.0,0.0,0.0,0.0,0.0,0.0,0.0,0.0,0.0,0.0,0.0,0.0,-2.004,-2.004,0.0,0.0,0.0,0.0,0.0,5040.0,-0.0,0.0,0.0,-107615288.0,0.0,-0.0,0.0,0.0,0.0,0.0,53,2.7184300208680915e+23,-71.629,0.0,0.0,0.0,0.0,0.0,0.0,0.0,0,0,0,0.0,0.0,0.0,0.0,0.0,0.0,0.0,0.0,0.0,0.0,0.0,0.0,0.0,0.0,0.0,0.0,0,-107875648.0,53,0.0,106,-107614832.0,-107350944.0,ERR,ERR,ERR,ERR,ERR,ERR,ERR,ERR,ERR,ERR,ERR,ERR,ERR,ERR,ERR,ERR,ERR,ERR,ERR,ERR,ERR,ERR,ERR,ERR,ERR,ERR,ERR,ERR,ERR,ERR,ERR,ERR,ERR,ERR,ERR,ERR,ERR,ERR,ERR,ERR,ERR,ERR,ERR,ERR,ERR,ERR,ERR,ERR,ERR,ERR,ERR,ERR,ERR,ERR,ERR,ERR,ERR,ERR,ERR,ERR,ERR,ERR,ERR,ERR,ERR,ERR,ERR,50.0,60.0,100,0.0,0.0,0.0,0.0,0.0,0.0,0.0,0.0,0.0,0.0,0.0,0.0,0.0,0.0,0.0,0.0,61.6,64,20,65521,50,65476,0,300,0,0,8,20529,65476,0,0,26214,60.0,0.0,0.0,0.0,0.0,0.0
2026-05-17T16:33:32,ERR,ERR,ERR,ERR,ERR,ERR,ERR,ERR,ERR,ERR,ERR,ERR,ERR,ERR,ERR,ERR,ERR,ERR,ERR,ERR,ERR,ERR,ERR,ERR,ERR,ERR,ERR,ERR,ERR,ERR,ERR,ERR,ERR,ERR,ERR,ERR,ERR,ERR,ERR,ERR,ERR,ERR,ERR,ERR,ERR,ERR,ERR,ERR,ERR,ERR,ERR,ERR,ERR,ERR,ERR,ERR,ERR,ERR,ERR,ERR,ERR,ERR,ERR,ERR,ERR,ERR,ERR,ERR,ERR,ERR,ERR,ERR,ERR,ERR,ERR,ERR,ERR,ERR,ERR,ERR,ERR,ERR,ERR,ERR,ERR,ERR,ERR,ERR,ERR,ERR,ERR,ERR,ERR,ERR,ERR,ERR,ERR,ERR,ERR,ERR,ERR,ERR,ERR,ERR,ERR,ERR,ERR,ERR,ERR,ERR,ERR,ERR,ERR,ERR,ERR,ERR,ERR,ERR,ERR,ERR,ERR,ERR,ERR,ERR,ERR,0.0,-107615288.0,-0.0,0.0,0.0,1.3936040501711995e+18,7.805,0.0,0,0,4,0,8422,0.0,45,0.0,0.0,0.0,0.0,0.0,0,0,0,0,0.0,0,0,0,0,0,0,0,0,0,0,0,0,0,0,0,0,0,0,0,0,0,0,0,0,0,0,0,0,0,0,0,0,0,38,14,7,45,65476,0,300,0,0,8,21553,0.0,-107605600.0,0.0,0.0,0.0,0.0,0.0,0.0,0.0,0.0,0.0,0.0,0.0,0.0,0.0,0.0,0.0,0.0,0.0,0.0,0.0,0.0,0.0,-2.004,-2.004,0.0,0.0,0.0,0.0,0.0,5040.0,-0.0,0.0,0.0,-107615288.0,0.0,-0.0,0.0,0.0,0.0,0.0,53,2.7184300208680915e+23,-71.629,0.0,0.0,0.0,0.0,0.0,0.0,0.0,0,0,0,0.0,0.0,0.0,0.0,0.0,0.0,0.0,0.0,0.0,0.0,0.0,0.0,0.0,0.0,0.0,0.0,0,-107875648.0,53,0.0,106,-107614832.0,-107350944.0,ERR,ERR,ERR,ERR,ERR,ERR,ERR,ERR,ERR,ERR,ERR,ERR,ERR,ERR,ERR,ERR,ERR,ERR,ERR,ERR,ERR,ERR,ERR,ERR,ERR,ERR,ERR,ERR,ERR,ERR,ERR,ERR,ERR,ERR,ERR,ERR,ERR,ERR,ERR,ERR,ERR,ERR,ERR,ERR,ERR,ERR,ERR,ERR,ERR,ERR,ERR,ERR,ERR,ERR,ERR,ERR,ERR,ERR,ERR,ERR,ERR,ERR,ERR,ERR,ERR,ERR,ERR,50.0,60.0,100,0.0,0.0,0.0,0.0,0.0,0.0,0.0,0.0,0.0,0.0,0.0,0.0,0.0,0.0,0.0,0.0,62.0,64,20,65521,50,65476,0,300,0,0,8,20529,65476,0,0,26214,60.0,0.0,0.0,0.0,0.0,0.0
2026-05-17T16:33:33,ERR,ERR,ERR,ERR,ERR,ERR,ERR,ERR,ERR,ERR,ERR,ERR,ERR,ERR,ERR,ERR,ERR,ERR,ERR,ERR,ERR,ERR,ERR,ERR,ERR,ERR,ERR,ERR,ERR,ERR,ERR,ERR,ERR,ERR,ERR,ERR,ERR,ERR,ERR,ERR,ERR,ERR,ERR,ERR,ERR,ERR,ERR,ERR,ERR,ERR,ERR,ERR,ERR,ERR,ERR,ERR,ERR,ERR,ERR,ERR,ERR,ERR,ERR,ERR,ERR,ERR,ERR,ERR,ERR,ERR,ERR,ERR,ERR,ERR,ERR,ERR,ERR,ERR,ERR,ERR,ERR,ERR,ERR,ERR,ERR,ERR,ERR,ERR,ERR,ERR,ERR,ERR,ERR,ERR,ERR,ERR,ERR,ERR,ERR,ERR,ERR,ERR,ERR,ERR,ERR,ERR,ERR,ERR,ERR,ERR,ERR,ERR,ERR,ERR,ERR,ERR,ERR,ERR,ERR,ERR,ERR,ERR,ERR,ERR,ERR,0.0,-107615288.0,-0.0,0.0,0.0,1.3936040501711995e+18,7.805,0.0,0,0,4,0,8422,0.0,45,0.0,0.0,0.0,0.0,0.0,0,0,0,0,0.0,0,0,0,0,0,0,0,0,0,0,0,0,0,0,0,0,0,0,0,0,0,0,0,0,0,0,0,0,0,0,0,0,0,38,14,7,45,65476,0,300,0,0,8,21553,0.0,-107605600.0,0.0,0.0,0.0,0.0,0.0,0.0,0.0,0.0,0.0,0.0,0.0,0.0,0.0,0.0,0.0,0.0,0.0,0.0,0.0,0.0,0.0,-2.004,-2.004,0.0,0.0,0.0,0.0,0.0,5040.0,-0.0,0.0,0.0,-107615288.0,0.0,-0.0,0.0,0.0,0.0,0.0,53,2.7184300208680915e+23,-71.629,0.0,0.0,0.0,0.0,0.0,0.0,0.0,0,0,0,0.0,0.0,0.0,0.0,0.0,0.0,0.0,0.0,0.0,0.0,0.0,0.0,0.0,0.0,0.0,0.0,0,-107875648.0,53,0.0,106,-107614832.0,-107350944.0,ERR,ERR,ERR,ERR,ERR,ERR,ERR,ERR,ERR,ERR,ERR,ERR,ERR,ERR,ERR,ERR,ERR,ERR,ERR,ERR,ERR,ERR,ERR,ERR,ERR,ERR,ERR,ERR,ERR,ERR,ERR,ERR,ERR,ERR,ERR,ERR,ERR,ERR,ERR,ERR,ERR,ERR,ERR,ERR,ERR,ERR,ERR,ERR,ERR,ERR,ERR,ERR,ERR,ERR,ERR,ERR,ERR,ERR,ERR,ERR,ERR,ERR,ERR,ERR,ERR,ERR,ERR,50.0,60.0,100,0.0,0.0,0.0,0.0,0.0,0.0,0.0,0.0,0.0,0.0,0.0,0.0,0.0,0.0,0.0,0.0,62.0,64,20,65521,50,65476,0,300,0,0,8,20529,65476,0,0,26214,60.0,0.0,0.0,0.0,0.0,0.0
2026-05-17T16:33:34,ERR,ERR,ERR,ERR,ERR,ERR,ERR,ERR,ERR,ERR,ERR,ERR,ERR,ERR,ERR,ERR,ERR,ERR,ERR,ERR,ERR,ERR,ERR,ERR,ERR,ERR,ERR,ERR,ERR,ERR,ERR,ERR,ERR,ERR,ERR,ERR,ERR,ERR,ERR,ERR,ERR,ERR,ERR,ERR,ERR,ERR,ERR,ERR,ERR,ERR,ERR,ERR,ERR,ERR,ERR,ERR,ERR,ERR,ERR,ERR,ERR,ERR,ERR,ERR,ERR,ERR,ERR,ERR,ERR,ERR,ERR,ERR,ERR,ERR,ERR,ERR,ERR,ERR,ERR,ERR,ERR,ERR,ERR,ERR,ERR,ERR,ERR,ERR,ERR,ERR,ERR,ERR,ERR,ERR,ERR,ERR,ERR,ERR,ERR,ERR,ERR,ERR,ERR,ERR,ERR,ERR,ERR,ERR,ERR,ERR,ERR,ERR,ERR,ERR,ERR,ERR,ERR,ERR,ERR,ERR,ERR,ERR,ERR,ERR,ERR,0.0,-107615288.0,-0.0,0.0,0.0,1.3936040501711995e+18,7.805,0.0,0,0,4,0,8422,0.0,45,0.0,0.0,0.0,0.0,0.0,0,0,0,0,0.0,0,0,0,0,0,0,0,0,0,0,0,0,0,0,0,0,0,0,0,0,0,0,0,0,0,0,0,0,0,0,0,0,0,38,14,7,45,65476,0,300,0,0,8,21553,0.0,-107605600.0,0.0,0.0,0.0,0.0,0.0,0.0,0.0,0.0,0.0,0.0,0.0,0.0,0.0,0.0,0.0,0.0,0.0,0.0,0.0,0.0,0.0,-2.004,-0.0,0.0,0.0,0.0,0.0,0.0,5037.0,1.040665504650976e+34,0.0,0.0,-107615288.0,0.0,-107615304.0,0.0,0.0,0.0,0.0,53,152018454839296.0,-0.0,0.0,0.0,0.0,0.0,0.0,0.0,0.0,0,0,0,0.0,0.0,0.0,0.0,0.0,0.0,0.0,0.0,0.0,0.0,0.0,0.0,0.0,0.0,0.0,0.0,0,-107875648.0,53,0.0,106,-107614832.0,-107350944.0,ERR,ERR,ERR,ERR,ERR,ERR,ERR,ERR,ERR,ERR,ERR,ERR,ERR,ERR,ERR,ERR,ERR,ERR,ERR,ERR,ERR,ERR,ERR,ERR,ERR,ERR,ERR,ERR,ERR,ERR,ERR,ERR,ERR,ERR,ERR,ERR,ERR,ERR,ERR,ERR,ERR,ERR,ERR,ERR,ERR,ERR,ERR,ERR,ERR,ERR,ERR,ERR,ERR,ERR,ERR,ERR,ERR,ERR,ERR,ERR,ERR,ERR,ERR,ERR,ERR,ERR,ERR,50.0,60.0,100,0.0,0.0,0.0,0.0,0.0,0.0,0.0,0.0,0.0,0.0,0.0,0.0,0.0,0.0,0.0,0.0,62.0,64,20,65521,50,65476,0,300,0,0,8,20529,65476,0,0,26214,60.0,0.0,0.0,0.0,0.0,0.0
2026-05-17T16:33:35,ERR,ERR,ERR,ERR,ERR,ERR,ERR,ERR,ERR,ERR,ERR,ERR,ERR,ERR,ERR,ERR,ERR,ERR,ERR,ERR,ERR,ERR,ERR,ERR,ERR,ERR,ERR,ERR,ERR,ERR,ERR,ERR,ERR,ERR,ERR,ERR,ERR,ERR,ERR,ERR,ERR,ERR,ERR,ERR,ERR,ERR,ERR,ERR,ERR,ERR,ERR,ERR,ERR,ERR,ERR,ERR,ERR,ERR,ERR,ERR,ERR,ERR,ERR,ERR,ERR,ERR,ERR,ERR,ERR,ERR,ERR,ERR,ERR,ERR,ERR,ERR,ERR,ERR,ERR,ERR,ERR,ERR,ERR,ERR,ERR,ERR,ERR,ERR,ERR,ERR,ERR,ERR,ERR,ERR,ERR,ERR,ERR,ERR,ERR,ERR,ERR,ERR,ERR,ERR,ERR,ERR,ERR,ERR,ERR,ERR,ERR,ERR,ERR,ERR,ERR,ERR,ERR,ERR,ERR,ERR,ERR,ERR,ERR,ERR,ERR,0.0,-107615288.0,-0.0,0.0,0.0,1.3936040501711995e+18,7.805,0.0,0,0,4,0,8422,0.0,45,0.0,0.0,0.0,0.0,0.0,0,0,0,0,0.0,0,0,0,0,0,0,0,0,0,0,0,0,0,0,0,0,0,0,0,0,0,0,0,0,0,0,0,0,0,0,0,0,0,38,14,7,45,65476,0,300,0,0,8,21553,0.0,-107605600.0,0.0,0.0,0.0,0.0,0.0,0.0,0.0,0.0,0.0,0.0,0.0,0.0,0.0,0.0,0.0,0.0,0.0,0.0,0.0,0.0,0.0,-2.004,-0.0,0.0,0.0,0.0,0.0,0.0,5037.0,1.040665504650976e+34,0.0,0.0,-107615288.0,0.0,-107615304.0,0.0,0.0,0.0,0.0,53,152018454839296.0,-0.0,0.0,0.0,0.0,0.0,0.0,0.0,0.0,0,0,0,0.0,0.0,0.0,0.0,0.0,0.0,0.0,0.0,0.0,0.0,0.0,0.0,0.0,0.0,0.0,0.0,0,-107875648.0,53,0.0,106,-107614832.0,-107350944.0,ERR,ERR,ERR,ERR,ERR,ERR,ERR,ERR,ERR,ERR,ERR,ERR,ERR,ERR,ERR,ERR,ERR,ERR,ERR,ERR,ERR,ERR,ERR,ERR,ERR,ERR,ERR,ERR,ERR,ERR,ERR,ERR,ERR,ERR,ERR,ERR,ERR,ERR,ERR,ERR,ERR,ERR,ERR,ERR,ERR,ERR,ERR,ERR,ERR,ERR,ERR,ERR,ERR,ERR,ERR,ERR,ERR,ERR,ERR,ERR,ERR,ERR,ERR,ERR,ERR,ERR,ERR,50.0,60.0,100,0.0,0.0,0.0,0.0,0.0,0.0,0.0,0.0,0.0,0.0,0.0,0.0,0.0,0.0,0.0,0.0,62.0,64,20,65521,50,65476,0,300,0,0,8,20529,65476,0,0,26214,60.0,0.0,0.0,0.0,0.0,0.0
2026-05-17T16:33:36,ERR,ERR,ERR,ERR,ERR,ERR,ERR,ERR,ERR,ERR,ERR,ERR,ERR,ERR,ERR,ERR,ERR,ERR,ERR,ERR,ERR,ERR,ERR,ERR,ERR,ERR,ERR,ERR,ERR,ERR,ERR,ERR,ERR,ERR,ERR,ERR,ERR,ERR,ERR,ERR,ERR,ERR,ERR,ERR,ERR,ERR,ERR,ERR,ERR,ERR,ERR,ERR,ERR,ERR,ERR,ERR,ERR,ERR,ERR,ERR,ERR,ERR,ERR,ERR,ERR,ERR,ERR,ERR,ERR,ERR,ERR,ERR,ERR,ERR,ERR,ERR,ERR,ERR,ERR,ERR,ERR,ERR,ERR,ERR,ERR,ERR,ERR,ERR,ERR,ERR,ERR,ERR,ERR,ERR,ERR,ERR,ERR,ERR,ERR,ERR,ERR,ERR,ERR,ERR,ERR,ERR,ERR,ERR,ERR,ERR,ERR,ERR,ERR,ERR,ERR,ERR,ERR,ERR,ERR,ERR,ERR,ERR,ERR,ERR,ERR,0.0,-107615288.0,-0.0,0.0,0.0,1.3936040501711995e+18,7.805,0.0,0,0,4,0,8422,0.0,45,0.0,0.0,0.0,0.0,0.0,0,0,0,0,0.0,0,0,0,0,0,0,0,0,0,0,0,0,0,0,0,0,0,0,0,0,0,0,0,0,0,0,0,0,0,0,0,0,0,38,14,7,45,65476,0,300,0,0,8,21553,0.0,-107605600.0,0.0,0.0,0.0,0.0,0.0,0.0,0.0,0.0,0.0,0.0,0.0,0.0,0.0,0.0,0.0,0.0,0.0,0.0,0.0,0.0,0.0,-2.004,-0.0,0.0,0.0,0.0,0.0,0.0,5037.0,1.040665504650976e+34,0.0,0.0,-107615288.0,0.0,-107615304.0,0.0,0.0,0.0,0.0,53,152018454839296.0,-0.0,0.0,0.0,0.0,0.0,0.0,0.0,0.0,0,0,0,0.0,0.0,0.0,0.0,0.0,0.0,0.0,0.0,0.0,0.0,0.0,0.0,0.0,0.0,0.0,0.0,0,-107875648.0,53,0.0,106,-107614832.0,-107350944.0,ERR,ERR,ERR,ERR,ERR,ERR,ERR,ERR,ERR,ERR,ERR,ERR,ERR,ERR,ERR,ERR,ERR,ERR,ERR,ERR,ERR,ERR,ERR,ERR,ERR,ERR,ERR,ERR,ERR,ERR,ERR,ERR,ERR,ERR,ERR,ERR,ERR,ERR,ERR,ERR,ERR,ERR,ERR,ERR,ERR,ERR,ERR,ERR,ERR,ERR,ERR,ERR,ERR,ERR,ERR,ERR,ERR,ERR,ERR,ERR,ERR,ERR,ERR,ERR,ERR,ERR,ERR,50.0,60.0,100,0.0,0.0,0.0,0.0,0.0,0.0,0.0,0.0,0.0,0.0,0.0,0.0,0.0,0.0,0.0,0.0,61.6,64,20,65521,50,65476,0,300,0,0,8,20529,65476,0,0,26214,60.0,0.0,0.0,0.0,0.0,0.0
2026-05-17T16:33:37,ERR,ERR,ERR,ERR,ERR,ERR,ERR,ERR,ERR,ERR,ERR,ERR,ERR,ERR,ERR,ERR,ERR,ERR,ERR,ERR,ERR,ERR,ERR,ERR,ERR,ERR,ERR,ERR,ERR,ERR,ERR,ERR,ERR,ERR,ERR,ERR,ERR,ERR,ERR,ERR,ERR,ERR,ERR,ERR,ERR,ERR,ERR,ERR,ERR,ERR,ERR,ERR,ERR,ERR,ERR,ERR,ERR,ERR,ERR,ERR,ERR,ERR,ERR,ERR,ERR,ERR,ERR,ERR,ERR,ERR,ERR,ERR,ERR,ERR,ERR,ERR,ERR,ERR,ERR,ERR,ERR,ERR,ERR,ERR,ERR,ERR,ERR,ERR,ERR,ERR,ERR,ERR,ERR,ERR,ERR,ERR,ERR,ERR,ERR,ERR,ERR,ERR,ERR,ERR,ERR,ERR,ERR,ERR,ERR,ERR,ERR,ERR,ERR,ERR,ERR,ERR,ERR,ERR,ERR,ERR,ERR,ERR,ERR,ERR,ERR,0.0,-107615288.0,-0.0,0.0,0.0,1.3936040501711995e+18,7.805,0.0,0,0,4,0,8422,0.0,45,0.0,0.0,0.0,0.0,0.0,0,0,0,0,0.0,0,0,0,0,0,0,0,0,0,0,0,0,0,0,0,0,0,0,0,0,0,0,0,0,0,0,0,0,0,0,0,0,0,38,14,7,45,65476,0,300,0,0,8,21553,0.0,-107605600.0,0.0,0.0,0.0,0.0,0.0,0.0,0.0,0.0,0.0,0.0,0.0,0.0,0.0,0.0,0.0,0.0,0.0,0.0,0.0,0.0,0.0,-2.004,-0.0,0.0,0.0,0.0,0.0,0.0,5037.0,1.040665504650976e+34,0.0,0.0,-107615288.0,0.0,-107615304.0,0.0,0.0,0.0,0.0,53,152018454839296.0,-0.0,0.0,0.0,0.0,0.0,0.0,0.0,0.0,0,0,0,0.0,0.0,0.0,0.0,0.0,0.0,0.0,0.0,0.0,0.0,0.0,0.0,0.0,0.0,0.0,0.0,0,-107875648.0,53,0.0,106,-107614832.0,-107350944.0,ERR,ERR,ERR,ERR,ERR,ERR,ERR,ERR,ERR,ERR,ERR,ERR,ERR,ERR,ERR,ERR,ERR,ERR,ERR,ERR,ERR,ERR,ERR,ERR,ERR,ERR,ERR,ERR,ERR,ERR,ERR,ERR,ERR,ERR,ERR,ERR,ERR,ERR,ERR,ERR,ERR,ERR,ERR,ERR,ERR,ERR,ERR,ERR,ERR,ERR,ERR,ERR,ERR,ERR,ERR,ERR,ERR,ERR,ERR,ERR,ERR,ERR,ERR,ERR,ERR,ERR,ERR,50.0,60.0,100,0.0,0.0,0.0,0.0,0.0,0.0,0.0,0.0,0.0,0.0,0.0,0.0,0.0,0.0,0.0,0.0,61.6,64,20,65521,50,65476,0,300,0,0,8,20529,65476,0,0,26214,60.0,0.0,0.0,0.0,0.0,0.0
2026-05-17T16:33:38,ERR,ERR,ERR,ERR,ERR,ERR,ERR,ERR,ERR,ERR,ERR,ERR,ERR,ERR,ERR,ERR,ERR,ERR,ERR,ERR,ERR,ERR,ERR,ERR,ERR,ERR,ERR,ERR,ERR,ERR,ERR,ERR,ERR,ERR,ERR,ERR,ERR,ERR,ERR,ERR,ERR,ERR,ERR,ERR,ERR,ERR,ERR,ERR,ERR,ERR,ERR,ERR,ERR,ERR,ERR,ERR,ERR,ERR,ERR,ERR,ERR,ERR,ERR,ERR,ERR,ERR,ERR,ERR,ERR,ERR,ERR,ERR,ERR,ERR,ERR,ERR,ERR,ERR,ERR,ERR,ERR,ERR,ERR,ERR,ERR,ERR,ERR,ERR,ERR,ERR,ERR,ERR,ERR,ERR,ERR,ERR,ERR,ERR,ERR,ERR,ERR,ERR,ERR,ERR,ERR,ERR,ERR,ERR,ERR,ERR,ERR,ERR,ERR,ERR,ERR,ERR,ERR,ERR,ERR,ERR,ERR,ERR,ERR,ERR,ERR,0.0,-107615288.0,-0.0,0.0,0.0,1.3936040501711995e+18,7.805,0.0,0,0,4,0,8422,0.0,45,0.0,0.0,0.0,0.0,0.0,0,0,0,0,0.0,0,0,0,0,0,0,0,0,0,0,0,0,0,0,0,0,0,0,0,0,0,0,0,0,0,0,0,0,0,0,0,0,0,38,14,7,45,65476,0,300,0,0,8,21553,0.0,-107605600.0,0.0,0.0,0.0,0.0,0.0,0.0,0.0,0.0,0.0,0.0,0.0,0.0,0.0,0.0,0.0,0.0,0.0,0.0,0.0,0.0,0.0,-2.004,-0.0,0.0,0.0,0.0,0.0,0.0,5037.0,1.040665504650976e+34,0.0,0.0,-107615288.0,0.0,-107615304.0,0.0,0.0,0.0,0.0,53,152018454839296.0,-0.0,0.0,0.0,0.0,0.0,0.0,0.0,0.0,0,0,0,0.0,0.0,0.0,0.0,0.0,0.0,0.0,0.0,0.0,0.0,0.0,0.0,0.0,0.0,0.0,0.0,0,-107875648.0,53,0.0,106,-107614832.0,-107350944.0,ERR,ERR,ERR,ERR,ERR,ERR,ERR,ERR,ERR,ERR,ERR,ERR,ERR,ERR,ERR,ERR,ERR,ERR,ERR,ERR,ERR,ERR,ERR,ERR,ERR,ERR,ERR,ERR,ERR,ERR,ERR,ERR,ERR,ERR,ERR,ERR,ERR,ERR,ERR,ERR,ERR,ERR,ERR,ERR,ERR,ERR,ERR,ERR,ERR,ERR,ERR,ERR,ERR,ERR,ERR,ERR,ERR,ERR,ERR,ERR,ERR,ERR,ERR,ERR,ERR,ERR,ERR,50.0,60.0,100,0.0,0.0,0.0,0.0,0.0,0.0,0.0,0.0,0.0,0.0,0.0,0.0,0.0,0.0,0.0,0.0,61.6,64,20,65521,50,65476,0,300,0,0,8,20529,65476,0,0,26214,60.0,0.0,0.0,0.0,0.0,0.0
2026-05-17T16:33:39,ERR,ERR,ERR,ERR,ERR,ERR,ERR,ERR,ERR,ERR,ERR,ERR,ERR,ERR,ERR,ERR,ERR,ERR,ERR,ERR,ERR,ERR,ERR,ERR,ERR,ERR,ERR,ERR,ERR,ERR,ERR,ERR,ERR,ERR,ERR,ERR,ERR,ERR,ERR,ERR,ERR,ERR,ERR,ERR,ERR,ERR,ERR,ERR,ERR,ERR,ERR,ERR,ERR,ERR,ERR,ERR,ERR,ERR,ERR,ERR,ERR,ERR,ERR,ERR,ERR,ERR,ERR,ERR,ERR,ERR,ERR,ERR,ERR,ERR,ERR,ERR,ERR,ERR,ERR,ERR,ERR,ERR,ERR,ERR,ERR,ERR,ERR,ERR,ERR,ERR,ERR,ERR,ERR,ERR,ERR,ERR,ERR,ERR,ERR,ERR,ERR,ERR,ERR,ERR,ERR,ERR,ERR,ERR,ERR,ERR,ERR,ERR,ERR,ERR,ERR,ERR,ERR,ERR,ERR,ERR,ERR,ERR,ERR,ERR,ERR,0.0,-107615288.0,-0.0,0.0,0.0,1.3936040501711995e+18,7.805,0.0,0,0,4,0,8422,0.0,45,0.0,0.0,0.0,0.0,0.0,0,0,0,0,0.0,0,0,0,0,0,0,0,0,0,0,0,0,0,0,0,0,0,0,0,0,0,0,0,0,0,0,0,0,0,0,0,0,0,38,14,7,45,65476,0,300,0,0,8,21553,0.0,-107605600.0,0.0,0.0,0.0,0.0,0.0,0.0,0.0,0.0,0.0,0.0,0.0,0.0,0.0,0.0,0.0,0.0,0.0,0.0,0.0,0.0,0.0,-2.004,-0.0,0.0,0.0,0.0,0.0,0.0,5041.0,131350.453,0.0,0.0,-107615288.0,0.0,-0.0,0.0,0.0,0.0,0.0,53,3.222028592685471e+26,126840545280.0,0.0,0.0,0.0,0.0,0.0,0.0,0.0,0,0,0,0.0,0.0,0.0,0.0,0.0,0.0,0.0,0.0,0.0,0.0,0.0,0.0,0.0,0.0,0.0,0.0,0,-107875648.0,53,0.0,106,-107614832.0,-107350944.0,ERR,ERR,ERR,ERR,ERR,ERR,ERR,ERR,ERR,ERR,ERR,ERR,ERR,ERR,ERR,ERR,ERR,ERR,ERR,ERR,ERR,ERR,ERR,ERR,ERR,ERR,ERR,ERR,ERR,ERR,ERR,ERR,ERR,ERR,ERR,ERR,ERR,ERR,ERR,ERR,ERR,ERR,ERR,ERR,ERR,ERR,ERR,ERR,ERR,ERR,ERR,ERR,ERR,ERR,ERR,ERR,ERR,ERR,ERR,ERR,ERR,ERR,ERR,ERR,ERR,ERR,ERR,50.0,60.0,100,0.0,0.0,0.0,0.0,0.0,0.0,0.0,0.0,0.0,0.0,0.0,0.0,0.0,0.0,0.0,0.0,61.6,64,20,65521,50,65476,0,300,0,0,8,20529,65476,0,0,26214,60.0,0.0,0.0,0.0,0.0,0.0
2026-05-17T16:33:40,ERR,ERR,ERR,ERR,ERR,ERR,ERR,ERR,ERR,ERR,ERR,ERR,ERR,ERR,ERR,ERR,ERR,ERR,ERR,ERR,ERR,ERR,ERR,ERR,ERR,ERR,ERR,ERR,ERR,ERR,ERR,ERR,ERR,ERR,ERR,ERR,ERR,ERR,ERR,ERR,ERR,ERR,ERR,ERR,ERR,ERR,ERR,ERR,ERR,ERR,ERR,ERR,ERR,ERR,ERR,ERR,ERR,ERR,ERR,ERR,ERR,ERR,ERR,ERR,ERR,ERR,ERR,ERR,ERR,ERR,ERR,ERR,ERR,ERR,ERR,ERR,ERR,ERR,ERR,ERR,ERR,ERR,ERR,ERR,ERR,ERR,ERR,ERR,ERR,ERR,ERR,ERR,ERR,ERR,ERR,ERR,ERR,ERR,ERR,ERR,ERR,ERR,ERR,ERR,ERR,ERR,ERR,ERR,ERR,ERR,ERR,ERR,ERR,ERR,ERR,ERR,ERR,ERR,ERR,ERR,ERR,ERR,ERR,ERR,ERR,0.0,-107615288.0,-0.0,0.0,0.0,1.3936040501711995e+18,7.805,0.0,0,0,4,0,8422,0.0,45,0.0,0.0,0.0,0.0,0.0,0,0,0,0,0.0,0,0,0,0,0,0,0,0,0,0,0,0,0,0,0,0,0,0,0,0,0,0,0,0,0,0,0,0,0,0,0,0,0,38,14,7,45,65476,0,300,0,0,8,21553,0.0,-107605600.0,0.0,0.0,0.0,0.0,0.0,0.0,0.0,0.0,0.0,0.0,0.0,0.0,0.0,0.0,0.0,0.0,0.0,0.0,0.0,0.0,0.0,-2.004,-0.0,0.0,0.0,0.0,0.0,0.0,5041.0,131350.453,0.0,0.0,-107615288.0,0.0,-0.0,0.0,0.0,0.0,0.0,53,3.222028592685471e+26,126840545280.0,0.0,0.0,0.0,0.0,0.0,0.0,0.0,0,0,0,0.0,0.0,0.0,0.0,0.0,0.0,0.0,0.0,0.0,0.0,0.0,0.0,0.0,0.0,0.0,0.0,0,-107875648.0,53,0.0,106,-107614832.0,-107350944.0,ERR,ERR,ERR,ERR,ERR,ERR,ERR,ERR,ERR,ERR,ERR,ERR,ERR,ERR,ERR,ERR,ERR,ERR,ERR,ERR,ERR,ERR,ERR,ERR,ERR,ERR,ERR,ERR,ERR,ERR,ERR,ERR,ERR,ERR,ERR,ERR,ERR,ERR,ERR,ERR,ERR,ERR,ERR,ERR,ERR,ERR,ERR,ERR,ERR,ERR,ERR,ERR,ERR,ERR,ERR,ERR,ERR,ERR,ERR,ERR,ERR,ERR,ERR,ERR,ERR,ERR,ERR,50.0,60.0,100,0.0,0.0,0.0,0.0,0.0,0.0,0.0,0.0,0.0,0.0,0.0,0.0,0.0,0.0,0.0,0.0,61.6,64,20,65521,50,65476,0,300,0,0,8,20529,65476,0,0,26214,60.0,0.0,0.0,0.0,0.0,0.0
2026-05-17T16:33:41,ERR,ERR,ERR,ERR,ERR,ERR,ERR,ERR,ERR,ERR,ERR,ERR,ERR,ERR,ERR,ERR,ERR,ERR,ERR,ERR,ERR,ERR,ERR,ERR,ERR,ERR,ERR,ERR,ERR,ERR,ERR,ERR,ERR,ERR,ERR,ERR,ERR,ERR,ERR,ERR,ERR,ERR,ERR,ERR,ERR,ERR,ERR,ERR,ERR,ERR,ERR,ERR,ERR,ERR,ERR,ERR,ERR,ERR,ERR,ERR,ERR,ERR,ERR,ERR,ERR,ERR,ERR,ERR,ERR,ERR,ERR,ERR,ERR,ERR,ERR,ERR,ERR,ERR,ERR,ERR,ERR,ERR,ERR,ERR,ERR,ERR,ERR,ERR,ERR,ERR,ERR,ERR,ERR,ERR,ERR,ERR,ERR,ERR,ERR,ERR,ERR,ERR,ERR,ERR,ERR,ERR,ERR,ERR,ERR,ERR,ERR,ERR,ERR,ERR,ERR,ERR,ERR,ERR,ERR,ERR,ERR,ERR,ERR,ERR,ERR,0.0,-107615288.0,-0.0,0.0,0.0,1.3936040501711995e+18,7.805,0.0,0,0,4,0,8422,0.0,45,0.0,0.0,0.0,0.0,0.0,0,0,0,0,0.0,0,0,0,0,0,0,0,0,0,0,0,0,0,0,0,0,0,0,0,0,0,0,0,0,0,0,0,0,0,0,0,0,0,38,14,7,45,65476,0,300,0,0,8,21553,0.0,-107605600.0,0.0,0.0,0.0,0.0,0.0,0.0,0.0,0.0,0.0,0.0,0.0,0.0,0.0,0.0,0.0,0.0,0.0,0.0,0.0,0.0,0.0,-2.004,-0.0,0.0,0.0,0.0,0.0,0.0,5041.0,131350.453,0.0,0.0,-107615288.0,0.0,-0.0,0.0,0.0,0.0,0.0,53,3.222028592685471e+26,126840545280.0,0.0,0.0,0.0,0.0,0.0,0.0,0.0,0,0,0,0.0,0.0,0.0,0.0,0.0,0.0,0.0,0.0,0.0,0.0,0.0,0.0,0.0,0.0,0.0,0.0,0,-107875648.0,53,0.0,106,-107614832.0,-107350944.0,ERR,ERR,ERR,ERR,ERR,ERR,ERR,ERR,ERR,ERR,ERR,ERR,ERR,ERR,ERR,ERR,ERR,ERR,ERR,ERR,ERR,ERR,ERR,ERR,ERR,ERR,ERR,ERR,ERR,ERR,ERR,ERR,ERR,ERR,ERR,ERR,ERR,ERR,ERR,ERR,ERR,ERR,ERR,ERR,ERR,ERR,ERR,ERR,ERR,ERR,ERR,ERR,ERR,ERR,ERR,ERR,ERR,ERR,ERR,ERR,ERR,ERR,ERR,ERR,ERR,ERR,ERR,50.0,60.0,100,0.0,0.0,0.0,0.0,0.0,0.0,0.0,0.0,0.0,0.0,0.0,0.0,0.0,0.0,0.0,0.0,61.6,64,20,65521,50,65476,0,300,0,0,8,20529,65476,0,0,26214,60.0,0.0,0.0,0.0,0.0,0.0
2026-05-17T16:33:42,ERR,ERR,ERR,ERR,ERR,ERR,ERR,ERR,ERR,ERR,ERR,ERR,ERR,ERR,ERR,ERR,ERR,ERR,ERR,ERR,ERR,ERR,ERR,ERR,ERR,ERR,ERR,ERR,ERR,ERR,ERR,ERR,ERR,ERR,ERR,ERR,ERR,ERR,ERR,ERR,ERR,ERR,ERR,ERR,ERR,ERR,ERR,ERR,ERR,ERR,ERR,ERR,ERR,ERR,ERR,ERR,ERR,ERR,ERR,ERR,ERR,ERR,ERR,ERR,ERR,ERR,ERR,ERR,ERR,ERR,ERR,ERR,ERR,ERR,ERR,ERR,ERR,ERR,ERR,ERR,ERR,ERR,ERR,ERR,ERR,ERR,ERR,ERR,ERR,ERR,ERR,ERR,ERR,ERR,ERR,ERR,ERR,ERR,ERR,ERR,ERR,ERR,ERR,ERR,ERR,ERR,ERR,ERR,ERR,ERR,ERR,ERR,ERR,ERR,ERR,ERR,ERR,ERR,ERR,ERR,ERR,ERR,ERR,ERR,ERR,0.0,-107615288.0,-0.0,0.0,0.0,1.3936040501711995e+18,7.805,0.0,0,0,4,0,8422,0.0,45,0.0,0.0,0.0,0.0,0.0,0,0,0,0,0.0,0,0,0,0,0,0,0,0,0,0,0,0,0,0,0,0,0,0,0,0,0,0,0,0,0,0,0,0,0,0,0,0,0,38,14,7,45,65476,0,300,0,0,8,21553,0.0,-107605600.0,0.0,0.0,0.0,0.0,0.0,0.0,0.0,0.0,0.0,0.0,0.0,0.0,0.0,0.0,0.0,0.0,0.0,0.0,0.0,0.0,0.0,-2.004,-0.0,0.0,0.0,0.0,0.0,0.0,5041.0,131350.453,0.0,0.0,-107615288.0,0.0,-0.0,0.0,0.0,0.0,0.0,53,3.222028592685471e+26,126840545280.0,0.0,0.0,0.0,0.0,0.0,0.0,0.0,0,0,0,0.0,0.0,0.0,0.0,0.0,0.0,0.0,0.0,0.0,0.0,0.0,0.0,0.0,0.0,0.0,0.0,0,-107875648.0,53,0.0,106,-107614832.0,-107350944.0,ERR,ERR,ERR,ERR,ERR,ERR,ERR,ERR,ERR,ERR,ERR,ERR,ERR,ERR,ERR,ERR,ERR,ERR,ERR,ERR,ERR,ERR,ERR,ERR,ERR,ERR,ERR,ERR,ERR,ERR,ERR,ERR,ERR,ERR,ERR,ERR,ERR,ERR,ERR,ERR,ERR,ERR,ERR,ERR,ERR,ERR,ERR,ERR,ERR,ERR,ERR,ERR,ERR,ERR,ERR,ERR,ERR,ERR,ERR,ERR,ERR,ERR,ERR,ERR,ERR,ERR,ERR,50.0,60.0,100,0.0,0.0,0.0,0.0,0.0,0.0,0.0,0.0,0.0,0.0,0.0,0.0,0.0,0.0,0.0,0.0,61.6,64,20,65521,50,65476,0,300,0,0,8,20529,65476,0,0,26214,60.0,0.0,0.0,0.0,0.0,0.0
2026-05-17T16:33:43,ERR,ERR,ERR,ERR,ERR,ERR,ERR,ERR,ERR,ERR,ERR,ERR,ERR,ERR,ERR,ERR,ERR,ERR,ERR,ERR,ERR,ERR,ERR,ERR,ERR,ERR,ERR,ERR,ERR,ERR,ERR,ERR,ERR,ERR,ERR,ERR,ERR,ERR,ERR,ERR,ERR,ERR,ERR,ERR,ERR,ERR,ERR,ERR,ERR,ERR,ERR,ERR,ERR,ERR,ERR,ERR,ERR,ERR,ERR,ERR,ERR,ERR,ERR,ERR,ERR,ERR,ERR,ERR,ERR,ERR,ERR,ERR,ERR,ERR,ERR,ERR,ERR,ERR,ERR,ERR,ERR,ERR,ERR,ERR,ERR,ERR,ERR,ERR,ERR,ERR,ERR,ERR,ERR,ERR,ERR,ERR,ERR,ERR,ERR,ERR,ERR,ERR,ERR,ERR,ERR,ERR,ERR,ERR,ERR,ERR,ERR,ERR,ERR,ERR,ERR,ERR,ERR,ERR,ERR,ERR,ERR,ERR,ERR,ERR,ERR,0.0,-107615288.0,-0.0,0.0,0.0,1.3936040501711995e+18,7.805,0.0,0,0,4,0,8422,0.0,45,0.0,0.0,0.0,0.0,0.0,0,0,0,0,0.0,0,0,0,0,0,0,0,0,0,0,0,0,0,0,0,0,0,0,0,0,0,0,0,0,0,0,0,0,0,0,0,0,0,38,14,7,45,65476,0,300,0,0,8,21553,0.0,-107605600.0,0.0,0.0,0.0,0.0,0.0,0.0,0.0,0.0,0.0,0.0,0.0,0.0,0.0,0.0,0.0,0.0,0.0,0.0,0.0,0.0,0.0,-2.004,-0.0,0.0,0.0,0.0,0.0,0.0,5041.0,131350.453,0.0,0.0,-107615288.0,0.0,-0.0,0.0,0.0,0.0,0.0,53,3.222028592685471e+26,126840545280.0,0.0,0.0,0.0,0.0,0.0,0.0,0.0,0,0,0,0.0,0.0,0.0,0.0,0.0,0.0,0.0,0.0,0.0,0.0,0.0,0.0,0.0,0.0,0.0,0.0,0,-107875648.0,53,0.0,106,-107614832.0,-107350944.0,ERR,ERR,ERR,ERR,ERR,ERR,ERR,ERR,ERR,ERR,ERR,ERR,ERR,ERR,ERR,ERR,ERR,ERR,ERR,ERR,ERR,ERR,ERR,ERR,ERR,ERR,ERR,ERR,ERR,ERR,ERR,ERR,ERR,ERR,ERR,ERR,ERR,ERR,ERR,ERR,ERR,ERR,ERR,ERR,ERR,ERR,ERR,ERR,ERR,ERR,ERR,ERR,ERR,ERR,ERR,ERR,ERR,ERR,ERR,ERR,ERR,ERR,ERR,ERR,ERR,ERR,ERR,50.0,60.0,100,0.0,0.0,0.0,0.0,0.0,0.0,0.0,0.0,0.0,0.0,0.0,0.0,0.0,0.0,0.0,0.0,61.6,64,20,65521,50,65476,0,300,0,0,8,20529,65476,0,0,26214,60.0,0.0,0.0,0.0,0.0,0.0
2026-05-17T16:33:44,ERR,ERR,ERR,ERR,ERR,ERR,ERR,ERR,ERR,ERR,ERR,ERR,ERR,ERR,ERR,ERR,ERR,ERR,ERR,ERR,ERR,ERR,ERR,ERR,ERR,ERR,ERR,ERR,ERR,ERR,ERR,ERR,ERR,ERR,ERR,ERR,ERR,ERR,ERR,ERR,ERR,ERR,ERR,ERR,ERR,ERR,ERR,ERR,ERR,ERR,ERR,ERR,ERR,ERR,ERR,ERR,ERR,ERR,ERR,ERR,ERR,ERR,ERR,ERR,ERR,ERR,ERR,ERR,ERR,ERR,ERR,ERR,ERR,ERR,ERR,ERR,ERR,ERR,ERR,ERR,ERR,ERR,ERR,ERR,ERR,ERR,ERR,ERR,ERR,ERR,ERR,ERR,ERR,ERR,ERR,ERR,ERR,ERR,ERR,ERR,ERR,ERR,ERR,ERR,ERR,ERR,ERR,ERR,ERR,ERR,ERR,ERR,ERR,ERR,ERR,ERR,ERR,ERR,ERR,ERR,ERR,ERR,ERR,ERR,ERR,0.0,0.0,-134474944.0,0.0,0.0,1.3936040501711995e+18,7.805,0.0,0,0,4,0,8422,0.0,45,0.0,0.0,0.0,0.0,0.0,0,0,0,0,0.0,0,0,0,0,0,0,0,0,0,0,0,0,0,0,0,0,0,0,0,0,0,0,0,0,0,0,0,0,0,0,0,0,0,38,14,7,45,65476,0,300,0,0,8,21553,0.0,-107605600.0,0.0,0.0,0.0,0.0,0.0,0.0,0.0,0.0,0.0,0.0,0.0,0.0,0.0,0.0,0.0,0.0,0.0,0.0,0.0,0.0,0.0,-2.004,-0.0,0.0,0.0,0.0,0.0,0.0,5008.0,-1.040665380856972e+34,0.0,0.0,-107615288.0,0.0,-0.0,0.0,0.0,0.0,0.0,53,2.7184300208680915e+23,-3.222002767243768e+26,0.0,0.0,0.0,0.0,0.0,0.0,0.0,0,0,0,0.0,0.0,0.0,0.0,0.0,0.0,0.0,0.0,0.0,0.0,0.0,0.0,0.0,0.0,0.0,0.0,0,-107875648.0,53,0.0,106,-107614832.0,2.7006707062415038e+23,ERR,ERR,ERR,ERR,ERR,ERR,ERR,ERR,ERR,ERR,ERR,ERR,ERR,ERR,ERR,ERR,ERR,ERR,ERR,ERR,ERR,ERR,ERR,ERR,ERR,ERR,ERR,ERR,ERR,ERR,ERR,ERR,ERR,ERR,ERR,ERR,ERR,ERR,ERR,ERR,ERR,ERR,ERR,ERR,ERR,ERR,ERR,ERR,ERR,ERR,ERR,ERR,ERR,ERR,ERR,ERR,ERR,ERR,ERR,ERR,ERR,ERR,ERR,ERR,ERR,ERR,ERR,50.0,60.0,100,0.0,0.0,0.0,0.0,0.0,0.0,0.0,0.0,0.0,0.0,0.0,0.0,0.0,0.0,0.0,0.0,61.6,64,20,65521,50,65476,0,300,0,0,8,20529,65476,0,0,26214,60.0,0.0,0.0,0.0,0.0,0.0
2026-05-17T16:33:46,ERR,ERR,ERR,ERR,ERR,ERR,ERR,ERR,ERR,ERR,ERR,ERR,ERR,ERR,ERR,ERR,ERR,ERR,ERR,ERR,ERR,ERR,ERR,ERR,ERR,ERR,ERR,ERR,ERR,ERR,ERR,ERR,ERR,ERR,ERR,ERR,ERR,ERR,ERR,ERR,ERR,ERR,ERR,ERR,ERR,ERR,ERR,ERR,ERR,ERR,ERR,ERR,ERR,ERR,ERR,ERR,ERR,ERR,ERR,ERR,ERR,ERR,ERR,ERR,ERR,ERR,ERR,ERR,ERR,ERR,ERR,ERR,ERR,ERR,ERR,ERR,ERR,ERR,ERR,ERR,ERR,ERR,ERR,ERR,ERR,ERR,ERR,ERR,ERR,ERR,ERR,ERR,ERR,ERR,ERR,ERR,ERR,ERR,ERR,ERR,ERR,ERR,ERR,ERR,ERR,ERR,ERR,ERR,ERR,ERR,ERR,ERR,ERR,ERR,ERR,ERR,ERR,ERR,ERR,ERR,ERR,ERR,ERR,ERR,ERR,0.0,0.0,-134474944.0,0.0,0.0,1.3936040501711995e+18,7.805,0.0,0,0,4,0,8422,0.0,45,0.0,0.0,0.0,0.0,0.0,0,0,0,0,0.0,0,0,0,0,0,0,0,0,0,0,0,0,0,0,0,0,0,0,0,0,0,0,0,0,0,0,0,0,0,0,0,0,0,38,14,7,45,65476,0,300,0,0,8,21553,0.0,-107605600.0,0.0,0.0,0.0,0.0,0.0,0.0,0.0,0.0,0.0,0.0,0.0,0.0,0.0,0.0,0.0,0.0,0.0,0.0,0.0,0.0,0.0,-2.004,-0.0,0.0,0.0,0.0,0.0,0.0,5008.0,-1.040665380856972e+34,0.0,0.0,-107615288.0,0.0,-0.0,0.0,0.0,0.0,0.0,53,2.7184300208680915e+23,-3.222002767243768e+26,0.0,0.0,0.0,0.0,0.0,0.0,0.0,0,0,0,0.0,0.0,0.0,0.0,0.0,0.0,0.0,0.0,0.0,0.0,0.0,0.0,0.0,0.0,0.0,0.0,0,-107875648.0,53,0.0,106,-107614832.0,2.7006707062415038e+23,ERR,ERR,ERR,ERR,ERR,ERR,ERR,ERR,ERR,ERR,ERR,ERR,ERR,ERR,ERR,ERR,ERR,ERR,ERR,ERR,ERR,ERR,ERR,ERR,ERR,ERR,ERR,ERR,ERR,ERR,ERR,ERR,ERR,ERR,ERR,ERR,ERR,ERR,ERR,ERR,ERR,ERR,ERR,ERR,ERR,ERR,ERR,ERR,ERR,ERR,ERR,ERR,ERR,ERR,ERR,ERR,ERR,ERR,ERR,ERR,ERR,ERR,ERR,ERR,ERR,ERR,ERR,50.0,60.0,100,0.0,0.0,0.0,0.0,0.0,0.0,0.0,0.0,0.0,0.0,0.0,0.0,0.0,0.0,0.0,0.0,61.6,64,20,65521,50,65476,0,300,0,0,8,20529,65476,0,0,26214,60.0,0.0,0.0,0.0,0.0,0.0
2026-05-17T16:33:47,ERR,ERR,ERR,ERR,ERR,ERR,ERR,ERR,ERR,ERR,ERR,ERR,ERR,ERR,ERR,ERR,ERR,ERR,ERR,ERR,ERR,ERR,ERR,ERR,ERR,ERR,ERR,ERR,ERR,ERR,ERR,ERR,ERR,ERR,ERR,ERR,ERR,ERR,ERR,ERR,ERR,ERR,ERR,ERR,ERR,ERR,ERR,ERR,ERR,ERR,ERR,ERR,ERR,ERR,ERR,ERR,ERR,ERR,ERR,ERR,ERR,ERR,ERR,ERR,ERR,ERR,ERR,ERR,ERR,ERR,ERR,ERR,ERR,ERR,ERR,ERR,ERR,ERR,ERR,ERR,ERR,ERR,ERR,ERR,ERR,ERR,ERR,ERR,ERR,ERR,ERR,ERR,ERR,ERR,ERR,ERR,ERR,ERR,ERR,ERR,ERR,ERR,ERR,ERR,ERR,ERR,ERR,ERR,ERR,ERR,ERR,ERR,ERR,ERR,ERR,ERR,ERR,ERR,ERR,ERR,ERR,ERR,ERR,ERR,ERR,0.0,0.0,-134474944.0,0.0,0.0,1.3936040501711995e+18,7.805,0.0,0,0,4,0,8422,0.0,45,0.0,0.0,0.0,0.0,0.0,0,0,0,0,0.0,0,0,0,0,0,0,0,0,0,0,0,0,0,0,0,0,0,0,0,0,0,0,0,0,0,0,0,0,0,0,0,0,0,38,14,7,45,65476,0,300,0,0,8,21553,0.0,-107605600.0,0.0,0.0,0.0,0.0,0.0,0.0,0.0,0.0,0.0,0.0,0.0,0.0,0.0,0.0,0.0,0.0,0.0,0.0,0.0,0.0,0.0,-2.004,-0.0,0.0,0.0,0.0,0.0,0.0,5008.0,-1.040665380856972e+34,0.0,0.0,-107615288.0,0.0,-0.0,0.0,0.0,0.0,0.0,53,2.7184300208680915e+23,-3.222002767243768e+26,0.0,0.0,0.0,0.0,0.0,0.0,0.0,0,0,0,0.0,0.0,0.0,0.0,0.0,0.0,0.0,0.0,0.0,0.0,0.0,0.0,0.0,0.0,0.0,0.0,0,-107875648.0,53,0.0,106,-107614832.0,2.7006707062415038e+23,ERR,ERR,ERR,ERR,ERR,ERR,ERR,ERR,ERR,ERR,ERR,ERR,ERR,ERR,ERR,ERR,ERR,ERR,ERR,ERR,ERR,ERR,ERR,ERR,ERR,ERR,ERR,ERR,ERR,ERR,ERR,ERR,ERR,ERR,ERR,ERR,ERR,ERR,ERR,ERR,ERR,ERR,ERR,ERR,ERR,ERR,ERR,ERR,ERR,ERR,ERR,ERR,ERR,ERR,ERR,ERR,ERR,ERR,ERR,ERR,ERR,ERR,ERR,ERR,ERR,ERR,ERR,50.0,60.0,100,0.0,0.0,0.0,0.0,0.0,0.0,0.0,0.0,0.0,0.0,0.0,0.0,0.0,0.0,0.0,0.0,61.6,64,20,65521,50,65476,0,300,0,0,8,20529,65476,0,0,26214,60.0,0.0,0.0,0.0,0.0,0.0
2026-05-17T16:33:48,ERR,ERR,ERR,ERR,ERR,ERR,ERR,ERR,ERR,ERR,ERR,ERR,ERR,ERR,ERR,ERR,ERR,ERR,ERR,ERR,ERR,ERR,ERR,ERR,ERR,ERR,ERR,ERR,ERR,ERR,ERR,ERR,ERR,ERR,ERR,ERR,ERR,ERR,ERR,ERR,ERR,ERR,ERR,ERR,ERR,ERR,ERR,ERR,ERR,ERR,ERR,ERR,ERR,ERR,ERR,ERR,ERR,ERR,ERR,ERR,ERR,ERR,ERR,ERR,ERR,ERR,ERR,ERR,ERR,ERR,ERR,ERR,ERR,ERR,ERR,ERR,ERR,ERR,ERR,ERR,ERR,ERR,ERR,ERR,ERR,ERR,ERR,ERR,ERR,ERR,ERR,ERR,ERR,ERR,ERR,ERR,ERR,ERR,ERR,ERR,ERR,ERR,ERR,ERR,ERR,ERR,ERR,ERR,ERR,ERR,ERR,ERR,ERR,ERR,ERR,ERR,ERR,ERR,ERR,ERR,ERR,ERR,ERR,ERR,ERR,0.0,0.0,-134474944.0,0.0,0.0,1.3936040501711995e+18,7.805,0.0,0,0,4,0,8422,0.0,45,0.0,0.0,0.0,0.0,0.0,0,0,0,0,0.0,0,0,0,0,0,0,0,0,0,0,0,0,0,0,0,0,0,0,0,0,0,0,0,0,0,0,0,0,0,0,0,0,0,38,14,7,45,65476,0,300,0,0,8,21553,0.0,-107605600.0,0.0,0.0,0.0,0.0,0.0,0.0,0.0,0.0,0.0,0.0,0.0,0.0,0.0,0.0,0.0,0.0,0.0,0.0,0.0,0.0,0.0,-2.004,-0.0,0.0,0.0,0.0,0.0,0.0,5008.0,-1.040665380856972e+34,0.0,0.0,-107615288.0,0.0,-0.0,0.0,0.0,0.0,0.0,53,2.7184300208680915e+23,-3.222002767243768e+26,0.0,0.0,0.0,0.0,0.0,0.0,0.0,0,0,0,0.0,0.0,0.0,0.0,0.0,0.0,0.0,0.0,0.0,0.0,0.0,0.0,0.0,0.0,0.0,0.0,0,-107875648.0,53,0.0,106,-107614832.0,2.7006707062415038e+23,ERR,ERR,ERR,ERR,ERR,ERR,ERR,ERR,ERR,ERR,ERR,ERR,ERR,ERR,ERR,ERR,ERR,ERR,ERR,ERR,ERR,ERR,ERR,ERR,ERR,ERR,ERR,ERR,ERR,ERR,ERR,ERR,ERR,ERR,ERR,ERR,ERR,ERR,ERR,ERR,ERR,ERR,ERR,ERR,ERR,ERR,ERR,ERR,ERR,ERR,ERR,ERR,ERR,ERR,ERR,ERR,ERR,ERR,ERR,ERR,ERR,ERR,ERR,ERR,ERR,ERR,ERR,50.0,60.0,100,0.0,0.0,0.0,0.0,0.0,0.0,0.0,0.0,0.0,0.0,0.0,0.0,0.0,0.0,0.0,0.0,61.6,64,20,65521,50,65476,0,300,0,0,8,20529,65476,0,0,26214,60.0,0.0,0.0,0.0,0.0,0.0
2026-05-17T16:33:49,ERR,ERR,ERR,ERR,ERR,ERR,ERR,ERR,ERR,ERR,ERR,ERR,ERR,ERR,ERR,ERR,ERR,ERR,ERR,ERR,ERR,ERR,ERR,ERR,ERR,ERR,ERR,ERR,ERR,ERR,ERR,ERR,ERR,ERR,ERR,ERR,ERR,ERR,ERR,ERR,ERR,ERR,ERR,ERR,ERR,ERR,ERR,ERR,ERR,ERR,ERR,ERR,ERR,ERR,ERR,ERR,ERR,ERR,ERR,ERR,ERR,ERR,ERR,ERR,ERR,ERR,ERR,ERR,ERR,ERR,ERR,ERR,ERR,ERR,ERR,ERR,ERR,ERR,ERR,ERR,ERR,ERR,ERR,ERR,ERR,ERR,ERR,ERR,ERR,ERR,ERR,ERR,ERR,ERR,ERR,ERR,ERR,ERR,ERR,ERR,ERR,ERR,ERR,ERR,ERR,ERR,ERR,ERR,ERR,ERR,ERR,ERR,ERR,ERR,ERR,ERR,ERR,ERR,ERR,ERR,ERR,ERR,ERR,ERR,ERR,0.0,0.0,-134474944.0,0.0,0.0,1.3936040501711995e+18,7.805,0.0,0,0,4,0,8422,0.0,45,0.0,0.0,0.0,0.0,0.0,0,0,0,0,0.0,0,0,0,0,0,0,0,0,0,0,0,0,0,0,0,0,0,0,0,0,0,0,0,0,0,0,0,0,0,0,0,0,0,38,14,7,45,65476,0,300,0,0,8,21553,0.0,-107605600.0,0.0,0.0,0.0,0.0,0.0,0.0,0.0,0.0,0.0,0.0,0.0,0.0,0.0,0.0,0.0,0.0,0.0,0.0,0.0,0.0,0.0,-2.004,-0.0,0.0,0.0,0.0,0.0,0.0,5008.0,-1.040665380856972e+34,0.0,0.0,-107615288.0,0.0,-0.0,0.0,0.0,0.0,0.0,53,2.7184300208680915e+23,-3.222002767243768e+26,0.0,0.0,0.0,0.0,0.0,0.0,0.0,0,0,0,0.0,0.0,0.0,0.0,0.0,0.0,0.0,0.0,0.0,0.0,0.0,0.0,0.0,0.0,0.0,0.0,0,-107875648.0,53,0.0,106,-107614832.0,2.7006707062415038e+23,ERR,ERR,ERR,ERR,ERR,ERR,ERR,ERR,ERR,ERR,ERR,ERR,ERR,ERR,ERR,ERR,ERR,ERR,ERR,ERR,ERR,ERR,ERR,ERR,ERR,ERR,ERR,ERR,ERR,ERR,ERR,ERR,ERR,ERR,ERR,ERR,ERR,ERR,ERR,ERR,ERR,ERR,ERR,ERR,ERR,ERR,ERR,ERR,ERR,ERR,ERR,ERR,ERR,ERR,ERR,ERR,ERR,ERR,ERR,ERR,ERR,ERR,ERR,ERR,ERR,ERR,ERR,50.0,60.0,100,0.0,0.0,0.0,0.0,0.0,0.0,0.0,0.0,0.0,0.0,0.0,0.0,0.0,0.0,0.0,0.0,61.6,64,20,65521,50,65476,0,300,0,0,8,20529,65476,0,0,26214,60.0,0.0,0.0,0.0,0.0,0.0
2026-05-17T16:33:50,ERR,ERR,ERR,ERR,ERR,ERR,ERR,ERR,ERR,ERR,ERR,ERR,ERR,ERR,ERR,ERR,ERR,ERR,ERR,ERR,ERR,ERR,ERR,ERR,ERR,ERR,ERR,ERR,ERR,ERR,ERR,ERR,ERR,ERR,ERR,ERR,ERR,ERR,ERR,ERR,ERR,ERR,ERR,ERR,ERR,ERR,ERR,ERR,ERR,ERR,ERR,ERR,ERR,ERR,ERR,ERR,ERR,ERR,ERR,ERR,ERR,ERR,ERR,ERR,ERR,ERR,ERR,ERR,ERR,ERR,ERR,ERR,ERR,ERR,ERR,ERR,ERR,ERR,ERR,ERR,ERR,ERR,ERR,ERR,ERR,ERR,ERR,ERR,ERR,ERR,ERR,ERR,ERR,ERR,ERR,ERR,ERR,ERR,ERR,ERR,ERR,ERR,ERR,ERR,ERR,ERR,ERR,ERR,ERR,ERR,ERR,ERR,ERR,ERR,ERR,ERR,ERR,ERR,ERR,ERR,ERR,ERR,ERR,ERR,ERR,0.0,-107615288.0,-0.0,0.0,0.0,1.3936040501711995e+18,7.805,0.0,0,0,4,0,8422,0.0,45,0.0,0.0,0.0,0.0,0.0,0,0,0,0,0.0,0,0,0,0,0,0,0,0,0,0,0,0,0,0,0,0,0,0,0,0,0,0,0,0,0,0,0,0,0,0,0,0,0,38,14,7,45,65476,0,300,0,0,8,21553,0.0,-107605600.0,0.0,0.0,0.0,0.0,0.0,0.0,0.0,0.0,0.0,0.0,0.0,0.0,0.0,0.0,0.0,0.0,0.0,0.0,0.0,0.0,0.0,-2.004,-0.0,0.0,0.0,0.0,0.0,0.0,5010.0,-0.0,0.0,0.0,-107615288.0,0.0,-0.0,0.0,0.0,0.0,0.0,53,4.066880103266858e+29,-0.0,0.0,0.0,0.0,0.0,0.0,0.0,0.0,0,0,0,0.0,0.0,0.0,0.0,0.0,0.0,0.0,0.0,0.0,0.0,0.0,0.0,0.0,0.0,0.0,0.0,0,-107875648.0,53,0.0,106,-107614832.0,2.7006707062415038e+23,ERR,ERR,ERR,ERR,ERR,ERR,ERR,ERR,ERR,ERR,ERR,ERR,ERR,ERR,ERR,ERR,ERR,ERR,ERR,ERR,ERR,ERR,ERR,ERR,ERR,ERR,ERR,ERR,ERR,ERR,ERR,ERR,ERR,ERR,ERR,ERR,ERR,ERR,ERR,ERR,ERR,ERR,ERR,ERR,ERR,ERR,ERR,ERR,ERR,ERR,ERR,ERR,ERR,ERR,ERR,ERR,ERR,ERR,ERR,ERR,ERR,ERR,ERR,ERR,ERR,ERR,ERR,50.0,60.0,100,0.0,0.0,0.0,0.0,0.0,0.0,0.0,0.0,0.0,0.0,0.0,0.0,0.0,0.0,0.0,0.0,61.6,64,20,65521,50,65476,0,300,0,0,8,20529,65476,0,0,26214,60.0,0.0,0.0,0.0,0.0,0.0
2026-05-17T16:33:51,ERR,ERR,ERR,ERR,ERR,ERR,ERR,ERR,ERR,ERR,ERR,ERR,ERR,ERR,ERR,ERR,ERR,ERR,ERR,ERR,ERR,ERR,ERR,ERR,ERR,ERR,ERR,ERR,ERR,ERR,ERR,ERR,ERR,ERR,ERR,ERR,ERR,ERR,ERR,ERR,ERR,ERR,ERR,ERR,ERR,ERR,ERR,ERR,ERR,ERR,ERR,ERR,ERR,ERR,ERR,ERR,ERR,ERR,ERR,ERR,ERR,ERR,ERR,ERR,ERR,ERR,ERR,ERR,ERR,ERR,ERR,ERR,ERR,ERR,ERR,ERR,ERR,ERR,ERR,ERR,ERR,ERR,ERR,ERR,ERR,ERR,ERR,ERR,ERR,ERR,ERR,ERR,ERR,ERR,ERR,ERR,ERR,ERR,ERR,ERR,ERR,ERR,ERR,ERR,ERR,ERR,ERR,ERR,ERR,ERR,ERR,ERR,ERR,ERR,ERR,ERR,ERR,ERR,ERR,ERR,ERR,ERR,ERR,ERR,ERR,0.0,-107615288.0,-0.0,0.0,0.0,1.3936040501711995e+18,7.805,0.0,0,0,4,0,8422,0.0,45,0.0,0.0,0.0,0.0,0.0,0,0,0,0,0.0,0,0,0,0,0,0,0,0,0,0,0,0,0,0,0,0,0,0,0,0,0,0,0,0,0,0,0,0,0,0,0,0,0,38,14,7,45,65476,0,300,0,0,8,21553,0.0,-107605600.0,0.0,0.0,0.0,0.0,0.0,0.0,0.0,0.0,0.0,0.0,0.0,0.0,0.0,0.0,0.0,0.0,0.0,0.0,0.0,0.0,0.0,-2.004,-0.0,0.0,0.0,0.0,0.0,0.0,5010.0,-0.0,0.0,0.0,-107615288.0,0.0,-0.0,0.0,0.0,0.0,0.0,53,4.066880103266858e+29,-0.0,0.0,0.0,0.0,0.0,0.0,0.0,0.0,0,0,0,0.0,0.0,0.0,0.0,0.0,0.0,0.0,0.0,0.0,0.0,0.0,0.0,0.0,0.0,0.0,0.0,0,-107875648.0,53,0.0,106,-107614832.0,2.7006707062415038e+23,ERR,ERR,ERR,ERR,ERR,ERR,ERR,ERR,ERR,ERR,ERR,ERR,ERR,ERR,ERR,ERR,ERR,ERR,ERR,ERR,ERR,ERR,ERR,ERR,ERR,ERR,ERR,ERR,ERR,ERR,ERR,ERR,ERR,ERR,ERR,ERR,ERR,ERR,ERR,ERR,ERR,ERR,ERR,ERR,ERR,ERR,ERR,ERR,ERR,ERR,ERR,ERR,ERR,ERR,ERR,ERR,ERR,ERR,ERR,ERR,ERR,ERR,ERR,ERR,ERR,ERR,ERR,50.0,60.0,100,0.0,0.0,0.0,0.0,0.0,0.0,0.0,0.0,0.0,0.0,0.0,0.0,0.0,0.0,0.0,0.0,61.6,64,20,65521,50,65476,0,300,0,0,8,20529,65476,0,0,26214,60.0,0.0,0.0,0.0,0.0,0.0
2026-05-17T16:33:52,ERR,ERR,ERR,ERR,ERR,ERR,ERR,ERR,ERR,ERR,ERR,ERR,ERR,ERR,ERR,ERR,ERR,ERR,ERR,ERR,ERR,ERR,ERR,ERR,ERR,ERR,ERR,ERR,ERR,ERR,ERR,ERR,ERR,ERR,ERR,ERR,ERR,ERR,ERR,ERR,ERR,ERR,ERR,ERR,ERR,ERR,ERR,ERR,ERR,ERR,ERR,ERR,ERR,ERR,ERR,ERR,ERR,ERR,ERR,ERR,ERR,ERR,ERR,ERR,ERR,ERR,ERR,ERR,ERR,ERR,ERR,ERR,ERR,ERR,ERR,ERR,ERR,ERR,ERR,ERR,ERR,ERR,ERR,ERR,ERR,ERR,ERR,ERR,ERR,ERR,ERR,ERR,ERR,ERR,ERR,ERR,ERR,ERR,ERR,ERR,ERR,ERR,ERR,ERR,ERR,ERR,ERR,ERR,ERR,ERR,ERR,ERR,ERR,ERR,ERR,ERR,ERR,ERR,ERR,ERR,ERR,ERR,ERR,ERR,ERR,0.0,-107615288.0,-0.0,0.0,0.0,1.3936040501711995e+18,7.805,0.0,0,0,4,0,8422,0.0,45,0.0,0.0,0.0,0.0,0.0,0,0,0,0,0.0,0,0,0,0,0,0,0,0,0,0,0,0,0,0,0,0,0,0,0,0,0,0,0,0,0,0,0,0,0,0,0,0,0,38,14,7,45,65476,0,300,0,0,8,21553,0.0,-107605600.0,0.0,0.0,0.0,0.0,0.0,0.0,0.0,0.0,0.0,0.0,0.0,0.0,0.0,0.0,0.0,0.0,0.0,0.0,0.0,0.0,0.0,-2.004,-0.0,0.0,0.0,0.0,0.0,0.0,5010.0,-0.0,0.0,0.0,-107615288.0,0.0,-0.0,0.0,0.0,0.0,0.0,53,4.066880103266858e+29,-0.0,0.0,0.0,0.0,0.0,0.0,0.0,0.0,0,0,0,0.0,0.0,0.0,0.0,0.0,0.0,0.0,0.0,0.0,0.0,0.0,0.0,0.0,0.0,0.0,0.0,0,-107875648.0,53,0.0,106,-107614832.0,2.7006707062415038e+23,ERR,ERR,ERR,ERR,ERR,ERR,ERR,ERR,ERR,ERR,ERR,ERR,ERR,ERR,ERR,ERR,ERR,ERR,ERR,ERR,ERR,ERR,ERR,ERR,ERR,ERR,ERR,ERR,ERR,ERR,ERR,ERR,ERR,ERR,ERR,ERR,ERR,ERR,ERR,ERR,ERR,ERR,ERR,ERR,ERR,ERR,ERR,ERR,ERR,ERR,ERR,ERR,ERR,ERR,ERR,ERR,ERR,ERR,ERR,ERR,ERR,ERR,ERR,ERR,ERR,ERR,ERR,50.0,60.0,100,0.0,0.0,0.0,0.0,0.0,0.0,0.0,0.0,0.0,0.0,0.0,0.0,0.0,0.0,0.0,0.0,61.6,64,20,65521,50,65476,0,300,0,0,8,20529,65476,0,0,26214,60.0,0.0,0.0,0.0,0.0,0.0
2026-05-17T16:33:53,ERR,ERR,ERR,ERR,ERR,ERR,ERR,ERR,ERR,ERR,ERR,ERR,ERR,ERR,ERR,ERR,ERR,ERR,ERR,ERR,ERR,ERR,ERR,ERR,ERR,ERR,ERR,ERR,ERR,ERR,ERR,ERR,ERR,ERR,ERR,ERR,ERR,ERR,ERR,ERR,ERR,ERR,ERR,ERR,ERR,ERR,ERR,ERR,ERR,ERR,ERR,ERR,ERR,ERR,ERR,ERR,ERR,ERR,ERR,ERR,ERR,ERR,ERR,ERR,ERR,ERR,ERR,ERR,ERR,ERR,ERR,ERR,ERR,ERR,ERR,ERR,ERR,ERR,ERR,ERR,ERR,ERR,ERR,ERR,ERR,ERR,ERR,ERR,ERR,ERR,ERR,ERR,ERR,ERR,ERR,ERR,ERR,ERR,ERR,ERR,ERR,ERR,ERR,ERR,ERR,ERR,ERR,ERR,ERR,ERR,ERR,ERR,ERR,ERR,ERR,ERR,ERR,ERR,ERR,ERR,ERR,ERR,ERR,ERR,ERR,0.0,-107615288.0,-0.0,0.0,0.0,1.3936040501711995e+18,7.805,0.0,0,0,4,0,8422,0.0,45,0.0,0.0,0.0,0.0,0.0,0,0,0,0,0.0,0,0,0,0,0,0,0,0,0,0,0,0,0,0,0,0,0,0,0,0,0,0,0,0,0,0,0,0,0,0,0,0,0,38,14,7,45,65476,0,300,0,0,8,21553,0.0,-107605600.0,0.0,0.0,0.0,0.0,0.0,0.0,0.0,0.0,0.0,0.0,0.0,0.0,0.0,0.0,0.0,0.0,0.0,0.0,0.0,0.0,0.0,-2.004,-0.0,0.0,0.0,0.0,0.0,0.0,5010.0,-0.0,0.0,0.0,-107615288.0,0.0,-0.0,0.0,0.0,0.0,0.0,53,4.066880103266858e+29,-0.0,0.0,0.0,0.0,0.0,0.0,0.0,0.0,0,0,0,0.0,0.0,0.0,0.0,0.0,0.0,0.0,0.0,0.0,0.0,0.0,0.0,0.0,0.0,0.0,0.0,0,-107875648.0,53,0.0,106,-107614832.0,2.7006707062415038e+23,ERR,ERR,ERR,ERR,ERR,ERR,ERR,ERR,ERR,ERR,ERR,ERR,ERR,ERR,ERR,ERR,ERR,ERR,ERR,ERR,ERR,ERR,ERR,ERR,ERR,ERR,ERR,ERR,ERR,ERR,ERR,ERR,ERR,ERR,ERR,ERR,ERR,ERR,ERR,ERR,ERR,ERR,ERR,ERR,ERR,ERR,ERR,ERR,ERR,ERR,ERR,ERR,ERR,ERR,ERR,ERR,ERR,ERR,ERR,ERR,ERR,ERR,ERR,ERR,ERR,ERR,ERR,50.0,60.0,100,0.0,0.0,0.0,0.0,0.0,0.0,0.0,0.0,0.0,0.0,0.0,0.0,0.0,0.0,0.0,0.0,61.6,64,20,65521,50,65476,0,300,0,0,8,20529,65476,0,0,26214,60.0,0.0,0.0,0.0,0.0,0.0
2026-05-17T16:33:54,ERR,ERR,ERR,ERR,ERR,ERR,ERR,ERR,ERR,ERR,ERR,ERR,ERR,ERR,ERR,ERR,ERR,ERR,ERR,ERR,ERR,ERR,ERR,ERR,ERR,ERR,ERR,ERR,ERR,ERR,ERR,ERR,ERR,ERR,ERR,ERR,ERR,ERR,ERR,ERR,ERR,ERR,ERR,ERR,ERR,ERR,ERR,ERR,ERR,ERR,ERR,ERR,ERR,ERR,ERR,ERR,ERR,ERR,ERR,ERR,ERR,ERR,ERR,ERR,ERR,ERR,ERR,ERR,ERR,ERR,ERR,ERR,ERR,ERR,ERR,ERR,ERR,ERR,ERR,ERR,ERR,ERR,ERR,ERR,ERR,ERR,ERR,ERR,ERR,ERR,ERR,ERR,ERR,ERR,ERR,ERR,ERR,ERR,ERR,ERR,ERR,ERR,ERR,ERR,ERR,ERR,ERR,ERR,ERR,ERR,ERR,ERR,ERR,ERR,ERR,ERR,ERR,ERR,ERR,ERR,ERR,ERR,ERR,ERR,ERR,0.0,-107615288.0,-0.0,0.0,0.0,1.3936040501711995e+18,7.805,0.0,0,0,4,0,8422,0.0,45,0.0,0.0,0.0,0.0,0.0,0,0,0,0,0.0,0,0,0,0,0,0,0,0,0,0,0,0,0,0,0,0,0,0,0,0,0,0,0,0,0,0,0,0,0,0,0,0,0,38,14,7,45,65476,0,300,0,0,8,21553,0.0,-107605600.0,0.0,0.0,0.0,0.0,0.0,0.0,0.0,0.0,0.0,0.0,0.0,0.0,0.0,0.0,0.0,0.0,0.0,0.0,0.0,0.0,0.0,-2.004,-0.0,0.0,0.0,0.0,0.0,0.0,5010.0,-0.0,0.0,0.0,-107615288.0,0.0,-0.0,0.0,0.0,0.0,0.0,53,4.066880103266858e+29,-0.0,0.0,0.0,0.0,0.0,0.0,0.0,0.0,0,0,0,0.0,0.0,0.0,0.0,0.0,0.0,0.0,0.0,0.0,0.0,0.0,0.0,0.0,0.0,0.0,0.0,0,-107875648.0,53,0.0,106,-107614832.0,2.7006707062415038e+23,ERR,ERR,ERR,ERR,ERR,ERR,ERR,ERR,ERR,ERR,ERR,ERR,ERR,ERR,ERR,ERR,ERR,ERR,ERR,ERR,ERR,ERR,ERR,ERR,ERR,ERR,ERR,ERR,ERR,ERR,ERR,ERR,ERR,ERR,ERR,ERR,ERR,ERR,ERR,ERR,ERR,ERR,ERR,ERR,ERR,ERR,ERR,ERR,ERR,ERR,ERR,ERR,ERR,ERR,ERR,ERR,ERR,ERR,ERR,ERR,ERR,ERR,ERR,ERR,ERR,ERR,ERR,50.0,60.0,100,0.0,0.0,0.0,0.0,0.0,0.0,0.0,0.0,0.0,0.0,0.0,0.0,0.0,0.0,0.0,0.0,62.0,64,20,65521,50,65476,0,300,0,0,8,20529,65476,0,0,26214,60.0,0.0,0.0,0.0,0.0,0.0
2026-05-17T16:33:55,ERR,ERR,ERR,ERR,ERR,ERR,ERR,ERR,ERR,ERR,ERR,ERR,ERR,ERR,ERR,ERR,ERR,ERR,ERR,ERR,ERR,ERR,ERR,ERR,ERR,ERR,ERR,ERR,ERR,ERR,ERR,ERR,ERR,ERR,ERR,ERR,ERR,ERR,ERR,ERR,ERR,ERR,ERR,ERR,ERR,ERR,ERR,ERR,ERR,ERR,ERR,ERR,ERR,ERR,ERR,ERR,ERR,ERR,ERR,ERR,ERR,ERR,ERR,ERR,ERR,ERR,ERR,ERR,ERR,ERR,ERR,ERR,ERR,ERR,ERR,ERR,ERR,ERR,ERR,ERR,ERR,ERR,ERR,ERR,ERR,ERR,ERR,ERR,ERR,ERR,ERR,ERR,ERR,ERR,ERR,ERR,ERR,ERR,ERR,ERR,ERR,ERR,ERR,ERR,ERR,ERR,ERR,ERR,ERR,ERR,ERR,ERR,ERR,ERR,ERR,ERR,ERR,ERR,ERR,ERR,ERR,ERR,ERR,ERR,ERR,0.0,-107615288.0,-0.0,0.0,0.0,1.3936040501711995e+18,7.805,0.0,0,0,4,0,8422,0.0,45,0.0,0.0,0.0,0.0,0.0,0,0,0,0,0.0,0,0,0,0,0,0,0,0,0,0,0,0,0,0,0,0,0,0,0,0,0,0,0,0,0,0,0,0,0,0,0,0,0,38,14,7,45,65476,0,300,0,0,8,21553,0.0,-107605600.0,0.0,0.0,0.0,0.0,0.0,0.0,0.0,0.0,0.0,0.0,0.0,0.0,0.0,0.0,0.0,0.0,0.0,0.0,0.0,0.0,0.0,-2.004,-0.0,0.0,0.0,0.0,0.0,0.0,5006.0,0.0,0.0,0.0,0.0,0.0,-0.0,0.0,0.0,0.0,0.0,53,1.9056979486756045e+17,-152017263656960.0,0.0,0.0,0.0,0.0,0.0,0.0,0.0,0,0,0,0.0,0.0,0.0,0.0,0.0,0.0,0.0,0.0,0.0,0.0,0.0,0.0,0.0,0.0,0.0,0.0,0,-107875648.0,53,0.0,106,-107614832.0,2.7006707062415038e+23,ERR,ERR,ERR,ERR,ERR,ERR,ERR,ERR,ERR,ERR,ERR,ERR,ERR,ERR,ERR,ERR,ERR,ERR,ERR,ERR,ERR,ERR,ERR,ERR,ERR,ERR,ERR,ERR,ERR,ERR,ERR,ERR,ERR,ERR,ERR,ERR,ERR,ERR,ERR,ERR,ERR,ERR,ERR,ERR,ERR,ERR,ERR,ERR,ERR,ERR,ERR,ERR,ERR,ERR,ERR,ERR,ERR,ERR,ERR,ERR,ERR,ERR,ERR,ERR,ERR,ERR,ERR,50.0,60.0,100,0.0,0.0,0.0,0.0,0.0,0.0,0.0,0.0,0.0,0.0,0.0,0.0,0.0,0.0,0.0,0.0,62.0,64,20,65521,50,65476,0,300,0,0,8,20529,65476,0,0,26214,60.0,0.0,0.0,0.0,0.0,0.0
2026-05-17T16:33:56,ERR,ERR,ERR,ERR,ERR,ERR,ERR,ERR,ERR,ERR,ERR,ERR,ERR,ERR,ERR,ERR,ERR,ERR,ERR,ERR,ERR,ERR,ERR,ERR,ERR,ERR,ERR,ERR,ERR,ERR,ERR,ERR,ERR,ERR,ERR,ERR,ERR,ERR,ERR,ERR,ERR,ERR,ERR,ERR,ERR,ERR,ERR,ERR,ERR,ERR,ERR,ERR,ERR,ERR,ERR,ERR,ERR,ERR,ERR,ERR,ERR,ERR,ERR,ERR,ERR,ERR,ERR,ERR,ERR,ERR,ERR,ERR,ERR,ERR,ERR,ERR,ERR,ERR,ERR,ERR,ERR,ERR,ERR,ERR,ERR,ERR,ERR,ERR,ERR,ERR,ERR,ERR,ERR,ERR,ERR,ERR,ERR,ERR,ERR,ERR,ERR,ERR,ERR,ERR,ERR,ERR,ERR,ERR,ERR,ERR,ERR,ERR,ERR,ERR,ERR,ERR,ERR,ERR,ERR,ERR,ERR,ERR,ERR,ERR,ERR,0.0,-107615288.0,-0.0,0.0,0.0,1.3936040501711995e+18,7.805,0.0,0,0,4,0,8422,0.0,45,0.0,0.0,0.0,0.0,0.0,0,0,0,0,0.0,0,0,0,0,0,0,0,0,0,0,0,0,0,0,0,0,0,0,0,0,0,0,0,0,0,0,0,0,0,0,0,0,0,38,14,7,45,65476,0,300,0,0,8,21553,0.0,-107605600.0,0.0,0.0,0.0,0.0,0.0,0.0,0.0,0.0,0.0,0.0,0.0,0.0,0.0,0.0,0.0,0.0,0.0,0.0,0.0,0.0,0.0,-2.004,-0.0,0.0,0.0,0.0,0.0,0.0,5006.0,0.0,0.0,0.0,0.0,0.0,-0.0,0.0,0.0,0.0,0.0,53,1.9056979486756045e+17,-152017263656960.0,0.0,0.0,0.0,0.0,0.0,0.0,0.0,0,0,0,0.0,0.0,0.0,0.0,0.0,0.0,0.0,0.0,0.0,0.0,0.0,0.0,0.0,0.0,0.0,0.0,0,-107875648.0,53,0.0,106,-107614832.0,2.7006707062415038e+23,ERR,ERR,ERR,ERR,ERR,ERR,ERR,ERR,ERR,ERR,ERR,ERR,ERR,ERR,ERR,ERR,ERR,ERR,ERR,ERR,ERR,ERR,ERR,ERR,ERR,ERR,ERR,ERR,ERR,ERR,ERR,ERR,ERR,ERR,ERR,ERR,ERR,ERR,ERR,ERR,ERR,ERR,ERR,ERR,ERR,ERR,ERR,ERR,ERR,ERR,ERR,ERR,ERR,ERR,ERR,ERR,ERR,ERR,ERR,ERR,ERR,ERR,ERR,ERR,ERR,ERR,ERR,50.0,60.0,100,0.0,0.0,0.0,0.0,0.0,0.0,0.0,0.0,0.0,0.0,0.0,0.0,0.0,0.0,0.0,0.0,61.6,64,20,65521,50,65476,0,300,0,0,8,20529,65476,0,0,26214,60.0,0.0,0.0,0.0,0.0,0.0
2026-05-17T16:33:57,ERR,ERR,ERR,ERR,ERR,ERR,ERR,ERR,ERR,ERR,ERR,ERR,ERR,ERR,ERR,ERR,ERR,ERR,ERR,ERR,ERR,ERR,ERR,ERR,ERR,ERR,ERR,ERR,ERR,ERR,ERR,ERR,ERR,ERR,ERR,ERR,ERR,ERR,ERR,ERR,ERR,ERR,ERR,ERR,ERR,ERR,ERR,ERR,ERR,ERR,ERR,ERR,ERR,ERR,ERR,ERR,ERR,ERR,ERR,ERR,ERR,ERR,ERR,ERR,ERR,ERR,ERR,ERR,ERR,ERR,ERR,ERR,ERR,ERR,ERR,ERR,ERR,ERR,ERR,ERR,ERR,ERR,ERR,ERR,ERR,ERR,ERR,ERR,ERR,ERR,ERR,ERR,ERR,ERR,ERR,ERR,ERR,ERR,ERR,ERR,ERR,ERR,ERR,ERR,ERR,ERR,ERR,ERR,ERR,ERR,ERR,ERR,ERR,ERR,ERR,ERR,ERR,ERR,ERR,ERR,ERR,ERR,ERR,ERR,ERR,0.0,-107615288.0,-0.0,0.0,0.0,1.3936040501711995e+18,7.805,0.0,0,0,4,0,8422,0.0,45,0.0,0.0,0.0,0.0,0.0,0,0,0,0,0.0,0,0,0,0,0,0,0,0,0,0,0,0,0,0,0,0,0,0,0,0,0,0,0,0,0,0,0,0,0,0,0,0,0,38,14,7,45,65476,0,300,0,0,8,21553,0.0,-107605600.0,0.0,0.0,0.0,0.0,0.0,0.0,0.0,0.0,0.0,0.0,0.0,0.0,0.0,0.0,0.0,0.0,0.0,0.0,0.0,0.0,0.0,-2.004,-0.0,0.0,0.0,0.0,0.0,0.0,5006.0,0.0,0.0,0.0,0.0,0.0,-0.0,0.0,0.0,0.0,0.0,53,1.9056979486756045e+17,-152017263656960.0,0.0,0.0,0.0,0.0,0.0,0.0,0.0,0,0,0,0.0,0.0,0.0,0.0,0.0,0.0,0.0,0.0,0.0,0.0,0.0,0.0,0.0,0.0,0.0,0.0,0,-107875648.0,53,0.0,106,-107614832.0,2.7006707062415038e+23,ERR,ERR,ERR,ERR,ERR,ERR,ERR,ERR,ERR,ERR,ERR,ERR,ERR,ERR,ERR,ERR,ERR,ERR,ERR,ERR,ERR,ERR,ERR,ERR,ERR,ERR,ERR,ERR,ERR,ERR,ERR,ERR,ERR,ERR,ERR,ERR,ERR,ERR,ERR,ERR,ERR,ERR,ERR,ERR,ERR,ERR,ERR,ERR,ERR,ERR,ERR,ERR,ERR,ERR,ERR,ERR,ERR,ERR,ERR,ERR,ERR,ERR,ERR,ERR,ERR,ERR,ERR,50.0,60.0,100,0.0,0.0,0.0,0.0,0.0,0.0,0.0,0.0,0.0,0.0,0.0,0.0,0.0,0.0,0.0,0.0,61.6,64,20,65521,50,65476,0,300,0,0,8,20529,65476,0,0,26214,60.0,0.0,0.0,0.0,0.0,0.0
2026-05-17T16:33:58,ERR,ERR,ERR,ERR,ERR,ERR,ERR,ERR,ERR,ERR,ERR,ERR,ERR,ERR,ERR,ERR,ERR,ERR,ERR,ERR,ERR,ERR,ERR,ERR,ERR,ERR,ERR,ERR,ERR,ERR,ERR,ERR,ERR,ERR,ERR,ERR,ERR,ERR,ERR,ERR,ERR,ERR,ERR,ERR,ERR,ERR,ERR,ERR,ERR,ERR,ERR,ERR,ERR,ERR,ERR,ERR,ERR,ERR,ERR,ERR,ERR,ERR,ERR,ERR,ERR,ERR,ERR,ERR,ERR,ERR,ERR,ERR,ERR,ERR,ERR,ERR,ERR,ERR,ERR,ERR,ERR,ERR,ERR,ERR,ERR,ERR,ERR,ERR,ERR,ERR,ERR,ERR,ERR,ERR,ERR,ERR,ERR,ERR,ERR,ERR,ERR,ERR,ERR,ERR,ERR,ERR,ERR,ERR,ERR,ERR,ERR,ERR,ERR,ERR,ERR,ERR,ERR,ERR,ERR,ERR,ERR,ERR,ERR,ERR,ERR,0.0,-107615288.0,-0.0,0.0,0.0,1.3936040501711995e+18,7.805,0.0,0,0,4,0,8422,0.0,45,0.0,0.0,0.0,0.0,0.0,0,0,0,0,0.0,0,0,0,0,0,0,0,0,0,0,0,0,0,0,0,0,0,0,0,0,0,0,0,0,0,0,0,0,0,0,0,0,0,38,14,7,45,65476,0,300,0,0,8,21553,0.0,-107605600.0,0.0,0.0,0.0,0.0,0.0,0.0,0.0,0.0,0.0,0.0,0.0,0.0,0.0,0.0,0.0,0.0,0.0,0.0,0.0,0.0,0.0,-2.004,-0.0,0.0,0.0,0.0,0.0,0.0,5006.0,0.0,0.0,0.0,0.0,0.0,-0.0,0.0,0.0,0.0,0.0,53,1.9056979486756045e+17,-152017263656960.0,0.0,0.0,0.0,0.0,0.0,0.0,0.0,0,0,0,0.0,0.0,0.0,0.0,0.0,0.0,0.0,0.0,0.0,0.0,0.0,0.0,0.0,0.0,0.0,0.0,0,-107875648.0,53,0.0,106,-107614832.0,2.7006707062415038e+23,ERR,ERR,ERR,ERR,ERR,ERR,ERR,ERR,ERR,ERR,ERR,ERR,ERR,ERR,ERR,ERR,ERR,ERR,ERR,ERR,ERR,ERR,ERR,ERR,ERR,ERR,ERR,ERR,ERR,ERR,ERR,ERR,ERR,ERR,ERR,ERR,ERR,ERR,ERR,ERR,ERR,ERR,ERR,ERR,ERR,ERR,ERR,ERR,ERR,ERR,ERR,ERR,ERR,ERR,ERR,ERR,ERR,ERR,ERR,ERR,ERR,ERR,ERR,ERR,ERR,ERR,ERR,50.0,60.0,100,0.0,0.0,0.0,0.0,0.0,0.0,0.0,0.0,0.0,0.0,0.0,0.0,0.0,0.0,0.0,0.0,62.0,64,20,65521,50,65476,0,300,0,0,8,20529,65476,0,0,26214,60.0,0.0,0.0,0.0,0.0,0.0
2026-05-17T16:33:59,ERR,ERR,ERR,ERR,ERR,ERR,ERR,ERR,ERR,ERR,ERR,ERR,ERR,ERR,ERR,ERR,ERR,ERR,ERR,ERR,ERR,ERR,ERR,ERR,ERR,ERR,ERR,ERR,ERR,ERR,ERR,ERR,ERR,ERR,ERR,ERR,ERR,ERR,ERR,ERR,ERR,ERR,ERR,ERR,ERR,ERR,ERR,ERR,ERR,ERR,ERR,ERR,ERR,ERR,ERR,ERR,ERR,ERR,ERR,ERR,ERR,ERR,ERR,ERR,ERR,ERR,ERR,ERR,ERR,ERR,ERR,ERR,ERR,ERR,ERR,ERR,ERR,ERR,ERR,ERR,ERR,ERR,ERR,ERR,ERR,ERR,ERR,ERR,ERR,ERR,ERR,ERR,ERR,ERR,ERR,ERR,ERR,ERR,ERR,ERR,ERR,ERR,ERR,ERR,ERR,ERR,ERR,ERR,ERR,ERR,ERR,ERR,ERR,ERR,ERR,ERR,ERR,ERR,ERR,ERR,ERR,ERR,ERR,ERR,ERR,0.0,-107615288.0,-0.0,0.0,0.0,1.3936040501711995e+18,7.805,0.0,0,0,4,0,8422,0.0,45,0.0,0.0,0.0,0.0,0.0,0,0,0,0,0.0,0,0,0,0,0,0,0,0,0,0,0,0,0,0,0,0,0,0,0,0,0,0,0,0,0,0,0,0,0,0,0,0,0,38,14,7,45,65476,0,300,0,0,8,21553,0.0,-107605600.0,0.0,0.0,0.0,0.0,0.0,0.0,0.0,0.0,0.0,0.0,0.0,0.0,0.0,0.0,0.0,0.0,0.0,0.0,0.0,0.0,0.0,-2.004,-0.0,0.0,0.0,0.0,0.0,0.0,5006.0,0.0,0.0,0.0,0.0,0.0,-0.0,0.0,0.0,0.0,0.0,53,1.9056979486756045e+17,-152017263656960.0,0.0,0.0,0.0,0.0,0.0,0.0,0.0,0,0,0,0.0,0.0,0.0,0.0,0.0,0.0,0.0,0.0,0.0,0.0,0.0,0.0,0.0,0.0,0.0,0.0,0,-107875648.0,53,0.0,106,-107614832.0,2.7006707062415038e+23,ERR,ERR,ERR,ERR,ERR,ERR,ERR,ERR,ERR,ERR,ERR,ERR,ERR,ERR,ERR,ERR,ERR,ERR,ERR,ERR,ERR,ERR,ERR,ERR,ERR,ERR,ERR,ERR,ERR,ERR,ERR,ERR,ERR,ERR,ERR,ERR,ERR,ERR,ERR,ERR,ERR,ERR,ERR,ERR,ERR,ERR,ERR,ERR,ERR,ERR,ERR,ERR,ERR,ERR,ERR,ERR,ERR,ERR,ERR,ERR,ERR,ERR,ERR,ERR,ERR,ERR,ERR,50.0,60.0,100,0.0,0.0,0.0,0.0,0.0,0.0,0.0,0.0,0.0,0.0,0.0,0.0,0.0,0.0,0.0,0.0,62.0,64,20,65521,50,65476,0,300,0,0,8,20529,65476,0,0,26214,60.0,0.0,0.0,0.0,0.0,0.0
2026-05-17T16:34:00,ERR,ERR,ERR,ERR,ERR,ERR,ERR,ERR,ERR,ERR,ERR,ERR,ERR,ERR,ERR,ERR,ERR,ERR,ERR,ERR,ERR,ERR,ERR,ERR,ERR,ERR,ERR,ERR,ERR,ERR,ERR,ERR,ERR,ERR,ERR,ERR,ERR,ERR,ERR,ERR,ERR,ERR,ERR,ERR,ERR,ERR,ERR,ERR,ERR,ERR,ERR,ERR,ERR,ERR,ERR,ERR,ERR,ERR,ERR,ERR,ERR,ERR,ERR,ERR,ERR,ERR,ERR,ERR,ERR,ERR,ERR,ERR,ERR,ERR,ERR,ERR,ERR,ERR,ERR,ERR,ERR,ERR,ERR,ERR,ERR,ERR,ERR,ERR,ERR,ERR,ERR,ERR,ERR,ERR,ERR,ERR,ERR,ERR,ERR,ERR,ERR,ERR,ERR,ERR,ERR,ERR,ERR,ERR,ERR,ERR,ERR,ERR,ERR,ERR,ERR,ERR,ERR,ERR,ERR,ERR,ERR,ERR,ERR,ERR,ERR,0.0,-107615288.0,-0.0,0.0,0.0,1.3936040501711995e+18,7.805,0.0,0,0,4,0,8422,0.0,45,0.0,0.0,0.0,0.0,0.0,0,0,0,0,0.0,0,0,0,0,0,0,0,0,0,0,0,0,0,0,0,0,0,0,0,0,0,0,0,0,0,0,0,0,0,0,0,0,0,38,14,7,45,65476,0,300,0,0,8,21553,0.0,-107605600.0,0.0,0.0,0.0,0.0,0.0,0.0,0.0,0.0,0.0,0.0,0.0,0.0,0.0,0.0,0.0,0.0,0.0,0.0,0.0,0.0,0.0,-2.004,-2.004,0.0,0.0,0.0,0.0,0.0,4980.0,-131350.422,0.0,0.0,-107615288.0,0.0,-0.0,0.0,0.0,0.0,0.0,53,5.848083413016271e+35,2.7184172306451498e+23,0.0,0.0,0.0,0.0,0.0,0.0,0.0,0,0,0,0.0,0.0,0.0,0.0,0.0,0.0,0.0,0.0,0.0,0.0,0.0,0.0,0.0,0.0,0.0,0.0,0,-107875648.0,53,0.0,106,-107614832.0,2.7006707062415038e+23,ERR,ERR,ERR,ERR,ERR,ERR,ERR,ERR,ERR,ERR,ERR,ERR,ERR,ERR,ERR,ERR,ERR,ERR,ERR,ERR,ERR,ERR,ERR,ERR,ERR,ERR,ERR,ERR,ERR,ERR,ERR,ERR,ERR,ERR,ERR,ERR,ERR,ERR,ERR,ERR,ERR,ERR,ERR,ERR,ERR,ERR,ERR,ERR,ERR,ERR,ERR,ERR,ERR,ERR,ERR,ERR,ERR,ERR,ERR,ERR,ERR,ERR,ERR,ERR,ERR,ERR,ERR,50.0,60.0,100,0.0,0.0,0.0,0.0,0.0,0.0,0.0,0.0,0.0,0.0,0.0,0.0,0.0,0.0,0.0,0.0,61.6,64,20,65521,50,65476,0,300,0,0,8,20529,65476,0,0,26214,60.0,0.0,0.0,0.0,0.0,0.0
2026-05-17T16:34:01,ERR,ERR,ERR,ERR,ERR,ERR,ERR,ERR,ERR,ERR,ERR,ERR,ERR,ERR,ERR,ERR,ERR,ERR,ERR,ERR,ERR,ERR,ERR,ERR,ERR,ERR,ERR,ERR,ERR,ERR,ERR,ERR,ERR,ERR,ERR,ERR,ERR,ERR,ERR,ERR,ERR,ERR,ERR,ERR,ERR,ERR,ERR,ERR,ERR,ERR,ERR,ERR,ERR,ERR,ERR,ERR,ERR,ERR,ERR,ERR,ERR,ERR,ERR,ERR,ERR,ERR,ERR,ERR,ERR,ERR,ERR,ERR,ERR,ERR,ERR,ERR,ERR,ERR,ERR,ERR,ERR,ERR,ERR,ERR,ERR,ERR,ERR,ERR,ERR,ERR,ERR,ERR,ERR,ERR,ERR,ERR,ERR,ERR,ERR,ERR,ERR,ERR,ERR,ERR,ERR,ERR,ERR,ERR,ERR,ERR,ERR,ERR,ERR,ERR,ERR,ERR,ERR,ERR,ERR,ERR,ERR,ERR,ERR,ERR,ERR,0.0,-107615288.0,-0.0,0.0,0.0,1.3936040501711995e+18,7.805,0.0,0,0,4,0,8422,0.0,45,0.0,0.0,0.0,0.0,0.0,0,0,0,0,0.0,0,0,0,0,0,0,0,0,0,0,0,0,0,0,0,0,0,0,0,0,0,0,0,0,0,0,0,0,0,0,0,0,0,38,14,7,45,65476,0,300,0,0,8,21553,0.0,-107605600.0,0.0,0.0,0.0,0.0,0.0,0.0,0.0,0.0,0.0,0.0,0.0,0.0,0.0,0.0,0.0,0.0,0.0,0.0,0.0,0.0,0.0,-2.004,-2.004,0.0,0.0,0.0,0.0,0.0,4980.0,-131350.422,0.0,0.0,-107615288.0,0.0,-0.0,0.0,0.0,0.0,0.0,53,5.848083413016271e+35,2.7184172306451498e+23,0.0,0.0,0.0,0.0,0.0,0.0,0.0,0,0,0,0.0,0.0,0.0,0.0,0.0,0.0,0.0,0.0,0.0,0.0,0.0,0.0,0.0,0.0,0.0,0.0,0,-107875648.0,53,0.0,106,-107614832.0,2.7006707062415038e+23,ERR,ERR,ERR,ERR,ERR,ERR,ERR,ERR,ERR,ERR,ERR,ERR,ERR,ERR,ERR,ERR,ERR,ERR,ERR,ERR,ERR,ERR,ERR,ERR,ERR,ERR,ERR,ERR,ERR,ERR,ERR,ERR,ERR,ERR,ERR,ERR,ERR,ERR,ERR,ERR,ERR,ERR,ERR,ERR,ERR,ERR,ERR,ERR,ERR,ERR,ERR,ERR,ERR,ERR,ERR,ERR,ERR,ERR,ERR,ERR,ERR,ERR,ERR,ERR,ERR,ERR,ERR,50.0,60.0,100,0.0,0.0,0.0,0.0,0.0,0.0,0.0,0.0,0.0,0.0,0.0,0.0,0.0,0.0,0.0,0.0,61.6,64,20,65521,50,65476,0,300,0,0,8,20529,65476,0,0,26214,60.0,0.0,0.0,0.0,0.0,0.0
2026-05-17T16:34:02,ERR,ERR,ERR,ERR,ERR,ERR,ERR,ERR,ERR,ERR,ERR,ERR,ERR,ERR,ERR,ERR,ERR,ERR,ERR,ERR,ERR,ERR,ERR,ERR,ERR,ERR,ERR,ERR,ERR,ERR,ERR,ERR,ERR,ERR,ERR,ERR,ERR,ERR,ERR,ERR,ERR,ERR,ERR,ERR,ERR,ERR,ERR,ERR,ERR,ERR,ERR,ERR,ERR,ERR,ERR,ERR,ERR,ERR,ERR,ERR,ERR,ERR,ERR,ERR,ERR,ERR,ERR,ERR,ERR,ERR,ERR,ERR,ERR,ERR,ERR,ERR,ERR,ERR,ERR,ERR,ERR,ERR,ERR,ERR,ERR,ERR,ERR,ERR,ERR,ERR,ERR,ERR,ERR,ERR,ERR,ERR,ERR,ERR,ERR,ERR,ERR,ERR,ERR,ERR,ERR,ERR,ERR,ERR,ERR,ERR,ERR,ERR,ERR,ERR,ERR,ERR,ERR,ERR,ERR,ERR,ERR,ERR,ERR,ERR,ERR,0.0,-107615288.0,-0.0,0.0,0.0,1.3936040501711995e+18,7.805,0.0,0,0,4,0,8422,0.0,45,0.0,0.0,0.0,0.0,0.0,0,0,0,0,0.0,0,0,0,0,0,0,0,0,0,0,0,0,0,0,0,0,0,0,0,0,0,0,0,0,0,0,0,0,0,0,0,0,0,38,14,7,45,65476,0,300,0,0,8,21553,0.0,-107605600.0,0.0,0.0,0.0,0.0,0.0,0.0,0.0,0.0,0.0,0.0,0.0,0.0,0.0,0.0,0.0,0.0,0.0,0.0,0.0,0.0,0.0,-2.004,-2.004,0.0,0.0,0.0,0.0,0.0,4980.0,-131350.422,0.0,0.0,-107615288.0,0.0,-0.0,0.0,0.0,0.0,0.0,53,5.848083413016271e+35,2.7184172306451498e+23,0.0,0.0,0.0,0.0,0.0,0.0,0.0,0,0,0,0.0,0.0,0.0,0.0,0.0,0.0,0.0,0.0,0.0,0.0,0.0,0.0,0.0,0.0,0.0,0.0,0,-107875648.0,53,0.0,106,-107614832.0,2.7006707062415038e+23,ERR,ERR,ERR,ERR,ERR,ERR,ERR,ERR,ERR,ERR,ERR,ERR,ERR,ERR,ERR,ERR,ERR,ERR,ERR,ERR,ERR,ERR,ERR,ERR,ERR,ERR,ERR,ERR,ERR,ERR,ERR,ERR,ERR,ERR,ERR,ERR,ERR,ERR,ERR,ERR,ERR,ERR,ERR,ERR,ERR,ERR,ERR,ERR,ERR,ERR,ERR,ERR,ERR,ERR,ERR,ERR,ERR,ERR,ERR,ERR,ERR,ERR,ERR,ERR,ERR,ERR,ERR,50.0,60.0,100,0.0,0.0,0.0,0.0,0.0,0.0,0.0,0.0,0.0,0.0,0.0,0.0,0.0,0.0,0.0,0.0,61.6,64,20,65521,50,65476,0,300,0,0,8,20529,65476,0,0,26214,60.0,0.0,0.0,0.0,0.0,0.0
2026-05-17T16:34:03,ERR,ERR,ERR,ERR,ERR,ERR,ERR,ERR,ERR,ERR,ERR,ERR,ERR,ERR,ERR,ERR,ERR,ERR,ERR,ERR,ERR,ERR,ERR,ERR,ERR,ERR,ERR,ERR,ERR,ERR,ERR,ERR,ERR,ERR,ERR,ERR,ERR,ERR,ERR,ERR,ERR,ERR,ERR,ERR,ERR,ERR,ERR,ERR,ERR,ERR,ERR,ERR,ERR,ERR,ERR,ERR,ERR,ERR,ERR,ERR,ERR,ERR,ERR,ERR,ERR,ERR,ERR,ERR,ERR,ERR,ERR,ERR,ERR,ERR,ERR,ERR,ERR,ERR,ERR,ERR,ERR,ERR,ERR,ERR,ERR,ERR,ERR,ERR,ERR,ERR,ERR,ERR,ERR,ERR,ERR,ERR,ERR,ERR,ERR,ERR,ERR,ERR,ERR,ERR,ERR,ERR,ERR,ERR,ERR,ERR,ERR,ERR,ERR,ERR,ERR,ERR,ERR,ERR,ERR,ERR,ERR,ERR,ERR,ERR,ERR,0.0,-107615288.0,-0.0,0.0,0.0,1.3936040501711995e+18,7.805,0.0,0,0,4,0,8422,0.0,45,0.0,0.0,0.0,0.0,0.0,0,0,0,0,0.0,0,0,0,0,0,0,0,0,0,0,0,0,0,0,0,0,0,0,0,0,0,0,0,0,0,0,0,0,0,0,0,0,0,38,14,7,45,65476,0,300,0,0,8,21553,0.0,-107605600.0,0.0,0.0,0.0,0.0,0.0,0.0,0.0,0.0,0.0,0.0,0.0,0.0,0.0,0.0,0.0,0.0,0.0,0.0,0.0,0.0,0.0,-2.004,-2.004,0.0,0.0,0.0,0.0,0.0,4980.0,-131350.422,0.0,0.0,-107615288.0,0.0,-0.0,0.0,0.0,0.0,0.0,53,5.848083413016271e+35,2.7184172306451498e+23,0.0,0.0,0.0,0.0,0.0,0.0,0.0,0,0,0,0.0,0.0,0.0,0.0,0.0,0.0,0.0,0.0,0.0,0.0,0.0,0.0,0.0,0.0,0.0,0.0,0,-107875648.0,53,0.0,106,-107614832.0,2.7006707062415038e+23,ERR,ERR,ERR,ERR,ERR,ERR,ERR,ERR,ERR,ERR,ERR,ERR,ERR,ERR,ERR,ERR,ERR,ERR,ERR,ERR,ERR,ERR,ERR,ERR,ERR,ERR,ERR,ERR,ERR,ERR,ERR,ERR,ERR,ERR,ERR,ERR,ERR,ERR,ERR,ERR,ERR,ERR,ERR,ERR,ERR,ERR,ERR,ERR,ERR,ERR,ERR,ERR,ERR,ERR,ERR,ERR,ERR,ERR,ERR,ERR,ERR,ERR,ERR,ERR,ERR,ERR,ERR,50.0,60.0,100,0.0,0.0,0.0,0.0,0.0,0.0,0.0,0.0,0.0,0.0,0.0,0.0,0.0,0.0,0.0,0.0,61.6,64,20,65521,50,65476,0,300,0,0,8,20529,65476,0,0,26214,60.0,0.0,0.0,0.0,0.0,0.0
2026-05-17T16:34:04,ERR,ERR,ERR,ERR,ERR,ERR,ERR,ERR,ERR,ERR,ERR,ERR,ERR,ERR,ERR,ERR,ERR,ERR,ERR,ERR,ERR,ERR,ERR,ERR,ERR,ERR,ERR,ERR,ERR,ERR,ERR,ERR,ERR,ERR,ERR,ERR,ERR,ERR,ERR,ERR,ERR,ERR,ERR,ERR,ERR,ERR,ERR,ERR,ERR,ERR,ERR,ERR,ERR,ERR,ERR,ERR,ERR,ERR,ERR,ERR,ERR,ERR,ERR,ERR,ERR,ERR,ERR,ERR,ERR,ERR,ERR,ERR,ERR,ERR,ERR,ERR,ERR,ERR,ERR,ERR,ERR,ERR,ERR,ERR,ERR,ERR,ERR,ERR,ERR,ERR,ERR,ERR,ERR,ERR,ERR,ERR,ERR,ERR,ERR,ERR,ERR,ERR,ERR,ERR,ERR,ERR,ERR,ERR,ERR,ERR,ERR,ERR,ERR,ERR,ERR,ERR,ERR,ERR,ERR,ERR,ERR,ERR,ERR,ERR,ERR,0.0,-107615288.0,-0.0,0.0,0.0,1.3936040501711995e+18,7.805,0.0,0,0,4,0,8422,0.0,45,0.0,0.0,0.0,0.0,0.0,0,0,0,0,0.0,0,0,0,0,0,0,0,0,0,0,0,0,0,0,0,0,0,0,0,0,0,0,0,0,0,0,0,0,0,0,0,0,0,38,14,7,45,65476,0,300,0,0,8,21553,0.0,-107605600.0,0.0,0.0,0.0,0.0,0.0,0.0,0.0,0.0,0.0,0.0,0.0,0.0,0.0,0.0,0.0,0.0,0.0,0.0,0.0,0.0,0.0,-2.004,-2.004,0.0,0.0,0.0,0.0,0.0,4980.0,-131350.422,0.0,0.0,-107615288.0,0.0,-0.0,0.0,0.0,0.0,0.0,53,5.848083413016271e+35,2.7184172306451498e+23,0.0,0.0,0.0,0.0,0.0,0.0,0.0,0,0,0,0.0,0.0,0.0,0.0,0.0,0.0,0.0,0.0,0.0,0.0,0.0,0.0,0.0,0.0,0.0,0.0,0,-107875648.0,53,0.0,106,-107614832.0,2.7006707062415038e+23,ERR,ERR,ERR,ERR,ERR,ERR,ERR,ERR,ERR,ERR,ERR,ERR,ERR,ERR,ERR,ERR,ERR,ERR,ERR,ERR,ERR,ERR,ERR,ERR,ERR,ERR,ERR,ERR,ERR,ERR,ERR,ERR,ERR,ERR,ERR,ERR,ERR,ERR,ERR,ERR,ERR,ERR,ERR,ERR,ERR,ERR,ERR,ERR,ERR,ERR,ERR,ERR,ERR,ERR,ERR,ERR,ERR,ERR,ERR,ERR,ERR,ERR,ERR,ERR,ERR,ERR,ERR,50.0,60.0,100,0.0,0.0,0.0,0.0,0.0,0.0,0.0,0.0,0.0,0.0,0.0,0.0,0.0,0.0,0.0,0.0,61.6,64,20,65521,50,65476,0,300,0,0,8,20529,65476,0,0,26214,60.0,0.0,0.0,0.0,0.0,0.0
2026-05-17T16:34:05,ERR,ERR,ERR,ERR,ERR,ERR,ERR,ERR,ERR,ERR,ERR,ERR,ERR,ERR,ERR,ERR,ERR,ERR,ERR,ERR,ERR,ERR,ERR,ERR,ERR,ERR,ERR,ERR,ERR,ERR,ERR,ERR,ERR,ERR,ERR,ERR,ERR,ERR,ERR,ERR,ERR,ERR,ERR,ERR,ERR,ERR,ERR,ERR,ERR,ERR,ERR,ERR,ERR,ERR,ERR,ERR,ERR,ERR,ERR,ERR,ERR,ERR,ERR,ERR,ERR,ERR,ERR,ERR,ERR,ERR,ERR,ERR,ERR,ERR,ERR,ERR,ERR,ERR,ERR,ERR,ERR,ERR,ERR,ERR,ERR,ERR,ERR,ERR,ERR,ERR,ERR,ERR,ERR,ERR,ERR,ERR,ERR,ERR,ERR,ERR,ERR,ERR,ERR,ERR,ERR,ERR,ERR,ERR,ERR,ERR,ERR,ERR,ERR,ERR,ERR,ERR,ERR,ERR,ERR,ERR,ERR,ERR,ERR,ERR,ERR,0.0,-107615288.0,-0.0,0.0,0.0,1.3936040501711995e+18,7.805,0.0,0,0,4,0,8422,0.0,45,0.0,0.0,0.0,0.0,0.0,0,0,0,0,0.0,0,0,0,0,0,0,0,0,0,0,0,0,0,0,0,0,0,0,0,0,0,0,0,0,0,0,0,0,0,0,0,0,0,38,14,7,45,65476,0,300,0,0,8,21553,0.0,-107605600.0,0.0,0.0,0.0,0.0,0.0,0.0,0.0,0.0,0.0,0.0,0.0,0.0,0.0,0.0,0.0,0.0,0.0,0.0,0.0,0.0,0.0,-2.004,-2.004,0.0,0.0,0.0,0.0,0.0,4980.0,-131350.422,0.0,0.0,-107615288.0,0.0,-0.0,0.0,0.0,0.0,0.0,53,5.848083413016271e+35,2.7184172306451498e+23,0.0,0.0,0.0,0.0,0.0,0.0,0.0,0,0,0,0.0,0.0,0.0,0.0,0.0,0.0,0.0,0.0,0.0,0.0,0.0,0.0,0.0,0.0,0.0,0.0,0,-107875648.0,53,0.0,106,-107614832.0,2.7006707062415038e+23,ERR,ERR,ERR,ERR,ERR,ERR,ERR,ERR,ERR,ERR,ERR,ERR,ERR,ERR,ERR,ERR,ERR,ERR,ERR,ERR,ERR,ERR,ERR,ERR,ERR,ERR,ERR,ERR,ERR,ERR,ERR,ERR,ERR,ERR,ERR,ERR,ERR,ERR,ERR,ERR,ERR,ERR,ERR,ERR,ERR,ERR,ERR,ERR,ERR,ERR,ERR,ERR,ERR,ERR,ERR,ERR,ERR,ERR,ERR,ERR,ERR,ERR,ERR,ERR,ERR,ERR,ERR,50.0,60.0,100,0.0,0.0,0.0,0.0,0.0,0.0,0.0,0.0,0.0,0.0,0.0,0.0,0.0,0.0,0.0,0.0,62.0,64,20,65521,50,65476,0,300,0,0,8,20529,65476,0,0,26214,60.0,0.0,0.0,0.0,0.0,0.0
2026-05-17T16:34:06,ERR,ERR,ERR,ERR,ERR,ERR,ERR,ERR,ERR,ERR,ERR,ERR,ERR,ERR,ERR,ERR,ERR,ERR,ERR,ERR,ERR,ERR,ERR,ERR,ERR,ERR,ERR,ERR,ERR,ERR,ERR,ERR,ERR,ERR,ERR,ERR,ERR,ERR,ERR,ERR,ERR,ERR,ERR,ERR,ERR,ERR,ERR,ERR,ERR,ERR,ERR,ERR,ERR,ERR,ERR,ERR,ERR,ERR,ERR,ERR,ERR,ERR,ERR,ERR,ERR,ERR,ERR,ERR,ERR,ERR,ERR,ERR,ERR,ERR,ERR,ERR,ERR,ERR,ERR,ERR,ERR,ERR,ERR,ERR,ERR,ERR,ERR,ERR,ERR,ERR,ERR,ERR,ERR,ERR,ERR,ERR,ERR,ERR,ERR,ERR,ERR,ERR,ERR,ERR,ERR,ERR,ERR,ERR,ERR,ERR,ERR,ERR,ERR,ERR,ERR,ERR,ERR,ERR,ERR,ERR,ERR,ERR,ERR,ERR,ERR,0.0,-107615288.0,-0.0,0.0,0.0,1.3936040501711995e+18,7.805,0.0,0,0,4,0,8422,0.0,45,0.0,0.0,0.0,0.0,0.0,0,0,0,0,0.0,0,0,0,0,0,0,0,0,0,0,0,0,0,0,0,0,0,0,0,0,0,0,0,0,0,0,0,0,0,0,0,0,0,38,14,7,45,65476,0,300,0,0,8,21553,0.0,-107605600.0,0.0,0.0,0.0,0.0,0.0,0.0,0.0,0.0,0.0,0.0,0.0,0.0,0.0,0.0,0.0,0.0,0.0,0.0,0.0,0.0,0.0,-2.004,-2.004,2.004,0.0,0.0,0.0,0.0,4978.0,0.0,0.0,0.0,-107615288.0,0.0,-0.0,0.0,0.0,0.0,0.0,53,4.066880103266858e+29,-0.0,0.0,0.0,0.0,0.0,0.0,0.0,0.0,0,0,0,0.0,0.0,0.0,0.0,0.0,0.0,0.0,0.0,0.0,0.0,0.0,0.0,0.0,0.0,0.0,0.0,0,-107875648.0,53,0.0,106,-107614832.0,2.7006707062415038e+23,ERR,ERR,ERR,ERR,ERR,ERR,ERR,ERR,ERR,ERR,ERR,ERR,ERR,ERR,ERR,ERR,ERR,ERR,ERR,ERR,ERR,ERR,ERR,ERR,ERR,ERR,ERR,ERR,ERR,ERR,ERR,ERR,ERR,ERR,ERR,ERR,ERR,ERR,ERR,ERR,ERR,ERR,ERR,ERR,ERR,ERR,ERR,ERR,ERR,ERR,ERR,ERR,ERR,ERR,ERR,ERR,ERR,ERR,ERR,ERR,ERR,ERR,ERR,ERR,ERR,ERR,ERR,50.0,60.0,100,0.0,0.0,0.0,0.0,0.0,0.0,0.0,0.0,0.0,0.0,0.0,0.0,0.0,0.0,0.0,0.0,62.0,64,20,65521,50,65476,0,300,0,0,8,20529,65476,0,0,26214,60.0,0.0,0.0,0.0,0.0,0.0
2026-05-17T16:34:07,ERR,ERR,ERR,ERR,ERR,ERR,ERR,ERR,ERR,ERR,ERR,ERR,ERR,ERR,ERR,ERR,ERR,ERR,ERR,ERR,ERR,ERR,ERR,ERR,ERR,ERR,ERR,ERR,ERR,ERR,ERR,ERR,ERR,ERR,ERR,ERR,ERR,ERR,ERR,ERR,ERR,ERR,ERR,ERR,ERR,ERR,ERR,ERR,ERR,ERR,ERR,ERR,ERR,ERR,ERR,ERR,ERR,ERR,ERR,ERR,ERR,ERR,ERR,ERR,ERR,ERR,ERR,ERR,ERR,ERR,ERR,ERR,ERR,ERR,ERR,ERR,ERR,ERR,ERR,ERR,ERR,ERR,ERR,ERR,ERR,ERR,ERR,ERR,ERR,ERR,ERR,ERR,ERR,ERR,ERR,ERR,ERR,ERR,ERR,ERR,ERR,ERR,ERR,ERR,ERR,ERR,ERR,ERR,ERR,ERR,ERR,ERR,ERR,ERR,ERR,ERR,ERR,ERR,ERR,ERR,ERR,ERR,ERR,ERR,ERR,0.0,-107615288.0,-0.0,0.0,0.0,1.3936040501711995e+18,7.805,0.0,0,0,4,0,8422,0.0,45,0.0,0.0,0.0,0.0,0.0,0,0,0,0,0.0,0,0,0,0,0,0,0,0,0,0,0,0,0,0,0,0,0,0,0,0,0,0,0,0,0,0,0,0,0,0,0,0,0,38,14,7,45,65476,0,300,0,0,8,21553,0.0,-107605600.0,0.0,0.0,0.0,0.0,0.0,0.0,0.0,0.0,0.0,0.0,0.0,0.0,0.0,0.0,0.0,0.0,0.0,0.0,0.0,0.0,0.0,-2.004,-2.004,2.004,0.0,0.0,0.0,0.0,4978.0,0.0,0.0,0.0,-107615288.0,0.0,-0.0,0.0,0.0,0.0,0.0,53,4.066880103266858e+29,-0.0,0.0,0.0,0.0,0.0,0.0,0.0,0.0,0,0,0,0.0,0.0,0.0,0.0,0.0,0.0,0.0,0.0,0.0,0.0,0.0,0.0,0.0,0.0,0.0,0.0,0,-107875648.0,53,0.0,106,-107614832.0,2.7006707062415038e+23,ERR,ERR,ERR,ERR,ERR,ERR,ERR,ERR,ERR,ERR,ERR,ERR,ERR,ERR,ERR,ERR,ERR,ERR,ERR,ERR,ERR,ERR,ERR,ERR,ERR,ERR,ERR,ERR,ERR,ERR,ERR,ERR,ERR,ERR,ERR,ERR,ERR,ERR,ERR,ERR,ERR,ERR,ERR,ERR,ERR,ERR,ERR,ERR,ERR,ERR,ERR,ERR,ERR,ERR,ERR,ERR,ERR,ERR,ERR,ERR,ERR,ERR,ERR,ERR,ERR,ERR,ERR,50.0,60.0,100,0.0,0.0,0.0,0.0,0.0,0.0,0.0,0.0,0.0,0.0,0.0,0.0,0.0,0.0,0.0,0.0,62.0,64,20,65521,50,65476,0,300,0,0,8,20529,65476,0,0,26214,60.0,0.0,0.0,0.0,0.0,0.0
2026-05-17T16:34:08,ERR,ERR,ERR,ERR,ERR,ERR,ERR,ERR,ERR,ERR,ERR,ERR,ERR,ERR,ERR,ERR,ERR,ERR,ERR,ERR,ERR,ERR,ERR,ERR,ERR,ERR,ERR,ERR,ERR,ERR,ERR,ERR,ERR,ERR,ERR,ERR,ERR,ERR,ERR,ERR,ERR,ERR,ERR,ERR,ERR,ERR,ERR,ERR,ERR,ERR,ERR,ERR,ERR,ERR,ERR,ERR,ERR,ERR,ERR,ERR,ERR,ERR,ERR,ERR,ERR,ERR,ERR,ERR,ERR,ERR,ERR,ERR,ERR,ERR,ERR,ERR,ERR,ERR,ERR,ERR,ERR,ERR,ERR,ERR,ERR,ERR,ERR,ERR,ERR,ERR,ERR,ERR,ERR,ERR,ERR,ERR,ERR,ERR,ERR,ERR,ERR,ERR,ERR,ERR,ERR,ERR,ERR,ERR,ERR,ERR,ERR,ERR,ERR,ERR,ERR,ERR,ERR,ERR,ERR,ERR,ERR,ERR,ERR,ERR,ERR,0.0,-107615288.0,-0.0,0.0,0.0,1.3936040501711995e+18,7.805,0.0,0,0,4,0,8422,0.0,45,0.0,0.0,0.0,0.0,0.0,0,0,0,0,0.0,0,0,0,0,0,0,0,0,0,0,0,0,0,0,0,0,0,0,0,0,0,0,0,0,0,0,0,0,0,0,0,0,0,38,14,7,45,65476,0,300,0,0,8,21553,0.0,-107605600.0,0.0,0.0,0.0,0.0,0.0,0.0,0.0,0.0,0.0,0.0,0.0,0.0,0.0,0.0,0.0,0.0,0.0,0.0,0.0,0.0,0.0,-2.004,-2.004,2.004,0.0,0.0,0.0,0.0,4978.0,0.0,0.0,0.0,-107615288.0,0.0,-0.0,0.0,0.0,0.0,0.0,53,4.066880103266858e+29,-0.0,0.0,0.0,0.0,0.0,0.0,0.0,0.0,0,0,0,0.0,0.0,0.0,0.0,0.0,0.0,0.0,0.0,0.0,0.0,0.0,0.0,0.0,0.0,0.0,0.0,0,-107875648.0,53,0.0,106,-107614832.0,2.7006707062415038e+23,ERR,ERR,ERR,ERR,ERR,ERR,ERR,ERR,ERR,ERR,ERR,ERR,ERR,ERR,ERR,ERR,ERR,ERR,ERR,ERR,ERR,ERR,ERR,ERR,ERR,ERR,ERR,ERR,ERR,ERR,ERR,ERR,ERR,ERR,ERR,ERR,ERR,ERR,ERR,ERR,ERR,ERR,ERR,ERR,ERR,ERR,ERR,ERR,ERR,ERR,ERR,ERR,ERR,ERR,ERR,ERR,ERR,ERR,ERR,ERR,ERR,ERR,ERR,ERR,ERR,ERR,ERR,50.0,60.0,100,0.0,0.0,0.0,0.0,0.0,0.0,0.0,0.0,0.0,0.0,0.0,0.0,0.0,0.0,0.0,0.0,61.6,64,20,65521,50,65476,0,300,0,0,8,20529,65476,0,0,26214,60.0,0.0,0.0,0.0,0.0,0.0
2026-05-17T16:34:09,ERR,ERR,ERR,ERR,ERR,ERR,ERR,ERR,ERR,ERR,ERR,ERR,ERR,ERR,ERR,ERR,ERR,ERR,ERR,ERR,ERR,ERR,ERR,ERR,ERR,ERR,ERR,ERR,ERR,ERR,ERR,ERR,ERR,ERR,ERR,ERR,ERR,ERR,ERR,ERR,ERR,ERR,ERR,ERR,ERR,ERR,ERR,ERR,ERR,ERR,ERR,ERR,ERR,ERR,ERR,ERR,ERR,ERR,ERR,ERR,ERR,ERR,ERR,ERR,ERR,ERR,ERR,ERR,ERR,ERR,ERR,ERR,ERR,ERR,ERR,ERR,ERR,ERR,ERR,ERR,ERR,ERR,ERR,ERR,ERR,ERR,ERR,ERR,ERR,ERR,ERR,ERR,ERR,ERR,ERR,ERR,ERR,ERR,ERR,ERR,ERR,ERR,ERR,ERR,ERR,ERR,ERR,ERR,ERR,ERR,ERR,ERR,ERR,ERR,ERR,ERR,ERR,ERR,ERR,ERR,ERR,ERR,ERR,ERR,ERR,0.0,-107615288.0,-0.0,0.0,0.0,1.3936040501711995e+18,7.805,0.0,0,0,4,0,8422,0.0,45,0.0,0.0,0.0,0.0,0.0,0,0,0,0,0.0,0,0,0,0,0,0,0,0,0,0,0,0,0,0,0,0,0,0,0,0,0,0,0,0,0,0,0,0,0,0,0,0,0,38,14,7,45,65476,0,300,0,0,8,21553,0.0,-107605600.0,0.0,0.0,0.0,0.0,0.0,0.0,0.0,0.0,0.0,0.0,0.0,0.0,0.0,0.0,0.0,0.0,0.0,0.0,0.0,0.0,0.0,-2.004,-2.004,2.004,0.0,0.0,0.0,0.0,4978.0,0.0,0.0,0.0,-107615288.0,0.0,-0.0,0.0,0.0,0.0,0.0,53,4.066880103266858e+29,-0.0,0.0,0.0,0.0,0.0,0.0,0.0,0.0,0,0,0,0.0,0.0,0.0,0.0,0.0,0.0,0.0,0.0,0.0,0.0,0.0,0.0,0.0,0.0,0.0,0.0,0,-107875648.0,53,0.0,106,-107614832.0,2.7006707062415038e+23,ERR,ERR,ERR,ERR,ERR,ERR,ERR,ERR,ERR,ERR,ERR,ERR,ERR,ERR,ERR,ERR,ERR,ERR,ERR,ERR,ERR,ERR,ERR,ERR,ERR,ERR,ERR,ERR,ERR,ERR,ERR,ERR,ERR,ERR,ERR,ERR,ERR,ERR,ERR,ERR,ERR,ERR,ERR,ERR,ERR,ERR,ERR,ERR,ERR,ERR,ERR,ERR,ERR,ERR,ERR,ERR,ERR,ERR,ERR,ERR,ERR,ERR,ERR,ERR,ERR,ERR,ERR,50.0,60.0,100,0.0,0.0,0.0,0.0,0.0,0.0,0.0,0.0,0.0,0.0,0.0,0.0,0.0,0.0,0.0,0.0,61.6,64,20,65521,50,65476,0,300,0,0,8,20529,65476,0,0,26214,60.0,0.0,0.0,0.0,0.0,0.0
2026-05-17T16:34:10,ERR,ERR,ERR,ERR,ERR,ERR,ERR,ERR,ERR,ERR,ERR,ERR,ERR,ERR,ERR,ERR,ERR,ERR,ERR,ERR,ERR,ERR,ERR,ERR,ERR,ERR,ERR,ERR,ERR,ERR,ERR,ERR,ERR,ERR,ERR,ERR,ERR,ERR,ERR,ERR,ERR,ERR,ERR,ERR,ERR,ERR,ERR,ERR,ERR,ERR,ERR,ERR,ERR,ERR,ERR,ERR,ERR,ERR,ERR,ERR,ERR,ERR,ERR,ERR,ERR,ERR,ERR,ERR,ERR,ERR,ERR,ERR,ERR,ERR,ERR,ERR,ERR,ERR,ERR,ERR,ERR,ERR,ERR,ERR,ERR,ERR,ERR,ERR,ERR,ERR,ERR,ERR,ERR,ERR,ERR,ERR,ERR,ERR,ERR,ERR,ERR,ERR,ERR,ERR,ERR,ERR,ERR,ERR,ERR,ERR,ERR,ERR,ERR,ERR,ERR,ERR,ERR,ERR,ERR,ERR,ERR,ERR,ERR,ERR,ERR,0.0,-107615288.0,-0.0,0.0,0.0,1.3936040501711995e+18,7.805,0.0,0,0,4,0,8422,0.0,45,0.0,0.0,0.0,0.0,0.0,0,0,0,0,0.0,0,0,0,0,0,0,0,0,0,0,0,0,0,0,0,0,0,0,0,0,0,0,0,0,0,0,0,0,0,0,0,0,0,38,14,7,45,65476,0,300,0,0,8,21553,0.0,-107605600.0,0.0,0.0,0.0,0.0,0.0,0.0,0.0,0.0,0.0,0.0,0.0,0.0,0.0,0.0,0.0,0.0,0.0,0.0,0.0,0.0,0.0,-2.004,-2.004,2.004,0.0,0.0,0.0,0.0,4978.0,0.0,0.0,0.0,-107615288.0,0.0,-0.0,0.0,0.0,0.0,0.0,53,4.066880103266858e+29,-0.0,0.0,0.0,0.0,0.0,0.0,0.0,0.0,0,0,0,0.0,0.0,0.0,0.0,0.0,0.0,0.0,0.0,0.0,0.0,0.0,0.0,0.0,0.0,0.0,0.0,0,-107875648.0,53,0.0,106,-107614832.0,2.7006707062415038e+23,ERR,ERR,ERR,ERR,ERR,ERR,ERR,ERR,ERR,ERR,ERR,ERR,ERR,ERR,ERR,ERR,ERR,ERR,ERR,ERR,ERR,ERR,ERR,ERR,ERR,ERR,ERR,ERR,ERR,ERR,ERR,ERR,ERR,ERR,ERR,ERR,ERR,ERR,ERR,ERR,ERR,ERR,ERR,ERR,ERR,ERR,ERR,ERR,ERR,ERR,ERR,ERR,ERR,ERR,ERR,ERR,ERR,ERR,ERR,ERR,ERR,ERR,ERR,ERR,ERR,ERR,ERR,50.0,60.0,100,0.0,0.0,0.0,0.0,0.0,0.0,0.0,0.0,0.0,0.0,0.0,0.0,0.0,0.0,0.0,0.0,61.6,64,20,65521,50,65476,0,300,0,0,8,20529,65476,0,0,26214,60.0,0.0,0.0,0.0,0.0,0.0
2026-05-17T16:34:11,ERR,ERR,ERR,ERR,ERR,ERR,ERR,ERR,ERR,ERR,ERR,ERR,ERR,ERR,ERR,ERR,ERR,ERR,ERR,ERR,ERR,ERR,ERR,ERR,ERR,ERR,ERR,ERR,ERR,ERR,ERR,ERR,ERR,ERR,ERR,ERR,ERR,ERR,ERR,ERR,ERR,ERR,ERR,ERR,ERR,ERR,ERR,ERR,ERR,ERR,ERR,ERR,ERR,ERR,ERR,ERR,ERR,ERR,ERR,ERR,ERR,ERR,ERR,ERR,ERR,ERR,ERR,ERR,ERR,ERR,ERR,ERR,ERR,ERR,ERR,ERR,ERR,ERR,ERR,ERR,ERR,ERR,ERR,ERR,ERR,ERR,ERR,ERR,ERR,ERR,ERR,ERR,ERR,ERR,ERR,ERR,ERR,ERR,ERR,ERR,ERR,ERR,ERR,ERR,ERR,ERR,ERR,ERR,ERR,ERR,ERR,ERR,ERR,ERR,ERR,ERR,ERR,ERR,ERR,ERR,ERR,ERR,ERR,ERR,ERR,0.0,-107615288.0,-0.0,0.0,0.0,1.3936040501711995e+18,7.805,0.0,0,0,4,0,8422,0.0,45,0.0,0.0,0.0,0.0,0.0,0,0,0,0,0.0,0,0,0,0,0,0,0,0,0,0,0,0,0,0,0,0,0,0,0,0,0,0,0,0,0,0,0,0,0,0,0,0,0,38,14,7,45,65476,0,300,0,0,8,21553,0.0,-107605600.0,0.0,0.0,0.0,0.0,0.0,0.0,0.0,0.0,0.0,0.0,0.0,0.0,0.0,0.0,0.0,0.0,0.0,0.0,0.0,0.0,0.0,-2.004,-2.004,2.004,0.0,0.0,0.0,0.0,4980.0,-0.0,0.0,0.0,-107615288.0,0.0,-0.0,0.0,0.0,0.0,0.0,53,5.848083413016271e+35,0.0,0.0,0.0,0.0,0.0,0.0,0.0,0.0,0,0,0,0.0,0.0,0.0,0.0,0.0,0.0,0.0,0.0,0.0,0.0,0.0,0.0,0.0,0.0,0.0,0.0,0,-107875648.0,53,0.0,106,-107614832.0,2.7006707062415038e+23,ERR,ERR,ERR,ERR,ERR,ERR,ERR,ERR,ERR,ERR,ERR,ERR,ERR,ERR,ERR,ERR,ERR,ERR,ERR,ERR,ERR,ERR,ERR,ERR,ERR,ERR,ERR,ERR,ERR,ERR,ERR,ERR,ERR,ERR,ERR,ERR,ERR,ERR,ERR,ERR,ERR,ERR,ERR,ERR,ERR,ERR,ERR,ERR,ERR,ERR,ERR,ERR,ERR,ERR,ERR,ERR,ERR,ERR,ERR,ERR,ERR,ERR,ERR,ERR,ERR,ERR,ERR,50.0,60.0,100,0.0,0.0,0.0,0.0,0.0,0.0,0.0,0.0,0.0,0.0,0.0,0.0,0.0,0.0,0.0,0.0,61.6,64,20,65521,50,65476,0,300,0,0,8,20529,65476,0,0,26214,60.0,0.0,0.0,0.0,0.0,0.0
2026-05-17T16:34:12,ERR,ERR,ERR,ERR,ERR,ERR,ERR,ERR,ERR,ERR,ERR,ERR,ERR,ERR,ERR,ERR,ERR,ERR,ERR,ERR,ERR,ERR,ERR,ERR,ERR,ERR,ERR,ERR,ERR,ERR,ERR,ERR,ERR,ERR,ERR,ERR,ERR,ERR,ERR,ERR,ERR,ERR,ERR,ERR,ERR,ERR,ERR,ERR,ERR,ERR,ERR,ERR,ERR,ERR,ERR,ERR,ERR,ERR,ERR,ERR,ERR,ERR,ERR,ERR,ERR,ERR,ERR,ERR,ERR,ERR,ERR,ERR,ERR,ERR,ERR,ERR,ERR,ERR,ERR,ERR,ERR,ERR,ERR,ERR,ERR,ERR,ERR,ERR,ERR,ERR,ERR,ERR,ERR,ERR,ERR,ERR,ERR,ERR,ERR,ERR,ERR,ERR,ERR,ERR,ERR,ERR,ERR,ERR,ERR,ERR,ERR,ERR,ERR,ERR,ERR,ERR,ERR,ERR,ERR,ERR,ERR,ERR,ERR,ERR,ERR,0.0,-107615288.0,-0.0,0.0,0.0,1.3936040501711995e+18,7.805,0.0,0,0,4,0,8422,0.0,45,0.0,0.0,0.0,0.0,0.0,0,0,0,0,0.0,0,0,0,0,0,0,0,0,0,0,0,0,0,0,0,0,0,0,0,0,0,0,0,0,0,0,0,0,0,0,0,0,0,38,14,7,45,65476,0,300,0,0,8,21553,0.0,-107605600.0,0.0,0.0,0.0,0.0,0.0,0.0,0.0,0.0,0.0,0.0,0.0,0.0,0.0,0.0,0.0,0.0,0.0,0.0,0.0,0.0,0.0,-2.004,-2.004,2.004,0.0,0.0,0.0,0.0,4980.0,-0.0,0.0,0.0,-107615288.0,0.0,-0.0,0.0,0.0,0.0,0.0,53,5.848083413016271e+35,0.0,0.0,0.0,0.0,0.0,0.0,0.0,0.0,0,0,0,0.0,0.0,0.0,0.0,0.0,0.0,0.0,0.0,0.0,0.0,0.0,0.0,0.0,0.0,0.0,0.0,0,-107875648.0,53,0.0,106,-107614832.0,2.7006707062415038e+23,ERR,ERR,ERR,ERR,ERR,ERR,ERR,ERR,ERR,ERR,ERR,ERR,ERR,ERR,ERR,ERR,ERR,ERR,ERR,ERR,ERR,ERR,ERR,ERR,ERR,ERR,ERR,ERR,ERR,ERR,ERR,ERR,ERR,ERR,ERR,ERR,ERR,ERR,ERR,ERR,ERR,ERR,ERR,ERR,ERR,ERR,ERR,ERR,ERR,ERR,ERR,ERR,ERR,ERR,ERR,ERR,ERR,ERR,ERR,ERR,ERR,ERR,ERR,ERR,ERR,ERR,ERR,50.0,60.0,100,0.0,0.0,0.0,0.0,0.0,0.0,0.0,0.0,0.0,0.0,0.0,0.0,0.0,0.0,0.0,0.0,61.6,64,20,65521,50,65476,0,300,0,0,8,20529,65476,0,0,26214,60.0,0.0,0.0,0.0,0.0,0.0
2026-05-17T16:34:13,ERR,ERR,ERR,ERR,ERR,ERR,ERR,ERR,ERR,ERR,ERR,ERR,ERR,ERR,ERR,ERR,ERR,ERR,ERR,ERR,ERR,ERR,ERR,ERR,ERR,ERR,ERR,ERR,ERR,ERR,ERR,ERR,ERR,ERR,ERR,ERR,ERR,ERR,ERR,ERR,ERR,ERR,ERR,ERR,ERR,ERR,ERR,ERR,ERR,ERR,ERR,ERR,ERR,ERR,ERR,ERR,ERR,ERR,ERR,ERR,ERR,ERR,ERR,ERR,ERR,ERR,ERR,ERR,ERR,ERR,ERR,ERR,ERR,ERR,ERR,ERR,ERR,ERR,ERR,ERR,ERR,ERR,ERR,ERR,ERR,ERR,ERR,ERR,ERR,ERR,ERR,ERR,ERR,ERR,ERR,ERR,ERR,ERR,ERR,ERR,ERR,ERR,ERR,ERR,ERR,ERR,ERR,ERR,ERR,ERR,ERR,ERR,ERR,ERR,ERR,ERR,ERR,ERR,ERR,ERR,ERR,ERR,ERR,ERR,ERR,0.0,-107615288.0,-0.0,0.0,0.0,1.3936040501711995e+18,7.805,0.0,0,0,4,0,8422,0.0,45,0.0,0.0,0.0,0.0,0.0,0,0,0,0,0.0,0,0,0,0,0,0,0,0,0,0,0,0,0,0,0,0,0,0,0,0,0,0,0,0,0,0,0,0,0,0,0,0,0,38,14,7,45,65476,0,300,0,0,8,21553,0.0,-107605600.0,0.0,0.0,0.0,0.0,0.0,0.0,0.0,0.0,0.0,0.0,0.0,0.0,0.0,0.0,0.0,0.0,0.0,0.0,0.0,0.0,0.0,-2.004,-2.004,2.004,0.0,0.0,0.0,0.0,4980.0,-0.0,0.0,0.0,-107615288.0,0.0,-0.0,0.0,0.0,0.0,0.0,53,5.848083413016271e+35,0.0,0.0,0.0,0.0,0.0,0.0,0.0,0.0,0,0,0,0.0,0.0,0.0,0.0,0.0,0.0,0.0,0.0,0.0,0.0,0.0,0.0,0.0,0.0,0.0,0.0,0,-107875648.0,53,0.0,106,-107614832.0,2.7006707062415038e+23,ERR,ERR,ERR,ERR,ERR,ERR,ERR,ERR,ERR,ERR,ERR,ERR,ERR,ERR,ERR,ERR,ERR,ERR,ERR,ERR,ERR,ERR,ERR,ERR,ERR,ERR,ERR,ERR,ERR,ERR,ERR,ERR,ERR,ERR,ERR,ERR,ERR,ERR,ERR,ERR,ERR,ERR,ERR,ERR,ERR,ERR,ERR,ERR,ERR,ERR,ERR,ERR,ERR,ERR,ERR,ERR,ERR,ERR,ERR,ERR,ERR,ERR,ERR,ERR,ERR,ERR,ERR,50.0,60.0,100,0.0,0.0,0.0,0.0,0.0,0.0,0.0,0.0,0.0,0.0,0.0,0.0,0.0,0.0,0.0,0.0,61.6,64,20,65521,50,65476,0,300,0,0,8,20529,65476,0,0,26214,60.0,0.0,0.0,0.0,0.0,0.0
2026-05-17T16:34:14,ERR,ERR,ERR,ERR,ERR,ERR,ERR,ERR,ERR,ERR,ERR,ERR,ERR,ERR,ERR,ERR,ERR,ERR,ERR,ERR,ERR,ERR,ERR,ERR,ERR,ERR,ERR,ERR,ERR,ERR,ERR,ERR,ERR,ERR,ERR,ERR,ERR,ERR,ERR,ERR,ERR,ERR,ERR,ERR,ERR,ERR,ERR,ERR,ERR,ERR,ERR,ERR,ERR,ERR,ERR,ERR,ERR,ERR,ERR,ERR,ERR,ERR,ERR,ERR,ERR,ERR,ERR,ERR,ERR,ERR,ERR,ERR,ERR,ERR,ERR,ERR,ERR,ERR,ERR,ERR,ERR,ERR,ERR,ERR,ERR,ERR,ERR,ERR,ERR,ERR,ERR,ERR,ERR,ERR,ERR,ERR,ERR,ERR,ERR,ERR,ERR,ERR,ERR,ERR,ERR,ERR,ERR,ERR,ERR,ERR,ERR,ERR,ERR,ERR,ERR,ERR,ERR,ERR,ERR,ERR,ERR,ERR,ERR,ERR,ERR,0.0,-107615288.0,-0.0,0.0,0.0,1.3936040501711995e+18,7.805,0.0,0,0,4,0,8422,0.0,45,0.0,0.0,0.0,0.0,0.0,0,0,0,0,0.0,0,0,0,0,0,0,0,0,0,0,0,0,0,0,0,0,0,0,0,0,0,0,0,0,0,0,0,0,0,0,0,0,0,38,14,7,45,65476,0,300,0,0,8,21553,0.0,-107605600.0,0.0,0.0,0.0,0.0,0.0,0.0,0.0,0.0,0.0,0.0,0.0,0.0,0.0,0.0,0.0,0.0,0.0,0.0,0.0,0.0,0.0,-2.004,-2.004,2.004,0.0,0.0,0.0,0.0,4980.0,-0.0,0.0,0.0,-107615288.0,0.0,-0.0,0.0,0.0,0.0,0.0,53,5.848083413016271e+35,0.0,0.0,0.0,0.0,0.0,0.0,0.0,0.0,0,0,0,0.0,0.0,0.0,0.0,0.0,0.0,0.0,0.0,0.0,0.0,0.0,0.0,0.0,0.0,0.0,0.0,0,-107875648.0,53,0.0,106,-107614832.0,2.7006707062415038e+23,ERR,ERR,ERR,ERR,ERR,ERR,ERR,ERR,ERR,ERR,ERR,ERR,ERR,ERR,ERR,ERR,ERR,ERR,ERR,ERR,ERR,ERR,ERR,ERR,ERR,ERR,ERR,ERR,ERR,ERR,ERR,ERR,ERR,ERR,ERR,ERR,ERR,ERR,ERR,ERR,ERR,ERR,ERR,ERR,ERR,ERR,ERR,ERR,ERR,ERR,ERR,ERR,ERR,ERR,ERR,ERR,ERR,ERR,ERR,ERR,ERR,ERR,ERR,ERR,ERR,ERR,ERR,50.0,60.0,100,0.0,0.0,0.0,0.0,0.0,0.0,0.0,0.0,0.0,0.0,0.0,0.0,0.0,0.0,0.0,0.0,62.0,64,20,65521,50,65476,0,300,0,0,8,20529,65476,0,0,26214,60.0,0.0,0.0,0.0,0.0,0.0
2026-05-17T16:34:15,ERR,ERR,ERR,ERR,ERR,ERR,ERR,ERR,ERR,ERR,ERR,ERR,ERR,ERR,ERR,ERR,ERR,ERR,ERR,ERR,ERR,ERR,ERR,ERR,ERR,ERR,ERR,ERR,ERR,ERR,ERR,ERR,ERR,ERR,ERR,ERR,ERR,ERR,ERR,ERR,ERR,ERR,ERR,ERR,ERR,ERR,ERR,ERR,ERR,ERR,ERR,ERR,ERR,ERR,ERR,ERR,ERR,ERR,ERR,ERR,ERR,ERR,ERR,ERR,ERR,ERR,ERR,ERR,ERR,ERR,ERR,ERR,ERR,ERR,ERR,ERR,ERR,ERR,ERR,ERR,ERR,ERR,ERR,ERR,ERR,ERR,ERR,ERR,ERR,ERR,ERR,ERR,ERR,ERR,ERR,ERR,ERR,ERR,ERR,ERR,ERR,ERR,ERR,ERR,ERR,ERR,ERR,ERR,ERR,ERR,ERR,ERR,ERR,ERR,ERR,ERR,ERR,ERR,ERR,ERR,ERR,ERR,ERR,ERR,ERR,0.0,-107615288.0,-0.0,0.0,0.0,1.3936040501711995e+18,7.805,0.0,0,0,4,0,8422,0.0,45,0.0,0.0,0.0,0.0,0.0,0,0,0,0,0.0,0,0,0,0,0,0,0,0,0,0,0,0,0,0,0,0,0,0,0,0,0,0,0,0,0,0,0,0,0,0,0,0,0,38,14,7,45,65476,0,300,0,0,8,21553,0.0,-107605600.0,0.0,0.0,0.0,0.0,0.0,0.0,0.0,0.0,0.0,0.0,0.0,0.0,0.0,0.0,0.0,0.0,0.0,0.0,0.0,0.0,0.0,-2.004,-2.004,2.004,0.0,0.0,0.0,0.0,4980.0,-0.0,0.0,0.0,-107615288.0,0.0,-0.0,0.0,0.0,0.0,0.0,53,5.848083413016271e+35,0.0,0.0,0.0,0.0,0.0,0.0,0.0,0.0,0,0,0,0.0,0.0,0.0,0.0,0.0,0.0,0.0,0.0,0.0,0.0,0.0,0.0,0.0,0.0,0.0,0.0,0,-107875648.0,53,0.0,106,-107614832.0,2.7006707062415038e+23,ERR,ERR,ERR,ERR,ERR,ERR,ERR,ERR,ERR,ERR,ERR,ERR,ERR,ERR,ERR,ERR,ERR,ERR,ERR,ERR,ERR,ERR,ERR,ERR,ERR,ERR,ERR,ERR,ERR,ERR,ERR,ERR,ERR,ERR,ERR,ERR,ERR,ERR,ERR,ERR,ERR,ERR,ERR,ERR,ERR,ERR,ERR,ERR,ERR,ERR,ERR,ERR,ERR,ERR,ERR,ERR,ERR,ERR,ERR,ERR,ERR,ERR,ERR,ERR,ERR,ERR,ERR,50.0,60.0,100,0.0,0.0,0.0,0.0,0.0,0.0,0.0,0.0,0.0,0.0,0.0,0.0,0.0,0.0,0.0,0.0,62.0,64,20,65521,50,65476,0,300,0,0,8,20529,65476,0,0,26214,60.0,0.0,0.0,0.0,0.0,0.0
2026-05-17T16:34:16,ERR,ERR,ERR,ERR,ERR,ERR,ERR,ERR,ERR,ERR,ERR,ERR,ERR,ERR,ERR,ERR,ERR,ERR,ERR,ERR,ERR,ERR,ERR,ERR,ERR,ERR,ERR,ERR,ERR,ERR,ERR,ERR,ERR,ERR,ERR,ERR,ERR,ERR,ERR,ERR,ERR,ERR,ERR,ERR,ERR,ERR,ERR,ERR,ERR,ERR,ERR,ERR,ERR,ERR,ERR,ERR,ERR,ERR,ERR,ERR,ERR,ERR,ERR,ERR,ERR,ERR,ERR,ERR,ERR,ERR,ERR,ERR,ERR,ERR,ERR,ERR,ERR,ERR,ERR,ERR,ERR,ERR,ERR,ERR,ERR,ERR,ERR,ERR,ERR,ERR,ERR,ERR,ERR,ERR,ERR,ERR,ERR,ERR,ERR,ERR,ERR,ERR,ERR,ERR,ERR,ERR,ERR,ERR,ERR,ERR,ERR,ERR,ERR,ERR,ERR,ERR,ERR,ERR,ERR,ERR,ERR,ERR,ERR,ERR,ERR,0.0,-107615288.0,-0.0,0.0,0.0,1.3936040501711995e+18,7.805,0.0,0,0,4,0,8422,0.0,45,0.0,0.0,0.0,0.0,0.0,0,0,0,0,0.0,0,0,0,0,0,0,0,0,0,0,0,0,0,0,0,0,0,0,0,0,0,0,0,0,0,0,0,0,0,0,0,0,0,38,14,7,45,65476,0,300,0,0,8,21553,0.0,-107605600.0,0.0,0.0,0.0,0.0,0.0,0.0,0.0,0.0,0.0,0.0,0.0,0.0,0.0,0.0,0.0,0.0,0.0,0.0,0.0,0.0,0.0,-2.004,-2.004,0.0,0.0,0.0,0.0,0.0,5010.0,0.0,0.0,0.0,-107615288.0,0.0,-107615304.0,0.0,0.0,0.0,0.0,53,4.066880103266858e+29,-0.0,0.0,0.0,0.0,0.0,0.0,0.0,0.0,0,0,0,0.0,0.0,0.0,0.0,0.0,0.0,0.0,0.0,0.0,0.0,0.0,0.0,0.0,0.0,0.0,0.0,0,-107875648.0,53,0.0,106,-107614832.0,-107350944.0,ERR,ERR,ERR,ERR,ERR,ERR,ERR,ERR,ERR,ERR,ERR,ERR,ERR,ERR,ERR,ERR,ERR,ERR,ERR,ERR,ERR,ERR,ERR,ERR,ERR,ERR,ERR,ERR,ERR,ERR,ERR,ERR,ERR,ERR,ERR,ERR,ERR,ERR,ERR,ERR,ERR,ERR,ERR,ERR,ERR,ERR,ERR,ERR,ERR,ERR,ERR,ERR,ERR,ERR,ERR,ERR,ERR,ERR,ERR,ERR,ERR,ERR,ERR,ERR,ERR,ERR,ERR,50.0,60.0,100,0.0,0.0,0.0,0.0,0.0,0.0,0.0,0.0,0.0,0.0,0.0,0.0,0.0,0.0,0.0,0.0,61.6,64,20,65521,50,65476,0,300,0,0,8,20529,65476,0,0,26214,60.0,0.0,0.0,0.0,0.0,0.0
2026-05-17T16:34:17,ERR,ERR,ERR,ERR,ERR,ERR,ERR,ERR,ERR,ERR,ERR,ERR,ERR,ERR,ERR,ERR,ERR,ERR,ERR,ERR,ERR,ERR,ERR,ERR,ERR,ERR,ERR,ERR,ERR,ERR,ERR,ERR,ERR,ERR,ERR,ERR,ERR,ERR,ERR,ERR,ERR,ERR,ERR,ERR,ERR,ERR,ERR,ERR,ERR,ERR,ERR,ERR,ERR,ERR,ERR,ERR,ERR,ERR,ERR,ERR,ERR,ERR,ERR,ERR,ERR,ERR,ERR,ERR,ERR,ERR,ERR,ERR,ERR,ERR,ERR,ERR,ERR,ERR,ERR,ERR,ERR,ERR,ERR,ERR,ERR,ERR,ERR,ERR,ERR,ERR,ERR,ERR,ERR,ERR,ERR,ERR,ERR,ERR,ERR,ERR,ERR,ERR,ERR,ERR,ERR,ERR,ERR,ERR,ERR,ERR,ERR,ERR,ERR,ERR,ERR,ERR,ERR,ERR,ERR,ERR,ERR,ERR,ERR,ERR,ERR,0.0,-107615288.0,-0.0,0.0,0.0,1.3936040501711995e+18,7.805,0.0,0,0,4,0,8422,0.0,45,0.0,0.0,0.0,0.0,0.0,0,0,0,0,0.0,0,0,0,0,0,0,0,0,0,0,0,0,0,0,0,0,0,0,0,0,0,0,0,0,0,0,0,0,0,0,0,0,0,38,14,7,45,65476,0,300,0,0,8,21553,0.0,-107605600.0,0.0,0.0,0.0,0.0,0.0,0.0,0.0,0.0,0.0,0.0,0.0,0.0,0.0,0.0,0.0,0.0,0.0,0.0,0.0,0.0,0.0,-2.004,-2.004,0.0,0.0,0.0,0.0,0.0,5010.0,0.0,0.0,0.0,-107615288.0,0.0,-107615304.0,0.0,0.0,0.0,0.0,53,4.066880103266858e+29,-0.0,0.0,0.0,0.0,0.0,0.0,0.0,0.0,0,0,0,0.0,0.0,0.0,0.0,0.0,0.0,0.0,0.0,0.0,0.0,0.0,0.0,0.0,0.0,0.0,0.0,0,-107875648.0,53,0.0,106,-107614832.0,-107350944.0,ERR,ERR,ERR,ERR,ERR,ERR,ERR,ERR,ERR,ERR,ERR,ERR,ERR,ERR,ERR,ERR,ERR,ERR,ERR,ERR,ERR,ERR,ERR,ERR,ERR,ERR,ERR,ERR,ERR,ERR,ERR,ERR,ERR,ERR,ERR,ERR,ERR,ERR,ERR,ERR,ERR,ERR,ERR,ERR,ERR,ERR,ERR,ERR,ERR,ERR,ERR,ERR,ERR,ERR,ERR,ERR,ERR,ERR,ERR,ERR,ERR,ERR,ERR,ERR,ERR,ERR,ERR,50.0,60.0,100,0.0,0.0,0.0,0.0,0.0,0.0,0.0,0.0,0.0,0.0,0.0,0.0,0.0,0.0,0.0,0.0,61.6,64,20,65521,50,65476,0,300,0,0,8,20529,65476,0,0,26214,60.0,0.0,0.0,0.0,0.0,0.0
2026-05-17T16:34:18,ERR,ERR,ERR,ERR,ERR,ERR,ERR,ERR,ERR,ERR,ERR,ERR,ERR,ERR,ERR,ERR,ERR,ERR,ERR,ERR,ERR,ERR,ERR,ERR,ERR,ERR,ERR,ERR,ERR,ERR,ERR,ERR,ERR,ERR,ERR,ERR,ERR,ERR,ERR,ERR,ERR,ERR,ERR,ERR,ERR,ERR,ERR,ERR,ERR,ERR,ERR,ERR,ERR,ERR,ERR,ERR,ERR,ERR,ERR,ERR,ERR,ERR,ERR,ERR,ERR,ERR,ERR,ERR,ERR,ERR,ERR,ERR,ERR,ERR,ERR,ERR,ERR,ERR,ERR,ERR,ERR,ERR,ERR,ERR,ERR,ERR,ERR,ERR,ERR,ERR,ERR,ERR,ERR,ERR,ERR,ERR,ERR,ERR,ERR,ERR,ERR,ERR,ERR,ERR,ERR,ERR,ERR,ERR,ERR,ERR,ERR,ERR,ERR,ERR,ERR,ERR,ERR,ERR,ERR,ERR,ERR,ERR,ERR,ERR,ERR,0.0,-107615288.0,-0.0,0.0,0.0,1.3936040501711995e+18,7.805,0.0,0,0,4,0,8422,0.0,45,0.0,0.0,0.0,0.0,0.0,0,0,0,0,0.0,0,0,0,0,0,0,0,0,0,0,0,0,0,0,0,0,0,0,0,0,0,0,0,0,0,0,0,0,0,0,0,0,0,38,14,7,45,65476,0,300,0,0,8,21553,0.0,-107605600.0,0.0,0.0,0.0,0.0,0.0,0.0,0.0,0.0,0.0,0.0,0.0,0.0,0.0,0.0,0.0,0.0,0.0,0.0,0.0,0.0,0.0,-2.004,-2.004,0.0,0.0,0.0,0.0,0.0,5010.0,0.0,0.0,0.0,-107615288.0,0.0,-107615304.0,0.0,0.0,0.0,0.0,53,4.066880103266858e+29,-0.0,0.0,0.0,0.0,0.0,0.0,0.0,0.0,0,0,0,0.0,0.0,0.0,0.0,0.0,0.0,0.0,0.0,0.0,0.0,0.0,0.0,0.0,0.0,0.0,0.0,0,-107875648.0,53,0.0,106,-107614832.0,-107350944.0,ERR,ERR,ERR,ERR,ERR,ERR,ERR,ERR,ERR,ERR,ERR,ERR,ERR,ERR,ERR,ERR,ERR,ERR,ERR,ERR,ERR,ERR,ERR,ERR,ERR,ERR,ERR,ERR,ERR,ERR,ERR,ERR,ERR,ERR,ERR,ERR,ERR,ERR,ERR,ERR,ERR,ERR,ERR,ERR,ERR,ERR,ERR,ERR,ERR,ERR,ERR,ERR,ERR,ERR,ERR,ERR,ERR,ERR,ERR,ERR,ERR,ERR,ERR,ERR,ERR,ERR,ERR,50.0,60.0,100,0.0,0.0,0.0,0.0,0.0,0.0,0.0,0.0,0.0,0.0,0.0,0.0,0.0,0.0,0.0,0.0,61.6,64,20,65521,50,65476,0,300,0,0,8,20529,65476,0,0,26214,60.0,0.0,0.0,0.0,0.0,0.0
2026-05-17T16:34:19,ERR,ERR,ERR,ERR,ERR,ERR,ERR,ERR,ERR,ERR,ERR,ERR,ERR,ERR,ERR,ERR,ERR,ERR,ERR,ERR,ERR,ERR,ERR,ERR,ERR,ERR,ERR,ERR,ERR,ERR,ERR,ERR,ERR,ERR,ERR,ERR,ERR,ERR,ERR,ERR,ERR,ERR,ERR,ERR,ERR,ERR,ERR,ERR,ERR,ERR,ERR,ERR,ERR,ERR,ERR,ERR,ERR,ERR,ERR,ERR,ERR,ERR,ERR,ERR,ERR,ERR,ERR,ERR,ERR,ERR,ERR,ERR,ERR,ERR,ERR,ERR,ERR,ERR,ERR,ERR,ERR,ERR,ERR,ERR,ERR,ERR,ERR,ERR,ERR,ERR,ERR,ERR,ERR,ERR,ERR,ERR,ERR,ERR,ERR,ERR,ERR,ERR,ERR,ERR,ERR,ERR,ERR,ERR,ERR,ERR,ERR,ERR,ERR,ERR,ERR,ERR,ERR,ERR,ERR,ERR,ERR,ERR,ERR,ERR,ERR,0.0,-107615288.0,-0.0,0.0,0.0,1.3936040501711995e+18,7.805,0.0,0,0,4,0,8422,0.0,45,0.0,0.0,0.0,0.0,0.0,0,0,0,0,0.0,0,0,0,0,0,0,0,0,0,0,0,0,0,0,0,0,0,0,0,0,0,0,0,0,0,0,0,0,0,0,0,0,0,38,14,7,45,65476,0,300,0,0,8,21553,0.0,-107605600.0,0.0,0.0,0.0,0.0,0.0,0.0,0.0,0.0,0.0,0.0,0.0,0.0,0.0,0.0,0.0,0.0,0.0,0.0,0.0,0.0,0.0,-2.004,-2.004,0.0,0.0,0.0,0.0,0.0,5010.0,0.0,0.0,0.0,-107615288.0,0.0,-107615304.0,0.0,0.0,0.0,0.0,53,4.066880103266858e+29,-0.0,0.0,0.0,0.0,0.0,0.0,0.0,0.0,0,0,0,0.0,0.0,0.0,0.0,0.0,0.0,0.0,0.0,0.0,0.0,0.0,0.0,0.0,0.0,0.0,0.0,0,-107875648.0,53,0.0,106,-107614832.0,-107350944.0,ERR,ERR,ERR,ERR,ERR,ERR,ERR,ERR,ERR,ERR,ERR,ERR,ERR,ERR,ERR,ERR,ERR,ERR,ERR,ERR,ERR,ERR,ERR,ERR,ERR,ERR,ERR,ERR,ERR,ERR,ERR,ERR,ERR,ERR,ERR,ERR,ERR,ERR,ERR,ERR,ERR,ERR,ERR,ERR,ERR,ERR,ERR,ERR,ERR,ERR,ERR,ERR,ERR,ERR,ERR,ERR,ERR,ERR,ERR,ERR,ERR,ERR,ERR,ERR,ERR,ERR,ERR,50.0,60.0,100,0.0,0.0,0.0,0.0,0.0,0.0,0.0,0.0,0.0,0.0,0.0,0.0,0.0,0.0,0.0,0.0,61.6,64,20,65521,50,65476,0,300,0,0,8,20529,65476,0,0,26214,60.0,0.0,0.0,0.0,0.0,0.0
2026-05-17T16:34:20,ERR,ERR,ERR,ERR,ERR,ERR,ERR,ERR,ERR,ERR,ERR,ERR,ERR,ERR,ERR,ERR,ERR,ERR,ERR,ERR,ERR,ERR,ERR,ERR,ERR,ERR,ERR,ERR,ERR,ERR,ERR,ERR,ERR,ERR,ERR,ERR,ERR,ERR,ERR,ERR,ERR,ERR,ERR,ERR,ERR,ERR,ERR,ERR,ERR,ERR,ERR,ERR,ERR,ERR,ERR,ERR,ERR,ERR,ERR,ERR,ERR,ERR,ERR,ERR,ERR,ERR,ERR,ERR,ERR,ERR,ERR,ERR,ERR,ERR,ERR,ERR,ERR,ERR,ERR,ERR,ERR,ERR,ERR,ERR,ERR,ERR,ERR,ERR,ERR,ERR,ERR,ERR,ERR,ERR,ERR,ERR,ERR,ERR,ERR,ERR,ERR,ERR,ERR,ERR,ERR,ERR,ERR,ERR,ERR,ERR,ERR,ERR,ERR,ERR,ERR,ERR,ERR,ERR,ERR,ERR,ERR,ERR,ERR,ERR,ERR,0.0,-107615288.0,-0.0,0.0,0.0,1.3936040501711995e+18,7.805,0.0,0,0,4,0,8422,0.0,45,0.0,0.0,0.0,0.0,0.0,0,0,0,0,0.0,0,0,0,0,0,0,0,0,0,0,0,0,0,0,0,0,0,0,0,0,0,0,0,0,0,0,0,0,0,0,0,0,0,38,14,7,45,65476,0,300,0,0,8,21553,0.0,-107605600.0,0.0,0.0,0.0,0.0,0.0,0.0,0.0,0.0,0.0,0.0,0.0,0.0,0.0,0.0,0.0,0.0,0.0,0.0,0.0,0.0,0.0,-2.004,-2.004,0.0,0.0,0.0,0.0,0.0,5010.0,0.0,0.0,0.0,-107615288.0,0.0,-107615304.0,0.0,0.0,0.0,0.0,53,4.066880103266858e+29,-0.0,0.0,0.0,0.0,0.0,0.0,0.0,0.0,0,0,0,0.0,0.0,0.0,0.0,0.0,0.0,0.0,0.0,0.0,0.0,0.0,0.0,0.0,0.0,0.0,0.0,0,-107875648.0,53,0.0,106,-107614832.0,-107350944.0,ERR,ERR,ERR,ERR,ERR,ERR,ERR,ERR,ERR,ERR,ERR,ERR,ERR,ERR,ERR,ERR,ERR,ERR,ERR,ERR,ERR,ERR,ERR,ERR,ERR,ERR,ERR,ERR,ERR,ERR,ERR,ERR,ERR,ERR,ERR,ERR,ERR,ERR,ERR,ERR,ERR,ERR,ERR,ERR,ERR,ERR,ERR,ERR,ERR,ERR,ERR,ERR,ERR,ERR,ERR,ERR,ERR,ERR,ERR,ERR,ERR,ERR,ERR,ERR,ERR,ERR,ERR,50.0,60.0,100,0.0,0.0,0.0,0.0,0.0,0.0,0.0,0.0,0.0,0.0,0.0,0.0,0.0,0.0,0.0,0.0,61.6,64,20,65521,50,65476,0,300,0,0,8,20529,65476,0,0,26214,60.0,0.0,0.0,0.0,0.0,0.0
2026-05-17T16:34:21,ERR,ERR,ERR,ERR,ERR,ERR,ERR,ERR,ERR,ERR,ERR,ERR,ERR,ERR,ERR,ERR,ERR,ERR,ERR,ERR,ERR,ERR,ERR,ERR,ERR,ERR,ERR,ERR,ERR,ERR,ERR,ERR,ERR,ERR,ERR,ERR,ERR,ERR,ERR,ERR,ERR,ERR,ERR,ERR,ERR,ERR,ERR,ERR,ERR,ERR,ERR,ERR,ERR,ERR,ERR,ERR,ERR,ERR,ERR,ERR,ERR,ERR,ERR,ERR,ERR,ERR,ERR,ERR,ERR,ERR,ERR,ERR,ERR,ERR,ERR,ERR,ERR,ERR,ERR,ERR,ERR,ERR,ERR,ERR,ERR,ERR,ERR,ERR,ERR,ERR,ERR,ERR,ERR,ERR,ERR,ERR,ERR,ERR,ERR,ERR,ERR,ERR,ERR,ERR,ERR,ERR,ERR,ERR,ERR,ERR,ERR,ERR,ERR,ERR,ERR,ERR,ERR,ERR,ERR,ERR,ERR,ERR,ERR,ERR,ERR,0.0,-107615288.0,-0.0,0.0,0.0,1.3936040501711995e+18,7.805,0.0,0,0,4,0,8422,0.0,45,0.0,0.0,0.0,0.0,0.0,0,0,0,0,0.0,0,0,0,0,0,0,0,0,0,0,0,0,0,0,0,0,0,0,0,0,0,0,0,0,0,0,0,0,0,0,0,0,0,38,14,7,45,65476,0,300,0,0,8,21553,0.0,-107605600.0,0.0,0.0,0.0,0.0,0.0,0.0,0.0,0.0,0.0,0.0,0.0,0.0,0.0,0.0,0.0,0.0,0.0,0.0,0.0,0.0,0.0,-2.004,-2.004,0.0,0.0,0.0,0.0,0.0,5009.0,8608182272.0,0.0,0.0,-107615288.0,0.0,-107615304.0,0.0,0.0,0.0,0.0,53,2.7184300208680915e+23,-3.222002398308886e+26,0.0,0.0,0.0,0.0,0.0,0.0,0.0,0,0,0,0.0,0.0,0.0,0.0,0.0,0.0,0.0,0.0,0.0,0.0,0.0,0.0,0.0,0.0,0.0,0.0,0,-107875648.0,53,0.0,106,-107614832.0,-107350944.0,ERR,ERR,ERR,ERR,ERR,ERR,ERR,ERR,ERR,ERR,ERR,ERR,ERR,ERR,ERR,ERR,ERR,ERR,ERR,ERR,ERR,ERR,ERR,ERR,ERR,ERR,ERR,ERR,ERR,ERR,ERR,ERR,ERR,ERR,ERR,ERR,ERR,ERR,ERR,ERR,ERR,ERR,ERR,ERR,ERR,ERR,ERR,ERR,ERR,ERR,ERR,ERR,ERR,ERR,ERR,ERR,ERR,ERR,ERR,ERR,ERR,ERR,ERR,ERR,ERR,ERR,ERR,50.0,60.0,100,0.0,0.0,0.0,0.0,0.0,0.0,0.0,0.0,0.0,0.0,0.0,0.0,0.0,0.0,0.0,0.0,61.6,64,20,65521,50,65476,0,300,0,0,8,20529,65476,0,0,26214,60.0,0.0,0.0,0.0,0.0,0.0
2026-05-17T16:34:22,ERR,ERR,ERR,ERR,ERR,ERR,ERR,ERR,ERR,ERR,ERR,ERR,ERR,ERR,ERR,ERR,ERR,ERR,ERR,ERR,ERR,ERR,ERR,ERR,ERR,ERR,ERR,ERR,ERR,ERR,ERR,ERR,ERR,ERR,ERR,ERR,ERR,ERR,ERR,ERR,ERR,ERR,ERR,ERR,ERR,ERR,ERR,ERR,ERR,ERR,ERR,ERR,ERR,ERR,ERR,ERR,ERR,ERR,ERR,ERR,ERR,ERR,ERR,ERR,ERR,ERR,ERR,ERR,ERR,ERR,ERR,ERR,ERR,ERR,ERR,ERR,ERR,ERR,ERR,ERR,ERR,ERR,ERR,ERR,ERR,ERR,ERR,ERR,ERR,ERR,ERR,ERR,ERR,ERR,ERR,ERR,ERR,ERR,ERR,ERR,ERR,ERR,ERR,ERR,ERR,ERR,ERR,ERR,ERR,ERR,ERR,ERR,ERR,ERR,ERR,ERR,ERR,ERR,ERR,ERR,ERR,ERR,ERR,ERR,ERR,0.0,-107615288.0,-0.0,0.0,0.0,1.3936040501711995e+18,7.805,0.0,0,0,4,0,8422,0.0,45,0.0,0.0,0.0,0.0,0.0,0,0,0,0,0.0,0,0,0,0,0,0,0,0,0,0,0,0,0,0,0,0,0,0,0,0,0,0,0,0,0,0,0,0,0,0,0,0,0,38,14,7,45,65476,0,300,0,0,8,21553,0.0,-107605600.0,0.0,0.0,0.0,0.0,0.0,0.0,0.0,0.0,0.0,0.0,0.0,0.0,0.0,0.0,0.0,0.0,0.0,0.0,0.0,0.0,0.0,-2.004,-2.004,0.0,0.0,0.0,0.0,0.0,5009.0,8608182272.0,0.0,0.0,-107615288.0,0.0,-107615304.0,0.0,0.0,0.0,0.0,53,2.7184300208680915e+23,-3.222002398308886e+26,0.0,0.0,0.0,0.0,0.0,0.0,0.0,0,0,0,0.0,0.0,0.0,0.0,0.0,0.0,0.0,0.0,0.0,0.0,0.0,0.0,0.0,0.0,0.0,0.0,0,-107875648.0,53,0.0,106,-107614832.0,-107350944.0,ERR,ERR,ERR,ERR,ERR,ERR,ERR,ERR,ERR,ERR,ERR,ERR,ERR,ERR,ERR,ERR,ERR,ERR,ERR,ERR,ERR,ERR,ERR,ERR,ERR,ERR,ERR,ERR,ERR,ERR,ERR,ERR,ERR,ERR,ERR,ERR,ERR,ERR,ERR,ERR,ERR,ERR,ERR,ERR,ERR,ERR,ERR,ERR,ERR,ERR,ERR,ERR,ERR,ERR,ERR,ERR,ERR,ERR,ERR,ERR,ERR,ERR,ERR,ERR,ERR,ERR,ERR,50.0,60.0,100,0.0,0.0,0.0,0.0,0.0,0.0,0.0,0.0,0.0,0.0,0.0,0.0,0.0,0.0,0.0,0.0,61.6,64,20,65521,50,65476,0,300,0,0,8,20529,65476,0,0,26214,60.0,0.0,0.0,0.0,0.0,0.0
2026-05-17T16:34:23,ERR,ERR,ERR,ERR,ERR,ERR,ERR,ERR,ERR,ERR,ERR,ERR,ERR,ERR,ERR,ERR,ERR,ERR,ERR,ERR,ERR,ERR,ERR,ERR,ERR,ERR,ERR,ERR,ERR,ERR,ERR,ERR,ERR,ERR,ERR,ERR,ERR,ERR,ERR,ERR,ERR,ERR,ERR,ERR,ERR,ERR,ERR,ERR,ERR,ERR,ERR,ERR,ERR,ERR,ERR,ERR,ERR,ERR,ERR,ERR,ERR,ERR,ERR,ERR,ERR,ERR,ERR,ERR,ERR,ERR,ERR,ERR,ERR,ERR,ERR,ERR,ERR,ERR,ERR,ERR,ERR,ERR,ERR,ERR,ERR,ERR,ERR,ERR,ERR,ERR,ERR,ERR,ERR,ERR,ERR,ERR,ERR,ERR,ERR,ERR,ERR,ERR,ERR,ERR,ERR,ERR,ERR,ERR,ERR,ERR,ERR,ERR,ERR,ERR,ERR,ERR,ERR,ERR,ERR,ERR,ERR,ERR,ERR,ERR,ERR,0.0,-107615288.0,-0.0,0.0,0.0,1.3936040501711995e+18,7.805,0.0,0,0,4,0,8422,0.0,45,0.0,0.0,0.0,0.0,0.0,0,0,0,0,0.0,0,0,0,0,0,0,0,0,0,0,0,0,0,0,0,0,0,0,0,0,0,0,0,0,0,0,0,0,0,0,0,0,0,38,14,7,45,65476,0,300,0,0,8,21553,0.0,-107605600.0,0.0,0.0,0.0,0.0,0.0,0.0,0.0,0.0,0.0,0.0,0.0,0.0,0.0,0.0,0.0,0.0,0.0,0.0,0.0,0.0,0.0,-2.004,-2.004,0.0,0.0,0.0,0.0,0.0,5009.0,8608182272.0,0.0,0.0,-107615288.0,0.0,-107615304.0,0.0,0.0,0.0,0.0,53,2.7184300208680915e+23,-3.222002398308886e+26,0.0,0.0,0.0,0.0,0.0,0.0,0.0,0,0,0,0.0,0.0,0.0,0.0,0.0,0.0,0.0,0.0,0.0,0.0,0.0,0.0,0.0,0.0,0.0,0.0,0,-107875648.0,53,0.0,106,-107614832.0,-107350944.0,ERR,ERR,ERR,ERR,ERR,ERR,ERR,ERR,ERR,ERR,ERR,ERR,ERR,ERR,ERR,ERR,ERR,ERR,ERR,ERR,ERR,ERR,ERR,ERR,ERR,ERR,ERR,ERR,ERR,ERR,ERR,ERR,ERR,ERR,ERR,ERR,ERR,ERR,ERR,ERR,ERR,ERR,ERR,ERR,ERR,ERR,ERR,ERR,ERR,ERR,ERR,ERR,ERR,ERR,ERR,ERR,ERR,ERR,ERR,ERR,ERR,ERR,ERR,ERR,ERR,ERR,ERR,50.0,60.0,100,0.0,0.0,0.0,0.0,0.0,0.0,0.0,0.0,0.0,0.0,0.0,0.0,0.0,0.0,0.0,0.0,61.6,64,20,65521,50,65476,0,300,0,0,8,20529,65476,0,0,26214,60.0,0.0,0.0,0.0,0.0,0.0
2026-05-17T16:34:24,ERR,ERR,ERR,ERR,ERR,ERR,ERR,ERR,ERR,ERR,ERR,ERR,ERR,ERR,ERR,ERR,ERR,ERR,ERR,ERR,ERR,ERR,ERR,ERR,ERR,ERR,ERR,ERR,ERR,ERR,ERR,ERR,ERR,ERR,ERR,ERR,ERR,ERR,ERR,ERR,ERR,ERR,ERR,ERR,ERR,ERR,ERR,ERR,ERR,ERR,ERR,ERR,ERR,ERR,ERR,ERR,ERR,ERR,ERR,ERR,ERR,ERR,ERR,ERR,ERR,ERR,ERR,ERR,ERR,ERR,ERR,ERR,ERR,ERR,ERR,ERR,ERR,ERR,ERR,ERR,ERR,ERR,ERR,ERR,ERR,ERR,ERR,ERR,ERR,ERR,ERR,ERR,ERR,ERR,ERR,ERR,ERR,ERR,ERR,ERR,ERR,ERR,ERR,ERR,ERR,ERR,ERR,ERR,ERR,ERR,ERR,ERR,ERR,ERR,ERR,ERR,ERR,ERR,ERR,ERR,ERR,ERR,ERR,ERR,ERR,0.0,-107615288.0,-0.0,0.0,0.0,1.3936040501711995e+18,7.805,0.0,0,0,4,0,8422,0.0,45,0.0,0.0,0.0,0.0,0.0,0,0,0,0,0.0,0,0,0,0,0,0,0,0,0,0,0,0,0,0,0,0,0,0,0,0,0,0,0,0,0,0,0,0,0,0,0,0,0,38,14,7,45,65476,0,300,0,0,8,21553,0.0,-107605600.0,0.0,0.0,0.0,0.0,0.0,0.0,0.0,0.0,0.0,0.0,0.0,0.0,0.0,0.0,0.0,0.0,0.0,0.0,0.0,0.0,0.0,-2.004,-2.004,0.0,0.0,0.0,0.0,0.0,5009.0,8608182272.0,0.0,0.0,-107615288.0,0.0,-107615304.0,0.0,0.0,0.0,0.0,53,2.7184300208680915e+23,-3.222002398308886e+26,0.0,0.0,0.0,0.0,0.0,0.0,0.0,0,0,0,0.0,0.0,0.0,0.0,0.0,0.0,0.0,0.0,0.0,0.0,0.0,0.0,0.0,0.0,0.0,0.0,0,-107875648.0,53,0.0,106,-107614832.0,-107350944.0,ERR,ERR,ERR,ERR,ERR,ERR,ERR,ERR,ERR,ERR,ERR,ERR,ERR,ERR,ERR,ERR,ERR,ERR,ERR,ERR,ERR,ERR,ERR,ERR,ERR,ERR,ERR,ERR,ERR,ERR,ERR,ERR,ERR,ERR,ERR,ERR,ERR,ERR,ERR,ERR,ERR,ERR,ERR,ERR,ERR,ERR,ERR,ERR,ERR,ERR,ERR,ERR,ERR,ERR,ERR,ERR,ERR,ERR,ERR,ERR,ERR,ERR,ERR,ERR,ERR,ERR,ERR,50.0,60.0,100,0.0,0.0,0.0,0.0,0.0,0.0,0.0,0.0,0.0,0.0,0.0,0.0,0.0,0.0,0.0,0.0,61.6,64,20,65521,50,65476,0,300,0,0,8,20529,65476,0,0,26214,60.0,0.0,0.0,0.0,0.0,0.0
2026-05-17T16:34:25,ERR,ERR,ERR,ERR,ERR,ERR,ERR,ERR,ERR,ERR,ERR,ERR,ERR,ERR,ERR,ERR,ERR,ERR,ERR,ERR,ERR,ERR,ERR,ERR,ERR,ERR,ERR,ERR,ERR,ERR,ERR,ERR,ERR,ERR,ERR,ERR,ERR,ERR,ERR,ERR,ERR,ERR,ERR,ERR,ERR,ERR,ERR,ERR,ERR,ERR,ERR,ERR,ERR,ERR,ERR,ERR,ERR,ERR,ERR,ERR,ERR,ERR,ERR,ERR,ERR,ERR,ERR,ERR,ERR,ERR,ERR,ERR,ERR,ERR,ERR,ERR,ERR,ERR,ERR,ERR,ERR,ERR,ERR,ERR,ERR,ERR,ERR,ERR,ERR,ERR,ERR,ERR,ERR,ERR,ERR,ERR,ERR,ERR,ERR,ERR,ERR,ERR,ERR,ERR,ERR,ERR,ERR,ERR,ERR,ERR,ERR,ERR,ERR,ERR,ERR,ERR,ERR,ERR,ERR,ERR,ERR,ERR,ERR,ERR,ERR,0.0,-107615288.0,-0.0,0.0,0.0,1.3936040501711995e+18,7.805,0.0,0,0,4,0,8422,0.0,45,0.0,0.0,0.0,0.0,0.0,0,0,0,0,0.0,0,0,0,0,0,0,0,0,0,0,0,0,0,0,0,0,0,0,0,0,0,0,0,0,0,0,0,0,0,0,0,0,0,38,14,7,45,65476,0,300,0,0,8,21553,0.0,-107605600.0,0.0,0.0,0.0,0.0,0.0,0.0,0.0,0.0,0.0,0.0,0.0,0.0,0.0,0.0,0.0,0.0,0.0,0.0,0.0,0.0,0.0,-2.004,-2.004,0.0,0.0,0.0,0.0,0.0,5009.0,8608182272.0,0.0,0.0,-107615288.0,0.0,-107615304.0,0.0,0.0,0.0,0.0,53,2.7184300208680915e+23,-3.222002398308886e+26,0.0,0.0,0.0,0.0,0.0,0.0,0.0,0,0,0,0.0,0.0,0.0,0.0,0.0,0.0,0.0,0.0,0.0,0.0,0.0,0.0,0.0,0.0,0.0,0.0,0,-107875648.0,53,0.0,106,-107614832.0,-107350944.0,ERR,ERR,ERR,ERR,ERR,ERR,ERR,ERR,ERR,ERR,ERR,ERR,ERR,ERR,ERR,ERR,ERR,ERR,ERR,ERR,ERR,ERR,ERR,ERR,ERR,ERR,ERR,ERR,ERR,ERR,ERR,ERR,ERR,ERR,ERR,ERR,ERR,ERR,ERR,ERR,ERR,ERR,ERR,ERR,ERR,ERR,ERR,ERR,ERR,ERR,ERR,ERR,ERR,ERR,ERR,ERR,ERR,ERR,ERR,ERR,ERR,ERR,ERR,ERR,ERR,ERR,ERR,50.0,60.0,100,0.0,0.0,0.0,0.0,0.0,0.0,0.0,0.0,0.0,0.0,0.0,0.0,0.0,0.0,0.0,0.0,61.6,64,20,65521,50,65476,0,300,0,0,8,20529,65476,0,0,26214,60.0,0.0,0.0,0.0,0.0,0.0
2026-05-17T16:34:26,ERR,ERR,ERR,ERR,ERR,ERR,ERR,ERR,ERR,ERR,ERR,ERR,ERR,ERR,ERR,ERR,ERR,ERR,ERR,ERR,ERR,ERR,ERR,ERR,ERR,ERR,ERR,ERR,ERR,ERR,ERR,ERR,ERR,ERR,ERR,ERR,ERR,ERR,ERR,ERR,ERR,ERR,ERR,ERR,ERR,ERR,ERR,ERR,ERR,ERR,ERR,ERR,ERR,ERR,ERR,ERR,ERR,ERR,ERR,ERR,ERR,ERR,ERR,ERR,ERR,ERR,ERR,ERR,ERR,ERR,ERR,ERR,ERR,ERR,ERR,ERR,ERR,ERR,ERR,ERR,ERR,ERR,ERR,ERR,ERR,ERR,ERR,ERR,ERR,ERR,ERR,ERR,ERR,ERR,ERR,ERR,ERR,ERR,ERR,ERR,ERR,ERR,ERR,ERR,ERR,ERR,ERR,ERR,ERR,ERR,ERR,ERR,ERR,ERR,ERR,ERR,ERR,ERR,ERR,ERR,ERR,ERR,ERR,ERR,ERR,0.0,-107615288.0,-0.0,0.0,0.0,1.3936040501711995e+18,7.805,0.0,0,0,4,0,8422,0.0,45,0.0,0.0,0.0,0.0,0.0,0,0,0,0,0.0,0,0,0,0,0,0,0,0,0,0,0,0,0,0,0,0,0,0,0,0,0,0,0,0,0,0,0,0,0,0,0,0,0,38,14,7,45,65476,0,300,0,0,8,21553,0.0,-107605600.0,0.0,0.0,0.0,0.0,0.0,0.0,0.0,0.0,0.0,0.0,0.0,0.0,0.0,0.0,0.0,0.0,0.0,0.0,0.0,0.0,0.0,0.0,-0.0,2.004,0.0,0.0,0.0,0.0,5006.0,0.0,0.0,0.0,-107615288.0,0.0,-107615304.0,0.0,0.0,0.0,0.0,53,2.7184300208680915e+23,0.0,0.0,0.0,0.0,0.0,0.0,0.0,0.0,0,0,0,0.0,0.0,0.0,0.0,0.0,0.0,0.0,0.0,0.0,0.0,0.0,0.0,0.0,0.0,0.0,0.0,0,-107875648.0,53,0.0,106,-107614832.0,2.7006707062415038e+23,ERR,ERR,ERR,ERR,ERR,ERR,ERR,ERR,ERR,ERR,ERR,ERR,ERR,ERR,ERR,ERR,ERR,ERR,ERR,ERR,ERR,ERR,ERR,ERR,ERR,ERR,ERR,ERR,ERR,ERR,ERR,ERR,ERR,ERR,ERR,ERR,ERR,ERR,ERR,ERR,ERR,ERR,ERR,ERR,ERR,ERR,ERR,ERR,ERR,ERR,ERR,ERR,ERR,ERR,ERR,ERR,ERR,ERR,ERR,ERR,ERR,ERR,ERR,ERR,ERR,ERR,ERR,50.0,60.0,100,0.0,0.0,0.0,0.0,0.0,0.0,0.0,0.0,0.0,0.0,0.0,0.0,0.0,0.0,0.0,0.0,61.6,64,20,65521,50,65476,0,300,0,0,8,20529,65476,0,0,26214,60.0,0.0,0.0,0.0,0.0,0.0
2026-05-17T16:34:27,ERR,ERR,ERR,ERR,ERR,ERR,ERR,ERR,ERR,ERR,ERR,ERR,ERR,ERR,ERR,ERR,ERR,ERR,ERR,ERR,ERR,ERR,ERR,ERR,ERR,ERR,ERR,ERR,ERR,ERR,ERR,ERR,ERR,ERR,ERR,ERR,ERR,ERR,ERR,ERR,ERR,ERR,ERR,ERR,ERR,ERR,ERR,ERR,ERR,ERR,ERR,ERR,ERR,ERR,ERR,ERR,ERR,ERR,ERR,ERR,ERR,ERR,ERR,ERR,ERR,ERR,ERR,ERR,ERR,ERR,ERR,ERR,ERR,ERR,ERR,ERR,ERR,ERR,ERR,ERR,ERR,ERR,ERR,ERR,ERR,ERR,ERR,ERR,ERR,ERR,ERR,ERR,ERR,ERR,ERR,ERR,ERR,ERR,ERR,ERR,ERR,ERR,ERR,ERR,ERR,ERR,ERR,ERR,ERR,ERR,ERR,ERR,ERR,ERR,ERR,ERR,ERR,ERR,ERR,ERR,ERR,ERR,ERR,ERR,ERR,0.0,-107615288.0,-0.0,0.0,0.0,1.3936040501711995e+18,7.805,0.0,0,0,4,0,8422,0.0,45,0.0,0.0,0.0,0.0,0.0,0,0,0,0,0.0,0,0,0,0,0,0,0,0,0,0,0,0,0,0,0,0,0,0,0,0,0,0,0,0,0,0,0,0,0,0,0,0,0,38,14,7,45,65476,0,300,0,0,8,21553,0.0,-107605600.0,0.0,0.0,0.0,0.0,0.0,0.0,0.0,0.0,0.0,0.0,0.0,0.0,0.0,0.0,0.0,0.0,0.0,0.0,0.0,0.0,0.0,0.0,-0.0,2.004,0.0,0.0,0.0,0.0,5006.0,0.0,0.0,0.0,-107615288.0,0.0,-107615304.0,0.0,0.0,0.0,0.0,53,2.7184300208680915e+23,0.0,0.0,0.0,0.0,0.0,0.0,0.0,0.0,0,0,0,0.0,0.0,0.0,0.0,0.0,0.0,0.0,0.0,0.0,0.0,0.0,0.0,0.0,0.0,0.0,0.0,0,-107875648.0,53,0.0,106,-107614832.0,2.7006707062415038e+23,ERR,ERR,ERR,ERR,ERR,ERR,ERR,ERR,ERR,ERR,ERR,ERR,ERR,ERR,ERR,ERR,ERR,ERR,ERR,ERR,ERR,ERR,ERR,ERR,ERR,ERR,ERR,ERR,ERR,ERR,ERR,ERR,ERR,ERR,ERR,ERR,ERR,ERR,ERR,ERR,ERR,ERR,ERR,ERR,ERR,ERR,ERR,ERR,ERR,ERR,ERR,ERR,ERR,ERR,ERR,ERR,ERR,ERR,ERR,ERR,ERR,ERR,ERR,ERR,ERR,ERR,ERR,50.0,60.0,100,0.0,0.0,0.0,0.0,0.0,0.0,0.0,0.0,0.0,0.0,0.0,0.0,0.0,0.0,0.0,0.0,61.6,64,20,65521,50,65476,0,300,0,0,8,20529,65476,0,0,26214,60.0,0.0,0.0,0.0,0.0,0.0
2026-05-17T16:34:28,ERR,ERR,ERR,ERR,ERR,ERR,ERR,ERR,ERR,ERR,ERR,ERR,ERR,ERR,ERR,ERR,ERR,ERR,ERR,ERR,ERR,ERR,ERR,ERR,ERR,ERR,ERR,ERR,ERR,ERR,ERR,ERR,ERR,ERR,ERR,ERR,ERR,ERR,ERR,ERR,ERR,ERR,ERR,ERR,ERR,ERR,ERR,ERR,ERR,ERR,ERR,ERR,ERR,ERR,ERR,ERR,ERR,ERR,ERR,ERR,ERR,ERR,ERR,ERR,ERR,ERR,ERR,ERR,ERR,ERR,ERR,ERR,ERR,ERR,ERR,ERR,ERR,ERR,ERR,ERR,ERR,ERR,ERR,ERR,ERR,ERR,ERR,ERR,ERR,ERR,ERR,ERR,ERR,ERR,ERR,ERR,ERR,ERR,ERR,ERR,ERR,ERR,ERR,ERR,ERR,ERR,ERR,ERR,ERR,ERR,ERR,ERR,ERR,ERR,ERR,ERR,ERR,ERR,ERR,ERR,ERR,ERR,ERR,ERR,ERR,0.0,-107615288.0,-0.0,0.0,0.0,1.3936040501711995e+18,7.805,0.0,0,0,4,0,8422,0.0,45,0.0,0.0,0.0,0.0,0.0,0,0,0,0,0.0,0,0,0,0,0,0,0,0,0,0,0,0,0,0,0,0,0,0,0,0,0,0,0,0,0,0,0,0,0,0,0,0,0,38,14,7,45,65476,0,300,0,0,8,21553,0.0,-107605600.0,0.0,0.0,0.0,0.0,0.0,0.0,0.0,0.0,0.0,0.0,0.0,0.0,0.0,0.0,0.0,0.0,0.0,0.0,0.0,0.0,0.0,0.0,-0.0,2.004,0.0,0.0,0.0,0.0,5006.0,0.0,0.0,0.0,-107615288.0,0.0,-107615304.0,0.0,0.0,0.0,0.0,53,2.7184300208680915e+23,0.0,0.0,0.0,0.0,0.0,0.0,0.0,0.0,0,0,0,0.0,0.0,0.0,0.0,0.0,0.0,0.0,0.0,0.0,0.0,0.0,0.0,0.0,0.0,0.0,0.0,0,-107875648.0,53,0.0,106,-107614832.0,2.7006707062415038e+23,ERR,ERR,ERR,ERR,ERR,ERR,ERR,ERR,ERR,ERR,ERR,ERR,ERR,ERR,ERR,ERR,ERR,ERR,ERR,ERR,ERR,ERR,ERR,ERR,ERR,ERR,ERR,ERR,ERR,ERR,ERR,ERR,ERR,ERR,ERR,ERR,ERR,ERR,ERR,ERR,ERR,ERR,ERR,ERR,ERR,ERR,ERR,ERR,ERR,ERR,ERR,ERR,ERR,ERR,ERR,ERR,ERR,ERR,ERR,ERR,ERR,ERR,ERR,ERR,ERR,ERR,ERR,50.0,60.0,100,0.0,0.0,0.0,0.0,0.0,0.0,0.0,0.0,0.0,0.0,0.0,0.0,0.0,0.0,0.0,0.0,62.0,64,20,65521,50,65476,0,300,0,0,8,20529,65476,0,0,26214,60.0,0.0,0.0,0.0,0.0,0.0
2026-05-17T16:34:29,ERR,ERR,ERR,ERR,ERR,ERR,ERR,ERR,ERR,ERR,ERR,ERR,ERR,ERR,ERR,ERR,ERR,ERR,ERR,ERR,ERR,ERR,ERR,ERR,ERR,ERR,ERR,ERR,ERR,ERR,ERR,ERR,ERR,ERR,ERR,ERR,ERR,ERR,ERR,ERR,ERR,ERR,ERR,ERR,ERR,ERR,ERR,ERR,ERR,ERR,ERR,ERR,ERR,ERR,ERR,ERR,ERR,ERR,ERR,ERR,ERR,ERR,ERR,ERR,ERR,ERR,ERR,ERR,ERR,ERR,ERR,ERR,ERR,ERR,ERR,ERR,ERR,ERR,ERR,ERR,ERR,ERR,ERR,ERR,ERR,ERR,ERR,ERR,ERR,ERR,ERR,ERR,ERR,ERR,ERR,ERR,ERR,ERR,ERR,ERR,ERR,ERR,ERR,ERR,ERR,ERR,ERR,ERR,ERR,ERR,ERR,ERR,ERR,ERR,ERR,ERR,ERR,ERR,ERR,ERR,ERR,ERR,ERR,ERR,ERR,0.0,-107615288.0,-0.0,0.0,0.0,1.3936040501711995e+18,7.805,0.0,0,0,4,0,8422,0.0,45,0.0,0.0,0.0,0.0,0.0,0,0,0,0,0.0,0,0,0,0,0,0,0,0,0,0,0,0,0,0,0,0,0,0,0,0,0,0,0,0,0,0,0,0,0,0,0,0,0,38,14,7,45,65476,0,300,0,0,8,21553,0.0,-107605600.0,0.0,0.0,0.0,0.0,0.0,0.0,0.0,0.0,0.0,0.0,0.0,0.0,0.0,0.0,0.0,0.0,0.0,0.0,0.0,0.0,0.0,0.0,-0.0,2.004,0.0,0.0,0.0,0.0,5006.0,0.0,0.0,0.0,-107615288.0,0.0,-107615304.0,0.0,0.0,0.0,0.0,53,2.7184300208680915e+23,0.0,0.0,0.0,0.0,0.0,0.0,0.0,0.0,0,0,0,0.0,0.0,0.0,0.0,0.0,0.0,0.0,0.0,0.0,0.0,0.0,0.0,0.0,0.0,0.0,0.0,0,-107875648.0,53,0.0,106,-107614832.0,2.7006707062415038e+23,ERR,ERR,ERR,ERR,ERR,ERR,ERR,ERR,ERR,ERR,ERR,ERR,ERR,ERR,ERR,ERR,ERR,ERR,ERR,ERR,ERR,ERR,ERR,ERR,ERR,ERR,ERR,ERR,ERR,ERR,ERR,ERR,ERR,ERR,ERR,ERR,ERR,ERR,ERR,ERR,ERR,ERR,ERR,ERR,ERR,ERR,ERR,ERR,ERR,ERR,ERR,ERR,ERR,ERR,ERR,ERR,ERR,ERR,ERR,ERR,ERR,ERR,ERR,ERR,ERR,ERR,ERR,50.0,60.0,100,0.0,0.0,0.0,0.0,0.0,0.0,0.0,0.0,0.0,0.0,0.0,0.0,0.0,0.0,0.0,0.0,62.0,64,20,65521,50,65476,0,300,0,0,8,20529,65476,0,0,26214,60.0,0.0,0.0,0.0,0.0,0.0
2026-05-17T16:34:30,ERR,ERR,ERR,ERR,ERR,ERR,ERR,ERR,ERR,ERR,ERR,ERR,ERR,ERR,ERR,ERR,ERR,ERR,ERR,ERR,ERR,ERR,ERR,ERR,ERR,ERR,ERR,ERR,ERR,ERR,ERR,ERR,ERR,ERR,ERR,ERR,ERR,ERR,ERR,ERR,ERR,ERR,ERR,ERR,ERR,ERR,ERR,ERR,ERR,ERR,ERR,ERR,ERR,ERR,ERR,ERR,ERR,ERR,ERR,ERR,ERR,ERR,ERR,ERR,ERR,ERR,ERR,ERR,ERR,ERR,ERR,ERR,ERR,ERR,ERR,ERR,ERR,ERR,ERR,ERR,ERR,ERR,ERR,ERR,ERR,ERR,ERR,ERR,ERR,ERR,ERR,ERR,ERR,ERR,ERR,ERR,ERR,ERR,ERR,ERR,ERR,ERR,ERR,ERR,ERR,ERR,ERR,ERR,ERR,ERR,ERR,ERR,ERR,ERR,ERR,ERR,ERR,ERR,ERR,ERR,ERR,ERR,ERR,ERR,ERR,0.0,-107615288.0,-0.0,0.0,0.0,1.3936040501711995e+18,7.805,0.0,0,0,4,0,8422,0.0,45,0.0,0.0,0.0,0.0,0.0,0,0,0,0,0.0,0,0,0,0,0,0,0,0,0,0,0,0,0,0,0,0,0,0,0,0,0,0,0,0,0,0,0,0,0,0,0,0,0,38,14,7,45,65476,0,300,0,0,8,21553,0.0,-107605600.0,0.0,0.0,0.0,0.0,0.0,0.0,0.0,0.0,0.0,0.0,0.0,0.0,0.0,0.0,0.0,0.0,0.0,0.0,0.0,0.0,0.0,0.0,-0.0,2.004,0.0,0.0,0.0,0.0,5006.0,0.0,0.0,0.0,-107615288.0,0.0,-107615304.0,0.0,0.0,0.0,0.0,53,2.7184300208680915e+23,0.0,0.0,0.0,0.0,0.0,0.0,0.0,0.0,0,0,0,0.0,0.0,0.0,0.0,0.0,0.0,0.0,0.0,0.0,0.0,0.0,0.0,0.0,0.0,0.0,0.0,0,-107875648.0,53,0.0,106,-107614832.0,2.7006707062415038e+23,ERR,ERR,ERR,ERR,ERR,ERR,ERR,ERR,ERR,ERR,ERR,ERR,ERR,ERR,ERR,ERR,ERR,ERR,ERR,ERR,ERR,ERR,ERR,ERR,ERR,ERR,ERR,ERR,ERR,ERR,ERR,ERR,ERR,ERR,ERR,ERR,ERR,ERR,ERR,ERR,ERR,ERR,ERR,ERR,ERR,ERR,ERR,ERR,ERR,ERR,ERR,ERR,ERR,ERR,ERR,ERR,ERR,ERR,ERR,ERR,ERR,ERR,ERR,ERR,ERR,ERR,ERR,50.0,60.0,100,0.0,0.0,0.0,0.0,0.0,0.0,0.0,0.0,0.0,0.0,0.0,0.0,0.0,0.0,0.0,0.0,61.6,64,20,65521,50,65476,0,300,0,0,8,20529,65476,0,0,26214,60.0,0.0,0.0,0.0,0.0,0.0
2026-05-17T16:34:31,ERR,ERR,ERR,ERR,ERR,ERR,ERR,ERR,ERR,ERR,ERR,ERR,ERR,ERR,ERR,ERR,ERR,ERR,ERR,ERR,ERR,ERR,ERR,ERR,ERR,ERR,ERR,ERR,ERR,ERR,ERR,ERR,ERR,ERR,ERR,ERR,ERR,ERR,ERR,ERR,ERR,ERR,ERR,ERR,ERR,ERR,ERR,ERR,ERR,ERR,ERR,ERR,ERR,ERR,ERR,ERR,ERR,ERR,ERR,ERR,ERR,ERR,ERR,ERR,ERR,ERR,ERR,ERR,ERR,ERR,ERR,ERR,ERR,ERR,ERR,ERR,ERR,ERR,ERR,ERR,ERR,ERR,ERR,ERR,ERR,ERR,ERR,ERR,ERR,ERR,ERR,ERR,ERR,ERR,ERR,ERR,ERR,ERR,ERR,ERR,ERR,ERR,ERR,ERR,ERR,ERR,ERR,ERR,ERR,ERR,ERR,ERR,ERR,ERR,ERR,ERR,ERR,ERR,ERR,ERR,ERR,ERR,ERR,ERR,ERR,0.0,-107615288.0,-0.0,0.0,0.0,1.3936040501711995e+18,7.805,0.0,0,0,4,0,8422,0.0,45,0.0,0.0,0.0,0.0,0.0,0,0,0,0,0.0,0,0,0,0,0,0,0,0,0,0,0,0,0,0,0,0,0,0,0,0,0,0,0,0,0,0,0,0,0,0,0,0,0,38,14,7,45,65476,0,300,0,0,8,21553,0.0,-107605600.0,0.0,0.0,0.0,0.0,0.0,0.0,0.0,0.0,0.0,0.0,0.0,0.0,0.0,0.0,0.0,0.0,0.0,0.0,0.0,0.0,0.0,-2.004,-2.004,0.0,0.0,0.0,0.0,0.0,5010.0,-564145833377792.0,0.0,0.0,-107615288.0,0.0,-0.0,0.0,0.0,0.0,0.0,53,2.7184300208680915e+23,-4.9504015179484054e+32,0.0,0.0,0.0,0.0,0.0,0.0,0.0,0,0,0,0.0,0.0,0.0,0.0,0.0,0.0,0.0,0.0,0.0,0.0,0.0,0.0,0.0,0.0,0.0,0.0,0,-107875648.0,53,0.0,106,-107614832.0,-107350944.0,ERR,ERR,ERR,ERR,ERR,ERR,ERR,ERR,ERR,ERR,ERR,ERR,ERR,ERR,ERR,ERR,ERR,ERR,ERR,ERR,ERR,ERR,ERR,ERR,ERR,ERR,ERR,ERR,ERR,ERR,ERR,ERR,ERR,ERR,ERR,ERR,ERR,ERR,ERR,ERR,ERR,ERR,ERR,ERR,ERR,ERR,ERR,ERR,ERR,ERR,ERR,ERR,ERR,ERR,ERR,ERR,ERR,ERR,ERR,ERR,ERR,ERR,ERR,ERR,ERR,ERR,ERR,50.0,60.0,100,0.0,0.0,0.0,0.0,0.0,0.0,0.0,0.0,0.0,0.0,0.0,0.0,0.0,0.0,0.0,0.0,61.6,64,20,65521,50,65476,0,300,0,0,8,20529,65476,0,0,26214,60.0,0.0,0.0,0.0,0.0,0.0
2026-05-17T16:34:32,ERR,ERR,ERR,ERR,ERR,ERR,ERR,ERR,ERR,ERR,ERR,ERR,ERR,ERR,ERR,ERR,ERR,ERR,ERR,ERR,ERR,ERR,ERR,ERR,ERR,ERR,ERR,ERR,ERR,ERR,ERR,ERR,ERR,ERR,ERR,ERR,ERR,ERR,ERR,ERR,ERR,ERR,ERR,ERR,ERR,ERR,ERR,ERR,ERR,ERR,ERR,ERR,ERR,ERR,ERR,ERR,ERR,ERR,ERR,ERR,ERR,ERR,ERR,ERR,ERR,ERR,ERR,ERR,ERR,ERR,ERR,ERR,ERR,ERR,ERR,ERR,ERR,ERR,ERR,ERR,ERR,ERR,ERR,ERR,ERR,ERR,ERR,ERR,ERR,ERR,ERR,ERR,ERR,ERR,ERR,ERR,ERR,ERR,ERR,ERR,ERR,ERR,ERR,ERR,ERR,ERR,ERR,ERR,ERR,ERR,ERR,ERR,ERR,ERR,ERR,ERR,ERR,ERR,ERR,ERR,ERR,ERR,ERR,ERR,ERR,0.0,-107615288.0,-0.0,0.0,0.0,1.3936040501711995e+18,7.805,0.0,0,0,4,0,8422,0.0,45,0.0,0.0,0.0,0.0,0.0,0,0,0,0,0.0,0,0,0,0,0,0,0,0,0,0,0,0,0,0,0,0,0,0,0,0,0,0,0,0,0,0,0,0,0,0,0,0,0,38,14,7,45,65476,0,300,0,0,8,21553,0.0,-107605600.0,0.0,0.0,0.0,0.0,0.0,0.0,0.0,0.0,0.0,0.0,0.0,0.0,0.0,0.0,0.0,0.0,0.0,0.0,0.0,0.0,0.0,-2.004,-2.004,0.0,0.0,0.0,0.0,0.0,5010.0,-564145833377792.0,0.0,0.0,-107615288.0,0.0,-0.0,0.0,0.0,0.0,0.0,53,2.7184300208680915e+23,-4.9504015179484054e+32,0.0,0.0,0.0,0.0,0.0,0.0,0.0,0,0,0,0.0,0.0,0.0,0.0,0.0,0.0,0.0,0.0,0.0,0.0,0.0,0.0,0.0,0.0,0.0,0.0,0,-107875648.0,53,0.0,106,-107614832.0,-107350944.0,ERR,ERR,ERR,ERR,ERR,ERR,ERR,ERR,ERR,ERR,ERR,ERR,ERR,ERR,ERR,ERR,ERR,ERR,ERR,ERR,ERR,ERR,ERR,ERR,ERR,ERR,ERR,ERR,ERR,ERR,ERR,ERR,ERR,ERR,ERR,ERR,ERR,ERR,ERR,ERR,ERR,ERR,ERR,ERR,ERR,ERR,ERR,ERR,ERR,ERR,ERR,ERR,ERR,ERR,ERR,ERR,ERR,ERR,ERR,ERR,ERR,ERR,ERR,ERR,ERR,ERR,ERR,50.0,60.0,100,0.0,0.0,0.0,0.0,0.0,0.0,0.0,0.0,0.0,0.0,0.0,0.0,0.0,0.0,0.0,0.0,61.6,64,20,65521,50,65476,0,300,0,0,8,20529,65476,0,0,26214,60.0,0.0,0.0,0.0,0.0,0.0
2026-05-17T16:34:33,ERR,ERR,ERR,ERR,ERR,ERR,ERR,ERR,ERR,ERR,ERR,ERR,ERR,ERR,ERR,ERR,ERR,ERR,ERR,ERR,ERR,ERR,ERR,ERR,ERR,ERR,ERR,ERR,ERR,ERR,ERR,ERR,ERR,ERR,ERR,ERR,ERR,ERR,ERR,ERR,ERR,ERR,ERR,ERR,ERR,ERR,ERR,ERR,ERR,ERR,ERR,ERR,ERR,ERR,ERR,ERR,ERR,ERR,ERR,ERR,ERR,ERR,ERR,ERR,ERR,ERR,ERR,ERR,ERR,ERR,ERR,ERR,ERR,ERR,ERR,ERR,ERR,ERR,ERR,ERR,ERR,ERR,ERR,ERR,ERR,ERR,ERR,ERR,ERR,ERR,ERR,ERR,ERR,ERR,ERR,ERR,ERR,ERR,ERR,ERR,ERR,ERR,ERR,ERR,ERR,ERR,ERR,ERR,ERR,ERR,ERR,ERR,ERR,ERR,ERR,ERR,ERR,ERR,ERR,ERR,ERR,ERR,ERR,ERR,ERR,0.0,-107615288.0,-0.0,0.0,0.0,1.3936040501711995e+18,7.805,0.0,0,0,4,0,8422,0.0,45,0.0,0.0,0.0,0.0,0.0,0,0,0,0,0.0,0,0,0,0,0,0,0,0,0,0,0,0,0,0,0,0,0,0,0,0,0,0,0,0,0,0,0,0,0,0,0,0,0,38,14,7,45,65476,0,300,0,0,8,21553,0.0,-107605600.0,0.0,0.0,0.0,0.0,0.0,0.0,0.0,0.0,0.0,0.0,0.0,0.0,0.0,0.0,0.0,0.0,0.0,0.0,0.0,0.0,0.0,-2.004,-2.004,0.0,0.0,0.0,0.0,0.0,5010.0,-564145833377792.0,0.0,0.0,-107615288.0,0.0,-0.0,0.0,0.0,0.0,0.0,53,2.7184300208680915e+23,-4.9504015179484054e+32,0.0,0.0,0.0,0.0,0.0,0.0,0.0,0,0,0,0.0,0.0,0.0,0.0,0.0,0.0,0.0,0.0,0.0,0.0,0.0,0.0,0.0,0.0,0.0,0.0,0,-107875648.0,53,0.0,106,-107614832.0,-107350944.0,ERR,ERR,ERR,ERR,ERR,ERR,ERR,ERR,ERR,ERR,ERR,ERR,ERR,ERR,ERR,ERR,ERR,ERR,ERR,ERR,ERR,ERR,ERR,ERR,ERR,ERR,ERR,ERR,ERR,ERR,ERR,ERR,ERR,ERR,ERR,ERR,ERR,ERR,ERR,ERR,ERR,ERR,ERR,ERR,ERR,ERR,ERR,ERR,ERR,ERR,ERR,ERR,ERR,ERR,ERR,ERR,ERR,ERR,ERR,ERR,ERR,ERR,ERR,ERR,ERR,ERR,ERR,50.0,60.0,100,0.0,0.0,0.0,0.0,0.0,0.0,0.0,0.0,0.0,0.0,0.0,0.0,0.0,0.0,0.0,0.0,62.0,64,20,65521,50,65476,0,300,0,0,8,20529,65476,0,0,26214,60.0,0.0,0.0,0.0,0.0,0.0
2026-05-17T16:34:34,ERR,ERR,ERR,ERR,ERR,ERR,ERR,ERR,ERR,ERR,ERR,ERR,ERR,ERR,ERR,ERR,ERR,ERR,ERR,ERR,ERR,ERR,ERR,ERR,ERR,ERR,ERR,ERR,ERR,ERR,ERR,ERR,ERR,ERR,ERR,ERR,ERR,ERR,ERR,ERR,ERR,ERR,ERR,ERR,ERR,ERR,ERR,ERR,ERR,ERR,ERR,ERR,ERR,ERR,ERR,ERR,ERR,ERR,ERR,ERR,ERR,ERR,ERR,ERR,ERR,ERR,ERR,ERR,ERR,ERR,ERR,ERR,ERR,ERR,ERR,ERR,ERR,ERR,ERR,ERR,ERR,ERR,ERR,ERR,ERR,ERR,ERR,ERR,ERR,ERR,ERR,ERR,ERR,ERR,ERR,ERR,ERR,ERR,ERR,ERR,ERR,ERR,ERR,ERR,ERR,ERR,ERR,ERR,ERR,ERR,ERR,ERR,ERR,ERR,ERR,ERR,ERR,ERR,ERR,ERR,ERR,ERR,ERR,ERR,ERR,0.0,-107615288.0,-0.0,0.0,0.0,1.3936040501711995e+18,7.805,0.0,0,0,4,0,8422,0.0,45,0.0,0.0,0.0,0.0,0.0,0,0,0,0,0.0,0,0,0,0,0,0,0,0,0,0,0,0,0,0,0,0,0,0,0,0,0,0,0,0,0,0,0,0,0,0,0,0,0,38,14,7,45,65476,0,300,0,0,8,21553,0.0,-107605600.0,0.0,0.0,0.0,0.0,0.0,0.0,0.0,0.0,0.0,0.0,0.0,0.0,0.0,0.0,0.0,0.0,0.0,0.0,0.0,0.0,0.0,-2.004,-2.004,0.0,0.0,0.0,0.0,0.0,5010.0,-564145833377792.0,0.0,0.0,-107615288.0,0.0,-0.0,0.0,0.0,0.0,0.0,53,2.7184300208680915e+23,-4.9504015179484054e+32,0.0,0.0,0.0,0.0,0.0,0.0,0.0,0,0,0,0.0,0.0,0.0,0.0,0.0,0.0,0.0,0.0,0.0,0.0,0.0,0.0,0.0,0.0,0.0,0.0,0,-107875648.0,53,0.0,106,-107614832.0,-107350944.0,ERR,ERR,ERR,ERR,ERR,ERR,ERR,ERR,ERR,ERR,ERR,ERR,ERR,ERR,ERR,ERR,ERR,ERR,ERR,ERR,ERR,ERR,ERR,ERR,ERR,ERR,ERR,ERR,ERR,ERR,ERR,ERR,ERR,ERR,ERR,ERR,ERR,ERR,ERR,ERR,ERR,ERR,ERR,ERR,ERR,ERR,ERR,ERR,ERR,ERR,ERR,ERR,ERR,ERR,ERR,ERR,ERR,ERR,ERR,ERR,ERR,ERR,ERR,ERR,ERR,ERR,ERR,50.0,60.0,100,0.0,0.0,0.0,0.0,0.0,0.0,0.0,0.0,0.0,0.0,0.0,0.0,0.0,0.0,0.0,0.0,62.0,64,20,65521,50,65476,0,300,0,0,8,20529,65476,0,0,26214,60.0,0.0,0.0,0.0,0.0,0.0
2026-05-17T16:34:35,ERR,ERR,ERR,ERR,ERR,ERR,ERR,ERR,ERR,ERR,ERR,ERR,ERR,ERR,ERR,ERR,ERR,ERR,ERR,ERR,ERR,ERR,ERR,ERR,ERR,ERR,ERR,ERR,ERR,ERR,ERR,ERR,ERR,ERR,ERR,ERR,ERR,ERR,ERR,ERR,ERR,ERR,ERR,ERR,ERR,ERR,ERR,ERR,ERR,ERR,ERR,ERR,ERR,ERR,ERR,ERR,ERR,ERR,ERR,ERR,ERR,ERR,ERR,ERR,ERR,ERR,ERR,ERR,ERR,ERR,ERR,ERR,ERR,ERR,ERR,ERR,ERR,ERR,ERR,ERR,ERR,ERR,ERR,ERR,ERR,ERR,ERR,ERR,ERR,ERR,ERR,ERR,ERR,ERR,ERR,ERR,ERR,ERR,ERR,ERR,ERR,ERR,ERR,ERR,ERR,ERR,ERR,ERR,ERR,ERR,ERR,ERR,ERR,ERR,ERR,ERR,ERR,ERR,ERR,ERR,ERR,ERR,ERR,ERR,ERR,0.0,-107615288.0,-0.0,0.0,0.0,1.3936040501711995e+18,7.805,0.0,0,0,4,0,8422,0.0,45,0.0,0.0,0.0,0.0,0.0,0,0,0,0,0.0,0,0,0,0,0,0,0,0,0,0,0,0,0,0,0,0,0,0,0,0,0,0,0,0,0,0,0,0,0,0,0,0,0,38,14,7,45,65476,0,300,0,0,8,21553,0.0,-107605600.0,0.0,0.0,0.0,0.0,0.0,0.0,0.0,0.0,0.0,0.0,0.0,0.0,0.0,0.0,0.0,0.0,0.0,0.0,0.0,0.0,0.0,-2.004,-2.004,0.0,0.0,0.0,0.0,0.0,5010.0,-564145833377792.0,0.0,0.0,-107615288.0,0.0,-0.0,0.0,0.0,0.0,0.0,53,2.7184300208680915e+23,-4.9504015179484054e+32,0.0,0.0,0.0,0.0,0.0,0.0,0.0,0,0,0,0.0,0.0,0.0,0.0,0.0,0.0,0.0,0.0,0.0,0.0,0.0,0.0,0.0,0.0,0.0,0.0,0,-107875648.0,53,0.0,106,-107614832.0,-107350944.0,ERR,ERR,ERR,ERR,ERR,ERR,ERR,ERR,ERR,ERR,ERR,ERR,ERR,ERR,ERR,ERR,ERR,ERR,ERR,ERR,ERR,ERR,ERR,ERR,ERR,ERR,ERR,ERR,ERR,ERR,ERR,ERR,ERR,ERR,ERR,ERR,ERR,ERR,ERR,ERR,ERR,ERR,ERR,ERR,ERR,ERR,ERR,ERR,ERR,ERR,ERR,ERR,ERR,ERR,ERR,ERR,ERR,ERR,ERR,ERR,ERR,ERR,ERR,ERR,ERR,ERR,ERR,50.0,60.0,100,0.0,0.0,0.0,0.0,0.0,0.0,0.0,0.0,0.0,0.0,0.0,0.0,0.0,0.0,0.0,0.0,61.6,64,20,65521,50,65476,0,300,0,0,8,20529,65476,0,0,26214,60.0,0.0,0.0,0.0,0.0,0.0
2026-05-17T16:34:36,ERR,ERR,ERR,ERR,ERR,ERR,ERR,ERR,ERR,ERR,ERR,ERR,ERR,ERR,ERR,ERR,ERR,ERR,ERR,ERR,ERR,ERR,ERR,ERR,ERR,ERR,ERR,ERR,ERR,ERR,ERR,ERR,ERR,ERR,ERR,ERR,ERR,ERR,ERR,ERR,ERR,ERR,ERR,ERR,ERR,ERR,ERR,ERR,ERR,ERR,ERR,ERR,ERR,ERR,ERR,ERR,ERR,ERR,ERR,ERR,ERR,ERR,ERR,ERR,ERR,ERR,ERR,ERR,ERR,ERR,ERR,ERR,ERR,ERR,ERR,ERR,ERR,ERR,ERR,ERR,ERR,ERR,ERR,ERR,ERR,ERR,ERR,ERR,ERR,ERR,ERR,ERR,ERR,ERR,ERR,ERR,ERR,ERR,ERR,ERR,ERR,ERR,ERR,ERR,ERR,ERR,ERR,ERR,ERR,ERR,ERR,ERR,ERR,ERR,ERR,ERR,ERR,ERR,ERR,ERR,ERR,ERR,ERR,ERR,ERR,0.0,0.0,-134474944.0,0.0,0.0,1.3936040501711995e+18,7.805,0.0,0,0,4,0,8422,0.0,45,0.0,0.0,0.0,0.0,0.0,0,0,0,0,0.0,0,0,0,0,0,0,0,0,0,0,0,0,0,0,0,0,0,0,0,0,0,0,0,0,0,0,0,0,0,0,0,0,0,38,14,7,45,65476,0,300,0,0,8,21553,0.0,-107605600.0,0.0,0.0,0.0,0.0,0.0,0.0,0.0,0.0,0.0,0.0,0.0,0.0,0.0,0.0,0.0,0.0,0.0,0.0,0.0,0.0,0.0,0.0,-2.004,2.004,0.0,0.0,0.0,0.0,5040.0,564145900486656.0,0.0,0.0,-107615288.0,0.0,-107615304.0,0.0,0.0,0.0,0.0,53,1.9056979486756045e+17,-0.0,0.0,0.0,0.0,0.0,0.0,0.0,0.0,0,0,0,0.0,0.0,0.0,0.0,0.0,0.0,0.0,0.0,0.0,0.0,0.0,0.0,0.0,0.0,0.0,0.0,0,-107875648.0,53,0.0,106,-107614832.0,2.7006707062415038e+23,ERR,ERR,ERR,ERR,ERR,ERR,ERR,ERR,ERR,ERR,ERR,ERR,ERR,ERR,ERR,ERR,ERR,ERR,ERR,ERR,ERR,ERR,ERR,ERR,ERR,ERR,ERR,ERR,ERR,ERR,ERR,ERR,ERR,ERR,ERR,ERR,ERR,ERR,ERR,ERR,ERR,ERR,ERR,ERR,ERR,ERR,ERR,ERR,ERR,ERR,ERR,ERR,ERR,ERR,ERR,ERR,ERR,ERR,ERR,ERR,ERR,ERR,ERR,ERR,ERR,ERR,ERR,50.0,60.0,100,0.0,0.0,0.0,0.0,0.0,0.0,0.0,0.0,0.0,0.0,0.0,0.0,0.0,0.0,0.0,0.0,61.6,64,20,65521,50,65476,0,300,0,0,8,20529,65476,0,0,26214,60.0,0.0,0.0,0.0,0.0,0.0
2026-05-17T16:34:37,ERR,ERR,ERR,ERR,ERR,ERR,ERR,ERR,ERR,ERR,ERR,ERR,ERR,ERR,ERR,ERR,ERR,ERR,ERR,ERR,ERR,ERR,ERR,ERR,ERR,ERR,ERR,ERR,ERR,ERR,ERR,ERR,ERR,ERR,ERR,ERR,ERR,ERR,ERR,ERR,ERR,ERR,ERR,ERR,ERR,ERR,ERR,ERR,ERR,ERR,ERR,ERR,ERR,ERR,ERR,ERR,ERR,ERR,ERR,ERR,ERR,ERR,ERR,ERR,ERR,ERR,ERR,ERR,ERR,ERR,ERR,ERR,ERR,ERR,ERR,ERR,ERR,ERR,ERR,ERR,ERR,ERR,ERR,ERR,ERR,ERR,ERR,ERR,ERR,ERR,ERR,ERR,ERR,ERR,ERR,ERR,ERR,ERR,ERR,ERR,ERR,ERR,ERR,ERR,ERR,ERR,ERR,ERR,ERR,ERR,ERR,ERR,ERR,ERR,ERR,ERR,ERR,ERR,ERR,ERR,ERR,ERR,ERR,ERR,ERR,0.0,0.0,-134474944.0,0.0,0.0,1.3936040501711995e+18,7.805,0.0,0,0,4,0,8422,0.0,45,0.0,0.0,0.0,0.0,0.0,0,0,0,0,0.0,0,0,0,0,0,0,0,0,0,0,0,0,0,0,0,0,0,0,0,0,0,0,0,0,0,0,0,0,0,0,0,0,0,38,14,7,45,65476,0,300,0,0,8,21553,0.0,-107605600.0,0.0,0.0,0.0,0.0,0.0,0.0,0.0,0.0,0.0,0.0,0.0,0.0,0.0,0.0,0.0,0.0,0.0,0.0,0.0,0.0,0.0,0.0,-2.004,2.004,0.0,0.0,0.0,0.0,5040.0,564145900486656.0,0.0,0.0,-107615288.0,0.0,-107615304.0,0.0,0.0,0.0,0.0,53,1.9056979486756045e+17,-0.0,0.0,0.0,0.0,0.0,0.0,0.0,0.0,0,0,0,0.0,0.0,0.0,0.0,0.0,0.0,0.0,0.0,0.0,0.0,0.0,0.0,0.0,0.0,0.0,0.0,0,-107875648.0,53,0.0,106,-107614832.0,2.7006707062415038e+23,ERR,ERR,ERR,ERR,ERR,ERR,ERR,ERR,ERR,ERR,ERR,ERR,ERR,ERR,ERR,ERR,ERR,ERR,ERR,ERR,ERR,ERR,ERR,ERR,ERR,ERR,ERR,ERR,ERR,ERR,ERR,ERR,ERR,ERR,ERR,ERR,ERR,ERR,ERR,ERR,ERR,ERR,ERR,ERR,ERR,ERR,ERR,ERR,ERR,ERR,ERR,ERR,ERR,ERR,ERR,ERR,ERR,ERR,ERR,ERR,ERR,ERR,ERR,ERR,ERR,ERR,ERR,50.0,60.0,100,0.0,0.0,0.0,0.0,0.0,0.0,0.0,0.0,0.0,0.0,0.0,0.0,0.0,0.0,0.0,0.0,61.6,64,20,65521,50,65476,0,300,0,0,8,20529,65476,0,0,26214,60.0,0.0,0.0,0.0,0.0,0.0
2026-05-17T16:34:38,ERR,ERR,ERR,ERR,ERR,ERR,ERR,ERR,ERR,ERR,ERR,ERR,ERR,ERR,ERR,ERR,ERR,ERR,ERR,ERR,ERR,ERR,ERR,ERR,ERR,ERR,ERR,ERR,ERR,ERR,ERR,ERR,ERR,ERR,ERR,ERR,ERR,ERR,ERR,ERR,ERR,ERR,ERR,ERR,ERR,ERR,ERR,ERR,ERR,ERR,ERR,ERR,ERR,ERR,ERR,ERR,ERR,ERR,ERR,ERR,ERR,ERR,ERR,ERR,ERR,ERR,ERR,ERR,ERR,ERR,ERR,ERR,ERR,ERR,ERR,ERR,ERR,ERR,ERR,ERR,ERR,ERR,ERR,ERR,ERR,ERR,ERR,ERR,ERR,ERR,ERR,ERR,ERR,ERR,ERR,ERR,ERR,ERR,ERR,ERR,ERR,ERR,ERR,ERR,ERR,ERR,ERR,ERR,ERR,ERR,ERR,ERR,ERR,ERR,ERR,ERR,ERR,ERR,ERR,ERR,ERR,ERR,ERR,ERR,ERR,0.0,0.0,-134474944.0,0.0,0.0,1.3936040501711995e+18,7.805,0.0,0,0,4,0,8422,0.0,45,0.0,0.0,0.0,0.0,0.0,0,0,0,0,0.0,0,0,0,0,0,0,0,0,0,0,0,0,0,0,0,0,0,0,0,0,0,0,0,0,0,0,0,0,0,0,0,0,0,38,14,7,45,65476,0,300,0,0,8,21553,0.0,-107605600.0,0.0,0.0,0.0,0.0,0.0,0.0,0.0,0.0,0.0,0.0,0.0,0.0,0.0,0.0,0.0,0.0,0.0,0.0,0.0,0.0,0.0,0.0,-2.004,2.004,0.0,0.0,0.0,0.0,5040.0,564145900486656.0,0.0,0.0,-107615288.0,0.0,-107615304.0,0.0,0.0,0.0,0.0,53,1.9056979486756045e+17,-0.0,0.0,0.0,0.0,0.0,0.0,0.0,0.0,0,0,0,0.0,0.0,0.0,0.0,0.0,0.0,0.0,0.0,0.0,0.0,0.0,0.0,0.0,0.0,0.0,0.0,0,-107875648.0,53,0.0,106,-107614832.0,2.7006707062415038e+23,ERR,ERR,ERR,ERR,ERR,ERR,ERR,ERR,ERR,ERR,ERR,ERR,ERR,ERR,ERR,ERR,ERR,ERR,ERR,ERR,ERR,ERR,ERR,ERR,ERR,ERR,ERR,ERR,ERR,ERR,ERR,ERR,ERR,ERR,ERR,ERR,ERR,ERR,ERR,ERR,ERR,ERR,ERR,ERR,ERR,ERR,ERR,ERR,ERR,ERR,ERR,ERR,ERR,ERR,ERR,ERR,ERR,ERR,ERR,ERR,ERR,ERR,ERR,ERR,ERR,ERR,ERR,50.0,60.0,100,0.0,0.0,0.0,0.0,0.0,0.0,0.0,0.0,0.0,0.0,0.0,0.0,0.0,0.0,0.0,0.0,62.0,64,20,65521,50,65476,0,300,0,0,8,20529,65476,0,0,26214,60.0,0.0,0.0,0.0,0.0,0.0
2026-05-17T16:34:39,ERR,ERR,ERR,ERR,ERR,ERR,ERR,ERR,ERR,ERR,ERR,ERR,ERR,ERR,ERR,ERR,ERR,ERR,ERR,ERR,ERR,ERR,ERR,ERR,ERR,ERR,ERR,ERR,ERR,ERR,ERR,ERR,ERR,ERR,ERR,ERR,ERR,ERR,ERR,ERR,ERR,ERR,ERR,ERR,ERR,ERR,ERR,ERR,ERR,ERR,ERR,ERR,ERR,ERR,ERR,ERR,ERR,ERR,ERR,ERR,ERR,ERR,ERR,ERR,ERR,ERR,ERR,ERR,ERR,ERR,ERR,ERR,ERR,ERR,ERR,ERR,ERR,ERR,ERR,ERR,ERR,ERR,ERR,ERR,ERR,ERR,ERR,ERR,ERR,ERR,ERR,ERR,ERR,ERR,ERR,ERR,ERR,ERR,ERR,ERR,ERR,ERR,ERR,ERR,ERR,ERR,ERR,ERR,ERR,ERR,ERR,ERR,ERR,ERR,ERR,ERR,ERR,ERR,ERR,ERR,ERR,ERR,ERR,ERR,ERR,0.0,0.0,-134474944.0,0.0,0.0,1.3936040501711995e+18,7.805,0.0,0,0,4,0,8422,0.0,45,0.0,0.0,0.0,0.0,0.0,0,0,0,0,0.0,0,0,0,0,0,0,0,0,0,0,0,0,0,0,0,0,0,0,0,0,0,0,0,0,0,0,0,0,0,0,0,0,0,38,14,7,45,65476,0,300,0,0,8,21553,0.0,-107605600.0,0.0,0.0,0.0,0.0,0.0,0.0,0.0,0.0,0.0,0.0,0.0,0.0,0.0,0.0,0.0,0.0,0.0,0.0,0.0,0.0,0.0,0.0,-2.004,2.004,0.0,0.0,0.0,0.0,5040.0,564145900486656.0,0.0,0.0,-107615288.0,0.0,-107615304.0,0.0,0.0,0.0,0.0,53,1.9056979486756045e+17,-0.0,0.0,0.0,0.0,0.0,0.0,0.0,0.0,0,0,0,0.0,0.0,0.0,0.0,0.0,0.0,0.0,0.0,0.0,0.0,0.0,0.0,0.0,0.0,0.0,0.0,0,-107875648.0,53,0.0,106,-107614832.0,2.7006707062415038e+23,ERR,ERR,ERR,ERR,ERR,ERR,ERR,ERR,ERR,ERR,ERR,ERR,ERR,ERR,ERR,ERR,ERR,ERR,ERR,ERR,ERR,ERR,ERR,ERR,ERR,ERR,ERR,ERR,ERR,ERR,ERR,ERR,ERR,ERR,ERR,ERR,ERR,ERR,ERR,ERR,ERR,ERR,ERR,ERR,ERR,ERR,ERR,ERR,ERR,ERR,ERR,ERR,ERR,ERR,ERR,ERR,ERR,ERR,ERR,ERR,ERR,ERR,ERR,ERR,ERR,ERR,ERR,50.0,60.0,100,0.0,0.0,0.0,0.0,0.0,0.0,0.0,0.0,0.0,0.0,0.0,0.0,0.0,0.0,0.0,0.0,62.0,64,20,65521,50,65476,0,300,0,0,8,20529,65476,0,0,26214,60.0,0.0,0.0,0.0,0.0,0.0
2026-05-17T16:34:40,ERR,ERR,ERR,ERR,ERR,ERR,ERR,ERR,ERR,ERR,ERR,ERR,ERR,ERR,ERR,ERR,ERR,ERR,ERR,ERR,ERR,ERR,ERR,ERR,ERR,ERR,ERR,ERR,ERR,ERR,ERR,ERR,ERR,ERR,ERR,ERR,ERR,ERR,ERR,ERR,ERR,ERR,ERR,ERR,ERR,ERR,ERR,ERR,ERR,ERR,ERR,ERR,ERR,ERR,ERR,ERR,ERR,ERR,ERR,ERR,ERR,ERR,ERR,ERR,ERR,ERR,ERR,ERR,ERR,ERR,ERR,ERR,ERR,ERR,ERR,ERR,ERR,ERR,ERR,ERR,ERR,ERR,ERR,ERR,ERR,ERR,ERR,ERR,ERR,ERR,ERR,ERR,ERR,ERR,ERR,ERR,ERR,ERR,ERR,ERR,ERR,ERR,ERR,ERR,ERR,ERR,ERR,ERR,ERR,ERR,ERR,ERR,ERR,ERR,ERR,ERR,ERR,ERR,ERR,ERR,ERR,ERR,ERR,ERR,ERR,0.0,0.0,-134474944.0,0.0,0.0,1.3936040501711995e+18,7.805,0.0,0,0,4,0,8422,0.0,45,0.0,0.0,0.0,0.0,0.0,0,0,0,0,0.0,0,0,0,0,0,0,0,0,0,0,0,0,0,0,0,0,0,0,0,0,0,0,0,0,0,0,0,0,0,0,0,0,0,38,14,7,45,65476,0,300,0,0,8,21553,0.0,-107605600.0,0.0,0.0,0.0,0.0,0.0,0.0,0.0,0.0,0.0,0.0,0.0,0.0,0.0,0.0,0.0,0.0,0.0,0.0,0.0,0.0,0.0,0.0,-2.004,2.004,0.0,0.0,0.0,0.0,5040.0,564145900486656.0,0.0,0.0,-107615288.0,0.0,-107615304.0,0.0,0.0,0.0,0.0,53,1.9056979486756045e+17,-0.0,0.0,0.0,0.0,0.0,0.0,0.0,0.0,0,0,0,0.0,0.0,0.0,0.0,0.0,0.0,0.0,0.0,0.0,0.0,0.0,0.0,0.0,0.0,0.0,0.0,0,-107875648.0,53,0.0,106,-107614832.0,2.7006707062415038e+23,ERR,ERR,ERR,ERR,ERR,ERR,ERR,ERR,ERR,ERR,ERR,ERR,ERR,ERR,ERR,ERR,ERR,ERR,ERR,ERR,ERR,ERR,ERR,ERR,ERR,ERR,ERR,ERR,ERR,ERR,ERR,ERR,ERR,ERR,ERR,ERR,ERR,ERR,ERR,ERR,ERR,ERR,ERR,ERR,ERR,ERR,ERR,ERR,ERR,ERR,ERR,ERR,ERR,ERR,ERR,ERR,ERR,ERR,ERR,ERR,ERR,ERR,ERR,ERR,ERR,ERR,ERR,50.0,60.0,100,0.0,0.0,0.0,0.0,0.0,0.0,0.0,0.0,0.0,0.0,0.0,0.0,0.0,0.0,0.0,0.0,61.6,64,20,65521,50,65476,0,300,0,0,8,20529,65476,0,0,26214,60.0,0.0,0.0,0.0,0.0,0.0
2026-05-17T16:34:41,ERR,ERR,ERR,ERR,ERR,ERR,ERR,ERR,ERR,ERR,ERR,ERR,ERR,ERR,ERR,ERR,ERR,ERR,ERR,ERR,ERR,ERR,ERR,ERR,ERR,ERR,ERR,ERR,ERR,ERR,ERR,ERR,ERR,ERR,ERR,ERR,ERR,ERR,ERR,ERR,ERR,ERR,ERR,ERR,ERR,ERR,ERR,ERR,ERR,ERR,ERR,ERR,ERR,ERR,ERR,ERR,ERR,ERR,ERR,ERR,ERR,ERR,ERR,ERR,ERR,ERR,ERR,ERR,ERR,ERR,ERR,ERR,ERR,ERR,ERR,ERR,ERR,ERR,ERR,ERR,ERR,ERR,ERR,ERR,ERR,ERR,ERR,ERR,ERR,ERR,ERR,ERR,ERR,ERR,ERR,ERR,ERR,ERR,ERR,ERR,ERR,ERR,ERR,ERR,ERR,ERR,ERR,ERR,ERR,ERR,ERR,ERR,ERR,ERR,ERR,ERR,ERR,ERR,ERR,ERR,ERR,ERR,ERR,ERR,ERR,0.0,-107615288.0,-0.0,0.0,0.0,1.3936040501711995e+18,7.805,0.0,0,0,4,0,8422,0.0,45,0.0,0.0,0.0,0.0,0.0,0,0,0,0,0.0,0,0,0,0,0,0,0,0,0,0,0,0,0,0,0,0,0,0,0,0,0,0,0,0,0,0,0,0,0,0,0,0,0,38,14,7,45,65476,0,300,0,0,8,21553,0.0,-107605600.0,0.0,0.0,0.0,0.0,0.0,0.0,0.0,0.0,0.0,0.0,0.0,0.0,0.0,0.0,0.0,0.0,0.0,0.0,0.0,0.0,0.0,-2.004,-2.004,2.004,0.0,0.0,0.0,0.0,5035.0,-0.0,0.0,0.0,-107615288.0,0.0,-107615304.0,0.0,0.0,0.0,0.0,53,107615344.0,-152017297211392.0,0.0,0.0,0.0,0.0,0.0,0.0,0.0,0,0,0,0.0,0.0,0.0,0.0,0.0,0.0,0.0,0.0,0.0,0.0,0.0,0.0,0.0,0.0,0.0,0.0,0,-107875648.0,53,0.0,106,-107614832.0,2.7006707062415038e+23,ERR,ERR,ERR,ERR,ERR,ERR,ERR,ERR,ERR,ERR,ERR,ERR,ERR,ERR,ERR,ERR,ERR,ERR,ERR,ERR,ERR,ERR,ERR,ERR,ERR,ERR,ERR,ERR,ERR,ERR,ERR,ERR,ERR,ERR,ERR,ERR,ERR,ERR,ERR,ERR,ERR,ERR,ERR,ERR,ERR,ERR,ERR,ERR,ERR,ERR,ERR,ERR,ERR,ERR,ERR,ERR,ERR,ERR,ERR,ERR,ERR,ERR,ERR,ERR,ERR,ERR,ERR,50.0,60.0,100,0.0,0.0,0.0,0.0,0.0,0.0,0.0,0.0,0.0,0.0,0.0,0.0,0.0,0.0,0.0,0.0,61.6,64,20,65521,50,65476,0,300,0,0,8,20529,65476,0,0,26214,60.0,0.0,0.0,0.0,0.0,0.0
2026-05-17T16:34:42,ERR,ERR,ERR,ERR,ERR,ERR,ERR,ERR,ERR,ERR,ERR,ERR,ERR,ERR,ERR,ERR,ERR,ERR,ERR,ERR,ERR,ERR,ERR,ERR,ERR,ERR,ERR,ERR,ERR,ERR,ERR,ERR,ERR,ERR,ERR,ERR,ERR,ERR,ERR,ERR,ERR,ERR,ERR,ERR,ERR,ERR,ERR,ERR,ERR,ERR,ERR,ERR,ERR,ERR,ERR,ERR,ERR,ERR,ERR,ERR,ERR,ERR,ERR,ERR,ERR,ERR,ERR,ERR,ERR,ERR,ERR,ERR,ERR,ERR,ERR,ERR,ERR,ERR,ERR,ERR,ERR,ERR,ERR,ERR,ERR,ERR,ERR,ERR,ERR,ERR,ERR,ERR,ERR,ERR,ERR,ERR,ERR,ERR,ERR,ERR,ERR,ERR,ERR,ERR,ERR,ERR,ERR,ERR,ERR,ERR,ERR,ERR,ERR,ERR,ERR,ERR,ERR,ERR,ERR,ERR,ERR,ERR,ERR,ERR,ERR,0.0,-107615288.0,-0.0,0.0,0.0,1.3936040501711995e+18,7.805,0.0,0,0,4,0,8422,0.0,45,0.0,0.0,0.0,0.0,0.0,0,0,0,0,0.0,0,0,0,0,0,0,0,0,0,0,0,0,0,0,0,0,0,0,0,0,0,0,0,0,0,0,0,0,0,0,0,0,0,38,14,7,45,65476,0,300,0,0,8,21553,0.0,-107605600.0,0.0,0.0,0.0,0.0,0.0,0.0,0.0,0.0,0.0,0.0,0.0,0.0,0.0,0.0,0.0,0.0,0.0,0.0,0.0,0.0,0.0,-2.004,-2.004,2.004,0.0,0.0,0.0,0.0,5035.0,-0.0,0.0,0.0,-107615288.0,0.0,-107615304.0,0.0,0.0,0.0,0.0,53,107615344.0,-152017297211392.0,0.0,0.0,0.0,0.0,0.0,0.0,0.0,0,0,0,0.0,0.0,0.0,0.0,0.0,0.0,0.0,0.0,0.0,0.0,0.0,0.0,0.0,0.0,0.0,0.0,0,-107875648.0,53,0.0,106,-107614832.0,2.7006707062415038e+23,ERR,ERR,ERR,ERR,ERR,ERR,ERR,ERR,ERR,ERR,ERR,ERR,ERR,ERR,ERR,ERR,ERR,ERR,ERR,ERR,ERR,ERR,ERR,ERR,ERR,ERR,ERR,ERR,ERR,ERR,ERR,ERR,ERR,ERR,ERR,ERR,ERR,ERR,ERR,ERR,ERR,ERR,ERR,ERR,ERR,ERR,ERR,ERR,ERR,ERR,ERR,ERR,ERR,ERR,ERR,ERR,ERR,ERR,ERR,ERR,ERR,ERR,ERR,ERR,ERR,ERR,ERR,50.0,60.0,100,0.0,0.0,0.0,0.0,0.0,0.0,0.0,0.0,0.0,0.0,0.0,0.0,0.0,0.0,0.0,0.0,61.6,64,20,65521,50,65476,0,300,0,0,8,20529,65476,0,0,26214,60.0,0.0,0.0,0.0,0.0,0.0
2026-05-17T16:34:43,ERR,ERR,ERR,ERR,ERR,ERR,ERR,ERR,ERR,ERR,ERR,ERR,ERR,ERR,ERR,ERR,ERR,ERR,ERR,ERR,ERR,ERR,ERR,ERR,ERR,ERR,ERR,ERR,ERR,ERR,ERR,ERR,ERR,ERR,ERR,ERR,ERR,ERR,ERR,ERR,ERR,ERR,ERR,ERR,ERR,ERR,ERR,ERR,ERR,ERR,ERR,ERR,ERR,ERR,ERR,ERR,ERR,ERR,ERR,ERR,ERR,ERR,ERR,ERR,ERR,ERR,ERR,ERR,ERR,ERR,ERR,ERR,ERR,ERR,ERR,ERR,ERR,ERR,ERR,ERR,ERR,ERR,ERR,ERR,ERR,ERR,ERR,ERR,ERR,ERR,ERR,ERR,ERR,ERR,ERR,ERR,ERR,ERR,ERR,ERR,ERR,ERR,ERR,ERR,ERR,ERR,ERR,ERR,ERR,ERR,ERR,ERR,ERR,ERR,ERR,ERR,ERR,ERR,ERR,ERR,ERR,ERR,ERR,ERR,ERR,0.0,-107615288.0,-0.0,0.0,0.0,1.3936040501711995e+18,7.805,0.0,0,0,4,0,8422,0.0,45,0.0,0.0,0.0,0.0,0.0,0,0,0,0,0.0,0,0,0,0,0,0,0,0,0,0,0,0,0,0,0,0,0,0,0,0,0,0,0,0,0,0,0,0,0,0,0,0,0,38,14,7,45,65476,0,300,0,0,8,21553,0.0,-107605600.0,0.0,0.0,0.0,0.0,0.0,0.0,0.0,0.0,0.0,0.0,0.0,0.0,0.0,0.0,0.0,0.0,0.0,0.0,0.0,0.0,0.0,-2.004,-2.004,2.004,0.0,0.0,0.0,0.0,5035.0,-0.0,0.0,0.0,-107615288.0,0.0,-107615304.0,0.0,0.0,0.0,0.0,53,107615344.0,-152017297211392.0,0.0,0.0,0.0,0.0,0.0,0.0,0.0,0,0,0,0.0,0.0,0.0,0.0,0.0,0.0,0.0,0.0,0.0,0.0,0.0,0.0,0.0,0.0,0.0,0.0,0,-107875648.0,53,0.0,106,-107614832.0,2.7006707062415038e+23,ERR,ERR,ERR,ERR,ERR,ERR,ERR,ERR,ERR,ERR,ERR,ERR,ERR,ERR,ERR,ERR,ERR,ERR,ERR,ERR,ERR,ERR,ERR,ERR,ERR,ERR,ERR,ERR,ERR,ERR,ERR,ERR,ERR,ERR,ERR,ERR,ERR,ERR,ERR,ERR,ERR,ERR,ERR,ERR,ERR,ERR,ERR,ERR,ERR,ERR,ERR,ERR,ERR,ERR,ERR,ERR,ERR,ERR,ERR,ERR,ERR,ERR,ERR,ERR,ERR,ERR,ERR,50.0,60.0,100,0.0,0.0,0.0,0.0,0.0,0.0,0.0,0.0,0.0,0.0,0.0,0.0,0.0,0.0,0.0,0.0,61.6,64,20,65521,50,65476,0,300,0,0,8,20529,65476,0,0,26214,60.0,0.0,0.0,0.0,0.0,0.0
2026-05-17T16:34:44,ERR,ERR,ERR,ERR,ERR,ERR,ERR,ERR,ERR,ERR,ERR,ERR,ERR,ERR,ERR,ERR,ERR,ERR,ERR,ERR,ERR,ERR,ERR,ERR,ERR,ERR,ERR,ERR,ERR,ERR,ERR,ERR,ERR,ERR,ERR,ERR,ERR,ERR,ERR,ERR,ERR,ERR,ERR,ERR,ERR,ERR,ERR,ERR,ERR,ERR,ERR,ERR,ERR,ERR,ERR,ERR,ERR,ERR,ERR,ERR,ERR,ERR,ERR,ERR,ERR,ERR,ERR,ERR,ERR,ERR,ERR,ERR,ERR,ERR,ERR,ERR,ERR,ERR,ERR,ERR,ERR,ERR,ERR,ERR,ERR,ERR,ERR,ERR,ERR,ERR,ERR,ERR,ERR,ERR,ERR,ERR,ERR,ERR,ERR,ERR,ERR,ERR,ERR,ERR,ERR,ERR,ERR,ERR,ERR,ERR,ERR,ERR,ERR,ERR,ERR,ERR,ERR,ERR,ERR,ERR,ERR,ERR,ERR,ERR,ERR,0.0,-107615288.0,-0.0,0.0,0.0,1.3936040501711995e+18,7.805,0.0,0,0,4,0,8422,0.0,45,0.0,0.0,0.0,0.0,0.0,0,0,0,0,0.0,0,0,0,0,0,0,0,0,0,0,0,0,0,0,0,0,0,0,0,0,0,0,0,0,0,0,0,0,0,0,0,0,0,38,14,7,45,65476,0,300,0,0,8,21553,0.0,-107605600.0,0.0,0.0,0.0,0.0,0.0,0.0,0.0,0.0,0.0,0.0,0.0,0.0,0.0,0.0,0.0,0.0,0.0,0.0,0.0,0.0,0.0,-2.004,-2.004,2.004,0.0,0.0,0.0,0.0,5035.0,-0.0,0.0,0.0,-107615288.0,0.0,-107615304.0,0.0,0.0,0.0,0.0,53,107615344.0,-152017297211392.0,0.0,0.0,0.0,0.0,0.0,0.0,0.0,0,0,0,0.0,0.0,0.0,0.0,0.0,0.0,0.0,0.0,0.0,0.0,0.0,0.0,0.0,0.0,0.0,0.0,0,-107875648.0,53,0.0,106,-107614832.0,2.7006707062415038e+23,ERR,ERR,ERR,ERR,ERR,ERR,ERR,ERR,ERR,ERR,ERR,ERR,ERR,ERR,ERR,ERR,ERR,ERR,ERR,ERR,ERR,ERR,ERR,ERR,ERR,ERR,ERR,ERR,ERR,ERR,ERR,ERR,ERR,ERR,ERR,ERR,ERR,ERR,ERR,ERR,ERR,ERR,ERR,ERR,ERR,ERR,ERR,ERR,ERR,ERR,ERR,ERR,ERR,ERR,ERR,ERR,ERR,ERR,ERR,ERR,ERR,ERR,ERR,ERR,ERR,ERR,ERR,50.0,60.0,100,0.0,0.0,0.0,0.0,0.0,0.0,0.0,0.0,0.0,0.0,0.0,0.0,0.0,0.0,0.0,0.0,61.6,64,20,65521,50,65476,0,300,0,0,8,20529,65476,0,0,26214,60.0,0.0,0.0,0.0,0.0,0.0
2026-05-17T16:34:45,ERR,ERR,ERR,ERR,ERR,ERR,ERR,ERR,ERR,ERR,ERR,ERR,ERR,ERR,ERR,ERR,ERR,ERR,ERR,ERR,ERR,ERR,ERR,ERR,ERR,ERR,ERR,ERR,ERR,ERR,ERR,ERR,ERR,ERR,ERR,ERR,ERR,ERR,ERR,ERR,ERR,ERR,ERR,ERR,ERR,ERR,ERR,ERR,ERR,ERR,ERR,ERR,ERR,ERR,ERR,ERR,ERR,ERR,ERR,ERR,ERR,ERR,ERR,ERR,ERR,ERR,ERR,ERR,ERR,ERR,ERR,ERR,ERR,ERR,ERR,ERR,ERR,ERR,ERR,ERR,ERR,ERR,ERR,ERR,ERR,ERR,ERR,ERR,ERR,ERR,ERR,ERR,ERR,ERR,ERR,ERR,ERR,ERR,ERR,ERR,ERR,ERR,ERR,ERR,ERR,ERR,ERR,ERR,ERR,ERR,ERR,ERR,ERR,ERR,ERR,ERR,ERR,ERR,ERR,ERR,ERR,ERR,ERR,ERR,ERR,0.0,-107615288.0,-0.0,0.0,0.0,1.3936040501711995e+18,7.805,0.0,0,0,4,0,8422,0.0,45,0.0,0.0,0.0,0.0,0.0,0,0,0,0,0.0,0,0,0,0,0,0,0,0,0,0,0,0,0,0,0,0,0,0,0,0,0,0,0,0,0,0,0,0,0,0,0,0,0,38,14,7,45,65476,0,300,0,0,8,21553,0.0,-107605600.0,0.0,0.0,0.0,0.0,0.0,0.0,0.0,0.0,0.0,0.0,0.0,0.0,0.0,0.0,0.0,0.0,0.0,0.0,0.0,0.0,0.0,-2.004,-2.004,2.004,0.0,0.0,0.0,0.0,5035.0,-0.0,0.0,0.0,-107615288.0,0.0,-107615304.0,0.0,0.0,0.0,0.0,53,107615344.0,-152017297211392.0,0.0,0.0,0.0,0.0,0.0,0.0,0.0,0,0,0,0.0,0.0,0.0,0.0,0.0,0.0,0.0,0.0,0.0,0.0,0.0,0.0,0.0,0.0,0.0,0.0,0,-107875648.0,53,0.0,106,-107614832.0,2.7006707062415038e+23,ERR,ERR,ERR,ERR,ERR,ERR,ERR,ERR,ERR,ERR,ERR,ERR,ERR,ERR,ERR,ERR,ERR,ERR,ERR,ERR,ERR,ERR,ERR,ERR,ERR,ERR,ERR,ERR,ERR,ERR,ERR,ERR,ERR,ERR,ERR,ERR,ERR,ERR,ERR,ERR,ERR,ERR,ERR,ERR,ERR,ERR,ERR,ERR,ERR,ERR,ERR,ERR,ERR,ERR,ERR,ERR,ERR,ERR,ERR,ERR,ERR,ERR,ERR,ERR,ERR,ERR,ERR,50.0,60.0,100,0.0,0.0,0.0,0.0,0.0,0.0,0.0,0.0,0.0,0.0,0.0,0.0,0.0,0.0,0.0,0.0,62.0,64,20,65521,50,65476,0,300,0,0,8,20529,65476,0,0,26214,60.0,0.0,0.0,0.0,0.0,0.0
2026-05-17T16:34:46,ERR,ERR,ERR,ERR,ERR,ERR,ERR,ERR,ERR,ERR,ERR,ERR,ERR,ERR,ERR,ERR,ERR,ERR,ERR,ERR,ERR,ERR,ERR,ERR,ERR,ERR,ERR,ERR,ERR,ERR,ERR,ERR,ERR,ERR,ERR,ERR,ERR,ERR,ERR,ERR,ERR,ERR,ERR,ERR,ERR,ERR,ERR,ERR,ERR,ERR,ERR,ERR,ERR,ERR,ERR,ERR,ERR,ERR,ERR,ERR,ERR,ERR,ERR,ERR,ERR,ERR,ERR,ERR,ERR,ERR,ERR,ERR,ERR,ERR,ERR,ERR,ERR,ERR,ERR,ERR,ERR,ERR,ERR,ERR,ERR,ERR,ERR,ERR,ERR,ERR,ERR,ERR,ERR,ERR,ERR,ERR,ERR,ERR,ERR,ERR,ERR,ERR,ERR,ERR,ERR,ERR,ERR,ERR,ERR,ERR,ERR,ERR,ERR,ERR,ERR,ERR,ERR,ERR,ERR,ERR,ERR,ERR,ERR,ERR,ERR,0.0,-107615288.0,-0.0,0.0,0.0,1.3936040501711995e+18,7.805,0.0,0,0,4,0,8422,0.0,45,0.0,0.0,0.0,0.0,0.0,0,0,0,0,0.0,0,0,0,0,0,0,0,0,0,0,0,0,0,0,0,0,0,0,0,0,0,0,0,0,0,0,0,0,0,0,0,0,0,38,14,7,45,65476,0,300,0,0,8,21553,0.0,-107605600.0,0.0,0.0,0.0,0.0,0.0,0.0,0.0,0.0,0.0,0.0,0.0,0.0,0.0,0.0,0.0,0.0,0.0,0.0,0.0,0.0,0.0,-2.004,-2.004,0.0,0.0,0.0,0.0,0.0,5040.0,-0.0,0.0,0.0,-107615288.0,0.0,-0.0,0.0,0.0,0.0,0.0,53,4.950428597886765e+32,-2.308828227263571e+20,0.0,0.0,0.0,0.0,0.0,0.0,0.0,0,0,0,0.0,0.0,0.0,0.0,0.0,0.0,0.0,0.0,0.0,0.0,0.0,0.0,0.0,0.0,0.0,0.0,0,-107875648.0,53,0.0,106,-107614832.0,-107350944.0,ERR,ERR,ERR,ERR,ERR,ERR,ERR,ERR,ERR,ERR,ERR,ERR,ERR,ERR,ERR,ERR,ERR,ERR,ERR,ERR,ERR,ERR,ERR,ERR,ERR,ERR,ERR,ERR,ERR,ERR,ERR,ERR,ERR,ERR,ERR,ERR,ERR,ERR,ERR,ERR,ERR,ERR,ERR,ERR,ERR,ERR,ERR,ERR,ERR,ERR,ERR,ERR,ERR,ERR,ERR,ERR,ERR,ERR,ERR,ERR,ERR,ERR,ERR,ERR,ERR,ERR,ERR,50.0,60.0,100,0.0,0.0,0.0,0.0,0.0,0.0,0.0,0.0,0.0,0.0,0.0,0.0,0.0,0.0,0.0,0.0,62.0,64,20,65521,50,65476,0,300,0,0,8,20529,65476,0,0,26214,60.0,0.0,0.0,0.0,0.0,0.0
2026-05-17T16:34:47,ERR,ERR,ERR,ERR,ERR,ERR,ERR,ERR,ERR,ERR,ERR,ERR,ERR,ERR,ERR,ERR,ERR,ERR,ERR,ERR,ERR,ERR,ERR,ERR,ERR,ERR,ERR,ERR,ERR,ERR,ERR,ERR,ERR,ERR,ERR,ERR,ERR,ERR,ERR,ERR,ERR,ERR,ERR,ERR,ERR,ERR,ERR,ERR,ERR,ERR,ERR,ERR,ERR,ERR,ERR,ERR,ERR,ERR,ERR,ERR,ERR,ERR,ERR,ERR,ERR,ERR,ERR,ERR,ERR,ERR,ERR,ERR,ERR,ERR,ERR,ERR,ERR,ERR,ERR,ERR,ERR,ERR,ERR,ERR,ERR,ERR,ERR,ERR,ERR,ERR,ERR,ERR,ERR,ERR,ERR,ERR,ERR,ERR,ERR,ERR,ERR,ERR,ERR,ERR,ERR,ERR,ERR,ERR,ERR,ERR,ERR,ERR,ERR,ERR,ERR,ERR,ERR,ERR,ERR,ERR,ERR,ERR,ERR,ERR,ERR,0.0,-107615288.0,-0.0,0.0,0.0,1.3936040501711995e+18,7.805,0.0,0,0,4,0,8422,0.0,45,0.0,0.0,0.0,0.0,0.0,0,0,0,0,0.0,0,0,0,0,0,0,0,0,0,0,0,0,0,0,0,0,0,0,0,0,0,0,0,0,0,0,0,0,0,0,0,0,0,38,14,7,45,65476,0,300,0,0,8,21553,0.0,-107605600.0,0.0,0.0,0.0,0.0,0.0,0.0,0.0,0.0,0.0,0.0,0.0,0.0,0.0,0.0,0.0,0.0,0.0,0.0,0.0,0.0,0.0,-2.004,-2.004,0.0,0.0,0.0,0.0,0.0,5040.0,-0.0,0.0,0.0,-107615288.0,0.0,-0.0,0.0,0.0,0.0,0.0,53,4.950428597886765e+32,-2.308828227263571e+20,0.0,0.0,0.0,0.0,0.0,0.0,0.0,0,0,0,0.0,0.0,0.0,0.0,0.0,0.0,0.0,0.0,0.0,0.0,0.0,0.0,0.0,0.0,0.0,0.0,0,-107875648.0,53,0.0,106,-107614832.0,-107350944.0,ERR,ERR,ERR,ERR,ERR,ERR,ERR,ERR,ERR,ERR,ERR,ERR,ERR,ERR,ERR,ERR,ERR,ERR,ERR,ERR,ERR,ERR,ERR,ERR,ERR,ERR,ERR,ERR,ERR,ERR,ERR,ERR,ERR,ERR,ERR,ERR,ERR,ERR,ERR,ERR,ERR,ERR,ERR,ERR,ERR,ERR,ERR,ERR,ERR,ERR,ERR,ERR,ERR,ERR,ERR,ERR,ERR,ERR,ERR,ERR,ERR,ERR,ERR,ERR,ERR,ERR,ERR,50.0,60.0,100,0.0,0.0,0.0,0.0,0.0,0.0,0.0,0.0,0.0,0.0,0.0,0.0,0.0,0.0,0.0,0.0,62.0,64,20,65521,50,65476,0,300,0,0,8,20529,65476,0,0,26214,60.0,0.0,0.0,0.0,0.0,0.0
2026-05-17T16:34:48,ERR,ERR,ERR,ERR,ERR,ERR,ERR,ERR,ERR,ERR,ERR,ERR,ERR,ERR,ERR,ERR,ERR,ERR,ERR,ERR,ERR,ERR,ERR,ERR,ERR,ERR,ERR,ERR,ERR,ERR,ERR,ERR,ERR,ERR,ERR,ERR,ERR,ERR,ERR,ERR,ERR,ERR,ERR,ERR,ERR,ERR,ERR,ERR,ERR,ERR,ERR,ERR,ERR,ERR,ERR,ERR,ERR,ERR,ERR,ERR,ERR,ERR,ERR,ERR,ERR,ERR,ERR,ERR,ERR,ERR,ERR,ERR,ERR,ERR,ERR,ERR,ERR,ERR,ERR,ERR,ERR,ERR,ERR,ERR,ERR,ERR,ERR,ERR,ERR,ERR,ERR,ERR,ERR,ERR,ERR,ERR,ERR,ERR,ERR,ERR,ERR,ERR,ERR,ERR,ERR,ERR,ERR,ERR,ERR,ERR,ERR,ERR,ERR,ERR,ERR,ERR,ERR,ERR,ERR,ERR,ERR,ERR,ERR,ERR,ERR,0.0,-107615288.0,-0.0,0.0,0.0,1.3936040501711995e+18,7.805,0.0,0,0,4,0,8422,0.0,45,0.0,0.0,0.0,0.0,0.0,0,0,0,0,0.0,0,0,0,0,0,0,0,0,0,0,0,0,0,0,0,0,0,0,0,0,0,0,0,0,0,0,0,0,0,0,0,0,0,38,14,7,45,65476,0,300,0,0,8,21553,0.0,-107605600.0,0.0,0.0,0.0,0.0,0.0,0.0,0.0,0.0,0.0,0.0,0.0,0.0,0.0,0.0,0.0,0.0,0.0,0.0,0.0,0.0,0.0,-2.004,-2.004,0.0,0.0,0.0,0.0,0.0,5040.0,-0.0,0.0,0.0,-107615288.0,0.0,-0.0,0.0,0.0,0.0,0.0,53,4.950428597886765e+32,-2.308828227263571e+20,0.0,0.0,0.0,0.0,0.0,0.0,0.0,0,0,0,0.0,0.0,0.0,0.0,0.0,0.0,0.0,0.0,0.0,0.0,0.0,0.0,0.0,0.0,0.0,0.0,0,-107875648.0,53,0.0,106,-107614832.0,-107350944.0,ERR,ERR,ERR,ERR,ERR,ERR,ERR,ERR,ERR,ERR,ERR,ERR,ERR,ERR,ERR,ERR,ERR,ERR,ERR,ERR,ERR,ERR,ERR,ERR,ERR,ERR,ERR,ERR,ERR,ERR,ERR,ERR,ERR,ERR,ERR,ERR,ERR,ERR,ERR,ERR,ERR,ERR,ERR,ERR,ERR,ERR,ERR,ERR,ERR,ERR,ERR,ERR,ERR,ERR,ERR,ERR,ERR,ERR,ERR,ERR,ERR,ERR,ERR,ERR,ERR,ERR,ERR,50.0,60.0,100,0.0,0.0,0.0,0.0,0.0,0.0,0.0,0.0,0.0,0.0,0.0,0.0,0.0,0.0,0.0,0.0,62.0,64,20,65521,50,65476,0,300,0,0,8,20529,65476,0,0,26214,60.0,0.0,0.0,0.0,0.0,0.0
2026-05-17T16:34:49,ERR,ERR,ERR,ERR,ERR,ERR,ERR,ERR,ERR,ERR,ERR,ERR,ERR,ERR,ERR,ERR,ERR,ERR,ERR,ERR,ERR,ERR,ERR,ERR,ERR,ERR,ERR,ERR,ERR,ERR,ERR,ERR,ERR,ERR,ERR,ERR,ERR,ERR,ERR,ERR,ERR,ERR,ERR,ERR,ERR,ERR,ERR,ERR,ERR,ERR,ERR,ERR,ERR,ERR,ERR,ERR,ERR,ERR,ERR,ERR,ERR,ERR,ERR,ERR,ERR,ERR,ERR,ERR,ERR,ERR,ERR,ERR,ERR,ERR,ERR,ERR,ERR,ERR,ERR,ERR,ERR,ERR,ERR,ERR,ERR,ERR,ERR,ERR,ERR,ERR,ERR,ERR,ERR,ERR,ERR,ERR,ERR,ERR,ERR,ERR,ERR,ERR,ERR,ERR,ERR,ERR,ERR,ERR,ERR,ERR,ERR,ERR,ERR,ERR,ERR,ERR,ERR,ERR,ERR,ERR,ERR,ERR,ERR,ERR,ERR,0.0,-107615288.0,-0.0,0.0,0.0,1.3936040501711995e+18,7.805,0.0,0,0,4,0,8422,0.0,45,0.0,0.0,0.0,0.0,0.0,0,0,0,0,0.0,0,0,0,0,0,0,0,0,0,0,0,0,0,0,0,0,0,0,0,0,0,0,0,0,0,0,0,0,0,0,0,0,0,38,14,7,45,65476,0,300,0,0,8,21553,0.0,-107605600.0,0.0,0.0,0.0,0.0,0.0,0.0,0.0,0.0,0.0,0.0,0.0,0.0,0.0,0.0,0.0,0.0,0.0,0.0,0.0,0.0,0.0,-2.004,-2.004,0.0,0.0,0.0,0.0,0.0,5040.0,-0.0,0.0,0.0,-107615288.0,0.0,-0.0,0.0,0.0,0.0,0.0,53,4.950428597886765e+32,-2.308828227263571e+20,0.0,0.0,0.0,0.0,0.0,0.0,0.0,0,0,0,0.0,0.0,0.0,0.0,0.0,0.0,0.0,0.0,0.0,0.0,0.0,0.0,0.0,0.0,0.0,0.0,0,-107875648.0,53,0.0,106,-107614832.0,-107350944.0,ERR,ERR,ERR,ERR,ERR,ERR,ERR,ERR,ERR,ERR,ERR,ERR,ERR,ERR,ERR,ERR,ERR,ERR,ERR,ERR,ERR,ERR,ERR,ERR,ERR,ERR,ERR,ERR,ERR,ERR,ERR,ERR,ERR,ERR,ERR,ERR,ERR,ERR,ERR,ERR,ERR,ERR,ERR,ERR,ERR,ERR,ERR,ERR,ERR,ERR,ERR,ERR,ERR,ERR,ERR,ERR,ERR,ERR,ERR,ERR,ERR,ERR,ERR,ERR,ERR,ERR,ERR,50.0,60.0,100,0.0,0.0,0.0,0.0,0.0,0.0,0.0,0.0,0.0,0.0,0.0,0.0,0.0,0.0,0.0,0.0,62.0,64,20,65521,50,65476,0,300,0,0,8,20529,65476,0,0,26214,60.0,0.0,0.0,0.0,0.0,0.0
2026-05-17T16:34:50,ERR,ERR,ERR,ERR,ERR,ERR,ERR,ERR,ERR,ERR,ERR,ERR,ERR,ERR,ERR,ERR,ERR,ERR,ERR,ERR,ERR,ERR,ERR,ERR,ERR,ERR,ERR,ERR,ERR,ERR,ERR,ERR,ERR,ERR,ERR,ERR,ERR,ERR,ERR,ERR,ERR,ERR,ERR,ERR,ERR,ERR,ERR,ERR,ERR,ERR,ERR,ERR,ERR,ERR,ERR,ERR,ERR,ERR,ERR,ERR,ERR,ERR,ERR,ERR,ERR,ERR,ERR,ERR,ERR,ERR,ERR,ERR,ERR,ERR,ERR,ERR,ERR,ERR,ERR,ERR,ERR,ERR,ERR,ERR,ERR,ERR,ERR,ERR,ERR,ERR,ERR,ERR,ERR,ERR,ERR,ERR,ERR,ERR,ERR,ERR,ERR,ERR,ERR,ERR,ERR,ERR,ERR,ERR,ERR,ERR,ERR,ERR,ERR,ERR,ERR,ERR,ERR,ERR,ERR,ERR,ERR,ERR,ERR,ERR,ERR,0.0,-107615288.0,-0.0,0.0,0.0,1.3936040501711995e+18,7.805,0.0,0,0,4,0,8422,0.0,45,0.0,0.0,0.0,0.0,0.0,0,0,0,0,0.0,0,0,0,0,0,0,0,0,0,0,0,0,0,0,0,0,0,0,0,0,0,0,0,0,0,0,0,0,0,0,0,0,0,38,14,7,45,65476,0,300,0,0,8,21553,0.0,-107605600.0,0.0,0.0,0.0,0.0,0.0,0.0,0.0,0.0,0.0,0.0,0.0,0.0,0.0,0.0,0.0,0.0,0.0,0.0,0.0,0.0,0.0,-2.004,-2.004,0.0,0.0,0.0,0.0,0.0,5040.0,-0.0,0.0,0.0,-107615288.0,0.0,-0.0,0.0,0.0,0.0,0.0,53,4.950428597886765e+32,-2.308828227263571e+20,0.0,0.0,0.0,0.0,0.0,0.0,0.0,0,0,0,0.0,0.0,0.0,0.0,0.0,0.0,0.0,0.0,0.0,0.0,0.0,0.0,0.0,0.0,0.0,0.0,0,-107875648.0,53,0.0,106,-107614832.0,-107350944.0,ERR,ERR,ERR,ERR,ERR,ERR,ERR,ERR,ERR,ERR,ERR,ERR,ERR,ERR,ERR,ERR,ERR,ERR,ERR,ERR,ERR,ERR,ERR,ERR,ERR,ERR,ERR,ERR,ERR,ERR,ERR,ERR,ERR,ERR,ERR,ERR,ERR,ERR,ERR,ERR,ERR,ERR,ERR,ERR,ERR,ERR,ERR,ERR,ERR,ERR,ERR,ERR,ERR,ERR,ERR,ERR,ERR,ERR,ERR,ERR,ERR,ERR,ERR,ERR,ERR,ERR,ERR,50.0,60.0,100,0.0,0.0,0.0,0.0,0.0,0.0,0.0,0.0,0.0,0.0,0.0,0.0,0.0,0.0,0.0,0.0,62.0,64,20,65521,50,65476,0,300,0,0,8,20529,65476,0,0,26214,60.0,0.0,0.0,0.0,0.0,0.0
2026-05-17T16:34:51,ERR,ERR,ERR,ERR,ERR,ERR,ERR,ERR,ERR,ERR,ERR,ERR,ERR,ERR,ERR,ERR,ERR,ERR,ERR,ERR,ERR,ERR,ERR,ERR,ERR,ERR,ERR,ERR,ERR,ERR,ERR,ERR,ERR,ERR,ERR,ERR,ERR,ERR,ERR,ERR,ERR,ERR,ERR,ERR,ERR,ERR,ERR,ERR,ERR,ERR,ERR,ERR,ERR,ERR,ERR,ERR,ERR,ERR,ERR,ERR,ERR,ERR,ERR,ERR,ERR,ERR,ERR,ERR,ERR,ERR,ERR,ERR,ERR,ERR,ERR,ERR,ERR,ERR,ERR,ERR,ERR,ERR,ERR,ERR,ERR,ERR,ERR,ERR,ERR,ERR,ERR,ERR,ERR,ERR,ERR,ERR,ERR,ERR,ERR,ERR,ERR,ERR,ERR,ERR,ERR,ERR,ERR,ERR,ERR,ERR,ERR,ERR,ERR,ERR,ERR,ERR,ERR,ERR,ERR,ERR,ERR,ERR,ERR,ERR,ERR,0.0,0.0,-134474944.0,0.0,0.0,1.3936040501711995e+18,7.805,0.0,0,0,4,0,8422,0.0,45,0.0,0.0,0.0,0.0,0.0,0,0,0,0,0.0,0,0,0,0,0,0,0,0,0,0,0,0,0,0,0,0,0,0,0,0,0,0,0,0,0,0,0,0,0,0,0,0,0,38,14,7,45,65476,0,300,0,0,8,21553,0.0,-107605600.0,0.0,0.0,0.0,0.0,0.0,0.0,0.0,0.0,0.0,0.0,0.0,0.0,0.0,0.0,0.0,0.0,0.0,0.0,0.0,0.0,0.0,-2.004,-2.004,2.004,0.0,0.0,0.0,0.0,5040.0,-0.0,0.0,0.0,-107615288.0,0.0,-107615304.0,0.0,0.0,0.0,0.0,53,1.9056979486756045e+17,-4.950401904804668e+32,0.0,0.0,0.0,0.0,0.0,0.0,0.0,0,0,0,0.0,0.0,0.0,0.0,0.0,0.0,0.0,0.0,0.0,0.0,0.0,0.0,0.0,0.0,0.0,0.0,0,-107875648.0,53,0.0,106,-107614832.0,2.7006707062415038e+23,ERR,ERR,ERR,ERR,ERR,ERR,ERR,ERR,ERR,ERR,ERR,ERR,ERR,ERR,ERR,ERR,ERR,ERR,ERR,ERR,ERR,ERR,ERR,ERR,ERR,ERR,ERR,ERR,ERR,ERR,ERR,ERR,ERR,ERR,ERR,ERR,ERR,ERR,ERR,ERR,ERR,ERR,ERR,ERR,ERR,ERR,ERR,ERR,ERR,ERR,ERR,ERR,ERR,ERR,ERR,ERR,ERR,ERR,ERR,ERR,ERR,ERR,ERR,ERR,ERR,ERR,ERR,50.0,60.0,100,0.0,0.0,0.0,0.0,0.0,0.0,0.0,0.0,0.0,0.0,0.0,0.0,0.0,0.0,0.0,0.0,62.0,64,20,65521,50,65476,0,300,0,0,8,20529,65476,0,0,26214,60.0,0.0,0.0,0.0,0.0,0.0
2026-05-17T16:34:52,ERR,ERR,ERR,ERR,ERR,ERR,ERR,ERR,ERR,ERR,ERR,ERR,ERR,ERR,ERR,ERR,ERR,ERR,ERR,ERR,ERR,ERR,ERR,ERR,ERR,ERR,ERR,ERR,ERR,ERR,ERR,ERR,ERR,ERR,ERR,ERR,ERR,ERR,ERR,ERR,ERR,ERR,ERR,ERR,ERR,ERR,ERR,ERR,ERR,ERR,ERR,ERR,ERR,ERR,ERR,ERR,ERR,ERR,ERR,ERR,ERR,ERR,ERR,ERR,ERR,ERR,ERR,ERR,ERR,ERR,ERR,ERR,ERR,ERR,ERR,ERR,ERR,ERR,ERR,ERR,ERR,ERR,ERR,ERR,ERR,ERR,ERR,ERR,ERR,ERR,ERR,ERR,ERR,ERR,ERR,ERR,ERR,ERR,ERR,ERR,ERR,ERR,ERR,ERR,ERR,ERR,ERR,ERR,ERR,ERR,ERR,ERR,ERR,ERR,ERR,ERR,ERR,ERR,ERR,ERR,ERR,ERR,ERR,ERR,ERR,0.0,0.0,-134474944.0,0.0,0.0,1.3936040501711995e+18,7.805,0.0,0,0,4,0,8422,0.0,45,0.0,0.0,0.0,0.0,0.0,0,0,0,0,0.0,0,0,0,0,0,0,0,0,0,0,0,0,0,0,0,0,0,0,0,0,0,0,0,0,0,0,0,0,0,0,0,0,0,38,14,7,45,65476,0,300,0,0,8,21553,0.0,-107605600.0,0.0,0.0,0.0,0.0,0.0,0.0,0.0,0.0,0.0,0.0,0.0,0.0,0.0,0.0,0.0,0.0,0.0,0.0,0.0,0.0,0.0,-2.004,-2.004,2.004,0.0,0.0,0.0,0.0,5040.0,-0.0,0.0,0.0,-107615288.0,0.0,-107615304.0,0.0,0.0,0.0,0.0,53,1.9056979486756045e+17,-4.950401904804668e+32,0.0,0.0,0.0,0.0,0.0,0.0,0.0,0,0,0,0.0,0.0,0.0,0.0,0.0,0.0,0.0,0.0,0.0,0.0,0.0,0.0,0.0,0.0,0.0,0.0,0,-107875648.0,53,0.0,106,-107614832.0,2.7006707062415038e+23,ERR,ERR,ERR,ERR,ERR,ERR,ERR,ERR,ERR,ERR,ERR,ERR,ERR,ERR,ERR,ERR,ERR,ERR,ERR,ERR,ERR,ERR,ERR,ERR,ERR,ERR,ERR,ERR,ERR,ERR,ERR,ERR,ERR,ERR,ERR,ERR,ERR,ERR,ERR,ERR,ERR,ERR,ERR,ERR,ERR,ERR,ERR,ERR,ERR,ERR,ERR,ERR,ERR,ERR,ERR,ERR,ERR,ERR,ERR,ERR,ERR,ERR,ERR,ERR,ERR,ERR,ERR,50.0,60.0,100,0.0,0.0,0.0,0.0,0.0,0.0,0.0,0.0,0.0,0.0,0.0,0.0,0.0,0.0,0.0,0.0,62.0,64,20,65521,50,65476,0,300,0,0,8,20529,65476,0,0,26214,60.0,0.0,0.0,0.0,0.0,0.0
2026-05-17T16:34:53,ERR,ERR,ERR,ERR,ERR,ERR,ERR,ERR,ERR,ERR,ERR,ERR,ERR,ERR,ERR,ERR,ERR,ERR,ERR,ERR,ERR,ERR,ERR,ERR,ERR,ERR,ERR,ERR,ERR,ERR,ERR,ERR,ERR,ERR,ERR,ERR,ERR,ERR,ERR,ERR,ERR,ERR,ERR,ERR,ERR,ERR,ERR,ERR,ERR,ERR,ERR,ERR,ERR,ERR,ERR,ERR,ERR,ERR,ERR,ERR,ERR,ERR,ERR,ERR,ERR,ERR,ERR,ERR,ERR,ERR,ERR,ERR,ERR,ERR,ERR,ERR,ERR,ERR,ERR,ERR,ERR,ERR,ERR,ERR,ERR,ERR,ERR,ERR,ERR,ERR,ERR,ERR,ERR,ERR,ERR,ERR,ERR,ERR,ERR,ERR,ERR,ERR,ERR,ERR,ERR,ERR,ERR,ERR,ERR,ERR,ERR,ERR,ERR,ERR,ERR,ERR,ERR,ERR,ERR,ERR,ERR,ERR,ERR,ERR,ERR,0.0,0.0,-134474944.0,0.0,0.0,1.3936040501711995e+18,7.805,0.0,0,0,4,0,8422,0.0,45,0.0,0.0,0.0,0.0,0.0,0,0,0,0,0.0,0,0,0,0,0,0,0,0,0,0,0,0,0,0,0,0,0,0,0,0,0,0,0,0,0,0,0,0,0,0,0,0,0,38,14,7,45,65476,0,300,0,0,8,21553,0.0,-107605600.0,0.0,0.0,0.0,0.0,0.0,0.0,0.0,0.0,0.0,0.0,0.0,0.0,0.0,0.0,0.0,0.0,0.0,0.0,0.0,0.0,0.0,-2.004,-2.004,2.004,0.0,0.0,0.0,0.0,5040.0,-0.0,0.0,0.0,-107615288.0,0.0,-107615304.0,0.0,0.0,0.0,0.0,53,1.9056979486756045e+17,-4.950401904804668e+32,0.0,0.0,0.0,0.0,0.0,0.0,0.0,0,0,0,0.0,0.0,0.0,0.0,0.0,0.0,0.0,0.0,0.0,0.0,0.0,0.0,0.0,0.0,0.0,0.0,0,-107875648.0,53,0.0,106,-107614832.0,2.7006707062415038e+23,ERR,ERR,ERR,ERR,ERR,ERR,ERR,ERR,ERR,ERR,ERR,ERR,ERR,ERR,ERR,ERR,ERR,ERR,ERR,ERR,ERR,ERR,ERR,ERR,ERR,ERR,ERR,ERR,ERR,ERR,ERR,ERR,ERR,ERR,ERR,ERR,ERR,ERR,ERR,ERR,ERR,ERR,ERR,ERR,ERR,ERR,ERR,ERR,ERR,ERR,ERR,ERR,ERR,ERR,ERR,ERR,ERR,ERR,ERR,ERR,ERR,ERR,ERR,ERR,ERR,ERR,ERR,50.0,60.0,100,0.0,0.0,0.0,0.0,0.0,0.0,0.0,0.0,0.0,0.0,0.0,0.0,0.0,0.0,0.0,0.0,61.6,64,20,65521,50,65476,0,300,0,0,8,20529,65476,0,0,26214,60.0,0.0,0.0,0.0,0.0,0.0
2026-05-17T16:34:54,ERR,ERR,ERR,ERR,ERR,ERR,ERR,ERR,ERR,ERR,ERR,ERR,ERR,ERR,ERR,ERR,ERR,ERR,ERR,ERR,ERR,ERR,ERR,ERR,ERR,ERR,ERR,ERR,ERR,ERR,ERR,ERR,ERR,ERR,ERR,ERR,ERR,ERR,ERR,ERR,ERR,ERR,ERR,ERR,ERR,ERR,ERR,ERR,ERR,ERR,ERR,ERR,ERR,ERR,ERR,ERR,ERR,ERR,ERR,ERR,ERR,ERR,ERR,ERR,ERR,ERR,ERR,ERR,ERR,ERR,ERR,ERR,ERR,ERR,ERR,ERR,ERR,ERR,ERR,ERR,ERR,ERR,ERR,ERR,ERR,ERR,ERR,ERR,ERR,ERR,ERR,ERR,ERR,ERR,ERR,ERR,ERR,ERR,ERR,ERR,ERR,ERR,ERR,ERR,ERR,ERR,ERR,ERR,ERR,ERR,ERR,ERR,ERR,ERR,ERR,ERR,ERR,ERR,ERR,ERR,ERR,ERR,ERR,ERR,ERR,0.0,0.0,-134474944.0,0.0,0.0,1.3936040501711995e+18,7.805,0.0,0,0,4,0,8422,0.0,45,0.0,0.0,0.0,0.0,0.0,0,0,0,0,0.0,0,0,0,0,0,0,0,0,0,0,0,0,0,0,0,0,0,0,0,0,0,0,0,0,0,0,0,0,0,0,0,0,0,38,14,7,45,65476,0,300,0,0,8,21553,0.0,-107605600.0,0.0,0.0,0.0,0.0,0.0,0.0,0.0,0.0,0.0,0.0,0.0,0.0,0.0,0.0,0.0,0.0,0.0,0.0,0.0,0.0,0.0,-2.004,-2.004,2.004,0.0,0.0,0.0,0.0,5040.0,-0.0,0.0,0.0,-107615288.0,0.0,-107615304.0,0.0,0.0,0.0,0.0,53,1.9056979486756045e+17,-4.950401904804668e+32,0.0,0.0,0.0,0.0,0.0,0.0,0.0,0,0,0,0.0,0.0,0.0,0.0,0.0,0.0,0.0,0.0,0.0,0.0,0.0,0.0,0.0,0.0,0.0,0.0,0,-107875648.0,53,0.0,106,-107614832.0,2.7006707062415038e+23,ERR,ERR,ERR,ERR,ERR,ERR,ERR,ERR,ERR,ERR,ERR,ERR,ERR,ERR,ERR,ERR,ERR,ERR,ERR,ERR,ERR,ERR,ERR,ERR,ERR,ERR,ERR,ERR,ERR,ERR,ERR,ERR,ERR,ERR,ERR,ERR,ERR,ERR,ERR,ERR,ERR,ERR,ERR,ERR,ERR,ERR,ERR,ERR,ERR,ERR,ERR,ERR,ERR,ERR,ERR,ERR,ERR,ERR,ERR,ERR,ERR,ERR,ERR,ERR,ERR,ERR,ERR,50.0,60.0,100,0.0,0.0,0.0,0.0,0.0,0.0,0.0,0.0,0.0,0.0,0.0,0.0,0.0,0.0,0.0,0.0,61.6,64,20,65521,50,65476,0,300,0,0,8,20529,65476,0,0,26214,60.0,0.0,0.0,0.0,0.0,0.0
2026-05-17T16:34:55,ERR,ERR,ERR,ERR,ERR,ERR,ERR,ERR,ERR,ERR,ERR,ERR,ERR,ERR,ERR,ERR,ERR,ERR,ERR,ERR,ERR,ERR,ERR,ERR,ERR,ERR,ERR,ERR,ERR,ERR,ERR,ERR,ERR,ERR,ERR,ERR,ERR,ERR,ERR,ERR,ERR,ERR,ERR,ERR,ERR,ERR,ERR,ERR,ERR,ERR,ERR,ERR,ERR,ERR,ERR,ERR,ERR,ERR,ERR,ERR,ERR,ERR,ERR,ERR,ERR,ERR,ERR,ERR,ERR,ERR,ERR,ERR,ERR,ERR,ERR,ERR,ERR,ERR,ERR,ERR,ERR,ERR,ERR,ERR,ERR,ERR,ERR,ERR,ERR,ERR,ERR,ERR,ERR,ERR,ERR,ERR,ERR,ERR,ERR,ERR,ERR,ERR,ERR,ERR,ERR,ERR,ERR,ERR,ERR,ERR,ERR,ERR,ERR,ERR,ERR,ERR,ERR,ERR,ERR,ERR,ERR,ERR,ERR,ERR,ERR,0.0,0.0,-134474944.0,0.0,0.0,1.3936040501711995e+18,7.805,0.0,0,0,4,0,8422,0.0,45,0.0,0.0,0.0,0.0,0.0,0,0,0,0,0.0,0,0,0,0,0,0,0,0,0,0,0,0,0,0,0,0,0,0,0,0,0,0,0,0,0,0,0,0,0,0,0,0,0,38,14,7,45,65476,0,300,0,0,8,21553,0.0,-107605600.0,0.0,0.0,0.0,0.0,0.0,0.0,0.0,0.0,0.0,0.0,0.0,0.0,0.0,0.0,0.0,0.0,0.0,0.0,0.0,0.0,0.0,-2.004,-2.004,2.004,0.0,0.0,0.0,0.0,5040.0,-0.0,0.0,0.0,-107615288.0,0.0,-107615304.0,0.0,0.0,0.0,0.0,53,1.9056979486756045e+17,-4.950401904804668e+32,0.0,0.0,0.0,0.0,0.0,0.0,0.0,0,0,0,0.0,0.0,0.0,0.0,0.0,0.0,0.0,0.0,0.0,0.0,0.0,0.0,0.0,0.0,0.0,0.0,0,-107875648.0,53,0.0,106,-107614832.0,2.7006707062415038e+23,ERR,ERR,ERR,ERR,ERR,ERR,ERR,ERR,ERR,ERR,ERR,ERR,ERR,ERR,ERR,ERR,ERR,ERR,ERR,ERR,ERR,ERR,ERR,ERR,ERR,ERR,ERR,ERR,ERR,ERR,ERR,ERR,ERR,ERR,ERR,ERR,ERR,ERR,ERR,ERR,ERR,ERR,ERR,ERR,ERR,ERR,ERR,ERR,ERR,ERR,ERR,ERR,ERR,ERR,ERR,ERR,ERR,ERR,ERR,ERR,ERR,ERR,ERR,ERR,ERR,ERR,ERR,50.0,60.0,100,0.0,0.0,0.0,0.0,0.0,0.0,0.0,0.0,0.0,0.0,0.0,0.0,0.0,0.0,0.0,0.0,61.6,64,20,65521,50,65476,0,300,0,0,8,20529,65476,0,0,26214,60.0,0.0,0.0,0.0,0.0,0.0
2026-05-17T16:34:56,ERR,ERR,ERR,ERR,ERR,ERR,ERR,ERR,ERR,ERR,ERR,ERR,ERR,ERR,ERR,ERR,ERR,ERR,ERR,ERR,ERR,ERR,ERR,ERR,ERR,ERR,ERR,ERR,ERR,ERR,ERR,ERR,ERR,ERR,ERR,ERR,ERR,ERR,ERR,ERR,ERR,ERR,ERR,ERR,ERR,ERR,ERR,ERR,ERR,ERR,ERR,ERR,ERR,ERR,ERR,ERR,ERR,ERR,ERR,ERR,ERR,ERR,ERR,ERR,ERR,ERR,ERR,ERR,ERR,ERR,ERR,ERR,ERR,ERR,ERR,ERR,ERR,ERR,ERR,ERR,ERR,ERR,ERR,ERR,ERR,ERR,ERR,ERR,ERR,ERR,ERR,ERR,ERR,ERR,ERR,ERR,ERR,ERR,ERR,ERR,ERR,ERR,ERR,ERR,ERR,ERR,ERR,ERR,ERR,ERR,ERR,ERR,ERR,ERR,ERR,ERR,ERR,ERR,ERR,ERR,ERR,ERR,ERR,ERR,ERR,0.0,-107615288.0,-0.0,0.0,0.0,1.3936040501711995e+18,7.805,0.0,0,0,4,0,8422,0.0,45,0.0,0.0,0.0,0.0,0.0,0,0,0,0,0.0,0,0,0,0,0,0,0,0,0,0,0,0,0,0,0,0,0,0,0,0,0,0,0,0,0,0,0,0,0,0,0,0,0,38,14,7,45,65476,0,300,0,0,8,21553,0.0,-107605600.0,0.0,0.0,0.0,0.0,0.0,0.0,0.0,0.0,0.0,0.0,0.0,0.0,-2.596148429267414e+33,0.0,0.0,0.0,0.0,0.0,0.0,0.0,0.0,0.0,-2.004,2.004,0.0,0.0,0.0,0.0,5038.0,-0.0,0.0,0.0,-107615288.0,0.0,-0.0,0.0,0.0,0.0,0.0,53,1.9056979486756045e+17,-107614792.0,0.0,0.0,0.0,0.0,0.0,0.0,0.0,0,0,0,0.0,0.0,0.0,0.0,0.0,0.0,0.0,0.0,0.0,0.0,0.0,0.0,0.0,0.0,0.0,0.0,0,-107875648.0,53,0.0,106,-107614832.0,2.7006707062415038e+23,ERR,ERR,ERR,ERR,ERR,ERR,ERR,ERR,ERR,ERR,ERR,ERR,ERR,ERR,ERR,ERR,ERR,ERR,ERR,ERR,ERR,ERR,ERR,ERR,ERR,ERR,ERR,ERR,ERR,ERR,ERR,ERR,ERR,ERR,ERR,ERR,ERR,ERR,ERR,ERR,ERR,ERR,ERR,ERR,ERR,ERR,ERR,ERR,ERR,ERR,ERR,ERR,ERR,ERR,ERR,ERR,ERR,ERR,ERR,ERR,ERR,ERR,ERR,ERR,ERR,ERR,ERR,50.0,60.0,100,0.0,0.0,0.0,0.0,0.0,0.0,0.0,0.0,0.0,0.0,0.0,0.0,0.0,0.0,0.0,0.0,61.6,64,20,65521,50,65476,0,300,0,0,8,20529,65476,0,0,26214,60.0,0.0,0.0,0.0,0.0,0.0
2026-05-17T16:34:57,ERR,ERR,ERR,ERR,ERR,ERR,ERR,ERR,ERR,ERR,ERR,ERR,ERR,ERR,ERR,ERR,ERR,ERR,ERR,ERR,ERR,ERR,ERR,ERR,ERR,ERR,ERR,ERR,ERR,ERR,ERR,ERR,ERR,ERR,ERR,ERR,ERR,ERR,ERR,ERR,ERR,ERR,ERR,ERR,ERR,ERR,ERR,ERR,ERR,ERR,ERR,ERR,ERR,ERR,ERR,ERR,ERR,ERR,ERR,ERR,ERR,ERR,ERR,ERR,ERR,ERR,ERR,ERR,ERR,ERR,ERR,ERR,ERR,ERR,ERR,ERR,ERR,ERR,ERR,ERR,ERR,ERR,ERR,ERR,ERR,ERR,ERR,ERR,ERR,ERR,ERR,ERR,ERR,ERR,ERR,ERR,ERR,ERR,ERR,ERR,ERR,ERR,ERR,ERR,ERR,ERR,ERR,ERR,ERR,ERR,ERR,ERR,ERR,ERR,ERR,ERR,ERR,ERR,ERR,ERR,ERR,ERR,ERR,ERR,ERR,0.0,-107615288.0,-0.0,0.0,0.0,1.3936040501711995e+18,7.805,0.0,0,0,4,0,8422,0.0,45,0.0,0.0,0.0,0.0,0.0,0,0,0,0,0.0,0,0,0,0,0,0,0,0,0,0,0,0,0,0,0,0,0,0,0,0,0,0,0,0,0,0,0,0,0,0,0,0,0,38,14,7,45,65476,0,300,0,0,8,21553,0.0,-107605600.0,0.0,0.0,0.0,0.0,0.0,0.0,0.0,0.0,0.0,0.0,0.0,0.0,-2.596148429267414e+33,0.0,0.0,0.0,0.0,0.0,0.0,0.0,0.0,0.0,-2.004,2.004,0.0,0.0,0.0,0.0,5038.0,-0.0,0.0,0.0,-107615288.0,0.0,-0.0,0.0,0.0,0.0,0.0,53,1.9056979486756045e+17,-107614792.0,0.0,0.0,0.0,0.0,0.0,0.0,0.0,0,0,0,0.0,0.0,0.0,0.0,0.0,0.0,0.0,0.0,0.0,0.0,0.0,0.0,0.0,0.0,0.0,0.0,0,-107875648.0,53,0.0,106,-107614832.0,2.7006707062415038e+23,ERR,ERR,ERR,ERR,ERR,ERR,ERR,ERR,ERR,ERR,ERR,ERR,ERR,ERR,ERR,ERR,ERR,ERR,ERR,ERR,ERR,ERR,ERR,ERR,ERR,ERR,ERR,ERR,ERR,ERR,ERR,ERR,ERR,ERR,ERR,ERR,ERR,ERR,ERR,ERR,ERR,ERR,ERR,ERR,ERR,ERR,ERR,ERR,ERR,ERR,ERR,ERR,ERR,ERR,ERR,ERR,ERR,ERR,ERR,ERR,ERR,ERR,ERR,ERR,ERR,ERR,ERR,50.0,60.0,100,0.0,0.0,0.0,0.0,0.0,0.0,0.0,0.0,0.0,0.0,0.0,0.0,0.0,0.0,0.0,0.0,61.6,64,20,65521,50,65476,0,300,0,0,8,20529,65476,0,0,26214,60.0,0.0,0.0,0.0,0.0,0.0
2026-05-17T16:34:58,ERR,ERR,ERR,ERR,ERR,ERR,ERR,ERR,ERR,ERR,ERR,ERR,ERR,ERR,ERR,ERR,ERR,ERR,ERR,ERR,ERR,ERR,ERR,ERR,ERR,ERR,ERR,ERR,ERR,ERR,ERR,ERR,ERR,ERR,ERR,ERR,ERR,ERR,ERR,ERR,ERR,ERR,ERR,ERR,ERR,ERR,ERR,ERR,ERR,ERR,ERR,ERR,ERR,ERR,ERR,ERR,ERR,ERR,ERR,ERR,ERR,ERR,ERR,ERR,ERR,ERR,ERR,ERR,ERR,ERR,ERR,ERR,ERR,ERR,ERR,ERR,ERR,ERR,ERR,ERR,ERR,ERR,ERR,ERR,ERR,ERR,ERR,ERR,ERR,ERR,ERR,ERR,ERR,ERR,ERR,ERR,ERR,ERR,ERR,ERR,ERR,ERR,ERR,ERR,ERR,ERR,ERR,ERR,ERR,ERR,ERR,ERR,ERR,ERR,ERR,ERR,ERR,ERR,ERR,ERR,ERR,ERR,ERR,ERR,ERR,0.0,-107615288.0,-0.0,0.0,0.0,1.3936040501711995e+18,7.805,0.0,0,0,4,0,8422,0.0,45,0.0,0.0,0.0,0.0,0.0,0,0,0,0,0.0,0,0,0,0,0,0,0,0,0,0,0,0,0,0,0,0,0,0,0,0,0,0,0,0,0,0,0,0,0,0,0,0,0,38,14,7,45,65476,0,300,0,0,8,21553,0.0,-107605600.0,0.0,0.0,0.0,0.0,0.0,0.0,0.0,0.0,0.0,0.0,0.0,0.0,-2.596148429267414e+33,0.0,0.0,0.0,0.0,0.0,0.0,0.0,0.0,0.0,-2.004,2.004,0.0,0.0,0.0,0.0,5038.0,-0.0,0.0,0.0,-107615288.0,0.0,-0.0,0.0,0.0,0.0,0.0,53,1.9056979486756045e+17,-107614792.0,0.0,0.0,0.0,0.0,0.0,0.0,0.0,0,0,0,0.0,0.0,0.0,0.0,0.0,0.0,0.0,0.0,0.0,0.0,0.0,0.0,0.0,0.0,0.0,0.0,0,-107875648.0,53,0.0,106,-107614832.0,2.7006707062415038e+23,ERR,ERR,ERR,ERR,ERR,ERR,ERR,ERR,ERR,ERR,ERR,ERR,ERR,ERR,ERR,ERR,ERR,ERR,ERR,ERR,ERR,ERR,ERR,ERR,ERR,ERR,ERR,ERR,ERR,ERR,ERR,ERR,ERR,ERR,ERR,ERR,ERR,ERR,ERR,ERR,ERR,ERR,ERR,ERR,ERR,ERR,ERR,ERR,ERR,ERR,ERR,ERR,ERR,ERR,ERR,ERR,ERR,ERR,ERR,ERR,ERR,ERR,ERR,ERR,ERR,ERR,ERR,50.0,60.0,100,0.0,0.0,0.0,0.0,0.0,0.0,0.0,0.0,0.0,0.0,0.0,0.0,0.0,0.0,0.0,0.0,61.6,64,20,65521,50,65476,0,300,0,0,8,20529,65476,0,0,26214,60.0,0.0,0.0,0.0,0.0,0.0
2026-05-17T16:34:59,ERR,ERR,ERR,ERR,ERR,ERR,ERR,ERR,ERR,ERR,ERR,ERR,ERR,ERR,ERR,ERR,ERR,ERR,ERR,ERR,ERR,ERR,ERR,ERR,ERR,ERR,ERR,ERR,ERR,ERR,ERR,ERR,ERR,ERR,ERR,ERR,ERR,ERR,ERR,ERR,ERR,ERR,ERR,ERR,ERR,ERR,ERR,ERR,ERR,ERR,ERR,ERR,ERR,ERR,ERR,ERR,ERR,ERR,ERR,ERR,ERR,ERR,ERR,ERR,ERR,ERR,ERR,ERR,ERR,ERR,ERR,ERR,ERR,ERR,ERR,ERR,ERR,ERR,ERR,ERR,ERR,ERR,ERR,ERR,ERR,ERR,ERR,ERR,ERR,ERR,ERR,ERR,ERR,ERR,ERR,ERR,ERR,ERR,ERR,ERR,ERR,ERR,ERR,ERR,ERR,ERR,ERR,ERR,ERR,ERR,ERR,ERR,ERR,ERR,ERR,ERR,ERR,ERR,ERR,ERR,ERR,ERR,ERR,ERR,ERR,0.0,-107615288.0,-0.0,0.0,0.0,1.3936040501711995e+18,7.805,0.0,0,0,4,0,8422,0.0,45,0.0,0.0,0.0,0.0,0.0,0,0,0,0,0.0,0,0,0,0,0,0,0,0,0,0,0,0,0,0,0,0,0,0,0,0,0,0,0,0,0,0,0,0,0,0,0,0,0,38,14,7,45,65476,0,300,0,0,8,21553,0.0,-107605600.0,0.0,0.0,0.0,0.0,0.0,0.0,0.0,0.0,0.0,0.0,0.0,0.0,-2.596148429267414e+33,0.0,0.0,0.0,0.0,0.0,0.0,0.0,0.0,0.0,-2.004,2.004,0.0,0.0,0.0,0.0,5038.0,-0.0,0.0,0.0,-107615288.0,0.0,-0.0,0.0,0.0,0.0,0.0,53,1.9056979486756045e+17,-107614792.0,0.0,0.0,0.0,0.0,0.0,0.0,0.0,0,0,0,0.0,0.0,0.0,0.0,0.0,0.0,0.0,0.0,0.0,0.0,0.0,0.0,0.0,0.0,0.0,0.0,0,-107875648.0,53,0.0,106,-107614832.0,2.7006707062415038e+23,ERR,ERR,ERR,ERR,ERR,ERR,ERR,ERR,ERR,ERR,ERR,ERR,ERR,ERR,ERR,ERR,ERR,ERR,ERR,ERR,ERR,ERR,ERR,ERR,ERR,ERR,ERR,ERR,ERR,ERR,ERR,ERR,ERR,ERR,ERR,ERR,ERR,ERR,ERR,ERR,ERR,ERR,ERR,ERR,ERR,ERR,ERR,ERR,ERR,ERR,ERR,ERR,ERR,ERR,ERR,ERR,ERR,ERR,ERR,ERR,ERR,ERR,ERR,ERR,ERR,ERR,ERR,50.0,60.0,100,0.0,0.0,0.0,0.0,0.0,0.0,0.0,0.0,0.0,0.0,0.0,0.0,0.0,0.0,0.0,0.0,61.6,64,20,65521,50,65476,0,300,0,0,8,20529,65476,0,0,26214,60.0,0.0,0.0,0.0,0.0,0.0
2026-05-17T16:35:00,ERR,ERR,ERR,ERR,ERR,ERR,ERR,ERR,ERR,ERR,ERR,ERR,ERR,ERR,ERR,ERR,ERR,ERR,ERR,ERR,ERR,ERR,ERR,ERR,ERR,ERR,ERR,ERR,ERR,ERR,ERR,ERR,ERR,ERR,ERR,ERR,ERR,ERR,ERR,ERR,ERR,ERR,ERR,ERR,ERR,ERR,ERR,ERR,ERR,ERR,ERR,ERR,ERR,ERR,ERR,ERR,ERR,ERR,ERR,ERR,ERR,ERR,ERR,ERR,ERR,ERR,ERR,ERR,ERR,ERR,ERR,ERR,ERR,ERR,ERR,ERR,ERR,ERR,ERR,ERR,ERR,ERR,ERR,ERR,ERR,ERR,ERR,ERR,ERR,ERR,ERR,ERR,ERR,ERR,ERR,ERR,ERR,ERR,ERR,ERR,ERR,ERR,ERR,ERR,ERR,ERR,ERR,ERR,ERR,ERR,ERR,ERR,ERR,ERR,ERR,ERR,ERR,ERR,ERR,ERR,ERR,ERR,ERR,ERR,ERR,0.0,-107615288.0,-0.0,0.0,0.0,1.3936040501711995e+18,7.805,0.0,0,0,4,0,8422,0.0,45,0.0,0.0,0.0,0.0,0.0,0,0,0,0,0.0,0,0,0,0,0,0,0,0,0,0,0,0,0,0,0,0,0,0,0,0,0,0,0,0,0,0,0,0,0,0,0,0,0,38,14,7,45,65476,0,300,0,0,8,21553,0.0,-107605600.0,0.0,0.0,0.0,0.0,0.0,0.0,0.0,0.0,0.0,0.0,0.0,0.0,-2.596148429267414e+33,0.0,0.0,0.0,0.0,0.0,0.0,0.0,0.0,0.0,-2.004,2.004,0.0,0.0,0.0,0.0,5038.0,-0.0,0.0,0.0,-107615288.0,0.0,-0.0,0.0,0.0,0.0,0.0,53,1.9056979486756045e+17,-107614792.0,0.0,0.0,0.0,0.0,0.0,0.0,0.0,0,0,0,0.0,0.0,0.0,0.0,0.0,0.0,0.0,0.0,0.0,0.0,0.0,0.0,0.0,0.0,0.0,0.0,0,-107875648.0,53,0.0,106,-107614832.0,2.7006707062415038e+23,ERR,ERR,ERR,ERR,ERR,ERR,ERR,ERR,ERR,ERR,ERR,ERR,ERR,ERR,ERR,ERR,ERR,ERR,ERR,ERR,ERR,ERR,ERR,ERR,ERR,ERR,ERR,ERR,ERR,ERR,ERR,ERR,ERR,ERR,ERR,ERR,ERR,ERR,ERR,ERR,ERR,ERR,ERR,ERR,ERR,ERR,ERR,ERR,ERR,ERR,ERR,ERR,ERR,ERR,ERR,ERR,ERR,ERR,ERR,ERR,ERR,ERR,ERR,ERR,ERR,ERR,ERR,50.0,60.0,100,0.0,0.0,0.0,0.0,0.0,0.0,0.0,0.0,0.0,0.0,0.0,0.0,0.0,0.0,0.0,0.0,61.6,64,20,65521,50,65476,0,300,0,0,8,20529,65476,0,0,26214,60.0,0.0,0.0,0.0,0.0,0.0
2026-05-17T16:35:01,ERR,ERR,ERR,ERR,ERR,ERR,ERR,ERR,ERR,ERR,ERR,ERR,ERR,ERR,ERR,ERR,ERR,ERR,ERR,ERR,ERR,ERR,ERR,ERR,ERR,ERR,ERR,ERR,ERR,ERR,ERR,ERR,ERR,ERR,ERR,ERR,ERR,ERR,ERR,ERR,ERR,ERR,ERR,ERR,ERR,ERR,ERR,ERR,ERR,ERR,ERR,ERR,ERR,ERR,ERR,ERR,ERR,ERR,ERR,ERR,ERR,ERR,ERR,ERR,ERR,ERR,ERR,ERR,ERR,ERR,ERR,ERR,ERR,ERR,ERR,ERR,ERR,ERR,ERR,ERR,ERR,ERR,ERR,ERR,ERR,ERR,ERR,ERR,ERR,ERR,ERR,ERR,ERR,ERR,ERR,ERR,ERR,ERR,ERR,ERR,ERR,ERR,ERR,ERR,ERR,ERR,ERR,ERR,ERR,ERR,ERR,ERR,ERR,ERR,ERR,ERR,ERR,ERR,ERR,ERR,ERR,ERR,ERR,ERR,ERR,0.0,-107615288.0,-0.0,0.0,0.0,1.3936040501711995e+18,7.805,0.0,0,0,4,0,8422,0.0,45,0.0,0.0,0.0,0.0,0.0,0,0,0,0,0.0,0,0,0,0,0,0,0,0,0,0,0,0,0,0,0,0,0,0,0,0,0,0,0,0,0,0,0,0,0,0,0,0,0,38,14,7,45,65476,0,300,0,0,8,21553,0.0,-107605600.0,0.0,0.0,0.0,0.0,0.0,0.0,0.0,0.0,0.0,0.0,0.0,0.0,-2.596148429267414e+33,0.0,0.0,0.0,0.0,0.0,0.0,0.0,0.0,0.0,-2.004,2.004,0.0,0.0,0.0,0.0,5038.0,-0.0,0.0,0.0,-107615288.0,0.0,-0.0,0.0,0.0,0.0,0.0,53,1.9056979486756045e+17,-107614792.0,0.0,0.0,0.0,0.0,0.0,0.0,0.0,0,0,0,0.0,0.0,0.0,0.0,0.0,0.0,0.0,0.0,0.0,0.0,0.0,0.0,0.0,0.0,0.0,0.0,0,-107875648.0,53,0.0,106,-107614832.0,2.7006707062415038e+23,ERR,ERR,ERR,ERR,ERR,ERR,ERR,ERR,ERR,ERR,ERR,ERR,ERR,ERR,ERR,ERR,ERR,ERR,ERR,ERR,ERR,ERR,ERR,ERR,ERR,ERR,ERR,ERR,ERR,ERR,ERR,ERR,ERR,ERR,ERR,ERR,ERR,ERR,ERR,ERR,ERR,ERR,ERR,ERR,ERR,ERR,ERR,ERR,ERR,ERR,ERR,ERR,ERR,ERR,ERR,ERR,ERR,ERR,ERR,ERR,ERR,ERR,ERR,ERR,ERR,ERR,ERR,50.0,60.0,100,0.0,0.0,0.0,0.0,0.0,0.0,0.0,0.0,0.0,0.0,0.0,0.0,0.0,0.0,0.0,0.0,62.0,64,20,65521,50,65476,0,300,0,0,8,20529,65476,0,0,26214,60.0,0.0,0.0,0.0,0.0,0.0
2026-05-17T16:35:02,ERR,ERR,ERR,ERR,ERR,ERR,ERR,ERR,ERR,ERR,ERR,ERR,ERR,ERR,ERR,ERR,ERR,ERR,ERR,ERR,ERR,ERR,ERR,ERR,ERR,ERR,ERR,ERR,ERR,ERR,ERR,ERR,ERR,ERR,ERR,ERR,ERR,ERR,ERR,ERR,ERR,ERR,ERR,ERR,ERR,ERR,ERR,ERR,ERR,ERR,ERR,ERR,ERR,ERR,ERR,ERR,ERR,ERR,ERR,ERR,ERR,ERR,ERR,ERR,ERR,ERR,ERR,ERR,ERR,ERR,ERR,ERR,ERR,ERR,ERR,ERR,ERR,ERR,ERR,ERR,ERR,ERR,ERR,ERR,ERR,ERR,ERR,ERR,ERR,ERR,ERR,ERR,ERR,ERR,ERR,ERR,ERR,ERR,ERR,ERR,ERR,ERR,ERR,ERR,ERR,ERR,ERR,ERR,ERR,ERR,ERR,ERR,ERR,ERR,ERR,ERR,ERR,ERR,ERR,ERR,ERR,ERR,ERR,ERR,ERR,0.0,0.0,-134474944.0,0.0,0.0,1.3936040501711995e+18,7.805,0.0,0,0,4,0,8422,0.0,45,0.0,0.0,0.0,0.0,0.0,0,0,0,0,0.0,0,0,0,0,0,0,0,0,0,0,0,0,0,0,0,0,0,0,0,0,0,0,0,0,0,0,0,0,0,0,0,0,0,38,14,7,45,65476,0,300,0,0,8,21553,0.0,-107605600.0,0.0,0.0,0.0,0.0,0.0,0.0,0.0,0.0,0.0,0.0,0.0,0.0,0.0,0.0,0.0,0.0,0.0,0.0,0.0,0.0,0.0,0.0,-2.004,0.0,0.0,0.0,0.0,0.0,5043.0,1.5879295420089355e+29,0.0,0.0,-107615288.0,0.0,-0.0,0.0,0.0,0.0,0.0,53,4.066880103266858e+29,-0.0,0.0,0.0,0.0,0.0,0.0,0.0,0.0,0,0,0,0.0,0.0,0.0,0.0,0.0,0.0,0.0,0.0,0.0,0.0,0.0,0.0,0.0,0.0,0.0,0.0,0,-107875648.0,53,0.0,106,-107614832.0,-107350944.0,ERR,ERR,ERR,ERR,ERR,ERR,ERR,ERR,ERR,ERR,ERR,ERR,ERR,ERR,ERR,ERR,ERR,ERR,ERR,ERR,ERR,ERR,ERR,ERR,ERR,ERR,ERR,ERR,ERR,ERR,ERR,ERR,ERR,ERR,ERR,ERR,ERR,ERR,ERR,ERR,ERR,ERR,ERR,ERR,ERR,ERR,ERR,ERR,ERR,ERR,ERR,ERR,ERR,ERR,ERR,ERR,ERR,ERR,ERR,ERR,ERR,ERR,ERR,ERR,ERR,ERR,ERR,50.0,60.0,100,0.0,0.0,0.0,0.0,0.0,0.0,0.0,0.0,0.0,0.0,0.0,0.0,0.0,0.0,0.0,0.0,62.0,64,20,65521,50,65476,0,300,0,0,8,20529,65476,0,0,26214,60.0,0.0,0.0,0.0,0.0,0.0
2026-05-17T16:35:03,ERR,ERR,ERR,ERR,ERR,ERR,ERR,ERR,ERR,ERR,ERR,ERR,ERR,ERR,ERR,ERR,ERR,ERR,ERR,ERR,ERR,ERR,ERR,ERR,ERR,ERR,ERR,ERR,ERR,ERR,ERR,ERR,ERR,ERR,ERR,ERR,ERR,ERR,ERR,ERR,ERR,ERR,ERR,ERR,ERR,ERR,ERR,ERR,ERR,ERR,ERR,ERR,ERR,ERR,ERR,ERR,ERR,ERR,ERR,ERR,ERR,ERR,ERR,ERR,ERR,ERR,ERR,ERR,ERR,ERR,ERR,ERR,ERR,ERR,ERR,ERR,ERR,ERR,ERR,ERR,ERR,ERR,ERR,ERR,ERR,ERR,ERR,ERR,ERR,ERR,ERR,ERR,ERR,ERR,ERR,ERR,ERR,ERR,ERR,ERR,ERR,ERR,ERR,ERR,ERR,ERR,ERR,ERR,ERR,ERR,ERR,ERR,ERR,ERR,ERR,ERR,ERR,ERR,ERR,ERR,ERR,ERR,ERR,ERR,ERR,0.0,0.0,-134474944.0,0.0,0.0,1.3936040501711995e+18,7.805,0.0,0,0,4,0,8422,0.0,45,0.0,0.0,0.0,0.0,0.0,0,0,0,0,0.0,0,0,0,0,0,0,0,0,0,0,0,0,0,0,0,0,0,0,0,0,0,0,0,0,0,0,0,0,0,0,0,0,0,38,14,7,45,65476,0,300,0,0,8,21553,0.0,-107605600.0,0.0,0.0,0.0,0.0,0.0,0.0,0.0,0.0,0.0,0.0,0.0,0.0,0.0,0.0,0.0,0.0,0.0,0.0,0.0,0.0,0.0,0.0,-2.004,0.0,0.0,0.0,0.0,0.0,5043.0,1.5879295420089355e+29,0.0,0.0,-107615288.0,0.0,-0.0,0.0,0.0,0.0,0.0,53,4.066880103266858e+29,-0.0,0.0,0.0,0.0,0.0,0.0,0.0,0.0,0,0,0,0.0,0.0,0.0,0.0,0.0,0.0,0.0,0.0,0.0,0.0,0.0,0.0,0.0,0.0,0.0,0.0,0,-107875648.0,53,0.0,106,-107614832.0,-107350944.0,ERR,ERR,ERR,ERR,ERR,ERR,ERR,ERR,ERR,ERR,ERR,ERR,ERR,ERR,ERR,ERR,ERR,ERR,ERR,ERR,ERR,ERR,ERR,ERR,ERR,ERR,ERR,ERR,ERR,ERR,ERR,ERR,ERR,ERR,ERR,ERR,ERR,ERR,ERR,ERR,ERR,ERR,ERR,ERR,ERR,ERR,ERR,ERR,ERR,ERR,ERR,ERR,ERR,ERR,ERR,ERR,ERR,ERR,ERR,ERR,ERR,ERR,ERR,ERR,ERR,ERR,ERR,50.0,60.0,100,0.0,0.0,0.0,0.0,0.0,0.0,0.0,0.0,0.0,0.0,0.0,0.0,0.0,0.0,0.0,0.0,61.6,64,20,65521,50,65476,0,300,0,0,8,20529,65476,0,0,26214,60.0,0.0,0.0,0.0,0.0,0.0
2026-05-17T16:35:04,ERR,ERR,ERR,ERR,ERR,ERR,ERR,ERR,ERR,ERR,ERR,ERR,ERR,ERR,ERR,ERR,ERR,ERR,ERR,ERR,ERR,ERR,ERR,ERR,ERR,ERR,ERR,ERR,ERR,ERR,ERR,ERR,ERR,ERR,ERR,ERR,ERR,ERR,ERR,ERR,ERR,ERR,ERR,ERR,ERR,ERR,ERR,ERR,ERR,ERR,ERR,ERR,ERR,ERR,ERR,ERR,ERR,ERR,ERR,ERR,ERR,ERR,ERR,ERR,ERR,ERR,ERR,ERR,ERR,ERR,ERR,ERR,ERR,ERR,ERR,ERR,ERR,ERR,ERR,ERR,ERR,ERR,ERR,ERR,ERR,ERR,ERR,ERR,ERR,ERR,ERR,ERR,ERR,ERR,ERR,ERR,ERR,ERR,ERR,ERR,ERR,ERR,ERR,ERR,ERR,ERR,ERR,ERR,ERR,ERR,ERR,ERR,ERR,ERR,ERR,ERR,ERR,ERR,ERR,ERR,ERR,ERR,ERR,ERR,ERR,0.0,0.0,-134474944.0,0.0,0.0,1.3936040501711995e+18,7.805,0.0,0,0,4,0,8422,0.0,45,0.0,0.0,0.0,0.0,0.0,0,0,0,0,0.0,0,0,0,0,0,0,0,0,0,0,0,0,0,0,0,0,0,0,0,0,0,0,0,0,0,0,0,0,0,0,0,0,0,38,14,7,45,65476,0,300,0,0,8,21553,0.0,-107605600.0,0.0,0.0,0.0,0.0,0.0,0.0,0.0,0.0,0.0,0.0,0.0,0.0,0.0,0.0,0.0,0.0,0.0,0.0,0.0,0.0,0.0,0.0,-2.004,0.0,0.0,0.0,0.0,0.0,5043.0,1.5879295420089355e+29,0.0,0.0,-107615288.0,0.0,-0.0,0.0,0.0,0.0,0.0,53,4.066880103266858e+29,-0.0,0.0,0.0,0.0,0.0,0.0,0.0,0.0,0,0,0,0.0,0.0,0.0,0.0,0.0,0.0,0.0,0.0,0.0,0.0,0.0,0.0,0.0,0.0,0.0,0.0,0,-107875648.0,53,0.0,106,-107614832.0,-107350944.0,ERR,ERR,ERR,ERR,ERR,ERR,ERR,ERR,ERR,ERR,ERR,ERR,ERR,ERR,ERR,ERR,ERR,ERR,ERR,ERR,ERR,ERR,ERR,ERR,ERR,ERR,ERR,ERR,ERR,ERR,ERR,ERR,ERR,ERR,ERR,ERR,ERR,ERR,ERR,ERR,ERR,ERR,ERR,ERR,ERR,ERR,ERR,ERR,ERR,ERR,ERR,ERR,ERR,ERR,ERR,ERR,ERR,ERR,ERR,ERR,ERR,ERR,ERR,ERR,ERR,ERR,ERR,50.0,60.0,100,0.0,0.0,0.0,0.0,0.0,0.0,0.0,0.0,0.0,0.0,0.0,0.0,0.0,0.0,0.0,0.0,61.6,64,20,65521,50,65476,0,300,0,0,8,20529,65476,0,0,26214,60.0,0.0,0.0,0.0,0.0,0.0
2026-05-17T16:35:05,ERR,ERR,ERR,ERR,ERR,ERR,ERR,ERR,ERR,ERR,ERR,ERR,ERR,ERR,ERR,ERR,ERR,ERR,ERR,ERR,ERR,ERR,ERR,ERR,ERR,ERR,ERR,ERR,ERR,ERR,ERR,ERR,ERR,ERR,ERR,ERR,ERR,ERR,ERR,ERR,ERR,ERR,ERR,ERR,ERR,ERR,ERR,ERR,ERR,ERR,ERR,ERR,ERR,ERR,ERR,ERR,ERR,ERR,ERR,ERR,ERR,ERR,ERR,ERR,ERR,ERR,ERR,ERR,ERR,ERR,ERR,ERR,ERR,ERR,ERR,ERR,ERR,ERR,ERR,ERR,ERR,ERR,ERR,ERR,ERR,ERR,ERR,ERR,ERR,ERR,ERR,ERR,ERR,ERR,ERR,ERR,ERR,ERR,ERR,ERR,ERR,ERR,ERR,ERR,ERR,ERR,ERR,ERR,ERR,ERR,ERR,ERR,ERR,ERR,ERR,ERR,ERR,ERR,ERR,ERR,ERR,ERR,ERR,ERR,ERR,0.0,0.0,-134474944.0,0.0,0.0,1.3936040501711995e+18,7.805,0.0,0,0,4,0,8422,0.0,45,0.0,0.0,0.0,0.0,0.0,0,0,0,0,0.0,0,0,0,0,0,0,0,0,0,0,0,0,0,0,0,0,0,0,0,0,0,0,0,0,0,0,0,0,0,0,0,0,0,38,14,7,45,65476,0,300,0,0,8,21553,0.0,-107605600.0,0.0,0.0,0.0,0.0,0.0,0.0,0.0,0.0,0.0,0.0,0.0,0.0,0.0,0.0,0.0,0.0,0.0,0.0,0.0,0.0,0.0,0.0,-2.004,0.0,0.0,0.0,0.0,0.0,5043.0,1.5879295420089355e+29,0.0,0.0,-107615288.0,0.0,-0.0,0.0,0.0,0.0,0.0,53,4.066880103266858e+29,-0.0,0.0,0.0,0.0,0.0,0.0,0.0,0.0,0,0,0,0.0,0.0,0.0,0.0,0.0,0.0,0.0,0.0,0.0,0.0,0.0,0.0,0.0,0.0,0.0,0.0,0,-107875648.0,53,0.0,106,-107614832.0,-107350944.0,ERR,ERR,ERR,ERR,ERR,ERR,ERR,ERR,ERR,ERR,ERR,ERR,ERR,ERR,ERR,ERR,ERR,ERR,ERR,ERR,ERR,ERR,ERR,ERR,ERR,ERR,ERR,ERR,ERR,ERR,ERR,ERR,ERR,ERR,ERR,ERR,ERR,ERR,ERR,ERR,ERR,ERR,ERR,ERR,ERR,ERR,ERR,ERR,ERR,ERR,ERR,ERR,ERR,ERR,ERR,ERR,ERR,ERR,ERR,ERR,ERR,ERR,ERR,ERR,ERR,ERR,ERR,50.0,60.0,100,0.0,0.0,0.0,0.0,0.0,0.0,0.0,0.0,0.0,0.0,0.0,0.0,0.0,0.0,0.0,0.0,62.0,64,20,65521,50,65476,0,300,0,0,8,20529,65476,0,0,26214,60.0,0.0,0.0,0.0,0.0,0.0
2026-05-17T16:35:06,ERR,ERR,ERR,ERR,ERR,ERR,ERR,ERR,ERR,ERR,ERR,ERR,ERR,ERR,ERR,ERR,ERR,ERR,ERR,ERR,ERR,ERR,ERR,ERR,ERR,ERR,ERR,ERR,ERR,ERR,ERR,ERR,ERR,ERR,ERR,ERR,ERR,ERR,ERR,ERR,ERR,ERR,ERR,ERR,ERR,ERR,ERR,ERR,ERR,ERR,ERR,ERR,ERR,ERR,ERR,ERR,ERR,ERR,ERR,ERR,ERR,ERR,ERR,ERR,ERR,ERR,ERR,ERR,ERR,ERR,ERR,ERR,ERR,ERR,ERR,ERR,ERR,ERR,ERR,ERR,ERR,ERR,ERR,ERR,ERR,ERR,ERR,ERR,ERR,ERR,ERR,ERR,ERR,ERR,ERR,ERR,ERR,ERR,ERR,ERR,ERR,ERR,ERR,ERR,ERR,ERR,ERR,ERR,ERR,ERR,ERR,ERR,ERR,ERR,ERR,ERR,ERR,ERR,ERR,ERR,ERR,ERR,ERR,ERR,ERR,0.0,0.0,-134474944.0,0.0,0.0,1.3936040501711995e+18,7.805,0.0,0,0,4,0,8422,0.0,45,0.0,0.0,0.0,0.0,0.0,0,0,0,0,0.0,0,0,0,0,0,0,0,0,0,0,0,0,0,0,0,0,0,0,0,0,0,0,0,0,0,0,0,0,0,0,0,0,0,38,14,7,45,65476,0,300,0,0,8,21553,0.0,-107605600.0,0.0,0.0,0.0,0.0,0.0,0.0,0.0,0.0,0.0,0.0,0.0,0.0,0.0,0.0,0.0,0.0,0.0,0.0,0.0,0.0,0.0,0.0,-2.004,0.0,0.0,0.0,0.0,0.0,5043.0,1.5879295420089355e+29,0.0,0.0,-107615288.0,0.0,-0.0,0.0,0.0,0.0,0.0,53,4.066880103266858e+29,-0.0,0.0,0.0,0.0,0.0,0.0,0.0,0.0,0,0,0,0.0,0.0,0.0,0.0,0.0,0.0,0.0,0.0,0.0,0.0,0.0,0.0,0.0,0.0,0.0,0.0,0,-107875648.0,53,0.0,106,-107614832.0,-107350944.0,ERR,ERR,ERR,ERR,ERR,ERR,ERR,ERR,ERR,ERR,ERR,ERR,ERR,ERR,ERR,ERR,ERR,ERR,ERR,ERR,ERR,ERR,ERR,ERR,ERR,ERR,ERR,ERR,ERR,ERR,ERR,ERR,ERR,ERR,ERR,ERR,ERR,ERR,ERR,ERR,ERR,ERR,ERR,ERR,ERR,ERR,ERR,ERR,ERR,ERR,ERR,ERR,ERR,ERR,ERR,ERR,ERR,ERR,ERR,ERR,ERR,ERR,ERR,ERR,ERR,ERR,ERR,50.0,60.0,100,0.0,0.0,0.0,0.0,0.0,0.0,0.0,0.0,0.0,0.0,0.0,0.0,0.0,0.0,0.0,0.0,62.0,64,20,65521,50,65476,0,300,0,0,8,20529,65476,0,0,26214,60.0,0.0,0.0,0.0,0.0,0.0
2026-05-17T16:35:07,ERR,ERR,ERR,ERR,ERR,ERR,ERR,ERR,ERR,ERR,ERR,ERR,ERR,ERR,ERR,ERR,ERR,ERR,ERR,ERR,ERR,ERR,ERR,ERR,ERR,ERR,ERR,ERR,ERR,ERR,ERR,ERR,ERR,ERR,ERR,ERR,ERR,ERR,ERR,ERR,ERR,ERR,ERR,ERR,ERR,ERR,ERR,ERR,ERR,ERR,ERR,ERR,ERR,ERR,ERR,ERR,ERR,ERR,ERR,ERR,ERR,ERR,ERR,ERR,ERR,ERR,ERR,ERR,ERR,ERR,ERR,ERR,ERR,ERR,ERR,ERR,ERR,ERR,ERR,ERR,ERR,ERR,ERR,ERR,ERR,ERR,ERR,ERR,ERR,ERR,ERR,ERR,ERR,ERR,ERR,ERR,ERR,ERR,ERR,ERR,ERR,ERR,ERR,ERR,ERR,ERR,ERR,ERR,ERR,ERR,ERR,ERR,ERR,ERR,ERR,ERR,ERR,ERR,ERR,ERR,ERR,ERR,ERR,ERR,ERR,0.0,-107615288.0,-0.0,0.0,0.0,1.3936040501711995e+18,7.805,0.0,0,0,4,0,8422,0.0,45,0.0,0.0,0.0,0.0,0.0,0,0,0,0,0.0,0,0,0,0,0,0,0,0,0,0,0,0,0,0,0,0,0,0,0,0,0,0,0,0,0,0,0,0,0,0,0,0,0,38,14,7,45,65476,0,300,0,0,8,21553,0.0,-107605600.0,0.0,0.0,0.0,0.0,0.0,0.0,0.0,0.0,0.0,0.0,0.0,0.0,0.0,0.0,0.0,0.0,0.0,0.0,0.0,0.0,0.0,-2.004,-2.004,2.004,0.0,0.0,0.0,0.0,5036.0,0.0,0.0,0.0,-107615288.0,0.0,-0.0,0.0,0.0,0.0,0.0,53,152018454839296.0,0.0,0.0,0.0,0.0,0.0,0.0,0.0,0.0,0,0,0,0.0,0.0,0.0,0.0,0.0,0.0,0.0,0.0,0.0,0.0,0.0,0.0,0.0,0.0,0.0,0.0,0,-107875648.0,53,0.0,106,-107614832.0,2.7006707062415038e+23,ERR,ERR,ERR,ERR,ERR,ERR,ERR,ERR,ERR,ERR,ERR,ERR,ERR,ERR,ERR,ERR,ERR,ERR,ERR,ERR,ERR,ERR,ERR,ERR,ERR,ERR,ERR,ERR,ERR,ERR,ERR,ERR,ERR,ERR,ERR,ERR,ERR,ERR,ERR,ERR,ERR,ERR,ERR,ERR,ERR,ERR,ERR,ERR,ERR,ERR,ERR,ERR,ERR,ERR,ERR,ERR,ERR,ERR,ERR,ERR,ERR,ERR,ERR,ERR,ERR,ERR,ERR,50.0,60.0,100,0.0,0.0,0.0,0.0,0.0,0.0,0.0,0.0,0.0,0.0,0.0,0.0,0.0,0.0,0.0,0.0,61.6,64,20,65521,50,65476,0,300,0,0,8,20529,65476,0,0,26214,60.0,0.0,0.0,0.0,0.0,0.0
2026-05-17T16:35:08,ERR,ERR,ERR,ERR,ERR,ERR,ERR,ERR,ERR,ERR,ERR,ERR,ERR,ERR,ERR,ERR,ERR,ERR,ERR,ERR,ERR,ERR,ERR,ERR,ERR,ERR,ERR,ERR,ERR,ERR,ERR,ERR,ERR,ERR,ERR,ERR,ERR,ERR,ERR,ERR,ERR,ERR,ERR,ERR,ERR,ERR,ERR,ERR,ERR,ERR,ERR,ERR,ERR,ERR,ERR,ERR,ERR,ERR,ERR,ERR,ERR,ERR,ERR,ERR,ERR,ERR,ERR,ERR,ERR,ERR,ERR,ERR,ERR,ERR,ERR,ERR,ERR,ERR,ERR,ERR,ERR,ERR,ERR,ERR,ERR,ERR,ERR,ERR,ERR,ERR,ERR,ERR,ERR,ERR,ERR,ERR,ERR,ERR,ERR,ERR,ERR,ERR,ERR,ERR,ERR,ERR,ERR,ERR,ERR,ERR,ERR,ERR,ERR,ERR,ERR,ERR,ERR,ERR,ERR,ERR,ERR,ERR,ERR,ERR,ERR,0.0,-107615288.0,-0.0,0.0,0.0,1.3936040501711995e+18,7.805,0.0,0,0,4,0,8422,0.0,45,0.0,0.0,0.0,0.0,0.0,0,0,0,0,0.0,0,0,0,0,0,0,0,0,0,0,0,0,0,0,0,0,0,0,0,0,0,0,0,0,0,0,0,0,0,0,0,0,0,38,14,7,45,65476,0,300,0,0,8,21553,0.0,-107605600.0,0.0,0.0,0.0,0.0,0.0,0.0,0.0,0.0,0.0,0.0,0.0,0.0,0.0,0.0,0.0,0.0,0.0,0.0,0.0,0.0,0.0,-2.004,-2.004,2.004,0.0,0.0,0.0,0.0,5036.0,0.0,0.0,0.0,-107615288.0,0.0,-0.0,0.0,0.0,0.0,0.0,53,152018454839296.0,0.0,0.0,0.0,0.0,0.0,0.0,0.0,0.0,0,0,0,0.0,0.0,0.0,0.0,0.0,0.0,0.0,0.0,0.0,0.0,0.0,0.0,0.0,0.0,0.0,0.0,0,-107875648.0,53,0.0,106,-107614832.0,2.7006707062415038e+23,ERR,ERR,ERR,ERR,ERR,ERR,ERR,ERR,ERR,ERR,ERR,ERR,ERR,ERR,ERR,ERR,ERR,ERR,ERR,ERR,ERR,ERR,ERR,ERR,ERR,ERR,ERR,ERR,ERR,ERR,ERR,ERR,ERR,ERR,ERR,ERR,ERR,ERR,ERR,ERR,ERR,ERR,ERR,ERR,ERR,ERR,ERR,ERR,ERR,ERR,ERR,ERR,ERR,ERR,ERR,ERR,ERR,ERR,ERR,ERR,ERR,ERR,ERR,ERR,ERR,ERR,ERR,50.0,60.0,100,0.0,0.0,0.0,0.0,0.0,0.0,0.0,0.0,0.0,0.0,0.0,0.0,0.0,0.0,0.0,0.0,61.6,64,20,65521,50,65476,0,300,0,0,8,20529,65476,0,0,26214,60.0,0.0,0.0,0.0,0.0,0.0
2026-05-17T16:35:09,ERR,ERR,ERR,ERR,ERR,ERR,ERR,ERR,ERR,ERR,ERR,ERR,ERR,ERR,ERR,ERR,ERR,ERR,ERR,ERR,ERR,ERR,ERR,ERR,ERR,ERR,ERR,ERR,ERR,ERR,ERR,ERR,ERR,ERR,ERR,ERR,ERR,ERR,ERR,ERR,ERR,ERR,ERR,ERR,ERR,ERR,ERR,ERR,ERR,ERR,ERR,ERR,ERR,ERR,ERR,ERR,ERR,ERR,ERR,ERR,ERR,ERR,ERR,ERR,ERR,ERR,ERR,ERR,ERR,ERR,ERR,ERR,ERR,ERR,ERR,ERR,ERR,ERR,ERR,ERR,ERR,ERR,ERR,ERR,ERR,ERR,ERR,ERR,ERR,ERR,ERR,ERR,ERR,ERR,ERR,ERR,ERR,ERR,ERR,ERR,ERR,ERR,ERR,ERR,ERR,ERR,ERR,ERR,ERR,ERR,ERR,ERR,ERR,ERR,ERR,ERR,ERR,ERR,ERR,ERR,ERR,ERR,ERR,ERR,ERR,0.0,-107615288.0,-0.0,0.0,0.0,1.3936040501711995e+18,7.805,0.0,0,0,4,0,8422,0.0,45,0.0,0.0,0.0,0.0,0.0,0,0,0,0,0.0,0,0,0,0,0,0,0,0,0,0,0,0,0,0,0,0,0,0,0,0,0,0,0,0,0,0,0,0,0,0,0,0,0,38,14,7,45,65476,0,300,0,0,8,21553,0.0,-107605600.0,0.0,0.0,0.0,0.0,0.0,0.0,0.0,0.0,0.0,0.0,0.0,0.0,0.0,0.0,0.0,0.0,0.0,0.0,0.0,0.0,0.0,-2.004,-2.004,2.004,0.0,0.0,0.0,0.0,5036.0,0.0,0.0,0.0,-107615288.0,0.0,-0.0,0.0,0.0,0.0,0.0,53,152018454839296.0,0.0,0.0,0.0,0.0,0.0,0.0,0.0,0.0,0,0,0,0.0,0.0,0.0,0.0,0.0,0.0,0.0,0.0,0.0,0.0,0.0,0.0,0.0,0.0,0.0,0.0,0,-107875648.0,53,0.0,106,-107614832.0,2.7006707062415038e+23,ERR,ERR,ERR,ERR,ERR,ERR,ERR,ERR,ERR,ERR,ERR,ERR,ERR,ERR,ERR,ERR,ERR,ERR,ERR,ERR,ERR,ERR,ERR,ERR,ERR,ERR,ERR,ERR,ERR,ERR,ERR,ERR,ERR,ERR,ERR,ERR,ERR,ERR,ERR,ERR,ERR,ERR,ERR,ERR,ERR,ERR,ERR,ERR,ERR,ERR,ERR,ERR,ERR,ERR,ERR,ERR,ERR,ERR,ERR,ERR,ERR,ERR,ERR,ERR,ERR,ERR,ERR,50.0,60.0,100,0.0,0.0,0.0,0.0,0.0,0.0,0.0,0.0,0.0,0.0,0.0,0.0,0.0,0.0,0.0,0.0,61.6,64,20,65521,50,65476,0,300,0,0,8,20529,65476,0,0,26214,60.0,0.0,0.0,0.0,0.0,0.0
2026-05-17T16:35:10,ERR,ERR,ERR,ERR,ERR,ERR,ERR,ERR,ERR,ERR,ERR,ERR,ERR,ERR,ERR,ERR,ERR,ERR,ERR,ERR,ERR,ERR,ERR,ERR,ERR,ERR,ERR,ERR,ERR,ERR,ERR,ERR,ERR,ERR,ERR,ERR,ERR,ERR,ERR,ERR,ERR,ERR,ERR,ERR,ERR,ERR,ERR,ERR,ERR,ERR,ERR,ERR,ERR,ERR,ERR,ERR,ERR,ERR,ERR,ERR,ERR,ERR,ERR,ERR,ERR,ERR,ERR,ERR,ERR,ERR,ERR,ERR,ERR,ERR,ERR,ERR,ERR,ERR,ERR,ERR,ERR,ERR,ERR,ERR,ERR,ERR,ERR,ERR,ERR,ERR,ERR,ERR,ERR,ERR,ERR,ERR,ERR,ERR,ERR,ERR,ERR,ERR,ERR,ERR,ERR,ERR,ERR,ERR,ERR,ERR,ERR,ERR,ERR,ERR,ERR,ERR,ERR,ERR,ERR,ERR,ERR,ERR,ERR,ERR,ERR,0.0,-107615288.0,-0.0,0.0,0.0,1.3936040501711995e+18,7.805,0.0,0,0,4,0,8422,0.0,45,0.0,0.0,0.0,0.0,0.0,0,0,0,0,0.0,0,0,0,0,0,0,0,0,0,0,0,0,0,0,0,0,0,0,0,0,0,0,0,0,0,0,0,0,0,0,0,0,0,38,14,7,45,65476,0,300,0,0,8,21553,0.0,-107605600.0,0.0,0.0,0.0,0.0,0.0,0.0,0.0,0.0,0.0,0.0,0.0,0.0,0.0,0.0,0.0,0.0,0.0,0.0,0.0,0.0,0.0,-2.004,-2.004,2.004,0.0,0.0,0.0,0.0,5036.0,0.0,0.0,0.0,-107615288.0,0.0,-0.0,0.0,0.0,0.0,0.0,53,152018454839296.0,0.0,0.0,0.0,0.0,0.0,0.0,0.0,0.0,0,0,0,0.0,0.0,0.0,0.0,0.0,0.0,0.0,0.0,0.0,0.0,0.0,0.0,0.0,0.0,0.0,0.0,0,-107875648.0,53,0.0,106,-107614832.0,2.7006707062415038e+23,ERR,ERR,ERR,ERR,ERR,ERR,ERR,ERR,ERR,ERR,ERR,ERR,ERR,ERR,ERR,ERR,ERR,ERR,ERR,ERR,ERR,ERR,ERR,ERR,ERR,ERR,ERR,ERR,ERR,ERR,ERR,ERR,ERR,ERR,ERR,ERR,ERR,ERR,ERR,ERR,ERR,ERR,ERR,ERR,ERR,ERR,ERR,ERR,ERR,ERR,ERR,ERR,ERR,ERR,ERR,ERR,ERR,ERR,ERR,ERR,ERR,ERR,ERR,ERR,ERR,ERR,ERR,50.0,60.0,100,0.0,0.0,0.0,0.0,0.0,0.0,0.0,0.0,0.0,0.0,0.0,0.0,0.0,0.0,0.0,0.0,62.0,64,20,65521,50,65476,0,300,0,0,8,20529,65476,0,0,26214,60.0,0.0,0.0,0.0,0.0,0.0
2026-05-17T16:35:11,ERR,ERR,ERR,ERR,ERR,ERR,ERR,ERR,ERR,ERR,ERR,ERR,ERR,ERR,ERR,ERR,ERR,ERR,ERR,ERR,ERR,ERR,ERR,ERR,ERR,ERR,ERR,ERR,ERR,ERR,ERR,ERR,ERR,ERR,ERR,ERR,ERR,ERR,ERR,ERR,ERR,ERR,ERR,ERR,ERR,ERR,ERR,ERR,ERR,ERR,ERR,ERR,ERR,ERR,ERR,ERR,ERR,ERR,ERR,ERR,ERR,ERR,ERR,ERR,ERR,ERR,ERR,ERR,ERR,ERR,ERR,ERR,ERR,ERR,ERR,ERR,ERR,ERR,ERR,ERR,ERR,ERR,ERR,ERR,ERR,ERR,ERR,ERR,ERR,ERR,ERR,ERR,ERR,ERR,ERR,ERR,ERR,ERR,ERR,ERR,ERR,ERR,ERR,ERR,ERR,ERR,ERR,ERR,ERR,ERR,ERR,ERR,ERR,ERR,ERR,ERR,ERR,ERR,ERR,ERR,ERR,ERR,ERR,ERR,ERR,0.0,-107615288.0,-0.0,0.0,0.0,1.3936040501711995e+18,7.805,0.0,0,0,4,0,8422,0.0,45,0.0,0.0,0.0,0.0,0.0,0,0,0,0,0.0,0,0,0,0,0,0,0,0,0,0,0,0,0,0,0,0,0,0,0,0,0,0,0,0,0,0,0,0,0,0,0,0,0,38,14,7,45,65476,0,300,0,0,8,21553,0.0,-107605600.0,0.0,0.0,0.0,0.0,0.0,0.0,0.0,0.0,0.0,0.0,0.0,0.0,0.0,0.0,0.0,0.0,0.0,0.0,0.0,0.0,0.0,-2.004,-2.004,2.004,0.0,0.0,0.0,0.0,5036.0,0.0,0.0,0.0,-107615288.0,0.0,-0.0,0.0,0.0,0.0,0.0,53,152018454839296.0,0.0,0.0,0.0,0.0,0.0,0.0,0.0,0.0,0,0,0,0.0,0.0,0.0,0.0,0.0,0.0,0.0,0.0,0.0,0.0,0.0,0.0,0.0,0.0,0.0,0.0,0,-107875648.0,53,0.0,106,-107614832.0,2.7006707062415038e+23,ERR,ERR,ERR,ERR,ERR,ERR,ERR,ERR,ERR,ERR,ERR,ERR,ERR,ERR,ERR,ERR,ERR,ERR,ERR,ERR,ERR,ERR,ERR,ERR,ERR,ERR,ERR,ERR,ERR,ERR,ERR,ERR,ERR,ERR,ERR,ERR,ERR,ERR,ERR,ERR,ERR,ERR,ERR,ERR,ERR,ERR,ERR,ERR,ERR,ERR,ERR,ERR,ERR,ERR,ERR,ERR,ERR,ERR,ERR,ERR,ERR,ERR,ERR,ERR,ERR,ERR,ERR,50.0,60.0,100,0.0,0.0,0.0,0.0,0.0,0.0,0.0,0.0,0.0,0.0,0.0,0.0,0.0,0.0,0.0,0.0,62.0,64,20,65521,50,65476,0,300,0,0,8,20529,65476,0,0,26214,60.0,0.0,0.0,0.0,0.0,0.0
2026-05-17T16:35:12,ERR,ERR,ERR,ERR,ERR,ERR,ERR,ERR,ERR,ERR,ERR,ERR,ERR,ERR,ERR,ERR,ERR,ERR,ERR,ERR,ERR,ERR,ERR,ERR,ERR,ERR,ERR,ERR,ERR,ERR,ERR,ERR,ERR,ERR,ERR,ERR,ERR,ERR,ERR,ERR,ERR,ERR,ERR,ERR,ERR,ERR,ERR,ERR,ERR,ERR,ERR,ERR,ERR,ERR,ERR,ERR,ERR,ERR,ERR,ERR,ERR,ERR,ERR,ERR,ERR,ERR,ERR,ERR,ERR,ERR,ERR,ERR,ERR,ERR,ERR,ERR,ERR,ERR,ERR,ERR,ERR,ERR,ERR,ERR,ERR,ERR,ERR,ERR,ERR,ERR,ERR,ERR,ERR,ERR,ERR,ERR,ERR,ERR,ERR,ERR,ERR,ERR,ERR,ERR,ERR,ERR,ERR,ERR,ERR,ERR,ERR,ERR,ERR,ERR,ERR,ERR,ERR,ERR,ERR,ERR,ERR,ERR,ERR,ERR,ERR,0.0,-107615288.0,-0.0,0.0,0.0,1.3936040501711995e+18,7.805,0.0,0,0,4,0,8422,0.0,45,0.0,0.0,0.0,0.0,0.0,0,0,0,0,0.0,0,0,0,0,0,0,0,0,0,0,0,0,0,0,0,0,0,0,0,0,0,0,0,0,0,0,0,0,0,0,0,0,0,38,14,7,45,65476,0,300,0,0,8,21553,0.0,-107605600.0,0.0,0.0,0.0,0.0,0.0,0.0,0.0,0.0,0.0,0.0,0.0,0.0,0.0,0.0,0.0,0.0,0.0,0.0,0.0,0.0,0.0,-2.004,-2.004,0.0,0.0,0.0,0.0,0.0,5039.0,564145900486656.0,0.0,0.0,-107615288.0,0.0,-107615304.0,0.0,0.0,0.0,0.0,53,2.3088403658719416e+20,2.71841759093312e+23,0.0,0.0,0.0,0.0,0.0,0.0,0.0,0,0,0,0.0,0.0,0.0,0.0,0.0,0.0,0.0,0.0,0.0,0.0,0.0,0.0,0.0,0.0,0.0,0.0,0,-107875648.0,53,0.0,106,-107614832.0,2.7006707062415038e+23,ERR,ERR,ERR,ERR,ERR,ERR,ERR,ERR,ERR,ERR,ERR,ERR,ERR,ERR,ERR,ERR,ERR,ERR,ERR,ERR,ERR,ERR,ERR,ERR,ERR,ERR,ERR,ERR,ERR,ERR,ERR,ERR,ERR,ERR,ERR,ERR,ERR,ERR,ERR,ERR,ERR,ERR,ERR,ERR,ERR,ERR,ERR,ERR,ERR,ERR,ERR,ERR,ERR,ERR,ERR,ERR,ERR,ERR,ERR,ERR,ERR,ERR,ERR,ERR,ERR,ERR,ERR,50.0,60.0,100,0.0,0.0,0.0,0.0,0.0,0.0,0.0,0.0,0.0,0.0,0.0,0.0,0.0,0.0,0.0,0.0,61.6,64,20,65521,50,65476,0,300,0,0,8,20529,65476,0,0,26214,60.0,0.0,0.0,0.0,0.0,0.0
2026-05-17T16:35:13,ERR,ERR,ERR,ERR,ERR,ERR,ERR,ERR,ERR,ERR,ERR,ERR,ERR,ERR,ERR,ERR,ERR,ERR,ERR,ERR,ERR,ERR,ERR,ERR,ERR,ERR,ERR,ERR,ERR,ERR,ERR,ERR,ERR,ERR,ERR,ERR,ERR,ERR,ERR,ERR,ERR,ERR,ERR,ERR,ERR,ERR,ERR,ERR,ERR,ERR,ERR,ERR,ERR,ERR,ERR,ERR,ERR,ERR,ERR,ERR,ERR,ERR,ERR,ERR,ERR,ERR,ERR,ERR,ERR,ERR,ERR,ERR,ERR,ERR,ERR,ERR,ERR,ERR,ERR,ERR,ERR,ERR,ERR,ERR,ERR,ERR,ERR,ERR,ERR,ERR,ERR,ERR,ERR,ERR,ERR,ERR,ERR,ERR,ERR,ERR,ERR,ERR,ERR,ERR,ERR,ERR,ERR,ERR,ERR,ERR,ERR,ERR,ERR,ERR,ERR,ERR,ERR,ERR,ERR,ERR,ERR,ERR,ERR,ERR,ERR,0.0,-107615288.0,-0.0,0.0,0.0,1.3936040501711995e+18,7.805,0.0,0,0,4,0,8422,0.0,45,0.0,0.0,0.0,0.0,0.0,0,0,0,0,0.0,0,0,0,0,0,0,0,0,0,0,0,0,0,0,0,0,0,0,0,0,0,0,0,0,0,0,0,0,0,0,0,0,0,38,14,7,45,65476,0,300,0,0,8,21553,0.0,-107605600.0,0.0,0.0,0.0,0.0,0.0,0.0,0.0,0.0,0.0,0.0,0.0,0.0,0.0,0.0,0.0,0.0,0.0,0.0,0.0,0.0,0.0,-2.004,-2.004,0.0,0.0,0.0,0.0,0.0,5039.0,564145900486656.0,0.0,0.0,-107615288.0,0.0,-107615304.0,0.0,0.0,0.0,0.0,53,2.3088403658719416e+20,2.71841759093312e+23,0.0,0.0,0.0,0.0,0.0,0.0,0.0,0,0,0,0.0,0.0,0.0,0.0,0.0,0.0,0.0,0.0,0.0,0.0,0.0,0.0,0.0,0.0,0.0,0.0,0,-107875648.0,53,0.0,106,-107614832.0,2.7006707062415038e+23,ERR,ERR,ERR,ERR,ERR,ERR,ERR,ERR,ERR,ERR,ERR,ERR,ERR,ERR,ERR,ERR,ERR,ERR,ERR,ERR,ERR,ERR,ERR,ERR,ERR,ERR,ERR,ERR,ERR,ERR,ERR,ERR,ERR,ERR,ERR,ERR,ERR,ERR,ERR,ERR,ERR,ERR,ERR,ERR,ERR,ERR,ERR,ERR,ERR,ERR,ERR,ERR,ERR,ERR,ERR,ERR,ERR,ERR,ERR,ERR,ERR,ERR,ERR,ERR,ERR,ERR,ERR,50.0,60.0,100,0.0,0.0,0.0,0.0,0.0,0.0,0.0,0.0,0.0,0.0,0.0,0.0,0.0,0.0,0.0,0.0,61.6,64,20,65521,50,65476,0,300,0,0,8,20529,65476,0,0,26214,60.0,0.0,0.0,0.0,0.0,0.0
2026-05-17T16:35:14,ERR,ERR,ERR,ERR,ERR,ERR,ERR,ERR,ERR,ERR,ERR,ERR,ERR,ERR,ERR,ERR,ERR,ERR,ERR,ERR,ERR,ERR,ERR,ERR,ERR,ERR,ERR,ERR,ERR,ERR,ERR,ERR,ERR,ERR,ERR,ERR,ERR,ERR,ERR,ERR,ERR,ERR,ERR,ERR,ERR,ERR,ERR,ERR,ERR,ERR,ERR,ERR,ERR,ERR,ERR,ERR,ERR,ERR,ERR,ERR,ERR,ERR,ERR,ERR,ERR,ERR,ERR,ERR,ERR,ERR,ERR,ERR,ERR,ERR,ERR,ERR,ERR,ERR,ERR,ERR,ERR,ERR,ERR,ERR,ERR,ERR,ERR,ERR,ERR,ERR,ERR,ERR,ERR,ERR,ERR,ERR,ERR,ERR,ERR,ERR,ERR,ERR,ERR,ERR,ERR,ERR,ERR,ERR,ERR,ERR,ERR,ERR,ERR,ERR,ERR,ERR,ERR,ERR,ERR,ERR,ERR,ERR,ERR,ERR,ERR,0.0,-107615288.0,-0.0,0.0,0.0,1.3936040501711995e+18,7.805,0.0,0,0,4,0,8422,0.0,45,0.0,0.0,0.0,0.0,0.0,0,0,0,0,0.0,0,0,0,0,0,0,0,0,0,0,0,0,0,0,0,0,0,0,0,0,0,0,0,0,0,0,0,0,0,0,0,0,0,38,14,7,45,65476,0,300,0,0,8,21553,0.0,-107605600.0,0.0,0.0,0.0,0.0,0.0,0.0,0.0,0.0,0.0,0.0,0.0,0.0,0.0,0.0,0.0,0.0,0.0,0.0,0.0,0.0,0.0,-2.004,-2.004,0.0,0.0,0.0,0.0,0.0,5039.0,564145900486656.0,0.0,0.0,-107615288.0,0.0,-107615304.0,0.0,0.0,0.0,0.0,53,2.3088403658719416e+20,2.71841759093312e+23,0.0,0.0,0.0,0.0,0.0,0.0,0.0,0,0,0,0.0,0.0,0.0,0.0,0.0,0.0,0.0,0.0,0.0,0.0,0.0,0.0,0.0,0.0,0.0,0.0,0,-107875648.0,53,0.0,106,-107614832.0,2.7006707062415038e+23,ERR,ERR,ERR,ERR,ERR,ERR,ERR,ERR,ERR,ERR,ERR,ERR,ERR,ERR,ERR,ERR,ERR,ERR,ERR,ERR,ERR,ERR,ERR,ERR,ERR,ERR,ERR,ERR,ERR,ERR,ERR,ERR,ERR,ERR,ERR,ERR,ERR,ERR,ERR,ERR,ERR,ERR,ERR,ERR,ERR,ERR,ERR,ERR,ERR,ERR,ERR,ERR,ERR,ERR,ERR,ERR,ERR,ERR,ERR,ERR,ERR,ERR,ERR,ERR,ERR,ERR,ERR,50.0,60.0,100,0.0,0.0,0.0,0.0,0.0,0.0,0.0,0.0,0.0,0.0,0.0,0.0,0.0,0.0,0.0,0.0,62.0,64,20,65521,50,65476,0,300,0,0,8,20529,65476,0,0,26214,60.0,0.0,0.0,0.0,0.0,0.0
2026-05-17T16:35:15,ERR,ERR,ERR,ERR,ERR,ERR,ERR,ERR,ERR,ERR,ERR,ERR,ERR,ERR,ERR,ERR,ERR,ERR,ERR,ERR,ERR,ERR,ERR,ERR,ERR,ERR,ERR,ERR,ERR,ERR,ERR,ERR,ERR,ERR,ERR,ERR,ERR,ERR,ERR,ERR,ERR,ERR,ERR,ERR,ERR,ERR,ERR,ERR,ERR,ERR,ERR,ERR,ERR,ERR,ERR,ERR,ERR,ERR,ERR,ERR,ERR,ERR,ERR,ERR,ERR,ERR,ERR,ERR,ERR,ERR,ERR,ERR,ERR,ERR,ERR,ERR,ERR,ERR,ERR,ERR,ERR,ERR,ERR,ERR,ERR,ERR,ERR,ERR,ERR,ERR,ERR,ERR,ERR,ERR,ERR,ERR,ERR,ERR,ERR,ERR,ERR,ERR,ERR,ERR,ERR,ERR,ERR,ERR,ERR,ERR,ERR,ERR,ERR,ERR,ERR,ERR,ERR,ERR,ERR,ERR,ERR,ERR,ERR,ERR,ERR,0.0,-107615288.0,-0.0,0.0,0.0,1.3936040501711995e+18,7.805,0.0,0,0,4,0,8422,0.0,45,0.0,0.0,0.0,0.0,0.0,0,0,0,0,0.0,0,0,0,0,0,0,0,0,0,0,0,0,0,0,0,0,0,0,0,0,0,0,0,0,0,0,0,0,0,0,0,0,0,38,14,7,45,65476,0,300,0,0,8,21553,0.0,-107605600.0,0.0,0.0,0.0,0.0,0.0,0.0,0.0,0.0,0.0,0.0,0.0,0.0,0.0,0.0,0.0,0.0,0.0,0.0,0.0,0.0,0.0,-2.004,-2.004,0.0,0.0,0.0,0.0,0.0,5039.0,564145900486656.0,0.0,0.0,-107615288.0,0.0,-107615304.0,0.0,0.0,0.0,0.0,53,2.3088403658719416e+20,2.71841759093312e+23,0.0,0.0,0.0,0.0,0.0,0.0,0.0,0,0,0,0.0,0.0,0.0,0.0,0.0,0.0,0.0,0.0,0.0,0.0,0.0,0.0,0.0,0.0,0.0,0.0,0,-107875648.0,53,0.0,106,-107614832.0,2.7006707062415038e+23,ERR,ERR,ERR,ERR,ERR,ERR,ERR,ERR,ERR,ERR,ERR,ERR,ERR,ERR,ERR,ERR,ERR,ERR,ERR,ERR,ERR,ERR,ERR,ERR,ERR,ERR,ERR,ERR,ERR,ERR,ERR,ERR,ERR,ERR,ERR,ERR,ERR,ERR,ERR,ERR,ERR,ERR,ERR,ERR,ERR,ERR,ERR,ERR,ERR,ERR,ERR,ERR,ERR,ERR,ERR,ERR,ERR,ERR,ERR,ERR,ERR,ERR,ERR,ERR,ERR,ERR,ERR,50.0,60.0,100,0.0,0.0,0.0,0.0,0.0,0.0,0.0,0.0,0.0,0.0,0.0,0.0,0.0,0.0,0.0,0.0,61.6,64,20,65521,50,65476,0,300,0,0,8,20529,65476,0,0,26214,60.0,0.0,0.0,0.0,0.0,0.0
2026-05-17T16:35:16,ERR,ERR,ERR,ERR,ERR,ERR,ERR,ERR,ERR,ERR,ERR,ERR,ERR,ERR,ERR,ERR,ERR,ERR,ERR,ERR,ERR,ERR,ERR,ERR,ERR,ERR,ERR,ERR,ERR,ERR,ERR,ERR,ERR,ERR,ERR,ERR,ERR,ERR,ERR,ERR,ERR,ERR,ERR,ERR,ERR,ERR,ERR,ERR,ERR,ERR,ERR,ERR,ERR,ERR,ERR,ERR,ERR,ERR,ERR,ERR,ERR,ERR,ERR,ERR,ERR,ERR,ERR,ERR,ERR,ERR,ERR,ERR,ERR,ERR,ERR,ERR,ERR,ERR,ERR,ERR,ERR,ERR,ERR,ERR,ERR,ERR,ERR,ERR,ERR,ERR,ERR,ERR,ERR,ERR,ERR,ERR,ERR,ERR,ERR,ERR,ERR,ERR,ERR,ERR,ERR,ERR,ERR,ERR,ERR,ERR,ERR,ERR,ERR,ERR,ERR,ERR,ERR,ERR,ERR,ERR,ERR,ERR,ERR,ERR,ERR,0.0,-107615288.0,-0.0,0.0,0.0,1.3936040501711995e+18,7.805,0.0,0,0,4,0,8422,0.0,45,0.0,0.0,0.0,0.0,0.0,0,0,0,0,0.0,0,0,0,0,0,0,0,0,0,0,0,0,0,0,0,0,0,0,0,0,0,0,0,0,0,0,0,0,0,0,0,0,0,38,14,7,45,65476,0,300,0,0,8,21553,0.0,-107605600.0,0.0,0.0,0.0,0.0,0.0,0.0,0.0,0.0,0.0,0.0,0.0,0.0,0.0,0.0,0.0,0.0,0.0,0.0,0.0,0.0,0.0,-2.004,-2.004,0.0,0.0,0.0,0.0,0.0,5039.0,564145900486656.0,0.0,0.0,-107615288.0,0.0,-107615304.0,0.0,0.0,0.0,0.0,53,2.3088403658719416e+20,2.71841759093312e+23,0.0,0.0,0.0,0.0,0.0,0.0,0.0,0,0,0,0.0,0.0,0.0,0.0,0.0,0.0,0.0,0.0,0.0,0.0,0.0,0.0,0.0,0.0,0.0,0.0,0,-107875648.0,53,0.0,106,-107614832.0,2.7006707062415038e+23,ERR,ERR,ERR,ERR,ERR,ERR,ERR,ERR,ERR,ERR,ERR,ERR,ERR,ERR,ERR,ERR,ERR,ERR,ERR,ERR,ERR,ERR,ERR,ERR,ERR,ERR,ERR,ERR,ERR,ERR,ERR,ERR,ERR,ERR,ERR,ERR,ERR,ERR,ERR,ERR,ERR,ERR,ERR,ERR,ERR,ERR,ERR,ERR,ERR,ERR,ERR,ERR,ERR,ERR,ERR,ERR,ERR,ERR,ERR,ERR,ERR,ERR,ERR,ERR,ERR,ERR,ERR,50.0,60.0,100,0.0,0.0,0.0,0.0,0.0,0.0,0.0,0.0,0.0,0.0,0.0,0.0,0.0,0.0,0.0,0.0,61.6,64,20,65521,50,65476,0,300,0,0,8,20529,65476,0,0,26214,60.0,0.0,0.0,0.0,0.0,0.0
2026-05-17T16:35:17,ERR,ERR,ERR,ERR,ERR,ERR,ERR,ERR,ERR,ERR,ERR,ERR,ERR,ERR,ERR,ERR,ERR,ERR,ERR,ERR,ERR,ERR,ERR,ERR,ERR,ERR,ERR,ERR,ERR,ERR,ERR,ERR,ERR,ERR,ERR,ERR,ERR,ERR,ERR,ERR,ERR,ERR,ERR,ERR,ERR,ERR,ERR,ERR,ERR,ERR,ERR,ERR,ERR,ERR,ERR,ERR,ERR,ERR,ERR,ERR,ERR,ERR,ERR,ERR,ERR,ERR,ERR,ERR,ERR,ERR,ERR,ERR,ERR,ERR,ERR,ERR,ERR,ERR,ERR,ERR,ERR,ERR,ERR,ERR,ERR,ERR,ERR,ERR,ERR,ERR,ERR,ERR,ERR,ERR,ERR,ERR,ERR,ERR,ERR,ERR,ERR,ERR,ERR,ERR,ERR,ERR,ERR,ERR,ERR,ERR,ERR,ERR,ERR,ERR,ERR,ERR,ERR,ERR,ERR,ERR,ERR,ERR,ERR,ERR,ERR,0.0,-107615288.0,-0.0,0.0,0.0,1.3936040501711995e+18,7.805,0.0,0,0,4,0,8422,0.0,45,0.0,0.0,0.0,0.0,0.0,0,0,0,0,0.0,0,0,0,0,0,0,0,0,0,0,0,0,0,0,0,0,0,0,0,0,0,0,0,0,0,0,0,0,0,0,0,0,0,38,14,7,45,65476,0,300,0,0,8,21553,0.0,-107605600.0,0.0,0.0,0.0,0.0,0.0,0.0,0.0,0.0,0.0,0.0,0.0,0.0,0.0,0.0,0.0,0.0,0.0,0.0,0.0,0.0,0.0,0.0,-0.0,0.0,0.0,0.0,0.0,0.0,5045.0,-2.004,0.0,0.0,0.0,0.0,-107615304.0,0.0,0.0,0.0,0.0,53,-0.0,-3.222003136178649e+26,0.0,0.0,0.0,0.0,0.0,0.0,0.0,0,0,0,0.0,0.0,0.0,0.0,0.0,0.0,0.0,0.0,0.0,0.0,0.0,0.0,0.0,0.0,0.0,0.0,0,-107875648.0,53,0.0,106,-107614832.0,-107350944.0,ERR,ERR,ERR,ERR,ERR,ERR,ERR,ERR,ERR,ERR,ERR,ERR,ERR,ERR,ERR,ERR,ERR,ERR,ERR,ERR,ERR,ERR,ERR,ERR,ERR,ERR,ERR,ERR,ERR,ERR,ERR,ERR,ERR,ERR,ERR,ERR,ERR,ERR,ERR,ERR,ERR,ERR,ERR,ERR,ERR,ERR,ERR,ERR,ERR,ERR,ERR,ERR,ERR,ERR,ERR,ERR,ERR,ERR,ERR,ERR,ERR,ERR,ERR,ERR,ERR,ERR,ERR,50.0,60.0,100,0.0,0.0,0.0,0.0,0.0,0.0,0.0,0.0,0.0,0.0,0.0,0.0,0.0,0.0,0.0,0.0,61.6,64,20,65521,50,65476,0,300,0,0,8,20529,65476,0,0,26214,60.0,0.0,0.0,0.0,0.0,0.0
2026-05-17T16:35:18,ERR,ERR,ERR,ERR,ERR,ERR,ERR,ERR,ERR,ERR,ERR,ERR,ERR,ERR,ERR,ERR,ERR,ERR,ERR,ERR,ERR,ERR,ERR,ERR,ERR,ERR,ERR,ERR,ERR,ERR,ERR,ERR,ERR,ERR,ERR,ERR,ERR,ERR,ERR,ERR,ERR,ERR,ERR,ERR,ERR,ERR,ERR,ERR,ERR,ERR,ERR,ERR,ERR,ERR,ERR,ERR,ERR,ERR,ERR,ERR,ERR,ERR,ERR,ERR,ERR,ERR,ERR,ERR,ERR,ERR,ERR,ERR,ERR,ERR,ERR,ERR,ERR,ERR,ERR,ERR,ERR,ERR,ERR,ERR,ERR,ERR,ERR,ERR,ERR,ERR,ERR,ERR,ERR,ERR,ERR,ERR,ERR,ERR,ERR,ERR,ERR,ERR,ERR,ERR,ERR,ERR,ERR,ERR,ERR,ERR,ERR,ERR,ERR,ERR,ERR,ERR,ERR,ERR,ERR,ERR,ERR,ERR,ERR,ERR,ERR,0.0,-107615288.0,-0.0,0.0,0.0,1.3936040501711995e+18,7.805,0.0,0,0,4,0,8422,0.0,45,0.0,0.0,0.0,0.0,0.0,0,0,0,0,0.0,0,0,0,0,0,0,0,0,0,0,0,0,0,0,0,0,0,0,0,0,0,0,0,0,0,0,0,0,0,0,0,0,0,38,14,7,45,65476,0,300,0,0,8,21553,0.0,-107605600.0,0.0,0.0,0.0,0.0,0.0,0.0,0.0,0.0,0.0,0.0,0.0,0.0,0.0,0.0,0.0,0.0,0.0,0.0,0.0,0.0,0.0,0.0,-0.0,0.0,0.0,0.0,0.0,0.0,5045.0,-2.004,0.0,0.0,0.0,0.0,-107615304.0,0.0,0.0,0.0,0.0,53,-0.0,-3.222003136178649e+26,0.0,0.0,0.0,0.0,0.0,0.0,0.0,0,0,0,0.0,0.0,0.0,0.0,0.0,0.0,0.0,0.0,0.0,0.0,0.0,0.0,0.0,0.0,0.0,0.0,0,-107875648.0,53,0.0,106,-107614832.0,-107350944.0,ERR,ERR,ERR,ERR,ERR,ERR,ERR,ERR,ERR,ERR,ERR,ERR,ERR,ERR,ERR,ERR,ERR,ERR,ERR,ERR,ERR,ERR,ERR,ERR,ERR,ERR,ERR,ERR,ERR,ERR,ERR,ERR,ERR,ERR,ERR,ERR,ERR,ERR,ERR,ERR,ERR,ERR,ERR,ERR,ERR,ERR,ERR,ERR,ERR,ERR,ERR,ERR,ERR,ERR,ERR,ERR,ERR,ERR,ERR,ERR,ERR,ERR,ERR,ERR,ERR,ERR,ERR,50.0,60.0,100,0.0,0.0,0.0,0.0,0.0,0.0,0.0,0.0,0.0,0.0,0.0,0.0,0.0,0.0,0.0,0.0,61.6,64,20,65521,50,65476,0,300,0,0,8,20529,65476,0,0,26214,60.0,0.0,0.0,0.0,0.0,0.0
2026-05-17T16:35:19,ERR,ERR,ERR,ERR,ERR,ERR,ERR,ERR,ERR,ERR,ERR,ERR,ERR,ERR,ERR,ERR,ERR,ERR,ERR,ERR,ERR,ERR,ERR,ERR,ERR,ERR,ERR,ERR,ERR,ERR,ERR,ERR,ERR,ERR,ERR,ERR,ERR,ERR,ERR,ERR,ERR,ERR,ERR,ERR,ERR,ERR,ERR,ERR,ERR,ERR,ERR,ERR,ERR,ERR,ERR,ERR,ERR,ERR,ERR,ERR,ERR,ERR,ERR,ERR,ERR,ERR,ERR,ERR,ERR,ERR,ERR,ERR,ERR,ERR,ERR,ERR,ERR,ERR,ERR,ERR,ERR,ERR,ERR,ERR,ERR,ERR,ERR,ERR,ERR,ERR,ERR,ERR,ERR,ERR,ERR,ERR,ERR,ERR,ERR,ERR,ERR,ERR,ERR,ERR,ERR,ERR,ERR,ERR,ERR,ERR,ERR,ERR,ERR,ERR,ERR,ERR,ERR,ERR,ERR,ERR,ERR,ERR,ERR,ERR,ERR,0.0,-107615288.0,-0.0,0.0,0.0,1.3936040501711995e+18,7.805,0.0,0,0,4,0,8422,0.0,45,0.0,0.0,0.0,0.0,0.0,0,0,0,0,0.0,0,0,0,0,0,0,0,0,0,0,0,0,0,0,0,0,0,0,0,0,0,0,0,0,0,0,0,0,0,0,0,0,0,38,14,7,45,65476,0,300,0,0,8,21553,0.0,-107605600.0,0.0,0.0,0.0,0.0,0.0,0.0,0.0,0.0,0.0,0.0,0.0,0.0,0.0,0.0,0.0,0.0,0.0,0.0,0.0,0.0,0.0,0.0,-0.0,0.0,0.0,0.0,0.0,0.0,5045.0,-2.004,0.0,0.0,0.0,0.0,-107615304.0,0.0,0.0,0.0,0.0,53,-0.0,-3.222003136178649e+26,0.0,0.0,0.0,0.0,0.0,0.0,0.0,0,0,0,0.0,0.0,0.0,0.0,0.0,0.0,0.0,0.0,0.0,0.0,0.0,0.0,0.0,0.0,0.0,0.0,0,-107875648.0,53,0.0,106,-107614832.0,-107350944.0,ERR,ERR,ERR,ERR,ERR,ERR,ERR,ERR,ERR,ERR,ERR,ERR,ERR,ERR,ERR,ERR,ERR,ERR,ERR,ERR,ERR,ERR,ERR,ERR,ERR,ERR,ERR,ERR,ERR,ERR,ERR,ERR,ERR,ERR,ERR,ERR,ERR,ERR,ERR,ERR,ERR,ERR,ERR,ERR,ERR,ERR,ERR,ERR,ERR,ERR,ERR,ERR,ERR,ERR,ERR,ERR,ERR,ERR,ERR,ERR,ERR,ERR,ERR,ERR,ERR,ERR,ERR,50.0,60.0,100,0.0,0.0,0.0,0.0,0.0,0.0,0.0,0.0,0.0,0.0,0.0,0.0,0.0,0.0,0.0,0.0,61.6,64,20,65521,50,65476,0,300,0,0,8,20529,65476,0,0,26214,60.0,0.0,0.0,0.0,0.0,0.0
2026-05-17T16:35:20,ERR,ERR,ERR,ERR,ERR,ERR,ERR,ERR,ERR,ERR,ERR,ERR,ERR,ERR,ERR,ERR,ERR,ERR,ERR,ERR,ERR,ERR,ERR,ERR,ERR,ERR,ERR,ERR,ERR,ERR,ERR,ERR,ERR,ERR,ERR,ERR,ERR,ERR,ERR,ERR,ERR,ERR,ERR,ERR,ERR,ERR,ERR,ERR,ERR,ERR,ERR,ERR,ERR,ERR,ERR,ERR,ERR,ERR,ERR,ERR,ERR,ERR,ERR,ERR,ERR,ERR,ERR,ERR,ERR,ERR,ERR,ERR,ERR,ERR,ERR,ERR,ERR,ERR,ERR,ERR,ERR,ERR,ERR,ERR,ERR,ERR,ERR,ERR,ERR,ERR,ERR,ERR,ERR,ERR,ERR,ERR,ERR,ERR,ERR,ERR,ERR,ERR,ERR,ERR,ERR,ERR,ERR,ERR,ERR,ERR,ERR,ERR,ERR,ERR,ERR,ERR,ERR,ERR,ERR,ERR,ERR,ERR,ERR,ERR,ERR,0.0,-107615288.0,-0.0,0.0,0.0,1.3936040501711995e+18,7.805,0.0,0,0,4,0,8422,0.0,45,0.0,0.0,0.0,0.0,0.0,0,0,0,0,0.0,0,0,0,0,0,0,0,0,0,0,0,0,0,0,0,0,0,0,0,0,0,0,0,0,0,0,0,0,0,0,0,0,0,38,14,7,45,65476,0,300,0,0,8,21553,0.0,-107605600.0,0.0,0.0,0.0,0.0,0.0,0.0,0.0,0.0,0.0,0.0,0.0,0.0,0.0,0.0,0.0,0.0,0.0,0.0,0.0,0.0,0.0,0.0,-0.0,0.0,0.0,0.0,0.0,0.0,5045.0,-2.004,0.0,0.0,0.0,0.0,-107615304.0,0.0,0.0,0.0,0.0,53,-0.0,-3.222003136178649e+26,0.0,0.0,0.0,0.0,0.0,0.0,0.0,0,0,0,0.0,0.0,0.0,0.0,0.0,0.0,0.0,0.0,0.0,0.0,0.0,0.0,0.0,0.0,0.0,0.0,0,-107875648.0,53,0.0,106,-107614832.0,-107350944.0,ERR,ERR,ERR,ERR,ERR,ERR,ERR,ERR,ERR,ERR,ERR,ERR,ERR,ERR,ERR,ERR,ERR,ERR,ERR,ERR,ERR,ERR,ERR,ERR,ERR,ERR,ERR,ERR,ERR,ERR,ERR,ERR,ERR,ERR,ERR,ERR,ERR,ERR,ERR,ERR,ERR,ERR,ERR,ERR,ERR,ERR,ERR,ERR,ERR,ERR,ERR,ERR,ERR,ERR,ERR,ERR,ERR,ERR,ERR,ERR,ERR,ERR,ERR,ERR,ERR,ERR,ERR,50.0,60.0,100,0.0,0.0,0.0,0.0,0.0,0.0,0.0,0.0,0.0,0.0,0.0,0.0,0.0,0.0,0.0,0.0,61.6,64,20,65521,50,65476,0,300,0,0,8,20529,65476,0,0,26214,60.0,0.0,0.0,0.0,0.0,0.0
2026-05-17T16:35:21,ERR,ERR,ERR,ERR,ERR,ERR,ERR,ERR,ERR,ERR,ERR,ERR,ERR,ERR,ERR,ERR,ERR,ERR,ERR,ERR,ERR,ERR,ERR,ERR,ERR,ERR,ERR,ERR,ERR,ERR,ERR,ERR,ERR,ERR,ERR,ERR,ERR,ERR,ERR,ERR,ERR,ERR,ERR,ERR,ERR,ERR,ERR,ERR,ERR,ERR,ERR,ERR,ERR,ERR,ERR,ERR,ERR,ERR,ERR,ERR,ERR,ERR,ERR,ERR,ERR,ERR,ERR,ERR,ERR,ERR,ERR,ERR,ERR,ERR,ERR,ERR,ERR,ERR,ERR,ERR,ERR,ERR,ERR,ERR,ERR,ERR,ERR,ERR,ERR,ERR,ERR,ERR,ERR,ERR,ERR,ERR,ERR,ERR,ERR,ERR,ERR,ERR,ERR,ERR,ERR,ERR,ERR,ERR,ERR,ERR,ERR,ERR,ERR,ERR,ERR,ERR,ERR,ERR,ERR,ERR,ERR,ERR,ERR,ERR,ERR,0.0,-107615288.0,-0.0,0.0,0.0,1.3936040501711995e+18,7.805,0.0,0,0,4,0,8422,0.0,45,0.0,0.0,0.0,0.0,0.0,0,0,0,0,0.0,0,0,0,0,0,0,0,0,0,0,0,0,0,0,0,0,0,0,0,0,0,0,0,0,0,0,0,0,0,0,0,0,0,38,14,7,45,65476,0,300,0,0,8,21553,0.0,-107605600.0,0.0,0.0,0.0,0.0,0.0,0.0,0.0,0.0,0.0,0.0,0.0,0.0,0.0,0.0,0.0,0.0,0.0,0.0,0.0,0.0,0.0,0.0,-0.0,0.0,0.0,0.0,0.0,0.0,5045.0,-2.004,0.0,0.0,0.0,0.0,-107615304.0,0.0,0.0,0.0,0.0,53,-0.0,-3.222003136178649e+26,0.0,0.0,0.0,0.0,0.0,0.0,0.0,0,0,0,0.0,0.0,0.0,0.0,0.0,0.0,0.0,0.0,0.0,0.0,0.0,0.0,0.0,0.0,0.0,0.0,0,-107875648.0,53,0.0,106,-107614832.0,-107350944.0,ERR,ERR,ERR,ERR,ERR,ERR,ERR,ERR,ERR,ERR,ERR,ERR,ERR,ERR,ERR,ERR,ERR,ERR,ERR,ERR,ERR,ERR,ERR,ERR,ERR,ERR,ERR,ERR,ERR,ERR,ERR,ERR,ERR,ERR,ERR,ERR,ERR,ERR,ERR,ERR,ERR,ERR,ERR,ERR,ERR,ERR,ERR,ERR,ERR,ERR,ERR,ERR,ERR,ERR,ERR,ERR,ERR,ERR,ERR,ERR,ERR,ERR,ERR,ERR,ERR,ERR,ERR,50.0,60.0,100,0.0,0.0,0.0,0.0,0.0,0.0,0.0,0.0,0.0,0.0,0.0,0.0,0.0,0.0,0.0,0.0,61.6,64,20,65521,50,65476,0,300,0,0,8,20529,65476,0,0,26214,60.0,0.0,0.0,0.0,0.0,0.0
2026-05-17T16:35:22,ERR,ERR,ERR,ERR,ERR,ERR,ERR,ERR,ERR,ERR,ERR,ERR,ERR,ERR,ERR,ERR,ERR,ERR,ERR,ERR,ERR,ERR,ERR,ERR,ERR,ERR,ERR,ERR,ERR,ERR,ERR,ERR,ERR,ERR,ERR,ERR,ERR,ERR,ERR,ERR,ERR,ERR,ERR,ERR,ERR,ERR,ERR,ERR,ERR,ERR,ERR,ERR,ERR,ERR,ERR,ERR,ERR,ERR,ERR,ERR,ERR,ERR,ERR,ERR,ERR,ERR,ERR,ERR,ERR,ERR,ERR,ERR,ERR,ERR,ERR,ERR,ERR,ERR,ERR,ERR,ERR,ERR,ERR,ERR,ERR,ERR,ERR,ERR,ERR,ERR,ERR,ERR,ERR,ERR,ERR,ERR,ERR,ERR,ERR,ERR,ERR,ERR,ERR,ERR,ERR,ERR,ERR,ERR,ERR,ERR,ERR,ERR,ERR,ERR,ERR,ERR,ERR,ERR,ERR,ERR,ERR,ERR,ERR,ERR,ERR,0.0,-107615288.0,-0.0,0.0,0.0,1.3936040501711995e+18,7.805,0.0,0,0,4,0,8422,0.0,45,0.0,0.0,0.0,0.0,0.0,0,0,0,0,0.0,0,0,0,0,0,0,0,0,0,0,0,0,0,0,0,0,0,0,0,0,0,0,0,0,0,0,0,0,0,0,0,0,0,38,14,7,45,65476,0,300,0,0,8,21553,0.0,-107605600.0,0.0,0.0,0.0,0.0,0.0,0.0,0.0,0.0,0.0,0.0,0.0,0.0,0.0,0.0,0.0,0.0,0.0,0.0,0.0,0.0,0.0,0.0,-0.0,0.0,0.0,0.0,0.0,0.0,5038.0,-3.697186573429349e+19,0.0,0.0,0.0,0.0,-0.0,0.0,0.0,0.0,0.0,53,1.9056979486756045e+17,0.0,0.0,0.0,0.0,0.0,0.0,0.0,0.0,0,0,0,0.0,0.0,0.0,0.0,0.0,0.0,0.0,0.0,0.0,0.0,0.0,0.0,0.0,0.0,0.0,0.0,0,-107875648.0,53,0.0,106,-107614832.0,-107350944.0,ERR,ERR,ERR,ERR,ERR,ERR,ERR,ERR,ERR,ERR,ERR,ERR,ERR,ERR,ERR,ERR,ERR,ERR,ERR,ERR,ERR,ERR,ERR,ERR,ERR,ERR,ERR,ERR,ERR,ERR,ERR,ERR,ERR,ERR,ERR,ERR,ERR,ERR,ERR,ERR,ERR,ERR,ERR,ERR,ERR,ERR,ERR,ERR,ERR,ERR,ERR,ERR,ERR,ERR,ERR,ERR,ERR,ERR,ERR,ERR,ERR,ERR,ERR,ERR,ERR,ERR,ERR,50.0,60.0,100,0.0,0.0,0.0,0.0,0.0,0.0,0.0,0.0,0.0,0.0,0.0,0.0,0.0,0.0,0.0,0.0,61.6,64,20,65521,50,65476,0,300,0,0,8,20529,65476,0,0,26214,60.0,0.0,0.0,0.0,0.0,0.0
2026-05-17T16:35:23,ERR,ERR,ERR,ERR,ERR,ERR,ERR,ERR,ERR,ERR,ERR,ERR,ERR,ERR,ERR,ERR,ERR,ERR,ERR,ERR,ERR,ERR,ERR,ERR,ERR,ERR,ERR,ERR,ERR,ERR,ERR,ERR,ERR,ERR,ERR,ERR,ERR,ERR,ERR,ERR,ERR,ERR,ERR,ERR,ERR,ERR,ERR,ERR,ERR,ERR,ERR,ERR,ERR,ERR,ERR,ERR,ERR,ERR,ERR,ERR,ERR,ERR,ERR,ERR,ERR,ERR,ERR,ERR,ERR,ERR,ERR,ERR,ERR,ERR,ERR,ERR,ERR,ERR,ERR,ERR,ERR,ERR,ERR,ERR,ERR,ERR,ERR,ERR,ERR,ERR,ERR,ERR,ERR,ERR,ERR,ERR,ERR,ERR,ERR,ERR,ERR,ERR,ERR,ERR,ERR,ERR,ERR,ERR,ERR,ERR,ERR,ERR,ERR,ERR,ERR,ERR,ERR,ERR,ERR,ERR,ERR,ERR,ERR,ERR,ERR,0.0,-107615288.0,-0.0,0.0,0.0,1.3936040501711995e+18,7.805,0.0,0,0,4,0,8422,0.0,45,0.0,0.0,0.0,0.0,0.0,0,0,0,0,0.0,0,0,0,0,0,0,0,0,0,0,0,0,0,0,0,0,0,0,0,0,0,0,0,0,0,0,0,0,0,0,0,0,0,38,14,7,45,65476,0,300,0,0,8,21553,0.0,-107605600.0,0.0,0.0,0.0,0.0,0.0,0.0,0.0,0.0,0.0,0.0,0.0,0.0,0.0,0.0,0.0,0.0,0.0,0.0,0.0,0.0,0.0,0.0,-0.0,0.0,0.0,0.0,0.0,0.0,5038.0,-3.697186573429349e+19,0.0,0.0,0.0,0.0,-0.0,0.0,0.0,0.0,0.0,53,1.9056979486756045e+17,0.0,0.0,0.0,0.0,0.0,0.0,0.0,0.0,0,0,0,0.0,0.0,0.0,0.0,0.0,0.0,0.0,0.0,0.0,0.0,0.0,0.0,0.0,0.0,0.0,0.0,0,-107875648.0,53,0.0,106,-107614832.0,-107350944.0,ERR,ERR,ERR,ERR,ERR,ERR,ERR,ERR,ERR,ERR,ERR,ERR,ERR,ERR,ERR,ERR,ERR,ERR,ERR,ERR,ERR,ERR,ERR,ERR,ERR,ERR,ERR,ERR,ERR,ERR,ERR,ERR,ERR,ERR,ERR,ERR,ERR,ERR,ERR,ERR,ERR,ERR,ERR,ERR,ERR,ERR,ERR,ERR,ERR,ERR,ERR,ERR,ERR,ERR,ERR,ERR,ERR,ERR,ERR,ERR,ERR,ERR,ERR,ERR,ERR,ERR,ERR,50.0,60.0,100,0.0,0.0,0.0,0.0,0.0,0.0,0.0,0.0,0.0,0.0,0.0,0.0,0.0,0.0,0.0,0.0,61.6,64,20,65521,50,65476,0,300,0,0,8,20529,65476,0,0,26214,60.0,0.0,0.0,0.0,0.0,0.0
2026-05-17T16:35:24,ERR,ERR,ERR,ERR,ERR,ERR,ERR,ERR,ERR,ERR,ERR,ERR,ERR,ERR,ERR,ERR,ERR,ERR,ERR,ERR,ERR,ERR,ERR,ERR,ERR,ERR,ERR,ERR,ERR,ERR,ERR,ERR,ERR,ERR,ERR,ERR,ERR,ERR,ERR,ERR,ERR,ERR,ERR,ERR,ERR,ERR,ERR,ERR,ERR,ERR,ERR,ERR,ERR,ERR,ERR,ERR,ERR,ERR,ERR,ERR,ERR,ERR,ERR,ERR,ERR,ERR,ERR,ERR,ERR,ERR,ERR,ERR,ERR,ERR,ERR,ERR,ERR,ERR,ERR,ERR,ERR,ERR,ERR,ERR,ERR,ERR,ERR,ERR,ERR,ERR,ERR,ERR,ERR,ERR,ERR,ERR,ERR,ERR,ERR,ERR,ERR,ERR,ERR,ERR,ERR,ERR,ERR,ERR,ERR,ERR,ERR,ERR,ERR,ERR,ERR,ERR,ERR,ERR,ERR,ERR,ERR,ERR,ERR,ERR,ERR,0.0,-107615288.0,-0.0,0.0,0.0,1.3936040501711995e+18,7.805,0.0,0,0,4,0,8422,0.0,45,0.0,0.0,0.0,0.0,0.0,0,0,0,0,0.0,0,0,0,0,0,0,0,0,0,0,0,0,0,0,0,0,0,0,0,0,0,0,0,0,0,0,0,0,0,0,0,0,0,38,14,7,45,65476,0,300,0,0,8,21553,0.0,-107605600.0,0.0,0.0,0.0,0.0,0.0,0.0,0.0,0.0,0.0,0.0,0.0,0.0,0.0,0.0,0.0,0.0,0.0,0.0,0.0,0.0,0.0,0.0,-0.0,0.0,0.0,0.0,0.0,0.0,5038.0,-3.697186573429349e+19,0.0,0.0,0.0,0.0,-0.0,0.0,0.0,0.0,0.0,53,1.9056979486756045e+17,0.0,0.0,0.0,0.0,0.0,0.0,0.0,0.0,0,0,0,0.0,0.0,0.0,0.0,0.0,0.0,0.0,0.0,0.0,0.0,0.0,0.0,0.0,0.0,0.0,0.0,0,-107875648.0,53,0.0,106,-107614832.0,-107350944.0,ERR,ERR,ERR,ERR,ERR,ERR,ERR,ERR,ERR,ERR,ERR,ERR,ERR,ERR,ERR,ERR,ERR,ERR,ERR,ERR,ERR,ERR,ERR,ERR,ERR,ERR,ERR,ERR,ERR,ERR,ERR,ERR,ERR,ERR,ERR,ERR,ERR,ERR,ERR,ERR,ERR,ERR,ERR,ERR,ERR,ERR,ERR,ERR,ERR,ERR,ERR,ERR,ERR,ERR,ERR,ERR,ERR,ERR,ERR,ERR,ERR,ERR,ERR,ERR,ERR,ERR,ERR,50.0,60.0,100,0.0,0.0,0.0,0.0,0.0,0.0,0.0,0.0,0.0,0.0,0.0,0.0,0.0,0.0,0.0,0.0,61.6,64,20,65521,50,65476,0,300,0,0,8,20529,65476,0,0,26214,60.0,0.0,0.0,0.0,0.0,0.0
2026-05-17T16:35:25,ERR,ERR,ERR,ERR,ERR,ERR,ERR,ERR,ERR,ERR,ERR,ERR,ERR,ERR,ERR,ERR,ERR,ERR,ERR,ERR,ERR,ERR,ERR,ERR,ERR,ERR,ERR,ERR,ERR,ERR,ERR,ERR,ERR,ERR,ERR,ERR,ERR,ERR,ERR,ERR,ERR,ERR,ERR,ERR,ERR,ERR,ERR,ERR,ERR,ERR,ERR,ERR,ERR,ERR,ERR,ERR,ERR,ERR,ERR,ERR,ERR,ERR,ERR,ERR,ERR,ERR,ERR,ERR,ERR,ERR,ERR,ERR,ERR,ERR,ERR,ERR,ERR,ERR,ERR,ERR,ERR,ERR,ERR,ERR,ERR,ERR,ERR,ERR,ERR,ERR,ERR,ERR,ERR,ERR,ERR,ERR,ERR,ERR,ERR,ERR,ERR,ERR,ERR,ERR,ERR,ERR,ERR,ERR,ERR,ERR,ERR,ERR,ERR,ERR,ERR,ERR,ERR,ERR,ERR,ERR,ERR,ERR,ERR,ERR,ERR,0.0,-107615288.0,-0.0,0.0,0.0,1.3936040501711995e+18,7.805,0.0,0,0,4,0,8422,0.0,45,0.0,0.0,0.0,0.0,0.0,0,0,0,0,0.0,0,0,0,0,0,0,0,0,0,0,0,0,0,0,0,0,0,0,0,0,0,0,0,0,0,0,0,0,0,0,0,0,0,38,14,7,45,65476,0,300,0,0,8,21553,0.0,-107605600.0,0.0,0.0,0.0,0.0,0.0,0.0,0.0,0.0,0.0,0.0,0.0,0.0,0.0,0.0,0.0,0.0,0.0,0.0,0.0,0.0,0.0,0.0,-0.0,0.0,0.0,0.0,0.0,0.0,5038.0,-3.697186573429349e+19,0.0,0.0,0.0,0.0,-0.0,0.0,0.0,0.0,0.0,53,1.9056979486756045e+17,0.0,0.0,0.0,0.0,0.0,0.0,0.0,0.0,0,0,0,0.0,0.0,0.0,0.0,0.0,0.0,0.0,0.0,0.0,0.0,0.0,0.0,0.0,0.0,0.0,0.0,0,-107875648.0,53,0.0,106,-107614832.0,-107350944.0,ERR,ERR,ERR,ERR,ERR,ERR,ERR,ERR,ERR,ERR,ERR,ERR,ERR,ERR,ERR,ERR,ERR,ERR,ERR,ERR,ERR,ERR,ERR,ERR,ERR,ERR,ERR,ERR,ERR,ERR,ERR,ERR,ERR,ERR,ERR,ERR,ERR,ERR,ERR,ERR,ERR,ERR,ERR,ERR,ERR,ERR,ERR,ERR,ERR,ERR,ERR,ERR,ERR,ERR,ERR,ERR,ERR,ERR,ERR,ERR,ERR,ERR,ERR,ERR,ERR,ERR,ERR,50.0,60.0,100,0.0,0.0,0.0,0.0,0.0,0.0,0.0,0.0,0.0,0.0,0.0,0.0,0.0,0.0,0.0,0.0,61.6,64,20,65521,50,65476,0,300,0,0,8,20529,65476,0,0,26214,60.0,0.0,0.0,0.0,0.0,0.0
2026-05-17T16:35:26,ERR,ERR,ERR,ERR,ERR,ERR,ERR,ERR,ERR,ERR,ERR,ERR,ERR,ERR,ERR,ERR,ERR,ERR,ERR,ERR,ERR,ERR,ERR,ERR,ERR,ERR,ERR,ERR,ERR,ERR,ERR,ERR,ERR,ERR,ERR,ERR,ERR,ERR,ERR,ERR,ERR,ERR,ERR,ERR,ERR,ERR,ERR,ERR,ERR,ERR,ERR,ERR,ERR,ERR,ERR,ERR,ERR,ERR,ERR,ERR,ERR,ERR,ERR,ERR,ERR,ERR,ERR,ERR,ERR,ERR,ERR,ERR,ERR,ERR,ERR,ERR,ERR,ERR,ERR,ERR,ERR,ERR,ERR,ERR,ERR,ERR,ERR,ERR,ERR,ERR,ERR,ERR,ERR,ERR,ERR,ERR,ERR,ERR,ERR,ERR,ERR,ERR,ERR,ERR,ERR,ERR,ERR,ERR,ERR,ERR,ERR,ERR,ERR,ERR,ERR,ERR,ERR,ERR,ERR,ERR,ERR,ERR,ERR,ERR,ERR,0.0,-107615288.0,-0.0,0.0,0.0,1.3936040501711995e+18,7.805,0.0,0,0,4,0,8422,0.0,45,0.0,0.0,0.0,0.0,0.0,0,0,0,0,0.0,0,0,0,0,0,0,0,0,0,0,0,0,0,0,0,0,0,0,0,0,0,0,0,0,0,0,0,0,0,0,0,0,0,38,14,7,45,65476,0,300,0,0,8,21553,0.0,-107605600.0,0.0,0.0,0.0,0.0,0.0,0.0,0.0,0.0,0.0,0.0,0.0,0.0,0.0,0.0,0.0,0.0,0.0,0.0,0.0,0.0,0.0,0.0,-0.0,0.0,0.0,0.0,0.0,0.0,5038.0,-3.697186573429349e+19,0.0,0.0,0.0,0.0,-0.0,0.0,0.0,0.0,0.0,53,1.9056979486756045e+17,0.0,0.0,0.0,0.0,0.0,0.0,0.0,0.0,0,0,0,0.0,0.0,0.0,0.0,0.0,0.0,0.0,0.0,0.0,0.0,0.0,0.0,0.0,0.0,0.0,0.0,0,-107875648.0,53,0.0,106,-107614832.0,-107350944.0,ERR,ERR,ERR,ERR,ERR,ERR,ERR,ERR,ERR,ERR,ERR,ERR,ERR,ERR,ERR,ERR,ERR,ERR,ERR,ERR,ERR,ERR,ERR,ERR,ERR,ERR,ERR,ERR,ERR,ERR,ERR,ERR,ERR,ERR,ERR,ERR,ERR,ERR,ERR,ERR,ERR,ERR,ERR,ERR,ERR,ERR,ERR,ERR,ERR,ERR,ERR,ERR,ERR,ERR,ERR,ERR,ERR,ERR,ERR,ERR,ERR,ERR,ERR,ERR,ERR,ERR,ERR,50.0,60.0,100,0.0,0.0,0.0,0.0,0.0,0.0,0.0,0.0,0.0,0.0,0.0,0.0,0.0,0.0,0.0,0.0,61.6,64,20,65521,50,65476,0,300,0,0,8,20529,65476,0,0,26214,60.0,0.0,0.0,0.0,0.0,0.0
2026-05-17T16:35:27,ERR,ERR,ERR,ERR,ERR,ERR,ERR,ERR,ERR,ERR,ERR,ERR,ERR,ERR,ERR,ERR,ERR,ERR,ERR,ERR,ERR,ERR,ERR,ERR,ERR,ERR,ERR,ERR,ERR,ERR,ERR,ERR,ERR,ERR,ERR,ERR,ERR,ERR,ERR,ERR,ERR,ERR,ERR,ERR,ERR,ERR,ERR,ERR,ERR,ERR,ERR,ERR,ERR,ERR,ERR,ERR,ERR,ERR,ERR,ERR,ERR,ERR,ERR,ERR,ERR,ERR,ERR,ERR,ERR,ERR,ERR,ERR,ERR,ERR,ERR,ERR,ERR,ERR,ERR,ERR,ERR,ERR,ERR,ERR,ERR,ERR,ERR,ERR,ERR,ERR,ERR,ERR,ERR,ERR,ERR,ERR,ERR,ERR,ERR,ERR,ERR,ERR,ERR,ERR,ERR,ERR,ERR,ERR,ERR,ERR,ERR,ERR,ERR,ERR,ERR,ERR,ERR,ERR,ERR,ERR,ERR,ERR,ERR,ERR,ERR,0.0,-107615288.0,-0.0,0.0,0.0,1.3936040501711995e+18,7.805,0.0,0,0,4,0,8422,0.0,45,0.0,0.0,0.0,0.0,0.0,0,0,0,0,0.0,0,0,0,0,0,0,0,0,0,0,0,0,0,0,0,0,0,0,0,0,0,0,0,0,0,0,0,0,0,0,0,0,0,38,14,7,45,65476,0,300,0,0,8,21553,0.0,-107605600.0,0.0,0.0,0.0,0.0,0.0,0.0,0.0,0.0,0.0,0.0,0.0,0.0,0.0,0.0,0.0,0.0,0.0,0.0,0.0,0.0,0.0,0.0,-0.0,0.0,0.0,0.0,0.0,0.0,5071.0,2.004,0.0,0.0,0.0,0.0,-107615304.0,0.0,0.0,0.0,0.0,53,2.3088403658719416e+20,-0.0,0.0,0.0,0.0,0.0,0.0,0.0,0.0,0,0,0,0.0,0.0,0.0,0.0,0.0,0.0,0.0,0.0,0.0,0.0,0.0,0.0,0.0,0.0,0.0,0.0,0,-107875648.0,53,0.0,106,-107614832.0,2.7006707062415038e+23,ERR,ERR,ERR,ERR,ERR,ERR,ERR,ERR,ERR,ERR,ERR,ERR,ERR,ERR,ERR,ERR,ERR,ERR,ERR,ERR,ERR,ERR,ERR,ERR,ERR,ERR,ERR,ERR,ERR,ERR,ERR,ERR,ERR,ERR,ERR,ERR,ERR,ERR,ERR,ERR,ERR,ERR,ERR,ERR,ERR,ERR,ERR,ERR,ERR,ERR,ERR,ERR,ERR,ERR,ERR,ERR,ERR,ERR,ERR,ERR,ERR,ERR,ERR,ERR,ERR,ERR,ERR,50.0,60.0,100,0.0,0.0,0.0,0.0,0.0,0.0,0.0,0.0,0.0,0.0,0.0,0.0,0.0,0.0,0.0,0.0,61.6,64,20,65521,50,65476,0,300,0,0,8,20529,65476,0,0,26214,60.0,0.0,0.0,0.0,0.0,0.0
2026-05-17T16:35:28,ERR,ERR,ERR,ERR,ERR,ERR,ERR,ERR,ERR,ERR,ERR,ERR,ERR,ERR,ERR,ERR,ERR,ERR,ERR,ERR,ERR,ERR,ERR,ERR,ERR,ERR,ERR,ERR,ERR,ERR,ERR,ERR,ERR,ERR,ERR,ERR,ERR,ERR,ERR,ERR,ERR,ERR,ERR,ERR,ERR,ERR,ERR,ERR,ERR,ERR,ERR,ERR,ERR,ERR,ERR,ERR,ERR,ERR,ERR,ERR,ERR,ERR,ERR,ERR,ERR,ERR,ERR,ERR,ERR,ERR,ERR,ERR,ERR,ERR,ERR,ERR,ERR,ERR,ERR,ERR,ERR,ERR,ERR,ERR,ERR,ERR,ERR,ERR,ERR,ERR,ERR,ERR,ERR,ERR,ERR,ERR,ERR,ERR,ERR,ERR,ERR,ERR,ERR,ERR,ERR,ERR,ERR,ERR,ERR,ERR,ERR,ERR,ERR,ERR,ERR,ERR,ERR,ERR,ERR,ERR,ERR,ERR,ERR,ERR,ERR,0.0,-107615288.0,-0.0,0.0,0.0,1.3936040501711995e+18,7.805,0.0,0,0,4,0,8422,0.0,45,0.0,0.0,0.0,0.0,0.0,0,0,0,0,0.0,0,0,0,0,0,0,0,0,0,0,0,0,0,0,0,0,0,0,0,0,0,0,0,0,0,0,0,0,0,0,0,0,0,38,14,7,45,65476,0,300,0,0,8,21553,0.0,-107605600.0,0.0,0.0,0.0,0.0,0.0,0.0,0.0,0.0,0.0,0.0,0.0,0.0,0.0,0.0,0.0,0.0,0.0,0.0,0.0,0.0,0.0,0.0,-0.0,0.0,0.0,0.0,0.0,0.0,5071.0,2.004,0.0,0.0,0.0,0.0,-107615304.0,0.0,0.0,0.0,0.0,53,2.3088403658719416e+20,-0.0,0.0,0.0,0.0,0.0,0.0,0.0,0.0,0,0,0,0.0,0.0,0.0,0.0,0.0,0.0,0.0,0.0,0.0,0.0,0.0,0.0,0.0,0.0,0.0,0.0,0,-107875648.0,53,0.0,106,-107614832.0,2.7006707062415038e+23,ERR,ERR,ERR,ERR,ERR,ERR,ERR,ERR,ERR,ERR,ERR,ERR,ERR,ERR,ERR,ERR,ERR,ERR,ERR,ERR,ERR,ERR,ERR,ERR,ERR,ERR,ERR,ERR,ERR,ERR,ERR,ERR,ERR,ERR,ERR,ERR,ERR,ERR,ERR,ERR,ERR,ERR,ERR,ERR,ERR,ERR,ERR,ERR,ERR,ERR,ERR,ERR,ERR,ERR,ERR,ERR,ERR,ERR,ERR,ERR,ERR,ERR,ERR,ERR,ERR,ERR,ERR,50.0,60.0,100,0.0,0.0,0.0,0.0,0.0,0.0,0.0,0.0,0.0,0.0,0.0,0.0,0.0,0.0,0.0,0.0,62.0,64,20,65521,50,65476,0,300,0,0,8,20529,65476,0,0,26214,60.0,0.0,0.0,0.0,0.0,0.0
2026-05-17T16:35:29,ERR,ERR,ERR,ERR,ERR,ERR,ERR,ERR,ERR,ERR,ERR,ERR,ERR,ERR,ERR,ERR,ERR,ERR,ERR,ERR,ERR,ERR,ERR,ERR,ERR,ERR,ERR,ERR,ERR,ERR,ERR,ERR,ERR,ERR,ERR,ERR,ERR,ERR,ERR,ERR,ERR,ERR,ERR,ERR,ERR,ERR,ERR,ERR,ERR,ERR,ERR,ERR,ERR,ERR,ERR,ERR,ERR,ERR,ERR,ERR,ERR,ERR,ERR,ERR,ERR,ERR,ERR,ERR,ERR,ERR,ERR,ERR,ERR,ERR,ERR,ERR,ERR,ERR,ERR,ERR,ERR,ERR,ERR,ERR,ERR,ERR,ERR,ERR,ERR,ERR,ERR,ERR,ERR,ERR,ERR,ERR,ERR,ERR,ERR,ERR,ERR,ERR,ERR,ERR,ERR,ERR,ERR,ERR,ERR,ERR,ERR,ERR,ERR,ERR,ERR,ERR,ERR,ERR,ERR,ERR,ERR,ERR,ERR,ERR,ERR,0.0,-107615288.0,-0.0,0.0,0.0,1.3936040501711995e+18,7.805,0.0,0,0,4,0,8422,0.0,45,0.0,0.0,0.0,0.0,0.0,0,0,0,0,0.0,0,0,0,0,0,0,0,0,0,0,0,0,0,0,0,0,0,0,0,0,0,0,0,0,0,0,0,0,0,0,0,0,0,38,14,7,45,65476,0,300,0,0,8,21553,0.0,-107605600.0,0.0,0.0,0.0,0.0,0.0,0.0,0.0,0.0,0.0,0.0,0.0,0.0,0.0,0.0,0.0,0.0,0.0,0.0,0.0,0.0,0.0,0.0,-0.0,0.0,0.0,0.0,0.0,0.0,5071.0,2.004,0.0,0.0,0.0,0.0,-107615304.0,0.0,0.0,0.0,0.0,53,2.3088403658719416e+20,-0.0,0.0,0.0,0.0,0.0,0.0,0.0,0.0,0,0,0,0.0,0.0,0.0,0.0,0.0,0.0,0.0,0.0,0.0,0.0,0.0,0.0,0.0,0.0,0.0,0.0,0,-107875648.0,53,0.0,106,-107614832.0,2.7006707062415038e+23,ERR,ERR,ERR,ERR,ERR,ERR,ERR,ERR,ERR,ERR,ERR,ERR,ERR,ERR,ERR,ERR,ERR,ERR,ERR,ERR,ERR,ERR,ERR,ERR,ERR,ERR,ERR,ERR,ERR,ERR,ERR,ERR,ERR,ERR,ERR,ERR,ERR,ERR,ERR,ERR,ERR,ERR,ERR,ERR,ERR,ERR,ERR,ERR,ERR,ERR,ERR,ERR,ERR,ERR,ERR,ERR,ERR,ERR,ERR,ERR,ERR,ERR,ERR,ERR,ERR,ERR,ERR,50.0,60.0,100,0.0,0.0,0.0,0.0,0.0,0.0,0.0,0.0,0.0,0.0,0.0,0.0,0.0,0.0,0.0,0.0,61.6,64,20,65521,50,65476,0,300,0,0,8,20529,65476,0,0,26214,60.0,0.0,0.0,0.0,0.0,0.0
2026-05-17T16:35:30,ERR,ERR,ERR,ERR,ERR,ERR,ERR,ERR,ERR,ERR,ERR,ERR,ERR,ERR,ERR,ERR,ERR,ERR,ERR,ERR,ERR,ERR,ERR,ERR,ERR,ERR,ERR,ERR,ERR,ERR,ERR,ERR,ERR,ERR,ERR,ERR,ERR,ERR,ERR,ERR,ERR,ERR,ERR,ERR,ERR,ERR,ERR,ERR,ERR,ERR,ERR,ERR,ERR,ERR,ERR,ERR,ERR,ERR,ERR,ERR,ERR,ERR,ERR,ERR,ERR,ERR,ERR,ERR,ERR,ERR,ERR,ERR,ERR,ERR,ERR,ERR,ERR,ERR,ERR,ERR,ERR,ERR,ERR,ERR,ERR,ERR,ERR,ERR,ERR,ERR,ERR,ERR,ERR,ERR,ERR,ERR,ERR,ERR,ERR,ERR,ERR,ERR,ERR,ERR,ERR,ERR,ERR,ERR,ERR,ERR,ERR,ERR,ERR,ERR,ERR,ERR,ERR,ERR,ERR,ERR,ERR,ERR,ERR,ERR,ERR,0.0,-107615288.0,-0.0,0.0,0.0,1.3936040501711995e+18,7.805,0.0,0,0,4,0,8422,0.0,45,0.0,0.0,0.0,0.0,0.0,0,0,0,0,0.0,0,0,0,0,0,0,0,0,0,0,0,0,0,0,0,0,0,0,0,0,0,0,0,0,0,0,0,0,0,0,0,0,0,38,14,7,45,65476,0,300,0,0,8,21553,0.0,-107605600.0,0.0,0.0,0.0,0.0,0.0,0.0,0.0,0.0,0.0,0.0,0.0,0.0,0.0,0.0,0.0,0.0,0.0,0.0,0.0,0.0,0.0,0.0,-0.0,0.0,0.0,0.0,0.0,0.0,5071.0,2.004,0.0,0.0,0.0,0.0,-107615304.0,0.0,0.0,0.0,0.0,53,2.3088403658719416e+20,-0.0,0.0,0.0,0.0,0.0,0.0,0.0,0.0,0,0,0,0.0,0.0,0.0,0.0,0.0,0.0,0.0,0.0,0.0,0.0,0.0,0.0,0.0,0.0,0.0,0.0,0,-107875648.0,53,0.0,106,-107614832.0,2.7006707062415038e+23,ERR,ERR,ERR,ERR,ERR,ERR,ERR,ERR,ERR,ERR,ERR,ERR,ERR,ERR,ERR,ERR,ERR,ERR,ERR,ERR,ERR,ERR,ERR,ERR,ERR,ERR,ERR,ERR,ERR,ERR,ERR,ERR,ERR,ERR,ERR,ERR,ERR,ERR,ERR,ERR,ERR,ERR,ERR,ERR,ERR,ERR,ERR,ERR,ERR,ERR,ERR,ERR,ERR,ERR,ERR,ERR,ERR,ERR,ERR,ERR,ERR,ERR,ERR,ERR,ERR,ERR,ERR,50.0,60.0,100,0.0,0.0,0.0,0.0,0.0,0.0,0.0,0.0,0.0,0.0,0.0,0.0,0.0,0.0,0.0,0.0,61.6,64,20,65521,50,65476,0,300,0,0,8,20529,65476,0,0,26214,60.0,0.0,0.0,0.0,0.0,0.0
2026-05-17T16:35:31,ERR,ERR,ERR,ERR,ERR,ERR,ERR,ERR,ERR,ERR,ERR,ERR,ERR,ERR,ERR,ERR,ERR,ERR,ERR,ERR,ERR,ERR,ERR,ERR,ERR,ERR,ERR,ERR,ERR,ERR,ERR,ERR,ERR,ERR,ERR,ERR,ERR,ERR,ERR,ERR,ERR,ERR,ERR,ERR,ERR,ERR,ERR,ERR,ERR,ERR,ERR,ERR,ERR,ERR,ERR,ERR,ERR,ERR,ERR,ERR,ERR,ERR,ERR,ERR,ERR,ERR,ERR,ERR,ERR,ERR,ERR,ERR,ERR,ERR,ERR,ERR,ERR,ERR,ERR,ERR,ERR,ERR,ERR,ERR,ERR,ERR,ERR,ERR,ERR,ERR,ERR,ERR,ERR,ERR,ERR,ERR,ERR,ERR,ERR,ERR,ERR,ERR,ERR,ERR,ERR,ERR,ERR,ERR,ERR,ERR,ERR,ERR,ERR,ERR,ERR,ERR,ERR,ERR,ERR,ERR,ERR,ERR,ERR,ERR,ERR,0.0,-107615288.0,-0.0,0.0,0.0,1.3936040501711995e+18,7.805,0.0,0,0,4,0,8422,0.0,45,0.0,0.0,0.0,0.0,0.0,0,0,0,0,0.0,0,0,0,0,0,0,0,0,0,0,0,0,0,0,0,0,0,0,0,0,0,0,0,0,0,0,0,0,0,0,0,0,0,38,14,7,45,65476,0,300,0,0,8,21553,0.0,-107605600.0,0.0,0.0,0.0,0.0,0.0,0.0,0.0,0.0,0.0,0.0,0.0,0.0,0.0,0.0,0.0,0.0,0.0,0.0,0.0,0.0,0.0,0.0,-0.0,0.0,0.0,0.0,0.0,0.0,5071.0,2.004,0.0,0.0,0.0,0.0,-107615304.0,0.0,0.0,0.0,0.0,53,2.3088403658719416e+20,-0.0,0.0,0.0,0.0,0.0,0.0,0.0,0.0,0,0,0,0.0,0.0,0.0,0.0,0.0,0.0,0.0,0.0,0.0,0.0,0.0,0.0,0.0,0.0,0.0,0.0,0,-107875648.0,53,0.0,106,-107614832.0,2.7006707062415038e+23,ERR,ERR,ERR,ERR,ERR,ERR,ERR,ERR,ERR,ERR,ERR,ERR,ERR,ERR,ERR,ERR,ERR,ERR,ERR,ERR,ERR,ERR,ERR,ERR,ERR,ERR,ERR,ERR,ERR,ERR,ERR,ERR,ERR,ERR,ERR,ERR,ERR,ERR,ERR,ERR,ERR,ERR,ERR,ERR,ERR,ERR,ERR,ERR,ERR,ERR,ERR,ERR,ERR,ERR,ERR,ERR,ERR,ERR,ERR,ERR,ERR,ERR,ERR,ERR,ERR,ERR,ERR,50.0,60.0,100,0.0,0.0,0.0,0.0,0.0,0.0,0.0,0.0,0.0,0.0,0.0,0.0,0.0,0.0,0.0,0.0,61.6,64,20,65521,50,65476,0,300,0,0,8,20529,65476,0,0,26214,60.0,0.0,0.0,0.0,0.0,0.0
2026-05-17T16:35:32,ERR,ERR,ERR,ERR,ERR,ERR,ERR,ERR,ERR,ERR,ERR,ERR,ERR,ERR,ERR,ERR,ERR,ERR,ERR,ERR,ERR,ERR,ERR,ERR,ERR,ERR,ERR,ERR,ERR,ERR,ERR,ERR,ERR,ERR,ERR,ERR,ERR,ERR,ERR,ERR,ERR,ERR,ERR,ERR,ERR,ERR,ERR,ERR,ERR,ERR,ERR,ERR,ERR,ERR,ERR,ERR,ERR,ERR,ERR,ERR,ERR,ERR,ERR,ERR,ERR,ERR,ERR,ERR,ERR,ERR,ERR,ERR,ERR,ERR,ERR,ERR,ERR,ERR,ERR,ERR,ERR,ERR,ERR,ERR,ERR,ERR,ERR,ERR,ERR,ERR,ERR,ERR,ERR,ERR,ERR,ERR,ERR,ERR,ERR,ERR,ERR,ERR,ERR,ERR,ERR,ERR,ERR,ERR,ERR,ERR,ERR,ERR,ERR,ERR,ERR,ERR,ERR,ERR,ERR,ERR,ERR,ERR,ERR,ERR,ERR,0.0,-107615288.0,-0.0,0.0,0.0,1.3936040501711995e+18,7.805,0.0,0,0,4,0,8422,0.0,45,0.0,0.0,0.0,0.0,0.0,0,0,0,0,0.0,0,0,0,0,0,0,0,0,0,0,0,0,0,0,0,0,0,0,0,0,0,0,0,0,0,0,0,0,0,0,0,0,0,38,14,7,45,65476,0,300,0,0,8,21553,0.0,-107605600.0,0.0,0.0,0.0,0.0,0.0,0.0,0.0,0.0,0.0,0.0,0.0,0.0,0.0,0.0,0.0,0.0,0.0,0.0,0.0,0.0,0.0,-2.004,-0.0,0.0,0.0,0.0,0.0,0.0,5070.0,2.004,0.0,0.0,-107615288.0,0.0,-107615304.0,0.0,0.0,0.0,0.0,53,1.9056979486756045e+17,-0.0,0.0,0.0,0.0,0.0,0.0,0.0,0.0,0,0,0,0.0,0.0,0.0,0.0,0.0,0.0,0.0,0.0,0.0,0.0,0.0,0.0,0.0,0.0,0.0,0.0,0,-107875648.0,53,0.0,106,-107614832.0,-107350944.0,ERR,ERR,ERR,ERR,ERR,ERR,ERR,ERR,ERR,ERR,ERR,ERR,ERR,ERR,ERR,ERR,ERR,ERR,ERR,ERR,ERR,ERR,ERR,ERR,ERR,ERR,ERR,ERR,ERR,ERR,ERR,ERR,ERR,ERR,ERR,ERR,ERR,ERR,ERR,ERR,ERR,ERR,ERR,ERR,ERR,ERR,ERR,ERR,ERR,ERR,ERR,ERR,ERR,ERR,ERR,ERR,ERR,ERR,ERR,ERR,ERR,ERR,ERR,ERR,ERR,ERR,ERR,50.0,60.0,100,0.0,0.0,0.0,0.0,0.0,0.0,0.0,0.0,0.0,0.0,0.0,0.0,0.0,0.0,0.0,0.0,61.6,64,20,65521,50,65476,0,300,0,0,8,20529,65476,0,0,26214,60.0,0.0,0.0,0.0,0.0,0.0
2026-05-17T16:35:33,ERR,ERR,ERR,ERR,ERR,ERR,ERR,ERR,ERR,ERR,ERR,ERR,ERR,ERR,ERR,ERR,ERR,ERR,ERR,ERR,ERR,ERR,ERR,ERR,ERR,ERR,ERR,ERR,ERR,ERR,ERR,ERR,ERR,ERR,ERR,ERR,ERR,ERR,ERR,ERR,ERR,ERR,ERR,ERR,ERR,ERR,ERR,ERR,ERR,ERR,ERR,ERR,ERR,ERR,ERR,ERR,ERR,ERR,ERR,ERR,ERR,ERR,ERR,ERR,ERR,ERR,ERR,ERR,ERR,ERR,ERR,ERR,ERR,ERR,ERR,ERR,ERR,ERR,ERR,ERR,ERR,ERR,ERR,ERR,ERR,ERR,ERR,ERR,ERR,ERR,ERR,ERR,ERR,ERR,ERR,ERR,ERR,ERR,ERR,ERR,ERR,ERR,ERR,ERR,ERR,ERR,ERR,ERR,ERR,ERR,ERR,ERR,ERR,ERR,ERR,ERR,ERR,ERR,ERR,ERR,ERR,ERR,ERR,ERR,ERR,0.0,-107615288.0,-0.0,0.0,0.0,1.3936040501711995e+18,7.805,0.0,0,0,4,0,8422,0.0,45,0.0,0.0,0.0,0.0,0.0,0,0,0,0,0.0,0,0,0,0,0,0,0,0,0,0,0,0,0,0,0,0,0,0,0,0,0,0,0,0,0,0,0,0,0,0,0,0,0,38,14,7,45,65476,0,300,0,0,8,21553,0.0,-107605600.0,0.0,0.0,0.0,0.0,0.0,0.0,0.0,0.0,0.0,0.0,0.0,0.0,0.0,0.0,0.0,0.0,0.0,0.0,0.0,0.0,0.0,-2.004,-0.0,0.0,0.0,0.0,0.0,0.0,5070.0,2.004,0.0,0.0,-107615288.0,0.0,-107615304.0,0.0,0.0,0.0,0.0,53,1.9056979486756045e+17,-0.0,0.0,0.0,0.0,0.0,0.0,0.0,0.0,0,0,0,0.0,0.0,0.0,0.0,0.0,0.0,0.0,0.0,0.0,0.0,0.0,0.0,0.0,0.0,0.0,0.0,0,-107875648.0,53,0.0,106,-107614832.0,-107350944.0,ERR,ERR,ERR,ERR,ERR,ERR,ERR,ERR,ERR,ERR,ERR,ERR,ERR,ERR,ERR,ERR,ERR,ERR,ERR,ERR,ERR,ERR,ERR,ERR,ERR,ERR,ERR,ERR,ERR,ERR,ERR,ERR,ERR,ERR,ERR,ERR,ERR,ERR,ERR,ERR,ERR,ERR,ERR,ERR,ERR,ERR,ERR,ERR,ERR,ERR,ERR,ERR,ERR,ERR,ERR,ERR,ERR,ERR,ERR,ERR,ERR,ERR,ERR,ERR,ERR,ERR,ERR,50.0,60.0,100,0.0,0.0,0.0,0.0,0.0,0.0,0.0,0.0,0.0,0.0,0.0,0.0,0.0,0.0,0.0,0.0,61.6,64,20,65521,50,65476,0,300,0,0,8,20529,65476,0,0,26214,60.0,0.0,0.0,0.0,0.0,0.0
2026-05-17T16:35:34,ERR,ERR,ERR,ERR,ERR,ERR,ERR,ERR,ERR,ERR,ERR,ERR,ERR,ERR,ERR,ERR,ERR,ERR,ERR,ERR,ERR,ERR,ERR,ERR,ERR,ERR,ERR,ERR,ERR,ERR,ERR,ERR,ERR,ERR,ERR,ERR,ERR,ERR,ERR,ERR,ERR,ERR,ERR,ERR,ERR,ERR,ERR,ERR,ERR,ERR,ERR,ERR,ERR,ERR,ERR,ERR,ERR,ERR,ERR,ERR,ERR,ERR,ERR,ERR,ERR,ERR,ERR,ERR,ERR,ERR,ERR,ERR,ERR,ERR,ERR,ERR,ERR,ERR,ERR,ERR,ERR,ERR,ERR,ERR,ERR,ERR,ERR,ERR,ERR,ERR,ERR,ERR,ERR,ERR,ERR,ERR,ERR,ERR,ERR,ERR,ERR,ERR,ERR,ERR,ERR,ERR,ERR,ERR,ERR,ERR,ERR,ERR,ERR,ERR,ERR,ERR,ERR,ERR,ERR,ERR,ERR,ERR,ERR,ERR,ERR,0.0,-107615288.0,-0.0,0.0,0.0,1.3936040501711995e+18,7.805,0.0,0,0,4,0,8422,0.0,45,0.0,0.0,0.0,0.0,0.0,0,0,0,0,0.0,0,0,0,0,0,0,0,0,0,0,0,0,0,0,0,0,0,0,0,0,0,0,0,0,0,0,0,0,0,0,0,0,0,38,14,7,45,65476,0,300,0,0,8,21553,0.0,-107605600.0,0.0,0.0,0.0,0.0,0.0,0.0,0.0,0.0,0.0,0.0,0.0,0.0,0.0,0.0,0.0,0.0,0.0,0.0,0.0,0.0,0.0,-2.004,-0.0,0.0,0.0,0.0,0.0,0.0,5070.0,2.004,0.0,0.0,-107615288.0,0.0,-107615304.0,0.0,0.0,0.0,0.0,53,1.9056979486756045e+17,-0.0,0.0,0.0,0.0,0.0,0.0,0.0,0.0,0,0,0,0.0,0.0,0.0,0.0,0.0,0.0,0.0,0.0,0.0,0.0,0.0,0.0,0.0,0.0,0.0,0.0,0,-107875648.0,53,0.0,106,-107614832.0,-107350944.0,ERR,ERR,ERR,ERR,ERR,ERR,ERR,ERR,ERR,ERR,ERR,ERR,ERR,ERR,ERR,ERR,ERR,ERR,ERR,ERR,ERR,ERR,ERR,ERR,ERR,ERR,ERR,ERR,ERR,ERR,ERR,ERR,ERR,ERR,ERR,ERR,ERR,ERR,ERR,ERR,ERR,ERR,ERR,ERR,ERR,ERR,ERR,ERR,ERR,ERR,ERR,ERR,ERR,ERR,ERR,ERR,ERR,ERR,ERR,ERR,ERR,ERR,ERR,ERR,ERR,ERR,ERR,50.0,60.0,100,0.0,0.0,0.0,0.0,0.0,0.0,0.0,0.0,0.0,0.0,0.0,0.0,0.0,0.0,0.0,0.0,61.6,64,20,65521,50,65476,0,300,0,0,8,20529,65476,0,0,26214,60.0,0.0,0.0,0.0,0.0,0.0
2026-05-17T16:35:35,ERR,ERR,ERR,ERR,ERR,ERR,ERR,ERR,ERR,ERR,ERR,ERR,ERR,ERR,ERR,ERR,ERR,ERR,ERR,ERR,ERR,ERR,ERR,ERR,ERR,ERR,ERR,ERR,ERR,ERR,ERR,ERR,ERR,ERR,ERR,ERR,ERR,ERR,ERR,ERR,ERR,ERR,ERR,ERR,ERR,ERR,ERR,ERR,ERR,ERR,ERR,ERR,ERR,ERR,ERR,ERR,ERR,ERR,ERR,ERR,ERR,ERR,ERR,ERR,ERR,ERR,ERR,ERR,ERR,ERR,ERR,ERR,ERR,ERR,ERR,ERR,ERR,ERR,ERR,ERR,ERR,ERR,ERR,ERR,ERR,ERR,ERR,ERR,ERR,ERR,ERR,ERR,ERR,ERR,ERR,ERR,ERR,ERR,ERR,ERR,ERR,ERR,ERR,ERR,ERR,ERR,ERR,ERR,ERR,ERR,ERR,ERR,ERR,ERR,ERR,ERR,ERR,ERR,ERR,ERR,ERR,ERR,ERR,ERR,ERR,0.0,-107615288.0,-0.0,0.0,0.0,1.3936040501711995e+18,7.805,0.0,0,0,4,0,8422,0.0,45,0.0,0.0,0.0,0.0,0.0,0,0,0,0,0.0,0,0,0,0,0,0,0,0,0,0,0,0,0,0,0,0,0,0,0,0,0,0,0,0,0,0,0,0,0,0,0,0,0,38,14,7,45,65476,0,300,0,0,8,21553,0.0,-107605600.0,0.0,0.0,0.0,0.0,0.0,0.0,0.0,0.0,0.0,0.0,0.0,0.0,0.0,0.0,0.0,0.0,0.0,0.0,0.0,0.0,0.0,-2.004,-0.0,0.0,0.0,0.0,0.0,0.0,5070.0,2.004,0.0,0.0,-107615288.0,0.0,-107615304.0,0.0,0.0,0.0,0.0,53,1.9056979486756045e+17,-0.0,0.0,0.0,0.0,0.0,0.0,0.0,0.0,0,0,0,0.0,0.0,0.0,0.0,0.0,0.0,0.0,0.0,0.0,0.0,0.0,0.0,0.0,0.0,0.0,0.0,0,-107875648.0,53,0.0,106,-107614832.0,-107350944.0,ERR,ERR,ERR,ERR,ERR,ERR,ERR,ERR,ERR,ERR,ERR,ERR,ERR,ERR,ERR,ERR,ERR,ERR,ERR,ERR,ERR,ERR,ERR,ERR,ERR,ERR,ERR,ERR,ERR,ERR,ERR,ERR,ERR,ERR,ERR,ERR,ERR,ERR,ERR,ERR,ERR,ERR,ERR,ERR,ERR,ERR,ERR,ERR,ERR,ERR,ERR,ERR,ERR,ERR,ERR,ERR,ERR,ERR,ERR,ERR,ERR,ERR,ERR,ERR,ERR,ERR,ERR,50.0,60.0,100,0.0,0.0,0.0,0.0,0.0,0.0,0.0,0.0,0.0,0.0,0.0,0.0,0.0,0.0,0.0,0.0,61.6,64,20,65521,50,65476,0,300,0,0,8,20529,65476,0,0,26214,60.0,0.0,0.0,0.0,0.0,0.0
2026-05-17T16:35:36,ERR,ERR,ERR,ERR,ERR,ERR,ERR,ERR,ERR,ERR,ERR,ERR,ERR,ERR,ERR,ERR,ERR,ERR,ERR,ERR,ERR,ERR,ERR,ERR,ERR,ERR,ERR,ERR,ERR,ERR,ERR,ERR,ERR,ERR,ERR,ERR,ERR,ERR,ERR,ERR,ERR,ERR,ERR,ERR,ERR,ERR,ERR,ERR,ERR,ERR,ERR,ERR,ERR,ERR,ERR,ERR,ERR,ERR,ERR,ERR,ERR,ERR,ERR,ERR,ERR,ERR,ERR,ERR,ERR,ERR,ERR,ERR,ERR,ERR,ERR,ERR,ERR,ERR,ERR,ERR,ERR,ERR,ERR,ERR,ERR,ERR,ERR,ERR,ERR,ERR,ERR,ERR,ERR,ERR,ERR,ERR,ERR,ERR,ERR,ERR,ERR,ERR,ERR,ERR,ERR,ERR,ERR,ERR,ERR,ERR,ERR,ERR,ERR,ERR,ERR,ERR,ERR,ERR,ERR,ERR,ERR,ERR,ERR,ERR,ERR,0.0,-107615288.0,-0.0,0.0,0.0,1.3936040501711995e+18,7.805,0.0,0,0,4,0,8422,0.0,45,0.0,0.0,0.0,0.0,0.0,0,0,0,0,0.0,0,0,0,0,0,0,0,0,0,0,0,0,0,0,0,0,0,0,0,0,0,0,0,0,0,0,0,0,0,0,0,0,0,38,14,7,45,65476,0,300,0,0,8,21553,0.0,-107605600.0,0.0,0.0,0.0,0.0,0.0,0.0,0.0,0.0,0.0,0.0,0.0,0.0,0.0,0.0,0.0,0.0,0.0,0.0,0.0,0.0,0.0,-2.004,-0.0,0.0,0.0,0.0,0.0,0.0,5070.0,2.004,0.0,0.0,-107615288.0,0.0,-107615304.0,0.0,0.0,0.0,0.0,53,1.9056979486756045e+17,-0.0,0.0,0.0,0.0,0.0,0.0,0.0,0.0,0,0,0,0.0,0.0,0.0,0.0,0.0,0.0,0.0,0.0,0.0,0.0,0.0,0.0,0.0,0.0,0.0,0.0,0,-107875648.0,53,0.0,106,-107614832.0,-107350944.0,ERR,ERR,ERR,ERR,ERR,ERR,ERR,ERR,ERR,ERR,ERR,ERR,ERR,ERR,ERR,ERR,ERR,ERR,ERR,ERR,ERR,ERR,ERR,ERR,ERR,ERR,ERR,ERR,ERR,ERR,ERR,ERR,ERR,ERR,ERR,ERR,ERR,ERR,ERR,ERR,ERR,ERR,ERR,ERR,ERR,ERR,ERR,ERR,ERR,ERR,ERR,ERR,ERR,ERR,ERR,ERR,ERR,ERR,ERR,ERR,ERR,ERR,ERR,ERR,ERR,ERR,ERR,50.0,60.0,100,0.0,0.0,0.0,0.0,0.0,0.0,0.0,0.0,0.0,0.0,0.0,0.0,0.0,0.0,0.0,0.0,61.6,64,20,65521,50,65476,0,300,0,0,8,20529,65476,0,0,26214,60.0,0.0,0.0,0.0,0.0,0.0
2026-05-17T16:35:37,ERR,ERR,ERR,ERR,ERR,ERR,ERR,ERR,ERR,ERR,ERR,ERR,ERR,ERR,ERR,ERR,ERR,ERR,ERR,ERR,ERR,ERR,ERR,ERR,ERR,ERR,ERR,ERR,ERR,ERR,ERR,ERR,ERR,ERR,ERR,ERR,ERR,ERR,ERR,ERR,ERR,ERR,ERR,ERR,ERR,ERR,ERR,ERR,ERR,ERR,ERR,ERR,ERR,ERR,ERR,ERR,ERR,ERR,ERR,ERR,ERR,ERR,ERR,ERR,ERR,ERR,ERR,ERR,ERR,ERR,ERR,ERR,ERR,ERR,ERR,ERR,ERR,ERR,ERR,ERR,ERR,ERR,ERR,ERR,ERR,ERR,ERR,ERR,ERR,ERR,ERR,ERR,ERR,ERR,ERR,ERR,ERR,ERR,ERR,ERR,ERR,ERR,ERR,ERR,ERR,ERR,ERR,ERR,ERR,ERR,ERR,ERR,ERR,ERR,ERR,ERR,ERR,ERR,ERR,ERR,ERR,ERR,ERR,ERR,ERR,0.0,0.0,-134474944.0,0.0,0.0,1.3936040501711995e+18,7.805,0.0,0,0,4,0,8422,0.0,45,0.0,0.0,0.0,0.0,0.0,0,0,0,0,0.0,0,0,0,0,0,0,0,0,0,0,0,0,0,0,0,0,0,0,0,0,0,0,0,0,0,0,0,0,0,0,0,0,0,38,14,7,45,65476,0,300,0,0,8,21553,0.0,-107605600.0,0.0,0.0,0.0,0.0,0.0,0.0,0.0,0.0,0.0,0.0,0.0,0.0,0.0,0.0,0.0,0.0,0.0,0.0,0.0,0.0,0.0,-2.004,-0.0,0.0,0.0,0.0,0.0,0.0,5072.0,-0.0,0.0,0.0,0.0,0.0,-107615304.0,0.0,0.0,0.0,0.0,53,2.7184300208680915e+23,-2.3088284031854313e+20,0.0,0.0,0.0,0.0,0.0,0.0,0.0,0,0,0,0.0,0.0,0.0,0.0,0.0,0.0,0.0,0.0,0.0,0.0,0.0,0.0,0.0,0.0,0.0,0.0,0,-107875648.0,53,0.0,106,-107614832.0,-107350944.0,ERR,ERR,ERR,ERR,ERR,ERR,ERR,ERR,ERR,ERR,ERR,ERR,ERR,ERR,ERR,ERR,ERR,ERR,ERR,ERR,ERR,ERR,ERR,ERR,ERR,ERR,ERR,ERR,ERR,ERR,ERR,ERR,ERR,ERR,ERR,ERR,ERR,ERR,ERR,ERR,ERR,ERR,ERR,ERR,ERR,ERR,ERR,ERR,ERR,ERR,ERR,ERR,ERR,ERR,ERR,ERR,ERR,ERR,ERR,ERR,ERR,ERR,ERR,ERR,ERR,ERR,ERR,50.0,60.0,100,0.0,0.0,0.0,0.0,0.0,0.0,0.0,0.0,0.0,0.0,0.0,0.0,0.0,0.0,0.0,0.0,61.6,64,20,65521,50,65476,0,300,0,0,8,20529,65476,0,0,26214,60.0,0.0,0.0,0.0,0.0,0.0
2026-05-17T16:35:38,ERR,ERR,ERR,ERR,ERR,ERR,ERR,ERR,ERR,ERR,ERR,ERR,ERR,ERR,ERR,ERR,ERR,ERR,ERR,ERR,ERR,ERR,ERR,ERR,ERR,ERR,ERR,ERR,ERR,ERR,ERR,ERR,ERR,ERR,ERR,ERR,ERR,ERR,ERR,ERR,ERR,ERR,ERR,ERR,ERR,ERR,ERR,ERR,ERR,ERR,ERR,ERR,ERR,ERR,ERR,ERR,ERR,ERR,ERR,ERR,ERR,ERR,ERR,ERR,ERR,ERR,ERR,ERR,ERR,ERR,ERR,ERR,ERR,ERR,ERR,ERR,ERR,ERR,ERR,ERR,ERR,ERR,ERR,ERR,ERR,ERR,ERR,ERR,ERR,ERR,ERR,ERR,ERR,ERR,ERR,ERR,ERR,ERR,ERR,ERR,ERR,ERR,ERR,ERR,ERR,ERR,ERR,ERR,ERR,ERR,ERR,ERR,ERR,ERR,ERR,ERR,ERR,ERR,ERR,ERR,ERR,ERR,ERR,ERR,ERR,0.0,0.0,-134474944.0,0.0,0.0,1.3936040501711995e+18,7.805,0.0,0,0,4,0,8422,0.0,45,0.0,0.0,0.0,0.0,0.0,0,0,0,0,0.0,0,0,0,0,0,0,0,0,0,0,0,0,0,0,0,0,0,0,0,0,0,0,0,0,0,0,0,0,0,0,0,0,0,38,14,7,45,65476,0,300,0,0,8,21553,0.0,-107605600.0,0.0,0.0,0.0,0.0,0.0,0.0,0.0,0.0,0.0,0.0,0.0,0.0,0.0,0.0,0.0,0.0,0.0,0.0,0.0,0.0,0.0,-2.004,-0.0,0.0,0.0,0.0,0.0,0.0,5072.0,-0.0,0.0,0.0,0.0,0.0,-107615304.0,0.0,0.0,0.0,0.0,53,2.7184300208680915e+23,-2.3088284031854313e+20,0.0,0.0,0.0,0.0,0.0,0.0,0.0,0,0,0,0.0,0.0,0.0,0.0,0.0,0.0,0.0,0.0,0.0,0.0,0.0,0.0,0.0,0.0,0.0,0.0,0,-107875648.0,53,0.0,106,-107614832.0,-107350944.0,ERR,ERR,ERR,ERR,ERR,ERR,ERR,ERR,ERR,ERR,ERR,ERR,ERR,ERR,ERR,ERR,ERR,ERR,ERR,ERR,ERR,ERR,ERR,ERR,ERR,ERR,ERR,ERR,ERR,ERR,ERR,ERR,ERR,ERR,ERR,ERR,ERR,ERR,ERR,ERR,ERR,ERR,ERR,ERR,ERR,ERR,ERR,ERR,ERR,ERR,ERR,ERR,ERR,ERR,ERR,ERR,ERR,ERR,ERR,ERR,ERR,ERR,ERR,ERR,ERR,ERR,ERR,50.0,60.0,100,0.0,0.0,0.0,0.0,0.0,0.0,0.0,0.0,0.0,0.0,0.0,0.0,0.0,0.0,0.0,0.0,61.6,64,20,65521,50,65476,0,300,0,0,8,20529,65476,0,0,26214,60.0,0.0,0.0,0.0,0.0,0.0
2026-05-17T16:35:39,ERR,ERR,ERR,ERR,ERR,ERR,ERR,ERR,ERR,ERR,ERR,ERR,ERR,ERR,ERR,ERR,ERR,ERR,ERR,ERR,ERR,ERR,ERR,ERR,ERR,ERR,ERR,ERR,ERR,ERR,ERR,ERR,ERR,ERR,ERR,ERR,ERR,ERR,ERR,ERR,ERR,ERR,ERR,ERR,ERR,ERR,ERR,ERR,ERR,ERR,ERR,ERR,ERR,ERR,ERR,ERR,ERR,ERR,ERR,ERR,ERR,ERR,ERR,ERR,ERR,ERR,ERR,ERR,ERR,ERR,ERR,ERR,ERR,ERR,ERR,ERR,ERR,ERR,ERR,ERR,ERR,ERR,ERR,ERR,ERR,ERR,ERR,ERR,ERR,ERR,ERR,ERR,ERR,ERR,ERR,ERR,ERR,ERR,ERR,ERR,ERR,ERR,ERR,ERR,ERR,ERR,ERR,ERR,ERR,ERR,ERR,ERR,ERR,ERR,ERR,ERR,ERR,ERR,ERR,ERR,ERR,ERR,ERR,ERR,ERR,0.0,0.0,-134474944.0,0.0,0.0,1.3936040501711995e+18,7.805,0.0,0,0,4,0,8422,0.0,45,0.0,0.0,0.0,0.0,0.0,0,0,0,0,0.0,0,0,0,0,0,0,0,0,0,0,0,0,0,0,0,0,0,0,0,0,0,0,0,0,0,0,0,0,0,0,0,0,0,38,14,7,45,65476,0,300,0,0,8,21553,0.0,-107605600.0,0.0,0.0,0.0,0.0,0.0,0.0,0.0,0.0,0.0,0.0,0.0,0.0,0.0,0.0,0.0,0.0,0.0,0.0,0.0,0.0,0.0,-2.004,-0.0,0.0,0.0,0.0,0.0,0.0,5072.0,-0.0,0.0,0.0,0.0,0.0,-107615304.0,0.0,0.0,0.0,0.0,53,2.7184300208680915e+23,-2.3088284031854313e+20,0.0,0.0,0.0,0.0,0.0,0.0,0.0,0,0,0,0.0,0.0,0.0,0.0,0.0,0.0,0.0,0.0,0.0,0.0,0.0,0.0,0.0,0.0,0.0,0.0,0,-107875648.0,53,0.0,106,-107614832.0,-107350944.0,ERR,ERR,ERR,ERR,ERR,ERR,ERR,ERR,ERR,ERR,ERR,ERR,ERR,ERR,ERR,ERR,ERR,ERR,ERR,ERR,ERR,ERR,ERR,ERR,ERR,ERR,ERR,ERR,ERR,ERR,ERR,ERR,ERR,ERR,ERR,ERR,ERR,ERR,ERR,ERR,ERR,ERR,ERR,ERR,ERR,ERR,ERR,ERR,ERR,ERR,ERR,ERR,ERR,ERR,ERR,ERR,ERR,ERR,ERR,ERR,ERR,ERR,ERR,ERR,ERR,ERR,ERR,50.0,60.0,100,0.0,0.0,0.0,0.0,0.0,0.0,0.0,0.0,0.0,0.0,0.0,0.0,0.0,0.0,0.0,0.0,61.6,64,20,65521,50,65476,0,300,0,0,8,20529,65476,0,0,26214,60.0,0.0,0.0,0.0,0.0,0.0
2026-05-17T16:35:40,ERR,ERR,ERR,ERR,ERR,ERR,ERR,ERR,ERR,ERR,ERR,ERR,ERR,ERR,ERR,ERR,ERR,ERR,ERR,ERR,ERR,ERR,ERR,ERR,ERR,ERR,ERR,ERR,ERR,ERR,ERR,ERR,ERR,ERR,ERR,ERR,ERR,ERR,ERR,ERR,ERR,ERR,ERR,ERR,ERR,ERR,ERR,ERR,ERR,ERR,ERR,ERR,ERR,ERR,ERR,ERR,ERR,ERR,ERR,ERR,ERR,ERR,ERR,ERR,ERR,ERR,ERR,ERR,ERR,ERR,ERR,ERR,ERR,ERR,ERR,ERR,ERR,ERR,ERR,ERR,ERR,ERR,ERR,ERR,ERR,ERR,ERR,ERR,ERR,ERR,ERR,ERR,ERR,ERR,ERR,ERR,ERR,ERR,ERR,ERR,ERR,ERR,ERR,ERR,ERR,ERR,ERR,ERR,ERR,ERR,ERR,ERR,ERR,ERR,ERR,ERR,ERR,ERR,ERR,ERR,ERR,ERR,ERR,ERR,ERR,0.0,0.0,-134474944.0,0.0,0.0,1.3936040501711995e+18,7.805,0.0,0,0,4,0,8422,0.0,45,0.0,0.0,0.0,0.0,0.0,0,0,0,0,0.0,0,0,0,0,0,0,0,0,0,0,0,0,0,0,0,0,0,0,0,0,0,0,0,0,0,0,0,0,0,0,0,0,0,38,14,7,45,65476,0,300,0,0,8,21553,0.0,-107605600.0,0.0,0.0,0.0,0.0,0.0,0.0,0.0,0.0,0.0,0.0,0.0,0.0,0.0,0.0,0.0,0.0,0.0,0.0,0.0,0.0,0.0,-2.004,-0.0,0.0,0.0,0.0,0.0,0.0,5072.0,-0.0,0.0,0.0,0.0,0.0,-107615304.0,0.0,0.0,0.0,0.0,53,2.7184300208680915e+23,-2.3088284031854313e+20,0.0,0.0,0.0,0.0,0.0,0.0,0.0,0,0,0,0.0,0.0,0.0,0.0,0.0,0.0,0.0,0.0,0.0,0.0,0.0,0.0,0.0,0.0,0.0,0.0,0,-107875648.0,53,0.0,106,-107614832.0,-107350944.0,ERR,ERR,ERR,ERR,ERR,ERR,ERR,ERR,ERR,ERR,ERR,ERR,ERR,ERR,ERR,ERR,ERR,ERR,ERR,ERR,ERR,ERR,ERR,ERR,ERR,ERR,ERR,ERR,ERR,ERR,ERR,ERR,ERR,ERR,ERR,ERR,ERR,ERR,ERR,ERR,ERR,ERR,ERR,ERR,ERR,ERR,ERR,ERR,ERR,ERR,ERR,ERR,ERR,ERR,ERR,ERR,ERR,ERR,ERR,ERR,ERR,ERR,ERR,ERR,ERR,ERR,ERR,50.0,60.0,100,0.0,0.0,0.0,0.0,0.0,0.0,0.0,0.0,0.0,0.0,0.0,0.0,0.0,0.0,0.0,0.0,61.6,64,20,65521,50,65476,0,300,0,0,8,20529,65476,0,0,26214,60.0,0.0,0.0,0.0,0.0,0.0
2026-05-17T16:35:41,ERR,ERR,ERR,ERR,ERR,ERR,ERR,ERR,ERR,ERR,ERR,ERR,ERR,ERR,ERR,ERR,ERR,ERR,ERR,ERR,ERR,ERR,ERR,ERR,ERR,ERR,ERR,ERR,ERR,ERR,ERR,ERR,ERR,ERR,ERR,ERR,ERR,ERR,ERR,ERR,ERR,ERR,ERR,ERR,ERR,ERR,ERR,ERR,ERR,ERR,ERR,ERR,ERR,ERR,ERR,ERR,ERR,ERR,ERR,ERR,ERR,ERR,ERR,ERR,ERR,ERR,ERR,ERR,ERR,ERR,ERR,ERR,ERR,ERR,ERR,ERR,ERR,ERR,ERR,ERR,ERR,ERR,ERR,ERR,ERR,ERR,ERR,ERR,ERR,ERR,ERR,ERR,ERR,ERR,ERR,ERR,ERR,ERR,ERR,ERR,ERR,ERR,ERR,ERR,ERR,ERR,ERR,ERR,ERR,ERR,ERR,ERR,ERR,ERR,ERR,ERR,ERR,ERR,ERR,ERR,ERR,ERR,ERR,ERR,ERR,0.0,0.0,-134474944.0,0.0,0.0,1.3936040501711995e+18,7.805,0.0,0,0,4,0,8422,0.0,45,0.0,0.0,0.0,0.0,0.0,0,0,0,0,0.0,0,0,0,0,0,0,0,0,0,0,0,0,0,0,0,0,0,0,0,0,0,0,0,0,0,0,0,0,0,0,0,0,0,38,14,7,45,65476,0,300,0,0,8,21553,0.0,-107605600.0,0.0,0.0,0.0,0.0,0.0,0.0,0.0,0.0,0.0,0.0,0.0,0.0,0.0,0.0,0.0,0.0,0.0,0.0,0.0,0.0,0.0,-2.004,-0.0,0.0,0.0,0.0,0.0,0.0,5072.0,-0.0,0.0,0.0,0.0,0.0,-107615304.0,0.0,0.0,0.0,0.0,53,2.7184300208680915e+23,-2.3088284031854313e+20,0.0,0.0,0.0,0.0,0.0,0.0,0.0,0,0,0,0.0,0.0,0.0,0.0,0.0,0.0,0.0,0.0,0.0,0.0,0.0,0.0,0.0,0.0,0.0,0.0,0,-107875648.0,53,0.0,106,-107614832.0,-107350944.0,ERR,ERR,ERR,ERR,ERR,ERR,ERR,ERR,ERR,ERR,ERR,ERR,ERR,ERR,ERR,ERR,ERR,ERR,ERR,ERR,ERR,ERR,ERR,ERR,ERR,ERR,ERR,ERR,ERR,ERR,ERR,ERR,ERR,ERR,ERR,ERR,ERR,ERR,ERR,ERR,ERR,ERR,ERR,ERR,ERR,ERR,ERR,ERR,ERR,ERR,ERR,ERR,ERR,ERR,ERR,ERR,ERR,ERR,ERR,ERR,ERR,ERR,ERR,ERR,ERR,ERR,ERR,50.0,60.0,100,0.0,0.0,0.0,0.0,0.0,0.0,0.0,0.0,0.0,0.0,0.0,0.0,0.0,0.0,0.0,0.0,61.6,64,20,65521,50,65476,0,300,0,0,8,20529,65476,0,0,26214,60.0,0.0,0.0,0.0,0.0,0.0
2026-05-17T16:35:42,ERR,ERR,ERR,ERR,ERR,ERR,ERR,ERR,ERR,ERR,ERR,ERR,ERR,ERR,ERR,ERR,ERR,ERR,ERR,ERR,ERR,ERR,ERR,ERR,ERR,ERR,ERR,ERR,ERR,ERR,ERR,ERR,ERR,ERR,ERR,ERR,ERR,ERR,ERR,ERR,ERR,ERR,ERR,ERR,ERR,ERR,ERR,ERR,ERR,ERR,ERR,ERR,ERR,ERR,ERR,ERR,ERR,ERR,ERR,ERR,ERR,ERR,ERR,ERR,ERR,ERR,ERR,ERR,ERR,ERR,ERR,ERR,ERR,ERR,ERR,ERR,ERR,ERR,ERR,ERR,ERR,ERR,ERR,ERR,ERR,ERR,ERR,ERR,ERR,ERR,ERR,ERR,ERR,ERR,ERR,ERR,ERR,ERR,ERR,ERR,ERR,ERR,ERR,ERR,ERR,ERR,ERR,ERR,ERR,ERR,ERR,ERR,ERR,ERR,ERR,ERR,ERR,ERR,ERR,ERR,ERR,ERR,ERR,ERR,ERR,0.0,0.0,-134474944.0,0.0,0.0,1.3936040501711995e+18,7.805,0.0,0,0,4,0,8422,0.0,45,0.0,0.0,0.0,0.0,0.0,0,0,0,0,0.0,0,0,0,0,0,0,0,0,0,0,0,0,0,0,0,0,0,0,0,0,0,0,0,0,0,0,0,0,0,0,0,0,0,38,14,7,45,65476,0,300,0,0,8,21553,0.0,-107605600.0,0.0,0.0,0.0,0.0,0.0,0.0,0.0,0.0,0.0,0.0,0.0,0.0,0.0,0.0,0.0,0.0,0.0,0.0,0.0,0.0,0.0,-2.004,-2.004,0.0,0.0,0.0,0.0,0.0,5073.0,0.0,0.0,0.0,-107615288.0,0.0,-0.0,0.0,0.0,0.0,0.0,53,3.222028592685471e+26,-0.0,0.0,0.0,0.0,0.0,0.0,0.0,0.0,0,0,0,0.0,0.0,0.0,0.0,0.0,0.0,0.0,0.0,0.0,0.0,0.0,0.0,0.0,0.0,0.0,0.0,0,-107875648.0,53,0.0,106,-107614832.0,2.7006707062415038e+23,ERR,ERR,ERR,ERR,ERR,ERR,ERR,ERR,ERR,ERR,ERR,ERR,ERR,ERR,ERR,ERR,ERR,ERR,ERR,ERR,ERR,ERR,ERR,ERR,ERR,ERR,ERR,ERR,ERR,ERR,ERR,ERR,ERR,ERR,ERR,ERR,ERR,ERR,ERR,ERR,ERR,ERR,ERR,ERR,ERR,ERR,ERR,ERR,ERR,ERR,ERR,ERR,ERR,ERR,ERR,ERR,ERR,ERR,ERR,ERR,ERR,ERR,ERR,ERR,ERR,ERR,ERR,50.0,60.0,100,0.0,0.0,0.0,0.0,0.0,0.0,0.0,0.0,0.0,0.0,0.0,0.0,0.0,0.0,0.0,0.0,61.6,64,20,65521,50,65476,0,300,0,0,8,20529,65476,0,0,26214,60.0,0.0,0.0,0.0,0.0,0.0
2026-05-17T16:35:43,ERR,ERR,ERR,ERR,ERR,ERR,ERR,ERR,ERR,ERR,ERR,ERR,ERR,ERR,ERR,ERR,ERR,ERR,ERR,ERR,ERR,ERR,ERR,ERR,ERR,ERR,ERR,ERR,ERR,ERR,ERR,ERR,ERR,ERR,ERR,ERR,ERR,ERR,ERR,ERR,ERR,ERR,ERR,ERR,ERR,ERR,ERR,ERR,ERR,ERR,ERR,ERR,ERR,ERR,ERR,ERR,ERR,ERR,ERR,ERR,ERR,ERR,ERR,ERR,ERR,ERR,ERR,ERR,ERR,ERR,ERR,ERR,ERR,ERR,ERR,ERR,ERR,ERR,ERR,ERR,ERR,ERR,ERR,ERR,ERR,ERR,ERR,ERR,ERR,ERR,ERR,ERR,ERR,ERR,ERR,ERR,ERR,ERR,ERR,ERR,ERR,ERR,ERR,ERR,ERR,ERR,ERR,ERR,ERR,ERR,ERR,ERR,ERR,ERR,ERR,ERR,ERR,ERR,ERR,ERR,ERR,ERR,ERR,ERR,ERR,0.0,0.0,-134474944.0,0.0,0.0,1.3936040501711995e+18,7.805,0.0,0,0,4,0,8422,0.0,45,0.0,0.0,0.0,0.0,0.0,0,0,0,0,0.0,0,0,0,0,0,0,0,0,0,0,0,0,0,0,0,0,0,0,0,0,0,0,0,0,0,0,0,0,0,0,0,0,0,38,14,7,45,65476,0,300,0,0,8,21553,0.0,-107605600.0,0.0,0.0,0.0,0.0,0.0,0.0,0.0,0.0,0.0,0.0,0.0,0.0,0.0,0.0,0.0,0.0,0.0,0.0,0.0,0.0,0.0,-2.004,-2.004,0.0,0.0,0.0,0.0,0.0,5073.0,0.0,0.0,0.0,-107615288.0,0.0,-0.0,0.0,0.0,0.0,0.0,53,3.222028592685471e+26,-0.0,0.0,0.0,0.0,0.0,0.0,0.0,0.0,0,0,0,0.0,0.0,0.0,0.0,0.0,0.0,0.0,0.0,0.0,0.0,0.0,0.0,0.0,0.0,0.0,0.0,0,-107875648.0,53,0.0,106,-107614832.0,2.7006707062415038e+23,ERR,ERR,ERR,ERR,ERR,ERR,ERR,ERR,ERR,ERR,ERR,ERR,ERR,ERR,ERR,ERR,ERR,ERR,ERR,ERR,ERR,ERR,ERR,ERR,ERR,ERR,ERR,ERR,ERR,ERR,ERR,ERR,ERR,ERR,ERR,ERR,ERR,ERR,ERR,ERR,ERR,ERR,ERR,ERR,ERR,ERR,ERR,ERR,ERR,ERR,ERR,ERR,ERR,ERR,ERR,ERR,ERR,ERR,ERR,ERR,ERR,ERR,ERR,ERR,ERR,ERR,ERR,50.0,60.0,100,0.0,0.0,0.0,0.0,0.0,0.0,0.0,0.0,0.0,0.0,0.0,0.0,0.0,0.0,0.0,0.0,61.6,64,20,65521,50,65476,0,300,0,0,8,20529,65476,0,0,26214,60.0,0.0,0.0,0.0,0.0,0.0
2026-05-17T16:35:44,ERR,ERR,ERR,ERR,ERR,ERR,ERR,ERR,ERR,ERR,ERR,ERR,ERR,ERR,ERR,ERR,ERR,ERR,ERR,ERR,ERR,ERR,ERR,ERR,ERR,ERR,ERR,ERR,ERR,ERR,ERR,ERR,ERR,ERR,ERR,ERR,ERR,ERR,ERR,ERR,ERR,ERR,ERR,ERR,ERR,ERR,ERR,ERR,ERR,ERR,ERR,ERR,ERR,ERR,ERR,ERR,ERR,ERR,ERR,ERR,ERR,ERR,ERR,ERR,ERR,ERR,ERR,ERR,ERR,ERR,ERR,ERR,ERR,ERR,ERR,ERR,ERR,ERR,ERR,ERR,ERR,ERR,ERR,ERR,ERR,ERR,ERR,ERR,ERR,ERR,ERR,ERR,ERR,ERR,ERR,ERR,ERR,ERR,ERR,ERR,ERR,ERR,ERR,ERR,ERR,ERR,ERR,ERR,ERR,ERR,ERR,ERR,ERR,ERR,ERR,ERR,ERR,ERR,ERR,ERR,ERR,ERR,ERR,ERR,ERR,0.0,0.0,-134474944.0,0.0,0.0,1.3936040501711995e+18,7.805,0.0,0,0,4,0,8422,0.0,45,0.0,0.0,0.0,0.0,0.0,0,0,0,0,0.0,0,0,0,0,0,0,0,0,0,0,0,0,0,0,0,0,0,0,0,0,0,0,0,0,0,0,0,0,0,0,0,0,0,38,14,7,45,65476,0,300,0,0,8,21553,0.0,-107605600.0,0.0,0.0,0.0,0.0,0.0,0.0,0.0,0.0,0.0,0.0,0.0,0.0,0.0,0.0,0.0,0.0,0.0,0.0,0.0,0.0,0.0,-2.004,-2.004,0.0,0.0,0.0,0.0,0.0,5073.0,0.0,0.0,0.0,-107615288.0,0.0,-0.0,0.0,0.0,0.0,0.0,53,3.222028592685471e+26,-0.0,0.0,0.0,0.0,0.0,0.0,0.0,0.0,0,0,0,0.0,0.0,0.0,0.0,0.0,0.0,0.0,0.0,0.0,0.0,0.0,0.0,0.0,0.0,0.0,0.0,0,-107875648.0,53,0.0,106,-107614832.0,2.7006707062415038e+23,ERR,ERR,ERR,ERR,ERR,ERR,ERR,ERR,ERR,ERR,ERR,ERR,ERR,ERR,ERR,ERR,ERR,ERR,ERR,ERR,ERR,ERR,ERR,ERR,ERR,ERR,ERR,ERR,ERR,ERR,ERR,ERR,ERR,ERR,ERR,ERR,ERR,ERR,ERR,ERR,ERR,ERR,ERR,ERR,ERR,ERR,ERR,ERR,ERR,ERR,ERR,ERR,ERR,ERR,ERR,ERR,ERR,ERR,ERR,ERR,ERR,ERR,ERR,ERR,ERR,ERR,ERR,50.0,60.0,100,0.0,0.0,0.0,0.0,0.0,0.0,0.0,0.0,0.0,0.0,0.0,0.0,0.0,0.0,0.0,0.0,61.6,64,20,65521,50,65476,0,300,0,0,8,20529,65476,0,0,26214,60.0,0.0,0.0,0.0,0.0,0.0
2026-05-17T16:35:45,ERR,ERR,ERR,ERR,ERR,ERR,ERR,ERR,ERR,ERR,ERR,ERR,ERR,ERR,ERR,ERR,ERR,ERR,ERR,ERR,ERR,ERR,ERR,ERR,ERR,ERR,ERR,ERR,ERR,ERR,ERR,ERR,ERR,ERR,ERR,ERR,ERR,ERR,ERR,ERR,ERR,ERR,ERR,ERR,ERR,ERR,ERR,ERR,ERR,ERR,ERR,ERR,ERR,ERR,ERR,ERR,ERR,ERR,ERR,ERR,ERR,ERR,ERR,ERR,ERR,ERR,ERR,ERR,ERR,ERR,ERR,ERR,ERR,ERR,ERR,ERR,ERR,ERR,ERR,ERR,ERR,ERR,ERR,ERR,ERR,ERR,ERR,ERR,ERR,ERR,ERR,ERR,ERR,ERR,ERR,ERR,ERR,ERR,ERR,ERR,ERR,ERR,ERR,ERR,ERR,ERR,ERR,ERR,ERR,ERR,ERR,ERR,ERR,ERR,ERR,ERR,ERR,ERR,ERR,ERR,ERR,ERR,ERR,ERR,ERR,0.0,0.0,-134474944.0,0.0,0.0,1.3936040501711995e+18,7.805,0.0,0,0,4,0,8422,0.0,45,0.0,0.0,0.0,0.0,0.0,0,0,0,0,0.0,0,0,0,0,0,0,0,0,0,0,0,0,0,0,0,0,0,0,0,0,0,0,0,0,0,0,0,0,0,0,0,0,0,38,14,7,45,65476,0,300,0,0,8,21553,0.0,-107605600.0,0.0,0.0,0.0,0.0,0.0,0.0,0.0,0.0,0.0,0.0,0.0,0.0,0.0,0.0,0.0,0.0,0.0,0.0,0.0,0.0,0.0,-2.004,-2.004,0.0,0.0,0.0,0.0,0.0,5073.0,0.0,0.0,0.0,-107615288.0,0.0,-0.0,0.0,0.0,0.0,0.0,53,3.222028592685471e+26,-0.0,0.0,0.0,0.0,0.0,0.0,0.0,0.0,0,0,0,0.0,0.0,0.0,0.0,0.0,0.0,0.0,0.0,0.0,0.0,0.0,0.0,0.0,0.0,0.0,0.0,0,-107875648.0,53,0.0,106,-107614832.0,2.7006707062415038e+23,ERR,ERR,ERR,ERR,ERR,ERR,ERR,ERR,ERR,ERR,ERR,ERR,ERR,ERR,ERR,ERR,ERR,ERR,ERR,ERR,ERR,ERR,ERR,ERR,ERR,ERR,ERR,ERR,ERR,ERR,ERR,ERR,ERR,ERR,ERR,ERR,ERR,ERR,ERR,ERR,ERR,ERR,ERR,ERR,ERR,ERR,ERR,ERR,ERR,ERR,ERR,ERR,ERR,ERR,ERR,ERR,ERR,ERR,ERR,ERR,ERR,ERR,ERR,ERR,ERR,ERR,ERR,50.0,60.0,100,0.0,0.0,0.0,0.0,0.0,0.0,0.0,0.0,0.0,0.0,0.0,0.0,0.0,0.0,0.0,0.0,62.0,64,20,65521,50,65476,0,300,0,0,8,20529,65476,0,0,26214,60.0,0.0,0.0,0.0,0.0,0.0
2026-05-17T16:35:46,ERR,ERR,ERR,ERR,ERR,ERR,ERR,ERR,ERR,ERR,ERR,ERR,ERR,ERR,ERR,ERR,ERR,ERR,ERR,ERR,ERR,ERR,ERR,ERR,ERR,ERR,ERR,ERR,ERR,ERR,ERR,ERR,ERR,ERR,ERR,ERR,ERR,ERR,ERR,ERR,ERR,ERR,ERR,ERR,ERR,ERR,ERR,ERR,ERR,ERR,ERR,ERR,ERR,ERR,ERR,ERR,ERR,ERR,ERR,ERR,ERR,ERR,ERR,ERR,ERR,ERR,ERR,ERR,ERR,ERR,ERR,ERR,ERR,ERR,ERR,ERR,ERR,ERR,ERR,ERR,ERR,ERR,ERR,ERR,ERR,ERR,ERR,ERR,ERR,ERR,ERR,ERR,ERR,ERR,ERR,ERR,ERR,ERR,ERR,ERR,ERR,ERR,ERR,ERR,ERR,ERR,ERR,ERR,ERR,ERR,ERR,ERR,ERR,ERR,ERR,ERR,ERR,ERR,ERR,ERR,ERR,ERR,ERR,ERR,ERR,0.0,0.0,-134474944.0,0.0,0.0,1.3936040501711995e+18,7.805,0.0,0,0,4,0,8422,0.0,45,0.0,0.0,0.0,0.0,0.0,0,0,0,0,0.0,0,0,0,0,0,0,0,0,0,0,0,0,0,0,0,0,0,0,0,0,0,0,0,0,0,0,0,0,0,0,0,0,0,38,14,7,45,65476,0,300,0,0,8,21553,0.0,-107605600.0,0.0,0.0,0.0,0.0,0.0,0.0,0.0,0.0,0.0,0.0,0.0,0.0,0.0,0.0,0.0,0.0,0.0,0.0,0.0,0.0,0.0,-2.004,-2.004,0.0,0.0,0.0,0.0,0.0,5073.0,0.0,0.0,0.0,-107615288.0,0.0,-0.0,0.0,0.0,0.0,0.0,53,3.222028592685471e+26,-0.0,0.0,0.0,0.0,0.0,0.0,0.0,0.0,0,0,0,0.0,0.0,0.0,0.0,0.0,0.0,0.0,0.0,0.0,0.0,0.0,0.0,0.0,0.0,0.0,0.0,0,-107875648.0,53,0.0,106,-107614832.0,2.7006707062415038e+23,ERR,ERR,ERR,ERR,ERR,ERR,ERR,ERR,ERR,ERR,ERR,ERR,ERR,ERR,ERR,ERR,ERR,ERR,ERR,ERR,ERR,ERR,ERR,ERR,ERR,ERR,ERR,ERR,ERR,ERR,ERR,ERR,ERR,ERR,ERR,ERR,ERR,ERR,ERR,ERR,ERR,ERR,ERR,ERR,ERR,ERR,ERR,ERR,ERR,ERR,ERR,ERR,ERR,ERR,ERR,ERR,ERR,ERR,ERR,ERR,ERR,ERR,ERR,ERR,ERR,ERR,ERR,50.0,60.0,100,0.0,0.0,0.0,0.0,0.0,0.0,0.0,0.0,0.0,0.0,0.0,0.0,0.0,0.0,0.0,0.0,62.0,64,20,65521,50,65476,0,300,0,0,8,20529,65476,0,0,26214,60.0,0.0,0.0,0.0,0.0,0.0
2026-05-17T16:35:47,ERR,ERR,ERR,ERR,ERR,ERR,ERR,ERR,ERR,ERR,ERR,ERR,ERR,ERR,ERR,ERR,ERR,ERR,ERR,ERR,ERR,ERR,ERR,ERR,ERR,ERR,ERR,ERR,ERR,ERR,ERR,ERR,ERR,ERR,ERR,ERR,ERR,ERR,ERR,ERR,ERR,ERR,ERR,ERR,ERR,ERR,ERR,ERR,ERR,ERR,ERR,ERR,ERR,ERR,ERR,ERR,ERR,ERR,ERR,ERR,ERR,ERR,ERR,ERR,ERR,ERR,ERR,ERR,ERR,ERR,ERR,ERR,ERR,ERR,ERR,ERR,ERR,ERR,ERR,ERR,ERR,ERR,ERR,ERR,ERR,ERR,ERR,ERR,ERR,ERR,ERR,ERR,ERR,ERR,ERR,ERR,ERR,ERR,ERR,ERR,ERR,ERR,ERR,ERR,ERR,ERR,ERR,ERR,ERR,ERR,ERR,ERR,ERR,ERR,ERR,ERR,ERR,ERR,ERR,ERR,ERR,ERR,ERR,ERR,ERR,0.0,-107615288.0,-0.0,0.0,0.0,1.3936040501711995e+18,7.805,0.0,0,0,4,0,8422,0.0,45,0.0,0.0,0.0,0.0,0.0,0,0,0,0,0.0,0,0,0,0,0,0,0,0,0,0,0,0,0,0,0,0,0,0,0,0,0,0,0,0,0,0,0,0,0,0,0,0,0,38,14,7,45,65476,0,300,0,0,8,21553,0.0,-107605600.0,0.0,0.0,0.0,0.0,0.0,0.0,0.0,0.0,0.0,0.0,0.0,0.0,0.0,0.0,0.0,0.0,0.0,0.0,0.0,0.0,0.0,-2.004,-2.004,2.004,0.0,0.0,0.0,0.0,5076.0,1.04066562844498e+34,0.0,0.0,0.0,0.0,-0.0,0.0,0.0,0.0,0.0,53,5.848083413016271e+35,-152017313988608.0,0.0,0.0,0.0,0.0,0.0,0.0,0.0,0,0,0,0.0,0.0,0.0,0.0,0.0,0.0,0.0,0.0,0.0,0.0,0.0,0.0,0.0,0.0,0.0,0.0,0,-107875648.0,53,0.0,106,-107614832.0,-107350944.0,ERR,ERR,ERR,ERR,ERR,ERR,ERR,ERR,ERR,ERR,ERR,ERR,ERR,ERR,ERR,ERR,ERR,ERR,ERR,ERR,ERR,ERR,ERR,ERR,ERR,ERR,ERR,ERR,ERR,ERR,ERR,ERR,ERR,ERR,ERR,ERR,ERR,ERR,ERR,ERR,ERR,ERR,ERR,ERR,ERR,ERR,ERR,ERR,ERR,ERR,ERR,ERR,ERR,ERR,ERR,ERR,ERR,ERR,ERR,ERR,ERR,ERR,ERR,ERR,ERR,ERR,ERR,50.0,60.0,100,0.0,0.0,0.0,0.0,0.0,0.0,0.0,0.0,0.0,0.0,0.0,0.0,0.0,0.0,0.0,0.0,61.6,64,20,65521,50,65476,0,300,0,0,8,20529,65476,0,0,26214,60.0,0.0,0.0,0.0,0.0,0.0
2026-05-17T16:35:48,ERR,ERR,ERR,ERR,ERR,ERR,ERR,ERR,ERR,ERR,ERR,ERR,ERR,ERR,ERR,ERR,ERR,ERR,ERR,ERR,ERR,ERR,ERR,ERR,ERR,ERR,ERR,ERR,ERR,ERR,ERR,ERR,ERR,ERR,ERR,ERR,ERR,ERR,ERR,ERR,ERR,ERR,ERR,ERR,ERR,ERR,ERR,ERR,ERR,ERR,ERR,ERR,ERR,ERR,ERR,ERR,ERR,ERR,ERR,ERR,ERR,ERR,ERR,ERR,ERR,ERR,ERR,ERR,ERR,ERR,ERR,ERR,ERR,ERR,ERR,ERR,ERR,ERR,ERR,ERR,ERR,ERR,ERR,ERR,ERR,ERR,ERR,ERR,ERR,ERR,ERR,ERR,ERR,ERR,ERR,ERR,ERR,ERR,ERR,ERR,ERR,ERR,ERR,ERR,ERR,ERR,ERR,ERR,ERR,ERR,ERR,ERR,ERR,ERR,ERR,ERR,ERR,ERR,ERR,ERR,ERR,ERR,ERR,ERR,ERR,0.0,-107615288.0,-0.0,0.0,0.0,1.3936040501711995e+18,7.805,0.0,0,0,4,0,8422,0.0,45,0.0,0.0,0.0,0.0,0.0,0,0,0,0,0.0,0,0,0,0,0,0,0,0,0,0,0,0,0,0,0,0,0,0,0,0,0,0,0,0,0,0,0,0,0,0,0,0,0,38,14,7,45,65476,0,300,0,0,8,21553,0.0,-107605600.0,0.0,0.0,0.0,0.0,0.0,0.0,0.0,0.0,0.0,0.0,0.0,0.0,0.0,0.0,0.0,0.0,0.0,0.0,0.0,0.0,0.0,-2.004,-2.004,2.004,0.0,0.0,0.0,0.0,5076.0,1.04066562844498e+34,0.0,0.0,0.0,0.0,-0.0,0.0,0.0,0.0,0.0,53,5.848083413016271e+35,-152017313988608.0,0.0,0.0,0.0,0.0,0.0,0.0,0.0,0,0,0,0.0,0.0,0.0,0.0,0.0,0.0,0.0,0.0,0.0,0.0,0.0,0.0,0.0,0.0,0.0,0.0,0,-107875648.0,53,0.0,106,-107614832.0,-107350944.0,ERR,ERR,ERR,ERR,ERR,ERR,ERR,ERR,ERR,ERR,ERR,ERR,ERR,ERR,ERR,ERR,ERR,ERR,ERR,ERR,ERR,ERR,ERR,ERR,ERR,ERR,ERR,ERR,ERR,ERR,ERR,ERR,ERR,ERR,ERR,ERR,ERR,ERR,ERR,ERR,ERR,ERR,ERR,ERR,ERR,ERR,ERR,ERR,ERR,ERR,ERR,ERR,ERR,ERR,ERR,ERR,ERR,ERR,ERR,ERR,ERR,ERR,ERR,ERR,ERR,ERR,ERR,50.0,60.0,100,0.0,0.0,0.0,0.0,0.0,0.0,0.0,0.0,0.0,0.0,0.0,0.0,0.0,0.0,0.0,0.0,61.6,64,20,65521,50,65476,0,300,0,0,8,20529,65476,0,0,26214,60.0,0.0,0.0,0.0,0.0,0.0
2026-05-17T16:35:49,ERR,ERR,ERR,ERR,ERR,ERR,ERR,ERR,ERR,ERR,ERR,ERR,ERR,ERR,ERR,ERR,ERR,ERR,ERR,ERR,ERR,ERR,ERR,ERR,ERR,ERR,ERR,ERR,ERR,ERR,ERR,ERR,ERR,ERR,ERR,ERR,ERR,ERR,ERR,ERR,ERR,ERR,ERR,ERR,ERR,ERR,ERR,ERR,ERR,ERR,ERR,ERR,ERR,ERR,ERR,ERR,ERR,ERR,ERR,ERR,ERR,ERR,ERR,ERR,ERR,ERR,ERR,ERR,ERR,ERR,ERR,ERR,ERR,ERR,ERR,ERR,ERR,ERR,ERR,ERR,ERR,ERR,ERR,ERR,ERR,ERR,ERR,ERR,ERR,ERR,ERR,ERR,ERR,ERR,ERR,ERR,ERR,ERR,ERR,ERR,ERR,ERR,ERR,ERR,ERR,ERR,ERR,ERR,ERR,ERR,ERR,ERR,ERR,ERR,ERR,ERR,ERR,ERR,ERR,ERR,ERR,ERR,ERR,ERR,ERR,0.0,-107615288.0,-0.0,0.0,0.0,1.3936040501711995e+18,7.805,0.0,0,0,4,0,8422,0.0,45,0.0,0.0,0.0,0.0,0.0,0,0,0,0,0.0,0,0,0,0,0,0,0,0,0,0,0,0,0,0,0,0,0,0,0,0,0,0,0,0,0,0,0,0,0,0,0,0,0,38,14,7,45,65476,0,300,0,0,8,21553,0.0,-107605600.0,0.0,0.0,0.0,0.0,0.0,0.0,0.0,0.0,0.0,0.0,0.0,0.0,0.0,0.0,0.0,0.0,0.0,0.0,0.0,0.0,0.0,-2.004,-2.004,2.004,0.0,0.0,0.0,0.0,5076.0,1.04066562844498e+34,0.0,0.0,0.0,0.0,-0.0,0.0,0.0,0.0,0.0,53,5.848083413016271e+35,-152017313988608.0,0.0,0.0,0.0,0.0,0.0,0.0,0.0,0,0,0,0.0,0.0,0.0,0.0,0.0,0.0,0.0,0.0,0.0,0.0,0.0,0.0,0.0,0.0,0.0,0.0,0,-107875648.0,53,0.0,106,-107614832.0,-107350944.0,ERR,ERR,ERR,ERR,ERR,ERR,ERR,ERR,ERR,ERR,ERR,ERR,ERR,ERR,ERR,ERR,ERR,ERR,ERR,ERR,ERR,ERR,ERR,ERR,ERR,ERR,ERR,ERR,ERR,ERR,ERR,ERR,ERR,ERR,ERR,ERR,ERR,ERR,ERR,ERR,ERR,ERR,ERR,ERR,ERR,ERR,ERR,ERR,ERR,ERR,ERR,ERR,ERR,ERR,ERR,ERR,ERR,ERR,ERR,ERR,ERR,ERR,ERR,ERR,ERR,ERR,ERR,50.0,60.0,100,0.0,0.0,0.0,0.0,0.0,0.0,0.0,0.0,0.0,0.0,0.0,0.0,0.0,0.0,0.0,0.0,61.6,64,20,65521,50,65476,0,300,0,0,8,20529,65476,0,0,26214,60.0,0.0,0.0,0.0,0.0,0.0
2026-05-17T16:35:50,ERR,ERR,ERR,ERR,ERR,ERR,ERR,ERR,ERR,ERR,ERR,ERR,ERR,ERR,ERR,ERR,ERR,ERR,ERR,ERR,ERR,ERR,ERR,ERR,ERR,ERR,ERR,ERR,ERR,ERR,ERR,ERR,ERR,ERR,ERR,ERR,ERR,ERR,ERR,ERR,ERR,ERR,ERR,ERR,ERR,ERR,ERR,ERR,ERR,ERR,ERR,ERR,ERR,ERR,ERR,ERR,ERR,ERR,ERR,ERR,ERR,ERR,ERR,ERR,ERR,ERR,ERR,ERR,ERR,ERR,ERR,ERR,ERR,ERR,ERR,ERR,ERR,ERR,ERR,ERR,ERR,ERR,ERR,ERR,ERR,ERR,ERR,ERR,ERR,ERR,ERR,ERR,ERR,ERR,ERR,ERR,ERR,ERR,ERR,ERR,ERR,ERR,ERR,ERR,ERR,ERR,ERR,ERR,ERR,ERR,ERR,ERR,ERR,ERR,ERR,ERR,ERR,ERR,ERR,ERR,ERR,ERR,ERR,ERR,ERR,0.0,-107615288.0,-0.0,0.0,0.0,1.3936040501711995e+18,7.805,0.0,0,0,4,0,8422,0.0,45,0.0,0.0,0.0,0.0,0.0,0,0,0,0,0.0,0,0,0,0,0,0,0,0,0,0,0,0,0,0,0,0,0,0,0,0,0,0,0,0,0,0,0,0,0,0,0,0,0,38,14,7,45,65476,0,300,0,0,8,21553,0.0,-107605600.0,0.0,0.0,0.0,0.0,0.0,0.0,0.0,0.0,0.0,0.0,0.0,0.0,0.0,0.0,0.0,0.0,0.0,0.0,0.0,0.0,0.0,-2.004,-2.004,2.004,0.0,0.0,0.0,0.0,5076.0,1.04066562844498e+34,0.0,0.0,0.0,0.0,-0.0,0.0,0.0,0.0,0.0,53,5.848083413016271e+35,-152017313988608.0,0.0,0.0,0.0,0.0,0.0,0.0,0.0,0,0,0,0.0,0.0,0.0,0.0,0.0,0.0,0.0,0.0,0.0,0.0,0.0,0.0,0.0,0.0,0.0,0.0,0,-107875648.0,53,0.0,106,-107614832.0,-107350944.0,ERR,ERR,ERR,ERR,ERR,ERR,ERR,ERR,ERR,ERR,ERR,ERR,ERR,ERR,ERR,ERR,ERR,ERR,ERR,ERR,ERR,ERR,ERR,ERR,ERR,ERR,ERR,ERR,ERR,ERR,ERR,ERR,ERR,ERR,ERR,ERR,ERR,ERR,ERR,ERR,ERR,ERR,ERR,ERR,ERR,ERR,ERR,ERR,ERR,ERR,ERR,ERR,ERR,ERR,ERR,ERR,ERR,ERR,ERR,ERR,ERR,ERR,ERR,ERR,ERR,ERR,ERR,50.0,60.0,100,0.0,0.0,0.0,0.0,0.0,0.0,0.0,0.0,0.0,0.0,0.0,0.0,0.0,0.0,0.0,0.0,61.6,64,20,65521,50,65476,0,300,0,0,8,20529,65476,0,0,26214,60.0,0.0,0.0,0.0,0.0,0.0
2026-05-17T16:35:51,ERR,ERR,ERR,ERR,ERR,ERR,ERR,ERR,ERR,ERR,ERR,ERR,ERR,ERR,ERR,ERR,ERR,ERR,ERR,ERR,ERR,ERR,ERR,ERR,ERR,ERR,ERR,ERR,ERR,ERR,ERR,ERR,ERR,ERR,ERR,ERR,ERR,ERR,ERR,ERR,ERR,ERR,ERR,ERR,ERR,ERR,ERR,ERR,ERR,ERR,ERR,ERR,ERR,ERR,ERR,ERR,ERR,ERR,ERR,ERR,ERR,ERR,ERR,ERR,ERR,ERR,ERR,ERR,ERR,ERR,ERR,ERR,ERR,ERR,ERR,ERR,ERR,ERR,ERR,ERR,ERR,ERR,ERR,ERR,ERR,ERR,ERR,ERR,ERR,ERR,ERR,ERR,ERR,ERR,ERR,ERR,ERR,ERR,ERR,ERR,ERR,ERR,ERR,ERR,ERR,ERR,ERR,ERR,ERR,ERR,ERR,ERR,ERR,ERR,ERR,ERR,ERR,ERR,ERR,ERR,ERR,ERR,ERR,ERR,ERR,0.0,-107615288.0,-0.0,0.0,0.0,1.3936040501711995e+18,7.805,0.0,0,0,4,0,8422,0.0,45,0.0,0.0,0.0,0.0,0.0,0,0,0,0,0.0,0,0,0,0,0,0,0,0,0,0,0,0,0,0,0,0,0,0,0,0,0,0,0,0,0,0,0,0,0,0,0,0,0,38,14,7,45,65476,0,300,0,0,8,21553,0.0,-107605600.0,0.0,0.0,0.0,0.0,0.0,0.0,0.0,0.0,0.0,0.0,0.0,0.0,0.0,0.0,0.0,0.0,0.0,0.0,0.0,0.0,0.0,-2.004,-2.004,2.004,0.0,0.0,0.0,0.0,5076.0,1.04066562844498e+34,0.0,0.0,0.0,0.0,-0.0,0.0,0.0,0.0,0.0,53,5.848083413016271e+35,-152017313988608.0,0.0,0.0,0.0,0.0,0.0,0.0,0.0,0,0,0,0.0,0.0,0.0,0.0,0.0,0.0,0.0,0.0,0.0,0.0,0.0,0.0,0.0,0.0,0.0,0.0,0,-107875648.0,53,0.0,106,-107614832.0,-107350944.0,ERR,ERR,ERR,ERR,ERR,ERR,ERR,ERR,ERR,ERR,ERR,ERR,ERR,ERR,ERR,ERR,ERR,ERR,ERR,ERR,ERR,ERR,ERR,ERR,ERR,ERR,ERR,ERR,ERR,ERR,ERR,ERR,ERR,ERR,ERR,ERR,ERR,ERR,ERR,ERR,ERR,ERR,ERR,ERR,ERR,ERR,ERR,ERR,ERR,ERR,ERR,ERR,ERR,ERR,ERR,ERR,ERR,ERR,ERR,ERR,ERR,ERR,ERR,ERR,ERR,ERR,ERR,50.0,60.0,100,0.0,0.0,0.0,0.0,0.0,0.0,0.0,0.0,0.0,0.0,0.0,0.0,0.0,0.0,0.0,0.0,62.0,64,20,65521,50,65476,0,300,0,0,8,20529,65476,0,0,26214,60.0,0.0,0.0,0.0,0.0,0.0
2026-05-17T16:35:52,ERR,ERR,ERR,ERR,ERR,ERR,ERR,ERR,ERR,ERR,ERR,ERR,ERR,ERR,ERR,ERR,ERR,ERR,ERR,ERR,ERR,ERR,ERR,ERR,ERR,ERR,ERR,ERR,ERR,ERR,ERR,ERR,ERR,ERR,ERR,ERR,ERR,ERR,ERR,ERR,ERR,ERR,ERR,ERR,ERR,ERR,ERR,ERR,ERR,ERR,ERR,ERR,ERR,ERR,ERR,ERR,ERR,ERR,ERR,ERR,ERR,ERR,ERR,ERR,ERR,ERR,ERR,ERR,ERR,ERR,ERR,ERR,ERR,ERR,ERR,ERR,ERR,ERR,ERR,ERR,ERR,ERR,ERR,ERR,ERR,ERR,ERR,ERR,ERR,ERR,ERR,ERR,ERR,ERR,ERR,ERR,ERR,ERR,ERR,ERR,ERR,ERR,ERR,ERR,ERR,ERR,ERR,ERR,ERR,ERR,ERR,ERR,ERR,ERR,ERR,ERR,ERR,ERR,ERR,ERR,ERR,ERR,ERR,ERR,ERR,0.0,0.0,-134474944.0,0.0,0.0,1.3936040501711995e+18,7.805,0.0,0,0,4,0,8422,0.0,45,0.0,0.0,0.0,0.0,0.0,0,0,0,0,0.0,0,0,0,0,0,0,0,0,0,0,0,0,0,0,0,0,0,0,0,0,0,0,0,0,0,0,0,0,0,0,0,0,0,38,14,7,45,65476,0,300,0,0,8,21553,0.0,-107605600.0,0.0,0.0,0.0,0.0,0.0,0.0,0.0,0.0,0.0,0.0,0.0,0.0,0.0,0.0,0.0,0.0,0.0,0.0,0.0,0.0,0.0,0.0,-2.004,0.0,0.0,0.0,0.0,0.0,5073.0,-3.697187013234e+19,0.0,0.0,-107615288.0,0.0,-107615304.0,0.0,0.0,0.0,0.0,53,3.222028592685471e+26,1.9056864381632512e+17,0.0,0.0,0.0,0.0,0.0,0.0,0.0,0,0,0,0.0,0.0,0.0,0.0,0.0,0.0,0.0,0.0,0.0,0.0,0.0,0.0,0.0,0.0,0.0,0.0,0,-107875648.0,53,0.0,106,-107614832.0,2.7006707062415038e+23,ERR,ERR,ERR,ERR,ERR,ERR,ERR,ERR,ERR,ERR,ERR,ERR,ERR,ERR,ERR,ERR,ERR,ERR,ERR,ERR,ERR,ERR,ERR,ERR,ERR,ERR,ERR,ERR,ERR,ERR,ERR,ERR,ERR,ERR,ERR,ERR,ERR,ERR,ERR,ERR,ERR,ERR,ERR,ERR,ERR,ERR,ERR,ERR,ERR,ERR,ERR,ERR,ERR,ERR,ERR,ERR,ERR,ERR,ERR,ERR,ERR,ERR,ERR,ERR,ERR,ERR,ERR,50.0,60.0,100,0.0,0.0,0.0,0.0,0.0,0.0,0.0,0.0,0.0,0.0,0.0,0.0,0.0,0.0,0.0,0.0,61.6,64,20,65521,50,65476,0,300,0,0,8,20529,65476,0,0,26214,60.0,0.0,0.0,0.0,0.0,0.0
2026-05-17T16:35:53,ERR,ERR,ERR,ERR,ERR,ERR,ERR,ERR,ERR,ERR,ERR,ERR,ERR,ERR,ERR,ERR,ERR,ERR,ERR,ERR,ERR,ERR,ERR,ERR,ERR,ERR,ERR,ERR,ERR,ERR,ERR,ERR,ERR,ERR,ERR,ERR,ERR,ERR,ERR,ERR,ERR,ERR,ERR,ERR,ERR,ERR,ERR,ERR,ERR,ERR,ERR,ERR,ERR,ERR,ERR,ERR,ERR,ERR,ERR,ERR,ERR,ERR,ERR,ERR,ERR,ERR,ERR,ERR,ERR,ERR,ERR,ERR,ERR,ERR,ERR,ERR,ERR,ERR,ERR,ERR,ERR,ERR,ERR,ERR,ERR,ERR,ERR,ERR,ERR,ERR,ERR,ERR,ERR,ERR,ERR,ERR,ERR,ERR,ERR,ERR,ERR,ERR,ERR,ERR,ERR,ERR,ERR,ERR,ERR,ERR,ERR,ERR,ERR,ERR,ERR,ERR,ERR,ERR,ERR,ERR,ERR,ERR,ERR,ERR,ERR,0.0,0.0,-134474944.0,0.0,0.0,1.3936040501711995e+18,7.805,0.0,0,0,4,0,8422,0.0,45,0.0,0.0,0.0,0.0,0.0,0,0,0,0,0.0,0,0,0,0,0,0,0,0,0,0,0,0,0,0,0,0,0,0,0,0,0,0,0,0,0,0,0,0,0,0,0,0,0,38,14,7,45,65476,0,300,0,0,8,21553,0.0,-107605600.0,0.0,0.0,0.0,0.0,0.0,0.0,0.0,0.0,0.0,0.0,0.0,0.0,0.0,0.0,0.0,0.0,0.0,0.0,0.0,0.0,0.0,0.0,-2.004,0.0,0.0,0.0,0.0,0.0,5073.0,-3.697187013234e+19,0.0,0.0,-107615288.0,0.0,-107615304.0,0.0,0.0,0.0,0.0,53,3.222028592685471e+26,1.9056864381632512e+17,0.0,0.0,0.0,0.0,0.0,0.0,0.0,0,0,0,0.0,0.0,0.0,0.0,0.0,0.0,0.0,0.0,0.0,0.0,0.0,0.0,0.0,0.0,0.0,0.0,0,-107875648.0,53,0.0,106,-107614832.0,2.7006707062415038e+23,ERR,ERR,ERR,ERR,ERR,ERR,ERR,ERR,ERR,ERR,ERR,ERR,ERR,ERR,ERR,ERR,ERR,ERR,ERR,ERR,ERR,ERR,ERR,ERR,ERR,ERR,ERR,ERR,ERR,ERR,ERR,ERR,ERR,ERR,ERR,ERR,ERR,ERR,ERR,ERR,ERR,ERR,ERR,ERR,ERR,ERR,ERR,ERR,ERR,ERR,ERR,ERR,ERR,ERR,ERR,ERR,ERR,ERR,ERR,ERR,ERR,ERR,ERR,ERR,ERR,ERR,ERR,50.0,60.0,100,0.0,0.0,0.0,0.0,0.0,0.0,0.0,0.0,0.0,0.0,0.0,0.0,0.0,0.0,0.0,0.0,61.6,64,20,65521,50,65476,0,300,0,0,8,20529,65476,0,0,26214,60.0,0.0,0.0,0.0,0.0,0.0
2026-05-17T16:35:54,ERR,ERR,ERR,ERR,ERR,ERR,ERR,ERR,ERR,ERR,ERR,ERR,ERR,ERR,ERR,ERR,ERR,ERR,ERR,ERR,ERR,ERR,ERR,ERR,ERR,ERR,ERR,ERR,ERR,ERR,ERR,ERR,ERR,ERR,ERR,ERR,ERR,ERR,ERR,ERR,ERR,ERR,ERR,ERR,ERR,ERR,ERR,ERR,ERR,ERR,ERR,ERR,ERR,ERR,ERR,ERR,ERR,ERR,ERR,ERR,ERR,ERR,ERR,ERR,ERR,ERR,ERR,ERR,ERR,ERR,ERR,ERR,ERR,ERR,ERR,ERR,ERR,ERR,ERR,ERR,ERR,ERR,ERR,ERR,ERR,ERR,ERR,ERR,ERR,ERR,ERR,ERR,ERR,ERR,ERR,ERR,ERR,ERR,ERR,ERR,ERR,ERR,ERR,ERR,ERR,ERR,ERR,ERR,ERR,ERR,ERR,ERR,ERR,ERR,ERR,ERR,ERR,ERR,ERR,ERR,ERR,ERR,ERR,ERR,ERR,0.0,0.0,-134474944.0,0.0,0.0,1.3936040501711995e+18,7.805,0.0,0,0,4,0,8422,0.0,45,0.0,0.0,0.0,0.0,0.0,0,0,0,0,0.0,0,0,0,0,0,0,0,0,0,0,0,0,0,0,0,0,0,0,0,0,0,0,0,0,0,0,0,0,0,0,0,0,0,38,14,7,45,65476,0,300,0,0,8,21553,0.0,-107605600.0,0.0,0.0,0.0,0.0,0.0,0.0,0.0,0.0,0.0,0.0,0.0,0.0,0.0,0.0,0.0,0.0,0.0,0.0,0.0,0.0,0.0,0.0,-2.004,0.0,0.0,0.0,0.0,0.0,5073.0,-3.697187013234e+19,0.0,0.0,-107615288.0,0.0,-107615304.0,0.0,0.0,0.0,0.0,53,3.222028592685471e+26,1.9056864381632512e+17,0.0,0.0,0.0,0.0,0.0,0.0,0.0,0,0,0,0.0,0.0,0.0,0.0,0.0,0.0,0.0,0.0,0.0,0.0,0.0,0.0,0.0,0.0,0.0,0.0,0,-107875648.0,53,0.0,106,-107614832.0,2.7006707062415038e+23,ERR,ERR,ERR,ERR,ERR,ERR,ERR,ERR,ERR,ERR,ERR,ERR,ERR,ERR,ERR,ERR,ERR,ERR,ERR,ERR,ERR,ERR,ERR,ERR,ERR,ERR,ERR,ERR,ERR,ERR,ERR,ERR,ERR,ERR,ERR,ERR,ERR,ERR,ERR,ERR,ERR,ERR,ERR,ERR,ERR,ERR,ERR,ERR,ERR,ERR,ERR,ERR,ERR,ERR,ERR,ERR,ERR,ERR,ERR,ERR,ERR,ERR,ERR,ERR,ERR,ERR,ERR,50.0,60.0,100,0.0,0.0,0.0,0.0,0.0,0.0,0.0,0.0,0.0,0.0,0.0,0.0,0.0,0.0,0.0,0.0,61.6,64,20,65521,50,65476,0,300,0,0,8,20529,65476,0,0,26214,60.0,0.0,0.0,0.0,0.0,0.0
2026-05-17T16:35:55,ERR,ERR,ERR,ERR,ERR,ERR,ERR,ERR,ERR,ERR,ERR,ERR,ERR,ERR,ERR,ERR,ERR,ERR,ERR,ERR,ERR,ERR,ERR,ERR,ERR,ERR,ERR,ERR,ERR,ERR,ERR,ERR,ERR,ERR,ERR,ERR,ERR,ERR,ERR,ERR,ERR,ERR,ERR,ERR,ERR,ERR,ERR,ERR,ERR,ERR,ERR,ERR,ERR,ERR,ERR,ERR,ERR,ERR,ERR,ERR,ERR,ERR,ERR,ERR,ERR,ERR,ERR,ERR,ERR,ERR,ERR,ERR,ERR,ERR,ERR,ERR,ERR,ERR,ERR,ERR,ERR,ERR,ERR,ERR,ERR,ERR,ERR,ERR,ERR,ERR,ERR,ERR,ERR,ERR,ERR,ERR,ERR,ERR,ERR,ERR,ERR,ERR,ERR,ERR,ERR,ERR,ERR,ERR,ERR,ERR,ERR,ERR,ERR,ERR,ERR,ERR,ERR,ERR,ERR,ERR,ERR,ERR,ERR,ERR,ERR,0.0,0.0,-134474944.0,0.0,0.0,1.3936040501711995e+18,7.805,0.0,0,0,4,0,8422,0.0,45,0.0,0.0,0.0,0.0,0.0,0,0,0,0,0.0,0,0,0,0,0,0,0,0,0,0,0,0,0,0,0,0,0,0,0,0,0,0,0,0,0,0,0,0,0,0,0,0,0,38,14,7,45,65476,0,300,0,0,8,21553,0.0,-107605600.0,0.0,0.0,0.0,0.0,0.0,0.0,0.0,0.0,0.0,0.0,0.0,0.0,0.0,0.0,0.0,0.0,0.0,0.0,0.0,0.0,0.0,0.0,-2.004,0.0,0.0,0.0,0.0,0.0,5073.0,-3.697187013234e+19,0.0,0.0,-107615288.0,0.0,-107615304.0,0.0,0.0,0.0,0.0,53,3.222028592685471e+26,1.9056864381632512e+17,0.0,0.0,0.0,0.0,0.0,0.0,0.0,0,0,0,0.0,0.0,0.0,0.0,0.0,0.0,0.0,0.0,0.0,0.0,0.0,0.0,0.0,0.0,0.0,0.0,0,-107875648.0,53,0.0,106,-107614832.0,2.7006707062415038e+23,ERR,ERR,ERR,ERR,ERR,ERR,ERR,ERR,ERR,ERR,ERR,ERR,ERR,ERR,ERR,ERR,ERR,ERR,ERR,ERR,ERR,ERR,ERR,ERR,ERR,ERR,ERR,ERR,ERR,ERR,ERR,ERR,ERR,ERR,ERR,ERR,ERR,ERR,ERR,ERR,ERR,ERR,ERR,ERR,ERR,ERR,ERR,ERR,ERR,ERR,ERR,ERR,ERR,ERR,ERR,ERR,ERR,ERR,ERR,ERR,ERR,ERR,ERR,ERR,ERR,ERR,ERR,50.0,60.0,100,0.0,0.0,0.0,0.0,0.0,0.0,0.0,0.0,0.0,0.0,0.0,0.0,0.0,0.0,0.0,0.0,61.6,64,20,65521,50,65476,0,300,0,0,8,20529,65476,0,0,26214,60.0,0.0,0.0,0.0,0.0,0.0
2026-05-17T16:35:56,ERR,ERR,ERR,ERR,ERR,ERR,ERR,ERR,ERR,ERR,ERR,ERR,ERR,ERR,ERR,ERR,ERR,ERR,ERR,ERR,ERR,ERR,ERR,ERR,ERR,ERR,ERR,ERR,ERR,ERR,ERR,ERR,ERR,ERR,ERR,ERR,ERR,ERR,ERR,ERR,ERR,ERR,ERR,ERR,ERR,ERR,ERR,ERR,ERR,ERR,ERR,ERR,ERR,ERR,ERR,ERR,ERR,ERR,ERR,ERR,ERR,ERR,ERR,ERR,ERR,ERR,ERR,ERR,ERR,ERR,ERR,ERR,ERR,ERR,ERR,ERR,ERR,ERR,ERR,ERR,ERR,ERR,ERR,ERR,ERR,ERR,ERR,ERR,ERR,ERR,ERR,ERR,ERR,ERR,ERR,ERR,ERR,ERR,ERR,ERR,ERR,ERR,ERR,ERR,ERR,ERR,ERR,ERR,ERR,ERR,ERR,ERR,ERR,ERR,ERR,ERR,ERR,ERR,ERR,ERR,ERR,ERR,ERR,ERR,ERR,0.0,0.0,-134474944.0,0.0,0.0,1.3936040501711995e+18,7.805,0.0,0,0,4,0,8422,0.0,45,0.0,0.0,0.0,0.0,0.0,0,0,0,0,0.0,0,0,0,0,0,0,0,0,0,0,0,0,0,0,0,0,0,0,0,0,0,0,0,0,0,0,0,0,0,0,0,0,0,38,14,7,45,65476,0,300,0,0,8,21553,0.0,-107605600.0,0.0,0.0,0.0,0.0,0.0,0.0,0.0,0.0,0.0,0.0,0.0,0.0,0.0,0.0,0.0,0.0,0.0,0.0,0.0,0.0,0.0,0.0,-2.004,0.0,0.0,0.0,0.0,0.0,5073.0,-3.697187013234e+19,0.0,0.0,-107615288.0,0.0,-107615304.0,0.0,0.0,0.0,0.0,53,3.222028592685471e+26,1.9056864381632512e+17,0.0,0.0,0.0,0.0,0.0,0.0,0.0,0,0,0,0.0,0.0,0.0,0.0,0.0,0.0,0.0,0.0,0.0,0.0,0.0,0.0,0.0,0.0,0.0,0.0,0,-107875648.0,53,0.0,106,-107614832.0,2.7006707062415038e+23,ERR,ERR,ERR,ERR,ERR,ERR,ERR,ERR,ERR,ERR,ERR,ERR,ERR,ERR,ERR,ERR,ERR,ERR,ERR,ERR,ERR,ERR,ERR,ERR,ERR,ERR,ERR,ERR,ERR,ERR,ERR,ERR,ERR,ERR,ERR,ERR,ERR,ERR,ERR,ERR,ERR,ERR,ERR,ERR,ERR,ERR,ERR,ERR,ERR,ERR,ERR,ERR,ERR,ERR,ERR,ERR,ERR,ERR,ERR,ERR,ERR,ERR,ERR,ERR,ERR,ERR,ERR,50.0,60.0,100,0.0,0.0,0.0,0.0,0.0,0.0,0.0,0.0,0.0,0.0,0.0,0.0,0.0,0.0,0.0,0.0,61.6,64,20,65521,50,65476,0,300,0,0,8,20529,65476,0,0,26214,60.0,0.0,0.0,0.0,0.0,0.0
2026-05-17T16:35:57,ERR,ERR,ERR,ERR,ERR,ERR,ERR,ERR,ERR,ERR,ERR,ERR,ERR,ERR,ERR,ERR,ERR,ERR,ERR,ERR,ERR,ERR,ERR,ERR,ERR,ERR,ERR,ERR,ERR,ERR,ERR,ERR,ERR,ERR,ERR,ERR,ERR,ERR,ERR,ERR,ERR,ERR,ERR,ERR,ERR,ERR,ERR,ERR,ERR,ERR,ERR,ERR,ERR,ERR,ERR,ERR,ERR,ERR,ERR,ERR,ERR,ERR,ERR,ERR,ERR,ERR,ERR,ERR,ERR,ERR,ERR,ERR,ERR,ERR,ERR,ERR,ERR,ERR,ERR,ERR,ERR,ERR,ERR,ERR,ERR,ERR,ERR,ERR,ERR,ERR,ERR,ERR,ERR,ERR,ERR,ERR,ERR,ERR,ERR,ERR,ERR,ERR,ERR,ERR,ERR,ERR,ERR,ERR,ERR,ERR,ERR,ERR,ERR,ERR,ERR,ERR,ERR,ERR,ERR,ERR,ERR,ERR,ERR,ERR,ERR,0.0,-107615288.0,-0.0,0.0,0.0,1.3936040501711995e+18,7.805,0.0,0,0,4,0,8422,0.0,45,0.0,0.0,0.0,0.0,0.0,0,0,0,0,0.0,0,0,0,0,0,0,0,0,0,0,0,0,0,0,0,0,0,0,0,0,0,0,0,0,0,0,0,0,0,0,0,0,0,38,14,7,45,65476,0,300,0,0,8,21553,0.0,-107605600.0,0.0,0.0,0.0,0.0,0.0,0.0,0.0,0.0,0.0,0.0,0.0,0.0,0.0,0.0,0.0,0.0,0.0,0.0,0.0,0.0,0.0,0.0,-2.004,2.004,0.0,0.0,0.0,0.0,5076.0,-2.422988480993034e+24,0.0,0.0,-107615288.0,0.0,-0.0,0.0,0.0,0.0,0.0,53,5.848083413016271e+35,2.7184179512210902e+23,0.0,0.0,0.0,0.0,0.0,0.0,0.0,0,0,0,0.0,0.0,0.0,0.0,0.0,0.0,0.0,0.0,0.0,0.0,0.0,0.0,0.0,0.0,0.0,0.0,0,-107875648.0,53,0.0,106,-107614832.0,2.7006707062415038e+23,ERR,ERR,ERR,ERR,ERR,ERR,ERR,ERR,ERR,ERR,ERR,ERR,ERR,ERR,ERR,ERR,ERR,ERR,ERR,ERR,ERR,ERR,ERR,ERR,ERR,ERR,ERR,ERR,ERR,ERR,ERR,ERR,ERR,ERR,ERR,ERR,ERR,ERR,ERR,ERR,ERR,ERR,ERR,ERR,ERR,ERR,ERR,ERR,ERR,ERR,ERR,ERR,ERR,ERR,ERR,ERR,ERR,ERR,ERR,ERR,ERR,ERR,ERR,ERR,ERR,ERR,ERR,50.0,60.0,100,0.0,0.0,0.0,0.0,0.0,0.0,0.0,0.0,0.0,0.0,0.0,0.0,0.0,0.0,0.0,0.0,61.6,64,20,65521,50,65476,0,300,0,0,8,20529,65476,0,0,26214,60.0,0.0,0.0,0.0,0.0,0.0
2026-05-17T16:35:58,ERR,ERR,ERR,ERR,ERR,ERR,ERR,ERR,ERR,ERR,ERR,ERR,ERR,ERR,ERR,ERR,ERR,ERR,ERR,ERR,ERR,ERR,ERR,ERR,ERR,ERR,ERR,ERR,ERR,ERR,ERR,ERR,ERR,ERR,ERR,ERR,ERR,ERR,ERR,ERR,ERR,ERR,ERR,ERR,ERR,ERR,ERR,ERR,ERR,ERR,ERR,ERR,ERR,ERR,ERR,ERR,ERR,ERR,ERR,ERR,ERR,ERR,ERR,ERR,ERR,ERR,ERR,ERR,ERR,ERR,ERR,ERR,ERR,ERR,ERR,ERR,ERR,ERR,ERR,ERR,ERR,ERR,ERR,ERR,ERR,ERR,ERR,ERR,ERR,ERR,ERR,ERR,ERR,ERR,ERR,ERR,ERR,ERR,ERR,ERR,ERR,ERR,ERR,ERR,ERR,ERR,ERR,ERR,ERR,ERR,ERR,ERR,ERR,ERR,ERR,ERR,ERR,ERR,ERR,ERR,ERR,ERR,ERR,ERR,ERR,0.0,-107615288.0,-0.0,0.0,0.0,1.3936040501711995e+18,7.805,0.0,0,0,4,0,8422,0.0,45,0.0,0.0,0.0,0.0,0.0,0,0,0,0,0.0,0,0,0,0,0,0,0,0,0,0,0,0,0,0,0,0,0,0,0,0,0,0,0,0,0,0,0,0,0,0,0,0,0,38,14,7,45,65476,0,300,0,0,8,21553,0.0,-107605600.0,0.0,0.0,0.0,0.0,0.0,0.0,0.0,0.0,0.0,0.0,0.0,0.0,0.0,0.0,0.0,0.0,0.0,0.0,0.0,0.0,0.0,0.0,-2.004,2.004,0.0,0.0,0.0,0.0,5076.0,-2.422988480993034e+24,0.0,0.0,-107615288.0,0.0,-0.0,0.0,0.0,0.0,0.0,53,5.848083413016271e+35,2.7184179512210902e+23,0.0,0.0,0.0,0.0,0.0,0.0,0.0,0,0,0,0.0,0.0,0.0,0.0,0.0,0.0,0.0,0.0,0.0,0.0,0.0,0.0,0.0,0.0,0.0,0.0,0,-107875648.0,53,0.0,106,-107614832.0,2.7006707062415038e+23,ERR,ERR,ERR,ERR,ERR,ERR,ERR,ERR,ERR,ERR,ERR,ERR,ERR,ERR,ERR,ERR,ERR,ERR,ERR,ERR,ERR,ERR,ERR,ERR,ERR,ERR,ERR,ERR,ERR,ERR,ERR,ERR,ERR,ERR,ERR,ERR,ERR,ERR,ERR,ERR,ERR,ERR,ERR,ERR,ERR,ERR,ERR,ERR,ERR,ERR,ERR,ERR,ERR,ERR,ERR,ERR,ERR,ERR,ERR,ERR,ERR,ERR,ERR,ERR,ERR,ERR,ERR,50.0,60.0,100,0.0,0.0,0.0,0.0,0.0,0.0,0.0,0.0,0.0,0.0,0.0,0.0,0.0,0.0,0.0,0.0,61.6,64,20,65521,50,65476,0,300,0,0,8,20529,65476,0,0,26214,60.0,0.0,0.0,0.0,0.0,0.0
2026-05-17T16:35:59,ERR,ERR,ERR,ERR,ERR,ERR,ERR,ERR,ERR,ERR,ERR,ERR,ERR,ERR,ERR,ERR,ERR,ERR,ERR,ERR,ERR,ERR,ERR,ERR,ERR,ERR,ERR,ERR,ERR,ERR,ERR,ERR,ERR,ERR,ERR,ERR,ERR,ERR,ERR,ERR,ERR,ERR,ERR,ERR,ERR,ERR,ERR,ERR,ERR,ERR,ERR,ERR,ERR,ERR,ERR,ERR,ERR,ERR,ERR,ERR,ERR,ERR,ERR,ERR,ERR,ERR,ERR,ERR,ERR,ERR,ERR,ERR,ERR,ERR,ERR,ERR,ERR,ERR,ERR,ERR,ERR,ERR,ERR,ERR,ERR,ERR,ERR,ERR,ERR,ERR,ERR,ERR,ERR,ERR,ERR,ERR,ERR,ERR,ERR,ERR,ERR,ERR,ERR,ERR,ERR,ERR,ERR,ERR,ERR,ERR,ERR,ERR,ERR,ERR,ERR,ERR,ERR,ERR,ERR,ERR,ERR,ERR,ERR,ERR,ERR,0.0,-107615288.0,-0.0,0.0,0.0,1.3936040501711995e+18,7.805,0.0,0,0,4,0,8422,0.0,45,0.0,0.0,0.0,0.0,0.0,0,0,0,0,0.0,0,0,0,0,0,0,0,0,0,0,0,0,0,0,0,0,0,0,0,0,0,0,0,0,0,0,0,0,0,0,0,0,0,38,14,7,45,65476,0,300,0,0,8,21553,0.0,-107605600.0,0.0,0.0,0.0,0.0,0.0,0.0,0.0,0.0,0.0,0.0,0.0,0.0,0.0,0.0,0.0,0.0,0.0,0.0,0.0,0.0,0.0,0.0,-2.004,2.004,0.0,0.0,0.0,0.0,5076.0,-2.422988480993034e+24,0.0,0.0,-107615288.0,0.0,-0.0,0.0,0.0,0.0,0.0,53,5.848083413016271e+35,2.7184179512210902e+23,0.0,0.0,0.0,0.0,0.0,0.0,0.0,0,0,0,0.0,0.0,0.0,0.0,0.0,0.0,0.0,0.0,0.0,0.0,0.0,0.0,0.0,0.0,0.0,0.0,0,-107875648.0,53,0.0,106,-107614832.0,2.7006707062415038e+23,ERR,ERR,ERR,ERR,ERR,ERR,ERR,ERR,ERR,ERR,ERR,ERR,ERR,ERR,ERR,ERR,ERR,ERR,ERR,ERR,ERR,ERR,ERR,ERR,ERR,ERR,ERR,ERR,ERR,ERR,ERR,ERR,ERR,ERR,ERR,ERR,ERR,ERR,ERR,ERR,ERR,ERR,ERR,ERR,ERR,ERR,ERR,ERR,ERR,ERR,ERR,ERR,ERR,ERR,ERR,ERR,ERR,ERR,ERR,ERR,ERR,ERR,ERR,ERR,ERR,ERR,ERR,50.0,60.0,100,0.0,0.0,0.0,0.0,0.0,0.0,0.0,0.0,0.0,0.0,0.0,0.0,0.0,0.0,0.0,0.0,61.6,64,20,65521,50,65476,0,300,0,0,8,20529,65476,0,0,26214,60.0,0.0,0.0,0.0,0.0,0.0
2026-05-17T16:36:00,ERR,ERR,ERR,ERR,ERR,ERR,ERR,ERR,ERR,ERR,ERR,ERR,ERR,ERR,ERR,ERR,ERR,ERR,ERR,ERR,ERR,ERR,ERR,ERR,ERR,ERR,ERR,ERR,ERR,ERR,ERR,ERR,ERR,ERR,ERR,ERR,ERR,ERR,ERR,ERR,ERR,ERR,ERR,ERR,ERR,ERR,ERR,ERR,ERR,ERR,ERR,ERR,ERR,ERR,ERR,ERR,ERR,ERR,ERR,ERR,ERR,ERR,ERR,ERR,ERR,ERR,ERR,ERR,ERR,ERR,ERR,ERR,ERR,ERR,ERR,ERR,ERR,ERR,ERR,ERR,ERR,ERR,ERR,ERR,ERR,ERR,ERR,ERR,ERR,ERR,ERR,ERR,ERR,ERR,ERR,ERR,ERR,ERR,ERR,ERR,ERR,ERR,ERR,ERR,ERR,ERR,ERR,ERR,ERR,ERR,ERR,ERR,ERR,ERR,ERR,ERR,ERR,ERR,ERR,ERR,ERR,ERR,ERR,ERR,ERR,0.0,-107615288.0,-0.0,0.0,0.0,1.3936040501711995e+18,7.805,0.0,0,0,4,0,8422,0.0,45,0.0,0.0,0.0,0.0,0.0,0,0,0,0,0.0,0,0,0,0,0,0,0,0,0,0,0,0,0,0,0,0,0,0,0,0,0,0,0,0,0,0,0,0,0,0,0,0,0,38,14,7,45,65476,0,300,0,0,8,21553,0.0,-107605600.0,0.0,0.0,0.0,0.0,0.0,0.0,0.0,0.0,0.0,0.0,0.0,0.0,0.0,0.0,0.0,0.0,0.0,0.0,0.0,0.0,0.0,0.0,-2.004,2.004,0.0,0.0,0.0,0.0,5076.0,-2.422988480993034e+24,0.0,0.0,-107615288.0,0.0,-0.0,0.0,0.0,0.0,0.0,53,5.848083413016271e+35,2.7184179512210902e+23,0.0,0.0,0.0,0.0,0.0,0.0,0.0,0,0,0,0.0,0.0,0.0,0.0,0.0,0.0,0.0,0.0,0.0,0.0,0.0,0.0,0.0,0.0,0.0,0.0,0,-107875648.0,53,0.0,106,-107614832.0,2.7006707062415038e+23,ERR,ERR,ERR,ERR,ERR,ERR,ERR,ERR,ERR,ERR,ERR,ERR,ERR,ERR,ERR,ERR,ERR,ERR,ERR,ERR,ERR,ERR,ERR,ERR,ERR,ERR,ERR,ERR,ERR,ERR,ERR,ERR,ERR,ERR,ERR,ERR,ERR,ERR,ERR,ERR,ERR,ERR,ERR,ERR,ERR,ERR,ERR,ERR,ERR,ERR,ERR,ERR,ERR,ERR,ERR,ERR,ERR,ERR,ERR,ERR,ERR,ERR,ERR,ERR,ERR,ERR,ERR,50.0,60.0,100,0.0,0.0,0.0,0.0,0.0,0.0,0.0,0.0,0.0,0.0,0.0,0.0,0.0,0.0,0.0,0.0,61.6,64,20,65521,50,65476,0,300,0,0,8,20529,65476,0,0,26214,60.0,0.0,0.0,0.0,0.0,0.0
2026-05-17T16:36:01,ERR,ERR,ERR,ERR,ERR,ERR,ERR,ERR,ERR,ERR,ERR,ERR,ERR,ERR,ERR,ERR,ERR,ERR,ERR,ERR,ERR,ERR,ERR,ERR,ERR,ERR,ERR,ERR,ERR,ERR,ERR,ERR,ERR,ERR,ERR,ERR,ERR,ERR,ERR,ERR,ERR,ERR,ERR,ERR,ERR,ERR,ERR,ERR,ERR,ERR,ERR,ERR,ERR,ERR,ERR,ERR,ERR,ERR,ERR,ERR,ERR,ERR,ERR,ERR,ERR,ERR,ERR,ERR,ERR,ERR,ERR,ERR,ERR,ERR,ERR,ERR,ERR,ERR,ERR,ERR,ERR,ERR,ERR,ERR,ERR,ERR,ERR,ERR,ERR,ERR,ERR,ERR,ERR,ERR,ERR,ERR,ERR,ERR,ERR,ERR,ERR,ERR,ERR,ERR,ERR,ERR,ERR,ERR,ERR,ERR,ERR,ERR,ERR,ERR,ERR,ERR,ERR,ERR,ERR,ERR,ERR,ERR,ERR,ERR,ERR,0.0,-107615288.0,-0.0,0.0,0.0,1.3936040501711995e+18,7.805,0.0,0,0,4,0,8422,0.0,45,0.0,0.0,0.0,0.0,0.0,0,0,0,0,0.0,0,0,0,0,0,0,0,0,0,0,0,0,0,0,0,0,0,0,0,0,0,0,0,0,0,0,0,0,0,0,0,0,0,38,14,7,45,65476,0,300,0,0,8,21553,0.0,-107605600.0,0.0,0.0,0.0,0.0,0.0,0.0,0.0,0.0,0.0,0.0,0.0,0.0,0.0,0.0,0.0,0.0,0.0,0.0,0.0,0.0,0.0,0.0,-2.004,2.004,0.0,0.0,0.0,0.0,5076.0,-2.422988480993034e+24,0.0,0.0,-107615288.0,0.0,-0.0,0.0,0.0,0.0,0.0,53,5.848083413016271e+35,2.7184179512210902e+23,0.0,0.0,0.0,0.0,0.0,0.0,0.0,0,0,0,0.0,0.0,0.0,0.0,0.0,0.0,0.0,0.0,0.0,0.0,0.0,0.0,0.0,0.0,0.0,0.0,0,-107875648.0,53,0.0,106,-107614832.0,2.7006707062415038e+23,ERR,ERR,ERR,ERR,ERR,ERR,ERR,ERR,ERR,ERR,ERR,ERR,ERR,ERR,ERR,ERR,ERR,ERR,ERR,ERR,ERR,ERR,ERR,ERR,ERR,ERR,ERR,ERR,ERR,ERR,ERR,ERR,ERR,ERR,ERR,ERR,ERR,ERR,ERR,ERR,ERR,ERR,ERR,ERR,ERR,ERR,ERR,ERR,ERR,ERR,ERR,ERR,ERR,ERR,ERR,ERR,ERR,ERR,ERR,ERR,ERR,ERR,ERR,ERR,ERR,ERR,ERR,50.0,60.0,100,0.0,0.0,0.0,0.0,0.0,0.0,0.0,0.0,0.0,0.0,0.0,0.0,0.0,0.0,0.0,0.0,62.0,64,20,65521,50,65476,0,300,0,0,8,20529,65476,0,0,26214,60.0,0.0,0.0,0.0,0.0,0.0
2026-05-17T16:36:02,ERR,ERR,ERR,ERR,ERR,ERR,ERR,ERR,ERR,ERR,ERR,ERR,ERR,ERR,ERR,ERR,ERR,ERR,ERR,ERR,ERR,ERR,ERR,ERR,ERR,ERR,ERR,ERR,ERR,ERR,ERR,ERR,ERR,ERR,ERR,ERR,ERR,ERR,ERR,ERR,ERR,ERR,ERR,ERR,ERR,ERR,ERR,ERR,ERR,ERR,ERR,ERR,ERR,ERR,ERR,ERR,ERR,ERR,ERR,ERR,ERR,ERR,ERR,ERR,ERR,ERR,ERR,ERR,ERR,ERR,ERR,ERR,ERR,ERR,ERR,ERR,ERR,ERR,ERR,ERR,ERR,ERR,ERR,ERR,ERR,ERR,ERR,ERR,ERR,ERR,ERR,ERR,ERR,ERR,ERR,ERR,ERR,ERR,ERR,ERR,ERR,ERR,ERR,ERR,ERR,ERR,ERR,ERR,ERR,ERR,ERR,ERR,ERR,ERR,ERR,ERR,ERR,ERR,ERR,ERR,ERR,ERR,ERR,ERR,ERR,0.0,0.0,-134474944.0,0.0,0.0,1.3936040501711995e+18,7.805,0.0,0,0,4,0,8422,0.0,45,0.0,0.0,0.0,0.0,0.0,0,0,0,0,0.0,0,0,0,0,0,0,0,0,0,0,0,0,0,0,0,0,0,0,0,0,0,0,0,0,0,0,0,0,0,0,0,0,0,38,14,7,45,65476,0,300,0,0,8,21553,0.0,-107605600.0,0.0,0.0,0.0,0.0,0.0,0.0,0.0,0.0,0.0,0.0,0.0,0.0,0.0,0.0,0.0,0.0,0.0,0.0,0.0,0.0,0.0,0.0,-2.004,2.004,0.0,0.0,0.0,0.0,5074.0,-2.004,0.0,0.0,0.0,0.0,-107615304.0,0.0,0.0,0.0,0.0,53,2.7184300208680915e+23,89220.586,0.0,0.0,0.0,0.0,0.0,0.0,0.0,0,0,0,0.0,0.0,0.0,0.0,0.0,0.0,0.0,0.0,0.0,0.0,0.0,0.0,0.0,0.0,0.0,0.0,0,-107875648.0,53,0.0,106,-107614832.0,2.7006707062415038e+23,ERR,ERR,ERR,ERR,ERR,ERR,ERR,ERR,ERR,ERR,ERR,ERR,ERR,ERR,ERR,ERR,ERR,ERR,ERR,ERR,ERR,ERR,ERR,ERR,ERR,ERR,ERR,ERR,ERR,ERR,ERR,ERR,ERR,ERR,ERR,ERR,ERR,ERR,ERR,ERR,ERR,ERR,ERR,ERR,ERR,ERR,ERR,ERR,ERR,ERR,ERR,ERR,ERR,ERR,ERR,ERR,ERR,ERR,ERR,ERR,ERR,ERR,ERR,ERR,ERR,ERR,ERR,50.0,60.0,100,0.0,0.0,0.0,0.0,0.0,0.0,0.0,0.0,0.0,0.0,0.0,0.0,0.0,0.0,0.0,0.0,62.0,64,20,65521,50,65476,0,300,0,0,8,20529,65476,0,0,26214,60.0,0.0,0.0,0.0,0.0,0.0
2026-05-17T16:36:03,ERR,ERR,ERR,ERR,ERR,ERR,ERR,ERR,ERR,ERR,ERR,ERR,ERR,ERR,ERR,ERR,ERR,ERR,ERR,ERR,ERR,ERR,ERR,ERR,ERR,ERR,ERR,ERR,ERR,ERR,ERR,ERR,ERR,ERR,ERR,ERR,ERR,ERR,ERR,ERR,ERR,ERR,ERR,ERR,ERR,ERR,ERR,ERR,ERR,ERR,ERR,ERR,ERR,ERR,ERR,ERR,ERR,ERR,ERR,ERR,ERR,ERR,ERR,ERR,ERR,ERR,ERR,ERR,ERR,ERR,ERR,ERR,ERR,ERR,ERR,ERR,ERR,ERR,ERR,ERR,ERR,ERR,ERR,ERR,ERR,ERR,ERR,ERR,ERR,ERR,ERR,ERR,ERR,ERR,ERR,ERR,ERR,ERR,ERR,ERR,ERR,ERR,ERR,ERR,ERR,ERR,ERR,ERR,ERR,ERR,ERR,ERR,ERR,ERR,ERR,ERR,ERR,ERR,ERR,ERR,ERR,ERR,ERR,ERR,ERR,0.0,0.0,-134474944.0,0.0,0.0,1.3936040501711995e+18,7.805,0.0,0,0,4,0,8422,0.0,45,0.0,0.0,0.0,0.0,0.0,0,0,0,0,0.0,0,0,0,0,0,0,0,0,0,0,0,0,0,0,0,0,0,0,0,0,0,0,0,0,0,0,0,0,0,0,0,0,0,38,14,7,45,65476,0,300,0,0,8,21553,0.0,-107605600.0,0.0,0.0,0.0,0.0,0.0,0.0,0.0,0.0,0.0,0.0,0.0,0.0,0.0,0.0,0.0,0.0,0.0,0.0,0.0,0.0,0.0,0.0,-2.004,2.004,0.0,0.0,0.0,0.0,5074.0,-2.004,0.0,0.0,0.0,0.0,-107615304.0,0.0,0.0,0.0,0.0,53,2.7184300208680915e+23,89220.586,0.0,0.0,0.0,0.0,0.0,0.0,0.0,0,0,0,0.0,0.0,0.0,0.0,0.0,0.0,0.0,0.0,0.0,0.0,0.0,0.0,0.0,0.0,0.0,0.0,0,-107875648.0,53,0.0,106,-107614832.0,2.7006707062415038e+23,ERR,ERR,ERR,ERR,ERR,ERR,ERR,ERR,ERR,ERR,ERR,ERR,ERR,ERR,ERR,ERR,ERR,ERR,ERR,ERR,ERR,ERR,ERR,ERR,ERR,ERR,ERR,ERR,ERR,ERR,ERR,ERR,ERR,ERR,ERR,ERR,ERR,ERR,ERR,ERR,ERR,ERR,ERR,ERR,ERR,ERR,ERR,ERR,ERR,ERR,ERR,ERR,ERR,ERR,ERR,ERR,ERR,ERR,ERR,ERR,ERR,ERR,ERR,ERR,ERR,ERR,ERR,50.0,60.0,100,0.0,0.0,0.0,0.0,0.0,0.0,0.0,0.0,0.0,0.0,0.0,0.0,0.0,0.0,0.0,0.0,61.6,64,20,65521,50,65476,0,300,0,0,8,20529,65476,0,0,26214,60.0,0.0,0.0,0.0,0.0,0.0
2026-05-17T16:36:04,ERR,ERR,ERR,ERR,ERR,ERR,ERR,ERR,ERR,ERR,ERR,ERR,ERR,ERR,ERR,ERR,ERR,ERR,ERR,ERR,ERR,ERR,ERR,ERR,ERR,ERR,ERR,ERR,ERR,ERR,ERR,ERR,ERR,ERR,ERR,ERR,ERR,ERR,ERR,ERR,ERR,ERR,ERR,ERR,ERR,ERR,ERR,ERR,ERR,ERR,ERR,ERR,ERR,ERR,ERR,ERR,ERR,ERR,ERR,ERR,ERR,ERR,ERR,ERR,ERR,ERR,ERR,ERR,ERR,ERR,ERR,ERR,ERR,ERR,ERR,ERR,ERR,ERR,ERR,ERR,ERR,ERR,ERR,ERR,ERR,ERR,ERR,ERR,ERR,ERR,ERR,ERR,ERR,ERR,ERR,ERR,ERR,ERR,ERR,ERR,ERR,ERR,ERR,ERR,ERR,ERR,ERR,ERR,ERR,ERR,ERR,ERR,ERR,ERR,ERR,ERR,ERR,ERR,ERR,ERR,ERR,ERR,ERR,ERR,ERR,0.0,0.0,-134474944.0,0.0,0.0,1.3936040501711995e+18,7.805,0.0,0,0,4,0,8422,0.0,45,0.0,0.0,0.0,0.0,0.0,0,0,0,0,0.0,0,0,0,0,0,0,0,0,0,0,0,0,0,0,0,0,0,0,0,0,0,0,0,0,0,0,0,0,0,0,0,0,0,38,14,7,45,65476,0,300,0,0,8,21553,0.0,-107605600.0,0.0,0.0,0.0,0.0,0.0,0.0,0.0,0.0,0.0,0.0,0.0,0.0,0.0,0.0,0.0,0.0,0.0,0.0,0.0,0.0,0.0,0.0,-2.004,2.004,0.0,0.0,0.0,0.0,5074.0,-2.004,0.0,0.0,0.0,0.0,-107615304.0,0.0,0.0,0.0,0.0,53,2.7184300208680915e+23,89220.586,0.0,0.0,0.0,0.0,0.0,0.0,0.0,0,0,0,0.0,0.0,0.0,0.0,0.0,0.0,0.0,0.0,0.0,0.0,0.0,0.0,0.0,0.0,0.0,0.0,0,-107875648.0,53,0.0,106,-107614832.0,2.7006707062415038e+23,ERR,ERR,ERR,ERR,ERR,ERR,ERR,ERR,ERR,ERR,ERR,ERR,ERR,ERR,ERR,ERR,ERR,ERR,ERR,ERR,ERR,ERR,ERR,ERR,ERR,ERR,ERR,ERR,ERR,ERR,ERR,ERR,ERR,ERR,ERR,ERR,ERR,ERR,ERR,ERR,ERR,ERR,ERR,ERR,ERR,ERR,ERR,ERR,ERR,ERR,ERR,ERR,ERR,ERR,ERR,ERR,ERR,ERR,ERR,ERR,ERR,ERR,ERR,ERR,ERR,ERR,ERR,50.0,60.0,100,0.0,0.0,0.0,0.0,0.0,0.0,0.0,0.0,0.0,0.0,0.0,0.0,0.0,0.0,0.0,0.0,61.6,64,20,65521,50,65476,0,300,0,0,8,20529,65476,0,0,26214,60.0,0.0,0.0,0.0,0.0,0.0
2026-05-17T16:36:05,ERR,ERR,ERR,ERR,ERR,ERR,ERR,ERR,ERR,ERR,ERR,ERR,ERR,ERR,ERR,ERR,ERR,ERR,ERR,ERR,ERR,ERR,ERR,ERR,ERR,ERR,ERR,ERR,ERR,ERR,ERR,ERR,ERR,ERR,ERR,ERR,ERR,ERR,ERR,ERR,ERR,ERR,ERR,ERR,ERR,ERR,ERR,ERR,ERR,ERR,ERR,ERR,ERR,ERR,ERR,ERR,ERR,ERR,ERR,ERR,ERR,ERR,ERR,ERR,ERR,ERR,ERR,ERR,ERR,ERR,ERR,ERR,ERR,ERR,ERR,ERR,ERR,ERR,ERR,ERR,ERR,ERR,ERR,ERR,ERR,ERR,ERR,ERR,ERR,ERR,ERR,ERR,ERR,ERR,ERR,ERR,ERR,ERR,ERR,ERR,ERR,ERR,ERR,ERR,ERR,ERR,ERR,ERR,ERR,ERR,ERR,ERR,ERR,ERR,ERR,ERR,ERR,ERR,ERR,ERR,ERR,ERR,ERR,ERR,ERR,0.0,0.0,-134474944.0,0.0,0.0,1.3936040501711995e+18,7.805,0.0,0,0,4,0,8422,0.0,45,0.0,0.0,0.0,0.0,0.0,0,0,0,0,0.0,0,0,0,0,0,0,0,0,0,0,0,0,0,0,0,0,0,0,0,0,0,0,0,0,0,0,0,0,0,0,0,0,0,38,14,7,45,65476,0,300,0,0,8,21553,0.0,-107605600.0,0.0,0.0,0.0,0.0,0.0,0.0,0.0,0.0,0.0,0.0,0.0,0.0,0.0,0.0,0.0,0.0,0.0,0.0,0.0,0.0,0.0,0.0,-2.004,2.004,0.0,0.0,0.0,0.0,5074.0,-2.004,0.0,0.0,0.0,0.0,-107615304.0,0.0,0.0,0.0,0.0,53,2.7184300208680915e+23,89220.586,0.0,0.0,0.0,0.0,0.0,0.0,0.0,0,0,0,0.0,0.0,0.0,0.0,0.0,0.0,0.0,0.0,0.0,0.0,0.0,0.0,0.0,0.0,0.0,0.0,0,-107875648.0,53,0.0,106,-107614832.0,2.7006707062415038e+23,ERR,ERR,ERR,ERR,ERR,ERR,ERR,ERR,ERR,ERR,ERR,ERR,ERR,ERR,ERR,ERR,ERR,ERR,ERR,ERR,ERR,ERR,ERR,ERR,ERR,ERR,ERR,ERR,ERR,ERR,ERR,ERR,ERR,ERR,ERR,ERR,ERR,ERR,ERR,ERR,ERR,ERR,ERR,ERR,ERR,ERR,ERR,ERR,ERR,ERR,ERR,ERR,ERR,ERR,ERR,ERR,ERR,ERR,ERR,ERR,ERR,ERR,ERR,ERR,ERR,ERR,ERR,50.0,60.0,100,0.0,0.0,0.0,0.0,0.0,0.0,0.0,0.0,0.0,0.0,0.0,0.0,0.0,0.0,0.0,0.0,61.6,64,20,65521,50,65476,0,300,0,0,8,20529,65476,0,0,26214,60.0,0.0,0.0,0.0,0.0,0.0
2026-05-17T16:36:06,ERR,ERR,ERR,ERR,ERR,ERR,ERR,ERR,ERR,ERR,ERR,ERR,ERR,ERR,ERR,ERR,ERR,ERR,ERR,ERR,ERR,ERR,ERR,ERR,ERR,ERR,ERR,ERR,ERR,ERR,ERR,ERR,ERR,ERR,ERR,ERR,ERR,ERR,ERR,ERR,ERR,ERR,ERR,ERR,ERR,ERR,ERR,ERR,ERR,ERR,ERR,ERR,ERR,ERR,ERR,ERR,ERR,ERR,ERR,ERR,ERR,ERR,ERR,ERR,ERR,ERR,ERR,ERR,ERR,ERR,ERR,ERR,ERR,ERR,ERR,ERR,ERR,ERR,ERR,ERR,ERR,ERR,ERR,ERR,ERR,ERR,ERR,ERR,ERR,ERR,ERR,ERR,ERR,ERR,ERR,ERR,ERR,ERR,ERR,ERR,ERR,ERR,ERR,ERR,ERR,ERR,ERR,ERR,ERR,ERR,ERR,ERR,ERR,ERR,ERR,ERR,ERR,ERR,ERR,ERR,ERR,ERR,ERR,ERR,ERR,0.0,0.0,-134474944.0,0.0,0.0,1.3936040501711995e+18,7.805,0.0,0,0,4,0,8422,0.0,45,0.0,0.0,0.0,0.0,0.0,0,0,0,0,0.0,0,0,0,0,0,0,0,0,0,0,0,0,0,0,0,0,0,0,0,0,0,0,0,0,0,0,0,0,0,0,0,0,0,38,14,7,45,65476,0,300,0,0,8,21553,0.0,-107605600.0,0.0,0.0,0.0,0.0,0.0,0.0,0.0,0.0,0.0,0.0,0.0,0.0,0.0,0.0,0.0,0.0,0.0,0.0,0.0,0.0,0.0,0.0,-2.004,2.004,0.0,0.0,0.0,0.0,5074.0,-2.004,0.0,0.0,0.0,0.0,-107615304.0,0.0,0.0,0.0,0.0,53,2.7184300208680915e+23,89220.586,0.0,0.0,0.0,0.0,0.0,0.0,0.0,0,0,0,0.0,0.0,0.0,0.0,0.0,0.0,0.0,0.0,0.0,0.0,0.0,0.0,0.0,0.0,0.0,0.0,0,-107875648.0,53,0.0,106,-107614832.0,2.7006707062415038e+23,ERR,ERR,ERR,ERR,ERR,ERR,ERR,ERR,ERR,ERR,ERR,ERR,ERR,ERR,ERR,ERR,ERR,ERR,ERR,ERR,ERR,ERR,ERR,ERR,ERR,ERR,ERR,ERR,ERR,ERR,ERR,ERR,ERR,ERR,ERR,ERR,ERR,ERR,ERR,ERR,ERR,ERR,ERR,ERR,ERR,ERR,ERR,ERR,ERR,ERR,ERR,ERR,ERR,ERR,ERR,ERR,ERR,ERR,ERR,ERR,ERR,ERR,ERR,ERR,ERR,ERR,ERR,50.0,60.0,100,0.0,0.0,0.0,0.0,0.0,0.0,0.0,0.0,0.0,0.0,0.0,0.0,0.0,0.0,0.0,0.0,62.0,64,20,65521,50,65476,0,300,0,0,8,20529,65476,0,0,26214,60.0,0.0,0.0,0.0,0.0,0.0
2026-05-17T16:36:07,ERR,ERR,ERR,ERR,ERR,ERR,ERR,ERR,ERR,ERR,ERR,ERR,ERR,ERR,ERR,ERR,ERR,ERR,ERR,ERR,ERR,ERR,ERR,ERR,ERR,ERR,ERR,ERR,ERR,ERR,ERR,ERR,ERR,ERR,ERR,ERR,ERR,ERR,ERR,ERR,ERR,ERR,ERR,ERR,ERR,ERR,ERR,ERR,ERR,ERR,ERR,ERR,ERR,ERR,ERR,ERR,ERR,ERR,ERR,ERR,ERR,ERR,ERR,ERR,ERR,ERR,ERR,ERR,ERR,ERR,ERR,ERR,ERR,ERR,ERR,ERR,ERR,ERR,ERR,ERR,ERR,ERR,ERR,ERR,ERR,ERR,ERR,ERR,ERR,ERR,ERR,ERR,ERR,ERR,ERR,ERR,ERR,ERR,ERR,ERR,ERR,ERR,ERR,ERR,ERR,ERR,ERR,ERR,ERR,ERR,ERR,ERR,ERR,ERR,ERR,ERR,ERR,ERR,ERR,ERR,ERR,ERR,ERR,ERR,ERR,0.0,-107615288.0,-0.0,0.0,0.0,1.3936040501711995e+18,7.805,0.0,0,0,4,0,8422,0.0,45,0.0,0.0,0.0,0.0,0.0,0,0,0,0,0.0,0,0,0,0,0,0,0,0,0,0,0,0,0,0,0,0,0,0,0,0,0,0,0,0,0,0,0,0,0,0,0,0,0,38,14,7,45,65476,0,300,0,0,8,21553,0.0,-107605600.0,0.0,0.0,0.0,0.0,0.0,0.0,0.0,0.0,0.0,0.0,0.0,0.0,0.0,0.0,0.0,0.0,0.0,0.0,0.0,0.0,0.0,0.0,-2.004,0.0,0.0,0.0,0.0,0.0,5071.0,-0.0,0.0,0.0,0.0,0.0,-107615304.0,0.0,0.0,0.0,0.0,53,1.9056979486756045e+17,-4.95040229166093e+32,0.0,0.0,0.0,0.0,0.0,0.0,0.0,0,0,0,0.0,0.0,0.0,0.0,0.0,0.0,0.0,0.0,0.0,0.0,0.0,0.0,0.0,0.0,0.0,0.0,0,-107875648.0,53,0.0,106,-107614832.0,2.7006707062415038e+23,ERR,ERR,ERR,ERR,ERR,ERR,ERR,ERR,ERR,ERR,ERR,ERR,ERR,ERR,ERR,ERR,ERR,ERR,ERR,ERR,ERR,ERR,ERR,ERR,ERR,ERR,ERR,ERR,ERR,ERR,ERR,ERR,ERR,ERR,ERR,ERR,ERR,ERR,ERR,ERR,ERR,ERR,ERR,ERR,ERR,ERR,ERR,ERR,ERR,ERR,ERR,ERR,ERR,ERR,ERR,ERR,ERR,ERR,ERR,ERR,ERR,ERR,ERR,ERR,ERR,ERR,ERR,50.0,60.0,100,0.0,0.0,0.0,0.0,0.0,0.0,0.0,0.0,0.0,0.0,0.0,0.0,0.0,0.0,0.0,0.0,62.0,64,20,65521,50,65476,0,300,0,0,8,20529,65476,0,0,26214,60.0,0.0,0.0,0.0,0.0,0.0
2026-05-17T16:36:08,ERR,ERR,ERR,ERR,ERR,ERR,ERR,ERR,ERR,ERR,ERR,ERR,ERR,ERR,ERR,ERR,ERR,ERR,ERR,ERR,ERR,ERR,ERR,ERR,ERR,ERR,ERR,ERR,ERR,ERR,ERR,ERR,ERR,ERR,ERR,ERR,ERR,ERR,ERR,ERR,ERR,ERR,ERR,ERR,ERR,ERR,ERR,ERR,ERR,ERR,ERR,ERR,ERR,ERR,ERR,ERR,ERR,ERR,ERR,ERR,ERR,ERR,ERR,ERR,ERR,ERR,ERR,ERR,ERR,ERR,ERR,ERR,ERR,ERR,ERR,ERR,ERR,ERR,ERR,ERR,ERR,ERR,ERR,ERR,ERR,ERR,ERR,ERR,ERR,ERR,ERR,ERR,ERR,ERR,ERR,ERR,ERR,ERR,ERR,ERR,ERR,ERR,ERR,ERR,ERR,ERR,ERR,ERR,ERR,ERR,ERR,ERR,ERR,ERR,ERR,ERR,ERR,ERR,ERR,ERR,ERR,ERR,ERR,ERR,ERR,0.0,-107615288.0,-0.0,0.0,0.0,1.3936040501711995e+18,7.805,0.0,0,0,4,0,8422,0.0,45,0.0,0.0,0.0,0.0,0.0,0,0,0,0,0.0,0,0,0,0,0,0,0,0,0,0,0,0,0,0,0,0,0,0,0,0,0,0,0,0,0,0,0,0,0,0,0,0,0,38,14,7,45,65476,0,300,0,0,8,21553,0.0,-107605600.0,0.0,0.0,0.0,0.0,0.0,0.0,0.0,0.0,0.0,0.0,0.0,0.0,0.0,0.0,0.0,0.0,0.0,0.0,0.0,0.0,0.0,0.0,-2.004,0.0,0.0,0.0,0.0,0.0,5071.0,-0.0,0.0,0.0,0.0,0.0,-107615304.0,0.0,0.0,0.0,0.0,53,1.9056979486756045e+17,-4.95040229166093e+32,0.0,0.0,0.0,0.0,0.0,0.0,0.0,0,0,0,0.0,0.0,0.0,0.0,0.0,0.0,0.0,0.0,0.0,0.0,0.0,0.0,0.0,0.0,0.0,0.0,0,-107875648.0,53,0.0,106,-107614832.0,2.7006707062415038e+23,ERR,ERR,ERR,ERR,ERR,ERR,ERR,ERR,ERR,ERR,ERR,ERR,ERR,ERR,ERR,ERR,ERR,ERR,ERR,ERR,ERR,ERR,ERR,ERR,ERR,ERR,ERR,ERR,ERR,ERR,ERR,ERR,ERR,ERR,ERR,ERR,ERR,ERR,ERR,ERR,ERR,ERR,ERR,ERR,ERR,ERR,ERR,ERR,ERR,ERR,ERR,ERR,ERR,ERR,ERR,ERR,ERR,ERR,ERR,ERR,ERR,ERR,ERR,ERR,ERR,ERR,ERR,50.0,60.0,100,0.0,0.0,0.0,0.0,0.0,0.0,0.0,0.0,0.0,0.0,0.0,0.0,0.0,0.0,0.0,0.0,61.6,64,20,65521,50,65476,0,300,0,0,8,20529,65476,0,0,26214,60.0,0.0,0.0,0.0,0.0,0.0
2026-05-17T16:36:09,ERR,ERR,ERR,ERR,ERR,ERR,ERR,ERR,ERR,ERR,ERR,ERR,ERR,ERR,ERR,ERR,ERR,ERR,ERR,ERR,ERR,ERR,ERR,ERR,ERR,ERR,ERR,ERR,ERR,ERR,ERR,ERR,ERR,ERR,ERR,ERR,ERR,ERR,ERR,ERR,ERR,ERR,ERR,ERR,ERR,ERR,ERR,ERR,ERR,ERR,ERR,ERR,ERR,ERR,ERR,ERR,ERR,ERR,ERR,ERR,ERR,ERR,ERR,ERR,ERR,ERR,ERR,ERR,ERR,ERR,ERR,ERR,ERR,ERR,ERR,ERR,ERR,ERR,ERR,ERR,ERR,ERR,ERR,ERR,ERR,ERR,ERR,ERR,ERR,ERR,ERR,ERR,ERR,ERR,ERR,ERR,ERR,ERR,ERR,ERR,ERR,ERR,ERR,ERR,ERR,ERR,ERR,ERR,ERR,ERR,ERR,ERR,ERR,ERR,ERR,ERR,ERR,ERR,ERR,ERR,ERR,ERR,ERR,ERR,ERR,0.0,-107615288.0,-0.0,0.0,0.0,1.3936040501711995e+18,7.805,0.0,0,0,4,0,8422,0.0,45,0.0,0.0,0.0,0.0,0.0,0,0,0,0,0.0,0,0,0,0,0,0,0,0,0,0,0,0,0,0,0,0,0,0,0,0,0,0,0,0,0,0,0,0,0,0,0,0,0,38,14,7,45,65476,0,300,0,0,8,21553,0.0,-107605600.0,0.0,0.0,0.0,0.0,0.0,0.0,0.0,0.0,0.0,0.0,0.0,0.0,0.0,0.0,0.0,0.0,0.0,0.0,0.0,0.0,0.0,0.0,-2.004,0.0,0.0,0.0,0.0,0.0,5071.0,-0.0,0.0,0.0,0.0,0.0,-107615304.0,0.0,0.0,0.0,0.0,53,1.9056979486756045e+17,-4.95040229166093e+32,0.0,0.0,0.0,0.0,0.0,0.0,0.0,0,0,0,0.0,0.0,0.0,0.0,0.0,0.0,0.0,0.0,0.0,0.0,0.0,0.0,0.0,0.0,0.0,0.0,0,-107875648.0,53,0.0,106,-107614832.0,2.7006707062415038e+23,ERR,ERR,ERR,ERR,ERR,ERR,ERR,ERR,ERR,ERR,ERR,ERR,ERR,ERR,ERR,ERR,ERR,ERR,ERR,ERR,ERR,ERR,ERR,ERR,ERR,ERR,ERR,ERR,ERR,ERR,ERR,ERR,ERR,ERR,ERR,ERR,ERR,ERR,ERR,ERR,ERR,ERR,ERR,ERR,ERR,ERR,ERR,ERR,ERR,ERR,ERR,ERR,ERR,ERR,ERR,ERR,ERR,ERR,ERR,ERR,ERR,ERR,ERR,ERR,ERR,ERR,ERR,50.0,60.0,100,0.0,0.0,0.0,0.0,0.0,0.0,0.0,0.0,0.0,0.0,0.0,0.0,0.0,0.0,0.0,0.0,61.6,64,20,65521,50,65476,0,300,0,0,8,20529,65476,0,0,26214,60.0,0.0,0.0,0.0,0.0,0.0
2026-05-17T16:36:10,ERR,ERR,ERR,ERR,ERR,ERR,ERR,ERR,ERR,ERR,ERR,ERR,ERR,ERR,ERR,ERR,ERR,ERR,ERR,ERR,ERR,ERR,ERR,ERR,ERR,ERR,ERR,ERR,ERR,ERR,ERR,ERR,ERR,ERR,ERR,ERR,ERR,ERR,ERR,ERR,ERR,ERR,ERR,ERR,ERR,ERR,ERR,ERR,ERR,ERR,ERR,ERR,ERR,ERR,ERR,ERR,ERR,ERR,ERR,ERR,ERR,ERR,ERR,ERR,ERR,ERR,ERR,ERR,ERR,ERR,ERR,ERR,ERR,ERR,ERR,ERR,ERR,ERR,ERR,ERR,ERR,ERR,ERR,ERR,ERR,ERR,ERR,ERR,ERR,ERR,ERR,ERR,ERR,ERR,ERR,ERR,ERR,ERR,ERR,ERR,ERR,ERR,ERR,ERR,ERR,ERR,ERR,ERR,ERR,ERR,ERR,ERR,ERR,ERR,ERR,ERR,ERR,ERR,ERR,ERR,ERR,ERR,ERR,ERR,ERR,0.0,-107615288.0,-0.0,0.0,0.0,1.3936040501711995e+18,7.805,0.0,0,0,4,0,8422,0.0,45,0.0,0.0,0.0,0.0,0.0,0,0,0,0,0.0,0,0,0,0,0,0,0,0,0,0,0,0,0,0,0,0,0,0,0,0,0,0,0,0,0,0,0,0,0,0,0,0,0,38,14,7,45,65476,0,300,0,0,8,21553,0.0,-107605600.0,0.0,0.0,0.0,0.0,0.0,0.0,0.0,0.0,0.0,0.0,0.0,0.0,0.0,0.0,0.0,0.0,0.0,0.0,0.0,0.0,0.0,0.0,-2.004,0.0,0.0,0.0,0.0,0.0,5071.0,-0.0,0.0,0.0,0.0,0.0,-107615304.0,0.0,0.0,0.0,0.0,53,1.9056979486756045e+17,-4.95040229166093e+32,0.0,0.0,0.0,0.0,0.0,0.0,0.0,0,0,0,0.0,0.0,0.0,0.0,0.0,0.0,0.0,0.0,0.0,0.0,0.0,0.0,0.0,0.0,0.0,0.0,0,-107875648.0,53,0.0,106,-107614832.0,2.7006707062415038e+23,ERR,ERR,ERR,ERR,ERR,ERR,ERR,ERR,ERR,ERR,ERR,ERR,ERR,ERR,ERR,ERR,ERR,ERR,ERR,ERR,ERR,ERR,ERR,ERR,ERR,ERR,ERR,ERR,ERR,ERR,ERR,ERR,ERR,ERR,ERR,ERR,ERR,ERR,ERR,ERR,ERR,ERR,ERR,ERR,ERR,ERR,ERR,ERR,ERR,ERR,ERR,ERR,ERR,ERR,ERR,ERR,ERR,ERR,ERR,ERR,ERR,ERR,ERR,ERR,ERR,ERR,ERR,50.0,60.0,100,0.0,0.0,0.0,0.0,0.0,0.0,0.0,0.0,0.0,0.0,0.0,0.0,0.0,0.0,0.0,0.0,61.6,64,20,65521,50,65476,0,300,0,0,8,20529,65476,0,0,26214,60.0,0.0,0.0,0.0,0.0,0.0
2026-05-17T16:36:11,ERR,ERR,ERR,ERR,ERR,ERR,ERR,ERR,ERR,ERR,ERR,ERR,ERR,ERR,ERR,ERR,ERR,ERR,ERR,ERR,ERR,ERR,ERR,ERR,ERR,ERR,ERR,ERR,ERR,ERR,ERR,ERR,ERR,ERR,ERR,ERR,ERR,ERR,ERR,ERR,ERR,ERR,ERR,ERR,ERR,ERR,ERR,ERR,ERR,ERR,ERR,ERR,ERR,ERR,ERR,ERR,ERR,ERR,ERR,ERR,ERR,ERR,ERR,ERR,ERR,ERR,ERR,ERR,ERR,ERR,ERR,ERR,ERR,ERR,ERR,ERR,ERR,ERR,ERR,ERR,ERR,ERR,ERR,ERR,ERR,ERR,ERR,ERR,ERR,ERR,ERR,ERR,ERR,ERR,ERR,ERR,ERR,ERR,ERR,ERR,ERR,ERR,ERR,ERR,ERR,ERR,ERR,ERR,ERR,ERR,ERR,ERR,ERR,ERR,ERR,ERR,ERR,ERR,ERR,ERR,ERR,ERR,ERR,ERR,ERR,0.0,-107615288.0,-0.0,0.0,0.0,1.3936040501711995e+18,7.805,0.0,0,0,4,0,8422,0.0,45,0.0,0.0,0.0,0.0,0.0,0,0,0,0,0.0,0,0,0,0,0,0,0,0,0,0,0,0,0,0,0,0,0,0,0,0,0,0,0,0,0,0,0,0,0,0,0,0,0,38,14,7,45,65476,0,300,0,0,8,21553,0.0,-107605600.0,0.0,0.0,0.0,0.0,0.0,0.0,0.0,0.0,0.0,0.0,0.0,0.0,0.0,0.0,0.0,0.0,0.0,0.0,0.0,0.0,0.0,0.0,-2.004,0.0,0.0,0.0,0.0,0.0,5071.0,-0.0,0.0,0.0,0.0,0.0,-107615304.0,0.0,0.0,0.0,0.0,53,1.9056979486756045e+17,-4.95040229166093e+32,0.0,0.0,0.0,0.0,0.0,0.0,0.0,0,0,0,0.0,0.0,0.0,0.0,0.0,0.0,0.0,0.0,0.0,0.0,0.0,0.0,0.0,0.0,0.0,0.0,0,-107875648.0,53,0.0,106,-107614832.0,2.7006707062415038e+23,ERR,ERR,ERR,ERR,ERR,ERR,ERR,ERR,ERR,ERR,ERR,ERR,ERR,ERR,ERR,ERR,ERR,ERR,ERR,ERR,ERR,ERR,ERR,ERR,ERR,ERR,ERR,ERR,ERR,ERR,ERR,ERR,ERR,ERR,ERR,ERR,ERR,ERR,ERR,ERR,ERR,ERR,ERR,ERR,ERR,ERR,ERR,ERR,ERR,ERR,ERR,ERR,ERR,ERR,ERR,ERR,ERR,ERR,ERR,ERR,ERR,ERR,ERR,ERR,ERR,ERR,ERR,50.0,60.0,100,0.0,0.0,0.0,0.0,0.0,0.0,0.0,0.0,0.0,0.0,0.0,0.0,0.0,0.0,0.0,0.0,61.6,64,20,65521,50,65476,0,300,0,0,8,20529,65476,0,0,26214,60.0,0.0,0.0,0.0,0.0,0.0
2026-05-17T16:36:12,ERR,ERR,ERR,ERR,ERR,ERR,ERR,ERR,ERR,ERR,ERR,ERR,ERR,ERR,ERR,ERR,ERR,ERR,ERR,ERR,ERR,ERR,ERR,ERR,ERR,ERR,ERR,ERR,ERR,ERR,ERR,ERR,ERR,ERR,ERR,ERR,ERR,ERR,ERR,ERR,ERR,ERR,ERR,ERR,ERR,ERR,ERR,ERR,ERR,ERR,ERR,ERR,ERR,ERR,ERR,ERR,ERR,ERR,ERR,ERR,ERR,ERR,ERR,ERR,ERR,ERR,ERR,ERR,ERR,ERR,ERR,ERR,ERR,ERR,ERR,ERR,ERR,ERR,ERR,ERR,ERR,ERR,ERR,ERR,ERR,ERR,ERR,ERR,ERR,ERR,ERR,ERR,ERR,ERR,ERR,ERR,ERR,ERR,ERR,ERR,ERR,ERR,ERR,ERR,ERR,ERR,ERR,ERR,ERR,ERR,ERR,ERR,ERR,ERR,ERR,ERR,ERR,ERR,ERR,ERR,ERR,ERR,ERR,ERR,ERR,0.0,0.0,-134474944.0,0.0,0.0,1.3936040501711995e+18,7.805,0.0,0,0,4,0,8422,0.0,45,0.0,0.0,0.0,0.0,0.0,0,0,0,0,0.0,0,0,0,0,0,0,0,0,0,0,0,0,0,0,0,0,0,0,0,0,0,0,0,0,0,0,0,0,0,0,0,0,0,38,14,7,45,65476,0,300,0,0,8,21553,0.0,-107605600.0,0.0,0.0,0.0,0.0,0.0,0.0,0.0,0.0,0.0,0.0,0.0,0.0,0.0,0.0,0.0,0.0,0.0,0.0,0.0,0.0,0.0,0.0,-2.004,0.0,0.0,0.0,0.0,0.0,5040.0,-0.0,0.0,0.0,0.0,0.0,-107615304.0,0.0,0.0,0.0,0.0,53,2.3088403658719416e+20,4.0668540358038725e+29,0.0,0.0,0.0,0.0,0.0,0.0,0.0,0,0,0,0.0,0.0,0.0,0.0,0.0,0.0,0.0,0.0,0.0,0.0,0.0,0.0,0.0,0.0,0.0,0.0,0,-107875648.0,53,0.0,106,-107614832.0,2.7006707062415038e+23,ERR,ERR,ERR,ERR,ERR,ERR,ERR,ERR,ERR,ERR,ERR,ERR,ERR,ERR,ERR,ERR,ERR,ERR,ERR,ERR,ERR,ERR,ERR,ERR,ERR,ERR,ERR,ERR,ERR,ERR,ERR,ERR,ERR,ERR,ERR,ERR,ERR,ERR,ERR,ERR,ERR,ERR,ERR,ERR,ERR,ERR,ERR,ERR,ERR,ERR,ERR,ERR,ERR,ERR,ERR,ERR,ERR,ERR,ERR,ERR,ERR,ERR,ERR,ERR,ERR,ERR,ERR,50.0,60.0,100,0.0,0.0,0.0,0.0,0.0,0.0,0.0,0.0,0.0,0.0,0.0,0.0,0.0,0.0,0.0,0.0,62.0,64,20,65521,50,65476,0,300,0,0,8,20529,65476,0,0,26214,60.0,0.0,0.0,0.0,0.0,0.0
2026-05-17T16:36:13,ERR,ERR,ERR,ERR,ERR,ERR,ERR,ERR,ERR,ERR,ERR,ERR,ERR,ERR,ERR,ERR,ERR,ERR,ERR,ERR,ERR,ERR,ERR,ERR,ERR,ERR,ERR,ERR,ERR,ERR,ERR,ERR,ERR,ERR,ERR,ERR,ERR,ERR,ERR,ERR,ERR,ERR,ERR,ERR,ERR,ERR,ERR,ERR,ERR,ERR,ERR,ERR,ERR,ERR,ERR,ERR,ERR,ERR,ERR,ERR,ERR,ERR,ERR,ERR,ERR,ERR,ERR,ERR,ERR,ERR,ERR,ERR,ERR,ERR,ERR,ERR,ERR,ERR,ERR,ERR,ERR,ERR,ERR,ERR,ERR,ERR,ERR,ERR,ERR,ERR,ERR,ERR,ERR,ERR,ERR,ERR,ERR,ERR,ERR,ERR,ERR,ERR,ERR,ERR,ERR,ERR,ERR,ERR,ERR,ERR,ERR,ERR,ERR,ERR,ERR,ERR,ERR,ERR,ERR,ERR,ERR,ERR,ERR,ERR,ERR,0.0,0.0,-134474944.0,0.0,0.0,1.3936040501711995e+18,7.805,0.0,0,0,4,0,8422,0.0,45,0.0,0.0,0.0,0.0,0.0,0,0,0,0,0.0,0,0,0,0,0,0,0,0,0,0,0,0,0,0,0,0,0,0,0,0,0,0,0,0,0,0,0,0,0,0,0,0,0,38,14,7,45,65476,0,300,0,0,8,21553,0.0,-107605600.0,0.0,0.0,0.0,0.0,0.0,0.0,0.0,0.0,0.0,0.0,0.0,0.0,0.0,0.0,0.0,0.0,0.0,0.0,0.0,0.0,0.0,0.0,-2.004,0.0,0.0,0.0,0.0,0.0,5040.0,-0.0,0.0,0.0,0.0,0.0,-107615304.0,0.0,0.0,0.0,0.0,53,2.3088403658719416e+20,4.0668540358038725e+29,0.0,0.0,0.0,0.0,0.0,0.0,0.0,0,0,0,0.0,0.0,0.0,0.0,0.0,0.0,0.0,0.0,0.0,0.0,0.0,0.0,0.0,0.0,0.0,0.0,0,-107875648.0,53,0.0,106,-107614832.0,2.7006707062415038e+23,ERR,ERR,ERR,ERR,ERR,ERR,ERR,ERR,ERR,ERR,ERR,ERR,ERR,ERR,ERR,ERR,ERR,ERR,ERR,ERR,ERR,ERR,ERR,ERR,ERR,ERR,ERR,ERR,ERR,ERR,ERR,ERR,ERR,ERR,ERR,ERR,ERR,ERR,ERR,ERR,ERR,ERR,ERR,ERR,ERR,ERR,ERR,ERR,ERR,ERR,ERR,ERR,ERR,ERR,ERR,ERR,ERR,ERR,ERR,ERR,ERR,ERR,ERR,ERR,ERR,ERR,ERR,50.0,60.0,100,0.0,0.0,0.0,0.0,0.0,0.0,0.0,0.0,0.0,0.0,0.0,0.0,0.0,0.0,0.0,0.0,61.6,64,20,65521,50,65476,0,300,0,0,8,20529,65476,0,0,26214,60.0,0.0,0.0,0.0,0.0,0.0
2026-05-17T16:36:14,ERR,ERR,ERR,ERR,ERR,ERR,ERR,ERR,ERR,ERR,ERR,ERR,ERR,ERR,ERR,ERR,ERR,ERR,ERR,ERR,ERR,ERR,ERR,ERR,ERR,ERR,ERR,ERR,ERR,ERR,ERR,ERR,ERR,ERR,ERR,ERR,ERR,ERR,ERR,ERR,ERR,ERR,ERR,ERR,ERR,ERR,ERR,ERR,ERR,ERR,ERR,ERR,ERR,ERR,ERR,ERR,ERR,ERR,ERR,ERR,ERR,ERR,ERR,ERR,ERR,ERR,ERR,ERR,ERR,ERR,ERR,ERR,ERR,ERR,ERR,ERR,ERR,ERR,ERR,ERR,ERR,ERR,ERR,ERR,ERR,ERR,ERR,ERR,ERR,ERR,ERR,ERR,ERR,ERR,ERR,ERR,ERR,ERR,ERR,ERR,ERR,ERR,ERR,ERR,ERR,ERR,ERR,ERR,ERR,ERR,ERR,ERR,ERR,ERR,ERR,ERR,ERR,ERR,ERR,ERR,ERR,ERR,ERR,ERR,ERR,0.0,0.0,-134474944.0,0.0,0.0,1.3936040501711995e+18,7.805,0.0,0,0,4,0,8422,0.0,45,0.0,0.0,0.0,0.0,0.0,0,0,0,0,0.0,0,0,0,0,0,0,0,0,0,0,0,0,0,0,0,0,0,0,0,0,0,0,0,0,0,0,0,0,0,0,0,0,0,38,14,7,45,65476,0,300,0,0,8,21553,0.0,-107605600.0,0.0,0.0,0.0,0.0,0.0,0.0,0.0,0.0,0.0,0.0,0.0,0.0,0.0,0.0,0.0,0.0,0.0,0.0,0.0,0.0,0.0,0.0,-2.004,0.0,0.0,0.0,0.0,0.0,5040.0,-0.0,0.0,0.0,0.0,0.0,-107615304.0,0.0,0.0,0.0,0.0,53,2.3088403658719416e+20,4.0668540358038725e+29,0.0,0.0,0.0,0.0,0.0,0.0,0.0,0,0,0,0.0,0.0,0.0,0.0,0.0,0.0,0.0,0.0,0.0,0.0,0.0,0.0,0.0,0.0,0.0,0.0,0,-107875648.0,53,0.0,106,-107614832.0,2.7006707062415038e+23,ERR,ERR,ERR,ERR,ERR,ERR,ERR,ERR,ERR,ERR,ERR,ERR,ERR,ERR,ERR,ERR,ERR,ERR,ERR,ERR,ERR,ERR,ERR,ERR,ERR,ERR,ERR,ERR,ERR,ERR,ERR,ERR,ERR,ERR,ERR,ERR,ERR,ERR,ERR,ERR,ERR,ERR,ERR,ERR,ERR,ERR,ERR,ERR,ERR,ERR,ERR,ERR,ERR,ERR,ERR,ERR,ERR,ERR,ERR,ERR,ERR,ERR,ERR,ERR,ERR,ERR,ERR,50.0,60.0,100,0.0,0.0,0.0,0.0,0.0,0.0,0.0,0.0,0.0,0.0,0.0,0.0,0.0,0.0,0.0,0.0,61.6,64,20,65521,50,65476,0,300,0,0,8,20529,65476,0,0,26214,60.0,0.0,0.0,0.0,0.0,0.0
2026-05-17T16:36:15,ERR,ERR,ERR,ERR,ERR,ERR,ERR,ERR,ERR,ERR,ERR,ERR,ERR,ERR,ERR,ERR,ERR,ERR,ERR,ERR,ERR,ERR,ERR,ERR,ERR,ERR,ERR,ERR,ERR,ERR,ERR,ERR,ERR,ERR,ERR,ERR,ERR,ERR,ERR,ERR,ERR,ERR,ERR,ERR,ERR,ERR,ERR,ERR,ERR,ERR,ERR,ERR,ERR,ERR,ERR,ERR,ERR,ERR,ERR,ERR,ERR,ERR,ERR,ERR,ERR,ERR,ERR,ERR,ERR,ERR,ERR,ERR,ERR,ERR,ERR,ERR,ERR,ERR,ERR,ERR,ERR,ERR,ERR,ERR,ERR,ERR,ERR,ERR,ERR,ERR,ERR,ERR,ERR,ERR,ERR,ERR,ERR,ERR,ERR,ERR,ERR,ERR,ERR,ERR,ERR,ERR,ERR,ERR,ERR,ERR,ERR,ERR,ERR,ERR,ERR,ERR,ERR,ERR,ERR,ERR,ERR,ERR,ERR,ERR,ERR,0.0,0.0,-134474944.0,0.0,0.0,1.3936040501711995e+18,7.805,0.0,0,0,4,0,8422,0.0,45,0.0,0.0,0.0,0.0,0.0,0,0,0,0,0.0,0,0,0,0,0,0,0,0,0,0,0,0,0,0,0,0,0,0,0,0,0,0,0,0,0,0,0,0,0,0,0,0,0,38,14,7,45,65476,0,300,0,0,8,21553,0.0,-107605600.0,0.0,0.0,0.0,0.0,0.0,0.0,0.0,0.0,0.0,0.0,0.0,0.0,0.0,0.0,0.0,0.0,0.0,0.0,0.0,0.0,0.0,0.0,-2.004,0.0,0.0,0.0,0.0,0.0,5040.0,-0.0,0.0,0.0,0.0,0.0,-107615304.0,0.0,0.0,0.0,0.0,53,2.3088403658719416e+20,4.0668540358038725e+29,0.0,0.0,0.0,0.0,0.0,0.0,0.0,0,0,0,0.0,0.0,0.0,0.0,0.0,0.0,0.0,0.0,0.0,0.0,0.0,0.0,0.0,0.0,0.0,0.0,0,-107875648.0,53,0.0,106,-107614832.0,2.7006707062415038e+23,ERR,ERR,ERR,ERR,ERR,ERR,ERR,ERR,ERR,ERR,ERR,ERR,ERR,ERR,ERR,ERR,ERR,ERR,ERR,ERR,ERR,ERR,ERR,ERR,ERR,ERR,ERR,ERR,ERR,ERR,ERR,ERR,ERR,ERR,ERR,ERR,ERR,ERR,ERR,ERR,ERR,ERR,ERR,ERR,ERR,ERR,ERR,ERR,ERR,ERR,ERR,ERR,ERR,ERR,ERR,ERR,ERR,ERR,ERR,ERR,ERR,ERR,ERR,ERR,ERR,ERR,ERR,50.0,60.0,100,0.0,0.0,0.0,0.0,0.0,0.0,0.0,0.0,0.0,0.0,0.0,0.0,0.0,0.0,0.0,0.0,61.6,64,20,65521,50,65476,0,300,0,0,8,20529,65476,0,0,26214,60.0,0.0,0.0,0.0,0.0,0.0
2026-05-17T16:36:16,ERR,ERR,ERR,ERR,ERR,ERR,ERR,ERR,ERR,ERR,ERR,ERR,ERR,ERR,ERR,ERR,ERR,ERR,ERR,ERR,ERR,ERR,ERR,ERR,ERR,ERR,ERR,ERR,ERR,ERR,ERR,ERR,ERR,ERR,ERR,ERR,ERR,ERR,ERR,ERR,ERR,ERR,ERR,ERR,ERR,ERR,ERR,ERR,ERR,ERR,ERR,ERR,ERR,ERR,ERR,ERR,ERR,ERR,ERR,ERR,ERR,ERR,ERR,ERR,ERR,ERR,ERR,ERR,ERR,ERR,ERR,ERR,ERR,ERR,ERR,ERR,ERR,ERR,ERR,ERR,ERR,ERR,ERR,ERR,ERR,ERR,ERR,ERR,ERR,ERR,ERR,ERR,ERR,ERR,ERR,ERR,ERR,ERR,ERR,ERR,ERR,ERR,ERR,ERR,ERR,ERR,ERR,ERR,ERR,ERR,ERR,ERR,ERR,ERR,ERR,ERR,ERR,ERR,ERR,ERR,ERR,ERR,ERR,ERR,ERR,0.0,0.0,-134474944.0,0.0,0.0,1.3936040501711995e+18,7.805,0.0,0,0,4,0,8422,0.0,45,0.0,0.0,0.0,0.0,0.0,0,0,0,0,0.0,0,0,0,0,0,0,0,0,0,0,0,0,0,0,0,0,0,0,0,0,0,0,0,0,0,0,0,0,0,0,0,0,0,38,14,7,45,65476,0,300,0,0,8,21553,0.0,-107605600.0,0.0,0.0,0.0,0.0,0.0,0.0,0.0,0.0,0.0,0.0,0.0,0.0,0.0,0.0,0.0,0.0,0.0,0.0,0.0,0.0,0.0,0.0,-2.004,0.0,0.0,0.0,0.0,0.0,5040.0,-0.0,0.0,0.0,0.0,0.0,-107615304.0,0.0,0.0,0.0,0.0,53,2.3088403658719416e+20,4.0668540358038725e+29,0.0,0.0,0.0,0.0,0.0,0.0,0.0,0,0,0,0.0,0.0,0.0,0.0,0.0,0.0,0.0,0.0,0.0,0.0,0.0,0.0,0.0,0.0,0.0,0.0,0,-107875648.0,53,0.0,106,-107614832.0,2.7006707062415038e+23,ERR,ERR,ERR,ERR,ERR,ERR,ERR,ERR,ERR,ERR,ERR,ERR,ERR,ERR,ERR,ERR,ERR,ERR,ERR,ERR,ERR,ERR,ERR,ERR,ERR,ERR,ERR,ERR,ERR,ERR,ERR,ERR,ERR,ERR,ERR,ERR,ERR,ERR,ERR,ERR,ERR,ERR,ERR,ERR,ERR,ERR,ERR,ERR,ERR,ERR,ERR,ERR,ERR,ERR,ERR,ERR,ERR,ERR,ERR,ERR,ERR,ERR,ERR,ERR,ERR,ERR,ERR,50.0,60.0,100,0.0,0.0,0.0,0.0,0.0,0.0,0.0,0.0,0.0,0.0,0.0,0.0,0.0,0.0,0.0,0.0,61.6,64,20,65521,50,65476,0,300,0,0,8,20529,65476,0,0,26214,60.0,0.0,0.0,0.0,0.0,0.0
2026-05-17T16:36:17,ERR,ERR,ERR,ERR,ERR,ERR,ERR,ERR,ERR,ERR,ERR,ERR,ERR,ERR,ERR,ERR,ERR,ERR,ERR,ERR,ERR,ERR,ERR,ERR,ERR,ERR,ERR,ERR,ERR,ERR,ERR,ERR,ERR,ERR,ERR,ERR,ERR,ERR,ERR,ERR,ERR,ERR,ERR,ERR,ERR,ERR,ERR,ERR,ERR,ERR,ERR,ERR,ERR,ERR,ERR,ERR,ERR,ERR,ERR,ERR,ERR,ERR,ERR,ERR,ERR,ERR,ERR,ERR,ERR,ERR,ERR,ERR,ERR,ERR,ERR,ERR,ERR,ERR,ERR,ERR,ERR,ERR,ERR,ERR,ERR,ERR,ERR,ERR,ERR,ERR,ERR,ERR,ERR,ERR,ERR,ERR,ERR,ERR,ERR,ERR,ERR,ERR,ERR,ERR,ERR,ERR,ERR,ERR,ERR,ERR,ERR,ERR,ERR,ERR,ERR,ERR,ERR,ERR,ERR,ERR,ERR,ERR,ERR,ERR,ERR,0.0,0.0,-134474944.0,0.0,0.0,1.3936040501711995e+18,7.805,0.0,0,0,4,0,8422,0.0,45,0.0,0.0,0.0,0.0,0.0,0,0,0,0,0.0,0,0,0,0,0,0,0,0,0,0,0,0,0,0,0,0,0,0,0,0,0,0,0,0,0,0,0,0,0,0,0,0,0,38,14,7,45,65476,0,300,0,0,8,21553,0.0,-107605600.0,0.0,0.0,0.0,0.0,0.0,0.0,0.0,0.0,0.0,0.0,0.0,0.0,0.0,0.0,0.0,0.0,0.0,0.0,0.0,0.0,0.0,0.0,-0.0,0.0,0.0,0.0,0.0,0.0,5012.0,-3.697186133624698e+19,0.0,0.0,-107615288.0,0.0,-107615304.0,0.0,0.0,0.0,0.0,53,4.066880103266858e+29,-0.0,0.0,0.0,0.0,0.0,0.0,0.0,0.0,0,0,0,0.0,0.0,0.0,0.0,0.0,0.0,0.0,0.0,0.0,0.0,0.0,0.0,0.0,0.0,0.0,0.0,0,-107875648.0,53,0.0,106,-107614832.0,2.7006707062415038e+23,ERR,ERR,ERR,ERR,ERR,ERR,ERR,ERR,ERR,ERR,ERR,ERR,ERR,ERR,ERR,ERR,ERR,ERR,ERR,ERR,ERR,ERR,ERR,ERR,ERR,ERR,ERR,ERR,ERR,ERR,ERR,ERR,ERR,ERR,ERR,ERR,ERR,ERR,ERR,ERR,ERR,ERR,ERR,ERR,ERR,ERR,ERR,ERR,ERR,ERR,ERR,ERR,ERR,ERR,ERR,ERR,ERR,ERR,ERR,ERR,ERR,ERR,ERR,ERR,ERR,ERR,ERR,50.0,60.0,100,0.0,0.0,0.0,0.0,0.0,0.0,0.0,0.0,0.0,0.0,0.0,0.0,0.0,0.0,0.0,0.0,61.6,64,20,65521,50,65476,0,300,0,0,8,20529,65476,0,0,26214,60.0,0.0,0.0,0.0,0.0,0.0
2026-05-17T16:36:18,ERR,ERR,ERR,ERR,ERR,ERR,ERR,ERR,ERR,ERR,ERR,ERR,ERR,ERR,ERR,ERR,ERR,ERR,ERR,ERR,ERR,ERR,ERR,ERR,ERR,ERR,ERR,ERR,ERR,ERR,ERR,ERR,ERR,ERR,ERR,ERR,ERR,ERR,ERR,ERR,ERR,ERR,ERR,ERR,ERR,ERR,ERR,ERR,ERR,ERR,ERR,ERR,ERR,ERR,ERR,ERR,ERR,ERR,ERR,ERR,ERR,ERR,ERR,ERR,ERR,ERR,ERR,ERR,ERR,ERR,ERR,ERR,ERR,ERR,ERR,ERR,ERR,ERR,ERR,ERR,ERR,ERR,ERR,ERR,ERR,ERR,ERR,ERR,ERR,ERR,ERR,ERR,ERR,ERR,ERR,ERR,ERR,ERR,ERR,ERR,ERR,ERR,ERR,ERR,ERR,ERR,ERR,ERR,ERR,ERR,ERR,ERR,ERR,ERR,ERR,ERR,ERR,ERR,ERR,ERR,ERR,ERR,ERR,ERR,ERR,0.0,0.0,-134474944.0,0.0,0.0,1.3936040501711995e+18,7.805,0.0,0,0,4,0,8422,0.0,45,0.0,0.0,0.0,0.0,0.0,0,0,0,0,0.0,0,0,0,0,0,0,0,0,0,0,0,0,0,0,0,0,0,0,0,0,0,0,0,0,0,0,0,0,0,0,0,0,0,38,14,7,45,65476,0,300,0,0,8,21553,0.0,-107605600.0,0.0,0.0,0.0,0.0,0.0,0.0,0.0,0.0,0.0,0.0,0.0,0.0,0.0,0.0,0.0,0.0,0.0,0.0,0.0,0.0,0.0,0.0,-0.0,0.0,0.0,0.0,0.0,0.0,5012.0,-3.697186133624698e+19,0.0,0.0,-107615288.0,0.0,-107615304.0,0.0,0.0,0.0,0.0,53,4.066880103266858e+29,-0.0,0.0,0.0,0.0,0.0,0.0,0.0,0.0,0,0,0,0.0,0.0,0.0,0.0,0.0,0.0,0.0,0.0,0.0,0.0,0.0,0.0,0.0,0.0,0.0,0.0,0,-107875648.0,53,0.0,106,-107614832.0,2.7006707062415038e+23,ERR,ERR,ERR,ERR,ERR,ERR,ERR,ERR,ERR,ERR,ERR,ERR,ERR,ERR,ERR,ERR,ERR,ERR,ERR,ERR,ERR,ERR,ERR,ERR,ERR,ERR,ERR,ERR,ERR,ERR,ERR,ERR,ERR,ERR,ERR,ERR,ERR,ERR,ERR,ERR,ERR,ERR,ERR,ERR,ERR,ERR,ERR,ERR,ERR,ERR,ERR,ERR,ERR,ERR,ERR,ERR,ERR,ERR,ERR,ERR,ERR,ERR,ERR,ERR,ERR,ERR,ERR,50.0,60.0,100,0.0,0.0,0.0,0.0,0.0,0.0,0.0,0.0,0.0,0.0,0.0,0.0,0.0,0.0,0.0,0.0,61.6,64,20,65521,50,65476,0,300,0,0,8,20529,65476,0,0,26214,60.0,0.0,0.0,0.0,0.0,0.0
2026-05-17T16:36:19,ERR,ERR,ERR,ERR,ERR,ERR,ERR,ERR,ERR,ERR,ERR,ERR,ERR,ERR,ERR,ERR,ERR,ERR,ERR,ERR,ERR,ERR,ERR,ERR,ERR,ERR,ERR,ERR,ERR,ERR,ERR,ERR,ERR,ERR,ERR,ERR,ERR,ERR,ERR,ERR,ERR,ERR,ERR,ERR,ERR,ERR,ERR,ERR,ERR,ERR,ERR,ERR,ERR,ERR,ERR,ERR,ERR,ERR,ERR,ERR,ERR,ERR,ERR,ERR,ERR,ERR,ERR,ERR,ERR,ERR,ERR,ERR,ERR,ERR,ERR,ERR,ERR,ERR,ERR,ERR,ERR,ERR,ERR,ERR,ERR,ERR,ERR,ERR,ERR,ERR,ERR,ERR,ERR,ERR,ERR,ERR,ERR,ERR,ERR,ERR,ERR,ERR,ERR,ERR,ERR,ERR,ERR,ERR,ERR,ERR,ERR,ERR,ERR,ERR,ERR,ERR,ERR,ERR,ERR,ERR,ERR,ERR,ERR,ERR,ERR,0.0,0.0,-134474944.0,0.0,0.0,1.3936040501711995e+18,7.805,0.0,0,0,4,0,8422,0.0,45,0.0,0.0,0.0,0.0,0.0,0,0,0,0,0.0,0,0,0,0,0,0,0,0,0,0,0,0,0,0,0,0,0,0,0,0,0,0,0,0,0,0,0,0,0,0,0,0,0,38,14,7,45,65476,0,300,0,0,8,21553,0.0,-107605600.0,0.0,0.0,0.0,0.0,0.0,0.0,0.0,0.0,0.0,0.0,0.0,0.0,0.0,0.0,0.0,0.0,0.0,0.0,0.0,0.0,0.0,0.0,-0.0,0.0,0.0,0.0,0.0,0.0,5012.0,-3.697186133624698e+19,0.0,0.0,-107615288.0,0.0,-107615304.0,0.0,0.0,0.0,0.0,53,4.066880103266858e+29,-0.0,0.0,0.0,0.0,0.0,0.0,0.0,0.0,0,0,0,0.0,0.0,0.0,0.0,0.0,0.0,0.0,0.0,0.0,0.0,0.0,0.0,0.0,0.0,0.0,0.0,0,-107875648.0,53,0.0,106,-107614832.0,2.7006707062415038e+23,ERR,ERR,ERR,ERR,ERR,ERR,ERR,ERR,ERR,ERR,ERR,ERR,ERR,ERR,ERR,ERR,ERR,ERR,ERR,ERR,ERR,ERR,ERR,ERR,ERR,ERR,ERR,ERR,ERR,ERR,ERR,ERR,ERR,ERR,ERR,ERR,ERR,ERR,ERR,ERR,ERR,ERR,ERR,ERR,ERR,ERR,ERR,ERR,ERR,ERR,ERR,ERR,ERR,ERR,ERR,ERR,ERR,ERR,ERR,ERR,ERR,ERR,ERR,ERR,ERR,ERR,ERR,50.0,60.0,100,0.0,0.0,0.0,0.0,0.0,0.0,0.0,0.0,0.0,0.0,0.0,0.0,0.0,0.0,0.0,0.0,61.6,64,20,65521,50,65476,0,300,0,0,8,20529,65476,0,0,26214,60.0,0.0,0.0,0.0,0.0,0.0
2026-05-17T16:36:20,ERR,ERR,ERR,ERR,ERR,ERR,ERR,ERR,ERR,ERR,ERR,ERR,ERR,ERR,ERR,ERR,ERR,ERR,ERR,ERR,ERR,ERR,ERR,ERR,ERR,ERR,ERR,ERR,ERR,ERR,ERR,ERR,ERR,ERR,ERR,ERR,ERR,ERR,ERR,ERR,ERR,ERR,ERR,ERR,ERR,ERR,ERR,ERR,ERR,ERR,ERR,ERR,ERR,ERR,ERR,ERR,ERR,ERR,ERR,ERR,ERR,ERR,ERR,ERR,ERR,ERR,ERR,ERR,ERR,ERR,ERR,ERR,ERR,ERR,ERR,ERR,ERR,ERR,ERR,ERR,ERR,ERR,ERR,ERR,ERR,ERR,ERR,ERR,ERR,ERR,ERR,ERR,ERR,ERR,ERR,ERR,ERR,ERR,ERR,ERR,ERR,ERR,ERR,ERR,ERR,ERR,ERR,ERR,ERR,ERR,ERR,ERR,ERR,ERR,ERR,ERR,ERR,ERR,ERR,ERR,ERR,ERR,ERR,ERR,ERR,0.0,0.0,-134474944.0,0.0,0.0,1.3936040501711995e+18,7.805,0.0,0,0,4,0,8422,0.0,45,0.0,0.0,0.0,0.0,0.0,0,0,0,0,0.0,0,0,0,0,0,0,0,0,0,0,0,0,0,0,0,0,0,0,0,0,0,0,0,0,0,0,0,0,0,0,0,0,0,38,14,7,45,65476,0,300,0,0,8,21553,0.0,-107605600.0,0.0,0.0,0.0,0.0,0.0,0.0,0.0,0.0,0.0,0.0,0.0,0.0,0.0,0.0,0.0,0.0,0.0,0.0,0.0,0.0,0.0,0.0,-0.0,0.0,0.0,0.0,0.0,0.0,5012.0,-3.697186133624698e+19,0.0,0.0,-107615288.0,0.0,-107615304.0,0.0,0.0,0.0,0.0,53,4.066880103266858e+29,-0.0,0.0,0.0,0.0,0.0,0.0,0.0,0.0,0,0,0,0.0,0.0,0.0,0.0,0.0,0.0,0.0,0.0,0.0,0.0,0.0,0.0,0.0,0.0,0.0,0.0,0,-107875648.0,53,0.0,106,-107614832.0,2.7006707062415038e+23,ERR,ERR,ERR,ERR,ERR,ERR,ERR,ERR,ERR,ERR,ERR,ERR,ERR,ERR,ERR,ERR,ERR,ERR,ERR,ERR,ERR,ERR,ERR,ERR,ERR,ERR,ERR,ERR,ERR,ERR,ERR,ERR,ERR,ERR,ERR,ERR,ERR,ERR,ERR,ERR,ERR,ERR,ERR,ERR,ERR,ERR,ERR,ERR,ERR,ERR,ERR,ERR,ERR,ERR,ERR,ERR,ERR,ERR,ERR,ERR,ERR,ERR,ERR,ERR,ERR,ERR,ERR,50.0,60.0,100,0.0,0.0,0.0,0.0,0.0,0.0,0.0,0.0,0.0,0.0,0.0,0.0,0.0,0.0,0.0,0.0,61.6,64,20,65521,50,65476,0,300,0,0,8,20529,65476,0,0,26214,60.0,0.0,0.0,0.0,0.0,0.0
2026-05-17T16:36:21,ERR,ERR,ERR,ERR,ERR,ERR,ERR,ERR,ERR,ERR,ERR,ERR,ERR,ERR,ERR,ERR,ERR,ERR,ERR,ERR,ERR,ERR,ERR,ERR,ERR,ERR,ERR,ERR,ERR,ERR,ERR,ERR,ERR,ERR,ERR,ERR,ERR,ERR,ERR,ERR,ERR,ERR,ERR,ERR,ERR,ERR,ERR,ERR,ERR,ERR,ERR,ERR,ERR,ERR,ERR,ERR,ERR,ERR,ERR,ERR,ERR,ERR,ERR,ERR,ERR,ERR,ERR,ERR,ERR,ERR,ERR,ERR,ERR,ERR,ERR,ERR,ERR,ERR,ERR,ERR,ERR,ERR,ERR,ERR,ERR,ERR,ERR,ERR,ERR,ERR,ERR,ERR,ERR,ERR,ERR,ERR,ERR,ERR,ERR,ERR,ERR,ERR,ERR,ERR,ERR,ERR,ERR,ERR,ERR,ERR,ERR,ERR,ERR,ERR,ERR,ERR,ERR,ERR,ERR,ERR,ERR,ERR,ERR,ERR,ERR,0.0,0.0,-134474944.0,0.0,0.0,1.3936040501711995e+18,7.805,0.0,0,0,4,0,8422,0.0,45,0.0,0.0,0.0,0.0,0.0,0,0,0,0,0.0,0,0,0,0,0,0,0,0,0,0,0,0,0,0,0,0,0,0,0,0,0,0,0,0,0,0,0,0,0,0,0,0,0,38,14,7,45,65476,0,300,0,0,8,21553,0.0,-107605600.0,0.0,0.0,0.0,0.0,0.0,0.0,0.0,0.0,0.0,0.0,0.0,0.0,0.0,0.0,0.0,0.0,0.0,0.0,0.0,0.0,0.0,0.0,-0.0,0.0,0.0,0.0,0.0,0.0,5012.0,-3.697186133624698e+19,0.0,0.0,-107615288.0,0.0,-107615304.0,0.0,0.0,0.0,0.0,53,4.066880103266858e+29,-0.0,0.0,0.0,0.0,0.0,0.0,0.0,0.0,0,0,0,0.0,0.0,0.0,0.0,0.0,0.0,0.0,0.0,0.0,0.0,0.0,0.0,0.0,0.0,0.0,0.0,0,-107875648.0,53,0.0,106,-107614832.0,2.7006707062415038e+23,ERR,ERR,ERR,ERR,ERR,ERR,ERR,ERR,ERR,ERR,ERR,ERR,ERR,ERR,ERR,ERR,ERR,ERR,ERR,ERR,ERR,ERR,ERR,ERR,ERR,ERR,ERR,ERR,ERR,ERR,ERR,ERR,ERR,ERR,ERR,ERR,ERR,ERR,ERR,ERR,ERR,ERR,ERR,ERR,ERR,ERR,ERR,ERR,ERR,ERR,ERR,ERR,ERR,ERR,ERR,ERR,ERR,ERR,ERR,ERR,ERR,ERR,ERR,ERR,ERR,ERR,ERR,50.0,60.0,100,0.0,0.0,0.0,0.0,0.0,0.0,0.0,0.0,0.0,0.0,0.0,0.0,0.0,0.0,0.0,0.0,61.6,64,20,65521,50,65476,0,300,0,0,8,20529,65476,0,0,26214,60.0,0.0,0.0,0.0,0.0,0.0
2026-05-17T16:36:22,ERR,ERR,ERR,ERR,ERR,ERR,ERR,ERR,ERR,ERR,ERR,ERR,ERR,ERR,ERR,ERR,ERR,ERR,ERR,ERR,ERR,ERR,ERR,ERR,ERR,ERR,ERR,ERR,ERR,ERR,ERR,ERR,ERR,ERR,ERR,ERR,ERR,ERR,ERR,ERR,ERR,ERR,ERR,ERR,ERR,ERR,ERR,ERR,ERR,ERR,ERR,ERR,ERR,ERR,ERR,ERR,ERR,ERR,ERR,ERR,ERR,ERR,ERR,ERR,ERR,ERR,ERR,ERR,ERR,ERR,ERR,ERR,ERR,ERR,ERR,ERR,ERR,ERR,ERR,ERR,ERR,ERR,ERR,ERR,ERR,ERR,ERR,ERR,ERR,ERR,ERR,ERR,ERR,ERR,ERR,ERR,ERR,ERR,ERR,ERR,ERR,ERR,ERR,ERR,ERR,ERR,ERR,ERR,ERR,ERR,ERR,ERR,ERR,ERR,ERR,ERR,ERR,ERR,ERR,ERR,ERR,ERR,ERR,ERR,ERR,0.0,0.0,-134474944.0,0.0,0.0,1.3936040501711995e+18,7.805,0.0,0,0,4,0,8422,0.0,45,0.0,0.0,0.0,0.0,0.0,0,0,0,0,0.0,0,0,0,0,0,0,0,0,0,0,0,0,0,0,0,0,0,0,0,0,0,0,0,0,0,0,0,0,0,0,0,0,0,38,14,7,45,65476,0,300,0,0,8,21553,0.0,-107605600.0,0.0,0.0,0.0,0.0,0.0,0.0,0.0,0.0,0.0,0.0,0.0,0.0,0.0,0.0,0.0,0.0,0.0,0.0,0.0,0.0,0.0,0.0,-0.0,0.0,0.0,0.0,0.0,0.0,5012.0,-3.697186133624698e+19,0.0,0.0,-107615288.0,0.0,-107615304.0,0.0,0.0,0.0,0.0,53,4.066880103266858e+29,-0.0,0.0,0.0,0.0,0.0,0.0,0.0,0.0,0,0,0,0.0,0.0,0.0,0.0,0.0,0.0,0.0,0.0,0.0,0.0,0.0,0.0,0.0,0.0,0.0,0.0,0,-107875648.0,53,0.0,106,-107614832.0,2.7006707062415038e+23,ERR,ERR,ERR,ERR,ERR,ERR,ERR,ERR,ERR,ERR,ERR,ERR,ERR,ERR,ERR,ERR,ERR,ERR,ERR,ERR,ERR,ERR,ERR,ERR,ERR,ERR,ERR,ERR,ERR,ERR,ERR,ERR,ERR,ERR,ERR,ERR,ERR,ERR,ERR,ERR,ERR,ERR,ERR,ERR,ERR,ERR,ERR,ERR,ERR,ERR,ERR,ERR,ERR,ERR,ERR,ERR,ERR,ERR,ERR,ERR,ERR,ERR,ERR,ERR,ERR,ERR,ERR,50.0,60.0,100,0.0,0.0,0.0,0.0,0.0,0.0,0.0,0.0,0.0,0.0,0.0,0.0,0.0,0.0,0.0,0.0,61.6,64,20,65521,50,65476,0,300,0,0,8,20529,65476,0,0,26214,60.0,0.0,0.0,0.0,0.0,0.0
2026-05-17T16:36:23,ERR,ERR,ERR,ERR,ERR,ERR,ERR,ERR,ERR,ERR,ERR,ERR,ERR,ERR,ERR,ERR,ERR,ERR,ERR,ERR,ERR,ERR,ERR,ERR,ERR,ERR,ERR,ERR,ERR,ERR,ERR,ERR,ERR,ERR,ERR,ERR,ERR,ERR,ERR,ERR,ERR,ERR,ERR,ERR,ERR,ERR,ERR,ERR,ERR,ERR,ERR,ERR,ERR,ERR,ERR,ERR,ERR,ERR,ERR,ERR,ERR,ERR,ERR,ERR,ERR,ERR,ERR,ERR,ERR,ERR,ERR,ERR,ERR,ERR,ERR,ERR,ERR,ERR,ERR,ERR,ERR,ERR,ERR,ERR,ERR,ERR,ERR,ERR,ERR,ERR,ERR,ERR,ERR,ERR,ERR,ERR,ERR,ERR,ERR,ERR,ERR,ERR,ERR,ERR,ERR,ERR,ERR,ERR,ERR,ERR,ERR,ERR,ERR,ERR,ERR,ERR,ERR,ERR,ERR,ERR,ERR,ERR,ERR,ERR,ERR,0.0,0.0,-134474944.0,0.0,0.0,1.3936040501711995e+18,7.805,0.0,0,0,4,0,8422,0.0,45,0.0,0.0,0.0,0.0,0.0,0,0,0,0,0.0,0,0,0,0,0,0,0,0,0,0,0,0,0,0,0,0,0,0,0,0,0,0,0,0,0,0,0,0,0,0,0,0,0,38,14,7,45,65476,0,300,0,0,8,21553,0.0,-107605600.0,0.0,0.0,0.0,0.0,0.0,0.0,0.0,0.0,0.0,0.0,0.0,0.0,0.0,0.0,0.0,0.0,0.0,0.0,0.0,0.0,0.0,0.0,-0.0,0.0,0.0,0.0,0.0,0.0,5009.0,-0.0,0.0,0.0,-107615288.0,0.0,-107615304.0,0.0,0.0,0.0,0.0,53,2.7184300208680915e+23,-152017280434176.0,0.0,0.0,0.0,0.0,0.0,0.0,0.0,0,0,0,0.0,0.0,0.0,0.0,0.0,0.0,0.0,0.0,0.0,0.0,0.0,0.0,0.0,0.0,0.0,0.0,0,-107875648.0,53,0.0,106,-107614832.0,2.7006707062415038e+23,ERR,ERR,ERR,ERR,ERR,ERR,ERR,ERR,ERR,ERR,ERR,ERR,ERR,ERR,ERR,ERR,ERR,ERR,ERR,ERR,ERR,ERR,ERR,ERR,ERR,ERR,ERR,ERR,ERR,ERR,ERR,ERR,ERR,ERR,ERR,ERR,ERR,ERR,ERR,ERR,ERR,ERR,ERR,ERR,ERR,ERR,ERR,ERR,ERR,ERR,ERR,ERR,ERR,ERR,ERR,ERR,ERR,ERR,ERR,ERR,ERR,ERR,ERR,ERR,ERR,ERR,ERR,50.0,60.0,100,0.0,0.0,0.0,0.0,0.0,0.0,0.0,0.0,0.0,0.0,0.0,0.0,0.0,0.0,0.0,0.0,61.6,64,20,65521,50,65476,0,300,0,0,8,20529,65476,0,0,26214,60.0,0.0,0.0,0.0,0.0,0.0
2026-05-17T16:36:24,ERR,ERR,ERR,ERR,ERR,ERR,ERR,ERR,ERR,ERR,ERR,ERR,ERR,ERR,ERR,ERR,ERR,ERR,ERR,ERR,ERR,ERR,ERR,ERR,ERR,ERR,ERR,ERR,ERR,ERR,ERR,ERR,ERR,ERR,ERR,ERR,ERR,ERR,ERR,ERR,ERR,ERR,ERR,ERR,ERR,ERR,ERR,ERR,ERR,ERR,ERR,ERR,ERR,ERR,ERR,ERR,ERR,ERR,ERR,ERR,ERR,ERR,ERR,ERR,ERR,ERR,ERR,ERR,ERR,ERR,ERR,ERR,ERR,ERR,ERR,ERR,ERR,ERR,ERR,ERR,ERR,ERR,ERR,ERR,ERR,ERR,ERR,ERR,ERR,ERR,ERR,ERR,ERR,ERR,ERR,ERR,ERR,ERR,ERR,ERR,ERR,ERR,ERR,ERR,ERR,ERR,ERR,ERR,ERR,ERR,ERR,ERR,ERR,ERR,ERR,ERR,ERR,ERR,ERR,ERR,ERR,ERR,ERR,ERR,ERR,0.0,0.0,-134474944.0,0.0,0.0,1.3936040501711995e+18,7.805,0.0,0,0,4,0,8422,0.0,45,0.0,0.0,0.0,0.0,0.0,0,0,0,0,0.0,0,0,0,0,0,0,0,0,0,0,0,0,0,0,0,0,0,0,0,0,0,0,0,0,0,0,0,0,0,0,0,0,0,38,14,7,45,65476,0,300,0,0,8,21553,0.0,-107605600.0,0.0,0.0,0.0,0.0,0.0,0.0,0.0,0.0,0.0,0.0,0.0,0.0,0.0,0.0,0.0,0.0,0.0,0.0,0.0,0.0,0.0,0.0,-0.0,0.0,0.0,0.0,0.0,0.0,5009.0,-0.0,0.0,0.0,-107615288.0,0.0,-107615304.0,0.0,0.0,0.0,0.0,53,2.7184300208680915e+23,-152017280434176.0,0.0,0.0,0.0,0.0,0.0,0.0,0.0,0,0,0,0.0,0.0,0.0,0.0,0.0,0.0,0.0,0.0,0.0,0.0,0.0,0.0,0.0,0.0,0.0,0.0,0,-107875648.0,53,0.0,106,-107614832.0,2.7006707062415038e+23,ERR,ERR,ERR,ERR,ERR,ERR,ERR,ERR,ERR,ERR,ERR,ERR,ERR,ERR,ERR,ERR,ERR,ERR,ERR,ERR,ERR,ERR,ERR,ERR,ERR,ERR,ERR,ERR,ERR,ERR,ERR,ERR,ERR,ERR,ERR,ERR,ERR,ERR,ERR,ERR,ERR,ERR,ERR,ERR,ERR,ERR,ERR,ERR,ERR,ERR,ERR,ERR,ERR,ERR,ERR,ERR,ERR,ERR,ERR,ERR,ERR,ERR,ERR,ERR,ERR,ERR,ERR,50.0,60.0,100,0.0,0.0,0.0,0.0,0.0,0.0,0.0,0.0,0.0,0.0,0.0,0.0,0.0,0.0,0.0,0.0,61.6,64,20,65521,50,65476,0,300,0,0,8,20529,65476,0,0,26214,60.0,0.0,0.0,0.0,0.0,0.0
2026-05-17T16:36:25,ERR,ERR,ERR,ERR,ERR,ERR,ERR,ERR,ERR,ERR,ERR,ERR,ERR,ERR,ERR,ERR,ERR,ERR,ERR,ERR,ERR,ERR,ERR,ERR,ERR,ERR,ERR,ERR,ERR,ERR,ERR,ERR,ERR,ERR,ERR,ERR,ERR,ERR,ERR,ERR,ERR,ERR,ERR,ERR,ERR,ERR,ERR,ERR,ERR,ERR,ERR,ERR,ERR,ERR,ERR,ERR,ERR,ERR,ERR,ERR,ERR,ERR,ERR,ERR,ERR,ERR,ERR,ERR,ERR,ERR,ERR,ERR,ERR,ERR,ERR,ERR,ERR,ERR,ERR,ERR,ERR,ERR,ERR,ERR,ERR,ERR,ERR,ERR,ERR,ERR,ERR,ERR,ERR,ERR,ERR,ERR,ERR,ERR,ERR,ERR,ERR,ERR,ERR,ERR,ERR,ERR,ERR,ERR,ERR,ERR,ERR,ERR,ERR,ERR,ERR,ERR,ERR,ERR,ERR,ERR,ERR,ERR,ERR,ERR,ERR,0.0,0.0,-134474944.0,0.0,0.0,1.3936040501711995e+18,7.805,0.0,0,0,4,0,8422,0.0,45,0.0,0.0,0.0,0.0,0.0,0,0,0,0,0.0,0,0,0,0,0,0,0,0,0,0,0,0,0,0,0,0,0,0,0,0,0,0,0,0,0,0,0,0,0,0,0,0,0,38,14,7,45,65476,0,300,0,0,8,21553,0.0,-107605600.0,0.0,0.0,0.0,0.0,0.0,0.0,0.0,0.0,0.0,0.0,0.0,0.0,0.0,0.0,0.0,0.0,0.0,0.0,0.0,0.0,0.0,0.0,-0.0,0.0,0.0,0.0,0.0,0.0,5009.0,-0.0,0.0,0.0,-107615288.0,0.0,-107615304.0,0.0,0.0,0.0,0.0,53,2.7184300208680915e+23,-152017280434176.0,0.0,0.0,0.0,0.0,0.0,0.0,0.0,0,0,0,0.0,0.0,0.0,0.0,0.0,0.0,0.0,0.0,0.0,0.0,0.0,0.0,0.0,0.0,0.0,0.0,0,-107875648.0,53,0.0,106,-107614832.0,2.7006707062415038e+23,ERR,ERR,ERR,ERR,ERR,ERR,ERR,ERR,ERR,ERR,ERR,ERR,ERR,ERR,ERR,ERR,ERR,ERR,ERR,ERR,ERR,ERR,ERR,ERR,ERR,ERR,ERR,ERR,ERR,ERR,ERR,ERR,ERR,ERR,ERR,ERR,ERR,ERR,ERR,ERR,ERR,ERR,ERR,ERR,ERR,ERR,ERR,ERR,ERR,ERR,ERR,ERR,ERR,ERR,ERR,ERR,ERR,ERR,ERR,ERR,ERR,ERR,ERR,ERR,ERR,ERR,ERR,50.0,60.0,100,0.0,0.0,0.0,0.0,0.0,0.0,0.0,0.0,0.0,0.0,0.0,0.0,0.0,0.0,0.0,0.0,61.6,64,20,65521,50,65476,0,300,0,0,8,20529,65476,0,0,26214,60.0,0.0,0.0,0.0,0.0,0.0
2026-05-17T16:36:26,ERR,ERR,ERR,ERR,ERR,ERR,ERR,ERR,ERR,ERR,ERR,ERR,ERR,ERR,ERR,ERR,ERR,ERR,ERR,ERR,ERR,ERR,ERR,ERR,ERR,ERR,ERR,ERR,ERR,ERR,ERR,ERR,ERR,ERR,ERR,ERR,ERR,ERR,ERR,ERR,ERR,ERR,ERR,ERR,ERR,ERR,ERR,ERR,ERR,ERR,ERR,ERR,ERR,ERR,ERR,ERR,ERR,ERR,ERR,ERR,ERR,ERR,ERR,ERR,ERR,ERR,ERR,ERR,ERR,ERR,ERR,ERR,ERR,ERR,ERR,ERR,ERR,ERR,ERR,ERR,ERR,ERR,ERR,ERR,ERR,ERR,ERR,ERR,ERR,ERR,ERR,ERR,ERR,ERR,ERR,ERR,ERR,ERR,ERR,ERR,ERR,ERR,ERR,ERR,ERR,ERR,ERR,ERR,ERR,ERR,ERR,ERR,ERR,ERR,ERR,ERR,ERR,ERR,ERR,ERR,ERR,ERR,ERR,ERR,ERR,0.0,0.0,-134474944.0,0.0,0.0,1.3936040501711995e+18,7.805,0.0,0,0,4,0,8422,0.0,45,0.0,0.0,0.0,0.0,0.0,0,0,0,0,0.0,0,0,0,0,0,0,0,0,0,0,0,0,0,0,0,0,0,0,0,0,0,0,0,0,0,0,0,0,0,0,0,0,0,38,14,7,45,65476,0,300,0,0,8,21553,0.0,-107605600.0,0.0,0.0,0.0,0.0,0.0,0.0,0.0,0.0,0.0,0.0,0.0,0.0,0.0,0.0,0.0,0.0,0.0,0.0,0.0,0.0,0.0,0.0,-0.0,0.0,0.0,0.0,0.0,0.0,5009.0,-0.0,0.0,0.0,-107615288.0,0.0,-107615304.0,0.0,0.0,0.0,0.0,53,2.7184300208680915e+23,-152017280434176.0,0.0,0.0,0.0,0.0,0.0,0.0,0.0,0,0,0,0.0,0.0,0.0,0.0,0.0,0.0,0.0,0.0,0.0,0.0,0.0,0.0,0.0,0.0,0.0,0.0,0,-107875648.0,53,0.0,106,-107614832.0,2.7006707062415038e+23,ERR,ERR,ERR,ERR,ERR,ERR,ERR,ERR,ERR,ERR,ERR,ERR,ERR,ERR,ERR,ERR,ERR,ERR,ERR,ERR,ERR,ERR,ERR,ERR,ERR,ERR,ERR,ERR,ERR,ERR,ERR,ERR,ERR,ERR,ERR,ERR,ERR,ERR,ERR,ERR,ERR,ERR,ERR,ERR,ERR,ERR,ERR,ERR,ERR,ERR,ERR,ERR,ERR,ERR,ERR,ERR,ERR,ERR,ERR,ERR,ERR,ERR,ERR,ERR,ERR,ERR,ERR,50.0,60.0,100,0.0,0.0,0.0,0.0,0.0,0.0,0.0,0.0,0.0,0.0,0.0,0.0,0.0,0.0,0.0,0.0,61.6,64,20,65521,50,65476,0,300,0,0,8,20529,65476,0,0,26214,60.0,0.0,0.0,0.0,0.0,0.0
2026-05-17T16:36:27,ERR,ERR,ERR,ERR,ERR,ERR,ERR,ERR,ERR,ERR,ERR,ERR,ERR,ERR,ERR,ERR,ERR,ERR,ERR,ERR,ERR,ERR,ERR,ERR,ERR,ERR,ERR,ERR,ERR,ERR,ERR,ERR,ERR,ERR,ERR,ERR,ERR,ERR,ERR,ERR,ERR,ERR,ERR,ERR,ERR,ERR,ERR,ERR,ERR,ERR,ERR,ERR,ERR,ERR,ERR,ERR,ERR,ERR,ERR,ERR,ERR,ERR,ERR,ERR,ERR,ERR,ERR,ERR,ERR,ERR,ERR,ERR,ERR,ERR,ERR,ERR,ERR,ERR,ERR,ERR,ERR,ERR,ERR,ERR,ERR,ERR,ERR,ERR,ERR,ERR,ERR,ERR,ERR,ERR,ERR,ERR,ERR,ERR,ERR,ERR,ERR,ERR,ERR,ERR,ERR,ERR,ERR,ERR,ERR,ERR,ERR,ERR,ERR,ERR,ERR,ERR,ERR,ERR,ERR,ERR,ERR,ERR,ERR,ERR,ERR,0.0,0.0,-134474944.0,0.0,0.0,1.3936040501711995e+18,7.805,0.0,0,0,4,0,8422,0.0,45,0.0,0.0,0.0,0.0,0.0,0,0,0,0,0.0,0,0,0,0,0,0,0,0,0,0,0,0,0,0,0,0,0,0,0,0,0,0,0,0,0,0,0,0,0,0,0,0,0,38,14,7,45,65476,0,300,0,0,8,21553,0.0,-107605600.0,0.0,0.0,0.0,0.0,0.0,0.0,0.0,0.0,0.0,0.0,0.0,0.0,0.0,0.0,0.0,0.0,0.0,0.0,0.0,0.0,0.0,0.0,-0.0,2.004,0.0,0.0,0.0,0.0,5043.0,1.5879295420089355e+29,0.0,0.0,0.0,0.0,-0.0,0.0,0.0,0.0,0.0,53,-0.0,-0.0,0.0,0.0,0.0,0.0,0.0,0.0,0.0,0,0,0,0.0,0.0,0.0,0.0,0.0,0.0,0.0,0.0,0.0,0.0,0.0,0.0,0.0,0.0,0.0,0.0,0,-107875648.0,53,0.0,106,-107614832.0,-107350944.0,ERR,ERR,ERR,ERR,ERR,ERR,ERR,ERR,ERR,ERR,ERR,ERR,ERR,ERR,ERR,ERR,ERR,ERR,ERR,ERR,ERR,ERR,ERR,ERR,ERR,ERR,ERR,ERR,ERR,ERR,ERR,ERR,ERR,ERR,ERR,ERR,ERR,ERR,ERR,ERR,ERR,ERR,ERR,ERR,ERR,ERR,ERR,ERR,ERR,ERR,ERR,ERR,ERR,ERR,ERR,ERR,ERR,ERR,ERR,ERR,ERR,ERR,ERR,ERR,ERR,ERR,ERR,50.0,60.0,100,0.0,0.0,0.0,0.0,0.0,0.0,0.0,0.0,0.0,0.0,0.0,0.0,0.0,0.0,0.0,0.0,61.6,64,20,65521,50,65476,0,300,0,0,8,20529,65476,0,0,26214,60.0,0.0,0.0,0.0,0.0,0.0
2026-05-17T16:36:28,ERR,ERR,ERR,ERR,ERR,ERR,ERR,ERR,ERR,ERR,ERR,ERR,ERR,ERR,ERR,ERR,ERR,ERR,ERR,ERR,ERR,ERR,ERR,ERR,ERR,ERR,ERR,ERR,ERR,ERR,ERR,ERR,ERR,ERR,ERR,ERR,ERR,ERR,ERR,ERR,ERR,ERR,ERR,ERR,ERR,ERR,ERR,ERR,ERR,ERR,ERR,ERR,ERR,ERR,ERR,ERR,ERR,ERR,ERR,ERR,ERR,ERR,ERR,ERR,ERR,ERR,ERR,ERR,ERR,ERR,ERR,ERR,ERR,ERR,ERR,ERR,ERR,ERR,ERR,ERR,ERR,ERR,ERR,ERR,ERR,ERR,ERR,ERR,ERR,ERR,ERR,ERR,ERR,ERR,ERR,ERR,ERR,ERR,ERR,ERR,ERR,ERR,ERR,ERR,ERR,ERR,ERR,ERR,ERR,ERR,ERR,ERR,ERR,ERR,ERR,ERR,ERR,ERR,ERR,ERR,ERR,ERR,ERR,ERR,ERR,0.0,0.0,-134474944.0,0.0,0.0,1.3936040501711995e+18,7.805,0.0,0,0,4,0,8422,0.0,45,0.0,0.0,0.0,0.0,0.0,0,0,0,0,0.0,0,0,0,0,0,0,0,0,0,0,0,0,0,0,0,0,0,0,0,0,0,0,0,0,0,0,0,0,0,0,0,0,0,38,14,7,45,65476,0,300,0,0,8,21553,0.0,-107605600.0,0.0,0.0,0.0,0.0,0.0,0.0,0.0,0.0,0.0,0.0,0.0,0.0,0.0,0.0,0.0,0.0,0.0,0.0,0.0,0.0,0.0,0.0,-0.0,2.004,0.0,0.0,0.0,0.0,5043.0,1.5879295420089355e+29,0.0,0.0,0.0,0.0,-0.0,0.0,0.0,0.0,0.0,53,-0.0,-0.0,0.0,0.0,0.0,0.0,0.0,0.0,0.0,0,0,0,0.0,0.0,0.0,0.0,0.0,0.0,0.0,0.0,0.0,0.0,0.0,0.0,0.0,0.0,0.0,0.0,0,-107875648.0,53,0.0,106,-107614832.0,-107350944.0,ERR,ERR,ERR,ERR,ERR,ERR,ERR,ERR,ERR,ERR,ERR,ERR,ERR,ERR,ERR,ERR,ERR,ERR,ERR,ERR,ERR,ERR,ERR,ERR,ERR,ERR,ERR,ERR,ERR,ERR,ERR,ERR,ERR,ERR,ERR,ERR,ERR,ERR,ERR,ERR,ERR,ERR,ERR,ERR,ERR,ERR,ERR,ERR,ERR,ERR,ERR,ERR,ERR,ERR,ERR,ERR,ERR,ERR,ERR,ERR,ERR,ERR,ERR,ERR,ERR,ERR,ERR,50.0,60.0,100,0.0,0.0,0.0,0.0,0.0,0.0,0.0,0.0,0.0,0.0,0.0,0.0,0.0,0.0,0.0,0.0,61.6,64,20,65521,50,65476,0,300,0,0,8,20529,65476,0,0,26214,60.0,0.0,0.0,0.0,0.0,0.0
2026-05-17T16:36:29,ERR,ERR,ERR,ERR,ERR,ERR,ERR,ERR,ERR,ERR,ERR,ERR,ERR,ERR,ERR,ERR,ERR,ERR,ERR,ERR,ERR,ERR,ERR,ERR,ERR,ERR,ERR,ERR,ERR,ERR,ERR,ERR,ERR,ERR,ERR,ERR,ERR,ERR,ERR,ERR,ERR,ERR,ERR,ERR,ERR,ERR,ERR,ERR,ERR,ERR,ERR,ERR,ERR,ERR,ERR,ERR,ERR,ERR,ERR,ERR,ERR,ERR,ERR,ERR,ERR,ERR,ERR,ERR,ERR,ERR,ERR,ERR,ERR,ERR,ERR,ERR,ERR,ERR,ERR,ERR,ERR,ERR,ERR,ERR,ERR,ERR,ERR,ERR,ERR,ERR,ERR,ERR,ERR,ERR,ERR,ERR,ERR,ERR,ERR,ERR,ERR,ERR,ERR,ERR,ERR,ERR,ERR,ERR,ERR,ERR,ERR,ERR,ERR,ERR,ERR,ERR,ERR,ERR,ERR,ERR,ERR,ERR,ERR,ERR,ERR,0.0,0.0,-134474944.0,0.0,0.0,1.3936040501711995e+18,7.805,0.0,0,0,4,0,8422,0.0,45,0.0,0.0,0.0,0.0,0.0,0,0,0,0,0.0,0,0,0,0,0,0,0,0,0,0,0,0,0,0,0,0,0,0,0,0,0,0,0,0,0,0,0,0,0,0,0,0,0,38,14,7,45,65476,0,300,0,0,8,21553,0.0,-107605600.0,0.0,0.0,0.0,0.0,0.0,0.0,0.0,0.0,0.0,0.0,0.0,0.0,0.0,0.0,0.0,0.0,0.0,0.0,0.0,0.0,0.0,0.0,-0.0,2.004,0.0,0.0,0.0,0.0,5043.0,1.5879295420089355e+29,0.0,0.0,0.0,0.0,-0.0,0.0,0.0,0.0,0.0,53,-0.0,-0.0,0.0,0.0,0.0,0.0,0.0,0.0,0.0,0,0,0,0.0,0.0,0.0,0.0,0.0,0.0,0.0,0.0,0.0,0.0,0.0,0.0,0.0,0.0,0.0,0.0,0,-107875648.0,53,0.0,106,-107614832.0,-107350944.0,ERR,ERR,ERR,ERR,ERR,ERR,ERR,ERR,ERR,ERR,ERR,ERR,ERR,ERR,ERR,ERR,ERR,ERR,ERR,ERR,ERR,ERR,ERR,ERR,ERR,ERR,ERR,ERR,ERR,ERR,ERR,ERR,ERR,ERR,ERR,ERR,ERR,ERR,ERR,ERR,ERR,ERR,ERR,ERR,ERR,ERR,ERR,ERR,ERR,ERR,ERR,ERR,ERR,ERR,ERR,ERR,ERR,ERR,ERR,ERR,ERR,ERR,ERR,ERR,ERR,ERR,ERR,50.0,60.0,100,0.0,0.0,0.0,0.0,0.0,0.0,0.0,0.0,0.0,0.0,0.0,0.0,0.0,0.0,0.0,0.0,61.6,64,20,65521,50,65476,0,300,0,0,8,20529,65476,0,0,26214,60.0,0.0,0.0,0.0,0.0,0.0
2026-05-17T16:36:30,ERR,ERR,ERR,ERR,ERR,ERR,ERR,ERR,ERR,ERR,ERR,ERR,ERR,ERR,ERR,ERR,ERR,ERR,ERR,ERR,ERR,ERR,ERR,ERR,ERR,ERR,ERR,ERR,ERR,ERR,ERR,ERR,ERR,ERR,ERR,ERR,ERR,ERR,ERR,ERR,ERR,ERR,ERR,ERR,ERR,ERR,ERR,ERR,ERR,ERR,ERR,ERR,ERR,ERR,ERR,ERR,ERR,ERR,ERR,ERR,ERR,ERR,ERR,ERR,ERR,ERR,ERR,ERR,ERR,ERR,ERR,ERR,ERR,ERR,ERR,ERR,ERR,ERR,ERR,ERR,ERR,ERR,ERR,ERR,ERR,ERR,ERR,ERR,ERR,ERR,ERR,ERR,ERR,ERR,ERR,ERR,ERR,ERR,ERR,ERR,ERR,ERR,ERR,ERR,ERR,ERR,ERR,ERR,ERR,ERR,ERR,ERR,ERR,ERR,ERR,ERR,ERR,ERR,ERR,ERR,ERR,ERR,ERR,ERR,ERR,0.0,0.0,-134474944.0,0.0,0.0,1.3936040501711995e+18,7.805,0.0,0,0,4,0,8422,0.0,45,0.0,0.0,0.0,0.0,0.0,0,0,0,0,0.0,0,0,0,0,0,0,0,0,0,0,0,0,0,0,0,0,0,0,0,0,0,0,0,0,0,0,0,0,0,0,0,0,0,38,14,7,45,65476,0,300,0,0,8,21553,0.0,-107605600.0,0.0,0.0,0.0,0.0,0.0,0.0,0.0,0.0,0.0,0.0,0.0,0.0,0.0,0.0,0.0,0.0,0.0,0.0,0.0,0.0,0.0,0.0,-0.0,2.004,0.0,0.0,0.0,0.0,5043.0,1.5879295420089355e+29,0.0,0.0,0.0,0.0,-0.0,0.0,0.0,0.0,0.0,53,-0.0,-0.0,0.0,0.0,0.0,0.0,0.0,0.0,0.0,0,0,0,0.0,0.0,0.0,0.0,0.0,0.0,0.0,0.0,0.0,0.0,0.0,0.0,0.0,0.0,0.0,0.0,0,-107875648.0,53,0.0,106,-107614832.0,-107350944.0,ERR,ERR,ERR,ERR,ERR,ERR,ERR,ERR,ERR,ERR,ERR,ERR,ERR,ERR,ERR,ERR,ERR,ERR,ERR,ERR,ERR,ERR,ERR,ERR,ERR,ERR,ERR,ERR,ERR,ERR,ERR,ERR,ERR,ERR,ERR,ERR,ERR,ERR,ERR,ERR,ERR,ERR,ERR,ERR,ERR,ERR,ERR,ERR,ERR,ERR,ERR,ERR,ERR,ERR,ERR,ERR,ERR,ERR,ERR,ERR,ERR,ERR,ERR,ERR,ERR,ERR,ERR,50.0,60.0,100,0.0,0.0,0.0,0.0,0.0,0.0,0.0,0.0,0.0,0.0,0.0,0.0,0.0,0.0,0.0,0.0,61.6,64,20,65521,50,65476,0,300,0,0,8,20529,65476,0,0,26214,60.0,0.0,0.0,0.0,0.0,0.0
2026-05-17T16:36:31,ERR,ERR,ERR,ERR,ERR,ERR,ERR,ERR,ERR,ERR,ERR,ERR,ERR,ERR,ERR,ERR,ERR,ERR,ERR,ERR,ERR,ERR,ERR,ERR,ERR,ERR,ERR,ERR,ERR,ERR,ERR,ERR,ERR,ERR,ERR,ERR,ERR,ERR,ERR,ERR,ERR,ERR,ERR,ERR,ERR,ERR,ERR,ERR,ERR,ERR,ERR,ERR,ERR,ERR,ERR,ERR,ERR,ERR,ERR,ERR,ERR,ERR,ERR,ERR,ERR,ERR,ERR,ERR,ERR,ERR,ERR,ERR,ERR,ERR,ERR,ERR,ERR,ERR,ERR,ERR,ERR,ERR,ERR,ERR,ERR,ERR,ERR,ERR,ERR,ERR,ERR,ERR,ERR,ERR,ERR,ERR,ERR,ERR,ERR,ERR,ERR,ERR,ERR,ERR,ERR,ERR,ERR,ERR,ERR,ERR,ERR,ERR,ERR,ERR,ERR,ERR,ERR,ERR,ERR,ERR,ERR,ERR,ERR,ERR,ERR,0.0,0.0,-134474944.0,0.0,0.0,1.3936040501711995e+18,7.805,0.0,0,0,4,0,8422,0.0,45,0.0,0.0,0.0,0.0,0.0,0,0,0,0,0.0,0,0,0,0,0,0,0,0,0,0,0,0,0,0,0,0,0,0,0,0,0,0,0,0,0,0,0,0,0,0,0,0,0,38,14,7,45,65476,0,300,0,0,8,21553,0.0,-107605600.0,0.0,0.0,0.0,0.0,0.0,0.0,0.0,0.0,0.0,0.0,0.0,0.0,0.0,0.0,0.0,0.0,0.0,0.0,0.0,0.0,0.0,0.0,-0.0,2.004,0.0,0.0,0.0,0.0,5043.0,1.5879295420089355e+29,0.0,0.0,0.0,0.0,-0.0,0.0,0.0,0.0,0.0,53,-0.0,-0.0,0.0,0.0,0.0,0.0,0.0,0.0,0.0,0,0,0,0.0,0.0,0.0,0.0,0.0,0.0,0.0,0.0,0.0,0.0,0.0,0.0,0.0,0.0,0.0,0.0,0,-107875648.0,53,0.0,106,-107614832.0,-107350944.0,ERR,ERR,ERR,ERR,ERR,ERR,ERR,ERR,ERR,ERR,ERR,ERR,ERR,ERR,ERR,ERR,ERR,ERR,ERR,ERR,ERR,ERR,ERR,ERR,ERR,ERR,ERR,ERR,ERR,ERR,ERR,ERR,ERR,ERR,ERR,ERR,ERR,ERR,ERR,ERR,ERR,ERR,ERR,ERR,ERR,ERR,ERR,ERR,ERR,ERR,ERR,ERR,ERR,ERR,ERR,ERR,ERR,ERR,ERR,ERR,ERR,ERR,ERR,ERR,ERR,ERR,ERR,50.0,60.0,100,0.0,0.0,0.0,0.0,0.0,0.0,0.0,0.0,0.0,0.0,0.0,0.0,0.0,0.0,0.0,0.0,61.6,64,20,65521,50,65476,0,300,0,0,8,20529,65476,0,0,26214,60.0,0.0,0.0,0.0,0.0,0.0
2026-05-17T16:36:32,ERR,ERR,ERR,ERR,ERR,ERR,ERR,ERR,ERR,ERR,ERR,ERR,ERR,ERR,ERR,ERR,ERR,ERR,ERR,ERR,ERR,ERR,ERR,ERR,ERR,ERR,ERR,ERR,ERR,ERR,ERR,ERR,ERR,ERR,ERR,ERR,ERR,ERR,ERR,ERR,ERR,ERR,ERR,ERR,ERR,ERR,ERR,ERR,ERR,ERR,ERR,ERR,ERR,ERR,ERR,ERR,ERR,ERR,ERR,ERR,ERR,ERR,ERR,ERR,ERR,ERR,ERR,ERR,ERR,ERR,ERR,ERR,ERR,ERR,ERR,ERR,ERR,ERR,ERR,ERR,ERR,ERR,ERR,ERR,ERR,ERR,ERR,ERR,ERR,ERR,ERR,ERR,ERR,ERR,ERR,ERR,ERR,ERR,ERR,ERR,ERR,ERR,ERR,ERR,ERR,ERR,ERR,ERR,ERR,ERR,ERR,ERR,ERR,ERR,ERR,ERR,ERR,ERR,ERR,ERR,ERR,ERR,ERR,ERR,ERR,0.0,0.0,-134474944.0,0.0,0.0,1.3936040501711995e+18,7.805,0.0,0,0,4,0,8422,0.0,45,0.0,0.0,0.0,0.0,0.0,0,0,0,0,0.0,0,0,0,0,0,0,0,0,0,0,0,0,0,0,0,0,0,0,0,0,0,0,0,0,0,0,0,0,0,0,0,0,0,38,14,7,45,65476,0,300,0,0,8,21553,0.0,-107605600.0,0.0,0.0,0.0,0.0,0.0,0.0,0.0,0.0,0.0,0.0,0.0,0.0,0.0,0.0,0.0,0.0,0.0,0.0,0.0,0.0,0.0,0.0,-0.0,2.004,0.0,0.0,0.0,0.0,5043.0,1.5879295420089355e+29,0.0,0.0,0.0,0.0,-0.0,0.0,0.0,0.0,0.0,53,-0.0,-0.0,0.0,0.0,0.0,0.0,0.0,0.0,0.0,0,0,0,0.0,0.0,0.0,0.0,0.0,0.0,0.0,0.0,0.0,0.0,0.0,0.0,0.0,0.0,0.0,0.0,0,-107875648.0,53,0.0,106,-107614832.0,-107350944.0,ERR,ERR,ERR,ERR,ERR,ERR,ERR,ERR,ERR,ERR,ERR,ERR,ERR,ERR,ERR,ERR,ERR,ERR,ERR,ERR,ERR,ERR,ERR,ERR,ERR,ERR,ERR,ERR,ERR,ERR,ERR,ERR,ERR,ERR,ERR,ERR,ERR,ERR,ERR,ERR,ERR,ERR,ERR,ERR,ERR,ERR,ERR,ERR,ERR,ERR,ERR,ERR,ERR,ERR,ERR,ERR,ERR,ERR,ERR,ERR,ERR,ERR,ERR,ERR,ERR,ERR,ERR,50.0,60.0,100,0.0,0.0,0.0,0.0,0.0,0.0,0.0,0.0,0.0,0.0,0.0,0.0,0.0,0.0,0.0,0.0,61.6,64,20,65521,50,65476,0,300,0,0,8,20529,65476,0,0,26214,60.0,0.0,0.0,0.0,0.0,0.0
2026-05-17T16:36:33,ERR,ERR,ERR,ERR,ERR,ERR,ERR,ERR,ERR,ERR,ERR,ERR,ERR,ERR,ERR,ERR,ERR,ERR,ERR,ERR,ERR,ERR,ERR,ERR,ERR,ERR,ERR,ERR,ERR,ERR,ERR,ERR,ERR,ERR,ERR,ERR,ERR,ERR,ERR,ERR,ERR,ERR,ERR,ERR,ERR,ERR,ERR,ERR,ERR,ERR,ERR,ERR,ERR,ERR,ERR,ERR,ERR,ERR,ERR,ERR,ERR,ERR,ERR,ERR,ERR,ERR,ERR,ERR,ERR,ERR,ERR,ERR,ERR,ERR,ERR,ERR,ERR,ERR,ERR,ERR,ERR,ERR,ERR,ERR,ERR,ERR,ERR,ERR,ERR,ERR,ERR,ERR,ERR,ERR,ERR,ERR,ERR,ERR,ERR,ERR,ERR,ERR,ERR,ERR,ERR,ERR,ERR,ERR,ERR,ERR,ERR,ERR,ERR,ERR,ERR,ERR,ERR,ERR,ERR,ERR,ERR,ERR,ERR,ERR,ERR,0.0,0.0,-134474944.0,0.0,0.0,1.3936040501711995e+18,7.805,0.0,0,0,4,0,8422,0.0,45,0.0,0.0,0.0,0.0,0.0,0,0,0,0,0.0,0,0,0,0,0,0,0,0,0,0,0,0,0,0,0,0,0,0,0,0,0,0,0,0,0,0,0,0,0,0,0,0,0,38,14,7,45,65476,0,300,0,0,8,21553,0.0,-107605600.0,0.0,0.0,0.0,0.0,0.0,0.0,0.0,0.0,0.0,0.0,0.0,0.0,0.0,0.0,0.0,0.0,0.0,0.0,0.0,0.0,0.0,0.0,-2.004,2.004,0.0,0.0,0.0,0.0,5040.0,-2.422988192762658e+24,0.0,0.0,0.0,0.0,-107615304.0,0.0,0.0,0.0,0.0,53,4.066880103266858e+29,89220.578,0.0,0.0,0.0,0.0,0.0,0.0,0.0,0,0,0,0.0,0.0,0.0,0.0,0.0,0.0,0.0,0.0,0.0,0.0,0.0,0.0,0.0,0.0,0.0,0.0,0,-107875648.0,53,0.0,106,-107614832.0,2.7006707062415038e+23,ERR,ERR,ERR,ERR,ERR,ERR,ERR,ERR,ERR,ERR,ERR,ERR,ERR,ERR,ERR,ERR,ERR,ERR,ERR,ERR,ERR,ERR,ERR,ERR,ERR,ERR,ERR,ERR,ERR,ERR,ERR,ERR,ERR,ERR,ERR,ERR,ERR,ERR,ERR,ERR,ERR,ERR,ERR,ERR,ERR,ERR,ERR,ERR,ERR,ERR,ERR,ERR,ERR,ERR,ERR,ERR,ERR,ERR,ERR,ERR,ERR,ERR,ERR,ERR,ERR,ERR,ERR,50.0,60.0,100,0.0,0.0,0.0,0.0,0.0,0.0,0.0,0.0,0.0,0.0,0.0,0.0,0.0,0.0,0.0,0.0,61.6,64,20,65521,50,65476,0,300,0,0,8,20529,65476,0,0,26214,60.0,0.0,0.0,0.0,0.0,0.0
2026-05-17T16:36:34,ERR,ERR,ERR,ERR,ERR,ERR,ERR,ERR,ERR,ERR,ERR,ERR,ERR,ERR,ERR,ERR,ERR,ERR,ERR,ERR,ERR,ERR,ERR,ERR,ERR,ERR,ERR,ERR,ERR,ERR,ERR,ERR,ERR,ERR,ERR,ERR,ERR,ERR,ERR,ERR,ERR,ERR,ERR,ERR,ERR,ERR,ERR,ERR,ERR,ERR,ERR,ERR,ERR,ERR,ERR,ERR,ERR,ERR,ERR,ERR,ERR,ERR,ERR,ERR,ERR,ERR,ERR,ERR,ERR,ERR,ERR,ERR,ERR,ERR,ERR,ERR,ERR,ERR,ERR,ERR,ERR,ERR,ERR,ERR,ERR,ERR,ERR,ERR,ERR,ERR,ERR,ERR,ERR,ERR,ERR,ERR,ERR,ERR,ERR,ERR,ERR,ERR,ERR,ERR,ERR,ERR,ERR,ERR,ERR,ERR,ERR,ERR,ERR,ERR,ERR,ERR,ERR,ERR,ERR,ERR,ERR,ERR,ERR,ERR,ERR,0.0,0.0,-134474944.0,0.0,0.0,1.3936040501711995e+18,7.805,0.0,0,0,4,0,8422,0.0,45,0.0,0.0,0.0,0.0,0.0,0,0,0,0,0.0,0,0,0,0,0,0,0,0,0,0,0,0,0,0,0,0,0,0,0,0,0,0,0,0,0,0,0,0,0,0,0,0,0,38,14,7,45,65476,0,300,0,0,8,21553,0.0,-107605600.0,0.0,0.0,0.0,0.0,0.0,0.0,0.0,0.0,0.0,0.0,0.0,0.0,0.0,0.0,0.0,0.0,0.0,0.0,0.0,0.0,0.0,0.0,-2.004,2.004,0.0,0.0,0.0,0.0,5040.0,-2.422988192762658e+24,0.0,0.0,0.0,0.0,-107615304.0,0.0,0.0,0.0,0.0,53,4.066880103266858e+29,89220.578,0.0,0.0,0.0,0.0,0.0,0.0,0.0,0,0,0,0.0,0.0,0.0,0.0,0.0,0.0,0.0,0.0,0.0,0.0,0.0,0.0,0.0,0.0,0.0,0.0,0,-107875648.0,53,0.0,106,-107614832.0,2.7006707062415038e+23,ERR,ERR,ERR,ERR,ERR,ERR,ERR,ERR,ERR,ERR,ERR,ERR,ERR,ERR,ERR,ERR,ERR,ERR,ERR,ERR,ERR,ERR,ERR,ERR,ERR,ERR,ERR,ERR,ERR,ERR,ERR,ERR,ERR,ERR,ERR,ERR,ERR,ERR,ERR,ERR,ERR,ERR,ERR,ERR,ERR,ERR,ERR,ERR,ERR,ERR,ERR,ERR,ERR,ERR,ERR,ERR,ERR,ERR,ERR,ERR,ERR,ERR,ERR,ERR,ERR,ERR,ERR,50.0,60.0,100,0.0,0.0,0.0,0.0,0.0,0.0,0.0,0.0,0.0,0.0,0.0,0.0,0.0,0.0,0.0,0.0,61.6,64,20,65521,50,65476,0,300,0,0,8,20529,65476,0,0,26214,60.0,0.0,0.0,0.0,0.0,0.0
2026-05-17T16:36:35,ERR,ERR,ERR,ERR,ERR,ERR,ERR,ERR,ERR,ERR,ERR,ERR,ERR,ERR,ERR,ERR,ERR,ERR,ERR,ERR,ERR,ERR,ERR,ERR,ERR,ERR,ERR,ERR,ERR,ERR,ERR,ERR,ERR,ERR,ERR,ERR,ERR,ERR,ERR,ERR,ERR,ERR,ERR,ERR,ERR,ERR,ERR,ERR,ERR,ERR,ERR,ERR,ERR,ERR,ERR,ERR,ERR,ERR,ERR,ERR,ERR,ERR,ERR,ERR,ERR,ERR,ERR,ERR,ERR,ERR,ERR,ERR,ERR,ERR,ERR,ERR,ERR,ERR,ERR,ERR,ERR,ERR,ERR,ERR,ERR,ERR,ERR,ERR,ERR,ERR,ERR,ERR,ERR,ERR,ERR,ERR,ERR,ERR,ERR,ERR,ERR,ERR,ERR,ERR,ERR,ERR,ERR,ERR,ERR,ERR,ERR,ERR,ERR,ERR,ERR,ERR,ERR,ERR,ERR,ERR,ERR,ERR,ERR,ERR,ERR,0.0,0.0,-134474944.0,0.0,0.0,1.3936040501711995e+18,7.805,0.0,0,0,4,0,8422,0.0,45,0.0,0.0,0.0,0.0,0.0,0,0,0,0,0.0,0,0,0,0,0,0,0,0,0,0,0,0,0,0,0,0,0,0,0,0,0,0,0,0,0,0,0,0,0,0,0,0,0,38,14,7,45,65476,0,300,0,0,8,21553,0.0,-107605600.0,0.0,0.0,0.0,0.0,0.0,0.0,0.0,0.0,0.0,0.0,0.0,0.0,0.0,0.0,0.0,0.0,0.0,0.0,0.0,0.0,0.0,0.0,-2.004,2.004,0.0,0.0,0.0,0.0,5040.0,-2.422988192762658e+24,0.0,0.0,0.0,0.0,-107615304.0,0.0,0.0,0.0,0.0,53,4.066880103266858e+29,89220.578,0.0,0.0,0.0,0.0,0.0,0.0,0.0,0,0,0,0.0,0.0,0.0,0.0,0.0,0.0,0.0,0.0,0.0,0.0,0.0,0.0,0.0,0.0,0.0,0.0,0,-107875648.0,53,0.0,106,-107614832.0,2.7006707062415038e+23,ERR,ERR,ERR,ERR,ERR,ERR,ERR,ERR,ERR,ERR,ERR,ERR,ERR,ERR,ERR,ERR,ERR,ERR,ERR,ERR,ERR,ERR,ERR,ERR,ERR,ERR,ERR,ERR,ERR,ERR,ERR,ERR,ERR,ERR,ERR,ERR,ERR,ERR,ERR,ERR,ERR,ERR,ERR,ERR,ERR,ERR,ERR,ERR,ERR,ERR,ERR,ERR,ERR,ERR,ERR,ERR,ERR,ERR,ERR,ERR,ERR,ERR,ERR,ERR,ERR,ERR,ERR,50.0,60.0,100,0.0,0.0,0.0,0.0,0.0,0.0,0.0,0.0,0.0,0.0,0.0,0.0,0.0,0.0,0.0,0.0,61.6,64,20,65521,50,65476,0,300,0,0,8,20529,65476,0,0,26214,60.0,0.0,0.0,0.0,0.0,0.0
2026-05-17T16:36:36,ERR,ERR,ERR,ERR,ERR,ERR,ERR,ERR,ERR,ERR,ERR,ERR,ERR,ERR,ERR,ERR,ERR,ERR,ERR,ERR,ERR,ERR,ERR,ERR,ERR,ERR,ERR,ERR,ERR,ERR,ERR,ERR,ERR,ERR,ERR,ERR,ERR,ERR,ERR,ERR,ERR,ERR,ERR,ERR,ERR,ERR,ERR,ERR,ERR,ERR,ERR,ERR,ERR,ERR,ERR,ERR,ERR,ERR,ERR,ERR,ERR,ERR,ERR,ERR,ERR,ERR,ERR,ERR,ERR,ERR,ERR,ERR,ERR,ERR,ERR,ERR,ERR,ERR,ERR,ERR,ERR,ERR,ERR,ERR,ERR,ERR,ERR,ERR,ERR,ERR,ERR,ERR,ERR,ERR,ERR,ERR,ERR,ERR,ERR,ERR,ERR,ERR,ERR,ERR,ERR,ERR,ERR,ERR,ERR,ERR,ERR,ERR,ERR,ERR,ERR,ERR,ERR,ERR,ERR,ERR,ERR,ERR,ERR,ERR,ERR,0.0,0.0,-134474944.0,0.0,0.0,1.3936040501711995e+18,7.805,0.0,0,0,4,0,8422,0.0,45,0.0,0.0,0.0,0.0,0.0,0,0,0,0,0.0,0,0,0,0,0,0,0,0,0,0,0,0,0,0,0,0,0,0,0,0,0,0,0,0,0,0,0,0,0,0,0,0,0,38,14,7,45,65476,0,300,0,0,8,21553,0.0,-107605600.0,0.0,0.0,0.0,0.0,0.0,0.0,0.0,0.0,0.0,0.0,0.0,0.0,0.0,0.0,0.0,0.0,0.0,0.0,0.0,0.0,0.0,0.0,-2.004,2.004,0.0,0.0,0.0,0.0,5040.0,-2.422988192762658e+24,0.0,0.0,0.0,0.0,-107615304.0,0.0,0.0,0.0,0.0,53,4.066880103266858e+29,89220.578,0.0,0.0,0.0,0.0,0.0,0.0,0.0,0,0,0,0.0,0.0,0.0,0.0,0.0,0.0,0.0,0.0,0.0,0.0,0.0,0.0,0.0,0.0,0.0,0.0,0,-107875648.0,53,0.0,106,-107614832.0,2.7006707062415038e+23,ERR,ERR,ERR,ERR,ERR,ERR,ERR,ERR,ERR,ERR,ERR,ERR,ERR,ERR,ERR,ERR,ERR,ERR,ERR,ERR,ERR,ERR,ERR,ERR,ERR,ERR,ERR,ERR,ERR,ERR,ERR,ERR,ERR,ERR,ERR,ERR,ERR,ERR,ERR,ERR,ERR,ERR,ERR,ERR,ERR,ERR,ERR,ERR,ERR,ERR,ERR,ERR,ERR,ERR,ERR,ERR,ERR,ERR,ERR,ERR,ERR,ERR,ERR,ERR,ERR,ERR,ERR,50.0,60.0,100,0.0,0.0,0.0,0.0,0.0,0.0,0.0,0.0,0.0,0.0,0.0,0.0,0.0,0.0,0.0,0.0,61.6,64,20,65521,50,65476,0,300,0,0,8,20529,65476,0,0,26214,60.0,0.0,0.0,0.0,0.0,0.0
2026-05-17T16:36:37,ERR,ERR,ERR,ERR,ERR,ERR,ERR,ERR,ERR,ERR,ERR,ERR,ERR,ERR,ERR,ERR,ERR,ERR,ERR,ERR,ERR,ERR,ERR,ERR,ERR,ERR,ERR,ERR,ERR,ERR,ERR,ERR,ERR,ERR,ERR,ERR,ERR,ERR,ERR,ERR,ERR,ERR,ERR,ERR,ERR,ERR,ERR,ERR,ERR,ERR,ERR,ERR,ERR,ERR,ERR,ERR,ERR,ERR,ERR,ERR,ERR,ERR,ERR,ERR,ERR,ERR,ERR,ERR,ERR,ERR,ERR,ERR,ERR,ERR,ERR,ERR,ERR,ERR,ERR,ERR,ERR,ERR,ERR,ERR,ERR,ERR,ERR,ERR,ERR,ERR,ERR,ERR,ERR,ERR,ERR,ERR,ERR,ERR,ERR,ERR,ERR,ERR,ERR,ERR,ERR,ERR,ERR,ERR,ERR,ERR,ERR,ERR,ERR,ERR,ERR,ERR,ERR,ERR,ERR,ERR,ERR,ERR,ERR,ERR,ERR,0.0,0.0,-134474944.0,0.0,0.0,1.3936040501711995e+18,7.805,0.0,0,0,4,0,8422,0.0,45,0.0,0.0,0.0,0.0,0.0,0,0,0,0,0.0,0,0,0,0,0,0,0,0,0,0,0,0,0,0,0,0,0,0,0,0,0,0,0,0,0,0,0,0,0,0,0,0,0,38,14,7,45,65476,0,300,0,0,8,21553,0.0,-107605600.0,0.0,0.0,0.0,0.0,0.0,0.0,0.0,0.0,0.0,0.0,0.0,0.0,0.0,0.0,0.0,0.0,0.0,0.0,0.0,0.0,0.0,0.0,-2.004,2.004,0.0,0.0,0.0,0.0,5040.0,-2.422988192762658e+24,0.0,0.0,0.0,0.0,-107615304.0,0.0,0.0,0.0,0.0,53,4.066880103266858e+29,89220.578,0.0,0.0,0.0,0.0,0.0,0.0,0.0,0,0,0,0.0,0.0,0.0,0.0,0.0,0.0,0.0,0.0,0.0,0.0,0.0,0.0,0.0,0.0,0.0,0.0,0,-107875648.0,53,0.0,106,-107614832.0,2.7006707062415038e+23,ERR,ERR,ERR,ERR,ERR,ERR,ERR,ERR,ERR,ERR,ERR,ERR,ERR,ERR,ERR,ERR,ERR,ERR,ERR,ERR,ERR,ERR,ERR,ERR,ERR,ERR,ERR,ERR,ERR,ERR,ERR,ERR,ERR,ERR,ERR,ERR,ERR,ERR,ERR,ERR,ERR,ERR,ERR,ERR,ERR,ERR,ERR,ERR,ERR,ERR,ERR,ERR,ERR,ERR,ERR,ERR,ERR,ERR,ERR,ERR,ERR,ERR,ERR,ERR,ERR,ERR,ERR,50.0,60.0,100,0.0,0.0,0.0,0.0,0.0,0.0,0.0,0.0,0.0,0.0,0.0,0.0,0.0,0.0,0.0,0.0,61.6,64,20,65521,50,65476,0,300,0,0,8,20529,65476,0,0,26214,60.0,0.0,0.0,0.0,0.0,0.0
2026-05-17T16:36:38,ERR,ERR,ERR,ERR,ERR,ERR,ERR,ERR,ERR,ERR,ERR,ERR,ERR,ERR,ERR,ERR,ERR,ERR,ERR,ERR,ERR,ERR,ERR,ERR,ERR,ERR,ERR,ERR,ERR,ERR,ERR,ERR,ERR,ERR,ERR,ERR,ERR,ERR,ERR,ERR,ERR,ERR,ERR,ERR,ERR,ERR,ERR,ERR,ERR,ERR,ERR,ERR,ERR,ERR,ERR,ERR,ERR,ERR,ERR,ERR,ERR,ERR,ERR,ERR,ERR,ERR,ERR,ERR,ERR,ERR,ERR,ERR,ERR,ERR,ERR,ERR,ERR,ERR,ERR,ERR,ERR,ERR,ERR,ERR,ERR,ERR,ERR,ERR,ERR,ERR,ERR,ERR,ERR,ERR,ERR,ERR,ERR,ERR,ERR,ERR,ERR,ERR,ERR,ERR,ERR,ERR,ERR,ERR,ERR,ERR,ERR,ERR,ERR,ERR,ERR,ERR,ERR,ERR,ERR,ERR,ERR,ERR,ERR,ERR,ERR,0.0,0.0,-134474944.0,0.0,0.0,1.3936040501711995e+18,7.805,0.0,0,0,4,0,8422,0.0,45,0.0,0.0,0.0,0.0,0.0,0,0,0,0,0.0,0,0,0,0,0,0,0,0,0,0,0,0,0,0,0,0,0,0,0,0,0,0,0,0,0,0,0,0,0,0,0,0,0,38,14,7,45,65476,0,300,0,0,8,21553,0.0,-107605600.0,0.0,0.0,0.0,0.0,0.0,0.0,0.0,0.0,0.0,0.0,0.0,0.0,0.0,0.0,0.0,0.0,0.0,0.0,0.0,0.0,0.0,-2.004,-2.004,2.004,0.0,0.0,0.0,0.0,5040.0,-8608183296.0,0.0,0.0,0.0,0.0,-107615304.0,0.0,0.0,0.0,0.0,53,4.066880103266858e+29,-107614792.0,0.0,0.0,0.0,0.0,0.0,0.0,0.0,0,0,0,0.0,0.0,0.0,0.0,0.0,0.0,0.0,0.0,0.0,0.0,0.0,0.0,0.0,0.0,0.0,0.0,0,-107875648.0,53,0.0,106,-107614832.0,2.7006707062415038e+23,ERR,ERR,ERR,ERR,ERR,ERR,ERR,ERR,ERR,ERR,ERR,ERR,ERR,ERR,ERR,ERR,ERR,ERR,ERR,ERR,ERR,ERR,ERR,ERR,ERR,ERR,ERR,ERR,ERR,ERR,ERR,ERR,ERR,ERR,ERR,ERR,ERR,ERR,ERR,ERR,ERR,ERR,ERR,ERR,ERR,ERR,ERR,ERR,ERR,ERR,ERR,ERR,ERR,ERR,ERR,ERR,ERR,ERR,ERR,ERR,ERR,ERR,ERR,ERR,ERR,ERR,ERR,50.0,60.0,100,0.0,0.0,0.0,0.0,0.0,0.0,0.0,0.0,0.0,0.0,0.0,0.0,0.0,0.0,0.0,0.0,62.0,64,20,65521,50,65476,0,300,0,0,8,20529,65476,0,0,26214,60.0,0.0,0.0,0.0,0.0,0.0
2026-05-17T16:36:39,ERR,ERR,ERR,ERR,ERR,ERR,ERR,ERR,ERR,ERR,ERR,ERR,ERR,ERR,ERR,ERR,ERR,ERR,ERR,ERR,ERR,ERR,ERR,ERR,ERR,ERR,ERR,ERR,ERR,ERR,ERR,ERR,ERR,ERR,ERR,ERR,ERR,ERR,ERR,ERR,ERR,ERR,ERR,ERR,ERR,ERR,ERR,ERR,ERR,ERR,ERR,ERR,ERR,ERR,ERR,ERR,ERR,ERR,ERR,ERR,ERR,ERR,ERR,ERR,ERR,ERR,ERR,ERR,ERR,ERR,ERR,ERR,ERR,ERR,ERR,ERR,ERR,ERR,ERR,ERR,ERR,ERR,ERR,ERR,ERR,ERR,ERR,ERR,ERR,ERR,ERR,ERR,ERR,ERR,ERR,ERR,ERR,ERR,ERR,ERR,ERR,ERR,ERR,ERR,ERR,ERR,ERR,ERR,ERR,ERR,ERR,ERR,ERR,ERR,ERR,ERR,ERR,ERR,ERR,ERR,ERR,ERR,ERR,ERR,ERR,0.0,0.0,-134474944.0,0.0,0.0,1.3936040501711995e+18,7.805,0.0,0,0,4,0,8422,0.0,45,0.0,0.0,0.0,0.0,0.0,0,0,0,0,0.0,0,0,0,0,0,0,0,0,0,0,0,0,0,0,0,0,0,0,0,0,0,0,0,0,0,0,0,0,0,0,0,0,0,38,14,7,45,65476,0,300,0,0,8,21553,0.0,-107605600.0,0.0,0.0,0.0,0.0,0.0,0.0,0.0,0.0,0.0,0.0,0.0,0.0,0.0,0.0,0.0,0.0,0.0,0.0,0.0,0.0,0.0,-2.004,-2.004,2.004,0.0,0.0,0.0,0.0,5040.0,-8608183296.0,0.0,0.0,0.0,0.0,-107615304.0,0.0,0.0,0.0,0.0,53,4.066880103266858e+29,-107614792.0,0.0,0.0,0.0,0.0,0.0,0.0,0.0,0,0,0,0.0,0.0,0.0,0.0,0.0,0.0,0.0,0.0,0.0,0.0,0.0,0.0,0.0,0.0,0.0,0.0,0,-107875648.0,53,0.0,106,-107614832.0,2.7006707062415038e+23,ERR,ERR,ERR,ERR,ERR,ERR,ERR,ERR,ERR,ERR,ERR,ERR,ERR,ERR,ERR,ERR,ERR,ERR,ERR,ERR,ERR,ERR,ERR,ERR,ERR,ERR,ERR,ERR,ERR,ERR,ERR,ERR,ERR,ERR,ERR,ERR,ERR,ERR,ERR,ERR,ERR,ERR,ERR,ERR,ERR,ERR,ERR,ERR,ERR,ERR,ERR,ERR,ERR,ERR,ERR,ERR,ERR,ERR,ERR,ERR,ERR,ERR,ERR,ERR,ERR,ERR,ERR,50.0,60.0,100,0.0,0.0,0.0,0.0,0.0,0.0,0.0,0.0,0.0,0.0,0.0,0.0,0.0,0.0,0.0,0.0,62.0,64,20,65521,50,65476,0,300,0,0,8,20529,65476,0,0,26214,60.0,0.0,0.0,0.0,0.0,0.0
2026-05-17T16:36:40,ERR,ERR,ERR,ERR,ERR,ERR,ERR,ERR,ERR,ERR,ERR,ERR,ERR,ERR,ERR,ERR,ERR,ERR,ERR,ERR,ERR,ERR,ERR,ERR,ERR,ERR,ERR,ERR,ERR,ERR,ERR,ERR,ERR,ERR,ERR,ERR,ERR,ERR,ERR,ERR,ERR,ERR,ERR,ERR,ERR,ERR,ERR,ERR,ERR,ERR,ERR,ERR,ERR,ERR,ERR,ERR,ERR,ERR,ERR,ERR,ERR,ERR,ERR,ERR,ERR,ERR,ERR,ERR,ERR,ERR,ERR,ERR,ERR,ERR,ERR,ERR,ERR,ERR,ERR,ERR,ERR,ERR,ERR,ERR,ERR,ERR,ERR,ERR,ERR,ERR,ERR,ERR,ERR,ERR,ERR,ERR,ERR,ERR,ERR,ERR,ERR,ERR,ERR,ERR,ERR,ERR,ERR,ERR,ERR,ERR,ERR,ERR,ERR,ERR,ERR,ERR,ERR,ERR,ERR,ERR,ERR,ERR,ERR,ERR,ERR,0.0,0.0,-134474944.0,0.0,0.0,1.3936040501711995e+18,7.805,0.0,0,0,4,0,8422,0.0,45,0.0,0.0,0.0,0.0,0.0,0,0,0,0,0.0,0,0,0,0,0,0,0,0,0,0,0,0,0,0,0,0,0,0,0,0,0,0,0,0,0,0,0,0,0,0,0,0,0,38,14,7,45,65476,0,300,0,0,8,21553,0.0,-107605600.0,0.0,0.0,0.0,0.0,0.0,0.0,0.0,0.0,0.0,0.0,0.0,0.0,0.0,0.0,0.0,0.0,0.0,0.0,0.0,0.0,0.0,-2.004,-2.004,2.004,0.0,0.0,0.0,0.0,5040.0,-8608183296.0,0.0,0.0,0.0,0.0,-107615304.0,0.0,0.0,0.0,0.0,53,4.066880103266858e+29,-107614792.0,0.0,0.0,0.0,0.0,0.0,0.0,0.0,0,0,0,0.0,0.0,0.0,0.0,0.0,0.0,0.0,0.0,0.0,0.0,0.0,0.0,0.0,0.0,0.0,0.0,0,-107875648.0,53,0.0,106,-107614832.0,2.7006707062415038e+23,ERR,ERR,ERR,ERR,ERR,ERR,ERR,ERR,ERR,ERR,ERR,ERR,ERR,ERR,ERR,ERR,ERR,ERR,ERR,ERR,ERR,ERR,ERR,ERR,ERR,ERR,ERR,ERR,ERR,ERR,ERR,ERR,ERR,ERR,ERR,ERR,ERR,ERR,ERR,ERR,ERR,ERR,ERR,ERR,ERR,ERR,ERR,ERR,ERR,ERR,ERR,ERR,ERR,ERR,ERR,ERR,ERR,ERR,ERR,ERR,ERR,ERR,ERR,ERR,ERR,ERR,ERR,50.0,60.0,100,0.0,0.0,0.0,0.0,0.0,0.0,0.0,0.0,0.0,0.0,0.0,0.0,0.0,0.0,0.0,0.0,61.6,64,20,65521,50,65476,0,300,0,0,8,20529,65476,0,0,26214,60.0,0.0,0.0,0.0,0.0,0.0
2026-05-17T16:36:41,ERR,ERR,ERR,ERR,ERR,ERR,ERR,ERR,ERR,ERR,ERR,ERR,ERR,ERR,ERR,ERR,ERR,ERR,ERR,ERR,ERR,ERR,ERR,ERR,ERR,ERR,ERR,ERR,ERR,ERR,ERR,ERR,ERR,ERR,ERR,ERR,ERR,ERR,ERR,ERR,ERR,ERR,ERR,ERR,ERR,ERR,ERR,ERR,ERR,ERR,ERR,ERR,ERR,ERR,ERR,ERR,ERR,ERR,ERR,ERR,ERR,ERR,ERR,ERR,ERR,ERR,ERR,ERR,ERR,ERR,ERR,ERR,ERR,ERR,ERR,ERR,ERR,ERR,ERR,ERR,ERR,ERR,ERR,ERR,ERR,ERR,ERR,ERR,ERR,ERR,ERR,ERR,ERR,ERR,ERR,ERR,ERR,ERR,ERR,ERR,ERR,ERR,ERR,ERR,ERR,ERR,ERR,ERR,ERR,ERR,ERR,ERR,ERR,ERR,ERR,ERR,ERR,ERR,ERR,ERR,ERR,ERR,ERR,ERR,ERR,0.0,0.0,-134474944.0,0.0,0.0,1.3936040501711995e+18,7.805,0.0,0,0,4,0,8422,0.0,45,0.0,0.0,0.0,0.0,0.0,0,0,0,0,0.0,0,0,0,0,0,0,0,0,0,0,0,0,0,0,0,0,0,0,0,0,0,0,0,0,0,0,0,0,0,0,0,0,0,38,14,7,45,65476,0,300,0,0,8,21553,0.0,-107605600.0,0.0,0.0,0.0,0.0,0.0,0.0,0.0,0.0,0.0,0.0,0.0,0.0,0.0,0.0,0.0,0.0,0.0,0.0,0.0,0.0,0.0,-2.004,-2.004,2.004,0.0,0.0,0.0,0.0,5040.0,-8608183296.0,0.0,0.0,0.0,0.0,-107615304.0,0.0,0.0,0.0,0.0,53,4.066880103266858e+29,-107614792.0,0.0,0.0,0.0,0.0,0.0,0.0,0.0,0,0,0,0.0,0.0,0.0,0.0,0.0,0.0,0.0,0.0,0.0,0.0,0.0,0.0,0.0,0.0,0.0,0.0,0,-107875648.0,53,0.0,106,-107614832.0,2.7006707062415038e+23,ERR,ERR,ERR,ERR,ERR,ERR,ERR,ERR,ERR,ERR,ERR,ERR,ERR,ERR,ERR,ERR,ERR,ERR,ERR,ERR,ERR,ERR,ERR,ERR,ERR,ERR,ERR,ERR,ERR,ERR,ERR,ERR,ERR,ERR,ERR,ERR,ERR,ERR,ERR,ERR,ERR,ERR,ERR,ERR,ERR,ERR,ERR,ERR,ERR,ERR,ERR,ERR,ERR,ERR,ERR,ERR,ERR,ERR,ERR,ERR,ERR,ERR,ERR,ERR,ERR,ERR,ERR,50.0,60.0,100,0.0,0.0,0.0,0.0,0.0,0.0,0.0,0.0,0.0,0.0,0.0,0.0,0.0,0.0,0.0,0.0,61.6,64,20,65521,50,65476,0,300,0,0,8,20529,65476,0,0,26214,60.0,0.0,0.0,0.0,0.0,0.0
2026-05-17T16:36:42,ERR,ERR,ERR,ERR,ERR,ERR,ERR,ERR,ERR,ERR,ERR,ERR,ERR,ERR,ERR,ERR,ERR,ERR,ERR,ERR,ERR,ERR,ERR,ERR,ERR,ERR,ERR,ERR,ERR,ERR,ERR,ERR,ERR,ERR,ERR,ERR,ERR,ERR,ERR,ERR,ERR,ERR,ERR,ERR,ERR,ERR,ERR,ERR,ERR,ERR,ERR,ERR,ERR,ERR,ERR,ERR,ERR,ERR,ERR,ERR,ERR,ERR,ERR,ERR,ERR,ERR,ERR,ERR,ERR,ERR,ERR,ERR,ERR,ERR,ERR,ERR,ERR,ERR,ERR,ERR,ERR,ERR,ERR,ERR,ERR,ERR,ERR,ERR,ERR,ERR,ERR,ERR,ERR,ERR,ERR,ERR,ERR,ERR,ERR,ERR,ERR,ERR,ERR,ERR,ERR,ERR,ERR,ERR,ERR,ERR,ERR,ERR,ERR,ERR,ERR,ERR,ERR,ERR,ERR,ERR,ERR,ERR,ERR,ERR,ERR,0.0,0.0,-134474944.0,0.0,0.0,1.3936040501711995e+18,7.805,0.0,0,0,4,0,8422,0.0,45,0.0,0.0,0.0,0.0,0.0,0,0,0,0,0.0,0,0,0,0,0,0,0,0,0,0,0,0,0,0,0,0,0,0,0,0,0,0,0,0,0,0,0,0,0,0,0,0,0,38,14,7,45,65476,0,300,0,0,8,21553,0.0,-107605600.0,0.0,0.0,0.0,0.0,0.0,0.0,0.0,0.0,0.0,0.0,0.0,0.0,0.0,0.0,0.0,0.0,0.0,0.0,0.0,0.0,0.0,-2.004,-2.004,2.004,0.0,0.0,0.0,0.0,5040.0,-8608183296.0,0.0,0.0,0.0,0.0,-107615304.0,0.0,0.0,0.0,0.0,53,4.066880103266858e+29,-107614792.0,0.0,0.0,0.0,0.0,0.0,0.0,0.0,0,0,0,0.0,0.0,0.0,0.0,0.0,0.0,0.0,0.0,0.0,0.0,0.0,0.0,0.0,0.0,0.0,0.0,0,-107875648.0,53,0.0,106,-107614832.0,2.7006707062415038e+23,ERR,ERR,ERR,ERR,ERR,ERR,ERR,ERR,ERR,ERR,ERR,ERR,ERR,ERR,ERR,ERR,ERR,ERR,ERR,ERR,ERR,ERR,ERR,ERR,ERR,ERR,ERR,ERR,ERR,ERR,ERR,ERR,ERR,ERR,ERR,ERR,ERR,ERR,ERR,ERR,ERR,ERR,ERR,ERR,ERR,ERR,ERR,ERR,ERR,ERR,ERR,ERR,ERR,ERR,ERR,ERR,ERR,ERR,ERR,ERR,ERR,ERR,ERR,ERR,ERR,ERR,ERR,50.0,60.0,100,0.0,0.0,0.0,0.0,0.0,0.0,0.0,0.0,0.0,0.0,0.0,0.0,0.0,0.0,0.0,0.0,61.6,64,20,65521,50,65476,0,300,0,0,8,20529,65476,0,0,26214,60.0,0.0,0.0,0.0,0.0,0.0
2026-05-17T16:36:43,ERR,ERR,ERR,ERR,ERR,ERR,ERR,ERR,ERR,ERR,ERR,ERR,ERR,ERR,ERR,ERR,ERR,ERR,ERR,ERR,ERR,ERR,ERR,ERR,ERR,ERR,ERR,ERR,ERR,ERR,ERR,ERR,ERR,ERR,ERR,ERR,ERR,ERR,ERR,ERR,ERR,ERR,ERR,ERR,ERR,ERR,ERR,ERR,ERR,ERR,ERR,ERR,ERR,ERR,ERR,ERR,ERR,ERR,ERR,ERR,ERR,ERR,ERR,ERR,ERR,ERR,ERR,ERR,ERR,ERR,ERR,ERR,ERR,ERR,ERR,ERR,ERR,ERR,ERR,ERR,ERR,ERR,ERR,ERR,ERR,ERR,ERR,ERR,ERR,ERR,ERR,ERR,ERR,ERR,ERR,ERR,ERR,ERR,ERR,ERR,ERR,ERR,ERR,ERR,ERR,ERR,ERR,ERR,ERR,ERR,ERR,ERR,ERR,ERR,ERR,ERR,ERR,ERR,ERR,ERR,ERR,ERR,ERR,ERR,ERR,0.0,0.0,-134474944.0,0.0,0.0,1.3936040501711995e+18,7.805,0.0,0,0,4,0,8422,0.0,45,0.0,0.0,0.0,0.0,0.0,0,0,0,0,0.0,0,0,0,0,0,0,0,0,0,0,0,0,0,0,0,0,0,0,0,0,0,0,0,0,0,0,0,0,0,0,0,0,0,38,14,7,45,65476,0,300,0,0,8,21553,0.0,-107605600.0,0.0,0.0,0.0,0.0,0.0,0.0,0.0,0.0,0.0,0.0,0.0,0.0,0.0,0.0,0.0,0.0,0.0,0.0,0.0,0.0,0.0,0.0,-2.004,0.0,0.0,0.0,0.0,0.0,5040.0,-3.697186133624698e+19,0.0,0.0,0.0,0.0,-107615304.0,0.0,0.0,0.0,0.0,53,2.3088403658719416e+20,-107614784.0,0.0,0.0,0.0,0.0,0.0,0.0,0.0,0,0,0,0.0,0.0,0.0,0.0,0.0,0.0,0.0,0.0,0.0,0.0,0.0,0.0,0.0,0.0,0.0,0.0,0,-107875648.0,53,0.0,106,-107614832.0,-107350944.0,ERR,ERR,ERR,ERR,ERR,ERR,ERR,ERR,ERR,ERR,ERR,ERR,ERR,ERR,ERR,ERR,ERR,ERR,ERR,ERR,ERR,ERR,ERR,ERR,ERR,ERR,ERR,ERR,ERR,ERR,ERR,ERR,ERR,ERR,ERR,ERR,ERR,ERR,ERR,ERR,ERR,ERR,ERR,ERR,ERR,ERR,ERR,ERR,ERR,ERR,ERR,ERR,ERR,ERR,ERR,ERR,ERR,ERR,ERR,ERR,ERR,ERR,ERR,ERR,ERR,ERR,ERR,50.0,60.0,100,0.0,0.0,0.0,0.0,0.0,0.0,0.0,0.0,0.0,0.0,0.0,0.0,0.0,0.0,0.0,0.0,61.6,64,20,65521,50,65476,0,300,0,0,8,20529,65476,0,0,26214,60.0,0.0,0.0,0.0,0.0,0.0
2026-05-17T16:36:44,ERR,ERR,ERR,ERR,ERR,ERR,ERR,ERR,ERR,ERR,ERR,ERR,ERR,ERR,ERR,ERR,ERR,ERR,ERR,ERR,ERR,ERR,ERR,ERR,ERR,ERR,ERR,ERR,ERR,ERR,ERR,ERR,ERR,ERR,ERR,ERR,ERR,ERR,ERR,ERR,ERR,ERR,ERR,ERR,ERR,ERR,ERR,ERR,ERR,ERR,ERR,ERR,ERR,ERR,ERR,ERR,ERR,ERR,ERR,ERR,ERR,ERR,ERR,ERR,ERR,ERR,ERR,ERR,ERR,ERR,ERR,ERR,ERR,ERR,ERR,ERR,ERR,ERR,ERR,ERR,ERR,ERR,ERR,ERR,ERR,ERR,ERR,ERR,ERR,ERR,ERR,ERR,ERR,ERR,ERR,ERR,ERR,ERR,ERR,ERR,ERR,ERR,ERR,ERR,ERR,ERR,ERR,ERR,ERR,ERR,ERR,ERR,ERR,ERR,ERR,ERR,ERR,ERR,ERR,ERR,ERR,ERR,ERR,ERR,ERR,0.0,0.0,-134474944.0,0.0,0.0,1.3936040501711995e+18,7.805,0.0,0,0,4,0,8422,0.0,45,0.0,0.0,0.0,0.0,0.0,0,0,0,0,0.0,0,0,0,0,0,0,0,0,0,0,0,0,0,0,0,0,0,0,0,0,0,0,0,0,0,0,0,0,0,0,0,0,0,38,14,7,45,65476,0,300,0,0,8,21553,0.0,-107605600.0,0.0,0.0,0.0,0.0,0.0,0.0,0.0,0.0,0.0,0.0,0.0,0.0,0.0,0.0,0.0,0.0,0.0,0.0,0.0,0.0,0.0,0.0,-2.004,0.0,0.0,0.0,0.0,0.0,5040.0,-3.697186133624698e+19,0.0,0.0,0.0,0.0,-107615304.0,0.0,0.0,0.0,0.0,53,2.3088403658719416e+20,-107614784.0,0.0,0.0,0.0,0.0,0.0,0.0,0.0,0,0,0,0.0,0.0,0.0,0.0,0.0,0.0,0.0,0.0,0.0,0.0,0.0,0.0,0.0,0.0,0.0,0.0,0,-107875648.0,53,0.0,106,-107614832.0,-107350944.0,ERR,ERR,ERR,ERR,ERR,ERR,ERR,ERR,ERR,ERR,ERR,ERR,ERR,ERR,ERR,ERR,ERR,ERR,ERR,ERR,ERR,ERR,ERR,ERR,ERR,ERR,ERR,ERR,ERR,ERR,ERR,ERR,ERR,ERR,ERR,ERR,ERR,ERR,ERR,ERR,ERR,ERR,ERR,ERR,ERR,ERR,ERR,ERR,ERR,ERR,ERR,ERR,ERR,ERR,ERR,ERR,ERR,ERR,ERR,ERR,ERR,ERR,ERR,ERR,ERR,ERR,ERR,50.0,60.0,100,0.0,0.0,0.0,0.0,0.0,0.0,0.0,0.0,0.0,0.0,0.0,0.0,0.0,0.0,0.0,0.0,61.6,64,20,65521,50,65476,0,300,0,0,8,20529,65476,0,0,26214,60.0,0.0,0.0,0.0,0.0,0.0
2026-05-17T16:36:45,ERR,ERR,ERR,ERR,ERR,ERR,ERR,ERR,ERR,ERR,ERR,ERR,ERR,ERR,ERR,ERR,ERR,ERR,ERR,ERR,ERR,ERR,ERR,ERR,ERR,ERR,ERR,ERR,ERR,ERR,ERR,ERR,ERR,ERR,ERR,ERR,ERR,ERR,ERR,ERR,ERR,ERR,ERR,ERR,ERR,ERR,ERR,ERR,ERR,ERR,ERR,ERR,ERR,ERR,ERR,ERR,ERR,ERR,ERR,ERR,ERR,ERR,ERR,ERR,ERR,ERR,ERR,ERR,ERR,ERR,ERR,ERR,ERR,ERR,ERR,ERR,ERR,ERR,ERR,ERR,ERR,ERR,ERR,ERR,ERR,ERR,ERR,ERR,ERR,ERR,ERR,ERR,ERR,ERR,ERR,ERR,ERR,ERR,ERR,ERR,ERR,ERR,ERR,ERR,ERR,ERR,ERR,ERR,ERR,ERR,ERR,ERR,ERR,ERR,ERR,ERR,ERR,ERR,ERR,ERR,ERR,ERR,ERR,ERR,ERR,0.0,0.0,-134474944.0,0.0,0.0,1.3936040501711995e+18,7.805,0.0,0,0,4,0,8422,0.0,45,0.0,0.0,0.0,0.0,0.0,0,0,0,0,0.0,0,0,0,0,0,0,0,0,0,0,0,0,0,0,0,0,0,0,0,0,0,0,0,0,0,0,0,0,0,0,0,0,0,38,14,7,45,65476,0,300,0,0,8,21553,0.0,-107605600.0,0.0,0.0,0.0,0.0,0.0,0.0,0.0,0.0,0.0,0.0,0.0,0.0,0.0,0.0,0.0,0.0,0.0,0.0,0.0,0.0,0.0,0.0,-2.004,0.0,0.0,0.0,0.0,0.0,5040.0,-3.697186133624698e+19,0.0,0.0,0.0,0.0,-107615304.0,0.0,0.0,0.0,0.0,53,2.3088403658719416e+20,-107614784.0,0.0,0.0,0.0,0.0,0.0,0.0,0.0,0,0,0,0.0,0.0,0.0,0.0,0.0,0.0,0.0,0.0,0.0,0.0,0.0,0.0,0.0,0.0,0.0,0.0,0,-107875648.0,53,0.0,106,-107614832.0,-107350944.0,ERR,ERR,ERR,ERR,ERR,ERR,ERR,ERR,ERR,ERR,ERR,ERR,ERR,ERR,ERR,ERR,ERR,ERR,ERR,ERR,ERR,ERR,ERR,ERR,ERR,ERR,ERR,ERR,ERR,ERR,ERR,ERR,ERR,ERR,ERR,ERR,ERR,ERR,ERR,ERR,ERR,ERR,ERR,ERR,ERR,ERR,ERR,ERR,ERR,ERR,ERR,ERR,ERR,ERR,ERR,ERR,ERR,ERR,ERR,ERR,ERR,ERR,ERR,ERR,ERR,ERR,ERR,50.0,60.0,100,0.0,0.0,0.0,0.0,0.0,0.0,0.0,0.0,0.0,0.0,0.0,0.0,0.0,0.0,0.0,0.0,61.6,64,20,65521,50,65476,0,300,0,0,8,20529,65476,0,0,26214,60.0,0.0,0.0,0.0,0.0,0.0
2026-05-17T16:36:46,ERR,ERR,ERR,ERR,ERR,ERR,ERR,ERR,ERR,ERR,ERR,ERR,ERR,ERR,ERR,ERR,ERR,ERR,ERR,ERR,ERR,ERR,ERR,ERR,ERR,ERR,ERR,ERR,ERR,ERR,ERR,ERR,ERR,ERR,ERR,ERR,ERR,ERR,ERR,ERR,ERR,ERR,ERR,ERR,ERR,ERR,ERR,ERR,ERR,ERR,ERR,ERR,ERR,ERR,ERR,ERR,ERR,ERR,ERR,ERR,ERR,ERR,ERR,ERR,ERR,ERR,ERR,ERR,ERR,ERR,ERR,ERR,ERR,ERR,ERR,ERR,ERR,ERR,ERR,ERR,ERR,ERR,ERR,ERR,ERR,ERR,ERR,ERR,ERR,ERR,ERR,ERR,ERR,ERR,ERR,ERR,ERR,ERR,ERR,ERR,ERR,ERR,ERR,ERR,ERR,ERR,ERR,ERR,ERR,ERR,ERR,ERR,ERR,ERR,ERR,ERR,ERR,ERR,ERR,ERR,ERR,ERR,ERR,ERR,ERR,0.0,0.0,-134474944.0,0.0,0.0,1.3936040501711995e+18,7.805,0.0,0,0,4,0,8422,0.0,45,0.0,0.0,0.0,0.0,0.0,0,0,0,0,0.0,0,0,0,0,0,0,0,0,0,0,0,0,0,0,0,0,0,0,0,0,0,0,0,0,0,0,0,0,0,0,0,0,0,38,14,7,45,65476,0,300,0,0,8,21553,0.0,-107605600.0,0.0,0.0,0.0,0.0,0.0,0.0,0.0,0.0,0.0,0.0,0.0,0.0,0.0,0.0,0.0,0.0,0.0,0.0,0.0,0.0,0.0,0.0,-2.004,0.0,0.0,0.0,0.0,0.0,5040.0,-3.697186133624698e+19,0.0,0.0,0.0,0.0,-107615304.0,0.0,0.0,0.0,0.0,53,2.3088403658719416e+20,-107614784.0,0.0,0.0,0.0,0.0,0.0,0.0,0.0,0,0,0,0.0,0.0,0.0,0.0,0.0,0.0,0.0,0.0,0.0,0.0,0.0,0.0,0.0,0.0,0.0,0.0,0,-107875648.0,53,0.0,106,-107614832.0,-107350944.0,ERR,ERR,ERR,ERR,ERR,ERR,ERR,ERR,ERR,ERR,ERR,ERR,ERR,ERR,ERR,ERR,ERR,ERR,ERR,ERR,ERR,ERR,ERR,ERR,ERR,ERR,ERR,ERR,ERR,ERR,ERR,ERR,ERR,ERR,ERR,ERR,ERR,ERR,ERR,ERR,ERR,ERR,ERR,ERR,ERR,ERR,ERR,ERR,ERR,ERR,ERR,ERR,ERR,ERR,ERR,ERR,ERR,ERR,ERR,ERR,ERR,ERR,ERR,ERR,ERR,ERR,ERR,50.0,60.0,100,0.0,0.0,0.0,0.0,0.0,0.0,0.0,0.0,0.0,0.0,0.0,0.0,0.0,0.0,0.0,0.0,61.6,64,20,65521,50,65476,0,300,0,0,8,20529,65476,0,0,26214,60.0,0.0,0.0,0.0,0.0,0.0
2026-05-17T16:36:47,ERR,ERR,ERR,ERR,ERR,ERR,ERR,ERR,ERR,ERR,ERR,ERR,ERR,ERR,ERR,ERR,ERR,ERR,ERR,ERR,ERR,ERR,ERR,ERR,ERR,ERR,ERR,ERR,ERR,ERR,ERR,ERR,ERR,ERR,ERR,ERR,ERR,ERR,ERR,ERR,ERR,ERR,ERR,ERR,ERR,ERR,ERR,ERR,ERR,ERR,ERR,ERR,ERR,ERR,ERR,ERR,ERR,ERR,ERR,ERR,ERR,ERR,ERR,ERR,ERR,ERR,ERR,ERR,ERR,ERR,ERR,ERR,ERR,ERR,ERR,ERR,ERR,ERR,ERR,ERR,ERR,ERR,ERR,ERR,ERR,ERR,ERR,ERR,ERR,ERR,ERR,ERR,ERR,ERR,ERR,ERR,ERR,ERR,ERR,ERR,ERR,ERR,ERR,ERR,ERR,ERR,ERR,ERR,ERR,ERR,ERR,ERR,ERR,ERR,ERR,ERR,ERR,ERR,ERR,ERR,ERR,ERR,ERR,ERR,ERR,0.0,0.0,-134474944.0,0.0,0.0,1.3936040501711995e+18,7.805,0.0,0,0,4,0,8422,0.0,45,0.0,0.0,0.0,0.0,0.0,0,0,0,0,0.0,0,0,0,0,0,0,0,0,0,0,0,0,0,0,0,0,0,0,0,0,0,0,0,0,0,0,0,0,0,0,0,0,0,38,14,7,45,65476,0,300,0,0,8,21553,0.0,-107605600.0,0.0,0.0,0.0,0.0,0.0,0.0,0.0,0.0,0.0,0.0,0.0,0.0,0.0,0.0,0.0,0.0,0.0,0.0,0.0,0.0,0.0,0.0,-2.004,0.0,0.0,0.0,0.0,0.0,5040.0,-3.697186133624698e+19,0.0,0.0,0.0,0.0,-107615304.0,0.0,0.0,0.0,0.0,53,2.3088403658719416e+20,-107614784.0,0.0,0.0,0.0,0.0,0.0,0.0,0.0,0,0,0,0.0,0.0,0.0,0.0,0.0,0.0,0.0,0.0,0.0,0.0,0.0,0.0,0.0,0.0,0.0,0.0,0,-107875648.0,53,0.0,106,-107614832.0,-107350944.0,ERR,ERR,ERR,ERR,ERR,ERR,ERR,ERR,ERR,ERR,ERR,ERR,ERR,ERR,ERR,ERR,ERR,ERR,ERR,ERR,ERR,ERR,ERR,ERR,ERR,ERR,ERR,ERR,ERR,ERR,ERR,ERR,ERR,ERR,ERR,ERR,ERR,ERR,ERR,ERR,ERR,ERR,ERR,ERR,ERR,ERR,ERR,ERR,ERR,ERR,ERR,ERR,ERR,ERR,ERR,ERR,ERR,ERR,ERR,ERR,ERR,ERR,ERR,ERR,ERR,ERR,ERR,50.0,60.0,100,0.0,0.0,0.0,0.0,0.0,0.0,0.0,0.0,0.0,0.0,0.0,0.0,0.0,0.0,0.0,0.0,62.0,64,20,65521,50,65476,0,300,0,0,8,20529,65476,0,0,26214,60.0,0.0,0.0,0.0,0.0,0.0
2026-05-17T16:36:48,ERR,ERR,ERR,ERR,ERR,ERR,ERR,ERR,ERR,ERR,ERR,ERR,ERR,ERR,ERR,ERR,ERR,ERR,ERR,ERR,ERR,ERR,ERR,ERR,ERR,ERR,ERR,ERR,ERR,ERR,ERR,ERR,ERR,ERR,ERR,ERR,ERR,ERR,ERR,ERR,ERR,ERR,ERR,ERR,ERR,ERR,ERR,ERR,ERR,ERR,ERR,ERR,ERR,ERR,ERR,ERR,ERR,ERR,ERR,ERR,ERR,ERR,ERR,ERR,ERR,ERR,ERR,ERR,ERR,ERR,ERR,ERR,ERR,ERR,ERR,ERR,ERR,ERR,ERR,ERR,ERR,ERR,ERR,ERR,ERR,ERR,ERR,ERR,ERR,ERR,ERR,ERR,ERR,ERR,ERR,ERR,ERR,ERR,ERR,ERR,ERR,ERR,ERR,ERR,ERR,ERR,ERR,ERR,ERR,ERR,ERR,ERR,ERR,ERR,ERR,ERR,ERR,ERR,ERR,ERR,ERR,ERR,ERR,ERR,ERR,0.0,0.0,-134474944.0,0.0,0.0,1.3936040501711995e+18,7.805,0.0,0,0,4,0,8422,0.0,45,0.0,0.0,0.0,0.0,0.0,0,0,0,0,0.0,0,0,0,0,0,0,0,0,0,0,0,0,0,0,0,0,0,0,0,0,0,0,0,0,0,0,0,0,0,0,0,0,0,38,14,7,45,65476,0,300,0,0,8,21553,0.0,-107605600.0,0.0,0.0,0.0,0.0,0.0,0.0,0.0,0.0,0.0,0.0,0.0,0.0,0.0,0.0,0.0,0.0,0.0,0.0,0.0,0.0,0.0,0.0,-2.004,2.004,0.0,0.0,0.0,0.0,5007.0,0.0,0.0,0.0,-107615288.0,0.0,-107615304.0,0.0,0.0,0.0,0.0,53,3.222028592685471e+26,-4.9504015179484054e+32,0.0,0.0,0.0,0.0,0.0,0.0,0.0,0,0,0,0.0,0.0,0.0,0.0,0.0,0.0,0.0,0.0,0.0,0.0,0.0,0.0,0.0,0.0,0.0,0.0,0,-107875648.0,53,0.0,106,-107614832.0,2.7006707062415038e+23,ERR,ERR,ERR,ERR,ERR,ERR,ERR,ERR,ERR,ERR,ERR,ERR,ERR,ERR,ERR,ERR,ERR,ERR,ERR,ERR,ERR,ERR,ERR,ERR,ERR,ERR,ERR,ERR,ERR,ERR,ERR,ERR,ERR,ERR,ERR,ERR,ERR,ERR,ERR,ERR,ERR,ERR,ERR,ERR,ERR,ERR,ERR,ERR,ERR,ERR,ERR,ERR,ERR,ERR,ERR,ERR,ERR,ERR,ERR,ERR,ERR,ERR,ERR,ERR,ERR,ERR,ERR,50.0,60.0,100,0.0,0.0,0.0,0.0,0.0,0.0,0.0,0.0,0.0,0.0,0.0,0.0,0.0,0.0,0.0,0.0,62.0,64,20,65521,50,65476,0,300,0,0,8,20529,65476,0,0,26214,60.0,0.0,0.0,0.0,0.0,0.0
2026-05-17T16:36:49,ERR,ERR,ERR,ERR,ERR,ERR,ERR,ERR,ERR,ERR,ERR,ERR,ERR,ERR,ERR,ERR,ERR,ERR,ERR,ERR,ERR,ERR,ERR,ERR,ERR,ERR,ERR,ERR,ERR,ERR,ERR,ERR,ERR,ERR,ERR,ERR,ERR,ERR,ERR,ERR,ERR,ERR,ERR,ERR,ERR,ERR,ERR,ERR,ERR,ERR,ERR,ERR,ERR,ERR,ERR,ERR,ERR,ERR,ERR,ERR,ERR,ERR,ERR,ERR,ERR,ERR,ERR,ERR,ERR,ERR,ERR,ERR,ERR,ERR,ERR,ERR,ERR,ERR,ERR,ERR,ERR,ERR,ERR,ERR,ERR,ERR,ERR,ERR,ERR,ERR,ERR,ERR,ERR,ERR,ERR,ERR,ERR,ERR,ERR,ERR,ERR,ERR,ERR,ERR,ERR,ERR,ERR,ERR,ERR,ERR,ERR,ERR,ERR,ERR,ERR,ERR,ERR,ERR,ERR,ERR,ERR,ERR,ERR,ERR,ERR,0.0,0.0,-134474944.0,0.0,0.0,1.3936040501711995e+18,7.805,0.0,0,0,4,0,8422,0.0,45,0.0,0.0,0.0,0.0,0.0,0,0,0,0,0.0,0,0,0,0,0,0,0,0,0,0,0,0,0,0,0,0,0,0,0,0,0,0,0,0,0,0,0,0,0,0,0,0,0,38,14,7,45,65476,0,300,0,0,8,21553,0.0,-107605600.0,0.0,0.0,0.0,0.0,0.0,0.0,0.0,0.0,0.0,0.0,0.0,0.0,0.0,0.0,0.0,0.0,0.0,0.0,0.0,0.0,0.0,0.0,-2.004,2.004,0.0,0.0,0.0,0.0,5007.0,0.0,0.0,0.0,-107615288.0,0.0,-107615304.0,0.0,0.0,0.0,0.0,53,3.222028592685471e+26,-4.9504015179484054e+32,0.0,0.0,0.0,0.0,0.0,0.0,0.0,0,0,0,0.0,0.0,0.0,0.0,0.0,0.0,0.0,0.0,0.0,0.0,0.0,0.0,0.0,0.0,0.0,0.0,0,-107875648.0,53,0.0,106,-107614832.0,2.7006707062415038e+23,ERR,ERR,ERR,ERR,ERR,ERR,ERR,ERR,ERR,ERR,ERR,ERR,ERR,ERR,ERR,ERR,ERR,ERR,ERR,ERR,ERR,ERR,ERR,ERR,ERR,ERR,ERR,ERR,ERR,ERR,ERR,ERR,ERR,ERR,ERR,ERR,ERR,ERR,ERR,ERR,ERR,ERR,ERR,ERR,ERR,ERR,ERR,ERR,ERR,ERR,ERR,ERR,ERR,ERR,ERR,ERR,ERR,ERR,ERR,ERR,ERR,ERR,ERR,ERR,ERR,ERR,ERR,50.0,60.0,100,0.0,0.0,0.0,0.0,0.0,0.0,0.0,0.0,0.0,0.0,0.0,0.0,0.0,0.0,0.0,0.0,61.6,64,20,65521,50,65476,0,300,0,0,8,20529,65476,0,0,26214,60.0,0.0,0.0,0.0,0.0,0.0
2026-05-17T16:36:50,ERR,ERR,ERR,ERR,ERR,ERR,ERR,ERR,ERR,ERR,ERR,ERR,ERR,ERR,ERR,ERR,ERR,ERR,ERR,ERR,ERR,ERR,ERR,ERR,ERR,ERR,ERR,ERR,ERR,ERR,ERR,ERR,ERR,ERR,ERR,ERR,ERR,ERR,ERR,ERR,ERR,ERR,ERR,ERR,ERR,ERR,ERR,ERR,ERR,ERR,ERR,ERR,ERR,ERR,ERR,ERR,ERR,ERR,ERR,ERR,ERR,ERR,ERR,ERR,ERR,ERR,ERR,ERR,ERR,ERR,ERR,ERR,ERR,ERR,ERR,ERR,ERR,ERR,ERR,ERR,ERR,ERR,ERR,ERR,ERR,ERR,ERR,ERR,ERR,ERR,ERR,ERR,ERR,ERR,ERR,ERR,ERR,ERR,ERR,ERR,ERR,ERR,ERR,ERR,ERR,ERR,ERR,ERR,ERR,ERR,ERR,ERR,ERR,ERR,ERR,ERR,ERR,ERR,ERR,ERR,ERR,ERR,ERR,ERR,ERR,0.0,0.0,-134474944.0,0.0,0.0,1.3936040501711995e+18,7.805,0.0,0,0,4,0,8422,0.0,45,0.0,0.0,0.0,0.0,0.0,0,0,0,0,0.0,0,0,0,0,0,0,0,0,0,0,0,0,0,0,0,0,0,0,0,0,0,0,0,0,0,0,0,0,0,0,0,0,0,38,14,7,45,65476,0,300,0,0,8,21553,0.0,-107605600.0,0.0,0.0,0.0,0.0,0.0,0.0,0.0,0.0,0.0,0.0,0.0,0.0,0.0,0.0,0.0,0.0,0.0,0.0,0.0,0.0,0.0,0.0,-2.004,2.004,0.0,0.0,0.0,0.0,5007.0,0.0,0.0,0.0,-107615288.0,0.0,-107615304.0,0.0,0.0,0.0,0.0,53,3.222028592685471e+26,-4.9504015179484054e+32,0.0,0.0,0.0,0.0,0.0,0.0,0.0,0,0,0,0.0,0.0,0.0,0.0,0.0,0.0,0.0,0.0,0.0,0.0,0.0,0.0,0.0,0.0,0.0,0.0,0,-107875648.0,53,0.0,106,-107614832.0,2.7006707062415038e+23,ERR,ERR,ERR,ERR,ERR,ERR,ERR,ERR,ERR,ERR,ERR,ERR,ERR,ERR,ERR,ERR,ERR,ERR,ERR,ERR,ERR,ERR,ERR,ERR,ERR,ERR,ERR,ERR,ERR,ERR,ERR,ERR,ERR,ERR,ERR,ERR,ERR,ERR,ERR,ERR,ERR,ERR,ERR,ERR,ERR,ERR,ERR,ERR,ERR,ERR,ERR,ERR,ERR,ERR,ERR,ERR,ERR,ERR,ERR,ERR,ERR,ERR,ERR,ERR,ERR,ERR,ERR,50.0,60.0,100,0.0,0.0,0.0,0.0,0.0,0.0,0.0,0.0,0.0,0.0,0.0,0.0,0.0,0.0,0.0,0.0,61.6,64,20,65521,50,65476,0,300,0,0,8,20529,65476,0,0,26214,60.0,0.0,0.0,0.0,0.0,0.0
2026-05-17T16:36:51,ERR,ERR,ERR,ERR,ERR,ERR,ERR,ERR,ERR,ERR,ERR,ERR,ERR,ERR,ERR,ERR,ERR,ERR,ERR,ERR,ERR,ERR,ERR,ERR,ERR,ERR,ERR,ERR,ERR,ERR,ERR,ERR,ERR,ERR,ERR,ERR,ERR,ERR,ERR,ERR,ERR,ERR,ERR,ERR,ERR,ERR,ERR,ERR,ERR,ERR,ERR,ERR,ERR,ERR,ERR,ERR,ERR,ERR,ERR,ERR,ERR,ERR,ERR,ERR,ERR,ERR,ERR,ERR,ERR,ERR,ERR,ERR,ERR,ERR,ERR,ERR,ERR,ERR,ERR,ERR,ERR,ERR,ERR,ERR,ERR,ERR,ERR,ERR,ERR,ERR,ERR,ERR,ERR,ERR,ERR,ERR,ERR,ERR,ERR,ERR,ERR,ERR,ERR,ERR,ERR,ERR,ERR,ERR,ERR,ERR,ERR,ERR,ERR,ERR,ERR,ERR,ERR,ERR,ERR,ERR,ERR,ERR,ERR,ERR,ERR,0.0,0.0,-134474944.0,0.0,0.0,1.3936040501711995e+18,7.805,0.0,0,0,4,0,8422,0.0,45,0.0,0.0,0.0,0.0,0.0,0,0,0,0,0.0,0,0,0,0,0,0,0,0,0,0,0,0,0,0,0,0,0,0,0,0,0,0,0,0,0,0,0,0,0,0,0,0,0,38,14,7,45,65476,0,300,0,0,8,21553,0.0,-107605600.0,0.0,0.0,0.0,0.0,0.0,0.0,0.0,0.0,0.0,0.0,0.0,0.0,0.0,0.0,0.0,0.0,0.0,0.0,0.0,0.0,0.0,0.0,-2.004,2.004,0.0,0.0,0.0,0.0,5007.0,0.0,0.0,0.0,-107615288.0,0.0,-107615304.0,0.0,0.0,0.0,0.0,53,3.222028592685471e+26,-4.9504015179484054e+32,0.0,0.0,0.0,0.0,0.0,0.0,0.0,0,0,0,0.0,0.0,0.0,0.0,0.0,0.0,0.0,0.0,0.0,0.0,0.0,0.0,0.0,0.0,0.0,0.0,0,-107875648.0,53,0.0,106,-107614832.0,2.7006707062415038e+23,ERR,ERR,ERR,ERR,ERR,ERR,ERR,ERR,ERR,ERR,ERR,ERR,ERR,ERR,ERR,ERR,ERR,ERR,ERR,ERR,ERR,ERR,ERR,ERR,ERR,ERR,ERR,ERR,ERR,ERR,ERR,ERR,ERR,ERR,ERR,ERR,ERR,ERR,ERR,ERR,ERR,ERR,ERR,ERR,ERR,ERR,ERR,ERR,ERR,ERR,ERR,ERR,ERR,ERR,ERR,ERR,ERR,ERR,ERR,ERR,ERR,ERR,ERR,ERR,ERR,ERR,ERR,50.0,60.0,100,0.0,0.0,0.0,0.0,0.0,0.0,0.0,0.0,0.0,0.0,0.0,0.0,0.0,0.0,0.0,0.0,61.6,64,20,65521,50,65476,0,300,0,0,8,20529,65476,0,0,26214,60.0,0.0,0.0,0.0,0.0,0.0
2026-05-17T16:36:52,ERR,ERR,ERR,ERR,ERR,ERR,ERR,ERR,ERR,ERR,ERR,ERR,ERR,ERR,ERR,ERR,ERR,ERR,ERR,ERR,ERR,ERR,ERR,ERR,ERR,ERR,ERR,ERR,ERR,ERR,ERR,ERR,ERR,ERR,ERR,ERR,ERR,ERR,ERR,ERR,ERR,ERR,ERR,ERR,ERR,ERR,ERR,ERR,ERR,ERR,ERR,ERR,ERR,ERR,ERR,ERR,ERR,ERR,ERR,ERR,ERR,ERR,ERR,ERR,ERR,ERR,ERR,ERR,ERR,ERR,ERR,ERR,ERR,ERR,ERR,ERR,ERR,ERR,ERR,ERR,ERR,ERR,ERR,ERR,ERR,ERR,ERR,ERR,ERR,ERR,ERR,ERR,ERR,ERR,ERR,ERR,ERR,ERR,ERR,ERR,ERR,ERR,ERR,ERR,ERR,ERR,ERR,ERR,ERR,ERR,ERR,ERR,ERR,ERR,ERR,ERR,ERR,ERR,ERR,ERR,ERR,ERR,ERR,ERR,ERR,0.0,0.0,-134474944.0,0.0,0.0,1.3936040501711995e+18,7.805,0.0,0,0,4,0,8422,0.0,45,0.0,0.0,0.0,0.0,0.0,0,0,0,0,0.0,0,0,0,0,0,0,0,0,0,0,0,0,0,0,0,0,0,0,0,0,0,0,0,0,0,0,0,0,0,0,0,0,0,38,14,7,45,65476,0,300,0,0,8,21553,0.0,-107605600.0,0.0,0.0,0.0,0.0,0.0,0.0,0.0,0.0,0.0,0.0,0.0,0.0,0.0,0.0,0.0,0.0,0.0,0.0,0.0,0.0,0.0,0.0,-2.004,2.004,0.0,0.0,0.0,0.0,5007.0,0.0,0.0,0.0,-107615288.0,0.0,-107615304.0,0.0,0.0,0.0,0.0,53,3.222028592685471e+26,-4.9504015179484054e+32,0.0,0.0,0.0,0.0,0.0,0.0,0.0,0,0,0,0.0,0.0,0.0,0.0,0.0,0.0,0.0,0.0,0.0,0.0,0.0,0.0,0.0,0.0,0.0,0.0,0,-107875648.0,53,0.0,106,-107614832.0,2.7006707062415038e+23,ERR,ERR,ERR,ERR,ERR,ERR,ERR,ERR,ERR,ERR,ERR,ERR,ERR,ERR,ERR,ERR,ERR,ERR,ERR,ERR,ERR,ERR,ERR,ERR,ERR,ERR,ERR,ERR,ERR,ERR,ERR,ERR,ERR,ERR,ERR,ERR,ERR,ERR,ERR,ERR,ERR,ERR,ERR,ERR,ERR,ERR,ERR,ERR,ERR,ERR,ERR,ERR,ERR,ERR,ERR,ERR,ERR,ERR,ERR,ERR,ERR,ERR,ERR,ERR,ERR,ERR,ERR,50.0,60.0,100,0.0,0.0,0.0,0.0,0.0,0.0,0.0,0.0,0.0,0.0,0.0,0.0,0.0,0.0,0.0,0.0,62.0,64,20,65521,50,65476,0,300,0,0,8,20529,65476,0,0,26214,60.0,0.0,0.0,0.0,0.0,0.0
2026-05-17T16:36:53,ERR,ERR,ERR,ERR,ERR,ERR,ERR,ERR,ERR,ERR,ERR,ERR,ERR,ERR,ERR,ERR,ERR,ERR,ERR,ERR,ERR,ERR,ERR,ERR,ERR,ERR,ERR,ERR,ERR,ERR,ERR,ERR,ERR,ERR,ERR,ERR,ERR,ERR,ERR,ERR,ERR,ERR,ERR,ERR,ERR,ERR,ERR,ERR,ERR,ERR,ERR,ERR,ERR,ERR,ERR,ERR,ERR,ERR,ERR,ERR,ERR,ERR,ERR,ERR,ERR,ERR,ERR,ERR,ERR,ERR,ERR,ERR,ERR,ERR,ERR,ERR,ERR,ERR,ERR,ERR,ERR,ERR,ERR,ERR,ERR,ERR,ERR,ERR,ERR,ERR,ERR,ERR,ERR,ERR,ERR,ERR,ERR,ERR,ERR,ERR,ERR,ERR,ERR,ERR,ERR,ERR,ERR,ERR,ERR,ERR,ERR,ERR,ERR,ERR,ERR,ERR,ERR,ERR,ERR,ERR,ERR,ERR,ERR,ERR,ERR,0.0,-107615288.0,-0.0,0.0,0.0,1.3936040501711995e+18,7.805,0.0,0,0,4,0,8422,0.0,45,0.0,0.0,0.0,0.0,0.0,0,0,0,0,0.0,0,0,0,0,0,0,0,0,0,0,0,0,0,0,0,0,0,0,0,0,0,0,0,0,0,0,0,0,0,0,0,0,0,38,14,7,45,65476,0,300,0,0,8,21553,0.0,-107605600.0,0.0,0.0,0.0,0.0,0.0,0.0,0.0,0.0,0.0,0.0,0.0,0.0,0.0,0.0,0.0,0.0,0.0,0.0,0.0,0.0,0.0,0.0,-2.004,2.004,0.0,0.0,0.0,0.0,5042.0,2.422988192762658e+24,0.0,0.0,-107615288.0,0.0,-107615304.0,0.0,0.0,0.0,0.0,53,3.222028592685471e+26,-0.0,0.0,0.0,0.0,0.0,0.0,0.0,0.0,0,0,0,0.0,0.0,0.0,0.0,0.0,0.0,0.0,0.0,0.0,0.0,0.0,0.0,0.0,0.0,0.0,0.0,0,-107875648.0,53,0.0,106,-107614832.0,2.7006707062415038e+23,ERR,ERR,ERR,ERR,ERR,ERR,ERR,ERR,ERR,ERR,ERR,ERR,ERR,ERR,ERR,ERR,ERR,ERR,ERR,ERR,ERR,ERR,ERR,ERR,ERR,ERR,ERR,ERR,ERR,ERR,ERR,ERR,ERR,ERR,ERR,ERR,ERR,ERR,ERR,ERR,ERR,ERR,ERR,ERR,ERR,ERR,ERR,ERR,ERR,ERR,ERR,ERR,ERR,ERR,ERR,ERR,ERR,ERR,ERR,ERR,ERR,ERR,ERR,ERR,ERR,ERR,ERR,50.0,60.0,100,0.0,0.0,0.0,0.0,0.0,0.0,0.0,0.0,0.0,0.0,0.0,0.0,0.0,0.0,0.0,0.0,62.0,64,20,65521,50,65476,0,300,0,0,8,20529,65476,0,0,26214,60.0,0.0,0.0,0.0,0.0,0.0
2026-05-17T16:36:54,ERR,ERR,ERR,ERR,ERR,ERR,ERR,ERR,ERR,ERR,ERR,ERR,ERR,ERR,ERR,ERR,ERR,ERR,ERR,ERR,ERR,ERR,ERR,ERR,ERR,ERR,ERR,ERR,ERR,ERR,ERR,ERR,ERR,ERR,ERR,ERR,ERR,ERR,ERR,ERR,ERR,ERR,ERR,ERR,ERR,ERR,ERR,ERR,ERR,ERR,ERR,ERR,ERR,ERR,ERR,ERR,ERR,ERR,ERR,ERR,ERR,ERR,ERR,ERR,ERR,ERR,ERR,ERR,ERR,ERR,ERR,ERR,ERR,ERR,ERR,ERR,ERR,ERR,ERR,ERR,ERR,ERR,ERR,ERR,ERR,ERR,ERR,ERR,ERR,ERR,ERR,ERR,ERR,ERR,ERR,ERR,ERR,ERR,ERR,ERR,ERR,ERR,ERR,ERR,ERR,ERR,ERR,ERR,ERR,ERR,ERR,ERR,ERR,ERR,ERR,ERR,ERR,ERR,ERR,ERR,ERR,ERR,ERR,ERR,ERR,0.0,-107615288.0,-0.0,0.0,0.0,1.3936040501711995e+18,7.805,0.0,0,0,4,0,8422,0.0,45,0.0,0.0,0.0,0.0,0.0,0,0,0,0,0.0,0,0,0,0,0,0,0,0,0,0,0,0,0,0,0,0,0,0,0,0,0,0,0,0,0,0,0,0,0,0,0,0,0,38,14,7,45,65476,0,300,0,0,8,21553,0.0,-107605600.0,0.0,0.0,0.0,0.0,0.0,0.0,0.0,0.0,0.0,0.0,0.0,0.0,0.0,0.0,0.0,0.0,0.0,0.0,0.0,0.0,0.0,0.0,-2.004,2.004,0.0,0.0,0.0,0.0,5042.0,2.422988192762658e+24,0.0,0.0,-107615288.0,0.0,-107615304.0,0.0,0.0,0.0,0.0,53,3.222028592685471e+26,-0.0,0.0,0.0,0.0,0.0,0.0,0.0,0.0,0,0,0,0.0,0.0,0.0,0.0,0.0,0.0,0.0,0.0,0.0,0.0,0.0,0.0,0.0,0.0,0.0,0.0,0,-107875648.0,53,0.0,106,-107614832.0,2.7006707062415038e+23,ERR,ERR,ERR,ERR,ERR,ERR,ERR,ERR,ERR,ERR,ERR,ERR,ERR,ERR,ERR,ERR,ERR,ERR,ERR,ERR,ERR,ERR,ERR,ERR,ERR,ERR,ERR,ERR,ERR,ERR,ERR,ERR,ERR,ERR,ERR,ERR,ERR,ERR,ERR,ERR,ERR,ERR,ERR,ERR,ERR,ERR,ERR,ERR,ERR,ERR,ERR,ERR,ERR,ERR,ERR,ERR,ERR,ERR,ERR,ERR,ERR,ERR,ERR,ERR,ERR,ERR,ERR,50.0,60.0,100,0.0,0.0,0.0,0.0,0.0,0.0,0.0,0.0,0.0,0.0,0.0,0.0,0.0,0.0,0.0,0.0,61.6,64,20,65521,50,65476,0,300,0,0,8,20529,65476,0,0,26214,60.0,0.0,0.0,0.0,0.0,0.0
2026-05-17T16:36:55,ERR,ERR,ERR,ERR,ERR,ERR,ERR,ERR,ERR,ERR,ERR,ERR,ERR,ERR,ERR,ERR,ERR,ERR,ERR,ERR,ERR,ERR,ERR,ERR,ERR,ERR,ERR,ERR,ERR,ERR,ERR,ERR,ERR,ERR,ERR,ERR,ERR,ERR,ERR,ERR,ERR,ERR,ERR,ERR,ERR,ERR,ERR,ERR,ERR,ERR,ERR,ERR,ERR,ERR,ERR,ERR,ERR,ERR,ERR,ERR,ERR,ERR,ERR,ERR,ERR,ERR,ERR,ERR,ERR,ERR,ERR,ERR,ERR,ERR,ERR,ERR,ERR,ERR,ERR,ERR,ERR,ERR,ERR,ERR,ERR,ERR,ERR,ERR,ERR,ERR,ERR,ERR,ERR,ERR,ERR,ERR,ERR,ERR,ERR,ERR,ERR,ERR,ERR,ERR,ERR,ERR,ERR,ERR,ERR,ERR,ERR,ERR,ERR,ERR,ERR,ERR,ERR,ERR,ERR,ERR,ERR,ERR,ERR,ERR,ERR,0.0,-107615288.0,-0.0,0.0,0.0,1.3936040501711995e+18,7.805,0.0,0,0,4,0,8422,0.0,45,0.0,0.0,0.0,0.0,0.0,0,0,0,0,0.0,0,0,0,0,0,0,0,0,0,0,0,0,0,0,0,0,0,0,0,0,0,0,0,0,0,0,0,0,0,0,0,0,0,38,14,7,45,65476,0,300,0,0,8,21553,0.0,-107605600.0,0.0,0.0,0.0,0.0,0.0,0.0,0.0,0.0,0.0,0.0,0.0,0.0,0.0,0.0,0.0,0.0,0.0,0.0,0.0,0.0,0.0,0.0,-2.004,2.004,0.0,0.0,0.0,0.0,5042.0,2.422988192762658e+24,0.0,0.0,-107615288.0,0.0,-107615304.0,0.0,0.0,0.0,0.0,53,3.222028592685471e+26,-0.0,0.0,0.0,0.0,0.0,0.0,0.0,0.0,0,0,0,0.0,0.0,0.0,0.0,0.0,0.0,0.0,0.0,0.0,0.0,0.0,0.0,0.0,0.0,0.0,0.0,0,-107875648.0,53,0.0,106,-107614832.0,2.7006707062415038e+23,ERR,ERR,ERR,ERR,ERR,ERR,ERR,ERR,ERR,ERR,ERR,ERR,ERR,ERR,ERR,ERR,ERR,ERR,ERR,ERR,ERR,ERR,ERR,ERR,ERR,ERR,ERR,ERR,ERR,ERR,ERR,ERR,ERR,ERR,ERR,ERR,ERR,ERR,ERR,ERR,ERR,ERR,ERR,ERR,ERR,ERR,ERR,ERR,ERR,ERR,ERR,ERR,ERR,ERR,ERR,ERR,ERR,ERR,ERR,ERR,ERR,ERR,ERR,ERR,ERR,ERR,ERR,50.0,60.0,100,0.0,0.0,0.0,0.0,0.0,0.0,0.0,0.0,0.0,0.0,0.0,0.0,0.0,0.0,0.0,0.0,61.6,64,20,65521,50,65476,0,300,0,0,8,20529,65476,0,0,26214,60.0,0.0,0.0,0.0,0.0,0.0
2026-05-17T16:36:56,ERR,ERR,ERR,ERR,ERR,ERR,ERR,ERR,ERR,ERR,ERR,ERR,ERR,ERR,ERR,ERR,ERR,ERR,ERR,ERR,ERR,ERR,ERR,ERR,ERR,ERR,ERR,ERR,ERR,ERR,ERR,ERR,ERR,ERR,ERR,ERR,ERR,ERR,ERR,ERR,ERR,ERR,ERR,ERR,ERR,ERR,ERR,ERR,ERR,ERR,ERR,ERR,ERR,ERR,ERR,ERR,ERR,ERR,ERR,ERR,ERR,ERR,ERR,ERR,ERR,ERR,ERR,ERR,ERR,ERR,ERR,ERR,ERR,ERR,ERR,ERR,ERR,ERR,ERR,ERR,ERR,ERR,ERR,ERR,ERR,ERR,ERR,ERR,ERR,ERR,ERR,ERR,ERR,ERR,ERR,ERR,ERR,ERR,ERR,ERR,ERR,ERR,ERR,ERR,ERR,ERR,ERR,ERR,ERR,ERR,ERR,ERR,ERR,ERR,ERR,ERR,ERR,ERR,ERR,ERR,ERR,ERR,ERR,ERR,ERR,0.0,-107615288.0,-0.0,0.0,0.0,1.3936040501711995e+18,7.805,0.0,0,0,4,0,8422,0.0,45,0.0,0.0,0.0,0.0,0.0,0,0,0,0,0.0,0,0,0,0,0,0,0,0,0,0,0,0,0,0,0,0,0,0,0,0,0,0,0,0,0,0,0,0,0,0,0,0,0,38,14,7,45,65476,0,300,0,0,8,21553,0.0,-107605600.0,0.0,0.0,0.0,0.0,0.0,0.0,0.0,0.0,0.0,0.0,0.0,0.0,0.0,0.0,0.0,0.0,0.0,0.0,0.0,0.0,0.0,0.0,-2.004,2.004,0.0,0.0,0.0,0.0,5042.0,2.422988192762658e+24,0.0,0.0,-107615288.0,0.0,-107615304.0,0.0,0.0,0.0,0.0,53,3.222028592685471e+26,-0.0,0.0,0.0,0.0,0.0,0.0,0.0,0.0,0,0,0,0.0,0.0,0.0,0.0,0.0,0.0,0.0,0.0,0.0,0.0,0.0,0.0,0.0,0.0,0.0,0.0,0,-107875648.0,53,0.0,106,-107614832.0,2.7006707062415038e+23,ERR,ERR,ERR,ERR,ERR,ERR,ERR,ERR,ERR,ERR,ERR,ERR,ERR,ERR,ERR,ERR,ERR,ERR,ERR,ERR,ERR,ERR,ERR,ERR,ERR,ERR,ERR,ERR,ERR,ERR,ERR,ERR,ERR,ERR,ERR,ERR,ERR,ERR,ERR,ERR,ERR,ERR,ERR,ERR,ERR,ERR,ERR,ERR,ERR,ERR,ERR,ERR,ERR,ERR,ERR,ERR,ERR,ERR,ERR,ERR,ERR,ERR,ERR,ERR,ERR,ERR,ERR,50.0,60.0,100,0.0,0.0,0.0,0.0,0.0,0.0,0.0,0.0,0.0,0.0,0.0,0.0,0.0,0.0,0.0,0.0,62.0,64,20,65521,50,65476,0,300,0,0,8,20529,65476,0,0,26214,60.0,0.0,0.0,0.0,0.0,0.0
2026-05-17T16:36:57,ERR,ERR,ERR,ERR,ERR,ERR,ERR,ERR,ERR,ERR,ERR,ERR,ERR,ERR,ERR,ERR,ERR,ERR,ERR,ERR,ERR,ERR,ERR,ERR,ERR,ERR,ERR,ERR,ERR,ERR,ERR,ERR,ERR,ERR,ERR,ERR,ERR,ERR,ERR,ERR,ERR,ERR,ERR,ERR,ERR,ERR,ERR,ERR,ERR,ERR,ERR,ERR,ERR,ERR,ERR,ERR,ERR,ERR,ERR,ERR,ERR,ERR,ERR,ERR,ERR,ERR,ERR,ERR,ERR,ERR,ERR,ERR,ERR,ERR,ERR,ERR,ERR,ERR,ERR,ERR,ERR,ERR,ERR,ERR,ERR,ERR,ERR,ERR,ERR,ERR,ERR,ERR,ERR,ERR,ERR,ERR,ERR,ERR,ERR,ERR,ERR,ERR,ERR,ERR,ERR,ERR,ERR,ERR,ERR,ERR,ERR,ERR,ERR,ERR,ERR,ERR,ERR,ERR,ERR,ERR,ERR,ERR,ERR,ERR,ERR,0.0,-107615288.0,-0.0,0.0,0.0,1.3936040501711995e+18,7.805,0.0,0,0,4,0,8422,0.0,45,0.0,0.0,0.0,0.0,0.0,0,0,0,0,0.0,0,0,0,0,0,0,0,0,0,0,0,0,0,0,0,0,0,0,0,0,0,0,0,0,0,0,0,0,0,0,0,0,0,38,14,7,45,65476,0,300,0,0,8,21553,0.0,-107605600.0,0.0,0.0,0.0,0.0,0.0,0.0,0.0,0.0,0.0,0.0,0.0,0.0,0.0,0.0,0.0,0.0,0.0,0.0,0.0,0.0,0.0,0.0,-2.004,2.004,0.0,0.0,0.0,0.0,5042.0,2.422988192762658e+24,0.0,0.0,-107615288.0,0.0,-107615304.0,0.0,0.0,0.0,0.0,53,3.222028592685471e+26,-0.0,0.0,0.0,0.0,0.0,0.0,0.0,0.0,0,0,0,0.0,0.0,0.0,0.0,0.0,0.0,0.0,0.0,0.0,0.0,0.0,0.0,0.0,0.0,0.0,0.0,0,-107875648.0,53,0.0,106,-107614832.0,2.7006707062415038e+23,ERR,ERR,ERR,ERR,ERR,ERR,ERR,ERR,ERR,ERR,ERR,ERR,ERR,ERR,ERR,ERR,ERR,ERR,ERR,ERR,ERR,ERR,ERR,ERR,ERR,ERR,ERR,ERR,ERR,ERR,ERR,ERR,ERR,ERR,ERR,ERR,ERR,ERR,ERR,ERR,ERR,ERR,ERR,ERR,ERR,ERR,ERR,ERR,ERR,ERR,ERR,ERR,ERR,ERR,ERR,ERR,ERR,ERR,ERR,ERR,ERR,ERR,ERR,ERR,ERR,ERR,ERR,50.0,60.0,100,0.0,0.0,0.0,0.0,0.0,0.0,0.0,0.0,0.0,0.0,0.0,0.0,0.0,0.0,0.0,0.0,61.6,64,20,65521,50,65476,0,300,0,0,8,20529,65476,0,0,26214,60.0,0.0,0.0,0.0,0.0,0.0
2026-05-17T16:36:58,ERR,ERR,ERR,ERR,ERR,ERR,ERR,ERR,ERR,ERR,ERR,ERR,ERR,ERR,ERR,ERR,ERR,ERR,ERR,ERR,ERR,ERR,ERR,ERR,ERR,ERR,ERR,ERR,ERR,ERR,ERR,ERR,ERR,ERR,ERR,ERR,ERR,ERR,ERR,ERR,ERR,ERR,ERR,ERR,ERR,ERR,ERR,ERR,ERR,ERR,ERR,ERR,ERR,ERR,ERR,ERR,ERR,ERR,ERR,ERR,ERR,ERR,ERR,ERR,ERR,ERR,ERR,ERR,ERR,ERR,ERR,ERR,ERR,ERR,ERR,ERR,ERR,ERR,ERR,ERR,ERR,ERR,ERR,ERR,ERR,ERR,ERR,ERR,ERR,ERR,ERR,ERR,ERR,ERR,ERR,ERR,ERR,ERR,ERR,ERR,ERR,ERR,ERR,ERR,ERR,ERR,ERR,ERR,ERR,ERR,ERR,ERR,ERR,ERR,ERR,ERR,ERR,ERR,ERR,ERR,ERR,ERR,ERR,ERR,ERR,0.0,0.0,-134474944.0,0.0,0.0,1.3936040501711995e+18,7.805,0.0,0,0,4,0,8422,0.0,45,0.0,0.0,0.0,0.0,0.0,0,0,0,0,0.0,0,0,0,0,0,0,0,0,0,0,0,0,0,0,0,0,0,0,0,0,0,0,0,0,0,0,0,0,0,0,0,0,0,38,14,7,45,65476,0,300,0,0,8,21553,0.0,-107605600.0,0.0,0.0,0.0,0.0,0.0,0.0,0.0,0.0,0.0,0.0,0.0,0.0,0.0,0.0,0.0,0.0,0.0,0.0,0.0,0.0,0.0,-2.004,-2.004,2.004,0.0,0.0,0.0,0.0,5076.0,0.0,0.0,0.0,0.0,0.0,-107615304.0,0.0,0.0,0.0,0.0,53,4.066880103266858e+29,0.059,0.0,0.0,0.0,0.0,0.0,0.0,0.0,0,0,0,0.0,0.0,0.0,0.0,0.0,0.0,0.0,0.0,0.0,0.0,0.0,0.0,0.0,0.0,0.0,0.0,0,-107875648.0,53,0.0,106,-107614832.0,2.7006707062415038e+23,ERR,ERR,ERR,ERR,ERR,ERR,ERR,ERR,ERR,ERR,ERR,ERR,ERR,ERR,ERR,ERR,ERR,ERR,ERR,ERR,ERR,ERR,ERR,ERR,ERR,ERR,ERR,ERR,ERR,ERR,ERR,ERR,ERR,ERR,ERR,ERR,ERR,ERR,ERR,ERR,ERR,ERR,ERR,ERR,ERR,ERR,ERR,ERR,ERR,ERR,ERR,ERR,ERR,ERR,ERR,ERR,ERR,ERR,ERR,ERR,ERR,ERR,ERR,ERR,ERR,ERR,ERR,50.0,60.0,100,0.0,0.0,0.0,0.0,0.0,0.0,0.0,0.0,0.0,0.0,0.0,0.0,0.0,0.0,0.0,0.0,61.6,64,20,65521,50,65476,0,300,0,0,8,20529,65476,0,0,26214,60.0,0.0,0.0,0.0,0.0,0.0
2026-05-17T16:36:59,ERR,ERR,ERR,ERR,ERR,ERR,ERR,ERR,ERR,ERR,ERR,ERR,ERR,ERR,ERR,ERR,ERR,ERR,ERR,ERR,ERR,ERR,ERR,ERR,ERR,ERR,ERR,ERR,ERR,ERR,ERR,ERR,ERR,ERR,ERR,ERR,ERR,ERR,ERR,ERR,ERR,ERR,ERR,ERR,ERR,ERR,ERR,ERR,ERR,ERR,ERR,ERR,ERR,ERR,ERR,ERR,ERR,ERR,ERR,ERR,ERR,ERR,ERR,ERR,ERR,ERR,ERR,ERR,ERR,ERR,ERR,ERR,ERR,ERR,ERR,ERR,ERR,ERR,ERR,ERR,ERR,ERR,ERR,ERR,ERR,ERR,ERR,ERR,ERR,ERR,ERR,ERR,ERR,ERR,ERR,ERR,ERR,ERR,ERR,ERR,ERR,ERR,ERR,ERR,ERR,ERR,ERR,ERR,ERR,ERR,ERR,ERR,ERR,ERR,ERR,ERR,ERR,ERR,ERR,ERR,ERR,ERR,ERR,ERR,ERR,0.0,0.0,-134474944.0,0.0,0.0,1.3936040501711995e+18,7.805,0.0,0,0,4,0,8422,0.0,45,0.0,0.0,0.0,0.0,0.0,0,0,0,0,0.0,0,0,0,0,0,0,0,0,0,0,0,0,0,0,0,0,0,0,0,0,0,0,0,0,0,0,0,0,0,0,0,0,0,38,14,7,45,65476,0,300,0,0,8,21553,0.0,-107605600.0,0.0,0.0,0.0,0.0,0.0,0.0,0.0,0.0,0.0,0.0,0.0,0.0,0.0,0.0,0.0,0.0,0.0,0.0,0.0,0.0,0.0,-2.004,-2.004,2.004,0.0,0.0,0.0,0.0,5076.0,0.0,0.0,0.0,0.0,0.0,-107615304.0,0.0,0.0,0.0,0.0,53,4.066880103266858e+29,0.059,0.0,0.0,0.0,0.0,0.0,0.0,0.0,0,0,0,0.0,0.0,0.0,0.0,0.0,0.0,0.0,0.0,0.0,0.0,0.0,0.0,0.0,0.0,0.0,0.0,0,-107875648.0,53,0.0,106,-107614832.0,2.7006707062415038e+23,ERR,ERR,ERR,ERR,ERR,ERR,ERR,ERR,ERR,ERR,ERR,ERR,ERR,ERR,ERR,ERR,ERR,ERR,ERR,ERR,ERR,ERR,ERR,ERR,ERR,ERR,ERR,ERR,ERR,ERR,ERR,ERR,ERR,ERR,ERR,ERR,ERR,ERR,ERR,ERR,ERR,ERR,ERR,ERR,ERR,ERR,ERR,ERR,ERR,ERR,ERR,ERR,ERR,ERR,ERR,ERR,ERR,ERR,ERR,ERR,ERR,ERR,ERR,ERR,ERR,ERR,ERR,50.0,60.0,100,0.0,0.0,0.0,0.0,0.0,0.0,0.0,0.0,0.0,0.0,0.0,0.0,0.0,0.0,0.0,0.0,61.6,64,20,65521,50,65476,0,300,0,0,8,20529,65476,0,0,26214,60.0,0.0,0.0,0.0,0.0,0.0
2026-05-17T16:37:00,ERR,ERR,ERR,ERR,ERR,ERR,ERR,ERR,ERR,ERR,ERR,ERR,ERR,ERR,ERR,ERR,ERR,ERR,ERR,ERR,ERR,ERR,ERR,ERR,ERR,ERR,ERR,ERR,ERR,ERR,ERR,ERR,ERR,ERR,ERR,ERR,ERR,ERR,ERR,ERR,ERR,ERR,ERR,ERR,ERR,ERR,ERR,ERR,ERR,ERR,ERR,ERR,ERR,ERR,ERR,ERR,ERR,ERR,ERR,ERR,ERR,ERR,ERR,ERR,ERR,ERR,ERR,ERR,ERR,ERR,ERR,ERR,ERR,ERR,ERR,ERR,ERR,ERR,ERR,ERR,ERR,ERR,ERR,ERR,ERR,ERR,ERR,ERR,ERR,ERR,ERR,ERR,ERR,ERR,ERR,ERR,ERR,ERR,ERR,ERR,ERR,ERR,ERR,ERR,ERR,ERR,ERR,ERR,ERR,ERR,ERR,ERR,ERR,ERR,ERR,ERR,ERR,ERR,ERR,ERR,ERR,ERR,ERR,ERR,ERR,0.0,0.0,-134474944.0,0.0,0.0,1.3936040501711995e+18,7.805,0.0,0,0,4,0,8422,0.0,45,0.0,0.0,0.0,0.0,0.0,0,0,0,0,0.0,0,0,0,0,0,0,0,0,0,0,0,0,0,0,0,0,0,0,0,0,0,0,0,0,0,0,0,0,0,0,0,0,0,38,14,7,45,65476,0,300,0,0,8,21553,0.0,-107605600.0,0.0,0.0,0.0,0.0,0.0,0.0,0.0,0.0,0.0,0.0,0.0,0.0,0.0,0.0,0.0,0.0,0.0,0.0,0.0,0.0,0.0,-2.004,-2.004,2.004,0.0,0.0,0.0,0.0,5076.0,0.0,0.0,0.0,0.0,0.0,-107615304.0,0.0,0.0,0.0,0.0,53,4.066880103266858e+29,0.059,0.0,0.0,0.0,0.0,0.0,0.0,0.0,0,0,0,0.0,0.0,0.0,0.0,0.0,0.0,0.0,0.0,0.0,0.0,0.0,0.0,0.0,0.0,0.0,0.0,0,-107875648.0,53,0.0,106,-107614832.0,2.7006707062415038e+23,ERR,ERR,ERR,ERR,ERR,ERR,ERR,ERR,ERR,ERR,ERR,ERR,ERR,ERR,ERR,ERR,ERR,ERR,ERR,ERR,ERR,ERR,ERR,ERR,ERR,ERR,ERR,ERR,ERR,ERR,ERR,ERR,ERR,ERR,ERR,ERR,ERR,ERR,ERR,ERR,ERR,ERR,ERR,ERR,ERR,ERR,ERR,ERR,ERR,ERR,ERR,ERR,ERR,ERR,ERR,ERR,ERR,ERR,ERR,ERR,ERR,ERR,ERR,ERR,ERR,ERR,ERR,50.0,60.0,100,0.0,0.0,0.0,0.0,0.0,0.0,0.0,0.0,0.0,0.0,0.0,0.0,0.0,0.0,0.0,0.0,61.6,64,20,65521,50,65476,0,300,0,0,8,20529,65476,0,0,26214,60.0,0.0,0.0,0.0,0.0,0.0
2026-05-17T16:37:01,ERR,ERR,ERR,ERR,ERR,ERR,ERR,ERR,ERR,ERR,ERR,ERR,ERR,ERR,ERR,ERR,ERR,ERR,ERR,ERR,ERR,ERR,ERR,ERR,ERR,ERR,ERR,ERR,ERR,ERR,ERR,ERR,ERR,ERR,ERR,ERR,ERR,ERR,ERR,ERR,ERR,ERR,ERR,ERR,ERR,ERR,ERR,ERR,ERR,ERR,ERR,ERR,ERR,ERR,ERR,ERR,ERR,ERR,ERR,ERR,ERR,ERR,ERR,ERR,ERR,ERR,ERR,ERR,ERR,ERR,ERR,ERR,ERR,ERR,ERR,ERR,ERR,ERR,ERR,ERR,ERR,ERR,ERR,ERR,ERR,ERR,ERR,ERR,ERR,ERR,ERR,ERR,ERR,ERR,ERR,ERR,ERR,ERR,ERR,ERR,ERR,ERR,ERR,ERR,ERR,ERR,ERR,ERR,ERR,ERR,ERR,ERR,ERR,ERR,ERR,ERR,ERR,ERR,ERR,ERR,ERR,ERR,ERR,ERR,ERR,0.0,0.0,-134474944.0,0.0,0.0,1.3936040501711995e+18,7.805,0.0,0,0,4,0,8422,0.0,45,0.0,0.0,0.0,0.0,0.0,0,0,0,0,0.0,0,0,0,0,0,0,0,0,0,0,0,0,0,0,0,0,0,0,0,0,0,0,0,0,0,0,0,0,0,0,0,0,0,38,14,7,45,65476,0,300,0,0,8,21553,0.0,-107605600.0,0.0,0.0,0.0,0.0,0.0,0.0,0.0,0.0,0.0,0.0,0.0,0.0,0.0,0.0,0.0,0.0,0.0,0.0,0.0,0.0,0.0,-2.004,-2.004,2.004,0.0,0.0,0.0,0.0,5076.0,0.0,0.0,0.0,0.0,0.0,-107615304.0,0.0,0.0,0.0,0.0,53,4.066880103266858e+29,0.059,0.0,0.0,0.0,0.0,0.0,0.0,0.0,0,0,0,0.0,0.0,0.0,0.0,0.0,0.0,0.0,0.0,0.0,0.0,0.0,0.0,0.0,0.0,0.0,0.0,0,-107875648.0,53,0.0,106,-107614832.0,2.7006707062415038e+23,ERR,ERR,ERR,ERR,ERR,ERR,ERR,ERR,ERR,ERR,ERR,ERR,ERR,ERR,ERR,ERR,ERR,ERR,ERR,ERR,ERR,ERR,ERR,ERR,ERR,ERR,ERR,ERR,ERR,ERR,ERR,ERR,ERR,ERR,ERR,ERR,ERR,ERR,ERR,ERR,ERR,ERR,ERR,ERR,ERR,ERR,ERR,ERR,ERR,ERR,ERR,ERR,ERR,ERR,ERR,ERR,ERR,ERR,ERR,ERR,ERR,ERR,ERR,ERR,ERR,ERR,ERR,50.0,60.0,100,0.0,0.0,0.0,0.0,0.0,0.0,0.0,0.0,0.0,0.0,0.0,0.0,0.0,0.0,0.0,0.0,61.6,64,20,65521,50,65476,0,300,0,0,8,20529,65476,0,0,26214,60.0,0.0,0.0,0.0,0.0,0.0
2026-05-17T16:37:02,ERR,ERR,ERR,ERR,ERR,ERR,ERR,ERR,ERR,ERR,ERR,ERR,ERR,ERR,ERR,ERR,ERR,ERR,ERR,ERR,ERR,ERR,ERR,ERR,ERR,ERR,ERR,ERR,ERR,ERR,ERR,ERR,ERR,ERR,ERR,ERR,ERR,ERR,ERR,ERR,ERR,ERR,ERR,ERR,ERR,ERR,ERR,ERR,ERR,ERR,ERR,ERR,ERR,ERR,ERR,ERR,ERR,ERR,ERR,ERR,ERR,ERR,ERR,ERR,ERR,ERR,ERR,ERR,ERR,ERR,ERR,ERR,ERR,ERR,ERR,ERR,ERR,ERR,ERR,ERR,ERR,ERR,ERR,ERR,ERR,ERR,ERR,ERR,ERR,ERR,ERR,ERR,ERR,ERR,ERR,ERR,ERR,ERR,ERR,ERR,ERR,ERR,ERR,ERR,ERR,ERR,ERR,ERR,ERR,ERR,ERR,ERR,ERR,ERR,ERR,ERR,ERR,ERR,ERR,ERR,ERR,ERR,ERR,ERR,ERR,0.0,0.0,-134474944.0,0.0,0.0,1.3936040501711995e+18,7.805,0.0,0,0,4,0,8422,0.0,45,0.0,0.0,0.0,0.0,0.0,0,0,0,0,0.0,0,0,0,0,0,0,0,0,0,0,0,0,0,0,0,0,0,0,0,0,0,0,0,0,0,0,0,0,0,0,0,0,0,38,14,7,45,65476,0,300,0,0,8,21553,0.0,-107605600.0,0.0,0.0,0.0,0.0,0.0,0.0,0.0,0.0,0.0,0.0,0.0,0.0,0.0,0.0,0.0,0.0,0.0,0.0,0.0,0.0,0.0,-2.004,-2.004,2.004,0.0,0.0,0.0,0.0,5076.0,0.0,0.0,0.0,0.0,0.0,-107615304.0,0.0,0.0,0.0,0.0,53,4.066880103266858e+29,0.059,0.0,0.0,0.0,0.0,0.0,0.0,0.0,0,0,0,0.0,0.0,0.0,0.0,0.0,0.0,0.0,0.0,0.0,0.0,0.0,0.0,0.0,0.0,0.0,0.0,0,-107875648.0,53,0.0,106,-107614832.0,2.7006707062415038e+23,ERR,ERR,ERR,ERR,ERR,ERR,ERR,ERR,ERR,ERR,ERR,ERR,ERR,ERR,ERR,ERR,ERR,ERR,ERR,ERR,ERR,ERR,ERR,ERR,ERR,ERR,ERR,ERR,ERR,ERR,ERR,ERR,ERR,ERR,ERR,ERR,ERR,ERR,ERR,ERR,ERR,ERR,ERR,ERR,ERR,ERR,ERR,ERR,ERR,ERR,ERR,ERR,ERR,ERR,ERR,ERR,ERR,ERR,ERR,ERR,ERR,ERR,ERR,ERR,ERR,ERR,ERR,50.0,60.0,100,0.0,0.0,0.0,0.0,0.0,0.0,0.0,0.0,0.0,0.0,0.0,0.0,0.0,0.0,0.0,0.0,61.6,64,20,65521,50,65476,0,300,0,0,8,20529,65476,0,0,26214,60.0,0.0,0.0,0.0,0.0,0.0
2026-05-17T16:37:03,ERR,ERR,ERR,ERR,ERR,ERR,ERR,ERR,ERR,ERR,ERR,ERR,ERR,ERR,ERR,ERR,ERR,ERR,ERR,ERR,ERR,ERR,ERR,ERR,ERR,ERR,ERR,ERR,ERR,ERR,ERR,ERR,ERR,ERR,ERR,ERR,ERR,ERR,ERR,ERR,ERR,ERR,ERR,ERR,ERR,ERR,ERR,ERR,ERR,ERR,ERR,ERR,ERR,ERR,ERR,ERR,ERR,ERR,ERR,ERR,ERR,ERR,ERR,ERR,ERR,ERR,ERR,ERR,ERR,ERR,ERR,ERR,ERR,ERR,ERR,ERR,ERR,ERR,ERR,ERR,ERR,ERR,ERR,ERR,ERR,ERR,ERR,ERR,ERR,ERR,ERR,ERR,ERR,ERR,ERR,ERR,ERR,ERR,ERR,ERR,ERR,ERR,ERR,ERR,ERR,ERR,ERR,ERR,ERR,ERR,ERR,ERR,ERR,ERR,ERR,ERR,ERR,ERR,ERR,ERR,ERR,ERR,ERR,ERR,ERR,0.0,0.0,-134474944.0,0.0,0.0,1.3936040501711995e+18,7.805,0.0,0,0,4,0,8422,0.0,45,0.0,0.0,0.0,0.0,0.0,0,0,0,0,0.0,0,0,0,0,0,0,0,0,0,0,0,0,0,0,0,0,0,0,0,0,0,0,0,0,0,0,0,0,0,0,0,0,0,38,14,7,45,65476,0,300,0,0,8,21553,0.0,-107605600.0,0.0,0.0,0.0,0.0,0.0,0.0,0.0,0.0,0.0,0.0,0.0,0.0,0.0,0.0,0.0,0.0,0.0,0.0,0.0,0.0,0.0,-2.004,-2.004,2.004,0.0,0.0,0.0,0.0,5039.0,-3.697186573429349e+19,0.0,0.0,0.0,0.0,-0.0,0.0,0.0,0.0,0.0,53,4.066880103266858e+29,0.0,0.0,0.0,0.0,0.0,0.0,0.0,0.0,0,0,0,0.0,0.0,0.0,0.0,0.0,0.0,0.0,0.0,0.0,0.0,0.0,0.0,0.0,0.0,0.0,0.0,0,-107875648.0,53,0.0,106,-107614832.0,2.7006707062415038e+23,ERR,ERR,ERR,ERR,ERR,ERR,ERR,ERR,ERR,ERR,ERR,ERR,ERR,ERR,ERR,ERR,ERR,ERR,ERR,ERR,ERR,ERR,ERR,ERR,ERR,ERR,ERR,ERR,ERR,ERR,ERR,ERR,ERR,ERR,ERR,ERR,ERR,ERR,ERR,ERR,ERR,ERR,ERR,ERR,ERR,ERR,ERR,ERR,ERR,ERR,ERR,ERR,ERR,ERR,ERR,ERR,ERR,ERR,ERR,ERR,ERR,ERR,ERR,ERR,ERR,ERR,ERR,50.0,60.0,100,0.0,0.0,0.0,0.0,0.0,0.0,0.0,0.0,0.0,0.0,0.0,0.0,0.0,0.0,0.0,0.0,61.6,64,20,65521,50,65476,0,300,0,0,8,20529,65476,0,0,26214,60.0,0.0,0.0,0.0,0.0,0.0
2026-05-17T16:37:04,ERR,ERR,ERR,ERR,ERR,ERR,ERR,ERR,ERR,ERR,ERR,ERR,ERR,ERR,ERR,ERR,ERR,ERR,ERR,ERR,ERR,ERR,ERR,ERR,ERR,ERR,ERR,ERR,ERR,ERR,ERR,ERR,ERR,ERR,ERR,ERR,ERR,ERR,ERR,ERR,ERR,ERR,ERR,ERR,ERR,ERR,ERR,ERR,ERR,ERR,ERR,ERR,ERR,ERR,ERR,ERR,ERR,ERR,ERR,ERR,ERR,ERR,ERR,ERR,ERR,ERR,ERR,ERR,ERR,ERR,ERR,ERR,ERR,ERR,ERR,ERR,ERR,ERR,ERR,ERR,ERR,ERR,ERR,ERR,ERR,ERR,ERR,ERR,ERR,ERR,ERR,ERR,ERR,ERR,ERR,ERR,ERR,ERR,ERR,ERR,ERR,ERR,ERR,ERR,ERR,ERR,ERR,ERR,ERR,ERR,ERR,ERR,ERR,ERR,ERR,ERR,ERR,ERR,ERR,ERR,ERR,ERR,ERR,ERR,ERR,0.0,0.0,-134474944.0,0.0,0.0,1.3936040501711995e+18,7.805,0.0,0,0,4,0,8422,0.0,45,0.0,0.0,0.0,0.0,0.0,0,0,0,0,0.0,0,0,0,0,0,0,0,0,0,0,0,0,0,0,0,0,0,0,0,0,0,0,0,0,0,0,0,0,0,0,0,0,0,38,14,7,45,65476,0,300,0,0,8,21553,0.0,-107605600.0,0.0,0.0,0.0,0.0,0.0,0.0,0.0,0.0,0.0,0.0,0.0,0.0,0.0,0.0,0.0,0.0,0.0,0.0,0.0,0.0,0.0,-2.004,-2.004,2.004,0.0,0.0,0.0,0.0,5039.0,-3.697186573429349e+19,0.0,0.0,0.0,0.0,-0.0,0.0,0.0,0.0,0.0,53,4.066880103266858e+29,0.0,0.0,0.0,0.0,0.0,0.0,0.0,0.0,0,0,0,0.0,0.0,0.0,0.0,0.0,0.0,0.0,0.0,0.0,0.0,0.0,0.0,0.0,0.0,0.0,0.0,0,-107875648.0,53,0.0,106,-107614832.0,2.7006707062415038e+23,ERR,ERR,ERR,ERR,ERR,ERR,ERR,ERR,ERR,ERR,ERR,ERR,ERR,ERR,ERR,ERR,ERR,ERR,ERR,ERR,ERR,ERR,ERR,ERR,ERR,ERR,ERR,ERR,ERR,ERR,ERR,ERR,ERR,ERR,ERR,ERR,ERR,ERR,ERR,ERR,ERR,ERR,ERR,ERR,ERR,ERR,ERR,ERR,ERR,ERR,ERR,ERR,ERR,ERR,ERR,ERR,ERR,ERR,ERR,ERR,ERR,ERR,ERR,ERR,ERR,ERR,ERR,50.0,60.0,100,0.0,0.0,0.0,0.0,0.0,0.0,0.0,0.0,0.0,0.0,0.0,0.0,0.0,0.0,0.0,0.0,62.0,64,20,65521,50,65476,0,300,0,0,8,20529,65476,0,0,26214,60.0,0.0,0.0,0.0,0.0,0.0
2026-05-17T16:37:05,ERR,ERR,ERR,ERR,ERR,ERR,ERR,ERR,ERR,ERR,ERR,ERR,ERR,ERR,ERR,ERR,ERR,ERR,ERR,ERR,ERR,ERR,ERR,ERR,ERR,ERR,ERR,ERR,ERR,ERR,ERR,ERR,ERR,ERR,ERR,ERR,ERR,ERR,ERR,ERR,ERR,ERR,ERR,ERR,ERR,ERR,ERR,ERR,ERR,ERR,ERR,ERR,ERR,ERR,ERR,ERR,ERR,ERR,ERR,ERR,ERR,ERR,ERR,ERR,ERR,ERR,ERR,ERR,ERR,ERR,ERR,ERR,ERR,ERR,ERR,ERR,ERR,ERR,ERR,ERR,ERR,ERR,ERR,ERR,ERR,ERR,ERR,ERR,ERR,ERR,ERR,ERR,ERR,ERR,ERR,ERR,ERR,ERR,ERR,ERR,ERR,ERR,ERR,ERR,ERR,ERR,ERR,ERR,ERR,ERR,ERR,ERR,ERR,ERR,ERR,ERR,ERR,ERR,ERR,ERR,ERR,ERR,ERR,ERR,ERR,0.0,0.0,-134474944.0,0.0,0.0,1.3936040501711995e+18,7.805,0.0,0,0,4,0,8422,0.0,45,0.0,0.0,0.0,0.0,0.0,0,0,0,0,0.0,0,0,0,0,0,0,0,0,0,0,0,0,0,0,0,0,0,0,0,0,0,0,0,0,0,0,0,0,0,0,0,0,0,38,14,7,45,65476,0,300,0,0,8,21553,0.0,-107605600.0,0.0,0.0,0.0,0.0,0.0,0.0,0.0,0.0,0.0,0.0,0.0,0.0,0.0,0.0,0.0,0.0,0.0,0.0,0.0,0.0,0.0,-2.004,-2.004,2.004,0.0,0.0,0.0,0.0,5039.0,-3.697186573429349e+19,0.0,0.0,0.0,0.0,-0.0,0.0,0.0,0.0,0.0,53,4.066880103266858e+29,0.0,0.0,0.0,0.0,0.0,0.0,0.0,0.0,0,0,0,0.0,0.0,0.0,0.0,0.0,0.0,0.0,0.0,0.0,0.0,0.0,0.0,0.0,0.0,0.0,0.0,0,-107875648.0,53,0.0,106,-107614832.0,2.7006707062415038e+23,ERR,ERR,ERR,ERR,ERR,ERR,ERR,ERR,ERR,ERR,ERR,ERR,ERR,ERR,ERR,ERR,ERR,ERR,ERR,ERR,ERR,ERR,ERR,ERR,ERR,ERR,ERR,ERR,ERR,ERR,ERR,ERR,ERR,ERR,ERR,ERR,ERR,ERR,ERR,ERR,ERR,ERR,ERR,ERR,ERR,ERR,ERR,ERR,ERR,ERR,ERR,ERR,ERR,ERR,ERR,ERR,ERR,ERR,ERR,ERR,ERR,ERR,ERR,ERR,ERR,ERR,ERR,50.0,60.0,100,0.0,0.0,0.0,0.0,0.0,0.0,0.0,0.0,0.0,0.0,0.0,0.0,0.0,0.0,0.0,0.0,62.0,64,20,65521,50,65476,0,300,0,0,8,20529,65476,0,0,26214,60.0,0.0,0.0,0.0,0.0,0.0
2026-05-17T16:37:06,ERR,ERR,ERR,ERR,ERR,ERR,ERR,ERR,ERR,ERR,ERR,ERR,ERR,ERR,ERR,ERR,ERR,ERR,ERR,ERR,ERR,ERR,ERR,ERR,ERR,ERR,ERR,ERR,ERR,ERR,ERR,ERR,ERR,ERR,ERR,ERR,ERR,ERR,ERR,ERR,ERR,ERR,ERR,ERR,ERR,ERR,ERR,ERR,ERR,ERR,ERR,ERR,ERR,ERR,ERR,ERR,ERR,ERR,ERR,ERR,ERR,ERR,ERR,ERR,ERR,ERR,ERR,ERR,ERR,ERR,ERR,ERR,ERR,ERR,ERR,ERR,ERR,ERR,ERR,ERR,ERR,ERR,ERR,ERR,ERR,ERR,ERR,ERR,ERR,ERR,ERR,ERR,ERR,ERR,ERR,ERR,ERR,ERR,ERR,ERR,ERR,ERR,ERR,ERR,ERR,ERR,ERR,ERR,ERR,ERR,ERR,ERR,ERR,ERR,ERR,ERR,ERR,ERR,ERR,ERR,ERR,ERR,ERR,ERR,ERR,0.0,0.0,-134474944.0,0.0,0.0,1.3936040501711995e+18,7.805,0.0,0,0,4,0,8422,0.0,45,0.0,0.0,0.0,0.0,0.0,0,0,0,0,0.0,0,0,0,0,0,0,0,0,0,0,0,0,0,0,0,0,0,0,0,0,0,0,0,0,0,0,0,0,0,0,0,0,0,38,14,7,45,65476,0,300,0,0,8,21553,0.0,-107605600.0,0.0,0.0,0.0,0.0,0.0,0.0,0.0,0.0,0.0,0.0,0.0,0.0,0.0,0.0,0.0,0.0,0.0,0.0,0.0,0.0,0.0,-2.004,-2.004,2.004,0.0,0.0,0.0,0.0,5039.0,-3.697186573429349e+19,0.0,0.0,0.0,0.0,-0.0,0.0,0.0,0.0,0.0,53,4.066880103266858e+29,0.0,0.0,0.0,0.0,0.0,0.0,0.0,0.0,0,0,0,0.0,0.0,0.0,0.0,0.0,0.0,0.0,0.0,0.0,0.0,0.0,0.0,0.0,0.0,0.0,0.0,0,-107875648.0,53,0.0,106,-107614832.0,2.7006707062415038e+23,ERR,ERR,ERR,ERR,ERR,ERR,ERR,ERR,ERR,ERR,ERR,ERR,ERR,ERR,ERR,ERR,ERR,ERR,ERR,ERR,ERR,ERR,ERR,ERR,ERR,ERR,ERR,ERR,ERR,ERR,ERR,ERR,ERR,ERR,ERR,ERR,ERR,ERR,ERR,ERR,ERR,ERR,ERR,ERR,ERR,ERR,ERR,ERR,ERR,ERR,ERR,ERR,ERR,ERR,ERR,ERR,ERR,ERR,ERR,ERR,ERR,ERR,ERR,ERR,ERR,ERR,ERR,50.0,60.0,100,0.0,0.0,0.0,0.0,0.0,0.0,0.0,0.0,0.0,0.0,0.0,0.0,0.0,0.0,0.0,0.0,61.6,64,20,65521,50,65476,0,300,0,0,8,20529,65476,0,0,26214,60.0,0.0,0.0,0.0,0.0,0.0
2026-05-17T16:37:07,ERR,ERR,ERR,ERR,ERR,ERR,ERR,ERR,ERR,ERR,ERR,ERR,ERR,ERR,ERR,ERR,ERR,ERR,ERR,ERR,ERR,ERR,ERR,ERR,ERR,ERR,ERR,ERR,ERR,ERR,ERR,ERR,ERR,ERR,ERR,ERR,ERR,ERR,ERR,ERR,ERR,ERR,ERR,ERR,ERR,ERR,ERR,ERR,ERR,ERR,ERR,ERR,ERR,ERR,ERR,ERR,ERR,ERR,ERR,ERR,ERR,ERR,ERR,ERR,ERR,ERR,ERR,ERR,ERR,ERR,ERR,ERR,ERR,ERR,ERR,ERR,ERR,ERR,ERR,ERR,ERR,ERR,ERR,ERR,ERR,ERR,ERR,ERR,ERR,ERR,ERR,ERR,ERR,ERR,ERR,ERR,ERR,ERR,ERR,ERR,ERR,ERR,ERR,ERR,ERR,ERR,ERR,ERR,ERR,ERR,ERR,ERR,ERR,ERR,ERR,ERR,ERR,ERR,ERR,ERR,ERR,ERR,ERR,ERR,ERR,0.0,0.0,-134474944.0,0.0,0.0,1.3936040501711995e+18,7.805,0.0,0,0,4,0,8422,0.0,45,0.0,0.0,0.0,0.0,0.0,0,0,0,0,0.0,0,0,0,0,0,0,0,0,0,0,0,0,0,0,0,0,0,0,0,0,0,0,0,0,0,0,0,0,0,0,0,0,0,38,14,7,45,65476,0,300,0,0,8,21553,0.0,-107605600.0,0.0,0.0,0.0,0.0,0.0,0.0,0.0,0.0,0.0,0.0,0.0,0.0,0.0,0.0,0.0,0.0,0.0,0.0,0.0,0.0,0.0,-2.004,-2.004,2.004,0.0,0.0,0.0,0.0,5039.0,-3.697186573429349e+19,0.0,0.0,0.0,0.0,-0.0,0.0,0.0,0.0,0.0,53,4.066880103266858e+29,0.0,0.0,0.0,0.0,0.0,0.0,0.0,0.0,0,0,0,0.0,0.0,0.0,0.0,0.0,0.0,0.0,0.0,0.0,0.0,0.0,0.0,0.0,0.0,0.0,0.0,0,-107875648.0,53,0.0,106,-107614832.0,2.7006707062415038e+23,ERR,ERR,ERR,ERR,ERR,ERR,ERR,ERR,ERR,ERR,ERR,ERR,ERR,ERR,ERR,ERR,ERR,ERR,ERR,ERR,ERR,ERR,ERR,ERR,ERR,ERR,ERR,ERR,ERR,ERR,ERR,ERR,ERR,ERR,ERR,ERR,ERR,ERR,ERR,ERR,ERR,ERR,ERR,ERR,ERR,ERR,ERR,ERR,ERR,ERR,ERR,ERR,ERR,ERR,ERR,ERR,ERR,ERR,ERR,ERR,ERR,ERR,ERR,ERR,ERR,ERR,ERR,50.0,60.0,100,0.0,0.0,0.0,0.0,0.0,0.0,0.0,0.0,0.0,0.0,0.0,0.0,0.0,0.0,0.0,0.0,61.6,64,20,65521,50,65476,0,300,0,0,8,20529,65476,0,0,26214,60.0,0.0,0.0,0.0,0.0,0.0
2026-05-17T16:37:08,ERR,ERR,ERR,ERR,ERR,ERR,ERR,ERR,ERR,ERR,ERR,ERR,ERR,ERR,ERR,ERR,ERR,ERR,ERR,ERR,ERR,ERR,ERR,ERR,ERR,ERR,ERR,ERR,ERR,ERR,ERR,ERR,ERR,ERR,ERR,ERR,ERR,ERR,ERR,ERR,ERR,ERR,ERR,ERR,ERR,ERR,ERR,ERR,ERR,ERR,ERR,ERR,ERR,ERR,ERR,ERR,ERR,ERR,ERR,ERR,ERR,ERR,ERR,ERR,ERR,ERR,ERR,ERR,ERR,ERR,ERR,ERR,ERR,ERR,ERR,ERR,ERR,ERR,ERR,ERR,ERR,ERR,ERR,ERR,ERR,ERR,ERR,ERR,ERR,ERR,ERR,ERR,ERR,ERR,ERR,ERR,ERR,ERR,ERR,ERR,ERR,ERR,ERR,ERR,ERR,ERR,ERR,ERR,ERR,ERR,ERR,ERR,ERR,ERR,ERR,ERR,ERR,ERR,ERR,ERR,ERR,ERR,ERR,ERR,ERR,0.0,0.0,-134474944.0,0.0,0.0,1.3936040501711995e+18,7.805,0.0,0,0,4,0,8422,0.0,45,0.0,0.0,0.0,0.0,0.0,0,0,0,0,0.0,0,0,0,0,0,0,0,0,0,0,0,0,0,0,0,0,0,0,0,0,0,0,0,0,0,0,0,0,0,0,0,0,0,38,14,7,45,65476,0,300,0,0,8,21553,0.0,-107605600.0,0.0,0.0,0.0,0.0,0.0,0.0,0.0,0.0,0.0,0.0,0.0,0.0,0.0,0.0,0.0,0.0,0.0,0.0,0.0,0.0,0.0,0.0,-2.004,0.0,0.0,0.0,0.0,0.0,5044.0,-131350.453,0.0,0.0,0.0,0.0,-0.0,0.0,0.0,0.0,0.0,53,5.848083413016271e+35,-4.950401904804668e+32,0.0,0.0,0.0,0.0,0.0,0.0,0.0,0,0,0,0.0,0.0,0.0,0.0,0.0,0.0,0.0,0.0,0.0,0.0,0.0,0.0,0.0,0.0,0.0,0.0,0,-107875648.0,53,0.0,106,-107614832.0,2.7006707062415038e+23,ERR,ERR,ERR,ERR,ERR,ERR,ERR,ERR,ERR,ERR,ERR,ERR,ERR,ERR,ERR,ERR,ERR,ERR,ERR,ERR,ERR,ERR,ERR,ERR,ERR,ERR,ERR,ERR,ERR,ERR,ERR,ERR,ERR,ERR,ERR,ERR,ERR,ERR,ERR,ERR,ERR,ERR,ERR,ERR,ERR,ERR,ERR,ERR,ERR,ERR,ERR,ERR,ERR,ERR,ERR,ERR,ERR,ERR,ERR,ERR,ERR,ERR,ERR,ERR,ERR,ERR,ERR,50.0,60.0,100,0.0,0.0,0.0,0.0,0.0,0.0,0.0,0.0,0.0,0.0,0.0,0.0,0.0,0.0,0.0,0.0,61.6,64,20,65521,50,65476,0,300,0,0,8,20529,65476,0,0,26214,60.0,0.0,0.0,0.0,0.0,0.0
2026-05-17T16:37:09,ERR,ERR,ERR,ERR,ERR,ERR,ERR,ERR,ERR,ERR,ERR,ERR,ERR,ERR,ERR,ERR,ERR,ERR,ERR,ERR,ERR,ERR,ERR,ERR,ERR,ERR,ERR,ERR,ERR,ERR,ERR,ERR,ERR,ERR,ERR,ERR,ERR,ERR,ERR,ERR,ERR,ERR,ERR,ERR,ERR,ERR,ERR,ERR,ERR,ERR,ERR,ERR,ERR,ERR,ERR,ERR,ERR,ERR,ERR,ERR,ERR,ERR,ERR,ERR,ERR,ERR,ERR,ERR,ERR,ERR,ERR,ERR,ERR,ERR,ERR,ERR,ERR,ERR,ERR,ERR,ERR,ERR,ERR,ERR,ERR,ERR,ERR,ERR,ERR,ERR,ERR,ERR,ERR,ERR,ERR,ERR,ERR,ERR,ERR,ERR,ERR,ERR,ERR,ERR,ERR,ERR,ERR,ERR,ERR,ERR,ERR,ERR,ERR,ERR,ERR,ERR,ERR,ERR,ERR,ERR,ERR,ERR,ERR,ERR,ERR,0.0,0.0,-134474944.0,0.0,0.0,1.3936040501711995e+18,7.805,0.0,0,0,4,0,8422,0.0,45,0.0,0.0,0.0,0.0,0.0,0,0,0,0,0.0,0,0,0,0,0,0,0,0,0,0,0,0,0,0,0,0,0,0,0,0,0,0,0,0,0,0,0,0,0,0,0,0,0,38,14,7,45,65476,0,300,0,0,8,21553,0.0,-107605600.0,0.0,0.0,0.0,0.0,0.0,0.0,0.0,0.0,0.0,0.0,0.0,0.0,0.0,0.0,0.0,0.0,0.0,0.0,0.0,0.0,0.0,0.0,-2.004,0.0,0.0,0.0,0.0,0.0,5044.0,-131350.453,0.0,0.0,0.0,0.0,-0.0,0.0,0.0,0.0,0.0,53,5.848083413016271e+35,-4.950401904804668e+32,0.0,0.0,0.0,0.0,0.0,0.0,0.0,0,0,0,0.0,0.0,0.0,0.0,0.0,0.0,0.0,0.0,0.0,0.0,0.0,0.0,0.0,0.0,0.0,0.0,0,-107875648.0,53,0.0,106,-107614832.0,2.7006707062415038e+23,ERR,ERR,ERR,ERR,ERR,ERR,ERR,ERR,ERR,ERR,ERR,ERR,ERR,ERR,ERR,ERR,ERR,ERR,ERR,ERR,ERR,ERR,ERR,ERR,ERR,ERR,ERR,ERR,ERR,ERR,ERR,ERR,ERR,ERR,ERR,ERR,ERR,ERR,ERR,ERR,ERR,ERR,ERR,ERR,ERR,ERR,ERR,ERR,ERR,ERR,ERR,ERR,ERR,ERR,ERR,ERR,ERR,ERR,ERR,ERR,ERR,ERR,ERR,ERR,ERR,ERR,ERR,50.0,60.0,100,0.0,0.0,0.0,0.0,0.0,0.0,0.0,0.0,0.0,0.0,0.0,0.0,0.0,0.0,0.0,0.0,61.6,64,20,65521,50,65476,0,300,0,0,8,20529,65476,0,0,26214,60.0,0.0,0.0,0.0,0.0,0.0
2026-05-17T16:37:10,ERR,ERR,ERR,ERR,ERR,ERR,ERR,ERR,ERR,ERR,ERR,ERR,ERR,ERR,ERR,ERR,ERR,ERR,ERR,ERR,ERR,ERR,ERR,ERR,ERR,ERR,ERR,ERR,ERR,ERR,ERR,ERR,ERR,ERR,ERR,ERR,ERR,ERR,ERR,ERR,ERR,ERR,ERR,ERR,ERR,ERR,ERR,ERR,ERR,ERR,ERR,ERR,ERR,ERR,ERR,ERR,ERR,ERR,ERR,ERR,ERR,ERR,ERR,ERR,ERR,ERR,ERR,ERR,ERR,ERR,ERR,ERR,ERR,ERR,ERR,ERR,ERR,ERR,ERR,ERR,ERR,ERR,ERR,ERR,ERR,ERR,ERR,ERR,ERR,ERR,ERR,ERR,ERR,ERR,ERR,ERR,ERR,ERR,ERR,ERR,ERR,ERR,ERR,ERR,ERR,ERR,ERR,ERR,ERR,ERR,ERR,ERR,ERR,ERR,ERR,ERR,ERR,ERR,ERR,ERR,ERR,ERR,ERR,ERR,ERR,0.0,0.0,-134474944.0,0.0,0.0,1.3936040501711995e+18,7.805,0.0,0,0,4,0,8422,0.0,45,0.0,0.0,0.0,0.0,0.0,0,0,0,0,0.0,0,0,0,0,0,0,0,0,0,0,0,0,0,0,0,0,0,0,0,0,0,0,0,0,0,0,0,0,0,0,0,0,0,38,14,7,45,65476,0,300,0,0,8,21553,0.0,-107605600.0,0.0,0.0,0.0,0.0,0.0,0.0,0.0,0.0,0.0,0.0,0.0,0.0,0.0,0.0,0.0,0.0,0.0,0.0,0.0,0.0,0.0,0.0,-2.004,0.0,0.0,0.0,0.0,0.0,5044.0,-131350.453,0.0,0.0,0.0,0.0,-0.0,0.0,0.0,0.0,0.0,53,5.848083413016271e+35,-4.950401904804668e+32,0.0,0.0,0.0,0.0,0.0,0.0,0.0,0,0,0,0.0,0.0,0.0,0.0,0.0,0.0,0.0,0.0,0.0,0.0,0.0,0.0,0.0,0.0,0.0,0.0,0,-107875648.0,53,0.0,106,-107614832.0,2.7006707062415038e+23,ERR,ERR,ERR,ERR,ERR,ERR,ERR,ERR,ERR,ERR,ERR,ERR,ERR,ERR,ERR,ERR,ERR,ERR,ERR,ERR,ERR,ERR,ERR,ERR,ERR,ERR,ERR,ERR,ERR,ERR,ERR,ERR,ERR,ERR,ERR,ERR,ERR,ERR,ERR,ERR,ERR,ERR,ERR,ERR,ERR,ERR,ERR,ERR,ERR,ERR,ERR,ERR,ERR,ERR,ERR,ERR,ERR,ERR,ERR,ERR,ERR,ERR,ERR,ERR,ERR,ERR,ERR,50.0,60.0,100,0.0,0.0,0.0,0.0,0.0,0.0,0.0,0.0,0.0,0.0,0.0,0.0,0.0,0.0,0.0,0.0,61.6,64,20,65521,50,65476,0,300,0,0,8,20529,65476,0,0,26214,60.0,0.0,0.0,0.0,0.0,0.0
2026-05-17T16:37:11,ERR,ERR,ERR,ERR,ERR,ERR,ERR,ERR,ERR,ERR,ERR,ERR,ERR,ERR,ERR,ERR,ERR,ERR,ERR,ERR,ERR,ERR,ERR,ERR,ERR,ERR,ERR,ERR,ERR,ERR,ERR,ERR,ERR,ERR,ERR,ERR,ERR,ERR,ERR,ERR,ERR,ERR,ERR,ERR,ERR,ERR,ERR,ERR,ERR,ERR,ERR,ERR,ERR,ERR,ERR,ERR,ERR,ERR,ERR,ERR,ERR,ERR,ERR,ERR,ERR,ERR,ERR,ERR,ERR,ERR,ERR,ERR,ERR,ERR,ERR,ERR,ERR,ERR,ERR,ERR,ERR,ERR,ERR,ERR,ERR,ERR,ERR,ERR,ERR,ERR,ERR,ERR,ERR,ERR,ERR,ERR,ERR,ERR,ERR,ERR,ERR,ERR,ERR,ERR,ERR,ERR,ERR,ERR,ERR,ERR,ERR,ERR,ERR,ERR,ERR,ERR,ERR,ERR,ERR,ERR,ERR,ERR,ERR,ERR,ERR,0.0,0.0,-134474944.0,0.0,0.0,1.3936040501711995e+18,7.805,0.0,0,0,4,0,8422,0.0,45,0.0,0.0,0.0,0.0,0.0,0,0,0,0,0.0,0,0,0,0,0,0,0,0,0,0,0,0,0,0,0,0,0,0,0,0,0,0,0,0,0,0,0,0,0,0,0,0,0,38,14,7,45,65476,0,300,0,0,8,21553,0.0,-107605600.0,0.0,0.0,0.0,0.0,0.0,0.0,0.0,0.0,0.0,0.0,0.0,0.0,0.0,0.0,0.0,0.0,0.0,0.0,0.0,0.0,0.0,0.0,-2.004,0.0,0.0,0.0,0.0,0.0,5044.0,-131350.453,0.0,0.0,0.0,0.0,-0.0,0.0,0.0,0.0,0.0,53,5.848083413016271e+35,-4.950401904804668e+32,0.0,0.0,0.0,0.0,0.0,0.0,0.0,0,0,0,0.0,0.0,0.0,0.0,0.0,0.0,0.0,0.0,0.0,0.0,0.0,0.0,0.0,0.0,0.0,0.0,0,-107875648.0,53,0.0,106,-107614832.0,2.7006707062415038e+23,ERR,ERR,ERR,ERR,ERR,ERR,ERR,ERR,ERR,ERR,ERR,ERR,ERR,ERR,ERR,ERR,ERR,ERR,ERR,ERR,ERR,ERR,ERR,ERR,ERR,ERR,ERR,ERR,ERR,ERR,ERR,ERR,ERR,ERR,ERR,ERR,ERR,ERR,ERR,ERR,ERR,ERR,ERR,ERR,ERR,ERR,ERR,ERR,ERR,ERR,ERR,ERR,ERR,ERR,ERR,ERR,ERR,ERR,ERR,ERR,ERR,ERR,ERR,ERR,ERR,ERR,ERR,50.0,60.0,100,0.0,0.0,0.0,0.0,0.0,0.0,0.0,0.0,0.0,0.0,0.0,0.0,0.0,0.0,0.0,0.0,61.6,64,20,65521,50,65476,0,300,0,0,8,20529,65476,0,0,26214,60.0,0.0,0.0,0.0,0.0,0.0
2026-05-17T16:37:12,ERR,ERR,ERR,ERR,ERR,ERR,ERR,ERR,ERR,ERR,ERR,ERR,ERR,ERR,ERR,ERR,ERR,ERR,ERR,ERR,ERR,ERR,ERR,ERR,ERR,ERR,ERR,ERR,ERR,ERR,ERR,ERR,ERR,ERR,ERR,ERR,ERR,ERR,ERR,ERR,ERR,ERR,ERR,ERR,ERR,ERR,ERR,ERR,ERR,ERR,ERR,ERR,ERR,ERR,ERR,ERR,ERR,ERR,ERR,ERR,ERR,ERR,ERR,ERR,ERR,ERR,ERR,ERR,ERR,ERR,ERR,ERR,ERR,ERR,ERR,ERR,ERR,ERR,ERR,ERR,ERR,ERR,ERR,ERR,ERR,ERR,ERR,ERR,ERR,ERR,ERR,ERR,ERR,ERR,ERR,ERR,ERR,ERR,ERR,ERR,ERR,ERR,ERR,ERR,ERR,ERR,ERR,ERR,ERR,ERR,ERR,ERR,ERR,ERR,ERR,ERR,ERR,ERR,ERR,ERR,ERR,ERR,ERR,ERR,ERR,0.0,0.0,-134474944.0,0.0,0.0,1.3936040501711995e+18,7.805,0.0,0,0,4,0,8422,0.0,45,0.0,0.0,0.0,0.0,0.0,0,0,0,0,0.0,0,0,0,0,0,0,0,0,0,0,0,0,0,0,0,0,0,0,0,0,0,0,0,0,0,0,0,0,0,0,0,0,0,38,14,7,45,65476,0,300,0,0,8,21553,0.0,-107605600.0,0.0,0.0,0.0,0.0,0.0,0.0,0.0,0.0,0.0,0.0,0.0,0.0,0.0,0.0,0.0,0.0,0.0,0.0,0.0,0.0,0.0,0.0,-2.004,0.0,0.0,0.0,0.0,0.0,5044.0,-131350.453,0.0,0.0,0.0,0.0,-0.0,0.0,0.0,0.0,0.0,53,5.848083413016271e+35,-4.950401904804668e+32,0.0,0.0,0.0,0.0,0.0,0.0,0.0,0,0,0,0.0,0.0,0.0,0.0,0.0,0.0,0.0,0.0,0.0,0.0,0.0,0.0,0.0,0.0,0.0,0.0,0,-107875648.0,53,0.0,106,-107614832.0,2.7006707062415038e+23,ERR,ERR,ERR,ERR,ERR,ERR,ERR,ERR,ERR,ERR,ERR,ERR,ERR,ERR,ERR,ERR,ERR,ERR,ERR,ERR,ERR,ERR,ERR,ERR,ERR,ERR,ERR,ERR,ERR,ERR,ERR,ERR,ERR,ERR,ERR,ERR,ERR,ERR,ERR,ERR,ERR,ERR,ERR,ERR,ERR,ERR,ERR,ERR,ERR,ERR,ERR,ERR,ERR,ERR,ERR,ERR,ERR,ERR,ERR,ERR,ERR,ERR,ERR,ERR,ERR,ERR,ERR,50.0,60.0,100,0.0,0.0,0.0,0.0,0.0,0.0,0.0,0.0,0.0,0.0,0.0,0.0,0.0,0.0,0.0,0.0,61.6,64,20,65521,50,65476,0,300,0,0,8,20529,65476,0,0,26214,60.0,0.0,0.0,0.0,0.0,0.0
2026-05-17T16:37:13,ERR,ERR,ERR,ERR,ERR,ERR,ERR,ERR,ERR,ERR,ERR,ERR,ERR,ERR,ERR,ERR,ERR,ERR,ERR,ERR,ERR,ERR,ERR,ERR,ERR,ERR,ERR,ERR,ERR,ERR,ERR,ERR,ERR,ERR,ERR,ERR,ERR,ERR,ERR,ERR,ERR,ERR,ERR,ERR,ERR,ERR,ERR,ERR,ERR,ERR,ERR,ERR,ERR,ERR,ERR,ERR,ERR,ERR,ERR,ERR,ERR,ERR,ERR,ERR,ERR,ERR,ERR,ERR,ERR,ERR,ERR,ERR,ERR,ERR,ERR,ERR,ERR,ERR,ERR,ERR,ERR,ERR,ERR,ERR,ERR,ERR,ERR,ERR,ERR,ERR,ERR,ERR,ERR,ERR,ERR,ERR,ERR,ERR,ERR,ERR,ERR,ERR,ERR,ERR,ERR,ERR,ERR,ERR,ERR,ERR,ERR,ERR,ERR,ERR,ERR,ERR,ERR,ERR,ERR,ERR,ERR,ERR,ERR,ERR,ERR,0.0,0.0,-134474944.0,0.0,0.0,1.3936040501711995e+18,7.805,0.0,0,0,4,0,8422,0.0,45,0.0,0.0,0.0,0.0,0.0,0,0,0,0,0.0,0,0,0,0,0,0,0,0,0,0,0,0,0,0,0,0,0,0,0,0,0,0,0,0,0,0,0,0,0,0,0,0,0,38,14,7,45,65476,0,300,0,0,8,21553,0.0,-107605600.0,0.0,0.0,0.0,0.0,0.0,0.0,0.0,0.0,0.0,0.0,0.0,0.0,0.0,0.0,0.0,0.0,0.0,0.0,0.0,0.0,0.0,0.0,-0.0,2.004,0.0,0.0,0.0,0.0,5046.0,-2.422988192762658e+24,0.0,0.0,-107615288.0,0.0,-107615304.0,0.0,0.0,0.0,0.0,53,-0.0,0.0,0.0,0.0,0.0,0.0,0.0,0.0,0.0,0,0,0,0.0,0.0,0.0,0.0,0.0,0.0,0.0,0.0,0.0,0.0,0.0,0.0,0.0,0.0,0.0,0.0,0,-107875648.0,53,0.0,106,-107614832.0,2.7006707062415038e+23,ERR,ERR,ERR,ERR,ERR,ERR,ERR,ERR,ERR,ERR,ERR,ERR,ERR,ERR,ERR,ERR,ERR,ERR,ERR,ERR,ERR,ERR,ERR,ERR,ERR,ERR,ERR,ERR,ERR,ERR,ERR,ERR,ERR,ERR,ERR,ERR,ERR,ERR,ERR,ERR,ERR,ERR,ERR,ERR,ERR,ERR,ERR,ERR,ERR,ERR,ERR,ERR,ERR,ERR,ERR,ERR,ERR,ERR,ERR,ERR,ERR,ERR,ERR,ERR,ERR,ERR,ERR,50.0,60.0,100,0.0,0.0,0.0,0.0,0.0,0.0,0.0,0.0,0.0,0.0,0.0,0.0,0.0,0.0,0.0,0.0,61.6,64,20,65521,50,65476,0,300,0,0,8,20529,65476,0,0,26214,60.0,0.0,0.0,0.0,0.0,0.0
2026-05-17T16:37:14,ERR,ERR,ERR,ERR,ERR,ERR,ERR,ERR,ERR,ERR,ERR,ERR,ERR,ERR,ERR,ERR,ERR,ERR,ERR,ERR,ERR,ERR,ERR,ERR,ERR,ERR,ERR,ERR,ERR,ERR,ERR,ERR,ERR,ERR,ERR,ERR,ERR,ERR,ERR,ERR,ERR,ERR,ERR,ERR,ERR,ERR,ERR,ERR,ERR,ERR,ERR,ERR,ERR,ERR,ERR,ERR,ERR,ERR,ERR,ERR,ERR,ERR,ERR,ERR,ERR,ERR,ERR,ERR,ERR,ERR,ERR,ERR,ERR,ERR,ERR,ERR,ERR,ERR,ERR,ERR,ERR,ERR,ERR,ERR,ERR,ERR,ERR,ERR,ERR,ERR,ERR,ERR,ERR,ERR,ERR,ERR,ERR,ERR,ERR,ERR,ERR,ERR,ERR,ERR,ERR,ERR,ERR,ERR,ERR,ERR,ERR,ERR,ERR,ERR,ERR,ERR,ERR,ERR,ERR,ERR,ERR,ERR,ERR,ERR,ERR,0.0,0.0,-134474944.0,0.0,0.0,1.3936040501711995e+18,7.805,0.0,0,0,4,0,8422,0.0,45,0.0,0.0,0.0,0.0,0.0,0,0,0,0,0.0,0,0,0,0,0,0,0,0,0,0,0,0,0,0,0,0,0,0,0,0,0,0,0,0,0,0,0,0,0,0,0,0,0,38,14,7,45,65476,0,300,0,0,8,21553,0.0,-107605600.0,0.0,0.0,0.0,0.0,0.0,0.0,0.0,0.0,0.0,0.0,0.0,0.0,0.0,0.0,0.0,0.0,0.0,0.0,0.0,0.0,0.0,0.0,-0.0,2.004,0.0,0.0,0.0,0.0,5046.0,-2.422988192762658e+24,0.0,0.0,-107615288.0,0.0,-107615304.0,0.0,0.0,0.0,0.0,53,-0.0,0.0,0.0,0.0,0.0,0.0,0.0,0.0,0.0,0,0,0,0.0,0.0,0.0,0.0,0.0,0.0,0.0,0.0,0.0,0.0,0.0,0.0,0.0,0.0,0.0,0.0,0,-107875648.0,53,0.0,106,-107614832.0,2.7006707062415038e+23,ERR,ERR,ERR,ERR,ERR,ERR,ERR,ERR,ERR,ERR,ERR,ERR,ERR,ERR,ERR,ERR,ERR,ERR,ERR,ERR,ERR,ERR,ERR,ERR,ERR,ERR,ERR,ERR,ERR,ERR,ERR,ERR,ERR,ERR,ERR,ERR,ERR,ERR,ERR,ERR,ERR,ERR,ERR,ERR,ERR,ERR,ERR,ERR,ERR,ERR,ERR,ERR,ERR,ERR,ERR,ERR,ERR,ERR,ERR,ERR,ERR,ERR,ERR,ERR,ERR,ERR,ERR,50.0,60.0,100,0.0,0.0,0.0,0.0,0.0,0.0,0.0,0.0,0.0,0.0,0.0,0.0,0.0,0.0,0.0,0.0,61.6,64,20,65521,50,65476,0,300,0,0,8,20529,65476,0,0,26214,60.0,0.0,0.0,0.0,0.0,0.0
2026-05-17T16:37:15,ERR,ERR,ERR,ERR,ERR,ERR,ERR,ERR,ERR,ERR,ERR,ERR,ERR,ERR,ERR,ERR,ERR,ERR,ERR,ERR,ERR,ERR,ERR,ERR,ERR,ERR,ERR,ERR,ERR,ERR,ERR,ERR,ERR,ERR,ERR,ERR,ERR,ERR,ERR,ERR,ERR,ERR,ERR,ERR,ERR,ERR,ERR,ERR,ERR,ERR,ERR,ERR,ERR,ERR,ERR,ERR,ERR,ERR,ERR,ERR,ERR,ERR,ERR,ERR,ERR,ERR,ERR,ERR,ERR,ERR,ERR,ERR,ERR,ERR,ERR,ERR,ERR,ERR,ERR,ERR,ERR,ERR,ERR,ERR,ERR,ERR,ERR,ERR,ERR,ERR,ERR,ERR,ERR,ERR,ERR,ERR,ERR,ERR,ERR,ERR,ERR,ERR,ERR,ERR,ERR,ERR,ERR,ERR,ERR,ERR,ERR,ERR,ERR,ERR,ERR,ERR,ERR,ERR,ERR,ERR,ERR,ERR,ERR,ERR,ERR,0.0,0.0,-134474944.0,0.0,0.0,1.3936040501711995e+18,7.805,0.0,0,0,4,0,8422,0.0,45,0.0,0.0,0.0,0.0,0.0,0,0,0,0,0.0,0,0,0,0,0,0,0,0,0,0,0,0,0,0,0,0,0,0,0,0,0,0,0,0,0,0,0,0,0,0,0,0,0,38,14,7,45,65476,0,300,0,0,8,21553,0.0,-107605600.0,0.0,0.0,0.0,0.0,0.0,0.0,0.0,0.0,0.0,0.0,0.0,0.0,0.0,0.0,0.0,0.0,0.0,0.0,0.0,0.0,0.0,0.0,-0.0,2.004,0.0,0.0,0.0,0.0,5046.0,-2.422988192762658e+24,0.0,0.0,-107615288.0,0.0,-107615304.0,0.0,0.0,0.0,0.0,53,-0.0,0.0,0.0,0.0,0.0,0.0,0.0,0.0,0.0,0,0,0,0.0,0.0,0.0,0.0,0.0,0.0,0.0,0.0,0.0,0.0,0.0,0.0,0.0,0.0,0.0,0.0,0,-107875648.0,53,0.0,106,-107614832.0,2.7006707062415038e+23,ERR,ERR,ERR,ERR,ERR,ERR,ERR,ERR,ERR,ERR,ERR,ERR,ERR,ERR,ERR,ERR,ERR,ERR,ERR,ERR,ERR,ERR,ERR,ERR,ERR,ERR,ERR,ERR,ERR,ERR,ERR,ERR,ERR,ERR,ERR,ERR,ERR,ERR,ERR,ERR,ERR,ERR,ERR,ERR,ERR,ERR,ERR,ERR,ERR,ERR,ERR,ERR,ERR,ERR,ERR,ERR,ERR,ERR,ERR,ERR,ERR,ERR,ERR,ERR,ERR,ERR,ERR,50.0,60.0,100,0.0,0.0,0.0,0.0,0.0,0.0,0.0,0.0,0.0,0.0,0.0,0.0,0.0,0.0,0.0,0.0,62.0,64,20,65521,50,65476,0,300,0,0,8,20529,65476,0,0,26214,60.0,0.0,0.0,0.0,0.0,0.0
2026-05-17T16:37:16,ERR,ERR,ERR,ERR,ERR,ERR,ERR,ERR,ERR,ERR,ERR,ERR,ERR,ERR,ERR,ERR,ERR,ERR,ERR,ERR,ERR,ERR,ERR,ERR,ERR,ERR,ERR,ERR,ERR,ERR,ERR,ERR,ERR,ERR,ERR,ERR,ERR,ERR,ERR,ERR,ERR,ERR,ERR,ERR,ERR,ERR,ERR,ERR,ERR,ERR,ERR,ERR,ERR,ERR,ERR,ERR,ERR,ERR,ERR,ERR,ERR,ERR,ERR,ERR,ERR,ERR,ERR,ERR,ERR,ERR,ERR,ERR,ERR,ERR,ERR,ERR,ERR,ERR,ERR,ERR,ERR,ERR,ERR,ERR,ERR,ERR,ERR,ERR,ERR,ERR,ERR,ERR,ERR,ERR,ERR,ERR,ERR,ERR,ERR,ERR,ERR,ERR,ERR,ERR,ERR,ERR,ERR,ERR,ERR,ERR,ERR,ERR,ERR,ERR,ERR,ERR,ERR,ERR,ERR,ERR,ERR,ERR,ERR,ERR,ERR,0.0,0.0,-134474944.0,0.0,0.0,1.3936040501711995e+18,7.805,0.0,0,0,4,0,8422,0.0,45,0.0,0.0,0.0,0.0,0.0,0,0,0,0,0.0,0,0,0,0,0,0,0,0,0,0,0,0,0,0,0,0,0,0,0,0,0,0,0,0,0,0,0,0,0,0,0,0,0,38,14,7,45,65476,0,300,0,0,8,21553,0.0,-107605600.0,0.0,0.0,0.0,0.0,0.0,0.0,0.0,0.0,0.0,0.0,0.0,0.0,0.0,0.0,0.0,0.0,0.0,0.0,0.0,0.0,0.0,0.0,-0.0,2.004,0.0,0.0,0.0,0.0,5046.0,-2.422988192762658e+24,0.0,0.0,-107615288.0,0.0,-107615304.0,0.0,0.0,0.0,0.0,53,-0.0,0.0,0.0,0.0,0.0,0.0,0.0,0.0,0.0,0,0,0,0.0,0.0,0.0,0.0,0.0,0.0,0.0,0.0,0.0,0.0,0.0,0.0,0.0,0.0,0.0,0.0,0,-107875648.0,53,0.0,106,-107614832.0,2.7006707062415038e+23,ERR,ERR,ERR,ERR,ERR,ERR,ERR,ERR,ERR,ERR,ERR,ERR,ERR,ERR,ERR,ERR,ERR,ERR,ERR,ERR,ERR,ERR,ERR,ERR,ERR,ERR,ERR,ERR,ERR,ERR,ERR,ERR,ERR,ERR,ERR,ERR,ERR,ERR,ERR,ERR,ERR,ERR,ERR,ERR,ERR,ERR,ERR,ERR,ERR,ERR,ERR,ERR,ERR,ERR,ERR,ERR,ERR,ERR,ERR,ERR,ERR,ERR,ERR,ERR,ERR,ERR,ERR,50.0,60.0,100,0.0,0.0,0.0,0.0,0.0,0.0,0.0,0.0,0.0,0.0,0.0,0.0,0.0,0.0,0.0,0.0,62.0,64,20,65521,50,65476,0,300,0,0,8,20529,65476,0,0,26214,60.0,0.0,0.0,0.0,0.0,0.0
2026-05-17T16:37:17,ERR,ERR,ERR,ERR,ERR,ERR,ERR,ERR,ERR,ERR,ERR,ERR,ERR,ERR,ERR,ERR,ERR,ERR,ERR,ERR,ERR,ERR,ERR,ERR,ERR,ERR,ERR,ERR,ERR,ERR,ERR,ERR,ERR,ERR,ERR,ERR,ERR,ERR,ERR,ERR,ERR,ERR,ERR,ERR,ERR,ERR,ERR,ERR,ERR,ERR,ERR,ERR,ERR,ERR,ERR,ERR,ERR,ERR,ERR,ERR,ERR,ERR,ERR,ERR,ERR,ERR,ERR,ERR,ERR,ERR,ERR,ERR,ERR,ERR,ERR,ERR,ERR,ERR,ERR,ERR,ERR,ERR,ERR,ERR,ERR,ERR,ERR,ERR,ERR,ERR,ERR,ERR,ERR,ERR,ERR,ERR,ERR,ERR,ERR,ERR,ERR,ERR,ERR,ERR,ERR,ERR,ERR,ERR,ERR,ERR,ERR,ERR,ERR,ERR,ERR,ERR,ERR,ERR,ERR,ERR,ERR,ERR,ERR,ERR,ERR,0.0,0.0,-134474944.0,0.0,0.0,1.3936040501711995e+18,7.805,0.0,0,0,4,0,8422,0.0,45,0.0,0.0,0.0,0.0,0.0,0,0,0,0,0.0,0,0,0,0,0,0,0,0,0,0,0,0,0,0,0,0,0,0,0,0,0,0,0,0,0,0,0,0,0,0,0,0,0,38,14,7,45,65476,0,300,0,0,8,21553,0.0,-107605600.0,0.0,0.0,0.0,0.0,0.0,0.0,0.0,0.0,0.0,0.0,0.0,0.0,0.0,0.0,0.0,0.0,0.0,0.0,0.0,0.0,0.0,0.0,-0.0,2.004,0.0,0.0,0.0,0.0,5046.0,-2.422988192762658e+24,0.0,0.0,-107615288.0,0.0,-107615304.0,0.0,0.0,0.0,0.0,53,-0.0,0.0,0.0,0.0,0.0,0.0,0.0,0.0,0.0,0,0,0,0.0,0.0,0.0,0.0,0.0,0.0,0.0,0.0,0.0,0.0,0.0,0.0,0.0,0.0,0.0,0.0,0,-107875648.0,53,0.0,106,-107614832.0,2.7006707062415038e+23,ERR,ERR,ERR,ERR,ERR,ERR,ERR,ERR,ERR,ERR,ERR,ERR,ERR,ERR,ERR,ERR,ERR,ERR,ERR,ERR,ERR,ERR,ERR,ERR,ERR,ERR,ERR,ERR,ERR,ERR,ERR,ERR,ERR,ERR,ERR,ERR,ERR,ERR,ERR,ERR,ERR,ERR,ERR,ERR,ERR,ERR,ERR,ERR,ERR,ERR,ERR,ERR,ERR,ERR,ERR,ERR,ERR,ERR,ERR,ERR,ERR,ERR,ERR,ERR,ERR,ERR,ERR,50.0,60.0,100,0.0,0.0,0.0,0.0,0.0,0.0,0.0,0.0,0.0,0.0,0.0,0.0,0.0,0.0,0.0,0.0,61.6,64,20,65521,50,65476,0,300,0,0,8,20529,65476,0,0,26214,60.0,0.0,0.0,0.0,0.0,0.0
2026-05-17T16:37:18,ERR,ERR,ERR,ERR,ERR,ERR,ERR,ERR,ERR,ERR,ERR,ERR,ERR,ERR,ERR,ERR,ERR,ERR,ERR,ERR,ERR,ERR,ERR,ERR,ERR,ERR,ERR,ERR,ERR,ERR,ERR,ERR,ERR,ERR,ERR,ERR,ERR,ERR,ERR,ERR,ERR,ERR,ERR,ERR,ERR,ERR,ERR,ERR,ERR,ERR,ERR,ERR,ERR,ERR,ERR,ERR,ERR,ERR,ERR,ERR,ERR,ERR,ERR,ERR,ERR,ERR,ERR,ERR,ERR,ERR,ERR,ERR,ERR,ERR,ERR,ERR,ERR,ERR,ERR,ERR,ERR,ERR,ERR,ERR,ERR,ERR,ERR,ERR,ERR,ERR,ERR,ERR,ERR,ERR,ERR,ERR,ERR,ERR,ERR,ERR,ERR,ERR,ERR,ERR,ERR,ERR,ERR,ERR,ERR,ERR,ERR,ERR,ERR,ERR,ERR,ERR,ERR,ERR,ERR,ERR,ERR,ERR,ERR,ERR,ERR,0.0,0.0,-134474944.0,0.0,0.0,1.3936040501711995e+18,7.805,0.0,0,0,4,0,8422,0.0,45,0.0,0.0,0.0,0.0,0.0,0,0,0,0,0.0,0,0,0,0,0,0,0,0,0,0,0,0,0,0,0,0,0,0,0,0,0,0,0,0,0,0,0,0,0,0,0,0,0,38,14,7,45,65476,0,300,0,0,8,21553,0.0,-107605600.0,0.0,0.0,0.0,0.0,0.0,0.0,0.0,0.0,0.0,0.0,0.0,0.0,0.0,0.0,0.0,0.0,0.0,0.0,0.0,0.0,0.0,0.0,-2.004,2.004,0.0,0.0,0.0,0.0,5039.0,-2.004,0.0,0.0,0.0,0.0,-107615304.0,0.0,0.0,0.0,0.0,53,2.3088403658719416e+20,-3.222003136178649e+26,0.0,0.0,0.0,0.0,0.0,0.0,0.0,0,0,0,0.0,0.0,0.0,0.0,0.0,0.0,0.0,0.0,0.0,0.0,0.0,0.0,0.0,0.0,0.0,0.0,0,-107875648.0,53,0.0,106,-107614832.0,2.7006707062415038e+23,ERR,ERR,ERR,ERR,ERR,ERR,ERR,ERR,ERR,ERR,ERR,ERR,ERR,ERR,ERR,ERR,ERR,ERR,ERR,ERR,ERR,ERR,ERR,ERR,ERR,ERR,ERR,ERR,ERR,ERR,ERR,ERR,ERR,ERR,ERR,ERR,ERR,ERR,ERR,ERR,ERR,ERR,ERR,ERR,ERR,ERR,ERR,ERR,ERR,ERR,ERR,ERR,ERR,ERR,ERR,ERR,ERR,ERR,ERR,ERR,ERR,ERR,ERR,ERR,ERR,ERR,ERR,50.0,60.0,100,0.0,0.0,0.0,0.0,0.0,0.0,0.0,0.0,0.0,0.0,0.0,0.0,0.0,0.0,0.0,0.0,61.6,64,20,65521,50,65476,0,300,0,0,8,20529,65476,0,0,26214,60.0,0.0,0.0,0.0,0.0,0.0
2026-05-17T16:37:19,ERR,ERR,ERR,ERR,ERR,ERR,ERR,ERR,ERR,ERR,ERR,ERR,ERR,ERR,ERR,ERR,ERR,ERR,ERR,ERR,ERR,ERR,ERR,ERR,ERR,ERR,ERR,ERR,ERR,ERR,ERR,ERR,ERR,ERR,ERR,ERR,ERR,ERR,ERR,ERR,ERR,ERR,ERR,ERR,ERR,ERR,ERR,ERR,ERR,ERR,ERR,ERR,ERR,ERR,ERR,ERR,ERR,ERR,ERR,ERR,ERR,ERR,ERR,ERR,ERR,ERR,ERR,ERR,ERR,ERR,ERR,ERR,ERR,ERR,ERR,ERR,ERR,ERR,ERR,ERR,ERR,ERR,ERR,ERR,ERR,ERR,ERR,ERR,ERR,ERR,ERR,ERR,ERR,ERR,ERR,ERR,ERR,ERR,ERR,ERR,ERR,ERR,ERR,ERR,ERR,ERR,ERR,ERR,ERR,ERR,ERR,ERR,ERR,ERR,ERR,ERR,ERR,ERR,ERR,ERR,ERR,ERR,ERR,ERR,ERR,0.0,0.0,-134474944.0,0.0,0.0,1.3936040501711995e+18,7.805,0.0,0,0,4,0,8422,0.0,45,0.0,0.0,0.0,0.0,0.0,0,0,0,0,0.0,0,0,0,0,0,0,0,0,0,0,0,0,0,0,0,0,0,0,0,0,0,0,0,0,0,0,0,0,0,0,0,0,0,38,14,7,45,65476,0,300,0,0,8,21553,0.0,-107605600.0,0.0,0.0,0.0,0.0,0.0,0.0,0.0,0.0,0.0,0.0,0.0,0.0,0.0,0.0,0.0,0.0,0.0,0.0,0.0,0.0,0.0,0.0,-2.004,2.004,0.0,0.0,0.0,0.0,5039.0,-2.004,0.0,0.0,0.0,0.0,-107615304.0,0.0,0.0,0.0,0.0,53,2.3088403658719416e+20,-3.222003136178649e+26,0.0,0.0,0.0,0.0,0.0,0.0,0.0,0,0,0,0.0,0.0,0.0,0.0,0.0,0.0,0.0,0.0,0.0,0.0,0.0,0.0,0.0,0.0,0.0,0.0,0,-107875648.0,53,0.0,106,-107614832.0,2.7006707062415038e+23,ERR,ERR,ERR,ERR,ERR,ERR,ERR,ERR,ERR,ERR,ERR,ERR,ERR,ERR,ERR,ERR,ERR,ERR,ERR,ERR,ERR,ERR,ERR,ERR,ERR,ERR,ERR,ERR,ERR,ERR,ERR,ERR,ERR,ERR,ERR,ERR,ERR,ERR,ERR,ERR,ERR,ERR,ERR,ERR,ERR,ERR,ERR,ERR,ERR,ERR,ERR,ERR,ERR,ERR,ERR,ERR,ERR,ERR,ERR,ERR,ERR,ERR,ERR,ERR,ERR,ERR,ERR,50.0,60.0,100,0.0,0.0,0.0,0.0,0.0,0.0,0.0,0.0,0.0,0.0,0.0,0.0,0.0,0.0,0.0,0.0,61.6,64,20,65521,50,65476,0,300,0,0,8,20529,65476,0,0,26214,60.0,0.0,0.0,0.0,0.0,0.0
2026-05-17T16:37:20,ERR,ERR,ERR,ERR,ERR,ERR,ERR,ERR,ERR,ERR,ERR,ERR,ERR,ERR,ERR,ERR,ERR,ERR,ERR,ERR,ERR,ERR,ERR,ERR,ERR,ERR,ERR,ERR,ERR,ERR,ERR,ERR,ERR,ERR,ERR,ERR,ERR,ERR,ERR,ERR,ERR,ERR,ERR,ERR,ERR,ERR,ERR,ERR,ERR,ERR,ERR,ERR,ERR,ERR,ERR,ERR,ERR,ERR,ERR,ERR,ERR,ERR,ERR,ERR,ERR,ERR,ERR,ERR,ERR,ERR,ERR,ERR,ERR,ERR,ERR,ERR,ERR,ERR,ERR,ERR,ERR,ERR,ERR,ERR,ERR,ERR,ERR,ERR,ERR,ERR,ERR,ERR,ERR,ERR,ERR,ERR,ERR,ERR,ERR,ERR,ERR,ERR,ERR,ERR,ERR,ERR,ERR,ERR,ERR,ERR,ERR,ERR,ERR,ERR,ERR,ERR,ERR,ERR,ERR,ERR,ERR,ERR,ERR,ERR,ERR,0.0,0.0,-134474944.0,0.0,0.0,1.3936040501711995e+18,7.805,0.0,0,0,4,0,8422,0.0,45,0.0,0.0,0.0,0.0,0.0,0,0,0,0,0.0,0,0,0,0,0,0,0,0,0,0,0,0,0,0,0,0,0,0,0,0,0,0,0,0,0,0,0,0,0,0,0,0,0,38,14,7,45,65476,0,300,0,0,8,21553,0.0,-107605600.0,0.0,0.0,0.0,0.0,0.0,0.0,0.0,0.0,0.0,0.0,0.0,0.0,0.0,0.0,0.0,0.0,0.0,0.0,0.0,0.0,0.0,0.0,-2.004,2.004,0.0,0.0,0.0,0.0,5039.0,-2.004,0.0,0.0,0.0,0.0,-107615304.0,0.0,0.0,0.0,0.0,53,2.3088403658719416e+20,-3.222003136178649e+26,0.0,0.0,0.0,0.0,0.0,0.0,0.0,0,0,0,0.0,0.0,0.0,0.0,0.0,0.0,0.0,0.0,0.0,0.0,0.0,0.0,0.0,0.0,0.0,0.0,0,-107875648.0,53,0.0,106,-107614832.0,2.7006707062415038e+23,ERR,ERR,ERR,ERR,ERR,ERR,ERR,ERR,ERR,ERR,ERR,ERR,ERR,ERR,ERR,ERR,ERR,ERR,ERR,ERR,ERR,ERR,ERR,ERR,ERR,ERR,ERR,ERR,ERR,ERR,ERR,ERR,ERR,ERR,ERR,ERR,ERR,ERR,ERR,ERR,ERR,ERR,ERR,ERR,ERR,ERR,ERR,ERR,ERR,ERR,ERR,ERR,ERR,ERR,ERR,ERR,ERR,ERR,ERR,ERR,ERR,ERR,ERR,ERR,ERR,ERR,ERR,50.0,60.0,100,0.0,0.0,0.0,0.0,0.0,0.0,0.0,0.0,0.0,0.0,0.0,0.0,0.0,0.0,0.0,0.0,61.6,64,20,65521,50,65476,0,300,0,0,8,20529,65476,0,0,26214,60.0,0.0,0.0,0.0,0.0,0.0
2026-05-17T16:37:21,ERR,ERR,ERR,ERR,ERR,ERR,ERR,ERR,ERR,ERR,ERR,ERR,ERR,ERR,ERR,ERR,ERR,ERR,ERR,ERR,ERR,ERR,ERR,ERR,ERR,ERR,ERR,ERR,ERR,ERR,ERR,ERR,ERR,ERR,ERR,ERR,ERR,ERR,ERR,ERR,ERR,ERR,ERR,ERR,ERR,ERR,ERR,ERR,ERR,ERR,ERR,ERR,ERR,ERR,ERR,ERR,ERR,ERR,ERR,ERR,ERR,ERR,ERR,ERR,ERR,ERR,ERR,ERR,ERR,ERR,ERR,ERR,ERR,ERR,ERR,ERR,ERR,ERR,ERR,ERR,ERR,ERR,ERR,ERR,ERR,ERR,ERR,ERR,ERR,ERR,ERR,ERR,ERR,ERR,ERR,ERR,ERR,ERR,ERR,ERR,ERR,ERR,ERR,ERR,ERR,ERR,ERR,ERR,ERR,ERR,ERR,ERR,ERR,ERR,ERR,ERR,ERR,ERR,ERR,ERR,ERR,ERR,ERR,ERR,ERR,0.0,0.0,-134474944.0,0.0,0.0,1.3936040501711995e+18,7.805,0.0,0,0,4,0,8422,0.0,45,0.0,0.0,0.0,0.0,0.0,0,0,0,0,0.0,0,0,0,0,0,0,0,0,0,0,0,0,0,0,0,0,0,0,0,0,0,0,0,0,0,0,0,0,0,0,0,0,0,38,14,7,45,65476,0,300,0,0,8,21553,0.0,-107605600.0,0.0,0.0,0.0,0.0,0.0,0.0,0.0,0.0,0.0,0.0,0.0,0.0,0.0,0.0,0.0,0.0,0.0,0.0,0.0,0.0,0.0,0.0,-2.004,2.004,0.0,0.0,0.0,0.0,5039.0,-2.004,0.0,0.0,0.0,0.0,-107615304.0,0.0,0.0,0.0,0.0,53,2.3088403658719416e+20,-3.222003136178649e+26,0.0,0.0,0.0,0.0,0.0,0.0,0.0,0,0,0,0.0,0.0,0.0,0.0,0.0,0.0,0.0,0.0,0.0,0.0,0.0,0.0,0.0,0.0,0.0,0.0,0,-107875648.0,53,0.0,106,-107614832.0,2.7006707062415038e+23,ERR,ERR,ERR,ERR,ERR,ERR,ERR,ERR,ERR,ERR,ERR,ERR,ERR,ERR,ERR,ERR,ERR,ERR,ERR,ERR,ERR,ERR,ERR,ERR,ERR,ERR,ERR,ERR,ERR,ERR,ERR,ERR,ERR,ERR,ERR,ERR,ERR,ERR,ERR,ERR,ERR,ERR,ERR,ERR,ERR,ERR,ERR,ERR,ERR,ERR,ERR,ERR,ERR,ERR,ERR,ERR,ERR,ERR,ERR,ERR,ERR,ERR,ERR,ERR,ERR,ERR,ERR,50.0,60.0,100,0.0,0.0,0.0,0.0,0.0,0.0,0.0,0.0,0.0,0.0,0.0,0.0,0.0,0.0,0.0,0.0,61.6,64,20,65521,50,65476,0,300,0,0,8,20529,65476,0,0,26214,60.0,0.0,0.0,0.0,0.0,0.0
2026-05-17T16:37:22,ERR,ERR,ERR,ERR,ERR,ERR,ERR,ERR,ERR,ERR,ERR,ERR,ERR,ERR,ERR,ERR,ERR,ERR,ERR,ERR,ERR,ERR,ERR,ERR,ERR,ERR,ERR,ERR,ERR,ERR,ERR,ERR,ERR,ERR,ERR,ERR,ERR,ERR,ERR,ERR,ERR,ERR,ERR,ERR,ERR,ERR,ERR,ERR,ERR,ERR,ERR,ERR,ERR,ERR,ERR,ERR,ERR,ERR,ERR,ERR,ERR,ERR,ERR,ERR,ERR,ERR,ERR,ERR,ERR,ERR,ERR,ERR,ERR,ERR,ERR,ERR,ERR,ERR,ERR,ERR,ERR,ERR,ERR,ERR,ERR,ERR,ERR,ERR,ERR,ERR,ERR,ERR,ERR,ERR,ERR,ERR,ERR,ERR,ERR,ERR,ERR,ERR,ERR,ERR,ERR,ERR,ERR,ERR,ERR,ERR,ERR,ERR,ERR,ERR,ERR,ERR,ERR,ERR,ERR,ERR,ERR,ERR,ERR,ERR,ERR,0.0,0.0,-134474944.0,0.0,0.0,1.3936040501711995e+18,7.805,0.0,0,0,4,0,8422,0.0,45,0.0,0.0,0.0,0.0,0.0,0,0,0,0,0.0,0,0,0,0,0,0,0,0,0,0,0,0,0,0,0,0,0,0,0,0,0,0,0,0,0,0,0,0,0,0,0,0,0,38,14,7,45,65476,0,300,0,0,8,21553,0.0,-107605600.0,0.0,0.0,0.0,0.0,0.0,0.0,0.0,0.0,0.0,0.0,0.0,0.0,0.0,0.0,0.0,0.0,0.0,0.0,0.0,0.0,0.0,0.0,-2.004,2.004,0.0,0.0,0.0,0.0,5039.0,-2.004,0.0,0.0,0.0,0.0,-107615304.0,0.0,0.0,0.0,0.0,53,2.3088403658719416e+20,-3.222003136178649e+26,0.0,0.0,0.0,0.0,0.0,0.0,0.0,0,0,0,0.0,0.0,0.0,0.0,0.0,0.0,0.0,0.0,0.0,0.0,0.0,0.0,0.0,0.0,0.0,0.0,0,-107875648.0,53,0.0,106,-107614832.0,2.7006707062415038e+23,ERR,ERR,ERR,ERR,ERR,ERR,ERR,ERR,ERR,ERR,ERR,ERR,ERR,ERR,ERR,ERR,ERR,ERR,ERR,ERR,ERR,ERR,ERR,ERR,ERR,ERR,ERR,ERR,ERR,ERR,ERR,ERR,ERR,ERR,ERR,ERR,ERR,ERR,ERR,ERR,ERR,ERR,ERR,ERR,ERR,ERR,ERR,ERR,ERR,ERR,ERR,ERR,ERR,ERR,ERR,ERR,ERR,ERR,ERR,ERR,ERR,ERR,ERR,ERR,ERR,ERR,ERR,50.0,60.0,100,0.0,0.0,0.0,0.0,0.0,0.0,0.0,0.0,0.0,0.0,0.0,0.0,0.0,0.0,0.0,0.0,62.0,64,20,65521,50,65476,0,300,0,0,8,20529,65476,0,0,26214,60.0,0.0,0.0,0.0,0.0,0.0
2026-05-17T16:37:23,ERR,ERR,ERR,ERR,ERR,ERR,ERR,ERR,ERR,ERR,ERR,ERR,ERR,ERR,ERR,ERR,ERR,ERR,ERR,ERR,ERR,ERR,ERR,ERR,ERR,ERR,ERR,ERR,ERR,ERR,ERR,ERR,ERR,ERR,ERR,ERR,ERR,ERR,ERR,ERR,ERR,ERR,ERR,ERR,ERR,ERR,ERR,ERR,ERR,ERR,ERR,ERR,ERR,ERR,ERR,ERR,ERR,ERR,ERR,ERR,ERR,ERR,ERR,ERR,ERR,ERR,ERR,ERR,ERR,ERR,ERR,ERR,ERR,ERR,ERR,ERR,ERR,ERR,ERR,ERR,ERR,ERR,ERR,ERR,ERR,ERR,ERR,ERR,ERR,ERR,ERR,ERR,ERR,ERR,ERR,ERR,ERR,ERR,ERR,ERR,ERR,ERR,ERR,ERR,ERR,ERR,ERR,ERR,ERR,ERR,ERR,ERR,ERR,ERR,ERR,ERR,ERR,ERR,ERR,ERR,ERR,ERR,ERR,ERR,ERR,0.0,0.0,-134474944.0,0.0,0.0,1.3936040501711995e+18,7.805,0.0,0,0,4,0,8422,0.0,45,0.0,0.0,0.0,0.0,0.0,0,0,0,0,0.0,0,0,0,0,0,0,0,0,0,0,0,0,0,0,0,0,0,0,0,0,0,0,0,0,0,0,0,0,0,0,0,0,0,38,14,7,45,65476,0,300,0,0,8,21553,0.0,-107605600.0,0.0,0.0,0.0,0.0,0.0,0.0,0.0,0.0,0.0,0.0,0.0,0.0,0.0,0.0,0.0,0.0,0.0,0.0,0.0,0.0,0.0,0.0,-2.004,0.0,0.0,0.0,0.0,0.0,5045.0,-1.040665504650976e+34,0.0,0.0,0.0,0.0,-107615304.0,0.0,0.0,0.0,0.0,53,-0.0,0.0,0.0,0.0,0.0,0.0,0.0,0.0,0.0,0,0,0,0.0,0.0,0.0,0.0,0.0,0.0,0.0,0.0,0.0,0.0,0.0,0.0,0.0,0.0,0.0,0.0,0,-107875648.0,53,0.0,106,-107614832.0,2.7006707062415038e+23,ERR,ERR,ERR,ERR,ERR,ERR,ERR,ERR,ERR,ERR,ERR,ERR,ERR,ERR,ERR,ERR,ERR,ERR,ERR,ERR,ERR,ERR,ERR,ERR,ERR,ERR,ERR,ERR,ERR,ERR,ERR,ERR,ERR,ERR,ERR,ERR,ERR,ERR,ERR,ERR,ERR,ERR,ERR,ERR,ERR,ERR,ERR,ERR,ERR,ERR,ERR,ERR,ERR,ERR,ERR,ERR,ERR,ERR,ERR,ERR,ERR,ERR,ERR,ERR,ERR,ERR,ERR,50.0,60.0,100,0.0,0.0,0.0,0.0,0.0,0.0,0.0,0.0,0.0,0.0,0.0,0.0,0.0,0.0,0.0,0.0,62.0,64,20,65521,50,65476,0,300,0,0,8,20529,65476,0,0,26214,60.0,0.0,0.0,0.0,0.0,0.0
2026-05-17T16:37:24,ERR,ERR,ERR,ERR,ERR,ERR,ERR,ERR,ERR,ERR,ERR,ERR,ERR,ERR,ERR,ERR,ERR,ERR,ERR,ERR,ERR,ERR,ERR,ERR,ERR,ERR,ERR,ERR,ERR,ERR,ERR,ERR,ERR,ERR,ERR,ERR,ERR,ERR,ERR,ERR,ERR,ERR,ERR,ERR,ERR,ERR,ERR,ERR,ERR,ERR,ERR,ERR,ERR,ERR,ERR,ERR,ERR,ERR,ERR,ERR,ERR,ERR,ERR,ERR,ERR,ERR,ERR,ERR,ERR,ERR,ERR,ERR,ERR,ERR,ERR,ERR,ERR,ERR,ERR,ERR,ERR,ERR,ERR,ERR,ERR,ERR,ERR,ERR,ERR,ERR,ERR,ERR,ERR,ERR,ERR,ERR,ERR,ERR,ERR,ERR,ERR,ERR,ERR,ERR,ERR,ERR,ERR,ERR,ERR,ERR,ERR,ERR,ERR,ERR,ERR,ERR,ERR,ERR,ERR,ERR,ERR,ERR,ERR,ERR,ERR,0.0,0.0,-134474944.0,0.0,0.0,1.3936040501711995e+18,7.805,0.0,0,0,4,0,8422,0.0,45,0.0,0.0,0.0,0.0,0.0,0,0,0,0,0.0,0,0,0,0,0,0,0,0,0,0,0,0,0,0,0,0,0,0,0,0,0,0,0,0,0,0,0,0,0,0,0,0,0,38,14,7,45,65476,0,300,0,0,8,21553,0.0,-107605600.0,0.0,0.0,0.0,0.0,0.0,0.0,0.0,0.0,0.0,0.0,0.0,0.0,0.0,0.0,0.0,0.0,0.0,0.0,0.0,0.0,0.0,0.0,-2.004,0.0,0.0,0.0,0.0,0.0,5045.0,-1.040665504650976e+34,0.0,0.0,0.0,0.0,-107615304.0,0.0,0.0,0.0,0.0,53,-0.0,0.0,0.0,0.0,0.0,0.0,0.0,0.0,0.0,0,0,0,0.0,0.0,0.0,0.0,0.0,0.0,0.0,0.0,0.0,0.0,0.0,0.0,0.0,0.0,0.0,0.0,0,-107875648.0,53,0.0,106,-107614832.0,2.7006707062415038e+23,ERR,ERR,ERR,ERR,ERR,ERR,ERR,ERR,ERR,ERR,ERR,ERR,ERR,ERR,ERR,ERR,ERR,ERR,ERR,ERR,ERR,ERR,ERR,ERR,ERR,ERR,ERR,ERR,ERR,ERR,ERR,ERR,ERR,ERR,ERR,ERR,ERR,ERR,ERR,ERR,ERR,ERR,ERR,ERR,ERR,ERR,ERR,ERR,ERR,ERR,ERR,ERR,ERR,ERR,ERR,ERR,ERR,ERR,ERR,ERR,ERR,ERR,ERR,ERR,ERR,ERR,ERR,50.0,60.0,100,0.0,0.0,0.0,0.0,0.0,0.0,0.0,0.0,0.0,0.0,0.0,0.0,0.0,0.0,0.0,0.0,62.0,64,20,65521,50,65476,0,300,0,0,8,20529,65476,0,0,26214,60.0,0.0,0.0,0.0,0.0,0.0
2026-05-17T16:37:25,ERR,ERR,ERR,ERR,ERR,ERR,ERR,ERR,ERR,ERR,ERR,ERR,ERR,ERR,ERR,ERR,ERR,ERR,ERR,ERR,ERR,ERR,ERR,ERR,ERR,ERR,ERR,ERR,ERR,ERR,ERR,ERR,ERR,ERR,ERR,ERR,ERR,ERR,ERR,ERR,ERR,ERR,ERR,ERR,ERR,ERR,ERR,ERR,ERR,ERR,ERR,ERR,ERR,ERR,ERR,ERR,ERR,ERR,ERR,ERR,ERR,ERR,ERR,ERR,ERR,ERR,ERR,ERR,ERR,ERR,ERR,ERR,ERR,ERR,ERR,ERR,ERR,ERR,ERR,ERR,ERR,ERR,ERR,ERR,ERR,ERR,ERR,ERR,ERR,ERR,ERR,ERR,ERR,ERR,ERR,ERR,ERR,ERR,ERR,ERR,ERR,ERR,ERR,ERR,ERR,ERR,ERR,ERR,ERR,ERR,ERR,ERR,ERR,ERR,ERR,ERR,ERR,ERR,ERR,ERR,ERR,ERR,ERR,ERR,ERR,0.0,0.0,-134474944.0,0.0,0.0,1.3936040501711995e+18,7.805,0.0,0,0,4,0,8422,0.0,45,0.0,0.0,0.0,0.0,0.0,0,0,0,0,0.0,0,0,0,0,0,0,0,0,0,0,0,0,0,0,0,0,0,0,0,0,0,0,0,0,0,0,0,0,0,0,0,0,0,38,14,7,45,65476,0,300,0,0,8,21553,0.0,-107605600.0,0.0,0.0,0.0,0.0,0.0,0.0,0.0,0.0,0.0,0.0,0.0,0.0,0.0,0.0,0.0,0.0,0.0,0.0,0.0,0.0,0.0,0.0,-2.004,0.0,0.0,0.0,0.0,0.0,5045.0,-1.040665504650976e+34,0.0,0.0,0.0,0.0,-107615304.0,0.0,0.0,0.0,0.0,53,-0.0,0.0,0.0,0.0,0.0,0.0,0.0,0.0,0.0,0,0,0,0.0,0.0,0.0,0.0,0.0,0.0,0.0,0.0,0.0,0.0,0.0,0.0,0.0,0.0,0.0,0.0,0,-107875648.0,53,0.0,106,-107614832.0,2.7006707062415038e+23,ERR,ERR,ERR,ERR,ERR,ERR,ERR,ERR,ERR,ERR,ERR,ERR,ERR,ERR,ERR,ERR,ERR,ERR,ERR,ERR,ERR,ERR,ERR,ERR,ERR,ERR,ERR,ERR,ERR,ERR,ERR,ERR,ERR,ERR,ERR,ERR,ERR,ERR,ERR,ERR,ERR,ERR,ERR,ERR,ERR,ERR,ERR,ERR,ERR,ERR,ERR,ERR,ERR,ERR,ERR,ERR,ERR,ERR,ERR,ERR,ERR,ERR,ERR,ERR,ERR,ERR,ERR,50.0,60.0,100,0.0,0.0,0.0,0.0,0.0,0.0,0.0,0.0,0.0,0.0,0.0,0.0,0.0,0.0,0.0,0.0,61.6,64,20,65521,50,65476,0,300,0,0,8,20529,65476,0,0,26214,60.0,0.0,0.0,0.0,0.0,0.0
2026-05-17T16:37:26,ERR,ERR,ERR,ERR,ERR,ERR,ERR,ERR,ERR,ERR,ERR,ERR,ERR,ERR,ERR,ERR,ERR,ERR,ERR,ERR,ERR,ERR,ERR,ERR,ERR,ERR,ERR,ERR,ERR,ERR,ERR,ERR,ERR,ERR,ERR,ERR,ERR,ERR,ERR,ERR,ERR,ERR,ERR,ERR,ERR,ERR,ERR,ERR,ERR,ERR,ERR,ERR,ERR,ERR,ERR,ERR,ERR,ERR,ERR,ERR,ERR,ERR,ERR,ERR,ERR,ERR,ERR,ERR,ERR,ERR,ERR,ERR,ERR,ERR,ERR,ERR,ERR,ERR,ERR,ERR,ERR,ERR,ERR,ERR,ERR,ERR,ERR,ERR,ERR,ERR,ERR,ERR,ERR,ERR,ERR,ERR,ERR,ERR,ERR,ERR,ERR,ERR,ERR,ERR,ERR,ERR,ERR,ERR,ERR,ERR,ERR,ERR,ERR,ERR,ERR,ERR,ERR,ERR,ERR,ERR,ERR,ERR,ERR,ERR,ERR,0.0,0.0,-134474944.0,0.0,0.0,1.3936040501711995e+18,7.805,0.0,0,0,4,0,8422,0.0,45,0.0,0.0,0.0,0.0,0.0,0,0,0,0,0.0,0,0,0,0,0,0,0,0,0,0,0,0,0,0,0,0,0,0,0,0,0,0,0,0,0,0,0,0,0,0,0,0,0,38,14,7,45,65476,0,300,0,0,8,21553,0.0,-107605600.0,0.0,0.0,0.0,0.0,0.0,0.0,0.0,0.0,0.0,0.0,0.0,0.0,0.0,0.0,0.0,0.0,0.0,0.0,0.0,0.0,0.0,0.0,-2.004,0.0,0.0,0.0,0.0,0.0,5045.0,-1.040665504650976e+34,0.0,0.0,0.0,0.0,-107615304.0,0.0,0.0,0.0,0.0,53,-0.0,0.0,0.0,0.0,0.0,0.0,0.0,0.0,0.0,0,0,0,0.0,0.0,0.0,0.0,0.0,0.0,0.0,0.0,0.0,0.0,0.0,0.0,0.0,0.0,0.0,0.0,0,-107875648.0,53,0.0,106,-107614832.0,2.7006707062415038e+23,ERR,ERR,ERR,ERR,ERR,ERR,ERR,ERR,ERR,ERR,ERR,ERR,ERR,ERR,ERR,ERR,ERR,ERR,ERR,ERR,ERR,ERR,ERR,ERR,ERR,ERR,ERR,ERR,ERR,ERR,ERR,ERR,ERR,ERR,ERR,ERR,ERR,ERR,ERR,ERR,ERR,ERR,ERR,ERR,ERR,ERR,ERR,ERR,ERR,ERR,ERR,ERR,ERR,ERR,ERR,ERR,ERR,ERR,ERR,ERR,ERR,ERR,ERR,ERR,ERR,ERR,ERR,50.0,60.0,100,0.0,0.0,0.0,0.0,0.0,0.0,0.0,0.0,0.0,0.0,0.0,0.0,0.0,0.0,0.0,0.0,61.6,64,20,65521,50,65476,0,300,0,0,8,20529,65476,0,0,26214,60.0,0.0,0.0,0.0,0.0,0.0
2026-05-17T16:37:27,ERR,ERR,ERR,ERR,ERR,ERR,ERR,ERR,ERR,ERR,ERR,ERR,ERR,ERR,ERR,ERR,ERR,ERR,ERR,ERR,ERR,ERR,ERR,ERR,ERR,ERR,ERR,ERR,ERR,ERR,ERR,ERR,ERR,ERR,ERR,ERR,ERR,ERR,ERR,ERR,ERR,ERR,ERR,ERR,ERR,ERR,ERR,ERR,ERR,ERR,ERR,ERR,ERR,ERR,ERR,ERR,ERR,ERR,ERR,ERR,ERR,ERR,ERR,ERR,ERR,ERR,ERR,ERR,ERR,ERR,ERR,ERR,ERR,ERR,ERR,ERR,ERR,ERR,ERR,ERR,ERR,ERR,ERR,ERR,ERR,ERR,ERR,ERR,ERR,ERR,ERR,ERR,ERR,ERR,ERR,ERR,ERR,ERR,ERR,ERR,ERR,ERR,ERR,ERR,ERR,ERR,ERR,ERR,ERR,ERR,ERR,ERR,ERR,ERR,ERR,ERR,ERR,ERR,ERR,ERR,ERR,ERR,ERR,ERR,ERR,0.0,0.0,-134474944.0,0.0,0.0,1.3936040501711995e+18,7.805,0.0,0,0,4,0,8422,0.0,45,0.0,0.0,0.0,0.0,0.0,0,0,0,0,0.0,0,0,0,0,0,0,0,0,0,0,0,0,0,0,0,0,0,0,0,0,0,0,0,0,0,0,0,0,0,0,0,0,0,38,14,7,45,65476,0,300,0,0,8,21553,0.0,-107605600.0,0.0,0.0,0.0,0.0,0.0,0.0,0.0,0.0,0.0,0.0,0.0,0.0,0.0,0.0,0.0,0.0,0.0,0.0,0.0,0.0,0.0,0.0,-2.004,0.0,0.0,0.0,0.0,0.0,5045.0,-1.040665504650976e+34,0.0,0.0,0.0,0.0,-107615304.0,0.0,0.0,0.0,0.0,53,-0.0,0.0,0.0,0.0,0.0,0.0,0.0,0.0,0.0,0,0,0,0.0,0.0,0.0,0.0,0.0,0.0,0.0,0.0,0.0,0.0,0.0,0.0,0.0,0.0,0.0,0.0,0,-107875648.0,53,0.0,106,-107614832.0,2.7006707062415038e+23,ERR,ERR,ERR,ERR,ERR,ERR,ERR,ERR,ERR,ERR,ERR,ERR,ERR,ERR,ERR,ERR,ERR,ERR,ERR,ERR,ERR,ERR,ERR,ERR,ERR,ERR,ERR,ERR,ERR,ERR,ERR,ERR,ERR,ERR,ERR,ERR,ERR,ERR,ERR,ERR,ERR,ERR,ERR,ERR,ERR,ERR,ERR,ERR,ERR,ERR,ERR,ERR,ERR,ERR,ERR,ERR,ERR,ERR,ERR,ERR,ERR,ERR,ERR,ERR,ERR,ERR,ERR,50.0,60.0,100,0.0,0.0,0.0,0.0,0.0,0.0,0.0,0.0,0.0,0.0,0.0,0.0,0.0,0.0,0.0,0.0,62.0,64,20,65521,50,65476,0,300,0,0,8,20529,65476,0,0,26214,60.0,0.0,0.0,0.0,0.0,0.0
2026-05-17T16:37:28,ERR,ERR,ERR,ERR,ERR,ERR,ERR,ERR,ERR,ERR,ERR,ERR,ERR,ERR,ERR,ERR,ERR,ERR,ERR,ERR,ERR,ERR,ERR,ERR,ERR,ERR,ERR,ERR,ERR,ERR,ERR,ERR,ERR,ERR,ERR,ERR,ERR,ERR,ERR,ERR,ERR,ERR,ERR,ERR,ERR,ERR,ERR,ERR,ERR,ERR,ERR,ERR,ERR,ERR,ERR,ERR,ERR,ERR,ERR,ERR,ERR,ERR,ERR,ERR,ERR,ERR,ERR,ERR,ERR,ERR,ERR,ERR,ERR,ERR,ERR,ERR,ERR,ERR,ERR,ERR,ERR,ERR,ERR,ERR,ERR,ERR,ERR,ERR,ERR,ERR,ERR,ERR,ERR,ERR,ERR,ERR,ERR,ERR,ERR,ERR,ERR,ERR,ERR,ERR,ERR,ERR,ERR,ERR,ERR,ERR,ERR,ERR,ERR,ERR,ERR,ERR,ERR,ERR,ERR,ERR,ERR,ERR,ERR,ERR,ERR,0.0,-107615288.0,-0.0,0.0,0.0,1.3936040501711995e+18,7.805,0.0,0,0,4,0,8422,0.0,45,0.0,0.0,0.0,0.0,0.0,0,0,0,0,0.0,0,0,0,0,0,0,0,0,0,0,0,0,0,0,0,0,0,0,0,0,0,0,0,0,0,0,0,0,0,0,0,0,0,38,14,7,45,65476,0,300,0,0,8,21553,0.0,-107605600.0,0.0,0.0,0.0,0.0,0.0,0.0,0.0,0.0,0.0,0.0,0.0,0.0,0.0,0.0,0.0,0.0,0.0,0.0,0.0,0.0,0.0,0.0,-2.004,0.0,0.0,0.0,0.0,0.0,5041.0,-564145900486656.0,0.0,0.0,0.0,0.0,-107615304.0,0.0,0.0,0.0,0.0,53,3.222028592685471e+26,0.0,0.0,0.0,0.0,0.0,0.0,0.0,0.0,0,0,0,0.0,0.0,0.0,0.0,0.0,0.0,0.0,0.0,0.0,0.0,0.0,0.0,0.0,0.0,0.0,0.0,0,-107875648.0,53,0.0,106,-107614832.0,2.7006707062415038e+23,ERR,ERR,ERR,ERR,ERR,ERR,ERR,ERR,ERR,ERR,ERR,ERR,ERR,ERR,ERR,ERR,ERR,ERR,ERR,ERR,ERR,ERR,ERR,ERR,ERR,ERR,ERR,ERR,ERR,ERR,ERR,ERR,ERR,ERR,ERR,ERR,ERR,ERR,ERR,ERR,ERR,ERR,ERR,ERR,ERR,ERR,ERR,ERR,ERR,ERR,ERR,ERR,ERR,ERR,ERR,ERR,ERR,ERR,ERR,ERR,ERR,ERR,ERR,ERR,ERR,ERR,ERR,50.0,60.0,100,0.0,0.0,0.0,0.0,0.0,0.0,0.0,0.0,0.0,0.0,0.0,0.0,0.0,0.0,0.0,0.0,62.0,64,20,65521,50,65476,0,300,0,0,8,20529,65476,0,0,26214,60.0,0.0,0.0,0.0,0.0,0.0
2026-05-17T16:37:29,ERR,ERR,ERR,ERR,ERR,ERR,ERR,ERR,ERR,ERR,ERR,ERR,ERR,ERR,ERR,ERR,ERR,ERR,ERR,ERR,ERR,ERR,ERR,ERR,ERR,ERR,ERR,ERR,ERR,ERR,ERR,ERR,ERR,ERR,ERR,ERR,ERR,ERR,ERR,ERR,ERR,ERR,ERR,ERR,ERR,ERR,ERR,ERR,ERR,ERR,ERR,ERR,ERR,ERR,ERR,ERR,ERR,ERR,ERR,ERR,ERR,ERR,ERR,ERR,ERR,ERR,ERR,ERR,ERR,ERR,ERR,ERR,ERR,ERR,ERR,ERR,ERR,ERR,ERR,ERR,ERR,ERR,ERR,ERR,ERR,ERR,ERR,ERR,ERR,ERR,ERR,ERR,ERR,ERR,ERR,ERR,ERR,ERR,ERR,ERR,ERR,ERR,ERR,ERR,ERR,ERR,ERR,ERR,ERR,ERR,ERR,ERR,ERR,ERR,ERR,ERR,ERR,ERR,ERR,ERR,ERR,ERR,ERR,ERR,ERR,0.0,-107615288.0,-0.0,0.0,0.0,1.3936040501711995e+18,7.805,0.0,0,0,4,0,8422,0.0,45,0.0,0.0,0.0,0.0,0.0,0,0,0,0,0.0,0,0,0,0,0,0,0,0,0,0,0,0,0,0,0,0,0,0,0,0,0,0,0,0,0,0,0,0,0,0,0,0,0,38,14,7,45,65476,0,300,0,0,8,21553,0.0,-107605600.0,0.0,0.0,0.0,0.0,0.0,0.0,0.0,0.0,0.0,0.0,0.0,0.0,0.0,0.0,0.0,0.0,0.0,0.0,0.0,0.0,0.0,0.0,-2.004,0.0,0.0,0.0,0.0,0.0,5041.0,-564145900486656.0,0.0,0.0,0.0,0.0,-107615304.0,0.0,0.0,0.0,0.0,53,3.222028592685471e+26,0.0,0.0,0.0,0.0,0.0,0.0,0.0,0.0,0,0,0,0.0,0.0,0.0,0.0,0.0,0.0,0.0,0.0,0.0,0.0,0.0,0.0,0.0,0.0,0.0,0.0,0,-107875648.0,53,0.0,106,-107614832.0,2.7006707062415038e+23,ERR,ERR,ERR,ERR,ERR,ERR,ERR,ERR,ERR,ERR,ERR,ERR,ERR,ERR,ERR,ERR,ERR,ERR,ERR,ERR,ERR,ERR,ERR,ERR,ERR,ERR,ERR,ERR,ERR,ERR,ERR,ERR,ERR,ERR,ERR,ERR,ERR,ERR,ERR,ERR,ERR,ERR,ERR,ERR,ERR,ERR,ERR,ERR,ERR,ERR,ERR,ERR,ERR,ERR,ERR,ERR,ERR,ERR,ERR,ERR,ERR,ERR,ERR,ERR,ERR,ERR,ERR,50.0,60.0,100,0.0,0.0,0.0,0.0,0.0,0.0,0.0,0.0,0.0,0.0,0.0,0.0,0.0,0.0,0.0,0.0,62.0,64,20,65521,50,65476,0,300,0,0,8,20529,65476,0,0,26214,60.0,0.0,0.0,0.0,0.0,0.0
2026-05-17T16:37:30,ERR,ERR,ERR,ERR,ERR,ERR,ERR,ERR,ERR,ERR,ERR,ERR,ERR,ERR,ERR,ERR,ERR,ERR,ERR,ERR,ERR,ERR,ERR,ERR,ERR,ERR,ERR,ERR,ERR,ERR,ERR,ERR,ERR,ERR,ERR,ERR,ERR,ERR,ERR,ERR,ERR,ERR,ERR,ERR,ERR,ERR,ERR,ERR,ERR,ERR,ERR,ERR,ERR,ERR,ERR,ERR,ERR,ERR,ERR,ERR,ERR,ERR,ERR,ERR,ERR,ERR,ERR,ERR,ERR,ERR,ERR,ERR,ERR,ERR,ERR,ERR,ERR,ERR,ERR,ERR,ERR,ERR,ERR,ERR,ERR,ERR,ERR,ERR,ERR,ERR,ERR,ERR,ERR,ERR,ERR,ERR,ERR,ERR,ERR,ERR,ERR,ERR,ERR,ERR,ERR,ERR,ERR,ERR,ERR,ERR,ERR,ERR,ERR,ERR,ERR,ERR,ERR,ERR,ERR,ERR,ERR,ERR,ERR,ERR,ERR,0.0,-107615288.0,-0.0,0.0,0.0,1.3936040501711995e+18,7.805,0.0,0,0,4,0,8422,0.0,45,0.0,0.0,0.0,0.0,0.0,0,0,0,0,0.0,0,0,0,0,0,0,0,0,0,0,0,0,0,0,0,0,0,0,0,0,0,0,0,0,0,0,0,0,0,0,0,0,0,38,14,7,45,65476,0,300,0,0,8,21553,0.0,-107605600.0,0.0,0.0,0.0,0.0,0.0,0.0,0.0,0.0,0.0,0.0,0.0,0.0,0.0,0.0,0.0,0.0,0.0,0.0,0.0,0.0,0.0,0.0,-2.004,0.0,0.0,0.0,0.0,0.0,5041.0,-564145900486656.0,0.0,0.0,0.0,0.0,-107615304.0,0.0,0.0,0.0,0.0,53,3.222028592685471e+26,0.0,0.0,0.0,0.0,0.0,0.0,0.0,0.0,0,0,0,0.0,0.0,0.0,0.0,0.0,0.0,0.0,0.0,0.0,0.0,0.0,0.0,0.0,0.0,0.0,0.0,0,-107875648.0,53,0.0,106,-107614832.0,2.7006707062415038e+23,ERR,ERR,ERR,ERR,ERR,ERR,ERR,ERR,ERR,ERR,ERR,ERR,ERR,ERR,ERR,ERR,ERR,ERR,ERR,ERR,ERR,ERR,ERR,ERR,ERR,ERR,ERR,ERR,ERR,ERR,ERR,ERR,ERR,ERR,ERR,ERR,ERR,ERR,ERR,ERR,ERR,ERR,ERR,ERR,ERR,ERR,ERR,ERR,ERR,ERR,ERR,ERR,ERR,ERR,ERR,ERR,ERR,ERR,ERR,ERR,ERR,ERR,ERR,ERR,ERR,ERR,ERR,50.0,60.0,100,0.0,0.0,0.0,0.0,0.0,0.0,0.0,0.0,0.0,0.0,0.0,0.0,0.0,0.0,0.0,0.0,62.0,64,20,65521,50,65476,0,300,0,0,8,20529,65476,0,0,26214,60.0,0.0,0.0,0.0,0.0,0.0
2026-05-17T16:37:31,ERR,ERR,ERR,ERR,ERR,ERR,ERR,ERR,ERR,ERR,ERR,ERR,ERR,ERR,ERR,ERR,ERR,ERR,ERR,ERR,ERR,ERR,ERR,ERR,ERR,ERR,ERR,ERR,ERR,ERR,ERR,ERR,ERR,ERR,ERR,ERR,ERR,ERR,ERR,ERR,ERR,ERR,ERR,ERR,ERR,ERR,ERR,ERR,ERR,ERR,ERR,ERR,ERR,ERR,ERR,ERR,ERR,ERR,ERR,ERR,ERR,ERR,ERR,ERR,ERR,ERR,ERR,ERR,ERR,ERR,ERR,ERR,ERR,ERR,ERR,ERR,ERR,ERR,ERR,ERR,ERR,ERR,ERR,ERR,ERR,ERR,ERR,ERR,ERR,ERR,ERR,ERR,ERR,ERR,ERR,ERR,ERR,ERR,ERR,ERR,ERR,ERR,ERR,ERR,ERR,ERR,ERR,ERR,ERR,ERR,ERR,ERR,ERR,ERR,ERR,ERR,ERR,ERR,ERR,ERR,ERR,ERR,ERR,ERR,ERR,0.0,-107615288.0,-0.0,0.0,0.0,1.3936040501711995e+18,7.805,0.0,0,0,4,0,8422,0.0,45,0.0,0.0,0.0,0.0,0.0,0,0,0,0,0.0,0,0,0,0,0,0,0,0,0,0,0,0,0,0,0,0,0,0,0,0,0,0,0,0,0,0,0,0,0,0,0,0,0,38,14,7,45,65476,0,300,0,0,8,21553,0.0,-107605600.0,0.0,0.0,0.0,0.0,0.0,0.0,0.0,0.0,0.0,0.0,0.0,0.0,0.0,0.0,0.0,0.0,0.0,0.0,0.0,0.0,0.0,0.0,-2.004,0.0,0.0,0.0,0.0,0.0,5041.0,-564145900486656.0,0.0,0.0,0.0,0.0,-107615304.0,0.0,0.0,0.0,0.0,53,3.222028592685471e+26,0.0,0.0,0.0,0.0,0.0,0.0,0.0,0.0,0,0,0,0.0,0.0,0.0,0.0,0.0,0.0,0.0,0.0,0.0,0.0,0.0,0.0,0.0,0.0,0.0,0.0,0,-107875648.0,53,0.0,106,-107614832.0,2.7006707062415038e+23,ERR,ERR,ERR,ERR,ERR,ERR,ERR,ERR,ERR,ERR,ERR,ERR,ERR,ERR,ERR,ERR,ERR,ERR,ERR,ERR,ERR,ERR,ERR,ERR,ERR,ERR,ERR,ERR,ERR,ERR,ERR,ERR,ERR,ERR,ERR,ERR,ERR,ERR,ERR,ERR,ERR,ERR,ERR,ERR,ERR,ERR,ERR,ERR,ERR,ERR,ERR,ERR,ERR,ERR,ERR,ERR,ERR,ERR,ERR,ERR,ERR,ERR,ERR,ERR,ERR,ERR,ERR,50.0,60.0,100,0.0,0.0,0.0,0.0,0.0,0.0,0.0,0.0,0.0,0.0,0.0,0.0,0.0,0.0,0.0,0.0,61.6,64,20,65521,50,65476,0,300,0,0,8,20529,65476,0,0,26214,60.0,0.0,0.0,0.0,0.0,0.0
2026-05-17T16:37:32,ERR,ERR,ERR,ERR,ERR,ERR,ERR,ERR,ERR,ERR,ERR,ERR,ERR,ERR,ERR,ERR,ERR,ERR,ERR,ERR,ERR,ERR,ERR,ERR,ERR,ERR,ERR,ERR,ERR,ERR,ERR,ERR,ERR,ERR,ERR,ERR,ERR,ERR,ERR,ERR,ERR,ERR,ERR,ERR,ERR,ERR,ERR,ERR,ERR,ERR,ERR,ERR,ERR,ERR,ERR,ERR,ERR,ERR,ERR,ERR,ERR,ERR,ERR,ERR,ERR,ERR,ERR,ERR,ERR,ERR,ERR,ERR,ERR,ERR,ERR,ERR,ERR,ERR,ERR,ERR,ERR,ERR,ERR,ERR,ERR,ERR,ERR,ERR,ERR,ERR,ERR,ERR,ERR,ERR,ERR,ERR,ERR,ERR,ERR,ERR,ERR,ERR,ERR,ERR,ERR,ERR,ERR,ERR,ERR,ERR,ERR,ERR,ERR,ERR,ERR,ERR,ERR,ERR,ERR,ERR,ERR,ERR,ERR,ERR,ERR,0.0,-107615288.0,-0.0,0.0,0.0,1.3936040501711995e+18,7.805,0.0,0,0,4,0,8422,0.0,45,0.0,0.0,0.0,0.0,0.0,0,0,0,0,0.0,0,0,0,0,0,0,0,0,0,0,0,0,0,0,0,0,0,0,0,0,0,0,0,0,0,0,0,0,0,0,0,0,0,38,14,7,45,65476,0,300,0,0,8,21553,0.0,-107605600.0,0.0,0.0,0.0,0.0,0.0,0.0,0.0,0.0,0.0,0.0,0.0,0.0,0.0,0.0,0.0,0.0,0.0,0.0,0.0,0.0,0.0,0.0,-2.004,0.0,0.0,0.0,0.0,0.0,5041.0,-564145900486656.0,0.0,0.0,0.0,0.0,-107615304.0,0.0,0.0,0.0,0.0,53,3.222028592685471e+26,0.0,0.0,0.0,0.0,0.0,0.0,0.0,0.0,0,0,0,0.0,0.0,0.0,0.0,0.0,0.0,0.0,0.0,0.0,0.0,0.0,0.0,0.0,0.0,0.0,0.0,0,-107875648.0,53,0.0,106,-107614832.0,2.7006707062415038e+23,ERR,ERR,ERR,ERR,ERR,ERR,ERR,ERR,ERR,ERR,ERR,ERR,ERR,ERR,ERR,ERR,ERR,ERR,ERR,ERR,ERR,ERR,ERR,ERR,ERR,ERR,ERR,ERR,ERR,ERR,ERR,ERR,ERR,ERR,ERR,ERR,ERR,ERR,ERR,ERR,ERR,ERR,ERR,ERR,ERR,ERR,ERR,ERR,ERR,ERR,ERR,ERR,ERR,ERR,ERR,ERR,ERR,ERR,ERR,ERR,ERR,ERR,ERR,ERR,ERR,ERR,ERR,50.0,60.0,100,0.0,0.0,0.0,0.0,0.0,0.0,0.0,0.0,0.0,0.0,0.0,0.0,0.0,0.0,0.0,0.0,61.6,64,20,65521,50,65476,0,300,0,0,8,20529,65476,0,0,26214,60.0,0.0,0.0,0.0,0.0,0.0
2026-05-17T16:37:33,ERR,ERR,ERR,ERR,ERR,ERR,ERR,ERR,ERR,ERR,ERR,ERR,ERR,ERR,ERR,ERR,ERR,ERR,ERR,ERR,ERR,ERR,ERR,ERR,ERR,ERR,ERR,ERR,ERR,ERR,ERR,ERR,ERR,ERR,ERR,ERR,ERR,ERR,ERR,ERR,ERR,ERR,ERR,ERR,ERR,ERR,ERR,ERR,ERR,ERR,ERR,ERR,ERR,ERR,ERR,ERR,ERR,ERR,ERR,ERR,ERR,ERR,ERR,ERR,ERR,ERR,ERR,ERR,ERR,ERR,ERR,ERR,ERR,ERR,ERR,ERR,ERR,ERR,ERR,ERR,ERR,ERR,ERR,ERR,ERR,ERR,ERR,ERR,ERR,ERR,ERR,ERR,ERR,ERR,ERR,ERR,ERR,ERR,ERR,ERR,ERR,ERR,ERR,ERR,ERR,ERR,ERR,ERR,ERR,ERR,ERR,ERR,ERR,ERR,ERR,ERR,ERR,ERR,ERR,ERR,ERR,ERR,ERR,ERR,ERR,0.0,0.0,-134474944.0,0.0,0.0,1.3936040501711995e+18,7.805,0.0,0,0,4,0,8422,0.0,45,0.0,0.0,0.0,0.0,0.0,0,0,0,0,0.0,0,0,0,0,0,0,0,0,0,0,0,0,0,0,0,0,0,0,0,0,0,0,0,0,0,0,0,0,0,0,0,0,0,38,14,7,45,65476,0,300,0,0,8,21553,0.0,-107605600.0,0.0,0.0,0.0,0.0,0.0,0.0,0.0,0.0,0.0,0.0,0.0,0.0,0.0,0.0,0.0,0.0,0.0,0.0,0.0,0.0,0.0,0.0,-2.004,2.004,0.0,0.0,0.0,0.0,5044.0,-8608183296.0,0.0,0.0,0.0,0.0,-107615304.0,0.0,0.0,0.0,0.0,53,5.848083413016271e+35,0.0,0.0,0.0,0.0,0.0,0.0,0.0,0.0,0,0,0,0.0,0.0,0.0,0.0,0.0,0.0,0.0,0.0,0.0,0.0,0.0,0.0,0.0,0.0,0.0,0.0,0,-107875648.0,53,0.0,106,-107614832.0,2.7006707062415038e+23,ERR,ERR,ERR,ERR,ERR,ERR,ERR,ERR,ERR,ERR,ERR,ERR,ERR,ERR,ERR,ERR,ERR,ERR,ERR,ERR,ERR,ERR,ERR,ERR,ERR,ERR,ERR,ERR,ERR,ERR,ERR,ERR,ERR,ERR,ERR,ERR,ERR,ERR,ERR,ERR,ERR,ERR,ERR,ERR,ERR,ERR,ERR,ERR,ERR,ERR,ERR,ERR,ERR,ERR,ERR,ERR,ERR,ERR,ERR,ERR,ERR,ERR,ERR,ERR,ERR,ERR,ERR,50.0,60.0,100,0.0,0.0,0.0,0.0,0.0,0.0,0.0,0.0,0.0,0.0,0.0,0.0,0.0,0.0,0.0,0.0,61.6,64,20,65521,50,65476,0,300,0,0,8,20529,65476,0,0,26214,60.0,0.0,0.0,0.0,0.0,0.0
2026-05-17T16:37:34,ERR,ERR,ERR,ERR,ERR,ERR,ERR,ERR,ERR,ERR,ERR,ERR,ERR,ERR,ERR,ERR,ERR,ERR,ERR,ERR,ERR,ERR,ERR,ERR,ERR,ERR,ERR,ERR,ERR,ERR,ERR,ERR,ERR,ERR,ERR,ERR,ERR,ERR,ERR,ERR,ERR,ERR,ERR,ERR,ERR,ERR,ERR,ERR,ERR,ERR,ERR,ERR,ERR,ERR,ERR,ERR,ERR,ERR,ERR,ERR,ERR,ERR,ERR,ERR,ERR,ERR,ERR,ERR,ERR,ERR,ERR,ERR,ERR,ERR,ERR,ERR,ERR,ERR,ERR,ERR,ERR,ERR,ERR,ERR,ERR,ERR,ERR,ERR,ERR,ERR,ERR,ERR,ERR,ERR,ERR,ERR,ERR,ERR,ERR,ERR,ERR,ERR,ERR,ERR,ERR,ERR,ERR,ERR,ERR,ERR,ERR,ERR,ERR,ERR,ERR,ERR,ERR,ERR,ERR,ERR,ERR,ERR,ERR,ERR,ERR,0.0,0.0,-134474944.0,0.0,0.0,1.3936040501711995e+18,7.805,0.0,0,0,4,0,8422,0.0,45,0.0,0.0,0.0,0.0,0.0,0,0,0,0,0.0,0,0,0,0,0,0,0,0,0,0,0,0,0,0,0,0,0,0,0,0,0,0,0,0,0,0,0,0,0,0,0,0,0,38,14,7,45,65476,0,300,0,0,8,21553,0.0,-107605600.0,0.0,0.0,0.0,0.0,0.0,0.0,0.0,0.0,0.0,0.0,0.0,0.0,0.0,0.0,0.0,0.0,0.0,0.0,0.0,0.0,0.0,0.0,-2.004,2.004,0.0,0.0,0.0,0.0,5044.0,-8608183296.0,0.0,0.0,0.0,0.0,-107615304.0,0.0,0.0,0.0,0.0,53,5.848083413016271e+35,0.0,0.0,0.0,0.0,0.0,0.0,0.0,0.0,0,0,0,0.0,0.0,0.0,0.0,0.0,0.0,0.0,0.0,0.0,0.0,0.0,0.0,0.0,0.0,0.0,0.0,0,-107875648.0,53,0.0,106,-107614832.0,2.7006707062415038e+23,ERR,ERR,ERR,ERR,ERR,ERR,ERR,ERR,ERR,ERR,ERR,ERR,ERR,ERR,ERR,ERR,ERR,ERR,ERR,ERR,ERR,ERR,ERR,ERR,ERR,ERR,ERR,ERR,ERR,ERR,ERR,ERR,ERR,ERR,ERR,ERR,ERR,ERR,ERR,ERR,ERR,ERR,ERR,ERR,ERR,ERR,ERR,ERR,ERR,ERR,ERR,ERR,ERR,ERR,ERR,ERR,ERR,ERR,ERR,ERR,ERR,ERR,ERR,ERR,ERR,ERR,ERR,50.0,60.0,100,0.0,0.0,0.0,0.0,0.0,0.0,0.0,0.0,0.0,0.0,0.0,0.0,0.0,0.0,0.0,0.0,61.6,64,20,65521,50,65476,0,300,0,0,8,20529,65476,0,0,26214,60.0,0.0,0.0,0.0,0.0,0.0
2026-05-17T16:37:35,ERR,ERR,ERR,ERR,ERR,ERR,ERR,ERR,ERR,ERR,ERR,ERR,ERR,ERR,ERR,ERR,ERR,ERR,ERR,ERR,ERR,ERR,ERR,ERR,ERR,ERR,ERR,ERR,ERR,ERR,ERR,ERR,ERR,ERR,ERR,ERR,ERR,ERR,ERR,ERR,ERR,ERR,ERR,ERR,ERR,ERR,ERR,ERR,ERR,ERR,ERR,ERR,ERR,ERR,ERR,ERR,ERR,ERR,ERR,ERR,ERR,ERR,ERR,ERR,ERR,ERR,ERR,ERR,ERR,ERR,ERR,ERR,ERR,ERR,ERR,ERR,ERR,ERR,ERR,ERR,ERR,ERR,ERR,ERR,ERR,ERR,ERR,ERR,ERR,ERR,ERR,ERR,ERR,ERR,ERR,ERR,ERR,ERR,ERR,ERR,ERR,ERR,ERR,ERR,ERR,ERR,ERR,ERR,ERR,ERR,ERR,ERR,ERR,ERR,ERR,ERR,ERR,ERR,ERR,ERR,ERR,ERR,ERR,ERR,ERR,0.0,0.0,-134474944.0,0.0,0.0,1.3936040501711995e+18,7.805,0.0,0,0,4,0,8422,0.0,45,0.0,0.0,0.0,0.0,0.0,0,0,0,0,0.0,0,0,0,0,0,0,0,0,0,0,0,0,0,0,0,0,0,0,0,0,0,0,0,0,0,0,0,0,0,0,0,0,0,38,14,7,45,65476,0,300,0,0,8,21553,0.0,-107605600.0,0.0,0.0,0.0,0.0,0.0,0.0,0.0,0.0,0.0,0.0,0.0,0.0,0.0,0.0,0.0,0.0,0.0,0.0,0.0,0.0,0.0,0.0,-2.004,2.004,0.0,0.0,0.0,0.0,5044.0,-8608183296.0,0.0,0.0,0.0,0.0,-107615304.0,0.0,0.0,0.0,0.0,53,5.848083413016271e+35,0.0,0.0,0.0,0.0,0.0,0.0,0.0,0.0,0,0,0,0.0,0.0,0.0,0.0,0.0,0.0,0.0,0.0,0.0,0.0,0.0,0.0,0.0,0.0,0.0,0.0,0,-107875648.0,53,0.0,106,-107614832.0,2.7006707062415038e+23,ERR,ERR,ERR,ERR,ERR,ERR,ERR,ERR,ERR,ERR,ERR,ERR,ERR,ERR,ERR,ERR,ERR,ERR,ERR,ERR,ERR,ERR,ERR,ERR,ERR,ERR,ERR,ERR,ERR,ERR,ERR,ERR,ERR,ERR,ERR,ERR,ERR,ERR,ERR,ERR,ERR,ERR,ERR,ERR,ERR,ERR,ERR,ERR,ERR,ERR,ERR,ERR,ERR,ERR,ERR,ERR,ERR,ERR,ERR,ERR,ERR,ERR,ERR,ERR,ERR,ERR,ERR,50.0,60.0,100,0.0,0.0,0.0,0.0,0.0,0.0,0.0,0.0,0.0,0.0,0.0,0.0,0.0,0.0,0.0,0.0,61.6,64,20,65521,50,65476,0,300,0,0,8,20529,65476,0,0,26214,60.0,0.0,0.0,0.0,0.0,0.0
2026-05-17T16:37:36,ERR,ERR,ERR,ERR,ERR,ERR,ERR,ERR,ERR,ERR,ERR,ERR,ERR,ERR,ERR,ERR,ERR,ERR,ERR,ERR,ERR,ERR,ERR,ERR,ERR,ERR,ERR,ERR,ERR,ERR,ERR,ERR,ERR,ERR,ERR,ERR,ERR,ERR,ERR,ERR,ERR,ERR,ERR,ERR,ERR,ERR,ERR,ERR,ERR,ERR,ERR,ERR,ERR,ERR,ERR,ERR,ERR,ERR,ERR,ERR,ERR,ERR,ERR,ERR,ERR,ERR,ERR,ERR,ERR,ERR,ERR,ERR,ERR,ERR,ERR,ERR,ERR,ERR,ERR,ERR,ERR,ERR,ERR,ERR,ERR,ERR,ERR,ERR,ERR,ERR,ERR,ERR,ERR,ERR,ERR,ERR,ERR,ERR,ERR,ERR,ERR,ERR,ERR,ERR,ERR,ERR,ERR,ERR,ERR,ERR,ERR,ERR,ERR,ERR,ERR,ERR,ERR,ERR,ERR,ERR,ERR,ERR,ERR,ERR,ERR,0.0,0.0,-134474944.0,0.0,0.0,1.3936040501711995e+18,7.805,0.0,0,0,4,0,8422,0.0,45,0.0,0.0,0.0,0.0,0.0,0,0,0,0,0.0,0,0,0,0,0,0,0,0,0,0,0,0,0,0,0,0,0,0,0,0,0,0,0,0,0,0,0,0,0,0,0,0,0,38,14,7,45,65476,0,300,0,0,8,21553,0.0,-107605600.0,0.0,0.0,0.0,0.0,0.0,0.0,0.0,0.0,0.0,0.0,0.0,0.0,0.0,0.0,0.0,0.0,0.0,0.0,0.0,0.0,0.0,0.0,-2.004,2.004,0.0,0.0,0.0,0.0,5044.0,-8608183296.0,0.0,0.0,0.0,0.0,-107615304.0,0.0,0.0,0.0,0.0,53,5.848083413016271e+35,0.0,0.0,0.0,0.0,0.0,0.0,0.0,0.0,0,0,0,0.0,0.0,0.0,0.0,0.0,0.0,0.0,0.0,0.0,0.0,0.0,0.0,0.0,0.0,0.0,0.0,0,-107875648.0,53,0.0,106,-107614832.0,2.7006707062415038e+23,ERR,ERR,ERR,ERR,ERR,ERR,ERR,ERR,ERR,ERR,ERR,ERR,ERR,ERR,ERR,ERR,ERR,ERR,ERR,ERR,ERR,ERR,ERR,ERR,ERR,ERR,ERR,ERR,ERR,ERR,ERR,ERR,ERR,ERR,ERR,ERR,ERR,ERR,ERR,ERR,ERR,ERR,ERR,ERR,ERR,ERR,ERR,ERR,ERR,ERR,ERR,ERR,ERR,ERR,ERR,ERR,ERR,ERR,ERR,ERR,ERR,ERR,ERR,ERR,ERR,ERR,ERR,50.0,60.0,100,0.0,0.0,0.0,0.0,0.0,0.0,0.0,0.0,0.0,0.0,0.0,0.0,0.0,0.0,0.0,0.0,61.6,64,20,65521,50,65476,0,300,0,0,8,20529,65476,0,0,26214,60.0,0.0,0.0,0.0,0.0,0.0
2026-05-17T16:37:37,ERR,ERR,ERR,ERR,ERR,ERR,ERR,ERR,ERR,ERR,ERR,ERR,ERR,ERR,ERR,ERR,ERR,ERR,ERR,ERR,ERR,ERR,ERR,ERR,ERR,ERR,ERR,ERR,ERR,ERR,ERR,ERR,ERR,ERR,ERR,ERR,ERR,ERR,ERR,ERR,ERR,ERR,ERR,ERR,ERR,ERR,ERR,ERR,ERR,ERR,ERR,ERR,ERR,ERR,ERR,ERR,ERR,ERR,ERR,ERR,ERR,ERR,ERR,ERR,ERR,ERR,ERR,ERR,ERR,ERR,ERR,ERR,ERR,ERR,ERR,ERR,ERR,ERR,ERR,ERR,ERR,ERR,ERR,ERR,ERR,ERR,ERR,ERR,ERR,ERR,ERR,ERR,ERR,ERR,ERR,ERR,ERR,ERR,ERR,ERR,ERR,ERR,ERR,ERR,ERR,ERR,ERR,ERR,ERR,ERR,ERR,ERR,ERR,ERR,ERR,ERR,ERR,ERR,ERR,ERR,ERR,ERR,ERR,ERR,ERR,0.0,0.0,-134474944.0,0.0,0.0,1.3936040501711995e+18,7.805,0.0,0,0,4,0,8422,0.0,45,0.0,0.0,0.0,0.0,0.0,0,0,0,0,0.0,0,0,0,0,0,0,0,0,0,0,0,0,0,0,0,0,0,0,0,0,0,0,0,0,0,0,0,0,0,0,0,0,0,38,14,7,45,65476,0,300,0,0,8,21553,0.0,-107605600.0,0.0,0.0,0.0,0.0,0.0,0.0,0.0,0.0,0.0,0.0,0.0,0.0,0.0,0.0,0.0,0.0,0.0,0.0,0.0,0.0,0.0,0.0,-2.004,2.004,0.0,0.0,0.0,0.0,5044.0,-8608183296.0,0.0,0.0,0.0,0.0,-107615304.0,0.0,0.0,0.0,0.0,53,5.848083413016271e+35,0.0,0.0,0.0,0.0,0.0,0.0,0.0,0.0,0,0,0,0.0,0.0,0.0,0.0,0.0,0.0,0.0,0.0,0.0,0.0,0.0,0.0,0.0,0.0,0.0,0.0,0,-107875648.0,53,0.0,106,-107614832.0,2.7006707062415038e+23,ERR,ERR,ERR,ERR,ERR,ERR,ERR,ERR,ERR,ERR,ERR,ERR,ERR,ERR,ERR,ERR,ERR,ERR,ERR,ERR,ERR,ERR,ERR,ERR,ERR,ERR,ERR,ERR,ERR,ERR,ERR,ERR,ERR,ERR,ERR,ERR,ERR,ERR,ERR,ERR,ERR,ERR,ERR,ERR,ERR,ERR,ERR,ERR,ERR,ERR,ERR,ERR,ERR,ERR,ERR,ERR,ERR,ERR,ERR,ERR,ERR,ERR,ERR,ERR,ERR,ERR,ERR,50.0,60.0,100,0.0,0.0,0.0,0.0,0.0,0.0,0.0,0.0,0.0,0.0,0.0,0.0,0.0,0.0,0.0,0.0,61.6,64,20,65521,50,65476,0,300,0,0,8,20529,65476,0,0,26214,60.0,0.0,0.0,0.0,0.0,0.0
2026-05-17T16:37:38,ERR,ERR,ERR,ERR,ERR,ERR,ERR,ERR,ERR,ERR,ERR,ERR,ERR,ERR,ERR,ERR,ERR,ERR,ERR,ERR,ERR,ERR,ERR,ERR,ERR,ERR,ERR,ERR,ERR,ERR,ERR,ERR,ERR,ERR,ERR,ERR,ERR,ERR,ERR,ERR,ERR,ERR,ERR,ERR,ERR,ERR,ERR,ERR,ERR,ERR,ERR,ERR,ERR,ERR,ERR,ERR,ERR,ERR,ERR,ERR,ERR,ERR,ERR,ERR,ERR,ERR,ERR,ERR,ERR,ERR,ERR,ERR,ERR,ERR,ERR,ERR,ERR,ERR,ERR,ERR,ERR,ERR,ERR,ERR,ERR,ERR,ERR,ERR,ERR,ERR,ERR,ERR,ERR,ERR,ERR,ERR,ERR,ERR,ERR,ERR,ERR,ERR,ERR,ERR,ERR,ERR,ERR,ERR,ERR,ERR,ERR,ERR,ERR,ERR,ERR,ERR,ERR,ERR,ERR,ERR,ERR,ERR,ERR,ERR,ERR,0.0,0.0,-134474944.0,0.0,0.0,1.3936040501711995e+18,7.805,0.0,0,0,4,0,8422,0.0,45,0.0,0.0,0.0,0.0,0.0,0,0,0,0,0.0,0,0,0,0,0,0,0,0,0,0,0,0,0,0,0,0,0,0,0,0,0,0,0,0,0,0,0,0,0,0,0,0,0,38,14,7,45,65476,0,300,0,0,8,21553,0.0,-107605600.0,0.0,0.0,0.0,0.0,0.0,0.0,0.0,0.0,0.0,0.0,0.0,0.0,0.0,0.0,0.0,0.0,0.0,0.0,0.0,0.0,0.0,0.0,-2.004,2.004,0.0,0.0,0.0,0.0,5044.0,-8608183296.0,0.0,0.0,0.0,0.0,-107615304.0,0.0,0.0,0.0,0.0,53,5.848083413016271e+35,0.0,0.0,0.0,0.0,0.0,0.0,0.0,0.0,0,0,0,0.0,0.0,0.0,0.0,0.0,0.0,0.0,0.0,0.0,0.0,0.0,0.0,0.0,0.0,0.0,0.0,0,-107875648.0,53,0.0,106,-107614832.0,2.7006707062415038e+23,ERR,ERR,ERR,ERR,ERR,ERR,ERR,ERR,ERR,ERR,ERR,ERR,ERR,ERR,ERR,ERR,ERR,ERR,ERR,ERR,ERR,ERR,ERR,ERR,ERR,ERR,ERR,ERR,ERR,ERR,ERR,ERR,ERR,ERR,ERR,ERR,ERR,ERR,ERR,ERR,ERR,ERR,ERR,ERR,ERR,ERR,ERR,ERR,ERR,ERR,ERR,ERR,ERR,ERR,ERR,ERR,ERR,ERR,ERR,ERR,ERR,ERR,ERR,ERR,ERR,ERR,ERR,50.0,60.0,100,0.0,0.0,0.0,0.0,0.0,0.0,0.0,0.0,0.0,0.0,0.0,0.0,0.0,0.0,0.0,0.0,62.0,64,20,65521,50,65476,0,300,0,0,8,20529,65476,0,0,26214,60.0,0.0,0.0,0.0,0.0,0.0
2026-05-17T16:37:39,ERR,ERR,ERR,ERR,ERR,ERR,ERR,ERR,ERR,ERR,ERR,ERR,ERR,ERR,ERR,ERR,ERR,ERR,ERR,ERR,ERR,ERR,ERR,ERR,ERR,ERR,ERR,ERR,ERR,ERR,ERR,ERR,ERR,ERR,ERR,ERR,ERR,ERR,ERR,ERR,ERR,ERR,ERR,ERR,ERR,ERR,ERR,ERR,ERR,ERR,ERR,ERR,ERR,ERR,ERR,ERR,ERR,ERR,ERR,ERR,ERR,ERR,ERR,ERR,ERR,ERR,ERR,ERR,ERR,ERR,ERR,ERR,ERR,ERR,ERR,ERR,ERR,ERR,ERR,ERR,ERR,ERR,ERR,ERR,ERR,ERR,ERR,ERR,ERR,ERR,ERR,ERR,ERR,ERR,ERR,ERR,ERR,ERR,ERR,ERR,ERR,ERR,ERR,ERR,ERR,ERR,ERR,ERR,ERR,ERR,ERR,ERR,ERR,ERR,ERR,ERR,ERR,ERR,ERR,ERR,ERR,ERR,ERR,ERR,ERR,0.0,-107615288.0,-0.0,0.0,0.0,1.3936040501711995e+18,7.805,0.0,0,0,4,0,8422,0.0,45,0.0,0.0,0.0,0.0,0.0,0,0,0,0,0.0,0,0,0,0,0,0,0,0,0,0,0,0,0,0,0,0,0,0,0,0,0,0,0,0,0,0,0,0,0,0,0,0,0,38,14,7,45,65476,0,300,0,0,8,21553,0.0,-107605600.0,0.0,0.0,0.0,0.0,0.0,0.0,0.0,0.0,0.0,0.0,0.0,0.0,0.0,0.0,0.0,0.0,0.0,0.0,0.0,0.0,0.0,0.0,-0.0,2.004,0.0,0.0,0.0,0.0,5045.0,-0.0,0.0,0.0,0.0,0.0,-0.0,0.0,0.0,0.0,0.0,53,-0.0,-107614792.0,0.0,0.0,0.0,0.0,0.0,0.0,0.0,0,0,0,0.0,0.0,0.0,0.0,0.0,0.0,0.0,0.0,0.0,0.0,0.0,0.0,0.0,0.0,0.0,0.0,0,-107875648.0,53,0.0,106,-107614832.0,2.7006707062415038e+23,ERR,ERR,ERR,ERR,ERR,ERR,ERR,ERR,ERR,ERR,ERR,ERR,ERR,ERR,ERR,ERR,ERR,ERR,ERR,ERR,ERR,ERR,ERR,ERR,ERR,ERR,ERR,ERR,ERR,ERR,ERR,ERR,ERR,ERR,ERR,ERR,ERR,ERR,ERR,ERR,ERR,ERR,ERR,ERR,ERR,ERR,ERR,ERR,ERR,ERR,ERR,ERR,ERR,ERR,ERR,ERR,ERR,ERR,ERR,ERR,ERR,ERR,ERR,ERR,ERR,ERR,ERR,50.0,60.0,100,0.0,0.0,0.0,0.0,0.0,0.0,0.0,0.0,0.0,0.0,0.0,0.0,0.0,0.0,0.0,0.0,61.6,64,20,65521,50,65476,0,300,0,0,8,20529,65476,0,0,26214,60.0,0.0,0.0,0.0,0.0,0.0
2026-05-17T16:37:40,ERR,ERR,ERR,ERR,ERR,ERR,ERR,ERR,ERR,ERR,ERR,ERR,ERR,ERR,ERR,ERR,ERR,ERR,ERR,ERR,ERR,ERR,ERR,ERR,ERR,ERR,ERR,ERR,ERR,ERR,ERR,ERR,ERR,ERR,ERR,ERR,ERR,ERR,ERR,ERR,ERR,ERR,ERR,ERR,ERR,ERR,ERR,ERR,ERR,ERR,ERR,ERR,ERR,ERR,ERR,ERR,ERR,ERR,ERR,ERR,ERR,ERR,ERR,ERR,ERR,ERR,ERR,ERR,ERR,ERR,ERR,ERR,ERR,ERR,ERR,ERR,ERR,ERR,ERR,ERR,ERR,ERR,ERR,ERR,ERR,ERR,ERR,ERR,ERR,ERR,ERR,ERR,ERR,ERR,ERR,ERR,ERR,ERR,ERR,ERR,ERR,ERR,ERR,ERR,ERR,ERR,ERR,ERR,ERR,ERR,ERR,ERR,ERR,ERR,ERR,ERR,ERR,ERR,ERR,ERR,ERR,ERR,ERR,ERR,ERR,0.0,-107615288.0,-0.0,0.0,0.0,1.3936040501711995e+18,7.805,0.0,0,0,4,0,8422,0.0,45,0.0,0.0,0.0,0.0,0.0,0,0,0,0,0.0,0,0,0,0,0,0,0,0,0,0,0,0,0,0,0,0,0,0,0,0,0,0,0,0,0,0,0,0,0,0,0,0,0,38,14,7,45,65476,0,300,0,0,8,21553,0.0,-107605600.0,0.0,0.0,0.0,0.0,0.0,0.0,0.0,0.0,0.0,0.0,0.0,0.0,0.0,0.0,0.0,0.0,0.0,0.0,0.0,0.0,0.0,0.0,-0.0,2.004,0.0,0.0,0.0,0.0,5045.0,-0.0,0.0,0.0,0.0,0.0,-0.0,0.0,0.0,0.0,0.0,53,-0.0,-107614792.0,0.0,0.0,0.0,0.0,0.0,0.0,0.0,0,0,0,0.0,0.0,0.0,0.0,0.0,0.0,0.0,0.0,0.0,0.0,0.0,0.0,0.0,0.0,0.0,0.0,0,-107875648.0,53,0.0,106,-107614832.0,2.7006707062415038e+23,ERR,ERR,ERR,ERR,ERR,ERR,ERR,ERR,ERR,ERR,ERR,ERR,ERR,ERR,ERR,ERR,ERR,ERR,ERR,ERR,ERR,ERR,ERR,ERR,ERR,ERR,ERR,ERR,ERR,ERR,ERR,ERR,ERR,ERR,ERR,ERR,ERR,ERR,ERR,ERR,ERR,ERR,ERR,ERR,ERR,ERR,ERR,ERR,ERR,ERR,ERR,ERR,ERR,ERR,ERR,ERR,ERR,ERR,ERR,ERR,ERR,ERR,ERR,ERR,ERR,ERR,ERR,50.0,60.0,100,0.0,0.0,0.0,0.0,0.0,0.0,0.0,0.0,0.0,0.0,0.0,0.0,0.0,0.0,0.0,0.0,61.6,64,20,65521,50,65476,0,300,0,0,8,20529,65476,0,0,26214,60.0,0.0,0.0,0.0,0.0,0.0
2026-05-17T16:37:41,ERR,ERR,ERR,ERR,ERR,ERR,ERR,ERR,ERR,ERR,ERR,ERR,ERR,ERR,ERR,ERR,ERR,ERR,ERR,ERR,ERR,ERR,ERR,ERR,ERR,ERR,ERR,ERR,ERR,ERR,ERR,ERR,ERR,ERR,ERR,ERR,ERR,ERR,ERR,ERR,ERR,ERR,ERR,ERR,ERR,ERR,ERR,ERR,ERR,ERR,ERR,ERR,ERR,ERR,ERR,ERR,ERR,ERR,ERR,ERR,ERR,ERR,ERR,ERR,ERR,ERR,ERR,ERR,ERR,ERR,ERR,ERR,ERR,ERR,ERR,ERR,ERR,ERR,ERR,ERR,ERR,ERR,ERR,ERR,ERR,ERR,ERR,ERR,ERR,ERR,ERR,ERR,ERR,ERR,ERR,ERR,ERR,ERR,ERR,ERR,ERR,ERR,ERR,ERR,ERR,ERR,ERR,ERR,ERR,ERR,ERR,ERR,ERR,ERR,ERR,ERR,ERR,ERR,ERR,ERR,ERR,ERR,ERR,ERR,ERR,0.0,-107615288.0,-0.0,0.0,0.0,1.3936040501711995e+18,7.805,0.0,0,0,4,0,8422,0.0,45,0.0,0.0,0.0,0.0,0.0,0,0,0,0,0.0,0,0,0,0,0,0,0,0,0,0,0,0,0,0,0,0,0,0,0,0,0,0,0,0,0,0,0,0,0,0,0,0,0,38,14,7,45,65476,0,300,0,0,8,21553,0.0,-107605600.0,0.0,0.0,0.0,0.0,0.0,0.0,0.0,0.0,0.0,0.0,0.0,0.0,0.0,0.0,0.0,0.0,0.0,0.0,0.0,0.0,0.0,0.0,-0.0,2.004,0.0,0.0,0.0,0.0,5045.0,-0.0,0.0,0.0,0.0,0.0,-0.0,0.0,0.0,0.0,0.0,53,-0.0,-107614792.0,0.0,0.0,0.0,0.0,0.0,0.0,0.0,0,0,0,0.0,0.0,0.0,0.0,0.0,0.0,0.0,0.0,0.0,0.0,0.0,0.0,0.0,0.0,0.0,0.0,0,-107875648.0,53,0.0,106,-107614832.0,2.7006707062415038e+23,ERR,ERR,ERR,ERR,ERR,ERR,ERR,ERR,ERR,ERR,ERR,ERR,ERR,ERR,ERR,ERR,ERR,ERR,ERR,ERR,ERR,ERR,ERR,ERR,ERR,ERR,ERR,ERR,ERR,ERR,ERR,ERR,ERR,ERR,ERR,ERR,ERR,ERR,ERR,ERR,ERR,ERR,ERR,ERR,ERR,ERR,ERR,ERR,ERR,ERR,ERR,ERR,ERR,ERR,ERR,ERR,ERR,ERR,ERR,ERR,ERR,ERR,ERR,ERR,ERR,ERR,ERR,50.0,60.0,100,0.0,0.0,0.0,0.0,0.0,0.0,0.0,0.0,0.0,0.0,0.0,0.0,0.0,0.0,0.0,0.0,61.6,64,20,65521,50,65476,0,300,0,0,8,20529,65476,0,0,26214,60.0,0.0,0.0,0.0,0.0,0.0
2026-05-17T16:37:42,ERR,ERR,ERR,ERR,ERR,ERR,ERR,ERR,ERR,ERR,ERR,ERR,ERR,ERR,ERR,ERR,ERR,ERR,ERR,ERR,ERR,ERR,ERR,ERR,ERR,ERR,ERR,ERR,ERR,ERR,ERR,ERR,ERR,ERR,ERR,ERR,ERR,ERR,ERR,ERR,ERR,ERR,ERR,ERR,ERR,ERR,ERR,ERR,ERR,ERR,ERR,ERR,ERR,ERR,ERR,ERR,ERR,ERR,ERR,ERR,ERR,ERR,ERR,ERR,ERR,ERR,ERR,ERR,ERR,ERR,ERR,ERR,ERR,ERR,ERR,ERR,ERR,ERR,ERR,ERR,ERR,ERR,ERR,ERR,ERR,ERR,ERR,ERR,ERR,ERR,ERR,ERR,ERR,ERR,ERR,ERR,ERR,ERR,ERR,ERR,ERR,ERR,ERR,ERR,ERR,ERR,ERR,ERR,ERR,ERR,ERR,ERR,ERR,ERR,ERR,ERR,ERR,ERR,ERR,ERR,ERR,ERR,ERR,ERR,ERR,0.0,-107615288.0,-0.0,0.0,0.0,1.3936040501711995e+18,7.805,0.0,0,0,4,0,8422,0.0,45,0.0,0.0,0.0,0.0,0.0,0,0,0,0,0.0,0,0,0,0,0,0,0,0,0,0,0,0,0,0,0,0,0,0,0,0,0,0,0,0,0,0,0,0,0,0,0,0,0,38,14,7,45,65476,0,300,0,0,8,21553,0.0,-107605600.0,0.0,0.0,0.0,0.0,0.0,0.0,0.0,0.0,0.0,0.0,0.0,0.0,0.0,0.0,0.0,0.0,0.0,0.0,0.0,0.0,0.0,0.0,-0.0,2.004,0.0,0.0,0.0,0.0,5045.0,-0.0,0.0,0.0,0.0,0.0,-0.0,0.0,0.0,0.0,0.0,53,-0.0,-107614792.0,0.0,0.0,0.0,0.0,0.0,0.0,0.0,0,0,0,0.0,0.0,0.0,0.0,0.0,0.0,0.0,0.0,0.0,0.0,0.0,0.0,0.0,0.0,0.0,0.0,0,-107875648.0,53,0.0,106,-107614832.0,2.7006707062415038e+23,ERR,ERR,ERR,ERR,ERR,ERR,ERR,ERR,ERR,ERR,ERR,ERR,ERR,ERR,ERR,ERR,ERR,ERR,ERR,ERR,ERR,ERR,ERR,ERR,ERR,ERR,ERR,ERR,ERR,ERR,ERR,ERR,ERR,ERR,ERR,ERR,ERR,ERR,ERR,ERR,ERR,ERR,ERR,ERR,ERR,ERR,ERR,ERR,ERR,ERR,ERR,ERR,ERR,ERR,ERR,ERR,ERR,ERR,ERR,ERR,ERR,ERR,ERR,ERR,ERR,ERR,ERR,50.0,60.0,100,0.0,0.0,0.0,0.0,0.0,0.0,0.0,0.0,0.0,0.0,0.0,0.0,0.0,0.0,0.0,0.0,61.6,64,20,65521,50,65476,0,300,0,0,8,20529,65476,0,0,26214,60.0,0.0,0.0,0.0,0.0,0.0
2026-05-17T16:37:43,ERR,ERR,ERR,ERR,ERR,ERR,ERR,ERR,ERR,ERR,ERR,ERR,ERR,ERR,ERR,ERR,ERR,ERR,ERR,ERR,ERR,ERR,ERR,ERR,ERR,ERR,ERR,ERR,ERR,ERR,ERR,ERR,ERR,ERR,ERR,ERR,ERR,ERR,ERR,ERR,ERR,ERR,ERR,ERR,ERR,ERR,ERR,ERR,ERR,ERR,ERR,ERR,ERR,ERR,ERR,ERR,ERR,ERR,ERR,ERR,ERR,ERR,ERR,ERR,ERR,ERR,ERR,ERR,ERR,ERR,ERR,ERR,ERR,ERR,ERR,ERR,ERR,ERR,ERR,ERR,ERR,ERR,ERR,ERR,ERR,ERR,ERR,ERR,ERR,ERR,ERR,ERR,ERR,ERR,ERR,ERR,ERR,ERR,ERR,ERR,ERR,ERR,ERR,ERR,ERR,ERR,ERR,ERR,ERR,ERR,ERR,ERR,ERR,ERR,ERR,ERR,ERR,ERR,ERR,ERR,ERR,ERR,ERR,ERR,ERR,0.0,-107615288.0,-0.0,0.0,0.0,1.3936040501711995e+18,7.805,0.0,0,0,4,0,8422,0.0,45,0.0,0.0,0.0,0.0,0.0,0,0,0,0,0.0,0,0,0,0,0,0,0,0,0,0,0,0,0,0,0,0,0,0,0,0,0,0,0,0,0,0,0,0,0,0,0,0,0,38,14,7,45,65476,0,300,0,0,8,21553,0.0,-107605600.0,0.0,0.0,0.0,0.0,0.0,0.0,0.0,0.0,0.0,0.0,0.0,0.0,0.0,0.0,0.0,0.0,0.0,0.0,0.0,0.0,0.0,0.0,-0.0,2.004,0.0,0.0,0.0,0.0,5045.0,-0.0,0.0,0.0,0.0,0.0,-0.0,0.0,0.0,0.0,0.0,53,-0.0,-107614792.0,0.0,0.0,0.0,0.0,0.0,0.0,0.0,0,0,0,0.0,0.0,0.0,0.0,0.0,0.0,0.0,0.0,0.0,0.0,0.0,0.0,0.0,0.0,0.0,0.0,0,-107875648.0,53,0.0,106,-107614832.0,2.7006707062415038e+23,ERR,ERR,ERR,ERR,ERR,ERR,ERR,ERR,ERR,ERR,ERR,ERR,ERR,ERR,ERR,ERR,ERR,ERR,ERR,ERR,ERR,ERR,ERR,ERR,ERR,ERR,ERR,ERR,ERR,ERR,ERR,ERR,ERR,ERR,ERR,ERR,ERR,ERR,ERR,ERR,ERR,ERR,ERR,ERR,ERR,ERR,ERR,ERR,ERR,ERR,ERR,ERR,ERR,ERR,ERR,ERR,ERR,ERR,ERR,ERR,ERR,ERR,ERR,ERR,ERR,ERR,ERR,50.0,60.0,100,0.0,0.0,0.0,0.0,0.0,0.0,0.0,0.0,0.0,0.0,0.0,0.0,0.0,0.0,0.0,0.0,61.6,64,20,65521,50,65476,0,300,0,0,8,20529,65476,0,0,26214,60.0,0.0,0.0,0.0,0.0,0.0
2026-05-17T16:37:44,ERR,ERR,ERR,ERR,ERR,ERR,ERR,ERR,ERR,ERR,ERR,ERR,ERR,ERR,ERR,ERR,ERR,ERR,ERR,ERR,ERR,ERR,ERR,ERR,ERR,ERR,ERR,ERR,ERR,ERR,ERR,ERR,ERR,ERR,ERR,ERR,ERR,ERR,ERR,ERR,ERR,ERR,ERR,ERR,ERR,ERR,ERR,ERR,ERR,ERR,ERR,ERR,ERR,ERR,ERR,ERR,ERR,ERR,ERR,ERR,ERR,ERR,ERR,ERR,ERR,ERR,ERR,ERR,ERR,ERR,ERR,ERR,ERR,ERR,ERR,ERR,ERR,ERR,ERR,ERR,ERR,ERR,ERR,ERR,ERR,ERR,ERR,ERR,ERR,ERR,ERR,ERR,ERR,ERR,ERR,ERR,ERR,ERR,ERR,ERR,ERR,ERR,ERR,ERR,ERR,ERR,ERR,ERR,ERR,ERR,ERR,ERR,ERR,ERR,ERR,ERR,ERR,ERR,ERR,ERR,ERR,ERR,ERR,ERR,ERR,0.0,0.0,-134474944.0,0.0,0.0,1.3936040501711995e+18,7.805,0.0,0,0,4,0,8422,0.0,45,0.0,0.0,0.0,0.0,0.0,0,0,0,0,0.0,0,0,0,0,0,0,0,0,0,0,0,0,0,0,0,0,0,0,0,0,0,0,0,0,0,0,0,0,0,0,0,0,0,38,14,7,45,65476,0,300,0,0,8,21553,0.0,-107605600.0,0.0,0.0,0.0,0.0,0.0,0.0,0.0,0.0,0.0,0.0,0.0,0.0,0.0,0.0,0.0,0.0,0.0,0.0,0.0,0.0,0.0,-2.004,-2.004,2.004,0.0,0.0,0.0,0.0,5048.0,-564145900486656.0,0.0,0.0,0.0,0.0,-0.0,0.0,0.0,0.0,0.0,53,-0.0,0.0,0.0,0.0,0.0,0.0,0.0,0.0,0.0,0,0,0,0.0,0.0,0.0,0.0,0.0,0.0,0.0,0.0,0.0,0.0,0.0,0.0,0.0,0.0,0.0,0.0,0,-107875648.0,53,0.0,106,-107614832.0,2.7006707062415038e+23,ERR,ERR,ERR,ERR,ERR,ERR,ERR,ERR,ERR,ERR,ERR,ERR,ERR,ERR,ERR,ERR,ERR,ERR,ERR,ERR,ERR,ERR,ERR,ERR,ERR,ERR,ERR,ERR,ERR,ERR,ERR,ERR,ERR,ERR,ERR,ERR,ERR,ERR,ERR,ERR,ERR,ERR,ERR,ERR,ERR,ERR,ERR,ERR,ERR,ERR,ERR,ERR,ERR,ERR,ERR,ERR,ERR,ERR,ERR,ERR,ERR,ERR,ERR,ERR,ERR,ERR,ERR,50.0,60.0,100,0.0,0.0,0.0,0.0,0.0,0.0,0.0,0.0,0.0,0.0,0.0,0.0,0.0,0.0,0.0,0.0,61.6,64,20,65521,50,65476,0,300,0,0,8,20529,65476,0,0,26214,60.0,0.0,0.0,0.0,0.0,0.0
2026-05-17T16:37:45,ERR,ERR,ERR,ERR,ERR,ERR,ERR,ERR,ERR,ERR,ERR,ERR,ERR,ERR,ERR,ERR,ERR,ERR,ERR,ERR,ERR,ERR,ERR,ERR,ERR,ERR,ERR,ERR,ERR,ERR,ERR,ERR,ERR,ERR,ERR,ERR,ERR,ERR,ERR,ERR,ERR,ERR,ERR,ERR,ERR,ERR,ERR,ERR,ERR,ERR,ERR,ERR,ERR,ERR,ERR,ERR,ERR,ERR,ERR,ERR,ERR,ERR,ERR,ERR,ERR,ERR,ERR,ERR,ERR,ERR,ERR,ERR,ERR,ERR,ERR,ERR,ERR,ERR,ERR,ERR,ERR,ERR,ERR,ERR,ERR,ERR,ERR,ERR,ERR,ERR,ERR,ERR,ERR,ERR,ERR,ERR,ERR,ERR,ERR,ERR,ERR,ERR,ERR,ERR,ERR,ERR,ERR,ERR,ERR,ERR,ERR,ERR,ERR,ERR,ERR,ERR,ERR,ERR,ERR,ERR,ERR,ERR,ERR,ERR,ERR,0.0,0.0,-134474944.0,0.0,0.0,1.3936040501711995e+18,7.805,0.0,0,0,4,0,8422,0.0,45,0.0,0.0,0.0,0.0,0.0,0,0,0,0,0.0,0,0,0,0,0,0,0,0,0,0,0,0,0,0,0,0,0,0,0,0,0,0,0,0,0,0,0,0,0,0,0,0,0,38,14,7,45,65476,0,300,0,0,8,21553,0.0,-107605600.0,0.0,0.0,0.0,0.0,0.0,0.0,0.0,0.0,0.0,0.0,0.0,0.0,0.0,0.0,0.0,0.0,0.0,0.0,0.0,0.0,0.0,-2.004,-2.004,2.004,0.0,0.0,0.0,0.0,5048.0,-564145900486656.0,0.0,0.0,0.0,0.0,-0.0,0.0,0.0,0.0,0.0,53,-0.0,0.0,0.0,0.0,0.0,0.0,0.0,0.0,0.0,0,0,0,0.0,0.0,0.0,0.0,0.0,0.0,0.0,0.0,0.0,0.0,0.0,0.0,0.0,0.0,0.0,0.0,0,-107875648.0,53,0.0,106,-107614832.0,2.7006707062415038e+23,ERR,ERR,ERR,ERR,ERR,ERR,ERR,ERR,ERR,ERR,ERR,ERR,ERR,ERR,ERR,ERR,ERR,ERR,ERR,ERR,ERR,ERR,ERR,ERR,ERR,ERR,ERR,ERR,ERR,ERR,ERR,ERR,ERR,ERR,ERR,ERR,ERR,ERR,ERR,ERR,ERR,ERR,ERR,ERR,ERR,ERR,ERR,ERR,ERR,ERR,ERR,ERR,ERR,ERR,ERR,ERR,ERR,ERR,ERR,ERR,ERR,ERR,ERR,ERR,ERR,ERR,ERR,50.0,60.0,100,0.0,0.0,0.0,0.0,0.0,0.0,0.0,0.0,0.0,0.0,0.0,0.0,0.0,0.0,0.0,0.0,62.0,64,20,65521,50,65476,0,300,0,0,8,20529,65476,0,0,26214,60.0,0.0,0.0,0.0,0.0,0.0
2026-05-17T16:37:46,ERR,ERR,ERR,ERR,ERR,ERR,ERR,ERR,ERR,ERR,ERR,ERR,ERR,ERR,ERR,ERR,ERR,ERR,ERR,ERR,ERR,ERR,ERR,ERR,ERR,ERR,ERR,ERR,ERR,ERR,ERR,ERR,ERR,ERR,ERR,ERR,ERR,ERR,ERR,ERR,ERR,ERR,ERR,ERR,ERR,ERR,ERR,ERR,ERR,ERR,ERR,ERR,ERR,ERR,ERR,ERR,ERR,ERR,ERR,ERR,ERR,ERR,ERR,ERR,ERR,ERR,ERR,ERR,ERR,ERR,ERR,ERR,ERR,ERR,ERR,ERR,ERR,ERR,ERR,ERR,ERR,ERR,ERR,ERR,ERR,ERR,ERR,ERR,ERR,ERR,ERR,ERR,ERR,ERR,ERR,ERR,ERR,ERR,ERR,ERR,ERR,ERR,ERR,ERR,ERR,ERR,ERR,ERR,ERR,ERR,ERR,ERR,ERR,ERR,ERR,ERR,ERR,ERR,ERR,ERR,ERR,ERR,ERR,ERR,ERR,0.0,0.0,-134474944.0,0.0,0.0,1.3936040501711995e+18,7.805,0.0,0,0,4,0,8422,0.0,45,0.0,0.0,0.0,0.0,0.0,0,0,0,0,0.0,0,0,0,0,0,0,0,0,0,0,0,0,0,0,0,0,0,0,0,0,0,0,0,0,0,0,0,0,0,0,0,0,0,38,14,7,45,65476,0,300,0,0,8,21553,0.0,-107605600.0,0.0,0.0,0.0,0.0,0.0,0.0,0.0,0.0,0.0,0.0,0.0,0.0,0.0,0.0,0.0,0.0,0.0,0.0,0.0,0.0,0.0,-2.004,-2.004,2.004,0.0,0.0,0.0,0.0,5048.0,-564145900486656.0,0.0,0.0,0.0,0.0,-0.0,0.0,0.0,0.0,0.0,53,-0.0,0.0,0.0,0.0,0.0,0.0,0.0,0.0,0.0,0,0,0,0.0,0.0,0.0,0.0,0.0,0.0,0.0,0.0,0.0,0.0,0.0,0.0,0.0,0.0,0.0,0.0,0,-107875648.0,53,0.0,106,-107614832.0,2.7006707062415038e+23,ERR,ERR,ERR,ERR,ERR,ERR,ERR,ERR,ERR,ERR,ERR,ERR,ERR,ERR,ERR,ERR,ERR,ERR,ERR,ERR,ERR,ERR,ERR,ERR,ERR,ERR,ERR,ERR,ERR,ERR,ERR,ERR,ERR,ERR,ERR,ERR,ERR,ERR,ERR,ERR,ERR,ERR,ERR,ERR,ERR,ERR,ERR,ERR,ERR,ERR,ERR,ERR,ERR,ERR,ERR,ERR,ERR,ERR,ERR,ERR,ERR,ERR,ERR,ERR,ERR,ERR,ERR,50.0,60.0,100,0.0,0.0,0.0,0.0,0.0,0.0,0.0,0.0,0.0,0.0,0.0,0.0,0.0,0.0,0.0,0.0,61.6,64,20,65521,50,65476,0,300,0,0,8,20529,65476,0,0,26214,60.0,0.0,0.0,0.0,0.0,0.0
2026-05-17T16:37:47,ERR,ERR,ERR,ERR,ERR,ERR,ERR,ERR,ERR,ERR,ERR,ERR,ERR,ERR,ERR,ERR,ERR,ERR,ERR,ERR,ERR,ERR,ERR,ERR,ERR,ERR,ERR,ERR,ERR,ERR,ERR,ERR,ERR,ERR,ERR,ERR,ERR,ERR,ERR,ERR,ERR,ERR,ERR,ERR,ERR,ERR,ERR,ERR,ERR,ERR,ERR,ERR,ERR,ERR,ERR,ERR,ERR,ERR,ERR,ERR,ERR,ERR,ERR,ERR,ERR,ERR,ERR,ERR,ERR,ERR,ERR,ERR,ERR,ERR,ERR,ERR,ERR,ERR,ERR,ERR,ERR,ERR,ERR,ERR,ERR,ERR,ERR,ERR,ERR,ERR,ERR,ERR,ERR,ERR,ERR,ERR,ERR,ERR,ERR,ERR,ERR,ERR,ERR,ERR,ERR,ERR,ERR,ERR,ERR,ERR,ERR,ERR,ERR,ERR,ERR,ERR,ERR,ERR,ERR,ERR,ERR,ERR,ERR,ERR,ERR,0.0,0.0,-134474944.0,0.0,0.0,1.3936040501711995e+18,7.805,0.0,0,0,4,0,8422,0.0,45,0.0,0.0,0.0,0.0,0.0,0,0,0,0,0.0,0,0,0,0,0,0,0,0,0,0,0,0,0,0,0,0,0,0,0,0,0,0,0,0,0,0,0,0,0,0,0,0,0,38,14,7,45,65476,0,300,0,0,8,21553,0.0,-107605600.0,0.0,0.0,0.0,0.0,0.0,0.0,0.0,0.0,0.0,0.0,0.0,0.0,0.0,0.0,0.0,0.0,0.0,0.0,0.0,0.0,0.0,-2.004,-2.004,2.004,0.0,0.0,0.0,0.0,5048.0,-564145900486656.0,0.0,0.0,0.0,0.0,-0.0,0.0,0.0,0.0,0.0,53,-0.0,0.0,0.0,0.0,0.0,0.0,0.0,0.0,0.0,0,0,0,0.0,0.0,0.0,0.0,0.0,0.0,0.0,0.0,0.0,0.0,0.0,0.0,0.0,0.0,0.0,0.0,0,-107875648.0,53,0.0,106,-107614832.0,2.7006707062415038e+23,ERR,ERR,ERR,ERR,ERR,ERR,ERR,ERR,ERR,ERR,ERR,ERR,ERR,ERR,ERR,ERR,ERR,ERR,ERR,ERR,ERR,ERR,ERR,ERR,ERR,ERR,ERR,ERR,ERR,ERR,ERR,ERR,ERR,ERR,ERR,ERR,ERR,ERR,ERR,ERR,ERR,ERR,ERR,ERR,ERR,ERR,ERR,ERR,ERR,ERR,ERR,ERR,ERR,ERR,ERR,ERR,ERR,ERR,ERR,ERR,ERR,ERR,ERR,ERR,ERR,ERR,ERR,50.0,60.0,100,0.0,0.0,0.0,0.0,0.0,0.0,0.0,0.0,0.0,0.0,0.0,0.0,0.0,0.0,0.0,0.0,61.6,64,20,65521,50,65476,0,300,0,0,8,20529,65476,0,0,26214,60.0,0.0,0.0,0.0,0.0,0.0
2026-05-17T16:37:48,ERR,ERR,ERR,ERR,ERR,ERR,ERR,ERR,ERR,ERR,ERR,ERR,ERR,ERR,ERR,ERR,ERR,ERR,ERR,ERR,ERR,ERR,ERR,ERR,ERR,ERR,ERR,ERR,ERR,ERR,ERR,ERR,ERR,ERR,ERR,ERR,ERR,ERR,ERR,ERR,ERR,ERR,ERR,ERR,ERR,ERR,ERR,ERR,ERR,ERR,ERR,ERR,ERR,ERR,ERR,ERR,ERR,ERR,ERR,ERR,ERR,ERR,ERR,ERR,ERR,ERR,ERR,ERR,ERR,ERR,ERR,ERR,ERR,ERR,ERR,ERR,ERR,ERR,ERR,ERR,ERR,ERR,ERR,ERR,ERR,ERR,ERR,ERR,ERR,ERR,ERR,ERR,ERR,ERR,ERR,ERR,ERR,ERR,ERR,ERR,ERR,ERR,ERR,ERR,ERR,ERR,ERR,ERR,ERR,ERR,ERR,ERR,ERR,ERR,ERR,ERR,ERR,ERR,ERR,ERR,ERR,ERR,ERR,ERR,ERR,0.0,0.0,-134474944.0,0.0,0.0,1.3936040501711995e+18,7.805,0.0,0,0,4,0,8422,0.0,45,0.0,0.0,0.0,0.0,0.0,0,0,0,0,0.0,0,0,0,0,0,0,0,0,0,0,0,0,0,0,0,0,0,0,0,0,0,0,0,0,0,0,0,0,0,0,0,0,0,38,14,7,45,65476,0,300,0,0,8,21553,0.0,-107605600.0,0.0,0.0,0.0,0.0,0.0,0.0,0.0,0.0,0.0,0.0,0.0,0.0,0.0,0.0,0.0,0.0,0.0,0.0,0.0,0.0,0.0,-2.004,-2.004,2.004,0.0,0.0,0.0,0.0,5048.0,-564145900486656.0,0.0,0.0,0.0,0.0,-0.0,0.0,0.0,0.0,0.0,53,-0.0,0.0,0.0,0.0,0.0,0.0,0.0,0.0,0.0,0,0,0,0.0,0.0,0.0,0.0,0.0,0.0,0.0,0.0,0.0,0.0,0.0,0.0,0.0,0.0,0.0,0.0,0,-107875648.0,53,0.0,106,-107614832.0,2.7006707062415038e+23,ERR,ERR,ERR,ERR,ERR,ERR,ERR,ERR,ERR,ERR,ERR,ERR,ERR,ERR,ERR,ERR,ERR,ERR,ERR,ERR,ERR,ERR,ERR,ERR,ERR,ERR,ERR,ERR,ERR,ERR,ERR,ERR,ERR,ERR,ERR,ERR,ERR,ERR,ERR,ERR,ERR,ERR,ERR,ERR,ERR,ERR,ERR,ERR,ERR,ERR,ERR,ERR,ERR,ERR,ERR,ERR,ERR,ERR,ERR,ERR,ERR,ERR,ERR,ERR,ERR,ERR,ERR,50.0,60.0,100,0.0,0.0,0.0,0.0,0.0,0.0,0.0,0.0,0.0,0.0,0.0,0.0,0.0,0.0,0.0,0.0,61.6,64,20,65521,50,65476,0,300,0,0,8,20529,65476,0,0,26214,60.0,0.0,0.0,0.0,0.0,0.0
2026-05-17T16:37:49,ERR,ERR,ERR,ERR,ERR,ERR,ERR,ERR,ERR,ERR,ERR,ERR,ERR,ERR,ERR,ERR,ERR,ERR,ERR,ERR,ERR,ERR,ERR,ERR,ERR,ERR,ERR,ERR,ERR,ERR,ERR,ERR,ERR,ERR,ERR,ERR,ERR,ERR,ERR,ERR,ERR,ERR,ERR,ERR,ERR,ERR,ERR,ERR,ERR,ERR,ERR,ERR,ERR,ERR,ERR,ERR,ERR,ERR,ERR,ERR,ERR,ERR,ERR,ERR,ERR,ERR,ERR,ERR,ERR,ERR,ERR,ERR,ERR,ERR,ERR,ERR,ERR,ERR,ERR,ERR,ERR,ERR,ERR,ERR,ERR,ERR,ERR,ERR,ERR,ERR,ERR,ERR,ERR,ERR,ERR,ERR,ERR,ERR,ERR,ERR,ERR,ERR,ERR,ERR,ERR,ERR,ERR,ERR,ERR,ERR,ERR,ERR,ERR,ERR,ERR,ERR,ERR,ERR,ERR,ERR,ERR,ERR,ERR,ERR,ERR,0.0,0.0,-134474944.0,0.0,0.0,1.3936040501711995e+18,7.805,0.0,0,0,4,0,8422,0.0,45,0.0,0.0,0.0,0.0,0.0,0,0,0,0,0.0,0,0,0,0,0,0,0,0,0,0,0,0,0,0,0,0,0,0,0,0,0,0,0,0,0,0,0,0,0,0,0,0,0,38,14,7,45,65476,0,300,0,0,8,21553,0.0,-107605600.0,0.0,0.0,0.0,0.0,0.0,0.0,0.0,0.0,0.0,0.0,0.0,0.0,0.0,0.0,0.0,0.0,0.0,0.0,0.0,0.0,0.0,0.0,-2.004,2.004,0.0,0.0,0.0,0.0,5040.0,-0.0,0.0,0.0,0.0,0.0,-107615304.0,0.0,0.0,0.0,0.0,53,2.7184300208680915e+23,-152017297211392.0,0.0,0.0,0.0,0.0,0.0,0.0,0.0,0,0,0,0.0,0.0,0.0,0.0,0.0,0.0,0.0,0.0,0.0,0.0,0.0,0.0,0.0,0.0,0.0,0.0,0,-107875648.0,53,0.0,106,-107614832.0,2.7006707062415038e+23,ERR,ERR,ERR,ERR,ERR,ERR,ERR,ERR,ERR,ERR,ERR,ERR,ERR,ERR,ERR,ERR,ERR,ERR,ERR,ERR,ERR,ERR,ERR,ERR,ERR,ERR,ERR,ERR,ERR,ERR,ERR,ERR,ERR,ERR,ERR,ERR,ERR,ERR,ERR,ERR,ERR,ERR,ERR,ERR,ERR,ERR,ERR,ERR,ERR,ERR,ERR,ERR,ERR,ERR,ERR,ERR,ERR,ERR,ERR,ERR,ERR,ERR,ERR,ERR,ERR,ERR,ERR,50.0,60.0,100,0.0,0.0,0.0,0.0,0.0,0.0,0.0,0.0,0.0,0.0,0.0,0.0,0.0,0.0,0.0,0.0,61.6,64,20,65521,50,65476,0,300,0,0,8,20529,65476,0,0,26214,60.0,0.0,0.0,0.0,0.0,0.0
2026-05-17T16:37:50,ERR,ERR,ERR,ERR,ERR,ERR,ERR,ERR,ERR,ERR,ERR,ERR,ERR,ERR,ERR,ERR,ERR,ERR,ERR,ERR,ERR,ERR,ERR,ERR,ERR,ERR,ERR,ERR,ERR,ERR,ERR,ERR,ERR,ERR,ERR,ERR,ERR,ERR,ERR,ERR,ERR,ERR,ERR,ERR,ERR,ERR,ERR,ERR,ERR,ERR,ERR,ERR,ERR,ERR,ERR,ERR,ERR,ERR,ERR,ERR,ERR,ERR,ERR,ERR,ERR,ERR,ERR,ERR,ERR,ERR,ERR,ERR,ERR,ERR,ERR,ERR,ERR,ERR,ERR,ERR,ERR,ERR,ERR,ERR,ERR,ERR,ERR,ERR,ERR,ERR,ERR,ERR,ERR,ERR,ERR,ERR,ERR,ERR,ERR,ERR,ERR,ERR,ERR,ERR,ERR,ERR,ERR,ERR,ERR,ERR,ERR,ERR,ERR,ERR,ERR,ERR,ERR,ERR,ERR,ERR,ERR,ERR,ERR,ERR,ERR,0.0,0.0,-134474944.0,0.0,0.0,1.3936040501711995e+18,7.805,0.0,0,0,4,0,8422,0.0,45,0.0,0.0,0.0,0.0,0.0,0,0,0,0,0.0,0,0,0,0,0,0,0,0,0,0,0,0,0,0,0,0,0,0,0,0,0,0,0,0,0,0,0,0,0,0,0,0,0,38,14,7,45,65476,0,300,0,0,8,21553,0.0,-107605600.0,0.0,0.0,0.0,0.0,0.0,0.0,0.0,0.0,0.0,0.0,0.0,0.0,0.0,0.0,0.0,0.0,0.0,0.0,0.0,0.0,0.0,0.0,-2.004,2.004,0.0,0.0,0.0,0.0,5040.0,-0.0,0.0,0.0,0.0,0.0,-107615304.0,0.0,0.0,0.0,0.0,53,2.7184300208680915e+23,-152017297211392.0,0.0,0.0,0.0,0.0,0.0,0.0,0.0,0,0,0,0.0,0.0,0.0,0.0,0.0,0.0,0.0,0.0,0.0,0.0,0.0,0.0,0.0,0.0,0.0,0.0,0,-107875648.0,53,0.0,106,-107614832.0,2.7006707062415038e+23,ERR,ERR,ERR,ERR,ERR,ERR,ERR,ERR,ERR,ERR,ERR,ERR,ERR,ERR,ERR,ERR,ERR,ERR,ERR,ERR,ERR,ERR,ERR,ERR,ERR,ERR,ERR,ERR,ERR,ERR,ERR,ERR,ERR,ERR,ERR,ERR,ERR,ERR,ERR,ERR,ERR,ERR,ERR,ERR,ERR,ERR,ERR,ERR,ERR,ERR,ERR,ERR,ERR,ERR,ERR,ERR,ERR,ERR,ERR,ERR,ERR,ERR,ERR,ERR,ERR,ERR,ERR,50.0,60.0,100,0.0,0.0,0.0,0.0,0.0,0.0,0.0,0.0,0.0,0.0,0.0,0.0,0.0,0.0,0.0,0.0,62.0,64,20,65521,50,65476,0,300,0,0,8,20529,65476,0,0,26214,60.0,0.0,0.0,0.0,0.0,0.0
2026-05-17T16:37:51,ERR,ERR,ERR,ERR,ERR,ERR,ERR,ERR,ERR,ERR,ERR,ERR,ERR,ERR,ERR,ERR,ERR,ERR,ERR,ERR,ERR,ERR,ERR,ERR,ERR,ERR,ERR,ERR,ERR,ERR,ERR,ERR,ERR,ERR,ERR,ERR,ERR,ERR,ERR,ERR,ERR,ERR,ERR,ERR,ERR,ERR,ERR,ERR,ERR,ERR,ERR,ERR,ERR,ERR,ERR,ERR,ERR,ERR,ERR,ERR,ERR,ERR,ERR,ERR,ERR,ERR,ERR,ERR,ERR,ERR,ERR,ERR,ERR,ERR,ERR,ERR,ERR,ERR,ERR,ERR,ERR,ERR,ERR,ERR,ERR,ERR,ERR,ERR,ERR,ERR,ERR,ERR,ERR,ERR,ERR,ERR,ERR,ERR,ERR,ERR,ERR,ERR,ERR,ERR,ERR,ERR,ERR,ERR,ERR,ERR,ERR,ERR,ERR,ERR,ERR,ERR,ERR,ERR,ERR,ERR,ERR,ERR,ERR,ERR,ERR,0.0,0.0,-134474944.0,0.0,0.0,1.3936040501711995e+18,7.805,0.0,0,0,4,0,8422,0.0,45,0.0,0.0,0.0,0.0,0.0,0,0,0,0,0.0,0,0,0,0,0,0,0,0,0,0,0,0,0,0,0,0,0,0,0,0,0,0,0,0,0,0,0,0,0,0,0,0,0,38,14,7,45,65476,0,300,0,0,8,21553,0.0,-107605600.0,0.0,0.0,0.0,0.0,0.0,0.0,0.0,0.0,0.0,0.0,0.0,0.0,0.0,0.0,0.0,0.0,0.0,0.0,0.0,0.0,0.0,0.0,-2.004,2.004,0.0,0.0,0.0,0.0,5040.0,-0.0,0.0,0.0,0.0,0.0,-107615304.0,0.0,0.0,0.0,0.0,53,2.7184300208680915e+23,-152017297211392.0,0.0,0.0,0.0,0.0,0.0,0.0,0.0,0,0,0,0.0,0.0,0.0,0.0,0.0,0.0,0.0,0.0,0.0,0.0,0.0,0.0,0.0,0.0,0.0,0.0,0,-107875648.0,53,0.0,106,-107614832.0,2.7006707062415038e+23,ERR,ERR,ERR,ERR,ERR,ERR,ERR,ERR,ERR,ERR,ERR,ERR,ERR,ERR,ERR,ERR,ERR,ERR,ERR,ERR,ERR,ERR,ERR,ERR,ERR,ERR,ERR,ERR,ERR,ERR,ERR,ERR,ERR,ERR,ERR,ERR,ERR,ERR,ERR,ERR,ERR,ERR,ERR,ERR,ERR,ERR,ERR,ERR,ERR,ERR,ERR,ERR,ERR,ERR,ERR,ERR,ERR,ERR,ERR,ERR,ERR,ERR,ERR,ERR,ERR,ERR,ERR,50.0,60.0,100,0.0,0.0,0.0,0.0,0.0,0.0,0.0,0.0,0.0,0.0,0.0,0.0,0.0,0.0,0.0,0.0,62.0,64,20,65521,50,65476,0,300,0,0,8,20529,65476,0,0,26214,60.0,0.0,0.0,0.0,0.0,0.0
2026-05-17T16:37:52,ERR,ERR,ERR,ERR,ERR,ERR,ERR,ERR,ERR,ERR,ERR,ERR,ERR,ERR,ERR,ERR,ERR,ERR,ERR,ERR,ERR,ERR,ERR,ERR,ERR,ERR,ERR,ERR,ERR,ERR,ERR,ERR,ERR,ERR,ERR,ERR,ERR,ERR,ERR,ERR,ERR,ERR,ERR,ERR,ERR,ERR,ERR,ERR,ERR,ERR,ERR,ERR,ERR,ERR,ERR,ERR,ERR,ERR,ERR,ERR,ERR,ERR,ERR,ERR,ERR,ERR,ERR,ERR,ERR,ERR,ERR,ERR,ERR,ERR,ERR,ERR,ERR,ERR,ERR,ERR,ERR,ERR,ERR,ERR,ERR,ERR,ERR,ERR,ERR,ERR,ERR,ERR,ERR,ERR,ERR,ERR,ERR,ERR,ERR,ERR,ERR,ERR,ERR,ERR,ERR,ERR,ERR,ERR,ERR,ERR,ERR,ERR,ERR,ERR,ERR,ERR,ERR,ERR,ERR,ERR,ERR,ERR,ERR,ERR,ERR,0.0,0.0,-134474944.0,0.0,0.0,1.3936040501711995e+18,7.805,0.0,0,0,4,0,8422,0.0,45,0.0,0.0,0.0,0.0,0.0,0,0,0,0,0.0,0,0,0,0,0,0,0,0,0,0,0,0,0,0,0,0,0,0,0,0,0,0,0,0,0,0,0,0,0,0,0,0,0,38,14,7,45,65476,0,300,0,0,8,21553,0.0,-107605600.0,0.0,0.0,0.0,0.0,0.0,0.0,0.0,0.0,0.0,0.0,0.0,0.0,0.0,0.0,0.0,0.0,0.0,0.0,0.0,0.0,0.0,0.0,-2.004,2.004,0.0,0.0,0.0,0.0,5040.0,-0.0,0.0,0.0,0.0,0.0,-107615304.0,0.0,0.0,0.0,0.0,53,2.7184300208680915e+23,-152017297211392.0,0.0,0.0,0.0,0.0,0.0,0.0,0.0,0,0,0,0.0,0.0,0.0,0.0,0.0,0.0,0.0,0.0,0.0,0.0,0.0,0.0,0.0,0.0,0.0,0.0,0,-107875648.0,53,0.0,106,-107614832.0,2.7006707062415038e+23,ERR,ERR,ERR,ERR,ERR,ERR,ERR,ERR,ERR,ERR,ERR,ERR,ERR,ERR,ERR,ERR,ERR,ERR,ERR,ERR,ERR,ERR,ERR,ERR,ERR,ERR,ERR,ERR,ERR,ERR,ERR,ERR,ERR,ERR,ERR,ERR,ERR,ERR,ERR,ERR,ERR,ERR,ERR,ERR,ERR,ERR,ERR,ERR,ERR,ERR,ERR,ERR,ERR,ERR,ERR,ERR,ERR,ERR,ERR,ERR,ERR,ERR,ERR,ERR,ERR,ERR,ERR,50.0,60.0,100,0.0,0.0,0.0,0.0,0.0,0.0,0.0,0.0,0.0,0.0,0.0,0.0,0.0,0.0,0.0,0.0,61.6,64,20,65521,50,65476,0,300,0,0,8,20529,65476,0,0,26214,60.0,0.0,0.0,0.0,0.0,0.0
2026-05-17T16:37:53,ERR,ERR,ERR,ERR,ERR,ERR,ERR,ERR,ERR,ERR,ERR,ERR,ERR,ERR,ERR,ERR,ERR,ERR,ERR,ERR,ERR,ERR,ERR,ERR,ERR,ERR,ERR,ERR,ERR,ERR,ERR,ERR,ERR,ERR,ERR,ERR,ERR,ERR,ERR,ERR,ERR,ERR,ERR,ERR,ERR,ERR,ERR,ERR,ERR,ERR,ERR,ERR,ERR,ERR,ERR,ERR,ERR,ERR,ERR,ERR,ERR,ERR,ERR,ERR,ERR,ERR,ERR,ERR,ERR,ERR,ERR,ERR,ERR,ERR,ERR,ERR,ERR,ERR,ERR,ERR,ERR,ERR,ERR,ERR,ERR,ERR,ERR,ERR,ERR,ERR,ERR,ERR,ERR,ERR,ERR,ERR,ERR,ERR,ERR,ERR,ERR,ERR,ERR,ERR,ERR,ERR,ERR,ERR,ERR,ERR,ERR,ERR,ERR,ERR,ERR,ERR,ERR,ERR,ERR,ERR,ERR,ERR,ERR,ERR,ERR,0.0,0.0,-134474944.0,0.0,0.0,1.3936040501711995e+18,7.805,0.0,0,0,4,0,8422,0.0,45,0.0,0.0,0.0,0.0,0.0,0,0,0,0,0.0,0,0,0,0,0,0,0,0,0,0,0,0,0,0,0,0,0,0,0,0,0,0,0,0,0,0,0,0,0,0,0,0,0,38,14,7,45,65476,0,300,0,0,8,21553,0.0,-107605600.0,0.0,0.0,0.0,0.0,0.0,0.0,0.0,0.0,0.0,0.0,0.0,0.0,0.0,0.0,0.0,0.0,0.0,0.0,0.0,0.0,0.0,0.0,-2.004,2.004,0.0,0.0,0.0,0.0,5040.0,-0.0,0.0,0.0,0.0,0.0,-107615304.0,0.0,0.0,0.0,0.0,53,2.7184300208680915e+23,-152017297211392.0,0.0,0.0,0.0,0.0,0.0,0.0,0.0,0,0,0,0.0,0.0,0.0,0.0,0.0,0.0,0.0,0.0,0.0,0.0,0.0,0.0,0.0,0.0,0.0,0.0,0,-107875648.0,53,0.0,106,-107614832.0,2.7006707062415038e+23,ERR,ERR,ERR,ERR,ERR,ERR,ERR,ERR,ERR,ERR,ERR,ERR,ERR,ERR,ERR,ERR,ERR,ERR,ERR,ERR,ERR,ERR,ERR,ERR,ERR,ERR,ERR,ERR,ERR,ERR,ERR,ERR,ERR,ERR,ERR,ERR,ERR,ERR,ERR,ERR,ERR,ERR,ERR,ERR,ERR,ERR,ERR,ERR,ERR,ERR,ERR,ERR,ERR,ERR,ERR,ERR,ERR,ERR,ERR,ERR,ERR,ERR,ERR,ERR,ERR,ERR,ERR,50.0,60.0,100,0.0,0.0,0.0,0.0,0.0,0.0,0.0,0.0,0.0,0.0,0.0,0.0,0.0,0.0,0.0,0.0,62.0,64,20,65521,50,65476,0,300,0,0,8,20529,65476,0,0,26214,60.0,0.0,0.0,0.0,0.0,0.0
2026-05-17T16:37:54,ERR,ERR,ERR,ERR,ERR,ERR,ERR,ERR,ERR,ERR,ERR,ERR,ERR,ERR,ERR,ERR,ERR,ERR,ERR,ERR,ERR,ERR,ERR,ERR,ERR,ERR,ERR,ERR,ERR,ERR,ERR,ERR,ERR,ERR,ERR,ERR,ERR,ERR,ERR,ERR,ERR,ERR,ERR,ERR,ERR,ERR,ERR,ERR,ERR,ERR,ERR,ERR,ERR,ERR,ERR,ERR,ERR,ERR,ERR,ERR,ERR,ERR,ERR,ERR,ERR,ERR,ERR,ERR,ERR,ERR,ERR,ERR,ERR,ERR,ERR,ERR,ERR,ERR,ERR,ERR,ERR,ERR,ERR,ERR,ERR,ERR,ERR,ERR,ERR,ERR,ERR,ERR,ERR,ERR,ERR,ERR,ERR,ERR,ERR,ERR,ERR,ERR,ERR,ERR,ERR,ERR,ERR,ERR,ERR,ERR,ERR,ERR,ERR,ERR,ERR,ERR,ERR,ERR,ERR,ERR,ERR,ERR,ERR,ERR,ERR,0.0,0.0,-134474944.0,0.0,0.0,1.3936040501711995e+18,7.805,0.0,0,0,4,0,8422,0.0,45,0.0,0.0,0.0,0.0,0.0,0,0,0,0,0.0,0,0,0,0,0,0,0,0,0,0,0,0,0,0,0,0,0,0,0,0,0,0,0,0,0,0,0,0,0,0,0,0,0,38,14,7,45,65476,0,300,0,0,8,21553,0.0,-107605600.0,0.0,0.0,0.0,0.0,0.0,0.0,0.0,0.0,0.0,0.0,0.0,0.0,0.0,0.0,0.0,0.0,0.0,0.0,0.0,0.0,0.0,0.0,-2.004,2.004,0.0,0.0,0.0,0.0,5037.0,-0.0,0.0,0.0,0.0,0.0,-107615304.0,0.0,0.0,0.0,0.0,53,152018454839296.0,-2.308828227263571e+20,0.0,0.0,0.0,0.0,0.0,0.0,0.0,0,0,0,0.0,0.0,0.0,0.0,0.0,0.0,0.0,0.0,0.0,0.0,0.0,0.0,0.0,0.0,0.0,0.0,0,-107875648.0,53,0.0,106,-107614832.0,2.7006707062415038e+23,ERR,ERR,ERR,ERR,ERR,ERR,ERR,ERR,ERR,ERR,ERR,ERR,ERR,ERR,ERR,ERR,ERR,ERR,ERR,ERR,ERR,ERR,ERR,ERR,ERR,ERR,ERR,ERR,ERR,ERR,ERR,ERR,ERR,ERR,ERR,ERR,ERR,ERR,ERR,ERR,ERR,ERR,ERR,ERR,ERR,ERR,ERR,ERR,ERR,ERR,ERR,ERR,ERR,ERR,ERR,ERR,ERR,ERR,ERR,ERR,ERR,ERR,ERR,ERR,ERR,ERR,ERR,50.0,60.0,100,0.0,0.0,0.0,0.0,0.0,0.0,0.0,0.0,0.0,0.0,0.0,0.0,0.0,0.0,0.0,0.0,62.0,64,20,65521,50,65476,0,300,0,0,8,20529,65476,0,0,26214,60.0,0.0,0.0,0.0,0.0,0.0
2026-05-17T16:37:55,ERR,ERR,ERR,ERR,ERR,ERR,ERR,ERR,ERR,ERR,ERR,ERR,ERR,ERR,ERR,ERR,ERR,ERR,ERR,ERR,ERR,ERR,ERR,ERR,ERR,ERR,ERR,ERR,ERR,ERR,ERR,ERR,ERR,ERR,ERR,ERR,ERR,ERR,ERR,ERR,ERR,ERR,ERR,ERR,ERR,ERR,ERR,ERR,ERR,ERR,ERR,ERR,ERR,ERR,ERR,ERR,ERR,ERR,ERR,ERR,ERR,ERR,ERR,ERR,ERR,ERR,ERR,ERR,ERR,ERR,ERR,ERR,ERR,ERR,ERR,ERR,ERR,ERR,ERR,ERR,ERR,ERR,ERR,ERR,ERR,ERR,ERR,ERR,ERR,ERR,ERR,ERR,ERR,ERR,ERR,ERR,ERR,ERR,ERR,ERR,ERR,ERR,ERR,ERR,ERR,ERR,ERR,ERR,ERR,ERR,ERR,ERR,ERR,ERR,ERR,ERR,ERR,ERR,ERR,ERR,ERR,ERR,ERR,ERR,ERR,0.0,0.0,-134474944.0,0.0,0.0,1.3936040501711995e+18,7.805,0.0,0,0,4,0,8422,0.0,45,0.0,0.0,0.0,0.0,0.0,0,0,0,0,0.0,0,0,0,0,0,0,0,0,0,0,0,0,0,0,0,0,0,0,0,0,0,0,0,0,0,0,0,0,0,0,0,0,0,38,14,7,45,65476,0,300,0,0,8,21553,0.0,-107605600.0,0.0,0.0,0.0,0.0,0.0,0.0,0.0,0.0,0.0,0.0,0.0,0.0,0.0,0.0,0.0,0.0,0.0,0.0,0.0,0.0,0.0,0.0,-2.004,2.004,0.0,0.0,0.0,0.0,5037.0,-0.0,0.0,0.0,0.0,0.0,-107615304.0,0.0,0.0,0.0,0.0,53,152018454839296.0,-2.308828227263571e+20,0.0,0.0,0.0,0.0,0.0,0.0,0.0,0,0,0,0.0,0.0,0.0,0.0,0.0,0.0,0.0,0.0,0.0,0.0,0.0,0.0,0.0,0.0,0.0,0.0,0,-107875648.0,53,0.0,106,-107614832.0,2.7006707062415038e+23,ERR,ERR,ERR,ERR,ERR,ERR,ERR,ERR,ERR,ERR,ERR,ERR,ERR,ERR,ERR,ERR,ERR,ERR,ERR,ERR,ERR,ERR,ERR,ERR,ERR,ERR,ERR,ERR,ERR,ERR,ERR,ERR,ERR,ERR,ERR,ERR,ERR,ERR,ERR,ERR,ERR,ERR,ERR,ERR,ERR,ERR,ERR,ERR,ERR,ERR,ERR,ERR,ERR,ERR,ERR,ERR,ERR,ERR,ERR,ERR,ERR,ERR,ERR,ERR,ERR,ERR,ERR,50.0,60.0,100,0.0,0.0,0.0,0.0,0.0,0.0,0.0,0.0,0.0,0.0,0.0,0.0,0.0,0.0,0.0,0.0,61.6,64,20,65521,50,65476,0,300,0,0,8,20529,65476,0,0,26214,60.0,0.0,0.0,0.0,0.0,0.0
2026-05-17T16:37:56,ERR,ERR,ERR,ERR,ERR,ERR,ERR,ERR,ERR,ERR,ERR,ERR,ERR,ERR,ERR,ERR,ERR,ERR,ERR,ERR,ERR,ERR,ERR,ERR,ERR,ERR,ERR,ERR,ERR,ERR,ERR,ERR,ERR,ERR,ERR,ERR,ERR,ERR,ERR,ERR,ERR,ERR,ERR,ERR,ERR,ERR,ERR,ERR,ERR,ERR,ERR,ERR,ERR,ERR,ERR,ERR,ERR,ERR,ERR,ERR,ERR,ERR,ERR,ERR,ERR,ERR,ERR,ERR,ERR,ERR,ERR,ERR,ERR,ERR,ERR,ERR,ERR,ERR,ERR,ERR,ERR,ERR,ERR,ERR,ERR,ERR,ERR,ERR,ERR,ERR,ERR,ERR,ERR,ERR,ERR,ERR,ERR,ERR,ERR,ERR,ERR,ERR,ERR,ERR,ERR,ERR,ERR,ERR,ERR,ERR,ERR,ERR,ERR,ERR,ERR,ERR,ERR,ERR,ERR,ERR,ERR,ERR,ERR,ERR,ERR,0.0,0.0,-134474944.0,0.0,0.0,1.3936040501711995e+18,7.805,0.0,0,0,4,0,8422,0.0,45,0.0,0.0,0.0,0.0,0.0,0,0,0,0,0.0,0,0,0,0,0,0,0,0,0,0,0,0,0,0,0,0,0,0,0,0,0,0,0,0,0,0,0,0,0,0,0,0,0,38,14,7,45,65476,0,300,0,0,8,21553,0.0,-107605600.0,0.0,0.0,0.0,0.0,0.0,0.0,0.0,0.0,0.0,0.0,0.0,0.0,0.0,0.0,0.0,0.0,0.0,0.0,0.0,0.0,0.0,0.0,-2.004,2.004,0.0,0.0,0.0,0.0,5037.0,-0.0,0.0,0.0,0.0,0.0,-107615304.0,0.0,0.0,0.0,0.0,53,152018454839296.0,-2.308828227263571e+20,0.0,0.0,0.0,0.0,0.0,0.0,0.0,0,0,0,0.0,0.0,0.0,0.0,0.0,0.0,0.0,0.0,0.0,0.0,0.0,0.0,0.0,0.0,0.0,0.0,0,-107875648.0,53,0.0,106,-107614832.0,2.7006707062415038e+23,ERR,ERR,ERR,ERR,ERR,ERR,ERR,ERR,ERR,ERR,ERR,ERR,ERR,ERR,ERR,ERR,ERR,ERR,ERR,ERR,ERR,ERR,ERR,ERR,ERR,ERR,ERR,ERR,ERR,ERR,ERR,ERR,ERR,ERR,ERR,ERR,ERR,ERR,ERR,ERR,ERR,ERR,ERR,ERR,ERR,ERR,ERR,ERR,ERR,ERR,ERR,ERR,ERR,ERR,ERR,ERR,ERR,ERR,ERR,ERR,ERR,ERR,ERR,ERR,ERR,ERR,ERR,50.0,60.0,100,0.0,0.0,0.0,0.0,0.0,0.0,0.0,0.0,0.0,0.0,0.0,0.0,0.0,0.0,0.0,0.0,61.6,64,20,65521,50,65476,0,300,0,0,8,20529,65476,0,0,26214,60.0,0.0,0.0,0.0,0.0,0.0
2026-05-17T16:37:57,ERR,ERR,ERR,ERR,ERR,ERR,ERR,ERR,ERR,ERR,ERR,ERR,ERR,ERR,ERR,ERR,ERR,ERR,ERR,ERR,ERR,ERR,ERR,ERR,ERR,ERR,ERR,ERR,ERR,ERR,ERR,ERR,ERR,ERR,ERR,ERR,ERR,ERR,ERR,ERR,ERR,ERR,ERR,ERR,ERR,ERR,ERR,ERR,ERR,ERR,ERR,ERR,ERR,ERR,ERR,ERR,ERR,ERR,ERR,ERR,ERR,ERR,ERR,ERR,ERR,ERR,ERR,ERR,ERR,ERR,ERR,ERR,ERR,ERR,ERR,ERR,ERR,ERR,ERR,ERR,ERR,ERR,ERR,ERR,ERR,ERR,ERR,ERR,ERR,ERR,ERR,ERR,ERR,ERR,ERR,ERR,ERR,ERR,ERR,ERR,ERR,ERR,ERR,ERR,ERR,ERR,ERR,ERR,ERR,ERR,ERR,ERR,ERR,ERR,ERR,ERR,ERR,ERR,ERR,ERR,ERR,ERR,ERR,ERR,ERR,0.0,0.0,-134474944.0,0.0,0.0,1.3936040501711995e+18,7.805,0.0,0,0,4,0,8422,0.0,45,0.0,0.0,0.0,0.0,0.0,0,0,0,0,0.0,0,0,0,0,0,0,0,0,0,0,0,0,0,0,0,0,0,0,0,0,0,0,0,0,0,0,0,0,0,0,0,0,0,38,14,7,45,65476,0,300,0,0,8,21553,0.0,-107605600.0,0.0,0.0,0.0,0.0,0.0,0.0,0.0,0.0,0.0,0.0,0.0,0.0,0.0,0.0,0.0,0.0,0.0,0.0,0.0,0.0,0.0,0.0,-2.004,2.004,0.0,0.0,0.0,0.0,5037.0,-0.0,0.0,0.0,0.0,0.0,-107615304.0,0.0,0.0,0.0,0.0,53,152018454839296.0,-2.308828227263571e+20,0.0,0.0,0.0,0.0,0.0,0.0,0.0,0,0,0,0.0,0.0,0.0,0.0,0.0,0.0,0.0,0.0,0.0,0.0,0.0,0.0,0.0,0.0,0.0,0.0,0,-107875648.0,53,0.0,106,-107614832.0,2.7006707062415038e+23,ERR,ERR,ERR,ERR,ERR,ERR,ERR,ERR,ERR,ERR,ERR,ERR,ERR,ERR,ERR,ERR,ERR,ERR,ERR,ERR,ERR,ERR,ERR,ERR,ERR,ERR,ERR,ERR,ERR,ERR,ERR,ERR,ERR,ERR,ERR,ERR,ERR,ERR,ERR,ERR,ERR,ERR,ERR,ERR,ERR,ERR,ERR,ERR,ERR,ERR,ERR,ERR,ERR,ERR,ERR,ERR,ERR,ERR,ERR,ERR,ERR,ERR,ERR,ERR,ERR,ERR,ERR,50.0,60.0,100,0.0,0.0,0.0,0.0,0.0,0.0,0.0,0.0,0.0,0.0,0.0,0.0,0.0,0.0,0.0,0.0,61.6,64,20,65521,50,65476,0,300,0,0,8,20529,65476,0,0,26214,60.0,0.0,0.0,0.0,0.0,0.0
2026-05-17T16:37:58,ERR,ERR,ERR,ERR,ERR,ERR,ERR,ERR,ERR,ERR,ERR,ERR,ERR,ERR,ERR,ERR,ERR,ERR,ERR,ERR,ERR,ERR,ERR,ERR,ERR,ERR,ERR,ERR,ERR,ERR,ERR,ERR,ERR,ERR,ERR,ERR,ERR,ERR,ERR,ERR,ERR,ERR,ERR,ERR,ERR,ERR,ERR,ERR,ERR,ERR,ERR,ERR,ERR,ERR,ERR,ERR,ERR,ERR,ERR,ERR,ERR,ERR,ERR,ERR,ERR,ERR,ERR,ERR,ERR,ERR,ERR,ERR,ERR,ERR,ERR,ERR,ERR,ERR,ERR,ERR,ERR,ERR,ERR,ERR,ERR,ERR,ERR,ERR,ERR,ERR,ERR,ERR,ERR,ERR,ERR,ERR,ERR,ERR,ERR,ERR,ERR,ERR,ERR,ERR,ERR,ERR,ERR,ERR,ERR,ERR,ERR,ERR,ERR,ERR,ERR,ERR,ERR,ERR,ERR,ERR,ERR,ERR,ERR,ERR,ERR,0.0,0.0,-134474944.0,0.0,0.0,1.3936040501711995e+18,7.805,0.0,0,0,4,0,8422,0.0,45,0.0,0.0,0.0,0.0,0.0,0,0,0,0,0.0,0,0,0,0,0,0,0,0,0,0,0,0,0,0,0,0,0,0,0,0,0,0,0,0,0,0,0,0,0,0,0,0,0,38,14,7,45,65476,0,300,0,0,8,21553,0.0,-107605600.0,0.0,0.0,0.0,0.0,0.0,0.0,0.0,0.0,0.0,0.0,0.0,0.0,0.0,0.0,0.0,0.0,0.0,0.0,0.0,0.0,0.0,0.0,-2.004,2.004,0.0,0.0,0.0,0.0,5037.0,-0.0,0.0,0.0,0.0,0.0,-107615304.0,0.0,0.0,0.0,0.0,53,152018454839296.0,-2.308828227263571e+20,0.0,0.0,0.0,0.0,0.0,0.0,0.0,0,0,0,0.0,0.0,0.0,0.0,0.0,0.0,0.0,0.0,0.0,0.0,0.0,0.0,0.0,0.0,0.0,0.0,0,-107875648.0,53,0.0,106,-107614832.0,2.7006707062415038e+23,ERR,ERR,ERR,ERR,ERR,ERR,ERR,ERR,ERR,ERR,ERR,ERR,ERR,ERR,ERR,ERR,ERR,ERR,ERR,ERR,ERR,ERR,ERR,ERR,ERR,ERR,ERR,ERR,ERR,ERR,ERR,ERR,ERR,ERR,ERR,ERR,ERR,ERR,ERR,ERR,ERR,ERR,ERR,ERR,ERR,ERR,ERR,ERR,ERR,ERR,ERR,ERR,ERR,ERR,ERR,ERR,ERR,ERR,ERR,ERR,ERR,ERR,ERR,ERR,ERR,ERR,ERR,50.0,60.0,100,0.0,0.0,0.0,0.0,0.0,0.0,0.0,0.0,0.0,0.0,0.0,0.0,0.0,0.0,0.0,0.0,61.6,64,20,65521,50,65476,0,300,0,0,8,20529,65476,0,0,26214,60.0,0.0,0.0,0.0,0.0,0.0
2026-05-17T16:37:59,ERR,ERR,ERR,ERR,ERR,ERR,ERR,ERR,ERR,ERR,ERR,ERR,ERR,ERR,ERR,ERR,ERR,ERR,ERR,ERR,ERR,ERR,ERR,ERR,ERR,ERR,ERR,ERR,ERR,ERR,ERR,ERR,ERR,ERR,ERR,ERR,ERR,ERR,ERR,ERR,ERR,ERR,ERR,ERR,ERR,ERR,ERR,ERR,ERR,ERR,ERR,ERR,ERR,ERR,ERR,ERR,ERR,ERR,ERR,ERR,ERR,ERR,ERR,ERR,ERR,ERR,ERR,ERR,ERR,ERR,ERR,ERR,ERR,ERR,ERR,ERR,ERR,ERR,ERR,ERR,ERR,ERR,ERR,ERR,ERR,ERR,ERR,ERR,ERR,ERR,ERR,ERR,ERR,ERR,ERR,ERR,ERR,ERR,ERR,ERR,ERR,ERR,ERR,ERR,ERR,ERR,ERR,ERR,ERR,ERR,ERR,ERR,ERR,ERR,ERR,ERR,ERR,ERR,ERR,ERR,ERR,ERR,ERR,ERR,ERR,0.0,0.0,-134474944.0,0.0,0.0,1.3936040501711995e+18,7.805,0.0,0,0,4,0,8422,0.0,45,0.0,0.0,0.0,0.0,0.0,0,0,0,0,0.0,0,0,0,0,0,0,0,0,0,0,0,0,0,0,0,0,0,0,0,0,0,0,0,0,0,0,0,0,0,0,0,0,0,38,14,7,45,65476,0,300,0,0,8,21553,0.0,-107605600.0,0.0,0.0,0.0,0.0,0.0,0.0,0.0,0.0,0.0,0.0,0.0,0.0,0.0,0.0,0.0,0.0,0.0,0.0,0.0,0.0,0.0,0.0,-2.004,2.004,0.0,0.0,0.0,0.0,5041.0,-0.0,0.0,0.0,0.0,0.0,-0.0,0.0,0.0,0.0,0.0,53,3.222028592685471e+26,-0.0,0.0,0.0,0.0,0.0,0.0,0.0,0.0,0,0,0,0.0,0.0,0.0,0.0,0.0,0.0,0.0,0.0,0.0,0.0,0.0,0.0,0.0,0.0,0.0,0.0,0,-107875648.0,53,0.0,106,-107614832.0,2.7006707062415038e+23,ERR,ERR,ERR,ERR,ERR,ERR,ERR,ERR,ERR,ERR,ERR,ERR,ERR,ERR,ERR,ERR,ERR,ERR,ERR,ERR,ERR,ERR,ERR,ERR,ERR,ERR,ERR,ERR,ERR,ERR,ERR,ERR,ERR,ERR,ERR,ERR,ERR,ERR,ERR,ERR,ERR,ERR,ERR,ERR,ERR,ERR,ERR,ERR,ERR,ERR,ERR,ERR,ERR,ERR,ERR,ERR,ERR,ERR,ERR,ERR,ERR,ERR,ERR,ERR,ERR,ERR,ERR,50.0,60.0,100,0.0,0.0,0.0,0.0,0.0,0.0,0.0,0.0,0.0,0.0,0.0,0.0,0.0,0.0,0.0,0.0,61.6,65,20,65521,50,65476,0,300,0,0,8,20529,65476,0,0,26214,60.0,0.0,0.0,0.0,0.0,0.0
2026-05-17T16:38:00,ERR,ERR,ERR,ERR,ERR,ERR,ERR,ERR,ERR,ERR,ERR,ERR,ERR,ERR,ERR,ERR,ERR,ERR,ERR,ERR,ERR,ERR,ERR,ERR,ERR,ERR,ERR,ERR,ERR,ERR,ERR,ERR,ERR,ERR,ERR,ERR,ERR,ERR,ERR,ERR,ERR,ERR,ERR,ERR,ERR,ERR,ERR,ERR,ERR,ERR,ERR,ERR,ERR,ERR,ERR,ERR,ERR,ERR,ERR,ERR,ERR,ERR,ERR,ERR,ERR,ERR,ERR,ERR,ERR,ERR,ERR,ERR,ERR,ERR,ERR,ERR,ERR,ERR,ERR,ERR,ERR,ERR,ERR,ERR,ERR,ERR,ERR,ERR,ERR,ERR,ERR,ERR,ERR,ERR,ERR,ERR,ERR,ERR,ERR,ERR,ERR,ERR,ERR,ERR,ERR,ERR,ERR,ERR,ERR,ERR,ERR,ERR,ERR,ERR,ERR,ERR,ERR,ERR,ERR,ERR,ERR,ERR,ERR,ERR,ERR,0.0,0.0,-134474944.0,0.0,0.0,1.3936040501711995e+18,7.805,0.0,0,0,4,0,8422,0.0,45,0.0,0.0,0.0,0.0,0.0,0,0,0,0,0.0,0,0,0,0,0,0,0,0,0,0,0,0,0,0,0,0,0,0,0,0,0,0,0,0,0,0,0,0,0,0,0,0,0,38,14,7,45,65476,0,300,0,0,8,21553,0.0,-107605600.0,0.0,0.0,0.0,0.0,0.0,0.0,0.0,0.0,0.0,0.0,0.0,0.0,0.0,0.0,0.0,0.0,0.0,0.0,0.0,0.0,0.0,0.0,-2.004,2.004,0.0,0.0,0.0,0.0,5041.0,-0.0,0.0,0.0,0.0,0.0,-0.0,0.0,0.0,0.0,0.0,53,3.222028592685471e+26,-0.0,0.0,0.0,0.0,0.0,0.0,0.0,0.0,0,0,0,0.0,0.0,0.0,0.0,0.0,0.0,0.0,0.0,0.0,0.0,0.0,0.0,0.0,0.0,0.0,0.0,0,-107875648.0,53,0.0,106,-107614832.0,2.7006707062415038e+23,ERR,ERR,ERR,ERR,ERR,ERR,ERR,ERR,ERR,ERR,ERR,ERR,ERR,ERR,ERR,ERR,ERR,ERR,ERR,ERR,ERR,ERR,ERR,ERR,ERR,ERR,ERR,ERR,ERR,ERR,ERR,ERR,ERR,ERR,ERR,ERR,ERR,ERR,ERR,ERR,ERR,ERR,ERR,ERR,ERR,ERR,ERR,ERR,ERR,ERR,ERR,ERR,ERR,ERR,ERR,ERR,ERR,ERR,ERR,ERR,ERR,ERR,ERR,ERR,ERR,ERR,ERR,50.0,60.0,100,0.0,0.0,0.0,0.0,0.0,0.0,0.0,0.0,0.0,0.0,0.0,0.0,0.0,0.0,0.0,0.0,61.6,69,17,65517,50,65476,0,300,0,0,8,20529,65476,0,0,26214,60.0,0.0,0.0,0.0,0.0,0.0
2026-05-17T16:38:01,ERR,ERR,ERR,ERR,ERR,ERR,ERR,ERR,ERR,ERR,ERR,ERR,ERR,ERR,ERR,ERR,ERR,ERR,ERR,ERR,ERR,ERR,ERR,ERR,ERR,ERR,ERR,ERR,ERR,ERR,ERR,ERR,ERR,ERR,ERR,ERR,ERR,ERR,ERR,ERR,ERR,ERR,ERR,ERR,ERR,ERR,ERR,ERR,ERR,ERR,ERR,ERR,ERR,ERR,ERR,ERR,ERR,ERR,ERR,ERR,ERR,ERR,ERR,ERR,ERR,ERR,ERR,ERR,ERR,ERR,ERR,ERR,ERR,ERR,ERR,ERR,ERR,ERR,ERR,ERR,ERR,ERR,ERR,ERR,ERR,ERR,ERR,ERR,ERR,ERR,ERR,ERR,ERR,ERR,ERR,ERR,ERR,ERR,ERR,ERR,ERR,ERR,ERR,ERR,ERR,ERR,ERR,ERR,ERR,ERR,ERR,ERR,ERR,ERR,ERR,ERR,ERR,ERR,ERR,ERR,ERR,ERR,ERR,ERR,ERR,0.0,0.0,-134474944.0,0.0,0.0,1.3936040501711995e+18,7.805,0.0,0,0,4,0,8422,0.0,45,0.0,0.0,0.0,0.0,0.0,0,0,0,0,0.0,0,0,0,0,0,0,0,0,0,0,0,0,0,0,0,0,0,0,0,0,0,0,0,0,0,0,0,0,0,0,0,0,0,38,14,7,45,65476,0,300,0,0,8,21553,0.0,-107605600.0,0.0,0.0,0.0,0.0,0.0,0.0,0.0,0.0,0.0,0.0,0.0,0.0,0.0,0.0,0.0,0.0,0.0,0.0,0.0,0.0,0.0,0.0,-2.004,2.004,0.0,0.0,0.0,0.0,5041.0,-0.0,0.0,0.0,0.0,0.0,-0.0,0.0,0.0,0.0,0.0,53,3.222028592685471e+26,-0.0,0.0,0.0,0.0,0.0,0.0,0.0,0.0,0,0,0,0.0,0.0,0.0,0.0,0.0,0.0,0.0,0.0,0.0,0.0,0.0,0.0,0.0,0.0,0.0,0.0,0,-107875648.0,53,0.0,106,-107614832.0,2.7006707062415038e+23,ERR,ERR,ERR,ERR,ERR,ERR,ERR,ERR,ERR,ERR,ERR,ERR,ERR,ERR,ERR,ERR,ERR,ERR,ERR,ERR,ERR,ERR,ERR,ERR,ERR,ERR,ERR,ERR,ERR,ERR,ERR,ERR,ERR,ERR,ERR,ERR,ERR,ERR,ERR,ERR,ERR,ERR,ERR,ERR,ERR,ERR,ERR,ERR,ERR,ERR,ERR,ERR,ERR,ERR,ERR,ERR,ERR,ERR,ERR,ERR,ERR,ERR,ERR,ERR,ERR,ERR,ERR,50.0,60.0,100,0.0,0.0,0.0,0.0,0.0,0.0,0.0,0.0,0.0,0.0,0.0,0.0,0.0,0.0,0.0,0.0,61.6,69,17,65517,50,65476,0,300,0,0,8,20529,65476,0,0,26214,60.0,0.0,0.0,0.0,0.0,0.0
2026-05-17T16:38:02,ERR,ERR,ERR,ERR,ERR,ERR,ERR,ERR,ERR,ERR,ERR,ERR,ERR,ERR,ERR,ERR,ERR,ERR,ERR,ERR,ERR,ERR,ERR,ERR,ERR,ERR,ERR,ERR,ERR,ERR,ERR,ERR,ERR,ERR,ERR,ERR,ERR,ERR,ERR,ERR,ERR,ERR,ERR,ERR,ERR,ERR,ERR,ERR,ERR,ERR,ERR,ERR,ERR,ERR,ERR,ERR,ERR,ERR,ERR,ERR,ERR,ERR,ERR,ERR,ERR,ERR,ERR,ERR,ERR,ERR,ERR,ERR,ERR,ERR,ERR,ERR,ERR,ERR,ERR,ERR,ERR,ERR,ERR,ERR,ERR,ERR,ERR,ERR,ERR,ERR,ERR,ERR,ERR,ERR,ERR,ERR,ERR,ERR,ERR,ERR,ERR,ERR,ERR,ERR,ERR,ERR,ERR,ERR,ERR,ERR,ERR,ERR,ERR,ERR,ERR,ERR,ERR,ERR,ERR,ERR,ERR,ERR,ERR,ERR,ERR,0.0,0.0,-134474944.0,0.0,0.0,1.3936040501711995e+18,7.805,0.0,0,0,4,0,8422,0.0,45,0.0,0.0,0.0,0.0,0.0,0,0,0,0,0.0,0,0,0,0,0,0,0,0,0,0,0,0,0,0,0,0,0,0,0,0,0,0,0,0,0,0,0,0,0,0,0,0,0,38,14,7,45,65476,0,300,0,0,8,21553,0.0,-107605600.0,0.0,0.0,0.0,0.0,0.0,0.0,0.0,0.0,0.0,0.0,0.0,0.0,0.0,0.0,0.0,0.0,0.0,0.0,0.0,0.0,0.0,0.0,-2.004,2.004,0.0,0.0,0.0,0.0,5041.0,-0.0,0.0,0.0,0.0,0.0,-0.0,0.0,0.0,0.0,0.0,53,3.222028592685471e+26,-0.0,0.0,0.0,0.0,0.0,0.0,0.0,0.0,0,0,0,0.0,0.0,0.0,0.0,0.0,0.0,0.0,0.0,0.0,0.0,0.0,0.0,0.0,0.0,0.0,0.0,0,-107875648.0,53,0.0,106,-107614832.0,2.7006707062415038e+23,ERR,ERR,ERR,ERR,ERR,ERR,ERR,ERR,ERR,ERR,ERR,ERR,ERR,ERR,ERR,ERR,ERR,ERR,ERR,ERR,ERR,ERR,ERR,ERR,ERR,ERR,ERR,ERR,ERR,ERR,ERR,ERR,ERR,ERR,ERR,ERR,ERR,ERR,ERR,ERR,ERR,ERR,ERR,ERR,ERR,ERR,ERR,ERR,ERR,ERR,ERR,ERR,ERR,ERR,ERR,ERR,ERR,ERR,ERR,ERR,ERR,ERR,ERR,ERR,ERR,ERR,ERR,50.0,60.0,100,0.0,0.0,0.0,0.0,0.0,0.0,0.0,0.0,0.0,0.0,0.0,0.0,0.0,0.0,0.0,0.0,61.6,72,14,65514,50,65476,0,300,0,0,8,20529,65476,0,0,26214,60.0,0.0,0.0,0.0,0.0,0.0
2026-05-17T16:38:03,ERR,ERR,ERR,ERR,ERR,ERR,ERR,ERR,ERR,ERR,ERR,ERR,ERR,ERR,ERR,ERR,ERR,ERR,ERR,ERR,ERR,ERR,ERR,ERR,ERR,ERR,ERR,ERR,ERR,ERR,ERR,ERR,ERR,ERR,ERR,ERR,ERR,ERR,ERR,ERR,ERR,ERR,ERR,ERR,ERR,ERR,ERR,ERR,ERR,ERR,ERR,ERR,ERR,ERR,ERR,ERR,ERR,ERR,ERR,ERR,ERR,ERR,ERR,ERR,ERR,ERR,ERR,ERR,ERR,ERR,ERR,ERR,ERR,ERR,ERR,ERR,ERR,ERR,ERR,ERR,ERR,ERR,ERR,ERR,ERR,ERR,ERR,ERR,ERR,ERR,ERR,ERR,ERR,ERR,ERR,ERR,ERR,ERR,ERR,ERR,ERR,ERR,ERR,ERR,ERR,ERR,ERR,ERR,ERR,ERR,ERR,ERR,ERR,ERR,ERR,ERR,ERR,ERR,ERR,ERR,ERR,ERR,ERR,ERR,ERR,0.0,0.0,-134474944.0,0.0,0.0,1.3936040501711995e+18,7.805,0.0,0,0,4,0,8422,0.0,45,0.0,0.0,0.0,0.0,0.0,0,0,0,0,0.0,0,0,0,0,0,0,0,0,0,0,0,0,0,0,0,0,0,0,0,0,0,0,0,0,0,0,0,0,0,0,0,0,0,38,14,7,45,65476,0,300,0,0,8,21553,0.0,-107605600.0,0.0,0.0,0.0,0.0,0.0,0.0,0.0,0.0,0.0,0.0,0.0,0.0,0.0,0.0,0.0,0.0,0.0,0.0,0.0,0.0,0.0,0.0,-2.004,2.004,0.0,0.0,0.0,0.0,5041.0,-0.0,0.0,0.0,0.0,0.0,-0.0,0.0,0.0,0.0,0.0,53,3.222028592685471e+26,-0.0,0.0,0.0,0.0,0.0,0.0,0.0,0.0,0,0,0,0.0,0.0,0.0,0.0,0.0,0.0,0.0,0.0,0.0,0.0,0.0,0.0,0.0,0.0,0.0,0.0,0,-107875648.0,53,0.0,106,-107614832.0,2.7006707062415038e+23,ERR,ERR,ERR,ERR,ERR,ERR,ERR,ERR,ERR,ERR,ERR,ERR,ERR,ERR,ERR,ERR,ERR,ERR,ERR,ERR,ERR,ERR,ERR,ERR,ERR,ERR,ERR,ERR,ERR,ERR,ERR,ERR,ERR,ERR,ERR,ERR,ERR,ERR,ERR,ERR,ERR,ERR,ERR,ERR,ERR,ERR,ERR,ERR,ERR,ERR,ERR,ERR,ERR,ERR,ERR,ERR,ERR,ERR,ERR,ERR,ERR,ERR,ERR,ERR,ERR,ERR,ERR,50.0,60.0,100,0.0,0.0,0.0,0.0,0.0,0.0,0.0,0.0,0.0,0.0,0.0,0.0,0.0,0.0,0.0,0.0,61.6,72,14,65514,50,65476,0,300,0,0,8,20529,65476,0,0,26214,60.0,0.0,0.0,0.0,0.0,0.0
2026-05-17T16:38:04,ERR,ERR,ERR,ERR,ERR,ERR,ERR,ERR,ERR,ERR,ERR,ERR,ERR,ERR,ERR,ERR,ERR,ERR,ERR,ERR,ERR,ERR,ERR,ERR,ERR,ERR,ERR,ERR,ERR,ERR,ERR,ERR,ERR,ERR,ERR,ERR,ERR,ERR,ERR,ERR,ERR,ERR,ERR,ERR,ERR,ERR,ERR,ERR,ERR,ERR,ERR,ERR,ERR,ERR,ERR,ERR,ERR,ERR,ERR,ERR,ERR,ERR,ERR,ERR,ERR,ERR,ERR,ERR,ERR,ERR,ERR,ERR,ERR,ERR,ERR,ERR,ERR,ERR,ERR,ERR,ERR,ERR,ERR,ERR,ERR,ERR,ERR,ERR,ERR,ERR,ERR,ERR,ERR,ERR,ERR,ERR,ERR,ERR,ERR,ERR,ERR,ERR,ERR,ERR,ERR,ERR,ERR,ERR,ERR,ERR,ERR,ERR,ERR,ERR,ERR,ERR,ERR,ERR,ERR,ERR,ERR,ERR,ERR,ERR,ERR,0.0,-107615288.0,-0.0,0.0,0.0,1.3936040501711995e+18,7.805,0.0,0,0,4,0,8422,0.0,45,0.0,0.0,0.0,0.0,0.0,0,0,0,0,0.0,0,0,0,0,0,0,0,0,0,0,0,0,0,0,0,0,0,0,0,0,0,0,0,0,0,0,0,0,0,0,0,0,0,38,14,7,45,65476,0,300,0,0,8,21553,0.0,-107605600.0,0.0,0.0,0.0,0.0,0.0,0.0,0.0,0.0,0.0,0.0,0.0,0.0,0.0,0.0,0.0,0.0,0.0,0.0,0.0,0.0,0.0,0.0,-2.004,2.004,0.0,0.0,0.0,0.0,5038.0,-0.0,0.0,0.0,0.0,0.0,-0.0,0.0,0.0,0.0,0.0,53,1.9056979486756045e+17,-152017297211392.0,0.0,0.0,0.0,0.0,0.0,0.0,0.0,0,0,0,0.0,0.0,0.0,0.0,0.0,0.0,0.0,0.0,0.0,0.0,0.0,0.0,0.0,0.0,0.0,0.0,0,-107875648.0,53,0.0,106,-107614832.0,2.7006707062415038e+23,ERR,ERR,ERR,ERR,ERR,ERR,ERR,ERR,ERR,ERR,ERR,ERR,ERR,ERR,ERR,ERR,ERR,ERR,ERR,ERR,ERR,ERR,ERR,ERR,ERR,ERR,ERR,ERR,ERR,ERR,ERR,ERR,ERR,ERR,ERR,ERR,ERR,ERR,ERR,ERR,ERR,ERR,ERR,ERR,ERR,ERR,ERR,ERR,ERR,ERR,ERR,ERR,ERR,ERR,ERR,ERR,ERR,ERR,ERR,ERR,ERR,ERR,ERR,ERR,ERR,ERR,ERR,50.0,60.0,100,0.0,0.0,0.0,0.0,0.0,0.0,0.0,0.0,0.0,0.0,0.0,0.0,0.0,0.0,0.0,0.0,62.0,75,12,65510,50,65476,0,300,0,0,8,20529,65476,0,0,26214,60.0,0.0,0.0,0.0,0.0,0.0
2026-05-17T16:38:05,ERR,ERR,ERR,ERR,ERR,ERR,ERR,ERR,ERR,ERR,ERR,ERR,ERR,ERR,ERR,ERR,ERR,ERR,ERR,ERR,ERR,ERR,ERR,ERR,ERR,ERR,ERR,ERR,ERR,ERR,ERR,ERR,ERR,ERR,ERR,ERR,ERR,ERR,ERR,ERR,ERR,ERR,ERR,ERR,ERR,ERR,ERR,ERR,ERR,ERR,ERR,ERR,ERR,ERR,ERR,ERR,ERR,ERR,ERR,ERR,ERR,ERR,ERR,ERR,ERR,ERR,ERR,ERR,ERR,ERR,ERR,ERR,ERR,ERR,ERR,ERR,ERR,ERR,ERR,ERR,ERR,ERR,ERR,ERR,ERR,ERR,ERR,ERR,ERR,ERR,ERR,ERR,ERR,ERR,ERR,ERR,ERR,ERR,ERR,ERR,ERR,ERR,ERR,ERR,ERR,ERR,ERR,ERR,ERR,ERR,ERR,ERR,ERR,ERR,ERR,ERR,ERR,ERR,ERR,ERR,ERR,ERR,ERR,ERR,ERR,0.0,-107615288.0,-0.0,0.0,0.0,1.3936040501711995e+18,7.805,0.0,0,0,4,0,8422,0.0,45,0.0,0.0,0.0,0.0,0.0,0,0,0,0,0.0,0,0,0,0,0,0,0,0,0,0,0,0,0,0,0,0,0,0,0,0,0,0,0,0,0,0,0,0,0,0,0,0,0,38,14,7,45,65476,0,300,0,0,8,21553,0.0,-107605600.0,0.0,0.0,0.0,0.0,0.0,0.0,0.0,0.0,0.0,0.0,0.0,0.0,0.0,0.0,0.0,0.0,0.0,0.0,0.0,0.0,0.0,0.0,-2.004,2.004,0.0,0.0,0.0,0.0,5038.0,-0.0,0.0,0.0,0.0,0.0,-0.0,0.0,0.0,0.0,0.0,53,1.9056979486756045e+17,-152017297211392.0,0.0,0.0,0.0,0.0,0.0,0.0,0.0,0,0,0,0.0,0.0,0.0,0.0,0.0,0.0,0.0,0.0,0.0,0.0,0.0,0.0,0.0,0.0,0.0,0.0,0,-107875648.0,53,0.0,106,-107614832.0,2.7006707062415038e+23,ERR,ERR,ERR,ERR,ERR,ERR,ERR,ERR,ERR,ERR,ERR,ERR,ERR,ERR,ERR,ERR,ERR,ERR,ERR,ERR,ERR,ERR,ERR,ERR,ERR,ERR,ERR,ERR,ERR,ERR,ERR,ERR,ERR,ERR,ERR,ERR,ERR,ERR,ERR,ERR,ERR,ERR,ERR,ERR,ERR,ERR,ERR,ERR,ERR,ERR,ERR,ERR,ERR,ERR,ERR,ERR,ERR,ERR,ERR,ERR,ERR,ERR,ERR,ERR,ERR,ERR,ERR,50.0,60.0,100,0.0,0.0,0.0,0.0,0.0,0.0,0.0,0.0,0.0,0.0,0.0,0.0,0.0,0.0,0.0,0.0,62.0,75,12,65510,50,65476,0,300,0,0,8,20529,65476,0,0,26214,60.0,0.0,0.0,0.0,0.0,0.0
2026-05-17T16:38:06,ERR,ERR,ERR,ERR,ERR,ERR,ERR,ERR,ERR,ERR,ERR,ERR,ERR,ERR,ERR,ERR,ERR,ERR,ERR,ERR,ERR,ERR,ERR,ERR,ERR,ERR,ERR,ERR,ERR,ERR,ERR,ERR,ERR,ERR,ERR,ERR,ERR,ERR,ERR,ERR,ERR,ERR,ERR,ERR,ERR,ERR,ERR,ERR,ERR,ERR,ERR,ERR,ERR,ERR,ERR,ERR,ERR,ERR,ERR,ERR,ERR,ERR,ERR,ERR,ERR,ERR,ERR,ERR,ERR,ERR,ERR,ERR,ERR,ERR,ERR,ERR,ERR,ERR,ERR,ERR,ERR,ERR,ERR,ERR,ERR,ERR,ERR,ERR,ERR,ERR,ERR,ERR,ERR,ERR,ERR,ERR,ERR,ERR,ERR,ERR,ERR,ERR,ERR,ERR,ERR,ERR,ERR,ERR,ERR,ERR,ERR,ERR,ERR,ERR,ERR,ERR,ERR,ERR,ERR,ERR,ERR,ERR,ERR,ERR,ERR,0.0,-107615288.0,-0.0,0.0,0.0,1.3936040501711995e+18,7.805,0.0,0,0,4,0,8422,0.0,45,0.0,0.0,0.0,0.0,0.0,0,0,0,0,0.0,0,0,0,0,0,0,0,0,0,0,0,0,0,0,0,0,0,0,0,0,0,0,0,0,0,0,0,0,0,0,0,0,0,38,14,7,45,65476,0,300,0,0,8,21553,0.0,-107605600.0,0.0,0.0,0.0,0.0,0.0,0.0,0.0,0.0,0.0,0.0,0.0,0.0,0.0,0.0,0.0,0.0,0.0,0.0,0.0,0.0,0.0,0.0,-2.004,2.004,0.0,0.0,0.0,0.0,5038.0,-0.0,0.0,0.0,0.0,0.0,-0.0,0.0,0.0,0.0,0.0,53,1.9056979486756045e+17,-152017297211392.0,0.0,0.0,0.0,0.0,0.0,0.0,0.0,0,0,0,0.0,0.0,0.0,0.0,0.0,0.0,0.0,0.0,0.0,0.0,0.0,0.0,0.0,0.0,0.0,0.0,0,-107875648.0,53,0.0,106,-107614832.0,2.7006707062415038e+23,ERR,ERR,ERR,ERR,ERR,ERR,ERR,ERR,ERR,ERR,ERR,ERR,ERR,ERR,ERR,ERR,ERR,ERR,ERR,ERR,ERR,ERR,ERR,ERR,ERR,ERR,ERR,ERR,ERR,ERR,ERR,ERR,ERR,ERR,ERR,ERR,ERR,ERR,ERR,ERR,ERR,ERR,ERR,ERR,ERR,ERR,ERR,ERR,ERR,ERR,ERR,ERR,ERR,ERR,ERR,ERR,ERR,ERR,ERR,ERR,ERR,ERR,ERR,ERR,ERR,ERR,ERR,50.0,60.0,100,0.0,0.0,0.0,0.0,0.0,0.0,0.0,0.0,0.0,0.0,0.0,0.0,0.0,0.0,0.0,0.0,62.0,78,11,65508,50,65476,0,300,0,0,8,20529,65476,0,0,26214,60.0,0.0,0.0,0.0,0.0,0.0
2026-05-17T16:38:07,ERR,ERR,ERR,ERR,ERR,ERR,ERR,ERR,ERR,ERR,ERR,ERR,ERR,ERR,ERR,ERR,ERR,ERR,ERR,ERR,ERR,ERR,ERR,ERR,ERR,ERR,ERR,ERR,ERR,ERR,ERR,ERR,ERR,ERR,ERR,ERR,ERR,ERR,ERR,ERR,ERR,ERR,ERR,ERR,ERR,ERR,ERR,ERR,ERR,ERR,ERR,ERR,ERR,ERR,ERR,ERR,ERR,ERR,ERR,ERR,ERR,ERR,ERR,ERR,ERR,ERR,ERR,ERR,ERR,ERR,ERR,ERR,ERR,ERR,ERR,ERR,ERR,ERR,ERR,ERR,ERR,ERR,ERR,ERR,ERR,ERR,ERR,ERR,ERR,ERR,ERR,ERR,ERR,ERR,ERR,ERR,ERR,ERR,ERR,ERR,ERR,ERR,ERR,ERR,ERR,ERR,ERR,ERR,ERR,ERR,ERR,ERR,ERR,ERR,ERR,ERR,ERR,ERR,ERR,ERR,ERR,ERR,ERR,ERR,ERR,0.0,-107615288.0,-0.0,0.0,0.0,1.3936040501711995e+18,7.805,0.0,0,0,4,0,8422,0.0,45,0.0,0.0,0.0,0.0,0.0,0,0,0,0,0.0,0,0,0,0,0,0,0,0,0,0,0,0,0,0,0,0,0,0,0,0,0,0,0,0,0,0,0,0,0,0,0,0,0,38,14,7,45,65476,0,300,0,0,8,21553,0.0,-107605600.0,0.0,0.0,0.0,0.0,0.0,0.0,0.0,0.0,0.0,0.0,0.0,0.0,0.0,0.0,0.0,0.0,0.0,0.0,0.0,0.0,0.0,0.0,-2.004,2.004,0.0,0.0,0.0,0.0,5038.0,-0.0,0.0,0.0,0.0,0.0,-0.0,0.0,0.0,0.0,0.0,53,1.9056979486756045e+17,-152017297211392.0,0.0,0.0,0.0,0.0,0.0,0.0,0.0,0,0,0,0.0,0.0,0.0,0.0,0.0,0.0,0.0,0.0,0.0,0.0,0.0,0.0,0.0,0.0,0.0,0.0,0,-107875648.0,53,0.0,106,-107614832.0,2.7006707062415038e+23,ERR,ERR,ERR,ERR,ERR,ERR,ERR,ERR,ERR,ERR,ERR,ERR,ERR,ERR,ERR,ERR,ERR,ERR,ERR,ERR,ERR,ERR,ERR,ERR,ERR,ERR,ERR,ERR,ERR,ERR,ERR,ERR,ERR,ERR,ERR,ERR,ERR,ERR,ERR,ERR,ERR,ERR,ERR,ERR,ERR,ERR,ERR,ERR,ERR,ERR,ERR,ERR,ERR,ERR,ERR,ERR,ERR,ERR,ERR,ERR,ERR,ERR,ERR,ERR,ERR,ERR,ERR,50.0,60.0,100,0.0,0.0,0.0,0.0,0.0,0.0,0.0,0.0,0.0,0.0,0.0,0.0,0.0,0.0,0.0,0.0,61.6,80,10,65506,50,65476,0,300,0,0,8,20529,65476,0,0,26214,60.0,0.0,0.0,0.0,0.0,0.0
2026-05-17T16:38:08,ERR,ERR,ERR,ERR,ERR,ERR,ERR,ERR,ERR,ERR,ERR,ERR,ERR,ERR,ERR,ERR,ERR,ERR,ERR,ERR,ERR,ERR,ERR,ERR,ERR,ERR,ERR,ERR,ERR,ERR,ERR,ERR,ERR,ERR,ERR,ERR,ERR,ERR,ERR,ERR,ERR,ERR,ERR,ERR,ERR,ERR,ERR,ERR,ERR,ERR,ERR,ERR,ERR,ERR,ERR,ERR,ERR,ERR,ERR,ERR,ERR,ERR,ERR,ERR,ERR,ERR,ERR,ERR,ERR,ERR,ERR,ERR,ERR,ERR,ERR,ERR,ERR,ERR,ERR,ERR,ERR,ERR,ERR,ERR,ERR,ERR,ERR,ERR,ERR,ERR,ERR,ERR,ERR,ERR,ERR,ERR,ERR,ERR,ERR,ERR,ERR,ERR,ERR,ERR,ERR,ERR,ERR,ERR,ERR,ERR,ERR,ERR,ERR,ERR,ERR,ERR,ERR,ERR,ERR,ERR,ERR,ERR,ERR,ERR,ERR,0.0,-107615288.0,-0.0,0.0,0.0,1.3936040501711995e+18,7.805,0.0,0,0,4,0,8422,0.0,45,0.0,0.0,0.0,0.0,0.0,0,0,0,0,0.0,0,0,0,0,0,0,0,0,0,0,0,0,0,0,0,0,0,0,0,0,0,0,0,0,0,0,0,0,0,0,0,0,0,38,14,7,45,65476,0,300,0,0,8,21553,0.0,-107605600.0,0.0,0.0,0.0,0.0,0.0,0.0,0.0,0.0,0.0,0.0,0.0,0.0,0.0,0.0,0.0,0.0,0.0,0.0,0.0,0.0,0.0,0.0,-2.004,2.004,0.0,0.0,0.0,0.0,5038.0,-0.0,0.0,0.0,0.0,0.0,-0.0,0.0,0.0,0.0,0.0,53,1.9056979486756045e+17,-152017297211392.0,0.0,0.0,0.0,0.0,0.0,0.0,0.0,0,0,0,0.0,0.0,0.0,0.0,0.0,0.0,0.0,0.0,0.0,0.0,0.0,0.0,0.0,0.0,0.0,0.0,0,-107875648.0,53,0.0,106,-107614832.0,2.7006707062415038e+23,ERR,ERR,ERR,ERR,ERR,ERR,ERR,ERR,ERR,ERR,ERR,ERR,ERR,ERR,ERR,ERR,ERR,ERR,ERR,ERR,ERR,ERR,ERR,ERR,ERR,ERR,ERR,ERR,ERR,ERR,ERR,ERR,ERR,ERR,ERR,ERR,ERR,ERR,ERR,ERR,ERR,ERR,ERR,ERR,ERR,ERR,ERR,ERR,ERR,ERR,ERR,ERR,ERR,ERR,ERR,ERR,ERR,ERR,ERR,ERR,ERR,ERR,ERR,ERR,ERR,ERR,ERR,50.0,60.0,100,0.0,0.0,0.0,0.0,0.0,0.0,0.0,0.0,0.0,0.0,0.0,0.0,0.0,0.0,0.0,0.0,61.6,80,10,65506,50,65476,0,300,0,0,8,20529,65476,0,0,26214,60.0,0.0,0.0,0.0,0.0,0.0
2026-05-17T16:38:09,ERR,ERR,ERR,ERR,ERR,ERR,ERR,ERR,ERR,ERR,ERR,ERR,ERR,ERR,ERR,ERR,ERR,ERR,ERR,ERR,ERR,ERR,ERR,ERR,ERR,ERR,ERR,ERR,ERR,ERR,ERR,ERR,ERR,ERR,ERR,ERR,ERR,ERR,ERR,ERR,ERR,ERR,ERR,ERR,ERR,ERR,ERR,ERR,ERR,ERR,ERR,ERR,ERR,ERR,ERR,ERR,ERR,ERR,ERR,ERR,ERR,ERR,ERR,ERR,ERR,ERR,ERR,ERR,ERR,ERR,ERR,ERR,ERR,ERR,ERR,ERR,ERR,ERR,ERR,ERR,ERR,ERR,ERR,ERR,ERR,ERR,ERR,ERR,ERR,ERR,ERR,ERR,ERR,ERR,ERR,ERR,ERR,ERR,ERR,ERR,ERR,ERR,ERR,ERR,ERR,ERR,ERR,ERR,ERR,ERR,ERR,ERR,ERR,ERR,ERR,ERR,ERR,ERR,ERR,ERR,ERR,ERR,ERR,ERR,ERR,0.0,0.0,-134474944.0,0.0,0.0,1.3936040501711995e+18,7.805,0.0,0,0,4,0,8422,0.0,45,0.0,0.0,0.0,0.0,0.0,0,0,0,0,0.0,0,0,0,0,0,0,0,0,0,0,0,0,0,0,0,0,0,0,0,0,0,0,0,0,0,0,0,0,0,0,0,0,0,38,14,7,45,65476,0,300,0,0,8,21553,0.0,-107605600.0,0.0,0.0,0.0,0.0,0.0,0.0,0.0,0.0,0.0,0.0,0.0,0.0,0.0,0.0,0.0,0.0,0.0,0.0,0.0,0.0,0.0,0.0,-2.004,2.004,0.0,0.0,0.0,0.0,5039.0,-1.5879295420089355e+29,0.0,0.0,0.0,0.0,-107615304.0,0.0,0.0,0.0,0.0,53,1.9056979486756045e+17,0.059,0.0,0.0,0.0,0.0,0.0,0.0,0.0,0,0,0,0.0,0.0,0.0,0.0,0.0,0.0,0.0,0.0,0.0,0.0,0.0,0.0,0.0,0.0,0.0,0.0,0,-107875648.0,53,0.0,106,-107614832.0,2.7006707062415038e+23,ERR,ERR,ERR,ERR,ERR,ERR,ERR,ERR,ERR,ERR,ERR,ERR,ERR,ERR,ERR,ERR,ERR,ERR,ERR,ERR,ERR,ERR,ERR,ERR,ERR,ERR,ERR,ERR,ERR,ERR,ERR,ERR,ERR,ERR,ERR,ERR,ERR,ERR,ERR,ERR,ERR,ERR,ERR,ERR,ERR,ERR,ERR,ERR,ERR,ERR,ERR,ERR,ERR,ERR,ERR,ERR,ERR,ERR,ERR,ERR,ERR,ERR,ERR,ERR,ERR,ERR,ERR,50.0,60.0,100,0.0,0.0,0.0,0.0,0.0,0.0,0.0,0.0,0.0,0.0,0.0,0.0,0.0,0.0,0.0,0.0,61.6,79,10,65507,50,65476,0,300,0,0,8,20529,65476,0,0,26214,60.0,0.0,0.0,0.0,0.0,0.0
2026-05-17T16:38:10,ERR,ERR,ERR,ERR,ERR,ERR,ERR,ERR,ERR,ERR,ERR,ERR,ERR,ERR,ERR,ERR,ERR,ERR,ERR,ERR,ERR,ERR,ERR,ERR,ERR,ERR,ERR,ERR,ERR,ERR,ERR,ERR,ERR,ERR,ERR,ERR,ERR,ERR,ERR,ERR,ERR,ERR,ERR,ERR,ERR,ERR,ERR,ERR,ERR,ERR,ERR,ERR,ERR,ERR,ERR,ERR,ERR,ERR,ERR,ERR,ERR,ERR,ERR,ERR,ERR,ERR,ERR,ERR,ERR,ERR,ERR,ERR,ERR,ERR,ERR,ERR,ERR,ERR,ERR,ERR,ERR,ERR,ERR,ERR,ERR,ERR,ERR,ERR,ERR,ERR,ERR,ERR,ERR,ERR,ERR,ERR,ERR,ERR,ERR,ERR,ERR,ERR,ERR,ERR,ERR,ERR,ERR,ERR,ERR,ERR,ERR,ERR,ERR,ERR,ERR,ERR,ERR,ERR,ERR,ERR,ERR,ERR,ERR,ERR,ERR,0.0,0.0,-134474944.0,0.0,0.0,1.3936040501711995e+18,7.805,0.0,0,0,4,0,8422,0.0,45,0.0,0.0,0.0,0.0,0.0,0,0,0,0,0.0,0,0,0,0,0,0,0,0,0,0,0,0,0,0,0,0,0,0,0,0,0,0,0,0,0,0,0,0,0,0,0,0,0,38,14,7,45,65476,0,300,0,0,8,21553,0.0,-107605600.0,0.0,0.0,0.0,0.0,0.0,0.0,0.0,0.0,0.0,0.0,0.0,0.0,0.0,0.0,0.0,0.0,0.0,0.0,0.0,0.0,0.0,0.0,-2.004,2.004,0.0,0.0,0.0,0.0,5039.0,-1.5879295420089355e+29,0.0,0.0,0.0,0.0,-107615304.0,0.0,0.0,0.0,0.0,53,1.9056979486756045e+17,0.059,0.0,0.0,0.0,0.0,0.0,0.0,0.0,0,0,0,0.0,0.0,0.0,0.0,0.0,0.0,0.0,0.0,0.0,0.0,0.0,0.0,0.0,0.0,0.0,0.0,0,-107875648.0,53,0.0,106,-107614832.0,2.7006707062415038e+23,ERR,ERR,ERR,ERR,ERR,ERR,ERR,ERR,ERR,ERR,ERR,ERR,ERR,ERR,ERR,ERR,ERR,ERR,ERR,ERR,ERR,ERR,ERR,ERR,ERR,ERR,ERR,ERR,ERR,ERR,ERR,ERR,ERR,ERR,ERR,ERR,ERR,ERR,ERR,ERR,ERR,ERR,ERR,ERR,ERR,ERR,ERR,ERR,ERR,ERR,ERR,ERR,ERR,ERR,ERR,ERR,ERR,ERR,ERR,ERR,ERR,ERR,ERR,ERR,ERR,ERR,ERR,50.0,60.0,100,0.0,0.0,0.0,0.0,0.0,0.0,0.0,0.0,0.0,0.0,0.0,0.0,0.0,0.0,0.0,0.0,61.6,79,10,65507,50,65476,0,300,0,0,8,20529,65476,0,0,26214,60.0,0.0,0.0,0.0,0.0,0.0
2026-05-17T16:38:11,ERR,ERR,ERR,ERR,ERR,ERR,ERR,ERR,ERR,ERR,ERR,ERR,ERR,ERR,ERR,ERR,ERR,ERR,ERR,ERR,ERR,ERR,ERR,ERR,ERR,ERR,ERR,ERR,ERR,ERR,ERR,ERR,ERR,ERR,ERR,ERR,ERR,ERR,ERR,ERR,ERR,ERR,ERR,ERR,ERR,ERR,ERR,ERR,ERR,ERR,ERR,ERR,ERR,ERR,ERR,ERR,ERR,ERR,ERR,ERR,ERR,ERR,ERR,ERR,ERR,ERR,ERR,ERR,ERR,ERR,ERR,ERR,ERR,ERR,ERR,ERR,ERR,ERR,ERR,ERR,ERR,ERR,ERR,ERR,ERR,ERR,ERR,ERR,ERR,ERR,ERR,ERR,ERR,ERR,ERR,ERR,ERR,ERR,ERR,ERR,ERR,ERR,ERR,ERR,ERR,ERR,ERR,ERR,ERR,ERR,ERR,ERR,ERR,ERR,ERR,ERR,ERR,ERR,ERR,ERR,ERR,ERR,ERR,ERR,ERR,0.0,0.0,-134474944.0,0.0,0.0,1.3936040501711995e+18,7.805,0.0,0,0,4,0,8422,0.0,45,0.0,0.0,0.0,0.0,0.0,0,0,0,0,0.0,0,0,0,0,0,0,0,0,0,0,0,0,0,0,0,0,0,0,0,0,0,0,0,0,0,0,0,0,0,0,0,0,0,38,14,7,45,65476,0,300,0,0,8,21553,0.0,-107605600.0,0.0,0.0,0.0,0.0,0.0,0.0,0.0,0.0,0.0,0.0,0.0,0.0,0.0,0.0,0.0,0.0,0.0,0.0,0.0,0.0,0.0,0.0,-2.004,2.004,0.0,0.0,0.0,0.0,5039.0,-1.5879295420089355e+29,0.0,0.0,0.0,0.0,-107615304.0,0.0,0.0,0.0,0.0,53,1.9056979486756045e+17,0.059,0.0,0.0,0.0,0.0,0.0,0.0,0.0,0,0,0,0.0,0.0,0.0,0.0,0.0,0.0,0.0,0.0,0.0,0.0,0.0,0.0,0.0,0.0,0.0,0.0,0,-107875648.0,53,0.0,106,-107614832.0,2.7006707062415038e+23,ERR,ERR,ERR,ERR,ERR,ERR,ERR,ERR,ERR,ERR,ERR,ERR,ERR,ERR,ERR,ERR,ERR,ERR,ERR,ERR,ERR,ERR,ERR,ERR,ERR,ERR,ERR,ERR,ERR,ERR,ERR,ERR,ERR,ERR,ERR,ERR,ERR,ERR,ERR,ERR,ERR,ERR,ERR,ERR,ERR,ERR,ERR,ERR,ERR,ERR,ERR,ERR,ERR,ERR,ERR,ERR,ERR,ERR,ERR,ERR,ERR,ERR,ERR,ERR,ERR,ERR,ERR,50.0,60.0,100,0.0,0.0,0.0,0.0,0.0,0.0,0.0,0.0,0.0,0.0,0.0,0.0,0.0,0.0,0.0,0.0,61.6,79,10,65507,50,65476,0,300,0,0,8,20529,65476,0,0,26214,60.0,0.0,0.0,0.0,0.0,0.0
2026-05-17T16:38:12,ERR,ERR,ERR,ERR,ERR,ERR,ERR,ERR,ERR,ERR,ERR,ERR,ERR,ERR,ERR,ERR,ERR,ERR,ERR,ERR,ERR,ERR,ERR,ERR,ERR,ERR,ERR,ERR,ERR,ERR,ERR,ERR,ERR,ERR,ERR,ERR,ERR,ERR,ERR,ERR,ERR,ERR,ERR,ERR,ERR,ERR,ERR,ERR,ERR,ERR,ERR,ERR,ERR,ERR,ERR,ERR,ERR,ERR,ERR,ERR,ERR,ERR,ERR,ERR,ERR,ERR,ERR,ERR,ERR,ERR,ERR,ERR,ERR,ERR,ERR,ERR,ERR,ERR,ERR,ERR,ERR,ERR,ERR,ERR,ERR,ERR,ERR,ERR,ERR,ERR,ERR,ERR,ERR,ERR,ERR,ERR,ERR,ERR,ERR,ERR,ERR,ERR,ERR,ERR,ERR,ERR,ERR,ERR,ERR,ERR,ERR,ERR,ERR,ERR,ERR,ERR,ERR,ERR,ERR,ERR,ERR,ERR,ERR,ERR,ERR,0.0,0.0,-134474944.0,0.0,0.0,1.3936040501711995e+18,7.805,0.0,0,0,4,0,8422,0.0,45,0.0,0.0,0.0,0.0,0.0,0,0,0,0,0.0,0,0,0,0,0,0,0,0,0,0,0,0,0,0,0,0,0,0,0,0,0,0,0,0,0,0,0,0,0,0,0,0,0,38,14,7,45,65476,0,300,0,0,8,21553,0.0,-107605600.0,0.0,0.0,0.0,0.0,0.0,0.0,0.0,0.0,0.0,0.0,0.0,0.0,0.0,0.0,0.0,0.0,0.0,0.0,0.0,0.0,0.0,0.0,-2.004,2.004,0.0,0.0,0.0,0.0,5039.0,-1.5879295420089355e+29,0.0,0.0,0.0,0.0,-107615304.0,0.0,0.0,0.0,0.0,53,1.9056979486756045e+17,0.059,0.0,0.0,0.0,0.0,0.0,0.0,0.0,0,0,0,0.0,0.0,0.0,0.0,0.0,0.0,0.0,0.0,0.0,0.0,0.0,0.0,0.0,0.0,0.0,0.0,0,-107875648.0,53,0.0,106,-107614832.0,2.7006707062415038e+23,ERR,ERR,ERR,ERR,ERR,ERR,ERR,ERR,ERR,ERR,ERR,ERR,ERR,ERR,ERR,ERR,ERR,ERR,ERR,ERR,ERR,ERR,ERR,ERR,ERR,ERR,ERR,ERR,ERR,ERR,ERR,ERR,ERR,ERR,ERR,ERR,ERR,ERR,ERR,ERR,ERR,ERR,ERR,ERR,ERR,ERR,ERR,ERR,ERR,ERR,ERR,ERR,ERR,ERR,ERR,ERR,ERR,ERR,ERR,ERR,ERR,ERR,ERR,ERR,ERR,ERR,ERR,50.0,60.0,100,0.0,0.0,0.0,0.0,0.0,0.0,0.0,0.0,0.0,0.0,0.0,0.0,0.0,0.0,0.0,0.0,61.6,79,10,65507,50,65476,0,300,0,0,8,20529,65476,0,0,26214,60.0,0.0,0.0,0.0,0.0,0.0
2026-05-17T16:38:13,ERR,ERR,ERR,ERR,ERR,ERR,ERR,ERR,ERR,ERR,ERR,ERR,ERR,ERR,ERR,ERR,ERR,ERR,ERR,ERR,ERR,ERR,ERR,ERR,ERR,ERR,ERR,ERR,ERR,ERR,ERR,ERR,ERR,ERR,ERR,ERR,ERR,ERR,ERR,ERR,ERR,ERR,ERR,ERR,ERR,ERR,ERR,ERR,ERR,ERR,ERR,ERR,ERR,ERR,ERR,ERR,ERR,ERR,ERR,ERR,ERR,ERR,ERR,ERR,ERR,ERR,ERR,ERR,ERR,ERR,ERR,ERR,ERR,ERR,ERR,ERR,ERR,ERR,ERR,ERR,ERR,ERR,ERR,ERR,ERR,ERR,ERR,ERR,ERR,ERR,ERR,ERR,ERR,ERR,ERR,ERR,ERR,ERR,ERR,ERR,ERR,ERR,ERR,ERR,ERR,ERR,ERR,ERR,ERR,ERR,ERR,ERR,ERR,ERR,ERR,ERR,ERR,ERR,ERR,ERR,ERR,ERR,ERR,ERR,ERR,0.0,0.0,-134474944.0,0.0,0.0,1.3936040501711995e+18,7.805,0.0,0,0,4,0,8422,0.0,45,0.0,0.0,0.0,0.0,0.0,0,0,0,0,0.0,0,0,0,0,0,0,0,0,0,0,0,0,0,0,0,0,0,0,0,0,0,0,0,0,0,0,0,0,0,0,0,0,0,38,14,7,45,65476,0,300,0,0,8,21553,0.0,-107605600.0,0.0,0.0,0.0,0.0,0.0,0.0,0.0,0.0,0.0,0.0,0.0,0.0,0.0,0.0,0.0,0.0,0.0,0.0,0.0,0.0,0.0,0.0,-2.004,2.004,0.0,0.0,0.0,0.0,5039.0,-1.5879295420089355e+29,0.0,0.0,0.0,0.0,-107615304.0,0.0,0.0,0.0,0.0,53,1.9056979486756045e+17,0.059,0.0,0.0,0.0,0.0,0.0,0.0,0.0,0,0,0,0.0,0.0,0.0,0.0,0.0,0.0,0.0,0.0,0.0,0.0,0.0,0.0,0.0,0.0,0.0,0.0,0,-107875648.0,53,0.0,106,-107614832.0,2.7006707062415038e+23,ERR,ERR,ERR,ERR,ERR,ERR,ERR,ERR,ERR,ERR,ERR,ERR,ERR,ERR,ERR,ERR,ERR,ERR,ERR,ERR,ERR,ERR,ERR,ERR,ERR,ERR,ERR,ERR,ERR,ERR,ERR,ERR,ERR,ERR,ERR,ERR,ERR,ERR,ERR,ERR,ERR,ERR,ERR,ERR,ERR,ERR,ERR,ERR,ERR,ERR,ERR,ERR,ERR,ERR,ERR,ERR,ERR,ERR,ERR,ERR,ERR,ERR,ERR,ERR,ERR,ERR,ERR,50.0,60.0,100,0.0,0.0,0.0,0.0,0.0,0.0,0.0,0.0,0.0,0.0,0.0,0.0,0.0,0.0,0.0,0.0,61.6,79,10,65507,50,65476,0,300,0,0,8,20529,65476,0,0,26214,60.0,0.0,0.0,0.0,0.0,0.0
2026-05-17T16:38:14,ERR,ERR,ERR,ERR,ERR,ERR,ERR,ERR,ERR,ERR,ERR,ERR,ERR,ERR,ERR,ERR,ERR,ERR,ERR,ERR,ERR,ERR,ERR,ERR,ERR,ERR,ERR,ERR,ERR,ERR,ERR,ERR,ERR,ERR,ERR,ERR,ERR,ERR,ERR,ERR,ERR,ERR,ERR,ERR,ERR,ERR,ERR,ERR,ERR,ERR,ERR,ERR,ERR,ERR,ERR,ERR,ERR,ERR,ERR,ERR,ERR,ERR,ERR,ERR,ERR,ERR,ERR,ERR,ERR,ERR,ERR,ERR,ERR,ERR,ERR,ERR,ERR,ERR,ERR,ERR,ERR,ERR,ERR,ERR,ERR,ERR,ERR,ERR,ERR,ERR,ERR,ERR,ERR,ERR,ERR,ERR,ERR,ERR,ERR,ERR,ERR,ERR,ERR,ERR,ERR,ERR,ERR,ERR,ERR,ERR,ERR,ERR,ERR,ERR,ERR,ERR,ERR,ERR,ERR,ERR,ERR,ERR,ERR,ERR,ERR,0.0,0.0,-134474944.0,0.0,0.0,1.3936040501711995e+18,7.805,0.0,0,0,4,0,8422,0.0,45,0.0,0.0,0.0,0.0,0.0,0,0,0,0,0.0,0,0,0,0,0,0,0,0,0,0,0,0,0,0,0,0,0,0,0,0,0,0,0,0,0,0,0,0,0,0,0,0,0,38,14,7,45,65476,0,300,0,0,8,21553,0.0,-107605600.0,0.0,0.0,0.0,0.0,0.0,0.0,0.0,0.0,0.0,0.0,0.0,0.0,0.0,0.0,0.0,0.0,0.0,0.0,0.0,0.0,0.0,0.0,-2.004,2.004,0.0,0.0,0.0,0.0,5074.0,3.697187013234e+19,0.0,0.0,0.0,0.0,-107615304.0,0.0,0.0,0.0,0.0,53,5.848083413016271e+35,-107614800.0,0.0,0.0,0.0,0.0,0.0,0.0,0.0,0,0,0,0.0,0.0,0.0,0.0,0.0,0.0,0.0,0.0,0.0,0.0,0.0,0.0,0.0,0.0,0.0,0.0,0,-107875648.0,53,0.0,106,-107614832.0,2.7006707062415038e+23,ERR,ERR,ERR,ERR,ERR,ERR,ERR,ERR,ERR,ERR,ERR,ERR,ERR,ERR,ERR,ERR,ERR,ERR,ERR,ERR,ERR,ERR,ERR,ERR,ERR,ERR,ERR,ERR,ERR,ERR,ERR,ERR,ERR,ERR,ERR,ERR,ERR,ERR,ERR,ERR,ERR,ERR,ERR,ERR,ERR,ERR,ERR,ERR,ERR,ERR,ERR,ERR,ERR,ERR,ERR,ERR,ERR,ERR,ERR,ERR,ERR,ERR,ERR,ERR,ERR,ERR,ERR,50.0,60.0,100,0.0,0.0,0.0,0.0,0.0,0.0,0.0,0.0,0.0,0.0,0.0,0.0,0.0,0.0,0.0,0.0,61.6,79,10,65507,50,65476,0,300,0,0,8,20529,65476,0,0,26214,60.0,0.0,0.0,0.0,0.0,0.0
2026-05-17T16:38:15,ERR,ERR,ERR,ERR,ERR,ERR,ERR,ERR,ERR,ERR,ERR,ERR,ERR,ERR,ERR,ERR,ERR,ERR,ERR,ERR,ERR,ERR,ERR,ERR,ERR,ERR,ERR,ERR,ERR,ERR,ERR,ERR,ERR,ERR,ERR,ERR,ERR,ERR,ERR,ERR,ERR,ERR,ERR,ERR,ERR,ERR,ERR,ERR,ERR,ERR,ERR,ERR,ERR,ERR,ERR,ERR,ERR,ERR,ERR,ERR,ERR,ERR,ERR,ERR,ERR,ERR,ERR,ERR,ERR,ERR,ERR,ERR,ERR,ERR,ERR,ERR,ERR,ERR,ERR,ERR,ERR,ERR,ERR,ERR,ERR,ERR,ERR,ERR,ERR,ERR,ERR,ERR,ERR,ERR,ERR,ERR,ERR,ERR,ERR,ERR,ERR,ERR,ERR,ERR,ERR,ERR,ERR,ERR,ERR,ERR,ERR,ERR,ERR,ERR,ERR,ERR,ERR,ERR,ERR,ERR,ERR,ERR,ERR,ERR,ERR,0.0,0.0,-134474944.0,0.0,0.0,1.3936040501711995e+18,7.805,0.0,0,0,4,0,8422,0.0,45,0.0,0.0,0.0,0.0,0.0,0,0,0,0,0.0,0,0,0,0,0,0,0,0,0,0,0,0,0,0,0,0,0,0,0,0,0,0,0,0,0,0,0,0,0,0,0,0,0,38,14,7,45,65476,0,300,0,0,8,21553,0.0,-107605600.0,0.0,0.0,0.0,0.0,0.0,0.0,0.0,0.0,0.0,0.0,0.0,0.0,0.0,0.0,0.0,0.0,0.0,0.0,0.0,0.0,0.0,0.0,-2.004,2.004,0.0,0.0,0.0,0.0,5074.0,3.697187013234e+19,0.0,0.0,0.0,0.0,-107615304.0,0.0,0.0,0.0,0.0,53,5.848083413016271e+35,-107614800.0,0.0,0.0,0.0,0.0,0.0,0.0,0.0,0,0,0,0.0,0.0,0.0,0.0,0.0,0.0,0.0,0.0,0.0,0.0,0.0,0.0,0.0,0.0,0.0,0.0,0,-107875648.0,53,0.0,106,-107614832.0,2.7006707062415038e+23,ERR,ERR,ERR,ERR,ERR,ERR,ERR,ERR,ERR,ERR,ERR,ERR,ERR,ERR,ERR,ERR,ERR,ERR,ERR,ERR,ERR,ERR,ERR,ERR,ERR,ERR,ERR,ERR,ERR,ERR,ERR,ERR,ERR,ERR,ERR,ERR,ERR,ERR,ERR,ERR,ERR,ERR,ERR,ERR,ERR,ERR,ERR,ERR,ERR,ERR,ERR,ERR,ERR,ERR,ERR,ERR,ERR,ERR,ERR,ERR,ERR,ERR,ERR,ERR,ERR,ERR,ERR,50.0,60.0,100,0.0,0.0,0.0,0.0,0.0,0.0,0.0,0.0,0.0,0.0,0.0,0.0,0.0,0.0,0.0,0.0,62.0,79,10,65507,50,65476,0,300,0,0,8,20529,65476,0,0,26214,60.0,0.0,0.0,0.0,0.0,0.0
2026-05-17T16:38:16,ERR,ERR,ERR,ERR,ERR,ERR,ERR,ERR,ERR,ERR,ERR,ERR,ERR,ERR,ERR,ERR,ERR,ERR,ERR,ERR,ERR,ERR,ERR,ERR,ERR,ERR,ERR,ERR,ERR,ERR,ERR,ERR,ERR,ERR,ERR,ERR,ERR,ERR,ERR,ERR,ERR,ERR,ERR,ERR,ERR,ERR,ERR,ERR,ERR,ERR,ERR,ERR,ERR,ERR,ERR,ERR,ERR,ERR,ERR,ERR,ERR,ERR,ERR,ERR,ERR,ERR,ERR,ERR,ERR,ERR,ERR,ERR,ERR,ERR,ERR,ERR,ERR,ERR,ERR,ERR,ERR,ERR,ERR,ERR,ERR,ERR,ERR,ERR,ERR,ERR,ERR,ERR,ERR,ERR,ERR,ERR,ERR,ERR,ERR,ERR,ERR,ERR,ERR,ERR,ERR,ERR,ERR,ERR,ERR,ERR,ERR,ERR,ERR,ERR,ERR,ERR,ERR,ERR,ERR,ERR,ERR,ERR,ERR,ERR,ERR,0.0,0.0,-134474944.0,0.0,0.0,1.3936040501711995e+18,7.805,0.0,0,0,4,0,8422,0.0,45,0.0,0.0,0.0,0.0,0.0,0,0,0,0,0.0,0,0,0,0,0,0,0,0,0,0,0,0,0,0,0,0,0,0,0,0,0,0,0,0,0,0,0,0,0,0,0,0,0,38,14,7,45,65476,0,300,0,0,8,21553,0.0,-107605600.0,0.0,0.0,0.0,0.0,0.0,0.0,0.0,0.0,0.0,0.0,0.0,0.0,0.0,0.0,0.0,0.0,0.0,0.0,0.0,0.0,0.0,0.0,-2.004,2.004,0.0,0.0,0.0,0.0,5074.0,3.697187013234e+19,0.0,0.0,0.0,0.0,-107615304.0,0.0,0.0,0.0,0.0,53,5.848083413016271e+35,-107614800.0,0.0,0.0,0.0,0.0,0.0,0.0,0.0,0,0,0,0.0,0.0,0.0,0.0,0.0,0.0,0.0,0.0,0.0,0.0,0.0,0.0,0.0,0.0,0.0,0.0,0,-107875648.0,53,0.0,106,-107614832.0,2.7006707062415038e+23,ERR,ERR,ERR,ERR,ERR,ERR,ERR,ERR,ERR,ERR,ERR,ERR,ERR,ERR,ERR,ERR,ERR,ERR,ERR,ERR,ERR,ERR,ERR,ERR,ERR,ERR,ERR,ERR,ERR,ERR,ERR,ERR,ERR,ERR,ERR,ERR,ERR,ERR,ERR,ERR,ERR,ERR,ERR,ERR,ERR,ERR,ERR,ERR,ERR,ERR,ERR,ERR,ERR,ERR,ERR,ERR,ERR,ERR,ERR,ERR,ERR,ERR,ERR,ERR,ERR,ERR,ERR,50.0,60.0,100,0.0,0.0,0.0,0.0,0.0,0.0,0.0,0.0,0.0,0.0,0.0,0.0,0.0,0.0,0.0,0.0,61.6,79,10,65507,50,65476,0,300,0,0,8,20529,65476,0,0,26214,60.0,0.0,0.0,0.0,0.0,0.0
2026-05-17T16:38:17,ERR,ERR,ERR,ERR,ERR,ERR,ERR,ERR,ERR,ERR,ERR,ERR,ERR,ERR,ERR,ERR,ERR,ERR,ERR,ERR,ERR,ERR,ERR,ERR,ERR,ERR,ERR,ERR,ERR,ERR,ERR,ERR,ERR,ERR,ERR,ERR,ERR,ERR,ERR,ERR,ERR,ERR,ERR,ERR,ERR,ERR,ERR,ERR,ERR,ERR,ERR,ERR,ERR,ERR,ERR,ERR,ERR,ERR,ERR,ERR,ERR,ERR,ERR,ERR,ERR,ERR,ERR,ERR,ERR,ERR,ERR,ERR,ERR,ERR,ERR,ERR,ERR,ERR,ERR,ERR,ERR,ERR,ERR,ERR,ERR,ERR,ERR,ERR,ERR,ERR,ERR,ERR,ERR,ERR,ERR,ERR,ERR,ERR,ERR,ERR,ERR,ERR,ERR,ERR,ERR,ERR,ERR,ERR,ERR,ERR,ERR,ERR,ERR,ERR,ERR,ERR,ERR,ERR,ERR,ERR,ERR,ERR,ERR,ERR,ERR,0.0,0.0,-134474944.0,0.0,0.0,1.3936040501711995e+18,7.805,0.0,0,0,4,0,8422,0.0,45,0.0,0.0,0.0,0.0,0.0,0,0,0,0,0.0,0,0,0,0,0,0,0,0,0,0,0,0,0,0,0,0,0,0,0,0,0,0,0,0,0,0,0,0,0,0,0,0,0,38,14,7,45,65476,0,300,0,0,8,21553,0.0,-107605600.0,0.0,0.0,0.0,0.0,0.0,0.0,0.0,0.0,0.0,0.0,0.0,0.0,0.0,0.0,0.0,0.0,0.0,0.0,0.0,0.0,0.0,0.0,-2.004,2.004,0.0,0.0,0.0,0.0,5074.0,3.697187013234e+19,0.0,0.0,0.0,0.0,-107615304.0,0.0,0.0,0.0,0.0,53,5.848083413016271e+35,-107614800.0,0.0,0.0,0.0,0.0,0.0,0.0,0.0,0,0,0,0.0,0.0,0.0,0.0,0.0,0.0,0.0,0.0,0.0,0.0,0.0,0.0,0.0,0.0,0.0,0.0,0,-107875648.0,53,0.0,106,-107614832.0,2.7006707062415038e+23,ERR,ERR,ERR,ERR,ERR,ERR,ERR,ERR,ERR,ERR,ERR,ERR,ERR,ERR,ERR,ERR,ERR,ERR,ERR,ERR,ERR,ERR,ERR,ERR,ERR,ERR,ERR,ERR,ERR,ERR,ERR,ERR,ERR,ERR,ERR,ERR,ERR,ERR,ERR,ERR,ERR,ERR,ERR,ERR,ERR,ERR,ERR,ERR,ERR,ERR,ERR,ERR,ERR,ERR,ERR,ERR,ERR,ERR,ERR,ERR,ERR,ERR,ERR,ERR,ERR,ERR,ERR,50.0,60.0,100,0.0,0.0,0.0,0.0,0.0,0.0,0.0,0.0,0.0,0.0,0.0,0.0,0.0,0.0,0.0,0.0,61.6,79,10,65507,50,65476,0,300,0,0,8,20529,65476,0,0,26214,60.0,0.0,0.0,0.0,0.0,0.0
2026-05-17T16:38:18,ERR,ERR,ERR,ERR,ERR,ERR,ERR,ERR,ERR,ERR,ERR,ERR,ERR,ERR,ERR,ERR,ERR,ERR,ERR,ERR,ERR,ERR,ERR,ERR,ERR,ERR,ERR,ERR,ERR,ERR,ERR,ERR,ERR,ERR,ERR,ERR,ERR,ERR,ERR,ERR,ERR,ERR,ERR,ERR,ERR,ERR,ERR,ERR,ERR,ERR,ERR,ERR,ERR,ERR,ERR,ERR,ERR,ERR,ERR,ERR,ERR,ERR,ERR,ERR,ERR,ERR,ERR,ERR,ERR,ERR,ERR,ERR,ERR,ERR,ERR,ERR,ERR,ERR,ERR,ERR,ERR,ERR,ERR,ERR,ERR,ERR,ERR,ERR,ERR,ERR,ERR,ERR,ERR,ERR,ERR,ERR,ERR,ERR,ERR,ERR,ERR,ERR,ERR,ERR,ERR,ERR,ERR,ERR,ERR,ERR,ERR,ERR,ERR,ERR,ERR,ERR,ERR,ERR,ERR,ERR,ERR,ERR,ERR,ERR,ERR,0.0,0.0,-134474944.0,0.0,0.0,1.3936040501711995e+18,7.805,0.0,0,0,4,0,8422,0.0,45,0.0,0.0,0.0,0.0,0.0,0,0,0,0,0.0,0,0,0,0,0,0,0,0,0,0,0,0,0,0,0,0,0,0,0,0,0,0,0,0,0,0,0,0,0,0,0,0,0,38,14,7,45,65476,0,300,0,0,8,21553,0.0,-107605600.0,0.0,0.0,0.0,0.0,0.0,0.0,0.0,0.0,0.0,0.0,0.0,0.0,0.0,0.0,0.0,0.0,0.0,0.0,0.0,0.0,0.0,0.0,-2.004,2.004,0.0,0.0,0.0,0.0,5074.0,3.697187013234e+19,0.0,0.0,0.0,0.0,-107615304.0,0.0,0.0,0.0,0.0,53,5.848083413016271e+35,-107614800.0,0.0,0.0,0.0,0.0,0.0,0.0,0.0,0,0,0,0.0,0.0,0.0,0.0,0.0,0.0,0.0,0.0,0.0,0.0,0.0,0.0,0.0,0.0,0.0,0.0,0,-107875648.0,53,0.0,106,-107614832.0,2.7006707062415038e+23,ERR,ERR,ERR,ERR,ERR,ERR,ERR,ERR,ERR,ERR,ERR,ERR,ERR,ERR,ERR,ERR,ERR,ERR,ERR,ERR,ERR,ERR,ERR,ERR,ERR,ERR,ERR,ERR,ERR,ERR,ERR,ERR,ERR,ERR,ERR,ERR,ERR,ERR,ERR,ERR,ERR,ERR,ERR,ERR,ERR,ERR,ERR,ERR,ERR,ERR,ERR,ERR,ERR,ERR,ERR,ERR,ERR,ERR,ERR,ERR,ERR,ERR,ERR,ERR,ERR,ERR,ERR,50.0,60.0,100,0.0,0.0,0.0,0.0,0.0,0.0,0.0,0.0,0.0,0.0,0.0,0.0,0.0,0.0,0.0,0.0,61.6,79,10,65507,50,65476,0,300,0,0,8,20529,65476,0,0,26214,60.0,0.0,0.0,0.0,0.0,0.0
2026-05-17T16:38:19,ERR,ERR,ERR,ERR,ERR,ERR,ERR,ERR,ERR,ERR,ERR,ERR,ERR,ERR,ERR,ERR,ERR,ERR,ERR,ERR,ERR,ERR,ERR,ERR,ERR,ERR,ERR,ERR,ERR,ERR,ERR,ERR,ERR,ERR,ERR,ERR,ERR,ERR,ERR,ERR,ERR,ERR,ERR,ERR,ERR,ERR,ERR,ERR,ERR,ERR,ERR,ERR,ERR,ERR,ERR,ERR,ERR,ERR,ERR,ERR,ERR,ERR,ERR,ERR,ERR,ERR,ERR,ERR,ERR,ERR,ERR,ERR,ERR,ERR,ERR,ERR,ERR,ERR,ERR,ERR,ERR,ERR,ERR,ERR,ERR,ERR,ERR,ERR,ERR,ERR,ERR,ERR,ERR,ERR,ERR,ERR,ERR,ERR,ERR,ERR,ERR,ERR,ERR,ERR,ERR,ERR,ERR,ERR,ERR,ERR,ERR,ERR,ERR,ERR,ERR,ERR,ERR,ERR,ERR,ERR,ERR,ERR,ERR,ERR,ERR,0.0,0.0,-134474944.0,0.0,0.0,1.3936040501711995e+18,7.805,0.0,0,0,4,0,8422,0.0,45,0.0,0.0,0.0,0.0,0.0,0,0,0,0,0.0,0,0,0,0,0,0,0,0,0,0,0,0,0,0,0,0,0,0,0,0,0,0,0,0,0,0,0,0,0,0,0,0,0,38,14,7,45,65476,0,300,0,0,8,21553,0.0,-107605600.0,0.0,0.0,0.0,0.0,0.0,0.0,0.0,0.0,0.0,0.0,0.0,0.0,0.0,0.0,0.0,0.0,0.0,0.0,0.0,0.0,0.0,-2.004,-2.004,2.004,0.0,0.0,0.0,0.0,5072.0,564145967595520.0,0.0,0.0,0.0,0.0,-107615304.0,0.0,0.0,0.0,0.0,53,1.9056979486756045e+17,-71.629,0.0,0.0,0.0,0.0,0.0,0.0,0.0,0,0,0,0.0,0.0,0.0,0.0,0.0,0.0,0.0,0.0,0.0,0.0,0.0,0.0,0.0,0.0,0.0,0.0,0,-107875648.0,53,0.0,106,-107614832.0,2.7006707062415038e+23,ERR,ERR,ERR,ERR,ERR,ERR,ERR,ERR,ERR,ERR,ERR,ERR,ERR,ERR,ERR,ERR,ERR,ERR,ERR,ERR,ERR,ERR,ERR,ERR,ERR,ERR,ERR,ERR,ERR,ERR,ERR,ERR,ERR,ERR,ERR,ERR,ERR,ERR,ERR,ERR,ERR,ERR,ERR,ERR,ERR,ERR,ERR,ERR,ERR,ERR,ERR,ERR,ERR,ERR,ERR,ERR,ERR,ERR,ERR,ERR,ERR,ERR,ERR,ERR,ERR,ERR,ERR,50.0,60.0,100,0.0,0.0,0.0,0.0,0.0,0.0,0.0,0.0,0.0,0.0,0.0,0.0,0.0,0.0,0.0,0.0,61.6,79,10,65507,50,65476,0,300,0,0,8,20529,65476,0,0,26214,60.0,0.0,0.0,0.0,0.0,0.0
2026-05-17T16:38:20,ERR,ERR,ERR,ERR,ERR,ERR,ERR,ERR,ERR,ERR,ERR,ERR,ERR,ERR,ERR,ERR,ERR,ERR,ERR,ERR,ERR,ERR,ERR,ERR,ERR,ERR,ERR,ERR,ERR,ERR,ERR,ERR,ERR,ERR,ERR,ERR,ERR,ERR,ERR,ERR,ERR,ERR,ERR,ERR,ERR,ERR,ERR,ERR,ERR,ERR,ERR,ERR,ERR,ERR,ERR,ERR,ERR,ERR,ERR,ERR,ERR,ERR,ERR,ERR,ERR,ERR,ERR,ERR,ERR,ERR,ERR,ERR,ERR,ERR,ERR,ERR,ERR,ERR,ERR,ERR,ERR,ERR,ERR,ERR,ERR,ERR,ERR,ERR,ERR,ERR,ERR,ERR,ERR,ERR,ERR,ERR,ERR,ERR,ERR,ERR,ERR,ERR,ERR,ERR,ERR,ERR,ERR,ERR,ERR,ERR,ERR,ERR,ERR,ERR,ERR,ERR,ERR,ERR,ERR,ERR,ERR,ERR,ERR,ERR,ERR,0.0,0.0,-134474944.0,0.0,0.0,1.3936040501711995e+18,7.805,0.0,0,0,4,0,8422,0.0,45,0.0,0.0,0.0,0.0,0.0,0,0,0,0,0.0,0,0,0,0,0,0,0,0,0,0,0,0,0,0,0,0,0,0,0,0,0,0,0,0,0,0,0,0,0,0,0,0,0,38,14,7,45,65476,0,300,0,0,8,21553,0.0,-107605600.0,0.0,0.0,0.0,0.0,0.0,0.0,0.0,0.0,0.0,0.0,0.0,0.0,0.0,0.0,0.0,0.0,0.0,0.0,0.0,0.0,0.0,-2.004,-2.004,2.004,0.0,0.0,0.0,0.0,5072.0,564145967595520.0,0.0,0.0,0.0,0.0,-107615304.0,0.0,0.0,0.0,0.0,53,1.9056979486756045e+17,-71.629,0.0,0.0,0.0,0.0,0.0,0.0,0.0,0,0,0,0.0,0.0,0.0,0.0,0.0,0.0,0.0,0.0,0.0,0.0,0.0,0.0,0.0,0.0,0.0,0.0,0,-107875648.0,53,0.0,106,-107614832.0,2.7006707062415038e+23,ERR,ERR,ERR,ERR,ERR,ERR,ERR,ERR,ERR,ERR,ERR,ERR,ERR,ERR,ERR,ERR,ERR,ERR,ERR,ERR,ERR,ERR,ERR,ERR,ERR,ERR,ERR,ERR,ERR,ERR,ERR,ERR,ERR,ERR,ERR,ERR,ERR,ERR,ERR,ERR,ERR,ERR,ERR,ERR,ERR,ERR,ERR,ERR,ERR,ERR,ERR,ERR,ERR,ERR,ERR,ERR,ERR,ERR,ERR,ERR,ERR,ERR,ERR,ERR,ERR,ERR,ERR,50.0,60.0,100,0.0,0.0,0.0,0.0,0.0,0.0,0.0,0.0,0.0,0.0,0.0,0.0,0.0,0.0,0.0,0.0,62.0,79,10,65507,50,65476,0,300,0,0,8,20529,65476,0,0,26214,60.0,0.0,0.0,0.0,0.0,0.0
2026-05-17T16:38:21,ERR,ERR,ERR,ERR,ERR,ERR,ERR,ERR,ERR,ERR,ERR,ERR,ERR,ERR,ERR,ERR,ERR,ERR,ERR,ERR,ERR,ERR,ERR,ERR,ERR,ERR,ERR,ERR,ERR,ERR,ERR,ERR,ERR,ERR,ERR,ERR,ERR,ERR,ERR,ERR,ERR,ERR,ERR,ERR,ERR,ERR,ERR,ERR,ERR,ERR,ERR,ERR,ERR,ERR,ERR,ERR,ERR,ERR,ERR,ERR,ERR,ERR,ERR,ERR,ERR,ERR,ERR,ERR,ERR,ERR,ERR,ERR,ERR,ERR,ERR,ERR,ERR,ERR,ERR,ERR,ERR,ERR,ERR,ERR,ERR,ERR,ERR,ERR,ERR,ERR,ERR,ERR,ERR,ERR,ERR,ERR,ERR,ERR,ERR,ERR,ERR,ERR,ERR,ERR,ERR,ERR,ERR,ERR,ERR,ERR,ERR,ERR,ERR,ERR,ERR,ERR,ERR,ERR,ERR,ERR,ERR,ERR,ERR,ERR,ERR,0.0,0.0,-134474944.0,0.0,0.0,1.3936040501711995e+18,7.805,0.0,0,0,4,0,8422,0.0,45,0.0,0.0,0.0,0.0,0.0,0,0,0,0,0.0,0,0,0,0,0,0,0,0,0,0,0,0,0,0,0,0,0,0,0,0,0,0,0,0,0,0,0,0,0,0,0,0,0,38,14,7,45,65476,0,300,0,0,8,21553,0.0,-107605600.0,0.0,0.0,0.0,0.0,0.0,0.0,0.0,0.0,0.0,0.0,0.0,0.0,0.0,0.0,0.0,0.0,0.0,0.0,0.0,0.0,0.0,-2.004,-2.004,2.004,0.0,0.0,0.0,0.0,5072.0,564145967595520.0,0.0,0.0,0.0,0.0,-107615304.0,0.0,0.0,0.0,0.0,53,1.9056979486756045e+17,-71.629,0.0,0.0,0.0,0.0,0.0,0.0,0.0,0,0,0,0.0,0.0,0.0,0.0,0.0,0.0,0.0,0.0,0.0,0.0,0.0,0.0,0.0,0.0,0.0,0.0,0,-107875648.0,53,0.0,106,-107614832.0,2.7006707062415038e+23,ERR,ERR,ERR,ERR,ERR,ERR,ERR,ERR,ERR,ERR,ERR,ERR,ERR,ERR,ERR,ERR,ERR,ERR,ERR,ERR,ERR,ERR,ERR,ERR,ERR,ERR,ERR,ERR,ERR,ERR,ERR,ERR,ERR,ERR,ERR,ERR,ERR,ERR,ERR,ERR,ERR,ERR,ERR,ERR,ERR,ERR,ERR,ERR,ERR,ERR,ERR,ERR,ERR,ERR,ERR,ERR,ERR,ERR,ERR,ERR,ERR,ERR,ERR,ERR,ERR,ERR,ERR,50.0,60.0,100,0.0,0.0,0.0,0.0,0.0,0.0,0.0,0.0,0.0,0.0,0.0,0.0,0.0,0.0,0.0,0.0,61.6,79,10,65507,50,65476,0,300,0,0,8,20529,65476,0,0,26214,60.0,0.0,0.0,0.0,0.0,0.0
2026-05-17T16:38:22,ERR,ERR,ERR,ERR,ERR,ERR,ERR,ERR,ERR,ERR,ERR,ERR,ERR,ERR,ERR,ERR,ERR,ERR,ERR,ERR,ERR,ERR,ERR,ERR,ERR,ERR,ERR,ERR,ERR,ERR,ERR,ERR,ERR,ERR,ERR,ERR,ERR,ERR,ERR,ERR,ERR,ERR,ERR,ERR,ERR,ERR,ERR,ERR,ERR,ERR,ERR,ERR,ERR,ERR,ERR,ERR,ERR,ERR,ERR,ERR,ERR,ERR,ERR,ERR,ERR,ERR,ERR,ERR,ERR,ERR,ERR,ERR,ERR,ERR,ERR,ERR,ERR,ERR,ERR,ERR,ERR,ERR,ERR,ERR,ERR,ERR,ERR,ERR,ERR,ERR,ERR,ERR,ERR,ERR,ERR,ERR,ERR,ERR,ERR,ERR,ERR,ERR,ERR,ERR,ERR,ERR,ERR,ERR,ERR,ERR,ERR,ERR,ERR,ERR,ERR,ERR,ERR,ERR,ERR,ERR,ERR,ERR,ERR,ERR,ERR,0.0,0.0,-134474944.0,0.0,0.0,1.3936040501711995e+18,7.805,0.0,0,0,4,0,8422,0.0,45,0.0,0.0,0.0,0.0,0.0,0,0,0,0,0.0,0,0,0,0,0,0,0,0,0,0,0,0,0,0,0,0,0,0,0,0,0,0,0,0,0,0,0,0,0,0,0,0,0,38,14,7,45,65476,0,300,0,0,8,21553,0.0,-107605600.0,0.0,0.0,0.0,0.0,0.0,0.0,0.0,0.0,0.0,0.0,0.0,0.0,0.0,0.0,0.0,0.0,0.0,0.0,0.0,0.0,0.0,-2.004,-2.004,2.004,0.0,0.0,0.0,0.0,5072.0,564145967595520.0,0.0,0.0,0.0,0.0,-107615304.0,0.0,0.0,0.0,0.0,53,1.9056979486756045e+17,-71.629,0.0,0.0,0.0,0.0,0.0,0.0,0.0,0,0,0,0.0,0.0,0.0,0.0,0.0,0.0,0.0,0.0,0.0,0.0,0.0,0.0,0.0,0.0,0.0,0.0,0,-107875648.0,53,0.0,106,-107614832.0,2.7006707062415038e+23,ERR,ERR,ERR,ERR,ERR,ERR,ERR,ERR,ERR,ERR,ERR,ERR,ERR,ERR,ERR,ERR,ERR,ERR,ERR,ERR,ERR,ERR,ERR,ERR,ERR,ERR,ERR,ERR,ERR,ERR,ERR,ERR,ERR,ERR,ERR,ERR,ERR,ERR,ERR,ERR,ERR,ERR,ERR,ERR,ERR,ERR,ERR,ERR,ERR,ERR,ERR,ERR,ERR,ERR,ERR,ERR,ERR,ERR,ERR,ERR,ERR,ERR,ERR,ERR,ERR,ERR,ERR,50.0,60.0,100,0.0,0.0,0.0,0.0,0.0,0.0,0.0,0.0,0.0,0.0,0.0,0.0,0.0,0.0,0.0,0.0,61.6,79,10,65507,50,65476,0,300,0,0,8,20529,65476,0,0,26214,60.0,0.0,0.0,0.0,0.0,0.0
2026-05-17T16:38:23,ERR,ERR,ERR,ERR,ERR,ERR,ERR,ERR,ERR,ERR,ERR,ERR,ERR,ERR,ERR,ERR,ERR,ERR,ERR,ERR,ERR,ERR,ERR,ERR,ERR,ERR,ERR,ERR,ERR,ERR,ERR,ERR,ERR,ERR,ERR,ERR,ERR,ERR,ERR,ERR,ERR,ERR,ERR,ERR,ERR,ERR,ERR,ERR,ERR,ERR,ERR,ERR,ERR,ERR,ERR,ERR,ERR,ERR,ERR,ERR,ERR,ERR,ERR,ERR,ERR,ERR,ERR,ERR,ERR,ERR,ERR,ERR,ERR,ERR,ERR,ERR,ERR,ERR,ERR,ERR,ERR,ERR,ERR,ERR,ERR,ERR,ERR,ERR,ERR,ERR,ERR,ERR,ERR,ERR,ERR,ERR,ERR,ERR,ERR,ERR,ERR,ERR,ERR,ERR,ERR,ERR,ERR,ERR,ERR,ERR,ERR,ERR,ERR,ERR,ERR,ERR,ERR,ERR,ERR,ERR,ERR,ERR,ERR,ERR,ERR,0.0,0.0,-134474944.0,0.0,0.0,1.3936040501711995e+18,7.805,0.0,0,0,4,0,8422,0.0,45,0.0,0.0,0.0,0.0,0.0,0,0,0,0,0.0,0,0,0,0,0,0,0,0,0,0,0,0,0,0,0,0,0,0,0,0,0,0,0,0,0,0,0,0,0,0,0,0,0,38,14,7,45,65476,0,300,0,0,8,21553,0.0,-107605600.0,0.0,0.0,0.0,0.0,0.0,0.0,0.0,0.0,0.0,0.0,0.0,0.0,0.0,0.0,0.0,0.0,0.0,0.0,0.0,0.0,0.0,-2.004,-2.004,2.004,0.0,0.0,0.0,0.0,5072.0,564145967595520.0,0.0,0.0,0.0,0.0,-107615304.0,0.0,0.0,0.0,0.0,53,1.9056979486756045e+17,-71.629,0.0,0.0,0.0,0.0,0.0,0.0,0.0,0,0,0,0.0,0.0,0.0,0.0,0.0,0.0,0.0,0.0,0.0,0.0,0.0,0.0,0.0,0.0,0.0,0.0,0,-107875648.0,53,0.0,106,-107614832.0,2.7006707062415038e+23,ERR,ERR,ERR,ERR,ERR,ERR,ERR,ERR,ERR,ERR,ERR,ERR,ERR,ERR,ERR,ERR,ERR,ERR,ERR,ERR,ERR,ERR,ERR,ERR,ERR,ERR,ERR,ERR,ERR,ERR,ERR,ERR,ERR,ERR,ERR,ERR,ERR,ERR,ERR,ERR,ERR,ERR,ERR,ERR,ERR,ERR,ERR,ERR,ERR,ERR,ERR,ERR,ERR,ERR,ERR,ERR,ERR,ERR,ERR,ERR,ERR,ERR,ERR,ERR,ERR,ERR,ERR,50.0,60.0,100,0.0,0.0,0.0,0.0,0.0,0.0,0.0,0.0,0.0,0.0,0.0,0.0,0.0,0.0,0.0,0.0,62.0,79,10,65507,50,65476,0,300,0,0,8,20529,65476,0,0,26214,60.0,0.0,0.0,0.0,0.0,0.0
2026-05-17T16:38:24,ERR,ERR,ERR,ERR,ERR,ERR,ERR,ERR,ERR,ERR,ERR,ERR,ERR,ERR,ERR,ERR,ERR,ERR,ERR,ERR,ERR,ERR,ERR,ERR,ERR,ERR,ERR,ERR,ERR,ERR,ERR,ERR,ERR,ERR,ERR,ERR,ERR,ERR,ERR,ERR,ERR,ERR,ERR,ERR,ERR,ERR,ERR,ERR,ERR,ERR,ERR,ERR,ERR,ERR,ERR,ERR,ERR,ERR,ERR,ERR,ERR,ERR,ERR,ERR,ERR,ERR,ERR,ERR,ERR,ERR,ERR,ERR,ERR,ERR,ERR,ERR,ERR,ERR,ERR,ERR,ERR,ERR,ERR,ERR,ERR,ERR,ERR,ERR,ERR,ERR,ERR,ERR,ERR,ERR,ERR,ERR,ERR,ERR,ERR,ERR,ERR,ERR,ERR,ERR,ERR,ERR,ERR,ERR,ERR,ERR,ERR,ERR,ERR,ERR,ERR,ERR,ERR,ERR,ERR,ERR,ERR,ERR,ERR,ERR,ERR,0.0,0.0,-134474944.0,0.0,0.0,1.3936040501711995e+18,7.805,0.0,0,0,4,0,8422,0.0,45,0.0,0.0,0.0,0.0,0.0,0,0,0,0,0.0,0,0,0,0,0,0,0,0,0,0,0,0,0,0,0,0,0,0,0,0,0,0,0,0,0,0,0,0,0,0,0,0,0,38,14,7,45,65476,0,300,0,0,8,21553,0.0,-107605600.0,0.0,0.0,0.0,0.0,0.0,0.0,0.0,0.0,0.0,0.0,0.0,0.0,0.0,0.0,0.0,0.0,0.0,0.0,0.0,0.0,0.0,0.0,-2.004,0.0,0.0,0.0,0.0,0.0,5070.0,131350.469,0.0,0.0,0.0,0.0,-107615304.0,0.0,0.0,0.0,0.0,53,152018454839296.0,5.8480564754410164e+35,0.0,0.0,0.0,0.0,0.0,0.0,0.0,0,0,0,0.0,0.0,0.0,0.0,0.0,0.0,0.0,0.0,0.0,0.0,0.0,0.0,0.0,0.0,0.0,0.0,0,-107875648.0,53,0.0,106,-107614832.0,2.7006707062415038e+23,ERR,ERR,ERR,ERR,ERR,ERR,ERR,ERR,ERR,ERR,ERR,ERR,ERR,ERR,ERR,ERR,ERR,ERR,ERR,ERR,ERR,ERR,ERR,ERR,ERR,ERR,ERR,ERR,ERR,ERR,ERR,ERR,ERR,ERR,ERR,ERR,ERR,ERR,ERR,ERR,ERR,ERR,ERR,ERR,ERR,ERR,ERR,ERR,ERR,ERR,ERR,ERR,ERR,ERR,ERR,ERR,ERR,ERR,ERR,ERR,ERR,ERR,ERR,ERR,ERR,ERR,ERR,50.0,60.0,100,0.0,0.0,0.0,0.0,0.0,0.0,0.0,0.0,0.0,0.0,0.0,0.0,0.0,0.0,0.0,0.0,62.0,79,10,65507,50,65476,0,300,0,0,8,20529,65476,0,0,26214,60.0,0.0,0.0,0.0,0.0,0.0
2026-05-17T16:38:25,ERR,ERR,ERR,ERR,ERR,ERR,ERR,ERR,ERR,ERR,ERR,ERR,ERR,ERR,ERR,ERR,ERR,ERR,ERR,ERR,ERR,ERR,ERR,ERR,ERR,ERR,ERR,ERR,ERR,ERR,ERR,ERR,ERR,ERR,ERR,ERR,ERR,ERR,ERR,ERR,ERR,ERR,ERR,ERR,ERR,ERR,ERR,ERR,ERR,ERR,ERR,ERR,ERR,ERR,ERR,ERR,ERR,ERR,ERR,ERR,ERR,ERR,ERR,ERR,ERR,ERR,ERR,ERR,ERR,ERR,ERR,ERR,ERR,ERR,ERR,ERR,ERR,ERR,ERR,ERR,ERR,ERR,ERR,ERR,ERR,ERR,ERR,ERR,ERR,ERR,ERR,ERR,ERR,ERR,ERR,ERR,ERR,ERR,ERR,ERR,ERR,ERR,ERR,ERR,ERR,ERR,ERR,ERR,ERR,ERR,ERR,ERR,ERR,ERR,ERR,ERR,ERR,ERR,ERR,ERR,ERR,ERR,ERR,ERR,ERR,0.0,0.0,-134474944.0,0.0,0.0,1.3936040501711995e+18,7.805,0.0,0,0,4,0,8422,0.0,45,0.0,0.0,0.0,0.0,0.0,0,0,0,0,0.0,0,0,0,0,0,0,0,0,0,0,0,0,0,0,0,0,0,0,0,0,0,0,0,0,0,0,0,0,0,0,0,0,0,38,14,7,45,65476,0,300,0,0,8,21553,0.0,-107605600.0,0.0,0.0,0.0,0.0,0.0,0.0,0.0,0.0,0.0,0.0,0.0,0.0,0.0,0.0,0.0,0.0,0.0,0.0,0.0,0.0,0.0,0.0,-2.004,0.0,0.0,0.0,0.0,0.0,5070.0,131350.469,0.0,0.0,0.0,0.0,-107615304.0,0.0,0.0,0.0,0.0,53,152018454839296.0,5.8480564754410164e+35,0.0,0.0,0.0,0.0,0.0,0.0,0.0,0,0,0,0.0,0.0,0.0,0.0,0.0,0.0,0.0,0.0,0.0,0.0,0.0,0.0,0.0,0.0,0.0,0.0,0,-107875648.0,53,0.0,106,-107614832.0,2.7006707062415038e+23,ERR,ERR,ERR,ERR,ERR,ERR,ERR,ERR,ERR,ERR,ERR,ERR,ERR,ERR,ERR,ERR,ERR,ERR,ERR,ERR,ERR,ERR,ERR,ERR,ERR,ERR,ERR,ERR,ERR,ERR,ERR,ERR,ERR,ERR,ERR,ERR,ERR,ERR,ERR,ERR,ERR,ERR,ERR,ERR,ERR,ERR,ERR,ERR,ERR,ERR,ERR,ERR,ERR,ERR,ERR,ERR,ERR,ERR,ERR,ERR,ERR,ERR,ERR,ERR,ERR,ERR,ERR,50.0,60.0,100,0.0,0.0,0.0,0.0,0.0,0.0,0.0,0.0,0.0,0.0,0.0,0.0,0.0,0.0,0.0,0.0,61.6,78,10,65507,50,65476,0,300,0,0,8,20529,65476,0,0,26214,60.0,0.0,0.0,0.0,0.0,0.0
2026-05-17T16:38:26,ERR,ERR,ERR,ERR,ERR,ERR,ERR,ERR,ERR,ERR,ERR,ERR,ERR,ERR,ERR,ERR,ERR,ERR,ERR,ERR,ERR,ERR,ERR,ERR,ERR,ERR,ERR,ERR,ERR,ERR,ERR,ERR,ERR,ERR,ERR,ERR,ERR,ERR,ERR,ERR,ERR,ERR,ERR,ERR,ERR,ERR,ERR,ERR,ERR,ERR,ERR,ERR,ERR,ERR,ERR,ERR,ERR,ERR,ERR,ERR,ERR,ERR,ERR,ERR,ERR,ERR,ERR,ERR,ERR,ERR,ERR,ERR,ERR,ERR,ERR,ERR,ERR,ERR,ERR,ERR,ERR,ERR,ERR,ERR,ERR,ERR,ERR,ERR,ERR,ERR,ERR,ERR,ERR,ERR,ERR,ERR,ERR,ERR,ERR,ERR,ERR,ERR,ERR,ERR,ERR,ERR,ERR,ERR,ERR,ERR,ERR,ERR,ERR,ERR,ERR,ERR,ERR,ERR,ERR,ERR,ERR,ERR,ERR,ERR,ERR,0.0,0.0,-134474944.0,0.0,0.0,1.3936040501711995e+18,7.805,0.0,0,0,4,0,8422,0.0,45,0.0,0.0,0.0,0.0,0.0,0,0,0,0,0.0,0,0,0,0,0,0,0,0,0,0,0,0,0,0,0,0,0,0,0,0,0,0,0,0,0,0,0,0,0,0,0,0,0,38,14,7,45,65476,0,300,0,0,8,21553,0.0,-107605600.0,0.0,0.0,0.0,0.0,0.0,0.0,0.0,0.0,0.0,0.0,0.0,0.0,0.0,0.0,0.0,0.0,0.0,0.0,0.0,0.0,0.0,0.0,-2.004,0.0,0.0,0.0,0.0,0.0,5070.0,131350.469,0.0,0.0,0.0,0.0,-107615304.0,0.0,0.0,0.0,0.0,53,152018454839296.0,5.8480564754410164e+35,0.0,0.0,0.0,0.0,0.0,0.0,0.0,0,0,0,0.0,0.0,0.0,0.0,0.0,0.0,0.0,0.0,0.0,0.0,0.0,0.0,0.0,0.0,0.0,0.0,0,-107875648.0,53,0.0,106,-107614832.0,2.7006707062415038e+23,ERR,ERR,ERR,ERR,ERR,ERR,ERR,ERR,ERR,ERR,ERR,ERR,ERR,ERR,ERR,ERR,ERR,ERR,ERR,ERR,ERR,ERR,ERR,ERR,ERR,ERR,ERR,ERR,ERR,ERR,ERR,ERR,ERR,ERR,ERR,ERR,ERR,ERR,ERR,ERR,ERR,ERR,ERR,ERR,ERR,ERR,ERR,ERR,ERR,ERR,ERR,ERR,ERR,ERR,ERR,ERR,ERR,ERR,ERR,ERR,ERR,ERR,ERR,ERR,ERR,ERR,ERR,50.0,60.0,100,0.0,0.0,0.0,0.0,0.0,0.0,0.0,0.0,0.0,0.0,0.0,0.0,0.0,0.0,0.0,0.0,61.6,78,10,65507,50,65476,0,300,0,0,8,20529,65476,0,0,26214,60.0,0.0,0.0,0.0,0.0,0.0
2026-05-17T16:38:27,ERR,ERR,ERR,ERR,ERR,ERR,ERR,ERR,ERR,ERR,ERR,ERR,ERR,ERR,ERR,ERR,ERR,ERR,ERR,ERR,ERR,ERR,ERR,ERR,ERR,ERR,ERR,ERR,ERR,ERR,ERR,ERR,ERR,ERR,ERR,ERR,ERR,ERR,ERR,ERR,ERR,ERR,ERR,ERR,ERR,ERR,ERR,ERR,ERR,ERR,ERR,ERR,ERR,ERR,ERR,ERR,ERR,ERR,ERR,ERR,ERR,ERR,ERR,ERR,ERR,ERR,ERR,ERR,ERR,ERR,ERR,ERR,ERR,ERR,ERR,ERR,ERR,ERR,ERR,ERR,ERR,ERR,ERR,ERR,ERR,ERR,ERR,ERR,ERR,ERR,ERR,ERR,ERR,ERR,ERR,ERR,ERR,ERR,ERR,ERR,ERR,ERR,ERR,ERR,ERR,ERR,ERR,ERR,ERR,ERR,ERR,ERR,ERR,ERR,ERR,ERR,ERR,ERR,ERR,ERR,ERR,ERR,ERR,ERR,ERR,0.0,0.0,-134474944.0,0.0,0.0,1.3936040501711995e+18,7.805,0.0,0,0,4,0,8422,0.0,45,0.0,0.0,0.0,0.0,0.0,0,0,0,0,0.0,0,0,0,0,0,0,0,0,0,0,0,0,0,0,0,0,0,0,0,0,0,0,0,0,0,0,0,0,0,0,0,0,0,38,14,7,45,65476,0,300,0,0,8,21553,0.0,-107605600.0,0.0,0.0,0.0,0.0,0.0,0.0,0.0,0.0,0.0,0.0,0.0,0.0,0.0,0.0,0.0,0.0,0.0,0.0,0.0,0.0,0.0,0.0,-2.004,0.0,0.0,0.0,0.0,0.0,5070.0,131350.469,0.0,0.0,0.0,0.0,-107615304.0,0.0,0.0,0.0,0.0,53,152018454839296.0,5.8480564754410164e+35,0.0,0.0,0.0,0.0,0.0,0.0,0.0,0,0,0,0.0,0.0,0.0,0.0,0.0,0.0,0.0,0.0,0.0,0.0,0.0,0.0,0.0,0.0,0.0,0.0,0,-107875648.0,53,0.0,106,-107614832.0,2.7006707062415038e+23,ERR,ERR,ERR,ERR,ERR,ERR,ERR,ERR,ERR,ERR,ERR,ERR,ERR,ERR,ERR,ERR,ERR,ERR,ERR,ERR,ERR,ERR,ERR,ERR,ERR,ERR,ERR,ERR,ERR,ERR,ERR,ERR,ERR,ERR,ERR,ERR,ERR,ERR,ERR,ERR,ERR,ERR,ERR,ERR,ERR,ERR,ERR,ERR,ERR,ERR,ERR,ERR,ERR,ERR,ERR,ERR,ERR,ERR,ERR,ERR,ERR,ERR,ERR,ERR,ERR,ERR,ERR,50.0,60.0,100,0.0,0.0,0.0,0.0,0.0,0.0,0.0,0.0,0.0,0.0,0.0,0.0,0.0,0.0,0.0,0.0,61.6,78,10,65507,50,65476,0,300,0,0,8,20529,65476,0,0,26214,60.0,0.0,0.0,0.0,0.0,0.0
2026-05-17T16:38:28,ERR,ERR,ERR,ERR,ERR,ERR,ERR,ERR,ERR,ERR,ERR,ERR,ERR,ERR,ERR,ERR,ERR,ERR,ERR,ERR,ERR,ERR,ERR,ERR,ERR,ERR,ERR,ERR,ERR,ERR,ERR,ERR,ERR,ERR,ERR,ERR,ERR,ERR,ERR,ERR,ERR,ERR,ERR,ERR,ERR,ERR,ERR,ERR,ERR,ERR,ERR,ERR,ERR,ERR,ERR,ERR,ERR,ERR,ERR,ERR,ERR,ERR,ERR,ERR,ERR,ERR,ERR,ERR,ERR,ERR,ERR,ERR,ERR,ERR,ERR,ERR,ERR,ERR,ERR,ERR,ERR,ERR,ERR,ERR,ERR,ERR,ERR,ERR,ERR,ERR,ERR,ERR,ERR,ERR,ERR,ERR,ERR,ERR,ERR,ERR,ERR,ERR,ERR,ERR,ERR,ERR,ERR,ERR,ERR,ERR,ERR,ERR,ERR,ERR,ERR,ERR,ERR,ERR,ERR,ERR,ERR,ERR,ERR,ERR,ERR,0.0,0.0,-134474944.0,0.0,0.0,1.3936040501711995e+18,7.805,0.0,0,0,4,0,8422,0.0,45,0.0,0.0,0.0,0.0,0.0,0,0,0,0,0.0,0,0,0,0,0,0,0,0,0,0,0,0,0,0,0,0,0,0,0,0,0,0,0,0,0,0,0,0,0,0,0,0,0,38,14,7,45,65476,0,300,0,0,8,21553,0.0,-107605600.0,0.0,0.0,0.0,0.0,0.0,0.0,0.0,0.0,0.0,0.0,0.0,0.0,0.0,0.0,0.0,0.0,0.0,0.0,0.0,0.0,0.0,0.0,-2.004,0.0,0.0,0.0,0.0,0.0,5070.0,131350.469,0.0,0.0,0.0,0.0,-107615304.0,0.0,0.0,0.0,0.0,53,152018454839296.0,5.8480564754410164e+35,0.0,0.0,0.0,0.0,0.0,0.0,0.0,0,0,0,0.0,0.0,0.0,0.0,0.0,0.0,0.0,0.0,0.0,0.0,0.0,0.0,0.0,0.0,0.0,0.0,0,-107875648.0,53,0.0,106,-107614832.0,2.7006707062415038e+23,ERR,ERR,ERR,ERR,ERR,ERR,ERR,ERR,ERR,ERR,ERR,ERR,ERR,ERR,ERR,ERR,ERR,ERR,ERR,ERR,ERR,ERR,ERR,ERR,ERR,ERR,ERR,ERR,ERR,ERR,ERR,ERR,ERR,ERR,ERR,ERR,ERR,ERR,ERR,ERR,ERR,ERR,ERR,ERR,ERR,ERR,ERR,ERR,ERR,ERR,ERR,ERR,ERR,ERR,ERR,ERR,ERR,ERR,ERR,ERR,ERR,ERR,ERR,ERR,ERR,ERR,ERR,50.0,60.0,100,0.0,0.0,0.0,0.0,0.0,0.0,0.0,0.0,0.0,0.0,0.0,0.0,0.0,0.0,0.0,0.0,61.6,78,10,65507,50,65476,0,300,0,0,8,20529,65476,0,0,26214,60.0,0.0,0.0,0.0,0.0,0.0
2026-05-17T16:38:29,ERR,ERR,ERR,ERR,ERR,ERR,ERR,ERR,ERR,ERR,ERR,ERR,ERR,ERR,ERR,ERR,ERR,ERR,ERR,ERR,ERR,ERR,ERR,ERR,ERR,ERR,ERR,ERR,ERR,ERR,ERR,ERR,ERR,ERR,ERR,ERR,ERR,ERR,ERR,ERR,ERR,ERR,ERR,ERR,ERR,ERR,ERR,ERR,ERR,ERR,ERR,ERR,ERR,ERR,ERR,ERR,ERR,ERR,ERR,ERR,ERR,ERR,ERR,ERR,ERR,ERR,ERR,ERR,ERR,ERR,ERR,ERR,ERR,ERR,ERR,ERR,ERR,ERR,ERR,ERR,ERR,ERR,ERR,ERR,ERR,ERR,ERR,ERR,ERR,ERR,ERR,ERR,ERR,ERR,ERR,ERR,ERR,ERR,ERR,ERR,ERR,ERR,ERR,ERR,ERR,ERR,ERR,ERR,ERR,ERR,ERR,ERR,ERR,ERR,ERR,ERR,ERR,ERR,ERR,ERR,ERR,ERR,ERR,ERR,ERR,0.0,0.0,-134474944.0,0.0,0.0,1.3936040501711995e+18,7.805,0.0,0,0,4,0,8422,0.0,45,0.0,0.0,0.0,0.0,0.0,0,0,0,0,0.0,0,0,0,0,0,0,0,0,0,0,0,0,0,0,0,0,0,0,0,0,0,0,0,0,0,0,0,0,0,0,0,0,0,38,14,7,45,65476,0,300,0,0,8,21553,0.0,-107605600.0,0.0,0.0,0.0,0.0,0.0,0.0,0.0,0.0,0.0,0.0,0.0,0.0,0.0,0.0,0.0,0.0,0.0,0.0,0.0,0.0,0.0,0.0,-2.004,0.0,0.0,0.0,0.0,0.0,5041.0,-0.0,0.0,0.0,0.0,0.0,-107615304.0,0.0,0.0,0.0,0.0,53,2.3088403658719416e+20,-0.0,0.0,0.0,0.0,0.0,0.0,0.0,0.0,0,0,0,0.0,0.0,0.0,0.0,0.0,0.0,0.0,0.0,0.0,0.0,0.0,0.0,0.0,0.0,0.0,0.0,0,-107875648.0,53,0.0,106,-107614832.0,2.7006707062415038e+23,ERR,ERR,ERR,ERR,ERR,ERR,ERR,ERR,ERR,ERR,ERR,ERR,ERR,ERR,ERR,ERR,ERR,ERR,ERR,ERR,ERR,ERR,ERR,ERR,ERR,ERR,ERR,ERR,ERR,ERR,ERR,ERR,ERR,ERR,ERR,ERR,ERR,ERR,ERR,ERR,ERR,ERR,ERR,ERR,ERR,ERR,ERR,ERR,ERR,ERR,ERR,ERR,ERR,ERR,ERR,ERR,ERR,ERR,ERR,ERR,ERR,ERR,ERR,ERR,ERR,ERR,ERR,50.0,60.0,100,0.0,0.0,0.0,0.0,0.0,0.0,0.0,0.0,0.0,0.0,0.0,0.0,0.0,0.0,0.0,0.0,62.0,78,10,65507,50,65476,0,300,0,0,8,20529,65476,0,0,26214,60.0,0.0,0.0,0.0,0.0,0.0
2026-05-17T16:38:30,ERR,ERR,ERR,ERR,ERR,ERR,ERR,ERR,ERR,ERR,ERR,ERR,ERR,ERR,ERR,ERR,ERR,ERR,ERR,ERR,ERR,ERR,ERR,ERR,ERR,ERR,ERR,ERR,ERR,ERR,ERR,ERR,ERR,ERR,ERR,ERR,ERR,ERR,ERR,ERR,ERR,ERR,ERR,ERR,ERR,ERR,ERR,ERR,ERR,ERR,ERR,ERR,ERR,ERR,ERR,ERR,ERR,ERR,ERR,ERR,ERR,ERR,ERR,ERR,ERR,ERR,ERR,ERR,ERR,ERR,ERR,ERR,ERR,ERR,ERR,ERR,ERR,ERR,ERR,ERR,ERR,ERR,ERR,ERR,ERR,ERR,ERR,ERR,ERR,ERR,ERR,ERR,ERR,ERR,ERR,ERR,ERR,ERR,ERR,ERR,ERR,ERR,ERR,ERR,ERR,ERR,ERR,ERR,ERR,ERR,ERR,ERR,ERR,ERR,ERR,ERR,ERR,ERR,ERR,ERR,ERR,ERR,ERR,ERR,ERR,0.0,0.0,-134474944.0,0.0,0.0,1.3936040501711995e+18,7.805,0.0,0,0,4,0,8422,0.0,45,0.0,0.0,0.0,0.0,0.0,0,0,0,0,0.0,0,0,0,0,0,0,0,0,0,0,0,0,0,0,0,0,0,0,0,0,0,0,0,0,0,0,0,0,0,0,0,0,0,38,14,7,45,65476,0,300,0,0,8,21553,0.0,-107605600.0,0.0,0.0,0.0,0.0,0.0,0.0,0.0,0.0,0.0,0.0,0.0,0.0,0.0,0.0,0.0,0.0,0.0,0.0,0.0,0.0,0.0,0.0,-2.004,0.0,0.0,0.0,0.0,0.0,5041.0,-0.0,0.0,0.0,0.0,0.0,-107615304.0,0.0,0.0,0.0,0.0,53,2.3088403658719416e+20,-0.0,0.0,0.0,0.0,0.0,0.0,0.0,0.0,0,0,0,0.0,0.0,0.0,0.0,0.0,0.0,0.0,0.0,0.0,0.0,0.0,0.0,0.0,0.0,0.0,0.0,0,-107875648.0,53,0.0,106,-107614832.0,2.7006707062415038e+23,ERR,ERR,ERR,ERR,ERR,ERR,ERR,ERR,ERR,ERR,ERR,ERR,ERR,ERR,ERR,ERR,ERR,ERR,ERR,ERR,ERR,ERR,ERR,ERR,ERR,ERR,ERR,ERR,ERR,ERR,ERR,ERR,ERR,ERR,ERR,ERR,ERR,ERR,ERR,ERR,ERR,ERR,ERR,ERR,ERR,ERR,ERR,ERR,ERR,ERR,ERR,ERR,ERR,ERR,ERR,ERR,ERR,ERR,ERR,ERR,ERR,ERR,ERR,ERR,ERR,ERR,ERR,50.0,60.0,100,0.0,0.0,0.0,0.0,0.0,0.0,0.0,0.0,0.0,0.0,0.0,0.0,0.0,0.0,0.0,0.0,61.6,78,10,65507,50,65476,0,300,0,0,8,20529,65476,0,0,26214,60.0,0.0,0.0,0.0,0.0,0.0
2026-05-17T16:38:31,ERR,ERR,ERR,ERR,ERR,ERR,ERR,ERR,ERR,ERR,ERR,ERR,ERR,ERR,ERR,ERR,ERR,ERR,ERR,ERR,ERR,ERR,ERR,ERR,ERR,ERR,ERR,ERR,ERR,ERR,ERR,ERR,ERR,ERR,ERR,ERR,ERR,ERR,ERR,ERR,ERR,ERR,ERR,ERR,ERR,ERR,ERR,ERR,ERR,ERR,ERR,ERR,ERR,ERR,ERR,ERR,ERR,ERR,ERR,ERR,ERR,ERR,ERR,ERR,ERR,ERR,ERR,ERR,ERR,ERR,ERR,ERR,ERR,ERR,ERR,ERR,ERR,ERR,ERR,ERR,ERR,ERR,ERR,ERR,ERR,ERR,ERR,ERR,ERR,ERR,ERR,ERR,ERR,ERR,ERR,ERR,ERR,ERR,ERR,ERR,ERR,ERR,ERR,ERR,ERR,ERR,ERR,ERR,ERR,ERR,ERR,ERR,ERR,ERR,ERR,ERR,ERR,ERR,ERR,ERR,ERR,ERR,ERR,ERR,ERR,0.0,0.0,-134474944.0,0.0,0.0,1.3936040501711995e+18,7.805,0.0,0,0,4,0,8422,0.0,45,0.0,0.0,0.0,0.0,0.0,0,0,0,0,0.0,0,0,0,0,0,0,0,0,0,0,0,0,0,0,0,0,0,0,0,0,0,0,0,0,0,0,0,0,0,0,0,0,0,38,14,7,45,65476,0,300,0,0,8,21553,0.0,-107605600.0,0.0,0.0,0.0,0.0,0.0,0.0,0.0,0.0,0.0,0.0,0.0,0.0,0.0,0.0,0.0,0.0,0.0,0.0,0.0,0.0,0.0,0.0,-2.004,0.0,0.0,0.0,0.0,0.0,5041.0,-0.0,0.0,0.0,0.0,0.0,-107615304.0,0.0,0.0,0.0,0.0,53,2.3088403658719416e+20,-0.0,0.0,0.0,0.0,0.0,0.0,0.0,0.0,0,0,0,0.0,0.0,0.0,0.0,0.0,0.0,0.0,0.0,0.0,0.0,0.0,0.0,0.0,0.0,0.0,0.0,0,-107875648.0,53,0.0,106,-107614832.0,2.7006707062415038e+23,ERR,ERR,ERR,ERR,ERR,ERR,ERR,ERR,ERR,ERR,ERR,ERR,ERR,ERR,ERR,ERR,ERR,ERR,ERR,ERR,ERR,ERR,ERR,ERR,ERR,ERR,ERR,ERR,ERR,ERR,ERR,ERR,ERR,ERR,ERR,ERR,ERR,ERR,ERR,ERR,ERR,ERR,ERR,ERR,ERR,ERR,ERR,ERR,ERR,ERR,ERR,ERR,ERR,ERR,ERR,ERR,ERR,ERR,ERR,ERR,ERR,ERR,ERR,ERR,ERR,ERR,ERR,50.0,60.0,100,0.0,0.0,0.0,0.0,0.0,0.0,0.0,0.0,0.0,0.0,0.0,0.0,0.0,0.0,0.0,0.0,61.6,78,10,65507,50,65476,0,300,0,0,8,20529,65476,0,0,26214,60.0,0.0,0.0,0.0,0.0,0.0
2026-05-17T16:38:32,ERR,ERR,ERR,ERR,ERR,ERR,ERR,ERR,ERR,ERR,ERR,ERR,ERR,ERR,ERR,ERR,ERR,ERR,ERR,ERR,ERR,ERR,ERR,ERR,ERR,ERR,ERR,ERR,ERR,ERR,ERR,ERR,ERR,ERR,ERR,ERR,ERR,ERR,ERR,ERR,ERR,ERR,ERR,ERR,ERR,ERR,ERR,ERR,ERR,ERR,ERR,ERR,ERR,ERR,ERR,ERR,ERR,ERR,ERR,ERR,ERR,ERR,ERR,ERR,ERR,ERR,ERR,ERR,ERR,ERR,ERR,ERR,ERR,ERR,ERR,ERR,ERR,ERR,ERR,ERR,ERR,ERR,ERR,ERR,ERR,ERR,ERR,ERR,ERR,ERR,ERR,ERR,ERR,ERR,ERR,ERR,ERR,ERR,ERR,ERR,ERR,ERR,ERR,ERR,ERR,ERR,ERR,ERR,ERR,ERR,ERR,ERR,ERR,ERR,ERR,ERR,ERR,ERR,ERR,ERR,ERR,ERR,ERR,ERR,ERR,0.0,0.0,-134474944.0,0.0,0.0,1.3936040501711995e+18,7.805,0.0,0,0,4,0,8422,0.0,45,0.0,0.0,0.0,0.0,0.0,0,0,0,0,0.0,0,0,0,0,0,0,0,0,0,0,0,0,0,0,0,0,0,0,0,0,0,0,0,0,0,0,0,0,0,0,0,0,0,38,14,7,45,65476,0,300,0,0,8,21553,0.0,-107605600.0,0.0,0.0,0.0,0.0,0.0,0.0,0.0,0.0,0.0,0.0,0.0,0.0,0.0,0.0,0.0,0.0,0.0,0.0,0.0,0.0,0.0,0.0,-2.004,0.0,0.0,0.0,0.0,0.0,5041.0,-0.0,0.0,0.0,0.0,0.0,-107615304.0,0.0,0.0,0.0,0.0,53,2.3088403658719416e+20,-0.0,0.0,0.0,0.0,0.0,0.0,0.0,0.0,0,0,0,0.0,0.0,0.0,0.0,0.0,0.0,0.0,0.0,0.0,0.0,0.0,0.0,0.0,0.0,0.0,0.0,0,-107875648.0,53,0.0,106,-107614832.0,2.7006707062415038e+23,ERR,ERR,ERR,ERR,ERR,ERR,ERR,ERR,ERR,ERR,ERR,ERR,ERR,ERR,ERR,ERR,ERR,ERR,ERR,ERR,ERR,ERR,ERR,ERR,ERR,ERR,ERR,ERR,ERR,ERR,ERR,ERR,ERR,ERR,ERR,ERR,ERR,ERR,ERR,ERR,ERR,ERR,ERR,ERR,ERR,ERR,ERR,ERR,ERR,ERR,ERR,ERR,ERR,ERR,ERR,ERR,ERR,ERR,ERR,ERR,ERR,ERR,ERR,ERR,ERR,ERR,ERR,50.0,60.0,100,0.0,0.0,0.0,0.0,0.0,0.0,0.0,0.0,0.0,0.0,0.0,0.0,0.0,0.0,0.0,0.0,62.0,78,10,65507,50,65476,0,300,0,0,8,20529,65476,0,0,26214,60.0,0.0,0.0,0.0,0.0,0.0
2026-05-17T16:38:33,ERR,ERR,ERR,ERR,ERR,ERR,ERR,ERR,ERR,ERR,ERR,ERR,ERR,ERR,ERR,ERR,ERR,ERR,ERR,ERR,ERR,ERR,ERR,ERR,ERR,ERR,ERR,ERR,ERR,ERR,ERR,ERR,ERR,ERR,ERR,ERR,ERR,ERR,ERR,ERR,ERR,ERR,ERR,ERR,ERR,ERR,ERR,ERR,ERR,ERR,ERR,ERR,ERR,ERR,ERR,ERR,ERR,ERR,ERR,ERR,ERR,ERR,ERR,ERR,ERR,ERR,ERR,ERR,ERR,ERR,ERR,ERR,ERR,ERR,ERR,ERR,ERR,ERR,ERR,ERR,ERR,ERR,ERR,ERR,ERR,ERR,ERR,ERR,ERR,ERR,ERR,ERR,ERR,ERR,ERR,ERR,ERR,ERR,ERR,ERR,ERR,ERR,ERR,ERR,ERR,ERR,ERR,ERR,ERR,ERR,ERR,ERR,ERR,ERR,ERR,ERR,ERR,ERR,ERR,ERR,ERR,ERR,ERR,ERR,ERR,0.0,0.0,-134474944.0,0.0,0.0,1.3936040501711995e+18,7.805,0.0,0,0,4,0,8422,0.0,45,0.0,0.0,0.0,0.0,0.0,0,0,0,0,0.0,0,0,0,0,0,0,0,0,0,0,0,0,0,0,0,0,0,0,0,0,0,0,0,0,0,0,0,0,0,0,0,0,0,38,14,7,45,65476,0,300,0,0,8,21553,0.0,-107605600.0,0.0,0.0,0.0,0.0,0.0,0.0,0.0,0.0,0.0,0.0,0.0,0.0,0.0,0.0,0.0,0.0,0.0,0.0,0.0,0.0,0.0,0.0,-2.004,0.0,0.0,0.0,0.0,0.0,5041.0,-0.0,0.0,0.0,0.0,0.0,-107615304.0,0.0,0.0,0.0,0.0,53,2.3088403658719416e+20,-0.0,0.0,0.0,0.0,0.0,0.0,0.0,0.0,0,0,0,0.0,0.0,0.0,0.0,0.0,0.0,0.0,0.0,0.0,0.0,0.0,0.0,0.0,0.0,0.0,0.0,0,-107875648.0,53,0.0,106,-107614832.0,2.7006707062415038e+23,ERR,ERR,ERR,ERR,ERR,ERR,ERR,ERR,ERR,ERR,ERR,ERR,ERR,ERR,ERR,ERR,ERR,ERR,ERR,ERR,ERR,ERR,ERR,ERR,ERR,ERR,ERR,ERR,ERR,ERR,ERR,ERR,ERR,ERR,ERR,ERR,ERR,ERR,ERR,ERR,ERR,ERR,ERR,ERR,ERR,ERR,ERR,ERR,ERR,ERR,ERR,ERR,ERR,ERR,ERR,ERR,ERR,ERR,ERR,ERR,ERR,ERR,ERR,ERR,ERR,ERR,ERR,50.0,60.0,100,0.0,0.0,0.0,0.0,0.0,0.0,0.0,0.0,0.0,0.0,0.0,0.0,0.0,0.0,0.0,0.0,62.0,78,10,65507,50,65476,0,300,0,0,8,20529,65476,0,0,26214,60.0,0.0,0.0,0.0,0.0,0.0
2026-05-17T16:38:34,ERR,ERR,ERR,ERR,ERR,ERR,ERR,ERR,ERR,ERR,ERR,ERR,ERR,ERR,ERR,ERR,ERR,ERR,ERR,ERR,ERR,ERR,ERR,ERR,ERR,ERR,ERR,ERR,ERR,ERR,ERR,ERR,ERR,ERR,ERR,ERR,ERR,ERR,ERR,ERR,ERR,ERR,ERR,ERR,ERR,ERR,ERR,ERR,ERR,ERR,ERR,ERR,ERR,ERR,ERR,ERR,ERR,ERR,ERR,ERR,ERR,ERR,ERR,ERR,ERR,ERR,ERR,ERR,ERR,ERR,ERR,ERR,ERR,ERR,ERR,ERR,ERR,ERR,ERR,ERR,ERR,ERR,ERR,ERR,ERR,ERR,ERR,ERR,ERR,ERR,ERR,ERR,ERR,ERR,ERR,ERR,ERR,ERR,ERR,ERR,ERR,ERR,ERR,ERR,ERR,ERR,ERR,ERR,ERR,ERR,ERR,ERR,ERR,ERR,ERR,ERR,ERR,ERR,ERR,ERR,ERR,ERR,ERR,ERR,ERR,0.0,0.0,-134474944.0,0.0,0.0,1.3936040501711995e+18,7.805,0.0,0,0,4,0,8422,0.0,45,0.0,0.0,0.0,0.0,0.0,0,0,0,0,0.0,0,0,0,0,0,0,0,0,0,0,0,0,0,0,0,0,0,0,0,0,0,0,0,0,0,0,0,0,0,0,0,0,0,38,14,7,45,65476,0,300,0,0,8,21553,0.0,-107605600.0,0.0,0.0,0.0,0.0,0.0,0.0,0.0,0.0,0.0,0.0,0.0,0.0,0.0,0.0,0.0,0.0,0.0,0.0,0.0,0.0,0.0,0.0,-2.004,2.004,0.0,0.0,0.0,0.0,5040.0,2.004,0.0,0.0,0.0,0.0,-0.0,0.0,0.0,0.0,0.0,53,4.066880103266858e+29,4.0668540358038725e+29,0.0,0.0,0.0,0.0,0.0,0.0,0.0,0,0,0,0.0,0.0,0.0,0.0,0.0,0.0,0.0,0.0,0.0,0.0,0.0,0.0,0.0,0.0,0.0,0.0,0,-107875648.0,53,0.0,106,-107614832.0,2.7006707062415038e+23,ERR,ERR,ERR,ERR,ERR,ERR,ERR,ERR,ERR,ERR,ERR,ERR,ERR,ERR,ERR,ERR,ERR,ERR,ERR,ERR,ERR,ERR,ERR,ERR,ERR,ERR,ERR,ERR,ERR,ERR,ERR,ERR,ERR,ERR,ERR,ERR,ERR,ERR,ERR,ERR,ERR,ERR,ERR,ERR,ERR,ERR,ERR,ERR,ERR,ERR,ERR,ERR,ERR,ERR,ERR,ERR,ERR,ERR,ERR,ERR,ERR,ERR,ERR,ERR,ERR,ERR,ERR,50.0,60.0,100,0.0,0.0,0.0,0.0,0.0,0.0,0.0,0.0,0.0,0.0,0.0,0.0,0.0,0.0,0.0,0.0,62.0,78,10,65507,50,65476,0,300,0,0,8,20529,65476,0,0,26214,60.0,0.0,0.0,0.0,0.0,0.0
2026-05-17T16:38:35,ERR,ERR,ERR,ERR,ERR,ERR,ERR,ERR,ERR,ERR,ERR,ERR,ERR,ERR,ERR,ERR,ERR,ERR,ERR,ERR,ERR,ERR,ERR,ERR,ERR,ERR,ERR,ERR,ERR,ERR,ERR,ERR,ERR,ERR,ERR,ERR,ERR,ERR,ERR,ERR,ERR,ERR,ERR,ERR,ERR,ERR,ERR,ERR,ERR,ERR,ERR,ERR,ERR,ERR,ERR,ERR,ERR,ERR,ERR,ERR,ERR,ERR,ERR,ERR,ERR,ERR,ERR,ERR,ERR,ERR,ERR,ERR,ERR,ERR,ERR,ERR,ERR,ERR,ERR,ERR,ERR,ERR,ERR,ERR,ERR,ERR,ERR,ERR,ERR,ERR,ERR,ERR,ERR,ERR,ERR,ERR,ERR,ERR,ERR,ERR,ERR,ERR,ERR,ERR,ERR,ERR,ERR,ERR,ERR,ERR,ERR,ERR,ERR,ERR,ERR,ERR,ERR,ERR,ERR,ERR,ERR,ERR,ERR,ERR,ERR,0.0,0.0,-134474944.0,0.0,0.0,1.3936040501711995e+18,7.805,0.0,0,0,4,0,8422,0.0,45,0.0,0.0,0.0,0.0,0.0,0,0,0,0,0.0,0,0,0,0,0,0,0,0,0,0,0,0,0,0,0,0,0,0,0,0,0,0,0,0,0,0,0,0,0,0,0,0,0,38,14,7,45,65476,0,300,0,0,8,21553,0.0,-107605600.0,0.0,0.0,0.0,0.0,0.0,0.0,0.0,0.0,0.0,0.0,0.0,0.0,0.0,0.0,0.0,0.0,0.0,0.0,0.0,0.0,0.0,0.0,-2.004,2.004,0.0,0.0,0.0,0.0,5040.0,2.004,0.0,0.0,0.0,0.0,-0.0,0.0,0.0,0.0,0.0,53,4.066880103266858e+29,4.0668540358038725e+29,0.0,0.0,0.0,0.0,0.0,0.0,0.0,0,0,0,0.0,0.0,0.0,0.0,0.0,0.0,0.0,0.0,0.0,0.0,0.0,0.0,0.0,0.0,0.0,0.0,0,-107875648.0,53,0.0,106,-107614832.0,2.7006707062415038e+23,ERR,ERR,ERR,ERR,ERR,ERR,ERR,ERR,ERR,ERR,ERR,ERR,ERR,ERR,ERR,ERR,ERR,ERR,ERR,ERR,ERR,ERR,ERR,ERR,ERR,ERR,ERR,ERR,ERR,ERR,ERR,ERR,ERR,ERR,ERR,ERR,ERR,ERR,ERR,ERR,ERR,ERR,ERR,ERR,ERR,ERR,ERR,ERR,ERR,ERR,ERR,ERR,ERR,ERR,ERR,ERR,ERR,ERR,ERR,ERR,ERR,ERR,ERR,ERR,ERR,ERR,ERR,50.0,60.0,100,0.0,0.0,0.0,0.0,0.0,0.0,0.0,0.0,0.0,0.0,0.0,0.0,0.0,0.0,0.0,0.0,62.0,78,10,65507,50,65476,0,300,0,0,8,20529,65476,0,0,26214,60.0,0.0,0.0,0.0,0.0,0.0
2026-05-17T16:38:36,ERR,ERR,ERR,ERR,ERR,ERR,ERR,ERR,ERR,ERR,ERR,ERR,ERR,ERR,ERR,ERR,ERR,ERR,ERR,ERR,ERR,ERR,ERR,ERR,ERR,ERR,ERR,ERR,ERR,ERR,ERR,ERR,ERR,ERR,ERR,ERR,ERR,ERR,ERR,ERR,ERR,ERR,ERR,ERR,ERR,ERR,ERR,ERR,ERR,ERR,ERR,ERR,ERR,ERR,ERR,ERR,ERR,ERR,ERR,ERR,ERR,ERR,ERR,ERR,ERR,ERR,ERR,ERR,ERR,ERR,ERR,ERR,ERR,ERR,ERR,ERR,ERR,ERR,ERR,ERR,ERR,ERR,ERR,ERR,ERR,ERR,ERR,ERR,ERR,ERR,ERR,ERR,ERR,ERR,ERR,ERR,ERR,ERR,ERR,ERR,ERR,ERR,ERR,ERR,ERR,ERR,ERR,ERR,ERR,ERR,ERR,ERR,ERR,ERR,ERR,ERR,ERR,ERR,ERR,ERR,ERR,ERR,ERR,ERR,ERR,0.0,0.0,-134474944.0,0.0,0.0,1.3936040501711995e+18,7.805,0.0,0,0,4,0,8422,0.0,45,0.0,0.0,0.0,0.0,0.0,0,0,0,0,0.0,0,0,0,0,0,0,0,0,0,0,0,0,0,0,0,0,0,0,0,0,0,0,0,0,0,0,0,0,0,0,0,0,0,38,14,7,45,65476,0,300,0,0,8,21553,0.0,-107605600.0,0.0,0.0,0.0,0.0,0.0,0.0,0.0,0.0,0.0,0.0,0.0,0.0,0.0,0.0,0.0,0.0,0.0,0.0,0.0,0.0,0.0,0.0,-2.004,2.004,0.0,0.0,0.0,0.0,5040.0,2.004,0.0,0.0,0.0,0.0,-0.0,0.0,0.0,0.0,0.0,53,4.066880103266858e+29,4.0668540358038725e+29,0.0,0.0,0.0,0.0,0.0,0.0,0.0,0,0,0,0.0,0.0,0.0,0.0,0.0,0.0,0.0,0.0,0.0,0.0,0.0,0.0,0.0,0.0,0.0,0.0,0,-107875648.0,53,0.0,106,-107614832.0,2.7006707062415038e+23,ERR,ERR,ERR,ERR,ERR,ERR,ERR,ERR,ERR,ERR,ERR,ERR,ERR,ERR,ERR,ERR,ERR,ERR,ERR,ERR,ERR,ERR,ERR,ERR,ERR,ERR,ERR,ERR,ERR,ERR,ERR,ERR,ERR,ERR,ERR,ERR,ERR,ERR,ERR,ERR,ERR,ERR,ERR,ERR,ERR,ERR,ERR,ERR,ERR,ERR,ERR,ERR,ERR,ERR,ERR,ERR,ERR,ERR,ERR,ERR,ERR,ERR,ERR,ERR,ERR,ERR,ERR,50.0,60.0,100,0.0,0.0,0.0,0.0,0.0,0.0,0.0,0.0,0.0,0.0,0.0,0.0,0.0,0.0,0.0,0.0,61.6,78,10,65507,50,65476,0,300,0,0,8,20529,65476,0,0,26214,60.0,0.0,0.0,0.0,0.0,0.0
2026-05-17T16:38:37,ERR,ERR,ERR,ERR,ERR,ERR,ERR,ERR,ERR,ERR,ERR,ERR,ERR,ERR,ERR,ERR,ERR,ERR,ERR,ERR,ERR,ERR,ERR,ERR,ERR,ERR,ERR,ERR,ERR,ERR,ERR,ERR,ERR,ERR,ERR,ERR,ERR,ERR,ERR,ERR,ERR,ERR,ERR,ERR,ERR,ERR,ERR,ERR,ERR,ERR,ERR,ERR,ERR,ERR,ERR,ERR,ERR,ERR,ERR,ERR,ERR,ERR,ERR,ERR,ERR,ERR,ERR,ERR,ERR,ERR,ERR,ERR,ERR,ERR,ERR,ERR,ERR,ERR,ERR,ERR,ERR,ERR,ERR,ERR,ERR,ERR,ERR,ERR,ERR,ERR,ERR,ERR,ERR,ERR,ERR,ERR,ERR,ERR,ERR,ERR,ERR,ERR,ERR,ERR,ERR,ERR,ERR,ERR,ERR,ERR,ERR,ERR,ERR,ERR,ERR,ERR,ERR,ERR,ERR,ERR,ERR,ERR,ERR,ERR,ERR,0.0,0.0,-134474944.0,0.0,0.0,1.3936040501711995e+18,7.805,0.0,0,0,4,0,8422,0.0,45,0.0,0.0,0.0,0.0,0.0,0,0,0,0,0.0,0,0,0,0,0,0,0,0,0,0,0,0,0,0,0,0,0,0,0,0,0,0,0,0,0,0,0,0,0,0,0,0,0,38,14,7,45,65476,0,300,0,0,8,21553,0.0,-107605600.0,0.0,0.0,0.0,0.0,0.0,0.0,0.0,0.0,0.0,0.0,0.0,0.0,0.0,0.0,0.0,0.0,0.0,0.0,0.0,0.0,0.0,0.0,-2.004,2.004,0.0,0.0,0.0,0.0,5040.0,2.004,0.0,0.0,0.0,0.0,-0.0,0.0,0.0,0.0,0.0,53,4.066880103266858e+29,4.0668540358038725e+29,0.0,0.0,0.0,0.0,0.0,0.0,0.0,0,0,0,0.0,0.0,0.0,0.0,0.0,0.0,0.0,0.0,0.0,0.0,0.0,0.0,0.0,0.0,0.0,0.0,0,-107875648.0,53,0.0,106,-107614832.0,2.7006707062415038e+23,ERR,ERR,ERR,ERR,ERR,ERR,ERR,ERR,ERR,ERR,ERR,ERR,ERR,ERR,ERR,ERR,ERR,ERR,ERR,ERR,ERR,ERR,ERR,ERR,ERR,ERR,ERR,ERR,ERR,ERR,ERR,ERR,ERR,ERR,ERR,ERR,ERR,ERR,ERR,ERR,ERR,ERR,ERR,ERR,ERR,ERR,ERR,ERR,ERR,ERR,ERR,ERR,ERR,ERR,ERR,ERR,ERR,ERR,ERR,ERR,ERR,ERR,ERR,ERR,ERR,ERR,ERR,50.0,60.0,100,0.0,0.0,0.0,0.0,0.0,0.0,0.0,0.0,0.0,0.0,0.0,0.0,0.0,0.0,0.0,0.0,62.0,78,10,65507,50,65476,0,300,0,0,8,20529,65476,0,0,26214,60.0,0.0,0.0,0.0,0.0,0.0
2026-05-17T16:38:38,ERR,ERR,ERR,ERR,ERR,ERR,ERR,ERR,ERR,ERR,ERR,ERR,ERR,ERR,ERR,ERR,ERR,ERR,ERR,ERR,ERR,ERR,ERR,ERR,ERR,ERR,ERR,ERR,ERR,ERR,ERR,ERR,ERR,ERR,ERR,ERR,ERR,ERR,ERR,ERR,ERR,ERR,ERR,ERR,ERR,ERR,ERR,ERR,ERR,ERR,ERR,ERR,ERR,ERR,ERR,ERR,ERR,ERR,ERR,ERR,ERR,ERR,ERR,ERR,ERR,ERR,ERR,ERR,ERR,ERR,ERR,ERR,ERR,ERR,ERR,ERR,ERR,ERR,ERR,ERR,ERR,ERR,ERR,ERR,ERR,ERR,ERR,ERR,ERR,ERR,ERR,ERR,ERR,ERR,ERR,ERR,ERR,ERR,ERR,ERR,ERR,ERR,ERR,ERR,ERR,ERR,ERR,ERR,ERR,ERR,ERR,ERR,ERR,ERR,ERR,ERR,ERR,ERR,ERR,ERR,ERR,ERR,ERR,ERR,ERR,0.0,0.0,-134474944.0,0.0,0.0,1.3936040501711995e+18,7.805,0.0,0,0,4,0,8422,0.0,45,0.0,0.0,0.0,0.0,0.0,0,0,0,0,0.0,0,0,0,0,0,0,0,0,0,0,0,0,0,0,0,0,0,0,0,0,0,0,0,0,0,0,0,0,0,0,0,0,0,38,14,7,45,65476,0,300,0,0,8,21553,0.0,-107605600.0,0.0,0.0,0.0,0.0,0.0,0.0,0.0,0.0,0.0,0.0,0.0,0.0,0.0,0.0,0.0,0.0,0.0,0.0,0.0,0.0,0.0,0.0,-2.004,2.004,0.0,0.0,0.0,0.0,5040.0,2.004,0.0,0.0,0.0,0.0,-0.0,0.0,0.0,0.0,0.0,53,4.066880103266858e+29,4.0668540358038725e+29,0.0,0.0,0.0,0.0,0.0,0.0,0.0,0,0,0,0.0,0.0,0.0,0.0,0.0,0.0,0.0,0.0,0.0,0.0,0.0,0.0,0.0,0.0,0.0,0.0,0,-107875648.0,53,0.0,106,-107614832.0,2.7006707062415038e+23,ERR,ERR,ERR,ERR,ERR,ERR,ERR,ERR,ERR,ERR,ERR,ERR,ERR,ERR,ERR,ERR,ERR,ERR,ERR,ERR,ERR,ERR,ERR,ERR,ERR,ERR,ERR,ERR,ERR,ERR,ERR,ERR,ERR,ERR,ERR,ERR,ERR,ERR,ERR,ERR,ERR,ERR,ERR,ERR,ERR,ERR,ERR,ERR,ERR,ERR,ERR,ERR,ERR,ERR,ERR,ERR,ERR,ERR,ERR,ERR,ERR,ERR,ERR,ERR,ERR,ERR,ERR,50.0,60.0,100,0.0,0.0,0.0,0.0,0.0,0.0,0.0,0.0,0.0,0.0,0.0,0.0,0.0,0.0,0.0,0.0,62.0,78,10,65507,50,65476,0,300,0,0,8,20529,65476,0,0,26214,60.0,0.0,0.0,0.0,0.0,0.0
2026-05-17T16:38:39,ERR,ERR,ERR,ERR,ERR,ERR,ERR,ERR,ERR,ERR,ERR,ERR,ERR,ERR,ERR,ERR,ERR,ERR,ERR,ERR,ERR,ERR,ERR,ERR,ERR,ERR,ERR,ERR,ERR,ERR,ERR,ERR,ERR,ERR,ERR,ERR,ERR,ERR,ERR,ERR,ERR,ERR,ERR,ERR,ERR,ERR,ERR,ERR,ERR,ERR,ERR,ERR,ERR,ERR,ERR,ERR,ERR,ERR,ERR,ERR,ERR,ERR,ERR,ERR,ERR,ERR,ERR,ERR,ERR,ERR,ERR,ERR,ERR,ERR,ERR,ERR,ERR,ERR,ERR,ERR,ERR,ERR,ERR,ERR,ERR,ERR,ERR,ERR,ERR,ERR,ERR,ERR,ERR,ERR,ERR,ERR,ERR,ERR,ERR,ERR,ERR,ERR,ERR,ERR,ERR,ERR,ERR,ERR,ERR,ERR,ERR,ERR,ERR,ERR,ERR,ERR,ERR,ERR,ERR,ERR,ERR,ERR,ERR,ERR,ERR,0.0,0.0,-134474944.0,0.0,0.0,1.3936040501711995e+18,7.805,0.0,0,0,4,0,8422,0.0,45,0.0,0.0,0.0,0.0,0.0,0,0,0,0,0.0,0,0,0,0,0,0,0,0,0,0,0,0,0,0,0,0,0,0,0,0,0,0,0,0,0,0,0,0,0,0,0,0,0,38,14,7,45,65476,0,300,0,0,8,21553,0.0,-107605600.0,0.0,0.0,0.0,0.0,0.0,0.0,0.0,0.0,0.0,0.0,0.0,0.0,0.0,0.0,0.0,0.0,0.0,0.0,0.0,0.0,0.0,0.0,-2.004,2.004,0.0,0.0,0.0,0.0,5041.0,-2.422988192762658e+24,0.0,0.0,0.0,0.0,-0.0,0.0,0.0,0.0,0.0,53,2.3088403658719416e+20,89220.578,0.0,0.0,0.0,0.0,0.0,0.0,0.0,0,0,0,0.0,0.0,0.0,0.0,0.0,0.0,0.0,0.0,0.0,0.0,0.0,0.0,0.0,0.0,0.0,0.0,0,-107875648.0,53,0.0,106,-107614832.0,2.7006707062415038e+23,ERR,ERR,ERR,ERR,ERR,ERR,ERR,ERR,ERR,ERR,ERR,ERR,ERR,ERR,ERR,ERR,ERR,ERR,ERR,ERR,ERR,ERR,ERR,ERR,ERR,ERR,ERR,ERR,ERR,ERR,ERR,ERR,ERR,ERR,ERR,ERR,ERR,ERR,ERR,ERR,ERR,ERR,ERR,ERR,ERR,ERR,ERR,ERR,ERR,ERR,ERR,ERR,ERR,ERR,ERR,ERR,ERR,ERR,ERR,ERR,ERR,ERR,ERR,ERR,ERR,ERR,ERR,50.0,60.0,100,0.0,0.0,0.0,0.0,0.0,0.0,0.0,0.0,0.0,0.0,0.0,0.0,0.0,0.0,0.0,0.0,61.6,78,10,65507,50,65476,0,300,0,0,8,20529,65476,0,0,26214,60.0,0.0,0.0,0.0,0.0,0.0
2026-05-17T16:38:40,ERR,ERR,ERR,ERR,ERR,ERR,ERR,ERR,ERR,ERR,ERR,ERR,ERR,ERR,ERR,ERR,ERR,ERR,ERR,ERR,ERR,ERR,ERR,ERR,ERR,ERR,ERR,ERR,ERR,ERR,ERR,ERR,ERR,ERR,ERR,ERR,ERR,ERR,ERR,ERR,ERR,ERR,ERR,ERR,ERR,ERR,ERR,ERR,ERR,ERR,ERR,ERR,ERR,ERR,ERR,ERR,ERR,ERR,ERR,ERR,ERR,ERR,ERR,ERR,ERR,ERR,ERR,ERR,ERR,ERR,ERR,ERR,ERR,ERR,ERR,ERR,ERR,ERR,ERR,ERR,ERR,ERR,ERR,ERR,ERR,ERR,ERR,ERR,ERR,ERR,ERR,ERR,ERR,ERR,ERR,ERR,ERR,ERR,ERR,ERR,ERR,ERR,ERR,ERR,ERR,ERR,ERR,ERR,ERR,ERR,ERR,ERR,ERR,ERR,ERR,ERR,ERR,ERR,ERR,ERR,ERR,ERR,ERR,ERR,ERR,0.0,0.0,-134474944.0,0.0,0.0,1.3936040501711995e+18,7.805,0.0,0,0,4,0,8422,0.0,45,0.0,0.0,0.0,0.0,0.0,0,0,0,0,0.0,0,0,0,0,0,0,0,0,0,0,0,0,0,0,0,0,0,0,0,0,0,0,0,0,0,0,0,0,0,0,0,0,0,38,14,7,45,65476,0,300,0,0,8,21553,0.0,-107605600.0,0.0,0.0,0.0,0.0,0.0,0.0,0.0,0.0,0.0,0.0,0.0,0.0,0.0,0.0,0.0,0.0,0.0,0.0,0.0,0.0,0.0,0.0,-2.004,2.004,0.0,0.0,0.0,0.0,5041.0,-2.422988192762658e+24,0.0,0.0,0.0,0.0,-0.0,0.0,0.0,0.0,0.0,53,2.3088403658719416e+20,89220.578,0.0,0.0,0.0,0.0,0.0,0.0,0.0,0,0,0,0.0,0.0,0.0,0.0,0.0,0.0,0.0,0.0,0.0,0.0,0.0,0.0,0.0,0.0,0.0,0.0,0,-107875648.0,53,0.0,106,-107614832.0,2.7006707062415038e+23,ERR,ERR,ERR,ERR,ERR,ERR,ERR,ERR,ERR,ERR,ERR,ERR,ERR,ERR,ERR,ERR,ERR,ERR,ERR,ERR,ERR,ERR,ERR,ERR,ERR,ERR,ERR,ERR,ERR,ERR,ERR,ERR,ERR,ERR,ERR,ERR,ERR,ERR,ERR,ERR,ERR,ERR,ERR,ERR,ERR,ERR,ERR,ERR,ERR,ERR,ERR,ERR,ERR,ERR,ERR,ERR,ERR,ERR,ERR,ERR,ERR,ERR,ERR,ERR,ERR,ERR,ERR,50.0,60.0,100,0.0,0.0,0.0,0.0,0.0,0.0,0.0,0.0,0.0,0.0,0.0,0.0,0.0,0.0,0.0,0.0,61.6,78,10,65507,50,65476,0,300,0,0,8,20529,65476,0,0,26214,60.0,0.0,0.0,0.0,0.0,0.0
2026-05-17T16:38:41,ERR,ERR,ERR,ERR,ERR,ERR,ERR,ERR,ERR,ERR,ERR,ERR,ERR,ERR,ERR,ERR,ERR,ERR,ERR,ERR,ERR,ERR,ERR,ERR,ERR,ERR,ERR,ERR,ERR,ERR,ERR,ERR,ERR,ERR,ERR,ERR,ERR,ERR,ERR,ERR,ERR,ERR,ERR,ERR,ERR,ERR,ERR,ERR,ERR,ERR,ERR,ERR,ERR,ERR,ERR,ERR,ERR,ERR,ERR,ERR,ERR,ERR,ERR,ERR,ERR,ERR,ERR,ERR,ERR,ERR,ERR,ERR,ERR,ERR,ERR,ERR,ERR,ERR,ERR,ERR,ERR,ERR,ERR,ERR,ERR,ERR,ERR,ERR,ERR,ERR,ERR,ERR,ERR,ERR,ERR,ERR,ERR,ERR,ERR,ERR,ERR,ERR,ERR,ERR,ERR,ERR,ERR,ERR,ERR,ERR,ERR,ERR,ERR,ERR,ERR,ERR,ERR,ERR,ERR,ERR,ERR,ERR,ERR,ERR,ERR,0.0,0.0,-134474944.0,0.0,0.0,1.3936040501711995e+18,7.805,0.0,0,0,4,0,8422,0.0,45,0.0,0.0,0.0,0.0,0.0,0,0,0,0,0.0,0,0,0,0,0,0,0,0,0,0,0,0,0,0,0,0,0,0,0,0,0,0,0,0,0,0,0,0,0,0,0,0,0,38,14,7,45,65476,0,300,0,0,8,21553,0.0,-107605600.0,0.0,0.0,0.0,0.0,0.0,0.0,0.0,0.0,0.0,0.0,0.0,0.0,0.0,0.0,0.0,0.0,0.0,0.0,0.0,0.0,0.0,0.0,-2.004,2.004,0.0,0.0,0.0,0.0,5041.0,-2.422988192762658e+24,0.0,0.0,0.0,0.0,-0.0,0.0,0.0,0.0,0.0,53,2.3088403658719416e+20,89220.578,0.0,0.0,0.0,0.0,0.0,0.0,0.0,0,0,0,0.0,0.0,0.0,0.0,0.0,0.0,0.0,0.0,0.0,0.0,0.0,0.0,0.0,0.0,0.0,0.0,0,-107875648.0,53,0.0,106,-107614832.0,2.7006707062415038e+23,ERR,ERR,ERR,ERR,ERR,ERR,ERR,ERR,ERR,ERR,ERR,ERR,ERR,ERR,ERR,ERR,ERR,ERR,ERR,ERR,ERR,ERR,ERR,ERR,ERR,ERR,ERR,ERR,ERR,ERR,ERR,ERR,ERR,ERR,ERR,ERR,ERR,ERR,ERR,ERR,ERR,ERR,ERR,ERR,ERR,ERR,ERR,ERR,ERR,ERR,ERR,ERR,ERR,ERR,ERR,ERR,ERR,ERR,ERR,ERR,ERR,ERR,ERR,ERR,ERR,ERR,ERR,50.0,60.0,100,0.0,0.0,0.0,0.0,0.0,0.0,0.0,0.0,0.0,0.0,0.0,0.0,0.0,0.0,0.0,0.0,62.0,78,10,65507,50,65476,0,300,0,0,8,20529,65476,0,0,26214,60.0,0.0,0.0,0.0,0.0,0.0
2026-05-17T16:38:42,ERR,ERR,ERR,ERR,ERR,ERR,ERR,ERR,ERR,ERR,ERR,ERR,ERR,ERR,ERR,ERR,ERR,ERR,ERR,ERR,ERR,ERR,ERR,ERR,ERR,ERR,ERR,ERR,ERR,ERR,ERR,ERR,ERR,ERR,ERR,ERR,ERR,ERR,ERR,ERR,ERR,ERR,ERR,ERR,ERR,ERR,ERR,ERR,ERR,ERR,ERR,ERR,ERR,ERR,ERR,ERR,ERR,ERR,ERR,ERR,ERR,ERR,ERR,ERR,ERR,ERR,ERR,ERR,ERR,ERR,ERR,ERR,ERR,ERR,ERR,ERR,ERR,ERR,ERR,ERR,ERR,ERR,ERR,ERR,ERR,ERR,ERR,ERR,ERR,ERR,ERR,ERR,ERR,ERR,ERR,ERR,ERR,ERR,ERR,ERR,ERR,ERR,ERR,ERR,ERR,ERR,ERR,ERR,ERR,ERR,ERR,ERR,ERR,ERR,ERR,ERR,ERR,ERR,ERR,ERR,ERR,ERR,ERR,ERR,ERR,0.0,0.0,-134474944.0,0.0,0.0,1.3936040501711995e+18,7.805,0.0,0,0,4,0,8422,0.0,45,0.0,0.0,0.0,0.0,0.0,0,0,0,0,0.0,0,0,0,0,0,0,0,0,0,0,0,0,0,0,0,0,0,0,0,0,0,0,0,0,0,0,0,0,0,0,0,0,0,38,14,7,45,65476,0,300,0,0,8,21553,0.0,-107605600.0,0.0,0.0,0.0,0.0,0.0,0.0,0.0,0.0,0.0,0.0,0.0,0.0,0.0,0.0,0.0,0.0,0.0,0.0,0.0,0.0,0.0,0.0,-2.004,2.004,0.0,0.0,0.0,0.0,5041.0,-2.422988192762658e+24,0.0,0.0,0.0,0.0,-0.0,0.0,0.0,0.0,0.0,53,2.3088403658719416e+20,89220.578,0.0,0.0,0.0,0.0,0.0,0.0,0.0,0,0,0,0.0,0.0,0.0,0.0,0.0,0.0,0.0,0.0,0.0,0.0,0.0,0.0,0.0,0.0,0.0,0.0,0,-107875648.0,53,0.0,106,-107614832.0,2.7006707062415038e+23,ERR,ERR,ERR,ERR,ERR,ERR,ERR,ERR,ERR,ERR,ERR,ERR,ERR,ERR,ERR,ERR,ERR,ERR,ERR,ERR,ERR,ERR,ERR,ERR,ERR,ERR,ERR,ERR,ERR,ERR,ERR,ERR,ERR,ERR,ERR,ERR,ERR,ERR,ERR,ERR,ERR,ERR,ERR,ERR,ERR,ERR,ERR,ERR,ERR,ERR,ERR,ERR,ERR,ERR,ERR,ERR,ERR,ERR,ERR,ERR,ERR,ERR,ERR,ERR,ERR,ERR,ERR,50.0,60.0,100,0.0,0.0,0.0,0.0,0.0,0.0,0.0,0.0,0.0,0.0,0.0,0.0,0.0,0.0,0.0,0.0,62.0,78,10,65507,50,65476,0,300,0,0,8,20529,65476,0,0,26214,60.0,0.0,0.0,0.0,0.0,0.0
2026-05-17T16:38:43,ERR,ERR,ERR,ERR,ERR,ERR,ERR,ERR,ERR,ERR,ERR,ERR,ERR,ERR,ERR,ERR,ERR,ERR,ERR,ERR,ERR,ERR,ERR,ERR,ERR,ERR,ERR,ERR,ERR,ERR,ERR,ERR,ERR,ERR,ERR,ERR,ERR,ERR,ERR,ERR,ERR,ERR,ERR,ERR,ERR,ERR,ERR,ERR,ERR,ERR,ERR,ERR,ERR,ERR,ERR,ERR,ERR,ERR,ERR,ERR,ERR,ERR,ERR,ERR,ERR,ERR,ERR,ERR,ERR,ERR,ERR,ERR,ERR,ERR,ERR,ERR,ERR,ERR,ERR,ERR,ERR,ERR,ERR,ERR,ERR,ERR,ERR,ERR,ERR,ERR,ERR,ERR,ERR,ERR,ERR,ERR,ERR,ERR,ERR,ERR,ERR,ERR,ERR,ERR,ERR,ERR,ERR,ERR,ERR,ERR,ERR,ERR,ERR,ERR,ERR,ERR,ERR,ERR,ERR,ERR,ERR,ERR,ERR,ERR,ERR,0.0,0.0,-134474944.0,0.0,0.0,1.3936040501711995e+18,7.805,0.0,0,0,4,0,8422,0.0,45,0.0,0.0,0.0,0.0,0.0,0,0,0,0,0.0,0,0,0,0,0,0,0,0,0,0,0,0,0,0,0,0,0,0,0,0,0,0,0,0,0,0,0,0,0,0,0,0,0,38,14,7,45,65476,0,300,0,0,8,21553,0.0,-107605600.0,0.0,0.0,0.0,0.0,0.0,0.0,0.0,0.0,0.0,0.0,0.0,0.0,0.0,0.0,0.0,0.0,0.0,0.0,0.0,0.0,0.0,0.0,-2.004,2.004,0.0,0.0,0.0,0.0,5041.0,-2.422988192762658e+24,0.0,0.0,0.0,0.0,-0.0,0.0,0.0,0.0,0.0,53,2.3088403658719416e+20,89220.578,0.0,0.0,0.0,0.0,0.0,0.0,0.0,0,0,0,0.0,0.0,0.0,0.0,0.0,0.0,0.0,0.0,0.0,0.0,0.0,0.0,0.0,0.0,0.0,0.0,0,-107875648.0,53,0.0,106,-107614832.0,2.7006707062415038e+23,ERR,ERR,ERR,ERR,ERR,ERR,ERR,ERR,ERR,ERR,ERR,ERR,ERR,ERR,ERR,ERR,ERR,ERR,ERR,ERR,ERR,ERR,ERR,ERR,ERR,ERR,ERR,ERR,ERR,ERR,ERR,ERR,ERR,ERR,ERR,ERR,ERR,ERR,ERR,ERR,ERR,ERR,ERR,ERR,ERR,ERR,ERR,ERR,ERR,ERR,ERR,ERR,ERR,ERR,ERR,ERR,ERR,ERR,ERR,ERR,ERR,ERR,ERR,ERR,ERR,ERR,ERR,50.0,60.0,100,0.0,0.0,0.0,0.0,0.0,0.0,0.0,0.0,0.0,0.0,0.0,0.0,0.0,0.0,0.0,0.0,61.6,78,10,65507,50,65476,0,300,0,0,8,20529,65476,0,0,26214,60.0,0.0,0.0,0.0,0.0,0.0
2026-05-17T16:38:44,ERR,ERR,ERR,ERR,ERR,ERR,ERR,ERR,ERR,ERR,ERR,ERR,ERR,ERR,ERR,ERR,ERR,ERR,ERR,ERR,ERR,ERR,ERR,ERR,ERR,ERR,ERR,ERR,ERR,ERR,ERR,ERR,ERR,ERR,ERR,ERR,ERR,ERR,ERR,ERR,ERR,ERR,ERR,ERR,ERR,ERR,ERR,ERR,ERR,ERR,ERR,ERR,ERR,ERR,ERR,ERR,ERR,ERR,ERR,ERR,ERR,ERR,ERR,ERR,ERR,ERR,ERR,ERR,ERR,ERR,ERR,ERR,ERR,ERR,ERR,ERR,ERR,ERR,ERR,ERR,ERR,ERR,ERR,ERR,ERR,ERR,ERR,ERR,ERR,ERR,ERR,ERR,ERR,ERR,ERR,ERR,ERR,ERR,ERR,ERR,ERR,ERR,ERR,ERR,ERR,ERR,ERR,ERR,ERR,ERR,ERR,ERR,ERR,ERR,ERR,ERR,ERR,ERR,ERR,ERR,ERR,ERR,ERR,ERR,ERR,0.0,0.0,-134474944.0,0.0,0.0,1.3936040501711995e+18,7.805,0.0,0,0,4,0,8422,0.0,45,0.0,0.0,0.0,0.0,0.0,0,0,0,0,0.0,0,0,0,0,0,0,0,0,0,0,0,0,0,0,0,0,0,0,0,0,0,0,0,0,0,0,0,0,0,0,0,0,0,38,14,7,45,65476,0,300,0,0,8,21553,0.0,-107605600.0,0.0,0.0,0.0,0.0,0.0,0.0,0.0,0.0,0.0,0.0,0.0,0.0,-2.596148429267414e+33,0.0,0.0,0.0,0.0,0.0,0.0,0.0,0.0,0.0,-2.004,2.004,0.0,0.0,0.0,0.0,5074.0,0.0,0.0,0.0,0.0,0.0,-107615304.0,0.0,0.0,0.0,0.0,53,2.7184300208680915e+23,0.059,0.0,0.0,0.0,0.0,0.0,0.0,0.0,0,0,0,0.0,0.0,0.0,0.0,0.0,0.0,0.0,0.0,0.0,0.0,0.0,0.0,0.0,0.0,0.0,0.0,0,-107875648.0,53,0.0,106,-107614832.0,2.7006707062415038e+23,ERR,ERR,ERR,ERR,ERR,ERR,ERR,ERR,ERR,ERR,ERR,ERR,ERR,ERR,ERR,ERR,ERR,ERR,ERR,ERR,ERR,ERR,ERR,ERR,ERR,ERR,ERR,ERR,ERR,ERR,ERR,ERR,ERR,ERR,ERR,ERR,ERR,ERR,ERR,ERR,ERR,ERR,ERR,ERR,ERR,ERR,ERR,ERR,ERR,ERR,ERR,ERR,ERR,ERR,ERR,ERR,ERR,ERR,ERR,ERR,ERR,ERR,ERR,ERR,ERR,ERR,ERR,50.0,60.0,100,0.0,0.0,0.0,0.0,0.0,0.0,0.0,0.0,0.0,0.0,0.0,0.0,0.0,0.0,0.0,0.0,61.6,78,10,65507,50,65476,0,300,0,0,8,20529,65476,0,0,26214,60.0,0.0,0.0,0.0,0.0,0.0
2026-05-17T16:38:45,ERR,ERR,ERR,ERR,ERR,ERR,ERR,ERR,ERR,ERR,ERR,ERR,ERR,ERR,ERR,ERR,ERR,ERR,ERR,ERR,ERR,ERR,ERR,ERR,ERR,ERR,ERR,ERR,ERR,ERR,ERR,ERR,ERR,ERR,ERR,ERR,ERR,ERR,ERR,ERR,ERR,ERR,ERR,ERR,ERR,ERR,ERR,ERR,ERR,ERR,ERR,ERR,ERR,ERR,ERR,ERR,ERR,ERR,ERR,ERR,ERR,ERR,ERR,ERR,ERR,ERR,ERR,ERR,ERR,ERR,ERR,ERR,ERR,ERR,ERR,ERR,ERR,ERR,ERR,ERR,ERR,ERR,ERR,ERR,ERR,ERR,ERR,ERR,ERR,ERR,ERR,ERR,ERR,ERR,ERR,ERR,ERR,ERR,ERR,ERR,ERR,ERR,ERR,ERR,ERR,ERR,ERR,ERR,ERR,ERR,ERR,ERR,ERR,ERR,ERR,ERR,ERR,ERR,ERR,ERR,ERR,ERR,ERR,ERR,ERR,0.0,0.0,-134474944.0,0.0,0.0,1.3936040501711995e+18,7.805,0.0,0,0,4,0,8422,0.0,45,0.0,0.0,0.0,0.0,0.0,0,0,0,0,0.0,0,0,0,0,0,0,0,0,0,0,0,0,0,0,0,0,0,0,0,0,0,0,0,0,0,0,0,0,0,0,0,0,0,38,14,7,45,65476,0,300,0,0,8,21553,0.0,-107605600.0,0.0,0.0,0.0,0.0,0.0,0.0,0.0,0.0,0.0,0.0,0.0,0.0,-2.596148429267414e+33,0.0,0.0,0.0,0.0,0.0,0.0,0.0,0.0,0.0,-2.004,2.004,0.0,0.0,0.0,0.0,5074.0,0.0,0.0,0.0,0.0,0.0,-107615304.0,0.0,0.0,0.0,0.0,53,2.7184300208680915e+23,0.059,0.0,0.0,0.0,0.0,0.0,0.0,0.0,0,0,0,0.0,0.0,0.0,0.0,0.0,0.0,0.0,0.0,0.0,0.0,0.0,0.0,0.0,0.0,0.0,0.0,0,-107875648.0,53,0.0,106,-107614832.0,2.7006707062415038e+23,ERR,ERR,ERR,ERR,ERR,ERR,ERR,ERR,ERR,ERR,ERR,ERR,ERR,ERR,ERR,ERR,ERR,ERR,ERR,ERR,ERR,ERR,ERR,ERR,ERR,ERR,ERR,ERR,ERR,ERR,ERR,ERR,ERR,ERR,ERR,ERR,ERR,ERR,ERR,ERR,ERR,ERR,ERR,ERR,ERR,ERR,ERR,ERR,ERR,ERR,ERR,ERR,ERR,ERR,ERR,ERR,ERR,ERR,ERR,ERR,ERR,ERR,ERR,ERR,ERR,ERR,ERR,50.0,60.0,100,0.0,0.0,0.0,0.0,0.0,0.0,0.0,0.0,0.0,0.0,0.0,0.0,0.0,0.0,0.0,0.0,61.6,78,10,65507,50,65476,0,300,0,0,8,20529,65476,0,0,26214,60.0,0.0,0.0,0.0,0.0,0.0
2026-05-17T16:38:46,ERR,ERR,ERR,ERR,ERR,ERR,ERR,ERR,ERR,ERR,ERR,ERR,ERR,ERR,ERR,ERR,ERR,ERR,ERR,ERR,ERR,ERR,ERR,ERR,ERR,ERR,ERR,ERR,ERR,ERR,ERR,ERR,ERR,ERR,ERR,ERR,ERR,ERR,ERR,ERR,ERR,ERR,ERR,ERR,ERR,ERR,ERR,ERR,ERR,ERR,ERR,ERR,ERR,ERR,ERR,ERR,ERR,ERR,ERR,ERR,ERR,ERR,ERR,ERR,ERR,ERR,ERR,ERR,ERR,ERR,ERR,ERR,ERR,ERR,ERR,ERR,ERR,ERR,ERR,ERR,ERR,ERR,ERR,ERR,ERR,ERR,ERR,ERR,ERR,ERR,ERR,ERR,ERR,ERR,ERR,ERR,ERR,ERR,ERR,ERR,ERR,ERR,ERR,ERR,ERR,ERR,ERR,ERR,ERR,ERR,ERR,ERR,ERR,ERR,ERR,ERR,ERR,ERR,ERR,ERR,ERR,ERR,ERR,ERR,ERR,0.0,0.0,-134474944.0,0.0,0.0,1.3936040501711995e+18,7.805,0.0,0,0,4,0,8422,0.0,45,0.0,0.0,0.0,0.0,0.0,0,0,0,0,0.0,0,0,0,0,0,0,0,0,0,0,0,0,0,0,0,0,0,0,0,0,0,0,0,0,0,0,0,0,0,0,0,0,0,38,14,7,45,65476,0,300,0,0,8,21553,0.0,-107605600.0,0.0,0.0,0.0,0.0,0.0,0.0,0.0,0.0,0.0,0.0,0.0,0.0,-2.596148429267414e+33,0.0,0.0,0.0,0.0,0.0,0.0,0.0,0.0,0.0,-2.004,2.004,0.0,0.0,0.0,0.0,5074.0,0.0,0.0,0.0,0.0,0.0,-107615304.0,0.0,0.0,0.0,0.0,53,2.7184300208680915e+23,0.059,0.0,0.0,0.0,0.0,0.0,0.0,0.0,0,0,0,0.0,0.0,0.0,0.0,0.0,0.0,0.0,0.0,0.0,0.0,0.0,0.0,0.0,0.0,0.0,0.0,0,-107875648.0,53,0.0,106,-107614832.0,2.7006707062415038e+23,ERR,ERR,ERR,ERR,ERR,ERR,ERR,ERR,ERR,ERR,ERR,ERR,ERR,ERR,ERR,ERR,ERR,ERR,ERR,ERR,ERR,ERR,ERR,ERR,ERR,ERR,ERR,ERR,ERR,ERR,ERR,ERR,ERR,ERR,ERR,ERR,ERR,ERR,ERR,ERR,ERR,ERR,ERR,ERR,ERR,ERR,ERR,ERR,ERR,ERR,ERR,ERR,ERR,ERR,ERR,ERR,ERR,ERR,ERR,ERR,ERR,ERR,ERR,ERR,ERR,ERR,ERR,50.0,60.0,100,0.0,0.0,0.0,0.0,0.0,0.0,0.0,0.0,0.0,0.0,0.0,0.0,0.0,0.0,0.0,0.0,61.6,78,10,65507,50,65476,0,300,0,0,8,20529,65476,0,0,26214,60.0,0.0,0.0,0.0,0.0,0.0
2026-05-17T16:38:47,ERR,ERR,ERR,ERR,ERR,ERR,ERR,ERR,ERR,ERR,ERR,ERR,ERR,ERR,ERR,ERR,ERR,ERR,ERR,ERR,ERR,ERR,ERR,ERR,ERR,ERR,ERR,ERR,ERR,ERR,ERR,ERR,ERR,ERR,ERR,ERR,ERR,ERR,ERR,ERR,ERR,ERR,ERR,ERR,ERR,ERR,ERR,ERR,ERR,ERR,ERR,ERR,ERR,ERR,ERR,ERR,ERR,ERR,ERR,ERR,ERR,ERR,ERR,ERR,ERR,ERR,ERR,ERR,ERR,ERR,ERR,ERR,ERR,ERR,ERR,ERR,ERR,ERR,ERR,ERR,ERR,ERR,ERR,ERR,ERR,ERR,ERR,ERR,ERR,ERR,ERR,ERR,ERR,ERR,ERR,ERR,ERR,ERR,ERR,ERR,ERR,ERR,ERR,ERR,ERR,ERR,ERR,ERR,ERR,ERR,ERR,ERR,ERR,ERR,ERR,ERR,ERR,ERR,ERR,ERR,ERR,ERR,ERR,ERR,ERR,0.0,0.0,-134474944.0,0.0,0.0,1.3936040501711995e+18,7.805,0.0,0,0,4,0,8422,0.0,45,0.0,0.0,0.0,0.0,0.0,0,0,0,0,0.0,0,0,0,0,0,0,0,0,0,0,0,0,0,0,0,0,0,0,0,0,0,0,0,0,0,0,0,0,0,0,0,0,0,38,14,7,45,65476,0,300,0,0,8,21553,0.0,-107605600.0,0.0,0.0,0.0,0.0,0.0,0.0,0.0,0.0,0.0,0.0,0.0,0.0,-2.596148429267414e+33,0.0,0.0,0.0,0.0,0.0,0.0,0.0,0.0,0.0,-2.004,2.004,0.0,0.0,0.0,0.0,5074.0,0.0,0.0,0.0,0.0,0.0,-107615304.0,0.0,0.0,0.0,0.0,53,2.7184300208680915e+23,0.059,0.0,0.0,0.0,0.0,0.0,0.0,0.0,0,0,0,0.0,0.0,0.0,0.0,0.0,0.0,0.0,0.0,0.0,0.0,0.0,0.0,0.0,0.0,0.0,0.0,0,-107875648.0,53,0.0,106,-107614832.0,2.7006707062415038e+23,ERR,ERR,ERR,ERR,ERR,ERR,ERR,ERR,ERR,ERR,ERR,ERR,ERR,ERR,ERR,ERR,ERR,ERR,ERR,ERR,ERR,ERR,ERR,ERR,ERR,ERR,ERR,ERR,ERR,ERR,ERR,ERR,ERR,ERR,ERR,ERR,ERR,ERR,ERR,ERR,ERR,ERR,ERR,ERR,ERR,ERR,ERR,ERR,ERR,ERR,ERR,ERR,ERR,ERR,ERR,ERR,ERR,ERR,ERR,ERR,ERR,ERR,ERR,ERR,ERR,ERR,ERR,50.0,60.0,100,0.0,0.0,0.0,0.0,0.0,0.0,0.0,0.0,0.0,0.0,0.0,0.0,0.0,0.0,0.0,0.0,61.6,78,10,65507,50,65476,0,300,0,0,8,20529,65476,0,0,26214,60.0,0.0,0.0,0.0,0.0,0.0
2026-05-17T16:38:48,ERR,ERR,ERR,ERR,ERR,ERR,ERR,ERR,ERR,ERR,ERR,ERR,ERR,ERR,ERR,ERR,ERR,ERR,ERR,ERR,ERR,ERR,ERR,ERR,ERR,ERR,ERR,ERR,ERR,ERR,ERR,ERR,ERR,ERR,ERR,ERR,ERR,ERR,ERR,ERR,ERR,ERR,ERR,ERR,ERR,ERR,ERR,ERR,ERR,ERR,ERR,ERR,ERR,ERR,ERR,ERR,ERR,ERR,ERR,ERR,ERR,ERR,ERR,ERR,ERR,ERR,ERR,ERR,ERR,ERR,ERR,ERR,ERR,ERR,ERR,ERR,ERR,ERR,ERR,ERR,ERR,ERR,ERR,ERR,ERR,ERR,ERR,ERR,ERR,ERR,ERR,ERR,ERR,ERR,ERR,ERR,ERR,ERR,ERR,ERR,ERR,ERR,ERR,ERR,ERR,ERR,ERR,ERR,ERR,ERR,ERR,ERR,ERR,ERR,ERR,ERR,ERR,ERR,ERR,ERR,ERR,ERR,ERR,ERR,ERR,0.0,0.0,-134474944.0,0.0,0.0,1.3936040501711995e+18,7.805,0.0,0,0,4,0,8422,0.0,45,0.0,0.0,0.0,0.0,0.0,0,0,0,0,0.0,0,0,0,0,0,0,0,0,0,0,0,0,0,0,0,0,0,0,0,0,0,0,0,0,0,0,0,0,0,0,0,0,0,38,14,7,45,65476,0,300,0,0,8,21553,0.0,-107605600.0,0.0,0.0,0.0,0.0,0.0,0.0,0.0,0.0,0.0,0.0,0.0,0.0,-2.596148429267414e+33,0.0,0.0,0.0,0.0,0.0,0.0,0.0,0.0,0.0,-2.004,2.004,0.0,0.0,0.0,0.0,5074.0,0.0,0.0,0.0,0.0,0.0,-107615304.0,0.0,0.0,0.0,0.0,53,2.7184300208680915e+23,0.059,0.0,0.0,0.0,0.0,0.0,0.0,0.0,0,0,0,0.0,0.0,0.0,0.0,0.0,0.0,0.0,0.0,0.0,0.0,0.0,0.0,0.0,0.0,0.0,0.0,0,-107875648.0,53,0.0,106,-107614832.0,2.7006707062415038e+23,ERR,ERR,ERR,ERR,ERR,ERR,ERR,ERR,ERR,ERR,ERR,ERR,ERR,ERR,ERR,ERR,ERR,ERR,ERR,ERR,ERR,ERR,ERR,ERR,ERR,ERR,ERR,ERR,ERR,ERR,ERR,ERR,ERR,ERR,ERR,ERR,ERR,ERR,ERR,ERR,ERR,ERR,ERR,ERR,ERR,ERR,ERR,ERR,ERR,ERR,ERR,ERR,ERR,ERR,ERR,ERR,ERR,ERR,ERR,ERR,ERR,ERR,ERR,ERR,ERR,ERR,ERR,50.0,60.0,100,0.0,0.0,0.0,0.0,0.0,0.0,0.0,0.0,0.0,0.0,0.0,0.0,0.0,0.0,0.0,0.0,61.6,78,10,65507,50,65476,0,300,0,0,8,20529,65476,0,0,26214,60.0,0.0,0.0,0.0,0.0,0.0
2026-05-17T16:38:49,ERR,ERR,ERR,ERR,ERR,ERR,ERR,ERR,ERR,ERR,ERR,ERR,ERR,ERR,ERR,ERR,ERR,ERR,ERR,ERR,ERR,ERR,ERR,ERR,ERR,ERR,ERR,ERR,ERR,ERR,ERR,ERR,ERR,ERR,ERR,ERR,ERR,ERR,ERR,ERR,ERR,ERR,ERR,ERR,ERR,ERR,ERR,ERR,ERR,ERR,ERR,ERR,ERR,ERR,ERR,ERR,ERR,ERR,ERR,ERR,ERR,ERR,ERR,ERR,ERR,ERR,ERR,ERR,ERR,ERR,ERR,ERR,ERR,ERR,ERR,ERR,ERR,ERR,ERR,ERR,ERR,ERR,ERR,ERR,ERR,ERR,ERR,ERR,ERR,ERR,ERR,ERR,ERR,ERR,ERR,ERR,ERR,ERR,ERR,ERR,ERR,ERR,ERR,ERR,ERR,ERR,ERR,ERR,ERR,ERR,ERR,ERR,ERR,ERR,ERR,ERR,ERR,ERR,ERR,ERR,ERR,ERR,ERR,ERR,ERR,0.0,0.0,-134474944.0,0.0,0.0,1.3936040501711995e+18,7.805,0.0,0,0,4,0,8422,0.0,45,0.0,0.0,0.0,0.0,0.0,0,0,0,0,0.0,0,0,0,0,0,0,0,0,0,0,0,0,0,0,0,0,0,0,0,0,0,0,0,0,0,0,0,0,0,0,0,0,0,38,14,7,45,65476,0,300,0,0,8,21553,0.0,-107605600.0,0.0,0.0,0.0,0.0,0.0,0.0,0.0,0.0,0.0,0.0,0.0,0.0,0.0,0.0,0.0,0.0,0.0,0.0,0.0,0.0,0.0,0.0,-2.004,2.004,0.0,0.0,0.0,0.0,5043.0,-0.0,0.0,0.0,0.0,0.0,-107615304.0,0.0,0.0,0.0,0.0,53,2.7184300208680915e+23,-2.308828227263571e+20,0.0,0.0,0.0,0.0,0.0,0.0,0.0,0,0,0,0.0,0.0,0.0,0.0,0.0,0.0,0.0,0.0,0.0,0.0,0.0,0.0,0.0,0.0,0.0,0.0,0,-107875648.0,53,0.0,106,-107614832.0,2.7006707062415038e+23,ERR,ERR,ERR,ERR,ERR,ERR,ERR,ERR,ERR,ERR,ERR,ERR,ERR,ERR,ERR,ERR,ERR,ERR,ERR,ERR,ERR,ERR,ERR,ERR,ERR,ERR,ERR,ERR,ERR,ERR,ERR,ERR,ERR,ERR,ERR,ERR,ERR,ERR,ERR,ERR,ERR,ERR,ERR,ERR,ERR,ERR,ERR,ERR,ERR,ERR,ERR,ERR,ERR,ERR,ERR,ERR,ERR,ERR,ERR,ERR,ERR,ERR,ERR,ERR,ERR,ERR,ERR,50.0,60.0,100,0.0,0.0,0.0,0.0,0.0,0.0,0.0,0.0,0.0,0.0,0.0,0.0,0.0,0.0,0.0,0.0,61.6,78,10,65507,50,65476,0,300,0,0,8,20529,65476,0,0,26214,60.0,0.0,0.0,0.0,0.0,0.0
2026-05-17T16:38:50,ERR,ERR,ERR,ERR,ERR,ERR,ERR,ERR,ERR,ERR,ERR,ERR,ERR,ERR,ERR,ERR,ERR,ERR,ERR,ERR,ERR,ERR,ERR,ERR,ERR,ERR,ERR,ERR,ERR,ERR,ERR,ERR,ERR,ERR,ERR,ERR,ERR,ERR,ERR,ERR,ERR,ERR,ERR,ERR,ERR,ERR,ERR,ERR,ERR,ERR,ERR,ERR,ERR,ERR,ERR,ERR,ERR,ERR,ERR,ERR,ERR,ERR,ERR,ERR,ERR,ERR,ERR,ERR,ERR,ERR,ERR,ERR,ERR,ERR,ERR,ERR,ERR,ERR,ERR,ERR,ERR,ERR,ERR,ERR,ERR,ERR,ERR,ERR,ERR,ERR,ERR,ERR,ERR,ERR,ERR,ERR,ERR,ERR,ERR,ERR,ERR,ERR,ERR,ERR,ERR,ERR,ERR,ERR,ERR,ERR,ERR,ERR,ERR,ERR,ERR,ERR,ERR,ERR,ERR,ERR,ERR,ERR,ERR,ERR,ERR,0.0,0.0,-134474944.0,0.0,0.0,1.3936040501711995e+18,7.805,0.0,0,0,4,0,8422,0.0,45,0.0,0.0,0.0,0.0,0.0,0,0,0,0,0.0,0,0,0,0,0,0,0,0,0,0,0,0,0,0,0,0,0,0,0,0,0,0,0,0,0,0,0,0,0,0,0,0,0,38,14,7,45,65476,0,300,0,0,8,21553,0.0,-107605600.0,0.0,0.0,0.0,0.0,0.0,0.0,0.0,0.0,0.0,0.0,0.0,0.0,0.0,0.0,0.0,0.0,0.0,0.0,0.0,0.0,0.0,0.0,-2.004,2.004,0.0,0.0,0.0,0.0,5043.0,-0.0,0.0,0.0,0.0,0.0,-107615304.0,0.0,0.0,0.0,0.0,53,2.7184300208680915e+23,-2.308828227263571e+20,0.0,0.0,0.0,0.0,0.0,0.0,0.0,0,0,0,0.0,0.0,0.0,0.0,0.0,0.0,0.0,0.0,0.0,0.0,0.0,0.0,0.0,0.0,0.0,0.0,0,-107875648.0,53,0.0,106,-107614832.0,2.7006707062415038e+23,ERR,ERR,ERR,ERR,ERR,ERR,ERR,ERR,ERR,ERR,ERR,ERR,ERR,ERR,ERR,ERR,ERR,ERR,ERR,ERR,ERR,ERR,ERR,ERR,ERR,ERR,ERR,ERR,ERR,ERR,ERR,ERR,ERR,ERR,ERR,ERR,ERR,ERR,ERR,ERR,ERR,ERR,ERR,ERR,ERR,ERR,ERR,ERR,ERR,ERR,ERR,ERR,ERR,ERR,ERR,ERR,ERR,ERR,ERR,ERR,ERR,ERR,ERR,ERR,ERR,ERR,ERR,50.0,60.0,100,0.0,0.0,0.0,0.0,0.0,0.0,0.0,0.0,0.0,0.0,0.0,0.0,0.0,0.0,0.0,0.0,61.6,78,10,65507,50,65476,0,300,0,0,8,20529,65476,0,0,26214,60.0,0.0,0.0,0.0,0.0,0.0
2026-05-17T16:38:51,ERR,ERR,ERR,ERR,ERR,ERR,ERR,ERR,ERR,ERR,ERR,ERR,ERR,ERR,ERR,ERR,ERR,ERR,ERR,ERR,ERR,ERR,ERR,ERR,ERR,ERR,ERR,ERR,ERR,ERR,ERR,ERR,ERR,ERR,ERR,ERR,ERR,ERR,ERR,ERR,ERR,ERR,ERR,ERR,ERR,ERR,ERR,ERR,ERR,ERR,ERR,ERR,ERR,ERR,ERR,ERR,ERR,ERR,ERR,ERR,ERR,ERR,ERR,ERR,ERR,ERR,ERR,ERR,ERR,ERR,ERR,ERR,ERR,ERR,ERR,ERR,ERR,ERR,ERR,ERR,ERR,ERR,ERR,ERR,ERR,ERR,ERR,ERR,ERR,ERR,ERR,ERR,ERR,ERR,ERR,ERR,ERR,ERR,ERR,ERR,ERR,ERR,ERR,ERR,ERR,ERR,ERR,ERR,ERR,ERR,ERR,ERR,ERR,ERR,ERR,ERR,ERR,ERR,ERR,ERR,ERR,ERR,ERR,ERR,ERR,0.0,0.0,-134474944.0,0.0,0.0,1.3936040501711995e+18,7.805,0.0,0,0,4,0,8422,0.0,45,0.0,0.0,0.0,0.0,0.0,0,0,0,0,0.0,0,0,0,0,0,0,0,0,0,0,0,0,0,0,0,0,0,0,0,0,0,0,0,0,0,0,0,0,0,0,0,0,0,38,14,7,45,65476,0,300,0,0,8,21553,0.0,-107605600.0,0.0,0.0,0.0,0.0,0.0,0.0,0.0,0.0,0.0,0.0,0.0,0.0,0.0,0.0,0.0,0.0,0.0,0.0,0.0,0.0,0.0,0.0,-2.004,2.004,0.0,0.0,0.0,0.0,5043.0,-0.0,0.0,0.0,0.0,0.0,-107615304.0,0.0,0.0,0.0,0.0,53,2.7184300208680915e+23,-2.308828227263571e+20,0.0,0.0,0.0,0.0,0.0,0.0,0.0,0,0,0,0.0,0.0,0.0,0.0,0.0,0.0,0.0,0.0,0.0,0.0,0.0,0.0,0.0,0.0,0.0,0.0,0,-107875648.0,53,0.0,106,-107614832.0,2.7006707062415038e+23,ERR,ERR,ERR,ERR,ERR,ERR,ERR,ERR,ERR,ERR,ERR,ERR,ERR,ERR,ERR,ERR,ERR,ERR,ERR,ERR,ERR,ERR,ERR,ERR,ERR,ERR,ERR,ERR,ERR,ERR,ERR,ERR,ERR,ERR,ERR,ERR,ERR,ERR,ERR,ERR,ERR,ERR,ERR,ERR,ERR,ERR,ERR,ERR,ERR,ERR,ERR,ERR,ERR,ERR,ERR,ERR,ERR,ERR,ERR,ERR,ERR,ERR,ERR,ERR,ERR,ERR,ERR,50.0,60.0,100,0.0,0.0,0.0,0.0,0.0,0.0,0.0,0.0,0.0,0.0,0.0,0.0,0.0,0.0,0.0,0.0,62.0,78,10,65507,50,65476,0,300,0,0,8,20529,65476,0,0,26214,60.0,0.0,0.0,0.0,0.0,0.0
2026-05-17T16:38:52,ERR,ERR,ERR,ERR,ERR,ERR,ERR,ERR,ERR,ERR,ERR,ERR,ERR,ERR,ERR,ERR,ERR,ERR,ERR,ERR,ERR,ERR,ERR,ERR,ERR,ERR,ERR,ERR,ERR,ERR,ERR,ERR,ERR,ERR,ERR,ERR,ERR,ERR,ERR,ERR,ERR,ERR,ERR,ERR,ERR,ERR,ERR,ERR,ERR,ERR,ERR,ERR,ERR,ERR,ERR,ERR,ERR,ERR,ERR,ERR,ERR,ERR,ERR,ERR,ERR,ERR,ERR,ERR,ERR,ERR,ERR,ERR,ERR,ERR,ERR,ERR,ERR,ERR,ERR,ERR,ERR,ERR,ERR,ERR,ERR,ERR,ERR,ERR,ERR,ERR,ERR,ERR,ERR,ERR,ERR,ERR,ERR,ERR,ERR,ERR,ERR,ERR,ERR,ERR,ERR,ERR,ERR,ERR,ERR,ERR,ERR,ERR,ERR,ERR,ERR,ERR,ERR,ERR,ERR,ERR,ERR,ERR,ERR,ERR,ERR,0.0,0.0,-134474944.0,0.0,0.0,1.3936040501711995e+18,7.805,0.0,0,0,4,0,8422,0.0,45,0.0,0.0,0.0,0.0,0.0,0,0,0,0,0.0,0,0,0,0,0,0,0,0,0,0,0,0,0,0,0,0,0,0,0,0,0,0,0,0,0,0,0,0,0,0,0,0,0,38,14,7,45,65476,0,300,0,0,8,21553,0.0,-107605600.0,0.0,0.0,0.0,0.0,0.0,0.0,0.0,0.0,0.0,0.0,0.0,0.0,0.0,0.0,0.0,0.0,0.0,0.0,0.0,0.0,0.0,0.0,-2.004,2.004,0.0,0.0,0.0,0.0,5043.0,-0.0,0.0,0.0,0.0,0.0,-107615304.0,0.0,0.0,0.0,0.0,53,2.7184300208680915e+23,-2.308828227263571e+20,0.0,0.0,0.0,0.0,0.0,0.0,0.0,0,0,0,0.0,0.0,0.0,0.0,0.0,0.0,0.0,0.0,0.0,0.0,0.0,0.0,0.0,0.0,0.0,0.0,0,-107875648.0,53,0.0,106,-107614832.0,2.7006707062415038e+23,ERR,ERR,ERR,ERR,ERR,ERR,ERR,ERR,ERR,ERR,ERR,ERR,ERR,ERR,ERR,ERR,ERR,ERR,ERR,ERR,ERR,ERR,ERR,ERR,ERR,ERR,ERR,ERR,ERR,ERR,ERR,ERR,ERR,ERR,ERR,ERR,ERR,ERR,ERR,ERR,ERR,ERR,ERR,ERR,ERR,ERR,ERR,ERR,ERR,ERR,ERR,ERR,ERR,ERR,ERR,ERR,ERR,ERR,ERR,ERR,ERR,ERR,ERR,ERR,ERR,ERR,ERR,50.0,60.0,100,0.0,0.0,0.0,0.0,0.0,0.0,0.0,0.0,0.0,0.0,0.0,0.0,0.0,0.0,0.0,0.0,62.0,78,10,65507,50,65476,0,300,0,0,8,20529,65476,0,0,26214,60.0,0.0,0.0,0.0,0.0,0.0
2026-05-17T16:38:53,ERR,ERR,ERR,ERR,ERR,ERR,ERR,ERR,ERR,ERR,ERR,ERR,ERR,ERR,ERR,ERR,ERR,ERR,ERR,ERR,ERR,ERR,ERR,ERR,ERR,ERR,ERR,ERR,ERR,ERR,ERR,ERR,ERR,ERR,ERR,ERR,ERR,ERR,ERR,ERR,ERR,ERR,ERR,ERR,ERR,ERR,ERR,ERR,ERR,ERR,ERR,ERR,ERR,ERR,ERR,ERR,ERR,ERR,ERR,ERR,ERR,ERR,ERR,ERR,ERR,ERR,ERR,ERR,ERR,ERR,ERR,ERR,ERR,ERR,ERR,ERR,ERR,ERR,ERR,ERR,ERR,ERR,ERR,ERR,ERR,ERR,ERR,ERR,ERR,ERR,ERR,ERR,ERR,ERR,ERR,ERR,ERR,ERR,ERR,ERR,ERR,ERR,ERR,ERR,ERR,ERR,ERR,ERR,ERR,ERR,ERR,ERR,ERR,ERR,ERR,ERR,ERR,ERR,ERR,ERR,ERR,ERR,ERR,ERR,ERR,0.0,0.0,-134474944.0,0.0,0.0,1.3936040501711995e+18,7.805,0.0,0,0,4,0,8422,0.0,45,0.0,0.0,0.0,0.0,0.0,0,0,0,0,0.0,0,0,0,0,0,0,0,0,0,0,0,0,0,0,0,0,0,0,0,0,0,0,0,0,0,0,0,0,0,0,0,0,0,38,14,7,45,65476,0,300,0,0,8,21553,0.0,-107605600.0,0.0,0.0,0.0,0.0,0.0,0.0,0.0,0.0,0.0,0.0,0.0,0.0,0.0,0.0,0.0,0.0,0.0,0.0,0.0,0.0,0.0,0.0,-2.004,2.004,0.0,0.0,0.0,0.0,5043.0,-0.0,0.0,0.0,0.0,0.0,-107615304.0,0.0,0.0,0.0,0.0,53,2.7184300208680915e+23,-2.308828227263571e+20,0.0,0.0,0.0,0.0,0.0,0.0,0.0,0,0,0,0.0,0.0,0.0,0.0,0.0,0.0,0.0,0.0,0.0,0.0,0.0,0.0,0.0,0.0,0.0,0.0,0,-107875648.0,53,0.0,106,-107614832.0,2.7006707062415038e+23,ERR,ERR,ERR,ERR,ERR,ERR,ERR,ERR,ERR,ERR,ERR,ERR,ERR,ERR,ERR,ERR,ERR,ERR,ERR,ERR,ERR,ERR,ERR,ERR,ERR,ERR,ERR,ERR,ERR,ERR,ERR,ERR,ERR,ERR,ERR,ERR,ERR,ERR,ERR,ERR,ERR,ERR,ERR,ERR,ERR,ERR,ERR,ERR,ERR,ERR,ERR,ERR,ERR,ERR,ERR,ERR,ERR,ERR,ERR,ERR,ERR,ERR,ERR,ERR,ERR,ERR,ERR,50.0,60.0,100,0.0,0.0,0.0,0.0,0.0,0.0,0.0,0.0,0.0,0.0,0.0,0.0,0.0,0.0,0.0,0.0,61.6,78,10,65507,50,65476,0,300,0,0,8,20529,65476,0,0,26214,60.0,0.0,0.0,0.0,0.0,0.0
2026-05-17T16:38:54,ERR,ERR,ERR,ERR,ERR,ERR,ERR,ERR,ERR,ERR,ERR,ERR,ERR,ERR,ERR,ERR,ERR,ERR,ERR,ERR,ERR,ERR,ERR,ERR,ERR,ERR,ERR,ERR,ERR,ERR,ERR,ERR,ERR,ERR,ERR,ERR,ERR,ERR,ERR,ERR,ERR,ERR,ERR,ERR,ERR,ERR,ERR,ERR,ERR,ERR,ERR,ERR,ERR,ERR,ERR,ERR,ERR,ERR,ERR,ERR,ERR,ERR,ERR,ERR,ERR,ERR,ERR,ERR,ERR,ERR,ERR,ERR,ERR,ERR,ERR,ERR,ERR,ERR,ERR,ERR,ERR,ERR,ERR,ERR,ERR,ERR,ERR,ERR,ERR,ERR,ERR,ERR,ERR,ERR,ERR,ERR,ERR,ERR,ERR,ERR,ERR,ERR,ERR,ERR,ERR,ERR,ERR,ERR,ERR,ERR,ERR,ERR,ERR,ERR,ERR,ERR,ERR,ERR,ERR,ERR,ERR,ERR,ERR,ERR,ERR,0.0,0.0,-134474944.0,0.0,0.0,1.3936040501711995e+18,7.805,0.0,0,0,4,0,8422,0.0,45,0.0,0.0,0.0,0.0,0.0,0,0,0,0,0.0,0,0,0,0,0,0,0,0,0,0,0,0,0,0,0,0,0,0,0,0,0,0,0,0,0,0,0,0,0,0,0,0,0,38,14,7,45,65476,0,300,0,0,8,21553,0.0,-107605600.0,0.0,0.0,0.0,0.0,0.0,0.0,0.0,0.0,0.0,0.0,0.0,0.0,0.0,0.0,0.0,0.0,0.0,0.0,0.0,0.0,0.0,0.0,-2.004,2.004,0.0,0.0,0.0,0.0,5072.0,0.0,0.0,0.0,0.0,0.0,-0.0,0.0,0.0,0.0,0.0,53,4.950428597886765e+32,89220.578,0.0,0.0,0.0,0.0,0.0,0.0,0.0,0,0,0,0.0,0.0,0.0,0.0,0.0,0.0,0.0,0.0,0.0,0.0,0.0,0.0,0.0,0.0,0.0,0.0,0,-107875648.0,53,0.0,106,-107614832.0,2.7006707062415038e+23,ERR,ERR,ERR,ERR,ERR,ERR,ERR,ERR,ERR,ERR,ERR,ERR,ERR,ERR,ERR,ERR,ERR,ERR,ERR,ERR,ERR,ERR,ERR,ERR,ERR,ERR,ERR,ERR,ERR,ERR,ERR,ERR,ERR,ERR,ERR,ERR,ERR,ERR,ERR,ERR,ERR,ERR,ERR,ERR,ERR,ERR,ERR,ERR,ERR,ERR,ERR,ERR,ERR,ERR,ERR,ERR,ERR,ERR,ERR,ERR,ERR,ERR,ERR,ERR,ERR,ERR,ERR,50.0,60.0,100,0.0,0.0,0.0,0.0,0.0,0.0,0.0,0.0,0.0,0.0,0.0,0.0,0.0,0.0,0.0,0.0,61.6,78,10,65507,50,65476,0,300,0,0,8,20529,65476,0,0,26214,60.0,0.0,0.0,0.0,0.0,0.0
2026-05-17T16:38:55,ERR,ERR,ERR,ERR,ERR,ERR,ERR,ERR,ERR,ERR,ERR,ERR,ERR,ERR,ERR,ERR,ERR,ERR,ERR,ERR,ERR,ERR,ERR,ERR,ERR,ERR,ERR,ERR,ERR,ERR,ERR,ERR,ERR,ERR,ERR,ERR,ERR,ERR,ERR,ERR,ERR,ERR,ERR,ERR,ERR,ERR,ERR,ERR,ERR,ERR,ERR,ERR,ERR,ERR,ERR,ERR,ERR,ERR,ERR,ERR,ERR,ERR,ERR,ERR,ERR,ERR,ERR,ERR,ERR,ERR,ERR,ERR,ERR,ERR,ERR,ERR,ERR,ERR,ERR,ERR,ERR,ERR,ERR,ERR,ERR,ERR,ERR,ERR,ERR,ERR,ERR,ERR,ERR,ERR,ERR,ERR,ERR,ERR,ERR,ERR,ERR,ERR,ERR,ERR,ERR,ERR,ERR,ERR,ERR,ERR,ERR,ERR,ERR,ERR,ERR,ERR,ERR,ERR,ERR,ERR,ERR,ERR,ERR,ERR,ERR,0.0,0.0,-134474944.0,0.0,0.0,1.3936040501711995e+18,7.805,0.0,0,0,4,0,8422,0.0,45,0.0,0.0,0.0,0.0,0.0,0,0,0,0,0.0,0,0,0,0,0,0,0,0,0,0,0,0,0,0,0,0,0,0,0,0,0,0,0,0,0,0,0,0,0,0,0,0,0,38,14,7,45,65476,0,300,0,0,8,21553,0.0,-107605600.0,0.0,0.0,0.0,0.0,0.0,0.0,0.0,0.0,0.0,0.0,0.0,0.0,0.0,0.0,0.0,0.0,0.0,0.0,0.0,0.0,0.0,0.0,-2.004,2.004,0.0,0.0,0.0,0.0,5072.0,0.0,0.0,0.0,0.0,0.0,-0.0,0.0,0.0,0.0,0.0,53,4.950428597886765e+32,89220.578,0.0,0.0,0.0,0.0,0.0,0.0,0.0,0,0,0,0.0,0.0,0.0,0.0,0.0,0.0,0.0,0.0,0.0,0.0,0.0,0.0,0.0,0.0,0.0,0.0,0,-107875648.0,53,0.0,106,-107614832.0,2.7006707062415038e+23,ERR,ERR,ERR,ERR,ERR,ERR,ERR,ERR,ERR,ERR,ERR,ERR,ERR,ERR,ERR,ERR,ERR,ERR,ERR,ERR,ERR,ERR,ERR,ERR,ERR,ERR,ERR,ERR,ERR,ERR,ERR,ERR,ERR,ERR,ERR,ERR,ERR,ERR,ERR,ERR,ERR,ERR,ERR,ERR,ERR,ERR,ERR,ERR,ERR,ERR,ERR,ERR,ERR,ERR,ERR,ERR,ERR,ERR,ERR,ERR,ERR,ERR,ERR,ERR,ERR,ERR,ERR,50.0,60.0,100,0.0,0.0,0.0,0.0,0.0,0.0,0.0,0.0,0.0,0.0,0.0,0.0,0.0,0.0,0.0,0.0,61.6,78,11,65507,50,65476,0,300,0,0,8,20529,65476,0,0,26214,60.0,0.0,0.0,0.0,0.0,0.0
2026-05-17T16:38:56,ERR,ERR,ERR,ERR,ERR,ERR,ERR,ERR,ERR,ERR,ERR,ERR,ERR,ERR,ERR,ERR,ERR,ERR,ERR,ERR,ERR,ERR,ERR,ERR,ERR,ERR,ERR,ERR,ERR,ERR,ERR,ERR,ERR,ERR,ERR,ERR,ERR,ERR,ERR,ERR,ERR,ERR,ERR,ERR,ERR,ERR,ERR,ERR,ERR,ERR,ERR,ERR,ERR,ERR,ERR,ERR,ERR,ERR,ERR,ERR,ERR,ERR,ERR,ERR,ERR,ERR,ERR,ERR,ERR,ERR,ERR,ERR,ERR,ERR,ERR,ERR,ERR,ERR,ERR,ERR,ERR,ERR,ERR,ERR,ERR,ERR,ERR,ERR,ERR,ERR,ERR,ERR,ERR,ERR,ERR,ERR,ERR,ERR,ERR,ERR,ERR,ERR,ERR,ERR,ERR,ERR,ERR,ERR,ERR,ERR,ERR,ERR,ERR,ERR,ERR,ERR,ERR,ERR,ERR,ERR,ERR,ERR,ERR,ERR,ERR,0.0,0.0,-134474944.0,0.0,0.0,1.3936040501711995e+18,7.805,0.0,0,0,4,0,8422,0.0,45,0.0,0.0,0.0,0.0,0.0,0,0,0,0,0.0,0,0,0,0,0,0,0,0,0,0,0,0,0,0,0,0,0,0,0,0,0,0,0,0,0,0,0,0,0,0,0,0,0,38,14,7,45,65476,0,300,0,0,8,21553,0.0,-107605600.0,0.0,0.0,0.0,0.0,0.0,0.0,0.0,0.0,0.0,0.0,0.0,0.0,0.0,0.0,0.0,0.0,0.0,0.0,0.0,0.0,0.0,0.0,-2.004,2.004,0.0,0.0,0.0,0.0,5072.0,0.0,0.0,0.0,0.0,0.0,-0.0,0.0,0.0,0.0,0.0,53,4.950428597886765e+32,89220.578,0.0,0.0,0.0,0.0,0.0,0.0,0.0,0,0,0,0.0,0.0,0.0,0.0,0.0,0.0,0.0,0.0,0.0,0.0,0.0,0.0,0.0,0.0,0.0,0.0,0,-107875648.0,53,0.0,106,-107614832.0,2.7006707062415038e+23,ERR,ERR,ERR,ERR,ERR,ERR,ERR,ERR,ERR,ERR,ERR,ERR,ERR,ERR,ERR,ERR,ERR,ERR,ERR,ERR,ERR,ERR,ERR,ERR,ERR,ERR,ERR,ERR,ERR,ERR,ERR,ERR,ERR,ERR,ERR,ERR,ERR,ERR,ERR,ERR,ERR,ERR,ERR,ERR,ERR,ERR,ERR,ERR,ERR,ERR,ERR,ERR,ERR,ERR,ERR,ERR,ERR,ERR,ERR,ERR,ERR,ERR,ERR,ERR,ERR,ERR,ERR,50.0,60.0,100,0.0,0.0,0.0,0.0,0.0,0.0,0.0,0.0,0.0,0.0,0.0,0.0,0.0,0.0,0.0,0.0,61.6,78,11,65507,50,65476,0,300,0,0,8,20529,65476,0,0,26214,60.0,0.0,0.0,0.0,0.0,0.0
2026-05-17T16:38:57,ERR,ERR,ERR,ERR,ERR,ERR,ERR,ERR,ERR,ERR,ERR,ERR,ERR,ERR,ERR,ERR,ERR,ERR,ERR,ERR,ERR,ERR,ERR,ERR,ERR,ERR,ERR,ERR,ERR,ERR,ERR,ERR,ERR,ERR,ERR,ERR,ERR,ERR,ERR,ERR,ERR,ERR,ERR,ERR,ERR,ERR,ERR,ERR,ERR,ERR,ERR,ERR,ERR,ERR,ERR,ERR,ERR,ERR,ERR,ERR,ERR,ERR,ERR,ERR,ERR,ERR,ERR,ERR,ERR,ERR,ERR,ERR,ERR,ERR,ERR,ERR,ERR,ERR,ERR,ERR,ERR,ERR,ERR,ERR,ERR,ERR,ERR,ERR,ERR,ERR,ERR,ERR,ERR,ERR,ERR,ERR,ERR,ERR,ERR,ERR,ERR,ERR,ERR,ERR,ERR,ERR,ERR,ERR,ERR,ERR,ERR,ERR,ERR,ERR,ERR,ERR,ERR,ERR,ERR,ERR,ERR,ERR,ERR,ERR,ERR,0.0,0.0,-134474944.0,0.0,0.0,1.3936040501711995e+18,7.805,0.0,0,0,4,0,8422,0.0,45,0.0,0.0,0.0,0.0,0.0,0,0,0,0,0.0,0,0,0,0,0,0,0,0,0,0,0,0,0,0,0,0,0,0,0,0,0,0,0,0,0,0,0,0,0,0,0,0,0,38,14,7,45,65476,0,300,0,0,8,21553,0.0,-107605600.0,0.0,0.0,0.0,0.0,0.0,0.0,0.0,0.0,0.0,0.0,0.0,0.0,0.0,0.0,0.0,0.0,0.0,0.0,0.0,0.0,0.0,0.0,-2.004,2.004,0.0,0.0,0.0,0.0,5072.0,0.0,0.0,0.0,0.0,0.0,-0.0,0.0,0.0,0.0,0.0,53,4.950428597886765e+32,89220.578,0.0,0.0,0.0,0.0,0.0,0.0,0.0,0,0,0,0.0,0.0,0.0,0.0,0.0,0.0,0.0,0.0,0.0,0.0,0.0,0.0,0.0,0.0,0.0,0.0,0,-107875648.0,53,0.0,106,-107614832.0,2.7006707062415038e+23,ERR,ERR,ERR,ERR,ERR,ERR,ERR,ERR,ERR,ERR,ERR,ERR,ERR,ERR,ERR,ERR,ERR,ERR,ERR,ERR,ERR,ERR,ERR,ERR,ERR,ERR,ERR,ERR,ERR,ERR,ERR,ERR,ERR,ERR,ERR,ERR,ERR,ERR,ERR,ERR,ERR,ERR,ERR,ERR,ERR,ERR,ERR,ERR,ERR,ERR,ERR,ERR,ERR,ERR,ERR,ERR,ERR,ERR,ERR,ERR,ERR,ERR,ERR,ERR,ERR,ERR,ERR,50.0,60.0,100,0.0,0.0,0.0,0.0,0.0,0.0,0.0,0.0,0.0,0.0,0.0,0.0,0.0,0.0,0.0,0.0,61.6,78,11,65507,50,65476,0,300,0,0,8,20529,65476,0,0,26214,60.0,0.0,0.0,0.0,0.0,0.0
2026-05-17T16:38:58,ERR,ERR,ERR,ERR,ERR,ERR,ERR,ERR,ERR,ERR,ERR,ERR,ERR,ERR,ERR,ERR,ERR,ERR,ERR,ERR,ERR,ERR,ERR,ERR,ERR,ERR,ERR,ERR,ERR,ERR,ERR,ERR,ERR,ERR,ERR,ERR,ERR,ERR,ERR,ERR,ERR,ERR,ERR,ERR,ERR,ERR,ERR,ERR,ERR,ERR,ERR,ERR,ERR,ERR,ERR,ERR,ERR,ERR,ERR,ERR,ERR,ERR,ERR,ERR,ERR,ERR,ERR,ERR,ERR,ERR,ERR,ERR,ERR,ERR,ERR,ERR,ERR,ERR,ERR,ERR,ERR,ERR,ERR,ERR,ERR,ERR,ERR,ERR,ERR,ERR,ERR,ERR,ERR,ERR,ERR,ERR,ERR,ERR,ERR,ERR,ERR,ERR,ERR,ERR,ERR,ERR,ERR,ERR,ERR,ERR,ERR,ERR,ERR,ERR,ERR,ERR,ERR,ERR,ERR,ERR,ERR,ERR,ERR,ERR,ERR,0.0,0.0,-134474944.0,0.0,0.0,1.3936040501711995e+18,7.805,0.0,0,0,4,0,8422,0.0,45,0.0,0.0,0.0,0.0,0.0,0,0,0,0,0.0,0,0,0,0,0,0,0,0,0,0,0,0,0,0,0,0,0,0,0,0,0,0,0,0,0,0,0,0,0,0,0,0,0,38,14,7,45,65476,0,300,0,0,8,21553,0.0,-107605600.0,0.0,0.0,0.0,0.0,0.0,0.0,0.0,0.0,0.0,0.0,0.0,0.0,0.0,0.0,0.0,0.0,0.0,0.0,0.0,0.0,0.0,0.0,-2.004,2.004,0.0,0.0,0.0,0.0,5072.0,0.0,0.0,0.0,0.0,0.0,-0.0,0.0,0.0,0.0,0.0,53,4.950428597886765e+32,89220.578,0.0,0.0,0.0,0.0,0.0,0.0,0.0,0,0,0,0.0,0.0,0.0,0.0,0.0,0.0,0.0,0.0,0.0,0.0,0.0,0.0,0.0,0.0,0.0,0.0,0,-107875648.0,53,0.0,106,-107614832.0,2.7006707062415038e+23,ERR,ERR,ERR,ERR,ERR,ERR,ERR,ERR,ERR,ERR,ERR,ERR,ERR,ERR,ERR,ERR,ERR,ERR,ERR,ERR,ERR,ERR,ERR,ERR,ERR,ERR,ERR,ERR,ERR,ERR,ERR,ERR,ERR,ERR,ERR,ERR,ERR,ERR,ERR,ERR,ERR,ERR,ERR,ERR,ERR,ERR,ERR,ERR,ERR,ERR,ERR,ERR,ERR,ERR,ERR,ERR,ERR,ERR,ERR,ERR,ERR,ERR,ERR,ERR,ERR,ERR,ERR,50.0,60.0,100,0.0,0.0,0.0,0.0,0.0,0.0,0.0,0.0,0.0,0.0,0.0,0.0,0.0,0.0,0.0,0.0,61.6,78,11,65507,50,65476,0,300,0,0,8,20529,65476,0,0,26214,60.0,0.0,0.0,0.0,0.0,0.0
2026-05-17T16:38:59,ERR,ERR,ERR,ERR,ERR,ERR,ERR,ERR,ERR,ERR,ERR,ERR,ERR,ERR,ERR,ERR,ERR,ERR,ERR,ERR,ERR,ERR,ERR,ERR,ERR,ERR,ERR,ERR,ERR,ERR,ERR,ERR,ERR,ERR,ERR,ERR,ERR,ERR,ERR,ERR,ERR,ERR,ERR,ERR,ERR,ERR,ERR,ERR,ERR,ERR,ERR,ERR,ERR,ERR,ERR,ERR,ERR,ERR,ERR,ERR,ERR,ERR,ERR,ERR,ERR,ERR,ERR,ERR,ERR,ERR,ERR,ERR,ERR,ERR,ERR,ERR,ERR,ERR,ERR,ERR,ERR,ERR,ERR,ERR,ERR,ERR,ERR,ERR,ERR,ERR,ERR,ERR,ERR,ERR,ERR,ERR,ERR,ERR,ERR,ERR,ERR,ERR,ERR,ERR,ERR,ERR,ERR,ERR,ERR,ERR,ERR,ERR,ERR,ERR,ERR,ERR,ERR,ERR,ERR,ERR,ERR,ERR,ERR,ERR,ERR,0.0,0.0,-134474944.0,0.0,0.0,1.3936040501711995e+18,7.805,0.0,0,0,4,0,8422,0.0,45,0.0,0.0,0.0,0.0,0.0,0,0,0,0,0.0,0,0,0,0,0,0,0,0,0,0,0,0,0,0,0,0,0,0,0,0,0,0,0,0,0,0,0,0,0,0,0,0,0,38,14,7,45,65476,0,300,0,0,8,21553,0.0,-107605600.0,0.0,0.0,0.0,0.0,0.0,0.0,0.0,0.0,0.0,0.0,0.0,0.0,0.0,0.0,0.0,0.0,0.0,0.0,0.0,0.0,0.0,0.0,-2.004,2.004,0.0,0.0,0.0,0.0,5076.0,1.587929730903595e+29,0.0,0.0,0.0,0.0,-107615304.0,0.0,0.0,0.0,0.0,53,4.066880103266858e+29,-107614800.0,0.0,0.0,0.0,0.0,0.0,0.0,0.0,0,0,0,0.0,0.0,0.0,0.0,0.0,0.0,0.0,0.0,0.0,0.0,0.0,0.0,0.0,0.0,0.0,0.0,0,-107875648.0,53,0.0,106,-107614832.0,2.7006707062415038e+23,ERR,ERR,ERR,ERR,ERR,ERR,ERR,ERR,ERR,ERR,ERR,ERR,ERR,ERR,ERR,ERR,ERR,ERR,ERR,ERR,ERR,ERR,ERR,ERR,ERR,ERR,ERR,ERR,ERR,ERR,ERR,ERR,ERR,ERR,ERR,ERR,ERR,ERR,ERR,ERR,ERR,ERR,ERR,ERR,ERR,ERR,ERR,ERR,ERR,ERR,ERR,ERR,ERR,ERR,ERR,ERR,ERR,ERR,ERR,ERR,ERR,ERR,ERR,ERR,ERR,ERR,ERR,50.0,60.0,100,0.0,0.0,0.0,0.0,0.0,0.0,0.0,0.0,0.0,0.0,0.0,0.0,0.0,0.0,0.0,0.0,61.6,78,11,65507,50,65476,0,300,0,0,8,20529,65476,0,0,26214,60.0,0.0,0.0,0.0,0.0,0.0
2026-05-17T16:39:00,ERR,ERR,ERR,ERR,ERR,ERR,ERR,ERR,ERR,ERR,ERR,ERR,ERR,ERR,ERR,ERR,ERR,ERR,ERR,ERR,ERR,ERR,ERR,ERR,ERR,ERR,ERR,ERR,ERR,ERR,ERR,ERR,ERR,ERR,ERR,ERR,ERR,ERR,ERR,ERR,ERR,ERR,ERR,ERR,ERR,ERR,ERR,ERR,ERR,ERR,ERR,ERR,ERR,ERR,ERR,ERR,ERR,ERR,ERR,ERR,ERR,ERR,ERR,ERR,ERR,ERR,ERR,ERR,ERR,ERR,ERR,ERR,ERR,ERR,ERR,ERR,ERR,ERR,ERR,ERR,ERR,ERR,ERR,ERR,ERR,ERR,ERR,ERR,ERR,ERR,ERR,ERR,ERR,ERR,ERR,ERR,ERR,ERR,ERR,ERR,ERR,ERR,ERR,ERR,ERR,ERR,ERR,ERR,ERR,ERR,ERR,ERR,ERR,ERR,ERR,ERR,ERR,ERR,ERR,ERR,ERR,ERR,ERR,ERR,ERR,0.0,0.0,-134474944.0,0.0,0.0,1.3936040501711995e+18,7.805,0.0,0,0,4,0,8422,0.0,45,0.0,0.0,0.0,0.0,0.0,0,0,0,0,0.0,0,0,0,0,0,0,0,0,0,0,0,0,0,0,0,0,0,0,0,0,0,0,0,0,0,0,0,0,0,0,0,0,0,38,14,7,45,65476,0,300,0,0,8,21553,0.0,-107605600.0,0.0,0.0,0.0,0.0,0.0,0.0,0.0,0.0,0.0,0.0,0.0,0.0,0.0,0.0,0.0,0.0,0.0,0.0,0.0,0.0,0.0,0.0,-2.004,2.004,0.0,0.0,0.0,0.0,5076.0,1.587929730903595e+29,0.0,0.0,0.0,0.0,-107615304.0,0.0,0.0,0.0,0.0,53,4.066880103266858e+29,-107614800.0,0.0,0.0,0.0,0.0,0.0,0.0,0.0,0,0,0,0.0,0.0,0.0,0.0,0.0,0.0,0.0,0.0,0.0,0.0,0.0,0.0,0.0,0.0,0.0,0.0,0,-107875648.0,53,0.0,106,-107614832.0,2.7006707062415038e+23,ERR,ERR,ERR,ERR,ERR,ERR,ERR,ERR,ERR,ERR,ERR,ERR,ERR,ERR,ERR,ERR,ERR,ERR,ERR,ERR,ERR,ERR,ERR,ERR,ERR,ERR,ERR,ERR,ERR,ERR,ERR,ERR,ERR,ERR,ERR,ERR,ERR,ERR,ERR,ERR,ERR,ERR,ERR,ERR,ERR,ERR,ERR,ERR,ERR,ERR,ERR,ERR,ERR,ERR,ERR,ERR,ERR,ERR,ERR,ERR,ERR,ERR,ERR,ERR,ERR,ERR,ERR,50.0,60.0,100,0.0,0.0,0.0,0.0,0.0,0.0,0.0,0.0,0.0,0.0,0.0,0.0,0.0,0.0,0.0,0.0,61.6,78,11,65507,50,65476,0,300,0,0,8,20529,65476,0,0,26214,60.0,0.0,0.0,0.0,0.0,0.0
2026-05-17T16:39:01,ERR,ERR,ERR,ERR,ERR,ERR,ERR,ERR,ERR,ERR,ERR,ERR,ERR,ERR,ERR,ERR,ERR,ERR,ERR,ERR,ERR,ERR,ERR,ERR,ERR,ERR,ERR,ERR,ERR,ERR,ERR,ERR,ERR,ERR,ERR,ERR,ERR,ERR,ERR,ERR,ERR,ERR,ERR,ERR,ERR,ERR,ERR,ERR,ERR,ERR,ERR,ERR,ERR,ERR,ERR,ERR,ERR,ERR,ERR,ERR,ERR,ERR,ERR,ERR,ERR,ERR,ERR,ERR,ERR,ERR,ERR,ERR,ERR,ERR,ERR,ERR,ERR,ERR,ERR,ERR,ERR,ERR,ERR,ERR,ERR,ERR,ERR,ERR,ERR,ERR,ERR,ERR,ERR,ERR,ERR,ERR,ERR,ERR,ERR,ERR,ERR,ERR,ERR,ERR,ERR,ERR,ERR,ERR,ERR,ERR,ERR,ERR,ERR,ERR,ERR,ERR,ERR,ERR,ERR,ERR,ERR,ERR,ERR,ERR,ERR,0.0,0.0,-134474944.0,0.0,0.0,1.3936040501711995e+18,7.805,0.0,0,0,4,0,8422,0.0,45,0.0,0.0,0.0,0.0,0.0,0,0,0,0,0.0,0,0,0,0,0,0,0,0,0,0,0,0,0,0,0,0,0,0,0,0,0,0,0,0,0,0,0,0,0,0,0,0,0,38,14,7,45,65476,0,300,0,0,8,21553,0.0,-107605600.0,0.0,0.0,0.0,0.0,0.0,0.0,0.0,0.0,0.0,0.0,0.0,0.0,0.0,0.0,0.0,0.0,0.0,0.0,0.0,0.0,0.0,0.0,-2.004,2.004,0.0,0.0,0.0,0.0,5076.0,1.587929730903595e+29,0.0,0.0,0.0,0.0,-107615304.0,0.0,0.0,0.0,0.0,53,4.066880103266858e+29,-107614800.0,0.0,0.0,0.0,0.0,0.0,0.0,0.0,0,0,0,0.0,0.0,0.0,0.0,0.0,0.0,0.0,0.0,0.0,0.0,0.0,0.0,0.0,0.0,0.0,0.0,0,-107875648.0,53,0.0,106,-107614832.0,2.7006707062415038e+23,ERR,ERR,ERR,ERR,ERR,ERR,ERR,ERR,ERR,ERR,ERR,ERR,ERR,ERR,ERR,ERR,ERR,ERR,ERR,ERR,ERR,ERR,ERR,ERR,ERR,ERR,ERR,ERR,ERR,ERR,ERR,ERR,ERR,ERR,ERR,ERR,ERR,ERR,ERR,ERR,ERR,ERR,ERR,ERR,ERR,ERR,ERR,ERR,ERR,ERR,ERR,ERR,ERR,ERR,ERR,ERR,ERR,ERR,ERR,ERR,ERR,ERR,ERR,ERR,ERR,ERR,ERR,50.0,60.0,100,0.0,0.0,0.0,0.0,0.0,0.0,0.0,0.0,0.0,0.0,0.0,0.0,0.0,0.0,0.0,0.0,61.6,78,11,65507,50,65476,0,300,0,0,8,20529,65476,0,0,26214,60.0,0.0,0.0,0.0,0.0,0.0
2026-05-17T16:39:02,ERR,ERR,ERR,ERR,ERR,ERR,ERR,ERR,ERR,ERR,ERR,ERR,ERR,ERR,ERR,ERR,ERR,ERR,ERR,ERR,ERR,ERR,ERR,ERR,ERR,ERR,ERR,ERR,ERR,ERR,ERR,ERR,ERR,ERR,ERR,ERR,ERR,ERR,ERR,ERR,ERR,ERR,ERR,ERR,ERR,ERR,ERR,ERR,ERR,ERR,ERR,ERR,ERR,ERR,ERR,ERR,ERR,ERR,ERR,ERR,ERR,ERR,ERR,ERR,ERR,ERR,ERR,ERR,ERR,ERR,ERR,ERR,ERR,ERR,ERR,ERR,ERR,ERR,ERR,ERR,ERR,ERR,ERR,ERR,ERR,ERR,ERR,ERR,ERR,ERR,ERR,ERR,ERR,ERR,ERR,ERR,ERR,ERR,ERR,ERR,ERR,ERR,ERR,ERR,ERR,ERR,ERR,ERR,ERR,ERR,ERR,ERR,ERR,ERR,ERR,ERR,ERR,ERR,ERR,ERR,ERR,ERR,ERR,ERR,ERR,0.0,0.0,-134474944.0,0.0,0.0,1.3936040501711995e+18,7.805,0.0,0,0,4,0,8422,0.0,45,0.0,0.0,0.0,0.0,0.0,0,0,0,0,0.0,0,0,0,0,0,0,0,0,0,0,0,0,0,0,0,0,0,0,0,0,0,0,0,0,0,0,0,0,0,0,0,0,0,38,14,7,45,65476,0,300,0,0,8,21553,0.0,-107605600.0,0.0,0.0,0.0,0.0,0.0,0.0,0.0,0.0,0.0,0.0,0.0,0.0,0.0,0.0,0.0,0.0,0.0,0.0,0.0,0.0,0.0,0.0,-2.004,2.004,0.0,0.0,0.0,0.0,5076.0,1.587929730903595e+29,0.0,0.0,0.0,0.0,-107615304.0,0.0,0.0,0.0,0.0,53,4.066880103266858e+29,-107614800.0,0.0,0.0,0.0,0.0,0.0,0.0,0.0,0,0,0,0.0,0.0,0.0,0.0,0.0,0.0,0.0,0.0,0.0,0.0,0.0,0.0,0.0,0.0,0.0,0.0,0,-107875648.0,53,0.0,106,-107614832.0,2.7006707062415038e+23,ERR,ERR,ERR,ERR,ERR,ERR,ERR,ERR,ERR,ERR,ERR,ERR,ERR,ERR,ERR,ERR,ERR,ERR,ERR,ERR,ERR,ERR,ERR,ERR,ERR,ERR,ERR,ERR,ERR,ERR,ERR,ERR,ERR,ERR,ERR,ERR,ERR,ERR,ERR,ERR,ERR,ERR,ERR,ERR,ERR,ERR,ERR,ERR,ERR,ERR,ERR,ERR,ERR,ERR,ERR,ERR,ERR,ERR,ERR,ERR,ERR,ERR,ERR,ERR,ERR,ERR,ERR,50.0,60.0,100,0.0,0.0,0.0,0.0,0.0,0.0,0.0,0.0,0.0,0.0,0.0,0.0,0.0,0.0,0.0,0.0,62.0,78,11,65507,50,65476,0,300,0,0,8,20529,65476,0,0,26214,60.0,0.0,0.0,0.0,0.0,0.0
2026-05-17T16:39:03,ERR,ERR,ERR,ERR,ERR,ERR,ERR,ERR,ERR,ERR,ERR,ERR,ERR,ERR,ERR,ERR,ERR,ERR,ERR,ERR,ERR,ERR,ERR,ERR,ERR,ERR,ERR,ERR,ERR,ERR,ERR,ERR,ERR,ERR,ERR,ERR,ERR,ERR,ERR,ERR,ERR,ERR,ERR,ERR,ERR,ERR,ERR,ERR,ERR,ERR,ERR,ERR,ERR,ERR,ERR,ERR,ERR,ERR,ERR,ERR,ERR,ERR,ERR,ERR,ERR,ERR,ERR,ERR,ERR,ERR,ERR,ERR,ERR,ERR,ERR,ERR,ERR,ERR,ERR,ERR,ERR,ERR,ERR,ERR,ERR,ERR,ERR,ERR,ERR,ERR,ERR,ERR,ERR,ERR,ERR,ERR,ERR,ERR,ERR,ERR,ERR,ERR,ERR,ERR,ERR,ERR,ERR,ERR,ERR,ERR,ERR,ERR,ERR,ERR,ERR,ERR,ERR,ERR,ERR,ERR,ERR,ERR,ERR,ERR,ERR,0.0,0.0,-134474944.0,0.0,0.0,1.3936040501711995e+18,7.805,0.0,0,0,4,0,8422,0.0,45,0.0,0.0,0.0,0.0,0.0,0,0,0,0,0.0,0,0,0,0,0,0,0,0,0,0,0,0,0,0,0,0,0,0,0,0,0,0,0,0,0,0,0,0,0,0,0,0,0,38,14,7,45,65476,0,300,0,0,8,21553,0.0,-107605600.0,0.0,0.0,0.0,0.0,0.0,0.0,0.0,0.0,0.0,0.0,0.0,0.0,0.0,0.0,0.0,0.0,0.0,0.0,0.0,0.0,0.0,0.0,-2.004,2.004,0.0,0.0,0.0,0.0,5076.0,1.587929730903595e+29,0.0,0.0,0.0,0.0,-107615304.0,0.0,0.0,0.0,0.0,53,4.066880103266858e+29,-107614800.0,0.0,0.0,0.0,0.0,0.0,0.0,0.0,0,0,0,0.0,0.0,0.0,0.0,0.0,0.0,0.0,0.0,0.0,0.0,0.0,0.0,0.0,0.0,0.0,0.0,0,-107875648.0,53,0.0,106,-107614832.0,2.7006707062415038e+23,ERR,ERR,ERR,ERR,ERR,ERR,ERR,ERR,ERR,ERR,ERR,ERR,ERR,ERR,ERR,ERR,ERR,ERR,ERR,ERR,ERR,ERR,ERR,ERR,ERR,ERR,ERR,ERR,ERR,ERR,ERR,ERR,ERR,ERR,ERR,ERR,ERR,ERR,ERR,ERR,ERR,ERR,ERR,ERR,ERR,ERR,ERR,ERR,ERR,ERR,ERR,ERR,ERR,ERR,ERR,ERR,ERR,ERR,ERR,ERR,ERR,ERR,ERR,ERR,ERR,ERR,ERR,50.0,60.0,100,0.0,0.0,0.0,0.0,0.0,0.0,0.0,0.0,0.0,0.0,0.0,0.0,0.0,0.0,0.0,0.0,62.0,78,11,65507,50,65476,0,300,0,0,8,20529,65476,0,0,26214,60.0,0.0,0.0,0.0,0.0,0.0
2026-05-17T16:39:04,ERR,ERR,ERR,ERR,ERR,ERR,ERR,ERR,ERR,ERR,ERR,ERR,ERR,ERR,ERR,ERR,ERR,ERR,ERR,ERR,ERR,ERR,ERR,ERR,ERR,ERR,ERR,ERR,ERR,ERR,ERR,ERR,ERR,ERR,ERR,ERR,ERR,ERR,ERR,ERR,ERR,ERR,ERR,ERR,ERR,ERR,ERR,ERR,ERR,ERR,ERR,ERR,ERR,ERR,ERR,ERR,ERR,ERR,ERR,ERR,ERR,ERR,ERR,ERR,ERR,ERR,ERR,ERR,ERR,ERR,ERR,ERR,ERR,ERR,ERR,ERR,ERR,ERR,ERR,ERR,ERR,ERR,ERR,ERR,ERR,ERR,ERR,ERR,ERR,ERR,ERR,ERR,ERR,ERR,ERR,ERR,ERR,ERR,ERR,ERR,ERR,ERR,ERR,ERR,ERR,ERR,ERR,ERR,ERR,ERR,ERR,ERR,ERR,ERR,ERR,ERR,ERR,ERR,ERR,ERR,ERR,ERR,ERR,ERR,ERR,0.0,0.0,-134474944.0,0.0,0.0,1.3936040501711995e+18,7.805,0.0,0,0,4,0,8422,0.0,45,0.0,0.0,0.0,0.0,0.0,0,0,0,0,0.0,0,0,0,0,0,0,0,0,0,0,0,0,0,0,0,0,0,0,0,0,0,0,0,0,0,0,0,0,0,0,0,0,0,38,14,7,45,65476,0,300,0,0,8,21553,0.0,-107605600.0,0.0,0.0,0.0,0.0,0.0,0.0,0.0,0.0,0.0,0.0,0.0,0.0,0.0,0.0,0.0,0.0,0.0,0.0,0.0,0.0,0.0,0.0,-2.004,2.004,0.0,0.0,0.0,0.0,5071.0,0.0,0.0,0.0,0.0,0.0,-107615304.0,0.0,0.0,0.0,0.0,53,152018454839296.0,126840553472.0,0.0,0.0,0.0,0.0,0.0,0.0,0.0,0,0,0,0.0,0.0,0.0,0.0,0.0,0.0,0.0,0.0,0.0,0.0,0.0,0.0,0.0,0.0,0.0,0.0,0,-107875648.0,53,0.0,106,-107614832.0,2.7006707062415038e+23,ERR,ERR,ERR,ERR,ERR,ERR,ERR,ERR,ERR,ERR,ERR,ERR,ERR,ERR,ERR,ERR,ERR,ERR,ERR,ERR,ERR,ERR,ERR,ERR,ERR,ERR,ERR,ERR,ERR,ERR,ERR,ERR,ERR,ERR,ERR,ERR,ERR,ERR,ERR,ERR,ERR,ERR,ERR,ERR,ERR,ERR,ERR,ERR,ERR,ERR,ERR,ERR,ERR,ERR,ERR,ERR,ERR,ERR,ERR,ERR,ERR,ERR,ERR,ERR,ERR,ERR,ERR,50.0,60.0,100,0.0,0.0,0.0,0.0,0.0,0.0,0.0,0.0,0.0,0.0,0.0,0.0,0.0,0.0,0.0,0.0,61.6,78,11,65507,50,65476,0,300,0,0,8,20529,65476,0,0,26214,60.0,0.0,0.0,0.0,0.0,0.0
2026-05-17T16:39:05,ERR,ERR,ERR,ERR,ERR,ERR,ERR,ERR,ERR,ERR,ERR,ERR,ERR,ERR,ERR,ERR,ERR,ERR,ERR,ERR,ERR,ERR,ERR,ERR,ERR,ERR,ERR,ERR,ERR,ERR,ERR,ERR,ERR,ERR,ERR,ERR,ERR,ERR,ERR,ERR,ERR,ERR,ERR,ERR,ERR,ERR,ERR,ERR,ERR,ERR,ERR,ERR,ERR,ERR,ERR,ERR,ERR,ERR,ERR,ERR,ERR,ERR,ERR,ERR,ERR,ERR,ERR,ERR,ERR,ERR,ERR,ERR,ERR,ERR,ERR,ERR,ERR,ERR,ERR,ERR,ERR,ERR,ERR,ERR,ERR,ERR,ERR,ERR,ERR,ERR,ERR,ERR,ERR,ERR,ERR,ERR,ERR,ERR,ERR,ERR,ERR,ERR,ERR,ERR,ERR,ERR,ERR,ERR,ERR,ERR,ERR,ERR,ERR,ERR,ERR,ERR,ERR,ERR,ERR,ERR,ERR,ERR,ERR,ERR,ERR,0.0,0.0,-134474944.0,0.0,0.0,1.3936040501711995e+18,7.805,0.0,0,0,4,0,8422,0.0,45,0.0,0.0,0.0,0.0,0.0,0,0,0,0,0.0,0,0,0,0,0,0,0,0,0,0,0,0,0,0,0,0,0,0,0,0,0,0,0,0,0,0,0,0,0,0,0,0,0,38,14,7,45,65476,0,300,0,0,8,21553,0.0,-107605600.0,0.0,0.0,0.0,0.0,0.0,0.0,0.0,0.0,0.0,0.0,0.0,0.0,0.0,0.0,0.0,0.0,0.0,0.0,0.0,0.0,0.0,0.0,-2.004,2.004,0.0,0.0,0.0,0.0,5071.0,0.0,0.0,0.0,0.0,0.0,-107615304.0,0.0,0.0,0.0,0.0,53,152018454839296.0,126840553472.0,0.0,0.0,0.0,0.0,0.0,0.0,0.0,0,0,0,0.0,0.0,0.0,0.0,0.0,0.0,0.0,0.0,0.0,0.0,0.0,0.0,0.0,0.0,0.0,0.0,0,-107875648.0,53,0.0,106,-107614832.0,2.7006707062415038e+23,ERR,ERR,ERR,ERR,ERR,ERR,ERR,ERR,ERR,ERR,ERR,ERR,ERR,ERR,ERR,ERR,ERR,ERR,ERR,ERR,ERR,ERR,ERR,ERR,ERR,ERR,ERR,ERR,ERR,ERR,ERR,ERR,ERR,ERR,ERR,ERR,ERR,ERR,ERR,ERR,ERR,ERR,ERR,ERR,ERR,ERR,ERR,ERR,ERR,ERR,ERR,ERR,ERR,ERR,ERR,ERR,ERR,ERR,ERR,ERR,ERR,ERR,ERR,ERR,ERR,ERR,ERR,50.0,60.0,100,0.0,0.0,0.0,0.0,0.0,0.0,0.0,0.0,0.0,0.0,0.0,0.0,0.0,0.0,0.0,0.0,61.6,78,11,65507,50,65476,0,300,0,0,8,20529,65476,0,0,26214,60.0,0.0,0.0,0.0,0.0,0.0
2026-05-17T16:39:06,ERR,ERR,ERR,ERR,ERR,ERR,ERR,ERR,ERR,ERR,ERR,ERR,ERR,ERR,ERR,ERR,ERR,ERR,ERR,ERR,ERR,ERR,ERR,ERR,ERR,ERR,ERR,ERR,ERR,ERR,ERR,ERR,ERR,ERR,ERR,ERR,ERR,ERR,ERR,ERR,ERR,ERR,ERR,ERR,ERR,ERR,ERR,ERR,ERR,ERR,ERR,ERR,ERR,ERR,ERR,ERR,ERR,ERR,ERR,ERR,ERR,ERR,ERR,ERR,ERR,ERR,ERR,ERR,ERR,ERR,ERR,ERR,ERR,ERR,ERR,ERR,ERR,ERR,ERR,ERR,ERR,ERR,ERR,ERR,ERR,ERR,ERR,ERR,ERR,ERR,ERR,ERR,ERR,ERR,ERR,ERR,ERR,ERR,ERR,ERR,ERR,ERR,ERR,ERR,ERR,ERR,ERR,ERR,ERR,ERR,ERR,ERR,ERR,ERR,ERR,ERR,ERR,ERR,ERR,ERR,ERR,ERR,ERR,ERR,ERR,0.0,0.0,-134474944.0,0.0,0.0,1.3936040501711995e+18,7.805,0.0,0,0,4,0,8422,0.0,45,0.0,0.0,0.0,0.0,0.0,0,0,0,0,0.0,0,0,0,0,0,0,0,0,0,0,0,0,0,0,0,0,0,0,0,0,0,0,0,0,0,0,0,0,0,0,0,0,0,38,14,7,45,65476,0,300,0,0,8,21553,0.0,-107605600.0,0.0,0.0,0.0,0.0,0.0,0.0,0.0,0.0,0.0,0.0,0.0,0.0,0.0,0.0,0.0,0.0,0.0,0.0,0.0,0.0,0.0,0.0,-2.004,2.004,0.0,0.0,0.0,0.0,5071.0,0.0,0.0,0.0,0.0,0.0,-107615304.0,0.0,0.0,0.0,0.0,53,152018454839296.0,126840553472.0,0.0,0.0,0.0,0.0,0.0,0.0,0.0,0,0,0,0.0,0.0,0.0,0.0,0.0,0.0,0.0,0.0,0.0,0.0,0.0,0.0,0.0,0.0,0.0,0.0,0,-107875648.0,53,0.0,106,-107614832.0,2.7006707062415038e+23,ERR,ERR,ERR,ERR,ERR,ERR,ERR,ERR,ERR,ERR,ERR,ERR,ERR,ERR,ERR,ERR,ERR,ERR,ERR,ERR,ERR,ERR,ERR,ERR,ERR,ERR,ERR,ERR,ERR,ERR,ERR,ERR,ERR,ERR,ERR,ERR,ERR,ERR,ERR,ERR,ERR,ERR,ERR,ERR,ERR,ERR,ERR,ERR,ERR,ERR,ERR,ERR,ERR,ERR,ERR,ERR,ERR,ERR,ERR,ERR,ERR,ERR,ERR,ERR,ERR,ERR,ERR,50.0,60.0,100,0.0,0.0,0.0,0.0,0.0,0.0,0.0,0.0,0.0,0.0,0.0,0.0,0.0,0.0,0.0,0.0,61.6,78,11,65507,50,65476,0,300,0,0,8,20529,65476,0,0,26214,60.0,0.0,0.0,0.0,0.0,0.0
2026-05-17T16:39:07,ERR,ERR,ERR,ERR,ERR,ERR,ERR,ERR,ERR,ERR,ERR,ERR,ERR,ERR,ERR,ERR,ERR,ERR,ERR,ERR,ERR,ERR,ERR,ERR,ERR,ERR,ERR,ERR,ERR,ERR,ERR,ERR,ERR,ERR,ERR,ERR,ERR,ERR,ERR,ERR,ERR,ERR,ERR,ERR,ERR,ERR,ERR,ERR,ERR,ERR,ERR,ERR,ERR,ERR,ERR,ERR,ERR,ERR,ERR,ERR,ERR,ERR,ERR,ERR,ERR,ERR,ERR,ERR,ERR,ERR,ERR,ERR,ERR,ERR,ERR,ERR,ERR,ERR,ERR,ERR,ERR,ERR,ERR,ERR,ERR,ERR,ERR,ERR,ERR,ERR,ERR,ERR,ERR,ERR,ERR,ERR,ERR,ERR,ERR,ERR,ERR,ERR,ERR,ERR,ERR,ERR,ERR,ERR,ERR,ERR,ERR,ERR,ERR,ERR,ERR,ERR,ERR,ERR,ERR,ERR,ERR,ERR,ERR,ERR,ERR,0.0,0.0,-134474944.0,0.0,0.0,1.3936040501711995e+18,7.805,0.0,0,0,4,0,8422,0.0,45,0.0,0.0,0.0,0.0,0.0,0,0,0,0,0.0,0,0,0,0,0,0,0,0,0,0,0,0,0,0,0,0,0,0,0,0,0,0,0,0,0,0,0,0,0,0,0,0,0,38,14,7,45,65476,0,300,0,0,8,21553,0.0,-107605600.0,0.0,0.0,0.0,0.0,0.0,0.0,0.0,0.0,0.0,0.0,0.0,0.0,0.0,0.0,0.0,0.0,0.0,0.0,0.0,0.0,0.0,0.0,-2.004,2.004,0.0,0.0,0.0,0.0,5071.0,0.0,0.0,0.0,0.0,0.0,-107615304.0,0.0,0.0,0.0,0.0,53,152018454839296.0,126840553472.0,0.0,0.0,0.0,0.0,0.0,0.0,0.0,0,0,0,0.0,0.0,0.0,0.0,0.0,0.0,0.0,0.0,0.0,0.0,0.0,0.0,0.0,0.0,0.0,0.0,0,-107875648.0,53,0.0,106,-107614832.0,2.7006707062415038e+23,ERR,ERR,ERR,ERR,ERR,ERR,ERR,ERR,ERR,ERR,ERR,ERR,ERR,ERR,ERR,ERR,ERR,ERR,ERR,ERR,ERR,ERR,ERR,ERR,ERR,ERR,ERR,ERR,ERR,ERR,ERR,ERR,ERR,ERR,ERR,ERR,ERR,ERR,ERR,ERR,ERR,ERR,ERR,ERR,ERR,ERR,ERR,ERR,ERR,ERR,ERR,ERR,ERR,ERR,ERR,ERR,ERR,ERR,ERR,ERR,ERR,ERR,ERR,ERR,ERR,ERR,ERR,50.0,60.0,100,0.0,0.0,0.0,0.0,0.0,0.0,0.0,0.0,0.0,0.0,0.0,0.0,0.0,0.0,0.0,0.0,61.6,78,11,65507,50,65476,0,300,0,0,8,20529,65476,0,0,26214,60.0,0.0,0.0,0.0,0.0,0.0
2026-05-17T16:39:08,ERR,ERR,ERR,ERR,ERR,ERR,ERR,ERR,ERR,ERR,ERR,ERR,ERR,ERR,ERR,ERR,ERR,ERR,ERR,ERR,ERR,ERR,ERR,ERR,ERR,ERR,ERR,ERR,ERR,ERR,ERR,ERR,ERR,ERR,ERR,ERR,ERR,ERR,ERR,ERR,ERR,ERR,ERR,ERR,ERR,ERR,ERR,ERR,ERR,ERR,ERR,ERR,ERR,ERR,ERR,ERR,ERR,ERR,ERR,ERR,ERR,ERR,ERR,ERR,ERR,ERR,ERR,ERR,ERR,ERR,ERR,ERR,ERR,ERR,ERR,ERR,ERR,ERR,ERR,ERR,ERR,ERR,ERR,ERR,ERR,ERR,ERR,ERR,ERR,ERR,ERR,ERR,ERR,ERR,ERR,ERR,ERR,ERR,ERR,ERR,ERR,ERR,ERR,ERR,ERR,ERR,ERR,ERR,ERR,ERR,ERR,ERR,ERR,ERR,ERR,ERR,ERR,ERR,ERR,ERR,ERR,ERR,ERR,ERR,ERR,0.0,0.0,-134474944.0,0.0,0.0,1.3936040501711995e+18,7.805,0.0,0,0,4,0,8422,0.0,45,0.0,0.0,0.0,0.0,0.0,0,0,0,0,0.0,0,0,0,0,0,0,0,0,0,0,0,0,0,0,0,0,0,0,0,0,0,0,0,0,0,0,0,0,0,0,0,0,0,38,14,7,45,65476,0,300,0,0,8,21553,0.0,-107605600.0,0.0,0.0,0.0,0.0,0.0,0.0,0.0,0.0,0.0,0.0,0.0,0.0,0.0,0.0,0.0,0.0,0.0,0.0,0.0,0.0,0.0,0.0,-2.004,2.004,0.0,0.0,0.0,0.0,5071.0,0.0,0.0,0.0,0.0,0.0,-107615304.0,0.0,0.0,0.0,0.0,53,152018454839296.0,126840553472.0,0.0,0.0,0.0,0.0,0.0,0.0,0.0,0,0,0,0.0,0.0,0.0,0.0,0.0,0.0,0.0,0.0,0.0,0.0,0.0,0.0,0.0,0.0,0.0,0.0,0,-107875648.0,53,0.0,106,-107614832.0,2.7006707062415038e+23,ERR,ERR,ERR,ERR,ERR,ERR,ERR,ERR,ERR,ERR,ERR,ERR,ERR,ERR,ERR,ERR,ERR,ERR,ERR,ERR,ERR,ERR,ERR,ERR,ERR,ERR,ERR,ERR,ERR,ERR,ERR,ERR,ERR,ERR,ERR,ERR,ERR,ERR,ERR,ERR,ERR,ERR,ERR,ERR,ERR,ERR,ERR,ERR,ERR,ERR,ERR,ERR,ERR,ERR,ERR,ERR,ERR,ERR,ERR,ERR,ERR,ERR,ERR,ERR,ERR,ERR,ERR,50.0,60.0,100,0.0,0.0,0.0,0.0,0.0,0.0,0.0,0.0,0.0,0.0,0.0,0.0,0.0,0.0,0.0,0.0,61.6,78,11,65507,50,65476,0,300,0,0,8,20529,65476,0,0,26214,60.0,0.0,0.0,0.0,0.0,0.0
2026-05-17T16:39:09,ERR,ERR,ERR,ERR,ERR,ERR,ERR,ERR,ERR,ERR,ERR,ERR,ERR,ERR,ERR,ERR,ERR,ERR,ERR,ERR,ERR,ERR,ERR,ERR,ERR,ERR,ERR,ERR,ERR,ERR,ERR,ERR,ERR,ERR,ERR,ERR,ERR,ERR,ERR,ERR,ERR,ERR,ERR,ERR,ERR,ERR,ERR,ERR,ERR,ERR,ERR,ERR,ERR,ERR,ERR,ERR,ERR,ERR,ERR,ERR,ERR,ERR,ERR,ERR,ERR,ERR,ERR,ERR,ERR,ERR,ERR,ERR,ERR,ERR,ERR,ERR,ERR,ERR,ERR,ERR,ERR,ERR,ERR,ERR,ERR,ERR,ERR,ERR,ERR,ERR,ERR,ERR,ERR,ERR,ERR,ERR,ERR,ERR,ERR,ERR,ERR,ERR,ERR,ERR,ERR,ERR,ERR,ERR,ERR,ERR,ERR,ERR,ERR,ERR,ERR,ERR,ERR,ERR,ERR,ERR,ERR,ERR,ERR,ERR,ERR,0.0,0.0,-134474944.0,0.0,0.0,1.3936040501711995e+18,7.805,0.0,0,0,4,0,8422,0.0,45,0.0,0.0,0.0,0.0,0.0,0,0,0,0,0.0,0,0,0,0,0,0,0,0,0,0,0,0,0,0,0,0,0,0,0,0,0,0,0,0,0,0,0,0,0,0,0,0,0,38,14,7,45,65476,0,300,0,0,8,21553,0.0,-107605600.0,0.0,0.0,0.0,0.0,0.0,0.0,0.0,0.0,0.0,0.0,0.0,0.0,-2.596148429267414e+33,0.0,0.0,0.0,0.0,0.0,0.0,0.0,0.0,0.0,-2.004,2.004,0.0,0.0,0.0,0.0,5045.0,0.0,0.0,0.0,0.0,0.0,-107615304.0,0.0,0.0,0.0,0.0,53,-0.0,126840553472.0,0.0,0.0,0.0,0.0,0.0,0.0,0.0,0,0,0,0.0,0.0,0.0,0.0,0.0,0.0,0.0,0.0,0.0,0.0,0.0,0.0,0.0,0.0,0.0,0.0,0,-107875648.0,53,0.0,106,-107614832.0,2.7006707062415038e+23,ERR,ERR,ERR,ERR,ERR,ERR,ERR,ERR,ERR,ERR,ERR,ERR,ERR,ERR,ERR,ERR,ERR,ERR,ERR,ERR,ERR,ERR,ERR,ERR,ERR,ERR,ERR,ERR,ERR,ERR,ERR,ERR,ERR,ERR,ERR,ERR,ERR,ERR,ERR,ERR,ERR,ERR,ERR,ERR,ERR,ERR,ERR,ERR,ERR,ERR,ERR,ERR,ERR,ERR,ERR,ERR,ERR,ERR,ERR,ERR,ERR,ERR,ERR,ERR,ERR,ERR,ERR,50.0,60.0,100,0.0,0.0,0.0,0.0,0.0,0.0,0.0,0.0,0.0,0.0,0.0,0.0,0.0,0.0,0.0,0.0,61.6,78,11,65507,50,65476,0,300,0,0,8,20529,65476,0,0,26214,60.0,0.0,0.0,0.0,0.0,0.0
2026-05-17T16:39:10,ERR,ERR,ERR,ERR,ERR,ERR,ERR,ERR,ERR,ERR,ERR,ERR,ERR,ERR,ERR,ERR,ERR,ERR,ERR,ERR,ERR,ERR,ERR,ERR,ERR,ERR,ERR,ERR,ERR,ERR,ERR,ERR,ERR,ERR,ERR,ERR,ERR,ERR,ERR,ERR,ERR,ERR,ERR,ERR,ERR,ERR,ERR,ERR,ERR,ERR,ERR,ERR,ERR,ERR,ERR,ERR,ERR,ERR,ERR,ERR,ERR,ERR,ERR,ERR,ERR,ERR,ERR,ERR,ERR,ERR,ERR,ERR,ERR,ERR,ERR,ERR,ERR,ERR,ERR,ERR,ERR,ERR,ERR,ERR,ERR,ERR,ERR,ERR,ERR,ERR,ERR,ERR,ERR,ERR,ERR,ERR,ERR,ERR,ERR,ERR,ERR,ERR,ERR,ERR,ERR,ERR,ERR,ERR,ERR,ERR,ERR,ERR,ERR,ERR,ERR,ERR,ERR,ERR,ERR,ERR,ERR,ERR,ERR,ERR,ERR,0.0,0.0,-134474944.0,0.0,0.0,1.3936040501711995e+18,7.805,0.0,0,0,4,0,8422,0.0,45,0.0,0.0,0.0,0.0,0.0,0,0,0,0,0.0,0,0,0,0,0,0,0,0,0,0,0,0,0,0,0,0,0,0,0,0,0,0,0,0,0,0,0,0,0,0,0,0,0,38,14,7,45,65476,0,300,0,0,8,21553,0.0,-107605600.0,0.0,0.0,0.0,0.0,0.0,0.0,0.0,0.0,0.0,0.0,0.0,0.0,-2.596148429267414e+33,0.0,0.0,0.0,0.0,0.0,0.0,0.0,0.0,0.0,-2.004,2.004,0.0,0.0,0.0,0.0,5045.0,0.0,0.0,0.0,0.0,0.0,-107615304.0,0.0,0.0,0.0,0.0,53,-0.0,126840553472.0,0.0,0.0,0.0,0.0,0.0,0.0,0.0,0,0,0,0.0,0.0,0.0,0.0,0.0,0.0,0.0,0.0,0.0,0.0,0.0,0.0,0.0,0.0,0.0,0.0,0,-107875648.0,53,0.0,106,-107614832.0,2.7006707062415038e+23,ERR,ERR,ERR,ERR,ERR,ERR,ERR,ERR,ERR,ERR,ERR,ERR,ERR,ERR,ERR,ERR,ERR,ERR,ERR,ERR,ERR,ERR,ERR,ERR,ERR,ERR,ERR,ERR,ERR,ERR,ERR,ERR,ERR,ERR,ERR,ERR,ERR,ERR,ERR,ERR,ERR,ERR,ERR,ERR,ERR,ERR,ERR,ERR,ERR,ERR,ERR,ERR,ERR,ERR,ERR,ERR,ERR,ERR,ERR,ERR,ERR,ERR,ERR,ERR,ERR,ERR,ERR,50.0,60.0,100,0.0,0.0,0.0,0.0,0.0,0.0,0.0,0.0,0.0,0.0,0.0,0.0,0.0,0.0,0.0,0.0,61.6,78,11,65507,50,65476,0,300,0,0,8,20529,65476,0,0,26214,60.0,0.0,0.0,0.0,0.0,0.0
2026-05-17T16:39:11,ERR,ERR,ERR,ERR,ERR,ERR,ERR,ERR,ERR,ERR,ERR,ERR,ERR,ERR,ERR,ERR,ERR,ERR,ERR,ERR,ERR,ERR,ERR,ERR,ERR,ERR,ERR,ERR,ERR,ERR,ERR,ERR,ERR,ERR,ERR,ERR,ERR,ERR,ERR,ERR,ERR,ERR,ERR,ERR,ERR,ERR,ERR,ERR,ERR,ERR,ERR,ERR,ERR,ERR,ERR,ERR,ERR,ERR,ERR,ERR,ERR,ERR,ERR,ERR,ERR,ERR,ERR,ERR,ERR,ERR,ERR,ERR,ERR,ERR,ERR,ERR,ERR,ERR,ERR,ERR,ERR,ERR,ERR,ERR,ERR,ERR,ERR,ERR,ERR,ERR,ERR,ERR,ERR,ERR,ERR,ERR,ERR,ERR,ERR,ERR,ERR,ERR,ERR,ERR,ERR,ERR,ERR,ERR,ERR,ERR,ERR,ERR,ERR,ERR,ERR,ERR,ERR,ERR,ERR,ERR,ERR,ERR,ERR,ERR,ERR,0.0,0.0,-134474944.0,0.0,0.0,1.3936040501711995e+18,7.805,0.0,0,0,4,0,8422,0.0,45,0.0,0.0,0.0,0.0,0.0,0,0,0,0,0.0,0,0,0,0,0,0,0,0,0,0,0,0,0,0,0,0,0,0,0,0,0,0,0,0,0,0,0,0,0,0,0,0,0,38,14,7,45,65476,0,300,0,0,8,21553,0.0,-107605600.0,0.0,0.0,0.0,0.0,0.0,0.0,0.0,0.0,0.0,0.0,0.0,0.0,-2.596148429267414e+33,0.0,0.0,0.0,0.0,0.0,0.0,0.0,0.0,0.0,-2.004,2.004,0.0,0.0,0.0,0.0,5045.0,0.0,0.0,0.0,0.0,0.0,-107615304.0,0.0,0.0,0.0,0.0,53,-0.0,126840553472.0,0.0,0.0,0.0,0.0,0.0,0.0,0.0,0,0,0,0.0,0.0,0.0,0.0,0.0,0.0,0.0,0.0,0.0,0.0,0.0,0.0,0.0,0.0,0.0,0.0,0,-107875648.0,53,0.0,106,-107614832.0,2.7006707062415038e+23,ERR,ERR,ERR,ERR,ERR,ERR,ERR,ERR,ERR,ERR,ERR,ERR,ERR,ERR,ERR,ERR,ERR,ERR,ERR,ERR,ERR,ERR,ERR,ERR,ERR,ERR,ERR,ERR,ERR,ERR,ERR,ERR,ERR,ERR,ERR,ERR,ERR,ERR,ERR,ERR,ERR,ERR,ERR,ERR,ERR,ERR,ERR,ERR,ERR,ERR,ERR,ERR,ERR,ERR,ERR,ERR,ERR,ERR,ERR,ERR,ERR,ERR,ERR,ERR,ERR,ERR,ERR,50.0,60.0,100,0.0,0.0,0.0,0.0,0.0,0.0,0.0,0.0,0.0,0.0,0.0,0.0,0.0,0.0,0.0,0.0,61.6,78,11,65507,50,65476,0,300,0,0,8,20529,65476,0,0,26214,60.0,0.0,0.0,0.0,0.0,0.0
2026-05-17T16:39:12,ERR,ERR,ERR,ERR,ERR,ERR,ERR,ERR,ERR,ERR,ERR,ERR,ERR,ERR,ERR,ERR,ERR,ERR,ERR,ERR,ERR,ERR,ERR,ERR,ERR,ERR,ERR,ERR,ERR,ERR,ERR,ERR,ERR,ERR,ERR,ERR,ERR,ERR,ERR,ERR,ERR,ERR,ERR,ERR,ERR,ERR,ERR,ERR,ERR,ERR,ERR,ERR,ERR,ERR,ERR,ERR,ERR,ERR,ERR,ERR,ERR,ERR,ERR,ERR,ERR,ERR,ERR,ERR,ERR,ERR,ERR,ERR,ERR,ERR,ERR,ERR,ERR,ERR,ERR,ERR,ERR,ERR,ERR,ERR,ERR,ERR,ERR,ERR,ERR,ERR,ERR,ERR,ERR,ERR,ERR,ERR,ERR,ERR,ERR,ERR,ERR,ERR,ERR,ERR,ERR,ERR,ERR,ERR,ERR,ERR,ERR,ERR,ERR,ERR,ERR,ERR,ERR,ERR,ERR,ERR,ERR,ERR,ERR,ERR,ERR,0.0,0.0,-134474944.0,0.0,0.0,1.3936040501711995e+18,7.805,0.0,0,0,4,0,8422,0.0,45,0.0,0.0,0.0,0.0,0.0,0,0,0,0,0.0,0,0,0,0,0,0,0,0,0,0,0,0,0,0,0,0,0,0,0,0,0,0,0,0,0,0,0,0,0,0,0,0,0,38,14,7,45,65476,0,300,0,0,8,21553,0.0,-107605600.0,0.0,0.0,0.0,0.0,0.0,0.0,0.0,0.0,0.0,0.0,0.0,0.0,-2.596148429267414e+33,0.0,0.0,0.0,0.0,0.0,0.0,0.0,0.0,0.0,-2.004,2.004,0.0,0.0,0.0,0.0,5045.0,0.0,0.0,0.0,0.0,0.0,-107615304.0,0.0,0.0,0.0,0.0,53,-0.0,126840553472.0,0.0,0.0,0.0,0.0,0.0,0.0,0.0,0,0,0,0.0,0.0,0.0,0.0,0.0,0.0,0.0,0.0,0.0,0.0,0.0,0.0,0.0,0.0,0.0,0.0,0,-107875648.0,53,0.0,106,-107614832.0,2.7006707062415038e+23,ERR,ERR,ERR,ERR,ERR,ERR,ERR,ERR,ERR,ERR,ERR,ERR,ERR,ERR,ERR,ERR,ERR,ERR,ERR,ERR,ERR,ERR,ERR,ERR,ERR,ERR,ERR,ERR,ERR,ERR,ERR,ERR,ERR,ERR,ERR,ERR,ERR,ERR,ERR,ERR,ERR,ERR,ERR,ERR,ERR,ERR,ERR,ERR,ERR,ERR,ERR,ERR,ERR,ERR,ERR,ERR,ERR,ERR,ERR,ERR,ERR,ERR,ERR,ERR,ERR,ERR,ERR,50.0,60.0,100,0.0,0.0,0.0,0.0,0.0,0.0,0.0,0.0,0.0,0.0,0.0,0.0,0.0,0.0,0.0,0.0,61.6,78,11,65507,50,65476,0,300,0,0,8,20529,65476,0,0,26214,60.0,0.0,0.0,0.0,0.0,0.0
2026-05-17T16:39:13,ERR,ERR,ERR,ERR,ERR,ERR,ERR,ERR,ERR,ERR,ERR,ERR,ERR,ERR,ERR,ERR,ERR,ERR,ERR,ERR,ERR,ERR,ERR,ERR,ERR,ERR,ERR,ERR,ERR,ERR,ERR,ERR,ERR,ERR,ERR,ERR,ERR,ERR,ERR,ERR,ERR,ERR,ERR,ERR,ERR,ERR,ERR,ERR,ERR,ERR,ERR,ERR,ERR,ERR,ERR,ERR,ERR,ERR,ERR,ERR,ERR,ERR,ERR,ERR,ERR,ERR,ERR,ERR,ERR,ERR,ERR,ERR,ERR,ERR,ERR,ERR,ERR,ERR,ERR,ERR,ERR,ERR,ERR,ERR,ERR,ERR,ERR,ERR,ERR,ERR,ERR,ERR,ERR,ERR,ERR,ERR,ERR,ERR,ERR,ERR,ERR,ERR,ERR,ERR,ERR,ERR,ERR,ERR,ERR,ERR,ERR,ERR,ERR,ERR,ERR,ERR,ERR,ERR,ERR,ERR,ERR,ERR,ERR,ERR,ERR,0.0,0.0,-134474944.0,0.0,0.0,1.3936040501711995e+18,7.805,0.0,0,0,4,0,8422,0.0,45,0.0,0.0,0.0,0.0,0.0,0,0,0,0,0.0,0,0,0,0,0,0,0,0,0,0,0,0,0,0,0,0,0,0,0,0,0,0,0,0,0,0,0,0,0,0,0,0,0,38,14,7,45,65476,0,300,0,0,8,21553,0.0,-107605600.0,0.0,0.0,0.0,0.0,0.0,0.0,0.0,0.0,0.0,0.0,0.0,0.0,-2.596148429267414e+33,0.0,0.0,0.0,0.0,0.0,0.0,0.0,0.0,0.0,-2.004,2.004,0.0,0.0,0.0,0.0,5045.0,0.0,0.0,0.0,0.0,0.0,-107615304.0,0.0,0.0,0.0,0.0,53,-0.0,126840553472.0,0.0,0.0,0.0,0.0,0.0,0.0,0.0,0,0,0,0.0,0.0,0.0,0.0,0.0,0.0,0.0,0.0,0.0,0.0,0.0,0.0,0.0,0.0,0.0,0.0,0,-107875648.0,53,0.0,106,-107614832.0,2.7006707062415038e+23,ERR,ERR,ERR,ERR,ERR,ERR,ERR,ERR,ERR,ERR,ERR,ERR,ERR,ERR,ERR,ERR,ERR,ERR,ERR,ERR,ERR,ERR,ERR,ERR,ERR,ERR,ERR,ERR,ERR,ERR,ERR,ERR,ERR,ERR,ERR,ERR,ERR,ERR,ERR,ERR,ERR,ERR,ERR,ERR,ERR,ERR,ERR,ERR,ERR,ERR,ERR,ERR,ERR,ERR,ERR,ERR,ERR,ERR,ERR,ERR,ERR,ERR,ERR,ERR,ERR,ERR,ERR,50.0,60.0,100,0.0,0.0,0.0,0.0,0.0,0.0,0.0,0.0,0.0,0.0,0.0,0.0,0.0,0.0,0.0,0.0,61.6,78,11,65507,50,65476,0,300,0,0,8,20529,65476,0,0,26214,60.0,0.0,0.0,0.0,0.0,0.0
2026-05-17T16:39:14,ERR,ERR,ERR,ERR,ERR,ERR,ERR,ERR,ERR,ERR,ERR,ERR,ERR,ERR,ERR,ERR,ERR,ERR,ERR,ERR,ERR,ERR,ERR,ERR,ERR,ERR,ERR,ERR,ERR,ERR,ERR,ERR,ERR,ERR,ERR,ERR,ERR,ERR,ERR,ERR,ERR,ERR,ERR,ERR,ERR,ERR,ERR,ERR,ERR,ERR,ERR,ERR,ERR,ERR,ERR,ERR,ERR,ERR,ERR,ERR,ERR,ERR,ERR,ERR,ERR,ERR,ERR,ERR,ERR,ERR,ERR,ERR,ERR,ERR,ERR,ERR,ERR,ERR,ERR,ERR,ERR,ERR,ERR,ERR,ERR,ERR,ERR,ERR,ERR,ERR,ERR,ERR,ERR,ERR,ERR,ERR,ERR,ERR,ERR,ERR,ERR,ERR,ERR,ERR,ERR,ERR,ERR,ERR,ERR,ERR,ERR,ERR,ERR,ERR,ERR,ERR,ERR,ERR,ERR,ERR,ERR,ERR,ERR,ERR,ERR,0.0,0.0,-134474944.0,0.0,0.0,1.3936040501711995e+18,7.805,0.0,0,0,4,0,8422,0.0,45,0.0,0.0,0.0,0.0,0.0,0,0,0,0,0.0,0,0,0,0,0,0,0,0,0,0,0,0,0,0,0,0,0,0,0,0,0,0,0,0,0,0,0,0,0,0,0,0,0,38,14,7,45,65476,0,300,0,0,8,21553,0.0,-107605600.0,0.0,0.0,0.0,0.0,0.0,0.0,0.0,0.0,0.0,0.0,0.0,0.0,0.0,0.0,0.0,0.0,0.0,0.0,0.0,0.0,0.0,0.0,-2.004,2.004,0.0,0.0,0.0,0.0,5071.0,-1.5879295420089355e+29,0.0,0.0,0.0,0.0,-107615304.0,0.0,0.0,0.0,0.0,53,152018454839296.0,0.0,0.0,0.0,0.0,0.0,0.0,0.0,0.0,0,0,0,0.0,0.0,0.0,0.0,0.0,0.0,0.0,0.0,0.0,0.0,0.0,0.0,0.0,0.0,0.0,0.0,0,-107875648.0,53,0.0,106,-107614832.0,2.7006707062415038e+23,ERR,ERR,ERR,ERR,ERR,ERR,ERR,ERR,ERR,ERR,ERR,ERR,ERR,ERR,ERR,ERR,ERR,ERR,ERR,ERR,ERR,ERR,ERR,ERR,ERR,ERR,ERR,ERR,ERR,ERR,ERR,ERR,ERR,ERR,ERR,ERR,ERR,ERR,ERR,ERR,ERR,ERR,ERR,ERR,ERR,ERR,ERR,ERR,ERR,ERR,ERR,ERR,ERR,ERR,ERR,ERR,ERR,ERR,ERR,ERR,ERR,ERR,ERR,ERR,ERR,ERR,ERR,50.0,60.0,100,0.0,0.0,0.0,0.0,0.0,0.0,0.0,0.0,0.0,0.0,0.0,0.0,0.0,0.0,0.0,0.0,61.6,78,11,65507,50,65476,0,300,0,0,8,20529,65476,0,0,26214,60.0,0.0,0.0,0.0,0.0,0.0
2026-05-17T16:39:15,ERR,ERR,ERR,ERR,ERR,ERR,ERR,ERR,ERR,ERR,ERR,ERR,ERR,ERR,ERR,ERR,ERR,ERR,ERR,ERR,ERR,ERR,ERR,ERR,ERR,ERR,ERR,ERR,ERR,ERR,ERR,ERR,ERR,ERR,ERR,ERR,ERR,ERR,ERR,ERR,ERR,ERR,ERR,ERR,ERR,ERR,ERR,ERR,ERR,ERR,ERR,ERR,ERR,ERR,ERR,ERR,ERR,ERR,ERR,ERR,ERR,ERR,ERR,ERR,ERR,ERR,ERR,ERR,ERR,ERR,ERR,ERR,ERR,ERR,ERR,ERR,ERR,ERR,ERR,ERR,ERR,ERR,ERR,ERR,ERR,ERR,ERR,ERR,ERR,ERR,ERR,ERR,ERR,ERR,ERR,ERR,ERR,ERR,ERR,ERR,ERR,ERR,ERR,ERR,ERR,ERR,ERR,ERR,ERR,ERR,ERR,ERR,ERR,ERR,ERR,ERR,ERR,ERR,ERR,ERR,ERR,ERR,ERR,ERR,ERR,0.0,0.0,-134474944.0,0.0,0.0,1.3936040501711995e+18,7.805,0.0,0,0,4,0,8422,0.0,45,0.0,0.0,0.0,0.0,0.0,0,0,0,0,0.0,0,0,0,0,0,0,0,0,0,0,0,0,0,0,0,0,0,0,0,0,0,0,0,0,0,0,0,0,0,0,0,0,0,38,14,7,45,65476,0,300,0,0,8,21553,0.0,-107605600.0,0.0,0.0,0.0,0.0,0.0,0.0,0.0,0.0,0.0,0.0,0.0,0.0,0.0,0.0,0.0,0.0,0.0,0.0,0.0,0.0,0.0,0.0,-2.004,2.004,0.0,0.0,0.0,0.0,5071.0,-1.5879295420089355e+29,0.0,0.0,0.0,0.0,-107615304.0,0.0,0.0,0.0,0.0,53,152018454839296.0,0.0,0.0,0.0,0.0,0.0,0.0,0.0,0.0,0,0,0,0.0,0.0,0.0,0.0,0.0,0.0,0.0,0.0,0.0,0.0,0.0,0.0,0.0,0.0,0.0,0.0,0,-107875648.0,53,0.0,106,-107614832.0,2.7006707062415038e+23,ERR,ERR,ERR,ERR,ERR,ERR,ERR,ERR,ERR,ERR,ERR,ERR,ERR,ERR,ERR,ERR,ERR,ERR,ERR,ERR,ERR,ERR,ERR,ERR,ERR,ERR,ERR,ERR,ERR,ERR,ERR,ERR,ERR,ERR,ERR,ERR,ERR,ERR,ERR,ERR,ERR,ERR,ERR,ERR,ERR,ERR,ERR,ERR,ERR,ERR,ERR,ERR,ERR,ERR,ERR,ERR,ERR,ERR,ERR,ERR,ERR,ERR,ERR,ERR,ERR,ERR,ERR,50.0,60.0,100,0.0,0.0,0.0,0.0,0.0,0.0,0.0,0.0,0.0,0.0,0.0,0.0,0.0,0.0,0.0,0.0,61.6,78,11,65507,50,65476,0,300,0,0,8,20529,65476,0,0,26214,60.0,0.0,0.0,0.0,0.0,0.0
2026-05-17T16:39:16,ERR,ERR,ERR,ERR,ERR,ERR,ERR,ERR,ERR,ERR,ERR,ERR,ERR,ERR,ERR,ERR,ERR,ERR,ERR,ERR,ERR,ERR,ERR,ERR,ERR,ERR,ERR,ERR,ERR,ERR,ERR,ERR,ERR,ERR,ERR,ERR,ERR,ERR,ERR,ERR,ERR,ERR,ERR,ERR,ERR,ERR,ERR,ERR,ERR,ERR,ERR,ERR,ERR,ERR,ERR,ERR,ERR,ERR,ERR,ERR,ERR,ERR,ERR,ERR,ERR,ERR,ERR,ERR,ERR,ERR,ERR,ERR,ERR,ERR,ERR,ERR,ERR,ERR,ERR,ERR,ERR,ERR,ERR,ERR,ERR,ERR,ERR,ERR,ERR,ERR,ERR,ERR,ERR,ERR,ERR,ERR,ERR,ERR,ERR,ERR,ERR,ERR,ERR,ERR,ERR,ERR,ERR,ERR,ERR,ERR,ERR,ERR,ERR,ERR,ERR,ERR,ERR,ERR,ERR,ERR,ERR,ERR,ERR,ERR,ERR,0.0,0.0,-134474944.0,0.0,0.0,1.3936040501711995e+18,7.805,0.0,0,0,4,0,8422,0.0,45,0.0,0.0,0.0,0.0,0.0,0,0,0,0,0.0,0,0,0,0,0,0,0,0,0,0,0,0,0,0,0,0,0,0,0,0,0,0,0,0,0,0,0,0,0,0,0,0,0,38,14,7,45,65476,0,300,0,0,8,21553,0.0,-107605600.0,0.0,0.0,0.0,0.0,0.0,0.0,0.0,0.0,0.0,0.0,0.0,0.0,0.0,0.0,0.0,0.0,0.0,0.0,0.0,0.0,0.0,0.0,-2.004,2.004,0.0,0.0,0.0,0.0,5071.0,-1.5879295420089355e+29,0.0,0.0,0.0,0.0,-107615304.0,0.0,0.0,0.0,0.0,53,152018454839296.0,0.0,0.0,0.0,0.0,0.0,0.0,0.0,0.0,0,0,0,0.0,0.0,0.0,0.0,0.0,0.0,0.0,0.0,0.0,0.0,0.0,0.0,0.0,0.0,0.0,0.0,0,-107875648.0,53,0.0,106,-107614832.0,2.7006707062415038e+23,ERR,ERR,ERR,ERR,ERR,ERR,ERR,ERR,ERR,ERR,ERR,ERR,ERR,ERR,ERR,ERR,ERR,ERR,ERR,ERR,ERR,ERR,ERR,ERR,ERR,ERR,ERR,ERR,ERR,ERR,ERR,ERR,ERR,ERR,ERR,ERR,ERR,ERR,ERR,ERR,ERR,ERR,ERR,ERR,ERR,ERR,ERR,ERR,ERR,ERR,ERR,ERR,ERR,ERR,ERR,ERR,ERR,ERR,ERR,ERR,ERR,ERR,ERR,ERR,ERR,ERR,ERR,50.0,60.0,100,0.0,0.0,0.0,0.0,0.0,0.0,0.0,0.0,0.0,0.0,0.0,0.0,0.0,0.0,0.0,0.0,61.6,78,11,65507,50,65476,0,300,0,0,8,20529,65476,0,0,26214,60.0,0.0,0.0,0.0,0.0,0.0
2026-05-17T16:39:17,ERR,ERR,ERR,ERR,ERR,ERR,ERR,ERR,ERR,ERR,ERR,ERR,ERR,ERR,ERR,ERR,ERR,ERR,ERR,ERR,ERR,ERR,ERR,ERR,ERR,ERR,ERR,ERR,ERR,ERR,ERR,ERR,ERR,ERR,ERR,ERR,ERR,ERR,ERR,ERR,ERR,ERR,ERR,ERR,ERR,ERR,ERR,ERR,ERR,ERR,ERR,ERR,ERR,ERR,ERR,ERR,ERR,ERR,ERR,ERR,ERR,ERR,ERR,ERR,ERR,ERR,ERR,ERR,ERR,ERR,ERR,ERR,ERR,ERR,ERR,ERR,ERR,ERR,ERR,ERR,ERR,ERR,ERR,ERR,ERR,ERR,ERR,ERR,ERR,ERR,ERR,ERR,ERR,ERR,ERR,ERR,ERR,ERR,ERR,ERR,ERR,ERR,ERR,ERR,ERR,ERR,ERR,ERR,ERR,ERR,ERR,ERR,ERR,ERR,ERR,ERR,ERR,ERR,ERR,ERR,ERR,ERR,ERR,ERR,ERR,0.0,0.0,-134474944.0,0.0,0.0,1.3936040501711995e+18,7.805,0.0,0,0,4,0,8422,0.0,45,0.0,0.0,0.0,0.0,0.0,0,0,0,0,0.0,0,0,0,0,0,0,0,0,0,0,0,0,0,0,0,0,0,0,0,0,0,0,0,0,0,0,0,0,0,0,0,0,0,38,14,7,45,65476,0,300,0,0,8,21553,0.0,-107605600.0,0.0,0.0,0.0,0.0,0.0,0.0,0.0,0.0,0.0,0.0,0.0,0.0,0.0,0.0,0.0,0.0,0.0,0.0,0.0,0.0,0.0,0.0,-2.004,2.004,0.0,0.0,0.0,0.0,5071.0,-1.5879295420089355e+29,0.0,0.0,0.0,0.0,-107615304.0,0.0,0.0,0.0,0.0,53,152018454839296.0,0.0,0.0,0.0,0.0,0.0,0.0,0.0,0.0,0,0,0,0.0,0.0,0.0,0.0,0.0,0.0,0.0,0.0,0.0,0.0,0.0,0.0,0.0,0.0,0.0,0.0,0,-107875648.0,53,0.0,106,-107614832.0,2.7006707062415038e+23,ERR,ERR,ERR,ERR,ERR,ERR,ERR,ERR,ERR,ERR,ERR,ERR,ERR,ERR,ERR,ERR,ERR,ERR,ERR,ERR,ERR,ERR,ERR,ERR,ERR,ERR,ERR,ERR,ERR,ERR,ERR,ERR,ERR,ERR,ERR,ERR,ERR,ERR,ERR,ERR,ERR,ERR,ERR,ERR,ERR,ERR,ERR,ERR,ERR,ERR,ERR,ERR,ERR,ERR,ERR,ERR,ERR,ERR,ERR,ERR,ERR,ERR,ERR,ERR,ERR,ERR,ERR,50.0,60.0,100,0.0,0.0,0.0,0.0,0.0,0.0,0.0,0.0,0.0,0.0,0.0,0.0,0.0,0.0,0.0,0.0,61.6,78,11,65507,50,65476,0,300,0,0,8,20529,65476,0,0,26214,60.0,0.0,0.0,0.0,0.0,0.0
2026-05-17T16:39:18,ERR,ERR,ERR,ERR,ERR,ERR,ERR,ERR,ERR,ERR,ERR,ERR,ERR,ERR,ERR,ERR,ERR,ERR,ERR,ERR,ERR,ERR,ERR,ERR,ERR,ERR,ERR,ERR,ERR,ERR,ERR,ERR,ERR,ERR,ERR,ERR,ERR,ERR,ERR,ERR,ERR,ERR,ERR,ERR,ERR,ERR,ERR,ERR,ERR,ERR,ERR,ERR,ERR,ERR,ERR,ERR,ERR,ERR,ERR,ERR,ERR,ERR,ERR,ERR,ERR,ERR,ERR,ERR,ERR,ERR,ERR,ERR,ERR,ERR,ERR,ERR,ERR,ERR,ERR,ERR,ERR,ERR,ERR,ERR,ERR,ERR,ERR,ERR,ERR,ERR,ERR,ERR,ERR,ERR,ERR,ERR,ERR,ERR,ERR,ERR,ERR,ERR,ERR,ERR,ERR,ERR,ERR,ERR,ERR,ERR,ERR,ERR,ERR,ERR,ERR,ERR,ERR,ERR,ERR,ERR,ERR,ERR,ERR,ERR,ERR,0.0,0.0,-134474944.0,0.0,0.0,1.3936040501711995e+18,7.805,0.0,0,0,4,0,8422,0.0,45,0.0,0.0,0.0,0.0,0.0,0,0,0,0,0.0,0,0,0,0,0,0,0,0,0,0,0,0,0,0,0,0,0,0,0,0,0,0,0,0,0,0,0,0,0,0,0,0,0,38,14,7,45,65476,0,300,0,0,8,21553,0.0,-107605600.0,0.0,0.0,0.0,0.0,0.0,0.0,0.0,0.0,0.0,0.0,0.0,0.0,0.0,0.0,0.0,0.0,0.0,0.0,0.0,0.0,0.0,0.0,-2.004,2.004,0.0,0.0,0.0,0.0,5071.0,-1.5879295420089355e+29,0.0,0.0,0.0,0.0,-107615304.0,0.0,0.0,0.0,0.0,53,152018454839296.0,0.0,0.0,0.0,0.0,0.0,0.0,0.0,0.0,0,0,0,0.0,0.0,0.0,0.0,0.0,0.0,0.0,0.0,0.0,0.0,0.0,0.0,0.0,0.0,0.0,0.0,0,-107875648.0,53,0.0,106,-107614832.0,2.7006707062415038e+23,ERR,ERR,ERR,ERR,ERR,ERR,ERR,ERR,ERR,ERR,ERR,ERR,ERR,ERR,ERR,ERR,ERR,ERR,ERR,ERR,ERR,ERR,ERR,ERR,ERR,ERR,ERR,ERR,ERR,ERR,ERR,ERR,ERR,ERR,ERR,ERR,ERR,ERR,ERR,ERR,ERR,ERR,ERR,ERR,ERR,ERR,ERR,ERR,ERR,ERR,ERR,ERR,ERR,ERR,ERR,ERR,ERR,ERR,ERR,ERR,ERR,ERR,ERR,ERR,ERR,ERR,ERR,50.0,60.0,100,0.0,0.0,0.0,0.0,0.0,0.0,0.0,0.0,0.0,0.0,0.0,0.0,0.0,0.0,0.0,0.0,62.0,78,11,65507,50,65476,0,300,0,0,8,20529,65476,0,0,26214,60.0,0.0,0.0,0.0,0.0,0.0
2026-05-17T16:39:19,ERR,ERR,ERR,ERR,ERR,ERR,ERR,ERR,ERR,ERR,ERR,ERR,ERR,ERR,ERR,ERR,ERR,ERR,ERR,ERR,ERR,ERR,ERR,ERR,ERR,ERR,ERR,ERR,ERR,ERR,ERR,ERR,ERR,ERR,ERR,ERR,ERR,ERR,ERR,ERR,ERR,ERR,ERR,ERR,ERR,ERR,ERR,ERR,ERR,ERR,ERR,ERR,ERR,ERR,ERR,ERR,ERR,ERR,ERR,ERR,ERR,ERR,ERR,ERR,ERR,ERR,ERR,ERR,ERR,ERR,ERR,ERR,ERR,ERR,ERR,ERR,ERR,ERR,ERR,ERR,ERR,ERR,ERR,ERR,ERR,ERR,ERR,ERR,ERR,ERR,ERR,ERR,ERR,ERR,ERR,ERR,ERR,ERR,ERR,ERR,ERR,ERR,ERR,ERR,ERR,ERR,ERR,ERR,ERR,ERR,ERR,ERR,ERR,ERR,ERR,ERR,ERR,ERR,ERR,ERR,ERR,ERR,ERR,ERR,ERR,0.0,0.0,-134474944.0,0.0,0.0,1.3936040501711995e+18,7.805,0.0,0,0,4,0,8422,0.0,45,0.0,0.0,0.0,0.0,0.0,0,0,0,0,0.0,0,0,0,0,0,0,0,0,0,0,0,0,0,0,0,0,0,0,0,0,0,0,0,0,0,0,0,0,0,0,0,0,0,38,14,7,45,65476,0,300,0,0,8,21553,0.0,-107605600.0,0.0,0.0,0.0,0.0,0.0,0.0,0.0,0.0,0.0,0.0,0.0,0.0,0.0,0.0,0.0,0.0,0.0,0.0,0.0,0.0,0.0,0.0,-2.004,2.004,0.0,0.0,0.0,0.0,5068.0,0.0,0.0,0.0,0.0,0.0,-107615304.0,0.0,0.0,0.0,0.0,53,107615344.0,-0.0,0.0,0.0,0.0,0.0,0.0,0.0,0.0,0,0,0,0.0,0.0,0.0,0.0,0.0,0.0,0.0,0.0,0.0,0.0,0.0,0.0,0.0,0.0,0.0,0.0,0,-107875648.0,53,0.0,106,-107614832.0,2.7006707062415038e+23,ERR,ERR,ERR,ERR,ERR,ERR,ERR,ERR,ERR,ERR,ERR,ERR,ERR,ERR,ERR,ERR,ERR,ERR,ERR,ERR,ERR,ERR,ERR,ERR,ERR,ERR,ERR,ERR,ERR,ERR,ERR,ERR,ERR,ERR,ERR,ERR,ERR,ERR,ERR,ERR,ERR,ERR,ERR,ERR,ERR,ERR,ERR,ERR,ERR,ERR,ERR,ERR,ERR,ERR,ERR,ERR,ERR,ERR,ERR,ERR,ERR,ERR,ERR,ERR,ERR,ERR,ERR,50.0,60.0,100,0.0,0.0,0.0,0.0,0.0,0.0,0.0,0.0,0.0,0.0,0.0,0.0,0.0,0.0,0.0,0.0,61.6,78,11,65507,50,65476,0,300,0,0,8,20529,65476,0,0,26214,60.0,0.0,0.0,0.0,0.0,0.0
2026-05-17T16:39:20,ERR,ERR,ERR,ERR,ERR,ERR,ERR,ERR,ERR,ERR,ERR,ERR,ERR,ERR,ERR,ERR,ERR,ERR,ERR,ERR,ERR,ERR,ERR,ERR,ERR,ERR,ERR,ERR,ERR,ERR,ERR,ERR,ERR,ERR,ERR,ERR,ERR,ERR,ERR,ERR,ERR,ERR,ERR,ERR,ERR,ERR,ERR,ERR,ERR,ERR,ERR,ERR,ERR,ERR,ERR,ERR,ERR,ERR,ERR,ERR,ERR,ERR,ERR,ERR,ERR,ERR,ERR,ERR,ERR,ERR,ERR,ERR,ERR,ERR,ERR,ERR,ERR,ERR,ERR,ERR,ERR,ERR,ERR,ERR,ERR,ERR,ERR,ERR,ERR,ERR,ERR,ERR,ERR,ERR,ERR,ERR,ERR,ERR,ERR,ERR,ERR,ERR,ERR,ERR,ERR,ERR,ERR,ERR,ERR,ERR,ERR,ERR,ERR,ERR,ERR,ERR,ERR,ERR,ERR,ERR,ERR,ERR,ERR,ERR,ERR,0.0,0.0,-134474944.0,0.0,0.0,1.3936040501711995e+18,7.805,0.0,0,0,4,0,8422,0.0,45,0.0,0.0,0.0,0.0,0.0,0,0,0,0,0.0,0,0,0,0,0,0,0,0,0,0,0,0,0,0,0,0,0,0,0,0,0,0,0,0,0,0,0,0,0,0,0,0,0,38,14,7,45,65476,0,300,0,0,8,21553,0.0,-107605600.0,0.0,0.0,0.0,0.0,0.0,0.0,0.0,0.0,0.0,0.0,0.0,0.0,0.0,0.0,0.0,0.0,0.0,0.0,0.0,0.0,0.0,0.0,-2.004,2.004,0.0,0.0,0.0,0.0,5068.0,0.0,0.0,0.0,0.0,0.0,-107615304.0,0.0,0.0,0.0,0.0,53,107615344.0,-0.0,0.0,0.0,0.0,0.0,0.0,0.0,0.0,0,0,0,0.0,0.0,0.0,0.0,0.0,0.0,0.0,0.0,0.0,0.0,0.0,0.0,0.0,0.0,0.0,0.0,0,-107875648.0,53,0.0,106,-107614832.0,2.7006707062415038e+23,ERR,ERR,ERR,ERR,ERR,ERR,ERR,ERR,ERR,ERR,ERR,ERR,ERR,ERR,ERR,ERR,ERR,ERR,ERR,ERR,ERR,ERR,ERR,ERR,ERR,ERR,ERR,ERR,ERR,ERR,ERR,ERR,ERR,ERR,ERR,ERR,ERR,ERR,ERR,ERR,ERR,ERR,ERR,ERR,ERR,ERR,ERR,ERR,ERR,ERR,ERR,ERR,ERR,ERR,ERR,ERR,ERR,ERR,ERR,ERR,ERR,ERR,ERR,ERR,ERR,ERR,ERR,50.0,60.0,100,0.0,0.0,0.0,0.0,0.0,0.0,0.0,0.0,0.0,0.0,0.0,0.0,0.0,0.0,0.0,0.0,61.6,78,11,65507,50,65476,0,300,0,0,8,20529,65476,0,0,26214,60.0,0.0,0.0,0.0,0.0,0.0
2026-05-17T16:39:21,ERR,ERR,ERR,ERR,ERR,ERR,ERR,ERR,ERR,ERR,ERR,ERR,ERR,ERR,ERR,ERR,ERR,ERR,ERR,ERR,ERR,ERR,ERR,ERR,ERR,ERR,ERR,ERR,ERR,ERR,ERR,ERR,ERR,ERR,ERR,ERR,ERR,ERR,ERR,ERR,ERR,ERR,ERR,ERR,ERR,ERR,ERR,ERR,ERR,ERR,ERR,ERR,ERR,ERR,ERR,ERR,ERR,ERR,ERR,ERR,ERR,ERR,ERR,ERR,ERR,ERR,ERR,ERR,ERR,ERR,ERR,ERR,ERR,ERR,ERR,ERR,ERR,ERR,ERR,ERR,ERR,ERR,ERR,ERR,ERR,ERR,ERR,ERR,ERR,ERR,ERR,ERR,ERR,ERR,ERR,ERR,ERR,ERR,ERR,ERR,ERR,ERR,ERR,ERR,ERR,ERR,ERR,ERR,ERR,ERR,ERR,ERR,ERR,ERR,ERR,ERR,ERR,ERR,ERR,ERR,ERR,ERR,ERR,ERR,ERR,0.0,0.0,-134474944.0,0.0,0.0,1.3936040501711995e+18,7.805,0.0,0,0,4,0,8422,0.0,45,0.0,0.0,0.0,0.0,0.0,0,0,0,0,0.0,0,0,0,0,0,0,0,0,0,0,0,0,0,0,0,0,0,0,0,0,0,0,0,0,0,0,0,0,0,0,0,0,0,38,14,7,45,65476,0,300,0,0,8,21553,0.0,-107605600.0,0.0,0.0,0.0,0.0,0.0,0.0,0.0,0.0,0.0,0.0,0.0,0.0,0.0,0.0,0.0,0.0,0.0,0.0,0.0,0.0,0.0,0.0,-2.004,2.004,0.0,0.0,0.0,0.0,5068.0,0.0,0.0,0.0,0.0,0.0,-107615304.0,0.0,0.0,0.0,0.0,53,107615344.0,-0.0,0.0,0.0,0.0,0.0,0.0,0.0,0.0,0,0,0,0.0,0.0,0.0,0.0,0.0,0.0,0.0,0.0,0.0,0.0,0.0,0.0,0.0,0.0,0.0,0.0,0,-107875648.0,53,0.0,106,-107614832.0,2.7006707062415038e+23,ERR,ERR,ERR,ERR,ERR,ERR,ERR,ERR,ERR,ERR,ERR,ERR,ERR,ERR,ERR,ERR,ERR,ERR,ERR,ERR,ERR,ERR,ERR,ERR,ERR,ERR,ERR,ERR,ERR,ERR,ERR,ERR,ERR,ERR,ERR,ERR,ERR,ERR,ERR,ERR,ERR,ERR,ERR,ERR,ERR,ERR,ERR,ERR,ERR,ERR,ERR,ERR,ERR,ERR,ERR,ERR,ERR,ERR,ERR,ERR,ERR,ERR,ERR,ERR,ERR,ERR,ERR,50.0,60.0,100,0.0,0.0,0.0,0.0,0.0,0.0,0.0,0.0,0.0,0.0,0.0,0.0,0.0,0.0,0.0,0.0,61.6,78,11,65507,50,65476,0,300,0,0,8,20529,65476,0,0,26214,60.0,0.0,0.0,0.0,0.0,0.0
2026-05-17T16:39:22,ERR,ERR,ERR,ERR,ERR,ERR,ERR,ERR,ERR,ERR,ERR,ERR,ERR,ERR,ERR,ERR,ERR,ERR,ERR,ERR,ERR,ERR,ERR,ERR,ERR,ERR,ERR,ERR,ERR,ERR,ERR,ERR,ERR,ERR,ERR,ERR,ERR,ERR,ERR,ERR,ERR,ERR,ERR,ERR,ERR,ERR,ERR,ERR,ERR,ERR,ERR,ERR,ERR,ERR,ERR,ERR,ERR,ERR,ERR,ERR,ERR,ERR,ERR,ERR,ERR,ERR,ERR,ERR,ERR,ERR,ERR,ERR,ERR,ERR,ERR,ERR,ERR,ERR,ERR,ERR,ERR,ERR,ERR,ERR,ERR,ERR,ERR,ERR,ERR,ERR,ERR,ERR,ERR,ERR,ERR,ERR,ERR,ERR,ERR,ERR,ERR,ERR,ERR,ERR,ERR,ERR,ERR,ERR,ERR,ERR,ERR,ERR,ERR,ERR,ERR,ERR,ERR,ERR,ERR,ERR,ERR,ERR,ERR,ERR,ERR,0.0,0.0,-134474944.0,0.0,0.0,1.3936040501711995e+18,7.805,0.0,0,0,4,0,8422,0.0,45,0.0,0.0,0.0,0.0,0.0,0,0,0,0,0.0,0,0,0,0,0,0,0,0,0,0,0,0,0,0,0,0,0,0,0,0,0,0,0,0,0,0,0,0,0,0,0,0,0,38,14,7,45,65476,0,300,0,0,8,21553,0.0,-107605600.0,0.0,0.0,0.0,0.0,0.0,0.0,0.0,0.0,0.0,0.0,0.0,0.0,0.0,0.0,0.0,0.0,0.0,0.0,0.0,0.0,0.0,0.0,-2.004,2.004,0.0,0.0,0.0,0.0,5068.0,0.0,0.0,0.0,0.0,0.0,-107615304.0,0.0,0.0,0.0,0.0,53,107615344.0,-0.0,0.0,0.0,0.0,0.0,0.0,0.0,0.0,0,0,0,0.0,0.0,0.0,0.0,0.0,0.0,0.0,0.0,0.0,0.0,0.0,0.0,0.0,0.0,0.0,0.0,0,-107875648.0,53,0.0,106,-107614832.0,2.7006707062415038e+23,ERR,ERR,ERR,ERR,ERR,ERR,ERR,ERR,ERR,ERR,ERR,ERR,ERR,ERR,ERR,ERR,ERR,ERR,ERR,ERR,ERR,ERR,ERR,ERR,ERR,ERR,ERR,ERR,ERR,ERR,ERR,ERR,ERR,ERR,ERR,ERR,ERR,ERR,ERR,ERR,ERR,ERR,ERR,ERR,ERR,ERR,ERR,ERR,ERR,ERR,ERR,ERR,ERR,ERR,ERR,ERR,ERR,ERR,ERR,ERR,ERR,ERR,ERR,ERR,ERR,ERR,ERR,50.0,60.0,100,0.0,0.0,0.0,0.0,0.0,0.0,0.0,0.0,0.0,0.0,0.0,0.0,0.0,0.0,0.0,0.0,61.6,78,11,65507,50,65476,0,300,0,0,8,20529,65476,0,0,26214,60.0,0.0,0.0,0.0,0.0,0.0
2026-05-17T16:39:23,ERR,ERR,ERR,ERR,ERR,ERR,ERR,ERR,ERR,ERR,ERR,ERR,ERR,ERR,ERR,ERR,ERR,ERR,ERR,ERR,ERR,ERR,ERR,ERR,ERR,ERR,ERR,ERR,ERR,ERR,ERR,ERR,ERR,ERR,ERR,ERR,ERR,ERR,ERR,ERR,ERR,ERR,ERR,ERR,ERR,ERR,ERR,ERR,ERR,ERR,ERR,ERR,ERR,ERR,ERR,ERR,ERR,ERR,ERR,ERR,ERR,ERR,ERR,ERR,ERR,ERR,ERR,ERR,ERR,ERR,ERR,ERR,ERR,ERR,ERR,ERR,ERR,ERR,ERR,ERR,ERR,ERR,ERR,ERR,ERR,ERR,ERR,ERR,ERR,ERR,ERR,ERR,ERR,ERR,ERR,ERR,ERR,ERR,ERR,ERR,ERR,ERR,ERR,ERR,ERR,ERR,ERR,ERR,ERR,ERR,ERR,ERR,ERR,ERR,ERR,ERR,ERR,ERR,ERR,ERR,ERR,ERR,ERR,ERR,ERR,0.0,0.0,-134474944.0,0.0,0.0,1.3936040501711995e+18,7.805,0.0,0,0,4,0,8422,0.0,45,0.0,0.0,0.0,0.0,0.0,0,0,0,0,0.0,0,0,0,0,0,0,0,0,0,0,0,0,0,0,0,0,0,0,0,0,0,0,0,0,0,0,0,0,0,0,0,0,0,38,14,7,45,65476,0,300,0,0,8,21553,0.0,-107605600.0,0.0,0.0,0.0,0.0,0.0,0.0,0.0,0.0,0.0,0.0,0.0,0.0,0.0,0.0,0.0,0.0,0.0,0.0,0.0,0.0,0.0,0.0,-2.004,2.004,0.0,0.0,0.0,0.0,5068.0,0.0,0.0,0.0,0.0,0.0,-107615304.0,0.0,0.0,0.0,0.0,53,107615344.0,-0.0,0.0,0.0,0.0,0.0,0.0,0.0,0.0,0,0,0,0.0,0.0,0.0,0.0,0.0,0.0,0.0,0.0,0.0,0.0,0.0,0.0,0.0,0.0,0.0,0.0,0,-107875648.0,53,0.0,106,-107614832.0,2.7006707062415038e+23,ERR,ERR,ERR,ERR,ERR,ERR,ERR,ERR,ERR,ERR,ERR,ERR,ERR,ERR,ERR,ERR,ERR,ERR,ERR,ERR,ERR,ERR,ERR,ERR,ERR,ERR,ERR,ERR,ERR,ERR,ERR,ERR,ERR,ERR,ERR,ERR,ERR,ERR,ERR,ERR,ERR,ERR,ERR,ERR,ERR,ERR,ERR,ERR,ERR,ERR,ERR,ERR,ERR,ERR,ERR,ERR,ERR,ERR,ERR,ERR,ERR,ERR,ERR,ERR,ERR,ERR,ERR,50.0,60.0,100,0.0,0.0,0.0,0.0,0.0,0.0,0.0,0.0,0.0,0.0,0.0,0.0,0.0,0.0,0.0,0.0,62.0,78,11,65507,50,65476,0,300,0,0,8,20529,65476,0,0,26214,60.0,0.0,0.0,0.0,0.0,0.0
2026-05-17T16:39:24,ERR,ERR,ERR,ERR,ERR,ERR,ERR,ERR,ERR,ERR,ERR,ERR,ERR,ERR,ERR,ERR,ERR,ERR,ERR,ERR,ERR,ERR,ERR,ERR,ERR,ERR,ERR,ERR,ERR,ERR,ERR,ERR,ERR,ERR,ERR,ERR,ERR,ERR,ERR,ERR,ERR,ERR,ERR,ERR,ERR,ERR,ERR,ERR,ERR,ERR,ERR,ERR,ERR,ERR,ERR,ERR,ERR,ERR,ERR,ERR,ERR,ERR,ERR,ERR,ERR,ERR,ERR,ERR,ERR,ERR,ERR,ERR,ERR,ERR,ERR,ERR,ERR,ERR,ERR,ERR,ERR,ERR,ERR,ERR,ERR,ERR,ERR,ERR,ERR,ERR,ERR,ERR,ERR,ERR,ERR,ERR,ERR,ERR,ERR,ERR,ERR,ERR,ERR,ERR,ERR,ERR,ERR,ERR,ERR,ERR,ERR,ERR,ERR,ERR,ERR,ERR,ERR,ERR,ERR,ERR,ERR,ERR,ERR,ERR,ERR,0.0,0.0,-134474944.0,0.0,0.0,1.3936040501711995e+18,7.805,0.0,0,0,4,0,8422,0.0,45,0.0,0.0,0.0,0.0,0.0,0,0,0,0,0.0,0,0,0,0,0,0,0,0,0,0,0,0,0,0,0,0,0,0,0,0,0,0,0,0,0,0,0,0,0,0,0,0,0,38,14,7,45,65476,0,300,0,0,8,21553,0.0,-107605600.0,0.0,0.0,0.0,0.0,0.0,0.0,0.0,0.0,0.0,0.0,0.0,0.0,0.0,0.0,0.0,0.0,0.0,0.0,0.0,0.0,0.0,0.0,-2.004,2.004,0.0,0.0,0.0,0.0,5071.0,0.0,0.0,0.0,0.0,0.0,-107615304.0,0.0,0.0,0.0,0.0,53,1.9056979486756045e+17,126840553472.0,0.0,0.0,0.0,0.0,0.0,0.0,0.0,0,0,0,0.0,0.0,0.0,0.0,0.0,0.0,0.0,0.0,0.0,0.0,0.0,0.0,0.0,0.0,0.0,0.0,0,-107875648.0,53,0.0,106,-107614832.0,2.7006707062415038e+23,ERR,ERR,ERR,ERR,ERR,ERR,ERR,ERR,ERR,ERR,ERR,ERR,ERR,ERR,ERR,ERR,ERR,ERR,ERR,ERR,ERR,ERR,ERR,ERR,ERR,ERR,ERR,ERR,ERR,ERR,ERR,ERR,ERR,ERR,ERR,ERR,ERR,ERR,ERR,ERR,ERR,ERR,ERR,ERR,ERR,ERR,ERR,ERR,ERR,ERR,ERR,ERR,ERR,ERR,ERR,ERR,ERR,ERR,ERR,ERR,ERR,ERR,ERR,ERR,ERR,ERR,ERR,50.0,60.0,100,0.0,0.0,0.0,0.0,0.0,0.0,0.0,0.0,0.0,0.0,0.0,0.0,0.0,0.0,0.0,0.0,62.0,78,11,65507,50,65476,0,300,0,0,8,20529,65476,0,0,26214,60.0,0.0,0.0,0.0,0.0,0.0
2026-05-17T16:39:25,ERR,ERR,ERR,ERR,ERR,ERR,ERR,ERR,ERR,ERR,ERR,ERR,ERR,ERR,ERR,ERR,ERR,ERR,ERR,ERR,ERR,ERR,ERR,ERR,ERR,ERR,ERR,ERR,ERR,ERR,ERR,ERR,ERR,ERR,ERR,ERR,ERR,ERR,ERR,ERR,ERR,ERR,ERR,ERR,ERR,ERR,ERR,ERR,ERR,ERR,ERR,ERR,ERR,ERR,ERR,ERR,ERR,ERR,ERR,ERR,ERR,ERR,ERR,ERR,ERR,ERR,ERR,ERR,ERR,ERR,ERR,ERR,ERR,ERR,ERR,ERR,ERR,ERR,ERR,ERR,ERR,ERR,ERR,ERR,ERR,ERR,ERR,ERR,ERR,ERR,ERR,ERR,ERR,ERR,ERR,ERR,ERR,ERR,ERR,ERR,ERR,ERR,ERR,ERR,ERR,ERR,ERR,ERR,ERR,ERR,ERR,ERR,ERR,ERR,ERR,ERR,ERR,ERR,ERR,ERR,ERR,ERR,ERR,ERR,ERR,0.0,0.0,-134474944.0,0.0,0.0,1.3936040501711995e+18,7.805,0.0,0,0,4,0,8422,0.0,45,0.0,0.0,0.0,0.0,0.0,0,0,0,0,0.0,0,0,0,0,0,0,0,0,0,0,0,0,0,0,0,0,0,0,0,0,0,0,0,0,0,0,0,0,0,0,0,0,0,38,14,7,45,65476,0,300,0,0,8,21553,0.0,-107605600.0,0.0,0.0,0.0,0.0,0.0,0.0,0.0,0.0,0.0,0.0,0.0,0.0,0.0,0.0,0.0,0.0,0.0,0.0,0.0,0.0,0.0,0.0,-2.004,2.004,0.0,0.0,0.0,0.0,5071.0,0.0,0.0,0.0,0.0,0.0,-107615304.0,0.0,0.0,0.0,0.0,53,1.9056979486756045e+17,126840553472.0,0.0,0.0,0.0,0.0,0.0,0.0,0.0,0,0,0,0.0,0.0,0.0,0.0,0.0,0.0,0.0,0.0,0.0,0.0,0.0,0.0,0.0,0.0,0.0,0.0,0,-107875648.0,53,0.0,106,-107614832.0,2.7006707062415038e+23,ERR,ERR,ERR,ERR,ERR,ERR,ERR,ERR,ERR,ERR,ERR,ERR,ERR,ERR,ERR,ERR,ERR,ERR,ERR,ERR,ERR,ERR,ERR,ERR,ERR,ERR,ERR,ERR,ERR,ERR,ERR,ERR,ERR,ERR,ERR,ERR,ERR,ERR,ERR,ERR,ERR,ERR,ERR,ERR,ERR,ERR,ERR,ERR,ERR,ERR,ERR,ERR,ERR,ERR,ERR,ERR,ERR,ERR,ERR,ERR,ERR,ERR,ERR,ERR,ERR,ERR,ERR,50.0,60.0,100,0.0,0.0,0.0,0.0,0.0,0.0,0.0,0.0,0.0,0.0,0.0,0.0,0.0,0.0,0.0,0.0,62.0,78,11,65507,50,65476,0,300,0,0,8,20529,65476,0,0,26214,60.0,0.0,0.0,0.0,0.0,0.0
2026-05-17T16:39:26,ERR,ERR,ERR,ERR,ERR,ERR,ERR,ERR,ERR,ERR,ERR,ERR,ERR,ERR,ERR,ERR,ERR,ERR,ERR,ERR,ERR,ERR,ERR,ERR,ERR,ERR,ERR,ERR,ERR,ERR,ERR,ERR,ERR,ERR,ERR,ERR,ERR,ERR,ERR,ERR,ERR,ERR,ERR,ERR,ERR,ERR,ERR,ERR,ERR,ERR,ERR,ERR,ERR,ERR,ERR,ERR,ERR,ERR,ERR,ERR,ERR,ERR,ERR,ERR,ERR,ERR,ERR,ERR,ERR,ERR,ERR,ERR,ERR,ERR,ERR,ERR,ERR,ERR,ERR,ERR,ERR,ERR,ERR,ERR,ERR,ERR,ERR,ERR,ERR,ERR,ERR,ERR,ERR,ERR,ERR,ERR,ERR,ERR,ERR,ERR,ERR,ERR,ERR,ERR,ERR,ERR,ERR,ERR,ERR,ERR,ERR,ERR,ERR,ERR,ERR,ERR,ERR,ERR,ERR,ERR,ERR,ERR,ERR,ERR,ERR,0.0,0.0,-134474944.0,0.0,0.0,1.3936040501711995e+18,7.805,0.0,0,0,4,0,8422,0.0,45,0.0,0.0,0.0,0.0,0.0,0,0,0,0,0.0,0,0,0,0,0,0,0,0,0,0,0,0,0,0,0,0,0,0,0,0,0,0,0,0,0,0,0,0,0,0,0,0,0,38,14,7,45,65476,0,300,0,0,8,21553,0.0,-107605600.0,0.0,0.0,0.0,0.0,0.0,0.0,0.0,0.0,0.0,0.0,0.0,0.0,0.0,0.0,0.0,0.0,0.0,0.0,0.0,0.0,0.0,0.0,-2.004,2.004,0.0,0.0,0.0,0.0,5071.0,0.0,0.0,0.0,0.0,0.0,-107615304.0,0.0,0.0,0.0,0.0,53,1.9056979486756045e+17,126840553472.0,0.0,0.0,0.0,0.0,0.0,0.0,0.0,0,0,0,0.0,0.0,0.0,0.0,0.0,0.0,0.0,0.0,0.0,0.0,0.0,0.0,0.0,0.0,0.0,0.0,0,-107875648.0,53,0.0,106,-107614832.0,2.7006707062415038e+23,ERR,ERR,ERR,ERR,ERR,ERR,ERR,ERR,ERR,ERR,ERR,ERR,ERR,ERR,ERR,ERR,ERR,ERR,ERR,ERR,ERR,ERR,ERR,ERR,ERR,ERR,ERR,ERR,ERR,ERR,ERR,ERR,ERR,ERR,ERR,ERR,ERR,ERR,ERR,ERR,ERR,ERR,ERR,ERR,ERR,ERR,ERR,ERR,ERR,ERR,ERR,ERR,ERR,ERR,ERR,ERR,ERR,ERR,ERR,ERR,ERR,ERR,ERR,ERR,ERR,ERR,ERR,50.0,60.0,100,0.0,0.0,0.0,0.0,0.0,0.0,0.0,0.0,0.0,0.0,0.0,0.0,0.0,0.0,0.0,0.0,61.6,78,11,65507,50,65476,0,300,0,0,8,20529,65476,0,0,26214,60.0,0.0,0.0,0.0,0.0,0.0
2026-05-17T16:39:27,ERR,ERR,ERR,ERR,ERR,ERR,ERR,ERR,ERR,ERR,ERR,ERR,ERR,ERR,ERR,ERR,ERR,ERR,ERR,ERR,ERR,ERR,ERR,ERR,ERR,ERR,ERR,ERR,ERR,ERR,ERR,ERR,ERR,ERR,ERR,ERR,ERR,ERR,ERR,ERR,ERR,ERR,ERR,ERR,ERR,ERR,ERR,ERR,ERR,ERR,ERR,ERR,ERR,ERR,ERR,ERR,ERR,ERR,ERR,ERR,ERR,ERR,ERR,ERR,ERR,ERR,ERR,ERR,ERR,ERR,ERR,ERR,ERR,ERR,ERR,ERR,ERR,ERR,ERR,ERR,ERR,ERR,ERR,ERR,ERR,ERR,ERR,ERR,ERR,ERR,ERR,ERR,ERR,ERR,ERR,ERR,ERR,ERR,ERR,ERR,ERR,ERR,ERR,ERR,ERR,ERR,ERR,ERR,ERR,ERR,ERR,ERR,ERR,ERR,ERR,ERR,ERR,ERR,ERR,ERR,ERR,ERR,ERR,ERR,ERR,0.0,0.0,-134474944.0,0.0,0.0,1.3936040501711995e+18,7.805,0.0,0,0,4,0,8422,0.0,45,0.0,0.0,0.0,0.0,0.0,0,0,0,0,0.0,0,0,0,0,0,0,0,0,0,0,0,0,0,0,0,0,0,0,0,0,0,0,0,0,0,0,0,0,0,0,0,0,0,38,14,7,45,65476,0,300,0,0,8,21553,0.0,-107605600.0,0.0,0.0,0.0,0.0,0.0,0.0,0.0,0.0,0.0,0.0,0.0,0.0,0.0,0.0,0.0,0.0,0.0,0.0,0.0,0.0,0.0,0.0,-2.004,2.004,0.0,0.0,0.0,0.0,5071.0,0.0,0.0,0.0,0.0,0.0,-107615304.0,0.0,0.0,0.0,0.0,53,1.9056979486756045e+17,126840553472.0,0.0,0.0,0.0,0.0,0.0,0.0,0.0,0,0,0,0.0,0.0,0.0,0.0,0.0,0.0,0.0,0.0,0.0,0.0,0.0,0.0,0.0,0.0,0.0,0.0,0,-107875648.0,53,0.0,106,-107614832.0,2.7006707062415038e+23,ERR,ERR,ERR,ERR,ERR,ERR,ERR,ERR,ERR,ERR,ERR,ERR,ERR,ERR,ERR,ERR,ERR,ERR,ERR,ERR,ERR,ERR,ERR,ERR,ERR,ERR,ERR,ERR,ERR,ERR,ERR,ERR,ERR,ERR,ERR,ERR,ERR,ERR,ERR,ERR,ERR,ERR,ERR,ERR,ERR,ERR,ERR,ERR,ERR,ERR,ERR,ERR,ERR,ERR,ERR,ERR,ERR,ERR,ERR,ERR,ERR,ERR,ERR,ERR,ERR,ERR,ERR,50.0,60.0,100,0.0,0.0,0.0,0.0,0.0,0.0,0.0,0.0,0.0,0.0,0.0,0.0,0.0,0.0,0.0,0.0,61.6,78,11,65507,50,65476,0,300,0,0,8,20529,65476,0,0,26214,60.0,0.0,0.0,0.0,0.0,0.0
2026-05-17T16:39:28,ERR,ERR,ERR,ERR,ERR,ERR,ERR,ERR,ERR,ERR,ERR,ERR,ERR,ERR,ERR,ERR,ERR,ERR,ERR,ERR,ERR,ERR,ERR,ERR,ERR,ERR,ERR,ERR,ERR,ERR,ERR,ERR,ERR,ERR,ERR,ERR,ERR,ERR,ERR,ERR,ERR,ERR,ERR,ERR,ERR,ERR,ERR,ERR,ERR,ERR,ERR,ERR,ERR,ERR,ERR,ERR,ERR,ERR,ERR,ERR,ERR,ERR,ERR,ERR,ERR,ERR,ERR,ERR,ERR,ERR,ERR,ERR,ERR,ERR,ERR,ERR,ERR,ERR,ERR,ERR,ERR,ERR,ERR,ERR,ERR,ERR,ERR,ERR,ERR,ERR,ERR,ERR,ERR,ERR,ERR,ERR,ERR,ERR,ERR,ERR,ERR,ERR,ERR,ERR,ERR,ERR,ERR,ERR,ERR,ERR,ERR,ERR,ERR,ERR,ERR,ERR,ERR,ERR,ERR,ERR,ERR,ERR,ERR,ERR,ERR,0.0,0.0,-134474944.0,0.0,0.0,1.3936040501711995e+18,7.805,0.0,0,0,4,0,8422,0.0,45,0.0,0.0,0.0,0.0,0.0,0,0,0,0,0.0,0,0,0,0,0,0,0,0,0,0,0,0,0,0,0,0,0,0,0,0,0,0,0,0,0,0,0,0,0,0,0,0,0,38,14,7,45,65476,0,300,0,0,8,21553,0.0,-107605600.0,0.0,0.0,0.0,0.0,0.0,0.0,0.0,0.0,0.0,0.0,0.0,0.0,0.0,0.0,0.0,0.0,0.0,0.0,0.0,0.0,0.0,0.0,-2.004,2.004,0.0,0.0,0.0,0.0,5071.0,0.0,0.0,0.0,0.0,0.0,-107615304.0,0.0,0.0,0.0,0.0,53,1.9056979486756045e+17,126840553472.0,0.0,0.0,0.0,0.0,0.0,0.0,0.0,0,0,0,0.0,0.0,0.0,0.0,0.0,0.0,0.0,0.0,0.0,0.0,0.0,0.0,0.0,0.0,0.0,0.0,0,-107875648.0,53,0.0,106,-107614832.0,2.7006707062415038e+23,ERR,ERR,ERR,ERR,ERR,ERR,ERR,ERR,ERR,ERR,ERR,ERR,ERR,ERR,ERR,ERR,ERR,ERR,ERR,ERR,ERR,ERR,ERR,ERR,ERR,ERR,ERR,ERR,ERR,ERR,ERR,ERR,ERR,ERR,ERR,ERR,ERR,ERR,ERR,ERR,ERR,ERR,ERR,ERR,ERR,ERR,ERR,ERR,ERR,ERR,ERR,ERR,ERR,ERR,ERR,ERR,ERR,ERR,ERR,ERR,ERR,ERR,ERR,ERR,ERR,ERR,ERR,50.0,60.0,100,0.0,0.0,0.0,0.0,0.0,0.0,0.0,0.0,0.0,0.0,0.0,0.0,0.0,0.0,0.0,0.0,61.6,78,11,65507,50,65476,0,300,0,0,8,20529,65476,0,0,26214,60.0,0.0,0.0,0.0,0.0,0.0
2026-05-17T16:39:29,ERR,ERR,ERR,ERR,ERR,ERR,ERR,ERR,ERR,ERR,ERR,ERR,ERR,ERR,ERR,ERR,ERR,ERR,ERR,ERR,ERR,ERR,ERR,ERR,ERR,ERR,ERR,ERR,ERR,ERR,ERR,ERR,ERR,ERR,ERR,ERR,ERR,ERR,ERR,ERR,ERR,ERR,ERR,ERR,ERR,ERR,ERR,ERR,ERR,ERR,ERR,ERR,ERR,ERR,ERR,ERR,ERR,ERR,ERR,ERR,ERR,ERR,ERR,ERR,ERR,ERR,ERR,ERR,ERR,ERR,ERR,ERR,ERR,ERR,ERR,ERR,ERR,ERR,ERR,ERR,ERR,ERR,ERR,ERR,ERR,ERR,ERR,ERR,ERR,ERR,ERR,ERR,ERR,ERR,ERR,ERR,ERR,ERR,ERR,ERR,ERR,ERR,ERR,ERR,ERR,ERR,ERR,ERR,ERR,ERR,ERR,ERR,ERR,ERR,ERR,ERR,ERR,ERR,ERR,ERR,ERR,ERR,ERR,ERR,ERR,0.0,0.0,-134474944.0,0.0,0.0,1.3936040501711995e+18,7.805,0.0,0,0,4,0,8422,0.0,45,0.0,0.0,0.0,0.0,0.0,0,0,0,0,0.0,0,0,0,0,0,0,0,0,0,0,0,0,0,0,0,0,0,0,0,0,0,0,0,0,0,0,0,0,0,0,0,0,0,38,14,7,45,65476,0,300,0,0,8,21553,0.0,-107605600.0,0.0,0.0,0.0,0.0,0.0,0.0,0.0,0.0,0.0,0.0,0.0,0.0,0.0,0.0,0.0,0.0,0.0,0.0,0.0,0.0,0.0,0.0,-2.004,2.004,0.0,0.0,0.0,0.0,5077.0,0.0,0.0,0.0,0.0,0.0,-107615304.0,0.0,0.0,0.0,0.0,53,4.950428597886765e+32,89220.578,0.0,0.0,0.0,0.0,0.0,0.0,0.0,0,0,0,0.0,0.0,0.0,0.0,0.0,0.0,0.0,0.0,0.0,0.0,0.0,0.0,0.0,0.0,0.0,0.0,0,-107875648.0,53,0.0,106,-107614832.0,2.7006707062415038e+23,ERR,ERR,ERR,ERR,ERR,ERR,ERR,ERR,ERR,ERR,ERR,ERR,ERR,ERR,ERR,ERR,ERR,ERR,ERR,ERR,ERR,ERR,ERR,ERR,ERR,ERR,ERR,ERR,ERR,ERR,ERR,ERR,ERR,ERR,ERR,ERR,ERR,ERR,ERR,ERR,ERR,ERR,ERR,ERR,ERR,ERR,ERR,ERR,ERR,ERR,ERR,ERR,ERR,ERR,ERR,ERR,ERR,ERR,ERR,ERR,ERR,ERR,ERR,ERR,ERR,ERR,ERR,50.0,60.0,100,0.0,0.0,0.0,0.0,0.0,0.0,0.0,0.0,0.0,0.0,0.0,0.0,0.0,0.0,0.0,0.0,61.6,78,11,65507,50,65476,0,300,0,0,8,20529,65476,0,0,26214,60.0,0.0,0.0,0.0,0.0,0.0
2026-05-17T16:39:30,ERR,ERR,ERR,ERR,ERR,ERR,ERR,ERR,ERR,ERR,ERR,ERR,ERR,ERR,ERR,ERR,ERR,ERR,ERR,ERR,ERR,ERR,ERR,ERR,ERR,ERR,ERR,ERR,ERR,ERR,ERR,ERR,ERR,ERR,ERR,ERR,ERR,ERR,ERR,ERR,ERR,ERR,ERR,ERR,ERR,ERR,ERR,ERR,ERR,ERR,ERR,ERR,ERR,ERR,ERR,ERR,ERR,ERR,ERR,ERR,ERR,ERR,ERR,ERR,ERR,ERR,ERR,ERR,ERR,ERR,ERR,ERR,ERR,ERR,ERR,ERR,ERR,ERR,ERR,ERR,ERR,ERR,ERR,ERR,ERR,ERR,ERR,ERR,ERR,ERR,ERR,ERR,ERR,ERR,ERR,ERR,ERR,ERR,ERR,ERR,ERR,ERR,ERR,ERR,ERR,ERR,ERR,ERR,ERR,ERR,ERR,ERR,ERR,ERR,ERR,ERR,ERR,ERR,ERR,ERR,ERR,ERR,ERR,ERR,ERR,0.0,0.0,-134474944.0,0.0,0.0,1.3936040501711995e+18,7.805,0.0,0,0,4,0,8422,0.0,45,0.0,0.0,0.0,0.0,0.0,0,0,0,0,0.0,0,0,0,0,0,0,0,0,0,0,0,0,0,0,0,0,0,0,0,0,0,0,0,0,0,0,0,0,0,0,0,0,0,38,14,7,45,65476,0,300,0,0,8,21553,0.0,-107605600.0,0.0,0.0,0.0,0.0,0.0,0.0,0.0,0.0,0.0,0.0,0.0,0.0,0.0,0.0,0.0,0.0,0.0,0.0,0.0,0.0,0.0,0.0,-2.004,2.004,0.0,0.0,0.0,0.0,5077.0,0.0,0.0,0.0,0.0,0.0,-107615304.0,0.0,0.0,0.0,0.0,53,4.950428597886765e+32,89220.578,0.0,0.0,0.0,0.0,0.0,0.0,0.0,0,0,0,0.0,0.0,0.0,0.0,0.0,0.0,0.0,0.0,0.0,0.0,0.0,0.0,0.0,0.0,0.0,0.0,0,-107875648.0,53,0.0,106,-107614832.0,2.7006707062415038e+23,ERR,ERR,ERR,ERR,ERR,ERR,ERR,ERR,ERR,ERR,ERR,ERR,ERR,ERR,ERR,ERR,ERR,ERR,ERR,ERR,ERR,ERR,ERR,ERR,ERR,ERR,ERR,ERR,ERR,ERR,ERR,ERR,ERR,ERR,ERR,ERR,ERR,ERR,ERR,ERR,ERR,ERR,ERR,ERR,ERR,ERR,ERR,ERR,ERR,ERR,ERR,ERR,ERR,ERR,ERR,ERR,ERR,ERR,ERR,ERR,ERR,ERR,ERR,ERR,ERR,ERR,ERR,50.0,60.0,100,0.0,0.0,0.0,0.0,0.0,0.0,0.0,0.0,0.0,0.0,0.0,0.0,0.0,0.0,0.0,0.0,62.0,78,11,65507,50,65476,0,300,0,0,8,20529,65476,0,0,26214,60.0,0.0,0.0,0.0,0.0,0.0
2026-05-17T16:39:31,ERR,ERR,ERR,ERR,ERR,ERR,ERR,ERR,ERR,ERR,ERR,ERR,ERR,ERR,ERR,ERR,ERR,ERR,ERR,ERR,ERR,ERR,ERR,ERR,ERR,ERR,ERR,ERR,ERR,ERR,ERR,ERR,ERR,ERR,ERR,ERR,ERR,ERR,ERR,ERR,ERR,ERR,ERR,ERR,ERR,ERR,ERR,ERR,ERR,ERR,ERR,ERR,ERR,ERR,ERR,ERR,ERR,ERR,ERR,ERR,ERR,ERR,ERR,ERR,ERR,ERR,ERR,ERR,ERR,ERR,ERR,ERR,ERR,ERR,ERR,ERR,ERR,ERR,ERR,ERR,ERR,ERR,ERR,ERR,ERR,ERR,ERR,ERR,ERR,ERR,ERR,ERR,ERR,ERR,ERR,ERR,ERR,ERR,ERR,ERR,ERR,ERR,ERR,ERR,ERR,ERR,ERR,ERR,ERR,ERR,ERR,ERR,ERR,ERR,ERR,ERR,ERR,ERR,ERR,ERR,ERR,ERR,ERR,ERR,ERR,0.0,0.0,-134474944.0,0.0,0.0,1.3936040501711995e+18,7.805,0.0,0,0,4,0,8422,0.0,45,0.0,0.0,0.0,0.0,0.0,0,0,0,0,0.0,0,0,0,0,0,0,0,0,0,0,0,0,0,0,0,0,0,0,0,0,0,0,0,0,0,0,0,0,0,0,0,0,0,38,14,7,45,65476,0,300,0,0,8,21553,0.0,-107605600.0,0.0,0.0,0.0,0.0,0.0,0.0,0.0,0.0,0.0,0.0,0.0,0.0,0.0,0.0,0.0,0.0,0.0,0.0,0.0,0.0,0.0,0.0,-2.004,2.004,0.0,0.0,0.0,0.0,5077.0,0.0,0.0,0.0,0.0,0.0,-107615304.0,0.0,0.0,0.0,0.0,53,4.950428597886765e+32,89220.578,0.0,0.0,0.0,0.0,0.0,0.0,0.0,0,0,0,0.0,0.0,0.0,0.0,0.0,0.0,0.0,0.0,0.0,0.0,0.0,0.0,0.0,0.0,0.0,0.0,0,-107875648.0,53,0.0,106,-107614832.0,2.7006707062415038e+23,ERR,ERR,ERR,ERR,ERR,ERR,ERR,ERR,ERR,ERR,ERR,ERR,ERR,ERR,ERR,ERR,ERR,ERR,ERR,ERR,ERR,ERR,ERR,ERR,ERR,ERR,ERR,ERR,ERR,ERR,ERR,ERR,ERR,ERR,ERR,ERR,ERR,ERR,ERR,ERR,ERR,ERR,ERR,ERR,ERR,ERR,ERR,ERR,ERR,ERR,ERR,ERR,ERR,ERR,ERR,ERR,ERR,ERR,ERR,ERR,ERR,ERR,ERR,ERR,ERR,ERR,ERR,50.0,60.0,100,0.0,0.0,0.0,0.0,0.0,0.0,0.0,0.0,0.0,0.0,0.0,0.0,0.0,0.0,0.0,0.0,62.0,78,11,65507,50,65476,0,300,0,0,8,20529,65476,0,0,26214,60.0,0.0,0.0,0.0,0.0,0.0
2026-05-17T16:39:32,ERR,ERR,ERR,ERR,ERR,ERR,ERR,ERR,ERR,ERR,ERR,ERR,ERR,ERR,ERR,ERR,ERR,ERR,ERR,ERR,ERR,ERR,ERR,ERR,ERR,ERR,ERR,ERR,ERR,ERR,ERR,ERR,ERR,ERR,ERR,ERR,ERR,ERR,ERR,ERR,ERR,ERR,ERR,ERR,ERR,ERR,ERR,ERR,ERR,ERR,ERR,ERR,ERR,ERR,ERR,ERR,ERR,ERR,ERR,ERR,ERR,ERR,ERR,ERR,ERR,ERR,ERR,ERR,ERR,ERR,ERR,ERR,ERR,ERR,ERR,ERR,ERR,ERR,ERR,ERR,ERR,ERR,ERR,ERR,ERR,ERR,ERR,ERR,ERR,ERR,ERR,ERR,ERR,ERR,ERR,ERR,ERR,ERR,ERR,ERR,ERR,ERR,ERR,ERR,ERR,ERR,ERR,ERR,ERR,ERR,ERR,ERR,ERR,ERR,ERR,ERR,ERR,ERR,ERR,ERR,ERR,ERR,ERR,ERR,ERR,0.0,0.0,-134474944.0,0.0,0.0,1.3936040501711995e+18,7.805,0.0,0,0,4,0,8422,0.0,45,0.0,0.0,0.0,0.0,0.0,0,0,0,0,0.0,0,0,0,0,0,0,0,0,0,0,0,0,0,0,0,0,0,0,0,0,0,0,0,0,0,0,0,0,0,0,0,0,0,38,14,7,45,65476,0,300,0,0,8,21553,0.0,-107605600.0,0.0,0.0,0.0,0.0,0.0,0.0,0.0,0.0,0.0,0.0,0.0,0.0,0.0,0.0,0.0,0.0,0.0,0.0,0.0,0.0,0.0,0.0,-2.004,2.004,0.0,0.0,0.0,0.0,5077.0,0.0,0.0,0.0,0.0,0.0,-107615304.0,0.0,0.0,0.0,0.0,53,4.950428597886765e+32,89220.578,0.0,0.0,0.0,0.0,0.0,0.0,0.0,0,0,0,0.0,0.0,0.0,0.0,0.0,0.0,0.0,0.0,0.0,0.0,0.0,0.0,0.0,0.0,0.0,0.0,0,-107875648.0,53,0.0,106,-107614832.0,2.7006707062415038e+23,ERR,ERR,ERR,ERR,ERR,ERR,ERR,ERR,ERR,ERR,ERR,ERR,ERR,ERR,ERR,ERR,ERR,ERR,ERR,ERR,ERR,ERR,ERR,ERR,ERR,ERR,ERR,ERR,ERR,ERR,ERR,ERR,ERR,ERR,ERR,ERR,ERR,ERR,ERR,ERR,ERR,ERR,ERR,ERR,ERR,ERR,ERR,ERR,ERR,ERR,ERR,ERR,ERR,ERR,ERR,ERR,ERR,ERR,ERR,ERR,ERR,ERR,ERR,ERR,ERR,ERR,ERR,50.0,60.0,100,0.0,0.0,0.0,0.0,0.0,0.0,0.0,0.0,0.0,0.0,0.0,0.0,0.0,0.0,0.0,0.0,61.6,78,11,65507,50,65476,0,300,0,0,8,20529,65476,0,0,26214,60.0,0.0,0.0,0.0,0.0,0.0
2026-05-17T16:39:33,ERR,ERR,ERR,ERR,ERR,ERR,ERR,ERR,ERR,ERR,ERR,ERR,ERR,ERR,ERR,ERR,ERR,ERR,ERR,ERR,ERR,ERR,ERR,ERR,ERR,ERR,ERR,ERR,ERR,ERR,ERR,ERR,ERR,ERR,ERR,ERR,ERR,ERR,ERR,ERR,ERR,ERR,ERR,ERR,ERR,ERR,ERR,ERR,ERR,ERR,ERR,ERR,ERR,ERR,ERR,ERR,ERR,ERR,ERR,ERR,ERR,ERR,ERR,ERR,ERR,ERR,ERR,ERR,ERR,ERR,ERR,ERR,ERR,ERR,ERR,ERR,ERR,ERR,ERR,ERR,ERR,ERR,ERR,ERR,ERR,ERR,ERR,ERR,ERR,ERR,ERR,ERR,ERR,ERR,ERR,ERR,ERR,ERR,ERR,ERR,ERR,ERR,ERR,ERR,ERR,ERR,ERR,ERR,ERR,ERR,ERR,ERR,ERR,ERR,ERR,ERR,ERR,ERR,ERR,ERR,ERR,ERR,ERR,ERR,ERR,0.0,0.0,-134474944.0,0.0,0.0,1.3936040501711995e+18,7.805,0.0,0,0,4,0,8422,0.0,45,0.0,0.0,0.0,0.0,0.0,0,0,0,0,0.0,0,0,0,0,0,0,0,0,0,0,0,0,0,0,0,0,0,0,0,0,0,0,0,0,0,0,0,0,0,0,0,0,0,38,14,7,45,65476,0,300,0,0,8,21553,0.0,-107605600.0,0.0,0.0,0.0,0.0,0.0,0.0,0.0,0.0,0.0,0.0,0.0,0.0,0.0,0.0,0.0,0.0,0.0,0.0,0.0,0.0,0.0,0.0,-2.004,2.004,0.0,0.0,0.0,0.0,5077.0,0.0,0.0,0.0,0.0,0.0,-107615304.0,0.0,0.0,0.0,0.0,53,4.950428597886765e+32,89220.578,0.0,0.0,0.0,0.0,0.0,0.0,0.0,0,0,0,0.0,0.0,0.0,0.0,0.0,0.0,0.0,0.0,0.0,0.0,0.0,0.0,0.0,0.0,0.0,0.0,0,-107875648.0,53,0.0,106,-107614832.0,2.7006707062415038e+23,ERR,ERR,ERR,ERR,ERR,ERR,ERR,ERR,ERR,ERR,ERR,ERR,ERR,ERR,ERR,ERR,ERR,ERR,ERR,ERR,ERR,ERR,ERR,ERR,ERR,ERR,ERR,ERR,ERR,ERR,ERR,ERR,ERR,ERR,ERR,ERR,ERR,ERR,ERR,ERR,ERR,ERR,ERR,ERR,ERR,ERR,ERR,ERR,ERR,ERR,ERR,ERR,ERR,ERR,ERR,ERR,ERR,ERR,ERR,ERR,ERR,ERR,ERR,ERR,ERR,ERR,ERR,50.0,60.0,100,0.0,0.0,0.0,0.0,0.0,0.0,0.0,0.0,0.0,0.0,0.0,0.0,0.0,0.0,0.0,0.0,61.6,78,11,65507,50,65476,0,300,0,0,8,20529,65476,0,0,26214,60.0,0.0,0.0,0.0,0.0,0.0
2026-05-17T16:39:34,ERR,ERR,ERR,ERR,ERR,ERR,ERR,ERR,ERR,ERR,ERR,ERR,ERR,ERR,ERR,ERR,ERR,ERR,ERR,ERR,ERR,ERR,ERR,ERR,ERR,ERR,ERR,ERR,ERR,ERR,ERR,ERR,ERR,ERR,ERR,ERR,ERR,ERR,ERR,ERR,ERR,ERR,ERR,ERR,ERR,ERR,ERR,ERR,ERR,ERR,ERR,ERR,ERR,ERR,ERR,ERR,ERR,ERR,ERR,ERR,ERR,ERR,ERR,ERR,ERR,ERR,ERR,ERR,ERR,ERR,ERR,ERR,ERR,ERR,ERR,ERR,ERR,ERR,ERR,ERR,ERR,ERR,ERR,ERR,ERR,ERR,ERR,ERR,ERR,ERR,ERR,ERR,ERR,ERR,ERR,ERR,ERR,ERR,ERR,ERR,ERR,ERR,ERR,ERR,ERR,ERR,ERR,ERR,ERR,ERR,ERR,ERR,ERR,ERR,ERR,ERR,ERR,ERR,ERR,ERR,ERR,ERR,ERR,ERR,ERR,0.0,0.0,-134474944.0,0.0,0.0,1.3936040501711995e+18,7.805,0.0,0,0,4,0,8422,0.0,45,0.0,0.0,0.0,0.0,0.0,0,0,0,0,0.0,0,0,0,0,0,0,0,0,0,0,0,0,0,0,0,0,0,0,0,0,0,0,0,0,0,0,0,0,0,0,0,0,0,38,14,7,45,65476,0,300,0,0,8,21553,0.0,-107605600.0,0.0,0.0,0.0,0.0,0.0,0.0,0.0,0.0,0.0,0.0,0.0,0.0,0.0,0.0,0.0,0.0,0.0,0.0,0.0,0.0,0.0,0.0,-2.004,2.004,0.0,0.0,0.0,0.0,5077.0,0.0,0.0,0.0,0.0,0.0,-107615304.0,0.0,0.0,0.0,0.0,53,4.950428597886765e+32,89220.578,0.0,0.0,0.0,0.0,0.0,0.0,0.0,0,0,0,0.0,0.0,0.0,0.0,0.0,0.0,0.0,0.0,0.0,0.0,0.0,0.0,0.0,0.0,0.0,0.0,0,-107875648.0,53,0.0,106,-107614832.0,2.7006707062415038e+23,ERR,ERR,ERR,ERR,ERR,ERR,ERR,ERR,ERR,ERR,ERR,ERR,ERR,ERR,ERR,ERR,ERR,ERR,ERR,ERR,ERR,ERR,ERR,ERR,ERR,ERR,ERR,ERR,ERR,ERR,ERR,ERR,ERR,ERR,ERR,ERR,ERR,ERR,ERR,ERR,ERR,ERR,ERR,ERR,ERR,ERR,ERR,ERR,ERR,ERR,ERR,ERR,ERR,ERR,ERR,ERR,ERR,ERR,ERR,ERR,ERR,ERR,ERR,ERR,ERR,ERR,ERR,50.0,60.0,100,0.0,0.0,0.0,0.0,0.0,0.0,0.0,0.0,0.0,0.0,0.0,0.0,0.0,0.0,0.0,0.0,61.6,78,11,65507,50,65476,0,300,0,0,8,20529,65476,0,0,26214,60.0,0.0,0.0,0.0,0.0,0.0
2026-05-17T16:39:35,ERR,ERR,ERR,ERR,ERR,ERR,ERR,ERR,ERR,ERR,ERR,ERR,ERR,ERR,ERR,ERR,ERR,ERR,ERR,ERR,ERR,ERR,ERR,ERR,ERR,ERR,ERR,ERR,ERR,ERR,ERR,ERR,ERR,ERR,ERR,ERR,ERR,ERR,ERR,ERR,ERR,ERR,ERR,ERR,ERR,ERR,ERR,ERR,ERR,ERR,ERR,ERR,ERR,ERR,ERR,ERR,ERR,ERR,ERR,ERR,ERR,ERR,ERR,ERR,ERR,ERR,ERR,ERR,ERR,ERR,ERR,ERR,ERR,ERR,ERR,ERR,ERR,ERR,ERR,ERR,ERR,ERR,ERR,ERR,ERR,ERR,ERR,ERR,ERR,ERR,ERR,ERR,ERR,ERR,ERR,ERR,ERR,ERR,ERR,ERR,ERR,ERR,ERR,ERR,ERR,ERR,ERR,ERR,ERR,ERR,ERR,ERR,ERR,ERR,ERR,ERR,ERR,ERR,ERR,ERR,ERR,ERR,ERR,ERR,ERR,0.0,0.0,-134474944.0,0.0,0.0,1.3936040501711995e+18,7.805,0.0,0,0,4,0,8422,0.0,45,0.0,0.0,0.0,0.0,0.0,0,0,0,0,0.0,0,0,0,0,0,0,0,0,0,0,0,0,0,0,0,0,0,0,0,0,0,0,0,0,0,0,0,0,0,0,0,0,0,38,14,7,45,65476,0,300,0,0,8,21553,0.0,-107605600.0,0.0,0.0,0.0,0.0,0.0,0.0,0.0,0.0,0.0,0.0,0.0,0.0,0.0,0.0,0.0,0.0,0.0,0.0,0.0,0.0,0.0,0.0,-2.004,2.004,0.0,0.0,0.0,0.0,5042.0,-0.0,0.0,0.0,0.0,0.0,-107615304.0,0.0,0.0,0.0,0.0,53,4.066880103266858e+29,-0.0,0.0,0.0,0.0,0.0,0.0,0.0,0.0,0,0,0,0.0,0.0,0.0,0.0,0.0,0.0,0.0,0.0,0.0,0.0,0.0,0.0,0.0,0.0,0.0,0.0,0,-107875648.0,53,0.0,106,-107614832.0,2.7006707062415038e+23,ERR,ERR,ERR,ERR,ERR,ERR,ERR,ERR,ERR,ERR,ERR,ERR,ERR,ERR,ERR,ERR,ERR,ERR,ERR,ERR,ERR,ERR,ERR,ERR,ERR,ERR,ERR,ERR,ERR,ERR,ERR,ERR,ERR,ERR,ERR,ERR,ERR,ERR,ERR,ERR,ERR,ERR,ERR,ERR,ERR,ERR,ERR,ERR,ERR,ERR,ERR,ERR,ERR,ERR,ERR,ERR,ERR,ERR,ERR,ERR,ERR,ERR,ERR,ERR,ERR,ERR,ERR,50.0,60.0,100,0.0,0.0,0.0,0.0,0.0,0.0,0.0,0.0,0.0,0.0,0.0,0.0,0.0,0.0,0.0,0.0,61.6,78,11,65507,50,65476,0,300,0,0,8,20529,65476,0,0,26214,60.0,0.0,0.0,0.0,0.0,0.0
2026-05-17T16:39:36,ERR,ERR,ERR,ERR,ERR,ERR,ERR,ERR,ERR,ERR,ERR,ERR,ERR,ERR,ERR,ERR,ERR,ERR,ERR,ERR,ERR,ERR,ERR,ERR,ERR,ERR,ERR,ERR,ERR,ERR,ERR,ERR,ERR,ERR,ERR,ERR,ERR,ERR,ERR,ERR,ERR,ERR,ERR,ERR,ERR,ERR,ERR,ERR,ERR,ERR,ERR,ERR,ERR,ERR,ERR,ERR,ERR,ERR,ERR,ERR,ERR,ERR,ERR,ERR,ERR,ERR,ERR,ERR,ERR,ERR,ERR,ERR,ERR,ERR,ERR,ERR,ERR,ERR,ERR,ERR,ERR,ERR,ERR,ERR,ERR,ERR,ERR,ERR,ERR,ERR,ERR,ERR,ERR,ERR,ERR,ERR,ERR,ERR,ERR,ERR,ERR,ERR,ERR,ERR,ERR,ERR,ERR,ERR,ERR,ERR,ERR,ERR,ERR,ERR,ERR,ERR,ERR,ERR,ERR,ERR,ERR,ERR,ERR,ERR,ERR,0.0,0.0,-134474944.0,0.0,0.0,1.3936040501711995e+18,7.805,0.0,0,0,4,0,8422,0.0,45,0.0,0.0,0.0,0.0,0.0,0,0,0,0,0.0,0,0,0,0,0,0,0,0,0,0,0,0,0,0,0,0,0,0,0,0,0,0,0,0,0,0,0,0,0,0,0,0,0,38,14,7,45,65476,0,300,0,0,8,21553,0.0,-107605600.0,0.0,0.0,0.0,0.0,0.0,0.0,0.0,0.0,0.0,0.0,0.0,0.0,0.0,0.0,0.0,0.0,0.0,0.0,0.0,0.0,0.0,0.0,-2.004,2.004,0.0,0.0,0.0,0.0,5042.0,-0.0,0.0,0.0,0.0,0.0,-107615304.0,0.0,0.0,0.0,0.0,53,4.066880103266858e+29,-0.0,0.0,0.0,0.0,0.0,0.0,0.0,0.0,0,0,0,0.0,0.0,0.0,0.0,0.0,0.0,0.0,0.0,0.0,0.0,0.0,0.0,0.0,0.0,0.0,0.0,0,-107875648.0,53,0.0,106,-107614832.0,2.7006707062415038e+23,ERR,ERR,ERR,ERR,ERR,ERR,ERR,ERR,ERR,ERR,ERR,ERR,ERR,ERR,ERR,ERR,ERR,ERR,ERR,ERR,ERR,ERR,ERR,ERR,ERR,ERR,ERR,ERR,ERR,ERR,ERR,ERR,ERR,ERR,ERR,ERR,ERR,ERR,ERR,ERR,ERR,ERR,ERR,ERR,ERR,ERR,ERR,ERR,ERR,ERR,ERR,ERR,ERR,ERR,ERR,ERR,ERR,ERR,ERR,ERR,ERR,ERR,ERR,ERR,ERR,ERR,ERR,50.0,60.0,100,0.0,0.0,0.0,0.0,0.0,0.0,0.0,0.0,0.0,0.0,0.0,0.0,0.0,0.0,0.0,0.0,61.6,78,11,65507,50,65476,0,300,0,0,8,20529,65476,0,0,26214,60.0,0.0,0.0,0.0,0.0,0.0
2026-05-17T16:39:37,ERR,ERR,ERR,ERR,ERR,ERR,ERR,ERR,ERR,ERR,ERR,ERR,ERR,ERR,ERR,ERR,ERR,ERR,ERR,ERR,ERR,ERR,ERR,ERR,ERR,ERR,ERR,ERR,ERR,ERR,ERR,ERR,ERR,ERR,ERR,ERR,ERR,ERR,ERR,ERR,ERR,ERR,ERR,ERR,ERR,ERR,ERR,ERR,ERR,ERR,ERR,ERR,ERR,ERR,ERR,ERR,ERR,ERR,ERR,ERR,ERR,ERR,ERR,ERR,ERR,ERR,ERR,ERR,ERR,ERR,ERR,ERR,ERR,ERR,ERR,ERR,ERR,ERR,ERR,ERR,ERR,ERR,ERR,ERR,ERR,ERR,ERR,ERR,ERR,ERR,ERR,ERR,ERR,ERR,ERR,ERR,ERR,ERR,ERR,ERR,ERR,ERR,ERR,ERR,ERR,ERR,ERR,ERR,ERR,ERR,ERR,ERR,ERR,ERR,ERR,ERR,ERR,ERR,ERR,ERR,ERR,ERR,ERR,ERR,ERR,0.0,0.0,-134474944.0,0.0,0.0,1.3936040501711995e+18,7.805,0.0,0,0,4,0,8422,0.0,45,0.0,0.0,0.0,0.0,0.0,0,0,0,0,0.0,0,0,0,0,0,0,0,0,0,0,0,0,0,0,0,0,0,0,0,0,0,0,0,0,0,0,0,0,0,0,0,0,0,38,14,7,45,65476,0,300,0,0,8,21553,0.0,-107605600.0,0.0,0.0,0.0,0.0,0.0,0.0,0.0,0.0,0.0,0.0,0.0,0.0,0.0,0.0,0.0,0.0,0.0,0.0,0.0,0.0,0.0,0.0,-2.004,2.004,0.0,0.0,0.0,0.0,5042.0,-0.0,0.0,0.0,0.0,0.0,-107615304.0,0.0,0.0,0.0,0.0,53,4.066880103266858e+29,-0.0,0.0,0.0,0.0,0.0,0.0,0.0,0.0,0,0,0,0.0,0.0,0.0,0.0,0.0,0.0,0.0,0.0,0.0,0.0,0.0,0.0,0.0,0.0,0.0,0.0,0,-107875648.0,53,0.0,106,-107614832.0,2.7006707062415038e+23,ERR,ERR,ERR,ERR,ERR,ERR,ERR,ERR,ERR,ERR,ERR,ERR,ERR,ERR,ERR,ERR,ERR,ERR,ERR,ERR,ERR,ERR,ERR,ERR,ERR,ERR,ERR,ERR,ERR,ERR,ERR,ERR,ERR,ERR,ERR,ERR,ERR,ERR,ERR,ERR,ERR,ERR,ERR,ERR,ERR,ERR,ERR,ERR,ERR,ERR,ERR,ERR,ERR,ERR,ERR,ERR,ERR,ERR,ERR,ERR,ERR,ERR,ERR,ERR,ERR,ERR,ERR,50.0,60.0,100,0.0,0.0,0.0,0.0,0.0,0.0,0.0,0.0,0.0,0.0,0.0,0.0,0.0,0.0,0.0,0.0,61.6,78,11,65507,50,65476,0,300,0,0,8,20529,65476,0,0,26214,60.0,0.0,0.0,0.0,0.0,0.0
2026-05-17T16:39:38,ERR,ERR,ERR,ERR,ERR,ERR,ERR,ERR,ERR,ERR,ERR,ERR,ERR,ERR,ERR,ERR,ERR,ERR,ERR,ERR,ERR,ERR,ERR,ERR,ERR,ERR,ERR,ERR,ERR,ERR,ERR,ERR,ERR,ERR,ERR,ERR,ERR,ERR,ERR,ERR,ERR,ERR,ERR,ERR,ERR,ERR,ERR,ERR,ERR,ERR,ERR,ERR,ERR,ERR,ERR,ERR,ERR,ERR,ERR,ERR,ERR,ERR,ERR,ERR,ERR,ERR,ERR,ERR,ERR,ERR,ERR,ERR,ERR,ERR,ERR,ERR,ERR,ERR,ERR,ERR,ERR,ERR,ERR,ERR,ERR,ERR,ERR,ERR,ERR,ERR,ERR,ERR,ERR,ERR,ERR,ERR,ERR,ERR,ERR,ERR,ERR,ERR,ERR,ERR,ERR,ERR,ERR,ERR,ERR,ERR,ERR,ERR,ERR,ERR,ERR,ERR,ERR,ERR,ERR,ERR,ERR,ERR,ERR,ERR,ERR,0.0,0.0,-134474944.0,0.0,0.0,1.3936040501711995e+18,7.805,0.0,0,0,4,0,8422,0.0,45,0.0,0.0,0.0,0.0,0.0,0,0,0,0,0.0,0,0,0,0,0,0,0,0,0,0,0,0,0,0,0,0,0,0,0,0,0,0,0,0,0,0,0,0,0,0,0,0,0,38,14,7,45,65476,0,300,0,0,8,21553,0.0,-107605600.0,0.0,0.0,0.0,0.0,0.0,0.0,0.0,0.0,0.0,0.0,0.0,0.0,0.0,0.0,0.0,0.0,0.0,0.0,0.0,0.0,0.0,0.0,-2.004,2.004,0.0,0.0,0.0,0.0,5042.0,-0.0,0.0,0.0,0.0,0.0,-107615304.0,0.0,0.0,0.0,0.0,53,4.066880103266858e+29,-0.0,0.0,0.0,0.0,0.0,0.0,0.0,0.0,0,0,0,0.0,0.0,0.0,0.0,0.0,0.0,0.0,0.0,0.0,0.0,0.0,0.0,0.0,0.0,0.0,0.0,0,-107875648.0,53,0.0,106,-107614832.0,2.7006707062415038e+23,ERR,ERR,ERR,ERR,ERR,ERR,ERR,ERR,ERR,ERR,ERR,ERR,ERR,ERR,ERR,ERR,ERR,ERR,ERR,ERR,ERR,ERR,ERR,ERR,ERR,ERR,ERR,ERR,ERR,ERR,ERR,ERR,ERR,ERR,ERR,ERR,ERR,ERR,ERR,ERR,ERR,ERR,ERR,ERR,ERR,ERR,ERR,ERR,ERR,ERR,ERR,ERR,ERR,ERR,ERR,ERR,ERR,ERR,ERR,ERR,ERR,ERR,ERR,ERR,ERR,ERR,ERR,50.0,60.0,100,0.0,0.0,0.0,0.0,0.0,0.0,0.0,0.0,0.0,0.0,0.0,0.0,0.0,0.0,0.0,0.0,61.6,78,11,65507,50,65476,0,300,0,0,8,20529,65476,0,0,26214,60.0,0.0,0.0,0.0,0.0,0.0
2026-05-17T16:39:39,ERR,ERR,ERR,ERR,ERR,ERR,ERR,ERR,ERR,ERR,ERR,ERR,ERR,ERR,ERR,ERR,ERR,ERR,ERR,ERR,ERR,ERR,ERR,ERR,ERR,ERR,ERR,ERR,ERR,ERR,ERR,ERR,ERR,ERR,ERR,ERR,ERR,ERR,ERR,ERR,ERR,ERR,ERR,ERR,ERR,ERR,ERR,ERR,ERR,ERR,ERR,ERR,ERR,ERR,ERR,ERR,ERR,ERR,ERR,ERR,ERR,ERR,ERR,ERR,ERR,ERR,ERR,ERR,ERR,ERR,ERR,ERR,ERR,ERR,ERR,ERR,ERR,ERR,ERR,ERR,ERR,ERR,ERR,ERR,ERR,ERR,ERR,ERR,ERR,ERR,ERR,ERR,ERR,ERR,ERR,ERR,ERR,ERR,ERR,ERR,ERR,ERR,ERR,ERR,ERR,ERR,ERR,ERR,ERR,ERR,ERR,ERR,ERR,ERR,ERR,ERR,ERR,ERR,ERR,ERR,ERR,ERR,ERR,ERR,ERR,0.0,0.0,-134474944.0,0.0,0.0,1.3936040501711995e+18,7.805,0.0,0,0,4,0,8422,0.0,45,0.0,0.0,0.0,0.0,0.0,0,0,0,0,0.0,0,0,0,0,0,0,0,0,0,0,0,0,0,0,0,0,0,0,0,0,0,0,0,0,0,0,0,0,0,0,0,0,0,38,14,7,45,65476,0,300,0,0,8,21553,0.0,-107605600.0,0.0,0.0,0.0,0.0,0.0,0.0,0.0,0.0,0.0,0.0,0.0,0.0,0.0,0.0,0.0,0.0,0.0,0.0,0.0,0.0,0.0,0.0,-2.004,2.004,0.0,0.0,0.0,0.0,5042.0,-0.0,0.0,0.0,0.0,0.0,-107615304.0,0.0,0.0,0.0,0.0,53,4.066880103266858e+29,-0.0,0.0,0.0,0.0,0.0,0.0,0.0,0.0,0,0,0,0.0,0.0,0.0,0.0,0.0,0.0,0.0,0.0,0.0,0.0,0.0,0.0,0.0,0.0,0.0,0.0,0,-107875648.0,53,0.0,106,-107614832.0,2.7006707062415038e+23,ERR,ERR,ERR,ERR,ERR,ERR,ERR,ERR,ERR,ERR,ERR,ERR,ERR,ERR,ERR,ERR,ERR,ERR,ERR,ERR,ERR,ERR,ERR,ERR,ERR,ERR,ERR,ERR,ERR,ERR,ERR,ERR,ERR,ERR,ERR,ERR,ERR,ERR,ERR,ERR,ERR,ERR,ERR,ERR,ERR,ERR,ERR,ERR,ERR,ERR,ERR,ERR,ERR,ERR,ERR,ERR,ERR,ERR,ERR,ERR,ERR,ERR,ERR,ERR,ERR,ERR,ERR,50.0,60.0,100,0.0,0.0,0.0,0.0,0.0,0.0,0.0,0.0,0.0,0.0,0.0,0.0,0.0,0.0,0.0,0.0,61.6,78,11,65507,50,65476,0,300,0,0,8,20529,65476,0,0,26214,60.0,0.0,0.0,0.0,0.0,0.0
2026-05-17T16:39:40,ERR,ERR,ERR,ERR,ERR,ERR,ERR,ERR,ERR,ERR,ERR,ERR,ERR,ERR,ERR,ERR,ERR,ERR,ERR,ERR,ERR,ERR,ERR,ERR,ERR,ERR,ERR,ERR,ERR,ERR,ERR,ERR,ERR,ERR,ERR,ERR,ERR,ERR,ERR,ERR,ERR,ERR,ERR,ERR,ERR,ERR,ERR,ERR,ERR,ERR,ERR,ERR,ERR,ERR,ERR,ERR,ERR,ERR,ERR,ERR,ERR,ERR,ERR,ERR,ERR,ERR,ERR,ERR,ERR,ERR,ERR,ERR,ERR,ERR,ERR,ERR,ERR,ERR,ERR,ERR,ERR,ERR,ERR,ERR,ERR,ERR,ERR,ERR,ERR,ERR,ERR,ERR,ERR,ERR,ERR,ERR,ERR,ERR,ERR,ERR,ERR,ERR,ERR,ERR,ERR,ERR,ERR,ERR,ERR,ERR,ERR,ERR,ERR,ERR,ERR,ERR,ERR,ERR,ERR,ERR,ERR,ERR,ERR,ERR,ERR,0.0,0.0,-134474944.0,0.0,0.0,1.3936040501711995e+18,7.805,0.0,0,0,4,0,8422,0.0,45,0.0,0.0,0.0,0.0,0.0,0,0,0,0,0.0,0,0,0,0,0,0,0,0,0,0,0,0,0,0,0,0,0,0,0,0,0,0,0,0,0,0,0,0,0,0,0,0,0,38,14,7,45,65476,0,300,0,0,8,21553,0.0,-107605600.0,0.0,0.0,0.0,0.0,0.0,0.0,0.0,0.0,0.0,0.0,0.0,0.0,0.0,0.0,0.0,0.0,0.0,0.0,0.0,0.0,0.0,0.0,-2.004,2.004,0.0,0.0,0.0,0.0,5044.0,0.0,0.0,0.0,0.0,0.0,-107615304.0,0.0,0.0,0.0,0.0,53,5.848083413016271e+35,0.0,0.0,0.0,0.0,0.0,0.0,0.0,0.0,0,0,0,0.0,0.0,0.0,0.0,0.0,0.0,0.0,0.0,0.0,0.0,0.0,0.0,0.0,0.0,0.0,0.0,0,-107875648.0,53,0.0,106,-107614832.0,2.7006707062415038e+23,ERR,ERR,ERR,ERR,ERR,ERR,ERR,ERR,ERR,ERR,ERR,ERR,ERR,ERR,ERR,ERR,ERR,ERR,ERR,ERR,ERR,ERR,ERR,ERR,ERR,ERR,ERR,ERR,ERR,ERR,ERR,ERR,ERR,ERR,ERR,ERR,ERR,ERR,ERR,ERR,ERR,ERR,ERR,ERR,ERR,ERR,ERR,ERR,ERR,ERR,ERR,ERR,ERR,ERR,ERR,ERR,ERR,ERR,ERR,ERR,ERR,ERR,ERR,ERR,ERR,ERR,ERR,50.0,60.0,100,0.0,0.0,0.0,0.0,0.0,0.0,0.0,0.0,0.0,0.0,0.0,0.0,0.0,0.0,0.0,0.0,61.6,78,11,65507,50,65476,0,300,0,0,8,20529,65476,0,0,26214,60.0,0.0,0.0,0.0,0.0,0.0
2026-05-17T16:39:41,ERR,ERR,ERR,ERR,ERR,ERR,ERR,ERR,ERR,ERR,ERR,ERR,ERR,ERR,ERR,ERR,ERR,ERR,ERR,ERR,ERR,ERR,ERR,ERR,ERR,ERR,ERR,ERR,ERR,ERR,ERR,ERR,ERR,ERR,ERR,ERR,ERR,ERR,ERR,ERR,ERR,ERR,ERR,ERR,ERR,ERR,ERR,ERR,ERR,ERR,ERR,ERR,ERR,ERR,ERR,ERR,ERR,ERR,ERR,ERR,ERR,ERR,ERR,ERR,ERR,ERR,ERR,ERR,ERR,ERR,ERR,ERR,ERR,ERR,ERR,ERR,ERR,ERR,ERR,ERR,ERR,ERR,ERR,ERR,ERR,ERR,ERR,ERR,ERR,ERR,ERR,ERR,ERR,ERR,ERR,ERR,ERR,ERR,ERR,ERR,ERR,ERR,ERR,ERR,ERR,ERR,ERR,ERR,ERR,ERR,ERR,ERR,ERR,ERR,ERR,ERR,ERR,ERR,ERR,ERR,ERR,ERR,ERR,ERR,ERR,0.0,0.0,-134474944.0,0.0,0.0,1.3936040501711995e+18,7.805,0.0,0,0,4,0,8422,0.0,45,0.0,0.0,0.0,0.0,0.0,0,0,0,0,0.0,0,0,0,0,0,0,0,0,0,0,0,0,0,0,0,0,0,0,0,0,0,0,0,0,0,0,0,0,0,0,0,0,0,38,14,7,45,65476,0,300,0,0,8,21553,0.0,-107605600.0,0.0,0.0,0.0,0.0,0.0,0.0,0.0,0.0,0.0,0.0,0.0,0.0,0.0,0.0,0.0,0.0,0.0,0.0,0.0,0.0,0.0,0.0,-2.004,2.004,0.0,0.0,0.0,0.0,5044.0,0.0,0.0,0.0,0.0,0.0,-107615304.0,0.0,0.0,0.0,0.0,53,5.848083413016271e+35,0.0,0.0,0.0,0.0,0.0,0.0,0.0,0.0,0,0,0,0.0,0.0,0.0,0.0,0.0,0.0,0.0,0.0,0.0,0.0,0.0,0.0,0.0,0.0,0.0,0.0,0,-107875648.0,53,0.0,106,-107614832.0,2.7006707062415038e+23,ERR,ERR,ERR,ERR,ERR,ERR,ERR,ERR,ERR,ERR,ERR,ERR,ERR,ERR,ERR,ERR,ERR,ERR,ERR,ERR,ERR,ERR,ERR,ERR,ERR,ERR,ERR,ERR,ERR,ERR,ERR,ERR,ERR,ERR,ERR,ERR,ERR,ERR,ERR,ERR,ERR,ERR,ERR,ERR,ERR,ERR,ERR,ERR,ERR,ERR,ERR,ERR,ERR,ERR,ERR,ERR,ERR,ERR,ERR,ERR,ERR,ERR,ERR,ERR,ERR,ERR,ERR,50.0,60.0,100,0.0,0.0,0.0,0.0,0.0,0.0,0.0,0.0,0.0,0.0,0.0,0.0,0.0,0.0,0.0,0.0,61.6,78,11,65507,50,65476,0,300,0,0,8,20529,65476,0,0,26214,60.0,0.0,0.0,0.0,0.0,0.0
2026-05-17T16:39:42,ERR,ERR,ERR,ERR,ERR,ERR,ERR,ERR,ERR,ERR,ERR,ERR,ERR,ERR,ERR,ERR,ERR,ERR,ERR,ERR,ERR,ERR,ERR,ERR,ERR,ERR,ERR,ERR,ERR,ERR,ERR,ERR,ERR,ERR,ERR,ERR,ERR,ERR,ERR,ERR,ERR,ERR,ERR,ERR,ERR,ERR,ERR,ERR,ERR,ERR,ERR,ERR,ERR,ERR,ERR,ERR,ERR,ERR,ERR,ERR,ERR,ERR,ERR,ERR,ERR,ERR,ERR,ERR,ERR,ERR,ERR,ERR,ERR,ERR,ERR,ERR,ERR,ERR,ERR,ERR,ERR,ERR,ERR,ERR,ERR,ERR,ERR,ERR,ERR,ERR,ERR,ERR,ERR,ERR,ERR,ERR,ERR,ERR,ERR,ERR,ERR,ERR,ERR,ERR,ERR,ERR,ERR,ERR,ERR,ERR,ERR,ERR,ERR,ERR,ERR,ERR,ERR,ERR,ERR,ERR,ERR,ERR,ERR,ERR,ERR,0.0,0.0,-134474944.0,0.0,0.0,1.3936040501711995e+18,7.805,0.0,0,0,4,0,8422,0.0,45,0.0,0.0,0.0,0.0,0.0,0,0,0,0,0.0,0,0,0,0,0,0,0,0,0,0,0,0,0,0,0,0,0,0,0,0,0,0,0,0,0,0,0,0,0,0,0,0,0,38,14,7,45,65476,0,300,0,0,8,21553,0.0,-107605600.0,0.0,0.0,0.0,0.0,0.0,0.0,0.0,0.0,0.0,0.0,0.0,0.0,0.0,0.0,0.0,0.0,0.0,0.0,0.0,0.0,0.0,0.0,-2.004,2.004,0.0,0.0,0.0,0.0,5044.0,0.0,0.0,0.0,0.0,0.0,-107615304.0,0.0,0.0,0.0,0.0,53,5.848083413016271e+35,0.0,0.0,0.0,0.0,0.0,0.0,0.0,0.0,0,0,0,0.0,0.0,0.0,0.0,0.0,0.0,0.0,0.0,0.0,0.0,0.0,0.0,0.0,0.0,0.0,0.0,0,-107875648.0,53,0.0,106,-107614832.0,2.7006707062415038e+23,ERR,ERR,ERR,ERR,ERR,ERR,ERR,ERR,ERR,ERR,ERR,ERR,ERR,ERR,ERR,ERR,ERR,ERR,ERR,ERR,ERR,ERR,ERR,ERR,ERR,ERR,ERR,ERR,ERR,ERR,ERR,ERR,ERR,ERR,ERR,ERR,ERR,ERR,ERR,ERR,ERR,ERR,ERR,ERR,ERR,ERR,ERR,ERR,ERR,ERR,ERR,ERR,ERR,ERR,ERR,ERR,ERR,ERR,ERR,ERR,ERR,ERR,ERR,ERR,ERR,ERR,ERR,50.0,60.0,100,0.0,0.0,0.0,0.0,0.0,0.0,0.0,0.0,0.0,0.0,0.0,0.0,0.0,0.0,0.0,0.0,61.6,78,11,65507,50,65476,0,300,0,0,8,20529,65476,0,0,26214,60.0,0.0,0.0,0.0,0.0,0.0
2026-05-17T16:39:43,ERR,ERR,ERR,ERR,ERR,ERR,ERR,ERR,ERR,ERR,ERR,ERR,ERR,ERR,ERR,ERR,ERR,ERR,ERR,ERR,ERR,ERR,ERR,ERR,ERR,ERR,ERR,ERR,ERR,ERR,ERR,ERR,ERR,ERR,ERR,ERR,ERR,ERR,ERR,ERR,ERR,ERR,ERR,ERR,ERR,ERR,ERR,ERR,ERR,ERR,ERR,ERR,ERR,ERR,ERR,ERR,ERR,ERR,ERR,ERR,ERR,ERR,ERR,ERR,ERR,ERR,ERR,ERR,ERR,ERR,ERR,ERR,ERR,ERR,ERR,ERR,ERR,ERR,ERR,ERR,ERR,ERR,ERR,ERR,ERR,ERR,ERR,ERR,ERR,ERR,ERR,ERR,ERR,ERR,ERR,ERR,ERR,ERR,ERR,ERR,ERR,ERR,ERR,ERR,ERR,ERR,ERR,ERR,ERR,ERR,ERR,ERR,ERR,ERR,ERR,ERR,ERR,ERR,ERR,ERR,ERR,ERR,ERR,ERR,ERR,0.0,0.0,-134474944.0,0.0,0.0,1.3936040501711995e+18,7.805,0.0,0,0,4,0,8422,0.0,45,0.0,0.0,0.0,0.0,0.0,0,0,0,0,0.0,0,0,0,0,0,0,0,0,0,0,0,0,0,0,0,0,0,0,0,0,0,0,0,0,0,0,0,0,0,0,0,0,0,38,14,7,45,65476,0,300,0,0,8,21553,0.0,-107605600.0,0.0,0.0,0.0,0.0,0.0,0.0,0.0,0.0,0.0,0.0,0.0,0.0,0.0,0.0,0.0,0.0,0.0,0.0,0.0,0.0,0.0,0.0,-2.004,2.004,0.0,0.0,0.0,0.0,5044.0,0.0,0.0,0.0,0.0,0.0,-107615304.0,0.0,0.0,0.0,0.0,53,5.848083413016271e+35,0.0,0.0,0.0,0.0,0.0,0.0,0.0,0.0,0,0,0,0.0,0.0,0.0,0.0,0.0,0.0,0.0,0.0,0.0,0.0,0.0,0.0,0.0,0.0,0.0,0.0,0,-107875648.0,53,0.0,106,-107614832.0,2.7006707062415038e+23,ERR,ERR,ERR,ERR,ERR,ERR,ERR,ERR,ERR,ERR,ERR,ERR,ERR,ERR,ERR,ERR,ERR,ERR,ERR,ERR,ERR,ERR,ERR,ERR,ERR,ERR,ERR,ERR,ERR,ERR,ERR,ERR,ERR,ERR,ERR,ERR,ERR,ERR,ERR,ERR,ERR,ERR,ERR,ERR,ERR,ERR,ERR,ERR,ERR,ERR,ERR,ERR,ERR,ERR,ERR,ERR,ERR,ERR,ERR,ERR,ERR,ERR,ERR,ERR,ERR,ERR,ERR,50.0,60.0,100,0.0,0.0,0.0,0.0,0.0,0.0,0.0,0.0,0.0,0.0,0.0,0.0,0.0,0.0,0.0,0.0,61.6,78,11,65507,50,65476,0,300,0,0,8,20529,65476,0,0,26214,60.0,0.0,0.0,0.0,0.0,0.0
2026-05-17T16:39:44,ERR,ERR,ERR,ERR,ERR,ERR,ERR,ERR,ERR,ERR,ERR,ERR,ERR,ERR,ERR,ERR,ERR,ERR,ERR,ERR,ERR,ERR,ERR,ERR,ERR,ERR,ERR,ERR,ERR,ERR,ERR,ERR,ERR,ERR,ERR,ERR,ERR,ERR,ERR,ERR,ERR,ERR,ERR,ERR,ERR,ERR,ERR,ERR,ERR,ERR,ERR,ERR,ERR,ERR,ERR,ERR,ERR,ERR,ERR,ERR,ERR,ERR,ERR,ERR,ERR,ERR,ERR,ERR,ERR,ERR,ERR,ERR,ERR,ERR,ERR,ERR,ERR,ERR,ERR,ERR,ERR,ERR,ERR,ERR,ERR,ERR,ERR,ERR,ERR,ERR,ERR,ERR,ERR,ERR,ERR,ERR,ERR,ERR,ERR,ERR,ERR,ERR,ERR,ERR,ERR,ERR,ERR,ERR,ERR,ERR,ERR,ERR,ERR,ERR,ERR,ERR,ERR,ERR,ERR,ERR,ERR,ERR,ERR,ERR,ERR,0.0,0.0,-134474944.0,0.0,0.0,1.3936040501711995e+18,7.805,0.0,0,0,4,0,8422,0.0,45,0.0,0.0,0.0,0.0,0.0,0,0,0,0,0.0,0,0,0,0,0,0,0,0,0,0,0,0,0,0,0,0,0,0,0,0,0,0,0,0,0,0,0,0,0,0,0,0,0,38,14,7,45,65476,0,300,0,0,8,21553,0.0,-107605600.0,0.0,0.0,0.0,0.0,0.0,0.0,0.0,0.0,0.0,0.0,0.0,0.0,0.0,0.0,0.0,0.0,0.0,0.0,0.0,0.0,0.0,0.0,-2.004,2.004,0.0,0.0,0.0,0.0,5044.0,0.0,0.0,0.0,0.0,0.0,-107615304.0,0.0,0.0,0.0,0.0,53,5.848083413016271e+35,0.0,0.0,0.0,0.0,0.0,0.0,0.0,0.0,0,0,0,0.0,0.0,0.0,0.0,0.0,0.0,0.0,0.0,0.0,0.0,0.0,0.0,0.0,0.0,0.0,0.0,0,-107875648.0,53,0.0,106,-107614832.0,2.7006707062415038e+23,ERR,ERR,ERR,ERR,ERR,ERR,ERR,ERR,ERR,ERR,ERR,ERR,ERR,ERR,ERR,ERR,ERR,ERR,ERR,ERR,ERR,ERR,ERR,ERR,ERR,ERR,ERR,ERR,ERR,ERR,ERR,ERR,ERR,ERR,ERR,ERR,ERR,ERR,ERR,ERR,ERR,ERR,ERR,ERR,ERR,ERR,ERR,ERR,ERR,ERR,ERR,ERR,ERR,ERR,ERR,ERR,ERR,ERR,ERR,ERR,ERR,ERR,ERR,ERR,ERR,ERR,ERR,50.0,60.0,100,0.0,0.0,0.0,0.0,0.0,0.0,0.0,0.0,0.0,0.0,0.0,0.0,0.0,0.0,0.0,0.0,61.6,78,11,65507,50,65476,0,300,0,0,8,20529,65476,0,0,26214,60.0,0.0,0.0,0.0,0.0,0.0
2026-05-17T16:39:45,ERR,ERR,ERR,ERR,ERR,ERR,ERR,ERR,ERR,ERR,ERR,ERR,ERR,ERR,ERR,ERR,ERR,ERR,ERR,ERR,ERR,ERR,ERR,ERR,ERR,ERR,ERR,ERR,ERR,ERR,ERR,ERR,ERR,ERR,ERR,ERR,ERR,ERR,ERR,ERR,ERR,ERR,ERR,ERR,ERR,ERR,ERR,ERR,ERR,ERR,ERR,ERR,ERR,ERR,ERR,ERR,ERR,ERR,ERR,ERR,ERR,ERR,ERR,ERR,ERR,ERR,ERR,ERR,ERR,ERR,ERR,ERR,ERR,ERR,ERR,ERR,ERR,ERR,ERR,ERR,ERR,ERR,ERR,ERR,ERR,ERR,ERR,ERR,ERR,ERR,ERR,ERR,ERR,ERR,ERR,ERR,ERR,ERR,ERR,ERR,ERR,ERR,ERR,ERR,ERR,ERR,ERR,ERR,ERR,ERR,ERR,ERR,ERR,ERR,ERR,ERR,ERR,ERR,ERR,ERR,ERR,ERR,ERR,ERR,ERR,0.0,0.0,-134474944.0,0.0,0.0,1.3936040501711995e+18,7.805,0.0,0,0,4,0,8422,0.0,45,0.0,0.0,0.0,0.0,0.0,0,0,0,0,0.0,0,0,0,0,0,0,0,0,0,0,0,0,0,0,0,0,0,0,0,0,0,0,0,0,0,0,0,0,0,0,0,0,0,38,14,7,45,65476,0,300,0,0,8,21553,0.0,-107605600.0,0.0,0.0,0.0,0.0,0.0,0.0,0.0,0.0,0.0,0.0,0.0,0.0,0.0,0.0,0.0,0.0,0.0,0.0,0.0,0.0,0.0,0.0,-2.004,2.004,0.0,0.0,0.0,0.0,5039.0,564145900486656.0,0.0,0.0,0.0,0.0,-107615304.0,0.0,0.0,0.0,0.0,53,2.3088403658719416e+20,2.71841759093312e+23,0.0,0.0,0.0,0.0,0.0,0.0,0.0,0,0,0,0.0,0.0,0.0,0.0,0.0,0.0,0.0,0.0,0.0,0.0,0.0,0.0,0.0,0.0,0.0,0.0,0,-107875648.0,53,0.0,106,-107614832.0,2.7006707062415038e+23,ERR,ERR,ERR,ERR,ERR,ERR,ERR,ERR,ERR,ERR,ERR,ERR,ERR,ERR,ERR,ERR,ERR,ERR,ERR,ERR,ERR,ERR,ERR,ERR,ERR,ERR,ERR,ERR,ERR,ERR,ERR,ERR,ERR,ERR,ERR,ERR,ERR,ERR,ERR,ERR,ERR,ERR,ERR,ERR,ERR,ERR,ERR,ERR,ERR,ERR,ERR,ERR,ERR,ERR,ERR,ERR,ERR,ERR,ERR,ERR,ERR,ERR,ERR,ERR,ERR,ERR,ERR,50.0,60.0,100,0.0,0.0,0.0,0.0,0.0,0.0,0.0,0.0,0.0,0.0,0.0,0.0,0.0,0.0,0.0,0.0,61.6,78,11,65507,50,65476,0,300,0,0,8,20529,65476,0,0,26214,60.0,0.0,0.0,0.0,0.0,0.0
2026-05-17T16:39:46,ERR,ERR,ERR,ERR,ERR,ERR,ERR,ERR,ERR,ERR,ERR,ERR,ERR,ERR,ERR,ERR,ERR,ERR,ERR,ERR,ERR,ERR,ERR,ERR,ERR,ERR,ERR,ERR,ERR,ERR,ERR,ERR,ERR,ERR,ERR,ERR,ERR,ERR,ERR,ERR,ERR,ERR,ERR,ERR,ERR,ERR,ERR,ERR,ERR,ERR,ERR,ERR,ERR,ERR,ERR,ERR,ERR,ERR,ERR,ERR,ERR,ERR,ERR,ERR,ERR,ERR,ERR,ERR,ERR,ERR,ERR,ERR,ERR,ERR,ERR,ERR,ERR,ERR,ERR,ERR,ERR,ERR,ERR,ERR,ERR,ERR,ERR,ERR,ERR,ERR,ERR,ERR,ERR,ERR,ERR,ERR,ERR,ERR,ERR,ERR,ERR,ERR,ERR,ERR,ERR,ERR,ERR,ERR,ERR,ERR,ERR,ERR,ERR,ERR,ERR,ERR,ERR,ERR,ERR,ERR,ERR,ERR,ERR,ERR,ERR,0.0,0.0,-134474944.0,0.0,0.0,1.3936040501711995e+18,7.805,0.0,0,0,4,0,8422,0.0,45,0.0,0.0,0.0,0.0,0.0,0,0,0,0,0.0,0,0,0,0,0,0,0,0,0,0,0,0,0,0,0,0,0,0,0,0,0,0,0,0,0,0,0,0,0,0,0,0,0,38,14,7,45,65476,0,300,0,0,8,21553,0.0,-107605600.0,0.0,0.0,0.0,0.0,0.0,0.0,0.0,0.0,0.0,0.0,0.0,0.0,0.0,0.0,0.0,0.0,0.0,0.0,0.0,0.0,0.0,0.0,-2.004,2.004,0.0,0.0,0.0,0.0,5039.0,564145900486656.0,0.0,0.0,0.0,0.0,-107615304.0,0.0,0.0,0.0,0.0,53,2.3088403658719416e+20,2.71841759093312e+23,0.0,0.0,0.0,0.0,0.0,0.0,0.0,0,0,0,0.0,0.0,0.0,0.0,0.0,0.0,0.0,0.0,0.0,0.0,0.0,0.0,0.0,0.0,0.0,0.0,0,-107875648.0,53,0.0,106,-107614832.0,2.7006707062415038e+23,ERR,ERR,ERR,ERR,ERR,ERR,ERR,ERR,ERR,ERR,ERR,ERR,ERR,ERR,ERR,ERR,ERR,ERR,ERR,ERR,ERR,ERR,ERR,ERR,ERR,ERR,ERR,ERR,ERR,ERR,ERR,ERR,ERR,ERR,ERR,ERR,ERR,ERR,ERR,ERR,ERR,ERR,ERR,ERR,ERR,ERR,ERR,ERR,ERR,ERR,ERR,ERR,ERR,ERR,ERR,ERR,ERR,ERR,ERR,ERR,ERR,ERR,ERR,ERR,ERR,ERR,ERR,50.0,60.0,100,0.0,0.0,0.0,0.0,0.0,0.0,0.0,0.0,0.0,0.0,0.0,0.0,0.0,0.0,0.0,0.0,61.6,78,11,65507,50,65476,0,300,0,0,8,20529,65476,0,0,26214,60.0,0.0,0.0,0.0,0.0,0.0
2026-05-17T16:39:47,ERR,ERR,ERR,ERR,ERR,ERR,ERR,ERR,ERR,ERR,ERR,ERR,ERR,ERR,ERR,ERR,ERR,ERR,ERR,ERR,ERR,ERR,ERR,ERR,ERR,ERR,ERR,ERR,ERR,ERR,ERR,ERR,ERR,ERR,ERR,ERR,ERR,ERR,ERR,ERR,ERR,ERR,ERR,ERR,ERR,ERR,ERR,ERR,ERR,ERR,ERR,ERR,ERR,ERR,ERR,ERR,ERR,ERR,ERR,ERR,ERR,ERR,ERR,ERR,ERR,ERR,ERR,ERR,ERR,ERR,ERR,ERR,ERR,ERR,ERR,ERR,ERR,ERR,ERR,ERR,ERR,ERR,ERR,ERR,ERR,ERR,ERR,ERR,ERR,ERR,ERR,ERR,ERR,ERR,ERR,ERR,ERR,ERR,ERR,ERR,ERR,ERR,ERR,ERR,ERR,ERR,ERR,ERR,ERR,ERR,ERR,ERR,ERR,ERR,ERR,ERR,ERR,ERR,ERR,ERR,ERR,ERR,ERR,ERR,ERR,0.0,0.0,-134474944.0,0.0,0.0,1.3936040501711995e+18,7.805,0.0,0,0,4,0,8422,0.0,45,0.0,0.0,0.0,0.0,0.0,0,0,0,0,0.0,0,0,0,0,0,0,0,0,0,0,0,0,0,0,0,0,0,0,0,0,0,0,0,0,0,0,0,0,0,0,0,0,0,38,14,7,45,65476,0,300,0,0,8,21553,0.0,-107605600.0,0.0,0.0,0.0,0.0,0.0,0.0,0.0,0.0,0.0,0.0,0.0,0.0,0.0,0.0,0.0,0.0,0.0,0.0,0.0,0.0,0.0,0.0,-2.004,2.004,0.0,0.0,0.0,0.0,5039.0,564145900486656.0,0.0,0.0,0.0,0.0,-107615304.0,0.0,0.0,0.0,0.0,53,2.3088403658719416e+20,2.71841759093312e+23,0.0,0.0,0.0,0.0,0.0,0.0,0.0,0,0,0,0.0,0.0,0.0,0.0,0.0,0.0,0.0,0.0,0.0,0.0,0.0,0.0,0.0,0.0,0.0,0.0,0,-107875648.0,53,0.0,106,-107614832.0,2.7006707062415038e+23,ERR,ERR,ERR,ERR,ERR,ERR,ERR,ERR,ERR,ERR,ERR,ERR,ERR,ERR,ERR,ERR,ERR,ERR,ERR,ERR,ERR,ERR,ERR,ERR,ERR,ERR,ERR,ERR,ERR,ERR,ERR,ERR,ERR,ERR,ERR,ERR,ERR,ERR,ERR,ERR,ERR,ERR,ERR,ERR,ERR,ERR,ERR,ERR,ERR,ERR,ERR,ERR,ERR,ERR,ERR,ERR,ERR,ERR,ERR,ERR,ERR,ERR,ERR,ERR,ERR,ERR,ERR,50.0,60.0,100,0.0,0.0,0.0,0.0,0.0,0.0,0.0,0.0,0.0,0.0,0.0,0.0,0.0,0.0,0.0,0.0,61.6,78,11,65507,50,65476,0,300,0,0,8,20529,65476,0,0,26214,60.0,0.0,0.0,0.0,0.0,0.0
2026-05-17T16:39:48,ERR,ERR,ERR,ERR,ERR,ERR,ERR,ERR,ERR,ERR,ERR,ERR,ERR,ERR,ERR,ERR,ERR,ERR,ERR,ERR,ERR,ERR,ERR,ERR,ERR,ERR,ERR,ERR,ERR,ERR,ERR,ERR,ERR,ERR,ERR,ERR,ERR,ERR,ERR,ERR,ERR,ERR,ERR,ERR,ERR,ERR,ERR,ERR,ERR,ERR,ERR,ERR,ERR,ERR,ERR,ERR,ERR,ERR,ERR,ERR,ERR,ERR,ERR,ERR,ERR,ERR,ERR,ERR,ERR,ERR,ERR,ERR,ERR,ERR,ERR,ERR,ERR,ERR,ERR,ERR,ERR,ERR,ERR,ERR,ERR,ERR,ERR,ERR,ERR,ERR,ERR,ERR,ERR,ERR,ERR,ERR,ERR,ERR,ERR,ERR,ERR,ERR,ERR,ERR,ERR,ERR,ERR,ERR,ERR,ERR,ERR,ERR,ERR,ERR,ERR,ERR,ERR,ERR,ERR,ERR,ERR,ERR,ERR,ERR,ERR,0.0,0.0,-134474944.0,0.0,0.0,1.3936040501711995e+18,7.805,0.0,0,0,4,0,8422,0.0,45,0.0,0.0,0.0,0.0,0.0,0,0,0,0,0.0,0,0,0,0,0,0,0,0,0,0,0,0,0,0,0,0,0,0,0,0,0,0,0,0,0,0,0,0,0,0,0,0,0,38,14,7,45,65476,0,300,0,0,8,21553,0.0,-107605600.0,0.0,0.0,0.0,0.0,0.0,0.0,0.0,0.0,0.0,0.0,0.0,0.0,0.0,0.0,0.0,0.0,0.0,0.0,0.0,0.0,0.0,0.0,-2.004,2.004,0.0,0.0,0.0,0.0,5039.0,564145900486656.0,0.0,0.0,0.0,0.0,-107615304.0,0.0,0.0,0.0,0.0,53,2.3088403658719416e+20,2.71841759093312e+23,0.0,0.0,0.0,0.0,0.0,0.0,0.0,0,0,0,0.0,0.0,0.0,0.0,0.0,0.0,0.0,0.0,0.0,0.0,0.0,0.0,0.0,0.0,0.0,0.0,0,-107875648.0,53,0.0,106,-107614832.0,2.7006707062415038e+23,ERR,ERR,ERR,ERR,ERR,ERR,ERR,ERR,ERR,ERR,ERR,ERR,ERR,ERR,ERR,ERR,ERR,ERR,ERR,ERR,ERR,ERR,ERR,ERR,ERR,ERR,ERR,ERR,ERR,ERR,ERR,ERR,ERR,ERR,ERR,ERR,ERR,ERR,ERR,ERR,ERR,ERR,ERR,ERR,ERR,ERR,ERR,ERR,ERR,ERR,ERR,ERR,ERR,ERR,ERR,ERR,ERR,ERR,ERR,ERR,ERR,ERR,ERR,ERR,ERR,ERR,ERR,50.0,60.0,100,0.0,0.0,0.0,0.0,0.0,0.0,0.0,0.0,0.0,0.0,0.0,0.0,0.0,0.0,0.0,0.0,61.6,78,11,65507,50,65476,0,300,0,0,8,20529,65476,0,0,26214,60.0,0.0,0.0,0.0,0.0,0.0
2026-05-17T16:39:49,ERR,ERR,ERR,ERR,ERR,ERR,ERR,ERR,ERR,ERR,ERR,ERR,ERR,ERR,ERR,ERR,ERR,ERR,ERR,ERR,ERR,ERR,ERR,ERR,ERR,ERR,ERR,ERR,ERR,ERR,ERR,ERR,ERR,ERR,ERR,ERR,ERR,ERR,ERR,ERR,ERR,ERR,ERR,ERR,ERR,ERR,ERR,ERR,ERR,ERR,ERR,ERR,ERR,ERR,ERR,ERR,ERR,ERR,ERR,ERR,ERR,ERR,ERR,ERR,ERR,ERR,ERR,ERR,ERR,ERR,ERR,ERR,ERR,ERR,ERR,ERR,ERR,ERR,ERR,ERR,ERR,ERR,ERR,ERR,ERR,ERR,ERR,ERR,ERR,ERR,ERR,ERR,ERR,ERR,ERR,ERR,ERR,ERR,ERR,ERR,ERR,ERR,ERR,ERR,ERR,ERR,ERR,ERR,ERR,ERR,ERR,ERR,ERR,ERR,ERR,ERR,ERR,ERR,ERR,ERR,ERR,ERR,ERR,ERR,ERR,0.0,0.0,-134474944.0,0.0,0.0,1.3936040501711995e+18,7.805,0.0,0,0,4,0,8422,0.0,45,0.0,0.0,0.0,0.0,0.0,0,0,0,0,0.0,0,0,0,0,0,0,0,0,0,0,0,0,0,0,0,0,0,0,0,0,0,0,0,0,0,0,0,0,0,0,0,0,0,38,14,7,45,65476,0,300,0,0,8,21553,0.0,-107605600.0,0.0,0.0,0.0,0.0,0.0,0.0,0.0,0.0,0.0,0.0,0.0,0.0,0.0,0.0,0.0,0.0,0.0,0.0,0.0,0.0,0.0,0.0,-2.004,2.004,0.0,0.0,0.0,0.0,5039.0,564145900486656.0,0.0,0.0,0.0,0.0,-107615304.0,0.0,0.0,0.0,0.0,53,2.3088403658719416e+20,2.71841759093312e+23,0.0,0.0,0.0,0.0,0.0,0.0,0.0,0,0,0,0.0,0.0,0.0,0.0,0.0,0.0,0.0,0.0,0.0,0.0,0.0,0.0,0.0,0.0,0.0,0.0,0,-107875648.0,53,0.0,106,-107614832.0,2.7006707062415038e+23,ERR,ERR,ERR,ERR,ERR,ERR,ERR,ERR,ERR,ERR,ERR,ERR,ERR,ERR,ERR,ERR,ERR,ERR,ERR,ERR,ERR,ERR,ERR,ERR,ERR,ERR,ERR,ERR,ERR,ERR,ERR,ERR,ERR,ERR,ERR,ERR,ERR,ERR,ERR,ERR,ERR,ERR,ERR,ERR,ERR,ERR,ERR,ERR,ERR,ERR,ERR,ERR,ERR,ERR,ERR,ERR,ERR,ERR,ERR,ERR,ERR,ERR,ERR,ERR,ERR,ERR,ERR,50.0,60.0,100,0.0,0.0,0.0,0.0,0.0,0.0,0.0,0.0,0.0,0.0,0.0,0.0,0.0,0.0,0.0,0.0,62.0,78,11,65507,50,65476,0,300,0,0,8,20529,65476,0,0,26214,60.0,0.0,0.0,0.0,0.0,0.0
2026-05-17T16:39:50,ERR,ERR,ERR,ERR,ERR,ERR,ERR,ERR,ERR,ERR,ERR,ERR,ERR,ERR,ERR,ERR,ERR,ERR,ERR,ERR,ERR,ERR,ERR,ERR,ERR,ERR,ERR,ERR,ERR,ERR,ERR,ERR,ERR,ERR,ERR,ERR,ERR,ERR,ERR,ERR,ERR,ERR,ERR,ERR,ERR,ERR,ERR,ERR,ERR,ERR,ERR,ERR,ERR,ERR,ERR,ERR,ERR,ERR,ERR,ERR,ERR,ERR,ERR,ERR,ERR,ERR,ERR,ERR,ERR,ERR,ERR,ERR,ERR,ERR,ERR,ERR,ERR,ERR,ERR,ERR,ERR,ERR,ERR,ERR,ERR,ERR,ERR,ERR,ERR,ERR,ERR,ERR,ERR,ERR,ERR,ERR,ERR,ERR,ERR,ERR,ERR,ERR,ERR,ERR,ERR,ERR,ERR,ERR,ERR,ERR,ERR,ERR,ERR,ERR,ERR,ERR,ERR,ERR,ERR,ERR,ERR,ERR,ERR,ERR,ERR,0.0,0.0,-134474944.0,0.0,0.0,1.3936040501711995e+18,7.805,0.0,0,0,4,0,8422,0.0,45,0.0,0.0,0.0,0.0,0.0,0,0,0,0,0.0,0,0,0,0,0,0,0,0,0,0,0,0,0,0,0,0,0,0,0,0,0,0,0,0,0,0,0,0,0,0,0,0,0,38,14,7,45,65476,0,300,0,0,8,21553,0.0,-107605600.0,0.0,0.0,0.0,0.0,0.0,0.0,0.0,0.0,0.0,0.0,0.0,0.0,0.0,0.0,0.0,0.0,0.0,0.0,0.0,0.0,0.0,0.0,-2.004,2.004,0.0,0.0,0.0,0.0,5041.0,2.422988192762658e+24,0.0,0.0,0.0,0.0,-107615304.0,0.0,0.0,0.0,0.0,53,3.222028592685471e+26,5.848056079300204e+35,0.0,0.0,0.0,0.0,0.0,0.0,0.0,0,0,0,0.0,0.0,0.0,0.0,0.0,0.0,0.0,0.0,0.0,0.0,0.0,0.0,0.0,0.0,0.0,0.0,0,-107875648.0,53,0.0,106,-107614832.0,2.7006707062415038e+23,ERR,ERR,ERR,ERR,ERR,ERR,ERR,ERR,ERR,ERR,ERR,ERR,ERR,ERR,ERR,ERR,ERR,ERR,ERR,ERR,ERR,ERR,ERR,ERR,ERR,ERR,ERR,ERR,ERR,ERR,ERR,ERR,ERR,ERR,ERR,ERR,ERR,ERR,ERR,ERR,ERR,ERR,ERR,ERR,ERR,ERR,ERR,ERR,ERR,ERR,ERR,ERR,ERR,ERR,ERR,ERR,ERR,ERR,ERR,ERR,ERR,ERR,ERR,ERR,ERR,ERR,ERR,50.0,60.0,100,0.0,0.0,0.0,0.0,0.0,0.0,0.0,0.0,0.0,0.0,0.0,0.0,0.0,0.0,0.0,0.0,62.0,78,11,65507,50,65476,0,300,0,0,8,20529,65476,0,0,26214,60.0,0.0,0.0,0.0,0.0,0.0
2026-05-17T16:39:51,ERR,ERR,ERR,ERR,ERR,ERR,ERR,ERR,ERR,ERR,ERR,ERR,ERR,ERR,ERR,ERR,ERR,ERR,ERR,ERR,ERR,ERR,ERR,ERR,ERR,ERR,ERR,ERR,ERR,ERR,ERR,ERR,ERR,ERR,ERR,ERR,ERR,ERR,ERR,ERR,ERR,ERR,ERR,ERR,ERR,ERR,ERR,ERR,ERR,ERR,ERR,ERR,ERR,ERR,ERR,ERR,ERR,ERR,ERR,ERR,ERR,ERR,ERR,ERR,ERR,ERR,ERR,ERR,ERR,ERR,ERR,ERR,ERR,ERR,ERR,ERR,ERR,ERR,ERR,ERR,ERR,ERR,ERR,ERR,ERR,ERR,ERR,ERR,ERR,ERR,ERR,ERR,ERR,ERR,ERR,ERR,ERR,ERR,ERR,ERR,ERR,ERR,ERR,ERR,ERR,ERR,ERR,ERR,ERR,ERR,ERR,ERR,ERR,ERR,ERR,ERR,ERR,ERR,ERR,ERR,ERR,ERR,ERR,ERR,ERR,0.0,0.0,-134474944.0,0.0,0.0,1.3936040501711995e+18,7.805,0.0,0,0,4,0,8422,0.0,45,0.0,0.0,0.0,0.0,0.0,0,0,0,0,0.0,0,0,0,0,0,0,0,0,0,0,0,0,0,0,0,0,0,0,0,0,0,0,0,0,0,0,0,0,0,0,0,0,0,38,14,7,45,65476,0,300,0,0,8,21553,0.0,-107605600.0,0.0,0.0,0.0,0.0,0.0,0.0,0.0,0.0,0.0,0.0,0.0,0.0,0.0,0.0,0.0,0.0,0.0,0.0,0.0,0.0,0.0,0.0,-2.004,2.004,0.0,0.0,0.0,0.0,5041.0,2.422988192762658e+24,0.0,0.0,0.0,0.0,-107615304.0,0.0,0.0,0.0,0.0,53,3.222028592685471e+26,5.848056079300204e+35,0.0,0.0,0.0,0.0,0.0,0.0,0.0,0,0,0,0.0,0.0,0.0,0.0,0.0,0.0,0.0,0.0,0.0,0.0,0.0,0.0,0.0,0.0,0.0,0.0,0,-107875648.0,53,0.0,106,-107614832.0,2.7006707062415038e+23,ERR,ERR,ERR,ERR,ERR,ERR,ERR,ERR,ERR,ERR,ERR,ERR,ERR,ERR,ERR,ERR,ERR,ERR,ERR,ERR,ERR,ERR,ERR,ERR,ERR,ERR,ERR,ERR,ERR,ERR,ERR,ERR,ERR,ERR,ERR,ERR,ERR,ERR,ERR,ERR,ERR,ERR,ERR,ERR,ERR,ERR,ERR,ERR,ERR,ERR,ERR,ERR,ERR,ERR,ERR,ERR,ERR,ERR,ERR,ERR,ERR,ERR,ERR,ERR,ERR,ERR,ERR,50.0,60.0,100,0.0,0.0,0.0,0.0,0.0,0.0,0.0,0.0,0.0,0.0,0.0,0.0,0.0,0.0,0.0,0.0,62.0,78,11,65507,50,65476,0,300,0,0,8,20529,65476,0,0,26214,60.0,0.0,0.0,0.0,0.0,0.0
2026-05-17T16:39:52,ERR,ERR,ERR,ERR,ERR,ERR,ERR,ERR,ERR,ERR,ERR,ERR,ERR,ERR,ERR,ERR,ERR,ERR,ERR,ERR,ERR,ERR,ERR,ERR,ERR,ERR,ERR,ERR,ERR,ERR,ERR,ERR,ERR,ERR,ERR,ERR,ERR,ERR,ERR,ERR,ERR,ERR,ERR,ERR,ERR,ERR,ERR,ERR,ERR,ERR,ERR,ERR,ERR,ERR,ERR,ERR,ERR,ERR,ERR,ERR,ERR,ERR,ERR,ERR,ERR,ERR,ERR,ERR,ERR,ERR,ERR,ERR,ERR,ERR,ERR,ERR,ERR,ERR,ERR,ERR,ERR,ERR,ERR,ERR,ERR,ERR,ERR,ERR,ERR,ERR,ERR,ERR,ERR,ERR,ERR,ERR,ERR,ERR,ERR,ERR,ERR,ERR,ERR,ERR,ERR,ERR,ERR,ERR,ERR,ERR,ERR,ERR,ERR,ERR,ERR,ERR,ERR,ERR,ERR,ERR,ERR,ERR,ERR,ERR,ERR,0.0,0.0,-134474944.0,0.0,0.0,1.3936040501711995e+18,7.805,0.0,0,0,4,0,8422,0.0,45,0.0,0.0,0.0,0.0,0.0,0,0,0,0,0.0,0,0,0,0,0,0,0,0,0,0,0,0,0,0,0,0,0,0,0,0,0,0,0,0,0,0,0,0,0,0,0,0,0,38,14,7,45,65476,0,300,0,0,8,21553,0.0,-107605600.0,0.0,0.0,0.0,0.0,0.0,0.0,0.0,0.0,0.0,0.0,0.0,0.0,0.0,0.0,0.0,0.0,0.0,0.0,0.0,0.0,0.0,0.0,-2.004,2.004,0.0,0.0,0.0,0.0,5041.0,2.422988192762658e+24,0.0,0.0,0.0,0.0,-107615304.0,0.0,0.0,0.0,0.0,53,3.222028592685471e+26,5.848056079300204e+35,0.0,0.0,0.0,0.0,0.0,0.0,0.0,0,0,0,0.0,0.0,0.0,0.0,0.0,0.0,0.0,0.0,0.0,0.0,0.0,0.0,0.0,0.0,0.0,0.0,0,-107875648.0,53,0.0,106,-107614832.0,2.7006707062415038e+23,ERR,ERR,ERR,ERR,ERR,ERR,ERR,ERR,ERR,ERR,ERR,ERR,ERR,ERR,ERR,ERR,ERR,ERR,ERR,ERR,ERR,ERR,ERR,ERR,ERR,ERR,ERR,ERR,ERR,ERR,ERR,ERR,ERR,ERR,ERR,ERR,ERR,ERR,ERR,ERR,ERR,ERR,ERR,ERR,ERR,ERR,ERR,ERR,ERR,ERR,ERR,ERR,ERR,ERR,ERR,ERR,ERR,ERR,ERR,ERR,ERR,ERR,ERR,ERR,ERR,ERR,ERR,50.0,60.0,100,0.0,0.0,0.0,0.0,0.0,0.0,0.0,0.0,0.0,0.0,0.0,0.0,0.0,0.0,0.0,0.0,62.0,78,11,65507,50,65476,0,300,0,0,8,20529,65476,0,0,26214,60.0,0.0,0.0,0.0,0.0,0.0
2026-05-17T16:39:53,ERR,ERR,ERR,ERR,ERR,ERR,ERR,ERR,ERR,ERR,ERR,ERR,ERR,ERR,ERR,ERR,ERR,ERR,ERR,ERR,ERR,ERR,ERR,ERR,ERR,ERR,ERR,ERR,ERR,ERR,ERR,ERR,ERR,ERR,ERR,ERR,ERR,ERR,ERR,ERR,ERR,ERR,ERR,ERR,ERR,ERR,ERR,ERR,ERR,ERR,ERR,ERR,ERR,ERR,ERR,ERR,ERR,ERR,ERR,ERR,ERR,ERR,ERR,ERR,ERR,ERR,ERR,ERR,ERR,ERR,ERR,ERR,ERR,ERR,ERR,ERR,ERR,ERR,ERR,ERR,ERR,ERR,ERR,ERR,ERR,ERR,ERR,ERR,ERR,ERR,ERR,ERR,ERR,ERR,ERR,ERR,ERR,ERR,ERR,ERR,ERR,ERR,ERR,ERR,ERR,ERR,ERR,ERR,ERR,ERR,ERR,ERR,ERR,ERR,ERR,ERR,ERR,ERR,ERR,ERR,ERR,ERR,ERR,ERR,ERR,0.0,0.0,-134474944.0,0.0,0.0,1.3936040501711995e+18,7.805,0.0,0,0,4,0,8422,0.0,45,0.0,0.0,0.0,0.0,0.0,0,0,0,0,0.0,0,0,0,0,0,0,0,0,0,0,0,0,0,0,0,0,0,0,0,0,0,0,0,0,0,0,0,0,0,0,0,0,0,38,14,7,45,65476,0,300,0,0,8,21553,0.0,-107605600.0,0.0,0.0,0.0,0.0,0.0,0.0,0.0,0.0,0.0,0.0,0.0,0.0,0.0,0.0,0.0,0.0,0.0,0.0,0.0,0.0,0.0,0.0,-2.004,2.004,0.0,0.0,0.0,0.0,5041.0,2.422988192762658e+24,0.0,0.0,0.0,0.0,-107615304.0,0.0,0.0,0.0,0.0,53,3.222028592685471e+26,5.848056079300204e+35,0.0,0.0,0.0,0.0,0.0,0.0,0.0,0,0,0,0.0,0.0,0.0,0.0,0.0,0.0,0.0,0.0,0.0,0.0,0.0,0.0,0.0,0.0,0.0,0.0,0,-107875648.0,53,0.0,106,-107614832.0,2.7006707062415038e+23,ERR,ERR,ERR,ERR,ERR,ERR,ERR,ERR,ERR,ERR,ERR,ERR,ERR,ERR,ERR,ERR,ERR,ERR,ERR,ERR,ERR,ERR,ERR,ERR,ERR,ERR,ERR,ERR,ERR,ERR,ERR,ERR,ERR,ERR,ERR,ERR,ERR,ERR,ERR,ERR,ERR,ERR,ERR,ERR,ERR,ERR,ERR,ERR,ERR,ERR,ERR,ERR,ERR,ERR,ERR,ERR,ERR,ERR,ERR,ERR,ERR,ERR,ERR,ERR,ERR,ERR,ERR,50.0,60.0,100,0.0,0.0,0.0,0.0,0.0,0.0,0.0,0.0,0.0,0.0,0.0,0.0,0.0,0.0,0.0,0.0,61.6,78,11,65508,50,65476,0,300,0,0,8,20529,65476,0,0,26214,60.0,0.0,0.0,0.0,0.0,0.0
2026-05-17T16:39:54,ERR,ERR,ERR,ERR,ERR,ERR,ERR,ERR,ERR,ERR,ERR,ERR,ERR,ERR,ERR,ERR,ERR,ERR,ERR,ERR,ERR,ERR,ERR,ERR,ERR,ERR,ERR,ERR,ERR,ERR,ERR,ERR,ERR,ERR,ERR,ERR,ERR,ERR,ERR,ERR,ERR,ERR,ERR,ERR,ERR,ERR,ERR,ERR,ERR,ERR,ERR,ERR,ERR,ERR,ERR,ERR,ERR,ERR,ERR,ERR,ERR,ERR,ERR,ERR,ERR,ERR,ERR,ERR,ERR,ERR,ERR,ERR,ERR,ERR,ERR,ERR,ERR,ERR,ERR,ERR,ERR,ERR,ERR,ERR,ERR,ERR,ERR,ERR,ERR,ERR,ERR,ERR,ERR,ERR,ERR,ERR,ERR,ERR,ERR,ERR,ERR,ERR,ERR,ERR,ERR,ERR,ERR,ERR,ERR,ERR,ERR,ERR,ERR,ERR,ERR,ERR,ERR,ERR,ERR,ERR,ERR,ERR,ERR,ERR,ERR,0.0,0.0,-134474944.0,0.0,0.0,1.3936040501711995e+18,7.805,0.0,0,0,4,0,8422,0.0,45,0.0,0.0,0.0,0.0,0.0,0,0,0,0,0.0,0,0,0,0,0,0,0,0,0,0,0,0,0,0,0,0,0,0,0,0,0,0,0,0,0,0,0,0,0,0,0,0,0,38,14,7,45,65476,0,300,0,0,8,21553,0.0,-107605600.0,0.0,0.0,0.0,0.0,0.0,0.0,0.0,0.0,0.0,0.0,0.0,0.0,0.0,0.0,0.0,0.0,0.0,0.0,0.0,0.0,0.0,0.0,-2.004,2.004,0.0,0.0,0.0,0.0,5041.0,2.422988192762658e+24,0.0,0.0,0.0,0.0,-107615304.0,0.0,0.0,0.0,0.0,53,3.222028592685471e+26,5.848056079300204e+35,0.0,0.0,0.0,0.0,0.0,0.0,0.0,0,0,0,0.0,0.0,0.0,0.0,0.0,0.0,0.0,0.0,0.0,0.0,0.0,0.0,0.0,0.0,0.0,0.0,0,-107875648.0,53,0.0,106,-107614832.0,2.7006707062415038e+23,ERR,ERR,ERR,ERR,ERR,ERR,ERR,ERR,ERR,ERR,ERR,ERR,ERR,ERR,ERR,ERR,ERR,ERR,ERR,ERR,ERR,ERR,ERR,ERR,ERR,ERR,ERR,ERR,ERR,ERR,ERR,ERR,ERR,ERR,ERR,ERR,ERR,ERR,ERR,ERR,ERR,ERR,ERR,ERR,ERR,ERR,ERR,ERR,ERR,ERR,ERR,ERR,ERR,ERR,ERR,ERR,ERR,ERR,ERR,ERR,ERR,ERR,ERR,ERR,ERR,ERR,ERR,50.0,60.0,100,0.0,0.0,0.0,0.0,0.0,0.0,0.0,0.0,0.0,0.0,0.0,0.0,0.0,0.0,0.0,0.0,62.0,78,11,65508,50,65476,0,300,0,0,8,20529,65476,0,0,26214,60.0,0.0,0.0,0.0,0.0,0.0
2026-05-17T16:39:55,ERR,ERR,ERR,ERR,ERR,ERR,ERR,ERR,ERR,ERR,ERR,ERR,ERR,ERR,ERR,ERR,ERR,ERR,ERR,ERR,ERR,ERR,ERR,ERR,ERR,ERR,ERR,ERR,ERR,ERR,ERR,ERR,ERR,ERR,ERR,ERR,ERR,ERR,ERR,ERR,ERR,ERR,ERR,ERR,ERR,ERR,ERR,ERR,ERR,ERR,ERR,ERR,ERR,ERR,ERR,ERR,ERR,ERR,ERR,ERR,ERR,ERR,ERR,ERR,ERR,ERR,ERR,ERR,ERR,ERR,ERR,ERR,ERR,ERR,ERR,ERR,ERR,ERR,ERR,ERR,ERR,ERR,ERR,ERR,ERR,ERR,ERR,ERR,ERR,ERR,ERR,ERR,ERR,ERR,ERR,ERR,ERR,ERR,ERR,ERR,ERR,ERR,ERR,ERR,ERR,ERR,ERR,ERR,ERR,ERR,ERR,ERR,ERR,ERR,ERR,ERR,ERR,ERR,ERR,ERR,ERR,ERR,ERR,ERR,ERR,0.0,0.0,-134474944.0,0.0,0.0,1.3936040501711995e+18,7.805,0.0,0,0,4,0,8422,0.0,45,0.0,0.0,0.0,0.0,0.0,0,0,0,0,0.0,0,0,0,0,0,0,0,0,0,0,0,0,0,0,0,0,0,0,0,0,0,0,0,0,0,0,0,0,0,0,0,0,0,38,14,7,45,65476,0,300,0,0,8,21553,0.0,-107605600.0,0.0,0.0,0.0,0.0,0.0,0.0,0.0,0.0,0.0,0.0,0.0,0.0,0.0,0.0,0.0,0.0,0.0,0.0,0.0,0.0,0.0,0.0,-2.004,2.004,0.0,0.0,0.0,0.0,5009.0,-1.040665380856972e+34,0.0,0.0,0.0,0.0,-107615304.0,0.0,0.0,0.0,0.0,53,3.222028592685471e+26,-3.222002767243768e+26,0.0,0.0,0.0,0.0,0.0,0.0,0.0,0,0,0,0.0,0.0,0.0,0.0,0.0,0.0,0.0,0.0,0.0,0.0,0.0,0.0,0.0,0.0,0.0,0.0,0,-107875648.0,53,0.0,106,-107614832.0,2.7006707062415038e+23,ERR,ERR,ERR,ERR,ERR,ERR,ERR,ERR,ERR,ERR,ERR,ERR,ERR,ERR,ERR,ERR,ERR,ERR,ERR,ERR,ERR,ERR,ERR,ERR,ERR,ERR,ERR,ERR,ERR,ERR,ERR,ERR,ERR,ERR,ERR,ERR,ERR,ERR,ERR,ERR,ERR,ERR,ERR,ERR,ERR,ERR,ERR,ERR,ERR,ERR,ERR,ERR,ERR,ERR,ERR,ERR,ERR,ERR,ERR,ERR,ERR,ERR,ERR,ERR,ERR,ERR,ERR,50.0,60.0,100,0.0,0.0,0.0,0.0,0.0,0.0,0.0,0.0,0.0,0.0,0.0,0.0,0.0,0.0,0.0,0.0,62.0,78,11,65508,50,65476,0,300,0,0,8,20529,65476,0,0,26214,60.0,0.0,0.0,0.0,0.0,0.0
2026-05-17T16:39:56,ERR,ERR,ERR,ERR,ERR,ERR,ERR,ERR,ERR,ERR,ERR,ERR,ERR,ERR,ERR,ERR,ERR,ERR,ERR,ERR,ERR,ERR,ERR,ERR,ERR,ERR,ERR,ERR,ERR,ERR,ERR,ERR,ERR,ERR,ERR,ERR,ERR,ERR,ERR,ERR,ERR,ERR,ERR,ERR,ERR,ERR,ERR,ERR,ERR,ERR,ERR,ERR,ERR,ERR,ERR,ERR,ERR,ERR,ERR,ERR,ERR,ERR,ERR,ERR,ERR,ERR,ERR,ERR,ERR,ERR,ERR,ERR,ERR,ERR,ERR,ERR,ERR,ERR,ERR,ERR,ERR,ERR,ERR,ERR,ERR,ERR,ERR,ERR,ERR,ERR,ERR,ERR,ERR,ERR,ERR,ERR,ERR,ERR,ERR,ERR,ERR,ERR,ERR,ERR,ERR,ERR,ERR,ERR,ERR,ERR,ERR,ERR,ERR,ERR,ERR,ERR,ERR,ERR,ERR,ERR,ERR,ERR,ERR,ERR,ERR,0.0,0.0,-134474944.0,0.0,0.0,1.3936040501711995e+18,7.805,0.0,0,0,4,0,8422,0.0,45,0.0,0.0,0.0,0.0,0.0,0,0,0,0,0.0,0,0,0,0,0,0,0,0,0,0,0,0,0,0,0,0,0,0,0,0,0,0,0,0,0,0,0,0,0,0,0,0,0,38,14,7,45,65476,0,300,0,0,8,21553,0.0,-107605600.0,0.0,0.0,0.0,0.0,0.0,0.0,0.0,0.0,0.0,0.0,0.0,0.0,0.0,0.0,0.0,0.0,0.0,0.0,0.0,0.0,0.0,0.0,-2.004,2.004,0.0,0.0,0.0,0.0,5009.0,-1.040665380856972e+34,0.0,0.0,0.0,0.0,-107615304.0,0.0,0.0,0.0,0.0,53,3.222028592685471e+26,-3.222002767243768e+26,0.0,0.0,0.0,0.0,0.0,0.0,0.0,0,0,0,0.0,0.0,0.0,0.0,0.0,0.0,0.0,0.0,0.0,0.0,0.0,0.0,0.0,0.0,0.0,0.0,0,-107875648.0,53,0.0,106,-107614832.0,2.7006707062415038e+23,ERR,ERR,ERR,ERR,ERR,ERR,ERR,ERR,ERR,ERR,ERR,ERR,ERR,ERR,ERR,ERR,ERR,ERR,ERR,ERR,ERR,ERR,ERR,ERR,ERR,ERR,ERR,ERR,ERR,ERR,ERR,ERR,ERR,ERR,ERR,ERR,ERR,ERR,ERR,ERR,ERR,ERR,ERR,ERR,ERR,ERR,ERR,ERR,ERR,ERR,ERR,ERR,ERR,ERR,ERR,ERR,ERR,ERR,ERR,ERR,ERR,ERR,ERR,ERR,ERR,ERR,ERR,50.0,60.0,100,0.0,0.0,0.0,0.0,0.0,0.0,0.0,0.0,0.0,0.0,0.0,0.0,0.0,0.0,0.0,0.0,61.6,78,11,65508,50,65476,0,300,0,0,8,20529,65476,0,0,26214,60.0,0.0,0.0,0.0,0.0,0.0
2026-05-17T16:39:57,ERR,ERR,ERR,ERR,ERR,ERR,ERR,ERR,ERR,ERR,ERR,ERR,ERR,ERR,ERR,ERR,ERR,ERR,ERR,ERR,ERR,ERR,ERR,ERR,ERR,ERR,ERR,ERR,ERR,ERR,ERR,ERR,ERR,ERR,ERR,ERR,ERR,ERR,ERR,ERR,ERR,ERR,ERR,ERR,ERR,ERR,ERR,ERR,ERR,ERR,ERR,ERR,ERR,ERR,ERR,ERR,ERR,ERR,ERR,ERR,ERR,ERR,ERR,ERR,ERR,ERR,ERR,ERR,ERR,ERR,ERR,ERR,ERR,ERR,ERR,ERR,ERR,ERR,ERR,ERR,ERR,ERR,ERR,ERR,ERR,ERR,ERR,ERR,ERR,ERR,ERR,ERR,ERR,ERR,ERR,ERR,ERR,ERR,ERR,ERR,ERR,ERR,ERR,ERR,ERR,ERR,ERR,ERR,ERR,ERR,ERR,ERR,ERR,ERR,ERR,ERR,ERR,ERR,ERR,ERR,ERR,ERR,ERR,ERR,ERR,0.0,0.0,-134474944.0,0.0,0.0,1.3936040501711995e+18,7.805,0.0,0,0,4,0,8422,0.0,45,0.0,0.0,0.0,0.0,0.0,0,0,0,0,0.0,0,0,0,0,0,0,0,0,0,0,0,0,0,0,0,0,0,0,0,0,0,0,0,0,0,0,0,0,0,0,0,0,0,38,14,7,45,65476,0,300,0,0,8,21553,0.0,-107605600.0,0.0,0.0,0.0,0.0,0.0,0.0,0.0,0.0,0.0,0.0,0.0,0.0,0.0,0.0,0.0,0.0,0.0,0.0,0.0,0.0,0.0,0.0,-2.004,2.004,0.0,0.0,0.0,0.0,5009.0,-1.040665380856972e+34,0.0,0.0,0.0,0.0,-107615304.0,0.0,0.0,0.0,0.0,53,3.222028592685471e+26,-3.222002767243768e+26,0.0,0.0,0.0,0.0,0.0,0.0,0.0,0,0,0,0.0,0.0,0.0,0.0,0.0,0.0,0.0,0.0,0.0,0.0,0.0,0.0,0.0,0.0,0.0,0.0,0,-107875648.0,53,0.0,106,-107614832.0,2.7006707062415038e+23,ERR,ERR,ERR,ERR,ERR,ERR,ERR,ERR,ERR,ERR,ERR,ERR,ERR,ERR,ERR,ERR,ERR,ERR,ERR,ERR,ERR,ERR,ERR,ERR,ERR,ERR,ERR,ERR,ERR,ERR,ERR,ERR,ERR,ERR,ERR,ERR,ERR,ERR,ERR,ERR,ERR,ERR,ERR,ERR,ERR,ERR,ERR,ERR,ERR,ERR,ERR,ERR,ERR,ERR,ERR,ERR,ERR,ERR,ERR,ERR,ERR,ERR,ERR,ERR,ERR,ERR,ERR,50.0,60.0,100,0.0,0.0,0.0,0.0,0.0,0.0,0.0,0.0,0.0,0.0,0.0,0.0,0.0,0.0,0.0,0.0,61.6,78,11,65508,50,65476,0,300,0,0,8,20529,65476,0,0,26214,60.0,0.0,0.0,0.0,0.0,0.0
2026-05-17T16:39:58,ERR,ERR,ERR,ERR,ERR,ERR,ERR,ERR,ERR,ERR,ERR,ERR,ERR,ERR,ERR,ERR,ERR,ERR,ERR,ERR,ERR,ERR,ERR,ERR,ERR,ERR,ERR,ERR,ERR,ERR,ERR,ERR,ERR,ERR,ERR,ERR,ERR,ERR,ERR,ERR,ERR,ERR,ERR,ERR,ERR,ERR,ERR,ERR,ERR,ERR,ERR,ERR,ERR,ERR,ERR,ERR,ERR,ERR,ERR,ERR,ERR,ERR,ERR,ERR,ERR,ERR,ERR,ERR,ERR,ERR,ERR,ERR,ERR,ERR,ERR,ERR,ERR,ERR,ERR,ERR,ERR,ERR,ERR,ERR,ERR,ERR,ERR,ERR,ERR,ERR,ERR,ERR,ERR,ERR,ERR,ERR,ERR,ERR,ERR,ERR,ERR,ERR,ERR,ERR,ERR,ERR,ERR,ERR,ERR,ERR,ERR,ERR,ERR,ERR,ERR,ERR,ERR,ERR,ERR,ERR,ERR,ERR,ERR,ERR,ERR,0.0,0.0,-134474944.0,0.0,0.0,1.3936040501711995e+18,7.805,0.0,0,0,4,0,8422,0.0,45,0.0,0.0,0.0,0.0,0.0,0,0,0,0,0.0,0,0,0,0,0,0,0,0,0,0,0,0,0,0,0,0,0,0,0,0,0,0,0,0,0,0,0,0,0,0,0,0,0,38,14,7,45,65476,0,300,0,0,8,21553,0.0,-107605600.0,0.0,0.0,0.0,0.0,0.0,0.0,0.0,0.0,0.0,0.0,0.0,0.0,0.0,0.0,0.0,0.0,0.0,0.0,0.0,0.0,0.0,0.0,-2.004,2.004,0.0,0.0,0.0,0.0,5009.0,-1.040665380856972e+34,0.0,0.0,0.0,0.0,-107615304.0,0.0,0.0,0.0,0.0,53,3.222028592685471e+26,-3.222002767243768e+26,0.0,0.0,0.0,0.0,0.0,0.0,0.0,0,0,0,0.0,0.0,0.0,0.0,0.0,0.0,0.0,0.0,0.0,0.0,0.0,0.0,0.0,0.0,0.0,0.0,0,-107875648.0,53,0.0,106,-107614832.0,2.7006707062415038e+23,ERR,ERR,ERR,ERR,ERR,ERR,ERR,ERR,ERR,ERR,ERR,ERR,ERR,ERR,ERR,ERR,ERR,ERR,ERR,ERR,ERR,ERR,ERR,ERR,ERR,ERR,ERR,ERR,ERR,ERR,ERR,ERR,ERR,ERR,ERR,ERR,ERR,ERR,ERR,ERR,ERR,ERR,ERR,ERR,ERR,ERR,ERR,ERR,ERR,ERR,ERR,ERR,ERR,ERR,ERR,ERR,ERR,ERR,ERR,ERR,ERR,ERR,ERR,ERR,ERR,ERR,ERR,50.0,60.0,100,0.0,0.0,0.0,0.0,0.0,0.0,0.0,0.0,0.0,0.0,0.0,0.0,0.0,0.0,0.0,0.0,62.0,78,11,65508,50,65476,0,300,0,0,8,20529,65476,0,0,26214,60.0,0.0,0.0,0.0,0.0,0.0
2026-05-17T16:39:59,ERR,ERR,ERR,ERR,ERR,ERR,ERR,ERR,ERR,ERR,ERR,ERR,ERR,ERR,ERR,ERR,ERR,ERR,ERR,ERR,ERR,ERR,ERR,ERR,ERR,ERR,ERR,ERR,ERR,ERR,ERR,ERR,ERR,ERR,ERR,ERR,ERR,ERR,ERR,ERR,ERR,ERR,ERR,ERR,ERR,ERR,ERR,ERR,ERR,ERR,ERR,ERR,ERR,ERR,ERR,ERR,ERR,ERR,ERR,ERR,ERR,ERR,ERR,ERR,ERR,ERR,ERR,ERR,ERR,ERR,ERR,ERR,ERR,ERR,ERR,ERR,ERR,ERR,ERR,ERR,ERR,ERR,ERR,ERR,ERR,ERR,ERR,ERR,ERR,ERR,ERR,ERR,ERR,ERR,ERR,ERR,ERR,ERR,ERR,ERR,ERR,ERR,ERR,ERR,ERR,ERR,ERR,ERR,ERR,ERR,ERR,ERR,ERR,ERR,ERR,ERR,ERR,ERR,ERR,ERR,ERR,ERR,ERR,ERR,ERR,0.0,0.0,-134474944.0,0.0,0.0,1.3936040501711995e+18,7.805,0.0,0,0,4,0,8422,0.0,45,0.0,0.0,0.0,0.0,0.0,0,0,0,0,0.0,0,0,0,0,0,0,0,0,0,0,0,0,0,0,0,0,0,0,0,0,0,0,0,0,0,0,0,0,0,0,0,0,0,38,14,7,45,65476,0,300,0,0,8,21553,0.0,-107605600.0,0.0,0.0,0.0,0.0,0.0,0.0,0.0,0.0,0.0,0.0,0.0,0.0,0.0,0.0,0.0,0.0,0.0,0.0,0.0,0.0,0.0,0.0,-2.004,2.004,0.0,0.0,0.0,0.0,5009.0,-1.040665380856972e+34,0.0,0.0,0.0,0.0,-107615304.0,0.0,0.0,0.0,0.0,53,3.222028592685471e+26,-3.222002767243768e+26,0.0,0.0,0.0,0.0,0.0,0.0,0.0,0,0,0,0.0,0.0,0.0,0.0,0.0,0.0,0.0,0.0,0.0,0.0,0.0,0.0,0.0,0.0,0.0,0.0,0,-107875648.0,53,0.0,106,-107614832.0,2.7006707062415038e+23,ERR,ERR,ERR,ERR,ERR,ERR,ERR,ERR,ERR,ERR,ERR,ERR,ERR,ERR,ERR,ERR,ERR,ERR,ERR,ERR,ERR,ERR,ERR,ERR,ERR,ERR,ERR,ERR,ERR,ERR,ERR,ERR,ERR,ERR,ERR,ERR,ERR,ERR,ERR,ERR,ERR,ERR,ERR,ERR,ERR,ERR,ERR,ERR,ERR,ERR,ERR,ERR,ERR,ERR,ERR,ERR,ERR,ERR,ERR,ERR,ERR,ERR,ERR,ERR,ERR,ERR,ERR,50.0,60.0,100,0.0,0.0,0.0,0.0,0.0,0.0,0.0,0.0,0.0,0.0,0.0,0.0,0.0,0.0,0.0,0.0,62.0,78,11,65508,50,65476,0,300,0,0,8,20529,65476,0,0,26214,60.0,0.0,0.0,0.0,0.0,0.0
2026-05-17T16:40:00,ERR,ERR,ERR,ERR,ERR,ERR,ERR,ERR,ERR,ERR,ERR,ERR,ERR,ERR,ERR,ERR,ERR,ERR,ERR,ERR,ERR,ERR,ERR,ERR,ERR,ERR,ERR,ERR,ERR,ERR,ERR,ERR,ERR,ERR,ERR,ERR,ERR,ERR,ERR,ERR,ERR,ERR,ERR,ERR,ERR,ERR,ERR,ERR,ERR,ERR,ERR,ERR,ERR,ERR,ERR,ERR,ERR,ERR,ERR,ERR,ERR,ERR,ERR,ERR,ERR,ERR,ERR,ERR,ERR,ERR,ERR,ERR,ERR,ERR,ERR,ERR,ERR,ERR,ERR,ERR,ERR,ERR,ERR,ERR,ERR,ERR,ERR,ERR,ERR,ERR,ERR,ERR,ERR,ERR,ERR,ERR,ERR,ERR,ERR,ERR,ERR,ERR,ERR,ERR,ERR,ERR,ERR,ERR,ERR,ERR,ERR,ERR,ERR,ERR,ERR,ERR,ERR,ERR,ERR,ERR,ERR,ERR,ERR,ERR,ERR,0.0,0.0,-134474944.0,0.0,0.0,1.3936040501711995e+18,7.805,0.0,0,0,4,0,8422,0.0,45,0.0,0.0,0.0,0.0,0.0,0,0,0,0,0.0,0,0,0,0,0,0,0,0,0,0,0,0,0,0,0,0,0,0,0,0,0,0,0,0,0,0,0,0,0,0,0,0,0,38,14,7,45,65476,0,300,0,0,8,21553,0.0,-107605600.0,0.0,0.0,0.0,0.0,0.0,0.0,0.0,0.0,0.0,0.0,0.0,0.0,0.0,0.0,0.0,0.0,0.0,0.0,0.0,0.0,0.0,0.0,-2.004,2.004,0.0,0.0,0.0,0.0,5038.0,0.0,0.0,0.0,0.0,0.0,-107615304.0,0.0,0.0,0.0,0.0,53,1.9056979486756045e+17,0.0,0.0,0.0,0.0,0.0,0.0,0.0,0.0,0,0,0,0.0,0.0,0.0,0.0,0.0,0.0,0.0,0.0,0.0,0.0,0.0,0.0,0.0,0.0,0.0,0.0,0,-107875648.0,53,0.0,106,-107614832.0,2.7006707062415038e+23,ERR,ERR,ERR,ERR,ERR,ERR,ERR,ERR,ERR,ERR,ERR,ERR,ERR,ERR,ERR,ERR,ERR,ERR,ERR,ERR,ERR,ERR,ERR,ERR,ERR,ERR,ERR,ERR,ERR,ERR,ERR,ERR,ERR,ERR,ERR,ERR,ERR,ERR,ERR,ERR,ERR,ERR,ERR,ERR,ERR,ERR,ERR,ERR,ERR,ERR,ERR,ERR,ERR,ERR,ERR,ERR,ERR,ERR,ERR,ERR,ERR,ERR,ERR,ERR,ERR,ERR,ERR,50.0,60.0,100,0.0,0.0,0.0,0.0,0.0,0.0,0.0,0.0,0.0,0.0,0.0,0.0,0.0,0.0,0.0,0.0,62.0,78,11,65508,50,65476,0,300,0,0,8,20529,65476,0,0,26214,60.0,0.0,0.0,0.0,0.0,0.0
2026-05-17T16:40:01,ERR,ERR,ERR,ERR,ERR,ERR,ERR,ERR,ERR,ERR,ERR,ERR,ERR,ERR,ERR,ERR,ERR,ERR,ERR,ERR,ERR,ERR,ERR,ERR,ERR,ERR,ERR,ERR,ERR,ERR,ERR,ERR,ERR,ERR,ERR,ERR,ERR,ERR,ERR,ERR,ERR,ERR,ERR,ERR,ERR,ERR,ERR,ERR,ERR,ERR,ERR,ERR,ERR,ERR,ERR,ERR,ERR,ERR,ERR,ERR,ERR,ERR,ERR,ERR,ERR,ERR,ERR,ERR,ERR,ERR,ERR,ERR,ERR,ERR,ERR,ERR,ERR,ERR,ERR,ERR,ERR,ERR,ERR,ERR,ERR,ERR,ERR,ERR,ERR,ERR,ERR,ERR,ERR,ERR,ERR,ERR,ERR,ERR,ERR,ERR,ERR,ERR,ERR,ERR,ERR,ERR,ERR,ERR,ERR,ERR,ERR,ERR,ERR,ERR,ERR,ERR,ERR,ERR,ERR,ERR,ERR,ERR,ERR,ERR,ERR,0.0,0.0,-134474944.0,0.0,0.0,1.3936040501711995e+18,7.805,0.0,0,0,4,0,8422,0.0,45,0.0,0.0,0.0,0.0,0.0,0,0,0,0,0.0,0,0,0,0,0,0,0,0,0,0,0,0,0,0,0,0,0,0,0,0,0,0,0,0,0,0,0,0,0,0,0,0,0,38,14,7,45,65476,0,300,0,0,8,21553,0.0,-107605600.0,0.0,0.0,0.0,0.0,0.0,0.0,0.0,0.0,0.0,0.0,0.0,0.0,0.0,0.0,0.0,0.0,0.0,0.0,0.0,0.0,0.0,0.0,-2.004,2.004,0.0,0.0,0.0,0.0,5038.0,0.0,0.0,0.0,0.0,0.0,-107615304.0,0.0,0.0,0.0,0.0,53,1.9056979486756045e+17,0.0,0.0,0.0,0.0,0.0,0.0,0.0,0.0,0,0,0,0.0,0.0,0.0,0.0,0.0,0.0,0.0,0.0,0.0,0.0,0.0,0.0,0.0,0.0,0.0,0.0,0,-107875648.0,53,0.0,106,-107614832.0,2.7006707062415038e+23,ERR,ERR,ERR,ERR,ERR,ERR,ERR,ERR,ERR,ERR,ERR,ERR,ERR,ERR,ERR,ERR,ERR,ERR,ERR,ERR,ERR,ERR,ERR,ERR,ERR,ERR,ERR,ERR,ERR,ERR,ERR,ERR,ERR,ERR,ERR,ERR,ERR,ERR,ERR,ERR,ERR,ERR,ERR,ERR,ERR,ERR,ERR,ERR,ERR,ERR,ERR,ERR,ERR,ERR,ERR,ERR,ERR,ERR,ERR,ERR,ERR,ERR,ERR,ERR,ERR,ERR,ERR,50.0,60.0,100,0.0,0.0,0.0,0.0,0.0,0.0,0.0,0.0,0.0,0.0,0.0,0.0,0.0,0.0,0.0,0.0,62.0,78,11,65508,50,65476,0,300,0,0,8,20529,65476,0,0,26214,60.0,0.0,0.0,0.0,0.0,0.0
2026-05-17T16:40:02,ERR,ERR,ERR,ERR,ERR,ERR,ERR,ERR,ERR,ERR,ERR,ERR,ERR,ERR,ERR,ERR,ERR,ERR,ERR,ERR,ERR,ERR,ERR,ERR,ERR,ERR,ERR,ERR,ERR,ERR,ERR,ERR,ERR,ERR,ERR,ERR,ERR,ERR,ERR,ERR,ERR,ERR,ERR,ERR,ERR,ERR,ERR,ERR,ERR,ERR,ERR,ERR,ERR,ERR,ERR,ERR,ERR,ERR,ERR,ERR,ERR,ERR,ERR,ERR,ERR,ERR,ERR,ERR,ERR,ERR,ERR,ERR,ERR,ERR,ERR,ERR,ERR,ERR,ERR,ERR,ERR,ERR,ERR,ERR,ERR,ERR,ERR,ERR,ERR,ERR,ERR,ERR,ERR,ERR,ERR,ERR,ERR,ERR,ERR,ERR,ERR,ERR,ERR,ERR,ERR,ERR,ERR,ERR,ERR,ERR,ERR,ERR,ERR,ERR,ERR,ERR,ERR,ERR,ERR,ERR,ERR,ERR,ERR,ERR,ERR,0.0,0.0,-134474944.0,0.0,0.0,1.3936040501711995e+18,7.805,0.0,0,0,4,0,8422,0.0,45,0.0,0.0,0.0,0.0,0.0,0,0,0,0,0.0,0,0,0,0,0,0,0,0,0,0,0,0,0,0,0,0,0,0,0,0,0,0,0,0,0,0,0,0,0,0,0,0,0,38,14,7,45,65476,0,300,0,0,8,21553,0.0,-107605600.0,0.0,0.0,0.0,0.0,0.0,0.0,0.0,0.0,0.0,0.0,0.0,0.0,0.0,0.0,0.0,0.0,0.0,0.0,0.0,0.0,0.0,0.0,-2.004,2.004,0.0,0.0,0.0,0.0,5038.0,0.0,0.0,0.0,0.0,0.0,-107615304.0,0.0,0.0,0.0,0.0,53,1.9056979486756045e+17,0.0,0.0,0.0,0.0,0.0,0.0,0.0,0.0,0,0,0,0.0,0.0,0.0,0.0,0.0,0.0,0.0,0.0,0.0,0.0,0.0,0.0,0.0,0.0,0.0,0.0,0,-107875648.0,53,0.0,106,-107614832.0,2.7006707062415038e+23,ERR,ERR,ERR,ERR,ERR,ERR,ERR,ERR,ERR,ERR,ERR,ERR,ERR,ERR,ERR,ERR,ERR,ERR,ERR,ERR,ERR,ERR,ERR,ERR,ERR,ERR,ERR,ERR,ERR,ERR,ERR,ERR,ERR,ERR,ERR,ERR,ERR,ERR,ERR,ERR,ERR,ERR,ERR,ERR,ERR,ERR,ERR,ERR,ERR,ERR,ERR,ERR,ERR,ERR,ERR,ERR,ERR,ERR,ERR,ERR,ERR,ERR,ERR,ERR,ERR,ERR,ERR,50.0,60.0,100,0.0,0.0,0.0,0.0,0.0,0.0,0.0,0.0,0.0,0.0,0.0,0.0,0.0,0.0,0.0,0.0,62.0,78,11,65508,50,65476,0,300,0,0,8,20529,65476,0,0,26214,60.0,0.0,0.0,0.0,0.0,0.0
2026-05-17T16:40:03,ERR,ERR,ERR,ERR,ERR,ERR,ERR,ERR,ERR,ERR,ERR,ERR,ERR,ERR,ERR,ERR,ERR,ERR,ERR,ERR,ERR,ERR,ERR,ERR,ERR,ERR,ERR,ERR,ERR,ERR,ERR,ERR,ERR,ERR,ERR,ERR,ERR,ERR,ERR,ERR,ERR,ERR,ERR,ERR,ERR,ERR,ERR,ERR,ERR,ERR,ERR,ERR,ERR,ERR,ERR,ERR,ERR,ERR,ERR,ERR,ERR,ERR,ERR,ERR,ERR,ERR,ERR,ERR,ERR,ERR,ERR,ERR,ERR,ERR,ERR,ERR,ERR,ERR,ERR,ERR,ERR,ERR,ERR,ERR,ERR,ERR,ERR,ERR,ERR,ERR,ERR,ERR,ERR,ERR,ERR,ERR,ERR,ERR,ERR,ERR,ERR,ERR,ERR,ERR,ERR,ERR,ERR,ERR,ERR,ERR,ERR,ERR,ERR,ERR,ERR,ERR,ERR,ERR,ERR,ERR,ERR,ERR,ERR,ERR,ERR,0.0,0.0,-134474944.0,0.0,0.0,1.3936040501711995e+18,7.805,0.0,0,0,4,0,8422,0.0,45,0.0,0.0,0.0,0.0,0.0,0,0,0,0,0.0,0,0,0,0,0,0,0,0,0,0,0,0,0,0,0,0,0,0,0,0,0,0,0,0,0,0,0,0,0,0,0,0,0,38,14,7,45,65476,0,300,0,0,8,21553,0.0,-107605600.0,0.0,0.0,0.0,0.0,0.0,0.0,0.0,0.0,0.0,0.0,0.0,0.0,0.0,0.0,0.0,0.0,0.0,0.0,0.0,0.0,0.0,0.0,-2.004,2.004,0.0,0.0,0.0,0.0,5038.0,0.0,0.0,0.0,0.0,0.0,-107615304.0,0.0,0.0,0.0,0.0,53,1.9056979486756045e+17,0.0,0.0,0.0,0.0,0.0,0.0,0.0,0.0,0,0,0,0.0,0.0,0.0,0.0,0.0,0.0,0.0,0.0,0.0,0.0,0.0,0.0,0.0,0.0,0.0,0.0,0,-107875648.0,53,0.0,106,-107614832.0,2.7006707062415038e+23,ERR,ERR,ERR,ERR,ERR,ERR,ERR,ERR,ERR,ERR,ERR,ERR,ERR,ERR,ERR,ERR,ERR,ERR,ERR,ERR,ERR,ERR,ERR,ERR,ERR,ERR,ERR,ERR,ERR,ERR,ERR,ERR,ERR,ERR,ERR,ERR,ERR,ERR,ERR,ERR,ERR,ERR,ERR,ERR,ERR,ERR,ERR,ERR,ERR,ERR,ERR,ERR,ERR,ERR,ERR,ERR,ERR,ERR,ERR,ERR,ERR,ERR,ERR,ERR,ERR,ERR,ERR,50.0,60.0,100,0.0,0.0,0.0,0.0,0.0,0.0,0.0,0.0,0.0,0.0,0.0,0.0,0.0,0.0,0.0,0.0,61.6,78,11,65508,50,65476,0,300,0,0,8,20529,65476,0,0,26214,60.0,0.0,0.0,0.0,0.0,0.0
2026-05-17T16:40:04,ERR,ERR,ERR,ERR,ERR,ERR,ERR,ERR,ERR,ERR,ERR,ERR,ERR,ERR,ERR,ERR,ERR,ERR,ERR,ERR,ERR,ERR,ERR,ERR,ERR,ERR,ERR,ERR,ERR,ERR,ERR,ERR,ERR,ERR,ERR,ERR,ERR,ERR,ERR,ERR,ERR,ERR,ERR,ERR,ERR,ERR,ERR,ERR,ERR,ERR,ERR,ERR,ERR,ERR,ERR,ERR,ERR,ERR,ERR,ERR,ERR,ERR,ERR,ERR,ERR,ERR,ERR,ERR,ERR,ERR,ERR,ERR,ERR,ERR,ERR,ERR,ERR,ERR,ERR,ERR,ERR,ERR,ERR,ERR,ERR,ERR,ERR,ERR,ERR,ERR,ERR,ERR,ERR,ERR,ERR,ERR,ERR,ERR,ERR,ERR,ERR,ERR,ERR,ERR,ERR,ERR,ERR,ERR,ERR,ERR,ERR,ERR,ERR,ERR,ERR,ERR,ERR,ERR,ERR,ERR,ERR,ERR,ERR,ERR,ERR,0.0,0.0,-134474944.0,0.0,0.0,1.3936040501711995e+18,7.805,0.0,0,0,4,0,8422,0.0,45,0.0,0.0,0.0,0.0,0.0,0,0,0,0,0.0,0,0,0,0,0,0,0,0,0,0,0,0,0,0,0,0,0,0,0,0,0,0,0,0,0,0,0,0,0,0,0,0,0,38,14,7,45,65476,0,300,0,0,8,21553,0.0,-107605600.0,0.0,0.0,0.0,0.0,0.0,0.0,0.0,0.0,0.0,0.0,0.0,0.0,0.0,0.0,0.0,0.0,0.0,0.0,0.0,0.0,0.0,0.0,-2.004,2.004,0.0,0.0,0.0,0.0,5038.0,0.0,0.0,0.0,0.0,0.0,-107615304.0,0.0,0.0,0.0,0.0,53,1.9056979486756045e+17,0.0,0.0,0.0,0.0,0.0,0.0,0.0,0.0,0,0,0,0.0,0.0,0.0,0.0,0.0,0.0,0.0,0.0,0.0,0.0,0.0,0.0,0.0,0.0,0.0,0.0,0,-107875648.0,53,0.0,106,-107614832.0,2.7006707062415038e+23,ERR,ERR,ERR,ERR,ERR,ERR,ERR,ERR,ERR,ERR,ERR,ERR,ERR,ERR,ERR,ERR,ERR,ERR,ERR,ERR,ERR,ERR,ERR,ERR,ERR,ERR,ERR,ERR,ERR,ERR,ERR,ERR,ERR,ERR,ERR,ERR,ERR,ERR,ERR,ERR,ERR,ERR,ERR,ERR,ERR,ERR,ERR,ERR,ERR,ERR,ERR,ERR,ERR,ERR,ERR,ERR,ERR,ERR,ERR,ERR,ERR,ERR,ERR,ERR,ERR,ERR,ERR,50.0,60.0,100,0.0,0.0,0.0,0.0,0.0,0.0,0.0,0.0,0.0,0.0,0.0,0.0,0.0,0.0,0.0,0.0,61.6,78,11,65508,50,65476,0,300,0,0,8,20529,65476,0,0,26214,60.0,0.0,0.0,0.0,0.0,0.0
2026-05-17T16:40:05,ERR,ERR,ERR,ERR,ERR,ERR,ERR,ERR,ERR,ERR,ERR,ERR,ERR,ERR,ERR,ERR,ERR,ERR,ERR,ERR,ERR,ERR,ERR,ERR,ERR,ERR,ERR,ERR,ERR,ERR,ERR,ERR,ERR,ERR,ERR,ERR,ERR,ERR,ERR,ERR,ERR,ERR,ERR,ERR,ERR,ERR,ERR,ERR,ERR,ERR,ERR,ERR,ERR,ERR,ERR,ERR,ERR,ERR,ERR,ERR,ERR,ERR,ERR,ERR,ERR,ERR,ERR,ERR,ERR,ERR,ERR,ERR,ERR,ERR,ERR,ERR,ERR,ERR,ERR,ERR,ERR,ERR,ERR,ERR,ERR,ERR,ERR,ERR,ERR,ERR,ERR,ERR,ERR,ERR,ERR,ERR,ERR,ERR,ERR,ERR,ERR,ERR,ERR,ERR,ERR,ERR,ERR,ERR,ERR,ERR,ERR,ERR,ERR,ERR,ERR,ERR,ERR,ERR,ERR,ERR,ERR,ERR,ERR,ERR,ERR,0.0,0.0,-134474944.0,0.0,0.0,1.3936040501711995e+18,7.805,0.0,0,0,4,0,8422,0.0,45,0.0,0.0,0.0,0.0,0.0,0,0,0,0,0.0,0,0,0,0,0,0,0,0,0,0,0,0,0,0,0,0,0,0,0,0,0,0,0,0,0,0,0,0,0,0,0,0,0,38,14,7,45,65476,0,300,0,0,8,21553,0.0,-107605600.0,0.0,0.0,0.0,0.0,0.0,0.0,0.0,0.0,0.0,0.0,0.0,0.0,0.0,0.0,0.0,0.0,0.0,0.0,0.0,0.0,0.0,0.0,-2.004,2.004,0.0,0.0,0.0,0.0,5038.0,0.0,0.0,0.0,0.0,0.0,-107615304.0,0.0,0.0,0.0,0.0,53,1.9056979486756045e+17,0.059,0.0,0.0,0.0,0.0,0.0,0.0,0.0,0,0,0,0.0,0.0,0.0,0.0,0.0,0.0,0.0,0.0,0.0,0.0,0.0,0.0,0.0,0.0,0.0,0.0,0,-107875648.0,53,0.0,106,-107614832.0,2.7006707062415038e+23,ERR,ERR,ERR,ERR,ERR,ERR,ERR,ERR,ERR,ERR,ERR,ERR,ERR,ERR,ERR,ERR,ERR,ERR,ERR,ERR,ERR,ERR,ERR,ERR,ERR,ERR,ERR,ERR,ERR,ERR,ERR,ERR,ERR,ERR,ERR,ERR,ERR,ERR,ERR,ERR,ERR,ERR,ERR,ERR,ERR,ERR,ERR,ERR,ERR,ERR,ERR,ERR,ERR,ERR,ERR,ERR,ERR,ERR,ERR,ERR,ERR,ERR,ERR,ERR,ERR,ERR,ERR,50.0,60.0,100,0.0,0.0,0.0,0.0,0.0,0.0,0.0,0.0,0.0,0.0,0.0,0.0,0.0,0.0,0.0,0.0,62.0,78,11,65508,50,65476,0,300,0,0,8,20529,65476,0,0,26214,60.0,0.0,0.0,0.0,0.0,0.0
2026-05-17T16:40:06,ERR,ERR,ERR,ERR,ERR,ERR,ERR,ERR,ERR,ERR,ERR,ERR,ERR,ERR,ERR,ERR,ERR,ERR,ERR,ERR,ERR,ERR,ERR,ERR,ERR,ERR,ERR,ERR,ERR,ERR,ERR,ERR,ERR,ERR,ERR,ERR,ERR,ERR,ERR,ERR,ERR,ERR,ERR,ERR,ERR,ERR,ERR,ERR,ERR,ERR,ERR,ERR,ERR,ERR,ERR,ERR,ERR,ERR,ERR,ERR,ERR,ERR,ERR,ERR,ERR,ERR,ERR,ERR,ERR,ERR,ERR,ERR,ERR,ERR,ERR,ERR,ERR,ERR,ERR,ERR,ERR,ERR,ERR,ERR,ERR,ERR,ERR,ERR,ERR,ERR,ERR,ERR,ERR,ERR,ERR,ERR,ERR,ERR,ERR,ERR,ERR,ERR,ERR,ERR,ERR,ERR,ERR,ERR,ERR,ERR,ERR,ERR,ERR,ERR,ERR,ERR,ERR,ERR,ERR,ERR,ERR,ERR,ERR,ERR,ERR,0.0,0.0,-134474944.0,0.0,0.0,1.3936040501711995e+18,7.805,0.0,0,0,4,0,8422,0.0,45,0.0,0.0,0.0,0.0,0.0,0,0,0,0,0.0,0,0,0,0,0,0,0,0,0,0,0,0,0,0,0,0,0,0,0,0,0,0,0,0,0,0,0,0,0,0,0,0,0,38,14,7,45,65476,0,300,0,0,8,21553,0.0,-107605600.0,0.0,0.0,0.0,0.0,0.0,0.0,0.0,0.0,0.0,0.0,0.0,0.0,0.0,0.0,0.0,0.0,0.0,0.0,0.0,0.0,0.0,0.0,-2.004,2.004,0.0,0.0,0.0,0.0,5038.0,0.0,0.0,0.0,0.0,0.0,-107615304.0,0.0,0.0,0.0,0.0,53,1.9056979486756045e+17,0.059,0.0,0.0,0.0,0.0,0.0,0.0,0.0,0,0,0,0.0,0.0,0.0,0.0,0.0,0.0,0.0,0.0,0.0,0.0,0.0,0.0,0.0,0.0,0.0,0.0,0,-107875648.0,53,0.0,106,-107614832.0,2.7006707062415038e+23,ERR,ERR,ERR,ERR,ERR,ERR,ERR,ERR,ERR,ERR,ERR,ERR,ERR,ERR,ERR,ERR,ERR,ERR,ERR,ERR,ERR,ERR,ERR,ERR,ERR,ERR,ERR,ERR,ERR,ERR,ERR,ERR,ERR,ERR,ERR,ERR,ERR,ERR,ERR,ERR,ERR,ERR,ERR,ERR,ERR,ERR,ERR,ERR,ERR,ERR,ERR,ERR,ERR,ERR,ERR,ERR,ERR,ERR,ERR,ERR,ERR,ERR,ERR,ERR,ERR,ERR,ERR,50.0,60.0,100,0.0,0.0,0.0,0.0,0.0,0.0,0.0,0.0,0.0,0.0,0.0,0.0,0.0,0.0,0.0,0.0,62.0,78,11,65508,50,65476,0,300,0,0,8,20529,65476,0,0,26214,60.0,0.0,0.0,0.0,0.0,0.0
2026-05-17T16:40:07,ERR,ERR,ERR,ERR,ERR,ERR,ERR,ERR,ERR,ERR,ERR,ERR,ERR,ERR,ERR,ERR,ERR,ERR,ERR,ERR,ERR,ERR,ERR,ERR,ERR,ERR,ERR,ERR,ERR,ERR,ERR,ERR,ERR,ERR,ERR,ERR,ERR,ERR,ERR,ERR,ERR,ERR,ERR,ERR,ERR,ERR,ERR,ERR,ERR,ERR,ERR,ERR,ERR,ERR,ERR,ERR,ERR,ERR,ERR,ERR,ERR,ERR,ERR,ERR,ERR,ERR,ERR,ERR,ERR,ERR,ERR,ERR,ERR,ERR,ERR,ERR,ERR,ERR,ERR,ERR,ERR,ERR,ERR,ERR,ERR,ERR,ERR,ERR,ERR,ERR,ERR,ERR,ERR,ERR,ERR,ERR,ERR,ERR,ERR,ERR,ERR,ERR,ERR,ERR,ERR,ERR,ERR,ERR,ERR,ERR,ERR,ERR,ERR,ERR,ERR,ERR,ERR,ERR,ERR,ERR,ERR,ERR,ERR,ERR,ERR,0.0,0.0,-134474944.0,0.0,0.0,1.3936040501711995e+18,7.805,0.0,0,0,4,0,8422,0.0,45,0.0,0.0,0.0,0.0,0.0,0,0,0,0,0.0,0,0,0,0,0,0,0,0,0,0,0,0,0,0,0,0,0,0,0,0,0,0,0,0,0,0,0,0,0,0,0,0,0,38,14,7,45,65476,0,300,0,0,8,21553,0.0,-107605600.0,0.0,0.0,0.0,0.0,0.0,0.0,0.0,0.0,0.0,0.0,0.0,0.0,0.0,0.0,0.0,0.0,0.0,0.0,0.0,0.0,0.0,0.0,-2.004,2.004,0.0,0.0,0.0,0.0,5038.0,0.0,0.0,0.0,0.0,0.0,-107615304.0,0.0,0.0,0.0,0.0,53,1.9056979486756045e+17,0.059,0.0,0.0,0.0,0.0,0.0,0.0,0.0,0,0,0,0.0,0.0,0.0,0.0,0.0,0.0,0.0,0.0,0.0,0.0,0.0,0.0,0.0,0.0,0.0,0.0,0,-107875648.0,53,0.0,106,-107614832.0,2.7006707062415038e+23,ERR,ERR,ERR,ERR,ERR,ERR,ERR,ERR,ERR,ERR,ERR,ERR,ERR,ERR,ERR,ERR,ERR,ERR,ERR,ERR,ERR,ERR,ERR,ERR,ERR,ERR,ERR,ERR,ERR,ERR,ERR,ERR,ERR,ERR,ERR,ERR,ERR,ERR,ERR,ERR,ERR,ERR,ERR,ERR,ERR,ERR,ERR,ERR,ERR,ERR,ERR,ERR,ERR,ERR,ERR,ERR,ERR,ERR,ERR,ERR,ERR,ERR,ERR,ERR,ERR,ERR,ERR,50.0,60.0,100,0.0,0.0,0.0,0.0,0.0,0.0,0.0,0.0,0.0,0.0,0.0,0.0,0.0,0.0,0.0,0.0,61.6,78,11,65508,50,65476,0,300,0,0,8,20529,65476,0,0,26214,60.0,0.0,0.0,0.0,0.0,0.0
2026-05-17T16:40:08,ERR,ERR,ERR,ERR,ERR,ERR,ERR,ERR,ERR,ERR,ERR,ERR,ERR,ERR,ERR,ERR,ERR,ERR,ERR,ERR,ERR,ERR,ERR,ERR,ERR,ERR,ERR,ERR,ERR,ERR,ERR,ERR,ERR,ERR,ERR,ERR,ERR,ERR,ERR,ERR,ERR,ERR,ERR,ERR,ERR,ERR,ERR,ERR,ERR,ERR,ERR,ERR,ERR,ERR,ERR,ERR,ERR,ERR,ERR,ERR,ERR,ERR,ERR,ERR,ERR,ERR,ERR,ERR,ERR,ERR,ERR,ERR,ERR,ERR,ERR,ERR,ERR,ERR,ERR,ERR,ERR,ERR,ERR,ERR,ERR,ERR,ERR,ERR,ERR,ERR,ERR,ERR,ERR,ERR,ERR,ERR,ERR,ERR,ERR,ERR,ERR,ERR,ERR,ERR,ERR,ERR,ERR,ERR,ERR,ERR,ERR,ERR,ERR,ERR,ERR,ERR,ERR,ERR,ERR,ERR,ERR,ERR,ERR,ERR,ERR,0.0,0.0,-134474944.0,0.0,0.0,1.3936040501711995e+18,7.805,0.0,0,0,4,0,8422,0.0,45,0.0,0.0,0.0,0.0,0.0,0,0,0,0,0.0,0,0,0,0,0,0,0,0,0,0,0,0,0,0,0,0,0,0,0,0,0,0,0,0,0,0,0,0,0,0,0,0,0,38,14,7,45,65476,0,300,0,0,8,21553,0.0,-107605600.0,0.0,0.0,0.0,0.0,0.0,0.0,0.0,0.0,0.0,0.0,0.0,0.0,0.0,0.0,0.0,0.0,0.0,0.0,0.0,0.0,0.0,0.0,-2.004,2.004,0.0,0.0,0.0,0.0,5038.0,0.0,0.0,0.0,0.0,0.0,-107615304.0,0.0,0.0,0.0,0.0,53,1.9056979486756045e+17,0.059,0.0,0.0,0.0,0.0,0.0,0.0,0.0,0,0,0,0.0,0.0,0.0,0.0,0.0,0.0,0.0,0.0,0.0,0.0,0.0,0.0,0.0,0.0,0.0,0.0,0,-107875648.0,53,0.0,106,-107614832.0,2.7006707062415038e+23,ERR,ERR,ERR,ERR,ERR,ERR,ERR,ERR,ERR,ERR,ERR,ERR,ERR,ERR,ERR,ERR,ERR,ERR,ERR,ERR,ERR,ERR,ERR,ERR,ERR,ERR,ERR,ERR,ERR,ERR,ERR,ERR,ERR,ERR,ERR,ERR,ERR,ERR,ERR,ERR,ERR,ERR,ERR,ERR,ERR,ERR,ERR,ERR,ERR,ERR,ERR,ERR,ERR,ERR,ERR,ERR,ERR,ERR,ERR,ERR,ERR,ERR,ERR,ERR,ERR,ERR,ERR,50.0,60.0,100,0.0,0.0,0.0,0.0,0.0,0.0,0.0,0.0,0.0,0.0,0.0,0.0,0.0,0.0,0.0,0.0,61.6,78,11,65508,50,65476,0,300,0,0,8,20529,65476,0,0,26214,60.0,0.0,0.0,0.0,0.0,0.0
2026-05-17T16:40:09,ERR,ERR,ERR,ERR,ERR,ERR,ERR,ERR,ERR,ERR,ERR,ERR,ERR,ERR,ERR,ERR,ERR,ERR,ERR,ERR,ERR,ERR,ERR,ERR,ERR,ERR,ERR,ERR,ERR,ERR,ERR,ERR,ERR,ERR,ERR,ERR,ERR,ERR,ERR,ERR,ERR,ERR,ERR,ERR,ERR,ERR,ERR,ERR,ERR,ERR,ERR,ERR,ERR,ERR,ERR,ERR,ERR,ERR,ERR,ERR,ERR,ERR,ERR,ERR,ERR,ERR,ERR,ERR,ERR,ERR,ERR,ERR,ERR,ERR,ERR,ERR,ERR,ERR,ERR,ERR,ERR,ERR,ERR,ERR,ERR,ERR,ERR,ERR,ERR,ERR,ERR,ERR,ERR,ERR,ERR,ERR,ERR,ERR,ERR,ERR,ERR,ERR,ERR,ERR,ERR,ERR,ERR,ERR,ERR,ERR,ERR,ERR,ERR,ERR,ERR,ERR,ERR,ERR,ERR,ERR,ERR,ERR,ERR,ERR,ERR,0.0,0.0,-134474944.0,0.0,0.0,1.3936040501711995e+18,7.805,0.0,0,0,4,0,8422,0.0,45,0.0,0.0,0.0,0.0,0.0,0,0,0,0,0.0,0,0,0,0,0,0,0,0,0,0,0,0,0,0,0,0,0,0,0,0,0,0,0,0,0,0,0,0,0,0,0,0,0,38,14,7,45,65476,0,300,0,0,8,21553,0.0,-107605600.0,0.0,0.0,0.0,0.0,0.0,0.0,0.0,0.0,0.0,0.0,0.0,0.0,0.0,0.0,0.0,0.0,0.0,0.0,0.0,0.0,0.0,0.0,-2.004,2.004,0.0,0.0,0.0,0.0,5038.0,0.0,0.0,0.0,0.0,0.0,-107615304.0,0.0,0.0,0.0,0.0,53,1.9056979486756045e+17,0.059,0.0,0.0,0.0,0.0,0.0,0.0,0.0,0,0,0,0.0,0.0,0.0,0.0,0.0,0.0,0.0,0.0,0.0,0.0,0.0,0.0,0.0,0.0,0.0,0.0,0,-107875648.0,53,0.0,106,-107614832.0,2.7006707062415038e+23,ERR,ERR,ERR,ERR,ERR,ERR,ERR,ERR,ERR,ERR,ERR,ERR,ERR,ERR,ERR,ERR,ERR,ERR,ERR,ERR,ERR,ERR,ERR,ERR,ERR,ERR,ERR,ERR,ERR,ERR,ERR,ERR,ERR,ERR,ERR,ERR,ERR,ERR,ERR,ERR,ERR,ERR,ERR,ERR,ERR,ERR,ERR,ERR,ERR,ERR,ERR,ERR,ERR,ERR,ERR,ERR,ERR,ERR,ERR,ERR,ERR,ERR,ERR,ERR,ERR,ERR,ERR,50.0,60.0,100,0.0,0.0,0.0,0.0,0.0,0.0,0.0,0.0,0.0,0.0,0.0,0.0,0.0,0.0,0.0,0.0,61.6,78,11,65508,50,65476,0,300,0,0,8,20529,65476,0,0,26214,60.0,0.0,0.0,0.0,0.0,0.0
2026-05-17T16:40:10,ERR,ERR,ERR,ERR,ERR,ERR,ERR,ERR,ERR,ERR,ERR,ERR,ERR,ERR,ERR,ERR,ERR,ERR,ERR,ERR,ERR,ERR,ERR,ERR,ERR,ERR,ERR,ERR,ERR,ERR,ERR,ERR,ERR,ERR,ERR,ERR,ERR,ERR,ERR,ERR,ERR,ERR,ERR,ERR,ERR,ERR,ERR,ERR,ERR,ERR,ERR,ERR,ERR,ERR,ERR,ERR,ERR,ERR,ERR,ERR,ERR,ERR,ERR,ERR,ERR,ERR,ERR,ERR,ERR,ERR,ERR,ERR,ERR,ERR,ERR,ERR,ERR,ERR,ERR,ERR,ERR,ERR,ERR,ERR,ERR,ERR,ERR,ERR,ERR,ERR,ERR,ERR,ERR,ERR,ERR,ERR,ERR,ERR,ERR,ERR,ERR,ERR,ERR,ERR,ERR,ERR,ERR,ERR,ERR,ERR,ERR,ERR,ERR,ERR,ERR,ERR,ERR,ERR,ERR,ERR,ERR,ERR,ERR,ERR,ERR,0.0,0.0,-134474944.0,0.0,0.0,1.3936040501711995e+18,7.805,0.0,0,0,4,0,8422,0.0,45,0.0,0.0,0.0,0.0,0.0,0,0,0,0,0.0,0,0,0,0,0,0,0,0,0,0,0,0,0,0,0,0,0,0,0,0,0,0,0,0,0,0,0,0,0,0,0,0,0,38,14,7,45,65476,0,300,0,0,8,21553,0.0,-107605600.0,0.0,0.0,0.0,0.0,0.0,0.0,0.0,0.0,0.0,0.0,0.0,0.0,0.0,0.0,0.0,0.0,0.0,0.0,0.0,0.0,0.0,0.0,-2.004,2.004,0.0,0.0,0.0,0.0,5037.0,0.0,0.0,0.0,0.0,0.0,-107615304.0,0.0,0.0,0.0,0.0,53,152018454839296.0,-4.9504015179484054e+32,0.0,0.0,0.0,0.0,0.0,0.0,0.0,0,0,0,0.0,0.0,0.0,0.0,0.0,0.0,0.0,0.0,0.0,0.0,0.0,0.0,0.0,0.0,0.0,0.0,0,-107875648.0,53,0.0,106,-107614832.0,2.7006707062415038e+23,ERR,ERR,ERR,ERR,ERR,ERR,ERR,ERR,ERR,ERR,ERR,ERR,ERR,ERR,ERR,ERR,ERR,ERR,ERR,ERR,ERR,ERR,ERR,ERR,ERR,ERR,ERR,ERR,ERR,ERR,ERR,ERR,ERR,ERR,ERR,ERR,ERR,ERR,ERR,ERR,ERR,ERR,ERR,ERR,ERR,ERR,ERR,ERR,ERR,ERR,ERR,ERR,ERR,ERR,ERR,ERR,ERR,ERR,ERR,ERR,ERR,ERR,ERR,ERR,ERR,ERR,ERR,50.0,60.0,100,0.0,0.0,0.0,0.0,0.0,0.0,0.0,0.0,0.0,0.0,0.0,0.0,0.0,0.0,0.0,0.0,61.6,78,11,65508,50,65476,0,300,0,0,8,20529,65476,0,0,26214,60.0,0.0,0.0,0.0,0.0,0.0
2026-05-17T16:40:11,ERR,ERR,ERR,ERR,ERR,ERR,ERR,ERR,ERR,ERR,ERR,ERR,ERR,ERR,ERR,ERR,ERR,ERR,ERR,ERR,ERR,ERR,ERR,ERR,ERR,ERR,ERR,ERR,ERR,ERR,ERR,ERR,ERR,ERR,ERR,ERR,ERR,ERR,ERR,ERR,ERR,ERR,ERR,ERR,ERR,ERR,ERR,ERR,ERR,ERR,ERR,ERR,ERR,ERR,ERR,ERR,ERR,ERR,ERR,ERR,ERR,ERR,ERR,ERR,ERR,ERR,ERR,ERR,ERR,ERR,ERR,ERR,ERR,ERR,ERR,ERR,ERR,ERR,ERR,ERR,ERR,ERR,ERR,ERR,ERR,ERR,ERR,ERR,ERR,ERR,ERR,ERR,ERR,ERR,ERR,ERR,ERR,ERR,ERR,ERR,ERR,ERR,ERR,ERR,ERR,ERR,ERR,ERR,ERR,ERR,ERR,ERR,ERR,ERR,ERR,ERR,ERR,ERR,ERR,ERR,ERR,ERR,ERR,ERR,ERR,0.0,0.0,-134474944.0,0.0,0.0,1.3936040501711995e+18,7.805,0.0,0,0,4,0,8422,0.0,45,0.0,0.0,0.0,0.0,0.0,0,0,0,0,0.0,0,0,0,0,0,0,0,0,0,0,0,0,0,0,0,0,0,0,0,0,0,0,0,0,0,0,0,0,0,0,0,0,0,38,14,7,45,65476,0,300,0,0,8,21553,0.0,-107605600.0,0.0,0.0,0.0,0.0,0.0,0.0,0.0,0.0,0.0,0.0,0.0,0.0,0.0,0.0,0.0,0.0,0.0,0.0,0.0,0.0,0.0,0.0,-2.004,2.004,0.0,0.0,0.0,0.0,5037.0,0.0,0.0,0.0,0.0,0.0,-107615304.0,0.0,0.0,0.0,0.0,53,152018454839296.0,-4.9504015179484054e+32,0.0,0.0,0.0,0.0,0.0,0.0,0.0,0,0,0,0.0,0.0,0.0,0.0,0.0,0.0,0.0,0.0,0.0,0.0,0.0,0.0,0.0,0.0,0.0,0.0,0,-107875648.0,53,0.0,106,-107614832.0,2.7006707062415038e+23,ERR,ERR,ERR,ERR,ERR,ERR,ERR,ERR,ERR,ERR,ERR,ERR,ERR,ERR,ERR,ERR,ERR,ERR,ERR,ERR,ERR,ERR,ERR,ERR,ERR,ERR,ERR,ERR,ERR,ERR,ERR,ERR,ERR,ERR,ERR,ERR,ERR,ERR,ERR,ERR,ERR,ERR,ERR,ERR,ERR,ERR,ERR,ERR,ERR,ERR,ERR,ERR,ERR,ERR,ERR,ERR,ERR,ERR,ERR,ERR,ERR,ERR,ERR,ERR,ERR,ERR,ERR,50.0,60.0,100,0.0,0.0,0.0,0.0,0.0,0.0,0.0,0.0,0.0,0.0,0.0,0.0,0.0,0.0,0.0,0.0,61.6,78,11,65508,50,65476,0,300,0,0,8,20529,65476,0,0,26214,60.0,0.0,0.0,0.0,0.0,0.0
2026-05-17T16:40:12,ERR,ERR,ERR,ERR,ERR,ERR,ERR,ERR,ERR,ERR,ERR,ERR,ERR,ERR,ERR,ERR,ERR,ERR,ERR,ERR,ERR,ERR,ERR,ERR,ERR,ERR,ERR,ERR,ERR,ERR,ERR,ERR,ERR,ERR,ERR,ERR,ERR,ERR,ERR,ERR,ERR,ERR,ERR,ERR,ERR,ERR,ERR,ERR,ERR,ERR,ERR,ERR,ERR,ERR,ERR,ERR,ERR,ERR,ERR,ERR,ERR,ERR,ERR,ERR,ERR,ERR,ERR,ERR,ERR,ERR,ERR,ERR,ERR,ERR,ERR,ERR,ERR,ERR,ERR,ERR,ERR,ERR,ERR,ERR,ERR,ERR,ERR,ERR,ERR,ERR,ERR,ERR,ERR,ERR,ERR,ERR,ERR,ERR,ERR,ERR,ERR,ERR,ERR,ERR,ERR,ERR,ERR,ERR,ERR,ERR,ERR,ERR,ERR,ERR,ERR,ERR,ERR,ERR,ERR,ERR,ERR,ERR,ERR,ERR,ERR,0.0,0.0,-134474944.0,0.0,0.0,1.3936040501711995e+18,7.805,0.0,0,0,4,0,8422,0.0,45,0.0,0.0,0.0,0.0,0.0,0,0,0,0,0.0,0,0,0,0,0,0,0,0,0,0,0,0,0,0,0,0,0,0,0,0,0,0,0,0,0,0,0,0,0,0,0,0,0,38,14,7,45,65476,0,300,0,0,8,21553,0.0,-107605600.0,0.0,0.0,0.0,0.0,0.0,0.0,0.0,0.0,0.0,0.0,0.0,0.0,0.0,0.0,0.0,0.0,0.0,0.0,0.0,0.0,0.0,0.0,-2.004,2.004,0.0,0.0,0.0,0.0,5037.0,0.0,0.0,0.0,0.0,0.0,-107615304.0,0.0,0.0,0.0,0.0,53,152018454839296.0,-4.9504015179484054e+32,0.0,0.0,0.0,0.0,0.0,0.0,0.0,0,0,0,0.0,0.0,0.0,0.0,0.0,0.0,0.0,0.0,0.0,0.0,0.0,0.0,0.0,0.0,0.0,0.0,0,-107875648.0,53,0.0,106,-107614832.0,2.7006707062415038e+23,ERR,ERR,ERR,ERR,ERR,ERR,ERR,ERR,ERR,ERR,ERR,ERR,ERR,ERR,ERR,ERR,ERR,ERR,ERR,ERR,ERR,ERR,ERR,ERR,ERR,ERR,ERR,ERR,ERR,ERR,ERR,ERR,ERR,ERR,ERR,ERR,ERR,ERR,ERR,ERR,ERR,ERR,ERR,ERR,ERR,ERR,ERR,ERR,ERR,ERR,ERR,ERR,ERR,ERR,ERR,ERR,ERR,ERR,ERR,ERR,ERR,ERR,ERR,ERR,ERR,ERR,ERR,50.0,60.0,100,0.0,0.0,0.0,0.0,0.0,0.0,0.0,0.0,0.0,0.0,0.0,0.0,0.0,0.0,0.0,0.0,61.6,78,11,65508,50,65476,0,300,0,0,8,20529,65476,0,0,26214,60.0,0.0,0.0,0.0,0.0,0.0
2026-05-17T16:40:13,ERR,ERR,ERR,ERR,ERR,ERR,ERR,ERR,ERR,ERR,ERR,ERR,ERR,ERR,ERR,ERR,ERR,ERR,ERR,ERR,ERR,ERR,ERR,ERR,ERR,ERR,ERR,ERR,ERR,ERR,ERR,ERR,ERR,ERR,ERR,ERR,ERR,ERR,ERR,ERR,ERR,ERR,ERR,ERR,ERR,ERR,ERR,ERR,ERR,ERR,ERR,ERR,ERR,ERR,ERR,ERR,ERR,ERR,ERR,ERR,ERR,ERR,ERR,ERR,ERR,ERR,ERR,ERR,ERR,ERR,ERR,ERR,ERR,ERR,ERR,ERR,ERR,ERR,ERR,ERR,ERR,ERR,ERR,ERR,ERR,ERR,ERR,ERR,ERR,ERR,ERR,ERR,ERR,ERR,ERR,ERR,ERR,ERR,ERR,ERR,ERR,ERR,ERR,ERR,ERR,ERR,ERR,ERR,ERR,ERR,ERR,ERR,ERR,ERR,ERR,ERR,ERR,ERR,ERR,ERR,ERR,ERR,ERR,ERR,ERR,0.0,0.0,-134474944.0,0.0,0.0,1.3936040501711995e+18,7.805,0.0,0,0,4,0,8422,0.0,45,0.0,0.0,0.0,0.0,0.0,0,0,0,0,0.0,0,0,0,0,0,0,0,0,0,0,0,0,0,0,0,0,0,0,0,0,0,0,0,0,0,0,0,0,0,0,0,0,0,38,14,7,45,65476,0,300,0,0,8,21553,0.0,-107605600.0,0.0,0.0,0.0,0.0,0.0,0.0,0.0,0.0,0.0,0.0,0.0,0.0,0.0,0.0,0.0,0.0,0.0,0.0,0.0,0.0,0.0,0.0,-2.004,2.004,0.0,0.0,0.0,0.0,5037.0,0.0,0.0,0.0,0.0,0.0,-107615304.0,0.0,0.0,0.0,0.0,53,152018454839296.0,-4.9504015179484054e+32,0.0,0.0,0.0,0.0,0.0,0.0,0.0,0,0,0,0.0,0.0,0.0,0.0,0.0,0.0,0.0,0.0,0.0,0.0,0.0,0.0,0.0,0.0,0.0,0.0,0,-107875648.0,53,0.0,106,-107614832.0,2.7006707062415038e+23,ERR,ERR,ERR,ERR,ERR,ERR,ERR,ERR,ERR,ERR,ERR,ERR,ERR,ERR,ERR,ERR,ERR,ERR,ERR,ERR,ERR,ERR,ERR,ERR,ERR,ERR,ERR,ERR,ERR,ERR,ERR,ERR,ERR,ERR,ERR,ERR,ERR,ERR,ERR,ERR,ERR,ERR,ERR,ERR,ERR,ERR,ERR,ERR,ERR,ERR,ERR,ERR,ERR,ERR,ERR,ERR,ERR,ERR,ERR,ERR,ERR,ERR,ERR,ERR,ERR,ERR,ERR,50.0,60.0,100,0.0,0.0,0.0,0.0,0.0,0.0,0.0,0.0,0.0,0.0,0.0,0.0,0.0,0.0,0.0,0.0,61.6,78,11,65508,50,65476,0,300,0,0,8,20529,65476,0,0,26214,60.0,0.0,0.0,0.0,0.0,0.0
2026-05-17T16:40:14,ERR,ERR,ERR,ERR,ERR,ERR,ERR,ERR,ERR,ERR,ERR,ERR,ERR,ERR,ERR,ERR,ERR,ERR,ERR,ERR,ERR,ERR,ERR,ERR,ERR,ERR,ERR,ERR,ERR,ERR,ERR,ERR,ERR,ERR,ERR,ERR,ERR,ERR,ERR,ERR,ERR,ERR,ERR,ERR,ERR,ERR,ERR,ERR,ERR,ERR,ERR,ERR,ERR,ERR,ERR,ERR,ERR,ERR,ERR,ERR,ERR,ERR,ERR,ERR,ERR,ERR,ERR,ERR,ERR,ERR,ERR,ERR,ERR,ERR,ERR,ERR,ERR,ERR,ERR,ERR,ERR,ERR,ERR,ERR,ERR,ERR,ERR,ERR,ERR,ERR,ERR,ERR,ERR,ERR,ERR,ERR,ERR,ERR,ERR,ERR,ERR,ERR,ERR,ERR,ERR,ERR,ERR,ERR,ERR,ERR,ERR,ERR,ERR,ERR,ERR,ERR,ERR,ERR,ERR,ERR,ERR,ERR,ERR,ERR,ERR,0.0,0.0,-134474944.0,0.0,0.0,1.3936040501711995e+18,7.805,0.0,0,0,4,0,8422,0.0,45,0.0,0.0,0.0,0.0,0.0,0,0,0,0,0.0,0,0,0,0,0,0,0,0,0,0,0,0,0,0,0,0,0,0,0,0,0,0,0,0,0,0,0,0,0,0,0,0,0,38,14,7,45,65476,0,300,0,0,8,21553,0.0,-107605600.0,0.0,0.0,0.0,0.0,0.0,0.0,0.0,0.0,0.0,0.0,0.0,0.0,0.0,0.0,0.0,0.0,0.0,0.0,0.0,0.0,0.0,0.0,-2.004,2.004,0.0,0.0,0.0,0.0,5037.0,0.0,0.0,0.0,0.0,0.0,-107615304.0,0.0,0.0,0.0,0.0,53,152018454839296.0,-4.9504015179484054e+32,0.0,0.0,0.0,0.0,0.0,0.0,0.0,0,0,0,0.0,0.0,0.0,0.0,0.0,0.0,0.0,0.0,0.0,0.0,0.0,0.0,0.0,0.0,0.0,0.0,0,-107875648.0,53,0.0,106,-107614832.0,2.7006707062415038e+23,ERR,ERR,ERR,ERR,ERR,ERR,ERR,ERR,ERR,ERR,ERR,ERR,ERR,ERR,ERR,ERR,ERR,ERR,ERR,ERR,ERR,ERR,ERR,ERR,ERR,ERR,ERR,ERR,ERR,ERR,ERR,ERR,ERR,ERR,ERR,ERR,ERR,ERR,ERR,ERR,ERR,ERR,ERR,ERR,ERR,ERR,ERR,ERR,ERR,ERR,ERR,ERR,ERR,ERR,ERR,ERR,ERR,ERR,ERR,ERR,ERR,ERR,ERR,ERR,ERR,ERR,ERR,50.0,60.0,100,0.0,0.0,0.0,0.0,0.0,0.0,0.0,0.0,0.0,0.0,0.0,0.0,0.0,0.0,0.0,0.0,62.0,78,11,65508,50,65476,0,300,0,0,8,20529,65476,0,0,26214,60.0,0.0,0.0,0.0,0.0,0.0
2026-05-17T16:40:15,ERR,ERR,ERR,ERR,ERR,ERR,ERR,ERR,ERR,ERR,ERR,ERR,ERR,ERR,ERR,ERR,ERR,ERR,ERR,ERR,ERR,ERR,ERR,ERR,ERR,ERR,ERR,ERR,ERR,ERR,ERR,ERR,ERR,ERR,ERR,ERR,ERR,ERR,ERR,ERR,ERR,ERR,ERR,ERR,ERR,ERR,ERR,ERR,ERR,ERR,ERR,ERR,ERR,ERR,ERR,ERR,ERR,ERR,ERR,ERR,ERR,ERR,ERR,ERR,ERR,ERR,ERR,ERR,ERR,ERR,ERR,ERR,ERR,ERR,ERR,ERR,ERR,ERR,ERR,ERR,ERR,ERR,ERR,ERR,ERR,ERR,ERR,ERR,ERR,ERR,ERR,ERR,ERR,ERR,ERR,ERR,ERR,ERR,ERR,ERR,ERR,ERR,ERR,ERR,ERR,ERR,ERR,ERR,ERR,ERR,ERR,ERR,ERR,ERR,ERR,ERR,ERR,ERR,ERR,ERR,ERR,ERR,ERR,ERR,ERR,0.0,0.0,-134474944.0,0.0,0.0,1.3936040501711995e+18,7.805,0.0,0,0,4,0,8422,0.0,45,0.0,0.0,0.0,0.0,0.0,0,0,0,0,0.0,0,0,0,0,0,0,0,0,0,0,0,0,0,0,0,0,0,0,0,0,0,0,0,0,0,0,0,0,0,0,0,0,0,38,14,7,45,65476,0,300,0,0,8,21553,0.0,-107605600.0,0.0,0.0,0.0,0.0,0.0,0.0,0.0,0.0,0.0,0.0,0.0,0.0,0.0,0.0,0.0,0.0,0.0,0.0,0.0,0.0,0.0,0.0,-2.004,2.004,0.0,0.0,0.0,0.0,5005.0,-0.0,0.0,0.0,0.0,0.0,-107615304.0,0.0,0.0,0.0,0.0,53,152018454839296.0,4.066853658014554e+29,0.0,0.0,0.0,0.0,0.0,0.0,0.0,0,0,0,0.0,0.0,0.0,0.0,0.0,0.0,0.0,0.0,0.0,0.0,0.0,0.0,0.0,0.0,0.0,0.0,0,-107875648.0,53,0.0,106,-107614832.0,2.7006707062415038e+23,ERR,ERR,ERR,ERR,ERR,ERR,ERR,ERR,ERR,ERR,ERR,ERR,ERR,ERR,ERR,ERR,ERR,ERR,ERR,ERR,ERR,ERR,ERR,ERR,ERR,ERR,ERR,ERR,ERR,ERR,ERR,ERR,ERR,ERR,ERR,ERR,ERR,ERR,ERR,ERR,ERR,ERR,ERR,ERR,ERR,ERR,ERR,ERR,ERR,ERR,ERR,ERR,ERR,ERR,ERR,ERR,ERR,ERR,ERR,ERR,ERR,ERR,ERR,ERR,ERR,ERR,ERR,50.0,60.0,100,0.0,0.0,0.0,0.0,0.0,0.0,0.0,0.0,0.0,0.0,0.0,0.0,0.0,0.0,0.0,0.0,61.6,78,11,65508,50,65476,0,300,0,0,8,20529,65476,0,0,26214,60.0,0.0,0.0,0.0,0.0,0.0
2026-05-17T16:40:16,ERR,ERR,ERR,ERR,ERR,ERR,ERR,ERR,ERR,ERR,ERR,ERR,ERR,ERR,ERR,ERR,ERR,ERR,ERR,ERR,ERR,ERR,ERR,ERR,ERR,ERR,ERR,ERR,ERR,ERR,ERR,ERR,ERR,ERR,ERR,ERR,ERR,ERR,ERR,ERR,ERR,ERR,ERR,ERR,ERR,ERR,ERR,ERR,ERR,ERR,ERR,ERR,ERR,ERR,ERR,ERR,ERR,ERR,ERR,ERR,ERR,ERR,ERR,ERR,ERR,ERR,ERR,ERR,ERR,ERR,ERR,ERR,ERR,ERR,ERR,ERR,ERR,ERR,ERR,ERR,ERR,ERR,ERR,ERR,ERR,ERR,ERR,ERR,ERR,ERR,ERR,ERR,ERR,ERR,ERR,ERR,ERR,ERR,ERR,ERR,ERR,ERR,ERR,ERR,ERR,ERR,ERR,ERR,ERR,ERR,ERR,ERR,ERR,ERR,ERR,ERR,ERR,ERR,ERR,ERR,ERR,ERR,ERR,ERR,ERR,0.0,0.0,-134474944.0,0.0,0.0,1.3936040501711995e+18,7.805,0.0,0,0,4,0,8422,0.0,45,0.0,0.0,0.0,0.0,0.0,0,0,0,0,0.0,0,0,0,0,0,0,0,0,0,0,0,0,0,0,0,0,0,0,0,0,0,0,0,0,0,0,0,0,0,0,0,0,0,38,14,7,45,65476,0,300,0,0,8,21553,0.0,-107605600.0,0.0,0.0,0.0,0.0,0.0,0.0,0.0,0.0,0.0,0.0,0.0,0.0,0.0,0.0,0.0,0.0,0.0,0.0,0.0,0.0,0.0,0.0,-2.004,2.004,0.0,0.0,0.0,0.0,5005.0,-0.0,0.0,0.0,0.0,0.0,-107615304.0,0.0,0.0,0.0,0.0,53,152018454839296.0,4.066853658014554e+29,0.0,0.0,0.0,0.0,0.0,0.0,0.0,0,0,0,0.0,0.0,0.0,0.0,0.0,0.0,0.0,0.0,0.0,0.0,0.0,0.0,0.0,0.0,0.0,0.0,0,-107875648.0,53,0.0,106,-107614832.0,2.7006707062415038e+23,ERR,ERR,ERR,ERR,ERR,ERR,ERR,ERR,ERR,ERR,ERR,ERR,ERR,ERR,ERR,ERR,ERR,ERR,ERR,ERR,ERR,ERR,ERR,ERR,ERR,ERR,ERR,ERR,ERR,ERR,ERR,ERR,ERR,ERR,ERR,ERR,ERR,ERR,ERR,ERR,ERR,ERR,ERR,ERR,ERR,ERR,ERR,ERR,ERR,ERR,ERR,ERR,ERR,ERR,ERR,ERR,ERR,ERR,ERR,ERR,ERR,ERR,ERR,ERR,ERR,ERR,ERR,50.0,60.0,100,0.0,0.0,0.0,0.0,0.0,0.0,0.0,0.0,0.0,0.0,0.0,0.0,0.0,0.0,0.0,0.0,61.6,78,11,65508,50,65476,0,300,0,0,8,20529,65476,0,0,26214,60.0,0.0,0.0,0.0,0.0,0.0
2026-05-17T16:40:17,ERR,ERR,ERR,ERR,ERR,ERR,ERR,ERR,ERR,ERR,ERR,ERR,ERR,ERR,ERR,ERR,ERR,ERR,ERR,ERR,ERR,ERR,ERR,ERR,ERR,ERR,ERR,ERR,ERR,ERR,ERR,ERR,ERR,ERR,ERR,ERR,ERR,ERR,ERR,ERR,ERR,ERR,ERR,ERR,ERR,ERR,ERR,ERR,ERR,ERR,ERR,ERR,ERR,ERR,ERR,ERR,ERR,ERR,ERR,ERR,ERR,ERR,ERR,ERR,ERR,ERR,ERR,ERR,ERR,ERR,ERR,ERR,ERR,ERR,ERR,ERR,ERR,ERR,ERR,ERR,ERR,ERR,ERR,ERR,ERR,ERR,ERR,ERR,ERR,ERR,ERR,ERR,ERR,ERR,ERR,ERR,ERR,ERR,ERR,ERR,ERR,ERR,ERR,ERR,ERR,ERR,ERR,ERR,ERR,ERR,ERR,ERR,ERR,ERR,ERR,ERR,ERR,ERR,ERR,ERR,ERR,ERR,ERR,ERR,ERR,0.0,0.0,-134474944.0,0.0,0.0,1.3936040501711995e+18,7.805,0.0,0,0,4,0,8422,0.0,45,0.0,0.0,0.0,0.0,0.0,0,0,0,0,0.0,0,0,0,0,0,0,0,0,0,0,0,0,0,0,0,0,0,0,0,0,0,0,0,0,0,0,0,0,0,0,0,0,0,38,14,7,45,65476,0,300,0,0,8,21553,0.0,-107605600.0,0.0,0.0,0.0,0.0,0.0,0.0,0.0,0.0,0.0,0.0,0.0,0.0,0.0,0.0,0.0,0.0,0.0,0.0,0.0,0.0,0.0,0.0,-2.004,2.004,0.0,0.0,0.0,0.0,5005.0,-0.0,0.0,0.0,0.0,0.0,-107615304.0,0.0,0.0,0.0,0.0,53,152018454839296.0,4.066853658014554e+29,0.0,0.0,0.0,0.0,0.0,0.0,0.0,0,0,0,0.0,0.0,0.0,0.0,0.0,0.0,0.0,0.0,0.0,0.0,0.0,0.0,0.0,0.0,0.0,0.0,0,-107875648.0,53,0.0,106,-107614832.0,2.7006707062415038e+23,ERR,ERR,ERR,ERR,ERR,ERR,ERR,ERR,ERR,ERR,ERR,ERR,ERR,ERR,ERR,ERR,ERR,ERR,ERR,ERR,ERR,ERR,ERR,ERR,ERR,ERR,ERR,ERR,ERR,ERR,ERR,ERR,ERR,ERR,ERR,ERR,ERR,ERR,ERR,ERR,ERR,ERR,ERR,ERR,ERR,ERR,ERR,ERR,ERR,ERR,ERR,ERR,ERR,ERR,ERR,ERR,ERR,ERR,ERR,ERR,ERR,ERR,ERR,ERR,ERR,ERR,ERR,50.0,60.0,100,0.0,0.0,0.0,0.0,0.0,0.0,0.0,0.0,0.0,0.0,0.0,0.0,0.0,0.0,0.0,0.0,61.6,78,11,65508,50,65476,0,300,0,0,8,20529,65476,0,0,26214,60.0,0.0,0.0,0.0,0.0,0.0
2026-05-17T16:40:18,ERR,ERR,ERR,ERR,ERR,ERR,ERR,ERR,ERR,ERR,ERR,ERR,ERR,ERR,ERR,ERR,ERR,ERR,ERR,ERR,ERR,ERR,ERR,ERR,ERR,ERR,ERR,ERR,ERR,ERR,ERR,ERR,ERR,ERR,ERR,ERR,ERR,ERR,ERR,ERR,ERR,ERR,ERR,ERR,ERR,ERR,ERR,ERR,ERR,ERR,ERR,ERR,ERR,ERR,ERR,ERR,ERR,ERR,ERR,ERR,ERR,ERR,ERR,ERR,ERR,ERR,ERR,ERR,ERR,ERR,ERR,ERR,ERR,ERR,ERR,ERR,ERR,ERR,ERR,ERR,ERR,ERR,ERR,ERR,ERR,ERR,ERR,ERR,ERR,ERR,ERR,ERR,ERR,ERR,ERR,ERR,ERR,ERR,ERR,ERR,ERR,ERR,ERR,ERR,ERR,ERR,ERR,ERR,ERR,ERR,ERR,ERR,ERR,ERR,ERR,ERR,ERR,ERR,ERR,ERR,ERR,ERR,ERR,ERR,ERR,0.0,0.0,-134474944.0,0.0,0.0,1.3936040501711995e+18,7.805,0.0,0,0,4,0,8422,0.0,45,0.0,0.0,0.0,0.0,0.0,0,0,0,0,0.0,0,0,0,0,0,0,0,0,0,0,0,0,0,0,0,0,0,0,0,0,0,0,0,0,0,0,0,0,0,0,0,0,0,38,14,7,45,65476,0,300,0,0,8,21553,0.0,-107605600.0,0.0,0.0,0.0,0.0,0.0,0.0,0.0,0.0,0.0,0.0,0.0,0.0,0.0,0.0,0.0,0.0,0.0,0.0,0.0,0.0,0.0,0.0,-2.004,2.004,0.0,0.0,0.0,0.0,5005.0,-0.0,0.0,0.0,0.0,0.0,-107615304.0,0.0,0.0,0.0,0.0,53,152018454839296.0,4.066853658014554e+29,0.0,0.0,0.0,0.0,0.0,0.0,0.0,0,0,0,0.0,0.0,0.0,0.0,0.0,0.0,0.0,0.0,0.0,0.0,0.0,0.0,0.0,0.0,0.0,0.0,0,-107875648.0,53,0.0,106,-107614832.0,2.7006707062415038e+23,ERR,ERR,ERR,ERR,ERR,ERR,ERR,ERR,ERR,ERR,ERR,ERR,ERR,ERR,ERR,ERR,ERR,ERR,ERR,ERR,ERR,ERR,ERR,ERR,ERR,ERR,ERR,ERR,ERR,ERR,ERR,ERR,ERR,ERR,ERR,ERR,ERR,ERR,ERR,ERR,ERR,ERR,ERR,ERR,ERR,ERR,ERR,ERR,ERR,ERR,ERR,ERR,ERR,ERR,ERR,ERR,ERR,ERR,ERR,ERR,ERR,ERR,ERR,ERR,ERR,ERR,ERR,50.0,60.0,100,0.0,0.0,0.0,0.0,0.0,0.0,0.0,0.0,0.0,0.0,0.0,0.0,0.0,0.0,0.0,0.0,61.6,78,11,65508,50,65476,0,300,0,0,8,20529,65476,0,0,26214,60.0,0.0,0.0,0.0,0.0,0.0
2026-05-17T16:40:19,ERR,ERR,ERR,ERR,ERR,ERR,ERR,ERR,ERR,ERR,ERR,ERR,ERR,ERR,ERR,ERR,ERR,ERR,ERR,ERR,ERR,ERR,ERR,ERR,ERR,ERR,ERR,ERR,ERR,ERR,ERR,ERR,ERR,ERR,ERR,ERR,ERR,ERR,ERR,ERR,ERR,ERR,ERR,ERR,ERR,ERR,ERR,ERR,ERR,ERR,ERR,ERR,ERR,ERR,ERR,ERR,ERR,ERR,ERR,ERR,ERR,ERR,ERR,ERR,ERR,ERR,ERR,ERR,ERR,ERR,ERR,ERR,ERR,ERR,ERR,ERR,ERR,ERR,ERR,ERR,ERR,ERR,ERR,ERR,ERR,ERR,ERR,ERR,ERR,ERR,ERR,ERR,ERR,ERR,ERR,ERR,ERR,ERR,ERR,ERR,ERR,ERR,ERR,ERR,ERR,ERR,ERR,ERR,ERR,ERR,ERR,ERR,ERR,ERR,ERR,ERR,ERR,ERR,ERR,ERR,ERR,ERR,ERR,ERR,ERR,0.0,0.0,-134474944.0,0.0,0.0,1.3936040501711995e+18,7.805,0.0,0,0,4,0,8422,0.0,45,0.0,0.0,0.0,0.0,0.0,0,0,0,0,0.0,0,0,0,0,0,0,0,0,0,0,0,0,0,0,0,0,0,0,0,0,0,0,0,0,0,0,0,0,0,0,0,0,0,38,14,7,45,65476,0,300,0,0,8,21553,0.0,-107605600.0,0.0,0.0,0.0,0.0,0.0,0.0,0.0,0.0,0.0,0.0,0.0,0.0,0.0,0.0,0.0,0.0,0.0,0.0,0.0,0.0,0.0,0.0,-2.004,2.004,0.0,0.0,0.0,0.0,5005.0,-0.0,0.0,0.0,0.0,0.0,-107615304.0,0.0,0.0,0.0,0.0,53,152018454839296.0,4.066853658014554e+29,0.0,0.0,0.0,0.0,0.0,0.0,0.0,0,0,0,0.0,0.0,0.0,0.0,0.0,0.0,0.0,0.0,0.0,0.0,0.0,0.0,0.0,0.0,0.0,0.0,0,-107875648.0,53,0.0,106,-107614832.0,2.7006707062415038e+23,ERR,ERR,ERR,ERR,ERR,ERR,ERR,ERR,ERR,ERR,ERR,ERR,ERR,ERR,ERR,ERR,ERR,ERR,ERR,ERR,ERR,ERR,ERR,ERR,ERR,ERR,ERR,ERR,ERR,ERR,ERR,ERR,ERR,ERR,ERR,ERR,ERR,ERR,ERR,ERR,ERR,ERR,ERR,ERR,ERR,ERR,ERR,ERR,ERR,ERR,ERR,ERR,ERR,ERR,ERR,ERR,ERR,ERR,ERR,ERR,ERR,ERR,ERR,ERR,ERR,ERR,ERR,50.0,60.0,100,0.0,0.0,0.0,0.0,0.0,0.0,0.0,0.0,0.0,0.0,0.0,0.0,0.0,0.0,0.0,0.0,61.6,78,11,65508,50,65476,0,300,0,0,8,20529,65476,0,0,26214,60.0,0.0,0.0,0.0,0.0,0.0
2026-05-17T16:40:20,ERR,ERR,ERR,ERR,ERR,ERR,ERR,ERR,ERR,ERR,ERR,ERR,ERR,ERR,ERR,ERR,ERR,ERR,ERR,ERR,ERR,ERR,ERR,ERR,ERR,ERR,ERR,ERR,ERR,ERR,ERR,ERR,ERR,ERR,ERR,ERR,ERR,ERR,ERR,ERR,ERR,ERR,ERR,ERR,ERR,ERR,ERR,ERR,ERR,ERR,ERR,ERR,ERR,ERR,ERR,ERR,ERR,ERR,ERR,ERR,ERR,ERR,ERR,ERR,ERR,ERR,ERR,ERR,ERR,ERR,ERR,ERR,ERR,ERR,ERR,ERR,ERR,ERR,ERR,ERR,ERR,ERR,ERR,ERR,ERR,ERR,ERR,ERR,ERR,ERR,ERR,ERR,ERR,ERR,ERR,ERR,ERR,ERR,ERR,ERR,ERR,ERR,ERR,ERR,ERR,ERR,ERR,ERR,ERR,ERR,ERR,ERR,ERR,ERR,ERR,ERR,ERR,ERR,ERR,ERR,ERR,ERR,ERR,ERR,ERR,0.0,0.0,-134474944.0,0.0,0.0,1.3936040501711995e+18,7.805,0.0,0,0,4,0,8422,0.0,45,0.0,0.0,0.0,0.0,0.0,0,0,0,0,0.0,0,0,0,0,0,0,0,0,0,0,0,0,0,0,0,0,0,0,0,0,0,0,0,0,0,0,0,0,0,0,0,0,0,38,14,7,45,65476,0,300,0,0,8,21553,0.0,-107605600.0,0.0,0.0,0.0,0.0,0.0,0.0,0.0,0.0,0.0,0.0,0.0,0.0,0.0,0.0,0.0,0.0,0.0,0.0,0.0,0.0,0.0,0.0,-2.004,2.004,0.0,0.0,0.0,0.0,5004.0,2.422987904532282e+24,0.0,0.0,0.0,0.0,-107615304.0,0.0,0.0,0.0,0.0,53,126841110528.0,0.0,0.0,0.0,0.0,0.0,0.0,0.0,0.0,0,0,0,0.0,0.0,0.0,0.0,0.0,0.0,0.0,0.0,0.0,0.0,0.0,0.0,0.0,0.0,0.0,0.0,0,-107875648.0,53,0.0,106,-107614832.0,2.7006707062415038e+23,ERR,ERR,ERR,ERR,ERR,ERR,ERR,ERR,ERR,ERR,ERR,ERR,ERR,ERR,ERR,ERR,ERR,ERR,ERR,ERR,ERR,ERR,ERR,ERR,ERR,ERR,ERR,ERR,ERR,ERR,ERR,ERR,ERR,ERR,ERR,ERR,ERR,ERR,ERR,ERR,ERR,ERR,ERR,ERR,ERR,ERR,ERR,ERR,ERR,ERR,ERR,ERR,ERR,ERR,ERR,ERR,ERR,ERR,ERR,ERR,ERR,ERR,ERR,ERR,ERR,ERR,ERR,50.0,60.0,100,0.0,0.0,0.0,0.0,0.0,0.0,0.0,0.0,0.0,0.0,0.0,0.0,0.0,0.0,0.0,0.0,61.6,78,11,65508,50,65476,0,300,0,0,8,20529,65476,0,0,26214,60.0,0.0,0.0,0.0,0.0,0.0
2026-05-17T16:40:21,ERR,ERR,ERR,ERR,ERR,ERR,ERR,ERR,ERR,ERR,ERR,ERR,ERR,ERR,ERR,ERR,ERR,ERR,ERR,ERR,ERR,ERR,ERR,ERR,ERR,ERR,ERR,ERR,ERR,ERR,ERR,ERR,ERR,ERR,ERR,ERR,ERR,ERR,ERR,ERR,ERR,ERR,ERR,ERR,ERR,ERR,ERR,ERR,ERR,ERR,ERR,ERR,ERR,ERR,ERR,ERR,ERR,ERR,ERR,ERR,ERR,ERR,ERR,ERR,ERR,ERR,ERR,ERR,ERR,ERR,ERR,ERR,ERR,ERR,ERR,ERR,ERR,ERR,ERR,ERR,ERR,ERR,ERR,ERR,ERR,ERR,ERR,ERR,ERR,ERR,ERR,ERR,ERR,ERR,ERR,ERR,ERR,ERR,ERR,ERR,ERR,ERR,ERR,ERR,ERR,ERR,ERR,ERR,ERR,ERR,ERR,ERR,ERR,ERR,ERR,ERR,ERR,ERR,ERR,ERR,ERR,ERR,ERR,ERR,ERR,0.0,0.0,-134474944.0,0.0,0.0,1.3936040501711995e+18,7.805,0.0,0,0,4,0,8422,0.0,45,0.0,0.0,0.0,0.0,0.0,0,0,0,0,0.0,0,0,0,0,0,0,0,0,0,0,0,0,0,0,0,0,0,0,0,0,0,0,0,0,0,0,0,0,0,0,0,0,0,38,14,7,45,65476,0,300,0,0,8,21553,0.0,-107605600.0,0.0,0.0,0.0,0.0,0.0,0.0,0.0,0.0,0.0,0.0,0.0,0.0,0.0,0.0,0.0,0.0,0.0,0.0,0.0,0.0,0.0,0.0,-2.004,2.004,0.0,0.0,0.0,0.0,5004.0,2.422987904532282e+24,0.0,0.0,0.0,0.0,-107615304.0,0.0,0.0,0.0,0.0,53,126841110528.0,0.0,0.0,0.0,0.0,0.0,0.0,0.0,0.0,0,0,0,0.0,0.0,0.0,0.0,0.0,0.0,0.0,0.0,0.0,0.0,0.0,0.0,0.0,0.0,0.0,0.0,0,-107875648.0,53,0.0,106,-107614832.0,2.7006707062415038e+23,ERR,ERR,ERR,ERR,ERR,ERR,ERR,ERR,ERR,ERR,ERR,ERR,ERR,ERR,ERR,ERR,ERR,ERR,ERR,ERR,ERR,ERR,ERR,ERR,ERR,ERR,ERR,ERR,ERR,ERR,ERR,ERR,ERR,ERR,ERR,ERR,ERR,ERR,ERR,ERR,ERR,ERR,ERR,ERR,ERR,ERR,ERR,ERR,ERR,ERR,ERR,ERR,ERR,ERR,ERR,ERR,ERR,ERR,ERR,ERR,ERR,ERR,ERR,ERR,ERR,ERR,ERR,50.0,60.0,100,0.0,0.0,0.0,0.0,0.0,0.0,0.0,0.0,0.0,0.0,0.0,0.0,0.0,0.0,0.0,0.0,61.6,78,11,65508,50,65476,0,300,0,0,8,20529,65476,0,0,26214,60.0,0.0,0.0,0.0,0.0,0.0
2026-05-17T16:40:22,ERR,ERR,ERR,ERR,ERR,ERR,ERR,ERR,ERR,ERR,ERR,ERR,ERR,ERR,ERR,ERR,ERR,ERR,ERR,ERR,ERR,ERR,ERR,ERR,ERR,ERR,ERR,ERR,ERR,ERR,ERR,ERR,ERR,ERR,ERR,ERR,ERR,ERR,ERR,ERR,ERR,ERR,ERR,ERR,ERR,ERR,ERR,ERR,ERR,ERR,ERR,ERR,ERR,ERR,ERR,ERR,ERR,ERR,ERR,ERR,ERR,ERR,ERR,ERR,ERR,ERR,ERR,ERR,ERR,ERR,ERR,ERR,ERR,ERR,ERR,ERR,ERR,ERR,ERR,ERR,ERR,ERR,ERR,ERR,ERR,ERR,ERR,ERR,ERR,ERR,ERR,ERR,ERR,ERR,ERR,ERR,ERR,ERR,ERR,ERR,ERR,ERR,ERR,ERR,ERR,ERR,ERR,ERR,ERR,ERR,ERR,ERR,ERR,ERR,ERR,ERR,ERR,ERR,ERR,ERR,ERR,ERR,ERR,ERR,ERR,0.0,0.0,-134474944.0,0.0,0.0,1.3936040501711995e+18,7.805,0.0,0,0,4,0,8422,0.0,45,0.0,0.0,0.0,0.0,0.0,0,0,0,0,0.0,0,0,0,0,0,0,0,0,0,0,0,0,0,0,0,0,0,0,0,0,0,0,0,0,0,0,0,0,0,0,0,0,0,38,14,7,45,65476,0,300,0,0,8,21553,0.0,-107605600.0,0.0,0.0,0.0,0.0,0.0,0.0,0.0,0.0,0.0,0.0,0.0,0.0,0.0,0.0,0.0,0.0,0.0,0.0,0.0,0.0,0.0,0.0,-2.004,2.004,0.0,0.0,0.0,0.0,5004.0,2.422987904532282e+24,0.0,0.0,0.0,0.0,-107615304.0,0.0,0.0,0.0,0.0,53,126841110528.0,0.0,0.0,0.0,0.0,0.0,0.0,0.0,0.0,0,0,0,0.0,0.0,0.0,0.0,0.0,0.0,0.0,0.0,0.0,0.0,0.0,0.0,0.0,0.0,0.0,0.0,0,-107875648.0,53,0.0,106,-107614832.0,2.7006707062415038e+23,ERR,ERR,ERR,ERR,ERR,ERR,ERR,ERR,ERR,ERR,ERR,ERR,ERR,ERR,ERR,ERR,ERR,ERR,ERR,ERR,ERR,ERR,ERR,ERR,ERR,ERR,ERR,ERR,ERR,ERR,ERR,ERR,ERR,ERR,ERR,ERR,ERR,ERR,ERR,ERR,ERR,ERR,ERR,ERR,ERR,ERR,ERR,ERR,ERR,ERR,ERR,ERR,ERR,ERR,ERR,ERR,ERR,ERR,ERR,ERR,ERR,ERR,ERR,ERR,ERR,ERR,ERR,50.0,60.0,100,0.0,0.0,0.0,0.0,0.0,0.0,0.0,0.0,0.0,0.0,0.0,0.0,0.0,0.0,0.0,0.0,61.6,78,11,65508,50,65476,0,300,0,0,8,20529,65476,0,0,26214,60.0,0.0,0.0,0.0,0.0,0.0
2026-05-17T16:40:23,ERR,ERR,ERR,ERR,ERR,ERR,ERR,ERR,ERR,ERR,ERR,ERR,ERR,ERR,ERR,ERR,ERR,ERR,ERR,ERR,ERR,ERR,ERR,ERR,ERR,ERR,ERR,ERR,ERR,ERR,ERR,ERR,ERR,ERR,ERR,ERR,ERR,ERR,ERR,ERR,ERR,ERR,ERR,ERR,ERR,ERR,ERR,ERR,ERR,ERR,ERR,ERR,ERR,ERR,ERR,ERR,ERR,ERR,ERR,ERR,ERR,ERR,ERR,ERR,ERR,ERR,ERR,ERR,ERR,ERR,ERR,ERR,ERR,ERR,ERR,ERR,ERR,ERR,ERR,ERR,ERR,ERR,ERR,ERR,ERR,ERR,ERR,ERR,ERR,ERR,ERR,ERR,ERR,ERR,ERR,ERR,ERR,ERR,ERR,ERR,ERR,ERR,ERR,ERR,ERR,ERR,ERR,ERR,ERR,ERR,ERR,ERR,ERR,ERR,ERR,ERR,ERR,ERR,ERR,ERR,ERR,ERR,ERR,ERR,ERR,0.0,0.0,-134474944.0,0.0,0.0,1.3936040501711995e+18,7.805,0.0,0,0,4,0,8422,0.0,45,0.0,0.0,0.0,0.0,0.0,0,0,0,0,0.0,0,0,0,0,0,0,0,0,0,0,0,0,0,0,0,0,0,0,0,0,0,0,0,0,0,0,0,0,0,0,0,0,0,38,14,7,45,65476,0,300,0,0,8,21553,0.0,-107605600.0,0.0,0.0,0.0,0.0,0.0,0.0,0.0,0.0,0.0,0.0,0.0,0.0,0.0,0.0,0.0,0.0,0.0,0.0,0.0,0.0,0.0,0.0,-2.004,2.004,0.0,0.0,0.0,0.0,5004.0,2.422987904532282e+24,0.0,0.0,0.0,0.0,-107615304.0,0.0,0.0,0.0,0.0,53,126841110528.0,0.0,0.0,0.0,0.0,0.0,0.0,0.0,0.0,0,0,0,0.0,0.0,0.0,0.0,0.0,0.0,0.0,0.0,0.0,0.0,0.0,0.0,0.0,0.0,0.0,0.0,0,-107875648.0,53,0.0,106,-107614832.0,2.7006707062415038e+23,ERR,ERR,ERR,ERR,ERR,ERR,ERR,ERR,ERR,ERR,ERR,ERR,ERR,ERR,ERR,ERR,ERR,ERR,ERR,ERR,ERR,ERR,ERR,ERR,ERR,ERR,ERR,ERR,ERR,ERR,ERR,ERR,ERR,ERR,ERR,ERR,ERR,ERR,ERR,ERR,ERR,ERR,ERR,ERR,ERR,ERR,ERR,ERR,ERR,ERR,ERR,ERR,ERR,ERR,ERR,ERR,ERR,ERR,ERR,ERR,ERR,ERR,ERR,ERR,ERR,ERR,ERR,50.0,60.0,100,0.0,0.0,0.0,0.0,0.0,0.0,0.0,0.0,0.0,0.0,0.0,0.0,0.0,0.0,0.0,0.0,61.6,78,11,65508,50,65476,0,300,0,0,8,20529,65476,0,0,26214,60.0,0.0,0.0,0.0,0.0,0.0
2026-05-17T16:40:24,ERR,ERR,ERR,ERR,ERR,ERR,ERR,ERR,ERR,ERR,ERR,ERR,ERR,ERR,ERR,ERR,ERR,ERR,ERR,ERR,ERR,ERR,ERR,ERR,ERR,ERR,ERR,ERR,ERR,ERR,ERR,ERR,ERR,ERR,ERR,ERR,ERR,ERR,ERR,ERR,ERR,ERR,ERR,ERR,ERR,ERR,ERR,ERR,ERR,ERR,ERR,ERR,ERR,ERR,ERR,ERR,ERR,ERR,ERR,ERR,ERR,ERR,ERR,ERR,ERR,ERR,ERR,ERR,ERR,ERR,ERR,ERR,ERR,ERR,ERR,ERR,ERR,ERR,ERR,ERR,ERR,ERR,ERR,ERR,ERR,ERR,ERR,ERR,ERR,ERR,ERR,ERR,ERR,ERR,ERR,ERR,ERR,ERR,ERR,ERR,ERR,ERR,ERR,ERR,ERR,ERR,ERR,ERR,ERR,ERR,ERR,ERR,ERR,ERR,ERR,ERR,ERR,ERR,ERR,ERR,ERR,ERR,ERR,ERR,ERR,0.0,0.0,-134474944.0,0.0,0.0,1.3936040501711995e+18,7.805,0.0,0,0,4,0,8422,0.0,45,0.0,0.0,0.0,0.0,0.0,0,0,0,0,0.0,0,0,0,0,0,0,0,0,0,0,0,0,0,0,0,0,0,0,0,0,0,0,0,0,0,0,0,0,0,0,0,0,0,38,14,7,45,65476,0,300,0,0,8,21553,0.0,-107605600.0,0.0,0.0,0.0,0.0,0.0,0.0,0.0,0.0,0.0,0.0,0.0,0.0,0.0,0.0,0.0,0.0,0.0,0.0,0.0,0.0,0.0,0.0,-2.004,2.004,0.0,0.0,0.0,0.0,5004.0,2.422987904532282e+24,0.0,0.0,0.0,0.0,-107615304.0,0.0,0.0,0.0,0.0,53,126841110528.0,0.0,0.0,0.0,0.0,0.0,0.0,0.0,0.0,0,0,0,0.0,0.0,0.0,0.0,0.0,0.0,0.0,0.0,0.0,0.0,0.0,0.0,0.0,0.0,0.0,0.0,0,-107875648.0,53,0.0,106,-107614832.0,2.7006707062415038e+23,ERR,ERR,ERR,ERR,ERR,ERR,ERR,ERR,ERR,ERR,ERR,ERR,ERR,ERR,ERR,ERR,ERR,ERR,ERR,ERR,ERR,ERR,ERR,ERR,ERR,ERR,ERR,ERR,ERR,ERR,ERR,ERR,ERR,ERR,ERR,ERR,ERR,ERR,ERR,ERR,ERR,ERR,ERR,ERR,ERR,ERR,ERR,ERR,ERR,ERR,ERR,ERR,ERR,ERR,ERR,ERR,ERR,ERR,ERR,ERR,ERR,ERR,ERR,ERR,ERR,ERR,ERR,50.0,60.0,100,0.0,0.0,0.0,0.0,0.0,0.0,0.0,0.0,0.0,0.0,0.0,0.0,0.0,0.0,0.0,0.0,61.6,78,11,65508,50,65476,0,300,0,0,8,20529,65476,0,0,26214,60.0,0.0,0.0,0.0,0.0,0.0
2026-05-17T16:40:25,ERR,ERR,ERR,ERR,ERR,ERR,ERR,ERR,ERR,ERR,ERR,ERR,ERR,ERR,ERR,ERR,ERR,ERR,ERR,ERR,ERR,ERR,ERR,ERR,ERR,ERR,ERR,ERR,ERR,ERR,ERR,ERR,ERR,ERR,ERR,ERR,ERR,ERR,ERR,ERR,ERR,ERR,ERR,ERR,ERR,ERR,ERR,ERR,ERR,ERR,ERR,ERR,ERR,ERR,ERR,ERR,ERR,ERR,ERR,ERR,ERR,ERR,ERR,ERR,ERR,ERR,ERR,ERR,ERR,ERR,ERR,ERR,ERR,ERR,ERR,ERR,ERR,ERR,ERR,ERR,ERR,ERR,ERR,ERR,ERR,ERR,ERR,ERR,ERR,ERR,ERR,ERR,ERR,ERR,ERR,ERR,ERR,ERR,ERR,ERR,ERR,ERR,ERR,ERR,ERR,ERR,ERR,ERR,ERR,ERR,ERR,ERR,ERR,ERR,ERR,ERR,ERR,ERR,ERR,ERR,ERR,ERR,ERR,ERR,ERR,0.0,0.0,-134474944.0,0.0,0.0,1.3936040501711995e+18,7.805,0.0,0,0,4,0,8422,0.0,45,0.0,0.0,0.0,0.0,0.0,0,0,0,0,0.0,0,0,0,0,0,0,0,0,0,0,0,0,0,0,0,0,0,0,0,0,0,0,0,0,0,0,0,0,0,0,0,0,0,38,14,7,45,65476,0,300,0,0,8,21553,0.0,-107605600.0,0.0,0.0,0.0,0.0,0.0,0.0,0.0,0.0,0.0,0.0,0.0,0.0,0.0,0.0,0.0,0.0,0.0,0.0,0.0,0.0,0.0,0.0,-2.004,0.0,0.0,0.0,0.0,0.0,5008.0,0.0,0.0,0.0,0.0,0.0,-107615304.0,0.0,0.0,0.0,0.0,53,2.7184300208680915e+23,-0.0,0.0,0.0,0.0,0.0,0.0,0.0,0.0,0,0,0,0.0,0.0,0.0,0.0,0.0,0.0,0.0,0.0,0.0,0.0,0.0,0.0,0.0,0.0,0.0,0.0,0,-107875648.0,53,0.0,106,-107614832.0,2.7006707062415038e+23,ERR,ERR,ERR,ERR,ERR,ERR,ERR,ERR,ERR,ERR,ERR,ERR,ERR,ERR,ERR,ERR,ERR,ERR,ERR,ERR,ERR,ERR,ERR,ERR,ERR,ERR,ERR,ERR,ERR,ERR,ERR,ERR,ERR,ERR,ERR,ERR,ERR,ERR,ERR,ERR,ERR,ERR,ERR,ERR,ERR,ERR,ERR,ERR,ERR,ERR,ERR,ERR,ERR,ERR,ERR,ERR,ERR,ERR,ERR,ERR,ERR,ERR,ERR,ERR,ERR,ERR,ERR,50.0,60.0,100,0.0,0.0,0.0,0.0,0.0,0.0,0.0,0.0,0.0,0.0,0.0,0.0,0.0,0.0,0.0,0.0,61.6,78,11,65508,50,65476,0,300,0,0,8,20529,65476,0,0,26214,60.0,0.0,0.0,0.0,0.0,0.0
2026-05-17T16:40:26,ERR,ERR,ERR,ERR,ERR,ERR,ERR,ERR,ERR,ERR,ERR,ERR,ERR,ERR,ERR,ERR,ERR,ERR,ERR,ERR,ERR,ERR,ERR,ERR,ERR,ERR,ERR,ERR,ERR,ERR,ERR,ERR,ERR,ERR,ERR,ERR,ERR,ERR,ERR,ERR,ERR,ERR,ERR,ERR,ERR,ERR,ERR,ERR,ERR,ERR,ERR,ERR,ERR,ERR,ERR,ERR,ERR,ERR,ERR,ERR,ERR,ERR,ERR,ERR,ERR,ERR,ERR,ERR,ERR,ERR,ERR,ERR,ERR,ERR,ERR,ERR,ERR,ERR,ERR,ERR,ERR,ERR,ERR,ERR,ERR,ERR,ERR,ERR,ERR,ERR,ERR,ERR,ERR,ERR,ERR,ERR,ERR,ERR,ERR,ERR,ERR,ERR,ERR,ERR,ERR,ERR,ERR,ERR,ERR,ERR,ERR,ERR,ERR,ERR,ERR,ERR,ERR,ERR,ERR,ERR,ERR,ERR,ERR,ERR,ERR,0.0,0.0,-134474944.0,0.0,0.0,1.3936040501711995e+18,7.805,0.0,0,0,4,0,8422,0.0,45,0.0,0.0,0.0,0.0,0.0,0,0,0,0,0.0,0,0,0,0,0,0,0,0,0,0,0,0,0,0,0,0,0,0,0,0,0,0,0,0,0,0,0,0,0,0,0,0,0,38,14,7,45,65476,0,300,0,0,8,21553,0.0,-107605600.0,0.0,0.0,0.0,0.0,0.0,0.0,0.0,0.0,0.0,0.0,0.0,0.0,0.0,0.0,0.0,0.0,0.0,0.0,0.0,0.0,0.0,0.0,-2.004,0.0,0.0,0.0,0.0,0.0,5008.0,0.0,0.0,0.0,0.0,0.0,-107615304.0,0.0,0.0,0.0,0.0,53,2.7184300208680915e+23,-0.0,0.0,0.0,0.0,0.0,0.0,0.0,0.0,0,0,0,0.0,0.0,0.0,0.0,0.0,0.0,0.0,0.0,0.0,0.0,0.0,0.0,0.0,0.0,0.0,0.0,0,-107875648.0,53,0.0,106,-107614832.0,2.7006707062415038e+23,ERR,ERR,ERR,ERR,ERR,ERR,ERR,ERR,ERR,ERR,ERR,ERR,ERR,ERR,ERR,ERR,ERR,ERR,ERR,ERR,ERR,ERR,ERR,ERR,ERR,ERR,ERR,ERR,ERR,ERR,ERR,ERR,ERR,ERR,ERR,ERR,ERR,ERR,ERR,ERR,ERR,ERR,ERR,ERR,ERR,ERR,ERR,ERR,ERR,ERR,ERR,ERR,ERR,ERR,ERR,ERR,ERR,ERR,ERR,ERR,ERR,ERR,ERR,ERR,ERR,ERR,ERR,50.0,60.0,100,0.0,0.0,0.0,0.0,0.0,0.0,0.0,0.0,0.0,0.0,0.0,0.0,0.0,0.0,0.0,0.0,61.6,78,11,65508,50,65476,0,300,0,0,8,20529,65476,0,0,26214,60.0,0.0,0.0,0.0,0.0,0.0
2026-05-17T16:40:27,ERR,ERR,ERR,ERR,ERR,ERR,ERR,ERR,ERR,ERR,ERR,ERR,ERR,ERR,ERR,ERR,ERR,ERR,ERR,ERR,ERR,ERR,ERR,ERR,ERR,ERR,ERR,ERR,ERR,ERR,ERR,ERR,ERR,ERR,ERR,ERR,ERR,ERR,ERR,ERR,ERR,ERR,ERR,ERR,ERR,ERR,ERR,ERR,ERR,ERR,ERR,ERR,ERR,ERR,ERR,ERR,ERR,ERR,ERR,ERR,ERR,ERR,ERR,ERR,ERR,ERR,ERR,ERR,ERR,ERR,ERR,ERR,ERR,ERR,ERR,ERR,ERR,ERR,ERR,ERR,ERR,ERR,ERR,ERR,ERR,ERR,ERR,ERR,ERR,ERR,ERR,ERR,ERR,ERR,ERR,ERR,ERR,ERR,ERR,ERR,ERR,ERR,ERR,ERR,ERR,ERR,ERR,ERR,ERR,ERR,ERR,ERR,ERR,ERR,ERR,ERR,ERR,ERR,ERR,ERR,ERR,ERR,ERR,ERR,ERR,0.0,0.0,-134474944.0,0.0,0.0,1.3936040501711995e+18,7.805,0.0,0,0,4,0,8422,0.0,45,0.0,0.0,0.0,0.0,0.0,0,0,0,0,0.0,0,0,0,0,0,0,0,0,0,0,0,0,0,0,0,0,0,0,0,0,0,0,0,0,0,0,0,0,0,0,0,0,0,38,14,7,45,65476,0,300,0,0,8,21553,0.0,-107605600.0,0.0,0.0,0.0,0.0,0.0,0.0,0.0,0.0,0.0,0.0,0.0,0.0,0.0,0.0,0.0,0.0,0.0,0.0,0.0,0.0,0.0,0.0,-2.004,0.0,0.0,0.0,0.0,0.0,5008.0,0.0,0.0,0.0,0.0,0.0,-107615304.0,0.0,0.0,0.0,0.0,53,2.7184300208680915e+23,-0.0,0.0,0.0,0.0,0.0,0.0,0.0,0.0,0,0,0,0.0,0.0,0.0,0.0,0.0,0.0,0.0,0.0,0.0,0.0,0.0,0.0,0.0,0.0,0.0,0.0,0,-107875648.0,53,0.0,106,-107614832.0,2.7006707062415038e+23,ERR,ERR,ERR,ERR,ERR,ERR,ERR,ERR,ERR,ERR,ERR,ERR,ERR,ERR,ERR,ERR,ERR,ERR,ERR,ERR,ERR,ERR,ERR,ERR,ERR,ERR,ERR,ERR,ERR,ERR,ERR,ERR,ERR,ERR,ERR,ERR,ERR,ERR,ERR,ERR,ERR,ERR,ERR,ERR,ERR,ERR,ERR,ERR,ERR,ERR,ERR,ERR,ERR,ERR,ERR,ERR,ERR,ERR,ERR,ERR,ERR,ERR,ERR,ERR,ERR,ERR,ERR,50.0,60.0,100,0.0,0.0,0.0,0.0,0.0,0.0,0.0,0.0,0.0,0.0,0.0,0.0,0.0,0.0,0.0,0.0,61.6,78,11,65508,50,65476,0,300,0,0,8,20529,65476,0,0,26214,60.0,0.0,0.0,0.0,0.0,0.0
2026-05-17T16:40:28,ERR,ERR,ERR,ERR,ERR,ERR,ERR,ERR,ERR,ERR,ERR,ERR,ERR,ERR,ERR,ERR,ERR,ERR,ERR,ERR,ERR,ERR,ERR,ERR,ERR,ERR,ERR,ERR,ERR,ERR,ERR,ERR,ERR,ERR,ERR,ERR,ERR,ERR,ERR,ERR,ERR,ERR,ERR,ERR,ERR,ERR,ERR,ERR,ERR,ERR,ERR,ERR,ERR,ERR,ERR,ERR,ERR,ERR,ERR,ERR,ERR,ERR,ERR,ERR,ERR,ERR,ERR,ERR,ERR,ERR,ERR,ERR,ERR,ERR,ERR,ERR,ERR,ERR,ERR,ERR,ERR,ERR,ERR,ERR,ERR,ERR,ERR,ERR,ERR,ERR,ERR,ERR,ERR,ERR,ERR,ERR,ERR,ERR,ERR,ERR,ERR,ERR,ERR,ERR,ERR,ERR,ERR,ERR,ERR,ERR,ERR,ERR,ERR,ERR,ERR,ERR,ERR,ERR,ERR,ERR,ERR,ERR,ERR,ERR,ERR,0.0,0.0,-134474944.0,0.0,0.0,1.3936040501711995e+18,7.805,0.0,0,0,4,0,8422,0.0,45,0.0,0.0,0.0,0.0,0.0,0,0,0,0,0.0,0,0,0,0,0,0,0,0,0,0,0,0,0,0,0,0,0,0,0,0,0,0,0,0,0,0,0,0,0,0,0,0,0,38,14,7,45,65476,0,300,0,0,8,21553,0.0,-107605600.0,0.0,0.0,0.0,0.0,0.0,0.0,0.0,0.0,0.0,0.0,0.0,0.0,0.0,0.0,0.0,0.0,0.0,0.0,0.0,0.0,0.0,0.0,-2.004,0.0,0.0,0.0,0.0,0.0,5008.0,0.0,0.0,0.0,0.0,0.0,-107615304.0,0.0,0.0,0.0,0.0,53,2.7184300208680915e+23,-0.0,0.0,0.0,0.0,0.0,0.0,0.0,0.0,0,0,0,0.0,0.0,0.0,0.0,0.0,0.0,0.0,0.0,0.0,0.0,0.0,0.0,0.0,0.0,0.0,0.0,0,-107875648.0,53,0.0,106,-107614832.0,2.7006707062415038e+23,ERR,ERR,ERR,ERR,ERR,ERR,ERR,ERR,ERR,ERR,ERR,ERR,ERR,ERR,ERR,ERR,ERR,ERR,ERR,ERR,ERR,ERR,ERR,ERR,ERR,ERR,ERR,ERR,ERR,ERR,ERR,ERR,ERR,ERR,ERR,ERR,ERR,ERR,ERR,ERR,ERR,ERR,ERR,ERR,ERR,ERR,ERR,ERR,ERR,ERR,ERR,ERR,ERR,ERR,ERR,ERR,ERR,ERR,ERR,ERR,ERR,ERR,ERR,ERR,ERR,ERR,ERR,50.0,60.0,100,0.0,0.0,0.0,0.0,0.0,0.0,0.0,0.0,0.0,0.0,0.0,0.0,0.0,0.0,0.0,0.0,61.6,78,11,65508,50,65476,0,300,0,0,8,20529,65476,0,0,26214,60.0,0.0,0.0,0.0,0.0,0.0
2026-05-17T16:40:29,ERR,ERR,ERR,ERR,ERR,ERR,ERR,ERR,ERR,ERR,ERR,ERR,ERR,ERR,ERR,ERR,ERR,ERR,ERR,ERR,ERR,ERR,ERR,ERR,ERR,ERR,ERR,ERR,ERR,ERR,ERR,ERR,ERR,ERR,ERR,ERR,ERR,ERR,ERR,ERR,ERR,ERR,ERR,ERR,ERR,ERR,ERR,ERR,ERR,ERR,ERR,ERR,ERR,ERR,ERR,ERR,ERR,ERR,ERR,ERR,ERR,ERR,ERR,ERR,ERR,ERR,ERR,ERR,ERR,ERR,ERR,ERR,ERR,ERR,ERR,ERR,ERR,ERR,ERR,ERR,ERR,ERR,ERR,ERR,ERR,ERR,ERR,ERR,ERR,ERR,ERR,ERR,ERR,ERR,ERR,ERR,ERR,ERR,ERR,ERR,ERR,ERR,ERR,ERR,ERR,ERR,ERR,ERR,ERR,ERR,ERR,ERR,ERR,ERR,ERR,ERR,ERR,ERR,ERR,ERR,ERR,ERR,ERR,ERR,ERR,0.0,0.0,-134474944.0,0.0,0.0,1.3936040501711995e+18,7.805,0.0,0,0,4,0,8422,0.0,45,0.0,0.0,0.0,0.0,0.0,0,0,0,0,0.0,0,0,0,0,0,0,0,0,0,0,0,0,0,0,0,0,0,0,0,0,0,0,0,0,0,0,0,0,0,0,0,0,0,38,14,7,45,65476,0,300,0,0,8,21553,0.0,-107605600.0,0.0,0.0,0.0,0.0,0.0,0.0,0.0,0.0,0.0,0.0,0.0,0.0,0.0,0.0,0.0,0.0,0.0,0.0,0.0,0.0,0.0,0.0,-2.004,0.0,0.0,0.0,0.0,0.0,5008.0,0.0,0.0,0.0,0.0,0.0,-107615304.0,0.0,0.0,0.0,0.0,53,2.7184300208680915e+23,-0.0,0.0,0.0,0.0,0.0,0.0,0.0,0.0,0,0,0,0.0,0.0,0.0,0.0,0.0,0.0,0.0,0.0,0.0,0.0,0.0,0.0,0.0,0.0,0.0,0.0,0,-107875648.0,53,0.0,106,-107614832.0,2.7006707062415038e+23,ERR,ERR,ERR,ERR,ERR,ERR,ERR,ERR,ERR,ERR,ERR,ERR,ERR,ERR,ERR,ERR,ERR,ERR,ERR,ERR,ERR,ERR,ERR,ERR,ERR,ERR,ERR,ERR,ERR,ERR,ERR,ERR,ERR,ERR,ERR,ERR,ERR,ERR,ERR,ERR,ERR,ERR,ERR,ERR,ERR,ERR,ERR,ERR,ERR,ERR,ERR,ERR,ERR,ERR,ERR,ERR,ERR,ERR,ERR,ERR,ERR,ERR,ERR,ERR,ERR,ERR,ERR,50.0,60.0,100,0.0,0.0,0.0,0.0,0.0,0.0,0.0,0.0,0.0,0.0,0.0,0.0,0.0,0.0,0.0,0.0,61.6,78,11,65508,50,65476,0,300,0,0,8,20529,65476,0,0,26214,60.0,0.0,0.0,0.0,0.0,0.0
2026-05-17T16:40:30,ERR,ERR,ERR,ERR,ERR,ERR,ERR,ERR,ERR,ERR,ERR,ERR,ERR,ERR,ERR,ERR,ERR,ERR,ERR,ERR,ERR,ERR,ERR,ERR,ERR,ERR,ERR,ERR,ERR,ERR,ERR,ERR,ERR,ERR,ERR,ERR,ERR,ERR,ERR,ERR,ERR,ERR,ERR,ERR,ERR,ERR,ERR,ERR,ERR,ERR,ERR,ERR,ERR,ERR,ERR,ERR,ERR,ERR,ERR,ERR,ERR,ERR,ERR,ERR,ERR,ERR,ERR,ERR,ERR,ERR,ERR,ERR,ERR,ERR,ERR,ERR,ERR,ERR,ERR,ERR,ERR,ERR,ERR,ERR,ERR,ERR,ERR,ERR,ERR,ERR,ERR,ERR,ERR,ERR,ERR,ERR,ERR,ERR,ERR,ERR,ERR,ERR,ERR,ERR,ERR,ERR,ERR,ERR,ERR,ERR,ERR,ERR,ERR,ERR,ERR,ERR,ERR,ERR,ERR,ERR,ERR,ERR,ERR,ERR,ERR,0.0,0.0,-134474944.0,0.0,0.0,1.3936040501711995e+18,7.805,0.0,0,0,4,0,8422,0.0,45,0.0,0.0,0.0,0.0,0.0,0,0,0,0,0.0,0,0,0,0,0,0,0,0,0,0,0,0,0,0,0,0,0,0,0,0,0,0,0,0,0,0,0,0,0,0,0,0,0,38,14,7,45,65476,0,300,0,0,8,21553,0.0,-107605600.0,0.0,0.0,0.0,0.0,0.0,0.0,0.0,0.0,0.0,0.0,0.0,0.0,0.0,0.0,0.0,0.0,0.0,0.0,0.0,0.0,0.0,0.0,-2.004,2.004,0.0,0.0,0.0,0.0,4975.0,1.587929164219617e+29,0.0,0.0,0.0,0.0,-107615304.0,0.0,0.0,0.0,0.0,53,2.3088403658719416e+20,-4.950400744235881e+32,0.0,0.0,0.0,0.0,0.0,0.0,0.0,0,0,0,0.0,0.0,0.0,0.0,0.0,0.0,0.0,0.0,0.0,0.0,0.0,0.0,0.0,0.0,0.0,0.0,0,-107875648.0,53,0.0,106,-107614832.0,2.7006707062415038e+23,ERR,ERR,ERR,ERR,ERR,ERR,ERR,ERR,ERR,ERR,ERR,ERR,ERR,ERR,ERR,ERR,ERR,ERR,ERR,ERR,ERR,ERR,ERR,ERR,ERR,ERR,ERR,ERR,ERR,ERR,ERR,ERR,ERR,ERR,ERR,ERR,ERR,ERR,ERR,ERR,ERR,ERR,ERR,ERR,ERR,ERR,ERR,ERR,ERR,ERR,ERR,ERR,ERR,ERR,ERR,ERR,ERR,ERR,ERR,ERR,ERR,ERR,ERR,ERR,ERR,ERR,ERR,50.0,60.0,100,0.0,0.0,0.0,0.0,0.0,0.0,0.0,0.0,0.0,0.0,0.0,0.0,0.0,0.0,0.0,0.0,61.6,78,11,65508,50,65476,0,300,0,0,8,20529,65476,0,0,26214,60.0,0.0,0.0,0.0,0.0,0.0
2026-05-17T16:40:31,ERR,ERR,ERR,ERR,ERR,ERR,ERR,ERR,ERR,ERR,ERR,ERR,ERR,ERR,ERR,ERR,ERR,ERR,ERR,ERR,ERR,ERR,ERR,ERR,ERR,ERR,ERR,ERR,ERR,ERR,ERR,ERR,ERR,ERR,ERR,ERR,ERR,ERR,ERR,ERR,ERR,ERR,ERR,ERR,ERR,ERR,ERR,ERR,ERR,ERR,ERR,ERR,ERR,ERR,ERR,ERR,ERR,ERR,ERR,ERR,ERR,ERR,ERR,ERR,ERR,ERR,ERR,ERR,ERR,ERR,ERR,ERR,ERR,ERR,ERR,ERR,ERR,ERR,ERR,ERR,ERR,ERR,ERR,ERR,ERR,ERR,ERR,ERR,ERR,ERR,ERR,ERR,ERR,ERR,ERR,ERR,ERR,ERR,ERR,ERR,ERR,ERR,ERR,ERR,ERR,ERR,ERR,ERR,ERR,ERR,ERR,ERR,ERR,ERR,ERR,ERR,ERR,ERR,ERR,ERR,ERR,ERR,ERR,ERR,ERR,0.0,0.0,-134474944.0,0.0,0.0,1.3936040501711995e+18,7.805,0.0,0,0,4,0,8422,0.0,45,0.0,0.0,0.0,0.0,0.0,0,0,0,0,0.0,0,0,0,0,0,0,0,0,0,0,0,0,0,0,0,0,0,0,0,0,0,0,0,0,0,0,0,0,0,0,0,0,0,38,14,7,45,65476,0,300,0,0,8,21553,0.0,-107605600.0,0.0,0.0,0.0,0.0,0.0,0.0,0.0,0.0,0.0,0.0,0.0,0.0,0.0,0.0,0.0,0.0,0.0,0.0,0.0,0.0,0.0,0.0,-2.004,2.004,0.0,0.0,0.0,0.0,4975.0,1.587929164219617e+29,0.0,0.0,0.0,0.0,-107615304.0,0.0,0.0,0.0,0.0,53,2.3088403658719416e+20,-4.950400744235881e+32,0.0,0.0,0.0,0.0,0.0,0.0,0.0,0,0,0,0.0,0.0,0.0,0.0,0.0,0.0,0.0,0.0,0.0,0.0,0.0,0.0,0.0,0.0,0.0,0.0,0,-107875648.0,53,0.0,106,-107614832.0,2.7006707062415038e+23,ERR,ERR,ERR,ERR,ERR,ERR,ERR,ERR,ERR,ERR,ERR,ERR,ERR,ERR,ERR,ERR,ERR,ERR,ERR,ERR,ERR,ERR,ERR,ERR,ERR,ERR,ERR,ERR,ERR,ERR,ERR,ERR,ERR,ERR,ERR,ERR,ERR,ERR,ERR,ERR,ERR,ERR,ERR,ERR,ERR,ERR,ERR,ERR,ERR,ERR,ERR,ERR,ERR,ERR,ERR,ERR,ERR,ERR,ERR,ERR,ERR,ERR,ERR,ERR,ERR,ERR,ERR,50.0,60.0,100,0.0,0.0,0.0,0.0,0.0,0.0,0.0,0.0,0.0,0.0,0.0,0.0,0.0,0.0,0.0,0.0,61.6,78,11,65508,50,65476,0,300,0,0,8,20529,65476,0,0,26214,60.0,0.0,0.0,0.0,0.0,0.0
2026-05-17T16:40:32,ERR,ERR,ERR,ERR,ERR,ERR,ERR,ERR,ERR,ERR,ERR,ERR,ERR,ERR,ERR,ERR,ERR,ERR,ERR,ERR,ERR,ERR,ERR,ERR,ERR,ERR,ERR,ERR,ERR,ERR,ERR,ERR,ERR,ERR,ERR,ERR,ERR,ERR,ERR,ERR,ERR,ERR,ERR,ERR,ERR,ERR,ERR,ERR,ERR,ERR,ERR,ERR,ERR,ERR,ERR,ERR,ERR,ERR,ERR,ERR,ERR,ERR,ERR,ERR,ERR,ERR,ERR,ERR,ERR,ERR,ERR,ERR,ERR,ERR,ERR,ERR,ERR,ERR,ERR,ERR,ERR,ERR,ERR,ERR,ERR,ERR,ERR,ERR,ERR,ERR,ERR,ERR,ERR,ERR,ERR,ERR,ERR,ERR,ERR,ERR,ERR,ERR,ERR,ERR,ERR,ERR,ERR,ERR,ERR,ERR,ERR,ERR,ERR,ERR,ERR,ERR,ERR,ERR,ERR,ERR,ERR,ERR,ERR,ERR,ERR,0.0,0.0,-134474944.0,0.0,0.0,1.3936040501711995e+18,7.805,0.0,0,0,4,0,8422,0.0,45,0.0,0.0,0.0,0.0,0.0,0,0,0,0,0.0,0,0,0,0,0,0,0,0,0,0,0,0,0,0,0,0,0,0,0,0,0,0,0,0,0,0,0,0,0,0,0,0,0,38,14,7,45,65476,0,300,0,0,8,21553,0.0,-107605600.0,0.0,0.0,0.0,0.0,0.0,0.0,0.0,0.0,0.0,0.0,0.0,0.0,0.0,0.0,0.0,0.0,0.0,0.0,0.0,0.0,0.0,0.0,-2.004,2.004,0.0,0.0,0.0,0.0,4975.0,1.587929164219617e+29,0.0,0.0,0.0,0.0,-107615304.0,0.0,0.0,0.0,0.0,53,2.3088403658719416e+20,-4.950400744235881e+32,0.0,0.0,0.0,0.0,0.0,0.0,0.0,0,0,0,0.0,0.0,0.0,0.0,0.0,0.0,0.0,0.0,0.0,0.0,0.0,0.0,0.0,0.0,0.0,0.0,0,-107875648.0,53,0.0,106,-107614832.0,2.7006707062415038e+23,ERR,ERR,ERR,ERR,ERR,ERR,ERR,ERR,ERR,ERR,ERR,ERR,ERR,ERR,ERR,ERR,ERR,ERR,ERR,ERR,ERR,ERR,ERR,ERR,ERR,ERR,ERR,ERR,ERR,ERR,ERR,ERR,ERR,ERR,ERR,ERR,ERR,ERR,ERR,ERR,ERR,ERR,ERR,ERR,ERR,ERR,ERR,ERR,ERR,ERR,ERR,ERR,ERR,ERR,ERR,ERR,ERR,ERR,ERR,ERR,ERR,ERR,ERR,ERR,ERR,ERR,ERR,50.0,60.0,100,0.0,0.0,0.0,0.0,0.0,0.0,0.0,0.0,0.0,0.0,0.0,0.0,0.0,0.0,0.0,0.0,61.6,78,11,65508,50,65476,0,300,0,0,8,20529,65476,0,0,26214,60.0,0.0,0.0,0.0,0.0,0.0
2026-05-17T16:40:33,ERR,ERR,ERR,ERR,ERR,ERR,ERR,ERR,ERR,ERR,ERR,ERR,ERR,ERR,ERR,ERR,ERR,ERR,ERR,ERR,ERR,ERR,ERR,ERR,ERR,ERR,ERR,ERR,ERR,ERR,ERR,ERR,ERR,ERR,ERR,ERR,ERR,ERR,ERR,ERR,ERR,ERR,ERR,ERR,ERR,ERR,ERR,ERR,ERR,ERR,ERR,ERR,ERR,ERR,ERR,ERR,ERR,ERR,ERR,ERR,ERR,ERR,ERR,ERR,ERR,ERR,ERR,ERR,ERR,ERR,ERR,ERR,ERR,ERR,ERR,ERR,ERR,ERR,ERR,ERR,ERR,ERR,ERR,ERR,ERR,ERR,ERR,ERR,ERR,ERR,ERR,ERR,ERR,ERR,ERR,ERR,ERR,ERR,ERR,ERR,ERR,ERR,ERR,ERR,ERR,ERR,ERR,ERR,ERR,ERR,ERR,ERR,ERR,ERR,ERR,ERR,ERR,ERR,ERR,ERR,ERR,ERR,ERR,ERR,ERR,0.0,0.0,-134474944.0,0.0,0.0,1.3936040501711995e+18,7.805,0.0,0,0,4,0,8422,0.0,45,0.0,0.0,0.0,0.0,0.0,0,0,0,0,0.0,0,0,0,0,0,0,0,0,0,0,0,0,0,0,0,0,0,0,0,0,0,0,0,0,0,0,0,0,0,0,0,0,0,38,14,7,45,65476,0,300,0,0,8,21553,0.0,-107605600.0,0.0,0.0,0.0,0.0,0.0,0.0,0.0,0.0,0.0,0.0,0.0,0.0,0.0,0.0,0.0,0.0,0.0,0.0,0.0,0.0,0.0,0.0,-2.004,2.004,0.0,0.0,0.0,0.0,4975.0,1.587929164219617e+29,0.0,0.0,0.0,0.0,-107615304.0,0.0,0.0,0.0,0.0,53,2.3088403658719416e+20,-4.950400744235881e+32,0.0,0.0,0.0,0.0,0.0,0.0,0.0,0,0,0,0.0,0.0,0.0,0.0,0.0,0.0,0.0,0.0,0.0,0.0,0.0,0.0,0.0,0.0,0.0,0.0,0,-107875648.0,53,0.0,106,-107614832.0,2.7006707062415038e+23,ERR,ERR,ERR,ERR,ERR,ERR,ERR,ERR,ERR,ERR,ERR,ERR,ERR,ERR,ERR,ERR,ERR,ERR,ERR,ERR,ERR,ERR,ERR,ERR,ERR,ERR,ERR,ERR,ERR,ERR,ERR,ERR,ERR,ERR,ERR,ERR,ERR,ERR,ERR,ERR,ERR,ERR,ERR,ERR,ERR,ERR,ERR,ERR,ERR,ERR,ERR,ERR,ERR,ERR,ERR,ERR,ERR,ERR,ERR,ERR,ERR,ERR,ERR,ERR,ERR,ERR,ERR,50.0,60.0,100,0.0,0.0,0.0,0.0,0.0,0.0,0.0,0.0,0.0,0.0,0.0,0.0,0.0,0.0,0.0,0.0,62.0,78,11,65508,50,65476,0,300,0,0,8,20529,65476,0,0,26214,60.0,0.0,0.0,0.0,0.0,0.0
2026-05-17T16:40:34,ERR,ERR,ERR,ERR,ERR,ERR,ERR,ERR,ERR,ERR,ERR,ERR,ERR,ERR,ERR,ERR,ERR,ERR,ERR,ERR,ERR,ERR,ERR,ERR,ERR,ERR,ERR,ERR,ERR,ERR,ERR,ERR,ERR,ERR,ERR,ERR,ERR,ERR,ERR,ERR,ERR,ERR,ERR,ERR,ERR,ERR,ERR,ERR,ERR,ERR,ERR,ERR,ERR,ERR,ERR,ERR,ERR,ERR,ERR,ERR,ERR,ERR,ERR,ERR,ERR,ERR,ERR,ERR,ERR,ERR,ERR,ERR,ERR,ERR,ERR,ERR,ERR,ERR,ERR,ERR,ERR,ERR,ERR,ERR,ERR,ERR,ERR,ERR,ERR,ERR,ERR,ERR,ERR,ERR,ERR,ERR,ERR,ERR,ERR,ERR,ERR,ERR,ERR,ERR,ERR,ERR,ERR,ERR,ERR,ERR,ERR,ERR,ERR,ERR,ERR,ERR,ERR,ERR,ERR,ERR,ERR,ERR,ERR,ERR,ERR,0.0,0.0,-134474944.0,0.0,0.0,1.3936040501711995e+18,7.805,0.0,0,0,4,0,8422,0.0,45,0.0,0.0,0.0,0.0,0.0,0,0,0,0,0.0,0,0,0,0,0,0,0,0,0,0,0,0,0,0,0,0,0,0,0,0,0,0,0,0,0,0,0,0,0,0,0,0,0,38,14,7,45,65476,0,300,0,0,8,21553,0.0,-107605600.0,0.0,0.0,0.0,0.0,0.0,0.0,0.0,0.0,0.0,0.0,0.0,0.0,0.0,0.0,0.0,0.0,0.0,0.0,0.0,0.0,0.0,0.0,-2.004,2.004,0.0,0.0,0.0,0.0,4975.0,1.587929164219617e+29,0.0,0.0,0.0,0.0,-107615304.0,0.0,0.0,0.0,0.0,53,2.3088403658719416e+20,-4.950400744235881e+32,0.0,0.0,0.0,0.0,0.0,0.0,0.0,0,0,0,0.0,0.0,0.0,0.0,0.0,0.0,0.0,0.0,0.0,0.0,0.0,0.0,0.0,0.0,0.0,0.0,0,-107875648.0,53,0.0,106,-107614832.0,2.7006707062415038e+23,ERR,ERR,ERR,ERR,ERR,ERR,ERR,ERR,ERR,ERR,ERR,ERR,ERR,ERR,ERR,ERR,ERR,ERR,ERR,ERR,ERR,ERR,ERR,ERR,ERR,ERR,ERR,ERR,ERR,ERR,ERR,ERR,ERR,ERR,ERR,ERR,ERR,ERR,ERR,ERR,ERR,ERR,ERR,ERR,ERR,ERR,ERR,ERR,ERR,ERR,ERR,ERR,ERR,ERR,ERR,ERR,ERR,ERR,ERR,ERR,ERR,ERR,ERR,ERR,ERR,ERR,ERR,50.0,60.0,100,0.0,0.0,0.0,0.0,0.0,0.0,0.0,0.0,0.0,0.0,0.0,0.0,0.0,0.0,0.0,0.0,62.0,78,11,65508,50,65476,0,300,0,0,8,20529,65476,0,0,26214,60.0,0.0,0.0,0.0,0.0,0.0
2026-05-17T16:40:35,ERR,ERR,ERR,ERR,ERR,ERR,ERR,ERR,ERR,ERR,ERR,ERR,ERR,ERR,ERR,ERR,ERR,ERR,ERR,ERR,ERR,ERR,ERR,ERR,ERR,ERR,ERR,ERR,ERR,ERR,ERR,ERR,ERR,ERR,ERR,ERR,ERR,ERR,ERR,ERR,ERR,ERR,ERR,ERR,ERR,ERR,ERR,ERR,ERR,ERR,ERR,ERR,ERR,ERR,ERR,ERR,ERR,ERR,ERR,ERR,ERR,ERR,ERR,ERR,ERR,ERR,ERR,ERR,ERR,ERR,ERR,ERR,ERR,ERR,ERR,ERR,ERR,ERR,ERR,ERR,ERR,ERR,ERR,ERR,ERR,ERR,ERR,ERR,ERR,ERR,ERR,ERR,ERR,ERR,ERR,ERR,ERR,ERR,ERR,ERR,ERR,ERR,ERR,ERR,ERR,ERR,ERR,ERR,ERR,ERR,ERR,ERR,ERR,ERR,ERR,ERR,ERR,ERR,ERR,ERR,ERR,ERR,ERR,ERR,ERR,0.0,0.0,-134474944.0,0.0,0.0,1.3936040501711995e+18,7.805,0.0,0,0,4,0,8422,0.0,45,0.0,0.0,0.0,0.0,0.0,0,0,0,0,0.0,0,0,0,0,0,0,0,0,0,0,0,0,0,0,0,0,0,0,0,0,0,0,0,0,0,0,0,0,0,0,0,0,0,38,14,7,45,65476,0,300,0,0,8,21553,0.0,-107605600.0,0.0,0.0,0.0,0.0,0.0,0.0,0.0,0.0,0.0,0.0,0.0,0.0,0.0,0.0,0.0,0.0,0.0,0.0,0.0,0.0,0.0,0.0,-2.004,2.004,0.0,0.0,0.0,0.0,4981.0,0.0,0.0,0.0,0.0,0.0,-107615304.0,0.0,0.0,0.0,0.0,53,4.950428597886765e+32,-0.0,0.0,0.0,0.0,0.0,0.0,0.0,0.0,0,0,0,0.0,0.0,0.0,0.0,0.0,0.0,0.0,0.0,0.0,0.0,0.0,0.0,0.0,0.0,0.0,0.0,0,-107875648.0,53,0.0,106,-107614832.0,2.7006707062415038e+23,ERR,ERR,ERR,ERR,ERR,ERR,ERR,ERR,ERR,ERR,ERR,ERR,ERR,ERR,ERR,ERR,ERR,ERR,ERR,ERR,ERR,ERR,ERR,ERR,ERR,ERR,ERR,ERR,ERR,ERR,ERR,ERR,ERR,ERR,ERR,ERR,ERR,ERR,ERR,ERR,ERR,ERR,ERR,ERR,ERR,ERR,ERR,ERR,ERR,ERR,ERR,ERR,ERR,ERR,ERR,ERR,ERR,ERR,ERR,ERR,ERR,ERR,ERR,ERR,ERR,ERR,ERR,50.0,60.0,100,0.0,0.0,0.0,0.0,0.0,0.0,0.0,0.0,0.0,0.0,0.0,0.0,0.0,0.0,0.0,0.0,62.0,78,11,65508,50,65476,0,300,0,0,8,20529,65476,0,0,26214,60.0,0.0,0.0,0.0,0.0,0.0
2026-05-17T16:40:36,ERR,ERR,ERR,ERR,ERR,ERR,ERR,ERR,ERR,ERR,ERR,ERR,ERR,ERR,ERR,ERR,ERR,ERR,ERR,ERR,ERR,ERR,ERR,ERR,ERR,ERR,ERR,ERR,ERR,ERR,ERR,ERR,ERR,ERR,ERR,ERR,ERR,ERR,ERR,ERR,ERR,ERR,ERR,ERR,ERR,ERR,ERR,ERR,ERR,ERR,ERR,ERR,ERR,ERR,ERR,ERR,ERR,ERR,ERR,ERR,ERR,ERR,ERR,ERR,ERR,ERR,ERR,ERR,ERR,ERR,ERR,ERR,ERR,ERR,ERR,ERR,ERR,ERR,ERR,ERR,ERR,ERR,ERR,ERR,ERR,ERR,ERR,ERR,ERR,ERR,ERR,ERR,ERR,ERR,ERR,ERR,ERR,ERR,ERR,ERR,ERR,ERR,ERR,ERR,ERR,ERR,ERR,ERR,ERR,ERR,ERR,ERR,ERR,ERR,ERR,ERR,ERR,ERR,ERR,ERR,ERR,ERR,ERR,ERR,ERR,0.0,0.0,-134474944.0,0.0,0.0,1.3936040501711995e+18,7.805,0.0,0,0,4,0,8422,0.0,45,0.0,0.0,0.0,0.0,0.0,0,0,0,0,0.0,0,0,0,0,0,0,0,0,0,0,0,0,0,0,0,0,0,0,0,0,0,0,0,0,0,0,0,0,0,0,0,0,0,38,14,7,45,65476,0,300,0,0,8,21553,0.0,-107605600.0,0.0,0.0,0.0,0.0,0.0,0.0,0.0,0.0,0.0,0.0,0.0,0.0,0.0,0.0,0.0,0.0,0.0,0.0,0.0,0.0,0.0,0.0,-2.004,2.004,0.0,0.0,0.0,0.0,4981.0,0.0,0.0,0.0,0.0,0.0,-107615304.0,0.0,0.0,0.0,0.0,53,4.950428597886765e+32,-0.0,0.0,0.0,0.0,0.0,0.0,0.0,0.0,0,0,0,0.0,0.0,0.0,0.0,0.0,0.0,0.0,0.0,0.0,0.0,0.0,0.0,0.0,0.0,0.0,0.0,0,-107875648.0,53,0.0,106,-107614832.0,2.7006707062415038e+23,ERR,ERR,ERR,ERR,ERR,ERR,ERR,ERR,ERR,ERR,ERR,ERR,ERR,ERR,ERR,ERR,ERR,ERR,ERR,ERR,ERR,ERR,ERR,ERR,ERR,ERR,ERR,ERR,ERR,ERR,ERR,ERR,ERR,ERR,ERR,ERR,ERR,ERR,ERR,ERR,ERR,ERR,ERR,ERR,ERR,ERR,ERR,ERR,ERR,ERR,ERR,ERR,ERR,ERR,ERR,ERR,ERR,ERR,ERR,ERR,ERR,ERR,ERR,ERR,ERR,ERR,ERR,50.0,60.0,100,0.0,0.0,0.0,0.0,0.0,0.0,0.0,0.0,0.0,0.0,0.0,0.0,0.0,0.0,0.0,0.0,62.0,78,11,65508,50,65476,0,300,0,0,8,20529,65476,0,0,26214,60.0,0.0,0.0,0.0,0.0,0.0
2026-05-17T16:40:37,ERR,ERR,ERR,ERR,ERR,ERR,ERR,ERR,ERR,ERR,ERR,ERR,ERR,ERR,ERR,ERR,ERR,ERR,ERR,ERR,ERR,ERR,ERR,ERR,ERR,ERR,ERR,ERR,ERR,ERR,ERR,ERR,ERR,ERR,ERR,ERR,ERR,ERR,ERR,ERR,ERR,ERR,ERR,ERR,ERR,ERR,ERR,ERR,ERR,ERR,ERR,ERR,ERR,ERR,ERR,ERR,ERR,ERR,ERR,ERR,ERR,ERR,ERR,ERR,ERR,ERR,ERR,ERR,ERR,ERR,ERR,ERR,ERR,ERR,ERR,ERR,ERR,ERR,ERR,ERR,ERR,ERR,ERR,ERR,ERR,ERR,ERR,ERR,ERR,ERR,ERR,ERR,ERR,ERR,ERR,ERR,ERR,ERR,ERR,ERR,ERR,ERR,ERR,ERR,ERR,ERR,ERR,ERR,ERR,ERR,ERR,ERR,ERR,ERR,ERR,ERR,ERR,ERR,ERR,ERR,ERR,ERR,ERR,ERR,ERR,0.0,0.0,-134474944.0,0.0,0.0,1.3936040501711995e+18,7.805,0.0,0,0,4,0,8422,0.0,45,0.0,0.0,0.0,0.0,0.0,0,0,0,0,0.0,0,0,0,0,0,0,0,0,0,0,0,0,0,0,0,0,0,0,0,0,0,0,0,0,0,0,0,0,0,0,0,0,0,38,14,7,45,65476,0,300,0,0,8,21553,0.0,-107605600.0,0.0,0.0,0.0,0.0,0.0,0.0,0.0,0.0,0.0,0.0,0.0,0.0,0.0,0.0,0.0,0.0,0.0,0.0,0.0,0.0,0.0,0.0,-2.004,2.004,0.0,0.0,0.0,0.0,4981.0,0.0,0.0,0.0,0.0,0.0,-107615304.0,0.0,0.0,0.0,0.0,53,4.950428597886765e+32,-0.0,0.0,0.0,0.0,0.0,0.0,0.0,0.0,0,0,0,0.0,0.0,0.0,0.0,0.0,0.0,0.0,0.0,0.0,0.0,0.0,0.0,0.0,0.0,0.0,0.0,0,-107875648.0,53,0.0,106,-107614832.0,2.7006707062415038e+23,ERR,ERR,ERR,ERR,ERR,ERR,ERR,ERR,ERR,ERR,ERR,ERR,ERR,ERR,ERR,ERR,ERR,ERR,ERR,ERR,ERR,ERR,ERR,ERR,ERR,ERR,ERR,ERR,ERR,ERR,ERR,ERR,ERR,ERR,ERR,ERR,ERR,ERR,ERR,ERR,ERR,ERR,ERR,ERR,ERR,ERR,ERR,ERR,ERR,ERR,ERR,ERR,ERR,ERR,ERR,ERR,ERR,ERR,ERR,ERR,ERR,ERR,ERR,ERR,ERR,ERR,ERR,50.0,60.0,100,0.0,0.0,0.0,0.0,0.0,0.0,0.0,0.0,0.0,0.0,0.0,0.0,0.0,0.0,0.0,0.0,61.6,78,11,65508,50,65476,0,300,0,0,8,20529,65476,0,0,26214,60.0,0.0,0.0,0.0,0.0,0.0
2026-05-17T16:40:38,ERR,ERR,ERR,ERR,ERR,ERR,ERR,ERR,ERR,ERR,ERR,ERR,ERR,ERR,ERR,ERR,ERR,ERR,ERR,ERR,ERR,ERR,ERR,ERR,ERR,ERR,ERR,ERR,ERR,ERR,ERR,ERR,ERR,ERR,ERR,ERR,ERR,ERR,ERR,ERR,ERR,ERR,ERR,ERR,ERR,ERR,ERR,ERR,ERR,ERR,ERR,ERR,ERR,ERR,ERR,ERR,ERR,ERR,ERR,ERR,ERR,ERR,ERR,ERR,ERR,ERR,ERR,ERR,ERR,ERR,ERR,ERR,ERR,ERR,ERR,ERR,ERR,ERR,ERR,ERR,ERR,ERR,ERR,ERR,ERR,ERR,ERR,ERR,ERR,ERR,ERR,ERR,ERR,ERR,ERR,ERR,ERR,ERR,ERR,ERR,ERR,ERR,ERR,ERR,ERR,ERR,ERR,ERR,ERR,ERR,ERR,ERR,ERR,ERR,ERR,ERR,ERR,ERR,ERR,ERR,ERR,ERR,ERR,ERR,ERR,0.0,0.0,-134474944.0,0.0,0.0,1.3936040501711995e+18,7.805,0.0,0,0,4,0,8422,0.0,45,0.0,0.0,0.0,0.0,0.0,0,0,0,0,0.0,0,0,0,0,0,0,0,0,0,0,0,0,0,0,0,0,0,0,0,0,0,0,0,0,0,0,0,0,0,0,0,0,0,38,14,7,45,65476,0,300,0,0,8,21553,0.0,-107605600.0,0.0,0.0,0.0,0.0,0.0,0.0,0.0,0.0,0.0,0.0,0.0,0.0,0.0,0.0,0.0,0.0,0.0,0.0,0.0,0.0,0.0,0.0,-2.004,2.004,0.0,0.0,0.0,0.0,4981.0,0.0,0.0,0.0,0.0,0.0,-107615304.0,0.0,0.0,0.0,0.0,53,4.950428597886765e+32,-0.0,0.0,0.0,0.0,0.0,0.0,0.0,0.0,0,0,0,0.0,0.0,0.0,0.0,0.0,0.0,0.0,0.0,0.0,0.0,0.0,0.0,0.0,0.0,0.0,0.0,0,-107875648.0,53,0.0,106,-107614832.0,2.7006707062415038e+23,ERR,ERR,ERR,ERR,ERR,ERR,ERR,ERR,ERR,ERR,ERR,ERR,ERR,ERR,ERR,ERR,ERR,ERR,ERR,ERR,ERR,ERR,ERR,ERR,ERR,ERR,ERR,ERR,ERR,ERR,ERR,ERR,ERR,ERR,ERR,ERR,ERR,ERR,ERR,ERR,ERR,ERR,ERR,ERR,ERR,ERR,ERR,ERR,ERR,ERR,ERR,ERR,ERR,ERR,ERR,ERR,ERR,ERR,ERR,ERR,ERR,ERR,ERR,ERR,ERR,ERR,ERR,50.0,60.0,100,0.0,0.0,0.0,0.0,0.0,0.0,0.0,0.0,0.0,0.0,0.0,0.0,0.0,0.0,0.0,0.0,61.6,78,11,65508,50,65476,0,300,0,0,8,20529,65476,0,0,26214,60.0,0.0,0.0,0.0,0.0,0.0
2026-05-17T16:40:39,ERR,ERR,ERR,ERR,ERR,ERR,ERR,ERR,ERR,ERR,ERR,ERR,ERR,ERR,ERR,ERR,ERR,ERR,ERR,ERR,ERR,ERR,ERR,ERR,ERR,ERR,ERR,ERR,ERR,ERR,ERR,ERR,ERR,ERR,ERR,ERR,ERR,ERR,ERR,ERR,ERR,ERR,ERR,ERR,ERR,ERR,ERR,ERR,ERR,ERR,ERR,ERR,ERR,ERR,ERR,ERR,ERR,ERR,ERR,ERR,ERR,ERR,ERR,ERR,ERR,ERR,ERR,ERR,ERR,ERR,ERR,ERR,ERR,ERR,ERR,ERR,ERR,ERR,ERR,ERR,ERR,ERR,ERR,ERR,ERR,ERR,ERR,ERR,ERR,ERR,ERR,ERR,ERR,ERR,ERR,ERR,ERR,ERR,ERR,ERR,ERR,ERR,ERR,ERR,ERR,ERR,ERR,ERR,ERR,ERR,ERR,ERR,ERR,ERR,ERR,ERR,ERR,ERR,ERR,ERR,ERR,ERR,ERR,ERR,ERR,0.0,0.0,-134474944.0,0.0,0.0,1.3936040501711995e+18,7.805,0.0,0,0,4,0,8422,0.0,45,0.0,0.0,0.0,0.0,0.0,0,0,0,0,0.0,0,0,0,0,0,0,0,0,0,0,0,0,0,0,0,0,0,0,0,0,0,0,0,0,0,0,0,0,0,0,0,0,0,38,14,7,45,65476,0,300,0,0,8,21553,0.0,-107605600.0,0.0,0.0,0.0,0.0,0.0,0.0,0.0,0.0,0.0,0.0,0.0,0.0,0.0,0.0,0.0,0.0,0.0,0.0,0.0,0.0,0.0,0.0,-2.004,2.004,0.0,0.0,0.0,0.0,4981.0,0.0,0.0,0.0,0.0,0.0,-107615304.0,0.0,0.0,0.0,0.0,53,4.950428597886765e+32,-0.0,0.0,0.0,0.0,0.0,0.0,0.0,0.0,0,0,0,0.0,0.0,0.0,0.0,0.0,0.0,0.0,0.0,0.0,0.0,0.0,0.0,0.0,0.0,0.0,0.0,0,-107875648.0,53,0.0,106,-107614832.0,2.7006707062415038e+23,ERR,ERR,ERR,ERR,ERR,ERR,ERR,ERR,ERR,ERR,ERR,ERR,ERR,ERR,ERR,ERR,ERR,ERR,ERR,ERR,ERR,ERR,ERR,ERR,ERR,ERR,ERR,ERR,ERR,ERR,ERR,ERR,ERR,ERR,ERR,ERR,ERR,ERR,ERR,ERR,ERR,ERR,ERR,ERR,ERR,ERR,ERR,ERR,ERR,ERR,ERR,ERR,ERR,ERR,ERR,ERR,ERR,ERR,ERR,ERR,ERR,ERR,ERR,ERR,ERR,ERR,ERR,50.0,60.0,100,0.0,0.0,0.0,0.0,0.0,0.0,0.0,0.0,0.0,0.0,0.0,0.0,0.0,0.0,0.0,0.0,61.6,78,11,65508,50,65476,0,300,0,0,8,20529,65476,0,0,26214,60.0,0.0,0.0,0.0,0.0,0.0
2026-05-17T16:40:40,ERR,ERR,ERR,ERR,ERR,ERR,ERR,ERR,ERR,ERR,ERR,ERR,ERR,ERR,ERR,ERR,ERR,ERR,ERR,ERR,ERR,ERR,ERR,ERR,ERR,ERR,ERR,ERR,ERR,ERR,ERR,ERR,ERR,ERR,ERR,ERR,ERR,ERR,ERR,ERR,ERR,ERR,ERR,ERR,ERR,ERR,ERR,ERR,ERR,ERR,ERR,ERR,ERR,ERR,ERR,ERR,ERR,ERR,ERR,ERR,ERR,ERR,ERR,ERR,ERR,ERR,ERR,ERR,ERR,ERR,ERR,ERR,ERR,ERR,ERR,ERR,ERR,ERR,ERR,ERR,ERR,ERR,ERR,ERR,ERR,ERR,ERR,ERR,ERR,ERR,ERR,ERR,ERR,ERR,ERR,ERR,ERR,ERR,ERR,ERR,ERR,ERR,ERR,ERR,ERR,ERR,ERR,ERR,ERR,ERR,ERR,ERR,ERR,ERR,ERR,ERR,ERR,ERR,ERR,ERR,ERR,ERR,ERR,ERR,ERR,0.0,0.0,-134474944.0,0.0,0.0,1.3936040501711995e+18,7.805,0.0,0,0,4,0,8422,0.0,45,0.0,0.0,0.0,0.0,0.0,0,0,0,0,0.0,0,0,0,0,0,0,0,0,0,0,0,0,0,0,0,0,0,0,0,0,0,0,0,0,0,0,0,0,0,0,0,0,0,38,14,7,45,65476,0,300,0,0,8,21553,0.0,-107605600.0,0.0,0.0,0.0,0.0,0.0,0.0,0.0,0.0,0.0,0.0,0.0,0.0,0.0,0.0,0.0,0.0,0.0,0.0,0.0,0.0,0.0,0.0,-2.004,2.004,0.0,0.0,0.0,0.0,4976.0,0.0,0.0,0.0,0.0,0.0,-107615304.0,0.0,0.0,0.0,0.0,53,2.7184300208680915e+23,-0.0,0.0,0.0,0.0,0.0,0.0,0.0,0.0,0,0,0,0.0,0.0,0.0,0.0,0.0,0.0,0.0,0.0,0.0,0.0,0.0,0.0,0.0,0.0,0.0,0.0,0,-107875648.0,53,0.0,106,-107614832.0,2.7006707062415038e+23,ERR,ERR,ERR,ERR,ERR,ERR,ERR,ERR,ERR,ERR,ERR,ERR,ERR,ERR,ERR,ERR,ERR,ERR,ERR,ERR,ERR,ERR,ERR,ERR,ERR,ERR,ERR,ERR,ERR,ERR,ERR,ERR,ERR,ERR,ERR,ERR,ERR,ERR,ERR,ERR,ERR,ERR,ERR,ERR,ERR,ERR,ERR,ERR,ERR,ERR,ERR,ERR,ERR,ERR,ERR,ERR,ERR,ERR,ERR,ERR,ERR,ERR,ERR,ERR,ERR,ERR,ERR,50.0,60.0,100,0.0,0.0,0.0,0.0,0.0,0.0,0.0,0.0,0.0,0.0,0.0,0.0,0.0,0.0,0.0,0.0,62.0,78,11,65508,50,65476,0,300,0,0,8,20529,65476,0,0,26214,60.0,0.0,0.0,0.0,0.0,0.0
2026-05-17T16:40:41,ERR,ERR,ERR,ERR,ERR,ERR,ERR,ERR,ERR,ERR,ERR,ERR,ERR,ERR,ERR,ERR,ERR,ERR,ERR,ERR,ERR,ERR,ERR,ERR,ERR,ERR,ERR,ERR,ERR,ERR,ERR,ERR,ERR,ERR,ERR,ERR,ERR,ERR,ERR,ERR,ERR,ERR,ERR,ERR,ERR,ERR,ERR,ERR,ERR,ERR,ERR,ERR,ERR,ERR,ERR,ERR,ERR,ERR,ERR,ERR,ERR,ERR,ERR,ERR,ERR,ERR,ERR,ERR,ERR,ERR,ERR,ERR,ERR,ERR,ERR,ERR,ERR,ERR,ERR,ERR,ERR,ERR,ERR,ERR,ERR,ERR,ERR,ERR,ERR,ERR,ERR,ERR,ERR,ERR,ERR,ERR,ERR,ERR,ERR,ERR,ERR,ERR,ERR,ERR,ERR,ERR,ERR,ERR,ERR,ERR,ERR,ERR,ERR,ERR,ERR,ERR,ERR,ERR,ERR,ERR,ERR,ERR,ERR,ERR,ERR,0.0,0.0,-134474944.0,0.0,0.0,1.3936040501711995e+18,7.805,0.0,0,0,4,0,8422,0.0,45,0.0,0.0,0.0,0.0,0.0,0,0,0,0,0.0,0,0,0,0,0,0,0,0,0,0,0,0,0,0,0,0,0,0,0,0,0,0,0,0,0,0,0,0,0,0,0,0,0,38,14,7,45,65476,0,300,0,0,8,21553,0.0,-107605600.0,0.0,0.0,0.0,0.0,0.0,0.0,0.0,0.0,0.0,0.0,0.0,0.0,0.0,0.0,0.0,0.0,0.0,0.0,0.0,0.0,0.0,0.0,-2.004,2.004,0.0,0.0,0.0,0.0,4976.0,0.0,0.0,0.0,0.0,0.0,-107615304.0,0.0,0.0,0.0,0.0,53,2.7184300208680915e+23,-0.0,0.0,0.0,0.0,0.0,0.0,0.0,0.0,0,0,0,0.0,0.0,0.0,0.0,0.0,0.0,0.0,0.0,0.0,0.0,0.0,0.0,0.0,0.0,0.0,0.0,0,-107875648.0,53,0.0,106,-107614832.0,2.7006707062415038e+23,ERR,ERR,ERR,ERR,ERR,ERR,ERR,ERR,ERR,ERR,ERR,ERR,ERR,ERR,ERR,ERR,ERR,ERR,ERR,ERR,ERR,ERR,ERR,ERR,ERR,ERR,ERR,ERR,ERR,ERR,ERR,ERR,ERR,ERR,ERR,ERR,ERR,ERR,ERR,ERR,ERR,ERR,ERR,ERR,ERR,ERR,ERR,ERR,ERR,ERR,ERR,ERR,ERR,ERR,ERR,ERR,ERR,ERR,ERR,ERR,ERR,ERR,ERR,ERR,ERR,ERR,ERR,50.0,60.0,100,0.0,0.0,0.0,0.0,0.0,0.0,0.0,0.0,0.0,0.0,0.0,0.0,0.0,0.0,0.0,0.0,62.0,78,11,65508,50,65476,0,300,0,0,8,20529,65476,0,0,26214,60.0,0.0,0.0,0.0,0.0,0.0
2026-05-17T16:40:42,ERR,ERR,ERR,ERR,ERR,ERR,ERR,ERR,ERR,ERR,ERR,ERR,ERR,ERR,ERR,ERR,ERR,ERR,ERR,ERR,ERR,ERR,ERR,ERR,ERR,ERR,ERR,ERR,ERR,ERR,ERR,ERR,ERR,ERR,ERR,ERR,ERR,ERR,ERR,ERR,ERR,ERR,ERR,ERR,ERR,ERR,ERR,ERR,ERR,ERR,ERR,ERR,ERR,ERR,ERR,ERR,ERR,ERR,ERR,ERR,ERR,ERR,ERR,ERR,ERR,ERR,ERR,ERR,ERR,ERR,ERR,ERR,ERR,ERR,ERR,ERR,ERR,ERR,ERR,ERR,ERR,ERR,ERR,ERR,ERR,ERR,ERR,ERR,ERR,ERR,ERR,ERR,ERR,ERR,ERR,ERR,ERR,ERR,ERR,ERR,ERR,ERR,ERR,ERR,ERR,ERR,ERR,ERR,ERR,ERR,ERR,ERR,ERR,ERR,ERR,ERR,ERR,ERR,ERR,ERR,ERR,ERR,ERR,ERR,ERR,0.0,0.0,-134474944.0,0.0,0.0,1.3936040501711995e+18,7.805,0.0,0,0,4,0,8422,0.0,45,0.0,0.0,0.0,0.0,0.0,0,0,0,0,0.0,0,0,0,0,0,0,0,0,0,0,0,0,0,0,0,0,0,0,0,0,0,0,0,0,0,0,0,0,0,0,0,0,0,38,14,7,45,65476,0,300,0,0,8,21553,0.0,-107605600.0,0.0,0.0,0.0,0.0,0.0,0.0,0.0,0.0,0.0,0.0,0.0,0.0,0.0,0.0,0.0,0.0,0.0,0.0,0.0,0.0,0.0,0.0,-2.004,2.004,0.0,0.0,0.0,0.0,4976.0,0.0,0.0,0.0,0.0,0.0,-107615304.0,0.0,0.0,0.0,0.0,53,2.7184300208680915e+23,-0.0,0.0,0.0,0.0,0.0,0.0,0.0,0.0,0,0,0,0.0,0.0,0.0,0.0,0.0,0.0,0.0,0.0,0.0,0.0,0.0,0.0,0.0,0.0,0.0,0.0,0,-107875648.0,53,0.0,106,-107614832.0,2.7006707062415038e+23,ERR,ERR,ERR,ERR,ERR,ERR,ERR,ERR,ERR,ERR,ERR,ERR,ERR,ERR,ERR,ERR,ERR,ERR,ERR,ERR,ERR,ERR,ERR,ERR,ERR,ERR,ERR,ERR,ERR,ERR,ERR,ERR,ERR,ERR,ERR,ERR,ERR,ERR,ERR,ERR,ERR,ERR,ERR,ERR,ERR,ERR,ERR,ERR,ERR,ERR,ERR,ERR,ERR,ERR,ERR,ERR,ERR,ERR,ERR,ERR,ERR,ERR,ERR,ERR,ERR,ERR,ERR,50.0,60.0,100,0.0,0.0,0.0,0.0,0.0,0.0,0.0,0.0,0.0,0.0,0.0,0.0,0.0,0.0,0.0,0.0,61.6,78,11,65508,50,65476,0,300,0,0,8,20529,65476,0,0,26214,60.0,0.0,0.0,0.0,0.0,0.0
2026-05-17T16:40:43,ERR,ERR,ERR,ERR,ERR,ERR,ERR,ERR,ERR,ERR,ERR,ERR,ERR,ERR,ERR,ERR,ERR,ERR,ERR,ERR,ERR,ERR,ERR,ERR,ERR,ERR,ERR,ERR,ERR,ERR,ERR,ERR,ERR,ERR,ERR,ERR,ERR,ERR,ERR,ERR,ERR,ERR,ERR,ERR,ERR,ERR,ERR,ERR,ERR,ERR,ERR,ERR,ERR,ERR,ERR,ERR,ERR,ERR,ERR,ERR,ERR,ERR,ERR,ERR,ERR,ERR,ERR,ERR,ERR,ERR,ERR,ERR,ERR,ERR,ERR,ERR,ERR,ERR,ERR,ERR,ERR,ERR,ERR,ERR,ERR,ERR,ERR,ERR,ERR,ERR,ERR,ERR,ERR,ERR,ERR,ERR,ERR,ERR,ERR,ERR,ERR,ERR,ERR,ERR,ERR,ERR,ERR,ERR,ERR,ERR,ERR,ERR,ERR,ERR,ERR,ERR,ERR,ERR,ERR,ERR,ERR,ERR,ERR,ERR,ERR,0.0,0.0,-134474944.0,0.0,0.0,1.3936040501711995e+18,7.805,0.0,0,0,4,0,8422,0.0,45,0.0,0.0,0.0,0.0,0.0,0,0,0,0,0.0,0,0,0,0,0,0,0,0,0,0,0,0,0,0,0,0,0,0,0,0,0,0,0,0,0,0,0,0,0,0,0,0,0,38,14,7,45,65476,0,300,0,0,8,21553,0.0,-107605600.0,0.0,0.0,0.0,0.0,0.0,0.0,0.0,0.0,0.0,0.0,0.0,0.0,0.0,0.0,0.0,0.0,0.0,0.0,0.0,0.0,0.0,0.0,-2.004,2.004,0.0,0.0,0.0,0.0,4976.0,0.0,0.0,0.0,0.0,0.0,-107615304.0,0.0,0.0,0.0,0.0,53,2.7184300208680915e+23,-0.0,0.0,0.0,0.0,0.0,0.0,0.0,0.0,0,0,0,0.0,0.0,0.0,0.0,0.0,0.0,0.0,0.0,0.0,0.0,0.0,0.0,0.0,0.0,0.0,0.0,0,-107875648.0,53,0.0,106,-107614832.0,2.7006707062415038e+23,ERR,ERR,ERR,ERR,ERR,ERR,ERR,ERR,ERR,ERR,ERR,ERR,ERR,ERR,ERR,ERR,ERR,ERR,ERR,ERR,ERR,ERR,ERR,ERR,ERR,ERR,ERR,ERR,ERR,ERR,ERR,ERR,ERR,ERR,ERR,ERR,ERR,ERR,ERR,ERR,ERR,ERR,ERR,ERR,ERR,ERR,ERR,ERR,ERR,ERR,ERR,ERR,ERR,ERR,ERR,ERR,ERR,ERR,ERR,ERR,ERR,ERR,ERR,ERR,ERR,ERR,ERR,50.0,60.0,100,0.0,0.0,0.0,0.0,0.0,0.0,0.0,0.0,0.0,0.0,0.0,0.0,0.0,0.0,0.0,0.0,61.6,78,11,65508,50,65476,0,300,0,0,8,20529,65476,0,0,26214,60.0,0.0,0.0,0.0,0.0,0.0
2026-05-17T16:40:44,ERR,ERR,ERR,ERR,ERR,ERR,ERR,ERR,ERR,ERR,ERR,ERR,ERR,ERR,ERR,ERR,ERR,ERR,ERR,ERR,ERR,ERR,ERR,ERR,ERR,ERR,ERR,ERR,ERR,ERR,ERR,ERR,ERR,ERR,ERR,ERR,ERR,ERR,ERR,ERR,ERR,ERR,ERR,ERR,ERR,ERR,ERR,ERR,ERR,ERR,ERR,ERR,ERR,ERR,ERR,ERR,ERR,ERR,ERR,ERR,ERR,ERR,ERR,ERR,ERR,ERR,ERR,ERR,ERR,ERR,ERR,ERR,ERR,ERR,ERR,ERR,ERR,ERR,ERR,ERR,ERR,ERR,ERR,ERR,ERR,ERR,ERR,ERR,ERR,ERR,ERR,ERR,ERR,ERR,ERR,ERR,ERR,ERR,ERR,ERR,ERR,ERR,ERR,ERR,ERR,ERR,ERR,ERR,ERR,ERR,ERR,ERR,ERR,ERR,ERR,ERR,ERR,ERR,ERR,ERR,ERR,ERR,ERR,ERR,ERR,0.0,0.0,-134474944.0,0.0,0.0,1.3936040501711995e+18,7.805,0.0,0,0,4,0,8422,0.0,45,0.0,0.0,0.0,0.0,0.0,0,0,0,0,0.0,0,0,0,0,0,0,0,0,0,0,0,0,0,0,0,0,0,0,0,0,0,0,0,0,0,0,0,0,0,0,0,0,0,38,14,7,45,65476,0,300,0,0,8,21553,0.0,-107605600.0,0.0,0.0,0.0,0.0,0.0,0.0,0.0,0.0,0.0,0.0,0.0,0.0,0.0,0.0,0.0,0.0,0.0,0.0,0.0,0.0,0.0,0.0,-2.004,2.004,0.0,0.0,0.0,0.0,4976.0,0.0,0.0,0.0,0.0,0.0,-107615304.0,0.0,0.0,0.0,0.0,53,2.7184300208680915e+23,-0.0,0.0,0.0,0.0,0.0,0.0,0.0,0.0,0,0,0,0.0,0.0,0.0,0.0,0.0,0.0,0.0,0.0,0.0,0.0,0.0,0.0,0.0,0.0,0.0,0.0,0,-107875648.0,53,0.0,106,-107614832.0,2.7006707062415038e+23,ERR,ERR,ERR,ERR,ERR,ERR,ERR,ERR,ERR,ERR,ERR,ERR,ERR,ERR,ERR,ERR,ERR,ERR,ERR,ERR,ERR,ERR,ERR,ERR,ERR,ERR,ERR,ERR,ERR,ERR,ERR,ERR,ERR,ERR,ERR,ERR,ERR,ERR,ERR,ERR,ERR,ERR,ERR,ERR,ERR,ERR,ERR,ERR,ERR,ERR,ERR,ERR,ERR,ERR,ERR,ERR,ERR,ERR,ERR,ERR,ERR,ERR,ERR,ERR,ERR,ERR,ERR,50.0,60.0,100,0.0,0.0,0.0,0.0,0.0,0.0,0.0,0.0,0.0,0.0,0.0,0.0,0.0,0.0,0.0,0.0,62.0,78,11,65508,50,65476,0,300,0,0,8,20529,65476,0,0,26214,60.0,0.0,0.0,0.0,0.0,0.0
2026-05-17T16:40:45,ERR,ERR,ERR,ERR,ERR,ERR,ERR,ERR,ERR,ERR,ERR,ERR,ERR,ERR,ERR,ERR,ERR,ERR,ERR,ERR,ERR,ERR,ERR,ERR,ERR,ERR,ERR,ERR,ERR,ERR,ERR,ERR,ERR,ERR,ERR,ERR,ERR,ERR,ERR,ERR,ERR,ERR,ERR,ERR,ERR,ERR,ERR,ERR,ERR,ERR,ERR,ERR,ERR,ERR,ERR,ERR,ERR,ERR,ERR,ERR,ERR,ERR,ERR,ERR,ERR,ERR,ERR,ERR,ERR,ERR,ERR,ERR,ERR,ERR,ERR,ERR,ERR,ERR,ERR,ERR,ERR,ERR,ERR,ERR,ERR,ERR,ERR,ERR,ERR,ERR,ERR,ERR,ERR,ERR,ERR,ERR,ERR,ERR,ERR,ERR,ERR,ERR,ERR,ERR,ERR,ERR,ERR,ERR,ERR,ERR,ERR,ERR,ERR,ERR,ERR,ERR,ERR,ERR,ERR,ERR,ERR,ERR,ERR,ERR,ERR,0.0,0.0,-134474944.0,0.0,0.0,1.3936040501711995e+18,7.805,0.0,0,0,4,0,8422,0.0,45,0.0,0.0,0.0,0.0,0.0,0,0,0,0,0.0,0,0,0,0,0,0,0,0,0,0,0,0,0,0,0,0,0,0,0,0,0,0,0,0,0,0,0,0,0,0,0,0,0,38,14,7,45,65476,0,300,0,0,8,21553,0.0,-107605600.0,0.0,0.0,0.0,0.0,0.0,0.0,0.0,0.0,0.0,0.0,0.0,0.0,0.0,0.0,0.0,0.0,0.0,0.0,0.0,0.0,0.0,0.0,-2.004,2.004,0.0,0.0,0.0,0.0,4981.0,2.4229876163019057e+24,0.0,0.0,0.0,0.0,-107615304.0,0.0,0.0,0.0,0.0,53,4.066880103266858e+29,0.0,0.0,0.0,0.0,0.0,0.0,0.0,0.0,0,0,0,0.0,0.0,0.0,0.0,0.0,0.0,0.0,0.0,0.0,0.0,0.0,0.0,0.0,0.0,0.0,0.0,0,-107875648.0,53,0.0,106,-107614832.0,2.7006707062415038e+23,ERR,ERR,ERR,ERR,ERR,ERR,ERR,ERR,ERR,ERR,ERR,ERR,ERR,ERR,ERR,ERR,ERR,ERR,ERR,ERR,ERR,ERR,ERR,ERR,ERR,ERR,ERR,ERR,ERR,ERR,ERR,ERR,ERR,ERR,ERR,ERR,ERR,ERR,ERR,ERR,ERR,ERR,ERR,ERR,ERR,ERR,ERR,ERR,ERR,ERR,ERR,ERR,ERR,ERR,ERR,ERR,ERR,ERR,ERR,ERR,ERR,ERR,ERR,ERR,ERR,ERR,ERR,50.0,60.0,100,0.0,0.0,0.0,0.0,0.0,0.0,0.0,0.0,0.0,0.0,0.0,0.0,0.0,0.0,0.0,0.0,61.6,78,11,65508,50,65476,0,300,0,0,8,20529,65476,0,0,26214,60.0,0.0,0.0,0.0,0.0,0.0
2026-05-17T16:40:46,ERR,ERR,ERR,ERR,ERR,ERR,ERR,ERR,ERR,ERR,ERR,ERR,ERR,ERR,ERR,ERR,ERR,ERR,ERR,ERR,ERR,ERR,ERR,ERR,ERR,ERR,ERR,ERR,ERR,ERR,ERR,ERR,ERR,ERR,ERR,ERR,ERR,ERR,ERR,ERR,ERR,ERR,ERR,ERR,ERR,ERR,ERR,ERR,ERR,ERR,ERR,ERR,ERR,ERR,ERR,ERR,ERR,ERR,ERR,ERR,ERR,ERR,ERR,ERR,ERR,ERR,ERR,ERR,ERR,ERR,ERR,ERR,ERR,ERR,ERR,ERR,ERR,ERR,ERR,ERR,ERR,ERR,ERR,ERR,ERR,ERR,ERR,ERR,ERR,ERR,ERR,ERR,ERR,ERR,ERR,ERR,ERR,ERR,ERR,ERR,ERR,ERR,ERR,ERR,ERR,ERR,ERR,ERR,ERR,ERR,ERR,ERR,ERR,ERR,ERR,ERR,ERR,ERR,ERR,ERR,ERR,ERR,ERR,ERR,ERR,0.0,0.0,-134474944.0,0.0,0.0,1.3936040501711995e+18,7.805,0.0,0,0,4,0,8422,0.0,45,0.0,0.0,0.0,0.0,0.0,0,0,0,0,0.0,0,0,0,0,0,0,0,0,0,0,0,0,0,0,0,0,0,0,0,0,0,0,0,0,0,0,0,0,0,0,0,0,0,38,14,7,45,65476,0,300,0,0,8,21553,0.0,-107605600.0,0.0,0.0,0.0,0.0,0.0,0.0,0.0,0.0,0.0,0.0,0.0,0.0,0.0,0.0,0.0,0.0,0.0,0.0,0.0,0.0,0.0,0.0,-2.004,2.004,0.0,0.0,0.0,0.0,4981.0,2.4229876163019057e+24,0.0,0.0,0.0,0.0,-107615304.0,0.0,0.0,0.0,0.0,53,4.066880103266858e+29,0.0,0.0,0.0,0.0,0.0,0.0,0.0,0.0,0,0,0,0.0,0.0,0.0,0.0,0.0,0.0,0.0,0.0,0.0,0.0,0.0,0.0,0.0,0.0,0.0,0.0,0,-107875648.0,53,0.0,106,-107614832.0,2.7006707062415038e+23,ERR,ERR,ERR,ERR,ERR,ERR,ERR,ERR,ERR,ERR,ERR,ERR,ERR,ERR,ERR,ERR,ERR,ERR,ERR,ERR,ERR,ERR,ERR,ERR,ERR,ERR,ERR,ERR,ERR,ERR,ERR,ERR,ERR,ERR,ERR,ERR,ERR,ERR,ERR,ERR,ERR,ERR,ERR,ERR,ERR,ERR,ERR,ERR,ERR,ERR,ERR,ERR,ERR,ERR,ERR,ERR,ERR,ERR,ERR,ERR,ERR,ERR,ERR,ERR,ERR,ERR,ERR,50.0,60.0,100,0.0,0.0,0.0,0.0,0.0,0.0,0.0,0.0,0.0,0.0,0.0,0.0,0.0,0.0,0.0,0.0,61.6,78,11,65508,50,65476,0,300,0,0,8,20529,65476,0,0,26214,60.0,0.0,0.0,0.0,0.0,0.0
2026-05-17T16:40:47,ERR,ERR,ERR,ERR,ERR,ERR,ERR,ERR,ERR,ERR,ERR,ERR,ERR,ERR,ERR,ERR,ERR,ERR,ERR,ERR,ERR,ERR,ERR,ERR,ERR,ERR,ERR,ERR,ERR,ERR,ERR,ERR,ERR,ERR,ERR,ERR,ERR,ERR,ERR,ERR,ERR,ERR,ERR,ERR,ERR,ERR,ERR,ERR,ERR,ERR,ERR,ERR,ERR,ERR,ERR,ERR,ERR,ERR,ERR,ERR,ERR,ERR,ERR,ERR,ERR,ERR,ERR,ERR,ERR,ERR,ERR,ERR,ERR,ERR,ERR,ERR,ERR,ERR,ERR,ERR,ERR,ERR,ERR,ERR,ERR,ERR,ERR,ERR,ERR,ERR,ERR,ERR,ERR,ERR,ERR,ERR,ERR,ERR,ERR,ERR,ERR,ERR,ERR,ERR,ERR,ERR,ERR,ERR,ERR,ERR,ERR,ERR,ERR,ERR,ERR,ERR,ERR,ERR,ERR,ERR,ERR,ERR,ERR,ERR,ERR,0.0,0.0,-134474944.0,0.0,0.0,1.3936040501711995e+18,7.805,0.0,0,0,4,0,8422,0.0,45,0.0,0.0,0.0,0.0,0.0,0,0,0,0,0.0,0,0,0,0,0,0,0,0,0,0,0,0,0,0,0,0,0,0,0,0,0,0,0,0,0,0,0,0,0,0,0,0,0,38,14,7,45,65476,0,300,0,0,8,21553,0.0,-107605600.0,0.0,0.0,0.0,0.0,0.0,0.0,0.0,0.0,0.0,0.0,0.0,0.0,0.0,0.0,0.0,0.0,0.0,0.0,0.0,0.0,0.0,0.0,-2.004,2.004,0.0,0.0,0.0,0.0,4981.0,2.4229876163019057e+24,0.0,0.0,0.0,0.0,-107615304.0,0.0,0.0,0.0,0.0,53,4.066880103266858e+29,0.0,0.0,0.0,0.0,0.0,0.0,0.0,0.0,0,0,0,0.0,0.0,0.0,0.0,0.0,0.0,0.0,0.0,0.0,0.0,0.0,0.0,0.0,0.0,0.0,0.0,0,-107875648.0,53,0.0,106,-107614832.0,2.7006707062415038e+23,ERR,ERR,ERR,ERR,ERR,ERR,ERR,ERR,ERR,ERR,ERR,ERR,ERR,ERR,ERR,ERR,ERR,ERR,ERR,ERR,ERR,ERR,ERR,ERR,ERR,ERR,ERR,ERR,ERR,ERR,ERR,ERR,ERR,ERR,ERR,ERR,ERR,ERR,ERR,ERR,ERR,ERR,ERR,ERR,ERR,ERR,ERR,ERR,ERR,ERR,ERR,ERR,ERR,ERR,ERR,ERR,ERR,ERR,ERR,ERR,ERR,ERR,ERR,ERR,ERR,ERR,ERR,50.0,60.0,100,0.0,0.0,0.0,0.0,0.0,0.0,0.0,0.0,0.0,0.0,0.0,0.0,0.0,0.0,0.0,0.0,61.6,78,11,65508,50,65476,0,300,0,0,8,20529,65476,0,0,26214,60.0,0.0,0.0,0.0,0.0,0.0
2026-05-17T16:40:48,ERR,ERR,ERR,ERR,ERR,ERR,ERR,ERR,ERR,ERR,ERR,ERR,ERR,ERR,ERR,ERR,ERR,ERR,ERR,ERR,ERR,ERR,ERR,ERR,ERR,ERR,ERR,ERR,ERR,ERR,ERR,ERR,ERR,ERR,ERR,ERR,ERR,ERR,ERR,ERR,ERR,ERR,ERR,ERR,ERR,ERR,ERR,ERR,ERR,ERR,ERR,ERR,ERR,ERR,ERR,ERR,ERR,ERR,ERR,ERR,ERR,ERR,ERR,ERR,ERR,ERR,ERR,ERR,ERR,ERR,ERR,ERR,ERR,ERR,ERR,ERR,ERR,ERR,ERR,ERR,ERR,ERR,ERR,ERR,ERR,ERR,ERR,ERR,ERR,ERR,ERR,ERR,ERR,ERR,ERR,ERR,ERR,ERR,ERR,ERR,ERR,ERR,ERR,ERR,ERR,ERR,ERR,ERR,ERR,ERR,ERR,ERR,ERR,ERR,ERR,ERR,ERR,ERR,ERR,ERR,ERR,ERR,ERR,ERR,ERR,0.0,0.0,-134474944.0,0.0,0.0,1.3936040501711995e+18,7.805,0.0,0,0,4,0,8422,0.0,45,0.0,0.0,0.0,0.0,0.0,0,0,0,0,0.0,0,0,0,0,0,0,0,0,0,0,0,0,0,0,0,0,0,0,0,0,0,0,0,0,0,0,0,0,0,0,0,0,0,38,14,7,45,65476,0,300,0,0,8,21553,0.0,-107605600.0,0.0,0.0,0.0,0.0,0.0,0.0,0.0,0.0,0.0,0.0,0.0,0.0,0.0,0.0,0.0,0.0,0.0,0.0,0.0,0.0,0.0,0.0,-2.004,2.004,0.0,0.0,0.0,0.0,4981.0,2.4229876163019057e+24,0.0,0.0,0.0,0.0,-107615304.0,0.0,0.0,0.0,0.0,53,4.066880103266858e+29,0.0,0.0,0.0,0.0,0.0,0.0,0.0,0.0,0,0,0,0.0,0.0,0.0,0.0,0.0,0.0,0.0,0.0,0.0,0.0,0.0,0.0,0.0,0.0,0.0,0.0,0,-107875648.0,53,0.0,106,-107614832.0,2.7006707062415038e+23,ERR,ERR,ERR,ERR,ERR,ERR,ERR,ERR,ERR,ERR,ERR,ERR,ERR,ERR,ERR,ERR,ERR,ERR,ERR,ERR,ERR,ERR,ERR,ERR,ERR,ERR,ERR,ERR,ERR,ERR,ERR,ERR,ERR,ERR,ERR,ERR,ERR,ERR,ERR,ERR,ERR,ERR,ERR,ERR,ERR,ERR,ERR,ERR,ERR,ERR,ERR,ERR,ERR,ERR,ERR,ERR,ERR,ERR,ERR,ERR,ERR,ERR,ERR,ERR,ERR,ERR,ERR,50.0,60.0,100,0.0,0.0,0.0,0.0,0.0,0.0,0.0,0.0,0.0,0.0,0.0,0.0,0.0,0.0,0.0,0.0,61.6,78,11,65508,50,65476,0,300,0,0,8,20529,65476,0,0,26214,60.0,0.0,0.0,0.0,0.0,0.0
2026-05-17T16:40:49,ERR,ERR,ERR,ERR,ERR,ERR,ERR,ERR,ERR,ERR,ERR,ERR,ERR,ERR,ERR,ERR,ERR,ERR,ERR,ERR,ERR,ERR,ERR,ERR,ERR,ERR,ERR,ERR,ERR,ERR,ERR,ERR,ERR,ERR,ERR,ERR,ERR,ERR,ERR,ERR,ERR,ERR,ERR,ERR,ERR,ERR,ERR,ERR,ERR,ERR,ERR,ERR,ERR,ERR,ERR,ERR,ERR,ERR,ERR,ERR,ERR,ERR,ERR,ERR,ERR,ERR,ERR,ERR,ERR,ERR,ERR,ERR,ERR,ERR,ERR,ERR,ERR,ERR,ERR,ERR,ERR,ERR,ERR,ERR,ERR,ERR,ERR,ERR,ERR,ERR,ERR,ERR,ERR,ERR,ERR,ERR,ERR,ERR,ERR,ERR,ERR,ERR,ERR,ERR,ERR,ERR,ERR,ERR,ERR,ERR,ERR,ERR,ERR,ERR,ERR,ERR,ERR,ERR,ERR,ERR,ERR,ERR,ERR,ERR,ERR,0.0,0.0,-134474944.0,0.0,0.0,1.3936040501711995e+18,7.805,0.0,0,0,4,0,8422,0.0,45,0.0,0.0,0.0,0.0,0.0,0,0,0,0,0.0,0,0,0,0,0,0,0,0,0,0,0,0,0,0,0,0,0,0,0,0,0,0,0,0,0,0,0,0,0,0,0,0,0,38,14,7,45,65476,0,300,0,0,8,21553,0.0,-107605600.0,0.0,0.0,0.0,0.0,0.0,0.0,0.0,0.0,0.0,0.0,0.0,0.0,0.0,0.0,0.0,0.0,0.0,0.0,0.0,0.0,0.0,0.0,-2.004,2.004,0.0,0.0,0.0,0.0,4981.0,2.4229876163019057e+24,0.0,0.0,0.0,0.0,-107615304.0,0.0,0.0,0.0,0.0,53,4.066880103266858e+29,0.0,0.0,0.0,0.0,0.0,0.0,0.0,0.0,0,0,0,0.0,0.0,0.0,0.0,0.0,0.0,0.0,0.0,0.0,0.0,0.0,0.0,0.0,0.0,0.0,0.0,0,-107875648.0,53,0.0,106,-107614832.0,2.7006707062415038e+23,ERR,ERR,ERR,ERR,ERR,ERR,ERR,ERR,ERR,ERR,ERR,ERR,ERR,ERR,ERR,ERR,ERR,ERR,ERR,ERR,ERR,ERR,ERR,ERR,ERR,ERR,ERR,ERR,ERR,ERR,ERR,ERR,ERR,ERR,ERR,ERR,ERR,ERR,ERR,ERR,ERR,ERR,ERR,ERR,ERR,ERR,ERR,ERR,ERR,ERR,ERR,ERR,ERR,ERR,ERR,ERR,ERR,ERR,ERR,ERR,ERR,ERR,ERR,ERR,ERR,ERR,ERR,50.0,60.0,100,0.0,0.0,0.0,0.0,0.0,0.0,0.0,0.0,0.0,0.0,0.0,0.0,0.0,0.0,0.0,0.0,62.0,78,11,65508,50,65476,0,300,0,0,8,20529,65476,0,0,26214,60.0,0.0,0.0,0.0,0.0,0.0
2026-05-17T16:40:50,ERR,ERR,ERR,ERR,ERR,ERR,ERR,ERR,ERR,ERR,ERR,ERR,ERR,ERR,ERR,ERR,ERR,ERR,ERR,ERR,ERR,ERR,ERR,ERR,ERR,ERR,ERR,ERR,ERR,ERR,ERR,ERR,ERR,ERR,ERR,ERR,ERR,ERR,ERR,ERR,ERR,ERR,ERR,ERR,ERR,ERR,ERR,ERR,ERR,ERR,ERR,ERR,ERR,ERR,ERR,ERR,ERR,ERR,ERR,ERR,ERR,ERR,ERR,ERR,ERR,ERR,ERR,ERR,ERR,ERR,ERR,ERR,ERR,ERR,ERR,ERR,ERR,ERR,ERR,ERR,ERR,ERR,ERR,ERR,ERR,ERR,ERR,ERR,ERR,ERR,ERR,ERR,ERR,ERR,ERR,ERR,ERR,ERR,ERR,ERR,ERR,ERR,ERR,ERR,ERR,ERR,ERR,ERR,ERR,ERR,ERR,ERR,ERR,ERR,ERR,ERR,ERR,ERR,ERR,ERR,ERR,ERR,ERR,ERR,ERR,0.0,0.0,-134474944.0,0.0,0.0,1.3936040501711995e+18,7.805,0.0,0,0,4,0,8422,0.0,45,0.0,0.0,0.0,0.0,0.0,0,0,0,0,0.0,0,0,0,0,0,0,0,0,0,0,0,0,0,0,0,0,0,0,0,0,0,0,0,0,0,0,0,0,0,0,0,0,0,38,14,7,45,65476,0,300,0,0,8,21553,0.0,-107605600.0,0.0,0.0,0.0,0.0,0.0,0.0,0.0,0.0,0.0,0.0,0.0,0.0,0.0,0.0,0.0,0.0,0.0,0.0,0.0,0.0,0.0,0.0,-2.004,2.004,0.0,0.0,0.0,0.0,4981.0,2.4229876163019057e+24,0.0,0.0,0.0,0.0,-107615304.0,0.0,0.0,0.0,0.0,53,4.066880103266858e+29,0.0,0.0,0.0,0.0,0.0,0.0,0.0,0.0,0,0,0,0.0,0.0,0.0,0.0,0.0,0.0,0.0,0.0,0.0,0.0,0.0,0.0,0.0,0.0,0.0,0.0,0,-107875648.0,53,0.0,106,-107614832.0,2.7006707062415038e+23,ERR,ERR,ERR,ERR,ERR,ERR,ERR,ERR,ERR,ERR,ERR,ERR,ERR,ERR,ERR,ERR,ERR,ERR,ERR,ERR,ERR,ERR,ERR,ERR,ERR,ERR,ERR,ERR,ERR,ERR,ERR,ERR,ERR,ERR,ERR,ERR,ERR,ERR,ERR,ERR,ERR,ERR,ERR,ERR,ERR,ERR,ERR,ERR,ERR,ERR,ERR,ERR,ERR,ERR,ERR,ERR,ERR,ERR,ERR,ERR,ERR,ERR,ERR,ERR,ERR,ERR,ERR,50.0,60.0,100,0.0,0.0,0.0,0.0,0.0,0.0,0.0,0.0,0.0,0.0,0.0,0.0,0.0,0.0,0.0,0.0,62.0,78,11,65508,50,65476,0,300,0,0,8,20529,65476,0,0,26214,60.0,0.0,0.0,0.0,0.0,0.0
2026-05-17T16:40:51,ERR,ERR,ERR,ERR,ERR,ERR,ERR,ERR,ERR,ERR,ERR,ERR,ERR,ERR,ERR,ERR,ERR,ERR,ERR,ERR,ERR,ERR,ERR,ERR,ERR,ERR,ERR,ERR,ERR,ERR,ERR,ERR,ERR,ERR,ERR,ERR,ERR,ERR,ERR,ERR,ERR,ERR,ERR,ERR,ERR,ERR,ERR,ERR,ERR,ERR,ERR,ERR,ERR,ERR,ERR,ERR,ERR,ERR,ERR,ERR,ERR,ERR,ERR,ERR,ERR,ERR,ERR,ERR,ERR,ERR,ERR,ERR,ERR,ERR,ERR,ERR,ERR,ERR,ERR,ERR,ERR,ERR,ERR,ERR,ERR,ERR,ERR,ERR,ERR,ERR,ERR,ERR,ERR,ERR,ERR,ERR,ERR,ERR,ERR,ERR,ERR,ERR,ERR,ERR,ERR,ERR,ERR,ERR,ERR,ERR,ERR,ERR,ERR,ERR,ERR,ERR,ERR,ERR,ERR,ERR,ERR,ERR,ERR,ERR,ERR,0.0,0.0,-134474944.0,0.0,0.0,1.3936040501711995e+18,7.805,0.0,0,0,4,0,8422,0.0,45,0.0,0.0,0.0,0.0,0.0,0,0,0,0,0.0,0,0,0,0,0,0,0,0,0,0,0,0,0,0,0,0,0,0,0,0,0,0,0,0,0,0,0,0,0,0,0,0,0,38,14,7,45,65476,0,300,0,0,8,21553,0.0,-107605600.0,0.0,0.0,0.0,0.0,0.0,0.0,0.0,0.0,0.0,0.0,0.0,0.0,0.0,0.0,0.0,0.0,0.0,0.0,0.0,0.0,0.0,0.0,-2.004,2.004,0.0,0.0,0.0,0.0,5011.0,0.0,0.0,0.0,0.0,0.0,-107615304.0,0.0,0.0,0.0,0.0,53,-0.0,-0.0,0.0,0.0,0.0,0.0,0.0,0.0,0.0,0,0,0,0.0,0.0,0.0,0.0,0.0,0.0,0.0,0.0,0.0,0.0,0.0,0.0,0.0,0.0,0.0,0.0,0,-107875648.0,53,0.0,106,-107614832.0,2.7006707062415038e+23,ERR,ERR,ERR,ERR,ERR,ERR,ERR,ERR,ERR,ERR,ERR,ERR,ERR,ERR,ERR,ERR,ERR,ERR,ERR,ERR,ERR,ERR,ERR,ERR,ERR,ERR,ERR,ERR,ERR,ERR,ERR,ERR,ERR,ERR,ERR,ERR,ERR,ERR,ERR,ERR,ERR,ERR,ERR,ERR,ERR,ERR,ERR,ERR,ERR,ERR,ERR,ERR,ERR,ERR,ERR,ERR,ERR,ERR,ERR,ERR,ERR,ERR,ERR,ERR,ERR,ERR,ERR,50.0,60.0,100,0.0,0.0,0.0,0.0,0.0,0.0,0.0,0.0,0.0,0.0,0.0,0.0,0.0,0.0,0.0,0.0,61.6,78,11,65508,50,65476,0,300,0,0,8,20529,65476,0,0,26214,60.0,0.0,0.0,0.0,0.0,0.0
2026-05-17T16:40:52,ERR,ERR,ERR,ERR,ERR,ERR,ERR,ERR,ERR,ERR,ERR,ERR,ERR,ERR,ERR,ERR,ERR,ERR,ERR,ERR,ERR,ERR,ERR,ERR,ERR,ERR,ERR,ERR,ERR,ERR,ERR,ERR,ERR,ERR,ERR,ERR,ERR,ERR,ERR,ERR,ERR,ERR,ERR,ERR,ERR,ERR,ERR,ERR,ERR,ERR,ERR,ERR,ERR,ERR,ERR,ERR,ERR,ERR,ERR,ERR,ERR,ERR,ERR,ERR,ERR,ERR,ERR,ERR,ERR,ERR,ERR,ERR,ERR,ERR,ERR,ERR,ERR,ERR,ERR,ERR,ERR,ERR,ERR,ERR,ERR,ERR,ERR,ERR,ERR,ERR,ERR,ERR,ERR,ERR,ERR,ERR,ERR,ERR,ERR,ERR,ERR,ERR,ERR,ERR,ERR,ERR,ERR,ERR,ERR,ERR,ERR,ERR,ERR,ERR,ERR,ERR,ERR,ERR,ERR,ERR,ERR,ERR,ERR,ERR,ERR,0.0,0.0,-134474944.0,0.0,0.0,1.3936040501711995e+18,7.805,0.0,0,0,4,0,8422,0.0,45,0.0,0.0,0.0,0.0,0.0,0,0,0,0,0.0,0,0,0,0,0,0,0,0,0,0,0,0,0,0,0,0,0,0,0,0,0,0,0,0,0,0,0,0,0,0,0,0,0,38,14,7,45,65476,0,300,0,0,8,21553,0.0,-107605600.0,0.0,0.0,0.0,0.0,0.0,0.0,0.0,0.0,0.0,0.0,0.0,0.0,0.0,0.0,0.0,0.0,0.0,0.0,0.0,0.0,0.0,0.0,-2.004,2.004,0.0,0.0,0.0,0.0,5011.0,0.0,0.0,0.0,0.0,0.0,-107615304.0,0.0,0.0,0.0,0.0,53,-0.0,-0.0,0.0,0.0,0.0,0.0,0.0,0.0,0.0,0,0,0,0.0,0.0,0.0,0.0,0.0,0.0,0.0,0.0,0.0,0.0,0.0,0.0,0.0,0.0,0.0,0.0,0,-107875648.0,53,0.0,106,-107614832.0,2.7006707062415038e+23,ERR,ERR,ERR,ERR,ERR,ERR,ERR,ERR,ERR,ERR,ERR,ERR,ERR,ERR,ERR,ERR,ERR,ERR,ERR,ERR,ERR,ERR,ERR,ERR,ERR,ERR,ERR,ERR,ERR,ERR,ERR,ERR,ERR,ERR,ERR,ERR,ERR,ERR,ERR,ERR,ERR,ERR,ERR,ERR,ERR,ERR,ERR,ERR,ERR,ERR,ERR,ERR,ERR,ERR,ERR,ERR,ERR,ERR,ERR,ERR,ERR,ERR,ERR,ERR,ERR,ERR,ERR,50.0,60.0,100,0.0,0.0,0.0,0.0,0.0,0.0,0.0,0.0,0.0,0.0,0.0,0.0,0.0,0.0,0.0,0.0,61.6,78,11,65508,50,65476,0,300,0,0,8,20529,65476,0,0,26214,60.0,0.0,0.0,0.0,0.0,0.0
2026-05-17T16:40:53,ERR,ERR,ERR,ERR,ERR,ERR,ERR,ERR,ERR,ERR,ERR,ERR,ERR,ERR,ERR,ERR,ERR,ERR,ERR,ERR,ERR,ERR,ERR,ERR,ERR,ERR,ERR,ERR,ERR,ERR,ERR,ERR,ERR,ERR,ERR,ERR,ERR,ERR,ERR,ERR,ERR,ERR,ERR,ERR,ERR,ERR,ERR,ERR,ERR,ERR,ERR,ERR,ERR,ERR,ERR,ERR,ERR,ERR,ERR,ERR,ERR,ERR,ERR,ERR,ERR,ERR,ERR,ERR,ERR,ERR,ERR,ERR,ERR,ERR,ERR,ERR,ERR,ERR,ERR,ERR,ERR,ERR,ERR,ERR,ERR,ERR,ERR,ERR,ERR,ERR,ERR,ERR,ERR,ERR,ERR,ERR,ERR,ERR,ERR,ERR,ERR,ERR,ERR,ERR,ERR,ERR,ERR,ERR,ERR,ERR,ERR,ERR,ERR,ERR,ERR,ERR,ERR,ERR,ERR,ERR,ERR,ERR,ERR,ERR,ERR,0.0,0.0,-134474944.0,0.0,0.0,1.3936040501711995e+18,7.805,0.0,0,0,4,0,8422,0.0,45,0.0,0.0,0.0,0.0,0.0,0,0,0,0,0.0,0,0,0,0,0,0,0,0,0,0,0,0,0,0,0,0,0,0,0,0,0,0,0,0,0,0,0,0,0,0,0,0,0,38,14,7,45,65476,0,300,0,0,8,21553,0.0,-107605600.0,0.0,0.0,0.0,0.0,0.0,0.0,0.0,0.0,0.0,0.0,0.0,0.0,0.0,0.0,0.0,0.0,0.0,0.0,0.0,0.0,0.0,0.0,-2.004,2.004,0.0,0.0,0.0,0.0,5011.0,0.0,0.0,0.0,0.0,0.0,-107615304.0,0.0,0.0,0.0,0.0,53,-0.0,-0.0,0.0,0.0,0.0,0.0,0.0,0.0,0.0,0,0,0,0.0,0.0,0.0,0.0,0.0,0.0,0.0,0.0,0.0,0.0,0.0,0.0,0.0,0.0,0.0,0.0,0,-107875648.0,53,0.0,106,-107614832.0,2.7006707062415038e+23,ERR,ERR,ERR,ERR,ERR,ERR,ERR,ERR,ERR,ERR,ERR,ERR,ERR,ERR,ERR,ERR,ERR,ERR,ERR,ERR,ERR,ERR,ERR,ERR,ERR,ERR,ERR,ERR,ERR,ERR,ERR,ERR,ERR,ERR,ERR,ERR,ERR,ERR,ERR,ERR,ERR,ERR,ERR,ERR,ERR,ERR,ERR,ERR,ERR,ERR,ERR,ERR,ERR,ERR,ERR,ERR,ERR,ERR,ERR,ERR,ERR,ERR,ERR,ERR,ERR,ERR,ERR,50.0,60.0,100,0.0,0.0,0.0,0.0,0.0,0.0,0.0,0.0,0.0,0.0,0.0,0.0,0.0,0.0,0.0,0.0,61.6,78,11,65508,50,65476,0,300,0,0,8,20529,65476,0,0,26214,60.0,0.0,0.0,0.0,0.0,0.0
2026-05-17T16:40:54,ERR,ERR,ERR,ERR,ERR,ERR,ERR,ERR,ERR,ERR,ERR,ERR,ERR,ERR,ERR,ERR,ERR,ERR,ERR,ERR,ERR,ERR,ERR,ERR,ERR,ERR,ERR,ERR,ERR,ERR,ERR,ERR,ERR,ERR,ERR,ERR,ERR,ERR,ERR,ERR,ERR,ERR,ERR,ERR,ERR,ERR,ERR,ERR,ERR,ERR,ERR,ERR,ERR,ERR,ERR,ERR,ERR,ERR,ERR,ERR,ERR,ERR,ERR,ERR,ERR,ERR,ERR,ERR,ERR,ERR,ERR,ERR,ERR,ERR,ERR,ERR,ERR,ERR,ERR,ERR,ERR,ERR,ERR,ERR,ERR,ERR,ERR,ERR,ERR,ERR,ERR,ERR,ERR,ERR,ERR,ERR,ERR,ERR,ERR,ERR,ERR,ERR,ERR,ERR,ERR,ERR,ERR,ERR,ERR,ERR,ERR,ERR,ERR,ERR,ERR,ERR,ERR,ERR,ERR,ERR,ERR,ERR,ERR,ERR,ERR,0.0,0.0,-134474944.0,0.0,0.0,1.3936040501711995e+18,7.805,0.0,0,0,4,0,8422,0.0,45,0.0,0.0,0.0,0.0,0.0,0,0,0,0,0.0,0,0,0,0,0,0,0,0,0,0,0,0,0,0,0,0,0,0,0,0,0,0,0,0,0,0,0,0,0,0,0,0,0,38,14,7,45,65476,0,300,0,0,8,21553,0.0,-107605600.0,0.0,0.0,0.0,0.0,0.0,0.0,0.0,0.0,0.0,0.0,0.0,0.0,0.0,0.0,0.0,0.0,0.0,0.0,0.0,0.0,0.0,0.0,-2.004,2.004,0.0,0.0,0.0,0.0,5011.0,0.0,0.0,0.0,0.0,0.0,-107615304.0,0.0,0.0,0.0,0.0,53,-0.0,-0.0,0.0,0.0,0.0,0.0,0.0,0.0,0.0,0,0,0,0.0,0.0,0.0,0.0,0.0,0.0,0.0,0.0,0.0,0.0,0.0,0.0,0.0,0.0,0.0,0.0,0,-107875648.0,53,0.0,106,-107614832.0,2.7006707062415038e+23,ERR,ERR,ERR,ERR,ERR,ERR,ERR,ERR,ERR,ERR,ERR,ERR,ERR,ERR,ERR,ERR,ERR,ERR,ERR,ERR,ERR,ERR,ERR,ERR,ERR,ERR,ERR,ERR,ERR,ERR,ERR,ERR,ERR,ERR,ERR,ERR,ERR,ERR,ERR,ERR,ERR,ERR,ERR,ERR,ERR,ERR,ERR,ERR,ERR,ERR,ERR,ERR,ERR,ERR,ERR,ERR,ERR,ERR,ERR,ERR,ERR,ERR,ERR,ERR,ERR,ERR,ERR,50.0,60.0,100,0.0,0.0,0.0,0.0,0.0,0.0,0.0,0.0,0.0,0.0,0.0,0.0,0.0,0.0,0.0,0.0,62.0,78,11,65508,50,65476,0,300,0,0,8,20529,65476,0,0,26214,60.0,0.0,0.0,0.0,0.0,0.0
2026-05-17T16:40:55,ERR,ERR,ERR,ERR,ERR,ERR,ERR,ERR,ERR,ERR,ERR,ERR,ERR,ERR,ERR,ERR,ERR,ERR,ERR,ERR,ERR,ERR,ERR,ERR,ERR,ERR,ERR,ERR,ERR,ERR,ERR,ERR,ERR,ERR,ERR,ERR,ERR,ERR,ERR,ERR,ERR,ERR,ERR,ERR,ERR,ERR,ERR,ERR,ERR,ERR,ERR,ERR,ERR,ERR,ERR,ERR,ERR,ERR,ERR,ERR,ERR,ERR,ERR,ERR,ERR,ERR,ERR,ERR,ERR,ERR,ERR,ERR,ERR,ERR,ERR,ERR,ERR,ERR,ERR,ERR,ERR,ERR,ERR,ERR,ERR,ERR,ERR,ERR,ERR,ERR,ERR,ERR,ERR,ERR,ERR,ERR,ERR,ERR,ERR,ERR,ERR,ERR,ERR,ERR,ERR,ERR,ERR,ERR,ERR,ERR,ERR,ERR,ERR,ERR,ERR,ERR,ERR,ERR,ERR,ERR,ERR,ERR,ERR,ERR,ERR,0.0,0.0,-134474944.0,0.0,0.0,1.3936040501711995e+18,7.805,0.0,0,0,4,0,8422,0.0,45,0.0,0.0,0.0,0.0,0.0,0,0,0,0,0.0,0,0,0,0,0,0,0,0,0,0,0,0,0,0,0,0,0,0,0,0,0,0,0,0,0,0,0,0,0,0,0,0,0,38,14,7,45,65476,0,300,0,0,8,21553,0.0,-107605600.0,0.0,0.0,0.0,0.0,0.0,0.0,0.0,0.0,0.0,0.0,0.0,0.0,0.0,0.0,0.0,0.0,0.0,0.0,0.0,0.0,0.0,0.0,-2.004,2.004,0.0,0.0,0.0,0.0,5011.0,0.0,0.0,0.0,0.0,0.0,-107615304.0,0.0,0.0,0.0,0.0,53,-0.0,-0.0,0.0,0.0,0.0,0.0,0.0,0.0,0.0,0,0,0,0.0,0.0,0.0,0.0,0.0,0.0,0.0,0.0,0.0,0.0,0.0,0.0,0.0,0.0,0.0,0.0,0,-107875648.0,53,0.0,106,-107614832.0,2.7006707062415038e+23,ERR,ERR,ERR,ERR,ERR,ERR,ERR,ERR,ERR,ERR,ERR,ERR,ERR,ERR,ERR,ERR,ERR,ERR,ERR,ERR,ERR,ERR,ERR,ERR,ERR,ERR,ERR,ERR,ERR,ERR,ERR,ERR,ERR,ERR,ERR,ERR,ERR,ERR,ERR,ERR,ERR,ERR,ERR,ERR,ERR,ERR,ERR,ERR,ERR,ERR,ERR,ERR,ERR,ERR,ERR,ERR,ERR,ERR,ERR,ERR,ERR,ERR,ERR,ERR,ERR,ERR,ERR,50.0,60.0,100,0.0,0.0,0.0,0.0,0.0,0.0,0.0,0.0,0.0,0.0,0.0,0.0,0.0,0.0,0.0,0.0,62.0,78,11,65508,50,65476,0,300,0,0,8,20529,65476,0,0,26214,60.0,0.0,0.0,0.0,0.0,0.0
2026-05-17T16:40:56,ERR,ERR,ERR,ERR,ERR,ERR,ERR,ERR,ERR,ERR,ERR,ERR,ERR,ERR,ERR,ERR,ERR,ERR,ERR,ERR,ERR,ERR,ERR,ERR,ERR,ERR,ERR,ERR,ERR,ERR,ERR,ERR,ERR,ERR,ERR,ERR,ERR,ERR,ERR,ERR,ERR,ERR,ERR,ERR,ERR,ERR,ERR,ERR,ERR,ERR,ERR,ERR,ERR,ERR,ERR,ERR,ERR,ERR,ERR,ERR,ERR,ERR,ERR,ERR,ERR,ERR,ERR,ERR,ERR,ERR,ERR,ERR,ERR,ERR,ERR,ERR,ERR,ERR,ERR,ERR,ERR,ERR,ERR,ERR,ERR,ERR,ERR,ERR,ERR,ERR,ERR,ERR,ERR,ERR,ERR,ERR,ERR,ERR,ERR,ERR,ERR,ERR,ERR,ERR,ERR,ERR,ERR,ERR,ERR,ERR,ERR,ERR,ERR,ERR,ERR,ERR,ERR,ERR,ERR,ERR,ERR,ERR,ERR,ERR,ERR,0.0,0.0,-134474944.0,0.0,0.0,1.3936040501711995e+18,7.805,0.0,0,0,4,0,8422,0.0,45,0.0,0.0,0.0,0.0,0.0,0,0,0,0,0.0,0,0,0,0,0,0,0,0,0,0,0,0,0,0,0,0,0,0,0,0,0,0,0,0,0,0,0,0,0,0,0,0,0,38,14,7,45,65476,0,300,0,0,8,21553,0.0,-107605600.0,0.0,0.0,0.0,0.0,0.0,0.0,0.0,0.0,0.0,0.0,0.0,0.0,0.0,0.0,0.0,0.0,0.0,0.0,0.0,0.0,0.0,0.0,-2.004,2.004,0.0,0.0,0.0,0.0,4976.0,-2.4229876163019057e+24,0.0,0.0,0.0,0.0,-107615304.0,0.0,0.0,0.0,0.0,53,4.950428597886765e+32,-0.0,0.0,0.0,0.0,0.0,0.0,0.0,0.0,0,0,0,0.0,0.0,0.0,0.0,0.0,0.0,0.0,0.0,0.0,0.0,0.0,0.0,0.0,0.0,0.0,0.0,0,-107875648.0,53,0.0,106,-107614832.0,2.7006707062415038e+23,ERR,ERR,ERR,ERR,ERR,ERR,ERR,ERR,ERR,ERR,ERR,ERR,ERR,ERR,ERR,ERR,ERR,ERR,ERR,ERR,ERR,ERR,ERR,ERR,ERR,ERR,ERR,ERR,ERR,ERR,ERR,ERR,ERR,ERR,ERR,ERR,ERR,ERR,ERR,ERR,ERR,ERR,ERR,ERR,ERR,ERR,ERR,ERR,ERR,ERR,ERR,ERR,ERR,ERR,ERR,ERR,ERR,ERR,ERR,ERR,ERR,ERR,ERR,ERR,ERR,ERR,ERR,50.0,60.0,100,0.0,0.0,0.0,0.0,0.0,0.0,0.0,0.0,0.0,0.0,0.0,0.0,0.0,0.0,0.0,0.0,61.6,78,11,65508,50,65476,0,300,0,0,8,20529,65476,0,0,26214,60.0,0.0,0.0,0.0,0.0,0.0
2026-05-17T16:40:57,ERR,ERR,ERR,ERR,ERR,ERR,ERR,ERR,ERR,ERR,ERR,ERR,ERR,ERR,ERR,ERR,ERR,ERR,ERR,ERR,ERR,ERR,ERR,ERR,ERR,ERR,ERR,ERR,ERR,ERR,ERR,ERR,ERR,ERR,ERR,ERR,ERR,ERR,ERR,ERR,ERR,ERR,ERR,ERR,ERR,ERR,ERR,ERR,ERR,ERR,ERR,ERR,ERR,ERR,ERR,ERR,ERR,ERR,ERR,ERR,ERR,ERR,ERR,ERR,ERR,ERR,ERR,ERR,ERR,ERR,ERR,ERR,ERR,ERR,ERR,ERR,ERR,ERR,ERR,ERR,ERR,ERR,ERR,ERR,ERR,ERR,ERR,ERR,ERR,ERR,ERR,ERR,ERR,ERR,ERR,ERR,ERR,ERR,ERR,ERR,ERR,ERR,ERR,ERR,ERR,ERR,ERR,ERR,ERR,ERR,ERR,ERR,ERR,ERR,ERR,ERR,ERR,ERR,ERR,ERR,ERR,ERR,ERR,ERR,ERR,0.0,0.0,-134474944.0,0.0,0.0,1.3936040501711995e+18,7.805,0.0,0,0,4,0,8422,0.0,45,0.0,0.0,0.0,0.0,0.0,0,0,0,0,0.0,0,0,0,0,0,0,0,0,0,0,0,0,0,0,0,0,0,0,0,0,0,0,0,0,0,0,0,0,0,0,0,0,0,38,14,7,45,65476,0,300,0,0,8,21553,0.0,-107605600.0,0.0,0.0,0.0,0.0,0.0,0.0,0.0,0.0,0.0,0.0,0.0,0.0,0.0,0.0,0.0,0.0,0.0,0.0,0.0,0.0,0.0,0.0,-2.004,2.004,0.0,0.0,0.0,0.0,4976.0,-2.4229876163019057e+24,0.0,0.0,0.0,0.0,-107615304.0,0.0,0.0,0.0,0.0,53,4.950428597886765e+32,-0.0,0.0,0.0,0.0,0.0,0.0,0.0,0.0,0,0,0,0.0,0.0,0.0,0.0,0.0,0.0,0.0,0.0,0.0,0.0,0.0,0.0,0.0,0.0,0.0,0.0,0,-107875648.0,53,0.0,106,-107614832.0,2.7006707062415038e+23,ERR,ERR,ERR,ERR,ERR,ERR,ERR,ERR,ERR,ERR,ERR,ERR,ERR,ERR,ERR,ERR,ERR,ERR,ERR,ERR,ERR,ERR,ERR,ERR,ERR,ERR,ERR,ERR,ERR,ERR,ERR,ERR,ERR,ERR,ERR,ERR,ERR,ERR,ERR,ERR,ERR,ERR,ERR,ERR,ERR,ERR,ERR,ERR,ERR,ERR,ERR,ERR,ERR,ERR,ERR,ERR,ERR,ERR,ERR,ERR,ERR,ERR,ERR,ERR,ERR,ERR,ERR,50.0,60.0,100,0.0,0.0,0.0,0.0,0.0,0.0,0.0,0.0,0.0,0.0,0.0,0.0,0.0,0.0,0.0,0.0,61.6,78,11,65508,50,65476,0,300,0,0,8,20529,65476,0,0,26214,60.0,0.0,0.0,0.0,0.0,0.0
2026-05-17T16:40:58,ERR,ERR,ERR,ERR,ERR,ERR,ERR,ERR,ERR,ERR,ERR,ERR,ERR,ERR,ERR,ERR,ERR,ERR,ERR,ERR,ERR,ERR,ERR,ERR,ERR,ERR,ERR,ERR,ERR,ERR,ERR,ERR,ERR,ERR,ERR,ERR,ERR,ERR,ERR,ERR,ERR,ERR,ERR,ERR,ERR,ERR,ERR,ERR,ERR,ERR,ERR,ERR,ERR,ERR,ERR,ERR,ERR,ERR,ERR,ERR,ERR,ERR,ERR,ERR,ERR,ERR,ERR,ERR,ERR,ERR,ERR,ERR,ERR,ERR,ERR,ERR,ERR,ERR,ERR,ERR,ERR,ERR,ERR,ERR,ERR,ERR,ERR,ERR,ERR,ERR,ERR,ERR,ERR,ERR,ERR,ERR,ERR,ERR,ERR,ERR,ERR,ERR,ERR,ERR,ERR,ERR,ERR,ERR,ERR,ERR,ERR,ERR,ERR,ERR,ERR,ERR,ERR,ERR,ERR,ERR,ERR,ERR,ERR,ERR,ERR,0.0,0.0,-134474944.0,0.0,0.0,1.3936040501711995e+18,7.805,0.0,0,0,4,0,8422,0.0,45,0.0,0.0,0.0,0.0,0.0,0,0,0,0,0.0,0,0,0,0,0,0,0,0,0,0,0,0,0,0,0,0,0,0,0,0,0,0,0,0,0,0,0,0,0,0,0,0,0,38,14,7,45,65476,0,300,0,0,8,21553,0.0,-107605600.0,0.0,0.0,0.0,0.0,0.0,0.0,0.0,0.0,0.0,0.0,0.0,0.0,0.0,0.0,0.0,0.0,0.0,0.0,0.0,0.0,0.0,0.0,-2.004,2.004,0.0,0.0,0.0,0.0,4976.0,-2.4229876163019057e+24,0.0,0.0,0.0,0.0,-107615304.0,0.0,0.0,0.0,0.0,53,4.950428597886765e+32,-0.0,0.0,0.0,0.0,0.0,0.0,0.0,0.0,0,0,0,0.0,0.0,0.0,0.0,0.0,0.0,0.0,0.0,0.0,0.0,0.0,0.0,0.0,0.0,0.0,0.0,0,-107875648.0,53,0.0,106,-107614832.0,2.7006707062415038e+23,ERR,ERR,ERR,ERR,ERR,ERR,ERR,ERR,ERR,ERR,ERR,ERR,ERR,ERR,ERR,ERR,ERR,ERR,ERR,ERR,ERR,ERR,ERR,ERR,ERR,ERR,ERR,ERR,ERR,ERR,ERR,ERR,ERR,ERR,ERR,ERR,ERR,ERR,ERR,ERR,ERR,ERR,ERR,ERR,ERR,ERR,ERR,ERR,ERR,ERR,ERR,ERR,ERR,ERR,ERR,ERR,ERR,ERR,ERR,ERR,ERR,ERR,ERR,ERR,ERR,ERR,ERR,50.0,60.0,100,0.0,0.0,0.0,0.0,0.0,0.0,0.0,0.0,0.0,0.0,0.0,0.0,0.0,0.0,0.0,0.0,61.6,78,11,65508,50,65476,0,300,0,0,8,20529,65476,0,0,26214,60.0,0.0,0.0,0.0,0.0,0.0
2026-05-17T16:40:59,ERR,ERR,ERR,ERR,ERR,ERR,ERR,ERR,ERR,ERR,ERR,ERR,ERR,ERR,ERR,ERR,ERR,ERR,ERR,ERR,ERR,ERR,ERR,ERR,ERR,ERR,ERR,ERR,ERR,ERR,ERR,ERR,ERR,ERR,ERR,ERR,ERR,ERR,ERR,ERR,ERR,ERR,ERR,ERR,ERR,ERR,ERR,ERR,ERR,ERR,ERR,ERR,ERR,ERR,ERR,ERR,ERR,ERR,ERR,ERR,ERR,ERR,ERR,ERR,ERR,ERR,ERR,ERR,ERR,ERR,ERR,ERR,ERR,ERR,ERR,ERR,ERR,ERR,ERR,ERR,ERR,ERR,ERR,ERR,ERR,ERR,ERR,ERR,ERR,ERR,ERR,ERR,ERR,ERR,ERR,ERR,ERR,ERR,ERR,ERR,ERR,ERR,ERR,ERR,ERR,ERR,ERR,ERR,ERR,ERR,ERR,ERR,ERR,ERR,ERR,ERR,ERR,ERR,ERR,ERR,ERR,ERR,ERR,ERR,ERR,0.0,0.0,-134474944.0,0.0,0.0,1.3936040501711995e+18,7.805,0.0,0,0,4,0,8422,0.0,45,0.0,0.0,0.0,0.0,0.0,0,0,0,0,0.0,0,0,0,0,0,0,0,0,0,0,0,0,0,0,0,0,0,0,0,0,0,0,0,0,0,0,0,0,0,0,0,0,0,38,14,7,45,65476,0,300,0,0,8,21553,0.0,-107605600.0,0.0,0.0,0.0,0.0,0.0,0.0,0.0,0.0,0.0,0.0,0.0,0.0,0.0,0.0,0.0,0.0,0.0,0.0,0.0,0.0,0.0,0.0,-2.004,2.004,0.0,0.0,0.0,0.0,4976.0,-2.4229876163019057e+24,0.0,0.0,0.0,0.0,-107615304.0,0.0,0.0,0.0,0.0,53,4.950428597886765e+32,-0.0,0.0,0.0,0.0,0.0,0.0,0.0,0.0,0,0,0,0.0,0.0,0.0,0.0,0.0,0.0,0.0,0.0,0.0,0.0,0.0,0.0,0.0,0.0,0.0,0.0,0,-107875648.0,53,0.0,106,-107614832.0,2.7006707062415038e+23,ERR,ERR,ERR,ERR,ERR,ERR,ERR,ERR,ERR,ERR,ERR,ERR,ERR,ERR,ERR,ERR,ERR,ERR,ERR,ERR,ERR,ERR,ERR,ERR,ERR,ERR,ERR,ERR,ERR,ERR,ERR,ERR,ERR,ERR,ERR,ERR,ERR,ERR,ERR,ERR,ERR,ERR,ERR,ERR,ERR,ERR,ERR,ERR,ERR,ERR,ERR,ERR,ERR,ERR,ERR,ERR,ERR,ERR,ERR,ERR,ERR,ERR,ERR,ERR,ERR,ERR,ERR,50.0,60.0,100,0.0,0.0,0.0,0.0,0.0,0.0,0.0,0.0,0.0,0.0,0.0,0.0,0.0,0.0,0.0,0.0,61.6,78,11,65508,50,65476,0,300,0,0,8,20529,65476,0,0,26214,60.0,0.0,0.0,0.0,0.0,0.0
2026-05-17T16:41:00,ERR,ERR,ERR,ERR,ERR,ERR,ERR,ERR,ERR,ERR,ERR,ERR,ERR,ERR,ERR,ERR,ERR,ERR,ERR,ERR,ERR,ERR,ERR,ERR,ERR,ERR,ERR,ERR,ERR,ERR,ERR,ERR,ERR,ERR,ERR,ERR,ERR,ERR,ERR,ERR,ERR,ERR,ERR,ERR,ERR,ERR,ERR,ERR,ERR,ERR,ERR,ERR,ERR,ERR,ERR,ERR,ERR,ERR,ERR,ERR,ERR,ERR,ERR,ERR,ERR,ERR,ERR,ERR,ERR,ERR,ERR,ERR,ERR,ERR,ERR,ERR,ERR,ERR,ERR,ERR,ERR,ERR,ERR,ERR,ERR,ERR,ERR,ERR,ERR,ERR,ERR,ERR,ERR,ERR,ERR,ERR,ERR,ERR,ERR,ERR,ERR,ERR,ERR,ERR,ERR,ERR,ERR,ERR,ERR,ERR,ERR,ERR,ERR,ERR,ERR,ERR,ERR,ERR,ERR,ERR,ERR,ERR,ERR,ERR,ERR,0.0,0.0,-134474944.0,0.0,0.0,1.3936040501711995e+18,7.805,0.0,0,0,4,0,8422,0.0,45,0.0,0.0,0.0,0.0,0.0,0,0,0,0,0.0,0,0,0,0,0,0,0,0,0,0,0,0,0,0,0,0,0,0,0,0,0,0,0,0,0,0,0,0,0,0,0,0,0,38,14,7,45,65476,0,300,0,0,8,21553,0.0,-107605600.0,0.0,0.0,0.0,0.0,0.0,0.0,0.0,0.0,0.0,0.0,0.0,0.0,0.0,0.0,0.0,0.0,0.0,0.0,0.0,0.0,0.0,0.0,-2.004,2.004,0.0,0.0,0.0,0.0,4976.0,-2.4229876163019057e+24,0.0,0.0,0.0,0.0,-107615304.0,0.0,0.0,0.0,0.0,53,4.950428597886765e+32,-0.0,0.0,0.0,0.0,0.0,0.0,0.0,0.0,0,0,0,0.0,0.0,0.0,0.0,0.0,0.0,0.0,0.0,0.0,0.0,0.0,0.0,0.0,0.0,0.0,0.0,0,-107875648.0,53,0.0,106,-107614832.0,2.7006707062415038e+23,ERR,ERR,ERR,ERR,ERR,ERR,ERR,ERR,ERR,ERR,ERR,ERR,ERR,ERR,ERR,ERR,ERR,ERR,ERR,ERR,ERR,ERR,ERR,ERR,ERR,ERR,ERR,ERR,ERR,ERR,ERR,ERR,ERR,ERR,ERR,ERR,ERR,ERR,ERR,ERR,ERR,ERR,ERR,ERR,ERR,ERR,ERR,ERR,ERR,ERR,ERR,ERR,ERR,ERR,ERR,ERR,ERR,ERR,ERR,ERR,ERR,ERR,ERR,ERR,ERR,ERR,ERR,50.0,60.0,100,0.0,0.0,0.0,0.0,0.0,0.0,0.0,0.0,0.0,0.0,0.0,0.0,0.0,0.0,0.0,0.0,61.6,78,11,65508,50,65476,0,300,0,0,8,20529,65476,0,0,26214,60.0,0.0,0.0,0.0,0.0,0.0
2026-05-17T16:41:01,ERR,ERR,ERR,ERR,ERR,ERR,ERR,ERR,ERR,ERR,ERR,ERR,ERR,ERR,ERR,ERR,ERR,ERR,ERR,ERR,ERR,ERR,ERR,ERR,ERR,ERR,ERR,ERR,ERR,ERR,ERR,ERR,ERR,ERR,ERR,ERR,ERR,ERR,ERR,ERR,ERR,ERR,ERR,ERR,ERR,ERR,ERR,ERR,ERR,ERR,ERR,ERR,ERR,ERR,ERR,ERR,ERR,ERR,ERR,ERR,ERR,ERR,ERR,ERR,ERR,ERR,ERR,ERR,ERR,ERR,ERR,ERR,ERR,ERR,ERR,ERR,ERR,ERR,ERR,ERR,ERR,ERR,ERR,ERR,ERR,ERR,ERR,ERR,ERR,ERR,ERR,ERR,ERR,ERR,ERR,ERR,ERR,ERR,ERR,ERR,ERR,ERR,ERR,ERR,ERR,ERR,ERR,ERR,ERR,ERR,ERR,ERR,ERR,ERR,ERR,ERR,ERR,ERR,ERR,ERR,ERR,ERR,ERR,ERR,ERR,0.0,0.0,-134474944.0,0.0,0.0,1.3936040501711995e+18,7.805,0.0,0,0,4,0,8422,0.0,45,0.0,0.0,0.0,0.0,0.0,0,0,0,0,0.0,0,0,0,0,0,0,0,0,0,0,0,0,0,0,0,0,0,0,0,0,0,0,0,0,0,0,0,0,0,0,0,0,0,38,14,7,45,65476,0,300,0,0,8,21553,0.0,-107605600.0,0.0,0.0,0.0,0.0,0.0,0.0,0.0,0.0,0.0,0.0,0.0,0.0,0.0,0.0,0.0,0.0,0.0,0.0,0.0,0.0,0.0,0.0,-2.004,2.004,0.0,0.0,0.0,0.0,4979.0,-0.0,0.0,0.0,0.0,0.0,-107615304.0,0.0,0.0,0.0,0.0,53,3.222028592685471e+26,89220.555,0.0,0.0,0.0,0.0,0.0,0.0,0.0,0,0,0,0.0,0.0,0.0,0.0,0.0,0.0,0.0,0.0,0.0,0.0,0.0,0.0,0.0,0.0,0.0,0.0,0,-107875648.0,53,0.0,106,-107614832.0,2.7006707062415038e+23,ERR,ERR,ERR,ERR,ERR,ERR,ERR,ERR,ERR,ERR,ERR,ERR,ERR,ERR,ERR,ERR,ERR,ERR,ERR,ERR,ERR,ERR,ERR,ERR,ERR,ERR,ERR,ERR,ERR,ERR,ERR,ERR,ERR,ERR,ERR,ERR,ERR,ERR,ERR,ERR,ERR,ERR,ERR,ERR,ERR,ERR,ERR,ERR,ERR,ERR,ERR,ERR,ERR,ERR,ERR,ERR,ERR,ERR,ERR,ERR,ERR,ERR,ERR,ERR,ERR,ERR,ERR,50.0,60.0,100,0.0,0.0,0.0,0.0,0.0,0.0,0.0,0.0,0.0,0.0,0.0,0.0,0.0,0.0,0.0,0.0,62.0,78,11,65508,50,65476,0,300,0,0,8,20529,65476,0,0,26214,60.0,0.0,0.0,0.0,0.0,0.0
2026-05-17T16:41:02,ERR,ERR,ERR,ERR,ERR,ERR,ERR,ERR,ERR,ERR,ERR,ERR,ERR,ERR,ERR,ERR,ERR,ERR,ERR,ERR,ERR,ERR,ERR,ERR,ERR,ERR,ERR,ERR,ERR,ERR,ERR,ERR,ERR,ERR,ERR,ERR,ERR,ERR,ERR,ERR,ERR,ERR,ERR,ERR,ERR,ERR,ERR,ERR,ERR,ERR,ERR,ERR,ERR,ERR,ERR,ERR,ERR,ERR,ERR,ERR,ERR,ERR,ERR,ERR,ERR,ERR,ERR,ERR,ERR,ERR,ERR,ERR,ERR,ERR,ERR,ERR,ERR,ERR,ERR,ERR,ERR,ERR,ERR,ERR,ERR,ERR,ERR,ERR,ERR,ERR,ERR,ERR,ERR,ERR,ERR,ERR,ERR,ERR,ERR,ERR,ERR,ERR,ERR,ERR,ERR,ERR,ERR,ERR,ERR,ERR,ERR,ERR,ERR,ERR,ERR,ERR,ERR,ERR,ERR,ERR,ERR,ERR,ERR,ERR,ERR,0.0,0.0,-134474944.0,0.0,0.0,1.3936040501711995e+18,7.805,0.0,0,0,4,0,8422,0.0,45,0.0,0.0,0.0,0.0,0.0,0,0,0,0,0.0,0,0,0,0,0,0,0,0,0,0,0,0,0,0,0,0,0,0,0,0,0,0,0,0,0,0,0,0,0,0,0,0,0,38,14,7,45,65476,0,300,0,0,8,21553,0.0,-107605600.0,0.0,0.0,0.0,0.0,0.0,0.0,0.0,0.0,0.0,0.0,0.0,0.0,0.0,0.0,0.0,0.0,0.0,0.0,0.0,0.0,0.0,0.0,-2.004,2.004,0.0,0.0,0.0,0.0,4979.0,-0.0,0.0,0.0,0.0,0.0,-107615304.0,0.0,0.0,0.0,0.0,53,3.222028592685471e+26,89220.555,0.0,0.0,0.0,0.0,0.0,0.0,0.0,0,0,0,0.0,0.0,0.0,0.0,0.0,0.0,0.0,0.0,0.0,0.0,0.0,0.0,0.0,0.0,0.0,0.0,0,-107875648.0,53,0.0,106,-107614832.0,2.7006707062415038e+23,ERR,ERR,ERR,ERR,ERR,ERR,ERR,ERR,ERR,ERR,ERR,ERR,ERR,ERR,ERR,ERR,ERR,ERR,ERR,ERR,ERR,ERR,ERR,ERR,ERR,ERR,ERR,ERR,ERR,ERR,ERR,ERR,ERR,ERR,ERR,ERR,ERR,ERR,ERR,ERR,ERR,ERR,ERR,ERR,ERR,ERR,ERR,ERR,ERR,ERR,ERR,ERR,ERR,ERR,ERR,ERR,ERR,ERR,ERR,ERR,ERR,ERR,ERR,ERR,ERR,ERR,ERR,50.0,60.0,100,0.0,0.0,0.0,0.0,0.0,0.0,0.0,0.0,0.0,0.0,0.0,0.0,0.0,0.0,0.0,0.0,62.0,78,11,65508,50,65476,0,300,0,0,8,20529,65476,0,0,26214,60.0,0.0,0.0,0.0,0.0,0.0
2026-05-17T16:41:03,ERR,ERR,ERR,ERR,ERR,ERR,ERR,ERR,ERR,ERR,ERR,ERR,ERR,ERR,ERR,ERR,ERR,ERR,ERR,ERR,ERR,ERR,ERR,ERR,ERR,ERR,ERR,ERR,ERR,ERR,ERR,ERR,ERR,ERR,ERR,ERR,ERR,ERR,ERR,ERR,ERR,ERR,ERR,ERR,ERR,ERR,ERR,ERR,ERR,ERR,ERR,ERR,ERR,ERR,ERR,ERR,ERR,ERR,ERR,ERR,ERR,ERR,ERR,ERR,ERR,ERR,ERR,ERR,ERR,ERR,ERR,ERR,ERR,ERR,ERR,ERR,ERR,ERR,ERR,ERR,ERR,ERR,ERR,ERR,ERR,ERR,ERR,ERR,ERR,ERR,ERR,ERR,ERR,ERR,ERR,ERR,ERR,ERR,ERR,ERR,ERR,ERR,ERR,ERR,ERR,ERR,ERR,ERR,ERR,ERR,ERR,ERR,ERR,ERR,ERR,ERR,ERR,ERR,ERR,ERR,ERR,ERR,ERR,ERR,ERR,0.0,0.0,-134474944.0,0.0,0.0,1.3936040501711995e+18,7.805,0.0,0,0,4,0,8422,0.0,45,0.0,0.0,0.0,0.0,0.0,0,0,0,0,0.0,0,0,0,0,0,0,0,0,0,0,0,0,0,0,0,0,0,0,0,0,0,0,0,0,0,0,0,0,0,0,0,0,0,38,14,7,45,65476,0,300,0,0,8,21553,0.0,-107605600.0,0.0,0.0,0.0,0.0,0.0,0.0,0.0,0.0,0.0,0.0,0.0,0.0,0.0,0.0,0.0,0.0,0.0,0.0,0.0,0.0,0.0,0.0,-2.004,2.004,0.0,0.0,0.0,0.0,4979.0,-0.0,0.0,0.0,0.0,0.0,-107615304.0,0.0,0.0,0.0,0.0,53,3.222028592685471e+26,89220.555,0.0,0.0,0.0,0.0,0.0,0.0,0.0,0,0,0,0.0,0.0,0.0,0.0,0.0,0.0,0.0,0.0,0.0,0.0,0.0,0.0,0.0,0.0,0.0,0.0,0,-107875648.0,53,0.0,106,-107614832.0,2.7006707062415038e+23,ERR,ERR,ERR,ERR,ERR,ERR,ERR,ERR,ERR,ERR,ERR,ERR,ERR,ERR,ERR,ERR,ERR,ERR,ERR,ERR,ERR,ERR,ERR,ERR,ERR,ERR,ERR,ERR,ERR,ERR,ERR,ERR,ERR,ERR,ERR,ERR,ERR,ERR,ERR,ERR,ERR,ERR,ERR,ERR,ERR,ERR,ERR,ERR,ERR,ERR,ERR,ERR,ERR,ERR,ERR,ERR,ERR,ERR,ERR,ERR,ERR,ERR,ERR,ERR,ERR,ERR,ERR,50.0,60.0,100,0.0,0.0,0.0,0.0,0.0,0.0,0.0,0.0,0.0,0.0,0.0,0.0,0.0,0.0,0.0,0.0,61.6,78,11,65508,50,65476,0,300,0,0,8,20529,65476,0,0,26214,60.0,0.0,0.0,0.0,0.0,0.0
2026-05-17T16:41:04,ERR,ERR,ERR,ERR,ERR,ERR,ERR,ERR,ERR,ERR,ERR,ERR,ERR,ERR,ERR,ERR,ERR,ERR,ERR,ERR,ERR,ERR,ERR,ERR,ERR,ERR,ERR,ERR,ERR,ERR,ERR,ERR,ERR,ERR,ERR,ERR,ERR,ERR,ERR,ERR,ERR,ERR,ERR,ERR,ERR,ERR,ERR,ERR,ERR,ERR,ERR,ERR,ERR,ERR,ERR,ERR,ERR,ERR,ERR,ERR,ERR,ERR,ERR,ERR,ERR,ERR,ERR,ERR,ERR,ERR,ERR,ERR,ERR,ERR,ERR,ERR,ERR,ERR,ERR,ERR,ERR,ERR,ERR,ERR,ERR,ERR,ERR,ERR,ERR,ERR,ERR,ERR,ERR,ERR,ERR,ERR,ERR,ERR,ERR,ERR,ERR,ERR,ERR,ERR,ERR,ERR,ERR,ERR,ERR,ERR,ERR,ERR,ERR,ERR,ERR,ERR,ERR,ERR,ERR,ERR,ERR,ERR,ERR,ERR,ERR,0.0,0.0,-134474944.0,0.0,0.0,1.3936040501711995e+18,7.805,0.0,0,0,4,0,8422,0.0,45,0.0,0.0,0.0,0.0,0.0,0,0,0,0,0.0,0,0,0,0,0,0,0,0,0,0,0,0,0,0,0,0,0,0,0,0,0,0,0,0,0,0,0,0,0,0,0,0,0,38,14,7,45,65476,0,300,0,0,8,21553,0.0,-107605600.0,0.0,0.0,0.0,0.0,0.0,0.0,0.0,0.0,0.0,0.0,0.0,0.0,0.0,0.0,0.0,0.0,0.0,0.0,0.0,0.0,0.0,0.0,-2.004,2.004,0.0,0.0,0.0,0.0,4979.0,-0.0,0.0,0.0,0.0,0.0,-107615304.0,0.0,0.0,0.0,0.0,53,3.222028592685471e+26,89220.555,0.0,0.0,0.0,0.0,0.0,0.0,0.0,0,0,0,0.0,0.0,0.0,0.0,0.0,0.0,0.0,0.0,0.0,0.0,0.0,0.0,0.0,0.0,0.0,0.0,0,-107875648.0,53,0.0,106,-107614832.0,2.7006707062415038e+23,ERR,ERR,ERR,ERR,ERR,ERR,ERR,ERR,ERR,ERR,ERR,ERR,ERR,ERR,ERR,ERR,ERR,ERR,ERR,ERR,ERR,ERR,ERR,ERR,ERR,ERR,ERR,ERR,ERR,ERR,ERR,ERR,ERR,ERR,ERR,ERR,ERR,ERR,ERR,ERR,ERR,ERR,ERR,ERR,ERR,ERR,ERR,ERR,ERR,ERR,ERR,ERR,ERR,ERR,ERR,ERR,ERR,ERR,ERR,ERR,ERR,ERR,ERR,ERR,ERR,ERR,ERR,50.0,60.0,100,0.0,0.0,0.0,0.0,0.0,0.0,0.0,0.0,0.0,0.0,0.0,0.0,0.0,0.0,0.0,0.0,61.6,78,11,65508,50,65476,0,300,0,0,8,20529,65476,0,0,26214,60.0,0.0,0.0,0.0,0.0,0.0
2026-05-17T16:41:05,ERR,ERR,ERR,ERR,ERR,ERR,ERR,ERR,ERR,ERR,ERR,ERR,ERR,ERR,ERR,ERR,ERR,ERR,ERR,ERR,ERR,ERR,ERR,ERR,ERR,ERR,ERR,ERR,ERR,ERR,ERR,ERR,ERR,ERR,ERR,ERR,ERR,ERR,ERR,ERR,ERR,ERR,ERR,ERR,ERR,ERR,ERR,ERR,ERR,ERR,ERR,ERR,ERR,ERR,ERR,ERR,ERR,ERR,ERR,ERR,ERR,ERR,ERR,ERR,ERR,ERR,ERR,ERR,ERR,ERR,ERR,ERR,ERR,ERR,ERR,ERR,ERR,ERR,ERR,ERR,ERR,ERR,ERR,ERR,ERR,ERR,ERR,ERR,ERR,ERR,ERR,ERR,ERR,ERR,ERR,ERR,ERR,ERR,ERR,ERR,ERR,ERR,ERR,ERR,ERR,ERR,ERR,ERR,ERR,ERR,ERR,ERR,ERR,ERR,ERR,ERR,ERR,ERR,ERR,ERR,ERR,ERR,ERR,ERR,ERR,0.0,0.0,-134474944.0,0.0,0.0,1.3936040501711995e+18,7.805,0.0,0,0,4,0,8422,0.0,45,0.0,0.0,0.0,0.0,0.0,0,0,0,0,0.0,0,0,0,0,0,0,0,0,0,0,0,0,0,0,0,0,0,0,0,0,0,0,0,0,0,0,0,0,0,0,0,0,0,38,14,7,45,65476,0,300,0,0,8,21553,0.0,-107605600.0,0.0,0.0,0.0,0.0,0.0,0.0,0.0,0.0,0.0,0.0,0.0,0.0,0.0,0.0,0.0,0.0,0.0,0.0,0.0,0.0,0.0,0.0,-2.004,2.004,0.0,0.0,0.0,0.0,4979.0,-0.0,0.0,0.0,0.0,0.0,-107615304.0,0.0,0.0,0.0,0.0,53,3.222028592685471e+26,89220.555,0.0,0.0,0.0,0.0,0.0,0.0,0.0,0,0,0,0.0,0.0,0.0,0.0,0.0,0.0,0.0,0.0,0.0,0.0,0.0,0.0,0.0,0.0,0.0,0.0,0,-107875648.0,53,0.0,106,-107614832.0,2.7006707062415038e+23,ERR,ERR,ERR,ERR,ERR,ERR,ERR,ERR,ERR,ERR,ERR,ERR,ERR,ERR,ERR,ERR,ERR,ERR,ERR,ERR,ERR,ERR,ERR,ERR,ERR,ERR,ERR,ERR,ERR,ERR,ERR,ERR,ERR,ERR,ERR,ERR,ERR,ERR,ERR,ERR,ERR,ERR,ERR,ERR,ERR,ERR,ERR,ERR,ERR,ERR,ERR,ERR,ERR,ERR,ERR,ERR,ERR,ERR,ERR,ERR,ERR,ERR,ERR,ERR,ERR,ERR,ERR,50.0,60.0,100,0.0,0.0,0.0,0.0,0.0,0.0,0.0,0.0,0.0,0.0,0.0,0.0,0.0,0.0,0.0,0.0,61.6,78,11,65508,50,65476,0,300,0,0,8,20529,65476,0,0,26214,60.0,0.0,0.0,0.0,0.0,0.0
2026-05-17T16:41:06,ERR,ERR,ERR,ERR,ERR,ERR,ERR,ERR,ERR,ERR,ERR,ERR,ERR,ERR,ERR,ERR,ERR,ERR,ERR,ERR,ERR,ERR,ERR,ERR,ERR,ERR,ERR,ERR,ERR,ERR,ERR,ERR,ERR,ERR,ERR,ERR,ERR,ERR,ERR,ERR,ERR,ERR,ERR,ERR,ERR,ERR,ERR,ERR,ERR,ERR,ERR,ERR,ERR,ERR,ERR,ERR,ERR,ERR,ERR,ERR,ERR,ERR,ERR,ERR,ERR,ERR,ERR,ERR,ERR,ERR,ERR,ERR,ERR,ERR,ERR,ERR,ERR,ERR,ERR,ERR,ERR,ERR,ERR,ERR,ERR,ERR,ERR,ERR,ERR,ERR,ERR,ERR,ERR,ERR,ERR,ERR,ERR,ERR,ERR,ERR,ERR,ERR,ERR,ERR,ERR,ERR,ERR,ERR,ERR,ERR,ERR,ERR,ERR,ERR,ERR,ERR,ERR,ERR,ERR,ERR,ERR,ERR,ERR,ERR,ERR,0.0,0.0,-134474944.0,0.0,0.0,1.3936040501711995e+18,7.805,0.0,0,0,4,0,8422,0.0,45,0.0,0.0,0.0,0.0,0.0,0,0,0,0,0.0,0,0,0,0,0,0,0,0,0,0,0,0,0,0,0,0,0,0,0,0,0,0,0,0,0,0,0,0,0,0,0,0,0,38,14,7,45,65476,0,300,0,0,8,21553,0.0,-107605600.0,0.0,0.0,0.0,0.0,0.0,0.0,0.0,0.0,0.0,0.0,0.0,0.0,0.0,0.0,0.0,0.0,0.0,0.0,0.0,0.0,0.0,0.0,-2.004,2.004,0.0,0.0,0.0,0.0,5012.0,131350.438,0.0,0.0,0.0,0.0,-107615304.0,0.0,0.0,0.0,0.0,53,4.066880103266858e+29,0.0,0.0,0.0,0.0,0.0,0.0,0.0,0.0,0,0,0,0.0,0.0,0.0,0.0,0.0,0.0,0.0,0.0,0.0,0.0,0.0,0.0,0.0,0.0,0.0,0.0,0,-107875648.0,53,0.0,106,-107614832.0,2.7006707062415038e+23,ERR,ERR,ERR,ERR,ERR,ERR,ERR,ERR,ERR,ERR,ERR,ERR,ERR,ERR,ERR,ERR,ERR,ERR,ERR,ERR,ERR,ERR,ERR,ERR,ERR,ERR,ERR,ERR,ERR,ERR,ERR,ERR,ERR,ERR,ERR,ERR,ERR,ERR,ERR,ERR,ERR,ERR,ERR,ERR,ERR,ERR,ERR,ERR,ERR,ERR,ERR,ERR,ERR,ERR,ERR,ERR,ERR,ERR,ERR,ERR,ERR,ERR,ERR,ERR,ERR,ERR,ERR,50.0,60.0,100,0.0,0.0,0.0,0.0,0.0,0.0,0.0,0.0,0.0,0.0,0.0,0.0,0.0,0.0,0.0,0.0,61.6,78,11,65508,50,65476,0,300,0,0,8,20529,65476,0,0,26214,60.0,0.0,0.0,0.0,0.0,0.0
2026-05-17T16:41:07,ERR,ERR,ERR,ERR,ERR,ERR,ERR,ERR,ERR,ERR,ERR,ERR,ERR,ERR,ERR,ERR,ERR,ERR,ERR,ERR,ERR,ERR,ERR,ERR,ERR,ERR,ERR,ERR,ERR,ERR,ERR,ERR,ERR,ERR,ERR,ERR,ERR,ERR,ERR,ERR,ERR,ERR,ERR,ERR,ERR,ERR,ERR,ERR,ERR,ERR,ERR,ERR,ERR,ERR,ERR,ERR,ERR,ERR,ERR,ERR,ERR,ERR,ERR,ERR,ERR,ERR,ERR,ERR,ERR,ERR,ERR,ERR,ERR,ERR,ERR,ERR,ERR,ERR,ERR,ERR,ERR,ERR,ERR,ERR,ERR,ERR,ERR,ERR,ERR,ERR,ERR,ERR,ERR,ERR,ERR,ERR,ERR,ERR,ERR,ERR,ERR,ERR,ERR,ERR,ERR,ERR,ERR,ERR,ERR,ERR,ERR,ERR,ERR,ERR,ERR,ERR,ERR,ERR,ERR,ERR,ERR,ERR,ERR,ERR,ERR,0.0,0.0,-134474944.0,0.0,0.0,1.3936040501711995e+18,7.805,0.0,0,0,4,0,8422,0.0,45,0.0,0.0,0.0,0.0,0.0,0,0,0,0,0.0,0,0,0,0,0,0,0,0,0,0,0,0,0,0,0,0,0,0,0,0,0,0,0,0,0,0,0,0,0,0,0,0,0,38,14,7,45,65476,0,300,0,0,8,21553,0.0,-107605600.0,0.0,0.0,0.0,0.0,0.0,0.0,0.0,0.0,0.0,0.0,0.0,0.0,0.0,0.0,0.0,0.0,0.0,0.0,0.0,0.0,0.0,0.0,-2.004,2.004,0.0,0.0,0.0,0.0,5012.0,131350.438,0.0,0.0,0.0,0.0,-107615304.0,0.0,0.0,0.0,0.0,53,4.066880103266858e+29,0.0,0.0,0.0,0.0,0.0,0.0,0.0,0.0,0,0,0,0.0,0.0,0.0,0.0,0.0,0.0,0.0,0.0,0.0,0.0,0.0,0.0,0.0,0.0,0.0,0.0,0,-107875648.0,53,0.0,106,-107614832.0,2.7006707062415038e+23,ERR,ERR,ERR,ERR,ERR,ERR,ERR,ERR,ERR,ERR,ERR,ERR,ERR,ERR,ERR,ERR,ERR,ERR,ERR,ERR,ERR,ERR,ERR,ERR,ERR,ERR,ERR,ERR,ERR,ERR,ERR,ERR,ERR,ERR,ERR,ERR,ERR,ERR,ERR,ERR,ERR,ERR,ERR,ERR,ERR,ERR,ERR,ERR,ERR,ERR,ERR,ERR,ERR,ERR,ERR,ERR,ERR,ERR,ERR,ERR,ERR,ERR,ERR,ERR,ERR,ERR,ERR,50.0,60.0,100,0.0,0.0,0.0,0.0,0.0,0.0,0.0,0.0,0.0,0.0,0.0,0.0,0.0,0.0,0.0,0.0,61.6,78,11,65508,50,65476,0,300,0,0,8,20529,65476,0,0,26214,60.0,0.0,0.0,0.0,0.0,0.0
2026-05-17T16:41:08,ERR,ERR,ERR,ERR,ERR,ERR,ERR,ERR,ERR,ERR,ERR,ERR,ERR,ERR,ERR,ERR,ERR,ERR,ERR,ERR,ERR,ERR,ERR,ERR,ERR,ERR,ERR,ERR,ERR,ERR,ERR,ERR,ERR,ERR,ERR,ERR,ERR,ERR,ERR,ERR,ERR,ERR,ERR,ERR,ERR,ERR,ERR,ERR,ERR,ERR,ERR,ERR,ERR,ERR,ERR,ERR,ERR,ERR,ERR,ERR,ERR,ERR,ERR,ERR,ERR,ERR,ERR,ERR,ERR,ERR,ERR,ERR,ERR,ERR,ERR,ERR,ERR,ERR,ERR,ERR,ERR,ERR,ERR,ERR,ERR,ERR,ERR,ERR,ERR,ERR,ERR,ERR,ERR,ERR,ERR,ERR,ERR,ERR,ERR,ERR,ERR,ERR,ERR,ERR,ERR,ERR,ERR,ERR,ERR,ERR,ERR,ERR,ERR,ERR,ERR,ERR,ERR,ERR,ERR,ERR,ERR,ERR,ERR,ERR,ERR,0.0,0.0,-134474944.0,0.0,0.0,1.3936040501711995e+18,7.805,0.0,0,0,4,0,8422,0.0,45,0.0,0.0,0.0,0.0,0.0,0,0,0,0,0.0,0,0,0,0,0,0,0,0,0,0,0,0,0,0,0,0,0,0,0,0,0,0,0,0,0,0,0,0,0,0,0,0,0,38,14,7,45,65476,0,300,0,0,8,21553,0.0,-107605600.0,0.0,0.0,0.0,0.0,0.0,0.0,0.0,0.0,0.0,0.0,0.0,0.0,0.0,0.0,0.0,0.0,0.0,0.0,0.0,0.0,0.0,0.0,-2.004,2.004,0.0,0.0,0.0,0.0,5012.0,131350.438,0.0,0.0,0.0,0.0,-107615304.0,0.0,0.0,0.0,0.0,53,4.066880103266858e+29,0.0,0.0,0.0,0.0,0.0,0.0,0.0,0.0,0,0,0,0.0,0.0,0.0,0.0,0.0,0.0,0.0,0.0,0.0,0.0,0.0,0.0,0.0,0.0,0.0,0.0,0,-107875648.0,53,0.0,106,-107614832.0,2.7006707062415038e+23,ERR,ERR,ERR,ERR,ERR,ERR,ERR,ERR,ERR,ERR,ERR,ERR,ERR,ERR,ERR,ERR,ERR,ERR,ERR,ERR,ERR,ERR,ERR,ERR,ERR,ERR,ERR,ERR,ERR,ERR,ERR,ERR,ERR,ERR,ERR,ERR,ERR,ERR,ERR,ERR,ERR,ERR,ERR,ERR,ERR,ERR,ERR,ERR,ERR,ERR,ERR,ERR,ERR,ERR,ERR,ERR,ERR,ERR,ERR,ERR,ERR,ERR,ERR,ERR,ERR,ERR,ERR,50.0,60.0,100,0.0,0.0,0.0,0.0,0.0,0.0,0.0,0.0,0.0,0.0,0.0,0.0,0.0,0.0,0.0,0.0,62.0,78,11,65508,50,65476,0,300,0,0,8,20529,65476,0,0,26214,60.0,0.0,0.0,0.0,0.0,0.0
2026-05-17T16:41:09,ERR,ERR,ERR,ERR,ERR,ERR,ERR,ERR,ERR,ERR,ERR,ERR,ERR,ERR,ERR,ERR,ERR,ERR,ERR,ERR,ERR,ERR,ERR,ERR,ERR,ERR,ERR,ERR,ERR,ERR,ERR,ERR,ERR,ERR,ERR,ERR,ERR,ERR,ERR,ERR,ERR,ERR,ERR,ERR,ERR,ERR,ERR,ERR,ERR,ERR,ERR,ERR,ERR,ERR,ERR,ERR,ERR,ERR,ERR,ERR,ERR,ERR,ERR,ERR,ERR,ERR,ERR,ERR,ERR,ERR,ERR,ERR,ERR,ERR,ERR,ERR,ERR,ERR,ERR,ERR,ERR,ERR,ERR,ERR,ERR,ERR,ERR,ERR,ERR,ERR,ERR,ERR,ERR,ERR,ERR,ERR,ERR,ERR,ERR,ERR,ERR,ERR,ERR,ERR,ERR,ERR,ERR,ERR,ERR,ERR,ERR,ERR,ERR,ERR,ERR,ERR,ERR,ERR,ERR,ERR,ERR,ERR,ERR,ERR,ERR,0.0,0.0,-134474944.0,0.0,0.0,1.3936040501711995e+18,7.805,0.0,0,0,4,0,8422,0.0,45,0.0,0.0,0.0,0.0,0.0,0,0,0,0,0.0,0,0,0,0,0,0,0,0,0,0,0,0,0,0,0,0,0,0,0,0,0,0,0,0,0,0,0,0,0,0,0,0,0,38,14,7,45,65476,0,300,0,0,8,21553,0.0,-107605600.0,0.0,0.0,0.0,0.0,0.0,0.0,0.0,0.0,0.0,0.0,0.0,0.0,0.0,0.0,0.0,0.0,0.0,0.0,0.0,0.0,0.0,0.0,-2.004,2.004,0.0,0.0,0.0,0.0,5012.0,131350.438,0.0,0.0,0.0,0.0,-107615304.0,0.0,0.0,0.0,0.0,53,4.066880103266858e+29,0.0,0.0,0.0,0.0,0.0,0.0,0.0,0.0,0,0,0,0.0,0.0,0.0,0.0,0.0,0.0,0.0,0.0,0.0,0.0,0.0,0.0,0.0,0.0,0.0,0.0,0,-107875648.0,53,0.0,106,-107614832.0,2.7006707062415038e+23,ERR,ERR,ERR,ERR,ERR,ERR,ERR,ERR,ERR,ERR,ERR,ERR,ERR,ERR,ERR,ERR,ERR,ERR,ERR,ERR,ERR,ERR,ERR,ERR,ERR,ERR,ERR,ERR,ERR,ERR,ERR,ERR,ERR,ERR,ERR,ERR,ERR,ERR,ERR,ERR,ERR,ERR,ERR,ERR,ERR,ERR,ERR,ERR,ERR,ERR,ERR,ERR,ERR,ERR,ERR,ERR,ERR,ERR,ERR,ERR,ERR,ERR,ERR,ERR,ERR,ERR,ERR,50.0,60.0,100,0.0,0.0,0.0,0.0,0.0,0.0,0.0,0.0,0.0,0.0,0.0,0.0,0.0,0.0,0.0,0.0,62.0,78,11,65508,50,65476,0,300,0,0,8,20529,65476,0,0,26214,60.0,0.0,0.0,0.0,0.0,0.0
2026-05-17T16:41:10,ERR,ERR,ERR,ERR,ERR,ERR,ERR,ERR,ERR,ERR,ERR,ERR,ERR,ERR,ERR,ERR,ERR,ERR,ERR,ERR,ERR,ERR,ERR,ERR,ERR,ERR,ERR,ERR,ERR,ERR,ERR,ERR,ERR,ERR,ERR,ERR,ERR,ERR,ERR,ERR,ERR,ERR,ERR,ERR,ERR,ERR,ERR,ERR,ERR,ERR,ERR,ERR,ERR,ERR,ERR,ERR,ERR,ERR,ERR,ERR,ERR,ERR,ERR,ERR,ERR,ERR,ERR,ERR,ERR,ERR,ERR,ERR,ERR,ERR,ERR,ERR,ERR,ERR,ERR,ERR,ERR,ERR,ERR,ERR,ERR,ERR,ERR,ERR,ERR,ERR,ERR,ERR,ERR,ERR,ERR,ERR,ERR,ERR,ERR,ERR,ERR,ERR,ERR,ERR,ERR,ERR,ERR,ERR,ERR,ERR,ERR,ERR,ERR,ERR,ERR,ERR,ERR,ERR,ERR,ERR,ERR,ERR,ERR,ERR,ERR,0.0,0.0,-134474944.0,0.0,0.0,1.3936040501711995e+18,7.805,0.0,0,0,4,0,8422,0.0,45,0.0,0.0,0.0,0.0,0.0,0,0,0,0,0.0,0,0,0,0,0,0,0,0,0,0,0,0,0,0,0,0,0,0,0,0,0,0,0,0,0,0,0,0,0,0,0,0,0,38,14,7,45,65476,0,300,0,0,8,21553,0.0,-107605600.0,0.0,0.0,0.0,0.0,0.0,0.0,0.0,0.0,0.0,0.0,0.0,0.0,0.0,0.0,0.0,0.0,0.0,0.0,0.0,0.0,0.0,0.0,-2.004,2.004,0.0,0.0,0.0,0.0,5012.0,131350.438,0.0,0.0,0.0,0.0,-107615304.0,0.0,0.0,0.0,0.0,53,4.066880103266858e+29,0.0,0.0,0.0,0.0,0.0,0.0,0.0,0.0,0,0,0,0.0,0.0,0.0,0.0,0.0,0.0,0.0,0.0,0.0,0.0,0.0,0.0,0.0,0.0,0.0,0.0,0,-107875648.0,53,0.0,106,-107614832.0,2.7006707062415038e+23,ERR,ERR,ERR,ERR,ERR,ERR,ERR,ERR,ERR,ERR,ERR,ERR,ERR,ERR,ERR,ERR,ERR,ERR,ERR,ERR,ERR,ERR,ERR,ERR,ERR,ERR,ERR,ERR,ERR,ERR,ERR,ERR,ERR,ERR,ERR,ERR,ERR,ERR,ERR,ERR,ERR,ERR,ERR,ERR,ERR,ERR,ERR,ERR,ERR,ERR,ERR,ERR,ERR,ERR,ERR,ERR,ERR,ERR,ERR,ERR,ERR,ERR,ERR,ERR,ERR,ERR,ERR,50.0,60.0,100,0.0,0.0,0.0,0.0,0.0,0.0,0.0,0.0,0.0,0.0,0.0,0.0,0.0,0.0,0.0,0.0,61.6,78,11,65508,50,65476,0,300,0,0,8,20529,65476,0,0,26214,60.0,0.0,0.0,0.0,0.0,0.0
2026-05-17T16:41:11,ERR,ERR,ERR,ERR,ERR,ERR,ERR,ERR,ERR,ERR,ERR,ERR,ERR,ERR,ERR,ERR,ERR,ERR,ERR,ERR,ERR,ERR,ERR,ERR,ERR,ERR,ERR,ERR,ERR,ERR,ERR,ERR,ERR,ERR,ERR,ERR,ERR,ERR,ERR,ERR,ERR,ERR,ERR,ERR,ERR,ERR,ERR,ERR,ERR,ERR,ERR,ERR,ERR,ERR,ERR,ERR,ERR,ERR,ERR,ERR,ERR,ERR,ERR,ERR,ERR,ERR,ERR,ERR,ERR,ERR,ERR,ERR,ERR,ERR,ERR,ERR,ERR,ERR,ERR,ERR,ERR,ERR,ERR,ERR,ERR,ERR,ERR,ERR,ERR,ERR,ERR,ERR,ERR,ERR,ERR,ERR,ERR,ERR,ERR,ERR,ERR,ERR,ERR,ERR,ERR,ERR,ERR,ERR,ERR,ERR,ERR,ERR,ERR,ERR,ERR,ERR,ERR,ERR,ERR,ERR,ERR,ERR,ERR,ERR,ERR,0.0,0.0,-134474944.0,0.0,0.0,1.3936040501711995e+18,7.805,0.0,0,0,4,0,8422,0.0,45,0.0,0.0,0.0,0.0,0.0,0,0,0,0,0.0,0,0,0,0,0,0,0,0,0,0,0,0,0,0,0,0,0,0,0,0,0,0,0,0,0,0,0,0,0,0,0,0,0,38,14,7,45,65476,0,300,0,0,8,21553,0.0,-107605600.0,0.0,0.0,0.0,0.0,0.0,0.0,0.0,0.0,0.0,0.0,0.0,0.0,0.0,0.0,0.0,0.0,0.0,0.0,0.0,0.0,0.0,0.0,-2.004,2.004,0.0,0.0,0.0,0.0,5008.0,0.0,0.0,0.0,0.0,0.0,-107615304.0,0.0,0.0,0.0,0.0,53,2.3088403658719416e+20,-0.0,0.0,0.0,0.0,0.0,0.0,0.0,0.0,0,0,0,0.0,0.0,0.0,0.0,0.0,0.0,0.0,0.0,0.0,0.0,0.0,0.0,0.0,0.0,0.0,0.0,0,-107875648.0,53,0.0,106,-107614832.0,2.7006707062415038e+23,ERR,ERR,ERR,ERR,ERR,ERR,ERR,ERR,ERR,ERR,ERR,ERR,ERR,ERR,ERR,ERR,ERR,ERR,ERR,ERR,ERR,ERR,ERR,ERR,ERR,ERR,ERR,ERR,ERR,ERR,ERR,ERR,ERR,ERR,ERR,ERR,ERR,ERR,ERR,ERR,ERR,ERR,ERR,ERR,ERR,ERR,ERR,ERR,ERR,ERR,ERR,ERR,ERR,ERR,ERR,ERR,ERR,ERR,ERR,ERR,ERR,ERR,ERR,ERR,ERR,ERR,ERR,50.0,60.0,100,0.0,0.0,0.0,0.0,0.0,0.0,0.0,0.0,0.0,0.0,0.0,0.0,0.0,0.0,0.0,0.0,61.6,78,11,65508,50,65476,0,300,0,0,8,20529,65476,0,0,26214,60.0,0.0,0.0,0.0,0.0,0.0
2026-05-17T16:41:12,ERR,ERR,ERR,ERR,ERR,ERR,ERR,ERR,ERR,ERR,ERR,ERR,ERR,ERR,ERR,ERR,ERR,ERR,ERR,ERR,ERR,ERR,ERR,ERR,ERR,ERR,ERR,ERR,ERR,ERR,ERR,ERR,ERR,ERR,ERR,ERR,ERR,ERR,ERR,ERR,ERR,ERR,ERR,ERR,ERR,ERR,ERR,ERR,ERR,ERR,ERR,ERR,ERR,ERR,ERR,ERR,ERR,ERR,ERR,ERR,ERR,ERR,ERR,ERR,ERR,ERR,ERR,ERR,ERR,ERR,ERR,ERR,ERR,ERR,ERR,ERR,ERR,ERR,ERR,ERR,ERR,ERR,ERR,ERR,ERR,ERR,ERR,ERR,ERR,ERR,ERR,ERR,ERR,ERR,ERR,ERR,ERR,ERR,ERR,ERR,ERR,ERR,ERR,ERR,ERR,ERR,ERR,ERR,ERR,ERR,ERR,ERR,ERR,ERR,ERR,ERR,ERR,ERR,ERR,ERR,ERR,ERR,ERR,ERR,ERR,0.0,0.0,-134474944.0,0.0,0.0,1.3936040501711995e+18,7.805,0.0,0,0,4,0,8422,0.0,45,0.0,0.0,0.0,0.0,0.0,0,0,0,0,0.0,0,0,0,0,0,0,0,0,0,0,0,0,0,0,0,0,0,0,0,0,0,0,0,0,0,0,0,0,0,0,0,0,0,38,14,7,45,65476,0,300,0,0,8,21553,0.0,-107605600.0,0.0,0.0,0.0,0.0,0.0,0.0,0.0,0.0,0.0,0.0,0.0,0.0,0.0,0.0,0.0,0.0,0.0,0.0,0.0,0.0,0.0,0.0,-2.004,2.004,0.0,0.0,0.0,0.0,5008.0,0.0,0.0,0.0,0.0,0.0,-107615304.0,0.0,0.0,0.0,0.0,53,2.3088403658719416e+20,-0.0,0.0,0.0,0.0,0.0,0.0,0.0,0.0,0,0,0,0.0,0.0,0.0,0.0,0.0,0.0,0.0,0.0,0.0,0.0,0.0,0.0,0.0,0.0,0.0,0.0,0,-107875648.0,53,0.0,106,-107614832.0,2.7006707062415038e+23,ERR,ERR,ERR,ERR,ERR,ERR,ERR,ERR,ERR,ERR,ERR,ERR,ERR,ERR,ERR,ERR,ERR,ERR,ERR,ERR,ERR,ERR,ERR,ERR,ERR,ERR,ERR,ERR,ERR,ERR,ERR,ERR,ERR,ERR,ERR,ERR,ERR,ERR,ERR,ERR,ERR,ERR,ERR,ERR,ERR,ERR,ERR,ERR,ERR,ERR,ERR,ERR,ERR,ERR,ERR,ERR,ERR,ERR,ERR,ERR,ERR,ERR,ERR,ERR,ERR,ERR,ERR,50.0,60.0,100,0.0,0.0,0.0,0.0,0.0,0.0,0.0,0.0,0.0,0.0,0.0,0.0,0.0,0.0,0.0,0.0,62.0,78,11,65508,50,65476,0,300,0,0,8,20529,65476,0,0,26214,60.0,0.0,0.0,0.0,0.0,0.0
2026-05-17T16:41:13,ERR,ERR,ERR,ERR,ERR,ERR,ERR,ERR,ERR,ERR,ERR,ERR,ERR,ERR,ERR,ERR,ERR,ERR,ERR,ERR,ERR,ERR,ERR,ERR,ERR,ERR,ERR,ERR,ERR,ERR,ERR,ERR,ERR,ERR,ERR,ERR,ERR,ERR,ERR,ERR,ERR,ERR,ERR,ERR,ERR,ERR,ERR,ERR,ERR,ERR,ERR,ERR,ERR,ERR,ERR,ERR,ERR,ERR,ERR,ERR,ERR,ERR,ERR,ERR,ERR,ERR,ERR,ERR,ERR,ERR,ERR,ERR,ERR,ERR,ERR,ERR,ERR,ERR,ERR,ERR,ERR,ERR,ERR,ERR,ERR,ERR,ERR,ERR,ERR,ERR,ERR,ERR,ERR,ERR,ERR,ERR,ERR,ERR,ERR,ERR,ERR,ERR,ERR,ERR,ERR,ERR,ERR,ERR,ERR,ERR,ERR,ERR,ERR,ERR,ERR,ERR,ERR,ERR,ERR,ERR,ERR,ERR,ERR,ERR,ERR,0.0,0.0,-134474944.0,0.0,0.0,1.3936040501711995e+18,7.805,0.0,0,0,4,0,8422,0.0,45,0.0,0.0,0.0,0.0,0.0,0,0,0,0,0.0,0,0,0,0,0,0,0,0,0,0,0,0,0,0,0,0,0,0,0,0,0,0,0,0,0,0,0,0,0,0,0,0,0,38,14,7,45,65476,0,300,0,0,8,21553,0.0,-107605600.0,0.0,0.0,0.0,0.0,0.0,0.0,0.0,0.0,0.0,0.0,0.0,0.0,0.0,0.0,0.0,0.0,0.0,0.0,0.0,0.0,0.0,0.0,-2.004,2.004,0.0,0.0,0.0,0.0,5008.0,0.0,0.0,0.0,0.0,0.0,-107615304.0,0.0,0.0,0.0,0.0,53,2.3088403658719416e+20,-0.0,0.0,0.0,0.0,0.0,0.0,0.0,0.0,0,0,0,0.0,0.0,0.0,0.0,0.0,0.0,0.0,0.0,0.0,0.0,0.0,0.0,0.0,0.0,0.0,0.0,0,-107875648.0,53,0.0,106,-107614832.0,2.7006707062415038e+23,ERR,ERR,ERR,ERR,ERR,ERR,ERR,ERR,ERR,ERR,ERR,ERR,ERR,ERR,ERR,ERR,ERR,ERR,ERR,ERR,ERR,ERR,ERR,ERR,ERR,ERR,ERR,ERR,ERR,ERR,ERR,ERR,ERR,ERR,ERR,ERR,ERR,ERR,ERR,ERR,ERR,ERR,ERR,ERR,ERR,ERR,ERR,ERR,ERR,ERR,ERR,ERR,ERR,ERR,ERR,ERR,ERR,ERR,ERR,ERR,ERR,ERR,ERR,ERR,ERR,ERR,ERR,50.0,60.0,100,0.0,0.0,0.0,0.0,0.0,0.0,0.0,0.0,0.0,0.0,0.0,0.0,0.0,0.0,0.0,0.0,62.0,78,11,65508,50,65476,0,300,0,0,8,20529,65476,0,0,26214,60.0,0.0,0.0,0.0,0.0,0.0
2026-05-17T16:41:14,ERR,ERR,ERR,ERR,ERR,ERR,ERR,ERR,ERR,ERR,ERR,ERR,ERR,ERR,ERR,ERR,ERR,ERR,ERR,ERR,ERR,ERR,ERR,ERR,ERR,ERR,ERR,ERR,ERR,ERR,ERR,ERR,ERR,ERR,ERR,ERR,ERR,ERR,ERR,ERR,ERR,ERR,ERR,ERR,ERR,ERR,ERR,ERR,ERR,ERR,ERR,ERR,ERR,ERR,ERR,ERR,ERR,ERR,ERR,ERR,ERR,ERR,ERR,ERR,ERR,ERR,ERR,ERR,ERR,ERR,ERR,ERR,ERR,ERR,ERR,ERR,ERR,ERR,ERR,ERR,ERR,ERR,ERR,ERR,ERR,ERR,ERR,ERR,ERR,ERR,ERR,ERR,ERR,ERR,ERR,ERR,ERR,ERR,ERR,ERR,ERR,ERR,ERR,ERR,ERR,ERR,ERR,ERR,ERR,ERR,ERR,ERR,ERR,ERR,ERR,ERR,ERR,ERR,ERR,ERR,ERR,ERR,ERR,ERR,ERR,0.0,0.0,-134474944.0,0.0,0.0,1.3936040501711995e+18,7.805,0.0,0,0,4,0,8422,0.0,45,0.0,0.0,0.0,0.0,0.0,0,0,0,0,0.0,0,0,0,0,0,0,0,0,0,0,0,0,0,0,0,0,0,0,0,0,0,0,0,0,0,0,0,0,0,0,0,0,0,38,14,7,45,65476,0,300,0,0,8,21553,0.0,-107605600.0,0.0,0.0,0.0,0.0,0.0,0.0,0.0,0.0,0.0,0.0,0.0,0.0,0.0,0.0,0.0,0.0,0.0,0.0,0.0,0.0,0.0,0.0,-2.004,2.004,0.0,0.0,0.0,0.0,5008.0,0.0,0.0,0.0,0.0,0.0,-107615304.0,0.0,0.0,0.0,0.0,53,2.3088403658719416e+20,-0.0,0.0,0.0,0.0,0.0,0.0,0.0,0.0,0,0,0,0.0,0.0,0.0,0.0,0.0,0.0,0.0,0.0,0.0,0.0,0.0,0.0,0.0,0.0,0.0,0.0,0,-107875648.0,53,0.0,106,-107614832.0,2.7006707062415038e+23,ERR,ERR,ERR,ERR,ERR,ERR,ERR,ERR,ERR,ERR,ERR,ERR,ERR,ERR,ERR,ERR,ERR,ERR,ERR,ERR,ERR,ERR,ERR,ERR,ERR,ERR,ERR,ERR,ERR,ERR,ERR,ERR,ERR,ERR,ERR,ERR,ERR,ERR,ERR,ERR,ERR,ERR,ERR,ERR,ERR,ERR,ERR,ERR,ERR,ERR,ERR,ERR,ERR,ERR,ERR,ERR,ERR,ERR,ERR,ERR,ERR,ERR,ERR,ERR,ERR,ERR,ERR,50.0,60.0,100,0.0,0.0,0.0,0.0,0.0,0.0,0.0,0.0,0.0,0.0,0.0,0.0,0.0,0.0,0.0,0.0,62.0,78,11,65508,50,65476,0,300,0,0,8,20529,65476,0,0,26214,60.0,0.0,0.0,0.0,0.0,0.0
2026-05-17T16:41:15,ERR,ERR,ERR,ERR,ERR,ERR,ERR,ERR,ERR,ERR,ERR,ERR,ERR,ERR,ERR,ERR,ERR,ERR,ERR,ERR,ERR,ERR,ERR,ERR,ERR,ERR,ERR,ERR,ERR,ERR,ERR,ERR,ERR,ERR,ERR,ERR,ERR,ERR,ERR,ERR,ERR,ERR,ERR,ERR,ERR,ERR,ERR,ERR,ERR,ERR,ERR,ERR,ERR,ERR,ERR,ERR,ERR,ERR,ERR,ERR,ERR,ERR,ERR,ERR,ERR,ERR,ERR,ERR,ERR,ERR,ERR,ERR,ERR,ERR,ERR,ERR,ERR,ERR,ERR,ERR,ERR,ERR,ERR,ERR,ERR,ERR,ERR,ERR,ERR,ERR,ERR,ERR,ERR,ERR,ERR,ERR,ERR,ERR,ERR,ERR,ERR,ERR,ERR,ERR,ERR,ERR,ERR,ERR,ERR,ERR,ERR,ERR,ERR,ERR,ERR,ERR,ERR,ERR,ERR,ERR,ERR,ERR,ERR,ERR,ERR,0.0,0.0,-134474944.0,0.0,0.0,1.3936040501711995e+18,7.805,0.0,0,0,4,0,8422,0.0,45,0.0,0.0,0.0,0.0,0.0,0,0,0,0,0.0,0,0,0,0,0,0,0,0,0,0,0,0,0,0,0,0,0,0,0,0,0,0,0,0,0,0,0,0,0,0,0,0,0,38,14,7,45,65476,0,300,0,0,8,21553,0.0,-107605600.0,0.0,0.0,0.0,0.0,0.0,0.0,0.0,0.0,0.0,0.0,0.0,0.0,0.0,0.0,0.0,0.0,0.0,0.0,0.0,0.0,0.0,0.0,-2.004,2.004,0.0,0.0,0.0,0.0,5008.0,0.0,0.0,0.0,0.0,0.0,-107615304.0,0.0,0.0,0.0,0.0,53,2.3088403658719416e+20,-0.0,0.0,0.0,0.0,0.0,0.0,0.0,0.0,0,0,0,0.0,0.0,0.0,0.0,0.0,0.0,0.0,0.0,0.0,0.0,0.0,0.0,0.0,0.0,0.0,0.0,0,-107875648.0,53,0.0,106,-107614832.0,2.7006707062415038e+23,ERR,ERR,ERR,ERR,ERR,ERR,ERR,ERR,ERR,ERR,ERR,ERR,ERR,ERR,ERR,ERR,ERR,ERR,ERR,ERR,ERR,ERR,ERR,ERR,ERR,ERR,ERR,ERR,ERR,ERR,ERR,ERR,ERR,ERR,ERR,ERR,ERR,ERR,ERR,ERR,ERR,ERR,ERR,ERR,ERR,ERR,ERR,ERR,ERR,ERR,ERR,ERR,ERR,ERR,ERR,ERR,ERR,ERR,ERR,ERR,ERR,ERR,ERR,ERR,ERR,ERR,ERR,50.0,60.0,100,0.0,0.0,0.0,0.0,0.0,0.0,0.0,0.0,0.0,0.0,0.0,0.0,0.0,0.0,0.0,0.0,61.6,78,11,65508,50,65476,0,300,0,0,8,20529,65476,0,0,26214,60.0,0.0,0.0,0.0,0.0,0.0
2026-05-17T16:41:16,ERR,ERR,ERR,ERR,ERR,ERR,ERR,ERR,ERR,ERR,ERR,ERR,ERR,ERR,ERR,ERR,ERR,ERR,ERR,ERR,ERR,ERR,ERR,ERR,ERR,ERR,ERR,ERR,ERR,ERR,ERR,ERR,ERR,ERR,ERR,ERR,ERR,ERR,ERR,ERR,ERR,ERR,ERR,ERR,ERR,ERR,ERR,ERR,ERR,ERR,ERR,ERR,ERR,ERR,ERR,ERR,ERR,ERR,ERR,ERR,ERR,ERR,ERR,ERR,ERR,ERR,ERR,ERR,ERR,ERR,ERR,ERR,ERR,ERR,ERR,ERR,ERR,ERR,ERR,ERR,ERR,ERR,ERR,ERR,ERR,ERR,ERR,ERR,ERR,ERR,ERR,ERR,ERR,ERR,ERR,ERR,ERR,ERR,ERR,ERR,ERR,ERR,ERR,ERR,ERR,ERR,ERR,ERR,ERR,ERR,ERR,ERR,ERR,ERR,ERR,ERR,ERR,ERR,ERR,ERR,ERR,ERR,ERR,ERR,ERR,0.0,0.0,-134474944.0,0.0,0.0,1.3936040501711995e+18,7.805,0.0,0,0,4,0,8422,0.0,45,0.0,0.0,0.0,0.0,0.0,0,0,0,0,0.0,0,0,0,0,0,0,0,0,0,0,0,0,0,0,0,0,0,0,0,0,0,0,0,0,0,0,0,0,0,0,0,0,0,38,14,7,45,65476,0,300,0,0,8,21553,0.0,-107605600.0,0.0,0.0,0.0,0.0,0.0,0.0,0.0,0.0,0.0,0.0,0.0,0.0,0.0,0.0,0.0,0.0,0.0,0.0,0.0,0.0,0.0,0.0,-2.004,2.004,0.0,0.0,0.0,0.0,4977.0,1.0406652570629681e+34,0.0,0.0,0.0,0.0,-107615304.0,0.0,0.0,0.0,0.0,53,3.222028592685471e+26,0.0,0.0,0.0,0.0,0.0,0.0,0.0,0.0,0,0,0,0.0,0.0,0.0,0.0,0.0,0.0,0.0,0.0,0.0,0.0,0.0,0.0,0.0,0.0,0.0,0.0,0,-107875648.0,53,0.0,106,-107614832.0,2.7006707062415038e+23,ERR,ERR,ERR,ERR,ERR,ERR,ERR,ERR,ERR,ERR,ERR,ERR,ERR,ERR,ERR,ERR,ERR,ERR,ERR,ERR,ERR,ERR,ERR,ERR,ERR,ERR,ERR,ERR,ERR,ERR,ERR,ERR,ERR,ERR,ERR,ERR,ERR,ERR,ERR,ERR,ERR,ERR,ERR,ERR,ERR,ERR,ERR,ERR,ERR,ERR,ERR,ERR,ERR,ERR,ERR,ERR,ERR,ERR,ERR,ERR,ERR,ERR,ERR,ERR,ERR,ERR,ERR,50.0,60.0,100,0.0,0.0,0.0,0.0,0.0,0.0,0.0,0.0,0.0,0.0,0.0,0.0,0.0,0.0,0.0,0.0,61.6,78,11,65508,50,65476,0,300,0,0,8,20529,65476,0,0,26214,60.0,0.0,0.0,0.0,0.0,0.0
2026-05-17T16:41:17,ERR,ERR,ERR,ERR,ERR,ERR,ERR,ERR,ERR,ERR,ERR,ERR,ERR,ERR,ERR,ERR,ERR,ERR,ERR,ERR,ERR,ERR,ERR,ERR,ERR,ERR,ERR,ERR,ERR,ERR,ERR,ERR,ERR,ERR,ERR,ERR,ERR,ERR,ERR,ERR,ERR,ERR,ERR,ERR,ERR,ERR,ERR,ERR,ERR,ERR,ERR,ERR,ERR,ERR,ERR,ERR,ERR,ERR,ERR,ERR,ERR,ERR,ERR,ERR,ERR,ERR,ERR,ERR,ERR,ERR,ERR,ERR,ERR,ERR,ERR,ERR,ERR,ERR,ERR,ERR,ERR,ERR,ERR,ERR,ERR,ERR,ERR,ERR,ERR,ERR,ERR,ERR,ERR,ERR,ERR,ERR,ERR,ERR,ERR,ERR,ERR,ERR,ERR,ERR,ERR,ERR,ERR,ERR,ERR,ERR,ERR,ERR,ERR,ERR,ERR,ERR,ERR,ERR,ERR,ERR,ERR,ERR,ERR,ERR,ERR,0.0,0.0,-134474944.0,0.0,0.0,1.3936040501711995e+18,7.805,0.0,0,0,4,0,8422,0.0,45,0.0,0.0,0.0,0.0,0.0,0,0,0,0,0.0,0,0,0,0,0,0,0,0,0,0,0,0,0,0,0,0,0,0,0,0,0,0,0,0,0,0,0,0,0,0,0,0,0,38,14,7,45,65476,0,300,0,0,8,21553,0.0,-107605600.0,0.0,0.0,0.0,0.0,0.0,0.0,0.0,0.0,0.0,0.0,0.0,0.0,0.0,0.0,0.0,0.0,0.0,0.0,0.0,0.0,0.0,0.0,-2.004,2.004,0.0,0.0,0.0,0.0,4977.0,1.0406652570629681e+34,0.0,0.0,0.0,0.0,-107615304.0,0.0,0.0,0.0,0.0,53,3.222028592685471e+26,0.0,0.0,0.0,0.0,0.0,0.0,0.0,0.0,0,0,0,0.0,0.0,0.0,0.0,0.0,0.0,0.0,0.0,0.0,0.0,0.0,0.0,0.0,0.0,0.0,0.0,0,-107875648.0,53,0.0,106,-107614832.0,2.7006707062415038e+23,ERR,ERR,ERR,ERR,ERR,ERR,ERR,ERR,ERR,ERR,ERR,ERR,ERR,ERR,ERR,ERR,ERR,ERR,ERR,ERR,ERR,ERR,ERR,ERR,ERR,ERR,ERR,ERR,ERR,ERR,ERR,ERR,ERR,ERR,ERR,ERR,ERR,ERR,ERR,ERR,ERR,ERR,ERR,ERR,ERR,ERR,ERR,ERR,ERR,ERR,ERR,ERR,ERR,ERR,ERR,ERR,ERR,ERR,ERR,ERR,ERR,ERR,ERR,ERR,ERR,ERR,ERR,50.0,60.0,100,0.0,0.0,0.0,0.0,0.0,0.0,0.0,0.0,0.0,0.0,0.0,0.0,0.0,0.0,0.0,0.0,61.6,78,11,65508,50,65476,0,300,0,0,8,20529,65476,0,0,26214,60.0,0.0,0.0,0.0,0.0,0.0
2026-05-17T16:41:18,ERR,ERR,ERR,ERR,ERR,ERR,ERR,ERR,ERR,ERR,ERR,ERR,ERR,ERR,ERR,ERR,ERR,ERR,ERR,ERR,ERR,ERR,ERR,ERR,ERR,ERR,ERR,ERR,ERR,ERR,ERR,ERR,ERR,ERR,ERR,ERR,ERR,ERR,ERR,ERR,ERR,ERR,ERR,ERR,ERR,ERR,ERR,ERR,ERR,ERR,ERR,ERR,ERR,ERR,ERR,ERR,ERR,ERR,ERR,ERR,ERR,ERR,ERR,ERR,ERR,ERR,ERR,ERR,ERR,ERR,ERR,ERR,ERR,ERR,ERR,ERR,ERR,ERR,ERR,ERR,ERR,ERR,ERR,ERR,ERR,ERR,ERR,ERR,ERR,ERR,ERR,ERR,ERR,ERR,ERR,ERR,ERR,ERR,ERR,ERR,ERR,ERR,ERR,ERR,ERR,ERR,ERR,ERR,ERR,ERR,ERR,ERR,ERR,ERR,ERR,ERR,ERR,ERR,ERR,ERR,ERR,ERR,ERR,ERR,ERR,0.0,0.0,-134474944.0,0.0,0.0,1.3936040501711995e+18,7.805,0.0,0,0,4,0,8422,0.0,45,0.0,0.0,0.0,0.0,0.0,0,0,0,0,0.0,0,0,0,0,0,0,0,0,0,0,0,0,0,0,0,0,0,0,0,0,0,0,0,0,0,0,0,0,0,0,0,0,0,38,14,7,45,65476,0,300,0,0,8,21553,0.0,-107605600.0,0.0,0.0,0.0,0.0,0.0,0.0,0.0,0.0,0.0,0.0,0.0,0.0,0.0,0.0,0.0,0.0,0.0,0.0,0.0,0.0,0.0,0.0,-2.004,2.004,0.0,0.0,0.0,0.0,4977.0,1.0406652570629681e+34,0.0,0.0,0.0,0.0,-107615304.0,0.0,0.0,0.0,0.0,53,3.222028592685471e+26,0.0,0.0,0.0,0.0,0.0,0.0,0.0,0.0,0,0,0,0.0,0.0,0.0,0.0,0.0,0.0,0.0,0.0,0.0,0.0,0.0,0.0,0.0,0.0,0.0,0.0,0,-107875648.0,53,0.0,106,-107614832.0,2.7006707062415038e+23,ERR,ERR,ERR,ERR,ERR,ERR,ERR,ERR,ERR,ERR,ERR,ERR,ERR,ERR,ERR,ERR,ERR,ERR,ERR,ERR,ERR,ERR,ERR,ERR,ERR,ERR,ERR,ERR,ERR,ERR,ERR,ERR,ERR,ERR,ERR,ERR,ERR,ERR,ERR,ERR,ERR,ERR,ERR,ERR,ERR,ERR,ERR,ERR,ERR,ERR,ERR,ERR,ERR,ERR,ERR,ERR,ERR,ERR,ERR,ERR,ERR,ERR,ERR,ERR,ERR,ERR,ERR,50.0,60.0,100,0.0,0.0,0.0,0.0,0.0,0.0,0.0,0.0,0.0,0.0,0.0,0.0,0.0,0.0,0.0,0.0,61.6,78,11,65508,50,65476,0,300,0,0,8,20529,65476,0,0,26214,60.0,0.0,0.0,0.0,0.0,0.0
2026-05-17T16:41:19,ERR,ERR,ERR,ERR,ERR,ERR,ERR,ERR,ERR,ERR,ERR,ERR,ERR,ERR,ERR,ERR,ERR,ERR,ERR,ERR,ERR,ERR,ERR,ERR,ERR,ERR,ERR,ERR,ERR,ERR,ERR,ERR,ERR,ERR,ERR,ERR,ERR,ERR,ERR,ERR,ERR,ERR,ERR,ERR,ERR,ERR,ERR,ERR,ERR,ERR,ERR,ERR,ERR,ERR,ERR,ERR,ERR,ERR,ERR,ERR,ERR,ERR,ERR,ERR,ERR,ERR,ERR,ERR,ERR,ERR,ERR,ERR,ERR,ERR,ERR,ERR,ERR,ERR,ERR,ERR,ERR,ERR,ERR,ERR,ERR,ERR,ERR,ERR,ERR,ERR,ERR,ERR,ERR,ERR,ERR,ERR,ERR,ERR,ERR,ERR,ERR,ERR,ERR,ERR,ERR,ERR,ERR,ERR,ERR,ERR,ERR,ERR,ERR,ERR,ERR,ERR,ERR,ERR,ERR,ERR,ERR,ERR,ERR,ERR,ERR,0.0,0.0,-134474944.0,0.0,0.0,1.3936040501711995e+18,7.805,0.0,0,0,4,0,8422,0.0,45,0.0,0.0,0.0,0.0,0.0,0,0,0,0,0.0,0,0,0,0,0,0,0,0,0,0,0,0,0,0,0,0,0,0,0,0,0,0,0,0,0,0,0,0,0,0,0,0,0,38,14,7,45,65476,0,300,0,0,8,21553,0.0,-107605600.0,0.0,0.0,0.0,0.0,0.0,0.0,0.0,0.0,0.0,0.0,0.0,0.0,0.0,0.0,0.0,0.0,0.0,0.0,0.0,0.0,0.0,0.0,-2.004,2.004,0.0,0.0,0.0,0.0,4977.0,1.0406652570629681e+34,0.0,0.0,0.0,0.0,-107615304.0,0.0,0.0,0.0,0.0,53,3.222028592685471e+26,0.0,0.0,0.0,0.0,0.0,0.0,0.0,0.0,0,0,0,0.0,0.0,0.0,0.0,0.0,0.0,0.0,0.0,0.0,0.0,0.0,0.0,0.0,0.0,0.0,0.0,0,-107875648.0,53,0.0,106,-107614832.0,2.7006707062415038e+23,ERR,ERR,ERR,ERR,ERR,ERR,ERR,ERR,ERR,ERR,ERR,ERR,ERR,ERR,ERR,ERR,ERR,ERR,ERR,ERR,ERR,ERR,ERR,ERR,ERR,ERR,ERR,ERR,ERR,ERR,ERR,ERR,ERR,ERR,ERR,ERR,ERR,ERR,ERR,ERR,ERR,ERR,ERR,ERR,ERR,ERR,ERR,ERR,ERR,ERR,ERR,ERR,ERR,ERR,ERR,ERR,ERR,ERR,ERR,ERR,ERR,ERR,ERR,ERR,ERR,ERR,ERR,50.0,60.0,100,0.0,0.0,0.0,0.0,0.0,0.0,0.0,0.0,0.0,0.0,0.0,0.0,0.0,0.0,0.0,0.0,61.6,78,11,65508,50,65476,0,300,0,0,8,20529,65476,0,0,26214,60.0,0.0,0.0,0.0,0.0,0.0
2026-05-17T16:41:20,ERR,ERR,ERR,ERR,ERR,ERR,ERR,ERR,ERR,ERR,ERR,ERR,ERR,ERR,ERR,ERR,ERR,ERR,ERR,ERR,ERR,ERR,ERR,ERR,ERR,ERR,ERR,ERR,ERR,ERR,ERR,ERR,ERR,ERR,ERR,ERR,ERR,ERR,ERR,ERR,ERR,ERR,ERR,ERR,ERR,ERR,ERR,ERR,ERR,ERR,ERR,ERR,ERR,ERR,ERR,ERR,ERR,ERR,ERR,ERR,ERR,ERR,ERR,ERR,ERR,ERR,ERR,ERR,ERR,ERR,ERR,ERR,ERR,ERR,ERR,ERR,ERR,ERR,ERR,ERR,ERR,ERR,ERR,ERR,ERR,ERR,ERR,ERR,ERR,ERR,ERR,ERR,ERR,ERR,ERR,ERR,ERR,ERR,ERR,ERR,ERR,ERR,ERR,ERR,ERR,ERR,ERR,ERR,ERR,ERR,ERR,ERR,ERR,ERR,ERR,ERR,ERR,ERR,ERR,ERR,ERR,ERR,ERR,ERR,ERR,0.0,0.0,-134474944.0,0.0,0.0,1.3936040501711995e+18,7.805,0.0,0,0,4,0,8422,0.0,45,0.0,0.0,0.0,0.0,0.0,0,0,0,0,0.0,0,0,0,0,0,0,0,0,0,0,0,0,0,0,0,0,0,0,0,0,0,0,0,0,0,0,0,0,0,0,0,0,0,38,14,7,45,65476,0,300,0,0,8,21553,0.0,-107605600.0,0.0,0.0,0.0,0.0,0.0,0.0,0.0,0.0,0.0,0.0,0.0,0.0,0.0,0.0,0.0,0.0,0.0,0.0,0.0,0.0,0.0,0.0,-2.004,2.004,0.0,0.0,0.0,0.0,4977.0,1.0406652570629681e+34,0.0,0.0,0.0,0.0,-107615304.0,0.0,0.0,0.0,0.0,53,3.222028592685471e+26,0.0,0.0,0.0,0.0,0.0,0.0,0.0,0.0,0,0,0,0.0,0.0,0.0,0.0,0.0,0.0,0.0,0.0,0.0,0.0,0.0,0.0,0.0,0.0,0.0,0.0,0,-107875648.0,53,0.0,106,-107614832.0,2.7006707062415038e+23,ERR,ERR,ERR,ERR,ERR,ERR,ERR,ERR,ERR,ERR,ERR,ERR,ERR,ERR,ERR,ERR,ERR,ERR,ERR,ERR,ERR,ERR,ERR,ERR,ERR,ERR,ERR,ERR,ERR,ERR,ERR,ERR,ERR,ERR,ERR,ERR,ERR,ERR,ERR,ERR,ERR,ERR,ERR,ERR,ERR,ERR,ERR,ERR,ERR,ERR,ERR,ERR,ERR,ERR,ERR,ERR,ERR,ERR,ERR,ERR,ERR,ERR,ERR,ERR,ERR,ERR,ERR,50.0,60.0,100,0.0,0.0,0.0,0.0,0.0,0.0,0.0,0.0,0.0,0.0,0.0,0.0,0.0,0.0,0.0,0.0,61.6,78,11,65508,50,65476,0,300,0,0,8,20529,65476,0,0,26214,60.0,0.0,0.0,0.0,0.0,0.0
2026-05-17T16:41:21,ERR,ERR,ERR,ERR,ERR,ERR,ERR,ERR,ERR,ERR,ERR,ERR,ERR,ERR,ERR,ERR,ERR,ERR,ERR,ERR,ERR,ERR,ERR,ERR,ERR,ERR,ERR,ERR,ERR,ERR,ERR,ERR,ERR,ERR,ERR,ERR,ERR,ERR,ERR,ERR,ERR,ERR,ERR,ERR,ERR,ERR,ERR,ERR,ERR,ERR,ERR,ERR,ERR,ERR,ERR,ERR,ERR,ERR,ERR,ERR,ERR,ERR,ERR,ERR,ERR,ERR,ERR,ERR,ERR,ERR,ERR,ERR,ERR,ERR,ERR,ERR,ERR,ERR,ERR,ERR,ERR,ERR,ERR,ERR,ERR,ERR,ERR,ERR,ERR,ERR,ERR,ERR,ERR,ERR,ERR,ERR,ERR,ERR,ERR,ERR,ERR,ERR,ERR,ERR,ERR,ERR,ERR,ERR,ERR,ERR,ERR,ERR,ERR,ERR,ERR,ERR,ERR,ERR,ERR,ERR,ERR,ERR,ERR,ERR,ERR,0.0,0.0,-134474944.0,0.0,0.0,1.3936040501711995e+18,7.805,0.0,0,0,4,0,8422,0.0,45,0.0,0.0,0.0,0.0,0.0,0,0,0,0,0.0,0,0,0,0,0,0,0,0,0,0,0,0,0,0,0,0,0,0,0,0,0,0,0,0,0,0,0,0,0,0,0,0,0,38,14,7,45,65476,0,300,0,0,8,21553,0.0,-107605600.0,0.0,0.0,0.0,0.0,0.0,0.0,0.0,0.0,0.0,0.0,0.0,0.0,0.0,0.0,0.0,0.0,0.0,0.0,0.0,0.0,0.0,0.0,-2.004,2.004,0.0,0.0,0.0,0.0,4980.0,0.0,0.0,0.0,0.0,0.0,-107615304.0,0.0,0.0,0.0,0.0,53,5.848083413016271e+35,-0.0,0.0,0.0,0.0,0.0,0.0,0.0,0.0,0,0,0,0.0,0.0,0.0,0.0,0.0,0.0,0.0,0.0,0.0,0.0,0.0,0.0,0.0,0.0,0.0,0.0,0,-107875648.0,53,0.0,106,-107614832.0,2.7006707062415038e+23,ERR,ERR,ERR,ERR,ERR,ERR,ERR,ERR,ERR,ERR,ERR,ERR,ERR,ERR,ERR,ERR,ERR,ERR,ERR,ERR,ERR,ERR,ERR,ERR,ERR,ERR,ERR,ERR,ERR,ERR,ERR,ERR,ERR,ERR,ERR,ERR,ERR,ERR,ERR,ERR,ERR,ERR,ERR,ERR,ERR,ERR,ERR,ERR,ERR,ERR,ERR,ERR,ERR,ERR,ERR,ERR,ERR,ERR,ERR,ERR,ERR,ERR,ERR,ERR,ERR,ERR,ERR,50.0,60.0,100,0.0,0.0,0.0,0.0,0.0,0.0,0.0,0.0,0.0,0.0,0.0,0.0,0.0,0.0,0.0,0.0,61.6,78,11,65508,50,65476,0,300,0,0,8,20529,65476,0,0,26214,60.0,0.0,0.0,0.0,0.0,0.0
2026-05-17T16:41:22,ERR,ERR,ERR,ERR,ERR,ERR,ERR,ERR,ERR,ERR,ERR,ERR,ERR,ERR,ERR,ERR,ERR,ERR,ERR,ERR,ERR,ERR,ERR,ERR,ERR,ERR,ERR,ERR,ERR,ERR,ERR,ERR,ERR,ERR,ERR,ERR,ERR,ERR,ERR,ERR,ERR,ERR,ERR,ERR,ERR,ERR,ERR,ERR,ERR,ERR,ERR,ERR,ERR,ERR,ERR,ERR,ERR,ERR,ERR,ERR,ERR,ERR,ERR,ERR,ERR,ERR,ERR,ERR,ERR,ERR,ERR,ERR,ERR,ERR,ERR,ERR,ERR,ERR,ERR,ERR,ERR,ERR,ERR,ERR,ERR,ERR,ERR,ERR,ERR,ERR,ERR,ERR,ERR,ERR,ERR,ERR,ERR,ERR,ERR,ERR,ERR,ERR,ERR,ERR,ERR,ERR,ERR,ERR,ERR,ERR,ERR,ERR,ERR,ERR,ERR,ERR,ERR,ERR,ERR,ERR,ERR,ERR,ERR,ERR,ERR,0.0,0.0,-134474944.0,0.0,0.0,1.3936040501711995e+18,7.805,0.0,0,0,4,0,8422,0.0,45,0.0,0.0,0.0,0.0,0.0,0,0,0,0,0.0,0,0,0,0,0,0,0,0,0,0,0,0,0,0,0,0,0,0,0,0,0,0,0,0,0,0,0,0,0,0,0,0,0,38,14,7,45,65476,0,300,0,0,8,21553,0.0,-107605600.0,0.0,0.0,0.0,0.0,0.0,0.0,0.0,0.0,0.0,0.0,0.0,0.0,0.0,0.0,0.0,0.0,0.0,0.0,0.0,0.0,0.0,0.0,-2.004,2.004,0.0,0.0,0.0,0.0,4980.0,0.0,0.0,0.0,0.0,0.0,-107615304.0,0.0,0.0,0.0,0.0,53,5.848083413016271e+35,-0.0,0.0,0.0,0.0,0.0,0.0,0.0,0.0,0,0,0,0.0,0.0,0.0,0.0,0.0,0.0,0.0,0.0,0.0,0.0,0.0,0.0,0.0,0.0,0.0,0.0,0,-107875648.0,53,0.0,106,-107614832.0,2.7006707062415038e+23,ERR,ERR,ERR,ERR,ERR,ERR,ERR,ERR,ERR,ERR,ERR,ERR,ERR,ERR,ERR,ERR,ERR,ERR,ERR,ERR,ERR,ERR,ERR,ERR,ERR,ERR,ERR,ERR,ERR,ERR,ERR,ERR,ERR,ERR,ERR,ERR,ERR,ERR,ERR,ERR,ERR,ERR,ERR,ERR,ERR,ERR,ERR,ERR,ERR,ERR,ERR,ERR,ERR,ERR,ERR,ERR,ERR,ERR,ERR,ERR,ERR,ERR,ERR,ERR,ERR,ERR,ERR,50.0,60.0,100,0.0,0.0,0.0,0.0,0.0,0.0,0.0,0.0,0.0,0.0,0.0,0.0,0.0,0.0,0.0,0.0,61.6,78,11,65508,50,65476,0,300,0,0,8,20529,65476,0,0,26214,60.0,0.0,0.0,0.0,0.0,0.0
2026-05-17T16:41:23,ERR,ERR,ERR,ERR,ERR,ERR,ERR,ERR,ERR,ERR,ERR,ERR,ERR,ERR,ERR,ERR,ERR,ERR,ERR,ERR,ERR,ERR,ERR,ERR,ERR,ERR,ERR,ERR,ERR,ERR,ERR,ERR,ERR,ERR,ERR,ERR,ERR,ERR,ERR,ERR,ERR,ERR,ERR,ERR,ERR,ERR,ERR,ERR,ERR,ERR,ERR,ERR,ERR,ERR,ERR,ERR,ERR,ERR,ERR,ERR,ERR,ERR,ERR,ERR,ERR,ERR,ERR,ERR,ERR,ERR,ERR,ERR,ERR,ERR,ERR,ERR,ERR,ERR,ERR,ERR,ERR,ERR,ERR,ERR,ERR,ERR,ERR,ERR,ERR,ERR,ERR,ERR,ERR,ERR,ERR,ERR,ERR,ERR,ERR,ERR,ERR,ERR,ERR,ERR,ERR,ERR,ERR,ERR,ERR,ERR,ERR,ERR,ERR,ERR,ERR,ERR,ERR,ERR,ERR,ERR,ERR,ERR,ERR,ERR,ERR,0.0,0.0,-134474944.0,0.0,0.0,1.3936040501711995e+18,7.805,0.0,0,0,4,0,8422,0.0,45,0.0,0.0,0.0,0.0,0.0,0,0,0,0,0.0,0,0,0,0,0,0,0,0,0,0,0,0,0,0,0,0,0,0,0,0,0,0,0,0,0,0,0,0,0,0,0,0,0,38,14,7,45,65476,0,300,0,0,8,21553,0.0,-107605600.0,0.0,0.0,0.0,0.0,0.0,0.0,0.0,0.0,0.0,0.0,0.0,0.0,0.0,0.0,0.0,0.0,0.0,0.0,0.0,0.0,0.0,0.0,-2.004,2.004,0.0,0.0,0.0,0.0,4980.0,0.0,0.0,0.0,0.0,0.0,-107615304.0,0.0,0.0,0.0,0.0,53,5.848083413016271e+35,-0.0,0.0,0.0,0.0,0.0,0.0,0.0,0.0,0,0,0,0.0,0.0,0.0,0.0,0.0,0.0,0.0,0.0,0.0,0.0,0.0,0.0,0.0,0.0,0.0,0.0,0,-107875648.0,53,0.0,106,-107614832.0,2.7006707062415038e+23,ERR,ERR,ERR,ERR,ERR,ERR,ERR,ERR,ERR,ERR,ERR,ERR,ERR,ERR,ERR,ERR,ERR,ERR,ERR,ERR,ERR,ERR,ERR,ERR,ERR,ERR,ERR,ERR,ERR,ERR,ERR,ERR,ERR,ERR,ERR,ERR,ERR,ERR,ERR,ERR,ERR,ERR,ERR,ERR,ERR,ERR,ERR,ERR,ERR,ERR,ERR,ERR,ERR,ERR,ERR,ERR,ERR,ERR,ERR,ERR,ERR,ERR,ERR,ERR,ERR,ERR,ERR,50.0,60.0,100,0.0,0.0,0.0,0.0,0.0,0.0,0.0,0.0,0.0,0.0,0.0,0.0,0.0,0.0,0.0,0.0,61.6,78,11,65508,50,65476,0,300,0,0,8,20529,65476,0,0,26214,60.0,0.0,0.0,0.0,0.0,0.0
2026-05-17T16:41:24,ERR,ERR,ERR,ERR,ERR,ERR,ERR,ERR,ERR,ERR,ERR,ERR,ERR,ERR,ERR,ERR,ERR,ERR,ERR,ERR,ERR,ERR,ERR,ERR,ERR,ERR,ERR,ERR,ERR,ERR,ERR,ERR,ERR,ERR,ERR,ERR,ERR,ERR,ERR,ERR,ERR,ERR,ERR,ERR,ERR,ERR,ERR,ERR,ERR,ERR,ERR,ERR,ERR,ERR,ERR,ERR,ERR,ERR,ERR,ERR,ERR,ERR,ERR,ERR,ERR,ERR,ERR,ERR,ERR,ERR,ERR,ERR,ERR,ERR,ERR,ERR,ERR,ERR,ERR,ERR,ERR,ERR,ERR,ERR,ERR,ERR,ERR,ERR,ERR,ERR,ERR,ERR,ERR,ERR,ERR,ERR,ERR,ERR,ERR,ERR,ERR,ERR,ERR,ERR,ERR,ERR,ERR,ERR,ERR,ERR,ERR,ERR,ERR,ERR,ERR,ERR,ERR,ERR,ERR,ERR,ERR,ERR,ERR,ERR,ERR,0.0,0.0,-134474944.0,0.0,0.0,1.3936040501711995e+18,7.805,0.0,0,0,4,0,8422,0.0,45,0.0,0.0,0.0,0.0,0.0,0,0,0,0,0.0,0,0,0,0,0,0,0,0,0,0,0,0,0,0,0,0,0,0,0,0,0,0,0,0,0,0,0,0,0,0,0,0,0,38,14,7,45,65476,0,300,0,0,8,21553,0.0,-107605600.0,0.0,0.0,0.0,0.0,0.0,0.0,0.0,0.0,0.0,0.0,0.0,0.0,0.0,0.0,0.0,0.0,0.0,0.0,0.0,0.0,0.0,0.0,-2.004,2.004,0.0,0.0,0.0,0.0,4980.0,0.0,0.0,0.0,0.0,0.0,-107615304.0,0.0,0.0,0.0,0.0,53,5.848083413016271e+35,-0.0,0.0,0.0,0.0,0.0,0.0,0.0,0.0,0,0,0,0.0,0.0,0.0,0.0,0.0,0.0,0.0,0.0,0.0,0.0,0.0,0.0,0.0,0.0,0.0,0.0,0,-107875648.0,53,0.0,106,-107614832.0,2.7006707062415038e+23,ERR,ERR,ERR,ERR,ERR,ERR,ERR,ERR,ERR,ERR,ERR,ERR,ERR,ERR,ERR,ERR,ERR,ERR,ERR,ERR,ERR,ERR,ERR,ERR,ERR,ERR,ERR,ERR,ERR,ERR,ERR,ERR,ERR,ERR,ERR,ERR,ERR,ERR,ERR,ERR,ERR,ERR,ERR,ERR,ERR,ERR,ERR,ERR,ERR,ERR,ERR,ERR,ERR,ERR,ERR,ERR,ERR,ERR,ERR,ERR,ERR,ERR,ERR,ERR,ERR,ERR,ERR,50.0,60.0,100,0.0,0.0,0.0,0.0,0.0,0.0,0.0,0.0,0.0,0.0,0.0,0.0,0.0,0.0,0.0,0.0,62.0,78,11,65508,50,65476,0,300,0,0,8,20529,65476,0,0,26214,60.0,0.0,0.0,0.0,0.0,0.0
2026-05-17T16:41:25,ERR,ERR,ERR,ERR,ERR,ERR,ERR,ERR,ERR,ERR,ERR,ERR,ERR,ERR,ERR,ERR,ERR,ERR,ERR,ERR,ERR,ERR,ERR,ERR,ERR,ERR,ERR,ERR,ERR,ERR,ERR,ERR,ERR,ERR,ERR,ERR,ERR,ERR,ERR,ERR,ERR,ERR,ERR,ERR,ERR,ERR,ERR,ERR,ERR,ERR,ERR,ERR,ERR,ERR,ERR,ERR,ERR,ERR,ERR,ERR,ERR,ERR,ERR,ERR,ERR,ERR,ERR,ERR,ERR,ERR,ERR,ERR,ERR,ERR,ERR,ERR,ERR,ERR,ERR,ERR,ERR,ERR,ERR,ERR,ERR,ERR,ERR,ERR,ERR,ERR,ERR,ERR,ERR,ERR,ERR,ERR,ERR,ERR,ERR,ERR,ERR,ERR,ERR,ERR,ERR,ERR,ERR,ERR,ERR,ERR,ERR,ERR,ERR,ERR,ERR,ERR,ERR,ERR,ERR,ERR,ERR,ERR,ERR,ERR,ERR,0.0,0.0,-134474944.0,0.0,0.0,1.3936040501711995e+18,7.805,0.0,0,0,4,0,8422,0.0,45,0.0,0.0,0.0,0.0,0.0,0,0,0,0,0.0,0,0,0,0,0,0,0,0,0,0,0,0,0,0,0,0,0,0,0,0,0,0,0,0,0,0,0,0,0,0,0,0,0,38,14,7,45,65476,0,300,0,0,8,21553,0.0,-107605600.0,0.0,0.0,0.0,0.0,0.0,0.0,0.0,0.0,0.0,0.0,0.0,0.0,0.0,0.0,0.0,0.0,0.0,0.0,0.0,0.0,0.0,0.0,-2.004,2.004,0.0,0.0,0.0,0.0,4980.0,0.0,0.0,0.0,0.0,0.0,-107615304.0,0.0,0.0,0.0,0.0,53,5.848083413016271e+35,-0.0,0.0,0.0,0.0,0.0,0.0,0.0,0.0,0,0,0,0.0,0.0,0.0,0.0,0.0,0.0,0.0,0.0,0.0,0.0,0.0,0.0,0.0,0.0,0.0,0.0,0,-107875648.0,53,0.0,106,-107614832.0,2.7006707062415038e+23,ERR,ERR,ERR,ERR,ERR,ERR,ERR,ERR,ERR,ERR,ERR,ERR,ERR,ERR,ERR,ERR,ERR,ERR,ERR,ERR,ERR,ERR,ERR,ERR,ERR,ERR,ERR,ERR,ERR,ERR,ERR,ERR,ERR,ERR,ERR,ERR,ERR,ERR,ERR,ERR,ERR,ERR,ERR,ERR,ERR,ERR,ERR,ERR,ERR,ERR,ERR,ERR,ERR,ERR,ERR,ERR,ERR,ERR,ERR,ERR,ERR,ERR,ERR,ERR,ERR,ERR,ERR,50.0,60.0,100,0.0,0.0,0.0,0.0,0.0,0.0,0.0,0.0,0.0,0.0,0.0,0.0,0.0,0.0,0.0,0.0,62.0,78,11,65508,50,65476,0,300,0,0,8,20529,65476,0,0,26214,60.0,0.0,0.0,0.0,0.0,0.0
2026-05-17T16:41:26,ERR,ERR,ERR,ERR,ERR,ERR,ERR,ERR,ERR,ERR,ERR,ERR,ERR,ERR,ERR,ERR,ERR,ERR,ERR,ERR,ERR,ERR,ERR,ERR,ERR,ERR,ERR,ERR,ERR,ERR,ERR,ERR,ERR,ERR,ERR,ERR,ERR,ERR,ERR,ERR,ERR,ERR,ERR,ERR,ERR,ERR,ERR,ERR,ERR,ERR,ERR,ERR,ERR,ERR,ERR,ERR,ERR,ERR,ERR,ERR,ERR,ERR,ERR,ERR,ERR,ERR,ERR,ERR,ERR,ERR,ERR,ERR,ERR,ERR,ERR,ERR,ERR,ERR,ERR,ERR,ERR,ERR,ERR,ERR,ERR,ERR,ERR,ERR,ERR,ERR,ERR,ERR,ERR,ERR,ERR,ERR,ERR,ERR,ERR,ERR,ERR,ERR,ERR,ERR,ERR,ERR,ERR,ERR,ERR,ERR,ERR,ERR,ERR,ERR,ERR,ERR,ERR,ERR,ERR,ERR,ERR,ERR,ERR,ERR,ERR,0.0,0.0,-134474944.0,0.0,0.0,1.3936040501711995e+18,7.805,0.0,0,0,4,0,8422,0.0,45,0.0,0.0,0.0,0.0,0.0,0,0,0,0,0.0,0,0,0,0,0,0,0,0,0,0,0,0,0,0,0,0,0,0,0,0,0,0,0,0,0,0,0,0,0,0,0,0,0,38,14,7,45,65476,0,300,0,0,8,21553,0.0,-107605600.0,0.0,0.0,0.0,0.0,0.0,0.0,0.0,0.0,0.0,0.0,0.0,0.0,0.0,0.0,0.0,0.0,0.0,0.0,0.0,0.0,0.0,0.0,-2.004,2.004,0.0,0.0,0.0,0.0,4974.0,1.0406652570629681e+34,0.0,0.0,0.0,0.0,-107615304.0,0.0,0.0,0.0,0.0,53,1.9056979486756045e+17,0.0,0.0,0.0,0.0,0.0,0.0,0.0,0.0,0,0,0,0.0,0.0,0.0,0.0,0.0,0.0,0.0,0.0,0.0,0.0,0.0,0.0,0.0,0.0,0.0,0.0,0,-107875648.0,53,0.0,106,-107614832.0,2.7006707062415038e+23,ERR,ERR,ERR,ERR,ERR,ERR,ERR,ERR,ERR,ERR,ERR,ERR,ERR,ERR,ERR,ERR,ERR,ERR,ERR,ERR,ERR,ERR,ERR,ERR,ERR,ERR,ERR,ERR,ERR,ERR,ERR,ERR,ERR,ERR,ERR,ERR,ERR,ERR,ERR,ERR,ERR,ERR,ERR,ERR,ERR,ERR,ERR,ERR,ERR,ERR,ERR,ERR,ERR,ERR,ERR,ERR,ERR,ERR,ERR,ERR,ERR,ERR,ERR,ERR,ERR,ERR,ERR,50.0,60.0,100,0.0,0.0,0.0,0.0,0.0,0.0,0.0,0.0,0.0,0.0,0.0,0.0,0.0,0.0,0.0,0.0,61.6,78,11,65508,50,65476,0,300,0,0,8,20529,65476,0,0,26214,60.0,0.0,0.0,0.0,0.0,0.0
2026-05-17T16:41:27,ERR,ERR,ERR,ERR,ERR,ERR,ERR,ERR,ERR,ERR,ERR,ERR,ERR,ERR,ERR,ERR,ERR,ERR,ERR,ERR,ERR,ERR,ERR,ERR,ERR,ERR,ERR,ERR,ERR,ERR,ERR,ERR,ERR,ERR,ERR,ERR,ERR,ERR,ERR,ERR,ERR,ERR,ERR,ERR,ERR,ERR,ERR,ERR,ERR,ERR,ERR,ERR,ERR,ERR,ERR,ERR,ERR,ERR,ERR,ERR,ERR,ERR,ERR,ERR,ERR,ERR,ERR,ERR,ERR,ERR,ERR,ERR,ERR,ERR,ERR,ERR,ERR,ERR,ERR,ERR,ERR,ERR,ERR,ERR,ERR,ERR,ERR,ERR,ERR,ERR,ERR,ERR,ERR,ERR,ERR,ERR,ERR,ERR,ERR,ERR,ERR,ERR,ERR,ERR,ERR,ERR,ERR,ERR,ERR,ERR,ERR,ERR,ERR,ERR,ERR,ERR,ERR,ERR,ERR,ERR,ERR,ERR,ERR,ERR,ERR,0.0,0.0,-134474944.0,0.0,0.0,1.3936040501711995e+18,7.805,0.0,0,0,4,0,8422,0.0,45,0.0,0.0,0.0,0.0,0.0,0,0,0,0,0.0,0,0,0,0,0,0,0,0,0,0,0,0,0,0,0,0,0,0,0,0,0,0,0,0,0,0,0,0,0,0,0,0,0,38,14,7,45,65476,0,300,0,0,8,21553,0.0,-107605600.0,0.0,0.0,0.0,0.0,0.0,0.0,0.0,0.0,0.0,0.0,0.0,0.0,0.0,0.0,0.0,0.0,0.0,0.0,0.0,0.0,0.0,0.0,-2.004,2.004,0.0,0.0,0.0,0.0,4974.0,1.0406652570629681e+34,0.0,0.0,0.0,0.0,-107615304.0,0.0,0.0,0.0,0.0,53,1.9056979486756045e+17,0.0,0.0,0.0,0.0,0.0,0.0,0.0,0.0,0,0,0,0.0,0.0,0.0,0.0,0.0,0.0,0.0,0.0,0.0,0.0,0.0,0.0,0.0,0.0,0.0,0.0,0,-107875648.0,53,0.0,106,-107614832.0,2.7006707062415038e+23,ERR,ERR,ERR,ERR,ERR,ERR,ERR,ERR,ERR,ERR,ERR,ERR,ERR,ERR,ERR,ERR,ERR,ERR,ERR,ERR,ERR,ERR,ERR,ERR,ERR,ERR,ERR,ERR,ERR,ERR,ERR,ERR,ERR,ERR,ERR,ERR,ERR,ERR,ERR,ERR,ERR,ERR,ERR,ERR,ERR,ERR,ERR,ERR,ERR,ERR,ERR,ERR,ERR,ERR,ERR,ERR,ERR,ERR,ERR,ERR,ERR,ERR,ERR,ERR,ERR,ERR,ERR,50.0,60.0,100,0.0,0.0,0.0,0.0,0.0,0.0,0.0,0.0,0.0,0.0,0.0,0.0,0.0,0.0,0.0,0.0,61.6,78,11,65508,50,65476,0,300,0,0,8,20529,65476,0,0,26214,60.0,0.0,0.0,0.0,0.0,0.0
2026-05-17T16:41:28,ERR,ERR,ERR,ERR,ERR,ERR,ERR,ERR,ERR,ERR,ERR,ERR,ERR,ERR,ERR,ERR,ERR,ERR,ERR,ERR,ERR,ERR,ERR,ERR,ERR,ERR,ERR,ERR,ERR,ERR,ERR,ERR,ERR,ERR,ERR,ERR,ERR,ERR,ERR,ERR,ERR,ERR,ERR,ERR,ERR,ERR,ERR,ERR,ERR,ERR,ERR,ERR,ERR,ERR,ERR,ERR,ERR,ERR,ERR,ERR,ERR,ERR,ERR,ERR,ERR,ERR,ERR,ERR,ERR,ERR,ERR,ERR,ERR,ERR,ERR,ERR,ERR,ERR,ERR,ERR,ERR,ERR,ERR,ERR,ERR,ERR,ERR,ERR,ERR,ERR,ERR,ERR,ERR,ERR,ERR,ERR,ERR,ERR,ERR,ERR,ERR,ERR,ERR,ERR,ERR,ERR,ERR,ERR,ERR,ERR,ERR,ERR,ERR,ERR,ERR,ERR,ERR,ERR,ERR,ERR,ERR,ERR,ERR,ERR,ERR,0.0,0.0,-134474944.0,0.0,0.0,1.3936040501711995e+18,7.805,0.0,0,0,4,0,8422,0.0,45,0.0,0.0,0.0,0.0,0.0,0,0,0,0,0.0,0,0,0,0,0,0,0,0,0,0,0,0,0,0,0,0,0,0,0,0,0,0,0,0,0,0,0,0,0,0,0,0,0,38,14,7,45,65476,0,300,0,0,8,21553,0.0,-107605600.0,0.0,0.0,0.0,0.0,0.0,0.0,0.0,0.0,0.0,0.0,0.0,0.0,0.0,0.0,0.0,0.0,0.0,0.0,0.0,0.0,0.0,0.0,-2.004,2.004,0.0,0.0,0.0,0.0,4974.0,1.0406652570629681e+34,0.0,0.0,0.0,0.0,-107615304.0,0.0,0.0,0.0,0.0,53,1.9056979486756045e+17,0.0,0.0,0.0,0.0,0.0,0.0,0.0,0.0,0,0,0,0.0,0.0,0.0,0.0,0.0,0.0,0.0,0.0,0.0,0.0,0.0,0.0,0.0,0.0,0.0,0.0,0,-107875648.0,53,0.0,106,-107614832.0,2.7006707062415038e+23,ERR,ERR,ERR,ERR,ERR,ERR,ERR,ERR,ERR,ERR,ERR,ERR,ERR,ERR,ERR,ERR,ERR,ERR,ERR,ERR,ERR,ERR,ERR,ERR,ERR,ERR,ERR,ERR,ERR,ERR,ERR,ERR,ERR,ERR,ERR,ERR,ERR,ERR,ERR,ERR,ERR,ERR,ERR,ERR,ERR,ERR,ERR,ERR,ERR,ERR,ERR,ERR,ERR,ERR,ERR,ERR,ERR,ERR,ERR,ERR,ERR,ERR,ERR,ERR,ERR,ERR,ERR,50.0,60.0,100,0.0,0.0,0.0,0.0,0.0,0.0,0.0,0.0,0.0,0.0,0.0,0.0,0.0,0.0,0.0,0.0,61.6,78,11,65508,50,65476,0,300,0,0,8,20529,65476,0,0,26214,60.0,0.0,0.0,0.0,0.0,0.0
2026-05-17T16:41:29,ERR,ERR,ERR,ERR,ERR,ERR,ERR,ERR,ERR,ERR,ERR,ERR,ERR,ERR,ERR,ERR,ERR,ERR,ERR,ERR,ERR,ERR,ERR,ERR,ERR,ERR,ERR,ERR,ERR,ERR,ERR,ERR,ERR,ERR,ERR,ERR,ERR,ERR,ERR,ERR,ERR,ERR,ERR,ERR,ERR,ERR,ERR,ERR,ERR,ERR,ERR,ERR,ERR,ERR,ERR,ERR,ERR,ERR,ERR,ERR,ERR,ERR,ERR,ERR,ERR,ERR,ERR,ERR,ERR,ERR,ERR,ERR,ERR,ERR,ERR,ERR,ERR,ERR,ERR,ERR,ERR,ERR,ERR,ERR,ERR,ERR,ERR,ERR,ERR,ERR,ERR,ERR,ERR,ERR,ERR,ERR,ERR,ERR,ERR,ERR,ERR,ERR,ERR,ERR,ERR,ERR,ERR,ERR,ERR,ERR,ERR,ERR,ERR,ERR,ERR,ERR,ERR,ERR,ERR,ERR,ERR,ERR,ERR,ERR,ERR,0.0,0.0,-134474944.0,0.0,0.0,1.3936040501711995e+18,7.805,0.0,0,0,4,0,8422,0.0,45,0.0,0.0,0.0,0.0,0.0,0,0,0,0,0.0,0,0,0,0,0,0,0,0,0,0,0,0,0,0,0,0,0,0,0,0,0,0,0,0,0,0,0,0,0,0,0,0,0,38,14,7,45,65476,0,300,0,0,8,21553,0.0,-107605600.0,0.0,0.0,0.0,0.0,0.0,0.0,0.0,0.0,0.0,0.0,0.0,0.0,0.0,0.0,0.0,0.0,0.0,0.0,0.0,0.0,0.0,0.0,-2.004,2.004,0.0,0.0,0.0,0.0,4974.0,1.0406652570629681e+34,0.0,0.0,0.0,0.0,-107615304.0,0.0,0.0,0.0,0.0,53,1.9056979486756045e+17,0.0,0.0,0.0,0.0,0.0,0.0,0.0,0.0,0,0,0,0.0,0.0,0.0,0.0,0.0,0.0,0.0,0.0,0.0,0.0,0.0,0.0,0.0,0.0,0.0,0.0,0,-107875648.0,53,0.0,106,-107614832.0,2.7006707062415038e+23,ERR,ERR,ERR,ERR,ERR,ERR,ERR,ERR,ERR,ERR,ERR,ERR,ERR,ERR,ERR,ERR,ERR,ERR,ERR,ERR,ERR,ERR,ERR,ERR,ERR,ERR,ERR,ERR,ERR,ERR,ERR,ERR,ERR,ERR,ERR,ERR,ERR,ERR,ERR,ERR,ERR,ERR,ERR,ERR,ERR,ERR,ERR,ERR,ERR,ERR,ERR,ERR,ERR,ERR,ERR,ERR,ERR,ERR,ERR,ERR,ERR,ERR,ERR,ERR,ERR,ERR,ERR,50.0,60.0,100,0.0,0.0,0.0,0.0,0.0,0.0,0.0,0.0,0.0,0.0,0.0,0.0,0.0,0.0,0.0,0.0,62.0,78,11,65508,50,65476,0,300,0,0,8,20529,65476,0,0,26214,60.0,0.0,0.0,0.0,0.0,0.0
2026-05-17T16:41:30,ERR,ERR,ERR,ERR,ERR,ERR,ERR,ERR,ERR,ERR,ERR,ERR,ERR,ERR,ERR,ERR,ERR,ERR,ERR,ERR,ERR,ERR,ERR,ERR,ERR,ERR,ERR,ERR,ERR,ERR,ERR,ERR,ERR,ERR,ERR,ERR,ERR,ERR,ERR,ERR,ERR,ERR,ERR,ERR,ERR,ERR,ERR,ERR,ERR,ERR,ERR,ERR,ERR,ERR,ERR,ERR,ERR,ERR,ERR,ERR,ERR,ERR,ERR,ERR,ERR,ERR,ERR,ERR,ERR,ERR,ERR,ERR,ERR,ERR,ERR,ERR,ERR,ERR,ERR,ERR,ERR,ERR,ERR,ERR,ERR,ERR,ERR,ERR,ERR,ERR,ERR,ERR,ERR,ERR,ERR,ERR,ERR,ERR,ERR,ERR,ERR,ERR,ERR,ERR,ERR,ERR,ERR,ERR,ERR,ERR,ERR,ERR,ERR,ERR,ERR,ERR,ERR,ERR,ERR,ERR,ERR,ERR,ERR,ERR,ERR,0.0,0.0,-134474944.0,0.0,0.0,1.3936040501711995e+18,7.805,0.0,0,0,4,0,8422,0.0,45,0.0,0.0,0.0,0.0,0.0,0,0,0,0,0.0,0,0,0,0,0,0,0,0,0,0,0,0,0,0,0,0,0,0,0,0,0,0,0,0,0,0,0,0,0,0,0,0,0,38,14,7,45,65476,0,300,0,0,8,21553,0.0,-107605600.0,0.0,0.0,0.0,0.0,0.0,0.0,0.0,0.0,0.0,0.0,0.0,0.0,0.0,0.0,0.0,0.0,0.0,0.0,0.0,0.0,0.0,0.0,-2.004,2.004,0.0,0.0,0.0,0.0,4974.0,1.0406652570629681e+34,0.0,0.0,0.0,0.0,-107615304.0,0.0,0.0,0.0,0.0,53,1.9056979486756045e+17,0.0,0.0,0.0,0.0,0.0,0.0,0.0,0.0,0,0,0,0.0,0.0,0.0,0.0,0.0,0.0,0.0,0.0,0.0,0.0,0.0,0.0,0.0,0.0,0.0,0.0,0,-107875648.0,53,0.0,106,-107614832.0,2.7006707062415038e+23,ERR,ERR,ERR,ERR,ERR,ERR,ERR,ERR,ERR,ERR,ERR,ERR,ERR,ERR,ERR,ERR,ERR,ERR,ERR,ERR,ERR,ERR,ERR,ERR,ERR,ERR,ERR,ERR,ERR,ERR,ERR,ERR,ERR,ERR,ERR,ERR,ERR,ERR,ERR,ERR,ERR,ERR,ERR,ERR,ERR,ERR,ERR,ERR,ERR,ERR,ERR,ERR,ERR,ERR,ERR,ERR,ERR,ERR,ERR,ERR,ERR,ERR,ERR,ERR,ERR,ERR,ERR,50.0,60.0,100,0.0,0.0,0.0,0.0,0.0,0.0,0.0,0.0,0.0,0.0,0.0,0.0,0.0,0.0,0.0,0.0,62.0,78,11,65508,50,65476,0,300,0,0,8,20529,65476,0,0,26214,60.0,0.0,0.0,0.0,0.0,0.0
2026-05-17T16:41:31,ERR,ERR,ERR,ERR,ERR,ERR,ERR,ERR,ERR,ERR,ERR,ERR,ERR,ERR,ERR,ERR,ERR,ERR,ERR,ERR,ERR,ERR,ERR,ERR,ERR,ERR,ERR,ERR,ERR,ERR,ERR,ERR,ERR,ERR,ERR,ERR,ERR,ERR,ERR,ERR,ERR,ERR,ERR,ERR,ERR,ERR,ERR,ERR,ERR,ERR,ERR,ERR,ERR,ERR,ERR,ERR,ERR,ERR,ERR,ERR,ERR,ERR,ERR,ERR,ERR,ERR,ERR,ERR,ERR,ERR,ERR,ERR,ERR,ERR,ERR,ERR,ERR,ERR,ERR,ERR,ERR,ERR,ERR,ERR,ERR,ERR,ERR,ERR,ERR,ERR,ERR,ERR,ERR,ERR,ERR,ERR,ERR,ERR,ERR,ERR,ERR,ERR,ERR,ERR,ERR,ERR,ERR,ERR,ERR,ERR,ERR,ERR,ERR,ERR,ERR,ERR,ERR,ERR,ERR,ERR,ERR,ERR,ERR,ERR,ERR,0.0,0.0,-134474944.0,0.0,0.0,1.3936040501711995e+18,7.805,0.0,0,0,4,0,8422,0.0,45,0.0,0.0,0.0,0.0,0.0,0,0,0,0,0.0,0,0,0,0,0,0,0,0,0,0,0,0,0,0,0,0,0,0,0,0,0,0,0,0,0,0,0,0,0,0,0,0,0,38,14,7,45,65476,0,300,0,0,8,21553,0.0,-107605600.0,0.0,0.0,0.0,0.0,0.0,0.0,0.0,0.0,0.0,0.0,0.0,0.0,0.0,0.0,0.0,0.0,0.0,0.0,0.0,0.0,0.0,0.0,-2.004,2.004,0.0,0.0,0.0,0.0,5006.0,0.0,0.0,0.0,0.0,0.0,-107615304.0,0.0,0.0,0.0,0.0,53,1.9056979486756045e+17,-3.222002398308886e+26,0.0,0.0,0.0,0.0,0.0,0.0,0.0,0,0,0,0.0,0.0,0.0,0.0,0.0,0.0,0.0,0.0,0.0,0.0,0.0,0.0,0.0,0.0,0.0,0.0,0,-107875648.0,53,0.0,106,-107614832.0,2.7006707062415038e+23,ERR,ERR,ERR,ERR,ERR,ERR,ERR,ERR,ERR,ERR,ERR,ERR,ERR,ERR,ERR,ERR,ERR,ERR,ERR,ERR,ERR,ERR,ERR,ERR,ERR,ERR,ERR,ERR,ERR,ERR,ERR,ERR,ERR,ERR,ERR,ERR,ERR,ERR,ERR,ERR,ERR,ERR,ERR,ERR,ERR,ERR,ERR,ERR,ERR,ERR,ERR,ERR,ERR,ERR,ERR,ERR,ERR,ERR,ERR,ERR,ERR,ERR,ERR,ERR,ERR,ERR,ERR,50.0,60.0,100,0.0,0.0,0.0,0.0,0.0,0.0,0.0,0.0,0.0,0.0,0.0,0.0,0.0,0.0,0.0,0.0,61.6,78,11,65508,50,65476,0,300,0,0,8,20529,65476,0,0,26214,60.0,0.0,0.0,0.0,0.0,0.0
2026-05-17T16:41:32,ERR,ERR,ERR,ERR,ERR,ERR,ERR,ERR,ERR,ERR,ERR,ERR,ERR,ERR,ERR,ERR,ERR,ERR,ERR,ERR,ERR,ERR,ERR,ERR,ERR,ERR,ERR,ERR,ERR,ERR,ERR,ERR,ERR,ERR,ERR,ERR,ERR,ERR,ERR,ERR,ERR,ERR,ERR,ERR,ERR,ERR,ERR,ERR,ERR,ERR,ERR,ERR,ERR,ERR,ERR,ERR,ERR,ERR,ERR,ERR,ERR,ERR,ERR,ERR,ERR,ERR,ERR,ERR,ERR,ERR,ERR,ERR,ERR,ERR,ERR,ERR,ERR,ERR,ERR,ERR,ERR,ERR,ERR,ERR,ERR,ERR,ERR,ERR,ERR,ERR,ERR,ERR,ERR,ERR,ERR,ERR,ERR,ERR,ERR,ERR,ERR,ERR,ERR,ERR,ERR,ERR,ERR,ERR,ERR,ERR,ERR,ERR,ERR,ERR,ERR,ERR,ERR,ERR,ERR,ERR,ERR,ERR,ERR,ERR,ERR,0.0,0.0,-134474944.0,0.0,0.0,1.3936040501711995e+18,7.805,0.0,0,0,4,0,8422,0.0,45,0.0,0.0,0.0,0.0,0.0,0,0,0,0,0.0,0,0,0,0,0,0,0,0,0,0,0,0,0,0,0,0,0,0,0,0,0,0,0,0,0,0,0,0,0,0,0,0,0,38,14,7,45,65476,0,300,0,0,8,21553,0.0,-107605600.0,0.0,0.0,0.0,0.0,0.0,0.0,0.0,0.0,0.0,0.0,0.0,0.0,0.0,0.0,0.0,0.0,0.0,0.0,0.0,0.0,0.0,0.0,-2.004,2.004,0.0,0.0,0.0,0.0,5006.0,0.0,0.0,0.0,0.0,0.0,-107615304.0,0.0,0.0,0.0,0.0,53,1.9056979486756045e+17,-3.222002398308886e+26,0.0,0.0,0.0,0.0,0.0,0.0,0.0,0,0,0,0.0,0.0,0.0,0.0,0.0,0.0,0.0,0.0,0.0,0.0,0.0,0.0,0.0,0.0,0.0,0.0,0,-107875648.0,53,0.0,106,-107614832.0,2.7006707062415038e+23,ERR,ERR,ERR,ERR,ERR,ERR,ERR,ERR,ERR,ERR,ERR,ERR,ERR,ERR,ERR,ERR,ERR,ERR,ERR,ERR,ERR,ERR,ERR,ERR,ERR,ERR,ERR,ERR,ERR,ERR,ERR,ERR,ERR,ERR,ERR,ERR,ERR,ERR,ERR,ERR,ERR,ERR,ERR,ERR,ERR,ERR,ERR,ERR,ERR,ERR,ERR,ERR,ERR,ERR,ERR,ERR,ERR,ERR,ERR,ERR,ERR,ERR,ERR,ERR,ERR,ERR,ERR,50.0,60.0,100,0.0,0.0,0.0,0.0,0.0,0.0,0.0,0.0,0.0,0.0,0.0,0.0,0.0,0.0,0.0,0.0,61.6,78,11,65508,50,65476,0,300,0,0,8,20529,65476,0,0,26214,60.0,0.0,0.0,0.0,0.0,0.0
2026-05-17T16:41:33,ERR,ERR,ERR,ERR,ERR,ERR,ERR,ERR,ERR,ERR,ERR,ERR,ERR,ERR,ERR,ERR,ERR,ERR,ERR,ERR,ERR,ERR,ERR,ERR,ERR,ERR,ERR,ERR,ERR,ERR,ERR,ERR,ERR,ERR,ERR,ERR,ERR,ERR,ERR,ERR,ERR,ERR,ERR,ERR,ERR,ERR,ERR,ERR,ERR,ERR,ERR,ERR,ERR,ERR,ERR,ERR,ERR,ERR,ERR,ERR,ERR,ERR,ERR,ERR,ERR,ERR,ERR,ERR,ERR,ERR,ERR,ERR,ERR,ERR,ERR,ERR,ERR,ERR,ERR,ERR,ERR,ERR,ERR,ERR,ERR,ERR,ERR,ERR,ERR,ERR,ERR,ERR,ERR,ERR,ERR,ERR,ERR,ERR,ERR,ERR,ERR,ERR,ERR,ERR,ERR,ERR,ERR,ERR,ERR,ERR,ERR,ERR,ERR,ERR,ERR,ERR,ERR,ERR,ERR,ERR,ERR,ERR,ERR,ERR,ERR,0.0,0.0,-134474944.0,0.0,0.0,1.3936040501711995e+18,7.805,0.0,0,0,4,0,8422,0.0,45,0.0,0.0,0.0,0.0,0.0,0,0,0,0,0.0,0,0,0,0,0,0,0,0,0,0,0,0,0,0,0,0,0,0,0,0,0,0,0,0,0,0,0,0,0,0,0,0,0,38,14,7,45,65476,0,300,0,0,8,21553,0.0,-107605600.0,0.0,0.0,0.0,0.0,0.0,0.0,0.0,0.0,0.0,0.0,0.0,0.0,0.0,0.0,0.0,0.0,0.0,0.0,0.0,0.0,0.0,0.0,-2.004,2.004,0.0,0.0,0.0,0.0,5006.0,0.0,0.0,0.0,0.0,0.0,-107615304.0,0.0,0.0,0.0,0.0,53,1.9056979486756045e+17,-3.222002398308886e+26,0.0,0.0,0.0,0.0,0.0,0.0,0.0,0,0,0,0.0,0.0,0.0,0.0,0.0,0.0,0.0,0.0,0.0,0.0,0.0,0.0,0.0,0.0,0.0,0.0,0,-107875648.0,53,0.0,106,-107614832.0,2.7006707062415038e+23,ERR,ERR,ERR,ERR,ERR,ERR,ERR,ERR,ERR,ERR,ERR,ERR,ERR,ERR,ERR,ERR,ERR,ERR,ERR,ERR,ERR,ERR,ERR,ERR,ERR,ERR,ERR,ERR,ERR,ERR,ERR,ERR,ERR,ERR,ERR,ERR,ERR,ERR,ERR,ERR,ERR,ERR,ERR,ERR,ERR,ERR,ERR,ERR,ERR,ERR,ERR,ERR,ERR,ERR,ERR,ERR,ERR,ERR,ERR,ERR,ERR,ERR,ERR,ERR,ERR,ERR,ERR,50.0,60.0,100,0.0,0.0,0.0,0.0,0.0,0.0,0.0,0.0,0.0,0.0,0.0,0.0,0.0,0.0,0.0,0.0,61.6,78,11,65508,50,65476,0,300,0,0,8,20529,65476,0,0,26214,60.0,0.0,0.0,0.0,0.0,0.0
2026-05-17T16:41:34,ERR,ERR,ERR,ERR,ERR,ERR,ERR,ERR,ERR,ERR,ERR,ERR,ERR,ERR,ERR,ERR,ERR,ERR,ERR,ERR,ERR,ERR,ERR,ERR,ERR,ERR,ERR,ERR,ERR,ERR,ERR,ERR,ERR,ERR,ERR,ERR,ERR,ERR,ERR,ERR,ERR,ERR,ERR,ERR,ERR,ERR,ERR,ERR,ERR,ERR,ERR,ERR,ERR,ERR,ERR,ERR,ERR,ERR,ERR,ERR,ERR,ERR,ERR,ERR,ERR,ERR,ERR,ERR,ERR,ERR,ERR,ERR,ERR,ERR,ERR,ERR,ERR,ERR,ERR,ERR,ERR,ERR,ERR,ERR,ERR,ERR,ERR,ERR,ERR,ERR,ERR,ERR,ERR,ERR,ERR,ERR,ERR,ERR,ERR,ERR,ERR,ERR,ERR,ERR,ERR,ERR,ERR,ERR,ERR,ERR,ERR,ERR,ERR,ERR,ERR,ERR,ERR,ERR,ERR,ERR,ERR,ERR,ERR,ERR,ERR,0.0,0.0,-134474944.0,0.0,0.0,1.3936040501711995e+18,7.805,0.0,0,0,4,0,8422,0.0,45,0.0,0.0,0.0,0.0,0.0,0,0,0,0,0.0,0,0,0,0,0,0,0,0,0,0,0,0,0,0,0,0,0,0,0,0,0,0,0,0,0,0,0,0,0,0,0,0,0,38,14,7,45,65476,0,300,0,0,8,21553,0.0,-107605600.0,0.0,0.0,0.0,0.0,0.0,0.0,0.0,0.0,0.0,0.0,0.0,0.0,0.0,0.0,0.0,0.0,0.0,0.0,0.0,0.0,0.0,0.0,-2.004,2.004,0.0,0.0,0.0,0.0,5006.0,0.0,0.0,0.0,0.0,0.0,-107615304.0,0.0,0.0,0.0,0.0,53,1.9056979486756045e+17,-3.222002398308886e+26,0.0,0.0,0.0,0.0,0.0,0.0,0.0,0,0,0,0.0,0.0,0.0,0.0,0.0,0.0,0.0,0.0,0.0,0.0,0.0,0.0,0.0,0.0,0.0,0.0,0,-107875648.0,53,0.0,106,-107614832.0,2.7006707062415038e+23,ERR,ERR,ERR,ERR,ERR,ERR,ERR,ERR,ERR,ERR,ERR,ERR,ERR,ERR,ERR,ERR,ERR,ERR,ERR,ERR,ERR,ERR,ERR,ERR,ERR,ERR,ERR,ERR,ERR,ERR,ERR,ERR,ERR,ERR,ERR,ERR,ERR,ERR,ERR,ERR,ERR,ERR,ERR,ERR,ERR,ERR,ERR,ERR,ERR,ERR,ERR,ERR,ERR,ERR,ERR,ERR,ERR,ERR,ERR,ERR,ERR,ERR,ERR,ERR,ERR,ERR,ERR,50.0,60.0,100,0.0,0.0,0.0,0.0,0.0,0.0,0.0,0.0,0.0,0.0,0.0,0.0,0.0,0.0,0.0,0.0,61.6,78,11,65508,50,65476,0,300,0,0,8,20529,65476,0,0,26214,60.0,0.0,0.0,0.0,0.0,0.0
2026-05-17T16:41:35,ERR,ERR,ERR,ERR,ERR,ERR,ERR,ERR,ERR,ERR,ERR,ERR,ERR,ERR,ERR,ERR,ERR,ERR,ERR,ERR,ERR,ERR,ERR,ERR,ERR,ERR,ERR,ERR,ERR,ERR,ERR,ERR,ERR,ERR,ERR,ERR,ERR,ERR,ERR,ERR,ERR,ERR,ERR,ERR,ERR,ERR,ERR,ERR,ERR,ERR,ERR,ERR,ERR,ERR,ERR,ERR,ERR,ERR,ERR,ERR,ERR,ERR,ERR,ERR,ERR,ERR,ERR,ERR,ERR,ERR,ERR,ERR,ERR,ERR,ERR,ERR,ERR,ERR,ERR,ERR,ERR,ERR,ERR,ERR,ERR,ERR,ERR,ERR,ERR,ERR,ERR,ERR,ERR,ERR,ERR,ERR,ERR,ERR,ERR,ERR,ERR,ERR,ERR,ERR,ERR,ERR,ERR,ERR,ERR,ERR,ERR,ERR,ERR,ERR,ERR,ERR,ERR,ERR,ERR,ERR,ERR,ERR,ERR,ERR,ERR,0.0,0.0,-134474944.0,0.0,0.0,1.3936040501711995e+18,7.805,0.0,0,0,4,0,8422,0.0,45,0.0,0.0,0.0,0.0,0.0,0,0,0,0,0.0,0,0,0,0,0,0,0,0,0,0,0,0,0,0,0,0,0,0,0,0,0,0,0,0,0,0,0,0,0,0,0,0,0,38,14,7,45,65476,0,300,0,0,8,21553,0.0,-107605600.0,0.0,0.0,0.0,0.0,0.0,0.0,0.0,0.0,0.0,0.0,0.0,0.0,0.0,0.0,0.0,0.0,0.0,0.0,0.0,0.0,0.0,0.0,-2.004,2.004,0.0,0.0,0.0,0.0,5006.0,0.0,0.0,0.0,0.0,0.0,-107615304.0,0.0,0.0,0.0,0.0,53,1.9056979486756045e+17,-3.222002398308886e+26,0.0,0.0,0.0,0.0,0.0,0.0,0.0,0,0,0,0.0,0.0,0.0,0.0,0.0,0.0,0.0,0.0,0.0,0.0,0.0,0.0,0.0,0.0,0.0,0.0,0,-107875648.0,53,0.0,106,-107614832.0,2.7006707062415038e+23,ERR,ERR,ERR,ERR,ERR,ERR,ERR,ERR,ERR,ERR,ERR,ERR,ERR,ERR,ERR,ERR,ERR,ERR,ERR,ERR,ERR,ERR,ERR,ERR,ERR,ERR,ERR,ERR,ERR,ERR,ERR,ERR,ERR,ERR,ERR,ERR,ERR,ERR,ERR,ERR,ERR,ERR,ERR,ERR,ERR,ERR,ERR,ERR,ERR,ERR,ERR,ERR,ERR,ERR,ERR,ERR,ERR,ERR,ERR,ERR,ERR,ERR,ERR,ERR,ERR,ERR,ERR,50.0,60.0,100,0.0,0.0,0.0,0.0,0.0,0.0,0.0,0.0,0.0,0.0,0.0,0.0,0.0,0.0,0.0,0.0,61.6,78,11,65508,50,65476,0,300,0,0,8,20529,65476,0,0,26214,60.0,0.0,0.0,0.0,0.0,0.0
2026-05-17T16:41:36,ERR,ERR,ERR,ERR,ERR,ERR,ERR,ERR,ERR,ERR,ERR,ERR,ERR,ERR,ERR,ERR,ERR,ERR,ERR,ERR,ERR,ERR,ERR,ERR,ERR,ERR,ERR,ERR,ERR,ERR,ERR,ERR,ERR,ERR,ERR,ERR,ERR,ERR,ERR,ERR,ERR,ERR,ERR,ERR,ERR,ERR,ERR,ERR,ERR,ERR,ERR,ERR,ERR,ERR,ERR,ERR,ERR,ERR,ERR,ERR,ERR,ERR,ERR,ERR,ERR,ERR,ERR,ERR,ERR,ERR,ERR,ERR,ERR,ERR,ERR,ERR,ERR,ERR,ERR,ERR,ERR,ERR,ERR,ERR,ERR,ERR,ERR,ERR,ERR,ERR,ERR,ERR,ERR,ERR,ERR,ERR,ERR,ERR,ERR,ERR,ERR,ERR,ERR,ERR,ERR,ERR,ERR,ERR,ERR,ERR,ERR,ERR,ERR,ERR,ERR,ERR,ERR,ERR,ERR,ERR,ERR,ERR,ERR,ERR,ERR,0.0,0.0,-134474944.0,0.0,0.0,1.3936040501711995e+18,7.805,0.0,0,0,4,0,8422,0.0,45,0.0,0.0,0.0,0.0,0.0,0,0,0,0,0.0,0,0,0,0,0,0,0,0,0,0,0,0,0,0,0,0,0,0,0,0,0,0,0,0,0,0,0,0,0,0,0,0,0,38,14,7,45,65476,0,300,0,0,8,21553,0.0,-107605600.0,0.0,0.0,0.0,0.0,0.0,0.0,0.0,0.0,0.0,0.0,0.0,0.0,0.0,0.0,0.0,0.0,0.0,0.0,0.0,0.0,0.0,0.0,-2.004,2.004,0.0,0.0,0.0,0.0,5004.0,-8608182272.0,0.0,0.0,0.0,0.0,-107615304.0,0.0,0.0,0.0,0.0,53,126841110528.0,-0.0,0.0,0.0,0.0,0.0,0.0,0.0,0.0,0,0,0,0.0,0.0,0.0,0.0,0.0,0.0,0.0,0.0,0.0,0.0,0.0,0.0,0.0,0.0,0.0,0.0,0,-107875648.0,53,0.0,106,-107614832.0,2.7006707062415038e+23,ERR,ERR,ERR,ERR,ERR,ERR,ERR,ERR,ERR,ERR,ERR,ERR,ERR,ERR,ERR,ERR,ERR,ERR,ERR,ERR,ERR,ERR,ERR,ERR,ERR,ERR,ERR,ERR,ERR,ERR,ERR,ERR,ERR,ERR,ERR,ERR,ERR,ERR,ERR,ERR,ERR,ERR,ERR,ERR,ERR,ERR,ERR,ERR,ERR,ERR,ERR,ERR,ERR,ERR,ERR,ERR,ERR,ERR,ERR,ERR,ERR,ERR,ERR,ERR,ERR,ERR,ERR,50.0,60.0,100,0.0,0.0,0.0,0.0,0.0,0.0,0.0,0.0,0.0,0.0,0.0,0.0,0.0,0.0,0.0,0.0,61.6,78,11,65508,50,65476,0,300,0,0,8,20529,65476,0,0,26214,60.0,0.0,0.0,0.0,0.0,0.0
2026-05-17T16:41:37,ERR,ERR,ERR,ERR,ERR,ERR,ERR,ERR,ERR,ERR,ERR,ERR,ERR,ERR,ERR,ERR,ERR,ERR,ERR,ERR,ERR,ERR,ERR,ERR,ERR,ERR,ERR,ERR,ERR,ERR,ERR,ERR,ERR,ERR,ERR,ERR,ERR,ERR,ERR,ERR,ERR,ERR,ERR,ERR,ERR,ERR,ERR,ERR,ERR,ERR,ERR,ERR,ERR,ERR,ERR,ERR,ERR,ERR,ERR,ERR,ERR,ERR,ERR,ERR,ERR,ERR,ERR,ERR,ERR,ERR,ERR,ERR,ERR,ERR,ERR,ERR,ERR,ERR,ERR,ERR,ERR,ERR,ERR,ERR,ERR,ERR,ERR,ERR,ERR,ERR,ERR,ERR,ERR,ERR,ERR,ERR,ERR,ERR,ERR,ERR,ERR,ERR,ERR,ERR,ERR,ERR,ERR,ERR,ERR,ERR,ERR,ERR,ERR,ERR,ERR,ERR,ERR,ERR,ERR,ERR,ERR,ERR,ERR,ERR,ERR,0.0,0.0,-134474944.0,0.0,0.0,1.3936040501711995e+18,7.805,0.0,0,0,4,0,8422,0.0,45,0.0,0.0,0.0,0.0,0.0,0,0,0,0,0.0,0,0,0,0,0,0,0,0,0,0,0,0,0,0,0,0,0,0,0,0,0,0,0,0,0,0,0,0,0,0,0,0,0,38,14,7,45,65476,0,300,0,0,8,21553,0.0,-107605600.0,0.0,0.0,0.0,0.0,0.0,0.0,0.0,0.0,0.0,0.0,0.0,0.0,0.0,0.0,0.0,0.0,0.0,0.0,0.0,0.0,0.0,0.0,-2.004,2.004,0.0,0.0,0.0,0.0,5004.0,-8608182272.0,0.0,0.0,0.0,0.0,-107615304.0,0.0,0.0,0.0,0.0,53,126841110528.0,-0.0,0.0,0.0,0.0,0.0,0.0,0.0,0.0,0,0,0,0.0,0.0,0.0,0.0,0.0,0.0,0.0,0.0,0.0,0.0,0.0,0.0,0.0,0.0,0.0,0.0,0,-107875648.0,53,0.0,106,-107614832.0,2.7006707062415038e+23,ERR,ERR,ERR,ERR,ERR,ERR,ERR,ERR,ERR,ERR,ERR,ERR,ERR,ERR,ERR,ERR,ERR,ERR,ERR,ERR,ERR,ERR,ERR,ERR,ERR,ERR,ERR,ERR,ERR,ERR,ERR,ERR,ERR,ERR,ERR,ERR,ERR,ERR,ERR,ERR,ERR,ERR,ERR,ERR,ERR,ERR,ERR,ERR,ERR,ERR,ERR,ERR,ERR,ERR,ERR,ERR,ERR,ERR,ERR,ERR,ERR,ERR,ERR,ERR,ERR,ERR,ERR,50.0,60.0,100,0.0,0.0,0.0,0.0,0.0,0.0,0.0,0.0,0.0,0.0,0.0,0.0,0.0,0.0,0.0,0.0,61.6,78,11,65508,50,65476,0,300,0,0,8,20529,65476,0,0,26214,60.0,0.0,0.0,0.0,0.0,0.0
2026-05-17T16:41:38,ERR,ERR,ERR,ERR,ERR,ERR,ERR,ERR,ERR,ERR,ERR,ERR,ERR,ERR,ERR,ERR,ERR,ERR,ERR,ERR,ERR,ERR,ERR,ERR,ERR,ERR,ERR,ERR,ERR,ERR,ERR,ERR,ERR,ERR,ERR,ERR,ERR,ERR,ERR,ERR,ERR,ERR,ERR,ERR,ERR,ERR,ERR,ERR,ERR,ERR,ERR,ERR,ERR,ERR,ERR,ERR,ERR,ERR,ERR,ERR,ERR,ERR,ERR,ERR,ERR,ERR,ERR,ERR,ERR,ERR,ERR,ERR,ERR,ERR,ERR,ERR,ERR,ERR,ERR,ERR,ERR,ERR,ERR,ERR,ERR,ERR,ERR,ERR,ERR,ERR,ERR,ERR,ERR,ERR,ERR,ERR,ERR,ERR,ERR,ERR,ERR,ERR,ERR,ERR,ERR,ERR,ERR,ERR,ERR,ERR,ERR,ERR,ERR,ERR,ERR,ERR,ERR,ERR,ERR,ERR,ERR,ERR,ERR,ERR,ERR,0.0,0.0,-134474944.0,0.0,0.0,1.3936040501711995e+18,7.805,0.0,0,0,4,0,8422,0.0,45,0.0,0.0,0.0,0.0,0.0,0,0,0,0,0.0,0,0,0,0,0,0,0,0,0,0,0,0,0,0,0,0,0,0,0,0,0,0,0,0,0,0,0,0,0,0,0,0,0,38,14,7,45,65476,0,300,0,0,8,21553,0.0,-107605600.0,0.0,0.0,0.0,0.0,0.0,0.0,0.0,0.0,0.0,0.0,0.0,0.0,0.0,0.0,0.0,0.0,0.0,0.0,0.0,0.0,0.0,0.0,-2.004,2.004,0.0,0.0,0.0,0.0,5004.0,-8608182272.0,0.0,0.0,0.0,0.0,-107615304.0,0.0,0.0,0.0,0.0,53,126841110528.0,-0.0,0.0,0.0,0.0,0.0,0.0,0.0,0.0,0,0,0,0.0,0.0,0.0,0.0,0.0,0.0,0.0,0.0,0.0,0.0,0.0,0.0,0.0,0.0,0.0,0.0,0,-107875648.0,53,0.0,106,-107614832.0,2.7006707062415038e+23,ERR,ERR,ERR,ERR,ERR,ERR,ERR,ERR,ERR,ERR,ERR,ERR,ERR,ERR,ERR,ERR,ERR,ERR,ERR,ERR,ERR,ERR,ERR,ERR,ERR,ERR,ERR,ERR,ERR,ERR,ERR,ERR,ERR,ERR,ERR,ERR,ERR,ERR,ERR,ERR,ERR,ERR,ERR,ERR,ERR,ERR,ERR,ERR,ERR,ERR,ERR,ERR,ERR,ERR,ERR,ERR,ERR,ERR,ERR,ERR,ERR,ERR,ERR,ERR,ERR,ERR,ERR,50.0,60.0,100,0.0,0.0,0.0,0.0,0.0,0.0,0.0,0.0,0.0,0.0,0.0,0.0,0.0,0.0,0.0,0.0,61.6,78,11,65508,50,65476,0,300,0,0,8,20529,65476,0,0,26214,60.0,0.0,0.0,0.0,0.0,0.0
2026-05-17T16:41:39,ERR,ERR,ERR,ERR,ERR,ERR,ERR,ERR,ERR,ERR,ERR,ERR,ERR,ERR,ERR,ERR,ERR,ERR,ERR,ERR,ERR,ERR,ERR,ERR,ERR,ERR,ERR,ERR,ERR,ERR,ERR,ERR,ERR,ERR,ERR,ERR,ERR,ERR,ERR,ERR,ERR,ERR,ERR,ERR,ERR,ERR,ERR,ERR,ERR,ERR,ERR,ERR,ERR,ERR,ERR,ERR,ERR,ERR,ERR,ERR,ERR,ERR,ERR,ERR,ERR,ERR,ERR,ERR,ERR,ERR,ERR,ERR,ERR,ERR,ERR,ERR,ERR,ERR,ERR,ERR,ERR,ERR,ERR,ERR,ERR,ERR,ERR,ERR,ERR,ERR,ERR,ERR,ERR,ERR,ERR,ERR,ERR,ERR,ERR,ERR,ERR,ERR,ERR,ERR,ERR,ERR,ERR,ERR,ERR,ERR,ERR,ERR,ERR,ERR,ERR,ERR,ERR,ERR,ERR,ERR,ERR,ERR,ERR,ERR,ERR,0.0,0.0,-134474944.0,0.0,0.0,1.3936040501711995e+18,7.805,0.0,0,0,4,0,8422,0.0,45,0.0,0.0,0.0,0.0,0.0,0,0,0,0,0.0,0,0,0,0,0,0,0,0,0,0,0,0,0,0,0,0,0,0,0,0,0,0,0,0,0,0,0,0,0,0,0,0,0,38,14,7,45,65476,0,300,0,0,8,21553,0.0,-107605600.0,0.0,0.0,0.0,0.0,0.0,0.0,0.0,0.0,0.0,0.0,0.0,0.0,0.0,0.0,0.0,0.0,0.0,0.0,0.0,0.0,0.0,0.0,-2.004,2.004,0.0,0.0,0.0,0.0,5004.0,-8608182272.0,0.0,0.0,0.0,0.0,-107615304.0,0.0,0.0,0.0,0.0,53,126841110528.0,-0.0,0.0,0.0,0.0,0.0,0.0,0.0,0.0,0,0,0,0.0,0.0,0.0,0.0,0.0,0.0,0.0,0.0,0.0,0.0,0.0,0.0,0.0,0.0,0.0,0.0,0,-107875648.0,53,0.0,106,-107614832.0,2.7006707062415038e+23,ERR,ERR,ERR,ERR,ERR,ERR,ERR,ERR,ERR,ERR,ERR,ERR,ERR,ERR,ERR,ERR,ERR,ERR,ERR,ERR,ERR,ERR,ERR,ERR,ERR,ERR,ERR,ERR,ERR,ERR,ERR,ERR,ERR,ERR,ERR,ERR,ERR,ERR,ERR,ERR,ERR,ERR,ERR,ERR,ERR,ERR,ERR,ERR,ERR,ERR,ERR,ERR,ERR,ERR,ERR,ERR,ERR,ERR,ERR,ERR,ERR,ERR,ERR,ERR,ERR,ERR,ERR,50.0,60.0,100,0.0,0.0,0.0,0.0,0.0,0.0,0.0,0.0,0.0,0.0,0.0,0.0,0.0,0.0,0.0,0.0,61.6,78,11,65508,50,65476,0,300,0,0,8,20529,65476,0,0,26214,60.0,0.0,0.0,0.0,0.0,0.0
2026-05-17T16:41:40,ERR,ERR,ERR,ERR,ERR,ERR,ERR,ERR,ERR,ERR,ERR,ERR,ERR,ERR,ERR,ERR,ERR,ERR,ERR,ERR,ERR,ERR,ERR,ERR,ERR,ERR,ERR,ERR,ERR,ERR,ERR,ERR,ERR,ERR,ERR,ERR,ERR,ERR,ERR,ERR,ERR,ERR,ERR,ERR,ERR,ERR,ERR,ERR,ERR,ERR,ERR,ERR,ERR,ERR,ERR,ERR,ERR,ERR,ERR,ERR,ERR,ERR,ERR,ERR,ERR,ERR,ERR,ERR,ERR,ERR,ERR,ERR,ERR,ERR,ERR,ERR,ERR,ERR,ERR,ERR,ERR,ERR,ERR,ERR,ERR,ERR,ERR,ERR,ERR,ERR,ERR,ERR,ERR,ERR,ERR,ERR,ERR,ERR,ERR,ERR,ERR,ERR,ERR,ERR,ERR,ERR,ERR,ERR,ERR,ERR,ERR,ERR,ERR,ERR,ERR,ERR,ERR,ERR,ERR,ERR,ERR,ERR,ERR,ERR,ERR,0.0,0.0,-134474944.0,0.0,0.0,1.3936040501711995e+18,7.805,0.0,0,0,4,0,8422,0.0,45,0.0,0.0,0.0,0.0,0.0,0,0,0,0,0.0,0,0,0,0,0,0,0,0,0,0,0,0,0,0,0,0,0,0,0,0,0,0,0,0,0,0,0,0,0,0,0,0,0,38,14,7,45,65476,0,300,0,0,8,21553,0.0,-107605600.0,0.0,0.0,0.0,0.0,0.0,0.0,0.0,0.0,0.0,0.0,0.0,0.0,0.0,0.0,0.0,0.0,0.0,0.0,0.0,0.0,0.0,0.0,-2.004,2.004,0.0,0.0,0.0,0.0,5004.0,-8608182272.0,0.0,0.0,0.0,0.0,-107615304.0,0.0,0.0,0.0,0.0,53,126841110528.0,-0.0,0.0,0.0,0.0,0.0,0.0,0.0,0.0,0,0,0,0.0,0.0,0.0,0.0,0.0,0.0,0.0,0.0,0.0,0.0,0.0,0.0,0.0,0.0,0.0,0.0,0,-107875648.0,53,0.0,106,-107614832.0,2.7006707062415038e+23,ERR,ERR,ERR,ERR,ERR,ERR,ERR,ERR,ERR,ERR,ERR,ERR,ERR,ERR,ERR,ERR,ERR,ERR,ERR,ERR,ERR,ERR,ERR,ERR,ERR,ERR,ERR,ERR,ERR,ERR,ERR,ERR,ERR,ERR,ERR,ERR,ERR,ERR,ERR,ERR,ERR,ERR,ERR,ERR,ERR,ERR,ERR,ERR,ERR,ERR,ERR,ERR,ERR,ERR,ERR,ERR,ERR,ERR,ERR,ERR,ERR,ERR,ERR,ERR,ERR,ERR,ERR,50.0,60.0,100,0.0,0.0,0.0,0.0,0.0,0.0,0.0,0.0,0.0,0.0,0.0,0.0,0.0,0.0,0.0,0.0,62.0,78,11,65508,50,65476,0,300,0,0,8,20529,65476,0,0,26214,60.0,0.0,0.0,0.0,0.0,0.0
2026-05-17T16:41:41,ERR,ERR,ERR,ERR,ERR,ERR,ERR,ERR,ERR,ERR,ERR,ERR,ERR,ERR,ERR,ERR,ERR,ERR,ERR,ERR,ERR,ERR,ERR,ERR,ERR,ERR,ERR,ERR,ERR,ERR,ERR,ERR,ERR,ERR,ERR,ERR,ERR,ERR,ERR,ERR,ERR,ERR,ERR,ERR,ERR,ERR,ERR,ERR,ERR,ERR,ERR,ERR,ERR,ERR,ERR,ERR,ERR,ERR,ERR,ERR,ERR,ERR,ERR,ERR,ERR,ERR,ERR,ERR,ERR,ERR,ERR,ERR,ERR,ERR,ERR,ERR,ERR,ERR,ERR,ERR,ERR,ERR,ERR,ERR,ERR,ERR,ERR,ERR,ERR,ERR,ERR,ERR,ERR,ERR,ERR,ERR,ERR,ERR,ERR,ERR,ERR,ERR,ERR,ERR,ERR,ERR,ERR,ERR,ERR,ERR,ERR,ERR,ERR,ERR,ERR,ERR,ERR,ERR,ERR,ERR,ERR,ERR,ERR,ERR,ERR,0.0,0.0,-134474944.0,0.0,0.0,1.3936040501711995e+18,7.805,0.0,0,0,4,0,8422,0.0,45,0.0,0.0,0.0,0.0,0.0,0,0,0,0,0.0,0,0,0,0,0,0,0,0,0,0,0,0,0,0,0,0,0,0,0,0,0,0,0,0,0,0,0,0,0,0,0,0,0,38,14,7,45,65476,0,300,0,0,8,21553,0.0,-107605600.0,0.0,0.0,0.0,0.0,0.0,0.0,0.0,0.0,0.0,0.0,0.0,0.0,0.0,0.0,0.0,0.0,0.0,0.0,0.0,0.0,0.0,0.0,-2.004,2.004,0.0,0.0,0.0,0.0,5044.0,131350.453,0.0,0.0,0.0,0.0,-107615304.0,0.0,0.0,0.0,0.0,53,5.848083413016271e+35,126840545280.0,0.0,0.0,0.0,0.0,0.0,0.0,0.0,0,0,0,0.0,0.0,0.0,0.0,0.0,0.0,0.0,0.0,0.0,0.0,0.0,0.0,0.0,0.0,0.0,0.0,0,-107875648.0,53,0.0,106,-107614832.0,2.7006707062415038e+23,ERR,ERR,ERR,ERR,ERR,ERR,ERR,ERR,ERR,ERR,ERR,ERR,ERR,ERR,ERR,ERR,ERR,ERR,ERR,ERR,ERR,ERR,ERR,ERR,ERR,ERR,ERR,ERR,ERR,ERR,ERR,ERR,ERR,ERR,ERR,ERR,ERR,ERR,ERR,ERR,ERR,ERR,ERR,ERR,ERR,ERR,ERR,ERR,ERR,ERR,ERR,ERR,ERR,ERR,ERR,ERR,ERR,ERR,ERR,ERR,ERR,ERR,ERR,ERR,ERR,ERR,ERR,50.0,60.0,100,0.0,0.0,0.0,0.0,0.0,0.0,0.0,0.0,0.0,0.0,0.0,0.0,0.0,0.0,0.0,0.0,61.6,78,11,65508,50,65476,0,300,0,0,8,20529,65476,0,0,26214,60.0,0.0,0.0,0.0,0.0,0.0
2026-05-17T16:41:42,ERR,ERR,ERR,ERR,ERR,ERR,ERR,ERR,ERR,ERR,ERR,ERR,ERR,ERR,ERR,ERR,ERR,ERR,ERR,ERR,ERR,ERR,ERR,ERR,ERR,ERR,ERR,ERR,ERR,ERR,ERR,ERR,ERR,ERR,ERR,ERR,ERR,ERR,ERR,ERR,ERR,ERR,ERR,ERR,ERR,ERR,ERR,ERR,ERR,ERR,ERR,ERR,ERR,ERR,ERR,ERR,ERR,ERR,ERR,ERR,ERR,ERR,ERR,ERR,ERR,ERR,ERR,ERR,ERR,ERR,ERR,ERR,ERR,ERR,ERR,ERR,ERR,ERR,ERR,ERR,ERR,ERR,ERR,ERR,ERR,ERR,ERR,ERR,ERR,ERR,ERR,ERR,ERR,ERR,ERR,ERR,ERR,ERR,ERR,ERR,ERR,ERR,ERR,ERR,ERR,ERR,ERR,ERR,ERR,ERR,ERR,ERR,ERR,ERR,ERR,ERR,ERR,ERR,ERR,ERR,ERR,ERR,ERR,ERR,ERR,0.0,0.0,-134474944.0,0.0,0.0,1.3936040501711995e+18,7.805,0.0,0,0,4,0,8422,0.0,45,0.0,0.0,0.0,0.0,0.0,0,0,0,0,0.0,0,0,0,0,0,0,0,0,0,0,0,0,0,0,0,0,0,0,0,0,0,0,0,0,0,0,0,0,0,0,0,0,0,38,14,7,45,65476,0,300,0,0,8,21553,0.0,-107605600.0,0.0,0.0,0.0,0.0,0.0,0.0,0.0,0.0,0.0,0.0,0.0,0.0,0.0,0.0,0.0,0.0,0.0,0.0,0.0,0.0,0.0,0.0,-2.004,2.004,0.0,0.0,0.0,0.0,5044.0,131350.453,0.0,0.0,0.0,0.0,-107615304.0,0.0,0.0,0.0,0.0,53,5.848083413016271e+35,126840545280.0,0.0,0.0,0.0,0.0,0.0,0.0,0.0,0,0,0,0.0,0.0,0.0,0.0,0.0,0.0,0.0,0.0,0.0,0.0,0.0,0.0,0.0,0.0,0.0,0.0,0,-107875648.0,53,0.0,106,-107614832.0,2.7006707062415038e+23,ERR,ERR,ERR,ERR,ERR,ERR,ERR,ERR,ERR,ERR,ERR,ERR,ERR,ERR,ERR,ERR,ERR,ERR,ERR,ERR,ERR,ERR,ERR,ERR,ERR,ERR,ERR,ERR,ERR,ERR,ERR,ERR,ERR,ERR,ERR,ERR,ERR,ERR,ERR,ERR,ERR,ERR,ERR,ERR,ERR,ERR,ERR,ERR,ERR,ERR,ERR,ERR,ERR,ERR,ERR,ERR,ERR,ERR,ERR,ERR,ERR,ERR,ERR,ERR,ERR,ERR,ERR,50.0,60.0,100,0.0,0.0,0.0,0.0,0.0,0.0,0.0,0.0,0.0,0.0,0.0,0.0,0.0,0.0,0.0,0.0,61.6,78,11,65508,50,65476,0,300,0,0,8,20529,65476,0,0,26214,60.0,0.0,0.0,0.0,0.0,0.0
2026-05-17T16:41:43,ERR,ERR,ERR,ERR,ERR,ERR,ERR,ERR,ERR,ERR,ERR,ERR,ERR,ERR,ERR,ERR,ERR,ERR,ERR,ERR,ERR,ERR,ERR,ERR,ERR,ERR,ERR,ERR,ERR,ERR,ERR,ERR,ERR,ERR,ERR,ERR,ERR,ERR,ERR,ERR,ERR,ERR,ERR,ERR,ERR,ERR,ERR,ERR,ERR,ERR,ERR,ERR,ERR,ERR,ERR,ERR,ERR,ERR,ERR,ERR,ERR,ERR,ERR,ERR,ERR,ERR,ERR,ERR,ERR,ERR,ERR,ERR,ERR,ERR,ERR,ERR,ERR,ERR,ERR,ERR,ERR,ERR,ERR,ERR,ERR,ERR,ERR,ERR,ERR,ERR,ERR,ERR,ERR,ERR,ERR,ERR,ERR,ERR,ERR,ERR,ERR,ERR,ERR,ERR,ERR,ERR,ERR,ERR,ERR,ERR,ERR,ERR,ERR,ERR,ERR,ERR,ERR,ERR,ERR,ERR,ERR,ERR,ERR,ERR,ERR,0.0,0.0,-134474944.0,0.0,0.0,1.3936040501711995e+18,7.805,0.0,0,0,4,0,8422,0.0,45,0.0,0.0,0.0,0.0,0.0,0,0,0,0,0.0,0,0,0,0,0,0,0,0,0,0,0,0,0,0,0,0,0,0,0,0,0,0,0,0,0,0,0,0,0,0,0,0,0,38,14,7,45,65476,0,300,0,0,8,21553,0.0,-107605600.0,0.0,0.0,0.0,0.0,0.0,0.0,0.0,0.0,0.0,0.0,0.0,0.0,0.0,0.0,0.0,0.0,0.0,0.0,0.0,0.0,0.0,0.0,-2.004,2.004,0.0,0.0,0.0,0.0,5044.0,131350.453,0.0,0.0,0.0,0.0,-107615304.0,0.0,0.0,0.0,0.0,53,5.848083413016271e+35,126840545280.0,0.0,0.0,0.0,0.0,0.0,0.0,0.0,0,0,0,0.0,0.0,0.0,0.0,0.0,0.0,0.0,0.0,0.0,0.0,0.0,0.0,0.0,0.0,0.0,0.0,0,-107875648.0,53,0.0,106,-107614832.0,2.7006707062415038e+23,ERR,ERR,ERR,ERR,ERR,ERR,ERR,ERR,ERR,ERR,ERR,ERR,ERR,ERR,ERR,ERR,ERR,ERR,ERR,ERR,ERR,ERR,ERR,ERR,ERR,ERR,ERR,ERR,ERR,ERR,ERR,ERR,ERR,ERR,ERR,ERR,ERR,ERR,ERR,ERR,ERR,ERR,ERR,ERR,ERR,ERR,ERR,ERR,ERR,ERR,ERR,ERR,ERR,ERR,ERR,ERR,ERR,ERR,ERR,ERR,ERR,ERR,ERR,ERR,ERR,ERR,ERR,50.0,60.0,100,0.0,0.0,0.0,0.0,0.0,0.0,0.0,0.0,0.0,0.0,0.0,0.0,0.0,0.0,0.0,0.0,62.0,78,11,65508,50,65476,0,300,0,0,8,20529,65476,0,0,26214,60.0,0.0,0.0,0.0,0.0,0.0
2026-05-17T16:41:44,ERR,ERR,ERR,ERR,ERR,ERR,ERR,ERR,ERR,ERR,ERR,ERR,ERR,ERR,ERR,ERR,ERR,ERR,ERR,ERR,ERR,ERR,ERR,ERR,ERR,ERR,ERR,ERR,ERR,ERR,ERR,ERR,ERR,ERR,ERR,ERR,ERR,ERR,ERR,ERR,ERR,ERR,ERR,ERR,ERR,ERR,ERR,ERR,ERR,ERR,ERR,ERR,ERR,ERR,ERR,ERR,ERR,ERR,ERR,ERR,ERR,ERR,ERR,ERR,ERR,ERR,ERR,ERR,ERR,ERR,ERR,ERR,ERR,ERR,ERR,ERR,ERR,ERR,ERR,ERR,ERR,ERR,ERR,ERR,ERR,ERR,ERR,ERR,ERR,ERR,ERR,ERR,ERR,ERR,ERR,ERR,ERR,ERR,ERR,ERR,ERR,ERR,ERR,ERR,ERR,ERR,ERR,ERR,ERR,ERR,ERR,ERR,ERR,ERR,ERR,ERR,ERR,ERR,ERR,ERR,ERR,ERR,ERR,ERR,ERR,0.0,0.0,-134474944.0,0.0,0.0,1.3936040501711995e+18,7.805,0.0,0,0,4,0,8422,0.0,45,0.0,0.0,0.0,0.0,0.0,0,0,0,0,0.0,0,0,0,0,0,0,0,0,0,0,0,0,0,0,0,0,0,0,0,0,0,0,0,0,0,0,0,0,0,0,0,0,0,38,14,7,45,65476,0,300,0,0,8,21553,0.0,-107605600.0,0.0,0.0,0.0,0.0,0.0,0.0,0.0,0.0,0.0,0.0,0.0,0.0,0.0,0.0,0.0,0.0,0.0,0.0,0.0,0.0,0.0,0.0,-2.004,2.004,0.0,0.0,0.0,0.0,5044.0,131350.453,0.0,0.0,0.0,0.0,-107615304.0,0.0,0.0,0.0,0.0,53,5.848083413016271e+35,126840545280.0,0.0,0.0,0.0,0.0,0.0,0.0,0.0,0,0,0,0.0,0.0,0.0,0.0,0.0,0.0,0.0,0.0,0.0,0.0,0.0,0.0,0.0,0.0,0.0,0.0,0,-107875648.0,53,0.0,106,-107614832.0,2.7006707062415038e+23,ERR,ERR,ERR,ERR,ERR,ERR,ERR,ERR,ERR,ERR,ERR,ERR,ERR,ERR,ERR,ERR,ERR,ERR,ERR,ERR,ERR,ERR,ERR,ERR,ERR,ERR,ERR,ERR,ERR,ERR,ERR,ERR,ERR,ERR,ERR,ERR,ERR,ERR,ERR,ERR,ERR,ERR,ERR,ERR,ERR,ERR,ERR,ERR,ERR,ERR,ERR,ERR,ERR,ERR,ERR,ERR,ERR,ERR,ERR,ERR,ERR,ERR,ERR,ERR,ERR,ERR,ERR,50.0,60.0,100,0.0,0.0,0.0,0.0,0.0,0.0,0.0,0.0,0.0,0.0,0.0,0.0,0.0,0.0,0.0,0.0,62.0,78,11,65508,50,65476,0,300,0,0,8,20529,65476,0,0,26214,60.0,0.0,0.0,0.0,0.0,0.0
2026-05-17T16:41:45,ERR,ERR,ERR,ERR,ERR,ERR,ERR,ERR,ERR,ERR,ERR,ERR,ERR,ERR,ERR,ERR,ERR,ERR,ERR,ERR,ERR,ERR,ERR,ERR,ERR,ERR,ERR,ERR,ERR,ERR,ERR,ERR,ERR,ERR,ERR,ERR,ERR,ERR,ERR,ERR,ERR,ERR,ERR,ERR,ERR,ERR,ERR,ERR,ERR,ERR,ERR,ERR,ERR,ERR,ERR,ERR,ERR,ERR,ERR,ERR,ERR,ERR,ERR,ERR,ERR,ERR,ERR,ERR,ERR,ERR,ERR,ERR,ERR,ERR,ERR,ERR,ERR,ERR,ERR,ERR,ERR,ERR,ERR,ERR,ERR,ERR,ERR,ERR,ERR,ERR,ERR,ERR,ERR,ERR,ERR,ERR,ERR,ERR,ERR,ERR,ERR,ERR,ERR,ERR,ERR,ERR,ERR,ERR,ERR,ERR,ERR,ERR,ERR,ERR,ERR,ERR,ERR,ERR,ERR,ERR,ERR,ERR,ERR,ERR,ERR,0.0,0.0,-134474944.0,0.0,0.0,1.3936040501711995e+18,7.805,0.0,0,0,4,0,8422,0.0,45,0.0,0.0,0.0,0.0,0.0,0,0,0,0,0.0,0,0,0,0,0,0,0,0,0,0,0,0,0,0,0,0,0,0,0,0,0,0,0,0,0,0,0,0,0,0,0,0,0,38,14,7,45,65476,0,300,0,0,8,21553,0.0,-107605600.0,0.0,0.0,0.0,0.0,0.0,0.0,0.0,0.0,0.0,0.0,0.0,0.0,0.0,0.0,0.0,0.0,0.0,0.0,0.0,0.0,0.0,0.0,-2.004,2.004,0.0,0.0,0.0,0.0,5044.0,131350.453,0.0,0.0,0.0,0.0,-107615304.0,0.0,0.0,0.0,0.0,53,5.848083413016271e+35,126840545280.0,0.0,0.0,0.0,0.0,0.0,0.0,0.0,0,0,0,0.0,0.0,0.0,0.0,0.0,0.0,0.0,0.0,0.0,0.0,0.0,0.0,0.0,0.0,0.0,0.0,0,-107875648.0,53,0.0,106,-107614832.0,2.7006707062415038e+23,ERR,ERR,ERR,ERR,ERR,ERR,ERR,ERR,ERR,ERR,ERR,ERR,ERR,ERR,ERR,ERR,ERR,ERR,ERR,ERR,ERR,ERR,ERR,ERR,ERR,ERR,ERR,ERR,ERR,ERR,ERR,ERR,ERR,ERR,ERR,ERR,ERR,ERR,ERR,ERR,ERR,ERR,ERR,ERR,ERR,ERR,ERR,ERR,ERR,ERR,ERR,ERR,ERR,ERR,ERR,ERR,ERR,ERR,ERR,ERR,ERR,ERR,ERR,ERR,ERR,ERR,ERR,50.0,60.0,100,0.0,0.0,0.0,0.0,0.0,0.0,0.0,0.0,0.0,0.0,0.0,0.0,0.0,0.0,0.0,0.0,61.6,78,11,65508,50,65476,0,300,0,0,8,20529,65476,0,0,26214,60.0,0.0,0.0,0.0,0.0,0.0
2026-05-17T16:41:46,ERR,ERR,ERR,ERR,ERR,ERR,ERR,ERR,ERR,ERR,ERR,ERR,ERR,ERR,ERR,ERR,ERR,ERR,ERR,ERR,ERR,ERR,ERR,ERR,ERR,ERR,ERR,ERR,ERR,ERR,ERR,ERR,ERR,ERR,ERR,ERR,ERR,ERR,ERR,ERR,ERR,ERR,ERR,ERR,ERR,ERR,ERR,ERR,ERR,ERR,ERR,ERR,ERR,ERR,ERR,ERR,ERR,ERR,ERR,ERR,ERR,ERR,ERR,ERR,ERR,ERR,ERR,ERR,ERR,ERR,ERR,ERR,ERR,ERR,ERR,ERR,ERR,ERR,ERR,ERR,ERR,ERR,ERR,ERR,ERR,ERR,ERR,ERR,ERR,ERR,ERR,ERR,ERR,ERR,ERR,ERR,ERR,ERR,ERR,ERR,ERR,ERR,ERR,ERR,ERR,ERR,ERR,ERR,ERR,ERR,ERR,ERR,ERR,ERR,ERR,ERR,ERR,ERR,ERR,ERR,ERR,ERR,ERR,ERR,ERR,0.0,0.0,-134474944.0,0.0,0.0,1.3936040501711995e+18,7.805,0.0,0,0,4,0,8422,0.0,45,0.0,0.0,0.0,0.0,0.0,0,0,0,0,0.0,0,0,0,0,0,0,0,0,0,0,0,0,0,0,0,0,0,0,0,0,0,0,0,0,0,0,0,0,0,0,0,0,0,38,14,7,45,65476,0,300,0,0,8,21553,0.0,-107605600.0,0.0,0.0,0.0,0.0,0.0,0.0,0.0,0.0,0.0,0.0,0.0,0.0,0.0,0.0,0.0,0.0,0.0,0.0,0.0,0.0,0.0,0.0,-2.004,2.004,0.0,0.0,0.0,0.0,5040.0,0.0,0.0,0.0,0.0,0.0,-107615304.0,0.0,0.0,0.0,0.0,53,2.7184300208680915e+23,0.0,0.0,0.0,0.0,0.0,0.0,0.0,0.0,0,0,0,0.0,0.0,0.0,0.0,0.0,0.0,0.0,0.0,0.0,0.0,0.0,0.0,0.0,0.0,0.0,0.0,0,-107875648.0,53,0.0,106,-107614832.0,2.7006707062415038e+23,ERR,ERR,ERR,ERR,ERR,ERR,ERR,ERR,ERR,ERR,ERR,ERR,ERR,ERR,ERR,ERR,ERR,ERR,ERR,ERR,ERR,ERR,ERR,ERR,ERR,ERR,ERR,ERR,ERR,ERR,ERR,ERR,ERR,ERR,ERR,ERR,ERR,ERR,ERR,ERR,ERR,ERR,ERR,ERR,ERR,ERR,ERR,ERR,ERR,ERR,ERR,ERR,ERR,ERR,ERR,ERR,ERR,ERR,ERR,ERR,ERR,ERR,ERR,ERR,ERR,ERR,ERR,50.0,60.0,100,0.0,0.0,0.0,0.0,0.0,0.0,0.0,0.0,0.0,0.0,0.0,0.0,0.0,0.0,0.0,0.0,61.6,78,11,65508,50,65476,0,300,0,0,8,20529,65476,0,0,26214,60.0,0.0,0.0,0.0,0.0,0.0
2026-05-17T16:41:47,ERR,ERR,ERR,ERR,ERR,ERR,ERR,ERR,ERR,ERR,ERR,ERR,ERR,ERR,ERR,ERR,ERR,ERR,ERR,ERR,ERR,ERR,ERR,ERR,ERR,ERR,ERR,ERR,ERR,ERR,ERR,ERR,ERR,ERR,ERR,ERR,ERR,ERR,ERR,ERR,ERR,ERR,ERR,ERR,ERR,ERR,ERR,ERR,ERR,ERR,ERR,ERR,ERR,ERR,ERR,ERR,ERR,ERR,ERR,ERR,ERR,ERR,ERR,ERR,ERR,ERR,ERR,ERR,ERR,ERR,ERR,ERR,ERR,ERR,ERR,ERR,ERR,ERR,ERR,ERR,ERR,ERR,ERR,ERR,ERR,ERR,ERR,ERR,ERR,ERR,ERR,ERR,ERR,ERR,ERR,ERR,ERR,ERR,ERR,ERR,ERR,ERR,ERR,ERR,ERR,ERR,ERR,ERR,ERR,ERR,ERR,ERR,ERR,ERR,ERR,ERR,ERR,ERR,ERR,ERR,ERR,ERR,ERR,ERR,ERR,0.0,0.0,-134474944.0,0.0,0.0,1.3936040501711995e+18,7.805,0.0,0,0,4,0,8422,0.0,45,0.0,0.0,0.0,0.0,0.0,0,0,0,0,0.0,0,0,0,0,0,0,0,0,0,0,0,0,0,0,0,0,0,0,0,0,0,0,0,0,0,0,0,0,0,0,0,0,0,38,14,7,45,65476,0,300,0,0,8,21553,0.0,-107605600.0,0.0,0.0,0.0,0.0,0.0,0.0,0.0,0.0,0.0,0.0,0.0,0.0,0.0,0.0,0.0,0.0,0.0,0.0,0.0,0.0,0.0,0.0,-2.004,2.004,0.0,0.0,0.0,0.0,5040.0,0.0,0.0,0.0,0.0,0.0,-107615304.0,0.0,0.0,0.0,0.0,53,2.7184300208680915e+23,0.0,0.0,0.0,0.0,0.0,0.0,0.0,0.0,0,0,0,0.0,0.0,0.0,0.0,0.0,0.0,0.0,0.0,0.0,0.0,0.0,0.0,0.0,0.0,0.0,0.0,0,-107875648.0,53,0.0,106,-107614832.0,2.7006707062415038e+23,ERR,ERR,ERR,ERR,ERR,ERR,ERR,ERR,ERR,ERR,ERR,ERR,ERR,ERR,ERR,ERR,ERR,ERR,ERR,ERR,ERR,ERR,ERR,ERR,ERR,ERR,ERR,ERR,ERR,ERR,ERR,ERR,ERR,ERR,ERR,ERR,ERR,ERR,ERR,ERR,ERR,ERR,ERR,ERR,ERR,ERR,ERR,ERR,ERR,ERR,ERR,ERR,ERR,ERR,ERR,ERR,ERR,ERR,ERR,ERR,ERR,ERR,ERR,ERR,ERR,ERR,ERR,50.0,60.0,100,0.0,0.0,0.0,0.0,0.0,0.0,0.0,0.0,0.0,0.0,0.0,0.0,0.0,0.0,0.0,0.0,61.6,78,11,65508,50,65476,0,300,0,0,8,20529,65476,0,0,26214,60.0,0.0,0.0,0.0,0.0,0.0
2026-05-17T16:41:48,ERR,ERR,ERR,ERR,ERR,ERR,ERR,ERR,ERR,ERR,ERR,ERR,ERR,ERR,ERR,ERR,ERR,ERR,ERR,ERR,ERR,ERR,ERR,ERR,ERR,ERR,ERR,ERR,ERR,ERR,ERR,ERR,ERR,ERR,ERR,ERR,ERR,ERR,ERR,ERR,ERR,ERR,ERR,ERR,ERR,ERR,ERR,ERR,ERR,ERR,ERR,ERR,ERR,ERR,ERR,ERR,ERR,ERR,ERR,ERR,ERR,ERR,ERR,ERR,ERR,ERR,ERR,ERR,ERR,ERR,ERR,ERR,ERR,ERR,ERR,ERR,ERR,ERR,ERR,ERR,ERR,ERR,ERR,ERR,ERR,ERR,ERR,ERR,ERR,ERR,ERR,ERR,ERR,ERR,ERR,ERR,ERR,ERR,ERR,ERR,ERR,ERR,ERR,ERR,ERR,ERR,ERR,ERR,ERR,ERR,ERR,ERR,ERR,ERR,ERR,ERR,ERR,ERR,ERR,ERR,ERR,ERR,ERR,ERR,ERR,0.0,0.0,-134474944.0,0.0,0.0,1.3936040501711995e+18,7.805,0.0,0,0,4,0,8422,0.0,45,0.0,0.0,0.0,0.0,0.0,0,0,0,0,0.0,0,0,0,0,0,0,0,0,0,0,0,0,0,0,0,0,0,0,0,0,0,0,0,0,0,0,0,0,0,0,0,0,0,38,14,7,45,65476,0,300,0,0,8,21553,0.0,-107605600.0,0.0,0.0,0.0,0.0,0.0,0.0,0.0,0.0,0.0,0.0,0.0,0.0,0.0,0.0,0.0,0.0,0.0,0.0,0.0,0.0,0.0,0.0,-2.004,2.004,0.0,0.0,0.0,0.0,5040.0,0.0,0.0,0.0,0.0,0.0,-107615304.0,0.0,0.0,0.0,0.0,53,2.7184300208680915e+23,0.0,0.0,0.0,0.0,0.0,0.0,0.0,0.0,0,0,0,0.0,0.0,0.0,0.0,0.0,0.0,0.0,0.0,0.0,0.0,0.0,0.0,0.0,0.0,0.0,0.0,0,-107875648.0,53,0.0,106,-107614832.0,2.7006707062415038e+23,ERR,ERR,ERR,ERR,ERR,ERR,ERR,ERR,ERR,ERR,ERR,ERR,ERR,ERR,ERR,ERR,ERR,ERR,ERR,ERR,ERR,ERR,ERR,ERR,ERR,ERR,ERR,ERR,ERR,ERR,ERR,ERR,ERR,ERR,ERR,ERR,ERR,ERR,ERR,ERR,ERR,ERR,ERR,ERR,ERR,ERR,ERR,ERR,ERR,ERR,ERR,ERR,ERR,ERR,ERR,ERR,ERR,ERR,ERR,ERR,ERR,ERR,ERR,ERR,ERR,ERR,ERR,50.0,60.0,100,0.0,0.0,0.0,0.0,0.0,0.0,0.0,0.0,0.0,0.0,0.0,0.0,0.0,0.0,0.0,0.0,61.6,78,11,65508,50,65476,0,300,0,0,8,20529,65476,0,0,26214,60.0,0.0,0.0,0.0,0.0,0.0
2026-05-17T16:41:49,ERR,ERR,ERR,ERR,ERR,ERR,ERR,ERR,ERR,ERR,ERR,ERR,ERR,ERR,ERR,ERR,ERR,ERR,ERR,ERR,ERR,ERR,ERR,ERR,ERR,ERR,ERR,ERR,ERR,ERR,ERR,ERR,ERR,ERR,ERR,ERR,ERR,ERR,ERR,ERR,ERR,ERR,ERR,ERR,ERR,ERR,ERR,ERR,ERR,ERR,ERR,ERR,ERR,ERR,ERR,ERR,ERR,ERR,ERR,ERR,ERR,ERR,ERR,ERR,ERR,ERR,ERR,ERR,ERR,ERR,ERR,ERR,ERR,ERR,ERR,ERR,ERR,ERR,ERR,ERR,ERR,ERR,ERR,ERR,ERR,ERR,ERR,ERR,ERR,ERR,ERR,ERR,ERR,ERR,ERR,ERR,ERR,ERR,ERR,ERR,ERR,ERR,ERR,ERR,ERR,ERR,ERR,ERR,ERR,ERR,ERR,ERR,ERR,ERR,ERR,ERR,ERR,ERR,ERR,ERR,ERR,ERR,ERR,ERR,ERR,0.0,0.0,-134474944.0,0.0,0.0,1.3936040501711995e+18,7.805,0.0,0,0,4,0,8422,0.0,45,0.0,0.0,0.0,0.0,0.0,0,0,0,0,0.0,0,0,0,0,0,0,0,0,0,0,0,0,0,0,0,0,0,0,0,0,0,0,0,0,0,0,0,0,0,0,0,0,0,38,14,7,45,65476,0,300,0,0,8,21553,0.0,-107605600.0,0.0,0.0,0.0,0.0,0.0,0.0,0.0,0.0,0.0,0.0,0.0,0.0,0.0,0.0,0.0,0.0,0.0,0.0,0.0,0.0,0.0,0.0,-2.004,2.004,0.0,0.0,0.0,0.0,5040.0,0.0,0.0,0.0,0.0,0.0,-107615304.0,0.0,0.0,0.0,0.0,53,2.7184300208680915e+23,0.0,0.0,0.0,0.0,0.0,0.0,0.0,0.0,0,0,0,0.0,0.0,0.0,0.0,0.0,0.0,0.0,0.0,0.0,0.0,0.0,0.0,0.0,0.0,0.0,0.0,0,-107875648.0,53,0.0,106,-107614832.0,2.7006707062415038e+23,ERR,ERR,ERR,ERR,ERR,ERR,ERR,ERR,ERR,ERR,ERR,ERR,ERR,ERR,ERR,ERR,ERR,ERR,ERR,ERR,ERR,ERR,ERR,ERR,ERR,ERR,ERR,ERR,ERR,ERR,ERR,ERR,ERR,ERR,ERR,ERR,ERR,ERR,ERR,ERR,ERR,ERR,ERR,ERR,ERR,ERR,ERR,ERR,ERR,ERR,ERR,ERR,ERR,ERR,ERR,ERR,ERR,ERR,ERR,ERR,ERR,ERR,ERR,ERR,ERR,ERR,ERR,50.0,60.0,100,0.0,0.0,0.0,0.0,0.0,0.0,0.0,0.0,0.0,0.0,0.0,0.0,0.0,0.0,0.0,0.0,61.6,78,11,65508,50,65476,0,300,0,0,8,20529,65476,0,0,26214,60.0,0.0,0.0,0.0,0.0,0.0
2026-05-17T16:41:50,ERR,ERR,ERR,ERR,ERR,ERR,ERR,ERR,ERR,ERR,ERR,ERR,ERR,ERR,ERR,ERR,ERR,ERR,ERR,ERR,ERR,ERR,ERR,ERR,ERR,ERR,ERR,ERR,ERR,ERR,ERR,ERR,ERR,ERR,ERR,ERR,ERR,ERR,ERR,ERR,ERR,ERR,ERR,ERR,ERR,ERR,ERR,ERR,ERR,ERR,ERR,ERR,ERR,ERR,ERR,ERR,ERR,ERR,ERR,ERR,ERR,ERR,ERR,ERR,ERR,ERR,ERR,ERR,ERR,ERR,ERR,ERR,ERR,ERR,ERR,ERR,ERR,ERR,ERR,ERR,ERR,ERR,ERR,ERR,ERR,ERR,ERR,ERR,ERR,ERR,ERR,ERR,ERR,ERR,ERR,ERR,ERR,ERR,ERR,ERR,ERR,ERR,ERR,ERR,ERR,ERR,ERR,ERR,ERR,ERR,ERR,ERR,ERR,ERR,ERR,ERR,ERR,ERR,ERR,ERR,ERR,ERR,ERR,ERR,ERR,0.0,0.0,-134474944.0,0.0,0.0,1.3936040501711995e+18,7.805,0.0,0,0,4,0,8422,0.0,45,0.0,0.0,0.0,0.0,0.0,0,0,0,0,0.0,0,0,0,0,0,0,0,0,0,0,0,0,0,0,0,0,0,0,0,0,0,0,0,0,0,0,0,0,0,0,0,0,0,38,14,7,45,65476,0,300,0,0,8,21553,0.0,-107605600.0,0.0,0.0,0.0,0.0,0.0,0.0,0.0,0.0,0.0,0.0,0.0,0.0,0.0,0.0,0.0,0.0,0.0,0.0,0.0,0.0,0.0,0.0,-2.004,2.004,0.0,0.0,0.0,0.0,5040.0,0.0,0.0,0.0,0.0,0.0,-107615304.0,0.0,0.0,0.0,0.0,53,2.7184300208680915e+23,0.0,0.0,0.0,0.0,0.0,0.0,0.0,0.0,0,0,0,0.0,0.0,0.0,0.0,0.0,0.0,0.0,0.0,0.0,0.0,0.0,0.0,0.0,0.0,0.0,0.0,0,-107875648.0,53,0.0,106,-107614832.0,2.7006707062415038e+23,ERR,ERR,ERR,ERR,ERR,ERR,ERR,ERR,ERR,ERR,ERR,ERR,ERR,ERR,ERR,ERR,ERR,ERR,ERR,ERR,ERR,ERR,ERR,ERR,ERR,ERR,ERR,ERR,ERR,ERR,ERR,ERR,ERR,ERR,ERR,ERR,ERR,ERR,ERR,ERR,ERR,ERR,ERR,ERR,ERR,ERR,ERR,ERR,ERR,ERR,ERR,ERR,ERR,ERR,ERR,ERR,ERR,ERR,ERR,ERR,ERR,ERR,ERR,ERR,ERR,ERR,ERR,50.0,60.0,100,0.0,0.0,0.0,0.0,0.0,0.0,0.0,0.0,0.0,0.0,0.0,0.0,0.0,0.0,0.0,0.0,61.6,78,11,65508,50,65476,0,300,0,0,8,20529,65476,0,0,26214,60.0,0.0,0.0,0.0,0.0,0.0
2026-05-17T16:41:51,ERR,ERR,ERR,ERR,ERR,ERR,ERR,ERR,ERR,ERR,ERR,ERR,ERR,ERR,ERR,ERR,ERR,ERR,ERR,ERR,ERR,ERR,ERR,ERR,ERR,ERR,ERR,ERR,ERR,ERR,ERR,ERR,ERR,ERR,ERR,ERR,ERR,ERR,ERR,ERR,ERR,ERR,ERR,ERR,ERR,ERR,ERR,ERR,ERR,ERR,ERR,ERR,ERR,ERR,ERR,ERR,ERR,ERR,ERR,ERR,ERR,ERR,ERR,ERR,ERR,ERR,ERR,ERR,ERR,ERR,ERR,ERR,ERR,ERR,ERR,ERR,ERR,ERR,ERR,ERR,ERR,ERR,ERR,ERR,ERR,ERR,ERR,ERR,ERR,ERR,ERR,ERR,ERR,ERR,ERR,ERR,ERR,ERR,ERR,ERR,ERR,ERR,ERR,ERR,ERR,ERR,ERR,ERR,ERR,ERR,ERR,ERR,ERR,ERR,ERR,ERR,ERR,ERR,ERR,ERR,ERR,ERR,ERR,ERR,ERR,0.0,0.0,-134474944.0,0.0,0.0,1.3936040501711995e+18,7.805,0.0,0,0,4,0,8422,0.0,45,0.0,0.0,0.0,0.0,0.0,0,0,0,0,0.0,0,0,0,0,0,0,0,0,0,0,0,0,0,0,0,0,0,0,0,0,0,0,0,0,0,0,0,0,0,0,0,0,0,38,14,7,45,65476,0,300,0,0,8,21553,0.0,-107605600.0,0.0,0.0,0.0,0.0,0.0,0.0,0.0,0.0,0.0,0.0,0.0,0.0,0.0,0.0,0.0,0.0,0.0,0.0,0.0,0.0,0.0,0.0,-2.004,2.004,0.0,0.0,0.0,0.0,5012.0,-0.0,0.0,0.0,0.0,0.0,-107615304.0,0.0,0.0,0.0,0.0,53,5.848083413016271e+35,4.066853658014554e+29,0.0,0.0,0.0,0.0,0.0,0.0,0.0,0,0,0,0.0,0.0,0.0,0.0,0.0,0.0,0.0,0.0,0.0,0.0,0.0,0.0,0.0,0.0,0.0,0.0,0,-107875648.0,53,0.0,106,-107614832.0,2.7006707062415038e+23,ERR,ERR,ERR,ERR,ERR,ERR,ERR,ERR,ERR,ERR,ERR,ERR,ERR,ERR,ERR,ERR,ERR,ERR,ERR,ERR,ERR,ERR,ERR,ERR,ERR,ERR,ERR,ERR,ERR,ERR,ERR,ERR,ERR,ERR,ERR,ERR,ERR,ERR,ERR,ERR,ERR,ERR,ERR,ERR,ERR,ERR,ERR,ERR,ERR,ERR,ERR,ERR,ERR,ERR,ERR,ERR,ERR,ERR,ERR,ERR,ERR,ERR,ERR,ERR,ERR,ERR,ERR,50.0,60.0,100,0.0,0.0,0.0,0.0,0.0,0.0,0.0,0.0,0.0,0.0,0.0,0.0,0.0,0.0,0.0,0.0,61.6,78,11,65508,50,65476,0,300,0,0,8,20529,65476,0,0,26214,60.0,0.0,0.0,0.0,0.0,0.0
2026-05-17T16:41:52,ERR,ERR,ERR,ERR,ERR,ERR,ERR,ERR,ERR,ERR,ERR,ERR,ERR,ERR,ERR,ERR,ERR,ERR,ERR,ERR,ERR,ERR,ERR,ERR,ERR,ERR,ERR,ERR,ERR,ERR,ERR,ERR,ERR,ERR,ERR,ERR,ERR,ERR,ERR,ERR,ERR,ERR,ERR,ERR,ERR,ERR,ERR,ERR,ERR,ERR,ERR,ERR,ERR,ERR,ERR,ERR,ERR,ERR,ERR,ERR,ERR,ERR,ERR,ERR,ERR,ERR,ERR,ERR,ERR,ERR,ERR,ERR,ERR,ERR,ERR,ERR,ERR,ERR,ERR,ERR,ERR,ERR,ERR,ERR,ERR,ERR,ERR,ERR,ERR,ERR,ERR,ERR,ERR,ERR,ERR,ERR,ERR,ERR,ERR,ERR,ERR,ERR,ERR,ERR,ERR,ERR,ERR,ERR,ERR,ERR,ERR,ERR,ERR,ERR,ERR,ERR,ERR,ERR,ERR,ERR,ERR,ERR,ERR,ERR,ERR,0.0,0.0,-134474944.0,0.0,0.0,1.3936040501711995e+18,7.805,0.0,0,0,4,0,8422,0.0,45,0.0,0.0,0.0,0.0,0.0,0,0,0,0,0.0,0,0,0,0,0,0,0,0,0,0,0,0,0,0,0,0,0,0,0,0,0,0,0,0,0,0,0,0,0,0,0,0,0,38,14,7,45,65476,0,300,0,0,8,21553,0.0,-107605600.0,0.0,0.0,0.0,0.0,0.0,0.0,0.0,0.0,0.0,0.0,0.0,0.0,0.0,0.0,0.0,0.0,0.0,0.0,0.0,0.0,0.0,0.0,-2.004,2.004,0.0,0.0,0.0,0.0,5012.0,-0.0,0.0,0.0,0.0,0.0,-107615304.0,0.0,0.0,0.0,0.0,53,5.848083413016271e+35,4.066853658014554e+29,0.0,0.0,0.0,0.0,0.0,0.0,0.0,0,0,0,0.0,0.0,0.0,0.0,0.0,0.0,0.0,0.0,0.0,0.0,0.0,0.0,0.0,0.0,0.0,0.0,0,-107875648.0,53,0.0,106,-107614832.0,2.7006707062415038e+23,ERR,ERR,ERR,ERR,ERR,ERR,ERR,ERR,ERR,ERR,ERR,ERR,ERR,ERR,ERR,ERR,ERR,ERR,ERR,ERR,ERR,ERR,ERR,ERR,ERR,ERR,ERR,ERR,ERR,ERR,ERR,ERR,ERR,ERR,ERR,ERR,ERR,ERR,ERR,ERR,ERR,ERR,ERR,ERR,ERR,ERR,ERR,ERR,ERR,ERR,ERR,ERR,ERR,ERR,ERR,ERR,ERR,ERR,ERR,ERR,ERR,ERR,ERR,ERR,ERR,ERR,ERR,50.0,60.0,100,0.0,0.0,0.0,0.0,0.0,0.0,0.0,0.0,0.0,0.0,0.0,0.0,0.0,0.0,0.0,0.0,61.6,78,11,65508,50,65476,0,300,0,0,8,20529,65476,0,0,26214,60.0,0.0,0.0,0.0,0.0,0.0
2026-05-17T16:41:53,ERR,ERR,ERR,ERR,ERR,ERR,ERR,ERR,ERR,ERR,ERR,ERR,ERR,ERR,ERR,ERR,ERR,ERR,ERR,ERR,ERR,ERR,ERR,ERR,ERR,ERR,ERR,ERR,ERR,ERR,ERR,ERR,ERR,ERR,ERR,ERR,ERR,ERR,ERR,ERR,ERR,ERR,ERR,ERR,ERR,ERR,ERR,ERR,ERR,ERR,ERR,ERR,ERR,ERR,ERR,ERR,ERR,ERR,ERR,ERR,ERR,ERR,ERR,ERR,ERR,ERR,ERR,ERR,ERR,ERR,ERR,ERR,ERR,ERR,ERR,ERR,ERR,ERR,ERR,ERR,ERR,ERR,ERR,ERR,ERR,ERR,ERR,ERR,ERR,ERR,ERR,ERR,ERR,ERR,ERR,ERR,ERR,ERR,ERR,ERR,ERR,ERR,ERR,ERR,ERR,ERR,ERR,ERR,ERR,ERR,ERR,ERR,ERR,ERR,ERR,ERR,ERR,ERR,ERR,ERR,ERR,ERR,ERR,ERR,ERR,0.0,0.0,-134474944.0,0.0,0.0,1.3936040501711995e+18,7.805,0.0,0,0,4,0,8422,0.0,45,0.0,0.0,0.0,0.0,0.0,0,0,0,0,0.0,0,0,0,0,0,0,0,0,0,0,0,0,0,0,0,0,0,0,0,0,0,0,0,0,0,0,0,0,0,0,0,0,0,38,14,7,45,65476,0,300,0,0,8,21553,0.0,-107605600.0,0.0,0.0,0.0,0.0,0.0,0.0,0.0,0.0,0.0,0.0,0.0,0.0,0.0,0.0,0.0,0.0,0.0,0.0,0.0,0.0,0.0,0.0,-2.004,2.004,0.0,0.0,0.0,0.0,5012.0,-0.0,0.0,0.0,0.0,0.0,-107615304.0,0.0,0.0,0.0,0.0,53,5.848083413016271e+35,4.066853658014554e+29,0.0,0.0,0.0,0.0,0.0,0.0,0.0,0,0,0,0.0,0.0,0.0,0.0,0.0,0.0,0.0,0.0,0.0,0.0,0.0,0.0,0.0,0.0,0.0,0.0,0,-107875648.0,53,0.0,106,-107614832.0,2.7006707062415038e+23,ERR,ERR,ERR,ERR,ERR,ERR,ERR,ERR,ERR,ERR,ERR,ERR,ERR,ERR,ERR,ERR,ERR,ERR,ERR,ERR,ERR,ERR,ERR,ERR,ERR,ERR,ERR,ERR,ERR,ERR,ERR,ERR,ERR,ERR,ERR,ERR,ERR,ERR,ERR,ERR,ERR,ERR,ERR,ERR,ERR,ERR,ERR,ERR,ERR,ERR,ERR,ERR,ERR,ERR,ERR,ERR,ERR,ERR,ERR,ERR,ERR,ERR,ERR,ERR,ERR,ERR,ERR,50.0,60.0,100,0.0,0.0,0.0,0.0,0.0,0.0,0.0,0.0,0.0,0.0,0.0,0.0,0.0,0.0,0.0,0.0,61.6,78,11,65508,50,65476,0,300,0,0,8,20529,65476,0,0,26214,60.0,0.0,0.0,0.0,0.0,0.0
2026-05-17T16:41:54,ERR,ERR,ERR,ERR,ERR,ERR,ERR,ERR,ERR,ERR,ERR,ERR,ERR,ERR,ERR,ERR,ERR,ERR,ERR,ERR,ERR,ERR,ERR,ERR,ERR,ERR,ERR,ERR,ERR,ERR,ERR,ERR,ERR,ERR,ERR,ERR,ERR,ERR,ERR,ERR,ERR,ERR,ERR,ERR,ERR,ERR,ERR,ERR,ERR,ERR,ERR,ERR,ERR,ERR,ERR,ERR,ERR,ERR,ERR,ERR,ERR,ERR,ERR,ERR,ERR,ERR,ERR,ERR,ERR,ERR,ERR,ERR,ERR,ERR,ERR,ERR,ERR,ERR,ERR,ERR,ERR,ERR,ERR,ERR,ERR,ERR,ERR,ERR,ERR,ERR,ERR,ERR,ERR,ERR,ERR,ERR,ERR,ERR,ERR,ERR,ERR,ERR,ERR,ERR,ERR,ERR,ERR,ERR,ERR,ERR,ERR,ERR,ERR,ERR,ERR,ERR,ERR,ERR,ERR,ERR,ERR,ERR,ERR,ERR,ERR,0.0,0.0,-134474944.0,0.0,0.0,1.3936040501711995e+18,7.805,0.0,0,0,4,0,8422,0.0,45,0.0,0.0,0.0,0.0,0.0,0,0,0,0,0.0,0,0,0,0,0,0,0,0,0,0,0,0,0,0,0,0,0,0,0,0,0,0,0,0,0,0,0,0,0,0,0,0,0,38,14,7,45,65476,0,300,0,0,8,21553,0.0,-107605600.0,0.0,0.0,0.0,0.0,0.0,0.0,0.0,0.0,0.0,0.0,0.0,0.0,0.0,0.0,0.0,0.0,0.0,0.0,0.0,0.0,0.0,0.0,-2.004,2.004,0.0,0.0,0.0,0.0,5012.0,-0.0,0.0,0.0,0.0,0.0,-107615304.0,0.0,0.0,0.0,0.0,53,5.848083413016271e+35,4.066853658014554e+29,0.0,0.0,0.0,0.0,0.0,0.0,0.0,0,0,0,0.0,0.0,0.0,0.0,0.0,0.0,0.0,0.0,0.0,0.0,0.0,0.0,0.0,0.0,0.0,0.0,0,-107875648.0,53,0.0,106,-107614832.0,2.7006707062415038e+23,ERR,ERR,ERR,ERR,ERR,ERR,ERR,ERR,ERR,ERR,ERR,ERR,ERR,ERR,ERR,ERR,ERR,ERR,ERR,ERR,ERR,ERR,ERR,ERR,ERR,ERR,ERR,ERR,ERR,ERR,ERR,ERR,ERR,ERR,ERR,ERR,ERR,ERR,ERR,ERR,ERR,ERR,ERR,ERR,ERR,ERR,ERR,ERR,ERR,ERR,ERR,ERR,ERR,ERR,ERR,ERR,ERR,ERR,ERR,ERR,ERR,ERR,ERR,ERR,ERR,ERR,ERR,50.0,60.0,100,0.0,0.0,0.0,0.0,0.0,0.0,0.0,0.0,0.0,0.0,0.0,0.0,0.0,0.0,0.0,0.0,61.6,78,11,65508,50,65476,0,300,0,0,8,20529,65476,0,0,26214,60.0,0.0,0.0,0.0,0.0,0.0
2026-05-17T16:41:55,ERR,ERR,ERR,ERR,ERR,ERR,ERR,ERR,ERR,ERR,ERR,ERR,ERR,ERR,ERR,ERR,ERR,ERR,ERR,ERR,ERR,ERR,ERR,ERR,ERR,ERR,ERR,ERR,ERR,ERR,ERR,ERR,ERR,ERR,ERR,ERR,ERR,ERR,ERR,ERR,ERR,ERR,ERR,ERR,ERR,ERR,ERR,ERR,ERR,ERR,ERR,ERR,ERR,ERR,ERR,ERR,ERR,ERR,ERR,ERR,ERR,ERR,ERR,ERR,ERR,ERR,ERR,ERR,ERR,ERR,ERR,ERR,ERR,ERR,ERR,ERR,ERR,ERR,ERR,ERR,ERR,ERR,ERR,ERR,ERR,ERR,ERR,ERR,ERR,ERR,ERR,ERR,ERR,ERR,ERR,ERR,ERR,ERR,ERR,ERR,ERR,ERR,ERR,ERR,ERR,ERR,ERR,ERR,ERR,ERR,ERR,ERR,ERR,ERR,ERR,ERR,ERR,ERR,ERR,ERR,ERR,ERR,ERR,ERR,ERR,0.0,0.0,-134474944.0,0.0,0.0,1.3936040501711995e+18,7.805,0.0,0,0,4,0,8422,0.0,45,0.0,0.0,0.0,0.0,0.0,0,0,0,0,0.0,0,0,0,0,0,0,0,0,0,0,0,0,0,0,0,0,0,0,0,0,0,0,0,0,0,0,0,0,0,0,0,0,0,38,14,7,45,65476,0,300,0,0,8,21553,0.0,-107605600.0,0.0,0.0,0.0,0.0,0.0,0.0,0.0,0.0,0.0,0.0,0.0,0.0,0.0,0.0,0.0,0.0,0.0,0.0,0.0,0.0,0.0,0.0,-2.004,2.004,0.0,0.0,0.0,0.0,5012.0,-0.0,0.0,0.0,0.0,0.0,-107615304.0,0.0,0.0,0.0,0.0,53,5.848083413016271e+35,4.066853658014554e+29,0.0,0.0,0.0,0.0,0.0,0.0,0.0,0,0,0,0.0,0.0,0.0,0.0,0.0,0.0,0.0,0.0,0.0,0.0,0.0,0.0,0.0,0.0,0.0,0.0,0,-107875648.0,53,0.0,106,-107614832.0,2.7006707062415038e+23,ERR,ERR,ERR,ERR,ERR,ERR,ERR,ERR,ERR,ERR,ERR,ERR,ERR,ERR,ERR,ERR,ERR,ERR,ERR,ERR,ERR,ERR,ERR,ERR,ERR,ERR,ERR,ERR,ERR,ERR,ERR,ERR,ERR,ERR,ERR,ERR,ERR,ERR,ERR,ERR,ERR,ERR,ERR,ERR,ERR,ERR,ERR,ERR,ERR,ERR,ERR,ERR,ERR,ERR,ERR,ERR,ERR,ERR,ERR,ERR,ERR,ERR,ERR,ERR,ERR,ERR,ERR,50.0,60.0,100,0.0,0.0,0.0,0.0,0.0,0.0,0.0,0.0,0.0,0.0,0.0,0.0,0.0,0.0,0.0,0.0,61.6,78,11,65508,50,65476,0,300,0,0,8,20529,65476,0,0,26214,60.0,0.0,0.0,0.0,0.0,0.0
2026-05-17T16:41:56,ERR,ERR,ERR,ERR,ERR,ERR,ERR,ERR,ERR,ERR,ERR,ERR,ERR,ERR,ERR,ERR,ERR,ERR,ERR,ERR,ERR,ERR,ERR,ERR,ERR,ERR,ERR,ERR,ERR,ERR,ERR,ERR,ERR,ERR,ERR,ERR,ERR,ERR,ERR,ERR,ERR,ERR,ERR,ERR,ERR,ERR,ERR,ERR,ERR,ERR,ERR,ERR,ERR,ERR,ERR,ERR,ERR,ERR,ERR,ERR,ERR,ERR,ERR,ERR,ERR,ERR,ERR,ERR,ERR,ERR,ERR,ERR,ERR,ERR,ERR,ERR,ERR,ERR,ERR,ERR,ERR,ERR,ERR,ERR,ERR,ERR,ERR,ERR,ERR,ERR,ERR,ERR,ERR,ERR,ERR,ERR,ERR,ERR,ERR,ERR,ERR,ERR,ERR,ERR,ERR,ERR,ERR,ERR,ERR,ERR,ERR,ERR,ERR,ERR,ERR,ERR,ERR,ERR,ERR,ERR,ERR,ERR,ERR,ERR,ERR,0.0,0.0,-134474944.0,0.0,0.0,1.3936040501711995e+18,7.805,0.0,0,0,4,0,8422,0.0,45,0.0,0.0,0.0,0.0,0.0,0,0,0,0,0.0,0,0,0,0,0,0,0,0,0,0,0,0,0,0,0,0,0,0,0,0,0,0,0,0,0,0,0,0,0,0,0,0,0,38,14,7,45,65476,0,300,0,0,8,21553,0.0,-107605600.0,0.0,0.0,0.0,0.0,0.0,0.0,0.0,0.0,0.0,0.0,0.0,0.0,0.0,0.0,0.0,0.0,0.0,0.0,0.0,0.0,0.0,0.0,-2.004,2.004,0.0,0.0,0.0,0.0,5010.0,0.0,0.0,0.0,0.0,0.0,-107615304.0,0.0,0.0,0.0,0.0,53,4.066880103266858e+29,-3.222002398308886e+26,0.0,0.0,0.0,0.0,0.0,0.0,0.0,0,0,0,0.0,0.0,0.0,0.0,0.0,0.0,0.0,0.0,0.0,0.0,0.0,0.0,0.0,0.0,0.0,0.0,0,-107875648.0,53,0.0,106,-107614832.0,2.7006707062415038e+23,ERR,ERR,ERR,ERR,ERR,ERR,ERR,ERR,ERR,ERR,ERR,ERR,ERR,ERR,ERR,ERR,ERR,ERR,ERR,ERR,ERR,ERR,ERR,ERR,ERR,ERR,ERR,ERR,ERR,ERR,ERR,ERR,ERR,ERR,ERR,ERR,ERR,ERR,ERR,ERR,ERR,ERR,ERR,ERR,ERR,ERR,ERR,ERR,ERR,ERR,ERR,ERR,ERR,ERR,ERR,ERR,ERR,ERR,ERR,ERR,ERR,ERR,ERR,ERR,ERR,ERR,ERR,50.0,60.0,100,0.0,0.0,0.0,0.0,0.0,0.0,0.0,0.0,0.0,0.0,0.0,0.0,0.0,0.0,0.0,0.0,61.6,78,11,65508,50,65476,0,300,0,0,8,20529,65476,0,0,26214,60.0,0.0,0.0,0.0,0.0,0.0
2026-05-17T16:41:57,ERR,ERR,ERR,ERR,ERR,ERR,ERR,ERR,ERR,ERR,ERR,ERR,ERR,ERR,ERR,ERR,ERR,ERR,ERR,ERR,ERR,ERR,ERR,ERR,ERR,ERR,ERR,ERR,ERR,ERR,ERR,ERR,ERR,ERR,ERR,ERR,ERR,ERR,ERR,ERR,ERR,ERR,ERR,ERR,ERR,ERR,ERR,ERR,ERR,ERR,ERR,ERR,ERR,ERR,ERR,ERR,ERR,ERR,ERR,ERR,ERR,ERR,ERR,ERR,ERR,ERR,ERR,ERR,ERR,ERR,ERR,ERR,ERR,ERR,ERR,ERR,ERR,ERR,ERR,ERR,ERR,ERR,ERR,ERR,ERR,ERR,ERR,ERR,ERR,ERR,ERR,ERR,ERR,ERR,ERR,ERR,ERR,ERR,ERR,ERR,ERR,ERR,ERR,ERR,ERR,ERR,ERR,ERR,ERR,ERR,ERR,ERR,ERR,ERR,ERR,ERR,ERR,ERR,ERR,ERR,ERR,ERR,ERR,ERR,ERR,0.0,0.0,-134474944.0,0.0,0.0,1.3936040501711995e+18,7.805,0.0,0,0,4,0,8422,0.0,45,0.0,0.0,0.0,0.0,0.0,0,0,0,0,0.0,0,0,0,0,0,0,0,0,0,0,0,0,0,0,0,0,0,0,0,0,0,0,0,0,0,0,0,0,0,0,0,0,0,38,14,7,45,65476,0,300,0,0,8,21553,0.0,-107605600.0,0.0,0.0,0.0,0.0,0.0,0.0,0.0,0.0,0.0,0.0,0.0,0.0,0.0,0.0,0.0,0.0,0.0,0.0,0.0,0.0,0.0,0.0,-2.004,2.004,0.0,0.0,0.0,0.0,5010.0,0.0,0.0,0.0,0.0,0.0,-107615304.0,0.0,0.0,0.0,0.0,53,4.066880103266858e+29,-3.222002398308886e+26,0.0,0.0,0.0,0.0,0.0,0.0,0.0,0,0,0,0.0,0.0,0.0,0.0,0.0,0.0,0.0,0.0,0.0,0.0,0.0,0.0,0.0,0.0,0.0,0.0,0,-107875648.0,53,0.0,106,-107614832.0,2.7006707062415038e+23,ERR,ERR,ERR,ERR,ERR,ERR,ERR,ERR,ERR,ERR,ERR,ERR,ERR,ERR,ERR,ERR,ERR,ERR,ERR,ERR,ERR,ERR,ERR,ERR,ERR,ERR,ERR,ERR,ERR,ERR,ERR,ERR,ERR,ERR,ERR,ERR,ERR,ERR,ERR,ERR,ERR,ERR,ERR,ERR,ERR,ERR,ERR,ERR,ERR,ERR,ERR,ERR,ERR,ERR,ERR,ERR,ERR,ERR,ERR,ERR,ERR,ERR,ERR,ERR,ERR,ERR,ERR,50.0,60.0,100,0.0,0.0,0.0,0.0,0.0,0.0,0.0,0.0,0.0,0.0,0.0,0.0,0.0,0.0,0.0,0.0,62.0,78,11,65508,50,65476,0,300,0,0,8,20529,65476,0,0,26214,60.0,0.0,0.0,0.0,0.0,0.0
2026-05-17T16:41:58,ERR,ERR,ERR,ERR,ERR,ERR,ERR,ERR,ERR,ERR,ERR,ERR,ERR,ERR,ERR,ERR,ERR,ERR,ERR,ERR,ERR,ERR,ERR,ERR,ERR,ERR,ERR,ERR,ERR,ERR,ERR,ERR,ERR,ERR,ERR,ERR,ERR,ERR,ERR,ERR,ERR,ERR,ERR,ERR,ERR,ERR,ERR,ERR,ERR,ERR,ERR,ERR,ERR,ERR,ERR,ERR,ERR,ERR,ERR,ERR,ERR,ERR,ERR,ERR,ERR,ERR,ERR,ERR,ERR,ERR,ERR,ERR,ERR,ERR,ERR,ERR,ERR,ERR,ERR,ERR,ERR,ERR,ERR,ERR,ERR,ERR,ERR,ERR,ERR,ERR,ERR,ERR,ERR,ERR,ERR,ERR,ERR,ERR,ERR,ERR,ERR,ERR,ERR,ERR,ERR,ERR,ERR,ERR,ERR,ERR,ERR,ERR,ERR,ERR,ERR,ERR,ERR,ERR,ERR,ERR,ERR,ERR,ERR,ERR,ERR,0.0,0.0,-134474944.0,0.0,0.0,1.3936040501711995e+18,7.805,0.0,0,0,4,0,8422,0.0,45,0.0,0.0,0.0,0.0,0.0,0,0,0,0,0.0,0,0,0,0,0,0,0,0,0,0,0,0,0,0,0,0,0,0,0,0,0,0,0,0,0,0,0,0,0,0,0,0,0,38,14,7,45,65476,0,300,0,0,8,21553,0.0,-107605600.0,0.0,0.0,0.0,0.0,0.0,0.0,0.0,0.0,0.0,0.0,0.0,0.0,0.0,0.0,0.0,0.0,0.0,0.0,0.0,0.0,0.0,0.0,-2.004,2.004,0.0,0.0,0.0,0.0,5010.0,0.0,0.0,0.0,0.0,0.0,-107615304.0,0.0,0.0,0.0,0.0,53,4.066880103266858e+29,-3.222002398308886e+26,0.0,0.0,0.0,0.0,0.0,0.0,0.0,0,0,0,0.0,0.0,0.0,0.0,0.0,0.0,0.0,0.0,0.0,0.0,0.0,0.0,0.0,0.0,0.0,0.0,0,-107875648.0,53,0.0,106,-107614832.0,2.7006707062415038e+23,ERR,ERR,ERR,ERR,ERR,ERR,ERR,ERR,ERR,ERR,ERR,ERR,ERR,ERR,ERR,ERR,ERR,ERR,ERR,ERR,ERR,ERR,ERR,ERR,ERR,ERR,ERR,ERR,ERR,ERR,ERR,ERR,ERR,ERR,ERR,ERR,ERR,ERR,ERR,ERR,ERR,ERR,ERR,ERR,ERR,ERR,ERR,ERR,ERR,ERR,ERR,ERR,ERR,ERR,ERR,ERR,ERR,ERR,ERR,ERR,ERR,ERR,ERR,ERR,ERR,ERR,ERR,50.0,60.0,100,0.0,0.0,0.0,0.0,0.0,0.0,0.0,0.0,0.0,0.0,0.0,0.0,0.0,0.0,0.0,0.0,62.0,78,11,65508,50,65476,0,300,0,0,8,20529,65476,0,0,26214,60.0,0.0,0.0,0.0,0.0,0.0
2026-05-17T16:41:59,ERR,ERR,ERR,ERR,ERR,ERR,ERR,ERR,ERR,ERR,ERR,ERR,ERR,ERR,ERR,ERR,ERR,ERR,ERR,ERR,ERR,ERR,ERR,ERR,ERR,ERR,ERR,ERR,ERR,ERR,ERR,ERR,ERR,ERR,ERR,ERR,ERR,ERR,ERR,ERR,ERR,ERR,ERR,ERR,ERR,ERR,ERR,ERR,ERR,ERR,ERR,ERR,ERR,ERR,ERR,ERR,ERR,ERR,ERR,ERR,ERR,ERR,ERR,ERR,ERR,ERR,ERR,ERR,ERR,ERR,ERR,ERR,ERR,ERR,ERR,ERR,ERR,ERR,ERR,ERR,ERR,ERR,ERR,ERR,ERR,ERR,ERR,ERR,ERR,ERR,ERR,ERR,ERR,ERR,ERR,ERR,ERR,ERR,ERR,ERR,ERR,ERR,ERR,ERR,ERR,ERR,ERR,ERR,ERR,ERR,ERR,ERR,ERR,ERR,ERR,ERR,ERR,ERR,ERR,ERR,ERR,ERR,ERR,ERR,ERR,0.0,0.0,-134474944.0,0.0,0.0,1.3936040501711995e+18,7.805,0.0,0,0,4,0,8422,0.0,45,0.0,0.0,0.0,0.0,0.0,0,0,0,0,0.0,0,0,0,0,0,0,0,0,0,0,0,0,0,0,0,0,0,0,0,0,0,0,0,0,0,0,0,0,0,0,0,0,0,38,14,7,45,65476,0,300,0,0,8,21553,0.0,-107605600.0,0.0,0.0,0.0,0.0,0.0,0.0,0.0,0.0,0.0,0.0,0.0,0.0,0.0,0.0,0.0,0.0,0.0,0.0,0.0,0.0,0.0,0.0,-2.004,2.004,0.0,0.0,0.0,0.0,5010.0,0.0,0.0,0.0,0.0,0.0,-107615304.0,0.0,0.0,0.0,0.0,53,4.066880103266858e+29,-3.222002398308886e+26,0.0,0.0,0.0,0.0,0.0,0.0,0.0,0,0,0,0.0,0.0,0.0,0.0,0.0,0.0,0.0,0.0,0.0,0.0,0.0,0.0,0.0,0.0,0.0,0.0,0,-107875648.0,53,0.0,106,-107614832.0,2.7006707062415038e+23,ERR,ERR,ERR,ERR,ERR,ERR,ERR,ERR,ERR,ERR,ERR,ERR,ERR,ERR,ERR,ERR,ERR,ERR,ERR,ERR,ERR,ERR,ERR,ERR,ERR,ERR,ERR,ERR,ERR,ERR,ERR,ERR,ERR,ERR,ERR,ERR,ERR,ERR,ERR,ERR,ERR,ERR,ERR,ERR,ERR,ERR,ERR,ERR,ERR,ERR,ERR,ERR,ERR,ERR,ERR,ERR,ERR,ERR,ERR,ERR,ERR,ERR,ERR,ERR,ERR,ERR,ERR,50.0,60.0,100,0.0,0.0,0.0,0.0,0.0,0.0,0.0,0.0,0.0,0.0,0.0,0.0,0.0,0.0,0.0,0.0,61.6,78,11,65508,50,65476,0,300,0,0,8,20529,65476,0,0,26214,60.0,0.0,0.0,0.0,0.0,0.0
2026-05-17T16:42:00,ERR,ERR,ERR,ERR,ERR,ERR,ERR,ERR,ERR,ERR,ERR,ERR,ERR,ERR,ERR,ERR,ERR,ERR,ERR,ERR,ERR,ERR,ERR,ERR,ERR,ERR,ERR,ERR,ERR,ERR,ERR,ERR,ERR,ERR,ERR,ERR,ERR,ERR,ERR,ERR,ERR,ERR,ERR,ERR,ERR,ERR,ERR,ERR,ERR,ERR,ERR,ERR,ERR,ERR,ERR,ERR,ERR,ERR,ERR,ERR,ERR,ERR,ERR,ERR,ERR,ERR,ERR,ERR,ERR,ERR,ERR,ERR,ERR,ERR,ERR,ERR,ERR,ERR,ERR,ERR,ERR,ERR,ERR,ERR,ERR,ERR,ERR,ERR,ERR,ERR,ERR,ERR,ERR,ERR,ERR,ERR,ERR,ERR,ERR,ERR,ERR,ERR,ERR,ERR,ERR,ERR,ERR,ERR,ERR,ERR,ERR,ERR,ERR,ERR,ERR,ERR,ERR,ERR,ERR,ERR,ERR,ERR,ERR,ERR,ERR,0.0,0.0,-134474944.0,0.0,0.0,1.3936040501711995e+18,7.805,0.0,0,0,4,0,8422,0.0,45,0.0,0.0,0.0,0.0,0.0,0,0,0,0,0.0,0,0,0,0,0,0,0,0,0,0,0,0,0,0,0,0,0,0,0,0,0,0,0,0,0,0,0,0,0,0,0,0,0,38,14,7,45,65476,0,300,0,0,8,21553,0.0,-107605600.0,0.0,0.0,0.0,0.0,0.0,0.0,0.0,0.0,0.0,0.0,0.0,0.0,0.0,0.0,0.0,0.0,0.0,0.0,0.0,0.0,0.0,0.0,-2.004,2.004,0.0,0.0,0.0,0.0,5010.0,0.0,0.0,0.0,0.0,0.0,-107615304.0,0.0,0.0,0.0,0.0,53,4.066880103266858e+29,-3.222002398308886e+26,0.0,0.0,0.0,0.0,0.0,0.0,0.0,0,0,0,0.0,0.0,0.0,0.0,0.0,0.0,0.0,0.0,0.0,0.0,0.0,0.0,0.0,0.0,0.0,0.0,0,-107875648.0,53,0.0,106,-107614832.0,2.7006707062415038e+23,ERR,ERR,ERR,ERR,ERR,ERR,ERR,ERR,ERR,ERR,ERR,ERR,ERR,ERR,ERR,ERR,ERR,ERR,ERR,ERR,ERR,ERR,ERR,ERR,ERR,ERR,ERR,ERR,ERR,ERR,ERR,ERR,ERR,ERR,ERR,ERR,ERR,ERR,ERR,ERR,ERR,ERR,ERR,ERR,ERR,ERR,ERR,ERR,ERR,ERR,ERR,ERR,ERR,ERR,ERR,ERR,ERR,ERR,ERR,ERR,ERR,ERR,ERR,ERR,ERR,ERR,ERR,50.0,60.0,100,0.0,0.0,0.0,0.0,0.0,0.0,0.0,0.0,0.0,0.0,0.0,0.0,0.0,0.0,0.0,0.0,61.6,78,11,65508,50,65476,0,300,0,0,8,20529,65476,0,0,26214,60.0,0.0,0.0,0.0,0.0,0.0
2026-05-17T16:42:01,ERR,ERR,ERR,ERR,ERR,ERR,ERR,ERR,ERR,ERR,ERR,ERR,ERR,ERR,ERR,ERR,ERR,ERR,ERR,ERR,ERR,ERR,ERR,ERR,ERR,ERR,ERR,ERR,ERR,ERR,ERR,ERR,ERR,ERR,ERR,ERR,ERR,ERR,ERR,ERR,ERR,ERR,ERR,ERR,ERR,ERR,ERR,ERR,ERR,ERR,ERR,ERR,ERR,ERR,ERR,ERR,ERR,ERR,ERR,ERR,ERR,ERR,ERR,ERR,ERR,ERR,ERR,ERR,ERR,ERR,ERR,ERR,ERR,ERR,ERR,ERR,ERR,ERR,ERR,ERR,ERR,ERR,ERR,ERR,ERR,ERR,ERR,ERR,ERR,ERR,ERR,ERR,ERR,ERR,ERR,ERR,ERR,ERR,ERR,ERR,ERR,ERR,ERR,ERR,ERR,ERR,ERR,ERR,ERR,ERR,ERR,ERR,ERR,ERR,ERR,ERR,ERR,ERR,ERR,ERR,ERR,ERR,ERR,ERR,ERR,0.0,0.0,-134474944.0,0.0,0.0,1.3936040501711995e+18,7.805,0.0,0,0,4,0,8422,0.0,45,0.0,0.0,0.0,0.0,0.0,0,0,0,0,0.0,0,0,0,0,0,0,0,0,0,0,0,0,0,0,0,0,0,0,0,0,0,0,0,0,0,0,0,0,0,0,0,0,0,38,14,7,45,65476,0,300,0,0,8,21553,0.0,-107605600.0,0.0,0.0,0.0,0.0,0.0,0.0,0.0,0.0,0.0,0.0,0.0,0.0,-2.596148429267414e+33,0.0,0.0,0.0,0.0,0.0,0.0,0.0,0.0,0.0,-2.004,2.004,0.0,0.0,0.0,0.0,5010.0,0.0,0.0,0.0,0.0,0.0,-107615304.0,0.0,0.0,0.0,0.0,53,4.066880103266858e+29,-107614776.0,0.0,0.0,0.0,0.0,0.0,0.0,0.0,0,0,0,0.0,0.0,0.0,0.0,0.0,0.0,0.0,0.0,0.0,0.0,0.0,0.0,0.0,0.0,0.0,0.0,0,-107875648.0,53,0.0,106,-107614832.0,2.7006707062415038e+23,ERR,ERR,ERR,ERR,ERR,ERR,ERR,ERR,ERR,ERR,ERR,ERR,ERR,ERR,ERR,ERR,ERR,ERR,ERR,ERR,ERR,ERR,ERR,ERR,ERR,ERR,ERR,ERR,ERR,ERR,ERR,ERR,ERR,ERR,ERR,ERR,ERR,ERR,ERR,ERR,ERR,ERR,ERR,ERR,ERR,ERR,ERR,ERR,ERR,ERR,ERR,ERR,ERR,ERR,ERR,ERR,ERR,ERR,ERR,ERR,ERR,ERR,ERR,ERR,ERR,ERR,ERR,50.0,60.0,100,0.0,0.0,0.0,0.0,0.0,0.0,0.0,0.0,0.0,0.0,0.0,0.0,0.0,0.0,0.0,0.0,61.6,78,11,65508,50,65476,0,300,0,0,8,20529,65476,0,0,26214,60.0,0.0,0.0,0.0,0.0,0.0
2026-05-17T16:42:02,ERR,ERR,ERR,ERR,ERR,ERR,ERR,ERR,ERR,ERR,ERR,ERR,ERR,ERR,ERR,ERR,ERR,ERR,ERR,ERR,ERR,ERR,ERR,ERR,ERR,ERR,ERR,ERR,ERR,ERR,ERR,ERR,ERR,ERR,ERR,ERR,ERR,ERR,ERR,ERR,ERR,ERR,ERR,ERR,ERR,ERR,ERR,ERR,ERR,ERR,ERR,ERR,ERR,ERR,ERR,ERR,ERR,ERR,ERR,ERR,ERR,ERR,ERR,ERR,ERR,ERR,ERR,ERR,ERR,ERR,ERR,ERR,ERR,ERR,ERR,ERR,ERR,ERR,ERR,ERR,ERR,ERR,ERR,ERR,ERR,ERR,ERR,ERR,ERR,ERR,ERR,ERR,ERR,ERR,ERR,ERR,ERR,ERR,ERR,ERR,ERR,ERR,ERR,ERR,ERR,ERR,ERR,ERR,ERR,ERR,ERR,ERR,ERR,ERR,ERR,ERR,ERR,ERR,ERR,ERR,ERR,ERR,ERR,ERR,ERR,0.0,0.0,-134474944.0,0.0,0.0,1.3936040501711995e+18,7.805,0.0,0,0,4,0,8422,0.0,45,0.0,0.0,0.0,0.0,0.0,0,0,0,0,0.0,0,0,0,0,0,0,0,0,0,0,0,0,0,0,0,0,0,0,0,0,0,0,0,0,0,0,0,0,0,0,0,0,0,38,14,7,45,65476,0,300,0,0,8,21553,0.0,-107605600.0,0.0,0.0,0.0,0.0,0.0,0.0,0.0,0.0,0.0,0.0,0.0,0.0,-2.596148429267414e+33,0.0,0.0,0.0,0.0,0.0,0.0,0.0,0.0,0.0,-2.004,2.004,0.0,0.0,0.0,0.0,5010.0,0.0,0.0,0.0,0.0,0.0,-107615304.0,0.0,0.0,0.0,0.0,53,4.066880103266858e+29,-107614776.0,0.0,0.0,0.0,0.0,0.0,0.0,0.0,0,0,0,0.0,0.0,0.0,0.0,0.0,0.0,0.0,0.0,0.0,0.0,0.0,0.0,0.0,0.0,0.0,0.0,0,-107875648.0,53,0.0,106,-107614832.0,2.7006707062415038e+23,ERR,ERR,ERR,ERR,ERR,ERR,ERR,ERR,ERR,ERR,ERR,ERR,ERR,ERR,ERR,ERR,ERR,ERR,ERR,ERR,ERR,ERR,ERR,ERR,ERR,ERR,ERR,ERR,ERR,ERR,ERR,ERR,ERR,ERR,ERR,ERR,ERR,ERR,ERR,ERR,ERR,ERR,ERR,ERR,ERR,ERR,ERR,ERR,ERR,ERR,ERR,ERR,ERR,ERR,ERR,ERR,ERR,ERR,ERR,ERR,ERR,ERR,ERR,ERR,ERR,ERR,ERR,50.0,60.0,100,0.0,0.0,0.0,0.0,0.0,0.0,0.0,0.0,0.0,0.0,0.0,0.0,0.0,0.0,0.0,0.0,61.6,78,11,65508,50,65476,0,300,0,0,8,20529,65476,0,0,26214,60.0,0.0,0.0,0.0,0.0,0.0
2026-05-17T16:42:03,ERR,ERR,ERR,ERR,ERR,ERR,ERR,ERR,ERR,ERR,ERR,ERR,ERR,ERR,ERR,ERR,ERR,ERR,ERR,ERR,ERR,ERR,ERR,ERR,ERR,ERR,ERR,ERR,ERR,ERR,ERR,ERR,ERR,ERR,ERR,ERR,ERR,ERR,ERR,ERR,ERR,ERR,ERR,ERR,ERR,ERR,ERR,ERR,ERR,ERR,ERR,ERR,ERR,ERR,ERR,ERR,ERR,ERR,ERR,ERR,ERR,ERR,ERR,ERR,ERR,ERR,ERR,ERR,ERR,ERR,ERR,ERR,ERR,ERR,ERR,ERR,ERR,ERR,ERR,ERR,ERR,ERR,ERR,ERR,ERR,ERR,ERR,ERR,ERR,ERR,ERR,ERR,ERR,ERR,ERR,ERR,ERR,ERR,ERR,ERR,ERR,ERR,ERR,ERR,ERR,ERR,ERR,ERR,ERR,ERR,ERR,ERR,ERR,ERR,ERR,ERR,ERR,ERR,ERR,ERR,ERR,ERR,ERR,ERR,ERR,0.0,0.0,-134474944.0,0.0,0.0,1.3936040501711995e+18,7.805,0.0,0,0,4,0,8422,0.0,45,0.0,0.0,0.0,0.0,0.0,0,0,0,0,0.0,0,0,0,0,0,0,0,0,0,0,0,0,0,0,0,0,0,0,0,0,0,0,0,0,0,0,0,0,0,0,0,0,0,38,14,7,45,65476,0,300,0,0,8,21553,0.0,-107605600.0,0.0,0.0,0.0,0.0,0.0,0.0,0.0,0.0,0.0,0.0,0.0,0.0,-2.596148429267414e+33,0.0,0.0,0.0,0.0,0.0,0.0,0.0,0.0,0.0,-2.004,2.004,0.0,0.0,0.0,0.0,5010.0,0.0,0.0,0.0,0.0,0.0,-107615304.0,0.0,0.0,0.0,0.0,53,4.066880103266858e+29,-107614776.0,0.0,0.0,0.0,0.0,0.0,0.0,0.0,0,0,0,0.0,0.0,0.0,0.0,0.0,0.0,0.0,0.0,0.0,0.0,0.0,0.0,0.0,0.0,0.0,0.0,0,-107875648.0,53,0.0,106,-107614832.0,2.7006707062415038e+23,ERR,ERR,ERR,ERR,ERR,ERR,ERR,ERR,ERR,ERR,ERR,ERR,ERR,ERR,ERR,ERR,ERR,ERR,ERR,ERR,ERR,ERR,ERR,ERR,ERR,ERR,ERR,ERR,ERR,ERR,ERR,ERR,ERR,ERR,ERR,ERR,ERR,ERR,ERR,ERR,ERR,ERR,ERR,ERR,ERR,ERR,ERR,ERR,ERR,ERR,ERR,ERR,ERR,ERR,ERR,ERR,ERR,ERR,ERR,ERR,ERR,ERR,ERR,ERR,ERR,ERR,ERR,50.0,60.0,100,0.0,0.0,0.0,0.0,0.0,0.0,0.0,0.0,0.0,0.0,0.0,0.0,0.0,0.0,0.0,0.0,61.6,78,11,65508,50,65476,0,300,0,0,8,20529,65476,0,0,26214,60.0,0.0,0.0,0.0,0.0,0.0
2026-05-17T16:42:04,ERR,ERR,ERR,ERR,ERR,ERR,ERR,ERR,ERR,ERR,ERR,ERR,ERR,ERR,ERR,ERR,ERR,ERR,ERR,ERR,ERR,ERR,ERR,ERR,ERR,ERR,ERR,ERR,ERR,ERR,ERR,ERR,ERR,ERR,ERR,ERR,ERR,ERR,ERR,ERR,ERR,ERR,ERR,ERR,ERR,ERR,ERR,ERR,ERR,ERR,ERR,ERR,ERR,ERR,ERR,ERR,ERR,ERR,ERR,ERR,ERR,ERR,ERR,ERR,ERR,ERR,ERR,ERR,ERR,ERR,ERR,ERR,ERR,ERR,ERR,ERR,ERR,ERR,ERR,ERR,ERR,ERR,ERR,ERR,ERR,ERR,ERR,ERR,ERR,ERR,ERR,ERR,ERR,ERR,ERR,ERR,ERR,ERR,ERR,ERR,ERR,ERR,ERR,ERR,ERR,ERR,ERR,ERR,ERR,ERR,ERR,ERR,ERR,ERR,ERR,ERR,ERR,ERR,ERR,ERR,ERR,ERR,ERR,ERR,ERR,0.0,0.0,-134474944.0,0.0,0.0,1.3936040501711995e+18,7.805,0.0,0,0,4,0,8422,0.0,45,0.0,0.0,0.0,0.0,0.0,0,0,0,0,0.0,0,0,0,0,0,0,0,0,0,0,0,0,0,0,0,0,0,0,0,0,0,0,0,0,0,0,0,0,0,0,0,0,0,38,14,7,45,65476,0,300,0,0,8,21553,0.0,-107605600.0,0.0,0.0,0.0,0.0,0.0,0.0,0.0,0.0,0.0,0.0,0.0,0.0,-2.596148429267414e+33,0.0,0.0,0.0,0.0,0.0,0.0,0.0,0.0,0.0,-2.004,2.004,0.0,0.0,0.0,0.0,5010.0,0.0,0.0,0.0,0.0,0.0,-107615304.0,0.0,0.0,0.0,0.0,53,4.066880103266858e+29,-107614776.0,0.0,0.0,0.0,0.0,0.0,0.0,0.0,0,0,0,0.0,0.0,0.0,0.0,0.0,0.0,0.0,0.0,0.0,0.0,0.0,0.0,0.0,0.0,0.0,0.0,0,-107875648.0,53,0.0,106,-107614832.0,2.7006707062415038e+23,ERR,ERR,ERR,ERR,ERR,ERR,ERR,ERR,ERR,ERR,ERR,ERR,ERR,ERR,ERR,ERR,ERR,ERR,ERR,ERR,ERR,ERR,ERR,ERR,ERR,ERR,ERR,ERR,ERR,ERR,ERR,ERR,ERR,ERR,ERR,ERR,ERR,ERR,ERR,ERR,ERR,ERR,ERR,ERR,ERR,ERR,ERR,ERR,ERR,ERR,ERR,ERR,ERR,ERR,ERR,ERR,ERR,ERR,ERR,ERR,ERR,ERR,ERR,ERR,ERR,ERR,ERR,50.0,60.0,100,0.0,0.0,0.0,0.0,0.0,0.0,0.0,0.0,0.0,0.0,0.0,0.0,0.0,0.0,0.0,0.0,62.0,78,11,65508,50,65476,0,300,0,0,8,20529,65476,0,0,26214,60.0,0.0,0.0,0.0,0.0,0.0
2026-05-17T16:42:05,ERR,ERR,ERR,ERR,ERR,ERR,ERR,ERR,ERR,ERR,ERR,ERR,ERR,ERR,ERR,ERR,ERR,ERR,ERR,ERR,ERR,ERR,ERR,ERR,ERR,ERR,ERR,ERR,ERR,ERR,ERR,ERR,ERR,ERR,ERR,ERR,ERR,ERR,ERR,ERR,ERR,ERR,ERR,ERR,ERR,ERR,ERR,ERR,ERR,ERR,ERR,ERR,ERR,ERR,ERR,ERR,ERR,ERR,ERR,ERR,ERR,ERR,ERR,ERR,ERR,ERR,ERR,ERR,ERR,ERR,ERR,ERR,ERR,ERR,ERR,ERR,ERR,ERR,ERR,ERR,ERR,ERR,ERR,ERR,ERR,ERR,ERR,ERR,ERR,ERR,ERR,ERR,ERR,ERR,ERR,ERR,ERR,ERR,ERR,ERR,ERR,ERR,ERR,ERR,ERR,ERR,ERR,ERR,ERR,ERR,ERR,ERR,ERR,ERR,ERR,ERR,ERR,ERR,ERR,ERR,ERR,ERR,ERR,ERR,ERR,0.0,0.0,-134474944.0,0.0,0.0,1.3936040501711995e+18,7.805,0.0,0,0,4,0,8422,0.0,45,0.0,0.0,0.0,0.0,0.0,0,0,0,0,0.0,0,0,0,0,0,0,0,0,0,0,0,0,0,0,0,0,0,0,0,0,0,0,0,0,0,0,0,0,0,0,0,0,0,38,14,7,45,65476,0,300,0,0,8,21553,0.0,-107605600.0,0.0,0.0,0.0,0.0,0.0,0.0,0.0,0.0,0.0,0.0,0.0,0.0,-2.596148429267414e+33,0.0,0.0,0.0,0.0,0.0,0.0,0.0,0.0,0.0,-2.004,2.004,0.0,0.0,0.0,0.0,5010.0,0.0,0.0,0.0,0.0,0.0,-107615304.0,0.0,0.0,0.0,0.0,53,4.066880103266858e+29,-107614776.0,0.0,0.0,0.0,0.0,0.0,0.0,0.0,0,0,0,0.0,0.0,0.0,0.0,0.0,0.0,0.0,0.0,0.0,0.0,0.0,0.0,0.0,0.0,0.0,0.0,0,-107875648.0,53,0.0,106,-107614832.0,2.7006707062415038e+23,ERR,ERR,ERR,ERR,ERR,ERR,ERR,ERR,ERR,ERR,ERR,ERR,ERR,ERR,ERR,ERR,ERR,ERR,ERR,ERR,ERR,ERR,ERR,ERR,ERR,ERR,ERR,ERR,ERR,ERR,ERR,ERR,ERR,ERR,ERR,ERR,ERR,ERR,ERR,ERR,ERR,ERR,ERR,ERR,ERR,ERR,ERR,ERR,ERR,ERR,ERR,ERR,ERR,ERR,ERR,ERR,ERR,ERR,ERR,ERR,ERR,ERR,ERR,ERR,ERR,ERR,ERR,50.0,60.0,100,0.0,0.0,0.0,0.0,0.0,0.0,0.0,0.0,0.0,0.0,0.0,0.0,0.0,0.0,0.0,0.0,62.0,78,11,65508,50,65476,0,300,0,0,8,20529,65476,0,0,26214,60.0,0.0,0.0,0.0,0.0,0.0
2026-05-17T16:42:06,ERR,ERR,ERR,ERR,ERR,ERR,ERR,ERR,ERR,ERR,ERR,ERR,ERR,ERR,ERR,ERR,ERR,ERR,ERR,ERR,ERR,ERR,ERR,ERR,ERR,ERR,ERR,ERR,ERR,ERR,ERR,ERR,ERR,ERR,ERR,ERR,ERR,ERR,ERR,ERR,ERR,ERR,ERR,ERR,ERR,ERR,ERR,ERR,ERR,ERR,ERR,ERR,ERR,ERR,ERR,ERR,ERR,ERR,ERR,ERR,ERR,ERR,ERR,ERR,ERR,ERR,ERR,ERR,ERR,ERR,ERR,ERR,ERR,ERR,ERR,ERR,ERR,ERR,ERR,ERR,ERR,ERR,ERR,ERR,ERR,ERR,ERR,ERR,ERR,ERR,ERR,ERR,ERR,ERR,ERR,ERR,ERR,ERR,ERR,ERR,ERR,ERR,ERR,ERR,ERR,ERR,ERR,ERR,ERR,ERR,ERR,ERR,ERR,ERR,ERR,ERR,ERR,ERR,ERR,ERR,ERR,ERR,ERR,ERR,ERR,0.0,0.0,-134474944.0,0.0,0.0,1.3936040501711995e+18,7.805,0.0,0,0,4,0,8422,0.0,45,0.0,0.0,0.0,0.0,0.0,0,0,0,0,0.0,0,0,0,0,0,0,0,0,0,0,0,0,0,0,0,0,0,0,0,0,0,0,0,0,0,0,0,0,0,0,0,0,0,38,14,7,45,65476,0,300,0,0,8,21553,0.0,-107605600.0,0.0,0.0,0.0,0.0,0.0,0.0,0.0,0.0,0.0,0.0,0.0,0.0,0.0,0.0,0.0,0.0,0.0,0.0,0.0,0.0,0.0,0.0,-2.004,2.004,0.0,0.0,0.0,0.0,5010.0,3.697186133624698e+19,0.0,0.0,0.0,0.0,-107615304.0,0.0,0.0,0.0,0.0,53,4.066880103266858e+29,0.0,0.0,0.0,0.0,0.0,0.0,0.0,0.0,0,0,0,0.0,0.0,0.0,0.0,0.0,0.0,0.0,0.0,0.0,0.0,0.0,0.0,0.0,0.0,0.0,0.0,0,-107875648.0,53,0.0,106,-107614832.0,2.7006707062415038e+23,ERR,ERR,ERR,ERR,ERR,ERR,ERR,ERR,ERR,ERR,ERR,ERR,ERR,ERR,ERR,ERR,ERR,ERR,ERR,ERR,ERR,ERR,ERR,ERR,ERR,ERR,ERR,ERR,ERR,ERR,ERR,ERR,ERR,ERR,ERR,ERR,ERR,ERR,ERR,ERR,ERR,ERR,ERR,ERR,ERR,ERR,ERR,ERR,ERR,ERR,ERR,ERR,ERR,ERR,ERR,ERR,ERR,ERR,ERR,ERR,ERR,ERR,ERR,ERR,ERR,ERR,ERR,50.0,60.0,100,0.0,0.0,0.0,0.0,0.0,0.0,0.0,0.0,0.0,0.0,0.0,0.0,0.0,0.0,0.0,0.0,61.6,78,11,65508,50,65476,0,300,0,0,8,20529,65476,0,0,26214,60.0,0.0,0.0,0.0,0.0,0.0
2026-05-17T16:42:07,ERR,ERR,ERR,ERR,ERR,ERR,ERR,ERR,ERR,ERR,ERR,ERR,ERR,ERR,ERR,ERR,ERR,ERR,ERR,ERR,ERR,ERR,ERR,ERR,ERR,ERR,ERR,ERR,ERR,ERR,ERR,ERR,ERR,ERR,ERR,ERR,ERR,ERR,ERR,ERR,ERR,ERR,ERR,ERR,ERR,ERR,ERR,ERR,ERR,ERR,ERR,ERR,ERR,ERR,ERR,ERR,ERR,ERR,ERR,ERR,ERR,ERR,ERR,ERR,ERR,ERR,ERR,ERR,ERR,ERR,ERR,ERR,ERR,ERR,ERR,ERR,ERR,ERR,ERR,ERR,ERR,ERR,ERR,ERR,ERR,ERR,ERR,ERR,ERR,ERR,ERR,ERR,ERR,ERR,ERR,ERR,ERR,ERR,ERR,ERR,ERR,ERR,ERR,ERR,ERR,ERR,ERR,ERR,ERR,ERR,ERR,ERR,ERR,ERR,ERR,ERR,ERR,ERR,ERR,ERR,ERR,ERR,ERR,ERR,ERR,0.0,0.0,-134474944.0,0.0,0.0,1.3936040501711995e+18,7.805,0.0,0,0,4,0,8422,0.0,45,0.0,0.0,0.0,0.0,0.0,0,0,0,0,0.0,0,0,0,0,0,0,0,0,0,0,0,0,0,0,0,0,0,0,0,0,0,0,0,0,0,0,0,0,0,0,0,0,0,38,14,7,45,65476,0,300,0,0,8,21553,0.0,-107605600.0,0.0,0.0,0.0,0.0,0.0,0.0,0.0,0.0,0.0,0.0,0.0,0.0,0.0,0.0,0.0,0.0,0.0,0.0,0.0,0.0,0.0,0.0,-2.004,2.004,0.0,0.0,0.0,0.0,5010.0,3.697186133624698e+19,0.0,0.0,0.0,0.0,-107615304.0,0.0,0.0,0.0,0.0,53,4.066880103266858e+29,0.0,0.0,0.0,0.0,0.0,0.0,0.0,0.0,0,0,0,0.0,0.0,0.0,0.0,0.0,0.0,0.0,0.0,0.0,0.0,0.0,0.0,0.0,0.0,0.0,0.0,0,-107875648.0,53,0.0,106,-107614832.0,2.7006707062415038e+23,ERR,ERR,ERR,ERR,ERR,ERR,ERR,ERR,ERR,ERR,ERR,ERR,ERR,ERR,ERR,ERR,ERR,ERR,ERR,ERR,ERR,ERR,ERR,ERR,ERR,ERR,ERR,ERR,ERR,ERR,ERR,ERR,ERR,ERR,ERR,ERR,ERR,ERR,ERR,ERR,ERR,ERR,ERR,ERR,ERR,ERR,ERR,ERR,ERR,ERR,ERR,ERR,ERR,ERR,ERR,ERR,ERR,ERR,ERR,ERR,ERR,ERR,ERR,ERR,ERR,ERR,ERR,50.0,60.0,100,0.0,0.0,0.0,0.0,0.0,0.0,0.0,0.0,0.0,0.0,0.0,0.0,0.0,0.0,0.0,0.0,61.6,78,11,65508,50,65476,0,300,0,0,8,20529,65476,0,0,26214,60.0,0.0,0.0,0.0,0.0,0.0
2026-05-17T16:42:08,ERR,ERR,ERR,ERR,ERR,ERR,ERR,ERR,ERR,ERR,ERR,ERR,ERR,ERR,ERR,ERR,ERR,ERR,ERR,ERR,ERR,ERR,ERR,ERR,ERR,ERR,ERR,ERR,ERR,ERR,ERR,ERR,ERR,ERR,ERR,ERR,ERR,ERR,ERR,ERR,ERR,ERR,ERR,ERR,ERR,ERR,ERR,ERR,ERR,ERR,ERR,ERR,ERR,ERR,ERR,ERR,ERR,ERR,ERR,ERR,ERR,ERR,ERR,ERR,ERR,ERR,ERR,ERR,ERR,ERR,ERR,ERR,ERR,ERR,ERR,ERR,ERR,ERR,ERR,ERR,ERR,ERR,ERR,ERR,ERR,ERR,ERR,ERR,ERR,ERR,ERR,ERR,ERR,ERR,ERR,ERR,ERR,ERR,ERR,ERR,ERR,ERR,ERR,ERR,ERR,ERR,ERR,ERR,ERR,ERR,ERR,ERR,ERR,ERR,ERR,ERR,ERR,ERR,ERR,ERR,ERR,ERR,ERR,ERR,ERR,0.0,0.0,-134474944.0,0.0,0.0,1.3936040501711995e+18,7.805,0.0,0,0,4,0,8422,0.0,45,0.0,0.0,0.0,0.0,0.0,0,0,0,0,0.0,0,0,0,0,0,0,0,0,0,0,0,0,0,0,0,0,0,0,0,0,0,0,0,0,0,0,0,0,0,0,0,0,0,38,14,7,45,65476,0,300,0,0,8,21553,0.0,-107605600.0,0.0,0.0,0.0,0.0,0.0,0.0,0.0,0.0,0.0,0.0,0.0,0.0,0.0,0.0,0.0,0.0,0.0,0.0,0.0,0.0,0.0,0.0,-2.004,2.004,0.0,0.0,0.0,0.0,5010.0,3.697186133624698e+19,0.0,0.0,0.0,0.0,-107615304.0,0.0,0.0,0.0,0.0,53,4.066880103266858e+29,0.0,0.0,0.0,0.0,0.0,0.0,0.0,0.0,0,0,0,0.0,0.0,0.0,0.0,0.0,0.0,0.0,0.0,0.0,0.0,0.0,0.0,0.0,0.0,0.0,0.0,0,-107875648.0,53,0.0,106,-107614832.0,2.7006707062415038e+23,ERR,ERR,ERR,ERR,ERR,ERR,ERR,ERR,ERR,ERR,ERR,ERR,ERR,ERR,ERR,ERR,ERR,ERR,ERR,ERR,ERR,ERR,ERR,ERR,ERR,ERR,ERR,ERR,ERR,ERR,ERR,ERR,ERR,ERR,ERR,ERR,ERR,ERR,ERR,ERR,ERR,ERR,ERR,ERR,ERR,ERR,ERR,ERR,ERR,ERR,ERR,ERR,ERR,ERR,ERR,ERR,ERR,ERR,ERR,ERR,ERR,ERR,ERR,ERR,ERR,ERR,ERR,50.0,60.0,100,0.0,0.0,0.0,0.0,0.0,0.0,0.0,0.0,0.0,0.0,0.0,0.0,0.0,0.0,0.0,0.0,61.6,78,11,65508,50,65476,0,300,0,0,8,20529,65476,0,0,26214,60.0,0.0,0.0,0.0,0.0,0.0
2026-05-17T16:42:09,ERR,ERR,ERR,ERR,ERR,ERR,ERR,ERR,ERR,ERR,ERR,ERR,ERR,ERR,ERR,ERR,ERR,ERR,ERR,ERR,ERR,ERR,ERR,ERR,ERR,ERR,ERR,ERR,ERR,ERR,ERR,ERR,ERR,ERR,ERR,ERR,ERR,ERR,ERR,ERR,ERR,ERR,ERR,ERR,ERR,ERR,ERR,ERR,ERR,ERR,ERR,ERR,ERR,ERR,ERR,ERR,ERR,ERR,ERR,ERR,ERR,ERR,ERR,ERR,ERR,ERR,ERR,ERR,ERR,ERR,ERR,ERR,ERR,ERR,ERR,ERR,ERR,ERR,ERR,ERR,ERR,ERR,ERR,ERR,ERR,ERR,ERR,ERR,ERR,ERR,ERR,ERR,ERR,ERR,ERR,ERR,ERR,ERR,ERR,ERR,ERR,ERR,ERR,ERR,ERR,ERR,ERR,ERR,ERR,ERR,ERR,ERR,ERR,ERR,ERR,ERR,ERR,ERR,ERR,ERR,ERR,ERR,ERR,ERR,ERR,0.0,0.0,-134474944.0,0.0,0.0,1.3936040501711995e+18,7.805,0.0,0,0,4,0,8422,0.0,45,0.0,0.0,0.0,0.0,0.0,0,0,0,0,0.0,0,0,0,0,0,0,0,0,0,0,0,0,0,0,0,0,0,0,0,0,0,0,0,0,0,0,0,0,0,0,0,0,0,38,14,7,45,65476,0,300,0,0,8,21553,0.0,-107605600.0,0.0,0.0,0.0,0.0,0.0,0.0,0.0,0.0,0.0,0.0,0.0,0.0,0.0,0.0,0.0,0.0,0.0,0.0,0.0,0.0,0.0,0.0,-2.004,2.004,0.0,0.0,0.0,0.0,5010.0,3.697186133624698e+19,0.0,0.0,0.0,0.0,-107615304.0,0.0,0.0,0.0,0.0,53,4.066880103266858e+29,0.0,0.0,0.0,0.0,0.0,0.0,0.0,0.0,0,0,0,0.0,0.0,0.0,0.0,0.0,0.0,0.0,0.0,0.0,0.0,0.0,0.0,0.0,0.0,0.0,0.0,0,-107875648.0,53,0.0,106,-107614832.0,2.7006707062415038e+23,ERR,ERR,ERR,ERR,ERR,ERR,ERR,ERR,ERR,ERR,ERR,ERR,ERR,ERR,ERR,ERR,ERR,ERR,ERR,ERR,ERR,ERR,ERR,ERR,ERR,ERR,ERR,ERR,ERR,ERR,ERR,ERR,ERR,ERR,ERR,ERR,ERR,ERR,ERR,ERR,ERR,ERR,ERR,ERR,ERR,ERR,ERR,ERR,ERR,ERR,ERR,ERR,ERR,ERR,ERR,ERR,ERR,ERR,ERR,ERR,ERR,ERR,ERR,ERR,ERR,ERR,ERR,50.0,60.0,100,0.0,0.0,0.0,0.0,0.0,0.0,0.0,0.0,0.0,0.0,0.0,0.0,0.0,0.0,0.0,0.0,61.6,78,11,65508,50,65476,0,300,0,0,8,20529,65476,0,0,26214,60.0,0.0,0.0,0.0,0.0,0.0
2026-05-17T16:42:10,ERR,ERR,ERR,ERR,ERR,ERR,ERR,ERR,ERR,ERR,ERR,ERR,ERR,ERR,ERR,ERR,ERR,ERR,ERR,ERR,ERR,ERR,ERR,ERR,ERR,ERR,ERR,ERR,ERR,ERR,ERR,ERR,ERR,ERR,ERR,ERR,ERR,ERR,ERR,ERR,ERR,ERR,ERR,ERR,ERR,ERR,ERR,ERR,ERR,ERR,ERR,ERR,ERR,ERR,ERR,ERR,ERR,ERR,ERR,ERR,ERR,ERR,ERR,ERR,ERR,ERR,ERR,ERR,ERR,ERR,ERR,ERR,ERR,ERR,ERR,ERR,ERR,ERR,ERR,ERR,ERR,ERR,ERR,ERR,ERR,ERR,ERR,ERR,ERR,ERR,ERR,ERR,ERR,ERR,ERR,ERR,ERR,ERR,ERR,ERR,ERR,ERR,ERR,ERR,ERR,ERR,ERR,ERR,ERR,ERR,ERR,ERR,ERR,ERR,ERR,ERR,ERR,ERR,ERR,ERR,ERR,ERR,ERR,ERR,ERR,0.0,0.0,-134474944.0,0.0,0.0,1.3936040501711995e+18,7.805,0.0,0,0,4,0,8422,0.0,45,0.0,0.0,0.0,0.0,0.0,0,0,0,0,0.0,0,0,0,0,0,0,0,0,0,0,0,0,0,0,0,0,0,0,0,0,0,0,0,0,0,0,0,0,0,0,0,0,0,38,14,7,45,65476,0,300,0,0,8,21553,0.0,-107605600.0,0.0,0.0,0.0,0.0,0.0,0.0,0.0,0.0,0.0,0.0,0.0,0.0,0.0,0.0,0.0,0.0,0.0,0.0,0.0,0.0,0.0,0.0,-2.004,2.004,0.0,0.0,0.0,0.0,5010.0,3.697186133624698e+19,0.0,0.0,0.0,0.0,-107615304.0,0.0,0.0,0.0,0.0,53,4.066880103266858e+29,0.0,0.0,0.0,0.0,0.0,0.0,0.0,0.0,0,0,0,0.0,0.0,0.0,0.0,0.0,0.0,0.0,0.0,0.0,0.0,0.0,0.0,0.0,0.0,0.0,0.0,0,-107875648.0,53,0.0,106,-107614832.0,2.7006707062415038e+23,ERR,ERR,ERR,ERR,ERR,ERR,ERR,ERR,ERR,ERR,ERR,ERR,ERR,ERR,ERR,ERR,ERR,ERR,ERR,ERR,ERR,ERR,ERR,ERR,ERR,ERR,ERR,ERR,ERR,ERR,ERR,ERR,ERR,ERR,ERR,ERR,ERR,ERR,ERR,ERR,ERR,ERR,ERR,ERR,ERR,ERR,ERR,ERR,ERR,ERR,ERR,ERR,ERR,ERR,ERR,ERR,ERR,ERR,ERR,ERR,ERR,ERR,ERR,ERR,ERR,ERR,ERR,50.0,60.0,100,0.0,0.0,0.0,0.0,0.0,0.0,0.0,0.0,0.0,0.0,0.0,0.0,0.0,0.0,0.0,0.0,61.6,78,11,65508,50,65476,0,300,0,0,8,20529,65476,0,0,26214,60.0,0.0,0.0,0.0,0.0,0.0
2026-05-17T16:42:11,ERR,ERR,ERR,ERR,ERR,ERR,ERR,ERR,ERR,ERR,ERR,ERR,ERR,ERR,ERR,ERR,ERR,ERR,ERR,ERR,ERR,ERR,ERR,ERR,ERR,ERR,ERR,ERR,ERR,ERR,ERR,ERR,ERR,ERR,ERR,ERR,ERR,ERR,ERR,ERR,ERR,ERR,ERR,ERR,ERR,ERR,ERR,ERR,ERR,ERR,ERR,ERR,ERR,ERR,ERR,ERR,ERR,ERR,ERR,ERR,ERR,ERR,ERR,ERR,ERR,ERR,ERR,ERR,ERR,ERR,ERR,ERR,ERR,ERR,ERR,ERR,ERR,ERR,ERR,ERR,ERR,ERR,ERR,ERR,ERR,ERR,ERR,ERR,ERR,ERR,ERR,ERR,ERR,ERR,ERR,ERR,ERR,ERR,ERR,ERR,ERR,ERR,ERR,ERR,ERR,ERR,ERR,ERR,ERR,ERR,ERR,ERR,ERR,ERR,ERR,ERR,ERR,ERR,ERR,ERR,ERR,ERR,ERR,ERR,ERR,0.0,0.0,-134474944.0,0.0,0.0,1.3936040501711995e+18,7.805,0.0,0,0,4,0,8422,0.0,45,0.0,0.0,0.0,0.0,0.0,0,0,0,0,0.0,0,0,0,0,0,0,0,0,0,0,0,0,0,0,0,0,0,0,0,0,0,0,0,0,0,0,0,0,0,0,0,0,0,38,14,7,45,65476,0,300,0,0,8,21553,0.0,-107605600.0,0.0,0.0,0.0,0.0,0.0,0.0,0.0,0.0,0.0,0.0,0.0,0.0,0.0,0.0,0.0,0.0,0.0,0.0,0.0,0.0,0.0,0.0,-2.004,2.004,0.0,0.0,0.0,0.0,5007.0,-0.0,0.0,0.0,0.0,0.0,-107615304.0,0.0,0.0,0.0,0.0,53,2.3088403658719416e+20,126840537088.0,0.0,0.0,0.0,0.0,0.0,0.0,0.0,0,0,0,0.0,0.0,0.0,0.0,0.0,0.0,0.0,0.0,0.0,0.0,0.0,0.0,0.0,0.0,0.0,0.0,0,-107875648.0,53,0.0,106,-107614832.0,2.7006707062415038e+23,ERR,ERR,ERR,ERR,ERR,ERR,ERR,ERR,ERR,ERR,ERR,ERR,ERR,ERR,ERR,ERR,ERR,ERR,ERR,ERR,ERR,ERR,ERR,ERR,ERR,ERR,ERR,ERR,ERR,ERR,ERR,ERR,ERR,ERR,ERR,ERR,ERR,ERR,ERR,ERR,ERR,ERR,ERR,ERR,ERR,ERR,ERR,ERR,ERR,ERR,ERR,ERR,ERR,ERR,ERR,ERR,ERR,ERR,ERR,ERR,ERR,ERR,ERR,ERR,ERR,ERR,ERR,50.0,60.0,100,0.0,0.0,0.0,0.0,0.0,0.0,0.0,0.0,0.0,0.0,0.0,0.0,0.0,0.0,0.0,0.0,61.6,78,11,65508,50,65476,0,300,0,0,8,20529,65476,0,0,26214,60.0,0.0,0.0,0.0,0.0,0.0
2026-05-17T16:42:12,ERR,ERR,ERR,ERR,ERR,ERR,ERR,ERR,ERR,ERR,ERR,ERR,ERR,ERR,ERR,ERR,ERR,ERR,ERR,ERR,ERR,ERR,ERR,ERR,ERR,ERR,ERR,ERR,ERR,ERR,ERR,ERR,ERR,ERR,ERR,ERR,ERR,ERR,ERR,ERR,ERR,ERR,ERR,ERR,ERR,ERR,ERR,ERR,ERR,ERR,ERR,ERR,ERR,ERR,ERR,ERR,ERR,ERR,ERR,ERR,ERR,ERR,ERR,ERR,ERR,ERR,ERR,ERR,ERR,ERR,ERR,ERR,ERR,ERR,ERR,ERR,ERR,ERR,ERR,ERR,ERR,ERR,ERR,ERR,ERR,ERR,ERR,ERR,ERR,ERR,ERR,ERR,ERR,ERR,ERR,ERR,ERR,ERR,ERR,ERR,ERR,ERR,ERR,ERR,ERR,ERR,ERR,ERR,ERR,ERR,ERR,ERR,ERR,ERR,ERR,ERR,ERR,ERR,ERR,ERR,ERR,ERR,ERR,ERR,ERR,0.0,0.0,-134474944.0,0.0,0.0,1.3936040501711995e+18,7.805,0.0,0,0,4,0,8422,0.0,45,0.0,0.0,0.0,0.0,0.0,0,0,0,0,0.0,0,0,0,0,0,0,0,0,0,0,0,0,0,0,0,0,0,0,0,0,0,0,0,0,0,0,0,0,0,0,0,0,0,38,14,7,45,65476,0,300,0,0,8,21553,0.0,-107605600.0,0.0,0.0,0.0,0.0,0.0,0.0,0.0,0.0,0.0,0.0,0.0,0.0,0.0,0.0,0.0,0.0,0.0,0.0,0.0,0.0,0.0,0.0,-2.004,2.004,0.0,0.0,0.0,0.0,5007.0,-0.0,0.0,0.0,0.0,0.0,-107615304.0,0.0,0.0,0.0,0.0,53,2.3088403658719416e+20,126840537088.0,0.0,0.0,0.0,0.0,0.0,0.0,0.0,0,0,0,0.0,0.0,0.0,0.0,0.0,0.0,0.0,0.0,0.0,0.0,0.0,0.0,0.0,0.0,0.0,0.0,0,-107875648.0,53,0.0,106,-107614832.0,2.7006707062415038e+23,ERR,ERR,ERR,ERR,ERR,ERR,ERR,ERR,ERR,ERR,ERR,ERR,ERR,ERR,ERR,ERR,ERR,ERR,ERR,ERR,ERR,ERR,ERR,ERR,ERR,ERR,ERR,ERR,ERR,ERR,ERR,ERR,ERR,ERR,ERR,ERR,ERR,ERR,ERR,ERR,ERR,ERR,ERR,ERR,ERR,ERR,ERR,ERR,ERR,ERR,ERR,ERR,ERR,ERR,ERR,ERR,ERR,ERR,ERR,ERR,ERR,ERR,ERR,ERR,ERR,ERR,ERR,50.0,60.0,100,0.0,0.0,0.0,0.0,0.0,0.0,0.0,0.0,0.0,0.0,0.0,0.0,0.0,0.0,0.0,0.0,61.6,78,11,65508,50,65476,0,300,0,0,8,20529,65476,0,0,26214,60.0,0.0,0.0,0.0,0.0,0.0
2026-05-17T16:42:13,ERR,ERR,ERR,ERR,ERR,ERR,ERR,ERR,ERR,ERR,ERR,ERR,ERR,ERR,ERR,ERR,ERR,ERR,ERR,ERR,ERR,ERR,ERR,ERR,ERR,ERR,ERR,ERR,ERR,ERR,ERR,ERR,ERR,ERR,ERR,ERR,ERR,ERR,ERR,ERR,ERR,ERR,ERR,ERR,ERR,ERR,ERR,ERR,ERR,ERR,ERR,ERR,ERR,ERR,ERR,ERR,ERR,ERR,ERR,ERR,ERR,ERR,ERR,ERR,ERR,ERR,ERR,ERR,ERR,ERR,ERR,ERR,ERR,ERR,ERR,ERR,ERR,ERR,ERR,ERR,ERR,ERR,ERR,ERR,ERR,ERR,ERR,ERR,ERR,ERR,ERR,ERR,ERR,ERR,ERR,ERR,ERR,ERR,ERR,ERR,ERR,ERR,ERR,ERR,ERR,ERR,ERR,ERR,ERR,ERR,ERR,ERR,ERR,ERR,ERR,ERR,ERR,ERR,ERR,ERR,ERR,ERR,ERR,ERR,ERR,0.0,0.0,-134474944.0,0.0,0.0,1.3936040501711995e+18,7.805,0.0,0,0,4,0,8422,0.0,45,0.0,0.0,0.0,0.0,0.0,0,0,0,0,0.0,0,0,0,0,0,0,0,0,0,0,0,0,0,0,0,0,0,0,0,0,0,0,0,0,0,0,0,0,0,0,0,0,0,38,14,7,45,65476,0,300,0,0,8,21553,0.0,-107605600.0,0.0,0.0,0.0,0.0,0.0,0.0,0.0,0.0,0.0,0.0,0.0,0.0,0.0,0.0,0.0,0.0,0.0,0.0,0.0,0.0,0.0,0.0,-2.004,2.004,0.0,0.0,0.0,0.0,5007.0,-0.0,0.0,0.0,0.0,0.0,-107615304.0,0.0,0.0,0.0,0.0,53,2.3088403658719416e+20,126840537088.0,0.0,0.0,0.0,0.0,0.0,0.0,0.0,0,0,0,0.0,0.0,0.0,0.0,0.0,0.0,0.0,0.0,0.0,0.0,0.0,0.0,0.0,0.0,0.0,0.0,0,-107875648.0,53,0.0,106,-107614832.0,2.7006707062415038e+23,ERR,ERR,ERR,ERR,ERR,ERR,ERR,ERR,ERR,ERR,ERR,ERR,ERR,ERR,ERR,ERR,ERR,ERR,ERR,ERR,ERR,ERR,ERR,ERR,ERR,ERR,ERR,ERR,ERR,ERR,ERR,ERR,ERR,ERR,ERR,ERR,ERR,ERR,ERR,ERR,ERR,ERR,ERR,ERR,ERR,ERR,ERR,ERR,ERR,ERR,ERR,ERR,ERR,ERR,ERR,ERR,ERR,ERR,ERR,ERR,ERR,ERR,ERR,ERR,ERR,ERR,ERR,50.0,60.0,100,0.0,0.0,0.0,0.0,0.0,0.0,0.0,0.0,0.0,0.0,0.0,0.0,0.0,0.0,0.0,0.0,62.0,78,11,65508,50,65476,0,300,0,0,8,20529,65476,0,0,26214,60.0,0.0,0.0,0.0,0.0,0.0
2026-05-17T16:42:14,ERR,ERR,ERR,ERR,ERR,ERR,ERR,ERR,ERR,ERR,ERR,ERR,ERR,ERR,ERR,ERR,ERR,ERR,ERR,ERR,ERR,ERR,ERR,ERR,ERR,ERR,ERR,ERR,ERR,ERR,ERR,ERR,ERR,ERR,ERR,ERR,ERR,ERR,ERR,ERR,ERR,ERR,ERR,ERR,ERR,ERR,ERR,ERR,ERR,ERR,ERR,ERR,ERR,ERR,ERR,ERR,ERR,ERR,ERR,ERR,ERR,ERR,ERR,ERR,ERR,ERR,ERR,ERR,ERR,ERR,ERR,ERR,ERR,ERR,ERR,ERR,ERR,ERR,ERR,ERR,ERR,ERR,ERR,ERR,ERR,ERR,ERR,ERR,ERR,ERR,ERR,ERR,ERR,ERR,ERR,ERR,ERR,ERR,ERR,ERR,ERR,ERR,ERR,ERR,ERR,ERR,ERR,ERR,ERR,ERR,ERR,ERR,ERR,ERR,ERR,ERR,ERR,ERR,ERR,ERR,ERR,ERR,ERR,ERR,ERR,0.0,0.0,-134474944.0,0.0,0.0,1.3936040501711995e+18,7.805,0.0,0,0,4,0,8422,0.0,45,0.0,0.0,0.0,0.0,0.0,0,0,0,0,0.0,0,0,0,0,0,0,0,0,0,0,0,0,0,0,0,0,0,0,0,0,0,0,0,0,0,0,0,0,0,0,0,0,0,38,14,7,45,65476,0,300,0,0,8,21553,0.0,-107605600.0,0.0,0.0,0.0,0.0,0.0,0.0,0.0,0.0,0.0,0.0,0.0,0.0,0.0,0.0,0.0,0.0,0.0,0.0,0.0,0.0,0.0,0.0,-2.004,2.004,0.0,0.0,0.0,0.0,5007.0,-0.0,0.0,0.0,0.0,0.0,-107615304.0,0.0,0.0,0.0,0.0,53,2.3088403658719416e+20,126840537088.0,0.0,0.0,0.0,0.0,0.0,0.0,0.0,0,0,0,0.0,0.0,0.0,0.0,0.0,0.0,0.0,0.0,0.0,0.0,0.0,0.0,0.0,0.0,0.0,0.0,0,-107875648.0,53,0.0,106,-107614832.0,2.7006707062415038e+23,ERR,ERR,ERR,ERR,ERR,ERR,ERR,ERR,ERR,ERR,ERR,ERR,ERR,ERR,ERR,ERR,ERR,ERR,ERR,ERR,ERR,ERR,ERR,ERR,ERR,ERR,ERR,ERR,ERR,ERR,ERR,ERR,ERR,ERR,ERR,ERR,ERR,ERR,ERR,ERR,ERR,ERR,ERR,ERR,ERR,ERR,ERR,ERR,ERR,ERR,ERR,ERR,ERR,ERR,ERR,ERR,ERR,ERR,ERR,ERR,ERR,ERR,ERR,ERR,ERR,ERR,ERR,50.0,60.0,100,0.0,0.0,0.0,0.0,0.0,0.0,0.0,0.0,0.0,0.0,0.0,0.0,0.0,0.0,0.0,0.0,61.6,78,11,65508,50,65476,0,300,0,0,8,20529,65476,0,0,26214,60.0,0.0,0.0,0.0,0.0,0.0
2026-05-17T16:42:15,ERR,ERR,ERR,ERR,ERR,ERR,ERR,ERR,ERR,ERR,ERR,ERR,ERR,ERR,ERR,ERR,ERR,ERR,ERR,ERR,ERR,ERR,ERR,ERR,ERR,ERR,ERR,ERR,ERR,ERR,ERR,ERR,ERR,ERR,ERR,ERR,ERR,ERR,ERR,ERR,ERR,ERR,ERR,ERR,ERR,ERR,ERR,ERR,ERR,ERR,ERR,ERR,ERR,ERR,ERR,ERR,ERR,ERR,ERR,ERR,ERR,ERR,ERR,ERR,ERR,ERR,ERR,ERR,ERR,ERR,ERR,ERR,ERR,ERR,ERR,ERR,ERR,ERR,ERR,ERR,ERR,ERR,ERR,ERR,ERR,ERR,ERR,ERR,ERR,ERR,ERR,ERR,ERR,ERR,ERR,ERR,ERR,ERR,ERR,ERR,ERR,ERR,ERR,ERR,ERR,ERR,ERR,ERR,ERR,ERR,ERR,ERR,ERR,ERR,ERR,ERR,ERR,ERR,ERR,ERR,ERR,ERR,ERR,ERR,ERR,0.0,0.0,-134474944.0,0.0,0.0,1.3936040501711995e+18,7.805,0.0,0,0,4,0,8422,0.0,45,0.0,0.0,0.0,0.0,0.0,0,0,0,0,0.0,0,0,0,0,0,0,0,0,0,0,0,0,0,0,0,0,0,0,0,0,0,0,0,0,0,0,0,0,0,0,0,0,0,38,14,7,45,65476,0,300,0,0,8,21553,0.0,-107605600.0,0.0,0.0,0.0,0.0,0.0,0.0,0.0,0.0,0.0,0.0,0.0,0.0,0.0,0.0,0.0,0.0,0.0,0.0,0.0,0.0,0.0,0.0,-2.004,2.004,0.0,0.0,0.0,0.0,5007.0,-0.0,0.0,0.0,0.0,0.0,-107615304.0,0.0,0.0,0.0,0.0,53,2.3088403658719416e+20,126840537088.0,0.0,0.0,0.0,0.0,0.0,0.0,0.0,0,0,0,0.0,0.0,0.0,0.0,0.0,0.0,0.0,0.0,0.0,0.0,0.0,0.0,0.0,0.0,0.0,0.0,0,-107875648.0,53,0.0,106,-107614832.0,2.7006707062415038e+23,ERR,ERR,ERR,ERR,ERR,ERR,ERR,ERR,ERR,ERR,ERR,ERR,ERR,ERR,ERR,ERR,ERR,ERR,ERR,ERR,ERR,ERR,ERR,ERR,ERR,ERR,ERR,ERR,ERR,ERR,ERR,ERR,ERR,ERR,ERR,ERR,ERR,ERR,ERR,ERR,ERR,ERR,ERR,ERR,ERR,ERR,ERR,ERR,ERR,ERR,ERR,ERR,ERR,ERR,ERR,ERR,ERR,ERR,ERR,ERR,ERR,ERR,ERR,ERR,ERR,ERR,ERR,50.0,60.0,100,0.0,0.0,0.0,0.0,0.0,0.0,0.0,0.0,0.0,0.0,0.0,0.0,0.0,0.0,0.0,0.0,61.6,78,11,65508,50,65476,0,300,0,0,8,20529,65476,0,0,26214,60.0,0.0,0.0,0.0,0.0,0.0
2026-05-17T16:42:16,ERR,ERR,ERR,ERR,ERR,ERR,ERR,ERR,ERR,ERR,ERR,ERR,ERR,ERR,ERR,ERR,ERR,ERR,ERR,ERR,ERR,ERR,ERR,ERR,ERR,ERR,ERR,ERR,ERR,ERR,ERR,ERR,ERR,ERR,ERR,ERR,ERR,ERR,ERR,ERR,ERR,ERR,ERR,ERR,ERR,ERR,ERR,ERR,ERR,ERR,ERR,ERR,ERR,ERR,ERR,ERR,ERR,ERR,ERR,ERR,ERR,ERR,ERR,ERR,ERR,ERR,ERR,ERR,ERR,ERR,ERR,ERR,ERR,ERR,ERR,ERR,ERR,ERR,ERR,ERR,ERR,ERR,ERR,ERR,ERR,ERR,ERR,ERR,ERR,ERR,ERR,ERR,ERR,ERR,ERR,ERR,ERR,ERR,ERR,ERR,ERR,ERR,ERR,ERR,ERR,ERR,ERR,ERR,ERR,ERR,ERR,ERR,ERR,ERR,ERR,ERR,ERR,ERR,ERR,ERR,ERR,ERR,ERR,ERR,ERR,0.0,0.0,-134474944.0,0.0,0.0,1.3936040501711995e+18,7.805,0.0,0,0,4,0,8422,0.0,45,0.0,0.0,0.0,0.0,0.0,0,0,0,0,0.0,0,0,0,0,0,0,0,0,0,0,0,0,0,0,0,0,0,0,0,0,0,0,0,0,0,0,0,0,0,0,0,0,0,38,14,7,45,65476,0,300,0,0,8,21553,0.0,-107605600.0,0.0,0.0,0.0,0.0,0.0,0.0,0.0,0.0,0.0,0.0,0.0,0.0,0.0,0.0,0.0,0.0,0.0,0.0,0.0,0.0,0.0,0.0,-2.004,2.004,0.0,0.0,0.0,0.0,5007.0,-0.0,0.0,0.0,0.0,0.0,-107615304.0,0.0,0.0,0.0,0.0,53,2.3088403658719416e+20,126840537088.0,0.0,0.0,0.0,0.0,0.0,0.0,0.0,0,0,0,0.0,0.0,0.0,0.0,0.0,0.0,0.0,0.0,0.0,0.0,0.0,0.0,0.0,0.0,0.0,0.0,0,-107875648.0,53,0.0,106,-107614832.0,2.7006707062415038e+23,ERR,ERR,ERR,ERR,ERR,ERR,ERR,ERR,ERR,ERR,ERR,ERR,ERR,ERR,ERR,ERR,ERR,ERR,ERR,ERR,ERR,ERR,ERR,ERR,ERR,ERR,ERR,ERR,ERR,ERR,ERR,ERR,ERR,ERR,ERR,ERR,ERR,ERR,ERR,ERR,ERR,ERR,ERR,ERR,ERR,ERR,ERR,ERR,ERR,ERR,ERR,ERR,ERR,ERR,ERR,ERR,ERR,ERR,ERR,ERR,ERR,ERR,ERR,ERR,ERR,ERR,ERR,50.0,60.0,100,0.0,0.0,0.0,0.0,0.0,0.0,0.0,0.0,0.0,0.0,0.0,0.0,0.0,0.0,0.0,0.0,61.6,78,11,65508,50,65476,0,300,0,0,8,20529,65476,0,0,26214,60.0,0.0,0.0,0.0,0.0,0.0
2026-05-17T16:42:17,ERR,ERR,ERR,ERR,ERR,ERR,ERR,ERR,ERR,ERR,ERR,ERR,ERR,ERR,ERR,ERR,ERR,ERR,ERR,ERR,ERR,ERR,ERR,ERR,ERR,ERR,ERR,ERR,ERR,ERR,ERR,ERR,ERR,ERR,ERR,ERR,ERR,ERR,ERR,ERR,ERR,ERR,ERR,ERR,ERR,ERR,ERR,ERR,ERR,ERR,ERR,ERR,ERR,ERR,ERR,ERR,ERR,ERR,ERR,ERR,ERR,ERR,ERR,ERR,ERR,ERR,ERR,ERR,ERR,ERR,ERR,ERR,ERR,ERR,ERR,ERR,ERR,ERR,ERR,ERR,ERR,ERR,ERR,ERR,ERR,ERR,ERR,ERR,ERR,ERR,ERR,ERR,ERR,ERR,ERR,ERR,ERR,ERR,ERR,ERR,ERR,ERR,ERR,ERR,ERR,ERR,ERR,ERR,ERR,ERR,ERR,ERR,ERR,ERR,ERR,ERR,ERR,ERR,ERR,ERR,ERR,ERR,ERR,ERR,ERR,0.0,0.0,-134474944.0,0.0,0.0,1.3936040501711995e+18,7.805,0.0,0,0,4,0,8422,0.0,45,0.0,0.0,0.0,0.0,0.0,0,0,0,0,0.0,0,0,0,0,0,0,0,0,0,0,0,0,0,0,0,0,0,0,0,0,0,0,0,0,0,0,0,0,0,0,0,0,0,38,14,7,45,65476,0,300,0,0,8,21553,0.0,-107605600.0,0.0,0.0,0.0,0.0,0.0,0.0,0.0,0.0,0.0,0.0,0.0,0.0,0.0,0.0,0.0,0.0,0.0,0.0,0.0,0.0,0.0,0.0,-2.004,2.004,0.0,0.0,0.0,0.0,5011.0,-0.0,0.0,0.0,0.0,0.0,-107615304.0,0.0,0.0,0.0,0.0,53,4.950428597886765e+32,4.066853658014554e+29,0.0,0.0,0.0,0.0,0.0,0.0,0.0,0,0,0,0.0,0.0,0.0,0.0,0.0,0.0,0.0,0.0,0.0,0.0,0.0,0.0,0.0,0.0,0.0,0.0,0,-107875648.0,53,0.0,106,-107614832.0,2.7006707062415038e+23,ERR,ERR,ERR,ERR,ERR,ERR,ERR,ERR,ERR,ERR,ERR,ERR,ERR,ERR,ERR,ERR,ERR,ERR,ERR,ERR,ERR,ERR,ERR,ERR,ERR,ERR,ERR,ERR,ERR,ERR,ERR,ERR,ERR,ERR,ERR,ERR,ERR,ERR,ERR,ERR,ERR,ERR,ERR,ERR,ERR,ERR,ERR,ERR,ERR,ERR,ERR,ERR,ERR,ERR,ERR,ERR,ERR,ERR,ERR,ERR,ERR,ERR,ERR,ERR,ERR,ERR,ERR,50.0,60.0,100,0.0,0.0,0.0,0.0,0.0,0.0,0.0,0.0,0.0,0.0,0.0,0.0,0.0,0.0,0.0,0.0,61.6,78,11,65508,50,65476,0,300,0,0,8,20529,65476,0,0,26214,60.0,0.0,0.0,0.0,0.0,0.0
2026-05-17T16:42:18,ERR,ERR,ERR,ERR,ERR,ERR,ERR,ERR,ERR,ERR,ERR,ERR,ERR,ERR,ERR,ERR,ERR,ERR,ERR,ERR,ERR,ERR,ERR,ERR,ERR,ERR,ERR,ERR,ERR,ERR,ERR,ERR,ERR,ERR,ERR,ERR,ERR,ERR,ERR,ERR,ERR,ERR,ERR,ERR,ERR,ERR,ERR,ERR,ERR,ERR,ERR,ERR,ERR,ERR,ERR,ERR,ERR,ERR,ERR,ERR,ERR,ERR,ERR,ERR,ERR,ERR,ERR,ERR,ERR,ERR,ERR,ERR,ERR,ERR,ERR,ERR,ERR,ERR,ERR,ERR,ERR,ERR,ERR,ERR,ERR,ERR,ERR,ERR,ERR,ERR,ERR,ERR,ERR,ERR,ERR,ERR,ERR,ERR,ERR,ERR,ERR,ERR,ERR,ERR,ERR,ERR,ERR,ERR,ERR,ERR,ERR,ERR,ERR,ERR,ERR,ERR,ERR,ERR,ERR,ERR,ERR,ERR,ERR,ERR,ERR,0.0,0.0,-134474944.0,0.0,0.0,1.3936040501711995e+18,7.805,0.0,0,0,4,0,8422,0.0,45,0.0,0.0,0.0,0.0,0.0,0,0,0,0,0.0,0,0,0,0,0,0,0,0,0,0,0,0,0,0,0,0,0,0,0,0,0,0,0,0,0,0,0,0,0,0,0,0,0,38,14,7,45,65476,0,300,0,0,8,21553,0.0,-107605600.0,0.0,0.0,0.0,0.0,0.0,0.0,0.0,0.0,0.0,0.0,0.0,0.0,0.0,0.0,0.0,0.0,0.0,0.0,0.0,0.0,0.0,0.0,-2.004,2.004,0.0,0.0,0.0,0.0,5011.0,-0.0,0.0,0.0,0.0,0.0,-107615304.0,0.0,0.0,0.0,0.0,53,4.950428597886765e+32,4.066853658014554e+29,0.0,0.0,0.0,0.0,0.0,0.0,0.0,0,0,0,0.0,0.0,0.0,0.0,0.0,0.0,0.0,0.0,0.0,0.0,0.0,0.0,0.0,0.0,0.0,0.0,0,-107875648.0,53,0.0,106,-107614832.0,2.7006707062415038e+23,ERR,ERR,ERR,ERR,ERR,ERR,ERR,ERR,ERR,ERR,ERR,ERR,ERR,ERR,ERR,ERR,ERR,ERR,ERR,ERR,ERR,ERR,ERR,ERR,ERR,ERR,ERR,ERR,ERR,ERR,ERR,ERR,ERR,ERR,ERR,ERR,ERR,ERR,ERR,ERR,ERR,ERR,ERR,ERR,ERR,ERR,ERR,ERR,ERR,ERR,ERR,ERR,ERR,ERR,ERR,ERR,ERR,ERR,ERR,ERR,ERR,ERR,ERR,ERR,ERR,ERR,ERR,50.0,60.0,100,0.0,0.0,0.0,0.0,0.0,0.0,0.0,0.0,0.0,0.0,0.0,0.0,0.0,0.0,0.0,0.0,62.0,78,11,65508,50,65476,0,300,0,0,8,20529,65476,0,0,26214,60.0,0.0,0.0,0.0,0.0,0.0
2026-05-17T16:42:19,ERR,ERR,ERR,ERR,ERR,ERR,ERR,ERR,ERR,ERR,ERR,ERR,ERR,ERR,ERR,ERR,ERR,ERR,ERR,ERR,ERR,ERR,ERR,ERR,ERR,ERR,ERR,ERR,ERR,ERR,ERR,ERR,ERR,ERR,ERR,ERR,ERR,ERR,ERR,ERR,ERR,ERR,ERR,ERR,ERR,ERR,ERR,ERR,ERR,ERR,ERR,ERR,ERR,ERR,ERR,ERR,ERR,ERR,ERR,ERR,ERR,ERR,ERR,ERR,ERR,ERR,ERR,ERR,ERR,ERR,ERR,ERR,ERR,ERR,ERR,ERR,ERR,ERR,ERR,ERR,ERR,ERR,ERR,ERR,ERR,ERR,ERR,ERR,ERR,ERR,ERR,ERR,ERR,ERR,ERR,ERR,ERR,ERR,ERR,ERR,ERR,ERR,ERR,ERR,ERR,ERR,ERR,ERR,ERR,ERR,ERR,ERR,ERR,ERR,ERR,ERR,ERR,ERR,ERR,ERR,ERR,ERR,ERR,ERR,ERR,0.0,0.0,-134474944.0,0.0,0.0,1.3936040501711995e+18,7.805,0.0,0,0,4,0,8422,0.0,45,0.0,0.0,0.0,0.0,0.0,0,0,0,0,0.0,0,0,0,0,0,0,0,0,0,0,0,0,0,0,0,0,0,0,0,0,0,0,0,0,0,0,0,0,0,0,0,0,0,38,14,7,45,65476,0,300,0,0,8,21553,0.0,-107605600.0,0.0,0.0,0.0,0.0,0.0,0.0,0.0,0.0,0.0,0.0,0.0,0.0,0.0,0.0,0.0,0.0,0.0,0.0,0.0,0.0,0.0,0.0,-2.004,2.004,0.0,0.0,0.0,0.0,5011.0,-0.0,0.0,0.0,0.0,0.0,-107615304.0,0.0,0.0,0.0,0.0,53,4.950428597886765e+32,4.066853658014554e+29,0.0,0.0,0.0,0.0,0.0,0.0,0.0,0,0,0,0.0,0.0,0.0,0.0,0.0,0.0,0.0,0.0,0.0,0.0,0.0,0.0,0.0,0.0,0.0,0.0,0,-107875648.0,53,0.0,106,-107614832.0,2.7006707062415038e+23,ERR,ERR,ERR,ERR,ERR,ERR,ERR,ERR,ERR,ERR,ERR,ERR,ERR,ERR,ERR,ERR,ERR,ERR,ERR,ERR,ERR,ERR,ERR,ERR,ERR,ERR,ERR,ERR,ERR,ERR,ERR,ERR,ERR,ERR,ERR,ERR,ERR,ERR,ERR,ERR,ERR,ERR,ERR,ERR,ERR,ERR,ERR,ERR,ERR,ERR,ERR,ERR,ERR,ERR,ERR,ERR,ERR,ERR,ERR,ERR,ERR,ERR,ERR,ERR,ERR,ERR,ERR,50.0,60.0,100,0.0,0.0,0.0,0.0,0.0,0.0,0.0,0.0,0.0,0.0,0.0,0.0,0.0,0.0,0.0,0.0,62.0,78,11,65508,50,65476,0,300,0,0,8,20529,65476,0,0,26214,60.0,0.0,0.0,0.0,0.0,0.0
2026-05-17T16:42:20,ERR,ERR,ERR,ERR,ERR,ERR,ERR,ERR,ERR,ERR,ERR,ERR,ERR,ERR,ERR,ERR,ERR,ERR,ERR,ERR,ERR,ERR,ERR,ERR,ERR,ERR,ERR,ERR,ERR,ERR,ERR,ERR,ERR,ERR,ERR,ERR,ERR,ERR,ERR,ERR,ERR,ERR,ERR,ERR,ERR,ERR,ERR,ERR,ERR,ERR,ERR,ERR,ERR,ERR,ERR,ERR,ERR,ERR,ERR,ERR,ERR,ERR,ERR,ERR,ERR,ERR,ERR,ERR,ERR,ERR,ERR,ERR,ERR,ERR,ERR,ERR,ERR,ERR,ERR,ERR,ERR,ERR,ERR,ERR,ERR,ERR,ERR,ERR,ERR,ERR,ERR,ERR,ERR,ERR,ERR,ERR,ERR,ERR,ERR,ERR,ERR,ERR,ERR,ERR,ERR,ERR,ERR,ERR,ERR,ERR,ERR,ERR,ERR,ERR,ERR,ERR,ERR,ERR,ERR,ERR,ERR,ERR,ERR,ERR,ERR,0.0,0.0,-134474944.0,0.0,0.0,1.3936040501711995e+18,7.805,0.0,0,0,4,0,8422,0.0,45,0.0,0.0,0.0,0.0,0.0,0,0,0,0,0.0,0,0,0,0,0,0,0,0,0,0,0,0,0,0,0,0,0,0,0,0,0,0,0,0,0,0,0,0,0,0,0,0,0,38,14,7,45,65476,0,300,0,0,8,21553,0.0,-107605600.0,0.0,0.0,0.0,0.0,0.0,0.0,0.0,0.0,0.0,0.0,0.0,0.0,0.0,0.0,0.0,0.0,0.0,0.0,0.0,0.0,0.0,0.0,-2.004,2.004,0.0,0.0,0.0,0.0,5011.0,-0.0,0.0,0.0,0.0,0.0,-107615304.0,0.0,0.0,0.0,0.0,53,4.950428597886765e+32,4.066853658014554e+29,0.0,0.0,0.0,0.0,0.0,0.0,0.0,0,0,0,0.0,0.0,0.0,0.0,0.0,0.0,0.0,0.0,0.0,0.0,0.0,0.0,0.0,0.0,0.0,0.0,0,-107875648.0,53,0.0,106,-107614832.0,2.7006707062415038e+23,ERR,ERR,ERR,ERR,ERR,ERR,ERR,ERR,ERR,ERR,ERR,ERR,ERR,ERR,ERR,ERR,ERR,ERR,ERR,ERR,ERR,ERR,ERR,ERR,ERR,ERR,ERR,ERR,ERR,ERR,ERR,ERR,ERR,ERR,ERR,ERR,ERR,ERR,ERR,ERR,ERR,ERR,ERR,ERR,ERR,ERR,ERR,ERR,ERR,ERR,ERR,ERR,ERR,ERR,ERR,ERR,ERR,ERR,ERR,ERR,ERR,ERR,ERR,ERR,ERR,ERR,ERR,50.0,60.0,100,0.0,0.0,0.0,0.0,0.0,0.0,0.0,0.0,0.0,0.0,0.0,0.0,0.0,0.0,0.0,0.0,61.6,78,11,65508,50,65476,0,300,0,0,8,20529,65476,0,0,26214,60.0,0.0,0.0,0.0,0.0,0.0
2026-05-17T16:42:21,ERR,ERR,ERR,ERR,ERR,ERR,ERR,ERR,ERR,ERR,ERR,ERR,ERR,ERR,ERR,ERR,ERR,ERR,ERR,ERR,ERR,ERR,ERR,ERR,ERR,ERR,ERR,ERR,ERR,ERR,ERR,ERR,ERR,ERR,ERR,ERR,ERR,ERR,ERR,ERR,ERR,ERR,ERR,ERR,ERR,ERR,ERR,ERR,ERR,ERR,ERR,ERR,ERR,ERR,ERR,ERR,ERR,ERR,ERR,ERR,ERR,ERR,ERR,ERR,ERR,ERR,ERR,ERR,ERR,ERR,ERR,ERR,ERR,ERR,ERR,ERR,ERR,ERR,ERR,ERR,ERR,ERR,ERR,ERR,ERR,ERR,ERR,ERR,ERR,ERR,ERR,ERR,ERR,ERR,ERR,ERR,ERR,ERR,ERR,ERR,ERR,ERR,ERR,ERR,ERR,ERR,ERR,ERR,ERR,ERR,ERR,ERR,ERR,ERR,ERR,ERR,ERR,ERR,ERR,ERR,ERR,ERR,ERR,ERR,ERR,0.0,0.0,-134474944.0,0.0,0.0,1.3936040501711995e+18,7.805,0.0,0,0,4,0,8422,0.0,45,0.0,0.0,0.0,0.0,0.0,0,0,0,0,0.0,0,0,0,0,0,0,0,0,0,0,0,0,0,0,0,0,0,0,0,0,0,0,0,0,0,0,0,0,0,0,0,0,0,38,14,7,45,65476,0,300,0,0,8,21553,0.0,-107605600.0,0.0,0.0,0.0,0.0,0.0,0.0,0.0,0.0,0.0,0.0,0.0,0.0,0.0,0.0,0.0,0.0,0.0,0.0,0.0,0.0,0.0,0.0,-2.004,2.004,0.0,0.0,0.0,0.0,5011.0,-0.0,0.0,0.0,0.0,0.0,-107615304.0,0.0,0.0,0.0,0.0,53,4.950428597886765e+32,4.066853658014554e+29,0.0,0.0,0.0,0.0,0.0,0.0,0.0,0,0,0,0.0,0.0,0.0,0.0,0.0,0.0,0.0,0.0,0.0,0.0,0.0,0.0,0.0,0.0,0.0,0.0,0,-107875648.0,53,0.0,106,-107614832.0,2.7006707062415038e+23,ERR,ERR,ERR,ERR,ERR,ERR,ERR,ERR,ERR,ERR,ERR,ERR,ERR,ERR,ERR,ERR,ERR,ERR,ERR,ERR,ERR,ERR,ERR,ERR,ERR,ERR,ERR,ERR,ERR,ERR,ERR,ERR,ERR,ERR,ERR,ERR,ERR,ERR,ERR,ERR,ERR,ERR,ERR,ERR,ERR,ERR,ERR,ERR,ERR,ERR,ERR,ERR,ERR,ERR,ERR,ERR,ERR,ERR,ERR,ERR,ERR,ERR,ERR,ERR,ERR,ERR,ERR,50.0,60.0,100,0.0,0.0,0.0,0.0,0.0,0.0,0.0,0.0,0.0,0.0,0.0,0.0,0.0,0.0,0.0,0.0,62.0,78,11,65508,50,65476,0,300,0,0,8,20529,65476,0,0,26214,60.0,0.0,0.0,0.0,0.0,0.0
2026-05-17T16:42:22,ERR,ERR,ERR,ERR,ERR,ERR,ERR,ERR,ERR,ERR,ERR,ERR,ERR,ERR,ERR,ERR,ERR,ERR,ERR,ERR,ERR,ERR,ERR,ERR,ERR,ERR,ERR,ERR,ERR,ERR,ERR,ERR,ERR,ERR,ERR,ERR,ERR,ERR,ERR,ERR,ERR,ERR,ERR,ERR,ERR,ERR,ERR,ERR,ERR,ERR,ERR,ERR,ERR,ERR,ERR,ERR,ERR,ERR,ERR,ERR,ERR,ERR,ERR,ERR,ERR,ERR,ERR,ERR,ERR,ERR,ERR,ERR,ERR,ERR,ERR,ERR,ERR,ERR,ERR,ERR,ERR,ERR,ERR,ERR,ERR,ERR,ERR,ERR,ERR,ERR,ERR,ERR,ERR,ERR,ERR,ERR,ERR,ERR,ERR,ERR,ERR,ERR,ERR,ERR,ERR,ERR,ERR,ERR,ERR,ERR,ERR,ERR,ERR,ERR,ERR,ERR,ERR,ERR,ERR,ERR,ERR,ERR,ERR,ERR,ERR,0.0,0.0,-134474944.0,0.0,0.0,1.3936040501711995e+18,7.805,0.0,0,0,4,0,8422,0.0,45,0.0,0.0,0.0,0.0,0.0,0,0,0,0,0.0,0,0,0,0,0,0,0,0,0,0,0,0,0,0,0,0,0,0,0,0,0,0,0,0,0,0,0,0,0,0,0,0,0,38,14,7,45,65476,0,300,0,0,8,21553,0.0,-107605600.0,0.0,0.0,0.0,0.0,0.0,0.0,0.0,0.0,0.0,0.0,0.0,0.0,0.0,0.0,0.0,0.0,0.0,0.0,0.0,0.0,0.0,0.0,-2.004,2.004,0.0,0.0,0.0,0.0,5008.0,-0.0,0.0,0.0,0.0,0.0,-107615304.0,0.0,0.0,0.0,0.0,53,2.7184300208680915e+23,4.066853658014554e+29,0.0,0.0,0.0,0.0,0.0,0.0,0.0,0,0,0,0.0,0.0,0.0,0.0,0.0,0.0,0.0,0.0,0.0,0.0,0.0,0.0,0.0,0.0,0.0,0.0,0,-107875648.0,53,0.0,106,-107614832.0,2.7006707062415038e+23,ERR,ERR,ERR,ERR,ERR,ERR,ERR,ERR,ERR,ERR,ERR,ERR,ERR,ERR,ERR,ERR,ERR,ERR,ERR,ERR,ERR,ERR,ERR,ERR,ERR,ERR,ERR,ERR,ERR,ERR,ERR,ERR,ERR,ERR,ERR,ERR,ERR,ERR,ERR,ERR,ERR,ERR,ERR,ERR,ERR,ERR,ERR,ERR,ERR,ERR,ERR,ERR,ERR,ERR,ERR,ERR,ERR,ERR,ERR,ERR,ERR,ERR,ERR,ERR,ERR,ERR,ERR,50.0,60.0,100,0.0,0.0,0.0,0.0,0.0,0.0,0.0,0.0,0.0,0.0,0.0,0.0,0.0,0.0,0.0,0.0,62.0,78,11,65508,50,65476,0,300,0,0,8,20529,65476,0,0,26214,60.0,0.0,0.0,0.0,0.0,0.0
2026-05-17T16:42:23,ERR,ERR,ERR,ERR,ERR,ERR,ERR,ERR,ERR,ERR,ERR,ERR,ERR,ERR,ERR,ERR,ERR,ERR,ERR,ERR,ERR,ERR,ERR,ERR,ERR,ERR,ERR,ERR,ERR,ERR,ERR,ERR,ERR,ERR,ERR,ERR,ERR,ERR,ERR,ERR,ERR,ERR,ERR,ERR,ERR,ERR,ERR,ERR,ERR,ERR,ERR,ERR,ERR,ERR,ERR,ERR,ERR,ERR,ERR,ERR,ERR,ERR,ERR,ERR,ERR,ERR,ERR,ERR,ERR,ERR,ERR,ERR,ERR,ERR,ERR,ERR,ERR,ERR,ERR,ERR,ERR,ERR,ERR,ERR,ERR,ERR,ERR,ERR,ERR,ERR,ERR,ERR,ERR,ERR,ERR,ERR,ERR,ERR,ERR,ERR,ERR,ERR,ERR,ERR,ERR,ERR,ERR,ERR,ERR,ERR,ERR,ERR,ERR,ERR,ERR,ERR,ERR,ERR,ERR,ERR,ERR,ERR,ERR,ERR,ERR,0.0,0.0,-134474944.0,0.0,0.0,1.3936040501711995e+18,7.805,0.0,0,0,4,0,8422,0.0,45,0.0,0.0,0.0,0.0,0.0,0,0,0,0,0.0,0,0,0,0,0,0,0,0,0,0,0,0,0,0,0,0,0,0,0,0,0,0,0,0,0,0,0,0,0,0,0,0,0,38,14,7,45,65476,0,300,0,0,8,21553,0.0,-107605600.0,0.0,0.0,0.0,0.0,0.0,0.0,0.0,0.0,0.0,0.0,0.0,0.0,0.0,0.0,0.0,0.0,0.0,0.0,0.0,0.0,0.0,0.0,-2.004,2.004,0.0,0.0,0.0,0.0,5008.0,-0.0,0.0,0.0,0.0,0.0,-107615304.0,0.0,0.0,0.0,0.0,53,2.7184300208680915e+23,4.066853658014554e+29,0.0,0.0,0.0,0.0,0.0,0.0,0.0,0,0,0,0.0,0.0,0.0,0.0,0.0,0.0,0.0,0.0,0.0,0.0,0.0,0.0,0.0,0.0,0.0,0.0,0,-107875648.0,53,0.0,106,-107614832.0,2.7006707062415038e+23,ERR,ERR,ERR,ERR,ERR,ERR,ERR,ERR,ERR,ERR,ERR,ERR,ERR,ERR,ERR,ERR,ERR,ERR,ERR,ERR,ERR,ERR,ERR,ERR,ERR,ERR,ERR,ERR,ERR,ERR,ERR,ERR,ERR,ERR,ERR,ERR,ERR,ERR,ERR,ERR,ERR,ERR,ERR,ERR,ERR,ERR,ERR,ERR,ERR,ERR,ERR,ERR,ERR,ERR,ERR,ERR,ERR,ERR,ERR,ERR,ERR,ERR,ERR,ERR,ERR,ERR,ERR,50.0,60.0,100,0.0,0.0,0.0,0.0,0.0,0.0,0.0,0.0,0.0,0.0,0.0,0.0,0.0,0.0,0.0,0.0,61.6,78,11,65508,50,65476,0,300,0,0,8,20529,65476,0,0,26214,60.0,0.0,0.0,0.0,0.0,0.0
2026-05-17T16:42:24,ERR,ERR,ERR,ERR,ERR,ERR,ERR,ERR,ERR,ERR,ERR,ERR,ERR,ERR,ERR,ERR,ERR,ERR,ERR,ERR,ERR,ERR,ERR,ERR,ERR,ERR,ERR,ERR,ERR,ERR,ERR,ERR,ERR,ERR,ERR,ERR,ERR,ERR,ERR,ERR,ERR,ERR,ERR,ERR,ERR,ERR,ERR,ERR,ERR,ERR,ERR,ERR,ERR,ERR,ERR,ERR,ERR,ERR,ERR,ERR,ERR,ERR,ERR,ERR,ERR,ERR,ERR,ERR,ERR,ERR,ERR,ERR,ERR,ERR,ERR,ERR,ERR,ERR,ERR,ERR,ERR,ERR,ERR,ERR,ERR,ERR,ERR,ERR,ERR,ERR,ERR,ERR,ERR,ERR,ERR,ERR,ERR,ERR,ERR,ERR,ERR,ERR,ERR,ERR,ERR,ERR,ERR,ERR,ERR,ERR,ERR,ERR,ERR,ERR,ERR,ERR,ERR,ERR,ERR,ERR,ERR,ERR,ERR,ERR,ERR,0.0,0.0,-134474944.0,0.0,0.0,1.3936040501711995e+18,7.805,0.0,0,0,4,0,8422,0.0,45,0.0,0.0,0.0,0.0,0.0,0,0,0,0,0.0,0,0,0,0,0,0,0,0,0,0,0,0,0,0,0,0,0,0,0,0,0,0,0,0,0,0,0,0,0,0,0,0,0,38,14,7,45,65476,0,300,0,0,8,21553,0.0,-107605600.0,0.0,0.0,0.0,0.0,0.0,0.0,0.0,0.0,0.0,0.0,0.0,0.0,0.0,0.0,0.0,0.0,0.0,0.0,0.0,0.0,0.0,0.0,-2.004,2.004,0.0,0.0,0.0,0.0,5008.0,-0.0,0.0,0.0,0.0,0.0,-107615304.0,0.0,0.0,0.0,0.0,53,2.7184300208680915e+23,4.066853658014554e+29,0.0,0.0,0.0,0.0,0.0,0.0,0.0,0,0,0,0.0,0.0,0.0,0.0,0.0,0.0,0.0,0.0,0.0,0.0,0.0,0.0,0.0,0.0,0.0,0.0,0,-107875648.0,53,0.0,106,-107614832.0,2.7006707062415038e+23,ERR,ERR,ERR,ERR,ERR,ERR,ERR,ERR,ERR,ERR,ERR,ERR,ERR,ERR,ERR,ERR,ERR,ERR,ERR,ERR,ERR,ERR,ERR,ERR,ERR,ERR,ERR,ERR,ERR,ERR,ERR,ERR,ERR,ERR,ERR,ERR,ERR,ERR,ERR,ERR,ERR,ERR,ERR,ERR,ERR,ERR,ERR,ERR,ERR,ERR,ERR,ERR,ERR,ERR,ERR,ERR,ERR,ERR,ERR,ERR,ERR,ERR,ERR,ERR,ERR,ERR,ERR,50.0,60.0,100,0.0,0.0,0.0,0.0,0.0,0.0,0.0,0.0,0.0,0.0,0.0,0.0,0.0,0.0,0.0,0.0,61.6,78,11,65508,50,65476,0,300,0,0,8,20529,65476,0,0,26214,60.0,0.0,0.0,0.0,0.0,0.0
2026-05-17T16:42:25,ERR,ERR,ERR,ERR,ERR,ERR,ERR,ERR,ERR,ERR,ERR,ERR,ERR,ERR,ERR,ERR,ERR,ERR,ERR,ERR,ERR,ERR,ERR,ERR,ERR,ERR,ERR,ERR,ERR,ERR,ERR,ERR,ERR,ERR,ERR,ERR,ERR,ERR,ERR,ERR,ERR,ERR,ERR,ERR,ERR,ERR,ERR,ERR,ERR,ERR,ERR,ERR,ERR,ERR,ERR,ERR,ERR,ERR,ERR,ERR,ERR,ERR,ERR,ERR,ERR,ERR,ERR,ERR,ERR,ERR,ERR,ERR,ERR,ERR,ERR,ERR,ERR,ERR,ERR,ERR,ERR,ERR,ERR,ERR,ERR,ERR,ERR,ERR,ERR,ERR,ERR,ERR,ERR,ERR,ERR,ERR,ERR,ERR,ERR,ERR,ERR,ERR,ERR,ERR,ERR,ERR,ERR,ERR,ERR,ERR,ERR,ERR,ERR,ERR,ERR,ERR,ERR,ERR,ERR,ERR,ERR,ERR,ERR,ERR,ERR,0.0,0.0,-134474944.0,0.0,0.0,1.3936040501711995e+18,7.805,0.0,0,0,4,0,8422,0.0,45,0.0,0.0,0.0,0.0,0.0,0,0,0,0,0.0,0,0,0,0,0,0,0,0,0,0,0,0,0,0,0,0,0,0,0,0,0,0,0,0,0,0,0,0,0,0,0,0,0,38,14,7,45,65476,0,300,0,0,8,21553,0.0,-107605600.0,0.0,0.0,0.0,0.0,0.0,0.0,0.0,0.0,0.0,0.0,0.0,0.0,0.0,0.0,0.0,0.0,0.0,0.0,0.0,0.0,0.0,0.0,-2.004,2.004,0.0,0.0,0.0,0.0,5008.0,-0.0,0.0,0.0,0.0,0.0,-107615304.0,0.0,0.0,0.0,0.0,53,2.7184300208680915e+23,4.066853658014554e+29,0.0,0.0,0.0,0.0,0.0,0.0,0.0,0,0,0,0.0,0.0,0.0,0.0,0.0,0.0,0.0,0.0,0.0,0.0,0.0,0.0,0.0,0.0,0.0,0.0,0,-107875648.0,53,0.0,106,-107614832.0,2.7006707062415038e+23,ERR,ERR,ERR,ERR,ERR,ERR,ERR,ERR,ERR,ERR,ERR,ERR,ERR,ERR,ERR,ERR,ERR,ERR,ERR,ERR,ERR,ERR,ERR,ERR,ERR,ERR,ERR,ERR,ERR,ERR,ERR,ERR,ERR,ERR,ERR,ERR,ERR,ERR,ERR,ERR,ERR,ERR,ERR,ERR,ERR,ERR,ERR,ERR,ERR,ERR,ERR,ERR,ERR,ERR,ERR,ERR,ERR,ERR,ERR,ERR,ERR,ERR,ERR,ERR,ERR,ERR,ERR,50.0,60.0,100,0.0,0.0,0.0,0.0,0.0,0.0,0.0,0.0,0.0,0.0,0.0,0.0,0.0,0.0,0.0,0.0,61.6,78,11,65508,50,65476,0,300,0,0,8,20529,65476,0,0,26214,60.0,0.0,0.0,0.0,0.0,0.0
2026-05-17T16:42:26,ERR,ERR,ERR,ERR,ERR,ERR,ERR,ERR,ERR,ERR,ERR,ERR,ERR,ERR,ERR,ERR,ERR,ERR,ERR,ERR,ERR,ERR,ERR,ERR,ERR,ERR,ERR,ERR,ERR,ERR,ERR,ERR,ERR,ERR,ERR,ERR,ERR,ERR,ERR,ERR,ERR,ERR,ERR,ERR,ERR,ERR,ERR,ERR,ERR,ERR,ERR,ERR,ERR,ERR,ERR,ERR,ERR,ERR,ERR,ERR,ERR,ERR,ERR,ERR,ERR,ERR,ERR,ERR,ERR,ERR,ERR,ERR,ERR,ERR,ERR,ERR,ERR,ERR,ERR,ERR,ERR,ERR,ERR,ERR,ERR,ERR,ERR,ERR,ERR,ERR,ERR,ERR,ERR,ERR,ERR,ERR,ERR,ERR,ERR,ERR,ERR,ERR,ERR,ERR,ERR,ERR,ERR,ERR,ERR,ERR,ERR,ERR,ERR,ERR,ERR,ERR,ERR,ERR,ERR,ERR,ERR,ERR,ERR,ERR,ERR,0.0,0.0,-134474944.0,0.0,0.0,1.3936040501711995e+18,7.805,0.0,0,0,4,0,8422,0.0,45,0.0,0.0,0.0,0.0,0.0,0,0,0,0,0.0,0,0,0,0,0,0,0,0,0,0,0,0,0,0,0,0,0,0,0,0,0,0,0,0,0,0,0,0,0,0,0,0,0,38,14,7,45,65476,0,300,0,0,8,21553,0.0,-107605600.0,0.0,0.0,0.0,0.0,0.0,0.0,0.0,0.0,0.0,0.0,0.0,0.0,0.0,0.0,0.0,0.0,0.0,0.0,0.0,0.0,0.0,0.0,-2.004,2.004,0.0,0.0,0.0,0.0,5008.0,-0.0,0.0,0.0,0.0,0.0,-107615304.0,0.0,0.0,0.0,0.0,53,2.7184300208680915e+23,4.066853658014554e+29,0.0,0.0,0.0,0.0,0.0,0.0,0.0,0,0,0,0.0,0.0,0.0,0.0,0.0,0.0,0.0,0.0,0.0,0.0,0.0,0.0,0.0,0.0,0.0,0.0,0,-107875648.0,53,0.0,106,-107614832.0,2.7006707062415038e+23,ERR,ERR,ERR,ERR,ERR,ERR,ERR,ERR,ERR,ERR,ERR,ERR,ERR,ERR,ERR,ERR,ERR,ERR,ERR,ERR,ERR,ERR,ERR,ERR,ERR,ERR,ERR,ERR,ERR,ERR,ERR,ERR,ERR,ERR,ERR,ERR,ERR,ERR,ERR,ERR,ERR,ERR,ERR,ERR,ERR,ERR,ERR,ERR,ERR,ERR,ERR,ERR,ERR,ERR,ERR,ERR,ERR,ERR,ERR,ERR,ERR,ERR,ERR,ERR,ERR,ERR,ERR,50.0,60.0,100,0.0,0.0,0.0,0.0,0.0,0.0,0.0,0.0,0.0,0.0,0.0,0.0,0.0,0.0,0.0,0.0,61.6,78,11,65508,50,65476,0,300,0,0,8,20529,65476,0,0,26214,60.0,0.0,0.0,0.0,0.0,0.0
2026-05-17T16:42:27,ERR,ERR,ERR,ERR,ERR,ERR,ERR,ERR,ERR,ERR,ERR,ERR,ERR,ERR,ERR,ERR,ERR,ERR,ERR,ERR,ERR,ERR,ERR,ERR,ERR,ERR,ERR,ERR,ERR,ERR,ERR,ERR,ERR,ERR,ERR,ERR,ERR,ERR,ERR,ERR,ERR,ERR,ERR,ERR,ERR,ERR,ERR,ERR,ERR,ERR,ERR,ERR,ERR,ERR,ERR,ERR,ERR,ERR,ERR,ERR,ERR,ERR,ERR,ERR,ERR,ERR,ERR,ERR,ERR,ERR,ERR,ERR,ERR,ERR,ERR,ERR,ERR,ERR,ERR,ERR,ERR,ERR,ERR,ERR,ERR,ERR,ERR,ERR,ERR,ERR,ERR,ERR,ERR,ERR,ERR,ERR,ERR,ERR,ERR,ERR,ERR,ERR,ERR,ERR,ERR,ERR,ERR,ERR,ERR,ERR,ERR,ERR,ERR,ERR,ERR,ERR,ERR,ERR,ERR,ERR,ERR,ERR,ERR,ERR,ERR,0.0,0.0,-134474944.0,0.0,0.0,1.3936040501711995e+18,7.805,0.0,0,0,4,0,8422,0.0,45,0.0,0.0,0.0,0.0,0.0,0,0,0,0,0.0,0,0,0,0,0,0,0,0,0,0,0,0,0,0,0,0,0,0,0,0,0,0,0,0,0,0,0,0,0,0,0,0,0,38,14,7,45,65476,0,300,0,0,8,21553,0.0,-107605600.0,0.0,0.0,0.0,0.0,0.0,0.0,0.0,0.0,0.0,0.0,0.0,0.0,0.0,0.0,0.0,0.0,0.0,0.0,0.0,0.0,0.0,0.0,-2.004,2.004,0.0,0.0,0.0,0.0,5040.0,0.0,0.0,0.0,0.0,0.0,-107615304.0,0.0,0.0,0.0,0.0,53,2.7184300208680915e+23,0.0,0.0,0.0,0.0,0.0,0.0,0.0,0.0,0,0,0,0.0,0.0,0.0,0.0,0.0,0.0,0.0,0.0,0.0,0.0,0.0,0.0,0.0,0.0,0.0,0.0,0,-107875648.0,53,0.0,106,-107614832.0,2.7006707062415038e+23,ERR,ERR,ERR,ERR,ERR,ERR,ERR,ERR,ERR,ERR,ERR,ERR,ERR,ERR,ERR,ERR,ERR,ERR,ERR,ERR,ERR,ERR,ERR,ERR,ERR,ERR,ERR,ERR,ERR,ERR,ERR,ERR,ERR,ERR,ERR,ERR,ERR,ERR,ERR,ERR,ERR,ERR,ERR,ERR,ERR,ERR,ERR,ERR,ERR,ERR,ERR,ERR,ERR,ERR,ERR,ERR,ERR,ERR,ERR,ERR,ERR,ERR,ERR,ERR,ERR,ERR,ERR,50.0,60.0,100,0.0,0.0,0.0,0.0,0.0,0.0,0.0,0.0,0.0,0.0,0.0,0.0,0.0,0.0,0.0,0.0,61.6,78,11,65508,50,65476,0,300,0,0,8,20529,65476,0,0,26214,60.0,0.0,0.0,0.0,0.0,0.0
2026-05-17T16:42:28,ERR,ERR,ERR,ERR,ERR,ERR,ERR,ERR,ERR,ERR,ERR,ERR,ERR,ERR,ERR,ERR,ERR,ERR,ERR,ERR,ERR,ERR,ERR,ERR,ERR,ERR,ERR,ERR,ERR,ERR,ERR,ERR,ERR,ERR,ERR,ERR,ERR,ERR,ERR,ERR,ERR,ERR,ERR,ERR,ERR,ERR,ERR,ERR,ERR,ERR,ERR,ERR,ERR,ERR,ERR,ERR,ERR,ERR,ERR,ERR,ERR,ERR,ERR,ERR,ERR,ERR,ERR,ERR,ERR,ERR,ERR,ERR,ERR,ERR,ERR,ERR,ERR,ERR,ERR,ERR,ERR,ERR,ERR,ERR,ERR,ERR,ERR,ERR,ERR,ERR,ERR,ERR,ERR,ERR,ERR,ERR,ERR,ERR,ERR,ERR,ERR,ERR,ERR,ERR,ERR,ERR,ERR,ERR,ERR,ERR,ERR,ERR,ERR,ERR,ERR,ERR,ERR,ERR,ERR,ERR,ERR,ERR,ERR,ERR,ERR,0.0,0.0,-134474944.0,0.0,0.0,1.3936040501711995e+18,7.805,0.0,0,0,4,0,8422,0.0,45,0.0,0.0,0.0,0.0,0.0,0,0,0,0,0.0,0,0,0,0,0,0,0,0,0,0,0,0,0,0,0,0,0,0,0,0,0,0,0,0,0,0,0,0,0,0,0,0,0,38,14,7,45,65476,0,300,0,0,8,21553,0.0,-107605600.0,0.0,0.0,0.0,0.0,0.0,0.0,0.0,0.0,0.0,0.0,0.0,0.0,0.0,0.0,0.0,0.0,0.0,0.0,0.0,0.0,0.0,0.0,-2.004,2.004,0.0,0.0,0.0,0.0,5040.0,0.0,0.0,0.0,0.0,0.0,-107615304.0,0.0,0.0,0.0,0.0,53,2.7184300208680915e+23,0.0,0.0,0.0,0.0,0.0,0.0,0.0,0.0,0,0,0,0.0,0.0,0.0,0.0,0.0,0.0,0.0,0.0,0.0,0.0,0.0,0.0,0.0,0.0,0.0,0.0,0,-107875648.0,53,0.0,106,-107614832.0,2.7006707062415038e+23,ERR,ERR,ERR,ERR,ERR,ERR,ERR,ERR,ERR,ERR,ERR,ERR,ERR,ERR,ERR,ERR,ERR,ERR,ERR,ERR,ERR,ERR,ERR,ERR,ERR,ERR,ERR,ERR,ERR,ERR,ERR,ERR,ERR,ERR,ERR,ERR,ERR,ERR,ERR,ERR,ERR,ERR,ERR,ERR,ERR,ERR,ERR,ERR,ERR,ERR,ERR,ERR,ERR,ERR,ERR,ERR,ERR,ERR,ERR,ERR,ERR,ERR,ERR,ERR,ERR,ERR,ERR,50.0,60.0,100,0.0,0.0,0.0,0.0,0.0,0.0,0.0,0.0,0.0,0.0,0.0,0.0,0.0,0.0,0.0,0.0,61.6,78,11,65508,50,65476,0,300,0,0,8,20529,65476,0,0,26214,60.0,0.0,0.0,0.0,0.0,0.0
2026-05-17T16:42:29,ERR,ERR,ERR,ERR,ERR,ERR,ERR,ERR,ERR,ERR,ERR,ERR,ERR,ERR,ERR,ERR,ERR,ERR,ERR,ERR,ERR,ERR,ERR,ERR,ERR,ERR,ERR,ERR,ERR,ERR,ERR,ERR,ERR,ERR,ERR,ERR,ERR,ERR,ERR,ERR,ERR,ERR,ERR,ERR,ERR,ERR,ERR,ERR,ERR,ERR,ERR,ERR,ERR,ERR,ERR,ERR,ERR,ERR,ERR,ERR,ERR,ERR,ERR,ERR,ERR,ERR,ERR,ERR,ERR,ERR,ERR,ERR,ERR,ERR,ERR,ERR,ERR,ERR,ERR,ERR,ERR,ERR,ERR,ERR,ERR,ERR,ERR,ERR,ERR,ERR,ERR,ERR,ERR,ERR,ERR,ERR,ERR,ERR,ERR,ERR,ERR,ERR,ERR,ERR,ERR,ERR,ERR,ERR,ERR,ERR,ERR,ERR,ERR,ERR,ERR,ERR,ERR,ERR,ERR,ERR,ERR,ERR,ERR,ERR,ERR,0.0,0.0,-134474944.0,0.0,0.0,1.3936040501711995e+18,7.805,0.0,0,0,4,0,8422,0.0,45,0.0,0.0,0.0,0.0,0.0,0,0,0,0,0.0,0,0,0,0,0,0,0,0,0,0,0,0,0,0,0,0,0,0,0,0,0,0,0,0,0,0,0,0,0,0,0,0,0,38,14,7,45,65476,0,300,0,0,8,21553,0.0,-107605600.0,0.0,0.0,0.0,0.0,0.0,0.0,0.0,0.0,0.0,0.0,0.0,0.0,0.0,0.0,0.0,0.0,0.0,0.0,0.0,0.0,0.0,0.0,-2.004,2.004,0.0,0.0,0.0,0.0,5040.0,0.0,0.0,0.0,0.0,0.0,-107615304.0,0.0,0.0,0.0,0.0,53,2.7184300208680915e+23,0.0,0.0,0.0,0.0,0.0,0.0,0.0,0.0,0,0,0,0.0,0.0,0.0,0.0,0.0,0.0,0.0,0.0,0.0,0.0,0.0,0.0,0.0,0.0,0.0,0.0,0,-107875648.0,53,0.0,106,-107614832.0,2.7006707062415038e+23,ERR,ERR,ERR,ERR,ERR,ERR,ERR,ERR,ERR,ERR,ERR,ERR,ERR,ERR,ERR,ERR,ERR,ERR,ERR,ERR,ERR,ERR,ERR,ERR,ERR,ERR,ERR,ERR,ERR,ERR,ERR,ERR,ERR,ERR,ERR,ERR,ERR,ERR,ERR,ERR,ERR,ERR,ERR,ERR,ERR,ERR,ERR,ERR,ERR,ERR,ERR,ERR,ERR,ERR,ERR,ERR,ERR,ERR,ERR,ERR,ERR,ERR,ERR,ERR,ERR,ERR,ERR,50.0,60.0,100,0.0,0.0,0.0,0.0,0.0,0.0,0.0,0.0,0.0,0.0,0.0,0.0,0.0,0.0,0.0,0.0,62.0,78,11,65508,50,65476,0,300,0,0,8,20529,65476,0,0,26214,60.0,0.0,0.0,0.0,0.0,0.0
2026-05-17T16:42:30,ERR,ERR,ERR,ERR,ERR,ERR,ERR,ERR,ERR,ERR,ERR,ERR,ERR,ERR,ERR,ERR,ERR,ERR,ERR,ERR,ERR,ERR,ERR,ERR,ERR,ERR,ERR,ERR,ERR,ERR,ERR,ERR,ERR,ERR,ERR,ERR,ERR,ERR,ERR,ERR,ERR,ERR,ERR,ERR,ERR,ERR,ERR,ERR,ERR,ERR,ERR,ERR,ERR,ERR,ERR,ERR,ERR,ERR,ERR,ERR,ERR,ERR,ERR,ERR,ERR,ERR,ERR,ERR,ERR,ERR,ERR,ERR,ERR,ERR,ERR,ERR,ERR,ERR,ERR,ERR,ERR,ERR,ERR,ERR,ERR,ERR,ERR,ERR,ERR,ERR,ERR,ERR,ERR,ERR,ERR,ERR,ERR,ERR,ERR,ERR,ERR,ERR,ERR,ERR,ERR,ERR,ERR,ERR,ERR,ERR,ERR,ERR,ERR,ERR,ERR,ERR,ERR,ERR,ERR,ERR,ERR,ERR,ERR,ERR,ERR,0.0,0.0,-134474944.0,0.0,0.0,1.3936040501711995e+18,7.805,0.0,0,0,4,0,8422,0.0,45,0.0,0.0,0.0,0.0,0.0,0,0,0,0,0.0,0,0,0,0,0,0,0,0,0,0,0,0,0,0,0,0,0,0,0,0,0,0,0,0,0,0,0,0,0,0,0,0,0,38,14,7,45,65476,0,300,0,0,8,21553,0.0,-107605600.0,0.0,0.0,0.0,0.0,0.0,0.0,0.0,0.0,0.0,0.0,0.0,0.0,0.0,0.0,0.0,0.0,0.0,0.0,0.0,0.0,0.0,0.0,-2.004,2.004,0.0,0.0,0.0,0.0,5040.0,0.0,0.0,0.0,0.0,0.0,-107615304.0,0.0,0.0,0.0,0.0,53,2.7184300208680915e+23,0.0,0.0,0.0,0.0,0.0,0.0,0.0,0.0,0,0,0,0.0,0.0,0.0,0.0,0.0,0.0,0.0,0.0,0.0,0.0,0.0,0.0,0.0,0.0,0.0,0.0,0,-107875648.0,53,0.0,106,-107614832.0,2.7006707062415038e+23,ERR,ERR,ERR,ERR,ERR,ERR,ERR,ERR,ERR,ERR,ERR,ERR,ERR,ERR,ERR,ERR,ERR,ERR,ERR,ERR,ERR,ERR,ERR,ERR,ERR,ERR,ERR,ERR,ERR,ERR,ERR,ERR,ERR,ERR,ERR,ERR,ERR,ERR,ERR,ERR,ERR,ERR,ERR,ERR,ERR,ERR,ERR,ERR,ERR,ERR,ERR,ERR,ERR,ERR,ERR,ERR,ERR,ERR,ERR,ERR,ERR,ERR,ERR,ERR,ERR,ERR,ERR,50.0,60.0,100,0.0,0.0,0.0,0.0,0.0,0.0,0.0,0.0,0.0,0.0,0.0,0.0,0.0,0.0,0.0,0.0,61.6,78,11,65508,50,65476,0,300,0,0,8,20529,65476,0,0,26214,60.0,0.0,0.0,0.0,0.0,0.0
2026-05-17T16:42:31,ERR,ERR,ERR,ERR,ERR,ERR,ERR,ERR,ERR,ERR,ERR,ERR,ERR,ERR,ERR,ERR,ERR,ERR,ERR,ERR,ERR,ERR,ERR,ERR,ERR,ERR,ERR,ERR,ERR,ERR,ERR,ERR,ERR,ERR,ERR,ERR,ERR,ERR,ERR,ERR,ERR,ERR,ERR,ERR,ERR,ERR,ERR,ERR,ERR,ERR,ERR,ERR,ERR,ERR,ERR,ERR,ERR,ERR,ERR,ERR,ERR,ERR,ERR,ERR,ERR,ERR,ERR,ERR,ERR,ERR,ERR,ERR,ERR,ERR,ERR,ERR,ERR,ERR,ERR,ERR,ERR,ERR,ERR,ERR,ERR,ERR,ERR,ERR,ERR,ERR,ERR,ERR,ERR,ERR,ERR,ERR,ERR,ERR,ERR,ERR,ERR,ERR,ERR,ERR,ERR,ERR,ERR,ERR,ERR,ERR,ERR,ERR,ERR,ERR,ERR,ERR,ERR,ERR,ERR,ERR,ERR,ERR,ERR,ERR,ERR,0.0,0.0,-134474944.0,0.0,0.0,1.3936040501711995e+18,7.805,0.0,0,0,4,0,8422,0.0,45,0.0,0.0,0.0,0.0,0.0,0,0,0,0,0.0,0,0,0,0,0,0,0,0,0,0,0,0,0,0,0,0,0,0,0,0,0,0,0,0,0,0,0,0,0,0,0,0,0,38,14,7,45,65476,0,300,0,0,8,21553,0.0,-107605600.0,0.0,0.0,0.0,0.0,0.0,0.0,0.0,0.0,0.0,0.0,0.0,0.0,0.0,0.0,0.0,0.0,0.0,0.0,0.0,0.0,0.0,0.0,-2.004,2.004,0.0,0.0,0.0,0.0,5040.0,0.0,0.0,0.0,0.0,0.0,-107615304.0,0.0,0.0,0.0,0.0,53,2.7184300208680915e+23,0.0,0.0,0.0,0.0,0.0,0.0,0.0,0.0,0,0,0,0.0,0.0,0.0,0.0,0.0,0.0,0.0,0.0,0.0,0.0,0.0,0.0,0.0,0.0,0.0,0.0,0,-107875648.0,53,0.0,106,-107614832.0,2.7006707062415038e+23,ERR,ERR,ERR,ERR,ERR,ERR,ERR,ERR,ERR,ERR,ERR,ERR,ERR,ERR,ERR,ERR,ERR,ERR,ERR,ERR,ERR,ERR,ERR,ERR,ERR,ERR,ERR,ERR,ERR,ERR,ERR,ERR,ERR,ERR,ERR,ERR,ERR,ERR,ERR,ERR,ERR,ERR,ERR,ERR,ERR,ERR,ERR,ERR,ERR,ERR,ERR,ERR,ERR,ERR,ERR,ERR,ERR,ERR,ERR,ERR,ERR,ERR,ERR,ERR,ERR,ERR,ERR,50.0,60.0,100,0.0,0.0,0.0,0.0,0.0,0.0,0.0,0.0,0.0,0.0,0.0,0.0,0.0,0.0,0.0,0.0,61.6,78,11,65508,50,65476,0,300,0,0,8,20529,65476,0,0,26214,60.0,0.0,0.0,0.0,0.0,0.0
2026-05-17T16:42:32,ERR,ERR,ERR,ERR,ERR,ERR,ERR,ERR,ERR,ERR,ERR,ERR,ERR,ERR,ERR,ERR,ERR,ERR,ERR,ERR,ERR,ERR,ERR,ERR,ERR,ERR,ERR,ERR,ERR,ERR,ERR,ERR,ERR,ERR,ERR,ERR,ERR,ERR,ERR,ERR,ERR,ERR,ERR,ERR,ERR,ERR,ERR,ERR,ERR,ERR,ERR,ERR,ERR,ERR,ERR,ERR,ERR,ERR,ERR,ERR,ERR,ERR,ERR,ERR,ERR,ERR,ERR,ERR,ERR,ERR,ERR,ERR,ERR,ERR,ERR,ERR,ERR,ERR,ERR,ERR,ERR,ERR,ERR,ERR,ERR,ERR,ERR,ERR,ERR,ERR,ERR,ERR,ERR,ERR,ERR,ERR,ERR,ERR,ERR,ERR,ERR,ERR,ERR,ERR,ERR,ERR,ERR,ERR,ERR,ERR,ERR,ERR,ERR,ERR,ERR,ERR,ERR,ERR,ERR,ERR,ERR,ERR,ERR,ERR,ERR,0.0,0.0,-134474944.0,0.0,0.0,1.3936040501711995e+18,7.805,0.0,0,0,4,0,8422,0.0,45,0.0,0.0,0.0,0.0,0.0,0,0,0,0,0.0,0,0,0,0,0,0,0,0,0,0,0,0,0,0,0,0,0,0,0,0,0,0,0,0,0,0,0,0,0,0,0,0,0,38,14,7,45,65476,0,300,0,0,8,21553,0.0,-107605600.0,0.0,0.0,0.0,0.0,0.0,0.0,0.0,0.0,0.0,0.0,0.0,0.0,0.0,0.0,0.0,0.0,0.0,0.0,0.0,0.0,0.0,0.0,-2.004,2.004,0.0,0.0,0.0,0.0,5043.0,0.0,0.0,0.0,0.0,0.0,-107615304.0,0.0,0.0,0.0,0.0,53,3.222028592685471e+26,0.0,0.0,0.0,0.0,0.0,0.0,0.0,0.0,0,0,0,0.0,0.0,0.0,0.0,0.0,0.0,0.0,0.0,0.0,0.0,0.0,0.0,0.0,0.0,0.0,0.0,0,-107875648.0,53,0.0,106,-107614832.0,2.7006707062415038e+23,ERR,ERR,ERR,ERR,ERR,ERR,ERR,ERR,ERR,ERR,ERR,ERR,ERR,ERR,ERR,ERR,ERR,ERR,ERR,ERR,ERR,ERR,ERR,ERR,ERR,ERR,ERR,ERR,ERR,ERR,ERR,ERR,ERR,ERR,ERR,ERR,ERR,ERR,ERR,ERR,ERR,ERR,ERR,ERR,ERR,ERR,ERR,ERR,ERR,ERR,ERR,ERR,ERR,ERR,ERR,ERR,ERR,ERR,ERR,ERR,ERR,ERR,ERR,ERR,ERR,ERR,ERR,50.0,60.0,100,0.0,0.0,0.0,0.0,0.0,0.0,0.0,0.0,0.0,0.0,0.0,0.0,0.0,0.0,0.0,0.0,62.0,78,11,65508,50,65476,0,300,0,0,8,20529,65476,0,0,26214,60.0,0.0,0.0,0.0,0.0,0.0
2026-05-17T16:42:33,ERR,ERR,ERR,ERR,ERR,ERR,ERR,ERR,ERR,ERR,ERR,ERR,ERR,ERR,ERR,ERR,ERR,ERR,ERR,ERR,ERR,ERR,ERR,ERR,ERR,ERR,ERR,ERR,ERR,ERR,ERR,ERR,ERR,ERR,ERR,ERR,ERR,ERR,ERR,ERR,ERR,ERR,ERR,ERR,ERR,ERR,ERR,ERR,ERR,ERR,ERR,ERR,ERR,ERR,ERR,ERR,ERR,ERR,ERR,ERR,ERR,ERR,ERR,ERR,ERR,ERR,ERR,ERR,ERR,ERR,ERR,ERR,ERR,ERR,ERR,ERR,ERR,ERR,ERR,ERR,ERR,ERR,ERR,ERR,ERR,ERR,ERR,ERR,ERR,ERR,ERR,ERR,ERR,ERR,ERR,ERR,ERR,ERR,ERR,ERR,ERR,ERR,ERR,ERR,ERR,ERR,ERR,ERR,ERR,ERR,ERR,ERR,ERR,ERR,ERR,ERR,ERR,ERR,ERR,ERR,ERR,ERR,ERR,ERR,ERR,0.0,0.0,-134474944.0,0.0,0.0,1.3936040501711995e+18,7.805,0.0,0,0,4,0,8422,0.0,45,0.0,0.0,0.0,0.0,0.0,0,0,0,0,0.0,0,0,0,0,0,0,0,0,0,0,0,0,0,0,0,0,0,0,0,0,0,0,0,0,0,0,0,0,0,0,0,0,0,38,14,7,45,65476,0,300,0,0,8,21553,0.0,-107605600.0,0.0,0.0,0.0,0.0,0.0,0.0,0.0,0.0,0.0,0.0,0.0,0.0,0.0,0.0,0.0,0.0,0.0,0.0,0.0,0.0,0.0,0.0,-2.004,2.004,0.0,0.0,0.0,0.0,5043.0,0.0,0.0,0.0,0.0,0.0,-107615304.0,0.0,0.0,0.0,0.0,53,3.222028592685471e+26,0.0,0.0,0.0,0.0,0.0,0.0,0.0,0.0,0,0,0,0.0,0.0,0.0,0.0,0.0,0.0,0.0,0.0,0.0,0.0,0.0,0.0,0.0,0.0,0.0,0.0,0,-107875648.0,53,0.0,106,-107614832.0,2.7006707062415038e+23,ERR,ERR,ERR,ERR,ERR,ERR,ERR,ERR,ERR,ERR,ERR,ERR,ERR,ERR,ERR,ERR,ERR,ERR,ERR,ERR,ERR,ERR,ERR,ERR,ERR,ERR,ERR,ERR,ERR,ERR,ERR,ERR,ERR,ERR,ERR,ERR,ERR,ERR,ERR,ERR,ERR,ERR,ERR,ERR,ERR,ERR,ERR,ERR,ERR,ERR,ERR,ERR,ERR,ERR,ERR,ERR,ERR,ERR,ERR,ERR,ERR,ERR,ERR,ERR,ERR,ERR,ERR,50.0,60.0,100,0.0,0.0,0.0,0.0,0.0,0.0,0.0,0.0,0.0,0.0,0.0,0.0,0.0,0.0,0.0,0.0,62.0,78,11,65508,50,65476,0,300,0,0,8,20529,65476,0,0,26214,60.0,0.0,0.0,0.0,0.0,0.0
2026-05-17T16:42:34,ERR,ERR,ERR,ERR,ERR,ERR,ERR,ERR,ERR,ERR,ERR,ERR,ERR,ERR,ERR,ERR,ERR,ERR,ERR,ERR,ERR,ERR,ERR,ERR,ERR,ERR,ERR,ERR,ERR,ERR,ERR,ERR,ERR,ERR,ERR,ERR,ERR,ERR,ERR,ERR,ERR,ERR,ERR,ERR,ERR,ERR,ERR,ERR,ERR,ERR,ERR,ERR,ERR,ERR,ERR,ERR,ERR,ERR,ERR,ERR,ERR,ERR,ERR,ERR,ERR,ERR,ERR,ERR,ERR,ERR,ERR,ERR,ERR,ERR,ERR,ERR,ERR,ERR,ERR,ERR,ERR,ERR,ERR,ERR,ERR,ERR,ERR,ERR,ERR,ERR,ERR,ERR,ERR,ERR,ERR,ERR,ERR,ERR,ERR,ERR,ERR,ERR,ERR,ERR,ERR,ERR,ERR,ERR,ERR,ERR,ERR,ERR,ERR,ERR,ERR,ERR,ERR,ERR,ERR,ERR,ERR,ERR,ERR,ERR,ERR,0.0,0.0,-134474944.0,0.0,0.0,1.3936040501711995e+18,7.805,0.0,0,0,4,0,8422,0.0,45,0.0,0.0,0.0,0.0,0.0,0,0,0,0,0.0,0,0,0,0,0,0,0,0,0,0,0,0,0,0,0,0,0,0,0,0,0,0,0,0,0,0,0,0,0,0,0,0,0,38,14,7,45,65476,0,300,0,0,8,21553,0.0,-107605600.0,0.0,0.0,0.0,0.0,0.0,0.0,0.0,0.0,0.0,0.0,0.0,0.0,0.0,0.0,0.0,0.0,0.0,0.0,0.0,0.0,0.0,0.0,-2.004,2.004,0.0,0.0,0.0,0.0,5043.0,0.0,0.0,0.0,0.0,0.0,-107615304.0,0.0,0.0,0.0,0.0,53,3.222028592685471e+26,0.0,0.0,0.0,0.0,0.0,0.0,0.0,0.0,0,0,0,0.0,0.0,0.0,0.0,0.0,0.0,0.0,0.0,0.0,0.0,0.0,0.0,0.0,0.0,0.0,0.0,0,-107875648.0,53,0.0,106,-107614832.0,2.7006707062415038e+23,ERR,ERR,ERR,ERR,ERR,ERR,ERR,ERR,ERR,ERR,ERR,ERR,ERR,ERR,ERR,ERR,ERR,ERR,ERR,ERR,ERR,ERR,ERR,ERR,ERR,ERR,ERR,ERR,ERR,ERR,ERR,ERR,ERR,ERR,ERR,ERR,ERR,ERR,ERR,ERR,ERR,ERR,ERR,ERR,ERR,ERR,ERR,ERR,ERR,ERR,ERR,ERR,ERR,ERR,ERR,ERR,ERR,ERR,ERR,ERR,ERR,ERR,ERR,ERR,ERR,ERR,ERR,50.0,60.0,100,0.0,0.0,0.0,0.0,0.0,0.0,0.0,0.0,0.0,0.0,0.0,0.0,0.0,0.0,0.0,0.0,61.6,78,11,65508,50,65476,0,300,0,0,8,20529,65476,0,0,26214,60.0,0.0,0.0,0.0,0.0,0.0
2026-05-17T16:42:35,ERR,ERR,ERR,ERR,ERR,ERR,ERR,ERR,ERR,ERR,ERR,ERR,ERR,ERR,ERR,ERR,ERR,ERR,ERR,ERR,ERR,ERR,ERR,ERR,ERR,ERR,ERR,ERR,ERR,ERR,ERR,ERR,ERR,ERR,ERR,ERR,ERR,ERR,ERR,ERR,ERR,ERR,ERR,ERR,ERR,ERR,ERR,ERR,ERR,ERR,ERR,ERR,ERR,ERR,ERR,ERR,ERR,ERR,ERR,ERR,ERR,ERR,ERR,ERR,ERR,ERR,ERR,ERR,ERR,ERR,ERR,ERR,ERR,ERR,ERR,ERR,ERR,ERR,ERR,ERR,ERR,ERR,ERR,ERR,ERR,ERR,ERR,ERR,ERR,ERR,ERR,ERR,ERR,ERR,ERR,ERR,ERR,ERR,ERR,ERR,ERR,ERR,ERR,ERR,ERR,ERR,ERR,ERR,ERR,ERR,ERR,ERR,ERR,ERR,ERR,ERR,ERR,ERR,ERR,ERR,ERR,ERR,ERR,ERR,ERR,0.0,0.0,-134474944.0,0.0,0.0,1.3936040501711995e+18,7.805,0.0,0,0,4,0,8422,0.0,45,0.0,0.0,0.0,0.0,0.0,0,0,0,0,0.0,0,0,0,0,0,0,0,0,0,0,0,0,0,0,0,0,0,0,0,0,0,0,0,0,0,0,0,0,0,0,0,0,0,38,14,7,45,65476,0,300,0,0,8,21553,0.0,-107605600.0,0.0,0.0,0.0,0.0,0.0,0.0,0.0,0.0,0.0,0.0,0.0,0.0,0.0,0.0,0.0,0.0,0.0,0.0,0.0,0.0,0.0,0.0,-2.004,2.004,0.0,0.0,0.0,0.0,5043.0,0.0,0.0,0.0,0.0,0.0,-107615304.0,0.0,0.0,0.0,0.0,53,3.222028592685471e+26,0.0,0.0,0.0,0.0,0.0,0.0,0.0,0.0,0,0,0,0.0,0.0,0.0,0.0,0.0,0.0,0.0,0.0,0.0,0.0,0.0,0.0,0.0,0.0,0.0,0.0,0,-107875648.0,53,0.0,106,-107614832.0,2.7006707062415038e+23,ERR,ERR,ERR,ERR,ERR,ERR,ERR,ERR,ERR,ERR,ERR,ERR,ERR,ERR,ERR,ERR,ERR,ERR,ERR,ERR,ERR,ERR,ERR,ERR,ERR,ERR,ERR,ERR,ERR,ERR,ERR,ERR,ERR,ERR,ERR,ERR,ERR,ERR,ERR,ERR,ERR,ERR,ERR,ERR,ERR,ERR,ERR,ERR,ERR,ERR,ERR,ERR,ERR,ERR,ERR,ERR,ERR,ERR,ERR,ERR,ERR,ERR,ERR,ERR,ERR,ERR,ERR,50.0,60.0,100,0.0,0.0,0.0,0.0,0.0,0.0,0.0,0.0,0.0,0.0,0.0,0.0,0.0,0.0,0.0,0.0,61.6,78,11,65508,50,65476,0,300,0,0,8,20529,65476,0,0,26214,60.0,0.0,0.0,0.0,0.0,0.0
2026-05-17T16:42:36,ERR,ERR,ERR,ERR,ERR,ERR,ERR,ERR,ERR,ERR,ERR,ERR,ERR,ERR,ERR,ERR,ERR,ERR,ERR,ERR,ERR,ERR,ERR,ERR,ERR,ERR,ERR,ERR,ERR,ERR,ERR,ERR,ERR,ERR,ERR,ERR,ERR,ERR,ERR,ERR,ERR,ERR,ERR,ERR,ERR,ERR,ERR,ERR,ERR,ERR,ERR,ERR,ERR,ERR,ERR,ERR,ERR,ERR,ERR,ERR,ERR,ERR,ERR,ERR,ERR,ERR,ERR,ERR,ERR,ERR,ERR,ERR,ERR,ERR,ERR,ERR,ERR,ERR,ERR,ERR,ERR,ERR,ERR,ERR,ERR,ERR,ERR,ERR,ERR,ERR,ERR,ERR,ERR,ERR,ERR,ERR,ERR,ERR,ERR,ERR,ERR,ERR,ERR,ERR,ERR,ERR,ERR,ERR,ERR,ERR,ERR,ERR,ERR,ERR,ERR,ERR,ERR,ERR,ERR,ERR,ERR,ERR,ERR,ERR,ERR,0.0,0.0,-134474944.0,0.0,0.0,1.3936040501711995e+18,7.805,0.0,0,0,4,0,8422,0.0,45,0.0,0.0,0.0,0.0,0.0,0,0,0,0,0.0,0,0,0,0,0,0,0,0,0,0,0,0,0,0,0,0,0,0,0,0,0,0,0,0,0,0,0,0,0,0,0,0,0,38,14,7,45,65476,0,300,0,0,8,21553,0.0,-107605600.0,0.0,0.0,0.0,0.0,0.0,0.0,0.0,0.0,0.0,0.0,0.0,0.0,0.0,0.0,0.0,0.0,0.0,0.0,0.0,0.0,0.0,0.0,-2.004,2.004,0.0,0.0,0.0,0.0,5043.0,0.0,0.0,0.0,0.0,0.0,-107615304.0,0.0,0.0,0.0,0.0,53,3.222028592685471e+26,0.0,0.0,0.0,0.0,0.0,0.0,0.0,0.0,0,0,0,0.0,0.0,0.0,0.0,0.0,0.0,0.0,0.0,0.0,0.0,0.0,0.0,0.0,0.0,0.0,0.0,0,-107875648.0,53,0.0,106,-107614832.0,2.7006707062415038e+23,ERR,ERR,ERR,ERR,ERR,ERR,ERR,ERR,ERR,ERR,ERR,ERR,ERR,ERR,ERR,ERR,ERR,ERR,ERR,ERR,ERR,ERR,ERR,ERR,ERR,ERR,ERR,ERR,ERR,ERR,ERR,ERR,ERR,ERR,ERR,ERR,ERR,ERR,ERR,ERR,ERR,ERR,ERR,ERR,ERR,ERR,ERR,ERR,ERR,ERR,ERR,ERR,ERR,ERR,ERR,ERR,ERR,ERR,ERR,ERR,ERR,ERR,ERR,ERR,ERR,ERR,ERR,50.0,60.0,100,0.0,0.0,0.0,0.0,0.0,0.0,0.0,0.0,0.0,0.0,0.0,0.0,0.0,0.0,0.0,0.0,62.0,78,11,65508,50,65476,0,300,0,0,8,20529,65476,0,0,26214,60.0,0.0,0.0,0.0,0.0,0.0
2026-05-17T16:42:37,ERR,ERR,ERR,ERR,ERR,ERR,ERR,ERR,ERR,ERR,ERR,ERR,ERR,ERR,ERR,ERR,ERR,ERR,ERR,ERR,ERR,ERR,ERR,ERR,ERR,ERR,ERR,ERR,ERR,ERR,ERR,ERR,ERR,ERR,ERR,ERR,ERR,ERR,ERR,ERR,ERR,ERR,ERR,ERR,ERR,ERR,ERR,ERR,ERR,ERR,ERR,ERR,ERR,ERR,ERR,ERR,ERR,ERR,ERR,ERR,ERR,ERR,ERR,ERR,ERR,ERR,ERR,ERR,ERR,ERR,ERR,ERR,ERR,ERR,ERR,ERR,ERR,ERR,ERR,ERR,ERR,ERR,ERR,ERR,ERR,ERR,ERR,ERR,ERR,ERR,ERR,ERR,ERR,ERR,ERR,ERR,ERR,ERR,ERR,ERR,ERR,ERR,ERR,ERR,ERR,ERR,ERR,ERR,ERR,ERR,ERR,ERR,ERR,ERR,ERR,ERR,ERR,ERR,ERR,ERR,ERR,ERR,ERR,ERR,ERR,0.0,0.0,-134474944.0,0.0,0.0,1.3936040501711995e+18,7.805,0.0,0,0,4,0,8422,0.0,45,0.0,0.0,0.0,0.0,0.0,0,0,0,0,0.0,0,0,0,0,0,0,0,0,0,0,0,0,0,0,0,0,0,0,0,0,0,0,0,0,0,0,0,0,0,0,0,0,0,38,14,7,45,65476,0,300,0,0,8,21553,0.0,-107605600.0,0.0,0.0,0.0,0.0,0.0,0.0,0.0,0.0,0.0,0.0,0.0,0.0,0.0,0.0,0.0,0.0,0.0,0.0,0.0,0.0,0.0,0.0,-2.004,2.004,0.0,0.0,0.0,0.0,5046.0,-0.0,0.0,0.0,0.0,0.0,-107615304.0,0.0,0.0,0.0,0.0,53,-0.0,-107614792.0,0.0,0.0,0.0,0.0,0.0,0.0,0.0,0,0,0,0.0,0.0,0.0,0.0,0.0,0.0,0.0,0.0,0.0,0.0,0.0,0.0,0.0,0.0,0.0,0.0,0,-107875648.0,53,0.0,106,-107614832.0,2.7006707062415038e+23,ERR,ERR,ERR,ERR,ERR,ERR,ERR,ERR,ERR,ERR,ERR,ERR,ERR,ERR,ERR,ERR,ERR,ERR,ERR,ERR,ERR,ERR,ERR,ERR,ERR,ERR,ERR,ERR,ERR,ERR,ERR,ERR,ERR,ERR,ERR,ERR,ERR,ERR,ERR,ERR,ERR,ERR,ERR,ERR,ERR,ERR,ERR,ERR,ERR,ERR,ERR,ERR,ERR,ERR,ERR,ERR,ERR,ERR,ERR,ERR,ERR,ERR,ERR,ERR,ERR,ERR,ERR,50.0,60.0,100,0.0,0.0,0.0,0.0,0.0,0.0,0.0,0.0,0.0,0.0,0.0,0.0,0.0,0.0,0.0,0.0,61.6,78,11,65508,50,65476,0,300,0,0,8,20529,65476,0,0,26214,60.0,0.0,0.0,0.0,0.0,0.0
2026-05-17T16:42:38,ERR,ERR,ERR,ERR,ERR,ERR,ERR,ERR,ERR,ERR,ERR,ERR,ERR,ERR,ERR,ERR,ERR,ERR,ERR,ERR,ERR,ERR,ERR,ERR,ERR,ERR,ERR,ERR,ERR,ERR,ERR,ERR,ERR,ERR,ERR,ERR,ERR,ERR,ERR,ERR,ERR,ERR,ERR,ERR,ERR,ERR,ERR,ERR,ERR,ERR,ERR,ERR,ERR,ERR,ERR,ERR,ERR,ERR,ERR,ERR,ERR,ERR,ERR,ERR,ERR,ERR,ERR,ERR,ERR,ERR,ERR,ERR,ERR,ERR,ERR,ERR,ERR,ERR,ERR,ERR,ERR,ERR,ERR,ERR,ERR,ERR,ERR,ERR,ERR,ERR,ERR,ERR,ERR,ERR,ERR,ERR,ERR,ERR,ERR,ERR,ERR,ERR,ERR,ERR,ERR,ERR,ERR,ERR,ERR,ERR,ERR,ERR,ERR,ERR,ERR,ERR,ERR,ERR,ERR,ERR,ERR,ERR,ERR,ERR,ERR,0.0,0.0,-134474944.0,0.0,0.0,1.3936040501711995e+18,7.805,0.0,0,0,4,0,8422,0.0,45,0.0,0.0,0.0,0.0,0.0,0,0,0,0,0.0,0,0,0,0,0,0,0,0,0,0,0,0,0,0,0,0,0,0,0,0,0,0,0,0,0,0,0,0,0,0,0,0,0,38,14,7,45,65476,0,300,0,0,8,21553,0.0,-107605600.0,0.0,0.0,0.0,0.0,0.0,0.0,0.0,0.0,0.0,0.0,0.0,0.0,0.0,0.0,0.0,0.0,0.0,0.0,0.0,0.0,0.0,0.0,-2.004,2.004,0.0,0.0,0.0,0.0,5046.0,-0.0,0.0,0.0,0.0,0.0,-107615304.0,0.0,0.0,0.0,0.0,53,-0.0,-107614792.0,0.0,0.0,0.0,0.0,0.0,0.0,0.0,0,0,0,0.0,0.0,0.0,0.0,0.0,0.0,0.0,0.0,0.0,0.0,0.0,0.0,0.0,0.0,0.0,0.0,0,-107875648.0,53,0.0,106,-107614832.0,2.7006707062415038e+23,ERR,ERR,ERR,ERR,ERR,ERR,ERR,ERR,ERR,ERR,ERR,ERR,ERR,ERR,ERR,ERR,ERR,ERR,ERR,ERR,ERR,ERR,ERR,ERR,ERR,ERR,ERR,ERR,ERR,ERR,ERR,ERR,ERR,ERR,ERR,ERR,ERR,ERR,ERR,ERR,ERR,ERR,ERR,ERR,ERR,ERR,ERR,ERR,ERR,ERR,ERR,ERR,ERR,ERR,ERR,ERR,ERR,ERR,ERR,ERR,ERR,ERR,ERR,ERR,ERR,ERR,ERR,50.0,60.0,100,0.0,0.0,0.0,0.0,0.0,0.0,0.0,0.0,0.0,0.0,0.0,0.0,0.0,0.0,0.0,0.0,61.6,78,11,65508,50,65476,0,300,0,0,8,20529,65476,0,0,26214,60.0,0.0,0.0,0.0,0.0,0.0
2026-05-17T16:42:39,ERR,ERR,ERR,ERR,ERR,ERR,ERR,ERR,ERR,ERR,ERR,ERR,ERR,ERR,ERR,ERR,ERR,ERR,ERR,ERR,ERR,ERR,ERR,ERR,ERR,ERR,ERR,ERR,ERR,ERR,ERR,ERR,ERR,ERR,ERR,ERR,ERR,ERR,ERR,ERR,ERR,ERR,ERR,ERR,ERR,ERR,ERR,ERR,ERR,ERR,ERR,ERR,ERR,ERR,ERR,ERR,ERR,ERR,ERR,ERR,ERR,ERR,ERR,ERR,ERR,ERR,ERR,ERR,ERR,ERR,ERR,ERR,ERR,ERR,ERR,ERR,ERR,ERR,ERR,ERR,ERR,ERR,ERR,ERR,ERR,ERR,ERR,ERR,ERR,ERR,ERR,ERR,ERR,ERR,ERR,ERR,ERR,ERR,ERR,ERR,ERR,ERR,ERR,ERR,ERR,ERR,ERR,ERR,ERR,ERR,ERR,ERR,ERR,ERR,ERR,ERR,ERR,ERR,ERR,ERR,ERR,ERR,ERR,ERR,ERR,0.0,0.0,-134474944.0,0.0,0.0,1.3936040501711995e+18,7.805,0.0,0,0,4,0,8422,0.0,45,0.0,0.0,0.0,0.0,0.0,0,0,0,0,0.0,0,0,0,0,0,0,0,0,0,0,0,0,0,0,0,0,0,0,0,0,0,0,0,0,0,0,0,0,0,0,0,0,0,38,14,7,45,65476,0,300,0,0,8,21553,0.0,-107605600.0,0.0,0.0,0.0,0.0,0.0,0.0,0.0,0.0,0.0,0.0,0.0,0.0,0.0,0.0,0.0,0.0,0.0,0.0,0.0,0.0,0.0,0.0,-2.004,2.004,0.0,0.0,0.0,0.0,5046.0,-0.0,0.0,0.0,0.0,0.0,-107615304.0,0.0,0.0,0.0,0.0,53,-0.0,-107614792.0,0.0,0.0,0.0,0.0,0.0,0.0,0.0,0,0,0,0.0,0.0,0.0,0.0,0.0,0.0,0.0,0.0,0.0,0.0,0.0,0.0,0.0,0.0,0.0,0.0,0,-107875648.0,53,0.0,106,-107614832.0,2.7006707062415038e+23,ERR,ERR,ERR,ERR,ERR,ERR,ERR,ERR,ERR,ERR,ERR,ERR,ERR,ERR,ERR,ERR,ERR,ERR,ERR,ERR,ERR,ERR,ERR,ERR,ERR,ERR,ERR,ERR,ERR,ERR,ERR,ERR,ERR,ERR,ERR,ERR,ERR,ERR,ERR,ERR,ERR,ERR,ERR,ERR,ERR,ERR,ERR,ERR,ERR,ERR,ERR,ERR,ERR,ERR,ERR,ERR,ERR,ERR,ERR,ERR,ERR,ERR,ERR,ERR,ERR,ERR,ERR,50.0,60.0,100,0.0,0.0,0.0,0.0,0.0,0.0,0.0,0.0,0.0,0.0,0.0,0.0,0.0,0.0,0.0,0.0,62.0,78,11,65508,50,65476,0,300,0,0,8,20529,65476,0,0,26214,60.0,0.0,0.0,0.0,0.0,0.0
2026-05-17T16:42:40,ERR,ERR,ERR,ERR,ERR,ERR,ERR,ERR,ERR,ERR,ERR,ERR,ERR,ERR,ERR,ERR,ERR,ERR,ERR,ERR,ERR,ERR,ERR,ERR,ERR,ERR,ERR,ERR,ERR,ERR,ERR,ERR,ERR,ERR,ERR,ERR,ERR,ERR,ERR,ERR,ERR,ERR,ERR,ERR,ERR,ERR,ERR,ERR,ERR,ERR,ERR,ERR,ERR,ERR,ERR,ERR,ERR,ERR,ERR,ERR,ERR,ERR,ERR,ERR,ERR,ERR,ERR,ERR,ERR,ERR,ERR,ERR,ERR,ERR,ERR,ERR,ERR,ERR,ERR,ERR,ERR,ERR,ERR,ERR,ERR,ERR,ERR,ERR,ERR,ERR,ERR,ERR,ERR,ERR,ERR,ERR,ERR,ERR,ERR,ERR,ERR,ERR,ERR,ERR,ERR,ERR,ERR,ERR,ERR,ERR,ERR,ERR,ERR,ERR,ERR,ERR,ERR,ERR,ERR,ERR,ERR,ERR,ERR,ERR,ERR,0.0,0.0,-134474944.0,0.0,0.0,1.3936040501711995e+18,7.805,0.0,0,0,4,0,8422,0.0,45,0.0,0.0,0.0,0.0,0.0,0,0,0,0,0.0,0,0,0,0,0,0,0,0,0,0,0,0,0,0,0,0,0,0,0,0,0,0,0,0,0,0,0,0,0,0,0,0,0,38,14,7,45,65476,0,300,0,0,8,21553,0.0,-107605600.0,0.0,0.0,0.0,0.0,0.0,0.0,0.0,0.0,0.0,0.0,0.0,0.0,0.0,0.0,0.0,0.0,0.0,0.0,0.0,0.0,0.0,0.0,-2.004,2.004,0.0,0.0,0.0,0.0,5046.0,-0.0,0.0,0.0,0.0,0.0,-107615304.0,0.0,0.0,0.0,0.0,53,-0.0,-107614792.0,0.0,0.0,0.0,0.0,0.0,0.0,0.0,0,0,0,0.0,0.0,0.0,0.0,0.0,0.0,0.0,0.0,0.0,0.0,0.0,0.0,0.0,0.0,0.0,0.0,0,-107875648.0,53,0.0,106,-107614832.0,2.7006707062415038e+23,ERR,ERR,ERR,ERR,ERR,ERR,ERR,ERR,ERR,ERR,ERR,ERR,ERR,ERR,ERR,ERR,ERR,ERR,ERR,ERR,ERR,ERR,ERR,ERR,ERR,ERR,ERR,ERR,ERR,ERR,ERR,ERR,ERR,ERR,ERR,ERR,ERR,ERR,ERR,ERR,ERR,ERR,ERR,ERR,ERR,ERR,ERR,ERR,ERR,ERR,ERR,ERR,ERR,ERR,ERR,ERR,ERR,ERR,ERR,ERR,ERR,ERR,ERR,ERR,ERR,ERR,ERR,50.0,60.0,100,0.0,0.0,0.0,0.0,0.0,0.0,0.0,0.0,0.0,0.0,0.0,0.0,0.0,0.0,0.0,0.0,62.0,78,11,65508,50,65476,0,300,0,0,8,20529,65476,0,0,26214,60.0,0.0,0.0,0.0,0.0,0.0
2026-05-17T16:42:41,ERR,ERR,ERR,ERR,ERR,ERR,ERR,ERR,ERR,ERR,ERR,ERR,ERR,ERR,ERR,ERR,ERR,ERR,ERR,ERR,ERR,ERR,ERR,ERR,ERR,ERR,ERR,ERR,ERR,ERR,ERR,ERR,ERR,ERR,ERR,ERR,ERR,ERR,ERR,ERR,ERR,ERR,ERR,ERR,ERR,ERR,ERR,ERR,ERR,ERR,ERR,ERR,ERR,ERR,ERR,ERR,ERR,ERR,ERR,ERR,ERR,ERR,ERR,ERR,ERR,ERR,ERR,ERR,ERR,ERR,ERR,ERR,ERR,ERR,ERR,ERR,ERR,ERR,ERR,ERR,ERR,ERR,ERR,ERR,ERR,ERR,ERR,ERR,ERR,ERR,ERR,ERR,ERR,ERR,ERR,ERR,ERR,ERR,ERR,ERR,ERR,ERR,ERR,ERR,ERR,ERR,ERR,ERR,ERR,ERR,ERR,ERR,ERR,ERR,ERR,ERR,ERR,ERR,ERR,ERR,ERR,ERR,ERR,ERR,ERR,0.0,0.0,-134474944.0,0.0,0.0,1.3936040501711995e+18,7.805,0.0,0,0,4,0,8422,0.0,45,0.0,0.0,0.0,0.0,0.0,0,0,0,0,0.0,0,0,0,0,0,0,0,0,0,0,0,0,0,0,0,0,0,0,0,0,0,0,0,0,0,0,0,0,0,0,0,0,0,38,14,7,45,65476,0,300,0,0,8,21553,0.0,-107605600.0,0.0,0.0,0.0,0.0,0.0,0.0,0.0,0.0,0.0,0.0,0.0,0.0,0.0,0.0,0.0,0.0,0.0,0.0,0.0,0.0,0.0,0.0,-2.004,2.004,0.0,0.0,0.0,0.0,5046.0,-0.0,0.0,0.0,0.0,0.0,-107615304.0,0.0,0.0,0.0,0.0,53,-0.0,-107614792.0,0.0,0.0,0.0,0.0,0.0,0.0,0.0,0,0,0,0.0,0.0,0.0,0.0,0.0,0.0,0.0,0.0,0.0,0.0,0.0,0.0,0.0,0.0,0.0,0.0,0,-107875648.0,53,0.0,106,-107614832.0,2.7006707062415038e+23,ERR,ERR,ERR,ERR,ERR,ERR,ERR,ERR,ERR,ERR,ERR,ERR,ERR,ERR,ERR,ERR,ERR,ERR,ERR,ERR,ERR,ERR,ERR,ERR,ERR,ERR,ERR,ERR,ERR,ERR,ERR,ERR,ERR,ERR,ERR,ERR,ERR,ERR,ERR,ERR,ERR,ERR,ERR,ERR,ERR,ERR,ERR,ERR,ERR,ERR,ERR,ERR,ERR,ERR,ERR,ERR,ERR,ERR,ERR,ERR,ERR,ERR,ERR,ERR,ERR,ERR,ERR,50.0,60.0,100,0.0,0.0,0.0,0.0,0.0,0.0,0.0,0.0,0.0,0.0,0.0,0.0,0.0,0.0,0.0,0.0,62.0,78,11,65508,50,65476,0,300,0,0,8,20529,65476,0,0,26214,60.0,0.0,0.0,0.0,0.0,0.0
2026-05-17T16:42:42,ERR,ERR,ERR,ERR,ERR,ERR,ERR,ERR,ERR,ERR,ERR,ERR,ERR,ERR,ERR,ERR,ERR,ERR,ERR,ERR,ERR,ERR,ERR,ERR,ERR,ERR,ERR,ERR,ERR,ERR,ERR,ERR,ERR,ERR,ERR,ERR,ERR,ERR,ERR,ERR,ERR,ERR,ERR,ERR,ERR,ERR,ERR,ERR,ERR,ERR,ERR,ERR,ERR,ERR,ERR,ERR,ERR,ERR,ERR,ERR,ERR,ERR,ERR,ERR,ERR,ERR,ERR,ERR,ERR,ERR,ERR,ERR,ERR,ERR,ERR,ERR,ERR,ERR,ERR,ERR,ERR,ERR,ERR,ERR,ERR,ERR,ERR,ERR,ERR,ERR,ERR,ERR,ERR,ERR,ERR,ERR,ERR,ERR,ERR,ERR,ERR,ERR,ERR,ERR,ERR,ERR,ERR,ERR,ERR,ERR,ERR,ERR,ERR,ERR,ERR,ERR,ERR,ERR,ERR,ERR,ERR,ERR,ERR,ERR,ERR,0.0,0.0,-134474944.0,0.0,0.0,1.3936040501711995e+18,7.805,0.0,0,0,4,0,8422,0.0,45,0.0,0.0,0.0,0.0,0.0,0,0,0,0,0.0,0,0,0,0,0,0,0,0,0,0,0,0,0,0,0,0,0,0,0,0,0,0,0,0,0,0,0,0,0,0,0,0,0,38,14,7,45,65476,0,300,0,0,8,21553,0.0,-107605600.0,0.0,0.0,0.0,0.0,0.0,0.0,0.0,0.0,0.0,0.0,0.0,0.0,0.0,0.0,0.0,0.0,0.0,0.0,0.0,0.0,0.0,0.0,-2.004,2.004,0.0,0.0,0.0,0.0,5045.0,-2.422988192762658e+24,0.0,0.0,0.0,0.0,-107615304.0,0.0,0.0,0.0,0.0,53,-0.0,0.0,0.0,0.0,0.0,0.0,0.0,0.0,0.0,0,0,0,0.0,0.0,0.0,0.0,0.0,0.0,0.0,0.0,0.0,0.0,0.0,0.0,0.0,0.0,0.0,0.0,0,-107875648.0,53,0.0,106,-107614832.0,2.7006707062415038e+23,ERR,ERR,ERR,ERR,ERR,ERR,ERR,ERR,ERR,ERR,ERR,ERR,ERR,ERR,ERR,ERR,ERR,ERR,ERR,ERR,ERR,ERR,ERR,ERR,ERR,ERR,ERR,ERR,ERR,ERR,ERR,ERR,ERR,ERR,ERR,ERR,ERR,ERR,ERR,ERR,ERR,ERR,ERR,ERR,ERR,ERR,ERR,ERR,ERR,ERR,ERR,ERR,ERR,ERR,ERR,ERR,ERR,ERR,ERR,ERR,ERR,ERR,ERR,ERR,ERR,ERR,ERR,50.0,60.0,100,0.0,0.0,0.0,0.0,0.0,0.0,0.0,0.0,0.0,0.0,0.0,0.0,0.0,0.0,0.0,0.0,62.0,78,11,65508,50,65476,0,300,0,0,8,20529,65476,0,0,26214,60.0,0.0,0.0,0.0,0.0,0.0
2026-05-17T16:42:43,ERR,ERR,ERR,ERR,ERR,ERR,ERR,ERR,ERR,ERR,ERR,ERR,ERR,ERR,ERR,ERR,ERR,ERR,ERR,ERR,ERR,ERR,ERR,ERR,ERR,ERR,ERR,ERR,ERR,ERR,ERR,ERR,ERR,ERR,ERR,ERR,ERR,ERR,ERR,ERR,ERR,ERR,ERR,ERR,ERR,ERR,ERR,ERR,ERR,ERR,ERR,ERR,ERR,ERR,ERR,ERR,ERR,ERR,ERR,ERR,ERR,ERR,ERR,ERR,ERR,ERR,ERR,ERR,ERR,ERR,ERR,ERR,ERR,ERR,ERR,ERR,ERR,ERR,ERR,ERR,ERR,ERR,ERR,ERR,ERR,ERR,ERR,ERR,ERR,ERR,ERR,ERR,ERR,ERR,ERR,ERR,ERR,ERR,ERR,ERR,ERR,ERR,ERR,ERR,ERR,ERR,ERR,ERR,ERR,ERR,ERR,ERR,ERR,ERR,ERR,ERR,ERR,ERR,ERR,ERR,ERR,ERR,ERR,ERR,ERR,0.0,0.0,-134474944.0,0.0,0.0,1.3936040501711995e+18,7.805,0.0,0,0,4,0,8422,0.0,45,0.0,0.0,0.0,0.0,0.0,0,0,0,0,0.0,0,0,0,0,0,0,0,0,0,0,0,0,0,0,0,0,0,0,0,0,0,0,0,0,0,0,0,0,0,0,0,0,0,38,14,7,45,65476,0,300,0,0,8,21553,0.0,-107605600.0,0.0,0.0,0.0,0.0,0.0,0.0,0.0,0.0,0.0,0.0,0.0,0.0,0.0,0.0,0.0,0.0,0.0,0.0,0.0,0.0,0.0,0.0,-2.004,2.004,0.0,0.0,0.0,0.0,5045.0,-2.422988192762658e+24,0.0,0.0,0.0,0.0,-107615304.0,0.0,0.0,0.0,0.0,53,-0.0,0.0,0.0,0.0,0.0,0.0,0.0,0.0,0.0,0,0,0,0.0,0.0,0.0,0.0,0.0,0.0,0.0,0.0,0.0,0.0,0.0,0.0,0.0,0.0,0.0,0.0,0,-107875648.0,53,0.0,106,-107614832.0,2.7006707062415038e+23,ERR,ERR,ERR,ERR,ERR,ERR,ERR,ERR,ERR,ERR,ERR,ERR,ERR,ERR,ERR,ERR,ERR,ERR,ERR,ERR,ERR,ERR,ERR,ERR,ERR,ERR,ERR,ERR,ERR,ERR,ERR,ERR,ERR,ERR,ERR,ERR,ERR,ERR,ERR,ERR,ERR,ERR,ERR,ERR,ERR,ERR,ERR,ERR,ERR,ERR,ERR,ERR,ERR,ERR,ERR,ERR,ERR,ERR,ERR,ERR,ERR,ERR,ERR,ERR,ERR,ERR,ERR,50.0,60.0,100,0.0,0.0,0.0,0.0,0.0,0.0,0.0,0.0,0.0,0.0,0.0,0.0,0.0,0.0,0.0,0.0,61.6,78,11,65508,50,65476,0,300,0,0,8,20529,65476,0,0,26214,60.0,0.0,0.0,0.0,0.0,0.0
2026-05-17T16:42:44,ERR,ERR,ERR,ERR,ERR,ERR,ERR,ERR,ERR,ERR,ERR,ERR,ERR,ERR,ERR,ERR,ERR,ERR,ERR,ERR,ERR,ERR,ERR,ERR,ERR,ERR,ERR,ERR,ERR,ERR,ERR,ERR,ERR,ERR,ERR,ERR,ERR,ERR,ERR,ERR,ERR,ERR,ERR,ERR,ERR,ERR,ERR,ERR,ERR,ERR,ERR,ERR,ERR,ERR,ERR,ERR,ERR,ERR,ERR,ERR,ERR,ERR,ERR,ERR,ERR,ERR,ERR,ERR,ERR,ERR,ERR,ERR,ERR,ERR,ERR,ERR,ERR,ERR,ERR,ERR,ERR,ERR,ERR,ERR,ERR,ERR,ERR,ERR,ERR,ERR,ERR,ERR,ERR,ERR,ERR,ERR,ERR,ERR,ERR,ERR,ERR,ERR,ERR,ERR,ERR,ERR,ERR,ERR,ERR,ERR,ERR,ERR,ERR,ERR,ERR,ERR,ERR,ERR,ERR,ERR,ERR,ERR,ERR,ERR,ERR,0.0,0.0,-134474944.0,0.0,0.0,1.3936040501711995e+18,7.805,0.0,0,0,4,0,8422,0.0,45,0.0,0.0,0.0,0.0,0.0,0,0,0,0,0.0,0,0,0,0,0,0,0,0,0,0,0,0,0,0,0,0,0,0,0,0,0,0,0,0,0,0,0,0,0,0,0,0,0,38,14,7,45,65476,0,300,0,0,8,21553,0.0,-107605600.0,0.0,0.0,0.0,0.0,0.0,0.0,0.0,0.0,0.0,0.0,0.0,0.0,0.0,0.0,0.0,0.0,0.0,0.0,0.0,0.0,0.0,0.0,-2.004,2.004,0.0,0.0,0.0,0.0,5045.0,-2.422988192762658e+24,0.0,0.0,0.0,0.0,-107615304.0,0.0,0.0,0.0,0.0,53,-0.0,0.0,0.0,0.0,0.0,0.0,0.0,0.0,0.0,0,0,0,0.0,0.0,0.0,0.0,0.0,0.0,0.0,0.0,0.0,0.0,0.0,0.0,0.0,0.0,0.0,0.0,0,-107875648.0,53,0.0,106,-107614832.0,2.7006707062415038e+23,ERR,ERR,ERR,ERR,ERR,ERR,ERR,ERR,ERR,ERR,ERR,ERR,ERR,ERR,ERR,ERR,ERR,ERR,ERR,ERR,ERR,ERR,ERR,ERR,ERR,ERR,ERR,ERR,ERR,ERR,ERR,ERR,ERR,ERR,ERR,ERR,ERR,ERR,ERR,ERR,ERR,ERR,ERR,ERR,ERR,ERR,ERR,ERR,ERR,ERR,ERR,ERR,ERR,ERR,ERR,ERR,ERR,ERR,ERR,ERR,ERR,ERR,ERR,ERR,ERR,ERR,ERR,50.0,60.0,100,0.0,0.0,0.0,0.0,0.0,0.0,0.0,0.0,0.0,0.0,0.0,0.0,0.0,0.0,0.0,0.0,61.6,78,11,65508,50,65476,0,300,0,0,8,20529,65476,0,0,26214,60.0,0.0,0.0,0.0,0.0,0.0
2026-05-17T16:42:45,ERR,ERR,ERR,ERR,ERR,ERR,ERR,ERR,ERR,ERR,ERR,ERR,ERR,ERR,ERR,ERR,ERR,ERR,ERR,ERR,ERR,ERR,ERR,ERR,ERR,ERR,ERR,ERR,ERR,ERR,ERR,ERR,ERR,ERR,ERR,ERR,ERR,ERR,ERR,ERR,ERR,ERR,ERR,ERR,ERR,ERR,ERR,ERR,ERR,ERR,ERR,ERR,ERR,ERR,ERR,ERR,ERR,ERR,ERR,ERR,ERR,ERR,ERR,ERR,ERR,ERR,ERR,ERR,ERR,ERR,ERR,ERR,ERR,ERR,ERR,ERR,ERR,ERR,ERR,ERR,ERR,ERR,ERR,ERR,ERR,ERR,ERR,ERR,ERR,ERR,ERR,ERR,ERR,ERR,ERR,ERR,ERR,ERR,ERR,ERR,ERR,ERR,ERR,ERR,ERR,ERR,ERR,ERR,ERR,ERR,ERR,ERR,ERR,ERR,ERR,ERR,ERR,ERR,ERR,ERR,ERR,ERR,ERR,ERR,ERR,0.0,0.0,-134474944.0,0.0,0.0,1.3936040501711995e+18,7.805,0.0,0,0,4,0,8422,0.0,45,0.0,0.0,0.0,0.0,0.0,0,0,0,0,0.0,0,0,0,0,0,0,0,0,0,0,0,0,0,0,0,0,0,0,0,0,0,0,0,0,0,0,0,0,0,0,0,0,0,38,14,7,45,65476,0,300,0,0,8,21553,0.0,-107605600.0,0.0,0.0,0.0,0.0,0.0,0.0,0.0,0.0,0.0,0.0,0.0,0.0,0.0,0.0,0.0,0.0,0.0,0.0,0.0,0.0,0.0,0.0,-2.004,2.004,0.0,0.0,0.0,0.0,5045.0,-2.422988192762658e+24,0.0,0.0,0.0,0.0,-107615304.0,0.0,0.0,0.0,0.0,53,-0.0,0.0,0.0,0.0,0.0,0.0,0.0,0.0,0.0,0,0,0,0.0,0.0,0.0,0.0,0.0,0.0,0.0,0.0,0.0,0.0,0.0,0.0,0.0,0.0,0.0,0.0,0,-107875648.0,53,0.0,106,-107614832.0,2.7006707062415038e+23,ERR,ERR,ERR,ERR,ERR,ERR,ERR,ERR,ERR,ERR,ERR,ERR,ERR,ERR,ERR,ERR,ERR,ERR,ERR,ERR,ERR,ERR,ERR,ERR,ERR,ERR,ERR,ERR,ERR,ERR,ERR,ERR,ERR,ERR,ERR,ERR,ERR,ERR,ERR,ERR,ERR,ERR,ERR,ERR,ERR,ERR,ERR,ERR,ERR,ERR,ERR,ERR,ERR,ERR,ERR,ERR,ERR,ERR,ERR,ERR,ERR,ERR,ERR,ERR,ERR,ERR,ERR,50.0,60.0,100,0.0,0.0,0.0,0.0,0.0,0.0,0.0,0.0,0.0,0.0,0.0,0.0,0.0,0.0,0.0,0.0,61.6,78,11,65508,50,65476,0,300,0,0,8,20529,65476,0,0,26214,60.0,0.0,0.0,0.0,0.0,0.0
2026-05-17T16:42:46,ERR,ERR,ERR,ERR,ERR,ERR,ERR,ERR,ERR,ERR,ERR,ERR,ERR,ERR,ERR,ERR,ERR,ERR,ERR,ERR,ERR,ERR,ERR,ERR,ERR,ERR,ERR,ERR,ERR,ERR,ERR,ERR,ERR,ERR,ERR,ERR,ERR,ERR,ERR,ERR,ERR,ERR,ERR,ERR,ERR,ERR,ERR,ERR,ERR,ERR,ERR,ERR,ERR,ERR,ERR,ERR,ERR,ERR,ERR,ERR,ERR,ERR,ERR,ERR,ERR,ERR,ERR,ERR,ERR,ERR,ERR,ERR,ERR,ERR,ERR,ERR,ERR,ERR,ERR,ERR,ERR,ERR,ERR,ERR,ERR,ERR,ERR,ERR,ERR,ERR,ERR,ERR,ERR,ERR,ERR,ERR,ERR,ERR,ERR,ERR,ERR,ERR,ERR,ERR,ERR,ERR,ERR,ERR,ERR,ERR,ERR,ERR,ERR,ERR,ERR,ERR,ERR,ERR,ERR,ERR,ERR,ERR,ERR,ERR,ERR,0.0,0.0,-134474944.0,0.0,0.0,1.3936040501711995e+18,7.805,0.0,0,0,4,0,8422,0.0,45,0.0,0.0,0.0,0.0,0.0,0,0,0,0,0.0,0,0,0,0,0,0,0,0,0,0,0,0,0,0,0,0,0,0,0,0,0,0,0,0,0,0,0,0,0,0,0,0,0,38,14,7,45,65476,0,300,0,0,8,21553,0.0,-107605600.0,0.0,0.0,0.0,0.0,0.0,0.0,0.0,0.0,0.0,0.0,0.0,0.0,0.0,0.0,0.0,0.0,0.0,0.0,0.0,0.0,0.0,0.0,-2.004,2.004,0.0,0.0,0.0,0.0,5045.0,-2.422988192762658e+24,0.0,0.0,0.0,0.0,-107615304.0,0.0,0.0,0.0,0.0,53,-0.0,0.0,0.0,0.0,0.0,0.0,0.0,0.0,0.0,0,0,0,0.0,0.0,0.0,0.0,0.0,0.0,0.0,0.0,0.0,0.0,0.0,0.0,0.0,0.0,0.0,0.0,0,-107875648.0,53,0.0,106,-107614832.0,2.7006707062415038e+23,ERR,ERR,ERR,ERR,ERR,ERR,ERR,ERR,ERR,ERR,ERR,ERR,ERR,ERR,ERR,ERR,ERR,ERR,ERR,ERR,ERR,ERR,ERR,ERR,ERR,ERR,ERR,ERR,ERR,ERR,ERR,ERR,ERR,ERR,ERR,ERR,ERR,ERR,ERR,ERR,ERR,ERR,ERR,ERR,ERR,ERR,ERR,ERR,ERR,ERR,ERR,ERR,ERR,ERR,ERR,ERR,ERR,ERR,ERR,ERR,ERR,ERR,ERR,ERR,ERR,ERR,ERR,50.0,60.0,100,0.0,0.0,0.0,0.0,0.0,0.0,0.0,0.0,0.0,0.0,0.0,0.0,0.0,0.0,0.0,0.0,61.6,78,11,65508,50,65476,0,300,0,0,8,20529,65476,0,0,26214,60.0,0.0,0.0,0.0,0.0,0.0
2026-05-17T16:42:47,ERR,ERR,ERR,ERR,ERR,ERR,ERR,ERR,ERR,ERR,ERR,ERR,ERR,ERR,ERR,ERR,ERR,ERR,ERR,ERR,ERR,ERR,ERR,ERR,ERR,ERR,ERR,ERR,ERR,ERR,ERR,ERR,ERR,ERR,ERR,ERR,ERR,ERR,ERR,ERR,ERR,ERR,ERR,ERR,ERR,ERR,ERR,ERR,ERR,ERR,ERR,ERR,ERR,ERR,ERR,ERR,ERR,ERR,ERR,ERR,ERR,ERR,ERR,ERR,ERR,ERR,ERR,ERR,ERR,ERR,ERR,ERR,ERR,ERR,ERR,ERR,ERR,ERR,ERR,ERR,ERR,ERR,ERR,ERR,ERR,ERR,ERR,ERR,ERR,ERR,ERR,ERR,ERR,ERR,ERR,ERR,ERR,ERR,ERR,ERR,ERR,ERR,ERR,ERR,ERR,ERR,ERR,ERR,ERR,ERR,ERR,ERR,ERR,ERR,ERR,ERR,ERR,ERR,ERR,ERR,ERR,ERR,ERR,ERR,ERR,0.0,0.0,-134474944.0,0.0,0.0,1.3936040501711995e+18,7.805,0.0,0,0,4,0,8422,0.0,45,0.0,0.0,0.0,0.0,0.0,0,0,0,0,0.0,0,0,0,0,0,0,0,0,0,0,0,0,0,0,0,0,0,0,0,0,0,0,0,0,0,0,0,0,0,0,0,0,0,38,14,7,45,65476,0,300,0,0,8,21553,0.0,-107605600.0,0.0,0.0,0.0,0.0,0.0,0.0,0.0,0.0,0.0,0.0,0.0,0.0,0.0,0.0,0.0,0.0,0.0,0.0,0.0,0.0,0.0,0.0,-2.004,2.004,0.0,0.0,0.0,0.0,5047.0,3.697186573429349e+19,0.0,0.0,0.0,0.0,-107615304.0,0.0,0.0,0.0,0.0,53,5.848083413016271e+35,89220.57,0.0,0.0,0.0,0.0,0.0,0.0,0.0,0,0,0,0.0,0.0,0.0,0.0,0.0,0.0,0.0,0.0,0.0,0.0,0.0,0.0,0.0,0.0,0.0,0.0,0,-107875648.0,53,0.0,106,-107614832.0,2.7006707062415038e+23,ERR,ERR,ERR,ERR,ERR,ERR,ERR,ERR,ERR,ERR,ERR,ERR,ERR,ERR,ERR,ERR,ERR,ERR,ERR,ERR,ERR,ERR,ERR,ERR,ERR,ERR,ERR,ERR,ERR,ERR,ERR,ERR,ERR,ERR,ERR,ERR,ERR,ERR,ERR,ERR,ERR,ERR,ERR,ERR,ERR,ERR,ERR,ERR,ERR,ERR,ERR,ERR,ERR,ERR,ERR,ERR,ERR,ERR,ERR,ERR,ERR,ERR,ERR,ERR,ERR,ERR,ERR,50.0,60.0,100,0.0,0.0,0.0,0.0,0.0,0.0,0.0,0.0,0.0,0.0,0.0,0.0,0.0,0.0,0.0,0.0,61.6,78,11,65508,50,65476,0,300,0,0,8,20529,65476,0,0,26214,60.0,0.0,0.0,0.0,0.0,0.0
2026-05-17T16:42:48,ERR,ERR,ERR,ERR,ERR,ERR,ERR,ERR,ERR,ERR,ERR,ERR,ERR,ERR,ERR,ERR,ERR,ERR,ERR,ERR,ERR,ERR,ERR,ERR,ERR,ERR,ERR,ERR,ERR,ERR,ERR,ERR,ERR,ERR,ERR,ERR,ERR,ERR,ERR,ERR,ERR,ERR,ERR,ERR,ERR,ERR,ERR,ERR,ERR,ERR,ERR,ERR,ERR,ERR,ERR,ERR,ERR,ERR,ERR,ERR,ERR,ERR,ERR,ERR,ERR,ERR,ERR,ERR,ERR,ERR,ERR,ERR,ERR,ERR,ERR,ERR,ERR,ERR,ERR,ERR,ERR,ERR,ERR,ERR,ERR,ERR,ERR,ERR,ERR,ERR,ERR,ERR,ERR,ERR,ERR,ERR,ERR,ERR,ERR,ERR,ERR,ERR,ERR,ERR,ERR,ERR,ERR,ERR,ERR,ERR,ERR,ERR,ERR,ERR,ERR,ERR,ERR,ERR,ERR,ERR,ERR,ERR,ERR,ERR,ERR,0.0,0.0,-134474944.0,0.0,0.0,1.3936040501711995e+18,7.805,0.0,0,0,4,0,8422,0.0,45,0.0,0.0,0.0,0.0,0.0,0,0,0,0,0.0,0,0,0,0,0,0,0,0,0,0,0,0,0,0,0,0,0,0,0,0,0,0,0,0,0,0,0,0,0,0,0,0,0,38,14,7,45,65476,0,300,0,0,8,21553,0.0,-107605600.0,0.0,0.0,0.0,0.0,0.0,0.0,0.0,0.0,0.0,0.0,0.0,0.0,0.0,0.0,0.0,0.0,0.0,0.0,0.0,0.0,0.0,0.0,-2.004,2.004,0.0,0.0,0.0,0.0,5047.0,3.697186573429349e+19,0.0,0.0,0.0,0.0,-107615304.0,0.0,0.0,0.0,0.0,53,5.848083413016271e+35,89220.57,0.0,0.0,0.0,0.0,0.0,0.0,0.0,0,0,0,0.0,0.0,0.0,0.0,0.0,0.0,0.0,0.0,0.0,0.0,0.0,0.0,0.0,0.0,0.0,0.0,0,-107875648.0,53,0.0,106,-107614832.0,2.7006707062415038e+23,ERR,ERR,ERR,ERR,ERR,ERR,ERR,ERR,ERR,ERR,ERR,ERR,ERR,ERR,ERR,ERR,ERR,ERR,ERR,ERR,ERR,ERR,ERR,ERR,ERR,ERR,ERR,ERR,ERR,ERR,ERR,ERR,ERR,ERR,ERR,ERR,ERR,ERR,ERR,ERR,ERR,ERR,ERR,ERR,ERR,ERR,ERR,ERR,ERR,ERR,ERR,ERR,ERR,ERR,ERR,ERR,ERR,ERR,ERR,ERR,ERR,ERR,ERR,ERR,ERR,ERR,ERR,50.0,60.0,100,0.0,0.0,0.0,0.0,0.0,0.0,0.0,0.0,0.0,0.0,0.0,0.0,0.0,0.0,0.0,0.0,61.6,78,11,65508,50,65476,0,300,0,0,8,20529,65476,0,0,26214,60.0,0.0,0.0,0.0,0.0,0.0
2026-05-17T16:42:49,ERR,ERR,ERR,ERR,ERR,ERR,ERR,ERR,ERR,ERR,ERR,ERR,ERR,ERR,ERR,ERR,ERR,ERR,ERR,ERR,ERR,ERR,ERR,ERR,ERR,ERR,ERR,ERR,ERR,ERR,ERR,ERR,ERR,ERR,ERR,ERR,ERR,ERR,ERR,ERR,ERR,ERR,ERR,ERR,ERR,ERR,ERR,ERR,ERR,ERR,ERR,ERR,ERR,ERR,ERR,ERR,ERR,ERR,ERR,ERR,ERR,ERR,ERR,ERR,ERR,ERR,ERR,ERR,ERR,ERR,ERR,ERR,ERR,ERR,ERR,ERR,ERR,ERR,ERR,ERR,ERR,ERR,ERR,ERR,ERR,ERR,ERR,ERR,ERR,ERR,ERR,ERR,ERR,ERR,ERR,ERR,ERR,ERR,ERR,ERR,ERR,ERR,ERR,ERR,ERR,ERR,ERR,ERR,ERR,ERR,ERR,ERR,ERR,ERR,ERR,ERR,ERR,ERR,ERR,ERR,ERR,ERR,ERR,ERR,ERR,0.0,0.0,-134474944.0,0.0,0.0,1.3936040501711995e+18,7.805,0.0,0,0,4,0,8422,0.0,45,0.0,0.0,0.0,0.0,0.0,0,0,0,0,0.0,0,0,0,0,0,0,0,0,0,0,0,0,0,0,0,0,0,0,0,0,0,0,0,0,0,0,0,0,0,0,0,0,0,38,14,7,45,65476,0,300,0,0,8,21553,0.0,-107605600.0,0.0,0.0,0.0,0.0,0.0,0.0,0.0,0.0,0.0,0.0,0.0,0.0,0.0,0.0,0.0,0.0,0.0,0.0,0.0,0.0,0.0,0.0,-2.004,2.004,0.0,0.0,0.0,0.0,5047.0,3.697186573429349e+19,0.0,0.0,0.0,0.0,-107615304.0,0.0,0.0,0.0,0.0,53,5.848083413016271e+35,89220.57,0.0,0.0,0.0,0.0,0.0,0.0,0.0,0,0,0,0.0,0.0,0.0,0.0,0.0,0.0,0.0,0.0,0.0,0.0,0.0,0.0,0.0,0.0,0.0,0.0,0,-107875648.0,53,0.0,106,-107614832.0,2.7006707062415038e+23,ERR,ERR,ERR,ERR,ERR,ERR,ERR,ERR,ERR,ERR,ERR,ERR,ERR,ERR,ERR,ERR,ERR,ERR,ERR,ERR,ERR,ERR,ERR,ERR,ERR,ERR,ERR,ERR,ERR,ERR,ERR,ERR,ERR,ERR,ERR,ERR,ERR,ERR,ERR,ERR,ERR,ERR,ERR,ERR,ERR,ERR,ERR,ERR,ERR,ERR,ERR,ERR,ERR,ERR,ERR,ERR,ERR,ERR,ERR,ERR,ERR,ERR,ERR,ERR,ERR,ERR,ERR,50.0,60.0,100,0.0,0.0,0.0,0.0,0.0,0.0,0.0,0.0,0.0,0.0,0.0,0.0,0.0,0.0,0.0,0.0,61.6,78,11,65508,50,65476,0,300,0,0,8,20529,65476,0,0,26214,60.0,0.0,0.0,0.0,0.0,0.0
2026-05-17T16:42:50,ERR,ERR,ERR,ERR,ERR,ERR,ERR,ERR,ERR,ERR,ERR,ERR,ERR,ERR,ERR,ERR,ERR,ERR,ERR,ERR,ERR,ERR,ERR,ERR,ERR,ERR,ERR,ERR,ERR,ERR,ERR,ERR,ERR,ERR,ERR,ERR,ERR,ERR,ERR,ERR,ERR,ERR,ERR,ERR,ERR,ERR,ERR,ERR,ERR,ERR,ERR,ERR,ERR,ERR,ERR,ERR,ERR,ERR,ERR,ERR,ERR,ERR,ERR,ERR,ERR,ERR,ERR,ERR,ERR,ERR,ERR,ERR,ERR,ERR,ERR,ERR,ERR,ERR,ERR,ERR,ERR,ERR,ERR,ERR,ERR,ERR,ERR,ERR,ERR,ERR,ERR,ERR,ERR,ERR,ERR,ERR,ERR,ERR,ERR,ERR,ERR,ERR,ERR,ERR,ERR,ERR,ERR,ERR,ERR,ERR,ERR,ERR,ERR,ERR,ERR,ERR,ERR,ERR,ERR,ERR,ERR,ERR,ERR,ERR,ERR,0.0,0.0,-134474944.0,0.0,0.0,1.3936040501711995e+18,7.805,0.0,0,0,4,0,8422,0.0,45,0.0,0.0,0.0,0.0,0.0,0,0,0,0,0.0,0,0,0,0,0,0,0,0,0,0,0,0,0,0,0,0,0,0,0,0,0,0,0,0,0,0,0,0,0,0,0,0,0,38,14,7,45,65476,0,300,0,0,8,21553,0.0,-107605600.0,0.0,0.0,0.0,0.0,0.0,0.0,0.0,0.0,0.0,0.0,0.0,0.0,0.0,0.0,0.0,0.0,0.0,0.0,0.0,0.0,0.0,0.0,-2.004,2.004,0.0,0.0,0.0,0.0,5047.0,3.697186573429349e+19,0.0,0.0,0.0,0.0,-107615304.0,0.0,0.0,0.0,0.0,53,5.848083413016271e+35,89220.57,0.0,0.0,0.0,0.0,0.0,0.0,0.0,0,0,0,0.0,0.0,0.0,0.0,0.0,0.0,0.0,0.0,0.0,0.0,0.0,0.0,0.0,0.0,0.0,0.0,0,-107875648.0,53,0.0,106,-107614832.0,2.7006707062415038e+23,ERR,ERR,ERR,ERR,ERR,ERR,ERR,ERR,ERR,ERR,ERR,ERR,ERR,ERR,ERR,ERR,ERR,ERR,ERR,ERR,ERR,ERR,ERR,ERR,ERR,ERR,ERR,ERR,ERR,ERR,ERR,ERR,ERR,ERR,ERR,ERR,ERR,ERR,ERR,ERR,ERR,ERR,ERR,ERR,ERR,ERR,ERR,ERR,ERR,ERR,ERR,ERR,ERR,ERR,ERR,ERR,ERR,ERR,ERR,ERR,ERR,ERR,ERR,ERR,ERR,ERR,ERR,50.0,60.0,100,0.0,0.0,0.0,0.0,0.0,0.0,0.0,0.0,0.0,0.0,0.0,0.0,0.0,0.0,0.0,0.0,61.6,78,11,65508,50,65476,0,300,0,0,8,20529,65476,0,0,26214,60.0,0.0,0.0,0.0,0.0,0.0
2026-05-17T16:42:51,ERR,ERR,ERR,ERR,ERR,ERR,ERR,ERR,ERR,ERR,ERR,ERR,ERR,ERR,ERR,ERR,ERR,ERR,ERR,ERR,ERR,ERR,ERR,ERR,ERR,ERR,ERR,ERR,ERR,ERR,ERR,ERR,ERR,ERR,ERR,ERR,ERR,ERR,ERR,ERR,ERR,ERR,ERR,ERR,ERR,ERR,ERR,ERR,ERR,ERR,ERR,ERR,ERR,ERR,ERR,ERR,ERR,ERR,ERR,ERR,ERR,ERR,ERR,ERR,ERR,ERR,ERR,ERR,ERR,ERR,ERR,ERR,ERR,ERR,ERR,ERR,ERR,ERR,ERR,ERR,ERR,ERR,ERR,ERR,ERR,ERR,ERR,ERR,ERR,ERR,ERR,ERR,ERR,ERR,ERR,ERR,ERR,ERR,ERR,ERR,ERR,ERR,ERR,ERR,ERR,ERR,ERR,ERR,ERR,ERR,ERR,ERR,ERR,ERR,ERR,ERR,ERR,ERR,ERR,ERR,ERR,ERR,ERR,ERR,ERR,0.0,0.0,-134474944.0,0.0,0.0,1.3936040501711995e+18,7.805,0.0,0,0,4,0,8422,0.0,45,0.0,0.0,0.0,0.0,0.0,0,0,0,0,0.0,0,0,0,0,0,0,0,0,0,0,0,0,0,0,0,0,0,0,0,0,0,0,0,0,0,0,0,0,0,0,0,0,0,38,14,7,45,65476,0,300,0,0,8,21553,0.0,-107605600.0,0.0,0.0,0.0,0.0,0.0,0.0,0.0,0.0,0.0,0.0,0.0,0.0,0.0,0.0,0.0,0.0,0.0,0.0,0.0,0.0,0.0,0.0,-2.004,2.004,0.0,0.0,0.0,0.0,5047.0,3.697186573429349e+19,0.0,0.0,0.0,0.0,-107615304.0,0.0,0.0,0.0,0.0,53,5.848083413016271e+35,89220.57,0.0,0.0,0.0,0.0,0.0,0.0,0.0,0,0,0,0.0,0.0,0.0,0.0,0.0,0.0,0.0,0.0,0.0,0.0,0.0,0.0,0.0,0.0,0.0,0.0,0,-107875648.0,53,0.0,106,-107614832.0,2.7006707062415038e+23,ERR,ERR,ERR,ERR,ERR,ERR,ERR,ERR,ERR,ERR,ERR,ERR,ERR,ERR,ERR,ERR,ERR,ERR,ERR,ERR,ERR,ERR,ERR,ERR,ERR,ERR,ERR,ERR,ERR,ERR,ERR,ERR,ERR,ERR,ERR,ERR,ERR,ERR,ERR,ERR,ERR,ERR,ERR,ERR,ERR,ERR,ERR,ERR,ERR,ERR,ERR,ERR,ERR,ERR,ERR,ERR,ERR,ERR,ERR,ERR,ERR,ERR,ERR,ERR,ERR,ERR,ERR,50.0,60.0,100,0.0,0.0,0.0,0.0,0.0,0.0,0.0,0.0,0.0,0.0,0.0,0.0,0.0,0.0,0.0,0.0,62.0,78,11,65508,50,65476,0,300,0,0,8,20529,65476,0,0,26214,60.0,0.0,0.0,0.0,0.0,0.0
2026-05-17T16:42:52,ERR,ERR,ERR,ERR,ERR,ERR,ERR,ERR,ERR,ERR,ERR,ERR,ERR,ERR,ERR,ERR,ERR,ERR,ERR,ERR,ERR,ERR,ERR,ERR,ERR,ERR,ERR,ERR,ERR,ERR,ERR,ERR,ERR,ERR,ERR,ERR,ERR,ERR,ERR,ERR,ERR,ERR,ERR,ERR,ERR,ERR,ERR,ERR,ERR,ERR,ERR,ERR,ERR,ERR,ERR,ERR,ERR,ERR,ERR,ERR,ERR,ERR,ERR,ERR,ERR,ERR,ERR,ERR,ERR,ERR,ERR,ERR,ERR,ERR,ERR,ERR,ERR,ERR,ERR,ERR,ERR,ERR,ERR,ERR,ERR,ERR,ERR,ERR,ERR,ERR,ERR,ERR,ERR,ERR,ERR,ERR,ERR,ERR,ERR,ERR,ERR,ERR,ERR,ERR,ERR,ERR,ERR,ERR,ERR,ERR,ERR,ERR,ERR,ERR,ERR,ERR,ERR,ERR,ERR,ERR,ERR,ERR,ERR,ERR,ERR,0.0,0.0,-134474944.0,0.0,0.0,1.3936040501711995e+18,7.805,0.0,0,0,4,0,8422,0.0,45,0.0,0.0,0.0,0.0,0.0,0,0,0,0,0.0,0,0,0,0,0,0,0,0,0,0,0,0,0,0,0,0,0,0,0,0,0,0,0,0,0,0,0,0,0,0,0,0,0,38,14,7,45,65476,0,300,0,0,8,21553,0.0,-107605600.0,0.0,0.0,0.0,0.0,0.0,0.0,0.0,0.0,0.0,0.0,0.0,0.0,0.0,0.0,0.0,0.0,0.0,0.0,0.0,0.0,0.0,0.0,-2.004,2.004,0.0,0.0,0.0,0.0,5011.0,1.040665380856972e+34,0.0,0.0,0.0,0.0,-107615304.0,0.0,0.0,0.0,0.0,53,5.848083413016271e+35,0.059,0.0,0.0,0.0,0.0,0.0,0.0,0.0,0,0,0,0.0,0.0,0.0,0.0,0.0,0.0,0.0,0.0,0.0,0.0,0.0,0.0,0.0,0.0,0.0,0.0,0,-107875648.0,53,0.0,106,-107614832.0,2.7006707062415038e+23,ERR,ERR,ERR,ERR,ERR,ERR,ERR,ERR,ERR,ERR,ERR,ERR,ERR,ERR,ERR,ERR,ERR,ERR,ERR,ERR,ERR,ERR,ERR,ERR,ERR,ERR,ERR,ERR,ERR,ERR,ERR,ERR,ERR,ERR,ERR,ERR,ERR,ERR,ERR,ERR,ERR,ERR,ERR,ERR,ERR,ERR,ERR,ERR,ERR,ERR,ERR,ERR,ERR,ERR,ERR,ERR,ERR,ERR,ERR,ERR,ERR,ERR,ERR,ERR,ERR,ERR,ERR,50.0,60.0,100,0.0,0.0,0.0,0.0,0.0,0.0,0.0,0.0,0.0,0.0,0.0,0.0,0.0,0.0,0.0,0.0,62.0,78,11,65508,50,65476,0,300,0,0,8,20529,65476,0,0,26214,60.0,0.0,0.0,0.0,0.0,0.0
2026-05-17T16:42:53,ERR,ERR,ERR,ERR,ERR,ERR,ERR,ERR,ERR,ERR,ERR,ERR,ERR,ERR,ERR,ERR,ERR,ERR,ERR,ERR,ERR,ERR,ERR,ERR,ERR,ERR,ERR,ERR,ERR,ERR,ERR,ERR,ERR,ERR,ERR,ERR,ERR,ERR,ERR,ERR,ERR,ERR,ERR,ERR,ERR,ERR,ERR,ERR,ERR,ERR,ERR,ERR,ERR,ERR,ERR,ERR,ERR,ERR,ERR,ERR,ERR,ERR,ERR,ERR,ERR,ERR,ERR,ERR,ERR,ERR,ERR,ERR,ERR,ERR,ERR,ERR,ERR,ERR,ERR,ERR,ERR,ERR,ERR,ERR,ERR,ERR,ERR,ERR,ERR,ERR,ERR,ERR,ERR,ERR,ERR,ERR,ERR,ERR,ERR,ERR,ERR,ERR,ERR,ERR,ERR,ERR,ERR,ERR,ERR,ERR,ERR,ERR,ERR,ERR,ERR,ERR,ERR,ERR,ERR,ERR,ERR,ERR,ERR,ERR,ERR,0.0,0.0,-134474944.0,0.0,0.0,1.3936040501711995e+18,7.805,0.0,0,0,4,0,8422,0.0,45,0.0,0.0,0.0,0.0,0.0,0,0,0,0,0.0,0,0,0,0,0,0,0,0,0,0,0,0,0,0,0,0,0,0,0,0,0,0,0,0,0,0,0,0,0,0,0,0,0,38,14,7,45,65476,0,300,0,0,8,21553,0.0,-107605600.0,0.0,0.0,0.0,0.0,0.0,0.0,0.0,0.0,0.0,0.0,0.0,0.0,0.0,0.0,0.0,0.0,0.0,0.0,0.0,0.0,0.0,0.0,-2.004,2.004,0.0,0.0,0.0,0.0,5011.0,1.040665380856972e+34,0.0,0.0,0.0,0.0,-107615304.0,0.0,0.0,0.0,0.0,53,5.848083413016271e+35,0.059,0.0,0.0,0.0,0.0,0.0,0.0,0.0,0,0,0,0.0,0.0,0.0,0.0,0.0,0.0,0.0,0.0,0.0,0.0,0.0,0.0,0.0,0.0,0.0,0.0,0,-107875648.0,53,0.0,106,-107614832.0,2.7006707062415038e+23,ERR,ERR,ERR,ERR,ERR,ERR,ERR,ERR,ERR,ERR,ERR,ERR,ERR,ERR,ERR,ERR,ERR,ERR,ERR,ERR,ERR,ERR,ERR,ERR,ERR,ERR,ERR,ERR,ERR,ERR,ERR,ERR,ERR,ERR,ERR,ERR,ERR,ERR,ERR,ERR,ERR,ERR,ERR,ERR,ERR,ERR,ERR,ERR,ERR,ERR,ERR,ERR,ERR,ERR,ERR,ERR,ERR,ERR,ERR,ERR,ERR,ERR,ERR,ERR,ERR,ERR,ERR,50.0,60.0,100,0.0,0.0,0.0,0.0,0.0,0.0,0.0,0.0,0.0,0.0,0.0,0.0,0.0,0.0,0.0,0.0,61.6,78,11,65508,50,65476,0,300,0,0,8,20529,65476,0,0,26214,60.0,0.0,0.0,0.0,0.0,0.0
2026-05-17T16:42:54,ERR,ERR,ERR,ERR,ERR,ERR,ERR,ERR,ERR,ERR,ERR,ERR,ERR,ERR,ERR,ERR,ERR,ERR,ERR,ERR,ERR,ERR,ERR,ERR,ERR,ERR,ERR,ERR,ERR,ERR,ERR,ERR,ERR,ERR,ERR,ERR,ERR,ERR,ERR,ERR,ERR,ERR,ERR,ERR,ERR,ERR,ERR,ERR,ERR,ERR,ERR,ERR,ERR,ERR,ERR,ERR,ERR,ERR,ERR,ERR,ERR,ERR,ERR,ERR,ERR,ERR,ERR,ERR,ERR,ERR,ERR,ERR,ERR,ERR,ERR,ERR,ERR,ERR,ERR,ERR,ERR,ERR,ERR,ERR,ERR,ERR,ERR,ERR,ERR,ERR,ERR,ERR,ERR,ERR,ERR,ERR,ERR,ERR,ERR,ERR,ERR,ERR,ERR,ERR,ERR,ERR,ERR,ERR,ERR,ERR,ERR,ERR,ERR,ERR,ERR,ERR,ERR,ERR,ERR,ERR,ERR,ERR,ERR,ERR,ERR,0.0,0.0,-134474944.0,0.0,0.0,1.3936040501711995e+18,7.805,0.0,0,0,4,0,8422,0.0,45,0.0,0.0,0.0,0.0,0.0,0,0,0,0,0.0,0,0,0,0,0,0,0,0,0,0,0,0,0,0,0,0,0,0,0,0,0,0,0,0,0,0,0,0,0,0,0,0,0,38,14,7,45,65476,0,300,0,0,8,21553,0.0,-107605600.0,0.0,0.0,0.0,0.0,0.0,0.0,0.0,0.0,0.0,0.0,0.0,0.0,0.0,0.0,0.0,0.0,0.0,0.0,0.0,0.0,0.0,0.0,-2.004,2.004,0.0,0.0,0.0,0.0,5011.0,1.040665380856972e+34,0.0,0.0,0.0,0.0,-107615304.0,0.0,0.0,0.0,0.0,53,5.848083413016271e+35,0.059,0.0,0.0,0.0,0.0,0.0,0.0,0.0,0,0,0,0.0,0.0,0.0,0.0,0.0,0.0,0.0,0.0,0.0,0.0,0.0,0.0,0.0,0.0,0.0,0.0,0,-107875648.0,53,0.0,106,-107614832.0,2.7006707062415038e+23,ERR,ERR,ERR,ERR,ERR,ERR,ERR,ERR,ERR,ERR,ERR,ERR,ERR,ERR,ERR,ERR,ERR,ERR,ERR,ERR,ERR,ERR,ERR,ERR,ERR,ERR,ERR,ERR,ERR,ERR,ERR,ERR,ERR,ERR,ERR,ERR,ERR,ERR,ERR,ERR,ERR,ERR,ERR,ERR,ERR,ERR,ERR,ERR,ERR,ERR,ERR,ERR,ERR,ERR,ERR,ERR,ERR,ERR,ERR,ERR,ERR,ERR,ERR,ERR,ERR,ERR,ERR,50.0,60.0,100,0.0,0.0,0.0,0.0,0.0,0.0,0.0,0.0,0.0,0.0,0.0,0.0,0.0,0.0,0.0,0.0,61.6,78,11,65508,50,65476,0,300,0,0,8,20529,65476,0,0,26214,60.0,0.0,0.0,0.0,0.0,0.0
2026-05-17T16:42:55,ERR,ERR,ERR,ERR,ERR,ERR,ERR,ERR,ERR,ERR,ERR,ERR,ERR,ERR,ERR,ERR,ERR,ERR,ERR,ERR,ERR,ERR,ERR,ERR,ERR,ERR,ERR,ERR,ERR,ERR,ERR,ERR,ERR,ERR,ERR,ERR,ERR,ERR,ERR,ERR,ERR,ERR,ERR,ERR,ERR,ERR,ERR,ERR,ERR,ERR,ERR,ERR,ERR,ERR,ERR,ERR,ERR,ERR,ERR,ERR,ERR,ERR,ERR,ERR,ERR,ERR,ERR,ERR,ERR,ERR,ERR,ERR,ERR,ERR,ERR,ERR,ERR,ERR,ERR,ERR,ERR,ERR,ERR,ERR,ERR,ERR,ERR,ERR,ERR,ERR,ERR,ERR,ERR,ERR,ERR,ERR,ERR,ERR,ERR,ERR,ERR,ERR,ERR,ERR,ERR,ERR,ERR,ERR,ERR,ERR,ERR,ERR,ERR,ERR,ERR,ERR,ERR,ERR,ERR,ERR,ERR,ERR,ERR,ERR,ERR,0.0,0.0,-134474944.0,0.0,0.0,1.3936040501711995e+18,7.805,0.0,0,0,4,0,8422,0.0,45,0.0,0.0,0.0,0.0,0.0,0,0,0,0,0.0,0,0,0,0,0,0,0,0,0,0,0,0,0,0,0,0,0,0,0,0,0,0,0,0,0,0,0,0,0,0,0,0,0,38,14,7,45,65476,0,300,0,0,8,21553,0.0,-107605600.0,0.0,0.0,0.0,0.0,0.0,0.0,0.0,0.0,0.0,0.0,0.0,0.0,0.0,0.0,0.0,0.0,0.0,0.0,0.0,0.0,0.0,0.0,-2.004,2.004,0.0,0.0,0.0,0.0,5011.0,1.040665380856972e+34,0.0,0.0,0.0,0.0,-107615304.0,0.0,0.0,0.0,0.0,53,5.848083413016271e+35,0.059,0.0,0.0,0.0,0.0,0.0,0.0,0.0,0,0,0,0.0,0.0,0.0,0.0,0.0,0.0,0.0,0.0,0.0,0.0,0.0,0.0,0.0,0.0,0.0,0.0,0,-107875648.0,53,0.0,106,-107614832.0,2.7006707062415038e+23,ERR,ERR,ERR,ERR,ERR,ERR,ERR,ERR,ERR,ERR,ERR,ERR,ERR,ERR,ERR,ERR,ERR,ERR,ERR,ERR,ERR,ERR,ERR,ERR,ERR,ERR,ERR,ERR,ERR,ERR,ERR,ERR,ERR,ERR,ERR,ERR,ERR,ERR,ERR,ERR,ERR,ERR,ERR,ERR,ERR,ERR,ERR,ERR,ERR,ERR,ERR,ERR,ERR,ERR,ERR,ERR,ERR,ERR,ERR,ERR,ERR,ERR,ERR,ERR,ERR,ERR,ERR,50.0,60.0,100,0.0,0.0,0.0,0.0,0.0,0.0,0.0,0.0,0.0,0.0,0.0,0.0,0.0,0.0,0.0,0.0,62.0,78,11,65508,50,65476,0,300,0,0,8,20529,65476,0,0,26214,60.0,0.0,0.0,0.0,0.0,0.0
2026-05-17T16:42:56,ERR,ERR,ERR,ERR,ERR,ERR,ERR,ERR,ERR,ERR,ERR,ERR,ERR,ERR,ERR,ERR,ERR,ERR,ERR,ERR,ERR,ERR,ERR,ERR,ERR,ERR,ERR,ERR,ERR,ERR,ERR,ERR,ERR,ERR,ERR,ERR,ERR,ERR,ERR,ERR,ERR,ERR,ERR,ERR,ERR,ERR,ERR,ERR,ERR,ERR,ERR,ERR,ERR,ERR,ERR,ERR,ERR,ERR,ERR,ERR,ERR,ERR,ERR,ERR,ERR,ERR,ERR,ERR,ERR,ERR,ERR,ERR,ERR,ERR,ERR,ERR,ERR,ERR,ERR,ERR,ERR,ERR,ERR,ERR,ERR,ERR,ERR,ERR,ERR,ERR,ERR,ERR,ERR,ERR,ERR,ERR,ERR,ERR,ERR,ERR,ERR,ERR,ERR,ERR,ERR,ERR,ERR,ERR,ERR,ERR,ERR,ERR,ERR,ERR,ERR,ERR,ERR,ERR,ERR,ERR,ERR,ERR,ERR,ERR,ERR,0.0,0.0,-134474944.0,0.0,0.0,1.3936040501711995e+18,7.805,0.0,0,0,4,0,8422,0.0,45,0.0,0.0,0.0,0.0,0.0,0,0,0,0,0.0,0,0,0,0,0,0,0,0,0,0,0,0,0,0,0,0,0,0,0,0,0,0,0,0,0,0,0,0,0,0,0,0,0,38,14,7,45,65476,0,300,0,0,8,21553,0.0,-107605600.0,0.0,0.0,0.0,0.0,0.0,0.0,0.0,0.0,0.0,0.0,0.0,0.0,0.0,0.0,0.0,0.0,0.0,0.0,0.0,0.0,0.0,0.0,-2.004,2.004,0.0,0.0,0.0,0.0,5011.0,1.040665380856972e+34,0.0,0.0,0.0,0.0,-107615304.0,0.0,0.0,0.0,0.0,53,5.848083413016271e+35,0.059,0.0,0.0,0.0,0.0,0.0,0.0,0.0,0,0,0,0.0,0.0,0.0,0.0,0.0,0.0,0.0,0.0,0.0,0.0,0.0,0.0,0.0,0.0,0.0,0.0,0,-107875648.0,53,0.0,106,-107614832.0,2.7006707062415038e+23,ERR,ERR,ERR,ERR,ERR,ERR,ERR,ERR,ERR,ERR,ERR,ERR,ERR,ERR,ERR,ERR,ERR,ERR,ERR,ERR,ERR,ERR,ERR,ERR,ERR,ERR,ERR,ERR,ERR,ERR,ERR,ERR,ERR,ERR,ERR,ERR,ERR,ERR,ERR,ERR,ERR,ERR,ERR,ERR,ERR,ERR,ERR,ERR,ERR,ERR,ERR,ERR,ERR,ERR,ERR,ERR,ERR,ERR,ERR,ERR,ERR,ERR,ERR,ERR,ERR,ERR,ERR,50.0,60.0,100,0.0,0.0,0.0,0.0,0.0,0.0,0.0,0.0,0.0,0.0,0.0,0.0,0.0,0.0,0.0,0.0,62.0,78,11,65508,50,65476,0,300,0,0,8,20529,65476,0,0,26214,60.0,0.0,0.0,0.0,0.0,0.0
2026-05-17T16:42:57,ERR,ERR,ERR,ERR,ERR,ERR,ERR,ERR,ERR,ERR,ERR,ERR,ERR,ERR,ERR,ERR,ERR,ERR,ERR,ERR,ERR,ERR,ERR,ERR,ERR,ERR,ERR,ERR,ERR,ERR,ERR,ERR,ERR,ERR,ERR,ERR,ERR,ERR,ERR,ERR,ERR,ERR,ERR,ERR,ERR,ERR,ERR,ERR,ERR,ERR,ERR,ERR,ERR,ERR,ERR,ERR,ERR,ERR,ERR,ERR,ERR,ERR,ERR,ERR,ERR,ERR,ERR,ERR,ERR,ERR,ERR,ERR,ERR,ERR,ERR,ERR,ERR,ERR,ERR,ERR,ERR,ERR,ERR,ERR,ERR,ERR,ERR,ERR,ERR,ERR,ERR,ERR,ERR,ERR,ERR,ERR,ERR,ERR,ERR,ERR,ERR,ERR,ERR,ERR,ERR,ERR,ERR,ERR,ERR,ERR,ERR,ERR,ERR,ERR,ERR,ERR,ERR,ERR,ERR,ERR,ERR,ERR,ERR,ERR,ERR,0.0,0.0,-134474944.0,0.0,0.0,1.3936040501711995e+18,7.805,0.0,0,0,4,0,8422,0.0,45,0.0,0.0,0.0,0.0,0.0,0,0,0,0,0.0,0,0,0,0,0,0,0,0,0,0,0,0,0,0,0,0,0,0,0,0,0,0,0,0,0,0,0,0,0,0,0,0,0,38,14,7,45,65476,0,300,0,0,8,21553,0.0,-107605600.0,0.0,0.0,0.0,0.0,0.0,0.0,0.0,0.0,0.0,0.0,0.0,0.0,0.0,0.0,0.0,0.0,0.0,0.0,0.0,0.0,0.0,0.0,-2.004,2.004,0.0,0.0,0.0,0.0,5014.0,0.0,0.0,0.0,0.0,0.0,-107615304.0,0.0,0.0,0.0,0.0,53,-0.0,-2.30882787541985e+20,0.0,0.0,0.0,0.0,0.0,0.0,0.0,0,0,0,0.0,0.0,0.0,0.0,0.0,0.0,0.0,0.0,0.0,0.0,0.0,0.0,0.0,0.0,0.0,0.0,0,-107875648.0,53,0.0,106,-107614832.0,2.7006707062415038e+23,ERR,ERR,ERR,ERR,ERR,ERR,ERR,ERR,ERR,ERR,ERR,ERR,ERR,ERR,ERR,ERR,ERR,ERR,ERR,ERR,ERR,ERR,ERR,ERR,ERR,ERR,ERR,ERR,ERR,ERR,ERR,ERR,ERR,ERR,ERR,ERR,ERR,ERR,ERR,ERR,ERR,ERR,ERR,ERR,ERR,ERR,ERR,ERR,ERR,ERR,ERR,ERR,ERR,ERR,ERR,ERR,ERR,ERR,ERR,ERR,ERR,ERR,ERR,ERR,ERR,ERR,ERR,50.0,60.0,100,0.0,0.0,0.0,0.0,0.0,0.0,0.0,0.0,0.0,0.0,0.0,0.0,0.0,0.0,0.0,0.0,62.0,78,11,65508,50,65476,0,300,0,0,8,20529,65476,0,0,26214,60.0,0.0,0.0,0.0,0.0,0.0
2026-05-17T16:42:58,ERR,ERR,ERR,ERR,ERR,ERR,ERR,ERR,ERR,ERR,ERR,ERR,ERR,ERR,ERR,ERR,ERR,ERR,ERR,ERR,ERR,ERR,ERR,ERR,ERR,ERR,ERR,ERR,ERR,ERR,ERR,ERR,ERR,ERR,ERR,ERR,ERR,ERR,ERR,ERR,ERR,ERR,ERR,ERR,ERR,ERR,ERR,ERR,ERR,ERR,ERR,ERR,ERR,ERR,ERR,ERR,ERR,ERR,ERR,ERR,ERR,ERR,ERR,ERR,ERR,ERR,ERR,ERR,ERR,ERR,ERR,ERR,ERR,ERR,ERR,ERR,ERR,ERR,ERR,ERR,ERR,ERR,ERR,ERR,ERR,ERR,ERR,ERR,ERR,ERR,ERR,ERR,ERR,ERR,ERR,ERR,ERR,ERR,ERR,ERR,ERR,ERR,ERR,ERR,ERR,ERR,ERR,ERR,ERR,ERR,ERR,ERR,ERR,ERR,ERR,ERR,ERR,ERR,ERR,ERR,ERR,ERR,ERR,ERR,ERR,0.0,0.0,-134474944.0,0.0,0.0,1.3936040501711995e+18,7.805,0.0,0,0,4,0,8422,0.0,45,0.0,0.0,0.0,0.0,0.0,0,0,0,0,0.0,0,0,0,0,0,0,0,0,0,0,0,0,0,0,0,0,0,0,0,0,0,0,0,0,0,0,0,0,0,0,0,0,0,38,14,7,45,65476,0,300,0,0,8,21553,0.0,-107605600.0,0.0,0.0,0.0,0.0,0.0,0.0,0.0,0.0,0.0,0.0,0.0,0.0,0.0,0.0,0.0,0.0,0.0,0.0,0.0,0.0,0.0,0.0,-2.004,2.004,0.0,0.0,0.0,0.0,5014.0,0.0,0.0,0.0,0.0,0.0,-107615304.0,0.0,0.0,0.0,0.0,53,-0.0,-2.30882787541985e+20,0.0,0.0,0.0,0.0,0.0,0.0,0.0,0,0,0,0.0,0.0,0.0,0.0,0.0,0.0,0.0,0.0,0.0,0.0,0.0,0.0,0.0,0.0,0.0,0.0,0,-107875648.0,53,0.0,106,-107614832.0,2.7006707062415038e+23,ERR,ERR,ERR,ERR,ERR,ERR,ERR,ERR,ERR,ERR,ERR,ERR,ERR,ERR,ERR,ERR,ERR,ERR,ERR,ERR,ERR,ERR,ERR,ERR,ERR,ERR,ERR,ERR,ERR,ERR,ERR,ERR,ERR,ERR,ERR,ERR,ERR,ERR,ERR,ERR,ERR,ERR,ERR,ERR,ERR,ERR,ERR,ERR,ERR,ERR,ERR,ERR,ERR,ERR,ERR,ERR,ERR,ERR,ERR,ERR,ERR,ERR,ERR,ERR,ERR,ERR,ERR,50.0,60.0,100,0.0,0.0,0.0,0.0,0.0,0.0,0.0,0.0,0.0,0.0,0.0,0.0,0.0,0.0,0.0,0.0,62.0,78,11,65508,50,65476,0,300,0,0,8,20529,65476,0,0,26214,60.0,0.0,0.0,0.0,0.0,0.0
2026-05-17T16:42:59,ERR,ERR,ERR,ERR,ERR,ERR,ERR,ERR,ERR,ERR,ERR,ERR,ERR,ERR,ERR,ERR,ERR,ERR,ERR,ERR,ERR,ERR,ERR,ERR,ERR,ERR,ERR,ERR,ERR,ERR,ERR,ERR,ERR,ERR,ERR,ERR,ERR,ERR,ERR,ERR,ERR,ERR,ERR,ERR,ERR,ERR,ERR,ERR,ERR,ERR,ERR,ERR,ERR,ERR,ERR,ERR,ERR,ERR,ERR,ERR,ERR,ERR,ERR,ERR,ERR,ERR,ERR,ERR,ERR,ERR,ERR,ERR,ERR,ERR,ERR,ERR,ERR,ERR,ERR,ERR,ERR,ERR,ERR,ERR,ERR,ERR,ERR,ERR,ERR,ERR,ERR,ERR,ERR,ERR,ERR,ERR,ERR,ERR,ERR,ERR,ERR,ERR,ERR,ERR,ERR,ERR,ERR,ERR,ERR,ERR,ERR,ERR,ERR,ERR,ERR,ERR,ERR,ERR,ERR,ERR,ERR,ERR,ERR,ERR,ERR,0.0,0.0,-134474944.0,0.0,0.0,1.3936040501711995e+18,7.805,0.0,0,0,4,0,8422,0.0,45,0.0,0.0,0.0,0.0,0.0,0,0,0,0,0.0,0,0,0,0,0,0,0,0,0,0,0,0,0,0,0,0,0,0,0,0,0,0,0,0,0,0,0,0,0,0,0,0,0,38,14,7,45,65476,0,300,0,0,8,21553,0.0,-107605600.0,0.0,0.0,0.0,0.0,0.0,0.0,0.0,0.0,0.0,0.0,0.0,0.0,0.0,0.0,0.0,0.0,0.0,0.0,0.0,0.0,0.0,0.0,-2.004,2.004,0.0,0.0,0.0,0.0,5014.0,0.0,0.0,0.0,0.0,0.0,-107615304.0,0.0,0.0,0.0,0.0,53,-0.0,-2.30882787541985e+20,0.0,0.0,0.0,0.0,0.0,0.0,0.0,0,0,0,0.0,0.0,0.0,0.0,0.0,0.0,0.0,0.0,0.0,0.0,0.0,0.0,0.0,0.0,0.0,0.0,0,-107875648.0,53,0.0,106,-107614832.0,2.7006707062415038e+23,ERR,ERR,ERR,ERR,ERR,ERR,ERR,ERR,ERR,ERR,ERR,ERR,ERR,ERR,ERR,ERR,ERR,ERR,ERR,ERR,ERR,ERR,ERR,ERR,ERR,ERR,ERR,ERR,ERR,ERR,ERR,ERR,ERR,ERR,ERR,ERR,ERR,ERR,ERR,ERR,ERR,ERR,ERR,ERR,ERR,ERR,ERR,ERR,ERR,ERR,ERR,ERR,ERR,ERR,ERR,ERR,ERR,ERR,ERR,ERR,ERR,ERR,ERR,ERR,ERR,ERR,ERR,50.0,60.0,100,0.0,0.0,0.0,0.0,0.0,0.0,0.0,0.0,0.0,0.0,0.0,0.0,0.0,0.0,0.0,0.0,62.0,78,11,65508,50,65476,0,300,0,0,8,20529,65476,0,0,26214,60.0,0.0,0.0,0.0,0.0,0.0
2026-05-17T16:43:00,ERR,ERR,ERR,ERR,ERR,ERR,ERR,ERR,ERR,ERR,ERR,ERR,ERR,ERR,ERR,ERR,ERR,ERR,ERR,ERR,ERR,ERR,ERR,ERR,ERR,ERR,ERR,ERR,ERR,ERR,ERR,ERR,ERR,ERR,ERR,ERR,ERR,ERR,ERR,ERR,ERR,ERR,ERR,ERR,ERR,ERR,ERR,ERR,ERR,ERR,ERR,ERR,ERR,ERR,ERR,ERR,ERR,ERR,ERR,ERR,ERR,ERR,ERR,ERR,ERR,ERR,ERR,ERR,ERR,ERR,ERR,ERR,ERR,ERR,ERR,ERR,ERR,ERR,ERR,ERR,ERR,ERR,ERR,ERR,ERR,ERR,ERR,ERR,ERR,ERR,ERR,ERR,ERR,ERR,ERR,ERR,ERR,ERR,ERR,ERR,ERR,ERR,ERR,ERR,ERR,ERR,ERR,ERR,ERR,ERR,ERR,ERR,ERR,ERR,ERR,ERR,ERR,ERR,ERR,ERR,ERR,ERR,ERR,ERR,ERR,0.0,0.0,-134474944.0,0.0,0.0,1.3936040501711995e+18,7.805,0.0,0,0,4,0,8422,0.0,45,0.0,0.0,0.0,0.0,0.0,0,0,0,0,0.0,0,0,0,0,0,0,0,0,0,0,0,0,0,0,0,0,0,0,0,0,0,0,0,0,0,0,0,0,0,0,0,0,0,38,14,7,45,65476,0,300,0,0,8,21553,0.0,-107605600.0,0.0,0.0,0.0,0.0,0.0,0.0,0.0,0.0,0.0,0.0,0.0,0.0,0.0,0.0,0.0,0.0,0.0,0.0,0.0,0.0,0.0,0.0,-2.004,2.004,0.0,0.0,0.0,0.0,5014.0,0.0,0.0,0.0,0.0,0.0,-107615304.0,0.0,0.0,0.0,0.0,53,-0.0,-2.30882787541985e+20,0.0,0.0,0.0,0.0,0.0,0.0,0.0,0,0,0,0.0,0.0,0.0,0.0,0.0,0.0,0.0,0.0,0.0,0.0,0.0,0.0,0.0,0.0,0.0,0.0,0,-107875648.0,53,0.0,106,-107614832.0,2.7006707062415038e+23,ERR,ERR,ERR,ERR,ERR,ERR,ERR,ERR,ERR,ERR,ERR,ERR,ERR,ERR,ERR,ERR,ERR,ERR,ERR,ERR,ERR,ERR,ERR,ERR,ERR,ERR,ERR,ERR,ERR,ERR,ERR,ERR,ERR,ERR,ERR,ERR,ERR,ERR,ERR,ERR,ERR,ERR,ERR,ERR,ERR,ERR,ERR,ERR,ERR,ERR,ERR,ERR,ERR,ERR,ERR,ERR,ERR,ERR,ERR,ERR,ERR,ERR,ERR,ERR,ERR,ERR,ERR,50.0,60.0,100,0.0,0.0,0.0,0.0,0.0,0.0,0.0,0.0,0.0,0.0,0.0,0.0,0.0,0.0,0.0,0.0,61.6,78,11,65508,50,65476,0,300,0,0,8,20529,65476,0,0,26214,60.0,0.0,0.0,0.0,0.0,0.0
2026-05-17T16:43:01,ERR,ERR,ERR,ERR,ERR,ERR,ERR,ERR,ERR,ERR,ERR,ERR,ERR,ERR,ERR,ERR,ERR,ERR,ERR,ERR,ERR,ERR,ERR,ERR,ERR,ERR,ERR,ERR,ERR,ERR,ERR,ERR,ERR,ERR,ERR,ERR,ERR,ERR,ERR,ERR,ERR,ERR,ERR,ERR,ERR,ERR,ERR,ERR,ERR,ERR,ERR,ERR,ERR,ERR,ERR,ERR,ERR,ERR,ERR,ERR,ERR,ERR,ERR,ERR,ERR,ERR,ERR,ERR,ERR,ERR,ERR,ERR,ERR,ERR,ERR,ERR,ERR,ERR,ERR,ERR,ERR,ERR,ERR,ERR,ERR,ERR,ERR,ERR,ERR,ERR,ERR,ERR,ERR,ERR,ERR,ERR,ERR,ERR,ERR,ERR,ERR,ERR,ERR,ERR,ERR,ERR,ERR,ERR,ERR,ERR,ERR,ERR,ERR,ERR,ERR,ERR,ERR,ERR,ERR,ERR,ERR,ERR,ERR,ERR,ERR,0.0,0.0,-134474944.0,0.0,0.0,1.3936040501711995e+18,7.805,0.0,0,0,4,0,8422,0.0,45,0.0,0.0,0.0,0.0,0.0,0,0,0,0,0.0,0,0,0,0,0,0,0,0,0,0,0,0,0,0,0,0,0,0,0,0,0,0,0,0,0,0,0,0,0,0,0,0,0,38,14,7,45,65476,0,300,0,0,8,21553,0.0,-107605600.0,0.0,0.0,0.0,0.0,0.0,0.0,0.0,0.0,0.0,0.0,0.0,0.0,0.0,0.0,0.0,0.0,0.0,0.0,0.0,0.0,0.0,0.0,-2.004,2.004,0.0,0.0,0.0,0.0,5014.0,0.0,0.0,0.0,0.0,0.0,-107615304.0,0.0,0.0,0.0,0.0,53,-0.0,-2.30882787541985e+20,0.0,0.0,0.0,0.0,0.0,0.0,0.0,0,0,0,0.0,0.0,0.0,0.0,0.0,0.0,0.0,0.0,0.0,0.0,0.0,0.0,0.0,0.0,0.0,0.0,0,-107875648.0,53,0.0,106,-107614832.0,2.7006707062415038e+23,ERR,ERR,ERR,ERR,ERR,ERR,ERR,ERR,ERR,ERR,ERR,ERR,ERR,ERR,ERR,ERR,ERR,ERR,ERR,ERR,ERR,ERR,ERR,ERR,ERR,ERR,ERR,ERR,ERR,ERR,ERR,ERR,ERR,ERR,ERR,ERR,ERR,ERR,ERR,ERR,ERR,ERR,ERR,ERR,ERR,ERR,ERR,ERR,ERR,ERR,ERR,ERR,ERR,ERR,ERR,ERR,ERR,ERR,ERR,ERR,ERR,ERR,ERR,ERR,ERR,ERR,ERR,50.0,60.0,100,0.0,0.0,0.0,0.0,0.0,0.0,0.0,0.0,0.0,0.0,0.0,0.0,0.0,0.0,0.0,0.0,61.6,78,11,65508,50,65476,0,300,0,0,8,20529,65476,0,0,26214,60.0,0.0,0.0,0.0,0.0,0.0
2026-05-17T16:43:02,ERR,ERR,ERR,ERR,ERR,ERR,ERR,ERR,ERR,ERR,ERR,ERR,ERR,ERR,ERR,ERR,ERR,ERR,ERR,ERR,ERR,ERR,ERR,ERR,ERR,ERR,ERR,ERR,ERR,ERR,ERR,ERR,ERR,ERR,ERR,ERR,ERR,ERR,ERR,ERR,ERR,ERR,ERR,ERR,ERR,ERR,ERR,ERR,ERR,ERR,ERR,ERR,ERR,ERR,ERR,ERR,ERR,ERR,ERR,ERR,ERR,ERR,ERR,ERR,ERR,ERR,ERR,ERR,ERR,ERR,ERR,ERR,ERR,ERR,ERR,ERR,ERR,ERR,ERR,ERR,ERR,ERR,ERR,ERR,ERR,ERR,ERR,ERR,ERR,ERR,ERR,ERR,ERR,ERR,ERR,ERR,ERR,ERR,ERR,ERR,ERR,ERR,ERR,ERR,ERR,ERR,ERR,ERR,ERR,ERR,ERR,ERR,ERR,ERR,ERR,ERR,ERR,ERR,ERR,ERR,ERR,ERR,ERR,ERR,ERR,0.0,0.0,-134474944.0,0.0,0.0,1.3936040501711995e+18,7.805,0.0,0,0,4,0,8422,0.0,45,0.0,0.0,0.0,0.0,0.0,0,0,0,0,0.0,0,0,0,0,0,0,0,0,0,0,0,0,0,0,0,0,0,0,0,0,0,0,0,0,0,0,0,0,0,0,0,0,0,38,14,7,45,65476,0,300,0,0,8,21553,0.0,-107605600.0,0.0,0.0,0.0,0.0,0.0,0.0,0.0,0.0,0.0,0.0,0.0,0.0,0.0,0.0,0.0,0.0,0.0,0.0,0.0,0.0,0.0,0.0,-2.004,2.004,0.0,0.0,0.0,0.0,5013.0,0.0,0.0,0.0,0.0,0.0,-107615304.0,0.0,0.0,0.0,0.0,53,-0.0,-3.222002398308886e+26,0.0,0.0,0.0,0.0,0.0,0.0,0.0,0,0,0,0.0,0.0,0.0,0.0,0.0,0.0,0.0,0.0,0.0,0.0,0.0,0.0,0.0,0.0,0.0,0.0,0,-107875648.0,53,0.0,106,-107614832.0,2.7006707062415038e+23,ERR,ERR,ERR,ERR,ERR,ERR,ERR,ERR,ERR,ERR,ERR,ERR,ERR,ERR,ERR,ERR,ERR,ERR,ERR,ERR,ERR,ERR,ERR,ERR,ERR,ERR,ERR,ERR,ERR,ERR,ERR,ERR,ERR,ERR,ERR,ERR,ERR,ERR,ERR,ERR,ERR,ERR,ERR,ERR,ERR,ERR,ERR,ERR,ERR,ERR,ERR,ERR,ERR,ERR,ERR,ERR,ERR,ERR,ERR,ERR,ERR,ERR,ERR,ERR,ERR,ERR,ERR,50.0,60.0,100,0.0,0.0,0.0,0.0,0.0,0.0,0.0,0.0,0.0,0.0,0.0,0.0,0.0,0.0,0.0,0.0,61.6,78,11,65508,50,65476,0,300,0,0,8,20529,65476,0,0,26214,60.0,0.0,0.0,0.0,0.0,0.0
2026-05-17T16:43:03,ERR,ERR,ERR,ERR,ERR,ERR,ERR,ERR,ERR,ERR,ERR,ERR,ERR,ERR,ERR,ERR,ERR,ERR,ERR,ERR,ERR,ERR,ERR,ERR,ERR,ERR,ERR,ERR,ERR,ERR,ERR,ERR,ERR,ERR,ERR,ERR,ERR,ERR,ERR,ERR,ERR,ERR,ERR,ERR,ERR,ERR,ERR,ERR,ERR,ERR,ERR,ERR,ERR,ERR,ERR,ERR,ERR,ERR,ERR,ERR,ERR,ERR,ERR,ERR,ERR,ERR,ERR,ERR,ERR,ERR,ERR,ERR,ERR,ERR,ERR,ERR,ERR,ERR,ERR,ERR,ERR,ERR,ERR,ERR,ERR,ERR,ERR,ERR,ERR,ERR,ERR,ERR,ERR,ERR,ERR,ERR,ERR,ERR,ERR,ERR,ERR,ERR,ERR,ERR,ERR,ERR,ERR,ERR,ERR,ERR,ERR,ERR,ERR,ERR,ERR,ERR,ERR,ERR,ERR,ERR,ERR,ERR,ERR,ERR,ERR,0.0,0.0,-134474944.0,0.0,0.0,1.3936040501711995e+18,7.805,0.0,0,0,4,0,8422,0.0,45,0.0,0.0,0.0,0.0,0.0,0,0,0,0,0.0,0,0,0,0,0,0,0,0,0,0,0,0,0,0,0,0,0,0,0,0,0,0,0,0,0,0,0,0,0,0,0,0,0,38,14,7,45,65476,0,300,0,0,8,21553,0.0,-107605600.0,0.0,0.0,0.0,0.0,0.0,0.0,0.0,0.0,0.0,0.0,0.0,0.0,0.0,0.0,0.0,0.0,0.0,0.0,0.0,0.0,0.0,0.0,-2.004,2.004,0.0,0.0,0.0,0.0,5013.0,0.0,0.0,0.0,0.0,0.0,-107615304.0,0.0,0.0,0.0,0.0,53,-0.0,-3.222002398308886e+26,0.0,0.0,0.0,0.0,0.0,0.0,0.0,0,0,0,0.0,0.0,0.0,0.0,0.0,0.0,0.0,0.0,0.0,0.0,0.0,0.0,0.0,0.0,0.0,0.0,0,-107875648.0,53,0.0,106,-107614832.0,2.7006707062415038e+23,ERR,ERR,ERR,ERR,ERR,ERR,ERR,ERR,ERR,ERR,ERR,ERR,ERR,ERR,ERR,ERR,ERR,ERR,ERR,ERR,ERR,ERR,ERR,ERR,ERR,ERR,ERR,ERR,ERR,ERR,ERR,ERR,ERR,ERR,ERR,ERR,ERR,ERR,ERR,ERR,ERR,ERR,ERR,ERR,ERR,ERR,ERR,ERR,ERR,ERR,ERR,ERR,ERR,ERR,ERR,ERR,ERR,ERR,ERR,ERR,ERR,ERR,ERR,ERR,ERR,ERR,ERR,50.0,60.0,100,0.0,0.0,0.0,0.0,0.0,0.0,0.0,0.0,0.0,0.0,0.0,0.0,0.0,0.0,0.0,0.0,61.6,78,11,65508,50,65476,0,300,0,0,8,20529,65476,0,0,26214,60.0,0.0,0.0,0.0,0.0,0.0
2026-05-17T16:43:04,ERR,ERR,ERR,ERR,ERR,ERR,ERR,ERR,ERR,ERR,ERR,ERR,ERR,ERR,ERR,ERR,ERR,ERR,ERR,ERR,ERR,ERR,ERR,ERR,ERR,ERR,ERR,ERR,ERR,ERR,ERR,ERR,ERR,ERR,ERR,ERR,ERR,ERR,ERR,ERR,ERR,ERR,ERR,ERR,ERR,ERR,ERR,ERR,ERR,ERR,ERR,ERR,ERR,ERR,ERR,ERR,ERR,ERR,ERR,ERR,ERR,ERR,ERR,ERR,ERR,ERR,ERR,ERR,ERR,ERR,ERR,ERR,ERR,ERR,ERR,ERR,ERR,ERR,ERR,ERR,ERR,ERR,ERR,ERR,ERR,ERR,ERR,ERR,ERR,ERR,ERR,ERR,ERR,ERR,ERR,ERR,ERR,ERR,ERR,ERR,ERR,ERR,ERR,ERR,ERR,ERR,ERR,ERR,ERR,ERR,ERR,ERR,ERR,ERR,ERR,ERR,ERR,ERR,ERR,ERR,ERR,ERR,ERR,ERR,ERR,0.0,0.0,-134474944.0,0.0,0.0,1.3936040501711995e+18,7.805,0.0,0,0,4,0,8422,0.0,45,0.0,0.0,0.0,0.0,0.0,0,0,0,0,0.0,0,0,0,0,0,0,0,0,0,0,0,0,0,0,0,0,0,0,0,0,0,0,0,0,0,0,0,0,0,0,0,0,0,38,14,7,45,65476,0,300,0,0,8,21553,0.0,-107605600.0,0.0,0.0,0.0,0.0,0.0,0.0,0.0,0.0,0.0,0.0,0.0,0.0,0.0,0.0,0.0,0.0,0.0,0.0,0.0,0.0,0.0,0.0,-2.004,2.004,0.0,0.0,0.0,0.0,5013.0,0.0,0.0,0.0,0.0,0.0,-107615304.0,0.0,0.0,0.0,0.0,53,-0.0,-3.222002398308886e+26,0.0,0.0,0.0,0.0,0.0,0.0,0.0,0,0,0,0.0,0.0,0.0,0.0,0.0,0.0,0.0,0.0,0.0,0.0,0.0,0.0,0.0,0.0,0.0,0.0,0,-107875648.0,53,0.0,106,-107614832.0,2.7006707062415038e+23,ERR,ERR,ERR,ERR,ERR,ERR,ERR,ERR,ERR,ERR,ERR,ERR,ERR,ERR,ERR,ERR,ERR,ERR,ERR,ERR,ERR,ERR,ERR,ERR,ERR,ERR,ERR,ERR,ERR,ERR,ERR,ERR,ERR,ERR,ERR,ERR,ERR,ERR,ERR,ERR,ERR,ERR,ERR,ERR,ERR,ERR,ERR,ERR,ERR,ERR,ERR,ERR,ERR,ERR,ERR,ERR,ERR,ERR,ERR,ERR,ERR,ERR,ERR,ERR,ERR,ERR,ERR,50.0,60.0,100,0.0,0.0,0.0,0.0,0.0,0.0,0.0,0.0,0.0,0.0,0.0,0.0,0.0,0.0,0.0,0.0,61.6,78,11,65508,50,65476,0,300,0,0,8,20529,65476,0,0,26214,60.0,0.0,0.0,0.0,0.0,0.0
2026-05-17T16:43:05,ERR,ERR,ERR,ERR,ERR,ERR,ERR,ERR,ERR,ERR,ERR,ERR,ERR,ERR,ERR,ERR,ERR,ERR,ERR,ERR,ERR,ERR,ERR,ERR,ERR,ERR,ERR,ERR,ERR,ERR,ERR,ERR,ERR,ERR,ERR,ERR,ERR,ERR,ERR,ERR,ERR,ERR,ERR,ERR,ERR,ERR,ERR,ERR,ERR,ERR,ERR,ERR,ERR,ERR,ERR,ERR,ERR,ERR,ERR,ERR,ERR,ERR,ERR,ERR,ERR,ERR,ERR,ERR,ERR,ERR,ERR,ERR,ERR,ERR,ERR,ERR,ERR,ERR,ERR,ERR,ERR,ERR,ERR,ERR,ERR,ERR,ERR,ERR,ERR,ERR,ERR,ERR,ERR,ERR,ERR,ERR,ERR,ERR,ERR,ERR,ERR,ERR,ERR,ERR,ERR,ERR,ERR,ERR,ERR,ERR,ERR,ERR,ERR,ERR,ERR,ERR,ERR,ERR,ERR,ERR,ERR,ERR,ERR,ERR,ERR,0.0,0.0,-134474944.0,0.0,0.0,1.3936040501711995e+18,7.805,0.0,0,0,4,0,8422,0.0,45,0.0,0.0,0.0,0.0,0.0,0,0,0,0,0.0,0,0,0,0,0,0,0,0,0,0,0,0,0,0,0,0,0,0,0,0,0,0,0,0,0,0,0,0,0,0,0,0,0,38,14,7,45,65476,0,300,0,0,8,21553,0.0,-107605600.0,0.0,0.0,0.0,0.0,0.0,0.0,0.0,0.0,0.0,0.0,0.0,0.0,0.0,0.0,0.0,0.0,0.0,0.0,0.0,0.0,0.0,0.0,-2.004,2.004,0.0,0.0,0.0,0.0,5013.0,0.0,0.0,0.0,0.0,0.0,-107615304.0,0.0,0.0,0.0,0.0,53,-0.0,-3.222002398308886e+26,0.0,0.0,0.0,0.0,0.0,0.0,0.0,0,0,0,0.0,0.0,0.0,0.0,0.0,0.0,0.0,0.0,0.0,0.0,0.0,0.0,0.0,0.0,0.0,0.0,0,-107875648.0,53,0.0,106,-107614832.0,2.7006707062415038e+23,ERR,ERR,ERR,ERR,ERR,ERR,ERR,ERR,ERR,ERR,ERR,ERR,ERR,ERR,ERR,ERR,ERR,ERR,ERR,ERR,ERR,ERR,ERR,ERR,ERR,ERR,ERR,ERR,ERR,ERR,ERR,ERR,ERR,ERR,ERR,ERR,ERR,ERR,ERR,ERR,ERR,ERR,ERR,ERR,ERR,ERR,ERR,ERR,ERR,ERR,ERR,ERR,ERR,ERR,ERR,ERR,ERR,ERR,ERR,ERR,ERR,ERR,ERR,ERR,ERR,ERR,ERR,50.0,60.0,100,0.0,0.0,0.0,0.0,0.0,0.0,0.0,0.0,0.0,0.0,0.0,0.0,0.0,0.0,0.0,0.0,61.6,78,11,65508,50,65476,0,300,0,0,8,20529,65476,0,0,26214,60.0,0.0,0.0,0.0,0.0,0.0
2026-05-17T16:43:06,ERR,ERR,ERR,ERR,ERR,ERR,ERR,ERR,ERR,ERR,ERR,ERR,ERR,ERR,ERR,ERR,ERR,ERR,ERR,ERR,ERR,ERR,ERR,ERR,ERR,ERR,ERR,ERR,ERR,ERR,ERR,ERR,ERR,ERR,ERR,ERR,ERR,ERR,ERR,ERR,ERR,ERR,ERR,ERR,ERR,ERR,ERR,ERR,ERR,ERR,ERR,ERR,ERR,ERR,ERR,ERR,ERR,ERR,ERR,ERR,ERR,ERR,ERR,ERR,ERR,ERR,ERR,ERR,ERR,ERR,ERR,ERR,ERR,ERR,ERR,ERR,ERR,ERR,ERR,ERR,ERR,ERR,ERR,ERR,ERR,ERR,ERR,ERR,ERR,ERR,ERR,ERR,ERR,ERR,ERR,ERR,ERR,ERR,ERR,ERR,ERR,ERR,ERR,ERR,ERR,ERR,ERR,ERR,ERR,ERR,ERR,ERR,ERR,ERR,ERR,ERR,ERR,ERR,ERR,ERR,ERR,ERR,ERR,ERR,ERR,0.0,0.0,-134474944.0,0.0,0.0,1.3936040501711995e+18,7.805,0.0,0,0,4,0,8422,0.0,45,0.0,0.0,0.0,0.0,0.0,0,0,0,0,0.0,0,0,0,0,0,0,0,0,0,0,0,0,0,0,0,0,0,0,0,0,0,0,0,0,0,0,0,0,0,0,0,0,0,38,14,7,45,65476,0,300,0,0,8,21553,0.0,-107605600.0,0.0,0.0,0.0,0.0,0.0,0.0,0.0,0.0,0.0,0.0,0.0,0.0,0.0,0.0,0.0,0.0,0.0,0.0,0.0,0.0,0.0,0.0,-2.004,2.004,0.0,0.0,0.0,0.0,5013.0,0.0,0.0,0.0,0.0,0.0,-107615304.0,0.0,0.0,0.0,0.0,53,-0.0,-3.222002398308886e+26,0.0,0.0,0.0,0.0,0.0,0.0,0.0,0,0,0,0.0,0.0,0.0,0.0,0.0,0.0,0.0,0.0,0.0,0.0,0.0,0.0,0.0,0.0,0.0,0.0,0,-107875648.0,53,0.0,106,-107614832.0,2.7006707062415038e+23,ERR,ERR,ERR,ERR,ERR,ERR,ERR,ERR,ERR,ERR,ERR,ERR,ERR,ERR,ERR,ERR,ERR,ERR,ERR,ERR,ERR,ERR,ERR,ERR,ERR,ERR,ERR,ERR,ERR,ERR,ERR,ERR,ERR,ERR,ERR,ERR,ERR,ERR,ERR,ERR,ERR,ERR,ERR,ERR,ERR,ERR,ERR,ERR,ERR,ERR,ERR,ERR,ERR,ERR,ERR,ERR,ERR,ERR,ERR,ERR,ERR,ERR,ERR,ERR,ERR,ERR,ERR,50.0,60.0,100,0.0,0.0,0.0,0.0,0.0,0.0,0.0,0.0,0.0,0.0,0.0,0.0,0.0,0.0,0.0,0.0,61.6,78,11,65508,50,65476,0,300,0,0,8,20529,65476,0,0,26214,60.0,0.0,0.0,0.0,0.0,0.0
2026-05-17T16:43:07,ERR,ERR,ERR,ERR,ERR,ERR,ERR,ERR,ERR,ERR,ERR,ERR,ERR,ERR,ERR,ERR,ERR,ERR,ERR,ERR,ERR,ERR,ERR,ERR,ERR,ERR,ERR,ERR,ERR,ERR,ERR,ERR,ERR,ERR,ERR,ERR,ERR,ERR,ERR,ERR,ERR,ERR,ERR,ERR,ERR,ERR,ERR,ERR,ERR,ERR,ERR,ERR,ERR,ERR,ERR,ERR,ERR,ERR,ERR,ERR,ERR,ERR,ERR,ERR,ERR,ERR,ERR,ERR,ERR,ERR,ERR,ERR,ERR,ERR,ERR,ERR,ERR,ERR,ERR,ERR,ERR,ERR,ERR,ERR,ERR,ERR,ERR,ERR,ERR,ERR,ERR,ERR,ERR,ERR,ERR,ERR,ERR,ERR,ERR,ERR,ERR,ERR,ERR,ERR,ERR,ERR,ERR,ERR,ERR,ERR,ERR,ERR,ERR,ERR,ERR,ERR,ERR,ERR,ERR,ERR,ERR,ERR,ERR,ERR,ERR,0.0,0.0,-134474944.0,0.0,0.0,1.3936040501711995e+18,7.805,0.0,0,0,4,0,8422,0.0,45,0.0,0.0,0.0,0.0,0.0,0,0,0,0,0.0,0,0,0,0,0,0,0,0,0,0,0,0,0,0,0,0,0,0,0,0,0,0,0,0,0,0,0,0,0,0,0,0,0,38,14,7,45,65476,0,300,0,0,8,21553,0.0,-107605600.0,0.0,0.0,0.0,0.0,0.0,0.0,0.0,0.0,0.0,0.0,0.0,0.0,0.0,0.0,0.0,0.0,0.0,0.0,0.0,0.0,0.0,0.0,-2.004,2.004,0.0,0.0,0.0,0.0,5014.0,0.0,0.0,0.0,0.0,0.0,-107615304.0,0.0,0.0,0.0,0.0,53,-0.0,-0.0,0.0,0.0,0.0,0.0,0.0,0.0,0.0,0,0,0,0.0,0.0,0.0,0.0,0.0,0.0,0.0,0.0,0.0,0.0,0.0,0.0,0.0,0.0,0.0,0.0,0,-107875648.0,53,0.0,106,-107614832.0,2.7006707062415038e+23,ERR,ERR,ERR,ERR,ERR,ERR,ERR,ERR,ERR,ERR,ERR,ERR,ERR,ERR,ERR,ERR,ERR,ERR,ERR,ERR,ERR,ERR,ERR,ERR,ERR,ERR,ERR,ERR,ERR,ERR,ERR,ERR,ERR,ERR,ERR,ERR,ERR,ERR,ERR,ERR,ERR,ERR,ERR,ERR,ERR,ERR,ERR,ERR,ERR,ERR,ERR,ERR,ERR,ERR,ERR,ERR,ERR,ERR,ERR,ERR,ERR,ERR,ERR,ERR,ERR,ERR,ERR,50.0,60.0,100,0.0,0.0,0.0,0.0,0.0,0.0,0.0,0.0,0.0,0.0,0.0,0.0,0.0,0.0,0.0,0.0,61.6,78,11,65508,50,65476,0,300,0,0,8,20529,65476,0,0,26214,60.0,0.0,0.0,0.0,0.0,0.0
2026-05-17T16:43:08,ERR,ERR,ERR,ERR,ERR,ERR,ERR,ERR,ERR,ERR,ERR,ERR,ERR,ERR,ERR,ERR,ERR,ERR,ERR,ERR,ERR,ERR,ERR,ERR,ERR,ERR,ERR,ERR,ERR,ERR,ERR,ERR,ERR,ERR,ERR,ERR,ERR,ERR,ERR,ERR,ERR,ERR,ERR,ERR,ERR,ERR,ERR,ERR,ERR,ERR,ERR,ERR,ERR,ERR,ERR,ERR,ERR,ERR,ERR,ERR,ERR,ERR,ERR,ERR,ERR,ERR,ERR,ERR,ERR,ERR,ERR,ERR,ERR,ERR,ERR,ERR,ERR,ERR,ERR,ERR,ERR,ERR,ERR,ERR,ERR,ERR,ERR,ERR,ERR,ERR,ERR,ERR,ERR,ERR,ERR,ERR,ERR,ERR,ERR,ERR,ERR,ERR,ERR,ERR,ERR,ERR,ERR,ERR,ERR,ERR,ERR,ERR,ERR,ERR,ERR,ERR,ERR,ERR,ERR,ERR,ERR,ERR,ERR,ERR,ERR,0.0,0.0,-134474944.0,0.0,0.0,1.3936040501711995e+18,7.805,0.0,0,0,4,0,8422,0.0,45,0.0,0.0,0.0,0.0,0.0,0,0,0,0,0.0,0,0,0,0,0,0,0,0,0,0,0,0,0,0,0,0,0,0,0,0,0,0,0,0,0,0,0,0,0,0,0,0,0,38,14,7,45,65476,0,300,0,0,8,21553,0.0,-107605600.0,0.0,0.0,0.0,0.0,0.0,0.0,0.0,0.0,0.0,0.0,0.0,0.0,0.0,0.0,0.0,0.0,0.0,0.0,0.0,0.0,0.0,0.0,-2.004,2.004,0.0,0.0,0.0,0.0,5014.0,0.0,0.0,0.0,0.0,0.0,-107615304.0,0.0,0.0,0.0,0.0,53,-0.0,-0.0,0.0,0.0,0.0,0.0,0.0,0.0,0.0,0,0,0,0.0,0.0,0.0,0.0,0.0,0.0,0.0,0.0,0.0,0.0,0.0,0.0,0.0,0.0,0.0,0.0,0,-107875648.0,53,0.0,106,-107614832.0,2.7006707062415038e+23,ERR,ERR,ERR,ERR,ERR,ERR,ERR,ERR,ERR,ERR,ERR,ERR,ERR,ERR,ERR,ERR,ERR,ERR,ERR,ERR,ERR,ERR,ERR,ERR,ERR,ERR,ERR,ERR,ERR,ERR,ERR,ERR,ERR,ERR,ERR,ERR,ERR,ERR,ERR,ERR,ERR,ERR,ERR,ERR,ERR,ERR,ERR,ERR,ERR,ERR,ERR,ERR,ERR,ERR,ERR,ERR,ERR,ERR,ERR,ERR,ERR,ERR,ERR,ERR,ERR,ERR,ERR,50.0,60.0,100,0.0,0.0,0.0,0.0,0.0,0.0,0.0,0.0,0.0,0.0,0.0,0.0,0.0,0.0,0.0,0.0,61.6,78,11,65508,50,65476,0,300,0,0,8,20529,65476,0,0,26214,60.0,0.0,0.0,0.0,0.0,0.0
2026-05-17T16:43:09,ERR,ERR,ERR,ERR,ERR,ERR,ERR,ERR,ERR,ERR,ERR,ERR,ERR,ERR,ERR,ERR,ERR,ERR,ERR,ERR,ERR,ERR,ERR,ERR,ERR,ERR,ERR,ERR,ERR,ERR,ERR,ERR,ERR,ERR,ERR,ERR,ERR,ERR,ERR,ERR,ERR,ERR,ERR,ERR,ERR,ERR,ERR,ERR,ERR,ERR,ERR,ERR,ERR,ERR,ERR,ERR,ERR,ERR,ERR,ERR,ERR,ERR,ERR,ERR,ERR,ERR,ERR,ERR,ERR,ERR,ERR,ERR,ERR,ERR,ERR,ERR,ERR,ERR,ERR,ERR,ERR,ERR,ERR,ERR,ERR,ERR,ERR,ERR,ERR,ERR,ERR,ERR,ERR,ERR,ERR,ERR,ERR,ERR,ERR,ERR,ERR,ERR,ERR,ERR,ERR,ERR,ERR,ERR,ERR,ERR,ERR,ERR,ERR,ERR,ERR,ERR,ERR,ERR,ERR,ERR,ERR,ERR,ERR,ERR,ERR,0.0,0.0,-134474944.0,0.0,0.0,1.3936040501711995e+18,7.805,0.0,0,0,4,0,8422,0.0,45,0.0,0.0,0.0,0.0,0.0,0,0,0,0,0.0,0,0,0,0,0,0,0,0,0,0,0,0,0,0,0,0,0,0,0,0,0,0,0,0,0,0,0,0,0,0,0,0,0,38,14,7,45,65476,0,300,0,0,8,21553,0.0,-107605600.0,0.0,0.0,0.0,0.0,0.0,0.0,0.0,0.0,0.0,0.0,0.0,0.0,0.0,0.0,0.0,0.0,0.0,0.0,0.0,0.0,0.0,0.0,-2.004,2.004,0.0,0.0,0.0,0.0,5014.0,0.0,0.0,0.0,0.0,0.0,-107615304.0,0.0,0.0,0.0,0.0,53,-0.0,-0.0,0.0,0.0,0.0,0.0,0.0,0.0,0.0,0,0,0,0.0,0.0,0.0,0.0,0.0,0.0,0.0,0.0,0.0,0.0,0.0,0.0,0.0,0.0,0.0,0.0,0,-107875648.0,53,0.0,106,-107614832.0,2.7006707062415038e+23,ERR,ERR,ERR,ERR,ERR,ERR,ERR,ERR,ERR,ERR,ERR,ERR,ERR,ERR,ERR,ERR,ERR,ERR,ERR,ERR,ERR,ERR,ERR,ERR,ERR,ERR,ERR,ERR,ERR,ERR,ERR,ERR,ERR,ERR,ERR,ERR,ERR,ERR,ERR,ERR,ERR,ERR,ERR,ERR,ERR,ERR,ERR,ERR,ERR,ERR,ERR,ERR,ERR,ERR,ERR,ERR,ERR,ERR,ERR,ERR,ERR,ERR,ERR,ERR,ERR,ERR,ERR,50.0,60.0,100,0.0,0.0,0.0,0.0,0.0,0.0,0.0,0.0,0.0,0.0,0.0,0.0,0.0,0.0,0.0,0.0,61.6,78,11,65508,50,65476,0,300,0,0,8,20529,65476,0,0,26214,60.0,0.0,0.0,0.0,0.0,0.0
2026-05-17T16:43:10,ERR,ERR,ERR,ERR,ERR,ERR,ERR,ERR,ERR,ERR,ERR,ERR,ERR,ERR,ERR,ERR,ERR,ERR,ERR,ERR,ERR,ERR,ERR,ERR,ERR,ERR,ERR,ERR,ERR,ERR,ERR,ERR,ERR,ERR,ERR,ERR,ERR,ERR,ERR,ERR,ERR,ERR,ERR,ERR,ERR,ERR,ERR,ERR,ERR,ERR,ERR,ERR,ERR,ERR,ERR,ERR,ERR,ERR,ERR,ERR,ERR,ERR,ERR,ERR,ERR,ERR,ERR,ERR,ERR,ERR,ERR,ERR,ERR,ERR,ERR,ERR,ERR,ERR,ERR,ERR,ERR,ERR,ERR,ERR,ERR,ERR,ERR,ERR,ERR,ERR,ERR,ERR,ERR,ERR,ERR,ERR,ERR,ERR,ERR,ERR,ERR,ERR,ERR,ERR,ERR,ERR,ERR,ERR,ERR,ERR,ERR,ERR,ERR,ERR,ERR,ERR,ERR,ERR,ERR,ERR,ERR,ERR,ERR,ERR,ERR,0.0,0.0,-134474944.0,0.0,0.0,1.3936040501711995e+18,7.805,0.0,0,0,4,0,8422,0.0,45,0.0,0.0,0.0,0.0,0.0,0,0,0,0,0.0,0,0,0,0,0,0,0,0,0,0,0,0,0,0,0,0,0,0,0,0,0,0,0,0,0,0,0,0,0,0,0,0,0,38,14,7,45,65476,0,300,0,0,8,21553,0.0,-107605600.0,0.0,0.0,0.0,0.0,0.0,0.0,0.0,0.0,0.0,0.0,0.0,0.0,0.0,0.0,0.0,0.0,0.0,0.0,0.0,0.0,0.0,0.0,-2.004,2.004,0.0,0.0,0.0,0.0,5014.0,0.0,0.0,0.0,0.0,0.0,-107615304.0,0.0,0.0,0.0,0.0,53,-0.0,-0.0,0.0,0.0,0.0,0.0,0.0,0.0,0.0,0,0,0,0.0,0.0,0.0,0.0,0.0,0.0,0.0,0.0,0.0,0.0,0.0,0.0,0.0,0.0,0.0,0.0,0,-107875648.0,53,0.0,106,-107614832.0,2.7006707062415038e+23,ERR,ERR,ERR,ERR,ERR,ERR,ERR,ERR,ERR,ERR,ERR,ERR,ERR,ERR,ERR,ERR,ERR,ERR,ERR,ERR,ERR,ERR,ERR,ERR,ERR,ERR,ERR,ERR,ERR,ERR,ERR,ERR,ERR,ERR,ERR,ERR,ERR,ERR,ERR,ERR,ERR,ERR,ERR,ERR,ERR,ERR,ERR,ERR,ERR,ERR,ERR,ERR,ERR,ERR,ERR,ERR,ERR,ERR,ERR,ERR,ERR,ERR,ERR,ERR,ERR,ERR,ERR,50.0,60.0,100,0.0,0.0,0.0,0.0,0.0,0.0,0.0,0.0,0.0,0.0,0.0,0.0,0.0,0.0,0.0,0.0,62.0,78,11,65508,50,65476,0,300,0,0,8,20529,65476,0,0,26214,60.0,0.0,0.0,0.0,0.0,0.0
2026-05-17T16:43:11,ERR,ERR,ERR,ERR,ERR,ERR,ERR,ERR,ERR,ERR,ERR,ERR,ERR,ERR,ERR,ERR,ERR,ERR,ERR,ERR,ERR,ERR,ERR,ERR,ERR,ERR,ERR,ERR,ERR,ERR,ERR,ERR,ERR,ERR,ERR,ERR,ERR,ERR,ERR,ERR,ERR,ERR,ERR,ERR,ERR,ERR,ERR,ERR,ERR,ERR,ERR,ERR,ERR,ERR,ERR,ERR,ERR,ERR,ERR,ERR,ERR,ERR,ERR,ERR,ERR,ERR,ERR,ERR,ERR,ERR,ERR,ERR,ERR,ERR,ERR,ERR,ERR,ERR,ERR,ERR,ERR,ERR,ERR,ERR,ERR,ERR,ERR,ERR,ERR,ERR,ERR,ERR,ERR,ERR,ERR,ERR,ERR,ERR,ERR,ERR,ERR,ERR,ERR,ERR,ERR,ERR,ERR,ERR,ERR,ERR,ERR,ERR,ERR,ERR,ERR,ERR,ERR,ERR,ERR,ERR,ERR,ERR,ERR,ERR,ERR,0.0,0.0,-134474944.0,0.0,0.0,1.3936040501711995e+18,7.805,0.0,0,0,4,0,8422,0.0,45,0.0,0.0,0.0,0.0,0.0,0,0,0,0,0.0,0,0,0,0,0,0,0,0,0,0,0,0,0,0,0,0,0,0,0,0,0,0,0,0,0,0,0,0,0,0,0,0,0,38,14,7,45,65476,0,300,0,0,8,21553,0.0,-107605600.0,0.0,0.0,0.0,0.0,0.0,0.0,0.0,0.0,0.0,0.0,0.0,0.0,0.0,0.0,0.0,0.0,0.0,0.0,0.0,0.0,0.0,0.0,-2.004,2.004,0.0,0.0,0.0,0.0,5014.0,0.0,0.0,0.0,0.0,0.0,-107615304.0,0.0,0.0,0.0,0.0,53,-0.0,-0.0,0.0,0.0,0.0,0.0,0.0,0.0,0.0,0,0,0,0.0,0.0,0.0,0.0,0.0,0.0,0.0,0.0,0.0,0.0,0.0,0.0,0.0,0.0,0.0,0.0,0,-107875648.0,53,0.0,106,-107614832.0,2.7006707062415038e+23,ERR,ERR,ERR,ERR,ERR,ERR,ERR,ERR,ERR,ERR,ERR,ERR,ERR,ERR,ERR,ERR,ERR,ERR,ERR,ERR,ERR,ERR,ERR,ERR,ERR,ERR,ERR,ERR,ERR,ERR,ERR,ERR,ERR,ERR,ERR,ERR,ERR,ERR,ERR,ERR,ERR,ERR,ERR,ERR,ERR,ERR,ERR,ERR,ERR,ERR,ERR,ERR,ERR,ERR,ERR,ERR,ERR,ERR,ERR,ERR,ERR,ERR,ERR,ERR,ERR,ERR,ERR,50.0,60.0,100,0.0,0.0,0.0,0.0,0.0,0.0,0.0,0.0,0.0,0.0,0.0,0.0,0.0,0.0,0.0,0.0,62.0,78,11,65508,50,65476,0,300,0,0,8,20529,65476,0,0,26214,60.0,0.0,0.0,0.0,0.0,0.0
2026-05-17T16:43:12,ERR,ERR,ERR,ERR,ERR,ERR,ERR,ERR,ERR,ERR,ERR,ERR,ERR,ERR,ERR,ERR,ERR,ERR,ERR,ERR,ERR,ERR,ERR,ERR,ERR,ERR,ERR,ERR,ERR,ERR,ERR,ERR,ERR,ERR,ERR,ERR,ERR,ERR,ERR,ERR,ERR,ERR,ERR,ERR,ERR,ERR,ERR,ERR,ERR,ERR,ERR,ERR,ERR,ERR,ERR,ERR,ERR,ERR,ERR,ERR,ERR,ERR,ERR,ERR,ERR,ERR,ERR,ERR,ERR,ERR,ERR,ERR,ERR,ERR,ERR,ERR,ERR,ERR,ERR,ERR,ERR,ERR,ERR,ERR,ERR,ERR,ERR,ERR,ERR,ERR,ERR,ERR,ERR,ERR,ERR,ERR,ERR,ERR,ERR,ERR,ERR,ERR,ERR,ERR,ERR,ERR,ERR,ERR,ERR,ERR,ERR,ERR,ERR,ERR,ERR,ERR,ERR,ERR,ERR,ERR,ERR,ERR,ERR,ERR,ERR,0.0,0.0,-134474944.0,0.0,0.0,1.3936040501711995e+18,7.805,0.0,0,0,4,0,8422,0.0,45,0.0,0.0,0.0,0.0,0.0,0,0,0,0,0.0,0,0,0,0,0,0,0,0,0,0,0,0,0,0,0,0,0,0,0,0,0,0,0,0,0,0,0,0,0,0,0,0,0,38,14,7,45,65476,0,300,0,0,8,21553,0.0,-107605600.0,0.0,0.0,0.0,0.0,0.0,0.0,0.0,0.0,0.0,0.0,0.0,0.0,0.0,0.0,0.0,0.0,0.0,0.0,0.0,0.0,0.0,0.0,-2.004,2.004,0.0,0.0,0.0,0.0,5011.0,0.0,0.0,0.0,0.0,0.0,-107615304.0,0.0,0.0,0.0,0.0,53,4.066880103266858e+29,-0.0,0.0,0.0,0.0,0.0,0.0,0.0,0.0,0,0,0,0.0,0.0,0.0,0.0,0.0,0.0,0.0,0.0,0.0,0.0,0.0,0.0,0.0,0.0,0.0,0.0,0,-107875648.0,53,0.0,106,-107614832.0,2.7006707062415038e+23,ERR,ERR,ERR,ERR,ERR,ERR,ERR,ERR,ERR,ERR,ERR,ERR,ERR,ERR,ERR,ERR,ERR,ERR,ERR,ERR,ERR,ERR,ERR,ERR,ERR,ERR,ERR,ERR,ERR,ERR,ERR,ERR,ERR,ERR,ERR,ERR,ERR,ERR,ERR,ERR,ERR,ERR,ERR,ERR,ERR,ERR,ERR,ERR,ERR,ERR,ERR,ERR,ERR,ERR,ERR,ERR,ERR,ERR,ERR,ERR,ERR,ERR,ERR,ERR,ERR,ERR,ERR,50.0,60.0,100,0.0,0.0,0.0,0.0,0.0,0.0,0.0,0.0,0.0,0.0,0.0,0.0,0.0,0.0,0.0,0.0,62.0,78,11,65508,50,65476,0,300,0,0,8,20529,65476,0,0,26214,60.0,0.0,0.0,0.0,0.0,0.0
2026-05-17T16:43:13,ERR,ERR,ERR,ERR,ERR,ERR,ERR,ERR,ERR,ERR,ERR,ERR,ERR,ERR,ERR,ERR,ERR,ERR,ERR,ERR,ERR,ERR,ERR,ERR,ERR,ERR,ERR,ERR,ERR,ERR,ERR,ERR,ERR,ERR,ERR,ERR,ERR,ERR,ERR,ERR,ERR,ERR,ERR,ERR,ERR,ERR,ERR,ERR,ERR,ERR,ERR,ERR,ERR,ERR,ERR,ERR,ERR,ERR,ERR,ERR,ERR,ERR,ERR,ERR,ERR,ERR,ERR,ERR,ERR,ERR,ERR,ERR,ERR,ERR,ERR,ERR,ERR,ERR,ERR,ERR,ERR,ERR,ERR,ERR,ERR,ERR,ERR,ERR,ERR,ERR,ERR,ERR,ERR,ERR,ERR,ERR,ERR,ERR,ERR,ERR,ERR,ERR,ERR,ERR,ERR,ERR,ERR,ERR,ERR,ERR,ERR,ERR,ERR,ERR,ERR,ERR,ERR,ERR,ERR,ERR,ERR,ERR,ERR,ERR,ERR,0.0,0.0,-134474944.0,0.0,0.0,1.3936040501711995e+18,7.805,0.0,0,0,4,0,8422,0.0,45,0.0,0.0,0.0,0.0,0.0,0,0,0,0,0.0,0,0,0,0,0,0,0,0,0,0,0,0,0,0,0,0,0,0,0,0,0,0,0,0,0,0,0,0,0,0,0,0,0,38,14,7,45,65476,0,300,0,0,8,21553,0.0,-107605600.0,0.0,0.0,0.0,0.0,0.0,0.0,0.0,0.0,0.0,0.0,0.0,0.0,0.0,0.0,0.0,0.0,0.0,0.0,0.0,0.0,0.0,0.0,-2.004,2.004,0.0,0.0,0.0,0.0,5011.0,0.0,0.0,0.0,0.0,0.0,-107615304.0,0.0,0.0,0.0,0.0,53,4.066880103266858e+29,-0.0,0.0,0.0,0.0,0.0,0.0,0.0,0.0,0,0,0,0.0,0.0,0.0,0.0,0.0,0.0,0.0,0.0,0.0,0.0,0.0,0.0,0.0,0.0,0.0,0.0,0,-107875648.0,53,0.0,106,-107614832.0,2.7006707062415038e+23,ERR,ERR,ERR,ERR,ERR,ERR,ERR,ERR,ERR,ERR,ERR,ERR,ERR,ERR,ERR,ERR,ERR,ERR,ERR,ERR,ERR,ERR,ERR,ERR,ERR,ERR,ERR,ERR,ERR,ERR,ERR,ERR,ERR,ERR,ERR,ERR,ERR,ERR,ERR,ERR,ERR,ERR,ERR,ERR,ERR,ERR,ERR,ERR,ERR,ERR,ERR,ERR,ERR,ERR,ERR,ERR,ERR,ERR,ERR,ERR,ERR,ERR,ERR,ERR,ERR,ERR,ERR,50.0,60.0,100,0.0,0.0,0.0,0.0,0.0,0.0,0.0,0.0,0.0,0.0,0.0,0.0,0.0,0.0,0.0,0.0,62.0,78,11,65508,50,65476,0,300,0,0,8,20529,65476,0,0,26214,60.0,0.0,0.0,0.0,0.0,0.0
2026-05-17T16:43:14,ERR,ERR,ERR,ERR,ERR,ERR,ERR,ERR,ERR,ERR,ERR,ERR,ERR,ERR,ERR,ERR,ERR,ERR,ERR,ERR,ERR,ERR,ERR,ERR,ERR,ERR,ERR,ERR,ERR,ERR,ERR,ERR,ERR,ERR,ERR,ERR,ERR,ERR,ERR,ERR,ERR,ERR,ERR,ERR,ERR,ERR,ERR,ERR,ERR,ERR,ERR,ERR,ERR,ERR,ERR,ERR,ERR,ERR,ERR,ERR,ERR,ERR,ERR,ERR,ERR,ERR,ERR,ERR,ERR,ERR,ERR,ERR,ERR,ERR,ERR,ERR,ERR,ERR,ERR,ERR,ERR,ERR,ERR,ERR,ERR,ERR,ERR,ERR,ERR,ERR,ERR,ERR,ERR,ERR,ERR,ERR,ERR,ERR,ERR,ERR,ERR,ERR,ERR,ERR,ERR,ERR,ERR,ERR,ERR,ERR,ERR,ERR,ERR,ERR,ERR,ERR,ERR,ERR,ERR,ERR,ERR,ERR,ERR,ERR,ERR,0.0,0.0,-134474944.0,0.0,0.0,1.3936040501711995e+18,7.805,0.0,0,0,4,0,8422,0.0,45,0.0,0.0,0.0,0.0,0.0,0,0,0,0,0.0,0,0,0,0,0,0,0,0,0,0,0,0,0,0,0,0,0,0,0,0,0,0,0,0,0,0,0,0,0,0,0,0,0,38,14,7,45,65476,0,300,0,0,8,21553,0.0,-107605600.0,0.0,0.0,0.0,0.0,0.0,0.0,0.0,0.0,0.0,0.0,0.0,0.0,0.0,0.0,0.0,0.0,0.0,0.0,0.0,0.0,0.0,0.0,-2.004,2.004,0.0,0.0,0.0,0.0,5011.0,0.0,0.0,0.0,0.0,0.0,-107615304.0,0.0,0.0,0.0,0.0,53,4.066880103266858e+29,-0.0,0.0,0.0,0.0,0.0,0.0,0.0,0.0,0,0,0,0.0,0.0,0.0,0.0,0.0,0.0,0.0,0.0,0.0,0.0,0.0,0.0,0.0,0.0,0.0,0.0,0,-107875648.0,53,0.0,106,-107614832.0,2.7006707062415038e+23,ERR,ERR,ERR,ERR,ERR,ERR,ERR,ERR,ERR,ERR,ERR,ERR,ERR,ERR,ERR,ERR,ERR,ERR,ERR,ERR,ERR,ERR,ERR,ERR,ERR,ERR,ERR,ERR,ERR,ERR,ERR,ERR,ERR,ERR,ERR,ERR,ERR,ERR,ERR,ERR,ERR,ERR,ERR,ERR,ERR,ERR,ERR,ERR,ERR,ERR,ERR,ERR,ERR,ERR,ERR,ERR,ERR,ERR,ERR,ERR,ERR,ERR,ERR,ERR,ERR,ERR,ERR,50.0,60.0,100,0.0,0.0,0.0,0.0,0.0,0.0,0.0,0.0,0.0,0.0,0.0,0.0,0.0,0.0,0.0,0.0,61.6,78,11,65508,50,65476,0,300,0,0,8,20529,65476,0,0,26214,60.0,0.0,0.0,0.0,0.0,0.0
2026-05-17T16:43:15,ERR,ERR,ERR,ERR,ERR,ERR,ERR,ERR,ERR,ERR,ERR,ERR,ERR,ERR,ERR,ERR,ERR,ERR,ERR,ERR,ERR,ERR,ERR,ERR,ERR,ERR,ERR,ERR,ERR,ERR,ERR,ERR,ERR,ERR,ERR,ERR,ERR,ERR,ERR,ERR,ERR,ERR,ERR,ERR,ERR,ERR,ERR,ERR,ERR,ERR,ERR,ERR,ERR,ERR,ERR,ERR,ERR,ERR,ERR,ERR,ERR,ERR,ERR,ERR,ERR,ERR,ERR,ERR,ERR,ERR,ERR,ERR,ERR,ERR,ERR,ERR,ERR,ERR,ERR,ERR,ERR,ERR,ERR,ERR,ERR,ERR,ERR,ERR,ERR,ERR,ERR,ERR,ERR,ERR,ERR,ERR,ERR,ERR,ERR,ERR,ERR,ERR,ERR,ERR,ERR,ERR,ERR,ERR,ERR,ERR,ERR,ERR,ERR,ERR,ERR,ERR,ERR,ERR,ERR,ERR,ERR,ERR,ERR,ERR,ERR,0.0,0.0,-134474944.0,0.0,0.0,1.3936040501711995e+18,7.805,0.0,0,0,4,0,8422,0.0,45,0.0,0.0,0.0,0.0,0.0,0,0,0,0,0.0,0,0,0,0,0,0,0,0,0,0,0,0,0,0,0,0,0,0,0,0,0,0,0,0,0,0,0,0,0,0,0,0,0,38,14,7,45,65476,0,300,0,0,8,21553,0.0,-107605600.0,0.0,0.0,0.0,0.0,0.0,0.0,0.0,0.0,0.0,0.0,0.0,0.0,0.0,0.0,0.0,0.0,0.0,0.0,0.0,0.0,0.0,0.0,-2.004,2.004,0.0,0.0,0.0,0.0,5011.0,0.0,0.0,0.0,0.0,0.0,-107615304.0,0.0,0.0,0.0,0.0,53,4.066880103266858e+29,-0.0,0.0,0.0,0.0,0.0,0.0,0.0,0.0,0,0,0,0.0,0.0,0.0,0.0,0.0,0.0,0.0,0.0,0.0,0.0,0.0,0.0,0.0,0.0,0.0,0.0,0,-107875648.0,53,0.0,106,-107614832.0,2.7006707062415038e+23,ERR,ERR,ERR,ERR,ERR,ERR,ERR,ERR,ERR,ERR,ERR,ERR,ERR,ERR,ERR,ERR,ERR,ERR,ERR,ERR,ERR,ERR,ERR,ERR,ERR,ERR,ERR,ERR,ERR,ERR,ERR,ERR,ERR,ERR,ERR,ERR,ERR,ERR,ERR,ERR,ERR,ERR,ERR,ERR,ERR,ERR,ERR,ERR,ERR,ERR,ERR,ERR,ERR,ERR,ERR,ERR,ERR,ERR,ERR,ERR,ERR,ERR,ERR,ERR,ERR,ERR,ERR,50.0,60.0,100,0.0,0.0,0.0,0.0,0.0,0.0,0.0,0.0,0.0,0.0,0.0,0.0,0.0,0.0,0.0,0.0,61.6,78,11,65508,50,65476,0,300,0,0,8,20529,65476,0,0,26214,60.0,0.0,0.0,0.0,0.0,0.0
2026-05-17T16:43:16,ERR,ERR,ERR,ERR,ERR,ERR,ERR,ERR,ERR,ERR,ERR,ERR,ERR,ERR,ERR,ERR,ERR,ERR,ERR,ERR,ERR,ERR,ERR,ERR,ERR,ERR,ERR,ERR,ERR,ERR,ERR,ERR,ERR,ERR,ERR,ERR,ERR,ERR,ERR,ERR,ERR,ERR,ERR,ERR,ERR,ERR,ERR,ERR,ERR,ERR,ERR,ERR,ERR,ERR,ERR,ERR,ERR,ERR,ERR,ERR,ERR,ERR,ERR,ERR,ERR,ERR,ERR,ERR,ERR,ERR,ERR,ERR,ERR,ERR,ERR,ERR,ERR,ERR,ERR,ERR,ERR,ERR,ERR,ERR,ERR,ERR,ERR,ERR,ERR,ERR,ERR,ERR,ERR,ERR,ERR,ERR,ERR,ERR,ERR,ERR,ERR,ERR,ERR,ERR,ERR,ERR,ERR,ERR,ERR,ERR,ERR,ERR,ERR,ERR,ERR,ERR,ERR,ERR,ERR,ERR,ERR,ERR,ERR,ERR,ERR,0.0,0.0,-134474944.0,0.0,0.0,1.3936040501711995e+18,7.805,0.0,0,0,4,0,8422,0.0,45,0.0,0.0,0.0,0.0,0.0,0,0,0,0,0.0,0,0,0,0,0,0,0,0,0,0,0,0,0,0,0,0,0,0,0,0,0,0,0,0,0,0,0,0,0,0,0,0,0,38,14,7,45,65476,0,300,0,0,8,21553,0.0,-107605600.0,0.0,0.0,0.0,0.0,0.0,0.0,0.0,0.0,0.0,0.0,0.0,0.0,0.0,0.0,0.0,0.0,0.0,0.0,0.0,0.0,0.0,0.0,-2.004,2.004,0.0,0.0,0.0,0.0,5011.0,0.0,0.0,0.0,0.0,0.0,-107615304.0,0.0,0.0,0.0,0.0,53,4.066880103266858e+29,-0.0,0.0,0.0,0.0,0.0,0.0,0.0,0.0,0,0,0,0.0,0.0,0.0,0.0,0.0,0.0,0.0,0.0,0.0,0.0,0.0,0.0,0.0,0.0,0.0,0.0,0,-107875648.0,53,0.0,106,-107614832.0,2.7006707062415038e+23,ERR,ERR,ERR,ERR,ERR,ERR,ERR,ERR,ERR,ERR,ERR,ERR,ERR,ERR,ERR,ERR,ERR,ERR,ERR,ERR,ERR,ERR,ERR,ERR,ERR,ERR,ERR,ERR,ERR,ERR,ERR,ERR,ERR,ERR,ERR,ERR,ERR,ERR,ERR,ERR,ERR,ERR,ERR,ERR,ERR,ERR,ERR,ERR,ERR,ERR,ERR,ERR,ERR,ERR,ERR,ERR,ERR,ERR,ERR,ERR,ERR,ERR,ERR,ERR,ERR,ERR,ERR,50.0,60.0,100,0.0,0.0,0.0,0.0,0.0,0.0,0.0,0.0,0.0,0.0,0.0,0.0,0.0,0.0,0.0,0.0,62.0,78,11,65508,50,65476,0,300,0,0,8,20529,65476,0,0,26214,60.0,0.0,0.0,0.0,0.0,0.0
2026-05-17T16:43:17,ERR,ERR,ERR,ERR,ERR,ERR,ERR,ERR,ERR,ERR,ERR,ERR,ERR,ERR,ERR,ERR,ERR,ERR,ERR,ERR,ERR,ERR,ERR,ERR,ERR,ERR,ERR,ERR,ERR,ERR,ERR,ERR,ERR,ERR,ERR,ERR,ERR,ERR,ERR,ERR,ERR,ERR,ERR,ERR,ERR,ERR,ERR,ERR,ERR,ERR,ERR,ERR,ERR,ERR,ERR,ERR,ERR,ERR,ERR,ERR,ERR,ERR,ERR,ERR,ERR,ERR,ERR,ERR,ERR,ERR,ERR,ERR,ERR,ERR,ERR,ERR,ERR,ERR,ERR,ERR,ERR,ERR,ERR,ERR,ERR,ERR,ERR,ERR,ERR,ERR,ERR,ERR,ERR,ERR,ERR,ERR,ERR,ERR,ERR,ERR,ERR,ERR,ERR,ERR,ERR,ERR,ERR,ERR,ERR,ERR,ERR,ERR,ERR,ERR,ERR,ERR,ERR,ERR,ERR,ERR,ERR,ERR,ERR,ERR,ERR,0.0,0.0,-134474944.0,0.0,0.0,1.3936040501711995e+18,7.805,0.0,0,0,4,0,8422,0.0,45,0.0,0.0,0.0,0.0,0.0,0,0,0,0,0.0,0,0,0,0,0,0,0,0,0,0,0,0,0,0,0,0,0,0,0,0,0,0,0,0,0,0,0,0,0,0,0,0,0,38,14,7,45,65476,0,300,0,0,8,21553,0.0,-107605600.0,0.0,0.0,0.0,0.0,0.0,0.0,0.0,0.0,0.0,0.0,0.0,0.0,0.0,0.0,0.0,0.0,0.0,0.0,0.0,0.0,0.0,0.0,-2.004,2.004,0.0,0.0,0.0,0.0,4982.0,1.587929164219617e+29,0.0,0.0,0.0,0.0,-107615304.0,0.0,0.0,0.0,0.0,53,-0.0,-4.950400744235881e+32,0.0,0.0,0.0,0.0,0.0,0.0,0.0,0,0,0,0.0,0.0,0.0,0.0,0.0,0.0,0.0,0.0,0.0,0.0,0.0,0.0,0.0,0.0,0.0,0.0,0,-107875648.0,53,0.0,106,-107614832.0,2.7006707062415038e+23,ERR,ERR,ERR,ERR,ERR,ERR,ERR,ERR,ERR,ERR,ERR,ERR,ERR,ERR,ERR,ERR,ERR,ERR,ERR,ERR,ERR,ERR,ERR,ERR,ERR,ERR,ERR,ERR,ERR,ERR,ERR,ERR,ERR,ERR,ERR,ERR,ERR,ERR,ERR,ERR,ERR,ERR,ERR,ERR,ERR,ERR,ERR,ERR,ERR,ERR,ERR,ERR,ERR,ERR,ERR,ERR,ERR,ERR,ERR,ERR,ERR,ERR,ERR,ERR,ERR,ERR,ERR,50.0,60.0,100,0.0,0.0,0.0,0.0,0.0,0.0,0.0,0.0,0.0,0.0,0.0,0.0,0.0,0.0,0.0,0.0,61.6,78,11,65508,50,65476,0,300,0,0,8,20529,65476,0,0,26214,60.0,0.0,0.0,0.0,0.0,0.0
2026-05-17T16:43:18,ERR,ERR,ERR,ERR,ERR,ERR,ERR,ERR,ERR,ERR,ERR,ERR,ERR,ERR,ERR,ERR,ERR,ERR,ERR,ERR,ERR,ERR,ERR,ERR,ERR,ERR,ERR,ERR,ERR,ERR,ERR,ERR,ERR,ERR,ERR,ERR,ERR,ERR,ERR,ERR,ERR,ERR,ERR,ERR,ERR,ERR,ERR,ERR,ERR,ERR,ERR,ERR,ERR,ERR,ERR,ERR,ERR,ERR,ERR,ERR,ERR,ERR,ERR,ERR,ERR,ERR,ERR,ERR,ERR,ERR,ERR,ERR,ERR,ERR,ERR,ERR,ERR,ERR,ERR,ERR,ERR,ERR,ERR,ERR,ERR,ERR,ERR,ERR,ERR,ERR,ERR,ERR,ERR,ERR,ERR,ERR,ERR,ERR,ERR,ERR,ERR,ERR,ERR,ERR,ERR,ERR,ERR,ERR,ERR,ERR,ERR,ERR,ERR,ERR,ERR,ERR,ERR,ERR,ERR,ERR,ERR,ERR,ERR,ERR,ERR,0.0,0.0,-134474944.0,0.0,0.0,1.3936040501711995e+18,7.805,0.0,0,0,4,0,8422,0.0,45,0.0,0.0,0.0,0.0,0.0,0,0,0,0,0.0,0,0,0,0,0,0,0,0,0,0,0,0,0,0,0,0,0,0,0,0,0,0,0,0,0,0,0,0,0,0,0,0,0,38,14,7,45,65476,0,300,0,0,8,21553,0.0,-107605600.0,0.0,0.0,0.0,0.0,0.0,0.0,0.0,0.0,0.0,0.0,0.0,0.0,0.0,0.0,0.0,0.0,0.0,0.0,0.0,0.0,0.0,0.0,-2.004,2.004,0.0,0.0,0.0,0.0,4982.0,1.587929164219617e+29,0.0,0.0,0.0,0.0,-107615304.0,0.0,0.0,0.0,0.0,53,-0.0,-4.950400744235881e+32,0.0,0.0,0.0,0.0,0.0,0.0,0.0,0,0,0,0.0,0.0,0.0,0.0,0.0,0.0,0.0,0.0,0.0,0.0,0.0,0.0,0.0,0.0,0.0,0.0,0,-107875648.0,53,0.0,106,-107614832.0,2.7006707062415038e+23,ERR,ERR,ERR,ERR,ERR,ERR,ERR,ERR,ERR,ERR,ERR,ERR,ERR,ERR,ERR,ERR,ERR,ERR,ERR,ERR,ERR,ERR,ERR,ERR,ERR,ERR,ERR,ERR,ERR,ERR,ERR,ERR,ERR,ERR,ERR,ERR,ERR,ERR,ERR,ERR,ERR,ERR,ERR,ERR,ERR,ERR,ERR,ERR,ERR,ERR,ERR,ERR,ERR,ERR,ERR,ERR,ERR,ERR,ERR,ERR,ERR,ERR,ERR,ERR,ERR,ERR,ERR,50.0,60.0,100,0.0,0.0,0.0,0.0,0.0,0.0,0.0,0.0,0.0,0.0,0.0,0.0,0.0,0.0,0.0,0.0,61.6,78,11,65508,50,65476,0,300,0,0,8,20529,65476,0,0,26214,60.0,0.0,0.0,0.0,0.0,0.0
2026-05-17T16:43:19,ERR,ERR,ERR,ERR,ERR,ERR,ERR,ERR,ERR,ERR,ERR,ERR,ERR,ERR,ERR,ERR,ERR,ERR,ERR,ERR,ERR,ERR,ERR,ERR,ERR,ERR,ERR,ERR,ERR,ERR,ERR,ERR,ERR,ERR,ERR,ERR,ERR,ERR,ERR,ERR,ERR,ERR,ERR,ERR,ERR,ERR,ERR,ERR,ERR,ERR,ERR,ERR,ERR,ERR,ERR,ERR,ERR,ERR,ERR,ERR,ERR,ERR,ERR,ERR,ERR,ERR,ERR,ERR,ERR,ERR,ERR,ERR,ERR,ERR,ERR,ERR,ERR,ERR,ERR,ERR,ERR,ERR,ERR,ERR,ERR,ERR,ERR,ERR,ERR,ERR,ERR,ERR,ERR,ERR,ERR,ERR,ERR,ERR,ERR,ERR,ERR,ERR,ERR,ERR,ERR,ERR,ERR,ERR,ERR,ERR,ERR,ERR,ERR,ERR,ERR,ERR,ERR,ERR,ERR,ERR,ERR,ERR,ERR,ERR,ERR,0.0,0.0,-134474944.0,0.0,0.0,1.3936040501711995e+18,7.805,0.0,0,0,4,0,8422,0.0,45,0.0,0.0,0.0,0.0,0.0,0,0,0,0,0.0,0,0,0,0,0,0,0,0,0,0,0,0,0,0,0,0,0,0,0,0,0,0,0,0,0,0,0,0,0,0,0,0,0,38,14,7,45,65476,0,300,0,0,8,21553,0.0,-107605600.0,0.0,0.0,0.0,0.0,0.0,0.0,0.0,0.0,0.0,0.0,0.0,0.0,0.0,0.0,0.0,0.0,0.0,0.0,0.0,0.0,0.0,0.0,-2.004,2.004,0.0,0.0,0.0,0.0,4982.0,1.587929164219617e+29,0.0,0.0,0.0,0.0,-107615304.0,0.0,0.0,0.0,0.0,53,-0.0,-4.950400744235881e+32,0.0,0.0,0.0,0.0,0.0,0.0,0.0,0,0,0,0.0,0.0,0.0,0.0,0.0,0.0,0.0,0.0,0.0,0.0,0.0,0.0,0.0,0.0,0.0,0.0,0,-107875648.0,53,0.0,106,-107614832.0,2.7006707062415038e+23,ERR,ERR,ERR,ERR,ERR,ERR,ERR,ERR,ERR,ERR,ERR,ERR,ERR,ERR,ERR,ERR,ERR,ERR,ERR,ERR,ERR,ERR,ERR,ERR,ERR,ERR,ERR,ERR,ERR,ERR,ERR,ERR,ERR,ERR,ERR,ERR,ERR,ERR,ERR,ERR,ERR,ERR,ERR,ERR,ERR,ERR,ERR,ERR,ERR,ERR,ERR,ERR,ERR,ERR,ERR,ERR,ERR,ERR,ERR,ERR,ERR,ERR,ERR,ERR,ERR,ERR,ERR,50.0,60.0,100,0.0,0.0,0.0,0.0,0.0,0.0,0.0,0.0,0.0,0.0,0.0,0.0,0.0,0.0,0.0,0.0,62.0,78,11,65508,50,65476,0,300,0,0,8,20529,65476,0,0,26214,60.0,0.0,0.0,0.0,0.0,0.0
2026-05-17T16:43:20,ERR,ERR,ERR,ERR,ERR,ERR,ERR,ERR,ERR,ERR,ERR,ERR,ERR,ERR,ERR,ERR,ERR,ERR,ERR,ERR,ERR,ERR,ERR,ERR,ERR,ERR,ERR,ERR,ERR,ERR,ERR,ERR,ERR,ERR,ERR,ERR,ERR,ERR,ERR,ERR,ERR,ERR,ERR,ERR,ERR,ERR,ERR,ERR,ERR,ERR,ERR,ERR,ERR,ERR,ERR,ERR,ERR,ERR,ERR,ERR,ERR,ERR,ERR,ERR,ERR,ERR,ERR,ERR,ERR,ERR,ERR,ERR,ERR,ERR,ERR,ERR,ERR,ERR,ERR,ERR,ERR,ERR,ERR,ERR,ERR,ERR,ERR,ERR,ERR,ERR,ERR,ERR,ERR,ERR,ERR,ERR,ERR,ERR,ERR,ERR,ERR,ERR,ERR,ERR,ERR,ERR,ERR,ERR,ERR,ERR,ERR,ERR,ERR,ERR,ERR,ERR,ERR,ERR,ERR,ERR,ERR,ERR,ERR,ERR,ERR,0.0,0.0,-134474944.0,0.0,0.0,1.3936040501711995e+18,7.805,0.0,0,0,4,0,8422,0.0,45,0.0,0.0,0.0,0.0,0.0,0,0,0,0,0.0,0,0,0,0,0,0,0,0,0,0,0,0,0,0,0,0,0,0,0,0,0,0,0,0,0,0,0,0,0,0,0,0,0,38,14,7,45,65476,0,300,0,0,8,21553,0.0,-107605600.0,0.0,0.0,0.0,0.0,0.0,0.0,0.0,0.0,0.0,0.0,0.0,0.0,0.0,0.0,0.0,0.0,0.0,0.0,0.0,0.0,0.0,0.0,-2.004,2.004,0.0,0.0,0.0,0.0,4982.0,1.587929164219617e+29,0.0,0.0,0.0,0.0,-107615304.0,0.0,0.0,0.0,0.0,53,-0.0,-4.950400744235881e+32,0.0,0.0,0.0,0.0,0.0,0.0,0.0,0,0,0,0.0,0.0,0.0,0.0,0.0,0.0,0.0,0.0,0.0,0.0,0.0,0.0,0.0,0.0,0.0,0.0,0,-107875648.0,53,0.0,106,-107614832.0,2.7006707062415038e+23,ERR,ERR,ERR,ERR,ERR,ERR,ERR,ERR,ERR,ERR,ERR,ERR,ERR,ERR,ERR,ERR,ERR,ERR,ERR,ERR,ERR,ERR,ERR,ERR,ERR,ERR,ERR,ERR,ERR,ERR,ERR,ERR,ERR,ERR,ERR,ERR,ERR,ERR,ERR,ERR,ERR,ERR,ERR,ERR,ERR,ERR,ERR,ERR,ERR,ERR,ERR,ERR,ERR,ERR,ERR,ERR,ERR,ERR,ERR,ERR,ERR,ERR,ERR,ERR,ERR,ERR,ERR,50.0,60.0,100,0.0,0.0,0.0,0.0,0.0,0.0,0.0,0.0,0.0,0.0,0.0,0.0,0.0,0.0,0.0,0.0,62.0,78,11,65508,50,65476,0,300,0,0,8,20529,65476,0,0,26214,60.0,0.0,0.0,0.0,0.0,0.0
2026-05-17T16:43:21,ERR,ERR,ERR,ERR,ERR,ERR,ERR,ERR,ERR,ERR,ERR,ERR,ERR,ERR,ERR,ERR,ERR,ERR,ERR,ERR,ERR,ERR,ERR,ERR,ERR,ERR,ERR,ERR,ERR,ERR,ERR,ERR,ERR,ERR,ERR,ERR,ERR,ERR,ERR,ERR,ERR,ERR,ERR,ERR,ERR,ERR,ERR,ERR,ERR,ERR,ERR,ERR,ERR,ERR,ERR,ERR,ERR,ERR,ERR,ERR,ERR,ERR,ERR,ERR,ERR,ERR,ERR,ERR,ERR,ERR,ERR,ERR,ERR,ERR,ERR,ERR,ERR,ERR,ERR,ERR,ERR,ERR,ERR,ERR,ERR,ERR,ERR,ERR,ERR,ERR,ERR,ERR,ERR,ERR,ERR,ERR,ERR,ERR,ERR,ERR,ERR,ERR,ERR,ERR,ERR,ERR,ERR,ERR,ERR,ERR,ERR,ERR,ERR,ERR,ERR,ERR,ERR,ERR,ERR,ERR,ERR,ERR,ERR,ERR,ERR,0.0,0.0,-134474944.0,0.0,0.0,1.3936040501711995e+18,7.805,0.0,0,0,4,0,8422,0.0,45,0.0,0.0,0.0,0.0,0.0,0,0,0,0,0.0,0,0,0,0,0,0,0,0,0,0,0,0,0,0,0,0,0,0,0,0,0,0,0,0,0,0,0,0,0,0,0,0,0,38,14,7,45,65476,0,300,0,0,8,21553,0.0,-107605600.0,0.0,0.0,0.0,0.0,0.0,0.0,0.0,0.0,0.0,0.0,0.0,0.0,0.0,0.0,0.0,0.0,0.0,0.0,0.0,0.0,0.0,0.0,-2.004,2.004,0.0,0.0,0.0,0.0,4982.0,1.587929164219617e+29,0.0,0.0,0.0,0.0,-107615304.0,0.0,0.0,0.0,0.0,53,-0.0,-4.950400744235881e+32,0.0,0.0,0.0,0.0,0.0,0.0,0.0,0,0,0,0.0,0.0,0.0,0.0,0.0,0.0,0.0,0.0,0.0,0.0,0.0,0.0,0.0,0.0,0.0,0.0,0,-107875648.0,53,0.0,106,-107614832.0,2.7006707062415038e+23,ERR,ERR,ERR,ERR,ERR,ERR,ERR,ERR,ERR,ERR,ERR,ERR,ERR,ERR,ERR,ERR,ERR,ERR,ERR,ERR,ERR,ERR,ERR,ERR,ERR,ERR,ERR,ERR,ERR,ERR,ERR,ERR,ERR,ERR,ERR,ERR,ERR,ERR,ERR,ERR,ERR,ERR,ERR,ERR,ERR,ERR,ERR,ERR,ERR,ERR,ERR,ERR,ERR,ERR,ERR,ERR,ERR,ERR,ERR,ERR,ERR,ERR,ERR,ERR,ERR,ERR,ERR,50.0,60.0,100,0.0,0.0,0.0,0.0,0.0,0.0,0.0,0.0,0.0,0.0,0.0,0.0,0.0,0.0,0.0,0.0,61.6,78,11,65508,50,65476,0,300,0,0,8,20529,65476,0,0,26214,60.0,0.0,0.0,0.0,0.0,0.0
2026-05-17T16:43:22,ERR,ERR,ERR,ERR,ERR,ERR,ERR,ERR,ERR,ERR,ERR,ERR,ERR,ERR,ERR,ERR,ERR,ERR,ERR,ERR,ERR,ERR,ERR,ERR,ERR,ERR,ERR,ERR,ERR,ERR,ERR,ERR,ERR,ERR,ERR,ERR,ERR,ERR,ERR,ERR,ERR,ERR,ERR,ERR,ERR,ERR,ERR,ERR,ERR,ERR,ERR,ERR,ERR,ERR,ERR,ERR,ERR,ERR,ERR,ERR,ERR,ERR,ERR,ERR,ERR,ERR,ERR,ERR,ERR,ERR,ERR,ERR,ERR,ERR,ERR,ERR,ERR,ERR,ERR,ERR,ERR,ERR,ERR,ERR,ERR,ERR,ERR,ERR,ERR,ERR,ERR,ERR,ERR,ERR,ERR,ERR,ERR,ERR,ERR,ERR,ERR,ERR,ERR,ERR,ERR,ERR,ERR,ERR,ERR,ERR,ERR,ERR,ERR,ERR,ERR,ERR,ERR,ERR,ERR,ERR,ERR,ERR,ERR,ERR,ERR,0.0,0.0,-134474944.0,0.0,0.0,1.3936040501711995e+18,7.805,0.0,0,0,4,0,8422,0.0,45,0.0,0.0,0.0,0.0,0.0,0,0,0,0,0.0,0,0,0,0,0,0,0,0,0,0,0,0,0,0,0,0,0,0,0,0,0,0,0,0,0,0,0,0,0,0,0,0,0,38,14,7,45,65476,0,300,0,0,8,21553,0.0,-107605600.0,0.0,0.0,0.0,0.0,0.0,0.0,0.0,0.0,0.0,0.0,0.0,0.0,0.0,0.0,0.0,0.0,0.0,0.0,0.0,0.0,0.0,0.0,-2.004,2.004,0.0,0.0,0.0,0.0,4979.0,2.004,0.0,0.0,0.0,0.0,-107615304.0,0.0,0.0,0.0,0.0,53,-0.0,-0.0,0.0,0.0,0.0,0.0,0.0,0.0,0.0,0,0,0,0.0,0.0,0.0,0.0,0.0,0.0,0.0,0.0,0.0,0.0,0.0,0.0,0.0,0.0,0.0,0.0,0,-107875648.0,53,0.0,106,-107614832.0,2.7006707062415038e+23,ERR,ERR,ERR,ERR,ERR,ERR,ERR,ERR,ERR,ERR,ERR,ERR,ERR,ERR,ERR,ERR,ERR,ERR,ERR,ERR,ERR,ERR,ERR,ERR,ERR,ERR,ERR,ERR,ERR,ERR,ERR,ERR,ERR,ERR,ERR,ERR,ERR,ERR,ERR,ERR,ERR,ERR,ERR,ERR,ERR,ERR,ERR,ERR,ERR,ERR,ERR,ERR,ERR,ERR,ERR,ERR,ERR,ERR,ERR,ERR,ERR,ERR,ERR,ERR,ERR,ERR,ERR,50.0,60.0,100,0.0,0.0,0.0,0.0,0.0,0.0,0.0,0.0,0.0,0.0,0.0,0.0,0.0,0.0,0.0,0.0,61.6,78,11,65508,50,65476,0,300,0,0,8,20529,65476,0,0,26214,60.0,0.0,0.0,0.0,0.0,0.0
2026-05-17T16:43:23,ERR,ERR,ERR,ERR,ERR,ERR,ERR,ERR,ERR,ERR,ERR,ERR,ERR,ERR,ERR,ERR,ERR,ERR,ERR,ERR,ERR,ERR,ERR,ERR,ERR,ERR,ERR,ERR,ERR,ERR,ERR,ERR,ERR,ERR,ERR,ERR,ERR,ERR,ERR,ERR,ERR,ERR,ERR,ERR,ERR,ERR,ERR,ERR,ERR,ERR,ERR,ERR,ERR,ERR,ERR,ERR,ERR,ERR,ERR,ERR,ERR,ERR,ERR,ERR,ERR,ERR,ERR,ERR,ERR,ERR,ERR,ERR,ERR,ERR,ERR,ERR,ERR,ERR,ERR,ERR,ERR,ERR,ERR,ERR,ERR,ERR,ERR,ERR,ERR,ERR,ERR,ERR,ERR,ERR,ERR,ERR,ERR,ERR,ERR,ERR,ERR,ERR,ERR,ERR,ERR,ERR,ERR,ERR,ERR,ERR,ERR,ERR,ERR,ERR,ERR,ERR,ERR,ERR,ERR,ERR,ERR,ERR,ERR,ERR,ERR,0.0,0.0,-134474944.0,0.0,0.0,1.3936040501711995e+18,7.805,0.0,0,0,4,0,8422,0.0,45,0.0,0.0,0.0,0.0,0.0,0,0,0,0,0.0,0,0,0,0,0,0,0,0,0,0,0,0,0,0,0,0,0,0,0,0,0,0,0,0,0,0,0,0,0,0,0,0,0,38,14,7,45,65476,0,300,0,0,8,21553,0.0,-107605600.0,0.0,0.0,0.0,0.0,0.0,0.0,0.0,0.0,0.0,0.0,0.0,0.0,0.0,0.0,0.0,0.0,0.0,0.0,0.0,0.0,0.0,0.0,-2.004,2.004,0.0,0.0,0.0,0.0,4979.0,2.004,0.0,0.0,0.0,0.0,-107615304.0,0.0,0.0,0.0,0.0,53,-0.0,-0.0,0.0,0.0,0.0,0.0,0.0,0.0,0.0,0,0,0,0.0,0.0,0.0,0.0,0.0,0.0,0.0,0.0,0.0,0.0,0.0,0.0,0.0,0.0,0.0,0.0,0,-107875648.0,53,0.0,106,-107614832.0,2.7006707062415038e+23,ERR,ERR,ERR,ERR,ERR,ERR,ERR,ERR,ERR,ERR,ERR,ERR,ERR,ERR,ERR,ERR,ERR,ERR,ERR,ERR,ERR,ERR,ERR,ERR,ERR,ERR,ERR,ERR,ERR,ERR,ERR,ERR,ERR,ERR,ERR,ERR,ERR,ERR,ERR,ERR,ERR,ERR,ERR,ERR,ERR,ERR,ERR,ERR,ERR,ERR,ERR,ERR,ERR,ERR,ERR,ERR,ERR,ERR,ERR,ERR,ERR,ERR,ERR,ERR,ERR,ERR,ERR,50.0,60.0,100,0.0,0.0,0.0,0.0,0.0,0.0,0.0,0.0,0.0,0.0,0.0,0.0,0.0,0.0,0.0,0.0,61.6,78,11,65508,50,65476,0,300,0,0,8,20529,65476,0,0,26214,60.0,0.0,0.0,0.0,0.0,0.0
2026-05-17T16:43:24,ERR,ERR,ERR,ERR,ERR,ERR,ERR,ERR,ERR,ERR,ERR,ERR,ERR,ERR,ERR,ERR,ERR,ERR,ERR,ERR,ERR,ERR,ERR,ERR,ERR,ERR,ERR,ERR,ERR,ERR,ERR,ERR,ERR,ERR,ERR,ERR,ERR,ERR,ERR,ERR,ERR,ERR,ERR,ERR,ERR,ERR,ERR,ERR,ERR,ERR,ERR,ERR,ERR,ERR,ERR,ERR,ERR,ERR,ERR,ERR,ERR,ERR,ERR,ERR,ERR,ERR,ERR,ERR,ERR,ERR,ERR,ERR,ERR,ERR,ERR,ERR,ERR,ERR,ERR,ERR,ERR,ERR,ERR,ERR,ERR,ERR,ERR,ERR,ERR,ERR,ERR,ERR,ERR,ERR,ERR,ERR,ERR,ERR,ERR,ERR,ERR,ERR,ERR,ERR,ERR,ERR,ERR,ERR,ERR,ERR,ERR,ERR,ERR,ERR,ERR,ERR,ERR,ERR,ERR,ERR,ERR,ERR,ERR,ERR,ERR,0.0,0.0,-134474944.0,0.0,0.0,1.3936040501711995e+18,7.805,0.0,0,0,4,0,8422,0.0,45,0.0,0.0,0.0,0.0,0.0,0,0,0,0,0.0,0,0,0,0,0,0,0,0,0,0,0,0,0,0,0,0,0,0,0,0,0,0,0,0,0,0,0,0,0,0,0,0,0,38,14,7,45,65476,0,300,0,0,8,21553,0.0,-107605600.0,0.0,0.0,0.0,0.0,0.0,0.0,0.0,0.0,0.0,0.0,0.0,0.0,0.0,0.0,0.0,0.0,0.0,0.0,0.0,0.0,0.0,0.0,-2.004,2.004,0.0,0.0,0.0,0.0,4979.0,2.004,0.0,0.0,0.0,0.0,-107615304.0,0.0,0.0,0.0,0.0,53,-0.0,-0.0,0.0,0.0,0.0,0.0,0.0,0.0,0.0,0,0,0,0.0,0.0,0.0,0.0,0.0,0.0,0.0,0.0,0.0,0.0,0.0,0.0,0.0,0.0,0.0,0.0,0,-107875648.0,53,0.0,106,-107614832.0,2.7006707062415038e+23,ERR,ERR,ERR,ERR,ERR,ERR,ERR,ERR,ERR,ERR,ERR,ERR,ERR,ERR,ERR,ERR,ERR,ERR,ERR,ERR,ERR,ERR,ERR,ERR,ERR,ERR,ERR,ERR,ERR,ERR,ERR,ERR,ERR,ERR,ERR,ERR,ERR,ERR,ERR,ERR,ERR,ERR,ERR,ERR,ERR,ERR,ERR,ERR,ERR,ERR,ERR,ERR,ERR,ERR,ERR,ERR,ERR,ERR,ERR,ERR,ERR,ERR,ERR,ERR,ERR,ERR,ERR,50.0,60.0,100,0.0,0.0,0.0,0.0,0.0,0.0,0.0,0.0,0.0,0.0,0.0,0.0,0.0,0.0,0.0,0.0,61.6,78,11,65508,50,65476,0,300,0,0,8,20529,65476,0,0,26214,60.0,0.0,0.0,0.0,0.0,0.0
2026-05-17T16:43:25,ERR,ERR,ERR,ERR,ERR,ERR,ERR,ERR,ERR,ERR,ERR,ERR,ERR,ERR,ERR,ERR,ERR,ERR,ERR,ERR,ERR,ERR,ERR,ERR,ERR,ERR,ERR,ERR,ERR,ERR,ERR,ERR,ERR,ERR,ERR,ERR,ERR,ERR,ERR,ERR,ERR,ERR,ERR,ERR,ERR,ERR,ERR,ERR,ERR,ERR,ERR,ERR,ERR,ERR,ERR,ERR,ERR,ERR,ERR,ERR,ERR,ERR,ERR,ERR,ERR,ERR,ERR,ERR,ERR,ERR,ERR,ERR,ERR,ERR,ERR,ERR,ERR,ERR,ERR,ERR,ERR,ERR,ERR,ERR,ERR,ERR,ERR,ERR,ERR,ERR,ERR,ERR,ERR,ERR,ERR,ERR,ERR,ERR,ERR,ERR,ERR,ERR,ERR,ERR,ERR,ERR,ERR,ERR,ERR,ERR,ERR,ERR,ERR,ERR,ERR,ERR,ERR,ERR,ERR,ERR,ERR,ERR,ERR,ERR,ERR,0.0,0.0,-134474944.0,0.0,0.0,1.3936040501711995e+18,7.805,0.0,0,0,4,0,8422,0.0,45,0.0,0.0,0.0,0.0,0.0,0,0,0,0,0.0,0,0,0,0,0,0,0,0,0,0,0,0,0,0,0,0,0,0,0,0,0,0,0,0,0,0,0,0,0,0,0,0,0,38,14,7,45,65476,0,300,0,0,8,21553,0.0,-107605600.0,0.0,0.0,0.0,0.0,0.0,0.0,0.0,0.0,0.0,0.0,0.0,0.0,0.0,0.0,0.0,0.0,0.0,0.0,0.0,0.0,0.0,0.0,-2.004,2.004,0.0,0.0,0.0,0.0,4979.0,2.004,0.0,0.0,0.0,0.0,-107615304.0,0.0,0.0,0.0,0.0,53,-0.0,-0.0,0.0,0.0,0.0,0.0,0.0,0.0,0.0,0,0,0,0.0,0.0,0.0,0.0,0.0,0.0,0.0,0.0,0.0,0.0,0.0,0.0,0.0,0.0,0.0,0.0,0,-107875648.0,53,0.0,106,-107614832.0,2.7006707062415038e+23,ERR,ERR,ERR,ERR,ERR,ERR,ERR,ERR,ERR,ERR,ERR,ERR,ERR,ERR,ERR,ERR,ERR,ERR,ERR,ERR,ERR,ERR,ERR,ERR,ERR,ERR,ERR,ERR,ERR,ERR,ERR,ERR,ERR,ERR,ERR,ERR,ERR,ERR,ERR,ERR,ERR,ERR,ERR,ERR,ERR,ERR,ERR,ERR,ERR,ERR,ERR,ERR,ERR,ERR,ERR,ERR,ERR,ERR,ERR,ERR,ERR,ERR,ERR,ERR,ERR,ERR,ERR,50.0,60.0,100,0.0,0.0,0.0,0.0,0.0,0.0,0.0,0.0,0.0,0.0,0.0,0.0,0.0,0.0,0.0,0.0,61.6,78,11,65508,50,65476,0,300,0,0,8,20529,65476,0,0,26214,60.0,0.0,0.0,0.0,0.0,0.0
2026-05-17T16:43:26,ERR,ERR,ERR,ERR,ERR,ERR,ERR,ERR,ERR,ERR,ERR,ERR,ERR,ERR,ERR,ERR,ERR,ERR,ERR,ERR,ERR,ERR,ERR,ERR,ERR,ERR,ERR,ERR,ERR,ERR,ERR,ERR,ERR,ERR,ERR,ERR,ERR,ERR,ERR,ERR,ERR,ERR,ERR,ERR,ERR,ERR,ERR,ERR,ERR,ERR,ERR,ERR,ERR,ERR,ERR,ERR,ERR,ERR,ERR,ERR,ERR,ERR,ERR,ERR,ERR,ERR,ERR,ERR,ERR,ERR,ERR,ERR,ERR,ERR,ERR,ERR,ERR,ERR,ERR,ERR,ERR,ERR,ERR,ERR,ERR,ERR,ERR,ERR,ERR,ERR,ERR,ERR,ERR,ERR,ERR,ERR,ERR,ERR,ERR,ERR,ERR,ERR,ERR,ERR,ERR,ERR,ERR,ERR,ERR,ERR,ERR,ERR,ERR,ERR,ERR,ERR,ERR,ERR,ERR,ERR,ERR,ERR,ERR,ERR,ERR,0.0,0.0,-134474944.0,0.0,0.0,1.3936040501711995e+18,7.805,0.0,0,0,4,0,8422,0.0,45,0.0,0.0,0.0,0.0,0.0,0,0,0,0,0.0,0,0,0,0,0,0,0,0,0,0,0,0,0,0,0,0,0,0,0,0,0,0,0,0,0,0,0,0,0,0,0,0,0,38,14,7,45,65476,0,300,0,0,8,21553,0.0,-107605600.0,0.0,0.0,0.0,0.0,0.0,0.0,0.0,0.0,0.0,0.0,0.0,0.0,0.0,0.0,0.0,0.0,0.0,0.0,0.0,0.0,0.0,0.0,-2.004,2.004,0.0,0.0,0.0,0.0,4979.0,2.004,0.0,0.0,0.0,0.0,-107615304.0,0.0,0.0,0.0,0.0,53,-0.0,-0.0,0.0,0.0,0.0,0.0,0.0,0.0,0.0,0,0,0,0.0,0.0,0.0,0.0,0.0,0.0,0.0,0.0,0.0,0.0,0.0,0.0,0.0,0.0,0.0,0.0,0,-107875648.0,53,0.0,106,-107614832.0,2.7006707062415038e+23,ERR,ERR,ERR,ERR,ERR,ERR,ERR,ERR,ERR,ERR,ERR,ERR,ERR,ERR,ERR,ERR,ERR,ERR,ERR,ERR,ERR,ERR,ERR,ERR,ERR,ERR,ERR,ERR,ERR,ERR,ERR,ERR,ERR,ERR,ERR,ERR,ERR,ERR,ERR,ERR,ERR,ERR,ERR,ERR,ERR,ERR,ERR,ERR,ERR,ERR,ERR,ERR,ERR,ERR,ERR,ERR,ERR,ERR,ERR,ERR,ERR,ERR,ERR,ERR,ERR,ERR,ERR,50.0,60.0,100,0.0,0.0,0.0,0.0,0.0,0.0,0.0,0.0,0.0,0.0,0.0,0.0,0.0,0.0,0.0,0.0,61.6,78,11,65508,50,65476,0,300,0,0,8,20529,65476,0,0,26214,60.0,0.0,0.0,0.0,0.0,0.0
2026-05-17T16:43:27,ERR,ERR,ERR,ERR,ERR,ERR,ERR,ERR,ERR,ERR,ERR,ERR,ERR,ERR,ERR,ERR,ERR,ERR,ERR,ERR,ERR,ERR,ERR,ERR,ERR,ERR,ERR,ERR,ERR,ERR,ERR,ERR,ERR,ERR,ERR,ERR,ERR,ERR,ERR,ERR,ERR,ERR,ERR,ERR,ERR,ERR,ERR,ERR,ERR,ERR,ERR,ERR,ERR,ERR,ERR,ERR,ERR,ERR,ERR,ERR,ERR,ERR,ERR,ERR,ERR,ERR,ERR,ERR,ERR,ERR,ERR,ERR,ERR,ERR,ERR,ERR,ERR,ERR,ERR,ERR,ERR,ERR,ERR,ERR,ERR,ERR,ERR,ERR,ERR,ERR,ERR,ERR,ERR,ERR,ERR,ERR,ERR,ERR,ERR,ERR,ERR,ERR,ERR,ERR,ERR,ERR,ERR,ERR,ERR,ERR,ERR,ERR,ERR,ERR,ERR,ERR,ERR,ERR,ERR,ERR,ERR,ERR,ERR,ERR,ERR,0.0,0.0,-134474944.0,0.0,0.0,1.3936040501711995e+18,7.805,0.0,0,0,4,0,8422,0.0,45,0.0,0.0,0.0,0.0,0.0,0,0,0,0,0.0,0,0,0,0,0,0,0,0,0,0,0,0,0,0,0,0,0,0,0,0,0,0,0,0,0,0,0,0,0,0,0,0,0,38,14,7,45,65476,0,300,0,0,8,21553,0.0,-107605600.0,0.0,0.0,0.0,0.0,0.0,0.0,0.0,0.0,0.0,0.0,0.0,0.0,0.0,0.0,0.0,0.0,0.0,0.0,0.0,0.0,0.0,0.0,-2.004,2.004,0.0,0.0,0.0,0.0,4975.0,8608181248.0,0.0,0.0,0.0,0.0,-107615304.0,0.0,0.0,0.0,0.0,53,2.3088403658719416e+20,-107614768.0,0.0,0.0,0.0,0.0,0.0,0.0,0.0,0,0,0,0.0,0.0,0.0,0.0,0.0,0.0,0.0,0.0,0.0,0.0,0.0,0.0,0.0,0.0,0.0,0.0,0,-107875648.0,53,0.0,106,-107614832.0,2.7006707062415038e+23,ERR,ERR,ERR,ERR,ERR,ERR,ERR,ERR,ERR,ERR,ERR,ERR,ERR,ERR,ERR,ERR,ERR,ERR,ERR,ERR,ERR,ERR,ERR,ERR,ERR,ERR,ERR,ERR,ERR,ERR,ERR,ERR,ERR,ERR,ERR,ERR,ERR,ERR,ERR,ERR,ERR,ERR,ERR,ERR,ERR,ERR,ERR,ERR,ERR,ERR,ERR,ERR,ERR,ERR,ERR,ERR,ERR,ERR,ERR,ERR,ERR,ERR,ERR,ERR,ERR,ERR,ERR,50.0,60.0,100,0.0,0.0,0.0,0.0,0.0,0.0,0.0,0.0,0.0,0.0,0.0,0.0,0.0,0.0,0.0,0.0,61.6,78,11,65508,50,65476,0,300,0,0,8,20529,65476,0,0,26214,60.0,0.0,0.0,0.0,0.0,0.0
2026-05-17T16:43:28,ERR,ERR,ERR,ERR,ERR,ERR,ERR,ERR,ERR,ERR,ERR,ERR,ERR,ERR,ERR,ERR,ERR,ERR,ERR,ERR,ERR,ERR,ERR,ERR,ERR,ERR,ERR,ERR,ERR,ERR,ERR,ERR,ERR,ERR,ERR,ERR,ERR,ERR,ERR,ERR,ERR,ERR,ERR,ERR,ERR,ERR,ERR,ERR,ERR,ERR,ERR,ERR,ERR,ERR,ERR,ERR,ERR,ERR,ERR,ERR,ERR,ERR,ERR,ERR,ERR,ERR,ERR,ERR,ERR,ERR,ERR,ERR,ERR,ERR,ERR,ERR,ERR,ERR,ERR,ERR,ERR,ERR,ERR,ERR,ERR,ERR,ERR,ERR,ERR,ERR,ERR,ERR,ERR,ERR,ERR,ERR,ERR,ERR,ERR,ERR,ERR,ERR,ERR,ERR,ERR,ERR,ERR,ERR,ERR,ERR,ERR,ERR,ERR,ERR,ERR,ERR,ERR,ERR,ERR,ERR,ERR,ERR,ERR,ERR,ERR,0.0,0.0,-134474944.0,0.0,0.0,1.3936040501711995e+18,7.805,0.0,0,0,4,0,8422,0.0,45,0.0,0.0,0.0,0.0,0.0,0,0,0,0,0.0,0,0,0,0,0,0,0,0,0,0,0,0,0,0,0,0,0,0,0,0,0,0,0,0,0,0,0,0,0,0,0,0,0,38,14,7,45,65476,0,300,0,0,8,21553,0.0,-107605600.0,0.0,0.0,0.0,0.0,0.0,0.0,0.0,0.0,0.0,0.0,0.0,0.0,0.0,0.0,0.0,0.0,0.0,0.0,0.0,0.0,0.0,0.0,-2.004,2.004,0.0,0.0,0.0,0.0,4975.0,8608181248.0,0.0,0.0,0.0,0.0,-107615304.0,0.0,0.0,0.0,0.0,53,2.3088403658719416e+20,-107614768.0,0.0,0.0,0.0,0.0,0.0,0.0,0.0,0,0,0,0.0,0.0,0.0,0.0,0.0,0.0,0.0,0.0,0.0,0.0,0.0,0.0,0.0,0.0,0.0,0.0,0,-107875648.0,53,0.0,106,-107614832.0,2.7006707062415038e+23,ERR,ERR,ERR,ERR,ERR,ERR,ERR,ERR,ERR,ERR,ERR,ERR,ERR,ERR,ERR,ERR,ERR,ERR,ERR,ERR,ERR,ERR,ERR,ERR,ERR,ERR,ERR,ERR,ERR,ERR,ERR,ERR,ERR,ERR,ERR,ERR,ERR,ERR,ERR,ERR,ERR,ERR,ERR,ERR,ERR,ERR,ERR,ERR,ERR,ERR,ERR,ERR,ERR,ERR,ERR,ERR,ERR,ERR,ERR,ERR,ERR,ERR,ERR,ERR,ERR,ERR,ERR,50.0,60.0,100,0.0,0.0,0.0,0.0,0.0,0.0,0.0,0.0,0.0,0.0,0.0,0.0,0.0,0.0,0.0,0.0,61.6,78,11,65508,50,65476,0,300,0,0,8,20529,65476,0,0,26214,60.0,0.0,0.0,0.0,0.0,0.0
2026-05-17T16:43:29,ERR,ERR,ERR,ERR,ERR,ERR,ERR,ERR,ERR,ERR,ERR,ERR,ERR,ERR,ERR,ERR,ERR,ERR,ERR,ERR,ERR,ERR,ERR,ERR,ERR,ERR,ERR,ERR,ERR,ERR,ERR,ERR,ERR,ERR,ERR,ERR,ERR,ERR,ERR,ERR,ERR,ERR,ERR,ERR,ERR,ERR,ERR,ERR,ERR,ERR,ERR,ERR,ERR,ERR,ERR,ERR,ERR,ERR,ERR,ERR,ERR,ERR,ERR,ERR,ERR,ERR,ERR,ERR,ERR,ERR,ERR,ERR,ERR,ERR,ERR,ERR,ERR,ERR,ERR,ERR,ERR,ERR,ERR,ERR,ERR,ERR,ERR,ERR,ERR,ERR,ERR,ERR,ERR,ERR,ERR,ERR,ERR,ERR,ERR,ERR,ERR,ERR,ERR,ERR,ERR,ERR,ERR,ERR,ERR,ERR,ERR,ERR,ERR,ERR,ERR,ERR,ERR,ERR,ERR,ERR,ERR,ERR,ERR,ERR,ERR,0.0,0.0,-134474944.0,0.0,0.0,1.3936040501711995e+18,7.805,0.0,0,0,4,0,8422,0.0,45,0.0,0.0,0.0,0.0,0.0,0,0,0,0,0.0,0,0,0,0,0,0,0,0,0,0,0,0,0,0,0,0,0,0,0,0,0,0,0,0,0,0,0,0,0,0,0,0,0,38,14,7,45,65476,0,300,0,0,8,21553,0.0,-107605600.0,0.0,0.0,0.0,0.0,0.0,0.0,0.0,0.0,0.0,0.0,0.0,0.0,0.0,0.0,0.0,0.0,0.0,0.0,0.0,0.0,0.0,0.0,-2.004,2.004,0.0,0.0,0.0,0.0,4975.0,8608181248.0,0.0,0.0,0.0,0.0,-107615304.0,0.0,0.0,0.0,0.0,53,2.3088403658719416e+20,-107614768.0,0.0,0.0,0.0,0.0,0.0,0.0,0.0,0,0,0,0.0,0.0,0.0,0.0,0.0,0.0,0.0,0.0,0.0,0.0,0.0,0.0,0.0,0.0,0.0,0.0,0,-107875648.0,53,0.0,106,-107614832.0,2.7006707062415038e+23,ERR,ERR,ERR,ERR,ERR,ERR,ERR,ERR,ERR,ERR,ERR,ERR,ERR,ERR,ERR,ERR,ERR,ERR,ERR,ERR,ERR,ERR,ERR,ERR,ERR,ERR,ERR,ERR,ERR,ERR,ERR,ERR,ERR,ERR,ERR,ERR,ERR,ERR,ERR,ERR,ERR,ERR,ERR,ERR,ERR,ERR,ERR,ERR,ERR,ERR,ERR,ERR,ERR,ERR,ERR,ERR,ERR,ERR,ERR,ERR,ERR,ERR,ERR,ERR,ERR,ERR,ERR,50.0,60.0,100,0.0,0.0,0.0,0.0,0.0,0.0,0.0,0.0,0.0,0.0,0.0,0.0,0.0,0.0,0.0,0.0,61.6,78,11,65508,50,65476,0,300,0,0,8,20529,65476,0,0,26214,60.0,0.0,0.0,0.0,0.0,0.0
2026-05-17T16:43:30,ERR,ERR,ERR,ERR,ERR,ERR,ERR,ERR,ERR,ERR,ERR,ERR,ERR,ERR,ERR,ERR,ERR,ERR,ERR,ERR,ERR,ERR,ERR,ERR,ERR,ERR,ERR,ERR,ERR,ERR,ERR,ERR,ERR,ERR,ERR,ERR,ERR,ERR,ERR,ERR,ERR,ERR,ERR,ERR,ERR,ERR,ERR,ERR,ERR,ERR,ERR,ERR,ERR,ERR,ERR,ERR,ERR,ERR,ERR,ERR,ERR,ERR,ERR,ERR,ERR,ERR,ERR,ERR,ERR,ERR,ERR,ERR,ERR,ERR,ERR,ERR,ERR,ERR,ERR,ERR,ERR,ERR,ERR,ERR,ERR,ERR,ERR,ERR,ERR,ERR,ERR,ERR,ERR,ERR,ERR,ERR,ERR,ERR,ERR,ERR,ERR,ERR,ERR,ERR,ERR,ERR,ERR,ERR,ERR,ERR,ERR,ERR,ERR,ERR,ERR,ERR,ERR,ERR,ERR,ERR,ERR,ERR,ERR,ERR,ERR,0.0,0.0,-134474944.0,0.0,0.0,1.3936040501711995e+18,7.805,0.0,0,0,4,0,8422,0.0,45,0.0,0.0,0.0,0.0,0.0,0,0,0,0,0.0,0,0,0,0,0,0,0,0,0,0,0,0,0,0,0,0,0,0,0,0,0,0,0,0,0,0,0,0,0,0,0,0,0,38,14,7,45,65476,0,300,0,0,8,21553,0.0,-107605600.0,0.0,0.0,0.0,0.0,0.0,0.0,0.0,0.0,0.0,0.0,0.0,0.0,0.0,0.0,0.0,0.0,0.0,0.0,0.0,0.0,0.0,0.0,-2.004,2.004,0.0,0.0,0.0,0.0,4975.0,8608181248.0,0.0,0.0,0.0,0.0,-107615304.0,0.0,0.0,0.0,0.0,53,2.3088403658719416e+20,-107614768.0,0.0,0.0,0.0,0.0,0.0,0.0,0.0,0,0,0,0.0,0.0,0.0,0.0,0.0,0.0,0.0,0.0,0.0,0.0,0.0,0.0,0.0,0.0,0.0,0.0,0,-107875648.0,53,0.0,106,-107614832.0,2.7006707062415038e+23,ERR,ERR,ERR,ERR,ERR,ERR,ERR,ERR,ERR,ERR,ERR,ERR,ERR,ERR,ERR,ERR,ERR,ERR,ERR,ERR,ERR,ERR,ERR,ERR,ERR,ERR,ERR,ERR,ERR,ERR,ERR,ERR,ERR,ERR,ERR,ERR,ERR,ERR,ERR,ERR,ERR,ERR,ERR,ERR,ERR,ERR,ERR,ERR,ERR,ERR,ERR,ERR,ERR,ERR,ERR,ERR,ERR,ERR,ERR,ERR,ERR,ERR,ERR,ERR,ERR,ERR,ERR,50.0,60.0,100,0.0,0.0,0.0,0.0,0.0,0.0,0.0,0.0,0.0,0.0,0.0,0.0,0.0,0.0,0.0,0.0,61.6,78,11,65508,50,65476,0,300,0,0,8,20529,65476,0,0,26214,60.0,0.0,0.0,0.0,0.0,0.0
2026-05-17T16:43:31,ERR,ERR,ERR,ERR,ERR,ERR,ERR,ERR,ERR,ERR,ERR,ERR,ERR,ERR,ERR,ERR,ERR,ERR,ERR,ERR,ERR,ERR,ERR,ERR,ERR,ERR,ERR,ERR,ERR,ERR,ERR,ERR,ERR,ERR,ERR,ERR,ERR,ERR,ERR,ERR,ERR,ERR,ERR,ERR,ERR,ERR,ERR,ERR,ERR,ERR,ERR,ERR,ERR,ERR,ERR,ERR,ERR,ERR,ERR,ERR,ERR,ERR,ERR,ERR,ERR,ERR,ERR,ERR,ERR,ERR,ERR,ERR,ERR,ERR,ERR,ERR,ERR,ERR,ERR,ERR,ERR,ERR,ERR,ERR,ERR,ERR,ERR,ERR,ERR,ERR,ERR,ERR,ERR,ERR,ERR,ERR,ERR,ERR,ERR,ERR,ERR,ERR,ERR,ERR,ERR,ERR,ERR,ERR,ERR,ERR,ERR,ERR,ERR,ERR,ERR,ERR,ERR,ERR,ERR,ERR,ERR,ERR,ERR,ERR,ERR,0.0,0.0,-134474944.0,0.0,0.0,1.3936040501711995e+18,7.805,0.0,0,0,4,0,8422,0.0,45,0.0,0.0,0.0,0.0,0.0,0,0,0,0,0.0,0,0,0,0,0,0,0,0,0,0,0,0,0,0,0,0,0,0,0,0,0,0,0,0,0,0,0,0,0,0,0,0,0,38,14,7,45,65476,0,300,0,0,8,21553,0.0,-107605600.0,0.0,0.0,0.0,0.0,0.0,0.0,0.0,0.0,0.0,0.0,0.0,0.0,0.0,0.0,0.0,0.0,0.0,0.0,0.0,0.0,0.0,0.0,-2.004,2.004,0.0,0.0,0.0,0.0,4975.0,8608181248.0,0.0,0.0,0.0,0.0,-107615304.0,0.0,0.0,0.0,0.0,53,2.3088403658719416e+20,-107614768.0,0.0,0.0,0.0,0.0,0.0,0.0,0.0,0,0,0,0.0,0.0,0.0,0.0,0.0,0.0,0.0,0.0,0.0,0.0,0.0,0.0,0.0,0.0,0.0,0.0,0,-107875648.0,53,0.0,106,-107614832.0,2.7006707062415038e+23,ERR,ERR,ERR,ERR,ERR,ERR,ERR,ERR,ERR,ERR,ERR,ERR,ERR,ERR,ERR,ERR,ERR,ERR,ERR,ERR,ERR,ERR,ERR,ERR,ERR,ERR,ERR,ERR,ERR,ERR,ERR,ERR,ERR,ERR,ERR,ERR,ERR,ERR,ERR,ERR,ERR,ERR,ERR,ERR,ERR,ERR,ERR,ERR,ERR,ERR,ERR,ERR,ERR,ERR,ERR,ERR,ERR,ERR,ERR,ERR,ERR,ERR,ERR,ERR,ERR,ERR,ERR,50.0,60.0,100,0.0,0.0,0.0,0.0,0.0,0.0,0.0,0.0,0.0,0.0,0.0,0.0,0.0,0.0,0.0,0.0,62.0,78,11,65508,50,65476,0,300,0,0,8,20529,65476,0,0,26214,60.0,0.0,0.0,0.0,0.0,0.0
2026-05-17T16:43:32,ERR,ERR,ERR,ERR,ERR,ERR,ERR,ERR,ERR,ERR,ERR,ERR,ERR,ERR,ERR,ERR,ERR,ERR,ERR,ERR,ERR,ERR,ERR,ERR,ERR,ERR,ERR,ERR,ERR,ERR,ERR,ERR,ERR,ERR,ERR,ERR,ERR,ERR,ERR,ERR,ERR,ERR,ERR,ERR,ERR,ERR,ERR,ERR,ERR,ERR,ERR,ERR,ERR,ERR,ERR,ERR,ERR,ERR,ERR,ERR,ERR,ERR,ERR,ERR,ERR,ERR,ERR,ERR,ERR,ERR,ERR,ERR,ERR,ERR,ERR,ERR,ERR,ERR,ERR,ERR,ERR,ERR,ERR,ERR,ERR,ERR,ERR,ERR,ERR,ERR,ERR,ERR,ERR,ERR,ERR,ERR,ERR,ERR,ERR,ERR,ERR,ERR,ERR,ERR,ERR,ERR,ERR,ERR,ERR,ERR,ERR,ERR,ERR,ERR,ERR,ERR,ERR,ERR,ERR,ERR,ERR,ERR,ERR,ERR,ERR,0.0,0.0,-134474944.0,0.0,0.0,1.3936040501711995e+18,7.805,0.0,0,0,4,0,8422,0.0,45,0.0,0.0,0.0,0.0,0.0,0,0,0,0,0.0,0,0,0,0,0,0,0,0,0,0,0,0,0,0,0,0,0,0,0,0,0,0,0,0,0,0,0,0,0,0,0,0,0,38,14,7,45,65476,0,300,0,0,8,21553,0.0,-107605600.0,0.0,0.0,0.0,0.0,0.0,0.0,0.0,0.0,0.0,0.0,0.0,0.0,0.0,0.0,0.0,0.0,0.0,0.0,0.0,0.0,0.0,0.0,-2.004,2.004,0.0,0.0,0.0,0.0,4980.0,-1.587929164219617e+29,0.0,0.0,0.0,0.0,-107615304.0,0.0,0.0,0.0,0.0,53,5.848083413016271e+35,-0.0,0.0,0.0,0.0,0.0,0.0,0.0,0.0,0,0,0,0.0,0.0,0.0,0.0,0.0,0.0,0.0,0.0,0.0,0.0,0.0,0.0,0.0,0.0,0.0,0.0,0,-107875648.0,53,0.0,106,-107614832.0,2.7006707062415038e+23,ERR,ERR,ERR,ERR,ERR,ERR,ERR,ERR,ERR,ERR,ERR,ERR,ERR,ERR,ERR,ERR,ERR,ERR,ERR,ERR,ERR,ERR,ERR,ERR,ERR,ERR,ERR,ERR,ERR,ERR,ERR,ERR,ERR,ERR,ERR,ERR,ERR,ERR,ERR,ERR,ERR,ERR,ERR,ERR,ERR,ERR,ERR,ERR,ERR,ERR,ERR,ERR,ERR,ERR,ERR,ERR,ERR,ERR,ERR,ERR,ERR,ERR,ERR,ERR,ERR,ERR,ERR,50.0,60.0,100,0.0,0.0,0.0,0.0,0.0,0.0,0.0,0.0,0.0,0.0,0.0,0.0,0.0,0.0,0.0,0.0,62.0,78,11,65508,50,65476,0,300,0,0,8,20529,65476,0,0,26214,60.0,0.0,0.0,0.0,0.0,0.0
2026-05-17T16:43:33,ERR,ERR,ERR,ERR,ERR,ERR,ERR,ERR,ERR,ERR,ERR,ERR,ERR,ERR,ERR,ERR,ERR,ERR,ERR,ERR,ERR,ERR,ERR,ERR,ERR,ERR,ERR,ERR,ERR,ERR,ERR,ERR,ERR,ERR,ERR,ERR,ERR,ERR,ERR,ERR,ERR,ERR,ERR,ERR,ERR,ERR,ERR,ERR,ERR,ERR,ERR,ERR,ERR,ERR,ERR,ERR,ERR,ERR,ERR,ERR,ERR,ERR,ERR,ERR,ERR,ERR,ERR,ERR,ERR,ERR,ERR,ERR,ERR,ERR,ERR,ERR,ERR,ERR,ERR,ERR,ERR,ERR,ERR,ERR,ERR,ERR,ERR,ERR,ERR,ERR,ERR,ERR,ERR,ERR,ERR,ERR,ERR,ERR,ERR,ERR,ERR,ERR,ERR,ERR,ERR,ERR,ERR,ERR,ERR,ERR,ERR,ERR,ERR,ERR,ERR,ERR,ERR,ERR,ERR,ERR,ERR,ERR,ERR,ERR,ERR,0.0,0.0,-134474944.0,0.0,0.0,1.3936040501711995e+18,7.805,0.0,0,0,4,0,8422,0.0,45,0.0,0.0,0.0,0.0,0.0,0,0,0,0,0.0,0,0,0,0,0,0,0,0,0,0,0,0,0,0,0,0,0,0,0,0,0,0,0,0,0,0,0,0,0,0,0,0,0,38,14,7,45,65476,0,300,0,0,8,21553,0.0,-107605600.0,0.0,0.0,0.0,0.0,0.0,0.0,0.0,0.0,0.0,0.0,0.0,0.0,0.0,0.0,0.0,0.0,0.0,0.0,0.0,0.0,0.0,0.0,-2.004,2.004,0.0,0.0,0.0,0.0,4980.0,-1.587929164219617e+29,0.0,0.0,0.0,0.0,-107615304.0,0.0,0.0,0.0,0.0,53,5.848083413016271e+35,-0.0,0.0,0.0,0.0,0.0,0.0,0.0,0.0,0,0,0,0.0,0.0,0.0,0.0,0.0,0.0,0.0,0.0,0.0,0.0,0.0,0.0,0.0,0.0,0.0,0.0,0,-107875648.0,53,0.0,106,-107614832.0,2.7006707062415038e+23,ERR,ERR,ERR,ERR,ERR,ERR,ERR,ERR,ERR,ERR,ERR,ERR,ERR,ERR,ERR,ERR,ERR,ERR,ERR,ERR,ERR,ERR,ERR,ERR,ERR,ERR,ERR,ERR,ERR,ERR,ERR,ERR,ERR,ERR,ERR,ERR,ERR,ERR,ERR,ERR,ERR,ERR,ERR,ERR,ERR,ERR,ERR,ERR,ERR,ERR,ERR,ERR,ERR,ERR,ERR,ERR,ERR,ERR,ERR,ERR,ERR,ERR,ERR,ERR,ERR,ERR,ERR,50.0,60.0,100,0.0,0.0,0.0,0.0,0.0,0.0,0.0,0.0,0.0,0.0,0.0,0.0,0.0,0.0,0.0,0.0,62.0,78,11,65508,50,65476,0,300,0,0,8,20529,65476,0,0,26214,60.0,0.0,0.0,0.0,0.0,0.0
2026-05-17T16:43:34,ERR,ERR,ERR,ERR,ERR,ERR,ERR,ERR,ERR,ERR,ERR,ERR,ERR,ERR,ERR,ERR,ERR,ERR,ERR,ERR,ERR,ERR,ERR,ERR,ERR,ERR,ERR,ERR,ERR,ERR,ERR,ERR,ERR,ERR,ERR,ERR,ERR,ERR,ERR,ERR,ERR,ERR,ERR,ERR,ERR,ERR,ERR,ERR,ERR,ERR,ERR,ERR,ERR,ERR,ERR,ERR,ERR,ERR,ERR,ERR,ERR,ERR,ERR,ERR,ERR,ERR,ERR,ERR,ERR,ERR,ERR,ERR,ERR,ERR,ERR,ERR,ERR,ERR,ERR,ERR,ERR,ERR,ERR,ERR,ERR,ERR,ERR,ERR,ERR,ERR,ERR,ERR,ERR,ERR,ERR,ERR,ERR,ERR,ERR,ERR,ERR,ERR,ERR,ERR,ERR,ERR,ERR,ERR,ERR,ERR,ERR,ERR,ERR,ERR,ERR,ERR,ERR,ERR,ERR,ERR,ERR,ERR,ERR,ERR,ERR,0.0,0.0,-134474944.0,0.0,0.0,1.3936040501711995e+18,7.805,0.0,0,0,4,0,8422,0.0,45,0.0,0.0,0.0,0.0,0.0,0,0,0,0,0.0,0,0,0,0,0,0,0,0,0,0,0,0,0,0,0,0,0,0,0,0,0,0,0,0,0,0,0,0,0,0,0,0,0,38,14,7,45,65476,0,300,0,0,8,21553,0.0,-107605600.0,0.0,0.0,0.0,0.0,0.0,0.0,0.0,0.0,0.0,0.0,0.0,0.0,0.0,0.0,0.0,0.0,0.0,0.0,0.0,0.0,0.0,0.0,-2.004,2.004,0.0,0.0,0.0,0.0,4980.0,-1.587929164219617e+29,0.0,0.0,0.0,0.0,-107615304.0,0.0,0.0,0.0,0.0,53,5.848083413016271e+35,-0.0,0.0,0.0,0.0,0.0,0.0,0.0,0.0,0,0,0,0.0,0.0,0.0,0.0,0.0,0.0,0.0,0.0,0.0,0.0,0.0,0.0,0.0,0.0,0.0,0.0,0,-107875648.0,53,0.0,106,-107614832.0,2.7006707062415038e+23,ERR,ERR,ERR,ERR,ERR,ERR,ERR,ERR,ERR,ERR,ERR,ERR,ERR,ERR,ERR,ERR,ERR,ERR,ERR,ERR,ERR,ERR,ERR,ERR,ERR,ERR,ERR,ERR,ERR,ERR,ERR,ERR,ERR,ERR,ERR,ERR,ERR,ERR,ERR,ERR,ERR,ERR,ERR,ERR,ERR,ERR,ERR,ERR,ERR,ERR,ERR,ERR,ERR,ERR,ERR,ERR,ERR,ERR,ERR,ERR,ERR,ERR,ERR,ERR,ERR,ERR,ERR,50.0,60.0,100,0.0,0.0,0.0,0.0,0.0,0.0,0.0,0.0,0.0,0.0,0.0,0.0,0.0,0.0,0.0,0.0,62.0,78,11,65508,50,65476,0,300,0,0,8,20529,65476,0,0,26214,60.0,0.0,0.0,0.0,0.0,0.0
2026-05-17T16:43:35,ERR,ERR,ERR,ERR,ERR,ERR,ERR,ERR,ERR,ERR,ERR,ERR,ERR,ERR,ERR,ERR,ERR,ERR,ERR,ERR,ERR,ERR,ERR,ERR,ERR,ERR,ERR,ERR,ERR,ERR,ERR,ERR,ERR,ERR,ERR,ERR,ERR,ERR,ERR,ERR,ERR,ERR,ERR,ERR,ERR,ERR,ERR,ERR,ERR,ERR,ERR,ERR,ERR,ERR,ERR,ERR,ERR,ERR,ERR,ERR,ERR,ERR,ERR,ERR,ERR,ERR,ERR,ERR,ERR,ERR,ERR,ERR,ERR,ERR,ERR,ERR,ERR,ERR,ERR,ERR,ERR,ERR,ERR,ERR,ERR,ERR,ERR,ERR,ERR,ERR,ERR,ERR,ERR,ERR,ERR,ERR,ERR,ERR,ERR,ERR,ERR,ERR,ERR,ERR,ERR,ERR,ERR,ERR,ERR,ERR,ERR,ERR,ERR,ERR,ERR,ERR,ERR,ERR,ERR,ERR,ERR,ERR,ERR,ERR,ERR,0.0,0.0,-134474944.0,0.0,0.0,1.3936040501711995e+18,7.805,0.0,0,0,4,0,8422,0.0,45,0.0,0.0,0.0,0.0,0.0,0,0,0,0,0.0,0,0,0,0,0,0,0,0,0,0,0,0,0,0,0,0,0,0,0,0,0,0,0,0,0,0,0,0,0,0,0,0,0,38,14,7,45,65476,0,300,0,0,8,21553,0.0,-107605600.0,0.0,0.0,0.0,0.0,0.0,0.0,0.0,0.0,0.0,0.0,0.0,0.0,0.0,0.0,0.0,0.0,0.0,0.0,0.0,0.0,0.0,0.0,-2.004,2.004,0.0,0.0,0.0,0.0,4980.0,-1.587929164219617e+29,0.0,0.0,0.0,0.0,-107615304.0,0.0,0.0,0.0,0.0,53,5.848083413016271e+35,-0.0,0.0,0.0,0.0,0.0,0.0,0.0,0.0,0,0,0,0.0,0.0,0.0,0.0,0.0,0.0,0.0,0.0,0.0,0.0,0.0,0.0,0.0,0.0,0.0,0.0,0,-107875648.0,53,0.0,106,-107614832.0,2.7006707062415038e+23,ERR,ERR,ERR,ERR,ERR,ERR,ERR,ERR,ERR,ERR,ERR,ERR,ERR,ERR,ERR,ERR,ERR,ERR,ERR,ERR,ERR,ERR,ERR,ERR,ERR,ERR,ERR,ERR,ERR,ERR,ERR,ERR,ERR,ERR,ERR,ERR,ERR,ERR,ERR,ERR,ERR,ERR,ERR,ERR,ERR,ERR,ERR,ERR,ERR,ERR,ERR,ERR,ERR,ERR,ERR,ERR,ERR,ERR,ERR,ERR,ERR,ERR,ERR,ERR,ERR,ERR,ERR,50.0,60.0,100,0.0,0.0,0.0,0.0,0.0,0.0,0.0,0.0,0.0,0.0,0.0,0.0,0.0,0.0,0.0,0.0,61.6,78,11,65508,50,65476,0,300,0,0,8,20529,65476,0,0,26214,60.0,0.0,0.0,0.0,0.0,0.0
2026-05-17T16:43:36,ERR,ERR,ERR,ERR,ERR,ERR,ERR,ERR,ERR,ERR,ERR,ERR,ERR,ERR,ERR,ERR,ERR,ERR,ERR,ERR,ERR,ERR,ERR,ERR,ERR,ERR,ERR,ERR,ERR,ERR,ERR,ERR,ERR,ERR,ERR,ERR,ERR,ERR,ERR,ERR,ERR,ERR,ERR,ERR,ERR,ERR,ERR,ERR,ERR,ERR,ERR,ERR,ERR,ERR,ERR,ERR,ERR,ERR,ERR,ERR,ERR,ERR,ERR,ERR,ERR,ERR,ERR,ERR,ERR,ERR,ERR,ERR,ERR,ERR,ERR,ERR,ERR,ERR,ERR,ERR,ERR,ERR,ERR,ERR,ERR,ERR,ERR,ERR,ERR,ERR,ERR,ERR,ERR,ERR,ERR,ERR,ERR,ERR,ERR,ERR,ERR,ERR,ERR,ERR,ERR,ERR,ERR,ERR,ERR,ERR,ERR,ERR,ERR,ERR,ERR,ERR,ERR,ERR,ERR,ERR,ERR,ERR,ERR,ERR,ERR,0.0,0.0,-134474944.0,0.0,0.0,1.3936040501711995e+18,7.805,0.0,0,0,4,0,8422,0.0,45,0.0,0.0,0.0,0.0,0.0,0,0,0,0,0.0,0,0,0,0,0,0,0,0,0,0,0,0,0,0,0,0,0,0,0,0,0,0,0,0,0,0,0,0,0,0,0,0,0,38,14,7,45,65476,0,300,0,0,8,21553,0.0,-107605600.0,0.0,0.0,0.0,0.0,0.0,0.0,0.0,0.0,0.0,0.0,0.0,0.0,0.0,0.0,0.0,0.0,0.0,0.0,0.0,0.0,0.0,0.0,-2.004,2.004,0.0,0.0,0.0,0.0,4980.0,-1.587929164219617e+29,0.0,0.0,0.0,0.0,-107615304.0,0.0,0.0,0.0,0.0,53,5.848083413016271e+35,-0.0,0.0,0.0,0.0,0.0,0.0,0.0,0.0,0,0,0,0.0,0.0,0.0,0.0,0.0,0.0,0.0,0.0,0.0,0.0,0.0,0.0,0.0,0.0,0.0,0.0,0,-107875648.0,53,0.0,106,-107614832.0,2.7006707062415038e+23,ERR,ERR,ERR,ERR,ERR,ERR,ERR,ERR,ERR,ERR,ERR,ERR,ERR,ERR,ERR,ERR,ERR,ERR,ERR,ERR,ERR,ERR,ERR,ERR,ERR,ERR,ERR,ERR,ERR,ERR,ERR,ERR,ERR,ERR,ERR,ERR,ERR,ERR,ERR,ERR,ERR,ERR,ERR,ERR,ERR,ERR,ERR,ERR,ERR,ERR,ERR,ERR,ERR,ERR,ERR,ERR,ERR,ERR,ERR,ERR,ERR,ERR,ERR,ERR,ERR,ERR,ERR,50.0,60.0,100,0.0,0.0,0.0,0.0,0.0,0.0,0.0,0.0,0.0,0.0,0.0,0.0,0.0,0.0,0.0,0.0,61.6,78,11,65508,50,65476,0,300,0,0,8,20529,65476,0,0,26214,60.0,0.0,0.0,0.0,0.0,0.0
2026-05-17T16:43:37,ERR,ERR,ERR,ERR,ERR,ERR,ERR,ERR,ERR,ERR,ERR,ERR,ERR,ERR,ERR,ERR,ERR,ERR,ERR,ERR,ERR,ERR,ERR,ERR,ERR,ERR,ERR,ERR,ERR,ERR,ERR,ERR,ERR,ERR,ERR,ERR,ERR,ERR,ERR,ERR,ERR,ERR,ERR,ERR,ERR,ERR,ERR,ERR,ERR,ERR,ERR,ERR,ERR,ERR,ERR,ERR,ERR,ERR,ERR,ERR,ERR,ERR,ERR,ERR,ERR,ERR,ERR,ERR,ERR,ERR,ERR,ERR,ERR,ERR,ERR,ERR,ERR,ERR,ERR,ERR,ERR,ERR,ERR,ERR,ERR,ERR,ERR,ERR,ERR,ERR,ERR,ERR,ERR,ERR,ERR,ERR,ERR,ERR,ERR,ERR,ERR,ERR,ERR,ERR,ERR,ERR,ERR,ERR,ERR,ERR,ERR,ERR,ERR,ERR,ERR,ERR,ERR,ERR,ERR,ERR,ERR,ERR,ERR,ERR,ERR,0.0,0.0,-134474944.0,0.0,0.0,1.3936040501711995e+18,7.805,0.0,0,0,4,0,8422,0.0,45,0.0,0.0,0.0,0.0,0.0,0,0,0,0,0.0,0,0,0,0,0,0,0,0,0,0,0,0,0,0,0,0,0,0,0,0,0,0,0,0,0,0,0,0,0,0,0,0,0,38,14,7,45,65476,0,300,0,0,8,21553,0.0,-107605600.0,0.0,0.0,0.0,0.0,0.0,0.0,0.0,0.0,0.0,0.0,0.0,0.0,0.0,0.0,0.0,0.0,0.0,0.0,0.0,0.0,0.0,0.0,-2.004,2.004,0.0,0.0,0.0,0.0,5012.0,-2.004,0.0,0.0,0.0,0.0,-107615304.0,0.0,0.0,0.0,0.0,53,5.848083413016271e+35,-0.0,0.0,0.0,0.0,0.0,0.0,0.0,0.0,0,0,0,0.0,0.0,0.0,0.0,0.0,0.0,0.0,0.0,0.0,0.0,0.0,0.0,0.0,0.0,0.0,0.0,0,-107875648.0,53,0.0,106,-107614832.0,2.7006707062415038e+23,ERR,ERR,ERR,ERR,ERR,ERR,ERR,ERR,ERR,ERR,ERR,ERR,ERR,ERR,ERR,ERR,ERR,ERR,ERR,ERR,ERR,ERR,ERR,ERR,ERR,ERR,ERR,ERR,ERR,ERR,ERR,ERR,ERR,ERR,ERR,ERR,ERR,ERR,ERR,ERR,ERR,ERR,ERR,ERR,ERR,ERR,ERR,ERR,ERR,ERR,ERR,ERR,ERR,ERR,ERR,ERR,ERR,ERR,ERR,ERR,ERR,ERR,ERR,ERR,ERR,ERR,ERR,50.0,60.0,100,0.0,0.0,0.0,0.0,0.0,0.0,0.0,0.0,0.0,0.0,0.0,0.0,0.0,0.0,0.0,0.0,61.6,78,11,65508,50,65476,0,300,0,0,8,20529,65476,0,0,26214,60.0,0.0,0.0,0.0,0.0,0.0
2026-05-17T16:43:38,ERR,ERR,ERR,ERR,ERR,ERR,ERR,ERR,ERR,ERR,ERR,ERR,ERR,ERR,ERR,ERR,ERR,ERR,ERR,ERR,ERR,ERR,ERR,ERR,ERR,ERR,ERR,ERR,ERR,ERR,ERR,ERR,ERR,ERR,ERR,ERR,ERR,ERR,ERR,ERR,ERR,ERR,ERR,ERR,ERR,ERR,ERR,ERR,ERR,ERR,ERR,ERR,ERR,ERR,ERR,ERR,ERR,ERR,ERR,ERR,ERR,ERR,ERR,ERR,ERR,ERR,ERR,ERR,ERR,ERR,ERR,ERR,ERR,ERR,ERR,ERR,ERR,ERR,ERR,ERR,ERR,ERR,ERR,ERR,ERR,ERR,ERR,ERR,ERR,ERR,ERR,ERR,ERR,ERR,ERR,ERR,ERR,ERR,ERR,ERR,ERR,ERR,ERR,ERR,ERR,ERR,ERR,ERR,ERR,ERR,ERR,ERR,ERR,ERR,ERR,ERR,ERR,ERR,ERR,ERR,ERR,ERR,ERR,ERR,ERR,0.0,0.0,-134474944.0,0.0,0.0,1.3936040501711995e+18,7.805,0.0,0,0,4,0,8422,0.0,45,0.0,0.0,0.0,0.0,0.0,0,0,0,0,0.0,0,0,0,0,0,0,0,0,0,0,0,0,0,0,0,0,0,0,0,0,0,0,0,0,0,0,0,0,0,0,0,0,0,38,14,7,45,65476,0,300,0,0,8,21553,0.0,-107605600.0,0.0,0.0,0.0,0.0,0.0,0.0,0.0,0.0,0.0,0.0,0.0,0.0,0.0,0.0,0.0,0.0,0.0,0.0,0.0,0.0,0.0,0.0,-2.004,2.004,0.0,0.0,0.0,0.0,5012.0,-2.004,0.0,0.0,0.0,0.0,-107615304.0,0.0,0.0,0.0,0.0,53,5.848083413016271e+35,-0.0,0.0,0.0,0.0,0.0,0.0,0.0,0.0,0,0,0,0.0,0.0,0.0,0.0,0.0,0.0,0.0,0.0,0.0,0.0,0.0,0.0,0.0,0.0,0.0,0.0,0,-107875648.0,53,0.0,106,-107614832.0,2.7006707062415038e+23,ERR,ERR,ERR,ERR,ERR,ERR,ERR,ERR,ERR,ERR,ERR,ERR,ERR,ERR,ERR,ERR,ERR,ERR,ERR,ERR,ERR,ERR,ERR,ERR,ERR,ERR,ERR,ERR,ERR,ERR,ERR,ERR,ERR,ERR,ERR,ERR,ERR,ERR,ERR,ERR,ERR,ERR,ERR,ERR,ERR,ERR,ERR,ERR,ERR,ERR,ERR,ERR,ERR,ERR,ERR,ERR,ERR,ERR,ERR,ERR,ERR,ERR,ERR,ERR,ERR,ERR,ERR,50.0,60.0,100,0.0,0.0,0.0,0.0,0.0,0.0,0.0,0.0,0.0,0.0,0.0,0.0,0.0,0.0,0.0,0.0,61.6,78,11,65508,50,65476,0,300,0,0,8,20529,65476,0,0,26214,60.0,0.0,0.0,0.0,0.0,0.0
2026-05-17T16:43:39,ERR,ERR,ERR,ERR,ERR,ERR,ERR,ERR,ERR,ERR,ERR,ERR,ERR,ERR,ERR,ERR,ERR,ERR,ERR,ERR,ERR,ERR,ERR,ERR,ERR,ERR,ERR,ERR,ERR,ERR,ERR,ERR,ERR,ERR,ERR,ERR,ERR,ERR,ERR,ERR,ERR,ERR,ERR,ERR,ERR,ERR,ERR,ERR,ERR,ERR,ERR,ERR,ERR,ERR,ERR,ERR,ERR,ERR,ERR,ERR,ERR,ERR,ERR,ERR,ERR,ERR,ERR,ERR,ERR,ERR,ERR,ERR,ERR,ERR,ERR,ERR,ERR,ERR,ERR,ERR,ERR,ERR,ERR,ERR,ERR,ERR,ERR,ERR,ERR,ERR,ERR,ERR,ERR,ERR,ERR,ERR,ERR,ERR,ERR,ERR,ERR,ERR,ERR,ERR,ERR,ERR,ERR,ERR,ERR,ERR,ERR,ERR,ERR,ERR,ERR,ERR,ERR,ERR,ERR,ERR,ERR,ERR,ERR,ERR,ERR,0.0,0.0,-134474944.0,0.0,0.0,1.3936040501711995e+18,7.805,0.0,0,0,4,0,8422,0.0,45,0.0,0.0,0.0,0.0,0.0,0,0,0,0,0.0,0,0,0,0,0,0,0,0,0,0,0,0,0,0,0,0,0,0,0,0,0,0,0,0,0,0,0,0,0,0,0,0,0,38,14,7,45,65476,0,300,0,0,8,21553,0.0,-107605600.0,0.0,0.0,0.0,0.0,0.0,0.0,0.0,0.0,0.0,0.0,0.0,0.0,0.0,0.0,0.0,0.0,0.0,0.0,0.0,0.0,0.0,0.0,-2.004,2.004,0.0,0.0,0.0,0.0,5012.0,-2.004,0.0,0.0,0.0,0.0,-107615304.0,0.0,0.0,0.0,0.0,53,5.848083413016271e+35,-0.0,0.0,0.0,0.0,0.0,0.0,0.0,0.0,0,0,0,0.0,0.0,0.0,0.0,0.0,0.0,0.0,0.0,0.0,0.0,0.0,0.0,0.0,0.0,0.0,0.0,0,-107875648.0,53,0.0,106,-107614832.0,2.7006707062415038e+23,ERR,ERR,ERR,ERR,ERR,ERR,ERR,ERR,ERR,ERR,ERR,ERR,ERR,ERR,ERR,ERR,ERR,ERR,ERR,ERR,ERR,ERR,ERR,ERR,ERR,ERR,ERR,ERR,ERR,ERR,ERR,ERR,ERR,ERR,ERR,ERR,ERR,ERR,ERR,ERR,ERR,ERR,ERR,ERR,ERR,ERR,ERR,ERR,ERR,ERR,ERR,ERR,ERR,ERR,ERR,ERR,ERR,ERR,ERR,ERR,ERR,ERR,ERR,ERR,ERR,ERR,ERR,50.0,60.0,100,0.0,0.0,0.0,0.0,0.0,0.0,0.0,0.0,0.0,0.0,0.0,0.0,0.0,0.0,0.0,0.0,61.6,78,11,65508,50,65476,0,300,0,0,8,20529,65476,0,0,26214,60.0,0.0,0.0,0.0,0.0,0.0
2026-05-17T16:43:40,ERR,ERR,ERR,ERR,ERR,ERR,ERR,ERR,ERR,ERR,ERR,ERR,ERR,ERR,ERR,ERR,ERR,ERR,ERR,ERR,ERR,ERR,ERR,ERR,ERR,ERR,ERR,ERR,ERR,ERR,ERR,ERR,ERR,ERR,ERR,ERR,ERR,ERR,ERR,ERR,ERR,ERR,ERR,ERR,ERR,ERR,ERR,ERR,ERR,ERR,ERR,ERR,ERR,ERR,ERR,ERR,ERR,ERR,ERR,ERR,ERR,ERR,ERR,ERR,ERR,ERR,ERR,ERR,ERR,ERR,ERR,ERR,ERR,ERR,ERR,ERR,ERR,ERR,ERR,ERR,ERR,ERR,ERR,ERR,ERR,ERR,ERR,ERR,ERR,ERR,ERR,ERR,ERR,ERR,ERR,ERR,ERR,ERR,ERR,ERR,ERR,ERR,ERR,ERR,ERR,ERR,ERR,ERR,ERR,ERR,ERR,ERR,ERR,ERR,ERR,ERR,ERR,ERR,ERR,ERR,ERR,ERR,ERR,ERR,ERR,0.0,0.0,-134474944.0,0.0,0.0,1.3936040501711995e+18,7.805,0.0,0,0,4,0,8422,0.0,45,0.0,0.0,0.0,0.0,0.0,0,0,0,0,0.0,0,0,0,0,0,0,0,0,0,0,0,0,0,0,0,0,0,0,0,0,0,0,0,0,0,0,0,0,0,0,0,0,0,38,14,7,45,65476,0,300,0,0,8,21553,0.0,-107605600.0,0.0,0.0,0.0,0.0,0.0,0.0,0.0,0.0,0.0,0.0,0.0,0.0,0.0,0.0,0.0,0.0,0.0,0.0,0.0,0.0,0.0,0.0,-2.004,2.004,0.0,0.0,0.0,0.0,5012.0,-2.004,0.0,0.0,0.0,0.0,-107615304.0,0.0,0.0,0.0,0.0,53,5.848083413016271e+35,-0.0,0.0,0.0,0.0,0.0,0.0,0.0,0.0,0,0,0,0.0,0.0,0.0,0.0,0.0,0.0,0.0,0.0,0.0,0.0,0.0,0.0,0.0,0.0,0.0,0.0,0,-107875648.0,53,0.0,106,-107614832.0,2.7006707062415038e+23,ERR,ERR,ERR,ERR,ERR,ERR,ERR,ERR,ERR,ERR,ERR,ERR,ERR,ERR,ERR,ERR,ERR,ERR,ERR,ERR,ERR,ERR,ERR,ERR,ERR,ERR,ERR,ERR,ERR,ERR,ERR,ERR,ERR,ERR,ERR,ERR,ERR,ERR,ERR,ERR,ERR,ERR,ERR,ERR,ERR,ERR,ERR,ERR,ERR,ERR,ERR,ERR,ERR,ERR,ERR,ERR,ERR,ERR,ERR,ERR,ERR,ERR,ERR,ERR,ERR,ERR,ERR,50.0,60.0,100,0.0,0.0,0.0,0.0,0.0,0.0,0.0,0.0,0.0,0.0,0.0,0.0,0.0,0.0,0.0,0.0,62.0,78,11,65508,50,65476,0,300,0,0,8,20529,65476,0,0,26214,60.0,0.0,0.0,0.0,0.0,0.0
2026-05-17T16:43:41,ERR,ERR,ERR,ERR,ERR,ERR,ERR,ERR,ERR,ERR,ERR,ERR,ERR,ERR,ERR,ERR,ERR,ERR,ERR,ERR,ERR,ERR,ERR,ERR,ERR,ERR,ERR,ERR,ERR,ERR,ERR,ERR,ERR,ERR,ERR,ERR,ERR,ERR,ERR,ERR,ERR,ERR,ERR,ERR,ERR,ERR,ERR,ERR,ERR,ERR,ERR,ERR,ERR,ERR,ERR,ERR,ERR,ERR,ERR,ERR,ERR,ERR,ERR,ERR,ERR,ERR,ERR,ERR,ERR,ERR,ERR,ERR,ERR,ERR,ERR,ERR,ERR,ERR,ERR,ERR,ERR,ERR,ERR,ERR,ERR,ERR,ERR,ERR,ERR,ERR,ERR,ERR,ERR,ERR,ERR,ERR,ERR,ERR,ERR,ERR,ERR,ERR,ERR,ERR,ERR,ERR,ERR,ERR,ERR,ERR,ERR,ERR,ERR,ERR,ERR,ERR,ERR,ERR,ERR,ERR,ERR,ERR,ERR,ERR,ERR,0.0,0.0,-134474944.0,0.0,0.0,1.3936040501711995e+18,7.805,0.0,0,0,4,0,8422,0.0,45,0.0,0.0,0.0,0.0,0.0,0,0,0,0,0.0,0,0,0,0,0,0,0,0,0,0,0,0,0,0,0,0,0,0,0,0,0,0,0,0,0,0,0,0,0,0,0,0,0,38,14,7,45,65476,0,300,0,0,8,21553,0.0,-107605600.0,0.0,0.0,0.0,0.0,0.0,0.0,0.0,0.0,0.0,0.0,0.0,0.0,0.0,0.0,0.0,0.0,0.0,0.0,0.0,0.0,0.0,0.0,-2.004,2.004,0.0,0.0,0.0,0.0,5012.0,-2.004,0.0,0.0,0.0,0.0,-107615304.0,0.0,0.0,0.0,0.0,53,5.848083413016271e+35,-0.0,0.0,0.0,0.0,0.0,0.0,0.0,0.0,0,0,0,0.0,0.0,0.0,0.0,0.0,0.0,0.0,0.0,0.0,0.0,0.0,0.0,0.0,0.0,0.0,0.0,0,-107875648.0,53,0.0,106,-107614832.0,2.7006707062415038e+23,ERR,ERR,ERR,ERR,ERR,ERR,ERR,ERR,ERR,ERR,ERR,ERR,ERR,ERR,ERR,ERR,ERR,ERR,ERR,ERR,ERR,ERR,ERR,ERR,ERR,ERR,ERR,ERR,ERR,ERR,ERR,ERR,ERR,ERR,ERR,ERR,ERR,ERR,ERR,ERR,ERR,ERR,ERR,ERR,ERR,ERR,ERR,ERR,ERR,ERR,ERR,ERR,ERR,ERR,ERR,ERR,ERR,ERR,ERR,ERR,ERR,ERR,ERR,ERR,ERR,ERR,ERR,50.0,60.0,100,0.0,0.0,0.0,0.0,0.0,0.0,0.0,0.0,0.0,0.0,0.0,0.0,0.0,0.0,0.0,0.0,62.0,78,11,65508,50,65476,0,300,0,0,8,20529,65476,0,0,26214,60.0,0.0,0.0,0.0,0.0,0.0
2026-05-17T16:43:42,ERR,ERR,ERR,ERR,ERR,ERR,ERR,ERR,ERR,ERR,ERR,ERR,ERR,ERR,ERR,ERR,ERR,ERR,ERR,ERR,ERR,ERR,ERR,ERR,ERR,ERR,ERR,ERR,ERR,ERR,ERR,ERR,ERR,ERR,ERR,ERR,ERR,ERR,ERR,ERR,ERR,ERR,ERR,ERR,ERR,ERR,ERR,ERR,ERR,ERR,ERR,ERR,ERR,ERR,ERR,ERR,ERR,ERR,ERR,ERR,ERR,ERR,ERR,ERR,ERR,ERR,ERR,ERR,ERR,ERR,ERR,ERR,ERR,ERR,ERR,ERR,ERR,ERR,ERR,ERR,ERR,ERR,ERR,ERR,ERR,ERR,ERR,ERR,ERR,ERR,ERR,ERR,ERR,ERR,ERR,ERR,ERR,ERR,ERR,ERR,ERR,ERR,ERR,ERR,ERR,ERR,ERR,ERR,ERR,ERR,ERR,ERR,ERR,ERR,ERR,ERR,ERR,ERR,ERR,ERR,ERR,ERR,ERR,ERR,ERR,0.0,0.0,-134474944.0,0.0,0.0,1.3936040501711995e+18,7.805,0.0,0,0,4,0,8422,0.0,45,0.0,0.0,0.0,0.0,0.0,0,0,0,0,0.0,0,0,0,0,0,0,0,0,0,0,0,0,0,0,0,0,0,0,0,0,0,0,0,0,0,0,0,0,0,0,0,0,0,38,14,7,45,65476,0,300,0,0,8,21553,0.0,-107605600.0,0.0,0.0,0.0,0.0,0.0,0.0,0.0,0.0,0.0,0.0,0.0,0.0,0.0,0.0,0.0,0.0,0.0,0.0,0.0,0.0,0.0,0.0,-2.004,2.004,0.0,0.0,0.0,0.0,5012.0,-2.004,0.0,0.0,0.0,0.0,-107615304.0,0.0,0.0,0.0,0.0,53,5.848083413016271e+35,-0.0,0.0,0.0,0.0,0.0,0.0,0.0,0.0,0,0,0,0.0,0.0,0.0,0.0,0.0,0.0,0.0,0.0,0.0,0.0,0.0,0.0,0.0,0.0,0.0,0.0,0,-107875648.0,53,0.0,106,-107614832.0,2.7006707062415038e+23,ERR,ERR,ERR,ERR,ERR,ERR,ERR,ERR,ERR,ERR,ERR,ERR,ERR,ERR,ERR,ERR,ERR,ERR,ERR,ERR,ERR,ERR,ERR,ERR,ERR,ERR,ERR,ERR,ERR,ERR,ERR,ERR,ERR,ERR,ERR,ERR,ERR,ERR,ERR,ERR,ERR,ERR,ERR,ERR,ERR,ERR,ERR,ERR,ERR,ERR,ERR,ERR,ERR,ERR,ERR,ERR,ERR,ERR,ERR,ERR,ERR,ERR,ERR,ERR,ERR,ERR,ERR,50.0,60.0,100,0.0,0.0,0.0,0.0,0.0,0.0,0.0,0.0,0.0,0.0,0.0,0.0,0.0,0.0,0.0,0.0,61.6,78,11,65508,50,65476,0,300,0,0,8,20529,65476,0,0,26214,60.0,0.0,0.0,0.0,0.0,0.0
2026-05-17T16:43:43,ERR,ERR,ERR,ERR,ERR,ERR,ERR,ERR,ERR,ERR,ERR,ERR,ERR,ERR,ERR,ERR,ERR,ERR,ERR,ERR,ERR,ERR,ERR,ERR,ERR,ERR,ERR,ERR,ERR,ERR,ERR,ERR,ERR,ERR,ERR,ERR,ERR,ERR,ERR,ERR,ERR,ERR,ERR,ERR,ERR,ERR,ERR,ERR,ERR,ERR,ERR,ERR,ERR,ERR,ERR,ERR,ERR,ERR,ERR,ERR,ERR,ERR,ERR,ERR,ERR,ERR,ERR,ERR,ERR,ERR,ERR,ERR,ERR,ERR,ERR,ERR,ERR,ERR,ERR,ERR,ERR,ERR,ERR,ERR,ERR,ERR,ERR,ERR,ERR,ERR,ERR,ERR,ERR,ERR,ERR,ERR,ERR,ERR,ERR,ERR,ERR,ERR,ERR,ERR,ERR,ERR,ERR,ERR,ERR,ERR,ERR,ERR,ERR,ERR,ERR,ERR,ERR,ERR,ERR,ERR,ERR,ERR,ERR,ERR,ERR,0.0,0.0,-134474944.0,0.0,0.0,1.3936040501711995e+18,7.805,0.0,0,0,4,0,8422,0.0,45,0.0,0.0,0.0,0.0,0.0,0,0,0,0,0.0,0,0,0,0,0,0,0,0,0,0,0,0,0,0,0,0,0,0,0,0,0,0,0,0,0,0,0,0,0,0,0,0,0,38,14,7,45,65476,0,300,0,0,8,21553,0.0,-107605600.0,0.0,0.0,0.0,0.0,0.0,0.0,0.0,0.0,0.0,0.0,0.0,0.0,0.0,0.0,0.0,0.0,0.0,0.0,0.0,0.0,0.0,0.0,-2.004,2.004,0.0,0.0,0.0,0.0,5042.0,0.0,0.0,0.0,0.0,0.0,-107615304.0,0.0,0.0,0.0,0.0,53,4.066880103266858e+29,-4.9504015179484054e+32,0.0,0.0,0.0,0.0,0.0,0.0,0.0,0,0,0,0.0,0.0,0.0,0.0,0.0,0.0,0.0,0.0,0.0,0.0,0.0,0.0,0.0,0.0,0.0,0.0,0,-107875648.0,53,0.0,106,-107614832.0,2.7006707062415038e+23,ERR,ERR,ERR,ERR,ERR,ERR,ERR,ERR,ERR,ERR,ERR,ERR,ERR,ERR,ERR,ERR,ERR,ERR,ERR,ERR,ERR,ERR,ERR,ERR,ERR,ERR,ERR,ERR,ERR,ERR,ERR,ERR,ERR,ERR,ERR,ERR,ERR,ERR,ERR,ERR,ERR,ERR,ERR,ERR,ERR,ERR,ERR,ERR,ERR,ERR,ERR,ERR,ERR,ERR,ERR,ERR,ERR,ERR,ERR,ERR,ERR,ERR,ERR,ERR,ERR,ERR,ERR,50.0,60.0,100,0.0,0.0,0.0,0.0,0.0,0.0,0.0,0.0,0.0,0.0,0.0,0.0,0.0,0.0,0.0,0.0,61.6,78,11,65508,50,65476,0,300,0,0,8,20529,65476,0,0,26214,60.0,0.0,0.0,0.0,0.0,0.0
2026-05-17T16:43:44,ERR,ERR,ERR,ERR,ERR,ERR,ERR,ERR,ERR,ERR,ERR,ERR,ERR,ERR,ERR,ERR,ERR,ERR,ERR,ERR,ERR,ERR,ERR,ERR,ERR,ERR,ERR,ERR,ERR,ERR,ERR,ERR,ERR,ERR,ERR,ERR,ERR,ERR,ERR,ERR,ERR,ERR,ERR,ERR,ERR,ERR,ERR,ERR,ERR,ERR,ERR,ERR,ERR,ERR,ERR,ERR,ERR,ERR,ERR,ERR,ERR,ERR,ERR,ERR,ERR,ERR,ERR,ERR,ERR,ERR,ERR,ERR,ERR,ERR,ERR,ERR,ERR,ERR,ERR,ERR,ERR,ERR,ERR,ERR,ERR,ERR,ERR,ERR,ERR,ERR,ERR,ERR,ERR,ERR,ERR,ERR,ERR,ERR,ERR,ERR,ERR,ERR,ERR,ERR,ERR,ERR,ERR,ERR,ERR,ERR,ERR,ERR,ERR,ERR,ERR,ERR,ERR,ERR,ERR,ERR,ERR,ERR,ERR,ERR,ERR,0.0,0.0,-134474944.0,0.0,0.0,1.3936040501711995e+18,7.805,0.0,0,0,4,0,8422,0.0,45,0.0,0.0,0.0,0.0,0.0,0,0,0,0,0.0,0,0,0,0,0,0,0,0,0,0,0,0,0,0,0,0,0,0,0,0,0,0,0,0,0,0,0,0,0,0,0,0,0,38,14,7,45,65476,0,300,0,0,8,21553,0.0,-107605600.0,0.0,0.0,0.0,0.0,0.0,0.0,0.0,0.0,0.0,0.0,0.0,0.0,0.0,0.0,0.0,0.0,0.0,0.0,0.0,0.0,0.0,0.0,-2.004,2.004,0.0,0.0,0.0,0.0,5042.0,0.0,0.0,0.0,0.0,0.0,-107615304.0,0.0,0.0,0.0,0.0,53,4.066880103266858e+29,-4.9504015179484054e+32,0.0,0.0,0.0,0.0,0.0,0.0,0.0,0,0,0,0.0,0.0,0.0,0.0,0.0,0.0,0.0,0.0,0.0,0.0,0.0,0.0,0.0,0.0,0.0,0.0,0,-107875648.0,53,0.0,106,-107614832.0,2.7006707062415038e+23,ERR,ERR,ERR,ERR,ERR,ERR,ERR,ERR,ERR,ERR,ERR,ERR,ERR,ERR,ERR,ERR,ERR,ERR,ERR,ERR,ERR,ERR,ERR,ERR,ERR,ERR,ERR,ERR,ERR,ERR,ERR,ERR,ERR,ERR,ERR,ERR,ERR,ERR,ERR,ERR,ERR,ERR,ERR,ERR,ERR,ERR,ERR,ERR,ERR,ERR,ERR,ERR,ERR,ERR,ERR,ERR,ERR,ERR,ERR,ERR,ERR,ERR,ERR,ERR,ERR,ERR,ERR,50.0,60.0,100,0.0,0.0,0.0,0.0,0.0,0.0,0.0,0.0,0.0,0.0,0.0,0.0,0.0,0.0,0.0,0.0,62.0,78,11,65508,50,65476,0,300,0,0,8,20529,65476,0,0,26214,60.0,0.0,0.0,0.0,0.0,0.0
2026-05-17T16:43:45,ERR,ERR,ERR,ERR,ERR,ERR,ERR,ERR,ERR,ERR,ERR,ERR,ERR,ERR,ERR,ERR,ERR,ERR,ERR,ERR,ERR,ERR,ERR,ERR,ERR,ERR,ERR,ERR,ERR,ERR,ERR,ERR,ERR,ERR,ERR,ERR,ERR,ERR,ERR,ERR,ERR,ERR,ERR,ERR,ERR,ERR,ERR,ERR,ERR,ERR,ERR,ERR,ERR,ERR,ERR,ERR,ERR,ERR,ERR,ERR,ERR,ERR,ERR,ERR,ERR,ERR,ERR,ERR,ERR,ERR,ERR,ERR,ERR,ERR,ERR,ERR,ERR,ERR,ERR,ERR,ERR,ERR,ERR,ERR,ERR,ERR,ERR,ERR,ERR,ERR,ERR,ERR,ERR,ERR,ERR,ERR,ERR,ERR,ERR,ERR,ERR,ERR,ERR,ERR,ERR,ERR,ERR,ERR,ERR,ERR,ERR,ERR,ERR,ERR,ERR,ERR,ERR,ERR,ERR,ERR,ERR,ERR,ERR,ERR,ERR,0.0,0.0,-134474944.0,0.0,0.0,1.3936040501711995e+18,7.805,0.0,0,0,4,0,8422,0.0,45,0.0,0.0,0.0,0.0,0.0,0,0,0,0,0.0,0,0,0,0,0,0,0,0,0,0,0,0,0,0,0,0,0,0,0,0,0,0,0,0,0,0,0,0,0,0,0,0,0,38,14,7,45,65476,0,300,0,0,8,21553,0.0,-107605600.0,0.0,0.0,0.0,0.0,0.0,0.0,0.0,0.0,0.0,0.0,0.0,0.0,0.0,0.0,0.0,0.0,0.0,0.0,0.0,0.0,0.0,0.0,-2.004,2.004,0.0,0.0,0.0,0.0,5042.0,0.0,0.0,0.0,0.0,0.0,-107615304.0,0.0,0.0,0.0,0.0,53,4.066880103266858e+29,-4.9504015179484054e+32,0.0,0.0,0.0,0.0,0.0,0.0,0.0,0,0,0,0.0,0.0,0.0,0.0,0.0,0.0,0.0,0.0,0.0,0.0,0.0,0.0,0.0,0.0,0.0,0.0,0,-107875648.0,53,0.0,106,-107614832.0,2.7006707062415038e+23,ERR,ERR,ERR,ERR,ERR,ERR,ERR,ERR,ERR,ERR,ERR,ERR,ERR,ERR,ERR,ERR,ERR,ERR,ERR,ERR,ERR,ERR,ERR,ERR,ERR,ERR,ERR,ERR,ERR,ERR,ERR,ERR,ERR,ERR,ERR,ERR,ERR,ERR,ERR,ERR,ERR,ERR,ERR,ERR,ERR,ERR,ERR,ERR,ERR,ERR,ERR,ERR,ERR,ERR,ERR,ERR,ERR,ERR,ERR,ERR,ERR,ERR,ERR,ERR,ERR,ERR,ERR,50.0,60.0,100,0.0,0.0,0.0,0.0,0.0,0.0,0.0,0.0,0.0,0.0,0.0,0.0,0.0,0.0,0.0,0.0,62.0,78,11,65508,50,65476,0,300,0,0,8,20529,65476,0,0,26214,60.0,0.0,0.0,0.0,0.0,0.0
2026-05-17T16:43:46,ERR,ERR,ERR,ERR,ERR,ERR,ERR,ERR,ERR,ERR,ERR,ERR,ERR,ERR,ERR,ERR,ERR,ERR,ERR,ERR,ERR,ERR,ERR,ERR,ERR,ERR,ERR,ERR,ERR,ERR,ERR,ERR,ERR,ERR,ERR,ERR,ERR,ERR,ERR,ERR,ERR,ERR,ERR,ERR,ERR,ERR,ERR,ERR,ERR,ERR,ERR,ERR,ERR,ERR,ERR,ERR,ERR,ERR,ERR,ERR,ERR,ERR,ERR,ERR,ERR,ERR,ERR,ERR,ERR,ERR,ERR,ERR,ERR,ERR,ERR,ERR,ERR,ERR,ERR,ERR,ERR,ERR,ERR,ERR,ERR,ERR,ERR,ERR,ERR,ERR,ERR,ERR,ERR,ERR,ERR,ERR,ERR,ERR,ERR,ERR,ERR,ERR,ERR,ERR,ERR,ERR,ERR,ERR,ERR,ERR,ERR,ERR,ERR,ERR,ERR,ERR,ERR,ERR,ERR,ERR,ERR,ERR,ERR,ERR,ERR,0.0,0.0,-134474944.0,0.0,0.0,1.3936040501711995e+18,7.805,0.0,0,0,4,0,8422,0.0,45,0.0,0.0,0.0,0.0,0.0,0,0,0,0,0.0,0,0,0,0,0,0,0,0,0,0,0,0,0,0,0,0,0,0,0,0,0,0,0,0,0,0,0,0,0,0,0,0,0,38,14,7,45,65476,0,300,0,0,8,21553,0.0,-107605600.0,0.0,0.0,0.0,0.0,0.0,0.0,0.0,0.0,0.0,0.0,0.0,0.0,0.0,0.0,0.0,0.0,0.0,0.0,0.0,0.0,0.0,0.0,-2.004,2.004,0.0,0.0,0.0,0.0,5042.0,0.0,0.0,0.0,0.0,0.0,-107615304.0,0.0,0.0,0.0,0.0,53,4.066880103266858e+29,-4.9504015179484054e+32,0.0,0.0,0.0,0.0,0.0,0.0,0.0,0,0,0,0.0,0.0,0.0,0.0,0.0,0.0,0.0,0.0,0.0,0.0,0.0,0.0,0.0,0.0,0.0,0.0,0,-107875648.0,53,0.0,106,-107614832.0,2.7006707062415038e+23,ERR,ERR,ERR,ERR,ERR,ERR,ERR,ERR,ERR,ERR,ERR,ERR,ERR,ERR,ERR,ERR,ERR,ERR,ERR,ERR,ERR,ERR,ERR,ERR,ERR,ERR,ERR,ERR,ERR,ERR,ERR,ERR,ERR,ERR,ERR,ERR,ERR,ERR,ERR,ERR,ERR,ERR,ERR,ERR,ERR,ERR,ERR,ERR,ERR,ERR,ERR,ERR,ERR,ERR,ERR,ERR,ERR,ERR,ERR,ERR,ERR,ERR,ERR,ERR,ERR,ERR,ERR,50.0,60.0,100,0.0,0.0,0.0,0.0,0.0,0.0,0.0,0.0,0.0,0.0,0.0,0.0,0.0,0.0,0.0,0.0,62.0,78,11,65508,50,65476,0,300,0,0,8,20529,65476,0,0,26214,60.0,0.0,0.0,0.0,0.0,0.0
2026-05-17T16:43:47,ERR,ERR,ERR,ERR,ERR,ERR,ERR,ERR,ERR,ERR,ERR,ERR,ERR,ERR,ERR,ERR,ERR,ERR,ERR,ERR,ERR,ERR,ERR,ERR,ERR,ERR,ERR,ERR,ERR,ERR,ERR,ERR,ERR,ERR,ERR,ERR,ERR,ERR,ERR,ERR,ERR,ERR,ERR,ERR,ERR,ERR,ERR,ERR,ERR,ERR,ERR,ERR,ERR,ERR,ERR,ERR,ERR,ERR,ERR,ERR,ERR,ERR,ERR,ERR,ERR,ERR,ERR,ERR,ERR,ERR,ERR,ERR,ERR,ERR,ERR,ERR,ERR,ERR,ERR,ERR,ERR,ERR,ERR,ERR,ERR,ERR,ERR,ERR,ERR,ERR,ERR,ERR,ERR,ERR,ERR,ERR,ERR,ERR,ERR,ERR,ERR,ERR,ERR,ERR,ERR,ERR,ERR,ERR,ERR,ERR,ERR,ERR,ERR,ERR,ERR,ERR,ERR,ERR,ERR,ERR,ERR,ERR,ERR,ERR,ERR,0.0,0.0,-134474944.0,0.0,0.0,1.3936040501711995e+18,7.805,0.0,0,0,4,0,8422,0.0,45,0.0,0.0,0.0,0.0,0.0,0,0,0,0,0.0,0,0,0,0,0,0,0,0,0,0,0,0,0,0,0,0,0,0,0,0,0,0,0,0,0,0,0,0,0,0,0,0,0,38,14,7,45,65476,0,300,0,0,8,21553,0.0,-107605600.0,0.0,0.0,0.0,0.0,0.0,0.0,0.0,0.0,0.0,0.0,0.0,0.0,0.0,0.0,0.0,0.0,0.0,0.0,0.0,0.0,0.0,0.0,-2.004,2.004,0.0,0.0,0.0,0.0,5042.0,0.0,0.0,0.0,0.0,0.0,-107615304.0,0.0,0.0,0.0,0.0,53,4.066880103266858e+29,-4.9504015179484054e+32,0.0,0.0,0.0,0.0,0.0,0.0,0.0,0,0,0,0.0,0.0,0.0,0.0,0.0,0.0,0.0,0.0,0.0,0.0,0.0,0.0,0.0,0.0,0.0,0.0,0,-107875648.0,53,0.0,106,-107614832.0,2.7006707062415038e+23,ERR,ERR,ERR,ERR,ERR,ERR,ERR,ERR,ERR,ERR,ERR,ERR,ERR,ERR,ERR,ERR,ERR,ERR,ERR,ERR,ERR,ERR,ERR,ERR,ERR,ERR,ERR,ERR,ERR,ERR,ERR,ERR,ERR,ERR,ERR,ERR,ERR,ERR,ERR,ERR,ERR,ERR,ERR,ERR,ERR,ERR,ERR,ERR,ERR,ERR,ERR,ERR,ERR,ERR,ERR,ERR,ERR,ERR,ERR,ERR,ERR,ERR,ERR,ERR,ERR,ERR,ERR,50.0,60.0,100,0.0,0.0,0.0,0.0,0.0,0.0,0.0,0.0,0.0,0.0,0.0,0.0,0.0,0.0,0.0,0.0,61.6,78,11,65508,50,65476,0,300,0,0,8,20529,65476,0,0,26214,60.0,0.0,0.0,0.0,0.0,0.0
2026-05-17T16:43:48,ERR,ERR,ERR,ERR,ERR,ERR,ERR,ERR,ERR,ERR,ERR,ERR,ERR,ERR,ERR,ERR,ERR,ERR,ERR,ERR,ERR,ERR,ERR,ERR,ERR,ERR,ERR,ERR,ERR,ERR,ERR,ERR,ERR,ERR,ERR,ERR,ERR,ERR,ERR,ERR,ERR,ERR,ERR,ERR,ERR,ERR,ERR,ERR,ERR,ERR,ERR,ERR,ERR,ERR,ERR,ERR,ERR,ERR,ERR,ERR,ERR,ERR,ERR,ERR,ERR,ERR,ERR,ERR,ERR,ERR,ERR,ERR,ERR,ERR,ERR,ERR,ERR,ERR,ERR,ERR,ERR,ERR,ERR,ERR,ERR,ERR,ERR,ERR,ERR,ERR,ERR,ERR,ERR,ERR,ERR,ERR,ERR,ERR,ERR,ERR,ERR,ERR,ERR,ERR,ERR,ERR,ERR,ERR,ERR,ERR,ERR,ERR,ERR,ERR,ERR,ERR,ERR,ERR,ERR,ERR,ERR,ERR,ERR,ERR,ERR,0.0,0.0,-134474944.0,0.0,0.0,1.3936040501711995e+18,7.805,0.0,0,0,4,0,8422,0.0,45,0.0,0.0,0.0,0.0,0.0,0,0,0,0,0.0,0,0,0,0,0,0,0,0,0,0,0,0,0,0,0,0,0,0,0,0,0,0,0,0,0,0,0,0,0,0,0,0,0,38,14,7,45,65476,0,300,0,0,8,21553,0.0,-107605600.0,0.0,0.0,0.0,0.0,0.0,0.0,0.0,0.0,0.0,0.0,0.0,0.0,0.0,0.0,0.0,0.0,0.0,0.0,0.0,0.0,0.0,0.0,-2.004,2.004,0.0,0.0,0.0,0.0,5041.0,0.0,0.0,0.0,0.0,0.0,-107615304.0,0.0,0.0,0.0,0.0,53,3.222028592685471e+26,0.059,0.0,0.0,0.0,0.0,0.0,0.0,0.0,0,0,0,0.0,0.0,0.0,0.0,0.0,0.0,0.0,0.0,0.0,0.0,0.0,0.0,0.0,0.0,0.0,0.0,0,-107875648.0,53,0.0,106,-107614832.0,2.7006707062415038e+23,ERR,ERR,ERR,ERR,ERR,ERR,ERR,ERR,ERR,ERR,ERR,ERR,ERR,ERR,ERR,ERR,ERR,ERR,ERR,ERR,ERR,ERR,ERR,ERR,ERR,ERR,ERR,ERR,ERR,ERR,ERR,ERR,ERR,ERR,ERR,ERR,ERR,ERR,ERR,ERR,ERR,ERR,ERR,ERR,ERR,ERR,ERR,ERR,ERR,ERR,ERR,ERR,ERR,ERR,ERR,ERR,ERR,ERR,ERR,ERR,ERR,ERR,ERR,ERR,ERR,ERR,ERR,50.0,60.0,100,0.0,0.0,0.0,0.0,0.0,0.0,0.0,0.0,0.0,0.0,0.0,0.0,0.0,0.0,0.0,0.0,61.6,78,11,65508,50,65476,0,300,0,0,8,20529,65476,0,0,26214,60.0,0.0,0.0,0.0,0.0,0.0
2026-05-17T16:43:49,ERR,ERR,ERR,ERR,ERR,ERR,ERR,ERR,ERR,ERR,ERR,ERR,ERR,ERR,ERR,ERR,ERR,ERR,ERR,ERR,ERR,ERR,ERR,ERR,ERR,ERR,ERR,ERR,ERR,ERR,ERR,ERR,ERR,ERR,ERR,ERR,ERR,ERR,ERR,ERR,ERR,ERR,ERR,ERR,ERR,ERR,ERR,ERR,ERR,ERR,ERR,ERR,ERR,ERR,ERR,ERR,ERR,ERR,ERR,ERR,ERR,ERR,ERR,ERR,ERR,ERR,ERR,ERR,ERR,ERR,ERR,ERR,ERR,ERR,ERR,ERR,ERR,ERR,ERR,ERR,ERR,ERR,ERR,ERR,ERR,ERR,ERR,ERR,ERR,ERR,ERR,ERR,ERR,ERR,ERR,ERR,ERR,ERR,ERR,ERR,ERR,ERR,ERR,ERR,ERR,ERR,ERR,ERR,ERR,ERR,ERR,ERR,ERR,ERR,ERR,ERR,ERR,ERR,ERR,ERR,ERR,ERR,ERR,ERR,ERR,0.0,0.0,-134474944.0,0.0,0.0,1.3936040501711995e+18,7.805,0.0,0,0,4,0,8422,0.0,45,0.0,0.0,0.0,0.0,0.0,0,0,0,0,0.0,0,0,0,0,0,0,0,0,0,0,0,0,0,0,0,0,0,0,0,0,0,0,0,0,0,0,0,0,0,0,0,0,0,38,14,7,45,65476,0,300,0,0,8,21553,0.0,-107605600.0,0.0,0.0,0.0,0.0,0.0,0.0,0.0,0.0,0.0,0.0,0.0,0.0,0.0,0.0,0.0,0.0,0.0,0.0,0.0,0.0,0.0,0.0,-2.004,2.004,0.0,0.0,0.0,0.0,5041.0,0.0,0.0,0.0,0.0,0.0,-107615304.0,0.0,0.0,0.0,0.0,53,3.222028592685471e+26,0.059,0.0,0.0,0.0,0.0,0.0,0.0,0.0,0,0,0,0.0,0.0,0.0,0.0,0.0,0.0,0.0,0.0,0.0,0.0,0.0,0.0,0.0,0.0,0.0,0.0,0,-107875648.0,53,0.0,106,-107614832.0,2.7006707062415038e+23,ERR,ERR,ERR,ERR,ERR,ERR,ERR,ERR,ERR,ERR,ERR,ERR,ERR,ERR,ERR,ERR,ERR,ERR,ERR,ERR,ERR,ERR,ERR,ERR,ERR,ERR,ERR,ERR,ERR,ERR,ERR,ERR,ERR,ERR,ERR,ERR,ERR,ERR,ERR,ERR,ERR,ERR,ERR,ERR,ERR,ERR,ERR,ERR,ERR,ERR,ERR,ERR,ERR,ERR,ERR,ERR,ERR,ERR,ERR,ERR,ERR,ERR,ERR,ERR,ERR,ERR,ERR,50.0,60.0,100,0.0,0.0,0.0,0.0,0.0,0.0,0.0,0.0,0.0,0.0,0.0,0.0,0.0,0.0,0.0,0.0,61.6,78,11,65508,50,65476,0,300,0,0,8,20529,65476,0,0,26214,60.0,0.0,0.0,0.0,0.0,0.0
2026-05-17T16:43:50,ERR,ERR,ERR,ERR,ERR,ERR,ERR,ERR,ERR,ERR,ERR,ERR,ERR,ERR,ERR,ERR,ERR,ERR,ERR,ERR,ERR,ERR,ERR,ERR,ERR,ERR,ERR,ERR,ERR,ERR,ERR,ERR,ERR,ERR,ERR,ERR,ERR,ERR,ERR,ERR,ERR,ERR,ERR,ERR,ERR,ERR,ERR,ERR,ERR,ERR,ERR,ERR,ERR,ERR,ERR,ERR,ERR,ERR,ERR,ERR,ERR,ERR,ERR,ERR,ERR,ERR,ERR,ERR,ERR,ERR,ERR,ERR,ERR,ERR,ERR,ERR,ERR,ERR,ERR,ERR,ERR,ERR,ERR,ERR,ERR,ERR,ERR,ERR,ERR,ERR,ERR,ERR,ERR,ERR,ERR,ERR,ERR,ERR,ERR,ERR,ERR,ERR,ERR,ERR,ERR,ERR,ERR,ERR,ERR,ERR,ERR,ERR,ERR,ERR,ERR,ERR,ERR,ERR,ERR,ERR,ERR,ERR,ERR,ERR,ERR,0.0,0.0,-134474944.0,0.0,0.0,1.3936040501711995e+18,7.805,0.0,0,0,4,0,8422,0.0,45,0.0,0.0,0.0,0.0,0.0,0,0,0,0,0.0,0,0,0,0,0,0,0,0,0,0,0,0,0,0,0,0,0,0,0,0,0,0,0,0,0,0,0,0,0,0,0,0,0,38,14,7,45,65476,0,300,0,0,8,21553,0.0,-107605600.0,0.0,0.0,0.0,0.0,0.0,0.0,0.0,0.0,0.0,0.0,0.0,0.0,0.0,0.0,0.0,0.0,0.0,0.0,0.0,0.0,0.0,0.0,-2.004,2.004,0.0,0.0,0.0,0.0,5041.0,0.0,0.0,0.0,0.0,0.0,-107615304.0,0.0,0.0,0.0,0.0,53,3.222028592685471e+26,0.059,0.0,0.0,0.0,0.0,0.0,0.0,0.0,0,0,0,0.0,0.0,0.0,0.0,0.0,0.0,0.0,0.0,0.0,0.0,0.0,0.0,0.0,0.0,0.0,0.0,0,-107875648.0,53,0.0,106,-107614832.0,2.7006707062415038e+23,ERR,ERR,ERR,ERR,ERR,ERR,ERR,ERR,ERR,ERR,ERR,ERR,ERR,ERR,ERR,ERR,ERR,ERR,ERR,ERR,ERR,ERR,ERR,ERR,ERR,ERR,ERR,ERR,ERR,ERR,ERR,ERR,ERR,ERR,ERR,ERR,ERR,ERR,ERR,ERR,ERR,ERR,ERR,ERR,ERR,ERR,ERR,ERR,ERR,ERR,ERR,ERR,ERR,ERR,ERR,ERR,ERR,ERR,ERR,ERR,ERR,ERR,ERR,ERR,ERR,ERR,ERR,50.0,60.0,100,0.0,0.0,0.0,0.0,0.0,0.0,0.0,0.0,0.0,0.0,0.0,0.0,0.0,0.0,0.0,0.0,61.6,78,11,65508,50,65476,0,300,0,0,8,20529,65476,0,0,26214,60.0,0.0,0.0,0.0,0.0,0.0
2026-05-17T16:43:51,ERR,ERR,ERR,ERR,ERR,ERR,ERR,ERR,ERR,ERR,ERR,ERR,ERR,ERR,ERR,ERR,ERR,ERR,ERR,ERR,ERR,ERR,ERR,ERR,ERR,ERR,ERR,ERR,ERR,ERR,ERR,ERR,ERR,ERR,ERR,ERR,ERR,ERR,ERR,ERR,ERR,ERR,ERR,ERR,ERR,ERR,ERR,ERR,ERR,ERR,ERR,ERR,ERR,ERR,ERR,ERR,ERR,ERR,ERR,ERR,ERR,ERR,ERR,ERR,ERR,ERR,ERR,ERR,ERR,ERR,ERR,ERR,ERR,ERR,ERR,ERR,ERR,ERR,ERR,ERR,ERR,ERR,ERR,ERR,ERR,ERR,ERR,ERR,ERR,ERR,ERR,ERR,ERR,ERR,ERR,ERR,ERR,ERR,ERR,ERR,ERR,ERR,ERR,ERR,ERR,ERR,ERR,ERR,ERR,ERR,ERR,ERR,ERR,ERR,ERR,ERR,ERR,ERR,ERR,ERR,ERR,ERR,ERR,ERR,ERR,0.0,0.0,-134474944.0,0.0,0.0,1.3936040501711995e+18,7.805,0.0,0,0,4,0,8422,0.0,45,0.0,0.0,0.0,0.0,0.0,0,0,0,0,0.0,0,0,0,0,0,0,0,0,0,0,0,0,0,0,0,0,0,0,0,0,0,0,0,0,0,0,0,0,0,0,0,0,0,38,14,7,45,65476,0,300,0,0,8,21553,0.0,-107605600.0,0.0,0.0,0.0,0.0,0.0,0.0,0.0,0.0,0.0,0.0,0.0,0.0,0.0,0.0,0.0,0.0,0.0,0.0,0.0,0.0,0.0,0.0,-2.004,2.004,0.0,0.0,0.0,0.0,5041.0,0.0,0.0,0.0,0.0,0.0,-107615304.0,0.0,0.0,0.0,0.0,53,3.222028592685471e+26,0.059,0.0,0.0,0.0,0.0,0.0,0.0,0.0,0,0,0,0.0,0.0,0.0,0.0,0.0,0.0,0.0,0.0,0.0,0.0,0.0,0.0,0.0,0.0,0.0,0.0,0,-107875648.0,53,0.0,106,-107614832.0,2.7006707062415038e+23,ERR,ERR,ERR,ERR,ERR,ERR,ERR,ERR,ERR,ERR,ERR,ERR,ERR,ERR,ERR,ERR,ERR,ERR,ERR,ERR,ERR,ERR,ERR,ERR,ERR,ERR,ERR,ERR,ERR,ERR,ERR,ERR,ERR,ERR,ERR,ERR,ERR,ERR,ERR,ERR,ERR,ERR,ERR,ERR,ERR,ERR,ERR,ERR,ERR,ERR,ERR,ERR,ERR,ERR,ERR,ERR,ERR,ERR,ERR,ERR,ERR,ERR,ERR,ERR,ERR,ERR,ERR,50.0,60.0,100,0.0,0.0,0.0,0.0,0.0,0.0,0.0,0.0,0.0,0.0,0.0,0.0,0.0,0.0,0.0,0.0,61.6,78,11,65508,50,65476,0,300,0,0,8,20529,65476,0,0,26214,60.0,0.0,0.0,0.0,0.0,0.0
2026-05-17T16:43:52,ERR,ERR,ERR,ERR,ERR,ERR,ERR,ERR,ERR,ERR,ERR,ERR,ERR,ERR,ERR,ERR,ERR,ERR,ERR,ERR,ERR,ERR,ERR,ERR,ERR,ERR,ERR,ERR,ERR,ERR,ERR,ERR,ERR,ERR,ERR,ERR,ERR,ERR,ERR,ERR,ERR,ERR,ERR,ERR,ERR,ERR,ERR,ERR,ERR,ERR,ERR,ERR,ERR,ERR,ERR,ERR,ERR,ERR,ERR,ERR,ERR,ERR,ERR,ERR,ERR,ERR,ERR,ERR,ERR,ERR,ERR,ERR,ERR,ERR,ERR,ERR,ERR,ERR,ERR,ERR,ERR,ERR,ERR,ERR,ERR,ERR,ERR,ERR,ERR,ERR,ERR,ERR,ERR,ERR,ERR,ERR,ERR,ERR,ERR,ERR,ERR,ERR,ERR,ERR,ERR,ERR,ERR,ERR,ERR,ERR,ERR,ERR,ERR,ERR,ERR,ERR,ERR,ERR,ERR,ERR,ERR,ERR,ERR,ERR,ERR,0.0,0.0,-134474944.0,0.0,0.0,1.3936040501711995e+18,7.805,0.0,0,0,4,0,8422,0.0,45,0.0,0.0,0.0,0.0,0.0,0,0,0,0,0.0,0,0,0,0,0,0,0,0,0,0,0,0,0,0,0,0,0,0,0,0,0,0,0,0,0,0,0,0,0,0,0,0,0,38,14,7,45,65476,0,300,0,0,8,21553,0.0,-107605600.0,0.0,0.0,0.0,0.0,0.0,0.0,0.0,0.0,0.0,0.0,0.0,0.0,0.0,0.0,0.0,0.0,0.0,0.0,0.0,0.0,0.0,0.0,-2.004,2.004,0.0,0.0,0.0,0.0,5041.0,0.0,0.0,0.0,0.0,0.0,-107615304.0,0.0,0.0,0.0,0.0,53,3.222028592685471e+26,0.059,0.0,0.0,0.0,0.0,0.0,0.0,0.0,0,0,0,0.0,0.0,0.0,0.0,0.0,0.0,0.0,0.0,0.0,0.0,0.0,0.0,0.0,0.0,0.0,0.0,0,-107875648.0,53,0.0,106,-107614832.0,2.7006707062415038e+23,ERR,ERR,ERR,ERR,ERR,ERR,ERR,ERR,ERR,ERR,ERR,ERR,ERR,ERR,ERR,ERR,ERR,ERR,ERR,ERR,ERR,ERR,ERR,ERR,ERR,ERR,ERR,ERR,ERR,ERR,ERR,ERR,ERR,ERR,ERR,ERR,ERR,ERR,ERR,ERR,ERR,ERR,ERR,ERR,ERR,ERR,ERR,ERR,ERR,ERR,ERR,ERR,ERR,ERR,ERR,ERR,ERR,ERR,ERR,ERR,ERR,ERR,ERR,ERR,ERR,ERR,ERR,50.0,60.0,100,0.0,0.0,0.0,0.0,0.0,0.0,0.0,0.0,0.0,0.0,0.0,0.0,0.0,0.0,0.0,0.0,62.0,78,11,65508,50,65476,0,300,0,0,8,20529,65476,0,0,26214,60.0,0.0,0.0,0.0,0.0,0.0
2026-05-17T16:43:53,ERR,ERR,ERR,ERR,ERR,ERR,ERR,ERR,ERR,ERR,ERR,ERR,ERR,ERR,ERR,ERR,ERR,ERR,ERR,ERR,ERR,ERR,ERR,ERR,ERR,ERR,ERR,ERR,ERR,ERR,ERR,ERR,ERR,ERR,ERR,ERR,ERR,ERR,ERR,ERR,ERR,ERR,ERR,ERR,ERR,ERR,ERR,ERR,ERR,ERR,ERR,ERR,ERR,ERR,ERR,ERR,ERR,ERR,ERR,ERR,ERR,ERR,ERR,ERR,ERR,ERR,ERR,ERR,ERR,ERR,ERR,ERR,ERR,ERR,ERR,ERR,ERR,ERR,ERR,ERR,ERR,ERR,ERR,ERR,ERR,ERR,ERR,ERR,ERR,ERR,ERR,ERR,ERR,ERR,ERR,ERR,ERR,ERR,ERR,ERR,ERR,ERR,ERR,ERR,ERR,ERR,ERR,ERR,ERR,ERR,ERR,ERR,ERR,ERR,ERR,ERR,ERR,ERR,ERR,ERR,ERR,ERR,ERR,ERR,ERR,0.0,0.0,-134474944.0,0.0,0.0,1.3936040501711995e+18,7.805,0.0,0,0,4,0,8422,0.0,45,0.0,0.0,0.0,0.0,0.0,0,0,0,0,0.0,0,0,0,0,0,0,0,0,0,0,0,0,0,0,0,0,0,0,0,0,0,0,0,0,0,0,0,0,0,0,0,0,0,38,14,7,45,65476,0,300,0,0,8,21553,0.0,-107605600.0,0.0,0.0,0.0,0.0,0.0,0.0,0.0,0.0,0.0,0.0,0.0,0.0,0.0,0.0,0.0,0.0,0.0,0.0,0.0,0.0,0.0,0.0,-2.004,2.004,0.0,0.0,0.0,0.0,5046.0,0.0,0.0,0.0,0.0,0.0,-107615304.0,0.0,0.0,0.0,0.0,53,-0.0,0.059,0.0,0.0,0.0,0.0,0.0,0.0,0.0,0,0,0,0.0,0.0,0.0,0.0,0.0,0.0,0.0,0.0,0.0,0.0,0.0,0.0,0.0,0.0,0.0,0.0,0,-107875648.0,53,0.0,106,-107614832.0,2.7006707062415038e+23,ERR,ERR,ERR,ERR,ERR,ERR,ERR,ERR,ERR,ERR,ERR,ERR,ERR,ERR,ERR,ERR,ERR,ERR,ERR,ERR,ERR,ERR,ERR,ERR,ERR,ERR,ERR,ERR,ERR,ERR,ERR,ERR,ERR,ERR,ERR,ERR,ERR,ERR,ERR,ERR,ERR,ERR,ERR,ERR,ERR,ERR,ERR,ERR,ERR,ERR,ERR,ERR,ERR,ERR,ERR,ERR,ERR,ERR,ERR,ERR,ERR,ERR,ERR,ERR,ERR,ERR,ERR,50.0,60.0,100,0.0,0.0,0.0,0.0,0.0,0.0,0.0,0.0,0.0,0.0,0.0,0.0,0.0,0.0,0.0,0.0,62.0,78,11,65508,50,65476,0,300,0,0,8,20529,65476,0,0,26214,60.0,0.0,0.0,0.0,0.0,0.0
2026-05-17T16:43:54,ERR,ERR,ERR,ERR,ERR,ERR,ERR,ERR,ERR,ERR,ERR,ERR,ERR,ERR,ERR,ERR,ERR,ERR,ERR,ERR,ERR,ERR,ERR,ERR,ERR,ERR,ERR,ERR,ERR,ERR,ERR,ERR,ERR,ERR,ERR,ERR,ERR,ERR,ERR,ERR,ERR,ERR,ERR,ERR,ERR,ERR,ERR,ERR,ERR,ERR,ERR,ERR,ERR,ERR,ERR,ERR,ERR,ERR,ERR,ERR,ERR,ERR,ERR,ERR,ERR,ERR,ERR,ERR,ERR,ERR,ERR,ERR,ERR,ERR,ERR,ERR,ERR,ERR,ERR,ERR,ERR,ERR,ERR,ERR,ERR,ERR,ERR,ERR,ERR,ERR,ERR,ERR,ERR,ERR,ERR,ERR,ERR,ERR,ERR,ERR,ERR,ERR,ERR,ERR,ERR,ERR,ERR,ERR,ERR,ERR,ERR,ERR,ERR,ERR,ERR,ERR,ERR,ERR,ERR,ERR,ERR,ERR,ERR,ERR,ERR,0.0,0.0,-134474944.0,0.0,0.0,1.3936040501711995e+18,7.805,0.0,0,0,4,0,8422,0.0,45,0.0,0.0,0.0,0.0,0.0,0,0,0,0,0.0,0,0,0,0,0,0,0,0,0,0,0,0,0,0,0,0,0,0,0,0,0,0,0,0,0,0,0,0,0,0,0,0,0,38,14,7,45,65476,0,300,0,0,8,21553,0.0,-107605600.0,0.0,0.0,0.0,0.0,0.0,0.0,0.0,0.0,0.0,0.0,0.0,0.0,0.0,0.0,0.0,0.0,0.0,0.0,0.0,0.0,0.0,0.0,-2.004,2.004,0.0,0.0,0.0,0.0,5046.0,0.0,0.0,0.0,0.0,0.0,-107615304.0,0.0,0.0,0.0,0.0,53,-0.0,0.059,0.0,0.0,0.0,0.0,0.0,0.0,0.0,0,0,0,0.0,0.0,0.0,0.0,0.0,0.0,0.0,0.0,0.0,0.0,0.0,0.0,0.0,0.0,0.0,0.0,0,-107875648.0,53,0.0,106,-107614832.0,2.7006707062415038e+23,ERR,ERR,ERR,ERR,ERR,ERR,ERR,ERR,ERR,ERR,ERR,ERR,ERR,ERR,ERR,ERR,ERR,ERR,ERR,ERR,ERR,ERR,ERR,ERR,ERR,ERR,ERR,ERR,ERR,ERR,ERR,ERR,ERR,ERR,ERR,ERR,ERR,ERR,ERR,ERR,ERR,ERR,ERR,ERR,ERR,ERR,ERR,ERR,ERR,ERR,ERR,ERR,ERR,ERR,ERR,ERR,ERR,ERR,ERR,ERR,ERR,ERR,ERR,ERR,ERR,ERR,ERR,50.0,60.0,100,0.0,0.0,0.0,0.0,0.0,0.0,0.0,0.0,0.0,0.0,0.0,0.0,0.0,0.0,0.0,0.0,61.6,78,11,65508,50,65476,0,300,0,0,8,20529,65476,0,0,26214,60.0,0.0,0.0,0.0,0.0,0.0
2026-05-17T16:43:55,ERR,ERR,ERR,ERR,ERR,ERR,ERR,ERR,ERR,ERR,ERR,ERR,ERR,ERR,ERR,ERR,ERR,ERR,ERR,ERR,ERR,ERR,ERR,ERR,ERR,ERR,ERR,ERR,ERR,ERR,ERR,ERR,ERR,ERR,ERR,ERR,ERR,ERR,ERR,ERR,ERR,ERR,ERR,ERR,ERR,ERR,ERR,ERR,ERR,ERR,ERR,ERR,ERR,ERR,ERR,ERR,ERR,ERR,ERR,ERR,ERR,ERR,ERR,ERR,ERR,ERR,ERR,ERR,ERR,ERR,ERR,ERR,ERR,ERR,ERR,ERR,ERR,ERR,ERR,ERR,ERR,ERR,ERR,ERR,ERR,ERR,ERR,ERR,ERR,ERR,ERR,ERR,ERR,ERR,ERR,ERR,ERR,ERR,ERR,ERR,ERR,ERR,ERR,ERR,ERR,ERR,ERR,ERR,ERR,ERR,ERR,ERR,ERR,ERR,ERR,ERR,ERR,ERR,ERR,ERR,ERR,ERR,ERR,ERR,ERR,0.0,0.0,-134474944.0,0.0,0.0,1.3936040501711995e+18,7.805,0.0,0,0,4,0,8422,0.0,45,0.0,0.0,0.0,0.0,0.0,0,0,0,0,0.0,0,0,0,0,0,0,0,0,0,0,0,0,0,0,0,0,0,0,0,0,0,0,0,0,0,0,0,0,0,0,0,0,0,38,14,7,45,65476,0,300,0,0,8,21553,0.0,-107605600.0,0.0,0.0,0.0,0.0,0.0,0.0,0.0,0.0,0.0,0.0,0.0,0.0,0.0,0.0,0.0,0.0,0.0,0.0,0.0,0.0,0.0,0.0,-2.004,2.004,0.0,0.0,0.0,0.0,5046.0,0.0,0.0,0.0,0.0,0.0,-107615304.0,0.0,0.0,0.0,0.0,53,-0.0,0.059,0.0,0.0,0.0,0.0,0.0,0.0,0.0,0,0,0,0.0,0.0,0.0,0.0,0.0,0.0,0.0,0.0,0.0,0.0,0.0,0.0,0.0,0.0,0.0,0.0,0,-107875648.0,53,0.0,106,-107614832.0,2.7006707062415038e+23,ERR,ERR,ERR,ERR,ERR,ERR,ERR,ERR,ERR,ERR,ERR,ERR,ERR,ERR,ERR,ERR,ERR,ERR,ERR,ERR,ERR,ERR,ERR,ERR,ERR,ERR,ERR,ERR,ERR,ERR,ERR,ERR,ERR,ERR,ERR,ERR,ERR,ERR,ERR,ERR,ERR,ERR,ERR,ERR,ERR,ERR,ERR,ERR,ERR,ERR,ERR,ERR,ERR,ERR,ERR,ERR,ERR,ERR,ERR,ERR,ERR,ERR,ERR,ERR,ERR,ERR,ERR,50.0,60.0,100,0.0,0.0,0.0,0.0,0.0,0.0,0.0,0.0,0.0,0.0,0.0,0.0,0.0,0.0,0.0,0.0,61.6,78,11,65508,50,65476,0,300,0,0,8,20529,65476,0,0,26214,60.0,0.0,0.0,0.0,0.0,0.0
2026-05-17T16:43:56,ERR,ERR,ERR,ERR,ERR,ERR,ERR,ERR,ERR,ERR,ERR,ERR,ERR,ERR,ERR,ERR,ERR,ERR,ERR,ERR,ERR,ERR,ERR,ERR,ERR,ERR,ERR,ERR,ERR,ERR,ERR,ERR,ERR,ERR,ERR,ERR,ERR,ERR,ERR,ERR,ERR,ERR,ERR,ERR,ERR,ERR,ERR,ERR,ERR,ERR,ERR,ERR,ERR,ERR,ERR,ERR,ERR,ERR,ERR,ERR,ERR,ERR,ERR,ERR,ERR,ERR,ERR,ERR,ERR,ERR,ERR,ERR,ERR,ERR,ERR,ERR,ERR,ERR,ERR,ERR,ERR,ERR,ERR,ERR,ERR,ERR,ERR,ERR,ERR,ERR,ERR,ERR,ERR,ERR,ERR,ERR,ERR,ERR,ERR,ERR,ERR,ERR,ERR,ERR,ERR,ERR,ERR,ERR,ERR,ERR,ERR,ERR,ERR,ERR,ERR,ERR,ERR,ERR,ERR,ERR,ERR,ERR,ERR,ERR,ERR,0.0,0.0,-134474944.0,0.0,0.0,1.3936040501711995e+18,7.805,0.0,0,0,4,0,8422,0.0,45,0.0,0.0,0.0,0.0,0.0,0,0,0,0,0.0,0,0,0,0,0,0,0,0,0,0,0,0,0,0,0,0,0,0,0,0,0,0,0,0,0,0,0,0,0,0,0,0,0,38,14,7,45,65476,0,300,0,0,8,21553,0.0,-107605600.0,0.0,0.0,0.0,0.0,0.0,0.0,0.0,0.0,0.0,0.0,0.0,0.0,0.0,0.0,0.0,0.0,0.0,0.0,0.0,0.0,0.0,0.0,-2.004,2.004,0.0,0.0,0.0,0.0,5046.0,0.0,0.0,0.0,0.0,0.0,-107615304.0,0.0,0.0,0.0,0.0,53,-0.0,0.059,0.0,0.0,0.0,0.0,0.0,0.0,0.0,0,0,0,0.0,0.0,0.0,0.0,0.0,0.0,0.0,0.0,0.0,0.0,0.0,0.0,0.0,0.0,0.0,0.0,0,-107875648.0,53,0.0,106,-107614832.0,2.7006707062415038e+23,ERR,ERR,ERR,ERR,ERR,ERR,ERR,ERR,ERR,ERR,ERR,ERR,ERR,ERR,ERR,ERR,ERR,ERR,ERR,ERR,ERR,ERR,ERR,ERR,ERR,ERR,ERR,ERR,ERR,ERR,ERR,ERR,ERR,ERR,ERR,ERR,ERR,ERR,ERR,ERR,ERR,ERR,ERR,ERR,ERR,ERR,ERR,ERR,ERR,ERR,ERR,ERR,ERR,ERR,ERR,ERR,ERR,ERR,ERR,ERR,ERR,ERR,ERR,ERR,ERR,ERR,ERR,50.0,60.0,100,0.0,0.0,0.0,0.0,0.0,0.0,0.0,0.0,0.0,0.0,0.0,0.0,0.0,0.0,0.0,0.0,61.6,78,11,65508,50,65476,0,300,0,0,8,20529,65476,0,0,26214,60.0,0.0,0.0,0.0,0.0,0.0
2026-05-17T16:43:57,ERR,ERR,ERR,ERR,ERR,ERR,ERR,ERR,ERR,ERR,ERR,ERR,ERR,ERR,ERR,ERR,ERR,ERR,ERR,ERR,ERR,ERR,ERR,ERR,ERR,ERR,ERR,ERR,ERR,ERR,ERR,ERR,ERR,ERR,ERR,ERR,ERR,ERR,ERR,ERR,ERR,ERR,ERR,ERR,ERR,ERR,ERR,ERR,ERR,ERR,ERR,ERR,ERR,ERR,ERR,ERR,ERR,ERR,ERR,ERR,ERR,ERR,ERR,ERR,ERR,ERR,ERR,ERR,ERR,ERR,ERR,ERR,ERR,ERR,ERR,ERR,ERR,ERR,ERR,ERR,ERR,ERR,ERR,ERR,ERR,ERR,ERR,ERR,ERR,ERR,ERR,ERR,ERR,ERR,ERR,ERR,ERR,ERR,ERR,ERR,ERR,ERR,ERR,ERR,ERR,ERR,ERR,ERR,ERR,ERR,ERR,ERR,ERR,ERR,ERR,ERR,ERR,ERR,ERR,ERR,ERR,ERR,ERR,ERR,ERR,0.0,0.0,-134474944.0,0.0,0.0,1.3936040501711995e+18,7.805,0.0,0,0,4,0,8422,0.0,45,0.0,0.0,0.0,0.0,0.0,0,0,0,0,0.0,0,0,0,0,0,0,0,0,0,0,0,0,0,0,0,0,0,0,0,0,0,0,0,0,0,0,0,0,0,0,0,0,0,38,14,7,45,65476,0,300,0,0,8,21553,0.0,-107605600.0,0.0,0.0,0.0,0.0,0.0,0.0,0.0,0.0,0.0,0.0,0.0,0.0,0.0,0.0,0.0,0.0,0.0,0.0,0.0,0.0,0.0,0.0,-2.004,2.004,0.0,0.0,0.0,0.0,5046.0,0.0,0.0,0.0,0.0,0.0,-107615304.0,0.0,0.0,0.0,0.0,53,-0.0,0.059,0.0,0.0,0.0,0.0,0.0,0.0,0.0,0,0,0,0.0,0.0,0.0,0.0,0.0,0.0,0.0,0.0,0.0,0.0,0.0,0.0,0.0,0.0,0.0,0.0,0,-107875648.0,53,0.0,106,-107614832.0,2.7006707062415038e+23,ERR,ERR,ERR,ERR,ERR,ERR,ERR,ERR,ERR,ERR,ERR,ERR,ERR,ERR,ERR,ERR,ERR,ERR,ERR,ERR,ERR,ERR,ERR,ERR,ERR,ERR,ERR,ERR,ERR,ERR,ERR,ERR,ERR,ERR,ERR,ERR,ERR,ERR,ERR,ERR,ERR,ERR,ERR,ERR,ERR,ERR,ERR,ERR,ERR,ERR,ERR,ERR,ERR,ERR,ERR,ERR,ERR,ERR,ERR,ERR,ERR,ERR,ERR,ERR,ERR,ERR,ERR,50.0,60.0,100,0.0,0.0,0.0,0.0,0.0,0.0,0.0,0.0,0.0,0.0,0.0,0.0,0.0,0.0,0.0,0.0,61.6,78,11,65508,50,65476,0,300,0,0,8,20529,65476,0,0,26214,60.0,0.0,0.0,0.0,0.0,0.0
2026-05-17T16:43:58,ERR,ERR,ERR,ERR,ERR,ERR,ERR,ERR,ERR,ERR,ERR,ERR,ERR,ERR,ERR,ERR,ERR,ERR,ERR,ERR,ERR,ERR,ERR,ERR,ERR,ERR,ERR,ERR,ERR,ERR,ERR,ERR,ERR,ERR,ERR,ERR,ERR,ERR,ERR,ERR,ERR,ERR,ERR,ERR,ERR,ERR,ERR,ERR,ERR,ERR,ERR,ERR,ERR,ERR,ERR,ERR,ERR,ERR,ERR,ERR,ERR,ERR,ERR,ERR,ERR,ERR,ERR,ERR,ERR,ERR,ERR,ERR,ERR,ERR,ERR,ERR,ERR,ERR,ERR,ERR,ERR,ERR,ERR,ERR,ERR,ERR,ERR,ERR,ERR,ERR,ERR,ERR,ERR,ERR,ERR,ERR,ERR,ERR,ERR,ERR,ERR,ERR,ERR,ERR,ERR,ERR,ERR,ERR,ERR,ERR,ERR,ERR,ERR,ERR,ERR,ERR,ERR,ERR,ERR,ERR,ERR,ERR,ERR,ERR,ERR,0.0,0.0,-134474944.0,0.0,0.0,1.3936040501711995e+18,7.805,0.0,0,0,4,0,8422,0.0,45,0.0,0.0,0.0,0.0,0.0,0,0,0,0,0.0,0,0,0,0,0,0,0,0,0,0,0,0,0,0,0,0,0,0,0,0,0,0,0,0,0,0,0,0,0,0,0,0,0,38,14,7,45,65476,0,300,0,0,8,21553,0.0,-107605600.0,0.0,0.0,0.0,0.0,0.0,0.0,0.0,0.0,0.0,0.0,0.0,0.0,0.0,0.0,0.0,0.0,0.0,0.0,0.0,0.0,0.0,0.0,-2.004,2.004,0.0,0.0,0.0,0.0,5050.0,0.0,0.0,0.0,0.0,0.0,-107615304.0,0.0,0.0,0.0,0.0,53,-0.0,0.0,0.0,0.0,0.0,0.0,0.0,0.0,0.0,0,0,0,0.0,0.0,0.0,0.0,0.0,0.0,0.0,0.0,0.0,0.0,0.0,0.0,0.0,0.0,0.0,0.0,0,-107875648.0,53,0.0,106,-107614832.0,2.7006707062415038e+23,ERR,ERR,ERR,ERR,ERR,ERR,ERR,ERR,ERR,ERR,ERR,ERR,ERR,ERR,ERR,ERR,ERR,ERR,ERR,ERR,ERR,ERR,ERR,ERR,ERR,ERR,ERR,ERR,ERR,ERR,ERR,ERR,ERR,ERR,ERR,ERR,ERR,ERR,ERR,ERR,ERR,ERR,ERR,ERR,ERR,ERR,ERR,ERR,ERR,ERR,ERR,ERR,ERR,ERR,ERR,ERR,ERR,ERR,ERR,ERR,ERR,ERR,ERR,ERR,ERR,ERR,ERR,50.0,60.0,100,0.0,0.0,0.0,0.0,0.0,0.0,0.0,0.0,0.0,0.0,0.0,0.0,0.0,0.0,0.0,0.0,61.6,78,11,65508,50,65476,0,300,0,0,8,20529,65476,0,0,26214,60.0,0.0,0.0,0.0,0.0,0.0
2026-05-17T16:43:59,ERR,ERR,ERR,ERR,ERR,ERR,ERR,ERR,ERR,ERR,ERR,ERR,ERR,ERR,ERR,ERR,ERR,ERR,ERR,ERR,ERR,ERR,ERR,ERR,ERR,ERR,ERR,ERR,ERR,ERR,ERR,ERR,ERR,ERR,ERR,ERR,ERR,ERR,ERR,ERR,ERR,ERR,ERR,ERR,ERR,ERR,ERR,ERR,ERR,ERR,ERR,ERR,ERR,ERR,ERR,ERR,ERR,ERR,ERR,ERR,ERR,ERR,ERR,ERR,ERR,ERR,ERR,ERR,ERR,ERR,ERR,ERR,ERR,ERR,ERR,ERR,ERR,ERR,ERR,ERR,ERR,ERR,ERR,ERR,ERR,ERR,ERR,ERR,ERR,ERR,ERR,ERR,ERR,ERR,ERR,ERR,ERR,ERR,ERR,ERR,ERR,ERR,ERR,ERR,ERR,ERR,ERR,ERR,ERR,ERR,ERR,ERR,ERR,ERR,ERR,ERR,ERR,ERR,ERR,ERR,ERR,ERR,ERR,ERR,ERR,0.0,0.0,-134474944.0,0.0,0.0,1.3936040501711995e+18,7.805,0.0,0,0,4,0,8422,0.0,45,0.0,0.0,0.0,0.0,0.0,0,0,0,0,0.0,0,0,0,0,0,0,0,0,0,0,0,0,0,0,0,0,0,0,0,0,0,0,0,0,0,0,0,0,0,0,0,0,0,38,14,7,45,65476,0,300,0,0,8,21553,0.0,-107605600.0,0.0,0.0,0.0,0.0,0.0,0.0,0.0,0.0,0.0,0.0,0.0,0.0,0.0,0.0,0.0,0.0,0.0,0.0,0.0,0.0,0.0,0.0,-2.004,2.004,0.0,0.0,0.0,0.0,5050.0,0.0,0.0,0.0,0.0,0.0,-107615304.0,0.0,0.0,0.0,0.0,53,-0.0,0.0,0.0,0.0,0.0,0.0,0.0,0.0,0.0,0,0,0,0.0,0.0,0.0,0.0,0.0,0.0,0.0,0.0,0.0,0.0,0.0,0.0,0.0,0.0,0.0,0.0,0,-107875648.0,53,0.0,106,-107614832.0,2.7006707062415038e+23,ERR,ERR,ERR,ERR,ERR,ERR,ERR,ERR,ERR,ERR,ERR,ERR,ERR,ERR,ERR,ERR,ERR,ERR,ERR,ERR,ERR,ERR,ERR,ERR,ERR,ERR,ERR,ERR,ERR,ERR,ERR,ERR,ERR,ERR,ERR,ERR,ERR,ERR,ERR,ERR,ERR,ERR,ERR,ERR,ERR,ERR,ERR,ERR,ERR,ERR,ERR,ERR,ERR,ERR,ERR,ERR,ERR,ERR,ERR,ERR,ERR,ERR,ERR,ERR,ERR,ERR,ERR,50.0,60.0,100,0.0,0.0,0.0,0.0,0.0,0.0,0.0,0.0,0.0,0.0,0.0,0.0,0.0,0.0,0.0,0.0,62.0,78,11,65508,50,65476,0,300,0,0,8,20529,65476,0,0,26214,60.0,0.0,0.0,0.0,0.0,0.0
2026-05-17T16:44:00,ERR,ERR,ERR,ERR,ERR,ERR,ERR,ERR,ERR,ERR,ERR,ERR,ERR,ERR,ERR,ERR,ERR,ERR,ERR,ERR,ERR,ERR,ERR,ERR,ERR,ERR,ERR,ERR,ERR,ERR,ERR,ERR,ERR,ERR,ERR,ERR,ERR,ERR,ERR,ERR,ERR,ERR,ERR,ERR,ERR,ERR,ERR,ERR,ERR,ERR,ERR,ERR,ERR,ERR,ERR,ERR,ERR,ERR,ERR,ERR,ERR,ERR,ERR,ERR,ERR,ERR,ERR,ERR,ERR,ERR,ERR,ERR,ERR,ERR,ERR,ERR,ERR,ERR,ERR,ERR,ERR,ERR,ERR,ERR,ERR,ERR,ERR,ERR,ERR,ERR,ERR,ERR,ERR,ERR,ERR,ERR,ERR,ERR,ERR,ERR,ERR,ERR,ERR,ERR,ERR,ERR,ERR,ERR,ERR,ERR,ERR,ERR,ERR,ERR,ERR,ERR,ERR,ERR,ERR,ERR,ERR,ERR,ERR,ERR,ERR,0.0,0.0,-134474944.0,0.0,0.0,1.3936040501711995e+18,7.805,0.0,0,0,4,0,8422,0.0,45,0.0,0.0,0.0,0.0,0.0,0,0,0,0,0.0,0,0,0,0,0,0,0,0,0,0,0,0,0,0,0,0,0,0,0,0,0,0,0,0,0,0,0,0,0,0,0,0,0,38,14,7,45,65476,0,300,0,0,8,21553,0.0,-107605600.0,0.0,0.0,0.0,0.0,0.0,0.0,0.0,0.0,0.0,0.0,0.0,0.0,0.0,0.0,0.0,0.0,0.0,0.0,0.0,0.0,0.0,0.0,-2.004,2.004,0.0,0.0,0.0,0.0,5050.0,0.0,0.0,0.0,0.0,0.0,-107615304.0,0.0,0.0,0.0,0.0,53,-0.0,0.0,0.0,0.0,0.0,0.0,0.0,0.0,0.0,0,0,0,0.0,0.0,0.0,0.0,0.0,0.0,0.0,0.0,0.0,0.0,0.0,0.0,0.0,0.0,0.0,0.0,0,-107875648.0,53,0.0,106,-107614832.0,2.7006707062415038e+23,ERR,ERR,ERR,ERR,ERR,ERR,ERR,ERR,ERR,ERR,ERR,ERR,ERR,ERR,ERR,ERR,ERR,ERR,ERR,ERR,ERR,ERR,ERR,ERR,ERR,ERR,ERR,ERR,ERR,ERR,ERR,ERR,ERR,ERR,ERR,ERR,ERR,ERR,ERR,ERR,ERR,ERR,ERR,ERR,ERR,ERR,ERR,ERR,ERR,ERR,ERR,ERR,ERR,ERR,ERR,ERR,ERR,ERR,ERR,ERR,ERR,ERR,ERR,ERR,ERR,ERR,ERR,50.0,60.0,100,0.0,0.0,0.0,0.0,0.0,0.0,0.0,0.0,0.0,0.0,0.0,0.0,0.0,0.0,0.0,0.0,62.0,78,11,65508,50,65476,0,300,0,0,8,20529,65476,0,0,26214,60.0,0.0,0.0,0.0,0.0,0.0
2026-05-17T16:44:01,ERR,ERR,ERR,ERR,ERR,ERR,ERR,ERR,ERR,ERR,ERR,ERR,ERR,ERR,ERR,ERR,ERR,ERR,ERR,ERR,ERR,ERR,ERR,ERR,ERR,ERR,ERR,ERR,ERR,ERR,ERR,ERR,ERR,ERR,ERR,ERR,ERR,ERR,ERR,ERR,ERR,ERR,ERR,ERR,ERR,ERR,ERR,ERR,ERR,ERR,ERR,ERR,ERR,ERR,ERR,ERR,ERR,ERR,ERR,ERR,ERR,ERR,ERR,ERR,ERR,ERR,ERR,ERR,ERR,ERR,ERR,ERR,ERR,ERR,ERR,ERR,ERR,ERR,ERR,ERR,ERR,ERR,ERR,ERR,ERR,ERR,ERR,ERR,ERR,ERR,ERR,ERR,ERR,ERR,ERR,ERR,ERR,ERR,ERR,ERR,ERR,ERR,ERR,ERR,ERR,ERR,ERR,ERR,ERR,ERR,ERR,ERR,ERR,ERR,ERR,ERR,ERR,ERR,ERR,ERR,ERR,ERR,ERR,ERR,ERR,0.0,0.0,-134474944.0,0.0,0.0,1.3936040501711995e+18,7.805,0.0,0,0,4,0,8422,0.0,45,0.0,0.0,0.0,0.0,0.0,0,0,0,0,0.0,0,0,0,0,0,0,0,0,0,0,0,0,0,0,0,0,0,0,0,0,0,0,0,0,0,0,0,0,0,0,0,0,0,38,14,7,45,65476,0,300,0,0,8,21553,0.0,-107605600.0,0.0,0.0,0.0,0.0,0.0,0.0,0.0,0.0,0.0,0.0,0.0,0.0,0.0,0.0,0.0,0.0,0.0,0.0,0.0,0.0,0.0,0.0,-2.004,2.004,0.0,0.0,0.0,0.0,5050.0,0.0,0.0,0.0,0.0,0.0,-107615304.0,0.0,0.0,0.0,0.0,53,-0.0,0.0,0.0,0.0,0.0,0.0,0.0,0.0,0.0,0,0,0,0.0,0.0,0.0,0.0,0.0,0.0,0.0,0.0,0.0,0.0,0.0,0.0,0.0,0.0,0.0,0.0,0,-107875648.0,53,0.0,106,-107614832.0,2.7006707062415038e+23,ERR,ERR,ERR,ERR,ERR,ERR,ERR,ERR,ERR,ERR,ERR,ERR,ERR,ERR,ERR,ERR,ERR,ERR,ERR,ERR,ERR,ERR,ERR,ERR,ERR,ERR,ERR,ERR,ERR,ERR,ERR,ERR,ERR,ERR,ERR,ERR,ERR,ERR,ERR,ERR,ERR,ERR,ERR,ERR,ERR,ERR,ERR,ERR,ERR,ERR,ERR,ERR,ERR,ERR,ERR,ERR,ERR,ERR,ERR,ERR,ERR,ERR,ERR,ERR,ERR,ERR,ERR,50.0,60.0,100,0.0,0.0,0.0,0.0,0.0,0.0,0.0,0.0,0.0,0.0,0.0,0.0,0.0,0.0,0.0,0.0,61.6,78,11,65508,50,65476,0,300,0,0,8,20529,65476,0,0,26214,60.0,0.0,0.0,0.0,0.0,0.0
2026-05-17T16:44:02,ERR,ERR,ERR,ERR,ERR,ERR,ERR,ERR,ERR,ERR,ERR,ERR,ERR,ERR,ERR,ERR,ERR,ERR,ERR,ERR,ERR,ERR,ERR,ERR,ERR,ERR,ERR,ERR,ERR,ERR,ERR,ERR,ERR,ERR,ERR,ERR,ERR,ERR,ERR,ERR,ERR,ERR,ERR,ERR,ERR,ERR,ERR,ERR,ERR,ERR,ERR,ERR,ERR,ERR,ERR,ERR,ERR,ERR,ERR,ERR,ERR,ERR,ERR,ERR,ERR,ERR,ERR,ERR,ERR,ERR,ERR,ERR,ERR,ERR,ERR,ERR,ERR,ERR,ERR,ERR,ERR,ERR,ERR,ERR,ERR,ERR,ERR,ERR,ERR,ERR,ERR,ERR,ERR,ERR,ERR,ERR,ERR,ERR,ERR,ERR,ERR,ERR,ERR,ERR,ERR,ERR,ERR,ERR,ERR,ERR,ERR,ERR,ERR,ERR,ERR,ERR,ERR,ERR,ERR,ERR,ERR,ERR,ERR,ERR,ERR,0.0,0.0,-134474944.0,0.0,0.0,1.3936040501711995e+18,7.805,0.0,0,0,4,0,8422,0.0,45,0.0,0.0,0.0,0.0,0.0,0,0,0,0,0.0,0,0,0,0,0,0,0,0,0,0,0,0,0,0,0,0,0,0,0,0,0,0,0,0,0,0,0,0,0,0,0,0,0,38,14,7,45,65476,0,300,0,0,8,21553,0.0,-107605600.0,0.0,0.0,0.0,0.0,0.0,0.0,0.0,0.0,0.0,0.0,0.0,0.0,0.0,0.0,0.0,0.0,0.0,0.0,0.0,0.0,0.0,0.0,-2.004,2.004,0.0,0.0,0.0,0.0,5050.0,0.0,0.0,0.0,0.0,0.0,-107615304.0,0.0,0.0,0.0,0.0,53,-0.0,0.0,0.0,0.0,0.0,0.0,0.0,0.0,0.0,0,0,0,0.0,0.0,0.0,0.0,0.0,0.0,0.0,0.0,0.0,0.0,0.0,0.0,0.0,0.0,0.0,0.0,0,-107875648.0,53,0.0,106,-107614832.0,2.7006707062415038e+23,ERR,ERR,ERR,ERR,ERR,ERR,ERR,ERR,ERR,ERR,ERR,ERR,ERR,ERR,ERR,ERR,ERR,ERR,ERR,ERR,ERR,ERR,ERR,ERR,ERR,ERR,ERR,ERR,ERR,ERR,ERR,ERR,ERR,ERR,ERR,ERR,ERR,ERR,ERR,ERR,ERR,ERR,ERR,ERR,ERR,ERR,ERR,ERR,ERR,ERR,ERR,ERR,ERR,ERR,ERR,ERR,ERR,ERR,ERR,ERR,ERR,ERR,ERR,ERR,ERR,ERR,ERR,50.0,60.0,100,0.0,0.0,0.0,0.0,0.0,0.0,0.0,0.0,0.0,0.0,0.0,0.0,0.0,0.0,0.0,0.0,61.6,78,11,65508,50,65476,0,300,0,0,8,20529,65476,0,0,26214,60.0,0.0,0.0,0.0,0.0,0.0
2026-05-17T16:44:03,ERR,ERR,ERR,ERR,ERR,ERR,ERR,ERR,ERR,ERR,ERR,ERR,ERR,ERR,ERR,ERR,ERR,ERR,ERR,ERR,ERR,ERR,ERR,ERR,ERR,ERR,ERR,ERR,ERR,ERR,ERR,ERR,ERR,ERR,ERR,ERR,ERR,ERR,ERR,ERR,ERR,ERR,ERR,ERR,ERR,ERR,ERR,ERR,ERR,ERR,ERR,ERR,ERR,ERR,ERR,ERR,ERR,ERR,ERR,ERR,ERR,ERR,ERR,ERR,ERR,ERR,ERR,ERR,ERR,ERR,ERR,ERR,ERR,ERR,ERR,ERR,ERR,ERR,ERR,ERR,ERR,ERR,ERR,ERR,ERR,ERR,ERR,ERR,ERR,ERR,ERR,ERR,ERR,ERR,ERR,ERR,ERR,ERR,ERR,ERR,ERR,ERR,ERR,ERR,ERR,ERR,ERR,ERR,ERR,ERR,ERR,ERR,ERR,ERR,ERR,ERR,ERR,ERR,ERR,ERR,ERR,ERR,ERR,ERR,ERR,0.0,0.0,-134474944.0,0.0,0.0,1.3936040501711995e+18,7.805,0.0,0,0,4,0,8422,0.0,45,0.0,0.0,0.0,0.0,0.0,0,0,0,0,0.0,0,0,0,0,0,0,0,0,0,0,0,0,0,0,0,0,0,0,0,0,0,0,0,0,0,0,0,0,0,0,0,0,0,38,14,7,45,65476,0,300,0,0,8,21553,0.0,-107605600.0,0.0,0.0,0.0,0.0,0.0,0.0,0.0,0.0,0.0,0.0,0.0,0.0,0.0,0.0,0.0,0.0,0.0,0.0,0.0,0.0,0.0,0.0,-2.004,2.004,0.0,0.0,0.0,0.0,5043.0,0.0,0.0,0.0,0.0,0.0,-107615304.0,0.0,0.0,0.0,0.0,53,4.950428597886765e+32,0.0,0.0,0.0,0.0,0.0,0.0,0.0,0.0,0,0,0,0.0,0.0,0.0,0.0,0.0,0.0,0.0,0.0,0.0,0.0,0.0,0.0,0.0,0.0,0.0,0.0,0,-107875648.0,53,0.0,106,-107614832.0,2.7006707062415038e+23,ERR,ERR,ERR,ERR,ERR,ERR,ERR,ERR,ERR,ERR,ERR,ERR,ERR,ERR,ERR,ERR,ERR,ERR,ERR,ERR,ERR,ERR,ERR,ERR,ERR,ERR,ERR,ERR,ERR,ERR,ERR,ERR,ERR,ERR,ERR,ERR,ERR,ERR,ERR,ERR,ERR,ERR,ERR,ERR,ERR,ERR,ERR,ERR,ERR,ERR,ERR,ERR,ERR,ERR,ERR,ERR,ERR,ERR,ERR,ERR,ERR,ERR,ERR,ERR,ERR,ERR,ERR,50.0,60.0,100,0.0,0.0,0.0,0.0,0.0,0.0,0.0,0.0,0.0,0.0,0.0,0.0,0.0,0.0,0.0,0.0,61.6,78,11,65508,50,65476,0,300,0,0,8,20529,65476,0,0,26214,60.0,0.0,0.0,0.0,0.0,0.0
2026-05-17T16:44:04,ERR,ERR,ERR,ERR,ERR,ERR,ERR,ERR,ERR,ERR,ERR,ERR,ERR,ERR,ERR,ERR,ERR,ERR,ERR,ERR,ERR,ERR,ERR,ERR,ERR,ERR,ERR,ERR,ERR,ERR,ERR,ERR,ERR,ERR,ERR,ERR,ERR,ERR,ERR,ERR,ERR,ERR,ERR,ERR,ERR,ERR,ERR,ERR,ERR,ERR,ERR,ERR,ERR,ERR,ERR,ERR,ERR,ERR,ERR,ERR,ERR,ERR,ERR,ERR,ERR,ERR,ERR,ERR,ERR,ERR,ERR,ERR,ERR,ERR,ERR,ERR,ERR,ERR,ERR,ERR,ERR,ERR,ERR,ERR,ERR,ERR,ERR,ERR,ERR,ERR,ERR,ERR,ERR,ERR,ERR,ERR,ERR,ERR,ERR,ERR,ERR,ERR,ERR,ERR,ERR,ERR,ERR,ERR,ERR,ERR,ERR,ERR,ERR,ERR,ERR,ERR,ERR,ERR,ERR,ERR,ERR,ERR,ERR,ERR,ERR,0.0,0.0,-134474944.0,0.0,0.0,1.3936040501711995e+18,7.805,0.0,0,0,4,0,8422,0.0,45,0.0,0.0,0.0,0.0,0.0,0,0,0,0,0.0,0,0,0,0,0,0,0,0,0,0,0,0,0,0,0,0,0,0,0,0,0,0,0,0,0,0,0,0,0,0,0,0,0,38,14,7,45,65476,0,300,0,0,8,21553,0.0,-107605600.0,0.0,0.0,0.0,0.0,0.0,0.0,0.0,0.0,0.0,0.0,0.0,0.0,0.0,0.0,0.0,0.0,0.0,0.0,0.0,0.0,0.0,0.0,-2.004,2.004,0.0,0.0,0.0,0.0,5043.0,0.0,0.0,0.0,0.0,0.0,-107615304.0,0.0,0.0,0.0,0.0,53,4.950428597886765e+32,0.0,0.0,0.0,0.0,0.0,0.0,0.0,0.0,0,0,0,0.0,0.0,0.0,0.0,0.0,0.0,0.0,0.0,0.0,0.0,0.0,0.0,0.0,0.0,0.0,0.0,0,-107875648.0,53,0.0,106,-107614832.0,2.7006707062415038e+23,ERR,ERR,ERR,ERR,ERR,ERR,ERR,ERR,ERR,ERR,ERR,ERR,ERR,ERR,ERR,ERR,ERR,ERR,ERR,ERR,ERR,ERR,ERR,ERR,ERR,ERR,ERR,ERR,ERR,ERR,ERR,ERR,ERR,ERR,ERR,ERR,ERR,ERR,ERR,ERR,ERR,ERR,ERR,ERR,ERR,ERR,ERR,ERR,ERR,ERR,ERR,ERR,ERR,ERR,ERR,ERR,ERR,ERR,ERR,ERR,ERR,ERR,ERR,ERR,ERR,ERR,ERR,50.0,60.0,100,0.0,0.0,0.0,0.0,0.0,0.0,0.0,0.0,0.0,0.0,0.0,0.0,0.0,0.0,0.0,0.0,61.6,78,11,65508,50,65476,0,300,0,0,8,20529,65476,0,0,26214,60.0,0.0,0.0,0.0,0.0,0.0
2026-05-17T16:44:05,ERR,ERR,ERR,ERR,ERR,ERR,ERR,ERR,ERR,ERR,ERR,ERR,ERR,ERR,ERR,ERR,ERR,ERR,ERR,ERR,ERR,ERR,ERR,ERR,ERR,ERR,ERR,ERR,ERR,ERR,ERR,ERR,ERR,ERR,ERR,ERR,ERR,ERR,ERR,ERR,ERR,ERR,ERR,ERR,ERR,ERR,ERR,ERR,ERR,ERR,ERR,ERR,ERR,ERR,ERR,ERR,ERR,ERR,ERR,ERR,ERR,ERR,ERR,ERR,ERR,ERR,ERR,ERR,ERR,ERR,ERR,ERR,ERR,ERR,ERR,ERR,ERR,ERR,ERR,ERR,ERR,ERR,ERR,ERR,ERR,ERR,ERR,ERR,ERR,ERR,ERR,ERR,ERR,ERR,ERR,ERR,ERR,ERR,ERR,ERR,ERR,ERR,ERR,ERR,ERR,ERR,ERR,ERR,ERR,ERR,ERR,ERR,ERR,ERR,ERR,ERR,ERR,ERR,ERR,ERR,ERR,ERR,ERR,ERR,ERR,0.0,0.0,-134474944.0,0.0,0.0,1.3936040501711995e+18,7.805,0.0,0,0,4,0,8422,0.0,45,0.0,0.0,0.0,0.0,0.0,0,0,0,0,0.0,0,0,0,0,0,0,0,0,0,0,0,0,0,0,0,0,0,0,0,0,0,0,0,0,0,0,0,0,0,0,0,0,0,38,14,7,45,65476,0,300,0,0,8,21553,0.0,-107605600.0,0.0,0.0,0.0,0.0,0.0,0.0,0.0,0.0,0.0,0.0,0.0,0.0,0.0,0.0,0.0,0.0,0.0,0.0,0.0,0.0,0.0,0.0,-2.004,2.004,0.0,0.0,0.0,0.0,5043.0,0.0,0.0,0.0,0.0,0.0,-107615304.0,0.0,0.0,0.0,0.0,53,4.950428597886765e+32,0.0,0.0,0.0,0.0,0.0,0.0,0.0,0.0,0,0,0,0.0,0.0,0.0,0.0,0.0,0.0,0.0,0.0,0.0,0.0,0.0,0.0,0.0,0.0,0.0,0.0,0,-107875648.0,53,0.0,106,-107614832.0,2.7006707062415038e+23,ERR,ERR,ERR,ERR,ERR,ERR,ERR,ERR,ERR,ERR,ERR,ERR,ERR,ERR,ERR,ERR,ERR,ERR,ERR,ERR,ERR,ERR,ERR,ERR,ERR,ERR,ERR,ERR,ERR,ERR,ERR,ERR,ERR,ERR,ERR,ERR,ERR,ERR,ERR,ERR,ERR,ERR,ERR,ERR,ERR,ERR,ERR,ERR,ERR,ERR,ERR,ERR,ERR,ERR,ERR,ERR,ERR,ERR,ERR,ERR,ERR,ERR,ERR,ERR,ERR,ERR,ERR,50.0,60.0,100,0.0,0.0,0.0,0.0,0.0,0.0,0.0,0.0,0.0,0.0,0.0,0.0,0.0,0.0,0.0,0.0,61.6,78,11,65508,50,65476,0,300,0,0,8,20529,65476,0,0,26214,60.0,0.0,0.0,0.0,0.0,0.0
2026-05-17T16:44:06,ERR,ERR,ERR,ERR,ERR,ERR,ERR,ERR,ERR,ERR,ERR,ERR,ERR,ERR,ERR,ERR,ERR,ERR,ERR,ERR,ERR,ERR,ERR,ERR,ERR,ERR,ERR,ERR,ERR,ERR,ERR,ERR,ERR,ERR,ERR,ERR,ERR,ERR,ERR,ERR,ERR,ERR,ERR,ERR,ERR,ERR,ERR,ERR,ERR,ERR,ERR,ERR,ERR,ERR,ERR,ERR,ERR,ERR,ERR,ERR,ERR,ERR,ERR,ERR,ERR,ERR,ERR,ERR,ERR,ERR,ERR,ERR,ERR,ERR,ERR,ERR,ERR,ERR,ERR,ERR,ERR,ERR,ERR,ERR,ERR,ERR,ERR,ERR,ERR,ERR,ERR,ERR,ERR,ERR,ERR,ERR,ERR,ERR,ERR,ERR,ERR,ERR,ERR,ERR,ERR,ERR,ERR,ERR,ERR,ERR,ERR,ERR,ERR,ERR,ERR,ERR,ERR,ERR,ERR,ERR,ERR,ERR,ERR,ERR,ERR,0.0,0.0,-134474944.0,0.0,0.0,1.3936040501711995e+18,7.805,0.0,0,0,4,0,8422,0.0,45,0.0,0.0,0.0,0.0,0.0,0,0,0,0,0.0,0,0,0,0,0,0,0,0,0,0,0,0,0,0,0,0,0,0,0,0,0,0,0,0,0,0,0,0,0,0,0,0,0,38,14,7,45,65476,0,300,0,0,8,21553,0.0,-107605600.0,0.0,0.0,0.0,0.0,0.0,0.0,0.0,0.0,0.0,0.0,0.0,0.0,0.0,0.0,0.0,0.0,0.0,0.0,0.0,0.0,0.0,0.0,-2.004,2.004,0.0,0.0,0.0,0.0,5043.0,0.0,0.0,0.0,0.0,0.0,-107615304.0,0.0,0.0,0.0,0.0,53,4.950428597886765e+32,0.0,0.0,0.0,0.0,0.0,0.0,0.0,0.0,0,0,0,0.0,0.0,0.0,0.0,0.0,0.0,0.0,0.0,0.0,0.0,0.0,0.0,0.0,0.0,0.0,0.0,0,-107875648.0,53,0.0,106,-107614832.0,2.7006707062415038e+23,ERR,ERR,ERR,ERR,ERR,ERR,ERR,ERR,ERR,ERR,ERR,ERR,ERR,ERR,ERR,ERR,ERR,ERR,ERR,ERR,ERR,ERR,ERR,ERR,ERR,ERR,ERR,ERR,ERR,ERR,ERR,ERR,ERR,ERR,ERR,ERR,ERR,ERR,ERR,ERR,ERR,ERR,ERR,ERR,ERR,ERR,ERR,ERR,ERR,ERR,ERR,ERR,ERR,ERR,ERR,ERR,ERR,ERR,ERR,ERR,ERR,ERR,ERR,ERR,ERR,ERR,ERR,50.0,60.0,100,0.0,0.0,0.0,0.0,0.0,0.0,0.0,0.0,0.0,0.0,0.0,0.0,0.0,0.0,0.0,0.0,61.6,78,11,65508,50,65476,0,300,0,0,8,20529,65476,0,0,26214,60.0,0.0,0.0,0.0,0.0,0.0
2026-05-17T16:44:07,ERR,ERR,ERR,ERR,ERR,ERR,ERR,ERR,ERR,ERR,ERR,ERR,ERR,ERR,ERR,ERR,ERR,ERR,ERR,ERR,ERR,ERR,ERR,ERR,ERR,ERR,ERR,ERR,ERR,ERR,ERR,ERR,ERR,ERR,ERR,ERR,ERR,ERR,ERR,ERR,ERR,ERR,ERR,ERR,ERR,ERR,ERR,ERR,ERR,ERR,ERR,ERR,ERR,ERR,ERR,ERR,ERR,ERR,ERR,ERR,ERR,ERR,ERR,ERR,ERR,ERR,ERR,ERR,ERR,ERR,ERR,ERR,ERR,ERR,ERR,ERR,ERR,ERR,ERR,ERR,ERR,ERR,ERR,ERR,ERR,ERR,ERR,ERR,ERR,ERR,ERR,ERR,ERR,ERR,ERR,ERR,ERR,ERR,ERR,ERR,ERR,ERR,ERR,ERR,ERR,ERR,ERR,ERR,ERR,ERR,ERR,ERR,ERR,ERR,ERR,ERR,ERR,ERR,ERR,ERR,ERR,ERR,ERR,ERR,ERR,0.0,0.0,-134474944.0,0.0,0.0,1.3936040501711995e+18,7.805,0.0,0,0,4,0,8422,0.0,45,0.0,0.0,0.0,0.0,0.0,0,0,0,0,0.0,0,0,0,0,0,0,0,0,0,0,0,0,0,0,0,0,0,0,0,0,0,0,0,0,0,0,0,0,0,0,0,0,0,38,14,7,45,65476,0,300,0,0,8,21553,0.0,-107605600.0,0.0,0.0,0.0,0.0,0.0,0.0,0.0,0.0,0.0,0.0,0.0,0.0,0.0,0.0,0.0,0.0,0.0,0.0,0.0,0.0,0.0,0.0,-2.004,2.004,0.0,0.0,0.0,0.0,5043.0,0.0,0.0,0.0,0.0,0.0,-107615304.0,0.0,0.0,0.0,0.0,53,4.950428597886765e+32,0.0,0.0,0.0,0.0,0.0,0.0,0.0,0.0,0,0,0,0.0,0.0,0.0,0.0,0.0,0.0,0.0,0.0,0.0,0.0,0.0,0.0,0.0,0.0,0.0,0.0,0,-107875648.0,53,0.0,106,-107614832.0,2.7006707062415038e+23,ERR,ERR,ERR,ERR,ERR,ERR,ERR,ERR,ERR,ERR,ERR,ERR,ERR,ERR,ERR,ERR,ERR,ERR,ERR,ERR,ERR,ERR,ERR,ERR,ERR,ERR,ERR,ERR,ERR,ERR,ERR,ERR,ERR,ERR,ERR,ERR,ERR,ERR,ERR,ERR,ERR,ERR,ERR,ERR,ERR,ERR,ERR,ERR,ERR,ERR,ERR,ERR,ERR,ERR,ERR,ERR,ERR,ERR,ERR,ERR,ERR,ERR,ERR,ERR,ERR,ERR,ERR,50.0,60.0,100,0.0,0.0,0.0,0.0,0.0,0.0,0.0,0.0,0.0,0.0,0.0,0.0,0.0,0.0,0.0,0.0,61.6,78,11,65508,50,65476,0,300,0,0,8,20529,65476,0,0,26214,60.0,0.0,0.0,0.0,0.0,0.0
2026-05-17T16:44:08,ERR,ERR,ERR,ERR,ERR,ERR,ERR,ERR,ERR,ERR,ERR,ERR,ERR,ERR,ERR,ERR,ERR,ERR,ERR,ERR,ERR,ERR,ERR,ERR,ERR,ERR,ERR,ERR,ERR,ERR,ERR,ERR,ERR,ERR,ERR,ERR,ERR,ERR,ERR,ERR,ERR,ERR,ERR,ERR,ERR,ERR,ERR,ERR,ERR,ERR,ERR,ERR,ERR,ERR,ERR,ERR,ERR,ERR,ERR,ERR,ERR,ERR,ERR,ERR,ERR,ERR,ERR,ERR,ERR,ERR,ERR,ERR,ERR,ERR,ERR,ERR,ERR,ERR,ERR,ERR,ERR,ERR,ERR,ERR,ERR,ERR,ERR,ERR,ERR,ERR,ERR,ERR,ERR,ERR,ERR,ERR,ERR,ERR,ERR,ERR,ERR,ERR,ERR,ERR,ERR,ERR,ERR,ERR,ERR,ERR,ERR,ERR,ERR,ERR,ERR,ERR,ERR,ERR,ERR,ERR,ERR,ERR,ERR,ERR,ERR,0.0,0.0,-134474944.0,0.0,0.0,1.3936040501711995e+18,7.805,0.0,0,0,4,0,8422,0.0,45,0.0,0.0,0.0,0.0,0.0,0,0,0,0,0.0,0,0,0,0,0,0,0,0,0,0,0,0,0,0,0,0,0,0,0,0,0,0,0,0,0,0,0,0,0,0,0,0,0,38,14,7,45,65476,0,300,0,0,8,21553,0.0,-107605600.0,0.0,0.0,0.0,0.0,0.0,0.0,0.0,0.0,0.0,0.0,0.0,0.0,0.0,0.0,0.0,0.0,0.0,0.0,0.0,0.0,0.0,0.0,-2.004,2.004,0.0,0.0,0.0,0.0,5047.0,1.5879295420089355e+29,0.0,0.0,0.0,0.0,-107615304.0,0.0,0.0,0.0,0.0,53,-0.0,-0.0,0.0,0.0,0.0,0.0,0.0,0.0,0.0,0,0,0,0.0,0.0,0.0,0.0,0.0,0.0,0.0,0.0,0.0,0.0,0.0,0.0,0.0,0.0,0.0,0.0,0,-107875648.0,53,0.0,106,-107614832.0,2.7006707062415038e+23,ERR,ERR,ERR,ERR,ERR,ERR,ERR,ERR,ERR,ERR,ERR,ERR,ERR,ERR,ERR,ERR,ERR,ERR,ERR,ERR,ERR,ERR,ERR,ERR,ERR,ERR,ERR,ERR,ERR,ERR,ERR,ERR,ERR,ERR,ERR,ERR,ERR,ERR,ERR,ERR,ERR,ERR,ERR,ERR,ERR,ERR,ERR,ERR,ERR,ERR,ERR,ERR,ERR,ERR,ERR,ERR,ERR,ERR,ERR,ERR,ERR,ERR,ERR,ERR,ERR,ERR,ERR,50.0,60.0,100,0.0,0.0,0.0,0.0,0.0,0.0,0.0,0.0,0.0,0.0,0.0,0.0,0.0,0.0,0.0,0.0,62.0,78,11,65508,50,65476,0,300,0,0,8,20529,65476,0,0,26214,60.0,0.0,0.0,0.0,0.0,0.0
2026-05-17T16:44:09,ERR,ERR,ERR,ERR,ERR,ERR,ERR,ERR,ERR,ERR,ERR,ERR,ERR,ERR,ERR,ERR,ERR,ERR,ERR,ERR,ERR,ERR,ERR,ERR,ERR,ERR,ERR,ERR,ERR,ERR,ERR,ERR,ERR,ERR,ERR,ERR,ERR,ERR,ERR,ERR,ERR,ERR,ERR,ERR,ERR,ERR,ERR,ERR,ERR,ERR,ERR,ERR,ERR,ERR,ERR,ERR,ERR,ERR,ERR,ERR,ERR,ERR,ERR,ERR,ERR,ERR,ERR,ERR,ERR,ERR,ERR,ERR,ERR,ERR,ERR,ERR,ERR,ERR,ERR,ERR,ERR,ERR,ERR,ERR,ERR,ERR,ERR,ERR,ERR,ERR,ERR,ERR,ERR,ERR,ERR,ERR,ERR,ERR,ERR,ERR,ERR,ERR,ERR,ERR,ERR,ERR,ERR,ERR,ERR,ERR,ERR,ERR,ERR,ERR,ERR,ERR,ERR,ERR,ERR,ERR,ERR,ERR,ERR,ERR,ERR,0.0,0.0,-134474944.0,0.0,0.0,1.3936040501711995e+18,7.805,0.0,0,0,4,0,8422,0.0,45,0.0,0.0,0.0,0.0,0.0,0,0,0,0,0.0,0,0,0,0,0,0,0,0,0,0,0,0,0,0,0,0,0,0,0,0,0,0,0,0,0,0,0,0,0,0,0,0,0,38,14,7,45,65476,0,300,0,0,8,21553,0.0,-107605600.0,0.0,0.0,0.0,0.0,0.0,0.0,0.0,0.0,0.0,0.0,0.0,0.0,0.0,0.0,0.0,0.0,0.0,0.0,0.0,0.0,0.0,0.0,-2.004,2.004,0.0,0.0,0.0,0.0,5047.0,1.5879295420089355e+29,0.0,0.0,0.0,0.0,-107615304.0,0.0,0.0,0.0,0.0,53,-0.0,-0.0,0.0,0.0,0.0,0.0,0.0,0.0,0.0,0,0,0,0.0,0.0,0.0,0.0,0.0,0.0,0.0,0.0,0.0,0.0,0.0,0.0,0.0,0.0,0.0,0.0,0,-107875648.0,53,0.0,106,-107614832.0,2.7006707062415038e+23,ERR,ERR,ERR,ERR,ERR,ERR,ERR,ERR,ERR,ERR,ERR,ERR,ERR,ERR,ERR,ERR,ERR,ERR,ERR,ERR,ERR,ERR,ERR,ERR,ERR,ERR,ERR,ERR,ERR,ERR,ERR,ERR,ERR,ERR,ERR,ERR,ERR,ERR,ERR,ERR,ERR,ERR,ERR,ERR,ERR,ERR,ERR,ERR,ERR,ERR,ERR,ERR,ERR,ERR,ERR,ERR,ERR,ERR,ERR,ERR,ERR,ERR,ERR,ERR,ERR,ERR,ERR,50.0,60.0,100,0.0,0.0,0.0,0.0,0.0,0.0,0.0,0.0,0.0,0.0,0.0,0.0,0.0,0.0,0.0,0.0,62.0,78,11,65508,50,65476,0,300,0,0,8,20529,65476,0,0,26214,60.0,0.0,0.0,0.0,0.0,0.0
2026-05-17T16:44:10,ERR,ERR,ERR,ERR,ERR,ERR,ERR,ERR,ERR,ERR,ERR,ERR,ERR,ERR,ERR,ERR,ERR,ERR,ERR,ERR,ERR,ERR,ERR,ERR,ERR,ERR,ERR,ERR,ERR,ERR,ERR,ERR,ERR,ERR,ERR,ERR,ERR,ERR,ERR,ERR,ERR,ERR,ERR,ERR,ERR,ERR,ERR,ERR,ERR,ERR,ERR,ERR,ERR,ERR,ERR,ERR,ERR,ERR,ERR,ERR,ERR,ERR,ERR,ERR,ERR,ERR,ERR,ERR,ERR,ERR,ERR,ERR,ERR,ERR,ERR,ERR,ERR,ERR,ERR,ERR,ERR,ERR,ERR,ERR,ERR,ERR,ERR,ERR,ERR,ERR,ERR,ERR,ERR,ERR,ERR,ERR,ERR,ERR,ERR,ERR,ERR,ERR,ERR,ERR,ERR,ERR,ERR,ERR,ERR,ERR,ERR,ERR,ERR,ERR,ERR,ERR,ERR,ERR,ERR,ERR,ERR,ERR,ERR,ERR,ERR,0.0,0.0,-134474944.0,0.0,0.0,1.3936040501711995e+18,7.805,0.0,0,0,4,0,8422,0.0,45,0.0,0.0,0.0,0.0,0.0,0,0,0,0,0.0,0,0,0,0,0,0,0,0,0,0,0,0,0,0,0,0,0,0,0,0,0,0,0,0,0,0,0,0,0,0,0,0,0,38,14,7,45,65476,0,300,0,0,8,21553,0.0,-107605600.0,0.0,0.0,0.0,0.0,0.0,0.0,0.0,0.0,0.0,0.0,0.0,0.0,0.0,0.0,0.0,0.0,0.0,0.0,0.0,0.0,0.0,0.0,-2.004,2.004,0.0,0.0,0.0,0.0,5047.0,1.5879295420089355e+29,0.0,0.0,0.0,0.0,-107615304.0,0.0,0.0,0.0,0.0,53,-0.0,-0.0,0.0,0.0,0.0,0.0,0.0,0.0,0.0,0,0,0,0.0,0.0,0.0,0.0,0.0,0.0,0.0,0.0,0.0,0.0,0.0,0.0,0.0,0.0,0.0,0.0,0,-107875648.0,53,0.0,106,-107614832.0,2.7006707062415038e+23,ERR,ERR,ERR,ERR,ERR,ERR,ERR,ERR,ERR,ERR,ERR,ERR,ERR,ERR,ERR,ERR,ERR,ERR,ERR,ERR,ERR,ERR,ERR,ERR,ERR,ERR,ERR,ERR,ERR,ERR,ERR,ERR,ERR,ERR,ERR,ERR,ERR,ERR,ERR,ERR,ERR,ERR,ERR,ERR,ERR,ERR,ERR,ERR,ERR,ERR,ERR,ERR,ERR,ERR,ERR,ERR,ERR,ERR,ERR,ERR,ERR,ERR,ERR,ERR,ERR,ERR,ERR,50.0,60.0,100,0.0,0.0,0.0,0.0,0.0,0.0,0.0,0.0,0.0,0.0,0.0,0.0,0.0,0.0,0.0,0.0,62.0,78,11,65508,50,65476,0,300,0,0,8,20529,65476,0,0,26214,60.0,0.0,0.0,0.0,0.0,0.0
2026-05-17T16:44:11,ERR,ERR,ERR,ERR,ERR,ERR,ERR,ERR,ERR,ERR,ERR,ERR,ERR,ERR,ERR,ERR,ERR,ERR,ERR,ERR,ERR,ERR,ERR,ERR,ERR,ERR,ERR,ERR,ERR,ERR,ERR,ERR,ERR,ERR,ERR,ERR,ERR,ERR,ERR,ERR,ERR,ERR,ERR,ERR,ERR,ERR,ERR,ERR,ERR,ERR,ERR,ERR,ERR,ERR,ERR,ERR,ERR,ERR,ERR,ERR,ERR,ERR,ERR,ERR,ERR,ERR,ERR,ERR,ERR,ERR,ERR,ERR,ERR,ERR,ERR,ERR,ERR,ERR,ERR,ERR,ERR,ERR,ERR,ERR,ERR,ERR,ERR,ERR,ERR,ERR,ERR,ERR,ERR,ERR,ERR,ERR,ERR,ERR,ERR,ERR,ERR,ERR,ERR,ERR,ERR,ERR,ERR,ERR,ERR,ERR,ERR,ERR,ERR,ERR,ERR,ERR,ERR,ERR,ERR,ERR,ERR,ERR,ERR,ERR,ERR,0.0,0.0,-134474944.0,0.0,0.0,1.3936040501711995e+18,7.805,0.0,0,0,4,0,8422,0.0,45,0.0,0.0,0.0,0.0,0.0,0,0,0,0,0.0,0,0,0,0,0,0,0,0,0,0,0,0,0,0,0,0,0,0,0,0,0,0,0,0,0,0,0,0,0,0,0,0,0,38,14,7,45,65476,0,300,0,0,8,21553,0.0,-107605600.0,0.0,0.0,0.0,0.0,0.0,0.0,0.0,0.0,0.0,0.0,0.0,0.0,0.0,0.0,0.0,0.0,0.0,0.0,0.0,0.0,0.0,0.0,-2.004,2.004,0.0,0.0,0.0,0.0,5047.0,1.5879295420089355e+29,0.0,0.0,0.0,0.0,-107615304.0,0.0,0.0,0.0,0.0,53,-0.0,-0.0,0.0,0.0,0.0,0.0,0.0,0.0,0.0,0,0,0,0.0,0.0,0.0,0.0,0.0,0.0,0.0,0.0,0.0,0.0,0.0,0.0,0.0,0.0,0.0,0.0,0,-107875648.0,53,0.0,106,-107614832.0,2.7006707062415038e+23,ERR,ERR,ERR,ERR,ERR,ERR,ERR,ERR,ERR,ERR,ERR,ERR,ERR,ERR,ERR,ERR,ERR,ERR,ERR,ERR,ERR,ERR,ERR,ERR,ERR,ERR,ERR,ERR,ERR,ERR,ERR,ERR,ERR,ERR,ERR,ERR,ERR,ERR,ERR,ERR,ERR,ERR,ERR,ERR,ERR,ERR,ERR,ERR,ERR,ERR,ERR,ERR,ERR,ERR,ERR,ERR,ERR,ERR,ERR,ERR,ERR,ERR,ERR,ERR,ERR,ERR,ERR,50.0,60.0,100,0.0,0.0,0.0,0.0,0.0,0.0,0.0,0.0,0.0,0.0,0.0,0.0,0.0,0.0,0.0,0.0,62.0,78,11,65508,50,65476,0,300,0,0,8,20529,65476,0,0,26214,60.0,0.0,0.0,0.0,0.0,0.0
2026-05-17T16:44:12,ERR,ERR,ERR,ERR,ERR,ERR,ERR,ERR,ERR,ERR,ERR,ERR,ERR,ERR,ERR,ERR,ERR,ERR,ERR,ERR,ERR,ERR,ERR,ERR,ERR,ERR,ERR,ERR,ERR,ERR,ERR,ERR,ERR,ERR,ERR,ERR,ERR,ERR,ERR,ERR,ERR,ERR,ERR,ERR,ERR,ERR,ERR,ERR,ERR,ERR,ERR,ERR,ERR,ERR,ERR,ERR,ERR,ERR,ERR,ERR,ERR,ERR,ERR,ERR,ERR,ERR,ERR,ERR,ERR,ERR,ERR,ERR,ERR,ERR,ERR,ERR,ERR,ERR,ERR,ERR,ERR,ERR,ERR,ERR,ERR,ERR,ERR,ERR,ERR,ERR,ERR,ERR,ERR,ERR,ERR,ERR,ERR,ERR,ERR,ERR,ERR,ERR,ERR,ERR,ERR,ERR,ERR,ERR,ERR,ERR,ERR,ERR,ERR,ERR,ERR,ERR,ERR,ERR,ERR,ERR,ERR,ERR,ERR,ERR,ERR,0.0,0.0,-134474944.0,0.0,0.0,1.3936040501711995e+18,7.805,0.0,0,0,4,0,8422,0.0,45,0.0,0.0,0.0,0.0,0.0,0,0,0,0,0.0,0,0,0,0,0,0,0,0,0,0,0,0,0,0,0,0,0,0,0,0,0,0,0,0,0,0,0,0,0,0,0,0,0,38,14,7,45,65476,0,300,0,0,8,21553,0.0,-107605600.0,0.0,0.0,0.0,0.0,0.0,0.0,0.0,0.0,0.0,0.0,0.0,0.0,0.0,0.0,0.0,0.0,0.0,0.0,0.0,0.0,0.0,0.0,-2.004,2.004,0.0,0.0,0.0,0.0,5047.0,1.5879295420089355e+29,0.0,0.0,0.0,0.0,-107615304.0,0.0,0.0,0.0,0.0,53,-0.0,-0.0,0.0,0.0,0.0,0.0,0.0,0.0,0.0,0,0,0,0.0,0.0,0.0,0.0,0.0,0.0,0.0,0.0,0.0,0.0,0.0,0.0,0.0,0.0,0.0,0.0,0,-107875648.0,53,0.0,106,-107614832.0,2.7006707062415038e+23,ERR,ERR,ERR,ERR,ERR,ERR,ERR,ERR,ERR,ERR,ERR,ERR,ERR,ERR,ERR,ERR,ERR,ERR,ERR,ERR,ERR,ERR,ERR,ERR,ERR,ERR,ERR,ERR,ERR,ERR,ERR,ERR,ERR,ERR,ERR,ERR,ERR,ERR,ERR,ERR,ERR,ERR,ERR,ERR,ERR,ERR,ERR,ERR,ERR,ERR,ERR,ERR,ERR,ERR,ERR,ERR,ERR,ERR,ERR,ERR,ERR,ERR,ERR,ERR,ERR,ERR,ERR,50.0,60.0,100,0.0,0.0,0.0,0.0,0.0,0.0,0.0,0.0,0.0,0.0,0.0,0.0,0.0,0.0,0.0,0.0,62.0,78,11,65508,50,65476,0,300,0,0,8,20529,65476,0,0,26214,60.0,0.0,0.0,0.0,0.0,0.0
2026-05-17T16:44:13,ERR,ERR,ERR,ERR,ERR,ERR,ERR,ERR,ERR,ERR,ERR,ERR,ERR,ERR,ERR,ERR,ERR,ERR,ERR,ERR,ERR,ERR,ERR,ERR,ERR,ERR,ERR,ERR,ERR,ERR,ERR,ERR,ERR,ERR,ERR,ERR,ERR,ERR,ERR,ERR,ERR,ERR,ERR,ERR,ERR,ERR,ERR,ERR,ERR,ERR,ERR,ERR,ERR,ERR,ERR,ERR,ERR,ERR,ERR,ERR,ERR,ERR,ERR,ERR,ERR,ERR,ERR,ERR,ERR,ERR,ERR,ERR,ERR,ERR,ERR,ERR,ERR,ERR,ERR,ERR,ERR,ERR,ERR,ERR,ERR,ERR,ERR,ERR,ERR,ERR,ERR,ERR,ERR,ERR,ERR,ERR,ERR,ERR,ERR,ERR,ERR,ERR,ERR,ERR,ERR,ERR,ERR,ERR,ERR,ERR,ERR,ERR,ERR,ERR,ERR,ERR,ERR,ERR,ERR,ERR,ERR,ERR,ERR,ERR,ERR,0.0,0.0,-134474944.0,0.0,0.0,1.3936040501711995e+18,7.805,0.0,0,0,4,0,8422,0.0,45,0.0,0.0,0.0,0.0,0.0,0,0,0,0,0.0,0,0,0,0,0,0,0,0,0,0,0,0,0,0,0,0,0,0,0,0,0,0,0,0,0,0,0,0,0,0,0,0,0,38,14,7,45,65476,0,300,0,0,8,21553,0.0,-107605600.0,0.0,0.0,0.0,0.0,0.0,0.0,0.0,0.0,0.0,0.0,0.0,0.0,0.0,0.0,0.0,0.0,0.0,0.0,0.0,0.0,0.0,0.0,-2.004,2.004,0.0,0.0,0.0,0.0,5043.0,-0.0,0.0,0.0,0.0,0.0,-107615304.0,0.0,0.0,0.0,0.0,53,4.950428597886765e+32,-0.0,0.0,0.0,0.0,0.0,0.0,0.0,0.0,0,0,0,0.0,0.0,0.0,0.0,0.0,0.0,0.0,0.0,0.0,0.0,0.0,0.0,0.0,0.0,0.0,0.0,0,-107875648.0,53,0.0,106,-107614832.0,2.7006707062415038e+23,ERR,ERR,ERR,ERR,ERR,ERR,ERR,ERR,ERR,ERR,ERR,ERR,ERR,ERR,ERR,ERR,ERR,ERR,ERR,ERR,ERR,ERR,ERR,ERR,ERR,ERR,ERR,ERR,ERR,ERR,ERR,ERR,ERR,ERR,ERR,ERR,ERR,ERR,ERR,ERR,ERR,ERR,ERR,ERR,ERR,ERR,ERR,ERR,ERR,ERR,ERR,ERR,ERR,ERR,ERR,ERR,ERR,ERR,ERR,ERR,ERR,ERR,ERR,ERR,ERR,ERR,ERR,50.0,60.0,100,0.0,0.0,0.0,0.0,0.0,0.0,0.0,0.0,0.0,0.0,0.0,0.0,0.0,0.0,0.0,0.0,62.0,78,11,65508,50,65476,0,300,0,0,8,20529,65476,0,0,26214,60.0,0.0,0.0,0.0,0.0,0.0
2026-05-17T16:44:14,ERR,ERR,ERR,ERR,ERR,ERR,ERR,ERR,ERR,ERR,ERR,ERR,ERR,ERR,ERR,ERR,ERR,ERR,ERR,ERR,ERR,ERR,ERR,ERR,ERR,ERR,ERR,ERR,ERR,ERR,ERR,ERR,ERR,ERR,ERR,ERR,ERR,ERR,ERR,ERR,ERR,ERR,ERR,ERR,ERR,ERR,ERR,ERR,ERR,ERR,ERR,ERR,ERR,ERR,ERR,ERR,ERR,ERR,ERR,ERR,ERR,ERR,ERR,ERR,ERR,ERR,ERR,ERR,ERR,ERR,ERR,ERR,ERR,ERR,ERR,ERR,ERR,ERR,ERR,ERR,ERR,ERR,ERR,ERR,ERR,ERR,ERR,ERR,ERR,ERR,ERR,ERR,ERR,ERR,ERR,ERR,ERR,ERR,ERR,ERR,ERR,ERR,ERR,ERR,ERR,ERR,ERR,ERR,ERR,ERR,ERR,ERR,ERR,ERR,ERR,ERR,ERR,ERR,ERR,ERR,ERR,ERR,ERR,ERR,ERR,0.0,0.0,-134474944.0,0.0,0.0,1.3936040501711995e+18,7.805,0.0,0,0,4,0,8422,0.0,45,0.0,0.0,0.0,0.0,0.0,0,0,0,0,0.0,0,0,0,0,0,0,0,0,0,0,0,0,0,0,0,0,0,0,0,0,0,0,0,0,0,0,0,0,0,0,0,0,0,38,14,7,45,65476,0,300,0,0,8,21553,0.0,-107605600.0,0.0,0.0,0.0,0.0,0.0,0.0,0.0,0.0,0.0,0.0,0.0,0.0,0.0,0.0,0.0,0.0,0.0,0.0,0.0,0.0,0.0,0.0,-2.004,2.004,0.0,0.0,0.0,0.0,5043.0,-0.0,0.0,0.0,0.0,0.0,-107615304.0,0.0,0.0,0.0,0.0,53,4.950428597886765e+32,-0.0,0.0,0.0,0.0,0.0,0.0,0.0,0.0,0,0,0,0.0,0.0,0.0,0.0,0.0,0.0,0.0,0.0,0.0,0.0,0.0,0.0,0.0,0.0,0.0,0.0,0,-107875648.0,53,0.0,106,-107614832.0,2.7006707062415038e+23,ERR,ERR,ERR,ERR,ERR,ERR,ERR,ERR,ERR,ERR,ERR,ERR,ERR,ERR,ERR,ERR,ERR,ERR,ERR,ERR,ERR,ERR,ERR,ERR,ERR,ERR,ERR,ERR,ERR,ERR,ERR,ERR,ERR,ERR,ERR,ERR,ERR,ERR,ERR,ERR,ERR,ERR,ERR,ERR,ERR,ERR,ERR,ERR,ERR,ERR,ERR,ERR,ERR,ERR,ERR,ERR,ERR,ERR,ERR,ERR,ERR,ERR,ERR,ERR,ERR,ERR,ERR,50.0,60.0,100,0.0,0.0,0.0,0.0,0.0,0.0,0.0,0.0,0.0,0.0,0.0,0.0,0.0,0.0,0.0,0.0,62.0,78,11,65508,50,65476,0,300,0,0,8,20529,65476,0,0,26214,60.0,0.0,0.0,0.0,0.0,0.0
2026-05-17T16:44:15,ERR,ERR,ERR,ERR,ERR,ERR,ERR,ERR,ERR,ERR,ERR,ERR,ERR,ERR,ERR,ERR,ERR,ERR,ERR,ERR,ERR,ERR,ERR,ERR,ERR,ERR,ERR,ERR,ERR,ERR,ERR,ERR,ERR,ERR,ERR,ERR,ERR,ERR,ERR,ERR,ERR,ERR,ERR,ERR,ERR,ERR,ERR,ERR,ERR,ERR,ERR,ERR,ERR,ERR,ERR,ERR,ERR,ERR,ERR,ERR,ERR,ERR,ERR,ERR,ERR,ERR,ERR,ERR,ERR,ERR,ERR,ERR,ERR,ERR,ERR,ERR,ERR,ERR,ERR,ERR,ERR,ERR,ERR,ERR,ERR,ERR,ERR,ERR,ERR,ERR,ERR,ERR,ERR,ERR,ERR,ERR,ERR,ERR,ERR,ERR,ERR,ERR,ERR,ERR,ERR,ERR,ERR,ERR,ERR,ERR,ERR,ERR,ERR,ERR,ERR,ERR,ERR,ERR,ERR,ERR,ERR,ERR,ERR,ERR,ERR,0.0,0.0,-134474944.0,0.0,0.0,1.3936040501711995e+18,7.805,0.0,0,0,4,0,8422,0.0,45,0.0,0.0,0.0,0.0,0.0,0,0,0,0,0.0,0,0,0,0,0,0,0,0,0,0,0,0,0,0,0,0,0,0,0,0,0,0,0,0,0,0,0,0,0,0,0,0,0,38,14,7,45,65476,0,300,0,0,8,21553,0.0,-107605600.0,0.0,0.0,0.0,0.0,0.0,0.0,0.0,0.0,0.0,0.0,0.0,0.0,0.0,0.0,0.0,0.0,0.0,0.0,0.0,0.0,0.0,0.0,-2.004,2.004,0.0,0.0,0.0,0.0,5043.0,-0.0,0.0,0.0,0.0,0.0,-107615304.0,0.0,0.0,0.0,0.0,53,4.950428597886765e+32,-0.0,0.0,0.0,0.0,0.0,0.0,0.0,0.0,0,0,0,0.0,0.0,0.0,0.0,0.0,0.0,0.0,0.0,0.0,0.0,0.0,0.0,0.0,0.0,0.0,0.0,0,-107875648.0,53,0.0,106,-107614832.0,2.7006707062415038e+23,ERR,ERR,ERR,ERR,ERR,ERR,ERR,ERR,ERR,ERR,ERR,ERR,ERR,ERR,ERR,ERR,ERR,ERR,ERR,ERR,ERR,ERR,ERR,ERR,ERR,ERR,ERR,ERR,ERR,ERR,ERR,ERR,ERR,ERR,ERR,ERR,ERR,ERR,ERR,ERR,ERR,ERR,ERR,ERR,ERR,ERR,ERR,ERR,ERR,ERR,ERR,ERR,ERR,ERR,ERR,ERR,ERR,ERR,ERR,ERR,ERR,ERR,ERR,ERR,ERR,ERR,ERR,50.0,60.0,100,0.0,0.0,0.0,0.0,0.0,0.0,0.0,0.0,0.0,0.0,0.0,0.0,0.0,0.0,0.0,0.0,62.0,78,11,65508,50,65476,0,300,0,0,8,20529,65476,0,0,26214,60.0,0.0,0.0,0.0,0.0,0.0
2026-05-17T16:44:16,ERR,ERR,ERR,ERR,ERR,ERR,ERR,ERR,ERR,ERR,ERR,ERR,ERR,ERR,ERR,ERR,ERR,ERR,ERR,ERR,ERR,ERR,ERR,ERR,ERR,ERR,ERR,ERR,ERR,ERR,ERR,ERR,ERR,ERR,ERR,ERR,ERR,ERR,ERR,ERR,ERR,ERR,ERR,ERR,ERR,ERR,ERR,ERR,ERR,ERR,ERR,ERR,ERR,ERR,ERR,ERR,ERR,ERR,ERR,ERR,ERR,ERR,ERR,ERR,ERR,ERR,ERR,ERR,ERR,ERR,ERR,ERR,ERR,ERR,ERR,ERR,ERR,ERR,ERR,ERR,ERR,ERR,ERR,ERR,ERR,ERR,ERR,ERR,ERR,ERR,ERR,ERR,ERR,ERR,ERR,ERR,ERR,ERR,ERR,ERR,ERR,ERR,ERR,ERR,ERR,ERR,ERR,ERR,ERR,ERR,ERR,ERR,ERR,ERR,ERR,ERR,ERR,ERR,ERR,ERR,ERR,ERR,ERR,ERR,ERR,0.0,0.0,-134474944.0,0.0,0.0,1.3936040501711995e+18,7.805,0.0,0,0,4,0,8422,0.0,45,0.0,0.0,0.0,0.0,0.0,0,0,0,0,0.0,0,0,0,0,0,0,0,0,0,0,0,0,0,0,0,0,0,0,0,0,0,0,0,0,0,0,0,0,0,0,0,0,0,38,14,7,45,65476,0,300,0,0,8,21553,0.0,-107605600.0,0.0,0.0,0.0,0.0,0.0,0.0,0.0,0.0,0.0,0.0,0.0,0.0,0.0,0.0,0.0,0.0,0.0,0.0,0.0,0.0,0.0,0.0,-2.004,2.004,0.0,0.0,0.0,0.0,5043.0,-0.0,0.0,0.0,0.0,0.0,-107615304.0,0.0,0.0,0.0,0.0,53,4.950428597886765e+32,-0.0,0.0,0.0,0.0,0.0,0.0,0.0,0.0,0,0,0,0.0,0.0,0.0,0.0,0.0,0.0,0.0,0.0,0.0,0.0,0.0,0.0,0.0,0.0,0.0,0.0,0,-107875648.0,53,0.0,106,-107614832.0,2.7006707062415038e+23,ERR,ERR,ERR,ERR,ERR,ERR,ERR,ERR,ERR,ERR,ERR,ERR,ERR,ERR,ERR,ERR,ERR,ERR,ERR,ERR,ERR,ERR,ERR,ERR,ERR,ERR,ERR,ERR,ERR,ERR,ERR,ERR,ERR,ERR,ERR,ERR,ERR,ERR,ERR,ERR,ERR,ERR,ERR,ERR,ERR,ERR,ERR,ERR,ERR,ERR,ERR,ERR,ERR,ERR,ERR,ERR,ERR,ERR,ERR,ERR,ERR,ERR,ERR,ERR,ERR,ERR,ERR,50.0,60.0,100,0.0,0.0,0.0,0.0,0.0,0.0,0.0,0.0,0.0,0.0,0.0,0.0,0.0,0.0,0.0,0.0,62.0,78,11,65508,50,65476,0,300,0,0,8,20529,65476,0,0,26214,60.0,0.0,0.0,0.0,0.0,0.0
2026-05-17T16:44:17,ERR,ERR,ERR,ERR,ERR,ERR,ERR,ERR,ERR,ERR,ERR,ERR,ERR,ERR,ERR,ERR,ERR,ERR,ERR,ERR,ERR,ERR,ERR,ERR,ERR,ERR,ERR,ERR,ERR,ERR,ERR,ERR,ERR,ERR,ERR,ERR,ERR,ERR,ERR,ERR,ERR,ERR,ERR,ERR,ERR,ERR,ERR,ERR,ERR,ERR,ERR,ERR,ERR,ERR,ERR,ERR,ERR,ERR,ERR,ERR,ERR,ERR,ERR,ERR,ERR,ERR,ERR,ERR,ERR,ERR,ERR,ERR,ERR,ERR,ERR,ERR,ERR,ERR,ERR,ERR,ERR,ERR,ERR,ERR,ERR,ERR,ERR,ERR,ERR,ERR,ERR,ERR,ERR,ERR,ERR,ERR,ERR,ERR,ERR,ERR,ERR,ERR,ERR,ERR,ERR,ERR,ERR,ERR,ERR,ERR,ERR,ERR,ERR,ERR,ERR,ERR,ERR,ERR,ERR,ERR,ERR,ERR,ERR,ERR,ERR,0.0,0.0,-134474944.0,0.0,0.0,1.3936040501711995e+18,7.805,0.0,0,0,4,0,8422,0.0,45,0.0,0.0,0.0,0.0,0.0,0,0,0,0,0.0,0,0,0,0,0,0,0,0,0,0,0,0,0,0,0,0,0,0,0,0,0,0,0,0,0,0,0,0,0,0,0,0,0,38,14,7,45,65476,0,300,0,0,8,21553,0.0,-107605600.0,0.0,0.0,0.0,0.0,0.0,0.0,0.0,0.0,0.0,0.0,0.0,0.0,0.0,0.0,0.0,0.0,0.0,0.0,0.0,0.0,0.0,0.0,-2.004,2.004,0.0,0.0,0.0,0.0,5043.0,-0.0,0.0,0.0,0.0,0.0,-107615304.0,0.0,0.0,0.0,0.0,53,4.950428597886765e+32,-0.0,0.0,0.0,0.0,0.0,0.0,0.0,0.0,0,0,0,0.0,0.0,0.0,0.0,0.0,0.0,0.0,0.0,0.0,0.0,0.0,0.0,0.0,0.0,0.0,0.0,0,-107875648.0,53,0.0,106,-107614832.0,2.7006707062415038e+23,ERR,ERR,ERR,ERR,ERR,ERR,ERR,ERR,ERR,ERR,ERR,ERR,ERR,ERR,ERR,ERR,ERR,ERR,ERR,ERR,ERR,ERR,ERR,ERR,ERR,ERR,ERR,ERR,ERR,ERR,ERR,ERR,ERR,ERR,ERR,ERR,ERR,ERR,ERR,ERR,ERR,ERR,ERR,ERR,ERR,ERR,ERR,ERR,ERR,ERR,ERR,ERR,ERR,ERR,ERR,ERR,ERR,ERR,ERR,ERR,ERR,ERR,ERR,ERR,ERR,ERR,ERR,50.0,60.0,100,0.0,0.0,0.0,0.0,0.0,0.0,0.0,0.0,0.0,0.0,0.0,0.0,0.0,0.0,0.0,0.0,61.6,78,11,65508,50,65476,0,300,0,0,8,20529,65476,0,0,26214,60.0,0.0,0.0,0.0,0.0,0.0
2026-05-17T16:44:18,ERR,ERR,ERR,ERR,ERR,ERR,ERR,ERR,ERR,ERR,ERR,ERR,ERR,ERR,ERR,ERR,ERR,ERR,ERR,ERR,ERR,ERR,ERR,ERR,ERR,ERR,ERR,ERR,ERR,ERR,ERR,ERR,ERR,ERR,ERR,ERR,ERR,ERR,ERR,ERR,ERR,ERR,ERR,ERR,ERR,ERR,ERR,ERR,ERR,ERR,ERR,ERR,ERR,ERR,ERR,ERR,ERR,ERR,ERR,ERR,ERR,ERR,ERR,ERR,ERR,ERR,ERR,ERR,ERR,ERR,ERR,ERR,ERR,ERR,ERR,ERR,ERR,ERR,ERR,ERR,ERR,ERR,ERR,ERR,ERR,ERR,ERR,ERR,ERR,ERR,ERR,ERR,ERR,ERR,ERR,ERR,ERR,ERR,ERR,ERR,ERR,ERR,ERR,ERR,ERR,ERR,ERR,ERR,ERR,ERR,ERR,ERR,ERR,ERR,ERR,ERR,ERR,ERR,ERR,ERR,ERR,ERR,ERR,ERR,ERR,0.0,0.0,-134474944.0,0.0,0.0,1.3936040501711995e+18,7.805,0.0,0,0,4,0,8422,0.0,45,0.0,0.0,0.0,0.0,0.0,0,0,0,0,0.0,0,0,0,0,0,0,0,0,0,0,0,0,0,0,0,0,0,0,0,0,0,0,0,0,0,0,0,0,0,0,0,0,0,38,14,7,45,65476,0,300,0,0,8,21553,0.0,-107605600.0,0.0,0.0,0.0,0.0,0.0,0.0,0.0,0.0,0.0,0.0,0.0,0.0,0.0,0.0,0.0,0.0,0.0,0.0,0.0,0.0,0.0,0.0,-2.004,2.004,0.0,0.0,0.0,0.0,5044.0,0.0,0.0,0.0,0.0,0.0,-107615304.0,0.0,0.0,0.0,0.0,53,5.848083413016271e+35,0.059,0.0,0.0,0.0,0.0,0.0,0.0,0.0,0,0,0,0.0,0.0,0.0,0.0,0.0,0.0,0.0,0.0,0.0,0.0,0.0,0.0,0.0,0.0,0.0,0.0,0,-107875648.0,53,0.0,106,-107614832.0,2.7006707062415038e+23,ERR,ERR,ERR,ERR,ERR,ERR,ERR,ERR,ERR,ERR,ERR,ERR,ERR,ERR,ERR,ERR,ERR,ERR,ERR,ERR,ERR,ERR,ERR,ERR,ERR,ERR,ERR,ERR,ERR,ERR,ERR,ERR,ERR,ERR,ERR,ERR,ERR,ERR,ERR,ERR,ERR,ERR,ERR,ERR,ERR,ERR,ERR,ERR,ERR,ERR,ERR,ERR,ERR,ERR,ERR,ERR,ERR,ERR,ERR,ERR,ERR,ERR,ERR,ERR,ERR,ERR,ERR,50.0,60.0,100,0.0,0.0,0.0,0.0,0.0,0.0,0.0,0.0,0.0,0.0,0.0,0.0,0.0,0.0,0.0,0.0,61.6,78,11,65508,50,65476,0,300,0,0,8,20529,65476,0,0,26214,60.0,0.0,0.0,0.0,0.0,0.0
2026-05-17T16:44:19,ERR,ERR,ERR,ERR,ERR,ERR,ERR,ERR,ERR,ERR,ERR,ERR,ERR,ERR,ERR,ERR,ERR,ERR,ERR,ERR,ERR,ERR,ERR,ERR,ERR,ERR,ERR,ERR,ERR,ERR,ERR,ERR,ERR,ERR,ERR,ERR,ERR,ERR,ERR,ERR,ERR,ERR,ERR,ERR,ERR,ERR,ERR,ERR,ERR,ERR,ERR,ERR,ERR,ERR,ERR,ERR,ERR,ERR,ERR,ERR,ERR,ERR,ERR,ERR,ERR,ERR,ERR,ERR,ERR,ERR,ERR,ERR,ERR,ERR,ERR,ERR,ERR,ERR,ERR,ERR,ERR,ERR,ERR,ERR,ERR,ERR,ERR,ERR,ERR,ERR,ERR,ERR,ERR,ERR,ERR,ERR,ERR,ERR,ERR,ERR,ERR,ERR,ERR,ERR,ERR,ERR,ERR,ERR,ERR,ERR,ERR,ERR,ERR,ERR,ERR,ERR,ERR,ERR,ERR,ERR,ERR,ERR,ERR,ERR,ERR,0.0,0.0,-134474944.0,0.0,0.0,1.3936040501711995e+18,7.805,0.0,0,0,4,0,8422,0.0,45,0.0,0.0,0.0,0.0,0.0,0,0,0,0,0.0,0,0,0,0,0,0,0,0,0,0,0,0,0,0,0,0,0,0,0,0,0,0,0,0,0,0,0,0,0,0,0,0,0,38,14,7,45,65476,0,300,0,0,8,21553,0.0,-107605600.0,0.0,0.0,0.0,0.0,0.0,0.0,0.0,0.0,0.0,0.0,0.0,0.0,0.0,0.0,0.0,0.0,0.0,0.0,0.0,0.0,0.0,0.0,-2.004,2.004,0.0,0.0,0.0,0.0,5044.0,0.0,0.0,0.0,0.0,0.0,-107615304.0,0.0,0.0,0.0,0.0,53,5.848083413016271e+35,0.059,0.0,0.0,0.0,0.0,0.0,0.0,0.0,0,0,0,0.0,0.0,0.0,0.0,0.0,0.0,0.0,0.0,0.0,0.0,0.0,0.0,0.0,0.0,0.0,0.0,0,-107875648.0,53,0.0,106,-107614832.0,2.7006707062415038e+23,ERR,ERR,ERR,ERR,ERR,ERR,ERR,ERR,ERR,ERR,ERR,ERR,ERR,ERR,ERR,ERR,ERR,ERR,ERR,ERR,ERR,ERR,ERR,ERR,ERR,ERR,ERR,ERR,ERR,ERR,ERR,ERR,ERR,ERR,ERR,ERR,ERR,ERR,ERR,ERR,ERR,ERR,ERR,ERR,ERR,ERR,ERR,ERR,ERR,ERR,ERR,ERR,ERR,ERR,ERR,ERR,ERR,ERR,ERR,ERR,ERR,ERR,ERR,ERR,ERR,ERR,ERR,50.0,60.0,100,0.0,0.0,0.0,0.0,0.0,0.0,0.0,0.0,0.0,0.0,0.0,0.0,0.0,0.0,0.0,0.0,61.6,78,11,65508,50,65476,0,300,0,0,8,20529,65476,0,0,26214,60.0,0.0,0.0,0.0,0.0,0.0
2026-05-17T16:44:20,ERR,ERR,ERR,ERR,ERR,ERR,ERR,ERR,ERR,ERR,ERR,ERR,ERR,ERR,ERR,ERR,ERR,ERR,ERR,ERR,ERR,ERR,ERR,ERR,ERR,ERR,ERR,ERR,ERR,ERR,ERR,ERR,ERR,ERR,ERR,ERR,ERR,ERR,ERR,ERR,ERR,ERR,ERR,ERR,ERR,ERR,ERR,ERR,ERR,ERR,ERR,ERR,ERR,ERR,ERR,ERR,ERR,ERR,ERR,ERR,ERR,ERR,ERR,ERR,ERR,ERR,ERR,ERR,ERR,ERR,ERR,ERR,ERR,ERR,ERR,ERR,ERR,ERR,ERR,ERR,ERR,ERR,ERR,ERR,ERR,ERR,ERR,ERR,ERR,ERR,ERR,ERR,ERR,ERR,ERR,ERR,ERR,ERR,ERR,ERR,ERR,ERR,ERR,ERR,ERR,ERR,ERR,ERR,ERR,ERR,ERR,ERR,ERR,ERR,ERR,ERR,ERR,ERR,ERR,ERR,ERR,ERR,ERR,ERR,ERR,0.0,0.0,-134474944.0,0.0,0.0,1.3936040501711995e+18,7.805,0.0,0,0,4,0,8422,0.0,45,0.0,0.0,0.0,0.0,0.0,0,0,0,0,0.0,0,0,0,0,0,0,0,0,0,0,0,0,0,0,0,0,0,0,0,0,0,0,0,0,0,0,0,0,0,0,0,0,0,38,14,7,45,65476,0,300,0,0,8,21553,0.0,-107605600.0,0.0,0.0,0.0,0.0,0.0,0.0,0.0,0.0,0.0,0.0,0.0,0.0,0.0,0.0,0.0,0.0,0.0,0.0,0.0,0.0,0.0,0.0,-2.004,2.004,0.0,0.0,0.0,0.0,5044.0,0.0,0.0,0.0,0.0,0.0,-107615304.0,0.0,0.0,0.0,0.0,53,5.848083413016271e+35,0.059,0.0,0.0,0.0,0.0,0.0,0.0,0.0,0,0,0,0.0,0.0,0.0,0.0,0.0,0.0,0.0,0.0,0.0,0.0,0.0,0.0,0.0,0.0,0.0,0.0,0,-107875648.0,53,0.0,106,-107614832.0,2.7006707062415038e+23,ERR,ERR,ERR,ERR,ERR,ERR,ERR,ERR,ERR,ERR,ERR,ERR,ERR,ERR,ERR,ERR,ERR,ERR,ERR,ERR,ERR,ERR,ERR,ERR,ERR,ERR,ERR,ERR,ERR,ERR,ERR,ERR,ERR,ERR,ERR,ERR,ERR,ERR,ERR,ERR,ERR,ERR,ERR,ERR,ERR,ERR,ERR,ERR,ERR,ERR,ERR,ERR,ERR,ERR,ERR,ERR,ERR,ERR,ERR,ERR,ERR,ERR,ERR,ERR,ERR,ERR,ERR,50.0,60.0,100,0.0,0.0,0.0,0.0,0.0,0.0,0.0,0.0,0.0,0.0,0.0,0.0,0.0,0.0,0.0,0.0,61.6,78,11,65508,50,65476,0,300,0,0,8,20529,65476,0,0,26214,60.0,0.0,0.0,0.0,0.0,0.0
2026-05-17T16:44:21,ERR,ERR,ERR,ERR,ERR,ERR,ERR,ERR,ERR,ERR,ERR,ERR,ERR,ERR,ERR,ERR,ERR,ERR,ERR,ERR,ERR,ERR,ERR,ERR,ERR,ERR,ERR,ERR,ERR,ERR,ERR,ERR,ERR,ERR,ERR,ERR,ERR,ERR,ERR,ERR,ERR,ERR,ERR,ERR,ERR,ERR,ERR,ERR,ERR,ERR,ERR,ERR,ERR,ERR,ERR,ERR,ERR,ERR,ERR,ERR,ERR,ERR,ERR,ERR,ERR,ERR,ERR,ERR,ERR,ERR,ERR,ERR,ERR,ERR,ERR,ERR,ERR,ERR,ERR,ERR,ERR,ERR,ERR,ERR,ERR,ERR,ERR,ERR,ERR,ERR,ERR,ERR,ERR,ERR,ERR,ERR,ERR,ERR,ERR,ERR,ERR,ERR,ERR,ERR,ERR,ERR,ERR,ERR,ERR,ERR,ERR,ERR,ERR,ERR,ERR,ERR,ERR,ERR,ERR,ERR,ERR,ERR,ERR,ERR,ERR,0.0,0.0,-134474944.0,0.0,0.0,1.3936040501711995e+18,7.805,0.0,0,0,4,0,8422,0.0,45,0.0,0.0,0.0,0.0,0.0,0,0,0,0,0.0,0,0,0,0,0,0,0,0,0,0,0,0,0,0,0,0,0,0,0,0,0,0,0,0,0,0,0,0,0,0,0,0,0,38,14,7,45,65476,0,300,0,0,8,21553,0.0,-107605600.0,0.0,0.0,0.0,0.0,0.0,0.0,0.0,0.0,0.0,0.0,0.0,0.0,0.0,0.0,0.0,0.0,0.0,0.0,0.0,0.0,0.0,0.0,-2.004,2.004,0.0,0.0,0.0,0.0,5044.0,0.0,0.0,0.0,0.0,0.0,-107615304.0,0.0,0.0,0.0,0.0,53,5.848083413016271e+35,0.059,0.0,0.0,0.0,0.0,0.0,0.0,0.0,0,0,0,0.0,0.0,0.0,0.0,0.0,0.0,0.0,0.0,0.0,0.0,0.0,0.0,0.0,0.0,0.0,0.0,0,-107875648.0,53,0.0,106,-107614832.0,2.7006707062415038e+23,ERR,ERR,ERR,ERR,ERR,ERR,ERR,ERR,ERR,ERR,ERR,ERR,ERR,ERR,ERR,ERR,ERR,ERR,ERR,ERR,ERR,ERR,ERR,ERR,ERR,ERR,ERR,ERR,ERR,ERR,ERR,ERR,ERR,ERR,ERR,ERR,ERR,ERR,ERR,ERR,ERR,ERR,ERR,ERR,ERR,ERR,ERR,ERR,ERR,ERR,ERR,ERR,ERR,ERR,ERR,ERR,ERR,ERR,ERR,ERR,ERR,ERR,ERR,ERR,ERR,ERR,ERR,50.0,60.0,100,0.0,0.0,0.0,0.0,0.0,0.0,0.0,0.0,0.0,0.0,0.0,0.0,0.0,0.0,0.0,0.0,61.6,78,11,65508,50,65476,0,300,0,0,8,20529,65476,0,0,26214,60.0,0.0,0.0,0.0,0.0,0.0
2026-05-17T16:44:22,ERR,ERR,ERR,ERR,ERR,ERR,ERR,ERR,ERR,ERR,ERR,ERR,ERR,ERR,ERR,ERR,ERR,ERR,ERR,ERR,ERR,ERR,ERR,ERR,ERR,ERR,ERR,ERR,ERR,ERR,ERR,ERR,ERR,ERR,ERR,ERR,ERR,ERR,ERR,ERR,ERR,ERR,ERR,ERR,ERR,ERR,ERR,ERR,ERR,ERR,ERR,ERR,ERR,ERR,ERR,ERR,ERR,ERR,ERR,ERR,ERR,ERR,ERR,ERR,ERR,ERR,ERR,ERR,ERR,ERR,ERR,ERR,ERR,ERR,ERR,ERR,ERR,ERR,ERR,ERR,ERR,ERR,ERR,ERR,ERR,ERR,ERR,ERR,ERR,ERR,ERR,ERR,ERR,ERR,ERR,ERR,ERR,ERR,ERR,ERR,ERR,ERR,ERR,ERR,ERR,ERR,ERR,ERR,ERR,ERR,ERR,ERR,ERR,ERR,ERR,ERR,ERR,ERR,ERR,ERR,ERR,ERR,ERR,ERR,ERR,0.0,0.0,-134474944.0,0.0,0.0,1.3936040501711995e+18,7.805,0.0,0,0,4,0,8422,0.0,45,0.0,0.0,0.0,0.0,0.0,0,0,0,0,0.0,0,0,0,0,0,0,0,0,0,0,0,0,0,0,0,0,0,0,0,0,0,0,0,0,0,0,0,0,0,0,0,0,0,38,14,7,45,65476,0,300,0,0,8,21553,0.0,-107605600.0,0.0,0.0,0.0,0.0,0.0,0.0,0.0,0.0,0.0,0.0,0.0,0.0,0.0,0.0,0.0,0.0,0.0,0.0,0.0,0.0,0.0,0.0,-2.004,2.004,0.0,0.0,0.0,0.0,5044.0,0.0,0.0,0.0,0.0,0.0,-107615304.0,0.0,0.0,0.0,0.0,53,5.848083413016271e+35,0.059,0.0,0.0,0.0,0.0,0.0,0.0,0.0,0,0,0,0.0,0.0,0.0,0.0,0.0,0.0,0.0,0.0,0.0,0.0,0.0,0.0,0.0,0.0,0.0,0.0,0,-107875648.0,53,0.0,106,-107614832.0,2.7006707062415038e+23,ERR,ERR,ERR,ERR,ERR,ERR,ERR,ERR,ERR,ERR,ERR,ERR,ERR,ERR,ERR,ERR,ERR,ERR,ERR,ERR,ERR,ERR,ERR,ERR,ERR,ERR,ERR,ERR,ERR,ERR,ERR,ERR,ERR,ERR,ERR,ERR,ERR,ERR,ERR,ERR,ERR,ERR,ERR,ERR,ERR,ERR,ERR,ERR,ERR,ERR,ERR,ERR,ERR,ERR,ERR,ERR,ERR,ERR,ERR,ERR,ERR,ERR,ERR,ERR,ERR,ERR,ERR,50.0,60.0,100,0.0,0.0,0.0,0.0,0.0,0.0,0.0,0.0,0.0,0.0,0.0,0.0,0.0,0.0,0.0,0.0,62.0,78,11,65508,50,65476,0,300,0,0,8,20529,65476,0,0,26214,60.0,0.0,0.0,0.0,0.0,0.0
2026-05-17T16:44:23,ERR,ERR,ERR,ERR,ERR,ERR,ERR,ERR,ERR,ERR,ERR,ERR,ERR,ERR,ERR,ERR,ERR,ERR,ERR,ERR,ERR,ERR,ERR,ERR,ERR,ERR,ERR,ERR,ERR,ERR,ERR,ERR,ERR,ERR,ERR,ERR,ERR,ERR,ERR,ERR,ERR,ERR,ERR,ERR,ERR,ERR,ERR,ERR,ERR,ERR,ERR,ERR,ERR,ERR,ERR,ERR,ERR,ERR,ERR,ERR,ERR,ERR,ERR,ERR,ERR,ERR,ERR,ERR,ERR,ERR,ERR,ERR,ERR,ERR,ERR,ERR,ERR,ERR,ERR,ERR,ERR,ERR,ERR,ERR,ERR,ERR,ERR,ERR,ERR,ERR,ERR,ERR,ERR,ERR,ERR,ERR,ERR,ERR,ERR,ERR,ERR,ERR,ERR,ERR,ERR,ERR,ERR,ERR,ERR,ERR,ERR,ERR,ERR,ERR,ERR,ERR,ERR,ERR,ERR,ERR,ERR,ERR,ERR,ERR,ERR,0.0,0.0,-134474944.0,0.0,0.0,1.3936040501711995e+18,7.805,0.0,0,0,4,0,8422,0.0,45,0.0,0.0,0.0,0.0,0.0,0,0,0,0,0.0,0,0,0,0,0,0,0,0,0,0,0,0,0,0,0,0,0,0,0,0,0,0,0,0,0,0,0,0,0,0,0,0,0,38,14,7,45,65476,0,300,0,0,8,21553,0.0,-107605600.0,0.0,0.0,0.0,0.0,0.0,0.0,0.0,0.0,0.0,0.0,0.0,0.0,0.0,0.0,0.0,0.0,0.0,0.0,0.0,0.0,0.0,0.0,-2.004,2.004,0.0,0.0,0.0,0.0,5008.0,-0.0,0.0,0.0,0.0,0.0,-107615304.0,0.0,0.0,0.0,0.0,53,2.7184300208680915e+23,-0.0,0.0,0.0,0.0,0.0,0.0,0.0,0.0,0,0,0,0.0,0.0,0.0,0.0,0.0,0.0,0.0,0.0,0.0,0.0,0.0,0.0,0.0,0.0,0.0,0.0,0,-107875648.0,53,0.0,106,-107614832.0,2.7006707062415038e+23,ERR,ERR,ERR,ERR,ERR,ERR,ERR,ERR,ERR,ERR,ERR,ERR,ERR,ERR,ERR,ERR,ERR,ERR,ERR,ERR,ERR,ERR,ERR,ERR,ERR,ERR,ERR,ERR,ERR,ERR,ERR,ERR,ERR,ERR,ERR,ERR,ERR,ERR,ERR,ERR,ERR,ERR,ERR,ERR,ERR,ERR,ERR,ERR,ERR,ERR,ERR,ERR,ERR,ERR,ERR,ERR,ERR,ERR,ERR,ERR,ERR,ERR,ERR,ERR,ERR,ERR,ERR,50.0,60.0,100,0.0,0.0,0.0,0.0,0.0,0.0,0.0,0.0,0.0,0.0,0.0,0.0,0.0,0.0,0.0,0.0,62.0,78,11,65508,50,65476,0,300,0,0,8,20529,65476,0,0,26214,60.0,0.0,0.0,0.0,0.0,0.0
2026-05-17T16:44:24,ERR,ERR,ERR,ERR,ERR,ERR,ERR,ERR,ERR,ERR,ERR,ERR,ERR,ERR,ERR,ERR,ERR,ERR,ERR,ERR,ERR,ERR,ERR,ERR,ERR,ERR,ERR,ERR,ERR,ERR,ERR,ERR,ERR,ERR,ERR,ERR,ERR,ERR,ERR,ERR,ERR,ERR,ERR,ERR,ERR,ERR,ERR,ERR,ERR,ERR,ERR,ERR,ERR,ERR,ERR,ERR,ERR,ERR,ERR,ERR,ERR,ERR,ERR,ERR,ERR,ERR,ERR,ERR,ERR,ERR,ERR,ERR,ERR,ERR,ERR,ERR,ERR,ERR,ERR,ERR,ERR,ERR,ERR,ERR,ERR,ERR,ERR,ERR,ERR,ERR,ERR,ERR,ERR,ERR,ERR,ERR,ERR,ERR,ERR,ERR,ERR,ERR,ERR,ERR,ERR,ERR,ERR,ERR,ERR,ERR,ERR,ERR,ERR,ERR,ERR,ERR,ERR,ERR,ERR,ERR,ERR,ERR,ERR,ERR,ERR,0.0,0.0,-134474944.0,0.0,0.0,1.3936040501711995e+18,7.805,0.0,0,0,4,0,8422,0.0,45,0.0,0.0,0.0,0.0,0.0,0,0,0,0,0.0,0,0,0,0,0,0,0,0,0,0,0,0,0,0,0,0,0,0,0,0,0,0,0,0,0,0,0,0,0,0,0,0,0,38,14,7,45,65476,0,300,0,0,8,21553,0.0,-107605600.0,0.0,0.0,0.0,0.0,0.0,0.0,0.0,0.0,0.0,0.0,0.0,0.0,0.0,0.0,0.0,0.0,0.0,0.0,0.0,0.0,0.0,0.0,-2.004,2.004,0.0,0.0,0.0,0.0,5008.0,-0.0,0.0,0.0,0.0,0.0,-107615304.0,0.0,0.0,0.0,0.0,53,2.7184300208680915e+23,-0.0,0.0,0.0,0.0,0.0,0.0,0.0,0.0,0,0,0,0.0,0.0,0.0,0.0,0.0,0.0,0.0,0.0,0.0,0.0,0.0,0.0,0.0,0.0,0.0,0.0,0,-107875648.0,53,0.0,106,-107614832.0,2.7006707062415038e+23,ERR,ERR,ERR,ERR,ERR,ERR,ERR,ERR,ERR,ERR,ERR,ERR,ERR,ERR,ERR,ERR,ERR,ERR,ERR,ERR,ERR,ERR,ERR,ERR,ERR,ERR,ERR,ERR,ERR,ERR,ERR,ERR,ERR,ERR,ERR,ERR,ERR,ERR,ERR,ERR,ERR,ERR,ERR,ERR,ERR,ERR,ERR,ERR,ERR,ERR,ERR,ERR,ERR,ERR,ERR,ERR,ERR,ERR,ERR,ERR,ERR,ERR,ERR,ERR,ERR,ERR,ERR,50.0,60.0,100,0.0,0.0,0.0,0.0,0.0,0.0,0.0,0.0,0.0,0.0,0.0,0.0,0.0,0.0,0.0,0.0,61.6,78,11,65508,50,65476,0,300,0,0,8,20529,65476,0,0,26214,60.0,0.0,0.0,0.0,0.0,0.0
2026-05-17T16:44:25,ERR,ERR,ERR,ERR,ERR,ERR,ERR,ERR,ERR,ERR,ERR,ERR,ERR,ERR,ERR,ERR,ERR,ERR,ERR,ERR,ERR,ERR,ERR,ERR,ERR,ERR,ERR,ERR,ERR,ERR,ERR,ERR,ERR,ERR,ERR,ERR,ERR,ERR,ERR,ERR,ERR,ERR,ERR,ERR,ERR,ERR,ERR,ERR,ERR,ERR,ERR,ERR,ERR,ERR,ERR,ERR,ERR,ERR,ERR,ERR,ERR,ERR,ERR,ERR,ERR,ERR,ERR,ERR,ERR,ERR,ERR,ERR,ERR,ERR,ERR,ERR,ERR,ERR,ERR,ERR,ERR,ERR,ERR,ERR,ERR,ERR,ERR,ERR,ERR,ERR,ERR,ERR,ERR,ERR,ERR,ERR,ERR,ERR,ERR,ERR,ERR,ERR,ERR,ERR,ERR,ERR,ERR,ERR,ERR,ERR,ERR,ERR,ERR,ERR,ERR,ERR,ERR,ERR,ERR,ERR,ERR,ERR,ERR,ERR,ERR,0.0,0.0,-134474944.0,0.0,0.0,1.3936040501711995e+18,7.805,0.0,0,0,4,0,8422,0.0,45,0.0,0.0,0.0,0.0,0.0,0,0,0,0,0.0,0,0,0,0,0,0,0,0,0,0,0,0,0,0,0,0,0,0,0,0,0,0,0,0,0,0,0,0,0,0,0,0,0,38,14,7,45,65476,0,300,0,0,8,21553,0.0,-107605600.0,0.0,0.0,0.0,0.0,0.0,0.0,0.0,0.0,0.0,0.0,0.0,0.0,0.0,0.0,0.0,0.0,0.0,0.0,0.0,0.0,0.0,0.0,-2.004,2.004,0.0,0.0,0.0,0.0,5008.0,-0.0,0.0,0.0,0.0,0.0,-107615304.0,0.0,0.0,0.0,0.0,53,2.7184300208680915e+23,-0.0,0.0,0.0,0.0,0.0,0.0,0.0,0.0,0,0,0,0.0,0.0,0.0,0.0,0.0,0.0,0.0,0.0,0.0,0.0,0.0,0.0,0.0,0.0,0.0,0.0,0,-107875648.0,53,0.0,106,-107614832.0,2.7006707062415038e+23,ERR,ERR,ERR,ERR,ERR,ERR,ERR,ERR,ERR,ERR,ERR,ERR,ERR,ERR,ERR,ERR,ERR,ERR,ERR,ERR,ERR,ERR,ERR,ERR,ERR,ERR,ERR,ERR,ERR,ERR,ERR,ERR,ERR,ERR,ERR,ERR,ERR,ERR,ERR,ERR,ERR,ERR,ERR,ERR,ERR,ERR,ERR,ERR,ERR,ERR,ERR,ERR,ERR,ERR,ERR,ERR,ERR,ERR,ERR,ERR,ERR,ERR,ERR,ERR,ERR,ERR,ERR,50.0,60.0,100,0.0,0.0,0.0,0.0,0.0,0.0,0.0,0.0,0.0,0.0,0.0,0.0,0.0,0.0,0.0,0.0,61.6,78,11,65508,50,65476,0,300,0,0,8,20529,65476,0,0,26214,60.0,0.0,0.0,0.0,0.0,0.0
2026-05-17T16:44:26,ERR,ERR,ERR,ERR,ERR,ERR,ERR,ERR,ERR,ERR,ERR,ERR,ERR,ERR,ERR,ERR,ERR,ERR,ERR,ERR,ERR,ERR,ERR,ERR,ERR,ERR,ERR,ERR,ERR,ERR,ERR,ERR,ERR,ERR,ERR,ERR,ERR,ERR,ERR,ERR,ERR,ERR,ERR,ERR,ERR,ERR,ERR,ERR,ERR,ERR,ERR,ERR,ERR,ERR,ERR,ERR,ERR,ERR,ERR,ERR,ERR,ERR,ERR,ERR,ERR,ERR,ERR,ERR,ERR,ERR,ERR,ERR,ERR,ERR,ERR,ERR,ERR,ERR,ERR,ERR,ERR,ERR,ERR,ERR,ERR,ERR,ERR,ERR,ERR,ERR,ERR,ERR,ERR,ERR,ERR,ERR,ERR,ERR,ERR,ERR,ERR,ERR,ERR,ERR,ERR,ERR,ERR,ERR,ERR,ERR,ERR,ERR,ERR,ERR,ERR,ERR,ERR,ERR,ERR,ERR,ERR,ERR,ERR,ERR,ERR,0.0,0.0,-134474944.0,0.0,0.0,1.3936040501711995e+18,7.805,0.0,0,0,4,0,8422,0.0,45,0.0,0.0,0.0,0.0,0.0,0,0,0,0,0.0,0,0,0,0,0,0,0,0,0,0,0,0,0,0,0,0,0,0,0,0,0,0,0,0,0,0,0,0,0,0,0,0,0,38,14,7,45,65476,0,300,0,0,8,21553,0.0,-107605600.0,0.0,0.0,0.0,0.0,0.0,0.0,0.0,0.0,0.0,0.0,0.0,0.0,0.0,0.0,0.0,0.0,0.0,0.0,0.0,0.0,0.0,0.0,-2.004,2.004,0.0,0.0,0.0,0.0,5008.0,-0.0,0.0,0.0,0.0,0.0,-107615304.0,0.0,0.0,0.0,0.0,53,2.7184300208680915e+23,-0.0,0.0,0.0,0.0,0.0,0.0,0.0,0.0,0,0,0,0.0,0.0,0.0,0.0,0.0,0.0,0.0,0.0,0.0,0.0,0.0,0.0,0.0,0.0,0.0,0.0,0,-107875648.0,53,0.0,106,-107614832.0,2.7006707062415038e+23,ERR,ERR,ERR,ERR,ERR,ERR,ERR,ERR,ERR,ERR,ERR,ERR,ERR,ERR,ERR,ERR,ERR,ERR,ERR,ERR,ERR,ERR,ERR,ERR,ERR,ERR,ERR,ERR,ERR,ERR,ERR,ERR,ERR,ERR,ERR,ERR,ERR,ERR,ERR,ERR,ERR,ERR,ERR,ERR,ERR,ERR,ERR,ERR,ERR,ERR,ERR,ERR,ERR,ERR,ERR,ERR,ERR,ERR,ERR,ERR,ERR,ERR,ERR,ERR,ERR,ERR,ERR,50.0,60.0,100,0.0,0.0,0.0,0.0,0.0,0.0,0.0,0.0,0.0,0.0,0.0,0.0,0.0,0.0,0.0,0.0,61.6,78,11,65508,50,65476,0,300,0,0,8,20529,65476,0,0,26214,60.0,0.0,0.0,0.0,0.0,0.0
2026-05-17T16:44:27,ERR,ERR,ERR,ERR,ERR,ERR,ERR,ERR,ERR,ERR,ERR,ERR,ERR,ERR,ERR,ERR,ERR,ERR,ERR,ERR,ERR,ERR,ERR,ERR,ERR,ERR,ERR,ERR,ERR,ERR,ERR,ERR,ERR,ERR,ERR,ERR,ERR,ERR,ERR,ERR,ERR,ERR,ERR,ERR,ERR,ERR,ERR,ERR,ERR,ERR,ERR,ERR,ERR,ERR,ERR,ERR,ERR,ERR,ERR,ERR,ERR,ERR,ERR,ERR,ERR,ERR,ERR,ERR,ERR,ERR,ERR,ERR,ERR,ERR,ERR,ERR,ERR,ERR,ERR,ERR,ERR,ERR,ERR,ERR,ERR,ERR,ERR,ERR,ERR,ERR,ERR,ERR,ERR,ERR,ERR,ERR,ERR,ERR,ERR,ERR,ERR,ERR,ERR,ERR,ERR,ERR,ERR,ERR,ERR,ERR,ERR,ERR,ERR,ERR,ERR,ERR,ERR,ERR,ERR,ERR,ERR,ERR,ERR,ERR,ERR,0.0,0.0,-134474944.0,0.0,0.0,1.3936040501711995e+18,7.805,0.0,0,0,4,0,8422,0.0,45,0.0,0.0,0.0,0.0,0.0,0,0,0,0,0.0,0,0,0,0,0,0,0,0,0,0,0,0,0,0,0,0,0,0,0,0,0,0,0,0,0,0,0,0,0,0,0,0,0,38,14,7,45,65476,0,300,0,0,8,21553,0.0,-107605600.0,0.0,0.0,0.0,0.0,0.0,0.0,0.0,0.0,0.0,0.0,0.0,0.0,0.0,0.0,0.0,0.0,0.0,0.0,0.0,0.0,0.0,0.0,-2.004,2.004,0.0,0.0,0.0,0.0,5008.0,-0.0,0.0,0.0,0.0,0.0,-107615304.0,0.0,0.0,0.0,0.0,53,2.7184300208680915e+23,-0.0,0.0,0.0,0.0,0.0,0.0,0.0,0.0,0,0,0,0.0,0.0,0.0,0.0,0.0,0.0,0.0,0.0,0.0,0.0,0.0,0.0,0.0,0.0,0.0,0.0,0,-107875648.0,53,0.0,106,-107614832.0,2.7006707062415038e+23,ERR,ERR,ERR,ERR,ERR,ERR,ERR,ERR,ERR,ERR,ERR,ERR,ERR,ERR,ERR,ERR,ERR,ERR,ERR,ERR,ERR,ERR,ERR,ERR,ERR,ERR,ERR,ERR,ERR,ERR,ERR,ERR,ERR,ERR,ERR,ERR,ERR,ERR,ERR,ERR,ERR,ERR,ERR,ERR,ERR,ERR,ERR,ERR,ERR,ERR,ERR,ERR,ERR,ERR,ERR,ERR,ERR,ERR,ERR,ERR,ERR,ERR,ERR,ERR,ERR,ERR,ERR,50.0,60.0,100,0.0,0.0,0.0,0.0,0.0,0.0,0.0,0.0,0.0,0.0,0.0,0.0,0.0,0.0,0.0,0.0,61.6,78,11,65508,50,65476,0,300,0,0,8,20529,65476,0,0,26214,60.0,0.0,0.0,0.0,0.0,0.0
2026-05-17T16:44:28,ERR,ERR,ERR,ERR,ERR,ERR,ERR,ERR,ERR,ERR,ERR,ERR,ERR,ERR,ERR,ERR,ERR,ERR,ERR,ERR,ERR,ERR,ERR,ERR,ERR,ERR,ERR,ERR,ERR,ERR,ERR,ERR,ERR,ERR,ERR,ERR,ERR,ERR,ERR,ERR,ERR,ERR,ERR,ERR,ERR,ERR,ERR,ERR,ERR,ERR,ERR,ERR,ERR,ERR,ERR,ERR,ERR,ERR,ERR,ERR,ERR,ERR,ERR,ERR,ERR,ERR,ERR,ERR,ERR,ERR,ERR,ERR,ERR,ERR,ERR,ERR,ERR,ERR,ERR,ERR,ERR,ERR,ERR,ERR,ERR,ERR,ERR,ERR,ERR,ERR,ERR,ERR,ERR,ERR,ERR,ERR,ERR,ERR,ERR,ERR,ERR,ERR,ERR,ERR,ERR,ERR,ERR,ERR,ERR,ERR,ERR,ERR,ERR,ERR,ERR,ERR,ERR,ERR,ERR,ERR,ERR,ERR,ERR,ERR,ERR,0.0,0.0,-134474944.0,0.0,0.0,1.3936040501711995e+18,7.805,0.0,0,0,4,0,8422,0.0,45,0.0,0.0,0.0,0.0,0.0,0,0,0,0,0.0,0,0,0,0,0,0,0,0,0,0,0,0,0,0,0,0,0,0,0,0,0,0,0,0,0,0,0,0,0,0,0,0,0,38,14,7,45,65476,0,300,0,0,8,21553,0.0,-107605600.0,0.0,0.0,0.0,0.0,0.0,0.0,0.0,0.0,0.0,0.0,0.0,0.0,0.0,0.0,0.0,0.0,0.0,0.0,0.0,0.0,0.0,0.0,-2.004,2.004,0.0,0.0,0.0,0.0,5008.0,0.0,0.0,0.0,0.0,0.0,-107615304.0,0.0,0.0,0.0,0.0,53,4.950428597886765e+32,-2.30882787541985e+20,0.0,0.0,0.0,0.0,0.0,0.0,0.0,0,0,0,0.0,0.0,0.0,0.0,0.0,0.0,0.0,0.0,0.0,0.0,0.0,0.0,0.0,0.0,0.0,0.0,0,-107875648.0,53,0.0,106,-107614832.0,2.7006707062415038e+23,ERR,ERR,ERR,ERR,ERR,ERR,ERR,ERR,ERR,ERR,ERR,ERR,ERR,ERR,ERR,ERR,ERR,ERR,ERR,ERR,ERR,ERR,ERR,ERR,ERR,ERR,ERR,ERR,ERR,ERR,ERR,ERR,ERR,ERR,ERR,ERR,ERR,ERR,ERR,ERR,ERR,ERR,ERR,ERR,ERR,ERR,ERR,ERR,ERR,ERR,ERR,ERR,ERR,ERR,ERR,ERR,ERR,ERR,ERR,ERR,ERR,ERR,ERR,ERR,ERR,ERR,ERR,50.0,60.0,100,0.0,0.0,0.0,0.0,0.0,0.0,0.0,0.0,0.0,0.0,0.0,0.0,0.0,0.0,0.0,0.0,61.6,78,11,65508,50,65476,0,300,0,0,8,20529,65476,0,0,26214,60.0,0.0,0.0,0.0,0.0,0.0
2026-05-17T16:44:29,ERR,ERR,ERR,ERR,ERR,ERR,ERR,ERR,ERR,ERR,ERR,ERR,ERR,ERR,ERR,ERR,ERR,ERR,ERR,ERR,ERR,ERR,ERR,ERR,ERR,ERR,ERR,ERR,ERR,ERR,ERR,ERR,ERR,ERR,ERR,ERR,ERR,ERR,ERR,ERR,ERR,ERR,ERR,ERR,ERR,ERR,ERR,ERR,ERR,ERR,ERR,ERR,ERR,ERR,ERR,ERR,ERR,ERR,ERR,ERR,ERR,ERR,ERR,ERR,ERR,ERR,ERR,ERR,ERR,ERR,ERR,ERR,ERR,ERR,ERR,ERR,ERR,ERR,ERR,ERR,ERR,ERR,ERR,ERR,ERR,ERR,ERR,ERR,ERR,ERR,ERR,ERR,ERR,ERR,ERR,ERR,ERR,ERR,ERR,ERR,ERR,ERR,ERR,ERR,ERR,ERR,ERR,ERR,ERR,ERR,ERR,ERR,ERR,ERR,ERR,ERR,ERR,ERR,ERR,ERR,ERR,ERR,ERR,ERR,ERR,0.0,0.0,-134474944.0,0.0,0.0,1.3936040501711995e+18,7.805,0.0,0,0,4,0,8422,0.0,45,0.0,0.0,0.0,0.0,0.0,0,0,0,0,0.0,0,0,0,0,0,0,0,0,0,0,0,0,0,0,0,0,0,0,0,0,0,0,0,0,0,0,0,0,0,0,0,0,0,38,14,7,45,65476,0,300,0,0,8,21553,0.0,-107605600.0,0.0,0.0,0.0,0.0,0.0,0.0,0.0,0.0,0.0,0.0,0.0,0.0,0.0,0.0,0.0,0.0,0.0,0.0,0.0,0.0,0.0,0.0,-2.004,2.004,0.0,0.0,0.0,0.0,5008.0,0.0,0.0,0.0,0.0,0.0,-107615304.0,0.0,0.0,0.0,0.0,53,4.950428597886765e+32,-2.30882787541985e+20,0.0,0.0,0.0,0.0,0.0,0.0,0.0,0,0,0,0.0,0.0,0.0,0.0,0.0,0.0,0.0,0.0,0.0,0.0,0.0,0.0,0.0,0.0,0.0,0.0,0,-107875648.0,53,0.0,106,-107614832.0,2.7006707062415038e+23,ERR,ERR,ERR,ERR,ERR,ERR,ERR,ERR,ERR,ERR,ERR,ERR,ERR,ERR,ERR,ERR,ERR,ERR,ERR,ERR,ERR,ERR,ERR,ERR,ERR,ERR,ERR,ERR,ERR,ERR,ERR,ERR,ERR,ERR,ERR,ERR,ERR,ERR,ERR,ERR,ERR,ERR,ERR,ERR,ERR,ERR,ERR,ERR,ERR,ERR,ERR,ERR,ERR,ERR,ERR,ERR,ERR,ERR,ERR,ERR,ERR,ERR,ERR,ERR,ERR,ERR,ERR,50.0,60.0,100,0.0,0.0,0.0,0.0,0.0,0.0,0.0,0.0,0.0,0.0,0.0,0.0,0.0,0.0,0.0,0.0,61.6,78,11,65508,50,65476,0,300,0,0,8,20529,65476,0,0,26214,60.0,0.0,0.0,0.0,0.0,0.0
2026-05-17T16:44:30,ERR,ERR,ERR,ERR,ERR,ERR,ERR,ERR,ERR,ERR,ERR,ERR,ERR,ERR,ERR,ERR,ERR,ERR,ERR,ERR,ERR,ERR,ERR,ERR,ERR,ERR,ERR,ERR,ERR,ERR,ERR,ERR,ERR,ERR,ERR,ERR,ERR,ERR,ERR,ERR,ERR,ERR,ERR,ERR,ERR,ERR,ERR,ERR,ERR,ERR,ERR,ERR,ERR,ERR,ERR,ERR,ERR,ERR,ERR,ERR,ERR,ERR,ERR,ERR,ERR,ERR,ERR,ERR,ERR,ERR,ERR,ERR,ERR,ERR,ERR,ERR,ERR,ERR,ERR,ERR,ERR,ERR,ERR,ERR,ERR,ERR,ERR,ERR,ERR,ERR,ERR,ERR,ERR,ERR,ERR,ERR,ERR,ERR,ERR,ERR,ERR,ERR,ERR,ERR,ERR,ERR,ERR,ERR,ERR,ERR,ERR,ERR,ERR,ERR,ERR,ERR,ERR,ERR,ERR,ERR,ERR,ERR,ERR,ERR,ERR,0.0,0.0,-134474944.0,0.0,0.0,1.3936040501711995e+18,7.805,0.0,0,0,4,0,8422,0.0,45,0.0,0.0,0.0,0.0,0.0,0,0,0,0,0.0,0,0,0,0,0,0,0,0,0,0,0,0,0,0,0,0,0,0,0,0,0,0,0,0,0,0,0,0,0,0,0,0,0,38,14,7,45,65476,0,300,0,0,8,21553,0.0,-107605600.0,0.0,0.0,0.0,0.0,0.0,0.0,0.0,0.0,0.0,0.0,0.0,0.0,0.0,0.0,0.0,0.0,0.0,0.0,0.0,0.0,0.0,0.0,-2.004,2.004,0.0,0.0,0.0,0.0,5008.0,0.0,0.0,0.0,0.0,0.0,-107615304.0,0.0,0.0,0.0,0.0,53,4.950428597886765e+32,-2.30882787541985e+20,0.0,0.0,0.0,0.0,0.0,0.0,0.0,0,0,0,0.0,0.0,0.0,0.0,0.0,0.0,0.0,0.0,0.0,0.0,0.0,0.0,0.0,0.0,0.0,0.0,0,-107875648.0,53,0.0,106,-107614832.0,2.7006707062415038e+23,ERR,ERR,ERR,ERR,ERR,ERR,ERR,ERR,ERR,ERR,ERR,ERR,ERR,ERR,ERR,ERR,ERR,ERR,ERR,ERR,ERR,ERR,ERR,ERR,ERR,ERR,ERR,ERR,ERR,ERR,ERR,ERR,ERR,ERR,ERR,ERR,ERR,ERR,ERR,ERR,ERR,ERR,ERR,ERR,ERR,ERR,ERR,ERR,ERR,ERR,ERR,ERR,ERR,ERR,ERR,ERR,ERR,ERR,ERR,ERR,ERR,ERR,ERR,ERR,ERR,ERR,ERR,50.0,60.0,100,0.0,0.0,0.0,0.0,0.0,0.0,0.0,0.0,0.0,0.0,0.0,0.0,0.0,0.0,0.0,0.0,61.6,78,11,65508,50,65476,0,300,0,0,8,20529,65476,0,0,26214,60.0,0.0,0.0,0.0,0.0,0.0
2026-05-17T16:44:31,ERR,ERR,ERR,ERR,ERR,ERR,ERR,ERR,ERR,ERR,ERR,ERR,ERR,ERR,ERR,ERR,ERR,ERR,ERR,ERR,ERR,ERR,ERR,ERR,ERR,ERR,ERR,ERR,ERR,ERR,ERR,ERR,ERR,ERR,ERR,ERR,ERR,ERR,ERR,ERR,ERR,ERR,ERR,ERR,ERR,ERR,ERR,ERR,ERR,ERR,ERR,ERR,ERR,ERR,ERR,ERR,ERR,ERR,ERR,ERR,ERR,ERR,ERR,ERR,ERR,ERR,ERR,ERR,ERR,ERR,ERR,ERR,ERR,ERR,ERR,ERR,ERR,ERR,ERR,ERR,ERR,ERR,ERR,ERR,ERR,ERR,ERR,ERR,ERR,ERR,ERR,ERR,ERR,ERR,ERR,ERR,ERR,ERR,ERR,ERR,ERR,ERR,ERR,ERR,ERR,ERR,ERR,ERR,ERR,ERR,ERR,ERR,ERR,ERR,ERR,ERR,ERR,ERR,ERR,ERR,ERR,ERR,ERR,ERR,ERR,0.0,0.0,-134474944.0,0.0,0.0,1.3936040501711995e+18,7.805,0.0,0,0,4,0,8422,0.0,45,0.0,0.0,0.0,0.0,0.0,0,0,0,0,0.0,0,0,0,0,0,0,0,0,0,0,0,0,0,0,0,0,0,0,0,0,0,0,0,0,0,0,0,0,0,0,0,0,0,38,14,7,45,65476,0,300,0,0,8,21553,0.0,-107605600.0,0.0,0.0,0.0,0.0,0.0,0.0,0.0,0.0,0.0,0.0,0.0,0.0,0.0,0.0,0.0,0.0,0.0,0.0,0.0,0.0,0.0,0.0,-2.004,2.004,0.0,0.0,0.0,0.0,5008.0,0.0,0.0,0.0,0.0,0.0,-107615304.0,0.0,0.0,0.0,0.0,53,4.950428597886765e+32,-2.30882787541985e+20,0.0,0.0,0.0,0.0,0.0,0.0,0.0,0,0,0,0.0,0.0,0.0,0.0,0.0,0.0,0.0,0.0,0.0,0.0,0.0,0.0,0.0,0.0,0.0,0.0,0,-107875648.0,53,0.0,106,-107614832.0,2.7006707062415038e+23,ERR,ERR,ERR,ERR,ERR,ERR,ERR,ERR,ERR,ERR,ERR,ERR,ERR,ERR,ERR,ERR,ERR,ERR,ERR,ERR,ERR,ERR,ERR,ERR,ERR,ERR,ERR,ERR,ERR,ERR,ERR,ERR,ERR,ERR,ERR,ERR,ERR,ERR,ERR,ERR,ERR,ERR,ERR,ERR,ERR,ERR,ERR,ERR,ERR,ERR,ERR,ERR,ERR,ERR,ERR,ERR,ERR,ERR,ERR,ERR,ERR,ERR,ERR,ERR,ERR,ERR,ERR,50.0,60.0,100,0.0,0.0,0.0,0.0,0.0,0.0,0.0,0.0,0.0,0.0,0.0,0.0,0.0,0.0,0.0,0.0,61.6,78,11,65508,50,65476,0,300,0,0,8,20529,65476,0,0,26214,60.0,0.0,0.0,0.0,0.0,0.0
2026-05-17T16:44:32,ERR,ERR,ERR,ERR,ERR,ERR,ERR,ERR,ERR,ERR,ERR,ERR,ERR,ERR,ERR,ERR,ERR,ERR,ERR,ERR,ERR,ERR,ERR,ERR,ERR,ERR,ERR,ERR,ERR,ERR,ERR,ERR,ERR,ERR,ERR,ERR,ERR,ERR,ERR,ERR,ERR,ERR,ERR,ERR,ERR,ERR,ERR,ERR,ERR,ERR,ERR,ERR,ERR,ERR,ERR,ERR,ERR,ERR,ERR,ERR,ERR,ERR,ERR,ERR,ERR,ERR,ERR,ERR,ERR,ERR,ERR,ERR,ERR,ERR,ERR,ERR,ERR,ERR,ERR,ERR,ERR,ERR,ERR,ERR,ERR,ERR,ERR,ERR,ERR,ERR,ERR,ERR,ERR,ERR,ERR,ERR,ERR,ERR,ERR,ERR,ERR,ERR,ERR,ERR,ERR,ERR,ERR,ERR,ERR,ERR,ERR,ERR,ERR,ERR,ERR,ERR,ERR,ERR,ERR,ERR,ERR,ERR,ERR,ERR,ERR,0.0,0.0,-134474944.0,0.0,0.0,1.3936040501711995e+18,7.805,0.0,0,0,4,0,8422,0.0,45,0.0,0.0,0.0,0.0,0.0,0,0,0,0,0.0,0,0,0,0,0,0,0,0,0,0,0,0,0,0,0,0,0,0,0,0,0,0,0,0,0,0,0,0,0,0,0,0,0,38,14,7,45,65476,0,300,0,0,8,21553,0.0,-107605600.0,0.0,0.0,0.0,0.0,0.0,0.0,0.0,0.0,0.0,0.0,0.0,0.0,0.0,0.0,0.0,0.0,0.0,0.0,0.0,0.0,0.0,0.0,-2.004,2.004,0.0,0.0,0.0,0.0,5008.0,0.0,0.0,0.0,0.0,0.0,-107615304.0,0.0,0.0,0.0,0.0,53,4.950428597886765e+32,-2.30882787541985e+20,0.0,0.0,0.0,0.0,0.0,0.0,0.0,0,0,0,0.0,0.0,0.0,0.0,0.0,0.0,0.0,0.0,0.0,0.0,0.0,0.0,0.0,0.0,0.0,0.0,0,-107875648.0,53,0.0,106,-107614832.0,2.7006707062415038e+23,ERR,ERR,ERR,ERR,ERR,ERR,ERR,ERR,ERR,ERR,ERR,ERR,ERR,ERR,ERR,ERR,ERR,ERR,ERR,ERR,ERR,ERR,ERR,ERR,ERR,ERR,ERR,ERR,ERR,ERR,ERR,ERR,ERR,ERR,ERR,ERR,ERR,ERR,ERR,ERR,ERR,ERR,ERR,ERR,ERR,ERR,ERR,ERR,ERR,ERR,ERR,ERR,ERR,ERR,ERR,ERR,ERR,ERR,ERR,ERR,ERR,ERR,ERR,ERR,ERR,ERR,ERR,50.0,60.0,100,0.0,0.0,0.0,0.0,0.0,0.0,0.0,0.0,0.0,0.0,0.0,0.0,0.0,0.0,0.0,0.0,61.6,78,11,65508,50,65476,0,300,0,0,8,20529,65476,0,0,26214,60.0,0.0,0.0,0.0,0.0,0.0
2026-05-17T16:44:33,ERR,ERR,ERR,ERR,ERR,ERR,ERR,ERR,ERR,ERR,ERR,ERR,ERR,ERR,ERR,ERR,ERR,ERR,ERR,ERR,ERR,ERR,ERR,ERR,ERR,ERR,ERR,ERR,ERR,ERR,ERR,ERR,ERR,ERR,ERR,ERR,ERR,ERR,ERR,ERR,ERR,ERR,ERR,ERR,ERR,ERR,ERR,ERR,ERR,ERR,ERR,ERR,ERR,ERR,ERR,ERR,ERR,ERR,ERR,ERR,ERR,ERR,ERR,ERR,ERR,ERR,ERR,ERR,ERR,ERR,ERR,ERR,ERR,ERR,ERR,ERR,ERR,ERR,ERR,ERR,ERR,ERR,ERR,ERR,ERR,ERR,ERR,ERR,ERR,ERR,ERR,ERR,ERR,ERR,ERR,ERR,ERR,ERR,ERR,ERR,ERR,ERR,ERR,ERR,ERR,ERR,ERR,ERR,ERR,ERR,ERR,ERR,ERR,ERR,ERR,ERR,ERR,ERR,ERR,ERR,ERR,ERR,ERR,ERR,ERR,0.0,0.0,-134474944.0,0.0,0.0,1.3936040501711995e+18,7.805,0.0,0,0,4,0,8422,0.0,45,0.0,0.0,0.0,0.0,0.0,0,0,0,0,0.0,0,0,0,0,0,0,0,0,0,0,0,0,0,0,0,0,0,0,0,0,0,0,0,0,0,0,0,0,0,0,0,0,0,38,14,7,45,65476,0,300,0,0,8,21553,0.0,-107605600.0,0.0,0.0,0.0,0.0,0.0,0.0,0.0,0.0,0.0,0.0,0.0,0.0,0.0,0.0,0.0,0.0,0.0,0.0,0.0,0.0,0.0,0.0,-2.004,2.004,0.0,0.0,0.0,0.0,5016.0,564145833377792.0,0.0,0.0,0.0,0.0,-107615304.0,0.0,0.0,0.0,0.0,53,-0.0,126840537088.0,0.0,0.0,0.0,0.0,0.0,0.0,0.0,0,0,0,0.0,0.0,0.0,0.0,0.0,0.0,0.0,0.0,0.0,0.0,0.0,0.0,0.0,0.0,0.0,0.0,0,-107875648.0,53,0.0,106,-107614832.0,2.7006707062415038e+23,ERR,ERR,ERR,ERR,ERR,ERR,ERR,ERR,ERR,ERR,ERR,ERR,ERR,ERR,ERR,ERR,ERR,ERR,ERR,ERR,ERR,ERR,ERR,ERR,ERR,ERR,ERR,ERR,ERR,ERR,ERR,ERR,ERR,ERR,ERR,ERR,ERR,ERR,ERR,ERR,ERR,ERR,ERR,ERR,ERR,ERR,ERR,ERR,ERR,ERR,ERR,ERR,ERR,ERR,ERR,ERR,ERR,ERR,ERR,ERR,ERR,ERR,ERR,ERR,ERR,ERR,ERR,50.0,60.0,100,0.0,0.0,0.0,0.0,0.0,0.0,0.0,0.0,0.0,0.0,0.0,0.0,0.0,0.0,0.0,0.0,61.6,78,11,65508,50,65476,0,300,0,0,8,20529,65476,0,0,26214,60.0,0.0,0.0,0.0,0.0,0.0
2026-05-17T16:44:34,ERR,ERR,ERR,ERR,ERR,ERR,ERR,ERR,ERR,ERR,ERR,ERR,ERR,ERR,ERR,ERR,ERR,ERR,ERR,ERR,ERR,ERR,ERR,ERR,ERR,ERR,ERR,ERR,ERR,ERR,ERR,ERR,ERR,ERR,ERR,ERR,ERR,ERR,ERR,ERR,ERR,ERR,ERR,ERR,ERR,ERR,ERR,ERR,ERR,ERR,ERR,ERR,ERR,ERR,ERR,ERR,ERR,ERR,ERR,ERR,ERR,ERR,ERR,ERR,ERR,ERR,ERR,ERR,ERR,ERR,ERR,ERR,ERR,ERR,ERR,ERR,ERR,ERR,ERR,ERR,ERR,ERR,ERR,ERR,ERR,ERR,ERR,ERR,ERR,ERR,ERR,ERR,ERR,ERR,ERR,ERR,ERR,ERR,ERR,ERR,ERR,ERR,ERR,ERR,ERR,ERR,ERR,ERR,ERR,ERR,ERR,ERR,ERR,ERR,ERR,ERR,ERR,ERR,ERR,ERR,ERR,ERR,ERR,ERR,ERR,0.0,0.0,-134474944.0,0.0,0.0,1.3936040501711995e+18,7.805,0.0,0,0,4,0,8422,0.0,45,0.0,0.0,0.0,0.0,0.0,0,0,0,0,0.0,0,0,0,0,0,0,0,0,0,0,0,0,0,0,0,0,0,0,0,0,0,0,0,0,0,0,0,0,0,0,0,0,0,38,14,7,45,65476,0,300,0,0,8,21553,0.0,-107605600.0,0.0,0.0,0.0,0.0,0.0,0.0,0.0,0.0,0.0,0.0,0.0,0.0,0.0,0.0,0.0,0.0,0.0,0.0,0.0,0.0,0.0,0.0,-2.004,2.004,0.0,0.0,0.0,0.0,5016.0,564145833377792.0,0.0,0.0,0.0,0.0,-107615304.0,0.0,0.0,0.0,0.0,53,-0.0,126840537088.0,0.0,0.0,0.0,0.0,0.0,0.0,0.0,0,0,0,0.0,0.0,0.0,0.0,0.0,0.0,0.0,0.0,0.0,0.0,0.0,0.0,0.0,0.0,0.0,0.0,0,-107875648.0,53,0.0,106,-107614832.0,2.7006707062415038e+23,ERR,ERR,ERR,ERR,ERR,ERR,ERR,ERR,ERR,ERR,ERR,ERR,ERR,ERR,ERR,ERR,ERR,ERR,ERR,ERR,ERR,ERR,ERR,ERR,ERR,ERR,ERR,ERR,ERR,ERR,ERR,ERR,ERR,ERR,ERR,ERR,ERR,ERR,ERR,ERR,ERR,ERR,ERR,ERR,ERR,ERR,ERR,ERR,ERR,ERR,ERR,ERR,ERR,ERR,ERR,ERR,ERR,ERR,ERR,ERR,ERR,ERR,ERR,ERR,ERR,ERR,ERR,50.0,60.0,100,0.0,0.0,0.0,0.0,0.0,0.0,0.0,0.0,0.0,0.0,0.0,0.0,0.0,0.0,0.0,0.0,61.6,78,11,65508,50,65476,0,300,0,0,8,20529,65476,0,0,26214,60.0,0.0,0.0,0.0,0.0,0.0
2026-05-17T16:44:35,ERR,ERR,ERR,ERR,ERR,ERR,ERR,ERR,ERR,ERR,ERR,ERR,ERR,ERR,ERR,ERR,ERR,ERR,ERR,ERR,ERR,ERR,ERR,ERR,ERR,ERR,ERR,ERR,ERR,ERR,ERR,ERR,ERR,ERR,ERR,ERR,ERR,ERR,ERR,ERR,ERR,ERR,ERR,ERR,ERR,ERR,ERR,ERR,ERR,ERR,ERR,ERR,ERR,ERR,ERR,ERR,ERR,ERR,ERR,ERR,ERR,ERR,ERR,ERR,ERR,ERR,ERR,ERR,ERR,ERR,ERR,ERR,ERR,ERR,ERR,ERR,ERR,ERR,ERR,ERR,ERR,ERR,ERR,ERR,ERR,ERR,ERR,ERR,ERR,ERR,ERR,ERR,ERR,ERR,ERR,ERR,ERR,ERR,ERR,ERR,ERR,ERR,ERR,ERR,ERR,ERR,ERR,ERR,ERR,ERR,ERR,ERR,ERR,ERR,ERR,ERR,ERR,ERR,ERR,ERR,ERR,ERR,ERR,ERR,ERR,0.0,0.0,-134474944.0,0.0,0.0,1.3936040501711995e+18,7.805,0.0,0,0,4,0,8422,0.0,45,0.0,0.0,0.0,0.0,0.0,0,0,0,0,0.0,0,0,0,0,0,0,0,0,0,0,0,0,0,0,0,0,0,0,0,0,0,0,0,0,0,0,0,0,0,0,0,0,0,38,14,7,45,65476,0,300,0,0,8,21553,0.0,-107605600.0,0.0,0.0,0.0,0.0,0.0,0.0,0.0,0.0,0.0,0.0,0.0,0.0,0.0,0.0,0.0,0.0,0.0,0.0,0.0,0.0,0.0,0.0,-2.004,2.004,0.0,0.0,0.0,0.0,5016.0,564145833377792.0,0.0,0.0,0.0,0.0,-107615304.0,0.0,0.0,0.0,0.0,53,-0.0,126840537088.0,0.0,0.0,0.0,0.0,0.0,0.0,0.0,0,0,0,0.0,0.0,0.0,0.0,0.0,0.0,0.0,0.0,0.0,0.0,0.0,0.0,0.0,0.0,0.0,0.0,0,-107875648.0,53,0.0,106,-107614832.0,2.7006707062415038e+23,ERR,ERR,ERR,ERR,ERR,ERR,ERR,ERR,ERR,ERR,ERR,ERR,ERR,ERR,ERR,ERR,ERR,ERR,ERR,ERR,ERR,ERR,ERR,ERR,ERR,ERR,ERR,ERR,ERR,ERR,ERR,ERR,ERR,ERR,ERR,ERR,ERR,ERR,ERR,ERR,ERR,ERR,ERR,ERR,ERR,ERR,ERR,ERR,ERR,ERR,ERR,ERR,ERR,ERR,ERR,ERR,ERR,ERR,ERR,ERR,ERR,ERR,ERR,ERR,ERR,ERR,ERR,50.0,60.0,100,0.0,0.0,0.0,0.0,0.0,0.0,0.0,0.0,0.0,0.0,0.0,0.0,0.0,0.0,0.0,0.0,61.6,78,11,65508,50,65476,0,300,0,0,8,20529,65476,0,0,26214,60.0,0.0,0.0,0.0,0.0,0.0
2026-05-17T16:44:36,ERR,ERR,ERR,ERR,ERR,ERR,ERR,ERR,ERR,ERR,ERR,ERR,ERR,ERR,ERR,ERR,ERR,ERR,ERR,ERR,ERR,ERR,ERR,ERR,ERR,ERR,ERR,ERR,ERR,ERR,ERR,ERR,ERR,ERR,ERR,ERR,ERR,ERR,ERR,ERR,ERR,ERR,ERR,ERR,ERR,ERR,ERR,ERR,ERR,ERR,ERR,ERR,ERR,ERR,ERR,ERR,ERR,ERR,ERR,ERR,ERR,ERR,ERR,ERR,ERR,ERR,ERR,ERR,ERR,ERR,ERR,ERR,ERR,ERR,ERR,ERR,ERR,ERR,ERR,ERR,ERR,ERR,ERR,ERR,ERR,ERR,ERR,ERR,ERR,ERR,ERR,ERR,ERR,ERR,ERR,ERR,ERR,ERR,ERR,ERR,ERR,ERR,ERR,ERR,ERR,ERR,ERR,ERR,ERR,ERR,ERR,ERR,ERR,ERR,ERR,ERR,ERR,ERR,ERR,ERR,ERR,ERR,ERR,ERR,ERR,0.0,0.0,-134474944.0,0.0,0.0,1.3936040501711995e+18,7.805,0.0,0,0,4,0,8422,0.0,45,0.0,0.0,0.0,0.0,0.0,0,0,0,0,0.0,0,0,0,0,0,0,0,0,0,0,0,0,0,0,0,0,0,0,0,0,0,0,0,0,0,0,0,0,0,0,0,0,0,38,14,7,45,65476,0,300,0,0,8,21553,0.0,-107605600.0,0.0,0.0,0.0,0.0,0.0,0.0,0.0,0.0,0.0,0.0,0.0,0.0,0.0,0.0,0.0,0.0,0.0,0.0,0.0,0.0,0.0,0.0,-2.004,2.004,0.0,0.0,0.0,0.0,5016.0,564145833377792.0,0.0,0.0,0.0,0.0,-107615304.0,0.0,0.0,0.0,0.0,53,-0.0,126840537088.0,0.0,0.0,0.0,0.0,0.0,0.0,0.0,0,0,0,0.0,0.0,0.0,0.0,0.0,0.0,0.0,0.0,0.0,0.0,0.0,0.0,0.0,0.0,0.0,0.0,0,-107875648.0,53,0.0,106,-107614832.0,2.7006707062415038e+23,ERR,ERR,ERR,ERR,ERR,ERR,ERR,ERR,ERR,ERR,ERR,ERR,ERR,ERR,ERR,ERR,ERR,ERR,ERR,ERR,ERR,ERR,ERR,ERR,ERR,ERR,ERR,ERR,ERR,ERR,ERR,ERR,ERR,ERR,ERR,ERR,ERR,ERR,ERR,ERR,ERR,ERR,ERR,ERR,ERR,ERR,ERR,ERR,ERR,ERR,ERR,ERR,ERR,ERR,ERR,ERR,ERR,ERR,ERR,ERR,ERR,ERR,ERR,ERR,ERR,ERR,ERR,50.0,60.0,100,0.0,0.0,0.0,0.0,0.0,0.0,0.0,0.0,0.0,0.0,0.0,0.0,0.0,0.0,0.0,0.0,62.0,78,11,65508,50,65476,0,300,0,0,8,20529,65476,0,0,26214,60.0,0.0,0.0,0.0,0.0,0.0
2026-05-17T16:44:37,ERR,ERR,ERR,ERR,ERR,ERR,ERR,ERR,ERR,ERR,ERR,ERR,ERR,ERR,ERR,ERR,ERR,ERR,ERR,ERR,ERR,ERR,ERR,ERR,ERR,ERR,ERR,ERR,ERR,ERR,ERR,ERR,ERR,ERR,ERR,ERR,ERR,ERR,ERR,ERR,ERR,ERR,ERR,ERR,ERR,ERR,ERR,ERR,ERR,ERR,ERR,ERR,ERR,ERR,ERR,ERR,ERR,ERR,ERR,ERR,ERR,ERR,ERR,ERR,ERR,ERR,ERR,ERR,ERR,ERR,ERR,ERR,ERR,ERR,ERR,ERR,ERR,ERR,ERR,ERR,ERR,ERR,ERR,ERR,ERR,ERR,ERR,ERR,ERR,ERR,ERR,ERR,ERR,ERR,ERR,ERR,ERR,ERR,ERR,ERR,ERR,ERR,ERR,ERR,ERR,ERR,ERR,ERR,ERR,ERR,ERR,ERR,ERR,ERR,ERR,ERR,ERR,ERR,ERR,ERR,ERR,ERR,ERR,ERR,ERR,0.0,0.0,-134474944.0,0.0,0.0,1.3936040501711995e+18,7.805,0.0,0,0,4,0,8422,0.0,45,0.0,0.0,0.0,0.0,0.0,0,0,0,0,0.0,0,0,0,0,0,0,0,0,0,0,0,0,0,0,0,0,0,0,0,0,0,0,0,0,0,0,0,0,0,0,0,0,0,38,14,7,45,65476,0,300,0,0,8,21553,0.0,-107605600.0,0.0,0.0,0.0,0.0,0.0,0.0,0.0,0.0,0.0,0.0,0.0,0.0,0.0,0.0,0.0,0.0,0.0,0.0,0.0,0.0,0.0,0.0,-2.004,2.004,0.0,0.0,0.0,0.0,5016.0,564145833377792.0,0.0,0.0,0.0,0.0,-107615304.0,0.0,0.0,0.0,0.0,53,-0.0,126840537088.0,0.0,0.0,0.0,0.0,0.0,0.0,0.0,0,0,0,0.0,0.0,0.0,0.0,0.0,0.0,0.0,0.0,0.0,0.0,0.0,0.0,0.0,0.0,0.0,0.0,0,-107875648.0,53,0.0,106,-107614832.0,2.7006707062415038e+23,ERR,ERR,ERR,ERR,ERR,ERR,ERR,ERR,ERR,ERR,ERR,ERR,ERR,ERR,ERR,ERR,ERR,ERR,ERR,ERR,ERR,ERR,ERR,ERR,ERR,ERR,ERR,ERR,ERR,ERR,ERR,ERR,ERR,ERR,ERR,ERR,ERR,ERR,ERR,ERR,ERR,ERR,ERR,ERR,ERR,ERR,ERR,ERR,ERR,ERR,ERR,ERR,ERR,ERR,ERR,ERR,ERR,ERR,ERR,ERR,ERR,ERR,ERR,ERR,ERR,ERR,ERR,50.0,60.0,100,0.0,0.0,0.0,0.0,0.0,0.0,0.0,0.0,0.0,0.0,0.0,0.0,0.0,0.0,0.0,0.0,62.0,78,11,65508,50,65476,0,300,0,0,8,20529,65476,0,0,26214,60.0,0.0,0.0,0.0,0.0,0.0
2026-05-17T16:44:38,ERR,ERR,ERR,ERR,ERR,ERR,ERR,ERR,ERR,ERR,ERR,ERR,ERR,ERR,ERR,ERR,ERR,ERR,ERR,ERR,ERR,ERR,ERR,ERR,ERR,ERR,ERR,ERR,ERR,ERR,ERR,ERR,ERR,ERR,ERR,ERR,ERR,ERR,ERR,ERR,ERR,ERR,ERR,ERR,ERR,ERR,ERR,ERR,ERR,ERR,ERR,ERR,ERR,ERR,ERR,ERR,ERR,ERR,ERR,ERR,ERR,ERR,ERR,ERR,ERR,ERR,ERR,ERR,ERR,ERR,ERR,ERR,ERR,ERR,ERR,ERR,ERR,ERR,ERR,ERR,ERR,ERR,ERR,ERR,ERR,ERR,ERR,ERR,ERR,ERR,ERR,ERR,ERR,ERR,ERR,ERR,ERR,ERR,ERR,ERR,ERR,ERR,ERR,ERR,ERR,ERR,ERR,ERR,ERR,ERR,ERR,ERR,ERR,ERR,ERR,ERR,ERR,ERR,ERR,ERR,ERR,ERR,ERR,ERR,ERR,0.0,0.0,-134474944.0,0.0,0.0,1.3936040501711995e+18,7.805,0.0,0,0,4,0,8422,0.0,45,0.0,0.0,0.0,0.0,0.0,0,0,0,0,0.0,0,0,0,0,0,0,0,0,0,0,0,0,0,0,0,0,0,0,0,0,0,0,0,0,0,0,0,0,0,0,0,0,0,38,14,7,45,65476,0,300,0,0,8,21553,0.0,-107605600.0,0.0,0.0,0.0,0.0,0.0,0.0,0.0,0.0,0.0,0.0,0.0,0.0,-2.596148429267414e+33,0.0,0.0,0.0,0.0,0.0,0.0,0.0,0.0,0.0,-2.004,2.004,0.0,0.0,0.0,0.0,5045.0,0.0,0.0,0.0,0.0,0.0,-107615304.0,0.0,0.0,0.0,0.0,53,4.950428597886765e+32,126840545280.0,0.0,0.0,0.0,0.0,0.0,0.0,0.0,0,0,0,0.0,0.0,0.0,0.0,0.0,0.0,0.0,0.0,0.0,0.0,0.0,0.0,0.0,0.0,0.0,0.0,0,-107875648.0,53,0.0,106,-107614832.0,2.7006707062415038e+23,ERR,ERR,ERR,ERR,ERR,ERR,ERR,ERR,ERR,ERR,ERR,ERR,ERR,ERR,ERR,ERR,ERR,ERR,ERR,ERR,ERR,ERR,ERR,ERR,ERR,ERR,ERR,ERR,ERR,ERR,ERR,ERR,ERR,ERR,ERR,ERR,ERR,ERR,ERR,ERR,ERR,ERR,ERR,ERR,ERR,ERR,ERR,ERR,ERR,ERR,ERR,ERR,ERR,ERR,ERR,ERR,ERR,ERR,ERR,ERR,ERR,ERR,ERR,ERR,ERR,ERR,ERR,50.0,60.0,100,0.0,0.0,0.0,0.0,0.0,0.0,0.0,0.0,0.0,0.0,0.0,0.0,0.0,0.0,0.0,0.0,62.0,78,11,65508,50,65476,0,300,0,0,8,20529,65476,0,0,26214,60.0,0.0,0.0,0.0,0.0,0.0
2026-05-17T16:44:39,ERR,ERR,ERR,ERR,ERR,ERR,ERR,ERR,ERR,ERR,ERR,ERR,ERR,ERR,ERR,ERR,ERR,ERR,ERR,ERR,ERR,ERR,ERR,ERR,ERR,ERR,ERR,ERR,ERR,ERR,ERR,ERR,ERR,ERR,ERR,ERR,ERR,ERR,ERR,ERR,ERR,ERR,ERR,ERR,ERR,ERR,ERR,ERR,ERR,ERR,ERR,ERR,ERR,ERR,ERR,ERR,ERR,ERR,ERR,ERR,ERR,ERR,ERR,ERR,ERR,ERR,ERR,ERR,ERR,ERR,ERR,ERR,ERR,ERR,ERR,ERR,ERR,ERR,ERR,ERR,ERR,ERR,ERR,ERR,ERR,ERR,ERR,ERR,ERR,ERR,ERR,ERR,ERR,ERR,ERR,ERR,ERR,ERR,ERR,ERR,ERR,ERR,ERR,ERR,ERR,ERR,ERR,ERR,ERR,ERR,ERR,ERR,ERR,ERR,ERR,ERR,ERR,ERR,ERR,ERR,ERR,ERR,ERR,ERR,ERR,0.0,0.0,-134474944.0,0.0,0.0,1.3936040501711995e+18,7.805,0.0,0,0,4,0,8422,0.0,45,0.0,0.0,0.0,0.0,0.0,0,0,0,0,0.0,0,0,0,0,0,0,0,0,0,0,0,0,0,0,0,0,0,0,0,0,0,0,0,0,0,0,0,0,0,0,0,0,0,38,14,7,45,65476,0,300,0,0,8,21553,0.0,-107605600.0,0.0,0.0,0.0,0.0,0.0,0.0,0.0,0.0,0.0,0.0,0.0,0.0,-2.596148429267414e+33,0.0,0.0,0.0,0.0,0.0,0.0,0.0,0.0,0.0,-2.004,2.004,0.0,0.0,0.0,0.0,5045.0,0.0,0.0,0.0,0.0,0.0,-107615304.0,0.0,0.0,0.0,0.0,53,4.950428597886765e+32,126840545280.0,0.0,0.0,0.0,0.0,0.0,0.0,0.0,0,0,0,0.0,0.0,0.0,0.0,0.0,0.0,0.0,0.0,0.0,0.0,0.0,0.0,0.0,0.0,0.0,0.0,0,-107875648.0,53,0.0,106,-107614832.0,2.7006707062415038e+23,ERR,ERR,ERR,ERR,ERR,ERR,ERR,ERR,ERR,ERR,ERR,ERR,ERR,ERR,ERR,ERR,ERR,ERR,ERR,ERR,ERR,ERR,ERR,ERR,ERR,ERR,ERR,ERR,ERR,ERR,ERR,ERR,ERR,ERR,ERR,ERR,ERR,ERR,ERR,ERR,ERR,ERR,ERR,ERR,ERR,ERR,ERR,ERR,ERR,ERR,ERR,ERR,ERR,ERR,ERR,ERR,ERR,ERR,ERR,ERR,ERR,ERR,ERR,ERR,ERR,ERR,ERR,50.0,60.0,100,0.0,0.0,0.0,0.0,0.0,0.0,0.0,0.0,0.0,0.0,0.0,0.0,0.0,0.0,0.0,0.0,62.0,78,11,65508,50,65476,0,300,0,0,8,20529,65476,0,0,26214,60.0,0.0,0.0,0.0,0.0,0.0
2026-05-17T16:44:40,ERR,ERR,ERR,ERR,ERR,ERR,ERR,ERR,ERR,ERR,ERR,ERR,ERR,ERR,ERR,ERR,ERR,ERR,ERR,ERR,ERR,ERR,ERR,ERR,ERR,ERR,ERR,ERR,ERR,ERR,ERR,ERR,ERR,ERR,ERR,ERR,ERR,ERR,ERR,ERR,ERR,ERR,ERR,ERR,ERR,ERR,ERR,ERR,ERR,ERR,ERR,ERR,ERR,ERR,ERR,ERR,ERR,ERR,ERR,ERR,ERR,ERR,ERR,ERR,ERR,ERR,ERR,ERR,ERR,ERR,ERR,ERR,ERR,ERR,ERR,ERR,ERR,ERR,ERR,ERR,ERR,ERR,ERR,ERR,ERR,ERR,ERR,ERR,ERR,ERR,ERR,ERR,ERR,ERR,ERR,ERR,ERR,ERR,ERR,ERR,ERR,ERR,ERR,ERR,ERR,ERR,ERR,ERR,ERR,ERR,ERR,ERR,ERR,ERR,ERR,ERR,ERR,ERR,ERR,ERR,ERR,ERR,ERR,ERR,ERR,0.0,0.0,-134474944.0,0.0,0.0,1.3936040501711995e+18,7.805,0.0,0,0,4,0,8422,0.0,45,0.0,0.0,0.0,0.0,0.0,0,0,0,0,0.0,0,0,0,0,0,0,0,0,0,0,0,0,0,0,0,0,0,0,0,0,0,0,0,0,0,0,0,0,0,0,0,0,0,38,14,7,45,65476,0,300,0,0,8,21553,0.0,-107605600.0,0.0,0.0,0.0,0.0,0.0,0.0,0.0,0.0,0.0,0.0,0.0,0.0,-2.596148429267414e+33,0.0,0.0,0.0,0.0,0.0,0.0,0.0,0.0,0.0,-2.004,2.004,0.0,0.0,0.0,0.0,5045.0,0.0,0.0,0.0,0.0,0.0,-107615304.0,0.0,0.0,0.0,0.0,53,4.950428597886765e+32,126840545280.0,0.0,0.0,0.0,0.0,0.0,0.0,0.0,0,0,0,0.0,0.0,0.0,0.0,0.0,0.0,0.0,0.0,0.0,0.0,0.0,0.0,0.0,0.0,0.0,0.0,0,-107875648.0,53,0.0,106,-107614832.0,2.7006707062415038e+23,ERR,ERR,ERR,ERR,ERR,ERR,ERR,ERR,ERR,ERR,ERR,ERR,ERR,ERR,ERR,ERR,ERR,ERR,ERR,ERR,ERR,ERR,ERR,ERR,ERR,ERR,ERR,ERR,ERR,ERR,ERR,ERR,ERR,ERR,ERR,ERR,ERR,ERR,ERR,ERR,ERR,ERR,ERR,ERR,ERR,ERR,ERR,ERR,ERR,ERR,ERR,ERR,ERR,ERR,ERR,ERR,ERR,ERR,ERR,ERR,ERR,ERR,ERR,ERR,ERR,ERR,ERR,50.0,60.0,100,0.0,0.0,0.0,0.0,0.0,0.0,0.0,0.0,0.0,0.0,0.0,0.0,0.0,0.0,0.0,0.0,61.6,78,11,65508,50,65476,0,300,0,0,8,20529,65476,0,0,26214,60.0,0.0,0.0,0.0,0.0,0.0
2026-05-17T16:44:41,ERR,ERR,ERR,ERR,ERR,ERR,ERR,ERR,ERR,ERR,ERR,ERR,ERR,ERR,ERR,ERR,ERR,ERR,ERR,ERR,ERR,ERR,ERR,ERR,ERR,ERR,ERR,ERR,ERR,ERR,ERR,ERR,ERR,ERR,ERR,ERR,ERR,ERR,ERR,ERR,ERR,ERR,ERR,ERR,ERR,ERR,ERR,ERR,ERR,ERR,ERR,ERR,ERR,ERR,ERR,ERR,ERR,ERR,ERR,ERR,ERR,ERR,ERR,ERR,ERR,ERR,ERR,ERR,ERR,ERR,ERR,ERR,ERR,ERR,ERR,ERR,ERR,ERR,ERR,ERR,ERR,ERR,ERR,ERR,ERR,ERR,ERR,ERR,ERR,ERR,ERR,ERR,ERR,ERR,ERR,ERR,ERR,ERR,ERR,ERR,ERR,ERR,ERR,ERR,ERR,ERR,ERR,ERR,ERR,ERR,ERR,ERR,ERR,ERR,ERR,ERR,ERR,ERR,ERR,ERR,ERR,ERR,ERR,ERR,ERR,0.0,0.0,-134474944.0,0.0,0.0,1.3936040501711995e+18,7.805,0.0,0,0,4,0,8422,0.0,45,0.0,0.0,0.0,0.0,0.0,0,0,0,0,0.0,0,0,0,0,0,0,0,0,0,0,0,0,0,0,0,0,0,0,0,0,0,0,0,0,0,0,0,0,0,0,0,0,0,38,14,7,45,65476,0,300,0,0,8,21553,0.0,-107605600.0,0.0,0.0,0.0,0.0,0.0,0.0,0.0,0.0,0.0,0.0,0.0,0.0,-2.596148429267414e+33,0.0,0.0,0.0,0.0,0.0,0.0,0.0,0.0,0.0,-2.004,2.004,0.0,0.0,0.0,0.0,5045.0,0.0,0.0,0.0,0.0,0.0,-107615304.0,0.0,0.0,0.0,0.0,53,4.950428597886765e+32,126840545280.0,0.0,0.0,0.0,0.0,0.0,0.0,0.0,0,0,0,0.0,0.0,0.0,0.0,0.0,0.0,0.0,0.0,0.0,0.0,0.0,0.0,0.0,0.0,0.0,0.0,0,-107875648.0,53,0.0,106,-107614832.0,2.7006707062415038e+23,ERR,ERR,ERR,ERR,ERR,ERR,ERR,ERR,ERR,ERR,ERR,ERR,ERR,ERR,ERR,ERR,ERR,ERR,ERR,ERR,ERR,ERR,ERR,ERR,ERR,ERR,ERR,ERR,ERR,ERR,ERR,ERR,ERR,ERR,ERR,ERR,ERR,ERR,ERR,ERR,ERR,ERR,ERR,ERR,ERR,ERR,ERR,ERR,ERR,ERR,ERR,ERR,ERR,ERR,ERR,ERR,ERR,ERR,ERR,ERR,ERR,ERR,ERR,ERR,ERR,ERR,ERR,50.0,60.0,100,0.0,0.0,0.0,0.0,0.0,0.0,0.0,0.0,0.0,0.0,0.0,0.0,0.0,0.0,0.0,0.0,61.6,78,11,65508,50,65476,0,300,0,0,8,20529,65476,0,0,26214,60.0,0.0,0.0,0.0,0.0,0.0
2026-05-17T16:44:42,ERR,ERR,ERR,ERR,ERR,ERR,ERR,ERR,ERR,ERR,ERR,ERR,ERR,ERR,ERR,ERR,ERR,ERR,ERR,ERR,ERR,ERR,ERR,ERR,ERR,ERR,ERR,ERR,ERR,ERR,ERR,ERR,ERR,ERR,ERR,ERR,ERR,ERR,ERR,ERR,ERR,ERR,ERR,ERR,ERR,ERR,ERR,ERR,ERR,ERR,ERR,ERR,ERR,ERR,ERR,ERR,ERR,ERR,ERR,ERR,ERR,ERR,ERR,ERR,ERR,ERR,ERR,ERR,ERR,ERR,ERR,ERR,ERR,ERR,ERR,ERR,ERR,ERR,ERR,ERR,ERR,ERR,ERR,ERR,ERR,ERR,ERR,ERR,ERR,ERR,ERR,ERR,ERR,ERR,ERR,ERR,ERR,ERR,ERR,ERR,ERR,ERR,ERR,ERR,ERR,ERR,ERR,ERR,ERR,ERR,ERR,ERR,ERR,ERR,ERR,ERR,ERR,ERR,ERR,ERR,ERR,ERR,ERR,ERR,ERR,0.0,0.0,-134474944.0,0.0,0.0,1.3936040501711995e+18,7.805,0.0,0,0,4,0,8422,0.0,45,0.0,0.0,0.0,0.0,0.0,0,0,0,0,0.0,0,0,0,0,0,0,0,0,0,0,0,0,0,0,0,0,0,0,0,0,0,0,0,0,0,0,0,0,0,0,0,0,0,38,14,7,45,65476,0,300,0,0,8,21553,0.0,-107605600.0,0.0,0.0,0.0,0.0,0.0,0.0,0.0,0.0,0.0,0.0,0.0,0.0,-2.596148429267414e+33,0.0,0.0,0.0,0.0,0.0,0.0,0.0,0.0,0.0,-2.004,2.004,0.0,0.0,0.0,0.0,5045.0,0.0,0.0,0.0,0.0,0.0,-107615304.0,0.0,0.0,0.0,0.0,53,4.950428597886765e+32,126840545280.0,0.0,0.0,0.0,0.0,0.0,0.0,0.0,0,0,0,0.0,0.0,0.0,0.0,0.0,0.0,0.0,0.0,0.0,0.0,0.0,0.0,0.0,0.0,0.0,0.0,0,-107875648.0,53,0.0,106,-107614832.0,2.7006707062415038e+23,ERR,ERR,ERR,ERR,ERR,ERR,ERR,ERR,ERR,ERR,ERR,ERR,ERR,ERR,ERR,ERR,ERR,ERR,ERR,ERR,ERR,ERR,ERR,ERR,ERR,ERR,ERR,ERR,ERR,ERR,ERR,ERR,ERR,ERR,ERR,ERR,ERR,ERR,ERR,ERR,ERR,ERR,ERR,ERR,ERR,ERR,ERR,ERR,ERR,ERR,ERR,ERR,ERR,ERR,ERR,ERR,ERR,ERR,ERR,ERR,ERR,ERR,ERR,ERR,ERR,ERR,ERR,50.0,60.0,100,0.0,0.0,0.0,0.0,0.0,0.0,0.0,0.0,0.0,0.0,0.0,0.0,0.0,0.0,0.0,0.0,61.6,78,11,65508,50,65476,0,300,0,0,8,20529,65476,0,0,26214,60.0,0.0,0.0,0.0,0.0,0.0
2026-05-17T16:44:43,ERR,ERR,ERR,ERR,ERR,ERR,ERR,ERR,ERR,ERR,ERR,ERR,ERR,ERR,ERR,ERR,ERR,ERR,ERR,ERR,ERR,ERR,ERR,ERR,ERR,ERR,ERR,ERR,ERR,ERR,ERR,ERR,ERR,ERR,ERR,ERR,ERR,ERR,ERR,ERR,ERR,ERR,ERR,ERR,ERR,ERR,ERR,ERR,ERR,ERR,ERR,ERR,ERR,ERR,ERR,ERR,ERR,ERR,ERR,ERR,ERR,ERR,ERR,ERR,ERR,ERR,ERR,ERR,ERR,ERR,ERR,ERR,ERR,ERR,ERR,ERR,ERR,ERR,ERR,ERR,ERR,ERR,ERR,ERR,ERR,ERR,ERR,ERR,ERR,ERR,ERR,ERR,ERR,ERR,ERR,ERR,ERR,ERR,ERR,ERR,ERR,ERR,ERR,ERR,ERR,ERR,ERR,ERR,ERR,ERR,ERR,ERR,ERR,ERR,ERR,ERR,ERR,ERR,ERR,ERR,ERR,ERR,ERR,ERR,ERR,0.0,0.0,-134474944.0,0.0,0.0,1.3936040501711995e+18,7.805,0.0,0,0,4,0,8422,0.0,45,0.0,0.0,0.0,0.0,0.0,0,0,0,0,0.0,0,0,0,0,0,0,0,0,0,0,0,0,0,0,0,0,0,0,0,0,0,0,0,0,0,0,0,0,0,0,0,0,0,38,14,7,45,65476,0,300,0,0,8,21553,0.0,-107605600.0,0.0,0.0,0.0,0.0,0.0,0.0,0.0,0.0,0.0,0.0,0.0,0.0,0.0,0.0,0.0,0.0,0.0,0.0,0.0,0.0,0.0,0.0,-2.004,2.004,0.0,0.0,0.0,0.0,5041.0,564145900486656.0,0.0,0.0,0.0,0.0,-107615304.0,0.0,0.0,0.0,0.0,53,5.848083413016271e+35,0.0,0.0,0.0,0.0,0.0,0.0,0.0,0.0,0,0,0,0.0,0.0,0.0,0.0,0.0,0.0,0.0,0.0,0.0,0.0,0.0,0.0,0.0,0.0,0.0,0.0,0,-107875648.0,53,0.0,106,-107614832.0,2.7006707062415038e+23,ERR,ERR,ERR,ERR,ERR,ERR,ERR,ERR,ERR,ERR,ERR,ERR,ERR,ERR,ERR,ERR,ERR,ERR,ERR,ERR,ERR,ERR,ERR,ERR,ERR,ERR,ERR,ERR,ERR,ERR,ERR,ERR,ERR,ERR,ERR,ERR,ERR,ERR,ERR,ERR,ERR,ERR,ERR,ERR,ERR,ERR,ERR,ERR,ERR,ERR,ERR,ERR,ERR,ERR,ERR,ERR,ERR,ERR,ERR,ERR,ERR,ERR,ERR,ERR,ERR,ERR,ERR,50.0,60.0,100,0.0,0.0,0.0,0.0,0.0,0.0,0.0,0.0,0.0,0.0,0.0,0.0,0.0,0.0,0.0,0.0,61.6,78,11,65508,50,65476,0,300,0,0,8,20529,65476,0,0,26214,60.0,0.0,0.0,0.0,0.0,0.0
2026-05-17T16:44:44,ERR,ERR,ERR,ERR,ERR,ERR,ERR,ERR,ERR,ERR,ERR,ERR,ERR,ERR,ERR,ERR,ERR,ERR,ERR,ERR,ERR,ERR,ERR,ERR,ERR,ERR,ERR,ERR,ERR,ERR,ERR,ERR,ERR,ERR,ERR,ERR,ERR,ERR,ERR,ERR,ERR,ERR,ERR,ERR,ERR,ERR,ERR,ERR,ERR,ERR,ERR,ERR,ERR,ERR,ERR,ERR,ERR,ERR,ERR,ERR,ERR,ERR,ERR,ERR,ERR,ERR,ERR,ERR,ERR,ERR,ERR,ERR,ERR,ERR,ERR,ERR,ERR,ERR,ERR,ERR,ERR,ERR,ERR,ERR,ERR,ERR,ERR,ERR,ERR,ERR,ERR,ERR,ERR,ERR,ERR,ERR,ERR,ERR,ERR,ERR,ERR,ERR,ERR,ERR,ERR,ERR,ERR,ERR,ERR,ERR,ERR,ERR,ERR,ERR,ERR,ERR,ERR,ERR,ERR,ERR,ERR,ERR,ERR,ERR,ERR,0.0,0.0,-134474944.0,0.0,0.0,1.3936040501711995e+18,7.805,0.0,0,0,4,0,8422,0.0,45,0.0,0.0,0.0,0.0,0.0,0,0,0,0,0.0,0,0,0,0,0,0,0,0,0,0,0,0,0,0,0,0,0,0,0,0,0,0,0,0,0,0,0,0,0,0,0,0,0,38,14,7,45,65476,0,300,0,0,8,21553,0.0,-107605600.0,0.0,0.0,0.0,0.0,0.0,0.0,0.0,0.0,0.0,0.0,0.0,0.0,0.0,0.0,0.0,0.0,0.0,0.0,0.0,0.0,0.0,0.0,-2.004,2.004,0.0,0.0,0.0,0.0,5041.0,564145900486656.0,0.0,0.0,0.0,0.0,-107615304.0,0.0,0.0,0.0,0.0,53,5.848083413016271e+35,0.0,0.0,0.0,0.0,0.0,0.0,0.0,0.0,0,0,0,0.0,0.0,0.0,0.0,0.0,0.0,0.0,0.0,0.0,0.0,0.0,0.0,0.0,0.0,0.0,0.0,0,-107875648.0,53,0.0,106,-107614832.0,2.7006707062415038e+23,ERR,ERR,ERR,ERR,ERR,ERR,ERR,ERR,ERR,ERR,ERR,ERR,ERR,ERR,ERR,ERR,ERR,ERR,ERR,ERR,ERR,ERR,ERR,ERR,ERR,ERR,ERR,ERR,ERR,ERR,ERR,ERR,ERR,ERR,ERR,ERR,ERR,ERR,ERR,ERR,ERR,ERR,ERR,ERR,ERR,ERR,ERR,ERR,ERR,ERR,ERR,ERR,ERR,ERR,ERR,ERR,ERR,ERR,ERR,ERR,ERR,ERR,ERR,ERR,ERR,ERR,ERR,50.0,60.0,100,0.0,0.0,0.0,0.0,0.0,0.0,0.0,0.0,0.0,0.0,0.0,0.0,0.0,0.0,0.0,0.0,61.6,78,11,65508,50,65476,0,300,0,0,8,20529,65476,0,0,26214,60.0,0.0,0.0,0.0,0.0,0.0
2026-05-17T16:44:45,ERR,ERR,ERR,ERR,ERR,ERR,ERR,ERR,ERR,ERR,ERR,ERR,ERR,ERR,ERR,ERR,ERR,ERR,ERR,ERR,ERR,ERR,ERR,ERR,ERR,ERR,ERR,ERR,ERR,ERR,ERR,ERR,ERR,ERR,ERR,ERR,ERR,ERR,ERR,ERR,ERR,ERR,ERR,ERR,ERR,ERR,ERR,ERR,ERR,ERR,ERR,ERR,ERR,ERR,ERR,ERR,ERR,ERR,ERR,ERR,ERR,ERR,ERR,ERR,ERR,ERR,ERR,ERR,ERR,ERR,ERR,ERR,ERR,ERR,ERR,ERR,ERR,ERR,ERR,ERR,ERR,ERR,ERR,ERR,ERR,ERR,ERR,ERR,ERR,ERR,ERR,ERR,ERR,ERR,ERR,ERR,ERR,ERR,ERR,ERR,ERR,ERR,ERR,ERR,ERR,ERR,ERR,ERR,ERR,ERR,ERR,ERR,ERR,ERR,ERR,ERR,ERR,ERR,ERR,ERR,ERR,ERR,ERR,ERR,ERR,0.0,0.0,-134474944.0,0.0,0.0,1.3936040501711995e+18,7.805,0.0,0,0,4,0,8422,0.0,45,0.0,0.0,0.0,0.0,0.0,0,0,0,0,0.0,0,0,0,0,0,0,0,0,0,0,0,0,0,0,0,0,0,0,0,0,0,0,0,0,0,0,0,0,0,0,0,0,0,38,14,7,45,65476,0,300,0,0,8,21553,0.0,-107605600.0,0.0,0.0,0.0,0.0,0.0,0.0,0.0,0.0,0.0,0.0,0.0,0.0,0.0,0.0,0.0,0.0,0.0,0.0,0.0,0.0,0.0,0.0,-2.004,2.004,0.0,0.0,0.0,0.0,5041.0,564145900486656.0,0.0,0.0,0.0,0.0,-107615304.0,0.0,0.0,0.0,0.0,53,5.848083413016271e+35,0.0,0.0,0.0,0.0,0.0,0.0,0.0,0.0,0,0,0,0.0,0.0,0.0,0.0,0.0,0.0,0.0,0.0,0.0,0.0,0.0,0.0,0.0,0.0,0.0,0.0,0,-107875648.0,53,0.0,106,-107614832.0,2.7006707062415038e+23,ERR,ERR,ERR,ERR,ERR,ERR,ERR,ERR,ERR,ERR,ERR,ERR,ERR,ERR,ERR,ERR,ERR,ERR,ERR,ERR,ERR,ERR,ERR,ERR,ERR,ERR,ERR,ERR,ERR,ERR,ERR,ERR,ERR,ERR,ERR,ERR,ERR,ERR,ERR,ERR,ERR,ERR,ERR,ERR,ERR,ERR,ERR,ERR,ERR,ERR,ERR,ERR,ERR,ERR,ERR,ERR,ERR,ERR,ERR,ERR,ERR,ERR,ERR,ERR,ERR,ERR,ERR,50.0,60.0,100,0.0,0.0,0.0,0.0,0.0,0.0,0.0,0.0,0.0,0.0,0.0,0.0,0.0,0.0,0.0,0.0,61.6,78,11,65508,50,65476,0,300,0,0,8,20529,65476,0,0,26214,60.0,0.0,0.0,0.0,0.0,0.0
2026-05-17T16:44:46,ERR,ERR,ERR,ERR,ERR,ERR,ERR,ERR,ERR,ERR,ERR,ERR,ERR,ERR,ERR,ERR,ERR,ERR,ERR,ERR,ERR,ERR,ERR,ERR,ERR,ERR,ERR,ERR,ERR,ERR,ERR,ERR,ERR,ERR,ERR,ERR,ERR,ERR,ERR,ERR,ERR,ERR,ERR,ERR,ERR,ERR,ERR,ERR,ERR,ERR,ERR,ERR,ERR,ERR,ERR,ERR,ERR,ERR,ERR,ERR,ERR,ERR,ERR,ERR,ERR,ERR,ERR,ERR,ERR,ERR,ERR,ERR,ERR,ERR,ERR,ERR,ERR,ERR,ERR,ERR,ERR,ERR,ERR,ERR,ERR,ERR,ERR,ERR,ERR,ERR,ERR,ERR,ERR,ERR,ERR,ERR,ERR,ERR,ERR,ERR,ERR,ERR,ERR,ERR,ERR,ERR,ERR,ERR,ERR,ERR,ERR,ERR,ERR,ERR,ERR,ERR,ERR,ERR,ERR,ERR,ERR,ERR,ERR,ERR,ERR,0.0,0.0,-134474944.0,0.0,0.0,1.3936040501711995e+18,7.805,0.0,0,0,4,0,8422,0.0,45,0.0,0.0,0.0,0.0,0.0,0,0,0,0,0.0,0,0,0,0,0,0,0,0,0,0,0,0,0,0,0,0,0,0,0,0,0,0,0,0,0,0,0,0,0,0,0,0,0,38,14,7,45,65476,0,300,0,0,8,21553,0.0,-107605600.0,0.0,0.0,0.0,0.0,0.0,0.0,0.0,0.0,0.0,0.0,0.0,0.0,0.0,0.0,0.0,0.0,0.0,0.0,0.0,0.0,0.0,0.0,-2.004,2.004,0.0,0.0,0.0,0.0,5041.0,564145900486656.0,0.0,0.0,0.0,0.0,-107615304.0,0.0,0.0,0.0,0.0,53,5.848083413016271e+35,0.0,0.0,0.0,0.0,0.0,0.0,0.0,0.0,0,0,0,0.0,0.0,0.0,0.0,0.0,0.0,0.0,0.0,0.0,0.0,0.0,0.0,0.0,0.0,0.0,0.0,0,-107875648.0,53,0.0,106,-107614832.0,2.7006707062415038e+23,ERR,ERR,ERR,ERR,ERR,ERR,ERR,ERR,ERR,ERR,ERR,ERR,ERR,ERR,ERR,ERR,ERR,ERR,ERR,ERR,ERR,ERR,ERR,ERR,ERR,ERR,ERR,ERR,ERR,ERR,ERR,ERR,ERR,ERR,ERR,ERR,ERR,ERR,ERR,ERR,ERR,ERR,ERR,ERR,ERR,ERR,ERR,ERR,ERR,ERR,ERR,ERR,ERR,ERR,ERR,ERR,ERR,ERR,ERR,ERR,ERR,ERR,ERR,ERR,ERR,ERR,ERR,50.0,60.0,100,0.0,0.0,0.0,0.0,0.0,0.0,0.0,0.0,0.0,0.0,0.0,0.0,0.0,0.0,0.0,0.0,61.6,78,11,65508,50,65476,0,300,0,0,8,20529,65476,0,0,26214,60.0,0.0,0.0,0.0,0.0,0.0
2026-05-17T16:44:47,ERR,ERR,ERR,ERR,ERR,ERR,ERR,ERR,ERR,ERR,ERR,ERR,ERR,ERR,ERR,ERR,ERR,ERR,ERR,ERR,ERR,ERR,ERR,ERR,ERR,ERR,ERR,ERR,ERR,ERR,ERR,ERR,ERR,ERR,ERR,ERR,ERR,ERR,ERR,ERR,ERR,ERR,ERR,ERR,ERR,ERR,ERR,ERR,ERR,ERR,ERR,ERR,ERR,ERR,ERR,ERR,ERR,ERR,ERR,ERR,ERR,ERR,ERR,ERR,ERR,ERR,ERR,ERR,ERR,ERR,ERR,ERR,ERR,ERR,ERR,ERR,ERR,ERR,ERR,ERR,ERR,ERR,ERR,ERR,ERR,ERR,ERR,ERR,ERR,ERR,ERR,ERR,ERR,ERR,ERR,ERR,ERR,ERR,ERR,ERR,ERR,ERR,ERR,ERR,ERR,ERR,ERR,ERR,ERR,ERR,ERR,ERR,ERR,ERR,ERR,ERR,ERR,ERR,ERR,ERR,ERR,ERR,ERR,ERR,ERR,0.0,0.0,-134474944.0,0.0,0.0,1.3936040501711995e+18,7.805,0.0,0,0,4,0,8422,0.0,45,0.0,0.0,0.0,0.0,0.0,0,0,0,0,0.0,0,0,0,0,0,0,0,0,0,0,0,0,0,0,0,0,0,0,0,0,0,0,0,0,0,0,0,0,0,0,0,0,0,38,14,7,45,65476,0,300,0,0,8,21553,0.0,-107605600.0,0.0,0.0,0.0,0.0,0.0,0.0,0.0,0.0,0.0,0.0,0.0,0.0,0.0,0.0,0.0,0.0,0.0,0.0,0.0,0.0,0.0,0.0,-2.004,2.004,0.0,0.0,0.0,0.0,5041.0,564145900486656.0,0.0,0.0,0.0,0.0,-107615304.0,0.0,0.0,0.0,0.0,53,5.848083413016271e+35,0.0,0.0,0.0,0.0,0.0,0.0,0.0,0.0,0,0,0,0.0,0.0,0.0,0.0,0.0,0.0,0.0,0.0,0.0,0.0,0.0,0.0,0.0,0.0,0.0,0.0,0,-107875648.0,53,0.0,106,-107614832.0,2.7006707062415038e+23,ERR,ERR,ERR,ERR,ERR,ERR,ERR,ERR,ERR,ERR,ERR,ERR,ERR,ERR,ERR,ERR,ERR,ERR,ERR,ERR,ERR,ERR,ERR,ERR,ERR,ERR,ERR,ERR,ERR,ERR,ERR,ERR,ERR,ERR,ERR,ERR,ERR,ERR,ERR,ERR,ERR,ERR,ERR,ERR,ERR,ERR,ERR,ERR,ERR,ERR,ERR,ERR,ERR,ERR,ERR,ERR,ERR,ERR,ERR,ERR,ERR,ERR,ERR,ERR,ERR,ERR,ERR,50.0,60.0,100,0.0,0.0,0.0,0.0,0.0,0.0,0.0,0.0,0.0,0.0,0.0,0.0,0.0,0.0,0.0,0.0,61.6,78,11,65508,50,65476,0,300,0,0,8,20529,65476,0,0,26214,60.0,0.0,0.0,0.0,0.0,0.0
2026-05-17T16:44:48,ERR,ERR,ERR,ERR,ERR,ERR,ERR,ERR,ERR,ERR,ERR,ERR,ERR,ERR,ERR,ERR,ERR,ERR,ERR,ERR,ERR,ERR,ERR,ERR,ERR,ERR,ERR,ERR,ERR,ERR,ERR,ERR,ERR,ERR,ERR,ERR,ERR,ERR,ERR,ERR,ERR,ERR,ERR,ERR,ERR,ERR,ERR,ERR,ERR,ERR,ERR,ERR,ERR,ERR,ERR,ERR,ERR,ERR,ERR,ERR,ERR,ERR,ERR,ERR,ERR,ERR,ERR,ERR,ERR,ERR,ERR,ERR,ERR,ERR,ERR,ERR,ERR,ERR,ERR,ERR,ERR,ERR,ERR,ERR,ERR,ERR,ERR,ERR,ERR,ERR,ERR,ERR,ERR,ERR,ERR,ERR,ERR,ERR,ERR,ERR,ERR,ERR,ERR,ERR,ERR,ERR,ERR,ERR,ERR,ERR,ERR,ERR,ERR,ERR,ERR,ERR,ERR,ERR,ERR,ERR,ERR,ERR,ERR,ERR,ERR,0.0,0.0,-134474944.0,0.0,0.0,1.3936040501711995e+18,7.805,0.0,0,0,4,0,8422,0.0,45,0.0,0.0,0.0,0.0,0.0,0,0,0,0,0.0,0,0,0,0,0,0,0,0,0,0,0,0,0,0,0,0,0,0,0,0,0,0,0,0,0,0,0,0,0,0,0,0,0,38,14,7,45,65476,0,300,0,0,8,21553,0.0,-107605600.0,0.0,0.0,0.0,0.0,0.0,0.0,0.0,0.0,0.0,0.0,0.0,0.0,0.0,0.0,0.0,0.0,0.0,0.0,0.0,0.0,0.0,0.0,-2.004,2.004,0.0,0.0,0.0,0.0,5042.0,2.004,0.0,0.0,0.0,0.0,-107615304.0,0.0,0.0,0.0,0.0,53,-0.0,126840545280.0,0.0,0.0,0.0,0.0,0.0,0.0,0.0,0,0,0,0.0,0.0,0.0,0.0,0.0,0.0,0.0,0.0,0.0,0.0,0.0,0.0,0.0,0.0,0.0,0.0,0,-107875648.0,53,0.0,106,-107614832.0,2.7006707062415038e+23,ERR,ERR,ERR,ERR,ERR,ERR,ERR,ERR,ERR,ERR,ERR,ERR,ERR,ERR,ERR,ERR,ERR,ERR,ERR,ERR,ERR,ERR,ERR,ERR,ERR,ERR,ERR,ERR,ERR,ERR,ERR,ERR,ERR,ERR,ERR,ERR,ERR,ERR,ERR,ERR,ERR,ERR,ERR,ERR,ERR,ERR,ERR,ERR,ERR,ERR,ERR,ERR,ERR,ERR,ERR,ERR,ERR,ERR,ERR,ERR,ERR,ERR,ERR,ERR,ERR,ERR,ERR,50.0,60.0,100,0.0,0.0,0.0,0.0,0.0,0.0,0.0,0.0,0.0,0.0,0.0,0.0,0.0,0.0,0.0,0.0,61.6,78,11,65508,50,65476,0,300,0,0,8,20529,65476,0,0,26214,60.0,0.0,0.0,0.0,0.0,0.0
2026-05-17T16:44:49,ERR,ERR,ERR,ERR,ERR,ERR,ERR,ERR,ERR,ERR,ERR,ERR,ERR,ERR,ERR,ERR,ERR,ERR,ERR,ERR,ERR,ERR,ERR,ERR,ERR,ERR,ERR,ERR,ERR,ERR,ERR,ERR,ERR,ERR,ERR,ERR,ERR,ERR,ERR,ERR,ERR,ERR,ERR,ERR,ERR,ERR,ERR,ERR,ERR,ERR,ERR,ERR,ERR,ERR,ERR,ERR,ERR,ERR,ERR,ERR,ERR,ERR,ERR,ERR,ERR,ERR,ERR,ERR,ERR,ERR,ERR,ERR,ERR,ERR,ERR,ERR,ERR,ERR,ERR,ERR,ERR,ERR,ERR,ERR,ERR,ERR,ERR,ERR,ERR,ERR,ERR,ERR,ERR,ERR,ERR,ERR,ERR,ERR,ERR,ERR,ERR,ERR,ERR,ERR,ERR,ERR,ERR,ERR,ERR,ERR,ERR,ERR,ERR,ERR,ERR,ERR,ERR,ERR,ERR,ERR,ERR,ERR,ERR,ERR,ERR,0.0,0.0,-134474944.0,0.0,0.0,1.3936040501711995e+18,7.805,0.0,0,0,4,0,8422,0.0,45,0.0,0.0,0.0,0.0,0.0,0,0,0,0,0.0,0,0,0,0,0,0,0,0,0,0,0,0,0,0,0,0,0,0,0,0,0,0,0,0,0,0,0,0,0,0,0,0,0,38,14,7,45,65476,0,300,0,0,8,21553,0.0,-107605600.0,0.0,0.0,0.0,0.0,0.0,0.0,0.0,0.0,0.0,0.0,0.0,0.0,0.0,0.0,0.0,0.0,0.0,0.0,0.0,0.0,0.0,0.0,-2.004,2.004,0.0,0.0,0.0,0.0,5042.0,2.004,0.0,0.0,0.0,0.0,-107615304.0,0.0,0.0,0.0,0.0,53,-0.0,126840545280.0,0.0,0.0,0.0,0.0,0.0,0.0,0.0,0,0,0,0.0,0.0,0.0,0.0,0.0,0.0,0.0,0.0,0.0,0.0,0.0,0.0,0.0,0.0,0.0,0.0,0,-107875648.0,53,0.0,106,-107614832.0,2.7006707062415038e+23,ERR,ERR,ERR,ERR,ERR,ERR,ERR,ERR,ERR,ERR,ERR,ERR,ERR,ERR,ERR,ERR,ERR,ERR,ERR,ERR,ERR,ERR,ERR,ERR,ERR,ERR,ERR,ERR,ERR,ERR,ERR,ERR,ERR,ERR,ERR,ERR,ERR,ERR,ERR,ERR,ERR,ERR,ERR,ERR,ERR,ERR,ERR,ERR,ERR,ERR,ERR,ERR,ERR,ERR,ERR,ERR,ERR,ERR,ERR,ERR,ERR,ERR,ERR,ERR,ERR,ERR,ERR,50.0,60.0,100,0.0,0.0,0.0,0.0,0.0,0.0,0.0,0.0,0.0,0.0,0.0,0.0,0.0,0.0,0.0,0.0,61.6,78,11,65508,50,65476,0,300,0,0,8,20529,65476,0,0,26214,60.0,0.0,0.0,0.0,0.0,0.0
2026-05-17T16:44:50,ERR,ERR,ERR,ERR,ERR,ERR,ERR,ERR,ERR,ERR,ERR,ERR,ERR,ERR,ERR,ERR,ERR,ERR,ERR,ERR,ERR,ERR,ERR,ERR,ERR,ERR,ERR,ERR,ERR,ERR,ERR,ERR,ERR,ERR,ERR,ERR,ERR,ERR,ERR,ERR,ERR,ERR,ERR,ERR,ERR,ERR,ERR,ERR,ERR,ERR,ERR,ERR,ERR,ERR,ERR,ERR,ERR,ERR,ERR,ERR,ERR,ERR,ERR,ERR,ERR,ERR,ERR,ERR,ERR,ERR,ERR,ERR,ERR,ERR,ERR,ERR,ERR,ERR,ERR,ERR,ERR,ERR,ERR,ERR,ERR,ERR,ERR,ERR,ERR,ERR,ERR,ERR,ERR,ERR,ERR,ERR,ERR,ERR,ERR,ERR,ERR,ERR,ERR,ERR,ERR,ERR,ERR,ERR,ERR,ERR,ERR,ERR,ERR,ERR,ERR,ERR,ERR,ERR,ERR,ERR,ERR,ERR,ERR,ERR,ERR,0.0,0.0,-134474944.0,0.0,0.0,1.3936040501711995e+18,7.805,0.0,0,0,4,0,8422,0.0,45,0.0,0.0,0.0,0.0,0.0,0,0,0,0,0.0,0,0,0,0,0,0,0,0,0,0,0,0,0,0,0,0,0,0,0,0,0,0,0,0,0,0,0,0,0,0,0,0,0,38,14,7,45,65476,0,300,0,0,8,21553,0.0,-107605600.0,0.0,0.0,0.0,0.0,0.0,0.0,0.0,0.0,0.0,0.0,0.0,0.0,0.0,0.0,0.0,0.0,0.0,0.0,0.0,0.0,0.0,0.0,-2.004,2.004,0.0,0.0,0.0,0.0,5042.0,2.004,0.0,0.0,0.0,0.0,-107615304.0,0.0,0.0,0.0,0.0,53,-0.0,126840545280.0,0.0,0.0,0.0,0.0,0.0,0.0,0.0,0,0,0,0.0,0.0,0.0,0.0,0.0,0.0,0.0,0.0,0.0,0.0,0.0,0.0,0.0,0.0,0.0,0.0,0,-107875648.0,53,0.0,106,-107614832.0,2.7006707062415038e+23,ERR,ERR,ERR,ERR,ERR,ERR,ERR,ERR,ERR,ERR,ERR,ERR,ERR,ERR,ERR,ERR,ERR,ERR,ERR,ERR,ERR,ERR,ERR,ERR,ERR,ERR,ERR,ERR,ERR,ERR,ERR,ERR,ERR,ERR,ERR,ERR,ERR,ERR,ERR,ERR,ERR,ERR,ERR,ERR,ERR,ERR,ERR,ERR,ERR,ERR,ERR,ERR,ERR,ERR,ERR,ERR,ERR,ERR,ERR,ERR,ERR,ERR,ERR,ERR,ERR,ERR,ERR,50.0,60.0,100,0.0,0.0,0.0,0.0,0.0,0.0,0.0,0.0,0.0,0.0,0.0,0.0,0.0,0.0,0.0,0.0,61.6,78,11,65508,50,65476,0,300,0,0,8,20529,65476,0,0,26214,60.0,0.0,0.0,0.0,0.0,0.0
2026-05-17T16:44:51,ERR,ERR,ERR,ERR,ERR,ERR,ERR,ERR,ERR,ERR,ERR,ERR,ERR,ERR,ERR,ERR,ERR,ERR,ERR,ERR,ERR,ERR,ERR,ERR,ERR,ERR,ERR,ERR,ERR,ERR,ERR,ERR,ERR,ERR,ERR,ERR,ERR,ERR,ERR,ERR,ERR,ERR,ERR,ERR,ERR,ERR,ERR,ERR,ERR,ERR,ERR,ERR,ERR,ERR,ERR,ERR,ERR,ERR,ERR,ERR,ERR,ERR,ERR,ERR,ERR,ERR,ERR,ERR,ERR,ERR,ERR,ERR,ERR,ERR,ERR,ERR,ERR,ERR,ERR,ERR,ERR,ERR,ERR,ERR,ERR,ERR,ERR,ERR,ERR,ERR,ERR,ERR,ERR,ERR,ERR,ERR,ERR,ERR,ERR,ERR,ERR,ERR,ERR,ERR,ERR,ERR,ERR,ERR,ERR,ERR,ERR,ERR,ERR,ERR,ERR,ERR,ERR,ERR,ERR,ERR,ERR,ERR,ERR,ERR,ERR,0.0,0.0,-134474944.0,0.0,0.0,1.3936040501711995e+18,7.805,0.0,0,0,4,0,8422,0.0,45,0.0,0.0,0.0,0.0,0.0,0,0,0,0,0.0,0,0,0,0,0,0,0,0,0,0,0,0,0,0,0,0,0,0,0,0,0,0,0,0,0,0,0,0,0,0,0,0,0,38,14,7,45,65476,0,300,0,0,8,21553,0.0,-107605600.0,0.0,0.0,0.0,0.0,0.0,0.0,0.0,0.0,0.0,0.0,0.0,0.0,0.0,0.0,0.0,0.0,0.0,0.0,0.0,0.0,0.0,0.0,-2.004,2.004,0.0,0.0,0.0,0.0,5042.0,2.004,0.0,0.0,0.0,0.0,-107615304.0,0.0,0.0,0.0,0.0,53,-0.0,126840545280.0,0.0,0.0,0.0,0.0,0.0,0.0,0.0,0,0,0,0.0,0.0,0.0,0.0,0.0,0.0,0.0,0.0,0.0,0.0,0.0,0.0,0.0,0.0,0.0,0.0,0,-107875648.0,53,0.0,106,-107614832.0,2.7006707062415038e+23,ERR,ERR,ERR,ERR,ERR,ERR,ERR,ERR,ERR,ERR,ERR,ERR,ERR,ERR,ERR,ERR,ERR,ERR,ERR,ERR,ERR,ERR,ERR,ERR,ERR,ERR,ERR,ERR,ERR,ERR,ERR,ERR,ERR,ERR,ERR,ERR,ERR,ERR,ERR,ERR,ERR,ERR,ERR,ERR,ERR,ERR,ERR,ERR,ERR,ERR,ERR,ERR,ERR,ERR,ERR,ERR,ERR,ERR,ERR,ERR,ERR,ERR,ERR,ERR,ERR,ERR,ERR,50.0,60.0,100,0.0,0.0,0.0,0.0,0.0,0.0,0.0,0.0,0.0,0.0,0.0,0.0,0.0,0.0,0.0,0.0,61.6,78,11,65508,50,65476,0,300,0,0,8,20529,65476,0,0,26214,60.0,0.0,0.0,0.0,0.0,0.0
2026-05-17T16:44:52,ERR,ERR,ERR,ERR,ERR,ERR,ERR,ERR,ERR,ERR,ERR,ERR,ERR,ERR,ERR,ERR,ERR,ERR,ERR,ERR,ERR,ERR,ERR,ERR,ERR,ERR,ERR,ERR,ERR,ERR,ERR,ERR,ERR,ERR,ERR,ERR,ERR,ERR,ERR,ERR,ERR,ERR,ERR,ERR,ERR,ERR,ERR,ERR,ERR,ERR,ERR,ERR,ERR,ERR,ERR,ERR,ERR,ERR,ERR,ERR,ERR,ERR,ERR,ERR,ERR,ERR,ERR,ERR,ERR,ERR,ERR,ERR,ERR,ERR,ERR,ERR,ERR,ERR,ERR,ERR,ERR,ERR,ERR,ERR,ERR,ERR,ERR,ERR,ERR,ERR,ERR,ERR,ERR,ERR,ERR,ERR,ERR,ERR,ERR,ERR,ERR,ERR,ERR,ERR,ERR,ERR,ERR,ERR,ERR,ERR,ERR,ERR,ERR,ERR,ERR,ERR,ERR,ERR,ERR,ERR,ERR,ERR,ERR,ERR,ERR,0.0,0.0,-134474944.0,0.0,0.0,1.3936040501711995e+18,7.805,0.0,0,0,4,0,8422,0.0,45,0.0,0.0,0.0,0.0,0.0,0,0,0,0,0.0,0,0,0,0,0,0,0,0,0,0,0,0,0,0,0,0,0,0,0,0,0,0,0,0,0,0,0,0,0,0,0,0,0,38,14,7,45,65476,0,300,0,0,8,21553,0.0,-107605600.0,0.0,0.0,0.0,0.0,0.0,0.0,0.0,0.0,0.0,0.0,0.0,0.0,0.0,0.0,0.0,0.0,0.0,0.0,0.0,0.0,0.0,0.0,-2.004,2.004,0.0,0.0,0.0,0.0,5042.0,2.004,0.0,0.0,0.0,0.0,-107615304.0,0.0,0.0,0.0,0.0,53,-0.0,126840545280.0,0.0,0.0,0.0,0.0,0.0,0.0,0.0,0,0,0,0.0,0.0,0.0,0.0,0.0,0.0,0.0,0.0,0.0,0.0,0.0,0.0,0.0,0.0,0.0,0.0,0,-107875648.0,53,0.0,106,-107614832.0,2.7006707062415038e+23,ERR,ERR,ERR,ERR,ERR,ERR,ERR,ERR,ERR,ERR,ERR,ERR,ERR,ERR,ERR,ERR,ERR,ERR,ERR,ERR,ERR,ERR,ERR,ERR,ERR,ERR,ERR,ERR,ERR,ERR,ERR,ERR,ERR,ERR,ERR,ERR,ERR,ERR,ERR,ERR,ERR,ERR,ERR,ERR,ERR,ERR,ERR,ERR,ERR,ERR,ERR,ERR,ERR,ERR,ERR,ERR,ERR,ERR,ERR,ERR,ERR,ERR,ERR,ERR,ERR,ERR,ERR,50.0,60.0,100,0.0,0.0,0.0,0.0,0.0,0.0,0.0,0.0,0.0,0.0,0.0,0.0,0.0,0.0,0.0,0.0,61.6,78,11,65508,50,65476,0,300,0,0,8,20529,65476,0,0,26214,60.0,0.0,0.0,0.0,0.0,0.0
2026-05-17T16:44:53,ERR,ERR,ERR,ERR,ERR,ERR,ERR,ERR,ERR,ERR,ERR,ERR,ERR,ERR,ERR,ERR,ERR,ERR,ERR,ERR,ERR,ERR,ERR,ERR,ERR,ERR,ERR,ERR,ERR,ERR,ERR,ERR,ERR,ERR,ERR,ERR,ERR,ERR,ERR,ERR,ERR,ERR,ERR,ERR,ERR,ERR,ERR,ERR,ERR,ERR,ERR,ERR,ERR,ERR,ERR,ERR,ERR,ERR,ERR,ERR,ERR,ERR,ERR,ERR,ERR,ERR,ERR,ERR,ERR,ERR,ERR,ERR,ERR,ERR,ERR,ERR,ERR,ERR,ERR,ERR,ERR,ERR,ERR,ERR,ERR,ERR,ERR,ERR,ERR,ERR,ERR,ERR,ERR,ERR,ERR,ERR,ERR,ERR,ERR,ERR,ERR,ERR,ERR,ERR,ERR,ERR,ERR,ERR,ERR,ERR,ERR,ERR,ERR,ERR,ERR,ERR,ERR,ERR,ERR,ERR,ERR,ERR,ERR,ERR,ERR,0.0,0.0,-134474944.0,0.0,0.0,1.3936040501711995e+18,7.805,0.0,0,0,4,0,8422,0.0,45,0.0,0.0,0.0,0.0,0.0,0,0,0,0,0.0,0,0,0,0,0,0,0,0,0,0,0,0,0,0,0,0,0,0,0,0,0,0,0,0,0,0,0,0,0,0,0,0,0,38,14,7,45,65476,0,300,0,0,8,21553,0.0,-107605600.0,0.0,0.0,0.0,0.0,0.0,0.0,0.0,0.0,0.0,0.0,0.0,0.0,0.0,0.0,0.0,0.0,0.0,0.0,0.0,0.0,0.0,0.0,-2.004,2.004,0.0,0.0,0.0,0.0,5042.0,1.040665504650976e+34,0.0,0.0,0.0,0.0,-107615304.0,0.0,0.0,0.0,0.0,53,-0.0,-0.0,0.0,0.0,0.0,0.0,0.0,0.0,0.0,0,0,0,0.0,0.0,0.0,0.0,0.0,0.0,0.0,0.0,0.0,0.0,0.0,0.0,0.0,0.0,0.0,0.0,0,-107875648.0,53,0.0,106,-107614832.0,2.7006707062415038e+23,ERR,ERR,ERR,ERR,ERR,ERR,ERR,ERR,ERR,ERR,ERR,ERR,ERR,ERR,ERR,ERR,ERR,ERR,ERR,ERR,ERR,ERR,ERR,ERR,ERR,ERR,ERR,ERR,ERR,ERR,ERR,ERR,ERR,ERR,ERR,ERR,ERR,ERR,ERR,ERR,ERR,ERR,ERR,ERR,ERR,ERR,ERR,ERR,ERR,ERR,ERR,ERR,ERR,ERR,ERR,ERR,ERR,ERR,ERR,ERR,ERR,ERR,ERR,ERR,ERR,ERR,ERR,50.0,60.0,100,0.0,0.0,0.0,0.0,0.0,0.0,0.0,0.0,0.0,0.0,0.0,0.0,0.0,0.0,0.0,0.0,61.6,78,11,65508,50,65476,0,300,0,0,8,20529,65476,0,0,26214,60.0,0.0,0.0,0.0,0.0,0.0
2026-05-17T16:44:54,ERR,ERR,ERR,ERR,ERR,ERR,ERR,ERR,ERR,ERR,ERR,ERR,ERR,ERR,ERR,ERR,ERR,ERR,ERR,ERR,ERR,ERR,ERR,ERR,ERR,ERR,ERR,ERR,ERR,ERR,ERR,ERR,ERR,ERR,ERR,ERR,ERR,ERR,ERR,ERR,ERR,ERR,ERR,ERR,ERR,ERR,ERR,ERR,ERR,ERR,ERR,ERR,ERR,ERR,ERR,ERR,ERR,ERR,ERR,ERR,ERR,ERR,ERR,ERR,ERR,ERR,ERR,ERR,ERR,ERR,ERR,ERR,ERR,ERR,ERR,ERR,ERR,ERR,ERR,ERR,ERR,ERR,ERR,ERR,ERR,ERR,ERR,ERR,ERR,ERR,ERR,ERR,ERR,ERR,ERR,ERR,ERR,ERR,ERR,ERR,ERR,ERR,ERR,ERR,ERR,ERR,ERR,ERR,ERR,ERR,ERR,ERR,ERR,ERR,ERR,ERR,ERR,ERR,ERR,ERR,ERR,ERR,ERR,ERR,ERR,0.0,0.0,-134474944.0,0.0,0.0,1.3936040501711995e+18,7.805,0.0,0,0,4,0,8422,0.0,45,0.0,0.0,0.0,0.0,0.0,0,0,0,0,0.0,0,0,0,0,0,0,0,0,0,0,0,0,0,0,0,0,0,0,0,0,0,0,0,0,0,0,0,0,0,0,0,0,0,38,14,7,45,65476,0,300,0,0,8,21553,0.0,-107605600.0,0.0,0.0,0.0,0.0,0.0,0.0,0.0,0.0,0.0,0.0,0.0,0.0,0.0,0.0,0.0,0.0,0.0,0.0,0.0,0.0,0.0,0.0,-2.004,2.004,0.0,0.0,0.0,0.0,5042.0,1.040665504650976e+34,0.0,0.0,0.0,0.0,-107615304.0,0.0,0.0,0.0,0.0,53,-0.0,-0.0,0.0,0.0,0.0,0.0,0.0,0.0,0.0,0,0,0,0.0,0.0,0.0,0.0,0.0,0.0,0.0,0.0,0.0,0.0,0.0,0.0,0.0,0.0,0.0,0.0,0,-107875648.0,53,0.0,106,-107614832.0,2.7006707062415038e+23,ERR,ERR,ERR,ERR,ERR,ERR,ERR,ERR,ERR,ERR,ERR,ERR,ERR,ERR,ERR,ERR,ERR,ERR,ERR,ERR,ERR,ERR,ERR,ERR,ERR,ERR,ERR,ERR,ERR,ERR,ERR,ERR,ERR,ERR,ERR,ERR,ERR,ERR,ERR,ERR,ERR,ERR,ERR,ERR,ERR,ERR,ERR,ERR,ERR,ERR,ERR,ERR,ERR,ERR,ERR,ERR,ERR,ERR,ERR,ERR,ERR,ERR,ERR,ERR,ERR,ERR,ERR,50.0,60.0,100,0.0,0.0,0.0,0.0,0.0,0.0,0.0,0.0,0.0,0.0,0.0,0.0,0.0,0.0,0.0,0.0,61.6,78,11,65508,50,65476,0,300,0,0,8,20529,65476,0,0,26214,60.0,0.0,0.0,0.0,0.0,0.0
2026-05-17T16:44:55,ERR,ERR,ERR,ERR,ERR,ERR,ERR,ERR,ERR,ERR,ERR,ERR,ERR,ERR,ERR,ERR,ERR,ERR,ERR,ERR,ERR,ERR,ERR,ERR,ERR,ERR,ERR,ERR,ERR,ERR,ERR,ERR,ERR,ERR,ERR,ERR,ERR,ERR,ERR,ERR,ERR,ERR,ERR,ERR,ERR,ERR,ERR,ERR,ERR,ERR,ERR,ERR,ERR,ERR,ERR,ERR,ERR,ERR,ERR,ERR,ERR,ERR,ERR,ERR,ERR,ERR,ERR,ERR,ERR,ERR,ERR,ERR,ERR,ERR,ERR,ERR,ERR,ERR,ERR,ERR,ERR,ERR,ERR,ERR,ERR,ERR,ERR,ERR,ERR,ERR,ERR,ERR,ERR,ERR,ERR,ERR,ERR,ERR,ERR,ERR,ERR,ERR,ERR,ERR,ERR,ERR,ERR,ERR,ERR,ERR,ERR,ERR,ERR,ERR,ERR,ERR,ERR,ERR,ERR,ERR,ERR,ERR,ERR,ERR,ERR,0.0,0.0,-134474944.0,0.0,0.0,1.3936040501711995e+18,7.805,0.0,0,0,4,0,8422,0.0,45,0.0,0.0,0.0,0.0,0.0,0,0,0,0,0.0,0,0,0,0,0,0,0,0,0,0,0,0,0,0,0,0,0,0,0,0,0,0,0,0,0,0,0,0,0,0,0,0,0,38,14,7,45,65476,0,300,0,0,8,21553,0.0,-107605600.0,0.0,0.0,0.0,0.0,0.0,0.0,0.0,0.0,0.0,0.0,0.0,0.0,0.0,0.0,0.0,0.0,0.0,0.0,0.0,0.0,0.0,0.0,-2.004,2.004,0.0,0.0,0.0,0.0,5042.0,1.040665504650976e+34,0.0,0.0,0.0,0.0,-107615304.0,0.0,0.0,0.0,0.0,53,-0.0,-0.0,0.0,0.0,0.0,0.0,0.0,0.0,0.0,0,0,0,0.0,0.0,0.0,0.0,0.0,0.0,0.0,0.0,0.0,0.0,0.0,0.0,0.0,0.0,0.0,0.0,0,-107875648.0,53,0.0,106,-107614832.0,2.7006707062415038e+23,ERR,ERR,ERR,ERR,ERR,ERR,ERR,ERR,ERR,ERR,ERR,ERR,ERR,ERR,ERR,ERR,ERR,ERR,ERR,ERR,ERR,ERR,ERR,ERR,ERR,ERR,ERR,ERR,ERR,ERR,ERR,ERR,ERR,ERR,ERR,ERR,ERR,ERR,ERR,ERR,ERR,ERR,ERR,ERR,ERR,ERR,ERR,ERR,ERR,ERR,ERR,ERR,ERR,ERR,ERR,ERR,ERR,ERR,ERR,ERR,ERR,ERR,ERR,ERR,ERR,ERR,ERR,50.0,60.0,100,0.0,0.0,0.0,0.0,0.0,0.0,0.0,0.0,0.0,0.0,0.0,0.0,0.0,0.0,0.0,0.0,61.6,78,11,65508,50,65476,0,300,0,0,8,20529,65476,0,0,26214,60.0,0.0,0.0,0.0,0.0,0.0
2026-05-17T16:44:56,ERR,ERR,ERR,ERR,ERR,ERR,ERR,ERR,ERR,ERR,ERR,ERR,ERR,ERR,ERR,ERR,ERR,ERR,ERR,ERR,ERR,ERR,ERR,ERR,ERR,ERR,ERR,ERR,ERR,ERR,ERR,ERR,ERR,ERR,ERR,ERR,ERR,ERR,ERR,ERR,ERR,ERR,ERR,ERR,ERR,ERR,ERR,ERR,ERR,ERR,ERR,ERR,ERR,ERR,ERR,ERR,ERR,ERR,ERR,ERR,ERR,ERR,ERR,ERR,ERR,ERR,ERR,ERR,ERR,ERR,ERR,ERR,ERR,ERR,ERR,ERR,ERR,ERR,ERR,ERR,ERR,ERR,ERR,ERR,ERR,ERR,ERR,ERR,ERR,ERR,ERR,ERR,ERR,ERR,ERR,ERR,ERR,ERR,ERR,ERR,ERR,ERR,ERR,ERR,ERR,ERR,ERR,ERR,ERR,ERR,ERR,ERR,ERR,ERR,ERR,ERR,ERR,ERR,ERR,ERR,ERR,ERR,ERR,ERR,ERR,0.0,0.0,-134474944.0,0.0,0.0,1.3936040501711995e+18,7.805,0.0,0,0,4,0,8422,0.0,45,0.0,0.0,0.0,0.0,0.0,0,0,0,0,0.0,0,0,0,0,0,0,0,0,0,0,0,0,0,0,0,0,0,0,0,0,0,0,0,0,0,0,0,0,0,0,0,0,0,38,14,7,45,65476,0,300,0,0,8,21553,0.0,-107605600.0,0.0,0.0,0.0,0.0,0.0,0.0,0.0,0.0,0.0,0.0,0.0,0.0,0.0,0.0,0.0,0.0,0.0,0.0,0.0,0.0,0.0,0.0,-2.004,2.004,0.0,0.0,0.0,0.0,5042.0,1.040665504650976e+34,0.0,0.0,0.0,0.0,-107615304.0,0.0,0.0,0.0,0.0,53,-0.0,-0.0,0.0,0.0,0.0,0.0,0.0,0.0,0.0,0,0,0,0.0,0.0,0.0,0.0,0.0,0.0,0.0,0.0,0.0,0.0,0.0,0.0,0.0,0.0,0.0,0.0,0,-107875648.0,53,0.0,106,-107614832.0,2.7006707062415038e+23,ERR,ERR,ERR,ERR,ERR,ERR,ERR,ERR,ERR,ERR,ERR,ERR,ERR,ERR,ERR,ERR,ERR,ERR,ERR,ERR,ERR,ERR,ERR,ERR,ERR,ERR,ERR,ERR,ERR,ERR,ERR,ERR,ERR,ERR,ERR,ERR,ERR,ERR,ERR,ERR,ERR,ERR,ERR,ERR,ERR,ERR,ERR,ERR,ERR,ERR,ERR,ERR,ERR,ERR,ERR,ERR,ERR,ERR,ERR,ERR,ERR,ERR,ERR,ERR,ERR,ERR,ERR,50.0,60.0,100,0.0,0.0,0.0,0.0,0.0,0.0,0.0,0.0,0.0,0.0,0.0,0.0,0.0,0.0,0.0,0.0,61.6,78,11,65508,50,65476,0,300,0,0,8,20529,65476,0,0,26214,60.0,0.0,0.0,0.0,0.0,0.0
2026-05-17T16:44:57,ERR,ERR,ERR,ERR,ERR,ERR,ERR,ERR,ERR,ERR,ERR,ERR,ERR,ERR,ERR,ERR,ERR,ERR,ERR,ERR,ERR,ERR,ERR,ERR,ERR,ERR,ERR,ERR,ERR,ERR,ERR,ERR,ERR,ERR,ERR,ERR,ERR,ERR,ERR,ERR,ERR,ERR,ERR,ERR,ERR,ERR,ERR,ERR,ERR,ERR,ERR,ERR,ERR,ERR,ERR,ERR,ERR,ERR,ERR,ERR,ERR,ERR,ERR,ERR,ERR,ERR,ERR,ERR,ERR,ERR,ERR,ERR,ERR,ERR,ERR,ERR,ERR,ERR,ERR,ERR,ERR,ERR,ERR,ERR,ERR,ERR,ERR,ERR,ERR,ERR,ERR,ERR,ERR,ERR,ERR,ERR,ERR,ERR,ERR,ERR,ERR,ERR,ERR,ERR,ERR,ERR,ERR,ERR,ERR,ERR,ERR,ERR,ERR,ERR,ERR,ERR,ERR,ERR,ERR,ERR,ERR,ERR,ERR,ERR,ERR,0.0,0.0,-134474944.0,0.0,0.0,1.3936040501711995e+18,7.805,0.0,0,0,4,0,8422,0.0,45,0.0,0.0,0.0,0.0,0.0,0,0,0,0,0.0,0,0,0,0,0,0,0,0,0,0,0,0,0,0,0,0,0,0,0,0,0,0,0,0,0,0,0,0,0,0,0,0,0,38,14,7,45,65476,0,300,0,0,8,21553,0.0,-107605600.0,0.0,0.0,0.0,0.0,0.0,0.0,0.0,0.0,0.0,0.0,0.0,0.0,0.0,0.0,0.0,0.0,0.0,0.0,0.0,0.0,0.0,0.0,-2.004,2.004,0.0,0.0,0.0,0.0,5042.0,1.040665504650976e+34,0.0,0.0,0.0,0.0,-107615304.0,0.0,0.0,0.0,0.0,53,-0.0,-0.0,0.0,0.0,0.0,0.0,0.0,0.0,0.0,0,0,0,0.0,0.0,0.0,0.0,0.0,0.0,0.0,0.0,0.0,0.0,0.0,0.0,0.0,0.0,0.0,0.0,0,-107875648.0,53,0.0,106,-107614832.0,2.7006707062415038e+23,ERR,ERR,ERR,ERR,ERR,ERR,ERR,ERR,ERR,ERR,ERR,ERR,ERR,ERR,ERR,ERR,ERR,ERR,ERR,ERR,ERR,ERR,ERR,ERR,ERR,ERR,ERR,ERR,ERR,ERR,ERR,ERR,ERR,ERR,ERR,ERR,ERR,ERR,ERR,ERR,ERR,ERR,ERR,ERR,ERR,ERR,ERR,ERR,ERR,ERR,ERR,ERR,ERR,ERR,ERR,ERR,ERR,ERR,ERR,ERR,ERR,ERR,ERR,ERR,ERR,ERR,ERR,50.0,60.0,100,0.0,0.0,0.0,0.0,0.0,0.0,0.0,0.0,0.0,0.0,0.0,0.0,0.0,0.0,0.0,0.0,62.0,78,11,65508,50,65476,0,300,0,0,8,20529,65476,0,0,26214,60.0,0.0,0.0,0.0,0.0,0.0
2026-05-17T16:44:58,ERR,ERR,ERR,ERR,ERR,ERR,ERR,ERR,ERR,ERR,ERR,ERR,ERR,ERR,ERR,ERR,ERR,ERR,ERR,ERR,ERR,ERR,ERR,ERR,ERR,ERR,ERR,ERR,ERR,ERR,ERR,ERR,ERR,ERR,ERR,ERR,ERR,ERR,ERR,ERR,ERR,ERR,ERR,ERR,ERR,ERR,ERR,ERR,ERR,ERR,ERR,ERR,ERR,ERR,ERR,ERR,ERR,ERR,ERR,ERR,ERR,ERR,ERR,ERR,ERR,ERR,ERR,ERR,ERR,ERR,ERR,ERR,ERR,ERR,ERR,ERR,ERR,ERR,ERR,ERR,ERR,ERR,ERR,ERR,ERR,ERR,ERR,ERR,ERR,ERR,ERR,ERR,ERR,ERR,ERR,ERR,ERR,ERR,ERR,ERR,ERR,ERR,ERR,ERR,ERR,ERR,ERR,ERR,ERR,ERR,ERR,ERR,ERR,ERR,ERR,ERR,ERR,ERR,ERR,ERR,ERR,ERR,ERR,ERR,ERR,0.0,0.0,-134474944.0,0.0,0.0,1.3936040501711995e+18,7.805,0.0,0,0,4,0,8422,0.0,45,0.0,0.0,0.0,0.0,0.0,0,0,0,0,0.0,0,0,0,0,0,0,0,0,0,0,0,0,0,0,0,0,0,0,0,0,0,0,0,0,0,0,0,0,0,0,0,0,0,38,14,7,45,65476,0,300,0,0,8,21553,0.0,-107605600.0,0.0,0.0,0.0,0.0,0.0,0.0,0.0,0.0,0.0,0.0,0.0,0.0,0.0,0.0,0.0,0.0,0.0,0.0,0.0,0.0,0.0,0.0,-2.004,2.004,0.0,0.0,0.0,0.0,5046.0,1.040665504650976e+34,0.0,0.0,0.0,0.0,-107615304.0,0.0,0.0,0.0,0.0,53,-0.0,-71.629,0.0,0.0,0.0,0.0,0.0,0.0,0.0,0,0,0,0.0,0.0,0.0,0.0,0.0,0.0,0.0,0.0,0.0,0.0,0.0,0.0,0.0,0.0,0.0,0.0,0,-107875648.0,53,0.0,106,-107614832.0,2.7006707062415038e+23,ERR,ERR,ERR,ERR,ERR,ERR,ERR,ERR,ERR,ERR,ERR,ERR,ERR,ERR,ERR,ERR,ERR,ERR,ERR,ERR,ERR,ERR,ERR,ERR,ERR,ERR,ERR,ERR,ERR,ERR,ERR,ERR,ERR,ERR,ERR,ERR,ERR,ERR,ERR,ERR,ERR,ERR,ERR,ERR,ERR,ERR,ERR,ERR,ERR,ERR,ERR,ERR,ERR,ERR,ERR,ERR,ERR,ERR,ERR,ERR,ERR,ERR,ERR,ERR,ERR,ERR,ERR,50.0,60.0,100,0.0,0.0,0.0,0.0,0.0,0.0,0.0,0.0,0.0,0.0,0.0,0.0,0.0,0.0,0.0,0.0,62.0,78,11,65508,50,65476,0,300,0,0,8,20529,65476,0,0,26214,60.0,0.0,0.0,0.0,0.0,0.0
2026-05-17T16:44:59,ERR,ERR,ERR,ERR,ERR,ERR,ERR,ERR,ERR,ERR,ERR,ERR,ERR,ERR,ERR,ERR,ERR,ERR,ERR,ERR,ERR,ERR,ERR,ERR,ERR,ERR,ERR,ERR,ERR,ERR,ERR,ERR,ERR,ERR,ERR,ERR,ERR,ERR,ERR,ERR,ERR,ERR,ERR,ERR,ERR,ERR,ERR,ERR,ERR,ERR,ERR,ERR,ERR,ERR,ERR,ERR,ERR,ERR,ERR,ERR,ERR,ERR,ERR,ERR,ERR,ERR,ERR,ERR,ERR,ERR,ERR,ERR,ERR,ERR,ERR,ERR,ERR,ERR,ERR,ERR,ERR,ERR,ERR,ERR,ERR,ERR,ERR,ERR,ERR,ERR,ERR,ERR,ERR,ERR,ERR,ERR,ERR,ERR,ERR,ERR,ERR,ERR,ERR,ERR,ERR,ERR,ERR,ERR,ERR,ERR,ERR,ERR,ERR,ERR,ERR,ERR,ERR,ERR,ERR,ERR,ERR,ERR,ERR,ERR,ERR,0.0,0.0,-134474944.0,0.0,0.0,1.3936040501711995e+18,7.805,0.0,0,0,4,0,8422,0.0,45,0.0,0.0,0.0,0.0,0.0,0,0,0,0,0.0,0,0,0,0,0,0,0,0,0,0,0,0,0,0,0,0,0,0,0,0,0,0,0,0,0,0,0,0,0,0,0,0,0,38,14,7,45,65476,0,300,0,0,8,21553,0.0,-107605600.0,0.0,0.0,0.0,0.0,0.0,0.0,0.0,0.0,0.0,0.0,0.0,0.0,0.0,0.0,0.0,0.0,0.0,0.0,0.0,0.0,0.0,0.0,-2.004,2.004,0.0,0.0,0.0,0.0,5046.0,1.040665504650976e+34,0.0,0.0,0.0,0.0,-107615304.0,0.0,0.0,0.0,0.0,53,-0.0,-71.629,0.0,0.0,0.0,0.0,0.0,0.0,0.0,0,0,0,0.0,0.0,0.0,0.0,0.0,0.0,0.0,0.0,0.0,0.0,0.0,0.0,0.0,0.0,0.0,0.0,0,-107875648.0,53,0.0,106,-107614832.0,2.7006707062415038e+23,ERR,ERR,ERR,ERR,ERR,ERR,ERR,ERR,ERR,ERR,ERR,ERR,ERR,ERR,ERR,ERR,ERR,ERR,ERR,ERR,ERR,ERR,ERR,ERR,ERR,ERR,ERR,ERR,ERR,ERR,ERR,ERR,ERR,ERR,ERR,ERR,ERR,ERR,ERR,ERR,ERR,ERR,ERR,ERR,ERR,ERR,ERR,ERR,ERR,ERR,ERR,ERR,ERR,ERR,ERR,ERR,ERR,ERR,ERR,ERR,ERR,ERR,ERR,ERR,ERR,ERR,ERR,50.0,60.0,100,0.0,0.0,0.0,0.0,0.0,0.0,0.0,0.0,0.0,0.0,0.0,0.0,0.0,0.0,0.0,0.0,61.6,78,11,65508,50,65476,0,300,0,0,8,20529,65476,0,0,26214,60.0,0.0,0.0,0.0,0.0,0.0
2026-05-17T16:45:00,ERR,ERR,ERR,ERR,ERR,ERR,ERR,ERR,ERR,ERR,ERR,ERR,ERR,ERR,ERR,ERR,ERR,ERR,ERR,ERR,ERR,ERR,ERR,ERR,ERR,ERR,ERR,ERR,ERR,ERR,ERR,ERR,ERR,ERR,ERR,ERR,ERR,ERR,ERR,ERR,ERR,ERR,ERR,ERR,ERR,ERR,ERR,ERR,ERR,ERR,ERR,ERR,ERR,ERR,ERR,ERR,ERR,ERR,ERR,ERR,ERR,ERR,ERR,ERR,ERR,ERR,ERR,ERR,ERR,ERR,ERR,ERR,ERR,ERR,ERR,ERR,ERR,ERR,ERR,ERR,ERR,ERR,ERR,ERR,ERR,ERR,ERR,ERR,ERR,ERR,ERR,ERR,ERR,ERR,ERR,ERR,ERR,ERR,ERR,ERR,ERR,ERR,ERR,ERR,ERR,ERR,ERR,ERR,ERR,ERR,ERR,ERR,ERR,ERR,ERR,ERR,ERR,ERR,ERR,ERR,ERR,ERR,ERR,ERR,ERR,0.0,0.0,-134474944.0,0.0,0.0,1.3936040501711995e+18,7.805,0.0,0,0,4,0,8422,0.0,45,0.0,0.0,0.0,0.0,0.0,0,0,0,0,0.0,0,0,0,0,0,0,0,0,0,0,0,0,0,0,0,0,0,0,0,0,0,0,0,0,0,0,0,0,0,0,0,0,0,38,14,7,45,65476,0,300,0,0,8,21553,0.0,-107605600.0,0.0,0.0,0.0,0.0,0.0,0.0,0.0,0.0,0.0,0.0,0.0,0.0,0.0,0.0,0.0,0.0,0.0,0.0,0.0,0.0,0.0,0.0,-2.004,2.004,0.0,0.0,0.0,0.0,5046.0,1.040665504650976e+34,0.0,0.0,0.0,0.0,-107615304.0,0.0,0.0,0.0,0.0,53,-0.0,-71.629,0.0,0.0,0.0,0.0,0.0,0.0,0.0,0,0,0,0.0,0.0,0.0,0.0,0.0,0.0,0.0,0.0,0.0,0.0,0.0,0.0,0.0,0.0,0.0,0.0,0,-107875648.0,53,0.0,106,-107614832.0,2.7006707062415038e+23,ERR,ERR,ERR,ERR,ERR,ERR,ERR,ERR,ERR,ERR,ERR,ERR,ERR,ERR,ERR,ERR,ERR,ERR,ERR,ERR,ERR,ERR,ERR,ERR,ERR,ERR,ERR,ERR,ERR,ERR,ERR,ERR,ERR,ERR,ERR,ERR,ERR,ERR,ERR,ERR,ERR,ERR,ERR,ERR,ERR,ERR,ERR,ERR,ERR,ERR,ERR,ERR,ERR,ERR,ERR,ERR,ERR,ERR,ERR,ERR,ERR,ERR,ERR,ERR,ERR,ERR,ERR,50.0,60.0,100,0.0,0.0,0.0,0.0,0.0,0.0,0.0,0.0,0.0,0.0,0.0,0.0,0.0,0.0,0.0,0.0,61.6,78,11,65508,50,65476,0,300,0,0,8,20529,65476,0,0,26214,60.0,0.0,0.0,0.0,0.0,0.0
2026-05-17T16:45:01,ERR,ERR,ERR,ERR,ERR,ERR,ERR,ERR,ERR,ERR,ERR,ERR,ERR,ERR,ERR,ERR,ERR,ERR,ERR,ERR,ERR,ERR,ERR,ERR,ERR,ERR,ERR,ERR,ERR,ERR,ERR,ERR,ERR,ERR,ERR,ERR,ERR,ERR,ERR,ERR,ERR,ERR,ERR,ERR,ERR,ERR,ERR,ERR,ERR,ERR,ERR,ERR,ERR,ERR,ERR,ERR,ERR,ERR,ERR,ERR,ERR,ERR,ERR,ERR,ERR,ERR,ERR,ERR,ERR,ERR,ERR,ERR,ERR,ERR,ERR,ERR,ERR,ERR,ERR,ERR,ERR,ERR,ERR,ERR,ERR,ERR,ERR,ERR,ERR,ERR,ERR,ERR,ERR,ERR,ERR,ERR,ERR,ERR,ERR,ERR,ERR,ERR,ERR,ERR,ERR,ERR,ERR,ERR,ERR,ERR,ERR,ERR,ERR,ERR,ERR,ERR,ERR,ERR,ERR,ERR,ERR,ERR,ERR,ERR,ERR,0.0,0.0,-134474944.0,0.0,0.0,1.3936040501711995e+18,7.805,0.0,0,0,4,0,8422,0.0,45,0.0,0.0,0.0,0.0,0.0,0,0,0,0,0.0,0,0,0,0,0,0,0,0,0,0,0,0,0,0,0,0,0,0,0,0,0,0,0,0,0,0,0,0,0,0,0,0,0,38,14,7,45,65476,0,300,0,0,8,21553,0.0,-107605600.0,0.0,0.0,0.0,0.0,0.0,0.0,0.0,0.0,0.0,0.0,0.0,0.0,0.0,0.0,0.0,0.0,0.0,0.0,0.0,0.0,0.0,0.0,-2.004,2.004,0.0,0.0,0.0,0.0,5046.0,1.040665504650976e+34,0.0,0.0,0.0,0.0,-107615304.0,0.0,0.0,0.0,0.0,53,-0.0,-71.629,0.0,0.0,0.0,0.0,0.0,0.0,0.0,0,0,0,0.0,0.0,0.0,0.0,0.0,0.0,0.0,0.0,0.0,0.0,0.0,0.0,0.0,0.0,0.0,0.0,0,-107875648.0,53,0.0,106,-107614832.0,2.7006707062415038e+23,ERR,ERR,ERR,ERR,ERR,ERR,ERR,ERR,ERR,ERR,ERR,ERR,ERR,ERR,ERR,ERR,ERR,ERR,ERR,ERR,ERR,ERR,ERR,ERR,ERR,ERR,ERR,ERR,ERR,ERR,ERR,ERR,ERR,ERR,ERR,ERR,ERR,ERR,ERR,ERR,ERR,ERR,ERR,ERR,ERR,ERR,ERR,ERR,ERR,ERR,ERR,ERR,ERR,ERR,ERR,ERR,ERR,ERR,ERR,ERR,ERR,ERR,ERR,ERR,ERR,ERR,ERR,50.0,60.0,100,0.0,0.0,0.0,0.0,0.0,0.0,0.0,0.0,0.0,0.0,0.0,0.0,0.0,0.0,0.0,0.0,61.6,78,11,65508,50,65476,0,300,0,0,8,20529,65476,0,0,26214,60.0,0.0,0.0,0.0,0.0,0.0
2026-05-17T16:45:02,ERR,ERR,ERR,ERR,ERR,ERR,ERR,ERR,ERR,ERR,ERR,ERR,ERR,ERR,ERR,ERR,ERR,ERR,ERR,ERR,ERR,ERR,ERR,ERR,ERR,ERR,ERR,ERR,ERR,ERR,ERR,ERR,ERR,ERR,ERR,ERR,ERR,ERR,ERR,ERR,ERR,ERR,ERR,ERR,ERR,ERR,ERR,ERR,ERR,ERR,ERR,ERR,ERR,ERR,ERR,ERR,ERR,ERR,ERR,ERR,ERR,ERR,ERR,ERR,ERR,ERR,ERR,ERR,ERR,ERR,ERR,ERR,ERR,ERR,ERR,ERR,ERR,ERR,ERR,ERR,ERR,ERR,ERR,ERR,ERR,ERR,ERR,ERR,ERR,ERR,ERR,ERR,ERR,ERR,ERR,ERR,ERR,ERR,ERR,ERR,ERR,ERR,ERR,ERR,ERR,ERR,ERR,ERR,ERR,ERR,ERR,ERR,ERR,ERR,ERR,ERR,ERR,ERR,ERR,ERR,ERR,ERR,ERR,ERR,ERR,0.0,0.0,-134474944.0,0.0,0.0,1.3936040501711995e+18,7.805,0.0,0,0,4,0,8422,0.0,45,0.0,0.0,0.0,0.0,0.0,0,0,0,0,0.0,0,0,0,0,0,0,0,0,0,0,0,0,0,0,0,0,0,0,0,0,0,0,0,0,0,0,0,0,0,0,0,0,0,38,14,7,45,65476,0,300,0,0,8,21553,0.0,-107605600.0,0.0,0.0,0.0,0.0,0.0,0.0,0.0,0.0,0.0,0.0,0.0,0.0,0.0,0.0,0.0,0.0,0.0,0.0,0.0,0.0,0.0,0.0,-2.004,2.004,0.0,0.0,0.0,0.0,5046.0,1.040665504650976e+34,0.0,0.0,0.0,0.0,-107615304.0,0.0,0.0,0.0,0.0,53,-0.0,-71.629,0.0,0.0,0.0,0.0,0.0,0.0,0.0,0,0,0,0.0,0.0,0.0,0.0,0.0,0.0,0.0,0.0,0.0,0.0,0.0,0.0,0.0,0.0,0.0,0.0,0,-107875648.0,53,0.0,106,-107614832.0,2.7006707062415038e+23,ERR,ERR,ERR,ERR,ERR,ERR,ERR,ERR,ERR,ERR,ERR,ERR,ERR,ERR,ERR,ERR,ERR,ERR,ERR,ERR,ERR,ERR,ERR,ERR,ERR,ERR,ERR,ERR,ERR,ERR,ERR,ERR,ERR,ERR,ERR,ERR,ERR,ERR,ERR,ERR,ERR,ERR,ERR,ERR,ERR,ERR,ERR,ERR,ERR,ERR,ERR,ERR,ERR,ERR,ERR,ERR,ERR,ERR,ERR,ERR,ERR,ERR,ERR,ERR,ERR,ERR,ERR,50.0,60.0,100,0.0,0.0,0.0,0.0,0.0,0.0,0.0,0.0,0.0,0.0,0.0,0.0,0.0,0.0,0.0,0.0,61.6,78,11,65508,50,65476,0,300,0,0,8,20529,65476,0,0,26214,60.0,0.0,0.0,0.0,0.0,0.0
2026-05-17T16:45:03,ERR,ERR,ERR,ERR,ERR,ERR,ERR,ERR,ERR,ERR,ERR,ERR,ERR,ERR,ERR,ERR,ERR,ERR,ERR,ERR,ERR,ERR,ERR,ERR,ERR,ERR,ERR,ERR,ERR,ERR,ERR,ERR,ERR,ERR,ERR,ERR,ERR,ERR,ERR,ERR,ERR,ERR,ERR,ERR,ERR,ERR,ERR,ERR,ERR,ERR,ERR,ERR,ERR,ERR,ERR,ERR,ERR,ERR,ERR,ERR,ERR,ERR,ERR,ERR,ERR,ERR,ERR,ERR,ERR,ERR,ERR,ERR,ERR,ERR,ERR,ERR,ERR,ERR,ERR,ERR,ERR,ERR,ERR,ERR,ERR,ERR,ERR,ERR,ERR,ERR,ERR,ERR,ERR,ERR,ERR,ERR,ERR,ERR,ERR,ERR,ERR,ERR,ERR,ERR,ERR,ERR,ERR,ERR,ERR,ERR,ERR,ERR,ERR,ERR,ERR,ERR,ERR,ERR,ERR,ERR,ERR,ERR,ERR,ERR,ERR,0.0,0.0,-134474944.0,0.0,0.0,1.3936040501711995e+18,7.805,0.0,0,0,4,0,8422,0.0,45,0.0,0.0,0.0,0.0,0.0,0,0,0,0,0.0,0,0,0,0,0,0,0,0,0,0,0,0,0,0,0,0,0,0,0,0,0,0,0,0,0,0,0,0,0,0,0,0,0,38,14,7,45,65476,0,300,0,0,8,21553,0.0,-107605600.0,0.0,0.0,0.0,0.0,0.0,0.0,0.0,0.0,0.0,0.0,0.0,0.0,0.0,0.0,0.0,0.0,0.0,0.0,0.0,0.0,0.0,0.0,-2.004,2.004,0.0,0.0,0.0,0.0,5042.0,-0.0,0.0,0.0,0.0,0.0,-107615304.0,0.0,0.0,0.0,0.0,53,4.066880103266858e+29,-152017297211392.0,0.0,0.0,0.0,0.0,0.0,0.0,0.0,0,0,0,0.0,0.0,0.0,0.0,0.0,0.0,0.0,0.0,0.0,0.0,0.0,0.0,0.0,0.0,0.0,0.0,0,-107875648.0,53,0.0,106,-107614832.0,2.7006707062415038e+23,ERR,ERR,ERR,ERR,ERR,ERR,ERR,ERR,ERR,ERR,ERR,ERR,ERR,ERR,ERR,ERR,ERR,ERR,ERR,ERR,ERR,ERR,ERR,ERR,ERR,ERR,ERR,ERR,ERR,ERR,ERR,ERR,ERR,ERR,ERR,ERR,ERR,ERR,ERR,ERR,ERR,ERR,ERR,ERR,ERR,ERR,ERR,ERR,ERR,ERR,ERR,ERR,ERR,ERR,ERR,ERR,ERR,ERR,ERR,ERR,ERR,ERR,ERR,ERR,ERR,ERR,ERR,50.0,60.0,100,0.0,0.0,0.0,0.0,0.0,0.0,0.0,0.0,0.0,0.0,0.0,0.0,0.0,0.0,0.0,0.0,61.6,78,11,65508,50,65476,0,300,0,0,8,20529,65476,0,0,26214,60.0,0.0,0.0,0.0,0.0,0.0
2026-05-17T16:45:04,ERR,ERR,ERR,ERR,ERR,ERR,ERR,ERR,ERR,ERR,ERR,ERR,ERR,ERR,ERR,ERR,ERR,ERR,ERR,ERR,ERR,ERR,ERR,ERR,ERR,ERR,ERR,ERR,ERR,ERR,ERR,ERR,ERR,ERR,ERR,ERR,ERR,ERR,ERR,ERR,ERR,ERR,ERR,ERR,ERR,ERR,ERR,ERR,ERR,ERR,ERR,ERR,ERR,ERR,ERR,ERR,ERR,ERR,ERR,ERR,ERR,ERR,ERR,ERR,ERR,ERR,ERR,ERR,ERR,ERR,ERR,ERR,ERR,ERR,ERR,ERR,ERR,ERR,ERR,ERR,ERR,ERR,ERR,ERR,ERR,ERR,ERR,ERR,ERR,ERR,ERR,ERR,ERR,ERR,ERR,ERR,ERR,ERR,ERR,ERR,ERR,ERR,ERR,ERR,ERR,ERR,ERR,ERR,ERR,ERR,ERR,ERR,ERR,ERR,ERR,ERR,ERR,ERR,ERR,ERR,ERR,ERR,ERR,ERR,ERR,0.0,0.0,-134474944.0,0.0,0.0,1.3936040501711995e+18,7.805,0.0,0,0,4,0,8422,0.0,45,0.0,0.0,0.0,0.0,0.0,0,0,0,0,0.0,0,0,0,0,0,0,0,0,0,0,0,0,0,0,0,0,0,0,0,0,0,0,0,0,0,0,0,0,0,0,0,0,0,38,14,7,45,65476,0,300,0,0,8,21553,0.0,-107605600.0,0.0,0.0,0.0,0.0,0.0,0.0,0.0,0.0,0.0,0.0,0.0,0.0,0.0,0.0,0.0,0.0,0.0,0.0,0.0,0.0,0.0,0.0,-2.004,2.004,0.0,0.0,0.0,0.0,5042.0,-0.0,0.0,0.0,0.0,0.0,-107615304.0,0.0,0.0,0.0,0.0,53,4.066880103266858e+29,-152017297211392.0,0.0,0.0,0.0,0.0,0.0,0.0,0.0,0,0,0,0.0,0.0,0.0,0.0,0.0,0.0,0.0,0.0,0.0,0.0,0.0,0.0,0.0,0.0,0.0,0.0,0,-107875648.0,53,0.0,106,-107614832.0,2.7006707062415038e+23,ERR,ERR,ERR,ERR,ERR,ERR,ERR,ERR,ERR,ERR,ERR,ERR,ERR,ERR,ERR,ERR,ERR,ERR,ERR,ERR,ERR,ERR,ERR,ERR,ERR,ERR,ERR,ERR,ERR,ERR,ERR,ERR,ERR,ERR,ERR,ERR,ERR,ERR,ERR,ERR,ERR,ERR,ERR,ERR,ERR,ERR,ERR,ERR,ERR,ERR,ERR,ERR,ERR,ERR,ERR,ERR,ERR,ERR,ERR,ERR,ERR,ERR,ERR,ERR,ERR,ERR,ERR,50.0,60.0,100,0.0,0.0,0.0,0.0,0.0,0.0,0.0,0.0,0.0,0.0,0.0,0.0,0.0,0.0,0.0,0.0,61.6,78,11,65508,50,65476,0,300,0,0,8,20529,65476,0,0,26214,60.0,0.0,0.0,0.0,0.0,0.0
2026-05-17T16:45:05,ERR,ERR,ERR,ERR,ERR,ERR,ERR,ERR,ERR,ERR,ERR,ERR,ERR,ERR,ERR,ERR,ERR,ERR,ERR,ERR,ERR,ERR,ERR,ERR,ERR,ERR,ERR,ERR,ERR,ERR,ERR,ERR,ERR,ERR,ERR,ERR,ERR,ERR,ERR,ERR,ERR,ERR,ERR,ERR,ERR,ERR,ERR,ERR,ERR,ERR,ERR,ERR,ERR,ERR,ERR,ERR,ERR,ERR,ERR,ERR,ERR,ERR,ERR,ERR,ERR,ERR,ERR,ERR,ERR,ERR,ERR,ERR,ERR,ERR,ERR,ERR,ERR,ERR,ERR,ERR,ERR,ERR,ERR,ERR,ERR,ERR,ERR,ERR,ERR,ERR,ERR,ERR,ERR,ERR,ERR,ERR,ERR,ERR,ERR,ERR,ERR,ERR,ERR,ERR,ERR,ERR,ERR,ERR,ERR,ERR,ERR,ERR,ERR,ERR,ERR,ERR,ERR,ERR,ERR,ERR,ERR,ERR,ERR,ERR,ERR,0.0,0.0,-134474944.0,0.0,0.0,1.3936040501711995e+18,7.805,0.0,0,0,4,0,8422,0.0,45,0.0,0.0,0.0,0.0,0.0,0,0,0,0,0.0,0,0,0,0,0,0,0,0,0,0,0,0,0,0,0,0,0,0,0,0,0,0,0,0,0,0,0,0,0,0,0,0,0,38,14,7,45,65476,0,300,0,0,8,21553,0.0,-107605600.0,0.0,0.0,0.0,0.0,0.0,0.0,0.0,0.0,0.0,0.0,0.0,0.0,0.0,0.0,0.0,0.0,0.0,0.0,0.0,0.0,0.0,0.0,-2.004,2.004,0.0,0.0,0.0,0.0,5042.0,-0.0,0.0,0.0,0.0,0.0,-107615304.0,0.0,0.0,0.0,0.0,53,4.066880103266858e+29,-152017297211392.0,0.0,0.0,0.0,0.0,0.0,0.0,0.0,0,0,0,0.0,0.0,0.0,0.0,0.0,0.0,0.0,0.0,0.0,0.0,0.0,0.0,0.0,0.0,0.0,0.0,0,-107875648.0,53,0.0,106,-107614832.0,2.7006707062415038e+23,ERR,ERR,ERR,ERR,ERR,ERR,ERR,ERR,ERR,ERR,ERR,ERR,ERR,ERR,ERR,ERR,ERR,ERR,ERR,ERR,ERR,ERR,ERR,ERR,ERR,ERR,ERR,ERR,ERR,ERR,ERR,ERR,ERR,ERR,ERR,ERR,ERR,ERR,ERR,ERR,ERR,ERR,ERR,ERR,ERR,ERR,ERR,ERR,ERR,ERR,ERR,ERR,ERR,ERR,ERR,ERR,ERR,ERR,ERR,ERR,ERR,ERR,ERR,ERR,ERR,ERR,ERR,50.0,60.0,100,0.0,0.0,0.0,0.0,0.0,0.0,0.0,0.0,0.0,0.0,0.0,0.0,0.0,0.0,0.0,0.0,61.6,78,11,65508,50,65476,0,300,0,0,8,20529,65476,0,0,26214,60.0,0.0,0.0,0.0,0.0,0.0
2026-05-17T16:45:06,ERR,ERR,ERR,ERR,ERR,ERR,ERR,ERR,ERR,ERR,ERR,ERR,ERR,ERR,ERR,ERR,ERR,ERR,ERR,ERR,ERR,ERR,ERR,ERR,ERR,ERR,ERR,ERR,ERR,ERR,ERR,ERR,ERR,ERR,ERR,ERR,ERR,ERR,ERR,ERR,ERR,ERR,ERR,ERR,ERR,ERR,ERR,ERR,ERR,ERR,ERR,ERR,ERR,ERR,ERR,ERR,ERR,ERR,ERR,ERR,ERR,ERR,ERR,ERR,ERR,ERR,ERR,ERR,ERR,ERR,ERR,ERR,ERR,ERR,ERR,ERR,ERR,ERR,ERR,ERR,ERR,ERR,ERR,ERR,ERR,ERR,ERR,ERR,ERR,ERR,ERR,ERR,ERR,ERR,ERR,ERR,ERR,ERR,ERR,ERR,ERR,ERR,ERR,ERR,ERR,ERR,ERR,ERR,ERR,ERR,ERR,ERR,ERR,ERR,ERR,ERR,ERR,ERR,ERR,ERR,ERR,ERR,ERR,ERR,ERR,0.0,0.0,-134474944.0,0.0,0.0,1.3936040501711995e+18,7.805,0.0,0,0,4,0,8422,0.0,45,0.0,0.0,0.0,0.0,0.0,0,0,0,0,0.0,0,0,0,0,0,0,0,0,0,0,0,0,0,0,0,0,0,0,0,0,0,0,0,0,0,0,0,0,0,0,0,0,0,38,14,7,45,65476,0,300,0,0,8,21553,0.0,-107605600.0,0.0,0.0,0.0,0.0,0.0,0.0,0.0,0.0,0.0,0.0,0.0,0.0,0.0,0.0,0.0,0.0,0.0,0.0,0.0,0.0,0.0,0.0,-2.004,2.004,0.0,0.0,0.0,0.0,5042.0,-0.0,0.0,0.0,0.0,0.0,-107615304.0,0.0,0.0,0.0,0.0,53,4.066880103266858e+29,-152017297211392.0,0.0,0.0,0.0,0.0,0.0,0.0,0.0,0,0,0,0.0,0.0,0.0,0.0,0.0,0.0,0.0,0.0,0.0,0.0,0.0,0.0,0.0,0.0,0.0,0.0,0,-107875648.0,53,0.0,106,-107614832.0,2.7006707062415038e+23,ERR,ERR,ERR,ERR,ERR,ERR,ERR,ERR,ERR,ERR,ERR,ERR,ERR,ERR,ERR,ERR,ERR,ERR,ERR,ERR,ERR,ERR,ERR,ERR,ERR,ERR,ERR,ERR,ERR,ERR,ERR,ERR,ERR,ERR,ERR,ERR,ERR,ERR,ERR,ERR,ERR,ERR,ERR,ERR,ERR,ERR,ERR,ERR,ERR,ERR,ERR,ERR,ERR,ERR,ERR,ERR,ERR,ERR,ERR,ERR,ERR,ERR,ERR,ERR,ERR,ERR,ERR,50.0,60.0,100,0.0,0.0,0.0,0.0,0.0,0.0,0.0,0.0,0.0,0.0,0.0,0.0,0.0,0.0,0.0,0.0,62.0,78,11,65508,50,65476,0,300,0,0,8,20529,65476,0,0,26214,60.0,0.0,0.0,0.0,0.0,0.0
2026-05-17T16:45:07,ERR,ERR,ERR,ERR,ERR,ERR,ERR,ERR,ERR,ERR,ERR,ERR,ERR,ERR,ERR,ERR,ERR,ERR,ERR,ERR,ERR,ERR,ERR,ERR,ERR,ERR,ERR,ERR,ERR,ERR,ERR,ERR,ERR,ERR,ERR,ERR,ERR,ERR,ERR,ERR,ERR,ERR,ERR,ERR,ERR,ERR,ERR,ERR,ERR,ERR,ERR,ERR,ERR,ERR,ERR,ERR,ERR,ERR,ERR,ERR,ERR,ERR,ERR,ERR,ERR,ERR,ERR,ERR,ERR,ERR,ERR,ERR,ERR,ERR,ERR,ERR,ERR,ERR,ERR,ERR,ERR,ERR,ERR,ERR,ERR,ERR,ERR,ERR,ERR,ERR,ERR,ERR,ERR,ERR,ERR,ERR,ERR,ERR,ERR,ERR,ERR,ERR,ERR,ERR,ERR,ERR,ERR,ERR,ERR,ERR,ERR,ERR,ERR,ERR,ERR,ERR,ERR,ERR,ERR,ERR,ERR,ERR,ERR,ERR,ERR,0.0,0.0,-134474944.0,0.0,0.0,1.3936040501711995e+18,7.805,0.0,0,0,4,0,8422,0.0,45,0.0,0.0,0.0,0.0,0.0,0,0,0,0,0.0,0,0,0,0,0,0,0,0,0,0,0,0,0,0,0,0,0,0,0,0,0,0,0,0,0,0,0,0,0,0,0,0,0,38,14,7,45,65476,0,300,0,0,8,21553,0.0,-107605600.0,0.0,0.0,0.0,0.0,0.0,0.0,0.0,0.0,0.0,0.0,0.0,0.0,0.0,0.0,0.0,0.0,0.0,0.0,0.0,0.0,0.0,0.0,-2.004,2.004,0.0,0.0,0.0,0.0,5042.0,-0.0,0.0,0.0,0.0,0.0,-107615304.0,0.0,0.0,0.0,0.0,53,4.066880103266858e+29,-152017297211392.0,0.0,0.0,0.0,0.0,0.0,0.0,0.0,0,0,0,0.0,0.0,0.0,0.0,0.0,0.0,0.0,0.0,0.0,0.0,0.0,0.0,0.0,0.0,0.0,0.0,0,-107875648.0,53,0.0,106,-107614832.0,2.7006707062415038e+23,ERR,ERR,ERR,ERR,ERR,ERR,ERR,ERR,ERR,ERR,ERR,ERR,ERR,ERR,ERR,ERR,ERR,ERR,ERR,ERR,ERR,ERR,ERR,ERR,ERR,ERR,ERR,ERR,ERR,ERR,ERR,ERR,ERR,ERR,ERR,ERR,ERR,ERR,ERR,ERR,ERR,ERR,ERR,ERR,ERR,ERR,ERR,ERR,ERR,ERR,ERR,ERR,ERR,ERR,ERR,ERR,ERR,ERR,ERR,ERR,ERR,ERR,ERR,ERR,ERR,ERR,ERR,50.0,60.0,100,0.0,0.0,0.0,0.0,0.0,0.0,0.0,0.0,0.0,0.0,0.0,0.0,0.0,0.0,0.0,0.0,61.6,78,11,65508,50,65476,0,300,0,0,8,20529,65476,0,0,26214,60.0,0.0,0.0,0.0,0.0,0.0
2026-05-17T16:45:08,ERR,ERR,ERR,ERR,ERR,ERR,ERR,ERR,ERR,ERR,ERR,ERR,ERR,ERR,ERR,ERR,ERR,ERR,ERR,ERR,ERR,ERR,ERR,ERR,ERR,ERR,ERR,ERR,ERR,ERR,ERR,ERR,ERR,ERR,ERR,ERR,ERR,ERR,ERR,ERR,ERR,ERR,ERR,ERR,ERR,ERR,ERR,ERR,ERR,ERR,ERR,ERR,ERR,ERR,ERR,ERR,ERR,ERR,ERR,ERR,ERR,ERR,ERR,ERR,ERR,ERR,ERR,ERR,ERR,ERR,ERR,ERR,ERR,ERR,ERR,ERR,ERR,ERR,ERR,ERR,ERR,ERR,ERR,ERR,ERR,ERR,ERR,ERR,ERR,ERR,ERR,ERR,ERR,ERR,ERR,ERR,ERR,ERR,ERR,ERR,ERR,ERR,ERR,ERR,ERR,ERR,ERR,ERR,ERR,ERR,ERR,ERR,ERR,ERR,ERR,ERR,ERR,ERR,ERR,ERR,ERR,ERR,ERR,ERR,ERR,0.0,0.0,-134474944.0,0.0,0.0,1.3936040501711995e+18,7.805,0.0,0,0,4,0,8422,0.0,45,0.0,0.0,0.0,0.0,0.0,0,0,0,0,0.0,0,0,0,0,0,0,0,0,0,0,0,0,0,0,0,0,0,0,0,0,0,0,0,0,0,0,0,0,0,0,0,0,0,38,14,7,45,65476,0,300,0,0,8,21553,0.0,-107605600.0,0.0,0.0,0.0,0.0,0.0,0.0,0.0,0.0,0.0,0.0,0.0,0.0,0.0,0.0,0.0,0.0,0.0,0.0,0.0,0.0,0.0,0.0,-2.004,2.004,0.0,0.0,0.0,0.0,5039.0,-0.0,0.0,0.0,0.0,0.0,-107615304.0,0.0,0.0,0.0,0.0,53,4.950428597886765e+32,-0.0,0.0,0.0,0.0,0.0,0.0,0.0,0.0,0,0,0,0.0,0.0,0.0,0.0,0.0,0.0,0.0,0.0,0.0,0.0,0.0,0.0,0.0,0.0,0.0,0.0,0,-107875648.0,53,0.0,106,-107614832.0,2.7006707062415038e+23,ERR,ERR,ERR,ERR,ERR,ERR,ERR,ERR,ERR,ERR,ERR,ERR,ERR,ERR,ERR,ERR,ERR,ERR,ERR,ERR,ERR,ERR,ERR,ERR,ERR,ERR,ERR,ERR,ERR,ERR,ERR,ERR,ERR,ERR,ERR,ERR,ERR,ERR,ERR,ERR,ERR,ERR,ERR,ERR,ERR,ERR,ERR,ERR,ERR,ERR,ERR,ERR,ERR,ERR,ERR,ERR,ERR,ERR,ERR,ERR,ERR,ERR,ERR,ERR,ERR,ERR,ERR,50.0,60.0,100,0.0,0.0,0.0,0.0,0.0,0.0,0.0,0.0,0.0,0.0,0.0,0.0,0.0,0.0,0.0,0.0,61.6,78,11,65508,50,65476,0,300,0,0,8,20529,65476,0,0,26214,60.0,0.0,0.0,0.0,0.0,0.0
2026-05-17T16:45:09,ERR,ERR,ERR,ERR,ERR,ERR,ERR,ERR,ERR,ERR,ERR,ERR,ERR,ERR,ERR,ERR,ERR,ERR,ERR,ERR,ERR,ERR,ERR,ERR,ERR,ERR,ERR,ERR,ERR,ERR,ERR,ERR,ERR,ERR,ERR,ERR,ERR,ERR,ERR,ERR,ERR,ERR,ERR,ERR,ERR,ERR,ERR,ERR,ERR,ERR,ERR,ERR,ERR,ERR,ERR,ERR,ERR,ERR,ERR,ERR,ERR,ERR,ERR,ERR,ERR,ERR,ERR,ERR,ERR,ERR,ERR,ERR,ERR,ERR,ERR,ERR,ERR,ERR,ERR,ERR,ERR,ERR,ERR,ERR,ERR,ERR,ERR,ERR,ERR,ERR,ERR,ERR,ERR,ERR,ERR,ERR,ERR,ERR,ERR,ERR,ERR,ERR,ERR,ERR,ERR,ERR,ERR,ERR,ERR,ERR,ERR,ERR,ERR,ERR,ERR,ERR,ERR,ERR,ERR,ERR,ERR,ERR,ERR,ERR,ERR,0.0,0.0,-134474944.0,0.0,0.0,1.3936040501711995e+18,7.805,0.0,0,0,4,0,8422,0.0,45,0.0,0.0,0.0,0.0,0.0,0,0,0,0,0.0,0,0,0,0,0,0,0,0,0,0,0,0,0,0,0,0,0,0,0,0,0,0,0,0,0,0,0,0,0,0,0,0,0,38,14,7,45,65476,0,300,0,0,8,21553,0.0,-107605600.0,0.0,0.0,0.0,0.0,0.0,0.0,0.0,0.0,0.0,0.0,0.0,0.0,0.0,0.0,0.0,0.0,0.0,0.0,0.0,0.0,0.0,0.0,-2.004,2.004,0.0,0.0,0.0,0.0,5039.0,-0.0,0.0,0.0,0.0,0.0,-107615304.0,0.0,0.0,0.0,0.0,53,4.950428597886765e+32,-0.0,0.0,0.0,0.0,0.0,0.0,0.0,0.0,0,0,0,0.0,0.0,0.0,0.0,0.0,0.0,0.0,0.0,0.0,0.0,0.0,0.0,0.0,0.0,0.0,0.0,0,-107875648.0,53,0.0,106,-107614832.0,2.7006707062415038e+23,ERR,ERR,ERR,ERR,ERR,ERR,ERR,ERR,ERR,ERR,ERR,ERR,ERR,ERR,ERR,ERR,ERR,ERR,ERR,ERR,ERR,ERR,ERR,ERR,ERR,ERR,ERR,ERR,ERR,ERR,ERR,ERR,ERR,ERR,ERR,ERR,ERR,ERR,ERR,ERR,ERR,ERR,ERR,ERR,ERR,ERR,ERR,ERR,ERR,ERR,ERR,ERR,ERR,ERR,ERR,ERR,ERR,ERR,ERR,ERR,ERR,ERR,ERR,ERR,ERR,ERR,ERR,50.0,60.0,100,0.0,0.0,0.0,0.0,0.0,0.0,0.0,0.0,0.0,0.0,0.0,0.0,0.0,0.0,0.0,0.0,61.6,78,11,65508,50,65476,0,300,0,0,8,20529,65476,0,0,26214,60.0,0.0,0.0,0.0,0.0,0.0
2026-05-17T16:45:10,ERR,ERR,ERR,ERR,ERR,ERR,ERR,ERR,ERR,ERR,ERR,ERR,ERR,ERR,ERR,ERR,ERR,ERR,ERR,ERR,ERR,ERR,ERR,ERR,ERR,ERR,ERR,ERR,ERR,ERR,ERR,ERR,ERR,ERR,ERR,ERR,ERR,ERR,ERR,ERR,ERR,ERR,ERR,ERR,ERR,ERR,ERR,ERR,ERR,ERR,ERR,ERR,ERR,ERR,ERR,ERR,ERR,ERR,ERR,ERR,ERR,ERR,ERR,ERR,ERR,ERR,ERR,ERR,ERR,ERR,ERR,ERR,ERR,ERR,ERR,ERR,ERR,ERR,ERR,ERR,ERR,ERR,ERR,ERR,ERR,ERR,ERR,ERR,ERR,ERR,ERR,ERR,ERR,ERR,ERR,ERR,ERR,ERR,ERR,ERR,ERR,ERR,ERR,ERR,ERR,ERR,ERR,ERR,ERR,ERR,ERR,ERR,ERR,ERR,ERR,ERR,ERR,ERR,ERR,ERR,ERR,ERR,ERR,ERR,ERR,0.0,0.0,-134474944.0,0.0,0.0,1.3936040501711995e+18,7.805,0.0,0,0,4,0,8422,0.0,45,0.0,0.0,0.0,0.0,0.0,0,0,0,0,0.0,0,0,0,0,0,0,0,0,0,0,0,0,0,0,0,0,0,0,0,0,0,0,0,0,0,0,0,0,0,0,0,0,0,38,14,7,45,65476,0,300,0,0,8,21553,0.0,-107605600.0,0.0,0.0,0.0,0.0,0.0,0.0,0.0,0.0,0.0,0.0,0.0,0.0,0.0,0.0,0.0,0.0,0.0,0.0,0.0,0.0,0.0,0.0,-2.004,2.004,0.0,0.0,0.0,0.0,5039.0,-0.0,0.0,0.0,0.0,0.0,-107615304.0,0.0,0.0,0.0,0.0,53,4.950428597886765e+32,-0.0,0.0,0.0,0.0,0.0,0.0,0.0,0.0,0,0,0,0.0,0.0,0.0,0.0,0.0,0.0,0.0,0.0,0.0,0.0,0.0,0.0,0.0,0.0,0.0,0.0,0,-107875648.0,53,0.0,106,-107614832.0,2.7006707062415038e+23,ERR,ERR,ERR,ERR,ERR,ERR,ERR,ERR,ERR,ERR,ERR,ERR,ERR,ERR,ERR,ERR,ERR,ERR,ERR,ERR,ERR,ERR,ERR,ERR,ERR,ERR,ERR,ERR,ERR,ERR,ERR,ERR,ERR,ERR,ERR,ERR,ERR,ERR,ERR,ERR,ERR,ERR,ERR,ERR,ERR,ERR,ERR,ERR,ERR,ERR,ERR,ERR,ERR,ERR,ERR,ERR,ERR,ERR,ERR,ERR,ERR,ERR,ERR,ERR,ERR,ERR,ERR,50.0,60.0,100,0.0,0.0,0.0,0.0,0.0,0.0,0.0,0.0,0.0,0.0,0.0,0.0,0.0,0.0,0.0,0.0,61.6,78,11,65508,50,65476,0,300,0,0,8,20529,65476,0,0,26214,60.0,0.0,0.0,0.0,0.0,0.0
2026-05-17T16:45:11,ERR,ERR,ERR,ERR,ERR,ERR,ERR,ERR,ERR,ERR,ERR,ERR,ERR,ERR,ERR,ERR,ERR,ERR,ERR,ERR,ERR,ERR,ERR,ERR,ERR,ERR,ERR,ERR,ERR,ERR,ERR,ERR,ERR,ERR,ERR,ERR,ERR,ERR,ERR,ERR,ERR,ERR,ERR,ERR,ERR,ERR,ERR,ERR,ERR,ERR,ERR,ERR,ERR,ERR,ERR,ERR,ERR,ERR,ERR,ERR,ERR,ERR,ERR,ERR,ERR,ERR,ERR,ERR,ERR,ERR,ERR,ERR,ERR,ERR,ERR,ERR,ERR,ERR,ERR,ERR,ERR,ERR,ERR,ERR,ERR,ERR,ERR,ERR,ERR,ERR,ERR,ERR,ERR,ERR,ERR,ERR,ERR,ERR,ERR,ERR,ERR,ERR,ERR,ERR,ERR,ERR,ERR,ERR,ERR,ERR,ERR,ERR,ERR,ERR,ERR,ERR,ERR,ERR,ERR,ERR,ERR,ERR,ERR,ERR,ERR,0.0,0.0,-134474944.0,0.0,0.0,1.3936040501711995e+18,7.805,0.0,0,0,4,0,8422,0.0,45,0.0,0.0,0.0,0.0,0.0,0,0,0,0,0.0,0,0,0,0,0,0,0,0,0,0,0,0,0,0,0,0,0,0,0,0,0,0,0,0,0,0,0,0,0,0,0,0,0,38,14,7,45,65476,0,300,0,0,8,21553,0.0,-107605600.0,0.0,0.0,0.0,0.0,0.0,0.0,0.0,0.0,0.0,0.0,0.0,0.0,0.0,0.0,0.0,0.0,0.0,0.0,0.0,0.0,0.0,0.0,-2.004,2.004,0.0,0.0,0.0,0.0,5039.0,-0.0,0.0,0.0,0.0,0.0,-107615304.0,0.0,0.0,0.0,0.0,53,4.950428597886765e+32,-0.0,0.0,0.0,0.0,0.0,0.0,0.0,0.0,0,0,0,0.0,0.0,0.0,0.0,0.0,0.0,0.0,0.0,0.0,0.0,0.0,0.0,0.0,0.0,0.0,0.0,0,-107875648.0,53,0.0,106,-107614832.0,2.7006707062415038e+23,ERR,ERR,ERR,ERR,ERR,ERR,ERR,ERR,ERR,ERR,ERR,ERR,ERR,ERR,ERR,ERR,ERR,ERR,ERR,ERR,ERR,ERR,ERR,ERR,ERR,ERR,ERR,ERR,ERR,ERR,ERR,ERR,ERR,ERR,ERR,ERR,ERR,ERR,ERR,ERR,ERR,ERR,ERR,ERR,ERR,ERR,ERR,ERR,ERR,ERR,ERR,ERR,ERR,ERR,ERR,ERR,ERR,ERR,ERR,ERR,ERR,ERR,ERR,ERR,ERR,ERR,ERR,50.0,60.0,100,0.0,0.0,0.0,0.0,0.0,0.0,0.0,0.0,0.0,0.0,0.0,0.0,0.0,0.0,0.0,0.0,61.6,78,11,65508,50,65476,0,300,0,0,8,20529,65476,0,0,26214,60.0,0.0,0.0,0.0,0.0,0.0
2026-05-17T16:45:12,ERR,ERR,ERR,ERR,ERR,ERR,ERR,ERR,ERR,ERR,ERR,ERR,ERR,ERR,ERR,ERR,ERR,ERR,ERR,ERR,ERR,ERR,ERR,ERR,ERR,ERR,ERR,ERR,ERR,ERR,ERR,ERR,ERR,ERR,ERR,ERR,ERR,ERR,ERR,ERR,ERR,ERR,ERR,ERR,ERR,ERR,ERR,ERR,ERR,ERR,ERR,ERR,ERR,ERR,ERR,ERR,ERR,ERR,ERR,ERR,ERR,ERR,ERR,ERR,ERR,ERR,ERR,ERR,ERR,ERR,ERR,ERR,ERR,ERR,ERR,ERR,ERR,ERR,ERR,ERR,ERR,ERR,ERR,ERR,ERR,ERR,ERR,ERR,ERR,ERR,ERR,ERR,ERR,ERR,ERR,ERR,ERR,ERR,ERR,ERR,ERR,ERR,ERR,ERR,ERR,ERR,ERR,ERR,ERR,ERR,ERR,ERR,ERR,ERR,ERR,ERR,ERR,ERR,ERR,ERR,ERR,ERR,ERR,ERR,ERR,0.0,0.0,-134474944.0,0.0,0.0,1.3936040501711995e+18,7.805,0.0,0,0,4,0,8422,0.0,45,0.0,0.0,0.0,0.0,0.0,0,0,0,0,0.0,0,0,0,0,0,0,0,0,0,0,0,0,0,0,0,0,0,0,0,0,0,0,0,0,0,0,0,0,0,0,0,0,0,38,14,7,45,65476,0,300,0,0,8,21553,0.0,-107605600.0,0.0,0.0,0.0,0.0,0.0,0.0,0.0,0.0,0.0,0.0,0.0,0.0,0.0,0.0,0.0,0.0,0.0,0.0,0.0,0.0,0.0,0.0,-2.004,2.004,0.0,0.0,0.0,0.0,5039.0,-0.0,0.0,0.0,0.0,0.0,-107615304.0,0.0,0.0,0.0,0.0,53,4.950428597886765e+32,-0.0,0.0,0.0,0.0,0.0,0.0,0.0,0.0,0,0,0,0.0,0.0,0.0,0.0,0.0,0.0,0.0,0.0,0.0,0.0,0.0,0.0,0.0,0.0,0.0,0.0,0,-107875648.0,53,0.0,106,-107614832.0,2.7006707062415038e+23,ERR,ERR,ERR,ERR,ERR,ERR,ERR,ERR,ERR,ERR,ERR,ERR,ERR,ERR,ERR,ERR,ERR,ERR,ERR,ERR,ERR,ERR,ERR,ERR,ERR,ERR,ERR,ERR,ERR,ERR,ERR,ERR,ERR,ERR,ERR,ERR,ERR,ERR,ERR,ERR,ERR,ERR,ERR,ERR,ERR,ERR,ERR,ERR,ERR,ERR,ERR,ERR,ERR,ERR,ERR,ERR,ERR,ERR,ERR,ERR,ERR,ERR,ERR,ERR,ERR,ERR,ERR,50.0,60.0,100,0.0,0.0,0.0,0.0,0.0,0.0,0.0,0.0,0.0,0.0,0.0,0.0,0.0,0.0,0.0,0.0,61.6,78,11,65508,50,65476,0,300,0,0,8,20529,65476,0,0,26214,60.0,0.0,0.0,0.0,0.0,0.0
2026-05-17T16:45:13,ERR,ERR,ERR,ERR,ERR,ERR,ERR,ERR,ERR,ERR,ERR,ERR,ERR,ERR,ERR,ERR,ERR,ERR,ERR,ERR,ERR,ERR,ERR,ERR,ERR,ERR,ERR,ERR,ERR,ERR,ERR,ERR,ERR,ERR,ERR,ERR,ERR,ERR,ERR,ERR,ERR,ERR,ERR,ERR,ERR,ERR,ERR,ERR,ERR,ERR,ERR,ERR,ERR,ERR,ERR,ERR,ERR,ERR,ERR,ERR,ERR,ERR,ERR,ERR,ERR,ERR,ERR,ERR,ERR,ERR,ERR,ERR,ERR,ERR,ERR,ERR,ERR,ERR,ERR,ERR,ERR,ERR,ERR,ERR,ERR,ERR,ERR,ERR,ERR,ERR,ERR,ERR,ERR,ERR,ERR,ERR,ERR,ERR,ERR,ERR,ERR,ERR,ERR,ERR,ERR,ERR,ERR,ERR,ERR,ERR,ERR,ERR,ERR,ERR,ERR,ERR,ERR,ERR,ERR,ERR,ERR,ERR,ERR,ERR,ERR,0.0,0.0,-134474944.0,0.0,0.0,1.3936040501711995e+18,7.805,0.0,0,0,4,0,8422,0.0,45,0.0,0.0,0.0,0.0,0.0,0,0,0,0,0.0,0,0,0,0,0,0,0,0,0,0,0,0,0,0,0,0,0,0,0,0,0,0,0,0,0,0,0,0,0,0,0,0,0,38,14,7,45,65476,0,300,0,0,8,21553,0.0,-107605600.0,0.0,0.0,0.0,0.0,0.0,0.0,0.0,0.0,0.0,0.0,0.0,0.0,0.0,0.0,0.0,0.0,0.0,0.0,0.0,0.0,0.0,0.0,-2.004,2.004,0.0,0.0,0.0,0.0,5045.0,131350.453,0.0,0.0,0.0,0.0,-107615304.0,0.0,0.0,0.0,0.0,53,4.950428597886765e+32,0.059,0.0,0.0,0.0,0.0,0.0,0.0,0.0,0,0,0,0.0,0.0,0.0,0.0,0.0,0.0,0.0,0.0,0.0,0.0,0.0,0.0,0.0,0.0,0.0,0.0,0,-107875648.0,53,0.0,106,-107614832.0,2.7006707062415038e+23,ERR,ERR,ERR,ERR,ERR,ERR,ERR,ERR,ERR,ERR,ERR,ERR,ERR,ERR,ERR,ERR,ERR,ERR,ERR,ERR,ERR,ERR,ERR,ERR,ERR,ERR,ERR,ERR,ERR,ERR,ERR,ERR,ERR,ERR,ERR,ERR,ERR,ERR,ERR,ERR,ERR,ERR,ERR,ERR,ERR,ERR,ERR,ERR,ERR,ERR,ERR,ERR,ERR,ERR,ERR,ERR,ERR,ERR,ERR,ERR,ERR,ERR,ERR,ERR,ERR,ERR,ERR,50.0,60.0,100,0.0,0.0,0.0,0.0,0.0,0.0,0.0,0.0,0.0,0.0,0.0,0.0,0.0,0.0,0.0,0.0,61.6,78,11,65508,50,65476,0,300,0,0,8,20529,65476,0,0,26214,60.0,0.0,0.0,0.0,0.0,0.0
2026-05-17T16:45:14,ERR,ERR,ERR,ERR,ERR,ERR,ERR,ERR,ERR,ERR,ERR,ERR,ERR,ERR,ERR,ERR,ERR,ERR,ERR,ERR,ERR,ERR,ERR,ERR,ERR,ERR,ERR,ERR,ERR,ERR,ERR,ERR,ERR,ERR,ERR,ERR,ERR,ERR,ERR,ERR,ERR,ERR,ERR,ERR,ERR,ERR,ERR,ERR,ERR,ERR,ERR,ERR,ERR,ERR,ERR,ERR,ERR,ERR,ERR,ERR,ERR,ERR,ERR,ERR,ERR,ERR,ERR,ERR,ERR,ERR,ERR,ERR,ERR,ERR,ERR,ERR,ERR,ERR,ERR,ERR,ERR,ERR,ERR,ERR,ERR,ERR,ERR,ERR,ERR,ERR,ERR,ERR,ERR,ERR,ERR,ERR,ERR,ERR,ERR,ERR,ERR,ERR,ERR,ERR,ERR,ERR,ERR,ERR,ERR,ERR,ERR,ERR,ERR,ERR,ERR,ERR,ERR,ERR,ERR,ERR,ERR,ERR,ERR,ERR,ERR,0.0,0.0,-134474944.0,0.0,0.0,1.3936040501711995e+18,7.805,0.0,0,0,4,0,8422,0.0,45,0.0,0.0,0.0,0.0,0.0,0,0,0,0,0.0,0,0,0,0,0,0,0,0,0,0,0,0,0,0,0,0,0,0,0,0,0,0,0,0,0,0,0,0,0,0,0,0,0,38,14,7,45,65476,0,300,0,0,8,21553,0.0,-107605600.0,0.0,0.0,0.0,0.0,0.0,0.0,0.0,0.0,0.0,0.0,0.0,0.0,0.0,0.0,0.0,0.0,0.0,0.0,0.0,0.0,0.0,0.0,-2.004,2.004,0.0,0.0,0.0,0.0,5045.0,131350.453,0.0,0.0,0.0,0.0,-107615304.0,0.0,0.0,0.0,0.0,53,4.950428597886765e+32,0.059,0.0,0.0,0.0,0.0,0.0,0.0,0.0,0,0,0,0.0,0.0,0.0,0.0,0.0,0.0,0.0,0.0,0.0,0.0,0.0,0.0,0.0,0.0,0.0,0.0,0,-107875648.0,53,0.0,106,-107614832.0,2.7006707062415038e+23,ERR,ERR,ERR,ERR,ERR,ERR,ERR,ERR,ERR,ERR,ERR,ERR,ERR,ERR,ERR,ERR,ERR,ERR,ERR,ERR,ERR,ERR,ERR,ERR,ERR,ERR,ERR,ERR,ERR,ERR,ERR,ERR,ERR,ERR,ERR,ERR,ERR,ERR,ERR,ERR,ERR,ERR,ERR,ERR,ERR,ERR,ERR,ERR,ERR,ERR,ERR,ERR,ERR,ERR,ERR,ERR,ERR,ERR,ERR,ERR,ERR,ERR,ERR,ERR,ERR,ERR,ERR,50.0,60.0,100,0.0,0.0,0.0,0.0,0.0,0.0,0.0,0.0,0.0,0.0,0.0,0.0,0.0,0.0,0.0,0.0,61.6,78,11,65508,50,65476,0,300,0,0,8,20529,65476,0,0,26214,60.0,0.0,0.0,0.0,0.0,0.0
2026-05-17T16:45:15,ERR,ERR,ERR,ERR,ERR,ERR,ERR,ERR,ERR,ERR,ERR,ERR,ERR,ERR,ERR,ERR,ERR,ERR,ERR,ERR,ERR,ERR,ERR,ERR,ERR,ERR,ERR,ERR,ERR,ERR,ERR,ERR,ERR,ERR,ERR,ERR,ERR,ERR,ERR,ERR,ERR,ERR,ERR,ERR,ERR,ERR,ERR,ERR,ERR,ERR,ERR,ERR,ERR,ERR,ERR,ERR,ERR,ERR,ERR,ERR,ERR,ERR,ERR,ERR,ERR,ERR,ERR,ERR,ERR,ERR,ERR,ERR,ERR,ERR,ERR,ERR,ERR,ERR,ERR,ERR,ERR,ERR,ERR,ERR,ERR,ERR,ERR,ERR,ERR,ERR,ERR,ERR,ERR,ERR,ERR,ERR,ERR,ERR,ERR,ERR,ERR,ERR,ERR,ERR,ERR,ERR,ERR,ERR,ERR,ERR,ERR,ERR,ERR,ERR,ERR,ERR,ERR,ERR,ERR,ERR,ERR,ERR,ERR,ERR,ERR,0.0,0.0,-134474944.0,0.0,0.0,1.3936040501711995e+18,7.805,0.0,0,0,4,0,8422,0.0,45,0.0,0.0,0.0,0.0,0.0,0,0,0,0,0.0,0,0,0,0,0,0,0,0,0,0,0,0,0,0,0,0,0,0,0,0,0,0,0,0,0,0,0,0,0,0,0,0,0,38,14,7,45,65476,0,300,0,0,8,21553,0.0,-107605600.0,0.0,0.0,0.0,0.0,0.0,0.0,0.0,0.0,0.0,0.0,0.0,0.0,0.0,0.0,0.0,0.0,0.0,0.0,0.0,0.0,0.0,0.0,-2.004,2.004,0.0,0.0,0.0,0.0,5045.0,131350.453,0.0,0.0,0.0,0.0,-107615304.0,0.0,0.0,0.0,0.0,53,4.950428597886765e+32,0.059,0.0,0.0,0.0,0.0,0.0,0.0,0.0,0,0,0,0.0,0.0,0.0,0.0,0.0,0.0,0.0,0.0,0.0,0.0,0.0,0.0,0.0,0.0,0.0,0.0,0,-107875648.0,53,0.0,106,-107614832.0,2.7006707062415038e+23,ERR,ERR,ERR,ERR,ERR,ERR,ERR,ERR,ERR,ERR,ERR,ERR,ERR,ERR,ERR,ERR,ERR,ERR,ERR,ERR,ERR,ERR,ERR,ERR,ERR,ERR,ERR,ERR,ERR,ERR,ERR,ERR,ERR,ERR,ERR,ERR,ERR,ERR,ERR,ERR,ERR,ERR,ERR,ERR,ERR,ERR,ERR,ERR,ERR,ERR,ERR,ERR,ERR,ERR,ERR,ERR,ERR,ERR,ERR,ERR,ERR,ERR,ERR,ERR,ERR,ERR,ERR,50.0,60.0,100,0.0,0.0,0.0,0.0,0.0,0.0,0.0,0.0,0.0,0.0,0.0,0.0,0.0,0.0,0.0,0.0,61.6,78,11,65508,50,65476,0,300,0,0,8,20529,65476,0,0,26214,60.0,0.0,0.0,0.0,0.0,0.0
2026-05-17T16:45:16,ERR,ERR,ERR,ERR,ERR,ERR,ERR,ERR,ERR,ERR,ERR,ERR,ERR,ERR,ERR,ERR,ERR,ERR,ERR,ERR,ERR,ERR,ERR,ERR,ERR,ERR,ERR,ERR,ERR,ERR,ERR,ERR,ERR,ERR,ERR,ERR,ERR,ERR,ERR,ERR,ERR,ERR,ERR,ERR,ERR,ERR,ERR,ERR,ERR,ERR,ERR,ERR,ERR,ERR,ERR,ERR,ERR,ERR,ERR,ERR,ERR,ERR,ERR,ERR,ERR,ERR,ERR,ERR,ERR,ERR,ERR,ERR,ERR,ERR,ERR,ERR,ERR,ERR,ERR,ERR,ERR,ERR,ERR,ERR,ERR,ERR,ERR,ERR,ERR,ERR,ERR,ERR,ERR,ERR,ERR,ERR,ERR,ERR,ERR,ERR,ERR,ERR,ERR,ERR,ERR,ERR,ERR,ERR,ERR,ERR,ERR,ERR,ERR,ERR,ERR,ERR,ERR,ERR,ERR,ERR,ERR,ERR,ERR,ERR,ERR,0.0,0.0,-134474944.0,0.0,0.0,1.3936040501711995e+18,7.805,0.0,0,0,4,0,8422,0.0,45,0.0,0.0,0.0,0.0,0.0,0,0,0,0,0.0,0,0,0,0,0,0,0,0,0,0,0,0,0,0,0,0,0,0,0,0,0,0,0,0,0,0,0,0,0,0,0,0,0,38,14,7,45,65476,0,300,0,0,8,21553,0.0,-107605600.0,0.0,0.0,0.0,0.0,0.0,0.0,0.0,0.0,0.0,0.0,0.0,0.0,0.0,0.0,0.0,0.0,0.0,0.0,0.0,0.0,0.0,0.0,-2.004,2.004,0.0,0.0,0.0,0.0,5045.0,131350.453,0.0,0.0,0.0,0.0,-107615304.0,0.0,0.0,0.0,0.0,53,4.950428597886765e+32,0.059,0.0,0.0,0.0,0.0,0.0,0.0,0.0,0,0,0,0.0,0.0,0.0,0.0,0.0,0.0,0.0,0.0,0.0,0.0,0.0,0.0,0.0,0.0,0.0,0.0,0,-107875648.0,53,0.0,106,-107614832.0,2.7006707062415038e+23,ERR,ERR,ERR,ERR,ERR,ERR,ERR,ERR,ERR,ERR,ERR,ERR,ERR,ERR,ERR,ERR,ERR,ERR,ERR,ERR,ERR,ERR,ERR,ERR,ERR,ERR,ERR,ERR,ERR,ERR,ERR,ERR,ERR,ERR,ERR,ERR,ERR,ERR,ERR,ERR,ERR,ERR,ERR,ERR,ERR,ERR,ERR,ERR,ERR,ERR,ERR,ERR,ERR,ERR,ERR,ERR,ERR,ERR,ERR,ERR,ERR,ERR,ERR,ERR,ERR,ERR,ERR,50.0,60.0,100,0.0,0.0,0.0,0.0,0.0,0.0,0.0,0.0,0.0,0.0,0.0,0.0,0.0,0.0,0.0,0.0,61.6,78,11,65508,50,65476,0,300,0,0,8,20529,65476,0,0,26214,60.0,0.0,0.0,0.0,0.0,0.0
2026-05-17T16:45:17,ERR,ERR,ERR,ERR,ERR,ERR,ERR,ERR,ERR,ERR,ERR,ERR,ERR,ERR,ERR,ERR,ERR,ERR,ERR,ERR,ERR,ERR,ERR,ERR,ERR,ERR,ERR,ERR,ERR,ERR,ERR,ERR,ERR,ERR,ERR,ERR,ERR,ERR,ERR,ERR,ERR,ERR,ERR,ERR,ERR,ERR,ERR,ERR,ERR,ERR,ERR,ERR,ERR,ERR,ERR,ERR,ERR,ERR,ERR,ERR,ERR,ERR,ERR,ERR,ERR,ERR,ERR,ERR,ERR,ERR,ERR,ERR,ERR,ERR,ERR,ERR,ERR,ERR,ERR,ERR,ERR,ERR,ERR,ERR,ERR,ERR,ERR,ERR,ERR,ERR,ERR,ERR,ERR,ERR,ERR,ERR,ERR,ERR,ERR,ERR,ERR,ERR,ERR,ERR,ERR,ERR,ERR,ERR,ERR,ERR,ERR,ERR,ERR,ERR,ERR,ERR,ERR,ERR,ERR,ERR,ERR,ERR,ERR,ERR,ERR,0.0,0.0,-134474944.0,0.0,0.0,1.3936040501711995e+18,7.805,0.0,0,0,4,0,8422,0.0,45,0.0,0.0,0.0,0.0,0.0,0,0,0,0,0.0,0,0,0,0,0,0,0,0,0,0,0,0,0,0,0,0,0,0,0,0,0,0,0,0,0,0,0,0,0,0,0,0,0,38,14,7,45,65476,0,300,0,0,8,21553,0.0,-107605600.0,0.0,0.0,0.0,0.0,0.0,0.0,0.0,0.0,0.0,0.0,0.0,0.0,0.0,0.0,0.0,0.0,0.0,0.0,0.0,0.0,0.0,0.0,-2.004,2.004,0.0,0.0,0.0,0.0,5045.0,131350.453,0.0,0.0,0.0,0.0,-107615304.0,0.0,0.0,0.0,0.0,53,4.950428597886765e+32,0.059,0.0,0.0,0.0,0.0,0.0,0.0,0.0,0,0,0,0.0,0.0,0.0,0.0,0.0,0.0,0.0,0.0,0.0,0.0,0.0,0.0,0.0,0.0,0.0,0.0,0,-107875648.0,53,0.0,106,-107614832.0,2.7006707062415038e+23,ERR,ERR,ERR,ERR,ERR,ERR,ERR,ERR,ERR,ERR,ERR,ERR,ERR,ERR,ERR,ERR,ERR,ERR,ERR,ERR,ERR,ERR,ERR,ERR,ERR,ERR,ERR,ERR,ERR,ERR,ERR,ERR,ERR,ERR,ERR,ERR,ERR,ERR,ERR,ERR,ERR,ERR,ERR,ERR,ERR,ERR,ERR,ERR,ERR,ERR,ERR,ERR,ERR,ERR,ERR,ERR,ERR,ERR,ERR,ERR,ERR,ERR,ERR,ERR,ERR,ERR,ERR,50.0,60.0,100,0.0,0.0,0.0,0.0,0.0,0.0,0.0,0.0,0.0,0.0,0.0,0.0,0.0,0.0,0.0,0.0,61.6,78,11,65508,50,65476,0,300,0,0,8,20529,65476,0,0,26214,60.0,0.0,0.0,0.0,0.0,0.0
2026-05-17T16:45:18,ERR,ERR,ERR,ERR,ERR,ERR,ERR,ERR,ERR,ERR,ERR,ERR,ERR,ERR,ERR,ERR,ERR,ERR,ERR,ERR,ERR,ERR,ERR,ERR,ERR,ERR,ERR,ERR,ERR,ERR,ERR,ERR,ERR,ERR,ERR,ERR,ERR,ERR,ERR,ERR,ERR,ERR,ERR,ERR,ERR,ERR,ERR,ERR,ERR,ERR,ERR,ERR,ERR,ERR,ERR,ERR,ERR,ERR,ERR,ERR,ERR,ERR,ERR,ERR,ERR,ERR,ERR,ERR,ERR,ERR,ERR,ERR,ERR,ERR,ERR,ERR,ERR,ERR,ERR,ERR,ERR,ERR,ERR,ERR,ERR,ERR,ERR,ERR,ERR,ERR,ERR,ERR,ERR,ERR,ERR,ERR,ERR,ERR,ERR,ERR,ERR,ERR,ERR,ERR,ERR,ERR,ERR,ERR,ERR,ERR,ERR,ERR,ERR,ERR,ERR,ERR,ERR,ERR,ERR,ERR,ERR,ERR,ERR,ERR,ERR,0.0,0.0,-134474944.0,0.0,0.0,1.3936040501711995e+18,7.805,0.0,0,0,4,0,8422,0.0,45,0.0,0.0,0.0,0.0,0.0,0,0,0,0,0.0,0,0,0,0,0,0,0,0,0,0,0,0,0,0,0,0,0,0,0,0,0,0,0,0,0,0,0,0,0,0,0,0,0,38,14,7,45,65476,0,300,0,0,8,21553,0.0,-107605600.0,0.0,0.0,0.0,0.0,0.0,0.0,0.0,0.0,0.0,0.0,0.0,0.0,0.0,0.0,0.0,0.0,0.0,0.0,0.0,0.0,0.0,0.0,-2.004,2.004,0.0,0.0,0.0,0.0,5013.0,-0.0,0.0,0.0,0.0,0.0,-107615304.0,0.0,0.0,0.0,0.0,53,-0.0,4.066853658014554e+29,0.0,0.0,0.0,0.0,0.0,0.0,0.0,0,0,0,0.0,0.0,0.0,0.0,0.0,0.0,0.0,0.0,0.0,0.0,0.0,0.0,0.0,0.0,0.0,0.0,0,-107875648.0,53,0.0,106,-107614832.0,2.7006707062415038e+23,ERR,ERR,ERR,ERR,ERR,ERR,ERR,ERR,ERR,ERR,ERR,ERR,ERR,ERR,ERR,ERR,ERR,ERR,ERR,ERR,ERR,ERR,ERR,ERR,ERR,ERR,ERR,ERR,ERR,ERR,ERR,ERR,ERR,ERR,ERR,ERR,ERR,ERR,ERR,ERR,ERR,ERR,ERR,ERR,ERR,ERR,ERR,ERR,ERR,ERR,ERR,ERR,ERR,ERR,ERR,ERR,ERR,ERR,ERR,ERR,ERR,ERR,ERR,ERR,ERR,ERR,ERR,50.0,60.0,100,0.0,0.0,0.0,0.0,0.0,0.0,0.0,0.0,0.0,0.0,0.0,0.0,0.0,0.0,0.0,0.0,61.6,78,11,65508,50,65476,0,300,0,0,8,20529,65476,0,0,26214,60.0,0.0,0.0,0.0,0.0,0.0
2026-05-17T16:45:19,ERR,ERR,ERR,ERR,ERR,ERR,ERR,ERR,ERR,ERR,ERR,ERR,ERR,ERR,ERR,ERR,ERR,ERR,ERR,ERR,ERR,ERR,ERR,ERR,ERR,ERR,ERR,ERR,ERR,ERR,ERR,ERR,ERR,ERR,ERR,ERR,ERR,ERR,ERR,ERR,ERR,ERR,ERR,ERR,ERR,ERR,ERR,ERR,ERR,ERR,ERR,ERR,ERR,ERR,ERR,ERR,ERR,ERR,ERR,ERR,ERR,ERR,ERR,ERR,ERR,ERR,ERR,ERR,ERR,ERR,ERR,ERR,ERR,ERR,ERR,ERR,ERR,ERR,ERR,ERR,ERR,ERR,ERR,ERR,ERR,ERR,ERR,ERR,ERR,ERR,ERR,ERR,ERR,ERR,ERR,ERR,ERR,ERR,ERR,ERR,ERR,ERR,ERR,ERR,ERR,ERR,ERR,ERR,ERR,ERR,ERR,ERR,ERR,ERR,ERR,ERR,ERR,ERR,ERR,ERR,ERR,ERR,ERR,ERR,ERR,0.0,0.0,-134474944.0,0.0,0.0,1.3936040501711995e+18,7.805,0.0,0,0,4,0,8422,0.0,45,0.0,0.0,0.0,0.0,0.0,0,0,0,0,0.0,0,0,0,0,0,0,0,0,0,0,0,0,0,0,0,0,0,0,0,0,0,0,0,0,0,0,0,0,0,0,0,0,0,38,14,7,45,65476,0,300,0,0,8,21553,0.0,-107605600.0,0.0,0.0,0.0,0.0,0.0,0.0,0.0,0.0,0.0,0.0,0.0,0.0,0.0,0.0,0.0,0.0,0.0,0.0,0.0,0.0,0.0,0.0,-2.004,2.004,0.0,0.0,0.0,0.0,5013.0,-0.0,0.0,0.0,0.0,0.0,-107615304.0,0.0,0.0,0.0,0.0,53,-0.0,4.066853658014554e+29,0.0,0.0,0.0,0.0,0.0,0.0,0.0,0,0,0,0.0,0.0,0.0,0.0,0.0,0.0,0.0,0.0,0.0,0.0,0.0,0.0,0.0,0.0,0.0,0.0,0,-107875648.0,53,0.0,106,-107614832.0,2.7006707062415038e+23,ERR,ERR,ERR,ERR,ERR,ERR,ERR,ERR,ERR,ERR,ERR,ERR,ERR,ERR,ERR,ERR,ERR,ERR,ERR,ERR,ERR,ERR,ERR,ERR,ERR,ERR,ERR,ERR,ERR,ERR,ERR,ERR,ERR,ERR,ERR,ERR,ERR,ERR,ERR,ERR,ERR,ERR,ERR,ERR,ERR,ERR,ERR,ERR,ERR,ERR,ERR,ERR,ERR,ERR,ERR,ERR,ERR,ERR,ERR,ERR,ERR,ERR,ERR,ERR,ERR,ERR,ERR,50.0,60.0,100,0.0,0.0,0.0,0.0,0.0,0.0,0.0,0.0,0.0,0.0,0.0,0.0,0.0,0.0,0.0,0.0,61.6,78,11,65508,50,65476,0,300,0,0,8,20529,65476,0,0,26214,60.0,0.0,0.0,0.0,0.0,0.0
2026-05-17T16:45:20,ERR,ERR,ERR,ERR,ERR,ERR,ERR,ERR,ERR,ERR,ERR,ERR,ERR,ERR,ERR,ERR,ERR,ERR,ERR,ERR,ERR,ERR,ERR,ERR,ERR,ERR,ERR,ERR,ERR,ERR,ERR,ERR,ERR,ERR,ERR,ERR,ERR,ERR,ERR,ERR,ERR,ERR,ERR,ERR,ERR,ERR,ERR,ERR,ERR,ERR,ERR,ERR,ERR,ERR,ERR,ERR,ERR,ERR,ERR,ERR,ERR,ERR,ERR,ERR,ERR,ERR,ERR,ERR,ERR,ERR,ERR,ERR,ERR,ERR,ERR,ERR,ERR,ERR,ERR,ERR,ERR,ERR,ERR,ERR,ERR,ERR,ERR,ERR,ERR,ERR,ERR,ERR,ERR,ERR,ERR,ERR,ERR,ERR,ERR,ERR,ERR,ERR,ERR,ERR,ERR,ERR,ERR,ERR,ERR,ERR,ERR,ERR,ERR,ERR,ERR,ERR,ERR,ERR,ERR,ERR,ERR,ERR,ERR,ERR,ERR,0.0,0.0,-134474944.0,0.0,0.0,1.3936040501711995e+18,7.805,0.0,0,0,4,0,8422,0.0,45,0.0,0.0,0.0,0.0,0.0,0,0,0,0,0.0,0,0,0,0,0,0,0,0,0,0,0,0,0,0,0,0,0,0,0,0,0,0,0,0,0,0,0,0,0,0,0,0,0,38,14,7,45,65476,0,300,0,0,8,21553,0.0,-107605600.0,0.0,0.0,0.0,0.0,0.0,0.0,0.0,0.0,0.0,0.0,0.0,0.0,0.0,0.0,0.0,0.0,0.0,0.0,0.0,0.0,0.0,0.0,-2.004,2.004,0.0,0.0,0.0,0.0,5013.0,-0.0,0.0,0.0,0.0,0.0,-107615304.0,0.0,0.0,0.0,0.0,53,-0.0,4.066853658014554e+29,0.0,0.0,0.0,0.0,0.0,0.0,0.0,0,0,0,0.0,0.0,0.0,0.0,0.0,0.0,0.0,0.0,0.0,0.0,0.0,0.0,0.0,0.0,0.0,0.0,0,-107875648.0,53,0.0,106,-107614832.0,2.7006707062415038e+23,ERR,ERR,ERR,ERR,ERR,ERR,ERR,ERR,ERR,ERR,ERR,ERR,ERR,ERR,ERR,ERR,ERR,ERR,ERR,ERR,ERR,ERR,ERR,ERR,ERR,ERR,ERR,ERR,ERR,ERR,ERR,ERR,ERR,ERR,ERR,ERR,ERR,ERR,ERR,ERR,ERR,ERR,ERR,ERR,ERR,ERR,ERR,ERR,ERR,ERR,ERR,ERR,ERR,ERR,ERR,ERR,ERR,ERR,ERR,ERR,ERR,ERR,ERR,ERR,ERR,ERR,ERR,50.0,60.0,100,0.0,0.0,0.0,0.0,0.0,0.0,0.0,0.0,0.0,0.0,0.0,0.0,0.0,0.0,0.0,0.0,61.6,78,11,65508,50,65476,0,300,0,0,8,20529,65476,0,0,26214,60.0,0.0,0.0,0.0,0.0,0.0
2026-05-17T16:45:21,ERR,ERR,ERR,ERR,ERR,ERR,ERR,ERR,ERR,ERR,ERR,ERR,ERR,ERR,ERR,ERR,ERR,ERR,ERR,ERR,ERR,ERR,ERR,ERR,ERR,ERR,ERR,ERR,ERR,ERR,ERR,ERR,ERR,ERR,ERR,ERR,ERR,ERR,ERR,ERR,ERR,ERR,ERR,ERR,ERR,ERR,ERR,ERR,ERR,ERR,ERR,ERR,ERR,ERR,ERR,ERR,ERR,ERR,ERR,ERR,ERR,ERR,ERR,ERR,ERR,ERR,ERR,ERR,ERR,ERR,ERR,ERR,ERR,ERR,ERR,ERR,ERR,ERR,ERR,ERR,ERR,ERR,ERR,ERR,ERR,ERR,ERR,ERR,ERR,ERR,ERR,ERR,ERR,ERR,ERR,ERR,ERR,ERR,ERR,ERR,ERR,ERR,ERR,ERR,ERR,ERR,ERR,ERR,ERR,ERR,ERR,ERR,ERR,ERR,ERR,ERR,ERR,ERR,ERR,ERR,ERR,ERR,ERR,ERR,ERR,0.0,0.0,-134474944.0,0.0,0.0,1.3936040501711995e+18,7.805,0.0,0,0,4,0,8422,0.0,45,0.0,0.0,0.0,0.0,0.0,0,0,0,0,0.0,0,0,0,0,0,0,0,0,0,0,0,0,0,0,0,0,0,0,0,0,0,0,0,0,0,0,0,0,0,0,0,0,0,38,14,7,45,65476,0,300,0,0,8,21553,0.0,-107605600.0,0.0,0.0,0.0,0.0,0.0,0.0,0.0,0.0,0.0,0.0,0.0,0.0,0.0,0.0,0.0,0.0,0.0,0.0,0.0,0.0,0.0,0.0,-2.004,2.004,0.0,0.0,0.0,0.0,5013.0,-0.0,0.0,0.0,0.0,0.0,-107615304.0,0.0,0.0,0.0,0.0,53,-0.0,4.066853658014554e+29,0.0,0.0,0.0,0.0,0.0,0.0,0.0,0,0,0,0.0,0.0,0.0,0.0,0.0,0.0,0.0,0.0,0.0,0.0,0.0,0.0,0.0,0.0,0.0,0.0,0,-107875648.0,53,0.0,106,-107614832.0,2.7006707062415038e+23,ERR,ERR,ERR,ERR,ERR,ERR,ERR,ERR,ERR,ERR,ERR,ERR,ERR,ERR,ERR,ERR,ERR,ERR,ERR,ERR,ERR,ERR,ERR,ERR,ERR,ERR,ERR,ERR,ERR,ERR,ERR,ERR,ERR,ERR,ERR,ERR,ERR,ERR,ERR,ERR,ERR,ERR,ERR,ERR,ERR,ERR,ERR,ERR,ERR,ERR,ERR,ERR,ERR,ERR,ERR,ERR,ERR,ERR,ERR,ERR,ERR,ERR,ERR,ERR,ERR,ERR,ERR,50.0,60.0,100,0.0,0.0,0.0,0.0,0.0,0.0,0.0,0.0,0.0,0.0,0.0,0.0,0.0,0.0,0.0,0.0,61.6,78,11,65508,50,65476,0,300,0,0,8,20529,65476,0,0,26214,60.0,0.0,0.0,0.0,0.0,0.0
2026-05-17T16:45:22,ERR,ERR,ERR,ERR,ERR,ERR,ERR,ERR,ERR,ERR,ERR,ERR,ERR,ERR,ERR,ERR,ERR,ERR,ERR,ERR,ERR,ERR,ERR,ERR,ERR,ERR,ERR,ERR,ERR,ERR,ERR,ERR,ERR,ERR,ERR,ERR,ERR,ERR,ERR,ERR,ERR,ERR,ERR,ERR,ERR,ERR,ERR,ERR,ERR,ERR,ERR,ERR,ERR,ERR,ERR,ERR,ERR,ERR,ERR,ERR,ERR,ERR,ERR,ERR,ERR,ERR,ERR,ERR,ERR,ERR,ERR,ERR,ERR,ERR,ERR,ERR,ERR,ERR,ERR,ERR,ERR,ERR,ERR,ERR,ERR,ERR,ERR,ERR,ERR,ERR,ERR,ERR,ERR,ERR,ERR,ERR,ERR,ERR,ERR,ERR,ERR,ERR,ERR,ERR,ERR,ERR,ERR,ERR,ERR,ERR,ERR,ERR,ERR,ERR,ERR,ERR,ERR,ERR,ERR,ERR,ERR,ERR,ERR,ERR,ERR,0.0,0.0,-134474944.0,0.0,0.0,1.3936040501711995e+18,7.805,0.0,0,0,4,0,8422,0.0,45,0.0,0.0,0.0,0.0,0.0,0,0,0,0,0.0,0,0,0,0,0,0,0,0,0,0,0,0,0,0,0,0,0,0,0,0,0,0,0,0,0,0,0,0,0,0,0,0,0,38,14,7,45,65476,0,300,0,0,8,21553,0.0,-107605600.0,0.0,0.0,0.0,0.0,0.0,0.0,0.0,0.0,0.0,0.0,0.0,0.0,0.0,0.0,0.0,0.0,0.0,0.0,0.0,0.0,0.0,0.0,-2.004,2.004,0.0,0.0,0.0,0.0,5013.0,-0.0,0.0,0.0,0.0,0.0,-107615304.0,0.0,0.0,0.0,0.0,53,-0.0,4.066853658014554e+29,0.0,0.0,0.0,0.0,0.0,0.0,0.0,0,0,0,0.0,0.0,0.0,0.0,0.0,0.0,0.0,0.0,0.0,0.0,0.0,0.0,0.0,0.0,0.0,0.0,0,-107875648.0,53,0.0,106,-107614832.0,2.7006707062415038e+23,ERR,ERR,ERR,ERR,ERR,ERR,ERR,ERR,ERR,ERR,ERR,ERR,ERR,ERR,ERR,ERR,ERR,ERR,ERR,ERR,ERR,ERR,ERR,ERR,ERR,ERR,ERR,ERR,ERR,ERR,ERR,ERR,ERR,ERR,ERR,ERR,ERR,ERR,ERR,ERR,ERR,ERR,ERR,ERR,ERR,ERR,ERR,ERR,ERR,ERR,ERR,ERR,ERR,ERR,ERR,ERR,ERR,ERR,ERR,ERR,ERR,ERR,ERR,ERR,ERR,ERR,ERR,50.0,60.0,100,0.0,0.0,0.0,0.0,0.0,0.0,0.0,0.0,0.0,0.0,0.0,0.0,0.0,0.0,0.0,0.0,61.6,78,11,65508,50,65476,0,300,0,0,8,20529,65476,0,0,26214,60.0,0.0,0.0,0.0,0.0,0.0
2026-05-17T16:45:23,ERR,ERR,ERR,ERR,ERR,ERR,ERR,ERR,ERR,ERR,ERR,ERR,ERR,ERR,ERR,ERR,ERR,ERR,ERR,ERR,ERR,ERR,ERR,ERR,ERR,ERR,ERR,ERR,ERR,ERR,ERR,ERR,ERR,ERR,ERR,ERR,ERR,ERR,ERR,ERR,ERR,ERR,ERR,ERR,ERR,ERR,ERR,ERR,ERR,ERR,ERR,ERR,ERR,ERR,ERR,ERR,ERR,ERR,ERR,ERR,ERR,ERR,ERR,ERR,ERR,ERR,ERR,ERR,ERR,ERR,ERR,ERR,ERR,ERR,ERR,ERR,ERR,ERR,ERR,ERR,ERR,ERR,ERR,ERR,ERR,ERR,ERR,ERR,ERR,ERR,ERR,ERR,ERR,ERR,ERR,ERR,ERR,ERR,ERR,ERR,ERR,ERR,ERR,ERR,ERR,ERR,ERR,ERR,ERR,ERR,ERR,ERR,ERR,ERR,ERR,ERR,ERR,ERR,ERR,ERR,ERR,ERR,ERR,ERR,ERR,0.0,0.0,-134474944.0,0.0,0.0,1.3936040501711995e+18,7.805,0.0,0,0,4,0,8422,0.0,45,0.0,0.0,0.0,0.0,0.0,0,0,0,0,0.0,0,0,0,0,0,0,0,0,0,0,0,0,0,0,0,0,0,0,0,0,0,0,0,0,0,0,0,0,0,0,0,0,0,38,14,7,45,65476,0,300,0,0,8,21553,0.0,-107605600.0,0.0,0.0,0.0,0.0,0.0,0.0,0.0,0.0,0.0,0.0,0.0,0.0,0.0,0.0,0.0,0.0,0.0,0.0,0.0,0.0,0.0,0.0,-2.004,2.004,0.0,0.0,0.0,0.0,5013.0,-0.0,0.0,0.0,0.0,0.0,-107615304.0,0.0,0.0,0.0,0.0,53,-0.0,4.066853658014554e+29,0.0,0.0,0.0,0.0,0.0,0.0,0.0,0,0,0,0.0,0.0,0.0,0.0,0.0,0.0,0.0,0.0,0.0,0.0,0.0,0.0,0.0,0.0,0.0,0.0,0,-107875648.0,53,0.0,106,-107614832.0,2.7006707062415038e+23,ERR,ERR,ERR,ERR,ERR,ERR,ERR,ERR,ERR,ERR,ERR,ERR,ERR,ERR,ERR,ERR,ERR,ERR,ERR,ERR,ERR,ERR,ERR,ERR,ERR,ERR,ERR,ERR,ERR,ERR,ERR,ERR,ERR,ERR,ERR,ERR,ERR,ERR,ERR,ERR,ERR,ERR,ERR,ERR,ERR,ERR,ERR,ERR,ERR,ERR,ERR,ERR,ERR,ERR,ERR,ERR,ERR,ERR,ERR,ERR,ERR,ERR,ERR,ERR,ERR,ERR,ERR,50.0,60.0,100,0.0,0.0,0.0,0.0,0.0,0.0,0.0,0.0,0.0,0.0,0.0,0.0,0.0,0.0,0.0,0.0,61.6,78,11,65508,50,65476,0,300,0,0,8,20529,65476,0,0,26214,60.0,0.0,0.0,0.0,0.0,0.0
2026-05-17T16:45:24,ERR,ERR,ERR,ERR,ERR,ERR,ERR,ERR,ERR,ERR,ERR,ERR,ERR,ERR,ERR,ERR,ERR,ERR,ERR,ERR,ERR,ERR,ERR,ERR,ERR,ERR,ERR,ERR,ERR,ERR,ERR,ERR,ERR,ERR,ERR,ERR,ERR,ERR,ERR,ERR,ERR,ERR,ERR,ERR,ERR,ERR,ERR,ERR,ERR,ERR,ERR,ERR,ERR,ERR,ERR,ERR,ERR,ERR,ERR,ERR,ERR,ERR,ERR,ERR,ERR,ERR,ERR,ERR,ERR,ERR,ERR,ERR,ERR,ERR,ERR,ERR,ERR,ERR,ERR,ERR,ERR,ERR,ERR,ERR,ERR,ERR,ERR,ERR,ERR,ERR,ERR,ERR,ERR,ERR,ERR,ERR,ERR,ERR,ERR,ERR,ERR,ERR,ERR,ERR,ERR,ERR,ERR,ERR,ERR,ERR,ERR,ERR,ERR,ERR,ERR,ERR,ERR,ERR,ERR,ERR,ERR,ERR,ERR,ERR,ERR,0.0,0.0,-134474944.0,0.0,0.0,1.3936040501711995e+18,7.805,0.0,0,0,4,0,8422,0.0,45,0.0,0.0,0.0,0.0,0.0,0,0,0,0,0.0,0,0,0,0,0,0,0,0,0,0,0,0,0,0,0,0,0,0,0,0,0,0,0,0,0,0,0,0,0,0,0,0,0,38,14,7,45,65476,0,300,0,0,8,21553,0.0,-107605600.0,0.0,0.0,0.0,0.0,0.0,0.0,0.0,0.0,0.0,0.0,0.0,0.0,0.0,0.0,0.0,0.0,0.0,0.0,0.0,0.0,0.0,0.0,-2.004,2.004,0.0,0.0,0.0,0.0,5009.0,1.5879293531142762e+29,0.0,0.0,0.0,0.0,-107615304.0,0.0,0.0,0.0,0.0,53,2.7184300208680915e+23,0.0,0.0,0.0,0.0,0.0,0.0,0.0,0.0,0,0,0,0.0,0.0,0.0,0.0,0.0,0.0,0.0,0.0,0.0,0.0,0.0,0.0,0.0,0.0,0.0,0.0,0,-107875648.0,53,0.0,106,-107614832.0,2.7006707062415038e+23,ERR,ERR,ERR,ERR,ERR,ERR,ERR,ERR,ERR,ERR,ERR,ERR,ERR,ERR,ERR,ERR,ERR,ERR,ERR,ERR,ERR,ERR,ERR,ERR,ERR,ERR,ERR,ERR,ERR,ERR,ERR,ERR,ERR,ERR,ERR,ERR,ERR,ERR,ERR,ERR,ERR,ERR,ERR,ERR,ERR,ERR,ERR,ERR,ERR,ERR,ERR,ERR,ERR,ERR,ERR,ERR,ERR,ERR,ERR,ERR,ERR,ERR,ERR,ERR,ERR,ERR,ERR,50.0,60.0,100,0.0,0.0,0.0,0.0,0.0,0.0,0.0,0.0,0.0,0.0,0.0,0.0,0.0,0.0,0.0,0.0,61.6,78,11,65508,50,65476,0,300,0,0,8,20529,65476,0,0,26214,60.0,0.0,0.0,0.0,0.0,0.0
2026-05-17T16:45:25,ERR,ERR,ERR,ERR,ERR,ERR,ERR,ERR,ERR,ERR,ERR,ERR,ERR,ERR,ERR,ERR,ERR,ERR,ERR,ERR,ERR,ERR,ERR,ERR,ERR,ERR,ERR,ERR,ERR,ERR,ERR,ERR,ERR,ERR,ERR,ERR,ERR,ERR,ERR,ERR,ERR,ERR,ERR,ERR,ERR,ERR,ERR,ERR,ERR,ERR,ERR,ERR,ERR,ERR,ERR,ERR,ERR,ERR,ERR,ERR,ERR,ERR,ERR,ERR,ERR,ERR,ERR,ERR,ERR,ERR,ERR,ERR,ERR,ERR,ERR,ERR,ERR,ERR,ERR,ERR,ERR,ERR,ERR,ERR,ERR,ERR,ERR,ERR,ERR,ERR,ERR,ERR,ERR,ERR,ERR,ERR,ERR,ERR,ERR,ERR,ERR,ERR,ERR,ERR,ERR,ERR,ERR,ERR,ERR,ERR,ERR,ERR,ERR,ERR,ERR,ERR,ERR,ERR,ERR,ERR,ERR,ERR,ERR,ERR,ERR,0.0,0.0,-134474944.0,0.0,0.0,1.3936040501711995e+18,7.805,0.0,0,0,4,0,8422,0.0,45,0.0,0.0,0.0,0.0,0.0,0,0,0,0,0.0,0,0,0,0,0,0,0,0,0,0,0,0,0,0,0,0,0,0,0,0,0,0,0,0,0,0,0,0,0,0,0,0,0,38,14,7,45,65476,0,300,0,0,8,21553,0.0,-107605600.0,0.0,0.0,0.0,0.0,0.0,0.0,0.0,0.0,0.0,0.0,0.0,0.0,0.0,0.0,0.0,0.0,0.0,0.0,0.0,0.0,0.0,0.0,-2.004,2.004,0.0,0.0,0.0,0.0,5009.0,1.5879293531142762e+29,0.0,0.0,0.0,0.0,-107615304.0,0.0,0.0,0.0,0.0,53,2.7184300208680915e+23,0.0,0.0,0.0,0.0,0.0,0.0,0.0,0.0,0,0,0,0.0,0.0,0.0,0.0,0.0,0.0,0.0,0.0,0.0,0.0,0.0,0.0,0.0,0.0,0.0,0.0,0,-107875648.0,53,0.0,106,-107614832.0,2.7006707062415038e+23,ERR,ERR,ERR,ERR,ERR,ERR,ERR,ERR,ERR,ERR,ERR,ERR,ERR,ERR,ERR,ERR,ERR,ERR,ERR,ERR,ERR,ERR,ERR,ERR,ERR,ERR,ERR,ERR,ERR,ERR,ERR,ERR,ERR,ERR,ERR,ERR,ERR,ERR,ERR,ERR,ERR,ERR,ERR,ERR,ERR,ERR,ERR,ERR,ERR,ERR,ERR,ERR,ERR,ERR,ERR,ERR,ERR,ERR,ERR,ERR,ERR,ERR,ERR,ERR,ERR,ERR,ERR,50.0,60.0,100,0.0,0.0,0.0,0.0,0.0,0.0,0.0,0.0,0.0,0.0,0.0,0.0,0.0,0.0,0.0,0.0,61.6,78,11,65508,50,65476,0,300,0,0,8,20529,65476,0,0,26214,60.0,0.0,0.0,0.0,0.0,0.0
2026-05-17T16:45:26,ERR,ERR,ERR,ERR,ERR,ERR,ERR,ERR,ERR,ERR,ERR,ERR,ERR,ERR,ERR,ERR,ERR,ERR,ERR,ERR,ERR,ERR,ERR,ERR,ERR,ERR,ERR,ERR,ERR,ERR,ERR,ERR,ERR,ERR,ERR,ERR,ERR,ERR,ERR,ERR,ERR,ERR,ERR,ERR,ERR,ERR,ERR,ERR,ERR,ERR,ERR,ERR,ERR,ERR,ERR,ERR,ERR,ERR,ERR,ERR,ERR,ERR,ERR,ERR,ERR,ERR,ERR,ERR,ERR,ERR,ERR,ERR,ERR,ERR,ERR,ERR,ERR,ERR,ERR,ERR,ERR,ERR,ERR,ERR,ERR,ERR,ERR,ERR,ERR,ERR,ERR,ERR,ERR,ERR,ERR,ERR,ERR,ERR,ERR,ERR,ERR,ERR,ERR,ERR,ERR,ERR,ERR,ERR,ERR,ERR,ERR,ERR,ERR,ERR,ERR,ERR,ERR,ERR,ERR,ERR,ERR,ERR,ERR,ERR,ERR,0.0,0.0,-134474944.0,0.0,0.0,1.3936040501711995e+18,7.805,0.0,0,0,4,0,8422,0.0,45,0.0,0.0,0.0,0.0,0.0,0,0,0,0,0.0,0,0,0,0,0,0,0,0,0,0,0,0,0,0,0,0,0,0,0,0,0,0,0,0,0,0,0,0,0,0,0,0,0,38,14,7,45,65476,0,300,0,0,8,21553,0.0,-107605600.0,0.0,0.0,0.0,0.0,0.0,0.0,0.0,0.0,0.0,0.0,0.0,0.0,0.0,0.0,0.0,0.0,0.0,0.0,0.0,0.0,0.0,0.0,-2.004,2.004,0.0,0.0,0.0,0.0,5009.0,1.5879293531142762e+29,0.0,0.0,0.0,0.0,-107615304.0,0.0,0.0,0.0,0.0,53,2.7184300208680915e+23,0.0,0.0,0.0,0.0,0.0,0.0,0.0,0.0,0,0,0,0.0,0.0,0.0,0.0,0.0,0.0,0.0,0.0,0.0,0.0,0.0,0.0,0.0,0.0,0.0,0.0,0,-107875648.0,53,0.0,106,-107614832.0,2.7006707062415038e+23,ERR,ERR,ERR,ERR,ERR,ERR,ERR,ERR,ERR,ERR,ERR,ERR,ERR,ERR,ERR,ERR,ERR,ERR,ERR,ERR,ERR,ERR,ERR,ERR,ERR,ERR,ERR,ERR,ERR,ERR,ERR,ERR,ERR,ERR,ERR,ERR,ERR,ERR,ERR,ERR,ERR,ERR,ERR,ERR,ERR,ERR,ERR,ERR,ERR,ERR,ERR,ERR,ERR,ERR,ERR,ERR,ERR,ERR,ERR,ERR,ERR,ERR,ERR,ERR,ERR,ERR,ERR,50.0,60.0,100,0.0,0.0,0.0,0.0,0.0,0.0,0.0,0.0,0.0,0.0,0.0,0.0,0.0,0.0,0.0,0.0,61.6,78,11,65508,50,65476,0,300,0,0,8,20529,65476,0,0,26214,60.0,0.0,0.0,0.0,0.0,0.0
2026-05-17T16:45:27,ERR,ERR,ERR,ERR,ERR,ERR,ERR,ERR,ERR,ERR,ERR,ERR,ERR,ERR,ERR,ERR,ERR,ERR,ERR,ERR,ERR,ERR,ERR,ERR,ERR,ERR,ERR,ERR,ERR,ERR,ERR,ERR,ERR,ERR,ERR,ERR,ERR,ERR,ERR,ERR,ERR,ERR,ERR,ERR,ERR,ERR,ERR,ERR,ERR,ERR,ERR,ERR,ERR,ERR,ERR,ERR,ERR,ERR,ERR,ERR,ERR,ERR,ERR,ERR,ERR,ERR,ERR,ERR,ERR,ERR,ERR,ERR,ERR,ERR,ERR,ERR,ERR,ERR,ERR,ERR,ERR,ERR,ERR,ERR,ERR,ERR,ERR,ERR,ERR,ERR,ERR,ERR,ERR,ERR,ERR,ERR,ERR,ERR,ERR,ERR,ERR,ERR,ERR,ERR,ERR,ERR,ERR,ERR,ERR,ERR,ERR,ERR,ERR,ERR,ERR,ERR,ERR,ERR,ERR,ERR,ERR,ERR,ERR,ERR,ERR,0.0,0.0,-134474944.0,0.0,0.0,1.3936040501711995e+18,7.805,0.0,0,0,4,0,8422,0.0,45,0.0,0.0,0.0,0.0,0.0,0,0,0,0,0.0,0,0,0,0,0,0,0,0,0,0,0,0,0,0,0,0,0,0,0,0,0,0,0,0,0,0,0,0,0,0,0,0,0,38,14,7,45,65476,0,300,0,0,8,21553,0.0,-107605600.0,0.0,0.0,0.0,0.0,0.0,0.0,0.0,0.0,0.0,0.0,0.0,0.0,0.0,0.0,0.0,0.0,0.0,0.0,0.0,0.0,0.0,0.0,-2.004,2.004,0.0,0.0,0.0,0.0,5009.0,1.5879293531142762e+29,0.0,0.0,0.0,0.0,-107615304.0,0.0,0.0,0.0,0.0,53,2.7184300208680915e+23,0.0,0.0,0.0,0.0,0.0,0.0,0.0,0.0,0,0,0,0.0,0.0,0.0,0.0,0.0,0.0,0.0,0.0,0.0,0.0,0.0,0.0,0.0,0.0,0.0,0.0,0,-107875648.0,53,0.0,106,-107614832.0,2.7006707062415038e+23,ERR,ERR,ERR,ERR,ERR,ERR,ERR,ERR,ERR,ERR,ERR,ERR,ERR,ERR,ERR,ERR,ERR,ERR,ERR,ERR,ERR,ERR,ERR,ERR,ERR,ERR,ERR,ERR,ERR,ERR,ERR,ERR,ERR,ERR,ERR,ERR,ERR,ERR,ERR,ERR,ERR,ERR,ERR,ERR,ERR,ERR,ERR,ERR,ERR,ERR,ERR,ERR,ERR,ERR,ERR,ERR,ERR,ERR,ERR,ERR,ERR,ERR,ERR,ERR,ERR,ERR,ERR,50.0,60.0,100,0.0,0.0,0.0,0.0,0.0,0.0,0.0,0.0,0.0,0.0,0.0,0.0,0.0,0.0,0.0,0.0,61.6,78,11,65508,50,65476,0,300,0,0,8,20529,65476,0,0,26214,60.0,0.0,0.0,0.0,0.0,0.0
2026-05-17T16:45:28,ERR,ERR,ERR,ERR,ERR,ERR,ERR,ERR,ERR,ERR,ERR,ERR,ERR,ERR,ERR,ERR,ERR,ERR,ERR,ERR,ERR,ERR,ERR,ERR,ERR,ERR,ERR,ERR,ERR,ERR,ERR,ERR,ERR,ERR,ERR,ERR,ERR,ERR,ERR,ERR,ERR,ERR,ERR,ERR,ERR,ERR,ERR,ERR,ERR,ERR,ERR,ERR,ERR,ERR,ERR,ERR,ERR,ERR,ERR,ERR,ERR,ERR,ERR,ERR,ERR,ERR,ERR,ERR,ERR,ERR,ERR,ERR,ERR,ERR,ERR,ERR,ERR,ERR,ERR,ERR,ERR,ERR,ERR,ERR,ERR,ERR,ERR,ERR,ERR,ERR,ERR,ERR,ERR,ERR,ERR,ERR,ERR,ERR,ERR,ERR,ERR,ERR,ERR,ERR,ERR,ERR,ERR,ERR,ERR,ERR,ERR,ERR,ERR,ERR,ERR,ERR,ERR,ERR,ERR,ERR,ERR,ERR,ERR,ERR,ERR,0.0,0.0,-134474944.0,0.0,0.0,1.3936040501711995e+18,7.805,0.0,0,0,4,0,8422,0.0,45,0.0,0.0,0.0,0.0,0.0,0,0,0,0,0.0,0,0,0,0,0,0,0,0,0,0,0,0,0,0,0,0,0,0,0,0,0,0,0,0,0,0,0,0,0,0,0,0,0,38,14,7,45,65476,0,300,0,0,8,21553,0.0,-107605600.0,0.0,0.0,0.0,0.0,0.0,0.0,0.0,0.0,0.0,0.0,0.0,0.0,0.0,0.0,0.0,0.0,0.0,0.0,0.0,0.0,0.0,0.0,-2.004,2.004,0.0,0.0,0.0,0.0,5009.0,1.5879293531142762e+29,0.0,0.0,0.0,0.0,-107615304.0,0.0,0.0,0.0,0.0,53,2.7184300208680915e+23,0.0,0.0,0.0,0.0,0.0,0.0,0.0,0.0,0,0,0,0.0,0.0,0.0,0.0,0.0,0.0,0.0,0.0,0.0,0.0,0.0,0.0,0.0,0.0,0.0,0.0,0,-107875648.0,53,0.0,106,-107614832.0,2.7006707062415038e+23,ERR,ERR,ERR,ERR,ERR,ERR,ERR,ERR,ERR,ERR,ERR,ERR,ERR,ERR,ERR,ERR,ERR,ERR,ERR,ERR,ERR,ERR,ERR,ERR,ERR,ERR,ERR,ERR,ERR,ERR,ERR,ERR,ERR,ERR,ERR,ERR,ERR,ERR,ERR,ERR,ERR,ERR,ERR,ERR,ERR,ERR,ERR,ERR,ERR,ERR,ERR,ERR,ERR,ERR,ERR,ERR,ERR,ERR,ERR,ERR,ERR,ERR,ERR,ERR,ERR,ERR,ERR,50.0,60.0,100,0.0,0.0,0.0,0.0,0.0,0.0,0.0,0.0,0.0,0.0,0.0,0.0,0.0,0.0,0.0,0.0,61.6,78,11,65508,50,65476,0,300,0,0,8,20529,65476,0,0,26214,60.0,0.0,0.0,0.0,0.0,0.0
2026-05-17T16:45:29,ERR,ERR,ERR,ERR,ERR,ERR,ERR,ERR,ERR,ERR,ERR,ERR,ERR,ERR,ERR,ERR,ERR,ERR,ERR,ERR,ERR,ERR,ERR,ERR,ERR,ERR,ERR,ERR,ERR,ERR,ERR,ERR,ERR,ERR,ERR,ERR,ERR,ERR,ERR,ERR,ERR,ERR,ERR,ERR,ERR,ERR,ERR,ERR,ERR,ERR,ERR,ERR,ERR,ERR,ERR,ERR,ERR,ERR,ERR,ERR,ERR,ERR,ERR,ERR,ERR,ERR,ERR,ERR,ERR,ERR,ERR,ERR,ERR,ERR,ERR,ERR,ERR,ERR,ERR,ERR,ERR,ERR,ERR,ERR,ERR,ERR,ERR,ERR,ERR,ERR,ERR,ERR,ERR,ERR,ERR,ERR,ERR,ERR,ERR,ERR,ERR,ERR,ERR,ERR,ERR,ERR,ERR,ERR,ERR,ERR,ERR,ERR,ERR,ERR,ERR,ERR,ERR,ERR,ERR,ERR,ERR,ERR,ERR,ERR,ERR,0.0,0.0,-134474944.0,0.0,0.0,1.3936040501711995e+18,7.805,0.0,0,0,4,0,8422,0.0,45,0.0,0.0,0.0,0.0,0.0,0,0,0,0,0.0,0,0,0,0,0,0,0,0,0,0,0,0,0,0,0,0,0,0,0,0,0,0,0,0,0,0,0,0,0,0,0,0,0,38,14,7,45,65476,0,300,0,0,8,21553,0.0,-107605600.0,0.0,0.0,0.0,0.0,0.0,0.0,0.0,0.0,0.0,0.0,0.0,0.0,0.0,0.0,0.0,0.0,0.0,0.0,0.0,0.0,0.0,0.0,-2.004,2.004,0.0,0.0,0.0,0.0,4979.0,-131350.422,0.0,0.0,0.0,0.0,-107615304.0,0.0,0.0,0.0,0.0,53,-0.0,4.066853280225235e+29,0.0,0.0,0.0,0.0,0.0,0.0,0.0,0,0,0,0.0,0.0,0.0,0.0,0.0,0.0,0.0,0.0,0.0,0.0,0.0,0.0,0.0,0.0,0.0,0.0,0,-107875648.0,53,0.0,106,-107614832.0,2.7006707062415038e+23,ERR,ERR,ERR,ERR,ERR,ERR,ERR,ERR,ERR,ERR,ERR,ERR,ERR,ERR,ERR,ERR,ERR,ERR,ERR,ERR,ERR,ERR,ERR,ERR,ERR,ERR,ERR,ERR,ERR,ERR,ERR,ERR,ERR,ERR,ERR,ERR,ERR,ERR,ERR,ERR,ERR,ERR,ERR,ERR,ERR,ERR,ERR,ERR,ERR,ERR,ERR,ERR,ERR,ERR,ERR,ERR,ERR,ERR,ERR,ERR,ERR,ERR,ERR,ERR,ERR,ERR,ERR,50.0,60.0,100,0.0,0.0,0.0,0.0,0.0,0.0,0.0,0.0,0.0,0.0,0.0,0.0,0.0,0.0,0.0,0.0,61.6,78,11,65508,50,65476,0,300,0,0,8,20529,65476,0,0,26214,60.0,0.0,0.0,0.0,0.0,0.0
2026-05-17T16:45:30,ERR,ERR,ERR,ERR,ERR,ERR,ERR,ERR,ERR,ERR,ERR,ERR,ERR,ERR,ERR,ERR,ERR,ERR,ERR,ERR,ERR,ERR,ERR,ERR,ERR,ERR,ERR,ERR,ERR,ERR,ERR,ERR,ERR,ERR,ERR,ERR,ERR,ERR,ERR,ERR,ERR,ERR,ERR,ERR,ERR,ERR,ERR,ERR,ERR,ERR,ERR,ERR,ERR,ERR,ERR,ERR,ERR,ERR,ERR,ERR,ERR,ERR,ERR,ERR,ERR,ERR,ERR,ERR,ERR,ERR,ERR,ERR,ERR,ERR,ERR,ERR,ERR,ERR,ERR,ERR,ERR,ERR,ERR,ERR,ERR,ERR,ERR,ERR,ERR,ERR,ERR,ERR,ERR,ERR,ERR,ERR,ERR,ERR,ERR,ERR,ERR,ERR,ERR,ERR,ERR,ERR,ERR,ERR,ERR,ERR,ERR,ERR,ERR,ERR,ERR,ERR,ERR,ERR,ERR,ERR,ERR,ERR,ERR,ERR,ERR,0.0,0.0,-134474944.0,0.0,0.0,1.3936040501711995e+18,7.805,0.0,0,0,4,0,8422,0.0,45,0.0,0.0,0.0,0.0,0.0,0,0,0,0,0.0,0,0,0,0,0,0,0,0,0,0,0,0,0,0,0,0,0,0,0,0,0,0,0,0,0,0,0,0,0,0,0,0,0,38,14,7,45,65476,0,300,0,0,8,21553,0.0,-107605600.0,0.0,0.0,0.0,0.0,0.0,0.0,0.0,0.0,0.0,0.0,0.0,0.0,0.0,0.0,0.0,0.0,0.0,0.0,0.0,0.0,0.0,0.0,-2.004,2.004,0.0,0.0,0.0,0.0,4979.0,-131350.422,0.0,0.0,0.0,0.0,-107615304.0,0.0,0.0,0.0,0.0,53,-0.0,4.066853280225235e+29,0.0,0.0,0.0,0.0,0.0,0.0,0.0,0,0,0,0.0,0.0,0.0,0.0,0.0,0.0,0.0,0.0,0.0,0.0,0.0,0.0,0.0,0.0,0.0,0.0,0,-107875648.0,53,0.0,106,-107614832.0,2.7006707062415038e+23,ERR,ERR,ERR,ERR,ERR,ERR,ERR,ERR,ERR,ERR,ERR,ERR,ERR,ERR,ERR,ERR,ERR,ERR,ERR,ERR,ERR,ERR,ERR,ERR,ERR,ERR,ERR,ERR,ERR,ERR,ERR,ERR,ERR,ERR,ERR,ERR,ERR,ERR,ERR,ERR,ERR,ERR,ERR,ERR,ERR,ERR,ERR,ERR,ERR,ERR,ERR,ERR,ERR,ERR,ERR,ERR,ERR,ERR,ERR,ERR,ERR,ERR,ERR,ERR,ERR,ERR,ERR,50.0,60.0,100,0.0,0.0,0.0,0.0,0.0,0.0,0.0,0.0,0.0,0.0,0.0,0.0,0.0,0.0,0.0,0.0,61.6,78,11,65508,50,65476,0,300,0,0,8,20529,65476,0,0,26214,60.0,0.0,0.0,0.0,0.0,0.0
2026-05-17T16:45:31,ERR,ERR,ERR,ERR,ERR,ERR,ERR,ERR,ERR,ERR,ERR,ERR,ERR,ERR,ERR,ERR,ERR,ERR,ERR,ERR,ERR,ERR,ERR,ERR,ERR,ERR,ERR,ERR,ERR,ERR,ERR,ERR,ERR,ERR,ERR,ERR,ERR,ERR,ERR,ERR,ERR,ERR,ERR,ERR,ERR,ERR,ERR,ERR,ERR,ERR,ERR,ERR,ERR,ERR,ERR,ERR,ERR,ERR,ERR,ERR,ERR,ERR,ERR,ERR,ERR,ERR,ERR,ERR,ERR,ERR,ERR,ERR,ERR,ERR,ERR,ERR,ERR,ERR,ERR,ERR,ERR,ERR,ERR,ERR,ERR,ERR,ERR,ERR,ERR,ERR,ERR,ERR,ERR,ERR,ERR,ERR,ERR,ERR,ERR,ERR,ERR,ERR,ERR,ERR,ERR,ERR,ERR,ERR,ERR,ERR,ERR,ERR,ERR,ERR,ERR,ERR,ERR,ERR,ERR,ERR,ERR,ERR,ERR,ERR,ERR,0.0,0.0,-134474944.0,0.0,0.0,1.3936040501711995e+18,7.805,0.0,0,0,4,0,8422,0.0,45,0.0,0.0,0.0,0.0,0.0,0,0,0,0,0.0,0,0,0,0,0,0,0,0,0,0,0,0,0,0,0,0,0,0,0,0,0,0,0,0,0,0,0,0,0,0,0,0,0,38,14,7,45,65476,0,300,0,0,8,21553,0.0,-107605600.0,0.0,0.0,0.0,0.0,0.0,0.0,0.0,0.0,0.0,0.0,0.0,0.0,0.0,0.0,0.0,0.0,0.0,0.0,0.0,0.0,0.0,0.0,-2.004,2.004,0.0,0.0,0.0,0.0,4979.0,-131350.422,0.0,0.0,0.0,0.0,-107615304.0,0.0,0.0,0.0,0.0,53,-0.0,4.066853280225235e+29,0.0,0.0,0.0,0.0,0.0,0.0,0.0,0,0,0,0.0,0.0,0.0,0.0,0.0,0.0,0.0,0.0,0.0,0.0,0.0,0.0,0.0,0.0,0.0,0.0,0,-107875648.0,53,0.0,106,-107614832.0,2.7006707062415038e+23,ERR,ERR,ERR,ERR,ERR,ERR,ERR,ERR,ERR,ERR,ERR,ERR,ERR,ERR,ERR,ERR,ERR,ERR,ERR,ERR,ERR,ERR,ERR,ERR,ERR,ERR,ERR,ERR,ERR,ERR,ERR,ERR,ERR,ERR,ERR,ERR,ERR,ERR,ERR,ERR,ERR,ERR,ERR,ERR,ERR,ERR,ERR,ERR,ERR,ERR,ERR,ERR,ERR,ERR,ERR,ERR,ERR,ERR,ERR,ERR,ERR,ERR,ERR,ERR,ERR,ERR,ERR,50.0,60.0,100,0.0,0.0,0.0,0.0,0.0,0.0,0.0,0.0,0.0,0.0,0.0,0.0,0.0,0.0,0.0,0.0,61.6,78,11,65508,50,65476,0,300,0,0,8,20529,65476,0,0,26214,60.0,0.0,0.0,0.0,0.0,0.0
2026-05-17T16:45:32,ERR,ERR,ERR,ERR,ERR,ERR,ERR,ERR,ERR,ERR,ERR,ERR,ERR,ERR,ERR,ERR,ERR,ERR,ERR,ERR,ERR,ERR,ERR,ERR,ERR,ERR,ERR,ERR,ERR,ERR,ERR,ERR,ERR,ERR,ERR,ERR,ERR,ERR,ERR,ERR,ERR,ERR,ERR,ERR,ERR,ERR,ERR,ERR,ERR,ERR,ERR,ERR,ERR,ERR,ERR,ERR,ERR,ERR,ERR,ERR,ERR,ERR,ERR,ERR,ERR,ERR,ERR,ERR,ERR,ERR,ERR,ERR,ERR,ERR,ERR,ERR,ERR,ERR,ERR,ERR,ERR,ERR,ERR,ERR,ERR,ERR,ERR,ERR,ERR,ERR,ERR,ERR,ERR,ERR,ERR,ERR,ERR,ERR,ERR,ERR,ERR,ERR,ERR,ERR,ERR,ERR,ERR,ERR,ERR,ERR,ERR,ERR,ERR,ERR,ERR,ERR,ERR,ERR,ERR,ERR,ERR,ERR,ERR,ERR,ERR,0.0,0.0,-134474944.0,0.0,0.0,1.3936040501711995e+18,7.805,0.0,0,0,4,0,8422,0.0,45,0.0,0.0,0.0,0.0,0.0,0,0,0,0,0.0,0,0,0,0,0,0,0,0,0,0,0,0,0,0,0,0,0,0,0,0,0,0,0,0,0,0,0,0,0,0,0,0,0,38,14,7,45,65476,0,300,0,0,8,21553,0.0,-107605600.0,0.0,0.0,0.0,0.0,0.0,0.0,0.0,0.0,0.0,0.0,0.0,0.0,0.0,0.0,0.0,0.0,0.0,0.0,0.0,0.0,0.0,0.0,-2.004,2.004,0.0,0.0,0.0,0.0,4979.0,-131350.422,0.0,0.0,0.0,0.0,-107615304.0,0.0,0.0,0.0,0.0,53,-0.0,4.066853280225235e+29,0.0,0.0,0.0,0.0,0.0,0.0,0.0,0,0,0,0.0,0.0,0.0,0.0,0.0,0.0,0.0,0.0,0.0,0.0,0.0,0.0,0.0,0.0,0.0,0.0,0,-107875648.0,53,0.0,106,-107614832.0,2.7006707062415038e+23,ERR,ERR,ERR,ERR,ERR,ERR,ERR,ERR,ERR,ERR,ERR,ERR,ERR,ERR,ERR,ERR,ERR,ERR,ERR,ERR,ERR,ERR,ERR,ERR,ERR,ERR,ERR,ERR,ERR,ERR,ERR,ERR,ERR,ERR,ERR,ERR,ERR,ERR,ERR,ERR,ERR,ERR,ERR,ERR,ERR,ERR,ERR,ERR,ERR,ERR,ERR,ERR,ERR,ERR,ERR,ERR,ERR,ERR,ERR,ERR,ERR,ERR,ERR,ERR,ERR,ERR,ERR,50.0,60.0,100,0.0,0.0,0.0,0.0,0.0,0.0,0.0,0.0,0.0,0.0,0.0,0.0,0.0,0.0,0.0,0.0,62.0,78,11,65508,50,65476,0,300,0,0,8,20529,65476,0,0,26214,60.0,0.0,0.0,0.0,0.0,0.0
2026-05-17T16:45:33,ERR,ERR,ERR,ERR,ERR,ERR,ERR,ERR,ERR,ERR,ERR,ERR,ERR,ERR,ERR,ERR,ERR,ERR,ERR,ERR,ERR,ERR,ERR,ERR,ERR,ERR,ERR,ERR,ERR,ERR,ERR,ERR,ERR,ERR,ERR,ERR,ERR,ERR,ERR,ERR,ERR,ERR,ERR,ERR,ERR,ERR,ERR,ERR,ERR,ERR,ERR,ERR,ERR,ERR,ERR,ERR,ERR,ERR,ERR,ERR,ERR,ERR,ERR,ERR,ERR,ERR,ERR,ERR,ERR,ERR,ERR,ERR,ERR,ERR,ERR,ERR,ERR,ERR,ERR,ERR,ERR,ERR,ERR,ERR,ERR,ERR,ERR,ERR,ERR,ERR,ERR,ERR,ERR,ERR,ERR,ERR,ERR,ERR,ERR,ERR,ERR,ERR,ERR,ERR,ERR,ERR,ERR,ERR,ERR,ERR,ERR,ERR,ERR,ERR,ERR,ERR,ERR,ERR,ERR,ERR,ERR,ERR,ERR,ERR,ERR,0.0,0.0,-134474944.0,0.0,0.0,1.3936040501711995e+18,7.805,0.0,0,0,4,0,8422,0.0,45,0.0,0.0,0.0,0.0,0.0,0,0,0,0,0.0,0,0,0,0,0,0,0,0,0,0,0,0,0,0,0,0,0,0,0,0,0,0,0,0,0,0,0,0,0,0,0,0,0,38,14,7,45,65476,0,300,0,0,8,21553,0.0,-107605600.0,0.0,0.0,0.0,0.0,0.0,0.0,0.0,0.0,0.0,0.0,0.0,0.0,0.0,0.0,0.0,0.0,0.0,0.0,0.0,0.0,0.0,0.0,-2.004,2.004,0.0,0.0,0.0,0.0,4979.0,-131350.422,0.0,0.0,0.0,0.0,-107615304.0,0.0,0.0,0.0,0.0,53,-0.0,4.066853280225235e+29,0.0,0.0,0.0,0.0,0.0,0.0,0.0,0,0,0,0.0,0.0,0.0,0.0,0.0,0.0,0.0,0.0,0.0,0.0,0.0,0.0,0.0,0.0,0.0,0.0,0,-107875648.0,53,0.0,106,-107614832.0,2.7006707062415038e+23,ERR,ERR,ERR,ERR,ERR,ERR,ERR,ERR,ERR,ERR,ERR,ERR,ERR,ERR,ERR,ERR,ERR,ERR,ERR,ERR,ERR,ERR,ERR,ERR,ERR,ERR,ERR,ERR,ERR,ERR,ERR,ERR,ERR,ERR,ERR,ERR,ERR,ERR,ERR,ERR,ERR,ERR,ERR,ERR,ERR,ERR,ERR,ERR,ERR,ERR,ERR,ERR,ERR,ERR,ERR,ERR,ERR,ERR,ERR,ERR,ERR,ERR,ERR,ERR,ERR,ERR,ERR,50.0,60.0,100,0.0,0.0,0.0,0.0,0.0,0.0,0.0,0.0,0.0,0.0,0.0,0.0,0.0,0.0,0.0,0.0,62.0,78,11,65508,50,65476,0,300,0,0,8,20529,65476,0,0,26214,60.0,0.0,0.0,0.0,0.0,0.0
2026-05-17T16:45:34,ERR,ERR,ERR,ERR,ERR,ERR,ERR,ERR,ERR,ERR,ERR,ERR,ERR,ERR,ERR,ERR,ERR,ERR,ERR,ERR,ERR,ERR,ERR,ERR,ERR,ERR,ERR,ERR,ERR,ERR,ERR,ERR,ERR,ERR,ERR,ERR,ERR,ERR,ERR,ERR,ERR,ERR,ERR,ERR,ERR,ERR,ERR,ERR,ERR,ERR,ERR,ERR,ERR,ERR,ERR,ERR,ERR,ERR,ERR,ERR,ERR,ERR,ERR,ERR,ERR,ERR,ERR,ERR,ERR,ERR,ERR,ERR,ERR,ERR,ERR,ERR,ERR,ERR,ERR,ERR,ERR,ERR,ERR,ERR,ERR,ERR,ERR,ERR,ERR,ERR,ERR,ERR,ERR,ERR,ERR,ERR,ERR,ERR,ERR,ERR,ERR,ERR,ERR,ERR,ERR,ERR,ERR,ERR,ERR,ERR,ERR,ERR,ERR,ERR,ERR,ERR,ERR,ERR,ERR,ERR,ERR,ERR,ERR,ERR,ERR,0.0,0.0,-134474944.0,0.0,0.0,1.3936040501711995e+18,7.805,0.0,0,0,4,0,8422,0.0,45,0.0,0.0,0.0,0.0,0.0,0,0,0,0,0.0,0,0,0,0,0,0,0,0,0,0,0,0,0,0,0,0,0,0,0,0,0,0,0,0,0,0,0,0,0,0,0,0,0,38,14,7,45,65476,0,300,0,0,8,21553,0.0,-107605600.0,0.0,0.0,0.0,0.0,0.0,0.0,0.0,0.0,0.0,0.0,0.0,0.0,0.0,0.0,0.0,0.0,0.0,0.0,0.0,0.0,0.0,0.0,-2.004,2.004,0.0,0.0,0.0,0.0,4974.0,-1.0406652570629681e+34,0.0,0.0,0.0,0.0,-107615304.0,0.0,0.0,0.0,0.0,53,1.9056979486756045e+17,-107614776.0,0.0,0.0,0.0,0.0,0.0,0.0,0.0,0,0,0,0.0,0.0,0.0,0.0,0.0,0.0,0.0,0.0,0.0,0.0,0.0,0.0,0.0,0.0,0.0,0.0,0,-107875648.0,53,0.0,106,-107614832.0,2.7006707062415038e+23,ERR,ERR,ERR,ERR,ERR,ERR,ERR,ERR,ERR,ERR,ERR,ERR,ERR,ERR,ERR,ERR,ERR,ERR,ERR,ERR,ERR,ERR,ERR,ERR,ERR,ERR,ERR,ERR,ERR,ERR,ERR,ERR,ERR,ERR,ERR,ERR,ERR,ERR,ERR,ERR,ERR,ERR,ERR,ERR,ERR,ERR,ERR,ERR,ERR,ERR,ERR,ERR,ERR,ERR,ERR,ERR,ERR,ERR,ERR,ERR,ERR,ERR,ERR,ERR,ERR,ERR,ERR,50.0,60.0,100,0.0,0.0,0.0,0.0,0.0,0.0,0.0,0.0,0.0,0.0,0.0,0.0,0.0,0.0,0.0,0.0,61.6,78,11,65508,50,65476,0,300,0,0,8,20529,65476,0,0,26214,60.0,0.0,0.0,0.0,0.0,0.0
2026-05-17T16:45:35,ERR,ERR,ERR,ERR,ERR,ERR,ERR,ERR,ERR,ERR,ERR,ERR,ERR,ERR,ERR,ERR,ERR,ERR,ERR,ERR,ERR,ERR,ERR,ERR,ERR,ERR,ERR,ERR,ERR,ERR,ERR,ERR,ERR,ERR,ERR,ERR,ERR,ERR,ERR,ERR,ERR,ERR,ERR,ERR,ERR,ERR,ERR,ERR,ERR,ERR,ERR,ERR,ERR,ERR,ERR,ERR,ERR,ERR,ERR,ERR,ERR,ERR,ERR,ERR,ERR,ERR,ERR,ERR,ERR,ERR,ERR,ERR,ERR,ERR,ERR,ERR,ERR,ERR,ERR,ERR,ERR,ERR,ERR,ERR,ERR,ERR,ERR,ERR,ERR,ERR,ERR,ERR,ERR,ERR,ERR,ERR,ERR,ERR,ERR,ERR,ERR,ERR,ERR,ERR,ERR,ERR,ERR,ERR,ERR,ERR,ERR,ERR,ERR,ERR,ERR,ERR,ERR,ERR,ERR,ERR,ERR,ERR,ERR,ERR,ERR,0.0,0.0,-134474944.0,0.0,0.0,1.3936040501711995e+18,7.805,0.0,0,0,4,0,8422,0.0,45,0.0,0.0,0.0,0.0,0.0,0,0,0,0,0.0,0,0,0,0,0,0,0,0,0,0,0,0,0,0,0,0,0,0,0,0,0,0,0,0,0,0,0,0,0,0,0,0,0,38,14,7,45,65476,0,300,0,0,8,21553,0.0,-107605600.0,0.0,0.0,0.0,0.0,0.0,0.0,0.0,0.0,0.0,0.0,0.0,0.0,0.0,0.0,0.0,0.0,0.0,0.0,0.0,0.0,0.0,0.0,-2.004,2.004,0.0,0.0,0.0,0.0,4974.0,-1.0406652570629681e+34,0.0,0.0,0.0,0.0,-107615304.0,0.0,0.0,0.0,0.0,53,1.9056979486756045e+17,-107614776.0,0.0,0.0,0.0,0.0,0.0,0.0,0.0,0,0,0,0.0,0.0,0.0,0.0,0.0,0.0,0.0,0.0,0.0,0.0,0.0,0.0,0.0,0.0,0.0,0.0,0,-107875648.0,53,0.0,106,-107614832.0,2.7006707062415038e+23,ERR,ERR,ERR,ERR,ERR,ERR,ERR,ERR,ERR,ERR,ERR,ERR,ERR,ERR,ERR,ERR,ERR,ERR,ERR,ERR,ERR,ERR,ERR,ERR,ERR,ERR,ERR,ERR,ERR,ERR,ERR,ERR,ERR,ERR,ERR,ERR,ERR,ERR,ERR,ERR,ERR,ERR,ERR,ERR,ERR,ERR,ERR,ERR,ERR,ERR,ERR,ERR,ERR,ERR,ERR,ERR,ERR,ERR,ERR,ERR,ERR,ERR,ERR,ERR,ERR,ERR,ERR,50.0,60.0,100,0.0,0.0,0.0,0.0,0.0,0.0,0.0,0.0,0.0,0.0,0.0,0.0,0.0,0.0,0.0,0.0,62.0,78,11,65508,50,65476,0,300,0,0,8,20529,65476,0,0,26214,60.0,0.0,0.0,0.0,0.0,0.0
2026-05-17T16:45:36,ERR,ERR,ERR,ERR,ERR,ERR,ERR,ERR,ERR,ERR,ERR,ERR,ERR,ERR,ERR,ERR,ERR,ERR,ERR,ERR,ERR,ERR,ERR,ERR,ERR,ERR,ERR,ERR,ERR,ERR,ERR,ERR,ERR,ERR,ERR,ERR,ERR,ERR,ERR,ERR,ERR,ERR,ERR,ERR,ERR,ERR,ERR,ERR,ERR,ERR,ERR,ERR,ERR,ERR,ERR,ERR,ERR,ERR,ERR,ERR,ERR,ERR,ERR,ERR,ERR,ERR,ERR,ERR,ERR,ERR,ERR,ERR,ERR,ERR,ERR,ERR,ERR,ERR,ERR,ERR,ERR,ERR,ERR,ERR,ERR,ERR,ERR,ERR,ERR,ERR,ERR,ERR,ERR,ERR,ERR,ERR,ERR,ERR,ERR,ERR,ERR,ERR,ERR,ERR,ERR,ERR,ERR,ERR,ERR,ERR,ERR,ERR,ERR,ERR,ERR,ERR,ERR,ERR,ERR,ERR,ERR,ERR,ERR,ERR,ERR,0.0,0.0,-134474944.0,0.0,0.0,1.3936040501711995e+18,7.805,0.0,0,0,4,0,8422,0.0,45,0.0,0.0,0.0,0.0,0.0,0,0,0,0,0.0,0,0,0,0,0,0,0,0,0,0,0,0,0,0,0,0,0,0,0,0,0,0,0,0,0,0,0,0,0,0,0,0,0,38,14,7,45,65476,0,300,0,0,8,21553,0.0,-107605600.0,0.0,0.0,0.0,0.0,0.0,0.0,0.0,0.0,0.0,0.0,0.0,0.0,0.0,0.0,0.0,0.0,0.0,0.0,0.0,0.0,0.0,0.0,-2.004,2.004,0.0,0.0,0.0,0.0,4974.0,-1.0406652570629681e+34,0.0,0.0,0.0,0.0,-107615304.0,0.0,0.0,0.0,0.0,53,1.9056979486756045e+17,-107614776.0,0.0,0.0,0.0,0.0,0.0,0.0,0.0,0,0,0,0.0,0.0,0.0,0.0,0.0,0.0,0.0,0.0,0.0,0.0,0.0,0.0,0.0,0.0,0.0,0.0,0,-107875648.0,53,0.0,106,-107614832.0,2.7006707062415038e+23,ERR,ERR,ERR,ERR,ERR,ERR,ERR,ERR,ERR,ERR,ERR,ERR,ERR,ERR,ERR,ERR,ERR,ERR,ERR,ERR,ERR,ERR,ERR,ERR,ERR,ERR,ERR,ERR,ERR,ERR,ERR,ERR,ERR,ERR,ERR,ERR,ERR,ERR,ERR,ERR,ERR,ERR,ERR,ERR,ERR,ERR,ERR,ERR,ERR,ERR,ERR,ERR,ERR,ERR,ERR,ERR,ERR,ERR,ERR,ERR,ERR,ERR,ERR,ERR,ERR,ERR,ERR,50.0,60.0,100,0.0,0.0,0.0,0.0,0.0,0.0,0.0,0.0,0.0,0.0,0.0,0.0,0.0,0.0,0.0,0.0,62.0,78,11,65508,50,65476,0,300,0,0,8,20529,65476,0,0,26214,60.0,0.0,0.0,0.0,0.0,0.0
2026-05-17T16:45:37,ERR,ERR,ERR,ERR,ERR,ERR,ERR,ERR,ERR,ERR,ERR,ERR,ERR,ERR,ERR,ERR,ERR,ERR,ERR,ERR,ERR,ERR,ERR,ERR,ERR,ERR,ERR,ERR,ERR,ERR,ERR,ERR,ERR,ERR,ERR,ERR,ERR,ERR,ERR,ERR,ERR,ERR,ERR,ERR,ERR,ERR,ERR,ERR,ERR,ERR,ERR,ERR,ERR,ERR,ERR,ERR,ERR,ERR,ERR,ERR,ERR,ERR,ERR,ERR,ERR,ERR,ERR,ERR,ERR,ERR,ERR,ERR,ERR,ERR,ERR,ERR,ERR,ERR,ERR,ERR,ERR,ERR,ERR,ERR,ERR,ERR,ERR,ERR,ERR,ERR,ERR,ERR,ERR,ERR,ERR,ERR,ERR,ERR,ERR,ERR,ERR,ERR,ERR,ERR,ERR,ERR,ERR,ERR,ERR,ERR,ERR,ERR,ERR,ERR,ERR,ERR,ERR,ERR,ERR,ERR,ERR,ERR,ERR,ERR,ERR,0.0,0.0,-134474944.0,0.0,0.0,1.3936040501711995e+18,7.805,0.0,0,0,4,0,8422,0.0,45,0.0,0.0,0.0,0.0,0.0,0,0,0,0,0.0,0,0,0,0,0,0,0,0,0,0,0,0,0,0,0,0,0,0,0,0,0,0,0,0,0,0,0,0,0,0,0,0,0,38,14,7,45,65476,0,300,0,0,8,21553,0.0,-107605600.0,0.0,0.0,0.0,0.0,0.0,0.0,0.0,0.0,0.0,0.0,0.0,0.0,0.0,0.0,0.0,0.0,0.0,0.0,0.0,0.0,0.0,0.0,-2.004,2.004,0.0,0.0,0.0,0.0,4974.0,-1.0406652570629681e+34,0.0,0.0,0.0,0.0,-107615304.0,0.0,0.0,0.0,0.0,53,1.9056979486756045e+17,-107614776.0,0.0,0.0,0.0,0.0,0.0,0.0,0.0,0,0,0,0.0,0.0,0.0,0.0,0.0,0.0,0.0,0.0,0.0,0.0,0.0,0.0,0.0,0.0,0.0,0.0,0,-107875648.0,53,0.0,106,-107614832.0,2.7006707062415038e+23,ERR,ERR,ERR,ERR,ERR,ERR,ERR,ERR,ERR,ERR,ERR,ERR,ERR,ERR,ERR,ERR,ERR,ERR,ERR,ERR,ERR,ERR,ERR,ERR,ERR,ERR,ERR,ERR,ERR,ERR,ERR,ERR,ERR,ERR,ERR,ERR,ERR,ERR,ERR,ERR,ERR,ERR,ERR,ERR,ERR,ERR,ERR,ERR,ERR,ERR,ERR,ERR,ERR,ERR,ERR,ERR,ERR,ERR,ERR,ERR,ERR,ERR,ERR,ERR,ERR,ERR,ERR,50.0,60.0,100,0.0,0.0,0.0,0.0,0.0,0.0,0.0,0.0,0.0,0.0,0.0,0.0,0.0,0.0,0.0,0.0,61.6,78,11,65508,50,65476,0,300,0,0,8,20529,65476,0,0,26214,60.0,0.0,0.0,0.0,0.0,0.0
2026-05-17T16:45:38,ERR,ERR,ERR,ERR,ERR,ERR,ERR,ERR,ERR,ERR,ERR,ERR,ERR,ERR,ERR,ERR,ERR,ERR,ERR,ERR,ERR,ERR,ERR,ERR,ERR,ERR,ERR,ERR,ERR,ERR,ERR,ERR,ERR,ERR,ERR,ERR,ERR,ERR,ERR,ERR,ERR,ERR,ERR,ERR,ERR,ERR,ERR,ERR,ERR,ERR,ERR,ERR,ERR,ERR,ERR,ERR,ERR,ERR,ERR,ERR,ERR,ERR,ERR,ERR,ERR,ERR,ERR,ERR,ERR,ERR,ERR,ERR,ERR,ERR,ERR,ERR,ERR,ERR,ERR,ERR,ERR,ERR,ERR,ERR,ERR,ERR,ERR,ERR,ERR,ERR,ERR,ERR,ERR,ERR,ERR,ERR,ERR,ERR,ERR,ERR,ERR,ERR,ERR,ERR,ERR,ERR,ERR,ERR,ERR,ERR,ERR,ERR,ERR,ERR,ERR,ERR,ERR,ERR,ERR,ERR,ERR,ERR,ERR,ERR,ERR,0.0,0.0,-134474944.0,0.0,0.0,1.3936040501711995e+18,7.805,0.0,0,0,4,0,8422,0.0,45,0.0,0.0,0.0,0.0,0.0,0,0,0,0,0.0,0,0,0,0,0,0,0,0,0,0,0,0,0,0,0,0,0,0,0,0,0,0,0,0,0,0,0,0,0,0,0,0,0,38,14,7,45,65476,0,300,0,0,8,21553,0.0,-107605600.0,0.0,0.0,0.0,0.0,0.0,0.0,0.0,0.0,0.0,0.0,0.0,0.0,0.0,0.0,0.0,0.0,0.0,0.0,0.0,0.0,0.0,0.0,-2.004,2.004,0.0,0.0,0.0,0.0,4974.0,-1.0406652570629681e+34,0.0,0.0,0.0,0.0,-107615304.0,0.0,0.0,0.0,0.0,53,1.9056979486756045e+17,-107614776.0,0.0,0.0,0.0,0.0,0.0,0.0,0.0,0,0,0,0.0,0.0,0.0,0.0,0.0,0.0,0.0,0.0,0.0,0.0,0.0,0.0,0.0,0.0,0.0,0.0,0,-107875648.0,53,0.0,106,-107614832.0,2.7006707062415038e+23,ERR,ERR,ERR,ERR,ERR,ERR,ERR,ERR,ERR,ERR,ERR,ERR,ERR,ERR,ERR,ERR,ERR,ERR,ERR,ERR,ERR,ERR,ERR,ERR,ERR,ERR,ERR,ERR,ERR,ERR,ERR,ERR,ERR,ERR,ERR,ERR,ERR,ERR,ERR,ERR,ERR,ERR,ERR,ERR,ERR,ERR,ERR,ERR,ERR,ERR,ERR,ERR,ERR,ERR,ERR,ERR,ERR,ERR,ERR,ERR,ERR,ERR,ERR,ERR,ERR,ERR,ERR,50.0,60.0,100,0.0,0.0,0.0,0.0,0.0,0.0,0.0,0.0,0.0,0.0,0.0,0.0,0.0,0.0,0.0,0.0,61.6,78,11,65508,50,65476,0,300,0,0,8,20529,65476,0,0,26214,60.0,0.0,0.0,0.0,0.0,0.0
2026-05-17T16:45:39,ERR,ERR,ERR,ERR,ERR,ERR,ERR,ERR,ERR,ERR,ERR,ERR,ERR,ERR,ERR,ERR,ERR,ERR,ERR,ERR,ERR,ERR,ERR,ERR,ERR,ERR,ERR,ERR,ERR,ERR,ERR,ERR,ERR,ERR,ERR,ERR,ERR,ERR,ERR,ERR,ERR,ERR,ERR,ERR,ERR,ERR,ERR,ERR,ERR,ERR,ERR,ERR,ERR,ERR,ERR,ERR,ERR,ERR,ERR,ERR,ERR,ERR,ERR,ERR,ERR,ERR,ERR,ERR,ERR,ERR,ERR,ERR,ERR,ERR,ERR,ERR,ERR,ERR,ERR,ERR,ERR,ERR,ERR,ERR,ERR,ERR,ERR,ERR,ERR,ERR,ERR,ERR,ERR,ERR,ERR,ERR,ERR,ERR,ERR,ERR,ERR,ERR,ERR,ERR,ERR,ERR,ERR,ERR,ERR,ERR,ERR,ERR,ERR,ERR,ERR,ERR,ERR,ERR,ERR,ERR,ERR,ERR,ERR,ERR,ERR,0.0,0.0,-134474944.0,0.0,0.0,1.3936040501711995e+18,7.805,0.0,0,0,4,0,8422,0.0,45,0.0,0.0,0.0,0.0,0.0,0,0,0,0,0.0,0,0,0,0,0,0,0,0,0,0,0,0,0,0,0,0,0,0,0,0,0,0,0,0,0,0,0,0,0,0,0,0,0,38,14,7,45,65476,0,300,0,0,8,21553,0.0,-107605600.0,0.0,0.0,0.0,0.0,0.0,0.0,0.0,0.0,0.0,0.0,0.0,0.0,0.0,0.0,0.0,0.0,0.0,0.0,0.0,0.0,0.0,0.0,-2.004,2.004,0.0,0.0,0.0,0.0,5009.0,-0.0,0.0,0.0,0.0,0.0,-107615304.0,0.0,0.0,0.0,0.0,53,3.222028592685471e+26,5.848055683159391e+35,0.0,0.0,0.0,0.0,0.0,0.0,0.0,0,0,0,0.0,0.0,0.0,0.0,0.0,0.0,0.0,0.0,0.0,0.0,0.0,0.0,0.0,0.0,0.0,0.0,0,-107875648.0,53,0.0,106,-107614832.0,2.7006707062415038e+23,ERR,ERR,ERR,ERR,ERR,ERR,ERR,ERR,ERR,ERR,ERR,ERR,ERR,ERR,ERR,ERR,ERR,ERR,ERR,ERR,ERR,ERR,ERR,ERR,ERR,ERR,ERR,ERR,ERR,ERR,ERR,ERR,ERR,ERR,ERR,ERR,ERR,ERR,ERR,ERR,ERR,ERR,ERR,ERR,ERR,ERR,ERR,ERR,ERR,ERR,ERR,ERR,ERR,ERR,ERR,ERR,ERR,ERR,ERR,ERR,ERR,ERR,ERR,ERR,ERR,ERR,ERR,50.0,60.0,100,0.0,0.0,0.0,0.0,0.0,0.0,0.0,0.0,0.0,0.0,0.0,0.0,0.0,0.0,0.0,0.0,62.0,78,11,65508,50,65476,0,300,0,0,8,20529,65476,0,0,26214,60.0,0.0,0.0,0.0,0.0,0.0
2026-05-17T16:45:40,ERR,ERR,ERR,ERR,ERR,ERR,ERR,ERR,ERR,ERR,ERR,ERR,ERR,ERR,ERR,ERR,ERR,ERR,ERR,ERR,ERR,ERR,ERR,ERR,ERR,ERR,ERR,ERR,ERR,ERR,ERR,ERR,ERR,ERR,ERR,ERR,ERR,ERR,ERR,ERR,ERR,ERR,ERR,ERR,ERR,ERR,ERR,ERR,ERR,ERR,ERR,ERR,ERR,ERR,ERR,ERR,ERR,ERR,ERR,ERR,ERR,ERR,ERR,ERR,ERR,ERR,ERR,ERR,ERR,ERR,ERR,ERR,ERR,ERR,ERR,ERR,ERR,ERR,ERR,ERR,ERR,ERR,ERR,ERR,ERR,ERR,ERR,ERR,ERR,ERR,ERR,ERR,ERR,ERR,ERR,ERR,ERR,ERR,ERR,ERR,ERR,ERR,ERR,ERR,ERR,ERR,ERR,ERR,ERR,ERR,ERR,ERR,ERR,ERR,ERR,ERR,ERR,ERR,ERR,ERR,ERR,ERR,ERR,ERR,ERR,0.0,0.0,-134474944.0,0.0,0.0,1.3936040501711995e+18,7.805,0.0,0,0,4,0,8422,0.0,45,0.0,0.0,0.0,0.0,0.0,0,0,0,0,0.0,0,0,0,0,0,0,0,0,0,0,0,0,0,0,0,0,0,0,0,0,0,0,0,0,0,0,0,0,0,0,0,0,0,38,14,7,45,65476,0,300,0,0,8,21553,0.0,-107605600.0,0.0,0.0,0.0,0.0,0.0,0.0,0.0,0.0,0.0,0.0,0.0,0.0,0.0,0.0,0.0,0.0,0.0,0.0,0.0,0.0,0.0,0.0,-2.004,2.004,0.0,0.0,0.0,0.0,5009.0,-0.0,0.0,0.0,0.0,0.0,-107615304.0,0.0,0.0,0.0,0.0,53,3.222028592685471e+26,5.848055683159391e+35,0.0,0.0,0.0,0.0,0.0,0.0,0.0,0,0,0,0.0,0.0,0.0,0.0,0.0,0.0,0.0,0.0,0.0,0.0,0.0,0.0,0.0,0.0,0.0,0.0,0,-107875648.0,53,0.0,106,-107614832.0,2.7006707062415038e+23,ERR,ERR,ERR,ERR,ERR,ERR,ERR,ERR,ERR,ERR,ERR,ERR,ERR,ERR,ERR,ERR,ERR,ERR,ERR,ERR,ERR,ERR,ERR,ERR,ERR,ERR,ERR,ERR,ERR,ERR,ERR,ERR,ERR,ERR,ERR,ERR,ERR,ERR,ERR,ERR,ERR,ERR,ERR,ERR,ERR,ERR,ERR,ERR,ERR,ERR,ERR,ERR,ERR,ERR,ERR,ERR,ERR,ERR,ERR,ERR,ERR,ERR,ERR,ERR,ERR,ERR,ERR,50.0,60.0,100,0.0,0.0,0.0,0.0,0.0,0.0,0.0,0.0,0.0,0.0,0.0,0.0,0.0,0.0,0.0,0.0,62.0,78,11,65508,50,65476,0,300,0,0,8,20529,65476,0,0,26214,60.0,0.0,0.0,0.0,0.0,0.0
2026-05-17T16:45:41,ERR,ERR,ERR,ERR,ERR,ERR,ERR,ERR,ERR,ERR,ERR,ERR,ERR,ERR,ERR,ERR,ERR,ERR,ERR,ERR,ERR,ERR,ERR,ERR,ERR,ERR,ERR,ERR,ERR,ERR,ERR,ERR,ERR,ERR,ERR,ERR,ERR,ERR,ERR,ERR,ERR,ERR,ERR,ERR,ERR,ERR,ERR,ERR,ERR,ERR,ERR,ERR,ERR,ERR,ERR,ERR,ERR,ERR,ERR,ERR,ERR,ERR,ERR,ERR,ERR,ERR,ERR,ERR,ERR,ERR,ERR,ERR,ERR,ERR,ERR,ERR,ERR,ERR,ERR,ERR,ERR,ERR,ERR,ERR,ERR,ERR,ERR,ERR,ERR,ERR,ERR,ERR,ERR,ERR,ERR,ERR,ERR,ERR,ERR,ERR,ERR,ERR,ERR,ERR,ERR,ERR,ERR,ERR,ERR,ERR,ERR,ERR,ERR,ERR,ERR,ERR,ERR,ERR,ERR,ERR,ERR,ERR,ERR,ERR,ERR,0.0,0.0,-134474944.0,0.0,0.0,1.3936040501711995e+18,7.805,0.0,0,0,4,0,8422,0.0,45,0.0,0.0,0.0,0.0,0.0,0,0,0,0,0.0,0,0,0,0,0,0,0,0,0,0,0,0,0,0,0,0,0,0,0,0,0,0,0,0,0,0,0,0,0,0,0,0,0,38,14,7,45,65476,0,300,0,0,8,21553,0.0,-107605600.0,0.0,0.0,0.0,0.0,0.0,0.0,0.0,0.0,0.0,0.0,0.0,0.0,0.0,0.0,0.0,0.0,0.0,0.0,0.0,0.0,0.0,0.0,-2.004,2.004,0.0,0.0,0.0,0.0,5009.0,-0.0,0.0,0.0,0.0,0.0,-107615304.0,0.0,0.0,0.0,0.0,53,3.222028592685471e+26,5.848055683159391e+35,0.0,0.0,0.0,0.0,0.0,0.0,0.0,0,0,0,0.0,0.0,0.0,0.0,0.0,0.0,0.0,0.0,0.0,0.0,0.0,0.0,0.0,0.0,0.0,0.0,0,-107875648.0,53,0.0,106,-107614832.0,2.7006707062415038e+23,ERR,ERR,ERR,ERR,ERR,ERR,ERR,ERR,ERR,ERR,ERR,ERR,ERR,ERR,ERR,ERR,ERR,ERR,ERR,ERR,ERR,ERR,ERR,ERR,ERR,ERR,ERR,ERR,ERR,ERR,ERR,ERR,ERR,ERR,ERR,ERR,ERR,ERR,ERR,ERR,ERR,ERR,ERR,ERR,ERR,ERR,ERR,ERR,ERR,ERR,ERR,ERR,ERR,ERR,ERR,ERR,ERR,ERR,ERR,ERR,ERR,ERR,ERR,ERR,ERR,ERR,ERR,50.0,60.0,100,0.0,0.0,0.0,0.0,0.0,0.0,0.0,0.0,0.0,0.0,0.0,0.0,0.0,0.0,0.0,0.0,61.6,78,11,65508,50,65476,0,300,0,0,8,20529,65476,0,0,26214,60.0,0.0,0.0,0.0,0.0,0.0
2026-05-17T16:45:42,ERR,ERR,ERR,ERR,ERR,ERR,ERR,ERR,ERR,ERR,ERR,ERR,ERR,ERR,ERR,ERR,ERR,ERR,ERR,ERR,ERR,ERR,ERR,ERR,ERR,ERR,ERR,ERR,ERR,ERR,ERR,ERR,ERR,ERR,ERR,ERR,ERR,ERR,ERR,ERR,ERR,ERR,ERR,ERR,ERR,ERR,ERR,ERR,ERR,ERR,ERR,ERR,ERR,ERR,ERR,ERR,ERR,ERR,ERR,ERR,ERR,ERR,ERR,ERR,ERR,ERR,ERR,ERR,ERR,ERR,ERR,ERR,ERR,ERR,ERR,ERR,ERR,ERR,ERR,ERR,ERR,ERR,ERR,ERR,ERR,ERR,ERR,ERR,ERR,ERR,ERR,ERR,ERR,ERR,ERR,ERR,ERR,ERR,ERR,ERR,ERR,ERR,ERR,ERR,ERR,ERR,ERR,ERR,ERR,ERR,ERR,ERR,ERR,ERR,ERR,ERR,ERR,ERR,ERR,ERR,ERR,ERR,ERR,ERR,ERR,0.0,0.0,-134474944.0,0.0,0.0,1.3936040501711995e+18,7.805,0.0,0,0,4,0,8422,0.0,45,0.0,0.0,0.0,0.0,0.0,0,0,0,0,0.0,0,0,0,0,0,0,0,0,0,0,0,0,0,0,0,0,0,0,0,0,0,0,0,0,0,0,0,0,0,0,0,0,0,38,14,7,45,65476,0,300,0,0,8,21553,0.0,-107605600.0,0.0,0.0,0.0,0.0,0.0,0.0,0.0,0.0,0.0,0.0,0.0,0.0,0.0,0.0,0.0,0.0,0.0,0.0,0.0,0.0,0.0,0.0,-2.004,2.004,0.0,0.0,0.0,0.0,5009.0,-0.0,0.0,0.0,0.0,0.0,-107615304.0,0.0,0.0,0.0,0.0,53,3.222028592685471e+26,5.848055683159391e+35,0.0,0.0,0.0,0.0,0.0,0.0,0.0,0,0,0,0.0,0.0,0.0,0.0,0.0,0.0,0.0,0.0,0.0,0.0,0.0,0.0,0.0,0.0,0.0,0.0,0,-107875648.0,53,0.0,106,-107614832.0,2.7006707062415038e+23,ERR,ERR,ERR,ERR,ERR,ERR,ERR,ERR,ERR,ERR,ERR,ERR,ERR,ERR,ERR,ERR,ERR,ERR,ERR,ERR,ERR,ERR,ERR,ERR,ERR,ERR,ERR,ERR,ERR,ERR,ERR,ERR,ERR,ERR,ERR,ERR,ERR,ERR,ERR,ERR,ERR,ERR,ERR,ERR,ERR,ERR,ERR,ERR,ERR,ERR,ERR,ERR,ERR,ERR,ERR,ERR,ERR,ERR,ERR,ERR,ERR,ERR,ERR,ERR,ERR,ERR,ERR,50.0,60.0,100,0.0,0.0,0.0,0.0,0.0,0.0,0.0,0.0,0.0,0.0,0.0,0.0,0.0,0.0,0.0,0.0,61.6,78,11,65508,50,65476,0,300,0,0,8,20529,65476,0,0,26214,60.0,0.0,0.0,0.0,0.0,0.0
2026-05-17T16:45:43,ERR,ERR,ERR,ERR,ERR,ERR,ERR,ERR,ERR,ERR,ERR,ERR,ERR,ERR,ERR,ERR,ERR,ERR,ERR,ERR,ERR,ERR,ERR,ERR,ERR,ERR,ERR,ERR,ERR,ERR,ERR,ERR,ERR,ERR,ERR,ERR,ERR,ERR,ERR,ERR,ERR,ERR,ERR,ERR,ERR,ERR,ERR,ERR,ERR,ERR,ERR,ERR,ERR,ERR,ERR,ERR,ERR,ERR,ERR,ERR,ERR,ERR,ERR,ERR,ERR,ERR,ERR,ERR,ERR,ERR,ERR,ERR,ERR,ERR,ERR,ERR,ERR,ERR,ERR,ERR,ERR,ERR,ERR,ERR,ERR,ERR,ERR,ERR,ERR,ERR,ERR,ERR,ERR,ERR,ERR,ERR,ERR,ERR,ERR,ERR,ERR,ERR,ERR,ERR,ERR,ERR,ERR,ERR,ERR,ERR,ERR,ERR,ERR,ERR,ERR,ERR,ERR,ERR,ERR,ERR,ERR,ERR,ERR,ERR,ERR,0.0,0.0,-134474944.0,0.0,0.0,1.3936040501711995e+18,7.805,0.0,0,0,4,0,8422,0.0,45,0.0,0.0,0.0,0.0,0.0,0,0,0,0,0.0,0,0,0,0,0,0,0,0,0,0,0,0,0,0,0,0,0,0,0,0,0,0,0,0,0,0,0,0,0,0,0,0,0,38,14,7,45,65476,0,300,0,0,8,21553,0.0,-107605600.0,0.0,0.0,0.0,0.0,0.0,0.0,0.0,0.0,0.0,0.0,0.0,0.0,0.0,0.0,0.0,0.0,0.0,0.0,0.0,0.0,0.0,0.0,-2.004,2.004,0.0,0.0,0.0,0.0,5009.0,-0.0,0.0,0.0,0.0,0.0,-107615304.0,0.0,0.0,0.0,0.0,53,3.222028592685471e+26,5.848055683159391e+35,0.0,0.0,0.0,0.0,0.0,0.0,0.0,0,0,0,0.0,0.0,0.0,0.0,0.0,0.0,0.0,0.0,0.0,0.0,0.0,0.0,0.0,0.0,0.0,0.0,0,-107875648.0,53,0.0,106,-107614832.0,2.7006707062415038e+23,ERR,ERR,ERR,ERR,ERR,ERR,ERR,ERR,ERR,ERR,ERR,ERR,ERR,ERR,ERR,ERR,ERR,ERR,ERR,ERR,ERR,ERR,ERR,ERR,ERR,ERR,ERR,ERR,ERR,ERR,ERR,ERR,ERR,ERR,ERR,ERR,ERR,ERR,ERR,ERR,ERR,ERR,ERR,ERR,ERR,ERR,ERR,ERR,ERR,ERR,ERR,ERR,ERR,ERR,ERR,ERR,ERR,ERR,ERR,ERR,ERR,ERR,ERR,ERR,ERR,ERR,ERR,50.0,60.0,100,0.0,0.0,0.0,0.0,0.0,0.0,0.0,0.0,0.0,0.0,0.0,0.0,0.0,0.0,0.0,0.0,61.6,78,11,65508,50,65476,0,300,0,0,8,20529,65476,0,0,26214,60.0,0.0,0.0,0.0,0.0,0.0
2026-05-17T16:45:44,ERR,ERR,ERR,ERR,ERR,ERR,ERR,ERR,ERR,ERR,ERR,ERR,ERR,ERR,ERR,ERR,ERR,ERR,ERR,ERR,ERR,ERR,ERR,ERR,ERR,ERR,ERR,ERR,ERR,ERR,ERR,ERR,ERR,ERR,ERR,ERR,ERR,ERR,ERR,ERR,ERR,ERR,ERR,ERR,ERR,ERR,ERR,ERR,ERR,ERR,ERR,ERR,ERR,ERR,ERR,ERR,ERR,ERR,ERR,ERR,ERR,ERR,ERR,ERR,ERR,ERR,ERR,ERR,ERR,ERR,ERR,ERR,ERR,ERR,ERR,ERR,ERR,ERR,ERR,ERR,ERR,ERR,ERR,ERR,ERR,ERR,ERR,ERR,ERR,ERR,ERR,ERR,ERR,ERR,ERR,ERR,ERR,ERR,ERR,ERR,ERR,ERR,ERR,ERR,ERR,ERR,ERR,ERR,ERR,ERR,ERR,ERR,ERR,ERR,ERR,ERR,ERR,ERR,ERR,ERR,ERR,ERR,ERR,ERR,ERR,0.0,0.0,-134474944.0,0.0,0.0,1.3936040501711995e+18,7.805,0.0,0,0,4,0,8422,0.0,45,0.0,0.0,0.0,0.0,0.0,0,0,0,0,0.0,0,0,0,0,0,0,0,0,0,0,0,0,0,0,0,0,0,0,0,0,0,0,0,0,0,0,0,0,0,0,0,0,0,38,14,7,45,65476,0,300,0,0,8,21553,0.0,-107605600.0,0.0,0.0,0.0,0.0,0.0,0.0,0.0,0.0,0.0,0.0,0.0,0.0,0.0,0.0,0.0,0.0,0.0,0.0,0.0,0.0,0.0,0.0,-2.004,2.004,0.0,0.0,0.0,0.0,5009.0,-3.697186133624698e+19,0.0,0.0,0.0,0.0,-107615304.0,0.0,0.0,0.0,0.0,53,2.3088403658719416e+20,-107614784.0,0.0,0.0,0.0,0.0,0.0,0.0,0.0,0,0,0,0.0,0.0,0.0,0.0,0.0,0.0,0.0,0.0,0.0,0.0,0.0,0.0,0.0,0.0,0.0,0.0,0,-107875648.0,53,0.0,106,-107614832.0,2.7006707062415038e+23,ERR,ERR,ERR,ERR,ERR,ERR,ERR,ERR,ERR,ERR,ERR,ERR,ERR,ERR,ERR,ERR,ERR,ERR,ERR,ERR,ERR,ERR,ERR,ERR,ERR,ERR,ERR,ERR,ERR,ERR,ERR,ERR,ERR,ERR,ERR,ERR,ERR,ERR,ERR,ERR,ERR,ERR,ERR,ERR,ERR,ERR,ERR,ERR,ERR,ERR,ERR,ERR,ERR,ERR,ERR,ERR,ERR,ERR,ERR,ERR,ERR,ERR,ERR,ERR,ERR,ERR,ERR,50.0,60.0,100,0.0,0.0,0.0,0.0,0.0,0.0,0.0,0.0,0.0,0.0,0.0,0.0,0.0,0.0,0.0,0.0,61.6,78,11,65508,50,65476,0,300,0,0,8,20529,65476,0,0,26214,60.0,0.0,0.0,0.0,0.0,0.0
2026-05-17T16:45:45,ERR,ERR,ERR,ERR,ERR,ERR,ERR,ERR,ERR,ERR,ERR,ERR,ERR,ERR,ERR,ERR,ERR,ERR,ERR,ERR,ERR,ERR,ERR,ERR,ERR,ERR,ERR,ERR,ERR,ERR,ERR,ERR,ERR,ERR,ERR,ERR,ERR,ERR,ERR,ERR,ERR,ERR,ERR,ERR,ERR,ERR,ERR,ERR,ERR,ERR,ERR,ERR,ERR,ERR,ERR,ERR,ERR,ERR,ERR,ERR,ERR,ERR,ERR,ERR,ERR,ERR,ERR,ERR,ERR,ERR,ERR,ERR,ERR,ERR,ERR,ERR,ERR,ERR,ERR,ERR,ERR,ERR,ERR,ERR,ERR,ERR,ERR,ERR,ERR,ERR,ERR,ERR,ERR,ERR,ERR,ERR,ERR,ERR,ERR,ERR,ERR,ERR,ERR,ERR,ERR,ERR,ERR,ERR,ERR,ERR,ERR,ERR,ERR,ERR,ERR,ERR,ERR,ERR,ERR,ERR,ERR,ERR,ERR,ERR,ERR,0.0,0.0,-134474944.0,0.0,0.0,1.3936040501711995e+18,7.805,0.0,0,0,4,0,8422,0.0,45,0.0,0.0,0.0,0.0,0.0,0,0,0,0,0.0,0,0,0,0,0,0,0,0,0,0,0,0,0,0,0,0,0,0,0,0,0,0,0,0,0,0,0,0,0,0,0,0,0,38,14,7,45,65476,0,300,0,0,8,21553,0.0,-107605600.0,0.0,0.0,0.0,0.0,0.0,0.0,0.0,0.0,0.0,0.0,0.0,0.0,0.0,0.0,0.0,0.0,0.0,0.0,0.0,0.0,0.0,0.0,-2.004,2.004,0.0,0.0,0.0,0.0,5009.0,-3.697186133624698e+19,0.0,0.0,0.0,0.0,-107615304.0,0.0,0.0,0.0,0.0,53,2.3088403658719416e+20,-107614784.0,0.0,0.0,0.0,0.0,0.0,0.0,0.0,0,0,0,0.0,0.0,0.0,0.0,0.0,0.0,0.0,0.0,0.0,0.0,0.0,0.0,0.0,0.0,0.0,0.0,0,-107875648.0,53,0.0,106,-107614832.0,2.7006707062415038e+23,ERR,ERR,ERR,ERR,ERR,ERR,ERR,ERR,ERR,ERR,ERR,ERR,ERR,ERR,ERR,ERR,ERR,ERR,ERR,ERR,ERR,ERR,ERR,ERR,ERR,ERR,ERR,ERR,ERR,ERR,ERR,ERR,ERR,ERR,ERR,ERR,ERR,ERR,ERR,ERR,ERR,ERR,ERR,ERR,ERR,ERR,ERR,ERR,ERR,ERR,ERR,ERR,ERR,ERR,ERR,ERR,ERR,ERR,ERR,ERR,ERR,ERR,ERR,ERR,ERR,ERR,ERR,50.0,60.0,100,0.0,0.0,0.0,0.0,0.0,0.0,0.0,0.0,0.0,0.0,0.0,0.0,0.0,0.0,0.0,0.0,61.6,78,11,65508,50,65476,0,300,0,0,8,20529,65476,0,0,26214,60.0,0.0,0.0,0.0,0.0,0.0
2026-05-17T16:45:46,ERR,ERR,ERR,ERR,ERR,ERR,ERR,ERR,ERR,ERR,ERR,ERR,ERR,ERR,ERR,ERR,ERR,ERR,ERR,ERR,ERR,ERR,ERR,ERR,ERR,ERR,ERR,ERR,ERR,ERR,ERR,ERR,ERR,ERR,ERR,ERR,ERR,ERR,ERR,ERR,ERR,ERR,ERR,ERR,ERR,ERR,ERR,ERR,ERR,ERR,ERR,ERR,ERR,ERR,ERR,ERR,ERR,ERR,ERR,ERR,ERR,ERR,ERR,ERR,ERR,ERR,ERR,ERR,ERR,ERR,ERR,ERR,ERR,ERR,ERR,ERR,ERR,ERR,ERR,ERR,ERR,ERR,ERR,ERR,ERR,ERR,ERR,ERR,ERR,ERR,ERR,ERR,ERR,ERR,ERR,ERR,ERR,ERR,ERR,ERR,ERR,ERR,ERR,ERR,ERR,ERR,ERR,ERR,ERR,ERR,ERR,ERR,ERR,ERR,ERR,ERR,ERR,ERR,ERR,ERR,ERR,ERR,ERR,ERR,ERR,0.0,0.0,-134474944.0,0.0,0.0,1.3936040501711995e+18,7.805,0.0,0,0,4,0,8422,0.0,45,0.0,0.0,0.0,0.0,0.0,0,0,0,0,0.0,0,0,0,0,0,0,0,0,0,0,0,0,0,0,0,0,0,0,0,0,0,0,0,0,0,0,0,0,0,0,0,0,0,38,14,7,45,65476,0,300,0,0,8,21553,0.0,-107605600.0,0.0,0.0,0.0,0.0,0.0,0.0,0.0,0.0,0.0,0.0,0.0,0.0,0.0,0.0,0.0,0.0,0.0,0.0,0.0,0.0,0.0,0.0,-2.004,2.004,0.0,0.0,0.0,0.0,5009.0,-3.697186133624698e+19,0.0,0.0,0.0,0.0,-107615304.0,0.0,0.0,0.0,0.0,53,2.3088403658719416e+20,-107614784.0,0.0,0.0,0.0,0.0,0.0,0.0,0.0,0,0,0,0.0,0.0,0.0,0.0,0.0,0.0,0.0,0.0,0.0,0.0,0.0,0.0,0.0,0.0,0.0,0.0,0,-107875648.0,53,0.0,106,-107614832.0,2.7006707062415038e+23,ERR,ERR,ERR,ERR,ERR,ERR,ERR,ERR,ERR,ERR,ERR,ERR,ERR,ERR,ERR,ERR,ERR,ERR,ERR,ERR,ERR,ERR,ERR,ERR,ERR,ERR,ERR,ERR,ERR,ERR,ERR,ERR,ERR,ERR,ERR,ERR,ERR,ERR,ERR,ERR,ERR,ERR,ERR,ERR,ERR,ERR,ERR,ERR,ERR,ERR,ERR,ERR,ERR,ERR,ERR,ERR,ERR,ERR,ERR,ERR,ERR,ERR,ERR,ERR,ERR,ERR,ERR,50.0,60.0,100,0.0,0.0,0.0,0.0,0.0,0.0,0.0,0.0,0.0,0.0,0.0,0.0,0.0,0.0,0.0,0.0,61.6,78,11,65508,50,65476,0,300,0,0,8,20529,65476,0,0,26214,60.0,0.0,0.0,0.0,0.0,0.0
2026-05-17T16:45:47,ERR,ERR,ERR,ERR,ERR,ERR,ERR,ERR,ERR,ERR,ERR,ERR,ERR,ERR,ERR,ERR,ERR,ERR,ERR,ERR,ERR,ERR,ERR,ERR,ERR,ERR,ERR,ERR,ERR,ERR,ERR,ERR,ERR,ERR,ERR,ERR,ERR,ERR,ERR,ERR,ERR,ERR,ERR,ERR,ERR,ERR,ERR,ERR,ERR,ERR,ERR,ERR,ERR,ERR,ERR,ERR,ERR,ERR,ERR,ERR,ERR,ERR,ERR,ERR,ERR,ERR,ERR,ERR,ERR,ERR,ERR,ERR,ERR,ERR,ERR,ERR,ERR,ERR,ERR,ERR,ERR,ERR,ERR,ERR,ERR,ERR,ERR,ERR,ERR,ERR,ERR,ERR,ERR,ERR,ERR,ERR,ERR,ERR,ERR,ERR,ERR,ERR,ERR,ERR,ERR,ERR,ERR,ERR,ERR,ERR,ERR,ERR,ERR,ERR,ERR,ERR,ERR,ERR,ERR,ERR,ERR,ERR,ERR,ERR,ERR,0.0,0.0,-134474944.0,0.0,0.0,1.3936040501711995e+18,7.805,0.0,0,0,4,0,8422,0.0,45,0.0,0.0,0.0,0.0,0.0,0,0,0,0,0.0,0,0,0,0,0,0,0,0,0,0,0,0,0,0,0,0,0,0,0,0,0,0,0,0,0,0,0,0,0,0,0,0,0,38,14,7,45,65476,0,300,0,0,8,21553,0.0,-107605600.0,0.0,0.0,0.0,0.0,0.0,0.0,0.0,0.0,0.0,0.0,0.0,0.0,0.0,0.0,0.0,0.0,0.0,0.0,0.0,0.0,0.0,0.0,-2.004,2.004,0.0,0.0,0.0,0.0,5009.0,-3.697186133624698e+19,0.0,0.0,0.0,0.0,-107615304.0,0.0,0.0,0.0,0.0,53,2.3088403658719416e+20,-107614784.0,0.0,0.0,0.0,0.0,0.0,0.0,0.0,0,0,0,0.0,0.0,0.0,0.0,0.0,0.0,0.0,0.0,0.0,0.0,0.0,0.0,0.0,0.0,0.0,0.0,0,-107875648.0,53,0.0,106,-107614832.0,2.7006707062415038e+23,ERR,ERR,ERR,ERR,ERR,ERR,ERR,ERR,ERR,ERR,ERR,ERR,ERR,ERR,ERR,ERR,ERR,ERR,ERR,ERR,ERR,ERR,ERR,ERR,ERR,ERR,ERR,ERR,ERR,ERR,ERR,ERR,ERR,ERR,ERR,ERR,ERR,ERR,ERR,ERR,ERR,ERR,ERR,ERR,ERR,ERR,ERR,ERR,ERR,ERR,ERR,ERR,ERR,ERR,ERR,ERR,ERR,ERR,ERR,ERR,ERR,ERR,ERR,ERR,ERR,ERR,ERR,50.0,60.0,100,0.0,0.0,0.0,0.0,0.0,0.0,0.0,0.0,0.0,0.0,0.0,0.0,0.0,0.0,0.0,0.0,61.6,78,11,65508,50,65476,0,300,0,0,8,20529,65476,0,0,26214,60.0,0.0,0.0,0.0,0.0,0.0
2026-05-17T16:45:48,ERR,ERR,ERR,ERR,ERR,ERR,ERR,ERR,ERR,ERR,ERR,ERR,ERR,ERR,ERR,ERR,ERR,ERR,ERR,ERR,ERR,ERR,ERR,ERR,ERR,ERR,ERR,ERR,ERR,ERR,ERR,ERR,ERR,ERR,ERR,ERR,ERR,ERR,ERR,ERR,ERR,ERR,ERR,ERR,ERR,ERR,ERR,ERR,ERR,ERR,ERR,ERR,ERR,ERR,ERR,ERR,ERR,ERR,ERR,ERR,ERR,ERR,ERR,ERR,ERR,ERR,ERR,ERR,ERR,ERR,ERR,ERR,ERR,ERR,ERR,ERR,ERR,ERR,ERR,ERR,ERR,ERR,ERR,ERR,ERR,ERR,ERR,ERR,ERR,ERR,ERR,ERR,ERR,ERR,ERR,ERR,ERR,ERR,ERR,ERR,ERR,ERR,ERR,ERR,ERR,ERR,ERR,ERR,ERR,ERR,ERR,ERR,ERR,ERR,ERR,ERR,ERR,ERR,ERR,ERR,ERR,ERR,ERR,ERR,ERR,0.0,0.0,-134474944.0,0.0,0.0,1.3936040501711995e+18,7.805,0.0,0,0,4,0,8422,0.0,45,0.0,0.0,0.0,0.0,0.0,0,0,0,0,0.0,0,0,0,0,0,0,0,0,0,0,0,0,0,0,0,0,0,0,0,0,0,0,0,0,0,0,0,0,0,0,0,0,0,38,14,7,45,65476,0,300,0,0,8,21553,0.0,-107605600.0,0.0,0.0,0.0,0.0,0.0,0.0,0.0,0.0,0.0,0.0,0.0,0.0,0.0,0.0,0.0,0.0,0.0,0.0,0.0,0.0,0.0,0.0,-2.004,2.004,0.0,0.0,0.0,0.0,5009.0,-3.697186133624698e+19,0.0,0.0,0.0,0.0,-107615304.0,0.0,0.0,0.0,0.0,53,2.3088403658719416e+20,-107614784.0,0.0,0.0,0.0,0.0,0.0,0.0,0.0,0,0,0,0.0,0.0,0.0,0.0,0.0,0.0,0.0,0.0,0.0,0.0,0.0,0.0,0.0,0.0,0.0,0.0,0,-107875648.0,53,0.0,106,-107614832.0,2.7006707062415038e+23,ERR,ERR,ERR,ERR,ERR,ERR,ERR,ERR,ERR,ERR,ERR,ERR,ERR,ERR,ERR,ERR,ERR,ERR,ERR,ERR,ERR,ERR,ERR,ERR,ERR,ERR,ERR,ERR,ERR,ERR,ERR,ERR,ERR,ERR,ERR,ERR,ERR,ERR,ERR,ERR,ERR,ERR,ERR,ERR,ERR,ERR,ERR,ERR,ERR,ERR,ERR,ERR,ERR,ERR,ERR,ERR,ERR,ERR,ERR,ERR,ERR,ERR,ERR,ERR,ERR,ERR,ERR,50.0,60.0,100,0.0,0.0,0.0,0.0,0.0,0.0,0.0,0.0,0.0,0.0,0.0,0.0,0.0,0.0,0.0,0.0,62.0,78,11,65508,50,65476,0,300,0,0,8,20529,65476,0,0,26214,60.0,0.0,0.0,0.0,0.0,0.0
2026-05-17T16:45:49,ERR,ERR,ERR,ERR,ERR,ERR,ERR,ERR,ERR,ERR,ERR,ERR,ERR,ERR,ERR,ERR,ERR,ERR,ERR,ERR,ERR,ERR,ERR,ERR,ERR,ERR,ERR,ERR,ERR,ERR,ERR,ERR,ERR,ERR,ERR,ERR,ERR,ERR,ERR,ERR,ERR,ERR,ERR,ERR,ERR,ERR,ERR,ERR,ERR,ERR,ERR,ERR,ERR,ERR,ERR,ERR,ERR,ERR,ERR,ERR,ERR,ERR,ERR,ERR,ERR,ERR,ERR,ERR,ERR,ERR,ERR,ERR,ERR,ERR,ERR,ERR,ERR,ERR,ERR,ERR,ERR,ERR,ERR,ERR,ERR,ERR,ERR,ERR,ERR,ERR,ERR,ERR,ERR,ERR,ERR,ERR,ERR,ERR,ERR,ERR,ERR,ERR,ERR,ERR,ERR,ERR,ERR,ERR,ERR,ERR,ERR,ERR,ERR,ERR,ERR,ERR,ERR,ERR,ERR,ERR,ERR,ERR,ERR,ERR,ERR,0.0,0.0,-134474944.0,0.0,0.0,1.3936040501711995e+18,7.805,0.0,0,0,4,0,8422,0.0,45,0.0,0.0,0.0,0.0,0.0,0,0,0,0,0.0,0,0,0,0,0,0,0,0,0,0,0,0,0,0,0,0,0,0,0,0,0,0,0,0,0,0,0,0,0,0,0,0,0,38,14,7,45,65476,0,300,0,0,8,21553,0.0,-107605600.0,0.0,0.0,0.0,0.0,0.0,0.0,0.0,0.0,0.0,0.0,0.0,0.0,0.0,0.0,0.0,0.0,0.0,0.0,0.0,0.0,0.0,0.0,-2.004,2.004,0.0,0.0,0.0,0.0,5044.0,3.697186573429349e+19,0.0,0.0,0.0,0.0,-107615304.0,0.0,0.0,0.0,0.0,53,-0.0,4.0668540358038725e+29,0.0,0.0,0.0,0.0,0.0,0.0,0.0,0,0,0,0.0,0.0,0.0,0.0,0.0,0.0,0.0,0.0,0.0,0.0,0.0,0.0,0.0,0.0,0.0,0.0,0,-107875648.0,53,0.0,106,-107614832.0,2.7006707062415038e+23,ERR,ERR,ERR,ERR,ERR,ERR,ERR,ERR,ERR,ERR,ERR,ERR,ERR,ERR,ERR,ERR,ERR,ERR,ERR,ERR,ERR,ERR,ERR,ERR,ERR,ERR,ERR,ERR,ERR,ERR,ERR,ERR,ERR,ERR,ERR,ERR,ERR,ERR,ERR,ERR,ERR,ERR,ERR,ERR,ERR,ERR,ERR,ERR,ERR,ERR,ERR,ERR,ERR,ERR,ERR,ERR,ERR,ERR,ERR,ERR,ERR,ERR,ERR,ERR,ERR,ERR,ERR,50.0,60.0,100,0.0,0.0,0.0,0.0,0.0,0.0,0.0,0.0,0.0,0.0,0.0,0.0,0.0,0.0,0.0,0.0,62.0,78,11,65508,50,65476,0,300,0,0,8,20529,65476,0,0,26214,60.0,0.0,0.0,0.0,0.0,0.0
2026-05-17T16:45:50,ERR,ERR,ERR,ERR,ERR,ERR,ERR,ERR,ERR,ERR,ERR,ERR,ERR,ERR,ERR,ERR,ERR,ERR,ERR,ERR,ERR,ERR,ERR,ERR,ERR,ERR,ERR,ERR,ERR,ERR,ERR,ERR,ERR,ERR,ERR,ERR,ERR,ERR,ERR,ERR,ERR,ERR,ERR,ERR,ERR,ERR,ERR,ERR,ERR,ERR,ERR,ERR,ERR,ERR,ERR,ERR,ERR,ERR,ERR,ERR,ERR,ERR,ERR,ERR,ERR,ERR,ERR,ERR,ERR,ERR,ERR,ERR,ERR,ERR,ERR,ERR,ERR,ERR,ERR,ERR,ERR,ERR,ERR,ERR,ERR,ERR,ERR,ERR,ERR,ERR,ERR,ERR,ERR,ERR,ERR,ERR,ERR,ERR,ERR,ERR,ERR,ERR,ERR,ERR,ERR,ERR,ERR,ERR,ERR,ERR,ERR,ERR,ERR,ERR,ERR,ERR,ERR,ERR,ERR,ERR,ERR,ERR,ERR,ERR,ERR,0.0,0.0,-134474944.0,0.0,0.0,1.3936040501711995e+18,7.805,0.0,0,0,4,0,8422,0.0,45,0.0,0.0,0.0,0.0,0.0,0,0,0,0,0.0,0,0,0,0,0,0,0,0,0,0,0,0,0,0,0,0,0,0,0,0,0,0,0,0,0,0,0,0,0,0,0,0,0,38,14,7,45,65476,0,300,0,0,8,21553,0.0,-107605600.0,0.0,0.0,0.0,0.0,0.0,0.0,0.0,0.0,0.0,0.0,0.0,0.0,0.0,0.0,0.0,0.0,0.0,0.0,0.0,0.0,0.0,0.0,-2.004,2.004,0.0,0.0,0.0,0.0,5044.0,3.697186573429349e+19,0.0,0.0,0.0,0.0,-107615304.0,0.0,0.0,0.0,0.0,53,-0.0,4.0668540358038725e+29,0.0,0.0,0.0,0.0,0.0,0.0,0.0,0,0,0,0.0,0.0,0.0,0.0,0.0,0.0,0.0,0.0,0.0,0.0,0.0,0.0,0.0,0.0,0.0,0.0,0,-107875648.0,53,0.0,106,-107614832.0,2.7006707062415038e+23,ERR,ERR,ERR,ERR,ERR,ERR,ERR,ERR,ERR,ERR,ERR,ERR,ERR,ERR,ERR,ERR,ERR,ERR,ERR,ERR,ERR,ERR,ERR,ERR,ERR,ERR,ERR,ERR,ERR,ERR,ERR,ERR,ERR,ERR,ERR,ERR,ERR,ERR,ERR,ERR,ERR,ERR,ERR,ERR,ERR,ERR,ERR,ERR,ERR,ERR,ERR,ERR,ERR,ERR,ERR,ERR,ERR,ERR,ERR,ERR,ERR,ERR,ERR,ERR,ERR,ERR,ERR,50.0,60.0,100,0.0,0.0,0.0,0.0,0.0,0.0,0.0,0.0,0.0,0.0,0.0,0.0,0.0,0.0,0.0,0.0,62.0,78,11,65508,50,65476,0,300,0,0,8,20529,65476,0,0,26214,60.0,0.0,0.0,0.0,0.0,0.0
2026-05-17T16:45:51,ERR,ERR,ERR,ERR,ERR,ERR,ERR,ERR,ERR,ERR,ERR,ERR,ERR,ERR,ERR,ERR,ERR,ERR,ERR,ERR,ERR,ERR,ERR,ERR,ERR,ERR,ERR,ERR,ERR,ERR,ERR,ERR,ERR,ERR,ERR,ERR,ERR,ERR,ERR,ERR,ERR,ERR,ERR,ERR,ERR,ERR,ERR,ERR,ERR,ERR,ERR,ERR,ERR,ERR,ERR,ERR,ERR,ERR,ERR,ERR,ERR,ERR,ERR,ERR,ERR,ERR,ERR,ERR,ERR,ERR,ERR,ERR,ERR,ERR,ERR,ERR,ERR,ERR,ERR,ERR,ERR,ERR,ERR,ERR,ERR,ERR,ERR,ERR,ERR,ERR,ERR,ERR,ERR,ERR,ERR,ERR,ERR,ERR,ERR,ERR,ERR,ERR,ERR,ERR,ERR,ERR,ERR,ERR,ERR,ERR,ERR,ERR,ERR,ERR,ERR,ERR,ERR,ERR,ERR,ERR,ERR,ERR,ERR,ERR,ERR,0.0,0.0,-134474944.0,0.0,0.0,1.3936040501711995e+18,7.805,0.0,0,0,4,0,8422,0.0,45,0.0,0.0,0.0,0.0,0.0,0,0,0,0,0.0,0,0,0,0,0,0,0,0,0,0,0,0,0,0,0,0,0,0,0,0,0,0,0,0,0,0,0,0,0,0,0,0,0,38,14,7,45,65476,0,300,0,0,8,21553,0.0,-107605600.0,0.0,0.0,0.0,0.0,0.0,0.0,0.0,0.0,0.0,0.0,0.0,0.0,0.0,0.0,0.0,0.0,0.0,0.0,0.0,0.0,0.0,0.0,-2.004,2.004,0.0,0.0,0.0,0.0,5044.0,3.697186573429349e+19,0.0,0.0,0.0,0.0,-107615304.0,0.0,0.0,0.0,0.0,53,-0.0,4.0668540358038725e+29,0.0,0.0,0.0,0.0,0.0,0.0,0.0,0,0,0,0.0,0.0,0.0,0.0,0.0,0.0,0.0,0.0,0.0,0.0,0.0,0.0,0.0,0.0,0.0,0.0,0,-107875648.0,53,0.0,106,-107614832.0,2.7006707062415038e+23,ERR,ERR,ERR,ERR,ERR,ERR,ERR,ERR,ERR,ERR,ERR,ERR,ERR,ERR,ERR,ERR,ERR,ERR,ERR,ERR,ERR,ERR,ERR,ERR,ERR,ERR,ERR,ERR,ERR,ERR,ERR,ERR,ERR,ERR,ERR,ERR,ERR,ERR,ERR,ERR,ERR,ERR,ERR,ERR,ERR,ERR,ERR,ERR,ERR,ERR,ERR,ERR,ERR,ERR,ERR,ERR,ERR,ERR,ERR,ERR,ERR,ERR,ERR,ERR,ERR,ERR,ERR,50.0,60.0,100,0.0,0.0,0.0,0.0,0.0,0.0,0.0,0.0,0.0,0.0,0.0,0.0,0.0,0.0,0.0,0.0,61.6,78,11,65508,50,65476,0,300,0,0,8,20529,65476,0,0,26214,60.0,0.0,0.0,0.0,0.0,0.0
2026-05-17T16:45:52,ERR,ERR,ERR,ERR,ERR,ERR,ERR,ERR,ERR,ERR,ERR,ERR,ERR,ERR,ERR,ERR,ERR,ERR,ERR,ERR,ERR,ERR,ERR,ERR,ERR,ERR,ERR,ERR,ERR,ERR,ERR,ERR,ERR,ERR,ERR,ERR,ERR,ERR,ERR,ERR,ERR,ERR,ERR,ERR,ERR,ERR,ERR,ERR,ERR,ERR,ERR,ERR,ERR,ERR,ERR,ERR,ERR,ERR,ERR,ERR,ERR,ERR,ERR,ERR,ERR,ERR,ERR,ERR,ERR,ERR,ERR,ERR,ERR,ERR,ERR,ERR,ERR,ERR,ERR,ERR,ERR,ERR,ERR,ERR,ERR,ERR,ERR,ERR,ERR,ERR,ERR,ERR,ERR,ERR,ERR,ERR,ERR,ERR,ERR,ERR,ERR,ERR,ERR,ERR,ERR,ERR,ERR,ERR,ERR,ERR,ERR,ERR,ERR,ERR,ERR,ERR,ERR,ERR,ERR,ERR,ERR,ERR,ERR,ERR,ERR,0.0,0.0,-134474944.0,0.0,0.0,1.3936040501711995e+18,7.805,0.0,0,0,4,0,8422,0.0,45,0.0,0.0,0.0,0.0,0.0,0,0,0,0,0.0,0,0,0,0,0,0,0,0,0,0,0,0,0,0,0,0,0,0,0,0,0,0,0,0,0,0,0,0,0,0,0,0,0,38,14,7,45,65476,0,300,0,0,8,21553,0.0,-107605600.0,0.0,0.0,0.0,0.0,0.0,0.0,0.0,0.0,0.0,0.0,0.0,0.0,0.0,0.0,0.0,0.0,0.0,0.0,0.0,0.0,0.0,0.0,-2.004,2.004,0.0,0.0,0.0,0.0,5044.0,3.697186573429349e+19,0.0,0.0,0.0,0.0,-107615304.0,0.0,0.0,0.0,0.0,53,-0.0,4.0668540358038725e+29,0.0,0.0,0.0,0.0,0.0,0.0,0.0,0,0,0,0.0,0.0,0.0,0.0,0.0,0.0,0.0,0.0,0.0,0.0,0.0,0.0,0.0,0.0,0.0,0.0,0,-107875648.0,53,0.0,106,-107614832.0,2.7006707062415038e+23,ERR,ERR,ERR,ERR,ERR,ERR,ERR,ERR,ERR,ERR,ERR,ERR,ERR,ERR,ERR,ERR,ERR,ERR,ERR,ERR,ERR,ERR,ERR,ERR,ERR,ERR,ERR,ERR,ERR,ERR,ERR,ERR,ERR,ERR,ERR,ERR,ERR,ERR,ERR,ERR,ERR,ERR,ERR,ERR,ERR,ERR,ERR,ERR,ERR,ERR,ERR,ERR,ERR,ERR,ERR,ERR,ERR,ERR,ERR,ERR,ERR,ERR,ERR,ERR,ERR,ERR,ERR,50.0,60.0,100,0.0,0.0,0.0,0.0,0.0,0.0,0.0,0.0,0.0,0.0,0.0,0.0,0.0,0.0,0.0,0.0,61.6,78,11,65508,50,65476,0,300,0,0,8,20529,65476,0,0,26214,60.0,0.0,0.0,0.0,0.0,0.0
2026-05-17T16:45:53,ERR,ERR,ERR,ERR,ERR,ERR,ERR,ERR,ERR,ERR,ERR,ERR,ERR,ERR,ERR,ERR,ERR,ERR,ERR,ERR,ERR,ERR,ERR,ERR,ERR,ERR,ERR,ERR,ERR,ERR,ERR,ERR,ERR,ERR,ERR,ERR,ERR,ERR,ERR,ERR,ERR,ERR,ERR,ERR,ERR,ERR,ERR,ERR,ERR,ERR,ERR,ERR,ERR,ERR,ERR,ERR,ERR,ERR,ERR,ERR,ERR,ERR,ERR,ERR,ERR,ERR,ERR,ERR,ERR,ERR,ERR,ERR,ERR,ERR,ERR,ERR,ERR,ERR,ERR,ERR,ERR,ERR,ERR,ERR,ERR,ERR,ERR,ERR,ERR,ERR,ERR,ERR,ERR,ERR,ERR,ERR,ERR,ERR,ERR,ERR,ERR,ERR,ERR,ERR,ERR,ERR,ERR,ERR,ERR,ERR,ERR,ERR,ERR,ERR,ERR,ERR,ERR,ERR,ERR,ERR,ERR,ERR,ERR,ERR,ERR,0.0,0.0,-134474944.0,0.0,0.0,1.3936040501711995e+18,7.805,0.0,0,0,4,0,8422,0.0,45,0.0,0.0,0.0,0.0,0.0,0,0,0,0,0.0,0,0,0,0,0,0,0,0,0,0,0,0,0,0,0,0,0,0,0,0,0,0,0,0,0,0,0,0,0,0,0,0,0,38,14,7,45,65476,0,300,0,0,8,21553,0.0,-107605600.0,0.0,0.0,0.0,0.0,0.0,0.0,0.0,0.0,0.0,0.0,0.0,0.0,0.0,0.0,0.0,0.0,0.0,0.0,0.0,0.0,0.0,0.0,-2.004,2.004,0.0,0.0,0.0,0.0,5044.0,3.697186573429349e+19,0.0,0.0,0.0,0.0,-107615304.0,0.0,0.0,0.0,0.0,53,-0.0,4.0668540358038725e+29,0.0,0.0,0.0,0.0,0.0,0.0,0.0,0,0,0,0.0,0.0,0.0,0.0,0.0,0.0,0.0,0.0,0.0,0.0,0.0,0.0,0.0,0.0,0.0,0.0,0,-107875648.0,53,0.0,106,-107614832.0,2.7006707062415038e+23,ERR,ERR,ERR,ERR,ERR,ERR,ERR,ERR,ERR,ERR,ERR,ERR,ERR,ERR,ERR,ERR,ERR,ERR,ERR,ERR,ERR,ERR,ERR,ERR,ERR,ERR,ERR,ERR,ERR,ERR,ERR,ERR,ERR,ERR,ERR,ERR,ERR,ERR,ERR,ERR,ERR,ERR,ERR,ERR,ERR,ERR,ERR,ERR,ERR,ERR,ERR,ERR,ERR,ERR,ERR,ERR,ERR,ERR,ERR,ERR,ERR,ERR,ERR,ERR,ERR,ERR,ERR,50.0,60.0,100,0.0,0.0,0.0,0.0,0.0,0.0,0.0,0.0,0.0,0.0,0.0,0.0,0.0,0.0,0.0,0.0,61.6,78,11,65508,50,65476,0,300,0,0,8,20529,65476,0,0,26214,60.0,0.0,0.0,0.0,0.0,0.0
2026-05-17T16:45:54,ERR,ERR,ERR,ERR,ERR,ERR,ERR,ERR,ERR,ERR,ERR,ERR,ERR,ERR,ERR,ERR,ERR,ERR,ERR,ERR,ERR,ERR,ERR,ERR,ERR,ERR,ERR,ERR,ERR,ERR,ERR,ERR,ERR,ERR,ERR,ERR,ERR,ERR,ERR,ERR,ERR,ERR,ERR,ERR,ERR,ERR,ERR,ERR,ERR,ERR,ERR,ERR,ERR,ERR,ERR,ERR,ERR,ERR,ERR,ERR,ERR,ERR,ERR,ERR,ERR,ERR,ERR,ERR,ERR,ERR,ERR,ERR,ERR,ERR,ERR,ERR,ERR,ERR,ERR,ERR,ERR,ERR,ERR,ERR,ERR,ERR,ERR,ERR,ERR,ERR,ERR,ERR,ERR,ERR,ERR,ERR,ERR,ERR,ERR,ERR,ERR,ERR,ERR,ERR,ERR,ERR,ERR,ERR,ERR,ERR,ERR,ERR,ERR,ERR,ERR,ERR,ERR,ERR,ERR,ERR,ERR,ERR,ERR,ERR,ERR,0.0,0.0,-134474944.0,0.0,0.0,1.3936040501711995e+18,7.805,0.0,0,0,4,0,8422,0.0,45,0.0,0.0,0.0,0.0,0.0,0,0,0,0,0.0,0,0,0,0,0,0,0,0,0,0,0,0,0,0,0,0,0,0,0,0,0,0,0,0,0,0,0,0,0,0,0,0,0,38,14,7,45,65476,0,300,0,0,8,21553,0.0,-107605600.0,0.0,0.0,0.0,0.0,0.0,0.0,0.0,0.0,0.0,0.0,0.0,0.0,0.0,0.0,0.0,0.0,0.0,0.0,0.0,0.0,0.0,0.0,-2.004,2.004,0.0,0.0,0.0,0.0,5039.0,8608183296.0,0.0,0.0,0.0,0.0,-107615304.0,0.0,0.0,0.0,0.0,53,4.066880103266858e+29,1.9056860945658675e+17,0.0,0.0,0.0,0.0,0.0,0.0,0.0,0,0,0,0.0,0.0,0.0,0.0,0.0,0.0,0.0,0.0,0.0,0.0,0.0,0.0,0.0,0.0,0.0,0.0,0,-107875648.0,53,0.0,106,-107614832.0,2.7006707062415038e+23,ERR,ERR,ERR,ERR,ERR,ERR,ERR,ERR,ERR,ERR,ERR,ERR,ERR,ERR,ERR,ERR,ERR,ERR,ERR,ERR,ERR,ERR,ERR,ERR,ERR,ERR,ERR,ERR,ERR,ERR,ERR,ERR,ERR,ERR,ERR,ERR,ERR,ERR,ERR,ERR,ERR,ERR,ERR,ERR,ERR,ERR,ERR,ERR,ERR,ERR,ERR,ERR,ERR,ERR,ERR,ERR,ERR,ERR,ERR,ERR,ERR,ERR,ERR,ERR,ERR,ERR,ERR,50.0,60.0,100,0.0,0.0,0.0,0.0,0.0,0.0,0.0,0.0,0.0,0.0,0.0,0.0,0.0,0.0,0.0,0.0,61.6,78,11,65508,50,65476,0,300,0,0,8,20529,65476,0,0,26214,60.0,0.0,0.0,0.0,0.0,0.0
2026-05-17T16:45:55,ERR,ERR,ERR,ERR,ERR,ERR,ERR,ERR,ERR,ERR,ERR,ERR,ERR,ERR,ERR,ERR,ERR,ERR,ERR,ERR,ERR,ERR,ERR,ERR,ERR,ERR,ERR,ERR,ERR,ERR,ERR,ERR,ERR,ERR,ERR,ERR,ERR,ERR,ERR,ERR,ERR,ERR,ERR,ERR,ERR,ERR,ERR,ERR,ERR,ERR,ERR,ERR,ERR,ERR,ERR,ERR,ERR,ERR,ERR,ERR,ERR,ERR,ERR,ERR,ERR,ERR,ERR,ERR,ERR,ERR,ERR,ERR,ERR,ERR,ERR,ERR,ERR,ERR,ERR,ERR,ERR,ERR,ERR,ERR,ERR,ERR,ERR,ERR,ERR,ERR,ERR,ERR,ERR,ERR,ERR,ERR,ERR,ERR,ERR,ERR,ERR,ERR,ERR,ERR,ERR,ERR,ERR,ERR,ERR,ERR,ERR,ERR,ERR,ERR,ERR,ERR,ERR,ERR,ERR,ERR,ERR,ERR,ERR,ERR,ERR,0.0,0.0,-134474944.0,0.0,0.0,1.3936040501711995e+18,7.805,0.0,0,0,4,0,8422,0.0,45,0.0,0.0,0.0,0.0,0.0,0,0,0,0,0.0,0,0,0,0,0,0,0,0,0,0,0,0,0,0,0,0,0,0,0,0,0,0,0,0,0,0,0,0,0,0,0,0,0,38,14,7,45,65476,0,300,0,0,8,21553,0.0,-107605600.0,0.0,0.0,0.0,0.0,0.0,0.0,0.0,0.0,0.0,0.0,0.0,0.0,0.0,0.0,0.0,0.0,0.0,0.0,0.0,0.0,0.0,0.0,-2.004,2.004,0.0,0.0,0.0,0.0,5039.0,8608183296.0,0.0,0.0,0.0,0.0,-107615304.0,0.0,0.0,0.0,0.0,53,4.066880103266858e+29,1.9056860945658675e+17,0.0,0.0,0.0,0.0,0.0,0.0,0.0,0,0,0,0.0,0.0,0.0,0.0,0.0,0.0,0.0,0.0,0.0,0.0,0.0,0.0,0.0,0.0,0.0,0.0,0,-107875648.0,53,0.0,106,-107614832.0,2.7006707062415038e+23,ERR,ERR,ERR,ERR,ERR,ERR,ERR,ERR,ERR,ERR,ERR,ERR,ERR,ERR,ERR,ERR,ERR,ERR,ERR,ERR,ERR,ERR,ERR,ERR,ERR,ERR,ERR,ERR,ERR,ERR,ERR,ERR,ERR,ERR,ERR,ERR,ERR,ERR,ERR,ERR,ERR,ERR,ERR,ERR,ERR,ERR,ERR,ERR,ERR,ERR,ERR,ERR,ERR,ERR,ERR,ERR,ERR,ERR,ERR,ERR,ERR,ERR,ERR,ERR,ERR,ERR,ERR,50.0,60.0,100,0.0,0.0,0.0,0.0,0.0,0.0,0.0,0.0,0.0,0.0,0.0,0.0,0.0,0.0,0.0,0.0,61.6,78,11,65508,50,65476,0,300,0,0,8,20529,65476,0,0,26214,60.0,0.0,0.0,0.0,0.0,0.0
2026-05-17T16:45:56,ERR,ERR,ERR,ERR,ERR,ERR,ERR,ERR,ERR,ERR,ERR,ERR,ERR,ERR,ERR,ERR,ERR,ERR,ERR,ERR,ERR,ERR,ERR,ERR,ERR,ERR,ERR,ERR,ERR,ERR,ERR,ERR,ERR,ERR,ERR,ERR,ERR,ERR,ERR,ERR,ERR,ERR,ERR,ERR,ERR,ERR,ERR,ERR,ERR,ERR,ERR,ERR,ERR,ERR,ERR,ERR,ERR,ERR,ERR,ERR,ERR,ERR,ERR,ERR,ERR,ERR,ERR,ERR,ERR,ERR,ERR,ERR,ERR,ERR,ERR,ERR,ERR,ERR,ERR,ERR,ERR,ERR,ERR,ERR,ERR,ERR,ERR,ERR,ERR,ERR,ERR,ERR,ERR,ERR,ERR,ERR,ERR,ERR,ERR,ERR,ERR,ERR,ERR,ERR,ERR,ERR,ERR,ERR,ERR,ERR,ERR,ERR,ERR,ERR,ERR,ERR,ERR,ERR,ERR,ERR,ERR,ERR,ERR,ERR,ERR,0.0,0.0,-134474944.0,0.0,0.0,1.3936040501711995e+18,7.805,0.0,0,0,4,0,8422,0.0,45,0.0,0.0,0.0,0.0,0.0,0,0,0,0,0.0,0,0,0,0,0,0,0,0,0,0,0,0,0,0,0,0,0,0,0,0,0,0,0,0,0,0,0,0,0,0,0,0,0,38,14,7,45,65476,0,300,0,0,8,21553,0.0,-107605600.0,0.0,0.0,0.0,0.0,0.0,0.0,0.0,0.0,0.0,0.0,0.0,0.0,0.0,0.0,0.0,0.0,0.0,0.0,0.0,0.0,0.0,0.0,-2.004,2.004,0.0,0.0,0.0,0.0,5039.0,8608183296.0,0.0,0.0,0.0,0.0,-107615304.0,0.0,0.0,0.0,0.0,53,4.066880103266858e+29,1.9056860945658675e+17,0.0,0.0,0.0,0.0,0.0,0.0,0.0,0,0,0,0.0,0.0,0.0,0.0,0.0,0.0,0.0,0.0,0.0,0.0,0.0,0.0,0.0,0.0,0.0,0.0,0,-107875648.0,53,0.0,106,-107614832.0,2.7006707062415038e+23,ERR,ERR,ERR,ERR,ERR,ERR,ERR,ERR,ERR,ERR,ERR,ERR,ERR,ERR,ERR,ERR,ERR,ERR,ERR,ERR,ERR,ERR,ERR,ERR,ERR,ERR,ERR,ERR,ERR,ERR,ERR,ERR,ERR,ERR,ERR,ERR,ERR,ERR,ERR,ERR,ERR,ERR,ERR,ERR,ERR,ERR,ERR,ERR,ERR,ERR,ERR,ERR,ERR,ERR,ERR,ERR,ERR,ERR,ERR,ERR,ERR,ERR,ERR,ERR,ERR,ERR,ERR,50.0,60.0,100,0.0,0.0,0.0,0.0,0.0,0.0,0.0,0.0,0.0,0.0,0.0,0.0,0.0,0.0,0.0,0.0,61.6,78,11,65508,50,65476,0,300,0,0,8,20529,65476,0,0,26214,60.0,0.0,0.0,0.0,0.0,0.0
2026-05-17T16:45:57,ERR,ERR,ERR,ERR,ERR,ERR,ERR,ERR,ERR,ERR,ERR,ERR,ERR,ERR,ERR,ERR,ERR,ERR,ERR,ERR,ERR,ERR,ERR,ERR,ERR,ERR,ERR,ERR,ERR,ERR,ERR,ERR,ERR,ERR,ERR,ERR,ERR,ERR,ERR,ERR,ERR,ERR,ERR,ERR,ERR,ERR,ERR,ERR,ERR,ERR,ERR,ERR,ERR,ERR,ERR,ERR,ERR,ERR,ERR,ERR,ERR,ERR,ERR,ERR,ERR,ERR,ERR,ERR,ERR,ERR,ERR,ERR,ERR,ERR,ERR,ERR,ERR,ERR,ERR,ERR,ERR,ERR,ERR,ERR,ERR,ERR,ERR,ERR,ERR,ERR,ERR,ERR,ERR,ERR,ERR,ERR,ERR,ERR,ERR,ERR,ERR,ERR,ERR,ERR,ERR,ERR,ERR,ERR,ERR,ERR,ERR,ERR,ERR,ERR,ERR,ERR,ERR,ERR,ERR,ERR,ERR,ERR,ERR,ERR,ERR,0.0,0.0,-134474944.0,0.0,0.0,1.3936040501711995e+18,7.805,0.0,0,0,4,0,8422,0.0,45,0.0,0.0,0.0,0.0,0.0,0,0,0,0,0.0,0,0,0,0,0,0,0,0,0,0,0,0,0,0,0,0,0,0,0,0,0,0,0,0,0,0,0,0,0,0,0,0,0,38,14,7,45,65476,0,300,0,0,8,21553,0.0,-107605600.0,0.0,0.0,0.0,0.0,0.0,0.0,0.0,0.0,0.0,0.0,0.0,0.0,0.0,0.0,0.0,0.0,0.0,0.0,0.0,0.0,0.0,0.0,-2.004,2.004,0.0,0.0,0.0,0.0,5039.0,8608183296.0,0.0,0.0,0.0,0.0,-107615304.0,0.0,0.0,0.0,0.0,53,4.066880103266858e+29,1.9056860945658675e+17,0.0,0.0,0.0,0.0,0.0,0.0,0.0,0,0,0,0.0,0.0,0.0,0.0,0.0,0.0,0.0,0.0,0.0,0.0,0.0,0.0,0.0,0.0,0.0,0.0,0,-107875648.0,53,0.0,106,-107614832.0,2.7006707062415038e+23,ERR,ERR,ERR,ERR,ERR,ERR,ERR,ERR,ERR,ERR,ERR,ERR,ERR,ERR,ERR,ERR,ERR,ERR,ERR,ERR,ERR,ERR,ERR,ERR,ERR,ERR,ERR,ERR,ERR,ERR,ERR,ERR,ERR,ERR,ERR,ERR,ERR,ERR,ERR,ERR,ERR,ERR,ERR,ERR,ERR,ERR,ERR,ERR,ERR,ERR,ERR,ERR,ERR,ERR,ERR,ERR,ERR,ERR,ERR,ERR,ERR,ERR,ERR,ERR,ERR,ERR,ERR,50.0,60.0,100,0.0,0.0,0.0,0.0,0.0,0.0,0.0,0.0,0.0,0.0,0.0,0.0,0.0,0.0,0.0,0.0,61.6,78,11,65508,50,65476,0,300,0,0,8,20529,65476,0,0,26214,60.0,0.0,0.0,0.0,0.0,0.0
2026-05-17T16:45:58,ERR,ERR,ERR,ERR,ERR,ERR,ERR,ERR,ERR,ERR,ERR,ERR,ERR,ERR,ERR,ERR,ERR,ERR,ERR,ERR,ERR,ERR,ERR,ERR,ERR,ERR,ERR,ERR,ERR,ERR,ERR,ERR,ERR,ERR,ERR,ERR,ERR,ERR,ERR,ERR,ERR,ERR,ERR,ERR,ERR,ERR,ERR,ERR,ERR,ERR,ERR,ERR,ERR,ERR,ERR,ERR,ERR,ERR,ERR,ERR,ERR,ERR,ERR,ERR,ERR,ERR,ERR,ERR,ERR,ERR,ERR,ERR,ERR,ERR,ERR,ERR,ERR,ERR,ERR,ERR,ERR,ERR,ERR,ERR,ERR,ERR,ERR,ERR,ERR,ERR,ERR,ERR,ERR,ERR,ERR,ERR,ERR,ERR,ERR,ERR,ERR,ERR,ERR,ERR,ERR,ERR,ERR,ERR,ERR,ERR,ERR,ERR,ERR,ERR,ERR,ERR,ERR,ERR,ERR,ERR,ERR,ERR,ERR,ERR,ERR,0.0,0.0,-134474944.0,0.0,0.0,1.3936040501711995e+18,7.805,0.0,0,0,4,0,8422,0.0,45,0.0,0.0,0.0,0.0,0.0,0,0,0,0,0.0,0,0,0,0,0,0,0,0,0,0,0,0,0,0,0,0,0,0,0,0,0,0,0,0,0,0,0,0,0,0,0,0,0,38,14,7,45,65476,0,300,0,0,8,21553,0.0,-107605600.0,0.0,0.0,0.0,0.0,0.0,0.0,0.0,0.0,0.0,0.0,0.0,0.0,0.0,0.0,0.0,0.0,0.0,0.0,0.0,0.0,0.0,0.0,-2.004,2.004,0.0,0.0,0.0,0.0,5039.0,8608183296.0,0.0,0.0,0.0,0.0,-107615304.0,0.0,0.0,0.0,0.0,53,4.066880103266858e+29,1.9056860945658675e+17,0.0,0.0,0.0,0.0,0.0,0.0,0.0,0,0,0,0.0,0.0,0.0,0.0,0.0,0.0,0.0,0.0,0.0,0.0,0.0,0.0,0.0,0.0,0.0,0.0,0,-107875648.0,53,0.0,106,-107614832.0,2.7006707062415038e+23,ERR,ERR,ERR,ERR,ERR,ERR,ERR,ERR,ERR,ERR,ERR,ERR,ERR,ERR,ERR,ERR,ERR,ERR,ERR,ERR,ERR,ERR,ERR,ERR,ERR,ERR,ERR,ERR,ERR,ERR,ERR,ERR,ERR,ERR,ERR,ERR,ERR,ERR,ERR,ERR,ERR,ERR,ERR,ERR,ERR,ERR,ERR,ERR,ERR,ERR,ERR,ERR,ERR,ERR,ERR,ERR,ERR,ERR,ERR,ERR,ERR,ERR,ERR,ERR,ERR,ERR,ERR,50.0,60.0,100,0.0,0.0,0.0,0.0,0.0,0.0,0.0,0.0,0.0,0.0,0.0,0.0,0.0,0.0,0.0,0.0,61.6,78,11,65508,50,65476,0,300,0,0,8,20529,65476,0,0,26214,60.0,0.0,0.0,0.0,0.0,0.0
2026-05-17T16:45:59,ERR,ERR,ERR,ERR,ERR,ERR,ERR,ERR,ERR,ERR,ERR,ERR,ERR,ERR,ERR,ERR,ERR,ERR,ERR,ERR,ERR,ERR,ERR,ERR,ERR,ERR,ERR,ERR,ERR,ERR,ERR,ERR,ERR,ERR,ERR,ERR,ERR,ERR,ERR,ERR,ERR,ERR,ERR,ERR,ERR,ERR,ERR,ERR,ERR,ERR,ERR,ERR,ERR,ERR,ERR,ERR,ERR,ERR,ERR,ERR,ERR,ERR,ERR,ERR,ERR,ERR,ERR,ERR,ERR,ERR,ERR,ERR,ERR,ERR,ERR,ERR,ERR,ERR,ERR,ERR,ERR,ERR,ERR,ERR,ERR,ERR,ERR,ERR,ERR,ERR,ERR,ERR,ERR,ERR,ERR,ERR,ERR,ERR,ERR,ERR,ERR,ERR,ERR,ERR,ERR,ERR,ERR,ERR,ERR,ERR,ERR,ERR,ERR,ERR,ERR,ERR,ERR,ERR,ERR,ERR,ERR,ERR,ERR,ERR,ERR,0.0,0.0,-134474944.0,0.0,0.0,1.3936040501711995e+18,7.805,0.0,0,0,4,0,8422,0.0,45,0.0,0.0,0.0,0.0,0.0,0,0,0,0,0.0,0,0,0,0,0,0,0,0,0,0,0,0,0,0,0,0,0,0,0,0,0,0,0,0,0,0,0,0,0,0,0,0,0,38,14,7,45,65476,0,300,0,0,8,21553,0.0,-107605600.0,0.0,0.0,0.0,0.0,0.0,0.0,0.0,0.0,0.0,0.0,0.0,0.0,0.0,0.0,0.0,0.0,0.0,0.0,0.0,0.0,0.0,0.0,-2.004,2.004,0.0,0.0,0.0,0.0,5045.0,1.5879295420089355e+29,0.0,0.0,0.0,0.0,-107615304.0,0.0,0.0,0.0,0.0,53,-0.0,-0.0,0.0,0.0,0.0,0.0,0.0,0.0,0.0,0,0,0,0.0,0.0,0.0,0.0,0.0,0.0,0.0,0.0,0.0,0.0,0.0,0.0,0.0,0.0,0.0,0.0,0,-107875648.0,53,0.0,106,-107614832.0,2.7006707062415038e+23,ERR,ERR,ERR,ERR,ERR,ERR,ERR,ERR,ERR,ERR,ERR,ERR,ERR,ERR,ERR,ERR,ERR,ERR,ERR,ERR,ERR,ERR,ERR,ERR,ERR,ERR,ERR,ERR,ERR,ERR,ERR,ERR,ERR,ERR,ERR,ERR,ERR,ERR,ERR,ERR,ERR,ERR,ERR,ERR,ERR,ERR,ERR,ERR,ERR,ERR,ERR,ERR,ERR,ERR,ERR,ERR,ERR,ERR,ERR,ERR,ERR,ERR,ERR,ERR,ERR,ERR,ERR,50.0,60.0,100,0.0,0.0,0.0,0.0,0.0,0.0,0.0,0.0,0.0,0.0,0.0,0.0,0.0,0.0,0.0,0.0,61.6,78,11,65508,50,65476,0,300,0,0,8,20529,65476,0,0,26214,60.0,0.0,0.0,0.0,0.0,0.0
2026-05-17T16:46:00,ERR,ERR,ERR,ERR,ERR,ERR,ERR,ERR,ERR,ERR,ERR,ERR,ERR,ERR,ERR,ERR,ERR,ERR,ERR,ERR,ERR,ERR,ERR,ERR,ERR,ERR,ERR,ERR,ERR,ERR,ERR,ERR,ERR,ERR,ERR,ERR,ERR,ERR,ERR,ERR,ERR,ERR,ERR,ERR,ERR,ERR,ERR,ERR,ERR,ERR,ERR,ERR,ERR,ERR,ERR,ERR,ERR,ERR,ERR,ERR,ERR,ERR,ERR,ERR,ERR,ERR,ERR,ERR,ERR,ERR,ERR,ERR,ERR,ERR,ERR,ERR,ERR,ERR,ERR,ERR,ERR,ERR,ERR,ERR,ERR,ERR,ERR,ERR,ERR,ERR,ERR,ERR,ERR,ERR,ERR,ERR,ERR,ERR,ERR,ERR,ERR,ERR,ERR,ERR,ERR,ERR,ERR,ERR,ERR,ERR,ERR,ERR,ERR,ERR,ERR,ERR,ERR,ERR,ERR,ERR,ERR,ERR,ERR,ERR,ERR,0.0,0.0,-134474944.0,0.0,0.0,1.3936040501711995e+18,7.805,0.0,0,0,4,0,8422,0.0,45,0.0,0.0,0.0,0.0,0.0,0,0,0,0,0.0,0,0,0,0,0,0,0,0,0,0,0,0,0,0,0,0,0,0,0,0,0,0,0,0,0,0,0,0,0,0,0,0,0,38,14,7,45,65476,0,300,0,0,8,21553,0.0,-107605600.0,0.0,0.0,0.0,0.0,0.0,0.0,0.0,0.0,0.0,0.0,0.0,0.0,0.0,0.0,0.0,0.0,0.0,0.0,0.0,0.0,0.0,0.0,-2.004,2.004,0.0,0.0,0.0,0.0,5045.0,1.5879295420089355e+29,0.0,0.0,0.0,0.0,-107615304.0,0.0,0.0,0.0,0.0,53,-0.0,-0.0,0.0,0.0,0.0,0.0,0.0,0.0,0.0,0,0,0,0.0,0.0,0.0,0.0,0.0,0.0,0.0,0.0,0.0,0.0,0.0,0.0,0.0,0.0,0.0,0.0,0,-107875648.0,53,0.0,106,-107614832.0,2.7006707062415038e+23,ERR,ERR,ERR,ERR,ERR,ERR,ERR,ERR,ERR,ERR,ERR,ERR,ERR,ERR,ERR,ERR,ERR,ERR,ERR,ERR,ERR,ERR,ERR,ERR,ERR,ERR,ERR,ERR,ERR,ERR,ERR,ERR,ERR,ERR,ERR,ERR,ERR,ERR,ERR,ERR,ERR,ERR,ERR,ERR,ERR,ERR,ERR,ERR,ERR,ERR,ERR,ERR,ERR,ERR,ERR,ERR,ERR,ERR,ERR,ERR,ERR,ERR,ERR,ERR,ERR,ERR,ERR,50.0,60.0,100,0.0,0.0,0.0,0.0,0.0,0.0,0.0,0.0,0.0,0.0,0.0,0.0,0.0,0.0,0.0,0.0,62.0,78,11,65508,50,65476,0,300,0,0,8,20529,65476,0,0,26214,60.0,0.0,0.0,0.0,0.0,0.0
2026-05-17T16:46:01,ERR,ERR,ERR,ERR,ERR,ERR,ERR,ERR,ERR,ERR,ERR,ERR,ERR,ERR,ERR,ERR,ERR,ERR,ERR,ERR,ERR,ERR,ERR,ERR,ERR,ERR,ERR,ERR,ERR,ERR,ERR,ERR,ERR,ERR,ERR,ERR,ERR,ERR,ERR,ERR,ERR,ERR,ERR,ERR,ERR,ERR,ERR,ERR,ERR,ERR,ERR,ERR,ERR,ERR,ERR,ERR,ERR,ERR,ERR,ERR,ERR,ERR,ERR,ERR,ERR,ERR,ERR,ERR,ERR,ERR,ERR,ERR,ERR,ERR,ERR,ERR,ERR,ERR,ERR,ERR,ERR,ERR,ERR,ERR,ERR,ERR,ERR,ERR,ERR,ERR,ERR,ERR,ERR,ERR,ERR,ERR,ERR,ERR,ERR,ERR,ERR,ERR,ERR,ERR,ERR,ERR,ERR,ERR,ERR,ERR,ERR,ERR,ERR,ERR,ERR,ERR,ERR,ERR,ERR,ERR,ERR,ERR,ERR,ERR,ERR,0.0,0.0,-134474944.0,0.0,0.0,1.3936040501711995e+18,7.805,0.0,0,0,4,0,8422,0.0,45,0.0,0.0,0.0,0.0,0.0,0,0,0,0,0.0,0,0,0,0,0,0,0,0,0,0,0,0,0,0,0,0,0,0,0,0,0,0,0,0,0,0,0,0,0,0,0,0,0,38,14,7,45,65476,0,300,0,0,8,21553,0.0,-107605600.0,0.0,0.0,0.0,0.0,0.0,0.0,0.0,0.0,0.0,0.0,0.0,0.0,0.0,0.0,0.0,0.0,0.0,0.0,0.0,0.0,0.0,0.0,-2.004,2.004,0.0,0.0,0.0,0.0,5045.0,1.5879295420089355e+29,0.0,0.0,0.0,0.0,-107615304.0,0.0,0.0,0.0,0.0,53,-0.0,-0.0,0.0,0.0,0.0,0.0,0.0,0.0,0.0,0,0,0,0.0,0.0,0.0,0.0,0.0,0.0,0.0,0.0,0.0,0.0,0.0,0.0,0.0,0.0,0.0,0.0,0,-107875648.0,53,0.0,106,-107614832.0,2.7006707062415038e+23,ERR,ERR,ERR,ERR,ERR,ERR,ERR,ERR,ERR,ERR,ERR,ERR,ERR,ERR,ERR,ERR,ERR,ERR,ERR,ERR,ERR,ERR,ERR,ERR,ERR,ERR,ERR,ERR,ERR,ERR,ERR,ERR,ERR,ERR,ERR,ERR,ERR,ERR,ERR,ERR,ERR,ERR,ERR,ERR,ERR,ERR,ERR,ERR,ERR,ERR,ERR,ERR,ERR,ERR,ERR,ERR,ERR,ERR,ERR,ERR,ERR,ERR,ERR,ERR,ERR,ERR,ERR,50.0,60.0,100,0.0,0.0,0.0,0.0,0.0,0.0,0.0,0.0,0.0,0.0,0.0,0.0,0.0,0.0,0.0,0.0,62.0,78,11,65508,50,65476,0,300,0,0,8,20529,65476,0,0,26214,60.0,0.0,0.0,0.0,0.0,0.0
2026-05-17T16:46:02,ERR,ERR,ERR,ERR,ERR,ERR,ERR,ERR,ERR,ERR,ERR,ERR,ERR,ERR,ERR,ERR,ERR,ERR,ERR,ERR,ERR,ERR,ERR,ERR,ERR,ERR,ERR,ERR,ERR,ERR,ERR,ERR,ERR,ERR,ERR,ERR,ERR,ERR,ERR,ERR,ERR,ERR,ERR,ERR,ERR,ERR,ERR,ERR,ERR,ERR,ERR,ERR,ERR,ERR,ERR,ERR,ERR,ERR,ERR,ERR,ERR,ERR,ERR,ERR,ERR,ERR,ERR,ERR,ERR,ERR,ERR,ERR,ERR,ERR,ERR,ERR,ERR,ERR,ERR,ERR,ERR,ERR,ERR,ERR,ERR,ERR,ERR,ERR,ERR,ERR,ERR,ERR,ERR,ERR,ERR,ERR,ERR,ERR,ERR,ERR,ERR,ERR,ERR,ERR,ERR,ERR,ERR,ERR,ERR,ERR,ERR,ERR,ERR,ERR,ERR,ERR,ERR,ERR,ERR,ERR,ERR,ERR,ERR,ERR,ERR,0.0,0.0,-134474944.0,0.0,0.0,1.3936040501711995e+18,7.805,0.0,0,0,4,0,8422,0.0,45,0.0,0.0,0.0,0.0,0.0,0,0,0,0,0.0,0,0,0,0,0,0,0,0,0,0,0,0,0,0,0,0,0,0,0,0,0,0,0,0,0,0,0,0,0,0,0,0,0,38,14,7,45,65476,0,300,0,0,8,21553,0.0,-107605600.0,0.0,0.0,0.0,0.0,0.0,0.0,0.0,0.0,0.0,0.0,0.0,0.0,0.0,0.0,0.0,0.0,0.0,0.0,0.0,0.0,0.0,0.0,-2.004,2.004,0.0,0.0,0.0,0.0,5045.0,1.5879295420089355e+29,0.0,0.0,0.0,0.0,-107615304.0,0.0,0.0,0.0,0.0,53,-0.0,-0.0,0.0,0.0,0.0,0.0,0.0,0.0,0.0,0,0,0,0.0,0.0,0.0,0.0,0.0,0.0,0.0,0.0,0.0,0.0,0.0,0.0,0.0,0.0,0.0,0.0,0,-107875648.0,53,0.0,106,-107614832.0,2.7006707062415038e+23,ERR,ERR,ERR,ERR,ERR,ERR,ERR,ERR,ERR,ERR,ERR,ERR,ERR,ERR,ERR,ERR,ERR,ERR,ERR,ERR,ERR,ERR,ERR,ERR,ERR,ERR,ERR,ERR,ERR,ERR,ERR,ERR,ERR,ERR,ERR,ERR,ERR,ERR,ERR,ERR,ERR,ERR,ERR,ERR,ERR,ERR,ERR,ERR,ERR,ERR,ERR,ERR,ERR,ERR,ERR,ERR,ERR,ERR,ERR,ERR,ERR,ERR,ERR,ERR,ERR,ERR,ERR,50.0,60.0,100,0.0,0.0,0.0,0.0,0.0,0.0,0.0,0.0,0.0,0.0,0.0,0.0,0.0,0.0,0.0,0.0,61.6,78,11,65508,50,65476,0,300,0,0,8,20529,65476,0,0,26214,60.0,0.0,0.0,0.0,0.0,0.0
2026-05-17T16:46:03,ERR,ERR,ERR,ERR,ERR,ERR,ERR,ERR,ERR,ERR,ERR,ERR,ERR,ERR,ERR,ERR,ERR,ERR,ERR,ERR,ERR,ERR,ERR,ERR,ERR,ERR,ERR,ERR,ERR,ERR,ERR,ERR,ERR,ERR,ERR,ERR,ERR,ERR,ERR,ERR,ERR,ERR,ERR,ERR,ERR,ERR,ERR,ERR,ERR,ERR,ERR,ERR,ERR,ERR,ERR,ERR,ERR,ERR,ERR,ERR,ERR,ERR,ERR,ERR,ERR,ERR,ERR,ERR,ERR,ERR,ERR,ERR,ERR,ERR,ERR,ERR,ERR,ERR,ERR,ERR,ERR,ERR,ERR,ERR,ERR,ERR,ERR,ERR,ERR,ERR,ERR,ERR,ERR,ERR,ERR,ERR,ERR,ERR,ERR,ERR,ERR,ERR,ERR,ERR,ERR,ERR,ERR,ERR,ERR,ERR,ERR,ERR,ERR,ERR,ERR,ERR,ERR,ERR,ERR,ERR,ERR,ERR,ERR,ERR,ERR,0.0,0.0,-134474944.0,0.0,0.0,1.3936040501711995e+18,7.805,0.0,0,0,4,0,8422,0.0,45,0.0,0.0,0.0,0.0,0.0,0,0,0,0,0.0,0,0,0,0,0,0,0,0,0,0,0,0,0,0,0,0,0,0,0,0,0,0,0,0,0,0,0,0,0,0,0,0,0,38,14,7,45,65476,0,300,0,0,8,21553,0.0,-107605600.0,0.0,0.0,0.0,0.0,0.0,0.0,0.0,0.0,0.0,0.0,0.0,0.0,0.0,0.0,0.0,0.0,0.0,0.0,0.0,0.0,0.0,0.0,-2.004,2.004,0.0,0.0,0.0,0.0,5045.0,1.5879295420089355e+29,0.0,0.0,0.0,0.0,-107615304.0,0.0,0.0,0.0,0.0,53,-0.0,-0.0,0.0,0.0,0.0,0.0,0.0,0.0,0.0,0,0,0,0.0,0.0,0.0,0.0,0.0,0.0,0.0,0.0,0.0,0.0,0.0,0.0,0.0,0.0,0.0,0.0,0,-107875648.0,53,0.0,106,-107614832.0,2.7006707062415038e+23,ERR,ERR,ERR,ERR,ERR,ERR,ERR,ERR,ERR,ERR,ERR,ERR,ERR,ERR,ERR,ERR,ERR,ERR,ERR,ERR,ERR,ERR,ERR,ERR,ERR,ERR,ERR,ERR,ERR,ERR,ERR,ERR,ERR,ERR,ERR,ERR,ERR,ERR,ERR,ERR,ERR,ERR,ERR,ERR,ERR,ERR,ERR,ERR,ERR,ERR,ERR,ERR,ERR,ERR,ERR,ERR,ERR,ERR,ERR,ERR,ERR,ERR,ERR,ERR,ERR,ERR,ERR,50.0,60.0,100,0.0,0.0,0.0,0.0,0.0,0.0,0.0,0.0,0.0,0.0,0.0,0.0,0.0,0.0,0.0,0.0,61.6,78,11,65508,50,65476,0,300,0,0,8,20529,65476,0,0,26214,60.0,0.0,0.0,0.0,0.0,0.0
2026-05-17T16:46:04,ERR,ERR,ERR,ERR,ERR,ERR,ERR,ERR,ERR,ERR,ERR,ERR,ERR,ERR,ERR,ERR,ERR,ERR,ERR,ERR,ERR,ERR,ERR,ERR,ERR,ERR,ERR,ERR,ERR,ERR,ERR,ERR,ERR,ERR,ERR,ERR,ERR,ERR,ERR,ERR,ERR,ERR,ERR,ERR,ERR,ERR,ERR,ERR,ERR,ERR,ERR,ERR,ERR,ERR,ERR,ERR,ERR,ERR,ERR,ERR,ERR,ERR,ERR,ERR,ERR,ERR,ERR,ERR,ERR,ERR,ERR,ERR,ERR,ERR,ERR,ERR,ERR,ERR,ERR,ERR,ERR,ERR,ERR,ERR,ERR,ERR,ERR,ERR,ERR,ERR,ERR,ERR,ERR,ERR,ERR,ERR,ERR,ERR,ERR,ERR,ERR,ERR,ERR,ERR,ERR,ERR,ERR,ERR,ERR,ERR,ERR,ERR,ERR,ERR,ERR,ERR,ERR,ERR,ERR,ERR,ERR,ERR,ERR,ERR,ERR,0.0,0.0,-134474944.0,0.0,0.0,1.3936040501711995e+18,7.805,0.0,0,0,4,0,8422,0.0,45,0.0,0.0,0.0,0.0,0.0,0,0,0,0,0.0,0,0,0,0,0,0,0,0,0,0,0,0,0,0,0,0,0,0,0,0,0,0,0,0,0,0,0,0,0,0,0,0,0,38,14,7,45,65476,0,300,0,0,8,21553,0.0,-107605600.0,0.0,0.0,0.0,0.0,0.0,0.0,0.0,0.0,0.0,0.0,0.0,0.0,0.0,0.0,0.0,0.0,0.0,0.0,0.0,0.0,0.0,0.0,-2.004,2.004,0.0,0.0,0.0,0.0,5040.0,-0.0,0.0,0.0,0.0,0.0,-107615304.0,0.0,0.0,0.0,0.0,53,2.7184300208680915e+23,-0.0,0.0,0.0,0.0,0.0,0.0,0.0,0.0,0,0,0,0.0,0.0,0.0,0.0,0.0,0.0,0.0,0.0,0.0,0.0,0.0,0.0,0.0,0.0,0.0,0.0,0,-107875648.0,53,0.0,106,-107614832.0,2.7006707062415038e+23,ERR,ERR,ERR,ERR,ERR,ERR,ERR,ERR,ERR,ERR,ERR,ERR,ERR,ERR,ERR,ERR,ERR,ERR,ERR,ERR,ERR,ERR,ERR,ERR,ERR,ERR,ERR,ERR,ERR,ERR,ERR,ERR,ERR,ERR,ERR,ERR,ERR,ERR,ERR,ERR,ERR,ERR,ERR,ERR,ERR,ERR,ERR,ERR,ERR,ERR,ERR,ERR,ERR,ERR,ERR,ERR,ERR,ERR,ERR,ERR,ERR,ERR,ERR,ERR,ERR,ERR,ERR,50.0,60.0,100,0.0,0.0,0.0,0.0,0.0,0.0,0.0,0.0,0.0,0.0,0.0,0.0,0.0,0.0,0.0,0.0,62.0,78,11,65508,50,65476,0,300,0,0,8,20529,65476,0,0,26214,60.0,0.0,0.0,0.0,0.0,0.0
2026-05-17T16:46:05,ERR,ERR,ERR,ERR,ERR,ERR,ERR,ERR,ERR,ERR,ERR,ERR,ERR,ERR,ERR,ERR,ERR,ERR,ERR,ERR,ERR,ERR,ERR,ERR,ERR,ERR,ERR,ERR,ERR,ERR,ERR,ERR,ERR,ERR,ERR,ERR,ERR,ERR,ERR,ERR,ERR,ERR,ERR,ERR,ERR,ERR,ERR,ERR,ERR,ERR,ERR,ERR,ERR,ERR,ERR,ERR,ERR,ERR,ERR,ERR,ERR,ERR,ERR,ERR,ERR,ERR,ERR,ERR,ERR,ERR,ERR,ERR,ERR,ERR,ERR,ERR,ERR,ERR,ERR,ERR,ERR,ERR,ERR,ERR,ERR,ERR,ERR,ERR,ERR,ERR,ERR,ERR,ERR,ERR,ERR,ERR,ERR,ERR,ERR,ERR,ERR,ERR,ERR,ERR,ERR,ERR,ERR,ERR,ERR,ERR,ERR,ERR,ERR,ERR,ERR,ERR,ERR,ERR,ERR,ERR,ERR,ERR,ERR,ERR,ERR,0.0,0.0,-134474944.0,0.0,0.0,1.3936040501711995e+18,7.805,0.0,0,0,4,0,8422,0.0,45,0.0,0.0,0.0,0.0,0.0,0,0,0,0,0.0,0,0,0,0,0,0,0,0,0,0,0,0,0,0,0,0,0,0,0,0,0,0,0,0,0,0,0,0,0,0,0,0,0,38,14,7,45,65476,0,300,0,0,8,21553,0.0,-107605600.0,0.0,0.0,0.0,0.0,0.0,0.0,0.0,0.0,0.0,0.0,0.0,0.0,0.0,0.0,0.0,0.0,0.0,0.0,0.0,0.0,0.0,0.0,-2.004,2.004,0.0,0.0,0.0,0.0,5040.0,-0.0,0.0,0.0,0.0,0.0,-107615304.0,0.0,0.0,0.0,0.0,53,2.7184300208680915e+23,-0.0,0.0,0.0,0.0,0.0,0.0,0.0,0.0,0,0,0,0.0,0.0,0.0,0.0,0.0,0.0,0.0,0.0,0.0,0.0,0.0,0.0,0.0,0.0,0.0,0.0,0,-107875648.0,53,0.0,106,-107614832.0,2.7006707062415038e+23,ERR,ERR,ERR,ERR,ERR,ERR,ERR,ERR,ERR,ERR,ERR,ERR,ERR,ERR,ERR,ERR,ERR,ERR,ERR,ERR,ERR,ERR,ERR,ERR,ERR,ERR,ERR,ERR,ERR,ERR,ERR,ERR,ERR,ERR,ERR,ERR,ERR,ERR,ERR,ERR,ERR,ERR,ERR,ERR,ERR,ERR,ERR,ERR,ERR,ERR,ERR,ERR,ERR,ERR,ERR,ERR,ERR,ERR,ERR,ERR,ERR,ERR,ERR,ERR,ERR,ERR,ERR,50.0,60.0,100,0.0,0.0,0.0,0.0,0.0,0.0,0.0,0.0,0.0,0.0,0.0,0.0,0.0,0.0,0.0,0.0,62.0,78,11,65508,50,65476,0,300,0,0,8,20529,65476,0,0,26214,60.0,0.0,0.0,0.0,0.0,0.0
2026-05-17T16:46:06,ERR,ERR,ERR,ERR,ERR,ERR,ERR,ERR,ERR,ERR,ERR,ERR,ERR,ERR,ERR,ERR,ERR,ERR,ERR,ERR,ERR,ERR,ERR,ERR,ERR,ERR,ERR,ERR,ERR,ERR,ERR,ERR,ERR,ERR,ERR,ERR,ERR,ERR,ERR,ERR,ERR,ERR,ERR,ERR,ERR,ERR,ERR,ERR,ERR,ERR,ERR,ERR,ERR,ERR,ERR,ERR,ERR,ERR,ERR,ERR,ERR,ERR,ERR,ERR,ERR,ERR,ERR,ERR,ERR,ERR,ERR,ERR,ERR,ERR,ERR,ERR,ERR,ERR,ERR,ERR,ERR,ERR,ERR,ERR,ERR,ERR,ERR,ERR,ERR,ERR,ERR,ERR,ERR,ERR,ERR,ERR,ERR,ERR,ERR,ERR,ERR,ERR,ERR,ERR,ERR,ERR,ERR,ERR,ERR,ERR,ERR,ERR,ERR,ERR,ERR,ERR,ERR,ERR,ERR,ERR,ERR,ERR,ERR,ERR,ERR,0.0,0.0,-134474944.0,0.0,0.0,1.3936040501711995e+18,7.805,0.0,0,0,4,0,8422,0.0,45,0.0,0.0,0.0,0.0,0.0,0,0,0,0,0.0,0,0,0,0,0,0,0,0,0,0,0,0,0,0,0,0,0,0,0,0,0,0,0,0,0,0,0,0,0,0,0,0,0,38,14,7,45,65476,0,300,0,0,8,21553,0.0,-107605600.0,0.0,0.0,0.0,0.0,0.0,0.0,0.0,0.0,0.0,0.0,0.0,0.0,0.0,0.0,0.0,0.0,0.0,0.0,0.0,0.0,0.0,0.0,-2.004,2.004,0.0,0.0,0.0,0.0,5040.0,-0.0,0.0,0.0,0.0,0.0,-107615304.0,0.0,0.0,0.0,0.0,53,2.7184300208680915e+23,-0.0,0.0,0.0,0.0,0.0,0.0,0.0,0.0,0,0,0,0.0,0.0,0.0,0.0,0.0,0.0,0.0,0.0,0.0,0.0,0.0,0.0,0.0,0.0,0.0,0.0,0,-107875648.0,53,0.0,106,-107614832.0,2.7006707062415038e+23,ERR,ERR,ERR,ERR,ERR,ERR,ERR,ERR,ERR,ERR,ERR,ERR,ERR,ERR,ERR,ERR,ERR,ERR,ERR,ERR,ERR,ERR,ERR,ERR,ERR,ERR,ERR,ERR,ERR,ERR,ERR,ERR,ERR,ERR,ERR,ERR,ERR,ERR,ERR,ERR,ERR,ERR,ERR,ERR,ERR,ERR,ERR,ERR,ERR,ERR,ERR,ERR,ERR,ERR,ERR,ERR,ERR,ERR,ERR,ERR,ERR,ERR,ERR,ERR,ERR,ERR,ERR,50.0,60.0,100,0.0,0.0,0.0,0.0,0.0,0.0,0.0,0.0,0.0,0.0,0.0,0.0,0.0,0.0,0.0,0.0,62.0,78,11,65508,50,65476,0,300,0,0,8,20529,65476,0,0,26214,60.0,0.0,0.0,0.0,0.0,0.0
2026-05-17T16:46:07,ERR,ERR,ERR,ERR,ERR,ERR,ERR,ERR,ERR,ERR,ERR,ERR,ERR,ERR,ERR,ERR,ERR,ERR,ERR,ERR,ERR,ERR,ERR,ERR,ERR,ERR,ERR,ERR,ERR,ERR,ERR,ERR,ERR,ERR,ERR,ERR,ERR,ERR,ERR,ERR,ERR,ERR,ERR,ERR,ERR,ERR,ERR,ERR,ERR,ERR,ERR,ERR,ERR,ERR,ERR,ERR,ERR,ERR,ERR,ERR,ERR,ERR,ERR,ERR,ERR,ERR,ERR,ERR,ERR,ERR,ERR,ERR,ERR,ERR,ERR,ERR,ERR,ERR,ERR,ERR,ERR,ERR,ERR,ERR,ERR,ERR,ERR,ERR,ERR,ERR,ERR,ERR,ERR,ERR,ERR,ERR,ERR,ERR,ERR,ERR,ERR,ERR,ERR,ERR,ERR,ERR,ERR,ERR,ERR,ERR,ERR,ERR,ERR,ERR,ERR,ERR,ERR,ERR,ERR,ERR,ERR,ERR,ERR,ERR,ERR,0.0,0.0,-134474944.0,0.0,0.0,1.3936040501711995e+18,7.805,0.0,0,0,4,0,8422,0.0,45,0.0,0.0,0.0,0.0,0.0,0,0,0,0,0.0,0,0,0,0,0,0,0,0,0,0,0,0,0,0,0,0,0,0,0,0,0,0,0,0,0,0,0,0,0,0,0,0,0,38,14,7,45,65476,0,300,0,0,8,21553,0.0,-107605600.0,0.0,0.0,0.0,0.0,0.0,0.0,0.0,0.0,0.0,0.0,0.0,0.0,0.0,0.0,0.0,0.0,0.0,0.0,0.0,0.0,0.0,0.0,-2.004,2.004,0.0,0.0,0.0,0.0,5040.0,-0.0,0.0,0.0,0.0,0.0,-107615304.0,0.0,0.0,0.0,0.0,53,2.7184300208680915e+23,-0.0,0.0,0.0,0.0,0.0,0.0,0.0,0.0,0,0,0,0.0,0.0,0.0,0.0,0.0,0.0,0.0,0.0,0.0,0.0,0.0,0.0,0.0,0.0,0.0,0.0,0,-107875648.0,53,0.0,106,-107614832.0,2.7006707062415038e+23,ERR,ERR,ERR,ERR,ERR,ERR,ERR,ERR,ERR,ERR,ERR,ERR,ERR,ERR,ERR,ERR,ERR,ERR,ERR,ERR,ERR,ERR,ERR,ERR,ERR,ERR,ERR,ERR,ERR,ERR,ERR,ERR,ERR,ERR,ERR,ERR,ERR,ERR,ERR,ERR,ERR,ERR,ERR,ERR,ERR,ERR,ERR,ERR,ERR,ERR,ERR,ERR,ERR,ERR,ERR,ERR,ERR,ERR,ERR,ERR,ERR,ERR,ERR,ERR,ERR,ERR,ERR,50.0,60.0,100,0.0,0.0,0.0,0.0,0.0,0.0,0.0,0.0,0.0,0.0,0.0,0.0,0.0,0.0,0.0,0.0,61.6,78,11,65508,50,65476,0,300,0,0,8,20529,65476,0,0,26214,60.0,0.0,0.0,0.0,0.0,0.0
2026-05-17T16:46:08,ERR,ERR,ERR,ERR,ERR,ERR,ERR,ERR,ERR,ERR,ERR,ERR,ERR,ERR,ERR,ERR,ERR,ERR,ERR,ERR,ERR,ERR,ERR,ERR,ERR,ERR,ERR,ERR,ERR,ERR,ERR,ERR,ERR,ERR,ERR,ERR,ERR,ERR,ERR,ERR,ERR,ERR,ERR,ERR,ERR,ERR,ERR,ERR,ERR,ERR,ERR,ERR,ERR,ERR,ERR,ERR,ERR,ERR,ERR,ERR,ERR,ERR,ERR,ERR,ERR,ERR,ERR,ERR,ERR,ERR,ERR,ERR,ERR,ERR,ERR,ERR,ERR,ERR,ERR,ERR,ERR,ERR,ERR,ERR,ERR,ERR,ERR,ERR,ERR,ERR,ERR,ERR,ERR,ERR,ERR,ERR,ERR,ERR,ERR,ERR,ERR,ERR,ERR,ERR,ERR,ERR,ERR,ERR,ERR,ERR,ERR,ERR,ERR,ERR,ERR,ERR,ERR,ERR,ERR,ERR,ERR,ERR,ERR,ERR,ERR,0.0,0.0,-134474944.0,0.0,0.0,1.3936040501711995e+18,7.805,0.0,0,0,4,0,8422,0.0,45,0.0,0.0,0.0,0.0,0.0,0,0,0,0,0.0,0,0,0,0,0,0,0,0,0,0,0,0,0,0,0,0,0,0,0,0,0,0,0,0,0,0,0,0,0,0,0,0,0,38,14,7,45,65476,0,300,0,0,8,21553,0.0,-107605600.0,0.0,0.0,0.0,0.0,0.0,0.0,0.0,0.0,0.0,0.0,0.0,0.0,0.0,0.0,0.0,0.0,0.0,0.0,0.0,0.0,0.0,0.0,-2.004,2.004,0.0,0.0,0.0,0.0,5040.0,-0.0,0.0,0.0,0.0,0.0,-107615304.0,0.0,0.0,0.0,0.0,53,2.7184300208680915e+23,-0.0,0.0,0.0,0.0,0.0,0.0,0.0,0.0,0,0,0,0.0,0.0,0.0,0.0,0.0,0.0,0.0,0.0,0.0,0.0,0.0,0.0,0.0,0.0,0.0,0.0,0,-107875648.0,53,0.0,106,-107614832.0,2.7006707062415038e+23,ERR,ERR,ERR,ERR,ERR,ERR,ERR,ERR,ERR,ERR,ERR,ERR,ERR,ERR,ERR,ERR,ERR,ERR,ERR,ERR,ERR,ERR,ERR,ERR,ERR,ERR,ERR,ERR,ERR,ERR,ERR,ERR,ERR,ERR,ERR,ERR,ERR,ERR,ERR,ERR,ERR,ERR,ERR,ERR,ERR,ERR,ERR,ERR,ERR,ERR,ERR,ERR,ERR,ERR,ERR,ERR,ERR,ERR,ERR,ERR,ERR,ERR,ERR,ERR,ERR,ERR,ERR,50.0,60.0,100,0.0,0.0,0.0,0.0,0.0,0.0,0.0,0.0,0.0,0.0,0.0,0.0,0.0,0.0,0.0,0.0,61.6,78,11,65508,50,65476,0,300,0,0,8,20529,65476,0,0,26214,60.0,0.0,0.0,0.0,0.0,0.0
2026-05-17T16:46:09,ERR,ERR,ERR,ERR,ERR,ERR,ERR,ERR,ERR,ERR,ERR,ERR,ERR,ERR,ERR,ERR,ERR,ERR,ERR,ERR,ERR,ERR,ERR,ERR,ERR,ERR,ERR,ERR,ERR,ERR,ERR,ERR,ERR,ERR,ERR,ERR,ERR,ERR,ERR,ERR,ERR,ERR,ERR,ERR,ERR,ERR,ERR,ERR,ERR,ERR,ERR,ERR,ERR,ERR,ERR,ERR,ERR,ERR,ERR,ERR,ERR,ERR,ERR,ERR,ERR,ERR,ERR,ERR,ERR,ERR,ERR,ERR,ERR,ERR,ERR,ERR,ERR,ERR,ERR,ERR,ERR,ERR,ERR,ERR,ERR,ERR,ERR,ERR,ERR,ERR,ERR,ERR,ERR,ERR,ERR,ERR,ERR,ERR,ERR,ERR,ERR,ERR,ERR,ERR,ERR,ERR,ERR,ERR,ERR,ERR,ERR,ERR,ERR,ERR,ERR,ERR,ERR,ERR,ERR,ERR,ERR,ERR,ERR,ERR,ERR,0.0,0.0,-134474944.0,0.0,0.0,1.3936040501711995e+18,7.805,0.0,0,0,4,0,8422,0.0,45,0.0,0.0,0.0,0.0,0.0,0,0,0,0,0.0,0,0,0,0,0,0,0,0,0,0,0,0,0,0,0,0,0,0,0,0,0,0,0,0,0,0,0,0,0,0,0,0,0,38,14,7,45,65476,0,300,0,0,8,21553,0.0,-107605600.0,0.0,0.0,0.0,0.0,0.0,0.0,0.0,0.0,0.0,0.0,0.0,0.0,0.0,0.0,0.0,0.0,0.0,0.0,0.0,0.0,0.0,0.0,-2.004,2.004,0.0,0.0,0.0,0.0,5046.0,-564145900486656.0,0.0,0.0,0.0,0.0,-107615304.0,0.0,0.0,0.0,0.0,53,-0.0,0.0,0.0,0.0,0.0,0.0,0.0,0.0,0.0,0,0,0,0.0,0.0,0.0,0.0,0.0,0.0,0.0,0.0,0.0,0.0,0.0,0.0,0.0,0.0,0.0,0.0,0,-107875648.0,53,0.0,106,-107614832.0,2.7006707062415038e+23,ERR,ERR,ERR,ERR,ERR,ERR,ERR,ERR,ERR,ERR,ERR,ERR,ERR,ERR,ERR,ERR,ERR,ERR,ERR,ERR,ERR,ERR,ERR,ERR,ERR,ERR,ERR,ERR,ERR,ERR,ERR,ERR,ERR,ERR,ERR,ERR,ERR,ERR,ERR,ERR,ERR,ERR,ERR,ERR,ERR,ERR,ERR,ERR,ERR,ERR,ERR,ERR,ERR,ERR,ERR,ERR,ERR,ERR,ERR,ERR,ERR,ERR,ERR,ERR,ERR,ERR,ERR,50.0,60.0,100,0.0,0.0,0.0,0.0,0.0,0.0,0.0,0.0,0.0,0.0,0.0,0.0,0.0,0.0,0.0,0.0,61.6,78,11,65508,50,65476,0,300,0,0,8,20529,65476,0,0,26214,60.0,0.0,0.0,0.0,0.0,0.0
2026-05-17T16:46:10,ERR,ERR,ERR,ERR,ERR,ERR,ERR,ERR,ERR,ERR,ERR,ERR,ERR,ERR,ERR,ERR,ERR,ERR,ERR,ERR,ERR,ERR,ERR,ERR,ERR,ERR,ERR,ERR,ERR,ERR,ERR,ERR,ERR,ERR,ERR,ERR,ERR,ERR,ERR,ERR,ERR,ERR,ERR,ERR,ERR,ERR,ERR,ERR,ERR,ERR,ERR,ERR,ERR,ERR,ERR,ERR,ERR,ERR,ERR,ERR,ERR,ERR,ERR,ERR,ERR,ERR,ERR,ERR,ERR,ERR,ERR,ERR,ERR,ERR,ERR,ERR,ERR,ERR,ERR,ERR,ERR,ERR,ERR,ERR,ERR,ERR,ERR,ERR,ERR,ERR,ERR,ERR,ERR,ERR,ERR,ERR,ERR,ERR,ERR,ERR,ERR,ERR,ERR,ERR,ERR,ERR,ERR,ERR,ERR,ERR,ERR,ERR,ERR,ERR,ERR,ERR,ERR,ERR,ERR,ERR,ERR,ERR,ERR,ERR,ERR,0.0,0.0,-134474944.0,0.0,0.0,1.3936040501711995e+18,7.805,0.0,0,0,4,0,8422,0.0,45,0.0,0.0,0.0,0.0,0.0,0,0,0,0,0.0,0,0,0,0,0,0,0,0,0,0,0,0,0,0,0,0,0,0,0,0,0,0,0,0,0,0,0,0,0,0,0,0,0,38,14,7,45,65476,0,300,0,0,8,21553,0.0,-107605600.0,0.0,0.0,0.0,0.0,0.0,0.0,0.0,0.0,0.0,0.0,0.0,0.0,0.0,0.0,0.0,0.0,0.0,0.0,0.0,0.0,0.0,0.0,-2.004,2.004,0.0,0.0,0.0,0.0,5046.0,-564145900486656.0,0.0,0.0,0.0,0.0,-107615304.0,0.0,0.0,0.0,0.0,53,-0.0,0.0,0.0,0.0,0.0,0.0,0.0,0.0,0.0,0,0,0,0.0,0.0,0.0,0.0,0.0,0.0,0.0,0.0,0.0,0.0,0.0,0.0,0.0,0.0,0.0,0.0,0,-107875648.0,53,0.0,106,-107614832.0,2.7006707062415038e+23,ERR,ERR,ERR,ERR,ERR,ERR,ERR,ERR,ERR,ERR,ERR,ERR,ERR,ERR,ERR,ERR,ERR,ERR,ERR,ERR,ERR,ERR,ERR,ERR,ERR,ERR,ERR,ERR,ERR,ERR,ERR,ERR,ERR,ERR,ERR,ERR,ERR,ERR,ERR,ERR,ERR,ERR,ERR,ERR,ERR,ERR,ERR,ERR,ERR,ERR,ERR,ERR,ERR,ERR,ERR,ERR,ERR,ERR,ERR,ERR,ERR,ERR,ERR,ERR,ERR,ERR,ERR,50.0,60.0,100,0.0,0.0,0.0,0.0,0.0,0.0,0.0,0.0,0.0,0.0,0.0,0.0,0.0,0.0,0.0,0.0,61.6,78,11,65508,50,65476,0,300,0,0,8,20529,65476,0,0,26214,60.0,0.0,0.0,0.0,0.0,0.0
2026-05-17T16:46:11,ERR,ERR,ERR,ERR,ERR,ERR,ERR,ERR,ERR,ERR,ERR,ERR,ERR,ERR,ERR,ERR,ERR,ERR,ERR,ERR,ERR,ERR,ERR,ERR,ERR,ERR,ERR,ERR,ERR,ERR,ERR,ERR,ERR,ERR,ERR,ERR,ERR,ERR,ERR,ERR,ERR,ERR,ERR,ERR,ERR,ERR,ERR,ERR,ERR,ERR,ERR,ERR,ERR,ERR,ERR,ERR,ERR,ERR,ERR,ERR,ERR,ERR,ERR,ERR,ERR,ERR,ERR,ERR,ERR,ERR,ERR,ERR,ERR,ERR,ERR,ERR,ERR,ERR,ERR,ERR,ERR,ERR,ERR,ERR,ERR,ERR,ERR,ERR,ERR,ERR,ERR,ERR,ERR,ERR,ERR,ERR,ERR,ERR,ERR,ERR,ERR,ERR,ERR,ERR,ERR,ERR,ERR,ERR,ERR,ERR,ERR,ERR,ERR,ERR,ERR,ERR,ERR,ERR,ERR,ERR,ERR,ERR,ERR,ERR,ERR,0.0,0.0,-134474944.0,0.0,0.0,1.3936040501711995e+18,7.805,0.0,0,0,4,0,8422,0.0,45,0.0,0.0,0.0,0.0,0.0,0,0,0,0,0.0,0,0,0,0,0,0,0,0,0,0,0,0,0,0,0,0,0,0,0,0,0,0,0,0,0,0,0,0,0,0,0,0,0,38,14,7,45,65476,0,300,0,0,8,21553,0.0,-107605600.0,0.0,0.0,0.0,0.0,0.0,0.0,0.0,0.0,0.0,0.0,0.0,0.0,0.0,0.0,0.0,0.0,0.0,0.0,0.0,0.0,0.0,0.0,-2.004,2.004,0.0,0.0,0.0,0.0,5046.0,-564145900486656.0,0.0,0.0,0.0,0.0,-107615304.0,0.0,0.0,0.0,0.0,53,-0.0,0.0,0.0,0.0,0.0,0.0,0.0,0.0,0.0,0,0,0,0.0,0.0,0.0,0.0,0.0,0.0,0.0,0.0,0.0,0.0,0.0,0.0,0.0,0.0,0.0,0.0,0,-107875648.0,53,0.0,106,-107614832.0,2.7006707062415038e+23,ERR,ERR,ERR,ERR,ERR,ERR,ERR,ERR,ERR,ERR,ERR,ERR,ERR,ERR,ERR,ERR,ERR,ERR,ERR,ERR,ERR,ERR,ERR,ERR,ERR,ERR,ERR,ERR,ERR,ERR,ERR,ERR,ERR,ERR,ERR,ERR,ERR,ERR,ERR,ERR,ERR,ERR,ERR,ERR,ERR,ERR,ERR,ERR,ERR,ERR,ERR,ERR,ERR,ERR,ERR,ERR,ERR,ERR,ERR,ERR,ERR,ERR,ERR,ERR,ERR,ERR,ERR,50.0,60.0,100,0.0,0.0,0.0,0.0,0.0,0.0,0.0,0.0,0.0,0.0,0.0,0.0,0.0,0.0,0.0,0.0,61.6,78,11,65508,50,65476,0,300,0,0,8,20529,65476,0,0,26214,60.0,0.0,0.0,0.0,0.0,0.0
2026-05-17T16:46:12,ERR,ERR,ERR,ERR,ERR,ERR,ERR,ERR,ERR,ERR,ERR,ERR,ERR,ERR,ERR,ERR,ERR,ERR,ERR,ERR,ERR,ERR,ERR,ERR,ERR,ERR,ERR,ERR,ERR,ERR,ERR,ERR,ERR,ERR,ERR,ERR,ERR,ERR,ERR,ERR,ERR,ERR,ERR,ERR,ERR,ERR,ERR,ERR,ERR,ERR,ERR,ERR,ERR,ERR,ERR,ERR,ERR,ERR,ERR,ERR,ERR,ERR,ERR,ERR,ERR,ERR,ERR,ERR,ERR,ERR,ERR,ERR,ERR,ERR,ERR,ERR,ERR,ERR,ERR,ERR,ERR,ERR,ERR,ERR,ERR,ERR,ERR,ERR,ERR,ERR,ERR,ERR,ERR,ERR,ERR,ERR,ERR,ERR,ERR,ERR,ERR,ERR,ERR,ERR,ERR,ERR,ERR,ERR,ERR,ERR,ERR,ERR,ERR,ERR,ERR,ERR,ERR,ERR,ERR,ERR,ERR,ERR,ERR,ERR,ERR,0.0,0.0,-134474944.0,0.0,0.0,1.3936040501711995e+18,7.805,0.0,0,0,4,0,8422,0.0,45,0.0,0.0,0.0,0.0,0.0,0,0,0,0,0.0,0,0,0,0,0,0,0,0,0,0,0,0,0,0,0,0,0,0,0,0,0,0,0,0,0,0,0,0,0,0,0,0,0,38,14,7,45,65476,0,300,0,0,8,21553,0.0,-107605600.0,0.0,0.0,0.0,0.0,0.0,0.0,0.0,0.0,0.0,0.0,0.0,0.0,0.0,0.0,0.0,0.0,0.0,0.0,0.0,0.0,0.0,0.0,-2.004,2.004,0.0,0.0,0.0,0.0,5046.0,-564145900486656.0,0.0,0.0,0.0,0.0,-107615304.0,0.0,0.0,0.0,0.0,53,-0.0,0.0,0.0,0.0,0.0,0.0,0.0,0.0,0.0,0,0,0,0.0,0.0,0.0,0.0,0.0,0.0,0.0,0.0,0.0,0.0,0.0,0.0,0.0,0.0,0.0,0.0,0,-107875648.0,53,0.0,106,-107614832.0,2.7006707062415038e+23,ERR,ERR,ERR,ERR,ERR,ERR,ERR,ERR,ERR,ERR,ERR,ERR,ERR,ERR,ERR,ERR,ERR,ERR,ERR,ERR,ERR,ERR,ERR,ERR,ERR,ERR,ERR,ERR,ERR,ERR,ERR,ERR,ERR,ERR,ERR,ERR,ERR,ERR,ERR,ERR,ERR,ERR,ERR,ERR,ERR,ERR,ERR,ERR,ERR,ERR,ERR,ERR,ERR,ERR,ERR,ERR,ERR,ERR,ERR,ERR,ERR,ERR,ERR,ERR,ERR,ERR,ERR,50.0,60.0,100,0.0,0.0,0.0,0.0,0.0,0.0,0.0,0.0,0.0,0.0,0.0,0.0,0.0,0.0,0.0,0.0,61.6,78,11,65508,50,65476,0,300,0,0,8,20529,65476,0,0,26214,60.0,0.0,0.0,0.0,0.0,0.0
2026-05-17T16:46:13,ERR,ERR,ERR,ERR,ERR,ERR,ERR,ERR,ERR,ERR,ERR,ERR,ERR,ERR,ERR,ERR,ERR,ERR,ERR,ERR,ERR,ERR,ERR,ERR,ERR,ERR,ERR,ERR,ERR,ERR,ERR,ERR,ERR,ERR,ERR,ERR,ERR,ERR,ERR,ERR,ERR,ERR,ERR,ERR,ERR,ERR,ERR,ERR,ERR,ERR,ERR,ERR,ERR,ERR,ERR,ERR,ERR,ERR,ERR,ERR,ERR,ERR,ERR,ERR,ERR,ERR,ERR,ERR,ERR,ERR,ERR,ERR,ERR,ERR,ERR,ERR,ERR,ERR,ERR,ERR,ERR,ERR,ERR,ERR,ERR,ERR,ERR,ERR,ERR,ERR,ERR,ERR,ERR,ERR,ERR,ERR,ERR,ERR,ERR,ERR,ERR,ERR,ERR,ERR,ERR,ERR,ERR,ERR,ERR,ERR,ERR,ERR,ERR,ERR,ERR,ERR,ERR,ERR,ERR,ERR,ERR,ERR,ERR,ERR,ERR,0.0,0.0,-134474944.0,0.0,0.0,1.3936040501711995e+18,7.805,0.0,0,0,4,0,8422,0.0,45,0.0,0.0,0.0,0.0,0.0,0,0,0,0,0.0,0,0,0,0,0,0,0,0,0,0,0,0,0,0,0,0,0,0,0,0,0,0,0,0,0,0,0,0,0,0,0,0,0,38,14,7,45,65476,0,300,0,0,8,21553,0.0,-107605600.0,0.0,0.0,0.0,0.0,0.0,0.0,0.0,0.0,0.0,0.0,0.0,0.0,0.0,0.0,0.0,0.0,0.0,0.0,0.0,0.0,0.0,0.0,-2.004,2.004,0.0,0.0,0.0,0.0,5046.0,-564145900486656.0,0.0,0.0,0.0,0.0,-107615304.0,0.0,0.0,0.0,0.0,53,-0.0,0.0,0.0,0.0,0.0,0.0,0.0,0.0,0.0,0,0,0,0.0,0.0,0.0,0.0,0.0,0.0,0.0,0.0,0.0,0.0,0.0,0.0,0.0,0.0,0.0,0.0,0,-107875648.0,53,0.0,106,-107614832.0,2.7006707062415038e+23,ERR,ERR,ERR,ERR,ERR,ERR,ERR,ERR,ERR,ERR,ERR,ERR,ERR,ERR,ERR,ERR,ERR,ERR,ERR,ERR,ERR,ERR,ERR,ERR,ERR,ERR,ERR,ERR,ERR,ERR,ERR,ERR,ERR,ERR,ERR,ERR,ERR,ERR,ERR,ERR,ERR,ERR,ERR,ERR,ERR,ERR,ERR,ERR,ERR,ERR,ERR,ERR,ERR,ERR,ERR,ERR,ERR,ERR,ERR,ERR,ERR,ERR,ERR,ERR,ERR,ERR,ERR,50.0,60.0,100,0.0,0.0,0.0,0.0,0.0,0.0,0.0,0.0,0.0,0.0,0.0,0.0,0.0,0.0,0.0,0.0,61.6,78,11,65508,50,65476,0,300,0,0,8,20529,65476,0,0,26214,60.0,0.0,0.0,0.0,0.0,0.0
2026-05-17T16:46:14,ERR,ERR,ERR,ERR,ERR,ERR,ERR,ERR,ERR,ERR,ERR,ERR,ERR,ERR,ERR,ERR,ERR,ERR,ERR,ERR,ERR,ERR,ERR,ERR,ERR,ERR,ERR,ERR,ERR,ERR,ERR,ERR,ERR,ERR,ERR,ERR,ERR,ERR,ERR,ERR,ERR,ERR,ERR,ERR,ERR,ERR,ERR,ERR,ERR,ERR,ERR,ERR,ERR,ERR,ERR,ERR,ERR,ERR,ERR,ERR,ERR,ERR,ERR,ERR,ERR,ERR,ERR,ERR,ERR,ERR,ERR,ERR,ERR,ERR,ERR,ERR,ERR,ERR,ERR,ERR,ERR,ERR,ERR,ERR,ERR,ERR,ERR,ERR,ERR,ERR,ERR,ERR,ERR,ERR,ERR,ERR,ERR,ERR,ERR,ERR,ERR,ERR,ERR,ERR,ERR,ERR,ERR,ERR,ERR,ERR,ERR,ERR,ERR,ERR,ERR,ERR,ERR,ERR,ERR,ERR,ERR,ERR,ERR,ERR,ERR,0.0,0.0,-134474944.0,0.0,0.0,1.3936040501711995e+18,7.805,0.0,0,0,4,0,8422,0.0,45,0.0,0.0,0.0,0.0,0.0,0,0,0,0,0.0,0,0,0,0,0,0,0,0,0,0,0,0,0,0,0,0,0,0,0,0,0,0,0,0,0,0,0,0,0,0,0,0,0,38,14,7,45,65476,0,300,0,0,8,21553,0.0,-107605600.0,0.0,0.0,0.0,0.0,0.0,0.0,0.0,0.0,0.0,0.0,0.0,0.0,0.0,0.0,0.0,0.0,0.0,0.0,0.0,0.0,0.0,0.0,-2.004,2.004,0.0,0.0,0.0,0.0,5041.0,-564145900486656.0,0.0,0.0,0.0,0.0,-107615304.0,0.0,0.0,0.0,0.0,53,3.222028592685471e+26,0.0,0.0,0.0,0.0,0.0,0.0,0.0,0.0,0,0,0,0.0,0.0,0.0,0.0,0.0,0.0,0.0,0.0,0.0,0.0,0.0,0.0,0.0,0.0,0.0,0.0,0,-107875648.0,53,0.0,106,-107614832.0,2.7006707062415038e+23,ERR,ERR,ERR,ERR,ERR,ERR,ERR,ERR,ERR,ERR,ERR,ERR,ERR,ERR,ERR,ERR,ERR,ERR,ERR,ERR,ERR,ERR,ERR,ERR,ERR,ERR,ERR,ERR,ERR,ERR,ERR,ERR,ERR,ERR,ERR,ERR,ERR,ERR,ERR,ERR,ERR,ERR,ERR,ERR,ERR,ERR,ERR,ERR,ERR,ERR,ERR,ERR,ERR,ERR,ERR,ERR,ERR,ERR,ERR,ERR,ERR,ERR,ERR,ERR,ERR,ERR,ERR,50.0,60.0,100,0.0,0.0,0.0,0.0,0.0,0.0,0.0,0.0,0.0,0.0,0.0,0.0,0.0,0.0,0.0,0.0,61.6,78,11,65508,50,65476,0,300,0,0,8,20529,65476,0,0,26214,60.0,0.0,0.0,0.0,0.0,0.0
2026-05-17T16:46:15,ERR,ERR,ERR,ERR,ERR,ERR,ERR,ERR,ERR,ERR,ERR,ERR,ERR,ERR,ERR,ERR,ERR,ERR,ERR,ERR,ERR,ERR,ERR,ERR,ERR,ERR,ERR,ERR,ERR,ERR,ERR,ERR,ERR,ERR,ERR,ERR,ERR,ERR,ERR,ERR,ERR,ERR,ERR,ERR,ERR,ERR,ERR,ERR,ERR,ERR,ERR,ERR,ERR,ERR,ERR,ERR,ERR,ERR,ERR,ERR,ERR,ERR,ERR,ERR,ERR,ERR,ERR,ERR,ERR,ERR,ERR,ERR,ERR,ERR,ERR,ERR,ERR,ERR,ERR,ERR,ERR,ERR,ERR,ERR,ERR,ERR,ERR,ERR,ERR,ERR,ERR,ERR,ERR,ERR,ERR,ERR,ERR,ERR,ERR,ERR,ERR,ERR,ERR,ERR,ERR,ERR,ERR,ERR,ERR,ERR,ERR,ERR,ERR,ERR,ERR,ERR,ERR,ERR,ERR,ERR,ERR,ERR,ERR,ERR,ERR,0.0,0.0,-134474944.0,0.0,0.0,1.3936040501711995e+18,7.805,0.0,0,0,4,0,8422,0.0,45,0.0,0.0,0.0,0.0,0.0,0,0,0,0,0.0,0,0,0,0,0,0,0,0,0,0,0,0,0,0,0,0,0,0,0,0,0,0,0,0,0,0,0,0,0,0,0,0,0,38,14,7,45,65476,0,300,0,0,8,21553,0.0,-107605600.0,0.0,0.0,0.0,0.0,0.0,0.0,0.0,0.0,0.0,0.0,0.0,0.0,0.0,0.0,0.0,0.0,0.0,0.0,0.0,0.0,0.0,0.0,-2.004,2.004,0.0,0.0,0.0,0.0,5041.0,-564145900486656.0,0.0,0.0,0.0,0.0,-107615304.0,0.0,0.0,0.0,0.0,53,3.222028592685471e+26,0.0,0.0,0.0,0.0,0.0,0.0,0.0,0.0,0,0,0,0.0,0.0,0.0,0.0,0.0,0.0,0.0,0.0,0.0,0.0,0.0,0.0,0.0,0.0,0.0,0.0,0,-107875648.0,53,0.0,106,-107614832.0,2.7006707062415038e+23,ERR,ERR,ERR,ERR,ERR,ERR,ERR,ERR,ERR,ERR,ERR,ERR,ERR,ERR,ERR,ERR,ERR,ERR,ERR,ERR,ERR,ERR,ERR,ERR,ERR,ERR,ERR,ERR,ERR,ERR,ERR,ERR,ERR,ERR,ERR,ERR,ERR,ERR,ERR,ERR,ERR,ERR,ERR,ERR,ERR,ERR,ERR,ERR,ERR,ERR,ERR,ERR,ERR,ERR,ERR,ERR,ERR,ERR,ERR,ERR,ERR,ERR,ERR,ERR,ERR,ERR,ERR,50.0,60.0,100,0.0,0.0,0.0,0.0,0.0,0.0,0.0,0.0,0.0,0.0,0.0,0.0,0.0,0.0,0.0,0.0,61.6,78,11,65508,50,65476,0,300,0,0,8,20529,65476,0,0,26214,60.0,0.0,0.0,0.0,0.0,0.0
2026-05-17T16:46:16,ERR,ERR,ERR,ERR,ERR,ERR,ERR,ERR,ERR,ERR,ERR,ERR,ERR,ERR,ERR,ERR,ERR,ERR,ERR,ERR,ERR,ERR,ERR,ERR,ERR,ERR,ERR,ERR,ERR,ERR,ERR,ERR,ERR,ERR,ERR,ERR,ERR,ERR,ERR,ERR,ERR,ERR,ERR,ERR,ERR,ERR,ERR,ERR,ERR,ERR,ERR,ERR,ERR,ERR,ERR,ERR,ERR,ERR,ERR,ERR,ERR,ERR,ERR,ERR,ERR,ERR,ERR,ERR,ERR,ERR,ERR,ERR,ERR,ERR,ERR,ERR,ERR,ERR,ERR,ERR,ERR,ERR,ERR,ERR,ERR,ERR,ERR,ERR,ERR,ERR,ERR,ERR,ERR,ERR,ERR,ERR,ERR,ERR,ERR,ERR,ERR,ERR,ERR,ERR,ERR,ERR,ERR,ERR,ERR,ERR,ERR,ERR,ERR,ERR,ERR,ERR,ERR,ERR,ERR,ERR,ERR,ERR,ERR,ERR,ERR,0.0,0.0,-134474944.0,0.0,0.0,1.3936040501711995e+18,7.805,0.0,0,0,4,0,8422,0.0,45,0.0,0.0,0.0,0.0,0.0,0,0,0,0,0.0,0,0,0,0,0,0,0,0,0,0,0,0,0,0,0,0,0,0,0,0,0,0,0,0,0,0,0,0,0,0,0,0,0,38,14,7,45,65476,0,300,0,0,8,21553,0.0,-107605600.0,0.0,0.0,0.0,0.0,0.0,0.0,0.0,0.0,0.0,0.0,0.0,0.0,0.0,0.0,0.0,0.0,0.0,0.0,0.0,0.0,0.0,0.0,-2.004,2.004,0.0,0.0,0.0,0.0,5041.0,-564145900486656.0,0.0,0.0,0.0,0.0,-107615304.0,0.0,0.0,0.0,0.0,53,3.222028592685471e+26,0.0,0.0,0.0,0.0,0.0,0.0,0.0,0.0,0,0,0,0.0,0.0,0.0,0.0,0.0,0.0,0.0,0.0,0.0,0.0,0.0,0.0,0.0,0.0,0.0,0.0,0,-107875648.0,53,0.0,106,-107614832.0,2.7006707062415038e+23,ERR,ERR,ERR,ERR,ERR,ERR,ERR,ERR,ERR,ERR,ERR,ERR,ERR,ERR,ERR,ERR,ERR,ERR,ERR,ERR,ERR,ERR,ERR,ERR,ERR,ERR,ERR,ERR,ERR,ERR,ERR,ERR,ERR,ERR,ERR,ERR,ERR,ERR,ERR,ERR,ERR,ERR,ERR,ERR,ERR,ERR,ERR,ERR,ERR,ERR,ERR,ERR,ERR,ERR,ERR,ERR,ERR,ERR,ERR,ERR,ERR,ERR,ERR,ERR,ERR,ERR,ERR,50.0,60.0,100,0.0,0.0,0.0,0.0,0.0,0.0,0.0,0.0,0.0,0.0,0.0,0.0,0.0,0.0,0.0,0.0,61.6,78,11,65508,50,65476,0,300,0,0,8,20529,65476,0,0,26214,60.0,0.0,0.0,0.0,0.0,0.0
2026-05-17T16:46:17,ERR,ERR,ERR,ERR,ERR,ERR,ERR,ERR,ERR,ERR,ERR,ERR,ERR,ERR,ERR,ERR,ERR,ERR,ERR,ERR,ERR,ERR,ERR,ERR,ERR,ERR,ERR,ERR,ERR,ERR,ERR,ERR,ERR,ERR,ERR,ERR,ERR,ERR,ERR,ERR,ERR,ERR,ERR,ERR,ERR,ERR,ERR,ERR,ERR,ERR,ERR,ERR,ERR,ERR,ERR,ERR,ERR,ERR,ERR,ERR,ERR,ERR,ERR,ERR,ERR,ERR,ERR,ERR,ERR,ERR,ERR,ERR,ERR,ERR,ERR,ERR,ERR,ERR,ERR,ERR,ERR,ERR,ERR,ERR,ERR,ERR,ERR,ERR,ERR,ERR,ERR,ERR,ERR,ERR,ERR,ERR,ERR,ERR,ERR,ERR,ERR,ERR,ERR,ERR,ERR,ERR,ERR,ERR,ERR,ERR,ERR,ERR,ERR,ERR,ERR,ERR,ERR,ERR,ERR,ERR,ERR,ERR,ERR,ERR,ERR,0.0,0.0,-134474944.0,0.0,0.0,1.3936040501711995e+18,7.805,0.0,0,0,4,0,8422,0.0,45,0.0,0.0,0.0,0.0,0.0,0,0,0,0,0.0,0,0,0,0,0,0,0,0,0,0,0,0,0,0,0,0,0,0,0,0,0,0,0,0,0,0,0,0,0,0,0,0,0,38,14,7,45,65476,0,300,0,0,8,21553,0.0,-107605600.0,0.0,0.0,0.0,0.0,0.0,0.0,0.0,0.0,0.0,0.0,0.0,0.0,0.0,0.0,0.0,0.0,0.0,0.0,0.0,0.0,0.0,0.0,-2.004,2.004,0.0,0.0,0.0,0.0,5041.0,-564145900486656.0,0.0,0.0,0.0,0.0,-107615304.0,0.0,0.0,0.0,0.0,53,3.222028592685471e+26,0.0,0.0,0.0,0.0,0.0,0.0,0.0,0.0,0,0,0,0.0,0.0,0.0,0.0,0.0,0.0,0.0,0.0,0.0,0.0,0.0,0.0,0.0,0.0,0.0,0.0,0,-107875648.0,53,0.0,106,-107614832.0,2.7006707062415038e+23,ERR,ERR,ERR,ERR,ERR,ERR,ERR,ERR,ERR,ERR,ERR,ERR,ERR,ERR,ERR,ERR,ERR,ERR,ERR,ERR,ERR,ERR,ERR,ERR,ERR,ERR,ERR,ERR,ERR,ERR,ERR,ERR,ERR,ERR,ERR,ERR,ERR,ERR,ERR,ERR,ERR,ERR,ERR,ERR,ERR,ERR,ERR,ERR,ERR,ERR,ERR,ERR,ERR,ERR,ERR,ERR,ERR,ERR,ERR,ERR,ERR,ERR,ERR,ERR,ERR,ERR,ERR,50.0,60.0,100,0.0,0.0,0.0,0.0,0.0,0.0,0.0,0.0,0.0,0.0,0.0,0.0,0.0,0.0,0.0,0.0,61.6,78,11,65508,50,65476,0,300,0,0,8,20529,65476,0,0,26214,60.0,0.0,0.0,0.0,0.0,0.0
2026-05-17T16:46:18,ERR,ERR,ERR,ERR,ERR,ERR,ERR,ERR,ERR,ERR,ERR,ERR,ERR,ERR,ERR,ERR,ERR,ERR,ERR,ERR,ERR,ERR,ERR,ERR,ERR,ERR,ERR,ERR,ERR,ERR,ERR,ERR,ERR,ERR,ERR,ERR,ERR,ERR,ERR,ERR,ERR,ERR,ERR,ERR,ERR,ERR,ERR,ERR,ERR,ERR,ERR,ERR,ERR,ERR,ERR,ERR,ERR,ERR,ERR,ERR,ERR,ERR,ERR,ERR,ERR,ERR,ERR,ERR,ERR,ERR,ERR,ERR,ERR,ERR,ERR,ERR,ERR,ERR,ERR,ERR,ERR,ERR,ERR,ERR,ERR,ERR,ERR,ERR,ERR,ERR,ERR,ERR,ERR,ERR,ERR,ERR,ERR,ERR,ERR,ERR,ERR,ERR,ERR,ERR,ERR,ERR,ERR,ERR,ERR,ERR,ERR,ERR,ERR,ERR,ERR,ERR,ERR,ERR,ERR,ERR,ERR,ERR,ERR,ERR,ERR,0.0,0.0,-134474944.0,0.0,0.0,1.3936040501711995e+18,7.805,0.0,0,0,4,0,8422,0.0,45,0.0,0.0,0.0,0.0,0.0,0,0,0,0,0.0,0,0,0,0,0,0,0,0,0,0,0,0,0,0,0,0,0,0,0,0,0,0,0,0,0,0,0,0,0,0,0,0,0,38,14,7,45,65476,0,300,0,0,8,21553,0.0,-107605600.0,0.0,0.0,0.0,0.0,0.0,0.0,0.0,0.0,0.0,0.0,0.0,0.0,0.0,0.0,0.0,0.0,0.0,0.0,0.0,0.0,0.0,0.0,-2.004,2.004,0.0,0.0,0.0,0.0,5041.0,-564145900486656.0,0.0,0.0,0.0,0.0,-107615304.0,0.0,0.0,0.0,0.0,53,3.222028592685471e+26,0.0,0.0,0.0,0.0,0.0,0.0,0.0,0.0,0,0,0,0.0,0.0,0.0,0.0,0.0,0.0,0.0,0.0,0.0,0.0,0.0,0.0,0.0,0.0,0.0,0.0,0,-107875648.0,53,0.0,106,-107614832.0,2.7006707062415038e+23,ERR,ERR,ERR,ERR,ERR,ERR,ERR,ERR,ERR,ERR,ERR,ERR,ERR,ERR,ERR,ERR,ERR,ERR,ERR,ERR,ERR,ERR,ERR,ERR,ERR,ERR,ERR,ERR,ERR,ERR,ERR,ERR,ERR,ERR,ERR,ERR,ERR,ERR,ERR,ERR,ERR,ERR,ERR,ERR,ERR,ERR,ERR,ERR,ERR,ERR,ERR,ERR,ERR,ERR,ERR,ERR,ERR,ERR,ERR,ERR,ERR,ERR,ERR,ERR,ERR,ERR,ERR,50.0,60.0,100,0.0,0.0,0.0,0.0,0.0,0.0,0.0,0.0,0.0,0.0,0.0,0.0,0.0,0.0,0.0,0.0,62.0,78,11,65508,50,65476,0,300,0,0,8,20529,65476,0,0,26214,60.0,0.0,0.0,0.0,0.0,0.0
2026-05-17T16:46:19,ERR,ERR,ERR,ERR,ERR,ERR,ERR,ERR,ERR,ERR,ERR,ERR,ERR,ERR,ERR,ERR,ERR,ERR,ERR,ERR,ERR,ERR,ERR,ERR,ERR,ERR,ERR,ERR,ERR,ERR,ERR,ERR,ERR,ERR,ERR,ERR,ERR,ERR,ERR,ERR,ERR,ERR,ERR,ERR,ERR,ERR,ERR,ERR,ERR,ERR,ERR,ERR,ERR,ERR,ERR,ERR,ERR,ERR,ERR,ERR,ERR,ERR,ERR,ERR,ERR,ERR,ERR,ERR,ERR,ERR,ERR,ERR,ERR,ERR,ERR,ERR,ERR,ERR,ERR,ERR,ERR,ERR,ERR,ERR,ERR,ERR,ERR,ERR,ERR,ERR,ERR,ERR,ERR,ERR,ERR,ERR,ERR,ERR,ERR,ERR,ERR,ERR,ERR,ERR,ERR,ERR,ERR,ERR,ERR,ERR,ERR,ERR,ERR,ERR,ERR,ERR,ERR,ERR,ERR,ERR,ERR,ERR,ERR,ERR,ERR,0.0,0.0,-134474944.0,0.0,0.0,1.3936040501711995e+18,7.805,0.0,0,0,4,0,8422,0.0,45,0.0,0.0,0.0,0.0,0.0,0,0,0,0,0.0,0,0,0,0,0,0,0,0,0,0,0,0,0,0,0,0,0,0,0,0,0,0,0,0,0,0,0,0,0,0,0,0,0,38,14,7,45,65476,0,300,0,0,8,21553,0.0,-107605600.0,0.0,0.0,0.0,0.0,0.0,0.0,0.0,0.0,0.0,0.0,0.0,0.0,0.0,0.0,0.0,0.0,0.0,0.0,0.0,0.0,0.0,0.0,-2.004,2.004,0.0,0.0,0.0,0.0,5038.0,-2.004,0.0,0.0,0.0,0.0,-107615304.0,0.0,0.0,0.0,0.0,53,1.9056979486756045e+17,-3.222003136178649e+26,0.0,0.0,0.0,0.0,0.0,0.0,0.0,0,0,0,0.0,0.0,0.0,0.0,0.0,0.0,0.0,0.0,0.0,0.0,0.0,0.0,0.0,0.0,0.0,0.0,0,-107875648.0,53,0.0,106,-107614832.0,2.7006707062415038e+23,ERR,ERR,ERR,ERR,ERR,ERR,ERR,ERR,ERR,ERR,ERR,ERR,ERR,ERR,ERR,ERR,ERR,ERR,ERR,ERR,ERR,ERR,ERR,ERR,ERR,ERR,ERR,ERR,ERR,ERR,ERR,ERR,ERR,ERR,ERR,ERR,ERR,ERR,ERR,ERR,ERR,ERR,ERR,ERR,ERR,ERR,ERR,ERR,ERR,ERR,ERR,ERR,ERR,ERR,ERR,ERR,ERR,ERR,ERR,ERR,ERR,ERR,ERR,ERR,ERR,ERR,ERR,50.0,60.0,100,0.0,0.0,0.0,0.0,0.0,0.0,0.0,0.0,0.0,0.0,0.0,0.0,0.0,0.0,0.0,0.0,62.0,78,11,65508,50,65476,0,300,0,0,8,20529,65476,0,0,26214,60.0,0.0,0.0,0.0,0.0,0.0
2026-05-17T16:46:20,ERR,ERR,ERR,ERR,ERR,ERR,ERR,ERR,ERR,ERR,ERR,ERR,ERR,ERR,ERR,ERR,ERR,ERR,ERR,ERR,ERR,ERR,ERR,ERR,ERR,ERR,ERR,ERR,ERR,ERR,ERR,ERR,ERR,ERR,ERR,ERR,ERR,ERR,ERR,ERR,ERR,ERR,ERR,ERR,ERR,ERR,ERR,ERR,ERR,ERR,ERR,ERR,ERR,ERR,ERR,ERR,ERR,ERR,ERR,ERR,ERR,ERR,ERR,ERR,ERR,ERR,ERR,ERR,ERR,ERR,ERR,ERR,ERR,ERR,ERR,ERR,ERR,ERR,ERR,ERR,ERR,ERR,ERR,ERR,ERR,ERR,ERR,ERR,ERR,ERR,ERR,ERR,ERR,ERR,ERR,ERR,ERR,ERR,ERR,ERR,ERR,ERR,ERR,ERR,ERR,ERR,ERR,ERR,ERR,ERR,ERR,ERR,ERR,ERR,ERR,ERR,ERR,ERR,ERR,ERR,ERR,ERR,ERR,ERR,ERR,0.0,0.0,-134474944.0,0.0,0.0,1.3936040501711995e+18,7.805,0.0,0,0,4,0,8422,0.0,45,0.0,0.0,0.0,0.0,0.0,0,0,0,0,0.0,0,0,0,0,0,0,0,0,0,0,0,0,0,0,0,0,0,0,0,0,0,0,0,0,0,0,0,0,0,0,0,0,0,38,14,7,45,65476,0,300,0,0,8,21553,0.0,-107605600.0,0.0,0.0,0.0,0.0,0.0,0.0,0.0,0.0,0.0,0.0,0.0,0.0,0.0,0.0,0.0,0.0,0.0,0.0,0.0,0.0,0.0,0.0,-2.004,2.004,0.0,0.0,0.0,0.0,5038.0,-2.004,0.0,0.0,0.0,0.0,-107615304.0,0.0,0.0,0.0,0.0,53,1.9056979486756045e+17,-3.222003136178649e+26,0.0,0.0,0.0,0.0,0.0,0.0,0.0,0,0,0,0.0,0.0,0.0,0.0,0.0,0.0,0.0,0.0,0.0,0.0,0.0,0.0,0.0,0.0,0.0,0.0,0,-107875648.0,53,0.0,106,-107614832.0,2.7006707062415038e+23,ERR,ERR,ERR,ERR,ERR,ERR,ERR,ERR,ERR,ERR,ERR,ERR,ERR,ERR,ERR,ERR,ERR,ERR,ERR,ERR,ERR,ERR,ERR,ERR,ERR,ERR,ERR,ERR,ERR,ERR,ERR,ERR,ERR,ERR,ERR,ERR,ERR,ERR,ERR,ERR,ERR,ERR,ERR,ERR,ERR,ERR,ERR,ERR,ERR,ERR,ERR,ERR,ERR,ERR,ERR,ERR,ERR,ERR,ERR,ERR,ERR,ERR,ERR,ERR,ERR,ERR,ERR,50.0,60.0,100,0.0,0.0,0.0,0.0,0.0,0.0,0.0,0.0,0.0,0.0,0.0,0.0,0.0,0.0,0.0,0.0,61.6,78,11,65508,50,65476,0,300,0,0,8,20529,65476,0,0,26214,60.0,0.0,0.0,0.0,0.0,0.0
2026-05-17T16:46:21,ERR,ERR,ERR,ERR,ERR,ERR,ERR,ERR,ERR,ERR,ERR,ERR,ERR,ERR,ERR,ERR,ERR,ERR,ERR,ERR,ERR,ERR,ERR,ERR,ERR,ERR,ERR,ERR,ERR,ERR,ERR,ERR,ERR,ERR,ERR,ERR,ERR,ERR,ERR,ERR,ERR,ERR,ERR,ERR,ERR,ERR,ERR,ERR,ERR,ERR,ERR,ERR,ERR,ERR,ERR,ERR,ERR,ERR,ERR,ERR,ERR,ERR,ERR,ERR,ERR,ERR,ERR,ERR,ERR,ERR,ERR,ERR,ERR,ERR,ERR,ERR,ERR,ERR,ERR,ERR,ERR,ERR,ERR,ERR,ERR,ERR,ERR,ERR,ERR,ERR,ERR,ERR,ERR,ERR,ERR,ERR,ERR,ERR,ERR,ERR,ERR,ERR,ERR,ERR,ERR,ERR,ERR,ERR,ERR,ERR,ERR,ERR,ERR,ERR,ERR,ERR,ERR,ERR,ERR,ERR,ERR,ERR,ERR,ERR,ERR,0.0,0.0,-134474944.0,0.0,0.0,1.3936040501711995e+18,7.805,0.0,0,0,4,0,8422,0.0,45,0.0,0.0,0.0,0.0,0.0,0,0,0,0,0.0,0,0,0,0,0,0,0,0,0,0,0,0,0,0,0,0,0,0,0,0,0,0,0,0,0,0,0,0,0,0,0,0,0,38,14,7,45,65476,0,300,0,0,8,21553,0.0,-107605600.0,0.0,0.0,0.0,0.0,0.0,0.0,0.0,0.0,0.0,0.0,0.0,0.0,0.0,0.0,0.0,0.0,0.0,0.0,0.0,0.0,0.0,0.0,-2.004,2.004,0.0,0.0,0.0,0.0,5038.0,-2.004,0.0,0.0,0.0,0.0,-107615304.0,0.0,0.0,0.0,0.0,53,1.9056979486756045e+17,-3.222003136178649e+26,0.0,0.0,0.0,0.0,0.0,0.0,0.0,0,0,0,0.0,0.0,0.0,0.0,0.0,0.0,0.0,0.0,0.0,0.0,0.0,0.0,0.0,0.0,0.0,0.0,0,-107875648.0,53,0.0,106,-107614832.0,2.7006707062415038e+23,ERR,ERR,ERR,ERR,ERR,ERR,ERR,ERR,ERR,ERR,ERR,ERR,ERR,ERR,ERR,ERR,ERR,ERR,ERR,ERR,ERR,ERR,ERR,ERR,ERR,ERR,ERR,ERR,ERR,ERR,ERR,ERR,ERR,ERR,ERR,ERR,ERR,ERR,ERR,ERR,ERR,ERR,ERR,ERR,ERR,ERR,ERR,ERR,ERR,ERR,ERR,ERR,ERR,ERR,ERR,ERR,ERR,ERR,ERR,ERR,ERR,ERR,ERR,ERR,ERR,ERR,ERR,50.0,60.0,100,0.0,0.0,0.0,0.0,0.0,0.0,0.0,0.0,0.0,0.0,0.0,0.0,0.0,0.0,0.0,0.0,61.6,78,11,65508,50,65476,0,300,0,0,8,20529,65476,0,0,26214,60.0,0.0,0.0,0.0,0.0,0.0
2026-05-17T16:46:22,ERR,ERR,ERR,ERR,ERR,ERR,ERR,ERR,ERR,ERR,ERR,ERR,ERR,ERR,ERR,ERR,ERR,ERR,ERR,ERR,ERR,ERR,ERR,ERR,ERR,ERR,ERR,ERR,ERR,ERR,ERR,ERR,ERR,ERR,ERR,ERR,ERR,ERR,ERR,ERR,ERR,ERR,ERR,ERR,ERR,ERR,ERR,ERR,ERR,ERR,ERR,ERR,ERR,ERR,ERR,ERR,ERR,ERR,ERR,ERR,ERR,ERR,ERR,ERR,ERR,ERR,ERR,ERR,ERR,ERR,ERR,ERR,ERR,ERR,ERR,ERR,ERR,ERR,ERR,ERR,ERR,ERR,ERR,ERR,ERR,ERR,ERR,ERR,ERR,ERR,ERR,ERR,ERR,ERR,ERR,ERR,ERR,ERR,ERR,ERR,ERR,ERR,ERR,ERR,ERR,ERR,ERR,ERR,ERR,ERR,ERR,ERR,ERR,ERR,ERR,ERR,ERR,ERR,ERR,ERR,ERR,ERR,ERR,ERR,ERR,0.0,0.0,-134474944.0,0.0,0.0,1.3936040501711995e+18,7.805,0.0,0,0,4,0,8422,0.0,45,0.0,0.0,0.0,0.0,0.0,0,0,0,0,0.0,0,0,0,0,0,0,0,0,0,0,0,0,0,0,0,0,0,0,0,0,0,0,0,0,0,0,0,0,0,0,0,0,0,38,14,7,45,65476,0,300,0,0,8,21553,0.0,-107605600.0,0.0,0.0,0.0,0.0,0.0,0.0,0.0,0.0,0.0,0.0,0.0,0.0,0.0,0.0,0.0,0.0,0.0,0.0,0.0,0.0,0.0,0.0,-2.004,2.004,0.0,0.0,0.0,0.0,5038.0,-2.004,0.0,0.0,0.0,0.0,-107615304.0,0.0,0.0,0.0,0.0,53,1.9056979486756045e+17,-3.222003136178649e+26,0.0,0.0,0.0,0.0,0.0,0.0,0.0,0,0,0,0.0,0.0,0.0,0.0,0.0,0.0,0.0,0.0,0.0,0.0,0.0,0.0,0.0,0.0,0.0,0.0,0,-107875648.0,53,0.0,106,-107614832.0,2.7006707062415038e+23,ERR,ERR,ERR,ERR,ERR,ERR,ERR,ERR,ERR,ERR,ERR,ERR,ERR,ERR,ERR,ERR,ERR,ERR,ERR,ERR,ERR,ERR,ERR,ERR,ERR,ERR,ERR,ERR,ERR,ERR,ERR,ERR,ERR,ERR,ERR,ERR,ERR,ERR,ERR,ERR,ERR,ERR,ERR,ERR,ERR,ERR,ERR,ERR,ERR,ERR,ERR,ERR,ERR,ERR,ERR,ERR,ERR,ERR,ERR,ERR,ERR,ERR,ERR,ERR,ERR,ERR,ERR,50.0,60.0,100,0.0,0.0,0.0,0.0,0.0,0.0,0.0,0.0,0.0,0.0,0.0,0.0,0.0,0.0,0.0,0.0,61.6,78,11,65508,50,65476,0,300,0,0,8,20529,65476,0,0,26214,60.0,0.0,0.0,0.0,0.0,0.0
2026-05-17T16:46:23,ERR,ERR,ERR,ERR,ERR,ERR,ERR,ERR,ERR,ERR,ERR,ERR,ERR,ERR,ERR,ERR,ERR,ERR,ERR,ERR,ERR,ERR,ERR,ERR,ERR,ERR,ERR,ERR,ERR,ERR,ERR,ERR,ERR,ERR,ERR,ERR,ERR,ERR,ERR,ERR,ERR,ERR,ERR,ERR,ERR,ERR,ERR,ERR,ERR,ERR,ERR,ERR,ERR,ERR,ERR,ERR,ERR,ERR,ERR,ERR,ERR,ERR,ERR,ERR,ERR,ERR,ERR,ERR,ERR,ERR,ERR,ERR,ERR,ERR,ERR,ERR,ERR,ERR,ERR,ERR,ERR,ERR,ERR,ERR,ERR,ERR,ERR,ERR,ERR,ERR,ERR,ERR,ERR,ERR,ERR,ERR,ERR,ERR,ERR,ERR,ERR,ERR,ERR,ERR,ERR,ERR,ERR,ERR,ERR,ERR,ERR,ERR,ERR,ERR,ERR,ERR,ERR,ERR,ERR,ERR,ERR,ERR,ERR,ERR,ERR,0.0,0.0,-134474944.0,0.0,0.0,1.3936040501711995e+18,7.805,0.0,0,0,4,0,8422,0.0,45,0.0,0.0,0.0,0.0,0.0,0,0,0,0,0.0,0,0,0,0,0,0,0,0,0,0,0,0,0,0,0,0,0,0,0,0,0,0,0,0,0,0,0,0,0,0,0,0,0,38,14,7,45,65476,0,300,0,0,8,21553,0.0,-107605600.0,0.0,0.0,0.0,0.0,0.0,0.0,0.0,0.0,0.0,0.0,0.0,0.0,0.0,0.0,0.0,0.0,0.0,0.0,0.0,0.0,0.0,0.0,-2.004,2.004,0.0,0.0,0.0,0.0,5038.0,-2.004,0.0,0.0,0.0,0.0,-107615304.0,0.0,0.0,0.0,0.0,53,1.9056979486756045e+17,-3.222003136178649e+26,0.0,0.0,0.0,0.0,0.0,0.0,0.0,0,0,0,0.0,0.0,0.0,0.0,0.0,0.0,0.0,0.0,0.0,0.0,0.0,0.0,0.0,0.0,0.0,0.0,0,-107875648.0,53,0.0,106,-107614832.0,2.7006707062415038e+23,ERR,ERR,ERR,ERR,ERR,ERR,ERR,ERR,ERR,ERR,ERR,ERR,ERR,ERR,ERR,ERR,ERR,ERR,ERR,ERR,ERR,ERR,ERR,ERR,ERR,ERR,ERR,ERR,ERR,ERR,ERR,ERR,ERR,ERR,ERR,ERR,ERR,ERR,ERR,ERR,ERR,ERR,ERR,ERR,ERR,ERR,ERR,ERR,ERR,ERR,ERR,ERR,ERR,ERR,ERR,ERR,ERR,ERR,ERR,ERR,ERR,ERR,ERR,ERR,ERR,ERR,ERR,50.0,60.0,100,0.0,0.0,0.0,0.0,0.0,0.0,0.0,0.0,0.0,0.0,0.0,0.0,0.0,0.0,0.0,0.0,62.0,78,11,65508,50,65476,0,300,0,0,8,20529,65476,0,0,26214,60.0,0.0,0.0,0.0,0.0,0.0
2026-05-17T16:46:24,ERR,ERR,ERR,ERR,ERR,ERR,ERR,ERR,ERR,ERR,ERR,ERR,ERR,ERR,ERR,ERR,ERR,ERR,ERR,ERR,ERR,ERR,ERR,ERR,ERR,ERR,ERR,ERR,ERR,ERR,ERR,ERR,ERR,ERR,ERR,ERR,ERR,ERR,ERR,ERR,ERR,ERR,ERR,ERR,ERR,ERR,ERR,ERR,ERR,ERR,ERR,ERR,ERR,ERR,ERR,ERR,ERR,ERR,ERR,ERR,ERR,ERR,ERR,ERR,ERR,ERR,ERR,ERR,ERR,ERR,ERR,ERR,ERR,ERR,ERR,ERR,ERR,ERR,ERR,ERR,ERR,ERR,ERR,ERR,ERR,ERR,ERR,ERR,ERR,ERR,ERR,ERR,ERR,ERR,ERR,ERR,ERR,ERR,ERR,ERR,ERR,ERR,ERR,ERR,ERR,ERR,ERR,ERR,ERR,ERR,ERR,ERR,ERR,ERR,ERR,ERR,ERR,ERR,ERR,ERR,ERR,ERR,ERR,ERR,ERR,0.0,0.0,-134474944.0,0.0,0.0,1.3936040501711995e+18,7.805,0.0,0,0,4,0,8422,0.0,45,0.0,0.0,0.0,0.0,0.0,0,0,0,0,0.0,0,0,0,0,0,0,0,0,0,0,0,0,0,0,0,0,0,0,0,0,0,0,0,0,0,0,0,0,0,0,0,0,0,38,14,7,45,65476,0,300,0,0,8,21553,0.0,-107605600.0,0.0,0.0,0.0,0.0,0.0,0.0,0.0,0.0,0.0,0.0,0.0,0.0,0.0,0.0,0.0,0.0,0.0,0.0,0.0,0.0,0.0,0.0,-2.004,2.004,0.0,0.0,0.0,0.0,5013.0,-131350.438,0.0,0.0,0.0,0.0,-107615304.0,0.0,0.0,0.0,0.0,53,-0.0,-0.0,0.0,0.0,0.0,0.0,0.0,0.0,0.0,0,0,0,0.0,0.0,0.0,0.0,0.0,0.0,0.0,0.0,0.0,0.0,0.0,0.0,0.0,0.0,0.0,0.0,0,-107875648.0,53,0.0,106,-107614832.0,2.7006707062415038e+23,ERR,ERR,ERR,ERR,ERR,ERR,ERR,ERR,ERR,ERR,ERR,ERR,ERR,ERR,ERR,ERR,ERR,ERR,ERR,ERR,ERR,ERR,ERR,ERR,ERR,ERR,ERR,ERR,ERR,ERR,ERR,ERR,ERR,ERR,ERR,ERR,ERR,ERR,ERR,ERR,ERR,ERR,ERR,ERR,ERR,ERR,ERR,ERR,ERR,ERR,ERR,ERR,ERR,ERR,ERR,ERR,ERR,ERR,ERR,ERR,ERR,ERR,ERR,ERR,ERR,ERR,ERR,50.0,60.0,100,0.0,0.0,0.0,0.0,0.0,0.0,0.0,0.0,0.0,0.0,0.0,0.0,0.0,0.0,0.0,0.0,62.0,78,11,65508,50,65476,0,300,0,0,8,20529,65476,0,0,26214,60.0,0.0,0.0,0.0,0.0,0.0
2026-05-17T16:46:25,ERR,ERR,ERR,ERR,ERR,ERR,ERR,ERR,ERR,ERR,ERR,ERR,ERR,ERR,ERR,ERR,ERR,ERR,ERR,ERR,ERR,ERR,ERR,ERR,ERR,ERR,ERR,ERR,ERR,ERR,ERR,ERR,ERR,ERR,ERR,ERR,ERR,ERR,ERR,ERR,ERR,ERR,ERR,ERR,ERR,ERR,ERR,ERR,ERR,ERR,ERR,ERR,ERR,ERR,ERR,ERR,ERR,ERR,ERR,ERR,ERR,ERR,ERR,ERR,ERR,ERR,ERR,ERR,ERR,ERR,ERR,ERR,ERR,ERR,ERR,ERR,ERR,ERR,ERR,ERR,ERR,ERR,ERR,ERR,ERR,ERR,ERR,ERR,ERR,ERR,ERR,ERR,ERR,ERR,ERR,ERR,ERR,ERR,ERR,ERR,ERR,ERR,ERR,ERR,ERR,ERR,ERR,ERR,ERR,ERR,ERR,ERR,ERR,ERR,ERR,ERR,ERR,ERR,ERR,ERR,ERR,ERR,ERR,ERR,ERR,0.0,0.0,-134474944.0,0.0,0.0,1.3936040501711995e+18,7.805,0.0,0,0,4,0,8422,0.0,45,0.0,0.0,0.0,0.0,0.0,0,0,0,0,0.0,0,0,0,0,0,0,0,0,0,0,0,0,0,0,0,0,0,0,0,0,0,0,0,0,0,0,0,0,0,0,0,0,0,38,14,7,45,65476,0,300,0,0,8,21553,0.0,-107605600.0,0.0,0.0,0.0,0.0,0.0,0.0,0.0,0.0,0.0,0.0,0.0,0.0,0.0,0.0,0.0,0.0,0.0,0.0,0.0,0.0,0.0,0.0,-2.004,2.004,0.0,0.0,0.0,0.0,5013.0,-131350.438,0.0,0.0,0.0,0.0,-107615304.0,0.0,0.0,0.0,0.0,53,-0.0,-0.0,0.0,0.0,0.0,0.0,0.0,0.0,0.0,0,0,0,0.0,0.0,0.0,0.0,0.0,0.0,0.0,0.0,0.0,0.0,0.0,0.0,0.0,0.0,0.0,0.0,0,-107875648.0,53,0.0,106,-107614832.0,2.7006707062415038e+23,ERR,ERR,ERR,ERR,ERR,ERR,ERR,ERR,ERR,ERR,ERR,ERR,ERR,ERR,ERR,ERR,ERR,ERR,ERR,ERR,ERR,ERR,ERR,ERR,ERR,ERR,ERR,ERR,ERR,ERR,ERR,ERR,ERR,ERR,ERR,ERR,ERR,ERR,ERR,ERR,ERR,ERR,ERR,ERR,ERR,ERR,ERR,ERR,ERR,ERR,ERR,ERR,ERR,ERR,ERR,ERR,ERR,ERR,ERR,ERR,ERR,ERR,ERR,ERR,ERR,ERR,ERR,50.0,60.0,100,0.0,0.0,0.0,0.0,0.0,0.0,0.0,0.0,0.0,0.0,0.0,0.0,0.0,0.0,0.0,0.0,61.6,78,11,65508,50,65476,0,300,0,0,8,20529,65476,0,0,26214,60.0,0.0,0.0,0.0,0.0,0.0
2026-05-17T16:46:26,ERR,ERR,ERR,ERR,ERR,ERR,ERR,ERR,ERR,ERR,ERR,ERR,ERR,ERR,ERR,ERR,ERR,ERR,ERR,ERR,ERR,ERR,ERR,ERR,ERR,ERR,ERR,ERR,ERR,ERR,ERR,ERR,ERR,ERR,ERR,ERR,ERR,ERR,ERR,ERR,ERR,ERR,ERR,ERR,ERR,ERR,ERR,ERR,ERR,ERR,ERR,ERR,ERR,ERR,ERR,ERR,ERR,ERR,ERR,ERR,ERR,ERR,ERR,ERR,ERR,ERR,ERR,ERR,ERR,ERR,ERR,ERR,ERR,ERR,ERR,ERR,ERR,ERR,ERR,ERR,ERR,ERR,ERR,ERR,ERR,ERR,ERR,ERR,ERR,ERR,ERR,ERR,ERR,ERR,ERR,ERR,ERR,ERR,ERR,ERR,ERR,ERR,ERR,ERR,ERR,ERR,ERR,ERR,ERR,ERR,ERR,ERR,ERR,ERR,ERR,ERR,ERR,ERR,ERR,ERR,ERR,ERR,ERR,ERR,ERR,0.0,0.0,-134474944.0,0.0,0.0,1.3936040501711995e+18,7.805,0.0,0,0,4,0,8422,0.0,45,0.0,0.0,0.0,0.0,0.0,0,0,0,0,0.0,0,0,0,0,0,0,0,0,0,0,0,0,0,0,0,0,0,0,0,0,0,0,0,0,0,0,0,0,0,0,0,0,0,38,14,7,45,65476,0,300,0,0,8,21553,0.0,-107605600.0,0.0,0.0,0.0,0.0,0.0,0.0,0.0,0.0,0.0,0.0,0.0,0.0,0.0,0.0,0.0,0.0,0.0,0.0,0.0,0.0,0.0,0.0,-2.004,2.004,0.0,0.0,0.0,0.0,5013.0,-131350.438,0.0,0.0,0.0,0.0,-107615304.0,0.0,0.0,0.0,0.0,53,-0.0,-0.0,0.0,0.0,0.0,0.0,0.0,0.0,0.0,0,0,0,0.0,0.0,0.0,0.0,0.0,0.0,0.0,0.0,0.0,0.0,0.0,0.0,0.0,0.0,0.0,0.0,0,-107875648.0,53,0.0,106,-107614832.0,2.7006707062415038e+23,ERR,ERR,ERR,ERR,ERR,ERR,ERR,ERR,ERR,ERR,ERR,ERR,ERR,ERR,ERR,ERR,ERR,ERR,ERR,ERR,ERR,ERR,ERR,ERR,ERR,ERR,ERR,ERR,ERR,ERR,ERR,ERR,ERR,ERR,ERR,ERR,ERR,ERR,ERR,ERR,ERR,ERR,ERR,ERR,ERR,ERR,ERR,ERR,ERR,ERR,ERR,ERR,ERR,ERR,ERR,ERR,ERR,ERR,ERR,ERR,ERR,ERR,ERR,ERR,ERR,ERR,ERR,50.0,60.0,100,0.0,0.0,0.0,0.0,0.0,0.0,0.0,0.0,0.0,0.0,0.0,0.0,0.0,0.0,0.0,0.0,61.6,78,11,65508,50,65476,0,300,0,0,8,20529,65476,0,0,26214,60.0,0.0,0.0,0.0,0.0,0.0
2026-05-17T16:46:27,ERR,ERR,ERR,ERR,ERR,ERR,ERR,ERR,ERR,ERR,ERR,ERR,ERR,ERR,ERR,ERR,ERR,ERR,ERR,ERR,ERR,ERR,ERR,ERR,ERR,ERR,ERR,ERR,ERR,ERR,ERR,ERR,ERR,ERR,ERR,ERR,ERR,ERR,ERR,ERR,ERR,ERR,ERR,ERR,ERR,ERR,ERR,ERR,ERR,ERR,ERR,ERR,ERR,ERR,ERR,ERR,ERR,ERR,ERR,ERR,ERR,ERR,ERR,ERR,ERR,ERR,ERR,ERR,ERR,ERR,ERR,ERR,ERR,ERR,ERR,ERR,ERR,ERR,ERR,ERR,ERR,ERR,ERR,ERR,ERR,ERR,ERR,ERR,ERR,ERR,ERR,ERR,ERR,ERR,ERR,ERR,ERR,ERR,ERR,ERR,ERR,ERR,ERR,ERR,ERR,ERR,ERR,ERR,ERR,ERR,ERR,ERR,ERR,ERR,ERR,ERR,ERR,ERR,ERR,ERR,ERR,ERR,ERR,ERR,ERR,0.0,0.0,-134474944.0,0.0,0.0,1.3936040501711995e+18,7.805,0.0,0,0,4,0,8422,0.0,45,0.0,0.0,0.0,0.0,0.0,0,0,0,0,0.0,0,0,0,0,0,0,0,0,0,0,0,0,0,0,0,0,0,0,0,0,0,0,0,0,0,0,0,0,0,0,0,0,0,38,14,7,45,65476,0,300,0,0,8,21553,0.0,-107605600.0,0.0,0.0,0.0,0.0,0.0,0.0,0.0,0.0,0.0,0.0,0.0,0.0,0.0,0.0,0.0,0.0,0.0,0.0,0.0,0.0,0.0,0.0,-2.004,2.004,0.0,0.0,0.0,0.0,5013.0,-131350.438,0.0,0.0,0.0,0.0,-107615304.0,0.0,0.0,0.0,0.0,53,-0.0,-0.0,0.0,0.0,0.0,0.0,0.0,0.0,0.0,0,0,0,0.0,0.0,0.0,0.0,0.0,0.0,0.0,0.0,0.0,0.0,0.0,0.0,0.0,0.0,0.0,0.0,0,-107875648.0,53,0.0,106,-107614832.0,2.7006707062415038e+23,ERR,ERR,ERR,ERR,ERR,ERR,ERR,ERR,ERR,ERR,ERR,ERR,ERR,ERR,ERR,ERR,ERR,ERR,ERR,ERR,ERR,ERR,ERR,ERR,ERR,ERR,ERR,ERR,ERR,ERR,ERR,ERR,ERR,ERR,ERR,ERR,ERR,ERR,ERR,ERR,ERR,ERR,ERR,ERR,ERR,ERR,ERR,ERR,ERR,ERR,ERR,ERR,ERR,ERR,ERR,ERR,ERR,ERR,ERR,ERR,ERR,ERR,ERR,ERR,ERR,ERR,ERR,50.0,60.0,100,0.0,0.0,0.0,0.0,0.0,0.0,0.0,0.0,0.0,0.0,0.0,0.0,0.0,0.0,0.0,0.0,61.6,78,11,65508,50,65476,0,300,0,0,8,20529,65476,0,0,26214,60.0,0.0,0.0,0.0,0.0,0.0
2026-05-17T16:46:28,ERR,ERR,ERR,ERR,ERR,ERR,ERR,ERR,ERR,ERR,ERR,ERR,ERR,ERR,ERR,ERR,ERR,ERR,ERR,ERR,ERR,ERR,ERR,ERR,ERR,ERR,ERR,ERR,ERR,ERR,ERR,ERR,ERR,ERR,ERR,ERR,ERR,ERR,ERR,ERR,ERR,ERR,ERR,ERR,ERR,ERR,ERR,ERR,ERR,ERR,ERR,ERR,ERR,ERR,ERR,ERR,ERR,ERR,ERR,ERR,ERR,ERR,ERR,ERR,ERR,ERR,ERR,ERR,ERR,ERR,ERR,ERR,ERR,ERR,ERR,ERR,ERR,ERR,ERR,ERR,ERR,ERR,ERR,ERR,ERR,ERR,ERR,ERR,ERR,ERR,ERR,ERR,ERR,ERR,ERR,ERR,ERR,ERR,ERR,ERR,ERR,ERR,ERR,ERR,ERR,ERR,ERR,ERR,ERR,ERR,ERR,ERR,ERR,ERR,ERR,ERR,ERR,ERR,ERR,ERR,ERR,ERR,ERR,ERR,ERR,0.0,0.0,-134474944.0,0.0,0.0,1.3936040501711995e+18,7.805,0.0,0,0,4,0,8422,0.0,45,0.0,0.0,0.0,0.0,0.0,0,0,0,0,0.0,0,0,0,0,0,0,0,0,0,0,0,0,0,0,0,0,0,0,0,0,0,0,0,0,0,0,0,0,0,0,0,0,0,38,14,7,45,65476,0,300,0,0,8,21553,0.0,-107605600.0,0.0,0.0,0.0,0.0,0.0,0.0,0.0,0.0,0.0,0.0,0.0,0.0,0.0,0.0,0.0,0.0,0.0,0.0,0.0,0.0,0.0,0.0,-2.004,2.004,0.0,0.0,0.0,0.0,5013.0,-131350.438,0.0,0.0,0.0,0.0,-107615304.0,0.0,0.0,0.0,0.0,53,-0.0,-0.0,0.0,0.0,0.0,0.0,0.0,0.0,0.0,0,0,0,0.0,0.0,0.0,0.0,0.0,0.0,0.0,0.0,0.0,0.0,0.0,0.0,0.0,0.0,0.0,0.0,0,-107875648.0,53,0.0,106,-107614832.0,2.7006707062415038e+23,ERR,ERR,ERR,ERR,ERR,ERR,ERR,ERR,ERR,ERR,ERR,ERR,ERR,ERR,ERR,ERR,ERR,ERR,ERR,ERR,ERR,ERR,ERR,ERR,ERR,ERR,ERR,ERR,ERR,ERR,ERR,ERR,ERR,ERR,ERR,ERR,ERR,ERR,ERR,ERR,ERR,ERR,ERR,ERR,ERR,ERR,ERR,ERR,ERR,ERR,ERR,ERR,ERR,ERR,ERR,ERR,ERR,ERR,ERR,ERR,ERR,ERR,ERR,ERR,ERR,ERR,ERR,50.0,60.0,100,0.0,0.0,0.0,0.0,0.0,0.0,0.0,0.0,0.0,0.0,0.0,0.0,0.0,0.0,0.0,0.0,62.0,78,11,65508,50,65476,0,300,0,0,8,20529,65476,0,0,26214,60.0,0.0,0.0,0.0,0.0,0.0
2026-05-17T16:46:29,ERR,ERR,ERR,ERR,ERR,ERR,ERR,ERR,ERR,ERR,ERR,ERR,ERR,ERR,ERR,ERR,ERR,ERR,ERR,ERR,ERR,ERR,ERR,ERR,ERR,ERR,ERR,ERR,ERR,ERR,ERR,ERR,ERR,ERR,ERR,ERR,ERR,ERR,ERR,ERR,ERR,ERR,ERR,ERR,ERR,ERR,ERR,ERR,ERR,ERR,ERR,ERR,ERR,ERR,ERR,ERR,ERR,ERR,ERR,ERR,ERR,ERR,ERR,ERR,ERR,ERR,ERR,ERR,ERR,ERR,ERR,ERR,ERR,ERR,ERR,ERR,ERR,ERR,ERR,ERR,ERR,ERR,ERR,ERR,ERR,ERR,ERR,ERR,ERR,ERR,ERR,ERR,ERR,ERR,ERR,ERR,ERR,ERR,ERR,ERR,ERR,ERR,ERR,ERR,ERR,ERR,ERR,ERR,ERR,ERR,ERR,ERR,ERR,ERR,ERR,ERR,ERR,ERR,ERR,ERR,ERR,ERR,ERR,ERR,ERR,0.0,0.0,-134474944.0,0.0,0.0,1.3936040501711995e+18,7.805,0.0,0,0,4,0,8422,0.0,45,0.0,0.0,0.0,0.0,0.0,0,0,0,0,0.0,0,0,0,0,0,0,0,0,0,0,0,0,0,0,0,0,0,0,0,0,0,0,0,0,0,0,0,0,0,0,0,0,0,38,14,7,45,65476,0,300,0,0,8,21553,0.0,-107605600.0,0.0,0.0,0.0,0.0,0.0,0.0,0.0,0.0,0.0,0.0,0.0,0.0,0.0,0.0,0.0,0.0,0.0,0.0,0.0,0.0,0.0,0.0,-2.004,2.004,0.0,0.0,0.0,0.0,5011.0,-1.5879293531142762e+29,0.0,0.0,0.0,0.0,-107615304.0,0.0,0.0,0.0,0.0,53,-0.0,0.0,0.0,0.0,0.0,0.0,0.0,0.0,0.0,0,0,0,0.0,0.0,0.0,0.0,0.0,0.0,0.0,0.0,0.0,0.0,0.0,0.0,0.0,0.0,0.0,0.0,0,-107875648.0,53,0.0,106,-107614832.0,2.7006707062415038e+23,ERR,ERR,ERR,ERR,ERR,ERR,ERR,ERR,ERR,ERR,ERR,ERR,ERR,ERR,ERR,ERR,ERR,ERR,ERR,ERR,ERR,ERR,ERR,ERR,ERR,ERR,ERR,ERR,ERR,ERR,ERR,ERR,ERR,ERR,ERR,ERR,ERR,ERR,ERR,ERR,ERR,ERR,ERR,ERR,ERR,ERR,ERR,ERR,ERR,ERR,ERR,ERR,ERR,ERR,ERR,ERR,ERR,ERR,ERR,ERR,ERR,ERR,ERR,ERR,ERR,ERR,ERR,50.0,60.0,100,0.0,0.0,0.0,0.0,0.0,0.0,0.0,0.0,0.0,0.0,0.0,0.0,0.0,0.0,0.0,0.0,62.0,78,11,65508,50,65476,0,300,0,0,8,20529,65476,0,0,26214,60.0,0.0,0.0,0.0,0.0,0.0
2026-05-17T16:46:30,ERR,ERR,ERR,ERR,ERR,ERR,ERR,ERR,ERR,ERR,ERR,ERR,ERR,ERR,ERR,ERR,ERR,ERR,ERR,ERR,ERR,ERR,ERR,ERR,ERR,ERR,ERR,ERR,ERR,ERR,ERR,ERR,ERR,ERR,ERR,ERR,ERR,ERR,ERR,ERR,ERR,ERR,ERR,ERR,ERR,ERR,ERR,ERR,ERR,ERR,ERR,ERR,ERR,ERR,ERR,ERR,ERR,ERR,ERR,ERR,ERR,ERR,ERR,ERR,ERR,ERR,ERR,ERR,ERR,ERR,ERR,ERR,ERR,ERR,ERR,ERR,ERR,ERR,ERR,ERR,ERR,ERR,ERR,ERR,ERR,ERR,ERR,ERR,ERR,ERR,ERR,ERR,ERR,ERR,ERR,ERR,ERR,ERR,ERR,ERR,ERR,ERR,ERR,ERR,ERR,ERR,ERR,ERR,ERR,ERR,ERR,ERR,ERR,ERR,ERR,ERR,ERR,ERR,ERR,ERR,ERR,ERR,ERR,ERR,ERR,0.0,0.0,-134474944.0,0.0,0.0,1.3936040501711995e+18,7.805,0.0,0,0,4,0,8422,0.0,45,0.0,0.0,0.0,0.0,0.0,0,0,0,0,0.0,0,0,0,0,0,0,0,0,0,0,0,0,0,0,0,0,0,0,0,0,0,0,0,0,0,0,0,0,0,0,0,0,0,38,14,7,45,65476,0,300,0,0,8,21553,0.0,-107605600.0,0.0,0.0,0.0,0.0,0.0,0.0,0.0,0.0,0.0,0.0,0.0,0.0,0.0,0.0,0.0,0.0,0.0,0.0,0.0,0.0,0.0,0.0,-2.004,2.004,0.0,0.0,0.0,0.0,5011.0,-1.5879293531142762e+29,0.0,0.0,0.0,0.0,-107615304.0,0.0,0.0,0.0,0.0,53,-0.0,0.0,0.0,0.0,0.0,0.0,0.0,0.0,0.0,0,0,0,0.0,0.0,0.0,0.0,0.0,0.0,0.0,0.0,0.0,0.0,0.0,0.0,0.0,0.0,0.0,0.0,0,-107875648.0,53,0.0,106,-107614832.0,2.7006707062415038e+23,ERR,ERR,ERR,ERR,ERR,ERR,ERR,ERR,ERR,ERR,ERR,ERR,ERR,ERR,ERR,ERR,ERR,ERR,ERR,ERR,ERR,ERR,ERR,ERR,ERR,ERR,ERR,ERR,ERR,ERR,ERR,ERR,ERR,ERR,ERR,ERR,ERR,ERR,ERR,ERR,ERR,ERR,ERR,ERR,ERR,ERR,ERR,ERR,ERR,ERR,ERR,ERR,ERR,ERR,ERR,ERR,ERR,ERR,ERR,ERR,ERR,ERR,ERR,ERR,ERR,ERR,ERR,50.0,60.0,100,0.0,0.0,0.0,0.0,0.0,0.0,0.0,0.0,0.0,0.0,0.0,0.0,0.0,0.0,0.0,0.0,61.6,78,11,65508,50,65476,0,300,0,0,8,20529,65476,0,0,26214,60.0,0.0,0.0,0.0,0.0,0.0
2026-05-17T16:46:31,ERR,ERR,ERR,ERR,ERR,ERR,ERR,ERR,ERR,ERR,ERR,ERR,ERR,ERR,ERR,ERR,ERR,ERR,ERR,ERR,ERR,ERR,ERR,ERR,ERR,ERR,ERR,ERR,ERR,ERR,ERR,ERR,ERR,ERR,ERR,ERR,ERR,ERR,ERR,ERR,ERR,ERR,ERR,ERR,ERR,ERR,ERR,ERR,ERR,ERR,ERR,ERR,ERR,ERR,ERR,ERR,ERR,ERR,ERR,ERR,ERR,ERR,ERR,ERR,ERR,ERR,ERR,ERR,ERR,ERR,ERR,ERR,ERR,ERR,ERR,ERR,ERR,ERR,ERR,ERR,ERR,ERR,ERR,ERR,ERR,ERR,ERR,ERR,ERR,ERR,ERR,ERR,ERR,ERR,ERR,ERR,ERR,ERR,ERR,ERR,ERR,ERR,ERR,ERR,ERR,ERR,ERR,ERR,ERR,ERR,ERR,ERR,ERR,ERR,ERR,ERR,ERR,ERR,ERR,ERR,ERR,ERR,ERR,ERR,ERR,0.0,0.0,-134474944.0,0.0,0.0,1.3936040501711995e+18,7.805,0.0,0,0,4,0,8422,0.0,45,0.0,0.0,0.0,0.0,0.0,0,0,0,0,0.0,0,0,0,0,0,0,0,0,0,0,0,0,0,0,0,0,0,0,0,0,0,0,0,0,0,0,0,0,0,0,0,0,0,38,14,7,45,65476,0,300,0,0,8,21553,0.0,-107605600.0,0.0,0.0,0.0,0.0,0.0,0.0,0.0,0.0,0.0,0.0,0.0,0.0,0.0,0.0,0.0,0.0,0.0,0.0,0.0,0.0,0.0,0.0,-2.004,2.004,0.0,0.0,0.0,0.0,5011.0,-1.5879293531142762e+29,0.0,0.0,0.0,0.0,-107615304.0,0.0,0.0,0.0,0.0,53,-0.0,0.0,0.0,0.0,0.0,0.0,0.0,0.0,0.0,0,0,0,0.0,0.0,0.0,0.0,0.0,0.0,0.0,0.0,0.0,0.0,0.0,0.0,0.0,0.0,0.0,0.0,0,-107875648.0,53,0.0,106,-107614832.0,2.7006707062415038e+23,ERR,ERR,ERR,ERR,ERR,ERR,ERR,ERR,ERR,ERR,ERR,ERR,ERR,ERR,ERR,ERR,ERR,ERR,ERR,ERR,ERR,ERR,ERR,ERR,ERR,ERR,ERR,ERR,ERR,ERR,ERR,ERR,ERR,ERR,ERR,ERR,ERR,ERR,ERR,ERR,ERR,ERR,ERR,ERR,ERR,ERR,ERR,ERR,ERR,ERR,ERR,ERR,ERR,ERR,ERR,ERR,ERR,ERR,ERR,ERR,ERR,ERR,ERR,ERR,ERR,ERR,ERR,50.0,60.0,100,0.0,0.0,0.0,0.0,0.0,0.0,0.0,0.0,0.0,0.0,0.0,0.0,0.0,0.0,0.0,0.0,61.6,78,11,65508,50,65476,0,300,0,0,8,20529,65476,0,0,26214,60.0,0.0,0.0,0.0,0.0,0.0
2026-05-17T16:46:32,ERR,ERR,ERR,ERR,ERR,ERR,ERR,ERR,ERR,ERR,ERR,ERR,ERR,ERR,ERR,ERR,ERR,ERR,ERR,ERR,ERR,ERR,ERR,ERR,ERR,ERR,ERR,ERR,ERR,ERR,ERR,ERR,ERR,ERR,ERR,ERR,ERR,ERR,ERR,ERR,ERR,ERR,ERR,ERR,ERR,ERR,ERR,ERR,ERR,ERR,ERR,ERR,ERR,ERR,ERR,ERR,ERR,ERR,ERR,ERR,ERR,ERR,ERR,ERR,ERR,ERR,ERR,ERR,ERR,ERR,ERR,ERR,ERR,ERR,ERR,ERR,ERR,ERR,ERR,ERR,ERR,ERR,ERR,ERR,ERR,ERR,ERR,ERR,ERR,ERR,ERR,ERR,ERR,ERR,ERR,ERR,ERR,ERR,ERR,ERR,ERR,ERR,ERR,ERR,ERR,ERR,ERR,ERR,ERR,ERR,ERR,ERR,ERR,ERR,ERR,ERR,ERR,ERR,ERR,ERR,ERR,ERR,ERR,ERR,ERR,0.0,0.0,-134474944.0,0.0,0.0,1.3936040501711995e+18,7.805,0.0,0,0,4,0,8422,0.0,45,0.0,0.0,0.0,0.0,0.0,0,0,0,0,0.0,0,0,0,0,0,0,0,0,0,0,0,0,0,0,0,0,0,0,0,0,0,0,0,0,0,0,0,0,0,0,0,0,0,38,14,7,45,65476,0,300,0,0,8,21553,0.0,-107605600.0,0.0,0.0,0.0,0.0,0.0,0.0,0.0,0.0,0.0,0.0,0.0,0.0,0.0,0.0,0.0,0.0,0.0,0.0,0.0,0.0,0.0,0.0,-2.004,2.004,0.0,0.0,0.0,0.0,5011.0,-1.5879293531142762e+29,0.0,0.0,0.0,0.0,-107615304.0,0.0,0.0,0.0,0.0,53,-0.0,0.0,0.0,0.0,0.0,0.0,0.0,0.0,0.0,0,0,0,0.0,0.0,0.0,0.0,0.0,0.0,0.0,0.0,0.0,0.0,0.0,0.0,0.0,0.0,0.0,0.0,0,-107875648.0,53,0.0,106,-107614832.0,2.7006707062415038e+23,ERR,ERR,ERR,ERR,ERR,ERR,ERR,ERR,ERR,ERR,ERR,ERR,ERR,ERR,ERR,ERR,ERR,ERR,ERR,ERR,ERR,ERR,ERR,ERR,ERR,ERR,ERR,ERR,ERR,ERR,ERR,ERR,ERR,ERR,ERR,ERR,ERR,ERR,ERR,ERR,ERR,ERR,ERR,ERR,ERR,ERR,ERR,ERR,ERR,ERR,ERR,ERR,ERR,ERR,ERR,ERR,ERR,ERR,ERR,ERR,ERR,ERR,ERR,ERR,ERR,ERR,ERR,50.0,60.0,100,0.0,0.0,0.0,0.0,0.0,0.0,0.0,0.0,0.0,0.0,0.0,0.0,0.0,0.0,0.0,0.0,62.0,78,11,65508,50,65476,0,300,0,0,8,20529,65476,0,0,26214,60.0,0.0,0.0,0.0,0.0,0.0
2026-05-17T16:46:33,ERR,ERR,ERR,ERR,ERR,ERR,ERR,ERR,ERR,ERR,ERR,ERR,ERR,ERR,ERR,ERR,ERR,ERR,ERR,ERR,ERR,ERR,ERR,ERR,ERR,ERR,ERR,ERR,ERR,ERR,ERR,ERR,ERR,ERR,ERR,ERR,ERR,ERR,ERR,ERR,ERR,ERR,ERR,ERR,ERR,ERR,ERR,ERR,ERR,ERR,ERR,ERR,ERR,ERR,ERR,ERR,ERR,ERR,ERR,ERR,ERR,ERR,ERR,ERR,ERR,ERR,ERR,ERR,ERR,ERR,ERR,ERR,ERR,ERR,ERR,ERR,ERR,ERR,ERR,ERR,ERR,ERR,ERR,ERR,ERR,ERR,ERR,ERR,ERR,ERR,ERR,ERR,ERR,ERR,ERR,ERR,ERR,ERR,ERR,ERR,ERR,ERR,ERR,ERR,ERR,ERR,ERR,ERR,ERR,ERR,ERR,ERR,ERR,ERR,ERR,ERR,ERR,ERR,ERR,ERR,ERR,ERR,ERR,ERR,ERR,0.0,0.0,-134474944.0,0.0,0.0,1.3936040501711995e+18,7.805,0.0,0,0,4,0,8422,0.0,45,0.0,0.0,0.0,0.0,0.0,0,0,0,0,0.0,0,0,0,0,0,0,0,0,0,0,0,0,0,0,0,0,0,0,0,0,0,0,0,0,0,0,0,0,0,0,0,0,0,38,14,7,45,65476,0,300,0,0,8,21553,0.0,-107605600.0,0.0,0.0,0.0,0.0,0.0,0.0,0.0,0.0,0.0,0.0,0.0,0.0,0.0,0.0,0.0,0.0,0.0,0.0,0.0,0.0,0.0,0.0,-2.004,2.004,0.0,0.0,0.0,0.0,5011.0,-1.5879293531142762e+29,0.0,0.0,0.0,0.0,-107615304.0,0.0,0.0,0.0,0.0,53,-0.0,0.0,0.0,0.0,0.0,0.0,0.0,0.0,0.0,0,0,0,0.0,0.0,0.0,0.0,0.0,0.0,0.0,0.0,0.0,0.0,0.0,0.0,0.0,0.0,0.0,0.0,0,-107875648.0,53,0.0,106,-107614832.0,2.7006707062415038e+23,ERR,ERR,ERR,ERR,ERR,ERR,ERR,ERR,ERR,ERR,ERR,ERR,ERR,ERR,ERR,ERR,ERR,ERR,ERR,ERR,ERR,ERR,ERR,ERR,ERR,ERR,ERR,ERR,ERR,ERR,ERR,ERR,ERR,ERR,ERR,ERR,ERR,ERR,ERR,ERR,ERR,ERR,ERR,ERR,ERR,ERR,ERR,ERR,ERR,ERR,ERR,ERR,ERR,ERR,ERR,ERR,ERR,ERR,ERR,ERR,ERR,ERR,ERR,ERR,ERR,ERR,ERR,50.0,60.0,100,0.0,0.0,0.0,0.0,0.0,0.0,0.0,0.0,0.0,0.0,0.0,0.0,0.0,0.0,0.0,0.0,61.6,78,11,65508,50,65476,0,300,0,0,8,20529,65476,0,0,26214,60.0,0.0,0.0,0.0,0.0,0.0
2026-05-17T16:46:34,ERR,ERR,ERR,ERR,ERR,ERR,ERR,ERR,ERR,ERR,ERR,ERR,ERR,ERR,ERR,ERR,ERR,ERR,ERR,ERR,ERR,ERR,ERR,ERR,ERR,ERR,ERR,ERR,ERR,ERR,ERR,ERR,ERR,ERR,ERR,ERR,ERR,ERR,ERR,ERR,ERR,ERR,ERR,ERR,ERR,ERR,ERR,ERR,ERR,ERR,ERR,ERR,ERR,ERR,ERR,ERR,ERR,ERR,ERR,ERR,ERR,ERR,ERR,ERR,ERR,ERR,ERR,ERR,ERR,ERR,ERR,ERR,ERR,ERR,ERR,ERR,ERR,ERR,ERR,ERR,ERR,ERR,ERR,ERR,ERR,ERR,ERR,ERR,ERR,ERR,ERR,ERR,ERR,ERR,ERR,ERR,ERR,ERR,ERR,ERR,ERR,ERR,ERR,ERR,ERR,ERR,ERR,ERR,ERR,ERR,ERR,ERR,ERR,ERR,ERR,ERR,ERR,ERR,ERR,ERR,ERR,ERR,ERR,ERR,ERR,0.0,0.0,-134474944.0,0.0,0.0,1.3936040501711995e+18,7.805,0.0,0,0,4,0,8422,0.0,45,0.0,0.0,0.0,0.0,0.0,0,0,0,0,0.0,0,0,0,0,0,0,0,0,0,0,0,0,0,0,0,0,0,0,0,0,0,0,0,0,0,0,0,0,0,0,0,0,0,38,14,7,45,65476,0,300,0,0,8,21553,0.0,-107605600.0,0.0,0.0,0.0,0.0,0.0,0.0,0.0,0.0,0.0,0.0,0.0,0.0,0.0,0.0,0.0,0.0,0.0,0.0,0.0,0.0,0.0,0.0,-2.004,2.004,0.0,0.0,0.0,0.0,5044.0,-1.5879295420089355e+29,0.0,0.0,0.0,0.0,-107615304.0,0.0,0.0,0.0,0.0,53,-0.0,4.066854413593191e+29,0.0,0.0,0.0,0.0,0.0,0.0,0.0,0,0,0,0.0,0.0,0.0,0.0,0.0,0.0,0.0,0.0,0.0,0.0,0.0,0.0,0.0,0.0,0.0,0.0,0,-107875648.0,53,0.0,106,-107614832.0,2.7006707062415038e+23,ERR,ERR,ERR,ERR,ERR,ERR,ERR,ERR,ERR,ERR,ERR,ERR,ERR,ERR,ERR,ERR,ERR,ERR,ERR,ERR,ERR,ERR,ERR,ERR,ERR,ERR,ERR,ERR,ERR,ERR,ERR,ERR,ERR,ERR,ERR,ERR,ERR,ERR,ERR,ERR,ERR,ERR,ERR,ERR,ERR,ERR,ERR,ERR,ERR,ERR,ERR,ERR,ERR,ERR,ERR,ERR,ERR,ERR,ERR,ERR,ERR,ERR,ERR,ERR,ERR,ERR,ERR,50.0,60.0,100,0.0,0.0,0.0,0.0,0.0,0.0,0.0,0.0,0.0,0.0,0.0,0.0,0.0,0.0,0.0,0.0,61.6,78,11,65508,50,65476,0,300,0,0,8,20529,65476,0,0,26214,60.0,0.0,0.0,0.0,0.0,0.0
2026-05-17T16:46:35,ERR,ERR,ERR,ERR,ERR,ERR,ERR,ERR,ERR,ERR,ERR,ERR,ERR,ERR,ERR,ERR,ERR,ERR,ERR,ERR,ERR,ERR,ERR,ERR,ERR,ERR,ERR,ERR,ERR,ERR,ERR,ERR,ERR,ERR,ERR,ERR,ERR,ERR,ERR,ERR,ERR,ERR,ERR,ERR,ERR,ERR,ERR,ERR,ERR,ERR,ERR,ERR,ERR,ERR,ERR,ERR,ERR,ERR,ERR,ERR,ERR,ERR,ERR,ERR,ERR,ERR,ERR,ERR,ERR,ERR,ERR,ERR,ERR,ERR,ERR,ERR,ERR,ERR,ERR,ERR,ERR,ERR,ERR,ERR,ERR,ERR,ERR,ERR,ERR,ERR,ERR,ERR,ERR,ERR,ERR,ERR,ERR,ERR,ERR,ERR,ERR,ERR,ERR,ERR,ERR,ERR,ERR,ERR,ERR,ERR,ERR,ERR,ERR,ERR,ERR,ERR,ERR,ERR,ERR,ERR,ERR,ERR,ERR,ERR,ERR,0.0,0.0,-134474944.0,0.0,0.0,1.3936040501711995e+18,7.805,0.0,0,0,4,0,8422,0.0,45,0.0,0.0,0.0,0.0,0.0,0,0,0,0,0.0,0,0,0,0,0,0,0,0,0,0,0,0,0,0,0,0,0,0,0,0,0,0,0,0,0,0,0,0,0,0,0,0,0,38,14,7,45,65476,0,300,0,0,8,21553,0.0,-107605600.0,0.0,0.0,0.0,0.0,0.0,0.0,0.0,0.0,0.0,0.0,0.0,0.0,0.0,0.0,0.0,0.0,0.0,0.0,0.0,0.0,0.0,0.0,-2.004,2.004,0.0,0.0,0.0,0.0,5044.0,-1.5879295420089355e+29,0.0,0.0,0.0,0.0,-107615304.0,0.0,0.0,0.0,0.0,53,-0.0,4.066854413593191e+29,0.0,0.0,0.0,0.0,0.0,0.0,0.0,0,0,0,0.0,0.0,0.0,0.0,0.0,0.0,0.0,0.0,0.0,0.0,0.0,0.0,0.0,0.0,0.0,0.0,0,-107875648.0,53,0.0,106,-107614832.0,2.7006707062415038e+23,ERR,ERR,ERR,ERR,ERR,ERR,ERR,ERR,ERR,ERR,ERR,ERR,ERR,ERR,ERR,ERR,ERR,ERR,ERR,ERR,ERR,ERR,ERR,ERR,ERR,ERR,ERR,ERR,ERR,ERR,ERR,ERR,ERR,ERR,ERR,ERR,ERR,ERR,ERR,ERR,ERR,ERR,ERR,ERR,ERR,ERR,ERR,ERR,ERR,ERR,ERR,ERR,ERR,ERR,ERR,ERR,ERR,ERR,ERR,ERR,ERR,ERR,ERR,ERR,ERR,ERR,ERR,50.0,60.0,100,0.0,0.0,0.0,0.0,0.0,0.0,0.0,0.0,0.0,0.0,0.0,0.0,0.0,0.0,0.0,0.0,62.0,78,11,65508,50,65476,0,300,0,0,8,20529,65476,0,0,26214,60.0,0.0,0.0,0.0,0.0,0.0
2026-05-17T16:46:36,ERR,ERR,ERR,ERR,ERR,ERR,ERR,ERR,ERR,ERR,ERR,ERR,ERR,ERR,ERR,ERR,ERR,ERR,ERR,ERR,ERR,ERR,ERR,ERR,ERR,ERR,ERR,ERR,ERR,ERR,ERR,ERR,ERR,ERR,ERR,ERR,ERR,ERR,ERR,ERR,ERR,ERR,ERR,ERR,ERR,ERR,ERR,ERR,ERR,ERR,ERR,ERR,ERR,ERR,ERR,ERR,ERR,ERR,ERR,ERR,ERR,ERR,ERR,ERR,ERR,ERR,ERR,ERR,ERR,ERR,ERR,ERR,ERR,ERR,ERR,ERR,ERR,ERR,ERR,ERR,ERR,ERR,ERR,ERR,ERR,ERR,ERR,ERR,ERR,ERR,ERR,ERR,ERR,ERR,ERR,ERR,ERR,ERR,ERR,ERR,ERR,ERR,ERR,ERR,ERR,ERR,ERR,ERR,ERR,ERR,ERR,ERR,ERR,ERR,ERR,ERR,ERR,ERR,ERR,ERR,ERR,ERR,ERR,ERR,ERR,0.0,0.0,-134474944.0,0.0,0.0,1.3936040501711995e+18,7.805,0.0,0,0,4,0,8422,0.0,45,0.0,0.0,0.0,0.0,0.0,0,0,0,0,0.0,0,0,0,0,0,0,0,0,0,0,0,0,0,0,0,0,0,0,0,0,0,0,0,0,0,0,0,0,0,0,0,0,0,38,14,7,45,65476,0,300,0,0,8,21553,0.0,-107605600.0,0.0,0.0,0.0,0.0,0.0,0.0,0.0,0.0,0.0,0.0,0.0,0.0,0.0,0.0,0.0,0.0,0.0,0.0,0.0,0.0,0.0,0.0,-2.004,2.004,0.0,0.0,0.0,0.0,5044.0,-1.5879295420089355e+29,0.0,0.0,0.0,0.0,-107615304.0,0.0,0.0,0.0,0.0,53,-0.0,4.066854413593191e+29,0.0,0.0,0.0,0.0,0.0,0.0,0.0,0,0,0,0.0,0.0,0.0,0.0,0.0,0.0,0.0,0.0,0.0,0.0,0.0,0.0,0.0,0.0,0.0,0.0,0,-107875648.0,53,0.0,106,-107614832.0,2.7006707062415038e+23,ERR,ERR,ERR,ERR,ERR,ERR,ERR,ERR,ERR,ERR,ERR,ERR,ERR,ERR,ERR,ERR,ERR,ERR,ERR,ERR,ERR,ERR,ERR,ERR,ERR,ERR,ERR,ERR,ERR,ERR,ERR,ERR,ERR,ERR,ERR,ERR,ERR,ERR,ERR,ERR,ERR,ERR,ERR,ERR,ERR,ERR,ERR,ERR,ERR,ERR,ERR,ERR,ERR,ERR,ERR,ERR,ERR,ERR,ERR,ERR,ERR,ERR,ERR,ERR,ERR,ERR,ERR,50.0,60.0,100,0.0,0.0,0.0,0.0,0.0,0.0,0.0,0.0,0.0,0.0,0.0,0.0,0.0,0.0,0.0,0.0,62.0,78,11,65508,50,65476,0,300,0,0,8,20529,65476,0,0,26214,60.0,0.0,0.0,0.0,0.0,0.0
2026-05-17T16:46:37,ERR,ERR,ERR,ERR,ERR,ERR,ERR,ERR,ERR,ERR,ERR,ERR,ERR,ERR,ERR,ERR,ERR,ERR,ERR,ERR,ERR,ERR,ERR,ERR,ERR,ERR,ERR,ERR,ERR,ERR,ERR,ERR,ERR,ERR,ERR,ERR,ERR,ERR,ERR,ERR,ERR,ERR,ERR,ERR,ERR,ERR,ERR,ERR,ERR,ERR,ERR,ERR,ERR,ERR,ERR,ERR,ERR,ERR,ERR,ERR,ERR,ERR,ERR,ERR,ERR,ERR,ERR,ERR,ERR,ERR,ERR,ERR,ERR,ERR,ERR,ERR,ERR,ERR,ERR,ERR,ERR,ERR,ERR,ERR,ERR,ERR,ERR,ERR,ERR,ERR,ERR,ERR,ERR,ERR,ERR,ERR,ERR,ERR,ERR,ERR,ERR,ERR,ERR,ERR,ERR,ERR,ERR,ERR,ERR,ERR,ERR,ERR,ERR,ERR,ERR,ERR,ERR,ERR,ERR,ERR,ERR,ERR,ERR,ERR,ERR,0.0,0.0,-134474944.0,0.0,0.0,1.3936040501711995e+18,7.805,0.0,0,0,4,0,8422,0.0,45,0.0,0.0,0.0,0.0,0.0,0,0,0,0,0.0,0,0,0,0,0,0,0,0,0,0,0,0,0,0,0,0,0,0,0,0,0,0,0,0,0,0,0,0,0,0,0,0,0,38,14,7,45,65476,0,300,0,0,8,21553,0.0,-107605600.0,0.0,0.0,0.0,0.0,0.0,0.0,0.0,0.0,0.0,0.0,0.0,0.0,0.0,0.0,0.0,0.0,0.0,0.0,0.0,0.0,0.0,0.0,-2.004,2.004,0.0,0.0,0.0,0.0,5044.0,-1.5879295420089355e+29,0.0,0.0,0.0,0.0,-107615304.0,0.0,0.0,0.0,0.0,53,-0.0,4.066854413593191e+29,0.0,0.0,0.0,0.0,0.0,0.0,0.0,0,0,0,0.0,0.0,0.0,0.0,0.0,0.0,0.0,0.0,0.0,0.0,0.0,0.0,0.0,0.0,0.0,0.0,0,-107875648.0,53,0.0,106,-107614832.0,2.7006707062415038e+23,ERR,ERR,ERR,ERR,ERR,ERR,ERR,ERR,ERR,ERR,ERR,ERR,ERR,ERR,ERR,ERR,ERR,ERR,ERR,ERR,ERR,ERR,ERR,ERR,ERR,ERR,ERR,ERR,ERR,ERR,ERR,ERR,ERR,ERR,ERR,ERR,ERR,ERR,ERR,ERR,ERR,ERR,ERR,ERR,ERR,ERR,ERR,ERR,ERR,ERR,ERR,ERR,ERR,ERR,ERR,ERR,ERR,ERR,ERR,ERR,ERR,ERR,ERR,ERR,ERR,ERR,ERR,50.0,60.0,100,0.0,0.0,0.0,0.0,0.0,0.0,0.0,0.0,0.0,0.0,0.0,0.0,0.0,0.0,0.0,0.0,61.6,78,11,65508,50,65476,0,300,0,0,8,20529,65476,0,0,26214,60.0,0.0,0.0,0.0,0.0,0.0
2026-05-17T16:46:38,ERR,ERR,ERR,ERR,ERR,ERR,ERR,ERR,ERR,ERR,ERR,ERR,ERR,ERR,ERR,ERR,ERR,ERR,ERR,ERR,ERR,ERR,ERR,ERR,ERR,ERR,ERR,ERR,ERR,ERR,ERR,ERR,ERR,ERR,ERR,ERR,ERR,ERR,ERR,ERR,ERR,ERR,ERR,ERR,ERR,ERR,ERR,ERR,ERR,ERR,ERR,ERR,ERR,ERR,ERR,ERR,ERR,ERR,ERR,ERR,ERR,ERR,ERR,ERR,ERR,ERR,ERR,ERR,ERR,ERR,ERR,ERR,ERR,ERR,ERR,ERR,ERR,ERR,ERR,ERR,ERR,ERR,ERR,ERR,ERR,ERR,ERR,ERR,ERR,ERR,ERR,ERR,ERR,ERR,ERR,ERR,ERR,ERR,ERR,ERR,ERR,ERR,ERR,ERR,ERR,ERR,ERR,ERR,ERR,ERR,ERR,ERR,ERR,ERR,ERR,ERR,ERR,ERR,ERR,ERR,ERR,ERR,ERR,ERR,ERR,0.0,0.0,-134474944.0,0.0,0.0,1.3936040501711995e+18,7.805,0.0,0,0,4,0,8422,0.0,45,0.0,0.0,0.0,0.0,0.0,0,0,0,0,0.0,0,0,0,0,0,0,0,0,0,0,0,0,0,0,0,0,0,0,0,0,0,0,0,0,0,0,0,0,0,0,0,0,0,38,14,7,45,65476,0,300,0,0,8,21553,0.0,-107605600.0,0.0,0.0,0.0,0.0,0.0,0.0,0.0,0.0,0.0,0.0,0.0,0.0,0.0,0.0,0.0,0.0,0.0,0.0,0.0,0.0,0.0,0.0,-2.004,2.004,0.0,0.0,0.0,0.0,5044.0,-1.5879295420089355e+29,0.0,0.0,0.0,0.0,-107615304.0,0.0,0.0,0.0,0.0,53,-0.0,4.066854413593191e+29,0.0,0.0,0.0,0.0,0.0,0.0,0.0,0,0,0,0.0,0.0,0.0,0.0,0.0,0.0,0.0,0.0,0.0,0.0,0.0,0.0,0.0,0.0,0.0,0.0,0,-107875648.0,53,0.0,106,-107614832.0,2.7006707062415038e+23,ERR,ERR,ERR,ERR,ERR,ERR,ERR,ERR,ERR,ERR,ERR,ERR,ERR,ERR,ERR,ERR,ERR,ERR,ERR,ERR,ERR,ERR,ERR,ERR,ERR,ERR,ERR,ERR,ERR,ERR,ERR,ERR,ERR,ERR,ERR,ERR,ERR,ERR,ERR,ERR,ERR,ERR,ERR,ERR,ERR,ERR,ERR,ERR,ERR,ERR,ERR,ERR,ERR,ERR,ERR,ERR,ERR,ERR,ERR,ERR,ERR,ERR,ERR,ERR,ERR,ERR,ERR,50.0,60.0,100,0.0,0.0,0.0,0.0,0.0,0.0,0.0,0.0,0.0,0.0,0.0,0.0,0.0,0.0,0.0,0.0,61.6,78,11,65508,50,65476,0,300,0,0,8,20529,65476,0,0,26214,60.0,0.0,0.0,0.0,0.0,0.0
2026-05-17T16:46:39,ERR,ERR,ERR,ERR,ERR,ERR,ERR,ERR,ERR,ERR,ERR,ERR,ERR,ERR,ERR,ERR,ERR,ERR,ERR,ERR,ERR,ERR,ERR,ERR,ERR,ERR,ERR,ERR,ERR,ERR,ERR,ERR,ERR,ERR,ERR,ERR,ERR,ERR,ERR,ERR,ERR,ERR,ERR,ERR,ERR,ERR,ERR,ERR,ERR,ERR,ERR,ERR,ERR,ERR,ERR,ERR,ERR,ERR,ERR,ERR,ERR,ERR,ERR,ERR,ERR,ERR,ERR,ERR,ERR,ERR,ERR,ERR,ERR,ERR,ERR,ERR,ERR,ERR,ERR,ERR,ERR,ERR,ERR,ERR,ERR,ERR,ERR,ERR,ERR,ERR,ERR,ERR,ERR,ERR,ERR,ERR,ERR,ERR,ERR,ERR,ERR,ERR,ERR,ERR,ERR,ERR,ERR,ERR,ERR,ERR,ERR,ERR,ERR,ERR,ERR,ERR,ERR,ERR,ERR,ERR,ERR,ERR,ERR,ERR,ERR,0.0,0.0,-134474944.0,0.0,0.0,1.3936040501711995e+18,7.805,0.0,0,0,4,0,8422,0.0,45,0.0,0.0,0.0,0.0,0.0,0,0,0,0,0.0,0,0,0,0,0,0,0,0,0,0,0,0,0,0,0,0,0,0,0,0,0,0,0,0,0,0,0,0,0,0,0,0,0,38,14,7,45,65476,0,300,0,0,8,21553,0.0,-107605600.0,0.0,0.0,0.0,0.0,0.0,0.0,0.0,0.0,0.0,0.0,0.0,0.0,0.0,0.0,0.0,0.0,0.0,0.0,0.0,0.0,0.0,0.0,-2.004,2.004,0.0,0.0,0.0,0.0,5044.0,-1.5879295420089355e+29,0.0,0.0,0.0,0.0,-107615304.0,0.0,0.0,0.0,0.0,53,-0.0,4.066854413593191e+29,0.0,0.0,0.0,0.0,0.0,0.0,0.0,0,0,0,0.0,0.0,0.0,0.0,0.0,0.0,0.0,0.0,0.0,0.0,0.0,0.0,0.0,0.0,0.0,0.0,0,-107875648.0,53,0.0,106,-107614832.0,2.7006707062415038e+23,ERR,ERR,ERR,ERR,ERR,ERR,ERR,ERR,ERR,ERR,ERR,ERR,ERR,ERR,ERR,ERR,ERR,ERR,ERR,ERR,ERR,ERR,ERR,ERR,ERR,ERR,ERR,ERR,ERR,ERR,ERR,ERR,ERR,ERR,ERR,ERR,ERR,ERR,ERR,ERR,ERR,ERR,ERR,ERR,ERR,ERR,ERR,ERR,ERR,ERR,ERR,ERR,ERR,ERR,ERR,ERR,ERR,ERR,ERR,ERR,ERR,ERR,ERR,ERR,ERR,ERR,ERR,50.0,60.0,100,0.0,0.0,0.0,0.0,0.0,0.0,0.0,0.0,0.0,0.0,0.0,0.0,0.0,0.0,0.0,0.0,62.0,78,11,65508,50,65476,0,300,0,0,8,20529,65476,0,0,26214,60.0,0.0,0.0,0.0,0.0,0.0
2026-05-17T16:46:40,ERR,ERR,ERR,ERR,ERR,ERR,ERR,ERR,ERR,ERR,ERR,ERR,ERR,ERR,ERR,ERR,ERR,ERR,ERR,ERR,ERR,ERR,ERR,ERR,ERR,ERR,ERR,ERR,ERR,ERR,ERR,ERR,ERR,ERR,ERR,ERR,ERR,ERR,ERR,ERR,ERR,ERR,ERR,ERR,ERR,ERR,ERR,ERR,ERR,ERR,ERR,ERR,ERR,ERR,ERR,ERR,ERR,ERR,ERR,ERR,ERR,ERR,ERR,ERR,ERR,ERR,ERR,ERR,ERR,ERR,ERR,ERR,ERR,ERR,ERR,ERR,ERR,ERR,ERR,ERR,ERR,ERR,ERR,ERR,ERR,ERR,ERR,ERR,ERR,ERR,ERR,ERR,ERR,ERR,ERR,ERR,ERR,ERR,ERR,ERR,ERR,ERR,ERR,ERR,ERR,ERR,ERR,ERR,ERR,ERR,ERR,ERR,ERR,ERR,ERR,ERR,ERR,ERR,ERR,ERR,ERR,ERR,ERR,ERR,ERR,0.0,0.0,-134474944.0,0.0,0.0,1.3936040501711995e+18,7.805,0.0,0,0,4,0,8422,0.0,45,0.0,0.0,0.0,0.0,0.0,0,0,0,0,0.0,0,0,0,0,0,0,0,0,0,0,0,0,0,0,0,0,0,0,0,0,0,0,0,0,0,0,0,0,0,0,0,0,0,38,14,7,45,65476,0,300,0,0,8,21553,0.0,-107605600.0,0.0,0.0,0.0,0.0,0.0,0.0,0.0,0.0,0.0,0.0,0.0,0.0,0.0,0.0,0.0,0.0,0.0,0.0,0.0,0.0,0.0,0.0,-2.004,2.004,0.0,0.0,0.0,0.0,5041.0,-8608183296.0,0.0,0.0,0.0,0.0,-107615304.0,0.0,0.0,0.0,0.0,53,-0.0,-4.950401904804668e+32,0.0,0.0,0.0,0.0,0.0,0.0,0.0,0,0,0,0.0,0.0,0.0,0.0,0.0,0.0,0.0,0.0,0.0,0.0,0.0,0.0,0.0,0.0,0.0,0.0,0,-107875648.0,53,0.0,106,-107614832.0,2.7006707062415038e+23,ERR,ERR,ERR,ERR,ERR,ERR,ERR,ERR,ERR,ERR,ERR,ERR,ERR,ERR,ERR,ERR,ERR,ERR,ERR,ERR,ERR,ERR,ERR,ERR,ERR,ERR,ERR,ERR,ERR,ERR,ERR,ERR,ERR,ERR,ERR,ERR,ERR,ERR,ERR,ERR,ERR,ERR,ERR,ERR,ERR,ERR,ERR,ERR,ERR,ERR,ERR,ERR,ERR,ERR,ERR,ERR,ERR,ERR,ERR,ERR,ERR,ERR,ERR,ERR,ERR,ERR,ERR,50.0,60.0,100,0.0,0.0,0.0,0.0,0.0,0.0,0.0,0.0,0.0,0.0,0.0,0.0,0.0,0.0,0.0,0.0,62.0,78,11,65508,50,65476,0,300,0,0,8,20529,65476,0,0,26214,60.0,0.0,0.0,0.0,0.0,0.0
2026-05-17T16:46:41,ERR,ERR,ERR,ERR,ERR,ERR,ERR,ERR,ERR,ERR,ERR,ERR,ERR,ERR,ERR,ERR,ERR,ERR,ERR,ERR,ERR,ERR,ERR,ERR,ERR,ERR,ERR,ERR,ERR,ERR,ERR,ERR,ERR,ERR,ERR,ERR,ERR,ERR,ERR,ERR,ERR,ERR,ERR,ERR,ERR,ERR,ERR,ERR,ERR,ERR,ERR,ERR,ERR,ERR,ERR,ERR,ERR,ERR,ERR,ERR,ERR,ERR,ERR,ERR,ERR,ERR,ERR,ERR,ERR,ERR,ERR,ERR,ERR,ERR,ERR,ERR,ERR,ERR,ERR,ERR,ERR,ERR,ERR,ERR,ERR,ERR,ERR,ERR,ERR,ERR,ERR,ERR,ERR,ERR,ERR,ERR,ERR,ERR,ERR,ERR,ERR,ERR,ERR,ERR,ERR,ERR,ERR,ERR,ERR,ERR,ERR,ERR,ERR,ERR,ERR,ERR,ERR,ERR,ERR,ERR,ERR,ERR,ERR,ERR,ERR,0.0,0.0,-134474944.0,0.0,0.0,1.3936040501711995e+18,7.805,0.0,0,0,4,0,8422,0.0,45,0.0,0.0,0.0,0.0,0.0,0,0,0,0,0.0,0,0,0,0,0,0,0,0,0,0,0,0,0,0,0,0,0,0,0,0,0,0,0,0,0,0,0,0,0,0,0,0,0,38,14,7,45,65476,0,300,0,0,8,21553,0.0,-107605600.0,0.0,0.0,0.0,0.0,0.0,0.0,0.0,0.0,0.0,0.0,0.0,0.0,0.0,0.0,0.0,0.0,0.0,0.0,0.0,0.0,0.0,0.0,-2.004,2.004,0.0,0.0,0.0,0.0,5041.0,-8608183296.0,0.0,0.0,0.0,0.0,-107615304.0,0.0,0.0,0.0,0.0,53,-0.0,-4.950401904804668e+32,0.0,0.0,0.0,0.0,0.0,0.0,0.0,0,0,0,0.0,0.0,0.0,0.0,0.0,0.0,0.0,0.0,0.0,0.0,0.0,0.0,0.0,0.0,0.0,0.0,0,-107875648.0,53,0.0,106,-107614832.0,2.7006707062415038e+23,ERR,ERR,ERR,ERR,ERR,ERR,ERR,ERR,ERR,ERR,ERR,ERR,ERR,ERR,ERR,ERR,ERR,ERR,ERR,ERR,ERR,ERR,ERR,ERR,ERR,ERR,ERR,ERR,ERR,ERR,ERR,ERR,ERR,ERR,ERR,ERR,ERR,ERR,ERR,ERR,ERR,ERR,ERR,ERR,ERR,ERR,ERR,ERR,ERR,ERR,ERR,ERR,ERR,ERR,ERR,ERR,ERR,ERR,ERR,ERR,ERR,ERR,ERR,ERR,ERR,ERR,ERR,50.0,60.0,100,0.0,0.0,0.0,0.0,0.0,0.0,0.0,0.0,0.0,0.0,0.0,0.0,0.0,0.0,0.0,0.0,61.6,78,11,65508,50,65476,0,300,0,0,8,20529,65476,0,0,26214,60.0,0.0,0.0,0.0,0.0,0.0
2026-05-17T16:46:42,ERR,ERR,ERR,ERR,ERR,ERR,ERR,ERR,ERR,ERR,ERR,ERR,ERR,ERR,ERR,ERR,ERR,ERR,ERR,ERR,ERR,ERR,ERR,ERR,ERR,ERR,ERR,ERR,ERR,ERR,ERR,ERR,ERR,ERR,ERR,ERR,ERR,ERR,ERR,ERR,ERR,ERR,ERR,ERR,ERR,ERR,ERR,ERR,ERR,ERR,ERR,ERR,ERR,ERR,ERR,ERR,ERR,ERR,ERR,ERR,ERR,ERR,ERR,ERR,ERR,ERR,ERR,ERR,ERR,ERR,ERR,ERR,ERR,ERR,ERR,ERR,ERR,ERR,ERR,ERR,ERR,ERR,ERR,ERR,ERR,ERR,ERR,ERR,ERR,ERR,ERR,ERR,ERR,ERR,ERR,ERR,ERR,ERR,ERR,ERR,ERR,ERR,ERR,ERR,ERR,ERR,ERR,ERR,ERR,ERR,ERR,ERR,ERR,ERR,ERR,ERR,ERR,ERR,ERR,ERR,ERR,ERR,ERR,ERR,ERR,0.0,0.0,-134474944.0,0.0,0.0,1.3936040501711995e+18,7.805,0.0,0,0,4,0,8422,0.0,45,0.0,0.0,0.0,0.0,0.0,0,0,0,0,0.0,0,0,0,0,0,0,0,0,0,0,0,0,0,0,0,0,0,0,0,0,0,0,0,0,0,0,0,0,0,0,0,0,0,38,14,7,45,65476,0,300,0,0,8,21553,0.0,-107605600.0,0.0,0.0,0.0,0.0,0.0,0.0,0.0,0.0,0.0,0.0,0.0,0.0,0.0,0.0,0.0,0.0,0.0,0.0,0.0,0.0,0.0,0.0,-2.004,2.004,0.0,0.0,0.0,0.0,5041.0,-8608183296.0,0.0,0.0,0.0,0.0,-107615304.0,0.0,0.0,0.0,0.0,53,-0.0,-4.950401904804668e+32,0.0,0.0,0.0,0.0,0.0,0.0,0.0,0,0,0,0.0,0.0,0.0,0.0,0.0,0.0,0.0,0.0,0.0,0.0,0.0,0.0,0.0,0.0,0.0,0.0,0,-107875648.0,53,0.0,106,-107614832.0,2.7006707062415038e+23,ERR,ERR,ERR,ERR,ERR,ERR,ERR,ERR,ERR,ERR,ERR,ERR,ERR,ERR,ERR,ERR,ERR,ERR,ERR,ERR,ERR,ERR,ERR,ERR,ERR,ERR,ERR,ERR,ERR,ERR,ERR,ERR,ERR,ERR,ERR,ERR,ERR,ERR,ERR,ERR,ERR,ERR,ERR,ERR,ERR,ERR,ERR,ERR,ERR,ERR,ERR,ERR,ERR,ERR,ERR,ERR,ERR,ERR,ERR,ERR,ERR,ERR,ERR,ERR,ERR,ERR,ERR,50.0,60.0,100,0.0,0.0,0.0,0.0,0.0,0.0,0.0,0.0,0.0,0.0,0.0,0.0,0.0,0.0,0.0,0.0,61.6,78,11,65508,50,65476,0,300,0,0,8,20529,65476,0,0,26214,60.0,0.0,0.0,0.0,0.0,0.0
2026-05-17T16:46:43,ERR,ERR,ERR,ERR,ERR,ERR,ERR,ERR,ERR,ERR,ERR,ERR,ERR,ERR,ERR,ERR,ERR,ERR,ERR,ERR,ERR,ERR,ERR,ERR,ERR,ERR,ERR,ERR,ERR,ERR,ERR,ERR,ERR,ERR,ERR,ERR,ERR,ERR,ERR,ERR,ERR,ERR,ERR,ERR,ERR,ERR,ERR,ERR,ERR,ERR,ERR,ERR,ERR,ERR,ERR,ERR,ERR,ERR,ERR,ERR,ERR,ERR,ERR,ERR,ERR,ERR,ERR,ERR,ERR,ERR,ERR,ERR,ERR,ERR,ERR,ERR,ERR,ERR,ERR,ERR,ERR,ERR,ERR,ERR,ERR,ERR,ERR,ERR,ERR,ERR,ERR,ERR,ERR,ERR,ERR,ERR,ERR,ERR,ERR,ERR,ERR,ERR,ERR,ERR,ERR,ERR,ERR,ERR,ERR,ERR,ERR,ERR,ERR,ERR,ERR,ERR,ERR,ERR,ERR,ERR,ERR,ERR,ERR,ERR,ERR,0.0,0.0,-134474944.0,0.0,0.0,1.3936040501711995e+18,7.805,0.0,0,0,4,0,8422,0.0,45,0.0,0.0,0.0,0.0,0.0,0,0,0,0,0.0,0,0,0,0,0,0,0,0,0,0,0,0,0,0,0,0,0,0,0,0,0,0,0,0,0,0,0,0,0,0,0,0,0,38,14,7,45,65476,0,300,0,0,8,21553,0.0,-107605600.0,0.0,0.0,0.0,0.0,0.0,0.0,0.0,0.0,0.0,0.0,0.0,0.0,0.0,0.0,0.0,0.0,0.0,0.0,0.0,0.0,0.0,0.0,-2.004,2.004,0.0,0.0,0.0,0.0,5041.0,-8608183296.0,0.0,0.0,0.0,0.0,-107615304.0,0.0,0.0,0.0,0.0,53,-0.0,-4.950401904804668e+32,0.0,0.0,0.0,0.0,0.0,0.0,0.0,0,0,0,0.0,0.0,0.0,0.0,0.0,0.0,0.0,0.0,0.0,0.0,0.0,0.0,0.0,0.0,0.0,0.0,0,-107875648.0,53,0.0,106,-107614832.0,2.7006707062415038e+23,ERR,ERR,ERR,ERR,ERR,ERR,ERR,ERR,ERR,ERR,ERR,ERR,ERR,ERR,ERR,ERR,ERR,ERR,ERR,ERR,ERR,ERR,ERR,ERR,ERR,ERR,ERR,ERR,ERR,ERR,ERR,ERR,ERR,ERR,ERR,ERR,ERR,ERR,ERR,ERR,ERR,ERR,ERR,ERR,ERR,ERR,ERR,ERR,ERR,ERR,ERR,ERR,ERR,ERR,ERR,ERR,ERR,ERR,ERR,ERR,ERR,ERR,ERR,ERR,ERR,ERR,ERR,50.0,60.0,100,0.0,0.0,0.0,0.0,0.0,0.0,0.0,0.0,0.0,0.0,0.0,0.0,0.0,0.0,0.0,0.0,61.6,78,11,65508,50,65476,0,300,0,0,8,20529,65476,0,0,26214,60.0,0.0,0.0,0.0,0.0,0.0
2026-05-17T16:46:44,ERR,ERR,ERR,ERR,ERR,ERR,ERR,ERR,ERR,ERR,ERR,ERR,ERR,ERR,ERR,ERR,ERR,ERR,ERR,ERR,ERR,ERR,ERR,ERR,ERR,ERR,ERR,ERR,ERR,ERR,ERR,ERR,ERR,ERR,ERR,ERR,ERR,ERR,ERR,ERR,ERR,ERR,ERR,ERR,ERR,ERR,ERR,ERR,ERR,ERR,ERR,ERR,ERR,ERR,ERR,ERR,ERR,ERR,ERR,ERR,ERR,ERR,ERR,ERR,ERR,ERR,ERR,ERR,ERR,ERR,ERR,ERR,ERR,ERR,ERR,ERR,ERR,ERR,ERR,ERR,ERR,ERR,ERR,ERR,ERR,ERR,ERR,ERR,ERR,ERR,ERR,ERR,ERR,ERR,ERR,ERR,ERR,ERR,ERR,ERR,ERR,ERR,ERR,ERR,ERR,ERR,ERR,ERR,ERR,ERR,ERR,ERR,ERR,ERR,ERR,ERR,ERR,ERR,ERR,ERR,ERR,ERR,ERR,ERR,ERR,0.0,0.0,-134474944.0,0.0,0.0,1.3936040501711995e+18,7.805,0.0,0,0,4,0,8422,0.0,45,0.0,0.0,0.0,0.0,0.0,0,0,0,0,0.0,0,0,0,0,0,0,0,0,0,0,0,0,0,0,0,0,0,0,0,0,0,0,0,0,0,0,0,0,0,0,0,0,0,38,14,7,45,65476,0,300,0,0,8,21553,0.0,-107605600.0,0.0,0.0,0.0,0.0,0.0,0.0,0.0,0.0,0.0,0.0,0.0,0.0,0.0,0.0,0.0,0.0,0.0,0.0,0.0,0.0,0.0,0.0,-2.004,2.004,0.0,0.0,0.0,0.0,5041.0,-8608183296.0,0.0,0.0,0.0,0.0,-107615304.0,0.0,0.0,0.0,0.0,53,-0.0,-4.950401904804668e+32,0.0,0.0,0.0,0.0,0.0,0.0,0.0,0,0,0,0.0,0.0,0.0,0.0,0.0,0.0,0.0,0.0,0.0,0.0,0.0,0.0,0.0,0.0,0.0,0.0,0,-107875648.0,53,0.0,106,-107614832.0,2.7006707062415038e+23,ERR,ERR,ERR,ERR,ERR,ERR,ERR,ERR,ERR,ERR,ERR,ERR,ERR,ERR,ERR,ERR,ERR,ERR,ERR,ERR,ERR,ERR,ERR,ERR,ERR,ERR,ERR,ERR,ERR,ERR,ERR,ERR,ERR,ERR,ERR,ERR,ERR,ERR,ERR,ERR,ERR,ERR,ERR,ERR,ERR,ERR,ERR,ERR,ERR,ERR,ERR,ERR,ERR,ERR,ERR,ERR,ERR,ERR,ERR,ERR,ERR,ERR,ERR,ERR,ERR,ERR,ERR,50.0,60.0,100,0.0,0.0,0.0,0.0,0.0,0.0,0.0,0.0,0.0,0.0,0.0,0.0,0.0,0.0,0.0,0.0,61.6,78,11,65508,50,65476,0,300,0,0,8,20529,65476,0,0,26214,60.0,0.0,0.0,0.0,0.0,0.0
2026-05-17T16:46:45,ERR,ERR,ERR,ERR,ERR,ERR,ERR,ERR,ERR,ERR,ERR,ERR,ERR,ERR,ERR,ERR,ERR,ERR,ERR,ERR,ERR,ERR,ERR,ERR,ERR,ERR,ERR,ERR,ERR,ERR,ERR,ERR,ERR,ERR,ERR,ERR,ERR,ERR,ERR,ERR,ERR,ERR,ERR,ERR,ERR,ERR,ERR,ERR,ERR,ERR,ERR,ERR,ERR,ERR,ERR,ERR,ERR,ERR,ERR,ERR,ERR,ERR,ERR,ERR,ERR,ERR,ERR,ERR,ERR,ERR,ERR,ERR,ERR,ERR,ERR,ERR,ERR,ERR,ERR,ERR,ERR,ERR,ERR,ERR,ERR,ERR,ERR,ERR,ERR,ERR,ERR,ERR,ERR,ERR,ERR,ERR,ERR,ERR,ERR,ERR,ERR,ERR,ERR,ERR,ERR,ERR,ERR,ERR,ERR,ERR,ERR,ERR,ERR,ERR,ERR,ERR,ERR,ERR,ERR,ERR,ERR,ERR,ERR,ERR,ERR,0.0,0.0,-134474944.0,0.0,0.0,1.3936040501711995e+18,7.805,0.0,0,0,4,0,8422,0.0,45,0.0,0.0,0.0,0.0,0.0,0,0,0,0,0.0,0,0,0,0,0,0,0,0,0,0,0,0,0,0,0,0,0,0,0,0,0,0,0,0,0,0,0,0,0,0,0,0,0,38,14,7,45,65476,0,300,0,0,8,21553,0.0,-107605600.0,0.0,0.0,0.0,0.0,0.0,0.0,0.0,0.0,0.0,0.0,0.0,0.0,0.0,0.0,0.0,0.0,0.0,0.0,0.0,0.0,0.0,0.0,-2.004,2.004,0.0,0.0,0.0,0.0,5039.0,-2.004,0.0,0.0,0.0,0.0,-107615304.0,0.0,0.0,0.0,0.0,53,4.066880103266858e+29,-152017297211392.0,0.0,0.0,0.0,0.0,0.0,0.0,0.0,0,0,0,0.0,0.0,0.0,0.0,0.0,0.0,0.0,0.0,0.0,0.0,0.0,0.0,0.0,0.0,0.0,0.0,0,-107875648.0,53,0.0,106,-107614832.0,2.7006707062415038e+23,ERR,ERR,ERR,ERR,ERR,ERR,ERR,ERR,ERR,ERR,ERR,ERR,ERR,ERR,ERR,ERR,ERR,ERR,ERR,ERR,ERR,ERR,ERR,ERR,ERR,ERR,ERR,ERR,ERR,ERR,ERR,ERR,ERR,ERR,ERR,ERR,ERR,ERR,ERR,ERR,ERR,ERR,ERR,ERR,ERR,ERR,ERR,ERR,ERR,ERR,ERR,ERR,ERR,ERR,ERR,ERR,ERR,ERR,ERR,ERR,ERR,ERR,ERR,ERR,ERR,ERR,ERR,50.0,60.0,100,0.0,0.0,0.0,0.0,0.0,0.0,0.0,0.0,0.0,0.0,0.0,0.0,0.0,0.0,0.0,0.0,61.6,78,11,65508,50,65476,0,300,0,0,8,20529,65476,0,0,26214,60.0,0.0,0.0,0.0,0.0,0.0
2026-05-17T16:46:46,ERR,ERR,ERR,ERR,ERR,ERR,ERR,ERR,ERR,ERR,ERR,ERR,ERR,ERR,ERR,ERR,ERR,ERR,ERR,ERR,ERR,ERR,ERR,ERR,ERR,ERR,ERR,ERR,ERR,ERR,ERR,ERR,ERR,ERR,ERR,ERR,ERR,ERR,ERR,ERR,ERR,ERR,ERR,ERR,ERR,ERR,ERR,ERR,ERR,ERR,ERR,ERR,ERR,ERR,ERR,ERR,ERR,ERR,ERR,ERR,ERR,ERR,ERR,ERR,ERR,ERR,ERR,ERR,ERR,ERR,ERR,ERR,ERR,ERR,ERR,ERR,ERR,ERR,ERR,ERR,ERR,ERR,ERR,ERR,ERR,ERR,ERR,ERR,ERR,ERR,ERR,ERR,ERR,ERR,ERR,ERR,ERR,ERR,ERR,ERR,ERR,ERR,ERR,ERR,ERR,ERR,ERR,ERR,ERR,ERR,ERR,ERR,ERR,ERR,ERR,ERR,ERR,ERR,ERR,ERR,ERR,ERR,ERR,ERR,ERR,0.0,0.0,-134474944.0,0.0,0.0,1.3936040501711995e+18,7.805,0.0,0,0,4,0,8422,0.0,45,0.0,0.0,0.0,0.0,0.0,0,0,0,0,0.0,0,0,0,0,0,0,0,0,0,0,0,0,0,0,0,0,0,0,0,0,0,0,0,0,0,0,0,0,0,0,0,0,0,38,14,7,45,65476,0,300,0,0,8,21553,0.0,-107605600.0,0.0,0.0,0.0,0.0,0.0,0.0,0.0,0.0,0.0,0.0,0.0,0.0,0.0,0.0,0.0,0.0,0.0,0.0,0.0,0.0,0.0,0.0,-2.004,2.004,0.0,0.0,0.0,0.0,5039.0,-2.004,0.0,0.0,0.0,0.0,-107615304.0,0.0,0.0,0.0,0.0,53,4.066880103266858e+29,-152017297211392.0,0.0,0.0,0.0,0.0,0.0,0.0,0.0,0,0,0,0.0,0.0,0.0,0.0,0.0,0.0,0.0,0.0,0.0,0.0,0.0,0.0,0.0,0.0,0.0,0.0,0,-107875648.0,53,0.0,106,-107614832.0,2.7006707062415038e+23,ERR,ERR,ERR,ERR,ERR,ERR,ERR,ERR,ERR,ERR,ERR,ERR,ERR,ERR,ERR,ERR,ERR,ERR,ERR,ERR,ERR,ERR,ERR,ERR,ERR,ERR,ERR,ERR,ERR,ERR,ERR,ERR,ERR,ERR,ERR,ERR,ERR,ERR,ERR,ERR,ERR,ERR,ERR,ERR,ERR,ERR,ERR,ERR,ERR,ERR,ERR,ERR,ERR,ERR,ERR,ERR,ERR,ERR,ERR,ERR,ERR,ERR,ERR,ERR,ERR,ERR,ERR,50.0,60.0,100,0.0,0.0,0.0,0.0,0.0,0.0,0.0,0.0,0.0,0.0,0.0,0.0,0.0,0.0,0.0,0.0,61.6,78,11,65508,50,65476,0,300,0,0,8,20529,65476,0,0,26214,60.0,0.0,0.0,0.0,0.0,0.0
2026-05-17T16:46:47,ERR,ERR,ERR,ERR,ERR,ERR,ERR,ERR,ERR,ERR,ERR,ERR,ERR,ERR,ERR,ERR,ERR,ERR,ERR,ERR,ERR,ERR,ERR,ERR,ERR,ERR,ERR,ERR,ERR,ERR,ERR,ERR,ERR,ERR,ERR,ERR,ERR,ERR,ERR,ERR,ERR,ERR,ERR,ERR,ERR,ERR,ERR,ERR,ERR,ERR,ERR,ERR,ERR,ERR,ERR,ERR,ERR,ERR,ERR,ERR,ERR,ERR,ERR,ERR,ERR,ERR,ERR,ERR,ERR,ERR,ERR,ERR,ERR,ERR,ERR,ERR,ERR,ERR,ERR,ERR,ERR,ERR,ERR,ERR,ERR,ERR,ERR,ERR,ERR,ERR,ERR,ERR,ERR,ERR,ERR,ERR,ERR,ERR,ERR,ERR,ERR,ERR,ERR,ERR,ERR,ERR,ERR,ERR,ERR,ERR,ERR,ERR,ERR,ERR,ERR,ERR,ERR,ERR,ERR,ERR,ERR,ERR,ERR,ERR,ERR,0.0,0.0,-134474944.0,0.0,0.0,1.3936040501711995e+18,7.805,0.0,0,0,4,0,8422,0.0,45,0.0,0.0,0.0,0.0,0.0,0,0,0,0,0.0,0,0,0,0,0,0,0,0,0,0,0,0,0,0,0,0,0,0,0,0,0,0,0,0,0,0,0,0,0,0,0,0,0,38,14,7,45,65476,0,300,0,0,8,21553,0.0,-107605600.0,0.0,0.0,0.0,0.0,0.0,0.0,0.0,0.0,0.0,0.0,0.0,0.0,0.0,0.0,0.0,0.0,0.0,0.0,0.0,0.0,0.0,0.0,-2.004,2.004,0.0,0.0,0.0,0.0,5039.0,-2.004,0.0,0.0,0.0,0.0,-107615304.0,0.0,0.0,0.0,0.0,53,4.066880103266858e+29,-152017297211392.0,0.0,0.0,0.0,0.0,0.0,0.0,0.0,0,0,0,0.0,0.0,0.0,0.0,0.0,0.0,0.0,0.0,0.0,0.0,0.0,0.0,0.0,0.0,0.0,0.0,0,-107875648.0,53,0.0,106,-107614832.0,2.7006707062415038e+23,ERR,ERR,ERR,ERR,ERR,ERR,ERR,ERR,ERR,ERR,ERR,ERR,ERR,ERR,ERR,ERR,ERR,ERR,ERR,ERR,ERR,ERR,ERR,ERR,ERR,ERR,ERR,ERR,ERR,ERR,ERR,ERR,ERR,ERR,ERR,ERR,ERR,ERR,ERR,ERR,ERR,ERR,ERR,ERR,ERR,ERR,ERR,ERR,ERR,ERR,ERR,ERR,ERR,ERR,ERR,ERR,ERR,ERR,ERR,ERR,ERR,ERR,ERR,ERR,ERR,ERR,ERR,50.0,60.0,100,0.0,0.0,0.0,0.0,0.0,0.0,0.0,0.0,0.0,0.0,0.0,0.0,0.0,0.0,0.0,0.0,61.6,78,11,65508,50,65476,0,300,0,0,8,20529,65476,0,0,26214,60.0,0.0,0.0,0.0,0.0,0.0
2026-05-17T16:46:48,ERR,ERR,ERR,ERR,ERR,ERR,ERR,ERR,ERR,ERR,ERR,ERR,ERR,ERR,ERR,ERR,ERR,ERR,ERR,ERR,ERR,ERR,ERR,ERR,ERR,ERR,ERR,ERR,ERR,ERR,ERR,ERR,ERR,ERR,ERR,ERR,ERR,ERR,ERR,ERR,ERR,ERR,ERR,ERR,ERR,ERR,ERR,ERR,ERR,ERR,ERR,ERR,ERR,ERR,ERR,ERR,ERR,ERR,ERR,ERR,ERR,ERR,ERR,ERR,ERR,ERR,ERR,ERR,ERR,ERR,ERR,ERR,ERR,ERR,ERR,ERR,ERR,ERR,ERR,ERR,ERR,ERR,ERR,ERR,ERR,ERR,ERR,ERR,ERR,ERR,ERR,ERR,ERR,ERR,ERR,ERR,ERR,ERR,ERR,ERR,ERR,ERR,ERR,ERR,ERR,ERR,ERR,ERR,ERR,ERR,ERR,ERR,ERR,ERR,ERR,ERR,ERR,ERR,ERR,ERR,ERR,ERR,ERR,ERR,ERR,0.0,0.0,-134474944.0,0.0,0.0,1.3936040501711995e+18,7.805,0.0,0,0,4,0,8422,0.0,45,0.0,0.0,0.0,0.0,0.0,0,0,0,0,0.0,0,0,0,0,0,0,0,0,0,0,0,0,0,0,0,0,0,0,0,0,0,0,0,0,0,0,0,0,0,0,0,0,0,38,14,7,45,65476,0,300,0,0,8,21553,0.0,-107605600.0,0.0,0.0,0.0,0.0,0.0,0.0,0.0,0.0,0.0,0.0,0.0,0.0,0.0,0.0,0.0,0.0,0.0,0.0,0.0,0.0,0.0,0.0,-2.004,2.004,0.0,0.0,0.0,0.0,5039.0,-2.004,0.0,0.0,0.0,0.0,-107615304.0,0.0,0.0,0.0,0.0,53,4.066880103266858e+29,-152017297211392.0,0.0,0.0,0.0,0.0,0.0,0.0,0.0,0,0,0,0.0,0.0,0.0,0.0,0.0,0.0,0.0,0.0,0.0,0.0,0.0,0.0,0.0,0.0,0.0,0.0,0,-107875648.0,53,0.0,106,-107614832.0,2.7006707062415038e+23,ERR,ERR,ERR,ERR,ERR,ERR,ERR,ERR,ERR,ERR,ERR,ERR,ERR,ERR,ERR,ERR,ERR,ERR,ERR,ERR,ERR,ERR,ERR,ERR,ERR,ERR,ERR,ERR,ERR,ERR,ERR,ERR,ERR,ERR,ERR,ERR,ERR,ERR,ERR,ERR,ERR,ERR,ERR,ERR,ERR,ERR,ERR,ERR,ERR,ERR,ERR,ERR,ERR,ERR,ERR,ERR,ERR,ERR,ERR,ERR,ERR,ERR,ERR,ERR,ERR,ERR,ERR,50.0,60.0,100,0.0,0.0,0.0,0.0,0.0,0.0,0.0,0.0,0.0,0.0,0.0,0.0,0.0,0.0,0.0,0.0,61.6,78,11,65508,50,65476,0,300,0,0,8,20529,65476,0,0,26214,60.0,0.0,0.0,0.0,0.0,0.0
2026-05-17T16:46:49,ERR,ERR,ERR,ERR,ERR,ERR,ERR,ERR,ERR,ERR,ERR,ERR,ERR,ERR,ERR,ERR,ERR,ERR,ERR,ERR,ERR,ERR,ERR,ERR,ERR,ERR,ERR,ERR,ERR,ERR,ERR,ERR,ERR,ERR,ERR,ERR,ERR,ERR,ERR,ERR,ERR,ERR,ERR,ERR,ERR,ERR,ERR,ERR,ERR,ERR,ERR,ERR,ERR,ERR,ERR,ERR,ERR,ERR,ERR,ERR,ERR,ERR,ERR,ERR,ERR,ERR,ERR,ERR,ERR,ERR,ERR,ERR,ERR,ERR,ERR,ERR,ERR,ERR,ERR,ERR,ERR,ERR,ERR,ERR,ERR,ERR,ERR,ERR,ERR,ERR,ERR,ERR,ERR,ERR,ERR,ERR,ERR,ERR,ERR,ERR,ERR,ERR,ERR,ERR,ERR,ERR,ERR,ERR,ERR,ERR,ERR,ERR,ERR,ERR,ERR,ERR,ERR,ERR,ERR,ERR,ERR,ERR,ERR,ERR,ERR,0.0,0.0,-134474944.0,0.0,0.0,1.3936040501711995e+18,7.805,0.0,0,0,4,0,8422,0.0,45,0.0,0.0,0.0,0.0,0.0,0,0,0,0,0.0,0,0,0,0,0,0,0,0,0,0,0,0,0,0,0,0,0,0,0,0,0,0,0,0,0,0,0,0,0,0,0,0,0,38,14,7,45,65476,0,300,0,0,8,21553,0.0,-107605600.0,0.0,0.0,0.0,0.0,0.0,0.0,0.0,0.0,0.0,0.0,0.0,0.0,0.0,0.0,0.0,0.0,0.0,0.0,0.0,0.0,0.0,0.0,-2.004,2.004,0.0,0.0,0.0,0.0,5039.0,-2.004,0.0,0.0,0.0,0.0,-107615304.0,0.0,0.0,0.0,0.0,53,4.066880103266858e+29,-152017297211392.0,0.0,0.0,0.0,0.0,0.0,0.0,0.0,0,0,0,0.0,0.0,0.0,0.0,0.0,0.0,0.0,0.0,0.0,0.0,0.0,0.0,0.0,0.0,0.0,0.0,0,-107875648.0,53,0.0,106,-107614832.0,2.7006707062415038e+23,ERR,ERR,ERR,ERR,ERR,ERR,ERR,ERR,ERR,ERR,ERR,ERR,ERR,ERR,ERR,ERR,ERR,ERR,ERR,ERR,ERR,ERR,ERR,ERR,ERR,ERR,ERR,ERR,ERR,ERR,ERR,ERR,ERR,ERR,ERR,ERR,ERR,ERR,ERR,ERR,ERR,ERR,ERR,ERR,ERR,ERR,ERR,ERR,ERR,ERR,ERR,ERR,ERR,ERR,ERR,ERR,ERR,ERR,ERR,ERR,ERR,ERR,ERR,ERR,ERR,ERR,ERR,50.0,60.0,100,0.0,0.0,0.0,0.0,0.0,0.0,0.0,0.0,0.0,0.0,0.0,0.0,0.0,0.0,0.0,0.0,61.6,78,11,65508,50,65476,0,300,0,0,8,20529,65476,0,0,26214,60.0,0.0,0.0,0.0,0.0,0.0
2026-05-17T16:46:50,ERR,ERR,ERR,ERR,ERR,ERR,ERR,ERR,ERR,ERR,ERR,ERR,ERR,ERR,ERR,ERR,ERR,ERR,ERR,ERR,ERR,ERR,ERR,ERR,ERR,ERR,ERR,ERR,ERR,ERR,ERR,ERR,ERR,ERR,ERR,ERR,ERR,ERR,ERR,ERR,ERR,ERR,ERR,ERR,ERR,ERR,ERR,ERR,ERR,ERR,ERR,ERR,ERR,ERR,ERR,ERR,ERR,ERR,ERR,ERR,ERR,ERR,ERR,ERR,ERR,ERR,ERR,ERR,ERR,ERR,ERR,ERR,ERR,ERR,ERR,ERR,ERR,ERR,ERR,ERR,ERR,ERR,ERR,ERR,ERR,ERR,ERR,ERR,ERR,ERR,ERR,ERR,ERR,ERR,ERR,ERR,ERR,ERR,ERR,ERR,ERR,ERR,ERR,ERR,ERR,ERR,ERR,ERR,ERR,ERR,ERR,ERR,ERR,ERR,ERR,ERR,ERR,ERR,ERR,ERR,ERR,ERR,ERR,ERR,ERR,0.0,0.0,-134474944.0,0.0,0.0,1.3936040501711995e+18,7.805,0.0,0,0,4,0,8422,0.0,45,0.0,0.0,0.0,0.0,0.0,0,0,0,0,0.0,0,0,0,0,0,0,0,0,0,0,0,0,0,0,0,0,0,0,0,0,0,0,0,0,0,0,0,0,0,0,0,0,0,38,14,7,45,65476,0,300,0,0,8,21553,0.0,-107605600.0,0.0,0.0,0.0,0.0,0.0,0.0,0.0,0.0,0.0,0.0,0.0,0.0,0.0,0.0,0.0,0.0,0.0,0.0,0.0,0.0,0.0,0.0,-2.004,2.004,0.0,0.0,0.0,0.0,5044.0,-0.0,0.0,0.0,0.0,0.0,-107615304.0,0.0,0.0,0.0,0.0,53,-0.0,-107614792.0,0.0,0.0,0.0,0.0,0.0,0.0,0.0,0,0,0,0.0,0.0,0.0,0.0,0.0,0.0,0.0,0.0,0.0,0.0,0.0,0.0,0.0,0.0,0.0,0.0,0,-107875648.0,53,0.0,106,-107614832.0,2.7006707062415038e+23,ERR,ERR,ERR,ERR,ERR,ERR,ERR,ERR,ERR,ERR,ERR,ERR,ERR,ERR,ERR,ERR,ERR,ERR,ERR,ERR,ERR,ERR,ERR,ERR,ERR,ERR,ERR,ERR,ERR,ERR,ERR,ERR,ERR,ERR,ERR,ERR,ERR,ERR,ERR,ERR,ERR,ERR,ERR,ERR,ERR,ERR,ERR,ERR,ERR,ERR,ERR,ERR,ERR,ERR,ERR,ERR,ERR,ERR,ERR,ERR,ERR,ERR,ERR,ERR,ERR,ERR,ERR,50.0,60.0,100,0.0,0.0,0.0,0.0,0.0,0.0,0.0,0.0,0.0,0.0,0.0,0.0,0.0,0.0,0.0,0.0,61.6,78,11,65508,50,65476,0,300,0,0,8,20529,65476,0,0,26214,60.0,0.0,0.0,0.0,0.0,0.0
2026-05-17T16:46:51,ERR,ERR,ERR,ERR,ERR,ERR,ERR,ERR,ERR,ERR,ERR,ERR,ERR,ERR,ERR,ERR,ERR,ERR,ERR,ERR,ERR,ERR,ERR,ERR,ERR,ERR,ERR,ERR,ERR,ERR,ERR,ERR,ERR,ERR,ERR,ERR,ERR,ERR,ERR,ERR,ERR,ERR,ERR,ERR,ERR,ERR,ERR,ERR,ERR,ERR,ERR,ERR,ERR,ERR,ERR,ERR,ERR,ERR,ERR,ERR,ERR,ERR,ERR,ERR,ERR,ERR,ERR,ERR,ERR,ERR,ERR,ERR,ERR,ERR,ERR,ERR,ERR,ERR,ERR,ERR,ERR,ERR,ERR,ERR,ERR,ERR,ERR,ERR,ERR,ERR,ERR,ERR,ERR,ERR,ERR,ERR,ERR,ERR,ERR,ERR,ERR,ERR,ERR,ERR,ERR,ERR,ERR,ERR,ERR,ERR,ERR,ERR,ERR,ERR,ERR,ERR,ERR,ERR,ERR,ERR,ERR,ERR,ERR,ERR,ERR,0.0,0.0,-134474944.0,0.0,0.0,1.3936040501711995e+18,7.805,0.0,0,0,4,0,8422,0.0,45,0.0,0.0,0.0,0.0,0.0,0,0,0,0,0.0,0,0,0,0,0,0,0,0,0,0,0,0,0,0,0,0,0,0,0,0,0,0,0,0,0,0,0,0,0,0,0,0,0,38,14,7,45,65476,0,300,0,0,8,21553,0.0,-107605600.0,0.0,0.0,0.0,0.0,0.0,0.0,0.0,0.0,0.0,0.0,0.0,0.0,0.0,0.0,0.0,0.0,0.0,0.0,0.0,0.0,0.0,0.0,-2.004,2.004,0.0,0.0,0.0,0.0,5044.0,-0.0,0.0,0.0,0.0,0.0,-107615304.0,0.0,0.0,0.0,0.0,53,-0.0,-107614792.0,0.0,0.0,0.0,0.0,0.0,0.0,0.0,0,0,0,0.0,0.0,0.0,0.0,0.0,0.0,0.0,0.0,0.0,0.0,0.0,0.0,0.0,0.0,0.0,0.0,0,-107875648.0,53,0.0,106,-107614832.0,2.7006707062415038e+23,ERR,ERR,ERR,ERR,ERR,ERR,ERR,ERR,ERR,ERR,ERR,ERR,ERR,ERR,ERR,ERR,ERR,ERR,ERR,ERR,ERR,ERR,ERR,ERR,ERR,ERR,ERR,ERR,ERR,ERR,ERR,ERR,ERR,ERR,ERR,ERR,ERR,ERR,ERR,ERR,ERR,ERR,ERR,ERR,ERR,ERR,ERR,ERR,ERR,ERR,ERR,ERR,ERR,ERR,ERR,ERR,ERR,ERR,ERR,ERR,ERR,ERR,ERR,ERR,ERR,ERR,ERR,50.0,60.0,100,0.0,0.0,0.0,0.0,0.0,0.0,0.0,0.0,0.0,0.0,0.0,0.0,0.0,0.0,0.0,0.0,61.6,78,11,65508,50,65476,0,300,0,0,8,20529,65476,0,0,26214,60.0,0.0,0.0,0.0,0.0,0.0
2026-05-17T16:46:52,ERR,ERR,ERR,ERR,ERR,ERR,ERR,ERR,ERR,ERR,ERR,ERR,ERR,ERR,ERR,ERR,ERR,ERR,ERR,ERR,ERR,ERR,ERR,ERR,ERR,ERR,ERR,ERR,ERR,ERR,ERR,ERR,ERR,ERR,ERR,ERR,ERR,ERR,ERR,ERR,ERR,ERR,ERR,ERR,ERR,ERR,ERR,ERR,ERR,ERR,ERR,ERR,ERR,ERR,ERR,ERR,ERR,ERR,ERR,ERR,ERR,ERR,ERR,ERR,ERR,ERR,ERR,ERR,ERR,ERR,ERR,ERR,ERR,ERR,ERR,ERR,ERR,ERR,ERR,ERR,ERR,ERR,ERR,ERR,ERR,ERR,ERR,ERR,ERR,ERR,ERR,ERR,ERR,ERR,ERR,ERR,ERR,ERR,ERR,ERR,ERR,ERR,ERR,ERR,ERR,ERR,ERR,ERR,ERR,ERR,ERR,ERR,ERR,ERR,ERR,ERR,ERR,ERR,ERR,ERR,ERR,ERR,ERR,ERR,ERR,0.0,0.0,-134474944.0,0.0,0.0,1.3936040501711995e+18,7.805,0.0,0,0,4,0,8422,0.0,45,0.0,0.0,0.0,0.0,0.0,0,0,0,0,0.0,0,0,0,0,0,0,0,0,0,0,0,0,0,0,0,0,0,0,0,0,0,0,0,0,0,0,0,0,0,0,0,0,0,38,14,7,45,65476,0,300,0,0,8,21553,0.0,-107605600.0,0.0,0.0,0.0,0.0,0.0,0.0,0.0,0.0,0.0,0.0,0.0,0.0,0.0,0.0,0.0,0.0,0.0,0.0,0.0,0.0,0.0,0.0,-2.004,2.004,0.0,0.0,0.0,0.0,5044.0,-0.0,0.0,0.0,0.0,0.0,-107615304.0,0.0,0.0,0.0,0.0,53,-0.0,-107614792.0,0.0,0.0,0.0,0.0,0.0,0.0,0.0,0,0,0,0.0,0.0,0.0,0.0,0.0,0.0,0.0,0.0,0.0,0.0,0.0,0.0,0.0,0.0,0.0,0.0,0,-107875648.0,53,0.0,106,-107614832.0,2.7006707062415038e+23,ERR,ERR,ERR,ERR,ERR,ERR,ERR,ERR,ERR,ERR,ERR,ERR,ERR,ERR,ERR,ERR,ERR,ERR,ERR,ERR,ERR,ERR,ERR,ERR,ERR,ERR,ERR,ERR,ERR,ERR,ERR,ERR,ERR,ERR,ERR,ERR,ERR,ERR,ERR,ERR,ERR,ERR,ERR,ERR,ERR,ERR,ERR,ERR,ERR,ERR,ERR,ERR,ERR,ERR,ERR,ERR,ERR,ERR,ERR,ERR,ERR,ERR,ERR,ERR,ERR,ERR,ERR,50.0,60.0,100,0.0,0.0,0.0,0.0,0.0,0.0,0.0,0.0,0.0,0.0,0.0,0.0,0.0,0.0,0.0,0.0,61.6,78,11,65508,50,65476,0,300,0,0,8,20529,65476,0,0,26214,60.0,0.0,0.0,0.0,0.0,0.0
2026-05-17T16:46:53,ERR,ERR,ERR,ERR,ERR,ERR,ERR,ERR,ERR,ERR,ERR,ERR,ERR,ERR,ERR,ERR,ERR,ERR,ERR,ERR,ERR,ERR,ERR,ERR,ERR,ERR,ERR,ERR,ERR,ERR,ERR,ERR,ERR,ERR,ERR,ERR,ERR,ERR,ERR,ERR,ERR,ERR,ERR,ERR,ERR,ERR,ERR,ERR,ERR,ERR,ERR,ERR,ERR,ERR,ERR,ERR,ERR,ERR,ERR,ERR,ERR,ERR,ERR,ERR,ERR,ERR,ERR,ERR,ERR,ERR,ERR,ERR,ERR,ERR,ERR,ERR,ERR,ERR,ERR,ERR,ERR,ERR,ERR,ERR,ERR,ERR,ERR,ERR,ERR,ERR,ERR,ERR,ERR,ERR,ERR,ERR,ERR,ERR,ERR,ERR,ERR,ERR,ERR,ERR,ERR,ERR,ERR,ERR,ERR,ERR,ERR,ERR,ERR,ERR,ERR,ERR,ERR,ERR,ERR,ERR,ERR,ERR,ERR,ERR,ERR,0.0,0.0,-134474944.0,0.0,0.0,1.3936040501711995e+18,7.805,0.0,0,0,4,0,8422,0.0,45,0.0,0.0,0.0,0.0,0.0,0,0,0,0,0.0,0,0,0,0,0,0,0,0,0,0,0,0,0,0,0,0,0,0,0,0,0,0,0,0,0,0,0,0,0,0,0,0,0,38,14,7,45,65476,0,300,0,0,8,21553,0.0,-107605600.0,0.0,0.0,0.0,0.0,0.0,0.0,0.0,0.0,0.0,0.0,0.0,0.0,0.0,0.0,0.0,0.0,0.0,0.0,0.0,0.0,0.0,0.0,-2.004,2.004,0.0,0.0,0.0,0.0,5044.0,-0.0,0.0,0.0,0.0,0.0,-107615304.0,0.0,0.0,0.0,0.0,53,-0.0,-107614792.0,0.0,0.0,0.0,0.0,0.0,0.0,0.0,0,0,0,0.0,0.0,0.0,0.0,0.0,0.0,0.0,0.0,0.0,0.0,0.0,0.0,0.0,0.0,0.0,0.0,0,-107875648.0,53,0.0,106,-107614832.0,2.7006707062415038e+23,ERR,ERR,ERR,ERR,ERR,ERR,ERR,ERR,ERR,ERR,ERR,ERR,ERR,ERR,ERR,ERR,ERR,ERR,ERR,ERR,ERR,ERR,ERR,ERR,ERR,ERR,ERR,ERR,ERR,ERR,ERR,ERR,ERR,ERR,ERR,ERR,ERR,ERR,ERR,ERR,ERR,ERR,ERR,ERR,ERR,ERR,ERR,ERR,ERR,ERR,ERR,ERR,ERR,ERR,ERR,ERR,ERR,ERR,ERR,ERR,ERR,ERR,ERR,ERR,ERR,ERR,ERR,50.0,60.0,100,0.0,0.0,0.0,0.0,0.0,0.0,0.0,0.0,0.0,0.0,0.0,0.0,0.0,0.0,0.0,0.0,61.6,78,11,65508,50,65476,0,300,0,0,8,20529,65476,0,0,26214,60.0,0.0,0.0,0.0,0.0,0.0
2026-05-17T16:46:54,ERR,ERR,ERR,ERR,ERR,ERR,ERR,ERR,ERR,ERR,ERR,ERR,ERR,ERR,ERR,ERR,ERR,ERR,ERR,ERR,ERR,ERR,ERR,ERR,ERR,ERR,ERR,ERR,ERR,ERR,ERR,ERR,ERR,ERR,ERR,ERR,ERR,ERR,ERR,ERR,ERR,ERR,ERR,ERR,ERR,ERR,ERR,ERR,ERR,ERR,ERR,ERR,ERR,ERR,ERR,ERR,ERR,ERR,ERR,ERR,ERR,ERR,ERR,ERR,ERR,ERR,ERR,ERR,ERR,ERR,ERR,ERR,ERR,ERR,ERR,ERR,ERR,ERR,ERR,ERR,ERR,ERR,ERR,ERR,ERR,ERR,ERR,ERR,ERR,ERR,ERR,ERR,ERR,ERR,ERR,ERR,ERR,ERR,ERR,ERR,ERR,ERR,ERR,ERR,ERR,ERR,ERR,ERR,ERR,ERR,ERR,ERR,ERR,ERR,ERR,ERR,ERR,ERR,ERR,ERR,ERR,ERR,ERR,ERR,ERR,0.0,0.0,-134474944.0,0.0,0.0,1.3936040501711995e+18,7.805,0.0,0,0,4,0,8422,0.0,45,0.0,0.0,0.0,0.0,0.0,0,0,0,0,0.0,0,0,0,0,0,0,0,0,0,0,0,0,0,0,0,0,0,0,0,0,0,0,0,0,0,0,0,0,0,0,0,0,0,38,14,7,45,65476,0,300,0,0,8,21553,0.0,-107605600.0,0.0,0.0,0.0,0.0,0.0,0.0,0.0,0.0,0.0,0.0,0.0,0.0,0.0,0.0,0.0,0.0,0.0,0.0,0.0,0.0,0.0,0.0,-2.004,2.004,0.0,0.0,0.0,0.0,5044.0,-0.0,0.0,0.0,0.0,0.0,-107615304.0,0.0,0.0,0.0,0.0,53,-0.0,-107614792.0,0.0,0.0,0.0,0.0,0.0,0.0,0.0,0,0,0,0.0,0.0,0.0,0.0,0.0,0.0,0.0,0.0,0.0,0.0,0.0,0.0,0.0,0.0,0.0,0.0,0,-107875648.0,53,0.0,106,-107614832.0,2.7006707062415038e+23,ERR,ERR,ERR,ERR,ERR,ERR,ERR,ERR,ERR,ERR,ERR,ERR,ERR,ERR,ERR,ERR,ERR,ERR,ERR,ERR,ERR,ERR,ERR,ERR,ERR,ERR,ERR,ERR,ERR,ERR,ERR,ERR,ERR,ERR,ERR,ERR,ERR,ERR,ERR,ERR,ERR,ERR,ERR,ERR,ERR,ERR,ERR,ERR,ERR,ERR,ERR,ERR,ERR,ERR,ERR,ERR,ERR,ERR,ERR,ERR,ERR,ERR,ERR,ERR,ERR,ERR,ERR,50.0,60.0,100,0.0,0.0,0.0,0.0,0.0,0.0,0.0,0.0,0.0,0.0,0.0,0.0,0.0,0.0,0.0,0.0,61.6,78,11,65508,50,65476,0,300,0,0,8,20529,65476,0,0,26214,60.0,0.0,0.0,0.0,0.0,0.0
2026-05-17T16:46:55,ERR,ERR,ERR,ERR,ERR,ERR,ERR,ERR,ERR,ERR,ERR,ERR,ERR,ERR,ERR,ERR,ERR,ERR,ERR,ERR,ERR,ERR,ERR,ERR,ERR,ERR,ERR,ERR,ERR,ERR,ERR,ERR,ERR,ERR,ERR,ERR,ERR,ERR,ERR,ERR,ERR,ERR,ERR,ERR,ERR,ERR,ERR,ERR,ERR,ERR,ERR,ERR,ERR,ERR,ERR,ERR,ERR,ERR,ERR,ERR,ERR,ERR,ERR,ERR,ERR,ERR,ERR,ERR,ERR,ERR,ERR,ERR,ERR,ERR,ERR,ERR,ERR,ERR,ERR,ERR,ERR,ERR,ERR,ERR,ERR,ERR,ERR,ERR,ERR,ERR,ERR,ERR,ERR,ERR,ERR,ERR,ERR,ERR,ERR,ERR,ERR,ERR,ERR,ERR,ERR,ERR,ERR,ERR,ERR,ERR,ERR,ERR,ERR,ERR,ERR,ERR,ERR,ERR,ERR,ERR,ERR,ERR,ERR,ERR,ERR,0.0,0.0,-134474944.0,0.0,0.0,1.3936040501711995e+18,7.805,0.0,0,0,4,0,8422,0.0,45,0.0,0.0,0.0,0.0,0.0,0,0,0,0,0.0,0,0,0,0,0,0,0,0,0,0,0,0,0,0,0,0,0,0,0,0,0,0,0,0,0,0,0,0,0,0,0,0,0,38,14,7,45,65476,0,300,0,0,8,21553,0.0,-107605600.0,0.0,0.0,0.0,0.0,0.0,0.0,0.0,0.0,0.0,0.0,0.0,0.0,0.0,0.0,0.0,0.0,0.0,0.0,0.0,0.0,0.0,0.0,-2.004,2.004,0.0,0.0,0.0,0.0,5042.0,0.0,0.0,0.0,0.0,0.0,-107615304.0,0.0,0.0,0.0,0.0,53,3.222028592685471e+26,-0.0,0.0,0.0,0.0,0.0,0.0,0.0,0.0,0,0,0,0.0,0.0,0.0,0.0,0.0,0.0,0.0,0.0,0.0,0.0,0.0,0.0,0.0,0.0,0.0,0.0,0,-107875648.0,53,0.0,106,-107614832.0,2.7006707062415038e+23,ERR,ERR,ERR,ERR,ERR,ERR,ERR,ERR,ERR,ERR,ERR,ERR,ERR,ERR,ERR,ERR,ERR,ERR,ERR,ERR,ERR,ERR,ERR,ERR,ERR,ERR,ERR,ERR,ERR,ERR,ERR,ERR,ERR,ERR,ERR,ERR,ERR,ERR,ERR,ERR,ERR,ERR,ERR,ERR,ERR,ERR,ERR,ERR,ERR,ERR,ERR,ERR,ERR,ERR,ERR,ERR,ERR,ERR,ERR,ERR,ERR,ERR,ERR,ERR,ERR,ERR,ERR,50.0,60.0,100,0.0,0.0,0.0,0.0,0.0,0.0,0.0,0.0,0.0,0.0,0.0,0.0,0.0,0.0,0.0,0.0,61.6,78,11,65508,50,65476,0,300,0,0,8,20529,65476,0,0,26214,60.0,0.0,0.0,0.0,0.0,0.0
2026-05-17T16:46:56,ERR,ERR,ERR,ERR,ERR,ERR,ERR,ERR,ERR,ERR,ERR,ERR,ERR,ERR,ERR,ERR,ERR,ERR,ERR,ERR,ERR,ERR,ERR,ERR,ERR,ERR,ERR,ERR,ERR,ERR,ERR,ERR,ERR,ERR,ERR,ERR,ERR,ERR,ERR,ERR,ERR,ERR,ERR,ERR,ERR,ERR,ERR,ERR,ERR,ERR,ERR,ERR,ERR,ERR,ERR,ERR,ERR,ERR,ERR,ERR,ERR,ERR,ERR,ERR,ERR,ERR,ERR,ERR,ERR,ERR,ERR,ERR,ERR,ERR,ERR,ERR,ERR,ERR,ERR,ERR,ERR,ERR,ERR,ERR,ERR,ERR,ERR,ERR,ERR,ERR,ERR,ERR,ERR,ERR,ERR,ERR,ERR,ERR,ERR,ERR,ERR,ERR,ERR,ERR,ERR,ERR,ERR,ERR,ERR,ERR,ERR,ERR,ERR,ERR,ERR,ERR,ERR,ERR,ERR,ERR,ERR,ERR,ERR,ERR,ERR,0.0,0.0,-134474944.0,0.0,0.0,1.3936040501711995e+18,7.805,0.0,0,0,4,0,8422,0.0,45,0.0,0.0,0.0,0.0,0.0,0,0,0,0,0.0,0,0,0,0,0,0,0,0,0,0,0,0,0,0,0,0,0,0,0,0,0,0,0,0,0,0,0,0,0,0,0,0,0,38,14,7,45,65476,0,300,0,0,8,21553,0.0,-107605600.0,0.0,0.0,0.0,0.0,0.0,0.0,0.0,0.0,0.0,0.0,0.0,0.0,0.0,0.0,0.0,0.0,0.0,0.0,0.0,0.0,0.0,0.0,-2.004,2.004,0.0,0.0,0.0,0.0,5042.0,0.0,0.0,0.0,0.0,0.0,-107615304.0,0.0,0.0,0.0,0.0,53,3.222028592685471e+26,-0.0,0.0,0.0,0.0,0.0,0.0,0.0,0.0,0,0,0,0.0,0.0,0.0,0.0,0.0,0.0,0.0,0.0,0.0,0.0,0.0,0.0,0.0,0.0,0.0,0.0,0,-107875648.0,53,0.0,106,-107614832.0,2.7006707062415038e+23,ERR,ERR,ERR,ERR,ERR,ERR,ERR,ERR,ERR,ERR,ERR,ERR,ERR,ERR,ERR,ERR,ERR,ERR,ERR,ERR,ERR,ERR,ERR,ERR,ERR,ERR,ERR,ERR,ERR,ERR,ERR,ERR,ERR,ERR,ERR,ERR,ERR,ERR,ERR,ERR,ERR,ERR,ERR,ERR,ERR,ERR,ERR,ERR,ERR,ERR,ERR,ERR,ERR,ERR,ERR,ERR,ERR,ERR,ERR,ERR,ERR,ERR,ERR,ERR,ERR,ERR,ERR,50.0,60.0,100,0.0,0.0,0.0,0.0,0.0,0.0,0.0,0.0,0.0,0.0,0.0,0.0,0.0,0.0,0.0,0.0,61.6,78,11,65508,50,65476,0,300,0,0,8,20529,65476,0,0,26214,60.0,0.0,0.0,0.0,0.0,0.0
2026-05-17T16:46:57,ERR,ERR,ERR,ERR,ERR,ERR,ERR,ERR,ERR,ERR,ERR,ERR,ERR,ERR,ERR,ERR,ERR,ERR,ERR,ERR,ERR,ERR,ERR,ERR,ERR,ERR,ERR,ERR,ERR,ERR,ERR,ERR,ERR,ERR,ERR,ERR,ERR,ERR,ERR,ERR,ERR,ERR,ERR,ERR,ERR,ERR,ERR,ERR,ERR,ERR,ERR,ERR,ERR,ERR,ERR,ERR,ERR,ERR,ERR,ERR,ERR,ERR,ERR,ERR,ERR,ERR,ERR,ERR,ERR,ERR,ERR,ERR,ERR,ERR,ERR,ERR,ERR,ERR,ERR,ERR,ERR,ERR,ERR,ERR,ERR,ERR,ERR,ERR,ERR,ERR,ERR,ERR,ERR,ERR,ERR,ERR,ERR,ERR,ERR,ERR,ERR,ERR,ERR,ERR,ERR,ERR,ERR,ERR,ERR,ERR,ERR,ERR,ERR,ERR,ERR,ERR,ERR,ERR,ERR,ERR,ERR,ERR,ERR,ERR,ERR,0.0,0.0,-134474944.0,0.0,0.0,1.3936040501711995e+18,7.805,0.0,0,0,4,0,8422,0.0,45,0.0,0.0,0.0,0.0,0.0,0,0,0,0,0.0,0,0,0,0,0,0,0,0,0,0,0,0,0,0,0,0,0,0,0,0,0,0,0,0,0,0,0,0,0,0,0,0,0,38,14,7,45,65476,0,300,0,0,8,21553,0.0,-107605600.0,0.0,0.0,0.0,0.0,0.0,0.0,0.0,0.0,0.0,0.0,0.0,0.0,0.0,0.0,0.0,0.0,0.0,0.0,0.0,0.0,0.0,0.0,-2.004,2.004,0.0,0.0,0.0,0.0,5042.0,0.0,0.0,0.0,0.0,0.0,-107615304.0,0.0,0.0,0.0,0.0,53,3.222028592685471e+26,-0.0,0.0,0.0,0.0,0.0,0.0,0.0,0.0,0,0,0,0.0,0.0,0.0,0.0,0.0,0.0,0.0,0.0,0.0,0.0,0.0,0.0,0.0,0.0,0.0,0.0,0,-107875648.0,53,0.0,106,-107614832.0,2.7006707062415038e+23,ERR,ERR,ERR,ERR,ERR,ERR,ERR,ERR,ERR,ERR,ERR,ERR,ERR,ERR,ERR,ERR,ERR,ERR,ERR,ERR,ERR,ERR,ERR,ERR,ERR,ERR,ERR,ERR,ERR,ERR,ERR,ERR,ERR,ERR,ERR,ERR,ERR,ERR,ERR,ERR,ERR,ERR,ERR,ERR,ERR,ERR,ERR,ERR,ERR,ERR,ERR,ERR,ERR,ERR,ERR,ERR,ERR,ERR,ERR,ERR,ERR,ERR,ERR,ERR,ERR,ERR,ERR,50.0,60.0,100,0.0,0.0,0.0,0.0,0.0,0.0,0.0,0.0,0.0,0.0,0.0,0.0,0.0,0.0,0.0,0.0,61.6,78,11,65508,50,65476,0,300,0,0,8,20529,65476,0,0,26214,60.0,0.0,0.0,0.0,0.0,0.0
2026-05-17T16:46:58,ERR,ERR,ERR,ERR,ERR,ERR,ERR,ERR,ERR,ERR,ERR,ERR,ERR,ERR,ERR,ERR,ERR,ERR,ERR,ERR,ERR,ERR,ERR,ERR,ERR,ERR,ERR,ERR,ERR,ERR,ERR,ERR,ERR,ERR,ERR,ERR,ERR,ERR,ERR,ERR,ERR,ERR,ERR,ERR,ERR,ERR,ERR,ERR,ERR,ERR,ERR,ERR,ERR,ERR,ERR,ERR,ERR,ERR,ERR,ERR,ERR,ERR,ERR,ERR,ERR,ERR,ERR,ERR,ERR,ERR,ERR,ERR,ERR,ERR,ERR,ERR,ERR,ERR,ERR,ERR,ERR,ERR,ERR,ERR,ERR,ERR,ERR,ERR,ERR,ERR,ERR,ERR,ERR,ERR,ERR,ERR,ERR,ERR,ERR,ERR,ERR,ERR,ERR,ERR,ERR,ERR,ERR,ERR,ERR,ERR,ERR,ERR,ERR,ERR,ERR,ERR,ERR,ERR,ERR,ERR,ERR,ERR,ERR,ERR,ERR,0.0,0.0,-134474944.0,0.0,0.0,1.3936040501711995e+18,7.805,0.0,0,0,4,0,8422,0.0,45,0.0,0.0,0.0,0.0,0.0,0,0,0,0,0.0,0,0,0,0,0,0,0,0,0,0,0,0,0,0,0,0,0,0,0,0,0,0,0,0,0,0,0,0,0,0,0,0,0,38,14,7,45,65476,0,300,0,0,8,21553,0.0,-107605600.0,0.0,0.0,0.0,0.0,0.0,0.0,0.0,0.0,0.0,0.0,0.0,0.0,0.0,0.0,0.0,0.0,0.0,0.0,0.0,0.0,0.0,0.0,-2.004,2.004,0.0,0.0,0.0,0.0,5042.0,0.0,0.0,0.0,0.0,0.0,-107615304.0,0.0,0.0,0.0,0.0,53,3.222028592685471e+26,-0.0,0.0,0.0,0.0,0.0,0.0,0.0,0.0,0,0,0,0.0,0.0,0.0,0.0,0.0,0.0,0.0,0.0,0.0,0.0,0.0,0.0,0.0,0.0,0.0,0.0,0,-107875648.0,53,0.0,106,-107614832.0,2.7006707062415038e+23,ERR,ERR,ERR,ERR,ERR,ERR,ERR,ERR,ERR,ERR,ERR,ERR,ERR,ERR,ERR,ERR,ERR,ERR,ERR,ERR,ERR,ERR,ERR,ERR,ERR,ERR,ERR,ERR,ERR,ERR,ERR,ERR,ERR,ERR,ERR,ERR,ERR,ERR,ERR,ERR,ERR,ERR,ERR,ERR,ERR,ERR,ERR,ERR,ERR,ERR,ERR,ERR,ERR,ERR,ERR,ERR,ERR,ERR,ERR,ERR,ERR,ERR,ERR,ERR,ERR,ERR,ERR,50.0,60.0,100,0.0,0.0,0.0,0.0,0.0,0.0,0.0,0.0,0.0,0.0,0.0,0.0,0.0,0.0,0.0,0.0,62.0,78,11,65508,50,65476,0,300,0,0,8,20529,65476,0,0,26214,60.0,0.0,0.0,0.0,0.0,0.0
2026-05-17T16:46:59,ERR,ERR,ERR,ERR,ERR,ERR,ERR,ERR,ERR,ERR,ERR,ERR,ERR,ERR,ERR,ERR,ERR,ERR,ERR,ERR,ERR,ERR,ERR,ERR,ERR,ERR,ERR,ERR,ERR,ERR,ERR,ERR,ERR,ERR,ERR,ERR,ERR,ERR,ERR,ERR,ERR,ERR,ERR,ERR,ERR,ERR,ERR,ERR,ERR,ERR,ERR,ERR,ERR,ERR,ERR,ERR,ERR,ERR,ERR,ERR,ERR,ERR,ERR,ERR,ERR,ERR,ERR,ERR,ERR,ERR,ERR,ERR,ERR,ERR,ERR,ERR,ERR,ERR,ERR,ERR,ERR,ERR,ERR,ERR,ERR,ERR,ERR,ERR,ERR,ERR,ERR,ERR,ERR,ERR,ERR,ERR,ERR,ERR,ERR,ERR,ERR,ERR,ERR,ERR,ERR,ERR,ERR,ERR,ERR,ERR,ERR,ERR,ERR,ERR,ERR,ERR,ERR,ERR,ERR,ERR,ERR,ERR,ERR,ERR,ERR,0.0,0.0,-134474944.0,0.0,0.0,1.3936040501711995e+18,7.805,0.0,0,0,4,0,8422,0.0,45,0.0,0.0,0.0,0.0,0.0,0,0,0,0,0.0,0,0,0,0,0,0,0,0,0,0,0,0,0,0,0,0,0,0,0,0,0,0,0,0,0,0,0,0,0,0,0,0,0,38,14,7,45,65476,0,300,0,0,8,21553,0.0,-107605600.0,0.0,0.0,0.0,0.0,0.0,0.0,0.0,0.0,0.0,0.0,0.0,0.0,0.0,0.0,0.0,0.0,0.0,0.0,0.0,0.0,0.0,0.0,-2.004,2.004,0.0,0.0,0.0,0.0,5042.0,0.0,0.0,0.0,0.0,0.0,-107615304.0,0.0,0.0,0.0,0.0,53,3.222028592685471e+26,-0.0,0.0,0.0,0.0,0.0,0.0,0.0,0.0,0,0,0,0.0,0.0,0.0,0.0,0.0,0.0,0.0,0.0,0.0,0.0,0.0,0.0,0.0,0.0,0.0,0.0,0,-107875648.0,53,0.0,106,-107614832.0,2.7006707062415038e+23,ERR,ERR,ERR,ERR,ERR,ERR,ERR,ERR,ERR,ERR,ERR,ERR,ERR,ERR,ERR,ERR,ERR,ERR,ERR,ERR,ERR,ERR,ERR,ERR,ERR,ERR,ERR,ERR,ERR,ERR,ERR,ERR,ERR,ERR,ERR,ERR,ERR,ERR,ERR,ERR,ERR,ERR,ERR,ERR,ERR,ERR,ERR,ERR,ERR,ERR,ERR,ERR,ERR,ERR,ERR,ERR,ERR,ERR,ERR,ERR,ERR,ERR,ERR,ERR,ERR,ERR,ERR,50.0,60.0,100,0.0,0.0,0.0,0.0,0.0,0.0,0.0,0.0,0.0,0.0,0.0,0.0,0.0,0.0,0.0,0.0,62.0,78,11,65508,50,65476,0,300,0,0,8,20529,65476,0,0,26214,60.0,0.0,0.0,0.0,0.0,0.0
2026-05-17T16:47:00,ERR,ERR,ERR,ERR,ERR,ERR,ERR,ERR,ERR,ERR,ERR,ERR,ERR,ERR,ERR,ERR,ERR,ERR,ERR,ERR,ERR,ERR,ERR,ERR,ERR,ERR,ERR,ERR,ERR,ERR,ERR,ERR,ERR,ERR,ERR,ERR,ERR,ERR,ERR,ERR,ERR,ERR,ERR,ERR,ERR,ERR,ERR,ERR,ERR,ERR,ERR,ERR,ERR,ERR,ERR,ERR,ERR,ERR,ERR,ERR,ERR,ERR,ERR,ERR,ERR,ERR,ERR,ERR,ERR,ERR,ERR,ERR,ERR,ERR,ERR,ERR,ERR,ERR,ERR,ERR,ERR,ERR,ERR,ERR,ERR,ERR,ERR,ERR,ERR,ERR,ERR,ERR,ERR,ERR,ERR,ERR,ERR,ERR,ERR,ERR,ERR,ERR,ERR,ERR,ERR,ERR,ERR,ERR,ERR,ERR,ERR,ERR,ERR,ERR,ERR,ERR,ERR,ERR,ERR,ERR,ERR,ERR,ERR,ERR,ERR,0.0,0.0,-134474944.0,0.0,0.0,1.3936040501711995e+18,7.805,0.0,0,0,4,0,8422,0.0,45,0.0,0.0,0.0,0.0,0.0,0,0,0,0,0.0,0,0,0,0,0,0,0,0,0,0,0,0,0,0,0,0,0,0,0,0,0,0,0,0,0,0,0,0,0,0,0,0,0,38,14,7,45,65476,0,300,0,0,8,21553,0.0,-107605600.0,0.0,0.0,0.0,0.0,0.0,0.0,0.0,0.0,0.0,0.0,0.0,0.0,0.0,0.0,0.0,0.0,0.0,0.0,0.0,0.0,0.0,0.0,-2.004,2.004,0.0,0.0,0.0,0.0,4977.0,-2.4229876163019057e+24,0.0,0.0,0.0,0.0,-107615304.0,0.0,0.0,0.0,0.0,53,5.848083413016271e+35,4.066853280225235e+29,0.0,0.0,0.0,0.0,0.0,0.0,0.0,0,0,0,0.0,0.0,0.0,0.0,0.0,0.0,0.0,0.0,0.0,0.0,0.0,0.0,0.0,0.0,0.0,0.0,0,-107875648.0,53,0.0,106,-107614832.0,2.7006707062415038e+23,ERR,ERR,ERR,ERR,ERR,ERR,ERR,ERR,ERR,ERR,ERR,ERR,ERR,ERR,ERR,ERR,ERR,ERR,ERR,ERR,ERR,ERR,ERR,ERR,ERR,ERR,ERR,ERR,ERR,ERR,ERR,ERR,ERR,ERR,ERR,ERR,ERR,ERR,ERR,ERR,ERR,ERR,ERR,ERR,ERR,ERR,ERR,ERR,ERR,ERR,ERR,ERR,ERR,ERR,ERR,ERR,ERR,ERR,ERR,ERR,ERR,ERR,ERR,ERR,ERR,ERR,ERR,50.0,60.0,100,0.0,0.0,0.0,0.0,0.0,0.0,0.0,0.0,0.0,0.0,0.0,0.0,0.0,0.0,0.0,0.0,61.6,78,11,65508,50,65476,0,300,0,0,8,20529,65476,0,0,26214,60.0,0.0,0.0,0.0,0.0,0.0
2026-05-17T16:47:01,ERR,ERR,ERR,ERR,ERR,ERR,ERR,ERR,ERR,ERR,ERR,ERR,ERR,ERR,ERR,ERR,ERR,ERR,ERR,ERR,ERR,ERR,ERR,ERR,ERR,ERR,ERR,ERR,ERR,ERR,ERR,ERR,ERR,ERR,ERR,ERR,ERR,ERR,ERR,ERR,ERR,ERR,ERR,ERR,ERR,ERR,ERR,ERR,ERR,ERR,ERR,ERR,ERR,ERR,ERR,ERR,ERR,ERR,ERR,ERR,ERR,ERR,ERR,ERR,ERR,ERR,ERR,ERR,ERR,ERR,ERR,ERR,ERR,ERR,ERR,ERR,ERR,ERR,ERR,ERR,ERR,ERR,ERR,ERR,ERR,ERR,ERR,ERR,ERR,ERR,ERR,ERR,ERR,ERR,ERR,ERR,ERR,ERR,ERR,ERR,ERR,ERR,ERR,ERR,ERR,ERR,ERR,ERR,ERR,ERR,ERR,ERR,ERR,ERR,ERR,ERR,ERR,ERR,ERR,ERR,ERR,ERR,ERR,ERR,ERR,0.0,0.0,-134474944.0,0.0,0.0,1.3936040501711995e+18,7.805,0.0,0,0,4,0,8422,0.0,45,0.0,0.0,0.0,0.0,0.0,0,0,0,0,0.0,0,0,0,0,0,0,0,0,0,0,0,0,0,0,0,0,0,0,0,0,0,0,0,0,0,0,0,0,0,0,0,0,0,38,14,7,45,65476,0,300,0,0,8,21553,0.0,-107605600.0,0.0,0.0,0.0,0.0,0.0,0.0,0.0,0.0,0.0,0.0,0.0,0.0,0.0,0.0,0.0,0.0,0.0,0.0,0.0,0.0,0.0,0.0,-2.004,2.004,0.0,0.0,0.0,0.0,4977.0,-2.4229876163019057e+24,0.0,0.0,0.0,0.0,-107615304.0,0.0,0.0,0.0,0.0,53,5.848083413016271e+35,4.066853280225235e+29,0.0,0.0,0.0,0.0,0.0,0.0,0.0,0,0,0,0.0,0.0,0.0,0.0,0.0,0.0,0.0,0.0,0.0,0.0,0.0,0.0,0.0,0.0,0.0,0.0,0,-107875648.0,53,0.0,106,-107614832.0,2.7006707062415038e+23,ERR,ERR,ERR,ERR,ERR,ERR,ERR,ERR,ERR,ERR,ERR,ERR,ERR,ERR,ERR,ERR,ERR,ERR,ERR,ERR,ERR,ERR,ERR,ERR,ERR,ERR,ERR,ERR,ERR,ERR,ERR,ERR,ERR,ERR,ERR,ERR,ERR,ERR,ERR,ERR,ERR,ERR,ERR,ERR,ERR,ERR,ERR,ERR,ERR,ERR,ERR,ERR,ERR,ERR,ERR,ERR,ERR,ERR,ERR,ERR,ERR,ERR,ERR,ERR,ERR,ERR,ERR,50.0,60.0,100,0.0,0.0,0.0,0.0,0.0,0.0,0.0,0.0,0.0,0.0,0.0,0.0,0.0,0.0,0.0,0.0,61.6,78,11,65508,50,65476,0,300,0,0,8,20529,65476,0,0,26214,60.0,0.0,0.0,0.0,0.0,0.0
2026-05-17T16:47:02,ERR,ERR,ERR,ERR,ERR,ERR,ERR,ERR,ERR,ERR,ERR,ERR,ERR,ERR,ERR,ERR,ERR,ERR,ERR,ERR,ERR,ERR,ERR,ERR,ERR,ERR,ERR,ERR,ERR,ERR,ERR,ERR,ERR,ERR,ERR,ERR,ERR,ERR,ERR,ERR,ERR,ERR,ERR,ERR,ERR,ERR,ERR,ERR,ERR,ERR,ERR,ERR,ERR,ERR,ERR,ERR,ERR,ERR,ERR,ERR,ERR,ERR,ERR,ERR,ERR,ERR,ERR,ERR,ERR,ERR,ERR,ERR,ERR,ERR,ERR,ERR,ERR,ERR,ERR,ERR,ERR,ERR,ERR,ERR,ERR,ERR,ERR,ERR,ERR,ERR,ERR,ERR,ERR,ERR,ERR,ERR,ERR,ERR,ERR,ERR,ERR,ERR,ERR,ERR,ERR,ERR,ERR,ERR,ERR,ERR,ERR,ERR,ERR,ERR,ERR,ERR,ERR,ERR,ERR,ERR,ERR,ERR,ERR,ERR,ERR,0.0,0.0,-134474944.0,0.0,0.0,1.3936040501711995e+18,7.805,0.0,0,0,4,0,8422,0.0,45,0.0,0.0,0.0,0.0,0.0,0,0,0,0,0.0,0,0,0,0,0,0,0,0,0,0,0,0,0,0,0,0,0,0,0,0,0,0,0,0,0,0,0,0,0,0,0,0,0,38,14,7,45,65476,0,300,0,0,8,21553,0.0,-107605600.0,0.0,0.0,0.0,0.0,0.0,0.0,0.0,0.0,0.0,0.0,0.0,0.0,0.0,0.0,0.0,0.0,0.0,0.0,0.0,0.0,0.0,0.0,-2.004,2.004,0.0,0.0,0.0,0.0,4977.0,-2.4229876163019057e+24,0.0,0.0,0.0,0.0,-107615304.0,0.0,0.0,0.0,0.0,53,5.848083413016271e+35,4.066853280225235e+29,0.0,0.0,0.0,0.0,0.0,0.0,0.0,0,0,0,0.0,0.0,0.0,0.0,0.0,0.0,0.0,0.0,0.0,0.0,0.0,0.0,0.0,0.0,0.0,0.0,0,-107875648.0,53,0.0,106,-107614832.0,2.7006707062415038e+23,ERR,ERR,ERR,ERR,ERR,ERR,ERR,ERR,ERR,ERR,ERR,ERR,ERR,ERR,ERR,ERR,ERR,ERR,ERR,ERR,ERR,ERR,ERR,ERR,ERR,ERR,ERR,ERR,ERR,ERR,ERR,ERR,ERR,ERR,ERR,ERR,ERR,ERR,ERR,ERR,ERR,ERR,ERR,ERR,ERR,ERR,ERR,ERR,ERR,ERR,ERR,ERR,ERR,ERR,ERR,ERR,ERR,ERR,ERR,ERR,ERR,ERR,ERR,ERR,ERR,ERR,ERR,50.0,60.0,100,0.0,0.0,0.0,0.0,0.0,0.0,0.0,0.0,0.0,0.0,0.0,0.0,0.0,0.0,0.0,0.0,61.6,78,11,65508,50,65476,0,300,0,0,8,20529,65476,0,0,26214,60.0,0.0,0.0,0.0,0.0,0.0
2026-05-17T16:47:03,ERR,ERR,ERR,ERR,ERR,ERR,ERR,ERR,ERR,ERR,ERR,ERR,ERR,ERR,ERR,ERR,ERR,ERR,ERR,ERR,ERR,ERR,ERR,ERR,ERR,ERR,ERR,ERR,ERR,ERR,ERR,ERR,ERR,ERR,ERR,ERR,ERR,ERR,ERR,ERR,ERR,ERR,ERR,ERR,ERR,ERR,ERR,ERR,ERR,ERR,ERR,ERR,ERR,ERR,ERR,ERR,ERR,ERR,ERR,ERR,ERR,ERR,ERR,ERR,ERR,ERR,ERR,ERR,ERR,ERR,ERR,ERR,ERR,ERR,ERR,ERR,ERR,ERR,ERR,ERR,ERR,ERR,ERR,ERR,ERR,ERR,ERR,ERR,ERR,ERR,ERR,ERR,ERR,ERR,ERR,ERR,ERR,ERR,ERR,ERR,ERR,ERR,ERR,ERR,ERR,ERR,ERR,ERR,ERR,ERR,ERR,ERR,ERR,ERR,ERR,ERR,ERR,ERR,ERR,ERR,ERR,ERR,ERR,ERR,ERR,0.0,0.0,-134474944.0,0.0,0.0,1.3936040501711995e+18,7.805,0.0,0,0,4,0,8422,0.0,45,0.0,0.0,0.0,0.0,0.0,0,0,0,0,0.0,0,0,0,0,0,0,0,0,0,0,0,0,0,0,0,0,0,0,0,0,0,0,0,0,0,0,0,0,0,0,0,0,0,38,14,7,45,65476,0,300,0,0,8,21553,0.0,-107605600.0,0.0,0.0,0.0,0.0,0.0,0.0,0.0,0.0,0.0,0.0,0.0,0.0,0.0,0.0,0.0,0.0,0.0,0.0,0.0,0.0,0.0,0.0,-2.004,2.004,0.0,0.0,0.0,0.0,4977.0,-2.4229876163019057e+24,0.0,0.0,0.0,0.0,-107615304.0,0.0,0.0,0.0,0.0,53,5.848083413016271e+35,4.066853280225235e+29,0.0,0.0,0.0,0.0,0.0,0.0,0.0,0,0,0,0.0,0.0,0.0,0.0,0.0,0.0,0.0,0.0,0.0,0.0,0.0,0.0,0.0,0.0,0.0,0.0,0,-107875648.0,53,0.0,106,-107614832.0,2.7006707062415038e+23,ERR,ERR,ERR,ERR,ERR,ERR,ERR,ERR,ERR,ERR,ERR,ERR,ERR,ERR,ERR,ERR,ERR,ERR,ERR,ERR,ERR,ERR,ERR,ERR,ERR,ERR,ERR,ERR,ERR,ERR,ERR,ERR,ERR,ERR,ERR,ERR,ERR,ERR,ERR,ERR,ERR,ERR,ERR,ERR,ERR,ERR,ERR,ERR,ERR,ERR,ERR,ERR,ERR,ERR,ERR,ERR,ERR,ERR,ERR,ERR,ERR,ERR,ERR,ERR,ERR,ERR,ERR,50.0,60.0,100,0.0,0.0,0.0,0.0,0.0,0.0,0.0,0.0,0.0,0.0,0.0,0.0,0.0,0.0,0.0,0.0,62.0,78,11,65508,50,65476,0,300,0,0,8,20529,65476,0,0,26214,60.0,0.0,0.0,0.0,0.0,0.0
2026-05-17T16:47:04,ERR,ERR,ERR,ERR,ERR,ERR,ERR,ERR,ERR,ERR,ERR,ERR,ERR,ERR,ERR,ERR,ERR,ERR,ERR,ERR,ERR,ERR,ERR,ERR,ERR,ERR,ERR,ERR,ERR,ERR,ERR,ERR,ERR,ERR,ERR,ERR,ERR,ERR,ERR,ERR,ERR,ERR,ERR,ERR,ERR,ERR,ERR,ERR,ERR,ERR,ERR,ERR,ERR,ERR,ERR,ERR,ERR,ERR,ERR,ERR,ERR,ERR,ERR,ERR,ERR,ERR,ERR,ERR,ERR,ERR,ERR,ERR,ERR,ERR,ERR,ERR,ERR,ERR,ERR,ERR,ERR,ERR,ERR,ERR,ERR,ERR,ERR,ERR,ERR,ERR,ERR,ERR,ERR,ERR,ERR,ERR,ERR,ERR,ERR,ERR,ERR,ERR,ERR,ERR,ERR,ERR,ERR,ERR,ERR,ERR,ERR,ERR,ERR,ERR,ERR,ERR,ERR,ERR,ERR,ERR,ERR,ERR,ERR,ERR,ERR,0.0,0.0,-134474944.0,0.0,0.0,1.3936040501711995e+18,7.805,0.0,0,0,4,0,8422,0.0,45,0.0,0.0,0.0,0.0,0.0,0,0,0,0,0.0,0,0,0,0,0,0,0,0,0,0,0,0,0,0,0,0,0,0,0,0,0,0,0,0,0,0,0,0,0,0,0,0,0,38,14,7,45,65476,0,300,0,0,8,21553,0.0,-107605600.0,0.0,0.0,0.0,0.0,0.0,0.0,0.0,0.0,0.0,0.0,0.0,0.0,0.0,0.0,0.0,0.0,0.0,0.0,0.0,0.0,0.0,0.0,-2.004,2.004,0.0,0.0,0.0,0.0,4977.0,-2.4229876163019057e+24,0.0,0.0,0.0,0.0,-107615304.0,0.0,0.0,0.0,0.0,53,5.848083413016271e+35,4.066853280225235e+29,0.0,0.0,0.0,0.0,0.0,0.0,0.0,0,0,0,0.0,0.0,0.0,0.0,0.0,0.0,0.0,0.0,0.0,0.0,0.0,0.0,0.0,0.0,0.0,0.0,0,-107875648.0,53,0.0,106,-107614832.0,2.7006707062415038e+23,ERR,ERR,ERR,ERR,ERR,ERR,ERR,ERR,ERR,ERR,ERR,ERR,ERR,ERR,ERR,ERR,ERR,ERR,ERR,ERR,ERR,ERR,ERR,ERR,ERR,ERR,ERR,ERR,ERR,ERR,ERR,ERR,ERR,ERR,ERR,ERR,ERR,ERR,ERR,ERR,ERR,ERR,ERR,ERR,ERR,ERR,ERR,ERR,ERR,ERR,ERR,ERR,ERR,ERR,ERR,ERR,ERR,ERR,ERR,ERR,ERR,ERR,ERR,ERR,ERR,ERR,ERR,50.0,60.0,100,0.0,0.0,0.0,0.0,0.0,0.0,0.0,0.0,0.0,0.0,0.0,0.0,0.0,0.0,0.0,0.0,62.0,78,11,65508,50,65476,0,300,0,0,8,20529,65476,0,0,26214,60.0,0.0,0.0,0.0,0.0,0.0
2026-05-17T16:47:05,ERR,ERR,ERR,ERR,ERR,ERR,ERR,ERR,ERR,ERR,ERR,ERR,ERR,ERR,ERR,ERR,ERR,ERR,ERR,ERR,ERR,ERR,ERR,ERR,ERR,ERR,ERR,ERR,ERR,ERR,ERR,ERR,ERR,ERR,ERR,ERR,ERR,ERR,ERR,ERR,ERR,ERR,ERR,ERR,ERR,ERR,ERR,ERR,ERR,ERR,ERR,ERR,ERR,ERR,ERR,ERR,ERR,ERR,ERR,ERR,ERR,ERR,ERR,ERR,ERR,ERR,ERR,ERR,ERR,ERR,ERR,ERR,ERR,ERR,ERR,ERR,ERR,ERR,ERR,ERR,ERR,ERR,ERR,ERR,ERR,ERR,ERR,ERR,ERR,ERR,ERR,ERR,ERR,ERR,ERR,ERR,ERR,ERR,ERR,ERR,ERR,ERR,ERR,ERR,ERR,ERR,ERR,ERR,ERR,ERR,ERR,ERR,ERR,ERR,ERR,ERR,ERR,ERR,ERR,ERR,ERR,ERR,ERR,ERR,ERR,0.0,0.0,-134474944.0,0.0,0.0,1.3936040501711995e+18,7.805,0.0,0,0,4,0,8422,0.0,45,0.0,0.0,0.0,0.0,0.0,0,0,0,0,0.0,0,0,0,0,0,0,0,0,0,0,0,0,0,0,0,0,0,0,0,0,0,0,0,0,0,0,0,0,0,0,0,0,0,38,14,7,45,65476,0,300,0,0,8,21553,0.0,-107605600.0,0.0,0.0,0.0,0.0,0.0,0.0,0.0,0.0,0.0,0.0,0.0,0.0,0.0,0.0,0.0,0.0,0.0,0.0,0.0,0.0,0.0,0.0,-2.004,2.004,0.0,0.0,0.0,0.0,4982.0,-1.0406652570629681e+34,0.0,0.0,0.0,0.0,-107615304.0,0.0,0.0,0.0,0.0,53,-0.0,-0.0,0.0,0.0,0.0,0.0,0.0,0.0,0.0,0,0,0,0.0,0.0,0.0,0.0,0.0,0.0,0.0,0.0,0.0,0.0,0.0,0.0,0.0,0.0,0.0,0.0,0,-107875648.0,53,0.0,106,-107614832.0,2.7006707062415038e+23,ERR,ERR,ERR,ERR,ERR,ERR,ERR,ERR,ERR,ERR,ERR,ERR,ERR,ERR,ERR,ERR,ERR,ERR,ERR,ERR,ERR,ERR,ERR,ERR,ERR,ERR,ERR,ERR,ERR,ERR,ERR,ERR,ERR,ERR,ERR,ERR,ERR,ERR,ERR,ERR,ERR,ERR,ERR,ERR,ERR,ERR,ERR,ERR,ERR,ERR,ERR,ERR,ERR,ERR,ERR,ERR,ERR,ERR,ERR,ERR,ERR,ERR,ERR,ERR,ERR,ERR,ERR,50.0,60.0,100,0.0,0.0,0.0,0.0,0.0,0.0,0.0,0.0,0.0,0.0,0.0,0.0,0.0,0.0,0.0,0.0,62.0,78,11,65508,50,65476,0,300,0,0,8,20529,65476,0,0,26214,60.0,0.0,0.0,0.0,0.0,0.0
2026-05-17T16:47:06,ERR,ERR,ERR,ERR,ERR,ERR,ERR,ERR,ERR,ERR,ERR,ERR,ERR,ERR,ERR,ERR,ERR,ERR,ERR,ERR,ERR,ERR,ERR,ERR,ERR,ERR,ERR,ERR,ERR,ERR,ERR,ERR,ERR,ERR,ERR,ERR,ERR,ERR,ERR,ERR,ERR,ERR,ERR,ERR,ERR,ERR,ERR,ERR,ERR,ERR,ERR,ERR,ERR,ERR,ERR,ERR,ERR,ERR,ERR,ERR,ERR,ERR,ERR,ERR,ERR,ERR,ERR,ERR,ERR,ERR,ERR,ERR,ERR,ERR,ERR,ERR,ERR,ERR,ERR,ERR,ERR,ERR,ERR,ERR,ERR,ERR,ERR,ERR,ERR,ERR,ERR,ERR,ERR,ERR,ERR,ERR,ERR,ERR,ERR,ERR,ERR,ERR,ERR,ERR,ERR,ERR,ERR,ERR,ERR,ERR,ERR,ERR,ERR,ERR,ERR,ERR,ERR,ERR,ERR,ERR,ERR,ERR,ERR,ERR,ERR,0.0,0.0,-134474944.0,0.0,0.0,1.3936040501711995e+18,7.805,0.0,0,0,4,0,8422,0.0,45,0.0,0.0,0.0,0.0,0.0,0,0,0,0,0.0,0,0,0,0,0,0,0,0,0,0,0,0,0,0,0,0,0,0,0,0,0,0,0,0,0,0,0,0,0,0,0,0,0,38,14,7,45,65476,0,300,0,0,8,21553,0.0,-107605600.0,0.0,0.0,0.0,0.0,0.0,0.0,0.0,0.0,0.0,0.0,0.0,0.0,0.0,0.0,0.0,0.0,0.0,0.0,0.0,0.0,0.0,0.0,-2.004,2.004,0.0,0.0,0.0,0.0,4982.0,-1.0406652570629681e+34,0.0,0.0,0.0,0.0,-107615304.0,0.0,0.0,0.0,0.0,53,-0.0,-0.0,0.0,0.0,0.0,0.0,0.0,0.0,0.0,0,0,0,0.0,0.0,0.0,0.0,0.0,0.0,0.0,0.0,0.0,0.0,0.0,0.0,0.0,0.0,0.0,0.0,0,-107875648.0,53,0.0,106,-107614832.0,2.7006707062415038e+23,ERR,ERR,ERR,ERR,ERR,ERR,ERR,ERR,ERR,ERR,ERR,ERR,ERR,ERR,ERR,ERR,ERR,ERR,ERR,ERR,ERR,ERR,ERR,ERR,ERR,ERR,ERR,ERR,ERR,ERR,ERR,ERR,ERR,ERR,ERR,ERR,ERR,ERR,ERR,ERR,ERR,ERR,ERR,ERR,ERR,ERR,ERR,ERR,ERR,ERR,ERR,ERR,ERR,ERR,ERR,ERR,ERR,ERR,ERR,ERR,ERR,ERR,ERR,ERR,ERR,ERR,ERR,50.0,60.0,100,0.0,0.0,0.0,0.0,0.0,0.0,0.0,0.0,0.0,0.0,0.0,0.0,0.0,0.0,0.0,0.0,62.0,78,11,65508,50,65476,0,300,0,0,8,20529,65476,0,0,26214,60.0,0.0,0.0,0.0,0.0,0.0
2026-05-17T16:47:07,ERR,ERR,ERR,ERR,ERR,ERR,ERR,ERR,ERR,ERR,ERR,ERR,ERR,ERR,ERR,ERR,ERR,ERR,ERR,ERR,ERR,ERR,ERR,ERR,ERR,ERR,ERR,ERR,ERR,ERR,ERR,ERR,ERR,ERR,ERR,ERR,ERR,ERR,ERR,ERR,ERR,ERR,ERR,ERR,ERR,ERR,ERR,ERR,ERR,ERR,ERR,ERR,ERR,ERR,ERR,ERR,ERR,ERR,ERR,ERR,ERR,ERR,ERR,ERR,ERR,ERR,ERR,ERR,ERR,ERR,ERR,ERR,ERR,ERR,ERR,ERR,ERR,ERR,ERR,ERR,ERR,ERR,ERR,ERR,ERR,ERR,ERR,ERR,ERR,ERR,ERR,ERR,ERR,ERR,ERR,ERR,ERR,ERR,ERR,ERR,ERR,ERR,ERR,ERR,ERR,ERR,ERR,ERR,ERR,ERR,ERR,ERR,ERR,ERR,ERR,ERR,ERR,ERR,ERR,ERR,ERR,ERR,ERR,ERR,ERR,0.0,0.0,-134474944.0,0.0,0.0,1.3936040501711995e+18,7.805,0.0,0,0,4,0,8422,0.0,45,0.0,0.0,0.0,0.0,0.0,0,0,0,0,0.0,0,0,0,0,0,0,0,0,0,0,0,0,0,0,0,0,0,0,0,0,0,0,0,0,0,0,0,0,0,0,0,0,0,38,14,7,45,65476,0,300,0,0,8,21553,0.0,-107605600.0,0.0,0.0,0.0,0.0,0.0,0.0,0.0,0.0,0.0,0.0,0.0,0.0,0.0,0.0,0.0,0.0,0.0,0.0,0.0,0.0,0.0,0.0,-2.004,2.004,0.0,0.0,0.0,0.0,4982.0,-1.0406652570629681e+34,0.0,0.0,0.0,0.0,-107615304.0,0.0,0.0,0.0,0.0,53,-0.0,-0.0,0.0,0.0,0.0,0.0,0.0,0.0,0.0,0,0,0,0.0,0.0,0.0,0.0,0.0,0.0,0.0,0.0,0.0,0.0,0.0,0.0,0.0,0.0,0.0,0.0,0,-107875648.0,53,0.0,106,-107614832.0,2.7006707062415038e+23,ERR,ERR,ERR,ERR,ERR,ERR,ERR,ERR,ERR,ERR,ERR,ERR,ERR,ERR,ERR,ERR,ERR,ERR,ERR,ERR,ERR,ERR,ERR,ERR,ERR,ERR,ERR,ERR,ERR,ERR,ERR,ERR,ERR,ERR,ERR,ERR,ERR,ERR,ERR,ERR,ERR,ERR,ERR,ERR,ERR,ERR,ERR,ERR,ERR,ERR,ERR,ERR,ERR,ERR,ERR,ERR,ERR,ERR,ERR,ERR,ERR,ERR,ERR,ERR,ERR,ERR,ERR,50.0,60.0,100,0.0,0.0,0.0,0.0,0.0,0.0,0.0,0.0,0.0,0.0,0.0,0.0,0.0,0.0,0.0,0.0,61.6,78,11,65508,50,65476,0,300,0,0,8,20529,65476,0,0,26214,60.0,0.0,0.0,0.0,0.0,0.0
2026-05-17T16:47:08,ERR,ERR,ERR,ERR,ERR,ERR,ERR,ERR,ERR,ERR,ERR,ERR,ERR,ERR,ERR,ERR,ERR,ERR,ERR,ERR,ERR,ERR,ERR,ERR,ERR,ERR,ERR,ERR,ERR,ERR,ERR,ERR,ERR,ERR,ERR,ERR,ERR,ERR,ERR,ERR,ERR,ERR,ERR,ERR,ERR,ERR,ERR,ERR,ERR,ERR,ERR,ERR,ERR,ERR,ERR,ERR,ERR,ERR,ERR,ERR,ERR,ERR,ERR,ERR,ERR,ERR,ERR,ERR,ERR,ERR,ERR,ERR,ERR,ERR,ERR,ERR,ERR,ERR,ERR,ERR,ERR,ERR,ERR,ERR,ERR,ERR,ERR,ERR,ERR,ERR,ERR,ERR,ERR,ERR,ERR,ERR,ERR,ERR,ERR,ERR,ERR,ERR,ERR,ERR,ERR,ERR,ERR,ERR,ERR,ERR,ERR,ERR,ERR,ERR,ERR,ERR,ERR,ERR,ERR,ERR,ERR,ERR,ERR,ERR,ERR,0.0,0.0,-134474944.0,0.0,0.0,1.3936040501711995e+18,7.805,0.0,0,0,4,0,8422,0.0,45,0.0,0.0,0.0,0.0,0.0,0,0,0,0,0.0,0,0,0,0,0,0,0,0,0,0,0,0,0,0,0,0,0,0,0,0,0,0,0,0,0,0,0,0,0,0,0,0,0,38,14,7,45,65476,0,300,0,0,8,21553,0.0,-107605600.0,0.0,0.0,0.0,0.0,0.0,0.0,0.0,0.0,0.0,0.0,0.0,0.0,0.0,0.0,0.0,0.0,0.0,0.0,0.0,0.0,0.0,0.0,-2.004,2.004,0.0,0.0,0.0,0.0,4982.0,-1.0406652570629681e+34,0.0,0.0,0.0,0.0,-107615304.0,0.0,0.0,0.0,0.0,53,-0.0,-0.0,0.0,0.0,0.0,0.0,0.0,0.0,0.0,0,0,0,0.0,0.0,0.0,0.0,0.0,0.0,0.0,0.0,0.0,0.0,0.0,0.0,0.0,0.0,0.0,0.0,0,-107875648.0,53,0.0,106,-107614832.0,2.7006707062415038e+23,ERR,ERR,ERR,ERR,ERR,ERR,ERR,ERR,ERR,ERR,ERR,ERR,ERR,ERR,ERR,ERR,ERR,ERR,ERR,ERR,ERR,ERR,ERR,ERR,ERR,ERR,ERR,ERR,ERR,ERR,ERR,ERR,ERR,ERR,ERR,ERR,ERR,ERR,ERR,ERR,ERR,ERR,ERR,ERR,ERR,ERR,ERR,ERR,ERR,ERR,ERR,ERR,ERR,ERR,ERR,ERR,ERR,ERR,ERR,ERR,ERR,ERR,ERR,ERR,ERR,ERR,ERR,50.0,60.0,100,0.0,0.0,0.0,0.0,0.0,0.0,0.0,0.0,0.0,0.0,0.0,0.0,0.0,0.0,0.0,0.0,61.6,78,11,65508,50,65476,0,300,0,0,8,20529,65476,0,0,26214,60.0,0.0,0.0,0.0,0.0,0.0
2026-05-17T16:47:09,ERR,ERR,ERR,ERR,ERR,ERR,ERR,ERR,ERR,ERR,ERR,ERR,ERR,ERR,ERR,ERR,ERR,ERR,ERR,ERR,ERR,ERR,ERR,ERR,ERR,ERR,ERR,ERR,ERR,ERR,ERR,ERR,ERR,ERR,ERR,ERR,ERR,ERR,ERR,ERR,ERR,ERR,ERR,ERR,ERR,ERR,ERR,ERR,ERR,ERR,ERR,ERR,ERR,ERR,ERR,ERR,ERR,ERR,ERR,ERR,ERR,ERR,ERR,ERR,ERR,ERR,ERR,ERR,ERR,ERR,ERR,ERR,ERR,ERR,ERR,ERR,ERR,ERR,ERR,ERR,ERR,ERR,ERR,ERR,ERR,ERR,ERR,ERR,ERR,ERR,ERR,ERR,ERR,ERR,ERR,ERR,ERR,ERR,ERR,ERR,ERR,ERR,ERR,ERR,ERR,ERR,ERR,ERR,ERR,ERR,ERR,ERR,ERR,ERR,ERR,ERR,ERR,ERR,ERR,ERR,ERR,ERR,ERR,ERR,ERR,0.0,0.0,-134474944.0,0.0,0.0,1.3936040501711995e+18,7.805,0.0,0,0,4,0,8422,0.0,45,0.0,0.0,0.0,0.0,0.0,0,0,0,0,0.0,0,0,0,0,0,0,0,0,0,0,0,0,0,0,0,0,0,0,0,0,0,0,0,0,0,0,0,0,0,0,0,0,0,38,14,7,45,65476,0,300,0,0,8,21553,0.0,-107605600.0,0.0,0.0,0.0,0.0,0.0,0.0,0.0,0.0,0.0,0.0,0.0,0.0,0.0,0.0,0.0,0.0,0.0,0.0,0.0,0.0,0.0,0.0,-2.004,2.004,0.0,0.0,0.0,0.0,4982.0,-1.0406652570629681e+34,0.0,0.0,0.0,0.0,-107615304.0,0.0,0.0,0.0,0.0,53,-0.0,-0.0,0.0,0.0,0.0,0.0,0.0,0.0,0.0,0,0,0,0.0,0.0,0.0,0.0,0.0,0.0,0.0,0.0,0.0,0.0,0.0,0.0,0.0,0.0,0.0,0.0,0,-107875648.0,53,0.0,106,-107614832.0,2.7006707062415038e+23,ERR,ERR,ERR,ERR,ERR,ERR,ERR,ERR,ERR,ERR,ERR,ERR,ERR,ERR,ERR,ERR,ERR,ERR,ERR,ERR,ERR,ERR,ERR,ERR,ERR,ERR,ERR,ERR,ERR,ERR,ERR,ERR,ERR,ERR,ERR,ERR,ERR,ERR,ERR,ERR,ERR,ERR,ERR,ERR,ERR,ERR,ERR,ERR,ERR,ERR,ERR,ERR,ERR,ERR,ERR,ERR,ERR,ERR,ERR,ERR,ERR,ERR,ERR,ERR,ERR,ERR,ERR,50.0,60.0,100,0.0,0.0,0.0,0.0,0.0,0.0,0.0,0.0,0.0,0.0,0.0,0.0,0.0,0.0,0.0,0.0,61.6,78,11,65508,50,65476,0,300,0,0,8,20529,65476,0,0,26214,60.0,0.0,0.0,0.0,0.0,0.0
2026-05-17T16:47:10,ERR,ERR,ERR,ERR,ERR,ERR,ERR,ERR,ERR,ERR,ERR,ERR,ERR,ERR,ERR,ERR,ERR,ERR,ERR,ERR,ERR,ERR,ERR,ERR,ERR,ERR,ERR,ERR,ERR,ERR,ERR,ERR,ERR,ERR,ERR,ERR,ERR,ERR,ERR,ERR,ERR,ERR,ERR,ERR,ERR,ERR,ERR,ERR,ERR,ERR,ERR,ERR,ERR,ERR,ERR,ERR,ERR,ERR,ERR,ERR,ERR,ERR,ERR,ERR,ERR,ERR,ERR,ERR,ERR,ERR,ERR,ERR,ERR,ERR,ERR,ERR,ERR,ERR,ERR,ERR,ERR,ERR,ERR,ERR,ERR,ERR,ERR,ERR,ERR,ERR,ERR,ERR,ERR,ERR,ERR,ERR,ERR,ERR,ERR,ERR,ERR,ERR,ERR,ERR,ERR,ERR,ERR,ERR,ERR,ERR,ERR,ERR,ERR,ERR,ERR,ERR,ERR,ERR,ERR,ERR,ERR,ERR,ERR,ERR,ERR,0.0,0.0,-134474944.0,0.0,0.0,1.3936040501711995e+18,7.805,0.0,0,0,4,0,8422,0.0,45,0.0,0.0,0.0,0.0,0.0,0,0,0,0,0.0,0,0,0,0,0,0,0,0,0,0,0,0,0,0,0,0,0,0,0,0,0,0,0,0,0,0,0,0,0,0,0,0,0,38,14,7,45,65476,0,300,0,0,8,21553,0.0,-107605600.0,0.0,0.0,0.0,0.0,0.0,0.0,0.0,0.0,0.0,0.0,0.0,0.0,0.0,0.0,0.0,0.0,0.0,0.0,0.0,0.0,0.0,0.0,-2.004,2.004,0.0,0.0,0.0,0.0,4985.0,-2.4229876163019057e+24,0.0,0.0,0.0,0.0,-107615304.0,0.0,0.0,0.0,0.0,53,-0.0,-0.0,0.0,0.0,0.0,0.0,0.0,0.0,0.0,0,0,0,0.0,0.0,0.0,0.0,0.0,0.0,0.0,0.0,0.0,0.0,0.0,0.0,0.0,0.0,0.0,0.0,0,-107875648.0,53,0.0,106,-107614832.0,2.7006707062415038e+23,ERR,ERR,ERR,ERR,ERR,ERR,ERR,ERR,ERR,ERR,ERR,ERR,ERR,ERR,ERR,ERR,ERR,ERR,ERR,ERR,ERR,ERR,ERR,ERR,ERR,ERR,ERR,ERR,ERR,ERR,ERR,ERR,ERR,ERR,ERR,ERR,ERR,ERR,ERR,ERR,ERR,ERR,ERR,ERR,ERR,ERR,ERR,ERR,ERR,ERR,ERR,ERR,ERR,ERR,ERR,ERR,ERR,ERR,ERR,ERR,ERR,ERR,ERR,ERR,ERR,ERR,ERR,50.0,60.0,100,0.0,0.0,0.0,0.0,0.0,0.0,0.0,0.0,0.0,0.0,0.0,0.0,0.0,0.0,0.0,0.0,62.0,78,11,65508,50,65476,0,300,0,0,8,20529,65476,0,0,26214,60.0,0.0,0.0,0.0,0.0,0.0
2026-05-17T16:47:11,ERR,ERR,ERR,ERR,ERR,ERR,ERR,ERR,ERR,ERR,ERR,ERR,ERR,ERR,ERR,ERR,ERR,ERR,ERR,ERR,ERR,ERR,ERR,ERR,ERR,ERR,ERR,ERR,ERR,ERR,ERR,ERR,ERR,ERR,ERR,ERR,ERR,ERR,ERR,ERR,ERR,ERR,ERR,ERR,ERR,ERR,ERR,ERR,ERR,ERR,ERR,ERR,ERR,ERR,ERR,ERR,ERR,ERR,ERR,ERR,ERR,ERR,ERR,ERR,ERR,ERR,ERR,ERR,ERR,ERR,ERR,ERR,ERR,ERR,ERR,ERR,ERR,ERR,ERR,ERR,ERR,ERR,ERR,ERR,ERR,ERR,ERR,ERR,ERR,ERR,ERR,ERR,ERR,ERR,ERR,ERR,ERR,ERR,ERR,ERR,ERR,ERR,ERR,ERR,ERR,ERR,ERR,ERR,ERR,ERR,ERR,ERR,ERR,ERR,ERR,ERR,ERR,ERR,ERR,ERR,ERR,ERR,ERR,ERR,ERR,0.0,0.0,-134474944.0,0.0,0.0,1.3936040501711995e+18,7.805,0.0,0,0,4,0,8422,0.0,45,0.0,0.0,0.0,0.0,0.0,0,0,0,0,0.0,0,0,0,0,0,0,0,0,0,0,0,0,0,0,0,0,0,0,0,0,0,0,0,0,0,0,0,0,0,0,0,0,0,38,14,7,45,65476,0,300,0,0,8,21553,0.0,-107605600.0,0.0,0.0,0.0,0.0,0.0,0.0,0.0,0.0,0.0,0.0,0.0,0.0,0.0,0.0,0.0,0.0,0.0,0.0,0.0,0.0,0.0,0.0,-2.004,2.004,0.0,0.0,0.0,0.0,4985.0,-2.4229876163019057e+24,0.0,0.0,0.0,0.0,-107615304.0,0.0,0.0,0.0,0.0,53,-0.0,-0.0,0.0,0.0,0.0,0.0,0.0,0.0,0.0,0,0,0,0.0,0.0,0.0,0.0,0.0,0.0,0.0,0.0,0.0,0.0,0.0,0.0,0.0,0.0,0.0,0.0,0,-107875648.0,53,0.0,106,-107614832.0,2.7006707062415038e+23,ERR,ERR,ERR,ERR,ERR,ERR,ERR,ERR,ERR,ERR,ERR,ERR,ERR,ERR,ERR,ERR,ERR,ERR,ERR,ERR,ERR,ERR,ERR,ERR,ERR,ERR,ERR,ERR,ERR,ERR,ERR,ERR,ERR,ERR,ERR,ERR,ERR,ERR,ERR,ERR,ERR,ERR,ERR,ERR,ERR,ERR,ERR,ERR,ERR,ERR,ERR,ERR,ERR,ERR,ERR,ERR,ERR,ERR,ERR,ERR,ERR,ERR,ERR,ERR,ERR,ERR,ERR,50.0,60.0,100,0.0,0.0,0.0,0.0,0.0,0.0,0.0,0.0,0.0,0.0,0.0,0.0,0.0,0.0,0.0,0.0,62.0,78,11,65508,50,65476,0,300,0,0,8,20529,65476,0,0,26214,60.0,0.0,0.0,0.0,0.0,0.0
2026-05-17T16:47:12,ERR,ERR,ERR,ERR,ERR,ERR,ERR,ERR,ERR,ERR,ERR,ERR,ERR,ERR,ERR,ERR,ERR,ERR,ERR,ERR,ERR,ERR,ERR,ERR,ERR,ERR,ERR,ERR,ERR,ERR,ERR,ERR,ERR,ERR,ERR,ERR,ERR,ERR,ERR,ERR,ERR,ERR,ERR,ERR,ERR,ERR,ERR,ERR,ERR,ERR,ERR,ERR,ERR,ERR,ERR,ERR,ERR,ERR,ERR,ERR,ERR,ERR,ERR,ERR,ERR,ERR,ERR,ERR,ERR,ERR,ERR,ERR,ERR,ERR,ERR,ERR,ERR,ERR,ERR,ERR,ERR,ERR,ERR,ERR,ERR,ERR,ERR,ERR,ERR,ERR,ERR,ERR,ERR,ERR,ERR,ERR,ERR,ERR,ERR,ERR,ERR,ERR,ERR,ERR,ERR,ERR,ERR,ERR,ERR,ERR,ERR,ERR,ERR,ERR,ERR,ERR,ERR,ERR,ERR,ERR,ERR,ERR,ERR,ERR,ERR,0.0,0.0,-134474944.0,0.0,0.0,1.3936040501711995e+18,7.805,0.0,0,0,4,0,8422,0.0,45,0.0,0.0,0.0,0.0,0.0,0,0,0,0,0.0,0,0,0,0,0,0,0,0,0,0,0,0,0,0,0,0,0,0,0,0,0,0,0,0,0,0,0,0,0,0,0,0,0,38,14,7,45,65476,0,300,0,0,8,21553,0.0,-107605600.0,0.0,0.0,0.0,0.0,0.0,0.0,0.0,0.0,0.0,0.0,0.0,0.0,0.0,0.0,0.0,0.0,0.0,0.0,0.0,0.0,0.0,0.0,-2.004,2.004,0.0,0.0,0.0,0.0,4985.0,-2.4229876163019057e+24,0.0,0.0,0.0,0.0,-107615304.0,0.0,0.0,0.0,0.0,53,-0.0,-0.0,0.0,0.0,0.0,0.0,0.0,0.0,0.0,0,0,0,0.0,0.0,0.0,0.0,0.0,0.0,0.0,0.0,0.0,0.0,0.0,0.0,0.0,0.0,0.0,0.0,0,-107875648.0,53,0.0,106,-107614832.0,2.7006707062415038e+23,ERR,ERR,ERR,ERR,ERR,ERR,ERR,ERR,ERR,ERR,ERR,ERR,ERR,ERR,ERR,ERR,ERR,ERR,ERR,ERR,ERR,ERR,ERR,ERR,ERR,ERR,ERR,ERR,ERR,ERR,ERR,ERR,ERR,ERR,ERR,ERR,ERR,ERR,ERR,ERR,ERR,ERR,ERR,ERR,ERR,ERR,ERR,ERR,ERR,ERR,ERR,ERR,ERR,ERR,ERR,ERR,ERR,ERR,ERR,ERR,ERR,ERR,ERR,ERR,ERR,ERR,ERR,50.0,60.0,100,0.0,0.0,0.0,0.0,0.0,0.0,0.0,0.0,0.0,0.0,0.0,0.0,0.0,0.0,0.0,0.0,61.6,78,11,65508,50,65476,0,300,0,0,8,20529,65476,0,0,26214,60.0,0.0,0.0,0.0,0.0,0.0
2026-05-17T16:47:13,ERR,ERR,ERR,ERR,ERR,ERR,ERR,ERR,ERR,ERR,ERR,ERR,ERR,ERR,ERR,ERR,ERR,ERR,ERR,ERR,ERR,ERR,ERR,ERR,ERR,ERR,ERR,ERR,ERR,ERR,ERR,ERR,ERR,ERR,ERR,ERR,ERR,ERR,ERR,ERR,ERR,ERR,ERR,ERR,ERR,ERR,ERR,ERR,ERR,ERR,ERR,ERR,ERR,ERR,ERR,ERR,ERR,ERR,ERR,ERR,ERR,ERR,ERR,ERR,ERR,ERR,ERR,ERR,ERR,ERR,ERR,ERR,ERR,ERR,ERR,ERR,ERR,ERR,ERR,ERR,ERR,ERR,ERR,ERR,ERR,ERR,ERR,ERR,ERR,ERR,ERR,ERR,ERR,ERR,ERR,ERR,ERR,ERR,ERR,ERR,ERR,ERR,ERR,ERR,ERR,ERR,ERR,ERR,ERR,ERR,ERR,ERR,ERR,ERR,ERR,ERR,ERR,ERR,ERR,ERR,ERR,ERR,ERR,ERR,ERR,0.0,0.0,-134474944.0,0.0,0.0,1.3936040501711995e+18,7.805,0.0,0,0,4,0,8422,0.0,45,0.0,0.0,0.0,0.0,0.0,0,0,0,0,0.0,0,0,0,0,0,0,0,0,0,0,0,0,0,0,0,0,0,0,0,0,0,0,0,0,0,0,0,0,0,0,0,0,0,38,14,7,45,65476,0,300,0,0,8,21553,0.0,-107605600.0,0.0,0.0,0.0,0.0,0.0,0.0,0.0,0.0,0.0,0.0,0.0,0.0,0.0,0.0,0.0,0.0,0.0,0.0,0.0,0.0,0.0,0.0,-2.004,2.004,0.0,0.0,0.0,0.0,4985.0,-2.4229876163019057e+24,0.0,0.0,0.0,0.0,-107615304.0,0.0,0.0,0.0,0.0,53,-0.0,-0.0,0.0,0.0,0.0,0.0,0.0,0.0,0.0,0,0,0,0.0,0.0,0.0,0.0,0.0,0.0,0.0,0.0,0.0,0.0,0.0,0.0,0.0,0.0,0.0,0.0,0,-107875648.0,53,0.0,106,-107614832.0,2.7006707062415038e+23,ERR,ERR,ERR,ERR,ERR,ERR,ERR,ERR,ERR,ERR,ERR,ERR,ERR,ERR,ERR,ERR,ERR,ERR,ERR,ERR,ERR,ERR,ERR,ERR,ERR,ERR,ERR,ERR,ERR,ERR,ERR,ERR,ERR,ERR,ERR,ERR,ERR,ERR,ERR,ERR,ERR,ERR,ERR,ERR,ERR,ERR,ERR,ERR,ERR,ERR,ERR,ERR,ERR,ERR,ERR,ERR,ERR,ERR,ERR,ERR,ERR,ERR,ERR,ERR,ERR,ERR,ERR,50.0,60.0,100,0.0,0.0,0.0,0.0,0.0,0.0,0.0,0.0,0.0,0.0,0.0,0.0,0.0,0.0,0.0,0.0,61.6,78,11,65508,50,65476,0,300,0,0,8,20529,65476,0,0,26214,60.0,0.0,0.0,0.0,0.0,0.0
2026-05-17T16:47:14,ERR,ERR,ERR,ERR,ERR,ERR,ERR,ERR,ERR,ERR,ERR,ERR,ERR,ERR,ERR,ERR,ERR,ERR,ERR,ERR,ERR,ERR,ERR,ERR,ERR,ERR,ERR,ERR,ERR,ERR,ERR,ERR,ERR,ERR,ERR,ERR,ERR,ERR,ERR,ERR,ERR,ERR,ERR,ERR,ERR,ERR,ERR,ERR,ERR,ERR,ERR,ERR,ERR,ERR,ERR,ERR,ERR,ERR,ERR,ERR,ERR,ERR,ERR,ERR,ERR,ERR,ERR,ERR,ERR,ERR,ERR,ERR,ERR,ERR,ERR,ERR,ERR,ERR,ERR,ERR,ERR,ERR,ERR,ERR,ERR,ERR,ERR,ERR,ERR,ERR,ERR,ERR,ERR,ERR,ERR,ERR,ERR,ERR,ERR,ERR,ERR,ERR,ERR,ERR,ERR,ERR,ERR,ERR,ERR,ERR,ERR,ERR,ERR,ERR,ERR,ERR,ERR,ERR,ERR,ERR,ERR,ERR,ERR,ERR,ERR,0.0,0.0,-134474944.0,0.0,0.0,1.3936040501711995e+18,7.805,0.0,0,0,4,0,8422,0.0,45,0.0,0.0,0.0,0.0,0.0,0,0,0,0,0.0,0,0,0,0,0,0,0,0,0,0,0,0,0,0,0,0,0,0,0,0,0,0,0,0,0,0,0,0,0,0,0,0,0,38,14,7,45,65476,0,300,0,0,8,21553,0.0,-107605600.0,0.0,0.0,0.0,0.0,0.0,0.0,0.0,0.0,0.0,0.0,0.0,0.0,0.0,0.0,0.0,0.0,0.0,0.0,0.0,0.0,0.0,0.0,-2.004,2.004,0.0,0.0,0.0,0.0,4985.0,-2.4229876163019057e+24,0.0,0.0,0.0,0.0,-107615304.0,0.0,0.0,0.0,0.0,53,-0.0,-0.0,0.0,0.0,0.0,0.0,0.0,0.0,0.0,0,0,0,0.0,0.0,0.0,0.0,0.0,0.0,0.0,0.0,0.0,0.0,0.0,0.0,0.0,0.0,0.0,0.0,0,-107875648.0,53,0.0,106,-107614832.0,2.7006707062415038e+23,ERR,ERR,ERR,ERR,ERR,ERR,ERR,ERR,ERR,ERR,ERR,ERR,ERR,ERR,ERR,ERR,ERR,ERR,ERR,ERR,ERR,ERR,ERR,ERR,ERR,ERR,ERR,ERR,ERR,ERR,ERR,ERR,ERR,ERR,ERR,ERR,ERR,ERR,ERR,ERR,ERR,ERR,ERR,ERR,ERR,ERR,ERR,ERR,ERR,ERR,ERR,ERR,ERR,ERR,ERR,ERR,ERR,ERR,ERR,ERR,ERR,ERR,ERR,ERR,ERR,ERR,ERR,50.0,60.0,100,0.0,0.0,0.0,0.0,0.0,0.0,0.0,0.0,0.0,0.0,0.0,0.0,0.0,0.0,0.0,0.0,62.0,78,11,65508,50,65476,0,300,0,0,8,20529,65476,0,0,26214,60.0,0.0,0.0,0.0,0.0,0.0
2026-05-17T16:47:15,ERR,ERR,ERR,ERR,ERR,ERR,ERR,ERR,ERR,ERR,ERR,ERR,ERR,ERR,ERR,ERR,ERR,ERR,ERR,ERR,ERR,ERR,ERR,ERR,ERR,ERR,ERR,ERR,ERR,ERR,ERR,ERR,ERR,ERR,ERR,ERR,ERR,ERR,ERR,ERR,ERR,ERR,ERR,ERR,ERR,ERR,ERR,ERR,ERR,ERR,ERR,ERR,ERR,ERR,ERR,ERR,ERR,ERR,ERR,ERR,ERR,ERR,ERR,ERR,ERR,ERR,ERR,ERR,ERR,ERR,ERR,ERR,ERR,ERR,ERR,ERR,ERR,ERR,ERR,ERR,ERR,ERR,ERR,ERR,ERR,ERR,ERR,ERR,ERR,ERR,ERR,ERR,ERR,ERR,ERR,ERR,ERR,ERR,ERR,ERR,ERR,ERR,ERR,ERR,ERR,ERR,ERR,ERR,ERR,ERR,ERR,ERR,ERR,ERR,ERR,ERR,ERR,ERR,ERR,ERR,ERR,ERR,ERR,ERR,ERR,0.0,0.0,-134474944.0,0.0,0.0,1.3936040501711995e+18,7.805,0.0,0,0,4,0,8422,0.0,45,0.0,0.0,0.0,0.0,0.0,0,0,0,0,0.0,0,0,0,0,0,0,0,0,0,0,0,0,0,0,0,0,0,0,0,0,0,0,0,0,0,0,0,0,0,0,0,0,0,38,14,7,45,65476,0,300,0,0,8,21553,0.0,-107605600.0,0.0,0.0,0.0,0.0,0.0,0.0,0.0,0.0,0.0,0.0,0.0,0.0,0.0,0.0,0.0,0.0,0.0,0.0,0.0,0.0,0.0,0.0,-2.004,2.004,0.0,0.0,0.0,0.0,4982.0,-2.4229876163019057e+24,0.0,0.0,0.0,0.0,-107615304.0,0.0,0.0,0.0,0.0,53,4.950428597886765e+32,-0.0,0.0,0.0,0.0,0.0,0.0,0.0,0.0,0,0,0,0.0,0.0,0.0,0.0,0.0,0.0,0.0,0.0,0.0,0.0,0.0,0.0,0.0,0.0,0.0,0.0,0,-107875648.0,53,0.0,106,-107614832.0,2.7006707062415038e+23,ERR,ERR,ERR,ERR,ERR,ERR,ERR,ERR,ERR,ERR,ERR,ERR,ERR,ERR,ERR,ERR,ERR,ERR,ERR,ERR,ERR,ERR,ERR,ERR,ERR,ERR,ERR,ERR,ERR,ERR,ERR,ERR,ERR,ERR,ERR,ERR,ERR,ERR,ERR,ERR,ERR,ERR,ERR,ERR,ERR,ERR,ERR,ERR,ERR,ERR,ERR,ERR,ERR,ERR,ERR,ERR,ERR,ERR,ERR,ERR,ERR,ERR,ERR,ERR,ERR,ERR,ERR,50.0,60.0,100,0.0,0.0,0.0,0.0,0.0,0.0,0.0,0.0,0.0,0.0,0.0,0.0,0.0,0.0,0.0,0.0,62.0,78,11,65508,50,65476,0,300,0,0,8,20529,65476,0,0,26214,60.0,0.0,0.0,0.0,0.0,0.0
2026-05-17T16:47:16,ERR,ERR,ERR,ERR,ERR,ERR,ERR,ERR,ERR,ERR,ERR,ERR,ERR,ERR,ERR,ERR,ERR,ERR,ERR,ERR,ERR,ERR,ERR,ERR,ERR,ERR,ERR,ERR,ERR,ERR,ERR,ERR,ERR,ERR,ERR,ERR,ERR,ERR,ERR,ERR,ERR,ERR,ERR,ERR,ERR,ERR,ERR,ERR,ERR,ERR,ERR,ERR,ERR,ERR,ERR,ERR,ERR,ERR,ERR,ERR,ERR,ERR,ERR,ERR,ERR,ERR,ERR,ERR,ERR,ERR,ERR,ERR,ERR,ERR,ERR,ERR,ERR,ERR,ERR,ERR,ERR,ERR,ERR,ERR,ERR,ERR,ERR,ERR,ERR,ERR,ERR,ERR,ERR,ERR,ERR,ERR,ERR,ERR,ERR,ERR,ERR,ERR,ERR,ERR,ERR,ERR,ERR,ERR,ERR,ERR,ERR,ERR,ERR,ERR,ERR,ERR,ERR,ERR,ERR,ERR,ERR,ERR,ERR,ERR,ERR,0.0,0.0,-134474944.0,0.0,0.0,1.3936040501711995e+18,7.805,0.0,0,0,4,0,8422,0.0,45,0.0,0.0,0.0,0.0,0.0,0,0,0,0,0.0,0,0,0,0,0,0,0,0,0,0,0,0,0,0,0,0,0,0,0,0,0,0,0,0,0,0,0,0,0,0,0,0,0,38,14,7,45,65476,0,300,0,0,8,21553,0.0,-107605600.0,0.0,0.0,0.0,0.0,0.0,0.0,0.0,0.0,0.0,0.0,0.0,0.0,0.0,0.0,0.0,0.0,0.0,0.0,0.0,0.0,0.0,0.0,-2.004,2.004,0.0,0.0,0.0,0.0,4982.0,-2.4229876163019057e+24,0.0,0.0,0.0,0.0,-107615304.0,0.0,0.0,0.0,0.0,53,4.950428597886765e+32,-0.0,0.0,0.0,0.0,0.0,0.0,0.0,0.0,0,0,0,0.0,0.0,0.0,0.0,0.0,0.0,0.0,0.0,0.0,0.0,0.0,0.0,0.0,0.0,0.0,0.0,0,-107875648.0,53,0.0,106,-107614832.0,2.7006707062415038e+23,ERR,ERR,ERR,ERR,ERR,ERR,ERR,ERR,ERR,ERR,ERR,ERR,ERR,ERR,ERR,ERR,ERR,ERR,ERR,ERR,ERR,ERR,ERR,ERR,ERR,ERR,ERR,ERR,ERR,ERR,ERR,ERR,ERR,ERR,ERR,ERR,ERR,ERR,ERR,ERR,ERR,ERR,ERR,ERR,ERR,ERR,ERR,ERR,ERR,ERR,ERR,ERR,ERR,ERR,ERR,ERR,ERR,ERR,ERR,ERR,ERR,ERR,ERR,ERR,ERR,ERR,ERR,50.0,60.0,100,0.0,0.0,0.0,0.0,0.0,0.0,0.0,0.0,0.0,0.0,0.0,0.0,0.0,0.0,0.0,0.0,62.0,78,11,65508,50,65476,0,300,0,0,8,20529,65476,0,0,26214,60.0,0.0,0.0,0.0,0.0,0.0
2026-05-17T16:47:17,ERR,ERR,ERR,ERR,ERR,ERR,ERR,ERR,ERR,ERR,ERR,ERR,ERR,ERR,ERR,ERR,ERR,ERR,ERR,ERR,ERR,ERR,ERR,ERR,ERR,ERR,ERR,ERR,ERR,ERR,ERR,ERR,ERR,ERR,ERR,ERR,ERR,ERR,ERR,ERR,ERR,ERR,ERR,ERR,ERR,ERR,ERR,ERR,ERR,ERR,ERR,ERR,ERR,ERR,ERR,ERR,ERR,ERR,ERR,ERR,ERR,ERR,ERR,ERR,ERR,ERR,ERR,ERR,ERR,ERR,ERR,ERR,ERR,ERR,ERR,ERR,ERR,ERR,ERR,ERR,ERR,ERR,ERR,ERR,ERR,ERR,ERR,ERR,ERR,ERR,ERR,ERR,ERR,ERR,ERR,ERR,ERR,ERR,ERR,ERR,ERR,ERR,ERR,ERR,ERR,ERR,ERR,ERR,ERR,ERR,ERR,ERR,ERR,ERR,ERR,ERR,ERR,ERR,ERR,ERR,ERR,ERR,ERR,ERR,ERR,0.0,0.0,-134474944.0,0.0,0.0,1.3936040501711995e+18,7.805,0.0,0,0,4,0,8422,0.0,45,0.0,0.0,0.0,0.0,0.0,0,0,0,0,0.0,0,0,0,0,0,0,0,0,0,0,0,0,0,0,0,0,0,0,0,0,0,0,0,0,0,0,0,0,0,0,0,0,0,38,14,7,45,65476,0,300,0,0,8,21553,0.0,-107605600.0,0.0,0.0,0.0,0.0,0.0,0.0,0.0,0.0,0.0,0.0,0.0,0.0,0.0,0.0,0.0,0.0,0.0,0.0,0.0,0.0,0.0,0.0,-2.004,2.004,0.0,0.0,0.0,0.0,4982.0,-2.4229876163019057e+24,0.0,0.0,0.0,0.0,-107615304.0,0.0,0.0,0.0,0.0,53,4.950428597886765e+32,-0.0,0.0,0.0,0.0,0.0,0.0,0.0,0.0,0,0,0,0.0,0.0,0.0,0.0,0.0,0.0,0.0,0.0,0.0,0.0,0.0,0.0,0.0,0.0,0.0,0.0,0,-107875648.0,53,0.0,106,-107614832.0,2.7006707062415038e+23,ERR,ERR,ERR,ERR,ERR,ERR,ERR,ERR,ERR,ERR,ERR,ERR,ERR,ERR,ERR,ERR,ERR,ERR,ERR,ERR,ERR,ERR,ERR,ERR,ERR,ERR,ERR,ERR,ERR,ERR,ERR,ERR,ERR,ERR,ERR,ERR,ERR,ERR,ERR,ERR,ERR,ERR,ERR,ERR,ERR,ERR,ERR,ERR,ERR,ERR,ERR,ERR,ERR,ERR,ERR,ERR,ERR,ERR,ERR,ERR,ERR,ERR,ERR,ERR,ERR,ERR,ERR,50.0,60.0,100,0.0,0.0,0.0,0.0,0.0,0.0,0.0,0.0,0.0,0.0,0.0,0.0,0.0,0.0,0.0,0.0,61.6,78,11,65508,50,65476,0,300,0,0,8,20529,65476,0,0,26214,60.0,0.0,0.0,0.0,0.0,0.0
2026-05-17T16:47:18,ERR,ERR,ERR,ERR,ERR,ERR,ERR,ERR,ERR,ERR,ERR,ERR,ERR,ERR,ERR,ERR,ERR,ERR,ERR,ERR,ERR,ERR,ERR,ERR,ERR,ERR,ERR,ERR,ERR,ERR,ERR,ERR,ERR,ERR,ERR,ERR,ERR,ERR,ERR,ERR,ERR,ERR,ERR,ERR,ERR,ERR,ERR,ERR,ERR,ERR,ERR,ERR,ERR,ERR,ERR,ERR,ERR,ERR,ERR,ERR,ERR,ERR,ERR,ERR,ERR,ERR,ERR,ERR,ERR,ERR,ERR,ERR,ERR,ERR,ERR,ERR,ERR,ERR,ERR,ERR,ERR,ERR,ERR,ERR,ERR,ERR,ERR,ERR,ERR,ERR,ERR,ERR,ERR,ERR,ERR,ERR,ERR,ERR,ERR,ERR,ERR,ERR,ERR,ERR,ERR,ERR,ERR,ERR,ERR,ERR,ERR,ERR,ERR,ERR,ERR,ERR,ERR,ERR,ERR,ERR,ERR,ERR,ERR,ERR,ERR,0.0,0.0,-134474944.0,0.0,0.0,1.3936040501711995e+18,7.805,0.0,0,0,4,0,8422,0.0,45,0.0,0.0,0.0,0.0,0.0,0,0,0,0,0.0,0,0,0,0,0,0,0,0,0,0,0,0,0,0,0,0,0,0,0,0,0,0,0,0,0,0,0,0,0,0,0,0,0,38,14,7,45,65476,0,300,0,0,8,21553,0.0,-107605600.0,0.0,0.0,0.0,0.0,0.0,0.0,0.0,0.0,0.0,0.0,0.0,0.0,0.0,0.0,0.0,0.0,0.0,0.0,0.0,0.0,0.0,0.0,-2.004,2.004,0.0,0.0,0.0,0.0,4982.0,-2.4229876163019057e+24,0.0,0.0,0.0,0.0,-107615304.0,0.0,0.0,0.0,0.0,53,4.950428597886765e+32,-0.0,0.0,0.0,0.0,0.0,0.0,0.0,0.0,0,0,0,0.0,0.0,0.0,0.0,0.0,0.0,0.0,0.0,0.0,0.0,0.0,0.0,0.0,0.0,0.0,0.0,0,-107875648.0,53,0.0,106,-107614832.0,2.7006707062415038e+23,ERR,ERR,ERR,ERR,ERR,ERR,ERR,ERR,ERR,ERR,ERR,ERR,ERR,ERR,ERR,ERR,ERR,ERR,ERR,ERR,ERR,ERR,ERR,ERR,ERR,ERR,ERR,ERR,ERR,ERR,ERR,ERR,ERR,ERR,ERR,ERR,ERR,ERR,ERR,ERR,ERR,ERR,ERR,ERR,ERR,ERR,ERR,ERR,ERR,ERR,ERR,ERR,ERR,ERR,ERR,ERR,ERR,ERR,ERR,ERR,ERR,ERR,ERR,ERR,ERR,ERR,ERR,50.0,60.0,100,0.0,0.0,0.0,0.0,0.0,0.0,0.0,0.0,0.0,0.0,0.0,0.0,0.0,0.0,0.0,0.0,61.6,78,11,65508,50,65476,0,300,0,0,8,20529,65476,0,0,26214,60.0,0.0,0.0,0.0,0.0,0.0
2026-05-17T16:47:19,ERR,ERR,ERR,ERR,ERR,ERR,ERR,ERR,ERR,ERR,ERR,ERR,ERR,ERR,ERR,ERR,ERR,ERR,ERR,ERR,ERR,ERR,ERR,ERR,ERR,ERR,ERR,ERR,ERR,ERR,ERR,ERR,ERR,ERR,ERR,ERR,ERR,ERR,ERR,ERR,ERR,ERR,ERR,ERR,ERR,ERR,ERR,ERR,ERR,ERR,ERR,ERR,ERR,ERR,ERR,ERR,ERR,ERR,ERR,ERR,ERR,ERR,ERR,ERR,ERR,ERR,ERR,ERR,ERR,ERR,ERR,ERR,ERR,ERR,ERR,ERR,ERR,ERR,ERR,ERR,ERR,ERR,ERR,ERR,ERR,ERR,ERR,ERR,ERR,ERR,ERR,ERR,ERR,ERR,ERR,ERR,ERR,ERR,ERR,ERR,ERR,ERR,ERR,ERR,ERR,ERR,ERR,ERR,ERR,ERR,ERR,ERR,ERR,ERR,ERR,ERR,ERR,ERR,ERR,ERR,ERR,ERR,ERR,ERR,ERR,0.0,0.0,-134474944.0,0.0,0.0,1.3936040501711995e+18,7.805,0.0,0,0,4,0,8422,0.0,45,0.0,0.0,0.0,0.0,0.0,0,0,0,0,0.0,0,0,0,0,0,0,0,0,0,0,0,0,0,0,0,0,0,0,0,0,0,0,0,0,0,0,0,0,0,0,0,0,0,38,14,7,45,65476,0,300,0,0,8,21553,0.0,-107605600.0,0.0,0.0,0.0,0.0,0.0,0.0,0.0,0.0,0.0,0.0,0.0,0.0,0.0,0.0,0.0,0.0,0.0,0.0,0.0,0.0,0.0,0.0,-2.004,2.004,0.0,0.0,0.0,0.0,4982.0,-2.4229876163019057e+24,0.0,0.0,0.0,0.0,-107615304.0,0.0,0.0,0.0,0.0,53,4.950428597886765e+32,-0.0,0.0,0.0,0.0,0.0,0.0,0.0,0.0,0,0,0,0.0,0.0,0.0,0.0,0.0,0.0,0.0,0.0,0.0,0.0,0.0,0.0,0.0,0.0,0.0,0.0,0,-107875648.0,53,0.0,106,-107614832.0,2.7006707062415038e+23,ERR,ERR,ERR,ERR,ERR,ERR,ERR,ERR,ERR,ERR,ERR,ERR,ERR,ERR,ERR,ERR,ERR,ERR,ERR,ERR,ERR,ERR,ERR,ERR,ERR,ERR,ERR,ERR,ERR,ERR,ERR,ERR,ERR,ERR,ERR,ERR,ERR,ERR,ERR,ERR,ERR,ERR,ERR,ERR,ERR,ERR,ERR,ERR,ERR,ERR,ERR,ERR,ERR,ERR,ERR,ERR,ERR,ERR,ERR,ERR,ERR,ERR,ERR,ERR,ERR,ERR,ERR,50.0,60.0,100,0.0,0.0,0.0,0.0,0.0,0.0,0.0,0.0,0.0,0.0,0.0,0.0,0.0,0.0,0.0,0.0,61.6,78,11,65508,50,65476,0,300,0,0,8,20529,65476,0,0,26214,60.0,0.0,0.0,0.0,0.0,0.0
2026-05-17T16:47:20,ERR,ERR,ERR,ERR,ERR,ERR,ERR,ERR,ERR,ERR,ERR,ERR,ERR,ERR,ERR,ERR,ERR,ERR,ERR,ERR,ERR,ERR,ERR,ERR,ERR,ERR,ERR,ERR,ERR,ERR,ERR,ERR,ERR,ERR,ERR,ERR,ERR,ERR,ERR,ERR,ERR,ERR,ERR,ERR,ERR,ERR,ERR,ERR,ERR,ERR,ERR,ERR,ERR,ERR,ERR,ERR,ERR,ERR,ERR,ERR,ERR,ERR,ERR,ERR,ERR,ERR,ERR,ERR,ERR,ERR,ERR,ERR,ERR,ERR,ERR,ERR,ERR,ERR,ERR,ERR,ERR,ERR,ERR,ERR,ERR,ERR,ERR,ERR,ERR,ERR,ERR,ERR,ERR,ERR,ERR,ERR,ERR,ERR,ERR,ERR,ERR,ERR,ERR,ERR,ERR,ERR,ERR,ERR,ERR,ERR,ERR,ERR,ERR,ERR,ERR,ERR,ERR,ERR,ERR,ERR,ERR,ERR,ERR,ERR,ERR,0.0,0.0,-134474944.0,0.0,0.0,1.3936040501711995e+18,7.805,0.0,0,0,4,0,8422,0.0,45,0.0,0.0,0.0,0.0,0.0,0,0,0,0,0.0,0,0,0,0,0,0,0,0,0,0,0,0,0,0,0,0,0,0,0,0,0,0,0,0,0,0,0,0,0,0,0,0,0,38,14,7,45,65476,0,300,0,0,8,21553,0.0,-107605600.0,0.0,0.0,0.0,0.0,0.0,0.0,0.0,0.0,0.0,0.0,0.0,0.0,0.0,0.0,0.0,0.0,0.0,0.0,0.0,0.0,0.0,0.0,-2.004,2.004,0.0,0.0,0.0,0.0,4976.0,-2.4229876163019057e+24,0.0,0.0,0.0,0.0,-107615304.0,0.0,0.0,0.0,0.0,53,2.3088403658719416e+20,-0.0,0.0,0.0,0.0,0.0,0.0,0.0,0.0,0,0,0,0.0,0.0,0.0,0.0,0.0,0.0,0.0,0.0,0.0,0.0,0.0,0.0,0.0,0.0,0.0,0.0,0,-107875648.0,53,0.0,106,-107614832.0,2.7006707062415038e+23,ERR,ERR,ERR,ERR,ERR,ERR,ERR,ERR,ERR,ERR,ERR,ERR,ERR,ERR,ERR,ERR,ERR,ERR,ERR,ERR,ERR,ERR,ERR,ERR,ERR,ERR,ERR,ERR,ERR,ERR,ERR,ERR,ERR,ERR,ERR,ERR,ERR,ERR,ERR,ERR,ERR,ERR,ERR,ERR,ERR,ERR,ERR,ERR,ERR,ERR,ERR,ERR,ERR,ERR,ERR,ERR,ERR,ERR,ERR,ERR,ERR,ERR,ERR,ERR,ERR,ERR,ERR,50.0,60.0,100,0.0,0.0,0.0,0.0,0.0,0.0,0.0,0.0,0.0,0.0,0.0,0.0,0.0,0.0,0.0,0.0,61.6,78,11,65508,50,65476,0,300,0,0,8,20529,65476,0,0,26214,60.0,0.0,0.0,0.0,0.0,0.0
2026-05-17T16:47:21,ERR,ERR,ERR,ERR,ERR,ERR,ERR,ERR,ERR,ERR,ERR,ERR,ERR,ERR,ERR,ERR,ERR,ERR,ERR,ERR,ERR,ERR,ERR,ERR,ERR,ERR,ERR,ERR,ERR,ERR,ERR,ERR,ERR,ERR,ERR,ERR,ERR,ERR,ERR,ERR,ERR,ERR,ERR,ERR,ERR,ERR,ERR,ERR,ERR,ERR,ERR,ERR,ERR,ERR,ERR,ERR,ERR,ERR,ERR,ERR,ERR,ERR,ERR,ERR,ERR,ERR,ERR,ERR,ERR,ERR,ERR,ERR,ERR,ERR,ERR,ERR,ERR,ERR,ERR,ERR,ERR,ERR,ERR,ERR,ERR,ERR,ERR,ERR,ERR,ERR,ERR,ERR,ERR,ERR,ERR,ERR,ERR,ERR,ERR,ERR,ERR,ERR,ERR,ERR,ERR,ERR,ERR,ERR,ERR,ERR,ERR,ERR,ERR,ERR,ERR,ERR,ERR,ERR,ERR,ERR,ERR,ERR,ERR,ERR,ERR,0.0,0.0,-134474944.0,0.0,0.0,1.3936040501711995e+18,7.805,0.0,0,0,4,0,8422,0.0,45,0.0,0.0,0.0,0.0,0.0,0,0,0,0,0.0,0,0,0,0,0,0,0,0,0,0,0,0,0,0,0,0,0,0,0,0,0,0,0,0,0,0,0,0,0,0,0,0,0,38,14,7,45,65476,0,300,0,0,8,21553,0.0,-107605600.0,0.0,0.0,0.0,0.0,0.0,0.0,0.0,0.0,0.0,0.0,0.0,0.0,0.0,0.0,0.0,0.0,0.0,0.0,0.0,0.0,0.0,0.0,-2.004,2.004,0.0,0.0,0.0,0.0,4976.0,-2.4229876163019057e+24,0.0,0.0,0.0,0.0,-107615304.0,0.0,0.0,0.0,0.0,53,2.3088403658719416e+20,-0.0,0.0,0.0,0.0,0.0,0.0,0.0,0.0,0,0,0,0.0,0.0,0.0,0.0,0.0,0.0,0.0,0.0,0.0,0.0,0.0,0.0,0.0,0.0,0.0,0.0,0,-107875648.0,53,0.0,106,-107614832.0,2.7006707062415038e+23,ERR,ERR,ERR,ERR,ERR,ERR,ERR,ERR,ERR,ERR,ERR,ERR,ERR,ERR,ERR,ERR,ERR,ERR,ERR,ERR,ERR,ERR,ERR,ERR,ERR,ERR,ERR,ERR,ERR,ERR,ERR,ERR,ERR,ERR,ERR,ERR,ERR,ERR,ERR,ERR,ERR,ERR,ERR,ERR,ERR,ERR,ERR,ERR,ERR,ERR,ERR,ERR,ERR,ERR,ERR,ERR,ERR,ERR,ERR,ERR,ERR,ERR,ERR,ERR,ERR,ERR,ERR,50.0,60.0,100,0.0,0.0,0.0,0.0,0.0,0.0,0.0,0.0,0.0,0.0,0.0,0.0,0.0,0.0,0.0,0.0,61.6,78,11,65508,50,65476,0,300,0,0,8,20529,65476,0,0,26214,60.0,0.0,0.0,0.0,0.0,0.0
2026-05-17T16:47:22,ERR,ERR,ERR,ERR,ERR,ERR,ERR,ERR,ERR,ERR,ERR,ERR,ERR,ERR,ERR,ERR,ERR,ERR,ERR,ERR,ERR,ERR,ERR,ERR,ERR,ERR,ERR,ERR,ERR,ERR,ERR,ERR,ERR,ERR,ERR,ERR,ERR,ERR,ERR,ERR,ERR,ERR,ERR,ERR,ERR,ERR,ERR,ERR,ERR,ERR,ERR,ERR,ERR,ERR,ERR,ERR,ERR,ERR,ERR,ERR,ERR,ERR,ERR,ERR,ERR,ERR,ERR,ERR,ERR,ERR,ERR,ERR,ERR,ERR,ERR,ERR,ERR,ERR,ERR,ERR,ERR,ERR,ERR,ERR,ERR,ERR,ERR,ERR,ERR,ERR,ERR,ERR,ERR,ERR,ERR,ERR,ERR,ERR,ERR,ERR,ERR,ERR,ERR,ERR,ERR,ERR,ERR,ERR,ERR,ERR,ERR,ERR,ERR,ERR,ERR,ERR,ERR,ERR,ERR,ERR,ERR,ERR,ERR,ERR,ERR,0.0,0.0,-134474944.0,0.0,0.0,1.3936040501711995e+18,7.805,0.0,0,0,4,0,8422,0.0,45,0.0,0.0,0.0,0.0,0.0,0,0,0,0,0.0,0,0,0,0,0,0,0,0,0,0,0,0,0,0,0,0,0,0,0,0,0,0,0,0,0,0,0,0,0,0,0,0,0,38,14,7,45,65476,0,300,0,0,8,21553,0.0,-107605600.0,0.0,0.0,0.0,0.0,0.0,0.0,0.0,0.0,0.0,0.0,0.0,0.0,0.0,0.0,0.0,0.0,0.0,0.0,0.0,0.0,0.0,0.0,-2.004,2.004,0.0,0.0,0.0,0.0,4976.0,-2.4229876163019057e+24,0.0,0.0,0.0,0.0,-107615304.0,0.0,0.0,0.0,0.0,53,2.3088403658719416e+20,-0.0,0.0,0.0,0.0,0.0,0.0,0.0,0.0,0,0,0,0.0,0.0,0.0,0.0,0.0,0.0,0.0,0.0,0.0,0.0,0.0,0.0,0.0,0.0,0.0,0.0,0,-107875648.0,53,0.0,106,-107614832.0,2.7006707062415038e+23,ERR,ERR,ERR,ERR,ERR,ERR,ERR,ERR,ERR,ERR,ERR,ERR,ERR,ERR,ERR,ERR,ERR,ERR,ERR,ERR,ERR,ERR,ERR,ERR,ERR,ERR,ERR,ERR,ERR,ERR,ERR,ERR,ERR,ERR,ERR,ERR,ERR,ERR,ERR,ERR,ERR,ERR,ERR,ERR,ERR,ERR,ERR,ERR,ERR,ERR,ERR,ERR,ERR,ERR,ERR,ERR,ERR,ERR,ERR,ERR,ERR,ERR,ERR,ERR,ERR,ERR,ERR,50.0,60.0,100,0.0,0.0,0.0,0.0,0.0,0.0,0.0,0.0,0.0,0.0,0.0,0.0,0.0,0.0,0.0,0.0,61.6,78,11,65508,50,65476,0,300,0,0,8,20529,65476,0,0,26214,60.0,0.0,0.0,0.0,0.0,0.0
2026-05-17T16:47:23,ERR,ERR,ERR,ERR,ERR,ERR,ERR,ERR,ERR,ERR,ERR,ERR,ERR,ERR,ERR,ERR,ERR,ERR,ERR,ERR,ERR,ERR,ERR,ERR,ERR,ERR,ERR,ERR,ERR,ERR,ERR,ERR,ERR,ERR,ERR,ERR,ERR,ERR,ERR,ERR,ERR,ERR,ERR,ERR,ERR,ERR,ERR,ERR,ERR,ERR,ERR,ERR,ERR,ERR,ERR,ERR,ERR,ERR,ERR,ERR,ERR,ERR,ERR,ERR,ERR,ERR,ERR,ERR,ERR,ERR,ERR,ERR,ERR,ERR,ERR,ERR,ERR,ERR,ERR,ERR,ERR,ERR,ERR,ERR,ERR,ERR,ERR,ERR,ERR,ERR,ERR,ERR,ERR,ERR,ERR,ERR,ERR,ERR,ERR,ERR,ERR,ERR,ERR,ERR,ERR,ERR,ERR,ERR,ERR,ERR,ERR,ERR,ERR,ERR,ERR,ERR,ERR,ERR,ERR,ERR,ERR,ERR,ERR,ERR,ERR,0.0,0.0,-134474944.0,0.0,0.0,1.3936040501711995e+18,7.805,0.0,0,0,4,0,8422,0.0,45,0.0,0.0,0.0,0.0,0.0,0,0,0,0,0.0,0,0,0,0,0,0,0,0,0,0,0,0,0,0,0,0,0,0,0,0,0,0,0,0,0,0,0,0,0,0,0,0,0,38,14,7,45,65476,0,300,0,0,8,21553,0.0,-107605600.0,0.0,0.0,0.0,0.0,0.0,0.0,0.0,0.0,0.0,0.0,0.0,0.0,0.0,0.0,0.0,0.0,0.0,0.0,0.0,0.0,0.0,0.0,-2.004,2.004,0.0,0.0,0.0,0.0,4976.0,-2.4229876163019057e+24,0.0,0.0,0.0,0.0,-107615304.0,0.0,0.0,0.0,0.0,53,2.3088403658719416e+20,-0.0,0.0,0.0,0.0,0.0,0.0,0.0,0.0,0,0,0,0.0,0.0,0.0,0.0,0.0,0.0,0.0,0.0,0.0,0.0,0.0,0.0,0.0,0.0,0.0,0.0,0,-107875648.0,53,0.0,106,-107614832.0,2.7006707062415038e+23,ERR,ERR,ERR,ERR,ERR,ERR,ERR,ERR,ERR,ERR,ERR,ERR,ERR,ERR,ERR,ERR,ERR,ERR,ERR,ERR,ERR,ERR,ERR,ERR,ERR,ERR,ERR,ERR,ERR,ERR,ERR,ERR,ERR,ERR,ERR,ERR,ERR,ERR,ERR,ERR,ERR,ERR,ERR,ERR,ERR,ERR,ERR,ERR,ERR,ERR,ERR,ERR,ERR,ERR,ERR,ERR,ERR,ERR,ERR,ERR,ERR,ERR,ERR,ERR,ERR,ERR,ERR,50.0,60.0,100,0.0,0.0,0.0,0.0,0.0,0.0,0.0,0.0,0.0,0.0,0.0,0.0,0.0,0.0,0.0,0.0,61.6,78,11,65508,50,65476,0,300,0,0,8,20529,65476,0,0,26214,60.0,0.0,0.0,0.0,0.0,0.0
2026-05-17T16:47:24,ERR,ERR,ERR,ERR,ERR,ERR,ERR,ERR,ERR,ERR,ERR,ERR,ERR,ERR,ERR,ERR,ERR,ERR,ERR,ERR,ERR,ERR,ERR,ERR,ERR,ERR,ERR,ERR,ERR,ERR,ERR,ERR,ERR,ERR,ERR,ERR,ERR,ERR,ERR,ERR,ERR,ERR,ERR,ERR,ERR,ERR,ERR,ERR,ERR,ERR,ERR,ERR,ERR,ERR,ERR,ERR,ERR,ERR,ERR,ERR,ERR,ERR,ERR,ERR,ERR,ERR,ERR,ERR,ERR,ERR,ERR,ERR,ERR,ERR,ERR,ERR,ERR,ERR,ERR,ERR,ERR,ERR,ERR,ERR,ERR,ERR,ERR,ERR,ERR,ERR,ERR,ERR,ERR,ERR,ERR,ERR,ERR,ERR,ERR,ERR,ERR,ERR,ERR,ERR,ERR,ERR,ERR,ERR,ERR,ERR,ERR,ERR,ERR,ERR,ERR,ERR,ERR,ERR,ERR,ERR,ERR,ERR,ERR,ERR,ERR,0.0,0.0,-134474944.0,0.0,0.0,1.3936040501711995e+18,7.805,0.0,0,0,4,0,8422,0.0,45,0.0,0.0,0.0,0.0,0.0,0,0,0,0,0.0,0,0,0,0,0,0,0,0,0,0,0,0,0,0,0,0,0,0,0,0,0,0,0,0,0,0,0,0,0,0,0,0,0,38,14,7,45,65476,0,300,0,0,8,21553,0.0,-107605600.0,0.0,0.0,0.0,0.0,0.0,0.0,0.0,0.0,0.0,0.0,0.0,0.0,0.0,0.0,0.0,0.0,0.0,0.0,0.0,0.0,0.0,0.0,-2.004,2.004,0.0,0.0,0.0,0.0,4976.0,-2.4229876163019057e+24,0.0,0.0,0.0,0.0,-107615304.0,0.0,0.0,0.0,0.0,53,2.3088403658719416e+20,-0.0,0.0,0.0,0.0,0.0,0.0,0.0,0.0,0,0,0,0.0,0.0,0.0,0.0,0.0,0.0,0.0,0.0,0.0,0.0,0.0,0.0,0.0,0.0,0.0,0.0,0,-107875648.0,53,0.0,106,-107614832.0,2.7006707062415038e+23,ERR,ERR,ERR,ERR,ERR,ERR,ERR,ERR,ERR,ERR,ERR,ERR,ERR,ERR,ERR,ERR,ERR,ERR,ERR,ERR,ERR,ERR,ERR,ERR,ERR,ERR,ERR,ERR,ERR,ERR,ERR,ERR,ERR,ERR,ERR,ERR,ERR,ERR,ERR,ERR,ERR,ERR,ERR,ERR,ERR,ERR,ERR,ERR,ERR,ERR,ERR,ERR,ERR,ERR,ERR,ERR,ERR,ERR,ERR,ERR,ERR,ERR,ERR,ERR,ERR,ERR,ERR,50.0,60.0,100,0.0,0.0,0.0,0.0,0.0,0.0,0.0,0.0,0.0,0.0,0.0,0.0,0.0,0.0,0.0,0.0,61.6,78,11,65508,50,65476,0,300,0,0,8,20529,65476,0,0,26214,60.0,0.0,0.0,0.0,0.0,0.0
2026-05-17T16:47:25,ERR,ERR,ERR,ERR,ERR,ERR,ERR,ERR,ERR,ERR,ERR,ERR,ERR,ERR,ERR,ERR,ERR,ERR,ERR,ERR,ERR,ERR,ERR,ERR,ERR,ERR,ERR,ERR,ERR,ERR,ERR,ERR,ERR,ERR,ERR,ERR,ERR,ERR,ERR,ERR,ERR,ERR,ERR,ERR,ERR,ERR,ERR,ERR,ERR,ERR,ERR,ERR,ERR,ERR,ERR,ERR,ERR,ERR,ERR,ERR,ERR,ERR,ERR,ERR,ERR,ERR,ERR,ERR,ERR,ERR,ERR,ERR,ERR,ERR,ERR,ERR,ERR,ERR,ERR,ERR,ERR,ERR,ERR,ERR,ERR,ERR,ERR,ERR,ERR,ERR,ERR,ERR,ERR,ERR,ERR,ERR,ERR,ERR,ERR,ERR,ERR,ERR,ERR,ERR,ERR,ERR,ERR,ERR,ERR,ERR,ERR,ERR,ERR,ERR,ERR,ERR,ERR,ERR,ERR,ERR,ERR,ERR,ERR,ERR,ERR,0.0,0.0,-134474944.0,0.0,0.0,1.3936040501711995e+18,7.805,0.0,0,0,4,0,8422,0.0,45,0.0,0.0,0.0,0.0,0.0,0,0,0,0,0.0,0,0,0,0,0,0,0,0,0,0,0,0,0,0,0,0,0,0,0,0,0,0,0,0,0,0,0,0,0,0,0,0,0,38,14,7,45,65476,0,300,0,0,8,21553,0.0,-107605600.0,0.0,0.0,0.0,0.0,0.0,0.0,0.0,0.0,0.0,0.0,0.0,0.0,0.0,0.0,0.0,0.0,0.0,0.0,0.0,0.0,0.0,0.0,-2.004,2.004,0.0,0.0,0.0,0.0,4975.0,-0.0,0.0,0.0,0.0,0.0,-107615304.0,0.0,0.0,0.0,0.0,53,4.950428597886765e+32,126840528896.0,0.0,0.0,0.0,0.0,0.0,0.0,0.0,0,0,0,0.0,0.0,0.0,0.0,0.0,0.0,0.0,0.0,0.0,0.0,0.0,0.0,0.0,0.0,0.0,0.0,0,-107875648.0,53,0.0,106,-107614832.0,2.7006707062415038e+23,ERR,ERR,ERR,ERR,ERR,ERR,ERR,ERR,ERR,ERR,ERR,ERR,ERR,ERR,ERR,ERR,ERR,ERR,ERR,ERR,ERR,ERR,ERR,ERR,ERR,ERR,ERR,ERR,ERR,ERR,ERR,ERR,ERR,ERR,ERR,ERR,ERR,ERR,ERR,ERR,ERR,ERR,ERR,ERR,ERR,ERR,ERR,ERR,ERR,ERR,ERR,ERR,ERR,ERR,ERR,ERR,ERR,ERR,ERR,ERR,ERR,ERR,ERR,ERR,ERR,ERR,ERR,50.0,60.0,100,0.0,0.0,0.0,0.0,0.0,0.0,0.0,0.0,0.0,0.0,0.0,0.0,0.0,0.0,0.0,0.0,61.6,78,11,65508,50,65476,0,300,0,0,8,20529,65476,0,0,26214,60.0,0.0,0.0,0.0,0.0,0.0
2026-05-17T16:47:26,ERR,ERR,ERR,ERR,ERR,ERR,ERR,ERR,ERR,ERR,ERR,ERR,ERR,ERR,ERR,ERR,ERR,ERR,ERR,ERR,ERR,ERR,ERR,ERR,ERR,ERR,ERR,ERR,ERR,ERR,ERR,ERR,ERR,ERR,ERR,ERR,ERR,ERR,ERR,ERR,ERR,ERR,ERR,ERR,ERR,ERR,ERR,ERR,ERR,ERR,ERR,ERR,ERR,ERR,ERR,ERR,ERR,ERR,ERR,ERR,ERR,ERR,ERR,ERR,ERR,ERR,ERR,ERR,ERR,ERR,ERR,ERR,ERR,ERR,ERR,ERR,ERR,ERR,ERR,ERR,ERR,ERR,ERR,ERR,ERR,ERR,ERR,ERR,ERR,ERR,ERR,ERR,ERR,ERR,ERR,ERR,ERR,ERR,ERR,ERR,ERR,ERR,ERR,ERR,ERR,ERR,ERR,ERR,ERR,ERR,ERR,ERR,ERR,ERR,ERR,ERR,ERR,ERR,ERR,ERR,ERR,ERR,ERR,ERR,ERR,0.0,0.0,-134474944.0,0.0,0.0,1.3936040501711995e+18,7.805,0.0,0,0,4,0,8422,0.0,45,0.0,0.0,0.0,0.0,0.0,0,0,0,0,0.0,0,0,0,0,0,0,0,0,0,0,0,0,0,0,0,0,0,0,0,0,0,0,0,0,0,0,0,0,0,0,0,0,0,38,14,7,45,65476,0,300,0,0,8,21553,0.0,-107605600.0,0.0,0.0,0.0,0.0,0.0,0.0,0.0,0.0,0.0,0.0,0.0,0.0,0.0,0.0,0.0,0.0,0.0,0.0,0.0,0.0,0.0,0.0,-2.004,2.004,0.0,0.0,0.0,0.0,4975.0,-0.0,0.0,0.0,0.0,0.0,-107615304.0,0.0,0.0,0.0,0.0,53,4.950428597886765e+32,126840528896.0,0.0,0.0,0.0,0.0,0.0,0.0,0.0,0,0,0,0.0,0.0,0.0,0.0,0.0,0.0,0.0,0.0,0.0,0.0,0.0,0.0,0.0,0.0,0.0,0.0,0,-107875648.0,53,0.0,106,-107614832.0,2.7006707062415038e+23,ERR,ERR,ERR,ERR,ERR,ERR,ERR,ERR,ERR,ERR,ERR,ERR,ERR,ERR,ERR,ERR,ERR,ERR,ERR,ERR,ERR,ERR,ERR,ERR,ERR,ERR,ERR,ERR,ERR,ERR,ERR,ERR,ERR,ERR,ERR,ERR,ERR,ERR,ERR,ERR,ERR,ERR,ERR,ERR,ERR,ERR,ERR,ERR,ERR,ERR,ERR,ERR,ERR,ERR,ERR,ERR,ERR,ERR,ERR,ERR,ERR,ERR,ERR,ERR,ERR,ERR,ERR,50.0,60.0,100,0.0,0.0,0.0,0.0,0.0,0.0,0.0,0.0,0.0,0.0,0.0,0.0,0.0,0.0,0.0,0.0,62.0,78,11,65508,50,65476,0,300,0,0,8,20529,65476,0,0,26214,60.0,0.0,0.0,0.0,0.0,0.0
2026-05-17T16:47:27,ERR,ERR,ERR,ERR,ERR,ERR,ERR,ERR,ERR,ERR,ERR,ERR,ERR,ERR,ERR,ERR,ERR,ERR,ERR,ERR,ERR,ERR,ERR,ERR,ERR,ERR,ERR,ERR,ERR,ERR,ERR,ERR,ERR,ERR,ERR,ERR,ERR,ERR,ERR,ERR,ERR,ERR,ERR,ERR,ERR,ERR,ERR,ERR,ERR,ERR,ERR,ERR,ERR,ERR,ERR,ERR,ERR,ERR,ERR,ERR,ERR,ERR,ERR,ERR,ERR,ERR,ERR,ERR,ERR,ERR,ERR,ERR,ERR,ERR,ERR,ERR,ERR,ERR,ERR,ERR,ERR,ERR,ERR,ERR,ERR,ERR,ERR,ERR,ERR,ERR,ERR,ERR,ERR,ERR,ERR,ERR,ERR,ERR,ERR,ERR,ERR,ERR,ERR,ERR,ERR,ERR,ERR,ERR,ERR,ERR,ERR,ERR,ERR,ERR,ERR,ERR,ERR,ERR,ERR,ERR,ERR,ERR,ERR,ERR,ERR,0.0,0.0,-134474944.0,0.0,0.0,1.3936040501711995e+18,7.805,0.0,0,0,4,0,8422,0.0,45,0.0,0.0,0.0,0.0,0.0,0,0,0,0,0.0,0,0,0,0,0,0,0,0,0,0,0,0,0,0,0,0,0,0,0,0,0,0,0,0,0,0,0,0,0,0,0,0,0,38,14,7,45,65476,0,300,0,0,8,21553,0.0,-107605600.0,0.0,0.0,0.0,0.0,0.0,0.0,0.0,0.0,0.0,0.0,0.0,0.0,0.0,0.0,0.0,0.0,0.0,0.0,0.0,0.0,0.0,0.0,-2.004,2.004,0.0,0.0,0.0,0.0,4975.0,-0.0,0.0,0.0,0.0,0.0,-107615304.0,0.0,0.0,0.0,0.0,53,4.950428597886765e+32,126840528896.0,0.0,0.0,0.0,0.0,0.0,0.0,0.0,0,0,0,0.0,0.0,0.0,0.0,0.0,0.0,0.0,0.0,0.0,0.0,0.0,0.0,0.0,0.0,0.0,0.0,0,-107875648.0,53,0.0,106,-107614832.0,2.7006707062415038e+23,ERR,ERR,ERR,ERR,ERR,ERR,ERR,ERR,ERR,ERR,ERR,ERR,ERR,ERR,ERR,ERR,ERR,ERR,ERR,ERR,ERR,ERR,ERR,ERR,ERR,ERR,ERR,ERR,ERR,ERR,ERR,ERR,ERR,ERR,ERR,ERR,ERR,ERR,ERR,ERR,ERR,ERR,ERR,ERR,ERR,ERR,ERR,ERR,ERR,ERR,ERR,ERR,ERR,ERR,ERR,ERR,ERR,ERR,ERR,ERR,ERR,ERR,ERR,ERR,ERR,ERR,ERR,50.0,60.0,100,0.0,0.0,0.0,0.0,0.0,0.0,0.0,0.0,0.0,0.0,0.0,0.0,0.0,0.0,0.0,0.0,62.0,78,11,65508,50,65476,0,300,0,0,8,20529,65476,0,0,26214,60.0,0.0,0.0,0.0,0.0,0.0
2026-05-17T16:47:28,ERR,ERR,ERR,ERR,ERR,ERR,ERR,ERR,ERR,ERR,ERR,ERR,ERR,ERR,ERR,ERR,ERR,ERR,ERR,ERR,ERR,ERR,ERR,ERR,ERR,ERR,ERR,ERR,ERR,ERR,ERR,ERR,ERR,ERR,ERR,ERR,ERR,ERR,ERR,ERR,ERR,ERR,ERR,ERR,ERR,ERR,ERR,ERR,ERR,ERR,ERR,ERR,ERR,ERR,ERR,ERR,ERR,ERR,ERR,ERR,ERR,ERR,ERR,ERR,ERR,ERR,ERR,ERR,ERR,ERR,ERR,ERR,ERR,ERR,ERR,ERR,ERR,ERR,ERR,ERR,ERR,ERR,ERR,ERR,ERR,ERR,ERR,ERR,ERR,ERR,ERR,ERR,ERR,ERR,ERR,ERR,ERR,ERR,ERR,ERR,ERR,ERR,ERR,ERR,ERR,ERR,ERR,ERR,ERR,ERR,ERR,ERR,ERR,ERR,ERR,ERR,ERR,ERR,ERR,ERR,ERR,ERR,ERR,ERR,ERR,0.0,0.0,-134474944.0,0.0,0.0,1.3936040501711995e+18,7.805,0.0,0,0,4,0,8422,0.0,45,0.0,0.0,0.0,0.0,0.0,0,0,0,0,0.0,0,0,0,0,0,0,0,0,0,0,0,0,0,0,0,0,0,0,0,0,0,0,0,0,0,0,0,0,0,0,0,0,0,38,14,7,45,65476,0,300,0,0,8,21553,0.0,-107605600.0,0.0,0.0,0.0,0.0,0.0,0.0,0.0,0.0,0.0,0.0,0.0,0.0,0.0,0.0,0.0,0.0,0.0,0.0,0.0,0.0,0.0,0.0,-2.004,2.004,0.0,0.0,0.0,0.0,4975.0,-0.0,0.0,0.0,0.0,0.0,-107615304.0,0.0,0.0,0.0,0.0,53,4.950428597886765e+32,126840528896.0,0.0,0.0,0.0,0.0,0.0,0.0,0.0,0,0,0,0.0,0.0,0.0,0.0,0.0,0.0,0.0,0.0,0.0,0.0,0.0,0.0,0.0,0.0,0.0,0.0,0,-107875648.0,53,0.0,106,-107614832.0,2.7006707062415038e+23,ERR,ERR,ERR,ERR,ERR,ERR,ERR,ERR,ERR,ERR,ERR,ERR,ERR,ERR,ERR,ERR,ERR,ERR,ERR,ERR,ERR,ERR,ERR,ERR,ERR,ERR,ERR,ERR,ERR,ERR,ERR,ERR,ERR,ERR,ERR,ERR,ERR,ERR,ERR,ERR,ERR,ERR,ERR,ERR,ERR,ERR,ERR,ERR,ERR,ERR,ERR,ERR,ERR,ERR,ERR,ERR,ERR,ERR,ERR,ERR,ERR,ERR,ERR,ERR,ERR,ERR,ERR,50.0,60.0,100,0.0,0.0,0.0,0.0,0.0,0.0,0.0,0.0,0.0,0.0,0.0,0.0,0.0,0.0,0.0,0.0,61.6,78,11,65508,50,65476,0,300,0,0,8,20529,65476,0,0,26214,60.0,0.0,0.0,0.0,0.0,0.0
2026-05-17T16:47:29,ERR,ERR,ERR,ERR,ERR,ERR,ERR,ERR,ERR,ERR,ERR,ERR,ERR,ERR,ERR,ERR,ERR,ERR,ERR,ERR,ERR,ERR,ERR,ERR,ERR,ERR,ERR,ERR,ERR,ERR,ERR,ERR,ERR,ERR,ERR,ERR,ERR,ERR,ERR,ERR,ERR,ERR,ERR,ERR,ERR,ERR,ERR,ERR,ERR,ERR,ERR,ERR,ERR,ERR,ERR,ERR,ERR,ERR,ERR,ERR,ERR,ERR,ERR,ERR,ERR,ERR,ERR,ERR,ERR,ERR,ERR,ERR,ERR,ERR,ERR,ERR,ERR,ERR,ERR,ERR,ERR,ERR,ERR,ERR,ERR,ERR,ERR,ERR,ERR,ERR,ERR,ERR,ERR,ERR,ERR,ERR,ERR,ERR,ERR,ERR,ERR,ERR,ERR,ERR,ERR,ERR,ERR,ERR,ERR,ERR,ERR,ERR,ERR,ERR,ERR,ERR,ERR,ERR,ERR,ERR,ERR,ERR,ERR,ERR,ERR,0.0,0.0,-134474944.0,0.0,0.0,1.3936040501711995e+18,7.805,0.0,0,0,4,0,8422,0.0,45,0.0,0.0,0.0,0.0,0.0,0,0,0,0,0.0,0,0,0,0,0,0,0,0,0,0,0,0,0,0,0,0,0,0,0,0,0,0,0,0,0,0,0,0,0,0,0,0,0,38,14,7,45,65476,0,300,0,0,8,21553,0.0,-107605600.0,0.0,0.0,0.0,0.0,0.0,0.0,0.0,0.0,0.0,0.0,0.0,0.0,0.0,0.0,0.0,0.0,0.0,0.0,0.0,0.0,0.0,0.0,-2.004,2.004,0.0,0.0,0.0,0.0,4975.0,-0.0,0.0,0.0,0.0,0.0,-107615304.0,0.0,0.0,0.0,0.0,53,4.950428597886765e+32,126840528896.0,0.0,0.0,0.0,0.0,0.0,0.0,0.0,0,0,0,0.0,0.0,0.0,0.0,0.0,0.0,0.0,0.0,0.0,0.0,0.0,0.0,0.0,0.0,0.0,0.0,0,-107875648.0,53,0.0,106,-107614832.0,2.7006707062415038e+23,ERR,ERR,ERR,ERR,ERR,ERR,ERR,ERR,ERR,ERR,ERR,ERR,ERR,ERR,ERR,ERR,ERR,ERR,ERR,ERR,ERR,ERR,ERR,ERR,ERR,ERR,ERR,ERR,ERR,ERR,ERR,ERR,ERR,ERR,ERR,ERR,ERR,ERR,ERR,ERR,ERR,ERR,ERR,ERR,ERR,ERR,ERR,ERR,ERR,ERR,ERR,ERR,ERR,ERR,ERR,ERR,ERR,ERR,ERR,ERR,ERR,ERR,ERR,ERR,ERR,ERR,ERR,50.0,60.0,100,0.0,0.0,0.0,0.0,0.0,0.0,0.0,0.0,0.0,0.0,0.0,0.0,0.0,0.0,0.0,0.0,61.6,78,11,65508,50,65476,0,300,0,0,8,20529,65476,0,0,26214,60.0,0.0,0.0,0.0,0.0,0.0
2026-05-17T16:47:30,ERR,ERR,ERR,ERR,ERR,ERR,ERR,ERR,ERR,ERR,ERR,ERR,ERR,ERR,ERR,ERR,ERR,ERR,ERR,ERR,ERR,ERR,ERR,ERR,ERR,ERR,ERR,ERR,ERR,ERR,ERR,ERR,ERR,ERR,ERR,ERR,ERR,ERR,ERR,ERR,ERR,ERR,ERR,ERR,ERR,ERR,ERR,ERR,ERR,ERR,ERR,ERR,ERR,ERR,ERR,ERR,ERR,ERR,ERR,ERR,ERR,ERR,ERR,ERR,ERR,ERR,ERR,ERR,ERR,ERR,ERR,ERR,ERR,ERR,ERR,ERR,ERR,ERR,ERR,ERR,ERR,ERR,ERR,ERR,ERR,ERR,ERR,ERR,ERR,ERR,ERR,ERR,ERR,ERR,ERR,ERR,ERR,ERR,ERR,ERR,ERR,ERR,ERR,ERR,ERR,ERR,ERR,ERR,ERR,ERR,ERR,ERR,ERR,ERR,ERR,ERR,ERR,ERR,ERR,ERR,ERR,ERR,ERR,ERR,ERR,0.0,0.0,-134474944.0,0.0,0.0,1.3936040501711995e+18,7.805,0.0,0,0,4,0,8422,0.0,45,0.0,0.0,0.0,0.0,0.0,0,0,0,0,0.0,0,0,0,0,0,0,0,0,0,0,0,0,0,0,0,0,0,0,0,0,0,0,0,0,0,0,0,0,0,0,0,0,0,38,14,7,45,65476,0,300,0,0,8,21553,0.0,-107605600.0,0.0,0.0,0.0,0.0,0.0,0.0,0.0,0.0,0.0,0.0,0.0,0.0,0.0,0.0,0.0,0.0,0.0,0.0,0.0,0.0,0.0,0.0,-2.004,2.004,0.0,0.0,0.0,0.0,4977.0,-1.0406652570629681e+34,0.0,0.0,0.0,0.0,-107615304.0,0.0,0.0,0.0,0.0,53,2.7184300208680915e+23,-0.0,0.0,0.0,0.0,0.0,0.0,0.0,0.0,0,0,0,0.0,0.0,0.0,0.0,0.0,0.0,0.0,0.0,0.0,0.0,0.0,0.0,0.0,0.0,0.0,0.0,0,-107875648.0,53,0.0,106,-107614832.0,2.7006707062415038e+23,ERR,ERR,ERR,ERR,ERR,ERR,ERR,ERR,ERR,ERR,ERR,ERR,ERR,ERR,ERR,ERR,ERR,ERR,ERR,ERR,ERR,ERR,ERR,ERR,ERR,ERR,ERR,ERR,ERR,ERR,ERR,ERR,ERR,ERR,ERR,ERR,ERR,ERR,ERR,ERR,ERR,ERR,ERR,ERR,ERR,ERR,ERR,ERR,ERR,ERR,ERR,ERR,ERR,ERR,ERR,ERR,ERR,ERR,ERR,ERR,ERR,ERR,ERR,ERR,ERR,ERR,ERR,50.0,60.0,100,0.0,0.0,0.0,0.0,0.0,0.0,0.0,0.0,0.0,0.0,0.0,0.0,0.0,0.0,0.0,0.0,61.6,78,11,65508,50,65476,0,300,0,0,8,20529,65476,0,0,26214,60.0,0.0,0.0,0.0,0.0,0.0
2026-05-17T16:47:31,ERR,ERR,ERR,ERR,ERR,ERR,ERR,ERR,ERR,ERR,ERR,ERR,ERR,ERR,ERR,ERR,ERR,ERR,ERR,ERR,ERR,ERR,ERR,ERR,ERR,ERR,ERR,ERR,ERR,ERR,ERR,ERR,ERR,ERR,ERR,ERR,ERR,ERR,ERR,ERR,ERR,ERR,ERR,ERR,ERR,ERR,ERR,ERR,ERR,ERR,ERR,ERR,ERR,ERR,ERR,ERR,ERR,ERR,ERR,ERR,ERR,ERR,ERR,ERR,ERR,ERR,ERR,ERR,ERR,ERR,ERR,ERR,ERR,ERR,ERR,ERR,ERR,ERR,ERR,ERR,ERR,ERR,ERR,ERR,ERR,ERR,ERR,ERR,ERR,ERR,ERR,ERR,ERR,ERR,ERR,ERR,ERR,ERR,ERR,ERR,ERR,ERR,ERR,ERR,ERR,ERR,ERR,ERR,ERR,ERR,ERR,ERR,ERR,ERR,ERR,ERR,ERR,ERR,ERR,ERR,ERR,ERR,ERR,ERR,ERR,0.0,0.0,-134474944.0,0.0,0.0,1.3936040501711995e+18,7.805,0.0,0,0,4,0,8422,0.0,45,0.0,0.0,0.0,0.0,0.0,0,0,0,0,0.0,0,0,0,0,0,0,0,0,0,0,0,0,0,0,0,0,0,0,0,0,0,0,0,0,0,0,0,0,0,0,0,0,0,38,14,7,45,65476,0,300,0,0,8,21553,0.0,-107605600.0,0.0,0.0,0.0,0.0,0.0,0.0,0.0,0.0,0.0,0.0,0.0,0.0,0.0,0.0,0.0,0.0,0.0,0.0,0.0,0.0,0.0,0.0,-2.004,2.004,0.0,0.0,0.0,0.0,4977.0,-1.0406652570629681e+34,0.0,0.0,0.0,0.0,-107615304.0,0.0,0.0,0.0,0.0,53,2.7184300208680915e+23,-0.0,0.0,0.0,0.0,0.0,0.0,0.0,0.0,0,0,0,0.0,0.0,0.0,0.0,0.0,0.0,0.0,0.0,0.0,0.0,0.0,0.0,0.0,0.0,0.0,0.0,0,-107875648.0,53,0.0,106,-107614832.0,2.7006707062415038e+23,ERR,ERR,ERR,ERR,ERR,ERR,ERR,ERR,ERR,ERR,ERR,ERR,ERR,ERR,ERR,ERR,ERR,ERR,ERR,ERR,ERR,ERR,ERR,ERR,ERR,ERR,ERR,ERR,ERR,ERR,ERR,ERR,ERR,ERR,ERR,ERR,ERR,ERR,ERR,ERR,ERR,ERR,ERR,ERR,ERR,ERR,ERR,ERR,ERR,ERR,ERR,ERR,ERR,ERR,ERR,ERR,ERR,ERR,ERR,ERR,ERR,ERR,ERR,ERR,ERR,ERR,ERR,50.0,60.0,100,0.0,0.0,0.0,0.0,0.0,0.0,0.0,0.0,0.0,0.0,0.0,0.0,0.0,0.0,0.0,0.0,61.6,78,11,65508,50,65476,0,300,0,0,8,20529,65476,0,0,26214,60.0,0.0,0.0,0.0,0.0,0.0
2026-05-17T16:47:32,ERR,ERR,ERR,ERR,ERR,ERR,ERR,ERR,ERR,ERR,ERR,ERR,ERR,ERR,ERR,ERR,ERR,ERR,ERR,ERR,ERR,ERR,ERR,ERR,ERR,ERR,ERR,ERR,ERR,ERR,ERR,ERR,ERR,ERR,ERR,ERR,ERR,ERR,ERR,ERR,ERR,ERR,ERR,ERR,ERR,ERR,ERR,ERR,ERR,ERR,ERR,ERR,ERR,ERR,ERR,ERR,ERR,ERR,ERR,ERR,ERR,ERR,ERR,ERR,ERR,ERR,ERR,ERR,ERR,ERR,ERR,ERR,ERR,ERR,ERR,ERR,ERR,ERR,ERR,ERR,ERR,ERR,ERR,ERR,ERR,ERR,ERR,ERR,ERR,ERR,ERR,ERR,ERR,ERR,ERR,ERR,ERR,ERR,ERR,ERR,ERR,ERR,ERR,ERR,ERR,ERR,ERR,ERR,ERR,ERR,ERR,ERR,ERR,ERR,ERR,ERR,ERR,ERR,ERR,ERR,ERR,ERR,ERR,ERR,ERR,0.0,0.0,-134474944.0,0.0,0.0,1.3936040501711995e+18,7.805,0.0,0,0,4,0,8422,0.0,45,0.0,0.0,0.0,0.0,0.0,0,0,0,0,0.0,0,0,0,0,0,0,0,0,0,0,0,0,0,0,0,0,0,0,0,0,0,0,0,0,0,0,0,0,0,0,0,0,0,38,14,7,45,65476,0,300,0,0,8,21553,0.0,-107605600.0,0.0,0.0,0.0,0.0,0.0,0.0,0.0,0.0,0.0,0.0,0.0,0.0,0.0,0.0,0.0,0.0,0.0,0.0,0.0,0.0,0.0,0.0,-2.004,2.004,0.0,0.0,0.0,0.0,4977.0,-1.0406652570629681e+34,0.0,0.0,0.0,0.0,-107615304.0,0.0,0.0,0.0,0.0,53,2.7184300208680915e+23,-0.0,0.0,0.0,0.0,0.0,0.0,0.0,0.0,0,0,0,0.0,0.0,0.0,0.0,0.0,0.0,0.0,0.0,0.0,0.0,0.0,0.0,0.0,0.0,0.0,0.0,0,-107875648.0,53,0.0,106,-107614832.0,2.7006707062415038e+23,ERR,ERR,ERR,ERR,ERR,ERR,ERR,ERR,ERR,ERR,ERR,ERR,ERR,ERR,ERR,ERR,ERR,ERR,ERR,ERR,ERR,ERR,ERR,ERR,ERR,ERR,ERR,ERR,ERR,ERR,ERR,ERR,ERR,ERR,ERR,ERR,ERR,ERR,ERR,ERR,ERR,ERR,ERR,ERR,ERR,ERR,ERR,ERR,ERR,ERR,ERR,ERR,ERR,ERR,ERR,ERR,ERR,ERR,ERR,ERR,ERR,ERR,ERR,ERR,ERR,ERR,ERR,50.0,60.0,100,0.0,0.0,0.0,0.0,0.0,0.0,0.0,0.0,0.0,0.0,0.0,0.0,0.0,0.0,0.0,0.0,61.6,78,11,65508,50,65476,0,300,0,0,8,20529,65476,0,0,26214,60.0,0.0,0.0,0.0,0.0,0.0
2026-05-17T16:47:33,ERR,ERR,ERR,ERR,ERR,ERR,ERR,ERR,ERR,ERR,ERR,ERR,ERR,ERR,ERR,ERR,ERR,ERR,ERR,ERR,ERR,ERR,ERR,ERR,ERR,ERR,ERR,ERR,ERR,ERR,ERR,ERR,ERR,ERR,ERR,ERR,ERR,ERR,ERR,ERR,ERR,ERR,ERR,ERR,ERR,ERR,ERR,ERR,ERR,ERR,ERR,ERR,ERR,ERR,ERR,ERR,ERR,ERR,ERR,ERR,ERR,ERR,ERR,ERR,ERR,ERR,ERR,ERR,ERR,ERR,ERR,ERR,ERR,ERR,ERR,ERR,ERR,ERR,ERR,ERR,ERR,ERR,ERR,ERR,ERR,ERR,ERR,ERR,ERR,ERR,ERR,ERR,ERR,ERR,ERR,ERR,ERR,ERR,ERR,ERR,ERR,ERR,ERR,ERR,ERR,ERR,ERR,ERR,ERR,ERR,ERR,ERR,ERR,ERR,ERR,ERR,ERR,ERR,ERR,ERR,ERR,ERR,ERR,ERR,ERR,0.0,0.0,-134474944.0,0.0,0.0,1.3936040501711995e+18,7.805,0.0,0,0,4,0,8422,0.0,45,0.0,0.0,0.0,0.0,0.0,0,0,0,0,0.0,0,0,0,0,0,0,0,0,0,0,0,0,0,0,0,0,0,0,0,0,0,0,0,0,0,0,0,0,0,0,0,0,0,38,14,7,45,65476,0,300,0,0,8,21553,0.0,-107605600.0,0.0,0.0,0.0,0.0,0.0,0.0,0.0,0.0,0.0,0.0,0.0,0.0,0.0,0.0,0.0,0.0,0.0,0.0,0.0,0.0,0.0,0.0,-2.004,2.004,0.0,0.0,0.0,0.0,4977.0,-1.0406652570629681e+34,0.0,0.0,0.0,0.0,-107615304.0,0.0,0.0,0.0,0.0,53,2.7184300208680915e+23,-0.0,0.0,0.0,0.0,0.0,0.0,0.0,0.0,0,0,0,0.0,0.0,0.0,0.0,0.0,0.0,0.0,0.0,0.0,0.0,0.0,0.0,0.0,0.0,0.0,0.0,0,-107875648.0,53,0.0,106,-107614832.0,2.7006707062415038e+23,ERR,ERR,ERR,ERR,ERR,ERR,ERR,ERR,ERR,ERR,ERR,ERR,ERR,ERR,ERR,ERR,ERR,ERR,ERR,ERR,ERR,ERR,ERR,ERR,ERR,ERR,ERR,ERR,ERR,ERR,ERR,ERR,ERR,ERR,ERR,ERR,ERR,ERR,ERR,ERR,ERR,ERR,ERR,ERR,ERR,ERR,ERR,ERR,ERR,ERR,ERR,ERR,ERR,ERR,ERR,ERR,ERR,ERR,ERR,ERR,ERR,ERR,ERR,ERR,ERR,ERR,ERR,50.0,60.0,100,0.0,0.0,0.0,0.0,0.0,0.0,0.0,0.0,0.0,0.0,0.0,0.0,0.0,0.0,0.0,0.0,61.6,78,11,65508,50,65476,0,300,0,0,8,20529,65476,0,0,26214,60.0,0.0,0.0,0.0,0.0,0.0
2026-05-17T16:47:34,ERR,ERR,ERR,ERR,ERR,ERR,ERR,ERR,ERR,ERR,ERR,ERR,ERR,ERR,ERR,ERR,ERR,ERR,ERR,ERR,ERR,ERR,ERR,ERR,ERR,ERR,ERR,ERR,ERR,ERR,ERR,ERR,ERR,ERR,ERR,ERR,ERR,ERR,ERR,ERR,ERR,ERR,ERR,ERR,ERR,ERR,ERR,ERR,ERR,ERR,ERR,ERR,ERR,ERR,ERR,ERR,ERR,ERR,ERR,ERR,ERR,ERR,ERR,ERR,ERR,ERR,ERR,ERR,ERR,ERR,ERR,ERR,ERR,ERR,ERR,ERR,ERR,ERR,ERR,ERR,ERR,ERR,ERR,ERR,ERR,ERR,ERR,ERR,ERR,ERR,ERR,ERR,ERR,ERR,ERR,ERR,ERR,ERR,ERR,ERR,ERR,ERR,ERR,ERR,ERR,ERR,ERR,ERR,ERR,ERR,ERR,ERR,ERR,ERR,ERR,ERR,ERR,ERR,ERR,ERR,ERR,ERR,ERR,ERR,ERR,0.0,0.0,-134474944.0,0.0,0.0,1.3936040501711995e+18,7.805,0.0,0,0,4,0,8422,0.0,45,0.0,0.0,0.0,0.0,0.0,0,0,0,0,0.0,0,0,0,0,0,0,0,0,0,0,0,0,0,0,0,0,0,0,0,0,0,0,0,0,0,0,0,0,0,0,0,0,0,38,14,7,45,65476,0,300,0,0,8,21553,0.0,-107605600.0,0.0,0.0,0.0,0.0,0.0,0.0,0.0,0.0,0.0,0.0,0.0,0.0,0.0,0.0,0.0,0.0,0.0,0.0,0.0,0.0,0.0,0.0,-2.004,2.004,0.0,0.0,0.0,0.0,4977.0,-1.0406652570629681e+34,0.0,0.0,0.0,0.0,-107615304.0,0.0,0.0,0.0,0.0,53,2.7184300208680915e+23,-0.0,0.0,0.0,0.0,0.0,0.0,0.0,0.0,0,0,0,0.0,0.0,0.0,0.0,0.0,0.0,0.0,0.0,0.0,0.0,0.0,0.0,0.0,0.0,0.0,0.0,0,-107875648.0,53,0.0,106,-107614832.0,2.7006707062415038e+23,ERR,ERR,ERR,ERR,ERR,ERR,ERR,ERR,ERR,ERR,ERR,ERR,ERR,ERR,ERR,ERR,ERR,ERR,ERR,ERR,ERR,ERR,ERR,ERR,ERR,ERR,ERR,ERR,ERR,ERR,ERR,ERR,ERR,ERR,ERR,ERR,ERR,ERR,ERR,ERR,ERR,ERR,ERR,ERR,ERR,ERR,ERR,ERR,ERR,ERR,ERR,ERR,ERR,ERR,ERR,ERR,ERR,ERR,ERR,ERR,ERR,ERR,ERR,ERR,ERR,ERR,ERR,50.0,60.0,100,0.0,0.0,0.0,0.0,0.0,0.0,0.0,0.0,0.0,0.0,0.0,0.0,0.0,0.0,0.0,0.0,61.6,78,11,65508,50,65476,0,300,0,0,8,20529,65476,0,0,26214,60.0,0.0,0.0,0.0,0.0,0.0
2026-05-17T16:47:35,ERR,ERR,ERR,ERR,ERR,ERR,ERR,ERR,ERR,ERR,ERR,ERR,ERR,ERR,ERR,ERR,ERR,ERR,ERR,ERR,ERR,ERR,ERR,ERR,ERR,ERR,ERR,ERR,ERR,ERR,ERR,ERR,ERR,ERR,ERR,ERR,ERR,ERR,ERR,ERR,ERR,ERR,ERR,ERR,ERR,ERR,ERR,ERR,ERR,ERR,ERR,ERR,ERR,ERR,ERR,ERR,ERR,ERR,ERR,ERR,ERR,ERR,ERR,ERR,ERR,ERR,ERR,ERR,ERR,ERR,ERR,ERR,ERR,ERR,ERR,ERR,ERR,ERR,ERR,ERR,ERR,ERR,ERR,ERR,ERR,ERR,ERR,ERR,ERR,ERR,ERR,ERR,ERR,ERR,ERR,ERR,ERR,ERR,ERR,ERR,ERR,ERR,ERR,ERR,ERR,ERR,ERR,ERR,ERR,ERR,ERR,ERR,ERR,ERR,ERR,ERR,ERR,ERR,ERR,ERR,ERR,ERR,ERR,ERR,ERR,0.0,0.0,-134474944.0,0.0,0.0,1.3936040501711995e+18,7.805,0.0,0,0,4,0,8422,0.0,45,0.0,0.0,0.0,0.0,0.0,0,0,0,0,0.0,0,0,0,0,0,0,0,0,0,0,0,0,0,0,0,0,0,0,0,0,0,0,0,0,0,0,0,0,0,0,0,0,0,38,14,7,45,65476,0,300,0,0,8,21553,0.0,-107605600.0,0.0,0.0,0.0,0.0,0.0,0.0,0.0,0.0,0.0,0.0,0.0,0.0,0.0,0.0,0.0,0.0,0.0,0.0,0.0,0.0,0.0,0.0,-2.004,2.004,0.0,0.0,0.0,0.0,5010.0,8608182272.0,0.0,0.0,0.0,0.0,-107615304.0,0.0,0.0,0.0,0.0,53,3.222028592685471e+26,0.0,0.0,0.0,0.0,0.0,0.0,0.0,0.0,0,0,0,0.0,0.0,0.0,0.0,0.0,0.0,0.0,0.0,0.0,0.0,0.0,0.0,0.0,0.0,0.0,0.0,0,-107875648.0,53,0.0,106,-107614832.0,2.7006707062415038e+23,ERR,ERR,ERR,ERR,ERR,ERR,ERR,ERR,ERR,ERR,ERR,ERR,ERR,ERR,ERR,ERR,ERR,ERR,ERR,ERR,ERR,ERR,ERR,ERR,ERR,ERR,ERR,ERR,ERR,ERR,ERR,ERR,ERR,ERR,ERR,ERR,ERR,ERR,ERR,ERR,ERR,ERR,ERR,ERR,ERR,ERR,ERR,ERR,ERR,ERR,ERR,ERR,ERR,ERR,ERR,ERR,ERR,ERR,ERR,ERR,ERR,ERR,ERR,ERR,ERR,ERR,ERR,50.0,60.0,100,0.0,0.0,0.0,0.0,0.0,0.0,0.0,0.0,0.0,0.0,0.0,0.0,0.0,0.0,0.0,0.0,61.6,78,11,65508,50,65476,0,300,0,0,8,20529,65476,0,0,26214,60.0,0.0,0.0,0.0,0.0,0.0
2026-05-17T16:47:36,ERR,ERR,ERR,ERR,ERR,ERR,ERR,ERR,ERR,ERR,ERR,ERR,ERR,ERR,ERR,ERR,ERR,ERR,ERR,ERR,ERR,ERR,ERR,ERR,ERR,ERR,ERR,ERR,ERR,ERR,ERR,ERR,ERR,ERR,ERR,ERR,ERR,ERR,ERR,ERR,ERR,ERR,ERR,ERR,ERR,ERR,ERR,ERR,ERR,ERR,ERR,ERR,ERR,ERR,ERR,ERR,ERR,ERR,ERR,ERR,ERR,ERR,ERR,ERR,ERR,ERR,ERR,ERR,ERR,ERR,ERR,ERR,ERR,ERR,ERR,ERR,ERR,ERR,ERR,ERR,ERR,ERR,ERR,ERR,ERR,ERR,ERR,ERR,ERR,ERR,ERR,ERR,ERR,ERR,ERR,ERR,ERR,ERR,ERR,ERR,ERR,ERR,ERR,ERR,ERR,ERR,ERR,ERR,ERR,ERR,ERR,ERR,ERR,ERR,ERR,ERR,ERR,ERR,ERR,ERR,ERR,ERR,ERR,ERR,ERR,0.0,0.0,-134474944.0,0.0,0.0,1.3936040501711995e+18,7.805,0.0,0,0,4,0,8422,0.0,45,0.0,0.0,0.0,0.0,0.0,0,0,0,0,0.0,0,0,0,0,0,0,0,0,0,0,0,0,0,0,0,0,0,0,0,0,0,0,0,0,0,0,0,0,0,0,0,0,0,38,14,7,45,65476,0,300,0,0,8,21553,0.0,-107605600.0,0.0,0.0,0.0,0.0,0.0,0.0,0.0,0.0,0.0,0.0,0.0,0.0,0.0,0.0,0.0,0.0,0.0,0.0,0.0,0.0,0.0,0.0,-2.004,2.004,0.0,0.0,0.0,0.0,5010.0,8608182272.0,0.0,0.0,0.0,0.0,-107615304.0,0.0,0.0,0.0,0.0,53,3.222028592685471e+26,0.0,0.0,0.0,0.0,0.0,0.0,0.0,0.0,0,0,0,0.0,0.0,0.0,0.0,0.0,0.0,0.0,0.0,0.0,0.0,0.0,0.0,0.0,0.0,0.0,0.0,0,-107875648.0,53,0.0,106,-107614832.0,2.7006707062415038e+23,ERR,ERR,ERR,ERR,ERR,ERR,ERR,ERR,ERR,ERR,ERR,ERR,ERR,ERR,ERR,ERR,ERR,ERR,ERR,ERR,ERR,ERR,ERR,ERR,ERR,ERR,ERR,ERR,ERR,ERR,ERR,ERR,ERR,ERR,ERR,ERR,ERR,ERR,ERR,ERR,ERR,ERR,ERR,ERR,ERR,ERR,ERR,ERR,ERR,ERR,ERR,ERR,ERR,ERR,ERR,ERR,ERR,ERR,ERR,ERR,ERR,ERR,ERR,ERR,ERR,ERR,ERR,50.0,60.0,100,0.0,0.0,0.0,0.0,0.0,0.0,0.0,0.0,0.0,0.0,0.0,0.0,0.0,0.0,0.0,0.0,61.6,78,11,65508,50,65476,0,300,0,0,8,20529,65476,0,0,26214,60.0,0.0,0.0,0.0,0.0,0.0
2026-05-17T16:47:37,ERR,ERR,ERR,ERR,ERR,ERR,ERR,ERR,ERR,ERR,ERR,ERR,ERR,ERR,ERR,ERR,ERR,ERR,ERR,ERR,ERR,ERR,ERR,ERR,ERR,ERR,ERR,ERR,ERR,ERR,ERR,ERR,ERR,ERR,ERR,ERR,ERR,ERR,ERR,ERR,ERR,ERR,ERR,ERR,ERR,ERR,ERR,ERR,ERR,ERR,ERR,ERR,ERR,ERR,ERR,ERR,ERR,ERR,ERR,ERR,ERR,ERR,ERR,ERR,ERR,ERR,ERR,ERR,ERR,ERR,ERR,ERR,ERR,ERR,ERR,ERR,ERR,ERR,ERR,ERR,ERR,ERR,ERR,ERR,ERR,ERR,ERR,ERR,ERR,ERR,ERR,ERR,ERR,ERR,ERR,ERR,ERR,ERR,ERR,ERR,ERR,ERR,ERR,ERR,ERR,ERR,ERR,ERR,ERR,ERR,ERR,ERR,ERR,ERR,ERR,ERR,ERR,ERR,ERR,ERR,ERR,ERR,ERR,ERR,ERR,0.0,0.0,-134474944.0,0.0,0.0,1.3936040501711995e+18,7.805,0.0,0,0,4,0,8422,0.0,45,0.0,0.0,0.0,0.0,0.0,0,0,0,0,0.0,0,0,0,0,0,0,0,0,0,0,0,0,0,0,0,0,0,0,0,0,0,0,0,0,0,0,0,0,0,0,0,0,0,38,14,7,45,65476,0,300,0,0,8,21553,0.0,-107605600.0,0.0,0.0,0.0,0.0,0.0,0.0,0.0,0.0,0.0,0.0,0.0,0.0,0.0,0.0,0.0,0.0,0.0,0.0,0.0,0.0,0.0,0.0,-2.004,2.004,0.0,0.0,0.0,0.0,5010.0,8608182272.0,0.0,0.0,0.0,0.0,-107615304.0,0.0,0.0,0.0,0.0,53,3.222028592685471e+26,0.0,0.0,0.0,0.0,0.0,0.0,0.0,0.0,0,0,0,0.0,0.0,0.0,0.0,0.0,0.0,0.0,0.0,0.0,0.0,0.0,0.0,0.0,0.0,0.0,0.0,0,-107875648.0,53,0.0,106,-107614832.0,2.7006707062415038e+23,ERR,ERR,ERR,ERR,ERR,ERR,ERR,ERR,ERR,ERR,ERR,ERR,ERR,ERR,ERR,ERR,ERR,ERR,ERR,ERR,ERR,ERR,ERR,ERR,ERR,ERR,ERR,ERR,ERR,ERR,ERR,ERR,ERR,ERR,ERR,ERR,ERR,ERR,ERR,ERR,ERR,ERR,ERR,ERR,ERR,ERR,ERR,ERR,ERR,ERR,ERR,ERR,ERR,ERR,ERR,ERR,ERR,ERR,ERR,ERR,ERR,ERR,ERR,ERR,ERR,ERR,ERR,50.0,60.0,100,0.0,0.0,0.0,0.0,0.0,0.0,0.0,0.0,0.0,0.0,0.0,0.0,0.0,0.0,0.0,0.0,61.6,78,11,65508,50,65476,0,300,0,0,8,20529,65476,0,0,26214,60.0,0.0,0.0,0.0,0.0,0.0
2026-05-17T16:47:38,ERR,ERR,ERR,ERR,ERR,ERR,ERR,ERR,ERR,ERR,ERR,ERR,ERR,ERR,ERR,ERR,ERR,ERR,ERR,ERR,ERR,ERR,ERR,ERR,ERR,ERR,ERR,ERR,ERR,ERR,ERR,ERR,ERR,ERR,ERR,ERR,ERR,ERR,ERR,ERR,ERR,ERR,ERR,ERR,ERR,ERR,ERR,ERR,ERR,ERR,ERR,ERR,ERR,ERR,ERR,ERR,ERR,ERR,ERR,ERR,ERR,ERR,ERR,ERR,ERR,ERR,ERR,ERR,ERR,ERR,ERR,ERR,ERR,ERR,ERR,ERR,ERR,ERR,ERR,ERR,ERR,ERR,ERR,ERR,ERR,ERR,ERR,ERR,ERR,ERR,ERR,ERR,ERR,ERR,ERR,ERR,ERR,ERR,ERR,ERR,ERR,ERR,ERR,ERR,ERR,ERR,ERR,ERR,ERR,ERR,ERR,ERR,ERR,ERR,ERR,ERR,ERR,ERR,ERR,ERR,ERR,ERR,ERR,ERR,ERR,0.0,0.0,-134474944.0,0.0,0.0,1.3936040501711995e+18,7.805,0.0,0,0,4,0,8422,0.0,45,0.0,0.0,0.0,0.0,0.0,0,0,0,0,0.0,0,0,0,0,0,0,0,0,0,0,0,0,0,0,0,0,0,0,0,0,0,0,0,0,0,0,0,0,0,0,0,0,0,38,14,7,45,65476,0,300,0,0,8,21553,0.0,-107605600.0,0.0,0.0,0.0,0.0,0.0,0.0,0.0,0.0,0.0,0.0,0.0,0.0,0.0,0.0,0.0,0.0,0.0,0.0,0.0,0.0,0.0,0.0,-2.004,2.004,0.0,0.0,0.0,0.0,5010.0,8608182272.0,0.0,0.0,0.0,0.0,-107615304.0,0.0,0.0,0.0,0.0,53,3.222028592685471e+26,0.0,0.0,0.0,0.0,0.0,0.0,0.0,0.0,0,0,0,0.0,0.0,0.0,0.0,0.0,0.0,0.0,0.0,0.0,0.0,0.0,0.0,0.0,0.0,0.0,0.0,0,-107875648.0,53,0.0,106,-107614832.0,2.7006707062415038e+23,ERR,ERR,ERR,ERR,ERR,ERR,ERR,ERR,ERR,ERR,ERR,ERR,ERR,ERR,ERR,ERR,ERR,ERR,ERR,ERR,ERR,ERR,ERR,ERR,ERR,ERR,ERR,ERR,ERR,ERR,ERR,ERR,ERR,ERR,ERR,ERR,ERR,ERR,ERR,ERR,ERR,ERR,ERR,ERR,ERR,ERR,ERR,ERR,ERR,ERR,ERR,ERR,ERR,ERR,ERR,ERR,ERR,ERR,ERR,ERR,ERR,ERR,ERR,ERR,ERR,ERR,ERR,50.0,60.0,100,0.0,0.0,0.0,0.0,0.0,0.0,0.0,0.0,0.0,0.0,0.0,0.0,0.0,0.0,0.0,0.0,61.6,78,11,65508,50,65476,0,300,0,0,8,20529,65476,0,0,26214,60.0,0.0,0.0,0.0,0.0,0.0
2026-05-17T16:47:39,ERR,ERR,ERR,ERR,ERR,ERR,ERR,ERR,ERR,ERR,ERR,ERR,ERR,ERR,ERR,ERR,ERR,ERR,ERR,ERR,ERR,ERR,ERR,ERR,ERR,ERR,ERR,ERR,ERR,ERR,ERR,ERR,ERR,ERR,ERR,ERR,ERR,ERR,ERR,ERR,ERR,ERR,ERR,ERR,ERR,ERR,ERR,ERR,ERR,ERR,ERR,ERR,ERR,ERR,ERR,ERR,ERR,ERR,ERR,ERR,ERR,ERR,ERR,ERR,ERR,ERR,ERR,ERR,ERR,ERR,ERR,ERR,ERR,ERR,ERR,ERR,ERR,ERR,ERR,ERR,ERR,ERR,ERR,ERR,ERR,ERR,ERR,ERR,ERR,ERR,ERR,ERR,ERR,ERR,ERR,ERR,ERR,ERR,ERR,ERR,ERR,ERR,ERR,ERR,ERR,ERR,ERR,ERR,ERR,ERR,ERR,ERR,ERR,ERR,ERR,ERR,ERR,ERR,ERR,ERR,ERR,ERR,ERR,ERR,ERR,0.0,0.0,-134474944.0,0.0,0.0,1.3936040501711995e+18,7.805,0.0,0,0,4,0,8422,0.0,45,0.0,0.0,0.0,0.0,0.0,0,0,0,0,0.0,0,0,0,0,0,0,0,0,0,0,0,0,0,0,0,0,0,0,0,0,0,0,0,0,0,0,0,0,0,0,0,0,0,38,14,7,45,65476,0,300,0,0,8,21553,0.0,-107605600.0,0.0,0.0,0.0,0.0,0.0,0.0,0.0,0.0,0.0,0.0,0.0,0.0,0.0,0.0,0.0,0.0,0.0,0.0,0.0,0.0,0.0,0.0,-2.004,2.004,0.0,0.0,0.0,0.0,5010.0,8608182272.0,0.0,0.0,0.0,0.0,-107615304.0,0.0,0.0,0.0,0.0,53,3.222028592685471e+26,0.0,0.0,0.0,0.0,0.0,0.0,0.0,0.0,0,0,0,0.0,0.0,0.0,0.0,0.0,0.0,0.0,0.0,0.0,0.0,0.0,0.0,0.0,0.0,0.0,0.0,0,-107875648.0,53,0.0,106,-107614832.0,2.7006707062415038e+23,ERR,ERR,ERR,ERR,ERR,ERR,ERR,ERR,ERR,ERR,ERR,ERR,ERR,ERR,ERR,ERR,ERR,ERR,ERR,ERR,ERR,ERR,ERR,ERR,ERR,ERR,ERR,ERR,ERR,ERR,ERR,ERR,ERR,ERR,ERR,ERR,ERR,ERR,ERR,ERR,ERR,ERR,ERR,ERR,ERR,ERR,ERR,ERR,ERR,ERR,ERR,ERR,ERR,ERR,ERR,ERR,ERR,ERR,ERR,ERR,ERR,ERR,ERR,ERR,ERR,ERR,ERR,50.0,60.0,100,0.0,0.0,0.0,0.0,0.0,0.0,0.0,0.0,0.0,0.0,0.0,0.0,0.0,0.0,0.0,0.0,61.6,78,11,65508,50,65476,0,300,0,0,8,20529,65476,0,0,26214,60.0,0.0,0.0,0.0,0.0,0.0
2026-05-17T16:47:40,ERR,ERR,ERR,ERR,ERR,ERR,ERR,ERR,ERR,ERR,ERR,ERR,ERR,ERR,ERR,ERR,ERR,ERR,ERR,ERR,ERR,ERR,ERR,ERR,ERR,ERR,ERR,ERR,ERR,ERR,ERR,ERR,ERR,ERR,ERR,ERR,ERR,ERR,ERR,ERR,ERR,ERR,ERR,ERR,ERR,ERR,ERR,ERR,ERR,ERR,ERR,ERR,ERR,ERR,ERR,ERR,ERR,ERR,ERR,ERR,ERR,ERR,ERR,ERR,ERR,ERR,ERR,ERR,ERR,ERR,ERR,ERR,ERR,ERR,ERR,ERR,ERR,ERR,ERR,ERR,ERR,ERR,ERR,ERR,ERR,ERR,ERR,ERR,ERR,ERR,ERR,ERR,ERR,ERR,ERR,ERR,ERR,ERR,ERR,ERR,ERR,ERR,ERR,ERR,ERR,ERR,ERR,ERR,ERR,ERR,ERR,ERR,ERR,ERR,ERR,ERR,ERR,ERR,ERR,ERR,ERR,ERR,ERR,ERR,ERR,0.0,0.0,-134474944.0,0.0,0.0,1.3936040501711995e+18,7.805,0.0,0,0,4,0,8422,0.0,45,0.0,0.0,0.0,0.0,0.0,0,0,0,0,0.0,0,0,0,0,0,0,0,0,0,0,0,0,0,0,0,0,0,0,0,0,0,0,0,0,0,0,0,0,0,0,0,0,0,38,14,7,45,65476,0,300,0,0,8,21553,0.0,-107605600.0,0.0,0.0,0.0,0.0,0.0,0.0,0.0,0.0,0.0,0.0,0.0,0.0,0.0,0.0,0.0,0.0,0.0,0.0,0.0,0.0,0.0,0.0,-2.004,2.004,0.0,0.0,0.0,0.0,5043.0,0.0,0.0,0.0,0.0,0.0,-107615304.0,0.0,0.0,0.0,0.0,53,4.950428597886765e+32,0.0,0.0,0.0,0.0,0.0,0.0,0.0,0.0,0,0,0,0.0,0.0,0.0,0.0,0.0,0.0,0.0,0.0,0.0,0.0,0.0,0.0,0.0,0.0,0.0,0.0,0,-107875648.0,53,0.0,106,-107614832.0,2.7006707062415038e+23,ERR,ERR,ERR,ERR,ERR,ERR,ERR,ERR,ERR,ERR,ERR,ERR,ERR,ERR,ERR,ERR,ERR,ERR,ERR,ERR,ERR,ERR,ERR,ERR,ERR,ERR,ERR,ERR,ERR,ERR,ERR,ERR,ERR,ERR,ERR,ERR,ERR,ERR,ERR,ERR,ERR,ERR,ERR,ERR,ERR,ERR,ERR,ERR,ERR,ERR,ERR,ERR,ERR,ERR,ERR,ERR,ERR,ERR,ERR,ERR,ERR,ERR,ERR,ERR,ERR,ERR,ERR,50.0,60.0,100,0.0,0.0,0.0,0.0,0.0,0.0,0.0,0.0,0.0,0.0,0.0,0.0,0.0,0.0,0.0,0.0,62.0,78,11,65508,50,65476,0,300,0,0,8,20529,65476,0,0,26214,60.0,0.0,0.0,0.0,0.0,0.0
2026-05-17T16:47:41,ERR,ERR,ERR,ERR,ERR,ERR,ERR,ERR,ERR,ERR,ERR,ERR,ERR,ERR,ERR,ERR,ERR,ERR,ERR,ERR,ERR,ERR,ERR,ERR,ERR,ERR,ERR,ERR,ERR,ERR,ERR,ERR,ERR,ERR,ERR,ERR,ERR,ERR,ERR,ERR,ERR,ERR,ERR,ERR,ERR,ERR,ERR,ERR,ERR,ERR,ERR,ERR,ERR,ERR,ERR,ERR,ERR,ERR,ERR,ERR,ERR,ERR,ERR,ERR,ERR,ERR,ERR,ERR,ERR,ERR,ERR,ERR,ERR,ERR,ERR,ERR,ERR,ERR,ERR,ERR,ERR,ERR,ERR,ERR,ERR,ERR,ERR,ERR,ERR,ERR,ERR,ERR,ERR,ERR,ERR,ERR,ERR,ERR,ERR,ERR,ERR,ERR,ERR,ERR,ERR,ERR,ERR,ERR,ERR,ERR,ERR,ERR,ERR,ERR,ERR,ERR,ERR,ERR,ERR,ERR,ERR,ERR,ERR,ERR,ERR,0.0,0.0,-134474944.0,0.0,0.0,1.3936040501711995e+18,7.805,0.0,0,0,4,0,8422,0.0,45,0.0,0.0,0.0,0.0,0.0,0,0,0,0,0.0,0,0,0,0,0,0,0,0,0,0,0,0,0,0,0,0,0,0,0,0,0,0,0,0,0,0,0,0,0,0,0,0,0,38,14,7,45,65476,0,300,0,0,8,21553,0.0,-107605600.0,0.0,0.0,0.0,0.0,0.0,0.0,0.0,0.0,0.0,0.0,0.0,0.0,0.0,0.0,0.0,0.0,0.0,0.0,0.0,0.0,0.0,0.0,-2.004,2.004,0.0,0.0,0.0,0.0,5043.0,0.0,0.0,0.0,0.0,0.0,-107615304.0,0.0,0.0,0.0,0.0,53,4.950428597886765e+32,0.0,0.0,0.0,0.0,0.0,0.0,0.0,0.0,0,0,0,0.0,0.0,0.0,0.0,0.0,0.0,0.0,0.0,0.0,0.0,0.0,0.0,0.0,0.0,0.0,0.0,0,-107875648.0,53,0.0,106,-107614832.0,2.7006707062415038e+23,ERR,ERR,ERR,ERR,ERR,ERR,ERR,ERR,ERR,ERR,ERR,ERR,ERR,ERR,ERR,ERR,ERR,ERR,ERR,ERR,ERR,ERR,ERR,ERR,ERR,ERR,ERR,ERR,ERR,ERR,ERR,ERR,ERR,ERR,ERR,ERR,ERR,ERR,ERR,ERR,ERR,ERR,ERR,ERR,ERR,ERR,ERR,ERR,ERR,ERR,ERR,ERR,ERR,ERR,ERR,ERR,ERR,ERR,ERR,ERR,ERR,ERR,ERR,ERR,ERR,ERR,ERR,50.0,60.0,100,0.0,0.0,0.0,0.0,0.0,0.0,0.0,0.0,0.0,0.0,0.0,0.0,0.0,0.0,0.0,0.0,62.0,78,11,65508,50,65476,0,300,0,0,8,20529,65476,0,0,26214,60.0,0.0,0.0,0.0,0.0,0.0
2026-05-17T16:47:42,ERR,ERR,ERR,ERR,ERR,ERR,ERR,ERR,ERR,ERR,ERR,ERR,ERR,ERR,ERR,ERR,ERR,ERR,ERR,ERR,ERR,ERR,ERR,ERR,ERR,ERR,ERR,ERR,ERR,ERR,ERR,ERR,ERR,ERR,ERR,ERR,ERR,ERR,ERR,ERR,ERR,ERR,ERR,ERR,ERR,ERR,ERR,ERR,ERR,ERR,ERR,ERR,ERR,ERR,ERR,ERR,ERR,ERR,ERR,ERR,ERR,ERR,ERR,ERR,ERR,ERR,ERR,ERR,ERR,ERR,ERR,ERR,ERR,ERR,ERR,ERR,ERR,ERR,ERR,ERR,ERR,ERR,ERR,ERR,ERR,ERR,ERR,ERR,ERR,ERR,ERR,ERR,ERR,ERR,ERR,ERR,ERR,ERR,ERR,ERR,ERR,ERR,ERR,ERR,ERR,ERR,ERR,ERR,ERR,ERR,ERR,ERR,ERR,ERR,ERR,ERR,ERR,ERR,ERR,ERR,ERR,ERR,ERR,ERR,ERR,0.0,0.0,-134474944.0,0.0,0.0,1.3936040501711995e+18,7.805,0.0,0,0,4,0,8422,0.0,45,0.0,0.0,0.0,0.0,0.0,0,0,0,0,0.0,0,0,0,0,0,0,0,0,0,0,0,0,0,0,0,0,0,0,0,0,0,0,0,0,0,0,0,0,0,0,0,0,0,38,14,7,45,65476,0,300,0,0,8,21553,0.0,-107605600.0,0.0,0.0,0.0,0.0,0.0,0.0,0.0,0.0,0.0,0.0,0.0,0.0,0.0,0.0,0.0,0.0,0.0,0.0,0.0,0.0,0.0,0.0,-2.004,2.004,0.0,0.0,0.0,0.0,5043.0,0.0,0.0,0.0,0.0,0.0,-107615304.0,0.0,0.0,0.0,0.0,53,4.950428597886765e+32,0.0,0.0,0.0,0.0,0.0,0.0,0.0,0.0,0,0,0,0.0,0.0,0.0,0.0,0.0,0.0,0.0,0.0,0.0,0.0,0.0,0.0,0.0,0.0,0.0,0.0,0,-107875648.0,53,0.0,106,-107614832.0,2.7006707062415038e+23,ERR,ERR,ERR,ERR,ERR,ERR,ERR,ERR,ERR,ERR,ERR,ERR,ERR,ERR,ERR,ERR,ERR,ERR,ERR,ERR,ERR,ERR,ERR,ERR,ERR,ERR,ERR,ERR,ERR,ERR,ERR,ERR,ERR,ERR,ERR,ERR,ERR,ERR,ERR,ERR,ERR,ERR,ERR,ERR,ERR,ERR,ERR,ERR,ERR,ERR,ERR,ERR,ERR,ERR,ERR,ERR,ERR,ERR,ERR,ERR,ERR,ERR,ERR,ERR,ERR,ERR,ERR,50.0,60.0,100,0.0,0.0,0.0,0.0,0.0,0.0,0.0,0.0,0.0,0.0,0.0,0.0,0.0,0.0,0.0,0.0,61.6,78,11,65508,50,65476,0,300,0,0,8,20529,65476,0,0,26214,60.0,0.0,0.0,0.0,0.0,0.0
2026-05-17T16:47:43,ERR,ERR,ERR,ERR,ERR,ERR,ERR,ERR,ERR,ERR,ERR,ERR,ERR,ERR,ERR,ERR,ERR,ERR,ERR,ERR,ERR,ERR,ERR,ERR,ERR,ERR,ERR,ERR,ERR,ERR,ERR,ERR,ERR,ERR,ERR,ERR,ERR,ERR,ERR,ERR,ERR,ERR,ERR,ERR,ERR,ERR,ERR,ERR,ERR,ERR,ERR,ERR,ERR,ERR,ERR,ERR,ERR,ERR,ERR,ERR,ERR,ERR,ERR,ERR,ERR,ERR,ERR,ERR,ERR,ERR,ERR,ERR,ERR,ERR,ERR,ERR,ERR,ERR,ERR,ERR,ERR,ERR,ERR,ERR,ERR,ERR,ERR,ERR,ERR,ERR,ERR,ERR,ERR,ERR,ERR,ERR,ERR,ERR,ERR,ERR,ERR,ERR,ERR,ERR,ERR,ERR,ERR,ERR,ERR,ERR,ERR,ERR,ERR,ERR,ERR,ERR,ERR,ERR,ERR,ERR,ERR,ERR,ERR,ERR,ERR,0.0,0.0,-134474944.0,0.0,0.0,1.3936040501711995e+18,7.805,0.0,0,0,4,0,8422,0.0,45,0.0,0.0,0.0,0.0,0.0,0,0,0,0,0.0,0,0,0,0,0,0,0,0,0,0,0,0,0,0,0,0,0,0,0,0,0,0,0,0,0,0,0,0,0,0,0,0,0,38,14,7,45,65476,0,300,0,0,8,21553,0.0,-107605600.0,0.0,0.0,0.0,0.0,0.0,0.0,0.0,0.0,0.0,0.0,0.0,0.0,0.0,0.0,0.0,0.0,0.0,0.0,0.0,0.0,0.0,0.0,-2.004,2.004,0.0,0.0,0.0,0.0,5043.0,0.0,0.0,0.0,0.0,0.0,-107615304.0,0.0,0.0,0.0,0.0,53,4.950428597886765e+32,0.0,0.0,0.0,0.0,0.0,0.0,0.0,0.0,0,0,0,0.0,0.0,0.0,0.0,0.0,0.0,0.0,0.0,0.0,0.0,0.0,0.0,0.0,0.0,0.0,0.0,0,-107875648.0,53,0.0,106,-107614832.0,2.7006707062415038e+23,ERR,ERR,ERR,ERR,ERR,ERR,ERR,ERR,ERR,ERR,ERR,ERR,ERR,ERR,ERR,ERR,ERR,ERR,ERR,ERR,ERR,ERR,ERR,ERR,ERR,ERR,ERR,ERR,ERR,ERR,ERR,ERR,ERR,ERR,ERR,ERR,ERR,ERR,ERR,ERR,ERR,ERR,ERR,ERR,ERR,ERR,ERR,ERR,ERR,ERR,ERR,ERR,ERR,ERR,ERR,ERR,ERR,ERR,ERR,ERR,ERR,ERR,ERR,ERR,ERR,ERR,ERR,50.0,60.0,100,0.0,0.0,0.0,0.0,0.0,0.0,0.0,0.0,0.0,0.0,0.0,0.0,0.0,0.0,0.0,0.0,61.6,78,11,65508,50,65476,0,300,0,0,8,20529,65476,0,0,26214,60.0,0.0,0.0,0.0,0.0,0.0
2026-05-17T16:47:44,ERR,ERR,ERR,ERR,ERR,ERR,ERR,ERR,ERR,ERR,ERR,ERR,ERR,ERR,ERR,ERR,ERR,ERR,ERR,ERR,ERR,ERR,ERR,ERR,ERR,ERR,ERR,ERR,ERR,ERR,ERR,ERR,ERR,ERR,ERR,ERR,ERR,ERR,ERR,ERR,ERR,ERR,ERR,ERR,ERR,ERR,ERR,ERR,ERR,ERR,ERR,ERR,ERR,ERR,ERR,ERR,ERR,ERR,ERR,ERR,ERR,ERR,ERR,ERR,ERR,ERR,ERR,ERR,ERR,ERR,ERR,ERR,ERR,ERR,ERR,ERR,ERR,ERR,ERR,ERR,ERR,ERR,ERR,ERR,ERR,ERR,ERR,ERR,ERR,ERR,ERR,ERR,ERR,ERR,ERR,ERR,ERR,ERR,ERR,ERR,ERR,ERR,ERR,ERR,ERR,ERR,ERR,ERR,ERR,ERR,ERR,ERR,ERR,ERR,ERR,ERR,ERR,ERR,ERR,ERR,ERR,ERR,ERR,ERR,ERR,0.0,0.0,-134474944.0,0.0,0.0,1.3936040501711995e+18,7.805,0.0,0,0,4,0,8422,0.0,45,0.0,0.0,0.0,0.0,0.0,0,0,0,0,0.0,0,0,0,0,0,0,0,0,0,0,0,0,0,0,0,0,0,0,0,0,0,0,0,0,0,0,0,0,0,0,0,0,0,38,14,7,45,65476,0,300,0,0,8,21553,0.0,-107605600.0,0.0,0.0,0.0,0.0,0.0,0.0,0.0,0.0,0.0,0.0,0.0,0.0,0.0,0.0,0.0,0.0,0.0,0.0,0.0,0.0,0.0,0.0,-2.004,2.004,0.0,0.0,0.0,0.0,5043.0,0.0,0.0,0.0,0.0,0.0,-107615304.0,0.0,0.0,0.0,0.0,53,4.950428597886765e+32,0.0,0.0,0.0,0.0,0.0,0.0,0.0,0.0,0,0,0,0.0,0.0,0.0,0.0,0.0,0.0,0.0,0.0,0.0,0.0,0.0,0.0,0.0,0.0,0.0,0.0,0,-107875648.0,53,0.0,106,-107614832.0,2.7006707062415038e+23,ERR,ERR,ERR,ERR,ERR,ERR,ERR,ERR,ERR,ERR,ERR,ERR,ERR,ERR,ERR,ERR,ERR,ERR,ERR,ERR,ERR,ERR,ERR,ERR,ERR,ERR,ERR,ERR,ERR,ERR,ERR,ERR,ERR,ERR,ERR,ERR,ERR,ERR,ERR,ERR,ERR,ERR,ERR,ERR,ERR,ERR,ERR,ERR,ERR,ERR,ERR,ERR,ERR,ERR,ERR,ERR,ERR,ERR,ERR,ERR,ERR,ERR,ERR,ERR,ERR,ERR,ERR,50.0,60.0,100,0.0,0.0,0.0,0.0,0.0,0.0,0.0,0.0,0.0,0.0,0.0,0.0,0.0,0.0,0.0,0.0,62.0,78,11,65508,50,65476,0,300,0,0,8,20529,65476,0,0,26214,60.0,0.0,0.0,0.0,0.0,0.0
2026-05-17T16:47:45,ERR,ERR,ERR,ERR,ERR,ERR,ERR,ERR,ERR,ERR,ERR,ERR,ERR,ERR,ERR,ERR,ERR,ERR,ERR,ERR,ERR,ERR,ERR,ERR,ERR,ERR,ERR,ERR,ERR,ERR,ERR,ERR,ERR,ERR,ERR,ERR,ERR,ERR,ERR,ERR,ERR,ERR,ERR,ERR,ERR,ERR,ERR,ERR,ERR,ERR,ERR,ERR,ERR,ERR,ERR,ERR,ERR,ERR,ERR,ERR,ERR,ERR,ERR,ERR,ERR,ERR,ERR,ERR,ERR,ERR,ERR,ERR,ERR,ERR,ERR,ERR,ERR,ERR,ERR,ERR,ERR,ERR,ERR,ERR,ERR,ERR,ERR,ERR,ERR,ERR,ERR,ERR,ERR,ERR,ERR,ERR,ERR,ERR,ERR,ERR,ERR,ERR,ERR,ERR,ERR,ERR,ERR,ERR,ERR,ERR,ERR,ERR,ERR,ERR,ERR,ERR,ERR,ERR,ERR,ERR,ERR,ERR,ERR,ERR,ERR,0.0,0.0,-134474944.0,0.0,0.0,1.3936040501711995e+18,7.805,0.0,0,0,4,0,8422,0.0,45,0.0,0.0,0.0,0.0,0.0,0,0,0,0,0.0,0,0,0,0,0,0,0,0,0,0,0,0,0,0,0,0,0,0,0,0,0,0,0,0,0,0,0,0,0,0,0,0,0,38,14,7,45,65476,0,300,0,0,8,21553,0.0,-107605600.0,0.0,0.0,0.0,0.0,0.0,0.0,0.0,0.0,0.0,0.0,0.0,0.0,0.0,0.0,0.0,0.0,0.0,0.0,0.0,0.0,0.0,0.0,-2.004,2.004,0.0,0.0,0.0,0.0,5042.0,-0.0,0.0,0.0,0.0,0.0,-107615304.0,0.0,0.0,0.0,0.0,53,4.066880103266858e+29,-0.0,0.0,0.0,0.0,0.0,0.0,0.0,0.0,0,0,0,0.0,0.0,0.0,0.0,0.0,0.0,0.0,0.0,0.0,0.0,0.0,0.0,0.0,0.0,0.0,0.0,0,-107875648.0,53,0.0,106,-107614832.0,2.7006707062415038e+23,ERR,ERR,ERR,ERR,ERR,ERR,ERR,ERR,ERR,ERR,ERR,ERR,ERR,ERR,ERR,ERR,ERR,ERR,ERR,ERR,ERR,ERR,ERR,ERR,ERR,ERR,ERR,ERR,ERR,ERR,ERR,ERR,ERR,ERR,ERR,ERR,ERR,ERR,ERR,ERR,ERR,ERR,ERR,ERR,ERR,ERR,ERR,ERR,ERR,ERR,ERR,ERR,ERR,ERR,ERR,ERR,ERR,ERR,ERR,ERR,ERR,ERR,ERR,ERR,ERR,ERR,ERR,50.0,60.0,100,0.0,0.0,0.0,0.0,0.0,0.0,0.0,0.0,0.0,0.0,0.0,0.0,0.0,0.0,0.0,0.0,62.0,78,11,65508,50,65476,0,300,0,0,8,20529,65476,0,0,26214,60.0,0.0,0.0,0.0,0.0,0.0
2026-05-17T16:47:46,ERR,ERR,ERR,ERR,ERR,ERR,ERR,ERR,ERR,ERR,ERR,ERR,ERR,ERR,ERR,ERR,ERR,ERR,ERR,ERR,ERR,ERR,ERR,ERR,ERR,ERR,ERR,ERR,ERR,ERR,ERR,ERR,ERR,ERR,ERR,ERR,ERR,ERR,ERR,ERR,ERR,ERR,ERR,ERR,ERR,ERR,ERR,ERR,ERR,ERR,ERR,ERR,ERR,ERR,ERR,ERR,ERR,ERR,ERR,ERR,ERR,ERR,ERR,ERR,ERR,ERR,ERR,ERR,ERR,ERR,ERR,ERR,ERR,ERR,ERR,ERR,ERR,ERR,ERR,ERR,ERR,ERR,ERR,ERR,ERR,ERR,ERR,ERR,ERR,ERR,ERR,ERR,ERR,ERR,ERR,ERR,ERR,ERR,ERR,ERR,ERR,ERR,ERR,ERR,ERR,ERR,ERR,ERR,ERR,ERR,ERR,ERR,ERR,ERR,ERR,ERR,ERR,ERR,ERR,ERR,ERR,ERR,ERR,ERR,ERR,0.0,0.0,-134474944.0,0.0,0.0,1.3936040501711995e+18,7.805,0.0,0,0,4,0,8422,0.0,45,0.0,0.0,0.0,0.0,0.0,0,0,0,0,0.0,0,0,0,0,0,0,0,0,0,0,0,0,0,0,0,0,0,0,0,0,0,0,0,0,0,0,0,0,0,0,0,0,0,38,14,7,45,65476,0,300,0,0,8,21553,0.0,-107605600.0,0.0,0.0,0.0,0.0,0.0,0.0,0.0,0.0,0.0,0.0,0.0,0.0,0.0,0.0,0.0,0.0,0.0,0.0,0.0,0.0,0.0,0.0,-2.004,2.004,0.0,0.0,0.0,0.0,5042.0,-0.0,0.0,0.0,0.0,0.0,-107615304.0,0.0,0.0,0.0,0.0,53,4.066880103266858e+29,-0.0,0.0,0.0,0.0,0.0,0.0,0.0,0.0,0,0,0,0.0,0.0,0.0,0.0,0.0,0.0,0.0,0.0,0.0,0.0,0.0,0.0,0.0,0.0,0.0,0.0,0,-107875648.0,53,0.0,106,-107614832.0,2.7006707062415038e+23,ERR,ERR,ERR,ERR,ERR,ERR,ERR,ERR,ERR,ERR,ERR,ERR,ERR,ERR,ERR,ERR,ERR,ERR,ERR,ERR,ERR,ERR,ERR,ERR,ERR,ERR,ERR,ERR,ERR,ERR,ERR,ERR,ERR,ERR,ERR,ERR,ERR,ERR,ERR,ERR,ERR,ERR,ERR,ERR,ERR,ERR,ERR,ERR,ERR,ERR,ERR,ERR,ERR,ERR,ERR,ERR,ERR,ERR,ERR,ERR,ERR,ERR,ERR,ERR,ERR,ERR,ERR,50.0,60.0,100,0.0,0.0,0.0,0.0,0.0,0.0,0.0,0.0,0.0,0.0,0.0,0.0,0.0,0.0,0.0,0.0,62.0,78,11,65508,50,65476,0,300,0,0,8,20529,65476,0,0,26214,60.0,0.0,0.0,0.0,0.0,0.0
2026-05-17T16:47:47,ERR,ERR,ERR,ERR,ERR,ERR,ERR,ERR,ERR,ERR,ERR,ERR,ERR,ERR,ERR,ERR,ERR,ERR,ERR,ERR,ERR,ERR,ERR,ERR,ERR,ERR,ERR,ERR,ERR,ERR,ERR,ERR,ERR,ERR,ERR,ERR,ERR,ERR,ERR,ERR,ERR,ERR,ERR,ERR,ERR,ERR,ERR,ERR,ERR,ERR,ERR,ERR,ERR,ERR,ERR,ERR,ERR,ERR,ERR,ERR,ERR,ERR,ERR,ERR,ERR,ERR,ERR,ERR,ERR,ERR,ERR,ERR,ERR,ERR,ERR,ERR,ERR,ERR,ERR,ERR,ERR,ERR,ERR,ERR,ERR,ERR,ERR,ERR,ERR,ERR,ERR,ERR,ERR,ERR,ERR,ERR,ERR,ERR,ERR,ERR,ERR,ERR,ERR,ERR,ERR,ERR,ERR,ERR,ERR,ERR,ERR,ERR,ERR,ERR,ERR,ERR,ERR,ERR,ERR,ERR,ERR,ERR,ERR,ERR,ERR,0.0,0.0,-134474944.0,0.0,0.0,1.3936040501711995e+18,7.805,0.0,0,0,4,0,8422,0.0,45,0.0,0.0,0.0,0.0,0.0,0,0,0,0,0.0,0,0,0,0,0,0,0,0,0,0,0,0,0,0,0,0,0,0,0,0,0,0,0,0,0,0,0,0,0,0,0,0,0,38,14,7,45,65476,0,300,0,0,8,21553,0.0,-107605600.0,0.0,0.0,0.0,0.0,0.0,0.0,0.0,0.0,0.0,0.0,0.0,0.0,0.0,0.0,0.0,0.0,0.0,0.0,0.0,0.0,0.0,0.0,-2.004,2.004,0.0,0.0,0.0,0.0,5042.0,-0.0,0.0,0.0,0.0,0.0,-107615304.0,0.0,0.0,0.0,0.0,53,4.066880103266858e+29,-0.0,0.0,0.0,0.0,0.0,0.0,0.0,0.0,0,0,0,0.0,0.0,0.0,0.0,0.0,0.0,0.0,0.0,0.0,0.0,0.0,0.0,0.0,0.0,0.0,0.0,0,-107875648.0,53,0.0,106,-107614832.0,2.7006707062415038e+23,ERR,ERR,ERR,ERR,ERR,ERR,ERR,ERR,ERR,ERR,ERR,ERR,ERR,ERR,ERR,ERR,ERR,ERR,ERR,ERR,ERR,ERR,ERR,ERR,ERR,ERR,ERR,ERR,ERR,ERR,ERR,ERR,ERR,ERR,ERR,ERR,ERR,ERR,ERR,ERR,ERR,ERR,ERR,ERR,ERR,ERR,ERR,ERR,ERR,ERR,ERR,ERR,ERR,ERR,ERR,ERR,ERR,ERR,ERR,ERR,ERR,ERR,ERR,ERR,ERR,ERR,ERR,50.0,60.0,100,0.0,0.0,0.0,0.0,0.0,0.0,0.0,0.0,0.0,0.0,0.0,0.0,0.0,0.0,0.0,0.0,62.0,78,11,65508,50,65476,0,300,0,0,8,20529,65476,0,0,26214,60.0,0.0,0.0,0.0,0.0,0.0
2026-05-17T16:47:48,ERR,ERR,ERR,ERR,ERR,ERR,ERR,ERR,ERR,ERR,ERR,ERR,ERR,ERR,ERR,ERR,ERR,ERR,ERR,ERR,ERR,ERR,ERR,ERR,ERR,ERR,ERR,ERR,ERR,ERR,ERR,ERR,ERR,ERR,ERR,ERR,ERR,ERR,ERR,ERR,ERR,ERR,ERR,ERR,ERR,ERR,ERR,ERR,ERR,ERR,ERR,ERR,ERR,ERR,ERR,ERR,ERR,ERR,ERR,ERR,ERR,ERR,ERR,ERR,ERR,ERR,ERR,ERR,ERR,ERR,ERR,ERR,ERR,ERR,ERR,ERR,ERR,ERR,ERR,ERR,ERR,ERR,ERR,ERR,ERR,ERR,ERR,ERR,ERR,ERR,ERR,ERR,ERR,ERR,ERR,ERR,ERR,ERR,ERR,ERR,ERR,ERR,ERR,ERR,ERR,ERR,ERR,ERR,ERR,ERR,ERR,ERR,ERR,ERR,ERR,ERR,ERR,ERR,ERR,ERR,ERR,ERR,ERR,ERR,ERR,0.0,0.0,-134474944.0,0.0,0.0,1.3936040501711995e+18,7.805,0.0,0,0,4,0,8422,0.0,45,0.0,0.0,0.0,0.0,0.0,0,0,0,0,0.0,0,0,0,0,0,0,0,0,0,0,0,0,0,0,0,0,0,0,0,0,0,0,0,0,0,0,0,0,0,0,0,0,0,38,14,7,45,65476,0,300,0,0,8,21553,0.0,-107605600.0,0.0,0.0,0.0,0.0,0.0,0.0,0.0,0.0,0.0,0.0,0.0,0.0,0.0,0.0,0.0,0.0,0.0,0.0,0.0,0.0,0.0,0.0,-2.004,2.004,0.0,0.0,0.0,0.0,5042.0,-0.0,0.0,0.0,0.0,0.0,-107615304.0,0.0,0.0,0.0,0.0,53,4.066880103266858e+29,-0.0,0.0,0.0,0.0,0.0,0.0,0.0,0.0,0,0,0,0.0,0.0,0.0,0.0,0.0,0.0,0.0,0.0,0.0,0.0,0.0,0.0,0.0,0.0,0.0,0.0,0,-107875648.0,53,0.0,106,-107614832.0,2.7006707062415038e+23,ERR,ERR,ERR,ERR,ERR,ERR,ERR,ERR,ERR,ERR,ERR,ERR,ERR,ERR,ERR,ERR,ERR,ERR,ERR,ERR,ERR,ERR,ERR,ERR,ERR,ERR,ERR,ERR,ERR,ERR,ERR,ERR,ERR,ERR,ERR,ERR,ERR,ERR,ERR,ERR,ERR,ERR,ERR,ERR,ERR,ERR,ERR,ERR,ERR,ERR,ERR,ERR,ERR,ERR,ERR,ERR,ERR,ERR,ERR,ERR,ERR,ERR,ERR,ERR,ERR,ERR,ERR,50.0,60.0,100,0.0,0.0,0.0,0.0,0.0,0.0,0.0,0.0,0.0,0.0,0.0,0.0,0.0,0.0,0.0,0.0,62.0,78,11,65508,50,65476,0,300,0,0,8,20529,65476,0,0,26214,60.0,0.0,0.0,0.0,0.0,0.0
2026-05-17T16:47:49,ERR,ERR,ERR,ERR,ERR,ERR,ERR,ERR,ERR,ERR,ERR,ERR,ERR,ERR,ERR,ERR,ERR,ERR,ERR,ERR,ERR,ERR,ERR,ERR,ERR,ERR,ERR,ERR,ERR,ERR,ERR,ERR,ERR,ERR,ERR,ERR,ERR,ERR,ERR,ERR,ERR,ERR,ERR,ERR,ERR,ERR,ERR,ERR,ERR,ERR,ERR,ERR,ERR,ERR,ERR,ERR,ERR,ERR,ERR,ERR,ERR,ERR,ERR,ERR,ERR,ERR,ERR,ERR,ERR,ERR,ERR,ERR,ERR,ERR,ERR,ERR,ERR,ERR,ERR,ERR,ERR,ERR,ERR,ERR,ERR,ERR,ERR,ERR,ERR,ERR,ERR,ERR,ERR,ERR,ERR,ERR,ERR,ERR,ERR,ERR,ERR,ERR,ERR,ERR,ERR,ERR,ERR,ERR,ERR,ERR,ERR,ERR,ERR,ERR,ERR,ERR,ERR,ERR,ERR,ERR,ERR,ERR,ERR,ERR,ERR,0.0,0.0,-134474944.0,0.0,0.0,1.3936040501711995e+18,7.805,0.0,0,0,4,0,8422,0.0,45,0.0,0.0,0.0,0.0,0.0,0,0,0,0,0.0,0,0,0,0,0,0,0,0,0,0,0,0,0,0,0,0,0,0,0,0,0,0,0,0,0,0,0,0,0,0,0,0,0,38,14,7,45,65476,0,300,0,0,8,21553,0.0,-107605600.0,0.0,0.0,0.0,0.0,0.0,0.0,0.0,0.0,0.0,0.0,0.0,0.0,0.0,0.0,0.0,0.0,0.0,0.0,0.0,0.0,0.0,0.0,-2.004,2.004,0.0,0.0,0.0,0.0,5042.0,-0.0,0.0,0.0,0.0,0.0,-107615304.0,0.0,0.0,0.0,0.0,53,4.066880103266858e+29,-0.0,0.0,0.0,0.0,0.0,0.0,0.0,0.0,0,0,0,0.0,0.0,0.0,0.0,0.0,0.0,0.0,0.0,0.0,0.0,0.0,0.0,0.0,0.0,0.0,0.0,0,-107875648.0,53,0.0,106,-107614832.0,2.7006707062415038e+23,ERR,ERR,ERR,ERR,ERR,ERR,ERR,ERR,ERR,ERR,ERR,ERR,ERR,ERR,ERR,ERR,ERR,ERR,ERR,ERR,ERR,ERR,ERR,ERR,ERR,ERR,ERR,ERR,ERR,ERR,ERR,ERR,ERR,ERR,ERR,ERR,ERR,ERR,ERR,ERR,ERR,ERR,ERR,ERR,ERR,ERR,ERR,ERR,ERR,ERR,ERR,ERR,ERR,ERR,ERR,ERR,ERR,ERR,ERR,ERR,ERR,ERR,ERR,ERR,ERR,ERR,ERR,50.0,60.0,100,0.0,0.0,0.0,0.0,0.0,0.0,0.0,0.0,0.0,0.0,0.0,0.0,0.0,0.0,0.0,0.0,61.6,78,11,65508,50,65476,0,300,0,0,8,20529,65476,0,0,26214,60.0,0.0,0.0,0.0,0.0,0.0
2026-05-17T16:47:50,ERR,ERR,ERR,ERR,ERR,ERR,ERR,ERR,ERR,ERR,ERR,ERR,ERR,ERR,ERR,ERR,ERR,ERR,ERR,ERR,ERR,ERR,ERR,ERR,ERR,ERR,ERR,ERR,ERR,ERR,ERR,ERR,ERR,ERR,ERR,ERR,ERR,ERR,ERR,ERR,ERR,ERR,ERR,ERR,ERR,ERR,ERR,ERR,ERR,ERR,ERR,ERR,ERR,ERR,ERR,ERR,ERR,ERR,ERR,ERR,ERR,ERR,ERR,ERR,ERR,ERR,ERR,ERR,ERR,ERR,ERR,ERR,ERR,ERR,ERR,ERR,ERR,ERR,ERR,ERR,ERR,ERR,ERR,ERR,ERR,ERR,ERR,ERR,ERR,ERR,ERR,ERR,ERR,ERR,ERR,ERR,ERR,ERR,ERR,ERR,ERR,ERR,ERR,ERR,ERR,ERR,ERR,ERR,ERR,ERR,ERR,ERR,ERR,ERR,ERR,ERR,ERR,ERR,ERR,ERR,ERR,ERR,ERR,ERR,ERR,0.0,0.0,-134474944.0,0.0,0.0,1.3936040501711995e+18,7.805,0.0,0,0,4,0,8422,0.0,45,0.0,0.0,0.0,0.0,0.0,0,0,0,0,0.0,0,0,0,0,0,0,0,0,0,0,0,0,0,0,0,0,0,0,0,0,0,0,0,0,0,0,0,0,0,0,0,0,0,38,14,7,45,65476,0,300,0,0,8,21553,0.0,-107605600.0,0.0,0.0,0.0,0.0,0.0,0.0,0.0,0.0,0.0,0.0,0.0,0.0,0.0,0.0,0.0,0.0,0.0,0.0,0.0,0.0,0.0,0.0,-2.004,2.004,0.0,0.0,0.0,0.0,5041.0,-0.0,0.0,0.0,0.0,0.0,-107615304.0,0.0,0.0,0.0,0.0,53,3.222028592685471e+26,-2.308828227263571e+20,0.0,0.0,0.0,0.0,0.0,0.0,0.0,0,0,0,0.0,0.0,0.0,0.0,0.0,0.0,0.0,0.0,0.0,0.0,0.0,0.0,0.0,0.0,0.0,0.0,0,-107875648.0,53,0.0,106,-107614832.0,2.7006707062415038e+23,ERR,ERR,ERR,ERR,ERR,ERR,ERR,ERR,ERR,ERR,ERR,ERR,ERR,ERR,ERR,ERR,ERR,ERR,ERR,ERR,ERR,ERR,ERR,ERR,ERR,ERR,ERR,ERR,ERR,ERR,ERR,ERR,ERR,ERR,ERR,ERR,ERR,ERR,ERR,ERR,ERR,ERR,ERR,ERR,ERR,ERR,ERR,ERR,ERR,ERR,ERR,ERR,ERR,ERR,ERR,ERR,ERR,ERR,ERR,ERR,ERR,ERR,ERR,ERR,ERR,ERR,ERR,50.0,60.0,100,0.0,0.0,0.0,0.0,0.0,0.0,0.0,0.0,0.0,0.0,0.0,0.0,0.0,0.0,0.0,0.0,61.6,78,11,65508,50,65476,0,300,0,0,8,20529,65476,0,0,26214,60.0,0.0,0.0,0.0,0.0,0.0
2026-05-17T16:47:51,ERR,ERR,ERR,ERR,ERR,ERR,ERR,ERR,ERR,ERR,ERR,ERR,ERR,ERR,ERR,ERR,ERR,ERR,ERR,ERR,ERR,ERR,ERR,ERR,ERR,ERR,ERR,ERR,ERR,ERR,ERR,ERR,ERR,ERR,ERR,ERR,ERR,ERR,ERR,ERR,ERR,ERR,ERR,ERR,ERR,ERR,ERR,ERR,ERR,ERR,ERR,ERR,ERR,ERR,ERR,ERR,ERR,ERR,ERR,ERR,ERR,ERR,ERR,ERR,ERR,ERR,ERR,ERR,ERR,ERR,ERR,ERR,ERR,ERR,ERR,ERR,ERR,ERR,ERR,ERR,ERR,ERR,ERR,ERR,ERR,ERR,ERR,ERR,ERR,ERR,ERR,ERR,ERR,ERR,ERR,ERR,ERR,ERR,ERR,ERR,ERR,ERR,ERR,ERR,ERR,ERR,ERR,ERR,ERR,ERR,ERR,ERR,ERR,ERR,ERR,ERR,ERR,ERR,ERR,ERR,ERR,ERR,ERR,ERR,ERR,0.0,0.0,-134474944.0,0.0,0.0,1.3936040501711995e+18,7.805,0.0,0,0,4,0,8422,0.0,45,0.0,0.0,0.0,0.0,0.0,0,0,0,0,0.0,0,0,0,0,0,0,0,0,0,0,0,0,0,0,0,0,0,0,0,0,0,0,0,0,0,0,0,0,0,0,0,0,0,38,14,7,45,65476,0,300,0,0,8,21553,0.0,-107605600.0,0.0,0.0,0.0,0.0,0.0,0.0,0.0,0.0,0.0,0.0,0.0,0.0,0.0,0.0,0.0,0.0,0.0,0.0,0.0,0.0,0.0,0.0,-2.004,2.004,0.0,0.0,0.0,0.0,5041.0,-0.0,0.0,0.0,0.0,0.0,-107615304.0,0.0,0.0,0.0,0.0,53,3.222028592685471e+26,-2.308828227263571e+20,0.0,0.0,0.0,0.0,0.0,0.0,0.0,0,0,0,0.0,0.0,0.0,0.0,0.0,0.0,0.0,0.0,0.0,0.0,0.0,0.0,0.0,0.0,0.0,0.0,0,-107875648.0,53,0.0,106,-107614832.0,2.7006707062415038e+23,ERR,ERR,ERR,ERR,ERR,ERR,ERR,ERR,ERR,ERR,ERR,ERR,ERR,ERR,ERR,ERR,ERR,ERR,ERR,ERR,ERR,ERR,ERR,ERR,ERR,ERR,ERR,ERR,ERR,ERR,ERR,ERR,ERR,ERR,ERR,ERR,ERR,ERR,ERR,ERR,ERR,ERR,ERR,ERR,ERR,ERR,ERR,ERR,ERR,ERR,ERR,ERR,ERR,ERR,ERR,ERR,ERR,ERR,ERR,ERR,ERR,ERR,ERR,ERR,ERR,ERR,ERR,50.0,60.0,100,0.0,0.0,0.0,0.0,0.0,0.0,0.0,0.0,0.0,0.0,0.0,0.0,0.0,0.0,0.0,0.0,62.0,78,11,65508,50,65476,0,300,0,0,8,20529,65476,0,0,26214,60.0,0.0,0.0,0.0,0.0,0.0
2026-05-17T16:47:52,ERR,ERR,ERR,ERR,ERR,ERR,ERR,ERR,ERR,ERR,ERR,ERR,ERR,ERR,ERR,ERR,ERR,ERR,ERR,ERR,ERR,ERR,ERR,ERR,ERR,ERR,ERR,ERR,ERR,ERR,ERR,ERR,ERR,ERR,ERR,ERR,ERR,ERR,ERR,ERR,ERR,ERR,ERR,ERR,ERR,ERR,ERR,ERR,ERR,ERR,ERR,ERR,ERR,ERR,ERR,ERR,ERR,ERR,ERR,ERR,ERR,ERR,ERR,ERR,ERR,ERR,ERR,ERR,ERR,ERR,ERR,ERR,ERR,ERR,ERR,ERR,ERR,ERR,ERR,ERR,ERR,ERR,ERR,ERR,ERR,ERR,ERR,ERR,ERR,ERR,ERR,ERR,ERR,ERR,ERR,ERR,ERR,ERR,ERR,ERR,ERR,ERR,ERR,ERR,ERR,ERR,ERR,ERR,ERR,ERR,ERR,ERR,ERR,ERR,ERR,ERR,ERR,ERR,ERR,ERR,ERR,ERR,ERR,ERR,ERR,0.0,0.0,-134474944.0,0.0,0.0,1.3936040501711995e+18,7.805,0.0,0,0,4,0,8422,0.0,45,0.0,0.0,0.0,0.0,0.0,0,0,0,0,0.0,0,0,0,0,0,0,0,0,0,0,0,0,0,0,0,0,0,0,0,0,0,0,0,0,0,0,0,0,0,0,0,0,0,38,14,7,45,65476,0,300,0,0,8,21553,0.0,-107605600.0,0.0,0.0,0.0,0.0,0.0,0.0,0.0,0.0,0.0,0.0,0.0,0.0,0.0,0.0,0.0,0.0,0.0,0.0,0.0,0.0,0.0,0.0,-2.004,2.004,0.0,0.0,0.0,0.0,5041.0,-0.0,0.0,0.0,0.0,0.0,-107615304.0,0.0,0.0,0.0,0.0,53,3.222028592685471e+26,-2.308828227263571e+20,0.0,0.0,0.0,0.0,0.0,0.0,0.0,0,0,0,0.0,0.0,0.0,0.0,0.0,0.0,0.0,0.0,0.0,0.0,0.0,0.0,0.0,0.0,0.0,0.0,0,-107875648.0,53,0.0,106,-107614832.0,2.7006707062415038e+23,ERR,ERR,ERR,ERR,ERR,ERR,ERR,ERR,ERR,ERR,ERR,ERR,ERR,ERR,ERR,ERR,ERR,ERR,ERR,ERR,ERR,ERR,ERR,ERR,ERR,ERR,ERR,ERR,ERR,ERR,ERR,ERR,ERR,ERR,ERR,ERR,ERR,ERR,ERR,ERR,ERR,ERR,ERR,ERR,ERR,ERR,ERR,ERR,ERR,ERR,ERR,ERR,ERR,ERR,ERR,ERR,ERR,ERR,ERR,ERR,ERR,ERR,ERR,ERR,ERR,ERR,ERR,50.0,60.0,100,0.0,0.0,0.0,0.0,0.0,0.0,0.0,0.0,0.0,0.0,0.0,0.0,0.0,0.0,0.0,0.0,62.0,78,11,65508,50,65476,0,300,0,0,8,20529,65476,0,0,26214,60.0,0.0,0.0,0.0,0.0,0.0
2026-05-17T16:47:53,ERR,ERR,ERR,ERR,ERR,ERR,ERR,ERR,ERR,ERR,ERR,ERR,ERR,ERR,ERR,ERR,ERR,ERR,ERR,ERR,ERR,ERR,ERR,ERR,ERR,ERR,ERR,ERR,ERR,ERR,ERR,ERR,ERR,ERR,ERR,ERR,ERR,ERR,ERR,ERR,ERR,ERR,ERR,ERR,ERR,ERR,ERR,ERR,ERR,ERR,ERR,ERR,ERR,ERR,ERR,ERR,ERR,ERR,ERR,ERR,ERR,ERR,ERR,ERR,ERR,ERR,ERR,ERR,ERR,ERR,ERR,ERR,ERR,ERR,ERR,ERR,ERR,ERR,ERR,ERR,ERR,ERR,ERR,ERR,ERR,ERR,ERR,ERR,ERR,ERR,ERR,ERR,ERR,ERR,ERR,ERR,ERR,ERR,ERR,ERR,ERR,ERR,ERR,ERR,ERR,ERR,ERR,ERR,ERR,ERR,ERR,ERR,ERR,ERR,ERR,ERR,ERR,ERR,ERR,ERR,ERR,ERR,ERR,ERR,ERR,0.0,0.0,-134474944.0,0.0,0.0,1.3936040501711995e+18,7.805,0.0,0,0,4,0,8422,0.0,45,0.0,0.0,0.0,0.0,0.0,0,0,0,0,0.0,0,0,0,0,0,0,0,0,0,0,0,0,0,0,0,0,0,0,0,0,0,0,0,0,0,0,0,0,0,0,0,0,0,38,14,7,45,65476,0,300,0,0,8,21553,0.0,-107605600.0,0.0,0.0,0.0,0.0,0.0,0.0,0.0,0.0,0.0,0.0,0.0,0.0,0.0,0.0,0.0,0.0,0.0,0.0,0.0,0.0,0.0,0.0,-2.004,2.004,0.0,0.0,0.0,0.0,5041.0,-0.0,0.0,0.0,0.0,0.0,-107615304.0,0.0,0.0,0.0,0.0,53,3.222028592685471e+26,-2.308828227263571e+20,0.0,0.0,0.0,0.0,0.0,0.0,0.0,0,0,0,0.0,0.0,0.0,0.0,0.0,0.0,0.0,0.0,0.0,0.0,0.0,0.0,0.0,0.0,0.0,0.0,0,-107875648.0,53,0.0,106,-107614832.0,2.7006707062415038e+23,ERR,ERR,ERR,ERR,ERR,ERR,ERR,ERR,ERR,ERR,ERR,ERR,ERR,ERR,ERR,ERR,ERR,ERR,ERR,ERR,ERR,ERR,ERR,ERR,ERR,ERR,ERR,ERR,ERR,ERR,ERR,ERR,ERR,ERR,ERR,ERR,ERR,ERR,ERR,ERR,ERR,ERR,ERR,ERR,ERR,ERR,ERR,ERR,ERR,ERR,ERR,ERR,ERR,ERR,ERR,ERR,ERR,ERR,ERR,ERR,ERR,ERR,ERR,ERR,ERR,ERR,ERR,50.0,60.0,100,0.0,0.0,0.0,0.0,0.0,0.0,0.0,0.0,0.0,0.0,0.0,0.0,0.0,0.0,0.0,0.0,62.0,78,11,65508,50,65476,0,300,0,0,8,20529,65476,0,0,26214,60.0,0.0,0.0,0.0,0.0,0.0
2026-05-17T16:47:54,ERR,ERR,ERR,ERR,ERR,ERR,ERR,ERR,ERR,ERR,ERR,ERR,ERR,ERR,ERR,ERR,ERR,ERR,ERR,ERR,ERR,ERR,ERR,ERR,ERR,ERR,ERR,ERR,ERR,ERR,ERR,ERR,ERR,ERR,ERR,ERR,ERR,ERR,ERR,ERR,ERR,ERR,ERR,ERR,ERR,ERR,ERR,ERR,ERR,ERR,ERR,ERR,ERR,ERR,ERR,ERR,ERR,ERR,ERR,ERR,ERR,ERR,ERR,ERR,ERR,ERR,ERR,ERR,ERR,ERR,ERR,ERR,ERR,ERR,ERR,ERR,ERR,ERR,ERR,ERR,ERR,ERR,ERR,ERR,ERR,ERR,ERR,ERR,ERR,ERR,ERR,ERR,ERR,ERR,ERR,ERR,ERR,ERR,ERR,ERR,ERR,ERR,ERR,ERR,ERR,ERR,ERR,ERR,ERR,ERR,ERR,ERR,ERR,ERR,ERR,ERR,ERR,ERR,ERR,ERR,ERR,ERR,ERR,ERR,ERR,0.0,0.0,-134474944.0,0.0,0.0,1.3936040501711995e+18,7.805,0.0,0,0,4,0,8422,0.0,45,0.0,0.0,0.0,0.0,0.0,0,0,0,0,0.0,0,0,0,0,0,0,0,0,0,0,0,0,0,0,0,0,0,0,0,0,0,0,0,0,0,0,0,0,0,0,0,0,0,38,14,7,45,65476,0,300,0,0,8,21553,0.0,-107605600.0,0.0,0.0,0.0,0.0,0.0,0.0,0.0,0.0,0.0,0.0,0.0,0.0,0.0,0.0,0.0,0.0,0.0,0.0,0.0,0.0,0.0,0.0,-2.004,2.004,0.0,0.0,0.0,0.0,5041.0,-0.0,0.0,0.0,0.0,0.0,-107615304.0,0.0,0.0,0.0,0.0,53,3.222028592685471e+26,-2.308828227263571e+20,0.0,0.0,0.0,0.0,0.0,0.0,0.0,0,0,0,0.0,0.0,0.0,0.0,0.0,0.0,0.0,0.0,0.0,0.0,0.0,0.0,0.0,0.0,0.0,0.0,0,-107875648.0,53,0.0,106,-107614832.0,2.7006707062415038e+23,ERR,ERR,ERR,ERR,ERR,ERR,ERR,ERR,ERR,ERR,ERR,ERR,ERR,ERR,ERR,ERR,ERR,ERR,ERR,ERR,ERR,ERR,ERR,ERR,ERR,ERR,ERR,ERR,ERR,ERR,ERR,ERR,ERR,ERR,ERR,ERR,ERR,ERR,ERR,ERR,ERR,ERR,ERR,ERR,ERR,ERR,ERR,ERR,ERR,ERR,ERR,ERR,ERR,ERR,ERR,ERR,ERR,ERR,ERR,ERR,ERR,ERR,ERR,ERR,ERR,ERR,ERR,50.0,60.0,100,0.0,0.0,0.0,0.0,0.0,0.0,0.0,0.0,0.0,0.0,0.0,0.0,0.0,0.0,0.0,0.0,61.6,78,11,65508,50,65476,0,300,0,0,8,20529,65476,0,0,26214,60.0,0.0,0.0,0.0,0.0,0.0
2026-05-17T16:47:55,ERR,ERR,ERR,ERR,ERR,ERR,ERR,ERR,ERR,ERR,ERR,ERR,ERR,ERR,ERR,ERR,ERR,ERR,ERR,ERR,ERR,ERR,ERR,ERR,ERR,ERR,ERR,ERR,ERR,ERR,ERR,ERR,ERR,ERR,ERR,ERR,ERR,ERR,ERR,ERR,ERR,ERR,ERR,ERR,ERR,ERR,ERR,ERR,ERR,ERR,ERR,ERR,ERR,ERR,ERR,ERR,ERR,ERR,ERR,ERR,ERR,ERR,ERR,ERR,ERR,ERR,ERR,ERR,ERR,ERR,ERR,ERR,ERR,ERR,ERR,ERR,ERR,ERR,ERR,ERR,ERR,ERR,ERR,ERR,ERR,ERR,ERR,ERR,ERR,ERR,ERR,ERR,ERR,ERR,ERR,ERR,ERR,ERR,ERR,ERR,ERR,ERR,ERR,ERR,ERR,ERR,ERR,ERR,ERR,ERR,ERR,ERR,ERR,ERR,ERR,ERR,ERR,ERR,ERR,ERR,ERR,ERR,ERR,ERR,ERR,0.0,0.0,-134474944.0,0.0,0.0,1.3936040501711995e+18,7.805,0.0,0,0,4,0,8422,0.0,45,0.0,0.0,0.0,0.0,0.0,0,0,0,0,0.0,0,0,0,0,0,0,0,0,0,0,0,0,0,0,0,0,0,0,0,0,0,0,0,0,0,0,0,0,0,0,0,0,0,38,14,7,45,65476,0,300,0,0,8,21553,0.0,-107605600.0,0.0,0.0,0.0,0.0,0.0,0.0,0.0,0.0,0.0,0.0,0.0,0.0,0.0,0.0,0.0,0.0,0.0,0.0,0.0,0.0,0.0,0.0,-2.004,2.004,0.0,0.0,0.0,0.0,5044.0,131350.453,0.0,0.0,0.0,0.0,-107615304.0,0.0,0.0,0.0,0.0,53,5.848083413016271e+35,126840545280.0,0.0,0.0,0.0,0.0,0.0,0.0,0.0,0,0,0,0.0,0.0,0.0,0.0,0.0,0.0,0.0,0.0,0.0,0.0,0.0,0.0,0.0,0.0,0.0,0.0,0,-107875648.0,53,0.0,106,-107614832.0,2.7006707062415038e+23,ERR,ERR,ERR,ERR,ERR,ERR,ERR,ERR,ERR,ERR,ERR,ERR,ERR,ERR,ERR,ERR,ERR,ERR,ERR,ERR,ERR,ERR,ERR,ERR,ERR,ERR,ERR,ERR,ERR,ERR,ERR,ERR,ERR,ERR,ERR,ERR,ERR,ERR,ERR,ERR,ERR,ERR,ERR,ERR,ERR,ERR,ERR,ERR,ERR,ERR,ERR,ERR,ERR,ERR,ERR,ERR,ERR,ERR,ERR,ERR,ERR,ERR,ERR,ERR,ERR,ERR,ERR,50.0,60.0,100,0.0,0.0,0.0,0.0,0.0,0.0,0.0,0.0,0.0,0.0,0.0,0.0,0.0,0.0,0.0,0.0,61.6,78,11,65508,50,65476,0,300,0,0,8,20529,65476,0,0,26214,60.0,0.0,0.0,0.0,0.0,0.0
2026-05-17T16:47:56,ERR,ERR,ERR,ERR,ERR,ERR,ERR,ERR,ERR,ERR,ERR,ERR,ERR,ERR,ERR,ERR,ERR,ERR,ERR,ERR,ERR,ERR,ERR,ERR,ERR,ERR,ERR,ERR,ERR,ERR,ERR,ERR,ERR,ERR,ERR,ERR,ERR,ERR,ERR,ERR,ERR,ERR,ERR,ERR,ERR,ERR,ERR,ERR,ERR,ERR,ERR,ERR,ERR,ERR,ERR,ERR,ERR,ERR,ERR,ERR,ERR,ERR,ERR,ERR,ERR,ERR,ERR,ERR,ERR,ERR,ERR,ERR,ERR,ERR,ERR,ERR,ERR,ERR,ERR,ERR,ERR,ERR,ERR,ERR,ERR,ERR,ERR,ERR,ERR,ERR,ERR,ERR,ERR,ERR,ERR,ERR,ERR,ERR,ERR,ERR,ERR,ERR,ERR,ERR,ERR,ERR,ERR,ERR,ERR,ERR,ERR,ERR,ERR,ERR,ERR,ERR,ERR,ERR,ERR,ERR,ERR,ERR,ERR,ERR,ERR,0.0,0.0,-134474944.0,0.0,0.0,1.3936040501711995e+18,7.805,0.0,0,0,4,0,8422,0.0,45,0.0,0.0,0.0,0.0,0.0,0,0,0,0,0.0,0,0,0,0,0,0,0,0,0,0,0,0,0,0,0,0,0,0,0,0,0,0,0,0,0,0,0,0,0,0,0,0,0,38,14,7,45,65476,0,300,0,0,8,21553,0.0,-107605600.0,0.0,0.0,0.0,0.0,0.0,0.0,0.0,0.0,0.0,0.0,0.0,0.0,0.0,0.0,0.0,0.0,0.0,0.0,0.0,0.0,0.0,0.0,-2.004,2.004,0.0,0.0,0.0,0.0,5044.0,131350.453,0.0,0.0,0.0,0.0,-107615304.0,0.0,0.0,0.0,0.0,53,5.848083413016271e+35,126840545280.0,0.0,0.0,0.0,0.0,0.0,0.0,0.0,0,0,0,0.0,0.0,0.0,0.0,0.0,0.0,0.0,0.0,0.0,0.0,0.0,0.0,0.0,0.0,0.0,0.0,0,-107875648.0,53,0.0,106,-107614832.0,2.7006707062415038e+23,ERR,ERR,ERR,ERR,ERR,ERR,ERR,ERR,ERR,ERR,ERR,ERR,ERR,ERR,ERR,ERR,ERR,ERR,ERR,ERR,ERR,ERR,ERR,ERR,ERR,ERR,ERR,ERR,ERR,ERR,ERR,ERR,ERR,ERR,ERR,ERR,ERR,ERR,ERR,ERR,ERR,ERR,ERR,ERR,ERR,ERR,ERR,ERR,ERR,ERR,ERR,ERR,ERR,ERR,ERR,ERR,ERR,ERR,ERR,ERR,ERR,ERR,ERR,ERR,ERR,ERR,ERR,50.0,60.0,100,0.0,0.0,0.0,0.0,0.0,0.0,0.0,0.0,0.0,0.0,0.0,0.0,0.0,0.0,0.0,0.0,61.6,78,11,65508,50,65476,0,300,0,0,8,20529,65476,0,0,26214,60.0,0.0,0.0,0.0,0.0,0.0
2026-05-17T16:47:57,ERR,ERR,ERR,ERR,ERR,ERR,ERR,ERR,ERR,ERR,ERR,ERR,ERR,ERR,ERR,ERR,ERR,ERR,ERR,ERR,ERR,ERR,ERR,ERR,ERR,ERR,ERR,ERR,ERR,ERR,ERR,ERR,ERR,ERR,ERR,ERR,ERR,ERR,ERR,ERR,ERR,ERR,ERR,ERR,ERR,ERR,ERR,ERR,ERR,ERR,ERR,ERR,ERR,ERR,ERR,ERR,ERR,ERR,ERR,ERR,ERR,ERR,ERR,ERR,ERR,ERR,ERR,ERR,ERR,ERR,ERR,ERR,ERR,ERR,ERR,ERR,ERR,ERR,ERR,ERR,ERR,ERR,ERR,ERR,ERR,ERR,ERR,ERR,ERR,ERR,ERR,ERR,ERR,ERR,ERR,ERR,ERR,ERR,ERR,ERR,ERR,ERR,ERR,ERR,ERR,ERR,ERR,ERR,ERR,ERR,ERR,ERR,ERR,ERR,ERR,ERR,ERR,ERR,ERR,ERR,ERR,ERR,ERR,ERR,ERR,0.0,0.0,-134474944.0,0.0,0.0,1.3936040501711995e+18,7.805,0.0,0,0,4,0,8422,0.0,45,0.0,0.0,0.0,0.0,0.0,0,0,0,0,0.0,0,0,0,0,0,0,0,0,0,0,0,0,0,0,0,0,0,0,0,0,0,0,0,0,0,0,0,0,0,0,0,0,0,38,14,7,45,65476,0,300,0,0,8,21553,0.0,-107605600.0,0.0,0.0,0.0,0.0,0.0,0.0,0.0,0.0,0.0,0.0,0.0,0.0,0.0,0.0,0.0,0.0,0.0,0.0,0.0,0.0,0.0,0.0,-2.004,2.004,0.0,0.0,0.0,0.0,5044.0,131350.453,0.0,0.0,0.0,0.0,-107615304.0,0.0,0.0,0.0,0.0,53,5.848083413016271e+35,126840545280.0,0.0,0.0,0.0,0.0,0.0,0.0,0.0,0,0,0,0.0,0.0,0.0,0.0,0.0,0.0,0.0,0.0,0.0,0.0,0.0,0.0,0.0,0.0,0.0,0.0,0,-107875648.0,53,0.0,106,-107614832.0,2.7006707062415038e+23,ERR,ERR,ERR,ERR,ERR,ERR,ERR,ERR,ERR,ERR,ERR,ERR,ERR,ERR,ERR,ERR,ERR,ERR,ERR,ERR,ERR,ERR,ERR,ERR,ERR,ERR,ERR,ERR,ERR,ERR,ERR,ERR,ERR,ERR,ERR,ERR,ERR,ERR,ERR,ERR,ERR,ERR,ERR,ERR,ERR,ERR,ERR,ERR,ERR,ERR,ERR,ERR,ERR,ERR,ERR,ERR,ERR,ERR,ERR,ERR,ERR,ERR,ERR,ERR,ERR,ERR,ERR,50.0,60.0,100,0.0,0.0,0.0,0.0,0.0,0.0,0.0,0.0,0.0,0.0,0.0,0.0,0.0,0.0,0.0,0.0,61.6,78,11,65508,50,65476,0,300,0,0,8,20529,65476,0,0,26214,60.0,0.0,0.0,0.0,0.0,0.0
2026-05-17T16:47:58,ERR,ERR,ERR,ERR,ERR,ERR,ERR,ERR,ERR,ERR,ERR,ERR,ERR,ERR,ERR,ERR,ERR,ERR,ERR,ERR,ERR,ERR,ERR,ERR,ERR,ERR,ERR,ERR,ERR,ERR,ERR,ERR,ERR,ERR,ERR,ERR,ERR,ERR,ERR,ERR,ERR,ERR,ERR,ERR,ERR,ERR,ERR,ERR,ERR,ERR,ERR,ERR,ERR,ERR,ERR,ERR,ERR,ERR,ERR,ERR,ERR,ERR,ERR,ERR,ERR,ERR,ERR,ERR,ERR,ERR,ERR,ERR,ERR,ERR,ERR,ERR,ERR,ERR,ERR,ERR,ERR,ERR,ERR,ERR,ERR,ERR,ERR,ERR,ERR,ERR,ERR,ERR,ERR,ERR,ERR,ERR,ERR,ERR,ERR,ERR,ERR,ERR,ERR,ERR,ERR,ERR,ERR,ERR,ERR,ERR,ERR,ERR,ERR,ERR,ERR,ERR,ERR,ERR,ERR,ERR,ERR,ERR,ERR,ERR,ERR,0.0,0.0,-134474944.0,0.0,0.0,1.3936040501711995e+18,7.805,0.0,0,0,4,0,8422,0.0,45,0.0,0.0,0.0,0.0,0.0,0,0,0,0,0.0,0,0,0,0,0,0,0,0,0,0,0,0,0,0,0,0,0,0,0,0,0,0,0,0,0,0,0,0,0,0,0,0,0,38,14,7,45,65476,0,300,0,0,8,21553,0.0,-107605600.0,0.0,0.0,0.0,0.0,0.0,0.0,0.0,0.0,0.0,0.0,0.0,0.0,0.0,0.0,0.0,0.0,0.0,0.0,0.0,0.0,0.0,0.0,-2.004,2.004,0.0,0.0,0.0,0.0,5044.0,131350.453,0.0,0.0,0.0,0.0,-107615304.0,0.0,0.0,0.0,0.0,53,5.848083413016271e+35,126840545280.0,0.0,0.0,0.0,0.0,0.0,0.0,0.0,0,0,0,0.0,0.0,0.0,0.0,0.0,0.0,0.0,0.0,0.0,0.0,0.0,0.0,0.0,0.0,0.0,0.0,0,-107875648.0,53,0.0,106,-107614832.0,2.7006707062415038e+23,ERR,ERR,ERR,ERR,ERR,ERR,ERR,ERR,ERR,ERR,ERR,ERR,ERR,ERR,ERR,ERR,ERR,ERR,ERR,ERR,ERR,ERR,ERR,ERR,ERR,ERR,ERR,ERR,ERR,ERR,ERR,ERR,ERR,ERR,ERR,ERR,ERR,ERR,ERR,ERR,ERR,ERR,ERR,ERR,ERR,ERR,ERR,ERR,ERR,ERR,ERR,ERR,ERR,ERR,ERR,ERR,ERR,ERR,ERR,ERR,ERR,ERR,ERR,ERR,ERR,ERR,ERR,50.0,60.0,100,0.0,0.0,0.0,0.0,0.0,0.0,0.0,0.0,0.0,0.0,0.0,0.0,0.0,0.0,0.0,0.0,62.0,78,11,65508,50,65476,0,300,0,0,8,20529,65476,0,0,26214,60.0,0.0,0.0,0.0,0.0,0.0
2026-05-17T16:47:59,ERR,ERR,ERR,ERR,ERR,ERR,ERR,ERR,ERR,ERR,ERR,ERR,ERR,ERR,ERR,ERR,ERR,ERR,ERR,ERR,ERR,ERR,ERR,ERR,ERR,ERR,ERR,ERR,ERR,ERR,ERR,ERR,ERR,ERR,ERR,ERR,ERR,ERR,ERR,ERR,ERR,ERR,ERR,ERR,ERR,ERR,ERR,ERR,ERR,ERR,ERR,ERR,ERR,ERR,ERR,ERR,ERR,ERR,ERR,ERR,ERR,ERR,ERR,ERR,ERR,ERR,ERR,ERR,ERR,ERR,ERR,ERR,ERR,ERR,ERR,ERR,ERR,ERR,ERR,ERR,ERR,ERR,ERR,ERR,ERR,ERR,ERR,ERR,ERR,ERR,ERR,ERR,ERR,ERR,ERR,ERR,ERR,ERR,ERR,ERR,ERR,ERR,ERR,ERR,ERR,ERR,ERR,ERR,ERR,ERR,ERR,ERR,ERR,ERR,ERR,ERR,ERR,ERR,ERR,ERR,ERR,ERR,ERR,ERR,ERR,0.0,0.0,-134474944.0,0.0,0.0,1.3936040501711995e+18,7.805,0.0,0,0,4,0,8422,0.0,45,0.0,0.0,0.0,0.0,0.0,0,0,0,0,0.0,0,0,0,0,0,0,0,0,0,0,0,0,0,0,0,0,0,0,0,0,0,0,0,0,0,0,0,0,0,0,0,0,0,38,14,7,45,65476,0,300,0,0,8,21553,0.0,-107605600.0,0.0,0.0,0.0,0.0,0.0,0.0,0.0,0.0,0.0,0.0,0.0,0.0,0.0,0.0,0.0,0.0,0.0,0.0,0.0,0.0,0.0,0.0,-2.004,2.004,0.0,0.0,0.0,0.0,5044.0,131350.453,0.0,0.0,0.0,0.0,-107615304.0,0.0,0.0,0.0,0.0,53,5.848083413016271e+35,126840545280.0,0.0,0.0,0.0,0.0,0.0,0.0,0.0,0,0,0,0.0,0.0,0.0,0.0,0.0,0.0,0.0,0.0,0.0,0.0,0.0,0.0,0.0,0.0,0.0,0.0,0,-107875648.0,53,0.0,106,-107614832.0,2.7006707062415038e+23,ERR,ERR,ERR,ERR,ERR,ERR,ERR,ERR,ERR,ERR,ERR,ERR,ERR,ERR,ERR,ERR,ERR,ERR,ERR,ERR,ERR,ERR,ERR,ERR,ERR,ERR,ERR,ERR,ERR,ERR,ERR,ERR,ERR,ERR,ERR,ERR,ERR,ERR,ERR,ERR,ERR,ERR,ERR,ERR,ERR,ERR,ERR,ERR,ERR,ERR,ERR,ERR,ERR,ERR,ERR,ERR,ERR,ERR,ERR,ERR,ERR,ERR,ERR,ERR,ERR,ERR,ERR,50.0,60.0,100,0.0,0.0,0.0,0.0,0.0,0.0,0.0,0.0,0.0,0.0,0.0,0.0,0.0,0.0,0.0,0.0,62.0,78,11,65508,50,65476,0,300,0,0,8,20529,65476,0,0,26214,60.0,0.0,0.0,0.0,0.0,0.0
2026-05-17T16:48:00,ERR,ERR,ERR,ERR,ERR,ERR,ERR,ERR,ERR,ERR,ERR,ERR,ERR,ERR,ERR,ERR,ERR,ERR,ERR,ERR,ERR,ERR,ERR,ERR,ERR,ERR,ERR,ERR,ERR,ERR,ERR,ERR,ERR,ERR,ERR,ERR,ERR,ERR,ERR,ERR,ERR,ERR,ERR,ERR,ERR,ERR,ERR,ERR,ERR,ERR,ERR,ERR,ERR,ERR,ERR,ERR,ERR,ERR,ERR,ERR,ERR,ERR,ERR,ERR,ERR,ERR,ERR,ERR,ERR,ERR,ERR,ERR,ERR,ERR,ERR,ERR,ERR,ERR,ERR,ERR,ERR,ERR,ERR,ERR,ERR,ERR,ERR,ERR,ERR,ERR,ERR,ERR,ERR,ERR,ERR,ERR,ERR,ERR,ERR,ERR,ERR,ERR,ERR,ERR,ERR,ERR,ERR,ERR,ERR,ERR,ERR,ERR,ERR,ERR,ERR,ERR,ERR,ERR,ERR,ERR,ERR,ERR,ERR,ERR,ERR,0.0,0.0,-134474944.0,0.0,0.0,1.3936040501711995e+18,7.805,0.0,0,0,4,0,8422,0.0,45,0.0,0.0,0.0,0.0,0.0,0,0,0,0,0.0,0,0,0,0,0,0,0,0,0,0,0,0,0,0,0,0,0,0,0,0,0,0,0,0,0,0,0,0,0,0,0,0,0,38,14,7,45,65476,0,300,0,0,8,21553,0.0,-107605600.0,0.0,0.0,0.0,0.0,0.0,0.0,0.0,0.0,0.0,0.0,0.0,0.0,0.0,0.0,0.0,0.0,0.0,0.0,0.0,0.0,0.0,0.0,-2.004,2.004,0.0,0.0,0.0,0.0,5044.0,131350.453,0.0,0.0,0.0,0.0,-107615304.0,0.0,0.0,0.0,0.0,53,5.848083413016271e+35,126840545280.0,0.0,0.0,0.0,0.0,0.0,0.0,0.0,0,0,0,0.0,0.0,0.0,0.0,0.0,0.0,0.0,0.0,0.0,0.0,0.0,0.0,0.0,0.0,0.0,0.0,0,-107875648.0,53,0.0,106,-107614832.0,2.7006707062415038e+23,ERR,ERR,ERR,ERR,ERR,ERR,ERR,ERR,ERR,ERR,ERR,ERR,ERR,ERR,ERR,ERR,ERR,ERR,ERR,ERR,ERR,ERR,ERR,ERR,ERR,ERR,ERR,ERR,ERR,ERR,ERR,ERR,ERR,ERR,ERR,ERR,ERR,ERR,ERR,ERR,ERR,ERR,ERR,ERR,ERR,ERR,ERR,ERR,ERR,ERR,ERR,ERR,ERR,ERR,ERR,ERR,ERR,ERR,ERR,ERR,ERR,ERR,ERR,ERR,ERR,ERR,ERR,50.0,60.0,100,0.0,0.0,0.0,0.0,0.0,0.0,0.0,0.0,0.0,0.0,0.0,0.0,0.0,0.0,0.0,0.0,62.0,78,11,65508,50,65476,0,300,0,0,8,20529,65476,0,0,26214,60.0,0.0,0.0,0.0,0.0,0.0
2026-05-17T16:48:01,ERR,ERR,ERR,ERR,ERR,ERR,ERR,ERR,ERR,ERR,ERR,ERR,ERR,ERR,ERR,ERR,ERR,ERR,ERR,ERR,ERR,ERR,ERR,ERR,ERR,ERR,ERR,ERR,ERR,ERR,ERR,ERR,ERR,ERR,ERR,ERR,ERR,ERR,ERR,ERR,ERR,ERR,ERR,ERR,ERR,ERR,ERR,ERR,ERR,ERR,ERR,ERR,ERR,ERR,ERR,ERR,ERR,ERR,ERR,ERR,ERR,ERR,ERR,ERR,ERR,ERR,ERR,ERR,ERR,ERR,ERR,ERR,ERR,ERR,ERR,ERR,ERR,ERR,ERR,ERR,ERR,ERR,ERR,ERR,ERR,ERR,ERR,ERR,ERR,ERR,ERR,ERR,ERR,ERR,ERR,ERR,ERR,ERR,ERR,ERR,ERR,ERR,ERR,ERR,ERR,ERR,ERR,ERR,ERR,ERR,ERR,ERR,ERR,ERR,ERR,ERR,ERR,ERR,ERR,ERR,ERR,ERR,ERR,ERR,ERR,0.0,0.0,-134474944.0,0.0,0.0,1.3936040501711995e+18,7.805,0.0,0,0,4,0,8422,0.0,45,0.0,0.0,0.0,0.0,0.0,0,0,0,0,0.0,0,0,0,0,0,0,0,0,0,0,0,0,0,0,0,0,0,0,0,0,0,0,0,0,0,0,0,0,0,0,0,0,0,38,14,7,45,65476,0,300,0,0,8,21553,0.0,-107605600.0,0.0,0.0,0.0,0.0,0.0,0.0,0.0,0.0,0.0,0.0,0.0,0.0,0.0,0.0,0.0,0.0,0.0,0.0,0.0,0.0,0.0,0.0,-2.004,2.004,0.0,0.0,0.0,0.0,5039.0,0.0,0.0,0.0,0.0,0.0,-107615304.0,0.0,0.0,0.0,0.0,53,2.3088403658719416e+20,0.059,0.0,0.0,0.0,0.0,0.0,0.0,0.0,0,0,0,0.0,0.0,0.0,0.0,0.0,0.0,0.0,0.0,0.0,0.0,0.0,0.0,0.0,0.0,0.0,0.0,0,-107875648.0,53,0.0,106,-107614832.0,2.7006707062415038e+23,ERR,ERR,ERR,ERR,ERR,ERR,ERR,ERR,ERR,ERR,ERR,ERR,ERR,ERR,ERR,ERR,ERR,ERR,ERR,ERR,ERR,ERR,ERR,ERR,ERR,ERR,ERR,ERR,ERR,ERR,ERR,ERR,ERR,ERR,ERR,ERR,ERR,ERR,ERR,ERR,ERR,ERR,ERR,ERR,ERR,ERR,ERR,ERR,ERR,ERR,ERR,ERR,ERR,ERR,ERR,ERR,ERR,ERR,ERR,ERR,ERR,ERR,ERR,ERR,ERR,ERR,ERR,50.0,60.0,100,0.0,0.0,0.0,0.0,0.0,0.0,0.0,0.0,0.0,0.0,0.0,0.0,0.0,0.0,0.0,0.0,61.6,78,11,65508,50,65476,0,300,0,0,8,20529,65476,0,0,26214,60.0,0.0,0.0,0.0,0.0,0.0
2026-05-17T16:48:02,ERR,ERR,ERR,ERR,ERR,ERR,ERR,ERR,ERR,ERR,ERR,ERR,ERR,ERR,ERR,ERR,ERR,ERR,ERR,ERR,ERR,ERR,ERR,ERR,ERR,ERR,ERR,ERR,ERR,ERR,ERR,ERR,ERR,ERR,ERR,ERR,ERR,ERR,ERR,ERR,ERR,ERR,ERR,ERR,ERR,ERR,ERR,ERR,ERR,ERR,ERR,ERR,ERR,ERR,ERR,ERR,ERR,ERR,ERR,ERR,ERR,ERR,ERR,ERR,ERR,ERR,ERR,ERR,ERR,ERR,ERR,ERR,ERR,ERR,ERR,ERR,ERR,ERR,ERR,ERR,ERR,ERR,ERR,ERR,ERR,ERR,ERR,ERR,ERR,ERR,ERR,ERR,ERR,ERR,ERR,ERR,ERR,ERR,ERR,ERR,ERR,ERR,ERR,ERR,ERR,ERR,ERR,ERR,ERR,ERR,ERR,ERR,ERR,ERR,ERR,ERR,ERR,ERR,ERR,ERR,ERR,ERR,ERR,ERR,ERR,0.0,0.0,-134474944.0,0.0,0.0,1.3936040501711995e+18,7.805,0.0,0,0,4,0,8422,0.0,45,0.0,0.0,0.0,0.0,0.0,0,0,0,0,0.0,0,0,0,0,0,0,0,0,0,0,0,0,0,0,0,0,0,0,0,0,0,0,0,0,0,0,0,0,0,0,0,0,0,38,14,7,45,65476,0,300,0,0,8,21553,0.0,-107605600.0,0.0,0.0,0.0,0.0,0.0,0.0,0.0,0.0,0.0,0.0,0.0,0.0,0.0,0.0,0.0,0.0,0.0,0.0,0.0,0.0,0.0,0.0,-2.004,2.004,0.0,0.0,0.0,0.0,5039.0,0.0,0.0,0.0,0.0,0.0,-107615304.0,0.0,0.0,0.0,0.0,53,2.3088403658719416e+20,0.059,0.0,0.0,0.0,0.0,0.0,0.0,0.0,0,0,0,0.0,0.0,0.0,0.0,0.0,0.0,0.0,0.0,0.0,0.0,0.0,0.0,0.0,0.0,0.0,0.0,0,-107875648.0,53,0.0,106,-107614832.0,2.7006707062415038e+23,ERR,ERR,ERR,ERR,ERR,ERR,ERR,ERR,ERR,ERR,ERR,ERR,ERR,ERR,ERR,ERR,ERR,ERR,ERR,ERR,ERR,ERR,ERR,ERR,ERR,ERR,ERR,ERR,ERR,ERR,ERR,ERR,ERR,ERR,ERR,ERR,ERR,ERR,ERR,ERR,ERR,ERR,ERR,ERR,ERR,ERR,ERR,ERR,ERR,ERR,ERR,ERR,ERR,ERR,ERR,ERR,ERR,ERR,ERR,ERR,ERR,ERR,ERR,ERR,ERR,ERR,ERR,50.0,60.0,100,0.0,0.0,0.0,0.0,0.0,0.0,0.0,0.0,0.0,0.0,0.0,0.0,0.0,0.0,0.0,0.0,61.6,78,11,65508,50,65476,0,300,0,0,8,20529,65476,0,0,26214,60.0,0.0,0.0,0.0,0.0,0.0
2026-05-17T16:48:03,ERR,ERR,ERR,ERR,ERR,ERR,ERR,ERR,ERR,ERR,ERR,ERR,ERR,ERR,ERR,ERR,ERR,ERR,ERR,ERR,ERR,ERR,ERR,ERR,ERR,ERR,ERR,ERR,ERR,ERR,ERR,ERR,ERR,ERR,ERR,ERR,ERR,ERR,ERR,ERR,ERR,ERR,ERR,ERR,ERR,ERR,ERR,ERR,ERR,ERR,ERR,ERR,ERR,ERR,ERR,ERR,ERR,ERR,ERR,ERR,ERR,ERR,ERR,ERR,ERR,ERR,ERR,ERR,ERR,ERR,ERR,ERR,ERR,ERR,ERR,ERR,ERR,ERR,ERR,ERR,ERR,ERR,ERR,ERR,ERR,ERR,ERR,ERR,ERR,ERR,ERR,ERR,ERR,ERR,ERR,ERR,ERR,ERR,ERR,ERR,ERR,ERR,ERR,ERR,ERR,ERR,ERR,ERR,ERR,ERR,ERR,ERR,ERR,ERR,ERR,ERR,ERR,ERR,ERR,ERR,ERR,ERR,ERR,ERR,ERR,0.0,0.0,-134474944.0,0.0,0.0,1.3936040501711995e+18,7.805,0.0,0,0,4,0,8422,0.0,45,0.0,0.0,0.0,0.0,0.0,0,0,0,0,0.0,0,0,0,0,0,0,0,0,0,0,0,0,0,0,0,0,0,0,0,0,0,0,0,0,0,0,0,0,0,0,0,0,0,38,14,7,45,65476,0,300,0,0,8,21553,0.0,-107605600.0,0.0,0.0,0.0,0.0,0.0,0.0,0.0,0.0,0.0,0.0,0.0,0.0,0.0,0.0,0.0,0.0,0.0,0.0,0.0,0.0,0.0,0.0,-2.004,2.004,0.0,0.0,0.0,0.0,5039.0,0.0,0.0,0.0,0.0,0.0,-107615304.0,0.0,0.0,0.0,0.0,53,2.3088403658719416e+20,0.059,0.0,0.0,0.0,0.0,0.0,0.0,0.0,0,0,0,0.0,0.0,0.0,0.0,0.0,0.0,0.0,0.0,0.0,0.0,0.0,0.0,0.0,0.0,0.0,0.0,0,-107875648.0,53,0.0,106,-107614832.0,2.7006707062415038e+23,ERR,ERR,ERR,ERR,ERR,ERR,ERR,ERR,ERR,ERR,ERR,ERR,ERR,ERR,ERR,ERR,ERR,ERR,ERR,ERR,ERR,ERR,ERR,ERR,ERR,ERR,ERR,ERR,ERR,ERR,ERR,ERR,ERR,ERR,ERR,ERR,ERR,ERR,ERR,ERR,ERR,ERR,ERR,ERR,ERR,ERR,ERR,ERR,ERR,ERR,ERR,ERR,ERR,ERR,ERR,ERR,ERR,ERR,ERR,ERR,ERR,ERR,ERR,ERR,ERR,ERR,ERR,50.0,60.0,100,0.0,0.0,0.0,0.0,0.0,0.0,0.0,0.0,0.0,0.0,0.0,0.0,0.0,0.0,0.0,0.0,61.6,78,11,65508,50,65476,0,300,0,0,8,20529,65476,0,0,26214,60.0,0.0,0.0,0.0,0.0,0.0
2026-05-17T16:48:04,ERR,ERR,ERR,ERR,ERR,ERR,ERR,ERR,ERR,ERR,ERR,ERR,ERR,ERR,ERR,ERR,ERR,ERR,ERR,ERR,ERR,ERR,ERR,ERR,ERR,ERR,ERR,ERR,ERR,ERR,ERR,ERR,ERR,ERR,ERR,ERR,ERR,ERR,ERR,ERR,ERR,ERR,ERR,ERR,ERR,ERR,ERR,ERR,ERR,ERR,ERR,ERR,ERR,ERR,ERR,ERR,ERR,ERR,ERR,ERR,ERR,ERR,ERR,ERR,ERR,ERR,ERR,ERR,ERR,ERR,ERR,ERR,ERR,ERR,ERR,ERR,ERR,ERR,ERR,ERR,ERR,ERR,ERR,ERR,ERR,ERR,ERR,ERR,ERR,ERR,ERR,ERR,ERR,ERR,ERR,ERR,ERR,ERR,ERR,ERR,ERR,ERR,ERR,ERR,ERR,ERR,ERR,ERR,ERR,ERR,ERR,ERR,ERR,ERR,ERR,ERR,ERR,ERR,ERR,ERR,ERR,ERR,ERR,ERR,ERR,0.0,0.0,-134474944.0,0.0,0.0,1.3936040501711995e+18,7.805,0.0,0,0,4,0,8422,0.0,45,0.0,0.0,0.0,0.0,0.0,0,0,0,0,0.0,0,0,0,0,0,0,0,0,0,0,0,0,0,0,0,0,0,0,0,0,0,0,0,0,0,0,0,0,0,0,0,0,0,38,14,7,45,65476,0,300,0,0,8,21553,0.0,-107605600.0,0.0,0.0,0.0,0.0,0.0,0.0,0.0,0.0,0.0,0.0,0.0,0.0,0.0,0.0,0.0,0.0,0.0,0.0,0.0,0.0,0.0,0.0,-2.004,2.004,0.0,0.0,0.0,0.0,5039.0,0.0,0.0,0.0,0.0,0.0,-107615304.0,0.0,0.0,0.0,0.0,53,2.3088403658719416e+20,0.059,0.0,0.0,0.0,0.0,0.0,0.0,0.0,0,0,0,0.0,0.0,0.0,0.0,0.0,0.0,0.0,0.0,0.0,0.0,0.0,0.0,0.0,0.0,0.0,0.0,0,-107875648.0,53,0.0,106,-107614832.0,2.7006707062415038e+23,ERR,ERR,ERR,ERR,ERR,ERR,ERR,ERR,ERR,ERR,ERR,ERR,ERR,ERR,ERR,ERR,ERR,ERR,ERR,ERR,ERR,ERR,ERR,ERR,ERR,ERR,ERR,ERR,ERR,ERR,ERR,ERR,ERR,ERR,ERR,ERR,ERR,ERR,ERR,ERR,ERR,ERR,ERR,ERR,ERR,ERR,ERR,ERR,ERR,ERR,ERR,ERR,ERR,ERR,ERR,ERR,ERR,ERR,ERR,ERR,ERR,ERR,ERR,ERR,ERR,ERR,ERR,50.0,60.0,100,0.0,0.0,0.0,0.0,0.0,0.0,0.0,0.0,0.0,0.0,0.0,0.0,0.0,0.0,0.0,0.0,61.6,78,11,65508,50,65476,0,300,0,0,8,20529,65476,0,0,26214,60.0,0.0,0.0,0.0,0.0,0.0
2026-05-17T16:48:05,ERR,ERR,ERR,ERR,ERR,ERR,ERR,ERR,ERR,ERR,ERR,ERR,ERR,ERR,ERR,ERR,ERR,ERR,ERR,ERR,ERR,ERR,ERR,ERR,ERR,ERR,ERR,ERR,ERR,ERR,ERR,ERR,ERR,ERR,ERR,ERR,ERR,ERR,ERR,ERR,ERR,ERR,ERR,ERR,ERR,ERR,ERR,ERR,ERR,ERR,ERR,ERR,ERR,ERR,ERR,ERR,ERR,ERR,ERR,ERR,ERR,ERR,ERR,ERR,ERR,ERR,ERR,ERR,ERR,ERR,ERR,ERR,ERR,ERR,ERR,ERR,ERR,ERR,ERR,ERR,ERR,ERR,ERR,ERR,ERR,ERR,ERR,ERR,ERR,ERR,ERR,ERR,ERR,ERR,ERR,ERR,ERR,ERR,ERR,ERR,ERR,ERR,ERR,ERR,ERR,ERR,ERR,ERR,ERR,ERR,ERR,ERR,ERR,ERR,ERR,ERR,ERR,ERR,ERR,ERR,ERR,ERR,ERR,ERR,ERR,0.0,0.0,-134474944.0,0.0,0.0,1.3936040501711995e+18,7.805,0.0,0,0,4,0,8422,0.0,45,0.0,0.0,0.0,0.0,0.0,0,0,0,0,0.0,0,0,0,0,0,0,0,0,0,0,0,0,0,0,0,0,0,0,0,0,0,0,0,0,0,0,0,0,0,0,0,0,0,38,14,7,45,65476,0,300,0,0,8,21553,0.0,-107605600.0,0.0,0.0,0.0,0.0,0.0,0.0,0.0,0.0,0.0,0.0,0.0,0.0,0.0,0.0,0.0,0.0,0.0,0.0,0.0,0.0,0.0,0.0,-2.004,2.004,0.0,0.0,0.0,0.0,5039.0,0.0,0.0,0.0,0.0,0.0,-107615304.0,0.0,0.0,0.0,0.0,53,2.3088403658719416e+20,0.059,0.0,0.0,0.0,0.0,0.0,0.0,0.0,0,0,0,0.0,0.0,0.0,0.0,0.0,0.0,0.0,0.0,0.0,0.0,0.0,0.0,0.0,0.0,0.0,0.0,0,-107875648.0,53,0.0,106,-107614832.0,2.7006707062415038e+23,ERR,ERR,ERR,ERR,ERR,ERR,ERR,ERR,ERR,ERR,ERR,ERR,ERR,ERR,ERR,ERR,ERR,ERR,ERR,ERR,ERR,ERR,ERR,ERR,ERR,ERR,ERR,ERR,ERR,ERR,ERR,ERR,ERR,ERR,ERR,ERR,ERR,ERR,ERR,ERR,ERR,ERR,ERR,ERR,ERR,ERR,ERR,ERR,ERR,ERR,ERR,ERR,ERR,ERR,ERR,ERR,ERR,ERR,ERR,ERR,ERR,ERR,ERR,ERR,ERR,ERR,ERR,50.0,60.0,100,0.0,0.0,0.0,0.0,0.0,0.0,0.0,0.0,0.0,0.0,0.0,0.0,0.0,0.0,0.0,0.0,61.6,78,11,65508,50,65476,0,300,0,0,8,20529,65476,0,0,26214,60.0,0.0,0.0,0.0,0.0,0.0
2026-05-17T16:48:06,ERR,ERR,ERR,ERR,ERR,ERR,ERR,ERR,ERR,ERR,ERR,ERR,ERR,ERR,ERR,ERR,ERR,ERR,ERR,ERR,ERR,ERR,ERR,ERR,ERR,ERR,ERR,ERR,ERR,ERR,ERR,ERR,ERR,ERR,ERR,ERR,ERR,ERR,ERR,ERR,ERR,ERR,ERR,ERR,ERR,ERR,ERR,ERR,ERR,ERR,ERR,ERR,ERR,ERR,ERR,ERR,ERR,ERR,ERR,ERR,ERR,ERR,ERR,ERR,ERR,ERR,ERR,ERR,ERR,ERR,ERR,ERR,ERR,ERR,ERR,ERR,ERR,ERR,ERR,ERR,ERR,ERR,ERR,ERR,ERR,ERR,ERR,ERR,ERR,ERR,ERR,ERR,ERR,ERR,ERR,ERR,ERR,ERR,ERR,ERR,ERR,ERR,ERR,ERR,ERR,ERR,ERR,ERR,ERR,ERR,ERR,ERR,ERR,ERR,ERR,ERR,ERR,ERR,ERR,ERR,ERR,ERR,ERR,ERR,ERR,0.0,0.0,-134474944.0,0.0,0.0,1.3936040501711995e+18,7.805,0.0,0,0,4,0,8422,0.0,45,0.0,0.0,0.0,0.0,0.0,0,0,0,0,0.0,0,0,0,0,0,0,0,0,0,0,0,0,0,0,0,0,0,0,0,0,0,0,0,0,0,0,0,0,0,0,0,0,0,38,14,7,45,65476,0,300,0,0,8,21553,0.0,-107605600.0,0.0,0.0,0.0,0.0,0.0,0.0,0.0,0.0,0.0,0.0,0.0,0.0,0.0,0.0,0.0,0.0,0.0,0.0,0.0,0.0,0.0,0.0,-2.004,2.004,0.0,0.0,0.0,0.0,5045.0,-0.0,0.0,0.0,0.0,0.0,-107615304.0,0.0,0.0,0.0,0.0,53,-0.0,-0.0,0.0,0.0,0.0,0.0,0.0,0.0,0.0,0,0,0,0.0,0.0,0.0,0.0,0.0,0.0,0.0,0.0,0.0,0.0,0.0,0.0,0.0,0.0,0.0,0.0,0,-107875648.0,53,0.0,106,-107614832.0,2.7006707062415038e+23,ERR,ERR,ERR,ERR,ERR,ERR,ERR,ERR,ERR,ERR,ERR,ERR,ERR,ERR,ERR,ERR,ERR,ERR,ERR,ERR,ERR,ERR,ERR,ERR,ERR,ERR,ERR,ERR,ERR,ERR,ERR,ERR,ERR,ERR,ERR,ERR,ERR,ERR,ERR,ERR,ERR,ERR,ERR,ERR,ERR,ERR,ERR,ERR,ERR,ERR,ERR,ERR,ERR,ERR,ERR,ERR,ERR,ERR,ERR,ERR,ERR,ERR,ERR,ERR,ERR,ERR,ERR,50.0,60.0,100,0.0,0.0,0.0,0.0,0.0,0.0,0.0,0.0,0.0,0.0,0.0,0.0,0.0,0.0,0.0,0.0,61.6,78,11,65508,50,65476,0,300,0,0,8,20529,65476,0,0,26214,60.0,0.0,0.0,0.0,0.0,0.0
2026-05-17T16:48:07,ERR,ERR,ERR,ERR,ERR,ERR,ERR,ERR,ERR,ERR,ERR,ERR,ERR,ERR,ERR,ERR,ERR,ERR,ERR,ERR,ERR,ERR,ERR,ERR,ERR,ERR,ERR,ERR,ERR,ERR,ERR,ERR,ERR,ERR,ERR,ERR,ERR,ERR,ERR,ERR,ERR,ERR,ERR,ERR,ERR,ERR,ERR,ERR,ERR,ERR,ERR,ERR,ERR,ERR,ERR,ERR,ERR,ERR,ERR,ERR,ERR,ERR,ERR,ERR,ERR,ERR,ERR,ERR,ERR,ERR,ERR,ERR,ERR,ERR,ERR,ERR,ERR,ERR,ERR,ERR,ERR,ERR,ERR,ERR,ERR,ERR,ERR,ERR,ERR,ERR,ERR,ERR,ERR,ERR,ERR,ERR,ERR,ERR,ERR,ERR,ERR,ERR,ERR,ERR,ERR,ERR,ERR,ERR,ERR,ERR,ERR,ERR,ERR,ERR,ERR,ERR,ERR,ERR,ERR,ERR,ERR,ERR,ERR,ERR,ERR,0.0,0.0,-134474944.0,0.0,0.0,1.3936040501711995e+18,7.805,0.0,0,0,4,0,8422,0.0,45,0.0,0.0,0.0,0.0,0.0,0,0,0,0,0.0,0,0,0,0,0,0,0,0,0,0,0,0,0,0,0,0,0,0,0,0,0,0,0,0,0,0,0,0,0,0,0,0,0,38,14,7,45,65476,0,300,0,0,8,21553,0.0,-107605600.0,0.0,0.0,0.0,0.0,0.0,0.0,0.0,0.0,0.0,0.0,0.0,0.0,0.0,0.0,0.0,0.0,0.0,0.0,0.0,0.0,0.0,0.0,-2.004,2.004,0.0,0.0,0.0,0.0,5045.0,-0.0,0.0,0.0,0.0,0.0,-107615304.0,0.0,0.0,0.0,0.0,53,-0.0,-0.0,0.0,0.0,0.0,0.0,0.0,0.0,0.0,0,0,0,0.0,0.0,0.0,0.0,0.0,0.0,0.0,0.0,0.0,0.0,0.0,0.0,0.0,0.0,0.0,0.0,0,-107875648.0,53,0.0,106,-107614832.0,2.7006707062415038e+23,ERR,ERR,ERR,ERR,ERR,ERR,ERR,ERR,ERR,ERR,ERR,ERR,ERR,ERR,ERR,ERR,ERR,ERR,ERR,ERR,ERR,ERR,ERR,ERR,ERR,ERR,ERR,ERR,ERR,ERR,ERR,ERR,ERR,ERR,ERR,ERR,ERR,ERR,ERR,ERR,ERR,ERR,ERR,ERR,ERR,ERR,ERR,ERR,ERR,ERR,ERR,ERR,ERR,ERR,ERR,ERR,ERR,ERR,ERR,ERR,ERR,ERR,ERR,ERR,ERR,ERR,ERR,50.0,60.0,100,0.0,0.0,0.0,0.0,0.0,0.0,0.0,0.0,0.0,0.0,0.0,0.0,0.0,0.0,0.0,0.0,61.6,78,11,65508,50,65476,0,300,0,0,8,20529,65476,0,0,26214,60.0,0.0,0.0,0.0,0.0,0.0
2026-05-17T16:48:08,ERR,ERR,ERR,ERR,ERR,ERR,ERR,ERR,ERR,ERR,ERR,ERR,ERR,ERR,ERR,ERR,ERR,ERR,ERR,ERR,ERR,ERR,ERR,ERR,ERR,ERR,ERR,ERR,ERR,ERR,ERR,ERR,ERR,ERR,ERR,ERR,ERR,ERR,ERR,ERR,ERR,ERR,ERR,ERR,ERR,ERR,ERR,ERR,ERR,ERR,ERR,ERR,ERR,ERR,ERR,ERR,ERR,ERR,ERR,ERR,ERR,ERR,ERR,ERR,ERR,ERR,ERR,ERR,ERR,ERR,ERR,ERR,ERR,ERR,ERR,ERR,ERR,ERR,ERR,ERR,ERR,ERR,ERR,ERR,ERR,ERR,ERR,ERR,ERR,ERR,ERR,ERR,ERR,ERR,ERR,ERR,ERR,ERR,ERR,ERR,ERR,ERR,ERR,ERR,ERR,ERR,ERR,ERR,ERR,ERR,ERR,ERR,ERR,ERR,ERR,ERR,ERR,ERR,ERR,ERR,ERR,ERR,ERR,ERR,ERR,0.0,0.0,-134474944.0,0.0,0.0,1.3936040501711995e+18,7.805,0.0,0,0,4,0,8422,0.0,45,0.0,0.0,0.0,0.0,0.0,0,0,0,0,0.0,0,0,0,0,0,0,0,0,0,0,0,0,0,0,0,0,0,0,0,0,0,0,0,0,0,0,0,0,0,0,0,0,0,38,14,7,45,65476,0,300,0,0,8,21553,0.0,-107605600.0,0.0,0.0,0.0,0.0,0.0,0.0,0.0,0.0,0.0,0.0,0.0,0.0,0.0,0.0,0.0,0.0,0.0,0.0,0.0,0.0,0.0,0.0,-2.004,2.004,0.0,0.0,0.0,0.0,5045.0,-0.0,0.0,0.0,0.0,0.0,-107615304.0,0.0,0.0,0.0,0.0,53,-0.0,-0.0,0.0,0.0,0.0,0.0,0.0,0.0,0.0,0,0,0,0.0,0.0,0.0,0.0,0.0,0.0,0.0,0.0,0.0,0.0,0.0,0.0,0.0,0.0,0.0,0.0,0,-107875648.0,53,0.0,106,-107614832.0,2.7006707062415038e+23,ERR,ERR,ERR,ERR,ERR,ERR,ERR,ERR,ERR,ERR,ERR,ERR,ERR,ERR,ERR,ERR,ERR,ERR,ERR,ERR,ERR,ERR,ERR,ERR,ERR,ERR,ERR,ERR,ERR,ERR,ERR,ERR,ERR,ERR,ERR,ERR,ERR,ERR,ERR,ERR,ERR,ERR,ERR,ERR,ERR,ERR,ERR,ERR,ERR,ERR,ERR,ERR,ERR,ERR,ERR,ERR,ERR,ERR,ERR,ERR,ERR,ERR,ERR,ERR,ERR,ERR,ERR,50.0,60.0,100,0.0,0.0,0.0,0.0,0.0,0.0,0.0,0.0,0.0,0.0,0.0,0.0,0.0,0.0,0.0,0.0,61.6,78,11,65508,50,65476,0,300,0,0,8,20529,65476,0,0,26214,60.0,0.0,0.0,0.0,0.0,0.0
2026-05-17T16:48:09,ERR,ERR,ERR,ERR,ERR,ERR,ERR,ERR,ERR,ERR,ERR,ERR,ERR,ERR,ERR,ERR,ERR,ERR,ERR,ERR,ERR,ERR,ERR,ERR,ERR,ERR,ERR,ERR,ERR,ERR,ERR,ERR,ERR,ERR,ERR,ERR,ERR,ERR,ERR,ERR,ERR,ERR,ERR,ERR,ERR,ERR,ERR,ERR,ERR,ERR,ERR,ERR,ERR,ERR,ERR,ERR,ERR,ERR,ERR,ERR,ERR,ERR,ERR,ERR,ERR,ERR,ERR,ERR,ERR,ERR,ERR,ERR,ERR,ERR,ERR,ERR,ERR,ERR,ERR,ERR,ERR,ERR,ERR,ERR,ERR,ERR,ERR,ERR,ERR,ERR,ERR,ERR,ERR,ERR,ERR,ERR,ERR,ERR,ERR,ERR,ERR,ERR,ERR,ERR,ERR,ERR,ERR,ERR,ERR,ERR,ERR,ERR,ERR,ERR,ERR,ERR,ERR,ERR,ERR,ERR,ERR,ERR,ERR,ERR,ERR,0.0,0.0,-134474944.0,0.0,0.0,1.3936040501711995e+18,7.805,0.0,0,0,4,0,8422,0.0,45,0.0,0.0,0.0,0.0,0.0,0,0,0,0,0.0,0,0,0,0,0,0,0,0,0,0,0,0,0,0,0,0,0,0,0,0,0,0,0,0,0,0,0,0,0,0,0,0,0,38,14,7,45,65476,0,300,0,0,8,21553,0.0,-107605600.0,0.0,0.0,0.0,0.0,0.0,0.0,0.0,0.0,0.0,0.0,0.0,0.0,0.0,0.0,0.0,0.0,0.0,0.0,0.0,0.0,0.0,0.0,-2.004,2.004,0.0,0.0,0.0,0.0,5045.0,-0.0,0.0,0.0,0.0,0.0,-107615304.0,0.0,0.0,0.0,0.0,53,-0.0,-0.0,0.0,0.0,0.0,0.0,0.0,0.0,0.0,0,0,0,0.0,0.0,0.0,0.0,0.0,0.0,0.0,0.0,0.0,0.0,0.0,0.0,0.0,0.0,0.0,0.0,0,-107875648.0,53,0.0,106,-107614832.0,2.7006707062415038e+23,ERR,ERR,ERR,ERR,ERR,ERR,ERR,ERR,ERR,ERR,ERR,ERR,ERR,ERR,ERR,ERR,ERR,ERR,ERR,ERR,ERR,ERR,ERR,ERR,ERR,ERR,ERR,ERR,ERR,ERR,ERR,ERR,ERR,ERR,ERR,ERR,ERR,ERR,ERR,ERR,ERR,ERR,ERR,ERR,ERR,ERR,ERR,ERR,ERR,ERR,ERR,ERR,ERR,ERR,ERR,ERR,ERR,ERR,ERR,ERR,ERR,ERR,ERR,ERR,ERR,ERR,ERR,50.0,60.0,100,0.0,0.0,0.0,0.0,0.0,0.0,0.0,0.0,0.0,0.0,0.0,0.0,0.0,0.0,0.0,0.0,61.6,78,11,65508,50,65476,0,300,0,0,8,20529,65476,0,0,26214,60.0,0.0,0.0,0.0,0.0,0.0
2026-05-17T16:48:10,ERR,ERR,ERR,ERR,ERR,ERR,ERR,ERR,ERR,ERR,ERR,ERR,ERR,ERR,ERR,ERR,ERR,ERR,ERR,ERR,ERR,ERR,ERR,ERR,ERR,ERR,ERR,ERR,ERR,ERR,ERR,ERR,ERR,ERR,ERR,ERR,ERR,ERR,ERR,ERR,ERR,ERR,ERR,ERR,ERR,ERR,ERR,ERR,ERR,ERR,ERR,ERR,ERR,ERR,ERR,ERR,ERR,ERR,ERR,ERR,ERR,ERR,ERR,ERR,ERR,ERR,ERR,ERR,ERR,ERR,ERR,ERR,ERR,ERR,ERR,ERR,ERR,ERR,ERR,ERR,ERR,ERR,ERR,ERR,ERR,ERR,ERR,ERR,ERR,ERR,ERR,ERR,ERR,ERR,ERR,ERR,ERR,ERR,ERR,ERR,ERR,ERR,ERR,ERR,ERR,ERR,ERR,ERR,ERR,ERR,ERR,ERR,ERR,ERR,ERR,ERR,ERR,ERR,ERR,ERR,ERR,ERR,ERR,ERR,ERR,0.0,0.0,-134474944.0,0.0,0.0,1.3936040501711995e+18,7.805,0.0,0,0,4,0,8422,0.0,45,0.0,0.0,0.0,0.0,0.0,0,0,0,0,0.0,0,0,0,0,0,0,0,0,0,0,0,0,0,0,0,0,0,0,0,0,0,0,0,0,0,0,0,0,0,0,0,0,0,38,14,7,45,65476,0,300,0,0,8,21553,0.0,-107605600.0,0.0,0.0,0.0,0.0,0.0,0.0,0.0,0.0,0.0,0.0,0.0,0.0,0.0,0.0,0.0,0.0,0.0,0.0,0.0,0.0,0.0,0.0,-2.004,2.004,0.0,0.0,0.0,0.0,5045.0,-0.0,0.0,0.0,0.0,0.0,-107615304.0,0.0,0.0,0.0,0.0,53,-0.0,-0.0,0.0,0.0,0.0,0.0,0.0,0.0,0.0,0,0,0,0.0,0.0,0.0,0.0,0.0,0.0,0.0,0.0,0.0,0.0,0.0,0.0,0.0,0.0,0.0,0.0,0,-107875648.0,53,0.0,106,-107614832.0,2.7006707062415038e+23,ERR,ERR,ERR,ERR,ERR,ERR,ERR,ERR,ERR,ERR,ERR,ERR,ERR,ERR,ERR,ERR,ERR,ERR,ERR,ERR,ERR,ERR,ERR,ERR,ERR,ERR,ERR,ERR,ERR,ERR,ERR,ERR,ERR,ERR,ERR,ERR,ERR,ERR,ERR,ERR,ERR,ERR,ERR,ERR,ERR,ERR,ERR,ERR,ERR,ERR,ERR,ERR,ERR,ERR,ERR,ERR,ERR,ERR,ERR,ERR,ERR,ERR,ERR,ERR,ERR,ERR,ERR,50.0,60.0,100,0.0,0.0,0.0,0.0,0.0,0.0,0.0,0.0,0.0,0.0,0.0,0.0,0.0,0.0,0.0,0.0,61.6,78,11,65508,50,65476,0,300,0,0,8,20529,65476,0,0,26214,60.0,0.0,0.0,0.0,0.0,0.0
2026-05-17T16:48:11,ERR,ERR,ERR,ERR,ERR,ERR,ERR,ERR,ERR,ERR,ERR,ERR,ERR,ERR,ERR,ERR,ERR,ERR,ERR,ERR,ERR,ERR,ERR,ERR,ERR,ERR,ERR,ERR,ERR,ERR,ERR,ERR,ERR,ERR,ERR,ERR,ERR,ERR,ERR,ERR,ERR,ERR,ERR,ERR,ERR,ERR,ERR,ERR,ERR,ERR,ERR,ERR,ERR,ERR,ERR,ERR,ERR,ERR,ERR,ERR,ERR,ERR,ERR,ERR,ERR,ERR,ERR,ERR,ERR,ERR,ERR,ERR,ERR,ERR,ERR,ERR,ERR,ERR,ERR,ERR,ERR,ERR,ERR,ERR,ERR,ERR,ERR,ERR,ERR,ERR,ERR,ERR,ERR,ERR,ERR,ERR,ERR,ERR,ERR,ERR,ERR,ERR,ERR,ERR,ERR,ERR,ERR,ERR,ERR,ERR,ERR,ERR,ERR,ERR,ERR,ERR,ERR,ERR,ERR,ERR,ERR,ERR,ERR,ERR,ERR,0.0,0.0,-134474944.0,0.0,0.0,1.3936040501711995e+18,7.805,0.0,0,0,4,0,8422,0.0,45,0.0,0.0,0.0,0.0,0.0,0,0,0,0,0.0,0,0,0,0,0,0,0,0,0,0,0,0,0,0,0,0,0,0,0,0,0,0,0,0,0,0,0,0,0,0,0,0,0,38,14,7,45,65476,0,300,0,0,8,21553,0.0,-107605600.0,0.0,0.0,0.0,0.0,0.0,0.0,0.0,0.0,0.0,0.0,0.0,0.0,0.0,0.0,0.0,0.0,0.0,0.0,0.0,0.0,0.0,0.0,-2.004,2.004,0.0,0.0,0.0,0.0,5042.0,-8608183296.0,0.0,0.0,0.0,0.0,-107615304.0,0.0,0.0,0.0,0.0,53,4.066880103266858e+29,0.0,0.0,0.0,0.0,0.0,0.0,0.0,0.0,0,0,0,0.0,0.0,0.0,0.0,0.0,0.0,0.0,0.0,0.0,0.0,0.0,0.0,0.0,0.0,0.0,0.0,0,-107875648.0,53,0.0,106,-107614832.0,2.7006707062415038e+23,ERR,ERR,ERR,ERR,ERR,ERR,ERR,ERR,ERR,ERR,ERR,ERR,ERR,ERR,ERR,ERR,ERR,ERR,ERR,ERR,ERR,ERR,ERR,ERR,ERR,ERR,ERR,ERR,ERR,ERR,ERR,ERR,ERR,ERR,ERR,ERR,ERR,ERR,ERR,ERR,ERR,ERR,ERR,ERR,ERR,ERR,ERR,ERR,ERR,ERR,ERR,ERR,ERR,ERR,ERR,ERR,ERR,ERR,ERR,ERR,ERR,ERR,ERR,ERR,ERR,ERR,ERR,50.0,60.0,100,0.0,0.0,0.0,0.0,0.0,0.0,0.0,0.0,0.0,0.0,0.0,0.0,0.0,0.0,0.0,0.0,61.6,78,11,65508,50,65476,0,300,0,0,8,20529,65476,0,0,26214,60.0,0.0,0.0,0.0,0.0,0.0
2026-05-17T16:48:12,ERR,ERR,ERR,ERR,ERR,ERR,ERR,ERR,ERR,ERR,ERR,ERR,ERR,ERR,ERR,ERR,ERR,ERR,ERR,ERR,ERR,ERR,ERR,ERR,ERR,ERR,ERR,ERR,ERR,ERR,ERR,ERR,ERR,ERR,ERR,ERR,ERR,ERR,ERR,ERR,ERR,ERR,ERR,ERR,ERR,ERR,ERR,ERR,ERR,ERR,ERR,ERR,ERR,ERR,ERR,ERR,ERR,ERR,ERR,ERR,ERR,ERR,ERR,ERR,ERR,ERR,ERR,ERR,ERR,ERR,ERR,ERR,ERR,ERR,ERR,ERR,ERR,ERR,ERR,ERR,ERR,ERR,ERR,ERR,ERR,ERR,ERR,ERR,ERR,ERR,ERR,ERR,ERR,ERR,ERR,ERR,ERR,ERR,ERR,ERR,ERR,ERR,ERR,ERR,ERR,ERR,ERR,ERR,ERR,ERR,ERR,ERR,ERR,ERR,ERR,ERR,ERR,ERR,ERR,ERR,ERR,ERR,ERR,ERR,ERR,0.0,0.0,-134474944.0,0.0,0.0,1.3936040501711995e+18,7.805,0.0,0,0,4,0,8422,0.0,45,0.0,0.0,0.0,0.0,0.0,0,0,0,0,0.0,0,0,0,0,0,0,0,0,0,0,0,0,0,0,0,0,0,0,0,0,0,0,0,0,0,0,0,0,0,0,0,0,0,38,14,7,45,65476,0,300,0,0,8,21553,0.0,-107605600.0,0.0,0.0,0.0,0.0,0.0,0.0,0.0,0.0,0.0,0.0,0.0,0.0,0.0,0.0,0.0,0.0,0.0,0.0,0.0,0.0,0.0,0.0,-2.004,2.004,0.0,0.0,0.0,0.0,5042.0,-8608183296.0,0.0,0.0,0.0,0.0,-107615304.0,0.0,0.0,0.0,0.0,53,4.066880103266858e+29,0.0,0.0,0.0,0.0,0.0,0.0,0.0,0.0,0,0,0,0.0,0.0,0.0,0.0,0.0,0.0,0.0,0.0,0.0,0.0,0.0,0.0,0.0,0.0,0.0,0.0,0,-107875648.0,53,0.0,106,-107614832.0,2.7006707062415038e+23,ERR,ERR,ERR,ERR,ERR,ERR,ERR,ERR,ERR,ERR,ERR,ERR,ERR,ERR,ERR,ERR,ERR,ERR,ERR,ERR,ERR,ERR,ERR,ERR,ERR,ERR,ERR,ERR,ERR,ERR,ERR,ERR,ERR,ERR,ERR,ERR,ERR,ERR,ERR,ERR,ERR,ERR,ERR,ERR,ERR,ERR,ERR,ERR,ERR,ERR,ERR,ERR,ERR,ERR,ERR,ERR,ERR,ERR,ERR,ERR,ERR,ERR,ERR,ERR,ERR,ERR,ERR,50.0,60.0,100,0.0,0.0,0.0,0.0,0.0,0.0,0.0,0.0,0.0,0.0,0.0,0.0,0.0,0.0,0.0,0.0,61.6,78,11,65508,50,65476,0,300,0,0,8,20529,65476,0,0,26214,60.0,0.0,0.0,0.0,0.0,0.0
2026-05-17T16:48:13,ERR,ERR,ERR,ERR,ERR,ERR,ERR,ERR,ERR,ERR,ERR,ERR,ERR,ERR,ERR,ERR,ERR,ERR,ERR,ERR,ERR,ERR,ERR,ERR,ERR,ERR,ERR,ERR,ERR,ERR,ERR,ERR,ERR,ERR,ERR,ERR,ERR,ERR,ERR,ERR,ERR,ERR,ERR,ERR,ERR,ERR,ERR,ERR,ERR,ERR,ERR,ERR,ERR,ERR,ERR,ERR,ERR,ERR,ERR,ERR,ERR,ERR,ERR,ERR,ERR,ERR,ERR,ERR,ERR,ERR,ERR,ERR,ERR,ERR,ERR,ERR,ERR,ERR,ERR,ERR,ERR,ERR,ERR,ERR,ERR,ERR,ERR,ERR,ERR,ERR,ERR,ERR,ERR,ERR,ERR,ERR,ERR,ERR,ERR,ERR,ERR,ERR,ERR,ERR,ERR,ERR,ERR,ERR,ERR,ERR,ERR,ERR,ERR,ERR,ERR,ERR,ERR,ERR,ERR,ERR,ERR,ERR,ERR,ERR,ERR,0.0,0.0,-134474944.0,0.0,0.0,1.3936040501711995e+18,7.805,0.0,0,0,4,0,8422,0.0,45,0.0,0.0,0.0,0.0,0.0,0,0,0,0,0.0,0,0,0,0,0,0,0,0,0,0,0,0,0,0,0,0,0,0,0,0,0,0,0,0,0,0,0,0,0,0,0,0,0,38,14,7,45,65476,0,300,0,0,8,21553,0.0,-107605600.0,0.0,0.0,0.0,0.0,0.0,0.0,0.0,0.0,0.0,0.0,0.0,0.0,0.0,0.0,0.0,0.0,0.0,0.0,0.0,0.0,0.0,0.0,-2.004,2.004,0.0,0.0,0.0,0.0,5042.0,-8608183296.0,0.0,0.0,0.0,0.0,-107615304.0,0.0,0.0,0.0,0.0,53,4.066880103266858e+29,0.0,0.0,0.0,0.0,0.0,0.0,0.0,0.0,0,0,0,0.0,0.0,0.0,0.0,0.0,0.0,0.0,0.0,0.0,0.0,0.0,0.0,0.0,0.0,0.0,0.0,0,-107875648.0,53,0.0,106,-107614832.0,2.7006707062415038e+23,ERR,ERR,ERR,ERR,ERR,ERR,ERR,ERR,ERR,ERR,ERR,ERR,ERR,ERR,ERR,ERR,ERR,ERR,ERR,ERR,ERR,ERR,ERR,ERR,ERR,ERR,ERR,ERR,ERR,ERR,ERR,ERR,ERR,ERR,ERR,ERR,ERR,ERR,ERR,ERR,ERR,ERR,ERR,ERR,ERR,ERR,ERR,ERR,ERR,ERR,ERR,ERR,ERR,ERR,ERR,ERR,ERR,ERR,ERR,ERR,ERR,ERR,ERR,ERR,ERR,ERR,ERR,50.0,60.0,100,0.0,0.0,0.0,0.0,0.0,0.0,0.0,0.0,0.0,0.0,0.0,0.0,0.0,0.0,0.0,0.0,61.6,78,11,65508,50,65476,0,300,0,0,8,20529,65476,0,0,26214,60.0,0.0,0.0,0.0,0.0,0.0
2026-05-17T16:48:14,ERR,ERR,ERR,ERR,ERR,ERR,ERR,ERR,ERR,ERR,ERR,ERR,ERR,ERR,ERR,ERR,ERR,ERR,ERR,ERR,ERR,ERR,ERR,ERR,ERR,ERR,ERR,ERR,ERR,ERR,ERR,ERR,ERR,ERR,ERR,ERR,ERR,ERR,ERR,ERR,ERR,ERR,ERR,ERR,ERR,ERR,ERR,ERR,ERR,ERR,ERR,ERR,ERR,ERR,ERR,ERR,ERR,ERR,ERR,ERR,ERR,ERR,ERR,ERR,ERR,ERR,ERR,ERR,ERR,ERR,ERR,ERR,ERR,ERR,ERR,ERR,ERR,ERR,ERR,ERR,ERR,ERR,ERR,ERR,ERR,ERR,ERR,ERR,ERR,ERR,ERR,ERR,ERR,ERR,ERR,ERR,ERR,ERR,ERR,ERR,ERR,ERR,ERR,ERR,ERR,ERR,ERR,ERR,ERR,ERR,ERR,ERR,ERR,ERR,ERR,ERR,ERR,ERR,ERR,ERR,ERR,ERR,ERR,ERR,ERR,0.0,0.0,-134474944.0,0.0,0.0,1.3936040501711995e+18,7.805,0.0,0,0,4,0,8422,0.0,45,0.0,0.0,0.0,0.0,0.0,0,0,0,0,0.0,0,0,0,0,0,0,0,0,0,0,0,0,0,0,0,0,0,0,0,0,0,0,0,0,0,0,0,0,0,0,0,0,0,38,14,7,45,65476,0,300,0,0,8,21553,0.0,-107605600.0,0.0,0.0,0.0,0.0,0.0,0.0,0.0,0.0,0.0,0.0,0.0,0.0,0.0,0.0,0.0,0.0,0.0,0.0,0.0,0.0,0.0,0.0,-2.004,2.004,0.0,0.0,0.0,0.0,5042.0,-8608183296.0,0.0,0.0,0.0,0.0,-107615304.0,0.0,0.0,0.0,0.0,53,4.066880103266858e+29,0.0,0.0,0.0,0.0,0.0,0.0,0.0,0.0,0,0,0,0.0,0.0,0.0,0.0,0.0,0.0,0.0,0.0,0.0,0.0,0.0,0.0,0.0,0.0,0.0,0.0,0,-107875648.0,53,0.0,106,-107614832.0,2.7006707062415038e+23,ERR,ERR,ERR,ERR,ERR,ERR,ERR,ERR,ERR,ERR,ERR,ERR,ERR,ERR,ERR,ERR,ERR,ERR,ERR,ERR,ERR,ERR,ERR,ERR,ERR,ERR,ERR,ERR,ERR,ERR,ERR,ERR,ERR,ERR,ERR,ERR,ERR,ERR,ERR,ERR,ERR,ERR,ERR,ERR,ERR,ERR,ERR,ERR,ERR,ERR,ERR,ERR,ERR,ERR,ERR,ERR,ERR,ERR,ERR,ERR,ERR,ERR,ERR,ERR,ERR,ERR,ERR,50.0,60.0,100,0.0,0.0,0.0,0.0,0.0,0.0,0.0,0.0,0.0,0.0,0.0,0.0,0.0,0.0,0.0,0.0,61.6,78,11,65508,50,65476,0,300,0,0,8,20529,65476,0,0,26214,60.0,0.0,0.0,0.0,0.0,0.0
2026-05-17T16:48:15,ERR,ERR,ERR,ERR,ERR,ERR,ERR,ERR,ERR,ERR,ERR,ERR,ERR,ERR,ERR,ERR,ERR,ERR,ERR,ERR,ERR,ERR,ERR,ERR,ERR,ERR,ERR,ERR,ERR,ERR,ERR,ERR,ERR,ERR,ERR,ERR,ERR,ERR,ERR,ERR,ERR,ERR,ERR,ERR,ERR,ERR,ERR,ERR,ERR,ERR,ERR,ERR,ERR,ERR,ERR,ERR,ERR,ERR,ERR,ERR,ERR,ERR,ERR,ERR,ERR,ERR,ERR,ERR,ERR,ERR,ERR,ERR,ERR,ERR,ERR,ERR,ERR,ERR,ERR,ERR,ERR,ERR,ERR,ERR,ERR,ERR,ERR,ERR,ERR,ERR,ERR,ERR,ERR,ERR,ERR,ERR,ERR,ERR,ERR,ERR,ERR,ERR,ERR,ERR,ERR,ERR,ERR,ERR,ERR,ERR,ERR,ERR,ERR,ERR,ERR,ERR,ERR,ERR,ERR,ERR,ERR,ERR,ERR,ERR,ERR,0.0,0.0,-134474944.0,0.0,0.0,1.3936040501711995e+18,7.805,0.0,0,0,4,0,8422,0.0,45,0.0,0.0,0.0,0.0,0.0,0,0,0,0,0.0,0,0,0,0,0,0,0,0,0,0,0,0,0,0,0,0,0,0,0,0,0,0,0,0,0,0,0,0,0,0,0,0,0,38,14,7,45,65476,0,300,0,0,8,21553,0.0,-107605600.0,0.0,0.0,0.0,0.0,0.0,0.0,0.0,0.0,0.0,0.0,0.0,0.0,0.0,0.0,0.0,0.0,0.0,0.0,0.0,0.0,0.0,0.0,-2.004,2.004,0.0,0.0,0.0,0.0,5042.0,-8608183296.0,0.0,0.0,0.0,0.0,-107615304.0,0.0,0.0,0.0,0.0,53,4.066880103266858e+29,0.0,0.0,0.0,0.0,0.0,0.0,0.0,0.0,0,0,0,0.0,0.0,0.0,0.0,0.0,0.0,0.0,0.0,0.0,0.0,0.0,0.0,0.0,0.0,0.0,0.0,0,-107875648.0,53,0.0,106,-107614832.0,2.7006707062415038e+23,ERR,ERR,ERR,ERR,ERR,ERR,ERR,ERR,ERR,ERR,ERR,ERR,ERR,ERR,ERR,ERR,ERR,ERR,ERR,ERR,ERR,ERR,ERR,ERR,ERR,ERR,ERR,ERR,ERR,ERR,ERR,ERR,ERR,ERR,ERR,ERR,ERR,ERR,ERR,ERR,ERR,ERR,ERR,ERR,ERR,ERR,ERR,ERR,ERR,ERR,ERR,ERR,ERR,ERR,ERR,ERR,ERR,ERR,ERR,ERR,ERR,ERR,ERR,ERR,ERR,ERR,ERR,50.0,60.0,100,0.0,0.0,0.0,0.0,0.0,0.0,0.0,0.0,0.0,0.0,0.0,0.0,0.0,0.0,0.0,0.0,61.6,78,11,65508,50,65476,0,300,0,0,8,20529,65476,0,0,26214,60.0,0.0,0.0,0.0,0.0,0.0
2026-05-17T16:48:16,ERR,ERR,ERR,ERR,ERR,ERR,ERR,ERR,ERR,ERR,ERR,ERR,ERR,ERR,ERR,ERR,ERR,ERR,ERR,ERR,ERR,ERR,ERR,ERR,ERR,ERR,ERR,ERR,ERR,ERR,ERR,ERR,ERR,ERR,ERR,ERR,ERR,ERR,ERR,ERR,ERR,ERR,ERR,ERR,ERR,ERR,ERR,ERR,ERR,ERR,ERR,ERR,ERR,ERR,ERR,ERR,ERR,ERR,ERR,ERR,ERR,ERR,ERR,ERR,ERR,ERR,ERR,ERR,ERR,ERR,ERR,ERR,ERR,ERR,ERR,ERR,ERR,ERR,ERR,ERR,ERR,ERR,ERR,ERR,ERR,ERR,ERR,ERR,ERR,ERR,ERR,ERR,ERR,ERR,ERR,ERR,ERR,ERR,ERR,ERR,ERR,ERR,ERR,ERR,ERR,ERR,ERR,ERR,ERR,ERR,ERR,ERR,ERR,ERR,ERR,ERR,ERR,ERR,ERR,ERR,ERR,ERR,ERR,ERR,ERR,0.0,0.0,-134474944.0,0.0,0.0,1.3936040501711995e+18,7.805,0.0,0,0,4,0,8422,0.0,45,0.0,0.0,0.0,0.0,0.0,0,0,0,0,0.0,0,0,0,0,0,0,0,0,0,0,0,0,0,0,0,0,0,0,0,0,0,0,0,0,0,0,0,0,0,0,0,0,0,38,14,7,45,65476,0,300,0,0,8,21553,0.0,-107605600.0,0.0,0.0,0.0,0.0,0.0,0.0,0.0,0.0,0.0,0.0,0.0,0.0,0.0,0.0,0.0,0.0,0.0,0.0,0.0,0.0,0.0,0.0,-2.004,2.004,0.0,0.0,0.0,0.0,5046.0,0.0,0.0,0.0,0.0,0.0,-107615304.0,0.0,0.0,0.0,0.0,53,-0.0,0.059,0.0,0.0,0.0,0.0,0.0,0.0,0.0,0,0,0,0.0,0.0,0.0,0.0,0.0,0.0,0.0,0.0,0.0,0.0,0.0,0.0,0.0,0.0,0.0,0.0,0,-107875648.0,53,0.0,106,-107614832.0,2.7006707062415038e+23,ERR,ERR,ERR,ERR,ERR,ERR,ERR,ERR,ERR,ERR,ERR,ERR,ERR,ERR,ERR,ERR,ERR,ERR,ERR,ERR,ERR,ERR,ERR,ERR,ERR,ERR,ERR,ERR,ERR,ERR,ERR,ERR,ERR,ERR,ERR,ERR,ERR,ERR,ERR,ERR,ERR,ERR,ERR,ERR,ERR,ERR,ERR,ERR,ERR,ERR,ERR,ERR,ERR,ERR,ERR,ERR,ERR,ERR,ERR,ERR,ERR,ERR,ERR,ERR,ERR,ERR,ERR,50.0,60.0,100,0.0,0.0,0.0,0.0,0.0,0.0,0.0,0.0,0.0,0.0,0.0,0.0,0.0,0.0,0.0,0.0,61.6,78,11,65508,50,65476,0,300,0,0,8,20529,65476,0,0,26214,60.0,0.0,0.0,0.0,0.0,0.0
2026-05-17T16:48:17,ERR,ERR,ERR,ERR,ERR,ERR,ERR,ERR,ERR,ERR,ERR,ERR,ERR,ERR,ERR,ERR,ERR,ERR,ERR,ERR,ERR,ERR,ERR,ERR,ERR,ERR,ERR,ERR,ERR,ERR,ERR,ERR,ERR,ERR,ERR,ERR,ERR,ERR,ERR,ERR,ERR,ERR,ERR,ERR,ERR,ERR,ERR,ERR,ERR,ERR,ERR,ERR,ERR,ERR,ERR,ERR,ERR,ERR,ERR,ERR,ERR,ERR,ERR,ERR,ERR,ERR,ERR,ERR,ERR,ERR,ERR,ERR,ERR,ERR,ERR,ERR,ERR,ERR,ERR,ERR,ERR,ERR,ERR,ERR,ERR,ERR,ERR,ERR,ERR,ERR,ERR,ERR,ERR,ERR,ERR,ERR,ERR,ERR,ERR,ERR,ERR,ERR,ERR,ERR,ERR,ERR,ERR,ERR,ERR,ERR,ERR,ERR,ERR,ERR,ERR,ERR,ERR,ERR,ERR,ERR,ERR,ERR,ERR,ERR,ERR,0.0,0.0,-134474944.0,0.0,0.0,1.3936040501711995e+18,7.805,0.0,0,0,4,0,8422,0.0,45,0.0,0.0,0.0,0.0,0.0,0,0,0,0,0.0,0,0,0,0,0,0,0,0,0,0,0,0,0,0,0,0,0,0,0,0,0,0,0,0,0,0,0,0,0,0,0,0,0,38,14,7,45,65476,0,300,0,0,8,21553,0.0,-107605600.0,0.0,0.0,0.0,0.0,0.0,0.0,0.0,0.0,0.0,0.0,0.0,0.0,0.0,0.0,0.0,0.0,0.0,0.0,0.0,0.0,0.0,0.0,-2.004,2.004,0.0,0.0,0.0,0.0,5046.0,0.0,0.0,0.0,0.0,0.0,-107615304.0,0.0,0.0,0.0,0.0,53,-0.0,0.059,0.0,0.0,0.0,0.0,0.0,0.0,0.0,0,0,0,0.0,0.0,0.0,0.0,0.0,0.0,0.0,0.0,0.0,0.0,0.0,0.0,0.0,0.0,0.0,0.0,0,-107875648.0,53,0.0,106,-107614832.0,2.7006707062415038e+23,ERR,ERR,ERR,ERR,ERR,ERR,ERR,ERR,ERR,ERR,ERR,ERR,ERR,ERR,ERR,ERR,ERR,ERR,ERR,ERR,ERR,ERR,ERR,ERR,ERR,ERR,ERR,ERR,ERR,ERR,ERR,ERR,ERR,ERR,ERR,ERR,ERR,ERR,ERR,ERR,ERR,ERR,ERR,ERR,ERR,ERR,ERR,ERR,ERR,ERR,ERR,ERR,ERR,ERR,ERR,ERR,ERR,ERR,ERR,ERR,ERR,ERR,ERR,ERR,ERR,ERR,ERR,50.0,60.0,100,0.0,0.0,0.0,0.0,0.0,0.0,0.0,0.0,0.0,0.0,0.0,0.0,0.0,0.0,0.0,0.0,61.6,78,11,65508,50,65476,0,300,0,0,8,20529,65476,0,0,26214,60.0,0.0,0.0,0.0,0.0,0.0
2026-05-17T16:48:18,ERR,ERR,ERR,ERR,ERR,ERR,ERR,ERR,ERR,ERR,ERR,ERR,ERR,ERR,ERR,ERR,ERR,ERR,ERR,ERR,ERR,ERR,ERR,ERR,ERR,ERR,ERR,ERR,ERR,ERR,ERR,ERR,ERR,ERR,ERR,ERR,ERR,ERR,ERR,ERR,ERR,ERR,ERR,ERR,ERR,ERR,ERR,ERR,ERR,ERR,ERR,ERR,ERR,ERR,ERR,ERR,ERR,ERR,ERR,ERR,ERR,ERR,ERR,ERR,ERR,ERR,ERR,ERR,ERR,ERR,ERR,ERR,ERR,ERR,ERR,ERR,ERR,ERR,ERR,ERR,ERR,ERR,ERR,ERR,ERR,ERR,ERR,ERR,ERR,ERR,ERR,ERR,ERR,ERR,ERR,ERR,ERR,ERR,ERR,ERR,ERR,ERR,ERR,ERR,ERR,ERR,ERR,ERR,ERR,ERR,ERR,ERR,ERR,ERR,ERR,ERR,ERR,ERR,ERR,ERR,ERR,ERR,ERR,ERR,ERR,0.0,0.0,-134474944.0,0.0,0.0,1.3936040501711995e+18,7.805,0.0,0,0,4,0,8422,0.0,45,0.0,0.0,0.0,0.0,0.0,0,0,0,0,0.0,0,0,0,0,0,0,0,0,0,0,0,0,0,0,0,0,0,0,0,0,0,0,0,0,0,0,0,0,0,0,0,0,0,38,14,7,45,65476,0,300,0,0,8,21553,0.0,-107605600.0,0.0,0.0,0.0,0.0,0.0,0.0,0.0,0.0,0.0,0.0,0.0,0.0,0.0,0.0,0.0,0.0,0.0,0.0,0.0,0.0,0.0,0.0,-2.004,2.004,0.0,0.0,0.0,0.0,5046.0,0.0,0.0,0.0,0.0,0.0,-107615304.0,0.0,0.0,0.0,0.0,53,-0.0,0.059,0.0,0.0,0.0,0.0,0.0,0.0,0.0,0,0,0,0.0,0.0,0.0,0.0,0.0,0.0,0.0,0.0,0.0,0.0,0.0,0.0,0.0,0.0,0.0,0.0,0,-107875648.0,53,0.0,106,-107614832.0,2.7006707062415038e+23,ERR,ERR,ERR,ERR,ERR,ERR,ERR,ERR,ERR,ERR,ERR,ERR,ERR,ERR,ERR,ERR,ERR,ERR,ERR,ERR,ERR,ERR,ERR,ERR,ERR,ERR,ERR,ERR,ERR,ERR,ERR,ERR,ERR,ERR,ERR,ERR,ERR,ERR,ERR,ERR,ERR,ERR,ERR,ERR,ERR,ERR,ERR,ERR,ERR,ERR,ERR,ERR,ERR,ERR,ERR,ERR,ERR,ERR,ERR,ERR,ERR,ERR,ERR,ERR,ERR,ERR,ERR,50.0,60.0,100,0.0,0.0,0.0,0.0,0.0,0.0,0.0,0.0,0.0,0.0,0.0,0.0,0.0,0.0,0.0,0.0,61.6,78,11,65508,50,65476,0,300,0,0,8,20529,65476,0,0,26214,60.0,0.0,0.0,0.0,0.0,0.0
2026-05-17T16:48:19,ERR,ERR,ERR,ERR,ERR,ERR,ERR,ERR,ERR,ERR,ERR,ERR,ERR,ERR,ERR,ERR,ERR,ERR,ERR,ERR,ERR,ERR,ERR,ERR,ERR,ERR,ERR,ERR,ERR,ERR,ERR,ERR,ERR,ERR,ERR,ERR,ERR,ERR,ERR,ERR,ERR,ERR,ERR,ERR,ERR,ERR,ERR,ERR,ERR,ERR,ERR,ERR,ERR,ERR,ERR,ERR,ERR,ERR,ERR,ERR,ERR,ERR,ERR,ERR,ERR,ERR,ERR,ERR,ERR,ERR,ERR,ERR,ERR,ERR,ERR,ERR,ERR,ERR,ERR,ERR,ERR,ERR,ERR,ERR,ERR,ERR,ERR,ERR,ERR,ERR,ERR,ERR,ERR,ERR,ERR,ERR,ERR,ERR,ERR,ERR,ERR,ERR,ERR,ERR,ERR,ERR,ERR,ERR,ERR,ERR,ERR,ERR,ERR,ERR,ERR,ERR,ERR,ERR,ERR,ERR,ERR,ERR,ERR,ERR,ERR,0.0,0.0,-134474944.0,0.0,0.0,1.3936040501711995e+18,7.805,0.0,0,0,4,0,8422,0.0,45,0.0,0.0,0.0,0.0,0.0,0,0,0,0,0.0,0,0,0,0,0,0,0,0,0,0,0,0,0,0,0,0,0,0,0,0,0,0,0,0,0,0,0,0,0,0,0,0,0,38,14,7,45,65476,0,300,0,0,8,21553,0.0,-107605600.0,0.0,0.0,0.0,0.0,0.0,0.0,0.0,0.0,0.0,0.0,0.0,0.0,0.0,0.0,0.0,0.0,0.0,0.0,0.0,0.0,0.0,0.0,-2.004,2.004,0.0,0.0,0.0,0.0,5046.0,0.0,0.0,0.0,0.0,0.0,-107615304.0,0.0,0.0,0.0,0.0,53,-0.0,0.059,0.0,0.0,0.0,0.0,0.0,0.0,0.0,0,0,0,0.0,0.0,0.0,0.0,0.0,0.0,0.0,0.0,0.0,0.0,0.0,0.0,0.0,0.0,0.0,0.0,0,-107875648.0,53,0.0,106,-107614832.0,2.7006707062415038e+23,ERR,ERR,ERR,ERR,ERR,ERR,ERR,ERR,ERR,ERR,ERR,ERR,ERR,ERR,ERR,ERR,ERR,ERR,ERR,ERR,ERR,ERR,ERR,ERR,ERR,ERR,ERR,ERR,ERR,ERR,ERR,ERR,ERR,ERR,ERR,ERR,ERR,ERR,ERR,ERR,ERR,ERR,ERR,ERR,ERR,ERR,ERR,ERR,ERR,ERR,ERR,ERR,ERR,ERR,ERR,ERR,ERR,ERR,ERR,ERR,ERR,ERR,ERR,ERR,ERR,ERR,ERR,50.0,60.0,100,0.0,0.0,0.0,0.0,0.0,0.0,0.0,0.0,0.0,0.0,0.0,0.0,0.0,0.0,0.0,0.0,62.0,78,11,65508,50,65476,0,300,0,0,8,20529,65476,0,0,26214,60.0,0.0,0.0,0.0,0.0,0.0
2026-05-17T16:48:20,ERR,ERR,ERR,ERR,ERR,ERR,ERR,ERR,ERR,ERR,ERR,ERR,ERR,ERR,ERR,ERR,ERR,ERR,ERR,ERR,ERR,ERR,ERR,ERR,ERR,ERR,ERR,ERR,ERR,ERR,ERR,ERR,ERR,ERR,ERR,ERR,ERR,ERR,ERR,ERR,ERR,ERR,ERR,ERR,ERR,ERR,ERR,ERR,ERR,ERR,ERR,ERR,ERR,ERR,ERR,ERR,ERR,ERR,ERR,ERR,ERR,ERR,ERR,ERR,ERR,ERR,ERR,ERR,ERR,ERR,ERR,ERR,ERR,ERR,ERR,ERR,ERR,ERR,ERR,ERR,ERR,ERR,ERR,ERR,ERR,ERR,ERR,ERR,ERR,ERR,ERR,ERR,ERR,ERR,ERR,ERR,ERR,ERR,ERR,ERR,ERR,ERR,ERR,ERR,ERR,ERR,ERR,ERR,ERR,ERR,ERR,ERR,ERR,ERR,ERR,ERR,ERR,ERR,ERR,ERR,ERR,ERR,ERR,ERR,ERR,0.0,0.0,-134474944.0,0.0,0.0,1.3936040501711995e+18,7.805,0.0,0,0,4,0,8422,0.0,45,0.0,0.0,0.0,0.0,0.0,0,0,0,0,0.0,0,0,0,0,0,0,0,0,0,0,0,0,0,0,0,0,0,0,0,0,0,0,0,0,0,0,0,0,0,0,0,0,0,38,14,7,45,65476,0,300,0,0,8,21553,0.0,-107605600.0,0.0,0.0,0.0,0.0,0.0,0.0,0.0,0.0,0.0,0.0,0.0,0.0,0.0,0.0,0.0,0.0,0.0,0.0,0.0,0.0,0.0,0.0,-2.004,2.004,0.0,0.0,0.0,0.0,5046.0,0.0,0.0,0.0,0.0,0.0,-107615304.0,0.0,0.0,0.0,0.0,53,-0.0,0.059,0.0,0.0,0.0,0.0,0.0,0.0,0.0,0,0,0,0.0,0.0,0.0,0.0,0.0,0.0,0.0,0.0,0.0,0.0,0.0,0.0,0.0,0.0,0.0,0.0,0,-107875648.0,53,0.0,106,-107614832.0,2.7006707062415038e+23,ERR,ERR,ERR,ERR,ERR,ERR,ERR,ERR,ERR,ERR,ERR,ERR,ERR,ERR,ERR,ERR,ERR,ERR,ERR,ERR,ERR,ERR,ERR,ERR,ERR,ERR,ERR,ERR,ERR,ERR,ERR,ERR,ERR,ERR,ERR,ERR,ERR,ERR,ERR,ERR,ERR,ERR,ERR,ERR,ERR,ERR,ERR,ERR,ERR,ERR,ERR,ERR,ERR,ERR,ERR,ERR,ERR,ERR,ERR,ERR,ERR,ERR,ERR,ERR,ERR,ERR,ERR,50.0,60.0,100,0.0,0.0,0.0,0.0,0.0,0.0,0.0,0.0,0.0,0.0,0.0,0.0,0.0,0.0,0.0,0.0,62.0,78,11,65508,50,65476,0,300,0,0,8,20529,65476,0,0,26214,60.0,0.0,0.0,0.0,0.0,0.0
2026-05-17T16:48:21,ERR,ERR,ERR,ERR,ERR,ERR,ERR,ERR,ERR,ERR,ERR,ERR,ERR,ERR,ERR,ERR,ERR,ERR,ERR,ERR,ERR,ERR,ERR,ERR,ERR,ERR,ERR,ERR,ERR,ERR,ERR,ERR,ERR,ERR,ERR,ERR,ERR,ERR,ERR,ERR,ERR,ERR,ERR,ERR,ERR,ERR,ERR,ERR,ERR,ERR,ERR,ERR,ERR,ERR,ERR,ERR,ERR,ERR,ERR,ERR,ERR,ERR,ERR,ERR,ERR,ERR,ERR,ERR,ERR,ERR,ERR,ERR,ERR,ERR,ERR,ERR,ERR,ERR,ERR,ERR,ERR,ERR,ERR,ERR,ERR,ERR,ERR,ERR,ERR,ERR,ERR,ERR,ERR,ERR,ERR,ERR,ERR,ERR,ERR,ERR,ERR,ERR,ERR,ERR,ERR,ERR,ERR,ERR,ERR,ERR,ERR,ERR,ERR,ERR,ERR,ERR,ERR,ERR,ERR,ERR,ERR,ERR,ERR,ERR,ERR,0.0,0.0,-134474944.0,0.0,0.0,1.3936040501711995e+18,7.805,0.0,0,0,4,0,8422,0.0,45,0.0,0.0,0.0,0.0,0.0,0,0,0,0,0.0,0,0,0,0,0,0,0,0,0,0,0,0,0,0,0,0,0,0,0,0,0,0,0,0,0,0,0,0,0,0,0,0,0,38,14,7,45,65476,0,300,0,0,8,21553,0.0,-107605600.0,0.0,0.0,0.0,0.0,0.0,0.0,0.0,0.0,0.0,0.0,0.0,0.0,0.0,0.0,0.0,0.0,0.0,0.0,0.0,0.0,0.0,0.0,-2.004,2.004,0.0,0.0,0.0,0.0,5010.0,-0.0,0.0,0.0,0.0,0.0,-107615304.0,0.0,0.0,0.0,0.0,53,5.848083413016271e+35,126840537088.0,0.0,0.0,0.0,0.0,0.0,0.0,0.0,0,0,0,0.0,0.0,0.0,0.0,0.0,0.0,0.0,0.0,0.0,0.0,0.0,0.0,0.0,0.0,0.0,0.0,0,-107875648.0,53,0.0,106,-107614832.0,2.7006707062415038e+23,ERR,ERR,ERR,ERR,ERR,ERR,ERR,ERR,ERR,ERR,ERR,ERR,ERR,ERR,ERR,ERR,ERR,ERR,ERR,ERR,ERR,ERR,ERR,ERR,ERR,ERR,ERR,ERR,ERR,ERR,ERR,ERR,ERR,ERR,ERR,ERR,ERR,ERR,ERR,ERR,ERR,ERR,ERR,ERR,ERR,ERR,ERR,ERR,ERR,ERR,ERR,ERR,ERR,ERR,ERR,ERR,ERR,ERR,ERR,ERR,ERR,ERR,ERR,ERR,ERR,ERR,ERR,50.0,60.0,100,0.0,0.0,0.0,0.0,0.0,0.0,0.0,0.0,0.0,0.0,0.0,0.0,0.0,0.0,0.0,0.0,61.6,78,11,65508,50,65476,0,300,0,0,8,20529,65476,0,0,26214,60.0,0.0,0.0,0.0,0.0,0.0
2026-05-17T16:48:22,ERR,ERR,ERR,ERR,ERR,ERR,ERR,ERR,ERR,ERR,ERR,ERR,ERR,ERR,ERR,ERR,ERR,ERR,ERR,ERR,ERR,ERR,ERR,ERR,ERR,ERR,ERR,ERR,ERR,ERR,ERR,ERR,ERR,ERR,ERR,ERR,ERR,ERR,ERR,ERR,ERR,ERR,ERR,ERR,ERR,ERR,ERR,ERR,ERR,ERR,ERR,ERR,ERR,ERR,ERR,ERR,ERR,ERR,ERR,ERR,ERR,ERR,ERR,ERR,ERR,ERR,ERR,ERR,ERR,ERR,ERR,ERR,ERR,ERR,ERR,ERR,ERR,ERR,ERR,ERR,ERR,ERR,ERR,ERR,ERR,ERR,ERR,ERR,ERR,ERR,ERR,ERR,ERR,ERR,ERR,ERR,ERR,ERR,ERR,ERR,ERR,ERR,ERR,ERR,ERR,ERR,ERR,ERR,ERR,ERR,ERR,ERR,ERR,ERR,ERR,ERR,ERR,ERR,ERR,ERR,ERR,ERR,ERR,ERR,ERR,0.0,0.0,-134474944.0,0.0,0.0,1.3936040501711995e+18,7.805,0.0,0,0,4,0,8422,0.0,45,0.0,0.0,0.0,0.0,0.0,0,0,0,0,0.0,0,0,0,0,0,0,0,0,0,0,0,0,0,0,0,0,0,0,0,0,0,0,0,0,0,0,0,0,0,0,0,0,0,38,14,7,45,65476,0,300,0,0,8,21553,0.0,-107605600.0,0.0,0.0,0.0,0.0,0.0,0.0,0.0,0.0,0.0,0.0,0.0,0.0,0.0,0.0,0.0,0.0,0.0,0.0,0.0,0.0,0.0,0.0,-2.004,2.004,0.0,0.0,0.0,0.0,5010.0,-0.0,0.0,0.0,0.0,0.0,-107615304.0,0.0,0.0,0.0,0.0,53,5.848083413016271e+35,126840537088.0,0.0,0.0,0.0,0.0,0.0,0.0,0.0,0,0,0,0.0,0.0,0.0,0.0,0.0,0.0,0.0,0.0,0.0,0.0,0.0,0.0,0.0,0.0,0.0,0.0,0,-107875648.0,53,0.0,106,-107614832.0,2.7006707062415038e+23,ERR,ERR,ERR,ERR,ERR,ERR,ERR,ERR,ERR,ERR,ERR,ERR,ERR,ERR,ERR,ERR,ERR,ERR,ERR,ERR,ERR,ERR,ERR,ERR,ERR,ERR,ERR,ERR,ERR,ERR,ERR,ERR,ERR,ERR,ERR,ERR,ERR,ERR,ERR,ERR,ERR,ERR,ERR,ERR,ERR,ERR,ERR,ERR,ERR,ERR,ERR,ERR,ERR,ERR,ERR,ERR,ERR,ERR,ERR,ERR,ERR,ERR,ERR,ERR,ERR,ERR,ERR,50.0,60.0,100,0.0,0.0,0.0,0.0,0.0,0.0,0.0,0.0,0.0,0.0,0.0,0.0,0.0,0.0,0.0,0.0,61.6,78,11,65508,50,65476,0,300,0,0,8,20529,65476,0,0,26214,60.0,0.0,0.0,0.0,0.0,0.0
2026-05-17T16:48:23,ERR,ERR,ERR,ERR,ERR,ERR,ERR,ERR,ERR,ERR,ERR,ERR,ERR,ERR,ERR,ERR,ERR,ERR,ERR,ERR,ERR,ERR,ERR,ERR,ERR,ERR,ERR,ERR,ERR,ERR,ERR,ERR,ERR,ERR,ERR,ERR,ERR,ERR,ERR,ERR,ERR,ERR,ERR,ERR,ERR,ERR,ERR,ERR,ERR,ERR,ERR,ERR,ERR,ERR,ERR,ERR,ERR,ERR,ERR,ERR,ERR,ERR,ERR,ERR,ERR,ERR,ERR,ERR,ERR,ERR,ERR,ERR,ERR,ERR,ERR,ERR,ERR,ERR,ERR,ERR,ERR,ERR,ERR,ERR,ERR,ERR,ERR,ERR,ERR,ERR,ERR,ERR,ERR,ERR,ERR,ERR,ERR,ERR,ERR,ERR,ERR,ERR,ERR,ERR,ERR,ERR,ERR,ERR,ERR,ERR,ERR,ERR,ERR,ERR,ERR,ERR,ERR,ERR,ERR,ERR,ERR,ERR,ERR,ERR,ERR,0.0,0.0,-134474944.0,0.0,0.0,1.3936040501711995e+18,7.805,0.0,0,0,4,0,8422,0.0,45,0.0,0.0,0.0,0.0,0.0,0,0,0,0,0.0,0,0,0,0,0,0,0,0,0,0,0,0,0,0,0,0,0,0,0,0,0,0,0,0,0,0,0,0,0,0,0,0,0,38,14,7,45,65476,0,300,0,0,8,21553,0.0,-107605600.0,0.0,0.0,0.0,0.0,0.0,0.0,0.0,0.0,0.0,0.0,0.0,0.0,0.0,0.0,0.0,0.0,0.0,0.0,0.0,0.0,0.0,0.0,-2.004,2.004,0.0,0.0,0.0,0.0,5010.0,-0.0,0.0,0.0,0.0,0.0,-107615304.0,0.0,0.0,0.0,0.0,53,5.848083413016271e+35,126840537088.0,0.0,0.0,0.0,0.0,0.0,0.0,0.0,0,0,0,0.0,0.0,0.0,0.0,0.0,0.0,0.0,0.0,0.0,0.0,0.0,0.0,0.0,0.0,0.0,0.0,0,-107875648.0,53,0.0,106,-107614832.0,2.7006707062415038e+23,ERR,ERR,ERR,ERR,ERR,ERR,ERR,ERR,ERR,ERR,ERR,ERR,ERR,ERR,ERR,ERR,ERR,ERR,ERR,ERR,ERR,ERR,ERR,ERR,ERR,ERR,ERR,ERR,ERR,ERR,ERR,ERR,ERR,ERR,ERR,ERR,ERR,ERR,ERR,ERR,ERR,ERR,ERR,ERR,ERR,ERR,ERR,ERR,ERR,ERR,ERR,ERR,ERR,ERR,ERR,ERR,ERR,ERR,ERR,ERR,ERR,ERR,ERR,ERR,ERR,ERR,ERR,50.0,60.0,100,0.0,0.0,0.0,0.0,0.0,0.0,0.0,0.0,0.0,0.0,0.0,0.0,0.0,0.0,0.0,0.0,61.6,78,11,65508,50,65476,0,300,0,0,8,20529,65476,0,0,26214,60.0,0.0,0.0,0.0,0.0,0.0
2026-05-17T16:48:24,ERR,ERR,ERR,ERR,ERR,ERR,ERR,ERR,ERR,ERR,ERR,ERR,ERR,ERR,ERR,ERR,ERR,ERR,ERR,ERR,ERR,ERR,ERR,ERR,ERR,ERR,ERR,ERR,ERR,ERR,ERR,ERR,ERR,ERR,ERR,ERR,ERR,ERR,ERR,ERR,ERR,ERR,ERR,ERR,ERR,ERR,ERR,ERR,ERR,ERR,ERR,ERR,ERR,ERR,ERR,ERR,ERR,ERR,ERR,ERR,ERR,ERR,ERR,ERR,ERR,ERR,ERR,ERR,ERR,ERR,ERR,ERR,ERR,ERR,ERR,ERR,ERR,ERR,ERR,ERR,ERR,ERR,ERR,ERR,ERR,ERR,ERR,ERR,ERR,ERR,ERR,ERR,ERR,ERR,ERR,ERR,ERR,ERR,ERR,ERR,ERR,ERR,ERR,ERR,ERR,ERR,ERR,ERR,ERR,ERR,ERR,ERR,ERR,ERR,ERR,ERR,ERR,ERR,ERR,ERR,ERR,ERR,ERR,ERR,ERR,0.0,0.0,-134474944.0,0.0,0.0,1.3936040501711995e+18,7.805,0.0,0,0,4,0,8422,0.0,45,0.0,0.0,0.0,0.0,0.0,0,0,0,0,0.0,0,0,0,0,0,0,0,0,0,0,0,0,0,0,0,0,0,0,0,0,0,0,0,0,0,0,0,0,0,0,0,0,0,38,14,7,45,65476,0,300,0,0,8,21553,0.0,-107605600.0,0.0,0.0,0.0,0.0,0.0,0.0,0.0,0.0,0.0,0.0,0.0,0.0,0.0,0.0,0.0,0.0,0.0,0.0,0.0,0.0,0.0,0.0,-2.004,2.004,0.0,0.0,0.0,0.0,5010.0,-0.0,0.0,0.0,0.0,0.0,-107615304.0,0.0,0.0,0.0,0.0,53,5.848083413016271e+35,126840537088.0,0.0,0.0,0.0,0.0,0.0,0.0,0.0,0,0,0,0.0,0.0,0.0,0.0,0.0,0.0,0.0,0.0,0.0,0.0,0.0,0.0,0.0,0.0,0.0,0.0,0,-107875648.0,53,0.0,106,-107614832.0,2.7006707062415038e+23,ERR,ERR,ERR,ERR,ERR,ERR,ERR,ERR,ERR,ERR,ERR,ERR,ERR,ERR,ERR,ERR,ERR,ERR,ERR,ERR,ERR,ERR,ERR,ERR,ERR,ERR,ERR,ERR,ERR,ERR,ERR,ERR,ERR,ERR,ERR,ERR,ERR,ERR,ERR,ERR,ERR,ERR,ERR,ERR,ERR,ERR,ERR,ERR,ERR,ERR,ERR,ERR,ERR,ERR,ERR,ERR,ERR,ERR,ERR,ERR,ERR,ERR,ERR,ERR,ERR,ERR,ERR,50.0,60.0,100,0.0,0.0,0.0,0.0,0.0,0.0,0.0,0.0,0.0,0.0,0.0,0.0,0.0,0.0,0.0,0.0,61.6,78,11,65508,50,65476,0,300,0,0,8,20529,65476,0,0,26214,60.0,0.0,0.0,0.0,0.0,0.0
2026-05-17T16:48:25,ERR,ERR,ERR,ERR,ERR,ERR,ERR,ERR,ERR,ERR,ERR,ERR,ERR,ERR,ERR,ERR,ERR,ERR,ERR,ERR,ERR,ERR,ERR,ERR,ERR,ERR,ERR,ERR,ERR,ERR,ERR,ERR,ERR,ERR,ERR,ERR,ERR,ERR,ERR,ERR,ERR,ERR,ERR,ERR,ERR,ERR,ERR,ERR,ERR,ERR,ERR,ERR,ERR,ERR,ERR,ERR,ERR,ERR,ERR,ERR,ERR,ERR,ERR,ERR,ERR,ERR,ERR,ERR,ERR,ERR,ERR,ERR,ERR,ERR,ERR,ERR,ERR,ERR,ERR,ERR,ERR,ERR,ERR,ERR,ERR,ERR,ERR,ERR,ERR,ERR,ERR,ERR,ERR,ERR,ERR,ERR,ERR,ERR,ERR,ERR,ERR,ERR,ERR,ERR,ERR,ERR,ERR,ERR,ERR,ERR,ERR,ERR,ERR,ERR,ERR,ERR,ERR,ERR,ERR,ERR,ERR,ERR,ERR,ERR,ERR,0.0,0.0,-134474944.0,0.0,0.0,1.3936040501711995e+18,7.805,0.0,0,0,4,0,8422,0.0,45,0.0,0.0,0.0,0.0,0.0,0,0,0,0,0.0,0,0,0,0,0,0,0,0,0,0,0,0,0,0,0,0,0,0,0,0,0,0,0,0,0,0,0,0,0,0,0,0,0,38,14,7,45,65476,0,300,0,0,8,21553,0.0,-107605600.0,0.0,0.0,0.0,0.0,0.0,0.0,0.0,0.0,0.0,0.0,0.0,0.0,0.0,0.0,0.0,0.0,0.0,0.0,0.0,0.0,0.0,0.0,-2.004,2.004,0.0,0.0,0.0,0.0,5010.0,-0.0,0.0,0.0,0.0,0.0,-107615304.0,0.0,0.0,0.0,0.0,53,5.848083413016271e+35,126840537088.0,0.0,0.0,0.0,0.0,0.0,0.0,0.0,0,0,0,0.0,0.0,0.0,0.0,0.0,0.0,0.0,0.0,0.0,0.0,0.0,0.0,0.0,0.0,0.0,0.0,0,-107875648.0,53,0.0,106,-107614832.0,2.7006707062415038e+23,ERR,ERR,ERR,ERR,ERR,ERR,ERR,ERR,ERR,ERR,ERR,ERR,ERR,ERR,ERR,ERR,ERR,ERR,ERR,ERR,ERR,ERR,ERR,ERR,ERR,ERR,ERR,ERR,ERR,ERR,ERR,ERR,ERR,ERR,ERR,ERR,ERR,ERR,ERR,ERR,ERR,ERR,ERR,ERR,ERR,ERR,ERR,ERR,ERR,ERR,ERR,ERR,ERR,ERR,ERR,ERR,ERR,ERR,ERR,ERR,ERR,ERR,ERR,ERR,ERR,ERR,ERR,50.0,60.0,100,0.0,0.0,0.0,0.0,0.0,0.0,0.0,0.0,0.0,0.0,0.0,0.0,0.0,0.0,0.0,0.0,61.6,78,11,65508,50,65476,0,300,0,0,8,20529,65476,0,0,26214,60.0,0.0,0.0,0.0,0.0,0.0
2026-05-17T16:48:26,ERR,ERR,ERR,ERR,ERR,ERR,ERR,ERR,ERR,ERR,ERR,ERR,ERR,ERR,ERR,ERR,ERR,ERR,ERR,ERR,ERR,ERR,ERR,ERR,ERR,ERR,ERR,ERR,ERR,ERR,ERR,ERR,ERR,ERR,ERR,ERR,ERR,ERR,ERR,ERR,ERR,ERR,ERR,ERR,ERR,ERR,ERR,ERR,ERR,ERR,ERR,ERR,ERR,ERR,ERR,ERR,ERR,ERR,ERR,ERR,ERR,ERR,ERR,ERR,ERR,ERR,ERR,ERR,ERR,ERR,ERR,ERR,ERR,ERR,ERR,ERR,ERR,ERR,ERR,ERR,ERR,ERR,ERR,ERR,ERR,ERR,ERR,ERR,ERR,ERR,ERR,ERR,ERR,ERR,ERR,ERR,ERR,ERR,ERR,ERR,ERR,ERR,ERR,ERR,ERR,ERR,ERR,ERR,ERR,ERR,ERR,ERR,ERR,ERR,ERR,ERR,ERR,ERR,ERR,ERR,ERR,ERR,ERR,ERR,ERR,0.0,0.0,-134474944.0,0.0,0.0,1.3936040501711995e+18,7.805,0.0,0,0,4,0,8422,0.0,45,0.0,0.0,0.0,0.0,0.0,0,0,0,0,0.0,0,0,0,0,0,0,0,0,0,0,0,0,0,0,0,0,0,0,0,0,0,0,0,0,0,0,0,0,0,0,0,0,0,38,14,7,45,65476,0,300,0,0,8,21553,0.0,-107605600.0,0.0,0.0,0.0,0.0,0.0,0.0,0.0,0.0,0.0,0.0,0.0,0.0,0.0,0.0,0.0,0.0,0.0,0.0,0.0,0.0,0.0,0.0,-2.004,2.004,0.0,0.0,0.0,0.0,5010.0,1.040665380856972e+34,0.0,0.0,0.0,0.0,-107615304.0,0.0,0.0,0.0,0.0,53,3.222028592685471e+26,0.0,0.0,0.0,0.0,0.0,0.0,0.0,0.0,0,0,0,0.0,0.0,0.0,0.0,0.0,0.0,0.0,0.0,0.0,0.0,0.0,0.0,0.0,0.0,0.0,0.0,0,-107875648.0,53,0.0,106,-107614832.0,2.7006707062415038e+23,ERR,ERR,ERR,ERR,ERR,ERR,ERR,ERR,ERR,ERR,ERR,ERR,ERR,ERR,ERR,ERR,ERR,ERR,ERR,ERR,ERR,ERR,ERR,ERR,ERR,ERR,ERR,ERR,ERR,ERR,ERR,ERR,ERR,ERR,ERR,ERR,ERR,ERR,ERR,ERR,ERR,ERR,ERR,ERR,ERR,ERR,ERR,ERR,ERR,ERR,ERR,ERR,ERR,ERR,ERR,ERR,ERR,ERR,ERR,ERR,ERR,ERR,ERR,ERR,ERR,ERR,ERR,50.0,60.0,100,0.0,0.0,0.0,0.0,0.0,0.0,0.0,0.0,0.0,0.0,0.0,0.0,0.0,0.0,0.0,0.0,62.0,78,11,65508,50,65476,0,300,0,0,8,20529,65476,0,0,26214,60.0,0.0,0.0,0.0,0.0,0.0
2026-05-17T16:48:27,ERR,ERR,ERR,ERR,ERR,ERR,ERR,ERR,ERR,ERR,ERR,ERR,ERR,ERR,ERR,ERR,ERR,ERR,ERR,ERR,ERR,ERR,ERR,ERR,ERR,ERR,ERR,ERR,ERR,ERR,ERR,ERR,ERR,ERR,ERR,ERR,ERR,ERR,ERR,ERR,ERR,ERR,ERR,ERR,ERR,ERR,ERR,ERR,ERR,ERR,ERR,ERR,ERR,ERR,ERR,ERR,ERR,ERR,ERR,ERR,ERR,ERR,ERR,ERR,ERR,ERR,ERR,ERR,ERR,ERR,ERR,ERR,ERR,ERR,ERR,ERR,ERR,ERR,ERR,ERR,ERR,ERR,ERR,ERR,ERR,ERR,ERR,ERR,ERR,ERR,ERR,ERR,ERR,ERR,ERR,ERR,ERR,ERR,ERR,ERR,ERR,ERR,ERR,ERR,ERR,ERR,ERR,ERR,ERR,ERR,ERR,ERR,ERR,ERR,ERR,ERR,ERR,ERR,ERR,ERR,ERR,ERR,ERR,ERR,ERR,0.0,0.0,-134474944.0,0.0,0.0,1.3936040501711995e+18,7.805,0.0,0,0,4,0,8422,0.0,45,0.0,0.0,0.0,0.0,0.0,0,0,0,0,0.0,0,0,0,0,0,0,0,0,0,0,0,0,0,0,0,0,0,0,0,0,0,0,0,0,0,0,0,0,0,0,0,0,0,38,14,7,45,65476,0,300,0,0,8,21553,0.0,-107605600.0,0.0,0.0,0.0,0.0,0.0,0.0,0.0,0.0,0.0,0.0,0.0,0.0,0.0,0.0,0.0,0.0,0.0,0.0,0.0,0.0,0.0,0.0,-2.004,2.004,0.0,0.0,0.0,0.0,5010.0,1.040665380856972e+34,0.0,0.0,0.0,0.0,-107615304.0,0.0,0.0,0.0,0.0,53,3.222028592685471e+26,0.0,0.0,0.0,0.0,0.0,0.0,0.0,0.0,0,0,0,0.0,0.0,0.0,0.0,0.0,0.0,0.0,0.0,0.0,0.0,0.0,0.0,0.0,0.0,0.0,0.0,0,-107875648.0,53,0.0,106,-107614832.0,2.7006707062415038e+23,ERR,ERR,ERR,ERR,ERR,ERR,ERR,ERR,ERR,ERR,ERR,ERR,ERR,ERR,ERR,ERR,ERR,ERR,ERR,ERR,ERR,ERR,ERR,ERR,ERR,ERR,ERR,ERR,ERR,ERR,ERR,ERR,ERR,ERR,ERR,ERR,ERR,ERR,ERR,ERR,ERR,ERR,ERR,ERR,ERR,ERR,ERR,ERR,ERR,ERR,ERR,ERR,ERR,ERR,ERR,ERR,ERR,ERR,ERR,ERR,ERR,ERR,ERR,ERR,ERR,ERR,ERR,50.0,60.0,100,0.0,0.0,0.0,0.0,0.0,0.0,0.0,0.0,0.0,0.0,0.0,0.0,0.0,0.0,0.0,0.0,62.0,78,11,65508,50,65476,0,300,0,0,8,20529,65476,0,0,26214,60.0,0.0,0.0,0.0,0.0,0.0
2026-05-17T16:48:28,ERR,ERR,ERR,ERR,ERR,ERR,ERR,ERR,ERR,ERR,ERR,ERR,ERR,ERR,ERR,ERR,ERR,ERR,ERR,ERR,ERR,ERR,ERR,ERR,ERR,ERR,ERR,ERR,ERR,ERR,ERR,ERR,ERR,ERR,ERR,ERR,ERR,ERR,ERR,ERR,ERR,ERR,ERR,ERR,ERR,ERR,ERR,ERR,ERR,ERR,ERR,ERR,ERR,ERR,ERR,ERR,ERR,ERR,ERR,ERR,ERR,ERR,ERR,ERR,ERR,ERR,ERR,ERR,ERR,ERR,ERR,ERR,ERR,ERR,ERR,ERR,ERR,ERR,ERR,ERR,ERR,ERR,ERR,ERR,ERR,ERR,ERR,ERR,ERR,ERR,ERR,ERR,ERR,ERR,ERR,ERR,ERR,ERR,ERR,ERR,ERR,ERR,ERR,ERR,ERR,ERR,ERR,ERR,ERR,ERR,ERR,ERR,ERR,ERR,ERR,ERR,ERR,ERR,ERR,ERR,ERR,ERR,ERR,ERR,ERR,0.0,0.0,-134474944.0,0.0,0.0,1.3936040501711995e+18,7.805,0.0,0,0,4,0,8422,0.0,45,0.0,0.0,0.0,0.0,0.0,0,0,0,0,0.0,0,0,0,0,0,0,0,0,0,0,0,0,0,0,0,0,0,0,0,0,0,0,0,0,0,0,0,0,0,0,0,0,0,38,14,7,45,65476,0,300,0,0,8,21553,0.0,-107605600.0,0.0,0.0,0.0,0.0,0.0,0.0,0.0,0.0,0.0,0.0,0.0,0.0,0.0,0.0,0.0,0.0,0.0,0.0,0.0,0.0,0.0,0.0,-2.004,2.004,0.0,0.0,0.0,0.0,5010.0,1.040665380856972e+34,0.0,0.0,0.0,0.0,-107615304.0,0.0,0.0,0.0,0.0,53,3.222028592685471e+26,0.0,0.0,0.0,0.0,0.0,0.0,0.0,0.0,0,0,0,0.0,0.0,0.0,0.0,0.0,0.0,0.0,0.0,0.0,0.0,0.0,0.0,0.0,0.0,0.0,0.0,0,-107875648.0,53,0.0,106,-107614832.0,2.7006707062415038e+23,ERR,ERR,ERR,ERR,ERR,ERR,ERR,ERR,ERR,ERR,ERR,ERR,ERR,ERR,ERR,ERR,ERR,ERR,ERR,ERR,ERR,ERR,ERR,ERR,ERR,ERR,ERR,ERR,ERR,ERR,ERR,ERR,ERR,ERR,ERR,ERR,ERR,ERR,ERR,ERR,ERR,ERR,ERR,ERR,ERR,ERR,ERR,ERR,ERR,ERR,ERR,ERR,ERR,ERR,ERR,ERR,ERR,ERR,ERR,ERR,ERR,ERR,ERR,ERR,ERR,ERR,ERR,50.0,60.0,100,0.0,0.0,0.0,0.0,0.0,0.0,0.0,0.0,0.0,0.0,0.0,0.0,0.0,0.0,0.0,0.0,61.6,78,11,65508,50,65476,0,300,0,0,8,20529,65476,0,0,26214,60.0,0.0,0.0,0.0,0.0,0.0
2026-05-17T16:48:29,ERR,ERR,ERR,ERR,ERR,ERR,ERR,ERR,ERR,ERR,ERR,ERR,ERR,ERR,ERR,ERR,ERR,ERR,ERR,ERR,ERR,ERR,ERR,ERR,ERR,ERR,ERR,ERR,ERR,ERR,ERR,ERR,ERR,ERR,ERR,ERR,ERR,ERR,ERR,ERR,ERR,ERR,ERR,ERR,ERR,ERR,ERR,ERR,ERR,ERR,ERR,ERR,ERR,ERR,ERR,ERR,ERR,ERR,ERR,ERR,ERR,ERR,ERR,ERR,ERR,ERR,ERR,ERR,ERR,ERR,ERR,ERR,ERR,ERR,ERR,ERR,ERR,ERR,ERR,ERR,ERR,ERR,ERR,ERR,ERR,ERR,ERR,ERR,ERR,ERR,ERR,ERR,ERR,ERR,ERR,ERR,ERR,ERR,ERR,ERR,ERR,ERR,ERR,ERR,ERR,ERR,ERR,ERR,ERR,ERR,ERR,ERR,ERR,ERR,ERR,ERR,ERR,ERR,ERR,ERR,ERR,ERR,ERR,ERR,ERR,0.0,0.0,-134474944.0,0.0,0.0,1.3936040501711995e+18,7.805,0.0,0,0,4,0,8422,0.0,45,0.0,0.0,0.0,0.0,0.0,0,0,0,0,0.0,0,0,0,0,0,0,0,0,0,0,0,0,0,0,0,0,0,0,0,0,0,0,0,0,0,0,0,0,0,0,0,0,0,38,14,7,45,65476,0,300,0,0,8,21553,0.0,-107605600.0,0.0,0.0,0.0,0.0,0.0,0.0,0.0,0.0,0.0,0.0,0.0,0.0,0.0,0.0,0.0,0.0,0.0,0.0,0.0,0.0,0.0,0.0,-2.004,2.004,0.0,0.0,0.0,0.0,5010.0,1.040665380856972e+34,0.0,0.0,0.0,0.0,-107615304.0,0.0,0.0,0.0,0.0,53,3.222028592685471e+26,0.0,0.0,0.0,0.0,0.0,0.0,0.0,0.0,0,0,0,0.0,0.0,0.0,0.0,0.0,0.0,0.0,0.0,0.0,0.0,0.0,0.0,0.0,0.0,0.0,0.0,0,-107875648.0,53,0.0,106,-107614832.0,2.7006707062415038e+23,ERR,ERR,ERR,ERR,ERR,ERR,ERR,ERR,ERR,ERR,ERR,ERR,ERR,ERR,ERR,ERR,ERR,ERR,ERR,ERR,ERR,ERR,ERR,ERR,ERR,ERR,ERR,ERR,ERR,ERR,ERR,ERR,ERR,ERR,ERR,ERR,ERR,ERR,ERR,ERR,ERR,ERR,ERR,ERR,ERR,ERR,ERR,ERR,ERR,ERR,ERR,ERR,ERR,ERR,ERR,ERR,ERR,ERR,ERR,ERR,ERR,ERR,ERR,ERR,ERR,ERR,ERR,50.0,60.0,100,0.0,0.0,0.0,0.0,0.0,0.0,0.0,0.0,0.0,0.0,0.0,0.0,0.0,0.0,0.0,0.0,61.6,78,11,65508,50,65476,0,300,0,0,8,20529,65476,0,0,26214,60.0,0.0,0.0,0.0,0.0,0.0
2026-05-17T16:48:30,ERR,ERR,ERR,ERR,ERR,ERR,ERR,ERR,ERR,ERR,ERR,ERR,ERR,ERR,ERR,ERR,ERR,ERR,ERR,ERR,ERR,ERR,ERR,ERR,ERR,ERR,ERR,ERR,ERR,ERR,ERR,ERR,ERR,ERR,ERR,ERR,ERR,ERR,ERR,ERR,ERR,ERR,ERR,ERR,ERR,ERR,ERR,ERR,ERR,ERR,ERR,ERR,ERR,ERR,ERR,ERR,ERR,ERR,ERR,ERR,ERR,ERR,ERR,ERR,ERR,ERR,ERR,ERR,ERR,ERR,ERR,ERR,ERR,ERR,ERR,ERR,ERR,ERR,ERR,ERR,ERR,ERR,ERR,ERR,ERR,ERR,ERR,ERR,ERR,ERR,ERR,ERR,ERR,ERR,ERR,ERR,ERR,ERR,ERR,ERR,ERR,ERR,ERR,ERR,ERR,ERR,ERR,ERR,ERR,ERR,ERR,ERR,ERR,ERR,ERR,ERR,ERR,ERR,ERR,ERR,ERR,ERR,ERR,ERR,ERR,0.0,0.0,-134474944.0,0.0,0.0,1.3936040501711995e+18,7.805,0.0,0,0,4,0,8422,0.0,45,0.0,0.0,0.0,0.0,0.0,0,0,0,0,0.0,0,0,0,0,0,0,0,0,0,0,0,0,0,0,0,0,0,0,0,0,0,0,0,0,0,0,0,0,0,0,0,0,0,38,14,7,45,65476,0,300,0,0,8,21553,0.0,-107605600.0,0.0,0.0,0.0,0.0,0.0,0.0,0.0,0.0,0.0,0.0,0.0,0.0,0.0,0.0,0.0,0.0,0.0,0.0,0.0,0.0,0.0,0.0,-2.004,2.004,0.0,0.0,0.0,0.0,5010.0,1.040665380856972e+34,0.0,0.0,0.0,0.0,-107615304.0,0.0,0.0,0.0,0.0,53,3.222028592685471e+26,0.0,0.0,0.0,0.0,0.0,0.0,0.0,0.0,0,0,0,0.0,0.0,0.0,0.0,0.0,0.0,0.0,0.0,0.0,0.0,0.0,0.0,0.0,0.0,0.0,0.0,0,-107875648.0,53,0.0,106,-107614832.0,2.7006707062415038e+23,ERR,ERR,ERR,ERR,ERR,ERR,ERR,ERR,ERR,ERR,ERR,ERR,ERR,ERR,ERR,ERR,ERR,ERR,ERR,ERR,ERR,ERR,ERR,ERR,ERR,ERR,ERR,ERR,ERR,ERR,ERR,ERR,ERR,ERR,ERR,ERR,ERR,ERR,ERR,ERR,ERR,ERR,ERR,ERR,ERR,ERR,ERR,ERR,ERR,ERR,ERR,ERR,ERR,ERR,ERR,ERR,ERR,ERR,ERR,ERR,ERR,ERR,ERR,ERR,ERR,ERR,ERR,50.0,60.0,100,0.0,0.0,0.0,0.0,0.0,0.0,0.0,0.0,0.0,0.0,0.0,0.0,0.0,0.0,0.0,0.0,62.0,78,11,65508,50,65476,0,300,0,0,8,20529,65476,0,0,26214,60.0,0.0,0.0,0.0,0.0,0.0
2026-05-17T16:48:31,ERR,ERR,ERR,ERR,ERR,ERR,ERR,ERR,ERR,ERR,ERR,ERR,ERR,ERR,ERR,ERR,ERR,ERR,ERR,ERR,ERR,ERR,ERR,ERR,ERR,ERR,ERR,ERR,ERR,ERR,ERR,ERR,ERR,ERR,ERR,ERR,ERR,ERR,ERR,ERR,ERR,ERR,ERR,ERR,ERR,ERR,ERR,ERR,ERR,ERR,ERR,ERR,ERR,ERR,ERR,ERR,ERR,ERR,ERR,ERR,ERR,ERR,ERR,ERR,ERR,ERR,ERR,ERR,ERR,ERR,ERR,ERR,ERR,ERR,ERR,ERR,ERR,ERR,ERR,ERR,ERR,ERR,ERR,ERR,ERR,ERR,ERR,ERR,ERR,ERR,ERR,ERR,ERR,ERR,ERR,ERR,ERR,ERR,ERR,ERR,ERR,ERR,ERR,ERR,ERR,ERR,ERR,ERR,ERR,ERR,ERR,ERR,ERR,ERR,ERR,ERR,ERR,ERR,ERR,ERR,ERR,ERR,ERR,ERR,ERR,0.0,0.0,-134474944.0,0.0,0.0,1.3936040501711995e+18,7.805,0.0,0,0,4,0,8422,0.0,45,0.0,0.0,0.0,0.0,0.0,0,0,0,0,0.0,0,0,0,0,0,0,0,0,0,0,0,0,0,0,0,0,0,0,0,0,0,0,0,0,0,0,0,0,0,0,0,0,0,38,14,7,45,65476,0,300,0,0,8,21553,0.0,-107605600.0,0.0,0.0,0.0,0.0,0.0,0.0,0.0,0.0,0.0,0.0,0.0,0.0,0.0,0.0,0.0,0.0,0.0,0.0,0.0,0.0,0.0,0.0,-2.004,2.004,0.0,0.0,0.0,0.0,5012.0,0.0,0.0,0.0,0.0,0.0,-107615304.0,0.0,0.0,0.0,0.0,53,4.066880103266858e+29,-0.0,0.0,0.0,0.0,0.0,0.0,0.0,0.0,0,0,0,0.0,0.0,0.0,0.0,0.0,0.0,0.0,0.0,0.0,0.0,0.0,0.0,0.0,0.0,0.0,0.0,0,-107875648.0,53,0.0,106,-107614832.0,2.7006707062415038e+23,ERR,ERR,ERR,ERR,ERR,ERR,ERR,ERR,ERR,ERR,ERR,ERR,ERR,ERR,ERR,ERR,ERR,ERR,ERR,ERR,ERR,ERR,ERR,ERR,ERR,ERR,ERR,ERR,ERR,ERR,ERR,ERR,ERR,ERR,ERR,ERR,ERR,ERR,ERR,ERR,ERR,ERR,ERR,ERR,ERR,ERR,ERR,ERR,ERR,ERR,ERR,ERR,ERR,ERR,ERR,ERR,ERR,ERR,ERR,ERR,ERR,ERR,ERR,ERR,ERR,ERR,ERR,50.0,60.0,100,0.0,0.0,0.0,0.0,0.0,0.0,0.0,0.0,0.0,0.0,0.0,0.0,0.0,0.0,0.0,0.0,62.0,77,11,65508,50,65476,0,300,0,0,8,20529,65476,0,0,26214,60.0,0.0,0.0,0.0,0.0,0.0
2026-05-17T16:48:32,ERR,ERR,ERR,ERR,ERR,ERR,ERR,ERR,ERR,ERR,ERR,ERR,ERR,ERR,ERR,ERR,ERR,ERR,ERR,ERR,ERR,ERR,ERR,ERR,ERR,ERR,ERR,ERR,ERR,ERR,ERR,ERR,ERR,ERR,ERR,ERR,ERR,ERR,ERR,ERR,ERR,ERR,ERR,ERR,ERR,ERR,ERR,ERR,ERR,ERR,ERR,ERR,ERR,ERR,ERR,ERR,ERR,ERR,ERR,ERR,ERR,ERR,ERR,ERR,ERR,ERR,ERR,ERR,ERR,ERR,ERR,ERR,ERR,ERR,ERR,ERR,ERR,ERR,ERR,ERR,ERR,ERR,ERR,ERR,ERR,ERR,ERR,ERR,ERR,ERR,ERR,ERR,ERR,ERR,ERR,ERR,ERR,ERR,ERR,ERR,ERR,ERR,ERR,ERR,ERR,ERR,ERR,ERR,ERR,ERR,ERR,ERR,ERR,ERR,ERR,ERR,ERR,ERR,ERR,ERR,ERR,ERR,ERR,ERR,ERR,0.0,0.0,-134474944.0,0.0,0.0,1.3936040501711995e+18,7.805,0.0,0,0,4,0,8422,0.0,45,0.0,0.0,0.0,0.0,0.0,0,0,0,0,0.0,0,0,0,0,0,0,0,0,0,0,0,0,0,0,0,0,0,0,0,0,0,0,0,0,0,0,0,0,0,0,0,0,0,38,14,7,45,65476,0,300,0,0,8,21553,0.0,-107605600.0,0.0,0.0,0.0,0.0,0.0,0.0,0.0,0.0,0.0,0.0,0.0,0.0,0.0,0.0,0.0,0.0,0.0,0.0,0.0,0.0,0.0,0.0,-2.004,2.004,0.0,0.0,0.0,0.0,5012.0,0.0,0.0,0.0,0.0,0.0,-107615304.0,0.0,0.0,0.0,0.0,53,4.066880103266858e+29,-0.0,0.0,0.0,0.0,0.0,0.0,0.0,0.0,0,0,0,0.0,0.0,0.0,0.0,0.0,0.0,0.0,0.0,0.0,0.0,0.0,0.0,0.0,0.0,0.0,0.0,0,-107875648.0,53,0.0,106,-107614832.0,2.7006707062415038e+23,ERR,ERR,ERR,ERR,ERR,ERR,ERR,ERR,ERR,ERR,ERR,ERR,ERR,ERR,ERR,ERR,ERR,ERR,ERR,ERR,ERR,ERR,ERR,ERR,ERR,ERR,ERR,ERR,ERR,ERR,ERR,ERR,ERR,ERR,ERR,ERR,ERR,ERR,ERR,ERR,ERR,ERR,ERR,ERR,ERR,ERR,ERR,ERR,ERR,ERR,ERR,ERR,ERR,ERR,ERR,ERR,ERR,ERR,ERR,ERR,ERR,ERR,ERR,ERR,ERR,ERR,ERR,50.0,60.0,100,0.0,0.0,0.0,0.0,0.0,0.0,0.0,0.0,0.0,0.0,0.0,0.0,0.0,0.0,0.0,0.0,62.0,77,11,65508,50,65476,0,300,0,0,8,20529,65476,0,0,26214,60.0,0.0,0.0,0.0,0.0,0.0
2026-05-17T16:48:33,ERR,ERR,ERR,ERR,ERR,ERR,ERR,ERR,ERR,ERR,ERR,ERR,ERR,ERR,ERR,ERR,ERR,ERR,ERR,ERR,ERR,ERR,ERR,ERR,ERR,ERR,ERR,ERR,ERR,ERR,ERR,ERR,ERR,ERR,ERR,ERR,ERR,ERR,ERR,ERR,ERR,ERR,ERR,ERR,ERR,ERR,ERR,ERR,ERR,ERR,ERR,ERR,ERR,ERR,ERR,ERR,ERR,ERR,ERR,ERR,ERR,ERR,ERR,ERR,ERR,ERR,ERR,ERR,ERR,ERR,ERR,ERR,ERR,ERR,ERR,ERR,ERR,ERR,ERR,ERR,ERR,ERR,ERR,ERR,ERR,ERR,ERR,ERR,ERR,ERR,ERR,ERR,ERR,ERR,ERR,ERR,ERR,ERR,ERR,ERR,ERR,ERR,ERR,ERR,ERR,ERR,ERR,ERR,ERR,ERR,ERR,ERR,ERR,ERR,ERR,ERR,ERR,ERR,ERR,ERR,ERR,ERR,ERR,ERR,ERR,0.0,0.0,-134474944.0,0.0,0.0,1.3936040501711995e+18,7.805,0.0,0,0,4,0,8422,0.0,45,0.0,0.0,0.0,0.0,0.0,0,0,0,0,0.0,0,0,0,0,0,0,0,0,0,0,0,0,0,0,0,0,0,0,0,0,0,0,0,0,0,0,0,0,0,0,0,0,0,38,14,7,45,65476,0,300,0,0,8,21553,0.0,-107605600.0,0.0,0.0,0.0,0.0,0.0,0.0,0.0,0.0,0.0,0.0,0.0,0.0,0.0,0.0,0.0,0.0,0.0,0.0,0.0,0.0,0.0,0.0,-2.004,2.004,0.0,0.0,0.0,0.0,5012.0,0.0,0.0,0.0,0.0,0.0,-107615304.0,0.0,0.0,0.0,0.0,53,4.066880103266858e+29,-0.0,0.0,0.0,0.0,0.0,0.0,0.0,0.0,0,0,0,0.0,0.0,0.0,0.0,0.0,0.0,0.0,0.0,0.0,0.0,0.0,0.0,0.0,0.0,0.0,0.0,0,-107875648.0,53,0.0,106,-107614832.0,2.7006707062415038e+23,ERR,ERR,ERR,ERR,ERR,ERR,ERR,ERR,ERR,ERR,ERR,ERR,ERR,ERR,ERR,ERR,ERR,ERR,ERR,ERR,ERR,ERR,ERR,ERR,ERR,ERR,ERR,ERR,ERR,ERR,ERR,ERR,ERR,ERR,ERR,ERR,ERR,ERR,ERR,ERR,ERR,ERR,ERR,ERR,ERR,ERR,ERR,ERR,ERR,ERR,ERR,ERR,ERR,ERR,ERR,ERR,ERR,ERR,ERR,ERR,ERR,ERR,ERR,ERR,ERR,ERR,ERR,50.0,60.0,100,0.0,0.0,0.0,0.0,0.0,0.0,0.0,0.0,0.0,0.0,0.0,0.0,0.0,0.0,0.0,0.0,62.0,77,11,65508,50,65476,0,300,0,0,8,20529,65476,0,0,26214,60.0,0.0,0.0,0.0,0.0,0.0
2026-05-17T16:48:34,ERR,ERR,ERR,ERR,ERR,ERR,ERR,ERR,ERR,ERR,ERR,ERR,ERR,ERR,ERR,ERR,ERR,ERR,ERR,ERR,ERR,ERR,ERR,ERR,ERR,ERR,ERR,ERR,ERR,ERR,ERR,ERR,ERR,ERR,ERR,ERR,ERR,ERR,ERR,ERR,ERR,ERR,ERR,ERR,ERR,ERR,ERR,ERR,ERR,ERR,ERR,ERR,ERR,ERR,ERR,ERR,ERR,ERR,ERR,ERR,ERR,ERR,ERR,ERR,ERR,ERR,ERR,ERR,ERR,ERR,ERR,ERR,ERR,ERR,ERR,ERR,ERR,ERR,ERR,ERR,ERR,ERR,ERR,ERR,ERR,ERR,ERR,ERR,ERR,ERR,ERR,ERR,ERR,ERR,ERR,ERR,ERR,ERR,ERR,ERR,ERR,ERR,ERR,ERR,ERR,ERR,ERR,ERR,ERR,ERR,ERR,ERR,ERR,ERR,ERR,ERR,ERR,ERR,ERR,ERR,ERR,ERR,ERR,ERR,ERR,0.0,0.0,-134474944.0,0.0,0.0,1.3936040501711995e+18,7.805,0.0,0,0,4,0,8422,0.0,45,0.0,0.0,0.0,0.0,0.0,0,0,0,0,0.0,0,0,0,0,0,0,0,0,0,0,0,0,0,0,0,0,0,0,0,0,0,0,0,0,0,0,0,0,0,0,0,0,0,38,14,7,45,65476,0,300,0,0,8,21553,0.0,-107605600.0,0.0,0.0,0.0,0.0,0.0,0.0,0.0,0.0,0.0,0.0,0.0,0.0,0.0,0.0,0.0,0.0,0.0,0.0,0.0,0.0,0.0,0.0,-2.004,2.004,0.0,0.0,0.0,0.0,5012.0,0.0,0.0,0.0,0.0,0.0,-107615304.0,0.0,0.0,0.0,0.0,53,4.066880103266858e+29,-0.0,0.0,0.0,0.0,0.0,0.0,0.0,0.0,0,0,0,0.0,0.0,0.0,0.0,0.0,0.0,0.0,0.0,0.0,0.0,0.0,0.0,0.0,0.0,0.0,0.0,0,-107875648.0,53,0.0,106,-107614832.0,2.7006707062415038e+23,ERR,ERR,ERR,ERR,ERR,ERR,ERR,ERR,ERR,ERR,ERR,ERR,ERR,ERR,ERR,ERR,ERR,ERR,ERR,ERR,ERR,ERR,ERR,ERR,ERR,ERR,ERR,ERR,ERR,ERR,ERR,ERR,ERR,ERR,ERR,ERR,ERR,ERR,ERR,ERR,ERR,ERR,ERR,ERR,ERR,ERR,ERR,ERR,ERR,ERR,ERR,ERR,ERR,ERR,ERR,ERR,ERR,ERR,ERR,ERR,ERR,ERR,ERR,ERR,ERR,ERR,ERR,50.0,60.0,100,0.0,0.0,0.0,0.0,0.0,0.0,0.0,0.0,0.0,0.0,0.0,0.0,0.0,0.0,0.0,0.0,62.0,77,11,65508,50,65476,0,300,0,0,8,20529,65476,0,0,26214,60.0,0.0,0.0,0.0,0.0,0.0
2026-05-17T16:48:35,ERR,ERR,ERR,ERR,ERR,ERR,ERR,ERR,ERR,ERR,ERR,ERR,ERR,ERR,ERR,ERR,ERR,ERR,ERR,ERR,ERR,ERR,ERR,ERR,ERR,ERR,ERR,ERR,ERR,ERR,ERR,ERR,ERR,ERR,ERR,ERR,ERR,ERR,ERR,ERR,ERR,ERR,ERR,ERR,ERR,ERR,ERR,ERR,ERR,ERR,ERR,ERR,ERR,ERR,ERR,ERR,ERR,ERR,ERR,ERR,ERR,ERR,ERR,ERR,ERR,ERR,ERR,ERR,ERR,ERR,ERR,ERR,ERR,ERR,ERR,ERR,ERR,ERR,ERR,ERR,ERR,ERR,ERR,ERR,ERR,ERR,ERR,ERR,ERR,ERR,ERR,ERR,ERR,ERR,ERR,ERR,ERR,ERR,ERR,ERR,ERR,ERR,ERR,ERR,ERR,ERR,ERR,ERR,ERR,ERR,ERR,ERR,ERR,ERR,ERR,ERR,ERR,ERR,ERR,ERR,ERR,ERR,ERR,ERR,ERR,0.0,0.0,-134474944.0,0.0,0.0,1.3936040501711995e+18,7.805,0.0,0,0,4,0,8422,0.0,45,0.0,0.0,0.0,0.0,0.0,0,0,0,0,0.0,0,0,0,0,0,0,0,0,0,0,0,0,0,0,0,0,0,0,0,0,0,0,0,0,0,0,0,0,0,0,0,0,0,38,14,7,45,65476,0,300,0,0,8,21553,0.0,-107605600.0,0.0,0.0,0.0,0.0,0.0,0.0,0.0,0.0,0.0,0.0,0.0,0.0,0.0,0.0,0.0,0.0,0.0,0.0,0.0,0.0,0.0,0.0,-2.004,2.004,0.0,0.0,0.0,0.0,5012.0,0.0,0.0,0.0,0.0,0.0,-107615304.0,0.0,0.0,0.0,0.0,53,4.066880103266858e+29,-0.0,0.0,0.0,0.0,0.0,0.0,0.0,0.0,0,0,0,0.0,0.0,0.0,0.0,0.0,0.0,0.0,0.0,0.0,0.0,0.0,0.0,0.0,0.0,0.0,0.0,0,-107875648.0,53,0.0,106,-107614832.0,2.7006707062415038e+23,ERR,ERR,ERR,ERR,ERR,ERR,ERR,ERR,ERR,ERR,ERR,ERR,ERR,ERR,ERR,ERR,ERR,ERR,ERR,ERR,ERR,ERR,ERR,ERR,ERR,ERR,ERR,ERR,ERR,ERR,ERR,ERR,ERR,ERR,ERR,ERR,ERR,ERR,ERR,ERR,ERR,ERR,ERR,ERR,ERR,ERR,ERR,ERR,ERR,ERR,ERR,ERR,ERR,ERR,ERR,ERR,ERR,ERR,ERR,ERR,ERR,ERR,ERR,ERR,ERR,ERR,ERR,50.0,60.0,100,0.0,0.0,0.0,0.0,0.0,0.0,0.0,0.0,0.0,0.0,0.0,0.0,0.0,0.0,0.0,0.0,61.6,77,11,65508,50,65476,0,300,0,0,8,20529,65476,0,0,26214,60.0,0.0,0.0,0.0,0.0,0.0
2026-05-17T16:48:36,ERR,ERR,ERR,ERR,ERR,ERR,ERR,ERR,ERR,ERR,ERR,ERR,ERR,ERR,ERR,ERR,ERR,ERR,ERR,ERR,ERR,ERR,ERR,ERR,ERR,ERR,ERR,ERR,ERR,ERR,ERR,ERR,ERR,ERR,ERR,ERR,ERR,ERR,ERR,ERR,ERR,ERR,ERR,ERR,ERR,ERR,ERR,ERR,ERR,ERR,ERR,ERR,ERR,ERR,ERR,ERR,ERR,ERR,ERR,ERR,ERR,ERR,ERR,ERR,ERR,ERR,ERR,ERR,ERR,ERR,ERR,ERR,ERR,ERR,ERR,ERR,ERR,ERR,ERR,ERR,ERR,ERR,ERR,ERR,ERR,ERR,ERR,ERR,ERR,ERR,ERR,ERR,ERR,ERR,ERR,ERR,ERR,ERR,ERR,ERR,ERR,ERR,ERR,ERR,ERR,ERR,ERR,ERR,ERR,ERR,ERR,ERR,ERR,ERR,ERR,ERR,ERR,ERR,ERR,ERR,ERR,ERR,ERR,ERR,ERR,0.0,0.0,-134474944.0,0.0,0.0,1.3936040501711995e+18,7.805,0.0,0,0,4,0,8422,0.0,45,0.0,0.0,0.0,0.0,0.0,0,0,0,0,0.0,0,0,0,0,0,0,0,0,0,0,0,0,0,0,0,0,0,0,0,0,0,0,0,0,0,0,0,0,0,0,0,0,0,38,14,7,45,65476,0,300,0,0,8,21553,0.0,-107605600.0,0.0,0.0,0.0,0.0,0.0,0.0,0.0,0.0,0.0,0.0,0.0,0.0,0.0,0.0,0.0,0.0,0.0,0.0,0.0,0.0,0.0,0.0,-2.004,2.004,0.0,0.0,0.0,0.0,5013.0,0.0,0.0,0.0,0.0,0.0,-107615304.0,0.0,0.0,0.0,0.0,53,4.950428597886765e+32,-2.30882787541985e+20,0.0,0.0,0.0,0.0,0.0,0.0,0.0,0,0,0,0.0,0.0,0.0,0.0,0.0,0.0,0.0,0.0,0.0,0.0,0.0,0.0,0.0,0.0,0.0,0.0,0,-107875648.0,53,0.0,106,-107614832.0,2.7006707062415038e+23,ERR,ERR,ERR,ERR,ERR,ERR,ERR,ERR,ERR,ERR,ERR,ERR,ERR,ERR,ERR,ERR,ERR,ERR,ERR,ERR,ERR,ERR,ERR,ERR,ERR,ERR,ERR,ERR,ERR,ERR,ERR,ERR,ERR,ERR,ERR,ERR,ERR,ERR,ERR,ERR,ERR,ERR,ERR,ERR,ERR,ERR,ERR,ERR,ERR,ERR,ERR,ERR,ERR,ERR,ERR,ERR,ERR,ERR,ERR,ERR,ERR,ERR,ERR,ERR,ERR,ERR,ERR,50.0,60.0,100,0.0,0.0,0.0,0.0,0.0,0.0,0.0,0.0,0.0,0.0,0.0,0.0,0.0,0.0,0.0,0.0,61.6,77,11,65508,50,65476,0,300,0,0,8,20529,65476,0,0,26214,60.0,0.0,0.0,0.0,0.0,0.0
2026-05-17T16:48:37,ERR,ERR,ERR,ERR,ERR,ERR,ERR,ERR,ERR,ERR,ERR,ERR,ERR,ERR,ERR,ERR,ERR,ERR,ERR,ERR,ERR,ERR,ERR,ERR,ERR,ERR,ERR,ERR,ERR,ERR,ERR,ERR,ERR,ERR,ERR,ERR,ERR,ERR,ERR,ERR,ERR,ERR,ERR,ERR,ERR,ERR,ERR,ERR,ERR,ERR,ERR,ERR,ERR,ERR,ERR,ERR,ERR,ERR,ERR,ERR,ERR,ERR,ERR,ERR,ERR,ERR,ERR,ERR,ERR,ERR,ERR,ERR,ERR,ERR,ERR,ERR,ERR,ERR,ERR,ERR,ERR,ERR,ERR,ERR,ERR,ERR,ERR,ERR,ERR,ERR,ERR,ERR,ERR,ERR,ERR,ERR,ERR,ERR,ERR,ERR,ERR,ERR,ERR,ERR,ERR,ERR,ERR,ERR,ERR,ERR,ERR,ERR,ERR,ERR,ERR,ERR,ERR,ERR,ERR,ERR,ERR,ERR,ERR,ERR,ERR,0.0,0.0,-134474944.0,0.0,0.0,1.3936040501711995e+18,7.805,0.0,0,0,4,0,8422,0.0,45,0.0,0.0,0.0,0.0,0.0,0,0,0,0,0.0,0,0,0,0,0,0,0,0,0,0,0,0,0,0,0,0,0,0,0,0,0,0,0,0,0,0,0,0,0,0,0,0,0,38,14,7,45,65476,0,300,0,0,8,21553,0.0,-107605600.0,0.0,0.0,0.0,0.0,0.0,0.0,0.0,0.0,0.0,0.0,0.0,0.0,0.0,0.0,0.0,0.0,0.0,0.0,0.0,0.0,0.0,0.0,-2.004,2.004,0.0,0.0,0.0,0.0,5013.0,0.0,0.0,0.0,0.0,0.0,-107615304.0,0.0,0.0,0.0,0.0,53,4.950428597886765e+32,-2.30882787541985e+20,0.0,0.0,0.0,0.0,0.0,0.0,0.0,0,0,0,0.0,0.0,0.0,0.0,0.0,0.0,0.0,0.0,0.0,0.0,0.0,0.0,0.0,0.0,0.0,0.0,0,-107875648.0,53,0.0,106,-107614832.0,2.7006707062415038e+23,ERR,ERR,ERR,ERR,ERR,ERR,ERR,ERR,ERR,ERR,ERR,ERR,ERR,ERR,ERR,ERR,ERR,ERR,ERR,ERR,ERR,ERR,ERR,ERR,ERR,ERR,ERR,ERR,ERR,ERR,ERR,ERR,ERR,ERR,ERR,ERR,ERR,ERR,ERR,ERR,ERR,ERR,ERR,ERR,ERR,ERR,ERR,ERR,ERR,ERR,ERR,ERR,ERR,ERR,ERR,ERR,ERR,ERR,ERR,ERR,ERR,ERR,ERR,ERR,ERR,ERR,ERR,50.0,60.0,100,0.0,0.0,0.0,0.0,0.0,0.0,0.0,0.0,0.0,0.0,0.0,0.0,0.0,0.0,0.0,0.0,62.0,77,11,65508,50,65476,0,300,0,0,8,20529,65476,0,0,26214,60.0,0.0,0.0,0.0,0.0,0.0
2026-05-17T16:48:38,ERR,ERR,ERR,ERR,ERR,ERR,ERR,ERR,ERR,ERR,ERR,ERR,ERR,ERR,ERR,ERR,ERR,ERR,ERR,ERR,ERR,ERR,ERR,ERR,ERR,ERR,ERR,ERR,ERR,ERR,ERR,ERR,ERR,ERR,ERR,ERR,ERR,ERR,ERR,ERR,ERR,ERR,ERR,ERR,ERR,ERR,ERR,ERR,ERR,ERR,ERR,ERR,ERR,ERR,ERR,ERR,ERR,ERR,ERR,ERR,ERR,ERR,ERR,ERR,ERR,ERR,ERR,ERR,ERR,ERR,ERR,ERR,ERR,ERR,ERR,ERR,ERR,ERR,ERR,ERR,ERR,ERR,ERR,ERR,ERR,ERR,ERR,ERR,ERR,ERR,ERR,ERR,ERR,ERR,ERR,ERR,ERR,ERR,ERR,ERR,ERR,ERR,ERR,ERR,ERR,ERR,ERR,ERR,ERR,ERR,ERR,ERR,ERR,ERR,ERR,ERR,ERR,ERR,ERR,ERR,ERR,ERR,ERR,ERR,ERR,0.0,0.0,-134474944.0,0.0,0.0,1.3936040501711995e+18,7.805,0.0,0,0,4,0,8422,0.0,45,0.0,0.0,0.0,0.0,0.0,0,0,0,0,0.0,0,0,0,0,0,0,0,0,0,0,0,0,0,0,0,0,0,0,0,0,0,0,0,0,0,0,0,0,0,0,0,0,0,38,14,7,45,65476,0,300,0,0,8,21553,0.0,-107605600.0,0.0,0.0,0.0,0.0,0.0,0.0,0.0,0.0,0.0,0.0,0.0,0.0,0.0,0.0,0.0,0.0,0.0,0.0,0.0,0.0,0.0,0.0,-2.004,2.004,0.0,0.0,0.0,0.0,5013.0,0.0,0.0,0.0,0.0,0.0,-107615304.0,0.0,0.0,0.0,0.0,53,4.950428597886765e+32,-2.30882787541985e+20,0.0,0.0,0.0,0.0,0.0,0.0,0.0,0,0,0,0.0,0.0,0.0,0.0,0.0,0.0,0.0,0.0,0.0,0.0,0.0,0.0,0.0,0.0,0.0,0.0,0,-107875648.0,53,0.0,106,-107614832.0,2.7006707062415038e+23,ERR,ERR,ERR,ERR,ERR,ERR,ERR,ERR,ERR,ERR,ERR,ERR,ERR,ERR,ERR,ERR,ERR,ERR,ERR,ERR,ERR,ERR,ERR,ERR,ERR,ERR,ERR,ERR,ERR,ERR,ERR,ERR,ERR,ERR,ERR,ERR,ERR,ERR,ERR,ERR,ERR,ERR,ERR,ERR,ERR,ERR,ERR,ERR,ERR,ERR,ERR,ERR,ERR,ERR,ERR,ERR,ERR,ERR,ERR,ERR,ERR,ERR,ERR,ERR,ERR,ERR,ERR,50.0,60.0,100,0.0,0.0,0.0,0.0,0.0,0.0,0.0,0.0,0.0,0.0,0.0,0.0,0.0,0.0,0.0,0.0,61.6,78,11,65508,50,65476,0,300,0,0,8,20529,65476,0,0,26214,60.0,0.0,0.0,0.0,0.0,0.0
2026-05-17T16:48:39,ERR,ERR,ERR,ERR,ERR,ERR,ERR,ERR,ERR,ERR,ERR,ERR,ERR,ERR,ERR,ERR,ERR,ERR,ERR,ERR,ERR,ERR,ERR,ERR,ERR,ERR,ERR,ERR,ERR,ERR,ERR,ERR,ERR,ERR,ERR,ERR,ERR,ERR,ERR,ERR,ERR,ERR,ERR,ERR,ERR,ERR,ERR,ERR,ERR,ERR,ERR,ERR,ERR,ERR,ERR,ERR,ERR,ERR,ERR,ERR,ERR,ERR,ERR,ERR,ERR,ERR,ERR,ERR,ERR,ERR,ERR,ERR,ERR,ERR,ERR,ERR,ERR,ERR,ERR,ERR,ERR,ERR,ERR,ERR,ERR,ERR,ERR,ERR,ERR,ERR,ERR,ERR,ERR,ERR,ERR,ERR,ERR,ERR,ERR,ERR,ERR,ERR,ERR,ERR,ERR,ERR,ERR,ERR,ERR,ERR,ERR,ERR,ERR,ERR,ERR,ERR,ERR,ERR,ERR,ERR,ERR,ERR,ERR,ERR,ERR,0.0,0.0,-134474944.0,0.0,0.0,1.3936040501711995e+18,7.805,0.0,0,0,4,0,8422,0.0,45,0.0,0.0,0.0,0.0,0.0,0,0,0,0,0.0,0,0,0,0,0,0,0,0,0,0,0,0,0,0,0,0,0,0,0,0,0,0,0,0,0,0,0,0,0,0,0,0,0,38,14,7,45,65476,0,300,0,0,8,21553,0.0,-107605600.0,0.0,0.0,0.0,0.0,0.0,0.0,0.0,0.0,0.0,0.0,0.0,0.0,0.0,0.0,0.0,0.0,0.0,0.0,0.0,0.0,0.0,0.0,-2.004,2.004,0.0,0.0,0.0,0.0,5013.0,0.0,0.0,0.0,0.0,0.0,-107615304.0,0.0,0.0,0.0,0.0,53,4.950428597886765e+32,-2.30882787541985e+20,0.0,0.0,0.0,0.0,0.0,0.0,0.0,0,0,0,0.0,0.0,0.0,0.0,0.0,0.0,0.0,0.0,0.0,0.0,0.0,0.0,0.0,0.0,0.0,0.0,0,-107875648.0,53,0.0,106,-107614832.0,2.7006707062415038e+23,ERR,ERR,ERR,ERR,ERR,ERR,ERR,ERR,ERR,ERR,ERR,ERR,ERR,ERR,ERR,ERR,ERR,ERR,ERR,ERR,ERR,ERR,ERR,ERR,ERR,ERR,ERR,ERR,ERR,ERR,ERR,ERR,ERR,ERR,ERR,ERR,ERR,ERR,ERR,ERR,ERR,ERR,ERR,ERR,ERR,ERR,ERR,ERR,ERR,ERR,ERR,ERR,ERR,ERR,ERR,ERR,ERR,ERR,ERR,ERR,ERR,ERR,ERR,ERR,ERR,ERR,ERR,50.0,60.0,100,0.0,0.0,0.0,0.0,0.0,0.0,0.0,0.0,0.0,0.0,0.0,0.0,0.0,0.0,0.0,0.0,61.6,78,11,65508,50,65476,0,300,0,0,8,20529,65476,0,0,26214,60.0,0.0,0.0,0.0,0.0,0.0
2026-05-17T16:48:40,ERR,ERR,ERR,ERR,ERR,ERR,ERR,ERR,ERR,ERR,ERR,ERR,ERR,ERR,ERR,ERR,ERR,ERR,ERR,ERR,ERR,ERR,ERR,ERR,ERR,ERR,ERR,ERR,ERR,ERR,ERR,ERR,ERR,ERR,ERR,ERR,ERR,ERR,ERR,ERR,ERR,ERR,ERR,ERR,ERR,ERR,ERR,ERR,ERR,ERR,ERR,ERR,ERR,ERR,ERR,ERR,ERR,ERR,ERR,ERR,ERR,ERR,ERR,ERR,ERR,ERR,ERR,ERR,ERR,ERR,ERR,ERR,ERR,ERR,ERR,ERR,ERR,ERR,ERR,ERR,ERR,ERR,ERR,ERR,ERR,ERR,ERR,ERR,ERR,ERR,ERR,ERR,ERR,ERR,ERR,ERR,ERR,ERR,ERR,ERR,ERR,ERR,ERR,ERR,ERR,ERR,ERR,ERR,ERR,ERR,ERR,ERR,ERR,ERR,ERR,ERR,ERR,ERR,ERR,ERR,ERR,ERR,ERR,ERR,ERR,0.0,0.0,-134474944.0,0.0,0.0,1.3936040501711995e+18,7.805,0.0,0,0,4,0,8422,0.0,45,0.0,0.0,0.0,0.0,0.0,0,0,0,0,0.0,0,0,0,0,0,0,0,0,0,0,0,0,0,0,0,0,0,0,0,0,0,0,0,0,0,0,0,0,0,0,0,0,0,38,14,7,45,65476,0,300,0,0,8,21553,0.0,-107605600.0,0.0,0.0,0.0,0.0,0.0,0.0,0.0,0.0,0.0,0.0,0.0,0.0,0.0,0.0,0.0,0.0,0.0,0.0,0.0,0.0,0.0,0.0,-2.004,2.004,0.0,0.0,0.0,0.0,5013.0,0.0,0.0,0.0,0.0,0.0,-107615304.0,0.0,0.0,0.0,0.0,53,4.950428597886765e+32,-2.30882787541985e+20,0.0,0.0,0.0,0.0,0.0,0.0,0.0,0,0,0,0.0,0.0,0.0,0.0,0.0,0.0,0.0,0.0,0.0,0.0,0.0,0.0,0.0,0.0,0.0,0.0,0,-107875648.0,53,0.0,106,-107614832.0,2.7006707062415038e+23,ERR,ERR,ERR,ERR,ERR,ERR,ERR,ERR,ERR,ERR,ERR,ERR,ERR,ERR,ERR,ERR,ERR,ERR,ERR,ERR,ERR,ERR,ERR,ERR,ERR,ERR,ERR,ERR,ERR,ERR,ERR,ERR,ERR,ERR,ERR,ERR,ERR,ERR,ERR,ERR,ERR,ERR,ERR,ERR,ERR,ERR,ERR,ERR,ERR,ERR,ERR,ERR,ERR,ERR,ERR,ERR,ERR,ERR,ERR,ERR,ERR,ERR,ERR,ERR,ERR,ERR,ERR,50.0,60.0,100,0.0,0.0,0.0,0.0,0.0,0.0,0.0,0.0,0.0,0.0,0.0,0.0,0.0,0.0,0.0,0.0,61.6,78,11,65508,50,65476,0,300,0,0,8,20529,65476,0,0,26214,60.0,0.0,0.0,0.0,0.0,0.0
2026-05-17T16:48:41,ERR,ERR,ERR,ERR,ERR,ERR,ERR,ERR,ERR,ERR,ERR,ERR,ERR,ERR,ERR,ERR,ERR,ERR,ERR,ERR,ERR,ERR,ERR,ERR,ERR,ERR,ERR,ERR,ERR,ERR,ERR,ERR,ERR,ERR,ERR,ERR,ERR,ERR,ERR,ERR,ERR,ERR,ERR,ERR,ERR,ERR,ERR,ERR,ERR,ERR,ERR,ERR,ERR,ERR,ERR,ERR,ERR,ERR,ERR,ERR,ERR,ERR,ERR,ERR,ERR,ERR,ERR,ERR,ERR,ERR,ERR,ERR,ERR,ERR,ERR,ERR,ERR,ERR,ERR,ERR,ERR,ERR,ERR,ERR,ERR,ERR,ERR,ERR,ERR,ERR,ERR,ERR,ERR,ERR,ERR,ERR,ERR,ERR,ERR,ERR,ERR,ERR,ERR,ERR,ERR,ERR,ERR,ERR,ERR,ERR,ERR,ERR,ERR,ERR,ERR,ERR,ERR,ERR,ERR,ERR,ERR,ERR,ERR,ERR,ERR,0.0,0.0,-134474944.0,0.0,0.0,1.3936040501711995e+18,7.805,0.0,0,0,4,0,8422,0.0,45,0.0,0.0,0.0,0.0,0.0,0,0,0,0,0.0,0,0,0,0,0,0,0,0,0,0,0,0,0,0,0,0,0,0,0,0,0,0,0,0,0,0,0,0,0,0,0,0,0,38,14,7,45,65476,0,300,0,0,8,21553,0.0,-107605600.0,0.0,0.0,0.0,0.0,0.0,0.0,0.0,0.0,0.0,0.0,0.0,0.0,0.0,0.0,0.0,0.0,0.0,0.0,0.0,0.0,0.0,0.0,-2.004,2.004,0.0,0.0,0.0,0.0,5008.0,3.697186133624698e+19,0.0,0.0,0.0,0.0,-107615304.0,0.0,0.0,0.0,0.0,53,4.950428597886765e+32,0.0,0.0,0.0,0.0,0.0,0.0,0.0,0.0,0,0,0,0.0,0.0,0.0,0.0,0.0,0.0,0.0,0.0,0.0,0.0,0.0,0.0,0.0,0.0,0.0,0.0,0,-107875648.0,53,0.0,106,-107614832.0,2.7006707062415038e+23,ERR,ERR,ERR,ERR,ERR,ERR,ERR,ERR,ERR,ERR,ERR,ERR,ERR,ERR,ERR,ERR,ERR,ERR,ERR,ERR,ERR,ERR,ERR,ERR,ERR,ERR,ERR,ERR,ERR,ERR,ERR,ERR,ERR,ERR,ERR,ERR,ERR,ERR,ERR,ERR,ERR,ERR,ERR,ERR,ERR,ERR,ERR,ERR,ERR,ERR,ERR,ERR,ERR,ERR,ERR,ERR,ERR,ERR,ERR,ERR,ERR,ERR,ERR,ERR,ERR,ERR,ERR,50.0,60.0,100,0.0,0.0,0.0,0.0,0.0,0.0,0.0,0.0,0.0,0.0,0.0,0.0,0.0,0.0,0.0,0.0,61.6,78,11,65508,50,65476,0,300,0,0,8,20529,65476,0,0,26214,60.0,0.0,0.0,0.0,0.0,0.0
2026-05-17T16:48:42,ERR,ERR,ERR,ERR,ERR,ERR,ERR,ERR,ERR,ERR,ERR,ERR,ERR,ERR,ERR,ERR,ERR,ERR,ERR,ERR,ERR,ERR,ERR,ERR,ERR,ERR,ERR,ERR,ERR,ERR,ERR,ERR,ERR,ERR,ERR,ERR,ERR,ERR,ERR,ERR,ERR,ERR,ERR,ERR,ERR,ERR,ERR,ERR,ERR,ERR,ERR,ERR,ERR,ERR,ERR,ERR,ERR,ERR,ERR,ERR,ERR,ERR,ERR,ERR,ERR,ERR,ERR,ERR,ERR,ERR,ERR,ERR,ERR,ERR,ERR,ERR,ERR,ERR,ERR,ERR,ERR,ERR,ERR,ERR,ERR,ERR,ERR,ERR,ERR,ERR,ERR,ERR,ERR,ERR,ERR,ERR,ERR,ERR,ERR,ERR,ERR,ERR,ERR,ERR,ERR,ERR,ERR,ERR,ERR,ERR,ERR,ERR,ERR,ERR,ERR,ERR,ERR,ERR,ERR,ERR,ERR,ERR,ERR,ERR,ERR,0.0,0.0,-134474944.0,0.0,0.0,1.3936040501711995e+18,7.805,0.0,0,0,4,0,8422,0.0,45,0.0,0.0,0.0,0.0,0.0,0,0,0,0,0.0,0,0,0,0,0,0,0,0,0,0,0,0,0,0,0,0,0,0,0,0,0,0,0,0,0,0,0,0,0,0,0,0,0,38,14,7,45,65476,0,300,0,0,8,21553,0.0,-107605600.0,0.0,0.0,0.0,0.0,0.0,0.0,0.0,0.0,0.0,0.0,0.0,0.0,0.0,0.0,0.0,0.0,0.0,0.0,0.0,0.0,0.0,0.0,-2.004,2.004,0.0,0.0,0.0,0.0,5008.0,3.697186133624698e+19,0.0,0.0,0.0,0.0,-107615304.0,0.0,0.0,0.0,0.0,53,4.950428597886765e+32,0.0,0.0,0.0,0.0,0.0,0.0,0.0,0.0,0,0,0,0.0,0.0,0.0,0.0,0.0,0.0,0.0,0.0,0.0,0.0,0.0,0.0,0.0,0.0,0.0,0.0,0,-107875648.0,53,0.0,106,-107614832.0,2.7006707062415038e+23,ERR,ERR,ERR,ERR,ERR,ERR,ERR,ERR,ERR,ERR,ERR,ERR,ERR,ERR,ERR,ERR,ERR,ERR,ERR,ERR,ERR,ERR,ERR,ERR,ERR,ERR,ERR,ERR,ERR,ERR,ERR,ERR,ERR,ERR,ERR,ERR,ERR,ERR,ERR,ERR,ERR,ERR,ERR,ERR,ERR,ERR,ERR,ERR,ERR,ERR,ERR,ERR,ERR,ERR,ERR,ERR,ERR,ERR,ERR,ERR,ERR,ERR,ERR,ERR,ERR,ERR,ERR,50.0,60.0,100,0.0,0.0,0.0,0.0,0.0,0.0,0.0,0.0,0.0,0.0,0.0,0.0,0.0,0.0,0.0,0.0,62.0,78,11,65508,50,65476,0,300,0,0,8,20529,65476,0,0,26214,60.0,0.0,0.0,0.0,0.0,0.0
2026-05-17T16:48:43,ERR,ERR,ERR,ERR,ERR,ERR,ERR,ERR,ERR,ERR,ERR,ERR,ERR,ERR,ERR,ERR,ERR,ERR,ERR,ERR,ERR,ERR,ERR,ERR,ERR,ERR,ERR,ERR,ERR,ERR,ERR,ERR,ERR,ERR,ERR,ERR,ERR,ERR,ERR,ERR,ERR,ERR,ERR,ERR,ERR,ERR,ERR,ERR,ERR,ERR,ERR,ERR,ERR,ERR,ERR,ERR,ERR,ERR,ERR,ERR,ERR,ERR,ERR,ERR,ERR,ERR,ERR,ERR,ERR,ERR,ERR,ERR,ERR,ERR,ERR,ERR,ERR,ERR,ERR,ERR,ERR,ERR,ERR,ERR,ERR,ERR,ERR,ERR,ERR,ERR,ERR,ERR,ERR,ERR,ERR,ERR,ERR,ERR,ERR,ERR,ERR,ERR,ERR,ERR,ERR,ERR,ERR,ERR,ERR,ERR,ERR,ERR,ERR,ERR,ERR,ERR,ERR,ERR,ERR,ERR,ERR,ERR,ERR,ERR,ERR,0.0,0.0,-134474944.0,0.0,0.0,1.3936040501711995e+18,7.805,0.0,0,0,4,0,8422,0.0,45,0.0,0.0,0.0,0.0,0.0,0,0,0,0,0.0,0,0,0,0,0,0,0,0,0,0,0,0,0,0,0,0,0,0,0,0,0,0,0,0,0,0,0,0,0,0,0,0,0,38,14,7,45,65476,0,300,0,0,8,21553,0.0,-107605600.0,0.0,0.0,0.0,0.0,0.0,0.0,0.0,0.0,0.0,0.0,0.0,0.0,0.0,0.0,0.0,0.0,0.0,0.0,0.0,0.0,0.0,0.0,-2.004,2.004,0.0,0.0,0.0,0.0,5008.0,3.697186133624698e+19,0.0,0.0,0.0,0.0,-107615304.0,0.0,0.0,0.0,0.0,53,4.950428597886765e+32,0.0,0.0,0.0,0.0,0.0,0.0,0.0,0.0,0,0,0,0.0,0.0,0.0,0.0,0.0,0.0,0.0,0.0,0.0,0.0,0.0,0.0,0.0,0.0,0.0,0.0,0,-107875648.0,53,0.0,106,-107614832.0,2.7006707062415038e+23,ERR,ERR,ERR,ERR,ERR,ERR,ERR,ERR,ERR,ERR,ERR,ERR,ERR,ERR,ERR,ERR,ERR,ERR,ERR,ERR,ERR,ERR,ERR,ERR,ERR,ERR,ERR,ERR,ERR,ERR,ERR,ERR,ERR,ERR,ERR,ERR,ERR,ERR,ERR,ERR,ERR,ERR,ERR,ERR,ERR,ERR,ERR,ERR,ERR,ERR,ERR,ERR,ERR,ERR,ERR,ERR,ERR,ERR,ERR,ERR,ERR,ERR,ERR,ERR,ERR,ERR,ERR,50.0,60.0,100,0.0,0.0,0.0,0.0,0.0,0.0,0.0,0.0,0.0,0.0,0.0,0.0,0.0,0.0,0.0,0.0,61.6,78,11,65508,50,65476,0,300,0,0,8,20529,65476,0,0,26214,60.0,0.0,0.0,0.0,0.0,0.0
2026-05-17T16:48:44,ERR,ERR,ERR,ERR,ERR,ERR,ERR,ERR,ERR,ERR,ERR,ERR,ERR,ERR,ERR,ERR,ERR,ERR,ERR,ERR,ERR,ERR,ERR,ERR,ERR,ERR,ERR,ERR,ERR,ERR,ERR,ERR,ERR,ERR,ERR,ERR,ERR,ERR,ERR,ERR,ERR,ERR,ERR,ERR,ERR,ERR,ERR,ERR,ERR,ERR,ERR,ERR,ERR,ERR,ERR,ERR,ERR,ERR,ERR,ERR,ERR,ERR,ERR,ERR,ERR,ERR,ERR,ERR,ERR,ERR,ERR,ERR,ERR,ERR,ERR,ERR,ERR,ERR,ERR,ERR,ERR,ERR,ERR,ERR,ERR,ERR,ERR,ERR,ERR,ERR,ERR,ERR,ERR,ERR,ERR,ERR,ERR,ERR,ERR,ERR,ERR,ERR,ERR,ERR,ERR,ERR,ERR,ERR,ERR,ERR,ERR,ERR,ERR,ERR,ERR,ERR,ERR,ERR,ERR,ERR,ERR,ERR,ERR,ERR,ERR,0.0,0.0,-134474944.0,0.0,0.0,1.3936040501711995e+18,7.805,0.0,0,0,4,0,8422,0.0,45,0.0,0.0,0.0,0.0,0.0,0,0,0,0,0.0,0,0,0,0,0,0,0,0,0,0,0,0,0,0,0,0,0,0,0,0,0,0,0,0,0,0,0,0,0,0,0,0,0,38,14,7,45,65476,0,300,0,0,8,21553,0.0,-107605600.0,0.0,0.0,0.0,0.0,0.0,0.0,0.0,0.0,0.0,0.0,0.0,0.0,0.0,0.0,0.0,0.0,0.0,0.0,0.0,0.0,0.0,0.0,-2.004,2.004,0.0,0.0,0.0,0.0,5008.0,3.697186133624698e+19,0.0,0.0,0.0,0.0,-107615304.0,0.0,0.0,0.0,0.0,53,4.950428597886765e+32,0.0,0.0,0.0,0.0,0.0,0.0,0.0,0.0,0,0,0,0.0,0.0,0.0,0.0,0.0,0.0,0.0,0.0,0.0,0.0,0.0,0.0,0.0,0.0,0.0,0.0,0,-107875648.0,53,0.0,106,-107614832.0,2.7006707062415038e+23,ERR,ERR,ERR,ERR,ERR,ERR,ERR,ERR,ERR,ERR,ERR,ERR,ERR,ERR,ERR,ERR,ERR,ERR,ERR,ERR,ERR,ERR,ERR,ERR,ERR,ERR,ERR,ERR,ERR,ERR,ERR,ERR,ERR,ERR,ERR,ERR,ERR,ERR,ERR,ERR,ERR,ERR,ERR,ERR,ERR,ERR,ERR,ERR,ERR,ERR,ERR,ERR,ERR,ERR,ERR,ERR,ERR,ERR,ERR,ERR,ERR,ERR,ERR,ERR,ERR,ERR,ERR,50.0,60.0,100,0.0,0.0,0.0,0.0,0.0,0.0,0.0,0.0,0.0,0.0,0.0,0.0,0.0,0.0,0.0,0.0,61.6,78,11,65508,50,65476,0,300,0,0,8,20529,65476,0,0,26214,60.0,0.0,0.0,0.0,0.0,0.0
2026-05-17T16:48:45,ERR,ERR,ERR,ERR,ERR,ERR,ERR,ERR,ERR,ERR,ERR,ERR,ERR,ERR,ERR,ERR,ERR,ERR,ERR,ERR,ERR,ERR,ERR,ERR,ERR,ERR,ERR,ERR,ERR,ERR,ERR,ERR,ERR,ERR,ERR,ERR,ERR,ERR,ERR,ERR,ERR,ERR,ERR,ERR,ERR,ERR,ERR,ERR,ERR,ERR,ERR,ERR,ERR,ERR,ERR,ERR,ERR,ERR,ERR,ERR,ERR,ERR,ERR,ERR,ERR,ERR,ERR,ERR,ERR,ERR,ERR,ERR,ERR,ERR,ERR,ERR,ERR,ERR,ERR,ERR,ERR,ERR,ERR,ERR,ERR,ERR,ERR,ERR,ERR,ERR,ERR,ERR,ERR,ERR,ERR,ERR,ERR,ERR,ERR,ERR,ERR,ERR,ERR,ERR,ERR,ERR,ERR,ERR,ERR,ERR,ERR,ERR,ERR,ERR,ERR,ERR,ERR,ERR,ERR,ERR,ERR,ERR,ERR,ERR,ERR,0.0,0.0,-134474944.0,0.0,0.0,1.3936040501711995e+18,7.805,0.0,0,0,4,0,8422,0.0,45,0.0,0.0,0.0,0.0,0.0,0,0,0,0,0.0,0,0,0,0,0,0,0,0,0,0,0,0,0,0,0,0,0,0,0,0,0,0,0,0,0,0,0,0,0,0,0,0,0,38,14,7,45,65476,0,300,0,0,8,21553,0.0,-107605600.0,0.0,0.0,0.0,0.0,0.0,0.0,0.0,0.0,0.0,0.0,0.0,0.0,0.0,0.0,0.0,0.0,0.0,0.0,0.0,0.0,0.0,0.0,-2.004,2.004,0.0,0.0,0.0,0.0,5008.0,3.697186133624698e+19,0.0,0.0,0.0,0.0,-107615304.0,0.0,0.0,0.0,0.0,53,4.950428597886765e+32,0.0,0.0,0.0,0.0,0.0,0.0,0.0,0.0,0,0,0,0.0,0.0,0.0,0.0,0.0,0.0,0.0,0.0,0.0,0.0,0.0,0.0,0.0,0.0,0.0,0.0,0,-107875648.0,53,0.0,106,-107614832.0,2.7006707062415038e+23,ERR,ERR,ERR,ERR,ERR,ERR,ERR,ERR,ERR,ERR,ERR,ERR,ERR,ERR,ERR,ERR,ERR,ERR,ERR,ERR,ERR,ERR,ERR,ERR,ERR,ERR,ERR,ERR,ERR,ERR,ERR,ERR,ERR,ERR,ERR,ERR,ERR,ERR,ERR,ERR,ERR,ERR,ERR,ERR,ERR,ERR,ERR,ERR,ERR,ERR,ERR,ERR,ERR,ERR,ERR,ERR,ERR,ERR,ERR,ERR,ERR,ERR,ERR,ERR,ERR,ERR,ERR,50.0,60.0,100,0.0,0.0,0.0,0.0,0.0,0.0,0.0,0.0,0.0,0.0,0.0,0.0,0.0,0.0,0.0,0.0,61.6,78,11,65508,50,65476,0,300,0,0,8,20529,65476,0,0,26214,60.0,0.0,0.0,0.0,0.0,0.0
2026-05-17T16:48:46,ERR,ERR,ERR,ERR,ERR,ERR,ERR,ERR,ERR,ERR,ERR,ERR,ERR,ERR,ERR,ERR,ERR,ERR,ERR,ERR,ERR,ERR,ERR,ERR,ERR,ERR,ERR,ERR,ERR,ERR,ERR,ERR,ERR,ERR,ERR,ERR,ERR,ERR,ERR,ERR,ERR,ERR,ERR,ERR,ERR,ERR,ERR,ERR,ERR,ERR,ERR,ERR,ERR,ERR,ERR,ERR,ERR,ERR,ERR,ERR,ERR,ERR,ERR,ERR,ERR,ERR,ERR,ERR,ERR,ERR,ERR,ERR,ERR,ERR,ERR,ERR,ERR,ERR,ERR,ERR,ERR,ERR,ERR,ERR,ERR,ERR,ERR,ERR,ERR,ERR,ERR,ERR,ERR,ERR,ERR,ERR,ERR,ERR,ERR,ERR,ERR,ERR,ERR,ERR,ERR,ERR,ERR,ERR,ERR,ERR,ERR,ERR,ERR,ERR,ERR,ERR,ERR,ERR,ERR,ERR,ERR,ERR,ERR,ERR,ERR,0.0,0.0,-134474944.0,0.0,0.0,1.3936040501711995e+18,7.805,0.0,0,0,4,0,8422,0.0,45,0.0,0.0,0.0,0.0,0.0,0,0,0,0,0.0,0,0,0,0,0,0,0,0,0,0,0,0,0,0,0,0,0,0,0,0,0,0,0,0,0,0,0,0,0,0,0,0,0,38,14,7,45,65476,0,300,0,0,8,21553,0.0,-107605600.0,0.0,0.0,0.0,0.0,0.0,0.0,0.0,0.0,0.0,0.0,0.0,0.0,0.0,0.0,0.0,0.0,0.0,0.0,0.0,0.0,0.0,0.0,-2.004,2.004,0.0,0.0,0.0,0.0,5013.0,-0.0,0.0,0.0,0.0,0.0,-107615304.0,0.0,0.0,0.0,0.0,53,-0.0,5.848055683159391e+35,0.0,0.0,0.0,0.0,0.0,0.0,0.0,0,0,0,0.0,0.0,0.0,0.0,0.0,0.0,0.0,0.0,0.0,0.0,0.0,0.0,0.0,0.0,0.0,0.0,0,-107875648.0,53,0.0,106,-107614832.0,2.7006707062415038e+23,ERR,ERR,ERR,ERR,ERR,ERR,ERR,ERR,ERR,ERR,ERR,ERR,ERR,ERR,ERR,ERR,ERR,ERR,ERR,ERR,ERR,ERR,ERR,ERR,ERR,ERR,ERR,ERR,ERR,ERR,ERR,ERR,ERR,ERR,ERR,ERR,ERR,ERR,ERR,ERR,ERR,ERR,ERR,ERR,ERR,ERR,ERR,ERR,ERR,ERR,ERR,ERR,ERR,ERR,ERR,ERR,ERR,ERR,ERR,ERR,ERR,ERR,ERR,ERR,ERR,ERR,ERR,50.0,60.0,100,0.0,0.0,0.0,0.0,0.0,0.0,0.0,0.0,0.0,0.0,0.0,0.0,0.0,0.0,0.0,0.0,61.6,78,11,65508,50,65476,0,300,0,0,8,20529,65476,0,0,26214,60.0,0.0,0.0,0.0,0.0,0.0
2026-05-17T16:48:47,ERR,ERR,ERR,ERR,ERR,ERR,ERR,ERR,ERR,ERR,ERR,ERR,ERR,ERR,ERR,ERR,ERR,ERR,ERR,ERR,ERR,ERR,ERR,ERR,ERR,ERR,ERR,ERR,ERR,ERR,ERR,ERR,ERR,ERR,ERR,ERR,ERR,ERR,ERR,ERR,ERR,ERR,ERR,ERR,ERR,ERR,ERR,ERR,ERR,ERR,ERR,ERR,ERR,ERR,ERR,ERR,ERR,ERR,ERR,ERR,ERR,ERR,ERR,ERR,ERR,ERR,ERR,ERR,ERR,ERR,ERR,ERR,ERR,ERR,ERR,ERR,ERR,ERR,ERR,ERR,ERR,ERR,ERR,ERR,ERR,ERR,ERR,ERR,ERR,ERR,ERR,ERR,ERR,ERR,ERR,ERR,ERR,ERR,ERR,ERR,ERR,ERR,ERR,ERR,ERR,ERR,ERR,ERR,ERR,ERR,ERR,ERR,ERR,ERR,ERR,ERR,ERR,ERR,ERR,ERR,ERR,ERR,ERR,ERR,ERR,0.0,0.0,-134474944.0,0.0,0.0,1.3936040501711995e+18,7.805,0.0,0,0,4,0,8422,0.0,45,0.0,0.0,0.0,0.0,0.0,0,0,0,0,0.0,0,0,0,0,0,0,0,0,0,0,0,0,0,0,0,0,0,0,0,0,0,0,0,0,0,0,0,0,0,0,0,0,0,38,14,7,45,65476,0,300,0,0,8,21553,0.0,-107605600.0,0.0,0.0,0.0,0.0,0.0,0.0,0.0,0.0,0.0,0.0,0.0,0.0,0.0,0.0,0.0,0.0,0.0,0.0,0.0,0.0,0.0,0.0,-2.004,2.004,0.0,0.0,0.0,0.0,5013.0,-0.0,0.0,0.0,0.0,0.0,-107615304.0,0.0,0.0,0.0,0.0,53,-0.0,5.848055683159391e+35,0.0,0.0,0.0,0.0,0.0,0.0,0.0,0,0,0,0.0,0.0,0.0,0.0,0.0,0.0,0.0,0.0,0.0,0.0,0.0,0.0,0.0,0.0,0.0,0.0,0,-107875648.0,53,0.0,106,-107614832.0,2.7006707062415038e+23,ERR,ERR,ERR,ERR,ERR,ERR,ERR,ERR,ERR,ERR,ERR,ERR,ERR,ERR,ERR,ERR,ERR,ERR,ERR,ERR,ERR,ERR,ERR,ERR,ERR,ERR,ERR,ERR,ERR,ERR,ERR,ERR,ERR,ERR,ERR,ERR,ERR,ERR,ERR,ERR,ERR,ERR,ERR,ERR,ERR,ERR,ERR,ERR,ERR,ERR,ERR,ERR,ERR,ERR,ERR,ERR,ERR,ERR,ERR,ERR,ERR,ERR,ERR,ERR,ERR,ERR,ERR,50.0,60.0,100,0.0,0.0,0.0,0.0,0.0,0.0,0.0,0.0,0.0,0.0,0.0,0.0,0.0,0.0,0.0,0.0,61.6,77,11,65508,50,65476,0,300,0,0,8,20529,65476,0,0,26214,60.0,0.0,0.0,0.0,0.0,0.0
2026-05-17T16:48:48,ERR,ERR,ERR,ERR,ERR,ERR,ERR,ERR,ERR,ERR,ERR,ERR,ERR,ERR,ERR,ERR,ERR,ERR,ERR,ERR,ERR,ERR,ERR,ERR,ERR,ERR,ERR,ERR,ERR,ERR,ERR,ERR,ERR,ERR,ERR,ERR,ERR,ERR,ERR,ERR,ERR,ERR,ERR,ERR,ERR,ERR,ERR,ERR,ERR,ERR,ERR,ERR,ERR,ERR,ERR,ERR,ERR,ERR,ERR,ERR,ERR,ERR,ERR,ERR,ERR,ERR,ERR,ERR,ERR,ERR,ERR,ERR,ERR,ERR,ERR,ERR,ERR,ERR,ERR,ERR,ERR,ERR,ERR,ERR,ERR,ERR,ERR,ERR,ERR,ERR,ERR,ERR,ERR,ERR,ERR,ERR,ERR,ERR,ERR,ERR,ERR,ERR,ERR,ERR,ERR,ERR,ERR,ERR,ERR,ERR,ERR,ERR,ERR,ERR,ERR,ERR,ERR,ERR,ERR,ERR,ERR,ERR,ERR,ERR,ERR,0.0,0.0,-134474944.0,0.0,0.0,1.3936040501711995e+18,7.805,0.0,0,0,4,0,8422,0.0,45,0.0,0.0,0.0,0.0,0.0,0,0,0,0,0.0,0,0,0,0,0,0,0,0,0,0,0,0,0,0,0,0,0,0,0,0,0,0,0,0,0,0,0,0,0,0,0,0,0,38,14,7,45,65476,0,300,0,0,8,21553,0.0,-107605600.0,0.0,0.0,0.0,0.0,0.0,0.0,0.0,0.0,0.0,0.0,0.0,0.0,0.0,0.0,0.0,0.0,0.0,0.0,0.0,0.0,0.0,0.0,-2.004,2.004,0.0,0.0,0.0,0.0,5013.0,-0.0,0.0,0.0,0.0,0.0,-107615304.0,0.0,0.0,0.0,0.0,53,-0.0,5.848055683159391e+35,0.0,0.0,0.0,0.0,0.0,0.0,0.0,0,0,0,0.0,0.0,0.0,0.0,0.0,0.0,0.0,0.0,0.0,0.0,0.0,0.0,0.0,0.0,0.0,0.0,0,-107875648.0,53,0.0,106,-107614832.0,2.7006707062415038e+23,ERR,ERR,ERR,ERR,ERR,ERR,ERR,ERR,ERR,ERR,ERR,ERR,ERR,ERR,ERR,ERR,ERR,ERR,ERR,ERR,ERR,ERR,ERR,ERR,ERR,ERR,ERR,ERR,ERR,ERR,ERR,ERR,ERR,ERR,ERR,ERR,ERR,ERR,ERR,ERR,ERR,ERR,ERR,ERR,ERR,ERR,ERR,ERR,ERR,ERR,ERR,ERR,ERR,ERR,ERR,ERR,ERR,ERR,ERR,ERR,ERR,ERR,ERR,ERR,ERR,ERR,ERR,50.0,60.0,100,0.0,0.0,0.0,0.0,0.0,0.0,0.0,0.0,0.0,0.0,0.0,0.0,0.0,0.0,0.0,0.0,61.6,77,11,65508,50,65476,0,300,0,0,8,20529,65476,0,0,26214,60.0,0.0,0.0,0.0,0.0,0.0
2026-05-17T16:48:49,ERR,ERR,ERR,ERR,ERR,ERR,ERR,ERR,ERR,ERR,ERR,ERR,ERR,ERR,ERR,ERR,ERR,ERR,ERR,ERR,ERR,ERR,ERR,ERR,ERR,ERR,ERR,ERR,ERR,ERR,ERR,ERR,ERR,ERR,ERR,ERR,ERR,ERR,ERR,ERR,ERR,ERR,ERR,ERR,ERR,ERR,ERR,ERR,ERR,ERR,ERR,ERR,ERR,ERR,ERR,ERR,ERR,ERR,ERR,ERR,ERR,ERR,ERR,ERR,ERR,ERR,ERR,ERR,ERR,ERR,ERR,ERR,ERR,ERR,ERR,ERR,ERR,ERR,ERR,ERR,ERR,ERR,ERR,ERR,ERR,ERR,ERR,ERR,ERR,ERR,ERR,ERR,ERR,ERR,ERR,ERR,ERR,ERR,ERR,ERR,ERR,ERR,ERR,ERR,ERR,ERR,ERR,ERR,ERR,ERR,ERR,ERR,ERR,ERR,ERR,ERR,ERR,ERR,ERR,ERR,ERR,ERR,ERR,ERR,ERR,0.0,0.0,-134474944.0,0.0,0.0,1.3936040501711995e+18,7.805,0.0,0,0,4,0,8422,0.0,45,0.0,0.0,0.0,0.0,0.0,0,0,0,0,0.0,0,0,0,0,0,0,0,0,0,0,0,0,0,0,0,0,0,0,0,0,0,0,0,0,0,0,0,0,0,0,0,0,0,38,14,7,45,65476,0,300,0,0,8,21553,0.0,-107605600.0,0.0,0.0,0.0,0.0,0.0,0.0,0.0,0.0,0.0,0.0,0.0,0.0,0.0,0.0,0.0,0.0,0.0,0.0,0.0,0.0,0.0,0.0,-2.004,2.004,0.0,0.0,0.0,0.0,5013.0,-0.0,0.0,0.0,0.0,0.0,-107615304.0,0.0,0.0,0.0,0.0,53,-0.0,5.848055683159391e+35,0.0,0.0,0.0,0.0,0.0,0.0,0.0,0,0,0,0.0,0.0,0.0,0.0,0.0,0.0,0.0,0.0,0.0,0.0,0.0,0.0,0.0,0.0,0.0,0.0,0,-107875648.0,53,0.0,106,-107614832.0,2.7006707062415038e+23,ERR,ERR,ERR,ERR,ERR,ERR,ERR,ERR,ERR,ERR,ERR,ERR,ERR,ERR,ERR,ERR,ERR,ERR,ERR,ERR,ERR,ERR,ERR,ERR,ERR,ERR,ERR,ERR,ERR,ERR,ERR,ERR,ERR,ERR,ERR,ERR,ERR,ERR,ERR,ERR,ERR,ERR,ERR,ERR,ERR,ERR,ERR,ERR,ERR,ERR,ERR,ERR,ERR,ERR,ERR,ERR,ERR,ERR,ERR,ERR,ERR,ERR,ERR,ERR,ERR,ERR,ERR,50.0,60.0,100,0.0,0.0,0.0,0.0,0.0,0.0,0.0,0.0,0.0,0.0,0.0,0.0,0.0,0.0,0.0,0.0,62.0,77,11,65508,50,65476,0,300,0,0,8,20529,65476,0,0,26214,60.0,0.0,0.0,0.0,0.0,0.0
2026-05-17T16:48:50,ERR,ERR,ERR,ERR,ERR,ERR,ERR,ERR,ERR,ERR,ERR,ERR,ERR,ERR,ERR,ERR,ERR,ERR,ERR,ERR,ERR,ERR,ERR,ERR,ERR,ERR,ERR,ERR,ERR,ERR,ERR,ERR,ERR,ERR,ERR,ERR,ERR,ERR,ERR,ERR,ERR,ERR,ERR,ERR,ERR,ERR,ERR,ERR,ERR,ERR,ERR,ERR,ERR,ERR,ERR,ERR,ERR,ERR,ERR,ERR,ERR,ERR,ERR,ERR,ERR,ERR,ERR,ERR,ERR,ERR,ERR,ERR,ERR,ERR,ERR,ERR,ERR,ERR,ERR,ERR,ERR,ERR,ERR,ERR,ERR,ERR,ERR,ERR,ERR,ERR,ERR,ERR,ERR,ERR,ERR,ERR,ERR,ERR,ERR,ERR,ERR,ERR,ERR,ERR,ERR,ERR,ERR,ERR,ERR,ERR,ERR,ERR,ERR,ERR,ERR,ERR,ERR,ERR,ERR,ERR,ERR,ERR,ERR,ERR,ERR,0.0,0.0,-134474944.0,0.0,0.0,1.3936040501711995e+18,7.805,0.0,0,0,4,0,8422,0.0,45,0.0,0.0,0.0,0.0,0.0,0,0,0,0,0.0,0,0,0,0,0,0,0,0,0,0,0,0,0,0,0,0,0,0,0,0,0,0,0,0,0,0,0,0,0,0,0,0,0,38,14,7,45,65476,0,300,0,0,8,21553,0.0,-107605600.0,0.0,0.0,0.0,0.0,0.0,0.0,0.0,0.0,0.0,0.0,0.0,0.0,0.0,0.0,0.0,0.0,0.0,0.0,0.0,0.0,0.0,0.0,-2.004,2.004,0.0,0.0,0.0,0.0,5013.0,-0.0,0.0,0.0,0.0,0.0,-107615304.0,0.0,0.0,0.0,0.0,53,-0.0,5.848055683159391e+35,0.0,0.0,0.0,0.0,0.0,0.0,0.0,0,0,0,0.0,0.0,0.0,0.0,0.0,0.0,0.0,0.0,0.0,0.0,0.0,0.0,0.0,0.0,0.0,0.0,0,-107875648.0,53,0.0,106,-107614832.0,2.7006707062415038e+23,ERR,ERR,ERR,ERR,ERR,ERR,ERR,ERR,ERR,ERR,ERR,ERR,ERR,ERR,ERR,ERR,ERR,ERR,ERR,ERR,ERR,ERR,ERR,ERR,ERR,ERR,ERR,ERR,ERR,ERR,ERR,ERR,ERR,ERR,ERR,ERR,ERR,ERR,ERR,ERR,ERR,ERR,ERR,ERR,ERR,ERR,ERR,ERR,ERR,ERR,ERR,ERR,ERR,ERR,ERR,ERR,ERR,ERR,ERR,ERR,ERR,ERR,ERR,ERR,ERR,ERR,ERR,50.0,60.0,100,0.0,0.0,0.0,0.0,0.0,0.0,0.0,0.0,0.0,0.0,0.0,0.0,0.0,0.0,0.0,0.0,62.0,77,11,65508,50,65476,0,300,0,0,8,20529,65476,0,0,26214,60.0,0.0,0.0,0.0,0.0,0.0
2026-05-17T16:48:51,ERR,ERR,ERR,ERR,ERR,ERR,ERR,ERR,ERR,ERR,ERR,ERR,ERR,ERR,ERR,ERR,ERR,ERR,ERR,ERR,ERR,ERR,ERR,ERR,ERR,ERR,ERR,ERR,ERR,ERR,ERR,ERR,ERR,ERR,ERR,ERR,ERR,ERR,ERR,ERR,ERR,ERR,ERR,ERR,ERR,ERR,ERR,ERR,ERR,ERR,ERR,ERR,ERR,ERR,ERR,ERR,ERR,ERR,ERR,ERR,ERR,ERR,ERR,ERR,ERR,ERR,ERR,ERR,ERR,ERR,ERR,ERR,ERR,ERR,ERR,ERR,ERR,ERR,ERR,ERR,ERR,ERR,ERR,ERR,ERR,ERR,ERR,ERR,ERR,ERR,ERR,ERR,ERR,ERR,ERR,ERR,ERR,ERR,ERR,ERR,ERR,ERR,ERR,ERR,ERR,ERR,ERR,ERR,ERR,ERR,ERR,ERR,ERR,ERR,ERR,ERR,ERR,ERR,ERR,ERR,ERR,ERR,ERR,ERR,ERR,0.0,0.0,-134474944.0,0.0,0.0,1.3936040501711995e+18,7.805,0.0,0,0,4,0,8422,0.0,45,0.0,0.0,0.0,0.0,0.0,0,0,0,0,0.0,0,0,0,0,0,0,0,0,0,0,0,0,0,0,0,0,0,0,0,0,0,0,0,0,0,0,0,0,0,0,0,0,0,38,14,7,45,65476,0,300,0,0,8,21553,0.0,-107605600.0,0.0,0.0,0.0,0.0,0.0,0.0,0.0,0.0,0.0,0.0,0.0,0.0,0.0,0.0,0.0,0.0,0.0,0.0,0.0,0.0,0.0,0.0,-2.004,2.004,0.0,0.0,0.0,0.0,5013.0,-0.0,0.0,0.0,0.0,0.0,-107615304.0,0.0,0.0,0.0,0.0,53,-0.0,5.848055683159391e+35,0.0,0.0,0.0,0.0,0.0,0.0,0.0,0,0,0,0.0,0.0,0.0,0.0,0.0,0.0,0.0,0.0,0.0,0.0,0.0,0.0,0.0,0.0,0.0,0.0,0,-107875648.0,53,0.0,106,-107614832.0,2.7006707062415038e+23,ERR,ERR,ERR,ERR,ERR,ERR,ERR,ERR,ERR,ERR,ERR,ERR,ERR,ERR,ERR,ERR,ERR,ERR,ERR,ERR,ERR,ERR,ERR,ERR,ERR,ERR,ERR,ERR,ERR,ERR,ERR,ERR,ERR,ERR,ERR,ERR,ERR,ERR,ERR,ERR,ERR,ERR,ERR,ERR,ERR,ERR,ERR,ERR,ERR,ERR,ERR,ERR,ERR,ERR,ERR,ERR,ERR,ERR,ERR,ERR,ERR,ERR,ERR,ERR,ERR,ERR,ERR,50.0,60.0,100,0.0,0.0,0.0,0.0,0.0,0.0,0.0,0.0,0.0,0.0,0.0,0.0,0.0,0.0,0.0,0.0,62.0,77,11,65508,50,65476,0,300,0,0,8,20529,65476,0,0,26214,60.0,0.0,0.0,0.0,0.0,0.0
2026-05-17T16:48:52,ERR,ERR,ERR,ERR,ERR,ERR,ERR,ERR,ERR,ERR,ERR,ERR,ERR,ERR,ERR,ERR,ERR,ERR,ERR,ERR,ERR,ERR,ERR,ERR,ERR,ERR,ERR,ERR,ERR,ERR,ERR,ERR,ERR,ERR,ERR,ERR,ERR,ERR,ERR,ERR,ERR,ERR,ERR,ERR,ERR,ERR,ERR,ERR,ERR,ERR,ERR,ERR,ERR,ERR,ERR,ERR,ERR,ERR,ERR,ERR,ERR,ERR,ERR,ERR,ERR,ERR,ERR,ERR,ERR,ERR,ERR,ERR,ERR,ERR,ERR,ERR,ERR,ERR,ERR,ERR,ERR,ERR,ERR,ERR,ERR,ERR,ERR,ERR,ERR,ERR,ERR,ERR,ERR,ERR,ERR,ERR,ERR,ERR,ERR,ERR,ERR,ERR,ERR,ERR,ERR,ERR,ERR,ERR,ERR,ERR,ERR,ERR,ERR,ERR,ERR,ERR,ERR,ERR,ERR,ERR,ERR,ERR,ERR,ERR,ERR,0.0,0.0,-134474944.0,0.0,0.0,1.3936040501711995e+18,7.805,0.0,0,0,4,0,8422,0.0,45,0.0,0.0,0.0,0.0,0.0,0,0,0,0,0.0,0,0,0,0,0,0,0,0,0,0,0,0,0,0,0,0,0,0,0,0,0,0,0,0,0,0,0,0,0,0,0,0,0,38,14,7,45,65476,0,300,0,0,8,21553,0.0,-107605600.0,0.0,0.0,0.0,0.0,0.0,0.0,0.0,0.0,0.0,0.0,0.0,0.0,0.0,0.0,0.0,0.0,0.0,0.0,0.0,0.0,0.0,0.0,-2.004,2.004,0.0,0.0,0.0,0.0,4975.0,-0.0,0.0,0.0,0.0,0.0,-107615304.0,0.0,0.0,0.0,0.0,53,2.3088403658719416e+20,126840528896.0,0.0,0.0,0.0,0.0,0.0,0.0,0.0,0,0,0,0.0,0.0,0.0,0.0,0.0,0.0,0.0,0.0,0.0,0.0,0.0,0.0,0.0,0.0,0.0,0.0,0,-107875648.0,53,0.0,106,-107614832.0,2.7006707062415038e+23,ERR,ERR,ERR,ERR,ERR,ERR,ERR,ERR,ERR,ERR,ERR,ERR,ERR,ERR,ERR,ERR,ERR,ERR,ERR,ERR,ERR,ERR,ERR,ERR,ERR,ERR,ERR,ERR,ERR,ERR,ERR,ERR,ERR,ERR,ERR,ERR,ERR,ERR,ERR,ERR,ERR,ERR,ERR,ERR,ERR,ERR,ERR,ERR,ERR,ERR,ERR,ERR,ERR,ERR,ERR,ERR,ERR,ERR,ERR,ERR,ERR,ERR,ERR,ERR,ERR,ERR,ERR,50.0,60.0,100,0.0,0.0,0.0,0.0,0.0,0.0,0.0,0.0,0.0,0.0,0.0,0.0,0.0,0.0,0.0,0.0,61.6,77,11,65508,50,65476,0,300,0,0,8,20529,65476,0,0,26214,60.0,0.0,0.0,0.0,0.0,0.0
2026-05-17T16:48:53,ERR,ERR,ERR,ERR,ERR,ERR,ERR,ERR,ERR,ERR,ERR,ERR,ERR,ERR,ERR,ERR,ERR,ERR,ERR,ERR,ERR,ERR,ERR,ERR,ERR,ERR,ERR,ERR,ERR,ERR,ERR,ERR,ERR,ERR,ERR,ERR,ERR,ERR,ERR,ERR,ERR,ERR,ERR,ERR,ERR,ERR,ERR,ERR,ERR,ERR,ERR,ERR,ERR,ERR,ERR,ERR,ERR,ERR,ERR,ERR,ERR,ERR,ERR,ERR,ERR,ERR,ERR,ERR,ERR,ERR,ERR,ERR,ERR,ERR,ERR,ERR,ERR,ERR,ERR,ERR,ERR,ERR,ERR,ERR,ERR,ERR,ERR,ERR,ERR,ERR,ERR,ERR,ERR,ERR,ERR,ERR,ERR,ERR,ERR,ERR,ERR,ERR,ERR,ERR,ERR,ERR,ERR,ERR,ERR,ERR,ERR,ERR,ERR,ERR,ERR,ERR,ERR,ERR,ERR,ERR,ERR,ERR,ERR,ERR,ERR,0.0,0.0,-134474944.0,0.0,0.0,1.3936040501711995e+18,7.805,0.0,0,0,4,0,8422,0.0,45,0.0,0.0,0.0,0.0,0.0,0,0,0,0,0.0,0,0,0,0,0,0,0,0,0,0,0,0,0,0,0,0,0,0,0,0,0,0,0,0,0,0,0,0,0,0,0,0,0,38,14,7,45,65476,0,300,0,0,8,21553,0.0,-107605600.0,0.0,0.0,0.0,0.0,0.0,0.0,0.0,0.0,0.0,0.0,0.0,0.0,0.0,0.0,0.0,0.0,0.0,0.0,0.0,0.0,0.0,0.0,-2.004,2.004,0.0,0.0,0.0,0.0,4975.0,-0.0,0.0,0.0,0.0,0.0,-107615304.0,0.0,0.0,0.0,0.0,53,2.3088403658719416e+20,126840528896.0,0.0,0.0,0.0,0.0,0.0,0.0,0.0,0,0,0,0.0,0.0,0.0,0.0,0.0,0.0,0.0,0.0,0.0,0.0,0.0,0.0,0.0,0.0,0.0,0.0,0,-107875648.0,53,0.0,106,-107614832.0,2.7006707062415038e+23,ERR,ERR,ERR,ERR,ERR,ERR,ERR,ERR,ERR,ERR,ERR,ERR,ERR,ERR,ERR,ERR,ERR,ERR,ERR,ERR,ERR,ERR,ERR,ERR,ERR,ERR,ERR,ERR,ERR,ERR,ERR,ERR,ERR,ERR,ERR,ERR,ERR,ERR,ERR,ERR,ERR,ERR,ERR,ERR,ERR,ERR,ERR,ERR,ERR,ERR,ERR,ERR,ERR,ERR,ERR,ERR,ERR,ERR,ERR,ERR,ERR,ERR,ERR,ERR,ERR,ERR,ERR,50.0,60.0,100,0.0,0.0,0.0,0.0,0.0,0.0,0.0,0.0,0.0,0.0,0.0,0.0,0.0,0.0,0.0,0.0,61.6,77,11,65508,50,65476,0,300,0,0,8,20529,65476,0,0,26214,60.0,0.0,0.0,0.0,0.0,0.0
2026-05-17T16:48:54,ERR,ERR,ERR,ERR,ERR,ERR,ERR,ERR,ERR,ERR,ERR,ERR,ERR,ERR,ERR,ERR,ERR,ERR,ERR,ERR,ERR,ERR,ERR,ERR,ERR,ERR,ERR,ERR,ERR,ERR,ERR,ERR,ERR,ERR,ERR,ERR,ERR,ERR,ERR,ERR,ERR,ERR,ERR,ERR,ERR,ERR,ERR,ERR,ERR,ERR,ERR,ERR,ERR,ERR,ERR,ERR,ERR,ERR,ERR,ERR,ERR,ERR,ERR,ERR,ERR,ERR,ERR,ERR,ERR,ERR,ERR,ERR,ERR,ERR,ERR,ERR,ERR,ERR,ERR,ERR,ERR,ERR,ERR,ERR,ERR,ERR,ERR,ERR,ERR,ERR,ERR,ERR,ERR,ERR,ERR,ERR,ERR,ERR,ERR,ERR,ERR,ERR,ERR,ERR,ERR,ERR,ERR,ERR,ERR,ERR,ERR,ERR,ERR,ERR,ERR,ERR,ERR,ERR,ERR,ERR,ERR,ERR,ERR,ERR,ERR,0.0,0.0,-134474944.0,0.0,0.0,1.3936040501711995e+18,7.805,0.0,0,0,4,0,8422,0.0,45,0.0,0.0,0.0,0.0,0.0,0,0,0,0,0.0,0,0,0,0,0,0,0,0,0,0,0,0,0,0,0,0,0,0,0,0,0,0,0,0,0,0,0,0,0,0,0,0,0,38,14,7,45,65476,0,300,0,0,8,21553,0.0,-107605600.0,0.0,0.0,0.0,0.0,0.0,0.0,0.0,0.0,0.0,0.0,0.0,0.0,0.0,0.0,0.0,0.0,0.0,0.0,0.0,0.0,0.0,0.0,-2.004,2.004,0.0,0.0,0.0,0.0,4975.0,-0.0,0.0,0.0,0.0,0.0,-107615304.0,0.0,0.0,0.0,0.0,53,2.3088403658719416e+20,126840528896.0,0.0,0.0,0.0,0.0,0.0,0.0,0.0,0,0,0,0.0,0.0,0.0,0.0,0.0,0.0,0.0,0.0,0.0,0.0,0.0,0.0,0.0,0.0,0.0,0.0,0,-107875648.0,53,0.0,106,-107614832.0,2.7006707062415038e+23,ERR,ERR,ERR,ERR,ERR,ERR,ERR,ERR,ERR,ERR,ERR,ERR,ERR,ERR,ERR,ERR,ERR,ERR,ERR,ERR,ERR,ERR,ERR,ERR,ERR,ERR,ERR,ERR,ERR,ERR,ERR,ERR,ERR,ERR,ERR,ERR,ERR,ERR,ERR,ERR,ERR,ERR,ERR,ERR,ERR,ERR,ERR,ERR,ERR,ERR,ERR,ERR,ERR,ERR,ERR,ERR,ERR,ERR,ERR,ERR,ERR,ERR,ERR,ERR,ERR,ERR,ERR,50.0,60.0,100,0.0,0.0,0.0,0.0,0.0,0.0,0.0,0.0,0.0,0.0,0.0,0.0,0.0,0.0,0.0,0.0,61.6,77,11,65508,50,65476,0,300,0,0,8,20529,65476,0,0,26214,60.0,0.0,0.0,0.0,0.0,0.0
2026-05-17T16:48:55,ERR,ERR,ERR,ERR,ERR,ERR,ERR,ERR,ERR,ERR,ERR,ERR,ERR,ERR,ERR,ERR,ERR,ERR,ERR,ERR,ERR,ERR,ERR,ERR,ERR,ERR,ERR,ERR,ERR,ERR,ERR,ERR,ERR,ERR,ERR,ERR,ERR,ERR,ERR,ERR,ERR,ERR,ERR,ERR,ERR,ERR,ERR,ERR,ERR,ERR,ERR,ERR,ERR,ERR,ERR,ERR,ERR,ERR,ERR,ERR,ERR,ERR,ERR,ERR,ERR,ERR,ERR,ERR,ERR,ERR,ERR,ERR,ERR,ERR,ERR,ERR,ERR,ERR,ERR,ERR,ERR,ERR,ERR,ERR,ERR,ERR,ERR,ERR,ERR,ERR,ERR,ERR,ERR,ERR,ERR,ERR,ERR,ERR,ERR,ERR,ERR,ERR,ERR,ERR,ERR,ERR,ERR,ERR,ERR,ERR,ERR,ERR,ERR,ERR,ERR,ERR,ERR,ERR,ERR,ERR,ERR,ERR,ERR,ERR,ERR,0.0,0.0,-134474944.0,0.0,0.0,1.3936040501711995e+18,7.805,0.0,0,0,4,0,8422,0.0,45,0.0,0.0,0.0,0.0,0.0,0,0,0,0,0.0,0,0,0,0,0,0,0,0,0,0,0,0,0,0,0,0,0,0,0,0,0,0,0,0,0,0,0,0,0,0,0,0,0,38,14,7,45,65476,0,300,0,0,8,21553,0.0,-107605600.0,0.0,0.0,0.0,0.0,0.0,0.0,0.0,0.0,0.0,0.0,0.0,0.0,0.0,0.0,0.0,0.0,0.0,0.0,0.0,0.0,0.0,0.0,-2.004,2.004,0.0,0.0,0.0,0.0,4975.0,-0.0,0.0,0.0,0.0,0.0,-107615304.0,0.0,0.0,0.0,0.0,53,2.3088403658719416e+20,126840528896.0,0.0,0.0,0.0,0.0,0.0,0.0,0.0,0,0,0,0.0,0.0,0.0,0.0,0.0,0.0,0.0,0.0,0.0,0.0,0.0,0.0,0.0,0.0,0.0,0.0,0,-107875648.0,53,0.0,106,-107614832.0,2.7006707062415038e+23,ERR,ERR,ERR,ERR,ERR,ERR,ERR,ERR,ERR,ERR,ERR,ERR,ERR,ERR,ERR,ERR,ERR,ERR,ERR,ERR,ERR,ERR,ERR,ERR,ERR,ERR,ERR,ERR,ERR,ERR,ERR,ERR,ERR,ERR,ERR,ERR,ERR,ERR,ERR,ERR,ERR,ERR,ERR,ERR,ERR,ERR,ERR,ERR,ERR,ERR,ERR,ERR,ERR,ERR,ERR,ERR,ERR,ERR,ERR,ERR,ERR,ERR,ERR,ERR,ERR,ERR,ERR,50.0,60.0,100,0.0,0.0,0.0,0.0,0.0,0.0,0.0,0.0,0.0,0.0,0.0,0.0,0.0,0.0,0.0,0.0,61.6,77,11,65508,50,65476,0,300,0,0,8,20529,65476,0,0,26214,60.0,0.0,0.0,0.0,0.0,0.0
2026-05-17T16:48:56,ERR,ERR,ERR,ERR,ERR,ERR,ERR,ERR,ERR,ERR,ERR,ERR,ERR,ERR,ERR,ERR,ERR,ERR,ERR,ERR,ERR,ERR,ERR,ERR,ERR,ERR,ERR,ERR,ERR,ERR,ERR,ERR,ERR,ERR,ERR,ERR,ERR,ERR,ERR,ERR,ERR,ERR,ERR,ERR,ERR,ERR,ERR,ERR,ERR,ERR,ERR,ERR,ERR,ERR,ERR,ERR,ERR,ERR,ERR,ERR,ERR,ERR,ERR,ERR,ERR,ERR,ERR,ERR,ERR,ERR,ERR,ERR,ERR,ERR,ERR,ERR,ERR,ERR,ERR,ERR,ERR,ERR,ERR,ERR,ERR,ERR,ERR,ERR,ERR,ERR,ERR,ERR,ERR,ERR,ERR,ERR,ERR,ERR,ERR,ERR,ERR,ERR,ERR,ERR,ERR,ERR,ERR,ERR,ERR,ERR,ERR,ERR,ERR,ERR,ERR,ERR,ERR,ERR,ERR,ERR,ERR,ERR,ERR,ERR,ERR,0.0,0.0,-134474944.0,0.0,0.0,1.3936040501711995e+18,7.805,0.0,0,0,4,0,8422,0.0,45,0.0,0.0,0.0,0.0,0.0,0,0,0,0,0.0,0,0,0,0,0,0,0,0,0,0,0,0,0,0,0,0,0,0,0,0,0,0,0,0,0,0,0,0,0,0,0,0,0,38,14,7,45,65476,0,300,0,0,8,21553,0.0,-107605600.0,0.0,0.0,0.0,0.0,0.0,0.0,0.0,0.0,0.0,0.0,0.0,0.0,0.0,0.0,0.0,0.0,0.0,0.0,0.0,0.0,0.0,0.0,-2.004,2.004,0.0,0.0,0.0,0.0,4975.0,-0.0,0.0,0.0,0.0,0.0,-107615304.0,0.0,0.0,0.0,0.0,53,2.3088403658719416e+20,126840528896.0,0.0,0.0,0.0,0.0,0.0,0.0,0.0,0,0,0,0.0,0.0,0.0,0.0,0.0,0.0,0.0,0.0,0.0,0.0,0.0,0.0,0.0,0.0,0.0,0.0,0,-107875648.0,53,0.0,106,-107614832.0,2.7006707062415038e+23,ERR,ERR,ERR,ERR,ERR,ERR,ERR,ERR,ERR,ERR,ERR,ERR,ERR,ERR,ERR,ERR,ERR,ERR,ERR,ERR,ERR,ERR,ERR,ERR,ERR,ERR,ERR,ERR,ERR,ERR,ERR,ERR,ERR,ERR,ERR,ERR,ERR,ERR,ERR,ERR,ERR,ERR,ERR,ERR,ERR,ERR,ERR,ERR,ERR,ERR,ERR,ERR,ERR,ERR,ERR,ERR,ERR,ERR,ERR,ERR,ERR,ERR,ERR,ERR,ERR,ERR,ERR,50.0,60.0,100,0.0,0.0,0.0,0.0,0.0,0.0,0.0,0.0,0.0,0.0,0.0,0.0,0.0,0.0,0.0,0.0,61.6,77,11,65508,50,65476,0,300,0,0,8,20529,65476,0,0,26214,60.0,0.0,0.0,0.0,0.0,0.0
2026-05-17T16:48:57,ERR,ERR,ERR,ERR,ERR,ERR,ERR,ERR,ERR,ERR,ERR,ERR,ERR,ERR,ERR,ERR,ERR,ERR,ERR,ERR,ERR,ERR,ERR,ERR,ERR,ERR,ERR,ERR,ERR,ERR,ERR,ERR,ERR,ERR,ERR,ERR,ERR,ERR,ERR,ERR,ERR,ERR,ERR,ERR,ERR,ERR,ERR,ERR,ERR,ERR,ERR,ERR,ERR,ERR,ERR,ERR,ERR,ERR,ERR,ERR,ERR,ERR,ERR,ERR,ERR,ERR,ERR,ERR,ERR,ERR,ERR,ERR,ERR,ERR,ERR,ERR,ERR,ERR,ERR,ERR,ERR,ERR,ERR,ERR,ERR,ERR,ERR,ERR,ERR,ERR,ERR,ERR,ERR,ERR,ERR,ERR,ERR,ERR,ERR,ERR,ERR,ERR,ERR,ERR,ERR,ERR,ERR,ERR,ERR,ERR,ERR,ERR,ERR,ERR,ERR,ERR,ERR,ERR,ERR,ERR,ERR,ERR,ERR,ERR,ERR,0.0,0.0,-134474944.0,0.0,0.0,1.3936040501711995e+18,7.805,0.0,0,0,4,0,8422,0.0,45,0.0,0.0,0.0,0.0,0.0,0,0,0,0,0.0,0,0,0,0,0,0,0,0,0,0,0,0,0,0,0,0,0,0,0,0,0,0,0,0,0,0,0,0,0,0,0,0,0,38,14,7,45,65476,0,300,0,0,8,21553,0.0,-107605600.0,0.0,0.0,0.0,0.0,0.0,0.0,0.0,0.0,0.0,0.0,0.0,0.0,0.0,0.0,0.0,0.0,0.0,0.0,0.0,0.0,0.0,0.0,-2.004,2.004,0.0,0.0,0.0,0.0,4980.0,0.0,0.0,0.0,0.0,0.0,-107615304.0,0.0,0.0,0.0,0.0,53,5.848083413016271e+35,4.0668529024359166e+29,0.0,0.0,0.0,0.0,0.0,0.0,0.0,0,0,0,0.0,0.0,0.0,0.0,0.0,0.0,0.0,0.0,0.0,0.0,0.0,0.0,0.0,0.0,0.0,0.0,0,-107875648.0,53,0.0,106,-107614832.0,2.7006707062415038e+23,ERR,ERR,ERR,ERR,ERR,ERR,ERR,ERR,ERR,ERR,ERR,ERR,ERR,ERR,ERR,ERR,ERR,ERR,ERR,ERR,ERR,ERR,ERR,ERR,ERR,ERR,ERR,ERR,ERR,ERR,ERR,ERR,ERR,ERR,ERR,ERR,ERR,ERR,ERR,ERR,ERR,ERR,ERR,ERR,ERR,ERR,ERR,ERR,ERR,ERR,ERR,ERR,ERR,ERR,ERR,ERR,ERR,ERR,ERR,ERR,ERR,ERR,ERR,ERR,ERR,ERR,ERR,50.0,60.0,100,0.0,0.0,0.0,0.0,0.0,0.0,0.0,0.0,0.0,0.0,0.0,0.0,0.0,0.0,0.0,0.0,61.6,77,11,65508,50,65476,0,300,0,0,8,20529,65476,0,0,26214,60.0,0.0,0.0,0.0,0.0,0.0
2026-05-17T16:48:58,ERR,ERR,ERR,ERR,ERR,ERR,ERR,ERR,ERR,ERR,ERR,ERR,ERR,ERR,ERR,ERR,ERR,ERR,ERR,ERR,ERR,ERR,ERR,ERR,ERR,ERR,ERR,ERR,ERR,ERR,ERR,ERR,ERR,ERR,ERR,ERR,ERR,ERR,ERR,ERR,ERR,ERR,ERR,ERR,ERR,ERR,ERR,ERR,ERR,ERR,ERR,ERR,ERR,ERR,ERR,ERR,ERR,ERR,ERR,ERR,ERR,ERR,ERR,ERR,ERR,ERR,ERR,ERR,ERR,ERR,ERR,ERR,ERR,ERR,ERR,ERR,ERR,ERR,ERR,ERR,ERR,ERR,ERR,ERR,ERR,ERR,ERR,ERR,ERR,ERR,ERR,ERR,ERR,ERR,ERR,ERR,ERR,ERR,ERR,ERR,ERR,ERR,ERR,ERR,ERR,ERR,ERR,ERR,ERR,ERR,ERR,ERR,ERR,ERR,ERR,ERR,ERR,ERR,ERR,ERR,ERR,ERR,ERR,ERR,ERR,0.0,0.0,-134474944.0,0.0,0.0,1.3936040501711995e+18,7.805,0.0,0,0,4,0,8422,0.0,45,0.0,0.0,0.0,0.0,0.0,0,0,0,0,0.0,0,0,0,0,0,0,0,0,0,0,0,0,0,0,0,0,0,0,0,0,0,0,0,0,0,0,0,0,0,0,0,0,0,38,14,7,45,65476,0,300,0,0,8,21553,0.0,-107605600.0,0.0,0.0,0.0,0.0,0.0,0.0,0.0,0.0,0.0,0.0,0.0,0.0,0.0,0.0,0.0,0.0,0.0,0.0,0.0,0.0,0.0,0.0,-2.004,2.004,0.0,0.0,0.0,0.0,4980.0,0.0,0.0,0.0,0.0,0.0,-107615304.0,0.0,0.0,0.0,0.0,53,5.848083413016271e+35,4.0668529024359166e+29,0.0,0.0,0.0,0.0,0.0,0.0,0.0,0,0,0,0.0,0.0,0.0,0.0,0.0,0.0,0.0,0.0,0.0,0.0,0.0,0.0,0.0,0.0,0.0,0.0,0,-107875648.0,53,0.0,106,-107614832.0,2.7006707062415038e+23,ERR,ERR,ERR,ERR,ERR,ERR,ERR,ERR,ERR,ERR,ERR,ERR,ERR,ERR,ERR,ERR,ERR,ERR,ERR,ERR,ERR,ERR,ERR,ERR,ERR,ERR,ERR,ERR,ERR,ERR,ERR,ERR,ERR,ERR,ERR,ERR,ERR,ERR,ERR,ERR,ERR,ERR,ERR,ERR,ERR,ERR,ERR,ERR,ERR,ERR,ERR,ERR,ERR,ERR,ERR,ERR,ERR,ERR,ERR,ERR,ERR,ERR,ERR,ERR,ERR,ERR,ERR,50.0,60.0,100,0.0,0.0,0.0,0.0,0.0,0.0,0.0,0.0,0.0,0.0,0.0,0.0,0.0,0.0,0.0,0.0,61.6,77,11,65508,50,65476,0,300,0,0,8,20529,65476,0,0,26214,60.0,0.0,0.0,0.0,0.0,0.0
2026-05-17T16:48:59,ERR,ERR,ERR,ERR,ERR,ERR,ERR,ERR,ERR,ERR,ERR,ERR,ERR,ERR,ERR,ERR,ERR,ERR,ERR,ERR,ERR,ERR,ERR,ERR,ERR,ERR,ERR,ERR,ERR,ERR,ERR,ERR,ERR,ERR,ERR,ERR,ERR,ERR,ERR,ERR,ERR,ERR,ERR,ERR,ERR,ERR,ERR,ERR,ERR,ERR,ERR,ERR,ERR,ERR,ERR,ERR,ERR,ERR,ERR,ERR,ERR,ERR,ERR,ERR,ERR,ERR,ERR,ERR,ERR,ERR,ERR,ERR,ERR,ERR,ERR,ERR,ERR,ERR,ERR,ERR,ERR,ERR,ERR,ERR,ERR,ERR,ERR,ERR,ERR,ERR,ERR,ERR,ERR,ERR,ERR,ERR,ERR,ERR,ERR,ERR,ERR,ERR,ERR,ERR,ERR,ERR,ERR,ERR,ERR,ERR,ERR,ERR,ERR,ERR,ERR,ERR,ERR,ERR,ERR,ERR,ERR,ERR,ERR,ERR,ERR,0.0,0.0,-134474944.0,0.0,0.0,1.3936040501711995e+18,7.805,0.0,0,0,4,0,8422,0.0,45,0.0,0.0,0.0,0.0,0.0,0,0,0,0,0.0,0,0,0,0,0,0,0,0,0,0,0,0,0,0,0,0,0,0,0,0,0,0,0,0,0,0,0,0,0,0,0,0,0,38,14,7,45,65476,0,300,0,0,8,21553,0.0,-107605600.0,0.0,0.0,0.0,0.0,0.0,0.0,0.0,0.0,0.0,0.0,0.0,0.0,0.0,0.0,0.0,0.0,0.0,0.0,0.0,0.0,0.0,0.0,-2.004,2.004,0.0,0.0,0.0,0.0,4980.0,0.0,0.0,0.0,0.0,0.0,-107615304.0,0.0,0.0,0.0,0.0,53,5.848083413016271e+35,4.0668529024359166e+29,0.0,0.0,0.0,0.0,0.0,0.0,0.0,0,0,0,0.0,0.0,0.0,0.0,0.0,0.0,0.0,0.0,0.0,0.0,0.0,0.0,0.0,0.0,0.0,0.0,0,-107875648.0,53,0.0,106,-107614832.0,2.7006707062415038e+23,ERR,ERR,ERR,ERR,ERR,ERR,ERR,ERR,ERR,ERR,ERR,ERR,ERR,ERR,ERR,ERR,ERR,ERR,ERR,ERR,ERR,ERR,ERR,ERR,ERR,ERR,ERR,ERR,ERR,ERR,ERR,ERR,ERR,ERR,ERR,ERR,ERR,ERR,ERR,ERR,ERR,ERR,ERR,ERR,ERR,ERR,ERR,ERR,ERR,ERR,ERR,ERR,ERR,ERR,ERR,ERR,ERR,ERR,ERR,ERR,ERR,ERR,ERR,ERR,ERR,ERR,ERR,50.0,60.0,100,0.0,0.0,0.0,0.0,0.0,0.0,0.0,0.0,0.0,0.0,0.0,0.0,0.0,0.0,0.0,0.0,61.6,77,11,65508,50,65476,0,300,0,0,8,20529,65476,0,0,26214,60.0,0.0,0.0,0.0,0.0,0.0
2026-05-17T16:49:00,ERR,ERR,ERR,ERR,ERR,ERR,ERR,ERR,ERR,ERR,ERR,ERR,ERR,ERR,ERR,ERR,ERR,ERR,ERR,ERR,ERR,ERR,ERR,ERR,ERR,ERR,ERR,ERR,ERR,ERR,ERR,ERR,ERR,ERR,ERR,ERR,ERR,ERR,ERR,ERR,ERR,ERR,ERR,ERR,ERR,ERR,ERR,ERR,ERR,ERR,ERR,ERR,ERR,ERR,ERR,ERR,ERR,ERR,ERR,ERR,ERR,ERR,ERR,ERR,ERR,ERR,ERR,ERR,ERR,ERR,ERR,ERR,ERR,ERR,ERR,ERR,ERR,ERR,ERR,ERR,ERR,ERR,ERR,ERR,ERR,ERR,ERR,ERR,ERR,ERR,ERR,ERR,ERR,ERR,ERR,ERR,ERR,ERR,ERR,ERR,ERR,ERR,ERR,ERR,ERR,ERR,ERR,ERR,ERR,ERR,ERR,ERR,ERR,ERR,ERR,ERR,ERR,ERR,ERR,ERR,ERR,ERR,ERR,ERR,ERR,0.0,0.0,-134474944.0,0.0,0.0,1.3936040501711995e+18,7.805,0.0,0,0,4,0,8422,0.0,45,0.0,0.0,0.0,0.0,0.0,0,0,0,0,0.0,0,0,0,0,0,0,0,0,0,0,0,0,0,0,0,0,0,0,0,0,0,0,0,0,0,0,0,0,0,0,0,0,0,38,14,7,45,65476,0,300,0,0,8,21553,0.0,-107605600.0,0.0,0.0,0.0,0.0,0.0,0.0,0.0,0.0,0.0,0.0,0.0,0.0,0.0,0.0,0.0,0.0,0.0,0.0,0.0,0.0,0.0,0.0,-2.004,2.004,0.0,0.0,0.0,0.0,4980.0,0.0,0.0,0.0,0.0,0.0,-107615304.0,0.0,0.0,0.0,0.0,53,5.848083413016271e+35,4.0668529024359166e+29,0.0,0.0,0.0,0.0,0.0,0.0,0.0,0,0,0,0.0,0.0,0.0,0.0,0.0,0.0,0.0,0.0,0.0,0.0,0.0,0.0,0.0,0.0,0.0,0.0,0,-107875648.0,53,0.0,106,-107614832.0,2.7006707062415038e+23,ERR,ERR,ERR,ERR,ERR,ERR,ERR,ERR,ERR,ERR,ERR,ERR,ERR,ERR,ERR,ERR,ERR,ERR,ERR,ERR,ERR,ERR,ERR,ERR,ERR,ERR,ERR,ERR,ERR,ERR,ERR,ERR,ERR,ERR,ERR,ERR,ERR,ERR,ERR,ERR,ERR,ERR,ERR,ERR,ERR,ERR,ERR,ERR,ERR,ERR,ERR,ERR,ERR,ERR,ERR,ERR,ERR,ERR,ERR,ERR,ERR,ERR,ERR,ERR,ERR,ERR,ERR,50.0,60.0,100,0.0,0.0,0.0,0.0,0.0,0.0,0.0,0.0,0.0,0.0,0.0,0.0,0.0,0.0,0.0,0.0,61.6,77,11,65508,50,65476,0,300,0,0,8,20529,65476,0,0,26214,60.0,0.0,0.0,0.0,0.0,0.0
2026-05-17T16:49:01,ERR,ERR,ERR,ERR,ERR,ERR,ERR,ERR,ERR,ERR,ERR,ERR,ERR,ERR,ERR,ERR,ERR,ERR,ERR,ERR,ERR,ERR,ERR,ERR,ERR,ERR,ERR,ERR,ERR,ERR,ERR,ERR,ERR,ERR,ERR,ERR,ERR,ERR,ERR,ERR,ERR,ERR,ERR,ERR,ERR,ERR,ERR,ERR,ERR,ERR,ERR,ERR,ERR,ERR,ERR,ERR,ERR,ERR,ERR,ERR,ERR,ERR,ERR,ERR,ERR,ERR,ERR,ERR,ERR,ERR,ERR,ERR,ERR,ERR,ERR,ERR,ERR,ERR,ERR,ERR,ERR,ERR,ERR,ERR,ERR,ERR,ERR,ERR,ERR,ERR,ERR,ERR,ERR,ERR,ERR,ERR,ERR,ERR,ERR,ERR,ERR,ERR,ERR,ERR,ERR,ERR,ERR,ERR,ERR,ERR,ERR,ERR,ERR,ERR,ERR,ERR,ERR,ERR,ERR,ERR,ERR,ERR,ERR,ERR,ERR,0.0,0.0,-134474944.0,0.0,0.0,1.3936040501711995e+18,7.805,0.0,0,0,4,0,8422,0.0,45,0.0,0.0,0.0,0.0,0.0,0,0,0,0,0.0,0,0,0,0,0,0,0,0,0,0,0,0,0,0,0,0,0,0,0,0,0,0,0,0,0,0,0,0,0,0,0,0,0,38,14,7,45,65476,0,300,0,0,8,21553,0.0,-107605600.0,0.0,0.0,0.0,0.0,0.0,0.0,0.0,0.0,0.0,0.0,0.0,0.0,0.0,0.0,0.0,0.0,0.0,0.0,0.0,0.0,0.0,0.0,-2.004,2.004,0.0,0.0,0.0,0.0,4980.0,0.0,0.0,0.0,0.0,0.0,-107615304.0,0.0,0.0,0.0,0.0,53,5.848083413016271e+35,4.0668529024359166e+29,0.0,0.0,0.0,0.0,0.0,0.0,0.0,0,0,0,0.0,0.0,0.0,0.0,0.0,0.0,0.0,0.0,0.0,0.0,0.0,0.0,0.0,0.0,0.0,0.0,0,-107875648.0,53,0.0,106,-107614832.0,2.7006707062415038e+23,ERR,ERR,ERR,ERR,ERR,ERR,ERR,ERR,ERR,ERR,ERR,ERR,ERR,ERR,ERR,ERR,ERR,ERR,ERR,ERR,ERR,ERR,ERR,ERR,ERR,ERR,ERR,ERR,ERR,ERR,ERR,ERR,ERR,ERR,ERR,ERR,ERR,ERR,ERR,ERR,ERR,ERR,ERR,ERR,ERR,ERR,ERR,ERR,ERR,ERR,ERR,ERR,ERR,ERR,ERR,ERR,ERR,ERR,ERR,ERR,ERR,ERR,ERR,ERR,ERR,ERR,ERR,50.0,60.0,100,0.0,0.0,0.0,0.0,0.0,0.0,0.0,0.0,0.0,0.0,0.0,0.0,0.0,0.0,0.0,0.0,61.6,77,11,65508,50,65476,0,300,0,0,8,20529,65476,0,0,26214,60.0,0.0,0.0,0.0,0.0,0.0
2026-05-17T16:49:02,ERR,ERR,ERR,ERR,ERR,ERR,ERR,ERR,ERR,ERR,ERR,ERR,ERR,ERR,ERR,ERR,ERR,ERR,ERR,ERR,ERR,ERR,ERR,ERR,ERR,ERR,ERR,ERR,ERR,ERR,ERR,ERR,ERR,ERR,ERR,ERR,ERR,ERR,ERR,ERR,ERR,ERR,ERR,ERR,ERR,ERR,ERR,ERR,ERR,ERR,ERR,ERR,ERR,ERR,ERR,ERR,ERR,ERR,ERR,ERR,ERR,ERR,ERR,ERR,ERR,ERR,ERR,ERR,ERR,ERR,ERR,ERR,ERR,ERR,ERR,ERR,ERR,ERR,ERR,ERR,ERR,ERR,ERR,ERR,ERR,ERR,ERR,ERR,ERR,ERR,ERR,ERR,ERR,ERR,ERR,ERR,ERR,ERR,ERR,ERR,ERR,ERR,ERR,ERR,ERR,ERR,ERR,ERR,ERR,ERR,ERR,ERR,ERR,ERR,ERR,ERR,ERR,ERR,ERR,ERR,ERR,ERR,ERR,ERR,ERR,0.0,0.0,-134474944.0,0.0,0.0,1.3936040501711995e+18,7.805,0.0,0,0,4,0,8422,0.0,45,0.0,0.0,0.0,0.0,0.0,0,0,0,0,0.0,0,0,0,0,0,0,0,0,0,0,0,0,0,0,0,0,0,0,0,0,0,0,0,0,0,0,0,0,0,0,0,0,0,38,14,7,45,65476,0,300,0,0,8,21553,0.0,-107605600.0,0.0,0.0,0.0,0.0,0.0,0.0,0.0,0.0,0.0,0.0,0.0,0.0,0.0,0.0,0.0,0.0,0.0,0.0,0.0,0.0,0.0,0.0,-2.004,2.004,0.0,0.0,0.0,0.0,4949.0,-2.4229873280715295e+24,0.0,0.0,0.0,0.0,-107615304.0,0.0,0.0,0.0,0.0,53,-0.0,89220.547,0.0,0.0,0.0,0.0,0.0,0.0,0.0,0,0,0,0.0,0.0,0.0,0.0,0.0,0.0,0.0,0.0,0.0,0.0,0.0,0.0,0.0,0.0,0.0,0.0,0,-107875648.0,53,0.0,106,-107614832.0,2.7006707062415038e+23,ERR,ERR,ERR,ERR,ERR,ERR,ERR,ERR,ERR,ERR,ERR,ERR,ERR,ERR,ERR,ERR,ERR,ERR,ERR,ERR,ERR,ERR,ERR,ERR,ERR,ERR,ERR,ERR,ERR,ERR,ERR,ERR,ERR,ERR,ERR,ERR,ERR,ERR,ERR,ERR,ERR,ERR,ERR,ERR,ERR,ERR,ERR,ERR,ERR,ERR,ERR,ERR,ERR,ERR,ERR,ERR,ERR,ERR,ERR,ERR,ERR,ERR,ERR,ERR,ERR,ERR,ERR,50.0,60.0,100,0.0,0.0,0.0,0.0,0.0,0.0,0.0,0.0,0.0,0.0,0.0,0.0,0.0,0.0,0.0,0.0,61.6,77,11,65508,50,65476,0,300,0,0,8,20529,65476,0,0,26214,60.0,0.0,0.0,0.0,0.0,0.0
2026-05-17T16:49:03,ERR,ERR,ERR,ERR,ERR,ERR,ERR,ERR,ERR,ERR,ERR,ERR,ERR,ERR,ERR,ERR,ERR,ERR,ERR,ERR,ERR,ERR,ERR,ERR,ERR,ERR,ERR,ERR,ERR,ERR,ERR,ERR,ERR,ERR,ERR,ERR,ERR,ERR,ERR,ERR,ERR,ERR,ERR,ERR,ERR,ERR,ERR,ERR,ERR,ERR,ERR,ERR,ERR,ERR,ERR,ERR,ERR,ERR,ERR,ERR,ERR,ERR,ERR,ERR,ERR,ERR,ERR,ERR,ERR,ERR,ERR,ERR,ERR,ERR,ERR,ERR,ERR,ERR,ERR,ERR,ERR,ERR,ERR,ERR,ERR,ERR,ERR,ERR,ERR,ERR,ERR,ERR,ERR,ERR,ERR,ERR,ERR,ERR,ERR,ERR,ERR,ERR,ERR,ERR,ERR,ERR,ERR,ERR,ERR,ERR,ERR,ERR,ERR,ERR,ERR,ERR,ERR,ERR,ERR,ERR,ERR,ERR,ERR,ERR,ERR,0.0,0.0,-134474944.0,0.0,0.0,1.3936040501711995e+18,7.805,0.0,0,0,4,0,8422,0.0,45,0.0,0.0,0.0,0.0,0.0,0,0,0,0,0.0,0,0,0,0,0,0,0,0,0,0,0,0,0,0,0,0,0,0,0,0,0,0,0,0,0,0,0,0,0,0,0,0,0,38,14,7,45,65476,0,300,0,0,8,21553,0.0,-107605600.0,0.0,0.0,0.0,0.0,0.0,0.0,0.0,0.0,0.0,0.0,0.0,0.0,0.0,0.0,0.0,0.0,0.0,0.0,0.0,0.0,0.0,0.0,-2.004,2.004,0.0,0.0,0.0,0.0,4949.0,-2.4229873280715295e+24,0.0,0.0,0.0,0.0,-107615304.0,0.0,0.0,0.0,0.0,53,-0.0,89220.547,0.0,0.0,0.0,0.0,0.0,0.0,0.0,0,0,0,0.0,0.0,0.0,0.0,0.0,0.0,0.0,0.0,0.0,0.0,0.0,0.0,0.0,0.0,0.0,0.0,0,-107875648.0,53,0.0,106,-107614832.0,2.7006707062415038e+23,ERR,ERR,ERR,ERR,ERR,ERR,ERR,ERR,ERR,ERR,ERR,ERR,ERR,ERR,ERR,ERR,ERR,ERR,ERR,ERR,ERR,ERR,ERR,ERR,ERR,ERR,ERR,ERR,ERR,ERR,ERR,ERR,ERR,ERR,ERR,ERR,ERR,ERR,ERR,ERR,ERR,ERR,ERR,ERR,ERR,ERR,ERR,ERR,ERR,ERR,ERR,ERR,ERR,ERR,ERR,ERR,ERR,ERR,ERR,ERR,ERR,ERR,ERR,ERR,ERR,ERR,ERR,50.0,60.0,100,0.0,0.0,0.0,0.0,0.0,0.0,0.0,0.0,0.0,0.0,0.0,0.0,0.0,0.0,0.0,0.0,61.6,77,11,65508,50,65476,0,300,0,0,8,20529,65476,0,0,26214,60.0,0.0,0.0,0.0,0.0,0.0
2026-05-17T16:49:04,ERR,ERR,ERR,ERR,ERR,ERR,ERR,ERR,ERR,ERR,ERR,ERR,ERR,ERR,ERR,ERR,ERR,ERR,ERR,ERR,ERR,ERR,ERR,ERR,ERR,ERR,ERR,ERR,ERR,ERR,ERR,ERR,ERR,ERR,ERR,ERR,ERR,ERR,ERR,ERR,ERR,ERR,ERR,ERR,ERR,ERR,ERR,ERR,ERR,ERR,ERR,ERR,ERR,ERR,ERR,ERR,ERR,ERR,ERR,ERR,ERR,ERR,ERR,ERR,ERR,ERR,ERR,ERR,ERR,ERR,ERR,ERR,ERR,ERR,ERR,ERR,ERR,ERR,ERR,ERR,ERR,ERR,ERR,ERR,ERR,ERR,ERR,ERR,ERR,ERR,ERR,ERR,ERR,ERR,ERR,ERR,ERR,ERR,ERR,ERR,ERR,ERR,ERR,ERR,ERR,ERR,ERR,ERR,ERR,ERR,ERR,ERR,ERR,ERR,ERR,ERR,ERR,ERR,ERR,ERR,ERR,ERR,ERR,ERR,ERR,0.0,0.0,-134474944.0,0.0,0.0,1.3936040501711995e+18,7.805,0.0,0,0,4,0,8422,0.0,45,0.0,0.0,0.0,0.0,0.0,0,0,0,0,0.0,0,0,0,0,0,0,0,0,0,0,0,0,0,0,0,0,0,0,0,0,0,0,0,0,0,0,0,0,0,0,0,0,0,38,14,7,45,65476,0,300,0,0,8,21553,0.0,-107605600.0,0.0,0.0,0.0,0.0,0.0,0.0,0.0,0.0,0.0,0.0,0.0,0.0,0.0,0.0,0.0,0.0,0.0,0.0,0.0,0.0,0.0,0.0,-2.004,2.004,0.0,0.0,0.0,0.0,4949.0,-2.4229873280715295e+24,0.0,0.0,0.0,0.0,-107615304.0,0.0,0.0,0.0,0.0,53,-0.0,89220.547,0.0,0.0,0.0,0.0,0.0,0.0,0.0,0,0,0,0.0,0.0,0.0,0.0,0.0,0.0,0.0,0.0,0.0,0.0,0.0,0.0,0.0,0.0,0.0,0.0,0,-107875648.0,53,0.0,106,-107614832.0,2.7006707062415038e+23,ERR,ERR,ERR,ERR,ERR,ERR,ERR,ERR,ERR,ERR,ERR,ERR,ERR,ERR,ERR,ERR,ERR,ERR,ERR,ERR,ERR,ERR,ERR,ERR,ERR,ERR,ERR,ERR,ERR,ERR,ERR,ERR,ERR,ERR,ERR,ERR,ERR,ERR,ERR,ERR,ERR,ERR,ERR,ERR,ERR,ERR,ERR,ERR,ERR,ERR,ERR,ERR,ERR,ERR,ERR,ERR,ERR,ERR,ERR,ERR,ERR,ERR,ERR,ERR,ERR,ERR,ERR,50.0,60.0,100,0.0,0.0,0.0,0.0,0.0,0.0,0.0,0.0,0.0,0.0,0.0,0.0,0.0,0.0,0.0,0.0,61.6,77,11,65508,50,65476,0,300,0,0,8,20529,65476,0,0,26214,60.0,0.0,0.0,0.0,0.0,0.0
2026-05-17T16:49:05,ERR,ERR,ERR,ERR,ERR,ERR,ERR,ERR,ERR,ERR,ERR,ERR,ERR,ERR,ERR,ERR,ERR,ERR,ERR,ERR,ERR,ERR,ERR,ERR,ERR,ERR,ERR,ERR,ERR,ERR,ERR,ERR,ERR,ERR,ERR,ERR,ERR,ERR,ERR,ERR,ERR,ERR,ERR,ERR,ERR,ERR,ERR,ERR,ERR,ERR,ERR,ERR,ERR,ERR,ERR,ERR,ERR,ERR,ERR,ERR,ERR,ERR,ERR,ERR,ERR,ERR,ERR,ERR,ERR,ERR,ERR,ERR,ERR,ERR,ERR,ERR,ERR,ERR,ERR,ERR,ERR,ERR,ERR,ERR,ERR,ERR,ERR,ERR,ERR,ERR,ERR,ERR,ERR,ERR,ERR,ERR,ERR,ERR,ERR,ERR,ERR,ERR,ERR,ERR,ERR,ERR,ERR,ERR,ERR,ERR,ERR,ERR,ERR,ERR,ERR,ERR,ERR,ERR,ERR,ERR,ERR,ERR,ERR,ERR,ERR,0.0,0.0,-134474944.0,0.0,0.0,1.3936040501711995e+18,7.805,0.0,0,0,4,0,8422,0.0,45,0.0,0.0,0.0,0.0,0.0,0,0,0,0,0.0,0,0,0,0,0,0,0,0,0,0,0,0,0,0,0,0,0,0,0,0,0,0,0,0,0,0,0,0,0,0,0,0,0,38,14,7,45,65476,0,300,0,0,8,21553,0.0,-107605600.0,0.0,0.0,0.0,0.0,0.0,0.0,0.0,0.0,0.0,0.0,0.0,0.0,0.0,0.0,0.0,0.0,0.0,0.0,0.0,0.0,0.0,0.0,-2.004,2.004,0.0,0.0,0.0,0.0,4949.0,-2.4229873280715295e+24,0.0,0.0,0.0,0.0,-107615304.0,0.0,0.0,0.0,0.0,53,-0.0,89220.547,0.0,0.0,0.0,0.0,0.0,0.0,0.0,0,0,0,0.0,0.0,0.0,0.0,0.0,0.0,0.0,0.0,0.0,0.0,0.0,0.0,0.0,0.0,0.0,0.0,0,-107875648.0,53,0.0,106,-107614832.0,2.7006707062415038e+23,ERR,ERR,ERR,ERR,ERR,ERR,ERR,ERR,ERR,ERR,ERR,ERR,ERR,ERR,ERR,ERR,ERR,ERR,ERR,ERR,ERR,ERR,ERR,ERR,ERR,ERR,ERR,ERR,ERR,ERR,ERR,ERR,ERR,ERR,ERR,ERR,ERR,ERR,ERR,ERR,ERR,ERR,ERR,ERR,ERR,ERR,ERR,ERR,ERR,ERR,ERR,ERR,ERR,ERR,ERR,ERR,ERR,ERR,ERR,ERR,ERR,ERR,ERR,ERR,ERR,ERR,ERR,50.0,60.0,100,0.0,0.0,0.0,0.0,0.0,0.0,0.0,0.0,0.0,0.0,0.0,0.0,0.0,0.0,0.0,0.0,61.6,77,11,65508,50,65476,0,300,0,0,8,20529,65476,0,0,26214,60.0,0.0,0.0,0.0,0.0,0.0
2026-05-17T16:49:06,ERR,ERR,ERR,ERR,ERR,ERR,ERR,ERR,ERR,ERR,ERR,ERR,ERR,ERR,ERR,ERR,ERR,ERR,ERR,ERR,ERR,ERR,ERR,ERR,ERR,ERR,ERR,ERR,ERR,ERR,ERR,ERR,ERR,ERR,ERR,ERR,ERR,ERR,ERR,ERR,ERR,ERR,ERR,ERR,ERR,ERR,ERR,ERR,ERR,ERR,ERR,ERR,ERR,ERR,ERR,ERR,ERR,ERR,ERR,ERR,ERR,ERR,ERR,ERR,ERR,ERR,ERR,ERR,ERR,ERR,ERR,ERR,ERR,ERR,ERR,ERR,ERR,ERR,ERR,ERR,ERR,ERR,ERR,ERR,ERR,ERR,ERR,ERR,ERR,ERR,ERR,ERR,ERR,ERR,ERR,ERR,ERR,ERR,ERR,ERR,ERR,ERR,ERR,ERR,ERR,ERR,ERR,ERR,ERR,ERR,ERR,ERR,ERR,ERR,ERR,ERR,ERR,ERR,ERR,ERR,ERR,ERR,ERR,ERR,ERR,0.0,0.0,-134474944.0,0.0,0.0,1.3936040501711995e+18,7.805,0.0,0,0,4,0,8422,0.0,45,0.0,0.0,0.0,0.0,0.0,0,0,0,0,0.0,0,0,0,0,0,0,0,0,0,0,0,0,0,0,0,0,0,0,0,0,0,0,0,0,0,0,0,0,0,0,0,0,0,38,14,7,45,65476,0,300,0,0,8,21553,0.0,-107605600.0,0.0,0.0,0.0,0.0,0.0,0.0,0.0,0.0,0.0,0.0,0.0,0.0,0.0,0.0,0.0,0.0,0.0,0.0,0.0,0.0,0.0,0.0,-2.004,2.004,0.0,0.0,0.0,0.0,4949.0,-2.4229873280715295e+24,0.0,0.0,0.0,0.0,-107615304.0,0.0,0.0,0.0,0.0,53,-0.0,89220.547,0.0,0.0,0.0,0.0,0.0,0.0,0.0,0,0,0,0.0,0.0,0.0,0.0,0.0,0.0,0.0,0.0,0.0,0.0,0.0,0.0,0.0,0.0,0.0,0.0,0,-107875648.0,53,0.0,106,-107614832.0,2.7006707062415038e+23,ERR,ERR,ERR,ERR,ERR,ERR,ERR,ERR,ERR,ERR,ERR,ERR,ERR,ERR,ERR,ERR,ERR,ERR,ERR,ERR,ERR,ERR,ERR,ERR,ERR,ERR,ERR,ERR,ERR,ERR,ERR,ERR,ERR,ERR,ERR,ERR,ERR,ERR,ERR,ERR,ERR,ERR,ERR,ERR,ERR,ERR,ERR,ERR,ERR,ERR,ERR,ERR,ERR,ERR,ERR,ERR,ERR,ERR,ERR,ERR,ERR,ERR,ERR,ERR,ERR,ERR,ERR,50.0,60.0,100,0.0,0.0,0.0,0.0,0.0,0.0,0.0,0.0,0.0,0.0,0.0,0.0,0.0,0.0,0.0,0.0,61.6,77,11,65508,50,65476,0,300,0,0,8,20529,65476,0,0,26214,60.0,0.0,0.0,0.0,0.0,0.0
2026-05-17T16:49:07,ERR,ERR,ERR,ERR,ERR,ERR,ERR,ERR,ERR,ERR,ERR,ERR,ERR,ERR,ERR,ERR,ERR,ERR,ERR,ERR,ERR,ERR,ERR,ERR,ERR,ERR,ERR,ERR,ERR,ERR,ERR,ERR,ERR,ERR,ERR,ERR,ERR,ERR,ERR,ERR,ERR,ERR,ERR,ERR,ERR,ERR,ERR,ERR,ERR,ERR,ERR,ERR,ERR,ERR,ERR,ERR,ERR,ERR,ERR,ERR,ERR,ERR,ERR,ERR,ERR,ERR,ERR,ERR,ERR,ERR,ERR,ERR,ERR,ERR,ERR,ERR,ERR,ERR,ERR,ERR,ERR,ERR,ERR,ERR,ERR,ERR,ERR,ERR,ERR,ERR,ERR,ERR,ERR,ERR,ERR,ERR,ERR,ERR,ERR,ERR,ERR,ERR,ERR,ERR,ERR,ERR,ERR,ERR,ERR,ERR,ERR,ERR,ERR,ERR,ERR,ERR,ERR,ERR,ERR,ERR,ERR,ERR,ERR,ERR,ERR,0.0,0.0,-134474944.0,0.0,0.0,1.3936040501711995e+18,7.805,0.0,0,0,4,0,8422,0.0,45,0.0,0.0,0.0,0.0,0.0,0,0,0,0,0.0,0,0,0,0,0,0,0,0,0,0,0,0,0,0,0,0,0,0,0,0,0,0,0,0,0,0,0,0,0,0,0,0,0,38,14,7,45,65476,0,300,0,0,8,21553,0.0,-107605600.0,0.0,0.0,0.0,0.0,0.0,0.0,0.0,0.0,0.0,0.0,0.0,0.0,0.0,0.0,0.0,0.0,0.0,0.0,0.0,0.0,0.0,0.0,-2.004,2.004,0.0,0.0,0.0,0.0,4984.0,0.0,0.0,0.0,0.0,0.0,-107615304.0,0.0,0.0,0.0,0.0,53,-0.0,-0.0,0.0,0.0,0.0,0.0,0.0,0.0,0.0,0,0,0,0.0,0.0,0.0,0.0,0.0,0.0,0.0,0.0,0.0,0.0,0.0,0.0,0.0,0.0,0.0,0.0,0,-107875648.0,53,0.0,106,-107614832.0,2.7006707062415038e+23,ERR,ERR,ERR,ERR,ERR,ERR,ERR,ERR,ERR,ERR,ERR,ERR,ERR,ERR,ERR,ERR,ERR,ERR,ERR,ERR,ERR,ERR,ERR,ERR,ERR,ERR,ERR,ERR,ERR,ERR,ERR,ERR,ERR,ERR,ERR,ERR,ERR,ERR,ERR,ERR,ERR,ERR,ERR,ERR,ERR,ERR,ERR,ERR,ERR,ERR,ERR,ERR,ERR,ERR,ERR,ERR,ERR,ERR,ERR,ERR,ERR,ERR,ERR,ERR,ERR,ERR,ERR,50.0,60.0,100,0.0,0.0,0.0,0.0,0.0,0.0,0.0,0.0,0.0,0.0,0.0,0.0,0.0,0.0,0.0,0.0,61.6,77,11,65508,50,65476,0,300,0,0,8,20529,65476,0,0,26214,60.0,0.0,0.0,0.0,0.0,0.0
2026-05-17T16:49:08,ERR,ERR,ERR,ERR,ERR,ERR,ERR,ERR,ERR,ERR,ERR,ERR,ERR,ERR,ERR,ERR,ERR,ERR,ERR,ERR,ERR,ERR,ERR,ERR,ERR,ERR,ERR,ERR,ERR,ERR,ERR,ERR,ERR,ERR,ERR,ERR,ERR,ERR,ERR,ERR,ERR,ERR,ERR,ERR,ERR,ERR,ERR,ERR,ERR,ERR,ERR,ERR,ERR,ERR,ERR,ERR,ERR,ERR,ERR,ERR,ERR,ERR,ERR,ERR,ERR,ERR,ERR,ERR,ERR,ERR,ERR,ERR,ERR,ERR,ERR,ERR,ERR,ERR,ERR,ERR,ERR,ERR,ERR,ERR,ERR,ERR,ERR,ERR,ERR,ERR,ERR,ERR,ERR,ERR,ERR,ERR,ERR,ERR,ERR,ERR,ERR,ERR,ERR,ERR,ERR,ERR,ERR,ERR,ERR,ERR,ERR,ERR,ERR,ERR,ERR,ERR,ERR,ERR,ERR,ERR,ERR,ERR,ERR,ERR,ERR,0.0,0.0,-134474944.0,0.0,0.0,1.3936040501711995e+18,7.805,0.0,0,0,4,0,8422,0.0,45,0.0,0.0,0.0,0.0,0.0,0,0,0,0,0.0,0,0,0,0,0,0,0,0,0,0,0,0,0,0,0,0,0,0,0,0,0,0,0,0,0,0,0,0,0,0,0,0,0,38,14,7,45,65476,0,300,0,0,8,21553,0.0,-107605600.0,0.0,0.0,0.0,0.0,0.0,0.0,0.0,0.0,0.0,0.0,0.0,0.0,0.0,0.0,0.0,0.0,0.0,0.0,0.0,0.0,0.0,0.0,-2.004,2.004,0.0,0.0,0.0,0.0,4984.0,0.0,0.0,0.0,0.0,0.0,-107615304.0,0.0,0.0,0.0,0.0,53,-0.0,-0.0,0.0,0.0,0.0,0.0,0.0,0.0,0.0,0,0,0,0.0,0.0,0.0,0.0,0.0,0.0,0.0,0.0,0.0,0.0,0.0,0.0,0.0,0.0,0.0,0.0,0,-107875648.0,53,0.0,106,-107614832.0,2.7006707062415038e+23,ERR,ERR,ERR,ERR,ERR,ERR,ERR,ERR,ERR,ERR,ERR,ERR,ERR,ERR,ERR,ERR,ERR,ERR,ERR,ERR,ERR,ERR,ERR,ERR,ERR,ERR,ERR,ERR,ERR,ERR,ERR,ERR,ERR,ERR,ERR,ERR,ERR,ERR,ERR,ERR,ERR,ERR,ERR,ERR,ERR,ERR,ERR,ERR,ERR,ERR,ERR,ERR,ERR,ERR,ERR,ERR,ERR,ERR,ERR,ERR,ERR,ERR,ERR,ERR,ERR,ERR,ERR,50.0,60.0,100,0.0,0.0,0.0,0.0,0.0,0.0,0.0,0.0,0.0,0.0,0.0,0.0,0.0,0.0,0.0,0.0,62.0,77,11,65508,50,65476,0,300,0,0,8,20529,65476,0,0,26214,60.0,0.0,0.0,0.0,0.0,0.0
2026-05-17T16:49:09,ERR,ERR,ERR,ERR,ERR,ERR,ERR,ERR,ERR,ERR,ERR,ERR,ERR,ERR,ERR,ERR,ERR,ERR,ERR,ERR,ERR,ERR,ERR,ERR,ERR,ERR,ERR,ERR,ERR,ERR,ERR,ERR,ERR,ERR,ERR,ERR,ERR,ERR,ERR,ERR,ERR,ERR,ERR,ERR,ERR,ERR,ERR,ERR,ERR,ERR,ERR,ERR,ERR,ERR,ERR,ERR,ERR,ERR,ERR,ERR,ERR,ERR,ERR,ERR,ERR,ERR,ERR,ERR,ERR,ERR,ERR,ERR,ERR,ERR,ERR,ERR,ERR,ERR,ERR,ERR,ERR,ERR,ERR,ERR,ERR,ERR,ERR,ERR,ERR,ERR,ERR,ERR,ERR,ERR,ERR,ERR,ERR,ERR,ERR,ERR,ERR,ERR,ERR,ERR,ERR,ERR,ERR,ERR,ERR,ERR,ERR,ERR,ERR,ERR,ERR,ERR,ERR,ERR,ERR,ERR,ERR,ERR,ERR,ERR,ERR,0.0,0.0,-134474944.0,0.0,0.0,1.3936040501711995e+18,7.805,0.0,0,0,4,0,8422,0.0,45,0.0,0.0,0.0,0.0,0.0,0,0,0,0,0.0,0,0,0,0,0,0,0,0,0,0,0,0,0,0,0,0,0,0,0,0,0,0,0,0,0,0,0,0,0,0,0,0,0,38,14,7,45,65476,0,300,0,0,8,21553,0.0,-107605600.0,0.0,0.0,0.0,0.0,0.0,0.0,0.0,0.0,0.0,0.0,0.0,0.0,0.0,0.0,0.0,0.0,0.0,0.0,0.0,0.0,0.0,0.0,-2.004,2.004,0.0,0.0,0.0,0.0,4984.0,0.0,0.0,0.0,0.0,0.0,-107615304.0,0.0,0.0,0.0,0.0,53,-0.0,-0.0,0.0,0.0,0.0,0.0,0.0,0.0,0.0,0,0,0,0.0,0.0,0.0,0.0,0.0,0.0,0.0,0.0,0.0,0.0,0.0,0.0,0.0,0.0,0.0,0.0,0,-107875648.0,53,0.0,106,-107614832.0,2.7006707062415038e+23,ERR,ERR,ERR,ERR,ERR,ERR,ERR,ERR,ERR,ERR,ERR,ERR,ERR,ERR,ERR,ERR,ERR,ERR,ERR,ERR,ERR,ERR,ERR,ERR,ERR,ERR,ERR,ERR,ERR,ERR,ERR,ERR,ERR,ERR,ERR,ERR,ERR,ERR,ERR,ERR,ERR,ERR,ERR,ERR,ERR,ERR,ERR,ERR,ERR,ERR,ERR,ERR,ERR,ERR,ERR,ERR,ERR,ERR,ERR,ERR,ERR,ERR,ERR,ERR,ERR,ERR,ERR,50.0,60.0,100,0.0,0.0,0.0,0.0,0.0,0.0,0.0,0.0,0.0,0.0,0.0,0.0,0.0,0.0,0.0,0.0,62.0,77,11,65508,50,65476,0,300,0,0,8,20529,65476,0,0,26214,60.0,0.0,0.0,0.0,0.0,0.0
2026-05-17T16:49:10,ERR,ERR,ERR,ERR,ERR,ERR,ERR,ERR,ERR,ERR,ERR,ERR,ERR,ERR,ERR,ERR,ERR,ERR,ERR,ERR,ERR,ERR,ERR,ERR,ERR,ERR,ERR,ERR,ERR,ERR,ERR,ERR,ERR,ERR,ERR,ERR,ERR,ERR,ERR,ERR,ERR,ERR,ERR,ERR,ERR,ERR,ERR,ERR,ERR,ERR,ERR,ERR,ERR,ERR,ERR,ERR,ERR,ERR,ERR,ERR,ERR,ERR,ERR,ERR,ERR,ERR,ERR,ERR,ERR,ERR,ERR,ERR,ERR,ERR,ERR,ERR,ERR,ERR,ERR,ERR,ERR,ERR,ERR,ERR,ERR,ERR,ERR,ERR,ERR,ERR,ERR,ERR,ERR,ERR,ERR,ERR,ERR,ERR,ERR,ERR,ERR,ERR,ERR,ERR,ERR,ERR,ERR,ERR,ERR,ERR,ERR,ERR,ERR,ERR,ERR,ERR,ERR,ERR,ERR,ERR,ERR,ERR,ERR,ERR,ERR,0.0,0.0,-134474944.0,0.0,0.0,1.3936040501711995e+18,7.805,0.0,0,0,4,0,8422,0.0,45,0.0,0.0,0.0,0.0,0.0,0,0,0,0,0.0,0,0,0,0,0,0,0,0,0,0,0,0,0,0,0,0,0,0,0,0,0,0,0,0,0,0,0,0,0,0,0,0,0,38,14,7,45,65476,0,300,0,0,8,21553,0.0,-107605600.0,0.0,0.0,0.0,0.0,0.0,0.0,0.0,0.0,0.0,0.0,0.0,0.0,0.0,0.0,0.0,0.0,0.0,0.0,0.0,0.0,0.0,0.0,-2.004,2.004,0.0,0.0,0.0,0.0,4984.0,0.0,0.0,0.0,0.0,0.0,-107615304.0,0.0,0.0,0.0,0.0,53,-0.0,-0.0,0.0,0.0,0.0,0.0,0.0,0.0,0.0,0,0,0,0.0,0.0,0.0,0.0,0.0,0.0,0.0,0.0,0.0,0.0,0.0,0.0,0.0,0.0,0.0,0.0,0,-107875648.0,53,0.0,106,-107614832.0,2.7006707062415038e+23,ERR,ERR,ERR,ERR,ERR,ERR,ERR,ERR,ERR,ERR,ERR,ERR,ERR,ERR,ERR,ERR,ERR,ERR,ERR,ERR,ERR,ERR,ERR,ERR,ERR,ERR,ERR,ERR,ERR,ERR,ERR,ERR,ERR,ERR,ERR,ERR,ERR,ERR,ERR,ERR,ERR,ERR,ERR,ERR,ERR,ERR,ERR,ERR,ERR,ERR,ERR,ERR,ERR,ERR,ERR,ERR,ERR,ERR,ERR,ERR,ERR,ERR,ERR,ERR,ERR,ERR,ERR,50.0,60.0,100,0.0,0.0,0.0,0.0,0.0,0.0,0.0,0.0,0.0,0.0,0.0,0.0,0.0,0.0,0.0,0.0,62.0,77,11,65508,50,65476,0,300,0,0,8,20529,65476,0,0,26214,60.0,0.0,0.0,0.0,0.0,0.0
2026-05-17T16:49:11,ERR,ERR,ERR,ERR,ERR,ERR,ERR,ERR,ERR,ERR,ERR,ERR,ERR,ERR,ERR,ERR,ERR,ERR,ERR,ERR,ERR,ERR,ERR,ERR,ERR,ERR,ERR,ERR,ERR,ERR,ERR,ERR,ERR,ERR,ERR,ERR,ERR,ERR,ERR,ERR,ERR,ERR,ERR,ERR,ERR,ERR,ERR,ERR,ERR,ERR,ERR,ERR,ERR,ERR,ERR,ERR,ERR,ERR,ERR,ERR,ERR,ERR,ERR,ERR,ERR,ERR,ERR,ERR,ERR,ERR,ERR,ERR,ERR,ERR,ERR,ERR,ERR,ERR,ERR,ERR,ERR,ERR,ERR,ERR,ERR,ERR,ERR,ERR,ERR,ERR,ERR,ERR,ERR,ERR,ERR,ERR,ERR,ERR,ERR,ERR,ERR,ERR,ERR,ERR,ERR,ERR,ERR,ERR,ERR,ERR,ERR,ERR,ERR,ERR,ERR,ERR,ERR,ERR,ERR,ERR,ERR,ERR,ERR,ERR,ERR,0.0,0.0,-134474944.0,0.0,0.0,1.3936040501711995e+18,7.805,0.0,0,0,4,0,8422,0.0,45,0.0,0.0,0.0,0.0,0.0,0,0,0,0,0.0,0,0,0,0,0,0,0,0,0,0,0,0,0,0,0,0,0,0,0,0,0,0,0,0,0,0,0,0,0,0,0,0,0,38,14,7,45,65476,0,300,0,0,8,21553,0.0,-107605600.0,0.0,0.0,0.0,0.0,0.0,0.0,0.0,0.0,0.0,0.0,0.0,0.0,0.0,0.0,0.0,0.0,0.0,0.0,0.0,0.0,0.0,0.0,-2.004,2.004,0.0,0.0,0.0,0.0,4984.0,0.0,0.0,0.0,0.0,0.0,-107615304.0,0.0,0.0,0.0,0.0,53,-0.0,-0.0,0.0,0.0,0.0,0.0,0.0,0.0,0.0,0,0,0,0.0,0.0,0.0,0.0,0.0,0.0,0.0,0.0,0.0,0.0,0.0,0.0,0.0,0.0,0.0,0.0,0,-107875648.0,53,0.0,106,-107614832.0,2.7006707062415038e+23,ERR,ERR,ERR,ERR,ERR,ERR,ERR,ERR,ERR,ERR,ERR,ERR,ERR,ERR,ERR,ERR,ERR,ERR,ERR,ERR,ERR,ERR,ERR,ERR,ERR,ERR,ERR,ERR,ERR,ERR,ERR,ERR,ERR,ERR,ERR,ERR,ERR,ERR,ERR,ERR,ERR,ERR,ERR,ERR,ERR,ERR,ERR,ERR,ERR,ERR,ERR,ERR,ERR,ERR,ERR,ERR,ERR,ERR,ERR,ERR,ERR,ERR,ERR,ERR,ERR,ERR,ERR,50.0,60.0,100,0.0,0.0,0.0,0.0,0.0,0.0,0.0,0.0,0.0,0.0,0.0,0.0,0.0,0.0,0.0,0.0,62.0,77,11,65508,50,65476,0,300,0,0,8,20529,65476,0,0,26214,60.0,0.0,0.0,0.0,0.0,0.0
2026-05-17T16:49:12,ERR,ERR,ERR,ERR,ERR,ERR,ERR,ERR,ERR,ERR,ERR,ERR,ERR,ERR,ERR,ERR,ERR,ERR,ERR,ERR,ERR,ERR,ERR,ERR,ERR,ERR,ERR,ERR,ERR,ERR,ERR,ERR,ERR,ERR,ERR,ERR,ERR,ERR,ERR,ERR,ERR,ERR,ERR,ERR,ERR,ERR,ERR,ERR,ERR,ERR,ERR,ERR,ERR,ERR,ERR,ERR,ERR,ERR,ERR,ERR,ERR,ERR,ERR,ERR,ERR,ERR,ERR,ERR,ERR,ERR,ERR,ERR,ERR,ERR,ERR,ERR,ERR,ERR,ERR,ERR,ERR,ERR,ERR,ERR,ERR,ERR,ERR,ERR,ERR,ERR,ERR,ERR,ERR,ERR,ERR,ERR,ERR,ERR,ERR,ERR,ERR,ERR,ERR,ERR,ERR,ERR,ERR,ERR,ERR,ERR,ERR,ERR,ERR,ERR,ERR,ERR,ERR,ERR,ERR,ERR,ERR,ERR,ERR,ERR,ERR,0.0,0.0,-134474944.0,0.0,0.0,1.3936040501711995e+18,7.805,0.0,0,0,4,0,8422,0.0,45,0.0,0.0,0.0,0.0,0.0,0,0,0,0,0.0,0,0,0,0,0,0,0,0,0,0,0,0,0,0,0,0,0,0,0,0,0,0,0,0,0,0,0,0,0,0,0,0,0,38,14,7,45,65476,0,300,0,0,8,21553,0.0,-107605600.0,0.0,0.0,0.0,0.0,0.0,0.0,0.0,0.0,0.0,0.0,0.0,0.0,0.0,0.0,0.0,0.0,0.0,0.0,0.0,0.0,0.0,0.0,-2.004,2.004,0.0,0.0,0.0,0.0,4984.0,-0.0,0.0,0.0,0.0,0.0,-107615304.0,0.0,0.0,0.0,0.0,53,-0.0,0.0,0.0,0.0,0.0,0.0,0.0,0.0,0.0,0,0,0,0.0,0.0,0.0,0.0,0.0,0.0,0.0,0.0,0.0,0.0,0.0,0.0,0.0,0.0,0.0,0.0,0,-107875648.0,53,0.0,106,-107614832.0,2.7006707062415038e+23,ERR,ERR,ERR,ERR,ERR,ERR,ERR,ERR,ERR,ERR,ERR,ERR,ERR,ERR,ERR,ERR,ERR,ERR,ERR,ERR,ERR,ERR,ERR,ERR,ERR,ERR,ERR,ERR,ERR,ERR,ERR,ERR,ERR,ERR,ERR,ERR,ERR,ERR,ERR,ERR,ERR,ERR,ERR,ERR,ERR,ERR,ERR,ERR,ERR,ERR,ERR,ERR,ERR,ERR,ERR,ERR,ERR,ERR,ERR,ERR,ERR,ERR,ERR,ERR,ERR,ERR,ERR,50.0,60.0,100,0.0,0.0,0.0,0.0,0.0,0.0,0.0,0.0,0.0,0.0,0.0,0.0,0.0,0.0,0.0,0.0,61.6,77,11,65508,50,65476,0,300,0,0,8,20529,65476,0,0,26214,60.0,0.0,0.0,0.0,0.0,0.0
2026-05-17T16:49:13,ERR,ERR,ERR,ERR,ERR,ERR,ERR,ERR,ERR,ERR,ERR,ERR,ERR,ERR,ERR,ERR,ERR,ERR,ERR,ERR,ERR,ERR,ERR,ERR,ERR,ERR,ERR,ERR,ERR,ERR,ERR,ERR,ERR,ERR,ERR,ERR,ERR,ERR,ERR,ERR,ERR,ERR,ERR,ERR,ERR,ERR,ERR,ERR,ERR,ERR,ERR,ERR,ERR,ERR,ERR,ERR,ERR,ERR,ERR,ERR,ERR,ERR,ERR,ERR,ERR,ERR,ERR,ERR,ERR,ERR,ERR,ERR,ERR,ERR,ERR,ERR,ERR,ERR,ERR,ERR,ERR,ERR,ERR,ERR,ERR,ERR,ERR,ERR,ERR,ERR,ERR,ERR,ERR,ERR,ERR,ERR,ERR,ERR,ERR,ERR,ERR,ERR,ERR,ERR,ERR,ERR,ERR,ERR,ERR,ERR,ERR,ERR,ERR,ERR,ERR,ERR,ERR,ERR,ERR,ERR,ERR,ERR,ERR,ERR,ERR,0.0,0.0,-134474944.0,0.0,0.0,1.3936040501711995e+18,7.805,0.0,0,0,4,0,8422,0.0,45,0.0,0.0,0.0,0.0,0.0,0,0,0,0,0.0,0,0,0,0,0,0,0,0,0,0,0,0,0,0,0,0,0,0,0,0,0,0,0,0,0,0,0,0,0,0,0,0,0,38,14,7,45,65476,0,300,0,0,8,21553,0.0,-107605600.0,0.0,0.0,0.0,0.0,0.0,0.0,0.0,0.0,0.0,0.0,0.0,0.0,0.0,0.0,0.0,0.0,0.0,0.0,0.0,0.0,0.0,0.0,-2.004,2.004,0.0,0.0,0.0,0.0,4984.0,-0.0,0.0,0.0,0.0,0.0,-107615304.0,0.0,0.0,0.0,0.0,53,-0.0,0.0,0.0,0.0,0.0,0.0,0.0,0.0,0.0,0,0,0,0.0,0.0,0.0,0.0,0.0,0.0,0.0,0.0,0.0,0.0,0.0,0.0,0.0,0.0,0.0,0.0,0,-107875648.0,53,0.0,106,-107614832.0,2.7006707062415038e+23,ERR,ERR,ERR,ERR,ERR,ERR,ERR,ERR,ERR,ERR,ERR,ERR,ERR,ERR,ERR,ERR,ERR,ERR,ERR,ERR,ERR,ERR,ERR,ERR,ERR,ERR,ERR,ERR,ERR,ERR,ERR,ERR,ERR,ERR,ERR,ERR,ERR,ERR,ERR,ERR,ERR,ERR,ERR,ERR,ERR,ERR,ERR,ERR,ERR,ERR,ERR,ERR,ERR,ERR,ERR,ERR,ERR,ERR,ERR,ERR,ERR,ERR,ERR,ERR,ERR,ERR,ERR,50.0,60.0,100,0.0,0.0,0.0,0.0,0.0,0.0,0.0,0.0,0.0,0.0,0.0,0.0,0.0,0.0,0.0,0.0,62.0,77,11,65508,50,65476,0,300,0,0,8,20529,65476,0,0,26214,60.0,0.0,0.0,0.0,0.0,0.0
2026-05-17T16:49:14,ERR,ERR,ERR,ERR,ERR,ERR,ERR,ERR,ERR,ERR,ERR,ERR,ERR,ERR,ERR,ERR,ERR,ERR,ERR,ERR,ERR,ERR,ERR,ERR,ERR,ERR,ERR,ERR,ERR,ERR,ERR,ERR,ERR,ERR,ERR,ERR,ERR,ERR,ERR,ERR,ERR,ERR,ERR,ERR,ERR,ERR,ERR,ERR,ERR,ERR,ERR,ERR,ERR,ERR,ERR,ERR,ERR,ERR,ERR,ERR,ERR,ERR,ERR,ERR,ERR,ERR,ERR,ERR,ERR,ERR,ERR,ERR,ERR,ERR,ERR,ERR,ERR,ERR,ERR,ERR,ERR,ERR,ERR,ERR,ERR,ERR,ERR,ERR,ERR,ERR,ERR,ERR,ERR,ERR,ERR,ERR,ERR,ERR,ERR,ERR,ERR,ERR,ERR,ERR,ERR,ERR,ERR,ERR,ERR,ERR,ERR,ERR,ERR,ERR,ERR,ERR,ERR,ERR,ERR,ERR,ERR,ERR,ERR,ERR,ERR,0.0,0.0,-134474944.0,0.0,0.0,1.3936040501711995e+18,7.805,0.0,0,0,4,0,8422,0.0,45,0.0,0.0,0.0,0.0,0.0,0,0,0,0,0.0,0,0,0,0,0,0,0,0,0,0,0,0,0,0,0,0,0,0,0,0,0,0,0,0,0,0,0,0,0,0,0,0,0,38,14,7,45,65476,0,300,0,0,8,21553,0.0,-107605600.0,0.0,0.0,0.0,0.0,0.0,0.0,0.0,0.0,0.0,0.0,0.0,0.0,0.0,0.0,0.0,0.0,0.0,0.0,0.0,0.0,0.0,0.0,-2.004,2.004,0.0,0.0,0.0,0.0,4984.0,-0.0,0.0,0.0,0.0,0.0,-107615304.0,0.0,0.0,0.0,0.0,53,-0.0,0.0,0.0,0.0,0.0,0.0,0.0,0.0,0.0,0,0,0,0.0,0.0,0.0,0.0,0.0,0.0,0.0,0.0,0.0,0.0,0.0,0.0,0.0,0.0,0.0,0.0,0,-107875648.0,53,0.0,106,-107614832.0,2.7006707062415038e+23,ERR,ERR,ERR,ERR,ERR,ERR,ERR,ERR,ERR,ERR,ERR,ERR,ERR,ERR,ERR,ERR,ERR,ERR,ERR,ERR,ERR,ERR,ERR,ERR,ERR,ERR,ERR,ERR,ERR,ERR,ERR,ERR,ERR,ERR,ERR,ERR,ERR,ERR,ERR,ERR,ERR,ERR,ERR,ERR,ERR,ERR,ERR,ERR,ERR,ERR,ERR,ERR,ERR,ERR,ERR,ERR,ERR,ERR,ERR,ERR,ERR,ERR,ERR,ERR,ERR,ERR,ERR,50.0,60.0,100,0.0,0.0,0.0,0.0,0.0,0.0,0.0,0.0,0.0,0.0,0.0,0.0,0.0,0.0,0.0,0.0,62.0,77,11,65508,50,65476,0,300,0,0,8,20529,65476,0,0,26214,60.0,0.0,0.0,0.0,0.0,0.0
2026-05-17T16:49:15,ERR,ERR,ERR,ERR,ERR,ERR,ERR,ERR,ERR,ERR,ERR,ERR,ERR,ERR,ERR,ERR,ERR,ERR,ERR,ERR,ERR,ERR,ERR,ERR,ERR,ERR,ERR,ERR,ERR,ERR,ERR,ERR,ERR,ERR,ERR,ERR,ERR,ERR,ERR,ERR,ERR,ERR,ERR,ERR,ERR,ERR,ERR,ERR,ERR,ERR,ERR,ERR,ERR,ERR,ERR,ERR,ERR,ERR,ERR,ERR,ERR,ERR,ERR,ERR,ERR,ERR,ERR,ERR,ERR,ERR,ERR,ERR,ERR,ERR,ERR,ERR,ERR,ERR,ERR,ERR,ERR,ERR,ERR,ERR,ERR,ERR,ERR,ERR,ERR,ERR,ERR,ERR,ERR,ERR,ERR,ERR,ERR,ERR,ERR,ERR,ERR,ERR,ERR,ERR,ERR,ERR,ERR,ERR,ERR,ERR,ERR,ERR,ERR,ERR,ERR,ERR,ERR,ERR,ERR,ERR,ERR,ERR,ERR,ERR,ERR,0.0,0.0,-134474944.0,0.0,0.0,1.3936040501711995e+18,7.805,0.0,0,0,4,0,8422,0.0,45,0.0,0.0,0.0,0.0,0.0,0,0,0,0,0.0,0,0,0,0,0,0,0,0,0,0,0,0,0,0,0,0,0,0,0,0,0,0,0,0,0,0,0,0,0,0,0,0,0,38,14,7,45,65476,0,300,0,0,8,21553,0.0,-107605600.0,0.0,0.0,0.0,0.0,0.0,0.0,0.0,0.0,0.0,0.0,0.0,0.0,0.0,0.0,0.0,0.0,0.0,0.0,0.0,0.0,0.0,0.0,-2.004,2.004,0.0,0.0,0.0,0.0,4984.0,-0.0,0.0,0.0,0.0,0.0,-107615304.0,0.0,0.0,0.0,0.0,53,-0.0,0.0,0.0,0.0,0.0,0.0,0.0,0.0,0.0,0,0,0,0.0,0.0,0.0,0.0,0.0,0.0,0.0,0.0,0.0,0.0,0.0,0.0,0.0,0.0,0.0,0.0,0,-107875648.0,53,0.0,106,-107614832.0,2.7006707062415038e+23,ERR,ERR,ERR,ERR,ERR,ERR,ERR,ERR,ERR,ERR,ERR,ERR,ERR,ERR,ERR,ERR,ERR,ERR,ERR,ERR,ERR,ERR,ERR,ERR,ERR,ERR,ERR,ERR,ERR,ERR,ERR,ERR,ERR,ERR,ERR,ERR,ERR,ERR,ERR,ERR,ERR,ERR,ERR,ERR,ERR,ERR,ERR,ERR,ERR,ERR,ERR,ERR,ERR,ERR,ERR,ERR,ERR,ERR,ERR,ERR,ERR,ERR,ERR,ERR,ERR,ERR,ERR,50.0,60.0,100,0.0,0.0,0.0,0.0,0.0,0.0,0.0,0.0,0.0,0.0,0.0,0.0,0.0,0.0,0.0,0.0,61.6,77,11,65508,50,65476,0,300,0,0,8,20529,65476,0,0,26214,60.0,0.0,0.0,0.0,0.0,0.0
2026-05-17T16:49:16,ERR,ERR,ERR,ERR,ERR,ERR,ERR,ERR,ERR,ERR,ERR,ERR,ERR,ERR,ERR,ERR,ERR,ERR,ERR,ERR,ERR,ERR,ERR,ERR,ERR,ERR,ERR,ERR,ERR,ERR,ERR,ERR,ERR,ERR,ERR,ERR,ERR,ERR,ERR,ERR,ERR,ERR,ERR,ERR,ERR,ERR,ERR,ERR,ERR,ERR,ERR,ERR,ERR,ERR,ERR,ERR,ERR,ERR,ERR,ERR,ERR,ERR,ERR,ERR,ERR,ERR,ERR,ERR,ERR,ERR,ERR,ERR,ERR,ERR,ERR,ERR,ERR,ERR,ERR,ERR,ERR,ERR,ERR,ERR,ERR,ERR,ERR,ERR,ERR,ERR,ERR,ERR,ERR,ERR,ERR,ERR,ERR,ERR,ERR,ERR,ERR,ERR,ERR,ERR,ERR,ERR,ERR,ERR,ERR,ERR,ERR,ERR,ERR,ERR,ERR,ERR,ERR,ERR,ERR,ERR,ERR,ERR,ERR,ERR,ERR,0.0,0.0,-134474944.0,0.0,0.0,1.3936040501711995e+18,7.805,0.0,0,0,4,0,8422,0.0,45,0.0,0.0,0.0,0.0,0.0,0,0,0,0,0.0,0,0,0,0,0,0,0,0,0,0,0,0,0,0,0,0,0,0,0,0,0,0,0,0,0,0,0,0,0,0,0,0,0,38,14,7,45,65476,0,300,0,0,8,21553,0.0,-107605600.0,0.0,0.0,0.0,0.0,0.0,0.0,0.0,0.0,0.0,0.0,0.0,0.0,0.0,0.0,0.0,0.0,0.0,0.0,0.0,0.0,0.0,0.0,-2.004,2.004,0.0,0.0,0.0,0.0,4984.0,-0.0,0.0,0.0,0.0,0.0,-107615304.0,0.0,0.0,0.0,0.0,53,-0.0,0.0,0.0,0.0,0.0,0.0,0.0,0.0,0.0,0,0,0,0.0,0.0,0.0,0.0,0.0,0.0,0.0,0.0,0.0,0.0,0.0,0.0,0.0,0.0,0.0,0.0,0,-107875648.0,53,0.0,106,-107614832.0,2.7006707062415038e+23,ERR,ERR,ERR,ERR,ERR,ERR,ERR,ERR,ERR,ERR,ERR,ERR,ERR,ERR,ERR,ERR,ERR,ERR,ERR,ERR,ERR,ERR,ERR,ERR,ERR,ERR,ERR,ERR,ERR,ERR,ERR,ERR,ERR,ERR,ERR,ERR,ERR,ERR,ERR,ERR,ERR,ERR,ERR,ERR,ERR,ERR,ERR,ERR,ERR,ERR,ERR,ERR,ERR,ERR,ERR,ERR,ERR,ERR,ERR,ERR,ERR,ERR,ERR,ERR,ERR,ERR,ERR,50.0,60.0,100,0.0,0.0,0.0,0.0,0.0,0.0,0.0,0.0,0.0,0.0,0.0,0.0,0.0,0.0,0.0,0.0,61.6,77,11,65508,50,65476,0,300,0,0,8,20529,65476,0,0,26214,60.0,0.0,0.0,0.0,0.0,0.0
2026-05-17T16:49:17,ERR,ERR,ERR,ERR,ERR,ERR,ERR,ERR,ERR,ERR,ERR,ERR,ERR,ERR,ERR,ERR,ERR,ERR,ERR,ERR,ERR,ERR,ERR,ERR,ERR,ERR,ERR,ERR,ERR,ERR,ERR,ERR,ERR,ERR,ERR,ERR,ERR,ERR,ERR,ERR,ERR,ERR,ERR,ERR,ERR,ERR,ERR,ERR,ERR,ERR,ERR,ERR,ERR,ERR,ERR,ERR,ERR,ERR,ERR,ERR,ERR,ERR,ERR,ERR,ERR,ERR,ERR,ERR,ERR,ERR,ERR,ERR,ERR,ERR,ERR,ERR,ERR,ERR,ERR,ERR,ERR,ERR,ERR,ERR,ERR,ERR,ERR,ERR,ERR,ERR,ERR,ERR,ERR,ERR,ERR,ERR,ERR,ERR,ERR,ERR,ERR,ERR,ERR,ERR,ERR,ERR,ERR,ERR,ERR,ERR,ERR,ERR,ERR,ERR,ERR,ERR,ERR,ERR,ERR,ERR,ERR,ERR,ERR,ERR,ERR,0.0,0.0,-134474944.0,0.0,0.0,1.3936040501711995e+18,7.805,0.0,0,0,4,0,8422,0.0,45,0.0,0.0,0.0,0.0,0.0,0,0,0,0,0.0,0,0,0,0,0,0,0,0,0,0,0,0,0,0,0,0,0,0,0,0,0,0,0,0,0,0,0,0,0,0,0,0,0,38,14,7,45,65476,0,300,0,0,8,21553,0.0,-107605600.0,0.0,0.0,0.0,0.0,0.0,0.0,0.0,0.0,0.0,0.0,0.0,0.0,0.0,0.0,0.0,0.0,0.0,0.0,0.0,0.0,0.0,0.0,-2.004,2.004,0.0,0.0,0.0,0.0,4979.0,-0.0,0.0,0.0,0.0,0.0,-107615304.0,0.0,0.0,0.0,0.0,53,4.950428597886765e+32,0.0,0.0,0.0,0.0,0.0,0.0,0.0,0.0,0,0,0,0.0,0.0,0.0,0.0,0.0,0.0,0.0,0.0,0.0,0.0,0.0,0.0,0.0,0.0,0.0,0.0,0,-107875648.0,53,0.0,106,-107614832.0,2.7006707062415038e+23,ERR,ERR,ERR,ERR,ERR,ERR,ERR,ERR,ERR,ERR,ERR,ERR,ERR,ERR,ERR,ERR,ERR,ERR,ERR,ERR,ERR,ERR,ERR,ERR,ERR,ERR,ERR,ERR,ERR,ERR,ERR,ERR,ERR,ERR,ERR,ERR,ERR,ERR,ERR,ERR,ERR,ERR,ERR,ERR,ERR,ERR,ERR,ERR,ERR,ERR,ERR,ERR,ERR,ERR,ERR,ERR,ERR,ERR,ERR,ERR,ERR,ERR,ERR,ERR,ERR,ERR,ERR,50.0,60.0,100,0.0,0.0,0.0,0.0,0.0,0.0,0.0,0.0,0.0,0.0,0.0,0.0,0.0,0.0,0.0,0.0,61.6,77,11,65508,50,65476,0,300,0,0,8,20529,65476,0,0,26214,60.0,0.0,0.0,0.0,0.0,0.0
2026-05-17T16:49:18,ERR,ERR,ERR,ERR,ERR,ERR,ERR,ERR,ERR,ERR,ERR,ERR,ERR,ERR,ERR,ERR,ERR,ERR,ERR,ERR,ERR,ERR,ERR,ERR,ERR,ERR,ERR,ERR,ERR,ERR,ERR,ERR,ERR,ERR,ERR,ERR,ERR,ERR,ERR,ERR,ERR,ERR,ERR,ERR,ERR,ERR,ERR,ERR,ERR,ERR,ERR,ERR,ERR,ERR,ERR,ERR,ERR,ERR,ERR,ERR,ERR,ERR,ERR,ERR,ERR,ERR,ERR,ERR,ERR,ERR,ERR,ERR,ERR,ERR,ERR,ERR,ERR,ERR,ERR,ERR,ERR,ERR,ERR,ERR,ERR,ERR,ERR,ERR,ERR,ERR,ERR,ERR,ERR,ERR,ERR,ERR,ERR,ERR,ERR,ERR,ERR,ERR,ERR,ERR,ERR,ERR,ERR,ERR,ERR,ERR,ERR,ERR,ERR,ERR,ERR,ERR,ERR,ERR,ERR,ERR,ERR,ERR,ERR,ERR,ERR,0.0,0.0,-134474944.0,0.0,0.0,1.3936040501711995e+18,7.805,0.0,0,0,4,0,8422,0.0,45,0.0,0.0,0.0,0.0,0.0,0,0,0,0,0.0,0,0,0,0,0,0,0,0,0,0,0,0,0,0,0,0,0,0,0,0,0,0,0,0,0,0,0,0,0,0,0,0,0,38,14,7,45,65476,0,300,0,0,8,21553,0.0,-107605600.0,0.0,0.0,0.0,0.0,0.0,0.0,0.0,0.0,0.0,0.0,0.0,0.0,0.0,0.0,0.0,0.0,0.0,0.0,0.0,0.0,0.0,0.0,-2.004,2.004,0.0,0.0,0.0,0.0,4979.0,-0.0,0.0,0.0,0.0,0.0,-107615304.0,0.0,0.0,0.0,0.0,53,4.950428597886765e+32,0.0,0.0,0.0,0.0,0.0,0.0,0.0,0.0,0,0,0,0.0,0.0,0.0,0.0,0.0,0.0,0.0,0.0,0.0,0.0,0.0,0.0,0.0,0.0,0.0,0.0,0,-107875648.0,53,0.0,106,-107614832.0,2.7006707062415038e+23,ERR,ERR,ERR,ERR,ERR,ERR,ERR,ERR,ERR,ERR,ERR,ERR,ERR,ERR,ERR,ERR,ERR,ERR,ERR,ERR,ERR,ERR,ERR,ERR,ERR,ERR,ERR,ERR,ERR,ERR,ERR,ERR,ERR,ERR,ERR,ERR,ERR,ERR,ERR,ERR,ERR,ERR,ERR,ERR,ERR,ERR,ERR,ERR,ERR,ERR,ERR,ERR,ERR,ERR,ERR,ERR,ERR,ERR,ERR,ERR,ERR,ERR,ERR,ERR,ERR,ERR,ERR,50.0,60.0,100,0.0,0.0,0.0,0.0,0.0,0.0,0.0,0.0,0.0,0.0,0.0,0.0,0.0,0.0,0.0,0.0,61.6,77,11,65508,50,65476,0,300,0,0,8,20529,65476,0,0,26214,60.0,0.0,0.0,0.0,0.0,0.0
2026-05-17T16:49:19,ERR,ERR,ERR,ERR,ERR,ERR,ERR,ERR,ERR,ERR,ERR,ERR,ERR,ERR,ERR,ERR,ERR,ERR,ERR,ERR,ERR,ERR,ERR,ERR,ERR,ERR,ERR,ERR,ERR,ERR,ERR,ERR,ERR,ERR,ERR,ERR,ERR,ERR,ERR,ERR,ERR,ERR,ERR,ERR,ERR,ERR,ERR,ERR,ERR,ERR,ERR,ERR,ERR,ERR,ERR,ERR,ERR,ERR,ERR,ERR,ERR,ERR,ERR,ERR,ERR,ERR,ERR,ERR,ERR,ERR,ERR,ERR,ERR,ERR,ERR,ERR,ERR,ERR,ERR,ERR,ERR,ERR,ERR,ERR,ERR,ERR,ERR,ERR,ERR,ERR,ERR,ERR,ERR,ERR,ERR,ERR,ERR,ERR,ERR,ERR,ERR,ERR,ERR,ERR,ERR,ERR,ERR,ERR,ERR,ERR,ERR,ERR,ERR,ERR,ERR,ERR,ERR,ERR,ERR,ERR,ERR,ERR,ERR,ERR,ERR,0.0,0.0,-134474944.0,0.0,0.0,1.3936040501711995e+18,7.805,0.0,0,0,4,0,8422,0.0,45,0.0,0.0,0.0,0.0,0.0,0,0,0,0,0.0,0,0,0,0,0,0,0,0,0,0,0,0,0,0,0,0,0,0,0,0,0,0,0,0,0,0,0,0,0,0,0,0,0,38,14,7,45,65476,0,300,0,0,8,21553,0.0,-107605600.0,0.0,0.0,0.0,0.0,0.0,0.0,0.0,0.0,0.0,0.0,0.0,0.0,0.0,0.0,0.0,0.0,0.0,0.0,0.0,0.0,0.0,0.0,-2.004,2.004,0.0,0.0,0.0,0.0,4979.0,-0.0,0.0,0.0,0.0,0.0,-107615304.0,0.0,0.0,0.0,0.0,53,4.950428597886765e+32,0.0,0.0,0.0,0.0,0.0,0.0,0.0,0.0,0,0,0,0.0,0.0,0.0,0.0,0.0,0.0,0.0,0.0,0.0,0.0,0.0,0.0,0.0,0.0,0.0,0.0,0,-107875648.0,53,0.0,106,-107614832.0,2.7006707062415038e+23,ERR,ERR,ERR,ERR,ERR,ERR,ERR,ERR,ERR,ERR,ERR,ERR,ERR,ERR,ERR,ERR,ERR,ERR,ERR,ERR,ERR,ERR,ERR,ERR,ERR,ERR,ERR,ERR,ERR,ERR,ERR,ERR,ERR,ERR,ERR,ERR,ERR,ERR,ERR,ERR,ERR,ERR,ERR,ERR,ERR,ERR,ERR,ERR,ERR,ERR,ERR,ERR,ERR,ERR,ERR,ERR,ERR,ERR,ERR,ERR,ERR,ERR,ERR,ERR,ERR,ERR,ERR,50.0,60.0,100,0.0,0.0,0.0,0.0,0.0,0.0,0.0,0.0,0.0,0.0,0.0,0.0,0.0,0.0,0.0,0.0,62.0,77,11,65508,50,65476,0,300,0,0,8,20529,65476,0,0,26214,60.0,0.0,0.0,0.0,0.0,0.0
2026-05-17T16:49:20,ERR,ERR,ERR,ERR,ERR,ERR,ERR,ERR,ERR,ERR,ERR,ERR,ERR,ERR,ERR,ERR,ERR,ERR,ERR,ERR,ERR,ERR,ERR,ERR,ERR,ERR,ERR,ERR,ERR,ERR,ERR,ERR,ERR,ERR,ERR,ERR,ERR,ERR,ERR,ERR,ERR,ERR,ERR,ERR,ERR,ERR,ERR,ERR,ERR,ERR,ERR,ERR,ERR,ERR,ERR,ERR,ERR,ERR,ERR,ERR,ERR,ERR,ERR,ERR,ERR,ERR,ERR,ERR,ERR,ERR,ERR,ERR,ERR,ERR,ERR,ERR,ERR,ERR,ERR,ERR,ERR,ERR,ERR,ERR,ERR,ERR,ERR,ERR,ERR,ERR,ERR,ERR,ERR,ERR,ERR,ERR,ERR,ERR,ERR,ERR,ERR,ERR,ERR,ERR,ERR,ERR,ERR,ERR,ERR,ERR,ERR,ERR,ERR,ERR,ERR,ERR,ERR,ERR,ERR,ERR,ERR,ERR,ERR,ERR,ERR,0.0,0.0,-134474944.0,0.0,0.0,1.3936040501711995e+18,7.805,0.0,0,0,4,0,8422,0.0,45,0.0,0.0,0.0,0.0,0.0,0,0,0,0,0.0,0,0,0,0,0,0,0,0,0,0,0,0,0,0,0,0,0,0,0,0,0,0,0,0,0,0,0,0,0,0,0,0,0,38,14,7,45,65476,0,300,0,0,8,21553,0.0,-107605600.0,0.0,0.0,0.0,0.0,0.0,0.0,0.0,0.0,0.0,0.0,0.0,0.0,0.0,0.0,0.0,0.0,0.0,0.0,0.0,0.0,0.0,0.0,-2.004,2.004,0.0,0.0,0.0,0.0,4979.0,-0.0,0.0,0.0,0.0,0.0,-107615304.0,0.0,0.0,0.0,0.0,53,4.950428597886765e+32,0.0,0.0,0.0,0.0,0.0,0.0,0.0,0.0,0,0,0,0.0,0.0,0.0,0.0,0.0,0.0,0.0,0.0,0.0,0.0,0.0,0.0,0.0,0.0,0.0,0.0,0,-107875648.0,53,0.0,106,-107614832.0,2.7006707062415038e+23,ERR,ERR,ERR,ERR,ERR,ERR,ERR,ERR,ERR,ERR,ERR,ERR,ERR,ERR,ERR,ERR,ERR,ERR,ERR,ERR,ERR,ERR,ERR,ERR,ERR,ERR,ERR,ERR,ERR,ERR,ERR,ERR,ERR,ERR,ERR,ERR,ERR,ERR,ERR,ERR,ERR,ERR,ERR,ERR,ERR,ERR,ERR,ERR,ERR,ERR,ERR,ERR,ERR,ERR,ERR,ERR,ERR,ERR,ERR,ERR,ERR,ERR,ERR,ERR,ERR,ERR,ERR,50.0,60.0,100,0.0,0.0,0.0,0.0,0.0,0.0,0.0,0.0,0.0,0.0,0.0,0.0,0.0,0.0,0.0,0.0,61.6,77,11,65508,50,65476,0,300,0,0,8,20529,65476,0,0,26214,60.0,0.0,0.0,0.0,0.0,0.0
2026-05-17T16:49:21,ERR,ERR,ERR,ERR,ERR,ERR,ERR,ERR,ERR,ERR,ERR,ERR,ERR,ERR,ERR,ERR,ERR,ERR,ERR,ERR,ERR,ERR,ERR,ERR,ERR,ERR,ERR,ERR,ERR,ERR,ERR,ERR,ERR,ERR,ERR,ERR,ERR,ERR,ERR,ERR,ERR,ERR,ERR,ERR,ERR,ERR,ERR,ERR,ERR,ERR,ERR,ERR,ERR,ERR,ERR,ERR,ERR,ERR,ERR,ERR,ERR,ERR,ERR,ERR,ERR,ERR,ERR,ERR,ERR,ERR,ERR,ERR,ERR,ERR,ERR,ERR,ERR,ERR,ERR,ERR,ERR,ERR,ERR,ERR,ERR,ERR,ERR,ERR,ERR,ERR,ERR,ERR,ERR,ERR,ERR,ERR,ERR,ERR,ERR,ERR,ERR,ERR,ERR,ERR,ERR,ERR,ERR,ERR,ERR,ERR,ERR,ERR,ERR,ERR,ERR,ERR,ERR,ERR,ERR,ERR,ERR,ERR,ERR,ERR,ERR,0.0,0.0,-134474944.0,0.0,0.0,1.3936040501711995e+18,7.805,0.0,0,0,4,0,8422,0.0,45,0.0,0.0,0.0,0.0,0.0,0,0,0,0,0.0,0,0,0,0,0,0,0,0,0,0,0,0,0,0,0,0,0,0,0,0,0,0,0,0,0,0,0,0,0,0,0,0,0,38,14,7,45,65476,0,300,0,0,8,21553,0.0,-107605600.0,0.0,0.0,0.0,0.0,0.0,0.0,0.0,0.0,0.0,0.0,0.0,0.0,0.0,0.0,0.0,0.0,0.0,0.0,0.0,0.0,0.0,0.0,-2.004,2.004,0.0,0.0,0.0,0.0,4979.0,-0.0,0.0,0.0,0.0,0.0,-107615304.0,0.0,0.0,0.0,0.0,53,4.950428597886765e+32,0.0,0.0,0.0,0.0,0.0,0.0,0.0,0.0,0,0,0,0.0,0.0,0.0,0.0,0.0,0.0,0.0,0.0,0.0,0.0,0.0,0.0,0.0,0.0,0.0,0.0,0,-107875648.0,53,0.0,106,-107614832.0,2.7006707062415038e+23,ERR,ERR,ERR,ERR,ERR,ERR,ERR,ERR,ERR,ERR,ERR,ERR,ERR,ERR,ERR,ERR,ERR,ERR,ERR,ERR,ERR,ERR,ERR,ERR,ERR,ERR,ERR,ERR,ERR,ERR,ERR,ERR,ERR,ERR,ERR,ERR,ERR,ERR,ERR,ERR,ERR,ERR,ERR,ERR,ERR,ERR,ERR,ERR,ERR,ERR,ERR,ERR,ERR,ERR,ERR,ERR,ERR,ERR,ERR,ERR,ERR,ERR,ERR,ERR,ERR,ERR,ERR,50.0,60.0,100,0.0,0.0,0.0,0.0,0.0,0.0,0.0,0.0,0.0,0.0,0.0,0.0,0.0,0.0,0.0,0.0,61.6,77,11,65508,50,65476,0,300,0,0,8,20529,65476,0,0,26214,60.0,0.0,0.0,0.0,0.0,0.0
2026-05-17T16:49:22,ERR,ERR,ERR,ERR,ERR,ERR,ERR,ERR,ERR,ERR,ERR,ERR,ERR,ERR,ERR,ERR,ERR,ERR,ERR,ERR,ERR,ERR,ERR,ERR,ERR,ERR,ERR,ERR,ERR,ERR,ERR,ERR,ERR,ERR,ERR,ERR,ERR,ERR,ERR,ERR,ERR,ERR,ERR,ERR,ERR,ERR,ERR,ERR,ERR,ERR,ERR,ERR,ERR,ERR,ERR,ERR,ERR,ERR,ERR,ERR,ERR,ERR,ERR,ERR,ERR,ERR,ERR,ERR,ERR,ERR,ERR,ERR,ERR,ERR,ERR,ERR,ERR,ERR,ERR,ERR,ERR,ERR,ERR,ERR,ERR,ERR,ERR,ERR,ERR,ERR,ERR,ERR,ERR,ERR,ERR,ERR,ERR,ERR,ERR,ERR,ERR,ERR,ERR,ERR,ERR,ERR,ERR,ERR,ERR,ERR,ERR,ERR,ERR,ERR,ERR,ERR,ERR,ERR,ERR,ERR,ERR,ERR,ERR,ERR,ERR,0.0,0.0,-134474944.0,0.0,0.0,1.3936040501711995e+18,7.805,0.0,0,0,4,0,8422,0.0,45,0.0,0.0,0.0,0.0,0.0,0,0,0,0,0.0,0,0,0,0,0,0,0,0,0,0,0,0,0,0,0,0,0,0,0,0,0,0,0,0,0,0,0,0,0,0,0,0,0,38,14,7,45,65476,0,300,0,0,8,21553,0.0,-107605600.0,0.0,0.0,0.0,0.0,0.0,0.0,0.0,0.0,0.0,0.0,0.0,0.0,0.0,0.0,0.0,0.0,0.0,0.0,0.0,0.0,0.0,0.0,-2.004,2.004,0.0,0.0,0.0,0.0,5012.0,564145833377792.0,0.0,0.0,0.0,0.0,-107615304.0,0.0,0.0,0.0,0.0,53,5.848083413016271e+35,0.0,0.0,0.0,0.0,0.0,0.0,0.0,0.0,0,0,0,0.0,0.0,0.0,0.0,0.0,0.0,0.0,0.0,0.0,0.0,0.0,0.0,0.0,0.0,0.0,0.0,0,-107875648.0,53,0.0,106,-107614832.0,2.7006707062415038e+23,ERR,ERR,ERR,ERR,ERR,ERR,ERR,ERR,ERR,ERR,ERR,ERR,ERR,ERR,ERR,ERR,ERR,ERR,ERR,ERR,ERR,ERR,ERR,ERR,ERR,ERR,ERR,ERR,ERR,ERR,ERR,ERR,ERR,ERR,ERR,ERR,ERR,ERR,ERR,ERR,ERR,ERR,ERR,ERR,ERR,ERR,ERR,ERR,ERR,ERR,ERR,ERR,ERR,ERR,ERR,ERR,ERR,ERR,ERR,ERR,ERR,ERR,ERR,ERR,ERR,ERR,ERR,50.0,60.0,100,0.0,0.0,0.0,0.0,0.0,0.0,0.0,0.0,0.0,0.0,0.0,0.0,0.0,0.0,0.0,0.0,61.6,77,11,65508,50,65476,0,300,0,0,8,20529,65476,0,0,26214,60.0,0.0,0.0,0.0,0.0,0.0
2026-05-17T16:49:23,ERR,ERR,ERR,ERR,ERR,ERR,ERR,ERR,ERR,ERR,ERR,ERR,ERR,ERR,ERR,ERR,ERR,ERR,ERR,ERR,ERR,ERR,ERR,ERR,ERR,ERR,ERR,ERR,ERR,ERR,ERR,ERR,ERR,ERR,ERR,ERR,ERR,ERR,ERR,ERR,ERR,ERR,ERR,ERR,ERR,ERR,ERR,ERR,ERR,ERR,ERR,ERR,ERR,ERR,ERR,ERR,ERR,ERR,ERR,ERR,ERR,ERR,ERR,ERR,ERR,ERR,ERR,ERR,ERR,ERR,ERR,ERR,ERR,ERR,ERR,ERR,ERR,ERR,ERR,ERR,ERR,ERR,ERR,ERR,ERR,ERR,ERR,ERR,ERR,ERR,ERR,ERR,ERR,ERR,ERR,ERR,ERR,ERR,ERR,ERR,ERR,ERR,ERR,ERR,ERR,ERR,ERR,ERR,ERR,ERR,ERR,ERR,ERR,ERR,ERR,ERR,ERR,ERR,ERR,ERR,ERR,ERR,ERR,ERR,ERR,0.0,0.0,-134474944.0,0.0,0.0,1.3936040501711995e+18,7.805,0.0,0,0,4,0,8422,0.0,45,0.0,0.0,0.0,0.0,0.0,0,0,0,0,0.0,0,0,0,0,0,0,0,0,0,0,0,0,0,0,0,0,0,0,0,0,0,0,0,0,0,0,0,0,0,0,0,0,0,38,14,7,45,65476,0,300,0,0,8,21553,0.0,-107605600.0,0.0,0.0,0.0,0.0,0.0,0.0,0.0,0.0,0.0,0.0,0.0,0.0,0.0,0.0,0.0,0.0,0.0,0.0,0.0,0.0,0.0,0.0,-2.004,2.004,0.0,0.0,0.0,0.0,5012.0,564145833377792.0,0.0,0.0,0.0,0.0,-107615304.0,0.0,0.0,0.0,0.0,53,5.848083413016271e+35,0.0,0.0,0.0,0.0,0.0,0.0,0.0,0.0,0,0,0,0.0,0.0,0.0,0.0,0.0,0.0,0.0,0.0,0.0,0.0,0.0,0.0,0.0,0.0,0.0,0.0,0,-107875648.0,53,0.0,106,-107614832.0,2.7006707062415038e+23,ERR,ERR,ERR,ERR,ERR,ERR,ERR,ERR,ERR,ERR,ERR,ERR,ERR,ERR,ERR,ERR,ERR,ERR,ERR,ERR,ERR,ERR,ERR,ERR,ERR,ERR,ERR,ERR,ERR,ERR,ERR,ERR,ERR,ERR,ERR,ERR,ERR,ERR,ERR,ERR,ERR,ERR,ERR,ERR,ERR,ERR,ERR,ERR,ERR,ERR,ERR,ERR,ERR,ERR,ERR,ERR,ERR,ERR,ERR,ERR,ERR,ERR,ERR,ERR,ERR,ERR,ERR,50.0,60.0,100,0.0,0.0,0.0,0.0,0.0,0.0,0.0,0.0,0.0,0.0,0.0,0.0,0.0,0.0,0.0,0.0,61.6,77,11,65508,50,65476,0,300,0,0,8,20529,65476,0,0,26214,60.0,0.0,0.0,0.0,0.0,0.0
2026-05-17T16:49:24,ERR,ERR,ERR,ERR,ERR,ERR,ERR,ERR,ERR,ERR,ERR,ERR,ERR,ERR,ERR,ERR,ERR,ERR,ERR,ERR,ERR,ERR,ERR,ERR,ERR,ERR,ERR,ERR,ERR,ERR,ERR,ERR,ERR,ERR,ERR,ERR,ERR,ERR,ERR,ERR,ERR,ERR,ERR,ERR,ERR,ERR,ERR,ERR,ERR,ERR,ERR,ERR,ERR,ERR,ERR,ERR,ERR,ERR,ERR,ERR,ERR,ERR,ERR,ERR,ERR,ERR,ERR,ERR,ERR,ERR,ERR,ERR,ERR,ERR,ERR,ERR,ERR,ERR,ERR,ERR,ERR,ERR,ERR,ERR,ERR,ERR,ERR,ERR,ERR,ERR,ERR,ERR,ERR,ERR,ERR,ERR,ERR,ERR,ERR,ERR,ERR,ERR,ERR,ERR,ERR,ERR,ERR,ERR,ERR,ERR,ERR,ERR,ERR,ERR,ERR,ERR,ERR,ERR,ERR,ERR,ERR,ERR,ERR,ERR,ERR,0.0,0.0,-134474944.0,0.0,0.0,1.3936040501711995e+18,7.805,0.0,0,0,4,0,8422,0.0,45,0.0,0.0,0.0,0.0,0.0,0,0,0,0,0.0,0,0,0,0,0,0,0,0,0,0,0,0,0,0,0,0,0,0,0,0,0,0,0,0,0,0,0,0,0,0,0,0,0,38,14,7,45,65476,0,300,0,0,8,21553,0.0,-107605600.0,0.0,0.0,0.0,0.0,0.0,0.0,0.0,0.0,0.0,0.0,0.0,0.0,0.0,0.0,0.0,0.0,0.0,0.0,0.0,0.0,0.0,0.0,-2.004,2.004,0.0,0.0,0.0,0.0,5012.0,564145833377792.0,0.0,0.0,0.0,0.0,-107615304.0,0.0,0.0,0.0,0.0,53,5.848083413016271e+35,0.0,0.0,0.0,0.0,0.0,0.0,0.0,0.0,0,0,0,0.0,0.0,0.0,0.0,0.0,0.0,0.0,0.0,0.0,0.0,0.0,0.0,0.0,0.0,0.0,0.0,0,-107875648.0,53,0.0,106,-107614832.0,2.7006707062415038e+23,ERR,ERR,ERR,ERR,ERR,ERR,ERR,ERR,ERR,ERR,ERR,ERR,ERR,ERR,ERR,ERR,ERR,ERR,ERR,ERR,ERR,ERR,ERR,ERR,ERR,ERR,ERR,ERR,ERR,ERR,ERR,ERR,ERR,ERR,ERR,ERR,ERR,ERR,ERR,ERR,ERR,ERR,ERR,ERR,ERR,ERR,ERR,ERR,ERR,ERR,ERR,ERR,ERR,ERR,ERR,ERR,ERR,ERR,ERR,ERR,ERR,ERR,ERR,ERR,ERR,ERR,ERR,50.0,60.0,100,0.0,0.0,0.0,0.0,0.0,0.0,0.0,0.0,0.0,0.0,0.0,0.0,0.0,0.0,0.0,0.0,61.6,77,11,65508,50,65476,0,300,0,0,8,20529,65476,0,0,26214,60.0,0.0,0.0,0.0,0.0,0.0
2026-05-17T16:49:25,ERR,ERR,ERR,ERR,ERR,ERR,ERR,ERR,ERR,ERR,ERR,ERR,ERR,ERR,ERR,ERR,ERR,ERR,ERR,ERR,ERR,ERR,ERR,ERR,ERR,ERR,ERR,ERR,ERR,ERR,ERR,ERR,ERR,ERR,ERR,ERR,ERR,ERR,ERR,ERR,ERR,ERR,ERR,ERR,ERR,ERR,ERR,ERR,ERR,ERR,ERR,ERR,ERR,ERR,ERR,ERR,ERR,ERR,ERR,ERR,ERR,ERR,ERR,ERR,ERR,ERR,ERR,ERR,ERR,ERR,ERR,ERR,ERR,ERR,ERR,ERR,ERR,ERR,ERR,ERR,ERR,ERR,ERR,ERR,ERR,ERR,ERR,ERR,ERR,ERR,ERR,ERR,ERR,ERR,ERR,ERR,ERR,ERR,ERR,ERR,ERR,ERR,ERR,ERR,ERR,ERR,ERR,ERR,ERR,ERR,ERR,ERR,ERR,ERR,ERR,ERR,ERR,ERR,ERR,ERR,ERR,ERR,ERR,ERR,ERR,0.0,0.0,-134474944.0,0.0,0.0,1.3936040501711995e+18,7.805,0.0,0,0,4,0,8422,0.0,45,0.0,0.0,0.0,0.0,0.0,0,0,0,0,0.0,0,0,0,0,0,0,0,0,0,0,0,0,0,0,0,0,0,0,0,0,0,0,0,0,0,0,0,0,0,0,0,0,0,38,14,7,45,65476,0,300,0,0,8,21553,0.0,-107605600.0,0.0,0.0,0.0,0.0,0.0,0.0,0.0,0.0,0.0,0.0,0.0,0.0,0.0,0.0,0.0,0.0,0.0,0.0,0.0,0.0,0.0,0.0,-2.004,2.004,0.0,0.0,0.0,0.0,5012.0,564145833377792.0,0.0,0.0,0.0,0.0,-107615304.0,0.0,0.0,0.0,0.0,53,5.848083413016271e+35,0.0,0.0,0.0,0.0,0.0,0.0,0.0,0.0,0,0,0,0.0,0.0,0.0,0.0,0.0,0.0,0.0,0.0,0.0,0.0,0.0,0.0,0.0,0.0,0.0,0.0,0,-107875648.0,53,0.0,106,-107614832.0,2.7006707062415038e+23,ERR,ERR,ERR,ERR,ERR,ERR,ERR,ERR,ERR,ERR,ERR,ERR,ERR,ERR,ERR,ERR,ERR,ERR,ERR,ERR,ERR,ERR,ERR,ERR,ERR,ERR,ERR,ERR,ERR,ERR,ERR,ERR,ERR,ERR,ERR,ERR,ERR,ERR,ERR,ERR,ERR,ERR,ERR,ERR,ERR,ERR,ERR,ERR,ERR,ERR,ERR,ERR,ERR,ERR,ERR,ERR,ERR,ERR,ERR,ERR,ERR,ERR,ERR,ERR,ERR,ERR,ERR,50.0,60.0,100,0.0,0.0,0.0,0.0,0.0,0.0,0.0,0.0,0.0,0.0,0.0,0.0,0.0,0.0,0.0,0.0,61.6,77,11,65508,50,65476,0,300,0,0,8,20529,65476,0,0,26214,60.0,0.0,0.0,0.0,0.0,0.0
2026-05-17T16:49:26,ERR,ERR,ERR,ERR,ERR,ERR,ERR,ERR,ERR,ERR,ERR,ERR,ERR,ERR,ERR,ERR,ERR,ERR,ERR,ERR,ERR,ERR,ERR,ERR,ERR,ERR,ERR,ERR,ERR,ERR,ERR,ERR,ERR,ERR,ERR,ERR,ERR,ERR,ERR,ERR,ERR,ERR,ERR,ERR,ERR,ERR,ERR,ERR,ERR,ERR,ERR,ERR,ERR,ERR,ERR,ERR,ERR,ERR,ERR,ERR,ERR,ERR,ERR,ERR,ERR,ERR,ERR,ERR,ERR,ERR,ERR,ERR,ERR,ERR,ERR,ERR,ERR,ERR,ERR,ERR,ERR,ERR,ERR,ERR,ERR,ERR,ERR,ERR,ERR,ERR,ERR,ERR,ERR,ERR,ERR,ERR,ERR,ERR,ERR,ERR,ERR,ERR,ERR,ERR,ERR,ERR,ERR,ERR,ERR,ERR,ERR,ERR,ERR,ERR,ERR,ERR,ERR,ERR,ERR,ERR,ERR,ERR,ERR,ERR,ERR,0.0,0.0,-134474944.0,0.0,0.0,1.3936040501711995e+18,7.805,0.0,0,0,4,0,8422,0.0,45,0.0,0.0,0.0,0.0,0.0,0,0,0,0,0.0,0,0,0,0,0,0,0,0,0,0,0,0,0,0,0,0,0,0,0,0,0,0,0,0,0,0,0,0,0,0,0,0,0,38,14,7,45,65476,0,300,0,0,8,21553,0.0,-107605600.0,0.0,0.0,0.0,0.0,0.0,0.0,0.0,0.0,0.0,0.0,0.0,0.0,0.0,0.0,0.0,0.0,0.0,0.0,0.0,0.0,0.0,0.0,-2.004,2.004,0.0,0.0,0.0,0.0,5012.0,564145833377792.0,0.0,0.0,0.0,0.0,-107615304.0,0.0,0.0,0.0,0.0,53,5.848083413016271e+35,0.0,0.0,0.0,0.0,0.0,0.0,0.0,0.0,0,0,0,0.0,0.0,0.0,0.0,0.0,0.0,0.0,0.0,0.0,0.0,0.0,0.0,0.0,0.0,0.0,0.0,0,-107875648.0,53,0.0,106,-107614832.0,2.7006707062415038e+23,ERR,ERR,ERR,ERR,ERR,ERR,ERR,ERR,ERR,ERR,ERR,ERR,ERR,ERR,ERR,ERR,ERR,ERR,ERR,ERR,ERR,ERR,ERR,ERR,ERR,ERR,ERR,ERR,ERR,ERR,ERR,ERR,ERR,ERR,ERR,ERR,ERR,ERR,ERR,ERR,ERR,ERR,ERR,ERR,ERR,ERR,ERR,ERR,ERR,ERR,ERR,ERR,ERR,ERR,ERR,ERR,ERR,ERR,ERR,ERR,ERR,ERR,ERR,ERR,ERR,ERR,ERR,50.0,60.0,100,0.0,0.0,0.0,0.0,0.0,0.0,0.0,0.0,0.0,0.0,0.0,0.0,0.0,0.0,0.0,0.0,61.6,77,11,65508,50,65476,0,300,0,0,8,20529,65476,0,0,26214,60.0,0.0,0.0,0.0,0.0,0.0
2026-05-17T16:49:27,ERR,ERR,ERR,ERR,ERR,ERR,ERR,ERR,ERR,ERR,ERR,ERR,ERR,ERR,ERR,ERR,ERR,ERR,ERR,ERR,ERR,ERR,ERR,ERR,ERR,ERR,ERR,ERR,ERR,ERR,ERR,ERR,ERR,ERR,ERR,ERR,ERR,ERR,ERR,ERR,ERR,ERR,ERR,ERR,ERR,ERR,ERR,ERR,ERR,ERR,ERR,ERR,ERR,ERR,ERR,ERR,ERR,ERR,ERR,ERR,ERR,ERR,ERR,ERR,ERR,ERR,ERR,ERR,ERR,ERR,ERR,ERR,ERR,ERR,ERR,ERR,ERR,ERR,ERR,ERR,ERR,ERR,ERR,ERR,ERR,ERR,ERR,ERR,ERR,ERR,ERR,ERR,ERR,ERR,ERR,ERR,ERR,ERR,ERR,ERR,ERR,ERR,ERR,ERR,ERR,ERR,ERR,ERR,ERR,ERR,ERR,ERR,ERR,ERR,ERR,ERR,ERR,ERR,ERR,ERR,ERR,ERR,ERR,ERR,ERR,0.0,0.0,-134474944.0,0.0,0.0,1.3936040501711995e+18,7.805,0.0,0,0,4,0,8422,0.0,45,0.0,0.0,0.0,0.0,0.0,0,0,0,0,0.0,0,0,0,0,0,0,0,0,0,0,0,0,0,0,0,0,0,0,0,0,0,0,0,0,0,0,0,0,0,0,0,0,0,38,14,7,45,65476,0,300,0,0,8,21553,0.0,-107605600.0,0.0,0.0,0.0,0.0,0.0,0.0,0.0,0.0,0.0,0.0,0.0,0.0,0.0,0.0,0.0,0.0,0.0,0.0,0.0,0.0,0.0,0.0,-2.004,2.004,0.0,0.0,0.0,0.0,5013.0,-0.0,0.0,0.0,0.0,0.0,-107615304.0,0.0,0.0,0.0,0.0,53,-0.0,126840537088.0,0.0,0.0,0.0,0.0,0.0,0.0,0.0,0,0,0,0.0,0.0,0.0,0.0,0.0,0.0,0.0,0.0,0.0,0.0,0.0,0.0,0.0,0.0,0.0,0.0,0,-107875648.0,53,0.0,106,-107614832.0,2.7006707062415038e+23,ERR,ERR,ERR,ERR,ERR,ERR,ERR,ERR,ERR,ERR,ERR,ERR,ERR,ERR,ERR,ERR,ERR,ERR,ERR,ERR,ERR,ERR,ERR,ERR,ERR,ERR,ERR,ERR,ERR,ERR,ERR,ERR,ERR,ERR,ERR,ERR,ERR,ERR,ERR,ERR,ERR,ERR,ERR,ERR,ERR,ERR,ERR,ERR,ERR,ERR,ERR,ERR,ERR,ERR,ERR,ERR,ERR,ERR,ERR,ERR,ERR,ERR,ERR,ERR,ERR,ERR,ERR,50.0,60.0,100,0.0,0.0,0.0,0.0,0.0,0.0,0.0,0.0,0.0,0.0,0.0,0.0,0.0,0.0,0.0,0.0,61.6,77,11,65508,50,65476,0,300,0,0,8,20529,65476,0,0,26214,60.0,0.0,0.0,0.0,0.0,0.0
2026-05-17T16:49:28,ERR,ERR,ERR,ERR,ERR,ERR,ERR,ERR,ERR,ERR,ERR,ERR,ERR,ERR,ERR,ERR,ERR,ERR,ERR,ERR,ERR,ERR,ERR,ERR,ERR,ERR,ERR,ERR,ERR,ERR,ERR,ERR,ERR,ERR,ERR,ERR,ERR,ERR,ERR,ERR,ERR,ERR,ERR,ERR,ERR,ERR,ERR,ERR,ERR,ERR,ERR,ERR,ERR,ERR,ERR,ERR,ERR,ERR,ERR,ERR,ERR,ERR,ERR,ERR,ERR,ERR,ERR,ERR,ERR,ERR,ERR,ERR,ERR,ERR,ERR,ERR,ERR,ERR,ERR,ERR,ERR,ERR,ERR,ERR,ERR,ERR,ERR,ERR,ERR,ERR,ERR,ERR,ERR,ERR,ERR,ERR,ERR,ERR,ERR,ERR,ERR,ERR,ERR,ERR,ERR,ERR,ERR,ERR,ERR,ERR,ERR,ERR,ERR,ERR,ERR,ERR,ERR,ERR,ERR,ERR,ERR,ERR,ERR,ERR,ERR,0.0,0.0,-134474944.0,0.0,0.0,1.3936040501711995e+18,7.805,0.0,0,0,4,0,8422,0.0,45,0.0,0.0,0.0,0.0,0.0,0,0,0,0,0.0,0,0,0,0,0,0,0,0,0,0,0,0,0,0,0,0,0,0,0,0,0,0,0,0,0,0,0,0,0,0,0,0,0,38,14,7,45,65476,0,300,0,0,8,21553,0.0,-107605600.0,0.0,0.0,0.0,0.0,0.0,0.0,0.0,0.0,0.0,0.0,0.0,0.0,0.0,0.0,0.0,0.0,0.0,0.0,0.0,0.0,0.0,0.0,-2.004,2.004,0.0,0.0,0.0,0.0,5013.0,-0.0,0.0,0.0,0.0,0.0,-107615304.0,0.0,0.0,0.0,0.0,53,-0.0,126840537088.0,0.0,0.0,0.0,0.0,0.0,0.0,0.0,0,0,0,0.0,0.0,0.0,0.0,0.0,0.0,0.0,0.0,0.0,0.0,0.0,0.0,0.0,0.0,0.0,0.0,0,-107875648.0,53,0.0,106,-107614832.0,2.7006707062415038e+23,ERR,ERR,ERR,ERR,ERR,ERR,ERR,ERR,ERR,ERR,ERR,ERR,ERR,ERR,ERR,ERR,ERR,ERR,ERR,ERR,ERR,ERR,ERR,ERR,ERR,ERR,ERR,ERR,ERR,ERR,ERR,ERR,ERR,ERR,ERR,ERR,ERR,ERR,ERR,ERR,ERR,ERR,ERR,ERR,ERR,ERR,ERR,ERR,ERR,ERR,ERR,ERR,ERR,ERR,ERR,ERR,ERR,ERR,ERR,ERR,ERR,ERR,ERR,ERR,ERR,ERR,ERR,50.0,60.0,100,0.0,0.0,0.0,0.0,0.0,0.0,0.0,0.0,0.0,0.0,0.0,0.0,0.0,0.0,0.0,0.0,61.6,77,11,65508,50,65476,0,300,0,0,8,20529,65476,0,0,26214,60.0,0.0,0.0,0.0,0.0,0.0
2026-05-17T16:49:29,ERR,ERR,ERR,ERR,ERR,ERR,ERR,ERR,ERR,ERR,ERR,ERR,ERR,ERR,ERR,ERR,ERR,ERR,ERR,ERR,ERR,ERR,ERR,ERR,ERR,ERR,ERR,ERR,ERR,ERR,ERR,ERR,ERR,ERR,ERR,ERR,ERR,ERR,ERR,ERR,ERR,ERR,ERR,ERR,ERR,ERR,ERR,ERR,ERR,ERR,ERR,ERR,ERR,ERR,ERR,ERR,ERR,ERR,ERR,ERR,ERR,ERR,ERR,ERR,ERR,ERR,ERR,ERR,ERR,ERR,ERR,ERR,ERR,ERR,ERR,ERR,ERR,ERR,ERR,ERR,ERR,ERR,ERR,ERR,ERR,ERR,ERR,ERR,ERR,ERR,ERR,ERR,ERR,ERR,ERR,ERR,ERR,ERR,ERR,ERR,ERR,ERR,ERR,ERR,ERR,ERR,ERR,ERR,ERR,ERR,ERR,ERR,ERR,ERR,ERR,ERR,ERR,ERR,ERR,ERR,ERR,ERR,ERR,ERR,ERR,0.0,0.0,-134474944.0,0.0,0.0,1.3936040501711995e+18,7.805,0.0,0,0,4,0,8422,0.0,45,0.0,0.0,0.0,0.0,0.0,0,0,0,0,0.0,0,0,0,0,0,0,0,0,0,0,0,0,0,0,0,0,0,0,0,0,0,0,0,0,0,0,0,0,0,0,0,0,0,38,14,7,45,65476,0,300,0,0,8,21553,0.0,-107605600.0,0.0,0.0,0.0,0.0,0.0,0.0,0.0,0.0,0.0,0.0,0.0,0.0,0.0,0.0,0.0,0.0,0.0,0.0,0.0,0.0,0.0,0.0,-2.004,2.004,0.0,0.0,0.0,0.0,5013.0,-0.0,0.0,0.0,0.0,0.0,-107615304.0,0.0,0.0,0.0,0.0,53,-0.0,126840537088.0,0.0,0.0,0.0,0.0,0.0,0.0,0.0,0,0,0,0.0,0.0,0.0,0.0,0.0,0.0,0.0,0.0,0.0,0.0,0.0,0.0,0.0,0.0,0.0,0.0,0,-107875648.0,53,0.0,106,-107614832.0,2.7006707062415038e+23,ERR,ERR,ERR,ERR,ERR,ERR,ERR,ERR,ERR,ERR,ERR,ERR,ERR,ERR,ERR,ERR,ERR,ERR,ERR,ERR,ERR,ERR,ERR,ERR,ERR,ERR,ERR,ERR,ERR,ERR,ERR,ERR,ERR,ERR,ERR,ERR,ERR,ERR,ERR,ERR,ERR,ERR,ERR,ERR,ERR,ERR,ERR,ERR,ERR,ERR,ERR,ERR,ERR,ERR,ERR,ERR,ERR,ERR,ERR,ERR,ERR,ERR,ERR,ERR,ERR,ERR,ERR,50.0,60.0,100,0.0,0.0,0.0,0.0,0.0,0.0,0.0,0.0,0.0,0.0,0.0,0.0,0.0,0.0,0.0,0.0,61.6,77,11,65508,50,65476,0,300,0,0,8,20529,65476,0,0,26214,60.0,0.0,0.0,0.0,0.0,0.0
2026-05-17T16:49:30,ERR,ERR,ERR,ERR,ERR,ERR,ERR,ERR,ERR,ERR,ERR,ERR,ERR,ERR,ERR,ERR,ERR,ERR,ERR,ERR,ERR,ERR,ERR,ERR,ERR,ERR,ERR,ERR,ERR,ERR,ERR,ERR,ERR,ERR,ERR,ERR,ERR,ERR,ERR,ERR,ERR,ERR,ERR,ERR,ERR,ERR,ERR,ERR,ERR,ERR,ERR,ERR,ERR,ERR,ERR,ERR,ERR,ERR,ERR,ERR,ERR,ERR,ERR,ERR,ERR,ERR,ERR,ERR,ERR,ERR,ERR,ERR,ERR,ERR,ERR,ERR,ERR,ERR,ERR,ERR,ERR,ERR,ERR,ERR,ERR,ERR,ERR,ERR,ERR,ERR,ERR,ERR,ERR,ERR,ERR,ERR,ERR,ERR,ERR,ERR,ERR,ERR,ERR,ERR,ERR,ERR,ERR,ERR,ERR,ERR,ERR,ERR,ERR,ERR,ERR,ERR,ERR,ERR,ERR,ERR,ERR,ERR,ERR,ERR,ERR,0.0,0.0,-134474944.0,0.0,0.0,1.3936040501711995e+18,7.805,0.0,0,0,4,0,8422,0.0,45,0.0,0.0,0.0,0.0,0.0,0,0,0,0,0.0,0,0,0,0,0,0,0,0,0,0,0,0,0,0,0,0,0,0,0,0,0,0,0,0,0,0,0,0,0,0,0,0,0,38,14,7,45,65476,0,300,0,0,8,21553,0.0,-107605600.0,0.0,0.0,0.0,0.0,0.0,0.0,0.0,0.0,0.0,0.0,0.0,0.0,0.0,0.0,0.0,0.0,0.0,0.0,0.0,0.0,0.0,0.0,-2.004,2.004,0.0,0.0,0.0,0.0,5013.0,-0.0,0.0,0.0,0.0,0.0,-107615304.0,0.0,0.0,0.0,0.0,53,-0.0,126840537088.0,0.0,0.0,0.0,0.0,0.0,0.0,0.0,0,0,0,0.0,0.0,0.0,0.0,0.0,0.0,0.0,0.0,0.0,0.0,0.0,0.0,0.0,0.0,0.0,0.0,0,-107875648.0,53,0.0,106,-107614832.0,2.7006707062415038e+23,ERR,ERR,ERR,ERR,ERR,ERR,ERR,ERR,ERR,ERR,ERR,ERR,ERR,ERR,ERR,ERR,ERR,ERR,ERR,ERR,ERR,ERR,ERR,ERR,ERR,ERR,ERR,ERR,ERR,ERR,ERR,ERR,ERR,ERR,ERR,ERR,ERR,ERR,ERR,ERR,ERR,ERR,ERR,ERR,ERR,ERR,ERR,ERR,ERR,ERR,ERR,ERR,ERR,ERR,ERR,ERR,ERR,ERR,ERR,ERR,ERR,ERR,ERR,ERR,ERR,ERR,ERR,50.0,60.0,100,0.0,0.0,0.0,0.0,0.0,0.0,0.0,0.0,0.0,0.0,0.0,0.0,0.0,0.0,0.0,0.0,61.6,77,11,65508,50,65476,0,300,0,0,8,20529,65476,0,0,26214,60.0,0.0,0.0,0.0,0.0,0.0
2026-05-17T16:49:31,ERR,ERR,ERR,ERR,ERR,ERR,ERR,ERR,ERR,ERR,ERR,ERR,ERR,ERR,ERR,ERR,ERR,ERR,ERR,ERR,ERR,ERR,ERR,ERR,ERR,ERR,ERR,ERR,ERR,ERR,ERR,ERR,ERR,ERR,ERR,ERR,ERR,ERR,ERR,ERR,ERR,ERR,ERR,ERR,ERR,ERR,ERR,ERR,ERR,ERR,ERR,ERR,ERR,ERR,ERR,ERR,ERR,ERR,ERR,ERR,ERR,ERR,ERR,ERR,ERR,ERR,ERR,ERR,ERR,ERR,ERR,ERR,ERR,ERR,ERR,ERR,ERR,ERR,ERR,ERR,ERR,ERR,ERR,ERR,ERR,ERR,ERR,ERR,ERR,ERR,ERR,ERR,ERR,ERR,ERR,ERR,ERR,ERR,ERR,ERR,ERR,ERR,ERR,ERR,ERR,ERR,ERR,ERR,ERR,ERR,ERR,ERR,ERR,ERR,ERR,ERR,ERR,ERR,ERR,ERR,ERR,ERR,ERR,ERR,ERR,0.0,0.0,-134474944.0,0.0,0.0,1.3936040501711995e+18,7.805,0.0,0,0,4,0,8422,0.0,45,0.0,0.0,0.0,0.0,0.0,0,0,0,0,0.0,0,0,0,0,0,0,0,0,0,0,0,0,0,0,0,0,0,0,0,0,0,0,0,0,0,0,0,0,0,0,0,0,0,38,14,7,45,65476,0,300,0,0,8,21553,0.0,-107605600.0,0.0,0.0,0.0,0.0,0.0,0.0,0.0,0.0,0.0,0.0,0.0,0.0,0.0,0.0,0.0,0.0,0.0,0.0,0.0,0.0,0.0,0.0,-2.004,2.004,0.0,0.0,0.0,0.0,5013.0,-0.0,0.0,0.0,0.0,0.0,-107615304.0,0.0,0.0,0.0,0.0,53,-0.0,126840537088.0,0.0,0.0,0.0,0.0,0.0,0.0,0.0,0,0,0,0.0,0.0,0.0,0.0,0.0,0.0,0.0,0.0,0.0,0.0,0.0,0.0,0.0,0.0,0.0,0.0,0,-107875648.0,53,0.0,106,-107614832.0,2.7006707062415038e+23,ERR,ERR,ERR,ERR,ERR,ERR,ERR,ERR,ERR,ERR,ERR,ERR,ERR,ERR,ERR,ERR,ERR,ERR,ERR,ERR,ERR,ERR,ERR,ERR,ERR,ERR,ERR,ERR,ERR,ERR,ERR,ERR,ERR,ERR,ERR,ERR,ERR,ERR,ERR,ERR,ERR,ERR,ERR,ERR,ERR,ERR,ERR,ERR,ERR,ERR,ERR,ERR,ERR,ERR,ERR,ERR,ERR,ERR,ERR,ERR,ERR,ERR,ERR,ERR,ERR,ERR,ERR,50.0,60.0,100,0.0,0.0,0.0,0.0,0.0,0.0,0.0,0.0,0.0,0.0,0.0,0.0,0.0,0.0,0.0,0.0,61.6,77,11,65508,50,65476,0,300,0,0,8,20529,65476,0,0,26214,60.0,0.0,0.0,0.0,0.0,0.0
2026-05-17T16:49:32,ERR,ERR,ERR,ERR,ERR,ERR,ERR,ERR,ERR,ERR,ERR,ERR,ERR,ERR,ERR,ERR,ERR,ERR,ERR,ERR,ERR,ERR,ERR,ERR,ERR,ERR,ERR,ERR,ERR,ERR,ERR,ERR,ERR,ERR,ERR,ERR,ERR,ERR,ERR,ERR,ERR,ERR,ERR,ERR,ERR,ERR,ERR,ERR,ERR,ERR,ERR,ERR,ERR,ERR,ERR,ERR,ERR,ERR,ERR,ERR,ERR,ERR,ERR,ERR,ERR,ERR,ERR,ERR,ERR,ERR,ERR,ERR,ERR,ERR,ERR,ERR,ERR,ERR,ERR,ERR,ERR,ERR,ERR,ERR,ERR,ERR,ERR,ERR,ERR,ERR,ERR,ERR,ERR,ERR,ERR,ERR,ERR,ERR,ERR,ERR,ERR,ERR,ERR,ERR,ERR,ERR,ERR,ERR,ERR,ERR,ERR,ERR,ERR,ERR,ERR,ERR,ERR,ERR,ERR,ERR,ERR,ERR,ERR,ERR,ERR,0.0,0.0,-134474944.0,0.0,0.0,1.3936040501711995e+18,7.805,0.0,0,0,4,0,8422,0.0,45,0.0,0.0,0.0,0.0,0.0,0,0,0,0,0.0,0,0,0,0,0,0,0,0,0,0,0,0,0,0,0,0,0,0,0,0,0,0,0,0,0,0,0,0,0,0,0,0,0,38,14,7,45,65476,0,300,0,0,8,21553,0.0,-107605600.0,0.0,0.0,0.0,0.0,0.0,0.0,0.0,0.0,0.0,0.0,0.0,0.0,0.0,0.0,0.0,0.0,0.0,0.0,0.0,0.0,0.0,0.0,-2.004,2.004,0.0,0.0,0.0,0.0,5009.0,-2.422987904532282e+24,0.0,0.0,0.0,0.0,-107615304.0,0.0,0.0,0.0,0.0,53,3.222028592685471e+26,-152017280434176.0,0.0,0.0,0.0,0.0,0.0,0.0,0.0,0,0,0,0.0,0.0,0.0,0.0,0.0,0.0,0.0,0.0,0.0,0.0,0.0,0.0,0.0,0.0,0.0,0.0,0,-107875648.0,53,0.0,106,-107614832.0,2.7006707062415038e+23,ERR,ERR,ERR,ERR,ERR,ERR,ERR,ERR,ERR,ERR,ERR,ERR,ERR,ERR,ERR,ERR,ERR,ERR,ERR,ERR,ERR,ERR,ERR,ERR,ERR,ERR,ERR,ERR,ERR,ERR,ERR,ERR,ERR,ERR,ERR,ERR,ERR,ERR,ERR,ERR,ERR,ERR,ERR,ERR,ERR,ERR,ERR,ERR,ERR,ERR,ERR,ERR,ERR,ERR,ERR,ERR,ERR,ERR,ERR,ERR,ERR,ERR,ERR,ERR,ERR,ERR,ERR,50.0,60.0,100,0.0,0.0,0.0,0.0,0.0,0.0,0.0,0.0,0.0,0.0,0.0,0.0,0.0,0.0,0.0,0.0,61.6,77,11,65508,50,65476,0,300,0,0,8,20529,65476,0,0,26214,60.0,0.0,0.0,0.0,0.0,0.0
2026-05-17T16:49:33,ERR,ERR,ERR,ERR,ERR,ERR,ERR,ERR,ERR,ERR,ERR,ERR,ERR,ERR,ERR,ERR,ERR,ERR,ERR,ERR,ERR,ERR,ERR,ERR,ERR,ERR,ERR,ERR,ERR,ERR,ERR,ERR,ERR,ERR,ERR,ERR,ERR,ERR,ERR,ERR,ERR,ERR,ERR,ERR,ERR,ERR,ERR,ERR,ERR,ERR,ERR,ERR,ERR,ERR,ERR,ERR,ERR,ERR,ERR,ERR,ERR,ERR,ERR,ERR,ERR,ERR,ERR,ERR,ERR,ERR,ERR,ERR,ERR,ERR,ERR,ERR,ERR,ERR,ERR,ERR,ERR,ERR,ERR,ERR,ERR,ERR,ERR,ERR,ERR,ERR,ERR,ERR,ERR,ERR,ERR,ERR,ERR,ERR,ERR,ERR,ERR,ERR,ERR,ERR,ERR,ERR,ERR,ERR,ERR,ERR,ERR,ERR,ERR,ERR,ERR,ERR,ERR,ERR,ERR,ERR,ERR,ERR,ERR,ERR,ERR,0.0,0.0,-134474944.0,0.0,0.0,1.3936040501711995e+18,7.805,0.0,0,0,4,0,8422,0.0,45,0.0,0.0,0.0,0.0,0.0,0,0,0,0,0.0,0,0,0,0,0,0,0,0,0,0,0,0,0,0,0,0,0,0,0,0,0,0,0,0,0,0,0,0,0,0,0,0,0,38,14,7,45,65476,0,300,0,0,8,21553,0.0,-107605600.0,0.0,0.0,0.0,0.0,0.0,0.0,0.0,0.0,0.0,0.0,0.0,0.0,0.0,0.0,0.0,0.0,0.0,0.0,0.0,0.0,0.0,0.0,-2.004,2.004,0.0,0.0,0.0,0.0,5009.0,-2.422987904532282e+24,0.0,0.0,0.0,0.0,-107615304.0,0.0,0.0,0.0,0.0,53,3.222028592685471e+26,-152017280434176.0,0.0,0.0,0.0,0.0,0.0,0.0,0.0,0,0,0,0.0,0.0,0.0,0.0,0.0,0.0,0.0,0.0,0.0,0.0,0.0,0.0,0.0,0.0,0.0,0.0,0,-107875648.0,53,0.0,106,-107614832.0,2.7006707062415038e+23,ERR,ERR,ERR,ERR,ERR,ERR,ERR,ERR,ERR,ERR,ERR,ERR,ERR,ERR,ERR,ERR,ERR,ERR,ERR,ERR,ERR,ERR,ERR,ERR,ERR,ERR,ERR,ERR,ERR,ERR,ERR,ERR,ERR,ERR,ERR,ERR,ERR,ERR,ERR,ERR,ERR,ERR,ERR,ERR,ERR,ERR,ERR,ERR,ERR,ERR,ERR,ERR,ERR,ERR,ERR,ERR,ERR,ERR,ERR,ERR,ERR,ERR,ERR,ERR,ERR,ERR,ERR,50.0,60.0,100,0.0,0.0,0.0,0.0,0.0,0.0,0.0,0.0,0.0,0.0,0.0,0.0,0.0,0.0,0.0,0.0,61.6,77,11,65508,50,65476,0,300,0,0,8,20529,65476,0,0,26214,60.0,0.0,0.0,0.0,0.0,0.0
2026-05-17T16:49:34,ERR,ERR,ERR,ERR,ERR,ERR,ERR,ERR,ERR,ERR,ERR,ERR,ERR,ERR,ERR,ERR,ERR,ERR,ERR,ERR,ERR,ERR,ERR,ERR,ERR,ERR,ERR,ERR,ERR,ERR,ERR,ERR,ERR,ERR,ERR,ERR,ERR,ERR,ERR,ERR,ERR,ERR,ERR,ERR,ERR,ERR,ERR,ERR,ERR,ERR,ERR,ERR,ERR,ERR,ERR,ERR,ERR,ERR,ERR,ERR,ERR,ERR,ERR,ERR,ERR,ERR,ERR,ERR,ERR,ERR,ERR,ERR,ERR,ERR,ERR,ERR,ERR,ERR,ERR,ERR,ERR,ERR,ERR,ERR,ERR,ERR,ERR,ERR,ERR,ERR,ERR,ERR,ERR,ERR,ERR,ERR,ERR,ERR,ERR,ERR,ERR,ERR,ERR,ERR,ERR,ERR,ERR,ERR,ERR,ERR,ERR,ERR,ERR,ERR,ERR,ERR,ERR,ERR,ERR,ERR,ERR,ERR,ERR,ERR,ERR,0.0,0.0,-134474944.0,0.0,0.0,1.3936040501711995e+18,7.805,0.0,0,0,4,0,8422,0.0,45,0.0,0.0,0.0,0.0,0.0,0,0,0,0,0.0,0,0,0,0,0,0,0,0,0,0,0,0,0,0,0,0,0,0,0,0,0,0,0,0,0,0,0,0,0,0,0,0,0,38,14,7,45,65476,0,300,0,0,8,21553,0.0,-107605600.0,0.0,0.0,0.0,0.0,0.0,0.0,0.0,0.0,0.0,0.0,0.0,0.0,0.0,0.0,0.0,0.0,0.0,0.0,0.0,0.0,0.0,0.0,-2.004,2.004,0.0,0.0,0.0,0.0,5009.0,-2.422987904532282e+24,0.0,0.0,0.0,0.0,-107615304.0,0.0,0.0,0.0,0.0,53,3.222028592685471e+26,-152017280434176.0,0.0,0.0,0.0,0.0,0.0,0.0,0.0,0,0,0,0.0,0.0,0.0,0.0,0.0,0.0,0.0,0.0,0.0,0.0,0.0,0.0,0.0,0.0,0.0,0.0,0,-107875648.0,53,0.0,106,-107614832.0,2.7006707062415038e+23,ERR,ERR,ERR,ERR,ERR,ERR,ERR,ERR,ERR,ERR,ERR,ERR,ERR,ERR,ERR,ERR,ERR,ERR,ERR,ERR,ERR,ERR,ERR,ERR,ERR,ERR,ERR,ERR,ERR,ERR,ERR,ERR,ERR,ERR,ERR,ERR,ERR,ERR,ERR,ERR,ERR,ERR,ERR,ERR,ERR,ERR,ERR,ERR,ERR,ERR,ERR,ERR,ERR,ERR,ERR,ERR,ERR,ERR,ERR,ERR,ERR,ERR,ERR,ERR,ERR,ERR,ERR,50.0,60.0,100,0.0,0.0,0.0,0.0,0.0,0.0,0.0,0.0,0.0,0.0,0.0,0.0,0.0,0.0,0.0,0.0,61.6,77,11,65508,50,65476,0,300,0,0,8,20529,65476,0,0,26214,60.0,0.0,0.0,0.0,0.0,0.0
2026-05-17T16:49:35,ERR,ERR,ERR,ERR,ERR,ERR,ERR,ERR,ERR,ERR,ERR,ERR,ERR,ERR,ERR,ERR,ERR,ERR,ERR,ERR,ERR,ERR,ERR,ERR,ERR,ERR,ERR,ERR,ERR,ERR,ERR,ERR,ERR,ERR,ERR,ERR,ERR,ERR,ERR,ERR,ERR,ERR,ERR,ERR,ERR,ERR,ERR,ERR,ERR,ERR,ERR,ERR,ERR,ERR,ERR,ERR,ERR,ERR,ERR,ERR,ERR,ERR,ERR,ERR,ERR,ERR,ERR,ERR,ERR,ERR,ERR,ERR,ERR,ERR,ERR,ERR,ERR,ERR,ERR,ERR,ERR,ERR,ERR,ERR,ERR,ERR,ERR,ERR,ERR,ERR,ERR,ERR,ERR,ERR,ERR,ERR,ERR,ERR,ERR,ERR,ERR,ERR,ERR,ERR,ERR,ERR,ERR,ERR,ERR,ERR,ERR,ERR,ERR,ERR,ERR,ERR,ERR,ERR,ERR,ERR,ERR,ERR,ERR,ERR,ERR,0.0,0.0,-134474944.0,0.0,0.0,1.3936040501711995e+18,7.805,0.0,0,0,4,0,8422,0.0,45,0.0,0.0,0.0,0.0,0.0,0,0,0,0,0.0,0,0,0,0,0,0,0,0,0,0,0,0,0,0,0,0,0,0,0,0,0,0,0,0,0,0,0,0,0,0,0,0,0,38,14,7,45,65476,0,300,0,0,8,21553,0.0,-107605600.0,0.0,0.0,0.0,0.0,0.0,0.0,0.0,0.0,0.0,0.0,0.0,0.0,0.0,0.0,0.0,0.0,0.0,0.0,0.0,0.0,0.0,0.0,-2.004,2.004,0.0,0.0,0.0,0.0,5009.0,-2.422987904532282e+24,0.0,0.0,0.0,0.0,-107615304.0,0.0,0.0,0.0,0.0,53,3.222028592685471e+26,-152017280434176.0,0.0,0.0,0.0,0.0,0.0,0.0,0.0,0,0,0,0.0,0.0,0.0,0.0,0.0,0.0,0.0,0.0,0.0,0.0,0.0,0.0,0.0,0.0,0.0,0.0,0,-107875648.0,53,0.0,106,-107614832.0,2.7006707062415038e+23,ERR,ERR,ERR,ERR,ERR,ERR,ERR,ERR,ERR,ERR,ERR,ERR,ERR,ERR,ERR,ERR,ERR,ERR,ERR,ERR,ERR,ERR,ERR,ERR,ERR,ERR,ERR,ERR,ERR,ERR,ERR,ERR,ERR,ERR,ERR,ERR,ERR,ERR,ERR,ERR,ERR,ERR,ERR,ERR,ERR,ERR,ERR,ERR,ERR,ERR,ERR,ERR,ERR,ERR,ERR,ERR,ERR,ERR,ERR,ERR,ERR,ERR,ERR,ERR,ERR,ERR,ERR,50.0,60.0,100,0.0,0.0,0.0,0.0,0.0,0.0,0.0,0.0,0.0,0.0,0.0,0.0,0.0,0.0,0.0,0.0,61.6,77,11,65508,50,65476,0,300,0,0,8,20529,65476,0,0,26214,60.0,0.0,0.0,0.0,0.0,0.0
2026-05-17T16:49:36,ERR,ERR,ERR,ERR,ERR,ERR,ERR,ERR,ERR,ERR,ERR,ERR,ERR,ERR,ERR,ERR,ERR,ERR,ERR,ERR,ERR,ERR,ERR,ERR,ERR,ERR,ERR,ERR,ERR,ERR,ERR,ERR,ERR,ERR,ERR,ERR,ERR,ERR,ERR,ERR,ERR,ERR,ERR,ERR,ERR,ERR,ERR,ERR,ERR,ERR,ERR,ERR,ERR,ERR,ERR,ERR,ERR,ERR,ERR,ERR,ERR,ERR,ERR,ERR,ERR,ERR,ERR,ERR,ERR,ERR,ERR,ERR,ERR,ERR,ERR,ERR,ERR,ERR,ERR,ERR,ERR,ERR,ERR,ERR,ERR,ERR,ERR,ERR,ERR,ERR,ERR,ERR,ERR,ERR,ERR,ERR,ERR,ERR,ERR,ERR,ERR,ERR,ERR,ERR,ERR,ERR,ERR,ERR,ERR,ERR,ERR,ERR,ERR,ERR,ERR,ERR,ERR,ERR,ERR,ERR,ERR,ERR,ERR,ERR,ERR,0.0,0.0,-134474944.0,0.0,0.0,1.3936040501711995e+18,7.805,0.0,0,0,4,0,8422,0.0,45,0.0,0.0,0.0,0.0,0.0,0,0,0,0,0.0,0,0,0,0,0,0,0,0,0,0,0,0,0,0,0,0,0,0,0,0,0,0,0,0,0,0,0,0,0,0,0,0,0,38,14,7,45,65476,0,300,0,0,8,21553,0.0,-107605600.0,0.0,0.0,0.0,0.0,0.0,0.0,0.0,0.0,0.0,0.0,0.0,0.0,0.0,0.0,0.0,0.0,0.0,0.0,0.0,0.0,0.0,0.0,-2.004,2.004,0.0,0.0,0.0,0.0,5009.0,-2.422987904532282e+24,0.0,0.0,0.0,0.0,-107615304.0,0.0,0.0,0.0,0.0,53,3.222028592685471e+26,-152017280434176.0,0.0,0.0,0.0,0.0,0.0,0.0,0.0,0,0,0,0.0,0.0,0.0,0.0,0.0,0.0,0.0,0.0,0.0,0.0,0.0,0.0,0.0,0.0,0.0,0.0,0,-107875648.0,53,0.0,106,-107614832.0,2.7006707062415038e+23,ERR,ERR,ERR,ERR,ERR,ERR,ERR,ERR,ERR,ERR,ERR,ERR,ERR,ERR,ERR,ERR,ERR,ERR,ERR,ERR,ERR,ERR,ERR,ERR,ERR,ERR,ERR,ERR,ERR,ERR,ERR,ERR,ERR,ERR,ERR,ERR,ERR,ERR,ERR,ERR,ERR,ERR,ERR,ERR,ERR,ERR,ERR,ERR,ERR,ERR,ERR,ERR,ERR,ERR,ERR,ERR,ERR,ERR,ERR,ERR,ERR,ERR,ERR,ERR,ERR,ERR,ERR,50.0,60.0,100,0.0,0.0,0.0,0.0,0.0,0.0,0.0,0.0,0.0,0.0,0.0,0.0,0.0,0.0,0.0,0.0,61.6,77,11,65508,50,65476,0,300,0,0,8,20529,65476,0,0,26214,60.0,0.0,0.0,0.0,0.0,0.0
2026-05-17T16:49:37,ERR,ERR,ERR,ERR,ERR,ERR,ERR,ERR,ERR,ERR,ERR,ERR,ERR,ERR,ERR,ERR,ERR,ERR,ERR,ERR,ERR,ERR,ERR,ERR,ERR,ERR,ERR,ERR,ERR,ERR,ERR,ERR,ERR,ERR,ERR,ERR,ERR,ERR,ERR,ERR,ERR,ERR,ERR,ERR,ERR,ERR,ERR,ERR,ERR,ERR,ERR,ERR,ERR,ERR,ERR,ERR,ERR,ERR,ERR,ERR,ERR,ERR,ERR,ERR,ERR,ERR,ERR,ERR,ERR,ERR,ERR,ERR,ERR,ERR,ERR,ERR,ERR,ERR,ERR,ERR,ERR,ERR,ERR,ERR,ERR,ERR,ERR,ERR,ERR,ERR,ERR,ERR,ERR,ERR,ERR,ERR,ERR,ERR,ERR,ERR,ERR,ERR,ERR,ERR,ERR,ERR,ERR,ERR,ERR,ERR,ERR,ERR,ERR,ERR,ERR,ERR,ERR,ERR,ERR,ERR,ERR,ERR,ERR,ERR,ERR,0.0,0.0,-134474944.0,0.0,0.0,1.3936040501711995e+18,7.805,0.0,0,0,4,0,8422,0.0,45,0.0,0.0,0.0,0.0,0.0,0,0,0,0,0.0,0,0,0,0,0,0,0,0,0,0,0,0,0,0,0,0,0,0,0,0,0,0,0,0,0,0,0,0,0,0,0,0,0,38,14,7,45,65476,0,300,0,0,8,21553,0.0,-107605600.0,0.0,0.0,0.0,0.0,0.0,0.0,0.0,0.0,0.0,0.0,0.0,0.0,0.0,0.0,0.0,0.0,0.0,0.0,0.0,0.0,0.0,0.0,-2.004,2.004,0.0,0.0,0.0,0.0,5039.0,8608183296.0,0.0,0.0,0.0,0.0,-107615304.0,0.0,0.0,0.0,0.0,53,2.3088403658719416e+20,1.9056860945658675e+17,0.0,0.0,0.0,0.0,0.0,0.0,0.0,0,0,0,0.0,0.0,0.0,0.0,0.0,0.0,0.0,0.0,0.0,0.0,0.0,0.0,0.0,0.0,0.0,0.0,0,-107875648.0,53,0.0,106,-107614832.0,2.7006707062415038e+23,ERR,ERR,ERR,ERR,ERR,ERR,ERR,ERR,ERR,ERR,ERR,ERR,ERR,ERR,ERR,ERR,ERR,ERR,ERR,ERR,ERR,ERR,ERR,ERR,ERR,ERR,ERR,ERR,ERR,ERR,ERR,ERR,ERR,ERR,ERR,ERR,ERR,ERR,ERR,ERR,ERR,ERR,ERR,ERR,ERR,ERR,ERR,ERR,ERR,ERR,ERR,ERR,ERR,ERR,ERR,ERR,ERR,ERR,ERR,ERR,ERR,ERR,ERR,ERR,ERR,ERR,ERR,50.0,60.0,100,0.0,0.0,0.0,0.0,0.0,0.0,0.0,0.0,0.0,0.0,0.0,0.0,0.0,0.0,0.0,0.0,61.6,77,11,65508,50,65476,0,300,0,0,8,20529,65476,0,0,26214,60.0,0.0,0.0,0.0,0.0,0.0
2026-05-17T16:49:38,ERR,ERR,ERR,ERR,ERR,ERR,ERR,ERR,ERR,ERR,ERR,ERR,ERR,ERR,ERR,ERR,ERR,ERR,ERR,ERR,ERR,ERR,ERR,ERR,ERR,ERR,ERR,ERR,ERR,ERR,ERR,ERR,ERR,ERR,ERR,ERR,ERR,ERR,ERR,ERR,ERR,ERR,ERR,ERR,ERR,ERR,ERR,ERR,ERR,ERR,ERR,ERR,ERR,ERR,ERR,ERR,ERR,ERR,ERR,ERR,ERR,ERR,ERR,ERR,ERR,ERR,ERR,ERR,ERR,ERR,ERR,ERR,ERR,ERR,ERR,ERR,ERR,ERR,ERR,ERR,ERR,ERR,ERR,ERR,ERR,ERR,ERR,ERR,ERR,ERR,ERR,ERR,ERR,ERR,ERR,ERR,ERR,ERR,ERR,ERR,ERR,ERR,ERR,ERR,ERR,ERR,ERR,ERR,ERR,ERR,ERR,ERR,ERR,ERR,ERR,ERR,ERR,ERR,ERR,ERR,ERR,ERR,ERR,ERR,ERR,0.0,0.0,-134474944.0,0.0,0.0,1.3936040501711995e+18,7.805,0.0,0,0,4,0,8422,0.0,45,0.0,0.0,0.0,0.0,0.0,0,0,0,0,0.0,0,0,0,0,0,0,0,0,0,0,0,0,0,0,0,0,0,0,0,0,0,0,0,0,0,0,0,0,0,0,0,0,0,38,14,7,45,65476,0,300,0,0,8,21553,0.0,-107605600.0,0.0,0.0,0.0,0.0,0.0,0.0,0.0,0.0,0.0,0.0,0.0,0.0,0.0,0.0,0.0,0.0,0.0,0.0,0.0,0.0,0.0,0.0,-2.004,2.004,0.0,0.0,0.0,0.0,5039.0,8608183296.0,0.0,0.0,0.0,0.0,-107615304.0,0.0,0.0,0.0,0.0,53,2.3088403658719416e+20,1.9056860945658675e+17,0.0,0.0,0.0,0.0,0.0,0.0,0.0,0,0,0,0.0,0.0,0.0,0.0,0.0,0.0,0.0,0.0,0.0,0.0,0.0,0.0,0.0,0.0,0.0,0.0,0,-107875648.0,53,0.0,106,-107614832.0,2.7006707062415038e+23,ERR,ERR,ERR,ERR,ERR,ERR,ERR,ERR,ERR,ERR,ERR,ERR,ERR,ERR,ERR,ERR,ERR,ERR,ERR,ERR,ERR,ERR,ERR,ERR,ERR,ERR,ERR,ERR,ERR,ERR,ERR,ERR,ERR,ERR,ERR,ERR,ERR,ERR,ERR,ERR,ERR,ERR,ERR,ERR,ERR,ERR,ERR,ERR,ERR,ERR,ERR,ERR,ERR,ERR,ERR,ERR,ERR,ERR,ERR,ERR,ERR,ERR,ERR,ERR,ERR,ERR,ERR,50.0,60.0,100,0.0,0.0,0.0,0.0,0.0,0.0,0.0,0.0,0.0,0.0,0.0,0.0,0.0,0.0,0.0,0.0,62.0,77,11,65508,50,65476,0,300,0,0,8,20529,65476,0,0,26214,60.0,0.0,0.0,0.0,0.0,0.0
2026-05-17T16:49:39,ERR,ERR,ERR,ERR,ERR,ERR,ERR,ERR,ERR,ERR,ERR,ERR,ERR,ERR,ERR,ERR,ERR,ERR,ERR,ERR,ERR,ERR,ERR,ERR,ERR,ERR,ERR,ERR,ERR,ERR,ERR,ERR,ERR,ERR,ERR,ERR,ERR,ERR,ERR,ERR,ERR,ERR,ERR,ERR,ERR,ERR,ERR,ERR,ERR,ERR,ERR,ERR,ERR,ERR,ERR,ERR,ERR,ERR,ERR,ERR,ERR,ERR,ERR,ERR,ERR,ERR,ERR,ERR,ERR,ERR,ERR,ERR,ERR,ERR,ERR,ERR,ERR,ERR,ERR,ERR,ERR,ERR,ERR,ERR,ERR,ERR,ERR,ERR,ERR,ERR,ERR,ERR,ERR,ERR,ERR,ERR,ERR,ERR,ERR,ERR,ERR,ERR,ERR,ERR,ERR,ERR,ERR,ERR,ERR,ERR,ERR,ERR,ERR,ERR,ERR,ERR,ERR,ERR,ERR,ERR,ERR,ERR,ERR,ERR,ERR,0.0,0.0,-134474944.0,0.0,0.0,1.3936040501711995e+18,7.805,0.0,0,0,4,0,8422,0.0,45,0.0,0.0,0.0,0.0,0.0,0,0,0,0,0.0,0,0,0,0,0,0,0,0,0,0,0,0,0,0,0,0,0,0,0,0,0,0,0,0,0,0,0,0,0,0,0,0,0,38,14,7,45,65476,0,300,0,0,8,21553,0.0,-107605600.0,0.0,0.0,0.0,0.0,0.0,0.0,0.0,0.0,0.0,0.0,0.0,0.0,0.0,0.0,0.0,0.0,0.0,0.0,0.0,0.0,0.0,0.0,-2.004,2.004,0.0,0.0,0.0,0.0,5039.0,8608183296.0,0.0,0.0,0.0,0.0,-107615304.0,0.0,0.0,0.0,0.0,53,2.3088403658719416e+20,1.9056860945658675e+17,0.0,0.0,0.0,0.0,0.0,0.0,0.0,0,0,0,0.0,0.0,0.0,0.0,0.0,0.0,0.0,0.0,0.0,0.0,0.0,0.0,0.0,0.0,0.0,0.0,0,-107875648.0,53,0.0,106,-107614832.0,2.7006707062415038e+23,ERR,ERR,ERR,ERR,ERR,ERR,ERR,ERR,ERR,ERR,ERR,ERR,ERR,ERR,ERR,ERR,ERR,ERR,ERR,ERR,ERR,ERR,ERR,ERR,ERR,ERR,ERR,ERR,ERR,ERR,ERR,ERR,ERR,ERR,ERR,ERR,ERR,ERR,ERR,ERR,ERR,ERR,ERR,ERR,ERR,ERR,ERR,ERR,ERR,ERR,ERR,ERR,ERR,ERR,ERR,ERR,ERR,ERR,ERR,ERR,ERR,ERR,ERR,ERR,ERR,ERR,ERR,50.0,60.0,100,0.0,0.0,0.0,0.0,0.0,0.0,0.0,0.0,0.0,0.0,0.0,0.0,0.0,0.0,0.0,0.0,62.0,77,11,65508,50,65476,0,300,0,0,8,20529,65476,0,0,26214,60.0,0.0,0.0,0.0,0.0,0.0
2026-05-17T16:49:40,ERR,ERR,ERR,ERR,ERR,ERR,ERR,ERR,ERR,ERR,ERR,ERR,ERR,ERR,ERR,ERR,ERR,ERR,ERR,ERR,ERR,ERR,ERR,ERR,ERR,ERR,ERR,ERR,ERR,ERR,ERR,ERR,ERR,ERR,ERR,ERR,ERR,ERR,ERR,ERR,ERR,ERR,ERR,ERR,ERR,ERR,ERR,ERR,ERR,ERR,ERR,ERR,ERR,ERR,ERR,ERR,ERR,ERR,ERR,ERR,ERR,ERR,ERR,ERR,ERR,ERR,ERR,ERR,ERR,ERR,ERR,ERR,ERR,ERR,ERR,ERR,ERR,ERR,ERR,ERR,ERR,ERR,ERR,ERR,ERR,ERR,ERR,ERR,ERR,ERR,ERR,ERR,ERR,ERR,ERR,ERR,ERR,ERR,ERR,ERR,ERR,ERR,ERR,ERR,ERR,ERR,ERR,ERR,ERR,ERR,ERR,ERR,ERR,ERR,ERR,ERR,ERR,ERR,ERR,ERR,ERR,ERR,ERR,ERR,ERR,0.0,0.0,-134474944.0,0.0,0.0,1.3936040501711995e+18,7.805,0.0,0,0,4,0,8422,0.0,45,0.0,0.0,0.0,0.0,0.0,0,0,0,0,0.0,0,0,0,0,0,0,0,0,0,0,0,0,0,0,0,0,0,0,0,0,0,0,0,0,0,0,0,0,0,0,0,0,0,38,14,7,45,65476,0,300,0,0,8,21553,0.0,-107605600.0,0.0,0.0,0.0,0.0,0.0,0.0,0.0,0.0,0.0,0.0,0.0,0.0,0.0,0.0,0.0,0.0,0.0,0.0,0.0,0.0,0.0,0.0,-2.004,2.004,0.0,0.0,0.0,0.0,5039.0,8608183296.0,0.0,0.0,0.0,0.0,-107615304.0,0.0,0.0,0.0,0.0,53,2.3088403658719416e+20,1.9056860945658675e+17,0.0,0.0,0.0,0.0,0.0,0.0,0.0,0,0,0,0.0,0.0,0.0,0.0,0.0,0.0,0.0,0.0,0.0,0.0,0.0,0.0,0.0,0.0,0.0,0.0,0,-107875648.0,53,0.0,106,-107614832.0,2.7006707062415038e+23,ERR,ERR,ERR,ERR,ERR,ERR,ERR,ERR,ERR,ERR,ERR,ERR,ERR,ERR,ERR,ERR,ERR,ERR,ERR,ERR,ERR,ERR,ERR,ERR,ERR,ERR,ERR,ERR,ERR,ERR,ERR,ERR,ERR,ERR,ERR,ERR,ERR,ERR,ERR,ERR,ERR,ERR,ERR,ERR,ERR,ERR,ERR,ERR,ERR,ERR,ERR,ERR,ERR,ERR,ERR,ERR,ERR,ERR,ERR,ERR,ERR,ERR,ERR,ERR,ERR,ERR,ERR,50.0,60.0,100,0.0,0.0,0.0,0.0,0.0,0.0,0.0,0.0,0.0,0.0,0.0,0.0,0.0,0.0,0.0,0.0,61.6,77,11,65508,50,65476,0,300,0,0,8,20529,65476,0,0,26214,60.0,0.0,0.0,0.0,0.0,0.0
2026-05-17T16:49:41,ERR,ERR,ERR,ERR,ERR,ERR,ERR,ERR,ERR,ERR,ERR,ERR,ERR,ERR,ERR,ERR,ERR,ERR,ERR,ERR,ERR,ERR,ERR,ERR,ERR,ERR,ERR,ERR,ERR,ERR,ERR,ERR,ERR,ERR,ERR,ERR,ERR,ERR,ERR,ERR,ERR,ERR,ERR,ERR,ERR,ERR,ERR,ERR,ERR,ERR,ERR,ERR,ERR,ERR,ERR,ERR,ERR,ERR,ERR,ERR,ERR,ERR,ERR,ERR,ERR,ERR,ERR,ERR,ERR,ERR,ERR,ERR,ERR,ERR,ERR,ERR,ERR,ERR,ERR,ERR,ERR,ERR,ERR,ERR,ERR,ERR,ERR,ERR,ERR,ERR,ERR,ERR,ERR,ERR,ERR,ERR,ERR,ERR,ERR,ERR,ERR,ERR,ERR,ERR,ERR,ERR,ERR,ERR,ERR,ERR,ERR,ERR,ERR,ERR,ERR,ERR,ERR,ERR,ERR,ERR,ERR,ERR,ERR,ERR,ERR,0.0,0.0,-134474944.0,0.0,0.0,1.3936040501711995e+18,7.805,0.0,0,0,4,0,8422,0.0,45,0.0,0.0,0.0,0.0,0.0,0,0,0,0,0.0,0,0,0,0,0,0,0,0,0,0,0,0,0,0,0,0,0,0,0,0,0,0,0,0,0,0,0,0,0,0,0,0,0,38,14,7,45,65476,0,300,0,0,8,21553,0.0,-107605600.0,0.0,0.0,0.0,0.0,0.0,0.0,0.0,0.0,0.0,0.0,0.0,0.0,0.0,0.0,0.0,0.0,0.0,0.0,0.0,0.0,0.0,0.0,-2.004,2.004,0.0,0.0,0.0,0.0,5039.0,8608183296.0,0.0,0.0,0.0,0.0,-107615304.0,0.0,0.0,0.0,0.0,53,2.3088403658719416e+20,1.9056860945658675e+17,0.0,0.0,0.0,0.0,0.0,0.0,0.0,0,0,0,0.0,0.0,0.0,0.0,0.0,0.0,0.0,0.0,0.0,0.0,0.0,0.0,0.0,0.0,0.0,0.0,0,-107875648.0,53,0.0,106,-107614832.0,2.7006707062415038e+23,ERR,ERR,ERR,ERR,ERR,ERR,ERR,ERR,ERR,ERR,ERR,ERR,ERR,ERR,ERR,ERR,ERR,ERR,ERR,ERR,ERR,ERR,ERR,ERR,ERR,ERR,ERR,ERR,ERR,ERR,ERR,ERR,ERR,ERR,ERR,ERR,ERR,ERR,ERR,ERR,ERR,ERR,ERR,ERR,ERR,ERR,ERR,ERR,ERR,ERR,ERR,ERR,ERR,ERR,ERR,ERR,ERR,ERR,ERR,ERR,ERR,ERR,ERR,ERR,ERR,ERR,ERR,50.0,60.0,100,0.0,0.0,0.0,0.0,0.0,0.0,0.0,0.0,0.0,0.0,0.0,0.0,0.0,0.0,0.0,0.0,61.6,77,11,65508,50,65476,0,300,0,0,8,20529,65476,0,0,26214,60.0,0.0,0.0,0.0,0.0,0.0
2026-05-17T16:49:42,ERR,ERR,ERR,ERR,ERR,ERR,ERR,ERR,ERR,ERR,ERR,ERR,ERR,ERR,ERR,ERR,ERR,ERR,ERR,ERR,ERR,ERR,ERR,ERR,ERR,ERR,ERR,ERR,ERR,ERR,ERR,ERR,ERR,ERR,ERR,ERR,ERR,ERR,ERR,ERR,ERR,ERR,ERR,ERR,ERR,ERR,ERR,ERR,ERR,ERR,ERR,ERR,ERR,ERR,ERR,ERR,ERR,ERR,ERR,ERR,ERR,ERR,ERR,ERR,ERR,ERR,ERR,ERR,ERR,ERR,ERR,ERR,ERR,ERR,ERR,ERR,ERR,ERR,ERR,ERR,ERR,ERR,ERR,ERR,ERR,ERR,ERR,ERR,ERR,ERR,ERR,ERR,ERR,ERR,ERR,ERR,ERR,ERR,ERR,ERR,ERR,ERR,ERR,ERR,ERR,ERR,ERR,ERR,ERR,ERR,ERR,ERR,ERR,ERR,ERR,ERR,ERR,ERR,ERR,ERR,ERR,ERR,ERR,ERR,ERR,0.0,0.0,-134474944.0,0.0,0.0,1.3936040501711995e+18,7.805,0.0,0,0,4,0,8422,0.0,45,0.0,0.0,0.0,0.0,0.0,0,0,0,0,0.0,0,0,0,0,0,0,0,0,0,0,0,0,0,0,0,0,0,0,0,0,0,0,0,0,0,0,0,0,0,0,0,0,0,38,14,7,45,65476,0,300,0,0,8,21553,0.0,-107605600.0,0.0,0.0,0.0,0.0,0.0,0.0,0.0,0.0,0.0,0.0,0.0,0.0,0.0,0.0,0.0,0.0,0.0,0.0,0.0,0.0,0.0,0.0,-2.004,2.004,0.0,0.0,0.0,0.0,5006.0,-0.0,0.0,0.0,0.0,0.0,-107615304.0,0.0,0.0,0.0,0.0,53,1.9056979486756045e+17,5.848055683159391e+35,0.0,0.0,0.0,0.0,0.0,0.0,0.0,0,0,0,0.0,0.0,0.0,0.0,0.0,0.0,0.0,0.0,0.0,0.0,0.0,0.0,0.0,0.0,0.0,0.0,0,-107875648.0,53,0.0,106,-107614832.0,2.7006707062415038e+23,ERR,ERR,ERR,ERR,ERR,ERR,ERR,ERR,ERR,ERR,ERR,ERR,ERR,ERR,ERR,ERR,ERR,ERR,ERR,ERR,ERR,ERR,ERR,ERR,ERR,ERR,ERR,ERR,ERR,ERR,ERR,ERR,ERR,ERR,ERR,ERR,ERR,ERR,ERR,ERR,ERR,ERR,ERR,ERR,ERR,ERR,ERR,ERR,ERR,ERR,ERR,ERR,ERR,ERR,ERR,ERR,ERR,ERR,ERR,ERR,ERR,ERR,ERR,ERR,ERR,ERR,ERR,50.0,60.0,100,0.0,0.0,0.0,0.0,0.0,0.0,0.0,0.0,0.0,0.0,0.0,0.0,0.0,0.0,0.0,0.0,61.6,77,11,65508,50,65476,0,300,0,0,8,20529,65476,0,0,26214,60.0,0.0,0.0,0.0,0.0,0.0
2026-05-17T16:49:43,ERR,ERR,ERR,ERR,ERR,ERR,ERR,ERR,ERR,ERR,ERR,ERR,ERR,ERR,ERR,ERR,ERR,ERR,ERR,ERR,ERR,ERR,ERR,ERR,ERR,ERR,ERR,ERR,ERR,ERR,ERR,ERR,ERR,ERR,ERR,ERR,ERR,ERR,ERR,ERR,ERR,ERR,ERR,ERR,ERR,ERR,ERR,ERR,ERR,ERR,ERR,ERR,ERR,ERR,ERR,ERR,ERR,ERR,ERR,ERR,ERR,ERR,ERR,ERR,ERR,ERR,ERR,ERR,ERR,ERR,ERR,ERR,ERR,ERR,ERR,ERR,ERR,ERR,ERR,ERR,ERR,ERR,ERR,ERR,ERR,ERR,ERR,ERR,ERR,ERR,ERR,ERR,ERR,ERR,ERR,ERR,ERR,ERR,ERR,ERR,ERR,ERR,ERR,ERR,ERR,ERR,ERR,ERR,ERR,ERR,ERR,ERR,ERR,ERR,ERR,ERR,ERR,ERR,ERR,ERR,ERR,ERR,ERR,ERR,ERR,0.0,0.0,-134474944.0,0.0,0.0,1.3936040501711995e+18,7.805,0.0,0,0,4,0,8422,0.0,45,0.0,0.0,0.0,0.0,0.0,0,0,0,0,0.0,0,0,0,0,0,0,0,0,0,0,0,0,0,0,0,0,0,0,0,0,0,0,0,0,0,0,0,0,0,0,0,0,0,38,14,7,45,65476,0,300,0,0,8,21553,0.0,-107605600.0,0.0,0.0,0.0,0.0,0.0,0.0,0.0,0.0,0.0,0.0,0.0,0.0,0.0,0.0,0.0,0.0,0.0,0.0,0.0,0.0,0.0,0.0,-2.004,2.004,0.0,0.0,0.0,0.0,5006.0,-0.0,0.0,0.0,0.0,0.0,-107615304.0,0.0,0.0,0.0,0.0,53,1.9056979486756045e+17,5.848055683159391e+35,0.0,0.0,0.0,0.0,0.0,0.0,0.0,0,0,0,0.0,0.0,0.0,0.0,0.0,0.0,0.0,0.0,0.0,0.0,0.0,0.0,0.0,0.0,0.0,0.0,0,-107875648.0,53,0.0,106,-107614832.0,2.7006707062415038e+23,ERR,ERR,ERR,ERR,ERR,ERR,ERR,ERR,ERR,ERR,ERR,ERR,ERR,ERR,ERR,ERR,ERR,ERR,ERR,ERR,ERR,ERR,ERR,ERR,ERR,ERR,ERR,ERR,ERR,ERR,ERR,ERR,ERR,ERR,ERR,ERR,ERR,ERR,ERR,ERR,ERR,ERR,ERR,ERR,ERR,ERR,ERR,ERR,ERR,ERR,ERR,ERR,ERR,ERR,ERR,ERR,ERR,ERR,ERR,ERR,ERR,ERR,ERR,ERR,ERR,ERR,ERR,50.0,60.0,100,0.0,0.0,0.0,0.0,0.0,0.0,0.0,0.0,0.0,0.0,0.0,0.0,0.0,0.0,0.0,0.0,61.6,77,11,65508,50,65476,0,300,0,0,8,20529,65476,0,0,26214,60.0,0.0,0.0,0.0,0.0,0.0
2026-05-17T16:49:44,ERR,ERR,ERR,ERR,ERR,ERR,ERR,ERR,ERR,ERR,ERR,ERR,ERR,ERR,ERR,ERR,ERR,ERR,ERR,ERR,ERR,ERR,ERR,ERR,ERR,ERR,ERR,ERR,ERR,ERR,ERR,ERR,ERR,ERR,ERR,ERR,ERR,ERR,ERR,ERR,ERR,ERR,ERR,ERR,ERR,ERR,ERR,ERR,ERR,ERR,ERR,ERR,ERR,ERR,ERR,ERR,ERR,ERR,ERR,ERR,ERR,ERR,ERR,ERR,ERR,ERR,ERR,ERR,ERR,ERR,ERR,ERR,ERR,ERR,ERR,ERR,ERR,ERR,ERR,ERR,ERR,ERR,ERR,ERR,ERR,ERR,ERR,ERR,ERR,ERR,ERR,ERR,ERR,ERR,ERR,ERR,ERR,ERR,ERR,ERR,ERR,ERR,ERR,ERR,ERR,ERR,ERR,ERR,ERR,ERR,ERR,ERR,ERR,ERR,ERR,ERR,ERR,ERR,ERR,ERR,ERR,ERR,ERR,ERR,ERR,0.0,0.0,-134474944.0,0.0,0.0,1.3936040501711995e+18,7.805,0.0,0,0,4,0,8422,0.0,45,0.0,0.0,0.0,0.0,0.0,0,0,0,0,0.0,0,0,0,0,0,0,0,0,0,0,0,0,0,0,0,0,0,0,0,0,0,0,0,0,0,0,0,0,0,0,0,0,0,38,14,7,45,65476,0,300,0,0,8,21553,0.0,-107605600.0,0.0,0.0,0.0,0.0,0.0,0.0,0.0,0.0,0.0,0.0,0.0,0.0,0.0,0.0,0.0,0.0,0.0,0.0,0.0,0.0,0.0,0.0,-2.004,2.004,0.0,0.0,0.0,0.0,5006.0,-0.0,0.0,0.0,0.0,0.0,-107615304.0,0.0,0.0,0.0,0.0,53,1.9056979486756045e+17,5.848055683159391e+35,0.0,0.0,0.0,0.0,0.0,0.0,0.0,0,0,0,0.0,0.0,0.0,0.0,0.0,0.0,0.0,0.0,0.0,0.0,0.0,0.0,0.0,0.0,0.0,0.0,0,-107875648.0,53,0.0,106,-107614832.0,2.7006707062415038e+23,ERR,ERR,ERR,ERR,ERR,ERR,ERR,ERR,ERR,ERR,ERR,ERR,ERR,ERR,ERR,ERR,ERR,ERR,ERR,ERR,ERR,ERR,ERR,ERR,ERR,ERR,ERR,ERR,ERR,ERR,ERR,ERR,ERR,ERR,ERR,ERR,ERR,ERR,ERR,ERR,ERR,ERR,ERR,ERR,ERR,ERR,ERR,ERR,ERR,ERR,ERR,ERR,ERR,ERR,ERR,ERR,ERR,ERR,ERR,ERR,ERR,ERR,ERR,ERR,ERR,ERR,ERR,50.0,60.0,100,0.0,0.0,0.0,0.0,0.0,0.0,0.0,0.0,0.0,0.0,0.0,0.0,0.0,0.0,0.0,0.0,61.6,77,11,65508,50,65476,0,300,0,0,8,20529,65476,0,0,26214,60.0,0.0,0.0,0.0,0.0,0.0
2026-05-17T16:49:45,ERR,ERR,ERR,ERR,ERR,ERR,ERR,ERR,ERR,ERR,ERR,ERR,ERR,ERR,ERR,ERR,ERR,ERR,ERR,ERR,ERR,ERR,ERR,ERR,ERR,ERR,ERR,ERR,ERR,ERR,ERR,ERR,ERR,ERR,ERR,ERR,ERR,ERR,ERR,ERR,ERR,ERR,ERR,ERR,ERR,ERR,ERR,ERR,ERR,ERR,ERR,ERR,ERR,ERR,ERR,ERR,ERR,ERR,ERR,ERR,ERR,ERR,ERR,ERR,ERR,ERR,ERR,ERR,ERR,ERR,ERR,ERR,ERR,ERR,ERR,ERR,ERR,ERR,ERR,ERR,ERR,ERR,ERR,ERR,ERR,ERR,ERR,ERR,ERR,ERR,ERR,ERR,ERR,ERR,ERR,ERR,ERR,ERR,ERR,ERR,ERR,ERR,ERR,ERR,ERR,ERR,ERR,ERR,ERR,ERR,ERR,ERR,ERR,ERR,ERR,ERR,ERR,ERR,ERR,ERR,ERR,ERR,ERR,ERR,ERR,0.0,0.0,-134474944.0,0.0,0.0,1.3936040501711995e+18,7.805,0.0,0,0,4,0,8422,0.0,45,0.0,0.0,0.0,0.0,0.0,0,0,0,0,0.0,0,0,0,0,0,0,0,0,0,0,0,0,0,0,0,0,0,0,0,0,0,0,0,0,0,0,0,0,0,0,0,0,0,38,14,7,45,65476,0,300,0,0,8,21553,0.0,-107605600.0,0.0,0.0,0.0,0.0,0.0,0.0,0.0,0.0,0.0,0.0,0.0,0.0,0.0,0.0,0.0,0.0,0.0,0.0,0.0,0.0,0.0,0.0,-2.004,2.004,0.0,0.0,0.0,0.0,5006.0,-0.0,0.0,0.0,0.0,0.0,-107615304.0,0.0,0.0,0.0,0.0,53,1.9056979486756045e+17,5.848055683159391e+35,0.0,0.0,0.0,0.0,0.0,0.0,0.0,0,0,0,0.0,0.0,0.0,0.0,0.0,0.0,0.0,0.0,0.0,0.0,0.0,0.0,0.0,0.0,0.0,0.0,0,-107875648.0,53,0.0,106,-107614832.0,2.7006707062415038e+23,ERR,ERR,ERR,ERR,ERR,ERR,ERR,ERR,ERR,ERR,ERR,ERR,ERR,ERR,ERR,ERR,ERR,ERR,ERR,ERR,ERR,ERR,ERR,ERR,ERR,ERR,ERR,ERR,ERR,ERR,ERR,ERR,ERR,ERR,ERR,ERR,ERR,ERR,ERR,ERR,ERR,ERR,ERR,ERR,ERR,ERR,ERR,ERR,ERR,ERR,ERR,ERR,ERR,ERR,ERR,ERR,ERR,ERR,ERR,ERR,ERR,ERR,ERR,ERR,ERR,ERR,ERR,50.0,60.0,100,0.0,0.0,0.0,0.0,0.0,0.0,0.0,0.0,0.0,0.0,0.0,0.0,0.0,0.0,0.0,0.0,61.6,77,11,65508,50,65476,0,300,0,0,8,20529,65476,0,0,26214,60.0,0.0,0.0,0.0,0.0,0.0
2026-05-17T16:49:46,ERR,ERR,ERR,ERR,ERR,ERR,ERR,ERR,ERR,ERR,ERR,ERR,ERR,ERR,ERR,ERR,ERR,ERR,ERR,ERR,ERR,ERR,ERR,ERR,ERR,ERR,ERR,ERR,ERR,ERR,ERR,ERR,ERR,ERR,ERR,ERR,ERR,ERR,ERR,ERR,ERR,ERR,ERR,ERR,ERR,ERR,ERR,ERR,ERR,ERR,ERR,ERR,ERR,ERR,ERR,ERR,ERR,ERR,ERR,ERR,ERR,ERR,ERR,ERR,ERR,ERR,ERR,ERR,ERR,ERR,ERR,ERR,ERR,ERR,ERR,ERR,ERR,ERR,ERR,ERR,ERR,ERR,ERR,ERR,ERR,ERR,ERR,ERR,ERR,ERR,ERR,ERR,ERR,ERR,ERR,ERR,ERR,ERR,ERR,ERR,ERR,ERR,ERR,ERR,ERR,ERR,ERR,ERR,ERR,ERR,ERR,ERR,ERR,ERR,ERR,ERR,ERR,ERR,ERR,ERR,ERR,ERR,ERR,ERR,ERR,0.0,0.0,-134474944.0,0.0,0.0,1.3936040501711995e+18,7.805,0.0,0,0,4,0,8422,0.0,45,0.0,0.0,0.0,0.0,0.0,0,0,0,0,0.0,0,0,0,0,0,0,0,0,0,0,0,0,0,0,0,0,0,0,0,0,0,0,0,0,0,0,0,0,0,0,0,0,0,38,14,7,45,65476,0,300,0,0,8,21553,0.0,-107605600.0,0.0,0.0,0.0,0.0,0.0,0.0,0.0,0.0,0.0,0.0,0.0,0.0,0.0,0.0,0.0,0.0,0.0,0.0,0.0,0.0,0.0,0.0,-2.004,2.004,0.0,0.0,0.0,0.0,5006.0,-0.0,0.0,0.0,0.0,0.0,-107615304.0,0.0,0.0,0.0,0.0,53,1.9056979486756045e+17,5.848055683159391e+35,0.0,0.0,0.0,0.0,0.0,0.0,0.0,0,0,0,0.0,0.0,0.0,0.0,0.0,0.0,0.0,0.0,0.0,0.0,0.0,0.0,0.0,0.0,0.0,0.0,0,-107875648.0,53,0.0,106,-107614832.0,2.7006707062415038e+23,ERR,ERR,ERR,ERR,ERR,ERR,ERR,ERR,ERR,ERR,ERR,ERR,ERR,ERR,ERR,ERR,ERR,ERR,ERR,ERR,ERR,ERR,ERR,ERR,ERR,ERR,ERR,ERR,ERR,ERR,ERR,ERR,ERR,ERR,ERR,ERR,ERR,ERR,ERR,ERR,ERR,ERR,ERR,ERR,ERR,ERR,ERR,ERR,ERR,ERR,ERR,ERR,ERR,ERR,ERR,ERR,ERR,ERR,ERR,ERR,ERR,ERR,ERR,ERR,ERR,ERR,ERR,50.0,60.0,100,0.0,0.0,0.0,0.0,0.0,0.0,0.0,0.0,0.0,0.0,0.0,0.0,0.0,0.0,0.0,0.0,61.6,77,11,65508,50,65476,0,300,0,0,8,20529,65476,0,0,26214,60.0,0.0,0.0,0.0,0.0,0.0
2026-05-17T16:49:47,ERR,ERR,ERR,ERR,ERR,ERR,ERR,ERR,ERR,ERR,ERR,ERR,ERR,ERR,ERR,ERR,ERR,ERR,ERR,ERR,ERR,ERR,ERR,ERR,ERR,ERR,ERR,ERR,ERR,ERR,ERR,ERR,ERR,ERR,ERR,ERR,ERR,ERR,ERR,ERR,ERR,ERR,ERR,ERR,ERR,ERR,ERR,ERR,ERR,ERR,ERR,ERR,ERR,ERR,ERR,ERR,ERR,ERR,ERR,ERR,ERR,ERR,ERR,ERR,ERR,ERR,ERR,ERR,ERR,ERR,ERR,ERR,ERR,ERR,ERR,ERR,ERR,ERR,ERR,ERR,ERR,ERR,ERR,ERR,ERR,ERR,ERR,ERR,ERR,ERR,ERR,ERR,ERR,ERR,ERR,ERR,ERR,ERR,ERR,ERR,ERR,ERR,ERR,ERR,ERR,ERR,ERR,ERR,ERR,ERR,ERR,ERR,ERR,ERR,ERR,ERR,ERR,ERR,ERR,ERR,ERR,ERR,ERR,ERR,ERR,0.0,0.0,-134474944.0,0.0,0.0,1.3936040501711995e+18,7.805,0.0,0,0,4,0,8422,0.0,45,0.0,0.0,0.0,0.0,0.0,0,0,0,0,0.0,0,0,0,0,0,0,0,0,0,0,0,0,0,0,0,0,0,0,0,0,0,0,0,0,0,0,0,0,0,0,0,0,0,38,14,7,45,65476,0,300,0,0,8,21553,0.0,-107605600.0,0.0,0.0,0.0,0.0,0.0,0.0,0.0,0.0,0.0,0.0,0.0,0.0,0.0,0.0,0.0,0.0,0.0,0.0,0.0,0.0,0.0,0.0,-2.004,2.004,0.0,0.0,0.0,0.0,4981.0,2.004,0.0,0.0,0.0,0.0,-107615304.0,0.0,0.0,0.0,0.0,53,4.950428597886765e+32,-0.0,0.0,0.0,0.0,0.0,0.0,0.0,0.0,0,0,0,0.0,0.0,0.0,0.0,0.0,0.0,0.0,0.0,0.0,0.0,0.0,0.0,0.0,0.0,0.0,0.0,0,-107875648.0,53,0.0,106,-107614832.0,2.7006707062415038e+23,ERR,ERR,ERR,ERR,ERR,ERR,ERR,ERR,ERR,ERR,ERR,ERR,ERR,ERR,ERR,ERR,ERR,ERR,ERR,ERR,ERR,ERR,ERR,ERR,ERR,ERR,ERR,ERR,ERR,ERR,ERR,ERR,ERR,ERR,ERR,ERR,ERR,ERR,ERR,ERR,ERR,ERR,ERR,ERR,ERR,ERR,ERR,ERR,ERR,ERR,ERR,ERR,ERR,ERR,ERR,ERR,ERR,ERR,ERR,ERR,ERR,ERR,ERR,ERR,ERR,ERR,ERR,50.0,60.0,100,0.0,0.0,0.0,0.0,0.0,0.0,0.0,0.0,0.0,0.0,0.0,0.0,0.0,0.0,0.0,0.0,61.6,77,11,65508,50,65476,0,300,0,0,8,20529,65476,0,0,26214,60.0,0.0,0.0,0.0,0.0,0.0
2026-05-17T16:49:48,ERR,ERR,ERR,ERR,ERR,ERR,ERR,ERR,ERR,ERR,ERR,ERR,ERR,ERR,ERR,ERR,ERR,ERR,ERR,ERR,ERR,ERR,ERR,ERR,ERR,ERR,ERR,ERR,ERR,ERR,ERR,ERR,ERR,ERR,ERR,ERR,ERR,ERR,ERR,ERR,ERR,ERR,ERR,ERR,ERR,ERR,ERR,ERR,ERR,ERR,ERR,ERR,ERR,ERR,ERR,ERR,ERR,ERR,ERR,ERR,ERR,ERR,ERR,ERR,ERR,ERR,ERR,ERR,ERR,ERR,ERR,ERR,ERR,ERR,ERR,ERR,ERR,ERR,ERR,ERR,ERR,ERR,ERR,ERR,ERR,ERR,ERR,ERR,ERR,ERR,ERR,ERR,ERR,ERR,ERR,ERR,ERR,ERR,ERR,ERR,ERR,ERR,ERR,ERR,ERR,ERR,ERR,ERR,ERR,ERR,ERR,ERR,ERR,ERR,ERR,ERR,ERR,ERR,ERR,ERR,ERR,ERR,ERR,ERR,ERR,0.0,0.0,-134474944.0,0.0,0.0,1.3936040501711995e+18,7.805,0.0,0,0,4,0,8422,0.0,45,0.0,0.0,0.0,0.0,0.0,0,0,0,0,0.0,0,0,0,0,0,0,0,0,0,0,0,0,0,0,0,0,0,0,0,0,0,0,0,0,0,0,0,0,0,0,0,0,0,38,14,7,45,65476,0,300,0,0,8,21553,0.0,-107605600.0,0.0,0.0,0.0,0.0,0.0,0.0,0.0,0.0,0.0,0.0,0.0,0.0,0.0,0.0,0.0,0.0,0.0,0.0,0.0,0.0,0.0,0.0,-2.004,2.004,0.0,0.0,0.0,0.0,4981.0,2.004,0.0,0.0,0.0,0.0,-107615304.0,0.0,0.0,0.0,0.0,53,4.950428597886765e+32,-0.0,0.0,0.0,0.0,0.0,0.0,0.0,0.0,0,0,0,0.0,0.0,0.0,0.0,0.0,0.0,0.0,0.0,0.0,0.0,0.0,0.0,0.0,0.0,0.0,0.0,0,-107875648.0,53,0.0,106,-107614832.0,2.7006707062415038e+23,ERR,ERR,ERR,ERR,ERR,ERR,ERR,ERR,ERR,ERR,ERR,ERR,ERR,ERR,ERR,ERR,ERR,ERR,ERR,ERR,ERR,ERR,ERR,ERR,ERR,ERR,ERR,ERR,ERR,ERR,ERR,ERR,ERR,ERR,ERR,ERR,ERR,ERR,ERR,ERR,ERR,ERR,ERR,ERR,ERR,ERR,ERR,ERR,ERR,ERR,ERR,ERR,ERR,ERR,ERR,ERR,ERR,ERR,ERR,ERR,ERR,ERR,ERR,ERR,ERR,ERR,ERR,50.0,60.0,100,0.0,0.0,0.0,0.0,0.0,0.0,0.0,0.0,0.0,0.0,0.0,0.0,0.0,0.0,0.0,0.0,61.6,77,11,65508,50,65476,0,300,0,0,8,20529,65476,0,0,26214,60.0,0.0,0.0,0.0,0.0,0.0
2026-05-17T16:49:49,ERR,ERR,ERR,ERR,ERR,ERR,ERR,ERR,ERR,ERR,ERR,ERR,ERR,ERR,ERR,ERR,ERR,ERR,ERR,ERR,ERR,ERR,ERR,ERR,ERR,ERR,ERR,ERR,ERR,ERR,ERR,ERR,ERR,ERR,ERR,ERR,ERR,ERR,ERR,ERR,ERR,ERR,ERR,ERR,ERR,ERR,ERR,ERR,ERR,ERR,ERR,ERR,ERR,ERR,ERR,ERR,ERR,ERR,ERR,ERR,ERR,ERR,ERR,ERR,ERR,ERR,ERR,ERR,ERR,ERR,ERR,ERR,ERR,ERR,ERR,ERR,ERR,ERR,ERR,ERR,ERR,ERR,ERR,ERR,ERR,ERR,ERR,ERR,ERR,ERR,ERR,ERR,ERR,ERR,ERR,ERR,ERR,ERR,ERR,ERR,ERR,ERR,ERR,ERR,ERR,ERR,ERR,ERR,ERR,ERR,ERR,ERR,ERR,ERR,ERR,ERR,ERR,ERR,ERR,ERR,ERR,ERR,ERR,ERR,ERR,0.0,0.0,-134474944.0,0.0,0.0,1.3936040501711995e+18,7.805,0.0,0,0,4,0,8422,0.0,45,0.0,0.0,0.0,0.0,0.0,0,0,0,0,0.0,0,0,0,0,0,0,0,0,0,0,0,0,0,0,0,0,0,0,0,0,0,0,0,0,0,0,0,0,0,0,0,0,0,38,14,7,45,65476,0,300,0,0,8,21553,0.0,-107605600.0,0.0,0.0,0.0,0.0,0.0,0.0,0.0,0.0,0.0,0.0,0.0,0.0,0.0,0.0,0.0,0.0,0.0,0.0,0.0,0.0,0.0,0.0,-2.004,2.004,0.0,0.0,0.0,0.0,4981.0,2.004,0.0,0.0,0.0,0.0,-107615304.0,0.0,0.0,0.0,0.0,53,4.950428597886765e+32,-0.0,0.0,0.0,0.0,0.0,0.0,0.0,0.0,0,0,0,0.0,0.0,0.0,0.0,0.0,0.0,0.0,0.0,0.0,0.0,0.0,0.0,0.0,0.0,0.0,0.0,0,-107875648.0,53,0.0,106,-107614832.0,2.7006707062415038e+23,ERR,ERR,ERR,ERR,ERR,ERR,ERR,ERR,ERR,ERR,ERR,ERR,ERR,ERR,ERR,ERR,ERR,ERR,ERR,ERR,ERR,ERR,ERR,ERR,ERR,ERR,ERR,ERR,ERR,ERR,ERR,ERR,ERR,ERR,ERR,ERR,ERR,ERR,ERR,ERR,ERR,ERR,ERR,ERR,ERR,ERR,ERR,ERR,ERR,ERR,ERR,ERR,ERR,ERR,ERR,ERR,ERR,ERR,ERR,ERR,ERR,ERR,ERR,ERR,ERR,ERR,ERR,50.0,60.0,100,0.0,0.0,0.0,0.0,0.0,0.0,0.0,0.0,0.0,0.0,0.0,0.0,0.0,0.0,0.0,0.0,61.6,77,11,65508,50,65476,0,300,0,0,8,20529,65476,0,0,26214,60.0,0.0,0.0,0.0,0.0,0.0
2026-05-17T16:49:50,ERR,ERR,ERR,ERR,ERR,ERR,ERR,ERR,ERR,ERR,ERR,ERR,ERR,ERR,ERR,ERR,ERR,ERR,ERR,ERR,ERR,ERR,ERR,ERR,ERR,ERR,ERR,ERR,ERR,ERR,ERR,ERR,ERR,ERR,ERR,ERR,ERR,ERR,ERR,ERR,ERR,ERR,ERR,ERR,ERR,ERR,ERR,ERR,ERR,ERR,ERR,ERR,ERR,ERR,ERR,ERR,ERR,ERR,ERR,ERR,ERR,ERR,ERR,ERR,ERR,ERR,ERR,ERR,ERR,ERR,ERR,ERR,ERR,ERR,ERR,ERR,ERR,ERR,ERR,ERR,ERR,ERR,ERR,ERR,ERR,ERR,ERR,ERR,ERR,ERR,ERR,ERR,ERR,ERR,ERR,ERR,ERR,ERR,ERR,ERR,ERR,ERR,ERR,ERR,ERR,ERR,ERR,ERR,ERR,ERR,ERR,ERR,ERR,ERR,ERR,ERR,ERR,ERR,ERR,ERR,ERR,ERR,ERR,ERR,ERR,0.0,0.0,-134474944.0,0.0,0.0,1.3936040501711995e+18,7.805,0.0,0,0,4,0,8422,0.0,45,0.0,0.0,0.0,0.0,0.0,0,0,0,0,0.0,0,0,0,0,0,0,0,0,0,0,0,0,0,0,0,0,0,0,0,0,0,0,0,0,0,0,0,0,0,0,0,0,0,38,14,7,45,65476,0,300,0,0,8,21553,0.0,-107605600.0,0.0,0.0,0.0,0.0,0.0,0.0,0.0,0.0,0.0,0.0,0.0,0.0,0.0,0.0,0.0,0.0,0.0,0.0,0.0,0.0,0.0,0.0,-2.004,2.004,0.0,0.0,0.0,0.0,4981.0,2.004,0.0,0.0,0.0,0.0,-107615304.0,0.0,0.0,0.0,0.0,53,4.950428597886765e+32,-0.0,0.0,0.0,0.0,0.0,0.0,0.0,0.0,0,0,0,0.0,0.0,0.0,0.0,0.0,0.0,0.0,0.0,0.0,0.0,0.0,0.0,0.0,0.0,0.0,0.0,0,-107875648.0,53,0.0,106,-107614832.0,2.7006707062415038e+23,ERR,ERR,ERR,ERR,ERR,ERR,ERR,ERR,ERR,ERR,ERR,ERR,ERR,ERR,ERR,ERR,ERR,ERR,ERR,ERR,ERR,ERR,ERR,ERR,ERR,ERR,ERR,ERR,ERR,ERR,ERR,ERR,ERR,ERR,ERR,ERR,ERR,ERR,ERR,ERR,ERR,ERR,ERR,ERR,ERR,ERR,ERR,ERR,ERR,ERR,ERR,ERR,ERR,ERR,ERR,ERR,ERR,ERR,ERR,ERR,ERR,ERR,ERR,ERR,ERR,ERR,ERR,50.0,60.0,100,0.0,0.0,0.0,0.0,0.0,0.0,0.0,0.0,0.0,0.0,0.0,0.0,0.0,0.0,0.0,0.0,61.6,77,11,65508,50,65476,0,300,0,0,8,20529,65476,0,0,26214,60.0,0.0,0.0,0.0,0.0,0.0
2026-05-17T16:49:51,ERR,ERR,ERR,ERR,ERR,ERR,ERR,ERR,ERR,ERR,ERR,ERR,ERR,ERR,ERR,ERR,ERR,ERR,ERR,ERR,ERR,ERR,ERR,ERR,ERR,ERR,ERR,ERR,ERR,ERR,ERR,ERR,ERR,ERR,ERR,ERR,ERR,ERR,ERR,ERR,ERR,ERR,ERR,ERR,ERR,ERR,ERR,ERR,ERR,ERR,ERR,ERR,ERR,ERR,ERR,ERR,ERR,ERR,ERR,ERR,ERR,ERR,ERR,ERR,ERR,ERR,ERR,ERR,ERR,ERR,ERR,ERR,ERR,ERR,ERR,ERR,ERR,ERR,ERR,ERR,ERR,ERR,ERR,ERR,ERR,ERR,ERR,ERR,ERR,ERR,ERR,ERR,ERR,ERR,ERR,ERR,ERR,ERR,ERR,ERR,ERR,ERR,ERR,ERR,ERR,ERR,ERR,ERR,ERR,ERR,ERR,ERR,ERR,ERR,ERR,ERR,ERR,ERR,ERR,ERR,ERR,ERR,ERR,ERR,ERR,0.0,0.0,-134474944.0,0.0,0.0,1.3936040501711995e+18,7.805,0.0,0,0,4,0,8422,0.0,45,0.0,0.0,0.0,0.0,0.0,0,0,0,0,0.0,0,0,0,0,0,0,0,0,0,0,0,0,0,0,0,0,0,0,0,0,0,0,0,0,0,0,0,0,0,0,0,0,0,38,14,7,45,65476,0,300,0,0,8,21553,0.0,-107605600.0,0.0,0.0,0.0,0.0,0.0,0.0,0.0,0.0,0.0,0.0,0.0,0.0,0.0,0.0,0.0,0.0,0.0,0.0,0.0,0.0,0.0,0.0,-2.004,2.004,0.0,0.0,0.0,0.0,4981.0,2.004,0.0,0.0,0.0,0.0,-107615304.0,0.0,0.0,0.0,0.0,53,4.950428597886765e+32,-0.0,0.0,0.0,0.0,0.0,0.0,0.0,0.0,0,0,0,0.0,0.0,0.0,0.0,0.0,0.0,0.0,0.0,0.0,0.0,0.0,0.0,0.0,0.0,0.0,0.0,0,-107875648.0,53,0.0,106,-107614832.0,2.7006707062415038e+23,ERR,ERR,ERR,ERR,ERR,ERR,ERR,ERR,ERR,ERR,ERR,ERR,ERR,ERR,ERR,ERR,ERR,ERR,ERR,ERR,ERR,ERR,ERR,ERR,ERR,ERR,ERR,ERR,ERR,ERR,ERR,ERR,ERR,ERR,ERR,ERR,ERR,ERR,ERR,ERR,ERR,ERR,ERR,ERR,ERR,ERR,ERR,ERR,ERR,ERR,ERR,ERR,ERR,ERR,ERR,ERR,ERR,ERR,ERR,ERR,ERR,ERR,ERR,ERR,ERR,ERR,ERR,50.0,60.0,100,0.0,0.0,0.0,0.0,0.0,0.0,0.0,0.0,0.0,0.0,0.0,0.0,0.0,0.0,0.0,0.0,61.6,77,11,65508,50,65476,0,300,0,0,8,20529,65476,0,0,26214,60.0,0.0,0.0,0.0,0.0,0.0
2026-05-17T16:49:52,ERR,ERR,ERR,ERR,ERR,ERR,ERR,ERR,ERR,ERR,ERR,ERR,ERR,ERR,ERR,ERR,ERR,ERR,ERR,ERR,ERR,ERR,ERR,ERR,ERR,ERR,ERR,ERR,ERR,ERR,ERR,ERR,ERR,ERR,ERR,ERR,ERR,ERR,ERR,ERR,ERR,ERR,ERR,ERR,ERR,ERR,ERR,ERR,ERR,ERR,ERR,ERR,ERR,ERR,ERR,ERR,ERR,ERR,ERR,ERR,ERR,ERR,ERR,ERR,ERR,ERR,ERR,ERR,ERR,ERR,ERR,ERR,ERR,ERR,ERR,ERR,ERR,ERR,ERR,ERR,ERR,ERR,ERR,ERR,ERR,ERR,ERR,ERR,ERR,ERR,ERR,ERR,ERR,ERR,ERR,ERR,ERR,ERR,ERR,ERR,ERR,ERR,ERR,ERR,ERR,ERR,ERR,ERR,ERR,ERR,ERR,ERR,ERR,ERR,ERR,ERR,ERR,ERR,ERR,ERR,ERR,ERR,ERR,ERR,ERR,0.0,0.0,-134474944.0,0.0,0.0,1.3936040501711995e+18,7.805,0.0,0,0,4,0,8422,0.0,45,0.0,0.0,0.0,0.0,0.0,0,0,0,0,0.0,0,0,0,0,0,0,0,0,0,0,0,0,0,0,0,0,0,0,0,0,0,0,0,0,0,0,0,0,0,0,0,0,0,38,14,7,45,65476,0,300,0,0,8,21553,0.0,-107605600.0,0.0,0.0,0.0,0.0,0.0,0.0,0.0,0.0,0.0,0.0,0.0,0.0,0.0,0.0,0.0,0.0,0.0,0.0,0.0,0.0,0.0,0.0,-2.004,2.004,0.0,0.0,0.0,0.0,4978.0,-564145766268928.0,0.0,0.0,0.0,0.0,-107615304.0,0.0,0.0,0.0,0.0,53,5.848083413016271e+35,-71.629,0.0,0.0,0.0,0.0,0.0,0.0,0.0,0,0,0,0.0,0.0,0.0,0.0,0.0,0.0,0.0,0.0,0.0,0.0,0.0,0.0,0.0,0.0,0.0,0.0,0,-107875648.0,53,0.0,106,-107614832.0,2.7006707062415038e+23,ERR,ERR,ERR,ERR,ERR,ERR,ERR,ERR,ERR,ERR,ERR,ERR,ERR,ERR,ERR,ERR,ERR,ERR,ERR,ERR,ERR,ERR,ERR,ERR,ERR,ERR,ERR,ERR,ERR,ERR,ERR,ERR,ERR,ERR,ERR,ERR,ERR,ERR,ERR,ERR,ERR,ERR,ERR,ERR,ERR,ERR,ERR,ERR,ERR,ERR,ERR,ERR,ERR,ERR,ERR,ERR,ERR,ERR,ERR,ERR,ERR,ERR,ERR,ERR,ERR,ERR,ERR,50.0,60.0,100,0.0,0.0,0.0,0.0,0.0,0.0,0.0,0.0,0.0,0.0,0.0,0.0,0.0,0.0,0.0,0.0,62.0,77,11,65508,50,65476,0,300,0,0,8,20529,65476,0,0,26214,60.0,0.0,0.0,0.0,0.0,0.0
2026-05-17T16:49:53,ERR,ERR,ERR,ERR,ERR,ERR,ERR,ERR,ERR,ERR,ERR,ERR,ERR,ERR,ERR,ERR,ERR,ERR,ERR,ERR,ERR,ERR,ERR,ERR,ERR,ERR,ERR,ERR,ERR,ERR,ERR,ERR,ERR,ERR,ERR,ERR,ERR,ERR,ERR,ERR,ERR,ERR,ERR,ERR,ERR,ERR,ERR,ERR,ERR,ERR,ERR,ERR,ERR,ERR,ERR,ERR,ERR,ERR,ERR,ERR,ERR,ERR,ERR,ERR,ERR,ERR,ERR,ERR,ERR,ERR,ERR,ERR,ERR,ERR,ERR,ERR,ERR,ERR,ERR,ERR,ERR,ERR,ERR,ERR,ERR,ERR,ERR,ERR,ERR,ERR,ERR,ERR,ERR,ERR,ERR,ERR,ERR,ERR,ERR,ERR,ERR,ERR,ERR,ERR,ERR,ERR,ERR,ERR,ERR,ERR,ERR,ERR,ERR,ERR,ERR,ERR,ERR,ERR,ERR,ERR,ERR,ERR,ERR,ERR,ERR,0.0,0.0,-134474944.0,0.0,0.0,1.3936040501711995e+18,7.805,0.0,0,0,4,0,8422,0.0,45,0.0,0.0,0.0,0.0,0.0,0,0,0,0,0.0,0,0,0,0,0,0,0,0,0,0,0,0,0,0,0,0,0,0,0,0,0,0,0,0,0,0,0,0,0,0,0,0,0,38,14,7,45,65476,0,300,0,0,8,21553,0.0,-107605600.0,0.0,0.0,0.0,0.0,0.0,0.0,0.0,0.0,0.0,0.0,0.0,0.0,0.0,0.0,0.0,0.0,0.0,0.0,0.0,0.0,0.0,0.0,-2.004,2.004,0.0,0.0,0.0,0.0,4978.0,-564145766268928.0,0.0,0.0,0.0,0.0,-107615304.0,0.0,0.0,0.0,0.0,53,5.848083413016271e+35,-71.629,0.0,0.0,0.0,0.0,0.0,0.0,0.0,0,0,0,0.0,0.0,0.0,0.0,0.0,0.0,0.0,0.0,0.0,0.0,0.0,0.0,0.0,0.0,0.0,0.0,0,-107875648.0,53,0.0,106,-107614832.0,2.7006707062415038e+23,ERR,ERR,ERR,ERR,ERR,ERR,ERR,ERR,ERR,ERR,ERR,ERR,ERR,ERR,ERR,ERR,ERR,ERR,ERR,ERR,ERR,ERR,ERR,ERR,ERR,ERR,ERR,ERR,ERR,ERR,ERR,ERR,ERR,ERR,ERR,ERR,ERR,ERR,ERR,ERR,ERR,ERR,ERR,ERR,ERR,ERR,ERR,ERR,ERR,ERR,ERR,ERR,ERR,ERR,ERR,ERR,ERR,ERR,ERR,ERR,ERR,ERR,ERR,ERR,ERR,ERR,ERR,50.0,60.0,100,0.0,0.0,0.0,0.0,0.0,0.0,0.0,0.0,0.0,0.0,0.0,0.0,0.0,0.0,0.0,0.0,62.0,77,11,65508,50,65476,0,300,0,0,8,20529,65476,0,0,26214,60.0,0.0,0.0,0.0,0.0,0.0
2026-05-17T16:49:54,ERR,ERR,ERR,ERR,ERR,ERR,ERR,ERR,ERR,ERR,ERR,ERR,ERR,ERR,ERR,ERR,ERR,ERR,ERR,ERR,ERR,ERR,ERR,ERR,ERR,ERR,ERR,ERR,ERR,ERR,ERR,ERR,ERR,ERR,ERR,ERR,ERR,ERR,ERR,ERR,ERR,ERR,ERR,ERR,ERR,ERR,ERR,ERR,ERR,ERR,ERR,ERR,ERR,ERR,ERR,ERR,ERR,ERR,ERR,ERR,ERR,ERR,ERR,ERR,ERR,ERR,ERR,ERR,ERR,ERR,ERR,ERR,ERR,ERR,ERR,ERR,ERR,ERR,ERR,ERR,ERR,ERR,ERR,ERR,ERR,ERR,ERR,ERR,ERR,ERR,ERR,ERR,ERR,ERR,ERR,ERR,ERR,ERR,ERR,ERR,ERR,ERR,ERR,ERR,ERR,ERR,ERR,ERR,ERR,ERR,ERR,ERR,ERR,ERR,ERR,ERR,ERR,ERR,ERR,ERR,ERR,ERR,ERR,ERR,ERR,0.0,0.0,-134474944.0,0.0,0.0,1.3936040501711995e+18,7.805,0.0,0,0,4,0,8422,0.0,45,0.0,0.0,0.0,0.0,0.0,0,0,0,0,0.0,0,0,0,0,0,0,0,0,0,0,0,0,0,0,0,0,0,0,0,0,0,0,0,0,0,0,0,0,0,0,0,0,0,38,14,7,45,65476,0,300,0,0,8,21553,0.0,-107605600.0,0.0,0.0,0.0,0.0,0.0,0.0,0.0,0.0,0.0,0.0,0.0,0.0,0.0,0.0,0.0,0.0,0.0,0.0,0.0,0.0,0.0,0.0,-2.004,2.004,0.0,0.0,0.0,0.0,4978.0,-564145766268928.0,0.0,0.0,0.0,0.0,-107615304.0,0.0,0.0,0.0,0.0,53,5.848083413016271e+35,-71.629,0.0,0.0,0.0,0.0,0.0,0.0,0.0,0,0,0,0.0,0.0,0.0,0.0,0.0,0.0,0.0,0.0,0.0,0.0,0.0,0.0,0.0,0.0,0.0,0.0,0,-107875648.0,53,0.0,106,-107614832.0,2.7006707062415038e+23,ERR,ERR,ERR,ERR,ERR,ERR,ERR,ERR,ERR,ERR,ERR,ERR,ERR,ERR,ERR,ERR,ERR,ERR,ERR,ERR,ERR,ERR,ERR,ERR,ERR,ERR,ERR,ERR,ERR,ERR,ERR,ERR,ERR,ERR,ERR,ERR,ERR,ERR,ERR,ERR,ERR,ERR,ERR,ERR,ERR,ERR,ERR,ERR,ERR,ERR,ERR,ERR,ERR,ERR,ERR,ERR,ERR,ERR,ERR,ERR,ERR,ERR,ERR,ERR,ERR,ERR,ERR,50.0,60.0,100,0.0,0.0,0.0,0.0,0.0,0.0,0.0,0.0,0.0,0.0,0.0,0.0,0.0,0.0,0.0,0.0,61.6,77,11,65508,50,65476,0,300,0,0,8,20529,65476,0,0,26214,60.0,0.0,0.0,0.0,0.0,0.0
2026-05-17T16:49:55,ERR,ERR,ERR,ERR,ERR,ERR,ERR,ERR,ERR,ERR,ERR,ERR,ERR,ERR,ERR,ERR,ERR,ERR,ERR,ERR,ERR,ERR,ERR,ERR,ERR,ERR,ERR,ERR,ERR,ERR,ERR,ERR,ERR,ERR,ERR,ERR,ERR,ERR,ERR,ERR,ERR,ERR,ERR,ERR,ERR,ERR,ERR,ERR,ERR,ERR,ERR,ERR,ERR,ERR,ERR,ERR,ERR,ERR,ERR,ERR,ERR,ERR,ERR,ERR,ERR,ERR,ERR,ERR,ERR,ERR,ERR,ERR,ERR,ERR,ERR,ERR,ERR,ERR,ERR,ERR,ERR,ERR,ERR,ERR,ERR,ERR,ERR,ERR,ERR,ERR,ERR,ERR,ERR,ERR,ERR,ERR,ERR,ERR,ERR,ERR,ERR,ERR,ERR,ERR,ERR,ERR,ERR,ERR,ERR,ERR,ERR,ERR,ERR,ERR,ERR,ERR,ERR,ERR,ERR,ERR,ERR,ERR,ERR,ERR,ERR,0.0,0.0,-134474944.0,0.0,0.0,1.3936040501711995e+18,7.805,0.0,0,0,4,0,8422,0.0,45,0.0,0.0,0.0,0.0,0.0,0,0,0,0,0.0,0,0,0,0,0,0,0,0,0,0,0,0,0,0,0,0,0,0,0,0,0,0,0,0,0,0,0,0,0,0,0,0,0,38,14,7,45,65476,0,300,0,0,8,21553,0.0,-107605600.0,0.0,0.0,0.0,0.0,0.0,0.0,0.0,0.0,0.0,0.0,0.0,0.0,0.0,0.0,0.0,0.0,0.0,0.0,0.0,0.0,0.0,0.0,-2.004,2.004,0.0,0.0,0.0,0.0,4978.0,-564145766268928.0,0.0,0.0,0.0,0.0,-107615304.0,0.0,0.0,0.0,0.0,53,5.848083413016271e+35,-71.629,0.0,0.0,0.0,0.0,0.0,0.0,0.0,0,0,0,0.0,0.0,0.0,0.0,0.0,0.0,0.0,0.0,0.0,0.0,0.0,0.0,0.0,0.0,0.0,0.0,0,-107875648.0,53,0.0,106,-107614832.0,2.7006707062415038e+23,ERR,ERR,ERR,ERR,ERR,ERR,ERR,ERR,ERR,ERR,ERR,ERR,ERR,ERR,ERR,ERR,ERR,ERR,ERR,ERR,ERR,ERR,ERR,ERR,ERR,ERR,ERR,ERR,ERR,ERR,ERR,ERR,ERR,ERR,ERR,ERR,ERR,ERR,ERR,ERR,ERR,ERR,ERR,ERR,ERR,ERR,ERR,ERR,ERR,ERR,ERR,ERR,ERR,ERR,ERR,ERR,ERR,ERR,ERR,ERR,ERR,ERR,ERR,ERR,ERR,ERR,ERR,50.0,60.0,100,0.0,0.0,0.0,0.0,0.0,0.0,0.0,0.0,0.0,0.0,0.0,0.0,0.0,0.0,0.0,0.0,61.6,77,11,65508,50,65476,0,300,0,0,8,20529,65476,0,0,26214,60.0,0.0,0.0,0.0,0.0,0.0
2026-05-17T16:49:56,ERR,ERR,ERR,ERR,ERR,ERR,ERR,ERR,ERR,ERR,ERR,ERR,ERR,ERR,ERR,ERR,ERR,ERR,ERR,ERR,ERR,ERR,ERR,ERR,ERR,ERR,ERR,ERR,ERR,ERR,ERR,ERR,ERR,ERR,ERR,ERR,ERR,ERR,ERR,ERR,ERR,ERR,ERR,ERR,ERR,ERR,ERR,ERR,ERR,ERR,ERR,ERR,ERR,ERR,ERR,ERR,ERR,ERR,ERR,ERR,ERR,ERR,ERR,ERR,ERR,ERR,ERR,ERR,ERR,ERR,ERR,ERR,ERR,ERR,ERR,ERR,ERR,ERR,ERR,ERR,ERR,ERR,ERR,ERR,ERR,ERR,ERR,ERR,ERR,ERR,ERR,ERR,ERR,ERR,ERR,ERR,ERR,ERR,ERR,ERR,ERR,ERR,ERR,ERR,ERR,ERR,ERR,ERR,ERR,ERR,ERR,ERR,ERR,ERR,ERR,ERR,ERR,ERR,ERR,ERR,ERR,ERR,ERR,ERR,ERR,0.0,0.0,-134474944.0,0.0,0.0,1.3936040501711995e+18,7.805,0.0,0,0,4,0,8422,0.0,45,0.0,0.0,0.0,0.0,0.0,0,0,0,0,0.0,0,0,0,0,0,0,0,0,0,0,0,0,0,0,0,0,0,0,0,0,0,0,0,0,0,0,0,0,0,0,0,0,0,38,14,7,45,65476,0,300,0,0,8,21553,0.0,-107605600.0,0.0,0.0,0.0,0.0,0.0,0.0,0.0,0.0,0.0,0.0,0.0,0.0,0.0,0.0,0.0,0.0,0.0,0.0,0.0,0.0,0.0,0.0,-2.004,2.004,0.0,0.0,0.0,0.0,4978.0,-564145766268928.0,0.0,0.0,0.0,0.0,-107615304.0,0.0,0.0,0.0,0.0,53,5.848083413016271e+35,-71.629,0.0,0.0,0.0,0.0,0.0,0.0,0.0,0,0,0,0.0,0.0,0.0,0.0,0.0,0.0,0.0,0.0,0.0,0.0,0.0,0.0,0.0,0.0,0.0,0.0,0,-107875648.0,53,0.0,106,-107614832.0,2.7006707062415038e+23,ERR,ERR,ERR,ERR,ERR,ERR,ERR,ERR,ERR,ERR,ERR,ERR,ERR,ERR,ERR,ERR,ERR,ERR,ERR,ERR,ERR,ERR,ERR,ERR,ERR,ERR,ERR,ERR,ERR,ERR,ERR,ERR,ERR,ERR,ERR,ERR,ERR,ERR,ERR,ERR,ERR,ERR,ERR,ERR,ERR,ERR,ERR,ERR,ERR,ERR,ERR,ERR,ERR,ERR,ERR,ERR,ERR,ERR,ERR,ERR,ERR,ERR,ERR,ERR,ERR,ERR,ERR,50.0,60.0,100,0.0,0.0,0.0,0.0,0.0,0.0,0.0,0.0,0.0,0.0,0.0,0.0,0.0,0.0,0.0,0.0,61.6,77,11,65508,50,65476,0,300,0,0,8,20529,65476,0,0,26214,60.0,0.0,0.0,0.0,0.0,0.0
2026-05-17T16:49:57,ERR,ERR,ERR,ERR,ERR,ERR,ERR,ERR,ERR,ERR,ERR,ERR,ERR,ERR,ERR,ERR,ERR,ERR,ERR,ERR,ERR,ERR,ERR,ERR,ERR,ERR,ERR,ERR,ERR,ERR,ERR,ERR,ERR,ERR,ERR,ERR,ERR,ERR,ERR,ERR,ERR,ERR,ERR,ERR,ERR,ERR,ERR,ERR,ERR,ERR,ERR,ERR,ERR,ERR,ERR,ERR,ERR,ERR,ERR,ERR,ERR,ERR,ERR,ERR,ERR,ERR,ERR,ERR,ERR,ERR,ERR,ERR,ERR,ERR,ERR,ERR,ERR,ERR,ERR,ERR,ERR,ERR,ERR,ERR,ERR,ERR,ERR,ERR,ERR,ERR,ERR,ERR,ERR,ERR,ERR,ERR,ERR,ERR,ERR,ERR,ERR,ERR,ERR,ERR,ERR,ERR,ERR,ERR,ERR,ERR,ERR,ERR,ERR,ERR,ERR,ERR,ERR,ERR,ERR,ERR,ERR,ERR,ERR,ERR,ERR,0.0,0.0,-134474944.0,0.0,0.0,1.3936040501711995e+18,7.805,0.0,0,0,4,0,8422,0.0,45,0.0,0.0,0.0,0.0,0.0,0,0,0,0,0.0,0,0,0,0,0,0,0,0,0,0,0,0,0,0,0,0,0,0,0,0,0,0,0,0,0,0,0,0,0,0,0,0,0,38,14,7,45,65476,0,300,0,0,8,21553,0.0,-107605600.0,0.0,0.0,0.0,0.0,0.0,0.0,0.0,0.0,0.0,0.0,0.0,0.0,0.0,0.0,0.0,0.0,0.0,0.0,0.0,0.0,0.0,0.0,-2.004,2.004,0.0,0.0,0.0,0.0,5014.0,0.0,0.0,0.0,0.0,0.0,-107615304.0,0.0,0.0,0.0,0.0,53,4.950428597886765e+32,-0.0,0.0,0.0,0.0,0.0,0.0,0.0,0.0,0,0,0,0.0,0.0,0.0,0.0,0.0,0.0,0.0,0.0,0.0,0.0,0.0,0.0,0.0,0.0,0.0,0.0,0,-107875648.0,53,0.0,106,-107614832.0,2.7006707062415038e+23,ERR,ERR,ERR,ERR,ERR,ERR,ERR,ERR,ERR,ERR,ERR,ERR,ERR,ERR,ERR,ERR,ERR,ERR,ERR,ERR,ERR,ERR,ERR,ERR,ERR,ERR,ERR,ERR,ERR,ERR,ERR,ERR,ERR,ERR,ERR,ERR,ERR,ERR,ERR,ERR,ERR,ERR,ERR,ERR,ERR,ERR,ERR,ERR,ERR,ERR,ERR,ERR,ERR,ERR,ERR,ERR,ERR,ERR,ERR,ERR,ERR,ERR,ERR,ERR,ERR,ERR,ERR,50.0,60.0,100,0.0,0.0,0.0,0.0,0.0,0.0,0.0,0.0,0.0,0.0,0.0,0.0,0.0,0.0,0.0,0.0,61.6,77,11,65508,50,65476,0,300,0,0,8,20529,65476,0,0,26214,60.0,0.0,0.0,0.0,0.0,0.0
2026-05-17T16:49:58,ERR,ERR,ERR,ERR,ERR,ERR,ERR,ERR,ERR,ERR,ERR,ERR,ERR,ERR,ERR,ERR,ERR,ERR,ERR,ERR,ERR,ERR,ERR,ERR,ERR,ERR,ERR,ERR,ERR,ERR,ERR,ERR,ERR,ERR,ERR,ERR,ERR,ERR,ERR,ERR,ERR,ERR,ERR,ERR,ERR,ERR,ERR,ERR,ERR,ERR,ERR,ERR,ERR,ERR,ERR,ERR,ERR,ERR,ERR,ERR,ERR,ERR,ERR,ERR,ERR,ERR,ERR,ERR,ERR,ERR,ERR,ERR,ERR,ERR,ERR,ERR,ERR,ERR,ERR,ERR,ERR,ERR,ERR,ERR,ERR,ERR,ERR,ERR,ERR,ERR,ERR,ERR,ERR,ERR,ERR,ERR,ERR,ERR,ERR,ERR,ERR,ERR,ERR,ERR,ERR,ERR,ERR,ERR,ERR,ERR,ERR,ERR,ERR,ERR,ERR,ERR,ERR,ERR,ERR,ERR,ERR,ERR,ERR,ERR,ERR,0.0,0.0,-134474944.0,0.0,0.0,1.3936040501711995e+18,7.805,0.0,0,0,4,0,8422,0.0,45,0.0,0.0,0.0,0.0,0.0,0,0,0,0,0.0,0,0,0,0,0,0,0,0,0,0,0,0,0,0,0,0,0,0,0,0,0,0,0,0,0,0,0,0,0,0,0,0,0,38,14,7,45,65476,0,300,0,0,8,21553,0.0,-107605600.0,0.0,0.0,0.0,0.0,0.0,0.0,0.0,0.0,0.0,0.0,0.0,0.0,0.0,0.0,0.0,0.0,0.0,0.0,0.0,0.0,0.0,0.0,-2.004,2.004,0.0,0.0,0.0,0.0,5014.0,0.0,0.0,0.0,0.0,0.0,-107615304.0,0.0,0.0,0.0,0.0,53,4.950428597886765e+32,-0.0,0.0,0.0,0.0,0.0,0.0,0.0,0.0,0,0,0,0.0,0.0,0.0,0.0,0.0,0.0,0.0,0.0,0.0,0.0,0.0,0.0,0.0,0.0,0.0,0.0,0,-107875648.0,53,0.0,106,-107614832.0,2.7006707062415038e+23,ERR,ERR,ERR,ERR,ERR,ERR,ERR,ERR,ERR,ERR,ERR,ERR,ERR,ERR,ERR,ERR,ERR,ERR,ERR,ERR,ERR,ERR,ERR,ERR,ERR,ERR,ERR,ERR,ERR,ERR,ERR,ERR,ERR,ERR,ERR,ERR,ERR,ERR,ERR,ERR,ERR,ERR,ERR,ERR,ERR,ERR,ERR,ERR,ERR,ERR,ERR,ERR,ERR,ERR,ERR,ERR,ERR,ERR,ERR,ERR,ERR,ERR,ERR,ERR,ERR,ERR,ERR,50.0,60.0,100,0.0,0.0,0.0,0.0,0.0,0.0,0.0,0.0,0.0,0.0,0.0,0.0,0.0,0.0,0.0,0.0,61.6,77,11,65508,50,65476,0,300,0,0,8,20529,65476,0,0,26214,60.0,0.0,0.0,0.0,0.0,0.0
2026-05-17T16:49:59,ERR,ERR,ERR,ERR,ERR,ERR,ERR,ERR,ERR,ERR,ERR,ERR,ERR,ERR,ERR,ERR,ERR,ERR,ERR,ERR,ERR,ERR,ERR,ERR,ERR,ERR,ERR,ERR,ERR,ERR,ERR,ERR,ERR,ERR,ERR,ERR,ERR,ERR,ERR,ERR,ERR,ERR,ERR,ERR,ERR,ERR,ERR,ERR,ERR,ERR,ERR,ERR,ERR,ERR,ERR,ERR,ERR,ERR,ERR,ERR,ERR,ERR,ERR,ERR,ERR,ERR,ERR,ERR,ERR,ERR,ERR,ERR,ERR,ERR,ERR,ERR,ERR,ERR,ERR,ERR,ERR,ERR,ERR,ERR,ERR,ERR,ERR,ERR,ERR,ERR,ERR,ERR,ERR,ERR,ERR,ERR,ERR,ERR,ERR,ERR,ERR,ERR,ERR,ERR,ERR,ERR,ERR,ERR,ERR,ERR,ERR,ERR,ERR,ERR,ERR,ERR,ERR,ERR,ERR,ERR,ERR,ERR,ERR,ERR,ERR,0.0,0.0,-134474944.0,0.0,0.0,1.3936040501711995e+18,7.805,0.0,0,0,4,0,8422,0.0,45,0.0,0.0,0.0,0.0,0.0,0,0,0,0,0.0,0,0,0,0,0,0,0,0,0,0,0,0,0,0,0,0,0,0,0,0,0,0,0,0,0,0,0,0,0,0,0,0,0,38,14,7,45,65476,0,300,0,0,8,21553,0.0,-107605600.0,0.0,0.0,0.0,0.0,0.0,0.0,0.0,0.0,0.0,0.0,0.0,0.0,0.0,0.0,0.0,0.0,0.0,0.0,0.0,0.0,0.0,0.0,-2.004,2.004,0.0,0.0,0.0,0.0,5014.0,0.0,0.0,0.0,0.0,0.0,-107615304.0,0.0,0.0,0.0,0.0,53,4.950428597886765e+32,-0.0,0.0,0.0,0.0,0.0,0.0,0.0,0.0,0,0,0,0.0,0.0,0.0,0.0,0.0,0.0,0.0,0.0,0.0,0.0,0.0,0.0,0.0,0.0,0.0,0.0,0,-107875648.0,53,0.0,106,-107614832.0,2.7006707062415038e+23,ERR,ERR,ERR,ERR,ERR,ERR,ERR,ERR,ERR,ERR,ERR,ERR,ERR,ERR,ERR,ERR,ERR,ERR,ERR,ERR,ERR,ERR,ERR,ERR,ERR,ERR,ERR,ERR,ERR,ERR,ERR,ERR,ERR,ERR,ERR,ERR,ERR,ERR,ERR,ERR,ERR,ERR,ERR,ERR,ERR,ERR,ERR,ERR,ERR,ERR,ERR,ERR,ERR,ERR,ERR,ERR,ERR,ERR,ERR,ERR,ERR,ERR,ERR,ERR,ERR,ERR,ERR,50.0,60.0,100,0.0,0.0,0.0,0.0,0.0,0.0,0.0,0.0,0.0,0.0,0.0,0.0,0.0,0.0,0.0,0.0,61.6,77,11,65508,50,65476,0,300,0,0,8,20529,65476,0,0,26214,60.0,0.0,0.0,0.0,0.0,0.0
2026-05-17T16:50:00,ERR,ERR,ERR,ERR,ERR,ERR,ERR,ERR,ERR,ERR,ERR,ERR,ERR,ERR,ERR,ERR,ERR,ERR,ERR,ERR,ERR,ERR,ERR,ERR,ERR,ERR,ERR,ERR,ERR,ERR,ERR,ERR,ERR,ERR,ERR,ERR,ERR,ERR,ERR,ERR,ERR,ERR,ERR,ERR,ERR,ERR,ERR,ERR,ERR,ERR,ERR,ERR,ERR,ERR,ERR,ERR,ERR,ERR,ERR,ERR,ERR,ERR,ERR,ERR,ERR,ERR,ERR,ERR,ERR,ERR,ERR,ERR,ERR,ERR,ERR,ERR,ERR,ERR,ERR,ERR,ERR,ERR,ERR,ERR,ERR,ERR,ERR,ERR,ERR,ERR,ERR,ERR,ERR,ERR,ERR,ERR,ERR,ERR,ERR,ERR,ERR,ERR,ERR,ERR,ERR,ERR,ERR,ERR,ERR,ERR,ERR,ERR,ERR,ERR,ERR,ERR,ERR,ERR,ERR,ERR,ERR,ERR,ERR,ERR,ERR,0.0,0.0,-134474944.0,0.0,0.0,1.3936040501711995e+18,7.805,0.0,0,0,4,0,8422,0.0,45,0.0,0.0,0.0,0.0,0.0,0,0,0,0,0.0,0,0,0,0,0,0,0,0,0,0,0,0,0,0,0,0,0,0,0,0,0,0,0,0,0,0,0,0,0,0,0,0,0,38,14,7,45,65476,0,300,0,0,8,21553,0.0,-107605600.0,0.0,0.0,0.0,0.0,0.0,0.0,0.0,0.0,0.0,0.0,0.0,0.0,0.0,0.0,0.0,0.0,0.0,0.0,0.0,0.0,0.0,0.0,-2.004,2.004,0.0,0.0,0.0,0.0,5014.0,0.0,0.0,0.0,0.0,0.0,-107615304.0,0.0,0.0,0.0,0.0,53,4.950428597886765e+32,-0.0,0.0,0.0,0.0,0.0,0.0,0.0,0.0,0,0,0,0.0,0.0,0.0,0.0,0.0,0.0,0.0,0.0,0.0,0.0,0.0,0.0,0.0,0.0,0.0,0.0,0,-107875648.0,53,0.0,106,-107614832.0,2.7006707062415038e+23,ERR,ERR,ERR,ERR,ERR,ERR,ERR,ERR,ERR,ERR,ERR,ERR,ERR,ERR,ERR,ERR,ERR,ERR,ERR,ERR,ERR,ERR,ERR,ERR,ERR,ERR,ERR,ERR,ERR,ERR,ERR,ERR,ERR,ERR,ERR,ERR,ERR,ERR,ERR,ERR,ERR,ERR,ERR,ERR,ERR,ERR,ERR,ERR,ERR,ERR,ERR,ERR,ERR,ERR,ERR,ERR,ERR,ERR,ERR,ERR,ERR,ERR,ERR,ERR,ERR,ERR,ERR,50.0,60.0,100,0.0,0.0,0.0,0.0,0.0,0.0,0.0,0.0,0.0,0.0,0.0,0.0,0.0,0.0,0.0,0.0,61.6,77,11,65508,50,65476,0,300,0,0,8,20529,65476,0,0,26214,60.0,0.0,0.0,0.0,0.0,0.0
2026-05-17T16:50:01,ERR,ERR,ERR,ERR,ERR,ERR,ERR,ERR,ERR,ERR,ERR,ERR,ERR,ERR,ERR,ERR,ERR,ERR,ERR,ERR,ERR,ERR,ERR,ERR,ERR,ERR,ERR,ERR,ERR,ERR,ERR,ERR,ERR,ERR,ERR,ERR,ERR,ERR,ERR,ERR,ERR,ERR,ERR,ERR,ERR,ERR,ERR,ERR,ERR,ERR,ERR,ERR,ERR,ERR,ERR,ERR,ERR,ERR,ERR,ERR,ERR,ERR,ERR,ERR,ERR,ERR,ERR,ERR,ERR,ERR,ERR,ERR,ERR,ERR,ERR,ERR,ERR,ERR,ERR,ERR,ERR,ERR,ERR,ERR,ERR,ERR,ERR,ERR,ERR,ERR,ERR,ERR,ERR,ERR,ERR,ERR,ERR,ERR,ERR,ERR,ERR,ERR,ERR,ERR,ERR,ERR,ERR,ERR,ERR,ERR,ERR,ERR,ERR,ERR,ERR,ERR,ERR,ERR,ERR,ERR,ERR,ERR,ERR,ERR,ERR,0.0,0.0,-134474944.0,0.0,0.0,1.3936040501711995e+18,7.805,0.0,0,0,4,0,8422,0.0,45,0.0,0.0,0.0,0.0,0.0,0,0,0,0,0.0,0,0,0,0,0,0,0,0,0,0,0,0,0,0,0,0,0,0,0,0,0,0,0,0,0,0,0,0,0,0,0,0,0,38,14,7,45,65476,0,300,0,0,8,21553,0.0,-107605600.0,0.0,0.0,0.0,0.0,0.0,0.0,0.0,0.0,0.0,0.0,0.0,0.0,0.0,0.0,0.0,0.0,0.0,0.0,0.0,0.0,0.0,0.0,-2.004,2.004,0.0,0.0,0.0,0.0,5014.0,0.0,0.0,0.0,0.0,0.0,-107615304.0,0.0,0.0,0.0,0.0,53,4.950428597886765e+32,-0.0,0.0,0.0,0.0,0.0,0.0,0.0,0.0,0,0,0,0.0,0.0,0.0,0.0,0.0,0.0,0.0,0.0,0.0,0.0,0.0,0.0,0.0,0.0,0.0,0.0,0,-107875648.0,53,0.0,106,-107614832.0,2.7006707062415038e+23,ERR,ERR,ERR,ERR,ERR,ERR,ERR,ERR,ERR,ERR,ERR,ERR,ERR,ERR,ERR,ERR,ERR,ERR,ERR,ERR,ERR,ERR,ERR,ERR,ERR,ERR,ERR,ERR,ERR,ERR,ERR,ERR,ERR,ERR,ERR,ERR,ERR,ERR,ERR,ERR,ERR,ERR,ERR,ERR,ERR,ERR,ERR,ERR,ERR,ERR,ERR,ERR,ERR,ERR,ERR,ERR,ERR,ERR,ERR,ERR,ERR,ERR,ERR,ERR,ERR,ERR,ERR,50.0,60.0,100,0.0,0.0,0.0,0.0,0.0,0.0,0.0,0.0,0.0,0.0,0.0,0.0,0.0,0.0,0.0,0.0,61.6,77,11,65508,50,65476,0,300,0,0,8,20529,65476,0,0,26214,60.0,0.0,0.0,0.0,0.0,0.0
2026-05-17T16:50:02,ERR,ERR,ERR,ERR,ERR,ERR,ERR,ERR,ERR,ERR,ERR,ERR,ERR,ERR,ERR,ERR,ERR,ERR,ERR,ERR,ERR,ERR,ERR,ERR,ERR,ERR,ERR,ERR,ERR,ERR,ERR,ERR,ERR,ERR,ERR,ERR,ERR,ERR,ERR,ERR,ERR,ERR,ERR,ERR,ERR,ERR,ERR,ERR,ERR,ERR,ERR,ERR,ERR,ERR,ERR,ERR,ERR,ERR,ERR,ERR,ERR,ERR,ERR,ERR,ERR,ERR,ERR,ERR,ERR,ERR,ERR,ERR,ERR,ERR,ERR,ERR,ERR,ERR,ERR,ERR,ERR,ERR,ERR,ERR,ERR,ERR,ERR,ERR,ERR,ERR,ERR,ERR,ERR,ERR,ERR,ERR,ERR,ERR,ERR,ERR,ERR,ERR,ERR,ERR,ERR,ERR,ERR,ERR,ERR,ERR,ERR,ERR,ERR,ERR,ERR,ERR,ERR,ERR,ERR,ERR,ERR,ERR,ERR,ERR,ERR,0.0,0.0,-134474944.0,0.0,0.0,1.3936040501711995e+18,7.805,0.0,0,0,4,0,8422,0.0,45,0.0,0.0,0.0,0.0,0.0,0,0,0,0,0.0,0,0,0,0,0,0,0,0,0,0,0,0,0,0,0,0,0,0,0,0,0,0,0,0,0,0,0,0,0,0,0,0,0,38,14,7,45,65476,0,300,0,0,8,21553,0.0,-107605600.0,0.0,0.0,0.0,0.0,0.0,0.0,0.0,0.0,0.0,0.0,0.0,0.0,0.0,0.0,0.0,0.0,0.0,0.0,0.0,0.0,0.0,0.0,-2.004,2.004,0.0,0.0,0.0,0.0,5007.0,0.0,0.0,-107615288.0,0.0,0.0,-107615304.0,0.0,0.0,0.0,0.0,53,4.950428597886765e+32,-152017263656960.0,0.0,0.0,0.0,0.0,0.0,0.0,0.0,0,0,0,0.0,0.0,0.0,0.0,0.0,0.0,0.0,0.0,0.0,0.0,0.0,0.0,0.0,0.0,0.0,0.0,0,-107875648.0,53,0.0,106,-107614832.0,2.7006707062415038e+23,ERR,ERR,ERR,ERR,ERR,ERR,ERR,ERR,ERR,ERR,ERR,ERR,ERR,ERR,ERR,ERR,ERR,ERR,ERR,ERR,ERR,ERR,ERR,ERR,ERR,ERR,ERR,ERR,ERR,ERR,ERR,ERR,ERR,ERR,ERR,ERR,ERR,ERR,ERR,ERR,ERR,ERR,ERR,ERR,ERR,ERR,ERR,ERR,ERR,ERR,ERR,ERR,ERR,ERR,ERR,ERR,ERR,ERR,ERR,ERR,ERR,ERR,ERR,ERR,ERR,ERR,ERR,50.0,60.0,100,0.0,0.0,0.0,0.0,0.0,0.0,0.0,0.0,0.0,0.0,0.0,0.0,0.0,0.0,0.0,0.0,61.6,77,11,65508,50,65476,0,300,0,0,8,20529,65476,0,0,26214,60.0,0.0,0.0,0.0,0.0,0.0
2026-05-17T16:50:03,ERR,ERR,ERR,ERR,ERR,ERR,ERR,ERR,ERR,ERR,ERR,ERR,ERR,ERR,ERR,ERR,ERR,ERR,ERR,ERR,ERR,ERR,ERR,ERR,ERR,ERR,ERR,ERR,ERR,ERR,ERR,ERR,ERR,ERR,ERR,ERR,ERR,ERR,ERR,ERR,ERR,ERR,ERR,ERR,ERR,ERR,ERR,ERR,ERR,ERR,ERR,ERR,ERR,ERR,ERR,ERR,ERR,ERR,ERR,ERR,ERR,ERR,ERR,ERR,ERR,ERR,ERR,ERR,ERR,ERR,ERR,ERR,ERR,ERR,ERR,ERR,ERR,ERR,ERR,ERR,ERR,ERR,ERR,ERR,ERR,ERR,ERR,ERR,ERR,ERR,ERR,ERR,ERR,ERR,ERR,ERR,ERR,ERR,ERR,ERR,ERR,ERR,ERR,ERR,ERR,ERR,ERR,ERR,ERR,ERR,ERR,ERR,ERR,ERR,ERR,ERR,ERR,ERR,ERR,ERR,ERR,ERR,ERR,ERR,ERR,0.0,0.0,-134474944.0,0.0,0.0,1.3936040501711995e+18,7.805,0.0,0,0,4,0,8422,0.0,45,0.0,0.0,0.0,0.0,0.0,0,0,0,0,0.0,0,0,0,0,0,0,0,0,0,0,0,0,0,0,0,0,0,0,0,0,0,0,0,0,0,0,0,0,0,0,0,0,0,38,14,7,45,65476,0,300,0,0,8,21553,0.0,-107605600.0,0.0,0.0,0.0,0.0,0.0,0.0,0.0,0.0,0.0,0.0,0.0,0.0,0.0,0.0,0.0,0.0,0.0,0.0,0.0,0.0,0.0,0.0,-2.004,2.004,0.0,0.0,0.0,0.0,5007.0,0.0,0.0,-107615288.0,0.0,0.0,-107615304.0,0.0,0.0,0.0,0.0,53,4.950428597886765e+32,-152017263656960.0,0.0,0.0,0.0,0.0,0.0,0.0,0.0,0,0,0,0.0,0.0,0.0,0.0,0.0,0.0,0.0,0.0,0.0,0.0,0.0,0.0,0.0,0.0,0.0,0.0,0,-107875648.0,53,0.0,106,-107614832.0,2.7006707062415038e+23,ERR,ERR,ERR,ERR,ERR,ERR,ERR,ERR,ERR,ERR,ERR,ERR,ERR,ERR,ERR,ERR,ERR,ERR,ERR,ERR,ERR,ERR,ERR,ERR,ERR,ERR,ERR,ERR,ERR,ERR,ERR,ERR,ERR,ERR,ERR,ERR,ERR,ERR,ERR,ERR,ERR,ERR,ERR,ERR,ERR,ERR,ERR,ERR,ERR,ERR,ERR,ERR,ERR,ERR,ERR,ERR,ERR,ERR,ERR,ERR,ERR,ERR,ERR,ERR,ERR,ERR,ERR,50.0,60.0,100,0.0,0.0,0.0,0.0,0.0,0.0,0.0,0.0,0.0,0.0,0.0,0.0,0.0,0.0,0.0,0.0,62.0,77,11,65508,50,65476,0,300,0,0,8,20529,65476,0,0,26214,60.0,0.0,0.0,0.0,0.0,0.0
2026-05-17T16:50:04,ERR,ERR,ERR,ERR,ERR,ERR,ERR,ERR,ERR,ERR,ERR,ERR,ERR,ERR,ERR,ERR,ERR,ERR,ERR,ERR,ERR,ERR,ERR,ERR,ERR,ERR,ERR,ERR,ERR,ERR,ERR,ERR,ERR,ERR,ERR,ERR,ERR,ERR,ERR,ERR,ERR,ERR,ERR,ERR,ERR,ERR,ERR,ERR,ERR,ERR,ERR,ERR,ERR,ERR,ERR,ERR,ERR,ERR,ERR,ERR,ERR,ERR,ERR,ERR,ERR,ERR,ERR,ERR,ERR,ERR,ERR,ERR,ERR,ERR,ERR,ERR,ERR,ERR,ERR,ERR,ERR,ERR,ERR,ERR,ERR,ERR,ERR,ERR,ERR,ERR,ERR,ERR,ERR,ERR,ERR,ERR,ERR,ERR,ERR,ERR,ERR,ERR,ERR,ERR,ERR,ERR,ERR,ERR,ERR,ERR,ERR,ERR,ERR,ERR,ERR,ERR,ERR,ERR,ERR,ERR,ERR,ERR,ERR,ERR,ERR,0.0,0.0,-134474944.0,0.0,0.0,1.3936040501711995e+18,7.805,0.0,0,0,4,0,8422,0.0,45,0.0,0.0,0.0,0.0,0.0,0,0,0,0,0.0,0,0,0,0,0,0,0,0,0,0,0,0,0,0,0,0,0,0,0,0,0,0,0,0,0,0,0,0,0,0,0,0,0,38,14,7,45,65476,0,300,0,0,8,21553,0.0,-107605600.0,0.0,0.0,0.0,0.0,0.0,0.0,0.0,0.0,0.0,0.0,0.0,0.0,0.0,0.0,0.0,0.0,0.0,0.0,0.0,0.0,0.0,0.0,-2.004,2.004,0.0,0.0,0.0,0.0,5007.0,0.0,0.0,-107615288.0,0.0,0.0,-107615304.0,0.0,0.0,0.0,0.0,53,4.950428597886765e+32,-152017263656960.0,0.0,0.0,0.0,0.0,0.0,0.0,0.0,0,0,0,0.0,0.0,0.0,0.0,0.0,0.0,0.0,0.0,0.0,0.0,0.0,0.0,0.0,0.0,0.0,0.0,0,-107875648.0,53,0.0,106,-107614832.0,2.7006707062415038e+23,ERR,ERR,ERR,ERR,ERR,ERR,ERR,ERR,ERR,ERR,ERR,ERR,ERR,ERR,ERR,ERR,ERR,ERR,ERR,ERR,ERR,ERR,ERR,ERR,ERR,ERR,ERR,ERR,ERR,ERR,ERR,ERR,ERR,ERR,ERR,ERR,ERR,ERR,ERR,ERR,ERR,ERR,ERR,ERR,ERR,ERR,ERR,ERR,ERR,ERR,ERR,ERR,ERR,ERR,ERR,ERR,ERR,ERR,ERR,ERR,ERR,ERR,ERR,ERR,ERR,ERR,ERR,50.0,60.0,100,0.0,0.0,0.0,0.0,0.0,0.0,0.0,0.0,0.0,0.0,0.0,0.0,0.0,0.0,0.0,0.0,61.6,77,11,65508,50,65476,0,300,0,0,8,20529,65476,0,0,26214,60.0,0.0,0.0,0.0,0.0,0.0
2026-05-17T16:50:05,ERR,ERR,ERR,ERR,ERR,ERR,ERR,ERR,ERR,ERR,ERR,ERR,ERR,ERR,ERR,ERR,ERR,ERR,ERR,ERR,ERR,ERR,ERR,ERR,ERR,ERR,ERR,ERR,ERR,ERR,ERR,ERR,ERR,ERR,ERR,ERR,ERR,ERR,ERR,ERR,ERR,ERR,ERR,ERR,ERR,ERR,ERR,ERR,ERR,ERR,ERR,ERR,ERR,ERR,ERR,ERR,ERR,ERR,ERR,ERR,ERR,ERR,ERR,ERR,ERR,ERR,ERR,ERR,ERR,ERR,ERR,ERR,ERR,ERR,ERR,ERR,ERR,ERR,ERR,ERR,ERR,ERR,ERR,ERR,ERR,ERR,ERR,ERR,ERR,ERR,ERR,ERR,ERR,ERR,ERR,ERR,ERR,ERR,ERR,ERR,ERR,ERR,ERR,ERR,ERR,ERR,ERR,ERR,ERR,ERR,ERR,ERR,ERR,ERR,ERR,ERR,ERR,ERR,ERR,ERR,ERR,ERR,ERR,ERR,ERR,0.0,0.0,-134474944.0,0.0,0.0,1.3936040501711995e+18,7.805,0.0,0,0,4,0,8422,0.0,45,0.0,0.0,0.0,0.0,0.0,0,0,0,0,0.0,0,0,0,0,0,0,0,0,0,0,0,0,0,0,0,0,0,0,0,0,0,0,0,0,0,0,0,0,0,0,0,0,0,38,14,7,45,65476,0,300,0,0,8,21553,0.0,-107605600.0,0.0,0.0,0.0,0.0,0.0,0.0,0.0,0.0,0.0,0.0,0.0,0.0,0.0,0.0,0.0,0.0,0.0,0.0,0.0,0.0,0.0,0.0,-2.004,2.004,0.0,0.0,0.0,0.0,5007.0,0.0,0.0,-107615288.0,0.0,0.0,-107615304.0,0.0,0.0,0.0,0.0,53,4.950428597886765e+32,-152017263656960.0,0.0,0.0,0.0,0.0,0.0,0.0,0.0,0,0,0,0.0,0.0,0.0,0.0,0.0,0.0,0.0,0.0,0.0,0.0,0.0,0.0,0.0,0.0,0.0,0.0,0,-107875648.0,53,0.0,106,-107614832.0,2.7006707062415038e+23,ERR,ERR,ERR,ERR,ERR,ERR,ERR,ERR,ERR,ERR,ERR,ERR,ERR,ERR,ERR,ERR,ERR,ERR,ERR,ERR,ERR,ERR,ERR,ERR,ERR,ERR,ERR,ERR,ERR,ERR,ERR,ERR,ERR,ERR,ERR,ERR,ERR,ERR,ERR,ERR,ERR,ERR,ERR,ERR,ERR,ERR,ERR,ERR,ERR,ERR,ERR,ERR,ERR,ERR,ERR,ERR,ERR,ERR,ERR,ERR,ERR,ERR,ERR,ERR,ERR,ERR,ERR,50.0,60.0,100,0.0,0.0,0.0,0.0,0.0,0.0,0.0,0.0,0.0,0.0,0.0,0.0,0.0,0.0,0.0,0.0,61.6,77,11,65508,50,65476,0,300,0,0,8,20529,65476,0,0,26214,60.0,0.0,0.0,0.0,0.0,0.0
2026-05-17T16:50:06,ERR,ERR,ERR,ERR,ERR,ERR,ERR,ERR,ERR,ERR,ERR,ERR,ERR,ERR,ERR,ERR,ERR,ERR,ERR,ERR,ERR,ERR,ERR,ERR,ERR,ERR,ERR,ERR,ERR,ERR,ERR,ERR,ERR,ERR,ERR,ERR,ERR,ERR,ERR,ERR,ERR,ERR,ERR,ERR,ERR,ERR,ERR,ERR,ERR,ERR,ERR,ERR,ERR,ERR,ERR,ERR,ERR,ERR,ERR,ERR,ERR,ERR,ERR,ERR,ERR,ERR,ERR,ERR,ERR,ERR,ERR,ERR,ERR,ERR,ERR,ERR,ERR,ERR,ERR,ERR,ERR,ERR,ERR,ERR,ERR,ERR,ERR,ERR,ERR,ERR,ERR,ERR,ERR,ERR,ERR,ERR,ERR,ERR,ERR,ERR,ERR,ERR,ERR,ERR,ERR,ERR,ERR,ERR,ERR,ERR,ERR,ERR,ERR,ERR,ERR,ERR,ERR,ERR,ERR,ERR,ERR,ERR,ERR,ERR,ERR,0.0,0.0,-134474944.0,0.0,0.0,1.3936040501711995e+18,7.805,0.0,0,0,4,0,8422,0.0,45,0.0,0.0,0.0,0.0,0.0,0,0,0,0,0.0,0,0,0,0,0,0,0,0,0,0,0,0,0,0,0,0,0,0,0,0,0,0,0,0,0,0,0,0,0,0,0,0,0,38,14,7,45,65476,0,300,0,0,8,21553,0.0,-107605600.0,0.0,0.0,0.0,0.0,0.0,0.0,0.0,0.0,0.0,0.0,0.0,0.0,0.0,0.0,0.0,0.0,0.0,0.0,0.0,0.0,0.0,0.0,-2.004,2.004,0.0,0.0,0.0,0.0,5007.0,0.0,0.0,-107615288.0,0.0,0.0,-107615304.0,0.0,0.0,0.0,0.0,53,4.950428597886765e+32,-152017263656960.0,0.0,0.0,0.0,0.0,0.0,0.0,0.0,0,0,0,0.0,0.0,0.0,0.0,0.0,0.0,0.0,0.0,0.0,0.0,0.0,0.0,0.0,0.0,0.0,0.0,0,-107875648.0,53,0.0,106,-107614832.0,2.7006707062415038e+23,ERR,ERR,ERR,ERR,ERR,ERR,ERR,ERR,ERR,ERR,ERR,ERR,ERR,ERR,ERR,ERR,ERR,ERR,ERR,ERR,ERR,ERR,ERR,ERR,ERR,ERR,ERR,ERR,ERR,ERR,ERR,ERR,ERR,ERR,ERR,ERR,ERR,ERR,ERR,ERR,ERR,ERR,ERR,ERR,ERR,ERR,ERR,ERR,ERR,ERR,ERR,ERR,ERR,ERR,ERR,ERR,ERR,ERR,ERR,ERR,ERR,ERR,ERR,ERR,ERR,ERR,ERR,50.0,60.0,100,0.0,0.0,0.0,0.0,0.0,0.0,0.0,0.0,0.0,0.0,0.0,0.0,0.0,0.0,0.0,0.0,61.6,77,11,65508,50,65476,0,300,0,0,8,20529,65476,0,0,26214,60.0,0.0,0.0,0.0,0.0,0.0
2026-05-17T16:50:07,ERR,ERR,ERR,ERR,ERR,ERR,ERR,ERR,ERR,ERR,ERR,ERR,ERR,ERR,ERR,ERR,ERR,ERR,ERR,ERR,ERR,ERR,ERR,ERR,ERR,ERR,ERR,ERR,ERR,ERR,ERR,ERR,ERR,ERR,ERR,ERR,ERR,ERR,ERR,ERR,ERR,ERR,ERR,ERR,ERR,ERR,ERR,ERR,ERR,ERR,ERR,ERR,ERR,ERR,ERR,ERR,ERR,ERR,ERR,ERR,ERR,ERR,ERR,ERR,ERR,ERR,ERR,ERR,ERR,ERR,ERR,ERR,ERR,ERR,ERR,ERR,ERR,ERR,ERR,ERR,ERR,ERR,ERR,ERR,ERR,ERR,ERR,ERR,ERR,ERR,ERR,ERR,ERR,ERR,ERR,ERR,ERR,ERR,ERR,ERR,ERR,ERR,ERR,ERR,ERR,ERR,ERR,ERR,ERR,ERR,ERR,ERR,ERR,ERR,ERR,ERR,ERR,ERR,ERR,ERR,ERR,ERR,ERR,ERR,ERR,0.0,0.0,-134474944.0,0.0,0.0,1.3936040501711995e+18,7.805,0.0,0,0,4,0,8422,0.0,45,0.0,0.0,0.0,0.0,0.0,0,0,0,0,0.0,0,0,0,0,0,0,0,0,0,0,0,0,0,0,0,0,0,0,0,0,0,0,0,0,0,0,0,0,0,0,0,0,0,38,14,7,45,65476,0,300,0,0,8,21553,0.0,-107605600.0,0.0,0.0,0.0,0.0,0.0,0.0,0.0,0.0,0.0,0.0,0.0,0.0,0.0,0.0,0.0,0.0,0.0,0.0,0.0,0.0,0.0,0.0,-2.004,2.004,0.0,0.0,0.0,0.0,5006.0,-0.0,0.0,0.0,0.0,0.0,-107615304.0,0.0,0.0,0.0,0.0,53,1.9056979486756045e+17,-0.0,0.0,0.0,0.0,0.0,0.0,0.0,0.0,0,0,0,0.0,0.0,0.0,0.0,0.0,0.0,0.0,0.0,0.0,0.0,0.0,0.0,0.0,0.0,0.0,0.0,0,-107875648.0,53,0.0,106,-107614832.0,2.7006707062415038e+23,ERR,ERR,ERR,ERR,ERR,ERR,ERR,ERR,ERR,ERR,ERR,ERR,ERR,ERR,ERR,ERR,ERR,ERR,ERR,ERR,ERR,ERR,ERR,ERR,ERR,ERR,ERR,ERR,ERR,ERR,ERR,ERR,ERR,ERR,ERR,ERR,ERR,ERR,ERR,ERR,ERR,ERR,ERR,ERR,ERR,ERR,ERR,ERR,ERR,ERR,ERR,ERR,ERR,ERR,ERR,ERR,ERR,ERR,ERR,ERR,ERR,ERR,ERR,ERR,ERR,ERR,ERR,50.0,60.0,100,0.0,0.0,0.0,0.0,0.0,0.0,0.0,0.0,0.0,0.0,0.0,0.0,0.0,0.0,0.0,0.0,61.6,77,11,65508,50,65476,0,300,0,0,8,20529,65476,0,0,26214,60.0,0.0,0.0,0.0,0.0,0.0
2026-05-17T16:50:08,ERR,ERR,ERR,ERR,ERR,ERR,ERR,ERR,ERR,ERR,ERR,ERR,ERR,ERR,ERR,ERR,ERR,ERR,ERR,ERR,ERR,ERR,ERR,ERR,ERR,ERR,ERR,ERR,ERR,ERR,ERR,ERR,ERR,ERR,ERR,ERR,ERR,ERR,ERR,ERR,ERR,ERR,ERR,ERR,ERR,ERR,ERR,ERR,ERR,ERR,ERR,ERR,ERR,ERR,ERR,ERR,ERR,ERR,ERR,ERR,ERR,ERR,ERR,ERR,ERR,ERR,ERR,ERR,ERR,ERR,ERR,ERR,ERR,ERR,ERR,ERR,ERR,ERR,ERR,ERR,ERR,ERR,ERR,ERR,ERR,ERR,ERR,ERR,ERR,ERR,ERR,ERR,ERR,ERR,ERR,ERR,ERR,ERR,ERR,ERR,ERR,ERR,ERR,ERR,ERR,ERR,ERR,ERR,ERR,ERR,ERR,ERR,ERR,ERR,ERR,ERR,ERR,ERR,ERR,ERR,ERR,ERR,ERR,ERR,ERR,0.0,0.0,-134474944.0,0.0,0.0,1.3936040501711995e+18,7.805,0.0,0,0,4,0,8422,0.0,45,0.0,0.0,0.0,0.0,0.0,0,0,0,0,0.0,0,0,0,0,0,0,0,0,0,0,0,0,0,0,0,0,0,0,0,0,0,0,0,0,0,0,0,0,0,0,0,0,0,38,14,7,45,65476,0,300,0,0,8,21553,0.0,-107605600.0,0.0,0.0,0.0,0.0,0.0,0.0,0.0,0.0,0.0,0.0,0.0,0.0,0.0,0.0,0.0,0.0,0.0,0.0,0.0,0.0,0.0,0.0,-2.004,2.004,0.0,0.0,0.0,0.0,5006.0,-0.0,0.0,0.0,0.0,0.0,-107615304.0,0.0,0.0,0.0,0.0,53,1.9056979486756045e+17,-0.0,0.0,0.0,0.0,0.0,0.0,0.0,0.0,0,0,0,0.0,0.0,0.0,0.0,0.0,0.0,0.0,0.0,0.0,0.0,0.0,0.0,0.0,0.0,0.0,0.0,0,-107875648.0,53,0.0,106,-107614832.0,2.7006707062415038e+23,ERR,ERR,ERR,ERR,ERR,ERR,ERR,ERR,ERR,ERR,ERR,ERR,ERR,ERR,ERR,ERR,ERR,ERR,ERR,ERR,ERR,ERR,ERR,ERR,ERR,ERR,ERR,ERR,ERR,ERR,ERR,ERR,ERR,ERR,ERR,ERR,ERR,ERR,ERR,ERR,ERR,ERR,ERR,ERR,ERR,ERR,ERR,ERR,ERR,ERR,ERR,ERR,ERR,ERR,ERR,ERR,ERR,ERR,ERR,ERR,ERR,ERR,ERR,ERR,ERR,ERR,ERR,50.0,60.0,100,0.0,0.0,0.0,0.0,0.0,0.0,0.0,0.0,0.0,0.0,0.0,0.0,0.0,0.0,0.0,0.0,62.0,77,11,65508,50,65476,0,300,0,0,8,20529,65476,0,0,26214,60.0,0.0,0.0,0.0,0.0,0.0
2026-05-17T16:50:09,ERR,ERR,ERR,ERR,ERR,ERR,ERR,ERR,ERR,ERR,ERR,ERR,ERR,ERR,ERR,ERR,ERR,ERR,ERR,ERR,ERR,ERR,ERR,ERR,ERR,ERR,ERR,ERR,ERR,ERR,ERR,ERR,ERR,ERR,ERR,ERR,ERR,ERR,ERR,ERR,ERR,ERR,ERR,ERR,ERR,ERR,ERR,ERR,ERR,ERR,ERR,ERR,ERR,ERR,ERR,ERR,ERR,ERR,ERR,ERR,ERR,ERR,ERR,ERR,ERR,ERR,ERR,ERR,ERR,ERR,ERR,ERR,ERR,ERR,ERR,ERR,ERR,ERR,ERR,ERR,ERR,ERR,ERR,ERR,ERR,ERR,ERR,ERR,ERR,ERR,ERR,ERR,ERR,ERR,ERR,ERR,ERR,ERR,ERR,ERR,ERR,ERR,ERR,ERR,ERR,ERR,ERR,ERR,ERR,ERR,ERR,ERR,ERR,ERR,ERR,ERR,ERR,ERR,ERR,ERR,ERR,ERR,ERR,ERR,ERR,0.0,0.0,-134474944.0,0.0,0.0,1.3936040501711995e+18,7.805,0.0,0,0,4,0,8422,0.0,45,0.0,0.0,0.0,0.0,0.0,0,0,0,0,0.0,0,0,0,0,0,0,0,0,0,0,0,0,0,0,0,0,0,0,0,0,0,0,0,0,0,0,0,0,0,0,0,0,0,38,14,7,45,65476,0,300,0,0,8,21553,0.0,-107605600.0,0.0,0.0,0.0,0.0,0.0,0.0,0.0,0.0,0.0,0.0,0.0,0.0,0.0,0.0,0.0,0.0,0.0,0.0,0.0,0.0,0.0,0.0,-2.004,2.004,0.0,0.0,0.0,0.0,5006.0,-0.0,0.0,0.0,0.0,0.0,-107615304.0,0.0,0.0,0.0,0.0,53,1.9056979486756045e+17,-0.0,0.0,0.0,0.0,0.0,0.0,0.0,0.0,0,0,0,0.0,0.0,0.0,0.0,0.0,0.0,0.0,0.0,0.0,0.0,0.0,0.0,0.0,0.0,0.0,0.0,0,-107875648.0,53,0.0,106,-107614832.0,2.7006707062415038e+23,ERR,ERR,ERR,ERR,ERR,ERR,ERR,ERR,ERR,ERR,ERR,ERR,ERR,ERR,ERR,ERR,ERR,ERR,ERR,ERR,ERR,ERR,ERR,ERR,ERR,ERR,ERR,ERR,ERR,ERR,ERR,ERR,ERR,ERR,ERR,ERR,ERR,ERR,ERR,ERR,ERR,ERR,ERR,ERR,ERR,ERR,ERR,ERR,ERR,ERR,ERR,ERR,ERR,ERR,ERR,ERR,ERR,ERR,ERR,ERR,ERR,ERR,ERR,ERR,ERR,ERR,ERR,50.0,60.0,100,0.0,0.0,0.0,0.0,0.0,0.0,0.0,0.0,0.0,0.0,0.0,0.0,0.0,0.0,0.0,0.0,62.0,77,11,65508,50,65476,0,300,0,0,8,20529,65476,0,0,26214,60.0,0.0,0.0,0.0,0.0,0.0
2026-05-17T16:50:10,ERR,ERR,ERR,ERR,ERR,ERR,ERR,ERR,ERR,ERR,ERR,ERR,ERR,ERR,ERR,ERR,ERR,ERR,ERR,ERR,ERR,ERR,ERR,ERR,ERR,ERR,ERR,ERR,ERR,ERR,ERR,ERR,ERR,ERR,ERR,ERR,ERR,ERR,ERR,ERR,ERR,ERR,ERR,ERR,ERR,ERR,ERR,ERR,ERR,ERR,ERR,ERR,ERR,ERR,ERR,ERR,ERR,ERR,ERR,ERR,ERR,ERR,ERR,ERR,ERR,ERR,ERR,ERR,ERR,ERR,ERR,ERR,ERR,ERR,ERR,ERR,ERR,ERR,ERR,ERR,ERR,ERR,ERR,ERR,ERR,ERR,ERR,ERR,ERR,ERR,ERR,ERR,ERR,ERR,ERR,ERR,ERR,ERR,ERR,ERR,ERR,ERR,ERR,ERR,ERR,ERR,ERR,ERR,ERR,ERR,ERR,ERR,ERR,ERR,ERR,ERR,ERR,ERR,ERR,ERR,ERR,ERR,ERR,ERR,ERR,0.0,0.0,-134474944.0,0.0,0.0,1.3936040501711995e+18,7.805,0.0,0,0,4,0,8422,0.0,45,0.0,0.0,0.0,0.0,0.0,0,0,0,0,0.0,0,0,0,0,0,0,0,0,0,0,0,0,0,0,0,0,0,0,0,0,0,0,0,0,0,0,0,0,0,0,0,0,0,38,14,7,45,65476,0,300,0,0,8,21553,0.0,-107605600.0,0.0,0.0,0.0,0.0,0.0,0.0,0.0,0.0,0.0,0.0,0.0,0.0,0.0,0.0,0.0,0.0,0.0,0.0,0.0,0.0,0.0,0.0,-2.004,2.004,0.0,0.0,0.0,0.0,5006.0,-0.0,0.0,0.0,0.0,0.0,-107615304.0,0.0,0.0,0.0,0.0,53,1.9056979486756045e+17,-0.0,0.0,0.0,0.0,0.0,0.0,0.0,0.0,0,0,0,0.0,0.0,0.0,0.0,0.0,0.0,0.0,0.0,0.0,0.0,0.0,0.0,0.0,0.0,0.0,0.0,0,-107875648.0,53,0.0,106,-107614832.0,2.7006707062415038e+23,ERR,ERR,ERR,ERR,ERR,ERR,ERR,ERR,ERR,ERR,ERR,ERR,ERR,ERR,ERR,ERR,ERR,ERR,ERR,ERR,ERR,ERR,ERR,ERR,ERR,ERR,ERR,ERR,ERR,ERR,ERR,ERR,ERR,ERR,ERR,ERR,ERR,ERR,ERR,ERR,ERR,ERR,ERR,ERR,ERR,ERR,ERR,ERR,ERR,ERR,ERR,ERR,ERR,ERR,ERR,ERR,ERR,ERR,ERR,ERR,ERR,ERR,ERR,ERR,ERR,ERR,ERR,50.0,60.0,100,0.0,0.0,0.0,0.0,0.0,0.0,0.0,0.0,0.0,0.0,0.0,0.0,0.0,0.0,0.0,0.0,61.6,77,11,65508,50,65476,0,300,0,0,8,20529,65476,0,0,26214,60.0,0.0,0.0,0.0,0.0,0.0
2026-05-17T16:50:11,ERR,ERR,ERR,ERR,ERR,ERR,ERR,ERR,ERR,ERR,ERR,ERR,ERR,ERR,ERR,ERR,ERR,ERR,ERR,ERR,ERR,ERR,ERR,ERR,ERR,ERR,ERR,ERR,ERR,ERR,ERR,ERR,ERR,ERR,ERR,ERR,ERR,ERR,ERR,ERR,ERR,ERR,ERR,ERR,ERR,ERR,ERR,ERR,ERR,ERR,ERR,ERR,ERR,ERR,ERR,ERR,ERR,ERR,ERR,ERR,ERR,ERR,ERR,ERR,ERR,ERR,ERR,ERR,ERR,ERR,ERR,ERR,ERR,ERR,ERR,ERR,ERR,ERR,ERR,ERR,ERR,ERR,ERR,ERR,ERR,ERR,ERR,ERR,ERR,ERR,ERR,ERR,ERR,ERR,ERR,ERR,ERR,ERR,ERR,ERR,ERR,ERR,ERR,ERR,ERR,ERR,ERR,ERR,ERR,ERR,ERR,ERR,ERR,ERR,ERR,ERR,ERR,ERR,ERR,ERR,ERR,ERR,ERR,ERR,ERR,0.0,0.0,-134474944.0,0.0,0.0,1.3936040501711995e+18,7.805,0.0,0,0,4,0,8422,0.0,45,0.0,0.0,0.0,0.0,0.0,0,0,0,0,0.0,0,0,0,0,0,0,0,0,0,0,0,0,0,0,0,0,0,0,0,0,0,0,0,0,0,0,0,0,0,0,0,0,0,38,14,7,45,65476,0,300,0,0,8,21553,0.0,-107605600.0,0.0,0.0,0.0,0.0,0.0,0.0,0.0,0.0,0.0,0.0,0.0,0.0,0.0,0.0,0.0,0.0,0.0,0.0,0.0,0.0,0.0,0.0,-2.004,2.004,0.0,0.0,0.0,0.0,5006.0,-0.0,0.0,0.0,0.0,0.0,-107615304.0,0.0,0.0,0.0,0.0,53,1.9056979486756045e+17,-0.0,0.0,0.0,0.0,0.0,0.0,0.0,0.0,0,0,0,0.0,0.0,0.0,0.0,0.0,0.0,0.0,0.0,0.0,0.0,0.0,0.0,0.0,0.0,0.0,0.0,0,-107875648.0,53,0.0,106,-107614832.0,2.7006707062415038e+23,ERR,ERR,ERR,ERR,ERR,ERR,ERR,ERR,ERR,ERR,ERR,ERR,ERR,ERR,ERR,ERR,ERR,ERR,ERR,ERR,ERR,ERR,ERR,ERR,ERR,ERR,ERR,ERR,ERR,ERR,ERR,ERR,ERR,ERR,ERR,ERR,ERR,ERR,ERR,ERR,ERR,ERR,ERR,ERR,ERR,ERR,ERR,ERR,ERR,ERR,ERR,ERR,ERR,ERR,ERR,ERR,ERR,ERR,ERR,ERR,ERR,ERR,ERR,ERR,ERR,ERR,ERR,50.0,60.0,100,0.0,0.0,0.0,0.0,0.0,0.0,0.0,0.0,0.0,0.0,0.0,0.0,0.0,0.0,0.0,0.0,61.6,77,11,65508,50,65476,0,300,0,0,8,20529,65476,0,0,26214,60.0,0.0,0.0,0.0,0.0,0.0
2026-05-17T16:50:12,ERR,ERR,ERR,ERR,ERR,ERR,ERR,ERR,ERR,ERR,ERR,ERR,ERR,ERR,ERR,ERR,ERR,ERR,ERR,ERR,ERR,ERR,ERR,ERR,ERR,ERR,ERR,ERR,ERR,ERR,ERR,ERR,ERR,ERR,ERR,ERR,ERR,ERR,ERR,ERR,ERR,ERR,ERR,ERR,ERR,ERR,ERR,ERR,ERR,ERR,ERR,ERR,ERR,ERR,ERR,ERR,ERR,ERR,ERR,ERR,ERR,ERR,ERR,ERR,ERR,ERR,ERR,ERR,ERR,ERR,ERR,ERR,ERR,ERR,ERR,ERR,ERR,ERR,ERR,ERR,ERR,ERR,ERR,ERR,ERR,ERR,ERR,ERR,ERR,ERR,ERR,ERR,ERR,ERR,ERR,ERR,ERR,ERR,ERR,ERR,ERR,ERR,ERR,ERR,ERR,ERR,ERR,ERR,ERR,ERR,ERR,ERR,ERR,ERR,ERR,ERR,ERR,ERR,ERR,ERR,ERR,ERR,ERR,ERR,ERR,0.0,0.0,-134474944.0,0.0,0.0,1.3936040501711995e+18,7.805,0.0,0,0,4,0,8422,0.0,45,0.0,0.0,0.0,0.0,0.0,0,0,0,0,0.0,0,0,0,0,0,0,0,0,0,0,0,0,0,0,0,0,0,0,0,0,0,0,0,0,0,0,0,0,0,0,0,0,0,38,14,7,45,65476,0,300,0,0,8,21553,0.0,-107605600.0,0.0,0.0,0.0,0.0,0.0,0.0,0.0,0.0,0.0,0.0,0.0,0.0,0.0,0.0,0.0,0.0,0.0,0.0,0.0,0.0,0.0,0.0,-2.004,2.004,0.0,0.0,0.0,0.0,5009.0,-0.0,0.0,0.0,0.0,0.0,-107615304.0,0.0,0.0,0.0,0.0,53,2.7184300208680915e+23,-0.0,0.0,0.0,0.0,0.0,0.0,0.0,0.0,0,0,0,0.0,0.0,0.0,0.0,0.0,0.0,0.0,0.0,0.0,0.0,0.0,0.0,0.0,0.0,0.0,0.0,0,-107875648.0,53,0.0,106,-107614832.0,2.7006707062415038e+23,ERR,ERR,ERR,ERR,ERR,ERR,ERR,ERR,ERR,ERR,ERR,ERR,ERR,ERR,ERR,ERR,ERR,ERR,ERR,ERR,ERR,ERR,ERR,ERR,ERR,ERR,ERR,ERR,ERR,ERR,ERR,ERR,ERR,ERR,ERR,ERR,ERR,ERR,ERR,ERR,ERR,ERR,ERR,ERR,ERR,ERR,ERR,ERR,ERR,ERR,ERR,ERR,ERR,ERR,ERR,ERR,ERR,ERR,ERR,ERR,ERR,ERR,ERR,ERR,ERR,ERR,ERR,50.0,60.0,100,0.0,0.0,0.0,0.0,0.0,0.0,0.0,0.0,0.0,0.0,0.0,0.0,0.0,0.0,0.0,0.0,61.6,77,11,65508,50,65476,0,300,0,0,8,20529,65476,0,0,26214,60.0,0.0,0.0,0.0,0.0,0.0
2026-05-17T16:50:13,ERR,ERR,ERR,ERR,ERR,ERR,ERR,ERR,ERR,ERR,ERR,ERR,ERR,ERR,ERR,ERR,ERR,ERR,ERR,ERR,ERR,ERR,ERR,ERR,ERR,ERR,ERR,ERR,ERR,ERR,ERR,ERR,ERR,ERR,ERR,ERR,ERR,ERR,ERR,ERR,ERR,ERR,ERR,ERR,ERR,ERR,ERR,ERR,ERR,ERR,ERR,ERR,ERR,ERR,ERR,ERR,ERR,ERR,ERR,ERR,ERR,ERR,ERR,ERR,ERR,ERR,ERR,ERR,ERR,ERR,ERR,ERR,ERR,ERR,ERR,ERR,ERR,ERR,ERR,ERR,ERR,ERR,ERR,ERR,ERR,ERR,ERR,ERR,ERR,ERR,ERR,ERR,ERR,ERR,ERR,ERR,ERR,ERR,ERR,ERR,ERR,ERR,ERR,ERR,ERR,ERR,ERR,ERR,ERR,ERR,ERR,ERR,ERR,ERR,ERR,ERR,ERR,ERR,ERR,ERR,ERR,ERR,ERR,ERR,ERR,0.0,0.0,-134474944.0,0.0,0.0,1.3936040501711995e+18,7.805,0.0,0,0,4,0,8422,0.0,45,0.0,0.0,0.0,0.0,0.0,0,0,0,0,0.0,0,0,0,0,0,0,0,0,0,0,0,0,0,0,0,0,0,0,0,0,0,0,0,0,0,0,0,0,0,0,0,0,0,38,14,7,45,65476,0,300,0,0,8,21553,0.0,-107605600.0,0.0,0.0,0.0,0.0,0.0,0.0,0.0,0.0,0.0,0.0,0.0,0.0,0.0,0.0,0.0,0.0,0.0,0.0,0.0,0.0,0.0,0.0,-2.004,2.004,0.0,0.0,0.0,0.0,5009.0,-0.0,0.0,0.0,0.0,0.0,-107615304.0,0.0,0.0,0.0,0.0,53,2.7184300208680915e+23,-0.0,0.0,0.0,0.0,0.0,0.0,0.0,0.0,0,0,0,0.0,0.0,0.0,0.0,0.0,0.0,0.0,0.0,0.0,0.0,0.0,0.0,0.0,0.0,0.0,0.0,0,-107875648.0,53,0.0,106,-107614832.0,2.7006707062415038e+23,ERR,ERR,ERR,ERR,ERR,ERR,ERR,ERR,ERR,ERR,ERR,ERR,ERR,ERR,ERR,ERR,ERR,ERR,ERR,ERR,ERR,ERR,ERR,ERR,ERR,ERR,ERR,ERR,ERR,ERR,ERR,ERR,ERR,ERR,ERR,ERR,ERR,ERR,ERR,ERR,ERR,ERR,ERR,ERR,ERR,ERR,ERR,ERR,ERR,ERR,ERR,ERR,ERR,ERR,ERR,ERR,ERR,ERR,ERR,ERR,ERR,ERR,ERR,ERR,ERR,ERR,ERR,50.0,60.0,100,0.0,0.0,0.0,0.0,0.0,0.0,0.0,0.0,0.0,0.0,0.0,0.0,0.0,0.0,0.0,0.0,61.6,77,11,65508,50,65476,0,300,0,0,8,20529,65476,0,0,26214,60.0,0.0,0.0,0.0,0.0,0.0
2026-05-17T16:50:14,ERR,ERR,ERR,ERR,ERR,ERR,ERR,ERR,ERR,ERR,ERR,ERR,ERR,ERR,ERR,ERR,ERR,ERR,ERR,ERR,ERR,ERR,ERR,ERR,ERR,ERR,ERR,ERR,ERR,ERR,ERR,ERR,ERR,ERR,ERR,ERR,ERR,ERR,ERR,ERR,ERR,ERR,ERR,ERR,ERR,ERR,ERR,ERR,ERR,ERR,ERR,ERR,ERR,ERR,ERR,ERR,ERR,ERR,ERR,ERR,ERR,ERR,ERR,ERR,ERR,ERR,ERR,ERR,ERR,ERR,ERR,ERR,ERR,ERR,ERR,ERR,ERR,ERR,ERR,ERR,ERR,ERR,ERR,ERR,ERR,ERR,ERR,ERR,ERR,ERR,ERR,ERR,ERR,ERR,ERR,ERR,ERR,ERR,ERR,ERR,ERR,ERR,ERR,ERR,ERR,ERR,ERR,ERR,ERR,ERR,ERR,ERR,ERR,ERR,ERR,ERR,ERR,ERR,ERR,ERR,ERR,ERR,ERR,ERR,ERR,0.0,0.0,-134474944.0,0.0,0.0,1.3936040501711995e+18,7.805,0.0,0,0,4,0,8422,0.0,45,0.0,0.0,0.0,0.0,0.0,0,0,0,0,0.0,0,0,0,0,0,0,0,0,0,0,0,0,0,0,0,0,0,0,0,0,0,0,0,0,0,0,0,0,0,0,0,0,0,38,14,7,45,65476,0,300,0,0,8,21553,0.0,-107605600.0,0.0,0.0,0.0,0.0,0.0,0.0,0.0,0.0,0.0,0.0,0.0,0.0,0.0,0.0,0.0,0.0,0.0,0.0,0.0,0.0,0.0,0.0,-2.004,2.004,0.0,0.0,0.0,0.0,5009.0,-0.0,0.0,0.0,0.0,0.0,-107615304.0,0.0,0.0,0.0,0.0,53,2.7184300208680915e+23,-0.0,0.0,0.0,0.0,0.0,0.0,0.0,0.0,0,0,0,0.0,0.0,0.0,0.0,0.0,0.0,0.0,0.0,0.0,0.0,0.0,0.0,0.0,0.0,0.0,0.0,0,-107875648.0,53,0.0,106,-107614832.0,2.7006707062415038e+23,ERR,ERR,ERR,ERR,ERR,ERR,ERR,ERR,ERR,ERR,ERR,ERR,ERR,ERR,ERR,ERR,ERR,ERR,ERR,ERR,ERR,ERR,ERR,ERR,ERR,ERR,ERR,ERR,ERR,ERR,ERR,ERR,ERR,ERR,ERR,ERR,ERR,ERR,ERR,ERR,ERR,ERR,ERR,ERR,ERR,ERR,ERR,ERR,ERR,ERR,ERR,ERR,ERR,ERR,ERR,ERR,ERR,ERR,ERR,ERR,ERR,ERR,ERR,ERR,ERR,ERR,ERR,50.0,60.0,100,0.0,0.0,0.0,0.0,0.0,0.0,0.0,0.0,0.0,0.0,0.0,0.0,0.0,0.0,0.0,0.0,61.6,77,11,65508,50,65476,0,300,0,0,8,20529,65476,0,0,26214,60.0,0.0,0.0,0.0,0.0,0.0
2026-05-17T16:50:15,ERR,ERR,ERR,ERR,ERR,ERR,ERR,ERR,ERR,ERR,ERR,ERR,ERR,ERR,ERR,ERR,ERR,ERR,ERR,ERR,ERR,ERR,ERR,ERR,ERR,ERR,ERR,ERR,ERR,ERR,ERR,ERR,ERR,ERR,ERR,ERR,ERR,ERR,ERR,ERR,ERR,ERR,ERR,ERR,ERR,ERR,ERR,ERR,ERR,ERR,ERR,ERR,ERR,ERR,ERR,ERR,ERR,ERR,ERR,ERR,ERR,ERR,ERR,ERR,ERR,ERR,ERR,ERR,ERR,ERR,ERR,ERR,ERR,ERR,ERR,ERR,ERR,ERR,ERR,ERR,ERR,ERR,ERR,ERR,ERR,ERR,ERR,ERR,ERR,ERR,ERR,ERR,ERR,ERR,ERR,ERR,ERR,ERR,ERR,ERR,ERR,ERR,ERR,ERR,ERR,ERR,ERR,ERR,ERR,ERR,ERR,ERR,ERR,ERR,ERR,ERR,ERR,ERR,ERR,ERR,ERR,ERR,ERR,ERR,ERR,0.0,0.0,-134474944.0,0.0,0.0,1.3936040501711995e+18,7.805,0.0,0,0,4,0,8422,0.0,45,0.0,0.0,0.0,0.0,0.0,0,0,0,0,0.0,0,0,0,0,0,0,0,0,0,0,0,0,0,0,0,0,0,0,0,0,0,0,0,0,0,0,0,0,0,0,0,0,0,38,14,7,45,65476,0,300,0,0,8,21553,0.0,-107605600.0,0.0,0.0,0.0,0.0,0.0,0.0,0.0,0.0,0.0,0.0,0.0,0.0,0.0,0.0,0.0,0.0,0.0,0.0,0.0,0.0,0.0,0.0,-2.004,2.004,0.0,0.0,0.0,0.0,5009.0,-0.0,0.0,0.0,0.0,0.0,-107615304.0,0.0,0.0,0.0,0.0,53,2.7184300208680915e+23,-0.0,0.0,0.0,0.0,0.0,0.0,0.0,0.0,0,0,0,0.0,0.0,0.0,0.0,0.0,0.0,0.0,0.0,0.0,0.0,0.0,0.0,0.0,0.0,0.0,0.0,0,-107875648.0,53,0.0,106,-107614832.0,2.7006707062415038e+23,ERR,ERR,ERR,ERR,ERR,ERR,ERR,ERR,ERR,ERR,ERR,ERR,ERR,ERR,ERR,ERR,ERR,ERR,ERR,ERR,ERR,ERR,ERR,ERR,ERR,ERR,ERR,ERR,ERR,ERR,ERR,ERR,ERR,ERR,ERR,ERR,ERR,ERR,ERR,ERR,ERR,ERR,ERR,ERR,ERR,ERR,ERR,ERR,ERR,ERR,ERR,ERR,ERR,ERR,ERR,ERR,ERR,ERR,ERR,ERR,ERR,ERR,ERR,ERR,ERR,ERR,ERR,50.0,60.0,100,0.0,0.0,0.0,0.0,0.0,0.0,0.0,0.0,0.0,0.0,0.0,0.0,0.0,0.0,0.0,0.0,61.6,77,11,65508,50,65476,0,300,0,0,8,20529,65476,0,0,26214,60.0,0.0,0.0,0.0,0.0,0.0
2026-05-17T16:50:16,ERR,ERR,ERR,ERR,ERR,ERR,ERR,ERR,ERR,ERR,ERR,ERR,ERR,ERR,ERR,ERR,ERR,ERR,ERR,ERR,ERR,ERR,ERR,ERR,ERR,ERR,ERR,ERR,ERR,ERR,ERR,ERR,ERR,ERR,ERR,ERR,ERR,ERR,ERR,ERR,ERR,ERR,ERR,ERR,ERR,ERR,ERR,ERR,ERR,ERR,ERR,ERR,ERR,ERR,ERR,ERR,ERR,ERR,ERR,ERR,ERR,ERR,ERR,ERR,ERR,ERR,ERR,ERR,ERR,ERR,ERR,ERR,ERR,ERR,ERR,ERR,ERR,ERR,ERR,ERR,ERR,ERR,ERR,ERR,ERR,ERR,ERR,ERR,ERR,ERR,ERR,ERR,ERR,ERR,ERR,ERR,ERR,ERR,ERR,ERR,ERR,ERR,ERR,ERR,ERR,ERR,ERR,ERR,ERR,ERR,ERR,ERR,ERR,ERR,ERR,ERR,ERR,ERR,ERR,ERR,ERR,ERR,ERR,ERR,ERR,0.0,0.0,-134474944.0,0.0,0.0,1.3936040501711995e+18,7.805,0.0,0,0,4,0,8422,0.0,45,0.0,0.0,0.0,0.0,0.0,0,0,0,0,0.0,0,0,0,0,0,0,0,0,0,0,0,0,0,0,0,0,0,0,0,0,0,0,0,0,0,0,0,0,0,0,0,0,0,38,14,7,45,65476,0,300,0,0,8,21553,0.0,-107605600.0,0.0,0.0,0.0,0.0,0.0,0.0,0.0,0.0,0.0,0.0,0.0,0.0,0.0,0.0,0.0,0.0,0.0,0.0,0.0,0.0,0.0,0.0,-2.004,2.004,0.0,0.0,0.0,0.0,5009.0,-0.0,0.0,0.0,0.0,0.0,-107615304.0,0.0,0.0,0.0,0.0,53,2.7184300208680915e+23,-0.0,0.0,0.0,0.0,0.0,0.0,0.0,0.0,0,0,0,0.0,0.0,0.0,0.0,0.0,0.0,0.0,0.0,0.0,0.0,0.0,0.0,0.0,0.0,0.0,0.0,0,-107875648.0,53,0.0,106,-107614832.0,2.7006707062415038e+23,ERR,ERR,ERR,ERR,ERR,ERR,ERR,ERR,ERR,ERR,ERR,ERR,ERR,ERR,ERR,ERR,ERR,ERR,ERR,ERR,ERR,ERR,ERR,ERR,ERR,ERR,ERR,ERR,ERR,ERR,ERR,ERR,ERR,ERR,ERR,ERR,ERR,ERR,ERR,ERR,ERR,ERR,ERR,ERR,ERR,ERR,ERR,ERR,ERR,ERR,ERR,ERR,ERR,ERR,ERR,ERR,ERR,ERR,ERR,ERR,ERR,ERR,ERR,ERR,ERR,ERR,ERR,50.0,60.0,100,0.0,0.0,0.0,0.0,0.0,0.0,0.0,0.0,0.0,0.0,0.0,0.0,0.0,0.0,0.0,0.0,61.6,77,11,65508,50,65476,0,300,0,0,8,20529,65476,0,0,26214,60.0,0.0,0.0,0.0,0.0,0.0
2026-05-17T16:50:17,ERR,ERR,ERR,ERR,ERR,ERR,ERR,ERR,ERR,ERR,ERR,ERR,ERR,ERR,ERR,ERR,ERR,ERR,ERR,ERR,ERR,ERR,ERR,ERR,ERR,ERR,ERR,ERR,ERR,ERR,ERR,ERR,ERR,ERR,ERR,ERR,ERR,ERR,ERR,ERR,ERR,ERR,ERR,ERR,ERR,ERR,ERR,ERR,ERR,ERR,ERR,ERR,ERR,ERR,ERR,ERR,ERR,ERR,ERR,ERR,ERR,ERR,ERR,ERR,ERR,ERR,ERR,ERR,ERR,ERR,ERR,ERR,ERR,ERR,ERR,ERR,ERR,ERR,ERR,ERR,ERR,ERR,ERR,ERR,ERR,ERR,ERR,ERR,ERR,ERR,ERR,ERR,ERR,ERR,ERR,ERR,ERR,ERR,ERR,ERR,ERR,ERR,ERR,ERR,ERR,ERR,ERR,ERR,ERR,ERR,ERR,ERR,ERR,ERR,ERR,ERR,ERR,ERR,ERR,ERR,ERR,ERR,ERR,ERR,ERR,0.0,0.0,-134474944.0,0.0,0.0,1.3936040501711995e+18,7.805,0.0,0,0,4,0,8422,0.0,45,0.0,0.0,0.0,0.0,0.0,0,0,0,0,0.0,0,0,0,0,0,0,0,0,0,0,0,0,0,0,0,0,0,0,0,0,0,0,0,0,0,0,0,0,0,0,0,0,0,38,14,7,45,65476,0,300,0,0,8,21553,0.0,-107605600.0,0.0,0.0,0.0,0.0,0.0,0.0,0.0,0.0,0.0,0.0,0.0,0.0,0.0,0.0,0.0,0.0,0.0,0.0,0.0,0.0,0.0,0.0,-2.004,2.004,0.0,0.0,0.0,0.0,5007.0,-0.0,0.0,0.0,0.0,0.0,-107615304.0,0.0,0.0,0.0,0.0,53,4.066880103266858e+29,-4.950401131092143e+32,0.0,0.0,0.0,0.0,0.0,0.0,0.0,0,0,0,0.0,0.0,0.0,0.0,0.0,0.0,0.0,0.0,0.0,0.0,0.0,0.0,0.0,0.0,0.0,0.0,0,-107875648.0,53,0.0,106,-107614832.0,2.7006707062415038e+23,ERR,ERR,ERR,ERR,ERR,ERR,ERR,ERR,ERR,ERR,ERR,ERR,ERR,ERR,ERR,ERR,ERR,ERR,ERR,ERR,ERR,ERR,ERR,ERR,ERR,ERR,ERR,ERR,ERR,ERR,ERR,ERR,ERR,ERR,ERR,ERR,ERR,ERR,ERR,ERR,ERR,ERR,ERR,ERR,ERR,ERR,ERR,ERR,ERR,ERR,ERR,ERR,ERR,ERR,ERR,ERR,ERR,ERR,ERR,ERR,ERR,ERR,ERR,ERR,ERR,ERR,ERR,50.0,60.0,100,0.0,0.0,0.0,0.0,0.0,0.0,0.0,0.0,0.0,0.0,0.0,0.0,0.0,0.0,0.0,0.0,62.0,77,11,65508,50,65476,0,300,0,0,8,20529,65476,0,0,26214,60.0,0.0,0.0,0.0,0.0,0.0
2026-05-17T16:50:18,ERR,ERR,ERR,ERR,ERR,ERR,ERR,ERR,ERR,ERR,ERR,ERR,ERR,ERR,ERR,ERR,ERR,ERR,ERR,ERR,ERR,ERR,ERR,ERR,ERR,ERR,ERR,ERR,ERR,ERR,ERR,ERR,ERR,ERR,ERR,ERR,ERR,ERR,ERR,ERR,ERR,ERR,ERR,ERR,ERR,ERR,ERR,ERR,ERR,ERR,ERR,ERR,ERR,ERR,ERR,ERR,ERR,ERR,ERR,ERR,ERR,ERR,ERR,ERR,ERR,ERR,ERR,ERR,ERR,ERR,ERR,ERR,ERR,ERR,ERR,ERR,ERR,ERR,ERR,ERR,ERR,ERR,ERR,ERR,ERR,ERR,ERR,ERR,ERR,ERR,ERR,ERR,ERR,ERR,ERR,ERR,ERR,ERR,ERR,ERR,ERR,ERR,ERR,ERR,ERR,ERR,ERR,ERR,ERR,ERR,ERR,ERR,ERR,ERR,ERR,ERR,ERR,ERR,ERR,ERR,ERR,ERR,ERR,ERR,ERR,0.0,0.0,-134474944.0,0.0,0.0,1.3936040501711995e+18,7.805,0.0,0,0,4,0,8422,0.0,45,0.0,0.0,0.0,0.0,0.0,0,0,0,0,0.0,0,0,0,0,0,0,0,0,0,0,0,0,0,0,0,0,0,0,0,0,0,0,0,0,0,0,0,0,0,0,0,0,0,38,14,7,45,65476,0,300,0,0,8,21553,0.0,-107605600.0,0.0,0.0,0.0,0.0,0.0,0.0,0.0,0.0,0.0,0.0,0.0,0.0,0.0,0.0,0.0,0.0,0.0,0.0,0.0,0.0,0.0,0.0,-2.004,2.004,0.0,0.0,0.0,0.0,5007.0,-0.0,0.0,0.0,0.0,0.0,-107615304.0,0.0,0.0,0.0,0.0,53,4.066880103266858e+29,-4.950401131092143e+32,0.0,0.0,0.0,0.0,0.0,0.0,0.0,0,0,0,0.0,0.0,0.0,0.0,0.0,0.0,0.0,0.0,0.0,0.0,0.0,0.0,0.0,0.0,0.0,0.0,0,-107875648.0,53,0.0,106,-107614832.0,2.7006707062415038e+23,ERR,ERR,ERR,ERR,ERR,ERR,ERR,ERR,ERR,ERR,ERR,ERR,ERR,ERR,ERR,ERR,ERR,ERR,ERR,ERR,ERR,ERR,ERR,ERR,ERR,ERR,ERR,ERR,ERR,ERR,ERR,ERR,ERR,ERR,ERR,ERR,ERR,ERR,ERR,ERR,ERR,ERR,ERR,ERR,ERR,ERR,ERR,ERR,ERR,ERR,ERR,ERR,ERR,ERR,ERR,ERR,ERR,ERR,ERR,ERR,ERR,ERR,ERR,ERR,ERR,ERR,ERR,50.0,60.0,100,0.0,0.0,0.0,0.0,0.0,0.0,0.0,0.0,0.0,0.0,0.0,0.0,0.0,0.0,0.0,0.0,62.0,77,11,65508,50,65476,0,300,0,0,8,20529,65476,0,0,26214,60.0,0.0,0.0,0.0,0.0,0.0
2026-05-17T16:50:19,ERR,ERR,ERR,ERR,ERR,ERR,ERR,ERR,ERR,ERR,ERR,ERR,ERR,ERR,ERR,ERR,ERR,ERR,ERR,ERR,ERR,ERR,ERR,ERR,ERR,ERR,ERR,ERR,ERR,ERR,ERR,ERR,ERR,ERR,ERR,ERR,ERR,ERR,ERR,ERR,ERR,ERR,ERR,ERR,ERR,ERR,ERR,ERR,ERR,ERR,ERR,ERR,ERR,ERR,ERR,ERR,ERR,ERR,ERR,ERR,ERR,ERR,ERR,ERR,ERR,ERR,ERR,ERR,ERR,ERR,ERR,ERR,ERR,ERR,ERR,ERR,ERR,ERR,ERR,ERR,ERR,ERR,ERR,ERR,ERR,ERR,ERR,ERR,ERR,ERR,ERR,ERR,ERR,ERR,ERR,ERR,ERR,ERR,ERR,ERR,ERR,ERR,ERR,ERR,ERR,ERR,ERR,ERR,ERR,ERR,ERR,ERR,ERR,ERR,ERR,ERR,ERR,ERR,ERR,ERR,ERR,ERR,ERR,ERR,ERR,0.0,0.0,-134474944.0,0.0,0.0,1.3936040501711995e+18,7.805,0.0,0,0,4,0,8422,0.0,45,0.0,0.0,0.0,0.0,0.0,0,0,0,0,0.0,0,0,0,0,0,0,0,0,0,0,0,0,0,0,0,0,0,0,0,0,0,0,0,0,0,0,0,0,0,0,0,0,0,38,14,7,45,65476,0,300,0,0,8,21553,0.0,-107605600.0,0.0,0.0,0.0,0.0,0.0,0.0,0.0,0.0,0.0,0.0,0.0,0.0,0.0,0.0,0.0,0.0,0.0,0.0,0.0,0.0,0.0,0.0,-2.004,2.004,0.0,0.0,0.0,0.0,5007.0,-0.0,0.0,0.0,0.0,0.0,-107615304.0,0.0,0.0,0.0,0.0,53,4.066880103266858e+29,-4.950401131092143e+32,0.0,0.0,0.0,0.0,0.0,0.0,0.0,0,0,0,0.0,0.0,0.0,0.0,0.0,0.0,0.0,0.0,0.0,0.0,0.0,0.0,0.0,0.0,0.0,0.0,0,-107875648.0,53,0.0,106,-107614832.0,2.7006707062415038e+23,ERR,ERR,ERR,ERR,ERR,ERR,ERR,ERR,ERR,ERR,ERR,ERR,ERR,ERR,ERR,ERR,ERR,ERR,ERR,ERR,ERR,ERR,ERR,ERR,ERR,ERR,ERR,ERR,ERR,ERR,ERR,ERR,ERR,ERR,ERR,ERR,ERR,ERR,ERR,ERR,ERR,ERR,ERR,ERR,ERR,ERR,ERR,ERR,ERR,ERR,ERR,ERR,ERR,ERR,ERR,ERR,ERR,ERR,ERR,ERR,ERR,ERR,ERR,ERR,ERR,ERR,ERR,50.0,60.0,100,0.0,0.0,0.0,0.0,0.0,0.0,0.0,0.0,0.0,0.0,0.0,0.0,0.0,0.0,0.0,0.0,62.0,77,11,65508,50,65476,0,300,0,0,8,20529,65476,0,0,26214,60.0,0.0,0.0,0.0,0.0,0.0
2026-05-17T16:50:20,ERR,ERR,ERR,ERR,ERR,ERR,ERR,ERR,ERR,ERR,ERR,ERR,ERR,ERR,ERR,ERR,ERR,ERR,ERR,ERR,ERR,ERR,ERR,ERR,ERR,ERR,ERR,ERR,ERR,ERR,ERR,ERR,ERR,ERR,ERR,ERR,ERR,ERR,ERR,ERR,ERR,ERR,ERR,ERR,ERR,ERR,ERR,ERR,ERR,ERR,ERR,ERR,ERR,ERR,ERR,ERR,ERR,ERR,ERR,ERR,ERR,ERR,ERR,ERR,ERR,ERR,ERR,ERR,ERR,ERR,ERR,ERR,ERR,ERR,ERR,ERR,ERR,ERR,ERR,ERR,ERR,ERR,ERR,ERR,ERR,ERR,ERR,ERR,ERR,ERR,ERR,ERR,ERR,ERR,ERR,ERR,ERR,ERR,ERR,ERR,ERR,ERR,ERR,ERR,ERR,ERR,ERR,ERR,ERR,ERR,ERR,ERR,ERR,ERR,ERR,ERR,ERR,ERR,ERR,ERR,ERR,ERR,ERR,ERR,ERR,0.0,0.0,-134474944.0,0.0,0.0,1.3936040501711995e+18,7.805,0.0,0,0,4,0,8422,0.0,45,0.0,0.0,0.0,0.0,0.0,0,0,0,0,0.0,0,0,0,0,0,0,0,0,0,0,0,0,0,0,0,0,0,0,0,0,0,0,0,0,0,0,0,0,0,0,0,0,0,38,14,7,45,65476,0,300,0,0,8,21553,0.0,-107605600.0,0.0,0.0,0.0,0.0,0.0,0.0,0.0,0.0,0.0,0.0,0.0,0.0,0.0,0.0,0.0,0.0,0.0,0.0,0.0,0.0,0.0,0.0,-2.004,2.004,0.0,0.0,0.0,0.0,5007.0,-0.0,0.0,0.0,0.0,0.0,-107615304.0,0.0,0.0,0.0,0.0,53,4.066880103266858e+29,-4.950401131092143e+32,0.0,0.0,0.0,0.0,0.0,0.0,0.0,0,0,0,0.0,0.0,0.0,0.0,0.0,0.0,0.0,0.0,0.0,0.0,0.0,0.0,0.0,0.0,0.0,0.0,0,-107875648.0,53,0.0,106,-107614832.0,2.7006707062415038e+23,ERR,ERR,ERR,ERR,ERR,ERR,ERR,ERR,ERR,ERR,ERR,ERR,ERR,ERR,ERR,ERR,ERR,ERR,ERR,ERR,ERR,ERR,ERR,ERR,ERR,ERR,ERR,ERR,ERR,ERR,ERR,ERR,ERR,ERR,ERR,ERR,ERR,ERR,ERR,ERR,ERR,ERR,ERR,ERR,ERR,ERR,ERR,ERR,ERR,ERR,ERR,ERR,ERR,ERR,ERR,ERR,ERR,ERR,ERR,ERR,ERR,ERR,ERR,ERR,ERR,ERR,ERR,50.0,60.0,100,0.0,0.0,0.0,0.0,0.0,0.0,0.0,0.0,0.0,0.0,0.0,0.0,0.0,0.0,0.0,0.0,61.6,77,11,65508,50,65476,0,300,0,0,8,20529,65476,0,0,26214,60.0,0.0,0.0,0.0,0.0,0.0
2026-05-17T16:50:21,ERR,ERR,ERR,ERR,ERR,ERR,ERR,ERR,ERR,ERR,ERR,ERR,ERR,ERR,ERR,ERR,ERR,ERR,ERR,ERR,ERR,ERR,ERR,ERR,ERR,ERR,ERR,ERR,ERR,ERR,ERR,ERR,ERR,ERR,ERR,ERR,ERR,ERR,ERR,ERR,ERR,ERR,ERR,ERR,ERR,ERR,ERR,ERR,ERR,ERR,ERR,ERR,ERR,ERR,ERR,ERR,ERR,ERR,ERR,ERR,ERR,ERR,ERR,ERR,ERR,ERR,ERR,ERR,ERR,ERR,ERR,ERR,ERR,ERR,ERR,ERR,ERR,ERR,ERR,ERR,ERR,ERR,ERR,ERR,ERR,ERR,ERR,ERR,ERR,ERR,ERR,ERR,ERR,ERR,ERR,ERR,ERR,ERR,ERR,ERR,ERR,ERR,ERR,ERR,ERR,ERR,ERR,ERR,ERR,ERR,ERR,ERR,ERR,ERR,ERR,ERR,ERR,ERR,ERR,ERR,ERR,ERR,ERR,ERR,ERR,0.0,0.0,-134474944.0,0.0,0.0,1.3936040501711995e+18,7.805,0.0,0,0,4,0,8422,0.0,45,0.0,0.0,0.0,0.0,0.0,0,0,0,0,0.0,0,0,0,0,0,0,0,0,0,0,0,0,0,0,0,0,0,0,0,0,0,0,0,0,0,0,0,0,0,0,0,0,0,38,14,7,45,65476,0,300,0,0,8,21553,0.0,-107605600.0,0.0,0.0,0.0,0.0,0.0,0.0,0.0,0.0,0.0,0.0,0.0,0.0,0.0,0.0,0.0,0.0,0.0,0.0,0.0,0.0,0.0,0.0,-2.004,2.004,0.0,0.0,0.0,0.0,5007.0,-0.0,0.0,0.0,0.0,0.0,-107615304.0,0.0,0.0,0.0,0.0,53,4.066880103266858e+29,-4.950401131092143e+32,0.0,0.0,0.0,0.0,0.0,0.0,0.0,0,0,0,0.0,0.0,0.0,0.0,0.0,0.0,0.0,0.0,0.0,0.0,0.0,0.0,0.0,0.0,0.0,0.0,0,-107875648.0,53,0.0,106,-107614832.0,2.7006707062415038e+23,ERR,ERR,ERR,ERR,ERR,ERR,ERR,ERR,ERR,ERR,ERR,ERR,ERR,ERR,ERR,ERR,ERR,ERR,ERR,ERR,ERR,ERR,ERR,ERR,ERR,ERR,ERR,ERR,ERR,ERR,ERR,ERR,ERR,ERR,ERR,ERR,ERR,ERR,ERR,ERR,ERR,ERR,ERR,ERR,ERR,ERR,ERR,ERR,ERR,ERR,ERR,ERR,ERR,ERR,ERR,ERR,ERR,ERR,ERR,ERR,ERR,ERR,ERR,ERR,ERR,ERR,ERR,50.0,60.0,100,0.0,0.0,0.0,0.0,0.0,0.0,0.0,0.0,0.0,0.0,0.0,0.0,0.0,0.0,0.0,0.0,61.6,77,11,65508,50,65476,0,300,0,0,8,20529,65476,0,0,26214,60.0,0.0,0.0,0.0,0.0,0.0
2026-05-17T16:50:22,ERR,ERR,ERR,ERR,ERR,ERR,ERR,ERR,ERR,ERR,ERR,ERR,ERR,ERR,ERR,ERR,ERR,ERR,ERR,ERR,ERR,ERR,ERR,ERR,ERR,ERR,ERR,ERR,ERR,ERR,ERR,ERR,ERR,ERR,ERR,ERR,ERR,ERR,ERR,ERR,ERR,ERR,ERR,ERR,ERR,ERR,ERR,ERR,ERR,ERR,ERR,ERR,ERR,ERR,ERR,ERR,ERR,ERR,ERR,ERR,ERR,ERR,ERR,ERR,ERR,ERR,ERR,ERR,ERR,ERR,ERR,ERR,ERR,ERR,ERR,ERR,ERR,ERR,ERR,ERR,ERR,ERR,ERR,ERR,ERR,ERR,ERR,ERR,ERR,ERR,ERR,ERR,ERR,ERR,ERR,ERR,ERR,ERR,ERR,ERR,ERR,ERR,ERR,ERR,ERR,ERR,ERR,ERR,ERR,ERR,ERR,ERR,ERR,ERR,ERR,ERR,ERR,ERR,ERR,ERR,ERR,ERR,ERR,ERR,ERR,0.0,0.0,-134474944.0,0.0,0.0,1.3936040501711995e+18,7.805,0.0,0,0,4,0,8422,0.0,45,0.0,0.0,0.0,0.0,0.0,0,0,0,0,0.0,0,0,0,0,0,0,0,0,0,0,0,0,0,0,0,0,0,0,0,0,0,0,0,0,0,0,0,0,0,0,0,0,0,38,14,7,45,65476,0,300,0,0,8,21553,0.0,-107605600.0,0.0,0.0,0.0,0.0,0.0,0.0,0.0,0.0,0.0,0.0,0.0,0.0,0.0,0.0,0.0,0.0,0.0,0.0,0.0,0.0,0.0,0.0,-2.004,2.004,0.0,0.0,0.0,0.0,4976.0,-0.0,0.0,0.0,0.0,0.0,-107615304.0,0.0,0.0,0.0,0.0,53,4.950428597886765e+32,-2.3088276994979896e+20,0.0,0.0,0.0,0.0,0.0,0.0,0.0,0,0,0,0.0,0.0,0.0,0.0,0.0,0.0,0.0,0.0,0.0,0.0,0.0,0.0,0.0,0.0,0.0,0.0,0,-107875648.0,53,0.0,106,-107614832.0,2.7006707062415038e+23,ERR,ERR,ERR,ERR,ERR,ERR,ERR,ERR,ERR,ERR,ERR,ERR,ERR,ERR,ERR,ERR,ERR,ERR,ERR,ERR,ERR,ERR,ERR,ERR,ERR,ERR,ERR,ERR,ERR,ERR,ERR,ERR,ERR,ERR,ERR,ERR,ERR,ERR,ERR,ERR,ERR,ERR,ERR,ERR,ERR,ERR,ERR,ERR,ERR,ERR,ERR,ERR,ERR,ERR,ERR,ERR,ERR,ERR,ERR,ERR,ERR,ERR,ERR,ERR,ERR,ERR,ERR,50.0,60.0,100,0.0,0.0,0.0,0.0,0.0,0.0,0.0,0.0,0.0,0.0,0.0,0.0,0.0,0.0,0.0,0.0,62.0,77,11,65508,50,65476,0,300,0,0,8,20529,65476,0,0,26214,60.0,0.0,0.0,0.0,0.0,0.0
2026-05-17T16:50:23,ERR,ERR,ERR,ERR,ERR,ERR,ERR,ERR,ERR,ERR,ERR,ERR,ERR,ERR,ERR,ERR,ERR,ERR,ERR,ERR,ERR,ERR,ERR,ERR,ERR,ERR,ERR,ERR,ERR,ERR,ERR,ERR,ERR,ERR,ERR,ERR,ERR,ERR,ERR,ERR,ERR,ERR,ERR,ERR,ERR,ERR,ERR,ERR,ERR,ERR,ERR,ERR,ERR,ERR,ERR,ERR,ERR,ERR,ERR,ERR,ERR,ERR,ERR,ERR,ERR,ERR,ERR,ERR,ERR,ERR,ERR,ERR,ERR,ERR,ERR,ERR,ERR,ERR,ERR,ERR,ERR,ERR,ERR,ERR,ERR,ERR,ERR,ERR,ERR,ERR,ERR,ERR,ERR,ERR,ERR,ERR,ERR,ERR,ERR,ERR,ERR,ERR,ERR,ERR,ERR,ERR,ERR,ERR,ERR,ERR,ERR,ERR,ERR,ERR,ERR,ERR,ERR,ERR,ERR,ERR,ERR,ERR,ERR,ERR,ERR,0.0,0.0,-134474944.0,0.0,0.0,1.3936040501711995e+18,7.805,0.0,0,0,4,0,8422,0.0,45,0.0,0.0,0.0,0.0,0.0,0,0,0,0,0.0,0,0,0,0,0,0,0,0,0,0,0,0,0,0,0,0,0,0,0,0,0,0,0,0,0,0,0,0,0,0,0,0,0,38,14,7,45,65476,0,300,0,0,8,21553,0.0,-107605600.0,0.0,0.0,0.0,0.0,0.0,0.0,0.0,0.0,0.0,0.0,0.0,0.0,0.0,0.0,0.0,0.0,0.0,0.0,0.0,0.0,0.0,0.0,-2.004,2.004,0.0,0.0,0.0,0.0,4976.0,-0.0,0.0,0.0,0.0,0.0,-107615304.0,0.0,0.0,0.0,0.0,53,4.950428597886765e+32,-2.3088276994979896e+20,0.0,0.0,0.0,0.0,0.0,0.0,0.0,0,0,0,0.0,0.0,0.0,0.0,0.0,0.0,0.0,0.0,0.0,0.0,0.0,0.0,0.0,0.0,0.0,0.0,0,-107875648.0,53,0.0,106,-107614832.0,2.7006707062415038e+23,ERR,ERR,ERR,ERR,ERR,ERR,ERR,ERR,ERR,ERR,ERR,ERR,ERR,ERR,ERR,ERR,ERR,ERR,ERR,ERR,ERR,ERR,ERR,ERR,ERR,ERR,ERR,ERR,ERR,ERR,ERR,ERR,ERR,ERR,ERR,ERR,ERR,ERR,ERR,ERR,ERR,ERR,ERR,ERR,ERR,ERR,ERR,ERR,ERR,ERR,ERR,ERR,ERR,ERR,ERR,ERR,ERR,ERR,ERR,ERR,ERR,ERR,ERR,ERR,ERR,ERR,ERR,50.0,60.0,100,0.0,0.0,0.0,0.0,0.0,0.0,0.0,0.0,0.0,0.0,0.0,0.0,0.0,0.0,0.0,0.0,62.0,77,11,65508,50,65476,0,300,0,0,8,20529,65476,0,0,26214,60.0,0.0,0.0,0.0,0.0,0.0
2026-05-17T16:50:24,ERR,ERR,ERR,ERR,ERR,ERR,ERR,ERR,ERR,ERR,ERR,ERR,ERR,ERR,ERR,ERR,ERR,ERR,ERR,ERR,ERR,ERR,ERR,ERR,ERR,ERR,ERR,ERR,ERR,ERR,ERR,ERR,ERR,ERR,ERR,ERR,ERR,ERR,ERR,ERR,ERR,ERR,ERR,ERR,ERR,ERR,ERR,ERR,ERR,ERR,ERR,ERR,ERR,ERR,ERR,ERR,ERR,ERR,ERR,ERR,ERR,ERR,ERR,ERR,ERR,ERR,ERR,ERR,ERR,ERR,ERR,ERR,ERR,ERR,ERR,ERR,ERR,ERR,ERR,ERR,ERR,ERR,ERR,ERR,ERR,ERR,ERR,ERR,ERR,ERR,ERR,ERR,ERR,ERR,ERR,ERR,ERR,ERR,ERR,ERR,ERR,ERR,ERR,ERR,ERR,ERR,ERR,ERR,ERR,ERR,ERR,ERR,ERR,ERR,ERR,ERR,ERR,ERR,ERR,ERR,ERR,ERR,ERR,ERR,ERR,0.0,0.0,-134474944.0,0.0,0.0,1.3936040501711995e+18,7.805,0.0,0,0,4,0,8422,0.0,45,0.0,0.0,0.0,0.0,0.0,0,0,0,0,0.0,0,0,0,0,0,0,0,0,0,0,0,0,0,0,0,0,0,0,0,0,0,0,0,0,0,0,0,0,0,0,0,0,0,38,14,7,45,65476,0,300,0,0,8,21553,0.0,-107605600.0,0.0,0.0,0.0,0.0,0.0,0.0,0.0,0.0,0.0,0.0,0.0,0.0,0.0,0.0,0.0,0.0,0.0,0.0,0.0,0.0,0.0,0.0,-2.004,2.004,0.0,0.0,0.0,0.0,4976.0,-0.0,0.0,0.0,0.0,0.0,-107615304.0,0.0,0.0,0.0,0.0,53,4.950428597886765e+32,-2.3088276994979896e+20,0.0,0.0,0.0,0.0,0.0,0.0,0.0,0,0,0,0.0,0.0,0.0,0.0,0.0,0.0,0.0,0.0,0.0,0.0,0.0,0.0,0.0,0.0,0.0,0.0,0,-107875648.0,53,0.0,106,-107614832.0,2.7006707062415038e+23,ERR,ERR,ERR,ERR,ERR,ERR,ERR,ERR,ERR,ERR,ERR,ERR,ERR,ERR,ERR,ERR,ERR,ERR,ERR,ERR,ERR,ERR,ERR,ERR,ERR,ERR,ERR,ERR,ERR,ERR,ERR,ERR,ERR,ERR,ERR,ERR,ERR,ERR,ERR,ERR,ERR,ERR,ERR,ERR,ERR,ERR,ERR,ERR,ERR,ERR,ERR,ERR,ERR,ERR,ERR,ERR,ERR,ERR,ERR,ERR,ERR,ERR,ERR,ERR,ERR,ERR,ERR,50.0,60.0,100,0.0,0.0,0.0,0.0,0.0,0.0,0.0,0.0,0.0,0.0,0.0,0.0,0.0,0.0,0.0,0.0,62.0,77,11,65508,50,65476,0,300,0,0,8,20529,65476,0,0,26214,60.0,0.0,0.0,0.0,0.0,0.0
2026-05-17T16:50:25,ERR,ERR,ERR,ERR,ERR,ERR,ERR,ERR,ERR,ERR,ERR,ERR,ERR,ERR,ERR,ERR,ERR,ERR,ERR,ERR,ERR,ERR,ERR,ERR,ERR,ERR,ERR,ERR,ERR,ERR,ERR,ERR,ERR,ERR,ERR,ERR,ERR,ERR,ERR,ERR,ERR,ERR,ERR,ERR,ERR,ERR,ERR,ERR,ERR,ERR,ERR,ERR,ERR,ERR,ERR,ERR,ERR,ERR,ERR,ERR,ERR,ERR,ERR,ERR,ERR,ERR,ERR,ERR,ERR,ERR,ERR,ERR,ERR,ERR,ERR,ERR,ERR,ERR,ERR,ERR,ERR,ERR,ERR,ERR,ERR,ERR,ERR,ERR,ERR,ERR,ERR,ERR,ERR,ERR,ERR,ERR,ERR,ERR,ERR,ERR,ERR,ERR,ERR,ERR,ERR,ERR,ERR,ERR,ERR,ERR,ERR,ERR,ERR,ERR,ERR,ERR,ERR,ERR,ERR,ERR,ERR,ERR,ERR,ERR,ERR,0.0,0.0,-134474944.0,0.0,0.0,1.3936040501711995e+18,7.805,0.0,0,0,4,0,8422,0.0,45,0.0,0.0,0.0,0.0,0.0,0,0,0,0,0.0,0,0,0,0,0,0,0,0,0,0,0,0,0,0,0,0,0,0,0,0,0,0,0,0,0,0,0,0,0,0,0,0,0,38,14,7,45,65476,0,300,0,0,8,21553,0.0,-107605600.0,0.0,0.0,0.0,0.0,0.0,0.0,0.0,0.0,0.0,0.0,0.0,0.0,0.0,0.0,0.0,0.0,0.0,0.0,0.0,0.0,0.0,0.0,-2.004,2.004,0.0,0.0,0.0,0.0,4976.0,-0.0,0.0,0.0,0.0,0.0,-107615304.0,0.0,0.0,0.0,0.0,53,4.950428597886765e+32,-2.3088276994979896e+20,0.0,0.0,0.0,0.0,0.0,0.0,0.0,0,0,0,0.0,0.0,0.0,0.0,0.0,0.0,0.0,0.0,0.0,0.0,0.0,0.0,0.0,0.0,0.0,0.0,0,-107875648.0,53,0.0,106,-107614832.0,2.7006707062415038e+23,ERR,ERR,ERR,ERR,ERR,ERR,ERR,ERR,ERR,ERR,ERR,ERR,ERR,ERR,ERR,ERR,ERR,ERR,ERR,ERR,ERR,ERR,ERR,ERR,ERR,ERR,ERR,ERR,ERR,ERR,ERR,ERR,ERR,ERR,ERR,ERR,ERR,ERR,ERR,ERR,ERR,ERR,ERR,ERR,ERR,ERR,ERR,ERR,ERR,ERR,ERR,ERR,ERR,ERR,ERR,ERR,ERR,ERR,ERR,ERR,ERR,ERR,ERR,ERR,ERR,ERR,ERR,50.0,60.0,100,0.0,0.0,0.0,0.0,0.0,0.0,0.0,0.0,0.0,0.0,0.0,0.0,0.0,0.0,0.0,0.0,61.6,77,11,65508,50,65476,0,300,0,0,8,20529,65476,0,0,26214,60.0,0.0,0.0,0.0,0.0,0.0
2026-05-17T16:50:26,ERR,ERR,ERR,ERR,ERR,ERR,ERR,ERR,ERR,ERR,ERR,ERR,ERR,ERR,ERR,ERR,ERR,ERR,ERR,ERR,ERR,ERR,ERR,ERR,ERR,ERR,ERR,ERR,ERR,ERR,ERR,ERR,ERR,ERR,ERR,ERR,ERR,ERR,ERR,ERR,ERR,ERR,ERR,ERR,ERR,ERR,ERR,ERR,ERR,ERR,ERR,ERR,ERR,ERR,ERR,ERR,ERR,ERR,ERR,ERR,ERR,ERR,ERR,ERR,ERR,ERR,ERR,ERR,ERR,ERR,ERR,ERR,ERR,ERR,ERR,ERR,ERR,ERR,ERR,ERR,ERR,ERR,ERR,ERR,ERR,ERR,ERR,ERR,ERR,ERR,ERR,ERR,ERR,ERR,ERR,ERR,ERR,ERR,ERR,ERR,ERR,ERR,ERR,ERR,ERR,ERR,ERR,ERR,ERR,ERR,ERR,ERR,ERR,ERR,ERR,ERR,ERR,ERR,ERR,ERR,ERR,ERR,ERR,ERR,ERR,0.0,0.0,-134474944.0,0.0,0.0,1.3936040501711995e+18,7.805,0.0,0,0,4,0,8422,0.0,45,0.0,0.0,0.0,0.0,0.0,0,0,0,0,0.0,0,0,0,0,0,0,0,0,0,0,0,0,0,0,0,0,0,0,0,0,0,0,0,0,0,0,0,0,0,0,0,0,0,38,14,7,45,65476,0,300,0,0,8,21553,0.0,-107605600.0,0.0,0.0,0.0,0.0,0.0,0.0,0.0,0.0,0.0,0.0,0.0,0.0,0.0,0.0,0.0,0.0,0.0,0.0,0.0,0.0,0.0,0.0,-2.004,2.004,0.0,0.0,0.0,0.0,4976.0,-0.0,0.0,0.0,0.0,0.0,-107615304.0,0.0,0.0,0.0,0.0,53,4.950428597886765e+32,-2.3088276994979896e+20,0.0,0.0,0.0,0.0,0.0,0.0,0.0,0,0,0,0.0,0.0,0.0,0.0,0.0,0.0,0.0,0.0,0.0,0.0,0.0,0.0,0.0,0.0,0.0,0.0,0,-107875648.0,53,0.0,106,-107614832.0,2.7006707062415038e+23,ERR,ERR,ERR,ERR,ERR,ERR,ERR,ERR,ERR,ERR,ERR,ERR,ERR,ERR,ERR,ERR,ERR,ERR,ERR,ERR,ERR,ERR,ERR,ERR,ERR,ERR,ERR,ERR,ERR,ERR,ERR,ERR,ERR,ERR,ERR,ERR,ERR,ERR,ERR,ERR,ERR,ERR,ERR,ERR,ERR,ERR,ERR,ERR,ERR,ERR,ERR,ERR,ERR,ERR,ERR,ERR,ERR,ERR,ERR,ERR,ERR,ERR,ERR,ERR,ERR,ERR,ERR,50.0,60.0,100,0.0,0.0,0.0,0.0,0.0,0.0,0.0,0.0,0.0,0.0,0.0,0.0,0.0,0.0,0.0,0.0,61.6,77,11,65508,50,65476,0,300,0,0,8,20529,65476,0,0,26214,60.0,0.0,0.0,0.0,0.0,0.0
2026-05-17T16:50:27,ERR,ERR,ERR,ERR,ERR,ERR,ERR,ERR,ERR,ERR,ERR,ERR,ERR,ERR,ERR,ERR,ERR,ERR,ERR,ERR,ERR,ERR,ERR,ERR,ERR,ERR,ERR,ERR,ERR,ERR,ERR,ERR,ERR,ERR,ERR,ERR,ERR,ERR,ERR,ERR,ERR,ERR,ERR,ERR,ERR,ERR,ERR,ERR,ERR,ERR,ERR,ERR,ERR,ERR,ERR,ERR,ERR,ERR,ERR,ERR,ERR,ERR,ERR,ERR,ERR,ERR,ERR,ERR,ERR,ERR,ERR,ERR,ERR,ERR,ERR,ERR,ERR,ERR,ERR,ERR,ERR,ERR,ERR,ERR,ERR,ERR,ERR,ERR,ERR,ERR,ERR,ERR,ERR,ERR,ERR,ERR,ERR,ERR,ERR,ERR,ERR,ERR,ERR,ERR,ERR,ERR,ERR,ERR,ERR,ERR,ERR,ERR,ERR,ERR,ERR,ERR,ERR,ERR,ERR,ERR,ERR,ERR,ERR,ERR,ERR,0.0,0.0,-134474944.0,0.0,0.0,1.3936040501711995e+18,7.805,0.0,0,0,4,0,8422,0.0,45,0.0,0.0,0.0,0.0,0.0,0,0,0,0,0.0,0,0,0,0,0,0,0,0,0,0,0,0,0,0,0,0,0,0,0,0,0,0,0,0,0,0,0,0,0,0,0,0,0,38,14,7,45,65476,0,300,0,0,8,21553,0.0,-107605600.0,0.0,0.0,0.0,0.0,0.0,0.0,0.0,0.0,0.0,0.0,0.0,0.0,0.0,0.0,0.0,0.0,0.0,0.0,0.0,0.0,0.0,0.0,-2.004,2.004,0.0,0.0,0.0,0.0,4976.0,-0.0,0.0,0.0,0.0,0.0,-107615304.0,0.0,0.0,0.0,0.0,53,4.950428597886765e+32,-2.3088276994979896e+20,0.0,0.0,0.0,0.0,0.0,0.0,0.0,0,0,0,0.0,0.0,0.0,0.0,0.0,0.0,0.0,0.0,0.0,0.0,0.0,0.0,0.0,0.0,0.0,0.0,0,-107875648.0,53,0.0,106,-107614832.0,2.7006707062415038e+23,ERR,ERR,ERR,ERR,ERR,ERR,ERR,ERR,ERR,ERR,ERR,ERR,ERR,ERR,ERR,ERR,ERR,ERR,ERR,ERR,ERR,ERR,ERR,ERR,ERR,ERR,ERR,ERR,ERR,ERR,ERR,ERR,ERR,ERR,ERR,ERR,ERR,ERR,ERR,ERR,ERR,ERR,ERR,ERR,ERR,ERR,ERR,ERR,ERR,ERR,ERR,ERR,ERR,ERR,ERR,ERR,ERR,ERR,ERR,ERR,ERR,ERR,ERR,ERR,ERR,ERR,ERR,50.0,60.0,100,0.0,0.0,0.0,0.0,0.0,0.0,0.0,0.0,0.0,0.0,0.0,0.0,0.0,0.0,0.0,0.0,61.6,77,11,65508,50,65476,0,300,0,0,8,20529,65476,0,0,26214,60.0,0.0,0.0,0.0,0.0,0.0
2026-05-17T16:50:28,ERR,ERR,ERR,ERR,ERR,ERR,ERR,ERR,ERR,ERR,ERR,ERR,ERR,ERR,ERR,ERR,ERR,ERR,ERR,ERR,ERR,ERR,ERR,ERR,ERR,ERR,ERR,ERR,ERR,ERR,ERR,ERR,ERR,ERR,ERR,ERR,ERR,ERR,ERR,ERR,ERR,ERR,ERR,ERR,ERR,ERR,ERR,ERR,ERR,ERR,ERR,ERR,ERR,ERR,ERR,ERR,ERR,ERR,ERR,ERR,ERR,ERR,ERR,ERR,ERR,ERR,ERR,ERR,ERR,ERR,ERR,ERR,ERR,ERR,ERR,ERR,ERR,ERR,ERR,ERR,ERR,ERR,ERR,ERR,ERR,ERR,ERR,ERR,ERR,ERR,ERR,ERR,ERR,ERR,ERR,ERR,ERR,ERR,ERR,ERR,ERR,ERR,ERR,ERR,ERR,ERR,ERR,ERR,ERR,ERR,ERR,ERR,ERR,ERR,ERR,ERR,ERR,ERR,ERR,ERR,ERR,ERR,ERR,ERR,ERR,0.0,0.0,-134474944.0,0.0,0.0,1.3936040501711995e+18,7.805,0.0,0,0,4,0,8422,0.0,45,0.0,0.0,0.0,0.0,0.0,0,0,0,0,0.0,0,0,0,0,0,0,0,0,0,0,0,0,0,0,0,0,0,0,0,0,0,0,0,0,0,0,0,0,0,0,0,0,0,38,14,7,45,65476,0,300,0,0,8,21553,0.0,-107605600.0,0.0,0.0,0.0,0.0,0.0,0.0,0.0,0.0,0.0,0.0,0.0,0.0,0.0,0.0,0.0,0.0,0.0,0.0,0.0,0.0,0.0,0.0,-2.004,2.004,0.0,0.0,0.0,0.0,4949.0,-3.6971852540153954e+19,0.0,0.0,0.0,0.0,-107615304.0,0.0,0.0,0.0,0.0,53,-0.0,0.0,0.0,0.0,0.0,0.0,0.0,0.0,0.0,0,0,0,0.0,0.0,0.0,0.0,0.0,0.0,0.0,0.0,0.0,0.0,0.0,0.0,0.0,0.0,0.0,0.0,0,-107875648.0,53,0.0,106,-107614832.0,2.7006707062415038e+23,ERR,ERR,ERR,ERR,ERR,ERR,ERR,ERR,ERR,ERR,ERR,ERR,ERR,ERR,ERR,ERR,ERR,ERR,ERR,ERR,ERR,ERR,ERR,ERR,ERR,ERR,ERR,ERR,ERR,ERR,ERR,ERR,ERR,ERR,ERR,ERR,ERR,ERR,ERR,ERR,ERR,ERR,ERR,ERR,ERR,ERR,ERR,ERR,ERR,ERR,ERR,ERR,ERR,ERR,ERR,ERR,ERR,ERR,ERR,ERR,ERR,ERR,ERR,ERR,ERR,ERR,ERR,50.0,60.0,100,0.0,0.0,0.0,0.0,0.0,0.0,0.0,0.0,0.0,0.0,0.0,0.0,0.0,0.0,0.0,0.0,61.6,77,11,65508,50,65476,0,300,0,0,8,20529,65476,0,0,26214,60.0,0.0,0.0,0.0,0.0,0.0
2026-05-17T16:50:29,ERR,ERR,ERR,ERR,ERR,ERR,ERR,ERR,ERR,ERR,ERR,ERR,ERR,ERR,ERR,ERR,ERR,ERR,ERR,ERR,ERR,ERR,ERR,ERR,ERR,ERR,ERR,ERR,ERR,ERR,ERR,ERR,ERR,ERR,ERR,ERR,ERR,ERR,ERR,ERR,ERR,ERR,ERR,ERR,ERR,ERR,ERR,ERR,ERR,ERR,ERR,ERR,ERR,ERR,ERR,ERR,ERR,ERR,ERR,ERR,ERR,ERR,ERR,ERR,ERR,ERR,ERR,ERR,ERR,ERR,ERR,ERR,ERR,ERR,ERR,ERR,ERR,ERR,ERR,ERR,ERR,ERR,ERR,ERR,ERR,ERR,ERR,ERR,ERR,ERR,ERR,ERR,ERR,ERR,ERR,ERR,ERR,ERR,ERR,ERR,ERR,ERR,ERR,ERR,ERR,ERR,ERR,ERR,ERR,ERR,ERR,ERR,ERR,ERR,ERR,ERR,ERR,ERR,ERR,ERR,ERR,ERR,ERR,ERR,ERR,0.0,0.0,-134474944.0,0.0,0.0,1.3936040501711995e+18,7.805,0.0,0,0,4,0,8422,0.0,45,0.0,0.0,0.0,0.0,0.0,0,0,0,0,0.0,0,0,0,0,0,0,0,0,0,0,0,0,0,0,0,0,0,0,0,0,0,0,0,0,0,0,0,0,0,0,0,0,0,38,14,7,45,65476,0,300,0,0,8,21553,0.0,-107605600.0,0.0,0.0,0.0,0.0,0.0,0.0,0.0,0.0,0.0,0.0,0.0,0.0,0.0,0.0,0.0,0.0,0.0,0.0,0.0,0.0,0.0,0.0,-2.004,2.004,0.0,0.0,0.0,0.0,4949.0,-3.6971852540153954e+19,0.0,0.0,0.0,0.0,-107615304.0,0.0,0.0,0.0,0.0,53,-0.0,0.0,0.0,0.0,0.0,0.0,0.0,0.0,0.0,0,0,0,0.0,0.0,0.0,0.0,0.0,0.0,0.0,0.0,0.0,0.0,0.0,0.0,0.0,0.0,0.0,0.0,0,-107875648.0,53,0.0,106,-107614832.0,2.7006707062415038e+23,ERR,ERR,ERR,ERR,ERR,ERR,ERR,ERR,ERR,ERR,ERR,ERR,ERR,ERR,ERR,ERR,ERR,ERR,ERR,ERR,ERR,ERR,ERR,ERR,ERR,ERR,ERR,ERR,ERR,ERR,ERR,ERR,ERR,ERR,ERR,ERR,ERR,ERR,ERR,ERR,ERR,ERR,ERR,ERR,ERR,ERR,ERR,ERR,ERR,ERR,ERR,ERR,ERR,ERR,ERR,ERR,ERR,ERR,ERR,ERR,ERR,ERR,ERR,ERR,ERR,ERR,ERR,50.0,60.0,100,0.0,0.0,0.0,0.0,0.0,0.0,0.0,0.0,0.0,0.0,0.0,0.0,0.0,0.0,0.0,0.0,61.6,77,11,65508,50,65476,0,300,0,0,8,20529,65476,0,0,26214,60.0,0.0,0.0,0.0,0.0,0.0
2026-05-17T16:50:30,ERR,ERR,ERR,ERR,ERR,ERR,ERR,ERR,ERR,ERR,ERR,ERR,ERR,ERR,ERR,ERR,ERR,ERR,ERR,ERR,ERR,ERR,ERR,ERR,ERR,ERR,ERR,ERR,ERR,ERR,ERR,ERR,ERR,ERR,ERR,ERR,ERR,ERR,ERR,ERR,ERR,ERR,ERR,ERR,ERR,ERR,ERR,ERR,ERR,ERR,ERR,ERR,ERR,ERR,ERR,ERR,ERR,ERR,ERR,ERR,ERR,ERR,ERR,ERR,ERR,ERR,ERR,ERR,ERR,ERR,ERR,ERR,ERR,ERR,ERR,ERR,ERR,ERR,ERR,ERR,ERR,ERR,ERR,ERR,ERR,ERR,ERR,ERR,ERR,ERR,ERR,ERR,ERR,ERR,ERR,ERR,ERR,ERR,ERR,ERR,ERR,ERR,ERR,ERR,ERR,ERR,ERR,ERR,ERR,ERR,ERR,ERR,ERR,ERR,ERR,ERR,ERR,ERR,ERR,ERR,ERR,ERR,ERR,ERR,ERR,0.0,0.0,-134474944.0,0.0,0.0,1.3936040501711995e+18,7.805,0.0,0,0,4,0,8422,0.0,45,0.0,0.0,0.0,0.0,0.0,0,0,0,0,0.0,0,0,0,0,0,0,0,0,0,0,0,0,0,0,0,0,0,0,0,0,0,0,0,0,0,0,0,0,0,0,0,0,0,38,14,7,45,65476,0,300,0,0,8,21553,0.0,-107605600.0,0.0,0.0,0.0,0.0,0.0,0.0,0.0,0.0,0.0,0.0,0.0,0.0,0.0,0.0,0.0,0.0,0.0,0.0,0.0,0.0,0.0,0.0,-2.004,2.004,0.0,0.0,0.0,0.0,4949.0,-3.6971852540153954e+19,0.0,0.0,0.0,0.0,-107615304.0,0.0,0.0,0.0,0.0,53,-0.0,0.0,0.0,0.0,0.0,0.0,0.0,0.0,0.0,0,0,0,0.0,0.0,0.0,0.0,0.0,0.0,0.0,0.0,0.0,0.0,0.0,0.0,0.0,0.0,0.0,0.0,0,-107875648.0,53,0.0,106,-107614832.0,2.7006707062415038e+23,ERR,ERR,ERR,ERR,ERR,ERR,ERR,ERR,ERR,ERR,ERR,ERR,ERR,ERR,ERR,ERR,ERR,ERR,ERR,ERR,ERR,ERR,ERR,ERR,ERR,ERR,ERR,ERR,ERR,ERR,ERR,ERR,ERR,ERR,ERR,ERR,ERR,ERR,ERR,ERR,ERR,ERR,ERR,ERR,ERR,ERR,ERR,ERR,ERR,ERR,ERR,ERR,ERR,ERR,ERR,ERR,ERR,ERR,ERR,ERR,ERR,ERR,ERR,ERR,ERR,ERR,ERR,50.0,60.0,100,0.0,0.0,0.0,0.0,0.0,0.0,0.0,0.0,0.0,0.0,0.0,0.0,0.0,0.0,0.0,0.0,61.6,77,11,65508,50,65476,0,300,0,0,8,20529,65476,0,0,26214,60.0,0.0,0.0,0.0,0.0,0.0
2026-05-17T16:50:31,ERR,ERR,ERR,ERR,ERR,ERR,ERR,ERR,ERR,ERR,ERR,ERR,ERR,ERR,ERR,ERR,ERR,ERR,ERR,ERR,ERR,ERR,ERR,ERR,ERR,ERR,ERR,ERR,ERR,ERR,ERR,ERR,ERR,ERR,ERR,ERR,ERR,ERR,ERR,ERR,ERR,ERR,ERR,ERR,ERR,ERR,ERR,ERR,ERR,ERR,ERR,ERR,ERR,ERR,ERR,ERR,ERR,ERR,ERR,ERR,ERR,ERR,ERR,ERR,ERR,ERR,ERR,ERR,ERR,ERR,ERR,ERR,ERR,ERR,ERR,ERR,ERR,ERR,ERR,ERR,ERR,ERR,ERR,ERR,ERR,ERR,ERR,ERR,ERR,ERR,ERR,ERR,ERR,ERR,ERR,ERR,ERR,ERR,ERR,ERR,ERR,ERR,ERR,ERR,ERR,ERR,ERR,ERR,ERR,ERR,ERR,ERR,ERR,ERR,ERR,ERR,ERR,ERR,ERR,ERR,ERR,ERR,ERR,ERR,ERR,0.0,0.0,-134474944.0,0.0,0.0,1.3936040501711995e+18,7.805,0.0,0,0,4,0,8422,0.0,45,0.0,0.0,0.0,0.0,0.0,0,0,0,0,0.0,0,0,0,0,0,0,0,0,0,0,0,0,0,0,0,0,0,0,0,0,0,0,0,0,0,0,0,0,0,0,0,0,0,38,14,7,45,65476,0,300,0,0,8,21553,0.0,-107605600.0,0.0,0.0,0.0,0.0,0.0,0.0,0.0,0.0,0.0,0.0,0.0,0.0,0.0,0.0,0.0,0.0,0.0,0.0,0.0,0.0,0.0,0.0,-2.004,2.004,0.0,0.0,0.0,0.0,4949.0,-3.6971852540153954e+19,0.0,0.0,0.0,0.0,-107615304.0,0.0,0.0,0.0,0.0,53,-0.0,0.0,0.0,0.0,0.0,0.0,0.0,0.0,0.0,0,0,0,0.0,0.0,0.0,0.0,0.0,0.0,0.0,0.0,0.0,0.0,0.0,0.0,0.0,0.0,0.0,0.0,0,-107875648.0,53,0.0,106,-107614832.0,2.7006707062415038e+23,ERR,ERR,ERR,ERR,ERR,ERR,ERR,ERR,ERR,ERR,ERR,ERR,ERR,ERR,ERR,ERR,ERR,ERR,ERR,ERR,ERR,ERR,ERR,ERR,ERR,ERR,ERR,ERR,ERR,ERR,ERR,ERR,ERR,ERR,ERR,ERR,ERR,ERR,ERR,ERR,ERR,ERR,ERR,ERR,ERR,ERR,ERR,ERR,ERR,ERR,ERR,ERR,ERR,ERR,ERR,ERR,ERR,ERR,ERR,ERR,ERR,ERR,ERR,ERR,ERR,ERR,ERR,50.0,60.0,100,0.0,0.0,0.0,0.0,0.0,0.0,0.0,0.0,0.0,0.0,0.0,0.0,0.0,0.0,0.0,0.0,61.6,77,11,65508,50,65476,0,300,0,0,8,20529,65476,0,0,26214,60.0,0.0,0.0,0.0,0.0,0.0
2026-05-17T16:50:32,ERR,ERR,ERR,ERR,ERR,ERR,ERR,ERR,ERR,ERR,ERR,ERR,ERR,ERR,ERR,ERR,ERR,ERR,ERR,ERR,ERR,ERR,ERR,ERR,ERR,ERR,ERR,ERR,ERR,ERR,ERR,ERR,ERR,ERR,ERR,ERR,ERR,ERR,ERR,ERR,ERR,ERR,ERR,ERR,ERR,ERR,ERR,ERR,ERR,ERR,ERR,ERR,ERR,ERR,ERR,ERR,ERR,ERR,ERR,ERR,ERR,ERR,ERR,ERR,ERR,ERR,ERR,ERR,ERR,ERR,ERR,ERR,ERR,ERR,ERR,ERR,ERR,ERR,ERR,ERR,ERR,ERR,ERR,ERR,ERR,ERR,ERR,ERR,ERR,ERR,ERR,ERR,ERR,ERR,ERR,ERR,ERR,ERR,ERR,ERR,ERR,ERR,ERR,ERR,ERR,ERR,ERR,ERR,ERR,ERR,ERR,ERR,ERR,ERR,ERR,ERR,ERR,ERR,ERR,ERR,ERR,ERR,ERR,ERR,ERR,0.0,0.0,-134474944.0,0.0,0.0,1.3936040501711995e+18,7.805,0.0,0,0,4,0,8422,0.0,45,0.0,0.0,0.0,0.0,0.0,0,0,0,0,0.0,0,0,0,0,0,0,0,0,0,0,0,0,0,0,0,0,0,0,0,0,0,0,0,0,0,0,0,0,0,0,0,0,0,38,14,7,45,65476,0,300,0,0,8,21553,0.0,-107605600.0,0.0,0.0,0.0,0.0,0.0,0.0,0.0,0.0,0.0,0.0,0.0,0.0,0.0,0.0,0.0,0.0,0.0,0.0,0.0,0.0,0.0,0.0,-2.004,2.004,0.0,0.0,0.0,0.0,4949.0,-3.6971852540153954e+19,0.0,0.0,0.0,0.0,-107615304.0,0.0,0.0,0.0,0.0,53,-0.0,0.0,0.0,0.0,0.0,0.0,0.0,0.0,0.0,0,0,0,0.0,0.0,0.0,0.0,0.0,0.0,0.0,0.0,0.0,0.0,0.0,0.0,0.0,0.0,0.0,0.0,0,-107875648.0,53,0.0,106,-107614832.0,2.7006707062415038e+23,ERR,ERR,ERR,ERR,ERR,ERR,ERR,ERR,ERR,ERR,ERR,ERR,ERR,ERR,ERR,ERR,ERR,ERR,ERR,ERR,ERR,ERR,ERR,ERR,ERR,ERR,ERR,ERR,ERR,ERR,ERR,ERR,ERR,ERR,ERR,ERR,ERR,ERR,ERR,ERR,ERR,ERR,ERR,ERR,ERR,ERR,ERR,ERR,ERR,ERR,ERR,ERR,ERR,ERR,ERR,ERR,ERR,ERR,ERR,ERR,ERR,ERR,ERR,ERR,ERR,ERR,ERR,50.0,60.0,100,0.0,0.0,0.0,0.0,0.0,0.0,0.0,0.0,0.0,0.0,0.0,0.0,0.0,0.0,0.0,0.0,61.6,77,11,65508,50,65476,0,300,0,0,8,20529,65476,0,0,26214,60.0,0.0,0.0,0.0,0.0,0.0
2026-05-17T16:50:33,ERR,ERR,ERR,ERR,ERR,ERR,ERR,ERR,ERR,ERR,ERR,ERR,ERR,ERR,ERR,ERR,ERR,ERR,ERR,ERR,ERR,ERR,ERR,ERR,ERR,ERR,ERR,ERR,ERR,ERR,ERR,ERR,ERR,ERR,ERR,ERR,ERR,ERR,ERR,ERR,ERR,ERR,ERR,ERR,ERR,ERR,ERR,ERR,ERR,ERR,ERR,ERR,ERR,ERR,ERR,ERR,ERR,ERR,ERR,ERR,ERR,ERR,ERR,ERR,ERR,ERR,ERR,ERR,ERR,ERR,ERR,ERR,ERR,ERR,ERR,ERR,ERR,ERR,ERR,ERR,ERR,ERR,ERR,ERR,ERR,ERR,ERR,ERR,ERR,ERR,ERR,ERR,ERR,ERR,ERR,ERR,ERR,ERR,ERR,ERR,ERR,ERR,ERR,ERR,ERR,ERR,ERR,ERR,ERR,ERR,ERR,ERR,ERR,ERR,ERR,ERR,ERR,ERR,ERR,ERR,ERR,ERR,ERR,ERR,ERR,0.0,0.0,-134474944.0,0.0,0.0,1.3936040501711995e+18,7.805,0.0,0,0,4,0,8422,0.0,45,0.0,0.0,0.0,0.0,0.0,0,0,0,0,0.0,0,0,0,0,0,0,0,0,0,0,0,0,0,0,0,0,0,0,0,0,0,0,0,0,0,0,0,0,0,0,0,0,0,38,14,7,45,65476,0,300,0,0,8,21553,0.0,-107605600.0,0.0,0.0,0.0,0.0,0.0,0.0,0.0,0.0,0.0,0.0,0.0,0.0,0.0,0.0,0.0,0.0,0.0,0.0,0.0,0.0,0.0,0.0,-2.004,2.004,0.0,0.0,0.0,0.0,4982.0,131350.422,0.0,0.0,0.0,0.0,-107615304.0,0.0,0.0,0.0,0.0,53,5.848083413016271e+35,0.0,0.0,0.0,0.0,0.0,0.0,0.0,0.0,0,0,0,0.0,0.0,0.0,0.0,0.0,0.0,0.0,0.0,0.0,0.0,0.0,0.0,0.0,0.0,0.0,0.0,0,-107875648.0,53,0.0,106,-107614832.0,2.7006707062415038e+23,ERR,ERR,ERR,ERR,ERR,ERR,ERR,ERR,ERR,ERR,ERR,ERR,ERR,ERR,ERR,ERR,ERR,ERR,ERR,ERR,ERR,ERR,ERR,ERR,ERR,ERR,ERR,ERR,ERR,ERR,ERR,ERR,ERR,ERR,ERR,ERR,ERR,ERR,ERR,ERR,ERR,ERR,ERR,ERR,ERR,ERR,ERR,ERR,ERR,ERR,ERR,ERR,ERR,ERR,ERR,ERR,ERR,ERR,ERR,ERR,ERR,ERR,ERR,ERR,ERR,ERR,ERR,50.0,60.0,100,0.0,0.0,0.0,0.0,0.0,0.0,0.0,0.0,0.0,0.0,0.0,0.0,0.0,0.0,0.0,0.0,61.6,77,11,65508,50,65476,0,300,0,0,8,20529,65476,0,0,26214,60.0,0.0,0.0,0.0,0.0,0.0
2026-05-17T16:50:34,ERR,ERR,ERR,ERR,ERR,ERR,ERR,ERR,ERR,ERR,ERR,ERR,ERR,ERR,ERR,ERR,ERR,ERR,ERR,ERR,ERR,ERR,ERR,ERR,ERR,ERR,ERR,ERR,ERR,ERR,ERR,ERR,ERR,ERR,ERR,ERR,ERR,ERR,ERR,ERR,ERR,ERR,ERR,ERR,ERR,ERR,ERR,ERR,ERR,ERR,ERR,ERR,ERR,ERR,ERR,ERR,ERR,ERR,ERR,ERR,ERR,ERR,ERR,ERR,ERR,ERR,ERR,ERR,ERR,ERR,ERR,ERR,ERR,ERR,ERR,ERR,ERR,ERR,ERR,ERR,ERR,ERR,ERR,ERR,ERR,ERR,ERR,ERR,ERR,ERR,ERR,ERR,ERR,ERR,ERR,ERR,ERR,ERR,ERR,ERR,ERR,ERR,ERR,ERR,ERR,ERR,ERR,ERR,ERR,ERR,ERR,ERR,ERR,ERR,ERR,ERR,ERR,ERR,ERR,ERR,ERR,ERR,ERR,ERR,ERR,0.0,0.0,-134474944.0,0.0,0.0,1.3936040501711995e+18,7.805,0.0,0,0,4,0,8422,0.0,45,0.0,0.0,0.0,0.0,0.0,0,0,0,0,0.0,0,0,0,0,0,0,0,0,0,0,0,0,0,0,0,0,0,0,0,0,0,0,0,0,0,0,0,0,0,0,0,0,0,38,14,7,45,65476,0,300,0,0,8,21553,0.0,-107605600.0,0.0,0.0,0.0,0.0,0.0,0.0,0.0,0.0,0.0,0.0,0.0,0.0,0.0,0.0,0.0,0.0,0.0,0.0,0.0,0.0,0.0,0.0,-2.004,2.004,0.0,0.0,0.0,0.0,4982.0,131350.422,0.0,0.0,0.0,0.0,-107615304.0,0.0,0.0,0.0,0.0,53,5.848083413016271e+35,0.0,0.0,0.0,0.0,0.0,0.0,0.0,0.0,0,0,0,0.0,0.0,0.0,0.0,0.0,0.0,0.0,0.0,0.0,0.0,0.0,0.0,0.0,0.0,0.0,0.0,0,-107875648.0,53,0.0,106,-107614832.0,2.7006707062415038e+23,ERR,ERR,ERR,ERR,ERR,ERR,ERR,ERR,ERR,ERR,ERR,ERR,ERR,ERR,ERR,ERR,ERR,ERR,ERR,ERR,ERR,ERR,ERR,ERR,ERR,ERR,ERR,ERR,ERR,ERR,ERR,ERR,ERR,ERR,ERR,ERR,ERR,ERR,ERR,ERR,ERR,ERR,ERR,ERR,ERR,ERR,ERR,ERR,ERR,ERR,ERR,ERR,ERR,ERR,ERR,ERR,ERR,ERR,ERR,ERR,ERR,ERR,ERR,ERR,ERR,ERR,ERR,50.0,60.0,100,0.0,0.0,0.0,0.0,0.0,0.0,0.0,0.0,0.0,0.0,0.0,0.0,0.0,0.0,0.0,0.0,61.6,77,11,65508,50,65476,0,300,0,0,8,20529,65476,0,0,26214,60.0,0.0,0.0,0.0,0.0,0.0
2026-05-17T16:50:35,ERR,ERR,ERR,ERR,ERR,ERR,ERR,ERR,ERR,ERR,ERR,ERR,ERR,ERR,ERR,ERR,ERR,ERR,ERR,ERR,ERR,ERR,ERR,ERR,ERR,ERR,ERR,ERR,ERR,ERR,ERR,ERR,ERR,ERR,ERR,ERR,ERR,ERR,ERR,ERR,ERR,ERR,ERR,ERR,ERR,ERR,ERR,ERR,ERR,ERR,ERR,ERR,ERR,ERR,ERR,ERR,ERR,ERR,ERR,ERR,ERR,ERR,ERR,ERR,ERR,ERR,ERR,ERR,ERR,ERR,ERR,ERR,ERR,ERR,ERR,ERR,ERR,ERR,ERR,ERR,ERR,ERR,ERR,ERR,ERR,ERR,ERR,ERR,ERR,ERR,ERR,ERR,ERR,ERR,ERR,ERR,ERR,ERR,ERR,ERR,ERR,ERR,ERR,ERR,ERR,ERR,ERR,ERR,ERR,ERR,ERR,ERR,ERR,ERR,ERR,ERR,ERR,ERR,ERR,ERR,ERR,ERR,ERR,ERR,ERR,0.0,0.0,-134474944.0,0.0,0.0,1.3936040501711995e+18,7.805,0.0,0,0,4,0,8422,0.0,45,0.0,0.0,0.0,0.0,0.0,0,0,0,0,0.0,0,0,0,0,0,0,0,0,0,0,0,0,0,0,0,0,0,0,0,0,0,0,0,0,0,0,0,0,0,0,0,0,0,38,14,7,45,65476,0,300,0,0,8,21553,0.0,-107605600.0,0.0,0.0,0.0,0.0,0.0,0.0,0.0,0.0,0.0,0.0,0.0,0.0,0.0,0.0,0.0,0.0,0.0,0.0,0.0,0.0,0.0,0.0,-2.004,2.004,0.0,0.0,0.0,0.0,4982.0,131350.422,0.0,0.0,0.0,0.0,-107615304.0,0.0,0.0,0.0,0.0,53,5.848083413016271e+35,0.0,0.0,0.0,0.0,0.0,0.0,0.0,0.0,0,0,0,0.0,0.0,0.0,0.0,0.0,0.0,0.0,0.0,0.0,0.0,0.0,0.0,0.0,0.0,0.0,0.0,0,-107875648.0,53,0.0,106,-107614832.0,2.7006707062415038e+23,ERR,ERR,ERR,ERR,ERR,ERR,ERR,ERR,ERR,ERR,ERR,ERR,ERR,ERR,ERR,ERR,ERR,ERR,ERR,ERR,ERR,ERR,ERR,ERR,ERR,ERR,ERR,ERR,ERR,ERR,ERR,ERR,ERR,ERR,ERR,ERR,ERR,ERR,ERR,ERR,ERR,ERR,ERR,ERR,ERR,ERR,ERR,ERR,ERR,ERR,ERR,ERR,ERR,ERR,ERR,ERR,ERR,ERR,ERR,ERR,ERR,ERR,ERR,ERR,ERR,ERR,ERR,50.0,60.0,100,0.0,0.0,0.0,0.0,0.0,0.0,0.0,0.0,0.0,0.0,0.0,0.0,0.0,0.0,0.0,0.0,61.6,77,11,65508,50,65476,0,300,0,0,8,20529,65476,0,0,26214,60.0,0.0,0.0,0.0,0.0,0.0
2026-05-17T16:50:36,ERR,ERR,ERR,ERR,ERR,ERR,ERR,ERR,ERR,ERR,ERR,ERR,ERR,ERR,ERR,ERR,ERR,ERR,ERR,ERR,ERR,ERR,ERR,ERR,ERR,ERR,ERR,ERR,ERR,ERR,ERR,ERR,ERR,ERR,ERR,ERR,ERR,ERR,ERR,ERR,ERR,ERR,ERR,ERR,ERR,ERR,ERR,ERR,ERR,ERR,ERR,ERR,ERR,ERR,ERR,ERR,ERR,ERR,ERR,ERR,ERR,ERR,ERR,ERR,ERR,ERR,ERR,ERR,ERR,ERR,ERR,ERR,ERR,ERR,ERR,ERR,ERR,ERR,ERR,ERR,ERR,ERR,ERR,ERR,ERR,ERR,ERR,ERR,ERR,ERR,ERR,ERR,ERR,ERR,ERR,ERR,ERR,ERR,ERR,ERR,ERR,ERR,ERR,ERR,ERR,ERR,ERR,ERR,ERR,ERR,ERR,ERR,ERR,ERR,ERR,ERR,ERR,ERR,ERR,ERR,ERR,ERR,ERR,ERR,ERR,0.0,0.0,-134474944.0,0.0,0.0,1.3936040501711995e+18,7.805,0.0,0,0,4,0,8422,0.0,45,0.0,0.0,0.0,0.0,0.0,0,0,0,0,0.0,0,0,0,0,0,0,0,0,0,0,0,0,0,0,0,0,0,0,0,0,0,0,0,0,0,0,0,0,0,0,0,0,0,38,14,7,45,65476,0,300,0,0,8,21553,0.0,-107605600.0,0.0,0.0,0.0,0.0,0.0,0.0,0.0,0.0,0.0,0.0,0.0,0.0,0.0,0.0,0.0,0.0,0.0,0.0,0.0,0.0,0.0,0.0,-2.004,2.004,0.0,0.0,0.0,0.0,4982.0,131350.422,0.0,0.0,0.0,0.0,-107615304.0,0.0,0.0,0.0,0.0,53,5.848083413016271e+35,0.0,0.0,0.0,0.0,0.0,0.0,0.0,0.0,0,0,0,0.0,0.0,0.0,0.0,0.0,0.0,0.0,0.0,0.0,0.0,0.0,0.0,0.0,0.0,0.0,0.0,0,-107875648.0,53,0.0,106,-107614832.0,2.7006707062415038e+23,ERR,ERR,ERR,ERR,ERR,ERR,ERR,ERR,ERR,ERR,ERR,ERR,ERR,ERR,ERR,ERR,ERR,ERR,ERR,ERR,ERR,ERR,ERR,ERR,ERR,ERR,ERR,ERR,ERR,ERR,ERR,ERR,ERR,ERR,ERR,ERR,ERR,ERR,ERR,ERR,ERR,ERR,ERR,ERR,ERR,ERR,ERR,ERR,ERR,ERR,ERR,ERR,ERR,ERR,ERR,ERR,ERR,ERR,ERR,ERR,ERR,ERR,ERR,ERR,ERR,ERR,ERR,50.0,60.0,100,0.0,0.0,0.0,0.0,0.0,0.0,0.0,0.0,0.0,0.0,0.0,0.0,0.0,0.0,0.0,0.0,61.6,77,11,65508,50,65476,0,300,0,0,8,20529,65476,0,0,26214,60.0,0.0,0.0,0.0,0.0,0.0
2026-05-17T16:50:37,ERR,ERR,ERR,ERR,ERR,ERR,ERR,ERR,ERR,ERR,ERR,ERR,ERR,ERR,ERR,ERR,ERR,ERR,ERR,ERR,ERR,ERR,ERR,ERR,ERR,ERR,ERR,ERR,ERR,ERR,ERR,ERR,ERR,ERR,ERR,ERR,ERR,ERR,ERR,ERR,ERR,ERR,ERR,ERR,ERR,ERR,ERR,ERR,ERR,ERR,ERR,ERR,ERR,ERR,ERR,ERR,ERR,ERR,ERR,ERR,ERR,ERR,ERR,ERR,ERR,ERR,ERR,ERR,ERR,ERR,ERR,ERR,ERR,ERR,ERR,ERR,ERR,ERR,ERR,ERR,ERR,ERR,ERR,ERR,ERR,ERR,ERR,ERR,ERR,ERR,ERR,ERR,ERR,ERR,ERR,ERR,ERR,ERR,ERR,ERR,ERR,ERR,ERR,ERR,ERR,ERR,ERR,ERR,ERR,ERR,ERR,ERR,ERR,ERR,ERR,ERR,ERR,ERR,ERR,ERR,ERR,ERR,ERR,ERR,ERR,0.0,0.0,-134474944.0,0.0,0.0,1.3936040501711995e+18,7.805,0.0,0,0,4,0,8422,0.0,45,0.0,0.0,0.0,0.0,0.0,0,0,0,0,0.0,0,0,0,0,0,0,0,0,0,0,0,0,0,0,0,0,0,0,0,0,0,0,0,0,0,0,0,0,0,0,0,0,0,38,14,7,45,65476,0,300,0,0,8,21553,0.0,-107605600.0,0.0,0.0,0.0,0.0,0.0,0.0,0.0,0.0,0.0,0.0,0.0,0.0,0.0,0.0,0.0,0.0,0.0,0.0,0.0,0.0,0.0,0.0,-2.004,2.004,0.0,0.0,0.0,0.0,4982.0,131350.422,0.0,0.0,0.0,0.0,-107615304.0,0.0,0.0,0.0,0.0,53,5.848083413016271e+35,0.0,0.0,0.0,0.0,0.0,0.0,0.0,0.0,0,0,0,0.0,0.0,0.0,0.0,0.0,0.0,0.0,0.0,0.0,0.0,0.0,0.0,0.0,0.0,0.0,0.0,0,-107875648.0,53,0.0,106,-107614832.0,2.7006707062415038e+23,ERR,ERR,ERR,ERR,ERR,ERR,ERR,ERR,ERR,ERR,ERR,ERR,ERR,ERR,ERR,ERR,ERR,ERR,ERR,ERR,ERR,ERR,ERR,ERR,ERR,ERR,ERR,ERR,ERR,ERR,ERR,ERR,ERR,ERR,ERR,ERR,ERR,ERR,ERR,ERR,ERR,ERR,ERR,ERR,ERR,ERR,ERR,ERR,ERR,ERR,ERR,ERR,ERR,ERR,ERR,ERR,ERR,ERR,ERR,ERR,ERR,ERR,ERR,ERR,ERR,ERR,ERR,50.0,60.0,100,0.0,0.0,0.0,0.0,0.0,0.0,0.0,0.0,0.0,0.0,0.0,0.0,0.0,0.0,0.0,0.0,61.6,77,11,65508,50,65476,0,300,0,0,8,20529,65476,0,0,26214,60.0,0.0,0.0,0.0,0.0,0.0
2026-05-17T16:50:38,ERR,ERR,ERR,ERR,ERR,ERR,ERR,ERR,ERR,ERR,ERR,ERR,ERR,ERR,ERR,ERR,ERR,ERR,ERR,ERR,ERR,ERR,ERR,ERR,ERR,ERR,ERR,ERR,ERR,ERR,ERR,ERR,ERR,ERR,ERR,ERR,ERR,ERR,ERR,ERR,ERR,ERR,ERR,ERR,ERR,ERR,ERR,ERR,ERR,ERR,ERR,ERR,ERR,ERR,ERR,ERR,ERR,ERR,ERR,ERR,ERR,ERR,ERR,ERR,ERR,ERR,ERR,ERR,ERR,ERR,ERR,ERR,ERR,ERR,ERR,ERR,ERR,ERR,ERR,ERR,ERR,ERR,ERR,ERR,ERR,ERR,ERR,ERR,ERR,ERR,ERR,ERR,ERR,ERR,ERR,ERR,ERR,ERR,ERR,ERR,ERR,ERR,ERR,ERR,ERR,ERR,ERR,ERR,ERR,ERR,ERR,ERR,ERR,ERR,ERR,ERR,ERR,ERR,ERR,ERR,ERR,ERR,ERR,ERR,ERR,0.0,0.0,-134474944.0,0.0,0.0,1.3936040501711995e+18,7.805,0.0,0,0,4,0,8422,0.0,45,0.0,0.0,0.0,0.0,0.0,0,0,0,0,0.0,0,0,0,0,0,0,0,0,0,0,0,0,0,0,0,0,0,0,0,0,0,0,0,0,0,0,0,0,0,0,0,0,0,38,14,7,45,65476,0,300,0,0,8,21553,0.0,-107605600.0,0.0,0.0,0.0,0.0,0.0,0.0,0.0,0.0,0.0,0.0,0.0,0.0,0.0,0.0,0.0,0.0,0.0,0.0,0.0,0.0,0.0,0.0,-2.004,2.004,0.0,0.0,0.0,0.0,5010.0,0.0,0.0,0.0,0.0,0.0,-107615304.0,0.0,0.0,0.0,0.0,53,3.222028592685471e+26,-0.0,0.0,0.0,0.0,0.0,0.0,0.0,0.0,0,0,0,0.0,0.0,0.0,0.0,0.0,0.0,0.0,0.0,0.0,0.0,0.0,0.0,0.0,0.0,0.0,0.0,0,-107875648.0,53,0.0,106,-107614832.0,2.7006707062415038e+23,ERR,ERR,ERR,ERR,ERR,ERR,ERR,ERR,ERR,ERR,ERR,ERR,ERR,ERR,ERR,ERR,ERR,ERR,ERR,ERR,ERR,ERR,ERR,ERR,ERR,ERR,ERR,ERR,ERR,ERR,ERR,ERR,ERR,ERR,ERR,ERR,ERR,ERR,ERR,ERR,ERR,ERR,ERR,ERR,ERR,ERR,ERR,ERR,ERR,ERR,ERR,ERR,ERR,ERR,ERR,ERR,ERR,ERR,ERR,ERR,ERR,ERR,ERR,ERR,ERR,ERR,ERR,50.0,60.0,100,0.0,0.0,0.0,0.0,0.0,0.0,0.0,0.0,0.0,0.0,0.0,0.0,0.0,0.0,0.0,0.0,61.6,77,11,65508,50,65476,0,300,0,0,8,20529,65476,0,0,26214,60.0,0.0,0.0,0.0,0.0,0.0
2026-05-17T16:50:39,ERR,ERR,ERR,ERR,ERR,ERR,ERR,ERR,ERR,ERR,ERR,ERR,ERR,ERR,ERR,ERR,ERR,ERR,ERR,ERR,ERR,ERR,ERR,ERR,ERR,ERR,ERR,ERR,ERR,ERR,ERR,ERR,ERR,ERR,ERR,ERR,ERR,ERR,ERR,ERR,ERR,ERR,ERR,ERR,ERR,ERR,ERR,ERR,ERR,ERR,ERR,ERR,ERR,ERR,ERR,ERR,ERR,ERR,ERR,ERR,ERR,ERR,ERR,ERR,ERR,ERR,ERR,ERR,ERR,ERR,ERR,ERR,ERR,ERR,ERR,ERR,ERR,ERR,ERR,ERR,ERR,ERR,ERR,ERR,ERR,ERR,ERR,ERR,ERR,ERR,ERR,ERR,ERR,ERR,ERR,ERR,ERR,ERR,ERR,ERR,ERR,ERR,ERR,ERR,ERR,ERR,ERR,ERR,ERR,ERR,ERR,ERR,ERR,ERR,ERR,ERR,ERR,ERR,ERR,ERR,ERR,ERR,ERR,ERR,ERR,0.0,0.0,-134474944.0,0.0,0.0,1.3936040501711995e+18,7.805,0.0,0,0,4,0,8422,0.0,45,0.0,0.0,0.0,0.0,0.0,0,0,0,0,0.0,0,0,0,0,0,0,0,0,0,0,0,0,0,0,0,0,0,0,0,0,0,0,0,0,0,0,0,0,0,0,0,0,0,38,14,7,45,65476,0,300,0,0,8,21553,0.0,-107605600.0,0.0,0.0,0.0,0.0,0.0,0.0,0.0,0.0,0.0,0.0,0.0,0.0,0.0,0.0,0.0,0.0,0.0,0.0,0.0,0.0,0.0,0.0,-2.004,2.004,0.0,0.0,0.0,0.0,5010.0,0.0,0.0,0.0,0.0,0.0,-107615304.0,0.0,0.0,0.0,0.0,53,3.222028592685471e+26,-0.0,0.0,0.0,0.0,0.0,0.0,0.0,0.0,0,0,0,0.0,0.0,0.0,0.0,0.0,0.0,0.0,0.0,0.0,0.0,0.0,0.0,0.0,0.0,0.0,0.0,0,-107875648.0,53,0.0,106,-107614832.0,2.7006707062415038e+23,ERR,ERR,ERR,ERR,ERR,ERR,ERR,ERR,ERR,ERR,ERR,ERR,ERR,ERR,ERR,ERR,ERR,ERR,ERR,ERR,ERR,ERR,ERR,ERR,ERR,ERR,ERR,ERR,ERR,ERR,ERR,ERR,ERR,ERR,ERR,ERR,ERR,ERR,ERR,ERR,ERR,ERR,ERR,ERR,ERR,ERR,ERR,ERR,ERR,ERR,ERR,ERR,ERR,ERR,ERR,ERR,ERR,ERR,ERR,ERR,ERR,ERR,ERR,ERR,ERR,ERR,ERR,50.0,60.0,100,0.0,0.0,0.0,0.0,0.0,0.0,0.0,0.0,0.0,0.0,0.0,0.0,0.0,0.0,0.0,0.0,62.0,77,11,65508,50,65476,0,300,0,0,8,20529,65476,0,0,26214,60.0,0.0,0.0,0.0,0.0,0.0
2026-05-17T16:50:40,ERR,ERR,ERR,ERR,ERR,ERR,ERR,ERR,ERR,ERR,ERR,ERR,ERR,ERR,ERR,ERR,ERR,ERR,ERR,ERR,ERR,ERR,ERR,ERR,ERR,ERR,ERR,ERR,ERR,ERR,ERR,ERR,ERR,ERR,ERR,ERR,ERR,ERR,ERR,ERR,ERR,ERR,ERR,ERR,ERR,ERR,ERR,ERR,ERR,ERR,ERR,ERR,ERR,ERR,ERR,ERR,ERR,ERR,ERR,ERR,ERR,ERR,ERR,ERR,ERR,ERR,ERR,ERR,ERR,ERR,ERR,ERR,ERR,ERR,ERR,ERR,ERR,ERR,ERR,ERR,ERR,ERR,ERR,ERR,ERR,ERR,ERR,ERR,ERR,ERR,ERR,ERR,ERR,ERR,ERR,ERR,ERR,ERR,ERR,ERR,ERR,ERR,ERR,ERR,ERR,ERR,ERR,ERR,ERR,ERR,ERR,ERR,ERR,ERR,ERR,ERR,ERR,ERR,ERR,ERR,ERR,ERR,ERR,ERR,ERR,0.0,0.0,-134474944.0,0.0,0.0,1.3936040501711995e+18,7.805,0.0,0,0,4,0,8422,0.0,45,0.0,0.0,0.0,0.0,0.0,0,0,0,0,0.0,0,0,0,0,0,0,0,0,0,0,0,0,0,0,0,0,0,0,0,0,0,0,0,0,0,0,0,0,0,0,0,0,0,38,14,7,45,65476,0,300,0,0,8,21553,0.0,-107605600.0,0.0,0.0,0.0,0.0,0.0,0.0,0.0,0.0,0.0,0.0,0.0,0.0,0.0,0.0,0.0,0.0,0.0,0.0,0.0,0.0,0.0,0.0,-2.004,2.004,0.0,0.0,0.0,0.0,5010.0,0.0,0.0,0.0,0.0,0.0,-107615304.0,0.0,0.0,0.0,0.0,53,3.222028592685471e+26,-0.0,0.0,0.0,0.0,0.0,0.0,0.0,0.0,0,0,0,0.0,0.0,0.0,0.0,0.0,0.0,0.0,0.0,0.0,0.0,0.0,0.0,0.0,0.0,0.0,0.0,0,-107875648.0,53,0.0,106,-107614832.0,2.7006707062415038e+23,ERR,ERR,ERR,ERR,ERR,ERR,ERR,ERR,ERR,ERR,ERR,ERR,ERR,ERR,ERR,ERR,ERR,ERR,ERR,ERR,ERR,ERR,ERR,ERR,ERR,ERR,ERR,ERR,ERR,ERR,ERR,ERR,ERR,ERR,ERR,ERR,ERR,ERR,ERR,ERR,ERR,ERR,ERR,ERR,ERR,ERR,ERR,ERR,ERR,ERR,ERR,ERR,ERR,ERR,ERR,ERR,ERR,ERR,ERR,ERR,ERR,ERR,ERR,ERR,ERR,ERR,ERR,50.0,60.0,100,0.0,0.0,0.0,0.0,0.0,0.0,0.0,0.0,0.0,0.0,0.0,0.0,0.0,0.0,0.0,0.0,62.0,77,11,65508,50,65476,0,300,0,0,8,20529,65476,0,0,26214,60.0,0.0,0.0,0.0,0.0,0.0
2026-05-17T16:50:41,ERR,ERR,ERR,ERR,ERR,ERR,ERR,ERR,ERR,ERR,ERR,ERR,ERR,ERR,ERR,ERR,ERR,ERR,ERR,ERR,ERR,ERR,ERR,ERR,ERR,ERR,ERR,ERR,ERR,ERR,ERR,ERR,ERR,ERR,ERR,ERR,ERR,ERR,ERR,ERR,ERR,ERR,ERR,ERR,ERR,ERR,ERR,ERR,ERR,ERR,ERR,ERR,ERR,ERR,ERR,ERR,ERR,ERR,ERR,ERR,ERR,ERR,ERR,ERR,ERR,ERR,ERR,ERR,ERR,ERR,ERR,ERR,ERR,ERR,ERR,ERR,ERR,ERR,ERR,ERR,ERR,ERR,ERR,ERR,ERR,ERR,ERR,ERR,ERR,ERR,ERR,ERR,ERR,ERR,ERR,ERR,ERR,ERR,ERR,ERR,ERR,ERR,ERR,ERR,ERR,ERR,ERR,ERR,ERR,ERR,ERR,ERR,ERR,ERR,ERR,ERR,ERR,ERR,ERR,ERR,ERR,ERR,ERR,ERR,ERR,0.0,0.0,-134474944.0,0.0,0.0,1.3936040501711995e+18,7.805,0.0,0,0,4,0,8422,0.0,45,0.0,0.0,0.0,0.0,0.0,0,0,0,0,0.0,0,0,0,0,0,0,0,0,0,0,0,0,0,0,0,0,0,0,0,0,0,0,0,0,0,0,0,0,0,0,0,0,0,38,14,7,45,65476,0,300,0,0,8,21553,0.0,-107605600.0,0.0,0.0,0.0,0.0,0.0,0.0,0.0,0.0,0.0,0.0,0.0,0.0,0.0,0.0,0.0,0.0,0.0,0.0,0.0,0.0,0.0,0.0,-2.004,2.004,0.0,0.0,0.0,0.0,5010.0,0.0,0.0,0.0,0.0,0.0,-107615304.0,0.0,0.0,0.0,0.0,53,3.222028592685471e+26,-0.0,0.0,0.0,0.0,0.0,0.0,0.0,0.0,0,0,0,0.0,0.0,0.0,0.0,0.0,0.0,0.0,0.0,0.0,0.0,0.0,0.0,0.0,0.0,0.0,0.0,0,-107875648.0,53,0.0,106,-107614832.0,2.7006707062415038e+23,ERR,ERR,ERR,ERR,ERR,ERR,ERR,ERR,ERR,ERR,ERR,ERR,ERR,ERR,ERR,ERR,ERR,ERR,ERR,ERR,ERR,ERR,ERR,ERR,ERR,ERR,ERR,ERR,ERR,ERR,ERR,ERR,ERR,ERR,ERR,ERR,ERR,ERR,ERR,ERR,ERR,ERR,ERR,ERR,ERR,ERR,ERR,ERR,ERR,ERR,ERR,ERR,ERR,ERR,ERR,ERR,ERR,ERR,ERR,ERR,ERR,ERR,ERR,ERR,ERR,ERR,ERR,50.0,60.0,100,0.0,0.0,0.0,0.0,0.0,0.0,0.0,0.0,0.0,0.0,0.0,0.0,0.0,0.0,0.0,0.0,61.6,77,11,65508,50,65476,0,300,0,0,8,20529,65476,0,0,26214,60.0,0.0,0.0,0.0,0.0,0.0
2026-05-17T16:50:42,ERR,ERR,ERR,ERR,ERR,ERR,ERR,ERR,ERR,ERR,ERR,ERR,ERR,ERR,ERR,ERR,ERR,ERR,ERR,ERR,ERR,ERR,ERR,ERR,ERR,ERR,ERR,ERR,ERR,ERR,ERR,ERR,ERR,ERR,ERR,ERR,ERR,ERR,ERR,ERR,ERR,ERR,ERR,ERR,ERR,ERR,ERR,ERR,ERR,ERR,ERR,ERR,ERR,ERR,ERR,ERR,ERR,ERR,ERR,ERR,ERR,ERR,ERR,ERR,ERR,ERR,ERR,ERR,ERR,ERR,ERR,ERR,ERR,ERR,ERR,ERR,ERR,ERR,ERR,ERR,ERR,ERR,ERR,ERR,ERR,ERR,ERR,ERR,ERR,ERR,ERR,ERR,ERR,ERR,ERR,ERR,ERR,ERR,ERR,ERR,ERR,ERR,ERR,ERR,ERR,ERR,ERR,ERR,ERR,ERR,ERR,ERR,ERR,ERR,ERR,ERR,ERR,ERR,ERR,ERR,ERR,ERR,ERR,ERR,ERR,0.0,0.0,-134474944.0,0.0,0.0,1.3936040501711995e+18,7.805,0.0,0,0,4,0,8422,0.0,45,0.0,0.0,0.0,0.0,0.0,0,0,0,0,0.0,0,0,0,0,0,0,0,0,0,0,0,0,0,0,0,0,0,0,0,0,0,0,0,0,0,0,0,0,0,0,0,0,0,38,14,7,45,65476,0,300,0,0,8,21553,0.0,-107605600.0,0.0,0.0,0.0,0.0,0.0,0.0,0.0,0.0,0.0,0.0,0.0,0.0,0.0,0.0,0.0,0.0,0.0,0.0,0.0,0.0,0.0,0.0,-2.004,2.004,0.0,0.0,0.0,0.0,5010.0,0.0,0.0,0.0,0.0,0.0,-107615304.0,0.0,0.0,0.0,0.0,53,3.222028592685471e+26,-0.0,0.0,0.0,0.0,0.0,0.0,0.0,0.0,0,0,0,0.0,0.0,0.0,0.0,0.0,0.0,0.0,0.0,0.0,0.0,0.0,0.0,0.0,0.0,0.0,0.0,0,-107875648.0,53,0.0,106,-107614832.0,2.7006707062415038e+23,ERR,ERR,ERR,ERR,ERR,ERR,ERR,ERR,ERR,ERR,ERR,ERR,ERR,ERR,ERR,ERR,ERR,ERR,ERR,ERR,ERR,ERR,ERR,ERR,ERR,ERR,ERR,ERR,ERR,ERR,ERR,ERR,ERR,ERR,ERR,ERR,ERR,ERR,ERR,ERR,ERR,ERR,ERR,ERR,ERR,ERR,ERR,ERR,ERR,ERR,ERR,ERR,ERR,ERR,ERR,ERR,ERR,ERR,ERR,ERR,ERR,ERR,ERR,ERR,ERR,ERR,ERR,50.0,60.0,100,0.0,0.0,0.0,0.0,0.0,0.0,0.0,0.0,0.0,0.0,0.0,0.0,0.0,0.0,0.0,0.0,61.6,77,11,65508,50,65476,0,300,0,0,8,20529,65476,0,0,26214,60.0,0.0,0.0,0.0,0.0,0.0
2026-05-17T16:50:43,ERR,ERR,ERR,ERR,ERR,ERR,ERR,ERR,ERR,ERR,ERR,ERR,ERR,ERR,ERR,ERR,ERR,ERR,ERR,ERR,ERR,ERR,ERR,ERR,ERR,ERR,ERR,ERR,ERR,ERR,ERR,ERR,ERR,ERR,ERR,ERR,ERR,ERR,ERR,ERR,ERR,ERR,ERR,ERR,ERR,ERR,ERR,ERR,ERR,ERR,ERR,ERR,ERR,ERR,ERR,ERR,ERR,ERR,ERR,ERR,ERR,ERR,ERR,ERR,ERR,ERR,ERR,ERR,ERR,ERR,ERR,ERR,ERR,ERR,ERR,ERR,ERR,ERR,ERR,ERR,ERR,ERR,ERR,ERR,ERR,ERR,ERR,ERR,ERR,ERR,ERR,ERR,ERR,ERR,ERR,ERR,ERR,ERR,ERR,ERR,ERR,ERR,ERR,ERR,ERR,ERR,ERR,ERR,ERR,ERR,ERR,ERR,ERR,ERR,ERR,ERR,ERR,ERR,ERR,ERR,ERR,ERR,ERR,ERR,ERR,0.0,0.0,-134474944.0,0.0,0.0,1.3936040501711995e+18,7.805,0.0,0,0,4,0,8422,0.0,45,0.0,0.0,0.0,0.0,0.0,0,0,0,0,0.0,0,0,0,0,0,0,0,0,0,0,0,0,0,0,0,0,0,0,0,0,0,0,0,0,0,0,0,0,0,0,0,0,0,38,14,7,45,65476,0,300,0,0,8,21553,0.0,-107605600.0,0.0,0.0,0.0,0.0,0.0,0.0,0.0,0.0,0.0,0.0,0.0,0.0,0.0,0.0,0.0,0.0,0.0,0.0,0.0,0.0,0.0,0.0,-2.004,2.004,0.0,0.0,0.0,0.0,4978.0,-0.0,0.0,0.0,0.0,0.0,-107615304.0,0.0,0.0,0.0,0.0,53,3.222028592685471e+26,2.7184172306451498e+23,0.0,0.0,0.0,0.0,0.0,0.0,0.0,0,0,0,0.0,0.0,0.0,0.0,0.0,0.0,0.0,0.0,0.0,0.0,0.0,0.0,0.0,0.0,0.0,0.0,0,-107875648.0,53,0.0,106,-107614832.0,2.7006707062415038e+23,ERR,ERR,ERR,ERR,ERR,ERR,ERR,ERR,ERR,ERR,ERR,ERR,ERR,ERR,ERR,ERR,ERR,ERR,ERR,ERR,ERR,ERR,ERR,ERR,ERR,ERR,ERR,ERR,ERR,ERR,ERR,ERR,ERR,ERR,ERR,ERR,ERR,ERR,ERR,ERR,ERR,ERR,ERR,ERR,ERR,ERR,ERR,ERR,ERR,ERR,ERR,ERR,ERR,ERR,ERR,ERR,ERR,ERR,ERR,ERR,ERR,ERR,ERR,ERR,ERR,ERR,ERR,50.0,60.0,100,0.0,0.0,0.0,0.0,0.0,0.0,0.0,0.0,0.0,0.0,0.0,0.0,0.0,0.0,0.0,0.0,61.6,77,11,65508,50,65476,0,300,0,0,8,20529,65476,0,0,26214,60.0,0.0,0.0,0.0,0.0,0.0
2026-05-17T16:50:44,ERR,ERR,ERR,ERR,ERR,ERR,ERR,ERR,ERR,ERR,ERR,ERR,ERR,ERR,ERR,ERR,ERR,ERR,ERR,ERR,ERR,ERR,ERR,ERR,ERR,ERR,ERR,ERR,ERR,ERR,ERR,ERR,ERR,ERR,ERR,ERR,ERR,ERR,ERR,ERR,ERR,ERR,ERR,ERR,ERR,ERR,ERR,ERR,ERR,ERR,ERR,ERR,ERR,ERR,ERR,ERR,ERR,ERR,ERR,ERR,ERR,ERR,ERR,ERR,ERR,ERR,ERR,ERR,ERR,ERR,ERR,ERR,ERR,ERR,ERR,ERR,ERR,ERR,ERR,ERR,ERR,ERR,ERR,ERR,ERR,ERR,ERR,ERR,ERR,ERR,ERR,ERR,ERR,ERR,ERR,ERR,ERR,ERR,ERR,ERR,ERR,ERR,ERR,ERR,ERR,ERR,ERR,ERR,ERR,ERR,ERR,ERR,ERR,ERR,ERR,ERR,ERR,ERR,ERR,ERR,ERR,ERR,ERR,ERR,ERR,0.0,0.0,-134474944.0,0.0,0.0,1.3936040501711995e+18,7.805,0.0,0,0,4,0,8422,0.0,45,0.0,0.0,0.0,0.0,0.0,0,0,0,0,0.0,0,0,0,0,0,0,0,0,0,0,0,0,0,0,0,0,0,0,0,0,0,0,0,0,0,0,0,0,0,0,0,0,0,38,14,7,45,65476,0,300,0,0,8,21553,0.0,-107605600.0,0.0,0.0,0.0,0.0,0.0,0.0,0.0,0.0,0.0,0.0,0.0,0.0,0.0,0.0,0.0,0.0,0.0,0.0,0.0,0.0,0.0,0.0,-2.004,2.004,0.0,0.0,0.0,0.0,4978.0,-0.0,0.0,0.0,0.0,0.0,-107615304.0,0.0,0.0,0.0,0.0,53,3.222028592685471e+26,2.7184172306451498e+23,0.0,0.0,0.0,0.0,0.0,0.0,0.0,0,0,0,0.0,0.0,0.0,0.0,0.0,0.0,0.0,0.0,0.0,0.0,0.0,0.0,0.0,0.0,0.0,0.0,0,-107875648.0,53,0.0,106,-107614832.0,2.7006707062415038e+23,ERR,ERR,ERR,ERR,ERR,ERR,ERR,ERR,ERR,ERR,ERR,ERR,ERR,ERR,ERR,ERR,ERR,ERR,ERR,ERR,ERR,ERR,ERR,ERR,ERR,ERR,ERR,ERR,ERR,ERR,ERR,ERR,ERR,ERR,ERR,ERR,ERR,ERR,ERR,ERR,ERR,ERR,ERR,ERR,ERR,ERR,ERR,ERR,ERR,ERR,ERR,ERR,ERR,ERR,ERR,ERR,ERR,ERR,ERR,ERR,ERR,ERR,ERR,ERR,ERR,ERR,ERR,50.0,60.0,100,0.0,0.0,0.0,0.0,0.0,0.0,0.0,0.0,0.0,0.0,0.0,0.0,0.0,0.0,0.0,0.0,61.6,77,11,65508,50,65476,0,300,0,0,8,20529,65476,0,0,26214,60.0,0.0,0.0,0.0,0.0,0.0
2026-05-17T16:50:45,ERR,ERR,ERR,ERR,ERR,ERR,ERR,ERR,ERR,ERR,ERR,ERR,ERR,ERR,ERR,ERR,ERR,ERR,ERR,ERR,ERR,ERR,ERR,ERR,ERR,ERR,ERR,ERR,ERR,ERR,ERR,ERR,ERR,ERR,ERR,ERR,ERR,ERR,ERR,ERR,ERR,ERR,ERR,ERR,ERR,ERR,ERR,ERR,ERR,ERR,ERR,ERR,ERR,ERR,ERR,ERR,ERR,ERR,ERR,ERR,ERR,ERR,ERR,ERR,ERR,ERR,ERR,ERR,ERR,ERR,ERR,ERR,ERR,ERR,ERR,ERR,ERR,ERR,ERR,ERR,ERR,ERR,ERR,ERR,ERR,ERR,ERR,ERR,ERR,ERR,ERR,ERR,ERR,ERR,ERR,ERR,ERR,ERR,ERR,ERR,ERR,ERR,ERR,ERR,ERR,ERR,ERR,ERR,ERR,ERR,ERR,ERR,ERR,ERR,ERR,ERR,ERR,ERR,ERR,ERR,ERR,ERR,ERR,ERR,ERR,0.0,0.0,-134474944.0,0.0,0.0,1.3936040501711995e+18,7.805,0.0,0,0,4,0,8422,0.0,45,0.0,0.0,0.0,0.0,0.0,0,0,0,0,0.0,0,0,0,0,0,0,0,0,0,0,0,0,0,0,0,0,0,0,0,0,0,0,0,0,0,0,0,0,0,0,0,0,0,38,14,7,45,65476,0,300,0,0,8,21553,0.0,-107605600.0,0.0,0.0,0.0,0.0,0.0,0.0,0.0,0.0,0.0,0.0,0.0,0.0,0.0,0.0,0.0,0.0,0.0,0.0,0.0,0.0,0.0,0.0,-2.004,2.004,0.0,0.0,0.0,0.0,4978.0,-0.0,0.0,0.0,0.0,0.0,-107615304.0,0.0,0.0,0.0,0.0,53,3.222028592685471e+26,2.7184172306451498e+23,0.0,0.0,0.0,0.0,0.0,0.0,0.0,0,0,0,0.0,0.0,0.0,0.0,0.0,0.0,0.0,0.0,0.0,0.0,0.0,0.0,0.0,0.0,0.0,0.0,0,-107875648.0,53,0.0,106,-107614832.0,2.7006707062415038e+23,ERR,ERR,ERR,ERR,ERR,ERR,ERR,ERR,ERR,ERR,ERR,ERR,ERR,ERR,ERR,ERR,ERR,ERR,ERR,ERR,ERR,ERR,ERR,ERR,ERR,ERR,ERR,ERR,ERR,ERR,ERR,ERR,ERR,ERR,ERR,ERR,ERR,ERR,ERR,ERR,ERR,ERR,ERR,ERR,ERR,ERR,ERR,ERR,ERR,ERR,ERR,ERR,ERR,ERR,ERR,ERR,ERR,ERR,ERR,ERR,ERR,ERR,ERR,ERR,ERR,ERR,ERR,50.0,60.0,100,0.0,0.0,0.0,0.0,0.0,0.0,0.0,0.0,0.0,0.0,0.0,0.0,0.0,0.0,0.0,0.0,61.6,77,11,65508,50,65476,0,300,0,0,8,20529,65476,0,0,26214,60.0,0.0,0.0,0.0,0.0,0.0
2026-05-17T16:50:46,ERR,ERR,ERR,ERR,ERR,ERR,ERR,ERR,ERR,ERR,ERR,ERR,ERR,ERR,ERR,ERR,ERR,ERR,ERR,ERR,ERR,ERR,ERR,ERR,ERR,ERR,ERR,ERR,ERR,ERR,ERR,ERR,ERR,ERR,ERR,ERR,ERR,ERR,ERR,ERR,ERR,ERR,ERR,ERR,ERR,ERR,ERR,ERR,ERR,ERR,ERR,ERR,ERR,ERR,ERR,ERR,ERR,ERR,ERR,ERR,ERR,ERR,ERR,ERR,ERR,ERR,ERR,ERR,ERR,ERR,ERR,ERR,ERR,ERR,ERR,ERR,ERR,ERR,ERR,ERR,ERR,ERR,ERR,ERR,ERR,ERR,ERR,ERR,ERR,ERR,ERR,ERR,ERR,ERR,ERR,ERR,ERR,ERR,ERR,ERR,ERR,ERR,ERR,ERR,ERR,ERR,ERR,ERR,ERR,ERR,ERR,ERR,ERR,ERR,ERR,ERR,ERR,ERR,ERR,ERR,ERR,ERR,ERR,ERR,ERR,0.0,0.0,-134474944.0,0.0,0.0,1.3936040501711995e+18,7.805,0.0,0,0,4,0,8422,0.0,45,0.0,0.0,0.0,0.0,0.0,0,0,0,0,0.0,0,0,0,0,0,0,0,0,0,0,0,0,0,0,0,0,0,0,0,0,0,0,0,0,0,0,0,0,0,0,0,0,0,38,14,7,45,65476,0,300,0,0,8,21553,0.0,-107605600.0,0.0,0.0,0.0,0.0,0.0,0.0,0.0,0.0,0.0,0.0,0.0,0.0,0.0,0.0,0.0,0.0,0.0,0.0,0.0,0.0,0.0,0.0,-2.004,2.004,0.0,0.0,0.0,0.0,4978.0,-0.0,0.0,0.0,0.0,0.0,-107615304.0,0.0,0.0,0.0,0.0,53,3.222028592685471e+26,2.7184172306451498e+23,0.0,0.0,0.0,0.0,0.0,0.0,0.0,0,0,0,0.0,0.0,0.0,0.0,0.0,0.0,0.0,0.0,0.0,0.0,0.0,0.0,0.0,0.0,0.0,0.0,0,-107875648.0,53,0.0,106,-107614832.0,2.7006707062415038e+23,ERR,ERR,ERR,ERR,ERR,ERR,ERR,ERR,ERR,ERR,ERR,ERR,ERR,ERR,ERR,ERR,ERR,ERR,ERR,ERR,ERR,ERR,ERR,ERR,ERR,ERR,ERR,ERR,ERR,ERR,ERR,ERR,ERR,ERR,ERR,ERR,ERR,ERR,ERR,ERR,ERR,ERR,ERR,ERR,ERR,ERR,ERR,ERR,ERR,ERR,ERR,ERR,ERR,ERR,ERR,ERR,ERR,ERR,ERR,ERR,ERR,ERR,ERR,ERR,ERR,ERR,ERR,50.0,60.0,100,0.0,0.0,0.0,0.0,0.0,0.0,0.0,0.0,0.0,0.0,0.0,0.0,0.0,0.0,0.0,0.0,61.6,77,11,65508,50,65476,0,300,0,0,8,20529,65476,0,0,26214,60.0,0.0,0.0,0.0,0.0,0.0
2026-05-17T16:50:47,ERR,ERR,ERR,ERR,ERR,ERR,ERR,ERR,ERR,ERR,ERR,ERR,ERR,ERR,ERR,ERR,ERR,ERR,ERR,ERR,ERR,ERR,ERR,ERR,ERR,ERR,ERR,ERR,ERR,ERR,ERR,ERR,ERR,ERR,ERR,ERR,ERR,ERR,ERR,ERR,ERR,ERR,ERR,ERR,ERR,ERR,ERR,ERR,ERR,ERR,ERR,ERR,ERR,ERR,ERR,ERR,ERR,ERR,ERR,ERR,ERR,ERR,ERR,ERR,ERR,ERR,ERR,ERR,ERR,ERR,ERR,ERR,ERR,ERR,ERR,ERR,ERR,ERR,ERR,ERR,ERR,ERR,ERR,ERR,ERR,ERR,ERR,ERR,ERR,ERR,ERR,ERR,ERR,ERR,ERR,ERR,ERR,ERR,ERR,ERR,ERR,ERR,ERR,ERR,ERR,ERR,ERR,ERR,ERR,ERR,ERR,ERR,ERR,ERR,ERR,ERR,ERR,ERR,ERR,ERR,ERR,ERR,ERR,ERR,ERR,0.0,0.0,-134474944.0,0.0,0.0,1.3936040501711995e+18,7.805,0.0,0,0,4,0,8422,0.0,45,0.0,0.0,0.0,0.0,0.0,0,0,0,0,0.0,0,0,0,0,0,0,0,0,0,0,0,0,0,0,0,0,0,0,0,0,0,0,0,0,0,0,0,0,0,0,0,0,0,38,14,7,45,65476,0,300,0,0,8,21553,0.0,-107605600.0,0.0,0.0,0.0,0.0,0.0,0.0,0.0,0.0,0.0,0.0,0.0,0.0,0.0,0.0,0.0,0.0,0.0,0.0,0.0,0.0,0.0,0.0,-2.004,2.004,0.0,0.0,0.0,0.0,4978.0,-0.0,0.0,0.0,0.0,0.0,-107615304.0,0.0,0.0,0.0,0.0,53,3.222028592685471e+26,2.7184172306451498e+23,0.0,0.0,0.0,0.0,0.0,0.0,0.0,0,0,0,0.0,0.0,0.0,0.0,0.0,0.0,0.0,0.0,0.0,0.0,0.0,0.0,0.0,0.0,0.0,0.0,0,-107875648.0,53,0.0,106,-107614832.0,2.7006707062415038e+23,ERR,ERR,ERR,ERR,ERR,ERR,ERR,ERR,ERR,ERR,ERR,ERR,ERR,ERR,ERR,ERR,ERR,ERR,ERR,ERR,ERR,ERR,ERR,ERR,ERR,ERR,ERR,ERR,ERR,ERR,ERR,ERR,ERR,ERR,ERR,ERR,ERR,ERR,ERR,ERR,ERR,ERR,ERR,ERR,ERR,ERR,ERR,ERR,ERR,ERR,ERR,ERR,ERR,ERR,ERR,ERR,ERR,ERR,ERR,ERR,ERR,ERR,ERR,ERR,ERR,ERR,ERR,50.0,60.0,100,0.0,0.0,0.0,0.0,0.0,0.0,0.0,0.0,0.0,0.0,0.0,0.0,0.0,0.0,0.0,0.0,61.6,77,11,65508,50,65476,0,300,0,0,8,20529,65476,0,0,26214,60.0,0.0,0.0,0.0,0.0,0.0
2026-05-17T16:50:48,ERR,ERR,ERR,ERR,ERR,ERR,ERR,ERR,ERR,ERR,ERR,ERR,ERR,ERR,ERR,ERR,ERR,ERR,ERR,ERR,ERR,ERR,ERR,ERR,ERR,ERR,ERR,ERR,ERR,ERR,ERR,ERR,ERR,ERR,ERR,ERR,ERR,ERR,ERR,ERR,ERR,ERR,ERR,ERR,ERR,ERR,ERR,ERR,ERR,ERR,ERR,ERR,ERR,ERR,ERR,ERR,ERR,ERR,ERR,ERR,ERR,ERR,ERR,ERR,ERR,ERR,ERR,ERR,ERR,ERR,ERR,ERR,ERR,ERR,ERR,ERR,ERR,ERR,ERR,ERR,ERR,ERR,ERR,ERR,ERR,ERR,ERR,ERR,ERR,ERR,ERR,ERR,ERR,ERR,ERR,ERR,ERR,ERR,ERR,ERR,ERR,ERR,ERR,ERR,ERR,ERR,ERR,ERR,ERR,ERR,ERR,ERR,ERR,ERR,ERR,ERR,ERR,ERR,ERR,ERR,ERR,ERR,ERR,ERR,ERR,0.0,0.0,-134474944.0,0.0,0.0,1.3936040501711995e+18,7.805,0.0,0,0,4,0,8422,0.0,45,0.0,0.0,0.0,0.0,0.0,0,0,0,0,0.0,0,0,0,0,0,0,0,0,0,0,0,0,0,0,0,0,0,0,0,0,0,0,0,0,0,0,0,0,0,0,0,0,0,38,14,7,45,65476,0,300,0,0,8,21553,0.0,-107605600.0,0.0,0.0,0.0,0.0,0.0,0.0,0.0,0.0,0.0,0.0,0.0,0.0,0.0,0.0,0.0,0.0,0.0,0.0,0.0,0.0,0.0,0.0,-2.004,2.004,0.0,0.0,0.0,0.0,5010.0,-0.0,0.0,0.0,0.0,0.0,-107615304.0,0.0,0.0,0.0,0.0,53,-0.0,126840537088.0,0.0,0.0,0.0,0.0,0.0,0.0,0.0,0,0,0,0.0,0.0,0.0,0.0,0.0,0.0,0.0,0.0,0.0,0.0,0.0,0.0,0.0,0.0,0.0,0.0,0,-107875648.0,53,0.0,106,-107614832.0,2.7006707062415038e+23,ERR,ERR,ERR,ERR,ERR,ERR,ERR,ERR,ERR,ERR,ERR,ERR,ERR,ERR,ERR,ERR,ERR,ERR,ERR,ERR,ERR,ERR,ERR,ERR,ERR,ERR,ERR,ERR,ERR,ERR,ERR,ERR,ERR,ERR,ERR,ERR,ERR,ERR,ERR,ERR,ERR,ERR,ERR,ERR,ERR,ERR,ERR,ERR,ERR,ERR,ERR,ERR,ERR,ERR,ERR,ERR,ERR,ERR,ERR,ERR,ERR,ERR,ERR,ERR,ERR,ERR,ERR,50.0,60.0,100,0.0,0.0,0.0,0.0,0.0,0.0,0.0,0.0,0.0,0.0,0.0,0.0,0.0,0.0,0.0,0.0,62.0,77,11,65508,50,65476,0,300,0,0,8,20529,65476,0,0,26214,60.0,0.0,0.0,0.0,0.0,0.0
2026-05-17T16:50:49,ERR,ERR,ERR,ERR,ERR,ERR,ERR,ERR,ERR,ERR,ERR,ERR,ERR,ERR,ERR,ERR,ERR,ERR,ERR,ERR,ERR,ERR,ERR,ERR,ERR,ERR,ERR,ERR,ERR,ERR,ERR,ERR,ERR,ERR,ERR,ERR,ERR,ERR,ERR,ERR,ERR,ERR,ERR,ERR,ERR,ERR,ERR,ERR,ERR,ERR,ERR,ERR,ERR,ERR,ERR,ERR,ERR,ERR,ERR,ERR,ERR,ERR,ERR,ERR,ERR,ERR,ERR,ERR,ERR,ERR,ERR,ERR,ERR,ERR,ERR,ERR,ERR,ERR,ERR,ERR,ERR,ERR,ERR,ERR,ERR,ERR,ERR,ERR,ERR,ERR,ERR,ERR,ERR,ERR,ERR,ERR,ERR,ERR,ERR,ERR,ERR,ERR,ERR,ERR,ERR,ERR,ERR,ERR,ERR,ERR,ERR,ERR,ERR,ERR,ERR,ERR,ERR,ERR,ERR,ERR,ERR,ERR,ERR,ERR,ERR,0.0,0.0,-134474944.0,0.0,0.0,1.3936040501711995e+18,7.805,0.0,0,0,4,0,8422,0.0,45,0.0,0.0,0.0,0.0,0.0,0,0,0,0,0.0,0,0,0,0,0,0,0,0,0,0,0,0,0,0,0,0,0,0,0,0,0,0,0,0,0,0,0,0,0,0,0,0,0,38,14,7,45,65476,0,300,0,0,8,21553,0.0,-107605600.0,0.0,0.0,0.0,0.0,0.0,0.0,0.0,0.0,0.0,0.0,0.0,0.0,0.0,0.0,0.0,0.0,0.0,0.0,0.0,0.0,0.0,0.0,-2.004,2.004,0.0,0.0,0.0,0.0,5010.0,-0.0,0.0,0.0,0.0,0.0,-107615304.0,0.0,0.0,0.0,0.0,53,-0.0,126840537088.0,0.0,0.0,0.0,0.0,0.0,0.0,0.0,0,0,0,0.0,0.0,0.0,0.0,0.0,0.0,0.0,0.0,0.0,0.0,0.0,0.0,0.0,0.0,0.0,0.0,0,-107875648.0,53,0.0,106,-107614832.0,2.7006707062415038e+23,ERR,ERR,ERR,ERR,ERR,ERR,ERR,ERR,ERR,ERR,ERR,ERR,ERR,ERR,ERR,ERR,ERR,ERR,ERR,ERR,ERR,ERR,ERR,ERR,ERR,ERR,ERR,ERR,ERR,ERR,ERR,ERR,ERR,ERR,ERR,ERR,ERR,ERR,ERR,ERR,ERR,ERR,ERR,ERR,ERR,ERR,ERR,ERR,ERR,ERR,ERR,ERR,ERR,ERR,ERR,ERR,ERR,ERR,ERR,ERR,ERR,ERR,ERR,ERR,ERR,ERR,ERR,50.0,60.0,100,0.0,0.0,0.0,0.0,0.0,0.0,0.0,0.0,0.0,0.0,0.0,0.0,0.0,0.0,0.0,0.0,62.0,77,11,65508,50,65476,0,300,0,0,8,20529,65476,0,0,26214,60.0,0.0,0.0,0.0,0.0,0.0
2026-05-17T16:50:50,ERR,ERR,ERR,ERR,ERR,ERR,ERR,ERR,ERR,ERR,ERR,ERR,ERR,ERR,ERR,ERR,ERR,ERR,ERR,ERR,ERR,ERR,ERR,ERR,ERR,ERR,ERR,ERR,ERR,ERR,ERR,ERR,ERR,ERR,ERR,ERR,ERR,ERR,ERR,ERR,ERR,ERR,ERR,ERR,ERR,ERR,ERR,ERR,ERR,ERR,ERR,ERR,ERR,ERR,ERR,ERR,ERR,ERR,ERR,ERR,ERR,ERR,ERR,ERR,ERR,ERR,ERR,ERR,ERR,ERR,ERR,ERR,ERR,ERR,ERR,ERR,ERR,ERR,ERR,ERR,ERR,ERR,ERR,ERR,ERR,ERR,ERR,ERR,ERR,ERR,ERR,ERR,ERR,ERR,ERR,ERR,ERR,ERR,ERR,ERR,ERR,ERR,ERR,ERR,ERR,ERR,ERR,ERR,ERR,ERR,ERR,ERR,ERR,ERR,ERR,ERR,ERR,ERR,ERR,ERR,ERR,ERR,ERR,ERR,ERR,0.0,0.0,-134474944.0,0.0,0.0,1.3936040501711995e+18,7.805,0.0,0,0,4,0,8422,0.0,45,0.0,0.0,0.0,0.0,0.0,0,0,0,0,0.0,0,0,0,0,0,0,0,0,0,0,0,0,0,0,0,0,0,0,0,0,0,0,0,0,0,0,0,0,0,0,0,0,0,38,14,7,45,65476,0,300,0,0,8,21553,0.0,-107605600.0,0.0,0.0,0.0,0.0,0.0,0.0,0.0,0.0,0.0,0.0,0.0,0.0,0.0,0.0,0.0,0.0,0.0,0.0,0.0,0.0,0.0,0.0,-2.004,2.004,0.0,0.0,0.0,0.0,5010.0,-0.0,0.0,0.0,0.0,0.0,-107615304.0,0.0,0.0,0.0,0.0,53,-0.0,126840537088.0,0.0,0.0,0.0,0.0,0.0,0.0,0.0,0,0,0,0.0,0.0,0.0,0.0,0.0,0.0,0.0,0.0,0.0,0.0,0.0,0.0,0.0,0.0,0.0,0.0,0,-107875648.0,53,0.0,106,-107614832.0,2.7006707062415038e+23,ERR,ERR,ERR,ERR,ERR,ERR,ERR,ERR,ERR,ERR,ERR,ERR,ERR,ERR,ERR,ERR,ERR,ERR,ERR,ERR,ERR,ERR,ERR,ERR,ERR,ERR,ERR,ERR,ERR,ERR,ERR,ERR,ERR,ERR,ERR,ERR,ERR,ERR,ERR,ERR,ERR,ERR,ERR,ERR,ERR,ERR,ERR,ERR,ERR,ERR,ERR,ERR,ERR,ERR,ERR,ERR,ERR,ERR,ERR,ERR,ERR,ERR,ERR,ERR,ERR,ERR,ERR,50.0,60.0,100,0.0,0.0,0.0,0.0,0.0,0.0,0.0,0.0,0.0,0.0,0.0,0.0,0.0,0.0,0.0,0.0,61.6,77,11,65508,50,65476,0,300,0,0,8,20529,65476,0,0,26214,60.0,0.0,0.0,0.0,0.0,0.0
2026-05-17T16:50:51,ERR,ERR,ERR,ERR,ERR,ERR,ERR,ERR,ERR,ERR,ERR,ERR,ERR,ERR,ERR,ERR,ERR,ERR,ERR,ERR,ERR,ERR,ERR,ERR,ERR,ERR,ERR,ERR,ERR,ERR,ERR,ERR,ERR,ERR,ERR,ERR,ERR,ERR,ERR,ERR,ERR,ERR,ERR,ERR,ERR,ERR,ERR,ERR,ERR,ERR,ERR,ERR,ERR,ERR,ERR,ERR,ERR,ERR,ERR,ERR,ERR,ERR,ERR,ERR,ERR,ERR,ERR,ERR,ERR,ERR,ERR,ERR,ERR,ERR,ERR,ERR,ERR,ERR,ERR,ERR,ERR,ERR,ERR,ERR,ERR,ERR,ERR,ERR,ERR,ERR,ERR,ERR,ERR,ERR,ERR,ERR,ERR,ERR,ERR,ERR,ERR,ERR,ERR,ERR,ERR,ERR,ERR,ERR,ERR,ERR,ERR,ERR,ERR,ERR,ERR,ERR,ERR,ERR,ERR,ERR,ERR,ERR,ERR,ERR,ERR,0.0,0.0,-134474944.0,0.0,0.0,1.3936040501711995e+18,7.805,0.0,0,0,4,0,8422,0.0,45,0.0,0.0,0.0,0.0,0.0,0,0,0,0,0.0,0,0,0,0,0,0,0,0,0,0,0,0,0,0,0,0,0,0,0,0,0,0,0,0,0,0,0,0,0,0,0,0,0,38,14,7,45,65476,0,300,0,0,8,21553,0.0,-107605600.0,0.0,0.0,0.0,0.0,0.0,0.0,0.0,0.0,0.0,0.0,0.0,0.0,0.0,0.0,0.0,0.0,0.0,0.0,0.0,0.0,0.0,0.0,-2.004,2.004,0.0,0.0,0.0,0.0,5010.0,-0.0,0.0,0.0,0.0,0.0,-107615304.0,0.0,0.0,0.0,0.0,53,-0.0,126840537088.0,0.0,0.0,0.0,0.0,0.0,0.0,0.0,0,0,0,0.0,0.0,0.0,0.0,0.0,0.0,0.0,0.0,0.0,0.0,0.0,0.0,0.0,0.0,0.0,0.0,0,-107875648.0,53,0.0,106,-107614832.0,2.7006707062415038e+23,ERR,ERR,ERR,ERR,ERR,ERR,ERR,ERR,ERR,ERR,ERR,ERR,ERR,ERR,ERR,ERR,ERR,ERR,ERR,ERR,ERR,ERR,ERR,ERR,ERR,ERR,ERR,ERR,ERR,ERR,ERR,ERR,ERR,ERR,ERR,ERR,ERR,ERR,ERR,ERR,ERR,ERR,ERR,ERR,ERR,ERR,ERR,ERR,ERR,ERR,ERR,ERR,ERR,ERR,ERR,ERR,ERR,ERR,ERR,ERR,ERR,ERR,ERR,ERR,ERR,ERR,ERR,50.0,60.0,100,0.0,0.0,0.0,0.0,0.0,0.0,0.0,0.0,0.0,0.0,0.0,0.0,0.0,0.0,0.0,0.0,61.6,77,11,65508,50,65476,0,300,0,0,8,20529,65476,0,0,26214,60.0,0.0,0.0,0.0,0.0,0.0
2026-05-17T16:50:52,ERR,ERR,ERR,ERR,ERR,ERR,ERR,ERR,ERR,ERR,ERR,ERR,ERR,ERR,ERR,ERR,ERR,ERR,ERR,ERR,ERR,ERR,ERR,ERR,ERR,ERR,ERR,ERR,ERR,ERR,ERR,ERR,ERR,ERR,ERR,ERR,ERR,ERR,ERR,ERR,ERR,ERR,ERR,ERR,ERR,ERR,ERR,ERR,ERR,ERR,ERR,ERR,ERR,ERR,ERR,ERR,ERR,ERR,ERR,ERR,ERR,ERR,ERR,ERR,ERR,ERR,ERR,ERR,ERR,ERR,ERR,ERR,ERR,ERR,ERR,ERR,ERR,ERR,ERR,ERR,ERR,ERR,ERR,ERR,ERR,ERR,ERR,ERR,ERR,ERR,ERR,ERR,ERR,ERR,ERR,ERR,ERR,ERR,ERR,ERR,ERR,ERR,ERR,ERR,ERR,ERR,ERR,ERR,ERR,ERR,ERR,ERR,ERR,ERR,ERR,ERR,ERR,ERR,ERR,ERR,ERR,ERR,ERR,ERR,ERR,0.0,0.0,-134474944.0,0.0,0.0,1.3936040501711995e+18,7.805,0.0,0,0,4,0,8422,0.0,45,0.0,0.0,0.0,0.0,0.0,0,0,0,0,0.0,0,0,0,0,0,0,0,0,0,0,0,0,0,0,0,0,0,0,0,0,0,0,0,0,0,0,0,0,0,0,0,0,0,38,14,7,45,65476,0,300,0,0,8,21553,0.0,-107605600.0,0.0,0.0,0.0,0.0,0.0,0.0,0.0,0.0,0.0,0.0,0.0,0.0,0.0,0.0,0.0,0.0,0.0,0.0,0.0,0.0,0.0,0.0,-2.004,2.004,0.0,0.0,0.0,0.0,5010.0,-0.0,0.0,0.0,0.0,0.0,-107615304.0,0.0,0.0,0.0,0.0,53,-0.0,126840537088.0,0.0,0.0,0.0,0.0,0.0,0.0,0.0,0,0,0,0.0,0.0,0.0,0.0,0.0,0.0,0.0,0.0,0.0,0.0,0.0,0.0,0.0,0.0,0.0,0.0,0,-107875648.0,53,0.0,106,-107614832.0,2.7006707062415038e+23,ERR,ERR,ERR,ERR,ERR,ERR,ERR,ERR,ERR,ERR,ERR,ERR,ERR,ERR,ERR,ERR,ERR,ERR,ERR,ERR,ERR,ERR,ERR,ERR,ERR,ERR,ERR,ERR,ERR,ERR,ERR,ERR,ERR,ERR,ERR,ERR,ERR,ERR,ERR,ERR,ERR,ERR,ERR,ERR,ERR,ERR,ERR,ERR,ERR,ERR,ERR,ERR,ERR,ERR,ERR,ERR,ERR,ERR,ERR,ERR,ERR,ERR,ERR,ERR,ERR,ERR,ERR,50.0,60.0,100,0.0,0.0,0.0,0.0,0.0,0.0,0.0,0.0,0.0,0.0,0.0,0.0,0.0,0.0,0.0,0.0,61.6,77,11,65508,50,65476,0,300,0,0,8,20529,65476,0,0,26214,60.0,0.0,0.0,0.0,0.0,0.0
2026-05-17T16:50:53,ERR,ERR,ERR,ERR,ERR,ERR,ERR,ERR,ERR,ERR,ERR,ERR,ERR,ERR,ERR,ERR,ERR,ERR,ERR,ERR,ERR,ERR,ERR,ERR,ERR,ERR,ERR,ERR,ERR,ERR,ERR,ERR,ERR,ERR,ERR,ERR,ERR,ERR,ERR,ERR,ERR,ERR,ERR,ERR,ERR,ERR,ERR,ERR,ERR,ERR,ERR,ERR,ERR,ERR,ERR,ERR,ERR,ERR,ERR,ERR,ERR,ERR,ERR,ERR,ERR,ERR,ERR,ERR,ERR,ERR,ERR,ERR,ERR,ERR,ERR,ERR,ERR,ERR,ERR,ERR,ERR,ERR,ERR,ERR,ERR,ERR,ERR,ERR,ERR,ERR,ERR,ERR,ERR,ERR,ERR,ERR,ERR,ERR,ERR,ERR,ERR,ERR,ERR,ERR,ERR,ERR,ERR,ERR,ERR,ERR,ERR,ERR,ERR,ERR,ERR,ERR,ERR,ERR,ERR,ERR,ERR,ERR,ERR,ERR,ERR,0.0,0.0,-134474944.0,0.0,0.0,1.3936040501711995e+18,7.805,0.0,0,0,4,0,8422,0.0,45,0.0,0.0,0.0,0.0,0.0,0,0,0,0,0.0,0,0,0,0,0,0,0,0,0,0,0,0,0,0,0,0,0,0,0,0,0,0,0,0,0,0,0,0,0,0,0,0,0,38,14,7,45,65476,0,300,0,0,8,21553,0.0,-107605600.0,0.0,0.0,0.0,0.0,0.0,0.0,0.0,0.0,0.0,0.0,0.0,0.0,0.0,0.0,0.0,0.0,0.0,0.0,0.0,0.0,0.0,0.0,-2.004,2.004,0.0,0.0,0.0,0.0,5015.0,-0.0,0.0,0.0,0.0,0.0,-107615304.0,0.0,0.0,0.0,0.0,53,-0.0,126840537088.0,0.0,0.0,0.0,0.0,0.0,0.0,0.0,0,0,0,0.0,0.0,0.0,0.0,0.0,0.0,0.0,0.0,0.0,0.0,0.0,0.0,0.0,0.0,0.0,0.0,0,-107875648.0,53,0.0,106,-107614832.0,2.7006707062415038e+23,ERR,ERR,ERR,ERR,ERR,ERR,ERR,ERR,ERR,ERR,ERR,ERR,ERR,ERR,ERR,ERR,ERR,ERR,ERR,ERR,ERR,ERR,ERR,ERR,ERR,ERR,ERR,ERR,ERR,ERR,ERR,ERR,ERR,ERR,ERR,ERR,ERR,ERR,ERR,ERR,ERR,ERR,ERR,ERR,ERR,ERR,ERR,ERR,ERR,ERR,ERR,ERR,ERR,ERR,ERR,ERR,ERR,ERR,ERR,ERR,ERR,ERR,ERR,ERR,ERR,ERR,ERR,50.0,60.0,100,0.0,0.0,0.0,0.0,0.0,0.0,0.0,0.0,0.0,0.0,0.0,0.0,0.0,0.0,0.0,0.0,61.6,77,11,65508,50,65476,0,300,0,0,8,20529,65476,0,0,26214,60.0,0.0,0.0,0.0,0.0,0.0
2026-05-17T16:50:54,ERR,ERR,ERR,ERR,ERR,ERR,ERR,ERR,ERR,ERR,ERR,ERR,ERR,ERR,ERR,ERR,ERR,ERR,ERR,ERR,ERR,ERR,ERR,ERR,ERR,ERR,ERR,ERR,ERR,ERR,ERR,ERR,ERR,ERR,ERR,ERR,ERR,ERR,ERR,ERR,ERR,ERR,ERR,ERR,ERR,ERR,ERR,ERR,ERR,ERR,ERR,ERR,ERR,ERR,ERR,ERR,ERR,ERR,ERR,ERR,ERR,ERR,ERR,ERR,ERR,ERR,ERR,ERR,ERR,ERR,ERR,ERR,ERR,ERR,ERR,ERR,ERR,ERR,ERR,ERR,ERR,ERR,ERR,ERR,ERR,ERR,ERR,ERR,ERR,ERR,ERR,ERR,ERR,ERR,ERR,ERR,ERR,ERR,ERR,ERR,ERR,ERR,ERR,ERR,ERR,ERR,ERR,ERR,ERR,ERR,ERR,ERR,ERR,ERR,ERR,ERR,ERR,ERR,ERR,ERR,ERR,ERR,ERR,ERR,ERR,0.0,0.0,-134474944.0,0.0,0.0,1.3936040501711995e+18,7.805,0.0,0,0,4,0,8422,0.0,45,0.0,0.0,0.0,0.0,0.0,0,0,0,0,0.0,0,0,0,0,0,0,0,0,0,0,0,0,0,0,0,0,0,0,0,0,0,0,0,0,0,0,0,0,0,0,0,0,0,38,14,7,45,65476,0,300,0,0,8,21553,0.0,-107605600.0,0.0,0.0,0.0,0.0,0.0,0.0,0.0,0.0,0.0,0.0,0.0,0.0,0.0,0.0,0.0,0.0,0.0,0.0,0.0,0.0,0.0,0.0,-2.004,2.004,0.0,0.0,0.0,0.0,5015.0,-0.0,0.0,0.0,0.0,0.0,-107615304.0,0.0,0.0,0.0,0.0,53,-0.0,126840537088.0,0.0,0.0,0.0,0.0,0.0,0.0,0.0,0,0,0,0.0,0.0,0.0,0.0,0.0,0.0,0.0,0.0,0.0,0.0,0.0,0.0,0.0,0.0,0.0,0.0,0,-107875648.0,53,0.0,106,-107614832.0,2.7006707062415038e+23,ERR,ERR,ERR,ERR,ERR,ERR,ERR,ERR,ERR,ERR,ERR,ERR,ERR,ERR,ERR,ERR,ERR,ERR,ERR,ERR,ERR,ERR,ERR,ERR,ERR,ERR,ERR,ERR,ERR,ERR,ERR,ERR,ERR,ERR,ERR,ERR,ERR,ERR,ERR,ERR,ERR,ERR,ERR,ERR,ERR,ERR,ERR,ERR,ERR,ERR,ERR,ERR,ERR,ERR,ERR,ERR,ERR,ERR,ERR,ERR,ERR,ERR,ERR,ERR,ERR,ERR,ERR,50.0,60.0,100,0.0,0.0,0.0,0.0,0.0,0.0,0.0,0.0,0.0,0.0,0.0,0.0,0.0,0.0,0.0,0.0,61.6,77,11,65508,50,65476,0,300,0,0,8,20529,65476,0,0,26214,60.0,0.0,0.0,0.0,0.0,0.0
2026-05-17T16:50:55,ERR,ERR,ERR,ERR,ERR,ERR,ERR,ERR,ERR,ERR,ERR,ERR,ERR,ERR,ERR,ERR,ERR,ERR,ERR,ERR,ERR,ERR,ERR,ERR,ERR,ERR,ERR,ERR,ERR,ERR,ERR,ERR,ERR,ERR,ERR,ERR,ERR,ERR,ERR,ERR,ERR,ERR,ERR,ERR,ERR,ERR,ERR,ERR,ERR,ERR,ERR,ERR,ERR,ERR,ERR,ERR,ERR,ERR,ERR,ERR,ERR,ERR,ERR,ERR,ERR,ERR,ERR,ERR,ERR,ERR,ERR,ERR,ERR,ERR,ERR,ERR,ERR,ERR,ERR,ERR,ERR,ERR,ERR,ERR,ERR,ERR,ERR,ERR,ERR,ERR,ERR,ERR,ERR,ERR,ERR,ERR,ERR,ERR,ERR,ERR,ERR,ERR,ERR,ERR,ERR,ERR,ERR,ERR,ERR,ERR,ERR,ERR,ERR,ERR,ERR,ERR,ERR,ERR,ERR,ERR,ERR,ERR,ERR,ERR,ERR,0.0,0.0,-134474944.0,0.0,0.0,1.3936040501711995e+18,7.805,0.0,0,0,4,0,8422,0.0,45,0.0,0.0,0.0,0.0,0.0,0,0,0,0,0.0,0,0,0,0,0,0,0,0,0,0,0,0,0,0,0,0,0,0,0,0,0,0,0,0,0,0,0,0,0,0,0,0,0,38,14,7,45,65476,0,300,0,0,8,21553,0.0,-107605600.0,0.0,0.0,0.0,0.0,0.0,0.0,0.0,0.0,0.0,0.0,0.0,0.0,0.0,0.0,0.0,0.0,0.0,0.0,0.0,0.0,0.0,0.0,-2.004,2.004,0.0,0.0,0.0,0.0,5015.0,-0.0,0.0,0.0,0.0,0.0,-107615304.0,0.0,0.0,0.0,0.0,53,-0.0,126840537088.0,0.0,0.0,0.0,0.0,0.0,0.0,0.0,0,0,0,0.0,0.0,0.0,0.0,0.0,0.0,0.0,0.0,0.0,0.0,0.0,0.0,0.0,0.0,0.0,0.0,0,-107875648.0,53,0.0,106,-107614832.0,2.7006707062415038e+23,ERR,ERR,ERR,ERR,ERR,ERR,ERR,ERR,ERR,ERR,ERR,ERR,ERR,ERR,ERR,ERR,ERR,ERR,ERR,ERR,ERR,ERR,ERR,ERR,ERR,ERR,ERR,ERR,ERR,ERR,ERR,ERR,ERR,ERR,ERR,ERR,ERR,ERR,ERR,ERR,ERR,ERR,ERR,ERR,ERR,ERR,ERR,ERR,ERR,ERR,ERR,ERR,ERR,ERR,ERR,ERR,ERR,ERR,ERR,ERR,ERR,ERR,ERR,ERR,ERR,ERR,ERR,50.0,60.0,100,0.0,0.0,0.0,0.0,0.0,0.0,0.0,0.0,0.0,0.0,0.0,0.0,0.0,0.0,0.0,0.0,62.0,77,11,65508,50,65476,0,300,0,0,8,20529,65476,0,0,26214,60.0,0.0,0.0,0.0,0.0,0.0
2026-05-17T16:50:56,ERR,ERR,ERR,ERR,ERR,ERR,ERR,ERR,ERR,ERR,ERR,ERR,ERR,ERR,ERR,ERR,ERR,ERR,ERR,ERR,ERR,ERR,ERR,ERR,ERR,ERR,ERR,ERR,ERR,ERR,ERR,ERR,ERR,ERR,ERR,ERR,ERR,ERR,ERR,ERR,ERR,ERR,ERR,ERR,ERR,ERR,ERR,ERR,ERR,ERR,ERR,ERR,ERR,ERR,ERR,ERR,ERR,ERR,ERR,ERR,ERR,ERR,ERR,ERR,ERR,ERR,ERR,ERR,ERR,ERR,ERR,ERR,ERR,ERR,ERR,ERR,ERR,ERR,ERR,ERR,ERR,ERR,ERR,ERR,ERR,ERR,ERR,ERR,ERR,ERR,ERR,ERR,ERR,ERR,ERR,ERR,ERR,ERR,ERR,ERR,ERR,ERR,ERR,ERR,ERR,ERR,ERR,ERR,ERR,ERR,ERR,ERR,ERR,ERR,ERR,ERR,ERR,ERR,ERR,ERR,ERR,ERR,ERR,ERR,ERR,0.0,0.0,-134474944.0,0.0,0.0,1.3936040501711995e+18,7.805,0.0,0,0,4,0,8422,0.0,45,0.0,0.0,0.0,0.0,0.0,0,0,0,0,0.0,0,0,0,0,0,0,0,0,0,0,0,0,0,0,0,0,0,0,0,0,0,0,0,0,0,0,0,0,0,0,0,0,0,38,14,7,45,65476,0,300,0,0,8,21553,0.0,-107605600.0,0.0,0.0,0.0,0.0,0.0,0.0,0.0,0.0,0.0,0.0,0.0,0.0,0.0,0.0,0.0,0.0,0.0,0.0,0.0,0.0,0.0,0.0,-2.004,2.004,0.0,0.0,0.0,0.0,5015.0,-0.0,0.0,0.0,0.0,0.0,-107615304.0,0.0,0.0,0.0,0.0,53,-0.0,126840537088.0,0.0,0.0,0.0,0.0,0.0,0.0,0.0,0,0,0,0.0,0.0,0.0,0.0,0.0,0.0,0.0,0.0,0.0,0.0,0.0,0.0,0.0,0.0,0.0,0.0,0,-107875648.0,53,0.0,106,-107614832.0,2.7006707062415038e+23,ERR,ERR,ERR,ERR,ERR,ERR,ERR,ERR,ERR,ERR,ERR,ERR,ERR,ERR,ERR,ERR,ERR,ERR,ERR,ERR,ERR,ERR,ERR,ERR,ERR,ERR,ERR,ERR,ERR,ERR,ERR,ERR,ERR,ERR,ERR,ERR,ERR,ERR,ERR,ERR,ERR,ERR,ERR,ERR,ERR,ERR,ERR,ERR,ERR,ERR,ERR,ERR,ERR,ERR,ERR,ERR,ERR,ERR,ERR,ERR,ERR,ERR,ERR,ERR,ERR,ERR,ERR,50.0,60.0,100,0.0,0.0,0.0,0.0,0.0,0.0,0.0,0.0,0.0,0.0,0.0,0.0,0.0,0.0,0.0,0.0,62.0,77,11,65508,50,65476,0,300,0,0,8,20529,65476,0,0,26214,60.0,0.0,0.0,0.0,0.0,0.0
2026-05-17T16:50:57,ERR,ERR,ERR,ERR,ERR,ERR,ERR,ERR,ERR,ERR,ERR,ERR,ERR,ERR,ERR,ERR,ERR,ERR,ERR,ERR,ERR,ERR,ERR,ERR,ERR,ERR,ERR,ERR,ERR,ERR,ERR,ERR,ERR,ERR,ERR,ERR,ERR,ERR,ERR,ERR,ERR,ERR,ERR,ERR,ERR,ERR,ERR,ERR,ERR,ERR,ERR,ERR,ERR,ERR,ERR,ERR,ERR,ERR,ERR,ERR,ERR,ERR,ERR,ERR,ERR,ERR,ERR,ERR,ERR,ERR,ERR,ERR,ERR,ERR,ERR,ERR,ERR,ERR,ERR,ERR,ERR,ERR,ERR,ERR,ERR,ERR,ERR,ERR,ERR,ERR,ERR,ERR,ERR,ERR,ERR,ERR,ERR,ERR,ERR,ERR,ERR,ERR,ERR,ERR,ERR,ERR,ERR,ERR,ERR,ERR,ERR,ERR,ERR,ERR,ERR,ERR,ERR,ERR,ERR,ERR,ERR,ERR,ERR,ERR,ERR,0.0,0.0,-134474944.0,0.0,0.0,1.3936040501711995e+18,7.805,0.0,0,0,4,0,8422,0.0,45,0.0,0.0,0.0,0.0,0.0,0,0,0,0,0.0,0,0,0,0,0,0,0,0,0,0,0,0,0,0,0,0,0,0,0,0,0,0,0,0,0,0,0,0,0,0,0,0,0,38,14,7,45,65476,0,300,0,0,8,21553,0.0,-107605600.0,0.0,0.0,0.0,0.0,0.0,0.0,0.0,0.0,0.0,0.0,0.0,0.0,0.0,0.0,0.0,0.0,0.0,0.0,0.0,0.0,0.0,0.0,-2.004,2.004,0.0,0.0,0.0,0.0,5015.0,-0.0,0.0,0.0,0.0,0.0,-107615304.0,0.0,0.0,0.0,0.0,53,-0.0,126840537088.0,0.0,0.0,0.0,0.0,0.0,0.0,0.0,0,0,0,0.0,0.0,0.0,0.0,0.0,0.0,0.0,0.0,0.0,0.0,0.0,0.0,0.0,0.0,0.0,0.0,0,-107875648.0,53,0.0,106,-107614832.0,2.7006707062415038e+23,ERR,ERR,ERR,ERR,ERR,ERR,ERR,ERR,ERR,ERR,ERR,ERR,ERR,ERR,ERR,ERR,ERR,ERR,ERR,ERR,ERR,ERR,ERR,ERR,ERR,ERR,ERR,ERR,ERR,ERR,ERR,ERR,ERR,ERR,ERR,ERR,ERR,ERR,ERR,ERR,ERR,ERR,ERR,ERR,ERR,ERR,ERR,ERR,ERR,ERR,ERR,ERR,ERR,ERR,ERR,ERR,ERR,ERR,ERR,ERR,ERR,ERR,ERR,ERR,ERR,ERR,ERR,50.0,60.0,100,0.0,0.0,0.0,0.0,0.0,0.0,0.0,0.0,0.0,0.0,0.0,0.0,0.0,0.0,0.0,0.0,62.0,77,11,65508,50,65476,0,300,0,0,8,20529,65476,0,0,26214,60.0,0.0,0.0,0.0,0.0,0.0
2026-05-17T16:50:58,ERR,ERR,ERR,ERR,ERR,ERR,ERR,ERR,ERR,ERR,ERR,ERR,ERR,ERR,ERR,ERR,ERR,ERR,ERR,ERR,ERR,ERR,ERR,ERR,ERR,ERR,ERR,ERR,ERR,ERR,ERR,ERR,ERR,ERR,ERR,ERR,ERR,ERR,ERR,ERR,ERR,ERR,ERR,ERR,ERR,ERR,ERR,ERR,ERR,ERR,ERR,ERR,ERR,ERR,ERR,ERR,ERR,ERR,ERR,ERR,ERR,ERR,ERR,ERR,ERR,ERR,ERR,ERR,ERR,ERR,ERR,ERR,ERR,ERR,ERR,ERR,ERR,ERR,ERR,ERR,ERR,ERR,ERR,ERR,ERR,ERR,ERR,ERR,ERR,ERR,ERR,ERR,ERR,ERR,ERR,ERR,ERR,ERR,ERR,ERR,ERR,ERR,ERR,ERR,ERR,ERR,ERR,ERR,ERR,ERR,ERR,ERR,ERR,ERR,ERR,ERR,ERR,ERR,ERR,ERR,ERR,ERR,ERR,ERR,ERR,0.0,0.0,-134474944.0,0.0,0.0,1.3936040501711995e+18,7.805,0.0,0,0,4,0,8422,0.0,45,0.0,0.0,0.0,0.0,0.0,0,0,0,0,0.0,0,0,0,0,0,0,0,0,0,0,0,0,0,0,0,0,0,0,0,0,0,0,0,0,0,0,0,0,0,0,0,0,0,38,14,7,45,65476,0,300,0,0,8,21553,0.0,-107605600.0,0.0,0.0,0.0,0.0,0.0,0.0,0.0,0.0,0.0,0.0,0.0,0.0,0.0,0.0,0.0,0.0,0.0,0.0,0.0,0.0,0.0,0.0,-2.004,2.004,0.0,0.0,0.0,0.0,5015.0,-0.0,0.0,0.0,0.0,0.0,-107615304.0,0.0,0.0,0.0,0.0,53,5.848083413016271e+35,1.9056859227671757e+17,0.0,0.0,0.0,0.0,0.0,0.0,0.0,0,0,0,0.0,0.0,0.0,0.0,0.0,0.0,0.0,0.0,0.0,0.0,0.0,0.0,0.0,0.0,0.0,0.0,0,-107875648.0,53,0.0,106,-107614832.0,2.7006707062415038e+23,ERR,ERR,ERR,ERR,ERR,ERR,ERR,ERR,ERR,ERR,ERR,ERR,ERR,ERR,ERR,ERR,ERR,ERR,ERR,ERR,ERR,ERR,ERR,ERR,ERR,ERR,ERR,ERR,ERR,ERR,ERR,ERR,ERR,ERR,ERR,ERR,ERR,ERR,ERR,ERR,ERR,ERR,ERR,ERR,ERR,ERR,ERR,ERR,ERR,ERR,ERR,ERR,ERR,ERR,ERR,ERR,ERR,ERR,ERR,ERR,ERR,ERR,ERR,ERR,ERR,ERR,ERR,50.0,60.0,100,0.0,0.0,0.0,0.0,0.0,0.0,0.0,0.0,0.0,0.0,0.0,0.0,0.0,0.0,0.0,0.0,62.0,77,11,65508,50,65476,0,300,0,0,8,20529,65476,0,0,26214,60.0,0.0,0.0,0.0,0.0,0.0
2026-05-17T16:50:59,ERR,ERR,ERR,ERR,ERR,ERR,ERR,ERR,ERR,ERR,ERR,ERR,ERR,ERR,ERR,ERR,ERR,ERR,ERR,ERR,ERR,ERR,ERR,ERR,ERR,ERR,ERR,ERR,ERR,ERR,ERR,ERR,ERR,ERR,ERR,ERR,ERR,ERR,ERR,ERR,ERR,ERR,ERR,ERR,ERR,ERR,ERR,ERR,ERR,ERR,ERR,ERR,ERR,ERR,ERR,ERR,ERR,ERR,ERR,ERR,ERR,ERR,ERR,ERR,ERR,ERR,ERR,ERR,ERR,ERR,ERR,ERR,ERR,ERR,ERR,ERR,ERR,ERR,ERR,ERR,ERR,ERR,ERR,ERR,ERR,ERR,ERR,ERR,ERR,ERR,ERR,ERR,ERR,ERR,ERR,ERR,ERR,ERR,ERR,ERR,ERR,ERR,ERR,ERR,ERR,ERR,ERR,ERR,ERR,ERR,ERR,ERR,ERR,ERR,ERR,ERR,ERR,ERR,ERR,ERR,ERR,ERR,ERR,ERR,ERR,0.0,0.0,-134474944.0,0.0,0.0,1.3936040501711995e+18,7.805,0.0,0,0,4,0,8422,0.0,45,0.0,0.0,0.0,0.0,0.0,0,0,0,0,0.0,0,0,0,0,0,0,0,0,0,0,0,0,0,0,0,0,0,0,0,0,0,0,0,0,0,0,0,0,0,0,0,0,0,38,14,7,45,65476,0,300,0,0,8,21553,0.0,-107605600.0,0.0,0.0,0.0,0.0,0.0,0.0,0.0,0.0,0.0,0.0,0.0,0.0,0.0,0.0,0.0,0.0,0.0,0.0,0.0,0.0,0.0,0.0,-2.004,2.004,0.0,0.0,0.0,0.0,5015.0,-0.0,0.0,0.0,0.0,0.0,-107615304.0,0.0,0.0,0.0,0.0,53,5.848083413016271e+35,1.9056859227671757e+17,0.0,0.0,0.0,0.0,0.0,0.0,0.0,0,0,0,0.0,0.0,0.0,0.0,0.0,0.0,0.0,0.0,0.0,0.0,0.0,0.0,0.0,0.0,0.0,0.0,0,-107875648.0,53,0.0,106,-107614832.0,2.7006707062415038e+23,ERR,ERR,ERR,ERR,ERR,ERR,ERR,ERR,ERR,ERR,ERR,ERR,ERR,ERR,ERR,ERR,ERR,ERR,ERR,ERR,ERR,ERR,ERR,ERR,ERR,ERR,ERR,ERR,ERR,ERR,ERR,ERR,ERR,ERR,ERR,ERR,ERR,ERR,ERR,ERR,ERR,ERR,ERR,ERR,ERR,ERR,ERR,ERR,ERR,ERR,ERR,ERR,ERR,ERR,ERR,ERR,ERR,ERR,ERR,ERR,ERR,ERR,ERR,ERR,ERR,ERR,ERR,50.0,60.0,100,0.0,0.0,0.0,0.0,0.0,0.0,0.0,0.0,0.0,0.0,0.0,0.0,0.0,0.0,0.0,0.0,61.6,77,11,65508,50,65476,0,300,0,0,8,20529,65476,0,0,26214,60.0,0.0,0.0,0.0,0.0,0.0
2026-05-17T16:51:00,ERR,ERR,ERR,ERR,ERR,ERR,ERR,ERR,ERR,ERR,ERR,ERR,ERR,ERR,ERR,ERR,ERR,ERR,ERR,ERR,ERR,ERR,ERR,ERR,ERR,ERR,ERR,ERR,ERR,ERR,ERR,ERR,ERR,ERR,ERR,ERR,ERR,ERR,ERR,ERR,ERR,ERR,ERR,ERR,ERR,ERR,ERR,ERR,ERR,ERR,ERR,ERR,ERR,ERR,ERR,ERR,ERR,ERR,ERR,ERR,ERR,ERR,ERR,ERR,ERR,ERR,ERR,ERR,ERR,ERR,ERR,ERR,ERR,ERR,ERR,ERR,ERR,ERR,ERR,ERR,ERR,ERR,ERR,ERR,ERR,ERR,ERR,ERR,ERR,ERR,ERR,ERR,ERR,ERR,ERR,ERR,ERR,ERR,ERR,ERR,ERR,ERR,ERR,ERR,ERR,ERR,ERR,ERR,ERR,ERR,ERR,ERR,ERR,ERR,ERR,ERR,ERR,ERR,ERR,ERR,ERR,ERR,ERR,ERR,ERR,0.0,0.0,-134474944.0,0.0,0.0,1.3936040501711995e+18,7.805,0.0,0,0,4,0,8422,0.0,45,0.0,0.0,0.0,0.0,0.0,0,0,0,0,0.0,0,0,0,0,0,0,0,0,0,0,0,0,0,0,0,0,0,0,0,0,0,0,0,0,0,0,0,0,0,0,0,0,0,38,14,7,45,65476,0,300,0,0,8,21553,0.0,-107605600.0,0.0,0.0,0.0,0.0,0.0,0.0,0.0,0.0,0.0,0.0,0.0,0.0,0.0,0.0,0.0,0.0,0.0,0.0,0.0,0.0,0.0,0.0,-2.004,2.004,0.0,0.0,0.0,0.0,5015.0,-0.0,0.0,0.0,0.0,0.0,-107615304.0,0.0,0.0,0.0,0.0,53,5.848083413016271e+35,1.9056859227671757e+17,0.0,0.0,0.0,0.0,0.0,0.0,0.0,0,0,0,0.0,0.0,0.0,0.0,0.0,0.0,0.0,0.0,0.0,0.0,0.0,0.0,0.0,0.0,0.0,0.0,0,-107875648.0,53,0.0,106,-107614832.0,2.7006707062415038e+23,ERR,ERR,ERR,ERR,ERR,ERR,ERR,ERR,ERR,ERR,ERR,ERR,ERR,ERR,ERR,ERR,ERR,ERR,ERR,ERR,ERR,ERR,ERR,ERR,ERR,ERR,ERR,ERR,ERR,ERR,ERR,ERR,ERR,ERR,ERR,ERR,ERR,ERR,ERR,ERR,ERR,ERR,ERR,ERR,ERR,ERR,ERR,ERR,ERR,ERR,ERR,ERR,ERR,ERR,ERR,ERR,ERR,ERR,ERR,ERR,ERR,ERR,ERR,ERR,ERR,ERR,ERR,50.0,60.0,100,0.0,0.0,0.0,0.0,0.0,0.0,0.0,0.0,0.0,0.0,0.0,0.0,0.0,0.0,0.0,0.0,62.0,77,11,65508,50,65476,0,300,0,0,8,20529,65476,0,0,26214,60.0,0.0,0.0,0.0,0.0,0.0
2026-05-17T16:51:01,ERR,ERR,ERR,ERR,ERR,ERR,ERR,ERR,ERR,ERR,ERR,ERR,ERR,ERR,ERR,ERR,ERR,ERR,ERR,ERR,ERR,ERR,ERR,ERR,ERR,ERR,ERR,ERR,ERR,ERR,ERR,ERR,ERR,ERR,ERR,ERR,ERR,ERR,ERR,ERR,ERR,ERR,ERR,ERR,ERR,ERR,ERR,ERR,ERR,ERR,ERR,ERR,ERR,ERR,ERR,ERR,ERR,ERR,ERR,ERR,ERR,ERR,ERR,ERR,ERR,ERR,ERR,ERR,ERR,ERR,ERR,ERR,ERR,ERR,ERR,ERR,ERR,ERR,ERR,ERR,ERR,ERR,ERR,ERR,ERR,ERR,ERR,ERR,ERR,ERR,ERR,ERR,ERR,ERR,ERR,ERR,ERR,ERR,ERR,ERR,ERR,ERR,ERR,ERR,ERR,ERR,ERR,ERR,ERR,ERR,ERR,ERR,ERR,ERR,ERR,ERR,ERR,ERR,ERR,ERR,ERR,ERR,ERR,ERR,ERR,0.0,0.0,-134474944.0,0.0,0.0,1.3936040501711995e+18,7.805,0.0,0,0,4,0,8422,0.0,45,0.0,0.0,0.0,0.0,0.0,0,0,0,0,0.0,0,0,0,0,0,0,0,0,0,0,0,0,0,0,0,0,0,0,0,0,0,0,0,0,0,0,0,0,0,0,0,0,0,38,14,7,45,65476,0,300,0,0,8,21553,0.0,-107605600.0,0.0,0.0,0.0,0.0,0.0,0.0,0.0,0.0,0.0,0.0,0.0,0.0,0.0,0.0,0.0,0.0,0.0,0.0,0.0,0.0,0.0,0.0,-2.004,2.004,0.0,0.0,0.0,0.0,5015.0,-0.0,0.0,0.0,0.0,0.0,-107615304.0,0.0,0.0,0.0,0.0,53,5.848083413016271e+35,1.9056859227671757e+17,0.0,0.0,0.0,0.0,0.0,0.0,0.0,0,0,0,0.0,0.0,0.0,0.0,0.0,0.0,0.0,0.0,0.0,0.0,0.0,0.0,0.0,0.0,0.0,0.0,0,-107875648.0,53,0.0,106,-107614832.0,2.7006707062415038e+23,ERR,ERR,ERR,ERR,ERR,ERR,ERR,ERR,ERR,ERR,ERR,ERR,ERR,ERR,ERR,ERR,ERR,ERR,ERR,ERR,ERR,ERR,ERR,ERR,ERR,ERR,ERR,ERR,ERR,ERR,ERR,ERR,ERR,ERR,ERR,ERR,ERR,ERR,ERR,ERR,ERR,ERR,ERR,ERR,ERR,ERR,ERR,ERR,ERR,ERR,ERR,ERR,ERR,ERR,ERR,ERR,ERR,ERR,ERR,ERR,ERR,ERR,ERR,ERR,ERR,ERR,ERR,50.0,60.0,100,0.0,0.0,0.0,0.0,0.0,0.0,0.0,0.0,0.0,0.0,0.0,0.0,0.0,0.0,0.0,0.0,62.0,77,11,65508,50,65476,0,300,0,0,8,20529,65476,0,0,26214,60.0,0.0,0.0,0.0,0.0,0.0
2026-05-17T16:51:02,ERR,ERR,ERR,ERR,ERR,ERR,ERR,ERR,ERR,ERR,ERR,ERR,ERR,ERR,ERR,ERR,ERR,ERR,ERR,ERR,ERR,ERR,ERR,ERR,ERR,ERR,ERR,ERR,ERR,ERR,ERR,ERR,ERR,ERR,ERR,ERR,ERR,ERR,ERR,ERR,ERR,ERR,ERR,ERR,ERR,ERR,ERR,ERR,ERR,ERR,ERR,ERR,ERR,ERR,ERR,ERR,ERR,ERR,ERR,ERR,ERR,ERR,ERR,ERR,ERR,ERR,ERR,ERR,ERR,ERR,ERR,ERR,ERR,ERR,ERR,ERR,ERR,ERR,ERR,ERR,ERR,ERR,ERR,ERR,ERR,ERR,ERR,ERR,ERR,ERR,ERR,ERR,ERR,ERR,ERR,ERR,ERR,ERR,ERR,ERR,ERR,ERR,ERR,ERR,ERR,ERR,ERR,ERR,ERR,ERR,ERR,ERR,ERR,ERR,ERR,ERR,ERR,ERR,ERR,ERR,ERR,ERR,ERR,ERR,ERR,0.0,0.0,-134474944.0,0.0,0.0,1.3936040501711995e+18,7.805,0.0,0,0,4,0,8422,0.0,45,0.0,0.0,0.0,0.0,0.0,0,0,0,0,0.0,0,0,0,0,0,0,0,0,0,0,0,0,0,0,0,0,0,0,0,0,0,0,0,0,0,0,0,0,0,0,0,0,0,38,14,7,45,65476,0,300,0,0,8,21553,0.0,-107605600.0,0.0,0.0,0.0,0.0,0.0,0.0,0.0,0.0,0.0,0.0,0.0,0.0,0.0,0.0,0.0,0.0,0.0,0.0,0.0,0.0,0.0,0.0,-2.004,2.004,0.0,0.0,0.0,0.0,5015.0,-0.0,0.0,0.0,0.0,0.0,-107615304.0,0.0,0.0,0.0,0.0,53,5.848083413016271e+35,1.9056859227671757e+17,0.0,0.0,0.0,0.0,0.0,0.0,0.0,0,0,0,0.0,0.0,0.0,0.0,0.0,0.0,0.0,0.0,0.0,0.0,0.0,0.0,0.0,0.0,0.0,0.0,0,-107875648.0,53,0.0,106,-107614832.0,2.7006707062415038e+23,ERR,ERR,ERR,ERR,ERR,ERR,ERR,ERR,ERR,ERR,ERR,ERR,ERR,ERR,ERR,ERR,ERR,ERR,ERR,ERR,ERR,ERR,ERR,ERR,ERR,ERR,ERR,ERR,ERR,ERR,ERR,ERR,ERR,ERR,ERR,ERR,ERR,ERR,ERR,ERR,ERR,ERR,ERR,ERR,ERR,ERR,ERR,ERR,ERR,ERR,ERR,ERR,ERR,ERR,ERR,ERR,ERR,ERR,ERR,ERR,ERR,ERR,ERR,ERR,ERR,ERR,ERR,50.0,60.0,100,0.0,0.0,0.0,0.0,0.0,0.0,0.0,0.0,0.0,0.0,0.0,0.0,0.0,0.0,0.0,0.0,61.6,77,11,65508,50,65476,0,300,0,0,8,20529,65476,0,0,26214,60.0,0.0,0.0,0.0,0.0,0.0
2026-05-17T16:51:03,ERR,ERR,ERR,ERR,ERR,ERR,ERR,ERR,ERR,ERR,ERR,ERR,ERR,ERR,ERR,ERR,ERR,ERR,ERR,ERR,ERR,ERR,ERR,ERR,ERR,ERR,ERR,ERR,ERR,ERR,ERR,ERR,ERR,ERR,ERR,ERR,ERR,ERR,ERR,ERR,ERR,ERR,ERR,ERR,ERR,ERR,ERR,ERR,ERR,ERR,ERR,ERR,ERR,ERR,ERR,ERR,ERR,ERR,ERR,ERR,ERR,ERR,ERR,ERR,ERR,ERR,ERR,ERR,ERR,ERR,ERR,ERR,ERR,ERR,ERR,ERR,ERR,ERR,ERR,ERR,ERR,ERR,ERR,ERR,ERR,ERR,ERR,ERR,ERR,ERR,ERR,ERR,ERR,ERR,ERR,ERR,ERR,ERR,ERR,ERR,ERR,ERR,ERR,ERR,ERR,ERR,ERR,ERR,ERR,ERR,ERR,ERR,ERR,ERR,ERR,ERR,ERR,ERR,ERR,ERR,ERR,ERR,ERR,ERR,ERR,0.0,0.0,-134474944.0,0.0,0.0,1.3936040501711995e+18,7.805,0.0,0,0,4,0,8422,0.0,45,0.0,0.0,0.0,0.0,0.0,0,0,0,0,0.0,0,0,0,0,0,0,0,0,0,0,0,0,0,0,0,0,0,0,0,0,0,0,0,0,0,0,0,0,0,0,0,0,0,38,14,7,45,65476,0,300,0,0,8,21553,0.0,-107605600.0,0.0,0.0,0.0,0.0,0.0,0.0,0.0,0.0,0.0,0.0,0.0,0.0,0.0,0.0,0.0,0.0,0.0,0.0,0.0,0.0,0.0,0.0,-2.004,2.004,0.0,0.0,0.0,0.0,5016.0,-1.040665380856972e+34,0.0,0.0,0.0,0.0,-107615304.0,0.0,0.0,0.0,0.0,53,-0.0,-3.222002767243768e+26,0.0,0.0,0.0,0.0,0.0,0.0,0.0,0,0,0,0.0,0.0,0.0,0.0,0.0,0.0,0.0,0.0,0.0,0.0,0.0,0.0,0.0,0.0,0.0,0.0,0,-107875648.0,53,0.0,106,-107614832.0,2.7006707062415038e+23,ERR,ERR,ERR,ERR,ERR,ERR,ERR,ERR,ERR,ERR,ERR,ERR,ERR,ERR,ERR,ERR,ERR,ERR,ERR,ERR,ERR,ERR,ERR,ERR,ERR,ERR,ERR,ERR,ERR,ERR,ERR,ERR,ERR,ERR,ERR,ERR,ERR,ERR,ERR,ERR,ERR,ERR,ERR,ERR,ERR,ERR,ERR,ERR,ERR,ERR,ERR,ERR,ERR,ERR,ERR,ERR,ERR,ERR,ERR,ERR,ERR,ERR,ERR,ERR,ERR,ERR,ERR,50.0,60.0,100,0.0,0.0,0.0,0.0,0.0,0.0,0.0,0.0,0.0,0.0,0.0,0.0,0.0,0.0,0.0,0.0,61.6,77,11,65508,50,65476,0,300,0,0,8,20529,65476,0,0,26214,60.0,0.0,0.0,0.0,0.0,0.0
2026-05-17T16:51:04,ERR,ERR,ERR,ERR,ERR,ERR,ERR,ERR,ERR,ERR,ERR,ERR,ERR,ERR,ERR,ERR,ERR,ERR,ERR,ERR,ERR,ERR,ERR,ERR,ERR,ERR,ERR,ERR,ERR,ERR,ERR,ERR,ERR,ERR,ERR,ERR,ERR,ERR,ERR,ERR,ERR,ERR,ERR,ERR,ERR,ERR,ERR,ERR,ERR,ERR,ERR,ERR,ERR,ERR,ERR,ERR,ERR,ERR,ERR,ERR,ERR,ERR,ERR,ERR,ERR,ERR,ERR,ERR,ERR,ERR,ERR,ERR,ERR,ERR,ERR,ERR,ERR,ERR,ERR,ERR,ERR,ERR,ERR,ERR,ERR,ERR,ERR,ERR,ERR,ERR,ERR,ERR,ERR,ERR,ERR,ERR,ERR,ERR,ERR,ERR,ERR,ERR,ERR,ERR,ERR,ERR,ERR,ERR,ERR,ERR,ERR,ERR,ERR,ERR,ERR,ERR,ERR,ERR,ERR,ERR,ERR,ERR,ERR,ERR,ERR,0.0,0.0,-134474944.0,0.0,0.0,1.3936040501711995e+18,7.805,0.0,0,0,4,0,8422,0.0,45,0.0,0.0,0.0,0.0,0.0,0,0,0,0,0.0,0,0,0,0,0,0,0,0,0,0,0,0,0,0,0,0,0,0,0,0,0,0,0,0,0,0,0,0,0,0,0,0,0,38,14,7,45,65476,0,300,0,0,8,21553,0.0,-107605600.0,0.0,0.0,0.0,0.0,0.0,0.0,0.0,0.0,0.0,0.0,0.0,0.0,0.0,0.0,0.0,0.0,0.0,0.0,0.0,0.0,0.0,0.0,-2.004,2.004,0.0,0.0,0.0,0.0,5016.0,-1.040665380856972e+34,0.0,0.0,0.0,0.0,-107615304.0,0.0,0.0,0.0,0.0,53,-0.0,-3.222002767243768e+26,0.0,0.0,0.0,0.0,0.0,0.0,0.0,0,0,0,0.0,0.0,0.0,0.0,0.0,0.0,0.0,0.0,0.0,0.0,0.0,0.0,0.0,0.0,0.0,0.0,0,-107875648.0,53,0.0,106,-107614832.0,2.7006707062415038e+23,ERR,ERR,ERR,ERR,ERR,ERR,ERR,ERR,ERR,ERR,ERR,ERR,ERR,ERR,ERR,ERR,ERR,ERR,ERR,ERR,ERR,ERR,ERR,ERR,ERR,ERR,ERR,ERR,ERR,ERR,ERR,ERR,ERR,ERR,ERR,ERR,ERR,ERR,ERR,ERR,ERR,ERR,ERR,ERR,ERR,ERR,ERR,ERR,ERR,ERR,ERR,ERR,ERR,ERR,ERR,ERR,ERR,ERR,ERR,ERR,ERR,ERR,ERR,ERR,ERR,ERR,ERR,50.0,60.0,100,0.0,0.0,0.0,0.0,0.0,0.0,0.0,0.0,0.0,0.0,0.0,0.0,0.0,0.0,0.0,0.0,61.6,77,11,65508,50,65476,0,300,0,0,8,20529,65476,0,0,26214,60.0,0.0,0.0,0.0,0.0,0.0
2026-05-17T16:51:05,ERR,ERR,ERR,ERR,ERR,ERR,ERR,ERR,ERR,ERR,ERR,ERR,ERR,ERR,ERR,ERR,ERR,ERR,ERR,ERR,ERR,ERR,ERR,ERR,ERR,ERR,ERR,ERR,ERR,ERR,ERR,ERR,ERR,ERR,ERR,ERR,ERR,ERR,ERR,ERR,ERR,ERR,ERR,ERR,ERR,ERR,ERR,ERR,ERR,ERR,ERR,ERR,ERR,ERR,ERR,ERR,ERR,ERR,ERR,ERR,ERR,ERR,ERR,ERR,ERR,ERR,ERR,ERR,ERR,ERR,ERR,ERR,ERR,ERR,ERR,ERR,ERR,ERR,ERR,ERR,ERR,ERR,ERR,ERR,ERR,ERR,ERR,ERR,ERR,ERR,ERR,ERR,ERR,ERR,ERR,ERR,ERR,ERR,ERR,ERR,ERR,ERR,ERR,ERR,ERR,ERR,ERR,ERR,ERR,ERR,ERR,ERR,ERR,ERR,ERR,ERR,ERR,ERR,ERR,ERR,ERR,ERR,ERR,ERR,ERR,0.0,0.0,-134474944.0,0.0,0.0,1.3936040501711995e+18,7.805,0.0,0,0,4,0,8422,0.0,45,0.0,0.0,0.0,0.0,0.0,0,0,0,0,0.0,0,0,0,0,0,0,0,0,0,0,0,0,0,0,0,0,0,0,0,0,0,0,0,0,0,0,0,0,0,0,0,0,0,38,14,7,45,65476,0,300,0,0,8,21553,0.0,-107605600.0,0.0,0.0,0.0,0.0,0.0,0.0,0.0,0.0,0.0,0.0,0.0,0.0,0.0,0.0,0.0,0.0,0.0,0.0,0.0,0.0,0.0,0.0,-2.004,2.004,0.0,0.0,0.0,0.0,5016.0,-1.040665380856972e+34,0.0,0.0,0.0,0.0,-107615304.0,0.0,0.0,0.0,0.0,53,-0.0,-3.222002767243768e+26,0.0,0.0,0.0,0.0,0.0,0.0,0.0,0,0,0,0.0,0.0,0.0,0.0,0.0,0.0,0.0,0.0,0.0,0.0,0.0,0.0,0.0,0.0,0.0,0.0,0,-107875648.0,53,0.0,106,-107614832.0,2.7006707062415038e+23,ERR,ERR,ERR,ERR,ERR,ERR,ERR,ERR,ERR,ERR,ERR,ERR,ERR,ERR,ERR,ERR,ERR,ERR,ERR,ERR,ERR,ERR,ERR,ERR,ERR,ERR,ERR,ERR,ERR,ERR,ERR,ERR,ERR,ERR,ERR,ERR,ERR,ERR,ERR,ERR,ERR,ERR,ERR,ERR,ERR,ERR,ERR,ERR,ERR,ERR,ERR,ERR,ERR,ERR,ERR,ERR,ERR,ERR,ERR,ERR,ERR,ERR,ERR,ERR,ERR,ERR,ERR,50.0,60.0,100,0.0,0.0,0.0,0.0,0.0,0.0,0.0,0.0,0.0,0.0,0.0,0.0,0.0,0.0,0.0,0.0,61.6,77,11,65508,50,65476,0,300,0,0,8,20529,65476,0,0,26214,60.0,0.0,0.0,0.0,0.0,0.0
2026-05-17T16:51:06,ERR,ERR,ERR,ERR,ERR,ERR,ERR,ERR,ERR,ERR,ERR,ERR,ERR,ERR,ERR,ERR,ERR,ERR,ERR,ERR,ERR,ERR,ERR,ERR,ERR,ERR,ERR,ERR,ERR,ERR,ERR,ERR,ERR,ERR,ERR,ERR,ERR,ERR,ERR,ERR,ERR,ERR,ERR,ERR,ERR,ERR,ERR,ERR,ERR,ERR,ERR,ERR,ERR,ERR,ERR,ERR,ERR,ERR,ERR,ERR,ERR,ERR,ERR,ERR,ERR,ERR,ERR,ERR,ERR,ERR,ERR,ERR,ERR,ERR,ERR,ERR,ERR,ERR,ERR,ERR,ERR,ERR,ERR,ERR,ERR,ERR,ERR,ERR,ERR,ERR,ERR,ERR,ERR,ERR,ERR,ERR,ERR,ERR,ERR,ERR,ERR,ERR,ERR,ERR,ERR,ERR,ERR,ERR,ERR,ERR,ERR,ERR,ERR,ERR,ERR,ERR,ERR,ERR,ERR,ERR,ERR,ERR,ERR,ERR,ERR,0.0,0.0,-134474944.0,0.0,0.0,1.3936040501711995e+18,7.805,0.0,0,0,4,0,8422,0.0,45,0.0,0.0,0.0,0.0,0.0,0,0,0,0,0.0,0,0,0,0,0,0,0,0,0,0,0,0,0,0,0,0,0,0,0,0,0,0,0,0,0,0,0,0,0,0,0,0,0,38,14,7,45,65476,0,300,0,0,8,21553,0.0,-107605600.0,0.0,0.0,0.0,0.0,0.0,0.0,0.0,0.0,0.0,0.0,0.0,0.0,0.0,0.0,0.0,0.0,0.0,0.0,0.0,0.0,0.0,0.0,-2.004,2.004,0.0,0.0,0.0,0.0,5016.0,-1.040665380856972e+34,0.0,0.0,0.0,0.0,-107615304.0,0.0,0.0,0.0,0.0,53,-0.0,-3.222002767243768e+26,0.0,0.0,0.0,0.0,0.0,0.0,0.0,0,0,0,0.0,0.0,0.0,0.0,0.0,0.0,0.0,0.0,0.0,0.0,0.0,0.0,0.0,0.0,0.0,0.0,0,-107875648.0,53,0.0,106,-107614832.0,2.7006707062415038e+23,ERR,ERR,ERR,ERR,ERR,ERR,ERR,ERR,ERR,ERR,ERR,ERR,ERR,ERR,ERR,ERR,ERR,ERR,ERR,ERR,ERR,ERR,ERR,ERR,ERR,ERR,ERR,ERR,ERR,ERR,ERR,ERR,ERR,ERR,ERR,ERR,ERR,ERR,ERR,ERR,ERR,ERR,ERR,ERR,ERR,ERR,ERR,ERR,ERR,ERR,ERR,ERR,ERR,ERR,ERR,ERR,ERR,ERR,ERR,ERR,ERR,ERR,ERR,ERR,ERR,ERR,ERR,50.0,60.0,100,0.0,0.0,0.0,0.0,0.0,0.0,0.0,0.0,0.0,0.0,0.0,0.0,0.0,0.0,0.0,0.0,61.6,77,11,65508,50,65476,0,300,0,0,8,20529,65476,0,0,26214,60.0,0.0,0.0,0.0,0.0,0.0
2026-05-17T16:51:07,ERR,ERR,ERR,ERR,ERR,ERR,ERR,ERR,ERR,ERR,ERR,ERR,ERR,ERR,ERR,ERR,ERR,ERR,ERR,ERR,ERR,ERR,ERR,ERR,ERR,ERR,ERR,ERR,ERR,ERR,ERR,ERR,ERR,ERR,ERR,ERR,ERR,ERR,ERR,ERR,ERR,ERR,ERR,ERR,ERR,ERR,ERR,ERR,ERR,ERR,ERR,ERR,ERR,ERR,ERR,ERR,ERR,ERR,ERR,ERR,ERR,ERR,ERR,ERR,ERR,ERR,ERR,ERR,ERR,ERR,ERR,ERR,ERR,ERR,ERR,ERR,ERR,ERR,ERR,ERR,ERR,ERR,ERR,ERR,ERR,ERR,ERR,ERR,ERR,ERR,ERR,ERR,ERR,ERR,ERR,ERR,ERR,ERR,ERR,ERR,ERR,ERR,ERR,ERR,ERR,ERR,ERR,ERR,ERR,ERR,ERR,ERR,ERR,ERR,ERR,ERR,ERR,ERR,ERR,ERR,ERR,ERR,ERR,ERR,ERR,0.0,0.0,-134474944.0,0.0,0.0,1.3936040501711995e+18,7.805,0.0,0,0,4,0,8422,0.0,45,0.0,0.0,0.0,0.0,0.0,0,0,0,0,0.0,0,0,0,0,0,0,0,0,0,0,0,0,0,0,0,0,0,0,0,0,0,0,0,0,0,0,0,0,0,0,0,0,0,38,14,7,45,65476,0,300,0,0,8,21553,0.0,-107605600.0,0.0,0.0,0.0,0.0,0.0,0.0,0.0,0.0,0.0,0.0,0.0,0.0,0.0,0.0,0.0,0.0,0.0,0.0,0.0,0.0,0.0,0.0,-2.004,2.004,0.0,0.0,0.0,0.0,5016.0,-1.040665380856972e+34,0.0,0.0,0.0,0.0,-107615304.0,0.0,0.0,0.0,0.0,53,-0.0,-3.222002767243768e+26,0.0,0.0,0.0,0.0,0.0,0.0,0.0,0,0,0,0.0,0.0,0.0,0.0,0.0,0.0,0.0,0.0,0.0,0.0,0.0,0.0,0.0,0.0,0.0,0.0,0,-107875648.0,53,0.0,106,-107614832.0,2.7006707062415038e+23,ERR,ERR,ERR,ERR,ERR,ERR,ERR,ERR,ERR,ERR,ERR,ERR,ERR,ERR,ERR,ERR,ERR,ERR,ERR,ERR,ERR,ERR,ERR,ERR,ERR,ERR,ERR,ERR,ERR,ERR,ERR,ERR,ERR,ERR,ERR,ERR,ERR,ERR,ERR,ERR,ERR,ERR,ERR,ERR,ERR,ERR,ERR,ERR,ERR,ERR,ERR,ERR,ERR,ERR,ERR,ERR,ERR,ERR,ERR,ERR,ERR,ERR,ERR,ERR,ERR,ERR,ERR,50.0,60.0,100,0.0,0.0,0.0,0.0,0.0,0.0,0.0,0.0,0.0,0.0,0.0,0.0,0.0,0.0,0.0,0.0,62.0,77,11,65508,50,65476,0,300,0,0,8,20529,65476,0,0,26214,60.0,0.0,0.0,0.0,0.0,0.0
2026-05-17T16:51:08,ERR,ERR,ERR,ERR,ERR,ERR,ERR,ERR,ERR,ERR,ERR,ERR,ERR,ERR,ERR,ERR,ERR,ERR,ERR,ERR,ERR,ERR,ERR,ERR,ERR,ERR,ERR,ERR,ERR,ERR,ERR,ERR,ERR,ERR,ERR,ERR,ERR,ERR,ERR,ERR,ERR,ERR,ERR,ERR,ERR,ERR,ERR,ERR,ERR,ERR,ERR,ERR,ERR,ERR,ERR,ERR,ERR,ERR,ERR,ERR,ERR,ERR,ERR,ERR,ERR,ERR,ERR,ERR,ERR,ERR,ERR,ERR,ERR,ERR,ERR,ERR,ERR,ERR,ERR,ERR,ERR,ERR,ERR,ERR,ERR,ERR,ERR,ERR,ERR,ERR,ERR,ERR,ERR,ERR,ERR,ERR,ERR,ERR,ERR,ERR,ERR,ERR,ERR,ERR,ERR,ERR,ERR,ERR,ERR,ERR,ERR,ERR,ERR,ERR,ERR,ERR,ERR,ERR,ERR,ERR,ERR,ERR,ERR,ERR,ERR,0.0,0.0,-134474944.0,0.0,0.0,1.3936040501711995e+18,7.805,0.0,0,0,4,0,8422,0.0,45,0.0,0.0,0.0,0.0,0.0,0,0,0,0,0.0,0,0,0,0,0,0,0,0,0,0,0,0,0,0,0,0,0,0,0,0,0,0,0,0,0,0,0,0,0,0,0,0,0,38,14,7,45,65476,0,300,0,0,8,21553,0.0,-107605600.0,0.0,0.0,0.0,0.0,0.0,0.0,0.0,0.0,0.0,0.0,0.0,0.0,0.0,0.0,0.0,0.0,0.0,0.0,0.0,0.0,0.0,0.0,-2.004,2.004,0.0,0.0,0.0,0.0,5050.0,564145900486656.0,0.0,0.0,0.0,0.0,-107615304.0,0.0,0.0,0.0,0.0,53,-0.0,2.71841759093312e+23,0.0,0.0,0.0,0.0,0.0,0.0,0.0,0,0,0,0.0,0.0,0.0,0.0,0.0,0.0,0.0,0.0,0.0,0.0,0.0,0.0,0.0,0.0,0.0,0.0,0,-107875648.0,53,0.0,106,-107614832.0,2.7006707062415038e+23,ERR,ERR,ERR,ERR,ERR,ERR,ERR,ERR,ERR,ERR,ERR,ERR,ERR,ERR,ERR,ERR,ERR,ERR,ERR,ERR,ERR,ERR,ERR,ERR,ERR,ERR,ERR,ERR,ERR,ERR,ERR,ERR,ERR,ERR,ERR,ERR,ERR,ERR,ERR,ERR,ERR,ERR,ERR,ERR,ERR,ERR,ERR,ERR,ERR,ERR,ERR,ERR,ERR,ERR,ERR,ERR,ERR,ERR,ERR,ERR,ERR,ERR,ERR,ERR,ERR,ERR,ERR,50.0,60.0,100,0.0,0.0,0.0,0.0,0.0,0.0,0.0,0.0,0.0,0.0,0.0,0.0,0.0,0.0,0.0,0.0,62.0,77,11,65508,50,65476,0,300,0,0,8,20529,65476,0,0,26214,60.0,0.0,0.0,0.0,0.0,0.0
2026-05-17T16:51:09,ERR,ERR,ERR,ERR,ERR,ERR,ERR,ERR,ERR,ERR,ERR,ERR,ERR,ERR,ERR,ERR,ERR,ERR,ERR,ERR,ERR,ERR,ERR,ERR,ERR,ERR,ERR,ERR,ERR,ERR,ERR,ERR,ERR,ERR,ERR,ERR,ERR,ERR,ERR,ERR,ERR,ERR,ERR,ERR,ERR,ERR,ERR,ERR,ERR,ERR,ERR,ERR,ERR,ERR,ERR,ERR,ERR,ERR,ERR,ERR,ERR,ERR,ERR,ERR,ERR,ERR,ERR,ERR,ERR,ERR,ERR,ERR,ERR,ERR,ERR,ERR,ERR,ERR,ERR,ERR,ERR,ERR,ERR,ERR,ERR,ERR,ERR,ERR,ERR,ERR,ERR,ERR,ERR,ERR,ERR,ERR,ERR,ERR,ERR,ERR,ERR,ERR,ERR,ERR,ERR,ERR,ERR,ERR,ERR,ERR,ERR,ERR,ERR,ERR,ERR,ERR,ERR,ERR,ERR,ERR,ERR,ERR,ERR,ERR,ERR,0.0,0.0,-134474944.0,0.0,0.0,1.3936040501711995e+18,7.805,0.0,0,0,4,0,8422,0.0,45,0.0,0.0,0.0,0.0,0.0,0,0,0,0,0.0,0,0,0,0,0,0,0,0,0,0,0,0,0,0,0,0,0,0,0,0,0,0,0,0,0,0,0,0,0,0,0,0,0,38,14,7,45,65476,0,300,0,0,8,21553,0.0,-107605600.0,0.0,0.0,0.0,0.0,0.0,0.0,0.0,0.0,0.0,0.0,0.0,0.0,0.0,0.0,0.0,0.0,0.0,0.0,0.0,0.0,0.0,0.0,-2.004,2.004,0.0,0.0,0.0,0.0,5050.0,564145900486656.0,0.0,0.0,0.0,0.0,-107615304.0,0.0,0.0,0.0,0.0,53,-0.0,2.71841759093312e+23,0.0,0.0,0.0,0.0,0.0,0.0,0.0,0,0,0,0.0,0.0,0.0,0.0,0.0,0.0,0.0,0.0,0.0,0.0,0.0,0.0,0.0,0.0,0.0,0.0,0,-107875648.0,53,0.0,106,-107614832.0,2.7006707062415038e+23,ERR,ERR,ERR,ERR,ERR,ERR,ERR,ERR,ERR,ERR,ERR,ERR,ERR,ERR,ERR,ERR,ERR,ERR,ERR,ERR,ERR,ERR,ERR,ERR,ERR,ERR,ERR,ERR,ERR,ERR,ERR,ERR,ERR,ERR,ERR,ERR,ERR,ERR,ERR,ERR,ERR,ERR,ERR,ERR,ERR,ERR,ERR,ERR,ERR,ERR,ERR,ERR,ERR,ERR,ERR,ERR,ERR,ERR,ERR,ERR,ERR,ERR,ERR,ERR,ERR,ERR,ERR,50.0,60.0,100,0.0,0.0,0.0,0.0,0.0,0.0,0.0,0.0,0.0,0.0,0.0,0.0,0.0,0.0,0.0,0.0,61.6,77,11,65508,50,65476,0,300,0,0,8,20529,65476,0,0,26214,60.0,0.0,0.0,0.0,0.0,0.0
2026-05-17T16:51:10,ERR,ERR,ERR,ERR,ERR,ERR,ERR,ERR,ERR,ERR,ERR,ERR,ERR,ERR,ERR,ERR,ERR,ERR,ERR,ERR,ERR,ERR,ERR,ERR,ERR,ERR,ERR,ERR,ERR,ERR,ERR,ERR,ERR,ERR,ERR,ERR,ERR,ERR,ERR,ERR,ERR,ERR,ERR,ERR,ERR,ERR,ERR,ERR,ERR,ERR,ERR,ERR,ERR,ERR,ERR,ERR,ERR,ERR,ERR,ERR,ERR,ERR,ERR,ERR,ERR,ERR,ERR,ERR,ERR,ERR,ERR,ERR,ERR,ERR,ERR,ERR,ERR,ERR,ERR,ERR,ERR,ERR,ERR,ERR,ERR,ERR,ERR,ERR,ERR,ERR,ERR,ERR,ERR,ERR,ERR,ERR,ERR,ERR,ERR,ERR,ERR,ERR,ERR,ERR,ERR,ERR,ERR,ERR,ERR,ERR,ERR,ERR,ERR,ERR,ERR,ERR,ERR,ERR,ERR,ERR,ERR,ERR,ERR,ERR,ERR,0.0,0.0,-134474944.0,0.0,0.0,1.3936040501711995e+18,7.805,0.0,0,0,4,0,8422,0.0,45,0.0,0.0,0.0,0.0,0.0,0,0,0,0,0.0,0,0,0,0,0,0,0,0,0,0,0,0,0,0,0,0,0,0,0,0,0,0,0,0,0,0,0,0,0,0,0,0,0,38,14,7,45,65476,0,300,0,0,8,21553,0.0,-107605600.0,0.0,0.0,0.0,0.0,0.0,0.0,0.0,0.0,0.0,0.0,0.0,0.0,0.0,0.0,0.0,0.0,0.0,0.0,0.0,0.0,0.0,0.0,-2.004,2.004,0.0,0.0,0.0,0.0,5050.0,564145900486656.0,0.0,0.0,0.0,0.0,-107615304.0,0.0,0.0,0.0,0.0,53,-0.0,2.71841759093312e+23,0.0,0.0,0.0,0.0,0.0,0.0,0.0,0,0,0,0.0,0.0,0.0,0.0,0.0,0.0,0.0,0.0,0.0,0.0,0.0,0.0,0.0,0.0,0.0,0.0,0,-107875648.0,53,0.0,106,-107614832.0,2.7006707062415038e+23,ERR,ERR,ERR,ERR,ERR,ERR,ERR,ERR,ERR,ERR,ERR,ERR,ERR,ERR,ERR,ERR,ERR,ERR,ERR,ERR,ERR,ERR,ERR,ERR,ERR,ERR,ERR,ERR,ERR,ERR,ERR,ERR,ERR,ERR,ERR,ERR,ERR,ERR,ERR,ERR,ERR,ERR,ERR,ERR,ERR,ERR,ERR,ERR,ERR,ERR,ERR,ERR,ERR,ERR,ERR,ERR,ERR,ERR,ERR,ERR,ERR,ERR,ERR,ERR,ERR,ERR,ERR,50.0,60.0,100,0.0,0.0,0.0,0.0,0.0,0.0,0.0,0.0,0.0,0.0,0.0,0.0,0.0,0.0,0.0,0.0,61.6,77,11,65508,50,65476,0,300,0,0,8,20529,65476,0,0,26214,60.0,0.0,0.0,0.0,0.0,0.0
2026-05-17T16:51:11,ERR,ERR,ERR,ERR,ERR,ERR,ERR,ERR,ERR,ERR,ERR,ERR,ERR,ERR,ERR,ERR,ERR,ERR,ERR,ERR,ERR,ERR,ERR,ERR,ERR,ERR,ERR,ERR,ERR,ERR,ERR,ERR,ERR,ERR,ERR,ERR,ERR,ERR,ERR,ERR,ERR,ERR,ERR,ERR,ERR,ERR,ERR,ERR,ERR,ERR,ERR,ERR,ERR,ERR,ERR,ERR,ERR,ERR,ERR,ERR,ERR,ERR,ERR,ERR,ERR,ERR,ERR,ERR,ERR,ERR,ERR,ERR,ERR,ERR,ERR,ERR,ERR,ERR,ERR,ERR,ERR,ERR,ERR,ERR,ERR,ERR,ERR,ERR,ERR,ERR,ERR,ERR,ERR,ERR,ERR,ERR,ERR,ERR,ERR,ERR,ERR,ERR,ERR,ERR,ERR,ERR,ERR,ERR,ERR,ERR,ERR,ERR,ERR,ERR,ERR,ERR,ERR,ERR,ERR,ERR,ERR,ERR,ERR,ERR,ERR,0.0,0.0,-134474944.0,0.0,0.0,1.3936040501711995e+18,7.805,0.0,0,0,4,0,8422,0.0,45,0.0,0.0,0.0,0.0,0.0,0,0,0,0,0.0,0,0,0,0,0,0,0,0,0,0,0,0,0,0,0,0,0,0,0,0,0,0,0,0,0,0,0,0,0,0,0,0,0,38,14,7,45,65476,0,300,0,0,8,21553,0.0,-107605600.0,0.0,0.0,0.0,0.0,0.0,0.0,0.0,0.0,0.0,0.0,0.0,0.0,0.0,0.0,0.0,0.0,0.0,0.0,0.0,0.0,0.0,0.0,-2.004,2.004,0.0,0.0,0.0,0.0,5050.0,564145900486656.0,0.0,0.0,0.0,0.0,-107615304.0,0.0,0.0,0.0,0.0,53,-0.0,2.71841759093312e+23,0.0,0.0,0.0,0.0,0.0,0.0,0.0,0,0,0,0.0,0.0,0.0,0.0,0.0,0.0,0.0,0.0,0.0,0.0,0.0,0.0,0.0,0.0,0.0,0.0,0,-107875648.0,53,0.0,106,-107614832.0,2.7006707062415038e+23,ERR,ERR,ERR,ERR,ERR,ERR,ERR,ERR,ERR,ERR,ERR,ERR,ERR,ERR,ERR,ERR,ERR,ERR,ERR,ERR,ERR,ERR,ERR,ERR,ERR,ERR,ERR,ERR,ERR,ERR,ERR,ERR,ERR,ERR,ERR,ERR,ERR,ERR,ERR,ERR,ERR,ERR,ERR,ERR,ERR,ERR,ERR,ERR,ERR,ERR,ERR,ERR,ERR,ERR,ERR,ERR,ERR,ERR,ERR,ERR,ERR,ERR,ERR,ERR,ERR,ERR,ERR,50.0,60.0,100,0.0,0.0,0.0,0.0,0.0,0.0,0.0,0.0,0.0,0.0,0.0,0.0,0.0,0.0,0.0,0.0,61.6,77,11,65508,50,65476,0,300,0,0,8,20529,65476,0,0,26214,60.0,0.0,0.0,0.0,0.0,0.0
2026-05-17T16:51:12,ERR,ERR,ERR,ERR,ERR,ERR,ERR,ERR,ERR,ERR,ERR,ERR,ERR,ERR,ERR,ERR,ERR,ERR,ERR,ERR,ERR,ERR,ERR,ERR,ERR,ERR,ERR,ERR,ERR,ERR,ERR,ERR,ERR,ERR,ERR,ERR,ERR,ERR,ERR,ERR,ERR,ERR,ERR,ERR,ERR,ERR,ERR,ERR,ERR,ERR,ERR,ERR,ERR,ERR,ERR,ERR,ERR,ERR,ERR,ERR,ERR,ERR,ERR,ERR,ERR,ERR,ERR,ERR,ERR,ERR,ERR,ERR,ERR,ERR,ERR,ERR,ERR,ERR,ERR,ERR,ERR,ERR,ERR,ERR,ERR,ERR,ERR,ERR,ERR,ERR,ERR,ERR,ERR,ERR,ERR,ERR,ERR,ERR,ERR,ERR,ERR,ERR,ERR,ERR,ERR,ERR,ERR,ERR,ERR,ERR,ERR,ERR,ERR,ERR,ERR,ERR,ERR,ERR,ERR,ERR,ERR,ERR,ERR,ERR,ERR,0.0,0.0,-134474944.0,0.0,0.0,1.3936040501711995e+18,7.805,0.0,0,0,4,0,8422,0.0,45,0.0,0.0,0.0,0.0,0.0,0,0,0,0,0.0,0,0,0,0,0,0,0,0,0,0,0,0,0,0,0,0,0,0,0,0,0,0,0,0,0,0,0,0,0,0,0,0,0,38,14,7,45,65476,0,300,0,0,8,21553,0.0,-107605600.0,0.0,0.0,0.0,0.0,0.0,0.0,0.0,0.0,0.0,0.0,0.0,0.0,0.0,0.0,0.0,0.0,0.0,0.0,0.0,0.0,0.0,0.0,-2.004,2.004,0.0,0.0,0.0,0.0,5050.0,564145900486656.0,0.0,0.0,0.0,0.0,-107615304.0,0.0,0.0,0.0,0.0,53,-0.0,2.71841759093312e+23,0.0,0.0,0.0,0.0,0.0,0.0,0.0,0,0,0,0.0,0.0,0.0,0.0,0.0,0.0,0.0,0.0,0.0,0.0,0.0,0.0,0.0,0.0,0.0,0.0,0,-107875648.0,53,0.0,106,-107614832.0,2.7006707062415038e+23,ERR,ERR,ERR,ERR,ERR,ERR,ERR,ERR,ERR,ERR,ERR,ERR,ERR,ERR,ERR,ERR,ERR,ERR,ERR,ERR,ERR,ERR,ERR,ERR,ERR,ERR,ERR,ERR,ERR,ERR,ERR,ERR,ERR,ERR,ERR,ERR,ERR,ERR,ERR,ERR,ERR,ERR,ERR,ERR,ERR,ERR,ERR,ERR,ERR,ERR,ERR,ERR,ERR,ERR,ERR,ERR,ERR,ERR,ERR,ERR,ERR,ERR,ERR,ERR,ERR,ERR,ERR,50.0,60.0,100,0.0,0.0,0.0,0.0,0.0,0.0,0.0,0.0,0.0,0.0,0.0,0.0,0.0,0.0,0.0,0.0,61.6,77,11,65508,50,65476,0,300,0,0,8,20529,65476,0,0,26214,60.0,0.0,0.0,0.0,0.0,0.0
2026-05-17T16:51:13,ERR,ERR,ERR,ERR,ERR,ERR,ERR,ERR,ERR,ERR,ERR,ERR,ERR,ERR,ERR,ERR,ERR,ERR,ERR,ERR,ERR,ERR,ERR,ERR,ERR,ERR,ERR,ERR,ERR,ERR,ERR,ERR,ERR,ERR,ERR,ERR,ERR,ERR,ERR,ERR,ERR,ERR,ERR,ERR,ERR,ERR,ERR,ERR,ERR,ERR,ERR,ERR,ERR,ERR,ERR,ERR,ERR,ERR,ERR,ERR,ERR,ERR,ERR,ERR,ERR,ERR,ERR,ERR,ERR,ERR,ERR,ERR,ERR,ERR,ERR,ERR,ERR,ERR,ERR,ERR,ERR,ERR,ERR,ERR,ERR,ERR,ERR,ERR,ERR,ERR,ERR,ERR,ERR,ERR,ERR,ERR,ERR,ERR,ERR,ERR,ERR,ERR,ERR,ERR,ERR,ERR,ERR,ERR,ERR,ERR,ERR,ERR,ERR,ERR,ERR,ERR,ERR,ERR,ERR,ERR,ERR,ERR,ERR,ERR,ERR,0.0,0.0,-134474944.0,0.0,0.0,1.3936040501711995e+18,7.805,0.0,0,0,4,0,8422,0.0,45,0.0,0.0,0.0,0.0,0.0,0,0,0,0,0.0,0,0,0,0,0,0,0,0,0,0,0,0,0,0,0,0,0,0,0,0,0,0,0,0,0,0,0,0,0,0,0,0,0,38,14,7,45,65476,0,300,0,0,8,21553,0.0,-107605600.0,0.0,0.0,0.0,0.0,0.0,0.0,0.0,0.0,0.0,0.0,0.0,0.0,0.0,0.0,0.0,0.0,0.0,0.0,0.0,0.0,0.0,0.0,-2.004,2.004,0.0,0.0,0.0,0.0,5047.0,131350.453,0.0,0.0,0.0,0.0,-107615304.0,0.0,0.0,0.0,0.0,53,-0.0,126840545280.0,0.0,0.0,0.0,0.0,0.0,0.0,0.0,0,0,0,0.0,0.0,0.0,0.0,0.0,0.0,0.0,0.0,0.0,0.0,0.0,0.0,0.0,0.0,0.0,0.0,0,-107875648.0,53,0.0,106,-107614832.0,2.7006707062415038e+23,ERR,ERR,ERR,ERR,ERR,ERR,ERR,ERR,ERR,ERR,ERR,ERR,ERR,ERR,ERR,ERR,ERR,ERR,ERR,ERR,ERR,ERR,ERR,ERR,ERR,ERR,ERR,ERR,ERR,ERR,ERR,ERR,ERR,ERR,ERR,ERR,ERR,ERR,ERR,ERR,ERR,ERR,ERR,ERR,ERR,ERR,ERR,ERR,ERR,ERR,ERR,ERR,ERR,ERR,ERR,ERR,ERR,ERR,ERR,ERR,ERR,ERR,ERR,ERR,ERR,ERR,ERR,50.0,60.0,100,0.0,0.0,0.0,0.0,0.0,0.0,0.0,0.0,0.0,0.0,0.0,0.0,0.0,0.0,0.0,0.0,62.0,77,11,65508,50,65476,0,300,0,0,8,20529,65476,0,0,26214,60.0,0.0,0.0,0.0,0.0,0.0
2026-05-17T16:51:14,ERR,ERR,ERR,ERR,ERR,ERR,ERR,ERR,ERR,ERR,ERR,ERR,ERR,ERR,ERR,ERR,ERR,ERR,ERR,ERR,ERR,ERR,ERR,ERR,ERR,ERR,ERR,ERR,ERR,ERR,ERR,ERR,ERR,ERR,ERR,ERR,ERR,ERR,ERR,ERR,ERR,ERR,ERR,ERR,ERR,ERR,ERR,ERR,ERR,ERR,ERR,ERR,ERR,ERR,ERR,ERR,ERR,ERR,ERR,ERR,ERR,ERR,ERR,ERR,ERR,ERR,ERR,ERR,ERR,ERR,ERR,ERR,ERR,ERR,ERR,ERR,ERR,ERR,ERR,ERR,ERR,ERR,ERR,ERR,ERR,ERR,ERR,ERR,ERR,ERR,ERR,ERR,ERR,ERR,ERR,ERR,ERR,ERR,ERR,ERR,ERR,ERR,ERR,ERR,ERR,ERR,ERR,ERR,ERR,ERR,ERR,ERR,ERR,ERR,ERR,ERR,ERR,ERR,ERR,ERR,ERR,ERR,ERR,ERR,ERR,0.0,0.0,-134474944.0,0.0,0.0,1.3936040501711995e+18,7.805,0.0,0,0,4,0,8422,0.0,45,0.0,0.0,0.0,0.0,0.0,0,0,0,0,0.0,0,0,0,0,0,0,0,0,0,0,0,0,0,0,0,0,0,0,0,0,0,0,0,0,0,0,0,0,0,0,0,0,0,38,14,7,45,65476,0,300,0,0,8,21553,0.0,-107605600.0,0.0,0.0,0.0,0.0,0.0,0.0,0.0,0.0,0.0,0.0,0.0,0.0,0.0,0.0,0.0,0.0,0.0,0.0,0.0,0.0,0.0,0.0,-2.004,2.004,0.0,0.0,0.0,0.0,5047.0,131350.453,0.0,0.0,0.0,0.0,-107615304.0,0.0,0.0,0.0,0.0,53,-0.0,126840545280.0,0.0,0.0,0.0,0.0,0.0,0.0,0.0,0,0,0,0.0,0.0,0.0,0.0,0.0,0.0,0.0,0.0,0.0,0.0,0.0,0.0,0.0,0.0,0.0,0.0,0,-107875648.0,53,0.0,106,-107614832.0,2.7006707062415038e+23,ERR,ERR,ERR,ERR,ERR,ERR,ERR,ERR,ERR,ERR,ERR,ERR,ERR,ERR,ERR,ERR,ERR,ERR,ERR,ERR,ERR,ERR,ERR,ERR,ERR,ERR,ERR,ERR,ERR,ERR,ERR,ERR,ERR,ERR,ERR,ERR,ERR,ERR,ERR,ERR,ERR,ERR,ERR,ERR,ERR,ERR,ERR,ERR,ERR,ERR,ERR,ERR,ERR,ERR,ERR,ERR,ERR,ERR,ERR,ERR,ERR,ERR,ERR,ERR,ERR,ERR,ERR,50.0,60.0,100,0.0,0.0,0.0,0.0,0.0,0.0,0.0,0.0,0.0,0.0,0.0,0.0,0.0,0.0,0.0,0.0,62.0,77,11,65508,50,65476,0,300,0,0,8,20529,65476,0,0,26214,60.0,0.0,0.0,0.0,0.0,0.0
2026-05-17T16:51:15,ERR,ERR,ERR,ERR,ERR,ERR,ERR,ERR,ERR,ERR,ERR,ERR,ERR,ERR,ERR,ERR,ERR,ERR,ERR,ERR,ERR,ERR,ERR,ERR,ERR,ERR,ERR,ERR,ERR,ERR,ERR,ERR,ERR,ERR,ERR,ERR,ERR,ERR,ERR,ERR,ERR,ERR,ERR,ERR,ERR,ERR,ERR,ERR,ERR,ERR,ERR,ERR,ERR,ERR,ERR,ERR,ERR,ERR,ERR,ERR,ERR,ERR,ERR,ERR,ERR,ERR,ERR,ERR,ERR,ERR,ERR,ERR,ERR,ERR,ERR,ERR,ERR,ERR,ERR,ERR,ERR,ERR,ERR,ERR,ERR,ERR,ERR,ERR,ERR,ERR,ERR,ERR,ERR,ERR,ERR,ERR,ERR,ERR,ERR,ERR,ERR,ERR,ERR,ERR,ERR,ERR,ERR,ERR,ERR,ERR,ERR,ERR,ERR,ERR,ERR,ERR,ERR,ERR,ERR,ERR,ERR,ERR,ERR,ERR,ERR,0.0,0.0,-134474944.0,0.0,0.0,1.3936040501711995e+18,7.805,0.0,0,0,4,0,8422,0.0,45,0.0,0.0,0.0,0.0,0.0,0,0,0,0,0.0,0,0,0,0,0,0,0,0,0,0,0,0,0,0,0,0,0,0,0,0,0,0,0,0,0,0,0,0,0,0,0,0,0,38,14,7,45,65476,0,300,0,0,8,21553,0.0,-107605600.0,0.0,0.0,0.0,0.0,0.0,0.0,0.0,0.0,0.0,0.0,0.0,0.0,0.0,0.0,0.0,0.0,0.0,0.0,0.0,0.0,0.0,0.0,-2.004,2.004,0.0,0.0,0.0,0.0,5047.0,131350.453,0.0,0.0,0.0,0.0,-107615304.0,0.0,0.0,0.0,0.0,53,-0.0,126840545280.0,0.0,0.0,0.0,0.0,0.0,0.0,0.0,0,0,0,0.0,0.0,0.0,0.0,0.0,0.0,0.0,0.0,0.0,0.0,0.0,0.0,0.0,0.0,0.0,0.0,0,-107875648.0,53,0.0,106,-107614832.0,2.7006707062415038e+23,ERR,ERR,ERR,ERR,ERR,ERR,ERR,ERR,ERR,ERR,ERR,ERR,ERR,ERR,ERR,ERR,ERR,ERR,ERR,ERR,ERR,ERR,ERR,ERR,ERR,ERR,ERR,ERR,ERR,ERR,ERR,ERR,ERR,ERR,ERR,ERR,ERR,ERR,ERR,ERR,ERR,ERR,ERR,ERR,ERR,ERR,ERR,ERR,ERR,ERR,ERR,ERR,ERR,ERR,ERR,ERR,ERR,ERR,ERR,ERR,ERR,ERR,ERR,ERR,ERR,ERR,ERR,50.0,60.0,100,0.0,0.0,0.0,0.0,0.0,0.0,0.0,0.0,0.0,0.0,0.0,0.0,0.0,0.0,0.0,0.0,62.0,77,11,65508,50,65476,0,300,0,0,8,20529,65476,0,0,26214,60.0,0.0,0.0,0.0,0.0,0.0
2026-05-17T16:51:16,ERR,ERR,ERR,ERR,ERR,ERR,ERR,ERR,ERR,ERR,ERR,ERR,ERR,ERR,ERR,ERR,ERR,ERR,ERR,ERR,ERR,ERR,ERR,ERR,ERR,ERR,ERR,ERR,ERR,ERR,ERR,ERR,ERR,ERR,ERR,ERR,ERR,ERR,ERR,ERR,ERR,ERR,ERR,ERR,ERR,ERR,ERR,ERR,ERR,ERR,ERR,ERR,ERR,ERR,ERR,ERR,ERR,ERR,ERR,ERR,ERR,ERR,ERR,ERR,ERR,ERR,ERR,ERR,ERR,ERR,ERR,ERR,ERR,ERR,ERR,ERR,ERR,ERR,ERR,ERR,ERR,ERR,ERR,ERR,ERR,ERR,ERR,ERR,ERR,ERR,ERR,ERR,ERR,ERR,ERR,ERR,ERR,ERR,ERR,ERR,ERR,ERR,ERR,ERR,ERR,ERR,ERR,ERR,ERR,ERR,ERR,ERR,ERR,ERR,ERR,ERR,ERR,ERR,ERR,ERR,ERR,ERR,ERR,ERR,ERR,0.0,0.0,-134474944.0,0.0,0.0,1.3936040501711995e+18,7.805,0.0,0,0,4,0,8422,0.0,45,0.0,0.0,0.0,0.0,0.0,0,0,0,0,0.0,0,0,0,0,0,0,0,0,0,0,0,0,0,0,0,0,0,0,0,0,0,0,0,0,0,0,0,0,0,0,0,0,0,38,14,7,45,65476,0,300,0,0,8,21553,0.0,-107605600.0,0.0,0.0,0.0,0.0,0.0,0.0,0.0,0.0,0.0,0.0,0.0,0.0,0.0,0.0,0.0,0.0,0.0,0.0,0.0,0.0,0.0,0.0,-2.004,2.004,0.0,0.0,0.0,0.0,5047.0,131350.453,0.0,0.0,0.0,0.0,-107615304.0,0.0,0.0,0.0,0.0,53,-0.0,126840545280.0,0.0,0.0,0.0,0.0,0.0,0.0,0.0,0,0,0,0.0,0.0,0.0,0.0,0.0,0.0,0.0,0.0,0.0,0.0,0.0,0.0,0.0,0.0,0.0,0.0,0,-107875648.0,53,0.0,106,-107614832.0,2.7006707062415038e+23,ERR,ERR,ERR,ERR,ERR,ERR,ERR,ERR,ERR,ERR,ERR,ERR,ERR,ERR,ERR,ERR,ERR,ERR,ERR,ERR,ERR,ERR,ERR,ERR,ERR,ERR,ERR,ERR,ERR,ERR,ERR,ERR,ERR,ERR,ERR,ERR,ERR,ERR,ERR,ERR,ERR,ERR,ERR,ERR,ERR,ERR,ERR,ERR,ERR,ERR,ERR,ERR,ERR,ERR,ERR,ERR,ERR,ERR,ERR,ERR,ERR,ERR,ERR,ERR,ERR,ERR,ERR,50.0,60.0,100,0.0,0.0,0.0,0.0,0.0,0.0,0.0,0.0,0.0,0.0,0.0,0.0,0.0,0.0,0.0,0.0,61.6,77,11,65508,50,65476,0,300,0,0,8,20529,65476,0,0,26214,60.0,0.0,0.0,0.0,0.0,0.0
2026-05-17T16:51:17,ERR,ERR,ERR,ERR,ERR,ERR,ERR,ERR,ERR,ERR,ERR,ERR,ERR,ERR,ERR,ERR,ERR,ERR,ERR,ERR,ERR,ERR,ERR,ERR,ERR,ERR,ERR,ERR,ERR,ERR,ERR,ERR,ERR,ERR,ERR,ERR,ERR,ERR,ERR,ERR,ERR,ERR,ERR,ERR,ERR,ERR,ERR,ERR,ERR,ERR,ERR,ERR,ERR,ERR,ERR,ERR,ERR,ERR,ERR,ERR,ERR,ERR,ERR,ERR,ERR,ERR,ERR,ERR,ERR,ERR,ERR,ERR,ERR,ERR,ERR,ERR,ERR,ERR,ERR,ERR,ERR,ERR,ERR,ERR,ERR,ERR,ERR,ERR,ERR,ERR,ERR,ERR,ERR,ERR,ERR,ERR,ERR,ERR,ERR,ERR,ERR,ERR,ERR,ERR,ERR,ERR,ERR,ERR,ERR,ERR,ERR,ERR,ERR,ERR,ERR,ERR,ERR,ERR,ERR,ERR,ERR,ERR,ERR,ERR,ERR,0.0,0.0,-134474944.0,0.0,0.0,1.3936040501711995e+18,7.805,0.0,0,0,4,0,8422,0.0,45,0.0,0.0,0.0,0.0,0.0,0,0,0,0,0.0,0,0,0,0,0,0,0,0,0,0,0,0,0,0,0,0,0,0,0,0,0,0,0,0,0,0,0,0,0,0,0,0,0,38,14,7,45,65476,0,300,0,0,8,21553,0.0,-107605600.0,0.0,0.0,0.0,0.0,0.0,0.0,0.0,0.0,0.0,0.0,0.0,0.0,0.0,0.0,0.0,0.0,0.0,0.0,0.0,0.0,0.0,0.0,-2.004,2.004,0.0,0.0,0.0,0.0,5047.0,131350.453,0.0,0.0,0.0,0.0,-107615304.0,0.0,0.0,0.0,0.0,53,-0.0,126840545280.0,0.0,0.0,0.0,0.0,0.0,0.0,0.0,0,0,0,0.0,0.0,0.0,0.0,0.0,0.0,0.0,0.0,0.0,0.0,0.0,0.0,0.0,0.0,0.0,0.0,0,-107875648.0,53,0.0,106,-107614832.0,2.7006707062415038e+23,ERR,ERR,ERR,ERR,ERR,ERR,ERR,ERR,ERR,ERR,ERR,ERR,ERR,ERR,ERR,ERR,ERR,ERR,ERR,ERR,ERR,ERR,ERR,ERR,ERR,ERR,ERR,ERR,ERR,ERR,ERR,ERR,ERR,ERR,ERR,ERR,ERR,ERR,ERR,ERR,ERR,ERR,ERR,ERR,ERR,ERR,ERR,ERR,ERR,ERR,ERR,ERR,ERR,ERR,ERR,ERR,ERR,ERR,ERR,ERR,ERR,ERR,ERR,ERR,ERR,ERR,ERR,50.0,60.0,100,0.0,0.0,0.0,0.0,0.0,0.0,0.0,0.0,0.0,0.0,0.0,0.0,0.0,0.0,0.0,0.0,61.6,77,11,65508,50,65476,0,300,0,0,8,20529,65476,0,0,26214,60.0,0.0,0.0,0.0,0.0,0.0
2026-05-17T16:51:18,ERR,ERR,ERR,ERR,ERR,ERR,ERR,ERR,ERR,ERR,ERR,ERR,ERR,ERR,ERR,ERR,ERR,ERR,ERR,ERR,ERR,ERR,ERR,ERR,ERR,ERR,ERR,ERR,ERR,ERR,ERR,ERR,ERR,ERR,ERR,ERR,ERR,ERR,ERR,ERR,ERR,ERR,ERR,ERR,ERR,ERR,ERR,ERR,ERR,ERR,ERR,ERR,ERR,ERR,ERR,ERR,ERR,ERR,ERR,ERR,ERR,ERR,ERR,ERR,ERR,ERR,ERR,ERR,ERR,ERR,ERR,ERR,ERR,ERR,ERR,ERR,ERR,ERR,ERR,ERR,ERR,ERR,ERR,ERR,ERR,ERR,ERR,ERR,ERR,ERR,ERR,ERR,ERR,ERR,ERR,ERR,ERR,ERR,ERR,ERR,ERR,ERR,ERR,ERR,ERR,ERR,ERR,ERR,ERR,ERR,ERR,ERR,ERR,ERR,ERR,ERR,ERR,ERR,ERR,ERR,ERR,ERR,ERR,ERR,ERR,0.0,0.0,-134474944.0,0.0,0.0,1.3936040501711995e+18,7.805,0.0,0,0,4,0,8422,0.0,45,0.0,0.0,0.0,0.0,0.0,0,0,0,0,0.0,0,0,0,0,0,0,0,0,0,0,0,0,0,0,0,0,0,0,0,0,0,0,0,0,0,0,0,0,0,0,0,0,0,38,14,7,45,65476,0,300,0,0,8,21553,0.0,-107605600.0,0.0,0.0,0.0,0.0,0.0,0.0,0.0,0.0,0.0,0.0,0.0,0.0,-2.596148429267414e+33,0.0,0.0,0.0,0.0,0.0,0.0,0.0,0.0,0.0,-2.004,2.004,0.0,0.0,0.0,0.0,5044.0,0.0,0.0,0.0,0.0,0.0,-107615304.0,0.0,0.0,0.0,0.0,53,5.848083413016271e+35,0.0,0.0,0.0,0.0,0.0,0.0,0.0,0.0,0,0,0,0.0,0.0,0.0,0.0,0.0,0.0,0.0,0.0,0.0,0.0,0.0,0.0,0.0,0.0,0.0,0.0,0,-107875648.0,53,0.0,106,-107614832.0,2.7006707062415038e+23,ERR,ERR,ERR,ERR,ERR,ERR,ERR,ERR,ERR,ERR,ERR,ERR,ERR,ERR,ERR,ERR,ERR,ERR,ERR,ERR,ERR,ERR,ERR,ERR,ERR,ERR,ERR,ERR,ERR,ERR,ERR,ERR,ERR,ERR,ERR,ERR,ERR,ERR,ERR,ERR,ERR,ERR,ERR,ERR,ERR,ERR,ERR,ERR,ERR,ERR,ERR,ERR,ERR,ERR,ERR,ERR,ERR,ERR,ERR,ERR,ERR,ERR,ERR,ERR,ERR,ERR,ERR,50.0,60.0,100,0.0,0.0,0.0,0.0,0.0,0.0,0.0,0.0,0.0,0.0,0.0,0.0,0.0,0.0,0.0,0.0,62.0,77,11,65508,50,65476,0,300,0,0,8,20529,65476,0,0,26214,60.0,0.0,0.0,0.0,0.0,0.0
2026-05-17T16:51:19,ERR,ERR,ERR,ERR,ERR,ERR,ERR,ERR,ERR,ERR,ERR,ERR,ERR,ERR,ERR,ERR,ERR,ERR,ERR,ERR,ERR,ERR,ERR,ERR,ERR,ERR,ERR,ERR,ERR,ERR,ERR,ERR,ERR,ERR,ERR,ERR,ERR,ERR,ERR,ERR,ERR,ERR,ERR,ERR,ERR,ERR,ERR,ERR,ERR,ERR,ERR,ERR,ERR,ERR,ERR,ERR,ERR,ERR,ERR,ERR,ERR,ERR,ERR,ERR,ERR,ERR,ERR,ERR,ERR,ERR,ERR,ERR,ERR,ERR,ERR,ERR,ERR,ERR,ERR,ERR,ERR,ERR,ERR,ERR,ERR,ERR,ERR,ERR,ERR,ERR,ERR,ERR,ERR,ERR,ERR,ERR,ERR,ERR,ERR,ERR,ERR,ERR,ERR,ERR,ERR,ERR,ERR,ERR,ERR,ERR,ERR,ERR,ERR,ERR,ERR,ERR,ERR,ERR,ERR,ERR,ERR,ERR,ERR,ERR,ERR,0.0,0.0,-134474944.0,0.0,0.0,1.3936040501711995e+18,7.805,0.0,0,0,4,0,8422,0.0,45,0.0,0.0,0.0,0.0,0.0,0,0,0,0,0.0,0,0,0,0,0,0,0,0,0,0,0,0,0,0,0,0,0,0,0,0,0,0,0,0,0,0,0,0,0,0,0,0,0,38,14,7,45,65476,0,300,0,0,8,21553,0.0,-107605600.0,0.0,0.0,0.0,0.0,0.0,0.0,0.0,0.0,0.0,0.0,0.0,0.0,-2.596148429267414e+33,0.0,0.0,0.0,0.0,0.0,0.0,0.0,0.0,0.0,-2.004,2.004,0.0,0.0,0.0,0.0,5044.0,0.0,0.0,0.0,0.0,0.0,-107615304.0,0.0,0.0,0.0,0.0,53,5.848083413016271e+35,0.0,0.0,0.0,0.0,0.0,0.0,0.0,0.0,0,0,0,0.0,0.0,0.0,0.0,0.0,0.0,0.0,0.0,0.0,0.0,0.0,0.0,0.0,0.0,0.0,0.0,0,-107875648.0,53,0.0,106,-107614832.0,2.7006707062415038e+23,ERR,ERR,ERR,ERR,ERR,ERR,ERR,ERR,ERR,ERR,ERR,ERR,ERR,ERR,ERR,ERR,ERR,ERR,ERR,ERR,ERR,ERR,ERR,ERR,ERR,ERR,ERR,ERR,ERR,ERR,ERR,ERR,ERR,ERR,ERR,ERR,ERR,ERR,ERR,ERR,ERR,ERR,ERR,ERR,ERR,ERR,ERR,ERR,ERR,ERR,ERR,ERR,ERR,ERR,ERR,ERR,ERR,ERR,ERR,ERR,ERR,ERR,ERR,ERR,ERR,ERR,ERR,50.0,60.0,100,0.0,0.0,0.0,0.0,0.0,0.0,0.0,0.0,0.0,0.0,0.0,0.0,0.0,0.0,0.0,0.0,62.0,77,11,65508,50,65476,0,300,0,0,8,20529,65476,0,0,26214,60.0,0.0,0.0,0.0,0.0,0.0
2026-05-17T16:51:20,ERR,ERR,ERR,ERR,ERR,ERR,ERR,ERR,ERR,ERR,ERR,ERR,ERR,ERR,ERR,ERR,ERR,ERR,ERR,ERR,ERR,ERR,ERR,ERR,ERR,ERR,ERR,ERR,ERR,ERR,ERR,ERR,ERR,ERR,ERR,ERR,ERR,ERR,ERR,ERR,ERR,ERR,ERR,ERR,ERR,ERR,ERR,ERR,ERR,ERR,ERR,ERR,ERR,ERR,ERR,ERR,ERR,ERR,ERR,ERR,ERR,ERR,ERR,ERR,ERR,ERR,ERR,ERR,ERR,ERR,ERR,ERR,ERR,ERR,ERR,ERR,ERR,ERR,ERR,ERR,ERR,ERR,ERR,ERR,ERR,ERR,ERR,ERR,ERR,ERR,ERR,ERR,ERR,ERR,ERR,ERR,ERR,ERR,ERR,ERR,ERR,ERR,ERR,ERR,ERR,ERR,ERR,ERR,ERR,ERR,ERR,ERR,ERR,ERR,ERR,ERR,ERR,ERR,ERR,ERR,ERR,ERR,ERR,ERR,ERR,0.0,0.0,-134474944.0,0.0,0.0,1.3936040501711995e+18,7.805,0.0,0,0,4,0,8422,0.0,45,0.0,0.0,0.0,0.0,0.0,0,0,0,0,0.0,0,0,0,0,0,0,0,0,0,0,0,0,0,0,0,0,0,0,0,0,0,0,0,0,0,0,0,0,0,0,0,0,0,38,14,7,45,65476,0,300,0,0,8,21553,0.0,-107605600.0,0.0,0.0,0.0,0.0,0.0,0.0,0.0,0.0,0.0,0.0,0.0,0.0,-2.596148429267414e+33,0.0,0.0,0.0,0.0,0.0,0.0,0.0,0.0,0.0,-2.004,2.004,0.0,0.0,0.0,0.0,5044.0,0.0,0.0,0.0,0.0,0.0,-107615304.0,0.0,0.0,0.0,0.0,53,5.848083413016271e+35,0.0,0.0,0.0,0.0,0.0,0.0,0.0,0.0,0,0,0,0.0,0.0,0.0,0.0,0.0,0.0,0.0,0.0,0.0,0.0,0.0,0.0,0.0,0.0,0.0,0.0,0,-107875648.0,53,0.0,106,-107614832.0,2.7006707062415038e+23,ERR,ERR,ERR,ERR,ERR,ERR,ERR,ERR,ERR,ERR,ERR,ERR,ERR,ERR,ERR,ERR,ERR,ERR,ERR,ERR,ERR,ERR,ERR,ERR,ERR,ERR,ERR,ERR,ERR,ERR,ERR,ERR,ERR,ERR,ERR,ERR,ERR,ERR,ERR,ERR,ERR,ERR,ERR,ERR,ERR,ERR,ERR,ERR,ERR,ERR,ERR,ERR,ERR,ERR,ERR,ERR,ERR,ERR,ERR,ERR,ERR,ERR,ERR,ERR,ERR,ERR,ERR,50.0,60.0,100,0.0,0.0,0.0,0.0,0.0,0.0,0.0,0.0,0.0,0.0,0.0,0.0,0.0,0.0,0.0,0.0,61.6,77,11,65508,50,65476,0,300,0,0,8,20529,65476,0,0,26214,60.0,0.0,0.0,0.0,0.0,0.0
2026-05-17T16:51:21,ERR,ERR,ERR,ERR,ERR,ERR,ERR,ERR,ERR,ERR,ERR,ERR,ERR,ERR,ERR,ERR,ERR,ERR,ERR,ERR,ERR,ERR,ERR,ERR,ERR,ERR,ERR,ERR,ERR,ERR,ERR,ERR,ERR,ERR,ERR,ERR,ERR,ERR,ERR,ERR,ERR,ERR,ERR,ERR,ERR,ERR,ERR,ERR,ERR,ERR,ERR,ERR,ERR,ERR,ERR,ERR,ERR,ERR,ERR,ERR,ERR,ERR,ERR,ERR,ERR,ERR,ERR,ERR,ERR,ERR,ERR,ERR,ERR,ERR,ERR,ERR,ERR,ERR,ERR,ERR,ERR,ERR,ERR,ERR,ERR,ERR,ERR,ERR,ERR,ERR,ERR,ERR,ERR,ERR,ERR,ERR,ERR,ERR,ERR,ERR,ERR,ERR,ERR,ERR,ERR,ERR,ERR,ERR,ERR,ERR,ERR,ERR,ERR,ERR,ERR,ERR,ERR,ERR,ERR,ERR,ERR,ERR,ERR,ERR,ERR,0.0,0.0,-134474944.0,0.0,0.0,1.3936040501711995e+18,7.805,0.0,0,0,4,0,8422,0.0,45,0.0,0.0,0.0,0.0,0.0,0,0,0,0,0.0,0,0,0,0,0,0,0,0,0,0,0,0,0,0,0,0,0,0,0,0,0,0,0,0,0,0,0,0,0,0,0,0,0,38,14,7,45,65476,0,300,0,0,8,21553,0.0,-107605600.0,0.0,0.0,0.0,0.0,0.0,0.0,0.0,0.0,0.0,0.0,0.0,0.0,-2.596148429267414e+33,0.0,0.0,0.0,0.0,0.0,0.0,0.0,0.0,0.0,-2.004,2.004,0.0,0.0,0.0,0.0,5044.0,0.0,0.0,0.0,0.0,0.0,-107615304.0,0.0,0.0,0.0,0.0,53,5.848083413016271e+35,0.0,0.0,0.0,0.0,0.0,0.0,0.0,0.0,0,0,0,0.0,0.0,0.0,0.0,0.0,0.0,0.0,0.0,0.0,0.0,0.0,0.0,0.0,0.0,0.0,0.0,0,-107875648.0,53,0.0,106,-107614832.0,2.7006707062415038e+23,ERR,ERR,ERR,ERR,ERR,ERR,ERR,ERR,ERR,ERR,ERR,ERR,ERR,ERR,ERR,ERR,ERR,ERR,ERR,ERR,ERR,ERR,ERR,ERR,ERR,ERR,ERR,ERR,ERR,ERR,ERR,ERR,ERR,ERR,ERR,ERR,ERR,ERR,ERR,ERR,ERR,ERR,ERR,ERR,ERR,ERR,ERR,ERR,ERR,ERR,ERR,ERR,ERR,ERR,ERR,ERR,ERR,ERR,ERR,ERR,ERR,ERR,ERR,ERR,ERR,ERR,ERR,50.0,60.0,100,0.0,0.0,0.0,0.0,0.0,0.0,0.0,0.0,0.0,0.0,0.0,0.0,0.0,0.0,0.0,0.0,61.6,77,11,65508,50,65476,0,300,0,0,8,20529,65476,0,0,26214,60.0,0.0,0.0,0.0,0.0,0.0
2026-05-17T16:51:22,ERR,ERR,ERR,ERR,ERR,ERR,ERR,ERR,ERR,ERR,ERR,ERR,ERR,ERR,ERR,ERR,ERR,ERR,ERR,ERR,ERR,ERR,ERR,ERR,ERR,ERR,ERR,ERR,ERR,ERR,ERR,ERR,ERR,ERR,ERR,ERR,ERR,ERR,ERR,ERR,ERR,ERR,ERR,ERR,ERR,ERR,ERR,ERR,ERR,ERR,ERR,ERR,ERR,ERR,ERR,ERR,ERR,ERR,ERR,ERR,ERR,ERR,ERR,ERR,ERR,ERR,ERR,ERR,ERR,ERR,ERR,ERR,ERR,ERR,ERR,ERR,ERR,ERR,ERR,ERR,ERR,ERR,ERR,ERR,ERR,ERR,ERR,ERR,ERR,ERR,ERR,ERR,ERR,ERR,ERR,ERR,ERR,ERR,ERR,ERR,ERR,ERR,ERR,ERR,ERR,ERR,ERR,ERR,ERR,ERR,ERR,ERR,ERR,ERR,ERR,ERR,ERR,ERR,ERR,ERR,ERR,ERR,ERR,ERR,ERR,0.0,0.0,-134474944.0,0.0,0.0,1.3936040501711995e+18,7.805,0.0,0,0,4,0,8422,0.0,45,0.0,0.0,0.0,0.0,0.0,0,0,0,0,0.0,0,0,0,0,0,0,0,0,0,0,0,0,0,0,0,0,0,0,0,0,0,0,0,0,0,0,0,0,0,0,0,0,0,38,14,7,45,65476,0,300,0,0,8,21553,0.0,-107605600.0,0.0,0.0,0.0,0.0,0.0,0.0,0.0,0.0,0.0,0.0,0.0,0.0,-2.596148429267414e+33,0.0,0.0,0.0,0.0,0.0,0.0,0.0,0.0,0.0,-2.004,2.004,0.0,0.0,0.0,0.0,5044.0,0.0,0.0,0.0,0.0,0.0,-107615304.0,0.0,0.0,0.0,0.0,53,5.848083413016271e+35,0.0,0.0,0.0,0.0,0.0,0.0,0.0,0.0,0,0,0,0.0,0.0,0.0,0.0,0.0,0.0,0.0,0.0,0.0,0.0,0.0,0.0,0.0,0.0,0.0,0.0,0,-107875648.0,53,0.0,106,-107614832.0,2.7006707062415038e+23,ERR,ERR,ERR,ERR,ERR,ERR,ERR,ERR,ERR,ERR,ERR,ERR,ERR,ERR,ERR,ERR,ERR,ERR,ERR,ERR,ERR,ERR,ERR,ERR,ERR,ERR,ERR,ERR,ERR,ERR,ERR,ERR,ERR,ERR,ERR,ERR,ERR,ERR,ERR,ERR,ERR,ERR,ERR,ERR,ERR,ERR,ERR,ERR,ERR,ERR,ERR,ERR,ERR,ERR,ERR,ERR,ERR,ERR,ERR,ERR,ERR,ERR,ERR,ERR,ERR,ERR,ERR,50.0,60.0,100,0.0,0.0,0.0,0.0,0.0,0.0,0.0,0.0,0.0,0.0,0.0,0.0,0.0,0.0,0.0,0.0,62.0,77,11,65508,50,65476,0,300,0,0,8,20529,65476,0,0,26214,60.0,0.0,0.0,0.0,0.0,0.0
2026-05-17T16:51:23,ERR,ERR,ERR,ERR,ERR,ERR,ERR,ERR,ERR,ERR,ERR,ERR,ERR,ERR,ERR,ERR,ERR,ERR,ERR,ERR,ERR,ERR,ERR,ERR,ERR,ERR,ERR,ERR,ERR,ERR,ERR,ERR,ERR,ERR,ERR,ERR,ERR,ERR,ERR,ERR,ERR,ERR,ERR,ERR,ERR,ERR,ERR,ERR,ERR,ERR,ERR,ERR,ERR,ERR,ERR,ERR,ERR,ERR,ERR,ERR,ERR,ERR,ERR,ERR,ERR,ERR,ERR,ERR,ERR,ERR,ERR,ERR,ERR,ERR,ERR,ERR,ERR,ERR,ERR,ERR,ERR,ERR,ERR,ERR,ERR,ERR,ERR,ERR,ERR,ERR,ERR,ERR,ERR,ERR,ERR,ERR,ERR,ERR,ERR,ERR,ERR,ERR,ERR,ERR,ERR,ERR,ERR,ERR,ERR,ERR,ERR,ERR,ERR,ERR,ERR,ERR,ERR,ERR,ERR,ERR,ERR,ERR,ERR,ERR,ERR,0.0,0.0,-134474944.0,0.0,0.0,1.3936040501711995e+18,7.805,0.0,0,0,4,0,8422,0.0,45,0.0,0.0,0.0,0.0,0.0,0,0,0,0,0.0,0,0,0,0,0,0,0,0,0,0,0,0,0,0,0,0,0,0,0,0,0,0,0,0,0,0,0,0,0,0,0,0,0,38,14,7,45,65476,0,300,0,0,8,21553,0.0,-107605600.0,0.0,0.0,0.0,0.0,0.0,0.0,0.0,0.0,0.0,0.0,0.0,0.0,0.0,0.0,0.0,0.0,0.0,0.0,0.0,0.0,0.0,0.0,-2.004,2.004,0.0,0.0,0.0,0.0,5012.0,-131350.438,0.0,0.0,0.0,0.0,-107615304.0,0.0,0.0,0.0,0.0,53,5.848083413016271e+35,-0.0,0.0,0.0,0.0,0.0,0.0,0.0,0.0,0,0,0,0.0,0.0,0.0,0.0,0.0,0.0,0.0,0.0,0.0,0.0,0.0,0.0,0.0,0.0,0.0,0.0,0,-107875648.0,53,0.0,106,-107614832.0,2.7006707062415038e+23,ERR,ERR,ERR,ERR,ERR,ERR,ERR,ERR,ERR,ERR,ERR,ERR,ERR,ERR,ERR,ERR,ERR,ERR,ERR,ERR,ERR,ERR,ERR,ERR,ERR,ERR,ERR,ERR,ERR,ERR,ERR,ERR,ERR,ERR,ERR,ERR,ERR,ERR,ERR,ERR,ERR,ERR,ERR,ERR,ERR,ERR,ERR,ERR,ERR,ERR,ERR,ERR,ERR,ERR,ERR,ERR,ERR,ERR,ERR,ERR,ERR,ERR,ERR,ERR,ERR,ERR,ERR,50.0,60.0,100,0.0,0.0,0.0,0.0,0.0,0.0,0.0,0.0,0.0,0.0,0.0,0.0,0.0,0.0,0.0,0.0,61.6,77,11,65508,50,65476,0,300,0,0,8,20529,65476,0,0,26214,60.0,0.0,0.0,0.0,0.0,0.0
2026-05-17T16:51:24,ERR,ERR,ERR,ERR,ERR,ERR,ERR,ERR,ERR,ERR,ERR,ERR,ERR,ERR,ERR,ERR,ERR,ERR,ERR,ERR,ERR,ERR,ERR,ERR,ERR,ERR,ERR,ERR,ERR,ERR,ERR,ERR,ERR,ERR,ERR,ERR,ERR,ERR,ERR,ERR,ERR,ERR,ERR,ERR,ERR,ERR,ERR,ERR,ERR,ERR,ERR,ERR,ERR,ERR,ERR,ERR,ERR,ERR,ERR,ERR,ERR,ERR,ERR,ERR,ERR,ERR,ERR,ERR,ERR,ERR,ERR,ERR,ERR,ERR,ERR,ERR,ERR,ERR,ERR,ERR,ERR,ERR,ERR,ERR,ERR,ERR,ERR,ERR,ERR,ERR,ERR,ERR,ERR,ERR,ERR,ERR,ERR,ERR,ERR,ERR,ERR,ERR,ERR,ERR,ERR,ERR,ERR,ERR,ERR,ERR,ERR,ERR,ERR,ERR,ERR,ERR,ERR,ERR,ERR,ERR,ERR,ERR,ERR,ERR,ERR,0.0,0.0,-134474944.0,0.0,0.0,1.3936040501711995e+18,7.805,0.0,0,0,4,0,8422,0.0,45,0.0,0.0,0.0,0.0,0.0,0,0,0,0,0.0,0,0,0,0,0,0,0,0,0,0,0,0,0,0,0,0,0,0,0,0,0,0,0,0,0,0,0,0,0,0,0,0,0,38,14,7,45,65476,0,300,0,0,8,21553,0.0,-107605600.0,0.0,0.0,0.0,0.0,0.0,0.0,0.0,0.0,0.0,0.0,0.0,0.0,0.0,0.0,0.0,0.0,0.0,0.0,0.0,0.0,0.0,0.0,-2.004,2.004,0.0,0.0,0.0,0.0,5012.0,-131350.438,0.0,0.0,0.0,0.0,-107615304.0,0.0,0.0,0.0,0.0,53,5.848083413016271e+35,-0.0,0.0,0.0,0.0,0.0,0.0,0.0,0.0,0,0,0,0.0,0.0,0.0,0.0,0.0,0.0,0.0,0.0,0.0,0.0,0.0,0.0,0.0,0.0,0.0,0.0,0,-107875648.0,53,0.0,106,-107614832.0,2.7006707062415038e+23,ERR,ERR,ERR,ERR,ERR,ERR,ERR,ERR,ERR,ERR,ERR,ERR,ERR,ERR,ERR,ERR,ERR,ERR,ERR,ERR,ERR,ERR,ERR,ERR,ERR,ERR,ERR,ERR,ERR,ERR,ERR,ERR,ERR,ERR,ERR,ERR,ERR,ERR,ERR,ERR,ERR,ERR,ERR,ERR,ERR,ERR,ERR,ERR,ERR,ERR,ERR,ERR,ERR,ERR,ERR,ERR,ERR,ERR,ERR,ERR,ERR,ERR,ERR,ERR,ERR,ERR,ERR,50.0,60.0,100,0.0,0.0,0.0,0.0,0.0,0.0,0.0,0.0,0.0,0.0,0.0,0.0,0.0,0.0,0.0,0.0,61.6,77,11,65508,50,65476,0,300,0,0,8,20529,65476,0,0,26214,60.0,0.0,0.0,0.0,0.0,0.0
2026-05-17T16:51:25,ERR,ERR,ERR,ERR,ERR,ERR,ERR,ERR,ERR,ERR,ERR,ERR,ERR,ERR,ERR,ERR,ERR,ERR,ERR,ERR,ERR,ERR,ERR,ERR,ERR,ERR,ERR,ERR,ERR,ERR,ERR,ERR,ERR,ERR,ERR,ERR,ERR,ERR,ERR,ERR,ERR,ERR,ERR,ERR,ERR,ERR,ERR,ERR,ERR,ERR,ERR,ERR,ERR,ERR,ERR,ERR,ERR,ERR,ERR,ERR,ERR,ERR,ERR,ERR,ERR,ERR,ERR,ERR,ERR,ERR,ERR,ERR,ERR,ERR,ERR,ERR,ERR,ERR,ERR,ERR,ERR,ERR,ERR,ERR,ERR,ERR,ERR,ERR,ERR,ERR,ERR,ERR,ERR,ERR,ERR,ERR,ERR,ERR,ERR,ERR,ERR,ERR,ERR,ERR,ERR,ERR,ERR,ERR,ERR,ERR,ERR,ERR,ERR,ERR,ERR,ERR,ERR,ERR,ERR,ERR,ERR,ERR,ERR,ERR,ERR,0.0,0.0,-134474944.0,0.0,0.0,1.3936040501711995e+18,7.805,0.0,0,0,4,0,8422,0.0,45,0.0,0.0,0.0,0.0,0.0,0,0,0,0,0.0,0,0,0,0,0,0,0,0,0,0,0,0,0,0,0,0,0,0,0,0,0,0,0,0,0,0,0,0,0,0,0,0,0,38,14,7,45,65476,0,300,0,0,8,21553,0.0,-107605600.0,0.0,0.0,0.0,0.0,0.0,0.0,0.0,0.0,0.0,0.0,0.0,0.0,0.0,0.0,0.0,0.0,0.0,0.0,0.0,0.0,0.0,0.0,-2.004,2.004,0.0,0.0,0.0,0.0,5012.0,-131350.438,0.0,0.0,0.0,0.0,-107615304.0,0.0,0.0,0.0,0.0,53,5.848083413016271e+35,-0.0,0.0,0.0,0.0,0.0,0.0,0.0,0.0,0,0,0,0.0,0.0,0.0,0.0,0.0,0.0,0.0,0.0,0.0,0.0,0.0,0.0,0.0,0.0,0.0,0.0,0,-107875648.0,53,0.0,106,-107614832.0,2.7006707062415038e+23,ERR,ERR,ERR,ERR,ERR,ERR,ERR,ERR,ERR,ERR,ERR,ERR,ERR,ERR,ERR,ERR,ERR,ERR,ERR,ERR,ERR,ERR,ERR,ERR,ERR,ERR,ERR,ERR,ERR,ERR,ERR,ERR,ERR,ERR,ERR,ERR,ERR,ERR,ERR,ERR,ERR,ERR,ERR,ERR,ERR,ERR,ERR,ERR,ERR,ERR,ERR,ERR,ERR,ERR,ERR,ERR,ERR,ERR,ERR,ERR,ERR,ERR,ERR,ERR,ERR,ERR,ERR,50.0,60.0,100,0.0,0.0,0.0,0.0,0.0,0.0,0.0,0.0,0.0,0.0,0.0,0.0,0.0,0.0,0.0,0.0,61.6,77,11,65508,50,65476,0,300,0,0,8,20529,65476,0,0,26214,60.0,0.0,0.0,0.0,0.0,0.0
2026-05-17T16:51:26,ERR,ERR,ERR,ERR,ERR,ERR,ERR,ERR,ERR,ERR,ERR,ERR,ERR,ERR,ERR,ERR,ERR,ERR,ERR,ERR,ERR,ERR,ERR,ERR,ERR,ERR,ERR,ERR,ERR,ERR,ERR,ERR,ERR,ERR,ERR,ERR,ERR,ERR,ERR,ERR,ERR,ERR,ERR,ERR,ERR,ERR,ERR,ERR,ERR,ERR,ERR,ERR,ERR,ERR,ERR,ERR,ERR,ERR,ERR,ERR,ERR,ERR,ERR,ERR,ERR,ERR,ERR,ERR,ERR,ERR,ERR,ERR,ERR,ERR,ERR,ERR,ERR,ERR,ERR,ERR,ERR,ERR,ERR,ERR,ERR,ERR,ERR,ERR,ERR,ERR,ERR,ERR,ERR,ERR,ERR,ERR,ERR,ERR,ERR,ERR,ERR,ERR,ERR,ERR,ERR,ERR,ERR,ERR,ERR,ERR,ERR,ERR,ERR,ERR,ERR,ERR,ERR,ERR,ERR,ERR,ERR,ERR,ERR,ERR,ERR,0.0,0.0,-134474944.0,0.0,0.0,1.3936040501711995e+18,7.805,0.0,0,0,4,0,8422,0.0,45,0.0,0.0,0.0,0.0,0.0,0,0,0,0,0.0,0,0,0,0,0,0,0,0,0,0,0,0,0,0,0,0,0,0,0,0,0,0,0,0,0,0,0,0,0,0,0,0,0,38,14,7,45,65476,0,300,0,0,8,21553,0.0,-107605600.0,0.0,0.0,0.0,0.0,0.0,0.0,0.0,0.0,0.0,0.0,0.0,0.0,0.0,0.0,0.0,0.0,0.0,0.0,0.0,0.0,0.0,0.0,-2.004,2.004,0.0,0.0,0.0,0.0,5012.0,-131350.438,0.0,0.0,0.0,0.0,-107615304.0,0.0,0.0,0.0,0.0,53,5.848083413016271e+35,-0.0,0.0,0.0,0.0,0.0,0.0,0.0,0.0,0,0,0,0.0,0.0,0.0,0.0,0.0,0.0,0.0,0.0,0.0,0.0,0.0,0.0,0.0,0.0,0.0,0.0,0,-107875648.0,53,0.0,106,-107614832.0,2.7006707062415038e+23,ERR,ERR,ERR,ERR,ERR,ERR,ERR,ERR,ERR,ERR,ERR,ERR,ERR,ERR,ERR,ERR,ERR,ERR,ERR,ERR,ERR,ERR,ERR,ERR,ERR,ERR,ERR,ERR,ERR,ERR,ERR,ERR,ERR,ERR,ERR,ERR,ERR,ERR,ERR,ERR,ERR,ERR,ERR,ERR,ERR,ERR,ERR,ERR,ERR,ERR,ERR,ERR,ERR,ERR,ERR,ERR,ERR,ERR,ERR,ERR,ERR,ERR,ERR,ERR,ERR,ERR,ERR,50.0,60.0,100,0.0,0.0,0.0,0.0,0.0,0.0,0.0,0.0,0.0,0.0,0.0,0.0,0.0,0.0,0.0,0.0,61.6,77,11,65508,50,65476,0,300,0,0,8,20529,65476,0,0,26214,60.0,0.0,0.0,0.0,0.0,0.0
2026-05-17T16:51:27,ERR,ERR,ERR,ERR,ERR,ERR,ERR,ERR,ERR,ERR,ERR,ERR,ERR,ERR,ERR,ERR,ERR,ERR,ERR,ERR,ERR,ERR,ERR,ERR,ERR,ERR,ERR,ERR,ERR,ERR,ERR,ERR,ERR,ERR,ERR,ERR,ERR,ERR,ERR,ERR,ERR,ERR,ERR,ERR,ERR,ERR,ERR,ERR,ERR,ERR,ERR,ERR,ERR,ERR,ERR,ERR,ERR,ERR,ERR,ERR,ERR,ERR,ERR,ERR,ERR,ERR,ERR,ERR,ERR,ERR,ERR,ERR,ERR,ERR,ERR,ERR,ERR,ERR,ERR,ERR,ERR,ERR,ERR,ERR,ERR,ERR,ERR,ERR,ERR,ERR,ERR,ERR,ERR,ERR,ERR,ERR,ERR,ERR,ERR,ERR,ERR,ERR,ERR,ERR,ERR,ERR,ERR,ERR,ERR,ERR,ERR,ERR,ERR,ERR,ERR,ERR,ERR,ERR,ERR,ERR,ERR,ERR,ERR,ERR,ERR,0.0,0.0,-134474944.0,0.0,0.0,1.3936040501711995e+18,7.805,0.0,0,0,4,0,8422,0.0,45,0.0,0.0,0.0,0.0,0.0,0,0,0,0,0.0,0,0,0,0,0,0,0,0,0,0,0,0,0,0,0,0,0,0,0,0,0,0,0,0,0,0,0,0,0,0,0,0,0,38,14,7,45,65476,0,300,0,0,8,21553,0.0,-107605600.0,0.0,0.0,0.0,0.0,0.0,0.0,0.0,0.0,0.0,0.0,0.0,0.0,0.0,0.0,0.0,0.0,0.0,0.0,0.0,0.0,0.0,0.0,-2.004,2.004,0.0,0.0,0.0,0.0,5012.0,-131350.438,0.0,0.0,0.0,0.0,-107615304.0,0.0,0.0,0.0,0.0,53,5.848083413016271e+35,-0.0,0.0,0.0,0.0,0.0,0.0,0.0,0.0,0,0,0,0.0,0.0,0.0,0.0,0.0,0.0,0.0,0.0,0.0,0.0,0.0,0.0,0.0,0.0,0.0,0.0,0,-107875648.0,53,0.0,106,-107614832.0,2.7006707062415038e+23,ERR,ERR,ERR,ERR,ERR,ERR,ERR,ERR,ERR,ERR,ERR,ERR,ERR,ERR,ERR,ERR,ERR,ERR,ERR,ERR,ERR,ERR,ERR,ERR,ERR,ERR,ERR,ERR,ERR,ERR,ERR,ERR,ERR,ERR,ERR,ERR,ERR,ERR,ERR,ERR,ERR,ERR,ERR,ERR,ERR,ERR,ERR,ERR,ERR,ERR,ERR,ERR,ERR,ERR,ERR,ERR,ERR,ERR,ERR,ERR,ERR,ERR,ERR,ERR,ERR,ERR,ERR,50.0,60.0,100,0.0,0.0,0.0,0.0,0.0,0.0,0.0,0.0,0.0,0.0,0.0,0.0,0.0,0.0,0.0,0.0,61.6,77,11,65508,50,65476,0,300,0,0,8,20529,65476,0,0,26214,60.0,0.0,0.0,0.0,0.0,0.0
2026-05-17T16:51:28,ERR,ERR,ERR,ERR,ERR,ERR,ERR,ERR,ERR,ERR,ERR,ERR,ERR,ERR,ERR,ERR,ERR,ERR,ERR,ERR,ERR,ERR,ERR,ERR,ERR,ERR,ERR,ERR,ERR,ERR,ERR,ERR,ERR,ERR,ERR,ERR,ERR,ERR,ERR,ERR,ERR,ERR,ERR,ERR,ERR,ERR,ERR,ERR,ERR,ERR,ERR,ERR,ERR,ERR,ERR,ERR,ERR,ERR,ERR,ERR,ERR,ERR,ERR,ERR,ERR,ERR,ERR,ERR,ERR,ERR,ERR,ERR,ERR,ERR,ERR,ERR,ERR,ERR,ERR,ERR,ERR,ERR,ERR,ERR,ERR,ERR,ERR,ERR,ERR,ERR,ERR,ERR,ERR,ERR,ERR,ERR,ERR,ERR,ERR,ERR,ERR,ERR,ERR,ERR,ERR,ERR,ERR,ERR,ERR,ERR,ERR,ERR,ERR,ERR,ERR,ERR,ERR,ERR,ERR,ERR,ERR,ERR,ERR,ERR,ERR,0.0,0.0,-134474944.0,0.0,0.0,1.3936040501711995e+18,7.805,0.0,0,0,4,0,8422,0.0,45,0.0,0.0,0.0,0.0,0.0,0,0,0,0,0.0,0,0,0,0,0,0,0,0,0,0,0,0,0,0,0,0,0,0,0,0,0,0,0,0,0,0,0,0,0,0,0,0,0,38,14,7,45,65476,0,300,0,0,8,21553,0.0,-107605600.0,0.0,0.0,0.0,0.0,0.0,0.0,0.0,0.0,0.0,0.0,0.0,0.0,0.0,0.0,0.0,0.0,0.0,0.0,0.0,0.0,0.0,0.0,-2.004,2.004,0.0,0.0,0.0,0.0,5012.0,-0.0,0.0,0.0,0.0,0.0,-107615304.0,0.0,0.0,0.0,0.0,53,5.848083413016271e+35,126840537088.0,0.0,0.0,0.0,0.0,0.0,0.0,0.0,0,0,0,0.0,0.0,0.0,0.0,0.0,0.0,0.0,0.0,0.0,0.0,0.0,0.0,0.0,0.0,0.0,0.0,0,-107875648.0,53,0.0,106,-107614832.0,2.7006707062415038e+23,ERR,ERR,ERR,ERR,ERR,ERR,ERR,ERR,ERR,ERR,ERR,ERR,ERR,ERR,ERR,ERR,ERR,ERR,ERR,ERR,ERR,ERR,ERR,ERR,ERR,ERR,ERR,ERR,ERR,ERR,ERR,ERR,ERR,ERR,ERR,ERR,ERR,ERR,ERR,ERR,ERR,ERR,ERR,ERR,ERR,ERR,ERR,ERR,ERR,ERR,ERR,ERR,ERR,ERR,ERR,ERR,ERR,ERR,ERR,ERR,ERR,ERR,ERR,ERR,ERR,ERR,ERR,50.0,60.0,100,0.0,0.0,0.0,0.0,0.0,0.0,0.0,0.0,0.0,0.0,0.0,0.0,0.0,0.0,0.0,0.0,61.6,77,11,65508,50,65476,0,300,0,0,8,20529,65476,0,0,26214,60.0,0.0,0.0,0.0,0.0,0.0
2026-05-17T16:51:29,ERR,ERR,ERR,ERR,ERR,ERR,ERR,ERR,ERR,ERR,ERR,ERR,ERR,ERR,ERR,ERR,ERR,ERR,ERR,ERR,ERR,ERR,ERR,ERR,ERR,ERR,ERR,ERR,ERR,ERR,ERR,ERR,ERR,ERR,ERR,ERR,ERR,ERR,ERR,ERR,ERR,ERR,ERR,ERR,ERR,ERR,ERR,ERR,ERR,ERR,ERR,ERR,ERR,ERR,ERR,ERR,ERR,ERR,ERR,ERR,ERR,ERR,ERR,ERR,ERR,ERR,ERR,ERR,ERR,ERR,ERR,ERR,ERR,ERR,ERR,ERR,ERR,ERR,ERR,ERR,ERR,ERR,ERR,ERR,ERR,ERR,ERR,ERR,ERR,ERR,ERR,ERR,ERR,ERR,ERR,ERR,ERR,ERR,ERR,ERR,ERR,ERR,ERR,ERR,ERR,ERR,ERR,ERR,ERR,ERR,ERR,ERR,ERR,ERR,ERR,ERR,ERR,ERR,ERR,ERR,ERR,ERR,ERR,ERR,ERR,0.0,0.0,-134474944.0,0.0,0.0,1.3936040501711995e+18,7.805,0.0,0,0,4,0,8422,0.0,45,0.0,0.0,0.0,0.0,0.0,0,0,0,0,0.0,0,0,0,0,0,0,0,0,0,0,0,0,0,0,0,0,0,0,0,0,0,0,0,0,0,0,0,0,0,0,0,0,0,38,14,7,45,65476,0,300,0,0,8,21553,0.0,-107605600.0,0.0,0.0,0.0,0.0,0.0,0.0,0.0,0.0,0.0,0.0,0.0,0.0,0.0,0.0,0.0,0.0,0.0,0.0,0.0,0.0,0.0,0.0,-2.004,2.004,0.0,0.0,0.0,0.0,5012.0,-0.0,0.0,0.0,0.0,0.0,-107615304.0,0.0,0.0,0.0,0.0,53,5.848083413016271e+35,126840537088.0,0.0,0.0,0.0,0.0,0.0,0.0,0.0,0,0,0,0.0,0.0,0.0,0.0,0.0,0.0,0.0,0.0,0.0,0.0,0.0,0.0,0.0,0.0,0.0,0.0,0,-107875648.0,53,0.0,106,-107614832.0,2.7006707062415038e+23,ERR,ERR,ERR,ERR,ERR,ERR,ERR,ERR,ERR,ERR,ERR,ERR,ERR,ERR,ERR,ERR,ERR,ERR,ERR,ERR,ERR,ERR,ERR,ERR,ERR,ERR,ERR,ERR,ERR,ERR,ERR,ERR,ERR,ERR,ERR,ERR,ERR,ERR,ERR,ERR,ERR,ERR,ERR,ERR,ERR,ERR,ERR,ERR,ERR,ERR,ERR,ERR,ERR,ERR,ERR,ERR,ERR,ERR,ERR,ERR,ERR,ERR,ERR,ERR,ERR,ERR,ERR,50.0,60.0,100,0.0,0.0,0.0,0.0,0.0,0.0,0.0,0.0,0.0,0.0,0.0,0.0,0.0,0.0,0.0,0.0,62.0,77,11,65508,50,65476,0,300,0,0,8,20529,65476,0,0,26214,60.0,0.0,0.0,0.0,0.0,0.0
2026-05-17T16:51:30,ERR,ERR,ERR,ERR,ERR,ERR,ERR,ERR,ERR,ERR,ERR,ERR,ERR,ERR,ERR,ERR,ERR,ERR,ERR,ERR,ERR,ERR,ERR,ERR,ERR,ERR,ERR,ERR,ERR,ERR,ERR,ERR,ERR,ERR,ERR,ERR,ERR,ERR,ERR,ERR,ERR,ERR,ERR,ERR,ERR,ERR,ERR,ERR,ERR,ERR,ERR,ERR,ERR,ERR,ERR,ERR,ERR,ERR,ERR,ERR,ERR,ERR,ERR,ERR,ERR,ERR,ERR,ERR,ERR,ERR,ERR,ERR,ERR,ERR,ERR,ERR,ERR,ERR,ERR,ERR,ERR,ERR,ERR,ERR,ERR,ERR,ERR,ERR,ERR,ERR,ERR,ERR,ERR,ERR,ERR,ERR,ERR,ERR,ERR,ERR,ERR,ERR,ERR,ERR,ERR,ERR,ERR,ERR,ERR,ERR,ERR,ERR,ERR,ERR,ERR,ERR,ERR,ERR,ERR,ERR,ERR,ERR,ERR,ERR,ERR,0.0,0.0,-134474944.0,0.0,0.0,1.3936040501711995e+18,7.805,0.0,0,0,4,0,8422,0.0,45,0.0,0.0,0.0,0.0,0.0,0,0,0,0,0.0,0,0,0,0,0,0,0,0,0,0,0,0,0,0,0,0,0,0,0,0,0,0,0,0,0,0,0,0,0,0,0,0,0,38,14,7,45,65476,0,300,0,0,8,21553,0.0,-107605600.0,0.0,0.0,0.0,0.0,0.0,0.0,0.0,0.0,0.0,0.0,0.0,0.0,0.0,0.0,0.0,0.0,0.0,0.0,0.0,0.0,0.0,0.0,-2.004,2.004,0.0,0.0,0.0,0.0,5012.0,-0.0,0.0,0.0,0.0,0.0,-107615304.0,0.0,0.0,0.0,0.0,53,5.848083413016271e+35,126840537088.0,0.0,0.0,0.0,0.0,0.0,0.0,0.0,0,0,0,0.0,0.0,0.0,0.0,0.0,0.0,0.0,0.0,0.0,0.0,0.0,0.0,0.0,0.0,0.0,0.0,0,-107875648.0,53,0.0,106,-107614832.0,2.7006707062415038e+23,ERR,ERR,ERR,ERR,ERR,ERR,ERR,ERR,ERR,ERR,ERR,ERR,ERR,ERR,ERR,ERR,ERR,ERR,ERR,ERR,ERR,ERR,ERR,ERR,ERR,ERR,ERR,ERR,ERR,ERR,ERR,ERR,ERR,ERR,ERR,ERR,ERR,ERR,ERR,ERR,ERR,ERR,ERR,ERR,ERR,ERR,ERR,ERR,ERR,ERR,ERR,ERR,ERR,ERR,ERR,ERR,ERR,ERR,ERR,ERR,ERR,ERR,ERR,ERR,ERR,ERR,ERR,50.0,60.0,100,0.0,0.0,0.0,0.0,0.0,0.0,0.0,0.0,0.0,0.0,0.0,0.0,0.0,0.0,0.0,0.0,61.6,77,11,65508,50,65476,0,300,0,0,8,20529,65476,0,0,26214,60.0,0.0,0.0,0.0,0.0,0.0
2026-05-17T16:51:31,ERR,ERR,ERR,ERR,ERR,ERR,ERR,ERR,ERR,ERR,ERR,ERR,ERR,ERR,ERR,ERR,ERR,ERR,ERR,ERR,ERR,ERR,ERR,ERR,ERR,ERR,ERR,ERR,ERR,ERR,ERR,ERR,ERR,ERR,ERR,ERR,ERR,ERR,ERR,ERR,ERR,ERR,ERR,ERR,ERR,ERR,ERR,ERR,ERR,ERR,ERR,ERR,ERR,ERR,ERR,ERR,ERR,ERR,ERR,ERR,ERR,ERR,ERR,ERR,ERR,ERR,ERR,ERR,ERR,ERR,ERR,ERR,ERR,ERR,ERR,ERR,ERR,ERR,ERR,ERR,ERR,ERR,ERR,ERR,ERR,ERR,ERR,ERR,ERR,ERR,ERR,ERR,ERR,ERR,ERR,ERR,ERR,ERR,ERR,ERR,ERR,ERR,ERR,ERR,ERR,ERR,ERR,ERR,ERR,ERR,ERR,ERR,ERR,ERR,ERR,ERR,ERR,ERR,ERR,ERR,ERR,ERR,ERR,ERR,ERR,0.0,0.0,-134474944.0,0.0,0.0,1.3936040501711995e+18,7.805,0.0,0,0,4,0,8422,0.0,45,0.0,0.0,0.0,0.0,0.0,0,0,0,0,0.0,0,0,0,0,0,0,0,0,0,0,0,0,0,0,0,0,0,0,0,0,0,0,0,0,0,0,0,0,0,0,0,0,0,38,14,7,45,65476,0,300,0,0,8,21553,0.0,-107605600.0,0.0,0.0,0.0,0.0,0.0,0.0,0.0,0.0,0.0,0.0,0.0,0.0,0.0,0.0,0.0,0.0,0.0,0.0,0.0,0.0,0.0,0.0,-2.004,2.004,0.0,0.0,0.0,0.0,5012.0,-0.0,0.0,0.0,0.0,0.0,-107615304.0,0.0,0.0,0.0,0.0,53,5.848083413016271e+35,126840537088.0,0.0,0.0,0.0,0.0,0.0,0.0,0.0,0,0,0,0.0,0.0,0.0,0.0,0.0,0.0,0.0,0.0,0.0,0.0,0.0,0.0,0.0,0.0,0.0,0.0,0,-107875648.0,53,0.0,106,-107614832.0,2.7006707062415038e+23,ERR,ERR,ERR,ERR,ERR,ERR,ERR,ERR,ERR,ERR,ERR,ERR,ERR,ERR,ERR,ERR,ERR,ERR,ERR,ERR,ERR,ERR,ERR,ERR,ERR,ERR,ERR,ERR,ERR,ERR,ERR,ERR,ERR,ERR,ERR,ERR,ERR,ERR,ERR,ERR,ERR,ERR,ERR,ERR,ERR,ERR,ERR,ERR,ERR,ERR,ERR,ERR,ERR,ERR,ERR,ERR,ERR,ERR,ERR,ERR,ERR,ERR,ERR,ERR,ERR,ERR,ERR,50.0,60.0,100,0.0,0.0,0.0,0.0,0.0,0.0,0.0,0.0,0.0,0.0,0.0,0.0,0.0,0.0,0.0,0.0,61.6,77,11,65508,50,65476,0,300,0,0,8,20529,65476,0,0,26214,60.0,0.0,0.0,0.0,0.0,0.0
2026-05-17T16:51:32,ERR,ERR,ERR,ERR,ERR,ERR,ERR,ERR,ERR,ERR,ERR,ERR,ERR,ERR,ERR,ERR,ERR,ERR,ERR,ERR,ERR,ERR,ERR,ERR,ERR,ERR,ERR,ERR,ERR,ERR,ERR,ERR,ERR,ERR,ERR,ERR,ERR,ERR,ERR,ERR,ERR,ERR,ERR,ERR,ERR,ERR,ERR,ERR,ERR,ERR,ERR,ERR,ERR,ERR,ERR,ERR,ERR,ERR,ERR,ERR,ERR,ERR,ERR,ERR,ERR,ERR,ERR,ERR,ERR,ERR,ERR,ERR,ERR,ERR,ERR,ERR,ERR,ERR,ERR,ERR,ERR,ERR,ERR,ERR,ERR,ERR,ERR,ERR,ERR,ERR,ERR,ERR,ERR,ERR,ERR,ERR,ERR,ERR,ERR,ERR,ERR,ERR,ERR,ERR,ERR,ERR,ERR,ERR,ERR,ERR,ERR,ERR,ERR,ERR,ERR,ERR,ERR,ERR,ERR,ERR,ERR,ERR,ERR,ERR,ERR,0.0,0.0,-134474944.0,0.0,0.0,1.3936040501711995e+18,7.805,0.0,0,0,4,0,8422,0.0,45,0.0,0.0,0.0,0.0,0.0,0,0,0,0,0.0,0,0,0,0,0,0,0,0,0,0,0,0,0,0,0,0,0,0,0,0,0,0,0,0,0,0,0,0,0,0,0,0,0,38,14,7,45,65476,0,300,0,0,8,21553,0.0,-107605600.0,0.0,0.0,0.0,0.0,0.0,0.0,0.0,0.0,0.0,0.0,0.0,0.0,0.0,0.0,0.0,0.0,0.0,0.0,0.0,0.0,0.0,0.0,-2.004,2.004,0.0,0.0,0.0,0.0,5012.0,-0.0,0.0,0.0,0.0,0.0,-107615304.0,0.0,0.0,0.0,0.0,53,5.848083413016271e+35,126840537088.0,0.0,0.0,0.0,0.0,0.0,0.0,0.0,0,0,0,0.0,0.0,0.0,0.0,0.0,0.0,0.0,0.0,0.0,0.0,0.0,0.0,0.0,0.0,0.0,0.0,0,-107875648.0,53,0.0,106,-107614832.0,2.7006707062415038e+23,ERR,ERR,ERR,ERR,ERR,ERR,ERR,ERR,ERR,ERR,ERR,ERR,ERR,ERR,ERR,ERR,ERR,ERR,ERR,ERR,ERR,ERR,ERR,ERR,ERR,ERR,ERR,ERR,ERR,ERR,ERR,ERR,ERR,ERR,ERR,ERR,ERR,ERR,ERR,ERR,ERR,ERR,ERR,ERR,ERR,ERR,ERR,ERR,ERR,ERR,ERR,ERR,ERR,ERR,ERR,ERR,ERR,ERR,ERR,ERR,ERR,ERR,ERR,ERR,ERR,ERR,ERR,50.0,60.0,100,0.0,0.0,0.0,0.0,0.0,0.0,0.0,0.0,0.0,0.0,0.0,0.0,0.0,0.0,0.0,0.0,61.6,77,11,65508,50,65476,0,300,0,0,8,20529,65476,0,0,26214,60.0,0.0,0.0,0.0,0.0,0.0
2026-05-17T16:51:33,ERR,ERR,ERR,ERR,ERR,ERR,ERR,ERR,ERR,ERR,ERR,ERR,ERR,ERR,ERR,ERR,ERR,ERR,ERR,ERR,ERR,ERR,ERR,ERR,ERR,ERR,ERR,ERR,ERR,ERR,ERR,ERR,ERR,ERR,ERR,ERR,ERR,ERR,ERR,ERR,ERR,ERR,ERR,ERR,ERR,ERR,ERR,ERR,ERR,ERR,ERR,ERR,ERR,ERR,ERR,ERR,ERR,ERR,ERR,ERR,ERR,ERR,ERR,ERR,ERR,ERR,ERR,ERR,ERR,ERR,ERR,ERR,ERR,ERR,ERR,ERR,ERR,ERR,ERR,ERR,ERR,ERR,ERR,ERR,ERR,ERR,ERR,ERR,ERR,ERR,ERR,ERR,ERR,ERR,ERR,ERR,ERR,ERR,ERR,ERR,ERR,ERR,ERR,ERR,ERR,ERR,ERR,ERR,ERR,ERR,ERR,ERR,ERR,ERR,ERR,ERR,ERR,ERR,ERR,ERR,ERR,ERR,ERR,ERR,ERR,0.0,0.0,-134474944.0,0.0,0.0,1.3936040501711995e+18,7.805,0.0,0,0,4,0,8422,0.0,45,0.0,0.0,0.0,0.0,0.0,0,0,0,0,0.0,0,0,0,0,0,0,0,0,0,0,0,0,0,0,0,0,0,0,0,0,0,0,0,0,0,0,0,0,0,0,0,0,0,38,14,7,45,65476,0,300,0,0,8,21553,0.0,-107605600.0,0.0,0.0,0.0,0.0,0.0,0.0,0.0,0.0,0.0,0.0,0.0,0.0,0.0,0.0,0.0,0.0,0.0,0.0,0.0,0.0,0.0,0.0,-2.004,2.004,0.0,0.0,0.0,0.0,5012.0,-0.0,0.0,0.0,0.0,0.0,-107615304.0,0.0,0.0,0.0,0.0,53,5.848083413016271e+35,126840537088.0,0.0,0.0,0.0,0.0,0.0,0.0,0.0,0,0,0,0.0,0.0,0.0,0.0,0.0,0.0,0.0,0.0,0.0,0.0,0.0,0.0,0.0,0.0,0.0,0.0,0,-107875648.0,53,0.0,106,-107614832.0,2.7006707062415038e+23,ERR,ERR,ERR,ERR,ERR,ERR,ERR,ERR,ERR,ERR,ERR,ERR,ERR,ERR,ERR,ERR,ERR,ERR,ERR,ERR,ERR,ERR,ERR,ERR,ERR,ERR,ERR,ERR,ERR,ERR,ERR,ERR,ERR,ERR,ERR,ERR,ERR,ERR,ERR,ERR,ERR,ERR,ERR,ERR,ERR,ERR,ERR,ERR,ERR,ERR,ERR,ERR,ERR,ERR,ERR,ERR,ERR,ERR,ERR,ERR,ERR,ERR,ERR,ERR,ERR,ERR,ERR,50.0,60.0,100,0.0,0.0,0.0,0.0,0.0,0.0,0.0,0.0,0.0,0.0,0.0,0.0,0.0,0.0,0.0,0.0,61.6,77,11,65508,50,65476,0,300,0,0,8,20529,65476,0,0,26214,60.0,0.0,0.0,0.0,0.0,0.0
2026-05-17T16:51:34,ERR,ERR,ERR,ERR,ERR,ERR,ERR,ERR,ERR,ERR,ERR,ERR,ERR,ERR,ERR,ERR,ERR,ERR,ERR,ERR,ERR,ERR,ERR,ERR,ERR,ERR,ERR,ERR,ERR,ERR,ERR,ERR,ERR,ERR,ERR,ERR,ERR,ERR,ERR,ERR,ERR,ERR,ERR,ERR,ERR,ERR,ERR,ERR,ERR,ERR,ERR,ERR,ERR,ERR,ERR,ERR,ERR,ERR,ERR,ERR,ERR,ERR,ERR,ERR,ERR,ERR,ERR,ERR,ERR,ERR,ERR,ERR,ERR,ERR,ERR,ERR,ERR,ERR,ERR,ERR,ERR,ERR,ERR,ERR,ERR,ERR,ERR,ERR,ERR,ERR,ERR,ERR,ERR,ERR,ERR,ERR,ERR,ERR,ERR,ERR,ERR,ERR,ERR,ERR,ERR,ERR,ERR,ERR,ERR,ERR,ERR,ERR,ERR,ERR,ERR,ERR,ERR,ERR,ERR,ERR,ERR,ERR,ERR,ERR,ERR,0.0,0.0,-134474944.0,0.0,0.0,1.3936040501711995e+18,7.805,0.0,0,0,4,0,8422,0.0,45,0.0,0.0,0.0,0.0,0.0,0,0,0,0,0.0,0,0,0,0,0,0,0,0,0,0,0,0,0,0,0,0,0,0,0,0,0,0,0,0,0,0,0,0,0,0,0,0,0,38,14,7,45,65476,0,300,0,0,8,21553,0.0,-107605600.0,0.0,0.0,0.0,0.0,0.0,0.0,0.0,0.0,0.0,0.0,0.0,0.0,0.0,0.0,0.0,0.0,0.0,0.0,0.0,0.0,0.0,0.0,-2.004,2.004,0.0,0.0,0.0,0.0,5009.0,-0.0,0.0,0.0,0.0,0.0,-107615304.0,0.0,0.0,0.0,0.0,53,5.848083413016271e+35,4.066853658014554e+29,0.0,0.0,0.0,0.0,0.0,0.0,0.0,0,0,0,0.0,0.0,0.0,0.0,0.0,0.0,0.0,0.0,0.0,0.0,0.0,0.0,0.0,0.0,0.0,0.0,0,-107875648.0,53,0.0,106,-107614832.0,2.7006707062415038e+23,ERR,ERR,ERR,ERR,ERR,ERR,ERR,ERR,ERR,ERR,ERR,ERR,ERR,ERR,ERR,ERR,ERR,ERR,ERR,ERR,ERR,ERR,ERR,ERR,ERR,ERR,ERR,ERR,ERR,ERR,ERR,ERR,ERR,ERR,ERR,ERR,ERR,ERR,ERR,ERR,ERR,ERR,ERR,ERR,ERR,ERR,ERR,ERR,ERR,ERR,ERR,ERR,ERR,ERR,ERR,ERR,ERR,ERR,ERR,ERR,ERR,ERR,ERR,ERR,ERR,ERR,ERR,50.0,60.0,100,0.0,0.0,0.0,0.0,0.0,0.0,0.0,0.0,0.0,0.0,0.0,0.0,0.0,0.0,0.0,0.0,62.0,77,11,65508,50,65476,0,300,0,0,8,20529,65476,0,0,26214,60.0,0.0,0.0,0.0,0.0,0.0
2026-05-17T16:51:35,ERR,ERR,ERR,ERR,ERR,ERR,ERR,ERR,ERR,ERR,ERR,ERR,ERR,ERR,ERR,ERR,ERR,ERR,ERR,ERR,ERR,ERR,ERR,ERR,ERR,ERR,ERR,ERR,ERR,ERR,ERR,ERR,ERR,ERR,ERR,ERR,ERR,ERR,ERR,ERR,ERR,ERR,ERR,ERR,ERR,ERR,ERR,ERR,ERR,ERR,ERR,ERR,ERR,ERR,ERR,ERR,ERR,ERR,ERR,ERR,ERR,ERR,ERR,ERR,ERR,ERR,ERR,ERR,ERR,ERR,ERR,ERR,ERR,ERR,ERR,ERR,ERR,ERR,ERR,ERR,ERR,ERR,ERR,ERR,ERR,ERR,ERR,ERR,ERR,ERR,ERR,ERR,ERR,ERR,ERR,ERR,ERR,ERR,ERR,ERR,ERR,ERR,ERR,ERR,ERR,ERR,ERR,ERR,ERR,ERR,ERR,ERR,ERR,ERR,ERR,ERR,ERR,ERR,ERR,ERR,ERR,ERR,ERR,ERR,ERR,0.0,0.0,-134474944.0,0.0,0.0,1.3936040501711995e+18,7.805,0.0,0,0,4,0,8422,0.0,45,0.0,0.0,0.0,0.0,0.0,0,0,0,0,0.0,0,0,0,0,0,0,0,0,0,0,0,0,0,0,0,0,0,0,0,0,0,0,0,0,0,0,0,0,0,0,0,0,0,38,14,7,45,65476,0,300,0,0,8,21553,0.0,-107605600.0,0.0,0.0,0.0,0.0,0.0,0.0,0.0,0.0,0.0,0.0,0.0,0.0,0.0,0.0,0.0,0.0,0.0,0.0,0.0,0.0,0.0,0.0,-2.004,2.004,0.0,0.0,0.0,0.0,5009.0,-0.0,0.0,0.0,0.0,0.0,-107615304.0,0.0,0.0,0.0,0.0,53,5.848083413016271e+35,4.066853658014554e+29,0.0,0.0,0.0,0.0,0.0,0.0,0.0,0,0,0,0.0,0.0,0.0,0.0,0.0,0.0,0.0,0.0,0.0,0.0,0.0,0.0,0.0,0.0,0.0,0.0,0,-107875648.0,53,0.0,106,-107614832.0,2.7006707062415038e+23,ERR,ERR,ERR,ERR,ERR,ERR,ERR,ERR,ERR,ERR,ERR,ERR,ERR,ERR,ERR,ERR,ERR,ERR,ERR,ERR,ERR,ERR,ERR,ERR,ERR,ERR,ERR,ERR,ERR,ERR,ERR,ERR,ERR,ERR,ERR,ERR,ERR,ERR,ERR,ERR,ERR,ERR,ERR,ERR,ERR,ERR,ERR,ERR,ERR,ERR,ERR,ERR,ERR,ERR,ERR,ERR,ERR,ERR,ERR,ERR,ERR,ERR,ERR,ERR,ERR,ERR,ERR,50.0,60.0,100,0.0,0.0,0.0,0.0,0.0,0.0,0.0,0.0,0.0,0.0,0.0,0.0,0.0,0.0,0.0,0.0,62.0,77,11,65508,50,65476,0,300,0,0,8,20529,65476,0,0,26214,60.0,0.0,0.0,0.0,0.0,0.0
2026-05-17T16:51:36,ERR,ERR,ERR,ERR,ERR,ERR,ERR,ERR,ERR,ERR,ERR,ERR,ERR,ERR,ERR,ERR,ERR,ERR,ERR,ERR,ERR,ERR,ERR,ERR,ERR,ERR,ERR,ERR,ERR,ERR,ERR,ERR,ERR,ERR,ERR,ERR,ERR,ERR,ERR,ERR,ERR,ERR,ERR,ERR,ERR,ERR,ERR,ERR,ERR,ERR,ERR,ERR,ERR,ERR,ERR,ERR,ERR,ERR,ERR,ERR,ERR,ERR,ERR,ERR,ERR,ERR,ERR,ERR,ERR,ERR,ERR,ERR,ERR,ERR,ERR,ERR,ERR,ERR,ERR,ERR,ERR,ERR,ERR,ERR,ERR,ERR,ERR,ERR,ERR,ERR,ERR,ERR,ERR,ERR,ERR,ERR,ERR,ERR,ERR,ERR,ERR,ERR,ERR,ERR,ERR,ERR,ERR,ERR,ERR,ERR,ERR,ERR,ERR,ERR,ERR,ERR,ERR,ERR,ERR,ERR,ERR,ERR,ERR,ERR,ERR,0.0,0.0,-134474944.0,0.0,0.0,1.3936040501711995e+18,7.805,0.0,0,0,4,0,8422,0.0,45,0.0,0.0,0.0,0.0,0.0,0,0,0,0,0.0,0,0,0,0,0,0,0,0,0,0,0,0,0,0,0,0,0,0,0,0,0,0,0,0,0,0,0,0,0,0,0,0,0,38,14,7,45,65476,0,300,0,0,8,21553,0.0,-107605600.0,0.0,0.0,0.0,0.0,0.0,0.0,0.0,0.0,0.0,0.0,0.0,0.0,0.0,0.0,0.0,0.0,0.0,0.0,0.0,0.0,0.0,0.0,-2.004,2.004,0.0,0.0,0.0,0.0,5009.0,-0.0,0.0,0.0,0.0,0.0,-107615304.0,0.0,0.0,0.0,0.0,53,5.848083413016271e+35,4.066853658014554e+29,0.0,0.0,0.0,0.0,0.0,0.0,0.0,0,0,0,0.0,0.0,0.0,0.0,0.0,0.0,0.0,0.0,0.0,0.0,0.0,0.0,0.0,0.0,0.0,0.0,0,-107875648.0,53,0.0,106,-107614832.0,2.7006707062415038e+23,ERR,ERR,ERR,ERR,ERR,ERR,ERR,ERR,ERR,ERR,ERR,ERR,ERR,ERR,ERR,ERR,ERR,ERR,ERR,ERR,ERR,ERR,ERR,ERR,ERR,ERR,ERR,ERR,ERR,ERR,ERR,ERR,ERR,ERR,ERR,ERR,ERR,ERR,ERR,ERR,ERR,ERR,ERR,ERR,ERR,ERR,ERR,ERR,ERR,ERR,ERR,ERR,ERR,ERR,ERR,ERR,ERR,ERR,ERR,ERR,ERR,ERR,ERR,ERR,ERR,ERR,ERR,50.0,60.0,100,0.0,0.0,0.0,0.0,0.0,0.0,0.0,0.0,0.0,0.0,0.0,0.0,0.0,0.0,0.0,0.0,61.6,77,11,65508,50,65476,0,300,0,0,8,20529,65476,0,0,26214,60.0,0.0,0.0,0.0,0.0,0.0
2026-05-17T16:51:37,ERR,ERR,ERR,ERR,ERR,ERR,ERR,ERR,ERR,ERR,ERR,ERR,ERR,ERR,ERR,ERR,ERR,ERR,ERR,ERR,ERR,ERR,ERR,ERR,ERR,ERR,ERR,ERR,ERR,ERR,ERR,ERR,ERR,ERR,ERR,ERR,ERR,ERR,ERR,ERR,ERR,ERR,ERR,ERR,ERR,ERR,ERR,ERR,ERR,ERR,ERR,ERR,ERR,ERR,ERR,ERR,ERR,ERR,ERR,ERR,ERR,ERR,ERR,ERR,ERR,ERR,ERR,ERR,ERR,ERR,ERR,ERR,ERR,ERR,ERR,ERR,ERR,ERR,ERR,ERR,ERR,ERR,ERR,ERR,ERR,ERR,ERR,ERR,ERR,ERR,ERR,ERR,ERR,ERR,ERR,ERR,ERR,ERR,ERR,ERR,ERR,ERR,ERR,ERR,ERR,ERR,ERR,ERR,ERR,ERR,ERR,ERR,ERR,ERR,ERR,ERR,ERR,ERR,ERR,ERR,ERR,ERR,ERR,ERR,ERR,0.0,0.0,-134474944.0,0.0,0.0,1.3936040501711995e+18,7.805,0.0,0,0,4,0,8422,0.0,45,0.0,0.0,0.0,0.0,0.0,0,0,0,0,0.0,0,0,0,0,0,0,0,0,0,0,0,0,0,0,0,0,0,0,0,0,0,0,0,0,0,0,0,0,0,0,0,0,0,38,14,7,45,65476,0,300,0,0,8,21553,0.0,-107605600.0,0.0,0.0,0.0,0.0,0.0,0.0,0.0,0.0,0.0,0.0,0.0,0.0,0.0,0.0,0.0,0.0,0.0,0.0,0.0,0.0,0.0,0.0,-2.004,2.004,0.0,0.0,0.0,0.0,5009.0,-0.0,0.0,0.0,0.0,0.0,-107615304.0,0.0,0.0,0.0,0.0,53,5.848083413016271e+35,4.066853658014554e+29,0.0,0.0,0.0,0.0,0.0,0.0,0.0,0,0,0,0.0,0.0,0.0,0.0,0.0,0.0,0.0,0.0,0.0,0.0,0.0,0.0,0.0,0.0,0.0,0.0,0,-107875648.0,53,0.0,106,-107614832.0,2.7006707062415038e+23,ERR,ERR,ERR,ERR,ERR,ERR,ERR,ERR,ERR,ERR,ERR,ERR,ERR,ERR,ERR,ERR,ERR,ERR,ERR,ERR,ERR,ERR,ERR,ERR,ERR,ERR,ERR,ERR,ERR,ERR,ERR,ERR,ERR,ERR,ERR,ERR,ERR,ERR,ERR,ERR,ERR,ERR,ERR,ERR,ERR,ERR,ERR,ERR,ERR,ERR,ERR,ERR,ERR,ERR,ERR,ERR,ERR,ERR,ERR,ERR,ERR,ERR,ERR,ERR,ERR,ERR,ERR,50.0,60.0,100,0.0,0.0,0.0,0.0,0.0,0.0,0.0,0.0,0.0,0.0,0.0,0.0,0.0,0.0,0.0,0.0,62.0,77,11,65508,50,65476,0,300,0,0,8,20529,65476,0,0,26214,60.0,0.0,0.0,0.0,0.0,0.0
2026-05-17T16:51:38,ERR,ERR,ERR,ERR,ERR,ERR,ERR,ERR,ERR,ERR,ERR,ERR,ERR,ERR,ERR,ERR,ERR,ERR,ERR,ERR,ERR,ERR,ERR,ERR,ERR,ERR,ERR,ERR,ERR,ERR,ERR,ERR,ERR,ERR,ERR,ERR,ERR,ERR,ERR,ERR,ERR,ERR,ERR,ERR,ERR,ERR,ERR,ERR,ERR,ERR,ERR,ERR,ERR,ERR,ERR,ERR,ERR,ERR,ERR,ERR,ERR,ERR,ERR,ERR,ERR,ERR,ERR,ERR,ERR,ERR,ERR,ERR,ERR,ERR,ERR,ERR,ERR,ERR,ERR,ERR,ERR,ERR,ERR,ERR,ERR,ERR,ERR,ERR,ERR,ERR,ERR,ERR,ERR,ERR,ERR,ERR,ERR,ERR,ERR,ERR,ERR,ERR,ERR,ERR,ERR,ERR,ERR,ERR,ERR,ERR,ERR,ERR,ERR,ERR,ERR,ERR,ERR,ERR,ERR,ERR,ERR,ERR,ERR,ERR,ERR,0.0,0.0,-134474944.0,0.0,0.0,1.3936040501711995e+18,7.805,0.0,0,0,4,0,8422,0.0,45,0.0,0.0,0.0,0.0,0.0,0,0,0,0,0.0,0,0,0,0,0,0,0,0,0,0,0,0,0,0,0,0,0,0,0,0,0,0,0,0,0,0,0,0,0,0,0,0,0,38,14,7,45,65476,0,300,0,0,8,21553,0.0,-107605600.0,0.0,0.0,0.0,0.0,0.0,0.0,0.0,0.0,0.0,0.0,0.0,0.0,0.0,0.0,0.0,0.0,0.0,0.0,0.0,0.0,0.0,0.0,-2.004,2.004,0.0,0.0,0.0,0.0,5009.0,-0.0,0.0,0.0,0.0,0.0,-107615304.0,0.0,0.0,0.0,0.0,53,5.848083413016271e+35,4.066853658014554e+29,0.0,0.0,0.0,0.0,0.0,0.0,0.0,0,0,0,0.0,0.0,0.0,0.0,0.0,0.0,0.0,0.0,0.0,0.0,0.0,0.0,0.0,0.0,0.0,0.0,0,-107875648.0,53,0.0,106,-107614832.0,2.7006707062415038e+23,ERR,ERR,ERR,ERR,ERR,ERR,ERR,ERR,ERR,ERR,ERR,ERR,ERR,ERR,ERR,ERR,ERR,ERR,ERR,ERR,ERR,ERR,ERR,ERR,ERR,ERR,ERR,ERR,ERR,ERR,ERR,ERR,ERR,ERR,ERR,ERR,ERR,ERR,ERR,ERR,ERR,ERR,ERR,ERR,ERR,ERR,ERR,ERR,ERR,ERR,ERR,ERR,ERR,ERR,ERR,ERR,ERR,ERR,ERR,ERR,ERR,ERR,ERR,ERR,ERR,ERR,ERR,50.0,60.0,100,0.0,0.0,0.0,0.0,0.0,0.0,0.0,0.0,0.0,0.0,0.0,0.0,0.0,0.0,0.0,0.0,62.0,77,11,65508,50,65476,0,300,0,0,8,20529,65476,0,0,26214,60.0,0.0,0.0,0.0,0.0,0.0
2026-05-17T16:51:39,ERR,ERR,ERR,ERR,ERR,ERR,ERR,ERR,ERR,ERR,ERR,ERR,ERR,ERR,ERR,ERR,ERR,ERR,ERR,ERR,ERR,ERR,ERR,ERR,ERR,ERR,ERR,ERR,ERR,ERR,ERR,ERR,ERR,ERR,ERR,ERR,ERR,ERR,ERR,ERR,ERR,ERR,ERR,ERR,ERR,ERR,ERR,ERR,ERR,ERR,ERR,ERR,ERR,ERR,ERR,ERR,ERR,ERR,ERR,ERR,ERR,ERR,ERR,ERR,ERR,ERR,ERR,ERR,ERR,ERR,ERR,ERR,ERR,ERR,ERR,ERR,ERR,ERR,ERR,ERR,ERR,ERR,ERR,ERR,ERR,ERR,ERR,ERR,ERR,ERR,ERR,ERR,ERR,ERR,ERR,ERR,ERR,ERR,ERR,ERR,ERR,ERR,ERR,ERR,ERR,ERR,ERR,ERR,ERR,ERR,ERR,ERR,ERR,ERR,ERR,ERR,ERR,ERR,ERR,ERR,ERR,ERR,ERR,ERR,ERR,0.0,0.0,-134474944.0,0.0,0.0,1.3936040501711995e+18,7.805,0.0,0,0,4,0,8422,0.0,45,0.0,0.0,0.0,0.0,0.0,0,0,0,0,0.0,0,0,0,0,0,0,0,0,0,0,0,0,0,0,0,0,0,0,0,0,0,0,0,0,0,0,0,0,0,0,0,0,0,38,14,7,45,65476,0,300,0,0,8,21553,0.0,-107605600.0,0.0,0.0,0.0,0.0,0.0,0.0,0.0,0.0,0.0,0.0,0.0,0.0,0.0,0.0,0.0,0.0,0.0,0.0,0.0,0.0,0.0,0.0,-2.004,2.004,0.0,0.0,0.0,0.0,5012.0,-0.0,0.0,0.0,0.0,0.0,-107615304.0,0.0,0.0,0.0,0.0,53,-0.0,-0.0,0.0,0.0,0.0,0.0,0.0,0.0,0.0,0,0,0,0.0,0.0,0.0,0.0,0.0,0.0,0.0,0.0,0.0,0.0,0.0,0.0,0.0,0.0,0.0,0.0,0,-107875648.0,53,0.0,106,-107614832.0,2.7006707062415038e+23,ERR,ERR,ERR,ERR,ERR,ERR,ERR,ERR,ERR,ERR,ERR,ERR,ERR,ERR,ERR,ERR,ERR,ERR,ERR,ERR,ERR,ERR,ERR,ERR,ERR,ERR,ERR,ERR,ERR,ERR,ERR,ERR,ERR,ERR,ERR,ERR,ERR,ERR,ERR,ERR,ERR,ERR,ERR,ERR,ERR,ERR,ERR,ERR,ERR,ERR,ERR,ERR,ERR,ERR,ERR,ERR,ERR,ERR,ERR,ERR,ERR,ERR,ERR,ERR,ERR,ERR,ERR,50.0,60.0,100,0.0,0.0,0.0,0.0,0.0,0.0,0.0,0.0,0.0,0.0,0.0,0.0,0.0,0.0,0.0,0.0,61.6,77,11,65508,50,65476,0,300,0,0,8,20529,65476,0,0,26214,60.0,0.0,0.0,0.0,0.0,0.0
2026-05-17T16:51:40,ERR,ERR,ERR,ERR,ERR,ERR,ERR,ERR,ERR,ERR,ERR,ERR,ERR,ERR,ERR,ERR,ERR,ERR,ERR,ERR,ERR,ERR,ERR,ERR,ERR,ERR,ERR,ERR,ERR,ERR,ERR,ERR,ERR,ERR,ERR,ERR,ERR,ERR,ERR,ERR,ERR,ERR,ERR,ERR,ERR,ERR,ERR,ERR,ERR,ERR,ERR,ERR,ERR,ERR,ERR,ERR,ERR,ERR,ERR,ERR,ERR,ERR,ERR,ERR,ERR,ERR,ERR,ERR,ERR,ERR,ERR,ERR,ERR,ERR,ERR,ERR,ERR,ERR,ERR,ERR,ERR,ERR,ERR,ERR,ERR,ERR,ERR,ERR,ERR,ERR,ERR,ERR,ERR,ERR,ERR,ERR,ERR,ERR,ERR,ERR,ERR,ERR,ERR,ERR,ERR,ERR,ERR,ERR,ERR,ERR,ERR,ERR,ERR,ERR,ERR,ERR,ERR,ERR,ERR,ERR,ERR,ERR,ERR,ERR,ERR,0.0,0.0,-134474944.0,0.0,0.0,1.3936040501711995e+18,7.805,0.0,0,0,4,0,8422,0.0,45,0.0,0.0,0.0,0.0,0.0,0,0,0,0,0.0,0,0,0,0,0,0,0,0,0,0,0,0,0,0,0,0,0,0,0,0,0,0,0,0,0,0,0,0,0,0,0,0,0,38,14,7,45,65476,0,300,0,0,8,21553,0.0,-107605600.0,0.0,0.0,0.0,0.0,0.0,0.0,0.0,0.0,0.0,0.0,0.0,0.0,0.0,0.0,0.0,0.0,0.0,0.0,0.0,0.0,0.0,0.0,-2.004,2.004,0.0,0.0,0.0,0.0,5012.0,-0.0,0.0,0.0,0.0,0.0,-107615304.0,0.0,0.0,0.0,0.0,53,-0.0,-0.0,0.0,0.0,0.0,0.0,0.0,0.0,0.0,0,0,0,0.0,0.0,0.0,0.0,0.0,0.0,0.0,0.0,0.0,0.0,0.0,0.0,0.0,0.0,0.0,0.0,0,-107875648.0,53,0.0,106,-107614832.0,2.7006707062415038e+23,ERR,ERR,ERR,ERR,ERR,ERR,ERR,ERR,ERR,ERR,ERR,ERR,ERR,ERR,ERR,ERR,ERR,ERR,ERR,ERR,ERR,ERR,ERR,ERR,ERR,ERR,ERR,ERR,ERR,ERR,ERR,ERR,ERR,ERR,ERR,ERR,ERR,ERR,ERR,ERR,ERR,ERR,ERR,ERR,ERR,ERR,ERR,ERR,ERR,ERR,ERR,ERR,ERR,ERR,ERR,ERR,ERR,ERR,ERR,ERR,ERR,ERR,ERR,ERR,ERR,ERR,ERR,50.0,60.0,100,0.0,0.0,0.0,0.0,0.0,0.0,0.0,0.0,0.0,0.0,0.0,0.0,0.0,0.0,0.0,0.0,61.6,77,11,65508,50,65476,0,300,0,0,8,20529,65476,0,0,26214,60.0,0.0,0.0,0.0,0.0,0.0
2026-05-17T16:51:41,ERR,ERR,ERR,ERR,ERR,ERR,ERR,ERR,ERR,ERR,ERR,ERR,ERR,ERR,ERR,ERR,ERR,ERR,ERR,ERR,ERR,ERR,ERR,ERR,ERR,ERR,ERR,ERR,ERR,ERR,ERR,ERR,ERR,ERR,ERR,ERR,ERR,ERR,ERR,ERR,ERR,ERR,ERR,ERR,ERR,ERR,ERR,ERR,ERR,ERR,ERR,ERR,ERR,ERR,ERR,ERR,ERR,ERR,ERR,ERR,ERR,ERR,ERR,ERR,ERR,ERR,ERR,ERR,ERR,ERR,ERR,ERR,ERR,ERR,ERR,ERR,ERR,ERR,ERR,ERR,ERR,ERR,ERR,ERR,ERR,ERR,ERR,ERR,ERR,ERR,ERR,ERR,ERR,ERR,ERR,ERR,ERR,ERR,ERR,ERR,ERR,ERR,ERR,ERR,ERR,ERR,ERR,ERR,ERR,ERR,ERR,ERR,ERR,ERR,ERR,ERR,ERR,ERR,ERR,ERR,ERR,ERR,ERR,ERR,ERR,0.0,0.0,-134474944.0,0.0,0.0,1.3936040501711995e+18,7.805,0.0,0,0,4,0,8422,0.0,45,0.0,0.0,0.0,0.0,0.0,0,0,0,0,0.0,0,0,0,0,0,0,0,0,0,0,0,0,0,0,0,0,0,0,0,0,0,0,0,0,0,0,0,0,0,0,0,0,0,38,14,7,45,65476,0,300,0,0,8,21553,0.0,-107605600.0,0.0,0.0,0.0,0.0,0.0,0.0,0.0,0.0,0.0,0.0,0.0,0.0,0.0,0.0,0.0,0.0,0.0,0.0,0.0,0.0,0.0,0.0,-2.004,2.004,0.0,0.0,0.0,0.0,5012.0,-0.0,0.0,0.0,0.0,0.0,-107615304.0,0.0,0.0,0.0,0.0,53,-0.0,-0.0,0.0,0.0,0.0,0.0,0.0,0.0,0.0,0,0,0,0.0,0.0,0.0,0.0,0.0,0.0,0.0,0.0,0.0,0.0,0.0,0.0,0.0,0.0,0.0,0.0,0,-107875648.0,53,0.0,106,-107614832.0,2.7006707062415038e+23,ERR,ERR,ERR,ERR,ERR,ERR,ERR,ERR,ERR,ERR,ERR,ERR,ERR,ERR,ERR,ERR,ERR,ERR,ERR,ERR,ERR,ERR,ERR,ERR,ERR,ERR,ERR,ERR,ERR,ERR,ERR,ERR,ERR,ERR,ERR,ERR,ERR,ERR,ERR,ERR,ERR,ERR,ERR,ERR,ERR,ERR,ERR,ERR,ERR,ERR,ERR,ERR,ERR,ERR,ERR,ERR,ERR,ERR,ERR,ERR,ERR,ERR,ERR,ERR,ERR,ERR,ERR,50.0,60.0,100,0.0,0.0,0.0,0.0,0.0,0.0,0.0,0.0,0.0,0.0,0.0,0.0,0.0,0.0,0.0,0.0,61.6,77,11,65508,50,65476,0,300,0,0,8,20529,65476,0,0,26214,60.0,0.0,0.0,0.0,0.0,0.0
2026-05-17T16:51:42,ERR,ERR,ERR,ERR,ERR,ERR,ERR,ERR,ERR,ERR,ERR,ERR,ERR,ERR,ERR,ERR,ERR,ERR,ERR,ERR,ERR,ERR,ERR,ERR,ERR,ERR,ERR,ERR,ERR,ERR,ERR,ERR,ERR,ERR,ERR,ERR,ERR,ERR,ERR,ERR,ERR,ERR,ERR,ERR,ERR,ERR,ERR,ERR,ERR,ERR,ERR,ERR,ERR,ERR,ERR,ERR,ERR,ERR,ERR,ERR,ERR,ERR,ERR,ERR,ERR,ERR,ERR,ERR,ERR,ERR,ERR,ERR,ERR,ERR,ERR,ERR,ERR,ERR,ERR,ERR,ERR,ERR,ERR,ERR,ERR,ERR,ERR,ERR,ERR,ERR,ERR,ERR,ERR,ERR,ERR,ERR,ERR,ERR,ERR,ERR,ERR,ERR,ERR,ERR,ERR,ERR,ERR,ERR,ERR,ERR,ERR,ERR,ERR,ERR,ERR,ERR,ERR,ERR,ERR,ERR,ERR,ERR,ERR,ERR,ERR,0.0,0.0,-134474944.0,0.0,0.0,1.3936040501711995e+18,7.805,0.0,0,0,4,0,8422,0.0,45,0.0,0.0,0.0,0.0,0.0,0,0,0,0,0.0,0,0,0,0,0,0,0,0,0,0,0,0,0,0,0,0,0,0,0,0,0,0,0,0,0,0,0,0,0,0,0,0,0,38,14,7,45,65476,0,300,0,0,8,21553,0.0,-107605600.0,0.0,0.0,0.0,0.0,0.0,0.0,0.0,0.0,0.0,0.0,0.0,0.0,0.0,0.0,0.0,0.0,0.0,0.0,0.0,0.0,0.0,0.0,-2.004,2.004,0.0,0.0,0.0,0.0,5012.0,-0.0,0.0,0.0,0.0,0.0,-107615304.0,0.0,0.0,0.0,0.0,53,-0.0,-0.0,0.0,0.0,0.0,0.0,0.0,0.0,0.0,0,0,0,0.0,0.0,0.0,0.0,0.0,0.0,0.0,0.0,0.0,0.0,0.0,0.0,0.0,0.0,0.0,0.0,0,-107875648.0,53,0.0,106,-107614832.0,2.7006707062415038e+23,ERR,ERR,ERR,ERR,ERR,ERR,ERR,ERR,ERR,ERR,ERR,ERR,ERR,ERR,ERR,ERR,ERR,ERR,ERR,ERR,ERR,ERR,ERR,ERR,ERR,ERR,ERR,ERR,ERR,ERR,ERR,ERR,ERR,ERR,ERR,ERR,ERR,ERR,ERR,ERR,ERR,ERR,ERR,ERR,ERR,ERR,ERR,ERR,ERR,ERR,ERR,ERR,ERR,ERR,ERR,ERR,ERR,ERR,ERR,ERR,ERR,ERR,ERR,ERR,ERR,ERR,ERR,50.0,60.0,100,0.0,0.0,0.0,0.0,0.0,0.0,0.0,0.0,0.0,0.0,0.0,0.0,0.0,0.0,0.0,0.0,61.6,77,11,65508,50,65476,0,300,0,0,8,20529,65476,0,0,26214,60.0,0.0,0.0,0.0,0.0,0.0
2026-05-17T16:51:43,ERR,ERR,ERR,ERR,ERR,ERR,ERR,ERR,ERR,ERR,ERR,ERR,ERR,ERR,ERR,ERR,ERR,ERR,ERR,ERR,ERR,ERR,ERR,ERR,ERR,ERR,ERR,ERR,ERR,ERR,ERR,ERR,ERR,ERR,ERR,ERR,ERR,ERR,ERR,ERR,ERR,ERR,ERR,ERR,ERR,ERR,ERR,ERR,ERR,ERR,ERR,ERR,ERR,ERR,ERR,ERR,ERR,ERR,ERR,ERR,ERR,ERR,ERR,ERR,ERR,ERR,ERR,ERR,ERR,ERR,ERR,ERR,ERR,ERR,ERR,ERR,ERR,ERR,ERR,ERR,ERR,ERR,ERR,ERR,ERR,ERR,ERR,ERR,ERR,ERR,ERR,ERR,ERR,ERR,ERR,ERR,ERR,ERR,ERR,ERR,ERR,ERR,ERR,ERR,ERR,ERR,ERR,ERR,ERR,ERR,ERR,ERR,ERR,ERR,ERR,ERR,ERR,ERR,ERR,ERR,ERR,ERR,ERR,ERR,ERR,0.0,0.0,-134474944.0,0.0,0.0,1.3936040501711995e+18,7.805,0.0,0,0,4,0,8422,0.0,45,0.0,0.0,0.0,0.0,0.0,0,0,0,0,0.0,0,0,0,0,0,0,0,0,0,0,0,0,0,0,0,0,0,0,0,0,0,0,0,0,0,0,0,0,0,0,0,0,0,38,14,7,45,65476,0,300,0,0,8,21553,0.0,-107605600.0,0.0,0.0,0.0,0.0,0.0,0.0,0.0,0.0,0.0,0.0,0.0,0.0,0.0,0.0,0.0,0.0,0.0,0.0,0.0,0.0,0.0,0.0,-2.004,2.004,0.0,0.0,0.0,0.0,5012.0,-0.0,0.0,0.0,0.0,0.0,-107615304.0,0.0,0.0,0.0,0.0,53,-0.0,-0.0,0.0,0.0,0.0,0.0,0.0,0.0,0.0,0,0,0,0.0,0.0,0.0,0.0,0.0,0.0,0.0,0.0,0.0,0.0,0.0,0.0,0.0,0.0,0.0,0.0,0,-107875648.0,53,0.0,106,-107614832.0,2.7006707062415038e+23,ERR,ERR,ERR,ERR,ERR,ERR,ERR,ERR,ERR,ERR,ERR,ERR,ERR,ERR,ERR,ERR,ERR,ERR,ERR,ERR,ERR,ERR,ERR,ERR,ERR,ERR,ERR,ERR,ERR,ERR,ERR,ERR,ERR,ERR,ERR,ERR,ERR,ERR,ERR,ERR,ERR,ERR,ERR,ERR,ERR,ERR,ERR,ERR,ERR,ERR,ERR,ERR,ERR,ERR,ERR,ERR,ERR,ERR,ERR,ERR,ERR,ERR,ERR,ERR,ERR,ERR,ERR,50.0,60.0,100,0.0,0.0,0.0,0.0,0.0,0.0,0.0,0.0,0.0,0.0,0.0,0.0,0.0,0.0,0.0,0.0,61.6,77,11,65508,50,65476,0,300,0,0,8,20529,65476,0,0,26214,60.0,0.0,0.0,0.0,0.0,0.0
2026-05-17T16:51:44,ERR,ERR,ERR,ERR,ERR,ERR,ERR,ERR,ERR,ERR,ERR,ERR,ERR,ERR,ERR,ERR,ERR,ERR,ERR,ERR,ERR,ERR,ERR,ERR,ERR,ERR,ERR,ERR,ERR,ERR,ERR,ERR,ERR,ERR,ERR,ERR,ERR,ERR,ERR,ERR,ERR,ERR,ERR,ERR,ERR,ERR,ERR,ERR,ERR,ERR,ERR,ERR,ERR,ERR,ERR,ERR,ERR,ERR,ERR,ERR,ERR,ERR,ERR,ERR,ERR,ERR,ERR,ERR,ERR,ERR,ERR,ERR,ERR,ERR,ERR,ERR,ERR,ERR,ERR,ERR,ERR,ERR,ERR,ERR,ERR,ERR,ERR,ERR,ERR,ERR,ERR,ERR,ERR,ERR,ERR,ERR,ERR,ERR,ERR,ERR,ERR,ERR,ERR,ERR,ERR,ERR,ERR,ERR,ERR,ERR,ERR,ERR,ERR,ERR,ERR,ERR,ERR,ERR,ERR,ERR,ERR,ERR,ERR,ERR,ERR,0.0,0.0,-134474944.0,0.0,0.0,1.3936040501711995e+18,7.805,0.0,0,0,4,0,8422,0.0,45,0.0,0.0,0.0,0.0,0.0,0,0,0,0,0.0,0,0,0,0,0,0,0,0,0,0,0,0,0,0,0,0,0,0,0,0,0,0,0,0,0,0,0,0,0,0,0,0,0,38,14,7,45,65476,0,300,0,0,8,21553,0.0,-107605600.0,0.0,0.0,0.0,0.0,0.0,0.0,0.0,0.0,0.0,0.0,0.0,0.0,0.0,0.0,0.0,0.0,0.0,0.0,0.0,0.0,0.0,0.0,-2.004,2.004,0.0,0.0,0.0,0.0,5047.0,0.0,0.0,0.0,0.0,0.0,-107615304.0,0.0,0.0,0.0,0.0,53,5.848083413016271e+35,0.0,0.0,0.0,0.0,0.0,0.0,0.0,0.0,0,0,0,0.0,0.0,0.0,0.0,0.0,0.0,0.0,0.0,0.0,0.0,0.0,0.0,0.0,0.0,0.0,0.0,0,-107875648.0,53,0.0,106,-107614832.0,2.7006707062415038e+23,ERR,ERR,ERR,ERR,ERR,ERR,ERR,ERR,ERR,ERR,ERR,ERR,ERR,ERR,ERR,ERR,ERR,ERR,ERR,ERR,ERR,ERR,ERR,ERR,ERR,ERR,ERR,ERR,ERR,ERR,ERR,ERR,ERR,ERR,ERR,ERR,ERR,ERR,ERR,ERR,ERR,ERR,ERR,ERR,ERR,ERR,ERR,ERR,ERR,ERR,ERR,ERR,ERR,ERR,ERR,ERR,ERR,ERR,ERR,ERR,ERR,ERR,ERR,ERR,ERR,ERR,ERR,50.0,60.0,100,0.0,0.0,0.0,0.0,0.0,0.0,0.0,0.0,0.0,0.0,0.0,0.0,0.0,0.0,0.0,0.0,61.6,77,11,65508,50,65476,0,300,0,0,8,20529,65476,0,0,26214,60.0,0.0,0.0,0.0,0.0,0.0
2026-05-17T16:51:45,ERR,ERR,ERR,ERR,ERR,ERR,ERR,ERR,ERR,ERR,ERR,ERR,ERR,ERR,ERR,ERR,ERR,ERR,ERR,ERR,ERR,ERR,ERR,ERR,ERR,ERR,ERR,ERR,ERR,ERR,ERR,ERR,ERR,ERR,ERR,ERR,ERR,ERR,ERR,ERR,ERR,ERR,ERR,ERR,ERR,ERR,ERR,ERR,ERR,ERR,ERR,ERR,ERR,ERR,ERR,ERR,ERR,ERR,ERR,ERR,ERR,ERR,ERR,ERR,ERR,ERR,ERR,ERR,ERR,ERR,ERR,ERR,ERR,ERR,ERR,ERR,ERR,ERR,ERR,ERR,ERR,ERR,ERR,ERR,ERR,ERR,ERR,ERR,ERR,ERR,ERR,ERR,ERR,ERR,ERR,ERR,ERR,ERR,ERR,ERR,ERR,ERR,ERR,ERR,ERR,ERR,ERR,ERR,ERR,ERR,ERR,ERR,ERR,ERR,ERR,ERR,ERR,ERR,ERR,ERR,ERR,ERR,ERR,ERR,ERR,0.0,0.0,-134474944.0,0.0,0.0,1.3936040501711995e+18,7.805,0.0,0,0,4,0,8422,0.0,45,0.0,0.0,0.0,0.0,0.0,0,0,0,0,0.0,0,0,0,0,0,0,0,0,0,0,0,0,0,0,0,0,0,0,0,0,0,0,0,0,0,0,0,0,0,0,0,0,0,38,14,7,45,65476,0,300,0,0,8,21553,0.0,-107605600.0,0.0,0.0,0.0,0.0,0.0,0.0,0.0,0.0,0.0,0.0,0.0,0.0,0.0,0.0,0.0,0.0,0.0,0.0,0.0,0.0,0.0,0.0,-2.004,2.004,0.0,0.0,0.0,0.0,5047.0,0.0,0.0,0.0,0.0,0.0,-107615304.0,0.0,0.0,0.0,0.0,53,5.848083413016271e+35,0.0,0.0,0.0,0.0,0.0,0.0,0.0,0.0,0,0,0,0.0,0.0,0.0,0.0,0.0,0.0,0.0,0.0,0.0,0.0,0.0,0.0,0.0,0.0,0.0,0.0,0,-107875648.0,53,0.0,106,-107614832.0,2.7006707062415038e+23,ERR,ERR,ERR,ERR,ERR,ERR,ERR,ERR,ERR,ERR,ERR,ERR,ERR,ERR,ERR,ERR,ERR,ERR,ERR,ERR,ERR,ERR,ERR,ERR,ERR,ERR,ERR,ERR,ERR,ERR,ERR,ERR,ERR,ERR,ERR,ERR,ERR,ERR,ERR,ERR,ERR,ERR,ERR,ERR,ERR,ERR,ERR,ERR,ERR,ERR,ERR,ERR,ERR,ERR,ERR,ERR,ERR,ERR,ERR,ERR,ERR,ERR,ERR,ERR,ERR,ERR,ERR,50.0,60.0,100,0.0,0.0,0.0,0.0,0.0,0.0,0.0,0.0,0.0,0.0,0.0,0.0,0.0,0.0,0.0,0.0,61.6,77,11,65508,50,65476,0,300,0,0,8,20529,65476,0,0,26214,60.0,0.0,0.0,0.0,0.0,0.0
2026-05-17T16:51:46,ERR,ERR,ERR,ERR,ERR,ERR,ERR,ERR,ERR,ERR,ERR,ERR,ERR,ERR,ERR,ERR,ERR,ERR,ERR,ERR,ERR,ERR,ERR,ERR,ERR,ERR,ERR,ERR,ERR,ERR,ERR,ERR,ERR,ERR,ERR,ERR,ERR,ERR,ERR,ERR,ERR,ERR,ERR,ERR,ERR,ERR,ERR,ERR,ERR,ERR,ERR,ERR,ERR,ERR,ERR,ERR,ERR,ERR,ERR,ERR,ERR,ERR,ERR,ERR,ERR,ERR,ERR,ERR,ERR,ERR,ERR,ERR,ERR,ERR,ERR,ERR,ERR,ERR,ERR,ERR,ERR,ERR,ERR,ERR,ERR,ERR,ERR,ERR,ERR,ERR,ERR,ERR,ERR,ERR,ERR,ERR,ERR,ERR,ERR,ERR,ERR,ERR,ERR,ERR,ERR,ERR,ERR,ERR,ERR,ERR,ERR,ERR,ERR,ERR,ERR,ERR,ERR,ERR,ERR,ERR,ERR,ERR,ERR,ERR,ERR,0.0,0.0,-134474944.0,0.0,0.0,1.3936040501711995e+18,7.805,0.0,0,0,4,0,8422,0.0,45,0.0,0.0,0.0,0.0,0.0,0,0,0,0,0.0,0,0,0,0,0,0,0,0,0,0,0,0,0,0,0,0,0,0,0,0,0,0,0,0,0,0,0,0,0,0,0,0,0,38,14,7,45,65476,0,300,0,0,8,21553,0.0,-107605600.0,0.0,0.0,0.0,0.0,0.0,0.0,0.0,0.0,0.0,0.0,0.0,0.0,0.0,0.0,0.0,0.0,0.0,0.0,0.0,0.0,0.0,0.0,-2.004,2.004,0.0,0.0,0.0,0.0,5047.0,0.0,0.0,0.0,0.0,0.0,-107615304.0,0.0,0.0,0.0,0.0,53,5.848083413016271e+35,0.0,0.0,0.0,0.0,0.0,0.0,0.0,0.0,0,0,0,0.0,0.0,0.0,0.0,0.0,0.0,0.0,0.0,0.0,0.0,0.0,0.0,0.0,0.0,0.0,0.0,0,-107875648.0,53,0.0,106,-107614832.0,2.7006707062415038e+23,ERR,ERR,ERR,ERR,ERR,ERR,ERR,ERR,ERR,ERR,ERR,ERR,ERR,ERR,ERR,ERR,ERR,ERR,ERR,ERR,ERR,ERR,ERR,ERR,ERR,ERR,ERR,ERR,ERR,ERR,ERR,ERR,ERR,ERR,ERR,ERR,ERR,ERR,ERR,ERR,ERR,ERR,ERR,ERR,ERR,ERR,ERR,ERR,ERR,ERR,ERR,ERR,ERR,ERR,ERR,ERR,ERR,ERR,ERR,ERR,ERR,ERR,ERR,ERR,ERR,ERR,ERR,50.0,60.0,100,0.0,0.0,0.0,0.0,0.0,0.0,0.0,0.0,0.0,0.0,0.0,0.0,0.0,0.0,0.0,0.0,61.6,77,11,65508,50,65476,0,300,0,0,8,20529,65476,0,0,26214,60.0,0.0,0.0,0.0,0.0,0.0
2026-05-17T16:51:47,ERR,ERR,ERR,ERR,ERR,ERR,ERR,ERR,ERR,ERR,ERR,ERR,ERR,ERR,ERR,ERR,ERR,ERR,ERR,ERR,ERR,ERR,ERR,ERR,ERR,ERR,ERR,ERR,ERR,ERR,ERR,ERR,ERR,ERR,ERR,ERR,ERR,ERR,ERR,ERR,ERR,ERR,ERR,ERR,ERR,ERR,ERR,ERR,ERR,ERR,ERR,ERR,ERR,ERR,ERR,ERR,ERR,ERR,ERR,ERR,ERR,ERR,ERR,ERR,ERR,ERR,ERR,ERR,ERR,ERR,ERR,ERR,ERR,ERR,ERR,ERR,ERR,ERR,ERR,ERR,ERR,ERR,ERR,ERR,ERR,ERR,ERR,ERR,ERR,ERR,ERR,ERR,ERR,ERR,ERR,ERR,ERR,ERR,ERR,ERR,ERR,ERR,ERR,ERR,ERR,ERR,ERR,ERR,ERR,ERR,ERR,ERR,ERR,ERR,ERR,ERR,ERR,ERR,ERR,ERR,ERR,ERR,ERR,ERR,ERR,0.0,0.0,-134474944.0,0.0,0.0,1.3936040501711995e+18,7.805,0.0,0,0,4,0,8422,0.0,45,0.0,0.0,0.0,0.0,0.0,0,0,0,0,0.0,0,0,0,0,0,0,0,0,0,0,0,0,0,0,0,0,0,0,0,0,0,0,0,0,0,0,0,0,0,0,0,0,0,38,14,7,45,65476,0,300,0,0,8,21553,0.0,-107605600.0,0.0,0.0,0.0,0.0,0.0,0.0,0.0,0.0,0.0,0.0,0.0,0.0,0.0,0.0,0.0,0.0,0.0,0.0,0.0,0.0,0.0,0.0,-2.004,2.004,0.0,0.0,0.0,0.0,5047.0,0.0,0.0,0.0,0.0,0.0,-107615304.0,0.0,0.0,0.0,0.0,53,5.848083413016271e+35,0.0,0.0,0.0,0.0,0.0,0.0,0.0,0.0,0,0,0,0.0,0.0,0.0,0.0,0.0,0.0,0.0,0.0,0.0,0.0,0.0,0.0,0.0,0.0,0.0,0.0,0,-107875648.0,53,0.0,106,-107614832.0,2.7006707062415038e+23,ERR,ERR,ERR,ERR,ERR,ERR,ERR,ERR,ERR,ERR,ERR,ERR,ERR,ERR,ERR,ERR,ERR,ERR,ERR,ERR,ERR,ERR,ERR,ERR,ERR,ERR,ERR,ERR,ERR,ERR,ERR,ERR,ERR,ERR,ERR,ERR,ERR,ERR,ERR,ERR,ERR,ERR,ERR,ERR,ERR,ERR,ERR,ERR,ERR,ERR,ERR,ERR,ERR,ERR,ERR,ERR,ERR,ERR,ERR,ERR,ERR,ERR,ERR,ERR,ERR,ERR,ERR,50.0,60.0,100,0.0,0.0,0.0,0.0,0.0,0.0,0.0,0.0,0.0,0.0,0.0,0.0,0.0,0.0,0.0,0.0,61.6,77,11,65508,50,65476,0,300,0,0,8,20529,65476,0,0,26214,60.0,0.0,0.0,0.0,0.0,0.0
2026-05-17T16:51:48,ERR,ERR,ERR,ERR,ERR,ERR,ERR,ERR,ERR,ERR,ERR,ERR,ERR,ERR,ERR,ERR,ERR,ERR,ERR,ERR,ERR,ERR,ERR,ERR,ERR,ERR,ERR,ERR,ERR,ERR,ERR,ERR,ERR,ERR,ERR,ERR,ERR,ERR,ERR,ERR,ERR,ERR,ERR,ERR,ERR,ERR,ERR,ERR,ERR,ERR,ERR,ERR,ERR,ERR,ERR,ERR,ERR,ERR,ERR,ERR,ERR,ERR,ERR,ERR,ERR,ERR,ERR,ERR,ERR,ERR,ERR,ERR,ERR,ERR,ERR,ERR,ERR,ERR,ERR,ERR,ERR,ERR,ERR,ERR,ERR,ERR,ERR,ERR,ERR,ERR,ERR,ERR,ERR,ERR,ERR,ERR,ERR,ERR,ERR,ERR,ERR,ERR,ERR,ERR,ERR,ERR,ERR,ERR,ERR,ERR,ERR,ERR,ERR,ERR,ERR,ERR,ERR,ERR,ERR,ERR,ERR,ERR,ERR,ERR,ERR,0.0,0.0,-134474944.0,0.0,0.0,1.3936040501711995e+18,7.805,0.0,0,0,4,0,8422,0.0,45,0.0,0.0,0.0,0.0,0.0,0,0,0,0,0.0,0,0,0,0,0,0,0,0,0,0,0,0,0,0,0,0,0,0,0,0,0,0,0,0,0,0,0,0,0,0,0,0,0,38,14,7,45,65476,0,300,0,0,8,21553,0.0,-107605600.0,0.0,0.0,0.0,0.0,0.0,0.0,0.0,0.0,0.0,0.0,0.0,0.0,0.0,0.0,0.0,0.0,0.0,0.0,0.0,0.0,0.0,0.0,-2.004,2.004,0.0,0.0,0.0,0.0,5047.0,0.0,0.0,0.0,0.0,0.0,-107615304.0,0.0,0.0,0.0,0.0,53,5.848083413016271e+35,0.0,0.0,0.0,0.0,0.0,0.0,0.0,0.0,0,0,0,0.0,0.0,0.0,0.0,0.0,0.0,0.0,0.0,0.0,0.0,0.0,0.0,0.0,0.0,0.0,0.0,0,-107875648.0,53,0.0,106,-107614832.0,2.7006707062415038e+23,ERR,ERR,ERR,ERR,ERR,ERR,ERR,ERR,ERR,ERR,ERR,ERR,ERR,ERR,ERR,ERR,ERR,ERR,ERR,ERR,ERR,ERR,ERR,ERR,ERR,ERR,ERR,ERR,ERR,ERR,ERR,ERR,ERR,ERR,ERR,ERR,ERR,ERR,ERR,ERR,ERR,ERR,ERR,ERR,ERR,ERR,ERR,ERR,ERR,ERR,ERR,ERR,ERR,ERR,ERR,ERR,ERR,ERR,ERR,ERR,ERR,ERR,ERR,ERR,ERR,ERR,ERR,50.0,60.0,100,0.0,0.0,0.0,0.0,0.0,0.0,0.0,0.0,0.0,0.0,0.0,0.0,0.0,0.0,0.0,0.0,61.6,77,11,65508,50,65476,0,300,0,0,8,20529,65476,0,0,26214,60.0,0.0,0.0,0.0,0.0,0.0
2026-05-17T16:51:49,ERR,ERR,ERR,ERR,ERR,ERR,ERR,ERR,ERR,ERR,ERR,ERR,ERR,ERR,ERR,ERR,ERR,ERR,ERR,ERR,ERR,ERR,ERR,ERR,ERR,ERR,ERR,ERR,ERR,ERR,ERR,ERR,ERR,ERR,ERR,ERR,ERR,ERR,ERR,ERR,ERR,ERR,ERR,ERR,ERR,ERR,ERR,ERR,ERR,ERR,ERR,ERR,ERR,ERR,ERR,ERR,ERR,ERR,ERR,ERR,ERR,ERR,ERR,ERR,ERR,ERR,ERR,ERR,ERR,ERR,ERR,ERR,ERR,ERR,ERR,ERR,ERR,ERR,ERR,ERR,ERR,ERR,ERR,ERR,ERR,ERR,ERR,ERR,ERR,ERR,ERR,ERR,ERR,ERR,ERR,ERR,ERR,ERR,ERR,ERR,ERR,ERR,ERR,ERR,ERR,ERR,ERR,ERR,ERR,ERR,ERR,ERR,ERR,ERR,ERR,ERR,ERR,ERR,ERR,ERR,ERR,ERR,ERR,ERR,ERR,0.0,0.0,-134474944.0,0.0,0.0,1.3936040501711995e+18,7.805,0.0,0,0,4,0,8422,0.0,45,0.0,0.0,0.0,0.0,0.0,0,0,0,0,0.0,0,0,0,0,0,0,0,0,0,0,0,0,0,0,0,0,0,0,0,0,0,0,0,0,0,0,0,0,0,0,0,0,0,38,14,7,45,65476,0,300,0,0,8,21553,0.0,-107605600.0,0.0,0.0,0.0,0.0,0.0,0.0,0.0,0.0,0.0,0.0,0.0,0.0,0.0,0.0,0.0,0.0,0.0,0.0,0.0,0.0,0.0,0.0,-2.004,2.004,0.0,0.0,0.0,0.0,5007.0,-8608182272.0,0.0,0.0,0.0,0.0,-107615304.0,0.0,0.0,0.0,0.0,53,2.3088403658719416e+20,4.066853658014554e+29,0.0,0.0,0.0,0.0,0.0,0.0,0.0,0,0,0,0.0,0.0,0.0,0.0,0.0,0.0,0.0,0.0,0.0,0.0,0.0,0.0,0.0,0.0,0.0,0.0,0,-107875648.0,53,0.0,106,-107614832.0,2.7006707062415038e+23,ERR,ERR,ERR,ERR,ERR,ERR,ERR,ERR,ERR,ERR,ERR,ERR,ERR,ERR,ERR,ERR,ERR,ERR,ERR,ERR,ERR,ERR,ERR,ERR,ERR,ERR,ERR,ERR,ERR,ERR,ERR,ERR,ERR,ERR,ERR,ERR,ERR,ERR,ERR,ERR,ERR,ERR,ERR,ERR,ERR,ERR,ERR,ERR,ERR,ERR,ERR,ERR,ERR,ERR,ERR,ERR,ERR,ERR,ERR,ERR,ERR,ERR,ERR,ERR,ERR,ERR,ERR,50.0,60.0,100,0.0,0.0,0.0,0.0,0.0,0.0,0.0,0.0,0.0,0.0,0.0,0.0,0.0,0.0,0.0,0.0,61.6,77,11,65508,50,65476,0,300,0,0,8,20529,65476,0,0,26214,60.0,0.0,0.0,0.0,0.0,0.0
2026-05-17T16:51:50,ERR,ERR,ERR,ERR,ERR,ERR,ERR,ERR,ERR,ERR,ERR,ERR,ERR,ERR,ERR,ERR,ERR,ERR,ERR,ERR,ERR,ERR,ERR,ERR,ERR,ERR,ERR,ERR,ERR,ERR,ERR,ERR,ERR,ERR,ERR,ERR,ERR,ERR,ERR,ERR,ERR,ERR,ERR,ERR,ERR,ERR,ERR,ERR,ERR,ERR,ERR,ERR,ERR,ERR,ERR,ERR,ERR,ERR,ERR,ERR,ERR,ERR,ERR,ERR,ERR,ERR,ERR,ERR,ERR,ERR,ERR,ERR,ERR,ERR,ERR,ERR,ERR,ERR,ERR,ERR,ERR,ERR,ERR,ERR,ERR,ERR,ERR,ERR,ERR,ERR,ERR,ERR,ERR,ERR,ERR,ERR,ERR,ERR,ERR,ERR,ERR,ERR,ERR,ERR,ERR,ERR,ERR,ERR,ERR,ERR,ERR,ERR,ERR,ERR,ERR,ERR,ERR,ERR,ERR,ERR,ERR,ERR,ERR,ERR,ERR,0.0,0.0,-134474944.0,0.0,0.0,1.3936040501711995e+18,7.805,0.0,0,0,4,0,8422,0.0,45,0.0,0.0,0.0,0.0,0.0,0,0,0,0,0.0,0,0,0,0,0,0,0,0,0,0,0,0,0,0,0,0,0,0,0,0,0,0,0,0,0,0,0,0,0,0,0,0,0,38,14,7,45,65476,0,300,0,0,8,21553,0.0,-107605600.0,0.0,0.0,0.0,0.0,0.0,0.0,0.0,0.0,0.0,0.0,0.0,0.0,0.0,0.0,0.0,0.0,0.0,0.0,0.0,0.0,0.0,0.0,-2.004,2.004,0.0,0.0,0.0,0.0,5007.0,-8608182272.0,0.0,0.0,0.0,0.0,-107615304.0,0.0,0.0,0.0,0.0,53,2.3088403658719416e+20,4.066853658014554e+29,0.0,0.0,0.0,0.0,0.0,0.0,0.0,0,0,0,0.0,0.0,0.0,0.0,0.0,0.0,0.0,0.0,0.0,0.0,0.0,0.0,0.0,0.0,0.0,0.0,0,-107875648.0,53,0.0,106,-107614832.0,2.7006707062415038e+23,ERR,ERR,ERR,ERR,ERR,ERR,ERR,ERR,ERR,ERR,ERR,ERR,ERR,ERR,ERR,ERR,ERR,ERR,ERR,ERR,ERR,ERR,ERR,ERR,ERR,ERR,ERR,ERR,ERR,ERR,ERR,ERR,ERR,ERR,ERR,ERR,ERR,ERR,ERR,ERR,ERR,ERR,ERR,ERR,ERR,ERR,ERR,ERR,ERR,ERR,ERR,ERR,ERR,ERR,ERR,ERR,ERR,ERR,ERR,ERR,ERR,ERR,ERR,ERR,ERR,ERR,ERR,50.0,60.0,100,0.0,0.0,0.0,0.0,0.0,0.0,0.0,0.0,0.0,0.0,0.0,0.0,0.0,0.0,0.0,0.0,61.6,77,11,65508,50,65476,0,300,0,0,8,20529,65476,0,0,26214,60.0,0.0,0.0,0.0,0.0,0.0
2026-05-17T16:51:51,ERR,ERR,ERR,ERR,ERR,ERR,ERR,ERR,ERR,ERR,ERR,ERR,ERR,ERR,ERR,ERR,ERR,ERR,ERR,ERR,ERR,ERR,ERR,ERR,ERR,ERR,ERR,ERR,ERR,ERR,ERR,ERR,ERR,ERR,ERR,ERR,ERR,ERR,ERR,ERR,ERR,ERR,ERR,ERR,ERR,ERR,ERR,ERR,ERR,ERR,ERR,ERR,ERR,ERR,ERR,ERR,ERR,ERR,ERR,ERR,ERR,ERR,ERR,ERR,ERR,ERR,ERR,ERR,ERR,ERR,ERR,ERR,ERR,ERR,ERR,ERR,ERR,ERR,ERR,ERR,ERR,ERR,ERR,ERR,ERR,ERR,ERR,ERR,ERR,ERR,ERR,ERR,ERR,ERR,ERR,ERR,ERR,ERR,ERR,ERR,ERR,ERR,ERR,ERR,ERR,ERR,ERR,ERR,ERR,ERR,ERR,ERR,ERR,ERR,ERR,ERR,ERR,ERR,ERR,ERR,ERR,ERR,ERR,ERR,ERR,0.0,0.0,-134474944.0,0.0,0.0,1.3936040501711995e+18,7.805,0.0,0,0,4,0,8422,0.0,45,0.0,0.0,0.0,0.0,0.0,0,0,0,0,0.0,0,0,0,0,0,0,0,0,0,0,0,0,0,0,0,0,0,0,0,0,0,0,0,0,0,0,0,0,0,0,0,0,0,38,14,7,45,65476,0,300,0,0,8,21553,0.0,-107605600.0,0.0,0.0,0.0,0.0,0.0,0.0,0.0,0.0,0.0,0.0,0.0,0.0,0.0,0.0,0.0,0.0,0.0,0.0,0.0,0.0,0.0,0.0,-2.004,2.004,0.0,0.0,0.0,0.0,5007.0,-8608182272.0,0.0,0.0,0.0,0.0,-107615304.0,0.0,0.0,0.0,0.0,53,2.3088403658719416e+20,4.066853658014554e+29,0.0,0.0,0.0,0.0,0.0,0.0,0.0,0,0,0,0.0,0.0,0.0,0.0,0.0,0.0,0.0,0.0,0.0,0.0,0.0,0.0,0.0,0.0,0.0,0.0,0,-107875648.0,53,0.0,106,-107614832.0,2.7006707062415038e+23,ERR,ERR,ERR,ERR,ERR,ERR,ERR,ERR,ERR,ERR,ERR,ERR,ERR,ERR,ERR,ERR,ERR,ERR,ERR,ERR,ERR,ERR,ERR,ERR,ERR,ERR,ERR,ERR,ERR,ERR,ERR,ERR,ERR,ERR,ERR,ERR,ERR,ERR,ERR,ERR,ERR,ERR,ERR,ERR,ERR,ERR,ERR,ERR,ERR,ERR,ERR,ERR,ERR,ERR,ERR,ERR,ERR,ERR,ERR,ERR,ERR,ERR,ERR,ERR,ERR,ERR,ERR,50.0,60.0,100,0.0,0.0,0.0,0.0,0.0,0.0,0.0,0.0,0.0,0.0,0.0,0.0,0.0,0.0,0.0,0.0,61.6,77,11,65508,50,65476,0,300,0,0,8,20529,65476,0,0,26214,60.0,0.0,0.0,0.0,0.0,0.0
2026-05-17T16:51:52,ERR,ERR,ERR,ERR,ERR,ERR,ERR,ERR,ERR,ERR,ERR,ERR,ERR,ERR,ERR,ERR,ERR,ERR,ERR,ERR,ERR,ERR,ERR,ERR,ERR,ERR,ERR,ERR,ERR,ERR,ERR,ERR,ERR,ERR,ERR,ERR,ERR,ERR,ERR,ERR,ERR,ERR,ERR,ERR,ERR,ERR,ERR,ERR,ERR,ERR,ERR,ERR,ERR,ERR,ERR,ERR,ERR,ERR,ERR,ERR,ERR,ERR,ERR,ERR,ERR,ERR,ERR,ERR,ERR,ERR,ERR,ERR,ERR,ERR,ERR,ERR,ERR,ERR,ERR,ERR,ERR,ERR,ERR,ERR,ERR,ERR,ERR,ERR,ERR,ERR,ERR,ERR,ERR,ERR,ERR,ERR,ERR,ERR,ERR,ERR,ERR,ERR,ERR,ERR,ERR,ERR,ERR,ERR,ERR,ERR,ERR,ERR,ERR,ERR,ERR,ERR,ERR,ERR,ERR,ERR,ERR,ERR,ERR,ERR,ERR,0.0,0.0,-134474944.0,0.0,0.0,1.3936040501711995e+18,7.805,0.0,0,0,4,0,8422,0.0,45,0.0,0.0,0.0,0.0,0.0,0,0,0,0,0.0,0,0,0,0,0,0,0,0,0,0,0,0,0,0,0,0,0,0,0,0,0,0,0,0,0,0,0,0,0,0,0,0,0,38,14,7,45,65476,0,300,0,0,8,21553,0.0,-107605600.0,0.0,0.0,0.0,0.0,0.0,0.0,0.0,0.0,0.0,0.0,0.0,0.0,0.0,0.0,0.0,0.0,0.0,0.0,0.0,0.0,0.0,0.0,-2.004,2.004,0.0,0.0,0.0,0.0,5007.0,-8608182272.0,0.0,0.0,0.0,0.0,-107615304.0,0.0,0.0,0.0,0.0,53,2.3088403658719416e+20,4.066853658014554e+29,0.0,0.0,0.0,0.0,0.0,0.0,0.0,0,0,0,0.0,0.0,0.0,0.0,0.0,0.0,0.0,0.0,0.0,0.0,0.0,0.0,0.0,0.0,0.0,0.0,0,-107875648.0,53,0.0,106,-107614832.0,2.7006707062415038e+23,ERR,ERR,ERR,ERR,ERR,ERR,ERR,ERR,ERR,ERR,ERR,ERR,ERR,ERR,ERR,ERR,ERR,ERR,ERR,ERR,ERR,ERR,ERR,ERR,ERR,ERR,ERR,ERR,ERR,ERR,ERR,ERR,ERR,ERR,ERR,ERR,ERR,ERR,ERR,ERR,ERR,ERR,ERR,ERR,ERR,ERR,ERR,ERR,ERR,ERR,ERR,ERR,ERR,ERR,ERR,ERR,ERR,ERR,ERR,ERR,ERR,ERR,ERR,ERR,ERR,ERR,ERR,50.0,60.0,100,0.0,0.0,0.0,0.0,0.0,0.0,0.0,0.0,0.0,0.0,0.0,0.0,0.0,0.0,0.0,0.0,61.6,77,11,65508,50,65476,0,300,0,0,8,20529,65476,0,0,26214,60.0,0.0,0.0,0.0,0.0,0.0
2026-05-17T16:51:53,ERR,ERR,ERR,ERR,ERR,ERR,ERR,ERR,ERR,ERR,ERR,ERR,ERR,ERR,ERR,ERR,ERR,ERR,ERR,ERR,ERR,ERR,ERR,ERR,ERR,ERR,ERR,ERR,ERR,ERR,ERR,ERR,ERR,ERR,ERR,ERR,ERR,ERR,ERR,ERR,ERR,ERR,ERR,ERR,ERR,ERR,ERR,ERR,ERR,ERR,ERR,ERR,ERR,ERR,ERR,ERR,ERR,ERR,ERR,ERR,ERR,ERR,ERR,ERR,ERR,ERR,ERR,ERR,ERR,ERR,ERR,ERR,ERR,ERR,ERR,ERR,ERR,ERR,ERR,ERR,ERR,ERR,ERR,ERR,ERR,ERR,ERR,ERR,ERR,ERR,ERR,ERR,ERR,ERR,ERR,ERR,ERR,ERR,ERR,ERR,ERR,ERR,ERR,ERR,ERR,ERR,ERR,ERR,ERR,ERR,ERR,ERR,ERR,ERR,ERR,ERR,ERR,ERR,ERR,ERR,ERR,ERR,ERR,ERR,ERR,0.0,0.0,-134474944.0,0.0,0.0,1.3936040501711995e+18,7.805,0.0,0,0,4,0,8422,0.0,45,0.0,0.0,0.0,0.0,0.0,0,0,0,0,0.0,0,0,0,0,0,0,0,0,0,0,0,0,0,0,0,0,0,0,0,0,0,0,0,0,0,0,0,0,0,0,0,0,0,38,14,7,45,65476,0,300,0,0,8,21553,0.0,-107605600.0,0.0,0.0,0.0,0.0,0.0,0.0,0.0,0.0,0.0,0.0,0.0,0.0,0.0,0.0,0.0,0.0,0.0,0.0,0.0,0.0,0.0,0.0,-2.004,2.004,0.0,0.0,0.0,0.0,5007.0,-8608182272.0,0.0,0.0,0.0,0.0,-107615304.0,0.0,0.0,0.0,0.0,53,2.3088403658719416e+20,4.066853658014554e+29,0.0,0.0,0.0,0.0,0.0,0.0,0.0,0,0,0,0.0,0.0,0.0,0.0,0.0,0.0,0.0,0.0,0.0,0.0,0.0,0.0,0.0,0.0,0.0,0.0,0,-107875648.0,53,0.0,106,-107614832.0,2.7006707062415038e+23,ERR,ERR,ERR,ERR,ERR,ERR,ERR,ERR,ERR,ERR,ERR,ERR,ERR,ERR,ERR,ERR,ERR,ERR,ERR,ERR,ERR,ERR,ERR,ERR,ERR,ERR,ERR,ERR,ERR,ERR,ERR,ERR,ERR,ERR,ERR,ERR,ERR,ERR,ERR,ERR,ERR,ERR,ERR,ERR,ERR,ERR,ERR,ERR,ERR,ERR,ERR,ERR,ERR,ERR,ERR,ERR,ERR,ERR,ERR,ERR,ERR,ERR,ERR,ERR,ERR,ERR,ERR,50.0,60.0,100,0.0,0.0,0.0,0.0,0.0,0.0,0.0,0.0,0.0,0.0,0.0,0.0,0.0,0.0,0.0,0.0,61.6,77,11,65508,50,65476,0,300,0,0,8,20529,65476,0,0,26214,60.0,0.0,0.0,0.0,0.0,0.0
2026-05-17T16:51:54,ERR,ERR,ERR,ERR,ERR,ERR,ERR,ERR,ERR,ERR,ERR,ERR,ERR,ERR,ERR,ERR,ERR,ERR,ERR,ERR,ERR,ERR,ERR,ERR,ERR,ERR,ERR,ERR,ERR,ERR,ERR,ERR,ERR,ERR,ERR,ERR,ERR,ERR,ERR,ERR,ERR,ERR,ERR,ERR,ERR,ERR,ERR,ERR,ERR,ERR,ERR,ERR,ERR,ERR,ERR,ERR,ERR,ERR,ERR,ERR,ERR,ERR,ERR,ERR,ERR,ERR,ERR,ERR,ERR,ERR,ERR,ERR,ERR,ERR,ERR,ERR,ERR,ERR,ERR,ERR,ERR,ERR,ERR,ERR,ERR,ERR,ERR,ERR,ERR,ERR,ERR,ERR,ERR,ERR,ERR,ERR,ERR,ERR,ERR,ERR,ERR,ERR,ERR,ERR,ERR,ERR,ERR,ERR,ERR,ERR,ERR,ERR,ERR,ERR,ERR,ERR,ERR,ERR,ERR,ERR,ERR,ERR,ERR,ERR,ERR,0.0,0.0,-134474944.0,0.0,0.0,1.3936040501711995e+18,7.805,0.0,0,0,4,0,8422,0.0,45,0.0,0.0,0.0,0.0,0.0,0,0,0,0,0.0,0,0,0,0,0,0,0,0,0,0,0,0,0,0,0,0,0,0,0,0,0,0,0,0,0,0,0,0,0,0,0,0,0,38,14,7,45,65476,0,300,0,0,8,21553,0.0,-107605600.0,0.0,0.0,0.0,0.0,0.0,0.0,0.0,0.0,0.0,0.0,0.0,0.0,0.0,0.0,0.0,0.0,0.0,0.0,0.0,0.0,0.0,0.0,-2.004,2.004,0.0,0.0,0.0,0.0,5010.0,1.040665380856972e+34,0.0,0.0,0.0,0.0,-107615304.0,0.0,0.0,0.0,0.0,53,2.7184300208680915e+23,5.848055683159391e+35,0.0,0.0,0.0,0.0,0.0,0.0,0.0,0,0,0,0.0,0.0,0.0,0.0,0.0,0.0,0.0,0.0,0.0,0.0,0.0,0.0,0.0,0.0,0.0,0.0,0,-107875648.0,53,0.0,106,-107614832.0,2.7006707062415038e+23,ERR,ERR,ERR,ERR,ERR,ERR,ERR,ERR,ERR,ERR,ERR,ERR,ERR,ERR,ERR,ERR,ERR,ERR,ERR,ERR,ERR,ERR,ERR,ERR,ERR,ERR,ERR,ERR,ERR,ERR,ERR,ERR,ERR,ERR,ERR,ERR,ERR,ERR,ERR,ERR,ERR,ERR,ERR,ERR,ERR,ERR,ERR,ERR,ERR,ERR,ERR,ERR,ERR,ERR,ERR,ERR,ERR,ERR,ERR,ERR,ERR,ERR,ERR,ERR,ERR,ERR,ERR,50.0,60.0,100,0.0,0.0,0.0,0.0,0.0,0.0,0.0,0.0,0.0,0.0,0.0,0.0,0.0,0.0,0.0,0.0,61.6,77,11,65508,50,65476,0,300,0,0,8,20529,65476,0,0,26214,60.0,0.0,0.0,0.0,0.0,0.0
2026-05-17T16:51:55,ERR,ERR,ERR,ERR,ERR,ERR,ERR,ERR,ERR,ERR,ERR,ERR,ERR,ERR,ERR,ERR,ERR,ERR,ERR,ERR,ERR,ERR,ERR,ERR,ERR,ERR,ERR,ERR,ERR,ERR,ERR,ERR,ERR,ERR,ERR,ERR,ERR,ERR,ERR,ERR,ERR,ERR,ERR,ERR,ERR,ERR,ERR,ERR,ERR,ERR,ERR,ERR,ERR,ERR,ERR,ERR,ERR,ERR,ERR,ERR,ERR,ERR,ERR,ERR,ERR,ERR,ERR,ERR,ERR,ERR,ERR,ERR,ERR,ERR,ERR,ERR,ERR,ERR,ERR,ERR,ERR,ERR,ERR,ERR,ERR,ERR,ERR,ERR,ERR,ERR,ERR,ERR,ERR,ERR,ERR,ERR,ERR,ERR,ERR,ERR,ERR,ERR,ERR,ERR,ERR,ERR,ERR,ERR,ERR,ERR,ERR,ERR,ERR,ERR,ERR,ERR,ERR,ERR,ERR,ERR,ERR,ERR,ERR,ERR,ERR,0.0,0.0,-134474944.0,0.0,0.0,1.3936040501711995e+18,7.805,0.0,0,0,4,0,8422,0.0,45,0.0,0.0,0.0,0.0,0.0,0,0,0,0,0.0,0,0,0,0,0,0,0,0,0,0,0,0,0,0,0,0,0,0,0,0,0,0,0,0,0,0,0,0,0,0,0,0,0,38,14,7,45,65476,0,300,0,0,8,21553,0.0,-107605600.0,0.0,0.0,0.0,0.0,0.0,0.0,0.0,0.0,0.0,0.0,0.0,0.0,0.0,0.0,0.0,0.0,0.0,0.0,0.0,0.0,0.0,0.0,-2.004,2.004,0.0,0.0,0.0,0.0,5010.0,1.040665380856972e+34,0.0,0.0,0.0,0.0,-107615304.0,0.0,0.0,0.0,0.0,53,2.7184300208680915e+23,5.848055683159391e+35,0.0,0.0,0.0,0.0,0.0,0.0,0.0,0,0,0,0.0,0.0,0.0,0.0,0.0,0.0,0.0,0.0,0.0,0.0,0.0,0.0,0.0,0.0,0.0,0.0,0,-107875648.0,53,0.0,106,-107614832.0,2.7006707062415038e+23,ERR,ERR,ERR,ERR,ERR,ERR,ERR,ERR,ERR,ERR,ERR,ERR,ERR,ERR,ERR,ERR,ERR,ERR,ERR,ERR,ERR,ERR,ERR,ERR,ERR,ERR,ERR,ERR,ERR,ERR,ERR,ERR,ERR,ERR,ERR,ERR,ERR,ERR,ERR,ERR,ERR,ERR,ERR,ERR,ERR,ERR,ERR,ERR,ERR,ERR,ERR,ERR,ERR,ERR,ERR,ERR,ERR,ERR,ERR,ERR,ERR,ERR,ERR,ERR,ERR,ERR,ERR,50.0,60.0,100,0.0,0.0,0.0,0.0,0.0,0.0,0.0,0.0,0.0,0.0,0.0,0.0,0.0,0.0,0.0,0.0,61.6,77,11,65508,50,65476,0,300,0,0,8,20529,65476,0,0,26214,60.0,0.0,0.0,0.0,0.0,0.0
2026-05-17T16:51:56,ERR,ERR,ERR,ERR,ERR,ERR,ERR,ERR,ERR,ERR,ERR,ERR,ERR,ERR,ERR,ERR,ERR,ERR,ERR,ERR,ERR,ERR,ERR,ERR,ERR,ERR,ERR,ERR,ERR,ERR,ERR,ERR,ERR,ERR,ERR,ERR,ERR,ERR,ERR,ERR,ERR,ERR,ERR,ERR,ERR,ERR,ERR,ERR,ERR,ERR,ERR,ERR,ERR,ERR,ERR,ERR,ERR,ERR,ERR,ERR,ERR,ERR,ERR,ERR,ERR,ERR,ERR,ERR,ERR,ERR,ERR,ERR,ERR,ERR,ERR,ERR,ERR,ERR,ERR,ERR,ERR,ERR,ERR,ERR,ERR,ERR,ERR,ERR,ERR,ERR,ERR,ERR,ERR,ERR,ERR,ERR,ERR,ERR,ERR,ERR,ERR,ERR,ERR,ERR,ERR,ERR,ERR,ERR,ERR,ERR,ERR,ERR,ERR,ERR,ERR,ERR,ERR,ERR,ERR,ERR,ERR,ERR,ERR,ERR,ERR,0.0,0.0,-134474944.0,0.0,0.0,1.3936040501711995e+18,7.805,0.0,0,0,4,0,8422,0.0,45,0.0,0.0,0.0,0.0,0.0,0,0,0,0,0.0,0,0,0,0,0,0,0,0,0,0,0,0,0,0,0,0,0,0,0,0,0,0,0,0,0,0,0,0,0,0,0,0,0,38,14,7,45,65476,0,300,0,0,8,21553,0.0,-107605600.0,0.0,0.0,0.0,0.0,0.0,0.0,0.0,0.0,0.0,0.0,0.0,0.0,0.0,0.0,0.0,0.0,0.0,0.0,0.0,0.0,0.0,0.0,-2.004,2.004,0.0,0.0,0.0,0.0,5010.0,1.040665380856972e+34,0.0,0.0,0.0,0.0,-107615304.0,0.0,0.0,0.0,0.0,53,2.7184300208680915e+23,5.848055683159391e+35,0.0,0.0,0.0,0.0,0.0,0.0,0.0,0,0,0,0.0,0.0,0.0,0.0,0.0,0.0,0.0,0.0,0.0,0.0,0.0,0.0,0.0,0.0,0.0,0.0,0,-107875648.0,53,0.0,106,-107614832.0,2.7006707062415038e+23,ERR,ERR,ERR,ERR,ERR,ERR,ERR,ERR,ERR,ERR,ERR,ERR,ERR,ERR,ERR,ERR,ERR,ERR,ERR,ERR,ERR,ERR,ERR,ERR,ERR,ERR,ERR,ERR,ERR,ERR,ERR,ERR,ERR,ERR,ERR,ERR,ERR,ERR,ERR,ERR,ERR,ERR,ERR,ERR,ERR,ERR,ERR,ERR,ERR,ERR,ERR,ERR,ERR,ERR,ERR,ERR,ERR,ERR,ERR,ERR,ERR,ERR,ERR,ERR,ERR,ERR,ERR,50.0,60.0,100,0.0,0.0,0.0,0.0,0.0,0.0,0.0,0.0,0.0,0.0,0.0,0.0,0.0,0.0,0.0,0.0,61.6,77,11,65508,50,65476,0,300,0,0,8,20529,65476,0,0,26214,60.0,0.0,0.0,0.0,0.0,0.0
2026-05-17T16:51:57,ERR,ERR,ERR,ERR,ERR,ERR,ERR,ERR,ERR,ERR,ERR,ERR,ERR,ERR,ERR,ERR,ERR,ERR,ERR,ERR,ERR,ERR,ERR,ERR,ERR,ERR,ERR,ERR,ERR,ERR,ERR,ERR,ERR,ERR,ERR,ERR,ERR,ERR,ERR,ERR,ERR,ERR,ERR,ERR,ERR,ERR,ERR,ERR,ERR,ERR,ERR,ERR,ERR,ERR,ERR,ERR,ERR,ERR,ERR,ERR,ERR,ERR,ERR,ERR,ERR,ERR,ERR,ERR,ERR,ERR,ERR,ERR,ERR,ERR,ERR,ERR,ERR,ERR,ERR,ERR,ERR,ERR,ERR,ERR,ERR,ERR,ERR,ERR,ERR,ERR,ERR,ERR,ERR,ERR,ERR,ERR,ERR,ERR,ERR,ERR,ERR,ERR,ERR,ERR,ERR,ERR,ERR,ERR,ERR,ERR,ERR,ERR,ERR,ERR,ERR,ERR,ERR,ERR,ERR,ERR,ERR,ERR,ERR,ERR,ERR,0.0,0.0,-134474944.0,0.0,0.0,1.3936040501711995e+18,7.805,0.0,0,0,4,0,8422,0.0,45,0.0,0.0,0.0,0.0,0.0,0,0,0,0,0.0,0,0,0,0,0,0,0,0,0,0,0,0,0,0,0,0,0,0,0,0,0,0,0,0,0,0,0,0,0,0,0,0,0,38,14,7,45,65476,0,300,0,0,8,21553,0.0,-107605600.0,0.0,0.0,0.0,0.0,0.0,0.0,0.0,0.0,0.0,0.0,0.0,0.0,0.0,0.0,0.0,0.0,0.0,0.0,0.0,0.0,0.0,0.0,-2.004,2.004,0.0,0.0,0.0,0.0,5010.0,1.040665380856972e+34,0.0,0.0,0.0,0.0,-107615304.0,0.0,0.0,0.0,0.0,53,2.7184300208680915e+23,5.848055683159391e+35,0.0,0.0,0.0,0.0,0.0,0.0,0.0,0,0,0,0.0,0.0,0.0,0.0,0.0,0.0,0.0,0.0,0.0,0.0,0.0,0.0,0.0,0.0,0.0,0.0,0,-107875648.0,53,0.0,106,-107614832.0,2.7006707062415038e+23,ERR,ERR,ERR,ERR,ERR,ERR,ERR,ERR,ERR,ERR,ERR,ERR,ERR,ERR,ERR,ERR,ERR,ERR,ERR,ERR,ERR,ERR,ERR,ERR,ERR,ERR,ERR,ERR,ERR,ERR,ERR,ERR,ERR,ERR,ERR,ERR,ERR,ERR,ERR,ERR,ERR,ERR,ERR,ERR,ERR,ERR,ERR,ERR,ERR,ERR,ERR,ERR,ERR,ERR,ERR,ERR,ERR,ERR,ERR,ERR,ERR,ERR,ERR,ERR,ERR,ERR,ERR,50.0,60.0,100,0.0,0.0,0.0,0.0,0.0,0.0,0.0,0.0,0.0,0.0,0.0,0.0,0.0,0.0,0.0,0.0,61.6,77,11,65508,50,65476,0,300,0,0,8,20529,65476,0,0,26214,60.0,0.0,0.0,0.0,0.0,0.0
2026-05-17T16:51:58,ERR,ERR,ERR,ERR,ERR,ERR,ERR,ERR,ERR,ERR,ERR,ERR,ERR,ERR,ERR,ERR,ERR,ERR,ERR,ERR,ERR,ERR,ERR,ERR,ERR,ERR,ERR,ERR,ERR,ERR,ERR,ERR,ERR,ERR,ERR,ERR,ERR,ERR,ERR,ERR,ERR,ERR,ERR,ERR,ERR,ERR,ERR,ERR,ERR,ERR,ERR,ERR,ERR,ERR,ERR,ERR,ERR,ERR,ERR,ERR,ERR,ERR,ERR,ERR,ERR,ERR,ERR,ERR,ERR,ERR,ERR,ERR,ERR,ERR,ERR,ERR,ERR,ERR,ERR,ERR,ERR,ERR,ERR,ERR,ERR,ERR,ERR,ERR,ERR,ERR,ERR,ERR,ERR,ERR,ERR,ERR,ERR,ERR,ERR,ERR,ERR,ERR,ERR,ERR,ERR,ERR,ERR,ERR,ERR,ERR,ERR,ERR,ERR,ERR,ERR,ERR,ERR,ERR,ERR,ERR,ERR,ERR,ERR,ERR,ERR,0.0,0.0,-134474944.0,0.0,0.0,1.3936040501711995e+18,7.805,0.0,0,0,4,0,8422,0.0,45,0.0,0.0,0.0,0.0,0.0,0,0,0,0,0.0,0,0,0,0,0,0,0,0,0,0,0,0,0,0,0,0,0,0,0,0,0,0,0,0,0,0,0,0,0,0,0,0,0,38,14,7,45,65476,0,300,0,0,8,21553,0.0,-107605600.0,0.0,0.0,0.0,0.0,0.0,0.0,0.0,0.0,0.0,0.0,0.0,0.0,0.0,0.0,0.0,0.0,0.0,0.0,0.0,0.0,0.0,0.0,-2.004,2.004,0.0,0.0,0.0,0.0,5010.0,1.040665380856972e+34,0.0,0.0,0.0,0.0,-107615304.0,0.0,0.0,0.0,0.0,53,2.7184300208680915e+23,5.848055683159391e+35,0.0,0.0,0.0,0.0,0.0,0.0,0.0,0,0,0,0.0,0.0,0.0,0.0,0.0,0.0,0.0,0.0,0.0,0.0,0.0,0.0,0.0,0.0,0.0,0.0,0,-107875648.0,53,0.0,106,-107614832.0,2.7006707062415038e+23,ERR,ERR,ERR,ERR,ERR,ERR,ERR,ERR,ERR,ERR,ERR,ERR,ERR,ERR,ERR,ERR,ERR,ERR,ERR,ERR,ERR,ERR,ERR,ERR,ERR,ERR,ERR,ERR,ERR,ERR,ERR,ERR,ERR,ERR,ERR,ERR,ERR,ERR,ERR,ERR,ERR,ERR,ERR,ERR,ERR,ERR,ERR,ERR,ERR,ERR,ERR,ERR,ERR,ERR,ERR,ERR,ERR,ERR,ERR,ERR,ERR,ERR,ERR,ERR,ERR,ERR,ERR,50.0,60.0,100,0.0,0.0,0.0,0.0,0.0,0.0,0.0,0.0,0.0,0.0,0.0,0.0,0.0,0.0,0.0,0.0,61.6,77,11,65508,50,65476,0,300,0,0,8,20529,65476,0,0,26214,60.0,0.0,0.0,0.0,0.0,0.0
2026-05-17T16:51:59,ERR,ERR,ERR,ERR,ERR,ERR,ERR,ERR,ERR,ERR,ERR,ERR,ERR,ERR,ERR,ERR,ERR,ERR,ERR,ERR,ERR,ERR,ERR,ERR,ERR,ERR,ERR,ERR,ERR,ERR,ERR,ERR,ERR,ERR,ERR,ERR,ERR,ERR,ERR,ERR,ERR,ERR,ERR,ERR,ERR,ERR,ERR,ERR,ERR,ERR,ERR,ERR,ERR,ERR,ERR,ERR,ERR,ERR,ERR,ERR,ERR,ERR,ERR,ERR,ERR,ERR,ERR,ERR,ERR,ERR,ERR,ERR,ERR,ERR,ERR,ERR,ERR,ERR,ERR,ERR,ERR,ERR,ERR,ERR,ERR,ERR,ERR,ERR,ERR,ERR,ERR,ERR,ERR,ERR,ERR,ERR,ERR,ERR,ERR,ERR,ERR,ERR,ERR,ERR,ERR,ERR,ERR,ERR,ERR,ERR,ERR,ERR,ERR,ERR,ERR,ERR,ERR,ERR,ERR,ERR,ERR,ERR,ERR,ERR,ERR,0.0,0.0,-134474944.0,0.0,0.0,1.3936040501711995e+18,7.805,0.0,0,0,4,0,8422,0.0,45,0.0,0.0,0.0,0.0,0.0,0,0,0,0,0.0,0,0,0,0,0,0,0,0,0,0,0,0,0,0,0,0,0,0,0,0,0,0,0,0,0,0,0,0,0,0,0,0,0,38,14,7,45,65476,0,300,0,0,8,21553,0.0,-107605600.0,0.0,0.0,0.0,0.0,0.0,0.0,0.0,0.0,0.0,0.0,0.0,0.0,0.0,0.0,0.0,0.0,0.0,0.0,0.0,0.0,0.0,0.0,-2.004,2.004,0.0,0.0,0.0,0.0,5044.0,0.0,0.0,0.0,0.0,0.0,-107615304.0,0.0,0.0,0.0,0.0,53,-0.0,0.0,0.0,0.0,0.0,0.0,0.0,0.0,0.0,0,0,0,0.0,0.0,0.0,0.0,0.0,0.0,0.0,0.0,0.0,0.0,0.0,0.0,0.0,0.0,0.0,0.0,0,-107875648.0,53,0.0,106,-107614832.0,2.7006707062415038e+23,ERR,ERR,ERR,ERR,ERR,ERR,ERR,ERR,ERR,ERR,ERR,ERR,ERR,ERR,ERR,ERR,ERR,ERR,ERR,ERR,ERR,ERR,ERR,ERR,ERR,ERR,ERR,ERR,ERR,ERR,ERR,ERR,ERR,ERR,ERR,ERR,ERR,ERR,ERR,ERR,ERR,ERR,ERR,ERR,ERR,ERR,ERR,ERR,ERR,ERR,ERR,ERR,ERR,ERR,ERR,ERR,ERR,ERR,ERR,ERR,ERR,ERR,ERR,ERR,ERR,ERR,ERR,50.0,60.0,100,0.0,0.0,0.0,0.0,0.0,0.0,0.0,0.0,0.0,0.0,0.0,0.0,0.0,0.0,0.0,0.0,62.0,77,11,65508,50,65476,0,300,0,0,8,20529,65476,0,0,26214,60.0,0.0,0.0,0.0,0.0,0.0
2026-05-17T16:52:00,ERR,ERR,ERR,ERR,ERR,ERR,ERR,ERR,ERR,ERR,ERR,ERR,ERR,ERR,ERR,ERR,ERR,ERR,ERR,ERR,ERR,ERR,ERR,ERR,ERR,ERR,ERR,ERR,ERR,ERR,ERR,ERR,ERR,ERR,ERR,ERR,ERR,ERR,ERR,ERR,ERR,ERR,ERR,ERR,ERR,ERR,ERR,ERR,ERR,ERR,ERR,ERR,ERR,ERR,ERR,ERR,ERR,ERR,ERR,ERR,ERR,ERR,ERR,ERR,ERR,ERR,ERR,ERR,ERR,ERR,ERR,ERR,ERR,ERR,ERR,ERR,ERR,ERR,ERR,ERR,ERR,ERR,ERR,ERR,ERR,ERR,ERR,ERR,ERR,ERR,ERR,ERR,ERR,ERR,ERR,ERR,ERR,ERR,ERR,ERR,ERR,ERR,ERR,ERR,ERR,ERR,ERR,ERR,ERR,ERR,ERR,ERR,ERR,ERR,ERR,ERR,ERR,ERR,ERR,ERR,ERR,ERR,ERR,ERR,ERR,0.0,0.0,-134474944.0,0.0,0.0,1.3936040501711995e+18,7.805,0.0,0,0,4,0,8422,0.0,45,0.0,0.0,0.0,0.0,0.0,0,0,0,0,0.0,0,0,0,0,0,0,0,0,0,0,0,0,0,0,0,0,0,0,0,0,0,0,0,0,0,0,0,0,0,0,0,0,0,38,14,7,45,65476,0,300,0,0,8,21553,0.0,-107605600.0,0.0,0.0,0.0,0.0,0.0,0.0,0.0,0.0,0.0,0.0,0.0,0.0,0.0,0.0,0.0,0.0,0.0,0.0,0.0,0.0,0.0,0.0,-2.004,2.004,0.0,0.0,0.0,0.0,5044.0,0.0,0.0,0.0,0.0,0.0,-107615304.0,0.0,0.0,0.0,0.0,53,-0.0,0.0,0.0,0.0,0.0,0.0,0.0,0.0,0.0,0,0,0,0.0,0.0,0.0,0.0,0.0,0.0,0.0,0.0,0.0,0.0,0.0,0.0,0.0,0.0,0.0,0.0,0,-107875648.0,53,0.0,106,-107614832.0,2.7006707062415038e+23,ERR,ERR,ERR,ERR,ERR,ERR,ERR,ERR,ERR,ERR,ERR,ERR,ERR,ERR,ERR,ERR,ERR,ERR,ERR,ERR,ERR,ERR,ERR,ERR,ERR,ERR,ERR,ERR,ERR,ERR,ERR,ERR,ERR,ERR,ERR,ERR,ERR,ERR,ERR,ERR,ERR,ERR,ERR,ERR,ERR,ERR,ERR,ERR,ERR,ERR,ERR,ERR,ERR,ERR,ERR,ERR,ERR,ERR,ERR,ERR,ERR,ERR,ERR,ERR,ERR,ERR,ERR,50.0,60.0,100,0.0,0.0,0.0,0.0,0.0,0.0,0.0,0.0,0.0,0.0,0.0,0.0,0.0,0.0,0.0,0.0,61.6,77,11,65508,50,65476,0,300,0,0,8,20529,65476,0,0,26214,60.0,0.0,0.0,0.0,0.0,0.0
2026-05-17T16:52:01,ERR,ERR,ERR,ERR,ERR,ERR,ERR,ERR,ERR,ERR,ERR,ERR,ERR,ERR,ERR,ERR,ERR,ERR,ERR,ERR,ERR,ERR,ERR,ERR,ERR,ERR,ERR,ERR,ERR,ERR,ERR,ERR,ERR,ERR,ERR,ERR,ERR,ERR,ERR,ERR,ERR,ERR,ERR,ERR,ERR,ERR,ERR,ERR,ERR,ERR,ERR,ERR,ERR,ERR,ERR,ERR,ERR,ERR,ERR,ERR,ERR,ERR,ERR,ERR,ERR,ERR,ERR,ERR,ERR,ERR,ERR,ERR,ERR,ERR,ERR,ERR,ERR,ERR,ERR,ERR,ERR,ERR,ERR,ERR,ERR,ERR,ERR,ERR,ERR,ERR,ERR,ERR,ERR,ERR,ERR,ERR,ERR,ERR,ERR,ERR,ERR,ERR,ERR,ERR,ERR,ERR,ERR,ERR,ERR,ERR,ERR,ERR,ERR,ERR,ERR,ERR,ERR,ERR,ERR,ERR,ERR,ERR,ERR,ERR,ERR,0.0,0.0,-134474944.0,0.0,0.0,1.3936040501711995e+18,7.805,0.0,0,0,4,0,8422,0.0,45,0.0,0.0,0.0,0.0,0.0,0,0,0,0,0.0,0,0,0,0,0,0,0,0,0,0,0,0,0,0,0,0,0,0,0,0,0,0,0,0,0,0,0,0,0,0,0,0,0,38,14,7,45,65476,0,300,0,0,8,21553,0.0,-107605600.0,0.0,0.0,0.0,0.0,0.0,0.0,0.0,0.0,0.0,0.0,0.0,0.0,0.0,0.0,0.0,0.0,0.0,0.0,0.0,0.0,0.0,0.0,-2.004,2.004,0.0,0.0,0.0,0.0,5044.0,0.0,0.0,0.0,0.0,0.0,-107615304.0,0.0,0.0,0.0,0.0,53,-0.0,0.0,0.0,0.0,0.0,0.0,0.0,0.0,0.0,0,0,0,0.0,0.0,0.0,0.0,0.0,0.0,0.0,0.0,0.0,0.0,0.0,0.0,0.0,0.0,0.0,0.0,0,-107875648.0,53,0.0,106,-107614832.0,2.7006707062415038e+23,ERR,ERR,ERR,ERR,ERR,ERR,ERR,ERR,ERR,ERR,ERR,ERR,ERR,ERR,ERR,ERR,ERR,ERR,ERR,ERR,ERR,ERR,ERR,ERR,ERR,ERR,ERR,ERR,ERR,ERR,ERR,ERR,ERR,ERR,ERR,ERR,ERR,ERR,ERR,ERR,ERR,ERR,ERR,ERR,ERR,ERR,ERR,ERR,ERR,ERR,ERR,ERR,ERR,ERR,ERR,ERR,ERR,ERR,ERR,ERR,ERR,ERR,ERR,ERR,ERR,ERR,ERR,50.0,60.0,100,0.0,0.0,0.0,0.0,0.0,0.0,0.0,0.0,0.0,0.0,0.0,0.0,0.0,0.0,0.0,0.0,61.6,77,11,65508,50,65476,0,300,0,0,8,20529,65476,0,0,26214,60.0,0.0,0.0,0.0,0.0,0.0
2026-05-17T16:52:02,ERR,ERR,ERR,ERR,ERR,ERR,ERR,ERR,ERR,ERR,ERR,ERR,ERR,ERR,ERR,ERR,ERR,ERR,ERR,ERR,ERR,ERR,ERR,ERR,ERR,ERR,ERR,ERR,ERR,ERR,ERR,ERR,ERR,ERR,ERR,ERR,ERR,ERR,ERR,ERR,ERR,ERR,ERR,ERR,ERR,ERR,ERR,ERR,ERR,ERR,ERR,ERR,ERR,ERR,ERR,ERR,ERR,ERR,ERR,ERR,ERR,ERR,ERR,ERR,ERR,ERR,ERR,ERR,ERR,ERR,ERR,ERR,ERR,ERR,ERR,ERR,ERR,ERR,ERR,ERR,ERR,ERR,ERR,ERR,ERR,ERR,ERR,ERR,ERR,ERR,ERR,ERR,ERR,ERR,ERR,ERR,ERR,ERR,ERR,ERR,ERR,ERR,ERR,ERR,ERR,ERR,ERR,ERR,ERR,ERR,ERR,ERR,ERR,ERR,ERR,ERR,ERR,ERR,ERR,ERR,ERR,ERR,ERR,ERR,ERR,0.0,0.0,-134474944.0,0.0,0.0,1.3936040501711995e+18,7.805,0.0,0,0,4,0,8422,0.0,45,0.0,0.0,0.0,0.0,0.0,0,0,0,0,0.0,0,0,0,0,0,0,0,0,0,0,0,0,0,0,0,0,0,0,0,0,0,0,0,0,0,0,0,0,0,0,0,0,0,38,14,7,45,65476,0,300,0,0,8,21553,0.0,-107605600.0,0.0,0.0,0.0,0.0,0.0,0.0,0.0,0.0,0.0,0.0,0.0,0.0,0.0,0.0,0.0,0.0,0.0,0.0,0.0,0.0,0.0,0.0,-2.004,2.004,0.0,0.0,0.0,0.0,5044.0,0.0,0.0,0.0,0.0,0.0,-107615304.0,0.0,0.0,0.0,0.0,53,-0.0,0.0,0.0,0.0,0.0,0.0,0.0,0.0,0.0,0,0,0,0.0,0.0,0.0,0.0,0.0,0.0,0.0,0.0,0.0,0.0,0.0,0.0,0.0,0.0,0.0,0.0,0,-107875648.0,53,0.0,106,-107614832.0,2.7006707062415038e+23,ERR,ERR,ERR,ERR,ERR,ERR,ERR,ERR,ERR,ERR,ERR,ERR,ERR,ERR,ERR,ERR,ERR,ERR,ERR,ERR,ERR,ERR,ERR,ERR,ERR,ERR,ERR,ERR,ERR,ERR,ERR,ERR,ERR,ERR,ERR,ERR,ERR,ERR,ERR,ERR,ERR,ERR,ERR,ERR,ERR,ERR,ERR,ERR,ERR,ERR,ERR,ERR,ERR,ERR,ERR,ERR,ERR,ERR,ERR,ERR,ERR,ERR,ERR,ERR,ERR,ERR,ERR,50.0,60.0,100,0.0,0.0,0.0,0.0,0.0,0.0,0.0,0.0,0.0,0.0,0.0,0.0,0.0,0.0,0.0,0.0,62.0,77,11,65508,50,65476,0,300,0,0,8,20529,65476,0,0,26214,60.0,0.0,0.0,0.0,0.0,0.0
2026-05-17T16:52:03,ERR,ERR,ERR,ERR,ERR,ERR,ERR,ERR,ERR,ERR,ERR,ERR,ERR,ERR,ERR,ERR,ERR,ERR,ERR,ERR,ERR,ERR,ERR,ERR,ERR,ERR,ERR,ERR,ERR,ERR,ERR,ERR,ERR,ERR,ERR,ERR,ERR,ERR,ERR,ERR,ERR,ERR,ERR,ERR,ERR,ERR,ERR,ERR,ERR,ERR,ERR,ERR,ERR,ERR,ERR,ERR,ERR,ERR,ERR,ERR,ERR,ERR,ERR,ERR,ERR,ERR,ERR,ERR,ERR,ERR,ERR,ERR,ERR,ERR,ERR,ERR,ERR,ERR,ERR,ERR,ERR,ERR,ERR,ERR,ERR,ERR,ERR,ERR,ERR,ERR,ERR,ERR,ERR,ERR,ERR,ERR,ERR,ERR,ERR,ERR,ERR,ERR,ERR,ERR,ERR,ERR,ERR,ERR,ERR,ERR,ERR,ERR,ERR,ERR,ERR,ERR,ERR,ERR,ERR,ERR,ERR,ERR,ERR,ERR,ERR,0.0,0.0,-134474944.0,0.0,0.0,1.3936040501711995e+18,7.805,0.0,0,0,4,0,8422,0.0,45,0.0,0.0,0.0,0.0,0.0,0,0,0,0,0.0,0,0,0,0,0,0,0,0,0,0,0,0,0,0,0,0,0,0,0,0,0,0,0,0,0,0,0,0,0,0,0,0,0,38,14,7,45,65476,0,300,0,0,8,21553,0.0,-107605600.0,0.0,0.0,0.0,0.0,0.0,0.0,0.0,0.0,0.0,0.0,0.0,0.0,0.0,0.0,0.0,0.0,0.0,0.0,0.0,0.0,0.0,0.0,-2.004,2.004,0.0,0.0,0.0,0.0,5044.0,0.0,0.0,0.0,0.0,0.0,-107615304.0,0.0,0.0,0.0,0.0,53,-0.0,0.0,0.0,0.0,0.0,0.0,0.0,0.0,0.0,0,0,0,0.0,0.0,0.0,0.0,0.0,0.0,0.0,0.0,0.0,0.0,0.0,0.0,0.0,0.0,0.0,0.0,0,-107875648.0,53,0.0,106,-107614832.0,2.7006707062415038e+23,ERR,ERR,ERR,ERR,ERR,ERR,ERR,ERR,ERR,ERR,ERR,ERR,ERR,ERR,ERR,ERR,ERR,ERR,ERR,ERR,ERR,ERR,ERR,ERR,ERR,ERR,ERR,ERR,ERR,ERR,ERR,ERR,ERR,ERR,ERR,ERR,ERR,ERR,ERR,ERR,ERR,ERR,ERR,ERR,ERR,ERR,ERR,ERR,ERR,ERR,ERR,ERR,ERR,ERR,ERR,ERR,ERR,ERR,ERR,ERR,ERR,ERR,ERR,ERR,ERR,ERR,ERR,50.0,60.0,100,0.0,0.0,0.0,0.0,0.0,0.0,0.0,0.0,0.0,0.0,0.0,0.0,0.0,0.0,0.0,0.0,62.0,77,11,65508,50,65476,0,300,0,0,8,20529,65476,0,0,26214,60.0,0.0,0.0,0.0,0.0,0.0
2026-05-17T16:52:04,ERR,ERR,ERR,ERR,ERR,ERR,ERR,ERR,ERR,ERR,ERR,ERR,ERR,ERR,ERR,ERR,ERR,ERR,ERR,ERR,ERR,ERR,ERR,ERR,ERR,ERR,ERR,ERR,ERR,ERR,ERR,ERR,ERR,ERR,ERR,ERR,ERR,ERR,ERR,ERR,ERR,ERR,ERR,ERR,ERR,ERR,ERR,ERR,ERR,ERR,ERR,ERR,ERR,ERR,ERR,ERR,ERR,ERR,ERR,ERR,ERR,ERR,ERR,ERR,ERR,ERR,ERR,ERR,ERR,ERR,ERR,ERR,ERR,ERR,ERR,ERR,ERR,ERR,ERR,ERR,ERR,ERR,ERR,ERR,ERR,ERR,ERR,ERR,ERR,ERR,ERR,ERR,ERR,ERR,ERR,ERR,ERR,ERR,ERR,ERR,ERR,ERR,ERR,ERR,ERR,ERR,ERR,ERR,ERR,ERR,ERR,ERR,ERR,ERR,ERR,ERR,ERR,ERR,ERR,ERR,ERR,ERR,ERR,ERR,ERR,0.0,0.0,-134474944.0,0.0,0.0,1.3936040501711995e+18,7.805,0.0,0,0,4,0,8422,0.0,45,0.0,0.0,0.0,0.0,0.0,0,0,0,0,0.0,0,0,0,0,0,0,0,0,0,0,0,0,0,0,0,0,0,0,0,0,0,0,0,0,0,0,0,0,0,0,0,0,0,38,14,7,45,65476,0,300,0,0,8,21553,0.0,-107605600.0,0.0,0.0,0.0,0.0,0.0,0.0,0.0,0.0,0.0,0.0,0.0,0.0,0.0,0.0,0.0,0.0,0.0,0.0,0.0,0.0,0.0,0.0,-2.004,2.004,0.0,0.0,0.0,0.0,5048.0,0.0,0.0,0.0,0.0,0.0,-107615304.0,0.0,0.0,0.0,0.0,53,5.848083413016271e+35,0.0,0.0,0.0,0.0,0.0,0.0,0.0,0.0,0,0,0,0.0,0.0,0.0,0.0,0.0,0.0,0.0,0.0,0.0,0.0,0.0,0.0,0.0,0.0,0.0,0.0,0,-107875648.0,53,0.0,106,-107614832.0,2.7006707062415038e+23,ERR,ERR,ERR,ERR,ERR,ERR,ERR,ERR,ERR,ERR,ERR,ERR,ERR,ERR,ERR,ERR,ERR,ERR,ERR,ERR,ERR,ERR,ERR,ERR,ERR,ERR,ERR,ERR,ERR,ERR,ERR,ERR,ERR,ERR,ERR,ERR,ERR,ERR,ERR,ERR,ERR,ERR,ERR,ERR,ERR,ERR,ERR,ERR,ERR,ERR,ERR,ERR,ERR,ERR,ERR,ERR,ERR,ERR,ERR,ERR,ERR,ERR,ERR,ERR,ERR,ERR,ERR,50.0,60.0,100,0.0,0.0,0.0,0.0,0.0,0.0,0.0,0.0,0.0,0.0,0.0,0.0,0.0,0.0,0.0,0.0,61.6,77,11,65508,50,65476,0,300,0,0,8,20529,65476,0,0,26214,60.0,0.0,0.0,0.0,0.0,0.0
2026-05-17T16:52:05,ERR,ERR,ERR,ERR,ERR,ERR,ERR,ERR,ERR,ERR,ERR,ERR,ERR,ERR,ERR,ERR,ERR,ERR,ERR,ERR,ERR,ERR,ERR,ERR,ERR,ERR,ERR,ERR,ERR,ERR,ERR,ERR,ERR,ERR,ERR,ERR,ERR,ERR,ERR,ERR,ERR,ERR,ERR,ERR,ERR,ERR,ERR,ERR,ERR,ERR,ERR,ERR,ERR,ERR,ERR,ERR,ERR,ERR,ERR,ERR,ERR,ERR,ERR,ERR,ERR,ERR,ERR,ERR,ERR,ERR,ERR,ERR,ERR,ERR,ERR,ERR,ERR,ERR,ERR,ERR,ERR,ERR,ERR,ERR,ERR,ERR,ERR,ERR,ERR,ERR,ERR,ERR,ERR,ERR,ERR,ERR,ERR,ERR,ERR,ERR,ERR,ERR,ERR,ERR,ERR,ERR,ERR,ERR,ERR,ERR,ERR,ERR,ERR,ERR,ERR,ERR,ERR,ERR,ERR,ERR,ERR,ERR,ERR,ERR,ERR,0.0,0.0,-134474944.0,0.0,0.0,1.3936040501711995e+18,7.805,0.0,0,0,4,0,8422,0.0,45,0.0,0.0,0.0,0.0,0.0,0,0,0,0,0.0,0,0,0,0,0,0,0,0,0,0,0,0,0,0,0,0,0,0,0,0,0,0,0,0,0,0,0,0,0,0,0,0,0,38,14,7,45,65476,0,300,0,0,8,21553,0.0,-107605600.0,0.0,0.0,0.0,0.0,0.0,0.0,0.0,0.0,0.0,0.0,0.0,0.0,0.0,0.0,0.0,0.0,0.0,0.0,0.0,0.0,0.0,0.0,-2.004,2.004,0.0,0.0,0.0,0.0,5048.0,0.0,0.0,0.0,0.0,0.0,-107615304.0,0.0,0.0,0.0,0.0,53,5.848083413016271e+35,0.0,0.0,0.0,0.0,0.0,0.0,0.0,0.0,0,0,0,0.0,0.0,0.0,0.0,0.0,0.0,0.0,0.0,0.0,0.0,0.0,0.0,0.0,0.0,0.0,0.0,0,-107875648.0,53,0.0,106,-107614832.0,2.7006707062415038e+23,ERR,ERR,ERR,ERR,ERR,ERR,ERR,ERR,ERR,ERR,ERR,ERR,ERR,ERR,ERR,ERR,ERR,ERR,ERR,ERR,ERR,ERR,ERR,ERR,ERR,ERR,ERR,ERR,ERR,ERR,ERR,ERR,ERR,ERR,ERR,ERR,ERR,ERR,ERR,ERR,ERR,ERR,ERR,ERR,ERR,ERR,ERR,ERR,ERR,ERR,ERR,ERR,ERR,ERR,ERR,ERR,ERR,ERR,ERR,ERR,ERR,ERR,ERR,ERR,ERR,ERR,ERR,50.0,60.0,100,0.0,0.0,0.0,0.0,0.0,0.0,0.0,0.0,0.0,0.0,0.0,0.0,0.0,0.0,0.0,0.0,61.6,77,11,65508,50,65476,0,300,0,0,8,20529,65476,0,0,26214,60.0,0.0,0.0,0.0,0.0,0.0
2026-05-17T16:52:06,ERR,ERR,ERR,ERR,ERR,ERR,ERR,ERR,ERR,ERR,ERR,ERR,ERR,ERR,ERR,ERR,ERR,ERR,ERR,ERR,ERR,ERR,ERR,ERR,ERR,ERR,ERR,ERR,ERR,ERR,ERR,ERR,ERR,ERR,ERR,ERR,ERR,ERR,ERR,ERR,ERR,ERR,ERR,ERR,ERR,ERR,ERR,ERR,ERR,ERR,ERR,ERR,ERR,ERR,ERR,ERR,ERR,ERR,ERR,ERR,ERR,ERR,ERR,ERR,ERR,ERR,ERR,ERR,ERR,ERR,ERR,ERR,ERR,ERR,ERR,ERR,ERR,ERR,ERR,ERR,ERR,ERR,ERR,ERR,ERR,ERR,ERR,ERR,ERR,ERR,ERR,ERR,ERR,ERR,ERR,ERR,ERR,ERR,ERR,ERR,ERR,ERR,ERR,ERR,ERR,ERR,ERR,ERR,ERR,ERR,ERR,ERR,ERR,ERR,ERR,ERR,ERR,ERR,ERR,ERR,ERR,ERR,ERR,ERR,ERR,0.0,0.0,-134474944.0,0.0,0.0,1.3936040501711995e+18,7.805,0.0,0,0,4,0,8422,0.0,45,0.0,0.0,0.0,0.0,0.0,0,0,0,0,0.0,0,0,0,0,0,0,0,0,0,0,0,0,0,0,0,0,0,0,0,0,0,0,0,0,0,0,0,0,0,0,0,0,0,38,14,7,45,65476,0,300,0,0,8,21553,0.0,-107605600.0,0.0,0.0,0.0,0.0,0.0,0.0,0.0,0.0,0.0,0.0,0.0,0.0,0.0,0.0,0.0,0.0,0.0,0.0,0.0,0.0,0.0,0.0,-2.004,2.004,0.0,0.0,0.0,0.0,5048.0,0.0,0.0,0.0,0.0,0.0,-107615304.0,0.0,0.0,0.0,0.0,53,5.848083413016271e+35,0.0,0.0,0.0,0.0,0.0,0.0,0.0,0.0,0,0,0,0.0,0.0,0.0,0.0,0.0,0.0,0.0,0.0,0.0,0.0,0.0,0.0,0.0,0.0,0.0,0.0,0,-107875648.0,53,0.0,106,-107614832.0,2.7006707062415038e+23,ERR,ERR,ERR,ERR,ERR,ERR,ERR,ERR,ERR,ERR,ERR,ERR,ERR,ERR,ERR,ERR,ERR,ERR,ERR,ERR,ERR,ERR,ERR,ERR,ERR,ERR,ERR,ERR,ERR,ERR,ERR,ERR,ERR,ERR,ERR,ERR,ERR,ERR,ERR,ERR,ERR,ERR,ERR,ERR,ERR,ERR,ERR,ERR,ERR,ERR,ERR,ERR,ERR,ERR,ERR,ERR,ERR,ERR,ERR,ERR,ERR,ERR,ERR,ERR,ERR,ERR,ERR,50.0,60.0,100,0.0,0.0,0.0,0.0,0.0,0.0,0.0,0.0,0.0,0.0,0.0,0.0,0.0,0.0,0.0,0.0,61.6,77,11,65508,50,65476,0,300,0,0,8,20529,65476,0,0,26214,60.0,0.0,0.0,0.0,0.0,0.0
2026-05-17T16:52:07,ERR,ERR,ERR,ERR,ERR,ERR,ERR,ERR,ERR,ERR,ERR,ERR,ERR,ERR,ERR,ERR,ERR,ERR,ERR,ERR,ERR,ERR,ERR,ERR,ERR,ERR,ERR,ERR,ERR,ERR,ERR,ERR,ERR,ERR,ERR,ERR,ERR,ERR,ERR,ERR,ERR,ERR,ERR,ERR,ERR,ERR,ERR,ERR,ERR,ERR,ERR,ERR,ERR,ERR,ERR,ERR,ERR,ERR,ERR,ERR,ERR,ERR,ERR,ERR,ERR,ERR,ERR,ERR,ERR,ERR,ERR,ERR,ERR,ERR,ERR,ERR,ERR,ERR,ERR,ERR,ERR,ERR,ERR,ERR,ERR,ERR,ERR,ERR,ERR,ERR,ERR,ERR,ERR,ERR,ERR,ERR,ERR,ERR,ERR,ERR,ERR,ERR,ERR,ERR,ERR,ERR,ERR,ERR,ERR,ERR,ERR,ERR,ERR,ERR,ERR,ERR,ERR,ERR,ERR,ERR,ERR,ERR,ERR,ERR,ERR,0.0,0.0,-134474944.0,0.0,0.0,1.3936040501711995e+18,7.805,0.0,0,0,4,0,8422,0.0,45,0.0,0.0,0.0,0.0,0.0,0,0,0,0,0.0,0,0,0,0,0,0,0,0,0,0,0,0,0,0,0,0,0,0,0,0,0,0,0,0,0,0,0,0,0,0,0,0,0,38,14,7,45,65476,0,300,0,0,8,21553,0.0,-107605600.0,0.0,0.0,0.0,0.0,0.0,0.0,0.0,0.0,0.0,0.0,0.0,0.0,0.0,0.0,0.0,0.0,0.0,0.0,0.0,0.0,0.0,0.0,-2.004,2.004,0.0,0.0,0.0,0.0,5048.0,0.0,0.0,0.0,0.0,0.0,-107615304.0,0.0,0.0,0.0,0.0,53,5.848083413016271e+35,0.0,0.0,0.0,0.0,0.0,0.0,0.0,0.0,0,0,0,0.0,0.0,0.0,0.0,0.0,0.0,0.0,0.0,0.0,0.0,0.0,0.0,0.0,0.0,0.0,0.0,0,-107875648.0,53,0.0,106,-107614832.0,2.7006707062415038e+23,ERR,ERR,ERR,ERR,ERR,ERR,ERR,ERR,ERR,ERR,ERR,ERR,ERR,ERR,ERR,ERR,ERR,ERR,ERR,ERR,ERR,ERR,ERR,ERR,ERR,ERR,ERR,ERR,ERR,ERR,ERR,ERR,ERR,ERR,ERR,ERR,ERR,ERR,ERR,ERR,ERR,ERR,ERR,ERR,ERR,ERR,ERR,ERR,ERR,ERR,ERR,ERR,ERR,ERR,ERR,ERR,ERR,ERR,ERR,ERR,ERR,ERR,ERR,ERR,ERR,ERR,ERR,50.0,60.0,100,0.0,0.0,0.0,0.0,0.0,0.0,0.0,0.0,0.0,0.0,0.0,0.0,0.0,0.0,0.0,0.0,62.0,77,11,65508,50,65476,0,300,0,0,8,20529,65476,0,0,26214,60.0,0.0,0.0,0.0,0.0,0.0
2026-05-17T16:52:08,ERR,ERR,ERR,ERR,ERR,ERR,ERR,ERR,ERR,ERR,ERR,ERR,ERR,ERR,ERR,ERR,ERR,ERR,ERR,ERR,ERR,ERR,ERR,ERR,ERR,ERR,ERR,ERR,ERR,ERR,ERR,ERR,ERR,ERR,ERR,ERR,ERR,ERR,ERR,ERR,ERR,ERR,ERR,ERR,ERR,ERR,ERR,ERR,ERR,ERR,ERR,ERR,ERR,ERR,ERR,ERR,ERR,ERR,ERR,ERR,ERR,ERR,ERR,ERR,ERR,ERR,ERR,ERR,ERR,ERR,ERR,ERR,ERR,ERR,ERR,ERR,ERR,ERR,ERR,ERR,ERR,ERR,ERR,ERR,ERR,ERR,ERR,ERR,ERR,ERR,ERR,ERR,ERR,ERR,ERR,ERR,ERR,ERR,ERR,ERR,ERR,ERR,ERR,ERR,ERR,ERR,ERR,ERR,ERR,ERR,ERR,ERR,ERR,ERR,ERR,ERR,ERR,ERR,ERR,ERR,ERR,ERR,ERR,ERR,ERR,0.0,0.0,-134474944.0,0.0,0.0,1.3936040501711995e+18,7.805,0.0,0,0,4,0,8422,0.0,45,0.0,0.0,0.0,0.0,0.0,0,0,0,0,0.0,0,0,0,0,0,0,0,0,0,0,0,0,0,0,0,0,0,0,0,0,0,0,0,0,0,0,0,0,0,0,0,0,0,38,14,7,45,65476,0,300,0,0,8,21553,0.0,-107605600.0,0.0,0.0,0.0,0.0,0.0,0.0,0.0,0.0,0.0,0.0,0.0,0.0,0.0,0.0,0.0,0.0,0.0,0.0,0.0,0.0,0.0,0.0,-2.004,2.004,0.0,0.0,0.0,0.0,5048.0,0.0,0.0,0.0,0.0,0.0,-107615304.0,0.0,0.0,0.0,0.0,53,5.848083413016271e+35,0.0,0.0,0.0,0.0,0.0,0.0,0.0,0.0,0,0,0,0.0,0.0,0.0,0.0,0.0,0.0,0.0,0.0,0.0,0.0,0.0,0.0,0.0,0.0,0.0,0.0,0,-107875648.0,53,0.0,106,-107614832.0,2.7006707062415038e+23,ERR,ERR,ERR,ERR,ERR,ERR,ERR,ERR,ERR,ERR,ERR,ERR,ERR,ERR,ERR,ERR,ERR,ERR,ERR,ERR,ERR,ERR,ERR,ERR,ERR,ERR,ERR,ERR,ERR,ERR,ERR,ERR,ERR,ERR,ERR,ERR,ERR,ERR,ERR,ERR,ERR,ERR,ERR,ERR,ERR,ERR,ERR,ERR,ERR,ERR,ERR,ERR,ERR,ERR,ERR,ERR,ERR,ERR,ERR,ERR,ERR,ERR,ERR,ERR,ERR,ERR,ERR,50.0,60.0,100,0.0,0.0,0.0,0.0,0.0,0.0,0.0,0.0,0.0,0.0,0.0,0.0,0.0,0.0,0.0,0.0,62.0,77,11,65508,50,65476,0,300,0,0,8,20529,65476,0,0,26214,60.0,0.0,0.0,0.0,0.0,0.0
2026-05-17T16:52:09,ERR,ERR,ERR,ERR,ERR,ERR,ERR,ERR,ERR,ERR,ERR,ERR,ERR,ERR,ERR,ERR,ERR,ERR,ERR,ERR,ERR,ERR,ERR,ERR,ERR,ERR,ERR,ERR,ERR,ERR,ERR,ERR,ERR,ERR,ERR,ERR,ERR,ERR,ERR,ERR,ERR,ERR,ERR,ERR,ERR,ERR,ERR,ERR,ERR,ERR,ERR,ERR,ERR,ERR,ERR,ERR,ERR,ERR,ERR,ERR,ERR,ERR,ERR,ERR,ERR,ERR,ERR,ERR,ERR,ERR,ERR,ERR,ERR,ERR,ERR,ERR,ERR,ERR,ERR,ERR,ERR,ERR,ERR,ERR,ERR,ERR,ERR,ERR,ERR,ERR,ERR,ERR,ERR,ERR,ERR,ERR,ERR,ERR,ERR,ERR,ERR,ERR,ERR,ERR,ERR,ERR,ERR,ERR,ERR,ERR,ERR,ERR,ERR,ERR,ERR,ERR,ERR,ERR,ERR,ERR,ERR,ERR,ERR,ERR,ERR,0.0,0.0,-134474944.0,0.0,0.0,1.3936040501711995e+18,7.805,0.0,0,0,4,0,8422,0.0,45,0.0,0.0,0.0,0.0,0.0,0,0,0,0,0.0,0,0,0,0,0,0,0,0,0,0,0,0,0,0,0,0,0,0,0,0,0,0,0,0,0,0,0,0,0,0,0,0,0,38,14,7,45,65476,0,300,0,0,8,21553,0.0,-107605600.0,0.0,0.0,0.0,0.0,0.0,0.0,0.0,0.0,0.0,0.0,0.0,0.0,0.0,0.0,0.0,0.0,0.0,0.0,0.0,0.0,0.0,0.0,-2.004,2.004,0.0,0.0,0.0,0.0,5013.0,-1.5879293531142762e+29,0.0,0.0,0.0,0.0,-107615304.0,0.0,0.0,0.0,0.0,53,-0.0,-107614784.0,0.0,0.0,0.0,0.0,0.0,0.0,0.0,0,0,0,0.0,0.0,0.0,0.0,0.0,0.0,0.0,0.0,0.0,0.0,0.0,0.0,0.0,0.0,0.0,0.0,0,-107875648.0,53,0.0,106,-107614832.0,2.7006707062415038e+23,ERR,ERR,ERR,ERR,ERR,ERR,ERR,ERR,ERR,ERR,ERR,ERR,ERR,ERR,ERR,ERR,ERR,ERR,ERR,ERR,ERR,ERR,ERR,ERR,ERR,ERR,ERR,ERR,ERR,ERR,ERR,ERR,ERR,ERR,ERR,ERR,ERR,ERR,ERR,ERR,ERR,ERR,ERR,ERR,ERR,ERR,ERR,ERR,ERR,ERR,ERR,ERR,ERR,ERR,ERR,ERR,ERR,ERR,ERR,ERR,ERR,ERR,ERR,ERR,ERR,ERR,ERR,50.0,60.0,100,0.0,0.0,0.0,0.0,0.0,0.0,0.0,0.0,0.0,0.0,0.0,0.0,0.0,0.0,0.0,0.0,62.0,77,11,65508,50,65476,0,300,0,0,8,20529,65476,0,0,26214,60.0,0.0,0.0,0.0,0.0,0.0
2026-05-17T16:52:10,ERR,ERR,ERR,ERR,ERR,ERR,ERR,ERR,ERR,ERR,ERR,ERR,ERR,ERR,ERR,ERR,ERR,ERR,ERR,ERR,ERR,ERR,ERR,ERR,ERR,ERR,ERR,ERR,ERR,ERR,ERR,ERR,ERR,ERR,ERR,ERR,ERR,ERR,ERR,ERR,ERR,ERR,ERR,ERR,ERR,ERR,ERR,ERR,ERR,ERR,ERR,ERR,ERR,ERR,ERR,ERR,ERR,ERR,ERR,ERR,ERR,ERR,ERR,ERR,ERR,ERR,ERR,ERR,ERR,ERR,ERR,ERR,ERR,ERR,ERR,ERR,ERR,ERR,ERR,ERR,ERR,ERR,ERR,ERR,ERR,ERR,ERR,ERR,ERR,ERR,ERR,ERR,ERR,ERR,ERR,ERR,ERR,ERR,ERR,ERR,ERR,ERR,ERR,ERR,ERR,ERR,ERR,ERR,ERR,ERR,ERR,ERR,ERR,ERR,ERR,ERR,ERR,ERR,ERR,ERR,ERR,ERR,ERR,ERR,ERR,0.0,0.0,-134474944.0,0.0,0.0,1.3936040501711995e+18,7.805,0.0,0,0,4,0,8422,0.0,45,0.0,0.0,0.0,0.0,0.0,0,0,0,0,0.0,0,0,0,0,0,0,0,0,0,0,0,0,0,0,0,0,0,0,0,0,0,0,0,0,0,0,0,0,0,0,0,0,0,38,14,7,45,65476,0,300,0,0,8,21553,0.0,-107605600.0,0.0,0.0,0.0,0.0,0.0,0.0,0.0,0.0,0.0,0.0,0.0,0.0,0.0,0.0,0.0,0.0,0.0,0.0,0.0,0.0,0.0,0.0,-2.004,2.004,0.0,0.0,0.0,0.0,5013.0,-1.5879293531142762e+29,0.0,0.0,0.0,0.0,-107615304.0,0.0,0.0,0.0,0.0,53,-0.0,-107614784.0,0.0,0.0,0.0,0.0,0.0,0.0,0.0,0,0,0,0.0,0.0,0.0,0.0,0.0,0.0,0.0,0.0,0.0,0.0,0.0,0.0,0.0,0.0,0.0,0.0,0,-107875648.0,53,0.0,106,-107614832.0,2.7006707062415038e+23,ERR,ERR,ERR,ERR,ERR,ERR,ERR,ERR,ERR,ERR,ERR,ERR,ERR,ERR,ERR,ERR,ERR,ERR,ERR,ERR,ERR,ERR,ERR,ERR,ERR,ERR,ERR,ERR,ERR,ERR,ERR,ERR,ERR,ERR,ERR,ERR,ERR,ERR,ERR,ERR,ERR,ERR,ERR,ERR,ERR,ERR,ERR,ERR,ERR,ERR,ERR,ERR,ERR,ERR,ERR,ERR,ERR,ERR,ERR,ERR,ERR,ERR,ERR,ERR,ERR,ERR,ERR,50.0,60.0,100,0.0,0.0,0.0,0.0,0.0,0.0,0.0,0.0,0.0,0.0,0.0,0.0,0.0,0.0,0.0,0.0,62.0,77,11,65508,50,65476,0,300,0,0,8,20529,65476,0,0,26214,60.0,0.0,0.0,0.0,0.0,0.0
2026-05-17T16:52:11,ERR,ERR,ERR,ERR,ERR,ERR,ERR,ERR,ERR,ERR,ERR,ERR,ERR,ERR,ERR,ERR,ERR,ERR,ERR,ERR,ERR,ERR,ERR,ERR,ERR,ERR,ERR,ERR,ERR,ERR,ERR,ERR,ERR,ERR,ERR,ERR,ERR,ERR,ERR,ERR,ERR,ERR,ERR,ERR,ERR,ERR,ERR,ERR,ERR,ERR,ERR,ERR,ERR,ERR,ERR,ERR,ERR,ERR,ERR,ERR,ERR,ERR,ERR,ERR,ERR,ERR,ERR,ERR,ERR,ERR,ERR,ERR,ERR,ERR,ERR,ERR,ERR,ERR,ERR,ERR,ERR,ERR,ERR,ERR,ERR,ERR,ERR,ERR,ERR,ERR,ERR,ERR,ERR,ERR,ERR,ERR,ERR,ERR,ERR,ERR,ERR,ERR,ERR,ERR,ERR,ERR,ERR,ERR,ERR,ERR,ERR,ERR,ERR,ERR,ERR,ERR,ERR,ERR,ERR,ERR,ERR,ERR,ERR,ERR,ERR,0.0,0.0,-134474944.0,0.0,0.0,1.3936040501711995e+18,7.805,0.0,0,0,4,0,8422,0.0,45,0.0,0.0,0.0,0.0,0.0,0,0,0,0,0.0,0,0,0,0,0,0,0,0,0,0,0,0,0,0,0,0,0,0,0,0,0,0,0,0,0,0,0,0,0,0,0,0,0,38,14,7,45,65476,0,300,0,0,8,21553,0.0,-107605600.0,0.0,0.0,0.0,0.0,0.0,0.0,0.0,0.0,0.0,0.0,0.0,0.0,0.0,0.0,0.0,0.0,0.0,0.0,0.0,0.0,0.0,0.0,-2.004,2.004,0.0,0.0,0.0,0.0,5013.0,-1.5879293531142762e+29,0.0,0.0,0.0,0.0,-107615304.0,0.0,0.0,0.0,0.0,53,-0.0,-107614784.0,0.0,0.0,0.0,0.0,0.0,0.0,0.0,0,0,0,0.0,0.0,0.0,0.0,0.0,0.0,0.0,0.0,0.0,0.0,0.0,0.0,0.0,0.0,0.0,0.0,0,-107875648.0,53,0.0,106,-107614832.0,2.7006707062415038e+23,ERR,ERR,ERR,ERR,ERR,ERR,ERR,ERR,ERR,ERR,ERR,ERR,ERR,ERR,ERR,ERR,ERR,ERR,ERR,ERR,ERR,ERR,ERR,ERR,ERR,ERR,ERR,ERR,ERR,ERR,ERR,ERR,ERR,ERR,ERR,ERR,ERR,ERR,ERR,ERR,ERR,ERR,ERR,ERR,ERR,ERR,ERR,ERR,ERR,ERR,ERR,ERR,ERR,ERR,ERR,ERR,ERR,ERR,ERR,ERR,ERR,ERR,ERR,ERR,ERR,ERR,ERR,50.0,60.0,100,0.0,0.0,0.0,0.0,0.0,0.0,0.0,0.0,0.0,0.0,0.0,0.0,0.0,0.0,0.0,0.0,61.6,77,11,65508,50,65476,0,300,0,0,8,20529,65476,0,0,26214,60.0,0.0,0.0,0.0,0.0,0.0
2026-05-17T16:52:12,ERR,ERR,ERR,ERR,ERR,ERR,ERR,ERR,ERR,ERR,ERR,ERR,ERR,ERR,ERR,ERR,ERR,ERR,ERR,ERR,ERR,ERR,ERR,ERR,ERR,ERR,ERR,ERR,ERR,ERR,ERR,ERR,ERR,ERR,ERR,ERR,ERR,ERR,ERR,ERR,ERR,ERR,ERR,ERR,ERR,ERR,ERR,ERR,ERR,ERR,ERR,ERR,ERR,ERR,ERR,ERR,ERR,ERR,ERR,ERR,ERR,ERR,ERR,ERR,ERR,ERR,ERR,ERR,ERR,ERR,ERR,ERR,ERR,ERR,ERR,ERR,ERR,ERR,ERR,ERR,ERR,ERR,ERR,ERR,ERR,ERR,ERR,ERR,ERR,ERR,ERR,ERR,ERR,ERR,ERR,ERR,ERR,ERR,ERR,ERR,ERR,ERR,ERR,ERR,ERR,ERR,ERR,ERR,ERR,ERR,ERR,ERR,ERR,ERR,ERR,ERR,ERR,ERR,ERR,ERR,ERR,ERR,ERR,ERR,ERR,0.0,0.0,-134474944.0,0.0,0.0,1.3936040501711995e+18,7.805,0.0,0,0,4,0,8422,0.0,45,0.0,0.0,0.0,0.0,0.0,0,0,0,0,0.0,0,0,0,0,0,0,0,0,0,0,0,0,0,0,0,0,0,0,0,0,0,0,0,0,0,0,0,0,0,0,0,0,0,38,14,7,45,65476,0,300,0,0,8,21553,0.0,-107605600.0,0.0,0.0,0.0,0.0,0.0,0.0,0.0,0.0,0.0,0.0,0.0,0.0,0.0,0.0,0.0,0.0,0.0,0.0,0.0,0.0,0.0,0.0,-2.004,2.004,0.0,0.0,0.0,0.0,5013.0,-1.5879293531142762e+29,0.0,0.0,0.0,0.0,-107615304.0,0.0,0.0,0.0,0.0,53,-0.0,-107614784.0,0.0,0.0,0.0,0.0,0.0,0.0,0.0,0,0,0,0.0,0.0,0.0,0.0,0.0,0.0,0.0,0.0,0.0,0.0,0.0,0.0,0.0,0.0,0.0,0.0,0,-107875648.0,53,0.0,106,-107614832.0,2.7006707062415038e+23,ERR,ERR,ERR,ERR,ERR,ERR,ERR,ERR,ERR,ERR,ERR,ERR,ERR,ERR,ERR,ERR,ERR,ERR,ERR,ERR,ERR,ERR,ERR,ERR,ERR,ERR,ERR,ERR,ERR,ERR,ERR,ERR,ERR,ERR,ERR,ERR,ERR,ERR,ERR,ERR,ERR,ERR,ERR,ERR,ERR,ERR,ERR,ERR,ERR,ERR,ERR,ERR,ERR,ERR,ERR,ERR,ERR,ERR,ERR,ERR,ERR,ERR,ERR,ERR,ERR,ERR,ERR,50.0,60.0,100,0.0,0.0,0.0,0.0,0.0,0.0,0.0,0.0,0.0,0.0,0.0,0.0,0.0,0.0,0.0,0.0,61.6,77,11,65508,50,65476,0,300,0,0,8,20529,65476,0,0,26214,60.0,0.0,0.0,0.0,0.0,0.0
2026-05-17T16:52:13,ERR,ERR,ERR,ERR,ERR,ERR,ERR,ERR,ERR,ERR,ERR,ERR,ERR,ERR,ERR,ERR,ERR,ERR,ERR,ERR,ERR,ERR,ERR,ERR,ERR,ERR,ERR,ERR,ERR,ERR,ERR,ERR,ERR,ERR,ERR,ERR,ERR,ERR,ERR,ERR,ERR,ERR,ERR,ERR,ERR,ERR,ERR,ERR,ERR,ERR,ERR,ERR,ERR,ERR,ERR,ERR,ERR,ERR,ERR,ERR,ERR,ERR,ERR,ERR,ERR,ERR,ERR,ERR,ERR,ERR,ERR,ERR,ERR,ERR,ERR,ERR,ERR,ERR,ERR,ERR,ERR,ERR,ERR,ERR,ERR,ERR,ERR,ERR,ERR,ERR,ERR,ERR,ERR,ERR,ERR,ERR,ERR,ERR,ERR,ERR,ERR,ERR,ERR,ERR,ERR,ERR,ERR,ERR,ERR,ERR,ERR,ERR,ERR,ERR,ERR,ERR,ERR,ERR,ERR,ERR,ERR,ERR,ERR,ERR,ERR,0.0,0.0,-134474944.0,0.0,0.0,1.3936040501711995e+18,7.805,0.0,0,0,4,0,8422,0.0,45,0.0,0.0,0.0,0.0,0.0,0,0,0,0,0.0,0,0,0,0,0,0,0,0,0,0,0,0,0,0,0,0,0,0,0,0,0,0,0,0,0,0,0,0,0,0,0,0,0,38,14,7,45,65476,0,300,0,0,8,21553,0.0,-107605600.0,0.0,0.0,0.0,0.0,0.0,0.0,0.0,0.0,0.0,0.0,0.0,0.0,0.0,0.0,0.0,0.0,0.0,0.0,0.0,0.0,0.0,0.0,-2.004,2.004,0.0,0.0,0.0,0.0,5013.0,-1.5879293531142762e+29,0.0,0.0,0.0,0.0,-107615304.0,0.0,0.0,0.0,0.0,53,-0.0,-107614784.0,0.0,0.0,0.0,0.0,0.0,0.0,0.0,0,0,0,0.0,0.0,0.0,0.0,0.0,0.0,0.0,0.0,0.0,0.0,0.0,0.0,0.0,0.0,0.0,0.0,0,-107875648.0,53,0.0,106,-107614832.0,2.7006707062415038e+23,ERR,ERR,ERR,ERR,ERR,ERR,ERR,ERR,ERR,ERR,ERR,ERR,ERR,ERR,ERR,ERR,ERR,ERR,ERR,ERR,ERR,ERR,ERR,ERR,ERR,ERR,ERR,ERR,ERR,ERR,ERR,ERR,ERR,ERR,ERR,ERR,ERR,ERR,ERR,ERR,ERR,ERR,ERR,ERR,ERR,ERR,ERR,ERR,ERR,ERR,ERR,ERR,ERR,ERR,ERR,ERR,ERR,ERR,ERR,ERR,ERR,ERR,ERR,ERR,ERR,ERR,ERR,50.0,60.0,100,0.0,0.0,0.0,0.0,0.0,0.0,0.0,0.0,0.0,0.0,0.0,0.0,0.0,0.0,0.0,0.0,61.6,77,11,65508,50,65476,0,300,0,0,8,20529,65476,0,0,26214,60.0,0.0,0.0,0.0,0.0,0.0
2026-05-17T16:52:14,ERR,ERR,ERR,ERR,ERR,ERR,ERR,ERR,ERR,ERR,ERR,ERR,ERR,ERR,ERR,ERR,ERR,ERR,ERR,ERR,ERR,ERR,ERR,ERR,ERR,ERR,ERR,ERR,ERR,ERR,ERR,ERR,ERR,ERR,ERR,ERR,ERR,ERR,ERR,ERR,ERR,ERR,ERR,ERR,ERR,ERR,ERR,ERR,ERR,ERR,ERR,ERR,ERR,ERR,ERR,ERR,ERR,ERR,ERR,ERR,ERR,ERR,ERR,ERR,ERR,ERR,ERR,ERR,ERR,ERR,ERR,ERR,ERR,ERR,ERR,ERR,ERR,ERR,ERR,ERR,ERR,ERR,ERR,ERR,ERR,ERR,ERR,ERR,ERR,ERR,ERR,ERR,ERR,ERR,ERR,ERR,ERR,ERR,ERR,ERR,ERR,ERR,ERR,ERR,ERR,ERR,ERR,ERR,ERR,ERR,ERR,ERR,ERR,ERR,ERR,ERR,ERR,ERR,ERR,ERR,ERR,ERR,ERR,ERR,ERR,0.0,0.0,-134474944.0,0.0,0.0,1.3936040501711995e+18,7.805,0.0,0,0,4,0,8422,0.0,45,0.0,0.0,0.0,0.0,0.0,0,0,0,0,0.0,0,0,0,0,0,0,0,0,0,0,0,0,0,0,0,0,0,0,0,0,0,0,0,0,0,0,0,0,0,0,0,0,0,38,14,7,45,65476,0,300,0,0,8,21553,0.0,-107605600.0,0.0,0.0,0.0,0.0,0.0,0.0,0.0,0.0,0.0,0.0,0.0,0.0,0.0,0.0,0.0,0.0,0.0,0.0,0.0,0.0,0.0,0.0,-2.004,2.004,0.0,0.0,0.0,0.0,5049.0,0.0,0.0,0.0,0.0,0.0,-107615304.0,0.0,0.0,0.0,0.0,53,-0.0,0.0,0.0,0.0,0.0,0.0,0.0,0.0,0.0,0,0,0,0.0,0.0,0.0,0.0,0.0,0.0,0.0,0.0,0.0,0.0,0.0,0.0,0.0,0.0,0.0,0.0,0,-107875648.0,53,0.0,106,-107614832.0,2.7006707062415038e+23,ERR,ERR,ERR,ERR,ERR,ERR,ERR,ERR,ERR,ERR,ERR,ERR,ERR,ERR,ERR,ERR,ERR,ERR,ERR,ERR,ERR,ERR,ERR,ERR,ERR,ERR,ERR,ERR,ERR,ERR,ERR,ERR,ERR,ERR,ERR,ERR,ERR,ERR,ERR,ERR,ERR,ERR,ERR,ERR,ERR,ERR,ERR,ERR,ERR,ERR,ERR,ERR,ERR,ERR,ERR,ERR,ERR,ERR,ERR,ERR,ERR,ERR,ERR,ERR,ERR,ERR,ERR,50.0,60.0,100,0.0,0.0,0.0,0.0,0.0,0.0,0.0,0.0,0.0,0.0,0.0,0.0,0.0,0.0,0.0,0.0,61.6,77,11,65508,50,65476,0,300,0,0,8,20529,65476,0,0,26214,60.0,0.0,0.0,0.0,0.0,0.0
2026-05-17T16:52:15,ERR,ERR,ERR,ERR,ERR,ERR,ERR,ERR,ERR,ERR,ERR,ERR,ERR,ERR,ERR,ERR,ERR,ERR,ERR,ERR,ERR,ERR,ERR,ERR,ERR,ERR,ERR,ERR,ERR,ERR,ERR,ERR,ERR,ERR,ERR,ERR,ERR,ERR,ERR,ERR,ERR,ERR,ERR,ERR,ERR,ERR,ERR,ERR,ERR,ERR,ERR,ERR,ERR,ERR,ERR,ERR,ERR,ERR,ERR,ERR,ERR,ERR,ERR,ERR,ERR,ERR,ERR,ERR,ERR,ERR,ERR,ERR,ERR,ERR,ERR,ERR,ERR,ERR,ERR,ERR,ERR,ERR,ERR,ERR,ERR,ERR,ERR,ERR,ERR,ERR,ERR,ERR,ERR,ERR,ERR,ERR,ERR,ERR,ERR,ERR,ERR,ERR,ERR,ERR,ERR,ERR,ERR,ERR,ERR,ERR,ERR,ERR,ERR,ERR,ERR,ERR,ERR,ERR,ERR,ERR,ERR,ERR,ERR,ERR,ERR,0.0,0.0,-134474944.0,0.0,0.0,1.3936040501711995e+18,7.805,0.0,0,0,4,0,8422,0.0,45,0.0,0.0,0.0,0.0,0.0,0,0,0,0,0.0,0,0,0,0,0,0,0,0,0,0,0,0,0,0,0,0,0,0,0,0,0,0,0,0,0,0,0,0,0,0,0,0,0,38,14,7,45,65476,0,300,0,0,8,21553,0.0,-107605600.0,0.0,0.0,0.0,0.0,0.0,0.0,0.0,0.0,0.0,0.0,0.0,0.0,0.0,0.0,0.0,0.0,0.0,0.0,0.0,0.0,0.0,0.0,-2.004,2.004,0.0,0.0,0.0,0.0,5049.0,0.0,0.0,0.0,0.0,0.0,-107615304.0,0.0,0.0,0.0,0.0,53,-0.0,0.0,0.0,0.0,0.0,0.0,0.0,0.0,0.0,0,0,0,0.0,0.0,0.0,0.0,0.0,0.0,0.0,0.0,0.0,0.0,0.0,0.0,0.0,0.0,0.0,0.0,0,-107875648.0,53,0.0,106,-107614832.0,2.7006707062415038e+23,ERR,ERR,ERR,ERR,ERR,ERR,ERR,ERR,ERR,ERR,ERR,ERR,ERR,ERR,ERR,ERR,ERR,ERR,ERR,ERR,ERR,ERR,ERR,ERR,ERR,ERR,ERR,ERR,ERR,ERR,ERR,ERR,ERR,ERR,ERR,ERR,ERR,ERR,ERR,ERR,ERR,ERR,ERR,ERR,ERR,ERR,ERR,ERR,ERR,ERR,ERR,ERR,ERR,ERR,ERR,ERR,ERR,ERR,ERR,ERR,ERR,ERR,ERR,ERR,ERR,ERR,ERR,50.0,60.0,100,0.0,0.0,0.0,0.0,0.0,0.0,0.0,0.0,0.0,0.0,0.0,0.0,0.0,0.0,0.0,0.0,61.6,77,11,65508,50,65476,0,300,0,0,8,20529,65476,0,0,26214,60.0,0.0,0.0,0.0,0.0,0.0
2026-05-17T16:52:16,ERR,ERR,ERR,ERR,ERR,ERR,ERR,ERR,ERR,ERR,ERR,ERR,ERR,ERR,ERR,ERR,ERR,ERR,ERR,ERR,ERR,ERR,ERR,ERR,ERR,ERR,ERR,ERR,ERR,ERR,ERR,ERR,ERR,ERR,ERR,ERR,ERR,ERR,ERR,ERR,ERR,ERR,ERR,ERR,ERR,ERR,ERR,ERR,ERR,ERR,ERR,ERR,ERR,ERR,ERR,ERR,ERR,ERR,ERR,ERR,ERR,ERR,ERR,ERR,ERR,ERR,ERR,ERR,ERR,ERR,ERR,ERR,ERR,ERR,ERR,ERR,ERR,ERR,ERR,ERR,ERR,ERR,ERR,ERR,ERR,ERR,ERR,ERR,ERR,ERR,ERR,ERR,ERR,ERR,ERR,ERR,ERR,ERR,ERR,ERR,ERR,ERR,ERR,ERR,ERR,ERR,ERR,ERR,ERR,ERR,ERR,ERR,ERR,ERR,ERR,ERR,ERR,ERR,ERR,ERR,ERR,ERR,ERR,ERR,ERR,0.0,0.0,-134474944.0,0.0,0.0,1.3936040501711995e+18,7.805,0.0,0,0,4,0,8422,0.0,45,0.0,0.0,0.0,0.0,0.0,0,0,0,0,0.0,0,0,0,0,0,0,0,0,0,0,0,0,0,0,0,0,0,0,0,0,0,0,0,0,0,0,0,0,0,0,0,0,0,38,14,7,45,65476,0,300,0,0,8,21553,0.0,-107605600.0,0.0,0.0,0.0,0.0,0.0,0.0,0.0,0.0,0.0,0.0,0.0,0.0,0.0,0.0,0.0,0.0,0.0,0.0,0.0,0.0,0.0,0.0,-2.004,2.004,0.0,0.0,0.0,0.0,5049.0,0.0,0.0,0.0,0.0,0.0,-107615304.0,0.0,0.0,0.0,0.0,53,-0.0,0.0,0.0,0.0,0.0,0.0,0.0,0.0,0.0,0,0,0,0.0,0.0,0.0,0.0,0.0,0.0,0.0,0.0,0.0,0.0,0.0,0.0,0.0,0.0,0.0,0.0,0,-107875648.0,53,0.0,106,-107614832.0,2.7006707062415038e+23,ERR,ERR,ERR,ERR,ERR,ERR,ERR,ERR,ERR,ERR,ERR,ERR,ERR,ERR,ERR,ERR,ERR,ERR,ERR,ERR,ERR,ERR,ERR,ERR,ERR,ERR,ERR,ERR,ERR,ERR,ERR,ERR,ERR,ERR,ERR,ERR,ERR,ERR,ERR,ERR,ERR,ERR,ERR,ERR,ERR,ERR,ERR,ERR,ERR,ERR,ERR,ERR,ERR,ERR,ERR,ERR,ERR,ERR,ERR,ERR,ERR,ERR,ERR,ERR,ERR,ERR,ERR,50.0,60.0,100,0.0,0.0,0.0,0.0,0.0,0.0,0.0,0.0,0.0,0.0,0.0,0.0,0.0,0.0,0.0,0.0,61.6,77,11,65508,50,65476,0,300,0,0,8,20529,65476,0,0,26214,60.0,0.0,0.0,0.0,0.0,0.0
2026-05-17T16:52:17,ERR,ERR,ERR,ERR,ERR,ERR,ERR,ERR,ERR,ERR,ERR,ERR,ERR,ERR,ERR,ERR,ERR,ERR,ERR,ERR,ERR,ERR,ERR,ERR,ERR,ERR,ERR,ERR,ERR,ERR,ERR,ERR,ERR,ERR,ERR,ERR,ERR,ERR,ERR,ERR,ERR,ERR,ERR,ERR,ERR,ERR,ERR,ERR,ERR,ERR,ERR,ERR,ERR,ERR,ERR,ERR,ERR,ERR,ERR,ERR,ERR,ERR,ERR,ERR,ERR,ERR,ERR,ERR,ERR,ERR,ERR,ERR,ERR,ERR,ERR,ERR,ERR,ERR,ERR,ERR,ERR,ERR,ERR,ERR,ERR,ERR,ERR,ERR,ERR,ERR,ERR,ERR,ERR,ERR,ERR,ERR,ERR,ERR,ERR,ERR,ERR,ERR,ERR,ERR,ERR,ERR,ERR,ERR,ERR,ERR,ERR,ERR,ERR,ERR,ERR,ERR,ERR,ERR,ERR,ERR,ERR,ERR,ERR,ERR,ERR,0.0,0.0,-134474944.0,0.0,0.0,1.3936040501711995e+18,7.805,0.0,0,0,4,0,8422,0.0,45,0.0,0.0,0.0,0.0,0.0,0,0,0,0,0.0,0,0,0,0,0,0,0,0,0,0,0,0,0,0,0,0,0,0,0,0,0,0,0,0,0,0,0,0,0,0,0,0,0,38,14,7,45,65476,0,300,0,0,8,21553,0.0,-107605600.0,0.0,0.0,0.0,0.0,0.0,0.0,0.0,0.0,0.0,0.0,0.0,0.0,0.0,0.0,0.0,0.0,0.0,0.0,0.0,0.0,0.0,0.0,-2.004,2.004,0.0,0.0,0.0,0.0,5049.0,0.0,0.0,0.0,0.0,0.0,-107615304.0,0.0,0.0,0.0,0.0,53,-0.0,0.0,0.0,0.0,0.0,0.0,0.0,0.0,0.0,0,0,0,0.0,0.0,0.0,0.0,0.0,0.0,0.0,0.0,0.0,0.0,0.0,0.0,0.0,0.0,0.0,0.0,0,-107875648.0,53,0.0,106,-107614832.0,2.7006707062415038e+23,ERR,ERR,ERR,ERR,ERR,ERR,ERR,ERR,ERR,ERR,ERR,ERR,ERR,ERR,ERR,ERR,ERR,ERR,ERR,ERR,ERR,ERR,ERR,ERR,ERR,ERR,ERR,ERR,ERR,ERR,ERR,ERR,ERR,ERR,ERR,ERR,ERR,ERR,ERR,ERR,ERR,ERR,ERR,ERR,ERR,ERR,ERR,ERR,ERR,ERR,ERR,ERR,ERR,ERR,ERR,ERR,ERR,ERR,ERR,ERR,ERR,ERR,ERR,ERR,ERR,ERR,ERR,50.0,60.0,100,0.0,0.0,0.0,0.0,0.0,0.0,0.0,0.0,0.0,0.0,0.0,0.0,0.0,0.0,0.0,0.0,61.6,77,11,65508,50,65476,0,300,0,0,8,20529,65476,0,0,26214,60.0,0.0,0.0,0.0,0.0,0.0
2026-05-17T16:52:18,ERR,ERR,ERR,ERR,ERR,ERR,ERR,ERR,ERR,ERR,ERR,ERR,ERR,ERR,ERR,ERR,ERR,ERR,ERR,ERR,ERR,ERR,ERR,ERR,ERR,ERR,ERR,ERR,ERR,ERR,ERR,ERR,ERR,ERR,ERR,ERR,ERR,ERR,ERR,ERR,ERR,ERR,ERR,ERR,ERR,ERR,ERR,ERR,ERR,ERR,ERR,ERR,ERR,ERR,ERR,ERR,ERR,ERR,ERR,ERR,ERR,ERR,ERR,ERR,ERR,ERR,ERR,ERR,ERR,ERR,ERR,ERR,ERR,ERR,ERR,ERR,ERR,ERR,ERR,ERR,ERR,ERR,ERR,ERR,ERR,ERR,ERR,ERR,ERR,ERR,ERR,ERR,ERR,ERR,ERR,ERR,ERR,ERR,ERR,ERR,ERR,ERR,ERR,ERR,ERR,ERR,ERR,ERR,ERR,ERR,ERR,ERR,ERR,ERR,ERR,ERR,ERR,ERR,ERR,ERR,ERR,ERR,ERR,ERR,ERR,0.0,0.0,-134474944.0,0.0,0.0,1.3936040501711995e+18,7.805,0.0,0,0,4,0,8422,0.0,45,0.0,0.0,0.0,0.0,0.0,0,0,0,0,0.0,0,0,0,0,0,0,0,0,0,0,0,0,0,0,0,0,0,0,0,0,0,0,0,0,0,0,0,0,0,0,0,0,0,38,14,7,45,65476,0,300,0,0,8,21553,0.0,-107605600.0,0.0,0.0,0.0,0.0,0.0,0.0,0.0,0.0,0.0,0.0,0.0,0.0,0.0,0.0,0.0,0.0,0.0,0.0,0.0,0.0,0.0,0.0,-2.004,2.004,0.0,0.0,0.0,0.0,5049.0,0.0,0.0,0.0,0.0,0.0,-107615304.0,0.0,0.0,0.0,0.0,53,-0.0,0.0,0.0,0.0,0.0,0.0,0.0,0.0,0.0,0,0,0,0.0,0.0,0.0,0.0,0.0,0.0,0.0,0.0,0.0,0.0,0.0,0.0,0.0,0.0,0.0,0.0,0,-107875648.0,53,0.0,106,-107614832.0,2.7006707062415038e+23,ERR,ERR,ERR,ERR,ERR,ERR,ERR,ERR,ERR,ERR,ERR,ERR,ERR,ERR,ERR,ERR,ERR,ERR,ERR,ERR,ERR,ERR,ERR,ERR,ERR,ERR,ERR,ERR,ERR,ERR,ERR,ERR,ERR,ERR,ERR,ERR,ERR,ERR,ERR,ERR,ERR,ERR,ERR,ERR,ERR,ERR,ERR,ERR,ERR,ERR,ERR,ERR,ERR,ERR,ERR,ERR,ERR,ERR,ERR,ERR,ERR,ERR,ERR,ERR,ERR,ERR,ERR,50.0,60.0,100,0.0,0.0,0.0,0.0,0.0,0.0,0.0,0.0,0.0,0.0,0.0,0.0,0.0,0.0,0.0,0.0,62.0,77,11,65508,50,65476,0,300,0,0,8,20529,65476,0,0,26214,60.0,0.0,0.0,0.0,0.0,0.0
2026-05-17T16:52:19,ERR,ERR,ERR,ERR,ERR,ERR,ERR,ERR,ERR,ERR,ERR,ERR,ERR,ERR,ERR,ERR,ERR,ERR,ERR,ERR,ERR,ERR,ERR,ERR,ERR,ERR,ERR,ERR,ERR,ERR,ERR,ERR,ERR,ERR,ERR,ERR,ERR,ERR,ERR,ERR,ERR,ERR,ERR,ERR,ERR,ERR,ERR,ERR,ERR,ERR,ERR,ERR,ERR,ERR,ERR,ERR,ERR,ERR,ERR,ERR,ERR,ERR,ERR,ERR,ERR,ERR,ERR,ERR,ERR,ERR,ERR,ERR,ERR,ERR,ERR,ERR,ERR,ERR,ERR,ERR,ERR,ERR,ERR,ERR,ERR,ERR,ERR,ERR,ERR,ERR,ERR,ERR,ERR,ERR,ERR,ERR,ERR,ERR,ERR,ERR,ERR,ERR,ERR,ERR,ERR,ERR,ERR,ERR,ERR,ERR,ERR,ERR,ERR,ERR,ERR,ERR,ERR,ERR,ERR,ERR,ERR,ERR,ERR,ERR,ERR,0.0,0.0,-134474944.0,0.0,0.0,1.3936040501711995e+18,7.805,0.0,0,0,4,0,8422,0.0,45,0.0,0.0,0.0,0.0,0.0,0,0,0,0,0.0,0,0,0,0,0,0,0,0,0,0,0,0,0,0,0,0,0,0,0,0,0,0,0,0,0,0,0,0,0,0,0,0,0,38,14,7,45,65476,0,300,0,0,8,21553,0.0,-107605600.0,0.0,0.0,0.0,0.0,0.0,0.0,0.0,0.0,0.0,0.0,0.0,0.0,0.0,0.0,0.0,0.0,0.0,0.0,0.0,0.0,0.0,0.0,-2.004,2.004,0.0,0.0,0.0,0.0,5040.0,0.0,0.0,0.0,0.0,0.0,-107615304.0,0.0,0.0,0.0,0.0,53,5.848083413016271e+35,0.0,0.0,0.0,0.0,0.0,0.0,0.0,0.0,0,0,0,0.0,0.0,0.0,0.0,0.0,0.0,0.0,0.0,0.0,0.0,0.0,0.0,0.0,0.0,0.0,0.0,0,-107875648.0,53,0.0,106,-107614832.0,2.7006707062415038e+23,ERR,ERR,ERR,ERR,ERR,ERR,ERR,ERR,ERR,ERR,ERR,ERR,ERR,ERR,ERR,ERR,ERR,ERR,ERR,ERR,ERR,ERR,ERR,ERR,ERR,ERR,ERR,ERR,ERR,ERR,ERR,ERR,ERR,ERR,ERR,ERR,ERR,ERR,ERR,ERR,ERR,ERR,ERR,ERR,ERR,ERR,ERR,ERR,ERR,ERR,ERR,ERR,ERR,ERR,ERR,ERR,ERR,ERR,ERR,ERR,ERR,ERR,ERR,ERR,ERR,ERR,ERR,50.0,60.0,100,0.0,0.0,0.0,0.0,0.0,0.0,0.0,0.0,0.0,0.0,0.0,0.0,0.0,0.0,0.0,0.0,62.0,77,11,65508,50,65476,0,300,0,0,8,20529,65476,0,0,26214,60.0,0.0,0.0,0.0,0.0,0.0
2026-05-17T16:52:20,ERR,ERR,ERR,ERR,ERR,ERR,ERR,ERR,ERR,ERR,ERR,ERR,ERR,ERR,ERR,ERR,ERR,ERR,ERR,ERR,ERR,ERR,ERR,ERR,ERR,ERR,ERR,ERR,ERR,ERR,ERR,ERR,ERR,ERR,ERR,ERR,ERR,ERR,ERR,ERR,ERR,ERR,ERR,ERR,ERR,ERR,ERR,ERR,ERR,ERR,ERR,ERR,ERR,ERR,ERR,ERR,ERR,ERR,ERR,ERR,ERR,ERR,ERR,ERR,ERR,ERR,ERR,ERR,ERR,ERR,ERR,ERR,ERR,ERR,ERR,ERR,ERR,ERR,ERR,ERR,ERR,ERR,ERR,ERR,ERR,ERR,ERR,ERR,ERR,ERR,ERR,ERR,ERR,ERR,ERR,ERR,ERR,ERR,ERR,ERR,ERR,ERR,ERR,ERR,ERR,ERR,ERR,ERR,ERR,ERR,ERR,ERR,ERR,ERR,ERR,ERR,ERR,ERR,ERR,ERR,ERR,ERR,ERR,ERR,ERR,0.0,0.0,-134474944.0,0.0,0.0,1.3936040501711995e+18,7.805,0.0,0,0,4,0,8422,0.0,45,0.0,0.0,0.0,0.0,0.0,0,0,0,0,0.0,0,0,0,0,0,0,0,0,0,0,0,0,0,0,0,0,0,0,0,0,0,0,0,0,0,0,0,0,0,0,0,0,0,38,14,7,45,65476,0,300,0,0,8,21553,0.0,-107605600.0,0.0,0.0,0.0,0.0,0.0,0.0,0.0,0.0,0.0,0.0,0.0,0.0,0.0,0.0,0.0,0.0,0.0,0.0,0.0,0.0,0.0,0.0,-2.004,2.004,0.0,0.0,0.0,0.0,5040.0,0.0,0.0,0.0,0.0,0.0,-107615304.0,0.0,0.0,0.0,0.0,53,5.848083413016271e+35,0.0,0.0,0.0,0.0,0.0,0.0,0.0,0.0,0,0,0,0.0,0.0,0.0,0.0,0.0,0.0,0.0,0.0,0.0,0.0,0.0,0.0,0.0,0.0,0.0,0.0,0,-107875648.0,53,0.0,106,-107614832.0,2.7006707062415038e+23,ERR,ERR,ERR,ERR,ERR,ERR,ERR,ERR,ERR,ERR,ERR,ERR,ERR,ERR,ERR,ERR,ERR,ERR,ERR,ERR,ERR,ERR,ERR,ERR,ERR,ERR,ERR,ERR,ERR,ERR,ERR,ERR,ERR,ERR,ERR,ERR,ERR,ERR,ERR,ERR,ERR,ERR,ERR,ERR,ERR,ERR,ERR,ERR,ERR,ERR,ERR,ERR,ERR,ERR,ERR,ERR,ERR,ERR,ERR,ERR,ERR,ERR,ERR,ERR,ERR,ERR,ERR,50.0,60.0,100,0.0,0.0,0.0,0.0,0.0,0.0,0.0,0.0,0.0,0.0,0.0,0.0,0.0,0.0,0.0,0.0,61.6,77,11,65508,50,65476,0,300,0,0,8,20529,65476,0,0,26214,60.0,0.0,0.0,0.0,0.0,0.0
2026-05-17T16:52:21,ERR,ERR,ERR,ERR,ERR,ERR,ERR,ERR,ERR,ERR,ERR,ERR,ERR,ERR,ERR,ERR,ERR,ERR,ERR,ERR,ERR,ERR,ERR,ERR,ERR,ERR,ERR,ERR,ERR,ERR,ERR,ERR,ERR,ERR,ERR,ERR,ERR,ERR,ERR,ERR,ERR,ERR,ERR,ERR,ERR,ERR,ERR,ERR,ERR,ERR,ERR,ERR,ERR,ERR,ERR,ERR,ERR,ERR,ERR,ERR,ERR,ERR,ERR,ERR,ERR,ERR,ERR,ERR,ERR,ERR,ERR,ERR,ERR,ERR,ERR,ERR,ERR,ERR,ERR,ERR,ERR,ERR,ERR,ERR,ERR,ERR,ERR,ERR,ERR,ERR,ERR,ERR,ERR,ERR,ERR,ERR,ERR,ERR,ERR,ERR,ERR,ERR,ERR,ERR,ERR,ERR,ERR,ERR,ERR,ERR,ERR,ERR,ERR,ERR,ERR,ERR,ERR,ERR,ERR,ERR,ERR,ERR,ERR,ERR,ERR,0.0,0.0,-134474944.0,0.0,0.0,1.3936040501711995e+18,7.805,0.0,0,0,4,0,8422,0.0,45,0.0,0.0,0.0,0.0,0.0,0,0,0,0,0.0,0,0,0,0,0,0,0,0,0,0,0,0,0,0,0,0,0,0,0,0,0,0,0,0,0,0,0,0,0,0,0,0,0,38,14,7,45,65476,0,300,0,0,8,21553,0.0,-107605600.0,0.0,0.0,0.0,0.0,0.0,0.0,0.0,0.0,0.0,0.0,0.0,0.0,0.0,0.0,0.0,0.0,0.0,0.0,0.0,0.0,0.0,0.0,-2.004,2.004,0.0,0.0,0.0,0.0,5040.0,0.0,0.0,0.0,0.0,0.0,-107615304.0,0.0,0.0,0.0,0.0,53,5.848083413016271e+35,0.0,0.0,0.0,0.0,0.0,0.0,0.0,0.0,0,0,0,0.0,0.0,0.0,0.0,0.0,0.0,0.0,0.0,0.0,0.0,0.0,0.0,0.0,0.0,0.0,0.0,0,-107875648.0,53,0.0,106,-107614832.0,2.7006707062415038e+23,ERR,ERR,ERR,ERR,ERR,ERR,ERR,ERR,ERR,ERR,ERR,ERR,ERR,ERR,ERR,ERR,ERR,ERR,ERR,ERR,ERR,ERR,ERR,ERR,ERR,ERR,ERR,ERR,ERR,ERR,ERR,ERR,ERR,ERR,ERR,ERR,ERR,ERR,ERR,ERR,ERR,ERR,ERR,ERR,ERR,ERR,ERR,ERR,ERR,ERR,ERR,ERR,ERR,ERR,ERR,ERR,ERR,ERR,ERR,ERR,ERR,ERR,ERR,ERR,ERR,ERR,ERR,50.0,60.0,100,0.0,0.0,0.0,0.0,0.0,0.0,0.0,0.0,0.0,0.0,0.0,0.0,0.0,0.0,0.0,0.0,61.6,77,11,65508,50,65476,0,300,0,0,8,20529,65476,0,0,26214,60.0,0.0,0.0,0.0,0.0,0.0
2026-05-17T16:52:22,ERR,ERR,ERR,ERR,ERR,ERR,ERR,ERR,ERR,ERR,ERR,ERR,ERR,ERR,ERR,ERR,ERR,ERR,ERR,ERR,ERR,ERR,ERR,ERR,ERR,ERR,ERR,ERR,ERR,ERR,ERR,ERR,ERR,ERR,ERR,ERR,ERR,ERR,ERR,ERR,ERR,ERR,ERR,ERR,ERR,ERR,ERR,ERR,ERR,ERR,ERR,ERR,ERR,ERR,ERR,ERR,ERR,ERR,ERR,ERR,ERR,ERR,ERR,ERR,ERR,ERR,ERR,ERR,ERR,ERR,ERR,ERR,ERR,ERR,ERR,ERR,ERR,ERR,ERR,ERR,ERR,ERR,ERR,ERR,ERR,ERR,ERR,ERR,ERR,ERR,ERR,ERR,ERR,ERR,ERR,ERR,ERR,ERR,ERR,ERR,ERR,ERR,ERR,ERR,ERR,ERR,ERR,ERR,ERR,ERR,ERR,ERR,ERR,ERR,ERR,ERR,ERR,ERR,ERR,ERR,ERR,ERR,ERR,ERR,ERR,0.0,0.0,-134474944.0,0.0,0.0,1.3936040501711995e+18,7.805,0.0,0,0,4,0,8422,0.0,45,0.0,0.0,0.0,0.0,0.0,0,0,0,0,0.0,0,0,0,0,0,0,0,0,0,0,0,0,0,0,0,0,0,0,0,0,0,0,0,0,0,0,0,0,0,0,0,0,0,38,14,7,45,65476,0,300,0,0,8,21553,0.0,-107605600.0,0.0,0.0,0.0,0.0,0.0,0.0,0.0,0.0,0.0,0.0,0.0,0.0,0.0,0.0,0.0,0.0,0.0,0.0,0.0,0.0,0.0,0.0,-2.004,2.004,0.0,0.0,0.0,0.0,5040.0,0.0,0.0,0.0,0.0,0.0,-107615304.0,0.0,0.0,0.0,0.0,53,5.848083413016271e+35,0.0,0.0,0.0,0.0,0.0,0.0,0.0,0.0,0,0,0,0.0,0.0,0.0,0.0,0.0,0.0,0.0,0.0,0.0,0.0,0.0,0.0,0.0,0.0,0.0,0.0,0,-107875648.0,53,0.0,106,-107614832.0,2.7006707062415038e+23,ERR,ERR,ERR,ERR,ERR,ERR,ERR,ERR,ERR,ERR,ERR,ERR,ERR,ERR,ERR,ERR,ERR,ERR,ERR,ERR,ERR,ERR,ERR,ERR,ERR,ERR,ERR,ERR,ERR,ERR,ERR,ERR,ERR,ERR,ERR,ERR,ERR,ERR,ERR,ERR,ERR,ERR,ERR,ERR,ERR,ERR,ERR,ERR,ERR,ERR,ERR,ERR,ERR,ERR,ERR,ERR,ERR,ERR,ERR,ERR,ERR,ERR,ERR,ERR,ERR,ERR,ERR,50.0,60.0,100,0.0,0.0,0.0,0.0,0.0,0.0,0.0,0.0,0.0,0.0,0.0,0.0,0.0,0.0,0.0,0.0,61.6,77,11,65508,50,65476,0,300,0,0,8,20529,65476,0,0,26214,60.0,0.0,0.0,0.0,0.0,0.0
2026-05-17T16:52:23,ERR,ERR,ERR,ERR,ERR,ERR,ERR,ERR,ERR,ERR,ERR,ERR,ERR,ERR,ERR,ERR,ERR,ERR,ERR,ERR,ERR,ERR,ERR,ERR,ERR,ERR,ERR,ERR,ERR,ERR,ERR,ERR,ERR,ERR,ERR,ERR,ERR,ERR,ERR,ERR,ERR,ERR,ERR,ERR,ERR,ERR,ERR,ERR,ERR,ERR,ERR,ERR,ERR,ERR,ERR,ERR,ERR,ERR,ERR,ERR,ERR,ERR,ERR,ERR,ERR,ERR,ERR,ERR,ERR,ERR,ERR,ERR,ERR,ERR,ERR,ERR,ERR,ERR,ERR,ERR,ERR,ERR,ERR,ERR,ERR,ERR,ERR,ERR,ERR,ERR,ERR,ERR,ERR,ERR,ERR,ERR,ERR,ERR,ERR,ERR,ERR,ERR,ERR,ERR,ERR,ERR,ERR,ERR,ERR,ERR,ERR,ERR,ERR,ERR,ERR,ERR,ERR,ERR,ERR,ERR,ERR,ERR,ERR,ERR,ERR,0.0,0.0,-134474944.0,0.0,0.0,1.3936040501711995e+18,7.805,0.0,0,0,4,0,8422,0.0,45,0.0,0.0,0.0,0.0,0.0,0,0,0,0,0.0,0,0,0,0,0,0,0,0,0,0,0,0,0,0,0,0,0,0,0,0,0,0,0,0,0,0,0,0,0,0,0,0,0,38,14,7,45,65476,0,300,0,0,8,21553,0.0,-107605600.0,0.0,0.0,0.0,0.0,0.0,0.0,0.0,0.0,0.0,0.0,0.0,0.0,0.0,0.0,0.0,0.0,0.0,0.0,0.0,0.0,0.0,0.0,-2.004,2.004,0.0,0.0,0.0,0.0,5040.0,0.0,0.0,0.0,0.0,0.0,-107615304.0,0.0,0.0,0.0,0.0,53,5.848083413016271e+35,0.0,0.0,0.0,0.0,0.0,0.0,0.0,0.0,0,0,0,0.0,0.0,0.0,0.0,0.0,0.0,0.0,0.0,0.0,0.0,0.0,0.0,0.0,0.0,0.0,0.0,0,-107875648.0,53,0.0,106,-107614832.0,2.7006707062415038e+23,ERR,ERR,ERR,ERR,ERR,ERR,ERR,ERR,ERR,ERR,ERR,ERR,ERR,ERR,ERR,ERR,ERR,ERR,ERR,ERR,ERR,ERR,ERR,ERR,ERR,ERR,ERR,ERR,ERR,ERR,ERR,ERR,ERR,ERR,ERR,ERR,ERR,ERR,ERR,ERR,ERR,ERR,ERR,ERR,ERR,ERR,ERR,ERR,ERR,ERR,ERR,ERR,ERR,ERR,ERR,ERR,ERR,ERR,ERR,ERR,ERR,ERR,ERR,ERR,ERR,ERR,ERR,50.0,60.0,100,0.0,0.0,0.0,0.0,0.0,0.0,0.0,0.0,0.0,0.0,0.0,0.0,0.0,0.0,0.0,0.0,61.6,77,11,65508,50,65476,0,300,0,0,8,20529,65476,0,0,26214,60.0,0.0,0.0,0.0,0.0,0.0
2026-05-17T16:52:24,ERR,ERR,ERR,ERR,ERR,ERR,ERR,ERR,ERR,ERR,ERR,ERR,ERR,ERR,ERR,ERR,ERR,ERR,ERR,ERR,ERR,ERR,ERR,ERR,ERR,ERR,ERR,ERR,ERR,ERR,ERR,ERR,ERR,ERR,ERR,ERR,ERR,ERR,ERR,ERR,ERR,ERR,ERR,ERR,ERR,ERR,ERR,ERR,ERR,ERR,ERR,ERR,ERR,ERR,ERR,ERR,ERR,ERR,ERR,ERR,ERR,ERR,ERR,ERR,ERR,ERR,ERR,ERR,ERR,ERR,ERR,ERR,ERR,ERR,ERR,ERR,ERR,ERR,ERR,ERR,ERR,ERR,ERR,ERR,ERR,ERR,ERR,ERR,ERR,ERR,ERR,ERR,ERR,ERR,ERR,ERR,ERR,ERR,ERR,ERR,ERR,ERR,ERR,ERR,ERR,ERR,ERR,ERR,ERR,ERR,ERR,ERR,ERR,ERR,ERR,ERR,ERR,ERR,ERR,ERR,ERR,ERR,ERR,ERR,ERR,0.0,0.0,-134474944.0,0.0,0.0,1.3936040501711995e+18,7.805,0.0,0,0,4,0,8422,0.0,45,0.0,0.0,0.0,0.0,0.0,0,0,0,0,0.0,0,0,0,0,0,0,0,0,0,0,0,0,0,0,0,0,0,0,0,0,0,0,0,0,0,0,0,0,0,0,0,0,0,38,14,7,45,65476,0,300,0,0,8,21553,0.0,-107605600.0,0.0,0.0,0.0,0.0,0.0,0.0,0.0,0.0,0.0,0.0,0.0,0.0,0.0,0.0,0.0,0.0,0.0,0.0,0.0,0.0,0.0,0.0,-2.004,2.004,0.0,0.0,0.0,0.0,5042.0,0.0,0.0,0.0,0.0,0.0,-107615304.0,0.0,0.0,0.0,0.0,53,4.066880103266858e+29,0.0,0.0,0.0,0.0,0.0,0.0,0.0,0.0,0,0,0,0.0,0.0,0.0,0.0,0.0,0.0,0.0,0.0,0.0,0.0,0.0,0.0,0.0,0.0,0.0,0.0,0,-107875648.0,53,0.0,106,-107614832.0,2.7006707062415038e+23,ERR,ERR,ERR,ERR,ERR,ERR,ERR,ERR,ERR,ERR,ERR,ERR,ERR,ERR,ERR,ERR,ERR,ERR,ERR,ERR,ERR,ERR,ERR,ERR,ERR,ERR,ERR,ERR,ERR,ERR,ERR,ERR,ERR,ERR,ERR,ERR,ERR,ERR,ERR,ERR,ERR,ERR,ERR,ERR,ERR,ERR,ERR,ERR,ERR,ERR,ERR,ERR,ERR,ERR,ERR,ERR,ERR,ERR,ERR,ERR,ERR,ERR,ERR,ERR,ERR,ERR,ERR,50.0,60.0,100,0.0,0.0,0.0,0.0,0.0,0.0,0.0,0.0,0.0,0.0,0.0,0.0,0.0,0.0,0.0,0.0,61.6,77,11,65508,50,65476,0,300,0,0,8,20529,65476,0,0,26214,60.0,0.0,0.0,0.0,0.0,0.0
2026-05-17T16:52:25,ERR,ERR,ERR,ERR,ERR,ERR,ERR,ERR,ERR,ERR,ERR,ERR,ERR,ERR,ERR,ERR,ERR,ERR,ERR,ERR,ERR,ERR,ERR,ERR,ERR,ERR,ERR,ERR,ERR,ERR,ERR,ERR,ERR,ERR,ERR,ERR,ERR,ERR,ERR,ERR,ERR,ERR,ERR,ERR,ERR,ERR,ERR,ERR,ERR,ERR,ERR,ERR,ERR,ERR,ERR,ERR,ERR,ERR,ERR,ERR,ERR,ERR,ERR,ERR,ERR,ERR,ERR,ERR,ERR,ERR,ERR,ERR,ERR,ERR,ERR,ERR,ERR,ERR,ERR,ERR,ERR,ERR,ERR,ERR,ERR,ERR,ERR,ERR,ERR,ERR,ERR,ERR,ERR,ERR,ERR,ERR,ERR,ERR,ERR,ERR,ERR,ERR,ERR,ERR,ERR,ERR,ERR,ERR,ERR,ERR,ERR,ERR,ERR,ERR,ERR,ERR,ERR,ERR,ERR,ERR,ERR,ERR,ERR,ERR,ERR,0.0,0.0,-134474944.0,0.0,0.0,1.3936040501711995e+18,7.805,0.0,0,0,4,0,8422,0.0,45,0.0,0.0,0.0,0.0,0.0,0,0,0,0,0.0,0,0,0,0,0,0,0,0,0,0,0,0,0,0,0,0,0,0,0,0,0,0,0,0,0,0,0,0,0,0,0,0,0,38,14,7,45,65476,0,300,0,0,8,21553,0.0,-107605600.0,0.0,0.0,0.0,0.0,0.0,0.0,0.0,0.0,0.0,0.0,0.0,0.0,0.0,0.0,0.0,0.0,0.0,0.0,0.0,0.0,0.0,0.0,-2.004,2.004,0.0,0.0,0.0,0.0,5042.0,0.0,0.0,0.0,0.0,0.0,-107615304.0,0.0,0.0,0.0,0.0,53,4.066880103266858e+29,0.0,0.0,0.0,0.0,0.0,0.0,0.0,0.0,0,0,0,0.0,0.0,0.0,0.0,0.0,0.0,0.0,0.0,0.0,0.0,0.0,0.0,0.0,0.0,0.0,0.0,0,-107875648.0,53,0.0,106,-107614832.0,2.7006707062415038e+23,ERR,ERR,ERR,ERR,ERR,ERR,ERR,ERR,ERR,ERR,ERR,ERR,ERR,ERR,ERR,ERR,ERR,ERR,ERR,ERR,ERR,ERR,ERR,ERR,ERR,ERR,ERR,ERR,ERR,ERR,ERR,ERR,ERR,ERR,ERR,ERR,ERR,ERR,ERR,ERR,ERR,ERR,ERR,ERR,ERR,ERR,ERR,ERR,ERR,ERR,ERR,ERR,ERR,ERR,ERR,ERR,ERR,ERR,ERR,ERR,ERR,ERR,ERR,ERR,ERR,ERR,ERR,50.0,60.0,100,0.0,0.0,0.0,0.0,0.0,0.0,0.0,0.0,0.0,0.0,0.0,0.0,0.0,0.0,0.0,0.0,61.6,77,11,65508,50,65476,0,300,0,0,8,20529,65476,0,0,26214,60.0,0.0,0.0,0.0,0.0,0.0
2026-05-17T16:52:26,ERR,ERR,ERR,ERR,ERR,ERR,ERR,ERR,ERR,ERR,ERR,ERR,ERR,ERR,ERR,ERR,ERR,ERR,ERR,ERR,ERR,ERR,ERR,ERR,ERR,ERR,ERR,ERR,ERR,ERR,ERR,ERR,ERR,ERR,ERR,ERR,ERR,ERR,ERR,ERR,ERR,ERR,ERR,ERR,ERR,ERR,ERR,ERR,ERR,ERR,ERR,ERR,ERR,ERR,ERR,ERR,ERR,ERR,ERR,ERR,ERR,ERR,ERR,ERR,ERR,ERR,ERR,ERR,ERR,ERR,ERR,ERR,ERR,ERR,ERR,ERR,ERR,ERR,ERR,ERR,ERR,ERR,ERR,ERR,ERR,ERR,ERR,ERR,ERR,ERR,ERR,ERR,ERR,ERR,ERR,ERR,ERR,ERR,ERR,ERR,ERR,ERR,ERR,ERR,ERR,ERR,ERR,ERR,ERR,ERR,ERR,ERR,ERR,ERR,ERR,ERR,ERR,ERR,ERR,ERR,ERR,ERR,ERR,ERR,ERR,0.0,0.0,-134474944.0,0.0,0.0,1.3936040501711995e+18,7.805,0.0,0,0,4,0,8422,0.0,45,0.0,0.0,0.0,0.0,0.0,0,0,0,0,0.0,0,0,0,0,0,0,0,0,0,0,0,0,0,0,0,0,0,0,0,0,0,0,0,0,0,0,0,0,0,0,0,0,0,38,14,7,45,65476,0,300,0,0,8,21553,0.0,-107605600.0,0.0,0.0,0.0,0.0,0.0,0.0,0.0,0.0,0.0,0.0,0.0,0.0,0.0,0.0,0.0,0.0,0.0,0.0,0.0,0.0,0.0,0.0,-2.004,2.004,0.0,0.0,0.0,0.0,5042.0,0.0,0.0,0.0,0.0,0.0,-107615304.0,0.0,0.0,0.0,0.0,53,4.066880103266858e+29,0.0,0.0,0.0,0.0,0.0,0.0,0.0,0.0,0,0,0,0.0,0.0,0.0,0.0,0.0,0.0,0.0,0.0,0.0,0.0,0.0,0.0,0.0,0.0,0.0,0.0,0,-107875648.0,53,0.0,106,-107614832.0,2.7006707062415038e+23,ERR,ERR,ERR,ERR,ERR,ERR,ERR,ERR,ERR,ERR,ERR,ERR,ERR,ERR,ERR,ERR,ERR,ERR,ERR,ERR,ERR,ERR,ERR,ERR,ERR,ERR,ERR,ERR,ERR,ERR,ERR,ERR,ERR,ERR,ERR,ERR,ERR,ERR,ERR,ERR,ERR,ERR,ERR,ERR,ERR,ERR,ERR,ERR,ERR,ERR,ERR,ERR,ERR,ERR,ERR,ERR,ERR,ERR,ERR,ERR,ERR,ERR,ERR,ERR,ERR,ERR,ERR,50.0,60.0,100,0.0,0.0,0.0,0.0,0.0,0.0,0.0,0.0,0.0,0.0,0.0,0.0,0.0,0.0,0.0,0.0,61.6,77,11,65508,50,65476,0,300,0,0,8,20529,65476,0,0,26214,60.0,0.0,0.0,0.0,0.0,0.0
2026-05-17T16:52:27,ERR,ERR,ERR,ERR,ERR,ERR,ERR,ERR,ERR,ERR,ERR,ERR,ERR,ERR,ERR,ERR,ERR,ERR,ERR,ERR,ERR,ERR,ERR,ERR,ERR,ERR,ERR,ERR,ERR,ERR,ERR,ERR,ERR,ERR,ERR,ERR,ERR,ERR,ERR,ERR,ERR,ERR,ERR,ERR,ERR,ERR,ERR,ERR,ERR,ERR,ERR,ERR,ERR,ERR,ERR,ERR,ERR,ERR,ERR,ERR,ERR,ERR,ERR,ERR,ERR,ERR,ERR,ERR,ERR,ERR,ERR,ERR,ERR,ERR,ERR,ERR,ERR,ERR,ERR,ERR,ERR,ERR,ERR,ERR,ERR,ERR,ERR,ERR,ERR,ERR,ERR,ERR,ERR,ERR,ERR,ERR,ERR,ERR,ERR,ERR,ERR,ERR,ERR,ERR,ERR,ERR,ERR,ERR,ERR,ERR,ERR,ERR,ERR,ERR,ERR,ERR,ERR,ERR,ERR,ERR,ERR,ERR,ERR,ERR,ERR,0.0,0.0,-134474944.0,0.0,0.0,1.3936040501711995e+18,7.805,0.0,0,0,4,0,8422,0.0,45,0.0,0.0,0.0,0.0,0.0,0,0,0,0,0.0,0,0,0,0,0,0,0,0,0,0,0,0,0,0,0,0,0,0,0,0,0,0,0,0,0,0,0,0,0,0,0,0,0,38,14,7,45,65476,0,300,0,0,8,21553,0.0,-107605600.0,0.0,0.0,0.0,0.0,0.0,0.0,0.0,0.0,0.0,0.0,0.0,0.0,0.0,0.0,0.0,0.0,0.0,0.0,0.0,0.0,0.0,0.0,-2.004,2.004,0.0,0.0,0.0,0.0,5042.0,0.0,0.0,0.0,0.0,0.0,-107615304.0,0.0,0.0,0.0,0.0,53,4.066880103266858e+29,0.0,0.0,0.0,0.0,0.0,0.0,0.0,0.0,0,0,0,0.0,0.0,0.0,0.0,0.0,0.0,0.0,0.0,0.0,0.0,0.0,0.0,0.0,0.0,0.0,0.0,0,-107875648.0,53,0.0,106,-107614832.0,2.7006707062415038e+23,ERR,ERR,ERR,ERR,ERR,ERR,ERR,ERR,ERR,ERR,ERR,ERR,ERR,ERR,ERR,ERR,ERR,ERR,ERR,ERR,ERR,ERR,ERR,ERR,ERR,ERR,ERR,ERR,ERR,ERR,ERR,ERR,ERR,ERR,ERR,ERR,ERR,ERR,ERR,ERR,ERR,ERR,ERR,ERR,ERR,ERR,ERR,ERR,ERR,ERR,ERR,ERR,ERR,ERR,ERR,ERR,ERR,ERR,ERR,ERR,ERR,ERR,ERR,ERR,ERR,ERR,ERR,50.0,60.0,100,0.0,0.0,0.0,0.0,0.0,0.0,0.0,0.0,0.0,0.0,0.0,0.0,0.0,0.0,0.0,0.0,61.6,77,11,65508,50,65476,0,300,0,0,8,20529,65476,0,0,26214,60.0,0.0,0.0,0.0,0.0,0.0
2026-05-17T16:52:28,ERR,ERR,ERR,ERR,ERR,ERR,ERR,ERR,ERR,ERR,ERR,ERR,ERR,ERR,ERR,ERR,ERR,ERR,ERR,ERR,ERR,ERR,ERR,ERR,ERR,ERR,ERR,ERR,ERR,ERR,ERR,ERR,ERR,ERR,ERR,ERR,ERR,ERR,ERR,ERR,ERR,ERR,ERR,ERR,ERR,ERR,ERR,ERR,ERR,ERR,ERR,ERR,ERR,ERR,ERR,ERR,ERR,ERR,ERR,ERR,ERR,ERR,ERR,ERR,ERR,ERR,ERR,ERR,ERR,ERR,ERR,ERR,ERR,ERR,ERR,ERR,ERR,ERR,ERR,ERR,ERR,ERR,ERR,ERR,ERR,ERR,ERR,ERR,ERR,ERR,ERR,ERR,ERR,ERR,ERR,ERR,ERR,ERR,ERR,ERR,ERR,ERR,ERR,ERR,ERR,ERR,ERR,ERR,ERR,ERR,ERR,ERR,ERR,ERR,ERR,ERR,ERR,ERR,ERR,ERR,ERR,ERR,ERR,ERR,ERR,0.0,0.0,-134474944.0,0.0,0.0,1.3936040501711995e+18,7.805,0.0,0,0,4,0,8422,0.0,45,0.0,0.0,0.0,0.0,0.0,0,0,0,0,0.0,0,0,0,0,0,0,0,0,0,0,0,0,0,0,0,0,0,0,0,0,0,0,0,0,0,0,0,0,0,0,0,0,0,38,14,7,45,65476,0,300,0,0,8,21553,0.0,-107605600.0,0.0,0.0,0.0,0.0,0.0,0.0,0.0,0.0,0.0,0.0,0.0,0.0,0.0,0.0,0.0,0.0,0.0,0.0,0.0,0.0,0.0,0.0,-2.004,2.004,0.0,0.0,0.0,0.0,5042.0,0.0,0.0,0.0,0.0,0.0,-107615304.0,0.0,0.0,0.0,0.0,53,4.066880103266858e+29,0.0,0.0,0.0,0.0,0.0,0.0,0.0,0.0,0,0,0,0.0,0.0,0.0,0.0,0.0,0.0,0.0,0.0,0.0,0.0,0.0,0.0,0.0,0.0,0.0,0.0,0,-107875648.0,53,0.0,106,-107614832.0,2.7006707062415038e+23,ERR,ERR,ERR,ERR,ERR,ERR,ERR,ERR,ERR,ERR,ERR,ERR,ERR,ERR,ERR,ERR,ERR,ERR,ERR,ERR,ERR,ERR,ERR,ERR,ERR,ERR,ERR,ERR,ERR,ERR,ERR,ERR,ERR,ERR,ERR,ERR,ERR,ERR,ERR,ERR,ERR,ERR,ERR,ERR,ERR,ERR,ERR,ERR,ERR,ERR,ERR,ERR,ERR,ERR,ERR,ERR,ERR,ERR,ERR,ERR,ERR,ERR,ERR,ERR,ERR,ERR,ERR,50.0,60.0,100,0.0,0.0,0.0,0.0,0.0,0.0,0.0,0.0,0.0,0.0,0.0,0.0,0.0,0.0,0.0,0.0,61.6,77,11,65508,50,65476,0,300,0,0,8,20529,65476,0,0,26214,60.0,0.0,0.0,0.0,0.0,0.0
2026-05-17T16:52:29,ERR,ERR,ERR,ERR,ERR,ERR,ERR,ERR,ERR,ERR,ERR,ERR,ERR,ERR,ERR,ERR,ERR,ERR,ERR,ERR,ERR,ERR,ERR,ERR,ERR,ERR,ERR,ERR,ERR,ERR,ERR,ERR,ERR,ERR,ERR,ERR,ERR,ERR,ERR,ERR,ERR,ERR,ERR,ERR,ERR,ERR,ERR,ERR,ERR,ERR,ERR,ERR,ERR,ERR,ERR,ERR,ERR,ERR,ERR,ERR,ERR,ERR,ERR,ERR,ERR,ERR,ERR,ERR,ERR,ERR,ERR,ERR,ERR,ERR,ERR,ERR,ERR,ERR,ERR,ERR,ERR,ERR,ERR,ERR,ERR,ERR,ERR,ERR,ERR,ERR,ERR,ERR,ERR,ERR,ERR,ERR,ERR,ERR,ERR,ERR,ERR,ERR,ERR,ERR,ERR,ERR,ERR,ERR,ERR,ERR,ERR,ERR,ERR,ERR,ERR,ERR,ERR,ERR,ERR,ERR,ERR,ERR,ERR,ERR,ERR,0.0,0.0,-134474944.0,0.0,0.0,1.3936040501711995e+18,7.805,0.0,0,0,4,0,8422,0.0,45,0.0,0.0,0.0,0.0,0.0,0,0,0,0,0.0,0,0,0,0,0,0,0,0,0,0,0,0,0,0,0,0,0,0,0,0,0,0,0,0,0,0,0,0,0,0,0,0,0,38,14,7,45,65476,0,300,0,0,8,21553,0.0,-107605600.0,0.0,0.0,0.0,0.0,0.0,0.0,0.0,0.0,0.0,0.0,0.0,0.0,0.0,0.0,0.0,0.0,0.0,0.0,0.0,0.0,0.0,0.0,-2.004,2.004,0.0,0.0,0.0,0.0,5041.0,2.422988192762658e+24,0.0,0.0,0.0,0.0,-107615304.0,0.0,0.0,0.0,0.0,53,3.222028592685471e+26,5.848056079300204e+35,0.0,0.0,0.0,0.0,0.0,0.0,0.0,0,0,0,0.0,0.0,0.0,0.0,0.0,0.0,0.0,0.0,0.0,0.0,0.0,0.0,0.0,0.0,0.0,0.0,0,-107875648.0,53,0.0,106,-107614832.0,2.7006707062415038e+23,ERR,ERR,ERR,ERR,ERR,ERR,ERR,ERR,ERR,ERR,ERR,ERR,ERR,ERR,ERR,ERR,ERR,ERR,ERR,ERR,ERR,ERR,ERR,ERR,ERR,ERR,ERR,ERR,ERR,ERR,ERR,ERR,ERR,ERR,ERR,ERR,ERR,ERR,ERR,ERR,ERR,ERR,ERR,ERR,ERR,ERR,ERR,ERR,ERR,ERR,ERR,ERR,ERR,ERR,ERR,ERR,ERR,ERR,ERR,ERR,ERR,ERR,ERR,ERR,ERR,ERR,ERR,50.0,60.0,100,0.0,0.0,0.0,0.0,0.0,0.0,0.0,0.0,0.0,0.0,0.0,0.0,0.0,0.0,0.0,0.0,61.6,77,11,65508,50,65476,0,300,0,0,8,20529,65476,0,0,26214,60.0,0.0,0.0,0.0,0.0,0.0
2026-05-17T16:52:30,ERR,ERR,ERR,ERR,ERR,ERR,ERR,ERR,ERR,ERR,ERR,ERR,ERR,ERR,ERR,ERR,ERR,ERR,ERR,ERR,ERR,ERR,ERR,ERR,ERR,ERR,ERR,ERR,ERR,ERR,ERR,ERR,ERR,ERR,ERR,ERR,ERR,ERR,ERR,ERR,ERR,ERR,ERR,ERR,ERR,ERR,ERR,ERR,ERR,ERR,ERR,ERR,ERR,ERR,ERR,ERR,ERR,ERR,ERR,ERR,ERR,ERR,ERR,ERR,ERR,ERR,ERR,ERR,ERR,ERR,ERR,ERR,ERR,ERR,ERR,ERR,ERR,ERR,ERR,ERR,ERR,ERR,ERR,ERR,ERR,ERR,ERR,ERR,ERR,ERR,ERR,ERR,ERR,ERR,ERR,ERR,ERR,ERR,ERR,ERR,ERR,ERR,ERR,ERR,ERR,ERR,ERR,ERR,ERR,ERR,ERR,ERR,ERR,ERR,ERR,ERR,ERR,ERR,ERR,ERR,ERR,ERR,ERR,ERR,ERR,0.0,0.0,-134474944.0,0.0,0.0,1.3936040501711995e+18,7.805,0.0,0,0,4,0,8422,0.0,45,0.0,0.0,0.0,0.0,0.0,0,0,0,0,0.0,0,0,0,0,0,0,0,0,0,0,0,0,0,0,0,0,0,0,0,0,0,0,0,0,0,0,0,0,0,0,0,0,0,38,14,7,45,65476,0,300,0,0,8,21553,0.0,-107605600.0,0.0,0.0,0.0,0.0,0.0,0.0,0.0,0.0,0.0,0.0,0.0,0.0,0.0,0.0,0.0,0.0,0.0,0.0,0.0,0.0,0.0,0.0,-2.004,2.004,0.0,0.0,0.0,0.0,5041.0,2.422988192762658e+24,0.0,0.0,0.0,0.0,-107615304.0,0.0,0.0,0.0,0.0,53,3.222028592685471e+26,5.848056079300204e+35,0.0,0.0,0.0,0.0,0.0,0.0,0.0,0,0,0,0.0,0.0,0.0,0.0,0.0,0.0,0.0,0.0,0.0,0.0,0.0,0.0,0.0,0.0,0.0,0.0,0,-107875648.0,53,0.0,106,-107614832.0,2.7006707062415038e+23,ERR,ERR,ERR,ERR,ERR,ERR,ERR,ERR,ERR,ERR,ERR,ERR,ERR,ERR,ERR,ERR,ERR,ERR,ERR,ERR,ERR,ERR,ERR,ERR,ERR,ERR,ERR,ERR,ERR,ERR,ERR,ERR,ERR,ERR,ERR,ERR,ERR,ERR,ERR,ERR,ERR,ERR,ERR,ERR,ERR,ERR,ERR,ERR,ERR,ERR,ERR,ERR,ERR,ERR,ERR,ERR,ERR,ERR,ERR,ERR,ERR,ERR,ERR,ERR,ERR,ERR,ERR,50.0,60.0,100,0.0,0.0,0.0,0.0,0.0,0.0,0.0,0.0,0.0,0.0,0.0,0.0,0.0,0.0,0.0,0.0,62.0,77,11,65508,50,65476,0,300,0,0,8,20529,65476,0,0,26214,60.0,0.0,0.0,0.0,0.0,0.0
2026-05-17T16:52:31,ERR,ERR,ERR,ERR,ERR,ERR,ERR,ERR,ERR,ERR,ERR,ERR,ERR,ERR,ERR,ERR,ERR,ERR,ERR,ERR,ERR,ERR,ERR,ERR,ERR,ERR,ERR,ERR,ERR,ERR,ERR,ERR,ERR,ERR,ERR,ERR,ERR,ERR,ERR,ERR,ERR,ERR,ERR,ERR,ERR,ERR,ERR,ERR,ERR,ERR,ERR,ERR,ERR,ERR,ERR,ERR,ERR,ERR,ERR,ERR,ERR,ERR,ERR,ERR,ERR,ERR,ERR,ERR,ERR,ERR,ERR,ERR,ERR,ERR,ERR,ERR,ERR,ERR,ERR,ERR,ERR,ERR,ERR,ERR,ERR,ERR,ERR,ERR,ERR,ERR,ERR,ERR,ERR,ERR,ERR,ERR,ERR,ERR,ERR,ERR,ERR,ERR,ERR,ERR,ERR,ERR,ERR,ERR,ERR,ERR,ERR,ERR,ERR,ERR,ERR,ERR,ERR,ERR,ERR,ERR,ERR,ERR,ERR,ERR,ERR,0.0,0.0,-134474944.0,0.0,0.0,1.3936040501711995e+18,7.805,0.0,0,0,4,0,8422,0.0,45,0.0,0.0,0.0,0.0,0.0,0,0,0,0,0.0,0,0,0,0,0,0,0,0,0,0,0,0,0,0,0,0,0,0,0,0,0,0,0,0,0,0,0,0,0,0,0,0,0,38,14,7,45,65476,0,300,0,0,8,21553,0.0,-107605600.0,0.0,0.0,0.0,0.0,0.0,0.0,0.0,0.0,0.0,0.0,0.0,0.0,0.0,0.0,0.0,0.0,0.0,0.0,0.0,0.0,0.0,0.0,-2.004,2.004,0.0,0.0,0.0,0.0,5041.0,2.422988192762658e+24,0.0,0.0,0.0,0.0,-107615304.0,0.0,0.0,0.0,0.0,53,3.222028592685471e+26,5.848056079300204e+35,0.0,0.0,0.0,0.0,0.0,0.0,0.0,0,0,0,0.0,0.0,0.0,0.0,0.0,0.0,0.0,0.0,0.0,0.0,0.0,0.0,0.0,0.0,0.0,0.0,0,-107875648.0,53,0.0,106,-107614832.0,2.7006707062415038e+23,ERR,ERR,ERR,ERR,ERR,ERR,ERR,ERR,ERR,ERR,ERR,ERR,ERR,ERR,ERR,ERR,ERR,ERR,ERR,ERR,ERR,ERR,ERR,ERR,ERR,ERR,ERR,ERR,ERR,ERR,ERR,ERR,ERR,ERR,ERR,ERR,ERR,ERR,ERR,ERR,ERR,ERR,ERR,ERR,ERR,ERR,ERR,ERR,ERR,ERR,ERR,ERR,ERR,ERR,ERR,ERR,ERR,ERR,ERR,ERR,ERR,ERR,ERR,ERR,ERR,ERR,ERR,50.0,60.0,100,0.0,0.0,0.0,0.0,0.0,0.0,0.0,0.0,0.0,0.0,0.0,0.0,0.0,0.0,0.0,0.0,62.0,77,11,65508,50,65476,0,300,0,0,8,20529,65476,0,0,26214,60.0,0.0,0.0,0.0,0.0,0.0
2026-05-17T16:52:32,ERR,ERR,ERR,ERR,ERR,ERR,ERR,ERR,ERR,ERR,ERR,ERR,ERR,ERR,ERR,ERR,ERR,ERR,ERR,ERR,ERR,ERR,ERR,ERR,ERR,ERR,ERR,ERR,ERR,ERR,ERR,ERR,ERR,ERR,ERR,ERR,ERR,ERR,ERR,ERR,ERR,ERR,ERR,ERR,ERR,ERR,ERR,ERR,ERR,ERR,ERR,ERR,ERR,ERR,ERR,ERR,ERR,ERR,ERR,ERR,ERR,ERR,ERR,ERR,ERR,ERR,ERR,ERR,ERR,ERR,ERR,ERR,ERR,ERR,ERR,ERR,ERR,ERR,ERR,ERR,ERR,ERR,ERR,ERR,ERR,ERR,ERR,ERR,ERR,ERR,ERR,ERR,ERR,ERR,ERR,ERR,ERR,ERR,ERR,ERR,ERR,ERR,ERR,ERR,ERR,ERR,ERR,ERR,ERR,ERR,ERR,ERR,ERR,ERR,ERR,ERR,ERR,ERR,ERR,ERR,ERR,ERR,ERR,ERR,ERR,0.0,0.0,-134474944.0,0.0,0.0,1.3936040501711995e+18,7.805,0.0,0,0,4,0,8422,0.0,45,0.0,0.0,0.0,0.0,0.0,0,0,0,0,0.0,0,0,0,0,0,0,0,0,0,0,0,0,0,0,0,0,0,0,0,0,0,0,0,0,0,0,0,0,0,0,0,0,0,38,14,7,45,65476,0,300,0,0,8,21553,0.0,-107605600.0,0.0,0.0,0.0,0.0,0.0,0.0,0.0,0.0,0.0,0.0,0.0,0.0,0.0,0.0,0.0,0.0,0.0,0.0,0.0,0.0,0.0,0.0,-2.004,2.004,0.0,0.0,0.0,0.0,5041.0,2.422988192762658e+24,0.0,0.0,0.0,0.0,-107615304.0,0.0,0.0,0.0,0.0,53,3.222028592685471e+26,5.848056079300204e+35,0.0,0.0,0.0,0.0,0.0,0.0,0.0,0,0,0,0.0,0.0,0.0,0.0,0.0,0.0,0.0,0.0,0.0,0.0,0.0,0.0,0.0,0.0,0.0,0.0,0,-107875648.0,53,0.0,106,-107614832.0,2.7006707062415038e+23,ERR,ERR,ERR,ERR,ERR,ERR,ERR,ERR,ERR,ERR,ERR,ERR,ERR,ERR,ERR,ERR,ERR,ERR,ERR,ERR,ERR,ERR,ERR,ERR,ERR,ERR,ERR,ERR,ERR,ERR,ERR,ERR,ERR,ERR,ERR,ERR,ERR,ERR,ERR,ERR,ERR,ERR,ERR,ERR,ERR,ERR,ERR,ERR,ERR,ERR,ERR,ERR,ERR,ERR,ERR,ERR,ERR,ERR,ERR,ERR,ERR,ERR,ERR,ERR,ERR,ERR,ERR,50.0,60.0,100,0.0,0.0,0.0,0.0,0.0,0.0,0.0,0.0,0.0,0.0,0.0,0.0,0.0,0.0,0.0,0.0,61.6,77,11,65508,50,65476,0,300,0,0,8,20529,65476,0,0,26214,60.0,0.0,0.0,0.0,0.0,0.0
2026-05-17T16:52:33,ERR,ERR,ERR,ERR,ERR,ERR,ERR,ERR,ERR,ERR,ERR,ERR,ERR,ERR,ERR,ERR,ERR,ERR,ERR,ERR,ERR,ERR,ERR,ERR,ERR,ERR,ERR,ERR,ERR,ERR,ERR,ERR,ERR,ERR,ERR,ERR,ERR,ERR,ERR,ERR,ERR,ERR,ERR,ERR,ERR,ERR,ERR,ERR,ERR,ERR,ERR,ERR,ERR,ERR,ERR,ERR,ERR,ERR,ERR,ERR,ERR,ERR,ERR,ERR,ERR,ERR,ERR,ERR,ERR,ERR,ERR,ERR,ERR,ERR,ERR,ERR,ERR,ERR,ERR,ERR,ERR,ERR,ERR,ERR,ERR,ERR,ERR,ERR,ERR,ERR,ERR,ERR,ERR,ERR,ERR,ERR,ERR,ERR,ERR,ERR,ERR,ERR,ERR,ERR,ERR,ERR,ERR,ERR,ERR,ERR,ERR,ERR,ERR,ERR,ERR,ERR,ERR,ERR,ERR,ERR,ERR,ERR,ERR,ERR,ERR,0.0,0.0,-134474944.0,0.0,0.0,1.3936040501711995e+18,7.805,0.0,0,0,4,0,8422,0.0,45,0.0,0.0,0.0,0.0,0.0,0,0,0,0,0.0,0,0,0,0,0,0,0,0,0,0,0,0,0,0,0,0,0,0,0,0,0,0,0,0,0,0,0,0,0,0,0,0,0,38,14,7,45,65476,0,300,0,0,8,21553,0.0,-107605600.0,0.0,0.0,0.0,0.0,0.0,0.0,0.0,0.0,0.0,0.0,0.0,0.0,0.0,0.0,0.0,0.0,0.0,0.0,0.0,0.0,0.0,0.0,-2.004,2.004,0.0,0.0,0.0,0.0,5041.0,2.422988192762658e+24,0.0,0.0,0.0,0.0,-107615304.0,0.0,0.0,0.0,0.0,53,3.222028592685471e+26,5.848056079300204e+35,0.0,0.0,0.0,0.0,0.0,0.0,0.0,0,0,0,0.0,0.0,0.0,0.0,0.0,0.0,0.0,0.0,0.0,0.0,0.0,0.0,0.0,0.0,0.0,0.0,0,-107875648.0,53,0.0,106,-107614832.0,2.7006707062415038e+23,ERR,ERR,ERR,ERR,ERR,ERR,ERR,ERR,ERR,ERR,ERR,ERR,ERR,ERR,ERR,ERR,ERR,ERR,ERR,ERR,ERR,ERR,ERR,ERR,ERR,ERR,ERR,ERR,ERR,ERR,ERR,ERR,ERR,ERR,ERR,ERR,ERR,ERR,ERR,ERR,ERR,ERR,ERR,ERR,ERR,ERR,ERR,ERR,ERR,ERR,ERR,ERR,ERR,ERR,ERR,ERR,ERR,ERR,ERR,ERR,ERR,ERR,ERR,ERR,ERR,ERR,ERR,50.0,60.0,100,0.0,0.0,0.0,0.0,0.0,0.0,0.0,0.0,0.0,0.0,0.0,0.0,0.0,0.0,0.0,0.0,61.6,77,11,65508,50,65476,0,300,0,0,8,20529,65476,0,0,26214,60.0,0.0,0.0,0.0,0.0,0.0
2026-05-17T16:52:34,ERR,ERR,ERR,ERR,ERR,ERR,ERR,ERR,ERR,ERR,ERR,ERR,ERR,ERR,ERR,ERR,ERR,ERR,ERR,ERR,ERR,ERR,ERR,ERR,ERR,ERR,ERR,ERR,ERR,ERR,ERR,ERR,ERR,ERR,ERR,ERR,ERR,ERR,ERR,ERR,ERR,ERR,ERR,ERR,ERR,ERR,ERR,ERR,ERR,ERR,ERR,ERR,ERR,ERR,ERR,ERR,ERR,ERR,ERR,ERR,ERR,ERR,ERR,ERR,ERR,ERR,ERR,ERR,ERR,ERR,ERR,ERR,ERR,ERR,ERR,ERR,ERR,ERR,ERR,ERR,ERR,ERR,ERR,ERR,ERR,ERR,ERR,ERR,ERR,ERR,ERR,ERR,ERR,ERR,ERR,ERR,ERR,ERR,ERR,ERR,ERR,ERR,ERR,ERR,ERR,ERR,ERR,ERR,ERR,ERR,ERR,ERR,ERR,ERR,ERR,ERR,ERR,ERR,ERR,ERR,ERR,ERR,ERR,ERR,ERR,0.0,0.0,-134474944.0,0.0,0.0,1.3936040501711995e+18,7.805,0.0,0,0,4,0,8422,0.0,45,0.0,0.0,0.0,0.0,0.0,0,0,0,0,0.0,0,0,0,0,0,0,0,0,0,0,0,0,0,0,0,0,0,0,0,0,0,0,0,0,0,0,0,0,0,0,0,0,0,38,14,7,45,65476,0,300,0,0,8,21553,0.0,-107605600.0,0.0,0.0,0.0,0.0,0.0,0.0,0.0,0.0,0.0,0.0,0.0,0.0,0.0,0.0,0.0,0.0,0.0,0.0,0.0,0.0,0.0,0.0,-2.004,2.004,0.0,0.0,0.0,0.0,5041.0,-0.0,0.0,0.0,0.0,0.0,-107615304.0,0.0,0.0,0.0,0.0,53,3.222028592685471e+26,-71.629,0.0,0.0,0.0,0.0,0.0,0.0,0.0,0,0,0,0.0,0.0,0.0,0.0,0.0,0.0,0.0,0.0,0.0,0.0,0.0,0.0,0.0,0.0,0.0,0.0,0,-107875648.0,53,0.0,106,-107614832.0,2.7006707062415038e+23,ERR,ERR,ERR,ERR,ERR,ERR,ERR,ERR,ERR,ERR,ERR,ERR,ERR,ERR,ERR,ERR,ERR,ERR,ERR,ERR,ERR,ERR,ERR,ERR,ERR,ERR,ERR,ERR,ERR,ERR,ERR,ERR,ERR,ERR,ERR,ERR,ERR,ERR,ERR,ERR,ERR,ERR,ERR,ERR,ERR,ERR,ERR,ERR,ERR,ERR,ERR,ERR,ERR,ERR,ERR,ERR,ERR,ERR,ERR,ERR,ERR,ERR,ERR,ERR,ERR,ERR,ERR,50.0,60.0,100,0.0,0.0,0.0,0.0,0.0,0.0,0.0,0.0,0.0,0.0,0.0,0.0,0.0,0.0,0.0,0.0,61.6,77,11,65508,50,65476,0,300,0,0,8,20529,65476,0,0,26214,60.0,0.0,0.0,0.0,0.0,0.0
2026-05-17T16:52:35,ERR,ERR,ERR,ERR,ERR,ERR,ERR,ERR,ERR,ERR,ERR,ERR,ERR,ERR,ERR,ERR,ERR,ERR,ERR,ERR,ERR,ERR,ERR,ERR,ERR,ERR,ERR,ERR,ERR,ERR,ERR,ERR,ERR,ERR,ERR,ERR,ERR,ERR,ERR,ERR,ERR,ERR,ERR,ERR,ERR,ERR,ERR,ERR,ERR,ERR,ERR,ERR,ERR,ERR,ERR,ERR,ERR,ERR,ERR,ERR,ERR,ERR,ERR,ERR,ERR,ERR,ERR,ERR,ERR,ERR,ERR,ERR,ERR,ERR,ERR,ERR,ERR,ERR,ERR,ERR,ERR,ERR,ERR,ERR,ERR,ERR,ERR,ERR,ERR,ERR,ERR,ERR,ERR,ERR,ERR,ERR,ERR,ERR,ERR,ERR,ERR,ERR,ERR,ERR,ERR,ERR,ERR,ERR,ERR,ERR,ERR,ERR,ERR,ERR,ERR,ERR,ERR,ERR,ERR,ERR,ERR,ERR,ERR,ERR,ERR,0.0,0.0,-134474944.0,0.0,0.0,1.3936040501711995e+18,7.805,0.0,0,0,4,0,8422,0.0,45,0.0,0.0,0.0,0.0,0.0,0,0,0,0,0.0,0,0,0,0,0,0,0,0,0,0,0,0,0,0,0,0,0,0,0,0,0,0,0,0,0,0,0,0,0,0,0,0,0,38,14,7,45,65476,0,300,0,0,8,21553,0.0,-107605600.0,0.0,0.0,0.0,0.0,0.0,0.0,0.0,0.0,0.0,0.0,0.0,0.0,0.0,0.0,0.0,0.0,0.0,0.0,0.0,0.0,0.0,0.0,-2.004,2.004,0.0,0.0,0.0,0.0,5041.0,-0.0,0.0,0.0,0.0,0.0,-107615304.0,0.0,0.0,0.0,0.0,53,3.222028592685471e+26,-71.629,0.0,0.0,0.0,0.0,0.0,0.0,0.0,0,0,0,0.0,0.0,0.0,0.0,0.0,0.0,0.0,0.0,0.0,0.0,0.0,0.0,0.0,0.0,0.0,0.0,0,-107875648.0,53,0.0,106,-107614832.0,2.7006707062415038e+23,ERR,ERR,ERR,ERR,ERR,ERR,ERR,ERR,ERR,ERR,ERR,ERR,ERR,ERR,ERR,ERR,ERR,ERR,ERR,ERR,ERR,ERR,ERR,ERR,ERR,ERR,ERR,ERR,ERR,ERR,ERR,ERR,ERR,ERR,ERR,ERR,ERR,ERR,ERR,ERR,ERR,ERR,ERR,ERR,ERR,ERR,ERR,ERR,ERR,ERR,ERR,ERR,ERR,ERR,ERR,ERR,ERR,ERR,ERR,ERR,ERR,ERR,ERR,ERR,ERR,ERR,ERR,50.0,60.0,100,0.0,0.0,0.0,0.0,0.0,0.0,0.0,0.0,0.0,0.0,0.0,0.0,0.0,0.0,0.0,0.0,62.0,77,11,65508,50,65476,0,300,0,0,8,20529,65476,0,0,26214,60.0,0.0,0.0,0.0,0.0,0.0
2026-05-17T16:52:36,ERR,ERR,ERR,ERR,ERR,ERR,ERR,ERR,ERR,ERR,ERR,ERR,ERR,ERR,ERR,ERR,ERR,ERR,ERR,ERR,ERR,ERR,ERR,ERR,ERR,ERR,ERR,ERR,ERR,ERR,ERR,ERR,ERR,ERR,ERR,ERR,ERR,ERR,ERR,ERR,ERR,ERR,ERR,ERR,ERR,ERR,ERR,ERR,ERR,ERR,ERR,ERR,ERR,ERR,ERR,ERR,ERR,ERR,ERR,ERR,ERR,ERR,ERR,ERR,ERR,ERR,ERR,ERR,ERR,ERR,ERR,ERR,ERR,ERR,ERR,ERR,ERR,ERR,ERR,ERR,ERR,ERR,ERR,ERR,ERR,ERR,ERR,ERR,ERR,ERR,ERR,ERR,ERR,ERR,ERR,ERR,ERR,ERR,ERR,ERR,ERR,ERR,ERR,ERR,ERR,ERR,ERR,ERR,ERR,ERR,ERR,ERR,ERR,ERR,ERR,ERR,ERR,ERR,ERR,ERR,ERR,ERR,ERR,ERR,ERR,0.0,0.0,-134474944.0,0.0,0.0,1.3936040501711995e+18,7.805,0.0,0,0,4,0,8422,0.0,45,0.0,0.0,0.0,0.0,0.0,0,0,0,0,0.0,0,0,0,0,0,0,0,0,0,0,0,0,0,0,0,0,0,0,0,0,0,0,0,0,0,0,0,0,0,0,0,0,0,38,14,7,45,65476,0,300,0,0,8,21553,0.0,-107605600.0,0.0,0.0,0.0,0.0,0.0,0.0,0.0,0.0,0.0,0.0,0.0,0.0,0.0,0.0,0.0,0.0,0.0,0.0,0.0,0.0,0.0,0.0,-2.004,2.004,0.0,0.0,0.0,0.0,5041.0,-0.0,0.0,0.0,0.0,0.0,-107615304.0,0.0,0.0,0.0,0.0,53,3.222028592685471e+26,-71.629,0.0,0.0,0.0,0.0,0.0,0.0,0.0,0,0,0,0.0,0.0,0.0,0.0,0.0,0.0,0.0,0.0,0.0,0.0,0.0,0.0,0.0,0.0,0.0,0.0,0,-107875648.0,53,0.0,106,-107614832.0,2.7006707062415038e+23,ERR,ERR,ERR,ERR,ERR,ERR,ERR,ERR,ERR,ERR,ERR,ERR,ERR,ERR,ERR,ERR,ERR,ERR,ERR,ERR,ERR,ERR,ERR,ERR,ERR,ERR,ERR,ERR,ERR,ERR,ERR,ERR,ERR,ERR,ERR,ERR,ERR,ERR,ERR,ERR,ERR,ERR,ERR,ERR,ERR,ERR,ERR,ERR,ERR,ERR,ERR,ERR,ERR,ERR,ERR,ERR,ERR,ERR,ERR,ERR,ERR,ERR,ERR,ERR,ERR,ERR,ERR,50.0,60.0,100,0.0,0.0,0.0,0.0,0.0,0.0,0.0,0.0,0.0,0.0,0.0,0.0,0.0,0.0,0.0,0.0,62.0,77,11,65508,50,65476,0,300,0,0,8,20529,65476,0,0,26214,60.0,0.0,0.0,0.0,0.0,0.0
2026-05-17T16:52:37,ERR,ERR,ERR,ERR,ERR,ERR,ERR,ERR,ERR,ERR,ERR,ERR,ERR,ERR,ERR,ERR,ERR,ERR,ERR,ERR,ERR,ERR,ERR,ERR,ERR,ERR,ERR,ERR,ERR,ERR,ERR,ERR,ERR,ERR,ERR,ERR,ERR,ERR,ERR,ERR,ERR,ERR,ERR,ERR,ERR,ERR,ERR,ERR,ERR,ERR,ERR,ERR,ERR,ERR,ERR,ERR,ERR,ERR,ERR,ERR,ERR,ERR,ERR,ERR,ERR,ERR,ERR,ERR,ERR,ERR,ERR,ERR,ERR,ERR,ERR,ERR,ERR,ERR,ERR,ERR,ERR,ERR,ERR,ERR,ERR,ERR,ERR,ERR,ERR,ERR,ERR,ERR,ERR,ERR,ERR,ERR,ERR,ERR,ERR,ERR,ERR,ERR,ERR,ERR,ERR,ERR,ERR,ERR,ERR,ERR,ERR,ERR,ERR,ERR,ERR,ERR,ERR,ERR,ERR,ERR,ERR,ERR,ERR,ERR,ERR,0.0,0.0,-134474944.0,0.0,0.0,1.3936040501711995e+18,7.805,0.0,0,0,4,0,8422,0.0,45,0.0,0.0,0.0,0.0,0.0,0,0,0,0,0.0,0,0,0,0,0,0,0,0,0,0,0,0,0,0,0,0,0,0,0,0,0,0,0,0,0,0,0,0,0,0,0,0,0,38,14,7,45,65476,0,300,0,0,8,21553,0.0,-107605600.0,0.0,0.0,0.0,0.0,0.0,0.0,0.0,0.0,0.0,0.0,0.0,0.0,0.0,0.0,0.0,0.0,0.0,0.0,0.0,0.0,0.0,0.0,-2.004,2.004,0.0,0.0,0.0,0.0,5041.0,-0.0,0.0,0.0,0.0,0.0,-107615304.0,0.0,0.0,0.0,0.0,53,3.222028592685471e+26,-71.629,0.0,0.0,0.0,0.0,0.0,0.0,0.0,0,0,0,0.0,0.0,0.0,0.0,0.0,0.0,0.0,0.0,0.0,0.0,0.0,0.0,0.0,0.0,0.0,0.0,0,-107875648.0,53,0.0,106,-107614832.0,2.7006707062415038e+23,ERR,ERR,ERR,ERR,ERR,ERR,ERR,ERR,ERR,ERR,ERR,ERR,ERR,ERR,ERR,ERR,ERR,ERR,ERR,ERR,ERR,ERR,ERR,ERR,ERR,ERR,ERR,ERR,ERR,ERR,ERR,ERR,ERR,ERR,ERR,ERR,ERR,ERR,ERR,ERR,ERR,ERR,ERR,ERR,ERR,ERR,ERR,ERR,ERR,ERR,ERR,ERR,ERR,ERR,ERR,ERR,ERR,ERR,ERR,ERR,ERR,ERR,ERR,ERR,ERR,ERR,ERR,50.0,60.0,100,0.0,0.0,0.0,0.0,0.0,0.0,0.0,0.0,0.0,0.0,0.0,0.0,0.0,0.0,0.0,0.0,61.6,77,11,65508,50,65476,0,300,0,0,8,20529,65476,0,0,26214,60.0,0.0,0.0,0.0,0.0,0.0
2026-05-17T16:52:38,ERR,ERR,ERR,ERR,ERR,ERR,ERR,ERR,ERR,ERR,ERR,ERR,ERR,ERR,ERR,ERR,ERR,ERR,ERR,ERR,ERR,ERR,ERR,ERR,ERR,ERR,ERR,ERR,ERR,ERR,ERR,ERR,ERR,ERR,ERR,ERR,ERR,ERR,ERR,ERR,ERR,ERR,ERR,ERR,ERR,ERR,ERR,ERR,ERR,ERR,ERR,ERR,ERR,ERR,ERR,ERR,ERR,ERR,ERR,ERR,ERR,ERR,ERR,ERR,ERR,ERR,ERR,ERR,ERR,ERR,ERR,ERR,ERR,ERR,ERR,ERR,ERR,ERR,ERR,ERR,ERR,ERR,ERR,ERR,ERR,ERR,ERR,ERR,ERR,ERR,ERR,ERR,ERR,ERR,ERR,ERR,ERR,ERR,ERR,ERR,ERR,ERR,ERR,ERR,ERR,ERR,ERR,ERR,ERR,ERR,ERR,ERR,ERR,ERR,ERR,ERR,ERR,ERR,ERR,ERR,ERR,ERR,ERR,ERR,ERR,0.0,0.0,-134474944.0,0.0,0.0,1.3936040501711995e+18,7.805,0.0,0,0,4,0,8422,0.0,45,0.0,0.0,0.0,0.0,0.0,0,0,0,0,0.0,0,0,0,0,0,0,0,0,0,0,0,0,0,0,0,0,0,0,0,0,0,0,0,0,0,0,0,0,0,0,0,0,0,38,14,7,45,65476,0,300,0,0,8,21553,0.0,-107605600.0,0.0,0.0,0.0,0.0,0.0,0.0,0.0,0.0,0.0,0.0,0.0,0.0,0.0,0.0,0.0,0.0,0.0,0.0,0.0,0.0,0.0,0.0,-2.004,2.004,0.0,0.0,0.0,0.0,5041.0,-0.0,0.0,0.0,0.0,0.0,-107615304.0,0.0,0.0,0.0,0.0,53,3.222028592685471e+26,-71.629,0.0,0.0,0.0,0.0,0.0,0.0,0.0,0,0,0,0.0,0.0,0.0,0.0,0.0,0.0,0.0,0.0,0.0,0.0,0.0,0.0,0.0,0.0,0.0,0.0,0,-107875648.0,53,0.0,106,-107614832.0,2.7006707062415038e+23,ERR,ERR,ERR,ERR,ERR,ERR,ERR,ERR,ERR,ERR,ERR,ERR,ERR,ERR,ERR,ERR,ERR,ERR,ERR,ERR,ERR,ERR,ERR,ERR,ERR,ERR,ERR,ERR,ERR,ERR,ERR,ERR,ERR,ERR,ERR,ERR,ERR,ERR,ERR,ERR,ERR,ERR,ERR,ERR,ERR,ERR,ERR,ERR,ERR,ERR,ERR,ERR,ERR,ERR,ERR,ERR,ERR,ERR,ERR,ERR,ERR,ERR,ERR,ERR,ERR,ERR,ERR,50.0,60.0,100,0.0,0.0,0.0,0.0,0.0,0.0,0.0,0.0,0.0,0.0,0.0,0.0,0.0,0.0,0.0,0.0,61.6,77,11,65508,50,65476,0,300,0,0,8,20529,65476,0,0,26214,60.0,0.0,0.0,0.0,0.0,0.0
2026-05-17T16:52:39,ERR,ERR,ERR,ERR,ERR,ERR,ERR,ERR,ERR,ERR,ERR,ERR,ERR,ERR,ERR,ERR,ERR,ERR,ERR,ERR,ERR,ERR,ERR,ERR,ERR,ERR,ERR,ERR,ERR,ERR,ERR,ERR,ERR,ERR,ERR,ERR,ERR,ERR,ERR,ERR,ERR,ERR,ERR,ERR,ERR,ERR,ERR,ERR,ERR,ERR,ERR,ERR,ERR,ERR,ERR,ERR,ERR,ERR,ERR,ERR,ERR,ERR,ERR,ERR,ERR,ERR,ERR,ERR,ERR,ERR,ERR,ERR,ERR,ERR,ERR,ERR,ERR,ERR,ERR,ERR,ERR,ERR,ERR,ERR,ERR,ERR,ERR,ERR,ERR,ERR,ERR,ERR,ERR,ERR,ERR,ERR,ERR,ERR,ERR,ERR,ERR,ERR,ERR,ERR,ERR,ERR,ERR,ERR,ERR,ERR,ERR,ERR,ERR,ERR,ERR,ERR,ERR,ERR,ERR,ERR,ERR,ERR,ERR,ERR,ERR,0.0,0.0,-134474944.0,0.0,0.0,1.3936040501711995e+18,7.805,0.0,0,0,4,0,8422,0.0,45,0.0,0.0,0.0,0.0,0.0,0,0,0,0,0.0,0,0,0,0,0,0,0,0,0,0,0,0,0,0,0,0,0,0,0,0,0,0,0,0,0,0,0,0,0,0,0,0,0,38,14,7,45,65476,0,300,0,0,8,21553,0.0,-107605600.0,0.0,0.0,0.0,0.0,0.0,0.0,0.0,0.0,0.0,0.0,0.0,0.0,0.0,0.0,0.0,0.0,0.0,0.0,0.0,0.0,0.0,0.0,-2.004,2.004,0.0,0.0,0.0,0.0,5041.0,2.422988192762658e+24,0.0,0.0,0.0,0.0,-107615304.0,0.0,0.0,0.0,0.0,53,3.222028592685471e+26,5.848056079300204e+35,0.0,0.0,0.0,0.0,0.0,0.0,0.0,0,0,0,0.0,0.0,0.0,0.0,0.0,0.0,0.0,0.0,0.0,0.0,0.0,0.0,0.0,0.0,0.0,0.0,0,-107875648.0,53,0.0,106,-107614832.0,2.7006707062415038e+23,ERR,ERR,ERR,ERR,ERR,ERR,ERR,ERR,ERR,ERR,ERR,ERR,ERR,ERR,ERR,ERR,ERR,ERR,ERR,ERR,ERR,ERR,ERR,ERR,ERR,ERR,ERR,ERR,ERR,ERR,ERR,ERR,ERR,ERR,ERR,ERR,ERR,ERR,ERR,ERR,ERR,ERR,ERR,ERR,ERR,ERR,ERR,ERR,ERR,ERR,ERR,ERR,ERR,ERR,ERR,ERR,ERR,ERR,ERR,ERR,ERR,ERR,ERR,ERR,ERR,ERR,ERR,50.0,60.0,100,0.0,0.0,0.0,0.0,0.0,0.0,0.0,0.0,0.0,0.0,0.0,0.0,0.0,0.0,0.0,0.0,62.0,77,11,65508,50,65476,0,300,0,0,8,20529,65476,0,0,26214,60.0,0.0,0.0,0.0,0.0,0.0
2026-05-17T16:52:40,ERR,ERR,ERR,ERR,ERR,ERR,ERR,ERR,ERR,ERR,ERR,ERR,ERR,ERR,ERR,ERR,ERR,ERR,ERR,ERR,ERR,ERR,ERR,ERR,ERR,ERR,ERR,ERR,ERR,ERR,ERR,ERR,ERR,ERR,ERR,ERR,ERR,ERR,ERR,ERR,ERR,ERR,ERR,ERR,ERR,ERR,ERR,ERR,ERR,ERR,ERR,ERR,ERR,ERR,ERR,ERR,ERR,ERR,ERR,ERR,ERR,ERR,ERR,ERR,ERR,ERR,ERR,ERR,ERR,ERR,ERR,ERR,ERR,ERR,ERR,ERR,ERR,ERR,ERR,ERR,ERR,ERR,ERR,ERR,ERR,ERR,ERR,ERR,ERR,ERR,ERR,ERR,ERR,ERR,ERR,ERR,ERR,ERR,ERR,ERR,ERR,ERR,ERR,ERR,ERR,ERR,ERR,ERR,ERR,ERR,ERR,ERR,ERR,ERR,ERR,ERR,ERR,ERR,ERR,ERR,ERR,ERR,ERR,ERR,ERR,0.0,0.0,-134474944.0,0.0,0.0,1.3936040501711995e+18,7.805,0.0,0,0,4,0,8422,0.0,45,0.0,0.0,0.0,0.0,0.0,0,0,0,0,0.0,0,0,0,0,0,0,0,0,0,0,0,0,0,0,0,0,0,0,0,0,0,0,0,0,0,0,0,0,0,0,0,0,0,38,14,7,45,65476,0,300,0,0,8,21553,0.0,-107605600.0,0.0,0.0,0.0,0.0,0.0,0.0,0.0,0.0,0.0,0.0,0.0,0.0,0.0,0.0,0.0,0.0,0.0,0.0,0.0,0.0,0.0,0.0,-2.004,2.004,0.0,0.0,0.0,0.0,5041.0,2.422988192762658e+24,0.0,0.0,0.0,0.0,-107615304.0,0.0,0.0,0.0,0.0,53,3.222028592685471e+26,5.848056079300204e+35,0.0,0.0,0.0,0.0,0.0,0.0,0.0,0,0,0,0.0,0.0,0.0,0.0,0.0,0.0,0.0,0.0,0.0,0.0,0.0,0.0,0.0,0.0,0.0,0.0,0,-107875648.0,53,0.0,106,-107614832.0,2.7006707062415038e+23,ERR,ERR,ERR,ERR,ERR,ERR,ERR,ERR,ERR,ERR,ERR,ERR,ERR,ERR,ERR,ERR,ERR,ERR,ERR,ERR,ERR,ERR,ERR,ERR,ERR,ERR,ERR,ERR,ERR,ERR,ERR,ERR,ERR,ERR,ERR,ERR,ERR,ERR,ERR,ERR,ERR,ERR,ERR,ERR,ERR,ERR,ERR,ERR,ERR,ERR,ERR,ERR,ERR,ERR,ERR,ERR,ERR,ERR,ERR,ERR,ERR,ERR,ERR,ERR,ERR,ERR,ERR,50.0,60.0,100,0.0,0.0,0.0,0.0,0.0,0.0,0.0,0.0,0.0,0.0,0.0,0.0,0.0,0.0,0.0,0.0,62.0,77,11,65508,50,65476,0,300,0,0,8,20529,65476,0,0,26214,60.0,0.0,0.0,0.0,0.0,0.0
2026-05-17T16:52:41,ERR,ERR,ERR,ERR,ERR,ERR,ERR,ERR,ERR,ERR,ERR,ERR,ERR,ERR,ERR,ERR,ERR,ERR,ERR,ERR,ERR,ERR,ERR,ERR,ERR,ERR,ERR,ERR,ERR,ERR,ERR,ERR,ERR,ERR,ERR,ERR,ERR,ERR,ERR,ERR,ERR,ERR,ERR,ERR,ERR,ERR,ERR,ERR,ERR,ERR,ERR,ERR,ERR,ERR,ERR,ERR,ERR,ERR,ERR,ERR,ERR,ERR,ERR,ERR,ERR,ERR,ERR,ERR,ERR,ERR,ERR,ERR,ERR,ERR,ERR,ERR,ERR,ERR,ERR,ERR,ERR,ERR,ERR,ERR,ERR,ERR,ERR,ERR,ERR,ERR,ERR,ERR,ERR,ERR,ERR,ERR,ERR,ERR,ERR,ERR,ERR,ERR,ERR,ERR,ERR,ERR,ERR,ERR,ERR,ERR,ERR,ERR,ERR,ERR,ERR,ERR,ERR,ERR,ERR,ERR,ERR,ERR,ERR,ERR,ERR,0.0,0.0,-134474944.0,0.0,0.0,1.3936040501711995e+18,7.805,0.0,0,0,4,0,8422,0.0,45,0.0,0.0,0.0,0.0,0.0,0,0,0,0,0.0,0,0,0,0,0,0,0,0,0,0,0,0,0,0,0,0,0,0,0,0,0,0,0,0,0,0,0,0,0,0,0,0,0,38,14,7,45,65476,0,300,0,0,8,21553,0.0,-107605600.0,0.0,0.0,0.0,0.0,0.0,0.0,0.0,0.0,0.0,0.0,0.0,0.0,0.0,0.0,0.0,0.0,0.0,0.0,0.0,0.0,0.0,0.0,-2.004,2.004,0.0,0.0,0.0,0.0,5041.0,2.422988192762658e+24,0.0,0.0,0.0,0.0,-107615304.0,0.0,0.0,0.0,0.0,53,3.222028592685471e+26,5.848056079300204e+35,0.0,0.0,0.0,0.0,0.0,0.0,0.0,0,0,0,0.0,0.0,0.0,0.0,0.0,0.0,0.0,0.0,0.0,0.0,0.0,0.0,0.0,0.0,0.0,0.0,0,-107875648.0,53,0.0,106,-107614832.0,2.7006707062415038e+23,ERR,ERR,ERR,ERR,ERR,ERR,ERR,ERR,ERR,ERR,ERR,ERR,ERR,ERR,ERR,ERR,ERR,ERR,ERR,ERR,ERR,ERR,ERR,ERR,ERR,ERR,ERR,ERR,ERR,ERR,ERR,ERR,ERR,ERR,ERR,ERR,ERR,ERR,ERR,ERR,ERR,ERR,ERR,ERR,ERR,ERR,ERR,ERR,ERR,ERR,ERR,ERR,ERR,ERR,ERR,ERR,ERR,ERR,ERR,ERR,ERR,ERR,ERR,ERR,ERR,ERR,ERR,50.0,60.0,100,0.0,0.0,0.0,0.0,0.0,0.0,0.0,0.0,0.0,0.0,0.0,0.0,0.0,0.0,0.0,0.0,61.6,77,11,65508,50,65476,0,300,0,0,8,20529,65476,0,0,26214,60.0,0.0,0.0,0.0,0.0,0.0
2026-05-17T16:52:42,ERR,ERR,ERR,ERR,ERR,ERR,ERR,ERR,ERR,ERR,ERR,ERR,ERR,ERR,ERR,ERR,ERR,ERR,ERR,ERR,ERR,ERR,ERR,ERR,ERR,ERR,ERR,ERR,ERR,ERR,ERR,ERR,ERR,ERR,ERR,ERR,ERR,ERR,ERR,ERR,ERR,ERR,ERR,ERR,ERR,ERR,ERR,ERR,ERR,ERR,ERR,ERR,ERR,ERR,ERR,ERR,ERR,ERR,ERR,ERR,ERR,ERR,ERR,ERR,ERR,ERR,ERR,ERR,ERR,ERR,ERR,ERR,ERR,ERR,ERR,ERR,ERR,ERR,ERR,ERR,ERR,ERR,ERR,ERR,ERR,ERR,ERR,ERR,ERR,ERR,ERR,ERR,ERR,ERR,ERR,ERR,ERR,ERR,ERR,ERR,ERR,ERR,ERR,ERR,ERR,ERR,ERR,ERR,ERR,ERR,ERR,ERR,ERR,ERR,ERR,ERR,ERR,ERR,ERR,ERR,ERR,ERR,ERR,ERR,ERR,0.0,0.0,-134474944.0,0.0,0.0,1.3936040501711995e+18,7.805,0.0,0,0,4,0,8422,0.0,45,0.0,0.0,0.0,0.0,0.0,0,0,0,0,0.0,0,0,0,0,0,0,0,0,0,0,0,0,0,0,0,0,0,0,0,0,0,0,0,0,0,0,0,0,0,0,0,0,0,38,14,7,45,65476,0,300,0,0,8,21553,0.0,-107605600.0,0.0,0.0,0.0,0.0,0.0,0.0,0.0,0.0,0.0,0.0,0.0,0.0,0.0,0.0,0.0,0.0,0.0,0.0,0.0,0.0,0.0,0.0,-2.004,2.004,0.0,0.0,0.0,0.0,5041.0,2.422988192762658e+24,0.0,0.0,0.0,0.0,-107615304.0,0.0,0.0,0.0,0.0,53,3.222028592685471e+26,5.848056079300204e+35,0.0,0.0,0.0,0.0,0.0,0.0,0.0,0,0,0,0.0,0.0,0.0,0.0,0.0,0.0,0.0,0.0,0.0,0.0,0.0,0.0,0.0,0.0,0.0,0.0,0,-107875648.0,53,0.0,106,-107614832.0,2.7006707062415038e+23,ERR,ERR,ERR,ERR,ERR,ERR,ERR,ERR,ERR,ERR,ERR,ERR,ERR,ERR,ERR,ERR,ERR,ERR,ERR,ERR,ERR,ERR,ERR,ERR,ERR,ERR,ERR,ERR,ERR,ERR,ERR,ERR,ERR,ERR,ERR,ERR,ERR,ERR,ERR,ERR,ERR,ERR,ERR,ERR,ERR,ERR,ERR,ERR,ERR,ERR,ERR,ERR,ERR,ERR,ERR,ERR,ERR,ERR,ERR,ERR,ERR,ERR,ERR,ERR,ERR,ERR,ERR,50.0,60.0,100,0.0,0.0,0.0,0.0,0.0,0.0,0.0,0.0,0.0,0.0,0.0,0.0,0.0,0.0,0.0,0.0,61.6,77,11,65508,50,65476,0,300,0,0,8,20529,65476,0,0,26214,60.0,0.0,0.0,0.0,0.0,0.0
2026-05-17T16:52:43,ERR,ERR,ERR,ERR,ERR,ERR,ERR,ERR,ERR,ERR,ERR,ERR,ERR,ERR,ERR,ERR,ERR,ERR,ERR,ERR,ERR,ERR,ERR,ERR,ERR,ERR,ERR,ERR,ERR,ERR,ERR,ERR,ERR,ERR,ERR,ERR,ERR,ERR,ERR,ERR,ERR,ERR,ERR,ERR,ERR,ERR,ERR,ERR,ERR,ERR,ERR,ERR,ERR,ERR,ERR,ERR,ERR,ERR,ERR,ERR,ERR,ERR,ERR,ERR,ERR,ERR,ERR,ERR,ERR,ERR,ERR,ERR,ERR,ERR,ERR,ERR,ERR,ERR,ERR,ERR,ERR,ERR,ERR,ERR,ERR,ERR,ERR,ERR,ERR,ERR,ERR,ERR,ERR,ERR,ERR,ERR,ERR,ERR,ERR,ERR,ERR,ERR,ERR,ERR,ERR,ERR,ERR,ERR,ERR,ERR,ERR,ERR,ERR,ERR,ERR,ERR,ERR,ERR,ERR,ERR,ERR,ERR,ERR,ERR,ERR,0.0,0.0,-134474944.0,0.0,0.0,1.3936040501711995e+18,7.805,0.0,0,0,4,0,8422,0.0,45,0.0,0.0,0.0,0.0,0.0,0,0,0,0,0.0,0,0,0,0,0,0,0,0,0,0,0,0,0,0,0,0,0,0,0,0,0,0,0,0,0,0,0,0,0,0,0,0,0,38,14,7,45,65476,0,300,0,0,8,21553,0.0,-107605600.0,0.0,0.0,0.0,0.0,0.0,0.0,0.0,0.0,0.0,0.0,0.0,0.0,0.0,0.0,0.0,0.0,0.0,0.0,0.0,0.0,0.0,0.0,-2.004,2.004,0.0,0.0,0.0,0.0,5041.0,2.422988192762658e+24,0.0,0.0,0.0,0.0,-107615304.0,0.0,0.0,0.0,0.0,53,3.222028592685471e+26,5.848056079300204e+35,0.0,0.0,0.0,0.0,0.0,0.0,0.0,0,0,0,0.0,0.0,0.0,0.0,0.0,0.0,0.0,0.0,0.0,0.0,0.0,0.0,0.0,0.0,0.0,0.0,0,-107875648.0,53,0.0,106,-107614832.0,2.7006707062415038e+23,ERR,ERR,ERR,ERR,ERR,ERR,ERR,ERR,ERR,ERR,ERR,ERR,ERR,ERR,ERR,ERR,ERR,ERR,ERR,ERR,ERR,ERR,ERR,ERR,ERR,ERR,ERR,ERR,ERR,ERR,ERR,ERR,ERR,ERR,ERR,ERR,ERR,ERR,ERR,ERR,ERR,ERR,ERR,ERR,ERR,ERR,ERR,ERR,ERR,ERR,ERR,ERR,ERR,ERR,ERR,ERR,ERR,ERR,ERR,ERR,ERR,ERR,ERR,ERR,ERR,ERR,ERR,50.0,60.0,100,0.0,0.0,0.0,0.0,0.0,0.0,0.0,0.0,0.0,0.0,0.0,0.0,0.0,0.0,0.0,0.0,61.6,77,11,65508,50,65476,0,300,0,0,8,20529,65476,0,0,26214,60.0,0.0,0.0,0.0,0.0,0.0
2026-05-17T16:52:44,ERR,ERR,ERR,ERR,ERR,ERR,ERR,ERR,ERR,ERR,ERR,ERR,ERR,ERR,ERR,ERR,ERR,ERR,ERR,ERR,ERR,ERR,ERR,ERR,ERR,ERR,ERR,ERR,ERR,ERR,ERR,ERR,ERR,ERR,ERR,ERR,ERR,ERR,ERR,ERR,ERR,ERR,ERR,ERR,ERR,ERR,ERR,ERR,ERR,ERR,ERR,ERR,ERR,ERR,ERR,ERR,ERR,ERR,ERR,ERR,ERR,ERR,ERR,ERR,ERR,ERR,ERR,ERR,ERR,ERR,ERR,ERR,ERR,ERR,ERR,ERR,ERR,ERR,ERR,ERR,ERR,ERR,ERR,ERR,ERR,ERR,ERR,ERR,ERR,ERR,ERR,ERR,ERR,ERR,ERR,ERR,ERR,ERR,ERR,ERR,ERR,ERR,ERR,ERR,ERR,ERR,ERR,ERR,ERR,ERR,ERR,ERR,ERR,ERR,ERR,ERR,ERR,ERR,ERR,ERR,ERR,ERR,ERR,ERR,ERR,0.0,0.0,-134474944.0,0.0,0.0,1.3936040501711995e+18,7.805,0.0,0,0,4,0,8422,0.0,45,0.0,0.0,0.0,0.0,0.0,0,0,0,0,0.0,0,0,0,0,0,0,0,0,0,0,0,0,0,0,0,0,0,0,0,0,0,0,0,0,0,0,0,0,0,0,0,0,0,38,14,7,45,65476,0,300,0,0,8,21553,0.0,-107605600.0,0.0,0.0,0.0,0.0,0.0,0.0,0.0,0.0,0.0,0.0,0.0,0.0,0.0,0.0,0.0,0.0,0.0,0.0,0.0,0.0,0.0,0.0,-2.004,2.004,0.0,0.0,0.0,0.0,5047.0,0.0,0.0,0.0,0.0,0.0,-107615304.0,0.0,0.0,0.0,0.0,53,-0.0,0.0,0.0,0.0,0.0,0.0,0.0,0.0,0.0,0,0,0,0.0,0.0,0.0,0.0,0.0,0.0,0.0,0.0,0.0,0.0,0.0,0.0,0.0,0.0,0.0,0.0,0,-107875648.0,53,0.0,106,-107614832.0,2.7006707062415038e+23,ERR,ERR,ERR,ERR,ERR,ERR,ERR,ERR,ERR,ERR,ERR,ERR,ERR,ERR,ERR,ERR,ERR,ERR,ERR,ERR,ERR,ERR,ERR,ERR,ERR,ERR,ERR,ERR,ERR,ERR,ERR,ERR,ERR,ERR,ERR,ERR,ERR,ERR,ERR,ERR,ERR,ERR,ERR,ERR,ERR,ERR,ERR,ERR,ERR,ERR,ERR,ERR,ERR,ERR,ERR,ERR,ERR,ERR,ERR,ERR,ERR,ERR,ERR,ERR,ERR,ERR,ERR,50.0,60.0,100,0.0,0.0,0.0,0.0,0.0,0.0,0.0,0.0,0.0,0.0,0.0,0.0,0.0,0.0,0.0,0.0,61.6,77,11,65508,50,65476,0,300,0,0,8,20529,65476,0,0,26214,60.0,0.0,0.0,0.0,0.0,0.0
2026-05-17T16:52:45,ERR,ERR,ERR,ERR,ERR,ERR,ERR,ERR,ERR,ERR,ERR,ERR,ERR,ERR,ERR,ERR,ERR,ERR,ERR,ERR,ERR,ERR,ERR,ERR,ERR,ERR,ERR,ERR,ERR,ERR,ERR,ERR,ERR,ERR,ERR,ERR,ERR,ERR,ERR,ERR,ERR,ERR,ERR,ERR,ERR,ERR,ERR,ERR,ERR,ERR,ERR,ERR,ERR,ERR,ERR,ERR,ERR,ERR,ERR,ERR,ERR,ERR,ERR,ERR,ERR,ERR,ERR,ERR,ERR,ERR,ERR,ERR,ERR,ERR,ERR,ERR,ERR,ERR,ERR,ERR,ERR,ERR,ERR,ERR,ERR,ERR,ERR,ERR,ERR,ERR,ERR,ERR,ERR,ERR,ERR,ERR,ERR,ERR,ERR,ERR,ERR,ERR,ERR,ERR,ERR,ERR,ERR,ERR,ERR,ERR,ERR,ERR,ERR,ERR,ERR,ERR,ERR,ERR,ERR,ERR,ERR,ERR,ERR,ERR,ERR,0.0,0.0,-134474944.0,0.0,0.0,1.3936040501711995e+18,7.805,0.0,0,0,4,0,8422,0.0,45,0.0,0.0,0.0,0.0,0.0,0,0,0,0,0.0,0,0,0,0,0,0,0,0,0,0,0,0,0,0,0,0,0,0,0,0,0,0,0,0,0,0,0,0,0,0,0,0,0,38,14,7,45,65476,0,300,0,0,8,21553,0.0,-107605600.0,0.0,0.0,0.0,0.0,0.0,0.0,0.0,0.0,0.0,0.0,0.0,0.0,0.0,0.0,0.0,0.0,0.0,0.0,0.0,0.0,0.0,0.0,-2.004,2.004,0.0,0.0,0.0,0.0,5047.0,0.0,0.0,0.0,0.0,0.0,-107615304.0,0.0,0.0,0.0,0.0,53,-0.0,0.0,0.0,0.0,0.0,0.0,0.0,0.0,0.0,0,0,0,0.0,0.0,0.0,0.0,0.0,0.0,0.0,0.0,0.0,0.0,0.0,0.0,0.0,0.0,0.0,0.0,0,-107875648.0,53,0.0,106,-107614832.0,2.7006707062415038e+23,ERR,ERR,ERR,ERR,ERR,ERR,ERR,ERR,ERR,ERR,ERR,ERR,ERR,ERR,ERR,ERR,ERR,ERR,ERR,ERR,ERR,ERR,ERR,ERR,ERR,ERR,ERR,ERR,ERR,ERR,ERR,ERR,ERR,ERR,ERR,ERR,ERR,ERR,ERR,ERR,ERR,ERR,ERR,ERR,ERR,ERR,ERR,ERR,ERR,ERR,ERR,ERR,ERR,ERR,ERR,ERR,ERR,ERR,ERR,ERR,ERR,ERR,ERR,ERR,ERR,ERR,ERR,50.0,60.0,100,0.0,0.0,0.0,0.0,0.0,0.0,0.0,0.0,0.0,0.0,0.0,0.0,0.0,0.0,0.0,0.0,61.6,77,11,65508,50,65476,0,300,0,0,8,20529,65476,0,0,26214,60.0,0.0,0.0,0.0,0.0,0.0
2026-05-17T16:52:46,ERR,ERR,ERR,ERR,ERR,ERR,ERR,ERR,ERR,ERR,ERR,ERR,ERR,ERR,ERR,ERR,ERR,ERR,ERR,ERR,ERR,ERR,ERR,ERR,ERR,ERR,ERR,ERR,ERR,ERR,ERR,ERR,ERR,ERR,ERR,ERR,ERR,ERR,ERR,ERR,ERR,ERR,ERR,ERR,ERR,ERR,ERR,ERR,ERR,ERR,ERR,ERR,ERR,ERR,ERR,ERR,ERR,ERR,ERR,ERR,ERR,ERR,ERR,ERR,ERR,ERR,ERR,ERR,ERR,ERR,ERR,ERR,ERR,ERR,ERR,ERR,ERR,ERR,ERR,ERR,ERR,ERR,ERR,ERR,ERR,ERR,ERR,ERR,ERR,ERR,ERR,ERR,ERR,ERR,ERR,ERR,ERR,ERR,ERR,ERR,ERR,ERR,ERR,ERR,ERR,ERR,ERR,ERR,ERR,ERR,ERR,ERR,ERR,ERR,ERR,ERR,ERR,ERR,ERR,ERR,ERR,ERR,ERR,ERR,ERR,0.0,0.0,-134474944.0,0.0,0.0,1.3936040501711995e+18,7.805,0.0,0,0,4,0,8422,0.0,45,0.0,0.0,0.0,0.0,0.0,0,0,0,0,0.0,0,0,0,0,0,0,0,0,0,0,0,0,0,0,0,0,0,0,0,0,0,0,0,0,0,0,0,0,0,0,0,0,0,38,14,7,45,65476,0,300,0,0,8,21553,0.0,-107605600.0,0.0,0.0,0.0,0.0,0.0,0.0,0.0,0.0,0.0,0.0,0.0,0.0,0.0,0.0,0.0,0.0,0.0,0.0,0.0,0.0,0.0,0.0,-2.004,2.004,0.0,0.0,0.0,0.0,5047.0,0.0,0.0,0.0,0.0,0.0,-107615304.0,0.0,0.0,0.0,0.0,53,-0.0,0.0,0.0,0.0,0.0,0.0,0.0,0.0,0.0,0,0,0,0.0,0.0,0.0,0.0,0.0,0.0,0.0,0.0,0.0,0.0,0.0,0.0,0.0,0.0,0.0,0.0,0,-107875648.0,53,0.0,106,-107614832.0,2.7006707062415038e+23,ERR,ERR,ERR,ERR,ERR,ERR,ERR,ERR,ERR,ERR,ERR,ERR,ERR,ERR,ERR,ERR,ERR,ERR,ERR,ERR,ERR,ERR,ERR,ERR,ERR,ERR,ERR,ERR,ERR,ERR,ERR,ERR,ERR,ERR,ERR,ERR,ERR,ERR,ERR,ERR,ERR,ERR,ERR,ERR,ERR,ERR,ERR,ERR,ERR,ERR,ERR,ERR,ERR,ERR,ERR,ERR,ERR,ERR,ERR,ERR,ERR,ERR,ERR,ERR,ERR,ERR,ERR,50.0,60.0,100,0.0,0.0,0.0,0.0,0.0,0.0,0.0,0.0,0.0,0.0,0.0,0.0,0.0,0.0,0.0,0.0,61.6,77,11,65508,50,65476,0,300,0,0,8,20529,65476,0,0,26214,60.0,0.0,0.0,0.0,0.0,0.0
2026-05-17T16:52:47,ERR,ERR,ERR,ERR,ERR,ERR,ERR,ERR,ERR,ERR,ERR,ERR,ERR,ERR,ERR,ERR,ERR,ERR,ERR,ERR,ERR,ERR,ERR,ERR,ERR,ERR,ERR,ERR,ERR,ERR,ERR,ERR,ERR,ERR,ERR,ERR,ERR,ERR,ERR,ERR,ERR,ERR,ERR,ERR,ERR,ERR,ERR,ERR,ERR,ERR,ERR,ERR,ERR,ERR,ERR,ERR,ERR,ERR,ERR,ERR,ERR,ERR,ERR,ERR,ERR,ERR,ERR,ERR,ERR,ERR,ERR,ERR,ERR,ERR,ERR,ERR,ERR,ERR,ERR,ERR,ERR,ERR,ERR,ERR,ERR,ERR,ERR,ERR,ERR,ERR,ERR,ERR,ERR,ERR,ERR,ERR,ERR,ERR,ERR,ERR,ERR,ERR,ERR,ERR,ERR,ERR,ERR,ERR,ERR,ERR,ERR,ERR,ERR,ERR,ERR,ERR,ERR,ERR,ERR,ERR,ERR,ERR,ERR,ERR,ERR,0.0,0.0,-134474944.0,0.0,0.0,1.3936040501711995e+18,7.805,0.0,0,0,4,0,8422,0.0,45,0.0,0.0,0.0,0.0,0.0,0,0,0,0,0.0,0,0,0,0,0,0,0,0,0,0,0,0,0,0,0,0,0,0,0,0,0,0,0,0,0,0,0,0,0,0,0,0,0,38,14,7,45,65476,0,300,0,0,8,21553,0.0,-107605600.0,0.0,0.0,0.0,0.0,0.0,0.0,0.0,0.0,0.0,0.0,0.0,0.0,0.0,0.0,0.0,0.0,0.0,0.0,0.0,0.0,0.0,0.0,-2.004,2.004,0.0,0.0,0.0,0.0,5047.0,0.0,0.0,0.0,0.0,0.0,-107615304.0,0.0,0.0,0.0,0.0,53,-0.0,0.0,0.0,0.0,0.0,0.0,0.0,0.0,0.0,0,0,0,0.0,0.0,0.0,0.0,0.0,0.0,0.0,0.0,0.0,0.0,0.0,0.0,0.0,0.0,0.0,0.0,0,-107875648.0,53,0.0,106,-107614832.0,2.7006707062415038e+23,ERR,ERR,ERR,ERR,ERR,ERR,ERR,ERR,ERR,ERR,ERR,ERR,ERR,ERR,ERR,ERR,ERR,ERR,ERR,ERR,ERR,ERR,ERR,ERR,ERR,ERR,ERR,ERR,ERR,ERR,ERR,ERR,ERR,ERR,ERR,ERR,ERR,ERR,ERR,ERR,ERR,ERR,ERR,ERR,ERR,ERR,ERR,ERR,ERR,ERR,ERR,ERR,ERR,ERR,ERR,ERR,ERR,ERR,ERR,ERR,ERR,ERR,ERR,ERR,ERR,ERR,ERR,50.0,60.0,100,0.0,0.0,0.0,0.0,0.0,0.0,0.0,0.0,0.0,0.0,0.0,0.0,0.0,0.0,0.0,0.0,61.6,77,11,65508,50,65476,0,300,0,0,8,20529,65476,0,0,26214,60.0,0.0,0.0,0.0,0.0,0.0
2026-05-17T16:52:48,ERR,ERR,ERR,ERR,ERR,ERR,ERR,ERR,ERR,ERR,ERR,ERR,ERR,ERR,ERR,ERR,ERR,ERR,ERR,ERR,ERR,ERR,ERR,ERR,ERR,ERR,ERR,ERR,ERR,ERR,ERR,ERR,ERR,ERR,ERR,ERR,ERR,ERR,ERR,ERR,ERR,ERR,ERR,ERR,ERR,ERR,ERR,ERR,ERR,ERR,ERR,ERR,ERR,ERR,ERR,ERR,ERR,ERR,ERR,ERR,ERR,ERR,ERR,ERR,ERR,ERR,ERR,ERR,ERR,ERR,ERR,ERR,ERR,ERR,ERR,ERR,ERR,ERR,ERR,ERR,ERR,ERR,ERR,ERR,ERR,ERR,ERR,ERR,ERR,ERR,ERR,ERR,ERR,ERR,ERR,ERR,ERR,ERR,ERR,ERR,ERR,ERR,ERR,ERR,ERR,ERR,ERR,ERR,ERR,ERR,ERR,ERR,ERR,ERR,ERR,ERR,ERR,ERR,ERR,ERR,ERR,ERR,ERR,ERR,ERR,0.0,0.0,-134474944.0,0.0,0.0,1.3936040501711995e+18,7.805,0.0,0,0,4,0,8422,0.0,45,0.0,0.0,0.0,0.0,0.0,0,0,0,0,0.0,0,0,0,0,0,0,0,0,0,0,0,0,0,0,0,0,0,0,0,0,0,0,0,0,0,0,0,0,0,0,0,0,0,38,14,7,45,65476,0,300,0,0,8,21553,0.0,-107605600.0,0.0,0.0,0.0,0.0,0.0,0.0,0.0,0.0,0.0,0.0,0.0,0.0,0.0,0.0,0.0,0.0,0.0,0.0,0.0,0.0,0.0,0.0,-2.004,2.004,0.0,0.0,0.0,0.0,5047.0,0.0,0.0,0.0,0.0,0.0,-107615304.0,0.0,0.0,0.0,0.0,53,-0.0,0.0,0.0,0.0,0.0,0.0,0.0,0.0,0.0,0,0,0,0.0,0.0,0.0,0.0,0.0,0.0,0.0,0.0,0.0,0.0,0.0,0.0,0.0,0.0,0.0,0.0,0,-107875648.0,53,0.0,106,-107614832.0,2.7006707062415038e+23,ERR,ERR,ERR,ERR,ERR,ERR,ERR,ERR,ERR,ERR,ERR,ERR,ERR,ERR,ERR,ERR,ERR,ERR,ERR,ERR,ERR,ERR,ERR,ERR,ERR,ERR,ERR,ERR,ERR,ERR,ERR,ERR,ERR,ERR,ERR,ERR,ERR,ERR,ERR,ERR,ERR,ERR,ERR,ERR,ERR,ERR,ERR,ERR,ERR,ERR,ERR,ERR,ERR,ERR,ERR,ERR,ERR,ERR,ERR,ERR,ERR,ERR,ERR,ERR,ERR,ERR,ERR,50.0,60.0,100,0.0,0.0,0.0,0.0,0.0,0.0,0.0,0.0,0.0,0.0,0.0,0.0,0.0,0.0,0.0,0.0,62.0,77,11,65508,50,65476,0,300,0,0,8,20529,65476,0,0,26214,60.0,0.0,0.0,0.0,0.0,0.0
2026-05-17T16:52:49,ERR,ERR,ERR,ERR,ERR,ERR,ERR,ERR,ERR,ERR,ERR,ERR,ERR,ERR,ERR,ERR,ERR,ERR,ERR,ERR,ERR,ERR,ERR,ERR,ERR,ERR,ERR,ERR,ERR,ERR,ERR,ERR,ERR,ERR,ERR,ERR,ERR,ERR,ERR,ERR,ERR,ERR,ERR,ERR,ERR,ERR,ERR,ERR,ERR,ERR,ERR,ERR,ERR,ERR,ERR,ERR,ERR,ERR,ERR,ERR,ERR,ERR,ERR,ERR,ERR,ERR,ERR,ERR,ERR,ERR,ERR,ERR,ERR,ERR,ERR,ERR,ERR,ERR,ERR,ERR,ERR,ERR,ERR,ERR,ERR,ERR,ERR,ERR,ERR,ERR,ERR,ERR,ERR,ERR,ERR,ERR,ERR,ERR,ERR,ERR,ERR,ERR,ERR,ERR,ERR,ERR,ERR,ERR,ERR,ERR,ERR,ERR,ERR,ERR,ERR,ERR,ERR,ERR,ERR,ERR,ERR,ERR,ERR,ERR,ERR,0.0,0.0,-134474944.0,0.0,0.0,1.3936040501711995e+18,7.805,0.0,0,0,4,0,8422,0.0,45,0.0,0.0,0.0,0.0,0.0,0,0,0,0,0.0,0,0,0,0,0,0,0,0,0,0,0,0,0,0,0,0,0,0,0,0,0,0,0,0,0,0,0,0,0,0,0,0,0,38,14,7,45,65476,0,300,0,0,8,21553,0.0,-107605600.0,0.0,0.0,0.0,0.0,0.0,0.0,0.0,0.0,0.0,0.0,0.0,0.0,0.0,0.0,0.0,0.0,0.0,0.0,0.0,0.0,0.0,0.0,-2.004,2.004,0.0,0.0,0.0,0.0,4984.0,-1.587929164219617e+29,0.0,0.0,0.0,0.0,-107615304.0,0.0,0.0,0.0,0.0,53,-0.0,-0.0,0.0,0.0,0.0,0.0,0.0,0.0,0.0,0,0,0,0.0,0.0,0.0,0.0,0.0,0.0,0.0,0.0,0.0,0.0,0.0,0.0,0.0,0.0,0.0,0.0,0,-107875648.0,53,0.0,106,-107614832.0,2.7006707062415038e+23,ERR,ERR,ERR,ERR,ERR,ERR,ERR,ERR,ERR,ERR,ERR,ERR,ERR,ERR,ERR,ERR,ERR,ERR,ERR,ERR,ERR,ERR,ERR,ERR,ERR,ERR,ERR,ERR,ERR,ERR,ERR,ERR,ERR,ERR,ERR,ERR,ERR,ERR,ERR,ERR,ERR,ERR,ERR,ERR,ERR,ERR,ERR,ERR,ERR,ERR,ERR,ERR,ERR,ERR,ERR,ERR,ERR,ERR,ERR,ERR,ERR,ERR,ERR,ERR,ERR,ERR,ERR,50.0,60.0,100,0.0,0.0,0.0,0.0,0.0,0.0,0.0,0.0,0.0,0.0,0.0,0.0,0.0,0.0,0.0,0.0,61.6,77,11,65508,50,65476,0,300,0,0,8,20529,65476,0,0,26214,60.0,0.0,0.0,0.0,0.0,0.0
2026-05-17T16:52:50,ERR,ERR,ERR,ERR,ERR,ERR,ERR,ERR,ERR,ERR,ERR,ERR,ERR,ERR,ERR,ERR,ERR,ERR,ERR,ERR,ERR,ERR,ERR,ERR,ERR,ERR,ERR,ERR,ERR,ERR,ERR,ERR,ERR,ERR,ERR,ERR,ERR,ERR,ERR,ERR,ERR,ERR,ERR,ERR,ERR,ERR,ERR,ERR,ERR,ERR,ERR,ERR,ERR,ERR,ERR,ERR,ERR,ERR,ERR,ERR,ERR,ERR,ERR,ERR,ERR,ERR,ERR,ERR,ERR,ERR,ERR,ERR,ERR,ERR,ERR,ERR,ERR,ERR,ERR,ERR,ERR,ERR,ERR,ERR,ERR,ERR,ERR,ERR,ERR,ERR,ERR,ERR,ERR,ERR,ERR,ERR,ERR,ERR,ERR,ERR,ERR,ERR,ERR,ERR,ERR,ERR,ERR,ERR,ERR,ERR,ERR,ERR,ERR,ERR,ERR,ERR,ERR,ERR,ERR,ERR,ERR,ERR,ERR,ERR,ERR,0.0,0.0,-134474944.0,0.0,0.0,1.3936040501711995e+18,7.805,0.0,0,0,4,0,8422,0.0,45,0.0,0.0,0.0,0.0,0.0,0,0,0,0,0.0,0,0,0,0,0,0,0,0,0,0,0,0,0,0,0,0,0,0,0,0,0,0,0,0,0,0,0,0,0,0,0,0,0,38,14,7,45,65476,0,300,0,0,8,21553,0.0,-107605600.0,0.0,0.0,0.0,0.0,0.0,0.0,0.0,0.0,0.0,0.0,0.0,0.0,0.0,0.0,0.0,0.0,0.0,0.0,0.0,0.0,0.0,0.0,-2.004,2.004,0.0,0.0,0.0,0.0,4984.0,-1.587929164219617e+29,0.0,0.0,0.0,0.0,-107615304.0,0.0,0.0,0.0,0.0,53,-0.0,-0.0,0.0,0.0,0.0,0.0,0.0,0.0,0.0,0,0,0,0.0,0.0,0.0,0.0,0.0,0.0,0.0,0.0,0.0,0.0,0.0,0.0,0.0,0.0,0.0,0.0,0,-107875648.0,53,0.0,106,-107614832.0,2.7006707062415038e+23,ERR,ERR,ERR,ERR,ERR,ERR,ERR,ERR,ERR,ERR,ERR,ERR,ERR,ERR,ERR,ERR,ERR,ERR,ERR,ERR,ERR,ERR,ERR,ERR,ERR,ERR,ERR,ERR,ERR,ERR,ERR,ERR,ERR,ERR,ERR,ERR,ERR,ERR,ERR,ERR,ERR,ERR,ERR,ERR,ERR,ERR,ERR,ERR,ERR,ERR,ERR,ERR,ERR,ERR,ERR,ERR,ERR,ERR,ERR,ERR,ERR,ERR,ERR,ERR,ERR,ERR,ERR,50.0,60.0,100,0.0,0.0,0.0,0.0,0.0,0.0,0.0,0.0,0.0,0.0,0.0,0.0,0.0,0.0,0.0,0.0,61.6,77,11,65508,50,65476,0,300,0,0,8,20529,65476,0,0,26214,60.0,0.0,0.0,0.0,0.0,0.0
2026-05-17T16:52:51,ERR,ERR,ERR,ERR,ERR,ERR,ERR,ERR,ERR,ERR,ERR,ERR,ERR,ERR,ERR,ERR,ERR,ERR,ERR,ERR,ERR,ERR,ERR,ERR,ERR,ERR,ERR,ERR,ERR,ERR,ERR,ERR,ERR,ERR,ERR,ERR,ERR,ERR,ERR,ERR,ERR,ERR,ERR,ERR,ERR,ERR,ERR,ERR,ERR,ERR,ERR,ERR,ERR,ERR,ERR,ERR,ERR,ERR,ERR,ERR,ERR,ERR,ERR,ERR,ERR,ERR,ERR,ERR,ERR,ERR,ERR,ERR,ERR,ERR,ERR,ERR,ERR,ERR,ERR,ERR,ERR,ERR,ERR,ERR,ERR,ERR,ERR,ERR,ERR,ERR,ERR,ERR,ERR,ERR,ERR,ERR,ERR,ERR,ERR,ERR,ERR,ERR,ERR,ERR,ERR,ERR,ERR,ERR,ERR,ERR,ERR,ERR,ERR,ERR,ERR,ERR,ERR,ERR,ERR,ERR,ERR,ERR,ERR,ERR,ERR,0.0,0.0,-134474944.0,0.0,0.0,1.3936040501711995e+18,7.805,0.0,0,0,4,0,8422,0.0,45,0.0,0.0,0.0,0.0,0.0,0,0,0,0,0.0,0,0,0,0,0,0,0,0,0,0,0,0,0,0,0,0,0,0,0,0,0,0,0,0,0,0,0,0,0,0,0,0,0,38,14,7,45,65476,0,300,0,0,8,21553,0.0,-107605600.0,0.0,0.0,0.0,0.0,0.0,0.0,0.0,0.0,0.0,0.0,0.0,0.0,0.0,0.0,0.0,0.0,0.0,0.0,0.0,0.0,0.0,0.0,-2.004,2.004,0.0,0.0,0.0,0.0,4984.0,-1.587929164219617e+29,0.0,0.0,0.0,0.0,-107615304.0,0.0,0.0,0.0,0.0,53,-0.0,-0.0,0.0,0.0,0.0,0.0,0.0,0.0,0.0,0,0,0,0.0,0.0,0.0,0.0,0.0,0.0,0.0,0.0,0.0,0.0,0.0,0.0,0.0,0.0,0.0,0.0,0,-107875648.0,53,0.0,106,-107614832.0,2.7006707062415038e+23,ERR,ERR,ERR,ERR,ERR,ERR,ERR,ERR,ERR,ERR,ERR,ERR,ERR,ERR,ERR,ERR,ERR,ERR,ERR,ERR,ERR,ERR,ERR,ERR,ERR,ERR,ERR,ERR,ERR,ERR,ERR,ERR,ERR,ERR,ERR,ERR,ERR,ERR,ERR,ERR,ERR,ERR,ERR,ERR,ERR,ERR,ERR,ERR,ERR,ERR,ERR,ERR,ERR,ERR,ERR,ERR,ERR,ERR,ERR,ERR,ERR,ERR,ERR,ERR,ERR,ERR,ERR,50.0,60.0,100,0.0,0.0,0.0,0.0,0.0,0.0,0.0,0.0,0.0,0.0,0.0,0.0,0.0,0.0,0.0,0.0,61.6,77,11,65508,50,65476,0,300,0,0,8,20529,65476,0,0,26214,60.0,0.0,0.0,0.0,0.0,0.0
2026-05-17T16:52:52,ERR,ERR,ERR,ERR,ERR,ERR,ERR,ERR,ERR,ERR,ERR,ERR,ERR,ERR,ERR,ERR,ERR,ERR,ERR,ERR,ERR,ERR,ERR,ERR,ERR,ERR,ERR,ERR,ERR,ERR,ERR,ERR,ERR,ERR,ERR,ERR,ERR,ERR,ERR,ERR,ERR,ERR,ERR,ERR,ERR,ERR,ERR,ERR,ERR,ERR,ERR,ERR,ERR,ERR,ERR,ERR,ERR,ERR,ERR,ERR,ERR,ERR,ERR,ERR,ERR,ERR,ERR,ERR,ERR,ERR,ERR,ERR,ERR,ERR,ERR,ERR,ERR,ERR,ERR,ERR,ERR,ERR,ERR,ERR,ERR,ERR,ERR,ERR,ERR,ERR,ERR,ERR,ERR,ERR,ERR,ERR,ERR,ERR,ERR,ERR,ERR,ERR,ERR,ERR,ERR,ERR,ERR,ERR,ERR,ERR,ERR,ERR,ERR,ERR,ERR,ERR,ERR,ERR,ERR,ERR,ERR,ERR,ERR,ERR,ERR,0.0,0.0,-134474944.0,0.0,0.0,1.3936040501711995e+18,7.805,0.0,0,0,4,0,8422,0.0,45,0.0,0.0,0.0,0.0,0.0,0,0,0,0,0.0,0,0,0,0,0,0,0,0,0,0,0,0,0,0,0,0,0,0,0,0,0,0,0,0,0,0,0,0,0,0,0,0,0,38,14,7,45,65476,0,300,0,0,8,21553,0.0,-107605600.0,0.0,0.0,0.0,0.0,0.0,0.0,0.0,0.0,0.0,0.0,0.0,0.0,0.0,0.0,0.0,0.0,0.0,0.0,0.0,0.0,0.0,0.0,-2.004,2.004,0.0,0.0,0.0,0.0,4984.0,-1.587929164219617e+29,0.0,0.0,0.0,0.0,-107615304.0,0.0,0.0,0.0,0.0,53,-0.0,-0.0,0.0,0.0,0.0,0.0,0.0,0.0,0.0,0,0,0,0.0,0.0,0.0,0.0,0.0,0.0,0.0,0.0,0.0,0.0,0.0,0.0,0.0,0.0,0.0,0.0,0,-107875648.0,53,0.0,106,-107614832.0,2.7006707062415038e+23,ERR,ERR,ERR,ERR,ERR,ERR,ERR,ERR,ERR,ERR,ERR,ERR,ERR,ERR,ERR,ERR,ERR,ERR,ERR,ERR,ERR,ERR,ERR,ERR,ERR,ERR,ERR,ERR,ERR,ERR,ERR,ERR,ERR,ERR,ERR,ERR,ERR,ERR,ERR,ERR,ERR,ERR,ERR,ERR,ERR,ERR,ERR,ERR,ERR,ERR,ERR,ERR,ERR,ERR,ERR,ERR,ERR,ERR,ERR,ERR,ERR,ERR,ERR,ERR,ERR,ERR,ERR,50.0,60.0,100,0.0,0.0,0.0,0.0,0.0,0.0,0.0,0.0,0.0,0.0,0.0,0.0,0.0,0.0,0.0,0.0,61.6,77,11,65508,50,65476,0,300,0,0,8,20529,65476,0,0,26214,60.0,0.0,0.0,0.0,0.0,0.0
2026-05-17T16:52:53,ERR,ERR,ERR,ERR,ERR,ERR,ERR,ERR,ERR,ERR,ERR,ERR,ERR,ERR,ERR,ERR,ERR,ERR,ERR,ERR,ERR,ERR,ERR,ERR,ERR,ERR,ERR,ERR,ERR,ERR,ERR,ERR,ERR,ERR,ERR,ERR,ERR,ERR,ERR,ERR,ERR,ERR,ERR,ERR,ERR,ERR,ERR,ERR,ERR,ERR,ERR,ERR,ERR,ERR,ERR,ERR,ERR,ERR,ERR,ERR,ERR,ERR,ERR,ERR,ERR,ERR,ERR,ERR,ERR,ERR,ERR,ERR,ERR,ERR,ERR,ERR,ERR,ERR,ERR,ERR,ERR,ERR,ERR,ERR,ERR,ERR,ERR,ERR,ERR,ERR,ERR,ERR,ERR,ERR,ERR,ERR,ERR,ERR,ERR,ERR,ERR,ERR,ERR,ERR,ERR,ERR,ERR,ERR,ERR,ERR,ERR,ERR,ERR,ERR,ERR,ERR,ERR,ERR,ERR,ERR,ERR,ERR,ERR,ERR,ERR,0.0,0.0,-134474944.0,0.0,0.0,1.3936040501711995e+18,7.805,0.0,0,0,4,0,8422,0.0,45,0.0,0.0,0.0,0.0,0.0,0,0,0,0,0.0,0,0,0,0,0,0,0,0,0,0,0,0,0,0,0,0,0,0,0,0,0,0,0,0,0,0,0,0,0,0,0,0,0,38,14,7,45,65476,0,300,0,0,8,21553,0.0,-107605600.0,0.0,0.0,0.0,0.0,0.0,0.0,0.0,0.0,0.0,0.0,0.0,0.0,0.0,0.0,0.0,0.0,0.0,0.0,0.0,0.0,0.0,0.0,-2.004,2.004,0.0,0.0,0.0,0.0,4984.0,-1.587929164219617e+29,0.0,0.0,0.0,0.0,-107615304.0,0.0,0.0,0.0,0.0,53,-0.0,-0.0,0.0,0.0,0.0,0.0,0.0,0.0,0.0,0,0,0,0.0,0.0,0.0,0.0,0.0,0.0,0.0,0.0,0.0,0.0,0.0,0.0,0.0,0.0,0.0,0.0,0,-107875648.0,53,0.0,106,-107614832.0,2.7006707062415038e+23,ERR,ERR,ERR,ERR,ERR,ERR,ERR,ERR,ERR,ERR,ERR,ERR,ERR,ERR,ERR,ERR,ERR,ERR,ERR,ERR,ERR,ERR,ERR,ERR,ERR,ERR,ERR,ERR,ERR,ERR,ERR,ERR,ERR,ERR,ERR,ERR,ERR,ERR,ERR,ERR,ERR,ERR,ERR,ERR,ERR,ERR,ERR,ERR,ERR,ERR,ERR,ERR,ERR,ERR,ERR,ERR,ERR,ERR,ERR,ERR,ERR,ERR,ERR,ERR,ERR,ERR,ERR,50.0,60.0,100,0.0,0.0,0.0,0.0,0.0,0.0,0.0,0.0,0.0,0.0,0.0,0.0,0.0,0.0,0.0,0.0,61.6,77,11,65508,50,65476,0,300,0,0,8,20529,65476,0,0,26214,60.0,0.0,0.0,0.0,0.0,0.0
2026-05-17T16:52:54,ERR,ERR,ERR,ERR,ERR,ERR,ERR,ERR,ERR,ERR,ERR,ERR,ERR,ERR,ERR,ERR,ERR,ERR,ERR,ERR,ERR,ERR,ERR,ERR,ERR,ERR,ERR,ERR,ERR,ERR,ERR,ERR,ERR,ERR,ERR,ERR,ERR,ERR,ERR,ERR,ERR,ERR,ERR,ERR,ERR,ERR,ERR,ERR,ERR,ERR,ERR,ERR,ERR,ERR,ERR,ERR,ERR,ERR,ERR,ERR,ERR,ERR,ERR,ERR,ERR,ERR,ERR,ERR,ERR,ERR,ERR,ERR,ERR,ERR,ERR,ERR,ERR,ERR,ERR,ERR,ERR,ERR,ERR,ERR,ERR,ERR,ERR,ERR,ERR,ERR,ERR,ERR,ERR,ERR,ERR,ERR,ERR,ERR,ERR,ERR,ERR,ERR,ERR,ERR,ERR,ERR,ERR,ERR,ERR,ERR,ERR,ERR,ERR,ERR,ERR,ERR,ERR,ERR,ERR,ERR,ERR,ERR,ERR,ERR,ERR,0.0,0.0,-134474944.0,0.0,0.0,1.3936040501711995e+18,7.805,0.0,0,0,4,0,8422,0.0,45,0.0,0.0,0.0,0.0,0.0,0,0,0,0,0.0,0,0,0,0,0,0,0,0,0,0,0,0,0,0,0,0,0,0,0,0,0,0,0,0,0,0,0,0,0,0,0,0,0,38,14,7,45,65476,0,300,0,0,8,21553,0.0,-107605600.0,0.0,0.0,0.0,0.0,0.0,0.0,0.0,0.0,0.0,0.0,0.0,0.0,0.0,0.0,0.0,0.0,0.0,0.0,0.0,0.0,0.0,0.0,-2.004,2.004,0.0,0.0,0.0,0.0,5012.0,8608182272.0,0.0,0.0,0.0,0.0,-107615304.0,0.0,0.0,0.0,0.0,53,5.848083413016271e+35,0.0,0.0,0.0,0.0,0.0,0.0,0.0,0.0,0,0,0,0.0,0.0,0.0,0.0,0.0,0.0,0.0,0.0,0.0,0.0,0.0,0.0,0.0,0.0,0.0,0.0,0,-107875648.0,53,0.0,106,-107614832.0,2.7006707062415038e+23,ERR,ERR,ERR,ERR,ERR,ERR,ERR,ERR,ERR,ERR,ERR,ERR,ERR,ERR,ERR,ERR,ERR,ERR,ERR,ERR,ERR,ERR,ERR,ERR,ERR,ERR,ERR,ERR,ERR,ERR,ERR,ERR,ERR,ERR,ERR,ERR,ERR,ERR,ERR,ERR,ERR,ERR,ERR,ERR,ERR,ERR,ERR,ERR,ERR,ERR,ERR,ERR,ERR,ERR,ERR,ERR,ERR,ERR,ERR,ERR,ERR,ERR,ERR,ERR,ERR,ERR,ERR,50.0,60.0,100,0.0,0.0,0.0,0.0,0.0,0.0,0.0,0.0,0.0,0.0,0.0,0.0,0.0,0.0,0.0,0.0,61.6,77,11,65508,50,65476,0,300,0,0,8,20529,65476,0,0,26214,60.0,0.0,0.0,0.0,0.0,0.0
2026-05-17T16:52:55,ERR,ERR,ERR,ERR,ERR,ERR,ERR,ERR,ERR,ERR,ERR,ERR,ERR,ERR,ERR,ERR,ERR,ERR,ERR,ERR,ERR,ERR,ERR,ERR,ERR,ERR,ERR,ERR,ERR,ERR,ERR,ERR,ERR,ERR,ERR,ERR,ERR,ERR,ERR,ERR,ERR,ERR,ERR,ERR,ERR,ERR,ERR,ERR,ERR,ERR,ERR,ERR,ERR,ERR,ERR,ERR,ERR,ERR,ERR,ERR,ERR,ERR,ERR,ERR,ERR,ERR,ERR,ERR,ERR,ERR,ERR,ERR,ERR,ERR,ERR,ERR,ERR,ERR,ERR,ERR,ERR,ERR,ERR,ERR,ERR,ERR,ERR,ERR,ERR,ERR,ERR,ERR,ERR,ERR,ERR,ERR,ERR,ERR,ERR,ERR,ERR,ERR,ERR,ERR,ERR,ERR,ERR,ERR,ERR,ERR,ERR,ERR,ERR,ERR,ERR,ERR,ERR,ERR,ERR,ERR,ERR,ERR,ERR,ERR,ERR,0.0,0.0,-134474944.0,0.0,0.0,1.3936040501711995e+18,7.805,0.0,0,0,4,0,8422,0.0,45,0.0,0.0,0.0,0.0,0.0,0,0,0,0,0.0,0,0,0,0,0,0,0,0,0,0,0,0,0,0,0,0,0,0,0,0,0,0,0,0,0,0,0,0,0,0,0,0,0,38,14,7,45,65476,0,300,0,0,8,21553,0.0,-107605600.0,0.0,0.0,0.0,0.0,0.0,0.0,0.0,0.0,0.0,0.0,0.0,0.0,0.0,0.0,0.0,0.0,0.0,0.0,0.0,0.0,0.0,0.0,-2.004,2.004,0.0,0.0,0.0,0.0,5012.0,8608182272.0,0.0,0.0,0.0,0.0,-107615304.0,0.0,0.0,0.0,0.0,53,5.848083413016271e+35,0.0,0.0,0.0,0.0,0.0,0.0,0.0,0.0,0,0,0,0.0,0.0,0.0,0.0,0.0,0.0,0.0,0.0,0.0,0.0,0.0,0.0,0.0,0.0,0.0,0.0,0,-107875648.0,53,0.0,106,-107614832.0,2.7006707062415038e+23,ERR,ERR,ERR,ERR,ERR,ERR,ERR,ERR,ERR,ERR,ERR,ERR,ERR,ERR,ERR,ERR,ERR,ERR,ERR,ERR,ERR,ERR,ERR,ERR,ERR,ERR,ERR,ERR,ERR,ERR,ERR,ERR,ERR,ERR,ERR,ERR,ERR,ERR,ERR,ERR,ERR,ERR,ERR,ERR,ERR,ERR,ERR,ERR,ERR,ERR,ERR,ERR,ERR,ERR,ERR,ERR,ERR,ERR,ERR,ERR,ERR,ERR,ERR,ERR,ERR,ERR,ERR,50.0,60.0,100,0.0,0.0,0.0,0.0,0.0,0.0,0.0,0.0,0.0,0.0,0.0,0.0,0.0,0.0,0.0,0.0,61.6,77,11,65508,50,65476,0,300,0,0,8,20529,65476,0,0,26214,60.0,0.0,0.0,0.0,0.0,0.0
2026-05-17T16:52:56,ERR,ERR,ERR,ERR,ERR,ERR,ERR,ERR,ERR,ERR,ERR,ERR,ERR,ERR,ERR,ERR,ERR,ERR,ERR,ERR,ERR,ERR,ERR,ERR,ERR,ERR,ERR,ERR,ERR,ERR,ERR,ERR,ERR,ERR,ERR,ERR,ERR,ERR,ERR,ERR,ERR,ERR,ERR,ERR,ERR,ERR,ERR,ERR,ERR,ERR,ERR,ERR,ERR,ERR,ERR,ERR,ERR,ERR,ERR,ERR,ERR,ERR,ERR,ERR,ERR,ERR,ERR,ERR,ERR,ERR,ERR,ERR,ERR,ERR,ERR,ERR,ERR,ERR,ERR,ERR,ERR,ERR,ERR,ERR,ERR,ERR,ERR,ERR,ERR,ERR,ERR,ERR,ERR,ERR,ERR,ERR,ERR,ERR,ERR,ERR,ERR,ERR,ERR,ERR,ERR,ERR,ERR,ERR,ERR,ERR,ERR,ERR,ERR,ERR,ERR,ERR,ERR,ERR,ERR,ERR,ERR,ERR,ERR,ERR,ERR,0.0,0.0,-134474944.0,0.0,0.0,1.3936040501711995e+18,7.805,0.0,0,0,4,0,8422,0.0,45,0.0,0.0,0.0,0.0,0.0,0,0,0,0,0.0,0,0,0,0,0,0,0,0,0,0,0,0,0,0,0,0,0,0,0,0,0,0,0,0,0,0,0,0,0,0,0,0,0,38,14,7,45,65476,0,300,0,0,8,21553,0.0,-107605600.0,0.0,0.0,0.0,0.0,0.0,0.0,0.0,0.0,0.0,0.0,0.0,0.0,0.0,0.0,0.0,0.0,0.0,0.0,0.0,0.0,0.0,0.0,-2.004,2.004,0.0,0.0,0.0,0.0,5012.0,8608182272.0,0.0,0.0,0.0,0.0,-107615304.0,0.0,0.0,0.0,0.0,53,5.848083413016271e+35,0.0,0.0,0.0,0.0,0.0,0.0,0.0,0.0,0,0,0,0.0,0.0,0.0,0.0,0.0,0.0,0.0,0.0,0.0,0.0,0.0,0.0,0.0,0.0,0.0,0.0,0,-107875648.0,53,0.0,106,-107614832.0,2.7006707062415038e+23,ERR,ERR,ERR,ERR,ERR,ERR,ERR,ERR,ERR,ERR,ERR,ERR,ERR,ERR,ERR,ERR,ERR,ERR,ERR,ERR,ERR,ERR,ERR,ERR,ERR,ERR,ERR,ERR,ERR,ERR,ERR,ERR,ERR,ERR,ERR,ERR,ERR,ERR,ERR,ERR,ERR,ERR,ERR,ERR,ERR,ERR,ERR,ERR,ERR,ERR,ERR,ERR,ERR,ERR,ERR,ERR,ERR,ERR,ERR,ERR,ERR,ERR,ERR,ERR,ERR,ERR,ERR,50.0,60.0,100,0.0,0.0,0.0,0.0,0.0,0.0,0.0,0.0,0.0,0.0,0.0,0.0,0.0,0.0,0.0,0.0,61.6,77,11,65508,50,65476,0,300,0,0,8,20529,65476,0,0,26214,60.0,0.0,0.0,0.0,0.0,0.0
2026-05-17T16:52:57,ERR,ERR,ERR,ERR,ERR,ERR,ERR,ERR,ERR,ERR,ERR,ERR,ERR,ERR,ERR,ERR,ERR,ERR,ERR,ERR,ERR,ERR,ERR,ERR,ERR,ERR,ERR,ERR,ERR,ERR,ERR,ERR,ERR,ERR,ERR,ERR,ERR,ERR,ERR,ERR,ERR,ERR,ERR,ERR,ERR,ERR,ERR,ERR,ERR,ERR,ERR,ERR,ERR,ERR,ERR,ERR,ERR,ERR,ERR,ERR,ERR,ERR,ERR,ERR,ERR,ERR,ERR,ERR,ERR,ERR,ERR,ERR,ERR,ERR,ERR,ERR,ERR,ERR,ERR,ERR,ERR,ERR,ERR,ERR,ERR,ERR,ERR,ERR,ERR,ERR,ERR,ERR,ERR,ERR,ERR,ERR,ERR,ERR,ERR,ERR,ERR,ERR,ERR,ERR,ERR,ERR,ERR,ERR,ERR,ERR,ERR,ERR,ERR,ERR,ERR,ERR,ERR,ERR,ERR,ERR,ERR,ERR,ERR,ERR,ERR,0.0,0.0,-134474944.0,0.0,0.0,1.3936040501711995e+18,7.805,0.0,0,0,4,0,8422,0.0,45,0.0,0.0,0.0,0.0,0.0,0,0,0,0,0.0,0,0,0,0,0,0,0,0,0,0,0,0,0,0,0,0,0,0,0,0,0,0,0,0,0,0,0,0,0,0,0,0,0,38,14,7,45,65476,0,300,0,0,8,21553,0.0,-107605600.0,0.0,0.0,0.0,0.0,0.0,0.0,0.0,0.0,0.0,0.0,0.0,0.0,0.0,0.0,0.0,0.0,0.0,0.0,0.0,0.0,0.0,0.0,-2.004,2.004,0.0,0.0,0.0,0.0,5012.0,8608182272.0,0.0,0.0,0.0,0.0,-107615304.0,0.0,0.0,0.0,0.0,53,5.848083413016271e+35,0.0,0.0,0.0,0.0,0.0,0.0,0.0,0.0,0,0,0,0.0,0.0,0.0,0.0,0.0,0.0,0.0,0.0,0.0,0.0,0.0,0.0,0.0,0.0,0.0,0.0,0,-107875648.0,53,0.0,106,-107614832.0,2.7006707062415038e+23,ERR,ERR,ERR,ERR,ERR,ERR,ERR,ERR,ERR,ERR,ERR,ERR,ERR,ERR,ERR,ERR,ERR,ERR,ERR,ERR,ERR,ERR,ERR,ERR,ERR,ERR,ERR,ERR,ERR,ERR,ERR,ERR,ERR,ERR,ERR,ERR,ERR,ERR,ERR,ERR,ERR,ERR,ERR,ERR,ERR,ERR,ERR,ERR,ERR,ERR,ERR,ERR,ERR,ERR,ERR,ERR,ERR,ERR,ERR,ERR,ERR,ERR,ERR,ERR,ERR,ERR,ERR,50.0,60.0,100,0.0,0.0,0.0,0.0,0.0,0.0,0.0,0.0,0.0,0.0,0.0,0.0,0.0,0.0,0.0,0.0,61.6,77,11,65508,50,65476,0,300,0,0,8,20529,65476,0,0,26214,60.0,0.0,0.0,0.0,0.0,0.0
2026-05-17T16:52:58,ERR,ERR,ERR,ERR,ERR,ERR,ERR,ERR,ERR,ERR,ERR,ERR,ERR,ERR,ERR,ERR,ERR,ERR,ERR,ERR,ERR,ERR,ERR,ERR,ERR,ERR,ERR,ERR,ERR,ERR,ERR,ERR,ERR,ERR,ERR,ERR,ERR,ERR,ERR,ERR,ERR,ERR,ERR,ERR,ERR,ERR,ERR,ERR,ERR,ERR,ERR,ERR,ERR,ERR,ERR,ERR,ERR,ERR,ERR,ERR,ERR,ERR,ERR,ERR,ERR,ERR,ERR,ERR,ERR,ERR,ERR,ERR,ERR,ERR,ERR,ERR,ERR,ERR,ERR,ERR,ERR,ERR,ERR,ERR,ERR,ERR,ERR,ERR,ERR,ERR,ERR,ERR,ERR,ERR,ERR,ERR,ERR,ERR,ERR,ERR,ERR,ERR,ERR,ERR,ERR,ERR,ERR,ERR,ERR,ERR,ERR,ERR,ERR,ERR,ERR,ERR,ERR,ERR,ERR,ERR,ERR,ERR,ERR,ERR,ERR,0.0,0.0,-134474944.0,0.0,0.0,1.3936040501711995e+18,7.805,0.0,0,0,4,0,8422,0.0,45,0.0,0.0,0.0,0.0,0.0,0,0,0,0,0.0,0,0,0,0,0,0,0,0,0,0,0,0,0,0,0,0,0,0,0,0,0,0,0,0,0,0,0,0,0,0,0,0,0,38,14,7,45,65476,0,300,0,0,8,21553,0.0,-107605600.0,0.0,0.0,0.0,0.0,0.0,0.0,0.0,0.0,0.0,0.0,0.0,0.0,0.0,0.0,0.0,0.0,0.0,0.0,0.0,0.0,0.0,0.0,-2.004,2.004,0.0,0.0,0.0,0.0,5012.0,8608182272.0,0.0,0.0,0.0,0.0,-107615304.0,0.0,0.0,0.0,0.0,53,5.848083413016271e+35,0.0,0.0,0.0,0.0,0.0,0.0,0.0,0.0,0,0,0,0.0,0.0,0.0,0.0,0.0,0.0,0.0,0.0,0.0,0.0,0.0,0.0,0.0,0.0,0.0,0.0,0,-107875648.0,53,0.0,106,-107614832.0,2.7006707062415038e+23,ERR,ERR,ERR,ERR,ERR,ERR,ERR,ERR,ERR,ERR,ERR,ERR,ERR,ERR,ERR,ERR,ERR,ERR,ERR,ERR,ERR,ERR,ERR,ERR,ERR,ERR,ERR,ERR,ERR,ERR,ERR,ERR,ERR,ERR,ERR,ERR,ERR,ERR,ERR,ERR,ERR,ERR,ERR,ERR,ERR,ERR,ERR,ERR,ERR,ERR,ERR,ERR,ERR,ERR,ERR,ERR,ERR,ERR,ERR,ERR,ERR,ERR,ERR,ERR,ERR,ERR,ERR,50.0,60.0,100,0.0,0.0,0.0,0.0,0.0,0.0,0.0,0.0,0.0,0.0,0.0,0.0,0.0,0.0,0.0,0.0,61.6,77,11,65508,50,65476,0,300,0,0,8,20529,65476,0,0,26214,60.0,0.0,0.0,0.0,0.0,0.0
2026-05-17T16:52:59,ERR,ERR,ERR,ERR,ERR,ERR,ERR,ERR,ERR,ERR,ERR,ERR,ERR,ERR,ERR,ERR,ERR,ERR,ERR,ERR,ERR,ERR,ERR,ERR,ERR,ERR,ERR,ERR,ERR,ERR,ERR,ERR,ERR,ERR,ERR,ERR,ERR,ERR,ERR,ERR,ERR,ERR,ERR,ERR,ERR,ERR,ERR,ERR,ERR,ERR,ERR,ERR,ERR,ERR,ERR,ERR,ERR,ERR,ERR,ERR,ERR,ERR,ERR,ERR,ERR,ERR,ERR,ERR,ERR,ERR,ERR,ERR,ERR,ERR,ERR,ERR,ERR,ERR,ERR,ERR,ERR,ERR,ERR,ERR,ERR,ERR,ERR,ERR,ERR,ERR,ERR,ERR,ERR,ERR,ERR,ERR,ERR,ERR,ERR,ERR,ERR,ERR,ERR,ERR,ERR,ERR,ERR,ERR,ERR,ERR,ERR,ERR,ERR,ERR,ERR,ERR,ERR,ERR,ERR,ERR,ERR,ERR,ERR,ERR,ERR,0.0,0.0,-134474944.0,0.0,0.0,1.3936040501711995e+18,7.805,0.0,0,0,4,0,8422,0.0,45,0.0,0.0,0.0,0.0,0.0,0,0,0,0,0.0,0,0,0,0,0,0,0,0,0,0,0,0,0,0,0,0,0,0,0,0,0,0,0,0,0,0,0,0,0,0,0,0,0,38,14,7,45,65476,0,300,0,0,8,21553,0.0,-107605600.0,0.0,0.0,0.0,0.0,0.0,0.0,0.0,0.0,0.0,0.0,0.0,0.0,0.0,0.0,0.0,0.0,0.0,0.0,0.0,0.0,0.0,0.0,-2.004,2.004,0.0,0.0,0.0,0.0,5012.0,8608182272.0,0.0,0.0,0.0,0.0,-107615304.0,0.0,0.0,0.0,0.0,53,5.848083413016271e+35,0.0,0.0,0.0,0.0,0.0,0.0,0.0,0.0,0,0,0,0.0,0.0,0.0,0.0,0.0,0.0,0.0,0.0,0.0,0.0,0.0,0.0,0.0,0.0,0.0,0.0,0,-107875648.0,53,0.0,106,-107614832.0,2.7006707062415038e+23,ERR,ERR,ERR,ERR,ERR,ERR,ERR,ERR,ERR,ERR,ERR,ERR,ERR,ERR,ERR,ERR,ERR,ERR,ERR,ERR,ERR,ERR,ERR,ERR,ERR,ERR,ERR,ERR,ERR,ERR,ERR,ERR,ERR,ERR,ERR,ERR,ERR,ERR,ERR,ERR,ERR,ERR,ERR,ERR,ERR,ERR,ERR,ERR,ERR,ERR,ERR,ERR,ERR,ERR,ERR,ERR,ERR,ERR,ERR,ERR,ERR,ERR,ERR,ERR,ERR,ERR,ERR,50.0,60.0,100,0.0,0.0,0.0,0.0,0.0,0.0,0.0,0.0,0.0,0.0,0.0,0.0,0.0,0.0,0.0,0.0,61.6,77,11,65508,50,65476,0,300,0,0,8,20529,65476,0,0,26214,60.0,0.0,0.0,0.0,0.0,0.0
2026-05-17T16:53:00,ERR,ERR,ERR,ERR,ERR,ERR,ERR,ERR,ERR,ERR,ERR,ERR,ERR,ERR,ERR,ERR,ERR,ERR,ERR,ERR,ERR,ERR,ERR,ERR,ERR,ERR,ERR,ERR,ERR,ERR,ERR,ERR,ERR,ERR,ERR,ERR,ERR,ERR,ERR,ERR,ERR,ERR,ERR,ERR,ERR,ERR,ERR,ERR,ERR,ERR,ERR,ERR,ERR,ERR,ERR,ERR,ERR,ERR,ERR,ERR,ERR,ERR,ERR,ERR,ERR,ERR,ERR,ERR,ERR,ERR,ERR,ERR,ERR,ERR,ERR,ERR,ERR,ERR,ERR,ERR,ERR,ERR,ERR,ERR,ERR,ERR,ERR,ERR,ERR,ERR,ERR,ERR,ERR,ERR,ERR,ERR,ERR,ERR,ERR,ERR,ERR,ERR,ERR,ERR,ERR,ERR,ERR,ERR,ERR,ERR,ERR,ERR,ERR,ERR,ERR,ERR,ERR,ERR,ERR,ERR,ERR,ERR,ERR,ERR,ERR,0.0,0.0,-134474944.0,0.0,0.0,1.3936040501711995e+18,7.805,0.0,0,0,4,0,8422,0.0,45,0.0,0.0,0.0,0.0,0.0,0,0,0,0,0.0,0,0,0,0,0,0,0,0,0,0,0,0,0,0,0,0,0,0,0,0,0,0,0,0,0,0,0,0,0,0,0,0,0,38,14,7,45,65476,0,300,0,0,8,21553,0.0,-107605600.0,0.0,0.0,0.0,0.0,0.0,0.0,0.0,0.0,0.0,0.0,0.0,0.0,0.0,0.0,0.0,0.0,0.0,0.0,0.0,0.0,0.0,0.0,-2.004,2.004,0.0,0.0,0.0,0.0,5042.0,564145900486656.0,0.0,0.0,0.0,0.0,-107615304.0,0.0,0.0,0.0,0.0,53,4.066880103266858e+29,2.71841759093312e+23,0.0,0.0,0.0,0.0,0.0,0.0,0.0,0,0,0,0.0,0.0,0.0,0.0,0.0,0.0,0.0,0.0,0.0,0.0,0.0,0.0,0.0,0.0,0.0,0.0,0,-107875648.0,53,0.0,106,-107614832.0,2.7006707062415038e+23,ERR,ERR,ERR,ERR,ERR,ERR,ERR,ERR,ERR,ERR,ERR,ERR,ERR,ERR,ERR,ERR,ERR,ERR,ERR,ERR,ERR,ERR,ERR,ERR,ERR,ERR,ERR,ERR,ERR,ERR,ERR,ERR,ERR,ERR,ERR,ERR,ERR,ERR,ERR,ERR,ERR,ERR,ERR,ERR,ERR,ERR,ERR,ERR,ERR,ERR,ERR,ERR,ERR,ERR,ERR,ERR,ERR,ERR,ERR,ERR,ERR,ERR,ERR,ERR,ERR,ERR,ERR,50.0,60.0,100,0.0,0.0,0.0,0.0,0.0,0.0,0.0,0.0,0.0,0.0,0.0,0.0,0.0,0.0,0.0,0.0,61.6,77,11,65508,50,65476,0,300,0,0,8,20529,65476,0,0,26214,60.0,0.0,0.0,0.0,0.0,0.0
2026-05-17T16:53:01,ERR,ERR,ERR,ERR,ERR,ERR,ERR,ERR,ERR,ERR,ERR,ERR,ERR,ERR,ERR,ERR,ERR,ERR,ERR,ERR,ERR,ERR,ERR,ERR,ERR,ERR,ERR,ERR,ERR,ERR,ERR,ERR,ERR,ERR,ERR,ERR,ERR,ERR,ERR,ERR,ERR,ERR,ERR,ERR,ERR,ERR,ERR,ERR,ERR,ERR,ERR,ERR,ERR,ERR,ERR,ERR,ERR,ERR,ERR,ERR,ERR,ERR,ERR,ERR,ERR,ERR,ERR,ERR,ERR,ERR,ERR,ERR,ERR,ERR,ERR,ERR,ERR,ERR,ERR,ERR,ERR,ERR,ERR,ERR,ERR,ERR,ERR,ERR,ERR,ERR,ERR,ERR,ERR,ERR,ERR,ERR,ERR,ERR,ERR,ERR,ERR,ERR,ERR,ERR,ERR,ERR,ERR,ERR,ERR,ERR,ERR,ERR,ERR,ERR,ERR,ERR,ERR,ERR,ERR,ERR,ERR,ERR,ERR,ERR,ERR,0.0,0.0,-134474944.0,0.0,0.0,1.3936040501711995e+18,7.805,0.0,0,0,4,0,8422,0.0,45,0.0,0.0,0.0,0.0,0.0,0,0,0,0,0.0,0,0,0,0,0,0,0,0,0,0,0,0,0,0,0,0,0,0,0,0,0,0,0,0,0,0,0,0,0,0,0,0,0,38,14,7,45,65476,0,300,0,0,8,21553,0.0,-107605600.0,0.0,0.0,0.0,0.0,0.0,0.0,0.0,0.0,0.0,0.0,0.0,0.0,0.0,0.0,0.0,0.0,0.0,0.0,0.0,0.0,0.0,0.0,-2.004,2.004,0.0,0.0,0.0,0.0,5042.0,564145900486656.0,0.0,0.0,0.0,0.0,-107615304.0,0.0,0.0,0.0,0.0,53,4.066880103266858e+29,2.71841759093312e+23,0.0,0.0,0.0,0.0,0.0,0.0,0.0,0,0,0,0.0,0.0,0.0,0.0,0.0,0.0,0.0,0.0,0.0,0.0,0.0,0.0,0.0,0.0,0.0,0.0,0,-107875648.0,53,0.0,106,-107614832.0,2.7006707062415038e+23,ERR,ERR,ERR,ERR,ERR,ERR,ERR,ERR,ERR,ERR,ERR,ERR,ERR,ERR,ERR,ERR,ERR,ERR,ERR,ERR,ERR,ERR,ERR,ERR,ERR,ERR,ERR,ERR,ERR,ERR,ERR,ERR,ERR,ERR,ERR,ERR,ERR,ERR,ERR,ERR,ERR,ERR,ERR,ERR,ERR,ERR,ERR,ERR,ERR,ERR,ERR,ERR,ERR,ERR,ERR,ERR,ERR,ERR,ERR,ERR,ERR,ERR,ERR,ERR,ERR,ERR,ERR,50.0,60.0,100,0.0,0.0,0.0,0.0,0.0,0.0,0.0,0.0,0.0,0.0,0.0,0.0,0.0,0.0,0.0,0.0,61.6,77,11,65508,50,65476,0,300,0,0,8,20529,65476,0,0,26214,60.0,0.0,0.0,0.0,0.0,0.0
2026-05-17T16:53:02,ERR,ERR,ERR,ERR,ERR,ERR,ERR,ERR,ERR,ERR,ERR,ERR,ERR,ERR,ERR,ERR,ERR,ERR,ERR,ERR,ERR,ERR,ERR,ERR,ERR,ERR,ERR,ERR,ERR,ERR,ERR,ERR,ERR,ERR,ERR,ERR,ERR,ERR,ERR,ERR,ERR,ERR,ERR,ERR,ERR,ERR,ERR,ERR,ERR,ERR,ERR,ERR,ERR,ERR,ERR,ERR,ERR,ERR,ERR,ERR,ERR,ERR,ERR,ERR,ERR,ERR,ERR,ERR,ERR,ERR,ERR,ERR,ERR,ERR,ERR,ERR,ERR,ERR,ERR,ERR,ERR,ERR,ERR,ERR,ERR,ERR,ERR,ERR,ERR,ERR,ERR,ERR,ERR,ERR,ERR,ERR,ERR,ERR,ERR,ERR,ERR,ERR,ERR,ERR,ERR,ERR,ERR,ERR,ERR,ERR,ERR,ERR,ERR,ERR,ERR,ERR,ERR,ERR,ERR,ERR,ERR,ERR,ERR,ERR,ERR,0.0,0.0,-134474944.0,0.0,0.0,1.3936040501711995e+18,7.805,0.0,0,0,4,0,8422,0.0,45,0.0,0.0,0.0,0.0,0.0,0,0,0,0,0.0,0,0,0,0,0,0,0,0,0,0,0,0,0,0,0,0,0,0,0,0,0,0,0,0,0,0,0,0,0,0,0,0,0,38,14,7,45,65476,0,300,0,0,8,21553,0.0,-107605600.0,0.0,0.0,0.0,0.0,0.0,0.0,0.0,0.0,0.0,0.0,0.0,0.0,0.0,0.0,0.0,0.0,0.0,0.0,0.0,0.0,0.0,0.0,-2.004,2.004,0.0,0.0,0.0,0.0,5042.0,564145900486656.0,0.0,0.0,0.0,0.0,-107615304.0,0.0,0.0,0.0,0.0,53,4.066880103266858e+29,2.71841759093312e+23,0.0,0.0,0.0,0.0,0.0,0.0,0.0,0,0,0,0.0,0.0,0.0,0.0,0.0,0.0,0.0,0.0,0.0,0.0,0.0,0.0,0.0,0.0,0.0,0.0,0,-107875648.0,53,0.0,106,-107614832.0,2.7006707062415038e+23,ERR,ERR,ERR,ERR,ERR,ERR,ERR,ERR,ERR,ERR,ERR,ERR,ERR,ERR,ERR,ERR,ERR,ERR,ERR,ERR,ERR,ERR,ERR,ERR,ERR,ERR,ERR,ERR,ERR,ERR,ERR,ERR,ERR,ERR,ERR,ERR,ERR,ERR,ERR,ERR,ERR,ERR,ERR,ERR,ERR,ERR,ERR,ERR,ERR,ERR,ERR,ERR,ERR,ERR,ERR,ERR,ERR,ERR,ERR,ERR,ERR,ERR,ERR,ERR,ERR,ERR,ERR,50.0,60.0,100,0.0,0.0,0.0,0.0,0.0,0.0,0.0,0.0,0.0,0.0,0.0,0.0,0.0,0.0,0.0,0.0,61.6,77,11,65508,50,65476,0,300,0,0,8,20529,65476,0,0,26214,60.0,0.0,0.0,0.0,0.0,0.0
2026-05-17T16:53:03,ERR,ERR,ERR,ERR,ERR,ERR,ERR,ERR,ERR,ERR,ERR,ERR,ERR,ERR,ERR,ERR,ERR,ERR,ERR,ERR,ERR,ERR,ERR,ERR,ERR,ERR,ERR,ERR,ERR,ERR,ERR,ERR,ERR,ERR,ERR,ERR,ERR,ERR,ERR,ERR,ERR,ERR,ERR,ERR,ERR,ERR,ERR,ERR,ERR,ERR,ERR,ERR,ERR,ERR,ERR,ERR,ERR,ERR,ERR,ERR,ERR,ERR,ERR,ERR,ERR,ERR,ERR,ERR,ERR,ERR,ERR,ERR,ERR,ERR,ERR,ERR,ERR,ERR,ERR,ERR,ERR,ERR,ERR,ERR,ERR,ERR,ERR,ERR,ERR,ERR,ERR,ERR,ERR,ERR,ERR,ERR,ERR,ERR,ERR,ERR,ERR,ERR,ERR,ERR,ERR,ERR,ERR,ERR,ERR,ERR,ERR,ERR,ERR,ERR,ERR,ERR,ERR,ERR,ERR,ERR,ERR,ERR,ERR,ERR,ERR,0.0,0.0,-134474944.0,0.0,0.0,1.3936040501711995e+18,7.805,0.0,0,0,4,0,8422,0.0,45,0.0,0.0,0.0,0.0,0.0,0,0,0,0,0.0,0,0,0,0,0,0,0,0,0,0,0,0,0,0,0,0,0,0,0,0,0,0,0,0,0,0,0,0,0,0,0,0,0,38,14,7,45,65476,0,300,0,0,8,21553,0.0,-107605600.0,0.0,0.0,0.0,0.0,0.0,0.0,0.0,0.0,0.0,0.0,0.0,0.0,0.0,0.0,0.0,0.0,0.0,0.0,0.0,0.0,0.0,0.0,-2.004,2.004,0.0,0.0,0.0,0.0,5042.0,564145900486656.0,0.0,0.0,0.0,0.0,-107615304.0,0.0,0.0,0.0,0.0,53,4.066880103266858e+29,2.71841759093312e+23,0.0,0.0,0.0,0.0,0.0,0.0,0.0,0,0,0,0.0,0.0,0.0,0.0,0.0,0.0,0.0,0.0,0.0,0.0,0.0,0.0,0.0,0.0,0.0,0.0,0,-107875648.0,53,0.0,106,-107614832.0,2.7006707062415038e+23,ERR,ERR,ERR,ERR,ERR,ERR,ERR,ERR,ERR,ERR,ERR,ERR,ERR,ERR,ERR,ERR,ERR,ERR,ERR,ERR,ERR,ERR,ERR,ERR,ERR,ERR,ERR,ERR,ERR,ERR,ERR,ERR,ERR,ERR,ERR,ERR,ERR,ERR,ERR,ERR,ERR,ERR,ERR,ERR,ERR,ERR,ERR,ERR,ERR,ERR,ERR,ERR,ERR,ERR,ERR,ERR,ERR,ERR,ERR,ERR,ERR,ERR,ERR,ERR,ERR,ERR,ERR,50.0,60.0,100,0.0,0.0,0.0,0.0,0.0,0.0,0.0,0.0,0.0,0.0,0.0,0.0,0.0,0.0,0.0,0.0,61.6,77,11,65508,50,65476,0,300,0,0,8,20529,65476,0,0,26214,60.0,0.0,0.0,0.0,0.0,0.0
2026-05-17T16:53:04,ERR,ERR,ERR,ERR,ERR,ERR,ERR,ERR,ERR,ERR,ERR,ERR,ERR,ERR,ERR,ERR,ERR,ERR,ERR,ERR,ERR,ERR,ERR,ERR,ERR,ERR,ERR,ERR,ERR,ERR,ERR,ERR,ERR,ERR,ERR,ERR,ERR,ERR,ERR,ERR,ERR,ERR,ERR,ERR,ERR,ERR,ERR,ERR,ERR,ERR,ERR,ERR,ERR,ERR,ERR,ERR,ERR,ERR,ERR,ERR,ERR,ERR,ERR,ERR,ERR,ERR,ERR,ERR,ERR,ERR,ERR,ERR,ERR,ERR,ERR,ERR,ERR,ERR,ERR,ERR,ERR,ERR,ERR,ERR,ERR,ERR,ERR,ERR,ERR,ERR,ERR,ERR,ERR,ERR,ERR,ERR,ERR,ERR,ERR,ERR,ERR,ERR,ERR,ERR,ERR,ERR,ERR,ERR,ERR,ERR,ERR,ERR,ERR,ERR,ERR,ERR,ERR,ERR,ERR,ERR,ERR,ERR,ERR,ERR,ERR,0.0,0.0,-134474944.0,0.0,0.0,1.3936040501711995e+18,7.805,0.0,0,0,4,0,8422,0.0,45,0.0,0.0,0.0,0.0,0.0,0,0,0,0,0.0,0,0,0,0,0,0,0,0,0,0,0,0,0,0,0,0,0,0,0,0,0,0,0,0,0,0,0,0,0,0,0,0,0,38,14,7,45,65476,0,300,0,0,8,21553,0.0,-107605600.0,0.0,0.0,0.0,0.0,0.0,0.0,0.0,0.0,0.0,0.0,0.0,0.0,0.0,0.0,0.0,0.0,0.0,0.0,0.0,0.0,0.0,0.0,-2.004,2.004,0.0,0.0,0.0,0.0,5042.0,564145900486656.0,0.0,0.0,0.0,0.0,-107615304.0,0.0,0.0,0.0,0.0,53,4.066880103266858e+29,2.71841759093312e+23,0.0,0.0,0.0,0.0,0.0,0.0,0.0,0,0,0,0.0,0.0,0.0,0.0,0.0,0.0,0.0,0.0,0.0,0.0,0.0,0.0,0.0,0.0,0.0,0.0,0,-107875648.0,53,0.0,106,-107614832.0,2.7006707062415038e+23,ERR,ERR,ERR,ERR,ERR,ERR,ERR,ERR,ERR,ERR,ERR,ERR,ERR,ERR,ERR,ERR,ERR,ERR,ERR,ERR,ERR,ERR,ERR,ERR,ERR,ERR,ERR,ERR,ERR,ERR,ERR,ERR,ERR,ERR,ERR,ERR,ERR,ERR,ERR,ERR,ERR,ERR,ERR,ERR,ERR,ERR,ERR,ERR,ERR,ERR,ERR,ERR,ERR,ERR,ERR,ERR,ERR,ERR,ERR,ERR,ERR,ERR,ERR,ERR,ERR,ERR,ERR,50.0,60.0,100,0.0,0.0,0.0,0.0,0.0,0.0,0.0,0.0,0.0,0.0,0.0,0.0,0.0,0.0,0.0,0.0,61.6,77,11,65508,50,65476,0,300,0,0,8,20529,65476,0,0,26214,60.0,0.0,0.0,0.0,0.0,0.0
2026-05-17T16:53:05,ERR,ERR,ERR,ERR,ERR,ERR,ERR,ERR,ERR,ERR,ERR,ERR,ERR,ERR,ERR,ERR,ERR,ERR,ERR,ERR,ERR,ERR,ERR,ERR,ERR,ERR,ERR,ERR,ERR,ERR,ERR,ERR,ERR,ERR,ERR,ERR,ERR,ERR,ERR,ERR,ERR,ERR,ERR,ERR,ERR,ERR,ERR,ERR,ERR,ERR,ERR,ERR,ERR,ERR,ERR,ERR,ERR,ERR,ERR,ERR,ERR,ERR,ERR,ERR,ERR,ERR,ERR,ERR,ERR,ERR,ERR,ERR,ERR,ERR,ERR,ERR,ERR,ERR,ERR,ERR,ERR,ERR,ERR,ERR,ERR,ERR,ERR,ERR,ERR,ERR,ERR,ERR,ERR,ERR,ERR,ERR,ERR,ERR,ERR,ERR,ERR,ERR,ERR,ERR,ERR,ERR,ERR,ERR,ERR,ERR,ERR,ERR,ERR,ERR,ERR,ERR,ERR,ERR,ERR,ERR,ERR,ERR,ERR,ERR,ERR,0.0,0.0,-134474944.0,0.0,0.0,1.3936040501711995e+18,7.805,0.0,0,0,4,0,8422,0.0,45,0.0,0.0,0.0,0.0,0.0,0,0,0,0,0.0,0,0,0,0,0,0,0,0,0,0,0,0,0,0,0,0,0,0,0,0,0,0,0,0,0,0,0,0,0,0,0,0,0,38,14,7,45,65476,0,300,0,0,8,21553,0.0,-107605600.0,0.0,0.0,0.0,0.0,0.0,0.0,0.0,0.0,0.0,0.0,0.0,0.0,0.0,0.0,0.0,0.0,0.0,0.0,0.0,0.0,0.0,0.0,-2.004,2.004,0.0,0.0,0.0,0.0,5044.0,0.0,0.0,0.0,0.0,0.0,-107615304.0,0.0,0.0,0.0,0.0,53,5.848083413016271e+35,0.0,0.0,0.0,0.0,0.0,0.0,0.0,0.0,0,0,0,0.0,0.0,0.0,0.0,0.0,0.0,0.0,0.0,0.0,0.0,0.0,0.0,0.0,0.0,0.0,0.0,0,-107875648.0,53,0.0,106,-107614832.0,2.7006707062415038e+23,ERR,ERR,ERR,ERR,ERR,ERR,ERR,ERR,ERR,ERR,ERR,ERR,ERR,ERR,ERR,ERR,ERR,ERR,ERR,ERR,ERR,ERR,ERR,ERR,ERR,ERR,ERR,ERR,ERR,ERR,ERR,ERR,ERR,ERR,ERR,ERR,ERR,ERR,ERR,ERR,ERR,ERR,ERR,ERR,ERR,ERR,ERR,ERR,ERR,ERR,ERR,ERR,ERR,ERR,ERR,ERR,ERR,ERR,ERR,ERR,ERR,ERR,ERR,ERR,ERR,ERR,ERR,50.0,60.0,100,0.0,0.0,0.0,0.0,0.0,0.0,0.0,0.0,0.0,0.0,0.0,0.0,0.0,0.0,0.0,0.0,62.0,77,11,65508,50,65476,0,300,0,0,8,20529,65476,0,0,26214,60.0,0.0,0.0,0.0,0.0,0.0
2026-05-17T16:53:06,ERR,ERR,ERR,ERR,ERR,ERR,ERR,ERR,ERR,ERR,ERR,ERR,ERR,ERR,ERR,ERR,ERR,ERR,ERR,ERR,ERR,ERR,ERR,ERR,ERR,ERR,ERR,ERR,ERR,ERR,ERR,ERR,ERR,ERR,ERR,ERR,ERR,ERR,ERR,ERR,ERR,ERR,ERR,ERR,ERR,ERR,ERR,ERR,ERR,ERR,ERR,ERR,ERR,ERR,ERR,ERR,ERR,ERR,ERR,ERR,ERR,ERR,ERR,ERR,ERR,ERR,ERR,ERR,ERR,ERR,ERR,ERR,ERR,ERR,ERR,ERR,ERR,ERR,ERR,ERR,ERR,ERR,ERR,ERR,ERR,ERR,ERR,ERR,ERR,ERR,ERR,ERR,ERR,ERR,ERR,ERR,ERR,ERR,ERR,ERR,ERR,ERR,ERR,ERR,ERR,ERR,ERR,ERR,ERR,ERR,ERR,ERR,ERR,ERR,ERR,ERR,ERR,ERR,ERR,ERR,ERR,ERR,ERR,ERR,ERR,0.0,0.0,-134474944.0,0.0,0.0,1.3936040501711995e+18,7.805,0.0,0,0,4,0,8422,0.0,45,0.0,0.0,0.0,0.0,0.0,0,0,0,0,0.0,0,0,0,0,0,0,0,0,0,0,0,0,0,0,0,0,0,0,0,0,0,0,0,0,0,0,0,0,0,0,0,0,0,38,14,7,45,65476,0,300,0,0,8,21553,0.0,-107605600.0,0.0,0.0,0.0,0.0,0.0,0.0,0.0,0.0,0.0,0.0,0.0,0.0,0.0,0.0,0.0,0.0,0.0,0.0,0.0,0.0,0.0,0.0,-2.004,2.004,0.0,0.0,0.0,0.0,5044.0,0.0,0.0,0.0,0.0,0.0,-107615304.0,0.0,0.0,0.0,0.0,53,5.848083413016271e+35,0.0,0.0,0.0,0.0,0.0,0.0,0.0,0.0,0,0,0,0.0,0.0,0.0,0.0,0.0,0.0,0.0,0.0,0.0,0.0,0.0,0.0,0.0,0.0,0.0,0.0,0,-107875648.0,53,0.0,106,-107614832.0,2.7006707062415038e+23,ERR,ERR,ERR,ERR,ERR,ERR,ERR,ERR,ERR,ERR,ERR,ERR,ERR,ERR,ERR,ERR,ERR,ERR,ERR,ERR,ERR,ERR,ERR,ERR,ERR,ERR,ERR,ERR,ERR,ERR,ERR,ERR,ERR,ERR,ERR,ERR,ERR,ERR,ERR,ERR,ERR,ERR,ERR,ERR,ERR,ERR,ERR,ERR,ERR,ERR,ERR,ERR,ERR,ERR,ERR,ERR,ERR,ERR,ERR,ERR,ERR,ERR,ERR,ERR,ERR,ERR,ERR,50.0,60.0,100,0.0,0.0,0.0,0.0,0.0,0.0,0.0,0.0,0.0,0.0,0.0,0.0,0.0,0.0,0.0,0.0,62.0,77,11,65508,50,65476,0,300,0,0,8,20529,65476,0,0,26214,60.0,0.0,0.0,0.0,0.0,0.0
2026-05-17T16:53:07,ERR,ERR,ERR,ERR,ERR,ERR,ERR,ERR,ERR,ERR,ERR,ERR,ERR,ERR,ERR,ERR,ERR,ERR,ERR,ERR,ERR,ERR,ERR,ERR,ERR,ERR,ERR,ERR,ERR,ERR,ERR,ERR,ERR,ERR,ERR,ERR,ERR,ERR,ERR,ERR,ERR,ERR,ERR,ERR,ERR,ERR,ERR,ERR,ERR,ERR,ERR,ERR,ERR,ERR,ERR,ERR,ERR,ERR,ERR,ERR,ERR,ERR,ERR,ERR,ERR,ERR,ERR,ERR,ERR,ERR,ERR,ERR,ERR,ERR,ERR,ERR,ERR,ERR,ERR,ERR,ERR,ERR,ERR,ERR,ERR,ERR,ERR,ERR,ERR,ERR,ERR,ERR,ERR,ERR,ERR,ERR,ERR,ERR,ERR,ERR,ERR,ERR,ERR,ERR,ERR,ERR,ERR,ERR,ERR,ERR,ERR,ERR,ERR,ERR,ERR,ERR,ERR,ERR,ERR,ERR,ERR,ERR,ERR,ERR,ERR,0.0,0.0,-134474944.0,0.0,0.0,1.3936040501711995e+18,7.805,0.0,0,0,4,0,8422,0.0,45,0.0,0.0,0.0,0.0,0.0,0,0,0,0,0.0,0,0,0,0,0,0,0,0,0,0,0,0,0,0,0,0,0,0,0,0,0,0,0,0,0,0,0,0,0,0,0,0,0,38,14,7,45,65476,0,300,0,0,8,21553,0.0,-107605600.0,0.0,0.0,0.0,0.0,0.0,0.0,0.0,0.0,0.0,0.0,0.0,0.0,0.0,0.0,0.0,0.0,0.0,0.0,0.0,0.0,0.0,0.0,-2.004,2.004,0.0,0.0,0.0,0.0,5044.0,0.0,0.0,0.0,0.0,0.0,-107615304.0,0.0,0.0,0.0,0.0,53,5.848083413016271e+35,0.0,0.0,0.0,0.0,0.0,0.0,0.0,0.0,0,0,0,0.0,0.0,0.0,0.0,0.0,0.0,0.0,0.0,0.0,0.0,0.0,0.0,0.0,0.0,0.0,0.0,0,-107875648.0,53,0.0,106,-107614832.0,2.7006707062415038e+23,ERR,ERR,ERR,ERR,ERR,ERR,ERR,ERR,ERR,ERR,ERR,ERR,ERR,ERR,ERR,ERR,ERR,ERR,ERR,ERR,ERR,ERR,ERR,ERR,ERR,ERR,ERR,ERR,ERR,ERR,ERR,ERR,ERR,ERR,ERR,ERR,ERR,ERR,ERR,ERR,ERR,ERR,ERR,ERR,ERR,ERR,ERR,ERR,ERR,ERR,ERR,ERR,ERR,ERR,ERR,ERR,ERR,ERR,ERR,ERR,ERR,ERR,ERR,ERR,ERR,ERR,ERR,50.0,60.0,100,0.0,0.0,0.0,0.0,0.0,0.0,0.0,0.0,0.0,0.0,0.0,0.0,0.0,0.0,0.0,0.0,62.0,77,11,65508,50,65476,0,300,0,0,8,20529,65476,0,0,26214,60.0,0.0,0.0,0.0,0.0,0.0
2026-05-17T16:53:08,ERR,ERR,ERR,ERR,ERR,ERR,ERR,ERR,ERR,ERR,ERR,ERR,ERR,ERR,ERR,ERR,ERR,ERR,ERR,ERR,ERR,ERR,ERR,ERR,ERR,ERR,ERR,ERR,ERR,ERR,ERR,ERR,ERR,ERR,ERR,ERR,ERR,ERR,ERR,ERR,ERR,ERR,ERR,ERR,ERR,ERR,ERR,ERR,ERR,ERR,ERR,ERR,ERR,ERR,ERR,ERR,ERR,ERR,ERR,ERR,ERR,ERR,ERR,ERR,ERR,ERR,ERR,ERR,ERR,ERR,ERR,ERR,ERR,ERR,ERR,ERR,ERR,ERR,ERR,ERR,ERR,ERR,ERR,ERR,ERR,ERR,ERR,ERR,ERR,ERR,ERR,ERR,ERR,ERR,ERR,ERR,ERR,ERR,ERR,ERR,ERR,ERR,ERR,ERR,ERR,ERR,ERR,ERR,ERR,ERR,ERR,ERR,ERR,ERR,ERR,ERR,ERR,ERR,ERR,ERR,ERR,ERR,ERR,ERR,ERR,0.0,0.0,-134474944.0,0.0,0.0,1.3936040501711995e+18,7.805,0.0,0,0,4,0,8422,0.0,45,0.0,0.0,0.0,0.0,0.0,0,0,0,0,0.0,0,0,0,0,0,0,0,0,0,0,0,0,0,0,0,0,0,0,0,0,0,0,0,0,0,0,0,0,0,0,0,0,0,38,14,7,45,65476,0,300,0,0,8,21553,0.0,-107605600.0,0.0,0.0,0.0,0.0,0.0,0.0,0.0,0.0,0.0,0.0,0.0,0.0,0.0,0.0,0.0,0.0,0.0,0.0,0.0,0.0,0.0,0.0,-2.004,2.004,0.0,0.0,0.0,0.0,5044.0,0.0,0.0,0.0,0.0,0.0,-107615304.0,0.0,0.0,0.0,0.0,53,5.848083413016271e+35,0.0,0.0,0.0,0.0,0.0,0.0,0.0,0.0,0,0,0,0.0,0.0,0.0,0.0,0.0,0.0,0.0,0.0,0.0,0.0,0.0,0.0,0.0,0.0,0.0,0.0,0,-107875648.0,53,0.0,106,-107614832.0,2.7006707062415038e+23,ERR,ERR,ERR,ERR,ERR,ERR,ERR,ERR,ERR,ERR,ERR,ERR,ERR,ERR,ERR,ERR,ERR,ERR,ERR,ERR,ERR,ERR,ERR,ERR,ERR,ERR,ERR,ERR,ERR,ERR,ERR,ERR,ERR,ERR,ERR,ERR,ERR,ERR,ERR,ERR,ERR,ERR,ERR,ERR,ERR,ERR,ERR,ERR,ERR,ERR,ERR,ERR,ERR,ERR,ERR,ERR,ERR,ERR,ERR,ERR,ERR,ERR,ERR,ERR,ERR,ERR,ERR,50.0,60.0,100,0.0,0.0,0.0,0.0,0.0,0.0,0.0,0.0,0.0,0.0,0.0,0.0,0.0,0.0,0.0,0.0,61.6,77,11,65508,50,65476,0,300,0,0,8,20529,65476,0,0,26214,60.0,0.0,0.0,0.0,0.0,0.0
2026-05-17T16:53:09,ERR,ERR,ERR,ERR,ERR,ERR,ERR,ERR,ERR,ERR,ERR,ERR,ERR,ERR,ERR,ERR,ERR,ERR,ERR,ERR,ERR,ERR,ERR,ERR,ERR,ERR,ERR,ERR,ERR,ERR,ERR,ERR,ERR,ERR,ERR,ERR,ERR,ERR,ERR,ERR,ERR,ERR,ERR,ERR,ERR,ERR,ERR,ERR,ERR,ERR,ERR,ERR,ERR,ERR,ERR,ERR,ERR,ERR,ERR,ERR,ERR,ERR,ERR,ERR,ERR,ERR,ERR,ERR,ERR,ERR,ERR,ERR,ERR,ERR,ERR,ERR,ERR,ERR,ERR,ERR,ERR,ERR,ERR,ERR,ERR,ERR,ERR,ERR,ERR,ERR,ERR,ERR,ERR,ERR,ERR,ERR,ERR,ERR,ERR,ERR,ERR,ERR,ERR,ERR,ERR,ERR,ERR,ERR,ERR,ERR,ERR,ERR,ERR,ERR,ERR,ERR,ERR,ERR,ERR,ERR,ERR,ERR,ERR,ERR,ERR,0.0,0.0,-134474944.0,0.0,0.0,1.3936040501711995e+18,7.805,0.0,0,0,4,0,8422,0.0,45,0.0,0.0,0.0,0.0,0.0,0,0,0,0,0.0,0,0,0,0,0,0,0,0,0,0,0,0,0,0,0,0,0,0,0,0,0,0,0,0,0,0,0,0,0,0,0,0,0,38,14,7,45,65476,0,300,0,0,8,21553,0.0,-107605600.0,0.0,0.0,0.0,0.0,0.0,0.0,0.0,0.0,0.0,0.0,0.0,0.0,0.0,0.0,0.0,0.0,0.0,0.0,0.0,0.0,0.0,0.0,-2.004,2.004,0.0,0.0,0.0,0.0,5044.0,0.0,0.0,0.0,0.0,0.0,-107615304.0,0.0,0.0,0.0,0.0,53,5.848083413016271e+35,0.0,0.0,0.0,0.0,0.0,0.0,0.0,0.0,0,0,0,0.0,0.0,0.0,0.0,0.0,0.0,0.0,0.0,0.0,0.0,0.0,0.0,0.0,0.0,0.0,0.0,0,-107875648.0,53,0.0,106,-107614832.0,2.7006707062415038e+23,ERR,ERR,ERR,ERR,ERR,ERR,ERR,ERR,ERR,ERR,ERR,ERR,ERR,ERR,ERR,ERR,ERR,ERR,ERR,ERR,ERR,ERR,ERR,ERR,ERR,ERR,ERR,ERR,ERR,ERR,ERR,ERR,ERR,ERR,ERR,ERR,ERR,ERR,ERR,ERR,ERR,ERR,ERR,ERR,ERR,ERR,ERR,ERR,ERR,ERR,ERR,ERR,ERR,ERR,ERR,ERR,ERR,ERR,ERR,ERR,ERR,ERR,ERR,ERR,ERR,ERR,ERR,50.0,60.0,100,0.0,0.0,0.0,0.0,0.0,0.0,0.0,0.0,0.0,0.0,0.0,0.0,0.0,0.0,0.0,0.0,61.6,77,11,65508,50,65476,0,300,0,0,8,20529,65476,0,0,26214,60.0,0.0,0.0,0.0,0.0,0.0
2026-05-17T16:53:10,ERR,ERR,ERR,ERR,ERR,ERR,ERR,ERR,ERR,ERR,ERR,ERR,ERR,ERR,ERR,ERR,ERR,ERR,ERR,ERR,ERR,ERR,ERR,ERR,ERR,ERR,ERR,ERR,ERR,ERR,ERR,ERR,ERR,ERR,ERR,ERR,ERR,ERR,ERR,ERR,ERR,ERR,ERR,ERR,ERR,ERR,ERR,ERR,ERR,ERR,ERR,ERR,ERR,ERR,ERR,ERR,ERR,ERR,ERR,ERR,ERR,ERR,ERR,ERR,ERR,ERR,ERR,ERR,ERR,ERR,ERR,ERR,ERR,ERR,ERR,ERR,ERR,ERR,ERR,ERR,ERR,ERR,ERR,ERR,ERR,ERR,ERR,ERR,ERR,ERR,ERR,ERR,ERR,ERR,ERR,ERR,ERR,ERR,ERR,ERR,ERR,ERR,ERR,ERR,ERR,ERR,ERR,ERR,ERR,ERR,ERR,ERR,ERR,ERR,ERR,ERR,ERR,ERR,ERR,ERR,ERR,ERR,ERR,ERR,ERR,0.0,0.0,-134474944.0,0.0,0.0,1.3936040501711995e+18,7.805,0.0,0,0,4,0,8422,0.0,45,0.0,0.0,0.0,0.0,0.0,0,0,0,0,0.0,0,0,0,0,0,0,0,0,0,0,0,0,0,0,0,0,0,0,0,0,0,0,0,0,0,0,0,0,0,0,0,0,0,38,14,7,45,65476,0,300,0,0,8,21553,0.0,-107605600.0,0.0,0.0,0.0,0.0,0.0,0.0,0.0,0.0,0.0,0.0,0.0,0.0,0.0,0.0,0.0,0.0,0.0,0.0,0.0,0.0,0.0,0.0,-2.004,2.004,0.0,0.0,0.0,0.0,5012.0,0.0,0.0,0.0,0.0,0.0,-107615304.0,0.0,0.0,0.0,0.0,53,5.848083413016271e+35,-2.30882787541985e+20,0.0,0.0,0.0,0.0,0.0,0.0,0.0,0,0,0,0.0,0.0,0.0,0.0,0.0,0.0,0.0,0.0,0.0,0.0,0.0,0.0,0.0,0.0,0.0,0.0,0,-107875648.0,53,0.0,106,-107614832.0,2.7006707062415038e+23,ERR,ERR,ERR,ERR,ERR,ERR,ERR,ERR,ERR,ERR,ERR,ERR,ERR,ERR,ERR,ERR,ERR,ERR,ERR,ERR,ERR,ERR,ERR,ERR,ERR,ERR,ERR,ERR,ERR,ERR,ERR,ERR,ERR,ERR,ERR,ERR,ERR,ERR,ERR,ERR,ERR,ERR,ERR,ERR,ERR,ERR,ERR,ERR,ERR,ERR,ERR,ERR,ERR,ERR,ERR,ERR,ERR,ERR,ERR,ERR,ERR,ERR,ERR,ERR,ERR,ERR,ERR,50.0,60.0,100,0.0,0.0,0.0,0.0,0.0,0.0,0.0,0.0,0.0,0.0,0.0,0.0,0.0,0.0,0.0,0.0,62.0,77,11,65508,50,65476,0,300,0,0,8,20529,65476,0,0,26214,60.0,0.0,0.0,0.0,0.0,0.0
2026-05-17T16:53:11,ERR,ERR,ERR,ERR,ERR,ERR,ERR,ERR,ERR,ERR,ERR,ERR,ERR,ERR,ERR,ERR,ERR,ERR,ERR,ERR,ERR,ERR,ERR,ERR,ERR,ERR,ERR,ERR,ERR,ERR,ERR,ERR,ERR,ERR,ERR,ERR,ERR,ERR,ERR,ERR,ERR,ERR,ERR,ERR,ERR,ERR,ERR,ERR,ERR,ERR,ERR,ERR,ERR,ERR,ERR,ERR,ERR,ERR,ERR,ERR,ERR,ERR,ERR,ERR,ERR,ERR,ERR,ERR,ERR,ERR,ERR,ERR,ERR,ERR,ERR,ERR,ERR,ERR,ERR,ERR,ERR,ERR,ERR,ERR,ERR,ERR,ERR,ERR,ERR,ERR,ERR,ERR,ERR,ERR,ERR,ERR,ERR,ERR,ERR,ERR,ERR,ERR,ERR,ERR,ERR,ERR,ERR,ERR,ERR,ERR,ERR,ERR,ERR,ERR,ERR,ERR,ERR,ERR,ERR,ERR,ERR,ERR,ERR,ERR,ERR,0.0,0.0,-134474944.0,0.0,0.0,1.3936040501711995e+18,7.805,0.0,0,0,4,0,8422,0.0,45,0.0,0.0,0.0,0.0,0.0,0,0,0,0,0.0,0,0,0,0,0,0,0,0,0,0,0,0,0,0,0,0,0,0,0,0,0,0,0,0,0,0,0,0,0,0,0,0,0,38,14,7,45,65476,0,300,0,0,8,21553,0.0,-107605600.0,0.0,0.0,0.0,0.0,0.0,0.0,0.0,0.0,0.0,0.0,0.0,0.0,0.0,0.0,0.0,0.0,0.0,0.0,0.0,0.0,0.0,0.0,-2.004,2.004,0.0,0.0,0.0,0.0,5012.0,0.0,0.0,0.0,0.0,0.0,-107615304.0,0.0,0.0,0.0,0.0,53,5.848083413016271e+35,-2.30882787541985e+20,0.0,0.0,0.0,0.0,0.0,0.0,0.0,0,0,0,0.0,0.0,0.0,0.0,0.0,0.0,0.0,0.0,0.0,0.0,0.0,0.0,0.0,0.0,0.0,0.0,0,-107875648.0,53,0.0,106,-107614832.0,2.7006707062415038e+23,ERR,ERR,ERR,ERR,ERR,ERR,ERR,ERR,ERR,ERR,ERR,ERR,ERR,ERR,ERR,ERR,ERR,ERR,ERR,ERR,ERR,ERR,ERR,ERR,ERR,ERR,ERR,ERR,ERR,ERR,ERR,ERR,ERR,ERR,ERR,ERR,ERR,ERR,ERR,ERR,ERR,ERR,ERR,ERR,ERR,ERR,ERR,ERR,ERR,ERR,ERR,ERR,ERR,ERR,ERR,ERR,ERR,ERR,ERR,ERR,ERR,ERR,ERR,ERR,ERR,ERR,ERR,50.0,60.0,100,0.0,0.0,0.0,0.0,0.0,0.0,0.0,0.0,0.0,0.0,0.0,0.0,0.0,0.0,0.0,0.0,62.0,77,11,65508,50,65476,0,300,0,0,8,20529,65476,0,0,26214,60.0,0.0,0.0,0.0,0.0,0.0
2026-05-17T16:53:12,ERR,ERR,ERR,ERR,ERR,ERR,ERR,ERR,ERR,ERR,ERR,ERR,ERR,ERR,ERR,ERR,ERR,ERR,ERR,ERR,ERR,ERR,ERR,ERR,ERR,ERR,ERR,ERR,ERR,ERR,ERR,ERR,ERR,ERR,ERR,ERR,ERR,ERR,ERR,ERR,ERR,ERR,ERR,ERR,ERR,ERR,ERR,ERR,ERR,ERR,ERR,ERR,ERR,ERR,ERR,ERR,ERR,ERR,ERR,ERR,ERR,ERR,ERR,ERR,ERR,ERR,ERR,ERR,ERR,ERR,ERR,ERR,ERR,ERR,ERR,ERR,ERR,ERR,ERR,ERR,ERR,ERR,ERR,ERR,ERR,ERR,ERR,ERR,ERR,ERR,ERR,ERR,ERR,ERR,ERR,ERR,ERR,ERR,ERR,ERR,ERR,ERR,ERR,ERR,ERR,ERR,ERR,ERR,ERR,ERR,ERR,ERR,ERR,ERR,ERR,ERR,ERR,ERR,ERR,ERR,ERR,ERR,ERR,ERR,ERR,0.0,0.0,-134474944.0,0.0,0.0,1.3936040501711995e+18,7.805,0.0,0,0,4,0,8422,0.0,45,0.0,0.0,0.0,0.0,0.0,0,0,0,0,0.0,0,0,0,0,0,0,0,0,0,0,0,0,0,0,0,0,0,0,0,0,0,0,0,0,0,0,0,0,0,0,0,0,0,38,14,7,45,65476,0,300,0,0,8,21553,0.0,-107605600.0,0.0,0.0,0.0,0.0,0.0,0.0,0.0,0.0,0.0,0.0,0.0,0.0,0.0,0.0,0.0,0.0,0.0,0.0,0.0,0.0,0.0,0.0,-2.004,2.004,0.0,0.0,0.0,0.0,5012.0,0.0,0.0,0.0,0.0,0.0,-107615304.0,0.0,0.0,0.0,0.0,53,5.848083413016271e+35,-2.30882787541985e+20,0.0,0.0,0.0,0.0,0.0,0.0,0.0,0,0,0,0.0,0.0,0.0,0.0,0.0,0.0,0.0,0.0,0.0,0.0,0.0,0.0,0.0,0.0,0.0,0.0,0,-107875648.0,53,0.0,106,-107614832.0,2.7006707062415038e+23,ERR,ERR,ERR,ERR,ERR,ERR,ERR,ERR,ERR,ERR,ERR,ERR,ERR,ERR,ERR,ERR,ERR,ERR,ERR,ERR,ERR,ERR,ERR,ERR,ERR,ERR,ERR,ERR,ERR,ERR,ERR,ERR,ERR,ERR,ERR,ERR,ERR,ERR,ERR,ERR,ERR,ERR,ERR,ERR,ERR,ERR,ERR,ERR,ERR,ERR,ERR,ERR,ERR,ERR,ERR,ERR,ERR,ERR,ERR,ERR,ERR,ERR,ERR,ERR,ERR,ERR,ERR,50.0,60.0,100,0.0,0.0,0.0,0.0,0.0,0.0,0.0,0.0,0.0,0.0,0.0,0.0,0.0,0.0,0.0,0.0,61.6,77,11,65508,50,65476,0,300,0,0,8,20529,65476,0,0,26214,60.0,0.0,0.0,0.0,0.0,0.0
2026-05-17T16:53:13,ERR,ERR,ERR,ERR,ERR,ERR,ERR,ERR,ERR,ERR,ERR,ERR,ERR,ERR,ERR,ERR,ERR,ERR,ERR,ERR,ERR,ERR,ERR,ERR,ERR,ERR,ERR,ERR,ERR,ERR,ERR,ERR,ERR,ERR,ERR,ERR,ERR,ERR,ERR,ERR,ERR,ERR,ERR,ERR,ERR,ERR,ERR,ERR,ERR,ERR,ERR,ERR,ERR,ERR,ERR,ERR,ERR,ERR,ERR,ERR,ERR,ERR,ERR,ERR,ERR,ERR,ERR,ERR,ERR,ERR,ERR,ERR,ERR,ERR,ERR,ERR,ERR,ERR,ERR,ERR,ERR,ERR,ERR,ERR,ERR,ERR,ERR,ERR,ERR,ERR,ERR,ERR,ERR,ERR,ERR,ERR,ERR,ERR,ERR,ERR,ERR,ERR,ERR,ERR,ERR,ERR,ERR,ERR,ERR,ERR,ERR,ERR,ERR,ERR,ERR,ERR,ERR,ERR,ERR,ERR,ERR,ERR,ERR,ERR,ERR,0.0,0.0,-134474944.0,0.0,0.0,1.3936040501711995e+18,7.805,0.0,0,0,4,0,8422,0.0,45,0.0,0.0,0.0,0.0,0.0,0,0,0,0,0.0,0,0,0,0,0,0,0,0,0,0,0,0,0,0,0,0,0,0,0,0,0,0,0,0,0,0,0,0,0,0,0,0,0,38,14,7,45,65476,0,300,0,0,8,21553,0.0,-107605600.0,0.0,0.0,0.0,0.0,0.0,0.0,0.0,0.0,0.0,0.0,0.0,0.0,0.0,0.0,0.0,0.0,0.0,0.0,0.0,0.0,0.0,0.0,-2.004,2.004,0.0,0.0,0.0,0.0,5012.0,0.0,0.0,0.0,0.0,0.0,-107615304.0,0.0,0.0,0.0,0.0,53,5.848083413016271e+35,-2.30882787541985e+20,0.0,0.0,0.0,0.0,0.0,0.0,0.0,0,0,0,0.0,0.0,0.0,0.0,0.0,0.0,0.0,0.0,0.0,0.0,0.0,0.0,0.0,0.0,0.0,0.0,0,-107875648.0,53,0.0,106,-107614832.0,2.7006707062415038e+23,ERR,ERR,ERR,ERR,ERR,ERR,ERR,ERR,ERR,ERR,ERR,ERR,ERR,ERR,ERR,ERR,ERR,ERR,ERR,ERR,ERR,ERR,ERR,ERR,ERR,ERR,ERR,ERR,ERR,ERR,ERR,ERR,ERR,ERR,ERR,ERR,ERR,ERR,ERR,ERR,ERR,ERR,ERR,ERR,ERR,ERR,ERR,ERR,ERR,ERR,ERR,ERR,ERR,ERR,ERR,ERR,ERR,ERR,ERR,ERR,ERR,ERR,ERR,ERR,ERR,ERR,ERR,50.0,60.0,100,0.0,0.0,0.0,0.0,0.0,0.0,0.0,0.0,0.0,0.0,0.0,0.0,0.0,0.0,0.0,0.0,61.6,77,11,65508,50,65476,0,300,0,0,8,20529,65476,0,0,26214,60.0,0.0,0.0,0.0,0.0,0.0
2026-05-17T16:53:14,ERR,ERR,ERR,ERR,ERR,ERR,ERR,ERR,ERR,ERR,ERR,ERR,ERR,ERR,ERR,ERR,ERR,ERR,ERR,ERR,ERR,ERR,ERR,ERR,ERR,ERR,ERR,ERR,ERR,ERR,ERR,ERR,ERR,ERR,ERR,ERR,ERR,ERR,ERR,ERR,ERR,ERR,ERR,ERR,ERR,ERR,ERR,ERR,ERR,ERR,ERR,ERR,ERR,ERR,ERR,ERR,ERR,ERR,ERR,ERR,ERR,ERR,ERR,ERR,ERR,ERR,ERR,ERR,ERR,ERR,ERR,ERR,ERR,ERR,ERR,ERR,ERR,ERR,ERR,ERR,ERR,ERR,ERR,ERR,ERR,ERR,ERR,ERR,ERR,ERR,ERR,ERR,ERR,ERR,ERR,ERR,ERR,ERR,ERR,ERR,ERR,ERR,ERR,ERR,ERR,ERR,ERR,ERR,ERR,ERR,ERR,ERR,ERR,ERR,ERR,ERR,ERR,ERR,ERR,ERR,ERR,ERR,ERR,ERR,ERR,0.0,0.0,-134474944.0,0.0,0.0,1.3936040501711995e+18,7.805,0.0,0,0,4,0,8422,0.0,45,0.0,0.0,0.0,0.0,0.0,0,0,0,0,0.0,0,0,0,0,0,0,0,0,0,0,0,0,0,0,0,0,0,0,0,0,0,0,0,0,0,0,0,0,0,0,0,0,0,38,14,7,45,65476,0,300,0,0,8,21553,0.0,-107605600.0,0.0,0.0,0.0,0.0,0.0,0.0,0.0,0.0,0.0,0.0,0.0,0.0,0.0,0.0,0.0,0.0,0.0,0.0,0.0,0.0,0.0,0.0,-2.004,2.004,0.0,0.0,0.0,0.0,5012.0,0.0,0.0,0.0,0.0,0.0,-107615304.0,0.0,0.0,0.0,0.0,53,5.848083413016271e+35,-2.30882787541985e+20,0.0,0.0,0.0,0.0,0.0,0.0,0.0,0,0,0,0.0,0.0,0.0,0.0,0.0,0.0,0.0,0.0,0.0,0.0,0.0,0.0,0.0,0.0,0.0,0.0,0,-107875648.0,53,0.0,106,-107614832.0,2.7006707062415038e+23,ERR,ERR,ERR,ERR,ERR,ERR,ERR,ERR,ERR,ERR,ERR,ERR,ERR,ERR,ERR,ERR,ERR,ERR,ERR,ERR,ERR,ERR,ERR,ERR,ERR,ERR,ERR,ERR,ERR,ERR,ERR,ERR,ERR,ERR,ERR,ERR,ERR,ERR,ERR,ERR,ERR,ERR,ERR,ERR,ERR,ERR,ERR,ERR,ERR,ERR,ERR,ERR,ERR,ERR,ERR,ERR,ERR,ERR,ERR,ERR,ERR,ERR,ERR,ERR,ERR,ERR,ERR,50.0,60.0,100,0.0,0.0,0.0,0.0,0.0,0.0,0.0,0.0,0.0,0.0,0.0,0.0,0.0,0.0,0.0,0.0,61.6,77,11,65508,50,65476,0,300,0,0,8,20529,65476,0,0,26214,60.0,0.0,0.0,0.0,0.0,0.0
2026-05-17T16:53:15,ERR,ERR,ERR,ERR,ERR,ERR,ERR,ERR,ERR,ERR,ERR,ERR,ERR,ERR,ERR,ERR,ERR,ERR,ERR,ERR,ERR,ERR,ERR,ERR,ERR,ERR,ERR,ERR,ERR,ERR,ERR,ERR,ERR,ERR,ERR,ERR,ERR,ERR,ERR,ERR,ERR,ERR,ERR,ERR,ERR,ERR,ERR,ERR,ERR,ERR,ERR,ERR,ERR,ERR,ERR,ERR,ERR,ERR,ERR,ERR,ERR,ERR,ERR,ERR,ERR,ERR,ERR,ERR,ERR,ERR,ERR,ERR,ERR,ERR,ERR,ERR,ERR,ERR,ERR,ERR,ERR,ERR,ERR,ERR,ERR,ERR,ERR,ERR,ERR,ERR,ERR,ERR,ERR,ERR,ERR,ERR,ERR,ERR,ERR,ERR,ERR,ERR,ERR,ERR,ERR,ERR,ERR,ERR,ERR,ERR,ERR,ERR,ERR,ERR,ERR,ERR,ERR,ERR,ERR,ERR,ERR,ERR,ERR,ERR,ERR,0.0,0.0,-134474944.0,0.0,0.0,1.3936040501711995e+18,7.805,0.0,0,0,4,0,8422,0.0,45,0.0,0.0,0.0,0.0,0.0,0,0,0,0,0.0,0,0,0,0,0,0,0,0,0,0,0,0,0,0,0,0,0,0,0,0,0,0,0,0,0,0,0,0,0,0,0,0,0,38,14,7,45,65476,0,300,0,0,8,21553,0.0,-107605600.0,0.0,0.0,0.0,0.0,0.0,0.0,0.0,0.0,0.0,0.0,0.0,0.0,0.0,0.0,0.0,0.0,0.0,0.0,0.0,0.0,0.0,0.0,-2.004,2.004,0.0,0.0,0.0,0.0,5013.0,-0.0,0.0,0.0,0.0,0.0,-107615304.0,0.0,0.0,0.0,0.0,53,-0.0,126840537088.0,0.0,0.0,0.0,0.0,0.0,0.0,0.0,0,0,0,0.0,0.0,0.0,0.0,0.0,0.0,0.0,0.0,0.0,0.0,0.0,0.0,0.0,0.0,0.0,0.0,0,-107875648.0,53,0.0,106,-107614832.0,2.7006707062415038e+23,ERR,ERR,ERR,ERR,ERR,ERR,ERR,ERR,ERR,ERR,ERR,ERR,ERR,ERR,ERR,ERR,ERR,ERR,ERR,ERR,ERR,ERR,ERR,ERR,ERR,ERR,ERR,ERR,ERR,ERR,ERR,ERR,ERR,ERR,ERR,ERR,ERR,ERR,ERR,ERR,ERR,ERR,ERR,ERR,ERR,ERR,ERR,ERR,ERR,ERR,ERR,ERR,ERR,ERR,ERR,ERR,ERR,ERR,ERR,ERR,ERR,ERR,ERR,ERR,ERR,ERR,ERR,50.0,60.0,100,0.0,0.0,0.0,0.0,0.0,0.0,0.0,0.0,0.0,0.0,0.0,0.0,0.0,0.0,0.0,0.0,61.6,77,11,65508,50,65476,0,300,0,0,8,20529,65476,0,0,26214,60.0,0.0,0.0,0.0,0.0,0.0
2026-05-17T16:53:16,ERR,ERR,ERR,ERR,ERR,ERR,ERR,ERR,ERR,ERR,ERR,ERR,ERR,ERR,ERR,ERR,ERR,ERR,ERR,ERR,ERR,ERR,ERR,ERR,ERR,ERR,ERR,ERR,ERR,ERR,ERR,ERR,ERR,ERR,ERR,ERR,ERR,ERR,ERR,ERR,ERR,ERR,ERR,ERR,ERR,ERR,ERR,ERR,ERR,ERR,ERR,ERR,ERR,ERR,ERR,ERR,ERR,ERR,ERR,ERR,ERR,ERR,ERR,ERR,ERR,ERR,ERR,ERR,ERR,ERR,ERR,ERR,ERR,ERR,ERR,ERR,ERR,ERR,ERR,ERR,ERR,ERR,ERR,ERR,ERR,ERR,ERR,ERR,ERR,ERR,ERR,ERR,ERR,ERR,ERR,ERR,ERR,ERR,ERR,ERR,ERR,ERR,ERR,ERR,ERR,ERR,ERR,ERR,ERR,ERR,ERR,ERR,ERR,ERR,ERR,ERR,ERR,ERR,ERR,ERR,ERR,ERR,ERR,ERR,ERR,0.0,0.0,-134474944.0,0.0,0.0,1.3936040501711995e+18,7.805,0.0,0,0,4,0,8422,0.0,45,0.0,0.0,0.0,0.0,0.0,0,0,0,0,0.0,0,0,0,0,0,0,0,0,0,0,0,0,0,0,0,0,0,0,0,0,0,0,0,0,0,0,0,0,0,0,0,0,0,38,14,7,45,65476,0,300,0,0,8,21553,0.0,-107605600.0,0.0,0.0,0.0,0.0,0.0,0.0,0.0,0.0,0.0,0.0,0.0,0.0,0.0,0.0,0.0,0.0,0.0,0.0,0.0,0.0,0.0,0.0,-2.004,2.004,0.0,0.0,0.0,0.0,5013.0,-0.0,0.0,0.0,0.0,0.0,-107615304.0,0.0,0.0,0.0,0.0,53,-0.0,126840537088.0,0.0,0.0,0.0,0.0,0.0,0.0,0.0,0,0,0,0.0,0.0,0.0,0.0,0.0,0.0,0.0,0.0,0.0,0.0,0.0,0.0,0.0,0.0,0.0,0.0,0,-107875648.0,53,0.0,106,-107614832.0,2.7006707062415038e+23,ERR,ERR,ERR,ERR,ERR,ERR,ERR,ERR,ERR,ERR,ERR,ERR,ERR,ERR,ERR,ERR,ERR,ERR,ERR,ERR,ERR,ERR,ERR,ERR,ERR,ERR,ERR,ERR,ERR,ERR,ERR,ERR,ERR,ERR,ERR,ERR,ERR,ERR,ERR,ERR,ERR,ERR,ERR,ERR,ERR,ERR,ERR,ERR,ERR,ERR,ERR,ERR,ERR,ERR,ERR,ERR,ERR,ERR,ERR,ERR,ERR,ERR,ERR,ERR,ERR,ERR,ERR,50.0,60.0,100,0.0,0.0,0.0,0.0,0.0,0.0,0.0,0.0,0.0,0.0,0.0,0.0,0.0,0.0,0.0,0.0,61.6,77,11,65508,50,65476,0,300,0,0,8,20529,65476,0,0,26214,60.0,0.0,0.0,0.0,0.0,0.0
2026-05-17T16:53:17,ERR,ERR,ERR,ERR,ERR,ERR,ERR,ERR,ERR,ERR,ERR,ERR,ERR,ERR,ERR,ERR,ERR,ERR,ERR,ERR,ERR,ERR,ERR,ERR,ERR,ERR,ERR,ERR,ERR,ERR,ERR,ERR,ERR,ERR,ERR,ERR,ERR,ERR,ERR,ERR,ERR,ERR,ERR,ERR,ERR,ERR,ERR,ERR,ERR,ERR,ERR,ERR,ERR,ERR,ERR,ERR,ERR,ERR,ERR,ERR,ERR,ERR,ERR,ERR,ERR,ERR,ERR,ERR,ERR,ERR,ERR,ERR,ERR,ERR,ERR,ERR,ERR,ERR,ERR,ERR,ERR,ERR,ERR,ERR,ERR,ERR,ERR,ERR,ERR,ERR,ERR,ERR,ERR,ERR,ERR,ERR,ERR,ERR,ERR,ERR,ERR,ERR,ERR,ERR,ERR,ERR,ERR,ERR,ERR,ERR,ERR,ERR,ERR,ERR,ERR,ERR,ERR,ERR,ERR,ERR,ERR,ERR,ERR,ERR,ERR,0.0,0.0,-134474944.0,0.0,0.0,1.3936040501711995e+18,7.805,0.0,0,0,4,0,8422,0.0,45,0.0,0.0,0.0,0.0,0.0,0,0,0,0,0.0,0,0,0,0,0,0,0,0,0,0,0,0,0,0,0,0,0,0,0,0,0,0,0,0,0,0,0,0,0,0,0,0,0,38,14,7,45,65476,0,300,0,0,8,21553,0.0,-107605600.0,0.0,0.0,0.0,0.0,0.0,0.0,0.0,0.0,0.0,0.0,0.0,0.0,0.0,0.0,0.0,0.0,0.0,0.0,0.0,0.0,0.0,0.0,-2.004,2.004,0.0,0.0,0.0,0.0,5013.0,-0.0,0.0,0.0,0.0,0.0,-107615304.0,0.0,0.0,0.0,0.0,53,-0.0,126840537088.0,0.0,0.0,0.0,0.0,0.0,0.0,0.0,0,0,0,0.0,0.0,0.0,0.0,0.0,0.0,0.0,0.0,0.0,0.0,0.0,0.0,0.0,0.0,0.0,0.0,0,-107875648.0,53,0.0,106,-107614832.0,2.7006707062415038e+23,ERR,ERR,ERR,ERR,ERR,ERR,ERR,ERR,ERR,ERR,ERR,ERR,ERR,ERR,ERR,ERR,ERR,ERR,ERR,ERR,ERR,ERR,ERR,ERR,ERR,ERR,ERR,ERR,ERR,ERR,ERR,ERR,ERR,ERR,ERR,ERR,ERR,ERR,ERR,ERR,ERR,ERR,ERR,ERR,ERR,ERR,ERR,ERR,ERR,ERR,ERR,ERR,ERR,ERR,ERR,ERR,ERR,ERR,ERR,ERR,ERR,ERR,ERR,ERR,ERR,ERR,ERR,50.0,60.0,100,0.0,0.0,0.0,0.0,0.0,0.0,0.0,0.0,0.0,0.0,0.0,0.0,0.0,0.0,0.0,0.0,61.6,77,11,65508,50,65476,0,300,0,0,8,20529,65476,0,0,26214,60.0,0.0,0.0,0.0,0.0,0.0
2026-05-17T16:53:18,ERR,ERR,ERR,ERR,ERR,ERR,ERR,ERR,ERR,ERR,ERR,ERR,ERR,ERR,ERR,ERR,ERR,ERR,ERR,ERR,ERR,ERR,ERR,ERR,ERR,ERR,ERR,ERR,ERR,ERR,ERR,ERR,ERR,ERR,ERR,ERR,ERR,ERR,ERR,ERR,ERR,ERR,ERR,ERR,ERR,ERR,ERR,ERR,ERR,ERR,ERR,ERR,ERR,ERR,ERR,ERR,ERR,ERR,ERR,ERR,ERR,ERR,ERR,ERR,ERR,ERR,ERR,ERR,ERR,ERR,ERR,ERR,ERR,ERR,ERR,ERR,ERR,ERR,ERR,ERR,ERR,ERR,ERR,ERR,ERR,ERR,ERR,ERR,ERR,ERR,ERR,ERR,ERR,ERR,ERR,ERR,ERR,ERR,ERR,ERR,ERR,ERR,ERR,ERR,ERR,ERR,ERR,ERR,ERR,ERR,ERR,ERR,ERR,ERR,ERR,ERR,ERR,ERR,ERR,ERR,ERR,ERR,ERR,ERR,ERR,0.0,0.0,-134474944.0,0.0,0.0,1.3936040501711995e+18,7.805,0.0,0,0,4,0,8422,0.0,45,0.0,0.0,0.0,0.0,0.0,0,0,0,0,0.0,0,0,0,0,0,0,0,0,0,0,0,0,0,0,0,0,0,0,0,0,0,0,0,0,0,0,0,0,0,0,0,0,0,38,14,7,45,65476,0,300,0,0,8,21553,0.0,-107605600.0,0.0,0.0,0.0,0.0,0.0,0.0,0.0,0.0,0.0,0.0,0.0,0.0,0.0,0.0,0.0,0.0,0.0,0.0,0.0,0.0,0.0,0.0,-2.004,2.004,0.0,0.0,0.0,0.0,5013.0,-0.0,0.0,0.0,0.0,0.0,-107615304.0,0.0,0.0,0.0,0.0,53,-0.0,126840537088.0,0.0,0.0,0.0,0.0,0.0,0.0,0.0,0,0,0,0.0,0.0,0.0,0.0,0.0,0.0,0.0,0.0,0.0,0.0,0.0,0.0,0.0,0.0,0.0,0.0,0,-107875648.0,53,0.0,106,-107614832.0,2.7006707062415038e+23,ERR,ERR,ERR,ERR,ERR,ERR,ERR,ERR,ERR,ERR,ERR,ERR,ERR,ERR,ERR,ERR,ERR,ERR,ERR,ERR,ERR,ERR,ERR,ERR,ERR,ERR,ERR,ERR,ERR,ERR,ERR,ERR,ERR,ERR,ERR,ERR,ERR,ERR,ERR,ERR,ERR,ERR,ERR,ERR,ERR,ERR,ERR,ERR,ERR,ERR,ERR,ERR,ERR,ERR,ERR,ERR,ERR,ERR,ERR,ERR,ERR,ERR,ERR,ERR,ERR,ERR,ERR,50.0,60.0,100,0.0,0.0,0.0,0.0,0.0,0.0,0.0,0.0,0.0,0.0,0.0,0.0,0.0,0.0,0.0,0.0,61.6,77,11,65508,50,65476,0,300,0,0,8,20529,65476,0,0,26214,60.0,0.0,0.0,0.0,0.0,0.0
2026-05-17T16:53:19,ERR,ERR,ERR,ERR,ERR,ERR,ERR,ERR,ERR,ERR,ERR,ERR,ERR,ERR,ERR,ERR,ERR,ERR,ERR,ERR,ERR,ERR,ERR,ERR,ERR,ERR,ERR,ERR,ERR,ERR,ERR,ERR,ERR,ERR,ERR,ERR,ERR,ERR,ERR,ERR,ERR,ERR,ERR,ERR,ERR,ERR,ERR,ERR,ERR,ERR,ERR,ERR,ERR,ERR,ERR,ERR,ERR,ERR,ERR,ERR,ERR,ERR,ERR,ERR,ERR,ERR,ERR,ERR,ERR,ERR,ERR,ERR,ERR,ERR,ERR,ERR,ERR,ERR,ERR,ERR,ERR,ERR,ERR,ERR,ERR,ERR,ERR,ERR,ERR,ERR,ERR,ERR,ERR,ERR,ERR,ERR,ERR,ERR,ERR,ERR,ERR,ERR,ERR,ERR,ERR,ERR,ERR,ERR,ERR,ERR,ERR,ERR,ERR,ERR,ERR,ERR,ERR,ERR,ERR,ERR,ERR,ERR,ERR,ERR,ERR,0.0,0.0,-134474944.0,0.0,0.0,1.3936040501711995e+18,7.805,0.0,0,0,4,0,8422,0.0,45,0.0,0.0,0.0,0.0,0.0,0,0,0,0,0.0,0,0,0,0,0,0,0,0,0,0,0,0,0,0,0,0,0,0,0,0,0,0,0,0,0,0,0,0,0,0,0,0,0,38,14,7,45,65476,0,300,0,0,8,21553,0.0,-107605600.0,0.0,0.0,0.0,0.0,0.0,0.0,0.0,0.0,0.0,0.0,0.0,0.0,0.0,0.0,0.0,0.0,0.0,0.0,0.0,0.0,0.0,0.0,-2.004,2.004,0.0,0.0,0.0,0.0,5013.0,-0.0,0.0,0.0,0.0,0.0,-107615304.0,0.0,0.0,0.0,0.0,53,-0.0,126840537088.0,0.0,0.0,0.0,0.0,0.0,0.0,0.0,0,0,0,0.0,0.0,0.0,0.0,0.0,0.0,0.0,0.0,0.0,0.0,0.0,0.0,0.0,0.0,0.0,0.0,0,-107875648.0,53,0.0,106,-107614832.0,2.7006707062415038e+23,ERR,ERR,ERR,ERR,ERR,ERR,ERR,ERR,ERR,ERR,ERR,ERR,ERR,ERR,ERR,ERR,ERR,ERR,ERR,ERR,ERR,ERR,ERR,ERR,ERR,ERR,ERR,ERR,ERR,ERR,ERR,ERR,ERR,ERR,ERR,ERR,ERR,ERR,ERR,ERR,ERR,ERR,ERR,ERR,ERR,ERR,ERR,ERR,ERR,ERR,ERR,ERR,ERR,ERR,ERR,ERR,ERR,ERR,ERR,ERR,ERR,ERR,ERR,ERR,ERR,ERR,ERR,50.0,60.0,100,0.0,0.0,0.0,0.0,0.0,0.0,0.0,0.0,0.0,0.0,0.0,0.0,0.0,0.0,0.0,0.0,61.6,77,11,65508,50,65476,0,300,0,0,8,20529,65476,0,0,26214,60.0,0.0,0.0,0.0,0.0,0.0
2026-05-17T16:53:20,ERR,ERR,ERR,ERR,ERR,ERR,ERR,ERR,ERR,ERR,ERR,ERR,ERR,ERR,ERR,ERR,ERR,ERR,ERR,ERR,ERR,ERR,ERR,ERR,ERR,ERR,ERR,ERR,ERR,ERR,ERR,ERR,ERR,ERR,ERR,ERR,ERR,ERR,ERR,ERR,ERR,ERR,ERR,ERR,ERR,ERR,ERR,ERR,ERR,ERR,ERR,ERR,ERR,ERR,ERR,ERR,ERR,ERR,ERR,ERR,ERR,ERR,ERR,ERR,ERR,ERR,ERR,ERR,ERR,ERR,ERR,ERR,ERR,ERR,ERR,ERR,ERR,ERR,ERR,ERR,ERR,ERR,ERR,ERR,ERR,ERR,ERR,ERR,ERR,ERR,ERR,ERR,ERR,ERR,ERR,ERR,ERR,ERR,ERR,ERR,ERR,ERR,ERR,ERR,ERR,ERR,ERR,ERR,ERR,ERR,ERR,ERR,ERR,ERR,ERR,ERR,ERR,ERR,ERR,ERR,ERR,ERR,ERR,ERR,ERR,0.0,0.0,-134474944.0,0.0,0.0,1.3936040501711995e+18,7.805,0.0,0,0,4,0,8422,0.0,45,0.0,0.0,0.0,0.0,0.0,0,0,0,0,0.0,0,0,0,0,0,0,0,0,0,0,0,0,0,0,0,0,0,0,0,0,0,0,0,0,0,0,0,0,0,0,0,0,0,38,14,7,45,65476,0,300,0,0,8,21553,0.0,-107605600.0,0.0,0.0,0.0,0.0,0.0,0.0,0.0,0.0,0.0,0.0,0.0,0.0,0.0,0.0,0.0,0.0,0.0,0.0,0.0,0.0,0.0,0.0,-2.004,2.004,0.0,0.0,0.0,0.0,5043.0,131350.453,0.0,0.0,0.0,0.0,-107615304.0,0.0,0.0,0.0,0.0,53,4.950428597886765e+32,126840545280.0,0.0,0.0,0.0,0.0,0.0,0.0,0.0,0,0,0,0.0,0.0,0.0,0.0,0.0,0.0,0.0,0.0,0.0,0.0,0.0,0.0,0.0,0.0,0.0,0.0,0,-107875648.0,53,0.0,106,-107614832.0,2.7006707062415038e+23,ERR,ERR,ERR,ERR,ERR,ERR,ERR,ERR,ERR,ERR,ERR,ERR,ERR,ERR,ERR,ERR,ERR,ERR,ERR,ERR,ERR,ERR,ERR,ERR,ERR,ERR,ERR,ERR,ERR,ERR,ERR,ERR,ERR,ERR,ERR,ERR,ERR,ERR,ERR,ERR,ERR,ERR,ERR,ERR,ERR,ERR,ERR,ERR,ERR,ERR,ERR,ERR,ERR,ERR,ERR,ERR,ERR,ERR,ERR,ERR,ERR,ERR,ERR,ERR,ERR,ERR,ERR,50.0,60.0,100,0.0,0.0,0.0,0.0,0.0,0.0,0.0,0.0,0.0,0.0,0.0,0.0,0.0,0.0,0.0,0.0,61.6,77,11,65508,50,65476,0,300,0,0,8,20529,65476,0,0,26214,60.0,0.0,0.0,0.0,0.0,0.0
2026-05-17T16:53:21,ERR,ERR,ERR,ERR,ERR,ERR,ERR,ERR,ERR,ERR,ERR,ERR,ERR,ERR,ERR,ERR,ERR,ERR,ERR,ERR,ERR,ERR,ERR,ERR,ERR,ERR,ERR,ERR,ERR,ERR,ERR,ERR,ERR,ERR,ERR,ERR,ERR,ERR,ERR,ERR,ERR,ERR,ERR,ERR,ERR,ERR,ERR,ERR,ERR,ERR,ERR,ERR,ERR,ERR,ERR,ERR,ERR,ERR,ERR,ERR,ERR,ERR,ERR,ERR,ERR,ERR,ERR,ERR,ERR,ERR,ERR,ERR,ERR,ERR,ERR,ERR,ERR,ERR,ERR,ERR,ERR,ERR,ERR,ERR,ERR,ERR,ERR,ERR,ERR,ERR,ERR,ERR,ERR,ERR,ERR,ERR,ERR,ERR,ERR,ERR,ERR,ERR,ERR,ERR,ERR,ERR,ERR,ERR,ERR,ERR,ERR,ERR,ERR,ERR,ERR,ERR,ERR,ERR,ERR,ERR,ERR,ERR,ERR,ERR,ERR,0.0,0.0,-134474944.0,0.0,0.0,1.3936040501711995e+18,7.805,0.0,0,0,4,0,8422,0.0,45,0.0,0.0,0.0,0.0,0.0,0,0,0,0,0.0,0,0,0,0,0,0,0,0,0,0,0,0,0,0,0,0,0,0,0,0,0,0,0,0,0,0,0,0,0,0,0,0,0,38,14,7,45,65476,0,300,0,0,8,21553,0.0,-107605600.0,0.0,0.0,0.0,0.0,0.0,0.0,0.0,0.0,0.0,0.0,0.0,0.0,0.0,0.0,0.0,0.0,0.0,0.0,0.0,0.0,0.0,0.0,-2.004,2.004,0.0,0.0,0.0,0.0,5043.0,131350.453,0.0,0.0,0.0,0.0,-107615304.0,0.0,0.0,0.0,0.0,53,4.950428597886765e+32,126840545280.0,0.0,0.0,0.0,0.0,0.0,0.0,0.0,0,0,0,0.0,0.0,0.0,0.0,0.0,0.0,0.0,0.0,0.0,0.0,0.0,0.0,0.0,0.0,0.0,0.0,0,-107875648.0,53,0.0,106,-107614832.0,2.7006707062415038e+23,ERR,ERR,ERR,ERR,ERR,ERR,ERR,ERR,ERR,ERR,ERR,ERR,ERR,ERR,ERR,ERR,ERR,ERR,ERR,ERR,ERR,ERR,ERR,ERR,ERR,ERR,ERR,ERR,ERR,ERR,ERR,ERR,ERR,ERR,ERR,ERR,ERR,ERR,ERR,ERR,ERR,ERR,ERR,ERR,ERR,ERR,ERR,ERR,ERR,ERR,ERR,ERR,ERR,ERR,ERR,ERR,ERR,ERR,ERR,ERR,ERR,ERR,ERR,ERR,ERR,ERR,ERR,50.0,60.0,100,0.0,0.0,0.0,0.0,0.0,0.0,0.0,0.0,0.0,0.0,0.0,0.0,0.0,0.0,0.0,0.0,61.6,77,11,65508,50,65476,0,300,0,0,8,20529,65476,0,0,26214,60.0,0.0,0.0,0.0,0.0,0.0
2026-05-17T16:53:22,ERR,ERR,ERR,ERR,ERR,ERR,ERR,ERR,ERR,ERR,ERR,ERR,ERR,ERR,ERR,ERR,ERR,ERR,ERR,ERR,ERR,ERR,ERR,ERR,ERR,ERR,ERR,ERR,ERR,ERR,ERR,ERR,ERR,ERR,ERR,ERR,ERR,ERR,ERR,ERR,ERR,ERR,ERR,ERR,ERR,ERR,ERR,ERR,ERR,ERR,ERR,ERR,ERR,ERR,ERR,ERR,ERR,ERR,ERR,ERR,ERR,ERR,ERR,ERR,ERR,ERR,ERR,ERR,ERR,ERR,ERR,ERR,ERR,ERR,ERR,ERR,ERR,ERR,ERR,ERR,ERR,ERR,ERR,ERR,ERR,ERR,ERR,ERR,ERR,ERR,ERR,ERR,ERR,ERR,ERR,ERR,ERR,ERR,ERR,ERR,ERR,ERR,ERR,ERR,ERR,ERR,ERR,ERR,ERR,ERR,ERR,ERR,ERR,ERR,ERR,ERR,ERR,ERR,ERR,ERR,ERR,ERR,ERR,ERR,ERR,0.0,0.0,-134474944.0,0.0,0.0,1.3936040501711995e+18,7.805,0.0,0,0,4,0,8422,0.0,45,0.0,0.0,0.0,0.0,0.0,0,0,0,0,0.0,0,0,0,0,0,0,0,0,0,0,0,0,0,0,0,0,0,0,0,0,0,0,0,0,0,0,0,0,0,0,0,0,0,38,14,7,45,65476,0,300,0,0,8,21553,0.0,-107605600.0,0.0,0.0,0.0,0.0,0.0,0.0,0.0,0.0,0.0,0.0,0.0,0.0,0.0,0.0,0.0,0.0,0.0,0.0,0.0,0.0,0.0,0.0,-2.004,2.004,0.0,0.0,0.0,0.0,5043.0,131350.453,0.0,0.0,0.0,0.0,-107615304.0,0.0,0.0,0.0,0.0,53,4.950428597886765e+32,126840545280.0,0.0,0.0,0.0,0.0,0.0,0.0,0.0,0,0,0,0.0,0.0,0.0,0.0,0.0,0.0,0.0,0.0,0.0,0.0,0.0,0.0,0.0,0.0,0.0,0.0,0,-107875648.0,53,0.0,106,-107614832.0,2.7006707062415038e+23,ERR,ERR,ERR,ERR,ERR,ERR,ERR,ERR,ERR,ERR,ERR,ERR,ERR,ERR,ERR,ERR,ERR,ERR,ERR,ERR,ERR,ERR,ERR,ERR,ERR,ERR,ERR,ERR,ERR,ERR,ERR,ERR,ERR,ERR,ERR,ERR,ERR,ERR,ERR,ERR,ERR,ERR,ERR,ERR,ERR,ERR,ERR,ERR,ERR,ERR,ERR,ERR,ERR,ERR,ERR,ERR,ERR,ERR,ERR,ERR,ERR,ERR,ERR,ERR,ERR,ERR,ERR,50.0,60.0,100,0.0,0.0,0.0,0.0,0.0,0.0,0.0,0.0,0.0,0.0,0.0,0.0,0.0,0.0,0.0,0.0,61.6,77,11,65508,50,65476,0,300,0,0,8,20529,65476,0,0,26214,60.0,0.0,0.0,0.0,0.0,0.0
2026-05-17T16:53:23,ERR,ERR,ERR,ERR,ERR,ERR,ERR,ERR,ERR,ERR,ERR,ERR,ERR,ERR,ERR,ERR,ERR,ERR,ERR,ERR,ERR,ERR,ERR,ERR,ERR,ERR,ERR,ERR,ERR,ERR,ERR,ERR,ERR,ERR,ERR,ERR,ERR,ERR,ERR,ERR,ERR,ERR,ERR,ERR,ERR,ERR,ERR,ERR,ERR,ERR,ERR,ERR,ERR,ERR,ERR,ERR,ERR,ERR,ERR,ERR,ERR,ERR,ERR,ERR,ERR,ERR,ERR,ERR,ERR,ERR,ERR,ERR,ERR,ERR,ERR,ERR,ERR,ERR,ERR,ERR,ERR,ERR,ERR,ERR,ERR,ERR,ERR,ERR,ERR,ERR,ERR,ERR,ERR,ERR,ERR,ERR,ERR,ERR,ERR,ERR,ERR,ERR,ERR,ERR,ERR,ERR,ERR,ERR,ERR,ERR,ERR,ERR,ERR,ERR,ERR,ERR,ERR,ERR,ERR,ERR,ERR,ERR,ERR,ERR,ERR,0.0,0.0,-134474944.0,0.0,0.0,1.3936040501711995e+18,7.805,0.0,0,0,4,0,8422,0.0,45,0.0,0.0,0.0,0.0,0.0,0,0,0,0,0.0,0,0,0,0,0,0,0,0,0,0,0,0,0,0,0,0,0,0,0,0,0,0,0,0,0,0,0,0,0,0,0,0,0,38,14,7,45,65476,0,300,0,0,8,21553,0.0,-107605600.0,0.0,0.0,0.0,0.0,0.0,0.0,0.0,0.0,0.0,0.0,0.0,0.0,0.0,0.0,0.0,0.0,0.0,0.0,0.0,0.0,0.0,0.0,-2.004,2.004,0.0,0.0,0.0,0.0,5043.0,131350.453,0.0,0.0,0.0,0.0,-107615304.0,0.0,0.0,0.0,0.0,53,4.950428597886765e+32,126840545280.0,0.0,0.0,0.0,0.0,0.0,0.0,0.0,0,0,0,0.0,0.0,0.0,0.0,0.0,0.0,0.0,0.0,0.0,0.0,0.0,0.0,0.0,0.0,0.0,0.0,0,-107875648.0,53,0.0,106,-107614832.0,2.7006707062415038e+23,ERR,ERR,ERR,ERR,ERR,ERR,ERR,ERR,ERR,ERR,ERR,ERR,ERR,ERR,ERR,ERR,ERR,ERR,ERR,ERR,ERR,ERR,ERR,ERR,ERR,ERR,ERR,ERR,ERR,ERR,ERR,ERR,ERR,ERR,ERR,ERR,ERR,ERR,ERR,ERR,ERR,ERR,ERR,ERR,ERR,ERR,ERR,ERR,ERR,ERR,ERR,ERR,ERR,ERR,ERR,ERR,ERR,ERR,ERR,ERR,ERR,ERR,ERR,ERR,ERR,ERR,ERR,50.0,60.0,100,0.0,0.0,0.0,0.0,0.0,0.0,0.0,0.0,0.0,0.0,0.0,0.0,0.0,0.0,0.0,0.0,62.0,77,11,65508,50,65476,0,300,0,0,8,20529,65476,0,0,26214,60.0,0.0,0.0,0.0,0.0,0.0
2026-05-17T16:53:24,ERR,ERR,ERR,ERR,ERR,ERR,ERR,ERR,ERR,ERR,ERR,ERR,ERR,ERR,ERR,ERR,ERR,ERR,ERR,ERR,ERR,ERR,ERR,ERR,ERR,ERR,ERR,ERR,ERR,ERR,ERR,ERR,ERR,ERR,ERR,ERR,ERR,ERR,ERR,ERR,ERR,ERR,ERR,ERR,ERR,ERR,ERR,ERR,ERR,ERR,ERR,ERR,ERR,ERR,ERR,ERR,ERR,ERR,ERR,ERR,ERR,ERR,ERR,ERR,ERR,ERR,ERR,ERR,ERR,ERR,ERR,ERR,ERR,ERR,ERR,ERR,ERR,ERR,ERR,ERR,ERR,ERR,ERR,ERR,ERR,ERR,ERR,ERR,ERR,ERR,ERR,ERR,ERR,ERR,ERR,ERR,ERR,ERR,ERR,ERR,ERR,ERR,ERR,ERR,ERR,ERR,ERR,ERR,ERR,ERR,ERR,ERR,ERR,ERR,ERR,ERR,ERR,ERR,ERR,ERR,ERR,ERR,ERR,ERR,ERR,0.0,0.0,-134474944.0,0.0,0.0,1.3936040501711995e+18,7.805,0.0,0,0,4,0,8422,0.0,45,0.0,0.0,0.0,0.0,0.0,0,0,0,0,0.0,0,0,0,0,0,0,0,0,0,0,0,0,0,0,0,0,0,0,0,0,0,0,0,0,0,0,0,0,0,0,0,0,0,38,14,7,45,65476,0,300,0,0,8,21553,0.0,-107605600.0,0.0,0.0,0.0,0.0,0.0,0.0,0.0,0.0,0.0,0.0,0.0,0.0,0.0,0.0,0.0,0.0,0.0,0.0,0.0,0.0,0.0,0.0,-2.004,2.004,0.0,0.0,0.0,0.0,5043.0,131350.453,0.0,0.0,0.0,0.0,-107615304.0,0.0,0.0,0.0,0.0,53,4.950428597886765e+32,126840545280.0,0.0,0.0,0.0,0.0,0.0,0.0,0.0,0,0,0,0.0,0.0,0.0,0.0,0.0,0.0,0.0,0.0,0.0,0.0,0.0,0.0,0.0,0.0,0.0,0.0,0,-107875648.0,53,0.0,106,-107614832.0,2.7006707062415038e+23,ERR,ERR,ERR,ERR,ERR,ERR,ERR,ERR,ERR,ERR,ERR,ERR,ERR,ERR,ERR,ERR,ERR,ERR,ERR,ERR,ERR,ERR,ERR,ERR,ERR,ERR,ERR,ERR,ERR,ERR,ERR,ERR,ERR,ERR,ERR,ERR,ERR,ERR,ERR,ERR,ERR,ERR,ERR,ERR,ERR,ERR,ERR,ERR,ERR,ERR,ERR,ERR,ERR,ERR,ERR,ERR,ERR,ERR,ERR,ERR,ERR,ERR,ERR,ERR,ERR,ERR,ERR,50.0,60.0,100,0.0,0.0,0.0,0.0,0.0,0.0,0.0,0.0,0.0,0.0,0.0,0.0,0.0,0.0,0.0,0.0,61.6,77,11,65508,50,65476,0,300,0,0,8,20529,65476,0,0,26214,60.0,0.0,0.0,0.0,0.0,0.0
2026-05-17T16:53:25,ERR,ERR,ERR,ERR,ERR,ERR,ERR,ERR,ERR,ERR,ERR,ERR,ERR,ERR,ERR,ERR,ERR,ERR,ERR,ERR,ERR,ERR,ERR,ERR,ERR,ERR,ERR,ERR,ERR,ERR,ERR,ERR,ERR,ERR,ERR,ERR,ERR,ERR,ERR,ERR,ERR,ERR,ERR,ERR,ERR,ERR,ERR,ERR,ERR,ERR,ERR,ERR,ERR,ERR,ERR,ERR,ERR,ERR,ERR,ERR,ERR,ERR,ERR,ERR,ERR,ERR,ERR,ERR,ERR,ERR,ERR,ERR,ERR,ERR,ERR,ERR,ERR,ERR,ERR,ERR,ERR,ERR,ERR,ERR,ERR,ERR,ERR,ERR,ERR,ERR,ERR,ERR,ERR,ERR,ERR,ERR,ERR,ERR,ERR,ERR,ERR,ERR,ERR,ERR,ERR,ERR,ERR,ERR,ERR,ERR,ERR,ERR,ERR,ERR,ERR,ERR,ERR,ERR,ERR,ERR,ERR,ERR,ERR,ERR,ERR,0.0,0.0,-134474944.0,0.0,0.0,1.3936040501711995e+18,7.805,0.0,0,0,4,0,8422,0.0,45,0.0,0.0,0.0,0.0,0.0,0,0,0,0,0.0,0,0,0,0,0,0,0,0,0,0,0,0,0,0,0,0,0,0,0,0,0,0,0,0,0,0,0,0,0,0,0,0,0,38,14,7,45,65476,0,300,0,0,8,21553,0.0,-107605600.0,0.0,0.0,0.0,0.0,0.0,0.0,0.0,0.0,0.0,0.0,0.0,0.0,0.0,0.0,0.0,0.0,0.0,0.0,0.0,0.0,0.0,0.0,-2.004,2.004,0.0,0.0,0.0,0.0,5011.0,-2.422987904532282e+24,0.0,0.0,0.0,0.0,-107615304.0,0.0,0.0,0.0,0.0,53,4.950428597886765e+32,-152017280434176.0,0.0,0.0,0.0,0.0,0.0,0.0,0.0,0,0,0,0.0,0.0,0.0,0.0,0.0,0.0,0.0,0.0,0.0,0.0,0.0,0.0,0.0,0.0,0.0,0.0,0,-107875648.0,53,0.0,106,-107614832.0,2.7006707062415038e+23,ERR,ERR,ERR,ERR,ERR,ERR,ERR,ERR,ERR,ERR,ERR,ERR,ERR,ERR,ERR,ERR,ERR,ERR,ERR,ERR,ERR,ERR,ERR,ERR,ERR,ERR,ERR,ERR,ERR,ERR,ERR,ERR,ERR,ERR,ERR,ERR,ERR,ERR,ERR,ERR,ERR,ERR,ERR,ERR,ERR,ERR,ERR,ERR,ERR,ERR,ERR,ERR,ERR,ERR,ERR,ERR,ERR,ERR,ERR,ERR,ERR,ERR,ERR,ERR,ERR,ERR,ERR,50.0,60.0,100,0.0,0.0,0.0,0.0,0.0,0.0,0.0,0.0,0.0,0.0,0.0,0.0,0.0,0.0,0.0,0.0,61.6,77,11,65508,50,65476,0,300,0,0,8,20529,65476,0,0,26214,60.0,0.0,0.0,0.0,0.0,0.0
2026-05-17T16:53:26,ERR,ERR,ERR,ERR,ERR,ERR,ERR,ERR,ERR,ERR,ERR,ERR,ERR,ERR,ERR,ERR,ERR,ERR,ERR,ERR,ERR,ERR,ERR,ERR,ERR,ERR,ERR,ERR,ERR,ERR,ERR,ERR,ERR,ERR,ERR,ERR,ERR,ERR,ERR,ERR,ERR,ERR,ERR,ERR,ERR,ERR,ERR,ERR,ERR,ERR,ERR,ERR,ERR,ERR,ERR,ERR,ERR,ERR,ERR,ERR,ERR,ERR,ERR,ERR,ERR,ERR,ERR,ERR,ERR,ERR,ERR,ERR,ERR,ERR,ERR,ERR,ERR,ERR,ERR,ERR,ERR,ERR,ERR,ERR,ERR,ERR,ERR,ERR,ERR,ERR,ERR,ERR,ERR,ERR,ERR,ERR,ERR,ERR,ERR,ERR,ERR,ERR,ERR,ERR,ERR,ERR,ERR,ERR,ERR,ERR,ERR,ERR,ERR,ERR,ERR,ERR,ERR,ERR,ERR,ERR,ERR,ERR,ERR,ERR,ERR,0.0,0.0,-134474944.0,0.0,0.0,1.3936040501711995e+18,7.805,0.0,0,0,4,0,8422,0.0,45,0.0,0.0,0.0,0.0,0.0,0,0,0,0,0.0,0,0,0,0,0,0,0,0,0,0,0,0,0,0,0,0,0,0,0,0,0,0,0,0,0,0,0,0,0,0,0,0,0,38,14,7,45,65476,0,300,0,0,8,21553,0.0,-107605600.0,0.0,0.0,0.0,0.0,0.0,0.0,0.0,0.0,0.0,0.0,0.0,0.0,0.0,0.0,0.0,0.0,0.0,0.0,0.0,0.0,0.0,0.0,-2.004,2.004,0.0,0.0,0.0,0.0,5011.0,-2.422987904532282e+24,0.0,0.0,0.0,0.0,-107615304.0,0.0,0.0,0.0,0.0,53,4.950428597886765e+32,-152017280434176.0,0.0,0.0,0.0,0.0,0.0,0.0,0.0,0,0,0,0.0,0.0,0.0,0.0,0.0,0.0,0.0,0.0,0.0,0.0,0.0,0.0,0.0,0.0,0.0,0.0,0,-107875648.0,53,0.0,106,-107614832.0,2.7006707062415038e+23,ERR,ERR,ERR,ERR,ERR,ERR,ERR,ERR,ERR,ERR,ERR,ERR,ERR,ERR,ERR,ERR,ERR,ERR,ERR,ERR,ERR,ERR,ERR,ERR,ERR,ERR,ERR,ERR,ERR,ERR,ERR,ERR,ERR,ERR,ERR,ERR,ERR,ERR,ERR,ERR,ERR,ERR,ERR,ERR,ERR,ERR,ERR,ERR,ERR,ERR,ERR,ERR,ERR,ERR,ERR,ERR,ERR,ERR,ERR,ERR,ERR,ERR,ERR,ERR,ERR,ERR,ERR,50.0,60.0,100,0.0,0.0,0.0,0.0,0.0,0.0,0.0,0.0,0.0,0.0,0.0,0.0,0.0,0.0,0.0,0.0,61.6,77,11,65508,50,65476,0,300,0,0,8,20529,65476,0,0,26214,60.0,0.0,0.0,0.0,0.0,0.0
2026-05-17T16:53:27,ERR,ERR,ERR,ERR,ERR,ERR,ERR,ERR,ERR,ERR,ERR,ERR,ERR,ERR,ERR,ERR,ERR,ERR,ERR,ERR,ERR,ERR,ERR,ERR,ERR,ERR,ERR,ERR,ERR,ERR,ERR,ERR,ERR,ERR,ERR,ERR,ERR,ERR,ERR,ERR,ERR,ERR,ERR,ERR,ERR,ERR,ERR,ERR,ERR,ERR,ERR,ERR,ERR,ERR,ERR,ERR,ERR,ERR,ERR,ERR,ERR,ERR,ERR,ERR,ERR,ERR,ERR,ERR,ERR,ERR,ERR,ERR,ERR,ERR,ERR,ERR,ERR,ERR,ERR,ERR,ERR,ERR,ERR,ERR,ERR,ERR,ERR,ERR,ERR,ERR,ERR,ERR,ERR,ERR,ERR,ERR,ERR,ERR,ERR,ERR,ERR,ERR,ERR,ERR,ERR,ERR,ERR,ERR,ERR,ERR,ERR,ERR,ERR,ERR,ERR,ERR,ERR,ERR,ERR,ERR,ERR,ERR,ERR,ERR,ERR,0.0,0.0,-134474944.0,0.0,0.0,1.3936040501711995e+18,7.805,0.0,0,0,4,0,8422,0.0,45,0.0,0.0,0.0,0.0,0.0,0,0,0,0,0.0,0,0,0,0,0,0,0,0,0,0,0,0,0,0,0,0,0,0,0,0,0,0,0,0,0,0,0,0,0,0,0,0,0,38,14,7,45,65476,0,300,0,0,8,21553,0.0,-107605600.0,0.0,0.0,0.0,0.0,0.0,0.0,0.0,0.0,0.0,0.0,0.0,0.0,0.0,0.0,0.0,0.0,0.0,0.0,0.0,0.0,0.0,0.0,-2.004,2.004,0.0,0.0,0.0,0.0,5011.0,-2.422987904532282e+24,0.0,0.0,0.0,0.0,-107615304.0,0.0,0.0,0.0,0.0,53,4.950428597886765e+32,-152017280434176.0,0.0,0.0,0.0,0.0,0.0,0.0,0.0,0,0,0,0.0,0.0,0.0,0.0,0.0,0.0,0.0,0.0,0.0,0.0,0.0,0.0,0.0,0.0,0.0,0.0,0,-107875648.0,53,0.0,106,-107614832.0,2.7006707062415038e+23,ERR,ERR,ERR,ERR,ERR,ERR,ERR,ERR,ERR,ERR,ERR,ERR,ERR,ERR,ERR,ERR,ERR,ERR,ERR,ERR,ERR,ERR,ERR,ERR,ERR,ERR,ERR,ERR,ERR,ERR,ERR,ERR,ERR,ERR,ERR,ERR,ERR,ERR,ERR,ERR,ERR,ERR,ERR,ERR,ERR,ERR,ERR,ERR,ERR,ERR,ERR,ERR,ERR,ERR,ERR,ERR,ERR,ERR,ERR,ERR,ERR,ERR,ERR,ERR,ERR,ERR,ERR,50.0,60.0,100,0.0,0.0,0.0,0.0,0.0,0.0,0.0,0.0,0.0,0.0,0.0,0.0,0.0,0.0,0.0,0.0,61.6,77,11,65508,50,65476,0,300,0,0,8,20529,65476,0,0,26214,60.0,0.0,0.0,0.0,0.0,0.0
2026-05-17T16:53:28,ERR,ERR,ERR,ERR,ERR,ERR,ERR,ERR,ERR,ERR,ERR,ERR,ERR,ERR,ERR,ERR,ERR,ERR,ERR,ERR,ERR,ERR,ERR,ERR,ERR,ERR,ERR,ERR,ERR,ERR,ERR,ERR,ERR,ERR,ERR,ERR,ERR,ERR,ERR,ERR,ERR,ERR,ERR,ERR,ERR,ERR,ERR,ERR,ERR,ERR,ERR,ERR,ERR,ERR,ERR,ERR,ERR,ERR,ERR,ERR,ERR,ERR,ERR,ERR,ERR,ERR,ERR,ERR,ERR,ERR,ERR,ERR,ERR,ERR,ERR,ERR,ERR,ERR,ERR,ERR,ERR,ERR,ERR,ERR,ERR,ERR,ERR,ERR,ERR,ERR,ERR,ERR,ERR,ERR,ERR,ERR,ERR,ERR,ERR,ERR,ERR,ERR,ERR,ERR,ERR,ERR,ERR,ERR,ERR,ERR,ERR,ERR,ERR,ERR,ERR,ERR,ERR,ERR,ERR,ERR,ERR,ERR,ERR,ERR,ERR,0.0,0.0,-134474944.0,0.0,0.0,1.3936040501711995e+18,7.805,0.0,0,0,4,0,8422,0.0,45,0.0,0.0,0.0,0.0,0.0,0,0,0,0,0.0,0,0,0,0,0,0,0,0,0,0,0,0,0,0,0,0,0,0,0,0,0,0,0,0,0,0,0,0,0,0,0,0,0,38,14,7,45,65476,0,300,0,0,8,21553,0.0,-107605600.0,0.0,0.0,0.0,0.0,0.0,0.0,0.0,0.0,0.0,0.0,0.0,0.0,0.0,0.0,0.0,0.0,0.0,0.0,0.0,0.0,0.0,0.0,-2.004,2.004,0.0,0.0,0.0,0.0,5011.0,-2.422987904532282e+24,0.0,0.0,0.0,0.0,-107615304.0,0.0,0.0,0.0,0.0,53,4.950428597886765e+32,-152017280434176.0,0.0,0.0,0.0,0.0,0.0,0.0,0.0,0,0,0,0.0,0.0,0.0,0.0,0.0,0.0,0.0,0.0,0.0,0.0,0.0,0.0,0.0,0.0,0.0,0.0,0,-107875648.0,53,0.0,106,-107614832.0,2.7006707062415038e+23,ERR,ERR,ERR,ERR,ERR,ERR,ERR,ERR,ERR,ERR,ERR,ERR,ERR,ERR,ERR,ERR,ERR,ERR,ERR,ERR,ERR,ERR,ERR,ERR,ERR,ERR,ERR,ERR,ERR,ERR,ERR,ERR,ERR,ERR,ERR,ERR,ERR,ERR,ERR,ERR,ERR,ERR,ERR,ERR,ERR,ERR,ERR,ERR,ERR,ERR,ERR,ERR,ERR,ERR,ERR,ERR,ERR,ERR,ERR,ERR,ERR,ERR,ERR,ERR,ERR,ERR,ERR,50.0,60.0,100,0.0,0.0,0.0,0.0,0.0,0.0,0.0,0.0,0.0,0.0,0.0,0.0,0.0,0.0,0.0,0.0,62.0,77,11,65508,50,65476,0,300,0,0,8,20529,65476,0,0,26214,60.0,0.0,0.0,0.0,0.0,0.0
2026-05-17T16:53:29,ERR,ERR,ERR,ERR,ERR,ERR,ERR,ERR,ERR,ERR,ERR,ERR,ERR,ERR,ERR,ERR,ERR,ERR,ERR,ERR,ERR,ERR,ERR,ERR,ERR,ERR,ERR,ERR,ERR,ERR,ERR,ERR,ERR,ERR,ERR,ERR,ERR,ERR,ERR,ERR,ERR,ERR,ERR,ERR,ERR,ERR,ERR,ERR,ERR,ERR,ERR,ERR,ERR,ERR,ERR,ERR,ERR,ERR,ERR,ERR,ERR,ERR,ERR,ERR,ERR,ERR,ERR,ERR,ERR,ERR,ERR,ERR,ERR,ERR,ERR,ERR,ERR,ERR,ERR,ERR,ERR,ERR,ERR,ERR,ERR,ERR,ERR,ERR,ERR,ERR,ERR,ERR,ERR,ERR,ERR,ERR,ERR,ERR,ERR,ERR,ERR,ERR,ERR,ERR,ERR,ERR,ERR,ERR,ERR,ERR,ERR,ERR,ERR,ERR,ERR,ERR,ERR,ERR,ERR,ERR,ERR,ERR,ERR,ERR,ERR,0.0,0.0,-134474944.0,0.0,0.0,1.3936040501711995e+18,7.805,0.0,0,0,4,0,8422,0.0,45,0.0,0.0,0.0,0.0,0.0,0,0,0,0,0.0,0,0,0,0,0,0,0,0,0,0,0,0,0,0,0,0,0,0,0,0,0,0,0,0,0,0,0,0,0,0,0,0,0,38,14,7,45,65476,0,300,0,0,8,21553,0.0,-107605600.0,0.0,0.0,0.0,0.0,0.0,0.0,0.0,0.0,0.0,0.0,0.0,0.0,0.0,0.0,0.0,0.0,0.0,0.0,0.0,0.0,0.0,0.0,-2.004,2.004,0.0,0.0,0.0,0.0,5011.0,-2.422987904532282e+24,0.0,0.0,0.0,0.0,-107615304.0,0.0,0.0,0.0,0.0,53,4.950428597886765e+32,-152017280434176.0,0.0,0.0,0.0,0.0,0.0,0.0,0.0,0,0,0,0.0,0.0,0.0,0.0,0.0,0.0,0.0,0.0,0.0,0.0,0.0,0.0,0.0,0.0,0.0,0.0,0,-107875648.0,53,0.0,106,-107614832.0,2.7006707062415038e+23,ERR,ERR,ERR,ERR,ERR,ERR,ERR,ERR,ERR,ERR,ERR,ERR,ERR,ERR,ERR,ERR,ERR,ERR,ERR,ERR,ERR,ERR,ERR,ERR,ERR,ERR,ERR,ERR,ERR,ERR,ERR,ERR,ERR,ERR,ERR,ERR,ERR,ERR,ERR,ERR,ERR,ERR,ERR,ERR,ERR,ERR,ERR,ERR,ERR,ERR,ERR,ERR,ERR,ERR,ERR,ERR,ERR,ERR,ERR,ERR,ERR,ERR,ERR,ERR,ERR,ERR,ERR,50.0,60.0,100,0.0,0.0,0.0,0.0,0.0,0.0,0.0,0.0,0.0,0.0,0.0,0.0,0.0,0.0,0.0,0.0,62.0,77,11,65508,50,65476,0,300,0,0,8,20529,65476,0,0,26214,60.0,0.0,0.0,0.0,0.0,0.0
2026-05-17T16:53:30,ERR,ERR,ERR,ERR,ERR,ERR,ERR,ERR,ERR,ERR,ERR,ERR,ERR,ERR,ERR,ERR,ERR,ERR,ERR,ERR,ERR,ERR,ERR,ERR,ERR,ERR,ERR,ERR,ERR,ERR,ERR,ERR,ERR,ERR,ERR,ERR,ERR,ERR,ERR,ERR,ERR,ERR,ERR,ERR,ERR,ERR,ERR,ERR,ERR,ERR,ERR,ERR,ERR,ERR,ERR,ERR,ERR,ERR,ERR,ERR,ERR,ERR,ERR,ERR,ERR,ERR,ERR,ERR,ERR,ERR,ERR,ERR,ERR,ERR,ERR,ERR,ERR,ERR,ERR,ERR,ERR,ERR,ERR,ERR,ERR,ERR,ERR,ERR,ERR,ERR,ERR,ERR,ERR,ERR,ERR,ERR,ERR,ERR,ERR,ERR,ERR,ERR,ERR,ERR,ERR,ERR,ERR,ERR,ERR,ERR,ERR,ERR,ERR,ERR,ERR,ERR,ERR,ERR,ERR,ERR,ERR,ERR,ERR,ERR,ERR,0.0,0.0,-134474944.0,0.0,0.0,1.3936040501711995e+18,7.805,0.0,0,0,4,0,8422,0.0,45,0.0,0.0,0.0,0.0,0.0,0,0,0,0,0.0,0,0,0,0,0,0,0,0,0,0,0,0,0,0,0,0,0,0,0,0,0,0,0,0,0,0,0,0,0,0,0,0,0,38,14,7,45,65476,0,300,0,0,8,21553,0.0,-107605600.0,0.0,0.0,0.0,0.0,0.0,0.0,0.0,0.0,0.0,0.0,0.0,0.0,0.0,0.0,0.0,0.0,0.0,0.0,0.0,0.0,0.0,0.0,-2.004,2.004,0.0,0.0,0.0,0.0,5016.0,-0.0,0.0,0.0,0.0,0.0,-107615304.0,0.0,0.0,0.0,0.0,53,-0.0,126840537088.0,0.0,0.0,0.0,0.0,0.0,0.0,0.0,0,0,0,0.0,0.0,0.0,0.0,0.0,0.0,0.0,0.0,0.0,0.0,0.0,0.0,0.0,0.0,0.0,0.0,0,-107875648.0,53,0.0,106,-107614832.0,2.7006707062415038e+23,ERR,ERR,ERR,ERR,ERR,ERR,ERR,ERR,ERR,ERR,ERR,ERR,ERR,ERR,ERR,ERR,ERR,ERR,ERR,ERR,ERR,ERR,ERR,ERR,ERR,ERR,ERR,ERR,ERR,ERR,ERR,ERR,ERR,ERR,ERR,ERR,ERR,ERR,ERR,ERR,ERR,ERR,ERR,ERR,ERR,ERR,ERR,ERR,ERR,ERR,ERR,ERR,ERR,ERR,ERR,ERR,ERR,ERR,ERR,ERR,ERR,ERR,ERR,ERR,ERR,ERR,ERR,50.0,60.0,100,0.0,0.0,0.0,0.0,0.0,0.0,0.0,0.0,0.0,0.0,0.0,0.0,0.0,0.0,0.0,0.0,61.6,77,11,65508,50,65476,0,300,0,0,8,20529,65476,0,0,26214,60.0,0.0,0.0,0.0,0.0,0.0
2026-05-17T16:53:31,ERR,ERR,ERR,ERR,ERR,ERR,ERR,ERR,ERR,ERR,ERR,ERR,ERR,ERR,ERR,ERR,ERR,ERR,ERR,ERR,ERR,ERR,ERR,ERR,ERR,ERR,ERR,ERR,ERR,ERR,ERR,ERR,ERR,ERR,ERR,ERR,ERR,ERR,ERR,ERR,ERR,ERR,ERR,ERR,ERR,ERR,ERR,ERR,ERR,ERR,ERR,ERR,ERR,ERR,ERR,ERR,ERR,ERR,ERR,ERR,ERR,ERR,ERR,ERR,ERR,ERR,ERR,ERR,ERR,ERR,ERR,ERR,ERR,ERR,ERR,ERR,ERR,ERR,ERR,ERR,ERR,ERR,ERR,ERR,ERR,ERR,ERR,ERR,ERR,ERR,ERR,ERR,ERR,ERR,ERR,ERR,ERR,ERR,ERR,ERR,ERR,ERR,ERR,ERR,ERR,ERR,ERR,ERR,ERR,ERR,ERR,ERR,ERR,ERR,ERR,ERR,ERR,ERR,ERR,ERR,ERR,ERR,ERR,ERR,ERR,0.0,0.0,-134474944.0,0.0,0.0,1.3936040501711995e+18,7.805,0.0,0,0,4,0,8422,0.0,45,0.0,0.0,0.0,0.0,0.0,0,0,0,0,0.0,0,0,0,0,0,0,0,0,0,0,0,0,0,0,0,0,0,0,0,0,0,0,0,0,0,0,0,0,0,0,0,0,0,38,14,7,45,65476,0,300,0,0,8,21553,0.0,-107605600.0,0.0,0.0,0.0,0.0,0.0,0.0,0.0,0.0,0.0,0.0,0.0,0.0,0.0,0.0,0.0,0.0,0.0,0.0,0.0,0.0,0.0,0.0,-2.004,2.004,0.0,0.0,0.0,0.0,5016.0,-0.0,0.0,0.0,0.0,0.0,-107615304.0,0.0,0.0,0.0,0.0,53,-0.0,126840537088.0,0.0,0.0,0.0,0.0,0.0,0.0,0.0,0,0,0,0.0,0.0,0.0,0.0,0.0,0.0,0.0,0.0,0.0,0.0,0.0,0.0,0.0,0.0,0.0,0.0,0,-107875648.0,53,0.0,106,-107614832.0,2.7006707062415038e+23,ERR,ERR,ERR,ERR,ERR,ERR,ERR,ERR,ERR,ERR,ERR,ERR,ERR,ERR,ERR,ERR,ERR,ERR,ERR,ERR,ERR,ERR,ERR,ERR,ERR,ERR,ERR,ERR,ERR,ERR,ERR,ERR,ERR,ERR,ERR,ERR,ERR,ERR,ERR,ERR,ERR,ERR,ERR,ERR,ERR,ERR,ERR,ERR,ERR,ERR,ERR,ERR,ERR,ERR,ERR,ERR,ERR,ERR,ERR,ERR,ERR,ERR,ERR,ERR,ERR,ERR,ERR,50.0,60.0,100,0.0,0.0,0.0,0.0,0.0,0.0,0.0,0.0,0.0,0.0,0.0,0.0,0.0,0.0,0.0,0.0,61.6,77,11,65508,50,65476,0,300,0,0,8,20529,65476,0,0,26214,60.0,0.0,0.0,0.0,0.0,0.0
2026-05-17T16:53:32,ERR,ERR,ERR,ERR,ERR,ERR,ERR,ERR,ERR,ERR,ERR,ERR,ERR,ERR,ERR,ERR,ERR,ERR,ERR,ERR,ERR,ERR,ERR,ERR,ERR,ERR,ERR,ERR,ERR,ERR,ERR,ERR,ERR,ERR,ERR,ERR,ERR,ERR,ERR,ERR,ERR,ERR,ERR,ERR,ERR,ERR,ERR,ERR,ERR,ERR,ERR,ERR,ERR,ERR,ERR,ERR,ERR,ERR,ERR,ERR,ERR,ERR,ERR,ERR,ERR,ERR,ERR,ERR,ERR,ERR,ERR,ERR,ERR,ERR,ERR,ERR,ERR,ERR,ERR,ERR,ERR,ERR,ERR,ERR,ERR,ERR,ERR,ERR,ERR,ERR,ERR,ERR,ERR,ERR,ERR,ERR,ERR,ERR,ERR,ERR,ERR,ERR,ERR,ERR,ERR,ERR,ERR,ERR,ERR,ERR,ERR,ERR,ERR,ERR,ERR,ERR,ERR,ERR,ERR,ERR,ERR,ERR,ERR,ERR,ERR,0.0,0.0,-134474944.0,0.0,0.0,1.3936040501711995e+18,7.805,0.0,0,0,4,0,8422,0.0,45,0.0,0.0,0.0,0.0,0.0,0,0,0,0,0.0,0,0,0,0,0,0,0,0,0,0,0,0,0,0,0,0,0,0,0,0,0,0,0,0,0,0,0,0,0,0,0,0,0,38,14,7,45,65476,0,300,0,0,8,21553,0.0,-107605600.0,0.0,0.0,0.0,0.0,0.0,0.0,0.0,0.0,0.0,0.0,0.0,0.0,0.0,0.0,0.0,0.0,0.0,0.0,0.0,0.0,0.0,0.0,-2.004,2.004,0.0,0.0,0.0,0.0,5016.0,-0.0,0.0,0.0,0.0,0.0,-107615304.0,0.0,0.0,0.0,0.0,53,-0.0,126840537088.0,0.0,0.0,0.0,0.0,0.0,0.0,0.0,0,0,0,0.0,0.0,0.0,0.0,0.0,0.0,0.0,0.0,0.0,0.0,0.0,0.0,0.0,0.0,0.0,0.0,0,-107875648.0,53,0.0,106,-107614832.0,2.7006707062415038e+23,ERR,ERR,ERR,ERR,ERR,ERR,ERR,ERR,ERR,ERR,ERR,ERR,ERR,ERR,ERR,ERR,ERR,ERR,ERR,ERR,ERR,ERR,ERR,ERR,ERR,ERR,ERR,ERR,ERR,ERR,ERR,ERR,ERR,ERR,ERR,ERR,ERR,ERR,ERR,ERR,ERR,ERR,ERR,ERR,ERR,ERR,ERR,ERR,ERR,ERR,ERR,ERR,ERR,ERR,ERR,ERR,ERR,ERR,ERR,ERR,ERR,ERR,ERR,ERR,ERR,ERR,ERR,50.0,60.0,100,0.0,0.0,0.0,0.0,0.0,0.0,0.0,0.0,0.0,0.0,0.0,0.0,0.0,0.0,0.0,0.0,61.6,77,11,65508,50,65476,0,300,0,0,8,20529,65476,0,0,26214,60.0,0.0,0.0,0.0,0.0,0.0
2026-05-17T16:53:33,ERR,ERR,ERR,ERR,ERR,ERR,ERR,ERR,ERR,ERR,ERR,ERR,ERR,ERR,ERR,ERR,ERR,ERR,ERR,ERR,ERR,ERR,ERR,ERR,ERR,ERR,ERR,ERR,ERR,ERR,ERR,ERR,ERR,ERR,ERR,ERR,ERR,ERR,ERR,ERR,ERR,ERR,ERR,ERR,ERR,ERR,ERR,ERR,ERR,ERR,ERR,ERR,ERR,ERR,ERR,ERR,ERR,ERR,ERR,ERR,ERR,ERR,ERR,ERR,ERR,ERR,ERR,ERR,ERR,ERR,ERR,ERR,ERR,ERR,ERR,ERR,ERR,ERR,ERR,ERR,ERR,ERR,ERR,ERR,ERR,ERR,ERR,ERR,ERR,ERR,ERR,ERR,ERR,ERR,ERR,ERR,ERR,ERR,ERR,ERR,ERR,ERR,ERR,ERR,ERR,ERR,ERR,ERR,ERR,ERR,ERR,ERR,ERR,ERR,ERR,ERR,ERR,ERR,ERR,ERR,ERR,ERR,ERR,ERR,ERR,0.0,0.0,-134474944.0,0.0,0.0,1.3936040501711995e+18,7.805,0.0,0,0,4,0,8422,0.0,45,0.0,0.0,0.0,0.0,0.0,0,0,0,0,0.0,0,0,0,0,0,0,0,0,0,0,0,0,0,0,0,0,0,0,0,0,0,0,0,0,0,0,0,0,0,0,0,0,0,38,14,7,45,65476,0,300,0,0,8,21553,0.0,-107605600.0,0.0,0.0,0.0,0.0,0.0,0.0,0.0,0.0,0.0,0.0,0.0,0.0,0.0,0.0,0.0,0.0,0.0,0.0,0.0,0.0,0.0,0.0,-2.004,2.004,0.0,0.0,0.0,0.0,5016.0,-0.0,0.0,0.0,0.0,0.0,-107615304.0,0.0,0.0,0.0,0.0,53,-0.0,126840537088.0,0.0,0.0,0.0,0.0,0.0,0.0,0.0,0,0,0,0.0,0.0,0.0,0.0,0.0,0.0,0.0,0.0,0.0,0.0,0.0,0.0,0.0,0.0,0.0,0.0,0,-107875648.0,53,0.0,106,-107614832.0,2.7006707062415038e+23,ERR,ERR,ERR,ERR,ERR,ERR,ERR,ERR,ERR,ERR,ERR,ERR,ERR,ERR,ERR,ERR,ERR,ERR,ERR,ERR,ERR,ERR,ERR,ERR,ERR,ERR,ERR,ERR,ERR,ERR,ERR,ERR,ERR,ERR,ERR,ERR,ERR,ERR,ERR,ERR,ERR,ERR,ERR,ERR,ERR,ERR,ERR,ERR,ERR,ERR,ERR,ERR,ERR,ERR,ERR,ERR,ERR,ERR,ERR,ERR,ERR,ERR,ERR,ERR,ERR,ERR,ERR,50.0,60.0,100,0.0,0.0,0.0,0.0,0.0,0.0,0.0,0.0,0.0,0.0,0.0,0.0,0.0,0.0,0.0,0.0,61.6,77,11,65508,50,65476,0,300,0,0,8,20529,65476,0,0,26214,60.0,0.0,0.0,0.0,0.0,0.0
2026-05-17T16:53:34,ERR,ERR,ERR,ERR,ERR,ERR,ERR,ERR,ERR,ERR,ERR,ERR,ERR,ERR,ERR,ERR,ERR,ERR,ERR,ERR,ERR,ERR,ERR,ERR,ERR,ERR,ERR,ERR,ERR,ERR,ERR,ERR,ERR,ERR,ERR,ERR,ERR,ERR,ERR,ERR,ERR,ERR,ERR,ERR,ERR,ERR,ERR,ERR,ERR,ERR,ERR,ERR,ERR,ERR,ERR,ERR,ERR,ERR,ERR,ERR,ERR,ERR,ERR,ERR,ERR,ERR,ERR,ERR,ERR,ERR,ERR,ERR,ERR,ERR,ERR,ERR,ERR,ERR,ERR,ERR,ERR,ERR,ERR,ERR,ERR,ERR,ERR,ERR,ERR,ERR,ERR,ERR,ERR,ERR,ERR,ERR,ERR,ERR,ERR,ERR,ERR,ERR,ERR,ERR,ERR,ERR,ERR,ERR,ERR,ERR,ERR,ERR,ERR,ERR,ERR,ERR,ERR,ERR,ERR,ERR,ERR,ERR,ERR,ERR,ERR,0.0,0.0,-134474944.0,0.0,0.0,1.3936040501711995e+18,7.805,0.0,0,0,4,0,8422,0.0,45,0.0,0.0,0.0,0.0,0.0,0,0,0,0,0.0,0,0,0,0,0,0,0,0,0,0,0,0,0,0,0,0,0,0,0,0,0,0,0,0,0,0,0,0,0,0,0,0,0,38,14,7,45,65476,0,300,0,0,8,21553,0.0,-107605600.0,0.0,0.0,0.0,0.0,0.0,0.0,0.0,0.0,0.0,0.0,0.0,0.0,0.0,0.0,0.0,0.0,0.0,0.0,0.0,0.0,0.0,0.0,-2.004,2.004,0.0,0.0,0.0,0.0,5016.0,-0.0,0.0,0.0,0.0,0.0,-107615304.0,0.0,0.0,0.0,0.0,53,-0.0,126840537088.0,0.0,0.0,0.0,0.0,0.0,0.0,0.0,0,0,0,0.0,0.0,0.0,0.0,0.0,0.0,0.0,0.0,0.0,0.0,0.0,0.0,0.0,0.0,0.0,0.0,0,-107875648.0,53,0.0,106,-107614832.0,2.7006707062415038e+23,ERR,ERR,ERR,ERR,ERR,ERR,ERR,ERR,ERR,ERR,ERR,ERR,ERR,ERR,ERR,ERR,ERR,ERR,ERR,ERR,ERR,ERR,ERR,ERR,ERR,ERR,ERR,ERR,ERR,ERR,ERR,ERR,ERR,ERR,ERR,ERR,ERR,ERR,ERR,ERR,ERR,ERR,ERR,ERR,ERR,ERR,ERR,ERR,ERR,ERR,ERR,ERR,ERR,ERR,ERR,ERR,ERR,ERR,ERR,ERR,ERR,ERR,ERR,ERR,ERR,ERR,ERR,50.0,60.0,100,0.0,0.0,0.0,0.0,0.0,0.0,0.0,0.0,0.0,0.0,0.0,0.0,0.0,0.0,0.0,0.0,61.6,77,11,65508,50,65476,0,300,0,0,8,20529,65476,0,0,26214,60.0,0.0,0.0,0.0,0.0,0.0
2026-05-17T16:53:35,ERR,ERR,ERR,ERR,ERR,ERR,ERR,ERR,ERR,ERR,ERR,ERR,ERR,ERR,ERR,ERR,ERR,ERR,ERR,ERR,ERR,ERR,ERR,ERR,ERR,ERR,ERR,ERR,ERR,ERR,ERR,ERR,ERR,ERR,ERR,ERR,ERR,ERR,ERR,ERR,ERR,ERR,ERR,ERR,ERR,ERR,ERR,ERR,ERR,ERR,ERR,ERR,ERR,ERR,ERR,ERR,ERR,ERR,ERR,ERR,ERR,ERR,ERR,ERR,ERR,ERR,ERR,ERR,ERR,ERR,ERR,ERR,ERR,ERR,ERR,ERR,ERR,ERR,ERR,ERR,ERR,ERR,ERR,ERR,ERR,ERR,ERR,ERR,ERR,ERR,ERR,ERR,ERR,ERR,ERR,ERR,ERR,ERR,ERR,ERR,ERR,ERR,ERR,ERR,ERR,ERR,ERR,ERR,ERR,ERR,ERR,ERR,ERR,ERR,ERR,ERR,ERR,ERR,ERR,ERR,ERR,ERR,ERR,ERR,ERR,0.0,0.0,-134474944.0,0.0,0.0,1.3936040501711995e+18,7.805,0.0,0,0,4,0,8422,0.0,45,0.0,0.0,0.0,0.0,0.0,0,0,0,0,0.0,0,0,0,0,0,0,0,0,0,0,0,0,0,0,0,0,0,0,0,0,0,0,0,0,0,0,0,0,0,0,0,0,0,38,14,7,45,65476,0,300,0,0,8,21553,0.0,-107605600.0,0.0,0.0,0.0,0.0,0.0,0.0,0.0,0.0,0.0,0.0,0.0,0.0,0.0,0.0,0.0,0.0,0.0,0.0,0.0,0.0,0.0,0.0,-2.004,2.004,0.0,0.0,0.0,0.0,4976.0,-8608181248.0,0.0,0.0,0.0,0.0,-107615304.0,0.0,0.0,0.0,0.0,53,2.7184300208680915e+23,4.066853280225235e+29,0.0,0.0,0.0,0.0,0.0,0.0,0.0,0,0,0,0.0,0.0,0.0,0.0,0.0,0.0,0.0,0.0,0.0,0.0,0.0,0.0,0.0,0.0,0.0,0.0,0,-107875648.0,53,0.0,106,-107614832.0,2.7006707062415038e+23,ERR,ERR,ERR,ERR,ERR,ERR,ERR,ERR,ERR,ERR,ERR,ERR,ERR,ERR,ERR,ERR,ERR,ERR,ERR,ERR,ERR,ERR,ERR,ERR,ERR,ERR,ERR,ERR,ERR,ERR,ERR,ERR,ERR,ERR,ERR,ERR,ERR,ERR,ERR,ERR,ERR,ERR,ERR,ERR,ERR,ERR,ERR,ERR,ERR,ERR,ERR,ERR,ERR,ERR,ERR,ERR,ERR,ERR,ERR,ERR,ERR,ERR,ERR,ERR,ERR,ERR,ERR,50.0,60.0,100,0.0,0.0,0.0,0.0,0.0,0.0,0.0,0.0,0.0,0.0,0.0,0.0,0.0,0.0,0.0,0.0,61.6,77,11,65508,50,65476,0,300,0,0,8,20529,65476,0,0,26214,60.0,0.0,0.0,0.0,0.0,0.0
2026-05-17T16:53:36,ERR,ERR,ERR,ERR,ERR,ERR,ERR,ERR,ERR,ERR,ERR,ERR,ERR,ERR,ERR,ERR,ERR,ERR,ERR,ERR,ERR,ERR,ERR,ERR,ERR,ERR,ERR,ERR,ERR,ERR,ERR,ERR,ERR,ERR,ERR,ERR,ERR,ERR,ERR,ERR,ERR,ERR,ERR,ERR,ERR,ERR,ERR,ERR,ERR,ERR,ERR,ERR,ERR,ERR,ERR,ERR,ERR,ERR,ERR,ERR,ERR,ERR,ERR,ERR,ERR,ERR,ERR,ERR,ERR,ERR,ERR,ERR,ERR,ERR,ERR,ERR,ERR,ERR,ERR,ERR,ERR,ERR,ERR,ERR,ERR,ERR,ERR,ERR,ERR,ERR,ERR,ERR,ERR,ERR,ERR,ERR,ERR,ERR,ERR,ERR,ERR,ERR,ERR,ERR,ERR,ERR,ERR,ERR,ERR,ERR,ERR,ERR,ERR,ERR,ERR,ERR,ERR,ERR,ERR,ERR,ERR,ERR,ERR,ERR,ERR,0.0,0.0,-134474944.0,0.0,0.0,1.3936040501711995e+18,7.805,0.0,0,0,4,0,8422,0.0,45,0.0,0.0,0.0,0.0,0.0,0,0,0,0,0.0,0,0,0,0,0,0,0,0,0,0,0,0,0,0,0,0,0,0,0,0,0,0,0,0,0,0,0,0,0,0,0,0,0,38,14,7,45,65476,0,300,0,0,8,21553,0.0,-107605600.0,0.0,0.0,0.0,0.0,0.0,0.0,0.0,0.0,0.0,0.0,0.0,0.0,0.0,0.0,0.0,0.0,0.0,0.0,0.0,0.0,0.0,0.0,-2.004,2.004,0.0,0.0,0.0,0.0,4976.0,-8608181248.0,0.0,0.0,0.0,0.0,-107615304.0,0.0,0.0,0.0,0.0,53,2.7184300208680915e+23,4.066853280225235e+29,0.0,0.0,0.0,0.0,0.0,0.0,0.0,0,0,0,0.0,0.0,0.0,0.0,0.0,0.0,0.0,0.0,0.0,0.0,0.0,0.0,0.0,0.0,0.0,0.0,0,-107875648.0,53,0.0,106,-107614832.0,2.7006707062415038e+23,ERR,ERR,ERR,ERR,ERR,ERR,ERR,ERR,ERR,ERR,ERR,ERR,ERR,ERR,ERR,ERR,ERR,ERR,ERR,ERR,ERR,ERR,ERR,ERR,ERR,ERR,ERR,ERR,ERR,ERR,ERR,ERR,ERR,ERR,ERR,ERR,ERR,ERR,ERR,ERR,ERR,ERR,ERR,ERR,ERR,ERR,ERR,ERR,ERR,ERR,ERR,ERR,ERR,ERR,ERR,ERR,ERR,ERR,ERR,ERR,ERR,ERR,ERR,ERR,ERR,ERR,ERR,50.0,60.0,100,0.0,0.0,0.0,0.0,0.0,0.0,0.0,0.0,0.0,0.0,0.0,0.0,0.0,0.0,0.0,0.0,61.6,77,11,65508,50,65476,0,300,0,0,8,20529,65476,0,0,26214,60.0,0.0,0.0,0.0,0.0,0.0
2026-05-17T16:53:37,ERR,ERR,ERR,ERR,ERR,ERR,ERR,ERR,ERR,ERR,ERR,ERR,ERR,ERR,ERR,ERR,ERR,ERR,ERR,ERR,ERR,ERR,ERR,ERR,ERR,ERR,ERR,ERR,ERR,ERR,ERR,ERR,ERR,ERR,ERR,ERR,ERR,ERR,ERR,ERR,ERR,ERR,ERR,ERR,ERR,ERR,ERR,ERR,ERR,ERR,ERR,ERR,ERR,ERR,ERR,ERR,ERR,ERR,ERR,ERR,ERR,ERR,ERR,ERR,ERR,ERR,ERR,ERR,ERR,ERR,ERR,ERR,ERR,ERR,ERR,ERR,ERR,ERR,ERR,ERR,ERR,ERR,ERR,ERR,ERR,ERR,ERR,ERR,ERR,ERR,ERR,ERR,ERR,ERR,ERR,ERR,ERR,ERR,ERR,ERR,ERR,ERR,ERR,ERR,ERR,ERR,ERR,ERR,ERR,ERR,ERR,ERR,ERR,ERR,ERR,ERR,ERR,ERR,ERR,ERR,ERR,ERR,ERR,ERR,ERR,0.0,0.0,-134474944.0,0.0,0.0,1.3936040501711995e+18,7.805,0.0,0,0,4,0,8422,0.0,45,0.0,0.0,0.0,0.0,0.0,0,0,0,0,0.0,0,0,0,0,0,0,0,0,0,0,0,0,0,0,0,0,0,0,0,0,0,0,0,0,0,0,0,0,0,0,0,0,0,38,14,7,45,65476,0,300,0,0,8,21553,0.0,-107605600.0,0.0,0.0,0.0,0.0,0.0,0.0,0.0,0.0,0.0,0.0,0.0,0.0,0.0,0.0,0.0,0.0,0.0,0.0,0.0,0.0,0.0,0.0,-2.004,2.004,0.0,0.0,0.0,0.0,4976.0,-8608181248.0,0.0,0.0,0.0,0.0,-107615304.0,0.0,0.0,0.0,0.0,53,2.7184300208680915e+23,4.066853280225235e+29,0.0,0.0,0.0,0.0,0.0,0.0,0.0,0,0,0,0.0,0.0,0.0,0.0,0.0,0.0,0.0,0.0,0.0,0.0,0.0,0.0,0.0,0.0,0.0,0.0,0,-107875648.0,53,0.0,106,-107614832.0,2.7006707062415038e+23,ERR,ERR,ERR,ERR,ERR,ERR,ERR,ERR,ERR,ERR,ERR,ERR,ERR,ERR,ERR,ERR,ERR,ERR,ERR,ERR,ERR,ERR,ERR,ERR,ERR,ERR,ERR,ERR,ERR,ERR,ERR,ERR,ERR,ERR,ERR,ERR,ERR,ERR,ERR,ERR,ERR,ERR,ERR,ERR,ERR,ERR,ERR,ERR,ERR,ERR,ERR,ERR,ERR,ERR,ERR,ERR,ERR,ERR,ERR,ERR,ERR,ERR,ERR,ERR,ERR,ERR,ERR,50.0,60.0,100,0.0,0.0,0.0,0.0,0.0,0.0,0.0,0.0,0.0,0.0,0.0,0.0,0.0,0.0,0.0,0.0,61.6,77,11,65508,50,65476,0,300,0,0,8,20529,65476,0,0,26214,60.0,0.0,0.0,0.0,0.0,0.0
2026-05-17T16:53:38,ERR,ERR,ERR,ERR,ERR,ERR,ERR,ERR,ERR,ERR,ERR,ERR,ERR,ERR,ERR,ERR,ERR,ERR,ERR,ERR,ERR,ERR,ERR,ERR,ERR,ERR,ERR,ERR,ERR,ERR,ERR,ERR,ERR,ERR,ERR,ERR,ERR,ERR,ERR,ERR,ERR,ERR,ERR,ERR,ERR,ERR,ERR,ERR,ERR,ERR,ERR,ERR,ERR,ERR,ERR,ERR,ERR,ERR,ERR,ERR,ERR,ERR,ERR,ERR,ERR,ERR,ERR,ERR,ERR,ERR,ERR,ERR,ERR,ERR,ERR,ERR,ERR,ERR,ERR,ERR,ERR,ERR,ERR,ERR,ERR,ERR,ERR,ERR,ERR,ERR,ERR,ERR,ERR,ERR,ERR,ERR,ERR,ERR,ERR,ERR,ERR,ERR,ERR,ERR,ERR,ERR,ERR,ERR,ERR,ERR,ERR,ERR,ERR,ERR,ERR,ERR,ERR,ERR,ERR,ERR,ERR,ERR,ERR,ERR,ERR,0.0,0.0,-134474944.0,0.0,0.0,1.3936040501711995e+18,7.805,0.0,0,0,4,0,8422,0.0,45,0.0,0.0,0.0,0.0,0.0,0,0,0,0,0.0,0,0,0,0,0,0,0,0,0,0,0,0,0,0,0,0,0,0,0,0,0,0,0,0,0,0,0,0,0,0,0,0,0,38,14,7,45,65476,0,300,0,0,8,21553,0.0,-107605600.0,0.0,0.0,0.0,0.0,0.0,0.0,0.0,0.0,0.0,0.0,0.0,0.0,0.0,0.0,0.0,0.0,0.0,0.0,0.0,0.0,0.0,0.0,-2.004,2.004,0.0,0.0,0.0,0.0,4976.0,-8608181248.0,0.0,0.0,0.0,0.0,-107615304.0,0.0,0.0,0.0,0.0,53,2.7184300208680915e+23,4.066853280225235e+29,0.0,0.0,0.0,0.0,0.0,0.0,0.0,0,0,0,0.0,0.0,0.0,0.0,0.0,0.0,0.0,0.0,0.0,0.0,0.0,0.0,0.0,0.0,0.0,0.0,0,-107875648.0,53,0.0,106,-107614832.0,2.7006707062415038e+23,ERR,ERR,ERR,ERR,ERR,ERR,ERR,ERR,ERR,ERR,ERR,ERR,ERR,ERR,ERR,ERR,ERR,ERR,ERR,ERR,ERR,ERR,ERR,ERR,ERR,ERR,ERR,ERR,ERR,ERR,ERR,ERR,ERR,ERR,ERR,ERR,ERR,ERR,ERR,ERR,ERR,ERR,ERR,ERR,ERR,ERR,ERR,ERR,ERR,ERR,ERR,ERR,ERR,ERR,ERR,ERR,ERR,ERR,ERR,ERR,ERR,ERR,ERR,ERR,ERR,ERR,ERR,50.0,60.0,100,0.0,0.0,0.0,0.0,0.0,0.0,0.0,0.0,0.0,0.0,0.0,0.0,0.0,0.0,0.0,0.0,61.6,77,11,65508,50,65476,0,300,0,0,8,20529,65476,0,0,26214,60.0,0.0,0.0,0.0,0.0,0.0
2026-05-17T16:53:39,ERR,ERR,ERR,ERR,ERR,ERR,ERR,ERR,ERR,ERR,ERR,ERR,ERR,ERR,ERR,ERR,ERR,ERR,ERR,ERR,ERR,ERR,ERR,ERR,ERR,ERR,ERR,ERR,ERR,ERR,ERR,ERR,ERR,ERR,ERR,ERR,ERR,ERR,ERR,ERR,ERR,ERR,ERR,ERR,ERR,ERR,ERR,ERR,ERR,ERR,ERR,ERR,ERR,ERR,ERR,ERR,ERR,ERR,ERR,ERR,ERR,ERR,ERR,ERR,ERR,ERR,ERR,ERR,ERR,ERR,ERR,ERR,ERR,ERR,ERR,ERR,ERR,ERR,ERR,ERR,ERR,ERR,ERR,ERR,ERR,ERR,ERR,ERR,ERR,ERR,ERR,ERR,ERR,ERR,ERR,ERR,ERR,ERR,ERR,ERR,ERR,ERR,ERR,ERR,ERR,ERR,ERR,ERR,ERR,ERR,ERR,ERR,ERR,ERR,ERR,ERR,ERR,ERR,ERR,ERR,ERR,ERR,ERR,ERR,ERR,0.0,0.0,-134474944.0,0.0,0.0,1.3936040501711995e+18,7.805,0.0,0,0,4,0,8422,0.0,45,0.0,0.0,0.0,0.0,0.0,0,0,0,0,0.0,0,0,0,0,0,0,0,0,0,0,0,0,0,0,0,0,0,0,0,0,0,0,0,0,0,0,0,0,0,0,0,0,0,38,14,7,45,65476,0,300,0,0,8,21553,0.0,-107605600.0,0.0,0.0,0.0,0.0,0.0,0.0,0.0,0.0,0.0,0.0,0.0,0.0,0.0,0.0,0.0,0.0,0.0,0.0,0.0,0.0,0.0,0.0,-2.004,2.004,0.0,0.0,0.0,0.0,4976.0,-8608181248.0,0.0,0.0,0.0,0.0,-107615304.0,0.0,0.0,0.0,0.0,53,2.7184300208680915e+23,4.066853280225235e+29,0.0,0.0,0.0,0.0,0.0,0.0,0.0,0,0,0,0.0,0.0,0.0,0.0,0.0,0.0,0.0,0.0,0.0,0.0,0.0,0.0,0.0,0.0,0.0,0.0,0,-107875648.0,53,0.0,106,-107614832.0,2.7006707062415038e+23,ERR,ERR,ERR,ERR,ERR,ERR,ERR,ERR,ERR,ERR,ERR,ERR,ERR,ERR,ERR,ERR,ERR,ERR,ERR,ERR,ERR,ERR,ERR,ERR,ERR,ERR,ERR,ERR,ERR,ERR,ERR,ERR,ERR,ERR,ERR,ERR,ERR,ERR,ERR,ERR,ERR,ERR,ERR,ERR,ERR,ERR,ERR,ERR,ERR,ERR,ERR,ERR,ERR,ERR,ERR,ERR,ERR,ERR,ERR,ERR,ERR,ERR,ERR,ERR,ERR,ERR,ERR,50.0,60.0,100,0.0,0.0,0.0,0.0,0.0,0.0,0.0,0.0,0.0,0.0,0.0,0.0,0.0,0.0,0.0,0.0,61.6,77,11,65508,50,65476,0,300,0,0,8,20529,65476,0,0,26214,60.0,0.0,0.0,0.0,0.0,0.0
2026-05-17T16:53:40,ERR,ERR,ERR,ERR,ERR,ERR,ERR,ERR,ERR,ERR,ERR,ERR,ERR,ERR,ERR,ERR,ERR,ERR,ERR,ERR,ERR,ERR,ERR,ERR,ERR,ERR,ERR,ERR,ERR,ERR,ERR,ERR,ERR,ERR,ERR,ERR,ERR,ERR,ERR,ERR,ERR,ERR,ERR,ERR,ERR,ERR,ERR,ERR,ERR,ERR,ERR,ERR,ERR,ERR,ERR,ERR,ERR,ERR,ERR,ERR,ERR,ERR,ERR,ERR,ERR,ERR,ERR,ERR,ERR,ERR,ERR,ERR,ERR,ERR,ERR,ERR,ERR,ERR,ERR,ERR,ERR,ERR,ERR,ERR,ERR,ERR,ERR,ERR,ERR,ERR,ERR,ERR,ERR,ERR,ERR,ERR,ERR,ERR,ERR,ERR,ERR,ERR,ERR,ERR,ERR,ERR,ERR,ERR,ERR,ERR,ERR,ERR,ERR,ERR,ERR,ERR,ERR,ERR,ERR,ERR,ERR,ERR,ERR,ERR,ERR,0.0,0.0,-134474944.0,0.0,0.0,1.3936040501711995e+18,7.805,0.0,0,0,4,0,8422,0.0,45,0.0,0.0,0.0,0.0,0.0,0,0,0,0,0.0,0,0,0,0,0,0,0,0,0,0,0,0,0,0,0,0,0,0,0,0,0,0,0,0,0,0,0,0,0,0,0,0,0,38,14,7,45,65476,0,300,0,0,8,21553,0.0,-107605600.0,0.0,0.0,0.0,0.0,0.0,0.0,0.0,0.0,0.0,0.0,0.0,0.0,0.0,0.0,0.0,0.0,0.0,0.0,0.0,0.0,0.0,0.0,-2.004,2.004,0.0,0.0,0.0,0.0,4980.0,0.0,0.0,0.0,0.0,0.0,-107615304.0,0.0,0.0,0.0,0.0,53,5.848083413016271e+35,-0.0,0.0,0.0,0.0,0.0,0.0,0.0,0.0,0,0,0,0.0,0.0,0.0,0.0,0.0,0.0,0.0,0.0,0.0,0.0,0.0,0.0,0.0,0.0,0.0,0.0,0,-107875648.0,53,0.0,106,-107614832.0,2.7006707062415038e+23,ERR,ERR,ERR,ERR,ERR,ERR,ERR,ERR,ERR,ERR,ERR,ERR,ERR,ERR,ERR,ERR,ERR,ERR,ERR,ERR,ERR,ERR,ERR,ERR,ERR,ERR,ERR,ERR,ERR,ERR,ERR,ERR,ERR,ERR,ERR,ERR,ERR,ERR,ERR,ERR,ERR,ERR,ERR,ERR,ERR,ERR,ERR,ERR,ERR,ERR,ERR,ERR,ERR,ERR,ERR,ERR,ERR,ERR,ERR,ERR,ERR,ERR,ERR,ERR,ERR,ERR,ERR,50.0,60.0,100,0.0,0.0,0.0,0.0,0.0,0.0,0.0,0.0,0.0,0.0,0.0,0.0,0.0,0.0,0.0,0.0,61.6,77,11,65508,50,65476,0,300,0,0,8,20529,65476,0,0,26214,60.0,0.0,0.0,0.0,0.0,0.0
2026-05-17T16:53:41,ERR,ERR,ERR,ERR,ERR,ERR,ERR,ERR,ERR,ERR,ERR,ERR,ERR,ERR,ERR,ERR,ERR,ERR,ERR,ERR,ERR,ERR,ERR,ERR,ERR,ERR,ERR,ERR,ERR,ERR,ERR,ERR,ERR,ERR,ERR,ERR,ERR,ERR,ERR,ERR,ERR,ERR,ERR,ERR,ERR,ERR,ERR,ERR,ERR,ERR,ERR,ERR,ERR,ERR,ERR,ERR,ERR,ERR,ERR,ERR,ERR,ERR,ERR,ERR,ERR,ERR,ERR,ERR,ERR,ERR,ERR,ERR,ERR,ERR,ERR,ERR,ERR,ERR,ERR,ERR,ERR,ERR,ERR,ERR,ERR,ERR,ERR,ERR,ERR,ERR,ERR,ERR,ERR,ERR,ERR,ERR,ERR,ERR,ERR,ERR,ERR,ERR,ERR,ERR,ERR,ERR,ERR,ERR,ERR,ERR,ERR,ERR,ERR,ERR,ERR,ERR,ERR,ERR,ERR,ERR,ERR,ERR,ERR,ERR,ERR,0.0,0.0,-134474944.0,0.0,0.0,1.3936040501711995e+18,7.805,0.0,0,0,4,0,8422,0.0,45,0.0,0.0,0.0,0.0,0.0,0,0,0,0,0.0,0,0,0,0,0,0,0,0,0,0,0,0,0,0,0,0,0,0,0,0,0,0,0,0,0,0,0,0,0,0,0,0,0,38,14,7,45,65476,0,300,0,0,8,21553,0.0,-107605600.0,0.0,0.0,0.0,0.0,0.0,0.0,0.0,0.0,0.0,0.0,0.0,0.0,0.0,0.0,0.0,0.0,0.0,0.0,0.0,0.0,0.0,0.0,-2.004,2.004,0.0,0.0,0.0,0.0,4980.0,0.0,0.0,0.0,0.0,0.0,-107615304.0,0.0,0.0,0.0,0.0,53,5.848083413016271e+35,-0.0,0.0,0.0,0.0,0.0,0.0,0.0,0.0,0,0,0,0.0,0.0,0.0,0.0,0.0,0.0,0.0,0.0,0.0,0.0,0.0,0.0,0.0,0.0,0.0,0.0,0,-107875648.0,53,0.0,106,-107614832.0,2.7006707062415038e+23,ERR,ERR,ERR,ERR,ERR,ERR,ERR,ERR,ERR,ERR,ERR,ERR,ERR,ERR,ERR,ERR,ERR,ERR,ERR,ERR,ERR,ERR,ERR,ERR,ERR,ERR,ERR,ERR,ERR,ERR,ERR,ERR,ERR,ERR,ERR,ERR,ERR,ERR,ERR,ERR,ERR,ERR,ERR,ERR,ERR,ERR,ERR,ERR,ERR,ERR,ERR,ERR,ERR,ERR,ERR,ERR,ERR,ERR,ERR,ERR,ERR,ERR,ERR,ERR,ERR,ERR,ERR,50.0,60.0,100,0.0,0.0,0.0,0.0,0.0,0.0,0.0,0.0,0.0,0.0,0.0,0.0,0.0,0.0,0.0,0.0,61.6,77,11,65508,50,65476,0,300,0,0,8,20529,65476,0,0,26214,60.0,0.0,0.0,0.0,0.0,0.0
2026-05-17T16:53:42,ERR,ERR,ERR,ERR,ERR,ERR,ERR,ERR,ERR,ERR,ERR,ERR,ERR,ERR,ERR,ERR,ERR,ERR,ERR,ERR,ERR,ERR,ERR,ERR,ERR,ERR,ERR,ERR,ERR,ERR,ERR,ERR,ERR,ERR,ERR,ERR,ERR,ERR,ERR,ERR,ERR,ERR,ERR,ERR,ERR,ERR,ERR,ERR,ERR,ERR,ERR,ERR,ERR,ERR,ERR,ERR,ERR,ERR,ERR,ERR,ERR,ERR,ERR,ERR,ERR,ERR,ERR,ERR,ERR,ERR,ERR,ERR,ERR,ERR,ERR,ERR,ERR,ERR,ERR,ERR,ERR,ERR,ERR,ERR,ERR,ERR,ERR,ERR,ERR,ERR,ERR,ERR,ERR,ERR,ERR,ERR,ERR,ERR,ERR,ERR,ERR,ERR,ERR,ERR,ERR,ERR,ERR,ERR,ERR,ERR,ERR,ERR,ERR,ERR,ERR,ERR,ERR,ERR,ERR,ERR,ERR,ERR,ERR,ERR,ERR,0.0,0.0,-134474944.0,0.0,0.0,1.3936040501711995e+18,7.805,0.0,0,0,4,0,8422,0.0,45,0.0,0.0,0.0,0.0,0.0,0,0,0,0,0.0,0,0,0,0,0,0,0,0,0,0,0,0,0,0,0,0,0,0,0,0,0,0,0,0,0,0,0,0,0,0,0,0,0,38,14,7,45,65476,0,300,0,0,8,21553,0.0,-107605600.0,0.0,0.0,0.0,0.0,0.0,0.0,0.0,0.0,0.0,0.0,0.0,0.0,0.0,0.0,0.0,0.0,0.0,0.0,0.0,0.0,0.0,0.0,-2.004,2.004,0.0,0.0,0.0,0.0,4980.0,0.0,0.0,0.0,0.0,0.0,-107615304.0,0.0,0.0,0.0,0.0,53,5.848083413016271e+35,-0.0,0.0,0.0,0.0,0.0,0.0,0.0,0.0,0,0,0,0.0,0.0,0.0,0.0,0.0,0.0,0.0,0.0,0.0,0.0,0.0,0.0,0.0,0.0,0.0,0.0,0,-107875648.0,53,0.0,106,-107614832.0,2.7006707062415038e+23,ERR,ERR,ERR,ERR,ERR,ERR,ERR,ERR,ERR,ERR,ERR,ERR,ERR,ERR,ERR,ERR,ERR,ERR,ERR,ERR,ERR,ERR,ERR,ERR,ERR,ERR,ERR,ERR,ERR,ERR,ERR,ERR,ERR,ERR,ERR,ERR,ERR,ERR,ERR,ERR,ERR,ERR,ERR,ERR,ERR,ERR,ERR,ERR,ERR,ERR,ERR,ERR,ERR,ERR,ERR,ERR,ERR,ERR,ERR,ERR,ERR,ERR,ERR,ERR,ERR,ERR,ERR,50.0,60.0,100,0.0,0.0,0.0,0.0,0.0,0.0,0.0,0.0,0.0,0.0,0.0,0.0,0.0,0.0,0.0,0.0,61.6,77,11,65508,50,65476,0,300,0,0,8,20529,65476,0,0,26214,60.0,0.0,0.0,0.0,0.0,0.0
2026-05-17T16:53:43,ERR,ERR,ERR,ERR,ERR,ERR,ERR,ERR,ERR,ERR,ERR,ERR,ERR,ERR,ERR,ERR,ERR,ERR,ERR,ERR,ERR,ERR,ERR,ERR,ERR,ERR,ERR,ERR,ERR,ERR,ERR,ERR,ERR,ERR,ERR,ERR,ERR,ERR,ERR,ERR,ERR,ERR,ERR,ERR,ERR,ERR,ERR,ERR,ERR,ERR,ERR,ERR,ERR,ERR,ERR,ERR,ERR,ERR,ERR,ERR,ERR,ERR,ERR,ERR,ERR,ERR,ERR,ERR,ERR,ERR,ERR,ERR,ERR,ERR,ERR,ERR,ERR,ERR,ERR,ERR,ERR,ERR,ERR,ERR,ERR,ERR,ERR,ERR,ERR,ERR,ERR,ERR,ERR,ERR,ERR,ERR,ERR,ERR,ERR,ERR,ERR,ERR,ERR,ERR,ERR,ERR,ERR,ERR,ERR,ERR,ERR,ERR,ERR,ERR,ERR,ERR,ERR,ERR,ERR,ERR,ERR,ERR,ERR,ERR,ERR,0.0,0.0,-134474944.0,0.0,0.0,1.3936040501711995e+18,7.805,0.0,0,0,4,0,8422,0.0,45,0.0,0.0,0.0,0.0,0.0,0,0,0,0,0.0,0,0,0,0,0,0,0,0,0,0,0,0,0,0,0,0,0,0,0,0,0,0,0,0,0,0,0,0,0,0,0,0,0,38,14,7,45,65476,0,300,0,0,8,21553,0.0,-107605600.0,0.0,0.0,0.0,0.0,0.0,0.0,0.0,0.0,0.0,0.0,0.0,0.0,0.0,0.0,0.0,0.0,0.0,0.0,0.0,0.0,0.0,0.0,-2.004,2.004,0.0,0.0,0.0,0.0,4980.0,0.0,0.0,0.0,0.0,0.0,-107615304.0,0.0,0.0,0.0,0.0,53,5.848083413016271e+35,-0.0,0.0,0.0,0.0,0.0,0.0,0.0,0.0,0,0,0,0.0,0.0,0.0,0.0,0.0,0.0,0.0,0.0,0.0,0.0,0.0,0.0,0.0,0.0,0.0,0.0,0,-107875648.0,53,0.0,106,-107614832.0,2.7006707062415038e+23,ERR,ERR,ERR,ERR,ERR,ERR,ERR,ERR,ERR,ERR,ERR,ERR,ERR,ERR,ERR,ERR,ERR,ERR,ERR,ERR,ERR,ERR,ERR,ERR,ERR,ERR,ERR,ERR,ERR,ERR,ERR,ERR,ERR,ERR,ERR,ERR,ERR,ERR,ERR,ERR,ERR,ERR,ERR,ERR,ERR,ERR,ERR,ERR,ERR,ERR,ERR,ERR,ERR,ERR,ERR,ERR,ERR,ERR,ERR,ERR,ERR,ERR,ERR,ERR,ERR,ERR,ERR,50.0,60.0,100,0.0,0.0,0.0,0.0,0.0,0.0,0.0,0.0,0.0,0.0,0.0,0.0,0.0,0.0,0.0,0.0,61.6,77,11,65508,50,65476,0,300,0,0,8,20529,65476,0,0,26214,60.0,0.0,0.0,0.0,0.0,0.0
2026-05-17T16:53:44,ERR,ERR,ERR,ERR,ERR,ERR,ERR,ERR,ERR,ERR,ERR,ERR,ERR,ERR,ERR,ERR,ERR,ERR,ERR,ERR,ERR,ERR,ERR,ERR,ERR,ERR,ERR,ERR,ERR,ERR,ERR,ERR,ERR,ERR,ERR,ERR,ERR,ERR,ERR,ERR,ERR,ERR,ERR,ERR,ERR,ERR,ERR,ERR,ERR,ERR,ERR,ERR,ERR,ERR,ERR,ERR,ERR,ERR,ERR,ERR,ERR,ERR,ERR,ERR,ERR,ERR,ERR,ERR,ERR,ERR,ERR,ERR,ERR,ERR,ERR,ERR,ERR,ERR,ERR,ERR,ERR,ERR,ERR,ERR,ERR,ERR,ERR,ERR,ERR,ERR,ERR,ERR,ERR,ERR,ERR,ERR,ERR,ERR,ERR,ERR,ERR,ERR,ERR,ERR,ERR,ERR,ERR,ERR,ERR,ERR,ERR,ERR,ERR,ERR,ERR,ERR,ERR,ERR,ERR,ERR,ERR,ERR,ERR,ERR,ERR,0.0,0.0,-134474944.0,0.0,0.0,1.3936040501711995e+18,7.805,0.0,0,0,4,0,8422,0.0,45,0.0,0.0,0.0,0.0,0.0,0,0,0,0,0.0,0,0,0,0,0,0,0,0,0,0,0,0,0,0,0,0,0,0,0,0,0,0,0,0,0,0,0,0,0,0,0,0,0,38,14,7,45,65476,0,300,0,0,8,21553,0.0,-107605600.0,0.0,0.0,0.0,0.0,0.0,0.0,0.0,0.0,0.0,0.0,0.0,0.0,0.0,0.0,0.0,0.0,0.0,0.0,0.0,0.0,0.0,0.0,-2.004,2.004,0.0,0.0,0.0,0.0,4980.0,0.0,0.0,0.0,0.0,0.0,-107615304.0,0.0,0.0,0.0,0.0,53,5.848083413016271e+35,-0.0,0.0,0.0,0.0,0.0,0.0,0.0,0.0,0,0,0,0.0,0.0,0.0,0.0,0.0,0.0,0.0,0.0,0.0,0.0,0.0,0.0,0.0,0.0,0.0,0.0,0,-107875648.0,53,0.0,106,-107614832.0,2.7006707062415038e+23,ERR,ERR,ERR,ERR,ERR,ERR,ERR,ERR,ERR,ERR,ERR,ERR,ERR,ERR,ERR,ERR,ERR,ERR,ERR,ERR,ERR,ERR,ERR,ERR,ERR,ERR,ERR,ERR,ERR,ERR,ERR,ERR,ERR,ERR,ERR,ERR,ERR,ERR,ERR,ERR,ERR,ERR,ERR,ERR,ERR,ERR,ERR,ERR,ERR,ERR,ERR,ERR,ERR,ERR,ERR,ERR,ERR,ERR,ERR,ERR,ERR,ERR,ERR,ERR,ERR,ERR,ERR,50.0,60.0,100,0.0,0.0,0.0,0.0,0.0,0.0,0.0,0.0,0.0,0.0,0.0,0.0,0.0,0.0,0.0,0.0,61.6,77,11,65508,50,65476,0,300,0,0,8,20529,65476,0,0,26214,60.0,0.0,0.0,0.0,0.0,0.0
2026-05-17T16:53:45,ERR,ERR,ERR,ERR,ERR,ERR,ERR,ERR,ERR,ERR,ERR,ERR,ERR,ERR,ERR,ERR,ERR,ERR,ERR,ERR,ERR,ERR,ERR,ERR,ERR,ERR,ERR,ERR,ERR,ERR,ERR,ERR,ERR,ERR,ERR,ERR,ERR,ERR,ERR,ERR,ERR,ERR,ERR,ERR,ERR,ERR,ERR,ERR,ERR,ERR,ERR,ERR,ERR,ERR,ERR,ERR,ERR,ERR,ERR,ERR,ERR,ERR,ERR,ERR,ERR,ERR,ERR,ERR,ERR,ERR,ERR,ERR,ERR,ERR,ERR,ERR,ERR,ERR,ERR,ERR,ERR,ERR,ERR,ERR,ERR,ERR,ERR,ERR,ERR,ERR,ERR,ERR,ERR,ERR,ERR,ERR,ERR,ERR,ERR,ERR,ERR,ERR,ERR,ERR,ERR,ERR,ERR,ERR,ERR,ERR,ERR,ERR,ERR,ERR,ERR,ERR,ERR,ERR,ERR,ERR,ERR,ERR,ERR,ERR,ERR,0.0,0.0,-134474944.0,0.0,0.0,1.3936040501711995e+18,7.805,0.0,0,0,4,0,8422,0.0,45,0.0,0.0,0.0,0.0,0.0,0,0,0,0,0.0,0,0,0,0,0,0,0,0,0,0,0,0,0,0,0,0,0,0,0,0,0,0,0,0,0,0,0,0,0,0,0,0,0,38,14,7,45,65476,0,300,0,0,8,21553,0.0,-107605600.0,0.0,0.0,0.0,0.0,0.0,0.0,0.0,0.0,0.0,0.0,0.0,0.0,0.0,0.0,0.0,0.0,0.0,0.0,0.0,0.0,0.0,0.0,-2.004,2.004,0.0,0.0,0.0,0.0,4955.0,-2.004,0.0,0.0,0.0,0.0,-107615304.0,0.0,0.0,0.0,0.0,53,-0.0,0.0,0.0,0.0,0.0,0.0,0.0,0.0,0.0,0,0,0,0.0,0.0,0.0,0.0,0.0,0.0,0.0,0.0,0.0,0.0,0.0,0.0,0.0,0.0,0.0,0.0,0,-107875648.0,53,0.0,106,-107614832.0,2.7006707062415038e+23,ERR,ERR,ERR,ERR,ERR,ERR,ERR,ERR,ERR,ERR,ERR,ERR,ERR,ERR,ERR,ERR,ERR,ERR,ERR,ERR,ERR,ERR,ERR,ERR,ERR,ERR,ERR,ERR,ERR,ERR,ERR,ERR,ERR,ERR,ERR,ERR,ERR,ERR,ERR,ERR,ERR,ERR,ERR,ERR,ERR,ERR,ERR,ERR,ERR,ERR,ERR,ERR,ERR,ERR,ERR,ERR,ERR,ERR,ERR,ERR,ERR,ERR,ERR,ERR,ERR,ERR,ERR,50.0,60.0,100,0.0,0.0,0.0,0.0,0.0,0.0,0.0,0.0,0.0,0.0,0.0,0.0,0.0,0.0,0.0,0.0,61.6,77,11,65508,50,65476,0,300,0,0,8,20529,65476,0,0,26214,60.0,0.0,0.0,0.0,0.0,0.0
2026-05-17T16:53:46,ERR,ERR,ERR,ERR,ERR,ERR,ERR,ERR,ERR,ERR,ERR,ERR,ERR,ERR,ERR,ERR,ERR,ERR,ERR,ERR,ERR,ERR,ERR,ERR,ERR,ERR,ERR,ERR,ERR,ERR,ERR,ERR,ERR,ERR,ERR,ERR,ERR,ERR,ERR,ERR,ERR,ERR,ERR,ERR,ERR,ERR,ERR,ERR,ERR,ERR,ERR,ERR,ERR,ERR,ERR,ERR,ERR,ERR,ERR,ERR,ERR,ERR,ERR,ERR,ERR,ERR,ERR,ERR,ERR,ERR,ERR,ERR,ERR,ERR,ERR,ERR,ERR,ERR,ERR,ERR,ERR,ERR,ERR,ERR,ERR,ERR,ERR,ERR,ERR,ERR,ERR,ERR,ERR,ERR,ERR,ERR,ERR,ERR,ERR,ERR,ERR,ERR,ERR,ERR,ERR,ERR,ERR,ERR,ERR,ERR,ERR,ERR,ERR,ERR,ERR,ERR,ERR,ERR,ERR,ERR,ERR,ERR,ERR,ERR,ERR,0.0,0.0,-134474944.0,0.0,0.0,1.3936040501711995e+18,7.805,0.0,0,0,4,0,8422,0.0,45,0.0,0.0,0.0,0.0,0.0,0,0,0,0,0.0,0,0,0,0,0,0,0,0,0,0,0,0,0,0,0,0,0,0,0,0,0,0,0,0,0,0,0,0,0,0,0,0,0,38,14,7,45,65476,0,300,0,0,8,21553,0.0,-107605600.0,0.0,0.0,0.0,0.0,0.0,0.0,0.0,0.0,0.0,0.0,0.0,0.0,0.0,0.0,0.0,0.0,0.0,0.0,0.0,0.0,0.0,0.0,-2.004,2.004,0.0,0.0,0.0,0.0,4955.0,-2.004,0.0,0.0,0.0,0.0,-107615304.0,0.0,0.0,0.0,0.0,53,-0.0,0.0,0.0,0.0,0.0,0.0,0.0,0.0,0.0,0,0,0,0.0,0.0,0.0,0.0,0.0,0.0,0.0,0.0,0.0,0.0,0.0,0.0,0.0,0.0,0.0,0.0,0,-107875648.0,53,0.0,106,-107614832.0,2.7006707062415038e+23,ERR,ERR,ERR,ERR,ERR,ERR,ERR,ERR,ERR,ERR,ERR,ERR,ERR,ERR,ERR,ERR,ERR,ERR,ERR,ERR,ERR,ERR,ERR,ERR,ERR,ERR,ERR,ERR,ERR,ERR,ERR,ERR,ERR,ERR,ERR,ERR,ERR,ERR,ERR,ERR,ERR,ERR,ERR,ERR,ERR,ERR,ERR,ERR,ERR,ERR,ERR,ERR,ERR,ERR,ERR,ERR,ERR,ERR,ERR,ERR,ERR,ERR,ERR,ERR,ERR,ERR,ERR,50.0,60.0,100,0.0,0.0,0.0,0.0,0.0,0.0,0.0,0.0,0.0,0.0,0.0,0.0,0.0,0.0,0.0,0.0,61.6,77,11,65508,50,65476,0,300,0,0,8,20529,65476,0,0,26214,60.0,0.0,0.0,0.0,0.0,0.0
2026-05-17T16:53:47,ERR,ERR,ERR,ERR,ERR,ERR,ERR,ERR,ERR,ERR,ERR,ERR,ERR,ERR,ERR,ERR,ERR,ERR,ERR,ERR,ERR,ERR,ERR,ERR,ERR,ERR,ERR,ERR,ERR,ERR,ERR,ERR,ERR,ERR,ERR,ERR,ERR,ERR,ERR,ERR,ERR,ERR,ERR,ERR,ERR,ERR,ERR,ERR,ERR,ERR,ERR,ERR,ERR,ERR,ERR,ERR,ERR,ERR,ERR,ERR,ERR,ERR,ERR,ERR,ERR,ERR,ERR,ERR,ERR,ERR,ERR,ERR,ERR,ERR,ERR,ERR,ERR,ERR,ERR,ERR,ERR,ERR,ERR,ERR,ERR,ERR,ERR,ERR,ERR,ERR,ERR,ERR,ERR,ERR,ERR,ERR,ERR,ERR,ERR,ERR,ERR,ERR,ERR,ERR,ERR,ERR,ERR,ERR,ERR,ERR,ERR,ERR,ERR,ERR,ERR,ERR,ERR,ERR,ERR,ERR,ERR,ERR,ERR,ERR,ERR,0.0,0.0,-134474944.0,0.0,0.0,1.3936040501711995e+18,7.805,0.0,0,0,4,0,8422,0.0,45,0.0,0.0,0.0,0.0,0.0,0,0,0,0,0.0,0,0,0,0,0,0,0,0,0,0,0,0,0,0,0,0,0,0,0,0,0,0,0,0,0,0,0,0,0,0,0,0,0,38,14,7,45,65476,0,300,0,0,8,21553,0.0,-107605600.0,0.0,0.0,0.0,0.0,0.0,0.0,0.0,0.0,0.0,0.0,0.0,0.0,0.0,0.0,0.0,0.0,0.0,0.0,0.0,0.0,0.0,0.0,-2.004,2.004,0.0,0.0,0.0,0.0,4955.0,-2.004,0.0,0.0,0.0,0.0,-107615304.0,0.0,0.0,0.0,0.0,53,-0.0,0.0,0.0,0.0,0.0,0.0,0.0,0.0,0.0,0,0,0,0.0,0.0,0.0,0.0,0.0,0.0,0.0,0.0,0.0,0.0,0.0,0.0,0.0,0.0,0.0,0.0,0,-107875648.0,53,0.0,106,-107614832.0,2.7006707062415038e+23,ERR,ERR,ERR,ERR,ERR,ERR,ERR,ERR,ERR,ERR,ERR,ERR,ERR,ERR,ERR,ERR,ERR,ERR,ERR,ERR,ERR,ERR,ERR,ERR,ERR,ERR,ERR,ERR,ERR,ERR,ERR,ERR,ERR,ERR,ERR,ERR,ERR,ERR,ERR,ERR,ERR,ERR,ERR,ERR,ERR,ERR,ERR,ERR,ERR,ERR,ERR,ERR,ERR,ERR,ERR,ERR,ERR,ERR,ERR,ERR,ERR,ERR,ERR,ERR,ERR,ERR,ERR,50.0,60.0,100,0.0,0.0,0.0,0.0,0.0,0.0,0.0,0.0,0.0,0.0,0.0,0.0,0.0,0.0,0.0,0.0,61.6,77,11,65508,50,65476,0,300,0,0,8,20529,65476,0,0,26214,60.0,0.0,0.0,0.0,0.0,0.0
2026-05-17T16:53:48,ERR,ERR,ERR,ERR,ERR,ERR,ERR,ERR,ERR,ERR,ERR,ERR,ERR,ERR,ERR,ERR,ERR,ERR,ERR,ERR,ERR,ERR,ERR,ERR,ERR,ERR,ERR,ERR,ERR,ERR,ERR,ERR,ERR,ERR,ERR,ERR,ERR,ERR,ERR,ERR,ERR,ERR,ERR,ERR,ERR,ERR,ERR,ERR,ERR,ERR,ERR,ERR,ERR,ERR,ERR,ERR,ERR,ERR,ERR,ERR,ERR,ERR,ERR,ERR,ERR,ERR,ERR,ERR,ERR,ERR,ERR,ERR,ERR,ERR,ERR,ERR,ERR,ERR,ERR,ERR,ERR,ERR,ERR,ERR,ERR,ERR,ERR,ERR,ERR,ERR,ERR,ERR,ERR,ERR,ERR,ERR,ERR,ERR,ERR,ERR,ERR,ERR,ERR,ERR,ERR,ERR,ERR,ERR,ERR,ERR,ERR,ERR,ERR,ERR,ERR,ERR,ERR,ERR,ERR,ERR,ERR,ERR,ERR,ERR,ERR,0.0,0.0,-134474944.0,0.0,0.0,1.3936040501711995e+18,7.805,0.0,0,0,4,0,8422,0.0,45,0.0,0.0,0.0,0.0,0.0,0,0,0,0,0.0,0,0,0,0,0,0,0,0,0,0,0,0,0,0,0,0,0,0,0,0,0,0,0,0,0,0,0,0,0,0,0,0,0,38,14,7,45,65476,0,300,0,0,8,21553,0.0,-107605600.0,0.0,0.0,0.0,0.0,0.0,0.0,0.0,0.0,0.0,0.0,0.0,0.0,0.0,0.0,0.0,0.0,0.0,0.0,0.0,0.0,0.0,0.0,-2.004,2.004,0.0,0.0,0.0,0.0,4955.0,-2.004,0.0,0.0,0.0,0.0,-107615304.0,0.0,0.0,0.0,0.0,53,-0.0,0.0,0.0,0.0,0.0,0.0,0.0,0.0,0.0,0,0,0,0.0,0.0,0.0,0.0,0.0,0.0,0.0,0.0,0.0,0.0,0.0,0.0,0.0,0.0,0.0,0.0,0,-107875648.0,53,0.0,106,-107614832.0,2.7006707062415038e+23,ERR,ERR,ERR,ERR,ERR,ERR,ERR,ERR,ERR,ERR,ERR,ERR,ERR,ERR,ERR,ERR,ERR,ERR,ERR,ERR,ERR,ERR,ERR,ERR,ERR,ERR,ERR,ERR,ERR,ERR,ERR,ERR,ERR,ERR,ERR,ERR,ERR,ERR,ERR,ERR,ERR,ERR,ERR,ERR,ERR,ERR,ERR,ERR,ERR,ERR,ERR,ERR,ERR,ERR,ERR,ERR,ERR,ERR,ERR,ERR,ERR,ERR,ERR,ERR,ERR,ERR,ERR,50.0,60.0,100,0.0,0.0,0.0,0.0,0.0,0.0,0.0,0.0,0.0,0.0,0.0,0.0,0.0,0.0,0.0,0.0,61.6,77,11,65508,50,65476,0,300,0,0,8,20529,65476,0,0,26214,60.0,0.0,0.0,0.0,0.0,0.0
2026-05-17T16:53:49,ERR,ERR,ERR,ERR,ERR,ERR,ERR,ERR,ERR,ERR,ERR,ERR,ERR,ERR,ERR,ERR,ERR,ERR,ERR,ERR,ERR,ERR,ERR,ERR,ERR,ERR,ERR,ERR,ERR,ERR,ERR,ERR,ERR,ERR,ERR,ERR,ERR,ERR,ERR,ERR,ERR,ERR,ERR,ERR,ERR,ERR,ERR,ERR,ERR,ERR,ERR,ERR,ERR,ERR,ERR,ERR,ERR,ERR,ERR,ERR,ERR,ERR,ERR,ERR,ERR,ERR,ERR,ERR,ERR,ERR,ERR,ERR,ERR,ERR,ERR,ERR,ERR,ERR,ERR,ERR,ERR,ERR,ERR,ERR,ERR,ERR,ERR,ERR,ERR,ERR,ERR,ERR,ERR,ERR,ERR,ERR,ERR,ERR,ERR,ERR,ERR,ERR,ERR,ERR,ERR,ERR,ERR,ERR,ERR,ERR,ERR,ERR,ERR,ERR,ERR,ERR,ERR,ERR,ERR,ERR,ERR,ERR,ERR,ERR,ERR,0.0,0.0,-134474944.0,0.0,0.0,1.3936040501711995e+18,7.805,0.0,0,0,4,0,8422,0.0,45,0.0,0.0,0.0,0.0,0.0,0,0,0,0,0.0,0,0,0,0,0,0,0,0,0,0,0,0,0,0,0,0,0,0,0,0,0,0,0,0,0,0,0,0,0,0,0,0,0,38,14,7,45,65476,0,300,0,0,8,21553,0.0,-107605600.0,0.0,0.0,0.0,0.0,0.0,0.0,0.0,0.0,0.0,0.0,0.0,0.0,0.0,0.0,0.0,0.0,0.0,0.0,0.0,0.0,0.0,0.0,-2.004,2.004,0.0,0.0,0.0,0.0,4955.0,-2.004,0.0,0.0,0.0,0.0,-107615304.0,0.0,0.0,0.0,0.0,53,-0.0,0.0,0.0,0.0,0.0,0.0,0.0,0.0,0.0,0,0,0,0.0,0.0,0.0,0.0,0.0,0.0,0.0,0.0,0.0,0.0,0.0,0.0,0.0,0.0,0.0,0.0,0,-107875648.0,53,0.0,106,-107614832.0,2.7006707062415038e+23,ERR,ERR,ERR,ERR,ERR,ERR,ERR,ERR,ERR,ERR,ERR,ERR,ERR,ERR,ERR,ERR,ERR,ERR,ERR,ERR,ERR,ERR,ERR,ERR,ERR,ERR,ERR,ERR,ERR,ERR,ERR,ERR,ERR,ERR,ERR,ERR,ERR,ERR,ERR,ERR,ERR,ERR,ERR,ERR,ERR,ERR,ERR,ERR,ERR,ERR,ERR,ERR,ERR,ERR,ERR,ERR,ERR,ERR,ERR,ERR,ERR,ERR,ERR,ERR,ERR,ERR,ERR,50.0,60.0,100,0.0,0.0,0.0,0.0,0.0,0.0,0.0,0.0,0.0,0.0,0.0,0.0,0.0,0.0,0.0,0.0,61.6,77,11,65508,50,65476,0,300,0,0,8,20529,65476,0,0,26214,60.0,0.0,0.0,0.0,0.0,0.0
2026-05-17T16:53:50,ERR,ERR,ERR,ERR,ERR,ERR,ERR,ERR,ERR,ERR,ERR,ERR,ERR,ERR,ERR,ERR,ERR,ERR,ERR,ERR,ERR,ERR,ERR,ERR,ERR,ERR,ERR,ERR,ERR,ERR,ERR,ERR,ERR,ERR,ERR,ERR,ERR,ERR,ERR,ERR,ERR,ERR,ERR,ERR,ERR,ERR,ERR,ERR,ERR,ERR,ERR,ERR,ERR,ERR,ERR,ERR,ERR,ERR,ERR,ERR,ERR,ERR,ERR,ERR,ERR,ERR,ERR,ERR,ERR,ERR,ERR,ERR,ERR,ERR,ERR,ERR,ERR,ERR,ERR,ERR,ERR,ERR,ERR,ERR,ERR,ERR,ERR,ERR,ERR,ERR,ERR,ERR,ERR,ERR,ERR,ERR,ERR,ERR,ERR,ERR,ERR,ERR,ERR,ERR,ERR,ERR,ERR,ERR,ERR,ERR,ERR,ERR,ERR,ERR,ERR,ERR,ERR,ERR,ERR,ERR,ERR,ERR,ERR,ERR,ERR,0.0,0.0,-134474944.0,0.0,0.0,1.3936040501711995e+18,7.805,0.0,0,0,4,0,8422,0.0,45,0.0,0.0,0.0,0.0,0.0,0,0,0,0,0.0,0,0,0,0,0,0,0,0,0,0,0,0,0,0,0,0,0,0,0,0,0,0,0,0,0,0,0,0,0,0,0,0,0,38,14,7,45,65476,0,300,0,0,8,21553,0.0,-107605600.0,0.0,0.0,0.0,0.0,0.0,0.0,0.0,0.0,0.0,0.0,0.0,0.0,0.0,0.0,0.0,0.0,0.0,0.0,0.0,0.0,0.0,0.0,-2.004,2.004,0.0,0.0,0.0,0.0,4949.0,-0.0,0.0,0.0,0.0,0.0,-107615304.0,0.0,0.0,0.0,0.0,53,4.950428597886765e+32,0.0,0.0,0.0,0.0,0.0,0.0,0.0,0.0,0,0,0,0.0,0.0,0.0,0.0,0.0,0.0,0.0,0.0,0.0,0.0,0.0,0.0,0.0,0.0,0.0,0.0,0,-107875648.0,53,0.0,106,-107614832.0,2.7006707062415038e+23,ERR,ERR,ERR,ERR,ERR,ERR,ERR,ERR,ERR,ERR,ERR,ERR,ERR,ERR,ERR,ERR,ERR,ERR,ERR,ERR,ERR,ERR,ERR,ERR,ERR,ERR,ERR,ERR,ERR,ERR,ERR,ERR,ERR,ERR,ERR,ERR,ERR,ERR,ERR,ERR,ERR,ERR,ERR,ERR,ERR,ERR,ERR,ERR,ERR,ERR,ERR,ERR,ERR,ERR,ERR,ERR,ERR,ERR,ERR,ERR,ERR,ERR,ERR,ERR,ERR,ERR,ERR,50.0,60.0,100,0.0,0.0,0.0,0.0,0.0,0.0,0.0,0.0,0.0,0.0,0.0,0.0,0.0,0.0,0.0,0.0,61.6,77,11,65508,50,65476,0,300,0,0,8,20529,65476,0,0,26214,60.0,0.0,0.0,0.0,0.0,0.0
2026-05-17T16:53:51,ERR,ERR,ERR,ERR,ERR,ERR,ERR,ERR,ERR,ERR,ERR,ERR,ERR,ERR,ERR,ERR,ERR,ERR,ERR,ERR,ERR,ERR,ERR,ERR,ERR,ERR,ERR,ERR,ERR,ERR,ERR,ERR,ERR,ERR,ERR,ERR,ERR,ERR,ERR,ERR,ERR,ERR,ERR,ERR,ERR,ERR,ERR,ERR,ERR,ERR,ERR,ERR,ERR,ERR,ERR,ERR,ERR,ERR,ERR,ERR,ERR,ERR,ERR,ERR,ERR,ERR,ERR,ERR,ERR,ERR,ERR,ERR,ERR,ERR,ERR,ERR,ERR,ERR,ERR,ERR,ERR,ERR,ERR,ERR,ERR,ERR,ERR,ERR,ERR,ERR,ERR,ERR,ERR,ERR,ERR,ERR,ERR,ERR,ERR,ERR,ERR,ERR,ERR,ERR,ERR,ERR,ERR,ERR,ERR,ERR,ERR,ERR,ERR,ERR,ERR,ERR,ERR,ERR,ERR,ERR,ERR,ERR,ERR,ERR,ERR,0.0,0.0,-134474944.0,0.0,0.0,1.3936040501711995e+18,7.805,0.0,0,0,4,0,8422,0.0,45,0.0,0.0,0.0,0.0,0.0,0,0,0,0,0.0,0,0,0,0,0,0,0,0,0,0,0,0,0,0,0,0,0,0,0,0,0,0,0,0,0,0,0,0,0,0,0,0,0,38,14,7,45,65476,0,300,0,0,8,21553,0.0,-107605600.0,0.0,0.0,0.0,0.0,0.0,0.0,0.0,0.0,0.0,0.0,0.0,0.0,0.0,0.0,0.0,0.0,0.0,0.0,0.0,0.0,0.0,0.0,-2.004,2.004,0.0,0.0,0.0,0.0,4949.0,-0.0,0.0,0.0,0.0,0.0,-107615304.0,0.0,0.0,0.0,0.0,53,4.950428597886765e+32,0.0,0.0,0.0,0.0,0.0,0.0,0.0,0.0,0,0,0,0.0,0.0,0.0,0.0,0.0,0.0,0.0,0.0,0.0,0.0,0.0,0.0,0.0,0.0,0.0,0.0,0,-107875648.0,53,0.0,106,-107614832.0,2.7006707062415038e+23,ERR,ERR,ERR,ERR,ERR,ERR,ERR,ERR,ERR,ERR,ERR,ERR,ERR,ERR,ERR,ERR,ERR,ERR,ERR,ERR,ERR,ERR,ERR,ERR,ERR,ERR,ERR,ERR,ERR,ERR,ERR,ERR,ERR,ERR,ERR,ERR,ERR,ERR,ERR,ERR,ERR,ERR,ERR,ERR,ERR,ERR,ERR,ERR,ERR,ERR,ERR,ERR,ERR,ERR,ERR,ERR,ERR,ERR,ERR,ERR,ERR,ERR,ERR,ERR,ERR,ERR,ERR,50.0,60.0,100,0.0,0.0,0.0,0.0,0.0,0.0,0.0,0.0,0.0,0.0,0.0,0.0,0.0,0.0,0.0,0.0,61.6,77,11,65508,50,65476,0,300,0,0,8,20529,65476,0,0,26214,60.0,0.0,0.0,0.0,0.0,0.0
2026-05-17T16:53:52,ERR,ERR,ERR,ERR,ERR,ERR,ERR,ERR,ERR,ERR,ERR,ERR,ERR,ERR,ERR,ERR,ERR,ERR,ERR,ERR,ERR,ERR,ERR,ERR,ERR,ERR,ERR,ERR,ERR,ERR,ERR,ERR,ERR,ERR,ERR,ERR,ERR,ERR,ERR,ERR,ERR,ERR,ERR,ERR,ERR,ERR,ERR,ERR,ERR,ERR,ERR,ERR,ERR,ERR,ERR,ERR,ERR,ERR,ERR,ERR,ERR,ERR,ERR,ERR,ERR,ERR,ERR,ERR,ERR,ERR,ERR,ERR,ERR,ERR,ERR,ERR,ERR,ERR,ERR,ERR,ERR,ERR,ERR,ERR,ERR,ERR,ERR,ERR,ERR,ERR,ERR,ERR,ERR,ERR,ERR,ERR,ERR,ERR,ERR,ERR,ERR,ERR,ERR,ERR,ERR,ERR,ERR,ERR,ERR,ERR,ERR,ERR,ERR,ERR,ERR,ERR,ERR,ERR,ERR,ERR,ERR,ERR,ERR,ERR,ERR,0.0,0.0,-134474944.0,0.0,0.0,1.3936040501711995e+18,7.805,0.0,0,0,4,0,8422,0.0,45,0.0,0.0,0.0,0.0,0.0,0,0,0,0,0.0,0,0,0,0,0,0,0,0,0,0,0,0,0,0,0,0,0,0,0,0,0,0,0,0,0,0,0,0,0,0,0,0,0,38,14,7,45,65476,0,300,0,0,8,21553,0.0,-107605600.0,0.0,0.0,0.0,0.0,0.0,0.0,0.0,0.0,0.0,0.0,0.0,0.0,0.0,0.0,0.0,0.0,0.0,0.0,0.0,0.0,0.0,0.0,-2.004,2.004,0.0,0.0,0.0,0.0,4949.0,-0.0,0.0,0.0,0.0,0.0,-107615304.0,0.0,0.0,0.0,0.0,53,4.950428597886765e+32,0.0,0.0,0.0,0.0,0.0,0.0,0.0,0.0,0,0,0,0.0,0.0,0.0,0.0,0.0,0.0,0.0,0.0,0.0,0.0,0.0,0.0,0.0,0.0,0.0,0.0,0,-107875648.0,53,0.0,106,-107614832.0,2.7006707062415038e+23,ERR,ERR,ERR,ERR,ERR,ERR,ERR,ERR,ERR,ERR,ERR,ERR,ERR,ERR,ERR,ERR,ERR,ERR,ERR,ERR,ERR,ERR,ERR,ERR,ERR,ERR,ERR,ERR,ERR,ERR,ERR,ERR,ERR,ERR,ERR,ERR,ERR,ERR,ERR,ERR,ERR,ERR,ERR,ERR,ERR,ERR,ERR,ERR,ERR,ERR,ERR,ERR,ERR,ERR,ERR,ERR,ERR,ERR,ERR,ERR,ERR,ERR,ERR,ERR,ERR,ERR,ERR,50.0,60.0,100,0.0,0.0,0.0,0.0,0.0,0.0,0.0,0.0,0.0,0.0,0.0,0.0,0.0,0.0,0.0,0.0,61.6,77,11,65508,50,65476,0,300,0,0,8,20529,65476,0,0,26214,60.0,0.0,0.0,0.0,0.0,0.0
2026-05-17T16:53:53,ERR,ERR,ERR,ERR,ERR,ERR,ERR,ERR,ERR,ERR,ERR,ERR,ERR,ERR,ERR,ERR,ERR,ERR,ERR,ERR,ERR,ERR,ERR,ERR,ERR,ERR,ERR,ERR,ERR,ERR,ERR,ERR,ERR,ERR,ERR,ERR,ERR,ERR,ERR,ERR,ERR,ERR,ERR,ERR,ERR,ERR,ERR,ERR,ERR,ERR,ERR,ERR,ERR,ERR,ERR,ERR,ERR,ERR,ERR,ERR,ERR,ERR,ERR,ERR,ERR,ERR,ERR,ERR,ERR,ERR,ERR,ERR,ERR,ERR,ERR,ERR,ERR,ERR,ERR,ERR,ERR,ERR,ERR,ERR,ERR,ERR,ERR,ERR,ERR,ERR,ERR,ERR,ERR,ERR,ERR,ERR,ERR,ERR,ERR,ERR,ERR,ERR,ERR,ERR,ERR,ERR,ERR,ERR,ERR,ERR,ERR,ERR,ERR,ERR,ERR,ERR,ERR,ERR,ERR,ERR,ERR,ERR,ERR,ERR,ERR,0.0,0.0,-134474944.0,0.0,0.0,1.3936040501711995e+18,7.805,0.0,0,0,4,0,8422,0.0,45,0.0,0.0,0.0,0.0,0.0,0,0,0,0,0.0,0,0,0,0,0,0,0,0,0,0,0,0,0,0,0,0,0,0,0,0,0,0,0,0,0,0,0,0,0,0,0,0,0,38,14,7,45,65476,0,300,0,0,8,21553,0.0,-107605600.0,0.0,0.0,0.0,0.0,0.0,0.0,0.0,0.0,0.0,0.0,0.0,0.0,0.0,0.0,0.0,0.0,0.0,0.0,0.0,0.0,0.0,0.0,-2.004,2.004,0.0,0.0,0.0,0.0,4949.0,-0.0,0.0,0.0,0.0,0.0,-107615304.0,0.0,0.0,0.0,0.0,53,4.950428597886765e+32,0.0,0.0,0.0,0.0,0.0,0.0,0.0,0.0,0,0,0,0.0,0.0,0.0,0.0,0.0,0.0,0.0,0.0,0.0,0.0,0.0,0.0,0.0,0.0,0.0,0.0,0,-107875648.0,53,0.0,106,-107614832.0,2.7006707062415038e+23,ERR,ERR,ERR,ERR,ERR,ERR,ERR,ERR,ERR,ERR,ERR,ERR,ERR,ERR,ERR,ERR,ERR,ERR,ERR,ERR,ERR,ERR,ERR,ERR,ERR,ERR,ERR,ERR,ERR,ERR,ERR,ERR,ERR,ERR,ERR,ERR,ERR,ERR,ERR,ERR,ERR,ERR,ERR,ERR,ERR,ERR,ERR,ERR,ERR,ERR,ERR,ERR,ERR,ERR,ERR,ERR,ERR,ERR,ERR,ERR,ERR,ERR,ERR,ERR,ERR,ERR,ERR,50.0,60.0,100,0.0,0.0,0.0,0.0,0.0,0.0,0.0,0.0,0.0,0.0,0.0,0.0,0.0,0.0,0.0,0.0,62.0,77,11,65508,50,65476,0,300,0,0,8,20529,65476,0,0,26214,60.0,0.0,0.0,0.0,0.0,0.0
2026-05-17T16:53:54,ERR,ERR,ERR,ERR,ERR,ERR,ERR,ERR,ERR,ERR,ERR,ERR,ERR,ERR,ERR,ERR,ERR,ERR,ERR,ERR,ERR,ERR,ERR,ERR,ERR,ERR,ERR,ERR,ERR,ERR,ERR,ERR,ERR,ERR,ERR,ERR,ERR,ERR,ERR,ERR,ERR,ERR,ERR,ERR,ERR,ERR,ERR,ERR,ERR,ERR,ERR,ERR,ERR,ERR,ERR,ERR,ERR,ERR,ERR,ERR,ERR,ERR,ERR,ERR,ERR,ERR,ERR,ERR,ERR,ERR,ERR,ERR,ERR,ERR,ERR,ERR,ERR,ERR,ERR,ERR,ERR,ERR,ERR,ERR,ERR,ERR,ERR,ERR,ERR,ERR,ERR,ERR,ERR,ERR,ERR,ERR,ERR,ERR,ERR,ERR,ERR,ERR,ERR,ERR,ERR,ERR,ERR,ERR,ERR,ERR,ERR,ERR,ERR,ERR,ERR,ERR,ERR,ERR,ERR,ERR,ERR,ERR,ERR,ERR,ERR,0.0,0.0,-134474944.0,0.0,0.0,1.3936040501711995e+18,7.805,0.0,0,0,4,0,8422,0.0,45,0.0,0.0,0.0,0.0,0.0,0,0,0,0,0.0,0,0,0,0,0,0,0,0,0,0,0,0,0,0,0,0,0,0,0,0,0,0,0,0,0,0,0,0,0,0,0,0,0,38,14,7,45,65476,0,300,0,0,8,21553,0.0,-107605600.0,0.0,0.0,0.0,0.0,0.0,0.0,0.0,0.0,0.0,0.0,0.0,0.0,0.0,0.0,0.0,0.0,0.0,0.0,0.0,0.0,0.0,0.0,-2.004,2.004,0.0,0.0,0.0,0.0,4949.0,-0.0,0.0,0.0,0.0,0.0,-107615304.0,0.0,0.0,0.0,0.0,53,4.950428597886765e+32,0.0,0.0,0.0,0.0,0.0,0.0,0.0,0.0,0,0,0,0.0,0.0,0.0,0.0,0.0,0.0,0.0,0.0,0.0,0.0,0.0,0.0,0.0,0.0,0.0,0.0,0,-107875648.0,53,0.0,106,-107614832.0,2.7006707062415038e+23,ERR,ERR,ERR,ERR,ERR,ERR,ERR,ERR,ERR,ERR,ERR,ERR,ERR,ERR,ERR,ERR,ERR,ERR,ERR,ERR,ERR,ERR,ERR,ERR,ERR,ERR,ERR,ERR,ERR,ERR,ERR,ERR,ERR,ERR,ERR,ERR,ERR,ERR,ERR,ERR,ERR,ERR,ERR,ERR,ERR,ERR,ERR,ERR,ERR,ERR,ERR,ERR,ERR,ERR,ERR,ERR,ERR,ERR,ERR,ERR,ERR,ERR,ERR,ERR,ERR,ERR,ERR,50.0,60.0,100,0.0,0.0,0.0,0.0,0.0,0.0,0.0,0.0,0.0,0.0,0.0,0.0,0.0,0.0,0.0,0.0,61.6,77,11,65508,50,65476,0,300,0,0,8,20529,65476,0,0,26214,60.0,0.0,0.0,0.0,0.0,0.0
2026-05-17T16:53:55,ERR,ERR,ERR,ERR,ERR,ERR,ERR,ERR,ERR,ERR,ERR,ERR,ERR,ERR,ERR,ERR,ERR,ERR,ERR,ERR,ERR,ERR,ERR,ERR,ERR,ERR,ERR,ERR,ERR,ERR,ERR,ERR,ERR,ERR,ERR,ERR,ERR,ERR,ERR,ERR,ERR,ERR,ERR,ERR,ERR,ERR,ERR,ERR,ERR,ERR,ERR,ERR,ERR,ERR,ERR,ERR,ERR,ERR,ERR,ERR,ERR,ERR,ERR,ERR,ERR,ERR,ERR,ERR,ERR,ERR,ERR,ERR,ERR,ERR,ERR,ERR,ERR,ERR,ERR,ERR,ERR,ERR,ERR,ERR,ERR,ERR,ERR,ERR,ERR,ERR,ERR,ERR,ERR,ERR,ERR,ERR,ERR,ERR,ERR,ERR,ERR,ERR,ERR,ERR,ERR,ERR,ERR,ERR,ERR,ERR,ERR,ERR,ERR,ERR,ERR,ERR,ERR,ERR,ERR,ERR,ERR,ERR,ERR,ERR,ERR,0.0,0.0,-134474944.0,0.0,0.0,1.3936040501711995e+18,7.805,0.0,0,0,4,0,8422,0.0,45,0.0,0.0,0.0,0.0,0.0,0,0,0,0,0.0,0,0,0,0,0,0,0,0,0,0,0,0,0,0,0,0,0,0,0,0,0,0,0,0,0,0,0,0,0,0,0,0,0,38,14,7,45,65476,0,300,0,0,8,21553,0.0,-107605600.0,0.0,0.0,0.0,0.0,0.0,0.0,0.0,0.0,0.0,0.0,0.0,0.0,0.0,0.0,0.0,0.0,0.0,0.0,0.0,0.0,0.0,0.0,-2.004,2.004,0.0,0.0,0.0,0.0,4951.0,-1.0406651332689642e+34,0.0,0.0,0.0,0.0,-107615304.0,0.0,0.0,0.0,0.0,53,-0.0,5.848054890877766e+35,0.0,0.0,0.0,0.0,0.0,0.0,0.0,0,0,0,0.0,0.0,0.0,0.0,0.0,0.0,0.0,0.0,0.0,0.0,0.0,0.0,0.0,0.0,0.0,0.0,0,-107875648.0,53,0.0,106,-107614832.0,2.7006707062415038e+23,ERR,ERR,ERR,ERR,ERR,ERR,ERR,ERR,ERR,ERR,ERR,ERR,ERR,ERR,ERR,ERR,ERR,ERR,ERR,ERR,ERR,ERR,ERR,ERR,ERR,ERR,ERR,ERR,ERR,ERR,ERR,ERR,ERR,ERR,ERR,ERR,ERR,ERR,ERR,ERR,ERR,ERR,ERR,ERR,ERR,ERR,ERR,ERR,ERR,ERR,ERR,ERR,ERR,ERR,ERR,ERR,ERR,ERR,ERR,ERR,ERR,ERR,ERR,ERR,ERR,ERR,ERR,50.0,60.0,100,0.0,0.0,0.0,0.0,0.0,0.0,0.0,0.0,0.0,0.0,0.0,0.0,0.0,0.0,0.0,0.0,61.6,77,11,65508,50,65476,0,300,0,0,8,20529,65476,0,0,26214,60.0,0.0,0.0,0.0,0.0,0.0
2026-05-17T16:53:56,ERR,ERR,ERR,ERR,ERR,ERR,ERR,ERR,ERR,ERR,ERR,ERR,ERR,ERR,ERR,ERR,ERR,ERR,ERR,ERR,ERR,ERR,ERR,ERR,ERR,ERR,ERR,ERR,ERR,ERR,ERR,ERR,ERR,ERR,ERR,ERR,ERR,ERR,ERR,ERR,ERR,ERR,ERR,ERR,ERR,ERR,ERR,ERR,ERR,ERR,ERR,ERR,ERR,ERR,ERR,ERR,ERR,ERR,ERR,ERR,ERR,ERR,ERR,ERR,ERR,ERR,ERR,ERR,ERR,ERR,ERR,ERR,ERR,ERR,ERR,ERR,ERR,ERR,ERR,ERR,ERR,ERR,ERR,ERR,ERR,ERR,ERR,ERR,ERR,ERR,ERR,ERR,ERR,ERR,ERR,ERR,ERR,ERR,ERR,ERR,ERR,ERR,ERR,ERR,ERR,ERR,ERR,ERR,ERR,ERR,ERR,ERR,ERR,ERR,ERR,ERR,ERR,ERR,ERR,ERR,ERR,ERR,ERR,ERR,ERR,0.0,0.0,-134474944.0,0.0,0.0,1.3936040501711995e+18,7.805,0.0,0,0,4,0,8422,0.0,45,0.0,0.0,0.0,0.0,0.0,0,0,0,0,0.0,0,0,0,0,0,0,0,0,0,0,0,0,0,0,0,0,0,0,0,0,0,0,0,0,0,0,0,0,0,0,0,0,0,38,14,7,45,65476,0,300,0,0,8,21553,0.0,-107605600.0,0.0,0.0,0.0,0.0,0.0,0.0,0.0,0.0,0.0,0.0,0.0,0.0,0.0,0.0,0.0,0.0,0.0,0.0,0.0,0.0,0.0,0.0,-2.004,2.004,0.0,0.0,0.0,0.0,4951.0,-1.0406651332689642e+34,0.0,0.0,0.0,0.0,-107615304.0,0.0,0.0,0.0,0.0,53,-0.0,5.848054890877766e+35,0.0,0.0,0.0,0.0,0.0,0.0,0.0,0,0,0,0.0,0.0,0.0,0.0,0.0,0.0,0.0,0.0,0.0,0.0,0.0,0.0,0.0,0.0,0.0,0.0,0,-107875648.0,53,0.0,106,-107614832.0,2.7006707062415038e+23,ERR,ERR,ERR,ERR,ERR,ERR,ERR,ERR,ERR,ERR,ERR,ERR,ERR,ERR,ERR,ERR,ERR,ERR,ERR,ERR,ERR,ERR,ERR,ERR,ERR,ERR,ERR,ERR,ERR,ERR,ERR,ERR,ERR,ERR,ERR,ERR,ERR,ERR,ERR,ERR,ERR,ERR,ERR,ERR,ERR,ERR,ERR,ERR,ERR,ERR,ERR,ERR,ERR,ERR,ERR,ERR,ERR,ERR,ERR,ERR,ERR,ERR,ERR,ERR,ERR,ERR,ERR,50.0,60.0,100,0.0,0.0,0.0,0.0,0.0,0.0,0.0,0.0,0.0,0.0,0.0,0.0,0.0,0.0,0.0,0.0,61.6,77,11,65508,50,65476,0,300,0,0,8,20529,65476,0,0,26214,60.0,0.0,0.0,0.0,0.0,0.0
2026-05-17T16:53:57,ERR,ERR,ERR,ERR,ERR,ERR,ERR,ERR,ERR,ERR,ERR,ERR,ERR,ERR,ERR,ERR,ERR,ERR,ERR,ERR,ERR,ERR,ERR,ERR,ERR,ERR,ERR,ERR,ERR,ERR,ERR,ERR,ERR,ERR,ERR,ERR,ERR,ERR,ERR,ERR,ERR,ERR,ERR,ERR,ERR,ERR,ERR,ERR,ERR,ERR,ERR,ERR,ERR,ERR,ERR,ERR,ERR,ERR,ERR,ERR,ERR,ERR,ERR,ERR,ERR,ERR,ERR,ERR,ERR,ERR,ERR,ERR,ERR,ERR,ERR,ERR,ERR,ERR,ERR,ERR,ERR,ERR,ERR,ERR,ERR,ERR,ERR,ERR,ERR,ERR,ERR,ERR,ERR,ERR,ERR,ERR,ERR,ERR,ERR,ERR,ERR,ERR,ERR,ERR,ERR,ERR,ERR,ERR,ERR,ERR,ERR,ERR,ERR,ERR,ERR,ERR,ERR,ERR,ERR,ERR,ERR,ERR,ERR,ERR,ERR,0.0,0.0,-134474944.0,0.0,0.0,1.3936040501711995e+18,7.805,0.0,0,0,4,0,8422,0.0,45,0.0,0.0,0.0,0.0,0.0,0,0,0,0,0.0,0,0,0,0,0,0,0,0,0,0,0,0,0,0,0,0,0,0,0,0,0,0,0,0,0,0,0,0,0,0,0,0,0,38,14,7,45,65476,0,300,0,0,8,21553,0.0,-107605600.0,0.0,0.0,0.0,0.0,0.0,0.0,0.0,0.0,0.0,0.0,0.0,0.0,0.0,0.0,0.0,0.0,0.0,0.0,0.0,0.0,0.0,0.0,-2.004,2.004,0.0,0.0,0.0,0.0,4951.0,-1.0406651332689642e+34,0.0,0.0,0.0,0.0,-107615304.0,0.0,0.0,0.0,0.0,53,-0.0,5.848054890877766e+35,0.0,0.0,0.0,0.0,0.0,0.0,0.0,0,0,0,0.0,0.0,0.0,0.0,0.0,0.0,0.0,0.0,0.0,0.0,0.0,0.0,0.0,0.0,0.0,0.0,0,-107875648.0,53,0.0,106,-107614832.0,2.7006707062415038e+23,ERR,ERR,ERR,ERR,ERR,ERR,ERR,ERR,ERR,ERR,ERR,ERR,ERR,ERR,ERR,ERR,ERR,ERR,ERR,ERR,ERR,ERR,ERR,ERR,ERR,ERR,ERR,ERR,ERR,ERR,ERR,ERR,ERR,ERR,ERR,ERR,ERR,ERR,ERR,ERR,ERR,ERR,ERR,ERR,ERR,ERR,ERR,ERR,ERR,ERR,ERR,ERR,ERR,ERR,ERR,ERR,ERR,ERR,ERR,ERR,ERR,ERR,ERR,ERR,ERR,ERR,ERR,50.0,60.0,100,0.0,0.0,0.0,0.0,0.0,0.0,0.0,0.0,0.0,0.0,0.0,0.0,0.0,0.0,0.0,0.0,61.6,77,11,65508,50,65476,0,300,0,0,8,20529,65476,0,0,26214,60.0,0.0,0.0,0.0,0.0,0.0
2026-05-17T16:53:58,ERR,ERR,ERR,ERR,ERR,ERR,ERR,ERR,ERR,ERR,ERR,ERR,ERR,ERR,ERR,ERR,ERR,ERR,ERR,ERR,ERR,ERR,ERR,ERR,ERR,ERR,ERR,ERR,ERR,ERR,ERR,ERR,ERR,ERR,ERR,ERR,ERR,ERR,ERR,ERR,ERR,ERR,ERR,ERR,ERR,ERR,ERR,ERR,ERR,ERR,ERR,ERR,ERR,ERR,ERR,ERR,ERR,ERR,ERR,ERR,ERR,ERR,ERR,ERR,ERR,ERR,ERR,ERR,ERR,ERR,ERR,ERR,ERR,ERR,ERR,ERR,ERR,ERR,ERR,ERR,ERR,ERR,ERR,ERR,ERR,ERR,ERR,ERR,ERR,ERR,ERR,ERR,ERR,ERR,ERR,ERR,ERR,ERR,ERR,ERR,ERR,ERR,ERR,ERR,ERR,ERR,ERR,ERR,ERR,ERR,ERR,ERR,ERR,ERR,ERR,ERR,ERR,ERR,ERR,ERR,ERR,ERR,ERR,ERR,ERR,0.0,0.0,-134474944.0,0.0,0.0,1.3936040501711995e+18,7.805,0.0,0,0,4,0,8422,0.0,45,0.0,0.0,0.0,0.0,0.0,0,0,0,0,0.0,0,0,0,0,0,0,0,0,0,0,0,0,0,0,0,0,0,0,0,0,0,0,0,0,0,0,0,0,0,0,0,0,0,38,14,7,45,65476,0,300,0,0,8,21553,0.0,-107605600.0,0.0,0.0,0.0,0.0,0.0,0.0,0.0,0.0,0.0,0.0,0.0,0.0,0.0,0.0,0.0,0.0,0.0,0.0,0.0,0.0,0.0,0.0,-2.004,2.004,0.0,0.0,0.0,0.0,4951.0,-1.0406651332689642e+34,0.0,0.0,0.0,0.0,-107615304.0,0.0,0.0,0.0,0.0,53,-0.0,5.848054890877766e+35,0.0,0.0,0.0,0.0,0.0,0.0,0.0,0,0,0,0.0,0.0,0.0,0.0,0.0,0.0,0.0,0.0,0.0,0.0,0.0,0.0,0.0,0.0,0.0,0.0,0,-107875648.0,53,0.0,106,-107614832.0,2.7006707062415038e+23,ERR,ERR,ERR,ERR,ERR,ERR,ERR,ERR,ERR,ERR,ERR,ERR,ERR,ERR,ERR,ERR,ERR,ERR,ERR,ERR,ERR,ERR,ERR,ERR,ERR,ERR,ERR,ERR,ERR,ERR,ERR,ERR,ERR,ERR,ERR,ERR,ERR,ERR,ERR,ERR,ERR,ERR,ERR,ERR,ERR,ERR,ERR,ERR,ERR,ERR,ERR,ERR,ERR,ERR,ERR,ERR,ERR,ERR,ERR,ERR,ERR,ERR,ERR,ERR,ERR,ERR,ERR,50.0,60.0,100,0.0,0.0,0.0,0.0,0.0,0.0,0.0,0.0,0.0,0.0,0.0,0.0,0.0,0.0,0.0,0.0,61.6,77,11,65508,50,65476,0,300,0,0,8,20529,65476,0,0,26214,60.0,0.0,0.0,0.0,0.0,0.0
2026-05-17T16:53:59,ERR,ERR,ERR,ERR,ERR,ERR,ERR,ERR,ERR,ERR,ERR,ERR,ERR,ERR,ERR,ERR,ERR,ERR,ERR,ERR,ERR,ERR,ERR,ERR,ERR,ERR,ERR,ERR,ERR,ERR,ERR,ERR,ERR,ERR,ERR,ERR,ERR,ERR,ERR,ERR,ERR,ERR,ERR,ERR,ERR,ERR,ERR,ERR,ERR,ERR,ERR,ERR,ERR,ERR,ERR,ERR,ERR,ERR,ERR,ERR,ERR,ERR,ERR,ERR,ERR,ERR,ERR,ERR,ERR,ERR,ERR,ERR,ERR,ERR,ERR,ERR,ERR,ERR,ERR,ERR,ERR,ERR,ERR,ERR,ERR,ERR,ERR,ERR,ERR,ERR,ERR,ERR,ERR,ERR,ERR,ERR,ERR,ERR,ERR,ERR,ERR,ERR,ERR,ERR,ERR,ERR,ERR,ERR,ERR,ERR,ERR,ERR,ERR,ERR,ERR,ERR,ERR,ERR,ERR,ERR,ERR,ERR,ERR,ERR,ERR,0.0,0.0,-134474944.0,0.0,0.0,1.3936040501711995e+18,7.805,0.0,0,0,4,0,8422,0.0,45,0.0,0.0,0.0,0.0,0.0,0,0,0,0,0.0,0,0,0,0,0,0,0,0,0,0,0,0,0,0,0,0,0,0,0,0,0,0,0,0,0,0,0,0,0,0,0,0,0,38,14,7,45,65476,0,300,0,0,8,21553,0.0,-107605600.0,0.0,0.0,0.0,0.0,0.0,0.0,0.0,0.0,0.0,0.0,0.0,0.0,0.0,0.0,0.0,0.0,0.0,0.0,0.0,0.0,0.0,0.0,-2.004,2.004,0.0,0.0,0.0,0.0,4951.0,-1.0406651332689642e+34,0.0,0.0,0.0,0.0,-107615304.0,0.0,0.0,0.0,0.0,53,-0.0,5.848054890877766e+35,0.0,0.0,0.0,0.0,0.0,0.0,0.0,0,0,0,0.0,0.0,0.0,0.0,0.0,0.0,0.0,0.0,0.0,0.0,0.0,0.0,0.0,0.0,0.0,0.0,0,-107875648.0,53,0.0,106,-107614832.0,2.7006707062415038e+23,ERR,ERR,ERR,ERR,ERR,ERR,ERR,ERR,ERR,ERR,ERR,ERR,ERR,ERR,ERR,ERR,ERR,ERR,ERR,ERR,ERR,ERR,ERR,ERR,ERR,ERR,ERR,ERR,ERR,ERR,ERR,ERR,ERR,ERR,ERR,ERR,ERR,ERR,ERR,ERR,ERR,ERR,ERR,ERR,ERR,ERR,ERR,ERR,ERR,ERR,ERR,ERR,ERR,ERR,ERR,ERR,ERR,ERR,ERR,ERR,ERR,ERR,ERR,ERR,ERR,ERR,ERR,50.0,60.0,100,0.0,0.0,0.0,0.0,0.0,0.0,0.0,0.0,0.0,0.0,0.0,0.0,0.0,0.0,0.0,0.0,61.6,77,11,65508,50,65476,0,300,0,0,8,20529,65476,0,0,26214,60.0,0.0,0.0,0.0,0.0,0.0
2026-05-17T16:54:00,ERR,ERR,ERR,ERR,ERR,ERR,ERR,ERR,ERR,ERR,ERR,ERR,ERR,ERR,ERR,ERR,ERR,ERR,ERR,ERR,ERR,ERR,ERR,ERR,ERR,ERR,ERR,ERR,ERR,ERR,ERR,ERR,ERR,ERR,ERR,ERR,ERR,ERR,ERR,ERR,ERR,ERR,ERR,ERR,ERR,ERR,ERR,ERR,ERR,ERR,ERR,ERR,ERR,ERR,ERR,ERR,ERR,ERR,ERR,ERR,ERR,ERR,ERR,ERR,ERR,ERR,ERR,ERR,ERR,ERR,ERR,ERR,ERR,ERR,ERR,ERR,ERR,ERR,ERR,ERR,ERR,ERR,ERR,ERR,ERR,ERR,ERR,ERR,ERR,ERR,ERR,ERR,ERR,ERR,ERR,ERR,ERR,ERR,ERR,ERR,ERR,ERR,ERR,ERR,ERR,ERR,ERR,ERR,ERR,ERR,ERR,ERR,ERR,ERR,ERR,ERR,ERR,ERR,ERR,ERR,ERR,ERR,ERR,ERR,ERR,0.0,0.0,-134474944.0,0.0,0.0,1.3936040501711995e+18,7.805,0.0,0,0,4,0,8422,0.0,45,0.0,0.0,0.0,0.0,0.0,0,0,0,0,0.0,0,0,0,0,0,0,0,0,0,0,0,0,0,0,0,0,0,0,0,0,0,0,0,0,0,0,0,0,0,0,0,0,0,38,14,7,45,65476,0,300,0,0,8,21553,0.0,-107605600.0,0.0,0.0,0.0,0.0,0.0,0.0,0.0,0.0,0.0,0.0,0.0,0.0,0.0,0.0,0.0,0.0,0.0,0.0,0.0,0.0,0.0,0.0,-2.004,2.004,0.0,0.0,0.0,0.0,4947.0,-2.4229873280715295e+24,0.0,0.0,0.0,0.0,-107615304.0,0.0,0.0,0.0,0.0,53,-0.0,126840520704.0,0.0,0.0,0.0,0.0,0.0,0.0,0.0,0,0,0,0.0,0.0,0.0,0.0,0.0,0.0,0.0,0.0,0.0,0.0,0.0,0.0,0.0,0.0,0.0,0.0,0,-107875648.0,53,0.0,106,-107614832.0,2.7006707062415038e+23,ERR,ERR,ERR,ERR,ERR,ERR,ERR,ERR,ERR,ERR,ERR,ERR,ERR,ERR,ERR,ERR,ERR,ERR,ERR,ERR,ERR,ERR,ERR,ERR,ERR,ERR,ERR,ERR,ERR,ERR,ERR,ERR,ERR,ERR,ERR,ERR,ERR,ERR,ERR,ERR,ERR,ERR,ERR,ERR,ERR,ERR,ERR,ERR,ERR,ERR,ERR,ERR,ERR,ERR,ERR,ERR,ERR,ERR,ERR,ERR,ERR,ERR,ERR,ERR,ERR,ERR,ERR,50.0,60.0,100,0.0,0.0,0.0,0.0,0.0,0.0,0.0,0.0,0.0,0.0,0.0,0.0,0.0,0.0,0.0,0.0,61.6,77,11,65508,50,65476,0,300,0,0,8,20529,65476,0,0,26214,60.0,0.0,0.0,0.0,0.0,0.0
2026-05-17T16:54:01,ERR,ERR,ERR,ERR,ERR,ERR,ERR,ERR,ERR,ERR,ERR,ERR,ERR,ERR,ERR,ERR,ERR,ERR,ERR,ERR,ERR,ERR,ERR,ERR,ERR,ERR,ERR,ERR,ERR,ERR,ERR,ERR,ERR,ERR,ERR,ERR,ERR,ERR,ERR,ERR,ERR,ERR,ERR,ERR,ERR,ERR,ERR,ERR,ERR,ERR,ERR,ERR,ERR,ERR,ERR,ERR,ERR,ERR,ERR,ERR,ERR,ERR,ERR,ERR,ERR,ERR,ERR,ERR,ERR,ERR,ERR,ERR,ERR,ERR,ERR,ERR,ERR,ERR,ERR,ERR,ERR,ERR,ERR,ERR,ERR,ERR,ERR,ERR,ERR,ERR,ERR,ERR,ERR,ERR,ERR,ERR,ERR,ERR,ERR,ERR,ERR,ERR,ERR,ERR,ERR,ERR,ERR,ERR,ERR,ERR,ERR,ERR,ERR,ERR,ERR,ERR,ERR,ERR,ERR,ERR,ERR,ERR,ERR,ERR,ERR,0.0,0.0,-134474944.0,0.0,0.0,1.3936040501711995e+18,7.805,0.0,0,0,4,0,8422,0.0,45,0.0,0.0,0.0,0.0,0.0,0,0,0,0,0.0,0,0,0,0,0,0,0,0,0,0,0,0,0,0,0,0,0,0,0,0,0,0,0,0,0,0,0,0,0,0,0,0,0,38,14,7,45,65476,0,300,0,0,8,21553,0.0,-107605600.0,0.0,0.0,0.0,0.0,0.0,0.0,0.0,0.0,0.0,0.0,0.0,0.0,0.0,0.0,0.0,0.0,0.0,0.0,0.0,0.0,0.0,0.0,-2.004,2.004,0.0,0.0,0.0,0.0,4947.0,-2.4229873280715295e+24,0.0,0.0,0.0,0.0,-107615304.0,0.0,0.0,0.0,0.0,53,-0.0,126840520704.0,0.0,0.0,0.0,0.0,0.0,0.0,0.0,0,0,0,0.0,0.0,0.0,0.0,0.0,0.0,0.0,0.0,0.0,0.0,0.0,0.0,0.0,0.0,0.0,0.0,0,-107875648.0,53,0.0,106,-107614832.0,2.7006707062415038e+23,ERR,ERR,ERR,ERR,ERR,ERR,ERR,ERR,ERR,ERR,ERR,ERR,ERR,ERR,ERR,ERR,ERR,ERR,ERR,ERR,ERR,ERR,ERR,ERR,ERR,ERR,ERR,ERR,ERR,ERR,ERR,ERR,ERR,ERR,ERR,ERR,ERR,ERR,ERR,ERR,ERR,ERR,ERR,ERR,ERR,ERR,ERR,ERR,ERR,ERR,ERR,ERR,ERR,ERR,ERR,ERR,ERR,ERR,ERR,ERR,ERR,ERR,ERR,ERR,ERR,ERR,ERR,50.0,60.0,100,0.0,0.0,0.0,0.0,0.0,0.0,0.0,0.0,0.0,0.0,0.0,0.0,0.0,0.0,0.0,0.0,61.6,77,11,65508,50,65476,0,300,0,0,8,20529,65476,0,0,26214,60.0,0.0,0.0,0.0,0.0,0.0
2026-05-17T16:54:02,ERR,ERR,ERR,ERR,ERR,ERR,ERR,ERR,ERR,ERR,ERR,ERR,ERR,ERR,ERR,ERR,ERR,ERR,ERR,ERR,ERR,ERR,ERR,ERR,ERR,ERR,ERR,ERR,ERR,ERR,ERR,ERR,ERR,ERR,ERR,ERR,ERR,ERR,ERR,ERR,ERR,ERR,ERR,ERR,ERR,ERR,ERR,ERR,ERR,ERR,ERR,ERR,ERR,ERR,ERR,ERR,ERR,ERR,ERR,ERR,ERR,ERR,ERR,ERR,ERR,ERR,ERR,ERR,ERR,ERR,ERR,ERR,ERR,ERR,ERR,ERR,ERR,ERR,ERR,ERR,ERR,ERR,ERR,ERR,ERR,ERR,ERR,ERR,ERR,ERR,ERR,ERR,ERR,ERR,ERR,ERR,ERR,ERR,ERR,ERR,ERR,ERR,ERR,ERR,ERR,ERR,ERR,ERR,ERR,ERR,ERR,ERR,ERR,ERR,ERR,ERR,ERR,ERR,ERR,ERR,ERR,ERR,ERR,ERR,ERR,0.0,0.0,-134474944.0,0.0,0.0,1.3936040501711995e+18,7.805,0.0,0,0,4,0,8422,0.0,45,0.0,0.0,0.0,0.0,0.0,0,0,0,0,0.0,0,0,0,0,0,0,0,0,0,0,0,0,0,0,0,0,0,0,0,0,0,0,0,0,0,0,0,0,0,0,0,0,0,38,14,7,45,65476,0,300,0,0,8,21553,0.0,-107605600.0,0.0,0.0,0.0,0.0,0.0,0.0,0.0,0.0,0.0,0.0,0.0,0.0,0.0,0.0,0.0,0.0,0.0,0.0,0.0,0.0,0.0,0.0,-2.004,2.004,0.0,0.0,0.0,0.0,4947.0,-2.4229873280715295e+24,0.0,0.0,0.0,0.0,-107615304.0,0.0,0.0,0.0,0.0,53,-0.0,126840520704.0,0.0,0.0,0.0,0.0,0.0,0.0,0.0,0,0,0,0.0,0.0,0.0,0.0,0.0,0.0,0.0,0.0,0.0,0.0,0.0,0.0,0.0,0.0,0.0,0.0,0,-107875648.0,53,0.0,106,-107614832.0,2.7006707062415038e+23,ERR,ERR,ERR,ERR,ERR,ERR,ERR,ERR,ERR,ERR,ERR,ERR,ERR,ERR,ERR,ERR,ERR,ERR,ERR,ERR,ERR,ERR,ERR,ERR,ERR,ERR,ERR,ERR,ERR,ERR,ERR,ERR,ERR,ERR,ERR,ERR,ERR,ERR,ERR,ERR,ERR,ERR,ERR,ERR,ERR,ERR,ERR,ERR,ERR,ERR,ERR,ERR,ERR,ERR,ERR,ERR,ERR,ERR,ERR,ERR,ERR,ERR,ERR,ERR,ERR,ERR,ERR,50.0,60.0,100,0.0,0.0,0.0,0.0,0.0,0.0,0.0,0.0,0.0,0.0,0.0,0.0,0.0,0.0,0.0,0.0,61.6,77,11,65508,50,65476,0,300,0,0,8,20529,65476,0,0,26214,60.0,0.0,0.0,0.0,0.0,0.0
2026-05-17T16:54:03,ERR,ERR,ERR,ERR,ERR,ERR,ERR,ERR,ERR,ERR,ERR,ERR,ERR,ERR,ERR,ERR,ERR,ERR,ERR,ERR,ERR,ERR,ERR,ERR,ERR,ERR,ERR,ERR,ERR,ERR,ERR,ERR,ERR,ERR,ERR,ERR,ERR,ERR,ERR,ERR,ERR,ERR,ERR,ERR,ERR,ERR,ERR,ERR,ERR,ERR,ERR,ERR,ERR,ERR,ERR,ERR,ERR,ERR,ERR,ERR,ERR,ERR,ERR,ERR,ERR,ERR,ERR,ERR,ERR,ERR,ERR,ERR,ERR,ERR,ERR,ERR,ERR,ERR,ERR,ERR,ERR,ERR,ERR,ERR,ERR,ERR,ERR,ERR,ERR,ERR,ERR,ERR,ERR,ERR,ERR,ERR,ERR,ERR,ERR,ERR,ERR,ERR,ERR,ERR,ERR,ERR,ERR,ERR,ERR,ERR,ERR,ERR,ERR,ERR,ERR,ERR,ERR,ERR,ERR,ERR,ERR,ERR,ERR,ERR,ERR,0.0,0.0,-134474944.0,0.0,0.0,1.3936040501711995e+18,7.805,0.0,0,0,4,0,8422,0.0,45,0.0,0.0,0.0,0.0,0.0,0,0,0,0,0.0,0,0,0,0,0,0,0,0,0,0,0,0,0,0,0,0,0,0,0,0,0,0,0,0,0,0,0,0,0,0,0,0,0,38,14,7,45,65476,0,300,0,0,8,21553,0.0,-107605600.0,0.0,0.0,0.0,0.0,0.0,0.0,0.0,0.0,0.0,0.0,0.0,0.0,0.0,0.0,0.0,0.0,0.0,0.0,0.0,0.0,0.0,0.0,-2.004,2.004,0.0,0.0,0.0,0.0,4947.0,-2.4229873280715295e+24,0.0,0.0,0.0,0.0,-107615304.0,0.0,0.0,0.0,0.0,53,-0.0,126840520704.0,0.0,0.0,0.0,0.0,0.0,0.0,0.0,0,0,0,0.0,0.0,0.0,0.0,0.0,0.0,0.0,0.0,0.0,0.0,0.0,0.0,0.0,0.0,0.0,0.0,0,-107875648.0,53,0.0,106,-107614832.0,2.7006707062415038e+23,ERR,ERR,ERR,ERR,ERR,ERR,ERR,ERR,ERR,ERR,ERR,ERR,ERR,ERR,ERR,ERR,ERR,ERR,ERR,ERR,ERR,ERR,ERR,ERR,ERR,ERR,ERR,ERR,ERR,ERR,ERR,ERR,ERR,ERR,ERR,ERR,ERR,ERR,ERR,ERR,ERR,ERR,ERR,ERR,ERR,ERR,ERR,ERR,ERR,ERR,ERR,ERR,ERR,ERR,ERR,ERR,ERR,ERR,ERR,ERR,ERR,ERR,ERR,ERR,ERR,ERR,ERR,50.0,60.0,100,0.0,0.0,0.0,0.0,0.0,0.0,0.0,0.0,0.0,0.0,0.0,0.0,0.0,0.0,0.0,0.0,61.6,77,11,65508,50,65476,0,300,0,0,8,20529,65476,0,0,26214,60.0,0.0,0.0,0.0,0.0,0.0
2026-05-17T16:54:04,ERR,ERR,ERR,ERR,ERR,ERR,ERR,ERR,ERR,ERR,ERR,ERR,ERR,ERR,ERR,ERR,ERR,ERR,ERR,ERR,ERR,ERR,ERR,ERR,ERR,ERR,ERR,ERR,ERR,ERR,ERR,ERR,ERR,ERR,ERR,ERR,ERR,ERR,ERR,ERR,ERR,ERR,ERR,ERR,ERR,ERR,ERR,ERR,ERR,ERR,ERR,ERR,ERR,ERR,ERR,ERR,ERR,ERR,ERR,ERR,ERR,ERR,ERR,ERR,ERR,ERR,ERR,ERR,ERR,ERR,ERR,ERR,ERR,ERR,ERR,ERR,ERR,ERR,ERR,ERR,ERR,ERR,ERR,ERR,ERR,ERR,ERR,ERR,ERR,ERR,ERR,ERR,ERR,ERR,ERR,ERR,ERR,ERR,ERR,ERR,ERR,ERR,ERR,ERR,ERR,ERR,ERR,ERR,ERR,ERR,ERR,ERR,ERR,ERR,ERR,ERR,ERR,ERR,ERR,ERR,ERR,ERR,ERR,ERR,ERR,0.0,0.0,-134474944.0,0.0,0.0,1.3936040501711995e+18,7.805,0.0,0,0,4,0,8422,0.0,45,0.0,0.0,0.0,0.0,0.0,0,0,0,0,0.0,0,0,0,0,0,0,0,0,0,0,0,0,0,0,0,0,0,0,0,0,0,0,0,0,0,0,0,0,0,0,0,0,0,38,14,7,45,65476,0,300,0,0,8,21553,0.0,-107605600.0,0.0,0.0,0.0,0.0,0.0,0.0,0.0,0.0,0.0,0.0,0.0,0.0,0.0,0.0,0.0,0.0,0.0,0.0,0.0,0.0,0.0,0.0,-2.004,2.004,0.0,0.0,0.0,0.0,4947.0,-2.4229873280715295e+24,0.0,0.0,0.0,0.0,-107615304.0,0.0,0.0,0.0,0.0,53,-0.0,126840520704.0,0.0,0.0,0.0,0.0,0.0,0.0,0.0,0,0,0,0.0,0.0,0.0,0.0,0.0,0.0,0.0,0.0,0.0,0.0,0.0,0.0,0.0,0.0,0.0,0.0,0,-107875648.0,53,0.0,106,-107614832.0,2.7006707062415038e+23,ERR,ERR,ERR,ERR,ERR,ERR,ERR,ERR,ERR,ERR,ERR,ERR,ERR,ERR,ERR,ERR,ERR,ERR,ERR,ERR,ERR,ERR,ERR,ERR,ERR,ERR,ERR,ERR,ERR,ERR,ERR,ERR,ERR,ERR,ERR,ERR,ERR,ERR,ERR,ERR,ERR,ERR,ERR,ERR,ERR,ERR,ERR,ERR,ERR,ERR,ERR,ERR,ERR,ERR,ERR,ERR,ERR,ERR,ERR,ERR,ERR,ERR,ERR,ERR,ERR,ERR,ERR,50.0,60.0,100,0.0,0.0,0.0,0.0,0.0,0.0,0.0,0.0,0.0,0.0,0.0,0.0,0.0,0.0,0.0,0.0,61.6,77,11,65508,50,65476,0,300,0,0,8,20529,65476,0,0,26214,60.0,0.0,0.0,0.0,0.0,0.0
2026-05-17T16:54:05,ERR,ERR,ERR,ERR,ERR,ERR,ERR,ERR,ERR,ERR,ERR,ERR,ERR,ERR,ERR,ERR,ERR,ERR,ERR,ERR,ERR,ERR,ERR,ERR,ERR,ERR,ERR,ERR,ERR,ERR,ERR,ERR,ERR,ERR,ERR,ERR,ERR,ERR,ERR,ERR,ERR,ERR,ERR,ERR,ERR,ERR,ERR,ERR,ERR,ERR,ERR,ERR,ERR,ERR,ERR,ERR,ERR,ERR,ERR,ERR,ERR,ERR,ERR,ERR,ERR,ERR,ERR,ERR,ERR,ERR,ERR,ERR,ERR,ERR,ERR,ERR,ERR,ERR,ERR,ERR,ERR,ERR,ERR,ERR,ERR,ERR,ERR,ERR,ERR,ERR,ERR,ERR,ERR,ERR,ERR,ERR,ERR,ERR,ERR,ERR,ERR,ERR,ERR,ERR,ERR,ERR,ERR,ERR,ERR,ERR,ERR,ERR,ERR,ERR,ERR,ERR,ERR,ERR,ERR,ERR,ERR,ERR,ERR,ERR,ERR,0.0,0.0,-134474944.0,0.0,0.0,1.3936040501711995e+18,7.805,0.0,0,0,4,0,8422,0.0,45,0.0,0.0,0.0,0.0,0.0,0,0,0,0,0.0,0,0,0,0,0,0,0,0,0,0,0,0,0,0,0,0,0,0,0,0,0,0,0,0,0,0,0,0,0,0,0,0,0,38,14,7,45,65476,0,300,0,0,8,21553,0.0,-107605600.0,0.0,0.0,0.0,0.0,0.0,0.0,0.0,0.0,0.0,0.0,0.0,0.0,0.0,0.0,0.0,0.0,0.0,0.0,0.0,0.0,0.0,0.0,-2.004,2.004,0.0,0.0,0.0,0.0,4947.0,-2.4229873280715295e+24,0.0,0.0,0.0,0.0,-107615304.0,0.0,0.0,0.0,0.0,53,-0.0,126840520704.0,0.0,0.0,0.0,0.0,0.0,0.0,0.0,0,0,0,0.0,0.0,0.0,0.0,0.0,0.0,0.0,0.0,0.0,0.0,0.0,0.0,0.0,0.0,0.0,0.0,0,-107875648.0,53,0.0,106,-107614832.0,2.7006707062415038e+23,ERR,ERR,ERR,ERR,ERR,ERR,ERR,ERR,ERR,ERR,ERR,ERR,ERR,ERR,ERR,ERR,ERR,ERR,ERR,ERR,ERR,ERR,ERR,ERR,ERR,ERR,ERR,ERR,ERR,ERR,ERR,ERR,ERR,ERR,ERR,ERR,ERR,ERR,ERR,ERR,ERR,ERR,ERR,ERR,ERR,ERR,ERR,ERR,ERR,ERR,ERR,ERR,ERR,ERR,ERR,ERR,ERR,ERR,ERR,ERR,ERR,ERR,ERR,ERR,ERR,ERR,ERR,50.0,60.0,100,0.0,0.0,0.0,0.0,0.0,0.0,0.0,0.0,0.0,0.0,0.0,0.0,0.0,0.0,0.0,0.0,61.6,77,11,65508,50,65476,0,300,0,0,8,20529,65476,0,0,26214,60.0,0.0,0.0,0.0,0.0,0.0
2026-05-17T16:54:06,ERR,ERR,ERR,ERR,ERR,ERR,ERR,ERR,ERR,ERR,ERR,ERR,ERR,ERR,ERR,ERR,ERR,ERR,ERR,ERR,ERR,ERR,ERR,ERR,ERR,ERR,ERR,ERR,ERR,ERR,ERR,ERR,ERR,ERR,ERR,ERR,ERR,ERR,ERR,ERR,ERR,ERR,ERR,ERR,ERR,ERR,ERR,ERR,ERR,ERR,ERR,ERR,ERR,ERR,ERR,ERR,ERR,ERR,ERR,ERR,ERR,ERR,ERR,ERR,ERR,ERR,ERR,ERR,ERR,ERR,ERR,ERR,ERR,ERR,ERR,ERR,ERR,ERR,ERR,ERR,ERR,ERR,ERR,ERR,ERR,ERR,ERR,ERR,ERR,ERR,ERR,ERR,ERR,ERR,ERR,ERR,ERR,ERR,ERR,ERR,ERR,ERR,ERR,ERR,ERR,ERR,ERR,ERR,ERR,ERR,ERR,ERR,ERR,ERR,ERR,ERR,ERR,ERR,ERR,ERR,ERR,ERR,ERR,ERR,ERR,0.0,0.0,-134474944.0,0.0,0.0,1.3936040501711995e+18,7.805,0.0,0,0,4,0,8422,0.0,45,0.0,0.0,0.0,0.0,0.0,0,0,0,0,0.0,0,0,0,0,0,0,0,0,0,0,0,0,0,0,0,0,0,0,0,0,0,0,0,0,0,0,0,0,0,0,0,0,0,38,14,7,45,65476,0,300,0,0,8,21553,0.0,-107605600.0,0.0,0.0,0.0,0.0,0.0,0.0,0.0,0.0,0.0,0.0,0.0,0.0,0.0,0.0,0.0,0.0,0.0,0.0,0.0,0.0,0.0,0.0,-2.004,2.004,0.0,0.0,0.0,0.0,4946.0,-2.004,0.0,0.0,0.0,0.0,-107615304.0,0.0,0.0,0.0,0.0,53,2.7184300208680915e+23,-2.308827523576129e+20,0.0,0.0,0.0,0.0,0.0,0.0,0.0,0,0,0,0.0,0.0,0.0,0.0,0.0,0.0,0.0,0.0,0.0,0.0,0.0,0.0,0.0,0.0,0.0,0.0,0,-107875648.0,53,0.0,106,-107614832.0,2.7006707062415038e+23,ERR,ERR,ERR,ERR,ERR,ERR,ERR,ERR,ERR,ERR,ERR,ERR,ERR,ERR,ERR,ERR,ERR,ERR,ERR,ERR,ERR,ERR,ERR,ERR,ERR,ERR,ERR,ERR,ERR,ERR,ERR,ERR,ERR,ERR,ERR,ERR,ERR,ERR,ERR,ERR,ERR,ERR,ERR,ERR,ERR,ERR,ERR,ERR,ERR,ERR,ERR,ERR,ERR,ERR,ERR,ERR,ERR,ERR,ERR,ERR,ERR,ERR,ERR,ERR,ERR,ERR,ERR,50.0,60.0,100,0.0,0.0,0.0,0.0,0.0,0.0,0.0,0.0,0.0,0.0,0.0,0.0,0.0,0.0,0.0,0.0,61.6,77,11,65508,50,65476,0,300,0,0,8,20529,65476,0,0,26214,60.0,0.0,0.0,0.0,0.0,0.0
2026-05-17T16:54:07,ERR,ERR,ERR,ERR,ERR,ERR,ERR,ERR,ERR,ERR,ERR,ERR,ERR,ERR,ERR,ERR,ERR,ERR,ERR,ERR,ERR,ERR,ERR,ERR,ERR,ERR,ERR,ERR,ERR,ERR,ERR,ERR,ERR,ERR,ERR,ERR,ERR,ERR,ERR,ERR,ERR,ERR,ERR,ERR,ERR,ERR,ERR,ERR,ERR,ERR,ERR,ERR,ERR,ERR,ERR,ERR,ERR,ERR,ERR,ERR,ERR,ERR,ERR,ERR,ERR,ERR,ERR,ERR,ERR,ERR,ERR,ERR,ERR,ERR,ERR,ERR,ERR,ERR,ERR,ERR,ERR,ERR,ERR,ERR,ERR,ERR,ERR,ERR,ERR,ERR,ERR,ERR,ERR,ERR,ERR,ERR,ERR,ERR,ERR,ERR,ERR,ERR,ERR,ERR,ERR,ERR,ERR,ERR,ERR,ERR,ERR,ERR,ERR,ERR,ERR,ERR,ERR,ERR,ERR,ERR,ERR,ERR,ERR,ERR,ERR,0.0,0.0,-134474944.0,0.0,0.0,1.3936040501711995e+18,7.805,0.0,0,0,4,0,8422,0.0,45,0.0,0.0,0.0,0.0,0.0,0,0,0,0,0.0,0,0,0,0,0,0,0,0,0,0,0,0,0,0,0,0,0,0,0,0,0,0,0,0,0,0,0,0,0,0,0,0,0,38,14,7,45,65476,0,300,0,0,8,21553,0.0,-107605600.0,0.0,0.0,0.0,0.0,0.0,0.0,0.0,0.0,0.0,0.0,0.0,0.0,0.0,0.0,0.0,0.0,0.0,0.0,0.0,0.0,0.0,0.0,-2.004,2.004,0.0,0.0,0.0,0.0,4946.0,-2.004,0.0,0.0,0.0,0.0,-107615304.0,0.0,0.0,0.0,0.0,53,2.7184300208680915e+23,-2.308827523576129e+20,0.0,0.0,0.0,0.0,0.0,0.0,0.0,0,0,0,0.0,0.0,0.0,0.0,0.0,0.0,0.0,0.0,0.0,0.0,0.0,0.0,0.0,0.0,0.0,0.0,0,-107875648.0,53,0.0,106,-107614832.0,2.7006707062415038e+23,ERR,ERR,ERR,ERR,ERR,ERR,ERR,ERR,ERR,ERR,ERR,ERR,ERR,ERR,ERR,ERR,ERR,ERR,ERR,ERR,ERR,ERR,ERR,ERR,ERR,ERR,ERR,ERR,ERR,ERR,ERR,ERR,ERR,ERR,ERR,ERR,ERR,ERR,ERR,ERR,ERR,ERR,ERR,ERR,ERR,ERR,ERR,ERR,ERR,ERR,ERR,ERR,ERR,ERR,ERR,ERR,ERR,ERR,ERR,ERR,ERR,ERR,ERR,ERR,ERR,ERR,ERR,50.0,60.0,100,0.0,0.0,0.0,0.0,0.0,0.0,0.0,0.0,0.0,0.0,0.0,0.0,0.0,0.0,0.0,0.0,61.6,77,11,65508,50,65476,0,300,0,0,8,20529,65476,0,0,26214,60.0,0.0,0.0,0.0,0.0,0.0
2026-05-17T16:54:08,ERR,ERR,ERR,ERR,ERR,ERR,ERR,ERR,ERR,ERR,ERR,ERR,ERR,ERR,ERR,ERR,ERR,ERR,ERR,ERR,ERR,ERR,ERR,ERR,ERR,ERR,ERR,ERR,ERR,ERR,ERR,ERR,ERR,ERR,ERR,ERR,ERR,ERR,ERR,ERR,ERR,ERR,ERR,ERR,ERR,ERR,ERR,ERR,ERR,ERR,ERR,ERR,ERR,ERR,ERR,ERR,ERR,ERR,ERR,ERR,ERR,ERR,ERR,ERR,ERR,ERR,ERR,ERR,ERR,ERR,ERR,ERR,ERR,ERR,ERR,ERR,ERR,ERR,ERR,ERR,ERR,ERR,ERR,ERR,ERR,ERR,ERR,ERR,ERR,ERR,ERR,ERR,ERR,ERR,ERR,ERR,ERR,ERR,ERR,ERR,ERR,ERR,ERR,ERR,ERR,ERR,ERR,ERR,ERR,ERR,ERR,ERR,ERR,ERR,ERR,ERR,ERR,ERR,ERR,ERR,ERR,ERR,ERR,ERR,ERR,0.0,0.0,-134474944.0,0.0,0.0,1.3936040501711995e+18,7.805,0.0,0,0,4,0,8422,0.0,45,0.0,0.0,0.0,0.0,0.0,0,0,0,0,0.0,0,0,0,0,0,0,0,0,0,0,0,0,0,0,0,0,0,0,0,0,0,0,0,0,0,0,0,0,0,0,0,0,0,38,14,7,45,65476,0,300,0,0,8,21553,0.0,-107605600.0,0.0,0.0,0.0,0.0,0.0,0.0,0.0,0.0,0.0,0.0,0.0,0.0,0.0,0.0,0.0,0.0,0.0,0.0,0.0,0.0,0.0,0.0,-2.004,2.004,0.0,0.0,0.0,0.0,4946.0,-2.004,0.0,0.0,0.0,0.0,-107615304.0,0.0,0.0,0.0,0.0,53,2.7184300208680915e+23,-2.308827523576129e+20,0.0,0.0,0.0,0.0,0.0,0.0,0.0,0,0,0,0.0,0.0,0.0,0.0,0.0,0.0,0.0,0.0,0.0,0.0,0.0,0.0,0.0,0.0,0.0,0.0,0,-107875648.0,53,0.0,106,-107614832.0,2.7006707062415038e+23,ERR,ERR,ERR,ERR,ERR,ERR,ERR,ERR,ERR,ERR,ERR,ERR,ERR,ERR,ERR,ERR,ERR,ERR,ERR,ERR,ERR,ERR,ERR,ERR,ERR,ERR,ERR,ERR,ERR,ERR,ERR,ERR,ERR,ERR,ERR,ERR,ERR,ERR,ERR,ERR,ERR,ERR,ERR,ERR,ERR,ERR,ERR,ERR,ERR,ERR,ERR,ERR,ERR,ERR,ERR,ERR,ERR,ERR,ERR,ERR,ERR,ERR,ERR,ERR,ERR,ERR,ERR,50.0,60.0,100,0.0,0.0,0.0,0.0,0.0,0.0,0.0,0.0,0.0,0.0,0.0,0.0,0.0,0.0,0.0,0.0,61.6,77,11,65508,50,65476,0,300,0,0,8,20529,65476,0,0,26214,60.0,0.0,0.0,0.0,0.0,0.0
2026-05-17T16:54:09,ERR,ERR,ERR,ERR,ERR,ERR,ERR,ERR,ERR,ERR,ERR,ERR,ERR,ERR,ERR,ERR,ERR,ERR,ERR,ERR,ERR,ERR,ERR,ERR,ERR,ERR,ERR,ERR,ERR,ERR,ERR,ERR,ERR,ERR,ERR,ERR,ERR,ERR,ERR,ERR,ERR,ERR,ERR,ERR,ERR,ERR,ERR,ERR,ERR,ERR,ERR,ERR,ERR,ERR,ERR,ERR,ERR,ERR,ERR,ERR,ERR,ERR,ERR,ERR,ERR,ERR,ERR,ERR,ERR,ERR,ERR,ERR,ERR,ERR,ERR,ERR,ERR,ERR,ERR,ERR,ERR,ERR,ERR,ERR,ERR,ERR,ERR,ERR,ERR,ERR,ERR,ERR,ERR,ERR,ERR,ERR,ERR,ERR,ERR,ERR,ERR,ERR,ERR,ERR,ERR,ERR,ERR,ERR,ERR,ERR,ERR,ERR,ERR,ERR,ERR,ERR,ERR,ERR,ERR,ERR,ERR,ERR,ERR,ERR,ERR,0.0,0.0,-134474944.0,0.0,0.0,1.3936040501711995e+18,7.805,0.0,0,0,4,0,8422,0.0,45,0.0,0.0,0.0,0.0,0.0,0,0,0,0,0.0,0,0,0,0,0,0,0,0,0,0,0,0,0,0,0,0,0,0,0,0,0,0,0,0,0,0,0,0,0,0,0,0,0,38,14,7,45,65476,0,300,0,0,8,21553,0.0,-107605600.0,0.0,0.0,0.0,0.0,0.0,0.0,0.0,0.0,0.0,0.0,0.0,0.0,0.0,0.0,0.0,0.0,0.0,0.0,0.0,0.0,0.0,0.0,-2.004,2.004,0.0,0.0,0.0,0.0,4946.0,-2.004,0.0,0.0,0.0,0.0,-107615304.0,0.0,0.0,0.0,0.0,53,2.7184300208680915e+23,-2.308827523576129e+20,0.0,0.0,0.0,0.0,0.0,0.0,0.0,0,0,0,0.0,0.0,0.0,0.0,0.0,0.0,0.0,0.0,0.0,0.0,0.0,0.0,0.0,0.0,0.0,0.0,0,-107875648.0,53,0.0,106,-107614832.0,2.7006707062415038e+23,ERR,ERR,ERR,ERR,ERR,ERR,ERR,ERR,ERR,ERR,ERR,ERR,ERR,ERR,ERR,ERR,ERR,ERR,ERR,ERR,ERR,ERR,ERR,ERR,ERR,ERR,ERR,ERR,ERR,ERR,ERR,ERR,ERR,ERR,ERR,ERR,ERR,ERR,ERR,ERR,ERR,ERR,ERR,ERR,ERR,ERR,ERR,ERR,ERR,ERR,ERR,ERR,ERR,ERR,ERR,ERR,ERR,ERR,ERR,ERR,ERR,ERR,ERR,ERR,ERR,ERR,ERR,50.0,60.0,100,0.0,0.0,0.0,0.0,0.0,0.0,0.0,0.0,0.0,0.0,0.0,0.0,0.0,0.0,0.0,0.0,62.0,77,11,65508,50,65476,0,300,0,0,8,20529,65476,0,0,26214,60.0,0.0,0.0,0.0,0.0,0.0
2026-05-17T16:54:10,ERR,ERR,ERR,ERR,ERR,ERR,ERR,ERR,ERR,ERR,ERR,ERR,ERR,ERR,ERR,ERR,ERR,ERR,ERR,ERR,ERR,ERR,ERR,ERR,ERR,ERR,ERR,ERR,ERR,ERR,ERR,ERR,ERR,ERR,ERR,ERR,ERR,ERR,ERR,ERR,ERR,ERR,ERR,ERR,ERR,ERR,ERR,ERR,ERR,ERR,ERR,ERR,ERR,ERR,ERR,ERR,ERR,ERR,ERR,ERR,ERR,ERR,ERR,ERR,ERR,ERR,ERR,ERR,ERR,ERR,ERR,ERR,ERR,ERR,ERR,ERR,ERR,ERR,ERR,ERR,ERR,ERR,ERR,ERR,ERR,ERR,ERR,ERR,ERR,ERR,ERR,ERR,ERR,ERR,ERR,ERR,ERR,ERR,ERR,ERR,ERR,ERR,ERR,ERR,ERR,ERR,ERR,ERR,ERR,ERR,ERR,ERR,ERR,ERR,ERR,ERR,ERR,ERR,ERR,ERR,ERR,ERR,ERR,ERR,ERR,0.0,0.0,-134474944.0,0.0,0.0,1.3936040501711995e+18,7.805,0.0,0,0,4,0,8422,0.0,45,0.0,0.0,0.0,0.0,0.0,0,0,0,0,0.0,0,0,0,0,0,0,0,0,0,0,0,0,0,0,0,0,0,0,0,0,0,0,0,0,0,0,0,0,0,0,0,0,0,38,14,7,45,65476,0,300,0,0,8,21553,0.0,-107605600.0,0.0,0.0,0.0,0.0,0.0,0.0,0.0,0.0,0.0,0.0,0.0,0.0,0.0,0.0,0.0,0.0,0.0,0.0,0.0,0.0,0.0,0.0,-2.004,2.004,0.0,0.0,0.0,0.0,4946.0,-2.004,0.0,0.0,0.0,0.0,-107615304.0,0.0,0.0,0.0,0.0,53,2.7184300208680915e+23,-2.308827523576129e+20,0.0,0.0,0.0,0.0,0.0,0.0,0.0,0,0,0,0.0,0.0,0.0,0.0,0.0,0.0,0.0,0.0,0.0,0.0,0.0,0.0,0.0,0.0,0.0,0.0,0,-107875648.0,53,0.0,106,-107614832.0,2.7006707062415038e+23,ERR,ERR,ERR,ERR,ERR,ERR,ERR,ERR,ERR,ERR,ERR,ERR,ERR,ERR,ERR,ERR,ERR,ERR,ERR,ERR,ERR,ERR,ERR,ERR,ERR,ERR,ERR,ERR,ERR,ERR,ERR,ERR,ERR,ERR,ERR,ERR,ERR,ERR,ERR,ERR,ERR,ERR,ERR,ERR,ERR,ERR,ERR,ERR,ERR,ERR,ERR,ERR,ERR,ERR,ERR,ERR,ERR,ERR,ERR,ERR,ERR,ERR,ERR,ERR,ERR,ERR,ERR,50.0,60.0,100,0.0,0.0,0.0,0.0,0.0,0.0,0.0,0.0,0.0,0.0,0.0,0.0,0.0,0.0,0.0,0.0,61.6,77,11,65508,50,65476,0,300,0,0,8,20529,65476,0,0,26214,60.0,0.0,0.0,0.0,0.0,0.0
2026-05-17T16:54:11,ERR,ERR,ERR,ERR,ERR,ERR,ERR,ERR,ERR,ERR,ERR,ERR,ERR,ERR,ERR,ERR,ERR,ERR,ERR,ERR,ERR,ERR,ERR,ERR,ERR,ERR,ERR,ERR,ERR,ERR,ERR,ERR,ERR,ERR,ERR,ERR,ERR,ERR,ERR,ERR,ERR,ERR,ERR,ERR,ERR,ERR,ERR,ERR,ERR,ERR,ERR,ERR,ERR,ERR,ERR,ERR,ERR,ERR,ERR,ERR,ERR,ERR,ERR,ERR,ERR,ERR,ERR,ERR,ERR,ERR,ERR,ERR,ERR,ERR,ERR,ERR,ERR,ERR,ERR,ERR,ERR,ERR,ERR,ERR,ERR,ERR,ERR,ERR,ERR,ERR,ERR,ERR,ERR,ERR,ERR,ERR,ERR,ERR,ERR,ERR,ERR,ERR,ERR,ERR,ERR,ERR,ERR,ERR,ERR,ERR,ERR,ERR,ERR,ERR,ERR,ERR,ERR,ERR,ERR,ERR,ERR,ERR,ERR,ERR,ERR,0.0,0.0,-134474944.0,0.0,0.0,1.3936040501711995e+18,7.805,0.0,0,0,4,0,8422,0.0,45,0.0,0.0,0.0,0.0,0.0,0,0,0,0,0.0,0,0,0,0,0,0,0,0,0,0,0,0,0,0,0,0,0,0,0,0,0,0,0,0,0,0,0,0,0,0,0,0,0,38,14,7,45,65476,0,300,0,0,8,21553,0.0,-107605600.0,0.0,0.0,0.0,0.0,0.0,0.0,0.0,0.0,0.0,0.0,0.0,0.0,0.0,0.0,0.0,0.0,0.0,0.0,0.0,0.0,0.0,0.0,-2.004,2.004,0.0,0.0,0.0,0.0,4951.0,-0.0,0.0,0.0,0.0,0.0,-107615304.0,0.0,0.0,0.0,0.0,53,4.950428597886765e+32,-152017230102528.0,0.0,0.0,0.0,0.0,0.0,0.0,0.0,0,0,0,0.0,0.0,0.0,0.0,0.0,0.0,0.0,0.0,0.0,0.0,0.0,0.0,0.0,0.0,0.0,0.0,0,-107875648.0,53,0.0,106,-107614832.0,2.7006707062415038e+23,ERR,ERR,ERR,ERR,ERR,ERR,ERR,ERR,ERR,ERR,ERR,ERR,ERR,ERR,ERR,ERR,ERR,ERR,ERR,ERR,ERR,ERR,ERR,ERR,ERR,ERR,ERR,ERR,ERR,ERR,ERR,ERR,ERR,ERR,ERR,ERR,ERR,ERR,ERR,ERR,ERR,ERR,ERR,ERR,ERR,ERR,ERR,ERR,ERR,ERR,ERR,ERR,ERR,ERR,ERR,ERR,ERR,ERR,ERR,ERR,ERR,ERR,ERR,ERR,ERR,ERR,ERR,50.0,60.0,100,0.0,0.0,0.0,0.0,0.0,0.0,0.0,0.0,0.0,0.0,0.0,0.0,0.0,0.0,0.0,0.0,61.6,77,11,65508,50,65476,0,300,0,0,8,20529,65476,0,0,26214,60.0,0.0,0.0,0.0,0.0,0.0
2026-05-17T16:54:12,ERR,ERR,ERR,ERR,ERR,ERR,ERR,ERR,ERR,ERR,ERR,ERR,ERR,ERR,ERR,ERR,ERR,ERR,ERR,ERR,ERR,ERR,ERR,ERR,ERR,ERR,ERR,ERR,ERR,ERR,ERR,ERR,ERR,ERR,ERR,ERR,ERR,ERR,ERR,ERR,ERR,ERR,ERR,ERR,ERR,ERR,ERR,ERR,ERR,ERR,ERR,ERR,ERR,ERR,ERR,ERR,ERR,ERR,ERR,ERR,ERR,ERR,ERR,ERR,ERR,ERR,ERR,ERR,ERR,ERR,ERR,ERR,ERR,ERR,ERR,ERR,ERR,ERR,ERR,ERR,ERR,ERR,ERR,ERR,ERR,ERR,ERR,ERR,ERR,ERR,ERR,ERR,ERR,ERR,ERR,ERR,ERR,ERR,ERR,ERR,ERR,ERR,ERR,ERR,ERR,ERR,ERR,ERR,ERR,ERR,ERR,ERR,ERR,ERR,ERR,ERR,ERR,ERR,ERR,ERR,ERR,ERR,ERR,ERR,ERR,0.0,0.0,-134474944.0,0.0,0.0,1.3936040501711995e+18,7.805,0.0,0,0,4,0,8422,0.0,45,0.0,0.0,0.0,0.0,0.0,0,0,0,0,0.0,0,0,0,0,0,0,0,0,0,0,0,0,0,0,0,0,0,0,0,0,0,0,0,0,0,0,0,0,0,0,0,0,0,38,14,7,45,65476,0,300,0,0,8,21553,0.0,-107605600.0,0.0,0.0,0.0,0.0,0.0,0.0,0.0,0.0,0.0,0.0,0.0,0.0,0.0,0.0,0.0,0.0,0.0,0.0,0.0,0.0,0.0,0.0,-2.004,2.004,0.0,0.0,0.0,0.0,4951.0,-0.0,0.0,0.0,0.0,0.0,-107615304.0,0.0,0.0,0.0,0.0,53,4.950428597886765e+32,-152017230102528.0,0.0,0.0,0.0,0.0,0.0,0.0,0.0,0,0,0,0.0,0.0,0.0,0.0,0.0,0.0,0.0,0.0,0.0,0.0,0.0,0.0,0.0,0.0,0.0,0.0,0,-107875648.0,53,0.0,106,-107614832.0,2.7006707062415038e+23,ERR,ERR,ERR,ERR,ERR,ERR,ERR,ERR,ERR,ERR,ERR,ERR,ERR,ERR,ERR,ERR,ERR,ERR,ERR,ERR,ERR,ERR,ERR,ERR,ERR,ERR,ERR,ERR,ERR,ERR,ERR,ERR,ERR,ERR,ERR,ERR,ERR,ERR,ERR,ERR,ERR,ERR,ERR,ERR,ERR,ERR,ERR,ERR,ERR,ERR,ERR,ERR,ERR,ERR,ERR,ERR,ERR,ERR,ERR,ERR,ERR,ERR,ERR,ERR,ERR,ERR,ERR,50.0,60.0,100,0.0,0.0,0.0,0.0,0.0,0.0,0.0,0.0,0.0,0.0,0.0,0.0,0.0,0.0,0.0,0.0,62.0,77,11,65508,50,65476,0,300,0,0,8,20529,65476,0,0,26214,60.0,0.0,0.0,0.0,0.0,0.0
2026-05-17T16:54:13,ERR,ERR,ERR,ERR,ERR,ERR,ERR,ERR,ERR,ERR,ERR,ERR,ERR,ERR,ERR,ERR,ERR,ERR,ERR,ERR,ERR,ERR,ERR,ERR,ERR,ERR,ERR,ERR,ERR,ERR,ERR,ERR,ERR,ERR,ERR,ERR,ERR,ERR,ERR,ERR,ERR,ERR,ERR,ERR,ERR,ERR,ERR,ERR,ERR,ERR,ERR,ERR,ERR,ERR,ERR,ERR,ERR,ERR,ERR,ERR,ERR,ERR,ERR,ERR,ERR,ERR,ERR,ERR,ERR,ERR,ERR,ERR,ERR,ERR,ERR,ERR,ERR,ERR,ERR,ERR,ERR,ERR,ERR,ERR,ERR,ERR,ERR,ERR,ERR,ERR,ERR,ERR,ERR,ERR,ERR,ERR,ERR,ERR,ERR,ERR,ERR,ERR,ERR,ERR,ERR,ERR,ERR,ERR,ERR,ERR,ERR,ERR,ERR,ERR,ERR,ERR,ERR,ERR,ERR,ERR,ERR,ERR,ERR,ERR,ERR,0.0,0.0,-134474944.0,0.0,0.0,1.3936040501711995e+18,7.805,0.0,0,0,4,0,8422,0.0,45,0.0,0.0,0.0,0.0,0.0,0,0,0,0,0.0,0,0,0,0,0,0,0,0,0,0,0,0,0,0,0,0,0,0,0,0,0,0,0,0,0,0,0,0,0,0,0,0,0,38,14,7,45,65476,0,300,0,0,8,21553,0.0,-107605600.0,0.0,0.0,0.0,0.0,0.0,0.0,0.0,0.0,0.0,0.0,0.0,0.0,0.0,0.0,0.0,0.0,0.0,0.0,0.0,0.0,0.0,0.0,-2.004,2.004,0.0,0.0,0.0,0.0,4951.0,-0.0,0.0,0.0,0.0,0.0,-107615304.0,0.0,0.0,0.0,0.0,53,4.950428597886765e+32,-152017230102528.0,0.0,0.0,0.0,0.0,0.0,0.0,0.0,0,0,0,0.0,0.0,0.0,0.0,0.0,0.0,0.0,0.0,0.0,0.0,0.0,0.0,0.0,0.0,0.0,0.0,0,-107875648.0,53,0.0,106,-107614832.0,2.7006707062415038e+23,ERR,ERR,ERR,ERR,ERR,ERR,ERR,ERR,ERR,ERR,ERR,ERR,ERR,ERR,ERR,ERR,ERR,ERR,ERR,ERR,ERR,ERR,ERR,ERR,ERR,ERR,ERR,ERR,ERR,ERR,ERR,ERR,ERR,ERR,ERR,ERR,ERR,ERR,ERR,ERR,ERR,ERR,ERR,ERR,ERR,ERR,ERR,ERR,ERR,ERR,ERR,ERR,ERR,ERR,ERR,ERR,ERR,ERR,ERR,ERR,ERR,ERR,ERR,ERR,ERR,ERR,ERR,50.0,60.0,100,0.0,0.0,0.0,0.0,0.0,0.0,0.0,0.0,0.0,0.0,0.0,0.0,0.0,0.0,0.0,0.0,62.0,77,11,65508,50,65476,0,300,0,0,8,20529,65476,0,0,26214,60.0,0.0,0.0,0.0,0.0,0.0
2026-05-17T16:54:14,ERR,ERR,ERR,ERR,ERR,ERR,ERR,ERR,ERR,ERR,ERR,ERR,ERR,ERR,ERR,ERR,ERR,ERR,ERR,ERR,ERR,ERR,ERR,ERR,ERR,ERR,ERR,ERR,ERR,ERR,ERR,ERR,ERR,ERR,ERR,ERR,ERR,ERR,ERR,ERR,ERR,ERR,ERR,ERR,ERR,ERR,ERR,ERR,ERR,ERR,ERR,ERR,ERR,ERR,ERR,ERR,ERR,ERR,ERR,ERR,ERR,ERR,ERR,ERR,ERR,ERR,ERR,ERR,ERR,ERR,ERR,ERR,ERR,ERR,ERR,ERR,ERR,ERR,ERR,ERR,ERR,ERR,ERR,ERR,ERR,ERR,ERR,ERR,ERR,ERR,ERR,ERR,ERR,ERR,ERR,ERR,ERR,ERR,ERR,ERR,ERR,ERR,ERR,ERR,ERR,ERR,ERR,ERR,ERR,ERR,ERR,ERR,ERR,ERR,ERR,ERR,ERR,ERR,ERR,ERR,ERR,ERR,ERR,ERR,ERR,0.0,0.0,-134474944.0,0.0,0.0,1.3936040501711995e+18,7.805,0.0,0,0,4,0,8422,0.0,45,0.0,0.0,0.0,0.0,0.0,0,0,0,0,0.0,0,0,0,0,0,0,0,0,0,0,0,0,0,0,0,0,0,0,0,0,0,0,0,0,0,0,0,0,0,0,0,0,0,38,14,7,45,65476,0,300,0,0,8,21553,0.0,-107605600.0,0.0,0.0,0.0,0.0,0.0,0.0,0.0,0.0,0.0,0.0,0.0,0.0,0.0,0.0,0.0,0.0,0.0,0.0,0.0,0.0,0.0,0.0,-2.004,2.004,0.0,0.0,0.0,0.0,4951.0,-0.0,0.0,0.0,0.0,0.0,-107615304.0,0.0,0.0,0.0,0.0,53,4.950428597886765e+32,-152017230102528.0,0.0,0.0,0.0,0.0,0.0,0.0,0.0,0,0,0,0.0,0.0,0.0,0.0,0.0,0.0,0.0,0.0,0.0,0.0,0.0,0.0,0.0,0.0,0.0,0.0,0,-107875648.0,53,0.0,106,-107614832.0,2.7006707062415038e+23,ERR,ERR,ERR,ERR,ERR,ERR,ERR,ERR,ERR,ERR,ERR,ERR,ERR,ERR,ERR,ERR,ERR,ERR,ERR,ERR,ERR,ERR,ERR,ERR,ERR,ERR,ERR,ERR,ERR,ERR,ERR,ERR,ERR,ERR,ERR,ERR,ERR,ERR,ERR,ERR,ERR,ERR,ERR,ERR,ERR,ERR,ERR,ERR,ERR,ERR,ERR,ERR,ERR,ERR,ERR,ERR,ERR,ERR,ERR,ERR,ERR,ERR,ERR,ERR,ERR,ERR,ERR,50.0,60.0,100,0.0,0.0,0.0,0.0,0.0,0.0,0.0,0.0,0.0,0.0,0.0,0.0,0.0,0.0,0.0,0.0,62.0,77,11,65508,50,65476,0,300,0,0,8,20529,65476,0,0,26214,60.0,0.0,0.0,0.0,0.0,0.0
2026-05-17T16:54:15,ERR,ERR,ERR,ERR,ERR,ERR,ERR,ERR,ERR,ERR,ERR,ERR,ERR,ERR,ERR,ERR,ERR,ERR,ERR,ERR,ERR,ERR,ERR,ERR,ERR,ERR,ERR,ERR,ERR,ERR,ERR,ERR,ERR,ERR,ERR,ERR,ERR,ERR,ERR,ERR,ERR,ERR,ERR,ERR,ERR,ERR,ERR,ERR,ERR,ERR,ERR,ERR,ERR,ERR,ERR,ERR,ERR,ERR,ERR,ERR,ERR,ERR,ERR,ERR,ERR,ERR,ERR,ERR,ERR,ERR,ERR,ERR,ERR,ERR,ERR,ERR,ERR,ERR,ERR,ERR,ERR,ERR,ERR,ERR,ERR,ERR,ERR,ERR,ERR,ERR,ERR,ERR,ERR,ERR,ERR,ERR,ERR,ERR,ERR,ERR,ERR,ERR,ERR,ERR,ERR,ERR,ERR,ERR,ERR,ERR,ERR,ERR,ERR,ERR,ERR,ERR,ERR,ERR,ERR,ERR,ERR,ERR,ERR,ERR,ERR,0.0,0.0,-134474944.0,0.0,0.0,1.3936040501711995e+18,7.805,0.0,0,0,4,0,8422,0.0,45,0.0,0.0,0.0,0.0,0.0,0,0,0,0,0.0,0,0,0,0,0,0,0,0,0,0,0,0,0,0,0,0,0,0,0,0,0,0,0,0,0,0,0,0,0,0,0,0,0,38,14,7,45,65476,0,300,0,0,8,21553,0.0,-107605600.0,0.0,0.0,0.0,0.0,0.0,0.0,0.0,0.0,0.0,0.0,0.0,0.0,0.0,0.0,0.0,0.0,0.0,0.0,0.0,0.0,0.0,0.0,-2.004,2.004,0.0,0.0,0.0,0.0,4951.0,-0.0,0.0,0.0,0.0,0.0,-107615304.0,0.0,0.0,0.0,0.0,53,4.950428597886765e+32,-152017230102528.0,0.0,0.0,0.0,0.0,0.0,0.0,0.0,0,0,0,0.0,0.0,0.0,0.0,0.0,0.0,0.0,0.0,0.0,0.0,0.0,0.0,0.0,0.0,0.0,0.0,0,-107875648.0,53,0.0,106,-107614832.0,2.7006707062415038e+23,ERR,ERR,ERR,ERR,ERR,ERR,ERR,ERR,ERR,ERR,ERR,ERR,ERR,ERR,ERR,ERR,ERR,ERR,ERR,ERR,ERR,ERR,ERR,ERR,ERR,ERR,ERR,ERR,ERR,ERR,ERR,ERR,ERR,ERR,ERR,ERR,ERR,ERR,ERR,ERR,ERR,ERR,ERR,ERR,ERR,ERR,ERR,ERR,ERR,ERR,ERR,ERR,ERR,ERR,ERR,ERR,ERR,ERR,ERR,ERR,ERR,ERR,ERR,ERR,ERR,ERR,ERR,50.0,60.0,100,0.0,0.0,0.0,0.0,0.0,0.0,0.0,0.0,0.0,0.0,0.0,0.0,0.0,0.0,0.0,0.0,62.0,77,11,65508,50,65476,0,300,0,0,8,20529,65476,0,0,26214,60.0,0.0,0.0,0.0,0.0,0.0
2026-05-17T16:54:16,ERR,ERR,ERR,ERR,ERR,ERR,ERR,ERR,ERR,ERR,ERR,ERR,ERR,ERR,ERR,ERR,ERR,ERR,ERR,ERR,ERR,ERR,ERR,ERR,ERR,ERR,ERR,ERR,ERR,ERR,ERR,ERR,ERR,ERR,ERR,ERR,ERR,ERR,ERR,ERR,ERR,ERR,ERR,ERR,ERR,ERR,ERR,ERR,ERR,ERR,ERR,ERR,ERR,ERR,ERR,ERR,ERR,ERR,ERR,ERR,ERR,ERR,ERR,ERR,ERR,ERR,ERR,ERR,ERR,ERR,ERR,ERR,ERR,ERR,ERR,ERR,ERR,ERR,ERR,ERR,ERR,ERR,ERR,ERR,ERR,ERR,ERR,ERR,ERR,ERR,ERR,ERR,ERR,ERR,ERR,ERR,ERR,ERR,ERR,ERR,ERR,ERR,ERR,ERR,ERR,ERR,ERR,ERR,ERR,ERR,ERR,ERR,ERR,ERR,ERR,ERR,ERR,ERR,ERR,ERR,ERR,ERR,ERR,ERR,ERR,0.0,0.0,-134474944.0,0.0,0.0,1.3936040501711995e+18,7.805,0.0,0,0,4,0,8422,0.0,45,0.0,0.0,0.0,0.0,0.0,0,0,0,0,0.0,0,0,0,0,0,0,0,0,0,0,0,0,0,0,0,0,0,0,0,0,0,0,0,0,0,0,0,0,0,0,0,0,0,38,14,7,45,65476,0,300,0,0,8,21553,0.0,-107605600.0,0.0,0.0,0.0,0.0,0.0,0.0,0.0,0.0,0.0,0.0,0.0,0.0,0.0,0.0,0.0,0.0,0.0,0.0,0.0,0.0,0.0,0.0,-2.004,2.004,0.0,0.0,0.0,0.0,4948.0,-1.0406651332689642e+34,0.0,0.0,0.0,0.0,-107615304.0,0.0,0.0,0.0,0.0,53,4.950428597886765e+32,1.905685579169792e+17,0.0,0.0,0.0,0.0,0.0,0.0,0.0,0,0,0,0.0,0.0,0.0,0.0,0.0,0.0,0.0,0.0,0.0,0.0,0.0,0.0,0.0,0.0,0.0,0.0,0,-107875648.0,53,0.0,106,-107614832.0,2.7006707062415038e+23,ERR,ERR,ERR,ERR,ERR,ERR,ERR,ERR,ERR,ERR,ERR,ERR,ERR,ERR,ERR,ERR,ERR,ERR,ERR,ERR,ERR,ERR,ERR,ERR,ERR,ERR,ERR,ERR,ERR,ERR,ERR,ERR,ERR,ERR,ERR,ERR,ERR,ERR,ERR,ERR,ERR,ERR,ERR,ERR,ERR,ERR,ERR,ERR,ERR,ERR,ERR,ERR,ERR,ERR,ERR,ERR,ERR,ERR,ERR,ERR,ERR,ERR,ERR,ERR,ERR,ERR,ERR,50.0,60.0,100,0.0,0.0,0.0,0.0,0.0,0.0,0.0,0.0,0.0,0.0,0.0,0.0,0.0,0.0,0.0,0.0,61.6,77,11,65508,50,65476,0,300,0,0,8,20529,65476,0,0,26214,60.0,0.0,0.0,0.0,0.0,0.0
2026-05-17T16:54:17,ERR,ERR,ERR,ERR,ERR,ERR,ERR,ERR,ERR,ERR,ERR,ERR,ERR,ERR,ERR,ERR,ERR,ERR,ERR,ERR,ERR,ERR,ERR,ERR,ERR,ERR,ERR,ERR,ERR,ERR,ERR,ERR,ERR,ERR,ERR,ERR,ERR,ERR,ERR,ERR,ERR,ERR,ERR,ERR,ERR,ERR,ERR,ERR,ERR,ERR,ERR,ERR,ERR,ERR,ERR,ERR,ERR,ERR,ERR,ERR,ERR,ERR,ERR,ERR,ERR,ERR,ERR,ERR,ERR,ERR,ERR,ERR,ERR,ERR,ERR,ERR,ERR,ERR,ERR,ERR,ERR,ERR,ERR,ERR,ERR,ERR,ERR,ERR,ERR,ERR,ERR,ERR,ERR,ERR,ERR,ERR,ERR,ERR,ERR,ERR,ERR,ERR,ERR,ERR,ERR,ERR,ERR,ERR,ERR,ERR,ERR,ERR,ERR,ERR,ERR,ERR,ERR,ERR,ERR,ERR,ERR,ERR,ERR,ERR,ERR,0.0,0.0,-134474944.0,0.0,0.0,1.3936040501711995e+18,7.805,0.0,0,0,4,0,8422,0.0,45,0.0,0.0,0.0,0.0,0.0,0,0,0,0,0.0,0,0,0,0,0,0,0,0,0,0,0,0,0,0,0,0,0,0,0,0,0,0,0,0,0,0,0,0,0,0,0,0,0,38,14,7,45,65476,0,300,0,0,8,21553,0.0,-107605600.0,0.0,0.0,0.0,0.0,0.0,0.0,0.0,0.0,0.0,0.0,0.0,0.0,0.0,0.0,0.0,0.0,0.0,0.0,0.0,0.0,0.0,0.0,-2.004,2.004,0.0,0.0,0.0,0.0,4948.0,-1.0406651332689642e+34,0.0,0.0,0.0,0.0,-107615304.0,0.0,0.0,0.0,0.0,53,4.950428597886765e+32,1.905685579169792e+17,0.0,0.0,0.0,0.0,0.0,0.0,0.0,0,0,0,0.0,0.0,0.0,0.0,0.0,0.0,0.0,0.0,0.0,0.0,0.0,0.0,0.0,0.0,0.0,0.0,0,-107875648.0,53,0.0,106,-107614832.0,2.7006707062415038e+23,ERR,ERR,ERR,ERR,ERR,ERR,ERR,ERR,ERR,ERR,ERR,ERR,ERR,ERR,ERR,ERR,ERR,ERR,ERR,ERR,ERR,ERR,ERR,ERR,ERR,ERR,ERR,ERR,ERR,ERR,ERR,ERR,ERR,ERR,ERR,ERR,ERR,ERR,ERR,ERR,ERR,ERR,ERR,ERR,ERR,ERR,ERR,ERR,ERR,ERR,ERR,ERR,ERR,ERR,ERR,ERR,ERR,ERR,ERR,ERR,ERR,ERR,ERR,ERR,ERR,ERR,ERR,50.0,60.0,100,0.0,0.0,0.0,0.0,0.0,0.0,0.0,0.0,0.0,0.0,0.0,0.0,0.0,0.0,0.0,0.0,61.6,77,11,65508,50,65476,0,300,0,0,8,20529,65476,0,0,26214,60.0,0.0,0.0,0.0,0.0,0.0
2026-05-17T16:54:18,ERR,ERR,ERR,ERR,ERR,ERR,ERR,ERR,ERR,ERR,ERR,ERR,ERR,ERR,ERR,ERR,ERR,ERR,ERR,ERR,ERR,ERR,ERR,ERR,ERR,ERR,ERR,ERR,ERR,ERR,ERR,ERR,ERR,ERR,ERR,ERR,ERR,ERR,ERR,ERR,ERR,ERR,ERR,ERR,ERR,ERR,ERR,ERR,ERR,ERR,ERR,ERR,ERR,ERR,ERR,ERR,ERR,ERR,ERR,ERR,ERR,ERR,ERR,ERR,ERR,ERR,ERR,ERR,ERR,ERR,ERR,ERR,ERR,ERR,ERR,ERR,ERR,ERR,ERR,ERR,ERR,ERR,ERR,ERR,ERR,ERR,ERR,ERR,ERR,ERR,ERR,ERR,ERR,ERR,ERR,ERR,ERR,ERR,ERR,ERR,ERR,ERR,ERR,ERR,ERR,ERR,ERR,ERR,ERR,ERR,ERR,ERR,ERR,ERR,ERR,ERR,ERR,ERR,ERR,ERR,ERR,ERR,ERR,ERR,ERR,0.0,0.0,-134474944.0,0.0,0.0,1.3936040501711995e+18,7.805,0.0,0,0,4,0,8422,0.0,45,0.0,0.0,0.0,0.0,0.0,0,0,0,0,0.0,0,0,0,0,0,0,0,0,0,0,0,0,0,0,0,0,0,0,0,0,0,0,0,0,0,0,0,0,0,0,0,0,0,38,14,7,45,65476,0,300,0,0,8,21553,0.0,-107605600.0,0.0,0.0,0.0,0.0,0.0,0.0,0.0,0.0,0.0,0.0,0.0,0.0,0.0,0.0,0.0,0.0,0.0,0.0,0.0,0.0,0.0,0.0,-2.004,2.004,0.0,0.0,0.0,0.0,4948.0,-1.0406651332689642e+34,0.0,0.0,0.0,0.0,-107615304.0,0.0,0.0,0.0,0.0,53,4.950428597886765e+32,1.905685579169792e+17,0.0,0.0,0.0,0.0,0.0,0.0,0.0,0,0,0,0.0,0.0,0.0,0.0,0.0,0.0,0.0,0.0,0.0,0.0,0.0,0.0,0.0,0.0,0.0,0.0,0,-107875648.0,53,0.0,106,-107614832.0,2.7006707062415038e+23,ERR,ERR,ERR,ERR,ERR,ERR,ERR,ERR,ERR,ERR,ERR,ERR,ERR,ERR,ERR,ERR,ERR,ERR,ERR,ERR,ERR,ERR,ERR,ERR,ERR,ERR,ERR,ERR,ERR,ERR,ERR,ERR,ERR,ERR,ERR,ERR,ERR,ERR,ERR,ERR,ERR,ERR,ERR,ERR,ERR,ERR,ERR,ERR,ERR,ERR,ERR,ERR,ERR,ERR,ERR,ERR,ERR,ERR,ERR,ERR,ERR,ERR,ERR,ERR,ERR,ERR,ERR,50.0,60.0,100,0.0,0.0,0.0,0.0,0.0,0.0,0.0,0.0,0.0,0.0,0.0,0.0,0.0,0.0,0.0,0.0,61.6,77,11,65508,50,65476,0,300,0,0,8,20529,65476,0,0,26214,60.0,0.0,0.0,0.0,0.0,0.0
2026-05-17T16:54:19,ERR,ERR,ERR,ERR,ERR,ERR,ERR,ERR,ERR,ERR,ERR,ERR,ERR,ERR,ERR,ERR,ERR,ERR,ERR,ERR,ERR,ERR,ERR,ERR,ERR,ERR,ERR,ERR,ERR,ERR,ERR,ERR,ERR,ERR,ERR,ERR,ERR,ERR,ERR,ERR,ERR,ERR,ERR,ERR,ERR,ERR,ERR,ERR,ERR,ERR,ERR,ERR,ERR,ERR,ERR,ERR,ERR,ERR,ERR,ERR,ERR,ERR,ERR,ERR,ERR,ERR,ERR,ERR,ERR,ERR,ERR,ERR,ERR,ERR,ERR,ERR,ERR,ERR,ERR,ERR,ERR,ERR,ERR,ERR,ERR,ERR,ERR,ERR,ERR,ERR,ERR,ERR,ERR,ERR,ERR,ERR,ERR,ERR,ERR,ERR,ERR,ERR,ERR,ERR,ERR,ERR,ERR,ERR,ERR,ERR,ERR,ERR,ERR,ERR,ERR,ERR,ERR,ERR,ERR,ERR,ERR,ERR,ERR,ERR,ERR,0.0,0.0,-134474944.0,0.0,0.0,1.3936040501711995e+18,7.805,0.0,0,0,4,0,8422,0.0,45,0.0,0.0,0.0,0.0,0.0,0,0,0,0,0.0,0,0,0,0,0,0,0,0,0,0,0,0,0,0,0,0,0,0,0,0,0,0,0,0,0,0,0,0,0,0,0,0,0,38,14,7,45,65476,0,300,0,0,8,21553,0.0,-107605600.0,0.0,0.0,0.0,0.0,0.0,0.0,0.0,0.0,0.0,0.0,0.0,0.0,0.0,0.0,0.0,0.0,0.0,0.0,0.0,0.0,0.0,0.0,-2.004,2.004,0.0,0.0,0.0,0.0,4948.0,-1.0406651332689642e+34,0.0,0.0,0.0,0.0,-107615304.0,0.0,0.0,0.0,0.0,53,4.950428597886765e+32,1.905685579169792e+17,0.0,0.0,0.0,0.0,0.0,0.0,0.0,0,0,0,0.0,0.0,0.0,0.0,0.0,0.0,0.0,0.0,0.0,0.0,0.0,0.0,0.0,0.0,0.0,0.0,0,-107875648.0,53,0.0,106,-107614832.0,2.7006707062415038e+23,ERR,ERR,ERR,ERR,ERR,ERR,ERR,ERR,ERR,ERR,ERR,ERR,ERR,ERR,ERR,ERR,ERR,ERR,ERR,ERR,ERR,ERR,ERR,ERR,ERR,ERR,ERR,ERR,ERR,ERR,ERR,ERR,ERR,ERR,ERR,ERR,ERR,ERR,ERR,ERR,ERR,ERR,ERR,ERR,ERR,ERR,ERR,ERR,ERR,ERR,ERR,ERR,ERR,ERR,ERR,ERR,ERR,ERR,ERR,ERR,ERR,ERR,ERR,ERR,ERR,ERR,ERR,50.0,60.0,100,0.0,0.0,0.0,0.0,0.0,0.0,0.0,0.0,0.0,0.0,0.0,0.0,0.0,0.0,0.0,0.0,62.0,77,11,65508,50,65476,0,300,0,0,8,20529,65476,0,0,26214,60.0,0.0,0.0,0.0,0.0,0.0
2026-05-17T16:54:20,ERR,ERR,ERR,ERR,ERR,ERR,ERR,ERR,ERR,ERR,ERR,ERR,ERR,ERR,ERR,ERR,ERR,ERR,ERR,ERR,ERR,ERR,ERR,ERR,ERR,ERR,ERR,ERR,ERR,ERR,ERR,ERR,ERR,ERR,ERR,ERR,ERR,ERR,ERR,ERR,ERR,ERR,ERR,ERR,ERR,ERR,ERR,ERR,ERR,ERR,ERR,ERR,ERR,ERR,ERR,ERR,ERR,ERR,ERR,ERR,ERR,ERR,ERR,ERR,ERR,ERR,ERR,ERR,ERR,ERR,ERR,ERR,ERR,ERR,ERR,ERR,ERR,ERR,ERR,ERR,ERR,ERR,ERR,ERR,ERR,ERR,ERR,ERR,ERR,ERR,ERR,ERR,ERR,ERR,ERR,ERR,ERR,ERR,ERR,ERR,ERR,ERR,ERR,ERR,ERR,ERR,ERR,ERR,ERR,ERR,ERR,ERR,ERR,ERR,ERR,ERR,ERR,ERR,ERR,ERR,ERR,ERR,ERR,ERR,ERR,0.0,0.0,-134474944.0,0.0,0.0,1.3936040501711995e+18,7.805,0.0,0,0,4,0,8422,0.0,45,0.0,0.0,0.0,0.0,0.0,0,0,0,0,0.0,0,0,0,0,0,0,0,0,0,0,0,0,0,0,0,0,0,0,0,0,0,0,0,0,0,0,0,0,0,0,0,0,0,38,14,7,45,65476,0,300,0,0,8,21553,0.0,-107605600.0,0.0,0.0,0.0,0.0,0.0,0.0,0.0,0.0,0.0,0.0,0.0,0.0,0.0,0.0,0.0,0.0,0.0,0.0,0.0,0.0,0.0,0.0,-2.004,2.004,0.0,0.0,0.0,0.0,4948.0,-1.0406651332689642e+34,0.0,0.0,0.0,0.0,-107615304.0,0.0,0.0,0.0,0.0,53,4.950428597886765e+32,1.905685579169792e+17,0.0,0.0,0.0,0.0,0.0,0.0,0.0,0,0,0,0.0,0.0,0.0,0.0,0.0,0.0,0.0,0.0,0.0,0.0,0.0,0.0,0.0,0.0,0.0,0.0,0,-107875648.0,53,0.0,106,-107614832.0,2.7006707062415038e+23,ERR,ERR,ERR,ERR,ERR,ERR,ERR,ERR,ERR,ERR,ERR,ERR,ERR,ERR,ERR,ERR,ERR,ERR,ERR,ERR,ERR,ERR,ERR,ERR,ERR,ERR,ERR,ERR,ERR,ERR,ERR,ERR,ERR,ERR,ERR,ERR,ERR,ERR,ERR,ERR,ERR,ERR,ERR,ERR,ERR,ERR,ERR,ERR,ERR,ERR,ERR,ERR,ERR,ERR,ERR,ERR,ERR,ERR,ERR,ERR,ERR,ERR,ERR,ERR,ERR,ERR,ERR,50.0,60.0,100,0.0,0.0,0.0,0.0,0.0,0.0,0.0,0.0,0.0,0.0,0.0,0.0,0.0,0.0,0.0,0.0,62.0,77,11,65508,50,65476,0,300,0,0,8,20529,65476,0,0,26214,60.0,0.0,0.0,0.0,0.0,0.0
2026-05-17T16:54:21,ERR,ERR,ERR,ERR,ERR,ERR,ERR,ERR,ERR,ERR,ERR,ERR,ERR,ERR,ERR,ERR,ERR,ERR,ERR,ERR,ERR,ERR,ERR,ERR,ERR,ERR,ERR,ERR,ERR,ERR,ERR,ERR,ERR,ERR,ERR,ERR,ERR,ERR,ERR,ERR,ERR,ERR,ERR,ERR,ERR,ERR,ERR,ERR,ERR,ERR,ERR,ERR,ERR,ERR,ERR,ERR,ERR,ERR,ERR,ERR,ERR,ERR,ERR,ERR,ERR,ERR,ERR,ERR,ERR,ERR,ERR,ERR,ERR,ERR,ERR,ERR,ERR,ERR,ERR,ERR,ERR,ERR,ERR,ERR,ERR,ERR,ERR,ERR,ERR,ERR,ERR,ERR,ERR,ERR,ERR,ERR,ERR,ERR,ERR,ERR,ERR,ERR,ERR,ERR,ERR,ERR,ERR,ERR,ERR,ERR,ERR,ERR,ERR,ERR,ERR,ERR,ERR,ERR,ERR,ERR,ERR,ERR,ERR,ERR,ERR,0.0,0.0,-134474944.0,0.0,0.0,1.3936040501711995e+18,7.805,0.0,0,0,4,0,8422,0.0,45,0.0,0.0,0.0,0.0,0.0,0,0,0,0,0.0,0,0,0,0,0,0,0,0,0,0,0,0,0,0,0,0,0,0,0,0,0,0,0,0,0,0,0,0,0,0,0,0,0,38,14,7,45,65476,0,300,0,0,8,21553,0.0,-107605600.0,0.0,0.0,0.0,0.0,0.0,0.0,0.0,0.0,0.0,0.0,0.0,0.0,0.0,0.0,0.0,0.0,0.0,0.0,0.0,0.0,0.0,0.0,-2.004,2.004,0.0,0.0,0.0,0.0,4943.0,-8608180224.0,0.0,0.0,0.0,0.0,-107615304.0,0.0,0.0,0.0,0.0,53,2.3088403658719416e+20,0.0,0.0,0.0,0.0,0.0,0.0,0.0,0.0,0,0,0,0.0,0.0,0.0,0.0,0.0,0.0,0.0,0.0,0.0,0.0,0.0,0.0,0.0,0.0,0.0,0.0,0,-107875648.0,53,0.0,106,-107614832.0,2.7006707062415038e+23,ERR,ERR,ERR,ERR,ERR,ERR,ERR,ERR,ERR,ERR,ERR,ERR,ERR,ERR,ERR,ERR,ERR,ERR,ERR,ERR,ERR,ERR,ERR,ERR,ERR,ERR,ERR,ERR,ERR,ERR,ERR,ERR,ERR,ERR,ERR,ERR,ERR,ERR,ERR,ERR,ERR,ERR,ERR,ERR,ERR,ERR,ERR,ERR,ERR,ERR,ERR,ERR,ERR,ERR,ERR,ERR,ERR,ERR,ERR,ERR,ERR,ERR,ERR,ERR,ERR,ERR,ERR,50.0,60.0,100,0.0,0.0,0.0,0.0,0.0,0.0,0.0,0.0,0.0,0.0,0.0,0.0,0.0,0.0,0.0,0.0,61.6,77,11,65508,50,65476,0,300,0,0,8,20529,65476,0,0,26214,60.0,0.0,0.0,0.0,0.0,0.0
2026-05-17T16:54:22,ERR,ERR,ERR,ERR,ERR,ERR,ERR,ERR,ERR,ERR,ERR,ERR,ERR,ERR,ERR,ERR,ERR,ERR,ERR,ERR,ERR,ERR,ERR,ERR,ERR,ERR,ERR,ERR,ERR,ERR,ERR,ERR,ERR,ERR,ERR,ERR,ERR,ERR,ERR,ERR,ERR,ERR,ERR,ERR,ERR,ERR,ERR,ERR,ERR,ERR,ERR,ERR,ERR,ERR,ERR,ERR,ERR,ERR,ERR,ERR,ERR,ERR,ERR,ERR,ERR,ERR,ERR,ERR,ERR,ERR,ERR,ERR,ERR,ERR,ERR,ERR,ERR,ERR,ERR,ERR,ERR,ERR,ERR,ERR,ERR,ERR,ERR,ERR,ERR,ERR,ERR,ERR,ERR,ERR,ERR,ERR,ERR,ERR,ERR,ERR,ERR,ERR,ERR,ERR,ERR,ERR,ERR,ERR,ERR,ERR,ERR,ERR,ERR,ERR,ERR,ERR,ERR,ERR,ERR,ERR,ERR,ERR,ERR,ERR,ERR,0.0,0.0,-134474944.0,0.0,0.0,1.3936040501711995e+18,7.805,0.0,0,0,4,0,8422,0.0,45,0.0,0.0,0.0,0.0,0.0,0,0,0,0,0.0,0,0,0,0,0,0,0,0,0,0,0,0,0,0,0,0,0,0,0,0,0,0,0,0,0,0,0,0,0,0,0,0,0,38,14,7,45,65476,0,300,0,0,8,21553,0.0,-107605600.0,0.0,0.0,0.0,0.0,0.0,0.0,0.0,0.0,0.0,0.0,0.0,0.0,0.0,0.0,0.0,0.0,0.0,0.0,0.0,0.0,0.0,0.0,-2.004,2.004,0.0,0.0,0.0,0.0,4943.0,-8608180224.0,0.0,0.0,0.0,0.0,-107615304.0,0.0,0.0,0.0,0.0,53,2.3088403658719416e+20,0.0,0.0,0.0,0.0,0.0,0.0,0.0,0.0,0,0,0,0.0,0.0,0.0,0.0,0.0,0.0,0.0,0.0,0.0,0.0,0.0,0.0,0.0,0.0,0.0,0.0,0,-107875648.0,53,0.0,106,-107614832.0,2.7006707062415038e+23,ERR,ERR,ERR,ERR,ERR,ERR,ERR,ERR,ERR,ERR,ERR,ERR,ERR,ERR,ERR,ERR,ERR,ERR,ERR,ERR,ERR,ERR,ERR,ERR,ERR,ERR,ERR,ERR,ERR,ERR,ERR,ERR,ERR,ERR,ERR,ERR,ERR,ERR,ERR,ERR,ERR,ERR,ERR,ERR,ERR,ERR,ERR,ERR,ERR,ERR,ERR,ERR,ERR,ERR,ERR,ERR,ERR,ERR,ERR,ERR,ERR,ERR,ERR,ERR,ERR,ERR,ERR,50.0,60.0,100,0.0,0.0,0.0,0.0,0.0,0.0,0.0,0.0,0.0,0.0,0.0,0.0,0.0,0.0,0.0,0.0,61.6,77,11,65508,50,65476,0,300,0,0,8,20529,65476,0,0,26214,60.0,0.0,0.0,0.0,0.0,0.0
2026-05-17T16:54:23,ERR,ERR,ERR,ERR,ERR,ERR,ERR,ERR,ERR,ERR,ERR,ERR,ERR,ERR,ERR,ERR,ERR,ERR,ERR,ERR,ERR,ERR,ERR,ERR,ERR,ERR,ERR,ERR,ERR,ERR,ERR,ERR,ERR,ERR,ERR,ERR,ERR,ERR,ERR,ERR,ERR,ERR,ERR,ERR,ERR,ERR,ERR,ERR,ERR,ERR,ERR,ERR,ERR,ERR,ERR,ERR,ERR,ERR,ERR,ERR,ERR,ERR,ERR,ERR,ERR,ERR,ERR,ERR,ERR,ERR,ERR,ERR,ERR,ERR,ERR,ERR,ERR,ERR,ERR,ERR,ERR,ERR,ERR,ERR,ERR,ERR,ERR,ERR,ERR,ERR,ERR,ERR,ERR,ERR,ERR,ERR,ERR,ERR,ERR,ERR,ERR,ERR,ERR,ERR,ERR,ERR,ERR,ERR,ERR,ERR,ERR,ERR,ERR,ERR,ERR,ERR,ERR,ERR,ERR,ERR,ERR,ERR,ERR,ERR,ERR,0.0,0.0,-134474944.0,0.0,0.0,1.3936040501711995e+18,7.805,0.0,0,0,4,0,8422,0.0,45,0.0,0.0,0.0,0.0,0.0,0,0,0,0,0.0,0,0,0,0,0,0,0,0,0,0,0,0,0,0,0,0,0,0,0,0,0,0,0,0,0,0,0,0,0,0,0,0,0,38,14,7,45,65476,0,300,0,0,8,21553,0.0,-107605600.0,0.0,0.0,0.0,0.0,0.0,0.0,0.0,0.0,0.0,0.0,0.0,0.0,0.0,0.0,0.0,0.0,0.0,0.0,0.0,0.0,0.0,0.0,-2.004,2.004,0.0,0.0,0.0,0.0,4943.0,-8608180224.0,0.0,0.0,0.0,0.0,-107615304.0,0.0,0.0,0.0,0.0,53,2.3088403658719416e+20,0.0,0.0,0.0,0.0,0.0,0.0,0.0,0.0,0,0,0,0.0,0.0,0.0,0.0,0.0,0.0,0.0,0.0,0.0,0.0,0.0,0.0,0.0,0.0,0.0,0.0,0,-107875648.0,53,0.0,106,-107614832.0,2.7006707062415038e+23,ERR,ERR,ERR,ERR,ERR,ERR,ERR,ERR,ERR,ERR,ERR,ERR,ERR,ERR,ERR,ERR,ERR,ERR,ERR,ERR,ERR,ERR,ERR,ERR,ERR,ERR,ERR,ERR,ERR,ERR,ERR,ERR,ERR,ERR,ERR,ERR,ERR,ERR,ERR,ERR,ERR,ERR,ERR,ERR,ERR,ERR,ERR,ERR,ERR,ERR,ERR,ERR,ERR,ERR,ERR,ERR,ERR,ERR,ERR,ERR,ERR,ERR,ERR,ERR,ERR,ERR,ERR,50.0,60.0,100,0.0,0.0,0.0,0.0,0.0,0.0,0.0,0.0,0.0,0.0,0.0,0.0,0.0,0.0,0.0,0.0,61.6,77,11,65508,50,65476,0,300,0,0,8,20529,65476,0,0,26214,60.0,0.0,0.0,0.0,0.0,0.0
2026-05-17T16:54:24,ERR,ERR,ERR,ERR,ERR,ERR,ERR,ERR,ERR,ERR,ERR,ERR,ERR,ERR,ERR,ERR,ERR,ERR,ERR,ERR,ERR,ERR,ERR,ERR,ERR,ERR,ERR,ERR,ERR,ERR,ERR,ERR,ERR,ERR,ERR,ERR,ERR,ERR,ERR,ERR,ERR,ERR,ERR,ERR,ERR,ERR,ERR,ERR,ERR,ERR,ERR,ERR,ERR,ERR,ERR,ERR,ERR,ERR,ERR,ERR,ERR,ERR,ERR,ERR,ERR,ERR,ERR,ERR,ERR,ERR,ERR,ERR,ERR,ERR,ERR,ERR,ERR,ERR,ERR,ERR,ERR,ERR,ERR,ERR,ERR,ERR,ERR,ERR,ERR,ERR,ERR,ERR,ERR,ERR,ERR,ERR,ERR,ERR,ERR,ERR,ERR,ERR,ERR,ERR,ERR,ERR,ERR,ERR,ERR,ERR,ERR,ERR,ERR,ERR,ERR,ERR,ERR,ERR,ERR,ERR,ERR,ERR,ERR,ERR,ERR,0.0,0.0,-134474944.0,0.0,0.0,1.3936040501711995e+18,7.805,0.0,0,0,4,0,8422,0.0,45,0.0,0.0,0.0,0.0,0.0,0,0,0,0,0.0,0,0,0,0,0,0,0,0,0,0,0,0,0,0,0,0,0,0,0,0,0,0,0,0,0,0,0,0,0,0,0,0,0,38,14,7,45,65476,0,300,0,0,8,21553,0.0,-107605600.0,0.0,0.0,0.0,0.0,0.0,0.0,0.0,0.0,0.0,0.0,0.0,0.0,0.0,0.0,0.0,0.0,0.0,0.0,0.0,0.0,0.0,0.0,-2.004,2.004,0.0,0.0,0.0,0.0,4943.0,-8608180224.0,0.0,0.0,0.0,0.0,-107615304.0,0.0,0.0,0.0,0.0,53,2.3088403658719416e+20,0.0,0.0,0.0,0.0,0.0,0.0,0.0,0.0,0,0,0,0.0,0.0,0.0,0.0,0.0,0.0,0.0,0.0,0.0,0.0,0.0,0.0,0.0,0.0,0.0,0.0,0,-107875648.0,53,0.0,106,-107614832.0,2.7006707062415038e+23,ERR,ERR,ERR,ERR,ERR,ERR,ERR,ERR,ERR,ERR,ERR,ERR,ERR,ERR,ERR,ERR,ERR,ERR,ERR,ERR,ERR,ERR,ERR,ERR,ERR,ERR,ERR,ERR,ERR,ERR,ERR,ERR,ERR,ERR,ERR,ERR,ERR,ERR,ERR,ERR,ERR,ERR,ERR,ERR,ERR,ERR,ERR,ERR,ERR,ERR,ERR,ERR,ERR,ERR,ERR,ERR,ERR,ERR,ERR,ERR,ERR,ERR,ERR,ERR,ERR,ERR,ERR,50.0,60.0,100,0.0,0.0,0.0,0.0,0.0,0.0,0.0,0.0,0.0,0.0,0.0,0.0,0.0,0.0,0.0,0.0,61.6,77,11,65508,50,65476,0,300,0,0,8,20529,65476,0,0,26214,60.0,0.0,0.0,0.0,0.0,0.0
2026-05-17T16:54:25,ERR,ERR,ERR,ERR,ERR,ERR,ERR,ERR,ERR,ERR,ERR,ERR,ERR,ERR,ERR,ERR,ERR,ERR,ERR,ERR,ERR,ERR,ERR,ERR,ERR,ERR,ERR,ERR,ERR,ERR,ERR,ERR,ERR,ERR,ERR,ERR,ERR,ERR,ERR,ERR,ERR,ERR,ERR,ERR,ERR,ERR,ERR,ERR,ERR,ERR,ERR,ERR,ERR,ERR,ERR,ERR,ERR,ERR,ERR,ERR,ERR,ERR,ERR,ERR,ERR,ERR,ERR,ERR,ERR,ERR,ERR,ERR,ERR,ERR,ERR,ERR,ERR,ERR,ERR,ERR,ERR,ERR,ERR,ERR,ERR,ERR,ERR,ERR,ERR,ERR,ERR,ERR,ERR,ERR,ERR,ERR,ERR,ERR,ERR,ERR,ERR,ERR,ERR,ERR,ERR,ERR,ERR,ERR,ERR,ERR,ERR,ERR,ERR,ERR,ERR,ERR,ERR,ERR,ERR,ERR,ERR,ERR,ERR,ERR,ERR,0.0,0.0,-134474944.0,0.0,0.0,1.3936040501711995e+18,7.805,0.0,0,0,4,0,8422,0.0,45,0.0,0.0,0.0,0.0,0.0,0,0,0,0,0.0,0,0,0,0,0,0,0,0,0,0,0,0,0,0,0,0,0,0,0,0,0,0,0,0,0,0,0,0,0,0,0,0,0,38,14,7,45,65476,0,300,0,0,8,21553,0.0,-107605600.0,0.0,0.0,0.0,0.0,0.0,0.0,0.0,0.0,0.0,0.0,0.0,0.0,0.0,0.0,0.0,0.0,0.0,0.0,0.0,0.0,0.0,0.0,-2.004,2.004,0.0,0.0,0.0,0.0,4943.0,-8608180224.0,0.0,0.0,0.0,0.0,-107615304.0,0.0,0.0,0.0,0.0,53,2.3088403658719416e+20,0.0,0.0,0.0,0.0,0.0,0.0,0.0,0.0,0,0,0,0.0,0.0,0.0,0.0,0.0,0.0,0.0,0.0,0.0,0.0,0.0,0.0,0.0,0.0,0.0,0.0,0,-107875648.0,53,0.0,106,-107614832.0,2.7006707062415038e+23,ERR,ERR,ERR,ERR,ERR,ERR,ERR,ERR,ERR,ERR,ERR,ERR,ERR,ERR,ERR,ERR,ERR,ERR,ERR,ERR,ERR,ERR,ERR,ERR,ERR,ERR,ERR,ERR,ERR,ERR,ERR,ERR,ERR,ERR,ERR,ERR,ERR,ERR,ERR,ERR,ERR,ERR,ERR,ERR,ERR,ERR,ERR,ERR,ERR,ERR,ERR,ERR,ERR,ERR,ERR,ERR,ERR,ERR,ERR,ERR,ERR,ERR,ERR,ERR,ERR,ERR,ERR,50.0,60.0,100,0.0,0.0,0.0,0.0,0.0,0.0,0.0,0.0,0.0,0.0,0.0,0.0,0.0,0.0,0.0,0.0,61.6,77,11,65508,50,65476,0,300,0,0,8,20529,65476,0,0,26214,60.0,0.0,0.0,0.0,0.0,0.0
2026-05-17T16:54:26,ERR,ERR,ERR,ERR,ERR,ERR,ERR,ERR,ERR,ERR,ERR,ERR,ERR,ERR,ERR,ERR,ERR,ERR,ERR,ERR,ERR,ERR,ERR,ERR,ERR,ERR,ERR,ERR,ERR,ERR,ERR,ERR,ERR,ERR,ERR,ERR,ERR,ERR,ERR,ERR,ERR,ERR,ERR,ERR,ERR,ERR,ERR,ERR,ERR,ERR,ERR,ERR,ERR,ERR,ERR,ERR,ERR,ERR,ERR,ERR,ERR,ERR,ERR,ERR,ERR,ERR,ERR,ERR,ERR,ERR,ERR,ERR,ERR,ERR,ERR,ERR,ERR,ERR,ERR,ERR,ERR,ERR,ERR,ERR,ERR,ERR,ERR,ERR,ERR,ERR,ERR,ERR,ERR,ERR,ERR,ERR,ERR,ERR,ERR,ERR,ERR,ERR,ERR,ERR,ERR,ERR,ERR,ERR,ERR,ERR,ERR,ERR,ERR,ERR,ERR,ERR,ERR,ERR,ERR,ERR,ERR,ERR,ERR,ERR,ERR,0.0,0.0,-134474944.0,0.0,0.0,1.3936040501711995e+18,7.805,0.0,0,0,4,0,8422,0.0,45,0.0,0.0,0.0,0.0,0.0,0,0,0,0,0.0,0,0,0,0,0,0,0,0,0,0,0,0,0,0,0,0,0,0,0,0,0,0,0,0,0,0,0,0,0,0,0,0,0,38,14,7,45,65476,0,300,0,0,8,21553,0.0,-107605600.0,0.0,0.0,0.0,0.0,0.0,0.0,0.0,0.0,0.0,0.0,0.0,0.0,0.0,0.0,0.0,0.0,0.0,0.0,0.0,0.0,0.0,0.0,-2.004,2.004,0.0,0.0,0.0,0.0,5009.0,0.0,0.0,0.0,0.0,0.0,-107615304.0,0.0,0.0,0.0,0.0,53,3.222028592685471e+26,-0.0,0.0,0.0,0.0,0.0,0.0,0.0,0.0,0,0,0,0.0,0.0,0.0,0.0,0.0,0.0,0.0,0.0,0.0,0.0,0.0,0.0,0.0,0.0,0.0,0.0,0,-107875648.0,53,0.0,106,-107614832.0,2.7006707062415038e+23,ERR,ERR,ERR,ERR,ERR,ERR,ERR,ERR,ERR,ERR,ERR,ERR,ERR,ERR,ERR,ERR,ERR,ERR,ERR,ERR,ERR,ERR,ERR,ERR,ERR,ERR,ERR,ERR,ERR,ERR,ERR,ERR,ERR,ERR,ERR,ERR,ERR,ERR,ERR,ERR,ERR,ERR,ERR,ERR,ERR,ERR,ERR,ERR,ERR,ERR,ERR,ERR,ERR,ERR,ERR,ERR,ERR,ERR,ERR,ERR,ERR,ERR,ERR,ERR,ERR,ERR,ERR,50.0,60.0,100,0.0,0.0,0.0,0.0,0.0,0.0,0.0,0.0,0.0,0.0,0.0,0.0,0.0,0.0,0.0,0.0,62.0,77,11,65508,50,65476,0,300,0,0,8,20529,65476,0,0,26214,60.0,0.0,0.0,0.0,0.0,0.0
2026-05-17T16:54:27,ERR,ERR,ERR,ERR,ERR,ERR,ERR,ERR,ERR,ERR,ERR,ERR,ERR,ERR,ERR,ERR,ERR,ERR,ERR,ERR,ERR,ERR,ERR,ERR,ERR,ERR,ERR,ERR,ERR,ERR,ERR,ERR,ERR,ERR,ERR,ERR,ERR,ERR,ERR,ERR,ERR,ERR,ERR,ERR,ERR,ERR,ERR,ERR,ERR,ERR,ERR,ERR,ERR,ERR,ERR,ERR,ERR,ERR,ERR,ERR,ERR,ERR,ERR,ERR,ERR,ERR,ERR,ERR,ERR,ERR,ERR,ERR,ERR,ERR,ERR,ERR,ERR,ERR,ERR,ERR,ERR,ERR,ERR,ERR,ERR,ERR,ERR,ERR,ERR,ERR,ERR,ERR,ERR,ERR,ERR,ERR,ERR,ERR,ERR,ERR,ERR,ERR,ERR,ERR,ERR,ERR,ERR,ERR,ERR,ERR,ERR,ERR,ERR,ERR,ERR,ERR,ERR,ERR,ERR,ERR,ERR,ERR,ERR,ERR,ERR,0.0,0.0,-134474944.0,0.0,0.0,1.3936040501711995e+18,7.805,0.0,0,0,4,0,8422,0.0,45,0.0,0.0,0.0,0.0,0.0,0,0,0,0,0.0,0,0,0,0,0,0,0,0,0,0,0,0,0,0,0,0,0,0,0,0,0,0,0,0,0,0,0,0,0,0,0,0,0,38,14,7,45,65476,0,300,0,0,8,21553,0.0,-107605600.0,0.0,0.0,0.0,0.0,0.0,0.0,0.0,0.0,0.0,0.0,0.0,0.0,0.0,0.0,0.0,0.0,0.0,0.0,0.0,0.0,0.0,0.0,-2.004,2.004,0.0,0.0,0.0,0.0,5009.0,0.0,0.0,0.0,0.0,0.0,-107615304.0,0.0,0.0,0.0,0.0,53,3.222028592685471e+26,-0.0,0.0,0.0,0.0,0.0,0.0,0.0,0.0,0,0,0,0.0,0.0,0.0,0.0,0.0,0.0,0.0,0.0,0.0,0.0,0.0,0.0,0.0,0.0,0.0,0.0,0,-107875648.0,53,0.0,106,-107614832.0,2.7006707062415038e+23,ERR,ERR,ERR,ERR,ERR,ERR,ERR,ERR,ERR,ERR,ERR,ERR,ERR,ERR,ERR,ERR,ERR,ERR,ERR,ERR,ERR,ERR,ERR,ERR,ERR,ERR,ERR,ERR,ERR,ERR,ERR,ERR,ERR,ERR,ERR,ERR,ERR,ERR,ERR,ERR,ERR,ERR,ERR,ERR,ERR,ERR,ERR,ERR,ERR,ERR,ERR,ERR,ERR,ERR,ERR,ERR,ERR,ERR,ERR,ERR,ERR,ERR,ERR,ERR,ERR,ERR,ERR,50.0,60.0,100,0.0,0.0,0.0,0.0,0.0,0.0,0.0,0.0,0.0,0.0,0.0,0.0,0.0,0.0,0.0,0.0,62.0,77,11,65508,50,65476,0,300,0,0,8,20529,65476,0,0,26214,60.0,0.0,0.0,0.0,0.0,0.0
2026-05-17T16:54:28,ERR,ERR,ERR,ERR,ERR,ERR,ERR,ERR,ERR,ERR,ERR,ERR,ERR,ERR,ERR,ERR,ERR,ERR,ERR,ERR,ERR,ERR,ERR,ERR,ERR,ERR,ERR,ERR,ERR,ERR,ERR,ERR,ERR,ERR,ERR,ERR,ERR,ERR,ERR,ERR,ERR,ERR,ERR,ERR,ERR,ERR,ERR,ERR,ERR,ERR,ERR,ERR,ERR,ERR,ERR,ERR,ERR,ERR,ERR,ERR,ERR,ERR,ERR,ERR,ERR,ERR,ERR,ERR,ERR,ERR,ERR,ERR,ERR,ERR,ERR,ERR,ERR,ERR,ERR,ERR,ERR,ERR,ERR,ERR,ERR,ERR,ERR,ERR,ERR,ERR,ERR,ERR,ERR,ERR,ERR,ERR,ERR,ERR,ERR,ERR,ERR,ERR,ERR,ERR,ERR,ERR,ERR,ERR,ERR,ERR,ERR,ERR,ERR,ERR,ERR,ERR,ERR,ERR,ERR,ERR,ERR,ERR,ERR,ERR,ERR,0.0,0.0,-134474944.0,0.0,0.0,1.3936040501711995e+18,7.805,0.0,0,0,4,0,8422,0.0,45,0.0,0.0,0.0,0.0,0.0,0,0,0,0,0.0,0,0,0,0,0,0,0,0,0,0,0,0,0,0,0,0,0,0,0,0,0,0,0,0,0,0,0,0,0,0,0,0,0,38,14,7,45,65476,0,300,0,0,8,21553,0.0,-107605600.0,0.0,0.0,0.0,0.0,0.0,0.0,0.0,0.0,0.0,0.0,0.0,0.0,0.0,0.0,0.0,0.0,0.0,0.0,0.0,0.0,0.0,0.0,-2.004,2.004,0.0,0.0,0.0,0.0,5009.0,0.0,0.0,0.0,0.0,0.0,-107615304.0,0.0,0.0,0.0,0.0,53,3.222028592685471e+26,-0.0,0.0,0.0,0.0,0.0,0.0,0.0,0.0,0,0,0,0.0,0.0,0.0,0.0,0.0,0.0,0.0,0.0,0.0,0.0,0.0,0.0,0.0,0.0,0.0,0.0,0,-107875648.0,53,0.0,106,-107614832.0,2.7006707062415038e+23,ERR,ERR,ERR,ERR,ERR,ERR,ERR,ERR,ERR,ERR,ERR,ERR,ERR,ERR,ERR,ERR,ERR,ERR,ERR,ERR,ERR,ERR,ERR,ERR,ERR,ERR,ERR,ERR,ERR,ERR,ERR,ERR,ERR,ERR,ERR,ERR,ERR,ERR,ERR,ERR,ERR,ERR,ERR,ERR,ERR,ERR,ERR,ERR,ERR,ERR,ERR,ERR,ERR,ERR,ERR,ERR,ERR,ERR,ERR,ERR,ERR,ERR,ERR,ERR,ERR,ERR,ERR,50.0,60.0,100,0.0,0.0,0.0,0.0,0.0,0.0,0.0,0.0,0.0,0.0,0.0,0.0,0.0,0.0,0.0,0.0,61.6,77,11,65508,50,65476,0,300,0,0,8,20529,65476,0,0,26214,60.0,0.0,0.0,0.0,0.0,0.0
2026-05-17T16:54:29,ERR,ERR,ERR,ERR,ERR,ERR,ERR,ERR,ERR,ERR,ERR,ERR,ERR,ERR,ERR,ERR,ERR,ERR,ERR,ERR,ERR,ERR,ERR,ERR,ERR,ERR,ERR,ERR,ERR,ERR,ERR,ERR,ERR,ERR,ERR,ERR,ERR,ERR,ERR,ERR,ERR,ERR,ERR,ERR,ERR,ERR,ERR,ERR,ERR,ERR,ERR,ERR,ERR,ERR,ERR,ERR,ERR,ERR,ERR,ERR,ERR,ERR,ERR,ERR,ERR,ERR,ERR,ERR,ERR,ERR,ERR,ERR,ERR,ERR,ERR,ERR,ERR,ERR,ERR,ERR,ERR,ERR,ERR,ERR,ERR,ERR,ERR,ERR,ERR,ERR,ERR,ERR,ERR,ERR,ERR,ERR,ERR,ERR,ERR,ERR,ERR,ERR,ERR,ERR,ERR,ERR,ERR,ERR,ERR,ERR,ERR,ERR,ERR,ERR,ERR,ERR,ERR,ERR,ERR,ERR,ERR,ERR,ERR,ERR,ERR,0.0,0.0,-134474944.0,0.0,0.0,1.3936040501711995e+18,7.805,0.0,0,0,4,0,8422,0.0,45,0.0,0.0,0.0,0.0,0.0,0,0,0,0,0.0,0,0,0,0,0,0,0,0,0,0,0,0,0,0,0,0,0,0,0,0,0,0,0,0,0,0,0,0,0,0,0,0,0,38,14,7,45,65476,0,300,0,0,8,21553,0.0,-107605600.0,0.0,0.0,0.0,0.0,0.0,0.0,0.0,0.0,0.0,0.0,0.0,0.0,0.0,0.0,0.0,0.0,0.0,0.0,0.0,0.0,0.0,0.0,-2.004,2.004,0.0,0.0,0.0,0.0,5009.0,0.0,0.0,0.0,0.0,0.0,-107615304.0,0.0,0.0,0.0,0.0,53,3.222028592685471e+26,-0.0,0.0,0.0,0.0,0.0,0.0,0.0,0.0,0,0,0,0.0,0.0,0.0,0.0,0.0,0.0,0.0,0.0,0.0,0.0,0.0,0.0,0.0,0.0,0.0,0.0,0,-107875648.0,53,0.0,106,-107614832.0,2.7006707062415038e+23,ERR,ERR,ERR,ERR,ERR,ERR,ERR,ERR,ERR,ERR,ERR,ERR,ERR,ERR,ERR,ERR,ERR,ERR,ERR,ERR,ERR,ERR,ERR,ERR,ERR,ERR,ERR,ERR,ERR,ERR,ERR,ERR,ERR,ERR,ERR,ERR,ERR,ERR,ERR,ERR,ERR,ERR,ERR,ERR,ERR,ERR,ERR,ERR,ERR,ERR,ERR,ERR,ERR,ERR,ERR,ERR,ERR,ERR,ERR,ERR,ERR,ERR,ERR,ERR,ERR,ERR,ERR,50.0,60.0,100,0.0,0.0,0.0,0.0,0.0,0.0,0.0,0.0,0.0,0.0,0.0,0.0,0.0,0.0,0.0,0.0,61.6,77,11,65508,50,65476,0,300,0,0,8,20529,65476,0,0,26214,60.0,0.0,0.0,0.0,0.0,0.0
2026-05-17T16:54:30,ERR,ERR,ERR,ERR,ERR,ERR,ERR,ERR,ERR,ERR,ERR,ERR,ERR,ERR,ERR,ERR,ERR,ERR,ERR,ERR,ERR,ERR,ERR,ERR,ERR,ERR,ERR,ERR,ERR,ERR,ERR,ERR,ERR,ERR,ERR,ERR,ERR,ERR,ERR,ERR,ERR,ERR,ERR,ERR,ERR,ERR,ERR,ERR,ERR,ERR,ERR,ERR,ERR,ERR,ERR,ERR,ERR,ERR,ERR,ERR,ERR,ERR,ERR,ERR,ERR,ERR,ERR,ERR,ERR,ERR,ERR,ERR,ERR,ERR,ERR,ERR,ERR,ERR,ERR,ERR,ERR,ERR,ERR,ERR,ERR,ERR,ERR,ERR,ERR,ERR,ERR,ERR,ERR,ERR,ERR,ERR,ERR,ERR,ERR,ERR,ERR,ERR,ERR,ERR,ERR,ERR,ERR,ERR,ERR,ERR,ERR,ERR,ERR,ERR,ERR,ERR,ERR,ERR,ERR,ERR,ERR,ERR,ERR,ERR,ERR,0.0,0.0,-134474944.0,0.0,0.0,1.3936040501711995e+18,7.805,0.0,0,0,4,0,8422,0.0,45,0.0,0.0,0.0,0.0,0.0,0,0,0,0,0.0,0,0,0,0,0,0,0,0,0,0,0,0,0,0,0,0,0,0,0,0,0,0,0,0,0,0,0,0,0,0,0,0,0,38,14,7,45,65476,0,300,0,0,8,21553,0.0,-107605600.0,0.0,0.0,0.0,0.0,0.0,0.0,0.0,0.0,0.0,0.0,0.0,0.0,0.0,0.0,0.0,0.0,0.0,0.0,0.0,0.0,0.0,0.0,-2.004,2.004,0.0,0.0,0.0,0.0,5009.0,0.0,0.0,0.0,0.0,0.0,-107615304.0,0.0,0.0,0.0,0.0,53,3.222028592685471e+26,-0.0,0.0,0.0,0.0,0.0,0.0,0.0,0.0,0,0,0,0.0,0.0,0.0,0.0,0.0,0.0,0.0,0.0,0.0,0.0,0.0,0.0,0.0,0.0,0.0,0.0,0,-107875648.0,53,0.0,106,-107614832.0,2.7006707062415038e+23,ERR,ERR,ERR,ERR,ERR,ERR,ERR,ERR,ERR,ERR,ERR,ERR,ERR,ERR,ERR,ERR,ERR,ERR,ERR,ERR,ERR,ERR,ERR,ERR,ERR,ERR,ERR,ERR,ERR,ERR,ERR,ERR,ERR,ERR,ERR,ERR,ERR,ERR,ERR,ERR,ERR,ERR,ERR,ERR,ERR,ERR,ERR,ERR,ERR,ERR,ERR,ERR,ERR,ERR,ERR,ERR,ERR,ERR,ERR,ERR,ERR,ERR,ERR,ERR,ERR,ERR,ERR,50.0,60.0,100,0.0,0.0,0.0,0.0,0.0,0.0,0.0,0.0,0.0,0.0,0.0,0.0,0.0,0.0,0.0,0.0,62.0,77,11,65508,50,65476,0,300,0,0,8,20529,65476,0,0,26214,60.0,0.0,0.0,0.0,0.0,0.0
2026-05-17T16:54:31,ERR,ERR,ERR,ERR,ERR,ERR,ERR,ERR,ERR,ERR,ERR,ERR,ERR,ERR,ERR,ERR,ERR,ERR,ERR,ERR,ERR,ERR,ERR,ERR,ERR,ERR,ERR,ERR,ERR,ERR,ERR,ERR,ERR,ERR,ERR,ERR,ERR,ERR,ERR,ERR,ERR,ERR,ERR,ERR,ERR,ERR,ERR,ERR,ERR,ERR,ERR,ERR,ERR,ERR,ERR,ERR,ERR,ERR,ERR,ERR,ERR,ERR,ERR,ERR,ERR,ERR,ERR,ERR,ERR,ERR,ERR,ERR,ERR,ERR,ERR,ERR,ERR,ERR,ERR,ERR,ERR,ERR,ERR,ERR,ERR,ERR,ERR,ERR,ERR,ERR,ERR,ERR,ERR,ERR,ERR,ERR,ERR,ERR,ERR,ERR,ERR,ERR,ERR,ERR,ERR,ERR,ERR,ERR,ERR,ERR,ERR,ERR,ERR,ERR,ERR,ERR,ERR,ERR,ERR,ERR,ERR,ERR,ERR,ERR,ERR,0.0,0.0,-134474944.0,0.0,0.0,1.3936040501711995e+18,7.805,0.0,0,0,4,0,8422,0.0,45,0.0,0.0,0.0,0.0,0.0,0,0,0,0,0.0,0,0,0,0,0,0,0,0,0,0,0,0,0,0,0,0,0,0,0,0,0,0,0,0,0,0,0,0,0,0,0,0,0,38,14,7,45,65476,0,300,0,0,8,21553,0.0,-107605600.0,0.0,0.0,0.0,0.0,0.0,0.0,0.0,0.0,0.0,0.0,0.0,0.0,0.0,0.0,0.0,0.0,0.0,0.0,0.0,0.0,0.0,0.0,-2.004,2.004,0.0,0.0,0.0,0.0,5010.0,-0.0,0.0,0.0,0.0,0.0,-107615304.0,0.0,0.0,0.0,0.0,53,4.066880103266858e+29,1.9056859227671757e+17,0.0,0.0,0.0,0.0,0.0,0.0,0.0,0,0,0,0.0,0.0,0.0,0.0,0.0,0.0,0.0,0.0,0.0,0.0,0.0,0.0,0.0,0.0,0.0,0.0,0,-107875648.0,53,0.0,106,-107614832.0,2.7006707062415038e+23,ERR,ERR,ERR,ERR,ERR,ERR,ERR,ERR,ERR,ERR,ERR,ERR,ERR,ERR,ERR,ERR,ERR,ERR,ERR,ERR,ERR,ERR,ERR,ERR,ERR,ERR,ERR,ERR,ERR,ERR,ERR,ERR,ERR,ERR,ERR,ERR,ERR,ERR,ERR,ERR,ERR,ERR,ERR,ERR,ERR,ERR,ERR,ERR,ERR,ERR,ERR,ERR,ERR,ERR,ERR,ERR,ERR,ERR,ERR,ERR,ERR,ERR,ERR,ERR,ERR,ERR,ERR,50.0,60.0,100,0.0,0.0,0.0,0.0,0.0,0.0,0.0,0.0,0.0,0.0,0.0,0.0,0.0,0.0,0.0,0.0,62.0,77,11,65508,50,65476,0,300,0,0,8,20529,65476,0,0,26214,60.0,0.0,0.0,0.0,0.0,0.0
2026-05-17T16:54:32,ERR,ERR,ERR,ERR,ERR,ERR,ERR,ERR,ERR,ERR,ERR,ERR,ERR,ERR,ERR,ERR,ERR,ERR,ERR,ERR,ERR,ERR,ERR,ERR,ERR,ERR,ERR,ERR,ERR,ERR,ERR,ERR,ERR,ERR,ERR,ERR,ERR,ERR,ERR,ERR,ERR,ERR,ERR,ERR,ERR,ERR,ERR,ERR,ERR,ERR,ERR,ERR,ERR,ERR,ERR,ERR,ERR,ERR,ERR,ERR,ERR,ERR,ERR,ERR,ERR,ERR,ERR,ERR,ERR,ERR,ERR,ERR,ERR,ERR,ERR,ERR,ERR,ERR,ERR,ERR,ERR,ERR,ERR,ERR,ERR,ERR,ERR,ERR,ERR,ERR,ERR,ERR,ERR,ERR,ERR,ERR,ERR,ERR,ERR,ERR,ERR,ERR,ERR,ERR,ERR,ERR,ERR,ERR,ERR,ERR,ERR,ERR,ERR,ERR,ERR,ERR,ERR,ERR,ERR,ERR,ERR,ERR,ERR,ERR,ERR,0.0,0.0,-134474944.0,0.0,0.0,1.3936040501711995e+18,7.805,0.0,0,0,4,0,8422,0.0,45,0.0,0.0,0.0,0.0,0.0,0,0,0,0,0.0,0,0,0,0,0,0,0,0,0,0,0,0,0,0,0,0,0,0,0,0,0,0,0,0,0,0,0,0,0,0,0,0,0,38,14,7,45,65476,0,300,0,0,8,21553,0.0,-107605600.0,0.0,0.0,0.0,0.0,0.0,0.0,0.0,0.0,0.0,0.0,0.0,0.0,0.0,0.0,0.0,0.0,0.0,0.0,0.0,0.0,0.0,0.0,-2.004,2.004,0.0,0.0,0.0,0.0,5010.0,-0.0,0.0,0.0,0.0,0.0,-107615304.0,0.0,0.0,0.0,0.0,53,4.066880103266858e+29,1.9056859227671757e+17,0.0,0.0,0.0,0.0,0.0,0.0,0.0,0,0,0,0.0,0.0,0.0,0.0,0.0,0.0,0.0,0.0,0.0,0.0,0.0,0.0,0.0,0.0,0.0,0.0,0,-107875648.0,53,0.0,106,-107614832.0,2.7006707062415038e+23,ERR,ERR,ERR,ERR,ERR,ERR,ERR,ERR,ERR,ERR,ERR,ERR,ERR,ERR,ERR,ERR,ERR,ERR,ERR,ERR,ERR,ERR,ERR,ERR,ERR,ERR,ERR,ERR,ERR,ERR,ERR,ERR,ERR,ERR,ERR,ERR,ERR,ERR,ERR,ERR,ERR,ERR,ERR,ERR,ERR,ERR,ERR,ERR,ERR,ERR,ERR,ERR,ERR,ERR,ERR,ERR,ERR,ERR,ERR,ERR,ERR,ERR,ERR,ERR,ERR,ERR,ERR,50.0,60.0,100,0.0,0.0,0.0,0.0,0.0,0.0,0.0,0.0,0.0,0.0,0.0,0.0,0.0,0.0,0.0,0.0,61.6,77,11,65508,50,65476,0,300,0,0,8,20529,65476,0,0,26214,60.0,0.0,0.0,0.0,0.0,0.0
2026-05-17T16:54:33,ERR,ERR,ERR,ERR,ERR,ERR,ERR,ERR,ERR,ERR,ERR,ERR,ERR,ERR,ERR,ERR,ERR,ERR,ERR,ERR,ERR,ERR,ERR,ERR,ERR,ERR,ERR,ERR,ERR,ERR,ERR,ERR,ERR,ERR,ERR,ERR,ERR,ERR,ERR,ERR,ERR,ERR,ERR,ERR,ERR,ERR,ERR,ERR,ERR,ERR,ERR,ERR,ERR,ERR,ERR,ERR,ERR,ERR,ERR,ERR,ERR,ERR,ERR,ERR,ERR,ERR,ERR,ERR,ERR,ERR,ERR,ERR,ERR,ERR,ERR,ERR,ERR,ERR,ERR,ERR,ERR,ERR,ERR,ERR,ERR,ERR,ERR,ERR,ERR,ERR,ERR,ERR,ERR,ERR,ERR,ERR,ERR,ERR,ERR,ERR,ERR,ERR,ERR,ERR,ERR,ERR,ERR,ERR,ERR,ERR,ERR,ERR,ERR,ERR,ERR,ERR,ERR,ERR,ERR,ERR,ERR,ERR,ERR,ERR,ERR,0.0,0.0,-134474944.0,0.0,0.0,1.3936040501711995e+18,7.805,0.0,0,0,4,0,8422,0.0,45,0.0,0.0,0.0,0.0,0.0,0,0,0,0,0.0,0,0,0,0,0,0,0,0,0,0,0,0,0,0,0,0,0,0,0,0,0,0,0,0,0,0,0,0,0,0,0,0,0,38,14,7,45,65476,0,300,0,0,8,21553,0.0,-107605600.0,0.0,0.0,0.0,0.0,0.0,0.0,0.0,0.0,0.0,0.0,0.0,0.0,0.0,0.0,0.0,0.0,0.0,0.0,0.0,0.0,0.0,0.0,-2.004,2.004,0.0,0.0,0.0,0.0,5010.0,-0.0,0.0,0.0,0.0,0.0,-107615304.0,0.0,0.0,0.0,0.0,53,4.066880103266858e+29,1.9056859227671757e+17,0.0,0.0,0.0,0.0,0.0,0.0,0.0,0,0,0,0.0,0.0,0.0,0.0,0.0,0.0,0.0,0.0,0.0,0.0,0.0,0.0,0.0,0.0,0.0,0.0,0,-107875648.0,53,0.0,106,-107614832.0,2.7006707062415038e+23,ERR,ERR,ERR,ERR,ERR,ERR,ERR,ERR,ERR,ERR,ERR,ERR,ERR,ERR,ERR,ERR,ERR,ERR,ERR,ERR,ERR,ERR,ERR,ERR,ERR,ERR,ERR,ERR,ERR,ERR,ERR,ERR,ERR,ERR,ERR,ERR,ERR,ERR,ERR,ERR,ERR,ERR,ERR,ERR,ERR,ERR,ERR,ERR,ERR,ERR,ERR,ERR,ERR,ERR,ERR,ERR,ERR,ERR,ERR,ERR,ERR,ERR,ERR,ERR,ERR,ERR,ERR,50.0,60.0,100,0.0,0.0,0.0,0.0,0.0,0.0,0.0,0.0,0.0,0.0,0.0,0.0,0.0,0.0,0.0,0.0,61.6,77,11,65508,50,65476,0,300,0,0,8,20529,65476,0,0,26214,60.0,0.0,0.0,0.0,0.0,0.0
2026-05-17T16:54:34,ERR,ERR,ERR,ERR,ERR,ERR,ERR,ERR,ERR,ERR,ERR,ERR,ERR,ERR,ERR,ERR,ERR,ERR,ERR,ERR,ERR,ERR,ERR,ERR,ERR,ERR,ERR,ERR,ERR,ERR,ERR,ERR,ERR,ERR,ERR,ERR,ERR,ERR,ERR,ERR,ERR,ERR,ERR,ERR,ERR,ERR,ERR,ERR,ERR,ERR,ERR,ERR,ERR,ERR,ERR,ERR,ERR,ERR,ERR,ERR,ERR,ERR,ERR,ERR,ERR,ERR,ERR,ERR,ERR,ERR,ERR,ERR,ERR,ERR,ERR,ERR,ERR,ERR,ERR,ERR,ERR,ERR,ERR,ERR,ERR,ERR,ERR,ERR,ERR,ERR,ERR,ERR,ERR,ERR,ERR,ERR,ERR,ERR,ERR,ERR,ERR,ERR,ERR,ERR,ERR,ERR,ERR,ERR,ERR,ERR,ERR,ERR,ERR,ERR,ERR,ERR,ERR,ERR,ERR,ERR,ERR,ERR,ERR,ERR,ERR,0.0,0.0,-134474944.0,0.0,0.0,1.3936040501711995e+18,7.805,0.0,0,0,4,0,8422,0.0,45,0.0,0.0,0.0,0.0,0.0,0,0,0,0,0.0,0,0,0,0,0,0,0,0,0,0,0,0,0,0,0,0,0,0,0,0,0,0,0,0,0,0,0,0,0,0,0,0,0,38,14,7,45,65476,0,300,0,0,8,21553,0.0,-107605600.0,0.0,0.0,0.0,0.0,0.0,0.0,0.0,0.0,0.0,0.0,0.0,0.0,0.0,0.0,0.0,0.0,0.0,0.0,0.0,0.0,0.0,0.0,-2.004,2.004,0.0,0.0,0.0,0.0,5010.0,-0.0,0.0,0.0,0.0,0.0,-107615304.0,0.0,0.0,0.0,0.0,53,4.066880103266858e+29,1.9056859227671757e+17,0.0,0.0,0.0,0.0,0.0,0.0,0.0,0,0,0,0.0,0.0,0.0,0.0,0.0,0.0,0.0,0.0,0.0,0.0,0.0,0.0,0.0,0.0,0.0,0.0,0,-107875648.0,53,0.0,106,-107614832.0,2.7006707062415038e+23,ERR,ERR,ERR,ERR,ERR,ERR,ERR,ERR,ERR,ERR,ERR,ERR,ERR,ERR,ERR,ERR,ERR,ERR,ERR,ERR,ERR,ERR,ERR,ERR,ERR,ERR,ERR,ERR,ERR,ERR,ERR,ERR,ERR,ERR,ERR,ERR,ERR,ERR,ERR,ERR,ERR,ERR,ERR,ERR,ERR,ERR,ERR,ERR,ERR,ERR,ERR,ERR,ERR,ERR,ERR,ERR,ERR,ERR,ERR,ERR,ERR,ERR,ERR,ERR,ERR,ERR,ERR,50.0,60.0,100,0.0,0.0,0.0,0.0,0.0,0.0,0.0,0.0,0.0,0.0,0.0,0.0,0.0,0.0,0.0,0.0,61.6,77,11,65508,50,65476,0,300,0,0,8,20529,65476,0,0,26214,60.0,0.0,0.0,0.0,0.0,0.0
2026-05-17T16:54:35,ERR,ERR,ERR,ERR,ERR,ERR,ERR,ERR,ERR,ERR,ERR,ERR,ERR,ERR,ERR,ERR,ERR,ERR,ERR,ERR,ERR,ERR,ERR,ERR,ERR,ERR,ERR,ERR,ERR,ERR,ERR,ERR,ERR,ERR,ERR,ERR,ERR,ERR,ERR,ERR,ERR,ERR,ERR,ERR,ERR,ERR,ERR,ERR,ERR,ERR,ERR,ERR,ERR,ERR,ERR,ERR,ERR,ERR,ERR,ERR,ERR,ERR,ERR,ERR,ERR,ERR,ERR,ERR,ERR,ERR,ERR,ERR,ERR,ERR,ERR,ERR,ERR,ERR,ERR,ERR,ERR,ERR,ERR,ERR,ERR,ERR,ERR,ERR,ERR,ERR,ERR,ERR,ERR,ERR,ERR,ERR,ERR,ERR,ERR,ERR,ERR,ERR,ERR,ERR,ERR,ERR,ERR,ERR,ERR,ERR,ERR,ERR,ERR,ERR,ERR,ERR,ERR,ERR,ERR,ERR,ERR,ERR,ERR,ERR,ERR,0.0,0.0,-134474944.0,0.0,0.0,1.3936040501711995e+18,7.805,0.0,0,0,4,0,8422,0.0,45,0.0,0.0,0.0,0.0,0.0,0,0,0,0,0.0,0,0,0,0,0,0,0,0,0,0,0,0,0,0,0,0,0,0,0,0,0,0,0,0,0,0,0,0,0,0,0,0,0,38,14,7,45,65476,0,300,0,0,8,21553,0.0,-107605600.0,0.0,0.0,0.0,0.0,0.0,0.0,0.0,0.0,0.0,0.0,0.0,0.0,0.0,0.0,0.0,0.0,0.0,0.0,0.0,0.0,0.0,0.0,-2.004,2.004,0.0,0.0,0.0,0.0,5010.0,-0.0,0.0,0.0,0.0,0.0,-107615304.0,0.0,0.0,0.0,0.0,53,4.066880103266858e+29,1.9056859227671757e+17,0.0,0.0,0.0,0.0,0.0,0.0,0.0,0,0,0,0.0,0.0,0.0,0.0,0.0,0.0,0.0,0.0,0.0,0.0,0.0,0.0,0.0,0.0,0.0,0.0,0,-107875648.0,53,0.0,106,-107614832.0,2.7006707062415038e+23,ERR,ERR,ERR,ERR,ERR,ERR,ERR,ERR,ERR,ERR,ERR,ERR,ERR,ERR,ERR,ERR,ERR,ERR,ERR,ERR,ERR,ERR,ERR,ERR,ERR,ERR,ERR,ERR,ERR,ERR,ERR,ERR,ERR,ERR,ERR,ERR,ERR,ERR,ERR,ERR,ERR,ERR,ERR,ERR,ERR,ERR,ERR,ERR,ERR,ERR,ERR,ERR,ERR,ERR,ERR,ERR,ERR,ERR,ERR,ERR,ERR,ERR,ERR,ERR,ERR,ERR,ERR,50.0,60.0,100,0.0,0.0,0.0,0.0,0.0,0.0,0.0,0.0,0.0,0.0,0.0,0.0,0.0,0.0,0.0,0.0,61.6,77,11,65508,50,65476,0,300,0,0,8,20529,65476,0,0,26214,60.0,0.0,0.0,0.0,0.0,0.0
2026-05-17T16:54:36,ERR,ERR,ERR,ERR,ERR,ERR,ERR,ERR,ERR,ERR,ERR,ERR,ERR,ERR,ERR,ERR,ERR,ERR,ERR,ERR,ERR,ERR,ERR,ERR,ERR,ERR,ERR,ERR,ERR,ERR,ERR,ERR,ERR,ERR,ERR,ERR,ERR,ERR,ERR,ERR,ERR,ERR,ERR,ERR,ERR,ERR,ERR,ERR,ERR,ERR,ERR,ERR,ERR,ERR,ERR,ERR,ERR,ERR,ERR,ERR,ERR,ERR,ERR,ERR,ERR,ERR,ERR,ERR,ERR,ERR,ERR,ERR,ERR,ERR,ERR,ERR,ERR,ERR,ERR,ERR,ERR,ERR,ERR,ERR,ERR,ERR,ERR,ERR,ERR,ERR,ERR,ERR,ERR,ERR,ERR,ERR,ERR,ERR,ERR,ERR,ERR,ERR,ERR,ERR,ERR,ERR,ERR,ERR,ERR,ERR,ERR,ERR,ERR,ERR,ERR,ERR,ERR,ERR,ERR,ERR,ERR,ERR,ERR,ERR,ERR,0.0,0.0,-134474944.0,0.0,0.0,1.3936040501711995e+18,7.805,0.0,0,0,4,0,8422,0.0,45,0.0,0.0,0.0,0.0,0.0,0,0,0,0,0.0,0,0,0,0,0,0,0,0,0,0,0,0,0,0,0,0,0,0,0,0,0,0,0,0,0,0,0,0,0,0,0,0,0,38,14,7,45,65476,0,300,0,0,8,21553,0.0,-107605600.0,0.0,0.0,0.0,0.0,0.0,0.0,0.0,0.0,0.0,0.0,0.0,0.0,0.0,0.0,0.0,0.0,0.0,0.0,0.0,0.0,0.0,0.0,-2.004,2.004,0.0,0.0,0.0,0.0,5007.0,-131350.438,0.0,0.0,0.0,0.0,-107615304.0,0.0,0.0,0.0,0.0,53,2.3088403658719416e+20,-0.0,0.0,0.0,0.0,0.0,0.0,0.0,0.0,0,0,0,0.0,0.0,0.0,0.0,0.0,0.0,0.0,0.0,0.0,0.0,0.0,0.0,0.0,0.0,0.0,0.0,0,-107875648.0,53,0.0,106,-107614832.0,2.7006707062415038e+23,ERR,ERR,ERR,ERR,ERR,ERR,ERR,ERR,ERR,ERR,ERR,ERR,ERR,ERR,ERR,ERR,ERR,ERR,ERR,ERR,ERR,ERR,ERR,ERR,ERR,ERR,ERR,ERR,ERR,ERR,ERR,ERR,ERR,ERR,ERR,ERR,ERR,ERR,ERR,ERR,ERR,ERR,ERR,ERR,ERR,ERR,ERR,ERR,ERR,ERR,ERR,ERR,ERR,ERR,ERR,ERR,ERR,ERR,ERR,ERR,ERR,ERR,ERR,ERR,ERR,ERR,ERR,50.0,60.0,100,0.0,0.0,0.0,0.0,0.0,0.0,0.0,0.0,0.0,0.0,0.0,0.0,0.0,0.0,0.0,0.0,61.6,77,11,65508,50,65476,0,300,0,0,8,20529,65476,0,0,26214,60.0,0.0,0.0,0.0,0.0,0.0
2026-05-17T16:54:37,ERR,ERR,ERR,ERR,ERR,ERR,ERR,ERR,ERR,ERR,ERR,ERR,ERR,ERR,ERR,ERR,ERR,ERR,ERR,ERR,ERR,ERR,ERR,ERR,ERR,ERR,ERR,ERR,ERR,ERR,ERR,ERR,ERR,ERR,ERR,ERR,ERR,ERR,ERR,ERR,ERR,ERR,ERR,ERR,ERR,ERR,ERR,ERR,ERR,ERR,ERR,ERR,ERR,ERR,ERR,ERR,ERR,ERR,ERR,ERR,ERR,ERR,ERR,ERR,ERR,ERR,ERR,ERR,ERR,ERR,ERR,ERR,ERR,ERR,ERR,ERR,ERR,ERR,ERR,ERR,ERR,ERR,ERR,ERR,ERR,ERR,ERR,ERR,ERR,ERR,ERR,ERR,ERR,ERR,ERR,ERR,ERR,ERR,ERR,ERR,ERR,ERR,ERR,ERR,ERR,ERR,ERR,ERR,ERR,ERR,ERR,ERR,ERR,ERR,ERR,ERR,ERR,ERR,ERR,ERR,ERR,ERR,ERR,ERR,ERR,0.0,0.0,-134474944.0,0.0,0.0,1.3936040501711995e+18,7.805,0.0,0,0,4,0,8422,0.0,45,0.0,0.0,0.0,0.0,0.0,0,0,0,0,0.0,0,0,0,0,0,0,0,0,0,0,0,0,0,0,0,0,0,0,0,0,0,0,0,0,0,0,0,0,0,0,0,0,0,38,14,7,45,65476,0,300,0,0,8,21553,0.0,-107605600.0,0.0,0.0,0.0,0.0,0.0,0.0,0.0,0.0,0.0,0.0,0.0,0.0,0.0,0.0,0.0,0.0,0.0,0.0,0.0,0.0,0.0,0.0,-2.004,2.004,0.0,0.0,0.0,0.0,5007.0,-131350.438,0.0,0.0,0.0,0.0,-107615304.0,0.0,0.0,0.0,0.0,53,2.3088403658719416e+20,-0.0,0.0,0.0,0.0,0.0,0.0,0.0,0.0,0,0,0,0.0,0.0,0.0,0.0,0.0,0.0,0.0,0.0,0.0,0.0,0.0,0.0,0.0,0.0,0.0,0.0,0,-107875648.0,53,0.0,106,-107614832.0,2.7006707062415038e+23,ERR,ERR,ERR,ERR,ERR,ERR,ERR,ERR,ERR,ERR,ERR,ERR,ERR,ERR,ERR,ERR,ERR,ERR,ERR,ERR,ERR,ERR,ERR,ERR,ERR,ERR,ERR,ERR,ERR,ERR,ERR,ERR,ERR,ERR,ERR,ERR,ERR,ERR,ERR,ERR,ERR,ERR,ERR,ERR,ERR,ERR,ERR,ERR,ERR,ERR,ERR,ERR,ERR,ERR,ERR,ERR,ERR,ERR,ERR,ERR,ERR,ERR,ERR,ERR,ERR,ERR,ERR,50.0,60.0,100,0.0,0.0,0.0,0.0,0.0,0.0,0.0,0.0,0.0,0.0,0.0,0.0,0.0,0.0,0.0,0.0,61.6,77,11,65508,50,65476,0,300,0,0,8,20529,65476,0,0,26214,60.0,0.0,0.0,0.0,0.0,0.0
2026-05-17T16:54:38,ERR,ERR,ERR,ERR,ERR,ERR,ERR,ERR,ERR,ERR,ERR,ERR,ERR,ERR,ERR,ERR,ERR,ERR,ERR,ERR,ERR,ERR,ERR,ERR,ERR,ERR,ERR,ERR,ERR,ERR,ERR,ERR,ERR,ERR,ERR,ERR,ERR,ERR,ERR,ERR,ERR,ERR,ERR,ERR,ERR,ERR,ERR,ERR,ERR,ERR,ERR,ERR,ERR,ERR,ERR,ERR,ERR,ERR,ERR,ERR,ERR,ERR,ERR,ERR,ERR,ERR,ERR,ERR,ERR,ERR,ERR,ERR,ERR,ERR,ERR,ERR,ERR,ERR,ERR,ERR,ERR,ERR,ERR,ERR,ERR,ERR,ERR,ERR,ERR,ERR,ERR,ERR,ERR,ERR,ERR,ERR,ERR,ERR,ERR,ERR,ERR,ERR,ERR,ERR,ERR,ERR,ERR,ERR,ERR,ERR,ERR,ERR,ERR,ERR,ERR,ERR,ERR,ERR,ERR,ERR,ERR,ERR,ERR,ERR,ERR,0.0,0.0,-134474944.0,0.0,0.0,1.3936040501711995e+18,7.805,0.0,0,0,4,0,8422,0.0,45,0.0,0.0,0.0,0.0,0.0,0,0,0,0,0.0,0,0,0,0,0,0,0,0,0,0,0,0,0,0,0,0,0,0,0,0,0,0,0,0,0,0,0,0,0,0,0,0,0,38,14,7,45,65476,0,300,0,0,8,21553,0.0,-107605600.0,0.0,0.0,0.0,0.0,0.0,0.0,0.0,0.0,0.0,0.0,0.0,0.0,0.0,0.0,0.0,0.0,0.0,0.0,0.0,0.0,0.0,0.0,-2.004,2.004,0.0,0.0,0.0,0.0,5007.0,-131350.438,0.0,0.0,0.0,0.0,-107615304.0,0.0,0.0,0.0,0.0,53,2.3088403658719416e+20,-0.0,0.0,0.0,0.0,0.0,0.0,0.0,0.0,0,0,0,0.0,0.0,0.0,0.0,0.0,0.0,0.0,0.0,0.0,0.0,0.0,0.0,0.0,0.0,0.0,0.0,0,-107875648.0,53,0.0,106,-107614832.0,2.7006707062415038e+23,ERR,ERR,ERR,ERR,ERR,ERR,ERR,ERR,ERR,ERR,ERR,ERR,ERR,ERR,ERR,ERR,ERR,ERR,ERR,ERR,ERR,ERR,ERR,ERR,ERR,ERR,ERR,ERR,ERR,ERR,ERR,ERR,ERR,ERR,ERR,ERR,ERR,ERR,ERR,ERR,ERR,ERR,ERR,ERR,ERR,ERR,ERR,ERR,ERR,ERR,ERR,ERR,ERR,ERR,ERR,ERR,ERR,ERR,ERR,ERR,ERR,ERR,ERR,ERR,ERR,ERR,ERR,50.0,60.0,100,0.0,0.0,0.0,0.0,0.0,0.0,0.0,0.0,0.0,0.0,0.0,0.0,0.0,0.0,0.0,0.0,61.6,77,11,65508,50,65476,0,300,0,0,8,20529,65476,0,0,26214,60.0,0.0,0.0,0.0,0.0,0.0
2026-05-17T16:54:39,ERR,ERR,ERR,ERR,ERR,ERR,ERR,ERR,ERR,ERR,ERR,ERR,ERR,ERR,ERR,ERR,ERR,ERR,ERR,ERR,ERR,ERR,ERR,ERR,ERR,ERR,ERR,ERR,ERR,ERR,ERR,ERR,ERR,ERR,ERR,ERR,ERR,ERR,ERR,ERR,ERR,ERR,ERR,ERR,ERR,ERR,ERR,ERR,ERR,ERR,ERR,ERR,ERR,ERR,ERR,ERR,ERR,ERR,ERR,ERR,ERR,ERR,ERR,ERR,ERR,ERR,ERR,ERR,ERR,ERR,ERR,ERR,ERR,ERR,ERR,ERR,ERR,ERR,ERR,ERR,ERR,ERR,ERR,ERR,ERR,ERR,ERR,ERR,ERR,ERR,ERR,ERR,ERR,ERR,ERR,ERR,ERR,ERR,ERR,ERR,ERR,ERR,ERR,ERR,ERR,ERR,ERR,ERR,ERR,ERR,ERR,ERR,ERR,ERR,ERR,ERR,ERR,ERR,ERR,ERR,ERR,ERR,ERR,ERR,ERR,0.0,0.0,-134474944.0,0.0,0.0,1.3936040501711995e+18,7.805,0.0,0,0,4,0,8422,0.0,45,0.0,0.0,0.0,0.0,0.0,0,0,0,0,0.0,0,0,0,0,0,0,0,0,0,0,0,0,0,0,0,0,0,0,0,0,0,0,0,0,0,0,0,0,0,0,0,0,0,38,14,7,45,65476,0,300,0,0,8,21553,0.0,-107605600.0,0.0,0.0,0.0,0.0,0.0,0.0,0.0,0.0,0.0,0.0,0.0,0.0,0.0,0.0,0.0,0.0,0.0,0.0,0.0,0.0,0.0,0.0,-2.004,2.004,0.0,0.0,0.0,0.0,5007.0,-131350.438,0.0,0.0,0.0,0.0,-107615304.0,0.0,0.0,0.0,0.0,53,2.3088403658719416e+20,-0.0,0.0,0.0,0.0,0.0,0.0,0.0,0.0,0,0,0,0.0,0.0,0.0,0.0,0.0,0.0,0.0,0.0,0.0,0.0,0.0,0.0,0.0,0.0,0.0,0.0,0,-107875648.0,53,0.0,106,-107614832.0,2.7006707062415038e+23,ERR,ERR,ERR,ERR,ERR,ERR,ERR,ERR,ERR,ERR,ERR,ERR,ERR,ERR,ERR,ERR,ERR,ERR,ERR,ERR,ERR,ERR,ERR,ERR,ERR,ERR,ERR,ERR,ERR,ERR,ERR,ERR,ERR,ERR,ERR,ERR,ERR,ERR,ERR,ERR,ERR,ERR,ERR,ERR,ERR,ERR,ERR,ERR,ERR,ERR,ERR,ERR,ERR,ERR,ERR,ERR,ERR,ERR,ERR,ERR,ERR,ERR,ERR,ERR,ERR,ERR,ERR,50.0,60.0,100,0.0,0.0,0.0,0.0,0.0,0.0,0.0,0.0,0.0,0.0,0.0,0.0,0.0,0.0,0.0,0.0,61.6,77,11,65508,50,65476,0,300,0,0,8,20529,65476,0,0,26214,60.0,0.0,0.0,0.0,0.0,0.0
2026-05-17T16:54:40,ERR,ERR,ERR,ERR,ERR,ERR,ERR,ERR,ERR,ERR,ERR,ERR,ERR,ERR,ERR,ERR,ERR,ERR,ERR,ERR,ERR,ERR,ERR,ERR,ERR,ERR,ERR,ERR,ERR,ERR,ERR,ERR,ERR,ERR,ERR,ERR,ERR,ERR,ERR,ERR,ERR,ERR,ERR,ERR,ERR,ERR,ERR,ERR,ERR,ERR,ERR,ERR,ERR,ERR,ERR,ERR,ERR,ERR,ERR,ERR,ERR,ERR,ERR,ERR,ERR,ERR,ERR,ERR,ERR,ERR,ERR,ERR,ERR,ERR,ERR,ERR,ERR,ERR,ERR,ERR,ERR,ERR,ERR,ERR,ERR,ERR,ERR,ERR,ERR,ERR,ERR,ERR,ERR,ERR,ERR,ERR,ERR,ERR,ERR,ERR,ERR,ERR,ERR,ERR,ERR,ERR,ERR,ERR,ERR,ERR,ERR,ERR,ERR,ERR,ERR,ERR,ERR,ERR,ERR,ERR,ERR,ERR,ERR,ERR,ERR,0.0,0.0,-134474944.0,0.0,0.0,1.3936040501711995e+18,7.805,0.0,0,0,4,0,8422,0.0,45,0.0,0.0,0.0,0.0,0.0,0,0,0,0,0.0,0,0,0,0,0,0,0,0,0,0,0,0,0,0,0,0,0,0,0,0,0,0,0,0,0,0,0,0,0,0,0,0,0,38,14,7,45,65476,0,300,0,0,8,21553,0.0,-107605600.0,0.0,0.0,0.0,0.0,0.0,0.0,0.0,0.0,0.0,0.0,0.0,0.0,0.0,0.0,0.0,0.0,0.0,0.0,0.0,0.0,0.0,0.0,-2.004,2.004,0.0,0.0,0.0,0.0,5007.0,-131350.438,0.0,0.0,0.0,0.0,-107615304.0,0.0,0.0,0.0,0.0,53,2.3088403658719416e+20,-0.0,0.0,0.0,0.0,0.0,0.0,0.0,0.0,0,0,0,0.0,0.0,0.0,0.0,0.0,0.0,0.0,0.0,0.0,0.0,0.0,0.0,0.0,0.0,0.0,0.0,0,-107875648.0,53,0.0,106,-107614832.0,2.7006707062415038e+23,ERR,ERR,ERR,ERR,ERR,ERR,ERR,ERR,ERR,ERR,ERR,ERR,ERR,ERR,ERR,ERR,ERR,ERR,ERR,ERR,ERR,ERR,ERR,ERR,ERR,ERR,ERR,ERR,ERR,ERR,ERR,ERR,ERR,ERR,ERR,ERR,ERR,ERR,ERR,ERR,ERR,ERR,ERR,ERR,ERR,ERR,ERR,ERR,ERR,ERR,ERR,ERR,ERR,ERR,ERR,ERR,ERR,ERR,ERR,ERR,ERR,ERR,ERR,ERR,ERR,ERR,ERR,50.0,60.0,100,0.0,0.0,0.0,0.0,0.0,0.0,0.0,0.0,0.0,0.0,0.0,0.0,0.0,0.0,0.0,0.0,61.6,77,11,65508,50,65476,0,300,0,0,8,20529,65476,0,0,26214,60.0,0.0,0.0,0.0,0.0,0.0
2026-05-17T16:54:41,ERR,ERR,ERR,ERR,ERR,ERR,ERR,ERR,ERR,ERR,ERR,ERR,ERR,ERR,ERR,ERR,ERR,ERR,ERR,ERR,ERR,ERR,ERR,ERR,ERR,ERR,ERR,ERR,ERR,ERR,ERR,ERR,ERR,ERR,ERR,ERR,ERR,ERR,ERR,ERR,ERR,ERR,ERR,ERR,ERR,ERR,ERR,ERR,ERR,ERR,ERR,ERR,ERR,ERR,ERR,ERR,ERR,ERR,ERR,ERR,ERR,ERR,ERR,ERR,ERR,ERR,ERR,ERR,ERR,ERR,ERR,ERR,ERR,ERR,ERR,ERR,ERR,ERR,ERR,ERR,ERR,ERR,ERR,ERR,ERR,ERR,ERR,ERR,ERR,ERR,ERR,ERR,ERR,ERR,ERR,ERR,ERR,ERR,ERR,ERR,ERR,ERR,ERR,ERR,ERR,ERR,ERR,ERR,ERR,ERR,ERR,ERR,ERR,ERR,ERR,ERR,ERR,ERR,ERR,ERR,ERR,ERR,ERR,ERR,ERR,0.0,0.0,-134474944.0,0.0,0.0,1.3936040501711995e+18,7.805,0.0,0,0,4,0,8422,0.0,45,0.0,0.0,0.0,0.0,0.0,0,0,0,0,0.0,0,0,0,0,0,0,0,0,0,0,0,0,0,0,0,0,0,0,0,0,0,0,0,0,0,0,0,0,0,0,0,0,0,38,14,7,45,65476,0,300,0,0,8,21553,0.0,-107605600.0,0.0,0.0,0.0,0.0,0.0,0.0,0.0,0.0,0.0,0.0,0.0,0.0,0.0,0.0,0.0,0.0,0.0,0.0,0.0,0.0,0.0,0.0,-2.004,2.004,0.0,0.0,0.0,0.0,5011.0,-131350.438,0.0,0.0,0.0,0.0,-107615304.0,0.0,0.0,0.0,0.0,53,4.950428597886765e+32,-0.0,0.0,0.0,0.0,0.0,0.0,0.0,0.0,0,0,0,0.0,0.0,0.0,0.0,0.0,0.0,0.0,0.0,0.0,0.0,0.0,0.0,0.0,0.0,0.0,0.0,0,-107875648.0,53,0.0,106,-107614832.0,2.7006707062415038e+23,ERR,ERR,ERR,ERR,ERR,ERR,ERR,ERR,ERR,ERR,ERR,ERR,ERR,ERR,ERR,ERR,ERR,ERR,ERR,ERR,ERR,ERR,ERR,ERR,ERR,ERR,ERR,ERR,ERR,ERR,ERR,ERR,ERR,ERR,ERR,ERR,ERR,ERR,ERR,ERR,ERR,ERR,ERR,ERR,ERR,ERR,ERR,ERR,ERR,ERR,ERR,ERR,ERR,ERR,ERR,ERR,ERR,ERR,ERR,ERR,ERR,ERR,ERR,ERR,ERR,ERR,ERR,50.0,60.0,100,0.0,0.0,0.0,0.0,0.0,0.0,0.0,0.0,0.0,0.0,0.0,0.0,0.0,0.0,0.0,0.0,61.6,77,11,65508,50,65476,0,300,0,0,8,20529,65476,0,0,26214,60.0,0.0,0.0,0.0,0.0,0.0
2026-05-17T16:54:42,ERR,ERR,ERR,ERR,ERR,ERR,ERR,ERR,ERR,ERR,ERR,ERR,ERR,ERR,ERR,ERR,ERR,ERR,ERR,ERR,ERR,ERR,ERR,ERR,ERR,ERR,ERR,ERR,ERR,ERR,ERR,ERR,ERR,ERR,ERR,ERR,ERR,ERR,ERR,ERR,ERR,ERR,ERR,ERR,ERR,ERR,ERR,ERR,ERR,ERR,ERR,ERR,ERR,ERR,ERR,ERR,ERR,ERR,ERR,ERR,ERR,ERR,ERR,ERR,ERR,ERR,ERR,ERR,ERR,ERR,ERR,ERR,ERR,ERR,ERR,ERR,ERR,ERR,ERR,ERR,ERR,ERR,ERR,ERR,ERR,ERR,ERR,ERR,ERR,ERR,ERR,ERR,ERR,ERR,ERR,ERR,ERR,ERR,ERR,ERR,ERR,ERR,ERR,ERR,ERR,ERR,ERR,ERR,ERR,ERR,ERR,ERR,ERR,ERR,ERR,ERR,ERR,ERR,ERR,ERR,ERR,ERR,ERR,ERR,ERR,0.0,0.0,-134474944.0,0.0,0.0,1.3936040501711995e+18,7.805,0.0,0,0,4,0,8422,0.0,45,0.0,0.0,0.0,0.0,0.0,0,0,0,0,0.0,0,0,0,0,0,0,0,0,0,0,0,0,0,0,0,0,0,0,0,0,0,0,0,0,0,0,0,0,0,0,0,0,0,38,14,7,45,65476,0,300,0,0,8,21553,0.0,-107605600.0,0.0,0.0,0.0,0.0,0.0,0.0,0.0,0.0,0.0,0.0,0.0,0.0,0.0,0.0,0.0,0.0,0.0,0.0,0.0,0.0,0.0,0.0,-2.004,2.004,0.0,0.0,0.0,0.0,5011.0,-131350.438,0.0,0.0,0.0,0.0,-107615304.0,0.0,0.0,0.0,0.0,53,4.950428597886765e+32,-0.0,0.0,0.0,0.0,0.0,0.0,0.0,0.0,0,0,0,0.0,0.0,0.0,0.0,0.0,0.0,0.0,0.0,0.0,0.0,0.0,0.0,0.0,0.0,0.0,0.0,0,-107875648.0,53,0.0,106,-107614832.0,2.7006707062415038e+23,ERR,ERR,ERR,ERR,ERR,ERR,ERR,ERR,ERR,ERR,ERR,ERR,ERR,ERR,ERR,ERR,ERR,ERR,ERR,ERR,ERR,ERR,ERR,ERR,ERR,ERR,ERR,ERR,ERR,ERR,ERR,ERR,ERR,ERR,ERR,ERR,ERR,ERR,ERR,ERR,ERR,ERR,ERR,ERR,ERR,ERR,ERR,ERR,ERR,ERR,ERR,ERR,ERR,ERR,ERR,ERR,ERR,ERR,ERR,ERR,ERR,ERR,ERR,ERR,ERR,ERR,ERR,50.0,60.0,100,0.0,0.0,0.0,0.0,0.0,0.0,0.0,0.0,0.0,0.0,0.0,0.0,0.0,0.0,0.0,0.0,61.6,77,11,65508,50,65476,0,300,0,0,8,20529,65476,0,0,26214,60.0,0.0,0.0,0.0,0.0,0.0
2026-05-17T16:54:43,ERR,ERR,ERR,ERR,ERR,ERR,ERR,ERR,ERR,ERR,ERR,ERR,ERR,ERR,ERR,ERR,ERR,ERR,ERR,ERR,ERR,ERR,ERR,ERR,ERR,ERR,ERR,ERR,ERR,ERR,ERR,ERR,ERR,ERR,ERR,ERR,ERR,ERR,ERR,ERR,ERR,ERR,ERR,ERR,ERR,ERR,ERR,ERR,ERR,ERR,ERR,ERR,ERR,ERR,ERR,ERR,ERR,ERR,ERR,ERR,ERR,ERR,ERR,ERR,ERR,ERR,ERR,ERR,ERR,ERR,ERR,ERR,ERR,ERR,ERR,ERR,ERR,ERR,ERR,ERR,ERR,ERR,ERR,ERR,ERR,ERR,ERR,ERR,ERR,ERR,ERR,ERR,ERR,ERR,ERR,ERR,ERR,ERR,ERR,ERR,ERR,ERR,ERR,ERR,ERR,ERR,ERR,ERR,ERR,ERR,ERR,ERR,ERR,ERR,ERR,ERR,ERR,ERR,ERR,ERR,ERR,ERR,ERR,ERR,ERR,0.0,0.0,-134474944.0,0.0,0.0,1.3936040501711995e+18,7.805,0.0,0,0,4,0,8422,0.0,45,0.0,0.0,0.0,0.0,0.0,0,0,0,0,0.0,0,0,0,0,0,0,0,0,0,0,0,0,0,0,0,0,0,0,0,0,0,0,0,0,0,0,0,0,0,0,0,0,0,38,14,7,45,65476,0,300,0,0,8,21553,0.0,-107605600.0,0.0,0.0,0.0,0.0,0.0,0.0,0.0,0.0,0.0,0.0,0.0,0.0,0.0,0.0,0.0,0.0,0.0,0.0,0.0,0.0,0.0,0.0,-2.004,2.004,0.0,0.0,0.0,0.0,5011.0,-131350.438,0.0,0.0,0.0,0.0,-107615304.0,0.0,0.0,0.0,0.0,53,4.950428597886765e+32,-0.0,0.0,0.0,0.0,0.0,0.0,0.0,0.0,0,0,0,0.0,0.0,0.0,0.0,0.0,0.0,0.0,0.0,0.0,0.0,0.0,0.0,0.0,0.0,0.0,0.0,0,-107875648.0,53,0.0,106,-107614832.0,2.7006707062415038e+23,ERR,ERR,ERR,ERR,ERR,ERR,ERR,ERR,ERR,ERR,ERR,ERR,ERR,ERR,ERR,ERR,ERR,ERR,ERR,ERR,ERR,ERR,ERR,ERR,ERR,ERR,ERR,ERR,ERR,ERR,ERR,ERR,ERR,ERR,ERR,ERR,ERR,ERR,ERR,ERR,ERR,ERR,ERR,ERR,ERR,ERR,ERR,ERR,ERR,ERR,ERR,ERR,ERR,ERR,ERR,ERR,ERR,ERR,ERR,ERR,ERR,ERR,ERR,ERR,ERR,ERR,ERR,50.0,60.0,100,0.0,0.0,0.0,0.0,0.0,0.0,0.0,0.0,0.0,0.0,0.0,0.0,0.0,0.0,0.0,0.0,61.6,77,11,65508,50,65476,0,300,0,0,8,20529,65476,0,0,26214,60.0,0.0,0.0,0.0,0.0,0.0
2026-05-17T16:54:44,ERR,ERR,ERR,ERR,ERR,ERR,ERR,ERR,ERR,ERR,ERR,ERR,ERR,ERR,ERR,ERR,ERR,ERR,ERR,ERR,ERR,ERR,ERR,ERR,ERR,ERR,ERR,ERR,ERR,ERR,ERR,ERR,ERR,ERR,ERR,ERR,ERR,ERR,ERR,ERR,ERR,ERR,ERR,ERR,ERR,ERR,ERR,ERR,ERR,ERR,ERR,ERR,ERR,ERR,ERR,ERR,ERR,ERR,ERR,ERR,ERR,ERR,ERR,ERR,ERR,ERR,ERR,ERR,ERR,ERR,ERR,ERR,ERR,ERR,ERR,ERR,ERR,ERR,ERR,ERR,ERR,ERR,ERR,ERR,ERR,ERR,ERR,ERR,ERR,ERR,ERR,ERR,ERR,ERR,ERR,ERR,ERR,ERR,ERR,ERR,ERR,ERR,ERR,ERR,ERR,ERR,ERR,ERR,ERR,ERR,ERR,ERR,ERR,ERR,ERR,ERR,ERR,ERR,ERR,ERR,ERR,ERR,ERR,ERR,ERR,0.0,0.0,-134474944.0,0.0,0.0,1.3936040501711995e+18,7.805,0.0,0,0,4,0,8422,0.0,45,0.0,0.0,0.0,0.0,0.0,0,0,0,0,0.0,0,0,0,0,0,0,0,0,0,0,0,0,0,0,0,0,0,0,0,0,0,0,0,0,0,0,0,0,0,0,0,0,0,38,14,7,45,65476,0,300,0,0,8,21553,0.0,-107605600.0,0.0,0.0,0.0,0.0,0.0,0.0,0.0,0.0,0.0,0.0,0.0,0.0,0.0,0.0,0.0,0.0,0.0,0.0,0.0,0.0,0.0,0.0,-2.004,2.004,0.0,0.0,0.0,0.0,5011.0,-131350.438,0.0,0.0,0.0,0.0,-107615304.0,0.0,0.0,0.0,0.0,53,4.950428597886765e+32,-0.0,0.0,0.0,0.0,0.0,0.0,0.0,0.0,0,0,0,0.0,0.0,0.0,0.0,0.0,0.0,0.0,0.0,0.0,0.0,0.0,0.0,0.0,0.0,0.0,0.0,0,-107875648.0,53,0.0,106,-107614832.0,2.7006707062415038e+23,ERR,ERR,ERR,ERR,ERR,ERR,ERR,ERR,ERR,ERR,ERR,ERR,ERR,ERR,ERR,ERR,ERR,ERR,ERR,ERR,ERR,ERR,ERR,ERR,ERR,ERR,ERR,ERR,ERR,ERR,ERR,ERR,ERR,ERR,ERR,ERR,ERR,ERR,ERR,ERR,ERR,ERR,ERR,ERR,ERR,ERR,ERR,ERR,ERR,ERR,ERR,ERR,ERR,ERR,ERR,ERR,ERR,ERR,ERR,ERR,ERR,ERR,ERR,ERR,ERR,ERR,ERR,50.0,60.0,100,0.0,0.0,0.0,0.0,0.0,0.0,0.0,0.0,0.0,0.0,0.0,0.0,0.0,0.0,0.0,0.0,61.6,77,11,65508,50,65476,0,300,0,0,8,20529,65476,0,0,26214,60.0,0.0,0.0,0.0,0.0,0.0
2026-05-17T16:54:45,ERR,ERR,ERR,ERR,ERR,ERR,ERR,ERR,ERR,ERR,ERR,ERR,ERR,ERR,ERR,ERR,ERR,ERR,ERR,ERR,ERR,ERR,ERR,ERR,ERR,ERR,ERR,ERR,ERR,ERR,ERR,ERR,ERR,ERR,ERR,ERR,ERR,ERR,ERR,ERR,ERR,ERR,ERR,ERR,ERR,ERR,ERR,ERR,ERR,ERR,ERR,ERR,ERR,ERR,ERR,ERR,ERR,ERR,ERR,ERR,ERR,ERR,ERR,ERR,ERR,ERR,ERR,ERR,ERR,ERR,ERR,ERR,ERR,ERR,ERR,ERR,ERR,ERR,ERR,ERR,ERR,ERR,ERR,ERR,ERR,ERR,ERR,ERR,ERR,ERR,ERR,ERR,ERR,ERR,ERR,ERR,ERR,ERR,ERR,ERR,ERR,ERR,ERR,ERR,ERR,ERR,ERR,ERR,ERR,ERR,ERR,ERR,ERR,ERR,ERR,ERR,ERR,ERR,ERR,ERR,ERR,ERR,ERR,ERR,ERR,0.0,0.0,-134474944.0,0.0,0.0,1.3936040501711995e+18,7.805,0.0,0,0,4,0,8422,0.0,45,0.0,0.0,0.0,0.0,0.0,0,0,0,0,0.0,0,0,0,0,0,0,0,0,0,0,0,0,0,0,0,0,0,0,0,0,0,0,0,0,0,0,0,0,0,0,0,0,0,38,14,7,45,65476,0,300,0,0,8,21553,0.0,-107605600.0,0.0,0.0,0.0,0.0,0.0,0.0,0.0,0.0,0.0,0.0,0.0,0.0,0.0,0.0,0.0,0.0,0.0,0.0,0.0,0.0,0.0,0.0,-2.004,2.004,0.0,0.0,0.0,0.0,5011.0,-131350.438,0.0,0.0,0.0,0.0,-107615304.0,0.0,0.0,0.0,0.0,53,4.950428597886765e+32,-0.0,0.0,0.0,0.0,0.0,0.0,0.0,0.0,0,0,0,0.0,0.0,0.0,0.0,0.0,0.0,0.0,0.0,0.0,0.0,0.0,0.0,0.0,0.0,0.0,0.0,0,-107875648.0,53,0.0,106,-107614832.0,2.7006707062415038e+23,ERR,ERR,ERR,ERR,ERR,ERR,ERR,ERR,ERR,ERR,ERR,ERR,ERR,ERR,ERR,ERR,ERR,ERR,ERR,ERR,ERR,ERR,ERR,ERR,ERR,ERR,ERR,ERR,ERR,ERR,ERR,ERR,ERR,ERR,ERR,ERR,ERR,ERR,ERR,ERR,ERR,ERR,ERR,ERR,ERR,ERR,ERR,ERR,ERR,ERR,ERR,ERR,ERR,ERR,ERR,ERR,ERR,ERR,ERR,ERR,ERR,ERR,ERR,ERR,ERR,ERR,ERR,50.0,60.0,100,0.0,0.0,0.0,0.0,0.0,0.0,0.0,0.0,0.0,0.0,0.0,0.0,0.0,0.0,0.0,0.0,61.6,77,11,65508,50,65476,0,300,0,0,8,20529,65476,0,0,26214,60.0,0.0,0.0,0.0,0.0,0.0
2026-05-17T16:54:46,ERR,ERR,ERR,ERR,ERR,ERR,ERR,ERR,ERR,ERR,ERR,ERR,ERR,ERR,ERR,ERR,ERR,ERR,ERR,ERR,ERR,ERR,ERR,ERR,ERR,ERR,ERR,ERR,ERR,ERR,ERR,ERR,ERR,ERR,ERR,ERR,ERR,ERR,ERR,ERR,ERR,ERR,ERR,ERR,ERR,ERR,ERR,ERR,ERR,ERR,ERR,ERR,ERR,ERR,ERR,ERR,ERR,ERR,ERR,ERR,ERR,ERR,ERR,ERR,ERR,ERR,ERR,ERR,ERR,ERR,ERR,ERR,ERR,ERR,ERR,ERR,ERR,ERR,ERR,ERR,ERR,ERR,ERR,ERR,ERR,ERR,ERR,ERR,ERR,ERR,ERR,ERR,ERR,ERR,ERR,ERR,ERR,ERR,ERR,ERR,ERR,ERR,ERR,ERR,ERR,ERR,ERR,ERR,ERR,ERR,ERR,ERR,ERR,ERR,ERR,ERR,ERR,ERR,ERR,ERR,ERR,ERR,ERR,ERR,ERR,0.0,0.0,-134474944.0,0.0,0.0,1.3936040501711995e+18,7.805,0.0,0,0,4,0,8422,0.0,45,0.0,0.0,0.0,0.0,0.0,0,0,0,0,0.0,0,0,0,0,0,0,0,0,0,0,0,0,0,0,0,0,0,0,0,0,0,0,0,0,0,0,0,0,0,0,0,0,0,38,14,7,45,65476,0,300,0,0,8,21553,0.0,-107605600.0,0.0,0.0,0.0,0.0,0.0,0.0,0.0,0.0,0.0,0.0,0.0,0.0,0.0,0.0,0.0,0.0,0.0,0.0,0.0,0.0,0.0,0.0,-2.004,2.004,0.0,0.0,0.0,0.0,5012.0,-2.422987904532282e+24,0.0,0.0,0.0,0.0,-107615304.0,0.0,0.0,0.0,0.0,53,5.848083413016271e+35,-152017280434176.0,0.0,0.0,0.0,0.0,0.0,0.0,0.0,0,0,0,0.0,0.0,0.0,0.0,0.0,0.0,0.0,0.0,0.0,0.0,0.0,0.0,0.0,0.0,0.0,0.0,0,-107875648.0,53,0.0,106,-107614832.0,2.7006707062415038e+23,ERR,ERR,ERR,ERR,ERR,ERR,ERR,ERR,ERR,ERR,ERR,ERR,ERR,ERR,ERR,ERR,ERR,ERR,ERR,ERR,ERR,ERR,ERR,ERR,ERR,ERR,ERR,ERR,ERR,ERR,ERR,ERR,ERR,ERR,ERR,ERR,ERR,ERR,ERR,ERR,ERR,ERR,ERR,ERR,ERR,ERR,ERR,ERR,ERR,ERR,ERR,ERR,ERR,ERR,ERR,ERR,ERR,ERR,ERR,ERR,ERR,ERR,ERR,ERR,ERR,ERR,ERR,50.0,60.0,100,0.0,0.0,0.0,0.0,0.0,0.0,0.0,0.0,0.0,0.0,0.0,0.0,0.0,0.0,0.0,0.0,61.6,77,11,65508,50,65476,0,300,0,0,8,20529,65476,0,0,26214,60.0,0.0,0.0,0.0,0.0,0.0
2026-05-17T16:54:47,ERR,ERR,ERR,ERR,ERR,ERR,ERR,ERR,ERR,ERR,ERR,ERR,ERR,ERR,ERR,ERR,ERR,ERR,ERR,ERR,ERR,ERR,ERR,ERR,ERR,ERR,ERR,ERR,ERR,ERR,ERR,ERR,ERR,ERR,ERR,ERR,ERR,ERR,ERR,ERR,ERR,ERR,ERR,ERR,ERR,ERR,ERR,ERR,ERR,ERR,ERR,ERR,ERR,ERR,ERR,ERR,ERR,ERR,ERR,ERR,ERR,ERR,ERR,ERR,ERR,ERR,ERR,ERR,ERR,ERR,ERR,ERR,ERR,ERR,ERR,ERR,ERR,ERR,ERR,ERR,ERR,ERR,ERR,ERR,ERR,ERR,ERR,ERR,ERR,ERR,ERR,ERR,ERR,ERR,ERR,ERR,ERR,ERR,ERR,ERR,ERR,ERR,ERR,ERR,ERR,ERR,ERR,ERR,ERR,ERR,ERR,ERR,ERR,ERR,ERR,ERR,ERR,ERR,ERR,ERR,ERR,ERR,ERR,ERR,ERR,0.0,0.0,-134474944.0,0.0,0.0,1.3936040501711995e+18,7.805,0.0,0,0,4,0,8422,0.0,45,0.0,0.0,0.0,0.0,0.0,0,0,0,0,0.0,0,0,0,0,0,0,0,0,0,0,0,0,0,0,0,0,0,0,0,0,0,0,0,0,0,0,0,0,0,0,0,0,0,38,14,7,45,65476,0,300,0,0,8,21553,0.0,-107605600.0,0.0,0.0,0.0,0.0,0.0,0.0,0.0,0.0,0.0,0.0,0.0,0.0,0.0,0.0,0.0,0.0,0.0,0.0,0.0,0.0,0.0,0.0,-2.004,2.004,0.0,0.0,0.0,0.0,5012.0,-2.422987904532282e+24,0.0,0.0,0.0,0.0,-107615304.0,0.0,0.0,0.0,0.0,53,5.848083413016271e+35,-152017280434176.0,0.0,0.0,0.0,0.0,0.0,0.0,0.0,0,0,0,0.0,0.0,0.0,0.0,0.0,0.0,0.0,0.0,0.0,0.0,0.0,0.0,0.0,0.0,0.0,0.0,0,-107875648.0,53,0.0,106,-107614832.0,2.7006707062415038e+23,ERR,ERR,ERR,ERR,ERR,ERR,ERR,ERR,ERR,ERR,ERR,ERR,ERR,ERR,ERR,ERR,ERR,ERR,ERR,ERR,ERR,ERR,ERR,ERR,ERR,ERR,ERR,ERR,ERR,ERR,ERR,ERR,ERR,ERR,ERR,ERR,ERR,ERR,ERR,ERR,ERR,ERR,ERR,ERR,ERR,ERR,ERR,ERR,ERR,ERR,ERR,ERR,ERR,ERR,ERR,ERR,ERR,ERR,ERR,ERR,ERR,ERR,ERR,ERR,ERR,ERR,ERR,50.0,60.0,100,0.0,0.0,0.0,0.0,0.0,0.0,0.0,0.0,0.0,0.0,0.0,0.0,0.0,0.0,0.0,0.0,61.6,77,11,65508,50,65476,0,300,0,0,8,20529,65476,0,0,26214,60.0,0.0,0.0,0.0,0.0,0.0
2026-05-17T16:54:48,ERR,ERR,ERR,ERR,ERR,ERR,ERR,ERR,ERR,ERR,ERR,ERR,ERR,ERR,ERR,ERR,ERR,ERR,ERR,ERR,ERR,ERR,ERR,ERR,ERR,ERR,ERR,ERR,ERR,ERR,ERR,ERR,ERR,ERR,ERR,ERR,ERR,ERR,ERR,ERR,ERR,ERR,ERR,ERR,ERR,ERR,ERR,ERR,ERR,ERR,ERR,ERR,ERR,ERR,ERR,ERR,ERR,ERR,ERR,ERR,ERR,ERR,ERR,ERR,ERR,ERR,ERR,ERR,ERR,ERR,ERR,ERR,ERR,ERR,ERR,ERR,ERR,ERR,ERR,ERR,ERR,ERR,ERR,ERR,ERR,ERR,ERR,ERR,ERR,ERR,ERR,ERR,ERR,ERR,ERR,ERR,ERR,ERR,ERR,ERR,ERR,ERR,ERR,ERR,ERR,ERR,ERR,ERR,ERR,ERR,ERR,ERR,ERR,ERR,ERR,ERR,ERR,ERR,ERR,ERR,ERR,ERR,ERR,ERR,ERR,0.0,0.0,-134474944.0,0.0,0.0,1.3936040501711995e+18,7.805,0.0,0,0,4,0,8422,0.0,45,0.0,0.0,0.0,0.0,0.0,0,0,0,0,0.0,0,0,0,0,0,0,0,0,0,0,0,0,0,0,0,0,0,0,0,0,0,0,0,0,0,0,0,0,0,0,0,0,0,38,14,7,45,65476,0,300,0,0,8,21553,0.0,-107605600.0,0.0,0.0,0.0,0.0,0.0,0.0,0.0,0.0,0.0,0.0,0.0,0.0,0.0,0.0,0.0,0.0,0.0,0.0,0.0,0.0,0.0,0.0,-2.004,2.004,0.0,0.0,0.0,0.0,5012.0,-2.422987904532282e+24,0.0,0.0,0.0,0.0,-107615304.0,0.0,0.0,0.0,0.0,53,5.848083413016271e+35,-152017280434176.0,0.0,0.0,0.0,0.0,0.0,0.0,0.0,0,0,0,0.0,0.0,0.0,0.0,0.0,0.0,0.0,0.0,0.0,0.0,0.0,0.0,0.0,0.0,0.0,0.0,0,-107875648.0,53,0.0,106,-107614832.0,2.7006707062415038e+23,ERR,ERR,ERR,ERR,ERR,ERR,ERR,ERR,ERR,ERR,ERR,ERR,ERR,ERR,ERR,ERR,ERR,ERR,ERR,ERR,ERR,ERR,ERR,ERR,ERR,ERR,ERR,ERR,ERR,ERR,ERR,ERR,ERR,ERR,ERR,ERR,ERR,ERR,ERR,ERR,ERR,ERR,ERR,ERR,ERR,ERR,ERR,ERR,ERR,ERR,ERR,ERR,ERR,ERR,ERR,ERR,ERR,ERR,ERR,ERR,ERR,ERR,ERR,ERR,ERR,ERR,ERR,50.0,60.0,100,0.0,0.0,0.0,0.0,0.0,0.0,0.0,0.0,0.0,0.0,0.0,0.0,0.0,0.0,0.0,0.0,61.6,77,11,65508,50,65476,0,300,0,0,8,20529,65476,0,0,26214,60.0,0.0,0.0,0.0,0.0,0.0
2026-05-17T16:54:49,ERR,ERR,ERR,ERR,ERR,ERR,ERR,ERR,ERR,ERR,ERR,ERR,ERR,ERR,ERR,ERR,ERR,ERR,ERR,ERR,ERR,ERR,ERR,ERR,ERR,ERR,ERR,ERR,ERR,ERR,ERR,ERR,ERR,ERR,ERR,ERR,ERR,ERR,ERR,ERR,ERR,ERR,ERR,ERR,ERR,ERR,ERR,ERR,ERR,ERR,ERR,ERR,ERR,ERR,ERR,ERR,ERR,ERR,ERR,ERR,ERR,ERR,ERR,ERR,ERR,ERR,ERR,ERR,ERR,ERR,ERR,ERR,ERR,ERR,ERR,ERR,ERR,ERR,ERR,ERR,ERR,ERR,ERR,ERR,ERR,ERR,ERR,ERR,ERR,ERR,ERR,ERR,ERR,ERR,ERR,ERR,ERR,ERR,ERR,ERR,ERR,ERR,ERR,ERR,ERR,ERR,ERR,ERR,ERR,ERR,ERR,ERR,ERR,ERR,ERR,ERR,ERR,ERR,ERR,ERR,ERR,ERR,ERR,ERR,ERR,0.0,0.0,-134474944.0,0.0,0.0,1.3936040501711995e+18,7.805,0.0,0,0,4,0,8422,0.0,45,0.0,0.0,0.0,0.0,0.0,0,0,0,0,0.0,0,0,0,0,0,0,0,0,0,0,0,0,0,0,0,0,0,0,0,0,0,0,0,0,0,0,0,0,0,0,0,0,0,38,14,7,45,65476,0,300,0,0,8,21553,0.0,-107605600.0,0.0,0.0,0.0,0.0,0.0,0.0,0.0,0.0,0.0,0.0,0.0,0.0,0.0,0.0,0.0,0.0,0.0,0.0,0.0,0.0,0.0,0.0,-2.004,2.004,0.0,0.0,0.0,0.0,5012.0,-2.422987904532282e+24,0.0,0.0,0.0,0.0,-107615304.0,0.0,0.0,0.0,0.0,53,5.848083413016271e+35,-152017280434176.0,0.0,0.0,0.0,0.0,0.0,0.0,0.0,0,0,0,0.0,0.0,0.0,0.0,0.0,0.0,0.0,0.0,0.0,0.0,0.0,0.0,0.0,0.0,0.0,0.0,0,-107875648.0,53,0.0,106,-107614832.0,2.7006707062415038e+23,ERR,ERR,ERR,ERR,ERR,ERR,ERR,ERR,ERR,ERR,ERR,ERR,ERR,ERR,ERR,ERR,ERR,ERR,ERR,ERR,ERR,ERR,ERR,ERR,ERR,ERR,ERR,ERR,ERR,ERR,ERR,ERR,ERR,ERR,ERR,ERR,ERR,ERR,ERR,ERR,ERR,ERR,ERR,ERR,ERR,ERR,ERR,ERR,ERR,ERR,ERR,ERR,ERR,ERR,ERR,ERR,ERR,ERR,ERR,ERR,ERR,ERR,ERR,ERR,ERR,ERR,ERR,50.0,60.0,100,0.0,0.0,0.0,0.0,0.0,0.0,0.0,0.0,0.0,0.0,0.0,0.0,0.0,0.0,0.0,0.0,61.6,77,11,65508,50,65476,0,300,0,0,8,20529,65476,0,0,26214,60.0,0.0,0.0,0.0,0.0,0.0
2026-05-17T16:54:50,ERR,ERR,ERR,ERR,ERR,ERR,ERR,ERR,ERR,ERR,ERR,ERR,ERR,ERR,ERR,ERR,ERR,ERR,ERR,ERR,ERR,ERR,ERR,ERR,ERR,ERR,ERR,ERR,ERR,ERR,ERR,ERR,ERR,ERR,ERR,ERR,ERR,ERR,ERR,ERR,ERR,ERR,ERR,ERR,ERR,ERR,ERR,ERR,ERR,ERR,ERR,ERR,ERR,ERR,ERR,ERR,ERR,ERR,ERR,ERR,ERR,ERR,ERR,ERR,ERR,ERR,ERR,ERR,ERR,ERR,ERR,ERR,ERR,ERR,ERR,ERR,ERR,ERR,ERR,ERR,ERR,ERR,ERR,ERR,ERR,ERR,ERR,ERR,ERR,ERR,ERR,ERR,ERR,ERR,ERR,ERR,ERR,ERR,ERR,ERR,ERR,ERR,ERR,ERR,ERR,ERR,ERR,ERR,ERR,ERR,ERR,ERR,ERR,ERR,ERR,ERR,ERR,ERR,ERR,ERR,ERR,ERR,ERR,ERR,ERR,0.0,0.0,-134474944.0,0.0,0.0,1.3936040501711995e+18,7.805,0.0,0,0,4,0,8422,0.0,45,0.0,0.0,0.0,0.0,0.0,0,0,0,0,0.0,0,0,0,0,0,0,0,0,0,0,0,0,0,0,0,0,0,0,0,0,0,0,0,0,0,0,0,0,0,0,0,0,0,38,14,7,45,65476,0,300,0,0,8,21553,0.0,-107605600.0,0.0,0.0,0.0,0.0,0.0,0.0,0.0,0.0,0.0,0.0,0.0,0.0,0.0,0.0,0.0,0.0,0.0,0.0,0.0,0.0,0.0,0.0,-2.004,2.004,0.0,0.0,0.0,0.0,5012.0,-2.422987904532282e+24,0.0,0.0,0.0,0.0,-107615304.0,0.0,0.0,0.0,0.0,53,5.848083413016271e+35,-152017280434176.0,0.0,0.0,0.0,0.0,0.0,0.0,0.0,0,0,0,0.0,0.0,0.0,0.0,0.0,0.0,0.0,0.0,0.0,0.0,0.0,0.0,0.0,0.0,0.0,0.0,0,-107875648.0,53,0.0,106,-107614832.0,2.7006707062415038e+23,ERR,ERR,ERR,ERR,ERR,ERR,ERR,ERR,ERR,ERR,ERR,ERR,ERR,ERR,ERR,ERR,ERR,ERR,ERR,ERR,ERR,ERR,ERR,ERR,ERR,ERR,ERR,ERR,ERR,ERR,ERR,ERR,ERR,ERR,ERR,ERR,ERR,ERR,ERR,ERR,ERR,ERR,ERR,ERR,ERR,ERR,ERR,ERR,ERR,ERR,ERR,ERR,ERR,ERR,ERR,ERR,ERR,ERR,ERR,ERR,ERR,ERR,ERR,ERR,ERR,ERR,ERR,50.0,60.0,100,0.0,0.0,0.0,0.0,0.0,0.0,0.0,0.0,0.0,0.0,0.0,0.0,0.0,0.0,0.0,0.0,61.6,77,11,65508,50,65476,0,300,0,0,8,20529,65476,0,0,26214,60.0,0.0,0.0,0.0,0.0,0.0
2026-05-17T16:54:51,ERR,ERR,ERR,ERR,ERR,ERR,ERR,ERR,ERR,ERR,ERR,ERR,ERR,ERR,ERR,ERR,ERR,ERR,ERR,ERR,ERR,ERR,ERR,ERR,ERR,ERR,ERR,ERR,ERR,ERR,ERR,ERR,ERR,ERR,ERR,ERR,ERR,ERR,ERR,ERR,ERR,ERR,ERR,ERR,ERR,ERR,ERR,ERR,ERR,ERR,ERR,ERR,ERR,ERR,ERR,ERR,ERR,ERR,ERR,ERR,ERR,ERR,ERR,ERR,ERR,ERR,ERR,ERR,ERR,ERR,ERR,ERR,ERR,ERR,ERR,ERR,ERR,ERR,ERR,ERR,ERR,ERR,ERR,ERR,ERR,ERR,ERR,ERR,ERR,ERR,ERR,ERR,ERR,ERR,ERR,ERR,ERR,ERR,ERR,ERR,ERR,ERR,ERR,ERR,ERR,ERR,ERR,ERR,ERR,ERR,ERR,ERR,ERR,ERR,ERR,ERR,ERR,ERR,ERR,ERR,ERR,ERR,ERR,ERR,ERR,0.0,0.0,-134474944.0,0.0,0.0,1.3936040501711995e+18,7.805,0.0,0,0,4,0,8422,0.0,45,0.0,0.0,0.0,0.0,0.0,0,0,0,0,0.0,0,0,0,0,0,0,0,0,0,0,0,0,0,0,0,0,0,0,0,0,0,0,0,0,0,0,0,0,0,0,0,0,0,38,14,7,45,65476,0,300,0,0,8,21553,0.0,-107605600.0,0.0,0.0,0.0,0.0,0.0,0.0,0.0,0.0,0.0,0.0,0.0,0.0,0.0,0.0,0.0,0.0,0.0,0.0,0.0,0.0,0.0,0.0,-2.004,2.004,0.0,0.0,0.0,0.0,5015.0,-0.0,0.0,0.0,0.0,0.0,-107615304.0,0.0,0.0,0.0,0.0,53,-0.0,2.718417410789135e+23,0.0,0.0,0.0,0.0,0.0,0.0,0.0,0,0,0,0.0,0.0,0.0,0.0,0.0,0.0,0.0,0.0,0.0,0.0,0.0,0.0,0.0,0.0,0.0,0.0,0,-107875648.0,53,0.0,106,-107614832.0,2.7006707062415038e+23,ERR,ERR,ERR,ERR,ERR,ERR,ERR,ERR,ERR,ERR,ERR,ERR,ERR,ERR,ERR,ERR,ERR,ERR,ERR,ERR,ERR,ERR,ERR,ERR,ERR,ERR,ERR,ERR,ERR,ERR,ERR,ERR,ERR,ERR,ERR,ERR,ERR,ERR,ERR,ERR,ERR,ERR,ERR,ERR,ERR,ERR,ERR,ERR,ERR,ERR,ERR,ERR,ERR,ERR,ERR,ERR,ERR,ERR,ERR,ERR,ERR,ERR,ERR,ERR,ERR,ERR,ERR,50.0,60.0,100,0.0,0.0,0.0,0.0,0.0,0.0,0.0,0.0,0.0,0.0,0.0,0.0,0.0,0.0,0.0,0.0,62.0,77,11,65508,50,65476,0,300,0,0,8,20529,65476,0,0,26214,60.0,0.0,0.0,0.0,0.0,0.0
2026-05-17T16:54:52,ERR,ERR,ERR,ERR,ERR,ERR,ERR,ERR,ERR,ERR,ERR,ERR,ERR,ERR,ERR,ERR,ERR,ERR,ERR,ERR,ERR,ERR,ERR,ERR,ERR,ERR,ERR,ERR,ERR,ERR,ERR,ERR,ERR,ERR,ERR,ERR,ERR,ERR,ERR,ERR,ERR,ERR,ERR,ERR,ERR,ERR,ERR,ERR,ERR,ERR,ERR,ERR,ERR,ERR,ERR,ERR,ERR,ERR,ERR,ERR,ERR,ERR,ERR,ERR,ERR,ERR,ERR,ERR,ERR,ERR,ERR,ERR,ERR,ERR,ERR,ERR,ERR,ERR,ERR,ERR,ERR,ERR,ERR,ERR,ERR,ERR,ERR,ERR,ERR,ERR,ERR,ERR,ERR,ERR,ERR,ERR,ERR,ERR,ERR,ERR,ERR,ERR,ERR,ERR,ERR,ERR,ERR,ERR,ERR,ERR,ERR,ERR,ERR,ERR,ERR,ERR,ERR,ERR,ERR,ERR,ERR,ERR,ERR,ERR,ERR,0.0,0.0,-134474944.0,0.0,0.0,1.3936040501711995e+18,7.805,0.0,0,0,4,0,8422,0.0,45,0.0,0.0,0.0,0.0,0.0,0,0,0,0,0.0,0,0,0,0,0,0,0,0,0,0,0,0,0,0,0,0,0,0,0,0,0,0,0,0,0,0,0,0,0,0,0,0,0,38,14,7,45,65476,0,300,0,0,8,21553,0.0,-107605600.0,0.0,0.0,0.0,0.0,0.0,0.0,0.0,0.0,0.0,0.0,0.0,0.0,0.0,0.0,0.0,0.0,0.0,0.0,0.0,0.0,0.0,0.0,-2.004,2.004,0.0,0.0,0.0,0.0,5015.0,-0.0,0.0,0.0,0.0,0.0,-107615304.0,0.0,0.0,0.0,0.0,53,-0.0,2.718417410789135e+23,0.0,0.0,0.0,0.0,0.0,0.0,0.0,0,0,0,0.0,0.0,0.0,0.0,0.0,0.0,0.0,0.0,0.0,0.0,0.0,0.0,0.0,0.0,0.0,0.0,0,-107875648.0,53,0.0,106,-107614832.0,2.7006707062415038e+23,ERR,ERR,ERR,ERR,ERR,ERR,ERR,ERR,ERR,ERR,ERR,ERR,ERR,ERR,ERR,ERR,ERR,ERR,ERR,ERR,ERR,ERR,ERR,ERR,ERR,ERR,ERR,ERR,ERR,ERR,ERR,ERR,ERR,ERR,ERR,ERR,ERR,ERR,ERR,ERR,ERR,ERR,ERR,ERR,ERR,ERR,ERR,ERR,ERR,ERR,ERR,ERR,ERR,ERR,ERR,ERR,ERR,ERR,ERR,ERR,ERR,ERR,ERR,ERR,ERR,ERR,ERR,50.0,60.0,100,0.0,0.0,0.0,0.0,0.0,0.0,0.0,0.0,0.0,0.0,0.0,0.0,0.0,0.0,0.0,0.0,62.0,77,11,65508,50,65476,0,300,0,0,8,20529,65476,0,0,26214,60.0,0.0,0.0,0.0,0.0,0.0
2026-05-17T16:54:53,ERR,ERR,ERR,ERR,ERR,ERR,ERR,ERR,ERR,ERR,ERR,ERR,ERR,ERR,ERR,ERR,ERR,ERR,ERR,ERR,ERR,ERR,ERR,ERR,ERR,ERR,ERR,ERR,ERR,ERR,ERR,ERR,ERR,ERR,ERR,ERR,ERR,ERR,ERR,ERR,ERR,ERR,ERR,ERR,ERR,ERR,ERR,ERR,ERR,ERR,ERR,ERR,ERR,ERR,ERR,ERR,ERR,ERR,ERR,ERR,ERR,ERR,ERR,ERR,ERR,ERR,ERR,ERR,ERR,ERR,ERR,ERR,ERR,ERR,ERR,ERR,ERR,ERR,ERR,ERR,ERR,ERR,ERR,ERR,ERR,ERR,ERR,ERR,ERR,ERR,ERR,ERR,ERR,ERR,ERR,ERR,ERR,ERR,ERR,ERR,ERR,ERR,ERR,ERR,ERR,ERR,ERR,ERR,ERR,ERR,ERR,ERR,ERR,ERR,ERR,ERR,ERR,ERR,ERR,ERR,ERR,ERR,ERR,ERR,ERR,0.0,0.0,-134474944.0,0.0,0.0,1.3936040501711995e+18,7.805,0.0,0,0,4,0,8422,0.0,45,0.0,0.0,0.0,0.0,0.0,0,0,0,0,0.0,0,0,0,0,0,0,0,0,0,0,0,0,0,0,0,0,0,0,0,0,0,0,0,0,0,0,0,0,0,0,0,0,0,38,14,7,45,65476,0,300,0,0,8,21553,0.0,-107605600.0,0.0,0.0,0.0,0.0,0.0,0.0,0.0,0.0,0.0,0.0,0.0,0.0,0.0,0.0,0.0,0.0,0.0,0.0,0.0,0.0,0.0,0.0,-2.004,2.004,0.0,0.0,0.0,0.0,5015.0,-0.0,0.0,0.0,0.0,0.0,-107615304.0,0.0,0.0,0.0,0.0,53,-0.0,2.718417410789135e+23,0.0,0.0,0.0,0.0,0.0,0.0,0.0,0,0,0,0.0,0.0,0.0,0.0,0.0,0.0,0.0,0.0,0.0,0.0,0.0,0.0,0.0,0.0,0.0,0.0,0,-107875648.0,53,0.0,106,-107614832.0,2.7006707062415038e+23,ERR,ERR,ERR,ERR,ERR,ERR,ERR,ERR,ERR,ERR,ERR,ERR,ERR,ERR,ERR,ERR,ERR,ERR,ERR,ERR,ERR,ERR,ERR,ERR,ERR,ERR,ERR,ERR,ERR,ERR,ERR,ERR,ERR,ERR,ERR,ERR,ERR,ERR,ERR,ERR,ERR,ERR,ERR,ERR,ERR,ERR,ERR,ERR,ERR,ERR,ERR,ERR,ERR,ERR,ERR,ERR,ERR,ERR,ERR,ERR,ERR,ERR,ERR,ERR,ERR,ERR,ERR,50.0,60.0,100,0.0,0.0,0.0,0.0,0.0,0.0,0.0,0.0,0.0,0.0,0.0,0.0,0.0,0.0,0.0,0.0,61.6,77,11,65508,50,65476,0,300,0,0,8,20529,65476,0,0,26214,60.0,0.0,0.0,0.0,0.0,0.0
2026-05-17T16:54:54,ERR,ERR,ERR,ERR,ERR,ERR,ERR,ERR,ERR,ERR,ERR,ERR,ERR,ERR,ERR,ERR,ERR,ERR,ERR,ERR,ERR,ERR,ERR,ERR,ERR,ERR,ERR,ERR,ERR,ERR,ERR,ERR,ERR,ERR,ERR,ERR,ERR,ERR,ERR,ERR,ERR,ERR,ERR,ERR,ERR,ERR,ERR,ERR,ERR,ERR,ERR,ERR,ERR,ERR,ERR,ERR,ERR,ERR,ERR,ERR,ERR,ERR,ERR,ERR,ERR,ERR,ERR,ERR,ERR,ERR,ERR,ERR,ERR,ERR,ERR,ERR,ERR,ERR,ERR,ERR,ERR,ERR,ERR,ERR,ERR,ERR,ERR,ERR,ERR,ERR,ERR,ERR,ERR,ERR,ERR,ERR,ERR,ERR,ERR,ERR,ERR,ERR,ERR,ERR,ERR,ERR,ERR,ERR,ERR,ERR,ERR,ERR,ERR,ERR,ERR,ERR,ERR,ERR,ERR,ERR,ERR,ERR,ERR,ERR,ERR,0.0,0.0,-134474944.0,0.0,0.0,1.3936040501711995e+18,7.805,0.0,0,0,4,0,8422,0.0,45,0.0,0.0,0.0,0.0,0.0,0,0,0,0,0.0,0,0,0,0,0,0,0,0,0,0,0,0,0,0,0,0,0,0,0,0,0,0,0,0,0,0,0,0,0,0,0,0,0,38,14,7,45,65476,0,300,0,0,8,21553,0.0,-107605600.0,0.0,0.0,0.0,0.0,0.0,0.0,0.0,0.0,0.0,0.0,0.0,0.0,0.0,0.0,0.0,0.0,0.0,0.0,0.0,0.0,0.0,0.0,-2.004,2.004,0.0,0.0,0.0,0.0,5015.0,-0.0,0.0,0.0,0.0,0.0,-107615304.0,0.0,0.0,0.0,0.0,53,-0.0,2.718417410789135e+23,0.0,0.0,0.0,0.0,0.0,0.0,0.0,0,0,0,0.0,0.0,0.0,0.0,0.0,0.0,0.0,0.0,0.0,0.0,0.0,0.0,0.0,0.0,0.0,0.0,0,-107875648.0,53,0.0,106,-107614832.0,2.7006707062415038e+23,ERR,ERR,ERR,ERR,ERR,ERR,ERR,ERR,ERR,ERR,ERR,ERR,ERR,ERR,ERR,ERR,ERR,ERR,ERR,ERR,ERR,ERR,ERR,ERR,ERR,ERR,ERR,ERR,ERR,ERR,ERR,ERR,ERR,ERR,ERR,ERR,ERR,ERR,ERR,ERR,ERR,ERR,ERR,ERR,ERR,ERR,ERR,ERR,ERR,ERR,ERR,ERR,ERR,ERR,ERR,ERR,ERR,ERR,ERR,ERR,ERR,ERR,ERR,ERR,ERR,ERR,ERR,50.0,60.0,100,0.0,0.0,0.0,0.0,0.0,0.0,0.0,0.0,0.0,0.0,0.0,0.0,0.0,0.0,0.0,0.0,61.6,77,11,65508,50,65476,0,300,0,0,8,20529,65476,0,0,26214,60.0,0.0,0.0,0.0,0.0,0.0
2026-05-17T16:54:55,ERR,ERR,ERR,ERR,ERR,ERR,ERR,ERR,ERR,ERR,ERR,ERR,ERR,ERR,ERR,ERR,ERR,ERR,ERR,ERR,ERR,ERR,ERR,ERR,ERR,ERR,ERR,ERR,ERR,ERR,ERR,ERR,ERR,ERR,ERR,ERR,ERR,ERR,ERR,ERR,ERR,ERR,ERR,ERR,ERR,ERR,ERR,ERR,ERR,ERR,ERR,ERR,ERR,ERR,ERR,ERR,ERR,ERR,ERR,ERR,ERR,ERR,ERR,ERR,ERR,ERR,ERR,ERR,ERR,ERR,ERR,ERR,ERR,ERR,ERR,ERR,ERR,ERR,ERR,ERR,ERR,ERR,ERR,ERR,ERR,ERR,ERR,ERR,ERR,ERR,ERR,ERR,ERR,ERR,ERR,ERR,ERR,ERR,ERR,ERR,ERR,ERR,ERR,ERR,ERR,ERR,ERR,ERR,ERR,ERR,ERR,ERR,ERR,ERR,ERR,ERR,ERR,ERR,ERR,ERR,ERR,ERR,ERR,ERR,ERR,0.0,0.0,-134474944.0,0.0,0.0,1.3936040501711995e+18,7.805,0.0,0,0,4,0,8422,0.0,45,0.0,0.0,0.0,0.0,0.0,0,0,0,0,0.0,0,0,0,0,0,0,0,0,0,0,0,0,0,0,0,0,0,0,0,0,0,0,0,0,0,0,0,0,0,0,0,0,0,38,14,7,45,65476,0,300,0,0,8,21553,0.0,-107605600.0,0.0,0.0,0.0,0.0,0.0,0.0,0.0,0.0,0.0,0.0,0.0,0.0,0.0,0.0,0.0,0.0,0.0,0.0,0.0,0.0,0.0,0.0,-2.004,2.004,0.0,0.0,0.0,0.0,5015.0,-0.0,0.0,0.0,0.0,0.0,-107615304.0,0.0,0.0,0.0,0.0,53,-0.0,2.718417410789135e+23,0.0,0.0,0.0,0.0,0.0,0.0,0.0,0,0,0,0.0,0.0,0.0,0.0,0.0,0.0,0.0,0.0,0.0,0.0,0.0,0.0,0.0,0.0,0.0,0.0,0,-107875648.0,53,0.0,106,-107614832.0,2.7006707062415038e+23,ERR,ERR,ERR,ERR,ERR,ERR,ERR,ERR,ERR,ERR,ERR,ERR,ERR,ERR,ERR,ERR,ERR,ERR,ERR,ERR,ERR,ERR,ERR,ERR,ERR,ERR,ERR,ERR,ERR,ERR,ERR,ERR,ERR,ERR,ERR,ERR,ERR,ERR,ERR,ERR,ERR,ERR,ERR,ERR,ERR,ERR,ERR,ERR,ERR,ERR,ERR,ERR,ERR,ERR,ERR,ERR,ERR,ERR,ERR,ERR,ERR,ERR,ERR,ERR,ERR,ERR,ERR,50.0,60.0,100,0.0,0.0,0.0,0.0,0.0,0.0,0.0,0.0,0.0,0.0,0.0,0.0,0.0,0.0,0.0,0.0,61.6,77,11,65508,50,65476,0,300,0,0,8,20529,65476,0,0,26214,60.0,0.0,0.0,0.0,0.0,0.0
2026-05-17T16:54:56,ERR,ERR,ERR,ERR,ERR,ERR,ERR,ERR,ERR,ERR,ERR,ERR,ERR,ERR,ERR,ERR,ERR,ERR,ERR,ERR,ERR,ERR,ERR,ERR,ERR,ERR,ERR,ERR,ERR,ERR,ERR,ERR,ERR,ERR,ERR,ERR,ERR,ERR,ERR,ERR,ERR,ERR,ERR,ERR,ERR,ERR,ERR,ERR,ERR,ERR,ERR,ERR,ERR,ERR,ERR,ERR,ERR,ERR,ERR,ERR,ERR,ERR,ERR,ERR,ERR,ERR,ERR,ERR,ERR,ERR,ERR,ERR,ERR,ERR,ERR,ERR,ERR,ERR,ERR,ERR,ERR,ERR,ERR,ERR,ERR,ERR,ERR,ERR,ERR,ERR,ERR,ERR,ERR,ERR,ERR,ERR,ERR,ERR,ERR,ERR,ERR,ERR,ERR,ERR,ERR,ERR,ERR,ERR,ERR,ERR,ERR,ERR,ERR,ERR,ERR,ERR,ERR,ERR,ERR,ERR,ERR,ERR,ERR,ERR,ERR,0.0,0.0,-134474944.0,0.0,0.0,1.3936040501711995e+18,7.805,0.0,0,0,4,0,8422,0.0,45,0.0,0.0,0.0,0.0,0.0,0,0,0,0,0.0,0,0,0,0,0,0,0,0,0,0,0,0,0,0,0,0,0,0,0,0,0,0,0,0,0,0,0,0,0,0,0,0,0,38,14,7,45,65476,0,300,0,0,8,21553,0.0,-107605600.0,0.0,0.0,0.0,0.0,0.0,0.0,0.0,0.0,0.0,0.0,0.0,0.0,0.0,0.0,0.0,0.0,0.0,0.0,0.0,0.0,0.0,0.0,-2.004,2.004,0.0,0.0,0.0,0.0,5010.0,-0.0,0.0,0.0,0.0,0.0,-107615304.0,0.0,0.0,0.0,0.0,53,5.848083413016271e+35,1.9056859227671757e+17,0.0,0.0,0.0,0.0,0.0,0.0,0.0,0,0,0,0.0,0.0,0.0,0.0,0.0,0.0,0.0,0.0,0.0,0.0,0.0,0.0,0.0,0.0,0.0,0.0,0,-107875648.0,53,0.0,106,-107614832.0,2.7006707062415038e+23,ERR,ERR,ERR,ERR,ERR,ERR,ERR,ERR,ERR,ERR,ERR,ERR,ERR,ERR,ERR,ERR,ERR,ERR,ERR,ERR,ERR,ERR,ERR,ERR,ERR,ERR,ERR,ERR,ERR,ERR,ERR,ERR,ERR,ERR,ERR,ERR,ERR,ERR,ERR,ERR,ERR,ERR,ERR,ERR,ERR,ERR,ERR,ERR,ERR,ERR,ERR,ERR,ERR,ERR,ERR,ERR,ERR,ERR,ERR,ERR,ERR,ERR,ERR,ERR,ERR,ERR,ERR,50.0,60.0,100,0.0,0.0,0.0,0.0,0.0,0.0,0.0,0.0,0.0,0.0,0.0,0.0,0.0,0.0,0.0,0.0,62.0,77,11,65508,50,65476,0,300,0,0,8,20529,65476,0,0,26214,60.0,0.0,0.0,0.0,0.0,0.0
2026-05-17T16:54:57,ERR,ERR,ERR,ERR,ERR,ERR,ERR,ERR,ERR,ERR,ERR,ERR,ERR,ERR,ERR,ERR,ERR,ERR,ERR,ERR,ERR,ERR,ERR,ERR,ERR,ERR,ERR,ERR,ERR,ERR,ERR,ERR,ERR,ERR,ERR,ERR,ERR,ERR,ERR,ERR,ERR,ERR,ERR,ERR,ERR,ERR,ERR,ERR,ERR,ERR,ERR,ERR,ERR,ERR,ERR,ERR,ERR,ERR,ERR,ERR,ERR,ERR,ERR,ERR,ERR,ERR,ERR,ERR,ERR,ERR,ERR,ERR,ERR,ERR,ERR,ERR,ERR,ERR,ERR,ERR,ERR,ERR,ERR,ERR,ERR,ERR,ERR,ERR,ERR,ERR,ERR,ERR,ERR,ERR,ERR,ERR,ERR,ERR,ERR,ERR,ERR,ERR,ERR,ERR,ERR,ERR,ERR,ERR,ERR,ERR,ERR,ERR,ERR,ERR,ERR,ERR,ERR,ERR,ERR,ERR,ERR,ERR,ERR,ERR,ERR,0.0,0.0,-134474944.0,0.0,0.0,1.3936040501711995e+18,7.805,0.0,0,0,4,0,8422,0.0,45,0.0,0.0,0.0,0.0,0.0,0,0,0,0,0.0,0,0,0,0,0,0,0,0,0,0,0,0,0,0,0,0,0,0,0,0,0,0,0,0,0,0,0,0,0,0,0,0,0,38,14,7,45,65476,0,300,0,0,8,21553,0.0,-107605600.0,0.0,0.0,0.0,0.0,0.0,0.0,0.0,0.0,0.0,0.0,0.0,0.0,0.0,0.0,0.0,0.0,0.0,0.0,0.0,0.0,0.0,0.0,-2.004,2.004,0.0,0.0,0.0,0.0,5010.0,-0.0,0.0,0.0,0.0,0.0,-107615304.0,0.0,0.0,0.0,0.0,53,5.848083413016271e+35,1.9056859227671757e+17,0.0,0.0,0.0,0.0,0.0,0.0,0.0,0,0,0,0.0,0.0,0.0,0.0,0.0,0.0,0.0,0.0,0.0,0.0,0.0,0.0,0.0,0.0,0.0,0.0,0,-107875648.0,53,0.0,106,-107614832.0,2.7006707062415038e+23,ERR,ERR,ERR,ERR,ERR,ERR,ERR,ERR,ERR,ERR,ERR,ERR,ERR,ERR,ERR,ERR,ERR,ERR,ERR,ERR,ERR,ERR,ERR,ERR,ERR,ERR,ERR,ERR,ERR,ERR,ERR,ERR,ERR,ERR,ERR,ERR,ERR,ERR,ERR,ERR,ERR,ERR,ERR,ERR,ERR,ERR,ERR,ERR,ERR,ERR,ERR,ERR,ERR,ERR,ERR,ERR,ERR,ERR,ERR,ERR,ERR,ERR,ERR,ERR,ERR,ERR,ERR,50.0,60.0,100,0.0,0.0,0.0,0.0,0.0,0.0,0.0,0.0,0.0,0.0,0.0,0.0,0.0,0.0,0.0,0.0,62.0,77,11,65508,50,65476,0,300,0,0,8,20529,65476,0,0,26214,60.0,0.0,0.0,0.0,0.0,0.0
2026-05-17T16:54:58,ERR,ERR,ERR,ERR,ERR,ERR,ERR,ERR,ERR,ERR,ERR,ERR,ERR,ERR,ERR,ERR,ERR,ERR,ERR,ERR,ERR,ERR,ERR,ERR,ERR,ERR,ERR,ERR,ERR,ERR,ERR,ERR,ERR,ERR,ERR,ERR,ERR,ERR,ERR,ERR,ERR,ERR,ERR,ERR,ERR,ERR,ERR,ERR,ERR,ERR,ERR,ERR,ERR,ERR,ERR,ERR,ERR,ERR,ERR,ERR,ERR,ERR,ERR,ERR,ERR,ERR,ERR,ERR,ERR,ERR,ERR,ERR,ERR,ERR,ERR,ERR,ERR,ERR,ERR,ERR,ERR,ERR,ERR,ERR,ERR,ERR,ERR,ERR,ERR,ERR,ERR,ERR,ERR,ERR,ERR,ERR,ERR,ERR,ERR,ERR,ERR,ERR,ERR,ERR,ERR,ERR,ERR,ERR,ERR,ERR,ERR,ERR,ERR,ERR,ERR,ERR,ERR,ERR,ERR,ERR,ERR,ERR,ERR,ERR,ERR,0.0,0.0,-134474944.0,0.0,0.0,1.3936040501711995e+18,7.805,0.0,0,0,4,0,8422,0.0,45,0.0,0.0,0.0,0.0,0.0,0,0,0,0,0.0,0,0,0,0,0,0,0,0,0,0,0,0,0,0,0,0,0,0,0,0,0,0,0,0,0,0,0,0,0,0,0,0,0,38,14,7,45,65476,0,300,0,0,8,21553,0.0,-107605600.0,0.0,0.0,0.0,0.0,0.0,0.0,0.0,0.0,0.0,0.0,0.0,0.0,0.0,0.0,0.0,0.0,0.0,0.0,0.0,0.0,0.0,0.0,-2.004,2.004,0.0,0.0,0.0,0.0,5010.0,-0.0,0.0,0.0,0.0,0.0,-107615304.0,0.0,0.0,0.0,0.0,53,5.848083413016271e+35,1.9056859227671757e+17,0.0,0.0,0.0,0.0,0.0,0.0,0.0,0,0,0,0.0,0.0,0.0,0.0,0.0,0.0,0.0,0.0,0.0,0.0,0.0,0.0,0.0,0.0,0.0,0.0,0,-107875648.0,53,0.0,106,-107614832.0,2.7006707062415038e+23,ERR,ERR,ERR,ERR,ERR,ERR,ERR,ERR,ERR,ERR,ERR,ERR,ERR,ERR,ERR,ERR,ERR,ERR,ERR,ERR,ERR,ERR,ERR,ERR,ERR,ERR,ERR,ERR,ERR,ERR,ERR,ERR,ERR,ERR,ERR,ERR,ERR,ERR,ERR,ERR,ERR,ERR,ERR,ERR,ERR,ERR,ERR,ERR,ERR,ERR,ERR,ERR,ERR,ERR,ERR,ERR,ERR,ERR,ERR,ERR,ERR,ERR,ERR,ERR,ERR,ERR,ERR,50.0,60.0,100,0.0,0.0,0.0,0.0,0.0,0.0,0.0,0.0,0.0,0.0,0.0,0.0,0.0,0.0,0.0,0.0,62.0,77,11,65508,50,65476,0,300,0,0,8,20529,65476,0,0,26214,60.0,0.0,0.0,0.0,0.0,0.0
2026-05-17T16:54:59,ERR,ERR,ERR,ERR,ERR,ERR,ERR,ERR,ERR,ERR,ERR,ERR,ERR,ERR,ERR,ERR,ERR,ERR,ERR,ERR,ERR,ERR,ERR,ERR,ERR,ERR,ERR,ERR,ERR,ERR,ERR,ERR,ERR,ERR,ERR,ERR,ERR,ERR,ERR,ERR,ERR,ERR,ERR,ERR,ERR,ERR,ERR,ERR,ERR,ERR,ERR,ERR,ERR,ERR,ERR,ERR,ERR,ERR,ERR,ERR,ERR,ERR,ERR,ERR,ERR,ERR,ERR,ERR,ERR,ERR,ERR,ERR,ERR,ERR,ERR,ERR,ERR,ERR,ERR,ERR,ERR,ERR,ERR,ERR,ERR,ERR,ERR,ERR,ERR,ERR,ERR,ERR,ERR,ERR,ERR,ERR,ERR,ERR,ERR,ERR,ERR,ERR,ERR,ERR,ERR,ERR,ERR,ERR,ERR,ERR,ERR,ERR,ERR,ERR,ERR,ERR,ERR,ERR,ERR,ERR,ERR,ERR,ERR,ERR,ERR,0.0,0.0,-134474944.0,0.0,0.0,1.3936040501711995e+18,7.805,0.0,0,0,4,0,8422,0.0,45,0.0,0.0,0.0,0.0,0.0,0,0,0,0,0.0,0,0,0,0,0,0,0,0,0,0,0,0,0,0,0,0,0,0,0,0,0,0,0,0,0,0,0,0,0,0,0,0,0,38,14,7,45,65476,0,300,0,0,8,21553,0.0,-107605600.0,0.0,0.0,0.0,0.0,0.0,0.0,0.0,0.0,0.0,0.0,0.0,0.0,0.0,0.0,0.0,0.0,0.0,0.0,0.0,0.0,0.0,0.0,-2.004,2.004,0.0,0.0,0.0,0.0,5010.0,-0.0,0.0,0.0,0.0,0.0,-107615304.0,0.0,0.0,0.0,0.0,53,5.848083413016271e+35,1.9056859227671757e+17,0.0,0.0,0.0,0.0,0.0,0.0,0.0,0,0,0,0.0,0.0,0.0,0.0,0.0,0.0,0.0,0.0,0.0,0.0,0.0,0.0,0.0,0.0,0.0,0.0,0,-107875648.0,53,0.0,106,-107614832.0,2.7006707062415038e+23,ERR,ERR,ERR,ERR,ERR,ERR,ERR,ERR,ERR,ERR,ERR,ERR,ERR,ERR,ERR,ERR,ERR,ERR,ERR,ERR,ERR,ERR,ERR,ERR,ERR,ERR,ERR,ERR,ERR,ERR,ERR,ERR,ERR,ERR,ERR,ERR,ERR,ERR,ERR,ERR,ERR,ERR,ERR,ERR,ERR,ERR,ERR,ERR,ERR,ERR,ERR,ERR,ERR,ERR,ERR,ERR,ERR,ERR,ERR,ERR,ERR,ERR,ERR,ERR,ERR,ERR,ERR,50.0,60.0,100,0.0,0.0,0.0,0.0,0.0,0.0,0.0,0.0,0.0,0.0,0.0,0.0,0.0,0.0,0.0,0.0,62.0,77,11,65508,50,65476,0,300,0,0,8,20529,65476,0,0,26214,60.0,0.0,0.0,0.0,0.0,0.0
2026-05-17T16:55:00,ERR,ERR,ERR,ERR,ERR,ERR,ERR,ERR,ERR,ERR,ERR,ERR,ERR,ERR,ERR,ERR,ERR,ERR,ERR,ERR,ERR,ERR,ERR,ERR,ERR,ERR,ERR,ERR,ERR,ERR,ERR,ERR,ERR,ERR,ERR,ERR,ERR,ERR,ERR,ERR,ERR,ERR,ERR,ERR,ERR,ERR,ERR,ERR,ERR,ERR,ERR,ERR,ERR,ERR,ERR,ERR,ERR,ERR,ERR,ERR,ERR,ERR,ERR,ERR,ERR,ERR,ERR,ERR,ERR,ERR,ERR,ERR,ERR,ERR,ERR,ERR,ERR,ERR,ERR,ERR,ERR,ERR,ERR,ERR,ERR,ERR,ERR,ERR,ERR,ERR,ERR,ERR,ERR,ERR,ERR,ERR,ERR,ERR,ERR,ERR,ERR,ERR,ERR,ERR,ERR,ERR,ERR,ERR,ERR,ERR,ERR,ERR,ERR,ERR,ERR,ERR,ERR,ERR,ERR,ERR,ERR,ERR,ERR,ERR,ERR,0.0,0.0,-134474944.0,0.0,0.0,1.3936040501711995e+18,7.805,0.0,0,0,4,0,8422,0.0,45,0.0,0.0,0.0,0.0,0.0,0,0,0,0,0.0,0,0,0,0,0,0,0,0,0,0,0,0,0,0,0,0,0,0,0,0,0,0,0,0,0,0,0,0,0,0,0,0,0,38,14,7,45,65476,0,300,0,0,8,21553,0.0,-107605600.0,0.0,0.0,0.0,0.0,0.0,0.0,0.0,0.0,0.0,0.0,0.0,0.0,0.0,0.0,0.0,0.0,0.0,0.0,0.0,0.0,0.0,0.0,-2.004,2.004,0.0,0.0,0.0,0.0,5010.0,-0.0,0.0,0.0,0.0,0.0,-107615304.0,0.0,0.0,0.0,0.0,53,5.848083413016271e+35,1.9056859227671757e+17,0.0,0.0,0.0,0.0,0.0,0.0,0.0,0,0,0,0.0,0.0,0.0,0.0,0.0,0.0,0.0,0.0,0.0,0.0,0.0,0.0,0.0,0.0,0.0,0.0,0,-107875648.0,53,0.0,106,-107614832.0,2.7006707062415038e+23,ERR,ERR,ERR,ERR,ERR,ERR,ERR,ERR,ERR,ERR,ERR,ERR,ERR,ERR,ERR,ERR,ERR,ERR,ERR,ERR,ERR,ERR,ERR,ERR,ERR,ERR,ERR,ERR,ERR,ERR,ERR,ERR,ERR,ERR,ERR,ERR,ERR,ERR,ERR,ERR,ERR,ERR,ERR,ERR,ERR,ERR,ERR,ERR,ERR,ERR,ERR,ERR,ERR,ERR,ERR,ERR,ERR,ERR,ERR,ERR,ERR,ERR,ERR,ERR,ERR,ERR,ERR,50.0,60.0,100,0.0,0.0,0.0,0.0,0.0,0.0,0.0,0.0,0.0,0.0,0.0,0.0,0.0,0.0,0.0,0.0,62.0,77,11,65508,50,65476,0,300,0,0,8,20529,65476,0,0,26214,60.0,0.0,0.0,0.0,0.0,0.0
2026-05-17T16:55:01,ERR,ERR,ERR,ERR,ERR,ERR,ERR,ERR,ERR,ERR,ERR,ERR,ERR,ERR,ERR,ERR,ERR,ERR,ERR,ERR,ERR,ERR,ERR,ERR,ERR,ERR,ERR,ERR,ERR,ERR,ERR,ERR,ERR,ERR,ERR,ERR,ERR,ERR,ERR,ERR,ERR,ERR,ERR,ERR,ERR,ERR,ERR,ERR,ERR,ERR,ERR,ERR,ERR,ERR,ERR,ERR,ERR,ERR,ERR,ERR,ERR,ERR,ERR,ERR,ERR,ERR,ERR,ERR,ERR,ERR,ERR,ERR,ERR,ERR,ERR,ERR,ERR,ERR,ERR,ERR,ERR,ERR,ERR,ERR,ERR,ERR,ERR,ERR,ERR,ERR,ERR,ERR,ERR,ERR,ERR,ERR,ERR,ERR,ERR,ERR,ERR,ERR,ERR,ERR,ERR,ERR,ERR,ERR,ERR,ERR,ERR,ERR,ERR,ERR,ERR,ERR,ERR,ERR,ERR,ERR,ERR,ERR,ERR,ERR,ERR,0.0,0.0,-134474944.0,0.0,0.0,1.3936040501711995e+18,7.805,0.0,0,0,4,0,8422,0.0,45,0.0,0.0,0.0,0.0,0.0,0,0,0,0,0.0,0,0,0,0,0,0,0,0,0,0,0,0,0,0,0,0,0,0,0,0,0,0,0,0,0,0,0,0,0,0,0,0,0,38,14,7,45,65476,0,300,0,0,8,21553,0.0,-107605600.0,0.0,0.0,0.0,0.0,0.0,0.0,0.0,0.0,0.0,0.0,0.0,0.0,0.0,0.0,0.0,0.0,0.0,0.0,0.0,0.0,0.0,0.0,-2.004,2.004,0.0,0.0,0.0,0.0,5008.0,0.0,0.0,0.0,0.0,0.0,-107615304.0,0.0,0.0,0.0,0.0,53,5.848083413016271e+35,2.7184172306451498e+23,0.0,0.0,0.0,0.0,0.0,0.0,0.0,0,0,0,0.0,0.0,0.0,0.0,0.0,0.0,0.0,0.0,0.0,0.0,0.0,0.0,0.0,0.0,0.0,0.0,0,-107875648.0,53,0.0,106,-107614832.0,2.7006707062415038e+23,ERR,ERR,ERR,ERR,ERR,ERR,ERR,ERR,ERR,ERR,ERR,ERR,ERR,ERR,ERR,ERR,ERR,ERR,ERR,ERR,ERR,ERR,ERR,ERR,ERR,ERR,ERR,ERR,ERR,ERR,ERR,ERR,ERR,ERR,ERR,ERR,ERR,ERR,ERR,ERR,ERR,ERR,ERR,ERR,ERR,ERR,ERR,ERR,ERR,ERR,ERR,ERR,ERR,ERR,ERR,ERR,ERR,ERR,ERR,ERR,ERR,ERR,ERR,ERR,ERR,ERR,ERR,50.0,60.0,100,0.0,0.0,0.0,0.0,0.0,0.0,0.0,0.0,0.0,0.0,0.0,0.0,0.0,0.0,0.0,0.0,62.0,77,11,65508,50,65476,0,300,0,0,8,20529,65476,0,0,26214,60.0,0.0,0.0,0.0,0.0,0.0
2026-05-17T16:55:02,ERR,ERR,ERR,ERR,ERR,ERR,ERR,ERR,ERR,ERR,ERR,ERR,ERR,ERR,ERR,ERR,ERR,ERR,ERR,ERR,ERR,ERR,ERR,ERR,ERR,ERR,ERR,ERR,ERR,ERR,ERR,ERR,ERR,ERR,ERR,ERR,ERR,ERR,ERR,ERR,ERR,ERR,ERR,ERR,ERR,ERR,ERR,ERR,ERR,ERR,ERR,ERR,ERR,ERR,ERR,ERR,ERR,ERR,ERR,ERR,ERR,ERR,ERR,ERR,ERR,ERR,ERR,ERR,ERR,ERR,ERR,ERR,ERR,ERR,ERR,ERR,ERR,ERR,ERR,ERR,ERR,ERR,ERR,ERR,ERR,ERR,ERR,ERR,ERR,ERR,ERR,ERR,ERR,ERR,ERR,ERR,ERR,ERR,ERR,ERR,ERR,ERR,ERR,ERR,ERR,ERR,ERR,ERR,ERR,ERR,ERR,ERR,ERR,ERR,ERR,ERR,ERR,ERR,ERR,ERR,ERR,ERR,ERR,ERR,ERR,0.0,0.0,-134474944.0,0.0,0.0,1.3936040501711995e+18,7.805,0.0,0,0,4,0,8422,0.0,45,0.0,0.0,0.0,0.0,0.0,0,0,0,0,0.0,0,0,0,0,0,0,0,0,0,0,0,0,0,0,0,0,0,0,0,0,0,0,0,0,0,0,0,0,0,0,0,0,0,38,14,7,45,65476,0,300,0,0,8,21553,0.0,-107605600.0,0.0,0.0,0.0,0.0,0.0,0.0,0.0,0.0,0.0,0.0,0.0,0.0,0.0,0.0,0.0,0.0,0.0,0.0,0.0,0.0,0.0,0.0,-2.004,2.004,0.0,0.0,0.0,0.0,5008.0,0.0,0.0,0.0,0.0,0.0,-107615304.0,0.0,0.0,0.0,0.0,53,5.848083413016271e+35,2.7184172306451498e+23,0.0,0.0,0.0,0.0,0.0,0.0,0.0,0,0,0,0.0,0.0,0.0,0.0,0.0,0.0,0.0,0.0,0.0,0.0,0.0,0.0,0.0,0.0,0.0,0.0,0,-107875648.0,53,0.0,106,-107614832.0,2.7006707062415038e+23,ERR,ERR,ERR,ERR,ERR,ERR,ERR,ERR,ERR,ERR,ERR,ERR,ERR,ERR,ERR,ERR,ERR,ERR,ERR,ERR,ERR,ERR,ERR,ERR,ERR,ERR,ERR,ERR,ERR,ERR,ERR,ERR,ERR,ERR,ERR,ERR,ERR,ERR,ERR,ERR,ERR,ERR,ERR,ERR,ERR,ERR,ERR,ERR,ERR,ERR,ERR,ERR,ERR,ERR,ERR,ERR,ERR,ERR,ERR,ERR,ERR,ERR,ERR,ERR,ERR,ERR,ERR,50.0,60.0,100,0.0,0.0,0.0,0.0,0.0,0.0,0.0,0.0,0.0,0.0,0.0,0.0,0.0,0.0,0.0,0.0,61.6,77,11,65508,50,65476,0,300,0,0,8,20529,65476,0,0,26214,60.0,0.0,0.0,0.0,0.0,0.0
2026-05-17T16:55:03,ERR,ERR,ERR,ERR,ERR,ERR,ERR,ERR,ERR,ERR,ERR,ERR,ERR,ERR,ERR,ERR,ERR,ERR,ERR,ERR,ERR,ERR,ERR,ERR,ERR,ERR,ERR,ERR,ERR,ERR,ERR,ERR,ERR,ERR,ERR,ERR,ERR,ERR,ERR,ERR,ERR,ERR,ERR,ERR,ERR,ERR,ERR,ERR,ERR,ERR,ERR,ERR,ERR,ERR,ERR,ERR,ERR,ERR,ERR,ERR,ERR,ERR,ERR,ERR,ERR,ERR,ERR,ERR,ERR,ERR,ERR,ERR,ERR,ERR,ERR,ERR,ERR,ERR,ERR,ERR,ERR,ERR,ERR,ERR,ERR,ERR,ERR,ERR,ERR,ERR,ERR,ERR,ERR,ERR,ERR,ERR,ERR,ERR,ERR,ERR,ERR,ERR,ERR,ERR,ERR,ERR,ERR,ERR,ERR,ERR,ERR,ERR,ERR,ERR,ERR,ERR,ERR,ERR,ERR,ERR,ERR,ERR,ERR,ERR,ERR,0.0,0.0,-134474944.0,0.0,0.0,1.3936040501711995e+18,7.805,0.0,0,0,4,0,8422,0.0,45,0.0,0.0,0.0,0.0,0.0,0,0,0,0,0.0,0,0,0,0,0,0,0,0,0,0,0,0,0,0,0,0,0,0,0,0,0,0,0,0,0,0,0,0,0,0,0,0,0,38,14,7,45,65476,0,300,0,0,8,21553,0.0,-107605600.0,0.0,0.0,0.0,0.0,0.0,0.0,0.0,0.0,0.0,0.0,0.0,0.0,0.0,0.0,0.0,0.0,0.0,0.0,0.0,0.0,0.0,0.0,-2.004,2.004,0.0,0.0,0.0,0.0,5008.0,0.0,0.0,0.0,0.0,0.0,-107615304.0,0.0,0.0,0.0,0.0,53,5.848083413016271e+35,2.7184172306451498e+23,0.0,0.0,0.0,0.0,0.0,0.0,0.0,0,0,0,0.0,0.0,0.0,0.0,0.0,0.0,0.0,0.0,0.0,0.0,0.0,0.0,0.0,0.0,0.0,0.0,0,-107875648.0,53,0.0,106,-107614832.0,2.7006707062415038e+23,ERR,ERR,ERR,ERR,ERR,ERR,ERR,ERR,ERR,ERR,ERR,ERR,ERR,ERR,ERR,ERR,ERR,ERR,ERR,ERR,ERR,ERR,ERR,ERR,ERR,ERR,ERR,ERR,ERR,ERR,ERR,ERR,ERR,ERR,ERR,ERR,ERR,ERR,ERR,ERR,ERR,ERR,ERR,ERR,ERR,ERR,ERR,ERR,ERR,ERR,ERR,ERR,ERR,ERR,ERR,ERR,ERR,ERR,ERR,ERR,ERR,ERR,ERR,ERR,ERR,ERR,ERR,50.0,60.0,100,0.0,0.0,0.0,0.0,0.0,0.0,0.0,0.0,0.0,0.0,0.0,0.0,0.0,0.0,0.0,0.0,61.6,77,11,65508,50,65476,0,300,0,0,8,20529,65476,0,0,26214,60.0,0.0,0.0,0.0,0.0,0.0
2026-05-17T16:55:04,ERR,ERR,ERR,ERR,ERR,ERR,ERR,ERR,ERR,ERR,ERR,ERR,ERR,ERR,ERR,ERR,ERR,ERR,ERR,ERR,ERR,ERR,ERR,ERR,ERR,ERR,ERR,ERR,ERR,ERR,ERR,ERR,ERR,ERR,ERR,ERR,ERR,ERR,ERR,ERR,ERR,ERR,ERR,ERR,ERR,ERR,ERR,ERR,ERR,ERR,ERR,ERR,ERR,ERR,ERR,ERR,ERR,ERR,ERR,ERR,ERR,ERR,ERR,ERR,ERR,ERR,ERR,ERR,ERR,ERR,ERR,ERR,ERR,ERR,ERR,ERR,ERR,ERR,ERR,ERR,ERR,ERR,ERR,ERR,ERR,ERR,ERR,ERR,ERR,ERR,ERR,ERR,ERR,ERR,ERR,ERR,ERR,ERR,ERR,ERR,ERR,ERR,ERR,ERR,ERR,ERR,ERR,ERR,ERR,ERR,ERR,ERR,ERR,ERR,ERR,ERR,ERR,ERR,ERR,ERR,ERR,ERR,ERR,ERR,ERR,0.0,0.0,-134474944.0,0.0,0.0,1.3936040501711995e+18,7.805,0.0,0,0,4,0,8422,0.0,45,0.0,0.0,0.0,0.0,0.0,0,0,0,0,0.0,0,0,0,0,0,0,0,0,0,0,0,0,0,0,0,0,0,0,0,0,0,0,0,0,0,0,0,0,0,0,0,0,0,38,14,7,45,65476,0,300,0,0,8,21553,0.0,-107605600.0,0.0,0.0,0.0,0.0,0.0,0.0,0.0,0.0,0.0,0.0,0.0,0.0,0.0,0.0,0.0,0.0,0.0,0.0,0.0,0.0,0.0,0.0,-2.004,2.004,0.0,0.0,0.0,0.0,5008.0,0.0,0.0,0.0,0.0,0.0,-107615304.0,0.0,0.0,0.0,0.0,53,5.848083413016271e+35,2.7184172306451498e+23,0.0,0.0,0.0,0.0,0.0,0.0,0.0,0,0,0,0.0,0.0,0.0,0.0,0.0,0.0,0.0,0.0,0.0,0.0,0.0,0.0,0.0,0.0,0.0,0.0,0,-107875648.0,53,0.0,106,-107614832.0,2.7006707062415038e+23,ERR,ERR,ERR,ERR,ERR,ERR,ERR,ERR,ERR,ERR,ERR,ERR,ERR,ERR,ERR,ERR,ERR,ERR,ERR,ERR,ERR,ERR,ERR,ERR,ERR,ERR,ERR,ERR,ERR,ERR,ERR,ERR,ERR,ERR,ERR,ERR,ERR,ERR,ERR,ERR,ERR,ERR,ERR,ERR,ERR,ERR,ERR,ERR,ERR,ERR,ERR,ERR,ERR,ERR,ERR,ERR,ERR,ERR,ERR,ERR,ERR,ERR,ERR,ERR,ERR,ERR,ERR,50.0,60.0,100,0.0,0.0,0.0,0.0,0.0,0.0,0.0,0.0,0.0,0.0,0.0,0.0,0.0,0.0,0.0,0.0,61.6,77,11,65508,50,65476,0,300,0,0,8,20529,65476,0,0,26214,60.0,0.0,0.0,0.0,0.0,0.0
2026-05-17T16:55:05,ERR,ERR,ERR,ERR,ERR,ERR,ERR,ERR,ERR,ERR,ERR,ERR,ERR,ERR,ERR,ERR,ERR,ERR,ERR,ERR,ERR,ERR,ERR,ERR,ERR,ERR,ERR,ERR,ERR,ERR,ERR,ERR,ERR,ERR,ERR,ERR,ERR,ERR,ERR,ERR,ERR,ERR,ERR,ERR,ERR,ERR,ERR,ERR,ERR,ERR,ERR,ERR,ERR,ERR,ERR,ERR,ERR,ERR,ERR,ERR,ERR,ERR,ERR,ERR,ERR,ERR,ERR,ERR,ERR,ERR,ERR,ERR,ERR,ERR,ERR,ERR,ERR,ERR,ERR,ERR,ERR,ERR,ERR,ERR,ERR,ERR,ERR,ERR,ERR,ERR,ERR,ERR,ERR,ERR,ERR,ERR,ERR,ERR,ERR,ERR,ERR,ERR,ERR,ERR,ERR,ERR,ERR,ERR,ERR,ERR,ERR,ERR,ERR,ERR,ERR,ERR,ERR,ERR,ERR,ERR,ERR,ERR,ERR,ERR,ERR,0.0,0.0,-134474944.0,0.0,0.0,1.3936040501711995e+18,7.805,0.0,0,0,4,0,8422,0.0,45,0.0,0.0,0.0,0.0,0.0,0,0,0,0,0.0,0,0,0,0,0,0,0,0,0,0,0,0,0,0,0,0,0,0,0,0,0,0,0,0,0,0,0,0,0,0,0,0,0,38,14,7,45,65476,0,300,0,0,8,21553,0.0,-107605600.0,0.0,0.0,0.0,0.0,0.0,0.0,0.0,0.0,0.0,0.0,0.0,0.0,0.0,0.0,0.0,0.0,0.0,0.0,0.0,0.0,0.0,0.0,-2.004,2.004,0.0,0.0,0.0,0.0,5008.0,0.0,0.0,0.0,0.0,0.0,-107615304.0,0.0,0.0,0.0,0.0,53,5.848083413016271e+35,2.7184172306451498e+23,0.0,0.0,0.0,0.0,0.0,0.0,0.0,0,0,0,0.0,0.0,0.0,0.0,0.0,0.0,0.0,0.0,0.0,0.0,0.0,0.0,0.0,0.0,0.0,0.0,0,-107875648.0,53,0.0,106,-107614832.0,2.7006707062415038e+23,ERR,ERR,ERR,ERR,ERR,ERR,ERR,ERR,ERR,ERR,ERR,ERR,ERR,ERR,ERR,ERR,ERR,ERR,ERR,ERR,ERR,ERR,ERR,ERR,ERR,ERR,ERR,ERR,ERR,ERR,ERR,ERR,ERR,ERR,ERR,ERR,ERR,ERR,ERR,ERR,ERR,ERR,ERR,ERR,ERR,ERR,ERR,ERR,ERR,ERR,ERR,ERR,ERR,ERR,ERR,ERR,ERR,ERR,ERR,ERR,ERR,ERR,ERR,ERR,ERR,ERR,ERR,50.0,60.0,100,0.0,0.0,0.0,0.0,0.0,0.0,0.0,0.0,0.0,0.0,0.0,0.0,0.0,0.0,0.0,0.0,61.6,77,11,65508,50,65476,0,300,0,0,8,20529,65476,0,0,26214,60.0,0.0,0.0,0.0,0.0,0.0
2026-05-17T16:55:06,ERR,ERR,ERR,ERR,ERR,ERR,ERR,ERR,ERR,ERR,ERR,ERR,ERR,ERR,ERR,ERR,ERR,ERR,ERR,ERR,ERR,ERR,ERR,ERR,ERR,ERR,ERR,ERR,ERR,ERR,ERR,ERR,ERR,ERR,ERR,ERR,ERR,ERR,ERR,ERR,ERR,ERR,ERR,ERR,ERR,ERR,ERR,ERR,ERR,ERR,ERR,ERR,ERR,ERR,ERR,ERR,ERR,ERR,ERR,ERR,ERR,ERR,ERR,ERR,ERR,ERR,ERR,ERR,ERR,ERR,ERR,ERR,ERR,ERR,ERR,ERR,ERR,ERR,ERR,ERR,ERR,ERR,ERR,ERR,ERR,ERR,ERR,ERR,ERR,ERR,ERR,ERR,ERR,ERR,ERR,ERR,ERR,ERR,ERR,ERR,ERR,ERR,ERR,ERR,ERR,ERR,ERR,ERR,ERR,ERR,ERR,ERR,ERR,ERR,ERR,ERR,ERR,ERR,ERR,ERR,ERR,ERR,ERR,ERR,ERR,0.0,0.0,-134474944.0,0.0,0.0,1.3936040501711995e+18,7.805,0.0,0,0,4,0,8422,0.0,45,0.0,0.0,0.0,0.0,0.0,0,0,0,0,0.0,0,0,0,0,0,0,0,0,0,0,0,0,0,0,0,0,0,0,0,0,0,0,0,0,0,0,0,0,0,0,0,0,0,38,14,7,45,65476,0,300,0,0,8,21553,0.0,-107605600.0,0.0,0.0,0.0,0.0,0.0,0.0,0.0,0.0,0.0,0.0,0.0,0.0,0.0,0.0,0.0,0.0,0.0,0.0,0.0,0.0,0.0,0.0,-2.004,2.004,0.0,0.0,0.0,0.0,5008.0,0.0,0.0,0.0,0.0,0.0,-107615304.0,0.0,0.0,0.0,0.0,53,5.848083413016271e+35,2.7184172306451498e+23,0.0,0.0,0.0,0.0,0.0,0.0,0.0,0,0,0,0.0,0.0,0.0,0.0,0.0,0.0,0.0,0.0,0.0,0.0,0.0,0.0,0.0,0.0,0.0,0.0,0,-107875648.0,53,0.0,106,-107614832.0,2.7006707062415038e+23,ERR,ERR,ERR,ERR,ERR,ERR,ERR,ERR,ERR,ERR,ERR,ERR,ERR,ERR,ERR,ERR,ERR,ERR,ERR,ERR,ERR,ERR,ERR,ERR,ERR,ERR,ERR,ERR,ERR,ERR,ERR,ERR,ERR,ERR,ERR,ERR,ERR,ERR,ERR,ERR,ERR,ERR,ERR,ERR,ERR,ERR,ERR,ERR,ERR,ERR,ERR,ERR,ERR,ERR,ERR,ERR,ERR,ERR,ERR,ERR,ERR,ERR,ERR,ERR,ERR,ERR,ERR,50.0,60.0,100,0.0,0.0,0.0,0.0,0.0,0.0,0.0,0.0,0.0,0.0,0.0,0.0,0.0,0.0,0.0,0.0,61.6,77,11,65508,50,65476,0,300,0,0,8,20529,65476,0,0,26214,60.0,0.0,0.0,0.0,0.0,0.0
2026-05-17T16:55:07,ERR,ERR,ERR,ERR,ERR,ERR,ERR,ERR,ERR,ERR,ERR,ERR,ERR,ERR,ERR,ERR,ERR,ERR,ERR,ERR,ERR,ERR,ERR,ERR,ERR,ERR,ERR,ERR,ERR,ERR,ERR,ERR,ERR,ERR,ERR,ERR,ERR,ERR,ERR,ERR,ERR,ERR,ERR,ERR,ERR,ERR,ERR,ERR,ERR,ERR,ERR,ERR,ERR,ERR,ERR,ERR,ERR,ERR,ERR,ERR,ERR,ERR,ERR,ERR,ERR,ERR,ERR,ERR,ERR,ERR,ERR,ERR,ERR,ERR,ERR,ERR,ERR,ERR,ERR,ERR,ERR,ERR,ERR,ERR,ERR,ERR,ERR,ERR,ERR,ERR,ERR,ERR,ERR,ERR,ERR,ERR,ERR,ERR,ERR,ERR,ERR,ERR,ERR,ERR,ERR,ERR,ERR,ERR,ERR,ERR,ERR,ERR,ERR,ERR,ERR,ERR,ERR,ERR,ERR,ERR,ERR,ERR,ERR,ERR,ERR,0.0,0.0,-134474944.0,0.0,0.0,1.3936040501711995e+18,7.805,0.0,0,0,4,0,8422,0.0,45,0.0,0.0,0.0,0.0,0.0,0,0,0,0,0.0,0,0,0,0,0,0,0,0,0,0,0,0,0,0,0,0,0,0,0,0,0,0,0,0,0,0,0,0,0,0,0,0,0,38,14,7,45,65476,0,300,0,0,8,21553,0.0,-107605600.0,0.0,0.0,0.0,0.0,0.0,0.0,0.0,0.0,0.0,0.0,0.0,0.0,0.0,0.0,0.0,0.0,0.0,0.0,0.0,0.0,0.0,0.0,-2.004,2.004,0.0,0.0,0.0,0.0,4950.0,-0.0,0.0,0.0,0.0,0.0,-107615304.0,0.0,0.0,0.0,0.0,53,5.848083413016271e+35,5.8480544947369536e+35,0.0,0.0,0.0,0.0,0.0,0.0,0.0,0,0,0,0.0,0.0,0.0,0.0,0.0,0.0,0.0,0.0,0.0,0.0,0.0,0.0,0.0,0.0,0.0,0.0,0,-107875648.0,53,0.0,106,-107614832.0,2.7006707062415038e+23,ERR,ERR,ERR,ERR,ERR,ERR,ERR,ERR,ERR,ERR,ERR,ERR,ERR,ERR,ERR,ERR,ERR,ERR,ERR,ERR,ERR,ERR,ERR,ERR,ERR,ERR,ERR,ERR,ERR,ERR,ERR,ERR,ERR,ERR,ERR,ERR,ERR,ERR,ERR,ERR,ERR,ERR,ERR,ERR,ERR,ERR,ERR,ERR,ERR,ERR,ERR,ERR,ERR,ERR,ERR,ERR,ERR,ERR,ERR,ERR,ERR,ERR,ERR,ERR,ERR,ERR,ERR,50.0,60.0,100,0.0,0.0,0.0,0.0,0.0,0.0,0.0,0.0,0.0,0.0,0.0,0.0,0.0,0.0,0.0,0.0,61.6,77,11,65508,50,65476,0,300,0,0,8,20529,65476,0,0,26214,60.0,0.0,0.0,0.0,0.0,0.0
2026-05-17T16:55:08,ERR,ERR,ERR,ERR,ERR,ERR,ERR,ERR,ERR,ERR,ERR,ERR,ERR,ERR,ERR,ERR,ERR,ERR,ERR,ERR,ERR,ERR,ERR,ERR,ERR,ERR,ERR,ERR,ERR,ERR,ERR,ERR,ERR,ERR,ERR,ERR,ERR,ERR,ERR,ERR,ERR,ERR,ERR,ERR,ERR,ERR,ERR,ERR,ERR,ERR,ERR,ERR,ERR,ERR,ERR,ERR,ERR,ERR,ERR,ERR,ERR,ERR,ERR,ERR,ERR,ERR,ERR,ERR,ERR,ERR,ERR,ERR,ERR,ERR,ERR,ERR,ERR,ERR,ERR,ERR,ERR,ERR,ERR,ERR,ERR,ERR,ERR,ERR,ERR,ERR,ERR,ERR,ERR,ERR,ERR,ERR,ERR,ERR,ERR,ERR,ERR,ERR,ERR,ERR,ERR,ERR,ERR,ERR,ERR,ERR,ERR,ERR,ERR,ERR,ERR,ERR,ERR,ERR,ERR,ERR,ERR,ERR,ERR,ERR,ERR,0.0,0.0,-134474944.0,0.0,0.0,1.3936040501711995e+18,7.805,0.0,0,0,4,0,8422,0.0,45,0.0,0.0,0.0,0.0,0.0,0,0,0,0,0.0,0,0,0,0,0,0,0,0,0,0,0,0,0,0,0,0,0,0,0,0,0,0,0,0,0,0,0,0,0,0,0,0,0,38,14,7,45,65476,0,300,0,0,8,21553,0.0,-107605600.0,0.0,0.0,0.0,0.0,0.0,0.0,0.0,0.0,0.0,0.0,0.0,0.0,0.0,0.0,0.0,0.0,0.0,0.0,0.0,0.0,0.0,0.0,-2.004,2.004,0.0,0.0,0.0,0.0,4950.0,-0.0,0.0,0.0,0.0,0.0,-107615304.0,0.0,0.0,0.0,0.0,53,5.848083413016271e+35,5.8480544947369536e+35,0.0,0.0,0.0,0.0,0.0,0.0,0.0,0,0,0,0.0,0.0,0.0,0.0,0.0,0.0,0.0,0.0,0.0,0.0,0.0,0.0,0.0,0.0,0.0,0.0,0,-107875648.0,53,0.0,106,-107614832.0,2.7006707062415038e+23,ERR,ERR,ERR,ERR,ERR,ERR,ERR,ERR,ERR,ERR,ERR,ERR,ERR,ERR,ERR,ERR,ERR,ERR,ERR,ERR,ERR,ERR,ERR,ERR,ERR,ERR,ERR,ERR,ERR,ERR,ERR,ERR,ERR,ERR,ERR,ERR,ERR,ERR,ERR,ERR,ERR,ERR,ERR,ERR,ERR,ERR,ERR,ERR,ERR,ERR,ERR,ERR,ERR,ERR,ERR,ERR,ERR,ERR,ERR,ERR,ERR,ERR,ERR,ERR,ERR,ERR,ERR,50.0,60.0,100,0.0,0.0,0.0,0.0,0.0,0.0,0.0,0.0,0.0,0.0,0.0,0.0,0.0,0.0,0.0,0.0,61.6,77,11,65508,50,65476,0,300,0,0,8,20529,65476,0,0,26214,60.0,0.0,0.0,0.0,0.0,0.0
2026-05-17T16:55:09,ERR,ERR,ERR,ERR,ERR,ERR,ERR,ERR,ERR,ERR,ERR,ERR,ERR,ERR,ERR,ERR,ERR,ERR,ERR,ERR,ERR,ERR,ERR,ERR,ERR,ERR,ERR,ERR,ERR,ERR,ERR,ERR,ERR,ERR,ERR,ERR,ERR,ERR,ERR,ERR,ERR,ERR,ERR,ERR,ERR,ERR,ERR,ERR,ERR,ERR,ERR,ERR,ERR,ERR,ERR,ERR,ERR,ERR,ERR,ERR,ERR,ERR,ERR,ERR,ERR,ERR,ERR,ERR,ERR,ERR,ERR,ERR,ERR,ERR,ERR,ERR,ERR,ERR,ERR,ERR,ERR,ERR,ERR,ERR,ERR,ERR,ERR,ERR,ERR,ERR,ERR,ERR,ERR,ERR,ERR,ERR,ERR,ERR,ERR,ERR,ERR,ERR,ERR,ERR,ERR,ERR,ERR,ERR,ERR,ERR,ERR,ERR,ERR,ERR,ERR,ERR,ERR,ERR,ERR,ERR,ERR,ERR,ERR,ERR,ERR,0.0,0.0,-134474944.0,0.0,0.0,1.3936040501711995e+18,7.805,0.0,0,0,4,0,8422,0.0,45,0.0,0.0,0.0,0.0,0.0,0,0,0,0,0.0,0,0,0,0,0,0,0,0,0,0,0,0,0,0,0,0,0,0,0,0,0,0,0,0,0,0,0,0,0,0,0,0,0,38,14,7,45,65476,0,300,0,0,8,21553,0.0,-107605600.0,0.0,0.0,0.0,0.0,0.0,0.0,0.0,0.0,0.0,0.0,0.0,0.0,0.0,0.0,0.0,0.0,0.0,0.0,0.0,0.0,0.0,0.0,-2.004,2.004,0.0,0.0,0.0,0.0,4950.0,-0.0,0.0,0.0,0.0,0.0,-107615304.0,0.0,0.0,0.0,0.0,53,5.848083413016271e+35,5.8480544947369536e+35,0.0,0.0,0.0,0.0,0.0,0.0,0.0,0,0,0,0.0,0.0,0.0,0.0,0.0,0.0,0.0,0.0,0.0,0.0,0.0,0.0,0.0,0.0,0.0,0.0,0,-107875648.0,53,0.0,106,-107614832.0,2.7006707062415038e+23,ERR,ERR,ERR,ERR,ERR,ERR,ERR,ERR,ERR,ERR,ERR,ERR,ERR,ERR,ERR,ERR,ERR,ERR,ERR,ERR,ERR,ERR,ERR,ERR,ERR,ERR,ERR,ERR,ERR,ERR,ERR,ERR,ERR,ERR,ERR,ERR,ERR,ERR,ERR,ERR,ERR,ERR,ERR,ERR,ERR,ERR,ERR,ERR,ERR,ERR,ERR,ERR,ERR,ERR,ERR,ERR,ERR,ERR,ERR,ERR,ERR,ERR,ERR,ERR,ERR,ERR,ERR,50.0,60.0,100,0.0,0.0,0.0,0.0,0.0,0.0,0.0,0.0,0.0,0.0,0.0,0.0,0.0,0.0,0.0,0.0,61.6,77,11,65508,50,65476,0,300,0,0,8,20529,65476,0,0,26214,60.0,0.0,0.0,0.0,0.0,0.0
2026-05-17T16:55:10,ERR,ERR,ERR,ERR,ERR,ERR,ERR,ERR,ERR,ERR,ERR,ERR,ERR,ERR,ERR,ERR,ERR,ERR,ERR,ERR,ERR,ERR,ERR,ERR,ERR,ERR,ERR,ERR,ERR,ERR,ERR,ERR,ERR,ERR,ERR,ERR,ERR,ERR,ERR,ERR,ERR,ERR,ERR,ERR,ERR,ERR,ERR,ERR,ERR,ERR,ERR,ERR,ERR,ERR,ERR,ERR,ERR,ERR,ERR,ERR,ERR,ERR,ERR,ERR,ERR,ERR,ERR,ERR,ERR,ERR,ERR,ERR,ERR,ERR,ERR,ERR,ERR,ERR,ERR,ERR,ERR,ERR,ERR,ERR,ERR,ERR,ERR,ERR,ERR,ERR,ERR,ERR,ERR,ERR,ERR,ERR,ERR,ERR,ERR,ERR,ERR,ERR,ERR,ERR,ERR,ERR,ERR,ERR,ERR,ERR,ERR,ERR,ERR,ERR,ERR,ERR,ERR,ERR,ERR,ERR,ERR,ERR,ERR,ERR,ERR,0.0,0.0,-134474944.0,0.0,0.0,1.3936040501711995e+18,7.805,0.0,0,0,4,0,8422,0.0,45,0.0,0.0,0.0,0.0,0.0,0,0,0,0,0.0,0,0,0,0,0,0,0,0,0,0,0,0,0,0,0,0,0,0,0,0,0,0,0,0,0,0,0,0,0,0,0,0,0,38,14,7,45,65476,0,300,0,0,8,21553,0.0,-107605600.0,0.0,0.0,0.0,0.0,0.0,0.0,0.0,0.0,0.0,0.0,0.0,0.0,0.0,0.0,0.0,0.0,0.0,0.0,0.0,0.0,0.0,0.0,-2.004,2.004,0.0,0.0,0.0,0.0,4950.0,-0.0,0.0,0.0,0.0,0.0,-107615304.0,0.0,0.0,0.0,0.0,53,5.848083413016271e+35,5.8480544947369536e+35,0.0,0.0,0.0,0.0,0.0,0.0,0.0,0,0,0,0.0,0.0,0.0,0.0,0.0,0.0,0.0,0.0,0.0,0.0,0.0,0.0,0.0,0.0,0.0,0.0,0,-107875648.0,53,0.0,106,-107614832.0,2.7006707062415038e+23,ERR,ERR,ERR,ERR,ERR,ERR,ERR,ERR,ERR,ERR,ERR,ERR,ERR,ERR,ERR,ERR,ERR,ERR,ERR,ERR,ERR,ERR,ERR,ERR,ERR,ERR,ERR,ERR,ERR,ERR,ERR,ERR,ERR,ERR,ERR,ERR,ERR,ERR,ERR,ERR,ERR,ERR,ERR,ERR,ERR,ERR,ERR,ERR,ERR,ERR,ERR,ERR,ERR,ERR,ERR,ERR,ERR,ERR,ERR,ERR,ERR,ERR,ERR,ERR,ERR,ERR,ERR,50.0,60.0,100,0.0,0.0,0.0,0.0,0.0,0.0,0.0,0.0,0.0,0.0,0.0,0.0,0.0,0.0,0.0,0.0,61.6,77,11,65508,50,65476,0,300,0,0,8,20529,65476,0,0,26214,60.0,0.0,0.0,0.0,0.0,0.0
2026-05-17T16:55:11,ERR,ERR,ERR,ERR,ERR,ERR,ERR,ERR,ERR,ERR,ERR,ERR,ERR,ERR,ERR,ERR,ERR,ERR,ERR,ERR,ERR,ERR,ERR,ERR,ERR,ERR,ERR,ERR,ERR,ERR,ERR,ERR,ERR,ERR,ERR,ERR,ERR,ERR,ERR,ERR,ERR,ERR,ERR,ERR,ERR,ERR,ERR,ERR,ERR,ERR,ERR,ERR,ERR,ERR,ERR,ERR,ERR,ERR,ERR,ERR,ERR,ERR,ERR,ERR,ERR,ERR,ERR,ERR,ERR,ERR,ERR,ERR,ERR,ERR,ERR,ERR,ERR,ERR,ERR,ERR,ERR,ERR,ERR,ERR,ERR,ERR,ERR,ERR,ERR,ERR,ERR,ERR,ERR,ERR,ERR,ERR,ERR,ERR,ERR,ERR,ERR,ERR,ERR,ERR,ERR,ERR,ERR,ERR,ERR,ERR,ERR,ERR,ERR,ERR,ERR,ERR,ERR,ERR,ERR,ERR,ERR,ERR,ERR,ERR,ERR,0.0,0.0,-134474944.0,0.0,0.0,1.3936040501711995e+18,7.805,0.0,0,0,4,0,8422,0.0,45,0.0,0.0,0.0,0.0,0.0,0,0,0,0,0.0,0,0,0,0,0,0,0,0,0,0,0,0,0,0,0,0,0,0,0,0,0,0,0,0,0,0,0,0,0,0,0,0,0,38,14,7,45,65476,0,300,0,0,8,21553,0.0,-107605600.0,0.0,0.0,0.0,0.0,0.0,0.0,0.0,0.0,0.0,0.0,0.0,0.0,0.0,0.0,0.0,0.0,0.0,0.0,0.0,0.0,0.0,0.0,-2.004,2.004,0.0,0.0,0.0,0.0,4950.0,-0.0,0.0,0.0,0.0,0.0,-107615304.0,0.0,0.0,0.0,0.0,53,5.848083413016271e+35,5.8480544947369536e+35,0.0,0.0,0.0,0.0,0.0,0.0,0.0,0,0,0,0.0,0.0,0.0,0.0,0.0,0.0,0.0,0.0,0.0,0.0,0.0,0.0,0.0,0.0,0.0,0.0,0,-107875648.0,53,0.0,106,-107614832.0,2.7006707062415038e+23,ERR,ERR,ERR,ERR,ERR,ERR,ERR,ERR,ERR,ERR,ERR,ERR,ERR,ERR,ERR,ERR,ERR,ERR,ERR,ERR,ERR,ERR,ERR,ERR,ERR,ERR,ERR,ERR,ERR,ERR,ERR,ERR,ERR,ERR,ERR,ERR,ERR,ERR,ERR,ERR,ERR,ERR,ERR,ERR,ERR,ERR,ERR,ERR,ERR,ERR,ERR,ERR,ERR,ERR,ERR,ERR,ERR,ERR,ERR,ERR,ERR,ERR,ERR,ERR,ERR,ERR,ERR,50.0,60.0,100,0.0,0.0,0.0,0.0,0.0,0.0,0.0,0.0,0.0,0.0,0.0,0.0,0.0,0.0,0.0,0.0,61.6,77,11,65508,50,65476,0,300,0,0,8,20529,65476,0,0,26214,60.0,0.0,0.0,0.0,0.0,0.0
2026-05-17T16:55:12,ERR,ERR,ERR,ERR,ERR,ERR,ERR,ERR,ERR,ERR,ERR,ERR,ERR,ERR,ERR,ERR,ERR,ERR,ERR,ERR,ERR,ERR,ERR,ERR,ERR,ERR,ERR,ERR,ERR,ERR,ERR,ERR,ERR,ERR,ERR,ERR,ERR,ERR,ERR,ERR,ERR,ERR,ERR,ERR,ERR,ERR,ERR,ERR,ERR,ERR,ERR,ERR,ERR,ERR,ERR,ERR,ERR,ERR,ERR,ERR,ERR,ERR,ERR,ERR,ERR,ERR,ERR,ERR,ERR,ERR,ERR,ERR,ERR,ERR,ERR,ERR,ERR,ERR,ERR,ERR,ERR,ERR,ERR,ERR,ERR,ERR,ERR,ERR,ERR,ERR,ERR,ERR,ERR,ERR,ERR,ERR,ERR,ERR,ERR,ERR,ERR,ERR,ERR,ERR,ERR,ERR,ERR,ERR,ERR,ERR,ERR,ERR,ERR,ERR,ERR,ERR,ERR,ERR,ERR,ERR,ERR,ERR,ERR,ERR,ERR,0.0,0.0,-134474944.0,0.0,0.0,1.3936040501711995e+18,7.805,0.0,0,0,4,0,8422,0.0,45,0.0,0.0,0.0,0.0,0.0,0,0,0,0,0.0,0,0,0,0,0,0,0,0,0,0,0,0,0,0,0,0,0,0,0,0,0,0,0,0,0,0,0,0,0,0,0,0,0,38,14,7,45,65476,0,300,0,0,8,21553,0.0,-107605600.0,0.0,0.0,0.0,0.0,0.0,0.0,0.0,0.0,0.0,0.0,0.0,0.0,0.0,0.0,0.0,0.0,0.0,0.0,0.0,0.0,0.0,0.0,-2.004,2.004,0.0,0.0,0.0,0.0,4916.0,-131350.391,0.0,0.0,0.0,0.0,-107615304.0,0.0,0.0,0.0,0.0,53,4.950428597886765e+32,-0.0,0.0,0.0,0.0,0.0,0.0,0.0,0.0,0,0,0,0.0,0.0,0.0,0.0,0.0,0.0,0.0,0.0,0.0,0.0,0.0,0.0,0.0,0.0,0.0,0.0,0,-107875648.0,53,0.0,106,-107614832.0,2.7006707062415038e+23,ERR,ERR,ERR,ERR,ERR,ERR,ERR,ERR,ERR,ERR,ERR,ERR,ERR,ERR,ERR,ERR,ERR,ERR,ERR,ERR,ERR,ERR,ERR,ERR,ERR,ERR,ERR,ERR,ERR,ERR,ERR,ERR,ERR,ERR,ERR,ERR,ERR,ERR,ERR,ERR,ERR,ERR,ERR,ERR,ERR,ERR,ERR,ERR,ERR,ERR,ERR,ERR,ERR,ERR,ERR,ERR,ERR,ERR,ERR,ERR,ERR,ERR,ERR,ERR,ERR,ERR,ERR,50.0,60.0,100,0.0,0.0,0.0,0.0,0.0,0.0,0.0,0.0,0.0,0.0,0.0,0.0,0.0,0.0,0.0,0.0,61.6,77,11,65508,50,65476,0,300,0,0,8,20529,65476,0,0,26214,60.0,0.0,0.0,0.0,0.0,0.0
2026-05-17T16:55:13,ERR,ERR,ERR,ERR,ERR,ERR,ERR,ERR,ERR,ERR,ERR,ERR,ERR,ERR,ERR,ERR,ERR,ERR,ERR,ERR,ERR,ERR,ERR,ERR,ERR,ERR,ERR,ERR,ERR,ERR,ERR,ERR,ERR,ERR,ERR,ERR,ERR,ERR,ERR,ERR,ERR,ERR,ERR,ERR,ERR,ERR,ERR,ERR,ERR,ERR,ERR,ERR,ERR,ERR,ERR,ERR,ERR,ERR,ERR,ERR,ERR,ERR,ERR,ERR,ERR,ERR,ERR,ERR,ERR,ERR,ERR,ERR,ERR,ERR,ERR,ERR,ERR,ERR,ERR,ERR,ERR,ERR,ERR,ERR,ERR,ERR,ERR,ERR,ERR,ERR,ERR,ERR,ERR,ERR,ERR,ERR,ERR,ERR,ERR,ERR,ERR,ERR,ERR,ERR,ERR,ERR,ERR,ERR,ERR,ERR,ERR,ERR,ERR,ERR,ERR,ERR,ERR,ERR,ERR,ERR,ERR,ERR,ERR,ERR,ERR,0.0,0.0,-134474944.0,0.0,0.0,1.3936040501711995e+18,7.805,0.0,0,0,4,0,8422,0.0,45,0.0,0.0,0.0,0.0,0.0,0,0,0,0,0.0,0,0,0,0,0,0,0,0,0,0,0,0,0,0,0,0,0,0,0,0,0,0,0,0,0,0,0,0,0,0,0,0,0,38,14,7,45,65476,0,300,0,0,8,21553,0.0,-107605600.0,0.0,0.0,0.0,0.0,0.0,0.0,0.0,0.0,0.0,0.0,0.0,0.0,0.0,0.0,0.0,0.0,0.0,0.0,0.0,0.0,0.0,0.0,-2.004,2.004,0.0,0.0,0.0,0.0,4916.0,-131350.391,0.0,0.0,0.0,0.0,-107615304.0,0.0,0.0,0.0,0.0,53,4.950428597886765e+32,-0.0,0.0,0.0,0.0,0.0,0.0,0.0,0.0,0,0,0,0.0,0.0,0.0,0.0,0.0,0.0,0.0,0.0,0.0,0.0,0.0,0.0,0.0,0.0,0.0,0.0,0,-107875648.0,53,0.0,106,-107614832.0,2.7006707062415038e+23,ERR,ERR,ERR,ERR,ERR,ERR,ERR,ERR,ERR,ERR,ERR,ERR,ERR,ERR,ERR,ERR,ERR,ERR,ERR,ERR,ERR,ERR,ERR,ERR,ERR,ERR,ERR,ERR,ERR,ERR,ERR,ERR,ERR,ERR,ERR,ERR,ERR,ERR,ERR,ERR,ERR,ERR,ERR,ERR,ERR,ERR,ERR,ERR,ERR,ERR,ERR,ERR,ERR,ERR,ERR,ERR,ERR,ERR,ERR,ERR,ERR,ERR,ERR,ERR,ERR,ERR,ERR,50.0,60.0,100,0.0,0.0,0.0,0.0,0.0,0.0,0.0,0.0,0.0,0.0,0.0,0.0,0.0,0.0,0.0,0.0,61.6,77,11,65508,50,65476,0,300,0,0,8,20529,65476,0,0,26214,60.0,0.0,0.0,0.0,0.0,0.0
2026-05-17T16:55:14,ERR,ERR,ERR,ERR,ERR,ERR,ERR,ERR,ERR,ERR,ERR,ERR,ERR,ERR,ERR,ERR,ERR,ERR,ERR,ERR,ERR,ERR,ERR,ERR,ERR,ERR,ERR,ERR,ERR,ERR,ERR,ERR,ERR,ERR,ERR,ERR,ERR,ERR,ERR,ERR,ERR,ERR,ERR,ERR,ERR,ERR,ERR,ERR,ERR,ERR,ERR,ERR,ERR,ERR,ERR,ERR,ERR,ERR,ERR,ERR,ERR,ERR,ERR,ERR,ERR,ERR,ERR,ERR,ERR,ERR,ERR,ERR,ERR,ERR,ERR,ERR,ERR,ERR,ERR,ERR,ERR,ERR,ERR,ERR,ERR,ERR,ERR,ERR,ERR,ERR,ERR,ERR,ERR,ERR,ERR,ERR,ERR,ERR,ERR,ERR,ERR,ERR,ERR,ERR,ERR,ERR,ERR,ERR,ERR,ERR,ERR,ERR,ERR,ERR,ERR,ERR,ERR,ERR,ERR,ERR,ERR,ERR,ERR,ERR,ERR,0.0,0.0,-134474944.0,0.0,0.0,1.3936040501711995e+18,7.805,0.0,0,0,4,0,8422,0.0,45,0.0,0.0,0.0,0.0,0.0,0,0,0,0,0.0,0,0,0,0,0,0,0,0,0,0,0,0,0,0,0,0,0,0,0,0,0,0,0,0,0,0,0,0,0,0,0,0,0,38,14,7,45,65476,0,300,0,0,8,21553,0.0,-107605600.0,0.0,0.0,0.0,0.0,0.0,0.0,0.0,0.0,0.0,0.0,0.0,0.0,0.0,0.0,0.0,0.0,0.0,0.0,0.0,0.0,0.0,0.0,-2.004,2.004,0.0,0.0,0.0,0.0,4916.0,-131350.391,0.0,0.0,0.0,0.0,-107615304.0,0.0,0.0,0.0,0.0,53,4.950428597886765e+32,-0.0,0.0,0.0,0.0,0.0,0.0,0.0,0.0,0,0,0,0.0,0.0,0.0,0.0,0.0,0.0,0.0,0.0,0.0,0.0,0.0,0.0,0.0,0.0,0.0,0.0,0,-107875648.0,53,0.0,106,-107614832.0,2.7006707062415038e+23,ERR,ERR,ERR,ERR,ERR,ERR,ERR,ERR,ERR,ERR,ERR,ERR,ERR,ERR,ERR,ERR,ERR,ERR,ERR,ERR,ERR,ERR,ERR,ERR,ERR,ERR,ERR,ERR,ERR,ERR,ERR,ERR,ERR,ERR,ERR,ERR,ERR,ERR,ERR,ERR,ERR,ERR,ERR,ERR,ERR,ERR,ERR,ERR,ERR,ERR,ERR,ERR,ERR,ERR,ERR,ERR,ERR,ERR,ERR,ERR,ERR,ERR,ERR,ERR,ERR,ERR,ERR,50.0,60.0,100,0.0,0.0,0.0,0.0,0.0,0.0,0.0,0.0,0.0,0.0,0.0,0.0,0.0,0.0,0.0,0.0,61.6,77,11,65508,50,65476,0,300,0,0,8,20529,65476,0,0,26214,60.0,0.0,0.0,0.0,0.0,0.0
2026-05-17T16:55:15,ERR,ERR,ERR,ERR,ERR,ERR,ERR,ERR,ERR,ERR,ERR,ERR,ERR,ERR,ERR,ERR,ERR,ERR,ERR,ERR,ERR,ERR,ERR,ERR,ERR,ERR,ERR,ERR,ERR,ERR,ERR,ERR,ERR,ERR,ERR,ERR,ERR,ERR,ERR,ERR,ERR,ERR,ERR,ERR,ERR,ERR,ERR,ERR,ERR,ERR,ERR,ERR,ERR,ERR,ERR,ERR,ERR,ERR,ERR,ERR,ERR,ERR,ERR,ERR,ERR,ERR,ERR,ERR,ERR,ERR,ERR,ERR,ERR,ERR,ERR,ERR,ERR,ERR,ERR,ERR,ERR,ERR,ERR,ERR,ERR,ERR,ERR,ERR,ERR,ERR,ERR,ERR,ERR,ERR,ERR,ERR,ERR,ERR,ERR,ERR,ERR,ERR,ERR,ERR,ERR,ERR,ERR,ERR,ERR,ERR,ERR,ERR,ERR,ERR,ERR,ERR,ERR,ERR,ERR,ERR,ERR,ERR,ERR,ERR,ERR,0.0,0.0,-134474944.0,0.0,0.0,1.3936040501711995e+18,7.805,0.0,0,0,4,0,8422,0.0,45,0.0,0.0,0.0,0.0,0.0,0,0,0,0,0.0,0,0,0,0,0,0,0,0,0,0,0,0,0,0,0,0,0,0,0,0,0,0,0,0,0,0,0,0,0,0,0,0,0,38,14,7,45,65476,0,300,0,0,8,21553,0.0,-107605600.0,0.0,0.0,0.0,0.0,0.0,0.0,0.0,0.0,0.0,0.0,0.0,0.0,0.0,0.0,0.0,0.0,0.0,0.0,0.0,0.0,0.0,0.0,-2.004,2.004,0.0,0.0,0.0,0.0,4916.0,-131350.391,0.0,0.0,0.0,0.0,-107615304.0,0.0,0.0,0.0,0.0,53,4.950428597886765e+32,-0.0,0.0,0.0,0.0,0.0,0.0,0.0,0.0,0,0,0,0.0,0.0,0.0,0.0,0.0,0.0,0.0,0.0,0.0,0.0,0.0,0.0,0.0,0.0,0.0,0.0,0,-107875648.0,53,0.0,106,-107614832.0,2.7006707062415038e+23,ERR,ERR,ERR,ERR,ERR,ERR,ERR,ERR,ERR,ERR,ERR,ERR,ERR,ERR,ERR,ERR,ERR,ERR,ERR,ERR,ERR,ERR,ERR,ERR,ERR,ERR,ERR,ERR,ERR,ERR,ERR,ERR,ERR,ERR,ERR,ERR,ERR,ERR,ERR,ERR,ERR,ERR,ERR,ERR,ERR,ERR,ERR,ERR,ERR,ERR,ERR,ERR,ERR,ERR,ERR,ERR,ERR,ERR,ERR,ERR,ERR,ERR,ERR,ERR,ERR,ERR,ERR,50.0,60.0,100,0.0,0.0,0.0,0.0,0.0,0.0,0.0,0.0,0.0,0.0,0.0,0.0,0.0,0.0,0.0,0.0,61.6,77,11,65508,50,65476,0,300,0,0,8,20529,65476,0,0,26214,60.0,0.0,0.0,0.0,0.0,0.0
2026-05-17T16:55:16,ERR,ERR,ERR,ERR,ERR,ERR,ERR,ERR,ERR,ERR,ERR,ERR,ERR,ERR,ERR,ERR,ERR,ERR,ERR,ERR,ERR,ERR,ERR,ERR,ERR,ERR,ERR,ERR,ERR,ERR,ERR,ERR,ERR,ERR,ERR,ERR,ERR,ERR,ERR,ERR,ERR,ERR,ERR,ERR,ERR,ERR,ERR,ERR,ERR,ERR,ERR,ERR,ERR,ERR,ERR,ERR,ERR,ERR,ERR,ERR,ERR,ERR,ERR,ERR,ERR,ERR,ERR,ERR,ERR,ERR,ERR,ERR,ERR,ERR,ERR,ERR,ERR,ERR,ERR,ERR,ERR,ERR,ERR,ERR,ERR,ERR,ERR,ERR,ERR,ERR,ERR,ERR,ERR,ERR,ERR,ERR,ERR,ERR,ERR,ERR,ERR,ERR,ERR,ERR,ERR,ERR,ERR,ERR,ERR,ERR,ERR,ERR,ERR,ERR,ERR,ERR,ERR,ERR,ERR,ERR,ERR,ERR,ERR,ERR,ERR,0.0,0.0,-134474944.0,0.0,0.0,1.3936040501711995e+18,7.805,0.0,0,0,4,0,8422,0.0,45,0.0,0.0,0.0,0.0,0.0,0,0,0,0,0.0,0,0,0,0,0,0,0,0,0,0,0,0,0,0,0,0,0,0,0,0,0,0,0,0,0,0,0,0,0,0,0,0,0,38,14,7,45,65476,0,300,0,0,8,21553,0.0,-107605600.0,0.0,0.0,0.0,0.0,0.0,0.0,0.0,0.0,0.0,0.0,0.0,0.0,0.0,0.0,0.0,0.0,0.0,0.0,0.0,0.0,0.0,0.0,-2.004,2.004,0.0,0.0,0.0,0.0,4916.0,-131350.391,0.0,0.0,0.0,0.0,-107615304.0,0.0,0.0,0.0,0.0,53,4.950428597886765e+32,-0.0,0.0,0.0,0.0,0.0,0.0,0.0,0.0,0,0,0,0.0,0.0,0.0,0.0,0.0,0.0,0.0,0.0,0.0,0.0,0.0,0.0,0.0,0.0,0.0,0.0,0,-107875648.0,53,0.0,106,-107614832.0,2.7006707062415038e+23,ERR,ERR,ERR,ERR,ERR,ERR,ERR,ERR,ERR,ERR,ERR,ERR,ERR,ERR,ERR,ERR,ERR,ERR,ERR,ERR,ERR,ERR,ERR,ERR,ERR,ERR,ERR,ERR,ERR,ERR,ERR,ERR,ERR,ERR,ERR,ERR,ERR,ERR,ERR,ERR,ERR,ERR,ERR,ERR,ERR,ERR,ERR,ERR,ERR,ERR,ERR,ERR,ERR,ERR,ERR,ERR,ERR,ERR,ERR,ERR,ERR,ERR,ERR,ERR,ERR,ERR,ERR,50.0,60.0,100,0.0,0.0,0.0,0.0,0.0,0.0,0.0,0.0,0.0,0.0,0.0,0.0,0.0,0.0,0.0,0.0,61.6,77,11,65508,50,65476,0,300,0,0,8,20529,65476,0,0,26214,60.0,0.0,0.0,0.0,0.0,0.0
2026-05-17T16:55:17,ERR,ERR,ERR,ERR,ERR,ERR,ERR,ERR,ERR,ERR,ERR,ERR,ERR,ERR,ERR,ERR,ERR,ERR,ERR,ERR,ERR,ERR,ERR,ERR,ERR,ERR,ERR,ERR,ERR,ERR,ERR,ERR,ERR,ERR,ERR,ERR,ERR,ERR,ERR,ERR,ERR,ERR,ERR,ERR,ERR,ERR,ERR,ERR,ERR,ERR,ERR,ERR,ERR,ERR,ERR,ERR,ERR,ERR,ERR,ERR,ERR,ERR,ERR,ERR,ERR,ERR,ERR,ERR,ERR,ERR,ERR,ERR,ERR,ERR,ERR,ERR,ERR,ERR,ERR,ERR,ERR,ERR,ERR,ERR,ERR,ERR,ERR,ERR,ERR,ERR,ERR,ERR,ERR,ERR,ERR,ERR,ERR,ERR,ERR,ERR,ERR,ERR,ERR,ERR,ERR,ERR,ERR,ERR,ERR,ERR,ERR,ERR,ERR,ERR,ERR,ERR,ERR,ERR,ERR,ERR,ERR,ERR,ERR,ERR,ERR,0.0,0.0,-134474944.0,0.0,0.0,1.3936040501711995e+18,7.805,0.0,0,0,4,0,8422,0.0,45,0.0,0.0,0.0,0.0,0.0,0,0,0,0,0.0,0,0,0,0,0,0,0,0,0,0,0,0,0,0,0,0,0,0,0,0,0,0,0,0,0,0,0,0,0,0,0,0,0,38,14,7,45,65476,0,300,0,0,8,21553,0.0,-107605600.0,0.0,0.0,0.0,0.0,0.0,0.0,0.0,0.0,0.0,0.0,0.0,0.0,0.0,0.0,0.0,0.0,0.0,0.0,0.0,0.0,0.0,0.0,-2.004,2.004,0.0,0.0,0.0,0.0,4914.0,-0.0,0.0,0.0,0.0,0.0,-107615304.0,0.0,0.0,0.0,0.0,53,4.066880103266858e+29,-107614752.0,0.0,0.0,0.0,0.0,0.0,0.0,0.0,0,0,0,0.0,0.0,0.0,0.0,0.0,0.0,0.0,0.0,0.0,0.0,0.0,0.0,0.0,0.0,0.0,0.0,0,-107875648.0,53,0.0,106,-107614832.0,2.7006707062415038e+23,ERR,ERR,ERR,ERR,ERR,ERR,ERR,ERR,ERR,ERR,ERR,ERR,ERR,ERR,ERR,ERR,ERR,ERR,ERR,ERR,ERR,ERR,ERR,ERR,ERR,ERR,ERR,ERR,ERR,ERR,ERR,ERR,ERR,ERR,ERR,ERR,ERR,ERR,ERR,ERR,ERR,ERR,ERR,ERR,ERR,ERR,ERR,ERR,ERR,ERR,ERR,ERR,ERR,ERR,ERR,ERR,ERR,ERR,ERR,ERR,ERR,ERR,ERR,ERR,ERR,ERR,ERR,50.0,60.0,100,0.0,0.0,0.0,0.0,0.0,0.0,0.0,0.0,0.0,0.0,0.0,0.0,0.0,0.0,0.0,0.0,61.6,77,11,65508,50,65476,0,300,0,0,8,20529,65476,0,0,26214,60.0,0.0,0.0,0.0,0.0,0.0
2026-05-17T16:55:18,ERR,ERR,ERR,ERR,ERR,ERR,ERR,ERR,ERR,ERR,ERR,ERR,ERR,ERR,ERR,ERR,ERR,ERR,ERR,ERR,ERR,ERR,ERR,ERR,ERR,ERR,ERR,ERR,ERR,ERR,ERR,ERR,ERR,ERR,ERR,ERR,ERR,ERR,ERR,ERR,ERR,ERR,ERR,ERR,ERR,ERR,ERR,ERR,ERR,ERR,ERR,ERR,ERR,ERR,ERR,ERR,ERR,ERR,ERR,ERR,ERR,ERR,ERR,ERR,ERR,ERR,ERR,ERR,ERR,ERR,ERR,ERR,ERR,ERR,ERR,ERR,ERR,ERR,ERR,ERR,ERR,ERR,ERR,ERR,ERR,ERR,ERR,ERR,ERR,ERR,ERR,ERR,ERR,ERR,ERR,ERR,ERR,ERR,ERR,ERR,ERR,ERR,ERR,ERR,ERR,ERR,ERR,ERR,ERR,ERR,ERR,ERR,ERR,ERR,ERR,ERR,ERR,ERR,ERR,ERR,ERR,ERR,ERR,ERR,ERR,0.0,0.0,-134474944.0,0.0,0.0,1.3936040501711995e+18,7.805,0.0,0,0,4,0,8422,0.0,45,0.0,0.0,0.0,0.0,0.0,0,0,0,0,0.0,0,0,0,0,0,0,0,0,0,0,0,0,0,0,0,0,0,0,0,0,0,0,0,0,0,0,0,0,0,0,0,0,0,38,14,7,45,65476,0,300,0,0,8,21553,0.0,-107605600.0,0.0,0.0,0.0,0.0,0.0,0.0,0.0,0.0,0.0,0.0,0.0,0.0,0.0,0.0,0.0,0.0,0.0,0.0,0.0,0.0,0.0,0.0,-2.004,2.004,0.0,0.0,0.0,0.0,4914.0,-0.0,0.0,0.0,0.0,0.0,-107615304.0,0.0,0.0,0.0,0.0,53,4.066880103266858e+29,-107614752.0,0.0,0.0,0.0,0.0,0.0,0.0,0.0,0,0,0,0.0,0.0,0.0,0.0,0.0,0.0,0.0,0.0,0.0,0.0,0.0,0.0,0.0,0.0,0.0,0.0,0,-107875648.0,53,0.0,106,-107614832.0,2.7006707062415038e+23,ERR,ERR,ERR,ERR,ERR,ERR,ERR,ERR,ERR,ERR,ERR,ERR,ERR,ERR,ERR,ERR,ERR,ERR,ERR,ERR,ERR,ERR,ERR,ERR,ERR,ERR,ERR,ERR,ERR,ERR,ERR,ERR,ERR,ERR,ERR,ERR,ERR,ERR,ERR,ERR,ERR,ERR,ERR,ERR,ERR,ERR,ERR,ERR,ERR,ERR,ERR,ERR,ERR,ERR,ERR,ERR,ERR,ERR,ERR,ERR,ERR,ERR,ERR,ERR,ERR,ERR,ERR,50.0,60.0,100,0.0,0.0,0.0,0.0,0.0,0.0,0.0,0.0,0.0,0.0,0.0,0.0,0.0,0.0,0.0,0.0,61.6,77,11,65508,50,65476,0,300,0,0,8,20529,65476,0,0,26214,60.0,0.0,0.0,0.0,0.0,0.0
2026-05-17T16:55:19,ERR,ERR,ERR,ERR,ERR,ERR,ERR,ERR,ERR,ERR,ERR,ERR,ERR,ERR,ERR,ERR,ERR,ERR,ERR,ERR,ERR,ERR,ERR,ERR,ERR,ERR,ERR,ERR,ERR,ERR,ERR,ERR,ERR,ERR,ERR,ERR,ERR,ERR,ERR,ERR,ERR,ERR,ERR,ERR,ERR,ERR,ERR,ERR,ERR,ERR,ERR,ERR,ERR,ERR,ERR,ERR,ERR,ERR,ERR,ERR,ERR,ERR,ERR,ERR,ERR,ERR,ERR,ERR,ERR,ERR,ERR,ERR,ERR,ERR,ERR,ERR,ERR,ERR,ERR,ERR,ERR,ERR,ERR,ERR,ERR,ERR,ERR,ERR,ERR,ERR,ERR,ERR,ERR,ERR,ERR,ERR,ERR,ERR,ERR,ERR,ERR,ERR,ERR,ERR,ERR,ERR,ERR,ERR,ERR,ERR,ERR,ERR,ERR,ERR,ERR,ERR,ERR,ERR,ERR,ERR,ERR,ERR,ERR,ERR,ERR,0.0,0.0,-134474944.0,0.0,0.0,1.3936040501711995e+18,7.805,0.0,0,0,4,0,8422,0.0,45,0.0,0.0,0.0,0.0,0.0,0,0,0,0,0.0,0,0,0,0,0,0,0,0,0,0,0,0,0,0,0,0,0,0,0,0,0,0,0,0,0,0,0,0,0,0,0,0,0,38,14,7,45,65476,0,300,0,0,8,21553,0.0,-107605600.0,0.0,0.0,0.0,0.0,0.0,0.0,0.0,0.0,0.0,0.0,0.0,0.0,0.0,0.0,0.0,0.0,0.0,0.0,0.0,0.0,0.0,0.0,-2.004,2.004,0.0,0.0,0.0,0.0,4914.0,-0.0,0.0,0.0,0.0,0.0,-107615304.0,0.0,0.0,0.0,0.0,53,4.066880103266858e+29,-107614752.0,0.0,0.0,0.0,0.0,0.0,0.0,0.0,0,0,0,0.0,0.0,0.0,0.0,0.0,0.0,0.0,0.0,0.0,0.0,0.0,0.0,0.0,0.0,0.0,0.0,0,-107875648.0,53,0.0,106,-107614832.0,2.7006707062415038e+23,ERR,ERR,ERR,ERR,ERR,ERR,ERR,ERR,ERR,ERR,ERR,ERR,ERR,ERR,ERR,ERR,ERR,ERR,ERR,ERR,ERR,ERR,ERR,ERR,ERR,ERR,ERR,ERR,ERR,ERR,ERR,ERR,ERR,ERR,ERR,ERR,ERR,ERR,ERR,ERR,ERR,ERR,ERR,ERR,ERR,ERR,ERR,ERR,ERR,ERR,ERR,ERR,ERR,ERR,ERR,ERR,ERR,ERR,ERR,ERR,ERR,ERR,ERR,ERR,ERR,ERR,ERR,50.0,60.0,100,0.0,0.0,0.0,0.0,0.0,0.0,0.0,0.0,0.0,0.0,0.0,0.0,0.0,0.0,0.0,0.0,61.6,77,11,65509,50,65476,0,300,0,0,8,20529,65476,0,0,26214,60.0,0.0,0.0,0.0,0.0,0.0
2026-05-17T16:55:20,ERR,ERR,ERR,ERR,ERR,ERR,ERR,ERR,ERR,ERR,ERR,ERR,ERR,ERR,ERR,ERR,ERR,ERR,ERR,ERR,ERR,ERR,ERR,ERR,ERR,ERR,ERR,ERR,ERR,ERR,ERR,ERR,ERR,ERR,ERR,ERR,ERR,ERR,ERR,ERR,ERR,ERR,ERR,ERR,ERR,ERR,ERR,ERR,ERR,ERR,ERR,ERR,ERR,ERR,ERR,ERR,ERR,ERR,ERR,ERR,ERR,ERR,ERR,ERR,ERR,ERR,ERR,ERR,ERR,ERR,ERR,ERR,ERR,ERR,ERR,ERR,ERR,ERR,ERR,ERR,ERR,ERR,ERR,ERR,ERR,ERR,ERR,ERR,ERR,ERR,ERR,ERR,ERR,ERR,ERR,ERR,ERR,ERR,ERR,ERR,ERR,ERR,ERR,ERR,ERR,ERR,ERR,ERR,ERR,ERR,ERR,ERR,ERR,ERR,ERR,ERR,ERR,ERR,ERR,ERR,ERR,ERR,ERR,ERR,ERR,0.0,0.0,-134474944.0,0.0,0.0,1.3936040501711995e+18,7.805,0.0,0,0,4,0,8422,0.0,45,0.0,0.0,0.0,0.0,0.0,0,0,0,0,0.0,0,0,0,0,0,0,0,0,0,0,0,0,0,0,0,0,0,0,0,0,0,0,0,0,0,0,0,0,0,0,0,0,0,38,14,7,45,65476,0,300,0,0,8,21553,0.0,-107605600.0,0.0,0.0,0.0,0.0,0.0,0.0,0.0,0.0,0.0,0.0,0.0,0.0,0.0,0.0,0.0,0.0,0.0,0.0,0.0,0.0,0.0,0.0,-2.004,2.004,0.0,0.0,0.0,0.0,4914.0,-0.0,0.0,0.0,0.0,0.0,-107615304.0,0.0,0.0,0.0,0.0,53,4.066880103266858e+29,-107614752.0,0.0,0.0,0.0,0.0,0.0,0.0,0.0,0,0,0,0.0,0.0,0.0,0.0,0.0,0.0,0.0,0.0,0.0,0.0,0.0,0.0,0.0,0.0,0.0,0.0,0,-107875648.0,53,0.0,106,-107614832.0,2.7006707062415038e+23,ERR,ERR,ERR,ERR,ERR,ERR,ERR,ERR,ERR,ERR,ERR,ERR,ERR,ERR,ERR,ERR,ERR,ERR,ERR,ERR,ERR,ERR,ERR,ERR,ERR,ERR,ERR,ERR,ERR,ERR,ERR,ERR,ERR,ERR,ERR,ERR,ERR,ERR,ERR,ERR,ERR,ERR,ERR,ERR,ERR,ERR,ERR,ERR,ERR,ERR,ERR,ERR,ERR,ERR,ERR,ERR,ERR,ERR,ERR,ERR,ERR,ERR,ERR,ERR,ERR,ERR,ERR,50.0,60.0,100,0.0,0.0,0.0,0.0,0.0,0.0,0.0,0.0,0.0,0.0,0.0,0.0,0.0,0.0,0.0,0.0,61.6,77,11,65509,50,65476,0,300,0,0,8,20529,65476,0,0,26214,60.0,0.0,0.0,0.0,0.0,0.0
2026-05-17T16:55:21,ERR,ERR,ERR,ERR,ERR,ERR,ERR,ERR,ERR,ERR,ERR,ERR,ERR,ERR,ERR,ERR,ERR,ERR,ERR,ERR,ERR,ERR,ERR,ERR,ERR,ERR,ERR,ERR,ERR,ERR,ERR,ERR,ERR,ERR,ERR,ERR,ERR,ERR,ERR,ERR,ERR,ERR,ERR,ERR,ERR,ERR,ERR,ERR,ERR,ERR,ERR,ERR,ERR,ERR,ERR,ERR,ERR,ERR,ERR,ERR,ERR,ERR,ERR,ERR,ERR,ERR,ERR,ERR,ERR,ERR,ERR,ERR,ERR,ERR,ERR,ERR,ERR,ERR,ERR,ERR,ERR,ERR,ERR,ERR,ERR,ERR,ERR,ERR,ERR,ERR,ERR,ERR,ERR,ERR,ERR,ERR,ERR,ERR,ERR,ERR,ERR,ERR,ERR,ERR,ERR,ERR,ERR,ERR,ERR,ERR,ERR,ERR,ERR,ERR,ERR,ERR,ERR,ERR,ERR,ERR,ERR,ERR,ERR,ERR,ERR,0.0,0.0,-134474944.0,0.0,0.0,1.3936040501711995e+18,7.805,0.0,0,0,4,0,8422,0.0,45,0.0,0.0,0.0,0.0,0.0,0,0,0,0,0.0,0,0,0,0,0,0,0,0,0,0,0,0,0,0,0,0,0,0,0,0,0,0,0,0,0,0,0,0,0,0,0,0,0,38,14,7,45,65476,0,300,0,0,8,21553,0.0,-107605600.0,0.0,0.0,0.0,0.0,0.0,0.0,0.0,0.0,0.0,0.0,0.0,0.0,0.0,0.0,0.0,0.0,0.0,0.0,0.0,0.0,0.0,0.0,-2.004,2.004,0.0,0.0,0.0,0.0,4914.0,-0.0,0.0,0.0,0.0,0.0,-107615304.0,0.0,0.0,0.0,0.0,53,4.066880103266858e+29,-107614752.0,0.0,0.0,0.0,0.0,0.0,0.0,0.0,0,0,0,0.0,0.0,0.0,0.0,0.0,0.0,0.0,0.0,0.0,0.0,0.0,0.0,0.0,0.0,0.0,0.0,0,-107875648.0,53,0.0,106,-107614832.0,2.7006707062415038e+23,ERR,ERR,ERR,ERR,ERR,ERR,ERR,ERR,ERR,ERR,ERR,ERR,ERR,ERR,ERR,ERR,ERR,ERR,ERR,ERR,ERR,ERR,ERR,ERR,ERR,ERR,ERR,ERR,ERR,ERR,ERR,ERR,ERR,ERR,ERR,ERR,ERR,ERR,ERR,ERR,ERR,ERR,ERR,ERR,ERR,ERR,ERR,ERR,ERR,ERR,ERR,ERR,ERR,ERR,ERR,ERR,ERR,ERR,ERR,ERR,ERR,ERR,ERR,ERR,ERR,ERR,ERR,50.0,60.0,100,0.0,0.0,0.0,0.0,0.0,0.0,0.0,0.0,0.0,0.0,0.0,0.0,0.0,0.0,0.0,0.0,62.0,77,11,65509,50,65476,0,300,0,0,8,20529,65476,0,0,26214,60.0,0.0,0.0,0.0,0.0,0.0
2026-05-17T16:55:22,ERR,ERR,ERR,ERR,ERR,ERR,ERR,ERR,ERR,ERR,ERR,ERR,ERR,ERR,ERR,ERR,ERR,ERR,ERR,ERR,ERR,ERR,ERR,ERR,ERR,ERR,ERR,ERR,ERR,ERR,ERR,ERR,ERR,ERR,ERR,ERR,ERR,ERR,ERR,ERR,ERR,ERR,ERR,ERR,ERR,ERR,ERR,ERR,ERR,ERR,ERR,ERR,ERR,ERR,ERR,ERR,ERR,ERR,ERR,ERR,ERR,ERR,ERR,ERR,ERR,ERR,ERR,ERR,ERR,ERR,ERR,ERR,ERR,ERR,ERR,ERR,ERR,ERR,ERR,ERR,ERR,ERR,ERR,ERR,ERR,ERR,ERR,ERR,ERR,ERR,ERR,ERR,ERR,ERR,ERR,ERR,ERR,ERR,ERR,ERR,ERR,ERR,ERR,ERR,ERR,ERR,ERR,ERR,ERR,ERR,ERR,ERR,ERR,ERR,ERR,ERR,ERR,ERR,ERR,ERR,ERR,ERR,ERR,ERR,ERR,0.0,0.0,-134474944.0,0.0,0.0,1.3936040501711995e+18,7.805,0.0,0,0,4,0,8422,0.0,45,0.0,0.0,0.0,0.0,0.0,0,0,0,0,0.0,0,0,0,0,0,0,0,0,0,0,0,0,0,0,0,0,0,0,0,0,0,0,0,0,0,0,0,0,0,0,0,0,0,38,14,7,45,65476,0,300,0,0,8,21553,0.0,-107605600.0,0.0,0.0,0.0,0.0,0.0,0.0,0.0,0.0,0.0,0.0,0.0,0.0,0.0,0.0,0.0,0.0,0.0,0.0,0.0,0.0,0.0,0.0,-2.004,2.004,0.0,0.0,0.0,0.0,4949.0,131350.406,0.0,0.0,0.0,0.0,-107615304.0,0.0,0.0,0.0,0.0,53,5.848083413016271e+35,-0.0,0.0,0.0,0.0,0.0,0.0,0.0,0.0,0,0,0,0.0,0.0,0.0,0.0,0.0,0.0,0.0,0.0,0.0,0.0,0.0,0.0,0.0,0.0,0.0,0.0,0,-107875648.0,53,0.0,106,-107614832.0,2.7006707062415038e+23,ERR,ERR,ERR,ERR,ERR,ERR,ERR,ERR,ERR,ERR,ERR,ERR,ERR,ERR,ERR,ERR,ERR,ERR,ERR,ERR,ERR,ERR,ERR,ERR,ERR,ERR,ERR,ERR,ERR,ERR,ERR,ERR,ERR,ERR,ERR,ERR,ERR,ERR,ERR,ERR,ERR,ERR,ERR,ERR,ERR,ERR,ERR,ERR,ERR,ERR,ERR,ERR,ERR,ERR,ERR,ERR,ERR,ERR,ERR,ERR,ERR,ERR,ERR,ERR,ERR,ERR,ERR,50.0,60.0,100,0.0,0.0,0.0,0.0,0.0,0.0,0.0,0.0,0.0,0.0,0.0,0.0,0.0,0.0,0.0,0.0,62.0,77,11,65509,50,65476,0,300,0,0,8,20529,65476,0,0,26214,60.0,0.0,0.0,0.0,0.0,0.0
2026-05-17T16:55:23,ERR,ERR,ERR,ERR,ERR,ERR,ERR,ERR,ERR,ERR,ERR,ERR,ERR,ERR,ERR,ERR,ERR,ERR,ERR,ERR,ERR,ERR,ERR,ERR,ERR,ERR,ERR,ERR,ERR,ERR,ERR,ERR,ERR,ERR,ERR,ERR,ERR,ERR,ERR,ERR,ERR,ERR,ERR,ERR,ERR,ERR,ERR,ERR,ERR,ERR,ERR,ERR,ERR,ERR,ERR,ERR,ERR,ERR,ERR,ERR,ERR,ERR,ERR,ERR,ERR,ERR,ERR,ERR,ERR,ERR,ERR,ERR,ERR,ERR,ERR,ERR,ERR,ERR,ERR,ERR,ERR,ERR,ERR,ERR,ERR,ERR,ERR,ERR,ERR,ERR,ERR,ERR,ERR,ERR,ERR,ERR,ERR,ERR,ERR,ERR,ERR,ERR,ERR,ERR,ERR,ERR,ERR,ERR,ERR,ERR,ERR,ERR,ERR,ERR,ERR,ERR,ERR,ERR,ERR,ERR,ERR,ERR,ERR,ERR,ERR,0.0,0.0,-134474944.0,0.0,0.0,1.3936040501711995e+18,7.805,0.0,0,0,4,0,8422,0.0,45,0.0,0.0,0.0,0.0,0.0,0,0,0,0,0.0,0,0,0,0,0,0,0,0,0,0,0,0,0,0,0,0,0,0,0,0,0,0,0,0,0,0,0,0,0,0,0,0,0,38,14,7,45,65476,0,300,0,0,8,21553,0.0,-107605600.0,0.0,0.0,0.0,0.0,0.0,0.0,0.0,0.0,0.0,0.0,0.0,0.0,0.0,0.0,0.0,0.0,0.0,0.0,0.0,0.0,0.0,0.0,-2.004,2.004,0.0,0.0,0.0,0.0,4949.0,131350.406,0.0,0.0,0.0,0.0,-107615304.0,0.0,0.0,0.0,0.0,53,5.848083413016271e+35,-0.0,0.0,0.0,0.0,0.0,0.0,0.0,0.0,0,0,0,0.0,0.0,0.0,0.0,0.0,0.0,0.0,0.0,0.0,0.0,0.0,0.0,0.0,0.0,0.0,0.0,0,-107875648.0,53,0.0,106,-107614832.0,2.7006707062415038e+23,ERR,ERR,ERR,ERR,ERR,ERR,ERR,ERR,ERR,ERR,ERR,ERR,ERR,ERR,ERR,ERR,ERR,ERR,ERR,ERR,ERR,ERR,ERR,ERR,ERR,ERR,ERR,ERR,ERR,ERR,ERR,ERR,ERR,ERR,ERR,ERR,ERR,ERR,ERR,ERR,ERR,ERR,ERR,ERR,ERR,ERR,ERR,ERR,ERR,ERR,ERR,ERR,ERR,ERR,ERR,ERR,ERR,ERR,ERR,ERR,ERR,ERR,ERR,ERR,ERR,ERR,ERR,50.0,60.0,100,0.0,0.0,0.0,0.0,0.0,0.0,0.0,0.0,0.0,0.0,0.0,0.0,0.0,0.0,0.0,0.0,61.6,77,11,65509,50,65476,0,300,0,0,8,20529,65476,0,0,26214,60.0,0.0,0.0,0.0,0.0,0.0
2026-05-17T16:55:24,ERR,ERR,ERR,ERR,ERR,ERR,ERR,ERR,ERR,ERR,ERR,ERR,ERR,ERR,ERR,ERR,ERR,ERR,ERR,ERR,ERR,ERR,ERR,ERR,ERR,ERR,ERR,ERR,ERR,ERR,ERR,ERR,ERR,ERR,ERR,ERR,ERR,ERR,ERR,ERR,ERR,ERR,ERR,ERR,ERR,ERR,ERR,ERR,ERR,ERR,ERR,ERR,ERR,ERR,ERR,ERR,ERR,ERR,ERR,ERR,ERR,ERR,ERR,ERR,ERR,ERR,ERR,ERR,ERR,ERR,ERR,ERR,ERR,ERR,ERR,ERR,ERR,ERR,ERR,ERR,ERR,ERR,ERR,ERR,ERR,ERR,ERR,ERR,ERR,ERR,ERR,ERR,ERR,ERR,ERR,ERR,ERR,ERR,ERR,ERR,ERR,ERR,ERR,ERR,ERR,ERR,ERR,ERR,ERR,ERR,ERR,ERR,ERR,ERR,ERR,ERR,ERR,ERR,ERR,ERR,ERR,ERR,ERR,ERR,ERR,0.0,0.0,-134474944.0,0.0,0.0,1.3936040501711995e+18,7.805,0.0,0,0,4,0,8422,0.0,45,0.0,0.0,0.0,0.0,0.0,0,0,0,0,0.0,0,0,0,0,0,0,0,0,0,0,0,0,0,0,0,0,0,0,0,0,0,0,0,0,0,0,0,0,0,0,0,0,0,38,14,7,45,65476,0,300,0,0,8,21553,0.0,-107605600.0,0.0,0.0,0.0,0.0,0.0,0.0,0.0,0.0,0.0,0.0,0.0,0.0,0.0,0.0,0.0,0.0,0.0,0.0,0.0,0.0,0.0,0.0,-2.004,2.004,0.0,0.0,0.0,0.0,4949.0,131350.406,0.0,0.0,0.0,0.0,-107615304.0,0.0,0.0,0.0,0.0,53,5.848083413016271e+35,-0.0,0.0,0.0,0.0,0.0,0.0,0.0,0.0,0,0,0,0.0,0.0,0.0,0.0,0.0,0.0,0.0,0.0,0.0,0.0,0.0,0.0,0.0,0.0,0.0,0.0,0,-107875648.0,53,0.0,106,-107614832.0,2.7006707062415038e+23,ERR,ERR,ERR,ERR,ERR,ERR,ERR,ERR,ERR,ERR,ERR,ERR,ERR,ERR,ERR,ERR,ERR,ERR,ERR,ERR,ERR,ERR,ERR,ERR,ERR,ERR,ERR,ERR,ERR,ERR,ERR,ERR,ERR,ERR,ERR,ERR,ERR,ERR,ERR,ERR,ERR,ERR,ERR,ERR,ERR,ERR,ERR,ERR,ERR,ERR,ERR,ERR,ERR,ERR,ERR,ERR,ERR,ERR,ERR,ERR,ERR,ERR,ERR,ERR,ERR,ERR,ERR,50.0,60.0,100,0.0,0.0,0.0,0.0,0.0,0.0,0.0,0.0,0.0,0.0,0.0,0.0,0.0,0.0,0.0,0.0,61.6,77,11,65509,50,65476,0,300,0,0,8,20529,65476,0,0,26214,60.0,0.0,0.0,0.0,0.0,0.0
2026-05-17T16:55:25,ERR,ERR,ERR,ERR,ERR,ERR,ERR,ERR,ERR,ERR,ERR,ERR,ERR,ERR,ERR,ERR,ERR,ERR,ERR,ERR,ERR,ERR,ERR,ERR,ERR,ERR,ERR,ERR,ERR,ERR,ERR,ERR,ERR,ERR,ERR,ERR,ERR,ERR,ERR,ERR,ERR,ERR,ERR,ERR,ERR,ERR,ERR,ERR,ERR,ERR,ERR,ERR,ERR,ERR,ERR,ERR,ERR,ERR,ERR,ERR,ERR,ERR,ERR,ERR,ERR,ERR,ERR,ERR,ERR,ERR,ERR,ERR,ERR,ERR,ERR,ERR,ERR,ERR,ERR,ERR,ERR,ERR,ERR,ERR,ERR,ERR,ERR,ERR,ERR,ERR,ERR,ERR,ERR,ERR,ERR,ERR,ERR,ERR,ERR,ERR,ERR,ERR,ERR,ERR,ERR,ERR,ERR,ERR,ERR,ERR,ERR,ERR,ERR,ERR,ERR,ERR,ERR,ERR,ERR,ERR,ERR,ERR,ERR,ERR,ERR,0.0,0.0,-134474944.0,0.0,0.0,1.3936040501711995e+18,7.805,0.0,0,0,4,0,8422,0.0,45,0.0,0.0,0.0,0.0,0.0,0,0,0,0,0.0,0,0,0,0,0,0,0,0,0,0,0,0,0,0,0,0,0,0,0,0,0,0,0,0,0,0,0,0,0,0,0,0,0,38,14,7,45,65476,0,300,0,0,8,21553,0.0,-107605600.0,0.0,0.0,0.0,0.0,0.0,0.0,0.0,0.0,0.0,0.0,0.0,0.0,0.0,0.0,0.0,0.0,0.0,0.0,0.0,0.0,0.0,0.0,-2.004,2.004,0.0,0.0,0.0,0.0,4949.0,131350.406,0.0,0.0,0.0,0.0,-107615304.0,0.0,0.0,0.0,0.0,53,5.848083413016271e+35,-0.0,0.0,0.0,0.0,0.0,0.0,0.0,0.0,0,0,0,0.0,0.0,0.0,0.0,0.0,0.0,0.0,0.0,0.0,0.0,0.0,0.0,0.0,0.0,0.0,0.0,0,-107875648.0,53,0.0,106,-107614832.0,2.7006707062415038e+23,ERR,ERR,ERR,ERR,ERR,ERR,ERR,ERR,ERR,ERR,ERR,ERR,ERR,ERR,ERR,ERR,ERR,ERR,ERR,ERR,ERR,ERR,ERR,ERR,ERR,ERR,ERR,ERR,ERR,ERR,ERR,ERR,ERR,ERR,ERR,ERR,ERR,ERR,ERR,ERR,ERR,ERR,ERR,ERR,ERR,ERR,ERR,ERR,ERR,ERR,ERR,ERR,ERR,ERR,ERR,ERR,ERR,ERR,ERR,ERR,ERR,ERR,ERR,ERR,ERR,ERR,ERR,50.0,60.0,100,0.0,0.0,0.0,0.0,0.0,0.0,0.0,0.0,0.0,0.0,0.0,0.0,0.0,0.0,0.0,0.0,61.6,77,11,65509,50,65476,0,300,0,0,8,20529,65476,0,0,26214,60.0,0.0,0.0,0.0,0.0,0.0
2026-05-17T16:55:26,ERR,ERR,ERR,ERR,ERR,ERR,ERR,ERR,ERR,ERR,ERR,ERR,ERR,ERR,ERR,ERR,ERR,ERR,ERR,ERR,ERR,ERR,ERR,ERR,ERR,ERR,ERR,ERR,ERR,ERR,ERR,ERR,ERR,ERR,ERR,ERR,ERR,ERR,ERR,ERR,ERR,ERR,ERR,ERR,ERR,ERR,ERR,ERR,ERR,ERR,ERR,ERR,ERR,ERR,ERR,ERR,ERR,ERR,ERR,ERR,ERR,ERR,ERR,ERR,ERR,ERR,ERR,ERR,ERR,ERR,ERR,ERR,ERR,ERR,ERR,ERR,ERR,ERR,ERR,ERR,ERR,ERR,ERR,ERR,ERR,ERR,ERR,ERR,ERR,ERR,ERR,ERR,ERR,ERR,ERR,ERR,ERR,ERR,ERR,ERR,ERR,ERR,ERR,ERR,ERR,ERR,ERR,ERR,ERR,ERR,ERR,ERR,ERR,ERR,ERR,ERR,ERR,ERR,ERR,ERR,ERR,ERR,ERR,ERR,ERR,0.0,0.0,-134474944.0,0.0,0.0,1.3936040501711995e+18,7.805,0.0,0,0,4,0,8422,0.0,45,0.0,0.0,0.0,0.0,0.0,0,0,0,0,0.0,0,0,0,0,0,0,0,0,0,0,0,0,0,0,0,0,0,0,0,0,0,0,0,0,0,0,0,0,0,0,0,0,0,38,14,7,45,65476,0,300,0,0,8,21553,0.0,-107605600.0,0.0,0.0,0.0,0.0,0.0,0.0,0.0,0.0,0.0,0.0,0.0,0.0,0.0,0.0,0.0,0.0,0.0,0.0,0.0,0.0,0.0,0.0,-2.004,2.004,0.0,0.0,0.0,0.0,4949.0,131350.406,0.0,0.0,0.0,0.0,-107615304.0,0.0,0.0,0.0,0.0,53,5.848083413016271e+35,-0.0,0.0,0.0,0.0,0.0,0.0,0.0,0.0,0,0,0,0.0,0.0,0.0,0.0,0.0,0.0,0.0,0.0,0.0,0.0,0.0,0.0,0.0,0.0,0.0,0.0,0,-107875648.0,53,0.0,106,-107614832.0,2.7006707062415038e+23,ERR,ERR,ERR,ERR,ERR,ERR,ERR,ERR,ERR,ERR,ERR,ERR,ERR,ERR,ERR,ERR,ERR,ERR,ERR,ERR,ERR,ERR,ERR,ERR,ERR,ERR,ERR,ERR,ERR,ERR,ERR,ERR,ERR,ERR,ERR,ERR,ERR,ERR,ERR,ERR,ERR,ERR,ERR,ERR,ERR,ERR,ERR,ERR,ERR,ERR,ERR,ERR,ERR,ERR,ERR,ERR,ERR,ERR,ERR,ERR,ERR,ERR,ERR,ERR,ERR,ERR,ERR,50.0,60.0,100,0.0,0.0,0.0,0.0,0.0,0.0,0.0,0.0,0.0,0.0,0.0,0.0,0.0,0.0,0.0,0.0,61.6,77,11,65509,50,65476,0,300,0,0,8,20529,65476,0,0,26214,60.0,0.0,0.0,0.0,0.0,0.0
2026-05-17T16:55:27,ERR,ERR,ERR,ERR,ERR,ERR,ERR,ERR,ERR,ERR,ERR,ERR,ERR,ERR,ERR,ERR,ERR,ERR,ERR,ERR,ERR,ERR,ERR,ERR,ERR,ERR,ERR,ERR,ERR,ERR,ERR,ERR,ERR,ERR,ERR,ERR,ERR,ERR,ERR,ERR,ERR,ERR,ERR,ERR,ERR,ERR,ERR,ERR,ERR,ERR,ERR,ERR,ERR,ERR,ERR,ERR,ERR,ERR,ERR,ERR,ERR,ERR,ERR,ERR,ERR,ERR,ERR,ERR,ERR,ERR,ERR,ERR,ERR,ERR,ERR,ERR,ERR,ERR,ERR,ERR,ERR,ERR,ERR,ERR,ERR,ERR,ERR,ERR,ERR,ERR,ERR,ERR,ERR,ERR,ERR,ERR,ERR,ERR,ERR,ERR,ERR,ERR,ERR,ERR,ERR,ERR,ERR,ERR,ERR,ERR,ERR,ERR,ERR,ERR,ERR,ERR,ERR,ERR,ERR,ERR,ERR,ERR,ERR,ERR,ERR,0.0,0.0,-134474944.0,0.0,0.0,1.3936040501711995e+18,7.805,0.0,0,0,4,0,8422,0.0,45,0.0,0.0,0.0,0.0,0.0,0,0,0,0,0.0,0,0,0,0,0,0,0,0,0,0,0,0,0,0,0,0,0,0,0,0,0,0,0,0,0,0,0,0,0,0,0,0,0,38,14,7,45,65476,0,300,0,0,8,21553,0.0,-107605600.0,0.0,0.0,0.0,0.0,0.0,0.0,0.0,0.0,0.0,0.0,0.0,0.0,0.0,0.0,0.0,0.0,0.0,0.0,0.0,0.0,0.0,0.0,-2.004,2.004,0.0,0.0,0.0,0.0,4980.0,0.0,0.0,0.0,0.0,0.0,-107615304.0,0.0,0.0,0.0,0.0,53,-0.0,-0.0,0.0,0.0,0.0,0.0,0.0,0.0,0.0,0,0,0,0.0,0.0,0.0,0.0,0.0,0.0,0.0,0.0,0.0,0.0,0.0,0.0,0.0,0.0,0.0,0.0,0,-107875648.0,53,0.0,106,-107614832.0,2.7006707062415038e+23,ERR,ERR,ERR,ERR,ERR,ERR,ERR,ERR,ERR,ERR,ERR,ERR,ERR,ERR,ERR,ERR,ERR,ERR,ERR,ERR,ERR,ERR,ERR,ERR,ERR,ERR,ERR,ERR,ERR,ERR,ERR,ERR,ERR,ERR,ERR,ERR,ERR,ERR,ERR,ERR,ERR,ERR,ERR,ERR,ERR,ERR,ERR,ERR,ERR,ERR,ERR,ERR,ERR,ERR,ERR,ERR,ERR,ERR,ERR,ERR,ERR,ERR,ERR,ERR,ERR,ERR,ERR,50.0,60.0,100,0.0,0.0,0.0,0.0,0.0,0.0,0.0,0.0,0.0,0.0,0.0,0.0,0.0,0.0,0.0,0.0,61.6,77,11,65509,50,65476,0,300,0,0,8,20529,65476,0,0,26214,60.0,0.0,0.0,0.0,0.0,0.0
2026-05-17T16:55:28,ERR,ERR,ERR,ERR,ERR,ERR,ERR,ERR,ERR,ERR,ERR,ERR,ERR,ERR,ERR,ERR,ERR,ERR,ERR,ERR,ERR,ERR,ERR,ERR,ERR,ERR,ERR,ERR,ERR,ERR,ERR,ERR,ERR,ERR,ERR,ERR,ERR,ERR,ERR,ERR,ERR,ERR,ERR,ERR,ERR,ERR,ERR,ERR,ERR,ERR,ERR,ERR,ERR,ERR,ERR,ERR,ERR,ERR,ERR,ERR,ERR,ERR,ERR,ERR,ERR,ERR,ERR,ERR,ERR,ERR,ERR,ERR,ERR,ERR,ERR,ERR,ERR,ERR,ERR,ERR,ERR,ERR,ERR,ERR,ERR,ERR,ERR,ERR,ERR,ERR,ERR,ERR,ERR,ERR,ERR,ERR,ERR,ERR,ERR,ERR,ERR,ERR,ERR,ERR,ERR,ERR,ERR,ERR,ERR,ERR,ERR,ERR,ERR,ERR,ERR,ERR,ERR,ERR,ERR,ERR,ERR,ERR,ERR,ERR,ERR,0.0,0.0,-134474944.0,0.0,0.0,1.3936040501711995e+18,7.805,0.0,0,0,4,0,8422,0.0,45,0.0,0.0,0.0,0.0,0.0,0,0,0,0,0.0,0,0,0,0,0,0,0,0,0,0,0,0,0,0,0,0,0,0,0,0,0,0,0,0,0,0,0,0,0,0,0,0,0,38,14,7,45,65476,0,300,0,0,8,21553,0.0,-107605600.0,0.0,0.0,0.0,0.0,0.0,0.0,0.0,0.0,0.0,0.0,0.0,0.0,0.0,0.0,0.0,0.0,0.0,0.0,0.0,0.0,0.0,0.0,-2.004,2.004,0.0,0.0,0.0,0.0,4980.0,0.0,0.0,0.0,0.0,0.0,-107615304.0,0.0,0.0,0.0,0.0,53,-0.0,-0.0,0.0,0.0,0.0,0.0,0.0,0.0,0.0,0,0,0,0.0,0.0,0.0,0.0,0.0,0.0,0.0,0.0,0.0,0.0,0.0,0.0,0.0,0.0,0.0,0.0,0,-107875648.0,53,0.0,106,-107614832.0,2.7006707062415038e+23,ERR,ERR,ERR,ERR,ERR,ERR,ERR,ERR,ERR,ERR,ERR,ERR,ERR,ERR,ERR,ERR,ERR,ERR,ERR,ERR,ERR,ERR,ERR,ERR,ERR,ERR,ERR,ERR,ERR,ERR,ERR,ERR,ERR,ERR,ERR,ERR,ERR,ERR,ERR,ERR,ERR,ERR,ERR,ERR,ERR,ERR,ERR,ERR,ERR,ERR,ERR,ERR,ERR,ERR,ERR,ERR,ERR,ERR,ERR,ERR,ERR,ERR,ERR,ERR,ERR,ERR,ERR,50.0,60.0,100,0.0,0.0,0.0,0.0,0.0,0.0,0.0,0.0,0.0,0.0,0.0,0.0,0.0,0.0,0.0,0.0,61.6,77,11,65509,50,65476,0,300,0,0,8,20529,65476,0,0,26214,60.0,0.0,0.0,0.0,0.0,0.0
2026-05-17T16:55:29,ERR,ERR,ERR,ERR,ERR,ERR,ERR,ERR,ERR,ERR,ERR,ERR,ERR,ERR,ERR,ERR,ERR,ERR,ERR,ERR,ERR,ERR,ERR,ERR,ERR,ERR,ERR,ERR,ERR,ERR,ERR,ERR,ERR,ERR,ERR,ERR,ERR,ERR,ERR,ERR,ERR,ERR,ERR,ERR,ERR,ERR,ERR,ERR,ERR,ERR,ERR,ERR,ERR,ERR,ERR,ERR,ERR,ERR,ERR,ERR,ERR,ERR,ERR,ERR,ERR,ERR,ERR,ERR,ERR,ERR,ERR,ERR,ERR,ERR,ERR,ERR,ERR,ERR,ERR,ERR,ERR,ERR,ERR,ERR,ERR,ERR,ERR,ERR,ERR,ERR,ERR,ERR,ERR,ERR,ERR,ERR,ERR,ERR,ERR,ERR,ERR,ERR,ERR,ERR,ERR,ERR,ERR,ERR,ERR,ERR,ERR,ERR,ERR,ERR,ERR,ERR,ERR,ERR,ERR,ERR,ERR,ERR,ERR,ERR,ERR,0.0,0.0,-134474944.0,0.0,0.0,1.3936040501711995e+18,7.805,0.0,0,0,4,0,8422,0.0,45,0.0,0.0,0.0,0.0,0.0,0,0,0,0,0.0,0,0,0,0,0,0,0,0,0,0,0,0,0,0,0,0,0,0,0,0,0,0,0,0,0,0,0,0,0,0,0,0,0,38,14,7,45,65476,0,300,0,0,8,21553,0.0,-107605600.0,0.0,0.0,0.0,0.0,0.0,0.0,0.0,0.0,0.0,0.0,0.0,0.0,0.0,0.0,0.0,0.0,0.0,0.0,0.0,0.0,0.0,0.0,-2.004,2.004,0.0,0.0,0.0,0.0,4980.0,0.0,0.0,0.0,0.0,0.0,-107615304.0,0.0,0.0,0.0,0.0,53,-0.0,-0.0,0.0,0.0,0.0,0.0,0.0,0.0,0.0,0,0,0,0.0,0.0,0.0,0.0,0.0,0.0,0.0,0.0,0.0,0.0,0.0,0.0,0.0,0.0,0.0,0.0,0,-107875648.0,53,0.0,106,-107614832.0,2.7006707062415038e+23,ERR,ERR,ERR,ERR,ERR,ERR,ERR,ERR,ERR,ERR,ERR,ERR,ERR,ERR,ERR,ERR,ERR,ERR,ERR,ERR,ERR,ERR,ERR,ERR,ERR,ERR,ERR,ERR,ERR,ERR,ERR,ERR,ERR,ERR,ERR,ERR,ERR,ERR,ERR,ERR,ERR,ERR,ERR,ERR,ERR,ERR,ERR,ERR,ERR,ERR,ERR,ERR,ERR,ERR,ERR,ERR,ERR,ERR,ERR,ERR,ERR,ERR,ERR,ERR,ERR,ERR,ERR,50.0,60.0,100,0.0,0.0,0.0,0.0,0.0,0.0,0.0,0.0,0.0,0.0,0.0,0.0,0.0,0.0,0.0,0.0,61.6,77,11,65509,50,65476,0,300,0,0,8,20529,65476,0,0,26214,60.0,0.0,0.0,0.0,0.0,0.0
2026-05-17T16:55:30,ERR,ERR,ERR,ERR,ERR,ERR,ERR,ERR,ERR,ERR,ERR,ERR,ERR,ERR,ERR,ERR,ERR,ERR,ERR,ERR,ERR,ERR,ERR,ERR,ERR,ERR,ERR,ERR,ERR,ERR,ERR,ERR,ERR,ERR,ERR,ERR,ERR,ERR,ERR,ERR,ERR,ERR,ERR,ERR,ERR,ERR,ERR,ERR,ERR,ERR,ERR,ERR,ERR,ERR,ERR,ERR,ERR,ERR,ERR,ERR,ERR,ERR,ERR,ERR,ERR,ERR,ERR,ERR,ERR,ERR,ERR,ERR,ERR,ERR,ERR,ERR,ERR,ERR,ERR,ERR,ERR,ERR,ERR,ERR,ERR,ERR,ERR,ERR,ERR,ERR,ERR,ERR,ERR,ERR,ERR,ERR,ERR,ERR,ERR,ERR,ERR,ERR,ERR,ERR,ERR,ERR,ERR,ERR,ERR,ERR,ERR,ERR,ERR,ERR,ERR,ERR,ERR,ERR,ERR,ERR,ERR,ERR,ERR,ERR,ERR,0.0,0.0,-134474944.0,0.0,0.0,1.3936040501711995e+18,7.805,0.0,0,0,4,0,8422,0.0,45,0.0,0.0,0.0,0.0,0.0,0,0,0,0,0.0,0,0,0,0,0,0,0,0,0,0,0,0,0,0,0,0,0,0,0,0,0,0,0,0,0,0,0,0,0,0,0,0,0,38,14,7,45,65476,0,300,0,0,8,21553,0.0,-107605600.0,0.0,0.0,0.0,0.0,0.0,0.0,0.0,0.0,0.0,0.0,0.0,0.0,0.0,0.0,0.0,0.0,0.0,0.0,0.0,0.0,0.0,0.0,-2.004,2.004,0.0,0.0,0.0,0.0,4980.0,0.0,0.0,0.0,0.0,0.0,-107615304.0,0.0,0.0,0.0,0.0,53,-0.0,-0.0,0.0,0.0,0.0,0.0,0.0,0.0,0.0,0,0,0,0.0,0.0,0.0,0.0,0.0,0.0,0.0,0.0,0.0,0.0,0.0,0.0,0.0,0.0,0.0,0.0,0,-107875648.0,53,0.0,106,-107614832.0,2.7006707062415038e+23,ERR,ERR,ERR,ERR,ERR,ERR,ERR,ERR,ERR,ERR,ERR,ERR,ERR,ERR,ERR,ERR,ERR,ERR,ERR,ERR,ERR,ERR,ERR,ERR,ERR,ERR,ERR,ERR,ERR,ERR,ERR,ERR,ERR,ERR,ERR,ERR,ERR,ERR,ERR,ERR,ERR,ERR,ERR,ERR,ERR,ERR,ERR,ERR,ERR,ERR,ERR,ERR,ERR,ERR,ERR,ERR,ERR,ERR,ERR,ERR,ERR,ERR,ERR,ERR,ERR,ERR,ERR,50.0,60.0,100,0.0,0.0,0.0,0.0,0.0,0.0,0.0,0.0,0.0,0.0,0.0,0.0,0.0,0.0,0.0,0.0,61.6,77,11,65509,50,65476,0,300,0,0,8,20529,65476,0,0,26214,60.0,0.0,0.0,0.0,0.0,0.0
2026-05-17T16:55:31,ERR,ERR,ERR,ERR,ERR,ERR,ERR,ERR,ERR,ERR,ERR,ERR,ERR,ERR,ERR,ERR,ERR,ERR,ERR,ERR,ERR,ERR,ERR,ERR,ERR,ERR,ERR,ERR,ERR,ERR,ERR,ERR,ERR,ERR,ERR,ERR,ERR,ERR,ERR,ERR,ERR,ERR,ERR,ERR,ERR,ERR,ERR,ERR,ERR,ERR,ERR,ERR,ERR,ERR,ERR,ERR,ERR,ERR,ERR,ERR,ERR,ERR,ERR,ERR,ERR,ERR,ERR,ERR,ERR,ERR,ERR,ERR,ERR,ERR,ERR,ERR,ERR,ERR,ERR,ERR,ERR,ERR,ERR,ERR,ERR,ERR,ERR,ERR,ERR,ERR,ERR,ERR,ERR,ERR,ERR,ERR,ERR,ERR,ERR,ERR,ERR,ERR,ERR,ERR,ERR,ERR,ERR,ERR,ERR,ERR,ERR,ERR,ERR,ERR,ERR,ERR,ERR,ERR,ERR,ERR,ERR,ERR,ERR,ERR,ERR,0.0,0.0,-134474944.0,0.0,0.0,1.3936040501711995e+18,7.805,0.0,0,0,4,0,8422,0.0,45,0.0,0.0,0.0,0.0,0.0,0,0,0,0,0.0,0,0,0,0,0,0,0,0,0,0,0,0,0,0,0,0,0,0,0,0,0,0,0,0,0,0,0,0,0,0,0,0,0,38,14,7,45,65476,0,300,0,0,8,21553,0.0,-107605600.0,0.0,0.0,0.0,0.0,0.0,0.0,0.0,0.0,0.0,0.0,0.0,0.0,0.0,0.0,0.0,0.0,0.0,0.0,0.0,0.0,0.0,0.0,-2.004,2.004,0.0,0.0,0.0,0.0,4980.0,0.0,0.0,0.0,0.0,0.0,-107615304.0,0.0,0.0,0.0,0.0,53,-0.0,-0.0,0.0,0.0,0.0,0.0,0.0,0.0,0.0,0,0,0,0.0,0.0,0.0,0.0,0.0,0.0,0.0,0.0,0.0,0.0,0.0,0.0,0.0,0.0,0.0,0.0,0,-107875648.0,53,0.0,106,-107614832.0,2.7006707062415038e+23,ERR,ERR,ERR,ERR,ERR,ERR,ERR,ERR,ERR,ERR,ERR,ERR,ERR,ERR,ERR,ERR,ERR,ERR,ERR,ERR,ERR,ERR,ERR,ERR,ERR,ERR,ERR,ERR,ERR,ERR,ERR,ERR,ERR,ERR,ERR,ERR,ERR,ERR,ERR,ERR,ERR,ERR,ERR,ERR,ERR,ERR,ERR,ERR,ERR,ERR,ERR,ERR,ERR,ERR,ERR,ERR,ERR,ERR,ERR,ERR,ERR,ERR,ERR,ERR,ERR,ERR,ERR,50.0,60.0,100,0.0,0.0,0.0,0.0,0.0,0.0,0.0,0.0,0.0,0.0,0.0,0.0,0.0,0.0,0.0,0.0,61.6,77,11,65509,50,65476,0,300,0,0,8,20529,65476,0,0,26214,60.0,0.0,0.0,0.0,0.0,0.0
2026-05-17T16:55:32,ERR,ERR,ERR,ERR,ERR,ERR,ERR,ERR,ERR,ERR,ERR,ERR,ERR,ERR,ERR,ERR,ERR,ERR,ERR,ERR,ERR,ERR,ERR,ERR,ERR,ERR,ERR,ERR,ERR,ERR,ERR,ERR,ERR,ERR,ERR,ERR,ERR,ERR,ERR,ERR,ERR,ERR,ERR,ERR,ERR,ERR,ERR,ERR,ERR,ERR,ERR,ERR,ERR,ERR,ERR,ERR,ERR,ERR,ERR,ERR,ERR,ERR,ERR,ERR,ERR,ERR,ERR,ERR,ERR,ERR,ERR,ERR,ERR,ERR,ERR,ERR,ERR,ERR,ERR,ERR,ERR,ERR,ERR,ERR,ERR,ERR,ERR,ERR,ERR,ERR,ERR,ERR,ERR,ERR,ERR,ERR,ERR,ERR,ERR,ERR,ERR,ERR,ERR,ERR,ERR,ERR,ERR,ERR,ERR,ERR,ERR,ERR,ERR,ERR,ERR,ERR,ERR,ERR,ERR,ERR,ERR,ERR,ERR,ERR,ERR,0.0,0.0,-134474944.0,0.0,0.0,1.3936040501711995e+18,7.805,0.0,0,0,4,0,8422,0.0,45,0.0,0.0,0.0,0.0,0.0,0,0,0,0,0.0,0,0,0,0,0,0,0,0,0,0,0,0,0,0,0,0,0,0,0,0,0,0,0,0,0,0,0,0,0,0,0,0,0,38,14,7,45,65476,0,300,0,0,8,21553,0.0,-107605600.0,0.0,0.0,0.0,0.0,0.0,0.0,0.0,0.0,0.0,0.0,0.0,0.0,0.0,0.0,0.0,0.0,0.0,0.0,0.0,0.0,0.0,0.0,-2.004,2.004,0.0,0.0,0.0,0.0,4980.0,0.0,0.0,0.0,0.0,0.0,-107615304.0,0.0,0.0,0.0,0.0,53,-0.0,4.0668529024359166e+29,0.0,0.0,0.0,0.0,0.0,0.0,0.0,0,0,0,0.0,0.0,0.0,0.0,0.0,0.0,0.0,0.0,0.0,0.0,0.0,0.0,0.0,0.0,0.0,0.0,0,-107875648.0,53,0.0,106,-107614832.0,2.7006707062415038e+23,ERR,ERR,ERR,ERR,ERR,ERR,ERR,ERR,ERR,ERR,ERR,ERR,ERR,ERR,ERR,ERR,ERR,ERR,ERR,ERR,ERR,ERR,ERR,ERR,ERR,ERR,ERR,ERR,ERR,ERR,ERR,ERR,ERR,ERR,ERR,ERR,ERR,ERR,ERR,ERR,ERR,ERR,ERR,ERR,ERR,ERR,ERR,ERR,ERR,ERR,ERR,ERR,ERR,ERR,ERR,ERR,ERR,ERR,ERR,ERR,ERR,ERR,ERR,ERR,ERR,ERR,ERR,50.0,60.0,100,0.0,0.0,0.0,0.0,0.0,0.0,0.0,0.0,0.0,0.0,0.0,0.0,0.0,0.0,0.0,0.0,61.6,77,11,65509,50,65476,0,300,0,0,8,20529,65476,0,0,26214,60.0,0.0,0.0,0.0,0.0,0.0
2026-05-17T16:55:33,ERR,ERR,ERR,ERR,ERR,ERR,ERR,ERR,ERR,ERR,ERR,ERR,ERR,ERR,ERR,ERR,ERR,ERR,ERR,ERR,ERR,ERR,ERR,ERR,ERR,ERR,ERR,ERR,ERR,ERR,ERR,ERR,ERR,ERR,ERR,ERR,ERR,ERR,ERR,ERR,ERR,ERR,ERR,ERR,ERR,ERR,ERR,ERR,ERR,ERR,ERR,ERR,ERR,ERR,ERR,ERR,ERR,ERR,ERR,ERR,ERR,ERR,ERR,ERR,ERR,ERR,ERR,ERR,ERR,ERR,ERR,ERR,ERR,ERR,ERR,ERR,ERR,ERR,ERR,ERR,ERR,ERR,ERR,ERR,ERR,ERR,ERR,ERR,ERR,ERR,ERR,ERR,ERR,ERR,ERR,ERR,ERR,ERR,ERR,ERR,ERR,ERR,ERR,ERR,ERR,ERR,ERR,ERR,ERR,ERR,ERR,ERR,ERR,ERR,ERR,ERR,ERR,ERR,ERR,ERR,ERR,ERR,ERR,ERR,ERR,0.0,0.0,-134474944.0,0.0,0.0,1.3936040501711995e+18,7.805,0.0,0,0,4,0,8422,0.0,45,0.0,0.0,0.0,0.0,0.0,0,0,0,0,0.0,0,0,0,0,0,0,0,0,0,0,0,0,0,0,0,0,0,0,0,0,0,0,0,0,0,0,0,0,0,0,0,0,0,38,14,7,45,65476,0,300,0,0,8,21553,0.0,-107605600.0,0.0,0.0,0.0,0.0,0.0,0.0,0.0,0.0,0.0,0.0,0.0,0.0,0.0,0.0,0.0,0.0,0.0,0.0,0.0,0.0,0.0,0.0,-2.004,2.004,0.0,0.0,0.0,0.0,4980.0,0.0,0.0,0.0,0.0,0.0,-107615304.0,0.0,0.0,0.0,0.0,53,-0.0,4.0668529024359166e+29,0.0,0.0,0.0,0.0,0.0,0.0,0.0,0,0,0,0.0,0.0,0.0,0.0,0.0,0.0,0.0,0.0,0.0,0.0,0.0,0.0,0.0,0.0,0.0,0.0,0,-107875648.0,53,0.0,106,-107614832.0,2.7006707062415038e+23,ERR,ERR,ERR,ERR,ERR,ERR,ERR,ERR,ERR,ERR,ERR,ERR,ERR,ERR,ERR,ERR,ERR,ERR,ERR,ERR,ERR,ERR,ERR,ERR,ERR,ERR,ERR,ERR,ERR,ERR,ERR,ERR,ERR,ERR,ERR,ERR,ERR,ERR,ERR,ERR,ERR,ERR,ERR,ERR,ERR,ERR,ERR,ERR,ERR,ERR,ERR,ERR,ERR,ERR,ERR,ERR,ERR,ERR,ERR,ERR,ERR,ERR,ERR,ERR,ERR,ERR,ERR,50.0,60.0,100,0.0,0.0,0.0,0.0,0.0,0.0,0.0,0.0,0.0,0.0,0.0,0.0,0.0,0.0,0.0,0.0,62.0,77,11,65509,50,65476,0,300,0,0,8,20529,65476,0,0,26214,60.0,0.0,0.0,0.0,0.0,0.0
2026-05-17T16:55:34,ERR,ERR,ERR,ERR,ERR,ERR,ERR,ERR,ERR,ERR,ERR,ERR,ERR,ERR,ERR,ERR,ERR,ERR,ERR,ERR,ERR,ERR,ERR,ERR,ERR,ERR,ERR,ERR,ERR,ERR,ERR,ERR,ERR,ERR,ERR,ERR,ERR,ERR,ERR,ERR,ERR,ERR,ERR,ERR,ERR,ERR,ERR,ERR,ERR,ERR,ERR,ERR,ERR,ERR,ERR,ERR,ERR,ERR,ERR,ERR,ERR,ERR,ERR,ERR,ERR,ERR,ERR,ERR,ERR,ERR,ERR,ERR,ERR,ERR,ERR,ERR,ERR,ERR,ERR,ERR,ERR,ERR,ERR,ERR,ERR,ERR,ERR,ERR,ERR,ERR,ERR,ERR,ERR,ERR,ERR,ERR,ERR,ERR,ERR,ERR,ERR,ERR,ERR,ERR,ERR,ERR,ERR,ERR,ERR,ERR,ERR,ERR,ERR,ERR,ERR,ERR,ERR,ERR,ERR,ERR,ERR,ERR,ERR,ERR,ERR,0.0,0.0,-134474944.0,0.0,0.0,1.3936040501711995e+18,7.805,0.0,0,0,4,0,8422,0.0,45,0.0,0.0,0.0,0.0,0.0,0,0,0,0,0.0,0,0,0,0,0,0,0,0,0,0,0,0,0,0,0,0,0,0,0,0,0,0,0,0,0,0,0,0,0,0,0,0,0,38,14,7,45,65476,0,300,0,0,8,21553,0.0,-107605600.0,0.0,0.0,0.0,0.0,0.0,0.0,0.0,0.0,0.0,0.0,0.0,0.0,0.0,0.0,0.0,0.0,0.0,0.0,0.0,0.0,0.0,0.0,-2.004,2.004,0.0,0.0,0.0,0.0,4980.0,0.0,0.0,0.0,0.0,0.0,-107615304.0,0.0,0.0,0.0,0.0,53,-0.0,4.0668529024359166e+29,0.0,0.0,0.0,0.0,0.0,0.0,0.0,0,0,0,0.0,0.0,0.0,0.0,0.0,0.0,0.0,0.0,0.0,0.0,0.0,0.0,0.0,0.0,0.0,0.0,0,-107875648.0,53,0.0,106,-107614832.0,2.7006707062415038e+23,ERR,ERR,ERR,ERR,ERR,ERR,ERR,ERR,ERR,ERR,ERR,ERR,ERR,ERR,ERR,ERR,ERR,ERR,ERR,ERR,ERR,ERR,ERR,ERR,ERR,ERR,ERR,ERR,ERR,ERR,ERR,ERR,ERR,ERR,ERR,ERR,ERR,ERR,ERR,ERR,ERR,ERR,ERR,ERR,ERR,ERR,ERR,ERR,ERR,ERR,ERR,ERR,ERR,ERR,ERR,ERR,ERR,ERR,ERR,ERR,ERR,ERR,ERR,ERR,ERR,ERR,ERR,50.0,60.0,100,0.0,0.0,0.0,0.0,0.0,0.0,0.0,0.0,0.0,0.0,0.0,0.0,0.0,0.0,0.0,0.0,62.0,77,11,65509,50,65476,0,300,0,0,8,20529,65476,0,0,26214,60.0,0.0,0.0,0.0,0.0,0.0
2026-05-17T16:55:35,ERR,ERR,ERR,ERR,ERR,ERR,ERR,ERR,ERR,ERR,ERR,ERR,ERR,ERR,ERR,ERR,ERR,ERR,ERR,ERR,ERR,ERR,ERR,ERR,ERR,ERR,ERR,ERR,ERR,ERR,ERR,ERR,ERR,ERR,ERR,ERR,ERR,ERR,ERR,ERR,ERR,ERR,ERR,ERR,ERR,ERR,ERR,ERR,ERR,ERR,ERR,ERR,ERR,ERR,ERR,ERR,ERR,ERR,ERR,ERR,ERR,ERR,ERR,ERR,ERR,ERR,ERR,ERR,ERR,ERR,ERR,ERR,ERR,ERR,ERR,ERR,ERR,ERR,ERR,ERR,ERR,ERR,ERR,ERR,ERR,ERR,ERR,ERR,ERR,ERR,ERR,ERR,ERR,ERR,ERR,ERR,ERR,ERR,ERR,ERR,ERR,ERR,ERR,ERR,ERR,ERR,ERR,ERR,ERR,ERR,ERR,ERR,ERR,ERR,ERR,ERR,ERR,ERR,ERR,ERR,ERR,ERR,ERR,ERR,ERR,0.0,0.0,-134474944.0,0.0,0.0,1.3936040501711995e+18,7.805,0.0,0,0,4,0,8422,0.0,45,0.0,0.0,0.0,0.0,0.0,0,0,0,0,0.0,0,0,0,0,0,0,0,0,0,0,0,0,0,0,0,0,0,0,0,0,0,0,0,0,0,0,0,0,0,0,0,0,0,38,14,7,45,65476,0,300,0,0,8,21553,0.0,-107605600.0,0.0,0.0,0.0,0.0,0.0,0.0,0.0,0.0,0.0,0.0,0.0,0.0,0.0,0.0,0.0,0.0,0.0,0.0,0.0,0.0,0.0,0.0,-2.004,2.004,0.0,0.0,0.0,0.0,4980.0,0.0,0.0,0.0,0.0,0.0,-107615304.0,0.0,0.0,0.0,0.0,53,-0.0,4.0668529024359166e+29,0.0,0.0,0.0,0.0,0.0,0.0,0.0,0,0,0,0.0,0.0,0.0,0.0,0.0,0.0,0.0,0.0,0.0,0.0,0.0,0.0,0.0,0.0,0.0,0.0,0,-107875648.0,53,0.0,106,-107614832.0,2.7006707062415038e+23,ERR,ERR,ERR,ERR,ERR,ERR,ERR,ERR,ERR,ERR,ERR,ERR,ERR,ERR,ERR,ERR,ERR,ERR,ERR,ERR,ERR,ERR,ERR,ERR,ERR,ERR,ERR,ERR,ERR,ERR,ERR,ERR,ERR,ERR,ERR,ERR,ERR,ERR,ERR,ERR,ERR,ERR,ERR,ERR,ERR,ERR,ERR,ERR,ERR,ERR,ERR,ERR,ERR,ERR,ERR,ERR,ERR,ERR,ERR,ERR,ERR,ERR,ERR,ERR,ERR,ERR,ERR,50.0,60.0,100,0.0,0.0,0.0,0.0,0.0,0.0,0.0,0.0,0.0,0.0,0.0,0.0,0.0,0.0,0.0,0.0,61.6,77,11,65509,50,65476,0,300,0,0,8,20529,65476,0,0,26214,60.0,0.0,0.0,0.0,0.0,0.0
2026-05-17T16:55:36,ERR,ERR,ERR,ERR,ERR,ERR,ERR,ERR,ERR,ERR,ERR,ERR,ERR,ERR,ERR,ERR,ERR,ERR,ERR,ERR,ERR,ERR,ERR,ERR,ERR,ERR,ERR,ERR,ERR,ERR,ERR,ERR,ERR,ERR,ERR,ERR,ERR,ERR,ERR,ERR,ERR,ERR,ERR,ERR,ERR,ERR,ERR,ERR,ERR,ERR,ERR,ERR,ERR,ERR,ERR,ERR,ERR,ERR,ERR,ERR,ERR,ERR,ERR,ERR,ERR,ERR,ERR,ERR,ERR,ERR,ERR,ERR,ERR,ERR,ERR,ERR,ERR,ERR,ERR,ERR,ERR,ERR,ERR,ERR,ERR,ERR,ERR,ERR,ERR,ERR,ERR,ERR,ERR,ERR,ERR,ERR,ERR,ERR,ERR,ERR,ERR,ERR,ERR,ERR,ERR,ERR,ERR,ERR,ERR,ERR,ERR,ERR,ERR,ERR,ERR,ERR,ERR,ERR,ERR,ERR,ERR,ERR,ERR,ERR,ERR,0.0,0.0,-134474944.0,0.0,0.0,1.3936040501711995e+18,7.805,0.0,0,0,4,0,8422,0.0,45,0.0,0.0,0.0,0.0,0.0,0,0,0,0,0.0,0,0,0,0,0,0,0,0,0,0,0,0,0,0,0,0,0,0,0,0,0,0,0,0,0,0,0,0,0,0,0,0,0,38,14,7,45,65476,0,300,0,0,8,21553,0.0,-107605600.0,0.0,0.0,0.0,0.0,0.0,0.0,0.0,0.0,0.0,0.0,0.0,0.0,0.0,0.0,0.0,0.0,0.0,0.0,0.0,0.0,0.0,0.0,-2.004,2.004,0.0,0.0,0.0,0.0,4980.0,0.0,0.0,0.0,0.0,0.0,-107615304.0,0.0,0.0,0.0,0.0,53,-0.0,4.0668529024359166e+29,0.0,0.0,0.0,0.0,0.0,0.0,0.0,0,0,0,0.0,0.0,0.0,0.0,0.0,0.0,0.0,0.0,0.0,0.0,0.0,0.0,0.0,0.0,0.0,0.0,0,-107875648.0,53,0.0,106,-107614832.0,2.7006707062415038e+23,ERR,ERR,ERR,ERR,ERR,ERR,ERR,ERR,ERR,ERR,ERR,ERR,ERR,ERR,ERR,ERR,ERR,ERR,ERR,ERR,ERR,ERR,ERR,ERR,ERR,ERR,ERR,ERR,ERR,ERR,ERR,ERR,ERR,ERR,ERR,ERR,ERR,ERR,ERR,ERR,ERR,ERR,ERR,ERR,ERR,ERR,ERR,ERR,ERR,ERR,ERR,ERR,ERR,ERR,ERR,ERR,ERR,ERR,ERR,ERR,ERR,ERR,ERR,ERR,ERR,ERR,ERR,50.0,60.0,100,0.0,0.0,0.0,0.0,0.0,0.0,0.0,0.0,0.0,0.0,0.0,0.0,0.0,0.0,0.0,0.0,61.6,77,11,65509,50,65476,0,300,0,0,8,20529,65476,0,0,26214,60.0,0.0,0.0,0.0,0.0,0.0
2026-05-17T16:55:37,ERR,ERR,ERR,ERR,ERR,ERR,ERR,ERR,ERR,ERR,ERR,ERR,ERR,ERR,ERR,ERR,ERR,ERR,ERR,ERR,ERR,ERR,ERR,ERR,ERR,ERR,ERR,ERR,ERR,ERR,ERR,ERR,ERR,ERR,ERR,ERR,ERR,ERR,ERR,ERR,ERR,ERR,ERR,ERR,ERR,ERR,ERR,ERR,ERR,ERR,ERR,ERR,ERR,ERR,ERR,ERR,ERR,ERR,ERR,ERR,ERR,ERR,ERR,ERR,ERR,ERR,ERR,ERR,ERR,ERR,ERR,ERR,ERR,ERR,ERR,ERR,ERR,ERR,ERR,ERR,ERR,ERR,ERR,ERR,ERR,ERR,ERR,ERR,ERR,ERR,ERR,ERR,ERR,ERR,ERR,ERR,ERR,ERR,ERR,ERR,ERR,ERR,ERR,ERR,ERR,ERR,ERR,ERR,ERR,ERR,ERR,ERR,ERR,ERR,ERR,ERR,ERR,ERR,ERR,ERR,ERR,ERR,ERR,ERR,ERR,0.0,0.0,-134474944.0,0.0,0.0,1.3936040501711995e+18,7.805,0.0,0,0,4,0,8422,0.0,45,0.0,0.0,0.0,0.0,0.0,0,0,0,0,0.0,0,0,0,0,0,0,0,0,0,0,0,0,0,0,0,0,0,0,0,0,0,0,0,0,0,0,0,0,0,0,0,0,0,38,14,7,45,65476,0,300,0,0,8,21553,0.0,-107605600.0,0.0,0.0,0.0,0.0,0.0,0.0,0.0,0.0,0.0,0.0,0.0,0.0,0.0,0.0,0.0,0.0,0.0,0.0,0.0,0.0,0.0,0.0,-2.004,2.004,0.0,0.0,0.0,0.0,4945.0,564145699160064.0,0.0,0.0,0.0,0.0,-107615304.0,0.0,0.0,0.0,0.0,53,5.848083413016271e+35,-0.0,0.0,0.0,0.0,0.0,0.0,0.0,0.0,0,0,0,0.0,0.0,0.0,0.0,0.0,0.0,0.0,0.0,0.0,0.0,0.0,0.0,0.0,0.0,0.0,0.0,0,-107875648.0,53,0.0,106,-107614832.0,2.7006707062415038e+23,ERR,ERR,ERR,ERR,ERR,ERR,ERR,ERR,ERR,ERR,ERR,ERR,ERR,ERR,ERR,ERR,ERR,ERR,ERR,ERR,ERR,ERR,ERR,ERR,ERR,ERR,ERR,ERR,ERR,ERR,ERR,ERR,ERR,ERR,ERR,ERR,ERR,ERR,ERR,ERR,ERR,ERR,ERR,ERR,ERR,ERR,ERR,ERR,ERR,ERR,ERR,ERR,ERR,ERR,ERR,ERR,ERR,ERR,ERR,ERR,ERR,ERR,ERR,ERR,ERR,ERR,ERR,50.0,60.0,100,0.0,0.0,0.0,0.0,0.0,0.0,0.0,0.0,0.0,0.0,0.0,0.0,0.0,0.0,0.0,0.0,61.6,77,11,65509,50,65476,0,300,0,0,8,20529,65476,0,0,26214,60.0,0.0,0.0,0.0,0.0,0.0
2026-05-17T16:55:38,ERR,ERR,ERR,ERR,ERR,ERR,ERR,ERR,ERR,ERR,ERR,ERR,ERR,ERR,ERR,ERR,ERR,ERR,ERR,ERR,ERR,ERR,ERR,ERR,ERR,ERR,ERR,ERR,ERR,ERR,ERR,ERR,ERR,ERR,ERR,ERR,ERR,ERR,ERR,ERR,ERR,ERR,ERR,ERR,ERR,ERR,ERR,ERR,ERR,ERR,ERR,ERR,ERR,ERR,ERR,ERR,ERR,ERR,ERR,ERR,ERR,ERR,ERR,ERR,ERR,ERR,ERR,ERR,ERR,ERR,ERR,ERR,ERR,ERR,ERR,ERR,ERR,ERR,ERR,ERR,ERR,ERR,ERR,ERR,ERR,ERR,ERR,ERR,ERR,ERR,ERR,ERR,ERR,ERR,ERR,ERR,ERR,ERR,ERR,ERR,ERR,ERR,ERR,ERR,ERR,ERR,ERR,ERR,ERR,ERR,ERR,ERR,ERR,ERR,ERR,ERR,ERR,ERR,ERR,ERR,ERR,ERR,ERR,ERR,ERR,0.0,0.0,-134474944.0,0.0,0.0,1.3936040501711995e+18,7.805,0.0,0,0,4,0,8422,0.0,45,0.0,0.0,0.0,0.0,0.0,0,0,0,0,0.0,0,0,0,0,0,0,0,0,0,0,0,0,0,0,0,0,0,0,0,0,0,0,0,0,0,0,0,0,0,0,0,0,0,38,14,7,45,65476,0,300,0,0,8,21553,0.0,-107605600.0,0.0,0.0,0.0,0.0,0.0,0.0,0.0,0.0,0.0,0.0,0.0,0.0,0.0,0.0,0.0,0.0,0.0,0.0,0.0,0.0,0.0,0.0,-2.004,2.004,0.0,0.0,0.0,0.0,4945.0,564145699160064.0,0.0,0.0,0.0,0.0,-107615304.0,0.0,0.0,0.0,0.0,53,5.848083413016271e+35,-0.0,0.0,0.0,0.0,0.0,0.0,0.0,0.0,0,0,0,0.0,0.0,0.0,0.0,0.0,0.0,0.0,0.0,0.0,0.0,0.0,0.0,0.0,0.0,0.0,0.0,0,-107875648.0,53,0.0,106,-107614832.0,2.7006707062415038e+23,ERR,ERR,ERR,ERR,ERR,ERR,ERR,ERR,ERR,ERR,ERR,ERR,ERR,ERR,ERR,ERR,ERR,ERR,ERR,ERR,ERR,ERR,ERR,ERR,ERR,ERR,ERR,ERR,ERR,ERR,ERR,ERR,ERR,ERR,ERR,ERR,ERR,ERR,ERR,ERR,ERR,ERR,ERR,ERR,ERR,ERR,ERR,ERR,ERR,ERR,ERR,ERR,ERR,ERR,ERR,ERR,ERR,ERR,ERR,ERR,ERR,ERR,ERR,ERR,ERR,ERR,ERR,50.0,60.0,100,0.0,0.0,0.0,0.0,0.0,0.0,0.0,0.0,0.0,0.0,0.0,0.0,0.0,0.0,0.0,0.0,61.6,77,11,65509,50,65476,0,300,0,0,8,20529,65476,0,0,26214,60.0,0.0,0.0,0.0,0.0,0.0
2026-05-17T16:55:39,ERR,ERR,ERR,ERR,ERR,ERR,ERR,ERR,ERR,ERR,ERR,ERR,ERR,ERR,ERR,ERR,ERR,ERR,ERR,ERR,ERR,ERR,ERR,ERR,ERR,ERR,ERR,ERR,ERR,ERR,ERR,ERR,ERR,ERR,ERR,ERR,ERR,ERR,ERR,ERR,ERR,ERR,ERR,ERR,ERR,ERR,ERR,ERR,ERR,ERR,ERR,ERR,ERR,ERR,ERR,ERR,ERR,ERR,ERR,ERR,ERR,ERR,ERR,ERR,ERR,ERR,ERR,ERR,ERR,ERR,ERR,ERR,ERR,ERR,ERR,ERR,ERR,ERR,ERR,ERR,ERR,ERR,ERR,ERR,ERR,ERR,ERR,ERR,ERR,ERR,ERR,ERR,ERR,ERR,ERR,ERR,ERR,ERR,ERR,ERR,ERR,ERR,ERR,ERR,ERR,ERR,ERR,ERR,ERR,ERR,ERR,ERR,ERR,ERR,ERR,ERR,ERR,ERR,ERR,ERR,ERR,ERR,ERR,ERR,ERR,0.0,0.0,-134474944.0,0.0,0.0,1.3936040501711995e+18,7.805,0.0,0,0,4,0,8422,0.0,45,0.0,0.0,0.0,0.0,0.0,0,0,0,0,0.0,0,0,0,0,0,0,0,0,0,0,0,0,0,0,0,0,0,0,0,0,0,0,0,0,0,0,0,0,0,0,0,0,0,38,14,7,45,65476,0,300,0,0,8,21553,0.0,-107605600.0,0.0,0.0,0.0,0.0,0.0,0.0,0.0,0.0,0.0,0.0,0.0,0.0,0.0,0.0,0.0,0.0,0.0,0.0,0.0,0.0,0.0,0.0,-2.004,2.004,0.0,0.0,0.0,0.0,4945.0,564145699160064.0,0.0,0.0,0.0,0.0,-107615304.0,0.0,0.0,0.0,0.0,53,5.848083413016271e+35,-0.0,0.0,0.0,0.0,0.0,0.0,0.0,0.0,0,0,0,0.0,0.0,0.0,0.0,0.0,0.0,0.0,0.0,0.0,0.0,0.0,0.0,0.0,0.0,0.0,0.0,0,-107875648.0,53,0.0,106,-107614832.0,2.7006707062415038e+23,ERR,ERR,ERR,ERR,ERR,ERR,ERR,ERR,ERR,ERR,ERR,ERR,ERR,ERR,ERR,ERR,ERR,ERR,ERR,ERR,ERR,ERR,ERR,ERR,ERR,ERR,ERR,ERR,ERR,ERR,ERR,ERR,ERR,ERR,ERR,ERR,ERR,ERR,ERR,ERR,ERR,ERR,ERR,ERR,ERR,ERR,ERR,ERR,ERR,ERR,ERR,ERR,ERR,ERR,ERR,ERR,ERR,ERR,ERR,ERR,ERR,ERR,ERR,ERR,ERR,ERR,ERR,50.0,60.0,100,0.0,0.0,0.0,0.0,0.0,0.0,0.0,0.0,0.0,0.0,0.0,0.0,0.0,0.0,0.0,0.0,61.6,77,11,65509,50,65476,0,300,0,0,8,20529,65476,0,0,26214,60.0,0.0,0.0,0.0,0.0,0.0
2026-05-17T16:55:40,ERR,ERR,ERR,ERR,ERR,ERR,ERR,ERR,ERR,ERR,ERR,ERR,ERR,ERR,ERR,ERR,ERR,ERR,ERR,ERR,ERR,ERR,ERR,ERR,ERR,ERR,ERR,ERR,ERR,ERR,ERR,ERR,ERR,ERR,ERR,ERR,ERR,ERR,ERR,ERR,ERR,ERR,ERR,ERR,ERR,ERR,ERR,ERR,ERR,ERR,ERR,ERR,ERR,ERR,ERR,ERR,ERR,ERR,ERR,ERR,ERR,ERR,ERR,ERR,ERR,ERR,ERR,ERR,ERR,ERR,ERR,ERR,ERR,ERR,ERR,ERR,ERR,ERR,ERR,ERR,ERR,ERR,ERR,ERR,ERR,ERR,ERR,ERR,ERR,ERR,ERR,ERR,ERR,ERR,ERR,ERR,ERR,ERR,ERR,ERR,ERR,ERR,ERR,ERR,ERR,ERR,ERR,ERR,ERR,ERR,ERR,ERR,ERR,ERR,ERR,ERR,ERR,ERR,ERR,ERR,ERR,ERR,ERR,ERR,ERR,0.0,0.0,-134474944.0,0.0,0.0,1.3936040501711995e+18,7.805,0.0,0,0,4,0,8422,0.0,45,0.0,0.0,0.0,0.0,0.0,0,0,0,0,0.0,0,0,0,0,0,0,0,0,0,0,0,0,0,0,0,0,0,0,0,0,0,0,0,0,0,0,0,0,0,0,0,0,0,38,14,7,45,65476,0,300,0,0,8,21553,0.0,-107605600.0,0.0,0.0,0.0,0.0,0.0,0.0,0.0,0.0,0.0,0.0,0.0,0.0,0.0,0.0,0.0,0.0,0.0,0.0,0.0,0.0,0.0,0.0,-2.004,2.004,0.0,0.0,0.0,0.0,4945.0,564145699160064.0,0.0,0.0,0.0,0.0,-107615304.0,0.0,0.0,0.0,0.0,53,5.848083413016271e+35,-0.0,0.0,0.0,0.0,0.0,0.0,0.0,0.0,0,0,0,0.0,0.0,0.0,0.0,0.0,0.0,0.0,0.0,0.0,0.0,0.0,0.0,0.0,0.0,0.0,0.0,0,-107875648.0,53,0.0,106,-107614832.0,2.7006707062415038e+23,ERR,ERR,ERR,ERR,ERR,ERR,ERR,ERR,ERR,ERR,ERR,ERR,ERR,ERR,ERR,ERR,ERR,ERR,ERR,ERR,ERR,ERR,ERR,ERR,ERR,ERR,ERR,ERR,ERR,ERR,ERR,ERR,ERR,ERR,ERR,ERR,ERR,ERR,ERR,ERR,ERR,ERR,ERR,ERR,ERR,ERR,ERR,ERR,ERR,ERR,ERR,ERR,ERR,ERR,ERR,ERR,ERR,ERR,ERR,ERR,ERR,ERR,ERR,ERR,ERR,ERR,ERR,50.0,60.0,100,0.0,0.0,0.0,0.0,0.0,0.0,0.0,0.0,0.0,0.0,0.0,0.0,0.0,0.0,0.0,0.0,61.6,77,11,65509,50,65476,0,300,0,0,8,20529,65476,0,0,26214,60.0,0.0,0.0,0.0,0.0,0.0
2026-05-17T16:55:41,ERR,ERR,ERR,ERR,ERR,ERR,ERR,ERR,ERR,ERR,ERR,ERR,ERR,ERR,ERR,ERR,ERR,ERR,ERR,ERR,ERR,ERR,ERR,ERR,ERR,ERR,ERR,ERR,ERR,ERR,ERR,ERR,ERR,ERR,ERR,ERR,ERR,ERR,ERR,ERR,ERR,ERR,ERR,ERR,ERR,ERR,ERR,ERR,ERR,ERR,ERR,ERR,ERR,ERR,ERR,ERR,ERR,ERR,ERR,ERR,ERR,ERR,ERR,ERR,ERR,ERR,ERR,ERR,ERR,ERR,ERR,ERR,ERR,ERR,ERR,ERR,ERR,ERR,ERR,ERR,ERR,ERR,ERR,ERR,ERR,ERR,ERR,ERR,ERR,ERR,ERR,ERR,ERR,ERR,ERR,ERR,ERR,ERR,ERR,ERR,ERR,ERR,ERR,ERR,ERR,ERR,ERR,ERR,ERR,ERR,ERR,ERR,ERR,ERR,ERR,ERR,ERR,ERR,ERR,ERR,ERR,ERR,ERR,ERR,ERR,0.0,0.0,-134474944.0,0.0,0.0,1.3936040501711995e+18,7.805,0.0,0,0,4,0,8422,0.0,45,0.0,0.0,0.0,0.0,0.0,0,0,0,0,0.0,0,0,0,0,0,0,0,0,0,0,0,0,0,0,0,0,0,0,0,0,0,0,0,0,0,0,0,0,0,0,0,0,0,38,14,7,45,65476,0,300,0,0,8,21553,0.0,-107605600.0,0.0,0.0,0.0,0.0,0.0,0.0,0.0,0.0,0.0,0.0,0.0,0.0,0.0,0.0,0.0,0.0,0.0,0.0,0.0,0.0,0.0,0.0,-2.004,2.004,0.0,0.0,0.0,0.0,4945.0,564145699160064.0,0.0,0.0,0.0,0.0,-107615304.0,0.0,0.0,0.0,0.0,53,5.848083413016271e+35,-0.0,0.0,0.0,0.0,0.0,0.0,0.0,0.0,0,0,0,0.0,0.0,0.0,0.0,0.0,0.0,0.0,0.0,0.0,0.0,0.0,0.0,0.0,0.0,0.0,0.0,0,-107875648.0,53,0.0,106,-107614832.0,2.7006707062415038e+23,ERR,ERR,ERR,ERR,ERR,ERR,ERR,ERR,ERR,ERR,ERR,ERR,ERR,ERR,ERR,ERR,ERR,ERR,ERR,ERR,ERR,ERR,ERR,ERR,ERR,ERR,ERR,ERR,ERR,ERR,ERR,ERR,ERR,ERR,ERR,ERR,ERR,ERR,ERR,ERR,ERR,ERR,ERR,ERR,ERR,ERR,ERR,ERR,ERR,ERR,ERR,ERR,ERR,ERR,ERR,ERR,ERR,ERR,ERR,ERR,ERR,ERR,ERR,ERR,ERR,ERR,ERR,50.0,60.0,100,0.0,0.0,0.0,0.0,0.0,0.0,0.0,0.0,0.0,0.0,0.0,0.0,0.0,0.0,0.0,0.0,61.6,77,11,65509,50,65476,0,300,0,0,8,20529,65476,0,0,26214,60.0,0.0,0.0,0.0,0.0,0.0
2026-05-17T16:55:42,ERR,ERR,ERR,ERR,ERR,ERR,ERR,ERR,ERR,ERR,ERR,ERR,ERR,ERR,ERR,ERR,ERR,ERR,ERR,ERR,ERR,ERR,ERR,ERR,ERR,ERR,ERR,ERR,ERR,ERR,ERR,ERR,ERR,ERR,ERR,ERR,ERR,ERR,ERR,ERR,ERR,ERR,ERR,ERR,ERR,ERR,ERR,ERR,ERR,ERR,ERR,ERR,ERR,ERR,ERR,ERR,ERR,ERR,ERR,ERR,ERR,ERR,ERR,ERR,ERR,ERR,ERR,ERR,ERR,ERR,ERR,ERR,ERR,ERR,ERR,ERR,ERR,ERR,ERR,ERR,ERR,ERR,ERR,ERR,ERR,ERR,ERR,ERR,ERR,ERR,ERR,ERR,ERR,ERR,ERR,ERR,ERR,ERR,ERR,ERR,ERR,ERR,ERR,ERR,ERR,ERR,ERR,ERR,ERR,ERR,ERR,ERR,ERR,ERR,ERR,ERR,ERR,ERR,ERR,ERR,ERR,ERR,ERR,ERR,ERR,0.0,0.0,-134474944.0,0.0,0.0,1.3936040501711995e+18,7.805,0.0,0,0,4,0,8422,0.0,45,0.0,0.0,0.0,0.0,0.0,0,0,0,0,0.0,0,0,0,0,0,0,0,0,0,0,0,0,0,0,0,0,0,0,0,0,0,0,0,0,0,0,0,0,0,0,0,0,0,38,14,7,45,65476,0,300,0,0,8,21553,0.0,-107605600.0,0.0,0.0,0.0,0.0,0.0,0.0,0.0,0.0,0.0,0.0,0.0,0.0,0.0,0.0,0.0,0.0,0.0,0.0,0.0,0.0,0.0,2.004,-2.004,2.004,0.0,0.0,0.0,0.0,4949.0,8608180224.0,0.0,0.0,0.0,0.0,-107615304.0,0.0,0.0,0.0,0.0,53,4.066880103266858e+29,-0.0,0.0,0.0,0.0,0.0,0.0,0.0,0.0,0,0,0,0.0,0.0,0.0,0.0,0.0,0.0,0.0,0.0,0.0,0.0,0.0,0.0,0.0,0.0,0.0,0.0,0,-107875648.0,53,0.0,106,-107614832.0,2.7006707062415038e+23,ERR,ERR,ERR,ERR,ERR,ERR,ERR,ERR,ERR,ERR,ERR,ERR,ERR,ERR,ERR,ERR,ERR,ERR,ERR,ERR,ERR,ERR,ERR,ERR,ERR,ERR,ERR,ERR,ERR,ERR,ERR,ERR,ERR,ERR,ERR,ERR,ERR,ERR,ERR,ERR,ERR,ERR,ERR,ERR,ERR,ERR,ERR,ERR,ERR,ERR,ERR,ERR,ERR,ERR,ERR,ERR,ERR,ERR,ERR,ERR,ERR,ERR,ERR,ERR,ERR,ERR,ERR,50.0,60.0,100,0.0,0.0,0.0,0.0,0.0,0.0,0.0,0.0,0.0,0.0,0.0,0.0,0.0,0.0,0.0,0.0,61.6,77,11,65509,50,65476,0,300,0,0,8,20529,65476,0,0,26214,60.0,0.0,0.0,0.0,0.0,0.0
2026-05-17T16:55:43,ERR,ERR,ERR,ERR,ERR,ERR,ERR,ERR,ERR,ERR,ERR,ERR,ERR,ERR,ERR,ERR,ERR,ERR,ERR,ERR,ERR,ERR,ERR,ERR,ERR,ERR,ERR,ERR,ERR,ERR,ERR,ERR,ERR,ERR,ERR,ERR,ERR,ERR,ERR,ERR,ERR,ERR,ERR,ERR,ERR,ERR,ERR,ERR,ERR,ERR,ERR,ERR,ERR,ERR,ERR,ERR,ERR,ERR,ERR,ERR,ERR,ERR,ERR,ERR,ERR,ERR,ERR,ERR,ERR,ERR,ERR,ERR,ERR,ERR,ERR,ERR,ERR,ERR,ERR,ERR,ERR,ERR,ERR,ERR,ERR,ERR,ERR,ERR,ERR,ERR,ERR,ERR,ERR,ERR,ERR,ERR,ERR,ERR,ERR,ERR,ERR,ERR,ERR,ERR,ERR,ERR,ERR,ERR,ERR,ERR,ERR,ERR,ERR,ERR,ERR,ERR,ERR,ERR,ERR,ERR,ERR,ERR,ERR,ERR,ERR,0.0,0.0,-134474944.0,0.0,0.0,1.3936040501711995e+18,7.805,0.0,0,0,4,0,8422,0.0,45,0.0,0.0,0.0,0.0,0.0,0,0,0,0,0.0,0,0,0,0,0,0,0,0,0,0,0,0,0,0,0,0,0,0,0,0,0,0,0,0,0,0,0,0,0,0,0,0,0,38,14,7,45,65476,0,300,0,0,8,21553,0.0,-107605600.0,0.0,0.0,0.0,0.0,0.0,0.0,0.0,0.0,0.0,0.0,0.0,0.0,0.0,0.0,0.0,0.0,0.0,0.0,0.0,0.0,0.0,2.004,-2.004,2.004,0.0,0.0,0.0,0.0,4949.0,8608180224.0,0.0,0.0,0.0,0.0,-107615304.0,0.0,0.0,0.0,0.0,53,4.066880103266858e+29,-0.0,0.0,0.0,0.0,0.0,0.0,0.0,0.0,0,0,0,0.0,0.0,0.0,0.0,0.0,0.0,0.0,0.0,0.0,0.0,0.0,0.0,0.0,0.0,0.0,0.0,0,-107875648.0,53,0.0,106,-107614832.0,2.7006707062415038e+23,ERR,ERR,ERR,ERR,ERR,ERR,ERR,ERR,ERR,ERR,ERR,ERR,ERR,ERR,ERR,ERR,ERR,ERR,ERR,ERR,ERR,ERR,ERR,ERR,ERR,ERR,ERR,ERR,ERR,ERR,ERR,ERR,ERR,ERR,ERR,ERR,ERR,ERR,ERR,ERR,ERR,ERR,ERR,ERR,ERR,ERR,ERR,ERR,ERR,ERR,ERR,ERR,ERR,ERR,ERR,ERR,ERR,ERR,ERR,ERR,ERR,ERR,ERR,ERR,ERR,ERR,ERR,50.0,60.0,100,0.0,0.0,0.0,0.0,0.0,0.0,0.0,0.0,0.0,0.0,0.0,0.0,0.0,0.0,0.0,0.0,61.6,77,11,65509,50,65476,0,300,0,0,8,20529,65476,0,0,26214,60.0,0.0,0.0,0.0,0.0,0.0
2026-05-17T16:55:44,ERR,ERR,ERR,ERR,ERR,ERR,ERR,ERR,ERR,ERR,ERR,ERR,ERR,ERR,ERR,ERR,ERR,ERR,ERR,ERR,ERR,ERR,ERR,ERR,ERR,ERR,ERR,ERR,ERR,ERR,ERR,ERR,ERR,ERR,ERR,ERR,ERR,ERR,ERR,ERR,ERR,ERR,ERR,ERR,ERR,ERR,ERR,ERR,ERR,ERR,ERR,ERR,ERR,ERR,ERR,ERR,ERR,ERR,ERR,ERR,ERR,ERR,ERR,ERR,ERR,ERR,ERR,ERR,ERR,ERR,ERR,ERR,ERR,ERR,ERR,ERR,ERR,ERR,ERR,ERR,ERR,ERR,ERR,ERR,ERR,ERR,ERR,ERR,ERR,ERR,ERR,ERR,ERR,ERR,ERR,ERR,ERR,ERR,ERR,ERR,ERR,ERR,ERR,ERR,ERR,ERR,ERR,ERR,ERR,ERR,ERR,ERR,ERR,ERR,ERR,ERR,ERR,ERR,ERR,ERR,ERR,ERR,ERR,ERR,ERR,0.0,0.0,-134474944.0,0.0,0.0,1.3936040501711995e+18,7.805,0.0,0,0,4,0,8422,0.0,45,0.0,0.0,0.0,0.0,0.0,0,0,0,0,0.0,0,0,0,0,0,0,0,0,0,0,0,0,0,0,0,0,0,0,0,0,0,0,0,0,0,0,0,0,0,0,0,0,0,38,14,7,45,65476,0,300,0,0,8,21553,0.0,-107605600.0,0.0,0.0,0.0,0.0,0.0,0.0,0.0,0.0,0.0,0.0,0.0,0.0,0.0,0.0,0.0,0.0,0.0,0.0,0.0,0.0,0.0,2.004,-2.004,2.004,0.0,0.0,0.0,0.0,4949.0,8608180224.0,0.0,0.0,0.0,0.0,-107615304.0,0.0,0.0,0.0,0.0,53,4.066880103266858e+29,-0.0,0.0,0.0,0.0,0.0,0.0,0.0,0.0,0,0,0,0.0,0.0,0.0,0.0,0.0,0.0,0.0,0.0,0.0,0.0,0.0,0.0,0.0,0.0,0.0,0.0,0,-107875648.0,53,0.0,106,-107614832.0,2.7006707062415038e+23,ERR,ERR,ERR,ERR,ERR,ERR,ERR,ERR,ERR,ERR,ERR,ERR,ERR,ERR,ERR,ERR,ERR,ERR,ERR,ERR,ERR,ERR,ERR,ERR,ERR,ERR,ERR,ERR,ERR,ERR,ERR,ERR,ERR,ERR,ERR,ERR,ERR,ERR,ERR,ERR,ERR,ERR,ERR,ERR,ERR,ERR,ERR,ERR,ERR,ERR,ERR,ERR,ERR,ERR,ERR,ERR,ERR,ERR,ERR,ERR,ERR,ERR,ERR,ERR,ERR,ERR,ERR,50.0,60.0,100,0.0,0.0,0.0,0.0,0.0,0.0,0.0,0.0,0.0,0.0,0.0,0.0,0.0,0.0,0.0,0.0,62.0,77,11,65509,50,65476,0,300,0,0,8,20529,65476,0,0,26214,60.0,0.0,0.0,0.0,0.0,0.0
2026-05-17T16:55:45,ERR,ERR,ERR,ERR,ERR,ERR,ERR,ERR,ERR,ERR,ERR,ERR,ERR,ERR,ERR,ERR,ERR,ERR,ERR,ERR,ERR,ERR,ERR,ERR,ERR,ERR,ERR,ERR,ERR,ERR,ERR,ERR,ERR,ERR,ERR,ERR,ERR,ERR,ERR,ERR,ERR,ERR,ERR,ERR,ERR,ERR,ERR,ERR,ERR,ERR,ERR,ERR,ERR,ERR,ERR,ERR,ERR,ERR,ERR,ERR,ERR,ERR,ERR,ERR,ERR,ERR,ERR,ERR,ERR,ERR,ERR,ERR,ERR,ERR,ERR,ERR,ERR,ERR,ERR,ERR,ERR,ERR,ERR,ERR,ERR,ERR,ERR,ERR,ERR,ERR,ERR,ERR,ERR,ERR,ERR,ERR,ERR,ERR,ERR,ERR,ERR,ERR,ERR,ERR,ERR,ERR,ERR,ERR,ERR,ERR,ERR,ERR,ERR,ERR,ERR,ERR,ERR,ERR,ERR,ERR,ERR,ERR,ERR,ERR,ERR,0.0,0.0,-134474944.0,0.0,0.0,1.3936040501711995e+18,7.805,0.0,0,0,4,0,8422,0.0,45,0.0,0.0,0.0,0.0,0.0,0,0,0,0,0.0,0,0,0,0,0,0,0,0,0,0,0,0,0,0,0,0,0,0,0,0,0,0,0,0,0,0,0,0,0,0,0,0,0,38,14,7,45,65476,0,300,0,0,8,21553,0.0,-107605600.0,0.0,0.0,0.0,0.0,0.0,0.0,0.0,0.0,0.0,0.0,0.0,0.0,0.0,0.0,0.0,0.0,0.0,0.0,0.0,0.0,0.0,2.004,-2.004,2.004,0.0,0.0,0.0,0.0,4949.0,8608180224.0,0.0,0.0,0.0,0.0,-107615304.0,0.0,0.0,0.0,0.0,53,4.066880103266858e+29,-0.0,0.0,0.0,0.0,0.0,0.0,0.0,0.0,0,0,0,0.0,0.0,0.0,0.0,0.0,0.0,0.0,0.0,0.0,0.0,0.0,0.0,0.0,0.0,0.0,0.0,0,-107875648.0,53,0.0,106,-107614832.0,2.7006707062415038e+23,ERR,ERR,ERR,ERR,ERR,ERR,ERR,ERR,ERR,ERR,ERR,ERR,ERR,ERR,ERR,ERR,ERR,ERR,ERR,ERR,ERR,ERR,ERR,ERR,ERR,ERR,ERR,ERR,ERR,ERR,ERR,ERR,ERR,ERR,ERR,ERR,ERR,ERR,ERR,ERR,ERR,ERR,ERR,ERR,ERR,ERR,ERR,ERR,ERR,ERR,ERR,ERR,ERR,ERR,ERR,ERR,ERR,ERR,ERR,ERR,ERR,ERR,ERR,ERR,ERR,ERR,ERR,50.0,60.0,100,0.0,0.0,0.0,0.0,0.0,0.0,0.0,0.0,0.0,0.0,0.0,0.0,0.0,0.0,0.0,0.0,61.6,77,11,65509,50,65476,0,300,0,0,8,20529,65476,0,0,26214,60.0,0.0,0.0,0.0,0.0,0.0
2026-05-17T16:55:46,ERR,ERR,ERR,ERR,ERR,ERR,ERR,ERR,ERR,ERR,ERR,ERR,ERR,ERR,ERR,ERR,ERR,ERR,ERR,ERR,ERR,ERR,ERR,ERR,ERR,ERR,ERR,ERR,ERR,ERR,ERR,ERR,ERR,ERR,ERR,ERR,ERR,ERR,ERR,ERR,ERR,ERR,ERR,ERR,ERR,ERR,ERR,ERR,ERR,ERR,ERR,ERR,ERR,ERR,ERR,ERR,ERR,ERR,ERR,ERR,ERR,ERR,ERR,ERR,ERR,ERR,ERR,ERR,ERR,ERR,ERR,ERR,ERR,ERR,ERR,ERR,ERR,ERR,ERR,ERR,ERR,ERR,ERR,ERR,ERR,ERR,ERR,ERR,ERR,ERR,ERR,ERR,ERR,ERR,ERR,ERR,ERR,ERR,ERR,ERR,ERR,ERR,ERR,ERR,ERR,ERR,ERR,ERR,ERR,ERR,ERR,ERR,ERR,ERR,ERR,ERR,ERR,ERR,ERR,ERR,ERR,ERR,ERR,ERR,ERR,0.0,0.0,-134474944.0,0.0,0.0,1.3936040501711995e+18,7.805,0.0,0,0,4,0,8422,0.0,45,0.0,0.0,0.0,0.0,0.0,0,0,0,0,0.0,0,0,0,0,0,0,0,0,0,0,0,0,0,0,0,0,0,0,0,0,0,0,0,0,0,0,0,0,0,0,0,0,0,38,14,7,45,65476,0,300,0,0,8,21553,0.0,-107605600.0,0.0,0.0,0.0,0.0,0.0,0.0,0.0,0.0,0.0,0.0,0.0,0.0,0.0,0.0,0.0,0.0,0.0,0.0,0.0,0.0,0.0,2.004,-2.004,2.004,0.0,0.0,0.0,0.0,4949.0,8608180224.0,0.0,0.0,0.0,0.0,-107615304.0,0.0,0.0,0.0,0.0,53,4.066880103266858e+29,-0.0,0.0,0.0,0.0,0.0,0.0,0.0,0.0,0,0,0,0.0,0.0,0.0,0.0,0.0,0.0,0.0,0.0,0.0,0.0,0.0,0.0,0.0,0.0,0.0,0.0,0,-107875648.0,53,0.0,106,-107614832.0,2.7006707062415038e+23,ERR,ERR,ERR,ERR,ERR,ERR,ERR,ERR,ERR,ERR,ERR,ERR,ERR,ERR,ERR,ERR,ERR,ERR,ERR,ERR,ERR,ERR,ERR,ERR,ERR,ERR,ERR,ERR,ERR,ERR,ERR,ERR,ERR,ERR,ERR,ERR,ERR,ERR,ERR,ERR,ERR,ERR,ERR,ERR,ERR,ERR,ERR,ERR,ERR,ERR,ERR,ERR,ERR,ERR,ERR,ERR,ERR,ERR,ERR,ERR,ERR,ERR,ERR,ERR,ERR,ERR,ERR,50.0,60.0,100,0.0,0.0,0.0,0.0,0.0,0.0,0.0,0.0,0.0,0.0,0.0,0.0,0.0,0.0,0.0,0.0,61.6,77,11,65509,50,65476,0,300,0,0,8,20529,65476,0,0,26214,60.0,0.0,0.0,0.0,0.0,0.0
2026-05-17T16:55:47,ERR,ERR,ERR,ERR,ERR,ERR,ERR,ERR,ERR,ERR,ERR,ERR,ERR,ERR,ERR,ERR,ERR,ERR,ERR,ERR,ERR,ERR,ERR,ERR,ERR,ERR,ERR,ERR,ERR,ERR,ERR,ERR,ERR,ERR,ERR,ERR,ERR,ERR,ERR,ERR,ERR,ERR,ERR,ERR,ERR,ERR,ERR,ERR,ERR,ERR,ERR,ERR,ERR,ERR,ERR,ERR,ERR,ERR,ERR,ERR,ERR,ERR,ERR,ERR,ERR,ERR,ERR,ERR,ERR,ERR,ERR,ERR,ERR,ERR,ERR,ERR,ERR,ERR,ERR,ERR,ERR,ERR,ERR,ERR,ERR,ERR,ERR,ERR,ERR,ERR,ERR,ERR,ERR,ERR,ERR,ERR,ERR,ERR,ERR,ERR,ERR,ERR,ERR,ERR,ERR,ERR,ERR,ERR,ERR,ERR,ERR,ERR,ERR,ERR,ERR,ERR,ERR,ERR,ERR,ERR,ERR,ERR,ERR,ERR,ERR,0.0,0.0,-134474944.0,0.0,0.0,1.3936040501711995e+18,7.805,0.0,0,0,4,0,8422,0.0,45,0.0,0.0,0.0,0.0,0.0,0,0,0,0,0.0,0,0,0,0,0,0,0,0,0,0,0,0,0,0,0,0,0,0,0,0,0,0,0,0,0,0,0,0,0,0,0,0,0,38,14,7,45,65476,0,300,0,0,8,21553,0.0,-107605600.0,0.0,0.0,0.0,0.0,0.0,0.0,0.0,0.0,0.0,0.0,0.0,0.0,-2.596148429267414e+33,0.0,0.0,0.0,0.0,0.0,0.0,0.0,0.0,0.0,-2.004,2.004,0.0,0.0,0.0,0.0,4950.0,-1.5879289753249576e+29,0.0,0.0,0.0,0.0,-107615304.0,0.0,0.0,0.0,0.0,53,-0.0,126840520704.0,0.0,0.0,0.0,0.0,0.0,0.0,0.0,0,0,0,0.0,0.0,0.0,0.0,0.0,0.0,0.0,0.0,0.0,0.0,0.0,0.0,0.0,0.0,0.0,0.0,0,-107875648.0,53,0.0,106,-107614832.0,2.7006707062415038e+23,ERR,ERR,ERR,ERR,ERR,ERR,ERR,ERR,ERR,ERR,ERR,ERR,ERR,ERR,ERR,ERR,ERR,ERR,ERR,ERR,ERR,ERR,ERR,ERR,ERR,ERR,ERR,ERR,ERR,ERR,ERR,ERR,ERR,ERR,ERR,ERR,ERR,ERR,ERR,ERR,ERR,ERR,ERR,ERR,ERR,ERR,ERR,ERR,ERR,ERR,ERR,ERR,ERR,ERR,ERR,ERR,ERR,ERR,ERR,ERR,ERR,ERR,ERR,ERR,ERR,ERR,ERR,50.0,60.0,100,0.0,0.0,0.0,0.0,0.0,0.0,0.0,0.0,0.0,0.0,0.0,0.0,0.0,0.0,0.0,0.0,61.6,77,11,65509,50,65476,0,300,0,0,8,20529,65476,0,0,26214,60.0,0.0,0.0,0.0,0.0,0.0
2026-05-17T16:55:48,ERR,ERR,ERR,ERR,ERR,ERR,ERR,ERR,ERR,ERR,ERR,ERR,ERR,ERR,ERR,ERR,ERR,ERR,ERR,ERR,ERR,ERR,ERR,ERR,ERR,ERR,ERR,ERR,ERR,ERR,ERR,ERR,ERR,ERR,ERR,ERR,ERR,ERR,ERR,ERR,ERR,ERR,ERR,ERR,ERR,ERR,ERR,ERR,ERR,ERR,ERR,ERR,ERR,ERR,ERR,ERR,ERR,ERR,ERR,ERR,ERR,ERR,ERR,ERR,ERR,ERR,ERR,ERR,ERR,ERR,ERR,ERR,ERR,ERR,ERR,ERR,ERR,ERR,ERR,ERR,ERR,ERR,ERR,ERR,ERR,ERR,ERR,ERR,ERR,ERR,ERR,ERR,ERR,ERR,ERR,ERR,ERR,ERR,ERR,ERR,ERR,ERR,ERR,ERR,ERR,ERR,ERR,ERR,ERR,ERR,ERR,ERR,ERR,ERR,ERR,ERR,ERR,ERR,ERR,ERR,ERR,ERR,ERR,ERR,ERR,0.0,0.0,-134474944.0,0.0,0.0,1.3936040501711995e+18,7.805,0.0,0,0,4,0,8422,0.0,45,0.0,0.0,0.0,0.0,0.0,0,0,0,0,0.0,0,0,0,0,0,0,0,0,0,0,0,0,0,0,0,0,0,0,0,0,0,0,0,0,0,0,0,0,0,0,0,0,0,38,14,7,45,65476,0,300,0,0,8,21553,0.0,-107605600.0,0.0,0.0,0.0,0.0,0.0,0.0,0.0,0.0,0.0,0.0,0.0,0.0,-2.596148429267414e+33,0.0,0.0,0.0,0.0,0.0,0.0,0.0,0.0,0.0,-2.004,2.004,0.0,0.0,0.0,0.0,4950.0,-1.5879289753249576e+29,0.0,0.0,0.0,0.0,-107615304.0,0.0,0.0,0.0,0.0,53,-0.0,126840520704.0,0.0,0.0,0.0,0.0,0.0,0.0,0.0,0,0,0,0.0,0.0,0.0,0.0,0.0,0.0,0.0,0.0,0.0,0.0,0.0,0.0,0.0,0.0,0.0,0.0,0,-107875648.0,53,0.0,106,-107614832.0,2.7006707062415038e+23,ERR,ERR,ERR,ERR,ERR,ERR,ERR,ERR,ERR,ERR,ERR,ERR,ERR,ERR,ERR,ERR,ERR,ERR,ERR,ERR,ERR,ERR,ERR,ERR,ERR,ERR,ERR,ERR,ERR,ERR,ERR,ERR,ERR,ERR,ERR,ERR,ERR,ERR,ERR,ERR,ERR,ERR,ERR,ERR,ERR,ERR,ERR,ERR,ERR,ERR,ERR,ERR,ERR,ERR,ERR,ERR,ERR,ERR,ERR,ERR,ERR,ERR,ERR,ERR,ERR,ERR,ERR,50.0,60.0,100,0.0,0.0,0.0,0.0,0.0,0.0,0.0,0.0,0.0,0.0,0.0,0.0,0.0,0.0,0.0,0.0,61.6,77,11,65509,50,65476,0,300,0,0,8,20529,65476,0,0,26214,60.0,0.0,0.0,0.0,0.0,0.0
2026-05-17T16:55:49,ERR,ERR,ERR,ERR,ERR,ERR,ERR,ERR,ERR,ERR,ERR,ERR,ERR,ERR,ERR,ERR,ERR,ERR,ERR,ERR,ERR,ERR,ERR,ERR,ERR,ERR,ERR,ERR,ERR,ERR,ERR,ERR,ERR,ERR,ERR,ERR,ERR,ERR,ERR,ERR,ERR,ERR,ERR,ERR,ERR,ERR,ERR,ERR,ERR,ERR,ERR,ERR,ERR,ERR,ERR,ERR,ERR,ERR,ERR,ERR,ERR,ERR,ERR,ERR,ERR,ERR,ERR,ERR,ERR,ERR,ERR,ERR,ERR,ERR,ERR,ERR,ERR,ERR,ERR,ERR,ERR,ERR,ERR,ERR,ERR,ERR,ERR,ERR,ERR,ERR,ERR,ERR,ERR,ERR,ERR,ERR,ERR,ERR,ERR,ERR,ERR,ERR,ERR,ERR,ERR,ERR,ERR,ERR,ERR,ERR,ERR,ERR,ERR,ERR,ERR,ERR,ERR,ERR,ERR,ERR,ERR,ERR,ERR,ERR,ERR,0.0,0.0,-134474944.0,0.0,0.0,1.3936040501711995e+18,7.805,0.0,0,0,4,0,8422,0.0,45,0.0,0.0,0.0,0.0,0.0,0,0,0,0,0.0,0,0,0,0,0,0,0,0,0,0,0,0,0,0,0,0,0,0,0,0,0,0,0,0,0,0,0,0,0,0,0,0,0,38,14,7,45,65476,0,300,0,0,8,21553,0.0,-107605600.0,0.0,0.0,0.0,0.0,0.0,0.0,0.0,0.0,0.0,0.0,0.0,0.0,-2.596148429267414e+33,0.0,0.0,0.0,0.0,0.0,0.0,0.0,0.0,0.0,-2.004,2.004,0.0,0.0,0.0,0.0,4950.0,-1.5879289753249576e+29,0.0,0.0,0.0,0.0,-107615304.0,0.0,0.0,0.0,0.0,53,-0.0,126840520704.0,0.0,0.0,0.0,0.0,0.0,0.0,0.0,0,0,0,0.0,0.0,0.0,0.0,0.0,0.0,0.0,0.0,0.0,0.0,0.0,0.0,0.0,0.0,0.0,0.0,0,-107875648.0,53,0.0,106,-107614832.0,2.7006707062415038e+23,ERR,ERR,ERR,ERR,ERR,ERR,ERR,ERR,ERR,ERR,ERR,ERR,ERR,ERR,ERR,ERR,ERR,ERR,ERR,ERR,ERR,ERR,ERR,ERR,ERR,ERR,ERR,ERR,ERR,ERR,ERR,ERR,ERR,ERR,ERR,ERR,ERR,ERR,ERR,ERR,ERR,ERR,ERR,ERR,ERR,ERR,ERR,ERR,ERR,ERR,ERR,ERR,ERR,ERR,ERR,ERR,ERR,ERR,ERR,ERR,ERR,ERR,ERR,ERR,ERR,ERR,ERR,50.0,60.0,100,0.0,0.0,0.0,0.0,0.0,0.0,0.0,0.0,0.0,0.0,0.0,0.0,0.0,0.0,0.0,0.0,62.0,77,11,65509,50,65476,0,300,0,0,8,20529,65476,0,0,26214,60.0,0.0,0.0,0.0,0.0,0.0
2026-05-17T16:55:50,ERR,ERR,ERR,ERR,ERR,ERR,ERR,ERR,ERR,ERR,ERR,ERR,ERR,ERR,ERR,ERR,ERR,ERR,ERR,ERR,ERR,ERR,ERR,ERR,ERR,ERR,ERR,ERR,ERR,ERR,ERR,ERR,ERR,ERR,ERR,ERR,ERR,ERR,ERR,ERR,ERR,ERR,ERR,ERR,ERR,ERR,ERR,ERR,ERR,ERR,ERR,ERR,ERR,ERR,ERR,ERR,ERR,ERR,ERR,ERR,ERR,ERR,ERR,ERR,ERR,ERR,ERR,ERR,ERR,ERR,ERR,ERR,ERR,ERR,ERR,ERR,ERR,ERR,ERR,ERR,ERR,ERR,ERR,ERR,ERR,ERR,ERR,ERR,ERR,ERR,ERR,ERR,ERR,ERR,ERR,ERR,ERR,ERR,ERR,ERR,ERR,ERR,ERR,ERR,ERR,ERR,ERR,ERR,ERR,ERR,ERR,ERR,ERR,ERR,ERR,ERR,ERR,ERR,ERR,ERR,ERR,ERR,ERR,ERR,ERR,0.0,0.0,-134474944.0,0.0,0.0,1.3936040501711995e+18,7.805,0.0,0,0,4,0,8422,0.0,45,0.0,0.0,0.0,0.0,0.0,0,0,0,0,0.0,0,0,0,0,0,0,0,0,0,0,0,0,0,0,0,0,0,0,0,0,0,0,0,0,0,0,0,0,0,0,0,0,0,38,14,7,45,65476,0,300,0,0,8,21553,0.0,-107605600.0,0.0,0.0,0.0,0.0,0.0,0.0,0.0,0.0,0.0,0.0,0.0,0.0,-2.596148429267414e+33,0.0,0.0,0.0,0.0,0.0,0.0,0.0,0.0,0.0,-2.004,2.004,0.0,0.0,0.0,0.0,4950.0,-1.5879289753249576e+29,0.0,0.0,0.0,0.0,-107615304.0,0.0,0.0,0.0,0.0,53,-0.0,126840520704.0,0.0,0.0,0.0,0.0,0.0,0.0,0.0,0,0,0,0.0,0.0,0.0,0.0,0.0,0.0,0.0,0.0,0.0,0.0,0.0,0.0,0.0,0.0,0.0,0.0,0,-107875648.0,53,0.0,106,-107614832.0,2.7006707062415038e+23,ERR,ERR,ERR,ERR,ERR,ERR,ERR,ERR,ERR,ERR,ERR,ERR,ERR,ERR,ERR,ERR,ERR,ERR,ERR,ERR,ERR,ERR,ERR,ERR,ERR,ERR,ERR,ERR,ERR,ERR,ERR,ERR,ERR,ERR,ERR,ERR,ERR,ERR,ERR,ERR,ERR,ERR,ERR,ERR,ERR,ERR,ERR,ERR,ERR,ERR,ERR,ERR,ERR,ERR,ERR,ERR,ERR,ERR,ERR,ERR,ERR,ERR,ERR,ERR,ERR,ERR,ERR,50.0,60.0,100,0.0,0.0,0.0,0.0,0.0,0.0,0.0,0.0,0.0,0.0,0.0,0.0,0.0,0.0,0.0,0.0,62.0,77,11,65509,50,65476,0,300,0,0,8,20529,65476,0,0,26214,60.0,0.0,0.0,0.0,0.0,0.0
2026-05-17T16:55:51,ERR,ERR,ERR,ERR,ERR,ERR,ERR,ERR,ERR,ERR,ERR,ERR,ERR,ERR,ERR,ERR,ERR,ERR,ERR,ERR,ERR,ERR,ERR,ERR,ERR,ERR,ERR,ERR,ERR,ERR,ERR,ERR,ERR,ERR,ERR,ERR,ERR,ERR,ERR,ERR,ERR,ERR,ERR,ERR,ERR,ERR,ERR,ERR,ERR,ERR,ERR,ERR,ERR,ERR,ERR,ERR,ERR,ERR,ERR,ERR,ERR,ERR,ERR,ERR,ERR,ERR,ERR,ERR,ERR,ERR,ERR,ERR,ERR,ERR,ERR,ERR,ERR,ERR,ERR,ERR,ERR,ERR,ERR,ERR,ERR,ERR,ERR,ERR,ERR,ERR,ERR,ERR,ERR,ERR,ERR,ERR,ERR,ERR,ERR,ERR,ERR,ERR,ERR,ERR,ERR,ERR,ERR,ERR,ERR,ERR,ERR,ERR,ERR,ERR,ERR,ERR,ERR,ERR,ERR,ERR,ERR,ERR,ERR,ERR,ERR,0.0,0.0,-134474944.0,0.0,0.0,1.3936040501711995e+18,7.805,0.0,0,0,4,0,8422,0.0,45,0.0,0.0,0.0,0.0,0.0,0,0,0,0,0.0,0,0,0,0,0,0,0,0,0,0,0,0,0,0,0,0,0,0,0,0,0,0,0,0,0,0,0,0,0,0,0,0,0,38,14,7,45,65476,0,300,0,0,8,21553,0.0,-107605600.0,0.0,0.0,0.0,0.0,0.0,0.0,0.0,0.0,0.0,0.0,0.0,0.0,-2.596148429267414e+33,0.0,0.0,0.0,0.0,0.0,0.0,0.0,0.0,0.0,-2.004,2.004,0.0,0.0,0.0,0.0,4950.0,-1.5879289753249576e+29,0.0,0.0,0.0,0.0,-107615304.0,0.0,0.0,0.0,0.0,53,-0.0,126840520704.0,0.0,0.0,0.0,0.0,0.0,0.0,0.0,0,0,0,0.0,0.0,0.0,0.0,0.0,0.0,0.0,0.0,0.0,0.0,0.0,0.0,0.0,0.0,0.0,0.0,0,-107875648.0,53,0.0,106,-107614832.0,2.7006707062415038e+23,ERR,ERR,ERR,ERR,ERR,ERR,ERR,ERR,ERR,ERR,ERR,ERR,ERR,ERR,ERR,ERR,ERR,ERR,ERR,ERR,ERR,ERR,ERR,ERR,ERR,ERR,ERR,ERR,ERR,ERR,ERR,ERR,ERR,ERR,ERR,ERR,ERR,ERR,ERR,ERR,ERR,ERR,ERR,ERR,ERR,ERR,ERR,ERR,ERR,ERR,ERR,ERR,ERR,ERR,ERR,ERR,ERR,ERR,ERR,ERR,ERR,ERR,ERR,ERR,ERR,ERR,ERR,50.0,60.0,100,0.0,0.0,0.0,0.0,0.0,0.0,0.0,0.0,0.0,0.0,0.0,0.0,0.0,0.0,0.0,0.0,61.6,77,11,65509,50,65476,0,300,0,0,8,20529,65476,0,0,26214,60.0,0.0,0.0,0.0,0.0,0.0
2026-05-17T16:55:52,ERR,ERR,ERR,ERR,ERR,ERR,ERR,ERR,ERR,ERR,ERR,ERR,ERR,ERR,ERR,ERR,ERR,ERR,ERR,ERR,ERR,ERR,ERR,ERR,ERR,ERR,ERR,ERR,ERR,ERR,ERR,ERR,ERR,ERR,ERR,ERR,ERR,ERR,ERR,ERR,ERR,ERR,ERR,ERR,ERR,ERR,ERR,ERR,ERR,ERR,ERR,ERR,ERR,ERR,ERR,ERR,ERR,ERR,ERR,ERR,ERR,ERR,ERR,ERR,ERR,ERR,ERR,ERR,ERR,ERR,ERR,ERR,ERR,ERR,ERR,ERR,ERR,ERR,ERR,ERR,ERR,ERR,ERR,ERR,ERR,ERR,ERR,ERR,ERR,ERR,ERR,ERR,ERR,ERR,ERR,ERR,ERR,ERR,ERR,ERR,ERR,ERR,ERR,ERR,ERR,ERR,ERR,ERR,ERR,ERR,ERR,ERR,ERR,ERR,ERR,ERR,ERR,ERR,ERR,ERR,ERR,ERR,ERR,ERR,ERR,0.0,0.0,-134474944.0,0.0,0.0,1.3936040501711995e+18,7.805,0.0,0,0,4,0,8422,0.0,45,0.0,0.0,0.0,0.0,0.0,0,0,0,0,0.0,0,0,0,0,0,0,0,0,0,0,0,0,0,0,0,0,0,0,0,0,0,0,0,0,0,0,0,0,0,0,0,0,0,38,14,7,45,65476,0,300,0,0,8,21553,0.0,-107605600.0,0.0,0.0,0.0,0.0,0.0,0.0,0.0,0.0,0.0,0.0,0.0,0.0,0.0,0.0,0.0,0.0,0.0,0.0,0.0,0.0,0.0,0.0,-2.004,2.004,0.0,0.0,0.0,0.0,4985.0,8608181248.0,0.0,0.0,0.0,0.0,-107615304.0,0.0,0.0,0.0,0.0,53,-0.0,-107614768.0,0.0,0.0,0.0,0.0,0.0,0.0,0.0,0,0,0,0.0,0.0,0.0,0.0,0.0,0.0,0.0,0.0,0.0,0.0,0.0,0.0,0.0,0.0,0.0,0.0,0,-107875648.0,53,0.0,106,-107614832.0,2.7006707062415038e+23,ERR,ERR,ERR,ERR,ERR,ERR,ERR,ERR,ERR,ERR,ERR,ERR,ERR,ERR,ERR,ERR,ERR,ERR,ERR,ERR,ERR,ERR,ERR,ERR,ERR,ERR,ERR,ERR,ERR,ERR,ERR,ERR,ERR,ERR,ERR,ERR,ERR,ERR,ERR,ERR,ERR,ERR,ERR,ERR,ERR,ERR,ERR,ERR,ERR,ERR,ERR,ERR,ERR,ERR,ERR,ERR,ERR,ERR,ERR,ERR,ERR,ERR,ERR,ERR,ERR,ERR,ERR,50.0,60.0,100,0.0,0.0,0.0,0.0,0.0,0.0,0.0,0.0,0.0,0.0,0.0,0.0,0.0,0.0,0.0,0.0,62.0,77,11,65509,50,65476,0,300,0,0,8,20529,65476,0,0,26214,60.0,0.0,0.0,0.0,0.0,0.0
2026-05-17T16:55:53,ERR,ERR,ERR,ERR,ERR,ERR,ERR,ERR,ERR,ERR,ERR,ERR,ERR,ERR,ERR,ERR,ERR,ERR,ERR,ERR,ERR,ERR,ERR,ERR,ERR,ERR,ERR,ERR,ERR,ERR,ERR,ERR,ERR,ERR,ERR,ERR,ERR,ERR,ERR,ERR,ERR,ERR,ERR,ERR,ERR,ERR,ERR,ERR,ERR,ERR,ERR,ERR,ERR,ERR,ERR,ERR,ERR,ERR,ERR,ERR,ERR,ERR,ERR,ERR,ERR,ERR,ERR,ERR,ERR,ERR,ERR,ERR,ERR,ERR,ERR,ERR,ERR,ERR,ERR,ERR,ERR,ERR,ERR,ERR,ERR,ERR,ERR,ERR,ERR,ERR,ERR,ERR,ERR,ERR,ERR,ERR,ERR,ERR,ERR,ERR,ERR,ERR,ERR,ERR,ERR,ERR,ERR,ERR,ERR,ERR,ERR,ERR,ERR,ERR,ERR,ERR,ERR,ERR,ERR,ERR,ERR,ERR,ERR,ERR,ERR,0.0,0.0,-134474944.0,0.0,0.0,1.3936040501711995e+18,7.805,0.0,0,0,4,0,8422,0.0,45,0.0,0.0,0.0,0.0,0.0,0,0,0,0,0.0,0,0,0,0,0,0,0,0,0,0,0,0,0,0,0,0,0,0,0,0,0,0,0,0,0,0,0,0,0,0,0,0,0,38,14,7,45,65476,0,300,0,0,8,21553,0.0,-107605600.0,0.0,0.0,0.0,0.0,0.0,0.0,0.0,0.0,0.0,0.0,0.0,0.0,0.0,0.0,0.0,0.0,0.0,0.0,0.0,0.0,0.0,0.0,-2.004,2.004,0.0,0.0,0.0,0.0,4985.0,8608181248.0,0.0,0.0,0.0,0.0,-107615304.0,0.0,0.0,0.0,0.0,53,-0.0,-107614768.0,0.0,0.0,0.0,0.0,0.0,0.0,0.0,0,0,0,0.0,0.0,0.0,0.0,0.0,0.0,0.0,0.0,0.0,0.0,0.0,0.0,0.0,0.0,0.0,0.0,0,-107875648.0,53,0.0,106,-107614832.0,2.7006707062415038e+23,ERR,ERR,ERR,ERR,ERR,ERR,ERR,ERR,ERR,ERR,ERR,ERR,ERR,ERR,ERR,ERR,ERR,ERR,ERR,ERR,ERR,ERR,ERR,ERR,ERR,ERR,ERR,ERR,ERR,ERR,ERR,ERR,ERR,ERR,ERR,ERR,ERR,ERR,ERR,ERR,ERR,ERR,ERR,ERR,ERR,ERR,ERR,ERR,ERR,ERR,ERR,ERR,ERR,ERR,ERR,ERR,ERR,ERR,ERR,ERR,ERR,ERR,ERR,ERR,ERR,ERR,ERR,50.0,60.0,100,0.0,0.0,0.0,0.0,0.0,0.0,0.0,0.0,0.0,0.0,0.0,0.0,0.0,0.0,0.0,0.0,62.0,77,11,65509,50,65476,0,300,0,0,8,20529,65476,0,0,26214,60.0,0.0,0.0,0.0,0.0,0.0
2026-05-17T16:55:54,ERR,ERR,ERR,ERR,ERR,ERR,ERR,ERR,ERR,ERR,ERR,ERR,ERR,ERR,ERR,ERR,ERR,ERR,ERR,ERR,ERR,ERR,ERR,ERR,ERR,ERR,ERR,ERR,ERR,ERR,ERR,ERR,ERR,ERR,ERR,ERR,ERR,ERR,ERR,ERR,ERR,ERR,ERR,ERR,ERR,ERR,ERR,ERR,ERR,ERR,ERR,ERR,ERR,ERR,ERR,ERR,ERR,ERR,ERR,ERR,ERR,ERR,ERR,ERR,ERR,ERR,ERR,ERR,ERR,ERR,ERR,ERR,ERR,ERR,ERR,ERR,ERR,ERR,ERR,ERR,ERR,ERR,ERR,ERR,ERR,ERR,ERR,ERR,ERR,ERR,ERR,ERR,ERR,ERR,ERR,ERR,ERR,ERR,ERR,ERR,ERR,ERR,ERR,ERR,ERR,ERR,ERR,ERR,ERR,ERR,ERR,ERR,ERR,ERR,ERR,ERR,ERR,ERR,ERR,ERR,ERR,ERR,ERR,ERR,ERR,0.0,0.0,-134474944.0,0.0,0.0,1.3936040501711995e+18,7.805,0.0,0,0,4,0,8422,0.0,45,0.0,0.0,0.0,0.0,0.0,0,0,0,0,0.0,0,0,0,0,0,0,0,0,0,0,0,0,0,0,0,0,0,0,0,0,0,0,0,0,0,0,0,0,0,0,0,0,0,38,14,7,45,65476,0,300,0,0,8,21553,0.0,-107605600.0,0.0,0.0,0.0,0.0,0.0,0.0,0.0,0.0,0.0,0.0,0.0,0.0,0.0,0.0,0.0,0.0,0.0,0.0,0.0,0.0,0.0,0.0,-2.004,2.004,0.0,0.0,0.0,0.0,4985.0,8608181248.0,0.0,0.0,0.0,0.0,-107615304.0,0.0,0.0,0.0,0.0,53,-0.0,-107614768.0,0.0,0.0,0.0,0.0,0.0,0.0,0.0,0,0,0,0.0,0.0,0.0,0.0,0.0,0.0,0.0,0.0,0.0,0.0,0.0,0.0,0.0,0.0,0.0,0.0,0,-107875648.0,53,0.0,106,-107614832.0,2.7006707062415038e+23,ERR,ERR,ERR,ERR,ERR,ERR,ERR,ERR,ERR,ERR,ERR,ERR,ERR,ERR,ERR,ERR,ERR,ERR,ERR,ERR,ERR,ERR,ERR,ERR,ERR,ERR,ERR,ERR,ERR,ERR,ERR,ERR,ERR,ERR,ERR,ERR,ERR,ERR,ERR,ERR,ERR,ERR,ERR,ERR,ERR,ERR,ERR,ERR,ERR,ERR,ERR,ERR,ERR,ERR,ERR,ERR,ERR,ERR,ERR,ERR,ERR,ERR,ERR,ERR,ERR,ERR,ERR,50.0,60.0,100,0.0,0.0,0.0,0.0,0.0,0.0,0.0,0.0,0.0,0.0,0.0,0.0,0.0,0.0,0.0,0.0,61.6,77,11,65509,50,65476,0,300,0,0,8,20529,65476,0,0,26214,60.0,0.0,0.0,0.0,0.0,0.0
2026-05-17T16:55:55,ERR,ERR,ERR,ERR,ERR,ERR,ERR,ERR,ERR,ERR,ERR,ERR,ERR,ERR,ERR,ERR,ERR,ERR,ERR,ERR,ERR,ERR,ERR,ERR,ERR,ERR,ERR,ERR,ERR,ERR,ERR,ERR,ERR,ERR,ERR,ERR,ERR,ERR,ERR,ERR,ERR,ERR,ERR,ERR,ERR,ERR,ERR,ERR,ERR,ERR,ERR,ERR,ERR,ERR,ERR,ERR,ERR,ERR,ERR,ERR,ERR,ERR,ERR,ERR,ERR,ERR,ERR,ERR,ERR,ERR,ERR,ERR,ERR,ERR,ERR,ERR,ERR,ERR,ERR,ERR,ERR,ERR,ERR,ERR,ERR,ERR,ERR,ERR,ERR,ERR,ERR,ERR,ERR,ERR,ERR,ERR,ERR,ERR,ERR,ERR,ERR,ERR,ERR,ERR,ERR,ERR,ERR,ERR,ERR,ERR,ERR,ERR,ERR,ERR,ERR,ERR,ERR,ERR,ERR,ERR,ERR,ERR,ERR,ERR,ERR,0.0,0.0,-134474944.0,0.0,0.0,1.3936040501711995e+18,7.805,0.0,0,0,4,0,8422,0.0,45,0.0,0.0,0.0,0.0,0.0,0,0,0,0,0.0,0,0,0,0,0,0,0,0,0,0,0,0,0,0,0,0,0,0,0,0,0,0,0,0,0,0,0,0,0,0,0,0,0,38,14,7,45,65476,0,300,0,0,8,21553,0.0,-107605600.0,0.0,0.0,0.0,0.0,0.0,0.0,0.0,0.0,0.0,0.0,0.0,0.0,0.0,0.0,0.0,0.0,0.0,0.0,0.0,0.0,0.0,0.0,-2.004,2.004,0.0,0.0,0.0,0.0,4985.0,8608181248.0,0.0,0.0,0.0,0.0,-107615304.0,0.0,0.0,0.0,0.0,53,-0.0,-107614768.0,0.0,0.0,0.0,0.0,0.0,0.0,0.0,0,0,0,0.0,0.0,0.0,0.0,0.0,0.0,0.0,0.0,0.0,0.0,0.0,0.0,0.0,0.0,0.0,0.0,0,-107875648.0,53,0.0,106,-107614832.0,2.7006707062415038e+23,ERR,ERR,ERR,ERR,ERR,ERR,ERR,ERR,ERR,ERR,ERR,ERR,ERR,ERR,ERR,ERR,ERR,ERR,ERR,ERR,ERR,ERR,ERR,ERR,ERR,ERR,ERR,ERR,ERR,ERR,ERR,ERR,ERR,ERR,ERR,ERR,ERR,ERR,ERR,ERR,ERR,ERR,ERR,ERR,ERR,ERR,ERR,ERR,ERR,ERR,ERR,ERR,ERR,ERR,ERR,ERR,ERR,ERR,ERR,ERR,ERR,ERR,ERR,ERR,ERR,ERR,ERR,50.0,60.0,100,0.0,0.0,0.0,0.0,0.0,0.0,0.0,0.0,0.0,0.0,0.0,0.0,0.0,0.0,0.0,0.0,61.6,77,11,65509,50,65476,0,300,0,0,8,20529,65476,0,0,26214,60.0,0.0,0.0,0.0,0.0,0.0
2026-05-17T16:55:56,ERR,ERR,ERR,ERR,ERR,ERR,ERR,ERR,ERR,ERR,ERR,ERR,ERR,ERR,ERR,ERR,ERR,ERR,ERR,ERR,ERR,ERR,ERR,ERR,ERR,ERR,ERR,ERR,ERR,ERR,ERR,ERR,ERR,ERR,ERR,ERR,ERR,ERR,ERR,ERR,ERR,ERR,ERR,ERR,ERR,ERR,ERR,ERR,ERR,ERR,ERR,ERR,ERR,ERR,ERR,ERR,ERR,ERR,ERR,ERR,ERR,ERR,ERR,ERR,ERR,ERR,ERR,ERR,ERR,ERR,ERR,ERR,ERR,ERR,ERR,ERR,ERR,ERR,ERR,ERR,ERR,ERR,ERR,ERR,ERR,ERR,ERR,ERR,ERR,ERR,ERR,ERR,ERR,ERR,ERR,ERR,ERR,ERR,ERR,ERR,ERR,ERR,ERR,ERR,ERR,ERR,ERR,ERR,ERR,ERR,ERR,ERR,ERR,ERR,ERR,ERR,ERR,ERR,ERR,ERR,ERR,ERR,ERR,ERR,ERR,0.0,0.0,-134474944.0,0.0,0.0,1.3936040501711995e+18,7.805,0.0,0,0,4,0,8422,0.0,45,0.0,0.0,0.0,0.0,0.0,0,0,0,0,0.0,0,0,0,0,0,0,0,0,0,0,0,0,0,0,0,0,0,0,0,0,0,0,0,0,0,0,0,0,0,0,0,0,0,38,14,7,45,65476,0,300,0,0,8,21553,0.0,-107605600.0,0.0,0.0,0.0,0.0,0.0,0.0,0.0,0.0,0.0,0.0,0.0,0.0,0.0,0.0,0.0,0.0,0.0,0.0,0.0,0.0,0.0,0.0,-2.004,2.004,0.0,0.0,0.0,0.0,4985.0,8608181248.0,0.0,0.0,0.0,0.0,-107615304.0,0.0,0.0,0.0,0.0,53,-0.0,-107614768.0,0.0,0.0,0.0,0.0,0.0,0.0,0.0,0,0,0,0.0,0.0,0.0,0.0,0.0,0.0,0.0,0.0,0.0,0.0,0.0,0.0,0.0,0.0,0.0,0.0,0,-107875648.0,53,0.0,106,-107614832.0,2.7006707062415038e+23,ERR,ERR,ERR,ERR,ERR,ERR,ERR,ERR,ERR,ERR,ERR,ERR,ERR,ERR,ERR,ERR,ERR,ERR,ERR,ERR,ERR,ERR,ERR,ERR,ERR,ERR,ERR,ERR,ERR,ERR,ERR,ERR,ERR,ERR,ERR,ERR,ERR,ERR,ERR,ERR,ERR,ERR,ERR,ERR,ERR,ERR,ERR,ERR,ERR,ERR,ERR,ERR,ERR,ERR,ERR,ERR,ERR,ERR,ERR,ERR,ERR,ERR,ERR,ERR,ERR,ERR,ERR,50.0,60.0,100,0.0,0.0,0.0,0.0,0.0,0.0,0.0,0.0,0.0,0.0,0.0,0.0,0.0,0.0,0.0,0.0,61.6,77,11,65509,50,65476,0,300,0,0,8,20529,65476,0,0,26214,60.0,0.0,0.0,0.0,0.0,0.0
2026-05-17T16:55:57,ERR,ERR,ERR,ERR,ERR,ERR,ERR,ERR,ERR,ERR,ERR,ERR,ERR,ERR,ERR,ERR,ERR,ERR,ERR,ERR,ERR,ERR,ERR,ERR,ERR,ERR,ERR,ERR,ERR,ERR,ERR,ERR,ERR,ERR,ERR,ERR,ERR,ERR,ERR,ERR,ERR,ERR,ERR,ERR,ERR,ERR,ERR,ERR,ERR,ERR,ERR,ERR,ERR,ERR,ERR,ERR,ERR,ERR,ERR,ERR,ERR,ERR,ERR,ERR,ERR,ERR,ERR,ERR,ERR,ERR,ERR,ERR,ERR,ERR,ERR,ERR,ERR,ERR,ERR,ERR,ERR,ERR,ERR,ERR,ERR,ERR,ERR,ERR,ERR,ERR,ERR,ERR,ERR,ERR,ERR,ERR,ERR,ERR,ERR,ERR,ERR,ERR,ERR,ERR,ERR,ERR,ERR,ERR,ERR,ERR,ERR,ERR,ERR,ERR,ERR,ERR,ERR,ERR,ERR,ERR,ERR,ERR,ERR,ERR,ERR,0.0,0.0,-134474944.0,0.0,0.0,1.3936040501711995e+18,7.805,0.0,0,0,4,0,8422,0.0,45,0.0,0.0,0.0,0.0,0.0,0,0,0,0,0.0,0,0,0,0,0,0,0,0,0,0,0,0,0,0,0,0,0,0,0,0,0,0,0,0,0,0,0,0,0,0,0,0,0,38,14,7,45,65476,0,300,0,0,8,21553,0.0,-107605600.0,0.0,0.0,0.0,0.0,0.0,0.0,0.0,0.0,0.0,0.0,0.0,0.0,0.0,0.0,0.0,0.0,0.0,0.0,0.0,0.0,0.0,0.0,-2.004,2.004,0.0,0.0,0.0,0.0,5014.0,0.0,0.0,0.0,0.0,0.0,-107615304.0,0.0,0.0,0.0,0.0,53,-0.0,-4.950401131092143e+32,0.0,0.0,0.0,0.0,0.0,0.0,0.0,0,0,0,0.0,0.0,0.0,0.0,0.0,0.0,0.0,0.0,0.0,0.0,0.0,0.0,0.0,0.0,0.0,0.0,0,-107875648.0,53,0.0,106,-107614832.0,2.7006707062415038e+23,ERR,ERR,ERR,ERR,ERR,ERR,ERR,ERR,ERR,ERR,ERR,ERR,ERR,ERR,ERR,ERR,ERR,ERR,ERR,ERR,ERR,ERR,ERR,ERR,ERR,ERR,ERR,ERR,ERR,ERR,ERR,ERR,ERR,ERR,ERR,ERR,ERR,ERR,ERR,ERR,ERR,ERR,ERR,ERR,ERR,ERR,ERR,ERR,ERR,ERR,ERR,ERR,ERR,ERR,ERR,ERR,ERR,ERR,ERR,ERR,ERR,ERR,ERR,ERR,ERR,ERR,ERR,50.0,60.0,100,0.0,0.0,0.0,0.0,0.0,0.0,0.0,0.0,0.0,0.0,0.0,0.0,0.0,0.0,0.0,0.0,62.0,77,11,65509,50,65476,0,300,0,0,8,20529,65476,0,0,26214,60.0,0.0,0.0,0.0,0.0,0.0
2026-05-17T16:55:58,ERR,ERR,ERR,ERR,ERR,ERR,ERR,ERR,ERR,ERR,ERR,ERR,ERR,ERR,ERR,ERR,ERR,ERR,ERR,ERR,ERR,ERR,ERR,ERR,ERR,ERR,ERR,ERR,ERR,ERR,ERR,ERR,ERR,ERR,ERR,ERR,ERR,ERR,ERR,ERR,ERR,ERR,ERR,ERR,ERR,ERR,ERR,ERR,ERR,ERR,ERR,ERR,ERR,ERR,ERR,ERR,ERR,ERR,ERR,ERR,ERR,ERR,ERR,ERR,ERR,ERR,ERR,ERR,ERR,ERR,ERR,ERR,ERR,ERR,ERR,ERR,ERR,ERR,ERR,ERR,ERR,ERR,ERR,ERR,ERR,ERR,ERR,ERR,ERR,ERR,ERR,ERR,ERR,ERR,ERR,ERR,ERR,ERR,ERR,ERR,ERR,ERR,ERR,ERR,ERR,ERR,ERR,ERR,ERR,ERR,ERR,ERR,ERR,ERR,ERR,ERR,ERR,ERR,ERR,ERR,ERR,ERR,ERR,ERR,ERR,0.0,0.0,-134474944.0,0.0,0.0,1.3936040501711995e+18,7.805,0.0,0,0,4,0,8422,0.0,45,0.0,0.0,0.0,0.0,0.0,0,0,0,0,0.0,0,0,0,0,0,0,0,0,0,0,0,0,0,0,0,0,0,0,0,0,0,0,0,0,0,0,0,0,0,0,0,0,0,38,14,7,45,65476,0,300,0,0,8,21553,0.0,-107605600.0,0.0,0.0,0.0,0.0,0.0,0.0,0.0,0.0,0.0,0.0,0.0,0.0,0.0,0.0,0.0,0.0,0.0,0.0,0.0,0.0,0.0,0.0,-2.004,2.004,0.0,0.0,0.0,0.0,5014.0,0.0,0.0,0.0,0.0,0.0,-107615304.0,0.0,0.0,0.0,0.0,53,-0.0,-4.950401131092143e+32,0.0,0.0,0.0,0.0,0.0,0.0,0.0,0,0,0,0.0,0.0,0.0,0.0,0.0,0.0,0.0,0.0,0.0,0.0,0.0,0.0,0.0,0.0,0.0,0.0,0,-107875648.0,53,0.0,106,-107614832.0,2.7006707062415038e+23,ERR,ERR,ERR,ERR,ERR,ERR,ERR,ERR,ERR,ERR,ERR,ERR,ERR,ERR,ERR,ERR,ERR,ERR,ERR,ERR,ERR,ERR,ERR,ERR,ERR,ERR,ERR,ERR,ERR,ERR,ERR,ERR,ERR,ERR,ERR,ERR,ERR,ERR,ERR,ERR,ERR,ERR,ERR,ERR,ERR,ERR,ERR,ERR,ERR,ERR,ERR,ERR,ERR,ERR,ERR,ERR,ERR,ERR,ERR,ERR,ERR,ERR,ERR,ERR,ERR,ERR,ERR,50.0,60.0,100,0.0,0.0,0.0,0.0,0.0,0.0,0.0,0.0,0.0,0.0,0.0,0.0,0.0,0.0,0.0,0.0,62.0,77,11,65509,50,65476,0,300,0,0,8,20529,65476,0,0,26214,60.0,0.0,0.0,0.0,0.0,0.0
2026-05-17T16:55:59,ERR,ERR,ERR,ERR,ERR,ERR,ERR,ERR,ERR,ERR,ERR,ERR,ERR,ERR,ERR,ERR,ERR,ERR,ERR,ERR,ERR,ERR,ERR,ERR,ERR,ERR,ERR,ERR,ERR,ERR,ERR,ERR,ERR,ERR,ERR,ERR,ERR,ERR,ERR,ERR,ERR,ERR,ERR,ERR,ERR,ERR,ERR,ERR,ERR,ERR,ERR,ERR,ERR,ERR,ERR,ERR,ERR,ERR,ERR,ERR,ERR,ERR,ERR,ERR,ERR,ERR,ERR,ERR,ERR,ERR,ERR,ERR,ERR,ERR,ERR,ERR,ERR,ERR,ERR,ERR,ERR,ERR,ERR,ERR,ERR,ERR,ERR,ERR,ERR,ERR,ERR,ERR,ERR,ERR,ERR,ERR,ERR,ERR,ERR,ERR,ERR,ERR,ERR,ERR,ERR,ERR,ERR,ERR,ERR,ERR,ERR,ERR,ERR,ERR,ERR,ERR,ERR,ERR,ERR,ERR,ERR,ERR,ERR,ERR,ERR,0.0,0.0,-134474944.0,0.0,0.0,1.3936040501711995e+18,7.805,0.0,0,0,4,0,8422,0.0,45,0.0,0.0,0.0,0.0,0.0,0,0,0,0,0.0,0,0,0,0,0,0,0,0,0,0,0,0,0,0,0,0,0,0,0,0,0,0,0,0,0,0,0,0,0,0,0,0,0,38,14,7,45,65476,0,300,0,0,8,21553,0.0,-107605600.0,0.0,0.0,0.0,0.0,0.0,0.0,0.0,0.0,0.0,0.0,0.0,0.0,0.0,0.0,0.0,0.0,0.0,0.0,0.0,0.0,0.0,0.0,-2.004,2.004,0.0,0.0,0.0,0.0,5014.0,0.0,0.0,0.0,0.0,0.0,-107615304.0,0.0,0.0,0.0,0.0,53,-0.0,-4.950401131092143e+32,0.0,0.0,0.0,0.0,0.0,0.0,0.0,0,0,0,0.0,0.0,0.0,0.0,0.0,0.0,0.0,0.0,0.0,0.0,0.0,0.0,0.0,0.0,0.0,0.0,0,-107875648.0,53,0.0,106,-107614832.0,2.7006707062415038e+23,ERR,ERR,ERR,ERR,ERR,ERR,ERR,ERR,ERR,ERR,ERR,ERR,ERR,ERR,ERR,ERR,ERR,ERR,ERR,ERR,ERR,ERR,ERR,ERR,ERR,ERR,ERR,ERR,ERR,ERR,ERR,ERR,ERR,ERR,ERR,ERR,ERR,ERR,ERR,ERR,ERR,ERR,ERR,ERR,ERR,ERR,ERR,ERR,ERR,ERR,ERR,ERR,ERR,ERR,ERR,ERR,ERR,ERR,ERR,ERR,ERR,ERR,ERR,ERR,ERR,ERR,ERR,50.0,60.0,100,0.0,0.0,0.0,0.0,0.0,0.0,0.0,0.0,0.0,0.0,0.0,0.0,0.0,0.0,0.0,0.0,61.6,77,11,65509,50,65476,0,300,0,0,8,20529,65476,0,0,26214,60.0,0.0,0.0,0.0,0.0,0.0
2026-05-17T16:56:00,ERR,ERR,ERR,ERR,ERR,ERR,ERR,ERR,ERR,ERR,ERR,ERR,ERR,ERR,ERR,ERR,ERR,ERR,ERR,ERR,ERR,ERR,ERR,ERR,ERR,ERR,ERR,ERR,ERR,ERR,ERR,ERR,ERR,ERR,ERR,ERR,ERR,ERR,ERR,ERR,ERR,ERR,ERR,ERR,ERR,ERR,ERR,ERR,ERR,ERR,ERR,ERR,ERR,ERR,ERR,ERR,ERR,ERR,ERR,ERR,ERR,ERR,ERR,ERR,ERR,ERR,ERR,ERR,ERR,ERR,ERR,ERR,ERR,ERR,ERR,ERR,ERR,ERR,ERR,ERR,ERR,ERR,ERR,ERR,ERR,ERR,ERR,ERR,ERR,ERR,ERR,ERR,ERR,ERR,ERR,ERR,ERR,ERR,ERR,ERR,ERR,ERR,ERR,ERR,ERR,ERR,ERR,ERR,ERR,ERR,ERR,ERR,ERR,ERR,ERR,ERR,ERR,ERR,ERR,ERR,ERR,ERR,ERR,ERR,ERR,0.0,0.0,-134474944.0,0.0,0.0,1.3936040501711995e+18,7.805,0.0,0,0,4,0,8422,0.0,45,0.0,0.0,0.0,0.0,0.0,0,0,0,0,0.0,0,0,0,0,0,0,0,0,0,0,0,0,0,0,0,0,0,0,0,0,0,0,0,0,0,0,0,0,0,0,0,0,0,38,14,7,45,65476,0,300,0,0,8,21553,0.0,-107605600.0,0.0,0.0,0.0,0.0,0.0,0.0,0.0,0.0,0.0,0.0,0.0,0.0,0.0,0.0,0.0,0.0,0.0,0.0,0.0,0.0,0.0,0.0,-2.004,2.004,0.0,0.0,0.0,0.0,5014.0,0.0,0.0,0.0,0.0,0.0,-107615304.0,0.0,0.0,0.0,0.0,53,-0.0,-4.950401131092143e+32,0.0,0.0,0.0,0.0,0.0,0.0,0.0,0,0,0,0.0,0.0,0.0,0.0,0.0,0.0,0.0,0.0,0.0,0.0,0.0,0.0,0.0,0.0,0.0,0.0,0,-107875648.0,53,0.0,106,-107614832.0,2.7006707062415038e+23,ERR,ERR,ERR,ERR,ERR,ERR,ERR,ERR,ERR,ERR,ERR,ERR,ERR,ERR,ERR,ERR,ERR,ERR,ERR,ERR,ERR,ERR,ERR,ERR,ERR,ERR,ERR,ERR,ERR,ERR,ERR,ERR,ERR,ERR,ERR,ERR,ERR,ERR,ERR,ERR,ERR,ERR,ERR,ERR,ERR,ERR,ERR,ERR,ERR,ERR,ERR,ERR,ERR,ERR,ERR,ERR,ERR,ERR,ERR,ERR,ERR,ERR,ERR,ERR,ERR,ERR,ERR,50.0,60.0,100,0.0,0.0,0.0,0.0,0.0,0.0,0.0,0.0,0.0,0.0,0.0,0.0,0.0,0.0,0.0,0.0,61.6,77,11,65509,50,65476,0,300,0,0,8,20529,65476,0,0,26214,60.0,0.0,0.0,0.0,0.0,0.0
2026-05-17T16:56:01,ERR,ERR,ERR,ERR,ERR,ERR,ERR,ERR,ERR,ERR,ERR,ERR,ERR,ERR,ERR,ERR,ERR,ERR,ERR,ERR,ERR,ERR,ERR,ERR,ERR,ERR,ERR,ERR,ERR,ERR,ERR,ERR,ERR,ERR,ERR,ERR,ERR,ERR,ERR,ERR,ERR,ERR,ERR,ERR,ERR,ERR,ERR,ERR,ERR,ERR,ERR,ERR,ERR,ERR,ERR,ERR,ERR,ERR,ERR,ERR,ERR,ERR,ERR,ERR,ERR,ERR,ERR,ERR,ERR,ERR,ERR,ERR,ERR,ERR,ERR,ERR,ERR,ERR,ERR,ERR,ERR,ERR,ERR,ERR,ERR,ERR,ERR,ERR,ERR,ERR,ERR,ERR,ERR,ERR,ERR,ERR,ERR,ERR,ERR,ERR,ERR,ERR,ERR,ERR,ERR,ERR,ERR,ERR,ERR,ERR,ERR,ERR,ERR,ERR,ERR,ERR,ERR,ERR,ERR,ERR,ERR,ERR,ERR,ERR,ERR,0.0,0.0,-134474944.0,0.0,0.0,1.3936040501711995e+18,7.805,0.0,0,0,4,0,8422,0.0,45,0.0,0.0,0.0,0.0,0.0,0,0,0,0,0.0,0,0,0,0,0,0,0,0,0,0,0,0,0,0,0,0,0,0,0,0,0,0,0,0,0,0,0,0,0,0,0,0,0,38,14,7,45,65476,0,300,0,0,8,21553,0.0,-107605600.0,0.0,0.0,0.0,0.0,0.0,0.0,0.0,0.0,0.0,0.0,0.0,0.0,0.0,0.0,0.0,0.0,0.0,0.0,0.0,0.0,0.0,0.0,-2.004,2.004,0.0,0.0,0.0,0.0,5014.0,0.0,0.0,0.0,0.0,0.0,-107615304.0,0.0,0.0,0.0,0.0,53,-0.0,-4.950401131092143e+32,0.0,0.0,0.0,0.0,0.0,0.0,0.0,0,0,0,0.0,0.0,0.0,0.0,0.0,0.0,0.0,0.0,0.0,0.0,0.0,0.0,0.0,0.0,0.0,0.0,0,-107875648.0,53,0.0,106,-107614832.0,2.7006707062415038e+23,ERR,ERR,ERR,ERR,ERR,ERR,ERR,ERR,ERR,ERR,ERR,ERR,ERR,ERR,ERR,ERR,ERR,ERR,ERR,ERR,ERR,ERR,ERR,ERR,ERR,ERR,ERR,ERR,ERR,ERR,ERR,ERR,ERR,ERR,ERR,ERR,ERR,ERR,ERR,ERR,ERR,ERR,ERR,ERR,ERR,ERR,ERR,ERR,ERR,ERR,ERR,ERR,ERR,ERR,ERR,ERR,ERR,ERR,ERR,ERR,ERR,ERR,ERR,ERR,ERR,ERR,ERR,50.0,60.0,100,0.0,0.0,0.0,0.0,0.0,0.0,0.0,0.0,0.0,0.0,0.0,0.0,0.0,0.0,0.0,0.0,61.6,77,11,65509,50,65476,0,300,0,0,8,20529,65476,0,0,26214,60.0,0.0,0.0,0.0,0.0,0.0
2026-05-17T16:56:02,ERR,ERR,ERR,ERR,ERR,ERR,ERR,ERR,ERR,ERR,ERR,ERR,ERR,ERR,ERR,ERR,ERR,ERR,ERR,ERR,ERR,ERR,ERR,ERR,ERR,ERR,ERR,ERR,ERR,ERR,ERR,ERR,ERR,ERR,ERR,ERR,ERR,ERR,ERR,ERR,ERR,ERR,ERR,ERR,ERR,ERR,ERR,ERR,ERR,ERR,ERR,ERR,ERR,ERR,ERR,ERR,ERR,ERR,ERR,ERR,ERR,ERR,ERR,ERR,ERR,ERR,ERR,ERR,ERR,ERR,ERR,ERR,ERR,ERR,ERR,ERR,ERR,ERR,ERR,ERR,ERR,ERR,ERR,ERR,ERR,ERR,ERR,ERR,ERR,ERR,ERR,ERR,ERR,ERR,ERR,ERR,ERR,ERR,ERR,ERR,ERR,ERR,ERR,ERR,ERR,ERR,ERR,ERR,ERR,ERR,ERR,ERR,ERR,ERR,ERR,ERR,ERR,ERR,ERR,ERR,ERR,ERR,ERR,ERR,ERR,0.0,0.0,-134474944.0,0.0,0.0,1.3936040501711995e+18,7.805,0.0,0,0,4,0,8422,0.0,45,0.0,0.0,0.0,0.0,0.0,0,0,0,0,0.0,0,0,0,0,0,0,0,0,0,0,0,0,0,0,0,0,0,0,0,0,0,0,0,0,0,0,0,0,0,0,0,0,0,38,14,7,45,65476,0,300,0,0,8,21553,0.0,-107605600.0,0.0,0.0,0.0,0.0,0.0,0.0,0.0,0.0,0.0,0.0,0.0,0.0,0.0,0.0,0.0,0.0,0.0,0.0,0.0,0.0,0.0,0.0,-2.004,2.004,0.0,0.0,0.0,0.0,5010.0,2.422987904532282e+24,0.0,0.0,0.0,0.0,-107615304.0,0.0,0.0,0.0,0.0,53,4.066880103266858e+29,0.0,0.0,0.0,0.0,0.0,0.0,0.0,0.0,0,0,0,0.0,0.0,0.0,0.0,0.0,0.0,0.0,0.0,0.0,0.0,0.0,0.0,0.0,0.0,0.0,0.0,0,-107875648.0,53,0.0,106,-107614832.0,2.7006707062415038e+23,ERR,ERR,ERR,ERR,ERR,ERR,ERR,ERR,ERR,ERR,ERR,ERR,ERR,ERR,ERR,ERR,ERR,ERR,ERR,ERR,ERR,ERR,ERR,ERR,ERR,ERR,ERR,ERR,ERR,ERR,ERR,ERR,ERR,ERR,ERR,ERR,ERR,ERR,ERR,ERR,ERR,ERR,ERR,ERR,ERR,ERR,ERR,ERR,ERR,ERR,ERR,ERR,ERR,ERR,ERR,ERR,ERR,ERR,ERR,ERR,ERR,ERR,ERR,ERR,ERR,ERR,ERR,50.0,60.0,100,0.0,0.0,0.0,0.0,0.0,0.0,0.0,0.0,0.0,0.0,0.0,0.0,0.0,0.0,0.0,0.0,61.6,77,11,65509,50,65476,0,300,0,0,8,20529,65476,0,0,26214,60.0,0.0,0.0,0.0,0.0,0.0
2026-05-17T16:56:03,ERR,ERR,ERR,ERR,ERR,ERR,ERR,ERR,ERR,ERR,ERR,ERR,ERR,ERR,ERR,ERR,ERR,ERR,ERR,ERR,ERR,ERR,ERR,ERR,ERR,ERR,ERR,ERR,ERR,ERR,ERR,ERR,ERR,ERR,ERR,ERR,ERR,ERR,ERR,ERR,ERR,ERR,ERR,ERR,ERR,ERR,ERR,ERR,ERR,ERR,ERR,ERR,ERR,ERR,ERR,ERR,ERR,ERR,ERR,ERR,ERR,ERR,ERR,ERR,ERR,ERR,ERR,ERR,ERR,ERR,ERR,ERR,ERR,ERR,ERR,ERR,ERR,ERR,ERR,ERR,ERR,ERR,ERR,ERR,ERR,ERR,ERR,ERR,ERR,ERR,ERR,ERR,ERR,ERR,ERR,ERR,ERR,ERR,ERR,ERR,ERR,ERR,ERR,ERR,ERR,ERR,ERR,ERR,ERR,ERR,ERR,ERR,ERR,ERR,ERR,ERR,ERR,ERR,ERR,ERR,ERR,ERR,ERR,ERR,ERR,0.0,0.0,-134474944.0,0.0,0.0,1.3936040501711995e+18,7.805,0.0,0,0,4,0,8422,0.0,45,0.0,0.0,0.0,0.0,0.0,0,0,0,0,0.0,0,0,0,0,0,0,0,0,0,0,0,0,0,0,0,0,0,0,0,0,0,0,0,0,0,0,0,0,0,0,0,0,0,38,14,7,45,65476,0,300,0,0,8,21553,0.0,-107605600.0,0.0,0.0,0.0,0.0,0.0,0.0,0.0,0.0,0.0,0.0,0.0,0.0,0.0,0.0,0.0,0.0,0.0,0.0,0.0,0.0,0.0,0.0,-2.004,2.004,0.0,0.0,0.0,0.0,5010.0,2.422987904532282e+24,0.0,0.0,0.0,0.0,-107615304.0,0.0,0.0,0.0,0.0,53,4.066880103266858e+29,0.0,0.0,0.0,0.0,0.0,0.0,0.0,0.0,0,0,0,0.0,0.0,0.0,0.0,0.0,0.0,0.0,0.0,0.0,0.0,0.0,0.0,0.0,0.0,0.0,0.0,0,-107875648.0,53,0.0,106,-107614832.0,2.7006707062415038e+23,ERR,ERR,ERR,ERR,ERR,ERR,ERR,ERR,ERR,ERR,ERR,ERR,ERR,ERR,ERR,ERR,ERR,ERR,ERR,ERR,ERR,ERR,ERR,ERR,ERR,ERR,ERR,ERR,ERR,ERR,ERR,ERR,ERR,ERR,ERR,ERR,ERR,ERR,ERR,ERR,ERR,ERR,ERR,ERR,ERR,ERR,ERR,ERR,ERR,ERR,ERR,ERR,ERR,ERR,ERR,ERR,ERR,ERR,ERR,ERR,ERR,ERR,ERR,ERR,ERR,ERR,ERR,50.0,60.0,100,0.0,0.0,0.0,0.0,0.0,0.0,0.0,0.0,0.0,0.0,0.0,0.0,0.0,0.0,0.0,0.0,61.6,77,11,65509,50,65476,0,300,0,0,8,20529,65476,0,0,26214,60.0,0.0,0.0,0.0,0.0,0.0
2026-05-17T16:56:04,ERR,ERR,ERR,ERR,ERR,ERR,ERR,ERR,ERR,ERR,ERR,ERR,ERR,ERR,ERR,ERR,ERR,ERR,ERR,ERR,ERR,ERR,ERR,ERR,ERR,ERR,ERR,ERR,ERR,ERR,ERR,ERR,ERR,ERR,ERR,ERR,ERR,ERR,ERR,ERR,ERR,ERR,ERR,ERR,ERR,ERR,ERR,ERR,ERR,ERR,ERR,ERR,ERR,ERR,ERR,ERR,ERR,ERR,ERR,ERR,ERR,ERR,ERR,ERR,ERR,ERR,ERR,ERR,ERR,ERR,ERR,ERR,ERR,ERR,ERR,ERR,ERR,ERR,ERR,ERR,ERR,ERR,ERR,ERR,ERR,ERR,ERR,ERR,ERR,ERR,ERR,ERR,ERR,ERR,ERR,ERR,ERR,ERR,ERR,ERR,ERR,ERR,ERR,ERR,ERR,ERR,ERR,ERR,ERR,ERR,ERR,ERR,ERR,ERR,ERR,ERR,ERR,ERR,ERR,ERR,ERR,ERR,ERR,ERR,ERR,0.0,0.0,-134474944.0,0.0,0.0,1.3936040501711995e+18,7.805,0.0,0,0,4,0,8422,0.0,45,0.0,0.0,0.0,0.0,0.0,0,0,0,0,0.0,0,0,0,0,0,0,0,0,0,0,0,0,0,0,0,0,0,0,0,0,0,0,0,0,0,0,0,0,0,0,0,0,0,38,14,7,45,65476,0,300,0,0,8,21553,0.0,-107605600.0,0.0,0.0,0.0,0.0,0.0,0.0,0.0,0.0,0.0,0.0,0.0,0.0,0.0,0.0,0.0,0.0,0.0,0.0,0.0,0.0,0.0,0.0,-2.004,2.004,0.0,0.0,0.0,0.0,5010.0,2.422987904532282e+24,0.0,0.0,0.0,0.0,-107615304.0,0.0,0.0,0.0,0.0,53,4.066880103266858e+29,0.0,0.0,0.0,0.0,0.0,0.0,0.0,0.0,0,0,0,0.0,0.0,0.0,0.0,0.0,0.0,0.0,0.0,0.0,0.0,0.0,0.0,0.0,0.0,0.0,0.0,0,-107875648.0,53,0.0,106,-107614832.0,2.7006707062415038e+23,ERR,ERR,ERR,ERR,ERR,ERR,ERR,ERR,ERR,ERR,ERR,ERR,ERR,ERR,ERR,ERR,ERR,ERR,ERR,ERR,ERR,ERR,ERR,ERR,ERR,ERR,ERR,ERR,ERR,ERR,ERR,ERR,ERR,ERR,ERR,ERR,ERR,ERR,ERR,ERR,ERR,ERR,ERR,ERR,ERR,ERR,ERR,ERR,ERR,ERR,ERR,ERR,ERR,ERR,ERR,ERR,ERR,ERR,ERR,ERR,ERR,ERR,ERR,ERR,ERR,ERR,ERR,50.0,60.0,100,0.0,0.0,0.0,0.0,0.0,0.0,0.0,0.0,0.0,0.0,0.0,0.0,0.0,0.0,0.0,0.0,61.6,77,11,65509,50,65476,0,300,0,0,8,20529,65476,0,0,26214,60.0,0.0,0.0,0.0,0.0,0.0
2026-05-17T16:56:05,ERR,ERR,ERR,ERR,ERR,ERR,ERR,ERR,ERR,ERR,ERR,ERR,ERR,ERR,ERR,ERR,ERR,ERR,ERR,ERR,ERR,ERR,ERR,ERR,ERR,ERR,ERR,ERR,ERR,ERR,ERR,ERR,ERR,ERR,ERR,ERR,ERR,ERR,ERR,ERR,ERR,ERR,ERR,ERR,ERR,ERR,ERR,ERR,ERR,ERR,ERR,ERR,ERR,ERR,ERR,ERR,ERR,ERR,ERR,ERR,ERR,ERR,ERR,ERR,ERR,ERR,ERR,ERR,ERR,ERR,ERR,ERR,ERR,ERR,ERR,ERR,ERR,ERR,ERR,ERR,ERR,ERR,ERR,ERR,ERR,ERR,ERR,ERR,ERR,ERR,ERR,ERR,ERR,ERR,ERR,ERR,ERR,ERR,ERR,ERR,ERR,ERR,ERR,ERR,ERR,ERR,ERR,ERR,ERR,ERR,ERR,ERR,ERR,ERR,ERR,ERR,ERR,ERR,ERR,ERR,ERR,ERR,ERR,ERR,ERR,0.0,0.0,-134474944.0,0.0,0.0,1.3936040501711995e+18,7.805,0.0,0,0,4,0,8422,0.0,45,0.0,0.0,0.0,0.0,0.0,0,0,0,0,0.0,0,0,0,0,0,0,0,0,0,0,0,0,0,0,0,0,0,0,0,0,0,0,0,0,0,0,0,0,0,0,0,0,0,38,14,7,45,65476,0,300,0,0,8,21553,0.0,-107605600.0,0.0,0.0,0.0,0.0,0.0,0.0,0.0,0.0,0.0,0.0,0.0,0.0,0.0,0.0,0.0,0.0,0.0,0.0,0.0,0.0,0.0,0.0,-2.004,2.004,0.0,0.0,0.0,0.0,5010.0,2.422987904532282e+24,0.0,0.0,0.0,0.0,-107615304.0,0.0,0.0,0.0,0.0,53,4.066880103266858e+29,0.0,0.0,0.0,0.0,0.0,0.0,0.0,0.0,0,0,0,0.0,0.0,0.0,0.0,0.0,0.0,0.0,0.0,0.0,0.0,0.0,0.0,0.0,0.0,0.0,0.0,0,-107875648.0,53,0.0,106,-107614832.0,2.7006707062415038e+23,ERR,ERR,ERR,ERR,ERR,ERR,ERR,ERR,ERR,ERR,ERR,ERR,ERR,ERR,ERR,ERR,ERR,ERR,ERR,ERR,ERR,ERR,ERR,ERR,ERR,ERR,ERR,ERR,ERR,ERR,ERR,ERR,ERR,ERR,ERR,ERR,ERR,ERR,ERR,ERR,ERR,ERR,ERR,ERR,ERR,ERR,ERR,ERR,ERR,ERR,ERR,ERR,ERR,ERR,ERR,ERR,ERR,ERR,ERR,ERR,ERR,ERR,ERR,ERR,ERR,ERR,ERR,50.0,60.0,100,0.0,0.0,0.0,0.0,0.0,0.0,0.0,0.0,0.0,0.0,0.0,0.0,0.0,0.0,0.0,0.0,61.6,77,11,65509,50,65476,0,300,0,0,8,20529,65476,0,0,26214,60.0,0.0,0.0,0.0,0.0,0.0
2026-05-17T16:56:06,ERR,ERR,ERR,ERR,ERR,ERR,ERR,ERR,ERR,ERR,ERR,ERR,ERR,ERR,ERR,ERR,ERR,ERR,ERR,ERR,ERR,ERR,ERR,ERR,ERR,ERR,ERR,ERR,ERR,ERR,ERR,ERR,ERR,ERR,ERR,ERR,ERR,ERR,ERR,ERR,ERR,ERR,ERR,ERR,ERR,ERR,ERR,ERR,ERR,ERR,ERR,ERR,ERR,ERR,ERR,ERR,ERR,ERR,ERR,ERR,ERR,ERR,ERR,ERR,ERR,ERR,ERR,ERR,ERR,ERR,ERR,ERR,ERR,ERR,ERR,ERR,ERR,ERR,ERR,ERR,ERR,ERR,ERR,ERR,ERR,ERR,ERR,ERR,ERR,ERR,ERR,ERR,ERR,ERR,ERR,ERR,ERR,ERR,ERR,ERR,ERR,ERR,ERR,ERR,ERR,ERR,ERR,ERR,ERR,ERR,ERR,ERR,ERR,ERR,ERR,ERR,ERR,ERR,ERR,ERR,ERR,ERR,ERR,ERR,ERR,0.0,0.0,-134474944.0,0.0,0.0,1.3936040501711995e+18,7.805,0.0,0,0,4,0,8422,0.0,45,0.0,0.0,0.0,0.0,0.0,0,0,0,0,0.0,0,0,0,0,0,0,0,0,0,0,0,0,0,0,0,0,0,0,0,0,0,0,0,0,0,0,0,0,0,0,0,0,0,38,14,7,45,65476,0,300,0,0,8,21553,0.0,-107605600.0,0.0,0.0,0.0,0.0,0.0,0.0,0.0,0.0,0.0,0.0,0.0,0.0,0.0,0.0,0.0,0.0,0.0,0.0,0.0,0.0,0.0,0.0,-2.004,2.004,0.0,0.0,0.0,0.0,5010.0,2.422987904532282e+24,0.0,0.0,0.0,0.0,-107615304.0,0.0,0.0,0.0,0.0,53,4.066880103266858e+29,0.0,0.0,0.0,0.0,0.0,0.0,0.0,0.0,0,0,0,0.0,0.0,0.0,0.0,0.0,0.0,0.0,0.0,0.0,0.0,0.0,0.0,0.0,0.0,0.0,0.0,0,-107875648.0,53,0.0,106,-107614832.0,2.7006707062415038e+23,ERR,ERR,ERR,ERR,ERR,ERR,ERR,ERR,ERR,ERR,ERR,ERR,ERR,ERR,ERR,ERR,ERR,ERR,ERR,ERR,ERR,ERR,ERR,ERR,ERR,ERR,ERR,ERR,ERR,ERR,ERR,ERR,ERR,ERR,ERR,ERR,ERR,ERR,ERR,ERR,ERR,ERR,ERR,ERR,ERR,ERR,ERR,ERR,ERR,ERR,ERR,ERR,ERR,ERR,ERR,ERR,ERR,ERR,ERR,ERR,ERR,ERR,ERR,ERR,ERR,ERR,ERR,50.0,60.0,100,0.0,0.0,0.0,0.0,0.0,0.0,0.0,0.0,0.0,0.0,0.0,0.0,0.0,0.0,0.0,0.0,61.6,77,11,65509,50,65476,0,300,0,0,8,20529,65476,0,0,26214,60.0,0.0,0.0,0.0,0.0,0.0
2026-05-17T16:56:07,ERR,ERR,ERR,ERR,ERR,ERR,ERR,ERR,ERR,ERR,ERR,ERR,ERR,ERR,ERR,ERR,ERR,ERR,ERR,ERR,ERR,ERR,ERR,ERR,ERR,ERR,ERR,ERR,ERR,ERR,ERR,ERR,ERR,ERR,ERR,ERR,ERR,ERR,ERR,ERR,ERR,ERR,ERR,ERR,ERR,ERR,ERR,ERR,ERR,ERR,ERR,ERR,ERR,ERR,ERR,ERR,ERR,ERR,ERR,ERR,ERR,ERR,ERR,ERR,ERR,ERR,ERR,ERR,ERR,ERR,ERR,ERR,ERR,ERR,ERR,ERR,ERR,ERR,ERR,ERR,ERR,ERR,ERR,ERR,ERR,ERR,ERR,ERR,ERR,ERR,ERR,ERR,ERR,ERR,ERR,ERR,ERR,ERR,ERR,ERR,ERR,ERR,ERR,ERR,ERR,ERR,ERR,ERR,ERR,ERR,ERR,ERR,ERR,ERR,ERR,ERR,ERR,ERR,ERR,ERR,ERR,ERR,ERR,ERR,ERR,0.0,0.0,-134474944.0,0.0,0.0,1.3936040501711995e+18,7.805,0.0,0,0,4,0,8422,0.0,45,0.0,0.0,0.0,0.0,0.0,0,0,0,0,0.0,0,0,0,0,0,0,0,0,0,0,0,0,0,0,0,0,0,0,0,0,0,0,0,0,0,0,0,0,0,0,0,0,0,38,14,7,45,65476,0,300,0,0,8,21553,0.0,-107605600.0,0.0,0.0,0.0,0.0,0.0,0.0,0.0,0.0,0.0,0.0,0.0,0.0,0.0,0.0,0.0,0.0,0.0,0.0,0.0,0.0,0.0,0.0,-2.004,2.004,0.0,0.0,0.0,0.0,4984.0,-8608181248.0,0.0,0.0,0.0,0.0,-107615304.0,0.0,0.0,0.0,0.0,53,-0.0,4.066853280225235e+29,0.0,0.0,0.0,0.0,0.0,0.0,0.0,0,0,0,0.0,0.0,0.0,0.0,0.0,0.0,0.0,0.0,0.0,0.0,0.0,0.0,0.0,0.0,0.0,0.0,0,-107875648.0,53,0.0,106,-107614832.0,2.7006707062415038e+23,ERR,ERR,ERR,ERR,ERR,ERR,ERR,ERR,ERR,ERR,ERR,ERR,ERR,ERR,ERR,ERR,ERR,ERR,ERR,ERR,ERR,ERR,ERR,ERR,ERR,ERR,ERR,ERR,ERR,ERR,ERR,ERR,ERR,ERR,ERR,ERR,ERR,ERR,ERR,ERR,ERR,ERR,ERR,ERR,ERR,ERR,ERR,ERR,ERR,ERR,ERR,ERR,ERR,ERR,ERR,ERR,ERR,ERR,ERR,ERR,ERR,ERR,ERR,ERR,ERR,ERR,ERR,50.0,60.0,100,0.0,0.0,0.0,0.0,0.0,0.0,0.0,0.0,0.0,0.0,0.0,0.0,0.0,0.0,0.0,0.0,61.6,77,11,65509,50,65476,0,300,0,0,8,20529,65476,0,0,26214,60.0,0.0,0.0,0.0,0.0,0.0
2026-05-17T16:56:08,ERR,ERR,ERR,ERR,ERR,ERR,ERR,ERR,ERR,ERR,ERR,ERR,ERR,ERR,ERR,ERR,ERR,ERR,ERR,ERR,ERR,ERR,ERR,ERR,ERR,ERR,ERR,ERR,ERR,ERR,ERR,ERR,ERR,ERR,ERR,ERR,ERR,ERR,ERR,ERR,ERR,ERR,ERR,ERR,ERR,ERR,ERR,ERR,ERR,ERR,ERR,ERR,ERR,ERR,ERR,ERR,ERR,ERR,ERR,ERR,ERR,ERR,ERR,ERR,ERR,ERR,ERR,ERR,ERR,ERR,ERR,ERR,ERR,ERR,ERR,ERR,ERR,ERR,ERR,ERR,ERR,ERR,ERR,ERR,ERR,ERR,ERR,ERR,ERR,ERR,ERR,ERR,ERR,ERR,ERR,ERR,ERR,ERR,ERR,ERR,ERR,ERR,ERR,ERR,ERR,ERR,ERR,ERR,ERR,ERR,ERR,ERR,ERR,ERR,ERR,ERR,ERR,ERR,ERR,ERR,ERR,ERR,ERR,ERR,ERR,0.0,0.0,-134474944.0,0.0,0.0,1.3936040501711995e+18,7.805,0.0,0,0,4,0,8422,0.0,45,0.0,0.0,0.0,0.0,0.0,0,0,0,0,0.0,0,0,0,0,0,0,0,0,0,0,0,0,0,0,0,0,0,0,0,0,0,0,0,0,0,0,0,0,0,0,0,0,0,38,14,7,45,65476,0,300,0,0,8,21553,0.0,-107605600.0,0.0,0.0,0.0,0.0,0.0,0.0,0.0,0.0,0.0,0.0,0.0,0.0,0.0,0.0,0.0,0.0,0.0,0.0,0.0,0.0,0.0,0.0,-2.004,2.004,0.0,0.0,0.0,0.0,4984.0,-8608181248.0,0.0,0.0,0.0,0.0,-107615304.0,0.0,0.0,0.0,0.0,53,-0.0,4.066853280225235e+29,0.0,0.0,0.0,0.0,0.0,0.0,0.0,0,0,0,0.0,0.0,0.0,0.0,0.0,0.0,0.0,0.0,0.0,0.0,0.0,0.0,0.0,0.0,0.0,0.0,0,-107875648.0,53,0.0,106,-107614832.0,2.7006707062415038e+23,ERR,ERR,ERR,ERR,ERR,ERR,ERR,ERR,ERR,ERR,ERR,ERR,ERR,ERR,ERR,ERR,ERR,ERR,ERR,ERR,ERR,ERR,ERR,ERR,ERR,ERR,ERR,ERR,ERR,ERR,ERR,ERR,ERR,ERR,ERR,ERR,ERR,ERR,ERR,ERR,ERR,ERR,ERR,ERR,ERR,ERR,ERR,ERR,ERR,ERR,ERR,ERR,ERR,ERR,ERR,ERR,ERR,ERR,ERR,ERR,ERR,ERR,ERR,ERR,ERR,ERR,ERR,50.0,60.0,100,0.0,0.0,0.0,0.0,0.0,0.0,0.0,0.0,0.0,0.0,0.0,0.0,0.0,0.0,0.0,0.0,61.6,77,11,65509,50,65476,0,300,0,0,8,20529,65476,0,0,26214,60.0,0.0,0.0,0.0,0.0,0.0
2026-05-17T16:56:09,ERR,ERR,ERR,ERR,ERR,ERR,ERR,ERR,ERR,ERR,ERR,ERR,ERR,ERR,ERR,ERR,ERR,ERR,ERR,ERR,ERR,ERR,ERR,ERR,ERR,ERR,ERR,ERR,ERR,ERR,ERR,ERR,ERR,ERR,ERR,ERR,ERR,ERR,ERR,ERR,ERR,ERR,ERR,ERR,ERR,ERR,ERR,ERR,ERR,ERR,ERR,ERR,ERR,ERR,ERR,ERR,ERR,ERR,ERR,ERR,ERR,ERR,ERR,ERR,ERR,ERR,ERR,ERR,ERR,ERR,ERR,ERR,ERR,ERR,ERR,ERR,ERR,ERR,ERR,ERR,ERR,ERR,ERR,ERR,ERR,ERR,ERR,ERR,ERR,ERR,ERR,ERR,ERR,ERR,ERR,ERR,ERR,ERR,ERR,ERR,ERR,ERR,ERR,ERR,ERR,ERR,ERR,ERR,ERR,ERR,ERR,ERR,ERR,ERR,ERR,ERR,ERR,ERR,ERR,ERR,ERR,ERR,ERR,ERR,ERR,0.0,0.0,-134474944.0,0.0,0.0,1.3936040501711995e+18,7.805,0.0,0,0,4,0,8422,0.0,45,0.0,0.0,0.0,0.0,0.0,0,0,0,0,0.0,0,0,0,0,0,0,0,0,0,0,0,0,0,0,0,0,0,0,0,0,0,0,0,0,0,0,0,0,0,0,0,0,0,38,14,7,45,65476,0,300,0,0,8,21553,0.0,-107605600.0,0.0,0.0,0.0,0.0,0.0,0.0,0.0,0.0,0.0,0.0,0.0,0.0,0.0,0.0,0.0,0.0,0.0,0.0,0.0,0.0,0.0,0.0,-2.004,2.004,0.0,0.0,0.0,0.0,4984.0,-8608181248.0,0.0,0.0,0.0,0.0,-107615304.0,0.0,0.0,0.0,0.0,53,-0.0,4.066853280225235e+29,0.0,0.0,0.0,0.0,0.0,0.0,0.0,0,0,0,0.0,0.0,0.0,0.0,0.0,0.0,0.0,0.0,0.0,0.0,0.0,0.0,0.0,0.0,0.0,0.0,0,-107875648.0,53,0.0,106,-107614832.0,2.7006707062415038e+23,ERR,ERR,ERR,ERR,ERR,ERR,ERR,ERR,ERR,ERR,ERR,ERR,ERR,ERR,ERR,ERR,ERR,ERR,ERR,ERR,ERR,ERR,ERR,ERR,ERR,ERR,ERR,ERR,ERR,ERR,ERR,ERR,ERR,ERR,ERR,ERR,ERR,ERR,ERR,ERR,ERR,ERR,ERR,ERR,ERR,ERR,ERR,ERR,ERR,ERR,ERR,ERR,ERR,ERR,ERR,ERR,ERR,ERR,ERR,ERR,ERR,ERR,ERR,ERR,ERR,ERR,ERR,50.0,60.0,100,0.0,0.0,0.0,0.0,0.0,0.0,0.0,0.0,0.0,0.0,0.0,0.0,0.0,0.0,0.0,0.0,61.6,77,11,65509,50,65476,0,300,0,0,8,20529,65476,0,0,26214,60.0,0.0,0.0,0.0,0.0,0.0
2026-05-17T16:56:10,ERR,ERR,ERR,ERR,ERR,ERR,ERR,ERR,ERR,ERR,ERR,ERR,ERR,ERR,ERR,ERR,ERR,ERR,ERR,ERR,ERR,ERR,ERR,ERR,ERR,ERR,ERR,ERR,ERR,ERR,ERR,ERR,ERR,ERR,ERR,ERR,ERR,ERR,ERR,ERR,ERR,ERR,ERR,ERR,ERR,ERR,ERR,ERR,ERR,ERR,ERR,ERR,ERR,ERR,ERR,ERR,ERR,ERR,ERR,ERR,ERR,ERR,ERR,ERR,ERR,ERR,ERR,ERR,ERR,ERR,ERR,ERR,ERR,ERR,ERR,ERR,ERR,ERR,ERR,ERR,ERR,ERR,ERR,ERR,ERR,ERR,ERR,ERR,ERR,ERR,ERR,ERR,ERR,ERR,ERR,ERR,ERR,ERR,ERR,ERR,ERR,ERR,ERR,ERR,ERR,ERR,ERR,ERR,ERR,ERR,ERR,ERR,ERR,ERR,ERR,ERR,ERR,ERR,ERR,ERR,ERR,ERR,ERR,ERR,ERR,0.0,0.0,-134474944.0,0.0,0.0,1.3936040501711995e+18,7.805,0.0,0,0,4,0,8422,0.0,45,0.0,0.0,0.0,0.0,0.0,0,0,0,0,0.0,0,0,0,0,0,0,0,0,0,0,0,0,0,0,0,0,0,0,0,0,0,0,0,0,0,0,0,0,0,0,0,0,0,38,14,7,45,65476,0,300,0,0,8,21553,0.0,-107605600.0,0.0,0.0,0.0,0.0,0.0,0.0,0.0,0.0,0.0,0.0,0.0,0.0,0.0,0.0,0.0,0.0,0.0,0.0,0.0,0.0,0.0,0.0,-2.004,2.004,0.0,0.0,0.0,0.0,4984.0,-8608181248.0,0.0,0.0,0.0,0.0,-107615304.0,0.0,0.0,0.0,0.0,53,-0.0,4.066853280225235e+29,0.0,0.0,0.0,0.0,0.0,0.0,0.0,0,0,0,0.0,0.0,0.0,0.0,0.0,0.0,0.0,0.0,0.0,0.0,0.0,0.0,0.0,0.0,0.0,0.0,0,-107875648.0,53,0.0,106,-107614832.0,2.7006707062415038e+23,ERR,ERR,ERR,ERR,ERR,ERR,ERR,ERR,ERR,ERR,ERR,ERR,ERR,ERR,ERR,ERR,ERR,ERR,ERR,ERR,ERR,ERR,ERR,ERR,ERR,ERR,ERR,ERR,ERR,ERR,ERR,ERR,ERR,ERR,ERR,ERR,ERR,ERR,ERR,ERR,ERR,ERR,ERR,ERR,ERR,ERR,ERR,ERR,ERR,ERR,ERR,ERR,ERR,ERR,ERR,ERR,ERR,ERR,ERR,ERR,ERR,ERR,ERR,ERR,ERR,ERR,ERR,50.0,60.0,100,0.0,0.0,0.0,0.0,0.0,0.0,0.0,0.0,0.0,0.0,0.0,0.0,0.0,0.0,0.0,0.0,61.6,77,11,65509,50,65476,0,300,0,0,8,20529,65476,0,0,26214,60.0,0.0,0.0,0.0,0.0,0.0
2026-05-17T16:56:11,ERR,ERR,ERR,ERR,ERR,ERR,ERR,ERR,ERR,ERR,ERR,ERR,ERR,ERR,ERR,ERR,ERR,ERR,ERR,ERR,ERR,ERR,ERR,ERR,ERR,ERR,ERR,ERR,ERR,ERR,ERR,ERR,ERR,ERR,ERR,ERR,ERR,ERR,ERR,ERR,ERR,ERR,ERR,ERR,ERR,ERR,ERR,ERR,ERR,ERR,ERR,ERR,ERR,ERR,ERR,ERR,ERR,ERR,ERR,ERR,ERR,ERR,ERR,ERR,ERR,ERR,ERR,ERR,ERR,ERR,ERR,ERR,ERR,ERR,ERR,ERR,ERR,ERR,ERR,ERR,ERR,ERR,ERR,ERR,ERR,ERR,ERR,ERR,ERR,ERR,ERR,ERR,ERR,ERR,ERR,ERR,ERR,ERR,ERR,ERR,ERR,ERR,ERR,ERR,ERR,ERR,ERR,ERR,ERR,ERR,ERR,ERR,ERR,ERR,ERR,ERR,ERR,ERR,ERR,ERR,ERR,ERR,ERR,ERR,ERR,0.0,0.0,-134474944.0,0.0,0.0,1.3936040501711995e+18,7.805,0.0,0,0,4,0,8422,0.0,45,0.0,0.0,0.0,0.0,0.0,0,0,0,0,0.0,0,0,0,0,0,0,0,0,0,0,0,0,0,0,0,0,0,0,0,0,0,0,0,0,0,0,0,0,0,0,0,0,0,38,14,7,45,65476,0,300,0,0,8,21553,0.0,-107605600.0,0.0,0.0,0.0,0.0,0.0,0.0,0.0,0.0,0.0,0.0,0.0,0.0,0.0,0.0,0.0,0.0,0.0,0.0,0.0,0.0,0.0,0.0,-2.004,2.004,0.0,0.0,0.0,0.0,4984.0,-8608181248.0,0.0,0.0,0.0,0.0,-107615304.0,0.0,0.0,0.0,0.0,53,-0.0,4.066853280225235e+29,0.0,0.0,0.0,0.0,0.0,0.0,0.0,0,0,0,0.0,0.0,0.0,0.0,0.0,0.0,0.0,0.0,0.0,0.0,0.0,0.0,0.0,0.0,0.0,0.0,0,-107875648.0,53,0.0,106,-107614832.0,2.7006707062415038e+23,ERR,ERR,ERR,ERR,ERR,ERR,ERR,ERR,ERR,ERR,ERR,ERR,ERR,ERR,ERR,ERR,ERR,ERR,ERR,ERR,ERR,ERR,ERR,ERR,ERR,ERR,ERR,ERR,ERR,ERR,ERR,ERR,ERR,ERR,ERR,ERR,ERR,ERR,ERR,ERR,ERR,ERR,ERR,ERR,ERR,ERR,ERR,ERR,ERR,ERR,ERR,ERR,ERR,ERR,ERR,ERR,ERR,ERR,ERR,ERR,ERR,ERR,ERR,ERR,ERR,ERR,ERR,50.0,60.0,100,0.0,0.0,0.0,0.0,0.0,0.0,0.0,0.0,0.0,0.0,0.0,0.0,0.0,0.0,0.0,0.0,61.6,77,11,65509,50,65476,0,300,0,0,8,20529,65476,0,0,26214,60.0,0.0,0.0,0.0,0.0,0.0
2026-05-17T16:56:12,ERR,ERR,ERR,ERR,ERR,ERR,ERR,ERR,ERR,ERR,ERR,ERR,ERR,ERR,ERR,ERR,ERR,ERR,ERR,ERR,ERR,ERR,ERR,ERR,ERR,ERR,ERR,ERR,ERR,ERR,ERR,ERR,ERR,ERR,ERR,ERR,ERR,ERR,ERR,ERR,ERR,ERR,ERR,ERR,ERR,ERR,ERR,ERR,ERR,ERR,ERR,ERR,ERR,ERR,ERR,ERR,ERR,ERR,ERR,ERR,ERR,ERR,ERR,ERR,ERR,ERR,ERR,ERR,ERR,ERR,ERR,ERR,ERR,ERR,ERR,ERR,ERR,ERR,ERR,ERR,ERR,ERR,ERR,ERR,ERR,ERR,ERR,ERR,ERR,ERR,ERR,ERR,ERR,ERR,ERR,ERR,ERR,ERR,ERR,ERR,ERR,ERR,ERR,ERR,ERR,ERR,ERR,ERR,ERR,ERR,ERR,ERR,ERR,ERR,ERR,ERR,ERR,ERR,ERR,ERR,ERR,ERR,ERR,ERR,ERR,0.0,0.0,-134474944.0,0.0,0.0,1.3936040501711995e+18,7.805,0.0,0,0,4,0,8422,0.0,45,0.0,0.0,0.0,0.0,0.0,0,0,0,0,0.0,0,0,0,0,0,0,0,0,0,0,0,0,0,0,0,0,0,0,0,0,0,0,0,0,0,0,0,0,0,0,0,0,0,38,14,7,45,65476,0,300,0,0,8,21553,0.0,-107605600.0,0.0,0.0,0.0,0.0,0.0,0.0,0.0,0.0,0.0,0.0,0.0,0.0,0.0,0.0,0.0,0.0,0.0,0.0,0.0,0.0,0.0,0.0,-2.004,2.004,0.0,0.0,0.0,0.0,4981.0,-2.4229876163019057e+24,0.0,0.0,0.0,0.0,-107615304.0,0.0,0.0,0.0,0.0,53,-0.0,-0.0,0.0,0.0,0.0,0.0,0.0,0.0,0.0,0,0,0,0.0,0.0,0.0,0.0,0.0,0.0,0.0,0.0,0.0,0.0,0.0,0.0,0.0,0.0,0.0,0.0,0,-107875648.0,53,0.0,106,-107614832.0,2.7006707062415038e+23,ERR,ERR,ERR,ERR,ERR,ERR,ERR,ERR,ERR,ERR,ERR,ERR,ERR,ERR,ERR,ERR,ERR,ERR,ERR,ERR,ERR,ERR,ERR,ERR,ERR,ERR,ERR,ERR,ERR,ERR,ERR,ERR,ERR,ERR,ERR,ERR,ERR,ERR,ERR,ERR,ERR,ERR,ERR,ERR,ERR,ERR,ERR,ERR,ERR,ERR,ERR,ERR,ERR,ERR,ERR,ERR,ERR,ERR,ERR,ERR,ERR,ERR,ERR,ERR,ERR,ERR,ERR,50.0,60.0,100,0.0,0.0,0.0,0.0,0.0,0.0,0.0,0.0,0.0,0.0,0.0,0.0,0.0,0.0,0.0,0.0,61.6,77,11,65509,50,65476,0,300,0,0,8,20529,65476,0,0,26214,60.0,0.0,0.0,0.0,0.0,0.0
2026-05-17T16:56:13,ERR,ERR,ERR,ERR,ERR,ERR,ERR,ERR,ERR,ERR,ERR,ERR,ERR,ERR,ERR,ERR,ERR,ERR,ERR,ERR,ERR,ERR,ERR,ERR,ERR,ERR,ERR,ERR,ERR,ERR,ERR,ERR,ERR,ERR,ERR,ERR,ERR,ERR,ERR,ERR,ERR,ERR,ERR,ERR,ERR,ERR,ERR,ERR,ERR,ERR,ERR,ERR,ERR,ERR,ERR,ERR,ERR,ERR,ERR,ERR,ERR,ERR,ERR,ERR,ERR,ERR,ERR,ERR,ERR,ERR,ERR,ERR,ERR,ERR,ERR,ERR,ERR,ERR,ERR,ERR,ERR,ERR,ERR,ERR,ERR,ERR,ERR,ERR,ERR,ERR,ERR,ERR,ERR,ERR,ERR,ERR,ERR,ERR,ERR,ERR,ERR,ERR,ERR,ERR,ERR,ERR,ERR,ERR,ERR,ERR,ERR,ERR,ERR,ERR,ERR,ERR,ERR,ERR,ERR,ERR,ERR,ERR,ERR,ERR,ERR,0.0,0.0,-134474944.0,0.0,0.0,1.3936040501711995e+18,7.805,0.0,0,0,4,0,8422,0.0,45,0.0,0.0,0.0,0.0,0.0,0,0,0,0,0.0,0,0,0,0,0,0,0,0,0,0,0,0,0,0,0,0,0,0,0,0,0,0,0,0,0,0,0,0,0,0,0,0,0,38,14,7,45,65476,0,300,0,0,8,21553,0.0,-107605600.0,0.0,0.0,0.0,0.0,0.0,0.0,0.0,0.0,0.0,0.0,0.0,0.0,0.0,0.0,0.0,0.0,0.0,0.0,0.0,0.0,0.0,0.0,-2.004,2.004,0.0,0.0,0.0,0.0,4981.0,-2.4229876163019057e+24,0.0,0.0,0.0,0.0,-107615304.0,0.0,0.0,0.0,0.0,53,-0.0,-0.0,0.0,0.0,0.0,0.0,0.0,0.0,0.0,0,0,0,0.0,0.0,0.0,0.0,0.0,0.0,0.0,0.0,0.0,0.0,0.0,0.0,0.0,0.0,0.0,0.0,0,-107875648.0,53,0.0,106,-107614832.0,2.7006707062415038e+23,ERR,ERR,ERR,ERR,ERR,ERR,ERR,ERR,ERR,ERR,ERR,ERR,ERR,ERR,ERR,ERR,ERR,ERR,ERR,ERR,ERR,ERR,ERR,ERR,ERR,ERR,ERR,ERR,ERR,ERR,ERR,ERR,ERR,ERR,ERR,ERR,ERR,ERR,ERR,ERR,ERR,ERR,ERR,ERR,ERR,ERR,ERR,ERR,ERR,ERR,ERR,ERR,ERR,ERR,ERR,ERR,ERR,ERR,ERR,ERR,ERR,ERR,ERR,ERR,ERR,ERR,ERR,50.0,60.0,100,0.0,0.0,0.0,0.0,0.0,0.0,0.0,0.0,0.0,0.0,0.0,0.0,0.0,0.0,0.0,0.0,61.6,77,11,65509,50,65476,0,300,0,0,8,20529,65476,0,0,26214,60.0,0.0,0.0,0.0,0.0,0.0
2026-05-17T16:56:14,ERR,ERR,ERR,ERR,ERR,ERR,ERR,ERR,ERR,ERR,ERR,ERR,ERR,ERR,ERR,ERR,ERR,ERR,ERR,ERR,ERR,ERR,ERR,ERR,ERR,ERR,ERR,ERR,ERR,ERR,ERR,ERR,ERR,ERR,ERR,ERR,ERR,ERR,ERR,ERR,ERR,ERR,ERR,ERR,ERR,ERR,ERR,ERR,ERR,ERR,ERR,ERR,ERR,ERR,ERR,ERR,ERR,ERR,ERR,ERR,ERR,ERR,ERR,ERR,ERR,ERR,ERR,ERR,ERR,ERR,ERR,ERR,ERR,ERR,ERR,ERR,ERR,ERR,ERR,ERR,ERR,ERR,ERR,ERR,ERR,ERR,ERR,ERR,ERR,ERR,ERR,ERR,ERR,ERR,ERR,ERR,ERR,ERR,ERR,ERR,ERR,ERR,ERR,ERR,ERR,ERR,ERR,ERR,ERR,ERR,ERR,ERR,ERR,ERR,ERR,ERR,ERR,ERR,ERR,ERR,ERR,ERR,ERR,ERR,ERR,0.0,0.0,-134474944.0,0.0,0.0,1.3936040501711995e+18,7.805,0.0,0,0,4,0,8422,0.0,45,0.0,0.0,0.0,0.0,0.0,0,0,0,0,0.0,0,0,0,0,0,0,0,0,0,0,0,0,0,0,0,0,0,0,0,0,0,0,0,0,0,0,0,0,0,0,0,0,0,38,14,7,45,65476,0,300,0,0,8,21553,0.0,-107605600.0,0.0,0.0,0.0,0.0,0.0,0.0,0.0,0.0,0.0,0.0,0.0,0.0,0.0,0.0,0.0,0.0,0.0,0.0,0.0,0.0,0.0,0.0,-2.004,2.004,0.0,0.0,0.0,0.0,4981.0,-2.4229876163019057e+24,0.0,0.0,0.0,0.0,-107615304.0,0.0,0.0,0.0,0.0,53,-0.0,-0.0,0.0,0.0,0.0,0.0,0.0,0.0,0.0,0,0,0,0.0,0.0,0.0,0.0,0.0,0.0,0.0,0.0,0.0,0.0,0.0,0.0,0.0,0.0,0.0,0.0,0,-107875648.0,53,0.0,106,-107614832.0,2.7006707062415038e+23,ERR,ERR,ERR,ERR,ERR,ERR,ERR,ERR,ERR,ERR,ERR,ERR,ERR,ERR,ERR,ERR,ERR,ERR,ERR,ERR,ERR,ERR,ERR,ERR,ERR,ERR,ERR,ERR,ERR,ERR,ERR,ERR,ERR,ERR,ERR,ERR,ERR,ERR,ERR,ERR,ERR,ERR,ERR,ERR,ERR,ERR,ERR,ERR,ERR,ERR,ERR,ERR,ERR,ERR,ERR,ERR,ERR,ERR,ERR,ERR,ERR,ERR,ERR,ERR,ERR,ERR,ERR,50.0,60.0,100,0.0,0.0,0.0,0.0,0.0,0.0,0.0,0.0,0.0,0.0,0.0,0.0,0.0,0.0,0.0,0.0,61.6,77,11,65509,50,65476,0,300,0,0,8,20529,65476,0,0,26214,60.0,0.0,0.0,0.0,0.0,0.0
2026-05-17T16:56:15,ERR,ERR,ERR,ERR,ERR,ERR,ERR,ERR,ERR,ERR,ERR,ERR,ERR,ERR,ERR,ERR,ERR,ERR,ERR,ERR,ERR,ERR,ERR,ERR,ERR,ERR,ERR,ERR,ERR,ERR,ERR,ERR,ERR,ERR,ERR,ERR,ERR,ERR,ERR,ERR,ERR,ERR,ERR,ERR,ERR,ERR,ERR,ERR,ERR,ERR,ERR,ERR,ERR,ERR,ERR,ERR,ERR,ERR,ERR,ERR,ERR,ERR,ERR,ERR,ERR,ERR,ERR,ERR,ERR,ERR,ERR,ERR,ERR,ERR,ERR,ERR,ERR,ERR,ERR,ERR,ERR,ERR,ERR,ERR,ERR,ERR,ERR,ERR,ERR,ERR,ERR,ERR,ERR,ERR,ERR,ERR,ERR,ERR,ERR,ERR,ERR,ERR,ERR,ERR,ERR,ERR,ERR,ERR,ERR,ERR,ERR,ERR,ERR,ERR,ERR,ERR,ERR,ERR,ERR,ERR,ERR,ERR,ERR,ERR,ERR,0.0,0.0,-134474944.0,0.0,0.0,1.3936040501711995e+18,7.805,0.0,0,0,4,0,8422,0.0,45,0.0,0.0,0.0,0.0,0.0,0,0,0,0,0.0,0,0,0,0,0,0,0,0,0,0,0,0,0,0,0,0,0,0,0,0,0,0,0,0,0,0,0,0,0,0,0,0,0,38,14,7,45,65476,0,300,0,0,8,21553,0.0,-107605600.0,0.0,0.0,0.0,0.0,0.0,0.0,0.0,0.0,0.0,0.0,0.0,0.0,0.0,0.0,0.0,0.0,0.0,0.0,0.0,0.0,0.0,0.0,-2.004,2.004,0.0,0.0,0.0,0.0,4981.0,-2.4229876163019057e+24,0.0,0.0,0.0,0.0,-107615304.0,0.0,0.0,0.0,0.0,53,-0.0,-0.0,0.0,0.0,0.0,0.0,0.0,0.0,0.0,0,0,0,0.0,0.0,0.0,0.0,0.0,0.0,0.0,0.0,0.0,0.0,0.0,0.0,0.0,0.0,0.0,0.0,0,-107875648.0,53,0.0,106,-107614832.0,2.7006707062415038e+23,ERR,ERR,ERR,ERR,ERR,ERR,ERR,ERR,ERR,ERR,ERR,ERR,ERR,ERR,ERR,ERR,ERR,ERR,ERR,ERR,ERR,ERR,ERR,ERR,ERR,ERR,ERR,ERR,ERR,ERR,ERR,ERR,ERR,ERR,ERR,ERR,ERR,ERR,ERR,ERR,ERR,ERR,ERR,ERR,ERR,ERR,ERR,ERR,ERR,ERR,ERR,ERR,ERR,ERR,ERR,ERR,ERR,ERR,ERR,ERR,ERR,ERR,ERR,ERR,ERR,ERR,ERR,50.0,60.0,100,0.0,0.0,0.0,0.0,0.0,0.0,0.0,0.0,0.0,0.0,0.0,0.0,0.0,0.0,0.0,0.0,61.6,77,11,65509,50,65476,0,300,0,0,8,20529,65476,0,0,26214,60.0,0.0,0.0,0.0,0.0,0.0
2026-05-17T16:56:16,ERR,ERR,ERR,ERR,ERR,ERR,ERR,ERR,ERR,ERR,ERR,ERR,ERR,ERR,ERR,ERR,ERR,ERR,ERR,ERR,ERR,ERR,ERR,ERR,ERR,ERR,ERR,ERR,ERR,ERR,ERR,ERR,ERR,ERR,ERR,ERR,ERR,ERR,ERR,ERR,ERR,ERR,ERR,ERR,ERR,ERR,ERR,ERR,ERR,ERR,ERR,ERR,ERR,ERR,ERR,ERR,ERR,ERR,ERR,ERR,ERR,ERR,ERR,ERR,ERR,ERR,ERR,ERR,ERR,ERR,ERR,ERR,ERR,ERR,ERR,ERR,ERR,ERR,ERR,ERR,ERR,ERR,ERR,ERR,ERR,ERR,ERR,ERR,ERR,ERR,ERR,ERR,ERR,ERR,ERR,ERR,ERR,ERR,ERR,ERR,ERR,ERR,ERR,ERR,ERR,ERR,ERR,ERR,ERR,ERR,ERR,ERR,ERR,ERR,ERR,ERR,ERR,ERR,ERR,ERR,ERR,ERR,ERR,ERR,ERR,0.0,0.0,-134474944.0,0.0,0.0,1.3936040501711995e+18,7.805,0.0,0,0,4,0,8422,0.0,45,0.0,0.0,0.0,0.0,0.0,0,0,0,0,0.0,0,0,0,0,0,0,0,0,0,0,0,0,0,0,0,0,0,0,0,0,0,0,0,0,0,0,0,0,0,0,0,0,0,38,14,7,45,65476,0,300,0,0,8,21553,0.0,-107605600.0,0.0,0.0,0.0,0.0,0.0,0.0,0.0,0.0,0.0,0.0,0.0,0.0,0.0,0.0,0.0,0.0,0.0,0.0,0.0,0.0,0.0,0.0,-2.004,2.004,0.0,0.0,0.0,0.0,4981.0,-2.4229876163019057e+24,0.0,0.0,0.0,0.0,-107615304.0,0.0,0.0,0.0,0.0,53,-0.0,-0.0,0.0,0.0,0.0,0.0,0.0,0.0,0.0,0,0,0,0.0,0.0,0.0,0.0,0.0,0.0,0.0,0.0,0.0,0.0,0.0,0.0,0.0,0.0,0.0,0.0,0,-107875648.0,53,0.0,106,-107614832.0,2.7006707062415038e+23,ERR,ERR,ERR,ERR,ERR,ERR,ERR,ERR,ERR,ERR,ERR,ERR,ERR,ERR,ERR,ERR,ERR,ERR,ERR,ERR,ERR,ERR,ERR,ERR,ERR,ERR,ERR,ERR,ERR,ERR,ERR,ERR,ERR,ERR,ERR,ERR,ERR,ERR,ERR,ERR,ERR,ERR,ERR,ERR,ERR,ERR,ERR,ERR,ERR,ERR,ERR,ERR,ERR,ERR,ERR,ERR,ERR,ERR,ERR,ERR,ERR,ERR,ERR,ERR,ERR,ERR,ERR,50.0,60.0,100,0.0,0.0,0.0,0.0,0.0,0.0,0.0,0.0,0.0,0.0,0.0,0.0,0.0,0.0,0.0,0.0,61.6,77,11,65509,50,65476,0,300,0,0,8,20529,65476,0,0,26214,60.0,0.0,0.0,0.0,0.0,0.0
2026-05-17T16:56:17,ERR,ERR,ERR,ERR,ERR,ERR,ERR,ERR,ERR,ERR,ERR,ERR,ERR,ERR,ERR,ERR,ERR,ERR,ERR,ERR,ERR,ERR,ERR,ERR,ERR,ERR,ERR,ERR,ERR,ERR,ERR,ERR,ERR,ERR,ERR,ERR,ERR,ERR,ERR,ERR,ERR,ERR,ERR,ERR,ERR,ERR,ERR,ERR,ERR,ERR,ERR,ERR,ERR,ERR,ERR,ERR,ERR,ERR,ERR,ERR,ERR,ERR,ERR,ERR,ERR,ERR,ERR,ERR,ERR,ERR,ERR,ERR,ERR,ERR,ERR,ERR,ERR,ERR,ERR,ERR,ERR,ERR,ERR,ERR,ERR,ERR,ERR,ERR,ERR,ERR,ERR,ERR,ERR,ERR,ERR,ERR,ERR,ERR,ERR,ERR,ERR,ERR,ERR,ERR,ERR,ERR,ERR,ERR,ERR,ERR,ERR,ERR,ERR,ERR,ERR,ERR,ERR,ERR,ERR,ERR,ERR,ERR,ERR,ERR,ERR,2.718428759860196e+23,0.0,-0.0,0.0,0.0,1.3936040501711995e+18,7.805,0.0,0,0,4,0,8422,0.0,45,0.0,0.0,0.0,0.0,0.0,0,0,0,0,0.0,0,0,0,0,0,0,0,0,0,0,0,0,0,0,0,0,0,0,0,0,0,0,0,0,0,0,0,0,0,0,0,0,0,38,14,7,45,65476,0,300,0,0,8,21553,0.0,-107605600.0,0.0,0.0,0.0,0.0,0.0,0.0,0.0,0.0,0.0,0.0,0.0,0.0,0.0,0.0,0.0,0.0,0.0,0.0,0.0,0.0,0.0,0.0,-2.004,2.004,0.0,0.0,0.0,0.0,5011.0,1.040665380856972e+34,0.0,0.0,0.0,0.0,-107615304.0,0.0,0.0,0.0,0.0,53,4.950428597886765e+32,89220.562,0.0,0.0,0.0,0.0,0.0,0.0,0.0,0,0,0,0.0,0.0,0.0,0.0,0.0,0.0,0.0,0.0,0.0,0.0,0.0,0.0,0.0,0.0,0.0,0.0,0,-107875648.0,53,0.0,106,-107614832.0,2.7006707062415038e+23,ERR,ERR,ERR,ERR,ERR,ERR,ERR,ERR,ERR,ERR,ERR,ERR,ERR,ERR,ERR,ERR,ERR,ERR,ERR,ERR,ERR,ERR,ERR,ERR,ERR,ERR,ERR,ERR,ERR,ERR,ERR,ERR,ERR,ERR,ERR,ERR,ERR,ERR,ERR,ERR,ERR,ERR,ERR,ERR,ERR,ERR,ERR,ERR,ERR,ERR,ERR,ERR,ERR,ERR,ERR,ERR,ERR,ERR,ERR,ERR,ERR,ERR,ERR,ERR,ERR,ERR,ERR,50.0,60.0,100,0.0,0.0,0.0,0.0,0.0,0.0,0.0,0.0,0.0,0.0,0.0,0.0,0.0,0.0,0.0,0.0,61.6,77,11,65509,50,65476,0,300,0,0,8,20529,65476,0,0,26214,60.0,0.0,0.0,0.0,0.0,0.0
2026-05-17T16:56:18,ERR,ERR,ERR,ERR,ERR,ERR,ERR,ERR,ERR,ERR,ERR,ERR,ERR,ERR,ERR,ERR,ERR,ERR,ERR,ERR,ERR,ERR,ERR,ERR,ERR,ERR,ERR,ERR,ERR,ERR,ERR,ERR,ERR,ERR,ERR,ERR,ERR,ERR,ERR,ERR,ERR,ERR,ERR,ERR,ERR,ERR,ERR,ERR,ERR,ERR,ERR,ERR,ERR,ERR,ERR,ERR,ERR,ERR,ERR,ERR,ERR,ERR,ERR,ERR,ERR,ERR,ERR,ERR,ERR,ERR,ERR,ERR,ERR,ERR,ERR,ERR,ERR,ERR,ERR,ERR,ERR,ERR,ERR,ERR,ERR,ERR,ERR,ERR,ERR,ERR,ERR,ERR,ERR,ERR,ERR,ERR,ERR,ERR,ERR,ERR,ERR,ERR,ERR,ERR,ERR,ERR,ERR,ERR,ERR,ERR,ERR,ERR,ERR,ERR,ERR,ERR,ERR,ERR,ERR,ERR,ERR,ERR,ERR,ERR,ERR,2.718428759860196e+23,0.0,-0.0,0.0,0.0,1.3936040501711995e+18,7.805,0.0,0,0,4,0,8422,0.0,45,0.0,0.0,0.0,0.0,0.0,0,0,0,0,0.0,0,0,0,0,0,0,0,0,0,0,0,0,0,0,0,0,0,0,0,0,0,0,0,0,0,0,0,0,0,0,0,0,0,38,14,7,45,65476,0,300,0,0,8,21553,0.0,-107605600.0,0.0,0.0,0.0,0.0,0.0,0.0,0.0,0.0,0.0,0.0,0.0,0.0,0.0,0.0,0.0,0.0,0.0,0.0,0.0,0.0,0.0,0.0,-2.004,2.004,0.0,0.0,0.0,0.0,5011.0,1.040665380856972e+34,0.0,0.0,0.0,0.0,-107615304.0,0.0,0.0,0.0,0.0,53,4.950428597886765e+32,89220.562,0.0,0.0,0.0,0.0,0.0,0.0,0.0,0,0,0,0.0,0.0,0.0,0.0,0.0,0.0,0.0,0.0,0.0,0.0,0.0,0.0,0.0,0.0,0.0,0.0,0,-107875648.0,53,0.0,106,-107614832.0,2.7006707062415038e+23,ERR,ERR,ERR,ERR,ERR,ERR,ERR,ERR,ERR,ERR,ERR,ERR,ERR,ERR,ERR,ERR,ERR,ERR,ERR,ERR,ERR,ERR,ERR,ERR,ERR,ERR,ERR,ERR,ERR,ERR,ERR,ERR,ERR,ERR,ERR,ERR,ERR,ERR,ERR,ERR,ERR,ERR,ERR,ERR,ERR,ERR,ERR,ERR,ERR,ERR,ERR,ERR,ERR,ERR,ERR,ERR,ERR,ERR,ERR,ERR,ERR,ERR,ERR,ERR,ERR,ERR,ERR,50.0,60.0,100,0.0,0.0,0.0,0.0,0.0,0.0,0.0,0.0,0.0,0.0,0.0,0.0,0.0,0.0,0.0,0.0,61.6,77,11,65509,50,65476,0,300,0,0,8,20529,65476,0,0,26214,60.0,0.0,0.0,0.0,0.0,0.0
2026-05-17T16:56:19,ERR,ERR,ERR,ERR,ERR,ERR,ERR,ERR,ERR,ERR,ERR,ERR,ERR,ERR,ERR,ERR,ERR,ERR,ERR,ERR,ERR,ERR,ERR,ERR,ERR,ERR,ERR,ERR,ERR,ERR,ERR,ERR,ERR,ERR,ERR,ERR,ERR,ERR,ERR,ERR,ERR,ERR,ERR,ERR,ERR,ERR,ERR,ERR,ERR,ERR,ERR,ERR,ERR,ERR,ERR,ERR,ERR,ERR,ERR,ERR,ERR,ERR,ERR,ERR,ERR,ERR,ERR,ERR,ERR,ERR,ERR,ERR,ERR,ERR,ERR,ERR,ERR,ERR,ERR,ERR,ERR,ERR,ERR,ERR,ERR,ERR,ERR,ERR,ERR,ERR,ERR,ERR,ERR,ERR,ERR,ERR,ERR,ERR,ERR,ERR,ERR,ERR,ERR,ERR,ERR,ERR,ERR,ERR,ERR,ERR,ERR,ERR,ERR,ERR,ERR,ERR,ERR,ERR,ERR,ERR,ERR,ERR,ERR,ERR,ERR,2.718428759860196e+23,0.0,-0.0,0.0,0.0,1.3936040501711995e+18,7.805,0.0,0,0,4,0,8422,0.0,45,0.0,0.0,0.0,0.0,0.0,0,0,0,0,0.0,0,0,0,0,0,0,0,0,0,0,0,0,0,0,0,0,0,0,0,0,0,0,0,0,0,0,0,0,0,0,0,0,0,38,14,7,45,65476,0,300,0,0,8,21553,0.0,-107605600.0,0.0,0.0,0.0,0.0,0.0,0.0,0.0,0.0,0.0,0.0,0.0,0.0,0.0,0.0,0.0,0.0,0.0,0.0,0.0,0.0,0.0,0.0,-2.004,2.004,0.0,0.0,0.0,0.0,5011.0,1.040665380856972e+34,0.0,0.0,0.0,0.0,-107615304.0,0.0,0.0,0.0,0.0,53,4.950428597886765e+32,89220.562,0.0,0.0,0.0,0.0,0.0,0.0,0.0,0,0,0,0.0,0.0,0.0,0.0,0.0,0.0,0.0,0.0,0.0,0.0,0.0,0.0,0.0,0.0,0.0,0.0,0,-107875648.0,53,0.0,106,-107614832.0,2.7006707062415038e+23,ERR,ERR,ERR,ERR,ERR,ERR,ERR,ERR,ERR,ERR,ERR,ERR,ERR,ERR,ERR,ERR,ERR,ERR,ERR,ERR,ERR,ERR,ERR,ERR,ERR,ERR,ERR,ERR,ERR,ERR,ERR,ERR,ERR,ERR,ERR,ERR,ERR,ERR,ERR,ERR,ERR,ERR,ERR,ERR,ERR,ERR,ERR,ERR,ERR,ERR,ERR,ERR,ERR,ERR,ERR,ERR,ERR,ERR,ERR,ERR,ERR,ERR,ERR,ERR,ERR,ERR,ERR,50.0,60.0,100,0.0,0.0,0.0,0.0,0.0,0.0,0.0,0.0,0.0,0.0,0.0,0.0,0.0,0.0,0.0,0.0,61.6,77,11,65509,50,65476,0,300,0,0,8,20529,65476,0,0,26214,60.0,0.0,0.0,0.0,0.0,0.0
2026-05-17T16:56:20,ERR,ERR,ERR,ERR,ERR,ERR,ERR,ERR,ERR,ERR,ERR,ERR,ERR,ERR,ERR,ERR,ERR,ERR,ERR,ERR,ERR,ERR,ERR,ERR,ERR,ERR,ERR,ERR,ERR,ERR,ERR,ERR,ERR,ERR,ERR,ERR,ERR,ERR,ERR,ERR,ERR,ERR,ERR,ERR,ERR,ERR,ERR,ERR,ERR,ERR,ERR,ERR,ERR,ERR,ERR,ERR,ERR,ERR,ERR,ERR,ERR,ERR,ERR,ERR,ERR,ERR,ERR,ERR,ERR,ERR,ERR,ERR,ERR,ERR,ERR,ERR,ERR,ERR,ERR,ERR,ERR,ERR,ERR,ERR,ERR,ERR,ERR,ERR,ERR,ERR,ERR,ERR,ERR,ERR,ERR,ERR,ERR,ERR,ERR,ERR,ERR,ERR,ERR,ERR,ERR,ERR,ERR,ERR,ERR,ERR,ERR,ERR,ERR,ERR,ERR,ERR,ERR,ERR,ERR,ERR,ERR,ERR,ERR,ERR,ERR,2.718428759860196e+23,0.0,-0.0,0.0,0.0,1.3936040501711995e+18,7.805,0.0,0,0,4,0,8422,0.0,45,0.0,0.0,0.0,0.0,0.0,0,0,0,0,0.0,0,0,0,0,0,0,0,0,0,0,0,0,0,0,0,0,0,0,0,0,0,0,0,0,0,0,0,0,0,0,0,0,0,38,14,7,45,65476,0,300,0,0,8,21553,0.0,-107605600.0,0.0,0.0,0.0,0.0,0.0,0.0,0.0,0.0,0.0,0.0,0.0,0.0,0.0,0.0,0.0,0.0,0.0,0.0,0.0,0.0,0.0,0.0,-2.004,2.004,0.0,0.0,0.0,0.0,5011.0,1.040665380856972e+34,0.0,0.0,0.0,0.0,-107615304.0,0.0,0.0,0.0,0.0,53,4.950428597886765e+32,89220.562,0.0,0.0,0.0,0.0,0.0,0.0,0.0,0,0,0,0.0,0.0,0.0,0.0,0.0,0.0,0.0,0.0,0.0,0.0,0.0,0.0,0.0,0.0,0.0,0.0,0,-107875648.0,53,0.0,106,-107614832.0,2.7006707062415038e+23,ERR,ERR,ERR,ERR,ERR,ERR,ERR,ERR,ERR,ERR,ERR,ERR,ERR,ERR,ERR,ERR,ERR,ERR,ERR,ERR,ERR,ERR,ERR,ERR,ERR,ERR,ERR,ERR,ERR,ERR,ERR,ERR,ERR,ERR,ERR,ERR,ERR,ERR,ERR,ERR,ERR,ERR,ERR,ERR,ERR,ERR,ERR,ERR,ERR,ERR,ERR,ERR,ERR,ERR,ERR,ERR,ERR,ERR,ERR,ERR,ERR,ERR,ERR,ERR,ERR,ERR,ERR,50.0,60.0,100,0.0,0.0,0.0,0.0,0.0,0.0,0.0,0.0,0.0,0.0,0.0,0.0,0.0,0.0,0.0,0.0,61.6,77,11,65509,50,65476,0,300,0,0,8,20529,65476,0,0,26214,60.0,0.0,0.0,0.0,0.0,0.0
2026-05-17T16:56:21,ERR,ERR,ERR,ERR,ERR,ERR,ERR,ERR,ERR,ERR,ERR,ERR,ERR,ERR,ERR,ERR,ERR,ERR,ERR,ERR,ERR,ERR,ERR,ERR,ERR,ERR,ERR,ERR,ERR,ERR,ERR,ERR,ERR,ERR,ERR,ERR,ERR,ERR,ERR,ERR,ERR,ERR,ERR,ERR,ERR,ERR,ERR,ERR,ERR,ERR,ERR,ERR,ERR,ERR,ERR,ERR,ERR,ERR,ERR,ERR,ERR,ERR,ERR,ERR,ERR,ERR,ERR,ERR,ERR,ERR,ERR,ERR,ERR,ERR,ERR,ERR,ERR,ERR,ERR,ERR,ERR,ERR,ERR,ERR,ERR,ERR,ERR,ERR,ERR,ERR,ERR,ERR,ERR,ERR,ERR,ERR,ERR,ERR,ERR,ERR,ERR,ERR,ERR,ERR,ERR,ERR,ERR,ERR,ERR,ERR,ERR,ERR,ERR,ERR,ERR,ERR,ERR,ERR,ERR,ERR,ERR,ERR,ERR,ERR,ERR,2.718428759860196e+23,0.0,-0.0,0.0,0.0,1.3936040501711995e+18,7.805,0.0,0,0,4,0,8422,0.0,45,0.0,0.0,0.0,0.0,0.0,0,0,0,0,0.0,0,0,0,0,0,0,0,0,0,0,0,0,0,0,0,0,0,0,0,0,0,0,0,0,0,0,0,0,0,0,0,0,0,38,14,7,45,65476,0,300,0,0,8,21553,0.0,-107605600.0,0.0,0.0,0.0,0.0,0.0,0.0,0.0,0.0,0.0,0.0,0.0,0.0,0.0,0.0,0.0,0.0,0.0,0.0,0.0,0.0,0.0,0.0,-2.004,2.004,0.0,0.0,0.0,0.0,5011.0,1.040665380856972e+34,0.0,0.0,0.0,0.0,-107615304.0,0.0,0.0,0.0,0.0,53,4.950428597886765e+32,89220.562,0.0,0.0,0.0,0.0,0.0,0.0,0.0,0,0,0,0.0,0.0,0.0,0.0,0.0,0.0,0.0,0.0,0.0,0.0,0.0,0.0,0.0,0.0,0.0,0.0,0,-107875648.0,53,0.0,106,-107614832.0,2.7006707062415038e+23,ERR,ERR,ERR,ERR,ERR,ERR,ERR,ERR,ERR,ERR,ERR,ERR,ERR,ERR,ERR,ERR,ERR,ERR,ERR,ERR,ERR,ERR,ERR,ERR,ERR,ERR,ERR,ERR,ERR,ERR,ERR,ERR,ERR,ERR,ERR,ERR,ERR,ERR,ERR,ERR,ERR,ERR,ERR,ERR,ERR,ERR,ERR,ERR,ERR,ERR,ERR,ERR,ERR,ERR,ERR,ERR,ERR,ERR,ERR,ERR,ERR,ERR,ERR,ERR,ERR,ERR,ERR,50.0,60.0,100,0.0,0.0,0.0,0.0,0.0,0.0,0.0,0.0,0.0,0.0,0.0,0.0,0.0,0.0,0.0,0.0,61.6,77,11,65509,50,65476,0,300,0,0,8,20529,65476,0,0,26214,60.0,0.0,0.0,0.0,0.0,0.0
2026-05-17T16:56:22,ERR,ERR,ERR,ERR,ERR,ERR,ERR,ERR,ERR,ERR,ERR,ERR,ERR,ERR,ERR,ERR,ERR,ERR,ERR,ERR,ERR,ERR,ERR,ERR,ERR,ERR,ERR,ERR,ERR,ERR,ERR,ERR,ERR,ERR,ERR,ERR,ERR,ERR,ERR,ERR,ERR,ERR,ERR,ERR,ERR,ERR,ERR,ERR,ERR,ERR,ERR,ERR,ERR,ERR,ERR,ERR,ERR,ERR,ERR,ERR,ERR,ERR,ERR,ERR,ERR,ERR,ERR,ERR,ERR,ERR,ERR,ERR,ERR,ERR,ERR,ERR,ERR,ERR,ERR,ERR,ERR,ERR,ERR,ERR,ERR,ERR,ERR,ERR,ERR,ERR,ERR,ERR,ERR,ERR,ERR,ERR,ERR,ERR,ERR,ERR,ERR,ERR,ERR,ERR,ERR,ERR,ERR,ERR,ERR,ERR,ERR,ERR,ERR,ERR,ERR,ERR,ERR,ERR,ERR,ERR,ERR,ERR,ERR,ERR,ERR,0.0,0.0,-134474944.0,0.0,0.0,1.3936040501711995e+18,7.805,0.0,0,0,4,0,8422,0.0,45,0.0,0.0,0.0,0.0,0.0,0,0,0,0,0.0,0,0,0,0,0,0,0,0,0,0,0,0,0,0,0,0,0,0,0,0,0,0,0,0,0,0,0,0,0,0,0,0,0,38,14,7,45,65476,0,300,0,0,8,21553,0.0,-107605600.0,0.0,0.0,0.0,0.0,0.0,0.0,0.0,0.0,0.0,0.0,0.0,0.0,0.0,0.0,0.0,0.0,0.0,0.0,0.0,0.0,0.0,0.0,-2.004,2.004,0.0,0.0,0.0,0.0,5014.0,-0.0,0.0,0.0,0.0,0.0,-107615304.0,0.0,0.0,0.0,0.0,53,-0.0,4.066853658014554e+29,0.0,0.0,0.0,0.0,0.0,0.0,0.0,0,0,0,0.0,0.0,0.0,0.0,0.0,0.0,0.0,0.0,0.0,0.0,0.0,0.0,0.0,0.0,0.0,0.0,0,-107875648.0,53,0.0,106,-107614832.0,2.7006707062415038e+23,ERR,ERR,ERR,ERR,ERR,ERR,ERR,ERR,ERR,ERR,ERR,ERR,ERR,ERR,ERR,ERR,ERR,ERR,ERR,ERR,ERR,ERR,ERR,ERR,ERR,ERR,ERR,ERR,ERR,ERR,ERR,ERR,ERR,ERR,ERR,ERR,ERR,ERR,ERR,ERR,ERR,ERR,ERR,ERR,ERR,ERR,ERR,ERR,ERR,ERR,ERR,ERR,ERR,ERR,ERR,ERR,ERR,ERR,ERR,ERR,ERR,ERR,ERR,ERR,ERR,ERR,ERR,50.0,60.0,100,0.0,0.0,0.0,0.0,0.0,0.0,0.0,0.0,0.0,0.0,0.0,0.0,0.0,0.0,0.0,0.0,62.0,77,11,65509,50,65476,0,300,0,0,8,20529,65476,0,0,26214,60.0,0.0,0.0,0.0,0.0,0.0
2026-05-17T16:56:23,ERR,ERR,ERR,ERR,ERR,ERR,ERR,ERR,ERR,ERR,ERR,ERR,ERR,ERR,ERR,ERR,ERR,ERR,ERR,ERR,ERR,ERR,ERR,ERR,ERR,ERR,ERR,ERR,ERR,ERR,ERR,ERR,ERR,ERR,ERR,ERR,ERR,ERR,ERR,ERR,ERR,ERR,ERR,ERR,ERR,ERR,ERR,ERR,ERR,ERR,ERR,ERR,ERR,ERR,ERR,ERR,ERR,ERR,ERR,ERR,ERR,ERR,ERR,ERR,ERR,ERR,ERR,ERR,ERR,ERR,ERR,ERR,ERR,ERR,ERR,ERR,ERR,ERR,ERR,ERR,ERR,ERR,ERR,ERR,ERR,ERR,ERR,ERR,ERR,ERR,ERR,ERR,ERR,ERR,ERR,ERR,ERR,ERR,ERR,ERR,ERR,ERR,ERR,ERR,ERR,ERR,ERR,ERR,ERR,ERR,ERR,ERR,ERR,ERR,ERR,ERR,ERR,ERR,ERR,ERR,ERR,ERR,ERR,ERR,ERR,0.0,0.0,-134474944.0,0.0,0.0,1.3936040501711995e+18,7.805,0.0,0,0,4,0,8422,0.0,45,0.0,0.0,0.0,0.0,0.0,0,0,0,0,0.0,0,0,0,0,0,0,0,0,0,0,0,0,0,0,0,0,0,0,0,0,0,0,0,0,0,0,0,0,0,0,0,0,0,38,14,7,45,65476,0,300,0,0,8,21553,0.0,-107605600.0,0.0,0.0,0.0,0.0,0.0,0.0,0.0,0.0,0.0,0.0,0.0,0.0,0.0,0.0,0.0,0.0,0.0,0.0,0.0,0.0,0.0,0.0,-2.004,2.004,0.0,0.0,0.0,0.0,5014.0,-0.0,0.0,0.0,0.0,0.0,-107615304.0,0.0,0.0,0.0,0.0,53,-0.0,4.066853658014554e+29,0.0,0.0,0.0,0.0,0.0,0.0,0.0,0,0,0,0.0,0.0,0.0,0.0,0.0,0.0,0.0,0.0,0.0,0.0,0.0,0.0,0.0,0.0,0.0,0.0,0,-107875648.0,53,0.0,106,-107614832.0,2.7006707062415038e+23,ERR,ERR,ERR,ERR,ERR,ERR,ERR,ERR,ERR,ERR,ERR,ERR,ERR,ERR,ERR,ERR,ERR,ERR,ERR,ERR,ERR,ERR,ERR,ERR,ERR,ERR,ERR,ERR,ERR,ERR,ERR,ERR,ERR,ERR,ERR,ERR,ERR,ERR,ERR,ERR,ERR,ERR,ERR,ERR,ERR,ERR,ERR,ERR,ERR,ERR,ERR,ERR,ERR,ERR,ERR,ERR,ERR,ERR,ERR,ERR,ERR,ERR,ERR,ERR,ERR,ERR,ERR,50.0,60.0,100,0.0,0.0,0.0,0.0,0.0,0.0,0.0,0.0,0.0,0.0,0.0,0.0,0.0,0.0,0.0,0.0,62.0,77,11,65509,50,65476,0,300,0,0,8,20529,65476,0,0,26214,60.0,0.0,0.0,0.0,0.0,0.0
2026-05-17T16:56:24,ERR,ERR,ERR,ERR,ERR,ERR,ERR,ERR,ERR,ERR,ERR,ERR,ERR,ERR,ERR,ERR,ERR,ERR,ERR,ERR,ERR,ERR,ERR,ERR,ERR,ERR,ERR,ERR,ERR,ERR,ERR,ERR,ERR,ERR,ERR,ERR,ERR,ERR,ERR,ERR,ERR,ERR,ERR,ERR,ERR,ERR,ERR,ERR,ERR,ERR,ERR,ERR,ERR,ERR,ERR,ERR,ERR,ERR,ERR,ERR,ERR,ERR,ERR,ERR,ERR,ERR,ERR,ERR,ERR,ERR,ERR,ERR,ERR,ERR,ERR,ERR,ERR,ERR,ERR,ERR,ERR,ERR,ERR,ERR,ERR,ERR,ERR,ERR,ERR,ERR,ERR,ERR,ERR,ERR,ERR,ERR,ERR,ERR,ERR,ERR,ERR,ERR,ERR,ERR,ERR,ERR,ERR,ERR,ERR,ERR,ERR,ERR,ERR,ERR,ERR,ERR,ERR,ERR,ERR,ERR,ERR,ERR,ERR,ERR,ERR,0.0,0.0,-134474944.0,0.0,0.0,1.3936040501711995e+18,7.805,0.0,0,0,4,0,8422,0.0,45,0.0,0.0,0.0,0.0,0.0,0,0,0,0,0.0,0,0,0,0,0,0,0,0,0,0,0,0,0,0,0,0,0,0,0,0,0,0,0,0,0,0,0,0,0,0,0,0,0,38,14,7,45,65476,0,300,0,0,8,21553,0.0,-107605600.0,0.0,0.0,0.0,0.0,0.0,0.0,0.0,0.0,0.0,0.0,0.0,0.0,0.0,0.0,0.0,0.0,0.0,0.0,0.0,0.0,0.0,0.0,-2.004,2.004,0.0,0.0,0.0,0.0,5014.0,-0.0,0.0,0.0,0.0,0.0,-107615304.0,0.0,0.0,0.0,0.0,53,-0.0,4.066853658014554e+29,0.0,0.0,0.0,0.0,0.0,0.0,0.0,0,0,0,0.0,0.0,0.0,0.0,0.0,0.0,0.0,0.0,0.0,0.0,0.0,0.0,0.0,0.0,0.0,0.0,0,-107875648.0,53,0.0,106,-107614832.0,2.7006707062415038e+23,ERR,ERR,ERR,ERR,ERR,ERR,ERR,ERR,ERR,ERR,ERR,ERR,ERR,ERR,ERR,ERR,ERR,ERR,ERR,ERR,ERR,ERR,ERR,ERR,ERR,ERR,ERR,ERR,ERR,ERR,ERR,ERR,ERR,ERR,ERR,ERR,ERR,ERR,ERR,ERR,ERR,ERR,ERR,ERR,ERR,ERR,ERR,ERR,ERR,ERR,ERR,ERR,ERR,ERR,ERR,ERR,ERR,ERR,ERR,ERR,ERR,ERR,ERR,ERR,ERR,ERR,ERR,50.0,60.0,100,0.0,0.0,0.0,0.0,0.0,0.0,0.0,0.0,0.0,0.0,0.0,0.0,0.0,0.0,0.0,0.0,61.6,77,11,65509,50,65476,0,300,0,0,8,20529,65476,0,0,26214,60.0,0.0,0.0,0.0,0.0,0.0
2026-05-17T16:56:25,ERR,ERR,ERR,ERR,ERR,ERR,ERR,ERR,ERR,ERR,ERR,ERR,ERR,ERR,ERR,ERR,ERR,ERR,ERR,ERR,ERR,ERR,ERR,ERR,ERR,ERR,ERR,ERR,ERR,ERR,ERR,ERR,ERR,ERR,ERR,ERR,ERR,ERR,ERR,ERR,ERR,ERR,ERR,ERR,ERR,ERR,ERR,ERR,ERR,ERR,ERR,ERR,ERR,ERR,ERR,ERR,ERR,ERR,ERR,ERR,ERR,ERR,ERR,ERR,ERR,ERR,ERR,ERR,ERR,ERR,ERR,ERR,ERR,ERR,ERR,ERR,ERR,ERR,ERR,ERR,ERR,ERR,ERR,ERR,ERR,ERR,ERR,ERR,ERR,ERR,ERR,ERR,ERR,ERR,ERR,ERR,ERR,ERR,ERR,ERR,ERR,ERR,ERR,ERR,ERR,ERR,ERR,ERR,ERR,ERR,ERR,ERR,ERR,ERR,ERR,ERR,ERR,ERR,ERR,ERR,ERR,ERR,ERR,ERR,ERR,0.0,0.0,-134474944.0,0.0,0.0,1.3936040501711995e+18,7.805,0.0,0,0,4,0,8422,0.0,45,0.0,0.0,0.0,0.0,0.0,0,0,0,0,0.0,0,0,0,0,0,0,0,0,0,0,0,0,0,0,0,0,0,0,0,0,0,0,0,0,0,0,0,0,0,0,0,0,0,38,14,7,45,65476,0,300,0,0,8,21553,0.0,-107605600.0,0.0,0.0,0.0,0.0,0.0,0.0,0.0,0.0,0.0,0.0,0.0,0.0,0.0,0.0,0.0,0.0,0.0,0.0,0.0,0.0,0.0,0.0,-2.004,2.004,0.0,0.0,0.0,0.0,5014.0,-0.0,0.0,0.0,0.0,0.0,-107615304.0,0.0,0.0,0.0,0.0,53,-0.0,4.066853658014554e+29,0.0,0.0,0.0,0.0,0.0,0.0,0.0,0,0,0,0.0,0.0,0.0,0.0,0.0,0.0,0.0,0.0,0.0,0.0,0.0,0.0,0.0,0.0,0.0,0.0,0,-107875648.0,53,0.0,106,-107614832.0,2.7006707062415038e+23,ERR,ERR,ERR,ERR,ERR,ERR,ERR,ERR,ERR,ERR,ERR,ERR,ERR,ERR,ERR,ERR,ERR,ERR,ERR,ERR,ERR,ERR,ERR,ERR,ERR,ERR,ERR,ERR,ERR,ERR,ERR,ERR,ERR,ERR,ERR,ERR,ERR,ERR,ERR,ERR,ERR,ERR,ERR,ERR,ERR,ERR,ERR,ERR,ERR,ERR,ERR,ERR,ERR,ERR,ERR,ERR,ERR,ERR,ERR,ERR,ERR,ERR,ERR,ERR,ERR,ERR,ERR,50.0,60.0,100,0.0,0.0,0.0,0.0,0.0,0.0,0.0,0.0,0.0,0.0,0.0,0.0,0.0,0.0,0.0,0.0,61.6,77,11,65509,50,65476,0,300,0,0,8,20529,65476,0,0,26214,60.0,0.0,0.0,0.0,0.0,0.0
2026-05-17T16:56:26,ERR,ERR,ERR,ERR,ERR,ERR,ERR,ERR,ERR,ERR,ERR,ERR,ERR,ERR,ERR,ERR,ERR,ERR,ERR,ERR,ERR,ERR,ERR,ERR,ERR,ERR,ERR,ERR,ERR,ERR,ERR,ERR,ERR,ERR,ERR,ERR,ERR,ERR,ERR,ERR,ERR,ERR,ERR,ERR,ERR,ERR,ERR,ERR,ERR,ERR,ERR,ERR,ERR,ERR,ERR,ERR,ERR,ERR,ERR,ERR,ERR,ERR,ERR,ERR,ERR,ERR,ERR,ERR,ERR,ERR,ERR,ERR,ERR,ERR,ERR,ERR,ERR,ERR,ERR,ERR,ERR,ERR,ERR,ERR,ERR,ERR,ERR,ERR,ERR,ERR,ERR,ERR,ERR,ERR,ERR,ERR,ERR,ERR,ERR,ERR,ERR,ERR,ERR,ERR,ERR,ERR,ERR,ERR,ERR,ERR,ERR,ERR,ERR,ERR,ERR,ERR,ERR,ERR,ERR,ERR,ERR,ERR,ERR,ERR,ERR,0.0,0.0,-134474944.0,0.0,0.0,1.3936040501711995e+18,7.805,0.0,0,0,4,0,8422,0.0,45,0.0,0.0,0.0,0.0,0.0,0,0,0,0,0.0,0,0,0,0,0,0,0,0,0,0,0,0,0,0,0,0,0,0,0,0,0,0,0,0,0,0,0,0,0,0,0,0,0,38,14,7,45,65476,0,300,0,0,8,21553,0.0,-107605600.0,0.0,0.0,0.0,0.0,0.0,0.0,0.0,0.0,0.0,0.0,0.0,0.0,0.0,0.0,0.0,0.0,0.0,0.0,0.0,0.0,0.0,0.0,-2.004,2.004,0.0,0.0,0.0,0.0,5014.0,-0.0,0.0,0.0,0.0,0.0,-107615304.0,0.0,0.0,0.0,0.0,53,-0.0,4.066853658014554e+29,0.0,0.0,0.0,0.0,0.0,0.0,0.0,0,0,0,0.0,0.0,0.0,0.0,0.0,0.0,0.0,0.0,0.0,0.0,0.0,0.0,0.0,0.0,0.0,0.0,0,-107875648.0,53,0.0,106,-107614832.0,2.7006707062415038e+23,ERR,ERR,ERR,ERR,ERR,ERR,ERR,ERR,ERR,ERR,ERR,ERR,ERR,ERR,ERR,ERR,ERR,ERR,ERR,ERR,ERR,ERR,ERR,ERR,ERR,ERR,ERR,ERR,ERR,ERR,ERR,ERR,ERR,ERR,ERR,ERR,ERR,ERR,ERR,ERR,ERR,ERR,ERR,ERR,ERR,ERR,ERR,ERR,ERR,ERR,ERR,ERR,ERR,ERR,ERR,ERR,ERR,ERR,ERR,ERR,ERR,ERR,ERR,ERR,ERR,ERR,ERR,50.0,60.0,100,0.0,0.0,0.0,0.0,0.0,0.0,0.0,0.0,0.0,0.0,0.0,0.0,0.0,0.0,0.0,0.0,61.6,77,11,65509,50,65476,0,300,0,0,8,20529,65476,0,0,26214,60.0,0.0,0.0,0.0,0.0,0.0
2026-05-17T16:56:27,ERR,ERR,ERR,ERR,ERR,ERR,ERR,ERR,ERR,ERR,ERR,ERR,ERR,ERR,ERR,ERR,ERR,ERR,ERR,ERR,ERR,ERR,ERR,ERR,ERR,ERR,ERR,ERR,ERR,ERR,ERR,ERR,ERR,ERR,ERR,ERR,ERR,ERR,ERR,ERR,ERR,ERR,ERR,ERR,ERR,ERR,ERR,ERR,ERR,ERR,ERR,ERR,ERR,ERR,ERR,ERR,ERR,ERR,ERR,ERR,ERR,ERR,ERR,ERR,ERR,ERR,ERR,ERR,ERR,ERR,ERR,ERR,ERR,ERR,ERR,ERR,ERR,ERR,ERR,ERR,ERR,ERR,ERR,ERR,ERR,ERR,ERR,ERR,ERR,ERR,ERR,ERR,ERR,ERR,ERR,ERR,ERR,ERR,ERR,ERR,ERR,ERR,ERR,ERR,ERR,ERR,ERR,ERR,ERR,ERR,ERR,ERR,ERR,ERR,ERR,ERR,ERR,ERR,ERR,ERR,ERR,ERR,ERR,ERR,ERR,0.0,0.0,-134474944.0,0.0,0.0,1.3936040501711995e+18,7.805,0.0,0,0,4,0,8422,0.0,45,0.0,0.0,0.0,0.0,0.0,0,0,0,0,0.0,0,0,0,0,0,0,0,0,0,0,0,0,0,0,0,0,0,0,0,0,0,0,0,0,0,0,0,0,0,0,0,0,0,38,14,7,45,65476,0,300,0,0,8,21553,0.0,-107605600.0,0.0,0.0,0.0,0.0,0.0,0.0,0.0,0.0,0.0,0.0,0.0,0.0,0.0,0.0,0.0,0.0,0.0,0.0,0.0,0.0,0.0,0.0,-2.004,2.004,0.0,0.0,0.0,0.0,5014.0,-0.0,0.0,0.0,0.0,0.0,-107615304.0,0.0,0.0,0.0,0.0,53,-0.0,4.066853658014554e+29,0.0,0.0,0.0,0.0,0.0,0.0,0.0,0,0,0,0.0,0.0,0.0,0.0,0.0,0.0,0.0,0.0,0.0,0.0,0.0,0.0,0.0,0.0,0.0,0.0,0,-107875648.0,53,0.0,106,-107614832.0,2.7006707062415038e+23,ERR,ERR,ERR,ERR,ERR,ERR,ERR,ERR,ERR,ERR,ERR,ERR,ERR,ERR,ERR,ERR,ERR,ERR,ERR,ERR,ERR,ERR,ERR,ERR,ERR,ERR,ERR,ERR,ERR,ERR,ERR,ERR,ERR,ERR,ERR,ERR,ERR,ERR,ERR,ERR,ERR,ERR,ERR,ERR,ERR,ERR,ERR,ERR,ERR,ERR,ERR,ERR,ERR,ERR,ERR,ERR,ERR,ERR,ERR,ERR,ERR,ERR,ERR,ERR,ERR,ERR,ERR,50.0,60.0,100,0.0,0.0,0.0,0.0,0.0,0.0,0.0,0.0,0.0,0.0,0.0,0.0,0.0,0.0,0.0,0.0,61.6,77,11,65509,50,65476,0,300,0,0,8,20529,65476,0,0,26214,60.0,0.0,0.0,0.0,0.0,0.0
2026-05-17T16:56:28,ERR,ERR,ERR,ERR,ERR,ERR,ERR,ERR,ERR,ERR,ERR,ERR,ERR,ERR,ERR,ERR,ERR,ERR,ERR,ERR,ERR,ERR,ERR,ERR,ERR,ERR,ERR,ERR,ERR,ERR,ERR,ERR,ERR,ERR,ERR,ERR,ERR,ERR,ERR,ERR,ERR,ERR,ERR,ERR,ERR,ERR,ERR,ERR,ERR,ERR,ERR,ERR,ERR,ERR,ERR,ERR,ERR,ERR,ERR,ERR,ERR,ERR,ERR,ERR,ERR,ERR,ERR,ERR,ERR,ERR,ERR,ERR,ERR,ERR,ERR,ERR,ERR,ERR,ERR,ERR,ERR,ERR,ERR,ERR,ERR,ERR,ERR,ERR,ERR,ERR,ERR,ERR,ERR,ERR,ERR,ERR,ERR,ERR,ERR,ERR,ERR,ERR,ERR,ERR,ERR,ERR,ERR,ERR,ERR,ERR,ERR,ERR,ERR,ERR,ERR,ERR,ERR,ERR,ERR,ERR,ERR,ERR,ERR,ERR,ERR,0.0,0.0,-134474944.0,0.0,0.0,1.3936040501711995e+18,7.805,0.0,0,0,4,0,8422,0.0,45,0.0,0.0,0.0,0.0,0.0,0,0,0,0,0.0,0,0,0,0,0,0,0,0,0,0,0,0,0,0,0,0,0,0,0,0,0,0,0,0,0,0,0,0,0,0,0,0,0,38,14,7,45,65476,0,300,0,0,8,21553,0.0,-107605600.0,0.0,0.0,0.0,0.0,0.0,0.0,0.0,0.0,0.0,0.0,0.0,0.0,0.0,0.0,0.0,0.0,0.0,0.0,0.0,0.0,0.0,0.0,-2.004,2.004,0.0,0.0,0.0,0.0,5019.0,-0.0,0.0,0.0,0.0,0.0,-107615304.0,0.0,0.0,0.0,0.0,53,-0.0,4.066853658014554e+29,0.0,0.0,0.0,0.0,0.0,0.0,0.0,0,0,0,0.0,0.0,0.0,0.0,0.0,0.0,0.0,0.0,0.0,0.0,0.0,0.0,0.0,0.0,0.0,0.0,0,-107875648.0,53,0.0,106,-107614832.0,2.7006707062415038e+23,ERR,ERR,ERR,ERR,ERR,ERR,ERR,ERR,ERR,ERR,ERR,ERR,ERR,ERR,ERR,ERR,ERR,ERR,ERR,ERR,ERR,ERR,ERR,ERR,ERR,ERR,ERR,ERR,ERR,ERR,ERR,ERR,ERR,ERR,ERR,ERR,ERR,ERR,ERR,ERR,ERR,ERR,ERR,ERR,ERR,ERR,ERR,ERR,ERR,ERR,ERR,ERR,ERR,ERR,ERR,ERR,ERR,ERR,ERR,ERR,ERR,ERR,ERR,ERR,ERR,ERR,ERR,50.0,60.0,100,0.0,0.0,0.0,0.0,0.0,0.0,0.0,0.0,0.0,0.0,0.0,0.0,0.0,0.0,0.0,0.0,61.6,77,11,65509,50,65476,0,300,0,0,8,20529,65476,0,0,26214,60.0,0.0,0.0,0.0,0.0,0.0
2026-05-17T16:56:29,ERR,ERR,ERR,ERR,ERR,ERR,ERR,ERR,ERR,ERR,ERR,ERR,ERR,ERR,ERR,ERR,ERR,ERR,ERR,ERR,ERR,ERR,ERR,ERR,ERR,ERR,ERR,ERR,ERR,ERR,ERR,ERR,ERR,ERR,ERR,ERR,ERR,ERR,ERR,ERR,ERR,ERR,ERR,ERR,ERR,ERR,ERR,ERR,ERR,ERR,ERR,ERR,ERR,ERR,ERR,ERR,ERR,ERR,ERR,ERR,ERR,ERR,ERR,ERR,ERR,ERR,ERR,ERR,ERR,ERR,ERR,ERR,ERR,ERR,ERR,ERR,ERR,ERR,ERR,ERR,ERR,ERR,ERR,ERR,ERR,ERR,ERR,ERR,ERR,ERR,ERR,ERR,ERR,ERR,ERR,ERR,ERR,ERR,ERR,ERR,ERR,ERR,ERR,ERR,ERR,ERR,ERR,ERR,ERR,ERR,ERR,ERR,ERR,ERR,ERR,ERR,ERR,ERR,ERR,ERR,ERR,ERR,ERR,ERR,ERR,0.0,0.0,-134474944.0,0.0,0.0,1.3936040501711995e+18,7.805,0.0,0,0,4,0,8422,0.0,45,0.0,0.0,0.0,0.0,0.0,0,0,0,0,0.0,0,0,0,0,0,0,0,0,0,0,0,0,0,0,0,0,0,0,0,0,0,0,0,0,0,0,0,0,0,0,0,0,0,38,14,7,45,65476,0,300,0,0,8,21553,0.0,-107605600.0,0.0,0.0,0.0,0.0,0.0,0.0,0.0,0.0,0.0,0.0,0.0,0.0,0.0,0.0,0.0,0.0,0.0,0.0,0.0,0.0,0.0,0.0,-2.004,2.004,0.0,0.0,0.0,0.0,5019.0,-0.0,0.0,0.0,0.0,0.0,-107615304.0,0.0,0.0,0.0,0.0,53,-0.0,4.066853658014554e+29,0.0,0.0,0.0,0.0,0.0,0.0,0.0,0,0,0,0.0,0.0,0.0,0.0,0.0,0.0,0.0,0.0,0.0,0.0,0.0,0.0,0.0,0.0,0.0,0.0,0,-107875648.0,53,0.0,106,-107614832.0,2.7006707062415038e+23,ERR,ERR,ERR,ERR,ERR,ERR,ERR,ERR,ERR,ERR,ERR,ERR,ERR,ERR,ERR,ERR,ERR,ERR,ERR,ERR,ERR,ERR,ERR,ERR,ERR,ERR,ERR,ERR,ERR,ERR,ERR,ERR,ERR,ERR,ERR,ERR,ERR,ERR,ERR,ERR,ERR,ERR,ERR,ERR,ERR,ERR,ERR,ERR,ERR,ERR,ERR,ERR,ERR,ERR,ERR,ERR,ERR,ERR,ERR,ERR,ERR,ERR,ERR,ERR,ERR,ERR,ERR,50.0,60.0,100,0.0,0.0,0.0,0.0,0.0,0.0,0.0,0.0,0.0,0.0,0.0,0.0,0.0,0.0,0.0,0.0,61.6,77,11,65509,50,65476,0,300,0,0,8,20529,65476,0,0,26214,60.0,0.0,0.0,0.0,0.0,0.0
2026-05-17T16:56:30,ERR,ERR,ERR,ERR,ERR,ERR,ERR,ERR,ERR,ERR,ERR,ERR,ERR,ERR,ERR,ERR,ERR,ERR,ERR,ERR,ERR,ERR,ERR,ERR,ERR,ERR,ERR,ERR,ERR,ERR,ERR,ERR,ERR,ERR,ERR,ERR,ERR,ERR,ERR,ERR,ERR,ERR,ERR,ERR,ERR,ERR,ERR,ERR,ERR,ERR,ERR,ERR,ERR,ERR,ERR,ERR,ERR,ERR,ERR,ERR,ERR,ERR,ERR,ERR,ERR,ERR,ERR,ERR,ERR,ERR,ERR,ERR,ERR,ERR,ERR,ERR,ERR,ERR,ERR,ERR,ERR,ERR,ERR,ERR,ERR,ERR,ERR,ERR,ERR,ERR,ERR,ERR,ERR,ERR,ERR,ERR,ERR,ERR,ERR,ERR,ERR,ERR,ERR,ERR,ERR,ERR,ERR,ERR,ERR,ERR,ERR,ERR,ERR,ERR,ERR,ERR,ERR,ERR,ERR,ERR,ERR,ERR,ERR,ERR,ERR,0.0,0.0,-134474944.0,0.0,0.0,1.3936040501711995e+18,7.805,0.0,0,0,4,0,8422,0.0,45,0.0,0.0,0.0,0.0,0.0,0,0,0,0,0.0,0,0,0,0,0,0,0,0,0,0,0,0,0,0,0,0,0,0,0,0,0,0,0,0,0,0,0,0,0,0,0,0,0,38,14,7,45,65476,0,300,0,0,8,21553,0.0,-107605600.0,0.0,0.0,0.0,0.0,0.0,0.0,0.0,0.0,0.0,0.0,0.0,0.0,0.0,0.0,0.0,0.0,0.0,0.0,0.0,0.0,0.0,0.0,-2.004,2.004,0.0,0.0,0.0,0.0,5019.0,-0.0,0.0,0.0,0.0,0.0,-107615304.0,0.0,0.0,0.0,0.0,53,-0.0,4.066853658014554e+29,0.0,0.0,0.0,0.0,0.0,0.0,0.0,0,0,0,0.0,0.0,0.0,0.0,0.0,0.0,0.0,0.0,0.0,0.0,0.0,0.0,0.0,0.0,0.0,0.0,0,-107875648.0,53,0.0,106,-107614832.0,2.7006707062415038e+23,ERR,ERR,ERR,ERR,ERR,ERR,ERR,ERR,ERR,ERR,ERR,ERR,ERR,ERR,ERR,ERR,ERR,ERR,ERR,ERR,ERR,ERR,ERR,ERR,ERR,ERR,ERR,ERR,ERR,ERR,ERR,ERR,ERR,ERR,ERR,ERR,ERR,ERR,ERR,ERR,ERR,ERR,ERR,ERR,ERR,ERR,ERR,ERR,ERR,ERR,ERR,ERR,ERR,ERR,ERR,ERR,ERR,ERR,ERR,ERR,ERR,ERR,ERR,ERR,ERR,ERR,ERR,50.0,60.0,100,0.0,0.0,0.0,0.0,0.0,0.0,0.0,0.0,0.0,0.0,0.0,0.0,0.0,0.0,0.0,0.0,61.6,77,11,65509,50,65476,0,300,0,0,8,20529,65476,0,0,26214,60.0,0.0,0.0,0.0,0.0,0.0
2026-05-17T16:56:31,ERR,ERR,ERR,ERR,ERR,ERR,ERR,ERR,ERR,ERR,ERR,ERR,ERR,ERR,ERR,ERR,ERR,ERR,ERR,ERR,ERR,ERR,ERR,ERR,ERR,ERR,ERR,ERR,ERR,ERR,ERR,ERR,ERR,ERR,ERR,ERR,ERR,ERR,ERR,ERR,ERR,ERR,ERR,ERR,ERR,ERR,ERR,ERR,ERR,ERR,ERR,ERR,ERR,ERR,ERR,ERR,ERR,ERR,ERR,ERR,ERR,ERR,ERR,ERR,ERR,ERR,ERR,ERR,ERR,ERR,ERR,ERR,ERR,ERR,ERR,ERR,ERR,ERR,ERR,ERR,ERR,ERR,ERR,ERR,ERR,ERR,ERR,ERR,ERR,ERR,ERR,ERR,ERR,ERR,ERR,ERR,ERR,ERR,ERR,ERR,ERR,ERR,ERR,ERR,ERR,ERR,ERR,ERR,ERR,ERR,ERR,ERR,ERR,ERR,ERR,ERR,ERR,ERR,ERR,ERR,ERR,ERR,ERR,ERR,ERR,0.0,0.0,-134474944.0,0.0,0.0,1.3936040501711995e+18,7.805,0.0,0,0,4,0,8422,0.0,45,0.0,0.0,0.0,0.0,0.0,0,0,0,0,0.0,0,0,0,0,0,0,0,0,0,0,0,0,0,0,0,0,0,0,0,0,0,0,0,0,0,0,0,0,0,0,0,0,0,38,14,7,45,65476,0,300,0,0,8,21553,0.0,-107605600.0,0.0,0.0,0.0,0.0,0.0,0.0,0.0,0.0,0.0,0.0,0.0,0.0,0.0,0.0,0.0,0.0,0.0,0.0,0.0,0.0,0.0,0.0,-2.004,2.004,0.0,0.0,0.0,0.0,5019.0,-0.0,0.0,0.0,0.0,0.0,-107615304.0,0.0,0.0,0.0,0.0,53,-0.0,4.066853658014554e+29,0.0,0.0,0.0,0.0,0.0,0.0,0.0,0,0,0,0.0,0.0,0.0,0.0,0.0,0.0,0.0,0.0,0.0,0.0,0.0,0.0,0.0,0.0,0.0,0.0,0,-107875648.0,53,0.0,106,-107614832.0,2.7006707062415038e+23,ERR,ERR,ERR,ERR,ERR,ERR,ERR,ERR,ERR,ERR,ERR,ERR,ERR,ERR,ERR,ERR,ERR,ERR,ERR,ERR,ERR,ERR,ERR,ERR,ERR,ERR,ERR,ERR,ERR,ERR,ERR,ERR,ERR,ERR,ERR,ERR,ERR,ERR,ERR,ERR,ERR,ERR,ERR,ERR,ERR,ERR,ERR,ERR,ERR,ERR,ERR,ERR,ERR,ERR,ERR,ERR,ERR,ERR,ERR,ERR,ERR,ERR,ERR,ERR,ERR,ERR,ERR,50.0,60.0,100,0.0,0.0,0.0,0.0,0.0,0.0,0.0,0.0,0.0,0.0,0.0,0.0,0.0,0.0,0.0,0.0,61.6,77,11,65509,50,65476,0,300,0,0,8,20529,65476,0,0,26214,60.0,0.0,0.0,0.0,0.0,0.0
2026-05-17T16:56:32,ERR,ERR,ERR,ERR,ERR,ERR,ERR,ERR,ERR,ERR,ERR,ERR,ERR,ERR,ERR,ERR,ERR,ERR,ERR,ERR,ERR,ERR,ERR,ERR,ERR,ERR,ERR,ERR,ERR,ERR,ERR,ERR,ERR,ERR,ERR,ERR,ERR,ERR,ERR,ERR,ERR,ERR,ERR,ERR,ERR,ERR,ERR,ERR,ERR,ERR,ERR,ERR,ERR,ERR,ERR,ERR,ERR,ERR,ERR,ERR,ERR,ERR,ERR,ERR,ERR,ERR,ERR,ERR,ERR,ERR,ERR,ERR,ERR,ERR,ERR,ERR,ERR,ERR,ERR,ERR,ERR,ERR,ERR,ERR,ERR,ERR,ERR,ERR,ERR,ERR,ERR,ERR,ERR,ERR,ERR,ERR,ERR,ERR,ERR,ERR,ERR,ERR,ERR,ERR,ERR,ERR,ERR,ERR,ERR,ERR,ERR,ERR,ERR,ERR,ERR,ERR,ERR,ERR,ERR,ERR,ERR,ERR,ERR,ERR,ERR,0.0,0.0,-134474944.0,0.0,0.0,1.3936040501711995e+18,7.805,0.0,0,0,4,0,8422,0.0,45,0.0,0.0,0.0,0.0,0.0,0,0,0,0,0.0,0,0,0,0,0,0,0,0,0,0,0,0,0,0,0,0,0,0,0,0,0,0,0,0,0,0,0,0,0,0,0,0,0,38,14,7,45,65476,0,300,0,0,8,21553,0.0,-107605600.0,0.0,0.0,0.0,0.0,0.0,0.0,0.0,0.0,0.0,0.0,0.0,0.0,0.0,0.0,0.0,0.0,0.0,0.0,0.0,0.0,0.0,0.0,-2.004,2.004,0.0,0.0,0.0,0.0,5019.0,-0.0,0.0,0.0,0.0,0.0,-107615304.0,0.0,0.0,0.0,0.0,53,-0.0,4.066853658014554e+29,0.0,0.0,0.0,0.0,0.0,0.0,0.0,0,0,0,0.0,0.0,0.0,0.0,0.0,0.0,0.0,0.0,0.0,0.0,0.0,0.0,0.0,0.0,0.0,0.0,0,-107875648.0,53,0.0,106,-107614832.0,2.7006707062415038e+23,ERR,ERR,ERR,ERR,ERR,ERR,ERR,ERR,ERR,ERR,ERR,ERR,ERR,ERR,ERR,ERR,ERR,ERR,ERR,ERR,ERR,ERR,ERR,ERR,ERR,ERR,ERR,ERR,ERR,ERR,ERR,ERR,ERR,ERR,ERR,ERR,ERR,ERR,ERR,ERR,ERR,ERR,ERR,ERR,ERR,ERR,ERR,ERR,ERR,ERR,ERR,ERR,ERR,ERR,ERR,ERR,ERR,ERR,ERR,ERR,ERR,ERR,ERR,ERR,ERR,ERR,ERR,50.0,60.0,100,0.0,0.0,0.0,0.0,0.0,0.0,0.0,0.0,0.0,0.0,0.0,0.0,0.0,0.0,0.0,0.0,61.6,77,11,65509,50,65476,0,300,0,0,8,20529,65476,0,0,26214,60.0,0.0,0.0,0.0,0.0,0.0
2026-05-17T16:56:33,ERR,ERR,ERR,ERR,ERR,ERR,ERR,ERR,ERR,ERR,ERR,ERR,ERR,ERR,ERR,ERR,ERR,ERR,ERR,ERR,ERR,ERR,ERR,ERR,ERR,ERR,ERR,ERR,ERR,ERR,ERR,ERR,ERR,ERR,ERR,ERR,ERR,ERR,ERR,ERR,ERR,ERR,ERR,ERR,ERR,ERR,ERR,ERR,ERR,ERR,ERR,ERR,ERR,ERR,ERR,ERR,ERR,ERR,ERR,ERR,ERR,ERR,ERR,ERR,ERR,ERR,ERR,ERR,ERR,ERR,ERR,ERR,ERR,ERR,ERR,ERR,ERR,ERR,ERR,ERR,ERR,ERR,ERR,ERR,ERR,ERR,ERR,ERR,ERR,ERR,ERR,ERR,ERR,ERR,ERR,ERR,ERR,ERR,ERR,ERR,ERR,ERR,ERR,ERR,ERR,ERR,ERR,ERR,ERR,ERR,ERR,ERR,ERR,ERR,ERR,ERR,ERR,ERR,ERR,ERR,ERR,ERR,ERR,ERR,ERR,0.0,0.0,-134474944.0,0.0,0.0,1.3936040501711995e+18,7.805,0.0,0,0,4,0,8422,0.0,45,0.0,0.0,0.0,0.0,0.0,0,0,0,0,0.0,0,0,0,0,0,0,0,0,0,0,0,0,0,0,0,0,0,0,0,0,0,0,0,0,0,0,0,0,0,0,0,0,0,38,14,7,45,65476,0,300,0,0,8,21553,0.0,-107605600.0,0.0,0.0,0.0,0.0,0.0,0.0,0.0,0.0,0.0,0.0,0.0,0.0,0.0,0.0,0.0,0.0,0.0,0.0,0.0,0.0,0.0,0.0,-2.004,2.004,0.0,0.0,0.0,0.0,5015.0,-0.0,0.0,0.0,0.0,0.0,-107615304.0,0.0,0.0,0.0,0.0,53,-0.0,126840537088.0,0.0,0.0,0.0,0.0,0.0,0.0,0.0,0,0,0,0.0,0.0,0.0,0.0,0.0,0.0,0.0,0.0,0.0,0.0,0.0,0.0,0.0,0.0,0.0,0.0,0,-107875648.0,53,0.0,106,-107614832.0,2.7006707062415038e+23,ERR,ERR,ERR,ERR,ERR,ERR,ERR,ERR,ERR,ERR,ERR,ERR,ERR,ERR,ERR,ERR,ERR,ERR,ERR,ERR,ERR,ERR,ERR,ERR,ERR,ERR,ERR,ERR,ERR,ERR,ERR,ERR,ERR,ERR,ERR,ERR,ERR,ERR,ERR,ERR,ERR,ERR,ERR,ERR,ERR,ERR,ERR,ERR,ERR,ERR,ERR,ERR,ERR,ERR,ERR,ERR,ERR,ERR,ERR,ERR,ERR,ERR,ERR,ERR,ERR,ERR,ERR,50.0,60.0,100,0.0,0.0,0.0,0.0,0.0,0.0,0.0,0.0,0.0,0.0,0.0,0.0,0.0,0.0,0.0,0.0,61.6,77,11,65509,50,65476,0,300,0,0,8,20529,65476,0,0,26214,60.0,0.0,0.0,0.0,0.0,0.0
2026-05-17T16:56:34,ERR,ERR,ERR,ERR,ERR,ERR,ERR,ERR,ERR,ERR,ERR,ERR,ERR,ERR,ERR,ERR,ERR,ERR,ERR,ERR,ERR,ERR,ERR,ERR,ERR,ERR,ERR,ERR,ERR,ERR,ERR,ERR,ERR,ERR,ERR,ERR,ERR,ERR,ERR,ERR,ERR,ERR,ERR,ERR,ERR,ERR,ERR,ERR,ERR,ERR,ERR,ERR,ERR,ERR,ERR,ERR,ERR,ERR,ERR,ERR,ERR,ERR,ERR,ERR,ERR,ERR,ERR,ERR,ERR,ERR,ERR,ERR,ERR,ERR,ERR,ERR,ERR,ERR,ERR,ERR,ERR,ERR,ERR,ERR,ERR,ERR,ERR,ERR,ERR,ERR,ERR,ERR,ERR,ERR,ERR,ERR,ERR,ERR,ERR,ERR,ERR,ERR,ERR,ERR,ERR,ERR,ERR,ERR,ERR,ERR,ERR,ERR,ERR,ERR,ERR,ERR,ERR,ERR,ERR,ERR,ERR,ERR,ERR,ERR,ERR,0.0,0.0,-134474944.0,0.0,0.0,1.3936040501711995e+18,7.805,0.0,0,0,4,0,8422,0.0,45,0.0,0.0,0.0,0.0,0.0,0,0,0,0,0.0,0,0,0,0,0,0,0,0,0,0,0,0,0,0,0,0,0,0,0,0,0,0,0,0,0,0,0,0,0,0,0,0,0,38,14,7,45,65476,0,300,0,0,8,21553,0.0,-107605600.0,0.0,0.0,0.0,0.0,0.0,0.0,0.0,0.0,0.0,0.0,0.0,0.0,0.0,0.0,0.0,0.0,0.0,0.0,0.0,0.0,0.0,0.0,-2.004,2.004,0.0,0.0,0.0,0.0,5015.0,-0.0,0.0,0.0,0.0,0.0,-107615304.0,0.0,0.0,0.0,0.0,53,-0.0,126840537088.0,0.0,0.0,0.0,0.0,0.0,0.0,0.0,0,0,0,0.0,0.0,0.0,0.0,0.0,0.0,0.0,0.0,0.0,0.0,0.0,0.0,0.0,0.0,0.0,0.0,0,-107875648.0,53,0.0,106,-107614832.0,2.7006707062415038e+23,ERR,ERR,ERR,ERR,ERR,ERR,ERR,ERR,ERR,ERR,ERR,ERR,ERR,ERR,ERR,ERR,ERR,ERR,ERR,ERR,ERR,ERR,ERR,ERR,ERR,ERR,ERR,ERR,ERR,ERR,ERR,ERR,ERR,ERR,ERR,ERR,ERR,ERR,ERR,ERR,ERR,ERR,ERR,ERR,ERR,ERR,ERR,ERR,ERR,ERR,ERR,ERR,ERR,ERR,ERR,ERR,ERR,ERR,ERR,ERR,ERR,ERR,ERR,ERR,ERR,ERR,ERR,50.0,60.0,100,0.0,0.0,0.0,0.0,0.0,0.0,0.0,0.0,0.0,0.0,0.0,0.0,0.0,0.0,0.0,0.0,61.6,77,11,65509,50,65476,0,300,0,0,8,20529,65476,0,0,26214,60.0,0.0,0.0,0.0,0.0,0.0
2026-05-17T16:56:35,ERR,ERR,ERR,ERR,ERR,ERR,ERR,ERR,ERR,ERR,ERR,ERR,ERR,ERR,ERR,ERR,ERR,ERR,ERR,ERR,ERR,ERR,ERR,ERR,ERR,ERR,ERR,ERR,ERR,ERR,ERR,ERR,ERR,ERR,ERR,ERR,ERR,ERR,ERR,ERR,ERR,ERR,ERR,ERR,ERR,ERR,ERR,ERR,ERR,ERR,ERR,ERR,ERR,ERR,ERR,ERR,ERR,ERR,ERR,ERR,ERR,ERR,ERR,ERR,ERR,ERR,ERR,ERR,ERR,ERR,ERR,ERR,ERR,ERR,ERR,ERR,ERR,ERR,ERR,ERR,ERR,ERR,ERR,ERR,ERR,ERR,ERR,ERR,ERR,ERR,ERR,ERR,ERR,ERR,ERR,ERR,ERR,ERR,ERR,ERR,ERR,ERR,ERR,ERR,ERR,ERR,ERR,ERR,ERR,ERR,ERR,ERR,ERR,ERR,ERR,ERR,ERR,ERR,ERR,ERR,ERR,ERR,ERR,ERR,ERR,0.0,0.0,-134474944.0,0.0,0.0,1.3936040501711995e+18,7.805,0.0,0,0,4,0,8422,0.0,45,0.0,0.0,0.0,0.0,0.0,0,0,0,0,0.0,0,0,0,0,0,0,0,0,0,0,0,0,0,0,0,0,0,0,0,0,0,0,0,0,0,0,0,0,0,0,0,0,0,38,14,7,45,65476,0,300,0,0,8,21553,0.0,-107605600.0,0.0,0.0,0.0,0.0,0.0,0.0,0.0,0.0,0.0,0.0,0.0,0.0,0.0,0.0,0.0,0.0,0.0,0.0,0.0,0.0,0.0,0.0,-2.004,2.004,0.0,0.0,0.0,0.0,5015.0,-0.0,0.0,0.0,0.0,0.0,-107615304.0,0.0,0.0,0.0,0.0,53,-0.0,126840537088.0,0.0,0.0,0.0,0.0,0.0,0.0,0.0,0,0,0,0.0,0.0,0.0,0.0,0.0,0.0,0.0,0.0,0.0,0.0,0.0,0.0,0.0,0.0,0.0,0.0,0,-107875648.0,53,0.0,106,-107614832.0,2.7006707062415038e+23,ERR,ERR,ERR,ERR,ERR,ERR,ERR,ERR,ERR,ERR,ERR,ERR,ERR,ERR,ERR,ERR,ERR,ERR,ERR,ERR,ERR,ERR,ERR,ERR,ERR,ERR,ERR,ERR,ERR,ERR,ERR,ERR,ERR,ERR,ERR,ERR,ERR,ERR,ERR,ERR,ERR,ERR,ERR,ERR,ERR,ERR,ERR,ERR,ERR,ERR,ERR,ERR,ERR,ERR,ERR,ERR,ERR,ERR,ERR,ERR,ERR,ERR,ERR,ERR,ERR,ERR,ERR,50.0,60.0,100,0.0,0.0,0.0,0.0,0.0,0.0,0.0,0.0,0.0,0.0,0.0,0.0,0.0,0.0,0.0,0.0,61.6,77,11,65509,50,65476,0,300,0,0,8,20529,65476,0,0,26214,60.0,0.0,0.0,0.0,0.0,0.0
2026-05-17T16:56:36,ERR,ERR,ERR,ERR,ERR,ERR,ERR,ERR,ERR,ERR,ERR,ERR,ERR,ERR,ERR,ERR,ERR,ERR,ERR,ERR,ERR,ERR,ERR,ERR,ERR,ERR,ERR,ERR,ERR,ERR,ERR,ERR,ERR,ERR,ERR,ERR,ERR,ERR,ERR,ERR,ERR,ERR,ERR,ERR,ERR,ERR,ERR,ERR,ERR,ERR,ERR,ERR,ERR,ERR,ERR,ERR,ERR,ERR,ERR,ERR,ERR,ERR,ERR,ERR,ERR,ERR,ERR,ERR,ERR,ERR,ERR,ERR,ERR,ERR,ERR,ERR,ERR,ERR,ERR,ERR,ERR,ERR,ERR,ERR,ERR,ERR,ERR,ERR,ERR,ERR,ERR,ERR,ERR,ERR,ERR,ERR,ERR,ERR,ERR,ERR,ERR,ERR,ERR,ERR,ERR,ERR,ERR,ERR,ERR,ERR,ERR,ERR,ERR,ERR,ERR,ERR,ERR,ERR,ERR,ERR,ERR,ERR,ERR,ERR,ERR,0.0,0.0,-134474944.0,0.0,0.0,1.3936040501711995e+18,7.805,0.0,0,0,4,0,8422,0.0,45,0.0,0.0,0.0,0.0,0.0,0,0,0,0,0.0,0,0,0,0,0,0,0,0,0,0,0,0,0,0,0,0,0,0,0,0,0,0,0,0,0,0,0,0,0,0,0,0,0,38,14,7,45,65476,0,300,0,0,8,21553,0.0,-107605600.0,0.0,0.0,0.0,0.0,0.0,0.0,0.0,0.0,0.0,0.0,0.0,0.0,0.0,0.0,0.0,0.0,0.0,0.0,0.0,0.0,0.0,0.0,-2.004,2.004,0.0,0.0,0.0,0.0,5015.0,-0.0,0.0,0.0,0.0,0.0,-107615304.0,0.0,0.0,0.0,0.0,53,-0.0,126840537088.0,0.0,0.0,0.0,0.0,0.0,0.0,0.0,0,0,0,0.0,0.0,0.0,0.0,0.0,0.0,0.0,0.0,0.0,0.0,0.0,0.0,0.0,0.0,0.0,0.0,0,-107875648.0,53,0.0,106,-107614832.0,2.7006707062415038e+23,ERR,ERR,ERR,ERR,ERR,ERR,ERR,ERR,ERR,ERR,ERR,ERR,ERR,ERR,ERR,ERR,ERR,ERR,ERR,ERR,ERR,ERR,ERR,ERR,ERR,ERR,ERR,ERR,ERR,ERR,ERR,ERR,ERR,ERR,ERR,ERR,ERR,ERR,ERR,ERR,ERR,ERR,ERR,ERR,ERR,ERR,ERR,ERR,ERR,ERR,ERR,ERR,ERR,ERR,ERR,ERR,ERR,ERR,ERR,ERR,ERR,ERR,ERR,ERR,ERR,ERR,ERR,50.0,60.0,100,0.0,0.0,0.0,0.0,0.0,0.0,0.0,0.0,0.0,0.0,0.0,0.0,0.0,0.0,0.0,0.0,62.0,77,11,65509,50,65476,0,300,0,0,8,20529,65476,0,0,26214,60.0,0.0,0.0,0.0,0.0,0.0
2026-05-17T16:56:37,ERR,ERR,ERR,ERR,ERR,ERR,ERR,ERR,ERR,ERR,ERR,ERR,ERR,ERR,ERR,ERR,ERR,ERR,ERR,ERR,ERR,ERR,ERR,ERR,ERR,ERR,ERR,ERR,ERR,ERR,ERR,ERR,ERR,ERR,ERR,ERR,ERR,ERR,ERR,ERR,ERR,ERR,ERR,ERR,ERR,ERR,ERR,ERR,ERR,ERR,ERR,ERR,ERR,ERR,ERR,ERR,ERR,ERR,ERR,ERR,ERR,ERR,ERR,ERR,ERR,ERR,ERR,ERR,ERR,ERR,ERR,ERR,ERR,ERR,ERR,ERR,ERR,ERR,ERR,ERR,ERR,ERR,ERR,ERR,ERR,ERR,ERR,ERR,ERR,ERR,ERR,ERR,ERR,ERR,ERR,ERR,ERR,ERR,ERR,ERR,ERR,ERR,ERR,ERR,ERR,ERR,ERR,ERR,ERR,ERR,ERR,ERR,ERR,ERR,ERR,ERR,ERR,ERR,ERR,ERR,ERR,ERR,ERR,ERR,ERR,0.0,0.0,-134474944.0,0.0,0.0,1.3936040501711995e+18,7.805,0.0,0,0,4,0,8422,0.0,45,0.0,0.0,0.0,0.0,0.0,0,0,0,0,0.0,0,0,0,0,0,0,0,0,0,0,0,0,0,0,0,0,0,0,0,0,0,0,0,0,0,0,0,0,0,0,0,0,0,38,14,7,45,65476,0,300,0,0,8,21553,0.0,-107605600.0,0.0,0.0,0.0,0.0,0.0,0.0,0.0,0.0,0.0,0.0,0.0,0.0,0.0,0.0,0.0,0.0,0.0,0.0,0.0,0.0,0.0,0.0,-2.004,2.004,0.0,0.0,0.0,0.0,5015.0,-0.0,0.0,0.0,0.0,0.0,-107615304.0,0.0,0.0,0.0,0.0,53,-0.0,126840537088.0,0.0,0.0,0.0,0.0,0.0,0.0,0.0,0,0,0,0.0,0.0,0.0,0.0,0.0,0.0,0.0,0.0,0.0,0.0,0.0,0.0,0.0,0.0,0.0,0.0,0,-107875648.0,53,0.0,106,-107614832.0,2.7006707062415038e+23,ERR,ERR,ERR,ERR,ERR,ERR,ERR,ERR,ERR,ERR,ERR,ERR,ERR,ERR,ERR,ERR,ERR,ERR,ERR,ERR,ERR,ERR,ERR,ERR,ERR,ERR,ERR,ERR,ERR,ERR,ERR,ERR,ERR,ERR,ERR,ERR,ERR,ERR,ERR,ERR,ERR,ERR,ERR,ERR,ERR,ERR,ERR,ERR,ERR,ERR,ERR,ERR,ERR,ERR,ERR,ERR,ERR,ERR,ERR,ERR,ERR,ERR,ERR,ERR,ERR,ERR,ERR,50.0,60.0,100,0.0,0.0,0.0,0.0,0.0,0.0,0.0,0.0,0.0,0.0,0.0,0.0,0.0,0.0,0.0,0.0,62.0,77,11,65509,50,65476,0,300,0,0,8,20529,65476,0,0,26214,60.0,0.0,0.0,0.0,0.0,0.0
2026-05-17T16:56:38,ERR,ERR,ERR,ERR,ERR,ERR,ERR,ERR,ERR,ERR,ERR,ERR,ERR,ERR,ERR,ERR,ERR,ERR,ERR,ERR,ERR,ERR,ERR,ERR,ERR,ERR,ERR,ERR,ERR,ERR,ERR,ERR,ERR,ERR,ERR,ERR,ERR,ERR,ERR,ERR,ERR,ERR,ERR,ERR,ERR,ERR,ERR,ERR,ERR,ERR,ERR,ERR,ERR,ERR,ERR,ERR,ERR,ERR,ERR,ERR,ERR,ERR,ERR,ERR,ERR,ERR,ERR,ERR,ERR,ERR,ERR,ERR,ERR,ERR,ERR,ERR,ERR,ERR,ERR,ERR,ERR,ERR,ERR,ERR,ERR,ERR,ERR,ERR,ERR,ERR,ERR,ERR,ERR,ERR,ERR,ERR,ERR,ERR,ERR,ERR,ERR,ERR,ERR,ERR,ERR,ERR,ERR,ERR,ERR,ERR,ERR,ERR,ERR,ERR,ERR,ERR,ERR,ERR,ERR,ERR,ERR,ERR,ERR,ERR,ERR,0.0,0.0,-134474944.0,0.0,0.0,1.3936040501711995e+18,7.805,0.0,0,0,4,0,8422,0.0,45,0.0,0.0,0.0,0.0,0.0,0,0,0,0,0.0,0,0,0,0,0,0,0,0,0,0,0,0,0,0,0,0,0,0,0,0,0,0,0,0,0,0,0,0,0,0,0,0,0,38,14,7,45,65476,0,300,0,0,8,21553,0.0,-107605600.0,0.0,0.0,0.0,0.0,0.0,0.0,0.0,0.0,0.0,0.0,0.0,0.0,0.0,0.0,0.0,0.0,0.0,0.0,0.0,0.0,0.0,0.0,-2.004,2.004,0.0,0.0,0.0,0.0,4984.0,-0.0,0.0,0.0,0.0,0.0,-107615304.0,0.0,0.0,0.0,0.0,53,-0.0,-2.3088276994979896e+20,0.0,0.0,0.0,0.0,0.0,0.0,0.0,0,0,0,0.0,0.0,0.0,0.0,0.0,0.0,0.0,0.0,0.0,0.0,0.0,0.0,0.0,0.0,0.0,0.0,0,-107875648.0,53,0.0,106,-107614832.0,2.7006707062415038e+23,ERR,ERR,ERR,ERR,ERR,ERR,ERR,ERR,ERR,ERR,ERR,ERR,ERR,ERR,ERR,ERR,ERR,ERR,ERR,ERR,ERR,ERR,ERR,ERR,ERR,ERR,ERR,ERR,ERR,ERR,ERR,ERR,ERR,ERR,ERR,ERR,ERR,ERR,ERR,ERR,ERR,ERR,ERR,ERR,ERR,ERR,ERR,ERR,ERR,ERR,ERR,ERR,ERR,ERR,ERR,ERR,ERR,ERR,ERR,ERR,ERR,ERR,ERR,ERR,ERR,ERR,ERR,50.0,60.0,100,0.0,0.0,0.0,0.0,0.0,0.0,0.0,0.0,0.0,0.0,0.0,0.0,0.0,0.0,0.0,0.0,61.6,77,11,65509,50,65476,0,300,0,0,8,20529,65476,0,0,26214,60.0,0.0,0.0,0.0,0.0,0.0
2026-05-17T16:56:39,ERR,ERR,ERR,ERR,ERR,ERR,ERR,ERR,ERR,ERR,ERR,ERR,ERR,ERR,ERR,ERR,ERR,ERR,ERR,ERR,ERR,ERR,ERR,ERR,ERR,ERR,ERR,ERR,ERR,ERR,ERR,ERR,ERR,ERR,ERR,ERR,ERR,ERR,ERR,ERR,ERR,ERR,ERR,ERR,ERR,ERR,ERR,ERR,ERR,ERR,ERR,ERR,ERR,ERR,ERR,ERR,ERR,ERR,ERR,ERR,ERR,ERR,ERR,ERR,ERR,ERR,ERR,ERR,ERR,ERR,ERR,ERR,ERR,ERR,ERR,ERR,ERR,ERR,ERR,ERR,ERR,ERR,ERR,ERR,ERR,ERR,ERR,ERR,ERR,ERR,ERR,ERR,ERR,ERR,ERR,ERR,ERR,ERR,ERR,ERR,ERR,ERR,ERR,ERR,ERR,ERR,ERR,ERR,ERR,ERR,ERR,ERR,ERR,ERR,ERR,ERR,ERR,ERR,ERR,ERR,ERR,ERR,ERR,ERR,ERR,0.0,0.0,-134474944.0,0.0,0.0,1.3936040501711995e+18,7.805,0.0,0,0,4,0,8422,0.0,45,0.0,0.0,0.0,0.0,0.0,0,0,0,0,0.0,0,0,0,0,0,0,0,0,0,0,0,0,0,0,0,0,0,0,0,0,0,0,0,0,0,0,0,0,0,0,0,0,0,38,14,7,45,65476,0,300,0,0,8,21553,0.0,-107605600.0,0.0,0.0,0.0,0.0,0.0,0.0,0.0,0.0,0.0,0.0,0.0,0.0,0.0,0.0,0.0,0.0,0.0,0.0,0.0,0.0,0.0,0.0,-2.004,2.004,0.0,0.0,0.0,0.0,4984.0,-0.0,0.0,0.0,0.0,0.0,-107615304.0,0.0,0.0,0.0,0.0,53,-0.0,-2.3088276994979896e+20,0.0,0.0,0.0,0.0,0.0,0.0,0.0,0,0,0,0.0,0.0,0.0,0.0,0.0,0.0,0.0,0.0,0.0,0.0,0.0,0.0,0.0,0.0,0.0,0.0,0,-107875648.0,53,0.0,106,-107614832.0,2.7006707062415038e+23,ERR,ERR,ERR,ERR,ERR,ERR,ERR,ERR,ERR,ERR,ERR,ERR,ERR,ERR,ERR,ERR,ERR,ERR,ERR,ERR,ERR,ERR,ERR,ERR,ERR,ERR,ERR,ERR,ERR,ERR,ERR,ERR,ERR,ERR,ERR,ERR,ERR,ERR,ERR,ERR,ERR,ERR,ERR,ERR,ERR,ERR,ERR,ERR,ERR,ERR,ERR,ERR,ERR,ERR,ERR,ERR,ERR,ERR,ERR,ERR,ERR,ERR,ERR,ERR,ERR,ERR,ERR,50.0,60.0,100,0.0,0.0,0.0,0.0,0.0,0.0,0.0,0.0,0.0,0.0,0.0,0.0,0.0,0.0,0.0,0.0,61.6,77,11,65509,50,65476,0,300,0,0,8,20529,65476,0,0,26214,60.0,0.0,0.0,0.0,0.0,0.0
2026-05-17T16:56:40,ERR,ERR,ERR,ERR,ERR,ERR,ERR,ERR,ERR,ERR,ERR,ERR,ERR,ERR,ERR,ERR,ERR,ERR,ERR,ERR,ERR,ERR,ERR,ERR,ERR,ERR,ERR,ERR,ERR,ERR,ERR,ERR,ERR,ERR,ERR,ERR,ERR,ERR,ERR,ERR,ERR,ERR,ERR,ERR,ERR,ERR,ERR,ERR,ERR,ERR,ERR,ERR,ERR,ERR,ERR,ERR,ERR,ERR,ERR,ERR,ERR,ERR,ERR,ERR,ERR,ERR,ERR,ERR,ERR,ERR,ERR,ERR,ERR,ERR,ERR,ERR,ERR,ERR,ERR,ERR,ERR,ERR,ERR,ERR,ERR,ERR,ERR,ERR,ERR,ERR,ERR,ERR,ERR,ERR,ERR,ERR,ERR,ERR,ERR,ERR,ERR,ERR,ERR,ERR,ERR,ERR,ERR,ERR,ERR,ERR,ERR,ERR,ERR,ERR,ERR,ERR,ERR,ERR,ERR,ERR,ERR,ERR,ERR,ERR,ERR,0.0,0.0,-134474944.0,0.0,0.0,1.3936040501711995e+18,7.805,0.0,0,0,4,0,8422,0.0,45,0.0,0.0,0.0,0.0,0.0,0,0,0,0,0.0,0,0,0,0,0,0,0,0,0,0,0,0,0,0,0,0,0,0,0,0,0,0,0,0,0,0,0,0,0,0,0,0,0,38,14,7,45,65476,0,300,0,0,8,21553,0.0,-107605600.0,0.0,0.0,0.0,0.0,0.0,0.0,0.0,0.0,0.0,0.0,0.0,0.0,0.0,0.0,0.0,0.0,0.0,0.0,0.0,0.0,0.0,0.0,-2.004,2.004,0.0,0.0,0.0,0.0,4984.0,-0.0,0.0,0.0,0.0,0.0,-107615304.0,0.0,0.0,0.0,0.0,53,-0.0,-2.3088276994979896e+20,0.0,0.0,0.0,0.0,0.0,0.0,0.0,0,0,0,0.0,0.0,0.0,0.0,0.0,0.0,0.0,0.0,0.0,0.0,0.0,0.0,0.0,0.0,0.0,0.0,0,-107875648.0,53,0.0,106,-107614832.0,2.7006707062415038e+23,ERR,ERR,ERR,ERR,ERR,ERR,ERR,ERR,ERR,ERR,ERR,ERR,ERR,ERR,ERR,ERR,ERR,ERR,ERR,ERR,ERR,ERR,ERR,ERR,ERR,ERR,ERR,ERR,ERR,ERR,ERR,ERR,ERR,ERR,ERR,ERR,ERR,ERR,ERR,ERR,ERR,ERR,ERR,ERR,ERR,ERR,ERR,ERR,ERR,ERR,ERR,ERR,ERR,ERR,ERR,ERR,ERR,ERR,ERR,ERR,ERR,ERR,ERR,ERR,ERR,ERR,ERR,50.0,60.0,100,0.0,0.0,0.0,0.0,0.0,0.0,0.0,0.0,0.0,0.0,0.0,0.0,0.0,0.0,0.0,0.0,61.6,77,11,65509,50,65476,0,300,0,0,8,20529,65476,0,0,26214,60.0,0.0,0.0,0.0,0.0,0.0
2026-05-17T16:56:41,ERR,ERR,ERR,ERR,ERR,ERR,ERR,ERR,ERR,ERR,ERR,ERR,ERR,ERR,ERR,ERR,ERR,ERR,ERR,ERR,ERR,ERR,ERR,ERR,ERR,ERR,ERR,ERR,ERR,ERR,ERR,ERR,ERR,ERR,ERR,ERR,ERR,ERR,ERR,ERR,ERR,ERR,ERR,ERR,ERR,ERR,ERR,ERR,ERR,ERR,ERR,ERR,ERR,ERR,ERR,ERR,ERR,ERR,ERR,ERR,ERR,ERR,ERR,ERR,ERR,ERR,ERR,ERR,ERR,ERR,ERR,ERR,ERR,ERR,ERR,ERR,ERR,ERR,ERR,ERR,ERR,ERR,ERR,ERR,ERR,ERR,ERR,ERR,ERR,ERR,ERR,ERR,ERR,ERR,ERR,ERR,ERR,ERR,ERR,ERR,ERR,ERR,ERR,ERR,ERR,ERR,ERR,ERR,ERR,ERR,ERR,ERR,ERR,ERR,ERR,ERR,ERR,ERR,ERR,ERR,ERR,ERR,ERR,ERR,ERR,0.0,0.0,-134474944.0,0.0,0.0,1.3936040501711995e+18,7.805,0.0,0,0,4,0,8422,0.0,45,0.0,0.0,0.0,0.0,0.0,0,0,0,0,0.0,0,0,0,0,0,0,0,0,0,0,0,0,0,0,0,0,0,0,0,0,0,0,0,0,0,0,0,0,0,0,0,0,0,38,14,7,45,65476,0,300,0,0,8,21553,0.0,-107605600.0,0.0,0.0,0.0,0.0,0.0,0.0,0.0,0.0,0.0,0.0,0.0,0.0,0.0,0.0,0.0,0.0,0.0,0.0,0.0,0.0,0.0,0.0,-2.004,2.004,0.0,0.0,0.0,0.0,4984.0,-0.0,0.0,0.0,0.0,0.0,-107615304.0,0.0,0.0,0.0,0.0,53,-0.0,-2.3088276994979896e+20,0.0,0.0,0.0,0.0,0.0,0.0,0.0,0,0,0,0.0,0.0,0.0,0.0,0.0,0.0,0.0,0.0,0.0,0.0,0.0,0.0,0.0,0.0,0.0,0.0,0,-107875648.0,53,0.0,106,-107614832.0,2.7006707062415038e+23,ERR,ERR,ERR,ERR,ERR,ERR,ERR,ERR,ERR,ERR,ERR,ERR,ERR,ERR,ERR,ERR,ERR,ERR,ERR,ERR,ERR,ERR,ERR,ERR,ERR,ERR,ERR,ERR,ERR,ERR,ERR,ERR,ERR,ERR,ERR,ERR,ERR,ERR,ERR,ERR,ERR,ERR,ERR,ERR,ERR,ERR,ERR,ERR,ERR,ERR,ERR,ERR,ERR,ERR,ERR,ERR,ERR,ERR,ERR,ERR,ERR,ERR,ERR,ERR,ERR,ERR,ERR,50.0,60.0,100,0.0,0.0,0.0,0.0,0.0,0.0,0.0,0.0,0.0,0.0,0.0,0.0,0.0,0.0,0.0,0.0,61.6,77,11,65509,50,65476,0,300,0,0,8,20529,65476,0,0,26214,60.0,0.0,0.0,0.0,0.0,0.0
2026-05-17T16:56:42,ERR,ERR,ERR,ERR,ERR,ERR,ERR,ERR,ERR,ERR,ERR,ERR,ERR,ERR,ERR,ERR,ERR,ERR,ERR,ERR,ERR,ERR,ERR,ERR,ERR,ERR,ERR,ERR,ERR,ERR,ERR,ERR,ERR,ERR,ERR,ERR,ERR,ERR,ERR,ERR,ERR,ERR,ERR,ERR,ERR,ERR,ERR,ERR,ERR,ERR,ERR,ERR,ERR,ERR,ERR,ERR,ERR,ERR,ERR,ERR,ERR,ERR,ERR,ERR,ERR,ERR,ERR,ERR,ERR,ERR,ERR,ERR,ERR,ERR,ERR,ERR,ERR,ERR,ERR,ERR,ERR,ERR,ERR,ERR,ERR,ERR,ERR,ERR,ERR,ERR,ERR,ERR,ERR,ERR,ERR,ERR,ERR,ERR,ERR,ERR,ERR,ERR,ERR,ERR,ERR,ERR,ERR,ERR,ERR,ERR,ERR,ERR,ERR,ERR,ERR,ERR,ERR,ERR,ERR,ERR,ERR,ERR,ERR,ERR,ERR,0.0,0.0,-134474944.0,0.0,0.0,1.3936040501711995e+18,7.805,0.0,0,0,4,0,8422,0.0,45,0.0,0.0,0.0,0.0,0.0,0,0,0,0,0.0,0,0,0,0,0,0,0,0,0,0,0,0,0,0,0,0,0,0,0,0,0,0,0,0,0,0,0,0,0,0,0,0,0,38,14,7,45,65476,0,300,0,0,8,21553,0.0,-107605600.0,0.0,0.0,0.0,0.0,0.0,0.0,0.0,0.0,0.0,0.0,0.0,0.0,0.0,0.0,0.0,0.0,0.0,0.0,0.0,0.0,0.0,0.0,-2.004,2.004,0.0,0.0,0.0,0.0,4984.0,-0.0,0.0,0.0,0.0,0.0,-107615304.0,0.0,0.0,0.0,0.0,53,-0.0,-2.3088276994979896e+20,0.0,0.0,0.0,0.0,0.0,0.0,0.0,0,0,0,0.0,0.0,0.0,0.0,0.0,0.0,0.0,0.0,0.0,0.0,0.0,0.0,0.0,0.0,0.0,0.0,0,-107875648.0,53,0.0,106,-107614832.0,2.7006707062415038e+23,ERR,ERR,ERR,ERR,ERR,ERR,ERR,ERR,ERR,ERR,ERR,ERR,ERR,ERR,ERR,ERR,ERR,ERR,ERR,ERR,ERR,ERR,ERR,ERR,ERR,ERR,ERR,ERR,ERR,ERR,ERR,ERR,ERR,ERR,ERR,ERR,ERR,ERR,ERR,ERR,ERR,ERR,ERR,ERR,ERR,ERR,ERR,ERR,ERR,ERR,ERR,ERR,ERR,ERR,ERR,ERR,ERR,ERR,ERR,ERR,ERR,ERR,ERR,ERR,ERR,ERR,ERR,50.0,60.0,100,0.0,0.0,0.0,0.0,0.0,0.0,0.0,0.0,0.0,0.0,0.0,0.0,0.0,0.0,0.0,0.0,61.6,77,11,65509,50,65476,0,300,0,0,8,20529,65476,0,0,26214,60.0,0.0,0.0,0.0,0.0,0.0
2026-05-17T16:56:43,ERR,ERR,ERR,ERR,ERR,ERR,ERR,ERR,ERR,ERR,ERR,ERR,ERR,ERR,ERR,ERR,ERR,ERR,ERR,ERR,ERR,ERR,ERR,ERR,ERR,ERR,ERR,ERR,ERR,ERR,ERR,ERR,ERR,ERR,ERR,ERR,ERR,ERR,ERR,ERR,ERR,ERR,ERR,ERR,ERR,ERR,ERR,ERR,ERR,ERR,ERR,ERR,ERR,ERR,ERR,ERR,ERR,ERR,ERR,ERR,ERR,ERR,ERR,ERR,ERR,ERR,ERR,ERR,ERR,ERR,ERR,ERR,ERR,ERR,ERR,ERR,ERR,ERR,ERR,ERR,ERR,ERR,ERR,ERR,ERR,ERR,ERR,ERR,ERR,ERR,ERR,ERR,ERR,ERR,ERR,ERR,ERR,ERR,ERR,ERR,ERR,ERR,ERR,ERR,ERR,ERR,ERR,ERR,ERR,ERR,ERR,ERR,ERR,ERR,ERR,ERR,ERR,ERR,ERR,ERR,ERR,ERR,ERR,ERR,ERR,0.0,0.0,-134474944.0,0.0,0.0,1.3936040501711995e+18,7.805,0.0,0,0,4,0,8422,0.0,45,0.0,0.0,0.0,0.0,0.0,0,0,0,0,0.0,0,0,0,0,0,0,0,0,0,0,0,0,0,0,0,0,0,0,0,0,0,0,0,0,0,0,0,0,0,0,0,0,0,38,14,7,45,65476,0,300,0,0,8,21553,0.0,-107605600.0,0.0,0.0,0.0,0.0,0.0,0.0,0.0,0.0,0.0,0.0,0.0,0.0,0.0,0.0,0.0,0.0,0.0,0.0,0.0,0.0,0.0,0.0,-2.004,2.004,0.0,0.0,0.0,0.0,4977.0,0.0,0.0,0.0,0.0,0.0,-107615304.0,0.0,0.0,0.0,0.0,53,-0.0,-107614768.0,0.0,0.0,0.0,0.0,0.0,0.0,0.0,0,0,0,0.0,0.0,0.0,0.0,0.0,0.0,0.0,0.0,0.0,0.0,0.0,0.0,0.0,0.0,0.0,0.0,0,-107875648.0,53,0.0,106,-107614832.0,2.7006707062415038e+23,ERR,ERR,ERR,ERR,ERR,ERR,ERR,ERR,ERR,ERR,ERR,ERR,ERR,ERR,ERR,ERR,ERR,ERR,ERR,ERR,ERR,ERR,ERR,ERR,ERR,ERR,ERR,ERR,ERR,ERR,ERR,ERR,ERR,ERR,ERR,ERR,ERR,ERR,ERR,ERR,ERR,ERR,ERR,ERR,ERR,ERR,ERR,ERR,ERR,ERR,ERR,ERR,ERR,ERR,ERR,ERR,ERR,ERR,ERR,ERR,ERR,ERR,ERR,ERR,ERR,ERR,ERR,50.0,60.0,100,0.0,0.0,0.0,0.0,0.0,0.0,0.0,0.0,0.0,0.0,0.0,0.0,0.0,0.0,0.0,0.0,61.6,77,11,65509,50,65476,0,300,0,0,8,20529,65476,0,0,26214,60.0,0.0,0.0,0.0,0.0,0.0
2026-05-17T16:56:44,ERR,ERR,ERR,ERR,ERR,ERR,ERR,ERR,ERR,ERR,ERR,ERR,ERR,ERR,ERR,ERR,ERR,ERR,ERR,ERR,ERR,ERR,ERR,ERR,ERR,ERR,ERR,ERR,ERR,ERR,ERR,ERR,ERR,ERR,ERR,ERR,ERR,ERR,ERR,ERR,ERR,ERR,ERR,ERR,ERR,ERR,ERR,ERR,ERR,ERR,ERR,ERR,ERR,ERR,ERR,ERR,ERR,ERR,ERR,ERR,ERR,ERR,ERR,ERR,ERR,ERR,ERR,ERR,ERR,ERR,ERR,ERR,ERR,ERR,ERR,ERR,ERR,ERR,ERR,ERR,ERR,ERR,ERR,ERR,ERR,ERR,ERR,ERR,ERR,ERR,ERR,ERR,ERR,ERR,ERR,ERR,ERR,ERR,ERR,ERR,ERR,ERR,ERR,ERR,ERR,ERR,ERR,ERR,ERR,ERR,ERR,ERR,ERR,ERR,ERR,ERR,ERR,ERR,ERR,ERR,ERR,ERR,ERR,ERR,ERR,0.0,0.0,-134474944.0,0.0,0.0,1.3936040501711995e+18,7.805,0.0,0,0,4,0,8422,0.0,45,0.0,0.0,0.0,0.0,0.0,0,0,0,0,0.0,0,0,0,0,0,0,0,0,0,0,0,0,0,0,0,0,0,0,0,0,0,0,0,0,0,0,0,0,0,0,0,0,0,38,14,7,45,65476,0,300,0,0,8,21553,0.0,-107605600.0,0.0,0.0,0.0,0.0,0.0,0.0,0.0,0.0,0.0,0.0,0.0,0.0,0.0,0.0,0.0,0.0,0.0,0.0,0.0,0.0,0.0,0.0,-2.004,2.004,0.0,0.0,0.0,0.0,4977.0,0.0,0.0,0.0,0.0,0.0,-107615304.0,0.0,0.0,0.0,0.0,53,-0.0,-107614768.0,0.0,0.0,0.0,0.0,0.0,0.0,0.0,0,0,0,0.0,0.0,0.0,0.0,0.0,0.0,0.0,0.0,0.0,0.0,0.0,0.0,0.0,0.0,0.0,0.0,0,-107875648.0,53,0.0,106,-107614832.0,2.7006707062415038e+23,ERR,ERR,ERR,ERR,ERR,ERR,ERR,ERR,ERR,ERR,ERR,ERR,ERR,ERR,ERR,ERR,ERR,ERR,ERR,ERR,ERR,ERR,ERR,ERR,ERR,ERR,ERR,ERR,ERR,ERR,ERR,ERR,ERR,ERR,ERR,ERR,ERR,ERR,ERR,ERR,ERR,ERR,ERR,ERR,ERR,ERR,ERR,ERR,ERR,ERR,ERR,ERR,ERR,ERR,ERR,ERR,ERR,ERR,ERR,ERR,ERR,ERR,ERR,ERR,ERR,ERR,ERR,50.0,60.0,100,0.0,0.0,0.0,0.0,0.0,0.0,0.0,0.0,0.0,0.0,0.0,0.0,0.0,0.0,0.0,0.0,61.6,77,11,65509,50,65476,0,300,0,0,8,20529,65476,0,0,26214,60.0,0.0,0.0,0.0,0.0,0.0
2026-05-17T16:56:45,ERR,ERR,ERR,ERR,ERR,ERR,ERR,ERR,ERR,ERR,ERR,ERR,ERR,ERR,ERR,ERR,ERR,ERR,ERR,ERR,ERR,ERR,ERR,ERR,ERR,ERR,ERR,ERR,ERR,ERR,ERR,ERR,ERR,ERR,ERR,ERR,ERR,ERR,ERR,ERR,ERR,ERR,ERR,ERR,ERR,ERR,ERR,ERR,ERR,ERR,ERR,ERR,ERR,ERR,ERR,ERR,ERR,ERR,ERR,ERR,ERR,ERR,ERR,ERR,ERR,ERR,ERR,ERR,ERR,ERR,ERR,ERR,ERR,ERR,ERR,ERR,ERR,ERR,ERR,ERR,ERR,ERR,ERR,ERR,ERR,ERR,ERR,ERR,ERR,ERR,ERR,ERR,ERR,ERR,ERR,ERR,ERR,ERR,ERR,ERR,ERR,ERR,ERR,ERR,ERR,ERR,ERR,ERR,ERR,ERR,ERR,ERR,ERR,ERR,ERR,ERR,ERR,ERR,ERR,ERR,ERR,ERR,ERR,ERR,ERR,0.0,0.0,-134474944.0,0.0,0.0,1.3936040501711995e+18,7.805,0.0,0,0,4,0,8422,0.0,45,0.0,0.0,0.0,0.0,0.0,0,0,0,0,0.0,0,0,0,0,0,0,0,0,0,0,0,0,0,0,0,0,0,0,0,0,0,0,0,0,0,0,0,0,0,0,0,0,0,38,14,7,45,65476,0,300,0,0,8,21553,0.0,-107605600.0,0.0,0.0,0.0,0.0,0.0,0.0,0.0,0.0,0.0,0.0,0.0,0.0,0.0,0.0,0.0,0.0,0.0,0.0,0.0,0.0,0.0,0.0,-2.004,2.004,0.0,0.0,0.0,0.0,4977.0,0.0,0.0,0.0,0.0,0.0,-107615304.0,0.0,0.0,0.0,0.0,53,-0.0,-107614768.0,0.0,0.0,0.0,0.0,0.0,0.0,0.0,0,0,0,0.0,0.0,0.0,0.0,0.0,0.0,0.0,0.0,0.0,0.0,0.0,0.0,0.0,0.0,0.0,0.0,0,-107875648.0,53,0.0,106,-107614832.0,2.7006707062415038e+23,ERR,ERR,ERR,ERR,ERR,ERR,ERR,ERR,ERR,ERR,ERR,ERR,ERR,ERR,ERR,ERR,ERR,ERR,ERR,ERR,ERR,ERR,ERR,ERR,ERR,ERR,ERR,ERR,ERR,ERR,ERR,ERR,ERR,ERR,ERR,ERR,ERR,ERR,ERR,ERR,ERR,ERR,ERR,ERR,ERR,ERR,ERR,ERR,ERR,ERR,ERR,ERR,ERR,ERR,ERR,ERR,ERR,ERR,ERR,ERR,ERR,ERR,ERR,ERR,ERR,ERR,ERR,50.0,60.0,100,0.0,0.0,0.0,0.0,0.0,0.0,0.0,0.0,0.0,0.0,0.0,0.0,0.0,0.0,0.0,0.0,61.6,77,11,65509,50,65476,0,300,0,0,8,20529,65476,0,0,26214,60.0,0.0,0.0,0.0,0.0,0.0
2026-05-17T16:56:46,ERR,ERR,ERR,ERR,ERR,ERR,ERR,ERR,ERR,ERR,ERR,ERR,ERR,ERR,ERR,ERR,ERR,ERR,ERR,ERR,ERR,ERR,ERR,ERR,ERR,ERR,ERR,ERR,ERR,ERR,ERR,ERR,ERR,ERR,ERR,ERR,ERR,ERR,ERR,ERR,ERR,ERR,ERR,ERR,ERR,ERR,ERR,ERR,ERR,ERR,ERR,ERR,ERR,ERR,ERR,ERR,ERR,ERR,ERR,ERR,ERR,ERR,ERR,ERR,ERR,ERR,ERR,ERR,ERR,ERR,ERR,ERR,ERR,ERR,ERR,ERR,ERR,ERR,ERR,ERR,ERR,ERR,ERR,ERR,ERR,ERR,ERR,ERR,ERR,ERR,ERR,ERR,ERR,ERR,ERR,ERR,ERR,ERR,ERR,ERR,ERR,ERR,ERR,ERR,ERR,ERR,ERR,ERR,ERR,ERR,ERR,ERR,ERR,ERR,ERR,ERR,ERR,ERR,ERR,ERR,ERR,ERR,ERR,ERR,ERR,0.0,0.0,-134474944.0,0.0,0.0,1.3936040501711995e+18,7.805,0.0,0,0,4,0,8422,0.0,45,0.0,0.0,0.0,0.0,0.0,0,0,0,0,0.0,0,0,0,0,0,0,0,0,0,0,0,0,0,0,0,0,0,0,0,0,0,0,0,0,0,0,0,0,0,0,0,0,0,38,14,7,45,65476,0,300,0,0,8,21553,0.0,-107605600.0,0.0,0.0,0.0,0.0,0.0,0.0,0.0,0.0,0.0,0.0,0.0,0.0,0.0,0.0,0.0,0.0,0.0,0.0,0.0,0.0,0.0,0.0,-2.004,2.004,0.0,0.0,0.0,0.0,4977.0,0.0,0.0,0.0,0.0,0.0,-107615304.0,0.0,0.0,0.0,0.0,53,-0.0,-107614768.0,0.0,0.0,0.0,0.0,0.0,0.0,0.0,0,0,0,0.0,0.0,0.0,0.0,0.0,0.0,0.0,0.0,0.0,0.0,0.0,0.0,0.0,0.0,0.0,0.0,0,-107875648.0,53,0.0,106,-107614832.0,2.7006707062415038e+23,ERR,ERR,ERR,ERR,ERR,ERR,ERR,ERR,ERR,ERR,ERR,ERR,ERR,ERR,ERR,ERR,ERR,ERR,ERR,ERR,ERR,ERR,ERR,ERR,ERR,ERR,ERR,ERR,ERR,ERR,ERR,ERR,ERR,ERR,ERR,ERR,ERR,ERR,ERR,ERR,ERR,ERR,ERR,ERR,ERR,ERR,ERR,ERR,ERR,ERR,ERR,ERR,ERR,ERR,ERR,ERR,ERR,ERR,ERR,ERR,ERR,ERR,ERR,ERR,ERR,ERR,ERR,50.0,60.0,100,0.0,0.0,0.0,0.0,0.0,0.0,0.0,0.0,0.0,0.0,0.0,0.0,0.0,0.0,0.0,0.0,61.6,77,11,65509,50,65476,0,300,0,0,8,20529,65476,0,0,26214,60.0,0.0,0.0,0.0,0.0,0.0
2026-05-17T16:56:47,ERR,ERR,ERR,ERR,ERR,ERR,ERR,ERR,ERR,ERR,ERR,ERR,ERR,ERR,ERR,ERR,ERR,ERR,ERR,ERR,ERR,ERR,ERR,ERR,ERR,ERR,ERR,ERR,ERR,ERR,ERR,ERR,ERR,ERR,ERR,ERR,ERR,ERR,ERR,ERR,ERR,ERR,ERR,ERR,ERR,ERR,ERR,ERR,ERR,ERR,ERR,ERR,ERR,ERR,ERR,ERR,ERR,ERR,ERR,ERR,ERR,ERR,ERR,ERR,ERR,ERR,ERR,ERR,ERR,ERR,ERR,ERR,ERR,ERR,ERR,ERR,ERR,ERR,ERR,ERR,ERR,ERR,ERR,ERR,ERR,ERR,ERR,ERR,ERR,ERR,ERR,ERR,ERR,ERR,ERR,ERR,ERR,ERR,ERR,ERR,ERR,ERR,ERR,ERR,ERR,ERR,ERR,ERR,ERR,ERR,ERR,ERR,ERR,ERR,ERR,ERR,ERR,ERR,ERR,ERR,ERR,ERR,ERR,ERR,ERR,0.0,0.0,-134474944.0,0.0,0.0,1.3936040501711995e+18,7.805,0.0,0,0,4,0,8422,0.0,45,0.0,0.0,0.0,0.0,0.0,0,0,0,0,0.0,0,0,0,0,0,0,0,0,0,0,0,0,0,0,0,0,0,0,0,0,0,0,0,0,0,0,0,0,0,0,0,0,0,38,14,7,45,65476,0,300,0,0,8,21553,0.0,-107605600.0,0.0,0.0,0.0,0.0,0.0,0.0,0.0,0.0,0.0,0.0,0.0,0.0,0.0,0.0,0.0,0.0,0.0,0.0,0.0,0.0,0.0,0.0,-2.004,2.004,0.0,0.0,0.0,0.0,4977.0,0.0,0.0,0.0,0.0,0.0,-107615304.0,0.0,0.0,0.0,0.0,53,-0.0,-107614768.0,0.0,0.0,0.0,0.0,0.0,0.0,0.0,0,0,0,0.0,0.0,0.0,0.0,0.0,0.0,0.0,0.0,0.0,0.0,0.0,0.0,0.0,0.0,0.0,0.0,0,-107875648.0,53,0.0,106,-107614832.0,2.7006707062415038e+23,ERR,ERR,ERR,ERR,ERR,ERR,ERR,ERR,ERR,ERR,ERR,ERR,ERR,ERR,ERR,ERR,ERR,ERR,ERR,ERR,ERR,ERR,ERR,ERR,ERR,ERR,ERR,ERR,ERR,ERR,ERR,ERR,ERR,ERR,ERR,ERR,ERR,ERR,ERR,ERR,ERR,ERR,ERR,ERR,ERR,ERR,ERR,ERR,ERR,ERR,ERR,ERR,ERR,ERR,ERR,ERR,ERR,ERR,ERR,ERR,ERR,ERR,ERR,ERR,ERR,ERR,ERR,50.0,60.0,100,0.0,0.0,0.0,0.0,0.0,0.0,0.0,0.0,0.0,0.0,0.0,0.0,0.0,0.0,0.0,0.0,61.6,77,11,65509,50,65476,0,300,0,0,8,20529,65476,0,0,26214,60.0,0.0,0.0,0.0,0.0,0.0
2026-05-17T16:56:48,ERR,ERR,ERR,ERR,ERR,ERR,ERR,ERR,ERR,ERR,ERR,ERR,ERR,ERR,ERR,ERR,ERR,ERR,ERR,ERR,ERR,ERR,ERR,ERR,ERR,ERR,ERR,ERR,ERR,ERR,ERR,ERR,ERR,ERR,ERR,ERR,ERR,ERR,ERR,ERR,ERR,ERR,ERR,ERR,ERR,ERR,ERR,ERR,ERR,ERR,ERR,ERR,ERR,ERR,ERR,ERR,ERR,ERR,ERR,ERR,ERR,ERR,ERR,ERR,ERR,ERR,ERR,ERR,ERR,ERR,ERR,ERR,ERR,ERR,ERR,ERR,ERR,ERR,ERR,ERR,ERR,ERR,ERR,ERR,ERR,ERR,ERR,ERR,ERR,ERR,ERR,ERR,ERR,ERR,ERR,ERR,ERR,ERR,ERR,ERR,ERR,ERR,ERR,ERR,ERR,ERR,ERR,ERR,ERR,ERR,ERR,ERR,ERR,ERR,ERR,ERR,ERR,ERR,ERR,ERR,ERR,ERR,ERR,ERR,ERR,0.0,0.0,-134474944.0,0.0,0.0,1.3936040501711995e+18,7.805,0.0,0,0,4,0,8422,0.0,45,0.0,0.0,0.0,0.0,0.0,0,0,0,0,0.0,0,0,0,0,0,0,0,0,0,0,0,0,0,0,0,0,0,0,0,0,0,0,0,0,0,0,0,0,0,0,0,0,0,38,14,7,45,65476,0,300,0,0,8,21553,0.0,-107605600.0,0.0,0.0,0.0,0.0,0.0,0.0,0.0,0.0,0.0,0.0,0.0,0.0,0.0,0.0,0.0,0.0,0.0,0.0,0.0,0.0,0.0,2.004,-2.004,2.004,0.0,0.0,0.0,0.0,5016.0,0.0,0.0,0.0,0.0,0.0,-107615304.0,0.0,0.0,0.0,0.0,53,-0.0,-2.30882787541985e+20,0.0,0.0,0.0,0.0,0.0,0.0,0.0,0,0,0,0.0,0.0,0.0,0.0,0.0,0.0,0.0,0.0,0.0,0.0,0.0,0.0,0.0,0.0,0.0,0.0,0,-107875648.0,53,0.0,106,-107614832.0,2.7006707062415038e+23,ERR,ERR,ERR,ERR,ERR,ERR,ERR,ERR,ERR,ERR,ERR,ERR,ERR,ERR,ERR,ERR,ERR,ERR,ERR,ERR,ERR,ERR,ERR,ERR,ERR,ERR,ERR,ERR,ERR,ERR,ERR,ERR,ERR,ERR,ERR,ERR,ERR,ERR,ERR,ERR,ERR,ERR,ERR,ERR,ERR,ERR,ERR,ERR,ERR,ERR,ERR,ERR,ERR,ERR,ERR,ERR,ERR,ERR,ERR,ERR,ERR,ERR,ERR,ERR,ERR,ERR,ERR,50.0,60.0,100,0.0,0.0,0.0,0.0,0.0,0.0,0.0,0.0,0.0,0.0,0.0,0.0,0.0,0.0,0.0,0.0,61.6,77,11,65509,50,65476,0,300,0,0,8,20529,65476,0,0,26214,60.0,0.0,0.0,0.0,0.0,0.0
2026-05-17T16:56:49,ERR,ERR,ERR,ERR,ERR,ERR,ERR,ERR,ERR,ERR,ERR,ERR,ERR,ERR,ERR,ERR,ERR,ERR,ERR,ERR,ERR,ERR,ERR,ERR,ERR,ERR,ERR,ERR,ERR,ERR,ERR,ERR,ERR,ERR,ERR,ERR,ERR,ERR,ERR,ERR,ERR,ERR,ERR,ERR,ERR,ERR,ERR,ERR,ERR,ERR,ERR,ERR,ERR,ERR,ERR,ERR,ERR,ERR,ERR,ERR,ERR,ERR,ERR,ERR,ERR,ERR,ERR,ERR,ERR,ERR,ERR,ERR,ERR,ERR,ERR,ERR,ERR,ERR,ERR,ERR,ERR,ERR,ERR,ERR,ERR,ERR,ERR,ERR,ERR,ERR,ERR,ERR,ERR,ERR,ERR,ERR,ERR,ERR,ERR,ERR,ERR,ERR,ERR,ERR,ERR,ERR,ERR,ERR,ERR,ERR,ERR,ERR,ERR,ERR,ERR,ERR,ERR,ERR,ERR,ERR,ERR,ERR,ERR,ERR,ERR,0.0,0.0,-134474944.0,0.0,0.0,1.3936040501711995e+18,7.805,0.0,0,0,4,0,8422,0.0,45,0.0,0.0,0.0,0.0,0.0,0,0,0,0,0.0,0,0,0,0,0,0,0,0,0,0,0,0,0,0,0,0,0,0,0,0,0,0,0,0,0,0,0,0,0,0,0,0,0,38,14,7,45,65476,0,300,0,0,8,21553,0.0,-107605600.0,0.0,0.0,0.0,0.0,0.0,0.0,0.0,0.0,0.0,0.0,0.0,0.0,0.0,0.0,0.0,0.0,0.0,0.0,0.0,0.0,0.0,2.004,-2.004,2.004,0.0,0.0,0.0,0.0,5016.0,0.0,0.0,0.0,0.0,0.0,-107615304.0,0.0,0.0,0.0,0.0,53,-0.0,-2.30882787541985e+20,0.0,0.0,0.0,0.0,0.0,0.0,0.0,0,0,0,0.0,0.0,0.0,0.0,0.0,0.0,0.0,0.0,0.0,0.0,0.0,0.0,0.0,0.0,0.0,0.0,0,-107875648.0,53,0.0,106,-107614832.0,2.7006707062415038e+23,ERR,ERR,ERR,ERR,ERR,ERR,ERR,ERR,ERR,ERR,ERR,ERR,ERR,ERR,ERR,ERR,ERR,ERR,ERR,ERR,ERR,ERR,ERR,ERR,ERR,ERR,ERR,ERR,ERR,ERR,ERR,ERR,ERR,ERR,ERR,ERR,ERR,ERR,ERR,ERR,ERR,ERR,ERR,ERR,ERR,ERR,ERR,ERR,ERR,ERR,ERR,ERR,ERR,ERR,ERR,ERR,ERR,ERR,ERR,ERR,ERR,ERR,ERR,ERR,ERR,ERR,ERR,50.0,60.0,100,0.0,0.0,0.0,0.0,0.0,0.0,0.0,0.0,0.0,0.0,0.0,0.0,0.0,0.0,0.0,0.0,62.0,77,11,65509,50,65476,0,300,0,0,8,20529,65476,0,0,26214,60.0,0.0,0.0,0.0,0.0,0.0
2026-05-17T16:56:50,ERR,ERR,ERR,ERR,ERR,ERR,ERR,ERR,ERR,ERR,ERR,ERR,ERR,ERR,ERR,ERR,ERR,ERR,ERR,ERR,ERR,ERR,ERR,ERR,ERR,ERR,ERR,ERR,ERR,ERR,ERR,ERR,ERR,ERR,ERR,ERR,ERR,ERR,ERR,ERR,ERR,ERR,ERR,ERR,ERR,ERR,ERR,ERR,ERR,ERR,ERR,ERR,ERR,ERR,ERR,ERR,ERR,ERR,ERR,ERR,ERR,ERR,ERR,ERR,ERR,ERR,ERR,ERR,ERR,ERR,ERR,ERR,ERR,ERR,ERR,ERR,ERR,ERR,ERR,ERR,ERR,ERR,ERR,ERR,ERR,ERR,ERR,ERR,ERR,ERR,ERR,ERR,ERR,ERR,ERR,ERR,ERR,ERR,ERR,ERR,ERR,ERR,ERR,ERR,ERR,ERR,ERR,ERR,ERR,ERR,ERR,ERR,ERR,ERR,ERR,ERR,ERR,ERR,ERR,ERR,ERR,ERR,ERR,ERR,ERR,0.0,0.0,-134474944.0,0.0,0.0,1.3936040501711995e+18,7.805,0.0,0,0,4,0,8422,0.0,45,0.0,0.0,0.0,0.0,0.0,0,0,0,0,0.0,0,0,0,0,0,0,0,0,0,0,0,0,0,0,0,0,0,0,0,0,0,0,0,0,0,0,0,0,0,0,0,0,0,38,14,7,45,65476,0,300,0,0,8,21553,0.0,-107605600.0,0.0,0.0,0.0,0.0,0.0,0.0,0.0,0.0,0.0,0.0,0.0,0.0,0.0,0.0,0.0,0.0,0.0,0.0,0.0,0.0,0.0,2.004,-2.004,2.004,0.0,0.0,0.0,0.0,5016.0,0.0,0.0,0.0,0.0,0.0,-107615304.0,0.0,0.0,0.0,0.0,53,-0.0,-2.30882787541985e+20,0.0,0.0,0.0,0.0,0.0,0.0,0.0,0,0,0,0.0,0.0,0.0,0.0,0.0,0.0,0.0,0.0,0.0,0.0,0.0,0.0,0.0,0.0,0.0,0.0,0,-107875648.0,53,0.0,106,-107614832.0,2.7006707062415038e+23,ERR,ERR,ERR,ERR,ERR,ERR,ERR,ERR,ERR,ERR,ERR,ERR,ERR,ERR,ERR,ERR,ERR,ERR,ERR,ERR,ERR,ERR,ERR,ERR,ERR,ERR,ERR,ERR,ERR,ERR,ERR,ERR,ERR,ERR,ERR,ERR,ERR,ERR,ERR,ERR,ERR,ERR,ERR,ERR,ERR,ERR,ERR,ERR,ERR,ERR,ERR,ERR,ERR,ERR,ERR,ERR,ERR,ERR,ERR,ERR,ERR,ERR,ERR,ERR,ERR,ERR,ERR,50.0,60.0,100,0.0,0.0,0.0,0.0,0.0,0.0,0.0,0.0,0.0,0.0,0.0,0.0,0.0,0.0,0.0,0.0,62.0,77,11,65509,50,65476,0,300,0,0,8,20529,65476,0,0,26214,60.0,0.0,0.0,0.0,0.0,0.0
2026-05-17T16:56:51,ERR,ERR,ERR,ERR,ERR,ERR,ERR,ERR,ERR,ERR,ERR,ERR,ERR,ERR,ERR,ERR,ERR,ERR,ERR,ERR,ERR,ERR,ERR,ERR,ERR,ERR,ERR,ERR,ERR,ERR,ERR,ERR,ERR,ERR,ERR,ERR,ERR,ERR,ERR,ERR,ERR,ERR,ERR,ERR,ERR,ERR,ERR,ERR,ERR,ERR,ERR,ERR,ERR,ERR,ERR,ERR,ERR,ERR,ERR,ERR,ERR,ERR,ERR,ERR,ERR,ERR,ERR,ERR,ERR,ERR,ERR,ERR,ERR,ERR,ERR,ERR,ERR,ERR,ERR,ERR,ERR,ERR,ERR,ERR,ERR,ERR,ERR,ERR,ERR,ERR,ERR,ERR,ERR,ERR,ERR,ERR,ERR,ERR,ERR,ERR,ERR,ERR,ERR,ERR,ERR,ERR,ERR,ERR,ERR,ERR,ERR,ERR,ERR,ERR,ERR,ERR,ERR,ERR,ERR,ERR,ERR,ERR,ERR,ERR,ERR,0.0,0.0,-134474944.0,0.0,0.0,1.3936040501711995e+18,7.805,0.0,0,0,4,0,8422,0.0,45,0.0,0.0,0.0,0.0,0.0,0,0,0,0,0.0,0,0,0,0,0,0,0,0,0,0,0,0,0,0,0,0,0,0,0,0,0,0,0,0,0,0,0,0,0,0,0,0,0,38,14,7,45,65476,0,300,0,0,8,21553,0.0,-107605600.0,0.0,0.0,0.0,0.0,0.0,0.0,0.0,0.0,0.0,0.0,0.0,0.0,0.0,0.0,0.0,0.0,0.0,0.0,0.0,0.0,0.0,2.004,-2.004,2.004,0.0,0.0,0.0,0.0,5016.0,0.0,0.0,0.0,0.0,0.0,-107615304.0,0.0,0.0,0.0,0.0,53,-0.0,-2.30882787541985e+20,0.0,0.0,0.0,0.0,0.0,0.0,0.0,0,0,0,0.0,0.0,0.0,0.0,0.0,0.0,0.0,0.0,0.0,0.0,0.0,0.0,0.0,0.0,0.0,0.0,0,-107875648.0,53,0.0,106,-107614832.0,2.7006707062415038e+23,ERR,ERR,ERR,ERR,ERR,ERR,ERR,ERR,ERR,ERR,ERR,ERR,ERR,ERR,ERR,ERR,ERR,ERR,ERR,ERR,ERR,ERR,ERR,ERR,ERR,ERR,ERR,ERR,ERR,ERR,ERR,ERR,ERR,ERR,ERR,ERR,ERR,ERR,ERR,ERR,ERR,ERR,ERR,ERR,ERR,ERR,ERR,ERR,ERR,ERR,ERR,ERR,ERR,ERR,ERR,ERR,ERR,ERR,ERR,ERR,ERR,ERR,ERR,ERR,ERR,ERR,ERR,50.0,60.0,100,0.0,0.0,0.0,0.0,0.0,0.0,0.0,0.0,0.0,0.0,0.0,0.0,0.0,0.0,0.0,0.0,61.6,77,11,65509,50,65476,0,300,0,0,8,20529,65476,0,0,26214,60.0,0.0,0.0,0.0,0.0,0.0
2026-05-17T16:56:52,ERR,ERR,ERR,ERR,ERR,ERR,ERR,ERR,ERR,ERR,ERR,ERR,ERR,ERR,ERR,ERR,ERR,ERR,ERR,ERR,ERR,ERR,ERR,ERR,ERR,ERR,ERR,ERR,ERR,ERR,ERR,ERR,ERR,ERR,ERR,ERR,ERR,ERR,ERR,ERR,ERR,ERR,ERR,ERR,ERR,ERR,ERR,ERR,ERR,ERR,ERR,ERR,ERR,ERR,ERR,ERR,ERR,ERR,ERR,ERR,ERR,ERR,ERR,ERR,ERR,ERR,ERR,ERR,ERR,ERR,ERR,ERR,ERR,ERR,ERR,ERR,ERR,ERR,ERR,ERR,ERR,ERR,ERR,ERR,ERR,ERR,ERR,ERR,ERR,ERR,ERR,ERR,ERR,ERR,ERR,ERR,ERR,ERR,ERR,ERR,ERR,ERR,ERR,ERR,ERR,ERR,ERR,ERR,ERR,ERR,ERR,ERR,ERR,ERR,ERR,ERR,ERR,ERR,ERR,ERR,ERR,ERR,ERR,ERR,ERR,0.0,0.0,-134474944.0,0.0,0.0,1.3936040501711995e+18,7.805,0.0,0,0,4,0,8422,0.0,45,0.0,0.0,0.0,0.0,0.0,0,0,0,0,0.0,0,0,0,0,0,0,0,0,0,0,0,0,0,0,0,0,0,0,0,0,0,0,0,0,0,0,0,0,0,0,0,0,0,38,14,7,45,65476,0,300,0,0,8,21553,0.0,-107605600.0,0.0,0.0,0.0,0.0,0.0,0.0,0.0,0.0,0.0,0.0,0.0,0.0,0.0,0.0,0.0,0.0,0.0,0.0,0.0,0.0,0.0,2.004,-2.004,2.004,0.0,0.0,0.0,0.0,5016.0,0.0,0.0,0.0,0.0,0.0,-107615304.0,0.0,0.0,0.0,0.0,53,-0.0,-2.30882787541985e+20,0.0,0.0,0.0,0.0,0.0,0.0,0.0,0,0,0,0.0,0.0,0.0,0.0,0.0,0.0,0.0,0.0,0.0,0.0,0.0,0.0,0.0,0.0,0.0,0.0,0,-107875648.0,53,0.0,106,-107614832.0,2.7006707062415038e+23,ERR,ERR,ERR,ERR,ERR,ERR,ERR,ERR,ERR,ERR,ERR,ERR,ERR,ERR,ERR,ERR,ERR,ERR,ERR,ERR,ERR,ERR,ERR,ERR,ERR,ERR,ERR,ERR,ERR,ERR,ERR,ERR,ERR,ERR,ERR,ERR,ERR,ERR,ERR,ERR,ERR,ERR,ERR,ERR,ERR,ERR,ERR,ERR,ERR,ERR,ERR,ERR,ERR,ERR,ERR,ERR,ERR,ERR,ERR,ERR,ERR,ERR,ERR,ERR,ERR,ERR,ERR,50.0,60.0,100,0.0,0.0,0.0,0.0,0.0,0.0,0.0,0.0,0.0,0.0,0.0,0.0,0.0,0.0,0.0,0.0,61.6,77,11,65509,50,65476,0,300,0,0,8,20529,65476,0,0,26214,60.0,0.0,0.0,0.0,0.0,0.0
2026-05-17T16:56:53,ERR,ERR,ERR,ERR,ERR,ERR,ERR,ERR,ERR,ERR,ERR,ERR,ERR,ERR,ERR,ERR,ERR,ERR,ERR,ERR,ERR,ERR,ERR,ERR,ERR,ERR,ERR,ERR,ERR,ERR,ERR,ERR,ERR,ERR,ERR,ERR,ERR,ERR,ERR,ERR,ERR,ERR,ERR,ERR,ERR,ERR,ERR,ERR,ERR,ERR,ERR,ERR,ERR,ERR,ERR,ERR,ERR,ERR,ERR,ERR,ERR,ERR,ERR,ERR,ERR,ERR,ERR,ERR,ERR,ERR,ERR,ERR,ERR,ERR,ERR,ERR,ERR,ERR,ERR,ERR,ERR,ERR,ERR,ERR,ERR,ERR,ERR,ERR,ERR,ERR,ERR,ERR,ERR,ERR,ERR,ERR,ERR,ERR,ERR,ERR,ERR,ERR,ERR,ERR,ERR,ERR,ERR,ERR,ERR,ERR,ERR,ERR,ERR,ERR,ERR,ERR,ERR,ERR,ERR,ERR,ERR,ERR,ERR,ERR,ERR,0.0,0.0,-134474944.0,0.0,0.0,1.3936040501711995e+18,7.805,0.0,0,0,4,0,8422,0.0,45,0.0,0.0,0.0,0.0,0.0,0,0,0,0,0.0,0,0,0,0,0,0,0,0,0,0,0,0,0,0,0,0,0,0,0,0,0,0,0,0,0,0,0,0,0,0,0,0,0,38,14,7,45,65476,0,300,0,0,8,21553,0.0,-107605600.0,0.0,0.0,0.0,0.0,0.0,0.0,0.0,0.0,0.0,0.0,0.0,0.0,0.0,0.0,0.0,0.0,0.0,0.0,0.0,0.0,0.0,0.0,-2.004,2.004,0.0,0.0,0.0,0.0,5012.0,-2.004,0.0,0.0,0.0,0.0,-107615304.0,0.0,0.0,0.0,0.0,53,5.848083413016271e+35,-0.0,0.0,0.0,0.0,0.0,0.0,0.0,0.0,0,0,0,0.0,0.0,0.0,0.0,0.0,0.0,0.0,0.0,0.0,0.0,0.0,0.0,0.0,0.0,0.0,0.0,0,-107875648.0,53,0.0,106,-107614832.0,2.7006707062415038e+23,ERR,ERR,ERR,ERR,ERR,ERR,ERR,ERR,ERR,ERR,ERR,ERR,ERR,ERR,ERR,ERR,ERR,ERR,ERR,ERR,ERR,ERR,ERR,ERR,ERR,ERR,ERR,ERR,ERR,ERR,ERR,ERR,ERR,ERR,ERR,ERR,ERR,ERR,ERR,ERR,ERR,ERR,ERR,ERR,ERR,ERR,ERR,ERR,ERR,ERR,ERR,ERR,ERR,ERR,ERR,ERR,ERR,ERR,ERR,ERR,ERR,ERR,ERR,ERR,ERR,ERR,ERR,50.0,60.0,100,0.0,0.0,0.0,0.0,0.0,0.0,0.0,0.0,0.0,0.0,0.0,0.0,0.0,0.0,0.0,0.0,61.6,77,11,65509,50,65476,0,300,0,0,8,20529,65476,0,0,26214,60.0,0.0,0.0,0.0,0.0,0.0
2026-05-17T16:56:54,ERR,ERR,ERR,ERR,ERR,ERR,ERR,ERR,ERR,ERR,ERR,ERR,ERR,ERR,ERR,ERR,ERR,ERR,ERR,ERR,ERR,ERR,ERR,ERR,ERR,ERR,ERR,ERR,ERR,ERR,ERR,ERR,ERR,ERR,ERR,ERR,ERR,ERR,ERR,ERR,ERR,ERR,ERR,ERR,ERR,ERR,ERR,ERR,ERR,ERR,ERR,ERR,ERR,ERR,ERR,ERR,ERR,ERR,ERR,ERR,ERR,ERR,ERR,ERR,ERR,ERR,ERR,ERR,ERR,ERR,ERR,ERR,ERR,ERR,ERR,ERR,ERR,ERR,ERR,ERR,ERR,ERR,ERR,ERR,ERR,ERR,ERR,ERR,ERR,ERR,ERR,ERR,ERR,ERR,ERR,ERR,ERR,ERR,ERR,ERR,ERR,ERR,ERR,ERR,ERR,ERR,ERR,ERR,ERR,ERR,ERR,ERR,ERR,ERR,ERR,ERR,ERR,ERR,ERR,ERR,ERR,ERR,ERR,ERR,ERR,0.0,0.0,-134474944.0,0.0,0.0,1.3936040501711995e+18,7.805,0.0,0,0,4,0,8422,0.0,45,0.0,0.0,0.0,0.0,0.0,0,0,0,0,0.0,0,0,0,0,0,0,0,0,0,0,0,0,0,0,0,0,0,0,0,0,0,0,0,0,0,0,0,0,0,0,0,0,0,38,14,7,45,65476,0,300,0,0,8,21553,0.0,-107605600.0,0.0,0.0,0.0,0.0,0.0,0.0,0.0,0.0,0.0,0.0,0.0,0.0,0.0,0.0,0.0,0.0,0.0,0.0,0.0,0.0,0.0,0.0,-2.004,2.004,0.0,0.0,0.0,0.0,5012.0,-2.004,0.0,0.0,0.0,0.0,-107615304.0,0.0,0.0,0.0,0.0,53,5.848083413016271e+35,-0.0,0.0,0.0,0.0,0.0,0.0,0.0,0.0,0,0,0,0.0,0.0,0.0,0.0,0.0,0.0,0.0,0.0,0.0,0.0,0.0,0.0,0.0,0.0,0.0,0.0,0,-107875648.0,53,0.0,106,-107614832.0,2.7006707062415038e+23,ERR,ERR,ERR,ERR,ERR,ERR,ERR,ERR,ERR,ERR,ERR,ERR,ERR,ERR,ERR,ERR,ERR,ERR,ERR,ERR,ERR,ERR,ERR,ERR,ERR,ERR,ERR,ERR,ERR,ERR,ERR,ERR,ERR,ERR,ERR,ERR,ERR,ERR,ERR,ERR,ERR,ERR,ERR,ERR,ERR,ERR,ERR,ERR,ERR,ERR,ERR,ERR,ERR,ERR,ERR,ERR,ERR,ERR,ERR,ERR,ERR,ERR,ERR,ERR,ERR,ERR,ERR,50.0,60.0,100,0.0,0.0,0.0,0.0,0.0,0.0,0.0,0.0,0.0,0.0,0.0,0.0,0.0,0.0,0.0,0.0,61.6,77,11,65509,50,65476,0,300,0,0,8,20529,65476,0,0,26214,60.0,0.0,0.0,0.0,0.0,0.0
2026-05-17T16:56:55,ERR,ERR,ERR,ERR,ERR,ERR,ERR,ERR,ERR,ERR,ERR,ERR,ERR,ERR,ERR,ERR,ERR,ERR,ERR,ERR,ERR,ERR,ERR,ERR,ERR,ERR,ERR,ERR,ERR,ERR,ERR,ERR,ERR,ERR,ERR,ERR,ERR,ERR,ERR,ERR,ERR,ERR,ERR,ERR,ERR,ERR,ERR,ERR,ERR,ERR,ERR,ERR,ERR,ERR,ERR,ERR,ERR,ERR,ERR,ERR,ERR,ERR,ERR,ERR,ERR,ERR,ERR,ERR,ERR,ERR,ERR,ERR,ERR,ERR,ERR,ERR,ERR,ERR,ERR,ERR,ERR,ERR,ERR,ERR,ERR,ERR,ERR,ERR,ERR,ERR,ERR,ERR,ERR,ERR,ERR,ERR,ERR,ERR,ERR,ERR,ERR,ERR,ERR,ERR,ERR,ERR,ERR,ERR,ERR,ERR,ERR,ERR,ERR,ERR,ERR,ERR,ERR,ERR,ERR,ERR,ERR,ERR,ERR,ERR,ERR,0.0,0.0,-134474944.0,0.0,0.0,1.3936040501711995e+18,7.805,0.0,0,0,4,0,8422,0.0,45,0.0,0.0,0.0,0.0,0.0,0,0,0,0,0.0,0,0,0,0,0,0,0,0,0,0,0,0,0,0,0,0,0,0,0,0,0,0,0,0,0,0,0,0,0,0,0,0,0,38,14,7,45,65476,0,300,0,0,8,21553,0.0,-107605600.0,0.0,0.0,0.0,0.0,0.0,0.0,0.0,0.0,0.0,0.0,0.0,0.0,0.0,0.0,0.0,0.0,0.0,0.0,0.0,0.0,0.0,0.0,-2.004,2.004,0.0,0.0,0.0,0.0,5012.0,-2.004,0.0,0.0,0.0,0.0,-107615304.0,0.0,0.0,0.0,0.0,53,5.848083413016271e+35,-0.0,0.0,0.0,0.0,0.0,0.0,0.0,0.0,0,0,0,0.0,0.0,0.0,0.0,0.0,0.0,0.0,0.0,0.0,0.0,0.0,0.0,0.0,0.0,0.0,0.0,0,-107875648.0,53,0.0,106,-107614832.0,2.7006707062415038e+23,ERR,ERR,ERR,ERR,ERR,ERR,ERR,ERR,ERR,ERR,ERR,ERR,ERR,ERR,ERR,ERR,ERR,ERR,ERR,ERR,ERR,ERR,ERR,ERR,ERR,ERR,ERR,ERR,ERR,ERR,ERR,ERR,ERR,ERR,ERR,ERR,ERR,ERR,ERR,ERR,ERR,ERR,ERR,ERR,ERR,ERR,ERR,ERR,ERR,ERR,ERR,ERR,ERR,ERR,ERR,ERR,ERR,ERR,ERR,ERR,ERR,ERR,ERR,ERR,ERR,ERR,ERR,50.0,60.0,100,0.0,0.0,0.0,0.0,0.0,0.0,0.0,0.0,0.0,0.0,0.0,0.0,0.0,0.0,0.0,0.0,61.6,77,11,65509,50,65476,0,300,0,0,8,20529,65476,0,0,26214,60.0,0.0,0.0,0.0,0.0,0.0
2026-05-17T16:56:56,ERR,ERR,ERR,ERR,ERR,ERR,ERR,ERR,ERR,ERR,ERR,ERR,ERR,ERR,ERR,ERR,ERR,ERR,ERR,ERR,ERR,ERR,ERR,ERR,ERR,ERR,ERR,ERR,ERR,ERR,ERR,ERR,ERR,ERR,ERR,ERR,ERR,ERR,ERR,ERR,ERR,ERR,ERR,ERR,ERR,ERR,ERR,ERR,ERR,ERR,ERR,ERR,ERR,ERR,ERR,ERR,ERR,ERR,ERR,ERR,ERR,ERR,ERR,ERR,ERR,ERR,ERR,ERR,ERR,ERR,ERR,ERR,ERR,ERR,ERR,ERR,ERR,ERR,ERR,ERR,ERR,ERR,ERR,ERR,ERR,ERR,ERR,ERR,ERR,ERR,ERR,ERR,ERR,ERR,ERR,ERR,ERR,ERR,ERR,ERR,ERR,ERR,ERR,ERR,ERR,ERR,ERR,ERR,ERR,ERR,ERR,ERR,ERR,ERR,ERR,ERR,ERR,ERR,ERR,ERR,ERR,ERR,ERR,ERR,ERR,0.0,0.0,-134474944.0,0.0,0.0,1.3936040501711995e+18,7.805,0.0,0,0,4,0,8422,0.0,45,0.0,0.0,0.0,0.0,0.0,0,0,0,0,0.0,0,0,0,0,0,0,0,0,0,0,0,0,0,0,0,0,0,0,0,0,0,0,0,0,0,0,0,0,0,0,0,0,0,38,14,7,45,65476,0,300,0,0,8,21553,0.0,-107605600.0,0.0,0.0,0.0,0.0,0.0,0.0,0.0,0.0,0.0,0.0,0.0,0.0,0.0,0.0,0.0,0.0,0.0,0.0,0.0,0.0,0.0,0.0,-2.004,2.004,0.0,0.0,0.0,0.0,5012.0,-2.004,0.0,0.0,0.0,0.0,-107615304.0,0.0,0.0,0.0,0.0,53,5.848083413016271e+35,-0.0,0.0,0.0,0.0,0.0,0.0,0.0,0.0,0,0,0,0.0,0.0,0.0,0.0,0.0,0.0,0.0,0.0,0.0,0.0,0.0,0.0,0.0,0.0,0.0,0.0,0,-107875648.0,53,0.0,106,-107614832.0,2.7006707062415038e+23,ERR,ERR,ERR,ERR,ERR,ERR,ERR,ERR,ERR,ERR,ERR,ERR,ERR,ERR,ERR,ERR,ERR,ERR,ERR,ERR,ERR,ERR,ERR,ERR,ERR,ERR,ERR,ERR,ERR,ERR,ERR,ERR,ERR,ERR,ERR,ERR,ERR,ERR,ERR,ERR,ERR,ERR,ERR,ERR,ERR,ERR,ERR,ERR,ERR,ERR,ERR,ERR,ERR,ERR,ERR,ERR,ERR,ERR,ERR,ERR,ERR,ERR,ERR,ERR,ERR,ERR,ERR,50.0,60.0,100,0.0,0.0,0.0,0.0,0.0,0.0,0.0,0.0,0.0,0.0,0.0,0.0,0.0,0.0,0.0,0.0,62.0,77,11,65509,50,65476,0,300,0,0,8,20529,65476,0,0,26214,60.0,0.0,0.0,0.0,0.0,0.0
2026-05-17T16:56:57,ERR,ERR,ERR,ERR,ERR,ERR,ERR,ERR,ERR,ERR,ERR,ERR,ERR,ERR,ERR,ERR,ERR,ERR,ERR,ERR,ERR,ERR,ERR,ERR,ERR,ERR,ERR,ERR,ERR,ERR,ERR,ERR,ERR,ERR,ERR,ERR,ERR,ERR,ERR,ERR,ERR,ERR,ERR,ERR,ERR,ERR,ERR,ERR,ERR,ERR,ERR,ERR,ERR,ERR,ERR,ERR,ERR,ERR,ERR,ERR,ERR,ERR,ERR,ERR,ERR,ERR,ERR,ERR,ERR,ERR,ERR,ERR,ERR,ERR,ERR,ERR,ERR,ERR,ERR,ERR,ERR,ERR,ERR,ERR,ERR,ERR,ERR,ERR,ERR,ERR,ERR,ERR,ERR,ERR,ERR,ERR,ERR,ERR,ERR,ERR,ERR,ERR,ERR,ERR,ERR,ERR,ERR,ERR,ERR,ERR,ERR,ERR,ERR,ERR,ERR,ERR,ERR,ERR,ERR,ERR,ERR,ERR,ERR,ERR,ERR,0.0,0.0,-134474944.0,0.0,0.0,1.3936040501711995e+18,7.805,0.0,0,0,4,0,8422,0.0,45,0.0,0.0,0.0,0.0,0.0,0,0,0,0,0.0,0,0,0,0,0,0,0,0,0,0,0,0,0,0,0,0,0,0,0,0,0,0,0,0,0,0,0,0,0,0,0,0,0,38,14,7,45,65476,0,300,0,0,8,21553,0.0,-107605600.0,0.0,0.0,0.0,0.0,0.0,0.0,0.0,0.0,0.0,0.0,0.0,0.0,0.0,0.0,0.0,0.0,0.0,0.0,0.0,0.0,0.0,0.0,-2.004,2.004,0.0,0.0,0.0,0.0,5012.0,-2.004,0.0,0.0,0.0,0.0,-107615304.0,0.0,0.0,0.0,0.0,53,5.848083413016271e+35,-0.0,0.0,0.0,0.0,0.0,0.0,0.0,0.0,0,0,0,0.0,0.0,0.0,0.0,0.0,0.0,0.0,0.0,0.0,0.0,0.0,0.0,0.0,0.0,0.0,0.0,0,-107875648.0,53,0.0,106,-107614832.0,2.7006707062415038e+23,ERR,ERR,ERR,ERR,ERR,ERR,ERR,ERR,ERR,ERR,ERR,ERR,ERR,ERR,ERR,ERR,ERR,ERR,ERR,ERR,ERR,ERR,ERR,ERR,ERR,ERR,ERR,ERR,ERR,ERR,ERR,ERR,ERR,ERR,ERR,ERR,ERR,ERR,ERR,ERR,ERR,ERR,ERR,ERR,ERR,ERR,ERR,ERR,ERR,ERR,ERR,ERR,ERR,ERR,ERR,ERR,ERR,ERR,ERR,ERR,ERR,ERR,ERR,ERR,ERR,ERR,ERR,50.0,60.0,100,0.0,0.0,0.0,0.0,0.0,0.0,0.0,0.0,0.0,0.0,0.0,0.0,0.0,0.0,0.0,0.0,61.6,77,11,65509,50,65476,0,300,0,0,8,20529,65476,0,0,26214,60.0,0.0,0.0,0.0,0.0,0.0
2026-05-17T16:56:58,ERR,ERR,ERR,ERR,ERR,ERR,ERR,ERR,ERR,ERR,ERR,ERR,ERR,ERR,ERR,ERR,ERR,ERR,ERR,ERR,ERR,ERR,ERR,ERR,ERR,ERR,ERR,ERR,ERR,ERR,ERR,ERR,ERR,ERR,ERR,ERR,ERR,ERR,ERR,ERR,ERR,ERR,ERR,ERR,ERR,ERR,ERR,ERR,ERR,ERR,ERR,ERR,ERR,ERR,ERR,ERR,ERR,ERR,ERR,ERR,ERR,ERR,ERR,ERR,ERR,ERR,ERR,ERR,ERR,ERR,ERR,ERR,ERR,ERR,ERR,ERR,ERR,ERR,ERR,ERR,ERR,ERR,ERR,ERR,ERR,ERR,ERR,ERR,ERR,ERR,ERR,ERR,ERR,ERR,ERR,ERR,ERR,ERR,ERR,ERR,ERR,ERR,ERR,ERR,ERR,ERR,ERR,ERR,ERR,ERR,ERR,ERR,ERR,ERR,ERR,ERR,ERR,ERR,ERR,ERR,ERR,ERR,ERR,ERR,ERR,0.0,0.0,-134474944.0,0.0,0.0,1.3936040501711995e+18,7.805,0.0,0,0,4,0,8422,0.0,45,0.0,0.0,0.0,0.0,0.0,0,0,0,0,0.0,0,0,0,0,0,0,0,0,0,0,0,0,0,0,0,0,0,0,0,0,0,0,0,0,0,0,0,0,0,0,0,0,0,38,14,7,45,65476,0,300,0,0,8,21553,0.0,-107605600.0,0.0,0.0,0.0,0.0,0.0,0.0,0.0,0.0,0.0,0.0,0.0,0.0,0.0,0.0,0.0,0.0,0.0,0.0,0.0,0.0,0.0,0.0,-2.004,2.004,0.0,0.0,0.0,0.0,5013.0,-3.697186133624698e+19,0.0,0.0,0.0,0.0,-107615304.0,0.0,0.0,0.0,0.0,53,5.848083413016271e+35,0.0,0.0,0.0,0.0,0.0,0.0,0.0,0.0,0,0,0,0.0,0.0,0.0,0.0,0.0,0.0,0.0,0.0,0.0,0.0,0.0,0.0,0.0,0.0,0.0,0.0,0,-107875648.0,53,0.0,106,-107614832.0,2.7006707062415038e+23,ERR,ERR,ERR,ERR,ERR,ERR,ERR,ERR,ERR,ERR,ERR,ERR,ERR,ERR,ERR,ERR,ERR,ERR,ERR,ERR,ERR,ERR,ERR,ERR,ERR,ERR,ERR,ERR,ERR,ERR,ERR,ERR,ERR,ERR,ERR,ERR,ERR,ERR,ERR,ERR,ERR,ERR,ERR,ERR,ERR,ERR,ERR,ERR,ERR,ERR,ERR,ERR,ERR,ERR,ERR,ERR,ERR,ERR,ERR,ERR,ERR,ERR,ERR,ERR,ERR,ERR,ERR,50.0,60.0,100,0.0,0.0,0.0,0.0,0.0,0.0,0.0,0.0,0.0,0.0,0.0,0.0,0.0,0.0,0.0,0.0,61.6,77,11,65509,50,65476,0,300,0,0,8,20529,65476,0,0,26214,60.0,0.0,0.0,0.0,0.0,0.0
2026-05-17T16:56:59,ERR,ERR,ERR,ERR,ERR,ERR,ERR,ERR,ERR,ERR,ERR,ERR,ERR,ERR,ERR,ERR,ERR,ERR,ERR,ERR,ERR,ERR,ERR,ERR,ERR,ERR,ERR,ERR,ERR,ERR,ERR,ERR,ERR,ERR,ERR,ERR,ERR,ERR,ERR,ERR,ERR,ERR,ERR,ERR,ERR,ERR,ERR,ERR,ERR,ERR,ERR,ERR,ERR,ERR,ERR,ERR,ERR,ERR,ERR,ERR,ERR,ERR,ERR,ERR,ERR,ERR,ERR,ERR,ERR,ERR,ERR,ERR,ERR,ERR,ERR,ERR,ERR,ERR,ERR,ERR,ERR,ERR,ERR,ERR,ERR,ERR,ERR,ERR,ERR,ERR,ERR,ERR,ERR,ERR,ERR,ERR,ERR,ERR,ERR,ERR,ERR,ERR,ERR,ERR,ERR,ERR,ERR,ERR,ERR,ERR,ERR,ERR,ERR,ERR,ERR,ERR,ERR,ERR,ERR,ERR,ERR,ERR,ERR,ERR,ERR,0.0,0.0,-134474944.0,0.0,0.0,1.3936040501711995e+18,7.805,0.0,0,0,4,0,8422,0.0,45,0.0,0.0,0.0,0.0,0.0,0,0,0,0,0.0,0,0,0,0,0,0,0,0,0,0,0,0,0,0,0,0,0,0,0,0,0,0,0,0,0,0,0,0,0,0,0,0,0,38,14,7,45,65476,0,300,0,0,8,21553,0.0,-107605600.0,0.0,0.0,0.0,0.0,0.0,0.0,0.0,0.0,0.0,0.0,0.0,0.0,0.0,0.0,0.0,0.0,0.0,0.0,0.0,0.0,0.0,0.0,-2.004,2.004,0.0,0.0,0.0,0.0,5013.0,-3.697186133624698e+19,0.0,0.0,0.0,0.0,-107615304.0,0.0,0.0,0.0,0.0,53,5.848083413016271e+35,0.0,0.0,0.0,0.0,0.0,0.0,0.0,0.0,0,0,0,0.0,0.0,0.0,0.0,0.0,0.0,0.0,0.0,0.0,0.0,0.0,0.0,0.0,0.0,0.0,0.0,0,-107875648.0,53,0.0,106,-107614832.0,2.7006707062415038e+23,ERR,ERR,ERR,ERR,ERR,ERR,ERR,ERR,ERR,ERR,ERR,ERR,ERR,ERR,ERR,ERR,ERR,ERR,ERR,ERR,ERR,ERR,ERR,ERR,ERR,ERR,ERR,ERR,ERR,ERR,ERR,ERR,ERR,ERR,ERR,ERR,ERR,ERR,ERR,ERR,ERR,ERR,ERR,ERR,ERR,ERR,ERR,ERR,ERR,ERR,ERR,ERR,ERR,ERR,ERR,ERR,ERR,ERR,ERR,ERR,ERR,ERR,ERR,ERR,ERR,ERR,ERR,50.0,60.0,100,0.0,0.0,0.0,0.0,0.0,0.0,0.0,0.0,0.0,0.0,0.0,0.0,0.0,0.0,0.0,0.0,61.6,77,11,65509,50,65476,0,300,0,0,8,20529,65476,0,0,26214,60.0,0.0,0.0,0.0,0.0,0.0
2026-05-17T16:57:00,ERR,ERR,ERR,ERR,ERR,ERR,ERR,ERR,ERR,ERR,ERR,ERR,ERR,ERR,ERR,ERR,ERR,ERR,ERR,ERR,ERR,ERR,ERR,ERR,ERR,ERR,ERR,ERR,ERR,ERR,ERR,ERR,ERR,ERR,ERR,ERR,ERR,ERR,ERR,ERR,ERR,ERR,ERR,ERR,ERR,ERR,ERR,ERR,ERR,ERR,ERR,ERR,ERR,ERR,ERR,ERR,ERR,ERR,ERR,ERR,ERR,ERR,ERR,ERR,ERR,ERR,ERR,ERR,ERR,ERR,ERR,ERR,ERR,ERR,ERR,ERR,ERR,ERR,ERR,ERR,ERR,ERR,ERR,ERR,ERR,ERR,ERR,ERR,ERR,ERR,ERR,ERR,ERR,ERR,ERR,ERR,ERR,ERR,ERR,ERR,ERR,ERR,ERR,ERR,ERR,ERR,ERR,ERR,ERR,ERR,ERR,ERR,ERR,ERR,ERR,ERR,ERR,ERR,ERR,ERR,ERR,ERR,ERR,ERR,ERR,0.0,0.0,-134474944.0,0.0,0.0,1.3936040501711995e+18,7.805,0.0,0,0,4,0,8422,0.0,45,0.0,0.0,0.0,0.0,0.0,0,0,0,0,0.0,0,0,0,0,0,0,0,0,0,0,0,0,0,0,0,0,0,0,0,0,0,0,0,0,0,0,0,0,0,0,0,0,0,38,14,7,45,65476,0,300,0,0,8,21553,0.0,-107605600.0,0.0,0.0,0.0,0.0,0.0,0.0,0.0,0.0,0.0,0.0,0.0,0.0,0.0,0.0,0.0,0.0,0.0,0.0,0.0,0.0,0.0,0.0,-2.004,2.004,0.0,0.0,0.0,0.0,5013.0,-3.697186133624698e+19,0.0,0.0,0.0,0.0,-107615304.0,0.0,0.0,0.0,0.0,53,5.848083413016271e+35,0.0,0.0,0.0,0.0,0.0,0.0,0.0,0.0,0,0,0,0.0,0.0,0.0,0.0,0.0,0.0,0.0,0.0,0.0,0.0,0.0,0.0,0.0,0.0,0.0,0.0,0,-107875648.0,53,0.0,106,-107614832.0,2.7006707062415038e+23,ERR,ERR,ERR,ERR,ERR,ERR,ERR,ERR,ERR,ERR,ERR,ERR,ERR,ERR,ERR,ERR,ERR,ERR,ERR,ERR,ERR,ERR,ERR,ERR,ERR,ERR,ERR,ERR,ERR,ERR,ERR,ERR,ERR,ERR,ERR,ERR,ERR,ERR,ERR,ERR,ERR,ERR,ERR,ERR,ERR,ERR,ERR,ERR,ERR,ERR,ERR,ERR,ERR,ERR,ERR,ERR,ERR,ERR,ERR,ERR,ERR,ERR,ERR,ERR,ERR,ERR,ERR,50.0,60.0,100,0.0,0.0,0.0,0.0,0.0,0.0,0.0,0.0,0.0,0.0,0.0,0.0,0.0,0.0,0.0,0.0,61.6,77,11,65509,50,65476,0,300,0,0,8,20529,65476,0,0,26214,60.0,0.0,0.0,0.0,0.0,0.0
2026-05-17T16:57:01,ERR,ERR,ERR,ERR,ERR,ERR,ERR,ERR,ERR,ERR,ERR,ERR,ERR,ERR,ERR,ERR,ERR,ERR,ERR,ERR,ERR,ERR,ERR,ERR,ERR,ERR,ERR,ERR,ERR,ERR,ERR,ERR,ERR,ERR,ERR,ERR,ERR,ERR,ERR,ERR,ERR,ERR,ERR,ERR,ERR,ERR,ERR,ERR,ERR,ERR,ERR,ERR,ERR,ERR,ERR,ERR,ERR,ERR,ERR,ERR,ERR,ERR,ERR,ERR,ERR,ERR,ERR,ERR,ERR,ERR,ERR,ERR,ERR,ERR,ERR,ERR,ERR,ERR,ERR,ERR,ERR,ERR,ERR,ERR,ERR,ERR,ERR,ERR,ERR,ERR,ERR,ERR,ERR,ERR,ERR,ERR,ERR,ERR,ERR,ERR,ERR,ERR,ERR,ERR,ERR,ERR,ERR,ERR,ERR,ERR,ERR,ERR,ERR,ERR,ERR,ERR,ERR,ERR,ERR,ERR,ERR,ERR,ERR,ERR,ERR,0.0,0.0,-134474944.0,0.0,0.0,1.3936040501711995e+18,7.805,0.0,0,0,4,0,8422,0.0,45,0.0,0.0,0.0,0.0,0.0,0,0,0,0,0.0,0,0,0,0,0,0,0,0,0,0,0,0,0,0,0,0,0,0,0,0,0,0,0,0,0,0,0,0,0,0,0,0,0,38,14,7,45,65476,0,300,0,0,8,21553,0.0,-107605600.0,0.0,0.0,0.0,0.0,0.0,0.0,0.0,0.0,0.0,0.0,0.0,0.0,0.0,0.0,0.0,0.0,0.0,0.0,0.0,0.0,0.0,0.0,-2.004,2.004,0.0,0.0,0.0,0.0,5013.0,-3.697186133624698e+19,0.0,0.0,0.0,0.0,-107615304.0,0.0,0.0,0.0,0.0,53,5.848083413016271e+35,0.0,0.0,0.0,0.0,0.0,0.0,0.0,0.0,0,0,0,0.0,0.0,0.0,0.0,0.0,0.0,0.0,0.0,0.0,0.0,0.0,0.0,0.0,0.0,0.0,0.0,0,-107875648.0,53,0.0,106,-107614832.0,2.7006707062415038e+23,ERR,ERR,ERR,ERR,ERR,ERR,ERR,ERR,ERR,ERR,ERR,ERR,ERR,ERR,ERR,ERR,ERR,ERR,ERR,ERR,ERR,ERR,ERR,ERR,ERR,ERR,ERR,ERR,ERR,ERR,ERR,ERR,ERR,ERR,ERR,ERR,ERR,ERR,ERR,ERR,ERR,ERR,ERR,ERR,ERR,ERR,ERR,ERR,ERR,ERR,ERR,ERR,ERR,ERR,ERR,ERR,ERR,ERR,ERR,ERR,ERR,ERR,ERR,ERR,ERR,ERR,ERR,50.0,60.0,100,0.0,0.0,0.0,0.0,0.0,0.0,0.0,0.0,0.0,0.0,0.0,0.0,0.0,0.0,0.0,0.0,61.6,77,11,65509,50,65476,0,300,0,0,8,20529,65476,0,0,26214,60.0,0.0,0.0,0.0,0.0,0.0
2026-05-17T16:57:02,ERR,ERR,ERR,ERR,ERR,ERR,ERR,ERR,ERR,ERR,ERR,ERR,ERR,ERR,ERR,ERR,ERR,ERR,ERR,ERR,ERR,ERR,ERR,ERR,ERR,ERR,ERR,ERR,ERR,ERR,ERR,ERR,ERR,ERR,ERR,ERR,ERR,ERR,ERR,ERR,ERR,ERR,ERR,ERR,ERR,ERR,ERR,ERR,ERR,ERR,ERR,ERR,ERR,ERR,ERR,ERR,ERR,ERR,ERR,ERR,ERR,ERR,ERR,ERR,ERR,ERR,ERR,ERR,ERR,ERR,ERR,ERR,ERR,ERR,ERR,ERR,ERR,ERR,ERR,ERR,ERR,ERR,ERR,ERR,ERR,ERR,ERR,ERR,ERR,ERR,ERR,ERR,ERR,ERR,ERR,ERR,ERR,ERR,ERR,ERR,ERR,ERR,ERR,ERR,ERR,ERR,ERR,ERR,ERR,ERR,ERR,ERR,ERR,ERR,ERR,ERR,ERR,ERR,ERR,ERR,ERR,ERR,ERR,ERR,ERR,0.0,0.0,-134474944.0,0.0,0.0,1.3936040501711995e+18,7.805,0.0,0,0,4,0,8422,0.0,45,0.0,0.0,0.0,0.0,0.0,0,0,0,0,0.0,0,0,0,0,0,0,0,0,0,0,0,0,0,0,0,0,0,0,0,0,0,0,0,0,0,0,0,0,0,0,0,0,0,38,14,7,45,65476,0,300,0,0,8,21553,0.0,-107605600.0,0.0,0.0,0.0,0.0,0.0,0.0,0.0,0.0,0.0,0.0,0.0,0.0,0.0,0.0,0.0,0.0,0.0,0.0,0.0,0.0,0.0,0.0,-2.004,2.004,0.0,0.0,0.0,0.0,5013.0,-3.697186133624698e+19,0.0,0.0,0.0,0.0,-107615304.0,0.0,0.0,0.0,0.0,53,5.848083413016271e+35,0.0,0.0,0.0,0.0,0.0,0.0,0.0,0.0,0,0,0,0.0,0.0,0.0,0.0,0.0,0.0,0.0,0.0,0.0,0.0,0.0,0.0,0.0,0.0,0.0,0.0,0,-107875648.0,53,0.0,106,-107614832.0,2.7006707062415038e+23,ERR,ERR,ERR,ERR,ERR,ERR,ERR,ERR,ERR,ERR,ERR,ERR,ERR,ERR,ERR,ERR,ERR,ERR,ERR,ERR,ERR,ERR,ERR,ERR,ERR,ERR,ERR,ERR,ERR,ERR,ERR,ERR,ERR,ERR,ERR,ERR,ERR,ERR,ERR,ERR,ERR,ERR,ERR,ERR,ERR,ERR,ERR,ERR,ERR,ERR,ERR,ERR,ERR,ERR,ERR,ERR,ERR,ERR,ERR,ERR,ERR,ERR,ERR,ERR,ERR,ERR,ERR,50.0,60.0,100,0.0,0.0,0.0,0.0,0.0,0.0,0.0,0.0,0.0,0.0,0.0,0.0,0.0,0.0,0.0,0.0,61.6,77,11,65509,50,65476,0,300,0,0,8,20529,65476,0,0,26214,60.0,0.0,0.0,0.0,0.0,0.0
2026-05-17T16:57:03,ERR,ERR,ERR,ERR,ERR,ERR,ERR,ERR,ERR,ERR,ERR,ERR,ERR,ERR,ERR,ERR,ERR,ERR,ERR,ERR,ERR,ERR,ERR,ERR,ERR,ERR,ERR,ERR,ERR,ERR,ERR,ERR,ERR,ERR,ERR,ERR,ERR,ERR,ERR,ERR,ERR,ERR,ERR,ERR,ERR,ERR,ERR,ERR,ERR,ERR,ERR,ERR,ERR,ERR,ERR,ERR,ERR,ERR,ERR,ERR,ERR,ERR,ERR,ERR,ERR,ERR,ERR,ERR,ERR,ERR,ERR,ERR,ERR,ERR,ERR,ERR,ERR,ERR,ERR,ERR,ERR,ERR,ERR,ERR,ERR,ERR,ERR,ERR,ERR,ERR,ERR,ERR,ERR,ERR,ERR,ERR,ERR,ERR,ERR,ERR,ERR,ERR,ERR,ERR,ERR,ERR,ERR,ERR,ERR,ERR,ERR,ERR,ERR,ERR,ERR,ERR,ERR,ERR,ERR,ERR,ERR,ERR,ERR,ERR,ERR,0.0,0.0,-134474944.0,0.0,0.0,1.3936040501711995e+18,7.805,0.0,0,0,4,0,8422,0.0,45,0.0,0.0,0.0,0.0,0.0,0,0,0,0,0.0,0,0,0,0,0,0,0,0,0,0,0,0,0,0,0,0,0,0,0,0,0,0,0,0,0,0,0,0,0,0,0,0,0,38,14,7,45,65476,0,300,0,0,8,21553,0.0,-107605600.0,0.0,0.0,0.0,0.0,0.0,0.0,0.0,0.0,0.0,0.0,0.0,0.0,0.0,0.0,0.0,0.0,0.0,0.0,0.0,0.0,0.0,0.0,-2.004,2.004,0.0,0.0,0.0,0.0,5045.0,0.0,0.0,0.0,0.0,0.0,-107615304.0,0.0,0.0,0.0,0.0,53,4.950428597886765e+32,0.0,0.0,0.0,0.0,0.0,0.0,0.0,0.0,0,0,0,0.0,0.0,0.0,0.0,0.0,0.0,0.0,0.0,0.0,0.0,0.0,0.0,0.0,0.0,0.0,0.0,0,-107875648.0,53,0.0,106,-107614832.0,2.7006707062415038e+23,ERR,ERR,ERR,ERR,ERR,ERR,ERR,ERR,ERR,ERR,ERR,ERR,ERR,ERR,ERR,ERR,ERR,ERR,ERR,ERR,ERR,ERR,ERR,ERR,ERR,ERR,ERR,ERR,ERR,ERR,ERR,ERR,ERR,ERR,ERR,ERR,ERR,ERR,ERR,ERR,ERR,ERR,ERR,ERR,ERR,ERR,ERR,ERR,ERR,ERR,ERR,ERR,ERR,ERR,ERR,ERR,ERR,ERR,ERR,ERR,ERR,ERR,ERR,ERR,ERR,ERR,ERR,50.0,60.0,100,0.0,0.0,0.0,0.0,0.0,0.0,0.0,0.0,0.0,0.0,0.0,0.0,0.0,0.0,0.0,0.0,62.0,77,11,65509,50,65476,0,300,0,0,8,20529,65476,0,0,26214,60.0,0.0,0.0,0.0,0.0,0.0
2026-05-17T16:57:04,ERR,ERR,ERR,ERR,ERR,ERR,ERR,ERR,ERR,ERR,ERR,ERR,ERR,ERR,ERR,ERR,ERR,ERR,ERR,ERR,ERR,ERR,ERR,ERR,ERR,ERR,ERR,ERR,ERR,ERR,ERR,ERR,ERR,ERR,ERR,ERR,ERR,ERR,ERR,ERR,ERR,ERR,ERR,ERR,ERR,ERR,ERR,ERR,ERR,ERR,ERR,ERR,ERR,ERR,ERR,ERR,ERR,ERR,ERR,ERR,ERR,ERR,ERR,ERR,ERR,ERR,ERR,ERR,ERR,ERR,ERR,ERR,ERR,ERR,ERR,ERR,ERR,ERR,ERR,ERR,ERR,ERR,ERR,ERR,ERR,ERR,ERR,ERR,ERR,ERR,ERR,ERR,ERR,ERR,ERR,ERR,ERR,ERR,ERR,ERR,ERR,ERR,ERR,ERR,ERR,ERR,ERR,ERR,ERR,ERR,ERR,ERR,ERR,ERR,ERR,ERR,ERR,ERR,ERR,ERR,ERR,ERR,ERR,ERR,ERR,0.0,0.0,-134474944.0,0.0,0.0,1.3936040501711995e+18,7.805,0.0,0,0,4,0,8422,0.0,45,0.0,0.0,0.0,0.0,0.0,0,0,0,0,0.0,0,0,0,0,0,0,0,0,0,0,0,0,0,0,0,0,0,0,0,0,0,0,0,0,0,0,0,0,0,0,0,0,0,38,14,7,45,65476,0,300,0,0,8,21553,0.0,-107605600.0,0.0,0.0,0.0,0.0,0.0,0.0,0.0,0.0,0.0,0.0,0.0,0.0,0.0,0.0,0.0,0.0,0.0,0.0,0.0,0.0,0.0,0.0,-2.004,2.004,0.0,0.0,0.0,0.0,5045.0,0.0,0.0,0.0,0.0,0.0,-107615304.0,0.0,0.0,0.0,0.0,53,4.950428597886765e+32,0.0,0.0,0.0,0.0,0.0,0.0,0.0,0.0,0,0,0,0.0,0.0,0.0,0.0,0.0,0.0,0.0,0.0,0.0,0.0,0.0,0.0,0.0,0.0,0.0,0.0,0,-107875648.0,53,0.0,106,-107614832.0,2.7006707062415038e+23,ERR,ERR,ERR,ERR,ERR,ERR,ERR,ERR,ERR,ERR,ERR,ERR,ERR,ERR,ERR,ERR,ERR,ERR,ERR,ERR,ERR,ERR,ERR,ERR,ERR,ERR,ERR,ERR,ERR,ERR,ERR,ERR,ERR,ERR,ERR,ERR,ERR,ERR,ERR,ERR,ERR,ERR,ERR,ERR,ERR,ERR,ERR,ERR,ERR,ERR,ERR,ERR,ERR,ERR,ERR,ERR,ERR,ERR,ERR,ERR,ERR,ERR,ERR,ERR,ERR,ERR,ERR,50.0,60.0,100,0.0,0.0,0.0,0.0,0.0,0.0,0.0,0.0,0.0,0.0,0.0,0.0,0.0,0.0,0.0,0.0,62.0,77,11,65509,50,65476,0,300,0,0,8,20529,65476,0,0,26214,60.0,0.0,0.0,0.0,0.0,0.0
2026-05-17T16:57:05,ERR,ERR,ERR,ERR,ERR,ERR,ERR,ERR,ERR,ERR,ERR,ERR,ERR,ERR,ERR,ERR,ERR,ERR,ERR,ERR,ERR,ERR,ERR,ERR,ERR,ERR,ERR,ERR,ERR,ERR,ERR,ERR,ERR,ERR,ERR,ERR,ERR,ERR,ERR,ERR,ERR,ERR,ERR,ERR,ERR,ERR,ERR,ERR,ERR,ERR,ERR,ERR,ERR,ERR,ERR,ERR,ERR,ERR,ERR,ERR,ERR,ERR,ERR,ERR,ERR,ERR,ERR,ERR,ERR,ERR,ERR,ERR,ERR,ERR,ERR,ERR,ERR,ERR,ERR,ERR,ERR,ERR,ERR,ERR,ERR,ERR,ERR,ERR,ERR,ERR,ERR,ERR,ERR,ERR,ERR,ERR,ERR,ERR,ERR,ERR,ERR,ERR,ERR,ERR,ERR,ERR,ERR,ERR,ERR,ERR,ERR,ERR,ERR,ERR,ERR,ERR,ERR,ERR,ERR,ERR,ERR,ERR,ERR,ERR,ERR,0.0,0.0,-134474944.0,0.0,0.0,1.3936040501711995e+18,7.805,0.0,0,0,4,0,8422,0.0,45,0.0,0.0,0.0,0.0,0.0,0,0,0,0,0.0,0,0,0,0,0,0,0,0,0,0,0,0,0,0,0,0,0,0,0,0,0,0,0,0,0,0,0,0,0,0,0,0,0,38,14,7,45,65476,0,300,0,0,8,21553,0.0,-107605600.0,0.0,0.0,0.0,0.0,0.0,0.0,0.0,0.0,0.0,0.0,0.0,0.0,0.0,0.0,0.0,0.0,0.0,0.0,0.0,0.0,0.0,0.0,-2.004,2.004,0.0,0.0,0.0,0.0,5045.0,0.0,0.0,0.0,0.0,0.0,-107615304.0,0.0,0.0,0.0,0.0,53,4.950428597886765e+32,0.0,0.0,0.0,0.0,0.0,0.0,0.0,0.0,0,0,0,0.0,0.0,0.0,0.0,0.0,0.0,0.0,0.0,0.0,0.0,0.0,0.0,0.0,0.0,0.0,0.0,0,-107875648.0,53,0.0,106,-107614832.0,2.7006707062415038e+23,ERR,ERR,ERR,ERR,ERR,ERR,ERR,ERR,ERR,ERR,ERR,ERR,ERR,ERR,ERR,ERR,ERR,ERR,ERR,ERR,ERR,ERR,ERR,ERR,ERR,ERR,ERR,ERR,ERR,ERR,ERR,ERR,ERR,ERR,ERR,ERR,ERR,ERR,ERR,ERR,ERR,ERR,ERR,ERR,ERR,ERR,ERR,ERR,ERR,ERR,ERR,ERR,ERR,ERR,ERR,ERR,ERR,ERR,ERR,ERR,ERR,ERR,ERR,ERR,ERR,ERR,ERR,50.0,60.0,100,0.0,0.0,0.0,0.0,0.0,0.0,0.0,0.0,0.0,0.0,0.0,0.0,0.0,0.0,0.0,0.0,62.0,77,11,65509,50,65476,0,300,0,0,8,20529,65476,0,0,26214,60.0,0.0,0.0,0.0,0.0,0.0
2026-05-17T16:57:06,ERR,ERR,ERR,ERR,ERR,ERR,ERR,ERR,ERR,ERR,ERR,ERR,ERR,ERR,ERR,ERR,ERR,ERR,ERR,ERR,ERR,ERR,ERR,ERR,ERR,ERR,ERR,ERR,ERR,ERR,ERR,ERR,ERR,ERR,ERR,ERR,ERR,ERR,ERR,ERR,ERR,ERR,ERR,ERR,ERR,ERR,ERR,ERR,ERR,ERR,ERR,ERR,ERR,ERR,ERR,ERR,ERR,ERR,ERR,ERR,ERR,ERR,ERR,ERR,ERR,ERR,ERR,ERR,ERR,ERR,ERR,ERR,ERR,ERR,ERR,ERR,ERR,ERR,ERR,ERR,ERR,ERR,ERR,ERR,ERR,ERR,ERR,ERR,ERR,ERR,ERR,ERR,ERR,ERR,ERR,ERR,ERR,ERR,ERR,ERR,ERR,ERR,ERR,ERR,ERR,ERR,ERR,ERR,ERR,ERR,ERR,ERR,ERR,ERR,ERR,ERR,ERR,ERR,ERR,ERR,ERR,ERR,ERR,ERR,ERR,0.0,0.0,-134474944.0,0.0,0.0,1.3936040501711995e+18,7.805,0.0,0,0,4,0,8422,0.0,45,0.0,0.0,0.0,0.0,0.0,0,0,0,0,0.0,0,0,0,0,0,0,0,0,0,0,0,0,0,0,0,0,0,0,0,0,0,0,0,0,0,0,0,0,0,0,0,0,0,38,14,7,45,65476,0,300,0,0,8,21553,0.0,-107605600.0,0.0,0.0,0.0,0.0,0.0,0.0,0.0,0.0,0.0,0.0,0.0,0.0,0.0,0.0,0.0,0.0,0.0,0.0,0.0,0.0,0.0,0.0,-2.004,2.004,0.0,0.0,0.0,0.0,5045.0,0.0,0.0,0.0,0.0,0.0,-107615304.0,0.0,0.0,0.0,0.0,53,4.950428597886765e+32,0.0,0.0,0.0,0.0,0.0,0.0,0.0,0.0,0,0,0,0.0,0.0,0.0,0.0,0.0,0.0,0.0,0.0,0.0,0.0,0.0,0.0,0.0,0.0,0.0,0.0,0,-107875648.0,53,0.0,106,-107614832.0,2.7006707062415038e+23,ERR,ERR,ERR,ERR,ERR,ERR,ERR,ERR,ERR,ERR,ERR,ERR,ERR,ERR,ERR,ERR,ERR,ERR,ERR,ERR,ERR,ERR,ERR,ERR,ERR,ERR,ERR,ERR,ERR,ERR,ERR,ERR,ERR,ERR,ERR,ERR,ERR,ERR,ERR,ERR,ERR,ERR,ERR,ERR,ERR,ERR,ERR,ERR,ERR,ERR,ERR,ERR,ERR,ERR,ERR,ERR,ERR,ERR,ERR,ERR,ERR,ERR,ERR,ERR,ERR,ERR,ERR,50.0,60.0,100,0.0,0.0,0.0,0.0,0.0,0.0,0.0,0.0,0.0,0.0,0.0,0.0,0.0,0.0,0.0,0.0,61.6,77,11,65509,50,65476,0,300,0,0,8,20529,65476,0,0,26214,60.0,0.0,0.0,0.0,0.0,0.0
2026-05-17T16:57:07,ERR,ERR,ERR,ERR,ERR,ERR,ERR,ERR,ERR,ERR,ERR,ERR,ERR,ERR,ERR,ERR,ERR,ERR,ERR,ERR,ERR,ERR,ERR,ERR,ERR,ERR,ERR,ERR,ERR,ERR,ERR,ERR,ERR,ERR,ERR,ERR,ERR,ERR,ERR,ERR,ERR,ERR,ERR,ERR,ERR,ERR,ERR,ERR,ERR,ERR,ERR,ERR,ERR,ERR,ERR,ERR,ERR,ERR,ERR,ERR,ERR,ERR,ERR,ERR,ERR,ERR,ERR,ERR,ERR,ERR,ERR,ERR,ERR,ERR,ERR,ERR,ERR,ERR,ERR,ERR,ERR,ERR,ERR,ERR,ERR,ERR,ERR,ERR,ERR,ERR,ERR,ERR,ERR,ERR,ERR,ERR,ERR,ERR,ERR,ERR,ERR,ERR,ERR,ERR,ERR,ERR,ERR,ERR,ERR,ERR,ERR,ERR,ERR,ERR,ERR,ERR,ERR,ERR,ERR,ERR,ERR,ERR,ERR,ERR,ERR,0.0,0.0,-134474944.0,0.0,0.0,1.3936040501711995e+18,7.805,0.0,0,0,4,0,8422,0.0,45,0.0,0.0,0.0,0.0,0.0,0,0,0,0,0.0,0,0,0,0,0,0,0,0,0,0,0,0,0,0,0,0,0,0,0,0,0,0,0,0,0,0,0,0,0,0,0,0,0,38,14,7,45,65476,0,300,0,0,8,21553,0.0,-107605600.0,0.0,0.0,0.0,0.0,0.0,0.0,0.0,0.0,0.0,0.0,0.0,0.0,0.0,0.0,0.0,0.0,0.0,0.0,0.0,0.0,0.0,0.0,-2.004,2.004,0.0,0.0,0.0,0.0,5045.0,0.0,0.0,0.0,0.0,0.0,-107615304.0,0.0,0.0,0.0,0.0,53,4.950428597886765e+32,0.0,0.0,0.0,0.0,0.0,0.0,0.0,0.0,0,0,0,0.0,0.0,0.0,0.0,0.0,0.0,0.0,0.0,0.0,0.0,0.0,0.0,0.0,0.0,0.0,0.0,0,-107875648.0,53,0.0,106,-107614832.0,2.7006707062415038e+23,ERR,ERR,ERR,ERR,ERR,ERR,ERR,ERR,ERR,ERR,ERR,ERR,ERR,ERR,ERR,ERR,ERR,ERR,ERR,ERR,ERR,ERR,ERR,ERR,ERR,ERR,ERR,ERR,ERR,ERR,ERR,ERR,ERR,ERR,ERR,ERR,ERR,ERR,ERR,ERR,ERR,ERR,ERR,ERR,ERR,ERR,ERR,ERR,ERR,ERR,ERR,ERR,ERR,ERR,ERR,ERR,ERR,ERR,ERR,ERR,ERR,ERR,ERR,ERR,ERR,ERR,ERR,50.0,60.0,100,0.0,0.0,0.0,0.0,0.0,0.0,0.0,0.0,0.0,0.0,0.0,0.0,0.0,0.0,0.0,0.0,61.6,77,11,65509,50,65476,0,300,0,0,8,20529,65476,0,0,26214,60.0,0.0,0.0,0.0,0.0,0.0
2026-05-17T16:57:08,ERR,ERR,ERR,ERR,ERR,ERR,ERR,ERR,ERR,ERR,ERR,ERR,ERR,ERR,ERR,ERR,ERR,ERR,ERR,ERR,ERR,ERR,ERR,ERR,ERR,ERR,ERR,ERR,ERR,ERR,ERR,ERR,ERR,ERR,ERR,ERR,ERR,ERR,ERR,ERR,ERR,ERR,ERR,ERR,ERR,ERR,ERR,ERR,ERR,ERR,ERR,ERR,ERR,ERR,ERR,ERR,ERR,ERR,ERR,ERR,ERR,ERR,ERR,ERR,ERR,ERR,ERR,ERR,ERR,ERR,ERR,ERR,ERR,ERR,ERR,ERR,ERR,ERR,ERR,ERR,ERR,ERR,ERR,ERR,ERR,ERR,ERR,ERR,ERR,ERR,ERR,ERR,ERR,ERR,ERR,ERR,ERR,ERR,ERR,ERR,ERR,ERR,ERR,ERR,ERR,ERR,ERR,ERR,ERR,ERR,ERR,ERR,ERR,ERR,ERR,ERR,ERR,ERR,ERR,ERR,ERR,ERR,ERR,ERR,ERR,0.0,0.0,-134474944.0,0.0,0.0,1.3936040501711995e+18,7.805,0.0,0,0,4,0,8422,0.0,45,0.0,0.0,0.0,0.0,0.0,0,0,0,0,0.0,0,0,0,0,0,0,0,0,0,0,0,0,0,0,0,0,0,0,0,0,0,0,0,0,0,0,0,0,0,0,0,0,0,38,14,7,45,65476,0,300,0,0,8,21553,0.0,-107605600.0,0.0,0.0,0.0,0.0,0.0,0.0,0.0,0.0,0.0,0.0,0.0,0.0,0.0,0.0,0.0,0.0,0.0,0.0,0.0,0.0,0.0,0.0,-2.004,2.004,0.0,0.0,0.0,0.0,5044.0,0.0,0.0,0.0,0.0,0.0,-107615304.0,0.0,0.0,0.0,0.0,53,4.950428597886765e+32,-4.9504015179484054e+32,0.0,0.0,0.0,0.0,0.0,0.0,0.0,0,0,0,0.0,0.0,0.0,0.0,0.0,0.0,0.0,0.0,0.0,0.0,0.0,0.0,0.0,0.0,0.0,0.0,0,-107875648.0,53,0.0,106,-107614832.0,2.7006707062415038e+23,ERR,ERR,ERR,ERR,ERR,ERR,ERR,ERR,ERR,ERR,ERR,ERR,ERR,ERR,ERR,ERR,ERR,ERR,ERR,ERR,ERR,ERR,ERR,ERR,ERR,ERR,ERR,ERR,ERR,ERR,ERR,ERR,ERR,ERR,ERR,ERR,ERR,ERR,ERR,ERR,ERR,ERR,ERR,ERR,ERR,ERR,ERR,ERR,ERR,ERR,ERR,ERR,ERR,ERR,ERR,ERR,ERR,ERR,ERR,ERR,ERR,ERR,ERR,ERR,ERR,ERR,ERR,50.0,60.0,100,0.0,0.0,0.0,0.0,0.0,0.0,0.0,0.0,0.0,0.0,0.0,0.0,0.0,0.0,0.0,0.0,61.6,77,11,65509,50,65476,0,300,0,0,8,20529,65476,0,0,26214,60.0,0.0,0.0,0.0,0.0,0.0
2026-05-17T16:57:09,ERR,ERR,ERR,ERR,ERR,ERR,ERR,ERR,ERR,ERR,ERR,ERR,ERR,ERR,ERR,ERR,ERR,ERR,ERR,ERR,ERR,ERR,ERR,ERR,ERR,ERR,ERR,ERR,ERR,ERR,ERR,ERR,ERR,ERR,ERR,ERR,ERR,ERR,ERR,ERR,ERR,ERR,ERR,ERR,ERR,ERR,ERR,ERR,ERR,ERR,ERR,ERR,ERR,ERR,ERR,ERR,ERR,ERR,ERR,ERR,ERR,ERR,ERR,ERR,ERR,ERR,ERR,ERR,ERR,ERR,ERR,ERR,ERR,ERR,ERR,ERR,ERR,ERR,ERR,ERR,ERR,ERR,ERR,ERR,ERR,ERR,ERR,ERR,ERR,ERR,ERR,ERR,ERR,ERR,ERR,ERR,ERR,ERR,ERR,ERR,ERR,ERR,ERR,ERR,ERR,ERR,ERR,ERR,ERR,ERR,ERR,ERR,ERR,ERR,ERR,ERR,ERR,ERR,ERR,ERR,ERR,ERR,ERR,ERR,ERR,0.0,0.0,-134474944.0,0.0,0.0,1.3936040501711995e+18,7.805,0.0,0,0,4,0,8422,0.0,45,0.0,0.0,0.0,0.0,0.0,0,0,0,0,0.0,0,0,0,0,0,0,0,0,0,0,0,0,0,0,0,0,0,0,0,0,0,0,0,0,0,0,0,0,0,0,0,0,0,38,14,7,45,65476,0,300,0,0,8,21553,0.0,-107605600.0,0.0,0.0,0.0,0.0,0.0,0.0,0.0,0.0,0.0,0.0,0.0,0.0,0.0,0.0,0.0,0.0,0.0,0.0,0.0,0.0,0.0,0.0,-2.004,2.004,0.0,0.0,0.0,0.0,5044.0,0.0,0.0,0.0,0.0,0.0,-107615304.0,0.0,0.0,0.0,0.0,53,4.950428597886765e+32,-4.9504015179484054e+32,0.0,0.0,0.0,0.0,0.0,0.0,0.0,0,0,0,0.0,0.0,0.0,0.0,0.0,0.0,0.0,0.0,0.0,0.0,0.0,0.0,0.0,0.0,0.0,0.0,0,-107875648.0,53,0.0,106,-107614832.0,2.7006707062415038e+23,ERR,ERR,ERR,ERR,ERR,ERR,ERR,ERR,ERR,ERR,ERR,ERR,ERR,ERR,ERR,ERR,ERR,ERR,ERR,ERR,ERR,ERR,ERR,ERR,ERR,ERR,ERR,ERR,ERR,ERR,ERR,ERR,ERR,ERR,ERR,ERR,ERR,ERR,ERR,ERR,ERR,ERR,ERR,ERR,ERR,ERR,ERR,ERR,ERR,ERR,ERR,ERR,ERR,ERR,ERR,ERR,ERR,ERR,ERR,ERR,ERR,ERR,ERR,ERR,ERR,ERR,ERR,50.0,60.0,100,0.0,0.0,0.0,0.0,0.0,0.0,0.0,0.0,0.0,0.0,0.0,0.0,0.0,0.0,0.0,0.0,61.6,77,11,65509,50,65476,0,300,0,0,8,20529,65476,0,0,26214,60.0,0.0,0.0,0.0,0.0,0.0
2026-05-17T16:57:10,ERR,ERR,ERR,ERR,ERR,ERR,ERR,ERR,ERR,ERR,ERR,ERR,ERR,ERR,ERR,ERR,ERR,ERR,ERR,ERR,ERR,ERR,ERR,ERR,ERR,ERR,ERR,ERR,ERR,ERR,ERR,ERR,ERR,ERR,ERR,ERR,ERR,ERR,ERR,ERR,ERR,ERR,ERR,ERR,ERR,ERR,ERR,ERR,ERR,ERR,ERR,ERR,ERR,ERR,ERR,ERR,ERR,ERR,ERR,ERR,ERR,ERR,ERR,ERR,ERR,ERR,ERR,ERR,ERR,ERR,ERR,ERR,ERR,ERR,ERR,ERR,ERR,ERR,ERR,ERR,ERR,ERR,ERR,ERR,ERR,ERR,ERR,ERR,ERR,ERR,ERR,ERR,ERR,ERR,ERR,ERR,ERR,ERR,ERR,ERR,ERR,ERR,ERR,ERR,ERR,ERR,ERR,ERR,ERR,ERR,ERR,ERR,ERR,ERR,ERR,ERR,ERR,ERR,ERR,ERR,ERR,ERR,ERR,ERR,ERR,0.0,0.0,-134474944.0,0.0,0.0,1.3936040501711995e+18,7.805,0.0,0,0,4,0,8422,0.0,45,0.0,0.0,0.0,0.0,0.0,0,0,0,0,0.0,0,0,0,0,0,0,0,0,0,0,0,0,0,0,0,0,0,0,0,0,0,0,0,0,0,0,0,0,0,0,0,0,0,38,14,7,45,65476,0,300,0,0,8,21553,0.0,-107605600.0,0.0,0.0,0.0,0.0,0.0,0.0,0.0,0.0,0.0,0.0,0.0,0.0,0.0,0.0,0.0,0.0,0.0,0.0,0.0,0.0,0.0,0.0,-2.004,2.004,0.0,0.0,0.0,0.0,5044.0,0.0,0.0,0.0,0.0,0.0,-107615304.0,0.0,0.0,0.0,0.0,53,4.950428597886765e+32,-4.9504015179484054e+32,0.0,0.0,0.0,0.0,0.0,0.0,0.0,0,0,0,0.0,0.0,0.0,0.0,0.0,0.0,0.0,0.0,0.0,0.0,0.0,0.0,0.0,0.0,0.0,0.0,0,-107875648.0,53,0.0,106,-107614832.0,2.7006707062415038e+23,ERR,ERR,ERR,ERR,ERR,ERR,ERR,ERR,ERR,ERR,ERR,ERR,ERR,ERR,ERR,ERR,ERR,ERR,ERR,ERR,ERR,ERR,ERR,ERR,ERR,ERR,ERR,ERR,ERR,ERR,ERR,ERR,ERR,ERR,ERR,ERR,ERR,ERR,ERR,ERR,ERR,ERR,ERR,ERR,ERR,ERR,ERR,ERR,ERR,ERR,ERR,ERR,ERR,ERR,ERR,ERR,ERR,ERR,ERR,ERR,ERR,ERR,ERR,ERR,ERR,ERR,ERR,50.0,60.0,100,0.0,0.0,0.0,0.0,0.0,0.0,0.0,0.0,0.0,0.0,0.0,0.0,0.0,0.0,0.0,0.0,62.0,77,11,65509,50,65476,0,300,0,0,8,20529,65476,0,0,26214,60.0,0.0,0.0,0.0,0.0,0.0
2026-05-17T16:57:11,ERR,ERR,ERR,ERR,ERR,ERR,ERR,ERR,ERR,ERR,ERR,ERR,ERR,ERR,ERR,ERR,ERR,ERR,ERR,ERR,ERR,ERR,ERR,ERR,ERR,ERR,ERR,ERR,ERR,ERR,ERR,ERR,ERR,ERR,ERR,ERR,ERR,ERR,ERR,ERR,ERR,ERR,ERR,ERR,ERR,ERR,ERR,ERR,ERR,ERR,ERR,ERR,ERR,ERR,ERR,ERR,ERR,ERR,ERR,ERR,ERR,ERR,ERR,ERR,ERR,ERR,ERR,ERR,ERR,ERR,ERR,ERR,ERR,ERR,ERR,ERR,ERR,ERR,ERR,ERR,ERR,ERR,ERR,ERR,ERR,ERR,ERR,ERR,ERR,ERR,ERR,ERR,ERR,ERR,ERR,ERR,ERR,ERR,ERR,ERR,ERR,ERR,ERR,ERR,ERR,ERR,ERR,ERR,ERR,ERR,ERR,ERR,ERR,ERR,ERR,ERR,ERR,ERR,ERR,ERR,ERR,ERR,ERR,ERR,ERR,0.0,0.0,-134474944.0,0.0,0.0,1.3936040501711995e+18,7.805,0.0,0,0,4,0,8422,0.0,45,0.0,0.0,0.0,0.0,0.0,0,0,0,0,0.0,0,0,0,0,0,0,0,0,0,0,0,0,0,0,0,0,0,0,0,0,0,0,0,0,0,0,0,0,0,0,0,0,0,38,14,7,45,65476,0,300,0,0,8,21553,0.0,-107605600.0,0.0,0.0,0.0,0.0,0.0,0.0,0.0,0.0,0.0,0.0,0.0,0.0,0.0,0.0,0.0,0.0,0.0,0.0,0.0,0.0,0.0,0.0,-2.004,2.004,0.0,0.0,0.0,0.0,5044.0,0.0,0.0,0.0,0.0,0.0,-107615304.0,0.0,0.0,0.0,0.0,53,4.950428597886765e+32,-4.9504015179484054e+32,0.0,0.0,0.0,0.0,0.0,0.0,0.0,0,0,0,0.0,0.0,0.0,0.0,0.0,0.0,0.0,0.0,0.0,0.0,0.0,0.0,0.0,0.0,0.0,0.0,0,-107875648.0,53,0.0,106,-107614832.0,2.7006707062415038e+23,ERR,ERR,ERR,ERR,ERR,ERR,ERR,ERR,ERR,ERR,ERR,ERR,ERR,ERR,ERR,ERR,ERR,ERR,ERR,ERR,ERR,ERR,ERR,ERR,ERR,ERR,ERR,ERR,ERR,ERR,ERR,ERR,ERR,ERR,ERR,ERR,ERR,ERR,ERR,ERR,ERR,ERR,ERR,ERR,ERR,ERR,ERR,ERR,ERR,ERR,ERR,ERR,ERR,ERR,ERR,ERR,ERR,ERR,ERR,ERR,ERR,ERR,ERR,ERR,ERR,ERR,ERR,50.0,60.0,100,0.0,0.0,0.0,0.0,0.0,0.0,0.0,0.0,0.0,0.0,0.0,0.0,0.0,0.0,0.0,0.0,61.6,77,11,65509,50,65476,0,300,0,0,8,20529,65476,0,0,26214,60.0,0.0,0.0,0.0,0.0,0.0
2026-05-17T16:57:12,ERR,ERR,ERR,ERR,ERR,ERR,ERR,ERR,ERR,ERR,ERR,ERR,ERR,ERR,ERR,ERR,ERR,ERR,ERR,ERR,ERR,ERR,ERR,ERR,ERR,ERR,ERR,ERR,ERR,ERR,ERR,ERR,ERR,ERR,ERR,ERR,ERR,ERR,ERR,ERR,ERR,ERR,ERR,ERR,ERR,ERR,ERR,ERR,ERR,ERR,ERR,ERR,ERR,ERR,ERR,ERR,ERR,ERR,ERR,ERR,ERR,ERR,ERR,ERR,ERR,ERR,ERR,ERR,ERR,ERR,ERR,ERR,ERR,ERR,ERR,ERR,ERR,ERR,ERR,ERR,ERR,ERR,ERR,ERR,ERR,ERR,ERR,ERR,ERR,ERR,ERR,ERR,ERR,ERR,ERR,ERR,ERR,ERR,ERR,ERR,ERR,ERR,ERR,ERR,ERR,ERR,ERR,ERR,ERR,ERR,ERR,ERR,ERR,ERR,ERR,ERR,ERR,ERR,ERR,ERR,ERR,ERR,ERR,ERR,ERR,0.0,0.0,-134474944.0,0.0,0.0,1.3936040501711995e+18,7.805,0.0,0,0,4,0,8422,0.0,45,0.0,0.0,0.0,0.0,0.0,0,0,0,0,0.0,0,0,0,0,0,0,0,0,0,0,0,0,0,0,0,0,0,0,0,0,0,0,0,0,0,0,0,0,0,0,0,0,0,38,14,7,45,65476,0,300,0,0,8,21553,0.0,-107605600.0,0.0,0.0,0.0,0.0,0.0,0.0,0.0,0.0,0.0,0.0,0.0,0.0,0.0,0.0,0.0,0.0,0.0,0.0,0.0,0.0,0.0,0.0,-2.004,2.004,0.0,0.0,0.0,0.0,5044.0,0.0,0.0,0.0,0.0,0.0,-107615304.0,0.0,0.0,0.0,0.0,53,4.950428597886765e+32,-4.9504015179484054e+32,0.0,0.0,0.0,0.0,0.0,0.0,0.0,0,0,0,0.0,0.0,0.0,0.0,0.0,0.0,0.0,0.0,0.0,0.0,0.0,0.0,0.0,0.0,0.0,0.0,0,-107875648.0,53,0.0,106,-107614832.0,2.7006707062415038e+23,ERR,ERR,ERR,ERR,ERR,ERR,ERR,ERR,ERR,ERR,ERR,ERR,ERR,ERR,ERR,ERR,ERR,ERR,ERR,ERR,ERR,ERR,ERR,ERR,ERR,ERR,ERR,ERR,ERR,ERR,ERR,ERR,ERR,ERR,ERR,ERR,ERR,ERR,ERR,ERR,ERR,ERR,ERR,ERR,ERR,ERR,ERR,ERR,ERR,ERR,ERR,ERR,ERR,ERR,ERR,ERR,ERR,ERR,ERR,ERR,ERR,ERR,ERR,ERR,ERR,ERR,ERR,50.0,60.0,100,0.0,0.0,0.0,0.0,0.0,0.0,0.0,0.0,0.0,0.0,0.0,0.0,0.0,0.0,0.0,0.0,61.6,77,11,65509,50,65476,0,300,0,0,8,20529,65476,0,0,26214,60.0,0.0,0.0,0.0,0.0,0.0
2026-05-17T16:57:13,ERR,ERR,ERR,ERR,ERR,ERR,ERR,ERR,ERR,ERR,ERR,ERR,ERR,ERR,ERR,ERR,ERR,ERR,ERR,ERR,ERR,ERR,ERR,ERR,ERR,ERR,ERR,ERR,ERR,ERR,ERR,ERR,ERR,ERR,ERR,ERR,ERR,ERR,ERR,ERR,ERR,ERR,ERR,ERR,ERR,ERR,ERR,ERR,ERR,ERR,ERR,ERR,ERR,ERR,ERR,ERR,ERR,ERR,ERR,ERR,ERR,ERR,ERR,ERR,ERR,ERR,ERR,ERR,ERR,ERR,ERR,ERR,ERR,ERR,ERR,ERR,ERR,ERR,ERR,ERR,ERR,ERR,ERR,ERR,ERR,ERR,ERR,ERR,ERR,ERR,ERR,ERR,ERR,ERR,ERR,ERR,ERR,ERR,ERR,ERR,ERR,ERR,ERR,ERR,ERR,ERR,ERR,ERR,ERR,ERR,ERR,ERR,ERR,ERR,ERR,ERR,ERR,ERR,ERR,ERR,ERR,ERR,ERR,ERR,ERR,0.0,0.0,-134474944.0,0.0,0.0,1.3936040501711995e+18,7.805,0.0,0,0,4,0,8422,0.0,45,0.0,0.0,0.0,0.0,0.0,0,0,0,0,0.0,0,0,0,0,0,0,0,0,0,0,0,0,0,0,0,0,0,0,0,0,0,0,0,0,0,0,0,0,0,0,0,0,0,38,14,7,45,65476,0,300,0,0,8,21553,0.0,-107605600.0,0.0,0.0,0.0,0.0,0.0,0.0,0.0,0.0,0.0,0.0,0.0,0.0,0.0,0.0,0.0,0.0,0.0,0.0,0.0,0.0,0.0,0.0,-2.004,2.004,0.0,0.0,0.0,0.0,5012.0,-564145833377792.0,0.0,0.0,0.0,0.0,-107615304.0,0.0,0.0,0.0,0.0,53,5.848083413016271e+35,-71.629,0.0,0.0,0.0,0.0,0.0,0.0,0.0,0,0,0,0.0,0.0,0.0,0.0,0.0,0.0,0.0,0.0,0.0,0.0,0.0,0.0,0.0,0.0,0.0,0.0,0,-107875648.0,53,0.0,106,-107614832.0,2.7006707062415038e+23,ERR,ERR,ERR,ERR,ERR,ERR,ERR,ERR,ERR,ERR,ERR,ERR,ERR,ERR,ERR,ERR,ERR,ERR,ERR,ERR,ERR,ERR,ERR,ERR,ERR,ERR,ERR,ERR,ERR,ERR,ERR,ERR,ERR,ERR,ERR,ERR,ERR,ERR,ERR,ERR,ERR,ERR,ERR,ERR,ERR,ERR,ERR,ERR,ERR,ERR,ERR,ERR,ERR,ERR,ERR,ERR,ERR,ERR,ERR,ERR,ERR,ERR,ERR,ERR,ERR,ERR,ERR,50.0,60.0,100,0.0,0.0,0.0,0.0,0.0,0.0,0.0,0.0,0.0,0.0,0.0,0.0,0.0,0.0,0.0,0.0,61.6,77,11,65509,50,65476,0,300,0,0,8,20529,65476,0,0,26214,60.0,0.0,0.0,0.0,0.0,0.0
2026-05-17T16:57:14,ERR,ERR,ERR,ERR,ERR,ERR,ERR,ERR,ERR,ERR,ERR,ERR,ERR,ERR,ERR,ERR,ERR,ERR,ERR,ERR,ERR,ERR,ERR,ERR,ERR,ERR,ERR,ERR,ERR,ERR,ERR,ERR,ERR,ERR,ERR,ERR,ERR,ERR,ERR,ERR,ERR,ERR,ERR,ERR,ERR,ERR,ERR,ERR,ERR,ERR,ERR,ERR,ERR,ERR,ERR,ERR,ERR,ERR,ERR,ERR,ERR,ERR,ERR,ERR,ERR,ERR,ERR,ERR,ERR,ERR,ERR,ERR,ERR,ERR,ERR,ERR,ERR,ERR,ERR,ERR,ERR,ERR,ERR,ERR,ERR,ERR,ERR,ERR,ERR,ERR,ERR,ERR,ERR,ERR,ERR,ERR,ERR,ERR,ERR,ERR,ERR,ERR,ERR,ERR,ERR,ERR,ERR,ERR,ERR,ERR,ERR,ERR,ERR,ERR,ERR,ERR,ERR,ERR,ERR,ERR,ERR,ERR,ERR,ERR,ERR,0.0,0.0,-134474944.0,0.0,0.0,1.3936040501711995e+18,7.805,0.0,0,0,4,0,8422,0.0,45,0.0,0.0,0.0,0.0,0.0,0,0,0,0,0.0,0,0,0,0,0,0,0,0,0,0,0,0,0,0,0,0,0,0,0,0,0,0,0,0,0,0,0,0,0,0,0,0,0,38,14,7,45,65476,0,300,0,0,8,21553,0.0,-107605600.0,0.0,0.0,0.0,0.0,0.0,0.0,0.0,0.0,0.0,0.0,0.0,0.0,0.0,0.0,0.0,0.0,0.0,0.0,0.0,0.0,0.0,0.0,-2.004,2.004,0.0,0.0,0.0,0.0,5012.0,-564145833377792.0,0.0,0.0,0.0,0.0,-107615304.0,0.0,0.0,0.0,0.0,53,5.848083413016271e+35,-71.629,0.0,0.0,0.0,0.0,0.0,0.0,0.0,0,0,0,0.0,0.0,0.0,0.0,0.0,0.0,0.0,0.0,0.0,0.0,0.0,0.0,0.0,0.0,0.0,0.0,0,-107875648.0,53,0.0,106,-107614832.0,2.7006707062415038e+23,ERR,ERR,ERR,ERR,ERR,ERR,ERR,ERR,ERR,ERR,ERR,ERR,ERR,ERR,ERR,ERR,ERR,ERR,ERR,ERR,ERR,ERR,ERR,ERR,ERR,ERR,ERR,ERR,ERR,ERR,ERR,ERR,ERR,ERR,ERR,ERR,ERR,ERR,ERR,ERR,ERR,ERR,ERR,ERR,ERR,ERR,ERR,ERR,ERR,ERR,ERR,ERR,ERR,ERR,ERR,ERR,ERR,ERR,ERR,ERR,ERR,ERR,ERR,ERR,ERR,ERR,ERR,50.0,60.0,100,0.0,0.0,0.0,0.0,0.0,0.0,0.0,0.0,0.0,0.0,0.0,0.0,0.0,0.0,0.0,0.0,61.6,77,11,65509,50,65476,0,300,0,0,8,20529,65476,0,0,26214,60.0,0.0,0.0,0.0,0.0,0.0
2026-05-17T16:57:15,ERR,ERR,ERR,ERR,ERR,ERR,ERR,ERR,ERR,ERR,ERR,ERR,ERR,ERR,ERR,ERR,ERR,ERR,ERR,ERR,ERR,ERR,ERR,ERR,ERR,ERR,ERR,ERR,ERR,ERR,ERR,ERR,ERR,ERR,ERR,ERR,ERR,ERR,ERR,ERR,ERR,ERR,ERR,ERR,ERR,ERR,ERR,ERR,ERR,ERR,ERR,ERR,ERR,ERR,ERR,ERR,ERR,ERR,ERR,ERR,ERR,ERR,ERR,ERR,ERR,ERR,ERR,ERR,ERR,ERR,ERR,ERR,ERR,ERR,ERR,ERR,ERR,ERR,ERR,ERR,ERR,ERR,ERR,ERR,ERR,ERR,ERR,ERR,ERR,ERR,ERR,ERR,ERR,ERR,ERR,ERR,ERR,ERR,ERR,ERR,ERR,ERR,ERR,ERR,ERR,ERR,ERR,ERR,ERR,ERR,ERR,ERR,ERR,ERR,ERR,ERR,ERR,ERR,ERR,ERR,ERR,ERR,ERR,ERR,ERR,0.0,0.0,-134474944.0,0.0,0.0,1.3936040501711995e+18,7.805,0.0,0,0,4,0,8422,0.0,45,0.0,0.0,0.0,0.0,0.0,0,0,0,0,0.0,0,0,0,0,0,0,0,0,0,0,0,0,0,0,0,0,0,0,0,0,0,0,0,0,0,0,0,0,0,0,0,0,0,38,14,7,45,65476,0,300,0,0,8,21553,0.0,-107605600.0,0.0,0.0,0.0,0.0,0.0,0.0,0.0,0.0,0.0,0.0,0.0,0.0,0.0,0.0,0.0,0.0,0.0,0.0,0.0,0.0,0.0,0.0,-2.004,2.004,0.0,0.0,0.0,0.0,5012.0,-564145833377792.0,0.0,0.0,0.0,0.0,-107615304.0,0.0,0.0,0.0,0.0,53,5.848083413016271e+35,-71.629,0.0,0.0,0.0,0.0,0.0,0.0,0.0,0,0,0,0.0,0.0,0.0,0.0,0.0,0.0,0.0,0.0,0.0,0.0,0.0,0.0,0.0,0.0,0.0,0.0,0,-107875648.0,53,0.0,106,-107614832.0,2.7006707062415038e+23,ERR,ERR,ERR,ERR,ERR,ERR,ERR,ERR,ERR,ERR,ERR,ERR,ERR,ERR,ERR,ERR,ERR,ERR,ERR,ERR,ERR,ERR,ERR,ERR,ERR,ERR,ERR,ERR,ERR,ERR,ERR,ERR,ERR,ERR,ERR,ERR,ERR,ERR,ERR,ERR,ERR,ERR,ERR,ERR,ERR,ERR,ERR,ERR,ERR,ERR,ERR,ERR,ERR,ERR,ERR,ERR,ERR,ERR,ERR,ERR,ERR,ERR,ERR,ERR,ERR,ERR,ERR,50.0,60.0,100,0.0,0.0,0.0,0.0,0.0,0.0,0.0,0.0,0.0,0.0,0.0,0.0,0.0,0.0,0.0,0.0,61.6,77,11,65509,50,65476,0,300,0,0,8,20529,65476,0,0,26214,60.0,0.0,0.0,0.0,0.0,0.0
2026-05-17T16:57:16,ERR,ERR,ERR,ERR,ERR,ERR,ERR,ERR,ERR,ERR,ERR,ERR,ERR,ERR,ERR,ERR,ERR,ERR,ERR,ERR,ERR,ERR,ERR,ERR,ERR,ERR,ERR,ERR,ERR,ERR,ERR,ERR,ERR,ERR,ERR,ERR,ERR,ERR,ERR,ERR,ERR,ERR,ERR,ERR,ERR,ERR,ERR,ERR,ERR,ERR,ERR,ERR,ERR,ERR,ERR,ERR,ERR,ERR,ERR,ERR,ERR,ERR,ERR,ERR,ERR,ERR,ERR,ERR,ERR,ERR,ERR,ERR,ERR,ERR,ERR,ERR,ERR,ERR,ERR,ERR,ERR,ERR,ERR,ERR,ERR,ERR,ERR,ERR,ERR,ERR,ERR,ERR,ERR,ERR,ERR,ERR,ERR,ERR,ERR,ERR,ERR,ERR,ERR,ERR,ERR,ERR,ERR,ERR,ERR,ERR,ERR,ERR,ERR,ERR,ERR,ERR,ERR,ERR,ERR,ERR,ERR,ERR,ERR,ERR,ERR,0.0,0.0,-134474944.0,0.0,0.0,1.3936040501711995e+18,7.805,0.0,0,0,4,0,8422,0.0,45,0.0,0.0,0.0,0.0,0.0,0,0,0,0,0.0,0,0,0,0,0,0,0,0,0,0,0,0,0,0,0,0,0,0,0,0,0,0,0,0,0,0,0,0,0,0,0,0,0,38,14,7,45,65476,0,300,0,0,8,21553,0.0,-107605600.0,0.0,0.0,0.0,0.0,0.0,0.0,0.0,0.0,0.0,0.0,0.0,0.0,0.0,0.0,0.0,0.0,0.0,0.0,0.0,0.0,0.0,0.0,-2.004,2.004,0.0,0.0,0.0,0.0,5012.0,-564145833377792.0,0.0,0.0,0.0,0.0,-107615304.0,0.0,0.0,0.0,0.0,53,5.848083413016271e+35,-71.629,0.0,0.0,0.0,0.0,0.0,0.0,0.0,0,0,0,0.0,0.0,0.0,0.0,0.0,0.0,0.0,0.0,0.0,0.0,0.0,0.0,0.0,0.0,0.0,0.0,0,-107875648.0,53,0.0,106,-107614832.0,2.7006707062415038e+23,ERR,ERR,ERR,ERR,ERR,ERR,ERR,ERR,ERR,ERR,ERR,ERR,ERR,ERR,ERR,ERR,ERR,ERR,ERR,ERR,ERR,ERR,ERR,ERR,ERR,ERR,ERR,ERR,ERR,ERR,ERR,ERR,ERR,ERR,ERR,ERR,ERR,ERR,ERR,ERR,ERR,ERR,ERR,ERR,ERR,ERR,ERR,ERR,ERR,ERR,ERR,ERR,ERR,ERR,ERR,ERR,ERR,ERR,ERR,ERR,ERR,ERR,ERR,ERR,ERR,ERR,ERR,50.0,60.0,100,0.0,0.0,0.0,0.0,0.0,0.0,0.0,0.0,0.0,0.0,0.0,0.0,0.0,0.0,0.0,0.0,61.6,77,11,65509,50,65476,0,300,0,0,8,20529,65476,0,0,26214,60.0,0.0,0.0,0.0,0.0,0.0
2026-05-17T16:57:17,ERR,ERR,ERR,ERR,ERR,ERR,ERR,ERR,ERR,ERR,ERR,ERR,ERR,ERR,ERR,ERR,ERR,ERR,ERR,ERR,ERR,ERR,ERR,ERR,ERR,ERR,ERR,ERR,ERR,ERR,ERR,ERR,ERR,ERR,ERR,ERR,ERR,ERR,ERR,ERR,ERR,ERR,ERR,ERR,ERR,ERR,ERR,ERR,ERR,ERR,ERR,ERR,ERR,ERR,ERR,ERR,ERR,ERR,ERR,ERR,ERR,ERR,ERR,ERR,ERR,ERR,ERR,ERR,ERR,ERR,ERR,ERR,ERR,ERR,ERR,ERR,ERR,ERR,ERR,ERR,ERR,ERR,ERR,ERR,ERR,ERR,ERR,ERR,ERR,ERR,ERR,ERR,ERR,ERR,ERR,ERR,ERR,ERR,ERR,ERR,ERR,ERR,ERR,ERR,ERR,ERR,ERR,ERR,ERR,ERR,ERR,ERR,ERR,ERR,ERR,ERR,ERR,ERR,ERR,ERR,ERR,ERR,ERR,ERR,ERR,0.0,0.0,-134474944.0,0.0,0.0,1.3936040501711995e+18,7.805,0.0,0,0,4,0,8422,0.0,45,0.0,0.0,0.0,0.0,0.0,0,0,0,0,0.0,0,0,0,0,0,0,0,0,0,0,0,0,0,0,0,0,0,0,0,0,0,0,0,0,0,0,0,0,0,0,0,0,0,38,14,7,45,65476,0,300,0,0,8,21553,0.0,-107605600.0,0.0,0.0,0.0,0.0,0.0,0.0,0.0,0.0,0.0,0.0,0.0,0.0,0.0,0.0,0.0,0.0,0.0,0.0,0.0,0.0,0.0,0.0,-2.004,2.004,0.0,0.0,0.0,0.0,5012.0,-564145833377792.0,0.0,0.0,0.0,0.0,-107615304.0,0.0,0.0,0.0,0.0,53,5.848083413016271e+35,-71.629,0.0,0.0,0.0,0.0,0.0,0.0,0.0,0,0,0,0.0,0.0,0.0,0.0,0.0,0.0,0.0,0.0,0.0,0.0,0.0,0.0,0.0,0.0,0.0,0.0,0,-107875648.0,53,0.0,106,-107614832.0,2.7006707062415038e+23,ERR,ERR,ERR,ERR,ERR,ERR,ERR,ERR,ERR,ERR,ERR,ERR,ERR,ERR,ERR,ERR,ERR,ERR,ERR,ERR,ERR,ERR,ERR,ERR,ERR,ERR,ERR,ERR,ERR,ERR,ERR,ERR,ERR,ERR,ERR,ERR,ERR,ERR,ERR,ERR,ERR,ERR,ERR,ERR,ERR,ERR,ERR,ERR,ERR,ERR,ERR,ERR,ERR,ERR,ERR,ERR,ERR,ERR,ERR,ERR,ERR,ERR,ERR,ERR,ERR,ERR,ERR,50.0,60.0,100,0.0,0.0,0.0,0.0,0.0,0.0,0.0,0.0,0.0,0.0,0.0,0.0,0.0,0.0,0.0,0.0,62.0,77,11,65509,50,65476,0,300,0,0,8,20529,65476,0,0,26214,60.0,0.0,0.0,0.0,0.0,0.0
2026-05-17T16:57:18,ERR,ERR,ERR,ERR,ERR,ERR,ERR,ERR,ERR,ERR,ERR,ERR,ERR,ERR,ERR,ERR,ERR,ERR,ERR,ERR,ERR,ERR,ERR,ERR,ERR,ERR,ERR,ERR,ERR,ERR,ERR,ERR,ERR,ERR,ERR,ERR,ERR,ERR,ERR,ERR,ERR,ERR,ERR,ERR,ERR,ERR,ERR,ERR,ERR,ERR,ERR,ERR,ERR,ERR,ERR,ERR,ERR,ERR,ERR,ERR,ERR,ERR,ERR,ERR,ERR,ERR,ERR,ERR,ERR,ERR,ERR,ERR,ERR,ERR,ERR,ERR,ERR,ERR,ERR,ERR,ERR,ERR,ERR,ERR,ERR,ERR,ERR,ERR,ERR,ERR,ERR,ERR,ERR,ERR,ERR,ERR,ERR,ERR,ERR,ERR,ERR,ERR,ERR,ERR,ERR,ERR,ERR,ERR,ERR,ERR,ERR,ERR,ERR,ERR,ERR,ERR,ERR,ERR,ERR,ERR,ERR,ERR,ERR,ERR,ERR,0.0,0.0,-134474944.0,0.0,0.0,1.3936040501711995e+18,7.805,0.0,0,0,4,0,8422,0.0,45,0.0,0.0,0.0,0.0,0.0,0,0,0,0,0.0,0,0,0,0,0,0,0,0,0,0,0,0,0,0,0,0,0,0,0,0,0,0,0,0,0,0,0,0,0,0,0,0,0,38,14,7,45,65476,0,300,0,0,8,21553,0.0,-107605600.0,0.0,0.0,0.0,0.0,0.0,0.0,0.0,0.0,0.0,0.0,0.0,0.0,0.0,0.0,0.0,0.0,0.0,0.0,0.0,0.0,0.0,0.0,-2.004,2.004,0.0,0.0,0.0,0.0,5013.0,-564145833377792.0,0.0,0.0,0.0,0.0,-107615304.0,0.0,0.0,0.0,0.0,53,5.848083413016271e+35,-71.629,0.0,0.0,0.0,0.0,0.0,0.0,0.0,0,0,0,0.0,0.0,0.0,0.0,0.0,0.0,0.0,0.0,0.0,0.0,0.0,0.0,0.0,0.0,0.0,0.0,0,-107875648.0,53,0.0,106,-107614832.0,2.7006707062415038e+23,ERR,ERR,ERR,ERR,ERR,ERR,ERR,ERR,ERR,ERR,ERR,ERR,ERR,ERR,ERR,ERR,ERR,ERR,ERR,ERR,ERR,ERR,ERR,ERR,ERR,ERR,ERR,ERR,ERR,ERR,ERR,ERR,ERR,ERR,ERR,ERR,ERR,ERR,ERR,ERR,ERR,ERR,ERR,ERR,ERR,ERR,ERR,ERR,ERR,ERR,ERR,ERR,ERR,ERR,ERR,ERR,ERR,ERR,ERR,ERR,ERR,ERR,ERR,ERR,ERR,ERR,ERR,50.0,60.0,100,0.0,0.0,0.0,0.0,0.0,0.0,0.0,0.0,0.0,0.0,0.0,0.0,0.0,0.0,0.0,0.0,61.6,77,11,65509,50,65476,0,300,0,0,8,20529,65476,0,0,26214,60.0,0.0,0.0,0.0,0.0,0.0
2026-05-17T16:57:19,ERR,ERR,ERR,ERR,ERR,ERR,ERR,ERR,ERR,ERR,ERR,ERR,ERR,ERR,ERR,ERR,ERR,ERR,ERR,ERR,ERR,ERR,ERR,ERR,ERR,ERR,ERR,ERR,ERR,ERR,ERR,ERR,ERR,ERR,ERR,ERR,ERR,ERR,ERR,ERR,ERR,ERR,ERR,ERR,ERR,ERR,ERR,ERR,ERR,ERR,ERR,ERR,ERR,ERR,ERR,ERR,ERR,ERR,ERR,ERR,ERR,ERR,ERR,ERR,ERR,ERR,ERR,ERR,ERR,ERR,ERR,ERR,ERR,ERR,ERR,ERR,ERR,ERR,ERR,ERR,ERR,ERR,ERR,ERR,ERR,ERR,ERR,ERR,ERR,ERR,ERR,ERR,ERR,ERR,ERR,ERR,ERR,ERR,ERR,ERR,ERR,ERR,ERR,ERR,ERR,ERR,ERR,ERR,ERR,ERR,ERR,ERR,ERR,ERR,ERR,ERR,ERR,ERR,ERR,ERR,ERR,ERR,ERR,ERR,ERR,0.0,0.0,-134474944.0,0.0,0.0,1.3936040501711995e+18,7.805,0.0,0,0,4,0,8422,0.0,45,0.0,0.0,0.0,0.0,0.0,0,0,0,0,0.0,0,0,0,0,0,0,0,0,0,0,0,0,0,0,0,0,0,0,0,0,0,0,0,0,0,0,0,0,0,0,0,0,0,38,14,7,45,65476,0,300,0,0,8,21553,0.0,-107605600.0,0.0,0.0,0.0,0.0,0.0,0.0,0.0,0.0,0.0,0.0,0.0,0.0,0.0,0.0,0.0,0.0,0.0,0.0,0.0,0.0,0.0,0.0,-2.004,2.004,0.0,0.0,0.0,0.0,5013.0,-564145833377792.0,0.0,0.0,0.0,0.0,-107615304.0,0.0,0.0,0.0,0.0,53,5.848083413016271e+35,-71.629,0.0,0.0,0.0,0.0,0.0,0.0,0.0,0,0,0,0.0,0.0,0.0,0.0,0.0,0.0,0.0,0.0,0.0,0.0,0.0,0.0,0.0,0.0,0.0,0.0,0,-107875648.0,53,0.0,106,-107614832.0,2.7006707062415038e+23,ERR,ERR,ERR,ERR,ERR,ERR,ERR,ERR,ERR,ERR,ERR,ERR,ERR,ERR,ERR,ERR,ERR,ERR,ERR,ERR,ERR,ERR,ERR,ERR,ERR,ERR,ERR,ERR,ERR,ERR,ERR,ERR,ERR,ERR,ERR,ERR,ERR,ERR,ERR,ERR,ERR,ERR,ERR,ERR,ERR,ERR,ERR,ERR,ERR,ERR,ERR,ERR,ERR,ERR,ERR,ERR,ERR,ERR,ERR,ERR,ERR,ERR,ERR,ERR,ERR,ERR,ERR,50.0,60.0,100,0.0,0.0,0.0,0.0,0.0,0.0,0.0,0.0,0.0,0.0,0.0,0.0,0.0,0.0,0.0,0.0,61.6,77,11,65509,50,65476,0,300,0,0,8,20529,65476,0,0,26214,60.0,0.0,0.0,0.0,0.0,0.0
2026-05-17T16:57:20,ERR,ERR,ERR,ERR,ERR,ERR,ERR,ERR,ERR,ERR,ERR,ERR,ERR,ERR,ERR,ERR,ERR,ERR,ERR,ERR,ERR,ERR,ERR,ERR,ERR,ERR,ERR,ERR,ERR,ERR,ERR,ERR,ERR,ERR,ERR,ERR,ERR,ERR,ERR,ERR,ERR,ERR,ERR,ERR,ERR,ERR,ERR,ERR,ERR,ERR,ERR,ERR,ERR,ERR,ERR,ERR,ERR,ERR,ERR,ERR,ERR,ERR,ERR,ERR,ERR,ERR,ERR,ERR,ERR,ERR,ERR,ERR,ERR,ERR,ERR,ERR,ERR,ERR,ERR,ERR,ERR,ERR,ERR,ERR,ERR,ERR,ERR,ERR,ERR,ERR,ERR,ERR,ERR,ERR,ERR,ERR,ERR,ERR,ERR,ERR,ERR,ERR,ERR,ERR,ERR,ERR,ERR,ERR,ERR,ERR,ERR,ERR,ERR,ERR,ERR,ERR,ERR,ERR,ERR,ERR,ERR,ERR,ERR,ERR,ERR,0.0,0.0,-134474944.0,0.0,0.0,1.3936040501711995e+18,7.805,0.0,0,0,4,0,8422,0.0,45,0.0,0.0,0.0,0.0,0.0,0,0,0,0,0.0,0,0,0,0,0,0,0,0,0,0,0,0,0,0,0,0,0,0,0,0,0,0,0,0,0,0,0,0,0,0,0,0,0,38,14,7,45,65476,0,300,0,0,8,21553,0.0,-107605600.0,0.0,0.0,0.0,0.0,0.0,0.0,0.0,0.0,0.0,0.0,0.0,0.0,0.0,0.0,0.0,0.0,0.0,0.0,0.0,0.0,0.0,0.0,-2.004,2.004,0.0,0.0,0.0,0.0,5013.0,-564145833377792.0,0.0,0.0,0.0,0.0,-107615304.0,0.0,0.0,0.0,0.0,53,5.848083413016271e+35,-71.629,0.0,0.0,0.0,0.0,0.0,0.0,0.0,0,0,0,0.0,0.0,0.0,0.0,0.0,0.0,0.0,0.0,0.0,0.0,0.0,0.0,0.0,0.0,0.0,0.0,0,-107875648.0,53,0.0,106,-107614832.0,2.7006707062415038e+23,ERR,ERR,ERR,ERR,ERR,ERR,ERR,ERR,ERR,ERR,ERR,ERR,ERR,ERR,ERR,ERR,ERR,ERR,ERR,ERR,ERR,ERR,ERR,ERR,ERR,ERR,ERR,ERR,ERR,ERR,ERR,ERR,ERR,ERR,ERR,ERR,ERR,ERR,ERR,ERR,ERR,ERR,ERR,ERR,ERR,ERR,ERR,ERR,ERR,ERR,ERR,ERR,ERR,ERR,ERR,ERR,ERR,ERR,ERR,ERR,ERR,ERR,ERR,ERR,ERR,ERR,ERR,50.0,60.0,100,0.0,0.0,0.0,0.0,0.0,0.0,0.0,0.0,0.0,0.0,0.0,0.0,0.0,0.0,0.0,0.0,62.0,77,11,65509,50,65476,0,300,0,0,8,20529,65476,0,0,26214,60.0,0.0,0.0,0.0,0.0,0.0
2026-05-17T16:57:21,ERR,ERR,ERR,ERR,ERR,ERR,ERR,ERR,ERR,ERR,ERR,ERR,ERR,ERR,ERR,ERR,ERR,ERR,ERR,ERR,ERR,ERR,ERR,ERR,ERR,ERR,ERR,ERR,ERR,ERR,ERR,ERR,ERR,ERR,ERR,ERR,ERR,ERR,ERR,ERR,ERR,ERR,ERR,ERR,ERR,ERR,ERR,ERR,ERR,ERR,ERR,ERR,ERR,ERR,ERR,ERR,ERR,ERR,ERR,ERR,ERR,ERR,ERR,ERR,ERR,ERR,ERR,ERR,ERR,ERR,ERR,ERR,ERR,ERR,ERR,ERR,ERR,ERR,ERR,ERR,ERR,ERR,ERR,ERR,ERR,ERR,ERR,ERR,ERR,ERR,ERR,ERR,ERR,ERR,ERR,ERR,ERR,ERR,ERR,ERR,ERR,ERR,ERR,ERR,ERR,ERR,ERR,ERR,ERR,ERR,ERR,ERR,ERR,ERR,ERR,ERR,ERR,ERR,ERR,ERR,ERR,ERR,ERR,ERR,ERR,0.0,0.0,-134474944.0,0.0,0.0,1.3936040501711995e+18,7.805,0.0,0,0,4,0,8422,0.0,45,0.0,0.0,0.0,0.0,0.0,0,0,0,0,0.0,0,0,0,0,0,0,0,0,0,0,0,0,0,0,0,0,0,0,0,0,0,0,0,0,0,0,0,0,0,0,0,0,0,38,14,7,45,65476,0,300,0,0,8,21553,0.0,-107605600.0,0.0,0.0,0.0,0.0,0.0,0.0,0.0,0.0,0.0,0.0,0.0,0.0,0.0,0.0,0.0,0.0,0.0,0.0,0.0,0.0,0.0,0.0,-2.004,2.004,0.0,0.0,0.0,0.0,5013.0,-564145833377792.0,0.0,0.0,0.0,0.0,-107615304.0,0.0,0.0,0.0,0.0,53,5.848083413016271e+35,-71.629,0.0,0.0,0.0,0.0,0.0,0.0,0.0,0,0,0,0.0,0.0,0.0,0.0,0.0,0.0,0.0,0.0,0.0,0.0,0.0,0.0,0.0,0.0,0.0,0.0,0,-107875648.0,53,0.0,106,-107614832.0,2.7006707062415038e+23,ERR,ERR,ERR,ERR,ERR,ERR,ERR,ERR,ERR,ERR,ERR,ERR,ERR,ERR,ERR,ERR,ERR,ERR,ERR,ERR,ERR,ERR,ERR,ERR,ERR,ERR,ERR,ERR,ERR,ERR,ERR,ERR,ERR,ERR,ERR,ERR,ERR,ERR,ERR,ERR,ERR,ERR,ERR,ERR,ERR,ERR,ERR,ERR,ERR,ERR,ERR,ERR,ERR,ERR,ERR,ERR,ERR,ERR,ERR,ERR,ERR,ERR,ERR,ERR,ERR,ERR,ERR,50.0,60.0,100,0.0,0.0,0.0,0.0,0.0,0.0,0.0,0.0,0.0,0.0,0.0,0.0,0.0,0.0,0.0,0.0,62.0,77,11,65509,50,65476,0,300,0,0,8,20529,65476,0,0,26214,60.0,0.0,0.0,0.0,0.0,0.0
2026-05-17T16:57:22,ERR,ERR,ERR,ERR,ERR,ERR,ERR,ERR,ERR,ERR,ERR,ERR,ERR,ERR,ERR,ERR,ERR,ERR,ERR,ERR,ERR,ERR,ERR,ERR,ERR,ERR,ERR,ERR,ERR,ERR,ERR,ERR,ERR,ERR,ERR,ERR,ERR,ERR,ERR,ERR,ERR,ERR,ERR,ERR,ERR,ERR,ERR,ERR,ERR,ERR,ERR,ERR,ERR,ERR,ERR,ERR,ERR,ERR,ERR,ERR,ERR,ERR,ERR,ERR,ERR,ERR,ERR,ERR,ERR,ERR,ERR,ERR,ERR,ERR,ERR,ERR,ERR,ERR,ERR,ERR,ERR,ERR,ERR,ERR,ERR,ERR,ERR,ERR,ERR,ERR,ERR,ERR,ERR,ERR,ERR,ERR,ERR,ERR,ERR,ERR,ERR,ERR,ERR,ERR,ERR,ERR,ERR,ERR,ERR,ERR,ERR,ERR,ERR,ERR,ERR,ERR,ERR,ERR,ERR,ERR,ERR,ERR,ERR,ERR,ERR,0.0,0.0,-134474944.0,0.0,0.0,1.3936040501711995e+18,7.805,0.0,0,0,4,0,8422,0.0,45,0.0,0.0,0.0,0.0,0.0,0,0,0,0,0.0,0,0,0,0,0,0,0,0,0,0,0,0,0,0,0,0,0,0,0,0,0,0,0,0,0,0,0,0,0,0,0,0,0,38,14,7,45,65476,0,300,0,0,8,21553,0.0,-107605600.0,0.0,0.0,0.0,0.0,0.0,0.0,0.0,0.0,0.0,0.0,0.0,0.0,0.0,0.0,0.0,0.0,0.0,0.0,0.0,0.0,0.0,0.0,-2.004,2.004,0.0,0.0,0.0,0.0,5013.0,-564145833377792.0,0.0,0.0,0.0,0.0,-107615304.0,0.0,0.0,0.0,0.0,53,5.848083413016271e+35,-71.629,0.0,0.0,0.0,0.0,0.0,0.0,0.0,0,0,0,0.0,0.0,0.0,0.0,0.0,0.0,0.0,0.0,0.0,0.0,0.0,0.0,0.0,0.0,0.0,0.0,0,-107875648.0,53,0.0,106,-107614832.0,2.7006707062415038e+23,ERR,ERR,ERR,ERR,ERR,ERR,ERR,ERR,ERR,ERR,ERR,ERR,ERR,ERR,ERR,ERR,ERR,ERR,ERR,ERR,ERR,ERR,ERR,ERR,ERR,ERR,ERR,ERR,ERR,ERR,ERR,ERR,ERR,ERR,ERR,ERR,ERR,ERR,ERR,ERR,ERR,ERR,ERR,ERR,ERR,ERR,ERR,ERR,ERR,ERR,ERR,ERR,ERR,ERR,ERR,ERR,ERR,ERR,ERR,ERR,ERR,ERR,ERR,ERR,ERR,ERR,ERR,50.0,60.0,100,0.0,0.0,0.0,0.0,0.0,0.0,0.0,0.0,0.0,0.0,0.0,0.0,0.0,0.0,0.0,0.0,61.6,77,11,65509,50,65476,0,300,0,0,8,20529,65476,0,0,26214,60.0,0.0,0.0,0.0,0.0,0.0
2026-05-17T16:57:23,ERR,ERR,ERR,ERR,ERR,ERR,ERR,ERR,ERR,ERR,ERR,ERR,ERR,ERR,ERR,ERR,ERR,ERR,ERR,ERR,ERR,ERR,ERR,ERR,ERR,ERR,ERR,ERR,ERR,ERR,ERR,ERR,ERR,ERR,ERR,ERR,ERR,ERR,ERR,ERR,ERR,ERR,ERR,ERR,ERR,ERR,ERR,ERR,ERR,ERR,ERR,ERR,ERR,ERR,ERR,ERR,ERR,ERR,ERR,ERR,ERR,ERR,ERR,ERR,ERR,ERR,ERR,ERR,ERR,ERR,ERR,ERR,ERR,ERR,ERR,ERR,ERR,ERR,ERR,ERR,ERR,ERR,ERR,ERR,ERR,ERR,ERR,ERR,ERR,ERR,ERR,ERR,ERR,ERR,ERR,ERR,ERR,ERR,ERR,ERR,ERR,ERR,ERR,ERR,ERR,ERR,ERR,ERR,ERR,ERR,ERR,ERR,ERR,ERR,ERR,ERR,ERR,ERR,ERR,ERR,ERR,ERR,ERR,ERR,ERR,0.0,0.0,-134474944.0,0.0,0.0,1.3936040501711995e+18,7.805,0.0,0,0,4,0,8422,0.0,45,0.0,0.0,0.0,0.0,0.0,0,0,0,0,0.0,0,0,0,0,0,0,0,0,0,0,0,0,0,0,0,0,0,0,0,0,0,0,0,0,0,0,0,0,0,0,0,0,0,38,14,7,45,65476,0,300,0,0,8,21553,0.0,-107605600.0,0.0,0.0,0.0,0.0,0.0,0.0,0.0,0.0,0.0,0.0,0.0,0.0,0.0,0.0,0.0,0.0,0.0,0.0,0.0,0.0,0.0,0.0,-2.004,2.004,0.0,0.0,0.0,0.0,5010.0,-1.5879293531142762e+29,0.0,0.0,0.0,0.0,-107615304.0,0.0,0.0,0.0,0.0,53,4.950428597886765e+32,-2.3088280513417105e+20,0.0,0.0,0.0,0.0,0.0,0.0,0.0,0,0,0,0.0,0.0,0.0,0.0,0.0,0.0,0.0,0.0,0.0,0.0,0.0,0.0,0.0,0.0,0.0,0.0,0,-107875648.0,53,0.0,106,-107614832.0,2.7006707062415038e+23,ERR,ERR,ERR,ERR,ERR,ERR,ERR,ERR,ERR,ERR,ERR,ERR,ERR,ERR,ERR,ERR,ERR,ERR,ERR,ERR,ERR,ERR,ERR,ERR,ERR,ERR,ERR,ERR,ERR,ERR,ERR,ERR,ERR,ERR,ERR,ERR,ERR,ERR,ERR,ERR,ERR,ERR,ERR,ERR,ERR,ERR,ERR,ERR,ERR,ERR,ERR,ERR,ERR,ERR,ERR,ERR,ERR,ERR,ERR,ERR,ERR,ERR,ERR,ERR,ERR,ERR,ERR,50.0,60.0,100,0.0,0.0,0.0,0.0,0.0,0.0,0.0,0.0,0.0,0.0,0.0,0.0,0.0,0.0,0.0,0.0,61.6,77,11,65509,50,65476,0,300,0,0,8,20529,65476,0,0,26214,60.0,0.0,0.0,0.0,0.0,0.0
2026-05-17T16:57:24,ERR,ERR,ERR,ERR,ERR,ERR,ERR,ERR,ERR,ERR,ERR,ERR,ERR,ERR,ERR,ERR,ERR,ERR,ERR,ERR,ERR,ERR,ERR,ERR,ERR,ERR,ERR,ERR,ERR,ERR,ERR,ERR,ERR,ERR,ERR,ERR,ERR,ERR,ERR,ERR,ERR,ERR,ERR,ERR,ERR,ERR,ERR,ERR,ERR,ERR,ERR,ERR,ERR,ERR,ERR,ERR,ERR,ERR,ERR,ERR,ERR,ERR,ERR,ERR,ERR,ERR,ERR,ERR,ERR,ERR,ERR,ERR,ERR,ERR,ERR,ERR,ERR,ERR,ERR,ERR,ERR,ERR,ERR,ERR,ERR,ERR,ERR,ERR,ERR,ERR,ERR,ERR,ERR,ERR,ERR,ERR,ERR,ERR,ERR,ERR,ERR,ERR,ERR,ERR,ERR,ERR,ERR,ERR,ERR,ERR,ERR,ERR,ERR,ERR,ERR,ERR,ERR,ERR,ERR,ERR,ERR,ERR,ERR,ERR,ERR,0.0,0.0,-134474944.0,0.0,0.0,1.3936040501711995e+18,7.805,0.0,0,0,4,0,8422,0.0,45,0.0,0.0,0.0,0.0,0.0,0,0,0,0,0.0,0,0,0,0,0,0,0,0,0,0,0,0,0,0,0,0,0,0,0,0,0,0,0,0,0,0,0,0,0,0,0,0,0,38,14,7,45,65476,0,300,0,0,8,21553,0.0,-107605600.0,0.0,0.0,0.0,0.0,0.0,0.0,0.0,0.0,0.0,0.0,0.0,0.0,0.0,0.0,0.0,0.0,0.0,0.0,0.0,0.0,0.0,0.0,-2.004,2.004,0.0,0.0,0.0,0.0,5010.0,-1.5879293531142762e+29,0.0,0.0,0.0,0.0,-107615304.0,0.0,0.0,0.0,0.0,53,4.950428597886765e+32,-2.3088280513417105e+20,0.0,0.0,0.0,0.0,0.0,0.0,0.0,0,0,0,0.0,0.0,0.0,0.0,0.0,0.0,0.0,0.0,0.0,0.0,0.0,0.0,0.0,0.0,0.0,0.0,0,-107875648.0,53,0.0,106,-107614832.0,2.7006707062415038e+23,ERR,ERR,ERR,ERR,ERR,ERR,ERR,ERR,ERR,ERR,ERR,ERR,ERR,ERR,ERR,ERR,ERR,ERR,ERR,ERR,ERR,ERR,ERR,ERR,ERR,ERR,ERR,ERR,ERR,ERR,ERR,ERR,ERR,ERR,ERR,ERR,ERR,ERR,ERR,ERR,ERR,ERR,ERR,ERR,ERR,ERR,ERR,ERR,ERR,ERR,ERR,ERR,ERR,ERR,ERR,ERR,ERR,ERR,ERR,ERR,ERR,ERR,ERR,ERR,ERR,ERR,ERR,50.0,60.0,100,0.0,0.0,0.0,0.0,0.0,0.0,0.0,0.0,0.0,0.0,0.0,0.0,0.0,0.0,0.0,0.0,61.6,77,11,65509,50,65476,0,300,0,0,8,20529,65476,0,0,26214,60.0,0.0,0.0,0.0,0.0,0.0
2026-05-17T16:57:25,ERR,ERR,ERR,ERR,ERR,ERR,ERR,ERR,ERR,ERR,ERR,ERR,ERR,ERR,ERR,ERR,ERR,ERR,ERR,ERR,ERR,ERR,ERR,ERR,ERR,ERR,ERR,ERR,ERR,ERR,ERR,ERR,ERR,ERR,ERR,ERR,ERR,ERR,ERR,ERR,ERR,ERR,ERR,ERR,ERR,ERR,ERR,ERR,ERR,ERR,ERR,ERR,ERR,ERR,ERR,ERR,ERR,ERR,ERR,ERR,ERR,ERR,ERR,ERR,ERR,ERR,ERR,ERR,ERR,ERR,ERR,ERR,ERR,ERR,ERR,ERR,ERR,ERR,ERR,ERR,ERR,ERR,ERR,ERR,ERR,ERR,ERR,ERR,ERR,ERR,ERR,ERR,ERR,ERR,ERR,ERR,ERR,ERR,ERR,ERR,ERR,ERR,ERR,ERR,ERR,ERR,ERR,ERR,ERR,ERR,ERR,ERR,ERR,ERR,ERR,ERR,ERR,ERR,ERR,ERR,ERR,ERR,ERR,ERR,ERR,0.0,0.0,-134474944.0,0.0,0.0,1.3936040501711995e+18,7.805,0.0,0,0,4,0,8422,0.0,45,0.0,0.0,0.0,0.0,0.0,0,0,0,0,0.0,0,0,0,0,0,0,0,0,0,0,0,0,0,0,0,0,0,0,0,0,0,0,0,0,0,0,0,0,0,0,0,0,0,38,14,7,45,65476,0,300,0,0,8,21553,0.0,-107605600.0,0.0,0.0,0.0,0.0,0.0,0.0,0.0,0.0,0.0,0.0,0.0,0.0,0.0,0.0,0.0,0.0,0.0,0.0,0.0,0.0,0.0,0.0,-2.004,2.004,0.0,0.0,0.0,0.0,5010.0,-1.5879293531142762e+29,0.0,0.0,0.0,0.0,-107615304.0,0.0,0.0,0.0,0.0,53,4.950428597886765e+32,-2.3088280513417105e+20,0.0,0.0,0.0,0.0,0.0,0.0,0.0,0,0,0,0.0,0.0,0.0,0.0,0.0,0.0,0.0,0.0,0.0,0.0,0.0,0.0,0.0,0.0,0.0,0.0,0,-107875648.0,53,0.0,106,-107614832.0,2.7006707062415038e+23,ERR,ERR,ERR,ERR,ERR,ERR,ERR,ERR,ERR,ERR,ERR,ERR,ERR,ERR,ERR,ERR,ERR,ERR,ERR,ERR,ERR,ERR,ERR,ERR,ERR,ERR,ERR,ERR,ERR,ERR,ERR,ERR,ERR,ERR,ERR,ERR,ERR,ERR,ERR,ERR,ERR,ERR,ERR,ERR,ERR,ERR,ERR,ERR,ERR,ERR,ERR,ERR,ERR,ERR,ERR,ERR,ERR,ERR,ERR,ERR,ERR,ERR,ERR,ERR,ERR,ERR,ERR,50.0,60.0,100,0.0,0.0,0.0,0.0,0.0,0.0,0.0,0.0,0.0,0.0,0.0,0.0,0.0,0.0,0.0,0.0,61.6,77,11,65509,50,65476,0,300,0,0,8,20529,65476,0,0,26214,60.0,0.0,0.0,0.0,0.0,0.0
2026-05-17T16:57:26,ERR,ERR,ERR,ERR,ERR,ERR,ERR,ERR,ERR,ERR,ERR,ERR,ERR,ERR,ERR,ERR,ERR,ERR,ERR,ERR,ERR,ERR,ERR,ERR,ERR,ERR,ERR,ERR,ERR,ERR,ERR,ERR,ERR,ERR,ERR,ERR,ERR,ERR,ERR,ERR,ERR,ERR,ERR,ERR,ERR,ERR,ERR,ERR,ERR,ERR,ERR,ERR,ERR,ERR,ERR,ERR,ERR,ERR,ERR,ERR,ERR,ERR,ERR,ERR,ERR,ERR,ERR,ERR,ERR,ERR,ERR,ERR,ERR,ERR,ERR,ERR,ERR,ERR,ERR,ERR,ERR,ERR,ERR,ERR,ERR,ERR,ERR,ERR,ERR,ERR,ERR,ERR,ERR,ERR,ERR,ERR,ERR,ERR,ERR,ERR,ERR,ERR,ERR,ERR,ERR,ERR,ERR,ERR,ERR,ERR,ERR,ERR,ERR,ERR,ERR,ERR,ERR,ERR,ERR,ERR,ERR,ERR,ERR,ERR,ERR,0.0,0.0,-134474944.0,0.0,0.0,1.3936040501711995e+18,7.805,0.0,0,0,4,0,8422,0.0,45,0.0,0.0,0.0,0.0,0.0,0,0,0,0,0.0,0,0,0,0,0,0,0,0,0,0,0,0,0,0,0,0,0,0,0,0,0,0,0,0,0,0,0,0,0,0,0,0,0,38,14,7,45,65476,0,300,0,0,8,21553,0.0,-107605600.0,0.0,0.0,0.0,0.0,0.0,0.0,0.0,0.0,0.0,0.0,0.0,0.0,0.0,0.0,0.0,0.0,0.0,0.0,0.0,0.0,0.0,0.0,-2.004,2.004,0.0,0.0,0.0,0.0,5010.0,-1.5879293531142762e+29,0.0,0.0,0.0,0.0,-107615304.0,0.0,0.0,0.0,0.0,53,4.950428597886765e+32,-2.3088280513417105e+20,0.0,0.0,0.0,0.0,0.0,0.0,0.0,0,0,0,0.0,0.0,0.0,0.0,0.0,0.0,0.0,0.0,0.0,0.0,0.0,0.0,0.0,0.0,0.0,0.0,0,-107875648.0,53,0.0,106,-107614832.0,2.7006707062415038e+23,ERR,ERR,ERR,ERR,ERR,ERR,ERR,ERR,ERR,ERR,ERR,ERR,ERR,ERR,ERR,ERR,ERR,ERR,ERR,ERR,ERR,ERR,ERR,ERR,ERR,ERR,ERR,ERR,ERR,ERR,ERR,ERR,ERR,ERR,ERR,ERR,ERR,ERR,ERR,ERR,ERR,ERR,ERR,ERR,ERR,ERR,ERR,ERR,ERR,ERR,ERR,ERR,ERR,ERR,ERR,ERR,ERR,ERR,ERR,ERR,ERR,ERR,ERR,ERR,ERR,ERR,ERR,50.0,60.0,100,0.0,0.0,0.0,0.0,0.0,0.0,0.0,0.0,0.0,0.0,0.0,0.0,0.0,0.0,0.0,0.0,61.6,77,11,65509,50,65476,0,300,0,0,8,20529,65476,0,0,26214,60.0,0.0,0.0,0.0,0.0,0.0
2026-05-17T16:57:27,ERR,ERR,ERR,ERR,ERR,ERR,ERR,ERR,ERR,ERR,ERR,ERR,ERR,ERR,ERR,ERR,ERR,ERR,ERR,ERR,ERR,ERR,ERR,ERR,ERR,ERR,ERR,ERR,ERR,ERR,ERR,ERR,ERR,ERR,ERR,ERR,ERR,ERR,ERR,ERR,ERR,ERR,ERR,ERR,ERR,ERR,ERR,ERR,ERR,ERR,ERR,ERR,ERR,ERR,ERR,ERR,ERR,ERR,ERR,ERR,ERR,ERR,ERR,ERR,ERR,ERR,ERR,ERR,ERR,ERR,ERR,ERR,ERR,ERR,ERR,ERR,ERR,ERR,ERR,ERR,ERR,ERR,ERR,ERR,ERR,ERR,ERR,ERR,ERR,ERR,ERR,ERR,ERR,ERR,ERR,ERR,ERR,ERR,ERR,ERR,ERR,ERR,ERR,ERR,ERR,ERR,ERR,ERR,ERR,ERR,ERR,ERR,ERR,ERR,ERR,ERR,ERR,ERR,ERR,ERR,ERR,ERR,ERR,ERR,ERR,0.0,0.0,-134474944.0,0.0,0.0,1.3936040501711995e+18,7.805,0.0,0,0,4,0,8422,0.0,45,0.0,0.0,0.0,0.0,0.0,0,0,0,0,0.0,0,0,0,0,0,0,0,0,0,0,0,0,0,0,0,0,0,0,0,0,0,0,0,0,0,0,0,0,0,0,0,0,0,38,14,7,45,65476,0,300,0,0,8,21553,0.0,-107605600.0,0.0,0.0,0.0,0.0,0.0,0.0,0.0,0.0,0.0,0.0,0.0,0.0,0.0,0.0,0.0,0.0,0.0,0.0,0.0,0.0,0.0,0.0,-2.004,2.004,0.0,0.0,0.0,0.0,5010.0,-1.5879293531142762e+29,0.0,0.0,0.0,0.0,-107615304.0,0.0,0.0,0.0,0.0,53,4.950428597886765e+32,-2.3088280513417105e+20,0.0,0.0,0.0,0.0,0.0,0.0,0.0,0,0,0,0.0,0.0,0.0,0.0,0.0,0.0,0.0,0.0,0.0,0.0,0.0,0.0,0.0,0.0,0.0,0.0,0,-107875648.0,53,0.0,106,-107614832.0,2.7006707062415038e+23,ERR,ERR,ERR,ERR,ERR,ERR,ERR,ERR,ERR,ERR,ERR,ERR,ERR,ERR,ERR,ERR,ERR,ERR,ERR,ERR,ERR,ERR,ERR,ERR,ERR,ERR,ERR,ERR,ERR,ERR,ERR,ERR,ERR,ERR,ERR,ERR,ERR,ERR,ERR,ERR,ERR,ERR,ERR,ERR,ERR,ERR,ERR,ERR,ERR,ERR,ERR,ERR,ERR,ERR,ERR,ERR,ERR,ERR,ERR,ERR,ERR,ERR,ERR,ERR,ERR,ERR,ERR,50.0,60.0,100,0.0,0.0,0.0,0.0,0.0,0.0,0.0,0.0,0.0,0.0,0.0,0.0,0.0,0.0,0.0,0.0,61.6,77,11,65509,50,65476,0,300,0,0,8,20529,65476,0,0,26214,60.0,0.0,0.0,0.0,0.0,0.0
2026-05-17T16:57:28,ERR,ERR,ERR,ERR,ERR,ERR,ERR,ERR,ERR,ERR,ERR,ERR,ERR,ERR,ERR,ERR,ERR,ERR,ERR,ERR,ERR,ERR,ERR,ERR,ERR,ERR,ERR,ERR,ERR,ERR,ERR,ERR,ERR,ERR,ERR,ERR,ERR,ERR,ERR,ERR,ERR,ERR,ERR,ERR,ERR,ERR,ERR,ERR,ERR,ERR,ERR,ERR,ERR,ERR,ERR,ERR,ERR,ERR,ERR,ERR,ERR,ERR,ERR,ERR,ERR,ERR,ERR,ERR,ERR,ERR,ERR,ERR,ERR,ERR,ERR,ERR,ERR,ERR,ERR,ERR,ERR,ERR,ERR,ERR,ERR,ERR,ERR,ERR,ERR,ERR,ERR,ERR,ERR,ERR,ERR,ERR,ERR,ERR,ERR,ERR,ERR,ERR,ERR,ERR,ERR,ERR,ERR,ERR,ERR,ERR,ERR,ERR,ERR,ERR,ERR,ERR,ERR,ERR,ERR,ERR,ERR,ERR,ERR,ERR,ERR,0.0,0.0,-134474944.0,0.0,0.0,1.3936040501711995e+18,7.805,0.0,0,0,4,0,8422,0.0,45,0.0,0.0,0.0,0.0,0.0,0,0,0,0,0.0,0,0,0,0,0,0,0,0,0,0,0,0,0,0,0,0,0,0,0,0,0,0,0,0,0,0,0,0,0,0,0,0,0,38,14,7,45,65476,0,300,0,0,8,21553,0.0,-107605600.0,0.0,0.0,0.0,0.0,0.0,0.0,0.0,0.0,0.0,0.0,0.0,0.0,0.0,0.0,0.0,0.0,0.0,0.0,0.0,0.0,0.0,0.0,-2.004,2.004,0.0,0.0,0.0,0.0,5045.0,2.004,0.0,0.0,0.0,0.0,-107615304.0,0.0,0.0,0.0,0.0,53,-0.0,89220.57,0.0,0.0,0.0,0.0,0.0,0.0,0.0,0,0,0,0.0,0.0,0.0,0.0,0.0,0.0,0.0,0.0,0.0,0.0,0.0,0.0,0.0,0.0,0.0,0.0,0,-107875648.0,53,0.0,106,-107614832.0,2.7006707062415038e+23,ERR,ERR,ERR,ERR,ERR,ERR,ERR,ERR,ERR,ERR,ERR,ERR,ERR,ERR,ERR,ERR,ERR,ERR,ERR,ERR,ERR,ERR,ERR,ERR,ERR,ERR,ERR,ERR,ERR,ERR,ERR,ERR,ERR,ERR,ERR,ERR,ERR,ERR,ERR,ERR,ERR,ERR,ERR,ERR,ERR,ERR,ERR,ERR,ERR,ERR,ERR,ERR,ERR,ERR,ERR,ERR,ERR,ERR,ERR,ERR,ERR,ERR,ERR,ERR,ERR,ERR,ERR,50.0,60.0,100,0.0,0.0,0.0,0.0,0.0,0.0,0.0,0.0,0.0,0.0,0.0,0.0,0.0,0.0,0.0,0.0,61.6,77,11,65509,50,65476,0,300,0,0,8,20529,65476,0,0,26214,60.0,0.0,0.0,0.0,0.0,0.0
2026-05-17T16:57:29,ERR,ERR,ERR,ERR,ERR,ERR,ERR,ERR,ERR,ERR,ERR,ERR,ERR,ERR,ERR,ERR,ERR,ERR,ERR,ERR,ERR,ERR,ERR,ERR,ERR,ERR,ERR,ERR,ERR,ERR,ERR,ERR,ERR,ERR,ERR,ERR,ERR,ERR,ERR,ERR,ERR,ERR,ERR,ERR,ERR,ERR,ERR,ERR,ERR,ERR,ERR,ERR,ERR,ERR,ERR,ERR,ERR,ERR,ERR,ERR,ERR,ERR,ERR,ERR,ERR,ERR,ERR,ERR,ERR,ERR,ERR,ERR,ERR,ERR,ERR,ERR,ERR,ERR,ERR,ERR,ERR,ERR,ERR,ERR,ERR,ERR,ERR,ERR,ERR,ERR,ERR,ERR,ERR,ERR,ERR,ERR,ERR,ERR,ERR,ERR,ERR,ERR,ERR,ERR,ERR,ERR,ERR,ERR,ERR,ERR,ERR,ERR,ERR,ERR,ERR,ERR,ERR,ERR,ERR,ERR,ERR,ERR,ERR,ERR,ERR,0.0,0.0,-134474944.0,0.0,0.0,1.3936040501711995e+18,7.805,0.0,0,0,4,0,8422,0.0,45,0.0,0.0,0.0,0.0,0.0,0,0,0,0,0.0,0,0,0,0,0,0,0,0,0,0,0,0,0,0,0,0,0,0,0,0,0,0,0,0,0,0,0,0,0,0,0,0,0,38,14,7,45,65476,0,300,0,0,8,21553,0.0,-107605600.0,0.0,0.0,0.0,0.0,0.0,0.0,0.0,0.0,0.0,0.0,0.0,0.0,0.0,0.0,0.0,0.0,0.0,0.0,0.0,0.0,0.0,0.0,-2.004,2.004,0.0,0.0,0.0,0.0,5045.0,2.004,0.0,0.0,0.0,0.0,-107615304.0,0.0,0.0,0.0,0.0,53,-0.0,89220.57,0.0,0.0,0.0,0.0,0.0,0.0,0.0,0,0,0,0.0,0.0,0.0,0.0,0.0,0.0,0.0,0.0,0.0,0.0,0.0,0.0,0.0,0.0,0.0,0.0,0,-107875648.0,53,0.0,106,-107614832.0,2.7006707062415038e+23,ERR,ERR,ERR,ERR,ERR,ERR,ERR,ERR,ERR,ERR,ERR,ERR,ERR,ERR,ERR,ERR,ERR,ERR,ERR,ERR,ERR,ERR,ERR,ERR,ERR,ERR,ERR,ERR,ERR,ERR,ERR,ERR,ERR,ERR,ERR,ERR,ERR,ERR,ERR,ERR,ERR,ERR,ERR,ERR,ERR,ERR,ERR,ERR,ERR,ERR,ERR,ERR,ERR,ERR,ERR,ERR,ERR,ERR,ERR,ERR,ERR,ERR,ERR,ERR,ERR,ERR,ERR,50.0,60.0,100,0.0,0.0,0.0,0.0,0.0,0.0,0.0,0.0,0.0,0.0,0.0,0.0,0.0,0.0,0.0,0.0,61.6,77,11,65509,50,65476,0,300,0,0,8,20529,65476,0,0,26214,60.0,0.0,0.0,0.0,0.0,0.0
2026-05-17T16:57:30,ERR,ERR,ERR,ERR,ERR,ERR,ERR,ERR,ERR,ERR,ERR,ERR,ERR,ERR,ERR,ERR,ERR,ERR,ERR,ERR,ERR,ERR,ERR,ERR,ERR,ERR,ERR,ERR,ERR,ERR,ERR,ERR,ERR,ERR,ERR,ERR,ERR,ERR,ERR,ERR,ERR,ERR,ERR,ERR,ERR,ERR,ERR,ERR,ERR,ERR,ERR,ERR,ERR,ERR,ERR,ERR,ERR,ERR,ERR,ERR,ERR,ERR,ERR,ERR,ERR,ERR,ERR,ERR,ERR,ERR,ERR,ERR,ERR,ERR,ERR,ERR,ERR,ERR,ERR,ERR,ERR,ERR,ERR,ERR,ERR,ERR,ERR,ERR,ERR,ERR,ERR,ERR,ERR,ERR,ERR,ERR,ERR,ERR,ERR,ERR,ERR,ERR,ERR,ERR,ERR,ERR,ERR,ERR,ERR,ERR,ERR,ERR,ERR,ERR,ERR,ERR,ERR,ERR,ERR,ERR,ERR,ERR,ERR,ERR,ERR,0.0,0.0,-134474944.0,0.0,0.0,1.3936040501711995e+18,7.805,0.0,0,0,4,0,8422,0.0,45,0.0,0.0,0.0,0.0,0.0,0,0,0,0,0.0,0,0,0,0,0,0,0,0,0,0,0,0,0,0,0,0,0,0,0,0,0,0,0,0,0,0,0,0,0,0,0,0,0,38,14,7,45,65476,0,300,0,0,8,21553,0.0,-107605600.0,0.0,0.0,0.0,0.0,0.0,0.0,0.0,0.0,0.0,0.0,0.0,0.0,0.0,0.0,0.0,0.0,0.0,0.0,0.0,0.0,0.0,0.0,-2.004,2.004,0.0,0.0,0.0,0.0,5045.0,2.004,0.0,0.0,0.0,0.0,-107615304.0,0.0,0.0,0.0,0.0,53,-0.0,89220.57,0.0,0.0,0.0,0.0,0.0,0.0,0.0,0,0,0,0.0,0.0,0.0,0.0,0.0,0.0,0.0,0.0,0.0,0.0,0.0,0.0,0.0,0.0,0.0,0.0,0,-107875648.0,53,0.0,106,-107614832.0,2.7006707062415038e+23,ERR,ERR,ERR,ERR,ERR,ERR,ERR,ERR,ERR,ERR,ERR,ERR,ERR,ERR,ERR,ERR,ERR,ERR,ERR,ERR,ERR,ERR,ERR,ERR,ERR,ERR,ERR,ERR,ERR,ERR,ERR,ERR,ERR,ERR,ERR,ERR,ERR,ERR,ERR,ERR,ERR,ERR,ERR,ERR,ERR,ERR,ERR,ERR,ERR,ERR,ERR,ERR,ERR,ERR,ERR,ERR,ERR,ERR,ERR,ERR,ERR,ERR,ERR,ERR,ERR,ERR,ERR,50.0,60.0,100,0.0,0.0,0.0,0.0,0.0,0.0,0.0,0.0,0.0,0.0,0.0,0.0,0.0,0.0,0.0,0.0,61.6,77,11,65509,50,65476,0,300,0,0,8,20529,65476,0,0,26214,60.0,0.0,0.0,0.0,0.0,0.0
2026-05-17T16:57:31,ERR,ERR,ERR,ERR,ERR,ERR,ERR,ERR,ERR,ERR,ERR,ERR,ERR,ERR,ERR,ERR,ERR,ERR,ERR,ERR,ERR,ERR,ERR,ERR,ERR,ERR,ERR,ERR,ERR,ERR,ERR,ERR,ERR,ERR,ERR,ERR,ERR,ERR,ERR,ERR,ERR,ERR,ERR,ERR,ERR,ERR,ERR,ERR,ERR,ERR,ERR,ERR,ERR,ERR,ERR,ERR,ERR,ERR,ERR,ERR,ERR,ERR,ERR,ERR,ERR,ERR,ERR,ERR,ERR,ERR,ERR,ERR,ERR,ERR,ERR,ERR,ERR,ERR,ERR,ERR,ERR,ERR,ERR,ERR,ERR,ERR,ERR,ERR,ERR,ERR,ERR,ERR,ERR,ERR,ERR,ERR,ERR,ERR,ERR,ERR,ERR,ERR,ERR,ERR,ERR,ERR,ERR,ERR,ERR,ERR,ERR,ERR,ERR,ERR,ERR,ERR,ERR,ERR,ERR,ERR,ERR,ERR,ERR,ERR,ERR,0.0,0.0,-134474944.0,0.0,0.0,1.3936040501711995e+18,7.805,0.0,0,0,4,0,8422,0.0,45,0.0,0.0,0.0,0.0,0.0,0,0,0,0,0.0,0,0,0,0,0,0,0,0,0,0,0,0,0,0,0,0,0,0,0,0,0,0,0,0,0,0,0,0,0,0,0,0,0,38,14,7,45,65476,0,300,0,0,8,21553,0.0,-107605600.0,0.0,0.0,0.0,0.0,0.0,0.0,0.0,0.0,0.0,0.0,0.0,0.0,0.0,0.0,0.0,0.0,0.0,0.0,0.0,0.0,0.0,0.0,-2.004,2.004,0.0,0.0,0.0,0.0,5045.0,2.004,0.0,0.0,0.0,0.0,-107615304.0,0.0,0.0,0.0,0.0,53,-0.0,89220.57,0.0,0.0,0.0,0.0,0.0,0.0,0.0,0,0,0,0.0,0.0,0.0,0.0,0.0,0.0,0.0,0.0,0.0,0.0,0.0,0.0,0.0,0.0,0.0,0.0,0,-107875648.0,53,0.0,106,-107614832.0,2.7006707062415038e+23,ERR,ERR,ERR,ERR,ERR,ERR,ERR,ERR,ERR,ERR,ERR,ERR,ERR,ERR,ERR,ERR,ERR,ERR,ERR,ERR,ERR,ERR,ERR,ERR,ERR,ERR,ERR,ERR,ERR,ERR,ERR,ERR,ERR,ERR,ERR,ERR,ERR,ERR,ERR,ERR,ERR,ERR,ERR,ERR,ERR,ERR,ERR,ERR,ERR,ERR,ERR,ERR,ERR,ERR,ERR,ERR,ERR,ERR,ERR,ERR,ERR,ERR,ERR,ERR,ERR,ERR,ERR,50.0,60.0,100,0.0,0.0,0.0,0.0,0.0,0.0,0.0,0.0,0.0,0.0,0.0,0.0,0.0,0.0,0.0,0.0,62.0,77,11,65509,50,65476,0,300,0,0,8,20529,65476,0,0,26214,60.0,0.0,0.0,0.0,0.0,0.0
2026-05-17T16:57:32,ERR,ERR,ERR,ERR,ERR,ERR,ERR,ERR,ERR,ERR,ERR,ERR,ERR,ERR,ERR,ERR,ERR,ERR,ERR,ERR,ERR,ERR,ERR,ERR,ERR,ERR,ERR,ERR,ERR,ERR,ERR,ERR,ERR,ERR,ERR,ERR,ERR,ERR,ERR,ERR,ERR,ERR,ERR,ERR,ERR,ERR,ERR,ERR,ERR,ERR,ERR,ERR,ERR,ERR,ERR,ERR,ERR,ERR,ERR,ERR,ERR,ERR,ERR,ERR,ERR,ERR,ERR,ERR,ERR,ERR,ERR,ERR,ERR,ERR,ERR,ERR,ERR,ERR,ERR,ERR,ERR,ERR,ERR,ERR,ERR,ERR,ERR,ERR,ERR,ERR,ERR,ERR,ERR,ERR,ERR,ERR,ERR,ERR,ERR,ERR,ERR,ERR,ERR,ERR,ERR,ERR,ERR,ERR,ERR,ERR,ERR,ERR,ERR,ERR,ERR,ERR,ERR,ERR,ERR,ERR,ERR,ERR,ERR,ERR,ERR,0.0,0.0,-134474944.0,0.0,0.0,1.3936040501711995e+18,7.805,0.0,0,0,4,0,8422,0.0,45,0.0,0.0,0.0,0.0,0.0,0,0,0,0,0.0,0,0,0,0,0,0,0,0,0,0,0,0,0,0,0,0,0,0,0,0,0,0,0,0,0,0,0,0,0,0,0,0,0,38,14,7,45,65476,0,300,0,0,8,21553,0.0,-107605600.0,0.0,0.0,0.0,0.0,0.0,0.0,0.0,0.0,0.0,0.0,0.0,0.0,0.0,0.0,0.0,0.0,0.0,0.0,0.0,0.0,0.0,0.0,-2.004,2.004,0.0,0.0,0.0,0.0,5045.0,2.004,0.0,0.0,0.0,0.0,-107615304.0,0.0,0.0,0.0,0.0,53,-0.0,89220.57,0.0,0.0,0.0,0.0,0.0,0.0,0.0,0,0,0,0.0,0.0,0.0,0.0,0.0,0.0,0.0,0.0,0.0,0.0,0.0,0.0,0.0,0.0,0.0,0.0,0,-107875648.0,53,0.0,106,-107614832.0,2.7006707062415038e+23,ERR,ERR,ERR,ERR,ERR,ERR,ERR,ERR,ERR,ERR,ERR,ERR,ERR,ERR,ERR,ERR,ERR,ERR,ERR,ERR,ERR,ERR,ERR,ERR,ERR,ERR,ERR,ERR,ERR,ERR,ERR,ERR,ERR,ERR,ERR,ERR,ERR,ERR,ERR,ERR,ERR,ERR,ERR,ERR,ERR,ERR,ERR,ERR,ERR,ERR,ERR,ERR,ERR,ERR,ERR,ERR,ERR,ERR,ERR,ERR,ERR,ERR,ERR,ERR,ERR,ERR,ERR,50.0,60.0,100,0.0,0.0,0.0,0.0,0.0,0.0,0.0,0.0,0.0,0.0,0.0,0.0,0.0,0.0,0.0,0.0,62.0,77,11,65509,50,65476,0,300,0,0,8,20529,65476,0,0,26214,60.0,0.0,0.0,0.0,0.0,0.0
2026-05-17T16:57:33,ERR,ERR,ERR,ERR,ERR,ERR,ERR,ERR,ERR,ERR,ERR,ERR,ERR,ERR,ERR,ERR,ERR,ERR,ERR,ERR,ERR,ERR,ERR,ERR,ERR,ERR,ERR,ERR,ERR,ERR,ERR,ERR,ERR,ERR,ERR,ERR,ERR,ERR,ERR,ERR,ERR,ERR,ERR,ERR,ERR,ERR,ERR,ERR,ERR,ERR,ERR,ERR,ERR,ERR,ERR,ERR,ERR,ERR,ERR,ERR,ERR,ERR,ERR,ERR,ERR,ERR,ERR,ERR,ERR,ERR,ERR,ERR,ERR,ERR,ERR,ERR,ERR,ERR,ERR,ERR,ERR,ERR,ERR,ERR,ERR,ERR,ERR,ERR,ERR,ERR,ERR,ERR,ERR,ERR,ERR,ERR,ERR,ERR,ERR,ERR,ERR,ERR,ERR,ERR,ERR,ERR,ERR,ERR,ERR,ERR,ERR,ERR,ERR,ERR,ERR,ERR,ERR,ERR,ERR,ERR,ERR,ERR,ERR,ERR,ERR,0.0,0.0,-134474944.0,0.0,0.0,1.3936040501711995e+18,7.805,0.0,0,0,4,0,8422,0.0,45,0.0,0.0,0.0,0.0,0.0,0,0,0,0,0.0,0,0,0,0,0,0,0,0,0,0,0,0,0,0,0,0,0,0,0,0,0,0,0,0,0,0,0,0,0,0,0,0,0,38,14,7,45,65476,0,300,0,0,8,21553,0.0,-107605600.0,0.0,0.0,0.0,0.0,0.0,0.0,0.0,0.0,0.0,0.0,0.0,0.0,0.0,0.0,0.0,0.0,0.0,0.0,0.0,0.0,0.0,0.0,-2.004,2.004,0.0,0.0,0.0,0.0,5016.0,-3.697186133624698e+19,0.0,0.0,0.0,0.0,-107615304.0,0.0,0.0,0.0,0.0,53,-0.0,-107614784.0,0.0,0.0,0.0,0.0,0.0,0.0,0.0,0,0,0,0.0,0.0,0.0,0.0,0.0,0.0,0.0,0.0,0.0,0.0,0.0,0.0,0.0,0.0,0.0,0.0,0,-107875648.0,53,0.0,106,-107614832.0,2.7006707062415038e+23,ERR,ERR,ERR,ERR,ERR,ERR,ERR,ERR,ERR,ERR,ERR,ERR,ERR,ERR,ERR,ERR,ERR,ERR,ERR,ERR,ERR,ERR,ERR,ERR,ERR,ERR,ERR,ERR,ERR,ERR,ERR,ERR,ERR,ERR,ERR,ERR,ERR,ERR,ERR,ERR,ERR,ERR,ERR,ERR,ERR,ERR,ERR,ERR,ERR,ERR,ERR,ERR,ERR,ERR,ERR,ERR,ERR,ERR,ERR,ERR,ERR,ERR,ERR,ERR,ERR,ERR,ERR,50.0,60.0,100,0.0,0.0,0.0,0.0,0.0,0.0,0.0,0.0,0.0,0.0,0.0,0.0,0.0,0.0,0.0,0.0,61.6,77,11,65509,50,65476,0,300,0,0,8,20529,65476,0,0,26214,60.0,0.0,0.0,0.0,0.0,0.0
2026-05-17T16:57:34,ERR,ERR,ERR,ERR,ERR,ERR,ERR,ERR,ERR,ERR,ERR,ERR,ERR,ERR,ERR,ERR,ERR,ERR,ERR,ERR,ERR,ERR,ERR,ERR,ERR,ERR,ERR,ERR,ERR,ERR,ERR,ERR,ERR,ERR,ERR,ERR,ERR,ERR,ERR,ERR,ERR,ERR,ERR,ERR,ERR,ERR,ERR,ERR,ERR,ERR,ERR,ERR,ERR,ERR,ERR,ERR,ERR,ERR,ERR,ERR,ERR,ERR,ERR,ERR,ERR,ERR,ERR,ERR,ERR,ERR,ERR,ERR,ERR,ERR,ERR,ERR,ERR,ERR,ERR,ERR,ERR,ERR,ERR,ERR,ERR,ERR,ERR,ERR,ERR,ERR,ERR,ERR,ERR,ERR,ERR,ERR,ERR,ERR,ERR,ERR,ERR,ERR,ERR,ERR,ERR,ERR,ERR,ERR,ERR,ERR,ERR,ERR,ERR,ERR,ERR,ERR,ERR,ERR,ERR,ERR,ERR,ERR,ERR,ERR,ERR,0.0,0.0,-134474944.0,0.0,0.0,1.3936040501711995e+18,7.805,0.0,0,0,4,0,8422,0.0,45,0.0,0.0,0.0,0.0,0.0,0,0,0,0,0.0,0,0,0,0,0,0,0,0,0,0,0,0,0,0,0,0,0,0,0,0,0,0,0,0,0,0,0,0,0,0,0,0,0,38,14,7,45,65476,0,300,0,0,8,21553,0.0,-107605600.0,0.0,0.0,0.0,0.0,0.0,0.0,0.0,0.0,0.0,0.0,0.0,0.0,0.0,0.0,0.0,0.0,0.0,0.0,0.0,0.0,0.0,0.0,-2.004,2.004,0.0,0.0,0.0,0.0,5016.0,-3.697186133624698e+19,0.0,0.0,0.0,0.0,-107615304.0,0.0,0.0,0.0,0.0,53,-0.0,-107614784.0,0.0,0.0,0.0,0.0,0.0,0.0,0.0,0,0,0,0.0,0.0,0.0,0.0,0.0,0.0,0.0,0.0,0.0,0.0,0.0,0.0,0.0,0.0,0.0,0.0,0,-107875648.0,53,0.0,106,-107614832.0,2.7006707062415038e+23,ERR,ERR,ERR,ERR,ERR,ERR,ERR,ERR,ERR,ERR,ERR,ERR,ERR,ERR,ERR,ERR,ERR,ERR,ERR,ERR,ERR,ERR,ERR,ERR,ERR,ERR,ERR,ERR,ERR,ERR,ERR,ERR,ERR,ERR,ERR,ERR,ERR,ERR,ERR,ERR,ERR,ERR,ERR,ERR,ERR,ERR,ERR,ERR,ERR,ERR,ERR,ERR,ERR,ERR,ERR,ERR,ERR,ERR,ERR,ERR,ERR,ERR,ERR,ERR,ERR,ERR,ERR,50.0,60.0,100,0.0,0.0,0.0,0.0,0.0,0.0,0.0,0.0,0.0,0.0,0.0,0.0,0.0,0.0,0.0,0.0,61.6,77,11,65509,50,65476,0,300,0,0,8,20529,65476,0,0,26214,60.0,0.0,0.0,0.0,0.0,0.0
2026-05-17T16:57:35,ERR,ERR,ERR,ERR,ERR,ERR,ERR,ERR,ERR,ERR,ERR,ERR,ERR,ERR,ERR,ERR,ERR,ERR,ERR,ERR,ERR,ERR,ERR,ERR,ERR,ERR,ERR,ERR,ERR,ERR,ERR,ERR,ERR,ERR,ERR,ERR,ERR,ERR,ERR,ERR,ERR,ERR,ERR,ERR,ERR,ERR,ERR,ERR,ERR,ERR,ERR,ERR,ERR,ERR,ERR,ERR,ERR,ERR,ERR,ERR,ERR,ERR,ERR,ERR,ERR,ERR,ERR,ERR,ERR,ERR,ERR,ERR,ERR,ERR,ERR,ERR,ERR,ERR,ERR,ERR,ERR,ERR,ERR,ERR,ERR,ERR,ERR,ERR,ERR,ERR,ERR,ERR,ERR,ERR,ERR,ERR,ERR,ERR,ERR,ERR,ERR,ERR,ERR,ERR,ERR,ERR,ERR,ERR,ERR,ERR,ERR,ERR,ERR,ERR,ERR,ERR,ERR,ERR,ERR,ERR,ERR,ERR,ERR,ERR,ERR,0.0,0.0,-134474944.0,0.0,0.0,1.3936040501711995e+18,7.805,0.0,0,0,4,0,8422,0.0,45,0.0,0.0,0.0,0.0,0.0,0,0,0,0,0.0,0,0,0,0,0,0,0,0,0,0,0,0,0,0,0,0,0,0,0,0,0,0,0,0,0,0,0,0,0,0,0,0,0,38,14,7,45,65476,0,300,0,0,8,21553,0.0,-107605600.0,0.0,0.0,0.0,0.0,0.0,0.0,0.0,0.0,0.0,0.0,0.0,0.0,0.0,0.0,0.0,0.0,0.0,0.0,0.0,0.0,0.0,0.0,-2.004,2.004,0.0,0.0,0.0,0.0,5016.0,-3.697186133624698e+19,0.0,0.0,0.0,0.0,-107615304.0,0.0,0.0,0.0,0.0,53,-0.0,-107614784.0,0.0,0.0,0.0,0.0,0.0,0.0,0.0,0,0,0,0.0,0.0,0.0,0.0,0.0,0.0,0.0,0.0,0.0,0.0,0.0,0.0,0.0,0.0,0.0,0.0,0,-107875648.0,53,0.0,106,-107614832.0,2.7006707062415038e+23,ERR,ERR,ERR,ERR,ERR,ERR,ERR,ERR,ERR,ERR,ERR,ERR,ERR,ERR,ERR,ERR,ERR,ERR,ERR,ERR,ERR,ERR,ERR,ERR,ERR,ERR,ERR,ERR,ERR,ERR,ERR,ERR,ERR,ERR,ERR,ERR,ERR,ERR,ERR,ERR,ERR,ERR,ERR,ERR,ERR,ERR,ERR,ERR,ERR,ERR,ERR,ERR,ERR,ERR,ERR,ERR,ERR,ERR,ERR,ERR,ERR,ERR,ERR,ERR,ERR,ERR,ERR,50.0,60.0,100,0.0,0.0,0.0,0.0,0.0,0.0,0.0,0.0,0.0,0.0,0.0,0.0,0.0,0.0,0.0,0.0,61.6,77,11,65509,50,65476,0,300,0,0,8,20529,65476,0,0,26214,60.0,0.0,0.0,0.0,0.0,0.0
2026-05-17T16:57:36,ERR,ERR,ERR,ERR,ERR,ERR,ERR,ERR,ERR,ERR,ERR,ERR,ERR,ERR,ERR,ERR,ERR,ERR,ERR,ERR,ERR,ERR,ERR,ERR,ERR,ERR,ERR,ERR,ERR,ERR,ERR,ERR,ERR,ERR,ERR,ERR,ERR,ERR,ERR,ERR,ERR,ERR,ERR,ERR,ERR,ERR,ERR,ERR,ERR,ERR,ERR,ERR,ERR,ERR,ERR,ERR,ERR,ERR,ERR,ERR,ERR,ERR,ERR,ERR,ERR,ERR,ERR,ERR,ERR,ERR,ERR,ERR,ERR,ERR,ERR,ERR,ERR,ERR,ERR,ERR,ERR,ERR,ERR,ERR,ERR,ERR,ERR,ERR,ERR,ERR,ERR,ERR,ERR,ERR,ERR,ERR,ERR,ERR,ERR,ERR,ERR,ERR,ERR,ERR,ERR,ERR,ERR,ERR,ERR,ERR,ERR,ERR,ERR,ERR,ERR,ERR,ERR,ERR,ERR,ERR,ERR,ERR,ERR,ERR,ERR,0.0,0.0,-134474944.0,0.0,0.0,1.3936040501711995e+18,7.805,0.0,0,0,4,0,8422,0.0,45,0.0,0.0,0.0,0.0,0.0,0,0,0,0,0.0,0,0,0,0,0,0,0,0,0,0,0,0,0,0,0,0,0,0,0,0,0,0,0,0,0,0,0,0,0,0,0,0,0,38,14,7,45,65476,0,300,0,0,8,21553,0.0,-107605600.0,0.0,0.0,0.0,0.0,0.0,0.0,0.0,0.0,0.0,0.0,0.0,0.0,0.0,0.0,0.0,0.0,0.0,0.0,0.0,0.0,0.0,0.0,-2.004,2.004,0.0,0.0,0.0,0.0,5016.0,-3.697186133624698e+19,0.0,0.0,0.0,0.0,-107615304.0,0.0,0.0,0.0,0.0,53,-0.0,-107614784.0,0.0,0.0,0.0,0.0,0.0,0.0,0.0,0,0,0,0.0,0.0,0.0,0.0,0.0,0.0,0.0,0.0,0.0,0.0,0.0,0.0,0.0,0.0,0.0,0.0,0,-107875648.0,53,0.0,106,-107614832.0,2.7006707062415038e+23,ERR,ERR,ERR,ERR,ERR,ERR,ERR,ERR,ERR,ERR,ERR,ERR,ERR,ERR,ERR,ERR,ERR,ERR,ERR,ERR,ERR,ERR,ERR,ERR,ERR,ERR,ERR,ERR,ERR,ERR,ERR,ERR,ERR,ERR,ERR,ERR,ERR,ERR,ERR,ERR,ERR,ERR,ERR,ERR,ERR,ERR,ERR,ERR,ERR,ERR,ERR,ERR,ERR,ERR,ERR,ERR,ERR,ERR,ERR,ERR,ERR,ERR,ERR,ERR,ERR,ERR,ERR,50.0,60.0,100,0.0,0.0,0.0,0.0,0.0,0.0,0.0,0.0,0.0,0.0,0.0,0.0,0.0,0.0,0.0,0.0,62.0,77,11,65509,50,65476,0,300,0,0,8,20529,65476,0,0,26214,60.0,0.0,0.0,0.0,0.0,0.0
2026-05-17T16:57:37,ERR,ERR,ERR,ERR,ERR,ERR,ERR,ERR,ERR,ERR,ERR,ERR,ERR,ERR,ERR,ERR,ERR,ERR,ERR,ERR,ERR,ERR,ERR,ERR,ERR,ERR,ERR,ERR,ERR,ERR,ERR,ERR,ERR,ERR,ERR,ERR,ERR,ERR,ERR,ERR,ERR,ERR,ERR,ERR,ERR,ERR,ERR,ERR,ERR,ERR,ERR,ERR,ERR,ERR,ERR,ERR,ERR,ERR,ERR,ERR,ERR,ERR,ERR,ERR,ERR,ERR,ERR,ERR,ERR,ERR,ERR,ERR,ERR,ERR,ERR,ERR,ERR,ERR,ERR,ERR,ERR,ERR,ERR,ERR,ERR,ERR,ERR,ERR,ERR,ERR,ERR,ERR,ERR,ERR,ERR,ERR,ERR,ERR,ERR,ERR,ERR,ERR,ERR,ERR,ERR,ERR,ERR,ERR,ERR,ERR,ERR,ERR,ERR,ERR,ERR,ERR,ERR,ERR,ERR,ERR,ERR,ERR,ERR,ERR,ERR,0.0,0.0,-134474944.0,0.0,0.0,1.3936040501711995e+18,7.805,0.0,0,0,4,0,8422,0.0,45,0.0,0.0,0.0,0.0,0.0,0,0,0,0,0.0,0,0,0,0,0,0,0,0,0,0,0,0,0,0,0,0,0,0,0,0,0,0,0,0,0,0,0,0,0,0,0,0,0,38,14,7,45,65476,0,300,0,0,8,21553,0.0,-107605600.0,0.0,0.0,0.0,0.0,0.0,0.0,0.0,0.0,0.0,0.0,0.0,0.0,0.0,0.0,0.0,0.0,0.0,0.0,0.0,0.0,0.0,0.0,-2.004,2.004,0.0,0.0,0.0,0.0,5016.0,-3.697186133624698e+19,0.0,0.0,0.0,0.0,-107615304.0,0.0,0.0,0.0,0.0,53,-0.0,-107614784.0,0.0,0.0,0.0,0.0,0.0,0.0,0.0,0,0,0,0.0,0.0,0.0,0.0,0.0,0.0,0.0,0.0,0.0,0.0,0.0,0.0,0.0,0.0,0.0,0.0,0,-107875648.0,53,0.0,106,-107614832.0,2.7006707062415038e+23,ERR,ERR,ERR,ERR,ERR,ERR,ERR,ERR,ERR,ERR,ERR,ERR,ERR,ERR,ERR,ERR,ERR,ERR,ERR,ERR,ERR,ERR,ERR,ERR,ERR,ERR,ERR,ERR,ERR,ERR,ERR,ERR,ERR,ERR,ERR,ERR,ERR,ERR,ERR,ERR,ERR,ERR,ERR,ERR,ERR,ERR,ERR,ERR,ERR,ERR,ERR,ERR,ERR,ERR,ERR,ERR,ERR,ERR,ERR,ERR,ERR,ERR,ERR,ERR,ERR,ERR,ERR,50.0,60.0,100,0.0,0.0,0.0,0.0,0.0,0.0,0.0,0.0,0.0,0.0,0.0,0.0,0.0,0.0,0.0,0.0,62.0,77,11,65509,50,65476,0,300,0,0,8,20529,65476,0,0,26214,60.0,0.0,0.0,0.0,0.0,0.0
2026-05-17T16:57:38,ERR,ERR,ERR,ERR,ERR,ERR,ERR,ERR,ERR,ERR,ERR,ERR,ERR,ERR,ERR,ERR,ERR,ERR,ERR,ERR,ERR,ERR,ERR,ERR,ERR,ERR,ERR,ERR,ERR,ERR,ERR,ERR,ERR,ERR,ERR,ERR,ERR,ERR,ERR,ERR,ERR,ERR,ERR,ERR,ERR,ERR,ERR,ERR,ERR,ERR,ERR,ERR,ERR,ERR,ERR,ERR,ERR,ERR,ERR,ERR,ERR,ERR,ERR,ERR,ERR,ERR,ERR,ERR,ERR,ERR,ERR,ERR,ERR,ERR,ERR,ERR,ERR,ERR,ERR,ERR,ERR,ERR,ERR,ERR,ERR,ERR,ERR,ERR,ERR,ERR,ERR,ERR,ERR,ERR,ERR,ERR,ERR,ERR,ERR,ERR,ERR,ERR,ERR,ERR,ERR,ERR,ERR,ERR,ERR,ERR,ERR,ERR,ERR,ERR,ERR,ERR,ERR,ERR,ERR,ERR,ERR,ERR,ERR,ERR,ERR,0.0,0.0,-134474944.0,0.0,0.0,1.3936040501711995e+18,7.805,0.0,0,0,4,0,8422,0.0,45,0.0,0.0,0.0,0.0,0.0,0,0,0,0,0.0,0,0,0,0,0,0,0,0,0,0,0,0,0,0,0,0,0,0,0,0,0,0,0,0,0,0,0,0,0,0,0,0,0,38,14,7,45,65476,0,300,0,0,8,21553,0.0,-107605600.0,0.0,0.0,0.0,0.0,0.0,0.0,0.0,0.0,0.0,0.0,0.0,0.0,0.0,0.0,0.0,0.0,0.0,0.0,0.0,0.0,0.0,0.0,-2.004,2.004,0.0,0.0,0.0,0.0,5014.0,-0.0,0.0,0.0,0.0,0.0,-107615304.0,0.0,0.0,0.0,0.0,53,-0.0,-0.0,0.0,0.0,0.0,0.0,0.0,0.0,0.0,0,0,0,0.0,0.0,0.0,0.0,0.0,0.0,0.0,0.0,0.0,0.0,0.0,0.0,0.0,0.0,0.0,0.0,0,-107875648.0,53,0.0,106,-107614832.0,2.7006707062415038e+23,ERR,ERR,ERR,ERR,ERR,ERR,ERR,ERR,ERR,ERR,ERR,ERR,ERR,ERR,ERR,ERR,ERR,ERR,ERR,ERR,ERR,ERR,ERR,ERR,ERR,ERR,ERR,ERR,ERR,ERR,ERR,ERR,ERR,ERR,ERR,ERR,ERR,ERR,ERR,ERR,ERR,ERR,ERR,ERR,ERR,ERR,ERR,ERR,ERR,ERR,ERR,ERR,ERR,ERR,ERR,ERR,ERR,ERR,ERR,ERR,ERR,ERR,ERR,ERR,ERR,ERR,ERR,50.0,60.0,100,0.0,0.0,0.0,0.0,0.0,0.0,0.0,0.0,0.0,0.0,0.0,0.0,0.0,0.0,0.0,0.0,61.6,77,11,65509,50,65476,0,300,0,0,8,20529,65476,0,0,26214,60.0,0.0,0.0,0.0,0.0,0.0
2026-05-17T16:57:39,ERR,ERR,ERR,ERR,ERR,ERR,ERR,ERR,ERR,ERR,ERR,ERR,ERR,ERR,ERR,ERR,ERR,ERR,ERR,ERR,ERR,ERR,ERR,ERR,ERR,ERR,ERR,ERR,ERR,ERR,ERR,ERR,ERR,ERR,ERR,ERR,ERR,ERR,ERR,ERR,ERR,ERR,ERR,ERR,ERR,ERR,ERR,ERR,ERR,ERR,ERR,ERR,ERR,ERR,ERR,ERR,ERR,ERR,ERR,ERR,ERR,ERR,ERR,ERR,ERR,ERR,ERR,ERR,ERR,ERR,ERR,ERR,ERR,ERR,ERR,ERR,ERR,ERR,ERR,ERR,ERR,ERR,ERR,ERR,ERR,ERR,ERR,ERR,ERR,ERR,ERR,ERR,ERR,ERR,ERR,ERR,ERR,ERR,ERR,ERR,ERR,ERR,ERR,ERR,ERR,ERR,ERR,ERR,ERR,ERR,ERR,ERR,ERR,ERR,ERR,ERR,ERR,ERR,ERR,ERR,ERR,ERR,ERR,ERR,ERR,0.0,0.0,-134474944.0,0.0,0.0,1.3936040501711995e+18,7.805,0.0,0,0,4,0,8422,0.0,45,0.0,0.0,0.0,0.0,0.0,0,0,0,0,0.0,0,0,0,0,0,0,0,0,0,0,0,0,0,0,0,0,0,0,0,0,0,0,0,0,0,0,0,0,0,0,0,0,0,38,14,7,45,65476,0,300,0,0,8,21553,0.0,-107605600.0,0.0,0.0,0.0,0.0,0.0,0.0,0.0,0.0,0.0,0.0,0.0,0.0,0.0,0.0,0.0,0.0,0.0,0.0,0.0,0.0,0.0,0.0,-2.004,2.004,0.0,0.0,0.0,0.0,5014.0,-0.0,0.0,0.0,0.0,0.0,-107615304.0,0.0,0.0,0.0,0.0,53,-0.0,-0.0,0.0,0.0,0.0,0.0,0.0,0.0,0.0,0,0,0,0.0,0.0,0.0,0.0,0.0,0.0,0.0,0.0,0.0,0.0,0.0,0.0,0.0,0.0,0.0,0.0,0,-107875648.0,53,0.0,106,-107614832.0,2.7006707062415038e+23,ERR,ERR,ERR,ERR,ERR,ERR,ERR,ERR,ERR,ERR,ERR,ERR,ERR,ERR,ERR,ERR,ERR,ERR,ERR,ERR,ERR,ERR,ERR,ERR,ERR,ERR,ERR,ERR,ERR,ERR,ERR,ERR,ERR,ERR,ERR,ERR,ERR,ERR,ERR,ERR,ERR,ERR,ERR,ERR,ERR,ERR,ERR,ERR,ERR,ERR,ERR,ERR,ERR,ERR,ERR,ERR,ERR,ERR,ERR,ERR,ERR,ERR,ERR,ERR,ERR,ERR,ERR,50.0,60.0,100,0.0,0.0,0.0,0.0,0.0,0.0,0.0,0.0,0.0,0.0,0.0,0.0,0.0,0.0,0.0,0.0,61.6,77,11,65509,50,65476,0,300,0,0,8,20529,65476,0,0,26214,60.0,0.0,0.0,0.0,0.0,0.0
2026-05-17T16:57:40,ERR,ERR,ERR,ERR,ERR,ERR,ERR,ERR,ERR,ERR,ERR,ERR,ERR,ERR,ERR,ERR,ERR,ERR,ERR,ERR,ERR,ERR,ERR,ERR,ERR,ERR,ERR,ERR,ERR,ERR,ERR,ERR,ERR,ERR,ERR,ERR,ERR,ERR,ERR,ERR,ERR,ERR,ERR,ERR,ERR,ERR,ERR,ERR,ERR,ERR,ERR,ERR,ERR,ERR,ERR,ERR,ERR,ERR,ERR,ERR,ERR,ERR,ERR,ERR,ERR,ERR,ERR,ERR,ERR,ERR,ERR,ERR,ERR,ERR,ERR,ERR,ERR,ERR,ERR,ERR,ERR,ERR,ERR,ERR,ERR,ERR,ERR,ERR,ERR,ERR,ERR,ERR,ERR,ERR,ERR,ERR,ERR,ERR,ERR,ERR,ERR,ERR,ERR,ERR,ERR,ERR,ERR,ERR,ERR,ERR,ERR,ERR,ERR,ERR,ERR,ERR,ERR,ERR,ERR,ERR,ERR,ERR,ERR,ERR,ERR,0.0,0.0,-134474944.0,0.0,0.0,1.3936040501711995e+18,7.805,0.0,0,0,4,0,8422,0.0,45,0.0,0.0,0.0,0.0,0.0,0,0,0,0,0.0,0,0,0,0,0,0,0,0,0,0,0,0,0,0,0,0,0,0,0,0,0,0,0,0,0,0,0,0,0,0,0,0,0,38,14,7,45,65476,0,300,0,0,8,21553,0.0,-107605600.0,0.0,0.0,0.0,0.0,0.0,0.0,0.0,0.0,0.0,0.0,0.0,0.0,0.0,0.0,0.0,0.0,0.0,0.0,0.0,0.0,0.0,0.0,-2.004,2.004,0.0,0.0,0.0,0.0,5014.0,-0.0,0.0,0.0,0.0,0.0,-107615304.0,0.0,0.0,0.0,0.0,53,-0.0,-0.0,0.0,0.0,0.0,0.0,0.0,0.0,0.0,0,0,0,0.0,0.0,0.0,0.0,0.0,0.0,0.0,0.0,0.0,0.0,0.0,0.0,0.0,0.0,0.0,0.0,0,-107875648.0,53,0.0,106,-107614832.0,2.7006707062415038e+23,ERR,ERR,ERR,ERR,ERR,ERR,ERR,ERR,ERR,ERR,ERR,ERR,ERR,ERR,ERR,ERR,ERR,ERR,ERR,ERR,ERR,ERR,ERR,ERR,ERR,ERR,ERR,ERR,ERR,ERR,ERR,ERR,ERR,ERR,ERR,ERR,ERR,ERR,ERR,ERR,ERR,ERR,ERR,ERR,ERR,ERR,ERR,ERR,ERR,ERR,ERR,ERR,ERR,ERR,ERR,ERR,ERR,ERR,ERR,ERR,ERR,ERR,ERR,ERR,ERR,ERR,ERR,50.0,60.0,100,0.0,0.0,0.0,0.0,0.0,0.0,0.0,0.0,0.0,0.0,0.0,0.0,0.0,0.0,0.0,0.0,62.0,77,11,65509,50,65476,0,300,0,0,8,20529,65476,0,0,26214,60.0,0.0,0.0,0.0,0.0,0.0
2026-05-17T16:57:41,ERR,ERR,ERR,ERR,ERR,ERR,ERR,ERR,ERR,ERR,ERR,ERR,ERR,ERR,ERR,ERR,ERR,ERR,ERR,ERR,ERR,ERR,ERR,ERR,ERR,ERR,ERR,ERR,ERR,ERR,ERR,ERR,ERR,ERR,ERR,ERR,ERR,ERR,ERR,ERR,ERR,ERR,ERR,ERR,ERR,ERR,ERR,ERR,ERR,ERR,ERR,ERR,ERR,ERR,ERR,ERR,ERR,ERR,ERR,ERR,ERR,ERR,ERR,ERR,ERR,ERR,ERR,ERR,ERR,ERR,ERR,ERR,ERR,ERR,ERR,ERR,ERR,ERR,ERR,ERR,ERR,ERR,ERR,ERR,ERR,ERR,ERR,ERR,ERR,ERR,ERR,ERR,ERR,ERR,ERR,ERR,ERR,ERR,ERR,ERR,ERR,ERR,ERR,ERR,ERR,ERR,ERR,ERR,ERR,ERR,ERR,ERR,ERR,ERR,ERR,ERR,ERR,ERR,ERR,ERR,ERR,ERR,ERR,ERR,ERR,0.0,0.0,-134474944.0,0.0,0.0,1.3936040501711995e+18,7.805,0.0,0,0,4,0,8422,0.0,45,0.0,0.0,0.0,0.0,0.0,0,0,0,0,0.0,0,0,0,0,0,0,0,0,0,0,0,0,0,0,0,0,0,0,0,0,0,0,0,0,0,0,0,0,0,0,0,0,0,38,14,7,45,65476,0,300,0,0,8,21553,0.0,-107605600.0,0.0,0.0,0.0,0.0,0.0,0.0,0.0,0.0,0.0,0.0,0.0,0.0,0.0,0.0,0.0,0.0,0.0,0.0,0.0,0.0,0.0,0.0,-2.004,2.004,0.0,0.0,0.0,0.0,5014.0,-0.0,0.0,0.0,0.0,0.0,-107615304.0,0.0,0.0,0.0,0.0,53,-0.0,-0.0,0.0,0.0,0.0,0.0,0.0,0.0,0.0,0,0,0,0.0,0.0,0.0,0.0,0.0,0.0,0.0,0.0,0.0,0.0,0.0,0.0,0.0,0.0,0.0,0.0,0,-107875648.0,53,0.0,106,-107614832.0,2.7006707062415038e+23,ERR,ERR,ERR,ERR,ERR,ERR,ERR,ERR,ERR,ERR,ERR,ERR,ERR,ERR,ERR,ERR,ERR,ERR,ERR,ERR,ERR,ERR,ERR,ERR,ERR,ERR,ERR,ERR,ERR,ERR,ERR,ERR,ERR,ERR,ERR,ERR,ERR,ERR,ERR,ERR,ERR,ERR,ERR,ERR,ERR,ERR,ERR,ERR,ERR,ERR,ERR,ERR,ERR,ERR,ERR,ERR,ERR,ERR,ERR,ERR,ERR,ERR,ERR,ERR,ERR,ERR,ERR,50.0,60.0,100,0.0,0.0,0.0,0.0,0.0,0.0,0.0,0.0,0.0,0.0,0.0,0.0,0.0,0.0,0.0,0.0,61.6,77,11,65509,50,65476,0,300,0,0,8,20529,65476,0,0,26214,60.0,0.0,0.0,0.0,0.0,0.0
2026-05-17T16:57:42,ERR,ERR,ERR,ERR,ERR,ERR,ERR,ERR,ERR,ERR,ERR,ERR,ERR,ERR,ERR,ERR,ERR,ERR,ERR,ERR,ERR,ERR,ERR,ERR,ERR,ERR,ERR,ERR,ERR,ERR,ERR,ERR,ERR,ERR,ERR,ERR,ERR,ERR,ERR,ERR,ERR,ERR,ERR,ERR,ERR,ERR,ERR,ERR,ERR,ERR,ERR,ERR,ERR,ERR,ERR,ERR,ERR,ERR,ERR,ERR,ERR,ERR,ERR,ERR,ERR,ERR,ERR,ERR,ERR,ERR,ERR,ERR,ERR,ERR,ERR,ERR,ERR,ERR,ERR,ERR,ERR,ERR,ERR,ERR,ERR,ERR,ERR,ERR,ERR,ERR,ERR,ERR,ERR,ERR,ERR,ERR,ERR,ERR,ERR,ERR,ERR,ERR,ERR,ERR,ERR,ERR,ERR,ERR,ERR,ERR,ERR,ERR,ERR,ERR,ERR,ERR,ERR,ERR,ERR,ERR,ERR,ERR,ERR,ERR,ERR,0.0,0.0,-134474944.0,0.0,0.0,1.3936040501711995e+18,7.805,0.0,0,0,4,0,8422,0.0,45,0.0,0.0,0.0,0.0,0.0,0,0,0,0,0.0,0,0,0,0,0,0,0,0,0,0,0,0,0,0,0,0,0,0,0,0,0,0,0,0,0,0,0,0,0,0,0,0,0,38,14,7,45,65476,0,300,0,0,8,21553,0.0,-107605600.0,0.0,0.0,0.0,0.0,0.0,0.0,0.0,0.0,0.0,0.0,0.0,0.0,0.0,0.0,0.0,0.0,0.0,0.0,0.0,0.0,0.0,0.0,-2.004,2.004,0.0,0.0,0.0,0.0,5014.0,-0.0,0.0,0.0,0.0,0.0,-107615304.0,0.0,0.0,0.0,0.0,53,-0.0,-0.0,0.0,0.0,0.0,0.0,0.0,0.0,0.0,0,0,0,0.0,0.0,0.0,0.0,0.0,0.0,0.0,0.0,0.0,0.0,0.0,0.0,0.0,0.0,0.0,0.0,0,-107875648.0,53,0.0,106,-107614832.0,2.7006707062415038e+23,ERR,ERR,ERR,ERR,ERR,ERR,ERR,ERR,ERR,ERR,ERR,ERR,ERR,ERR,ERR,ERR,ERR,ERR,ERR,ERR,ERR,ERR,ERR,ERR,ERR,ERR,ERR,ERR,ERR,ERR,ERR,ERR,ERR,ERR,ERR,ERR,ERR,ERR,ERR,ERR,ERR,ERR,ERR,ERR,ERR,ERR,ERR,ERR,ERR,ERR,ERR,ERR,ERR,ERR,ERR,ERR,ERR,ERR,ERR,ERR,ERR,ERR,ERR,ERR,ERR,ERR,ERR,50.0,60.0,100,0.0,0.0,0.0,0.0,0.0,0.0,0.0,0.0,0.0,0.0,0.0,0.0,0.0,0.0,0.0,0.0,61.6,77,11,65509,50,65476,0,300,0,0,8,20529,65476,0,0,26214,60.0,0.0,0.0,0.0,0.0,0.0
2026-05-17T16:57:43,ERR,ERR,ERR,ERR,ERR,ERR,ERR,ERR,ERR,ERR,ERR,ERR,ERR,ERR,ERR,ERR,ERR,ERR,ERR,ERR,ERR,ERR,ERR,ERR,ERR,ERR,ERR,ERR,ERR,ERR,ERR,ERR,ERR,ERR,ERR,ERR,ERR,ERR,ERR,ERR,ERR,ERR,ERR,ERR,ERR,ERR,ERR,ERR,ERR,ERR,ERR,ERR,ERR,ERR,ERR,ERR,ERR,ERR,ERR,ERR,ERR,ERR,ERR,ERR,ERR,ERR,ERR,ERR,ERR,ERR,ERR,ERR,ERR,ERR,ERR,ERR,ERR,ERR,ERR,ERR,ERR,ERR,ERR,ERR,ERR,ERR,ERR,ERR,ERR,ERR,ERR,ERR,ERR,ERR,ERR,ERR,ERR,ERR,ERR,ERR,ERR,ERR,ERR,ERR,ERR,ERR,ERR,ERR,ERR,ERR,ERR,ERR,ERR,ERR,ERR,ERR,ERR,ERR,ERR,ERR,ERR,ERR,ERR,ERR,ERR,0.0,0.0,-134474944.0,0.0,0.0,1.3936040501711995e+18,7.805,0.0,0,0,4,0,8422,0.0,45,0.0,0.0,0.0,0.0,0.0,0,0,0,0,0.0,0,0,0,0,0,0,0,0,0,0,0,0,0,0,0,0,0,0,0,0,0,0,0,0,0,0,0,0,0,0,0,0,0,38,14,7,45,65476,0,300,0,0,8,21553,0.0,-107605600.0,0.0,0.0,0.0,0.0,0.0,0.0,0.0,0.0,0.0,0.0,0.0,0.0,0.0,0.0,0.0,0.0,0.0,0.0,0.0,0.0,0.0,0.0,-2.004,2.004,0.0,0.0,0.0,0.0,5014.0,-0.0,0.0,0.0,0.0,0.0,-107615304.0,0.0,0.0,0.0,0.0,53,-0.0,-0.0,0.0,0.0,0.0,0.0,0.0,0.0,0.0,0,0,0,0.0,0.0,0.0,0.0,0.0,0.0,0.0,0.0,0.0,0.0,0.0,0.0,0.0,0.0,0.0,0.0,0,-107875648.0,53,0.0,106,-107614832.0,2.7006707062415038e+23,ERR,ERR,ERR,ERR,ERR,ERR,ERR,ERR,ERR,ERR,ERR,ERR,ERR,ERR,ERR,ERR,ERR,ERR,ERR,ERR,ERR,ERR,ERR,ERR,ERR,ERR,ERR,ERR,ERR,ERR,ERR,ERR,ERR,ERR,ERR,ERR,ERR,ERR,ERR,ERR,ERR,ERR,ERR,ERR,ERR,ERR,ERR,ERR,ERR,ERR,ERR,ERR,ERR,ERR,ERR,ERR,ERR,ERR,ERR,ERR,ERR,ERR,ERR,ERR,ERR,ERR,ERR,50.0,60.0,100,0.0,0.0,0.0,0.0,0.0,0.0,0.0,0.0,0.0,0.0,0.0,0.0,0.0,0.0,0.0,0.0,62.0,77,11,65509,50,65476,0,300,0,0,8,20529,65476,0,0,26214,60.0,0.0,0.0,0.0,0.0,0.0
2026-05-17T16:57:44,ERR,ERR,ERR,ERR,ERR,ERR,ERR,ERR,ERR,ERR,ERR,ERR,ERR,ERR,ERR,ERR,ERR,ERR,ERR,ERR,ERR,ERR,ERR,ERR,ERR,ERR,ERR,ERR,ERR,ERR,ERR,ERR,ERR,ERR,ERR,ERR,ERR,ERR,ERR,ERR,ERR,ERR,ERR,ERR,ERR,ERR,ERR,ERR,ERR,ERR,ERR,ERR,ERR,ERR,ERR,ERR,ERR,ERR,ERR,ERR,ERR,ERR,ERR,ERR,ERR,ERR,ERR,ERR,ERR,ERR,ERR,ERR,ERR,ERR,ERR,ERR,ERR,ERR,ERR,ERR,ERR,ERR,ERR,ERR,ERR,ERR,ERR,ERR,ERR,ERR,ERR,ERR,ERR,ERR,ERR,ERR,ERR,ERR,ERR,ERR,ERR,ERR,ERR,ERR,ERR,ERR,ERR,ERR,ERR,ERR,ERR,ERR,ERR,ERR,ERR,ERR,ERR,ERR,ERR,ERR,ERR,ERR,ERR,ERR,ERR,0.0,0.0,-134474944.0,0.0,0.0,1.3936040501711995e+18,7.805,0.0,0,0,4,0,8422,0.0,45,0.0,0.0,0.0,0.0,0.0,0,0,0,0,0.0,0,0,0,0,0,0,0,0,0,0,0,0,0,0,0,0,0,0,0,0,0,0,0,0,0,0,0,0,0,0,0,0,0,38,14,7,45,65476,0,300,0,0,8,21553,0.0,-107605600.0,0.0,0.0,0.0,0.0,0.0,0.0,0.0,0.0,0.0,0.0,0.0,0.0,0.0,0.0,0.0,0.0,0.0,0.0,0.0,0.0,0.0,0.0,-2.004,2.004,0.0,0.0,0.0,0.0,5010.0,1.040665380856972e+34,0.0,0.0,0.0,0.0,-107615304.0,0.0,0.0,0.0,0.0,53,4.066880103266858e+29,89220.562,0.0,0.0,0.0,0.0,0.0,0.0,0.0,0,0,0,0.0,0.0,0.0,0.0,0.0,0.0,0.0,0.0,0.0,0.0,0.0,0.0,0.0,0.0,0.0,0.0,0,-107875648.0,53,0.0,106,-107614832.0,2.7006707062415038e+23,ERR,ERR,ERR,ERR,ERR,ERR,ERR,ERR,ERR,ERR,ERR,ERR,ERR,ERR,ERR,ERR,ERR,ERR,ERR,ERR,ERR,ERR,ERR,ERR,ERR,ERR,ERR,ERR,ERR,ERR,ERR,ERR,ERR,ERR,ERR,ERR,ERR,ERR,ERR,ERR,ERR,ERR,ERR,ERR,ERR,ERR,ERR,ERR,ERR,ERR,ERR,ERR,ERR,ERR,ERR,ERR,ERR,ERR,ERR,ERR,ERR,ERR,ERR,ERR,ERR,ERR,ERR,50.0,60.0,100,0.0,0.0,0.0,0.0,0.0,0.0,0.0,0.0,0.0,0.0,0.0,0.0,0.0,0.0,0.0,0.0,62.0,77,11,65509,50,65476,0,300,0,0,8,20529,65476,0,0,26214,60.0,0.0,0.0,0.0,0.0,0.0
2026-05-17T16:57:45,ERR,ERR,ERR,ERR,ERR,ERR,ERR,ERR,ERR,ERR,ERR,ERR,ERR,ERR,ERR,ERR,ERR,ERR,ERR,ERR,ERR,ERR,ERR,ERR,ERR,ERR,ERR,ERR,ERR,ERR,ERR,ERR,ERR,ERR,ERR,ERR,ERR,ERR,ERR,ERR,ERR,ERR,ERR,ERR,ERR,ERR,ERR,ERR,ERR,ERR,ERR,ERR,ERR,ERR,ERR,ERR,ERR,ERR,ERR,ERR,ERR,ERR,ERR,ERR,ERR,ERR,ERR,ERR,ERR,ERR,ERR,ERR,ERR,ERR,ERR,ERR,ERR,ERR,ERR,ERR,ERR,ERR,ERR,ERR,ERR,ERR,ERR,ERR,ERR,ERR,ERR,ERR,ERR,ERR,ERR,ERR,ERR,ERR,ERR,ERR,ERR,ERR,ERR,ERR,ERR,ERR,ERR,ERR,ERR,ERR,ERR,ERR,ERR,ERR,ERR,ERR,ERR,ERR,ERR,ERR,ERR,ERR,ERR,ERR,ERR,0.0,0.0,-134474944.0,0.0,0.0,1.3936040501711995e+18,7.805,0.0,0,0,4,0,8422,0.0,45,0.0,0.0,0.0,0.0,0.0,0,0,0,0,0.0,0,0,0,0,0,0,0,0,0,0,0,0,0,0,0,0,0,0,0,0,0,0,0,0,0,0,0,0,0,0,0,0,0,38,14,7,45,65476,0,300,0,0,8,21553,0.0,-107605600.0,0.0,0.0,0.0,0.0,0.0,0.0,0.0,0.0,0.0,0.0,0.0,0.0,0.0,0.0,0.0,0.0,0.0,0.0,0.0,0.0,0.0,0.0,-2.004,2.004,0.0,0.0,0.0,0.0,5010.0,1.040665380856972e+34,0.0,0.0,0.0,0.0,-107615304.0,0.0,0.0,0.0,0.0,53,4.066880103266858e+29,89220.562,0.0,0.0,0.0,0.0,0.0,0.0,0.0,0,0,0,0.0,0.0,0.0,0.0,0.0,0.0,0.0,0.0,0.0,0.0,0.0,0.0,0.0,0.0,0.0,0.0,0,-107875648.0,53,0.0,106,-107614832.0,2.7006707062415038e+23,ERR,ERR,ERR,ERR,ERR,ERR,ERR,ERR,ERR,ERR,ERR,ERR,ERR,ERR,ERR,ERR,ERR,ERR,ERR,ERR,ERR,ERR,ERR,ERR,ERR,ERR,ERR,ERR,ERR,ERR,ERR,ERR,ERR,ERR,ERR,ERR,ERR,ERR,ERR,ERR,ERR,ERR,ERR,ERR,ERR,ERR,ERR,ERR,ERR,ERR,ERR,ERR,ERR,ERR,ERR,ERR,ERR,ERR,ERR,ERR,ERR,ERR,ERR,ERR,ERR,ERR,ERR,50.0,60.0,100,0.0,0.0,0.0,0.0,0.0,0.0,0.0,0.0,0.0,0.0,0.0,0.0,0.0,0.0,0.0,0.0,61.6,77,11,65509,50,65476,0,300,0,0,8,20529,65476,0,0,26214,60.0,0.0,0.0,0.0,0.0,0.0
2026-05-17T16:57:46,ERR,ERR,ERR,ERR,ERR,ERR,ERR,ERR,ERR,ERR,ERR,ERR,ERR,ERR,ERR,ERR,ERR,ERR,ERR,ERR,ERR,ERR,ERR,ERR,ERR,ERR,ERR,ERR,ERR,ERR,ERR,ERR,ERR,ERR,ERR,ERR,ERR,ERR,ERR,ERR,ERR,ERR,ERR,ERR,ERR,ERR,ERR,ERR,ERR,ERR,ERR,ERR,ERR,ERR,ERR,ERR,ERR,ERR,ERR,ERR,ERR,ERR,ERR,ERR,ERR,ERR,ERR,ERR,ERR,ERR,ERR,ERR,ERR,ERR,ERR,ERR,ERR,ERR,ERR,ERR,ERR,ERR,ERR,ERR,ERR,ERR,ERR,ERR,ERR,ERR,ERR,ERR,ERR,ERR,ERR,ERR,ERR,ERR,ERR,ERR,ERR,ERR,ERR,ERR,ERR,ERR,ERR,ERR,ERR,ERR,ERR,ERR,ERR,ERR,ERR,ERR,ERR,ERR,ERR,ERR,ERR,ERR,ERR,ERR,ERR,0.0,0.0,-134474944.0,0.0,0.0,1.3936040501711995e+18,7.805,0.0,0,0,4,0,8422,0.0,45,0.0,0.0,0.0,0.0,0.0,0,0,0,0,0.0,0,0,0,0,0,0,0,0,0,0,0,0,0,0,0,0,0,0,0,0,0,0,0,0,0,0,0,0,0,0,0,0,0,38,14,7,45,65476,0,300,0,0,8,21553,0.0,-107605600.0,0.0,0.0,0.0,0.0,0.0,0.0,0.0,0.0,0.0,0.0,0.0,0.0,0.0,0.0,0.0,0.0,0.0,0.0,0.0,0.0,0.0,0.0,-2.004,2.004,0.0,0.0,0.0,0.0,5010.0,1.040665380856972e+34,0.0,0.0,0.0,0.0,-107615304.0,0.0,0.0,0.0,0.0,53,4.066880103266858e+29,89220.562,0.0,0.0,0.0,0.0,0.0,0.0,0.0,0,0,0,0.0,0.0,0.0,0.0,0.0,0.0,0.0,0.0,0.0,0.0,0.0,0.0,0.0,0.0,0.0,0.0,0,-107875648.0,53,0.0,106,-107614832.0,2.7006707062415038e+23,ERR,ERR,ERR,ERR,ERR,ERR,ERR,ERR,ERR,ERR,ERR,ERR,ERR,ERR,ERR,ERR,ERR,ERR,ERR,ERR,ERR,ERR,ERR,ERR,ERR,ERR,ERR,ERR,ERR,ERR,ERR,ERR,ERR,ERR,ERR,ERR,ERR,ERR,ERR,ERR,ERR,ERR,ERR,ERR,ERR,ERR,ERR,ERR,ERR,ERR,ERR,ERR,ERR,ERR,ERR,ERR,ERR,ERR,ERR,ERR,ERR,ERR,ERR,ERR,ERR,ERR,ERR,50.0,60.0,100,0.0,0.0,0.0,0.0,0.0,0.0,0.0,0.0,0.0,0.0,0.0,0.0,0.0,0.0,0.0,0.0,61.6,77,11,65509,50,65476,0,300,0,0,8,20529,65476,0,0,26214,60.0,0.0,0.0,0.0,0.0,0.0
2026-05-17T16:57:47,ERR,ERR,ERR,ERR,ERR,ERR,ERR,ERR,ERR,ERR,ERR,ERR,ERR,ERR,ERR,ERR,ERR,ERR,ERR,ERR,ERR,ERR,ERR,ERR,ERR,ERR,ERR,ERR,ERR,ERR,ERR,ERR,ERR,ERR,ERR,ERR,ERR,ERR,ERR,ERR,ERR,ERR,ERR,ERR,ERR,ERR,ERR,ERR,ERR,ERR,ERR,ERR,ERR,ERR,ERR,ERR,ERR,ERR,ERR,ERR,ERR,ERR,ERR,ERR,ERR,ERR,ERR,ERR,ERR,ERR,ERR,ERR,ERR,ERR,ERR,ERR,ERR,ERR,ERR,ERR,ERR,ERR,ERR,ERR,ERR,ERR,ERR,ERR,ERR,ERR,ERR,ERR,ERR,ERR,ERR,ERR,ERR,ERR,ERR,ERR,ERR,ERR,ERR,ERR,ERR,ERR,ERR,ERR,ERR,ERR,ERR,ERR,ERR,ERR,ERR,ERR,ERR,ERR,ERR,ERR,ERR,ERR,ERR,ERR,ERR,0.0,0.0,-134474944.0,0.0,0.0,1.3936040501711995e+18,7.805,0.0,0,0,4,0,8422,0.0,45,0.0,0.0,0.0,0.0,0.0,0,0,0,0,0.0,0,0,0,0,0,0,0,0,0,0,0,0,0,0,0,0,0,0,0,0,0,0,0,0,0,0,0,0,0,0,0,0,0,38,14,7,45,65476,0,300,0,0,8,21553,0.0,-107605600.0,0.0,0.0,0.0,0.0,0.0,0.0,0.0,0.0,0.0,0.0,0.0,0.0,0.0,0.0,0.0,0.0,0.0,0.0,0.0,0.0,0.0,0.0,-2.004,2.004,0.0,0.0,0.0,0.0,5010.0,1.040665380856972e+34,0.0,0.0,0.0,0.0,-107615304.0,0.0,0.0,0.0,0.0,53,4.066880103266858e+29,89220.562,0.0,0.0,0.0,0.0,0.0,0.0,0.0,0,0,0,0.0,0.0,0.0,0.0,0.0,0.0,0.0,0.0,0.0,0.0,0.0,0.0,0.0,0.0,0.0,0.0,0,-107875648.0,53,0.0,106,-107614832.0,2.7006707062415038e+23,ERR,ERR,ERR,ERR,ERR,ERR,ERR,ERR,ERR,ERR,ERR,ERR,ERR,ERR,ERR,ERR,ERR,ERR,ERR,ERR,ERR,ERR,ERR,ERR,ERR,ERR,ERR,ERR,ERR,ERR,ERR,ERR,ERR,ERR,ERR,ERR,ERR,ERR,ERR,ERR,ERR,ERR,ERR,ERR,ERR,ERR,ERR,ERR,ERR,ERR,ERR,ERR,ERR,ERR,ERR,ERR,ERR,ERR,ERR,ERR,ERR,ERR,ERR,ERR,ERR,ERR,ERR,50.0,60.0,100,0.0,0.0,0.0,0.0,0.0,0.0,0.0,0.0,0.0,0.0,0.0,0.0,0.0,0.0,0.0,0.0,62.0,77,11,65509,50,65476,0,300,0,0,8,20529,65476,0,0,26214,60.0,0.0,0.0,0.0,0.0,0.0
2026-05-17T16:57:48,ERR,ERR,ERR,ERR,ERR,ERR,ERR,ERR,ERR,ERR,ERR,ERR,ERR,ERR,ERR,ERR,ERR,ERR,ERR,ERR,ERR,ERR,ERR,ERR,ERR,ERR,ERR,ERR,ERR,ERR,ERR,ERR,ERR,ERR,ERR,ERR,ERR,ERR,ERR,ERR,ERR,ERR,ERR,ERR,ERR,ERR,ERR,ERR,ERR,ERR,ERR,ERR,ERR,ERR,ERR,ERR,ERR,ERR,ERR,ERR,ERR,ERR,ERR,ERR,ERR,ERR,ERR,ERR,ERR,ERR,ERR,ERR,ERR,ERR,ERR,ERR,ERR,ERR,ERR,ERR,ERR,ERR,ERR,ERR,ERR,ERR,ERR,ERR,ERR,ERR,ERR,ERR,ERR,ERR,ERR,ERR,ERR,ERR,ERR,ERR,ERR,ERR,ERR,ERR,ERR,ERR,ERR,ERR,ERR,ERR,ERR,ERR,ERR,ERR,ERR,ERR,ERR,ERR,ERR,ERR,ERR,ERR,ERR,ERR,ERR,0.0,0.0,-134474944.0,0.0,0.0,1.3936040501711995e+18,7.805,0.0,0,0,4,0,8422,0.0,45,0.0,0.0,0.0,0.0,0.0,0,0,0,0,0.0,0,0,0,0,0,0,0,0,0,0,0,0,0,0,0,0,0,0,0,0,0,0,0,0,0,0,0,0,0,0,0,0,0,38,14,7,45,65476,0,300,0,0,8,21553,0.0,-107605600.0,0.0,0.0,0.0,0.0,0.0,0.0,0.0,0.0,0.0,0.0,0.0,0.0,0.0,0.0,0.0,0.0,0.0,0.0,0.0,0.0,0.0,0.0,-2.004,2.004,0.0,0.0,0.0,0.0,5010.0,1.040665380856972e+34,0.0,0.0,0.0,0.0,-107615304.0,0.0,0.0,0.0,0.0,53,4.066880103266858e+29,89220.562,0.0,0.0,0.0,0.0,0.0,0.0,0.0,0,0,0,0.0,0.0,0.0,0.0,0.0,0.0,0.0,0.0,0.0,0.0,0.0,0.0,0.0,0.0,0.0,0.0,0,-107875648.0,53,0.0,106,-107614832.0,2.7006707062415038e+23,ERR,ERR,ERR,ERR,ERR,ERR,ERR,ERR,ERR,ERR,ERR,ERR,ERR,ERR,ERR,ERR,ERR,ERR,ERR,ERR,ERR,ERR,ERR,ERR,ERR,ERR,ERR,ERR,ERR,ERR,ERR,ERR,ERR,ERR,ERR,ERR,ERR,ERR,ERR,ERR,ERR,ERR,ERR,ERR,ERR,ERR,ERR,ERR,ERR,ERR,ERR,ERR,ERR,ERR,ERR,ERR,ERR,ERR,ERR,ERR,ERR,ERR,ERR,ERR,ERR,ERR,ERR,50.0,60.0,100,0.0,0.0,0.0,0.0,0.0,0.0,0.0,0.0,0.0,0.0,0.0,0.0,0.0,0.0,0.0,0.0,61.6,77,11,65509,50,65476,0,300,0,0,8,20529,65476,0,0,26214,60.0,0.0,0.0,0.0,0.0,0.0
2026-05-17T16:57:49,ERR,ERR,ERR,ERR,ERR,ERR,ERR,ERR,ERR,ERR,ERR,ERR,ERR,ERR,ERR,ERR,ERR,ERR,ERR,ERR,ERR,ERR,ERR,ERR,ERR,ERR,ERR,ERR,ERR,ERR,ERR,ERR,ERR,ERR,ERR,ERR,ERR,ERR,ERR,ERR,ERR,ERR,ERR,ERR,ERR,ERR,ERR,ERR,ERR,ERR,ERR,ERR,ERR,ERR,ERR,ERR,ERR,ERR,ERR,ERR,ERR,ERR,ERR,ERR,ERR,ERR,ERR,ERR,ERR,ERR,ERR,ERR,ERR,ERR,ERR,ERR,ERR,ERR,ERR,ERR,ERR,ERR,ERR,ERR,ERR,ERR,ERR,ERR,ERR,ERR,ERR,ERR,ERR,ERR,ERR,ERR,ERR,ERR,ERR,ERR,ERR,ERR,ERR,ERR,ERR,ERR,ERR,ERR,ERR,ERR,ERR,ERR,ERR,ERR,ERR,ERR,ERR,ERR,ERR,ERR,ERR,ERR,ERR,ERR,ERR,0.0,0.0,-134474944.0,0.0,0.0,1.3936040501711995e+18,7.805,0.0,0,0,4,0,8422,0.0,45,0.0,0.0,0.0,0.0,0.0,0,0,0,0,0.0,0,0,0,0,0,0,0,0,0,0,0,0,0,0,0,0,0,0,0,0,0,0,0,0,0,0,0,0,0,0,0,0,0,38,14,7,45,65476,0,300,0,0,8,21553,0.0,-107605600.0,0.0,0.0,0.0,0.0,0.0,0.0,0.0,0.0,0.0,0.0,0.0,0.0,0.0,0.0,0.0,0.0,0.0,0.0,0.0,0.0,0.0,0.0,-2.004,2.004,0.0,0.0,0.0,0.0,5017.0,0.0,0.0,0.0,0.0,0.0,-107615304.0,0.0,0.0,0.0,0.0,53,-0.0,-4.950401131092143e+32,0.0,0.0,0.0,0.0,0.0,0.0,0.0,0,0,0,0.0,0.0,0.0,0.0,0.0,0.0,0.0,0.0,0.0,0.0,0.0,0.0,0.0,0.0,0.0,0.0,0,-107875648.0,53,0.0,106,-107614832.0,2.7006707062415038e+23,ERR,ERR,ERR,ERR,ERR,ERR,ERR,ERR,ERR,ERR,ERR,ERR,ERR,ERR,ERR,ERR,ERR,ERR,ERR,ERR,ERR,ERR,ERR,ERR,ERR,ERR,ERR,ERR,ERR,ERR,ERR,ERR,ERR,ERR,ERR,ERR,ERR,ERR,ERR,ERR,ERR,ERR,ERR,ERR,ERR,ERR,ERR,ERR,ERR,ERR,ERR,ERR,ERR,ERR,ERR,ERR,ERR,ERR,ERR,ERR,ERR,ERR,ERR,ERR,ERR,ERR,ERR,50.0,60.0,100,0.0,0.0,0.0,0.0,0.0,0.0,0.0,0.0,0.0,0.0,0.0,0.0,0.0,0.0,0.0,0.0,61.6,77,11,65509,50,65476,0,300,0,0,8,20529,65476,0,0,26214,60.0,0.0,0.0,0.0,0.0,0.0
2026-05-17T16:57:50,ERR,ERR,ERR,ERR,ERR,ERR,ERR,ERR,ERR,ERR,ERR,ERR,ERR,ERR,ERR,ERR,ERR,ERR,ERR,ERR,ERR,ERR,ERR,ERR,ERR,ERR,ERR,ERR,ERR,ERR,ERR,ERR,ERR,ERR,ERR,ERR,ERR,ERR,ERR,ERR,ERR,ERR,ERR,ERR,ERR,ERR,ERR,ERR,ERR,ERR,ERR,ERR,ERR,ERR,ERR,ERR,ERR,ERR,ERR,ERR,ERR,ERR,ERR,ERR,ERR,ERR,ERR,ERR,ERR,ERR,ERR,ERR,ERR,ERR,ERR,ERR,ERR,ERR,ERR,ERR,ERR,ERR,ERR,ERR,ERR,ERR,ERR,ERR,ERR,ERR,ERR,ERR,ERR,ERR,ERR,ERR,ERR,ERR,ERR,ERR,ERR,ERR,ERR,ERR,ERR,ERR,ERR,ERR,ERR,ERR,ERR,ERR,ERR,ERR,ERR,ERR,ERR,ERR,ERR,ERR,ERR,ERR,ERR,ERR,ERR,0.0,0.0,-134474944.0,0.0,0.0,1.3936040501711995e+18,7.805,0.0,0,0,4,0,8422,0.0,45,0.0,0.0,0.0,0.0,0.0,0,0,0,0,0.0,0,0,0,0,0,0,0,0,0,0,0,0,0,0,0,0,0,0,0,0,0,0,0,0,0,0,0,0,0,0,0,0,0,38,14,7,45,65476,0,300,0,0,8,21553,0.0,-107605600.0,0.0,0.0,0.0,0.0,0.0,0.0,0.0,0.0,0.0,0.0,0.0,0.0,0.0,0.0,0.0,0.0,0.0,0.0,0.0,0.0,0.0,0.0,-2.004,2.004,0.0,0.0,0.0,0.0,5017.0,0.0,0.0,0.0,0.0,0.0,-107615304.0,0.0,0.0,0.0,0.0,53,-0.0,-4.950401131092143e+32,0.0,0.0,0.0,0.0,0.0,0.0,0.0,0,0,0,0.0,0.0,0.0,0.0,0.0,0.0,0.0,0.0,0.0,0.0,0.0,0.0,0.0,0.0,0.0,0.0,0,-107875648.0,53,0.0,106,-107614832.0,2.7006707062415038e+23,ERR,ERR,ERR,ERR,ERR,ERR,ERR,ERR,ERR,ERR,ERR,ERR,ERR,ERR,ERR,ERR,ERR,ERR,ERR,ERR,ERR,ERR,ERR,ERR,ERR,ERR,ERR,ERR,ERR,ERR,ERR,ERR,ERR,ERR,ERR,ERR,ERR,ERR,ERR,ERR,ERR,ERR,ERR,ERR,ERR,ERR,ERR,ERR,ERR,ERR,ERR,ERR,ERR,ERR,ERR,ERR,ERR,ERR,ERR,ERR,ERR,ERR,ERR,ERR,ERR,ERR,ERR,50.0,60.0,100,0.0,0.0,0.0,0.0,0.0,0.0,0.0,0.0,0.0,0.0,0.0,0.0,0.0,0.0,0.0,0.0,62.0,77,11,65509,50,65476,0,300,0,0,8,20529,65476,0,0,26214,60.0,0.0,0.0,0.0,0.0,0.0
2026-05-17T16:57:51,ERR,ERR,ERR,ERR,ERR,ERR,ERR,ERR,ERR,ERR,ERR,ERR,ERR,ERR,ERR,ERR,ERR,ERR,ERR,ERR,ERR,ERR,ERR,ERR,ERR,ERR,ERR,ERR,ERR,ERR,ERR,ERR,ERR,ERR,ERR,ERR,ERR,ERR,ERR,ERR,ERR,ERR,ERR,ERR,ERR,ERR,ERR,ERR,ERR,ERR,ERR,ERR,ERR,ERR,ERR,ERR,ERR,ERR,ERR,ERR,ERR,ERR,ERR,ERR,ERR,ERR,ERR,ERR,ERR,ERR,ERR,ERR,ERR,ERR,ERR,ERR,ERR,ERR,ERR,ERR,ERR,ERR,ERR,ERR,ERR,ERR,ERR,ERR,ERR,ERR,ERR,ERR,ERR,ERR,ERR,ERR,ERR,ERR,ERR,ERR,ERR,ERR,ERR,ERR,ERR,ERR,ERR,ERR,ERR,ERR,ERR,ERR,ERR,ERR,ERR,ERR,ERR,ERR,ERR,ERR,ERR,ERR,ERR,ERR,ERR,0.0,0.0,-134474944.0,0.0,0.0,1.3936040501711995e+18,7.805,0.0,0,0,4,0,8422,0.0,45,0.0,0.0,0.0,0.0,0.0,0,0,0,0,0.0,0,0,0,0,0,0,0,0,0,0,0,0,0,0,0,0,0,0,0,0,0,0,0,0,0,0,0,0,0,0,0,0,0,38,14,7,45,65476,0,300,0,0,8,21553,0.0,-107605600.0,0.0,0.0,0.0,0.0,0.0,0.0,0.0,0.0,0.0,0.0,0.0,0.0,0.0,0.0,0.0,0.0,0.0,0.0,0.0,0.0,0.0,0.0,-2.004,2.004,0.0,0.0,0.0,0.0,5017.0,0.0,0.0,0.0,0.0,0.0,-107615304.0,0.0,0.0,0.0,0.0,53,-0.0,-4.950401131092143e+32,0.0,0.0,0.0,0.0,0.0,0.0,0.0,0,0,0,0.0,0.0,0.0,0.0,0.0,0.0,0.0,0.0,0.0,0.0,0.0,0.0,0.0,0.0,0.0,0.0,0,-107875648.0,53,0.0,106,-107614832.0,2.7006707062415038e+23,ERR,ERR,ERR,ERR,ERR,ERR,ERR,ERR,ERR,ERR,ERR,ERR,ERR,ERR,ERR,ERR,ERR,ERR,ERR,ERR,ERR,ERR,ERR,ERR,ERR,ERR,ERR,ERR,ERR,ERR,ERR,ERR,ERR,ERR,ERR,ERR,ERR,ERR,ERR,ERR,ERR,ERR,ERR,ERR,ERR,ERR,ERR,ERR,ERR,ERR,ERR,ERR,ERR,ERR,ERR,ERR,ERR,ERR,ERR,ERR,ERR,ERR,ERR,ERR,ERR,ERR,ERR,50.0,60.0,100,0.0,0.0,0.0,0.0,0.0,0.0,0.0,0.0,0.0,0.0,0.0,0.0,0.0,0.0,0.0,0.0,62.0,77,11,65509,50,65476,0,300,0,0,8,20529,65476,0,0,26214,60.0,0.0,0.0,0.0,0.0,0.0
2026-05-17T16:57:52,ERR,ERR,ERR,ERR,ERR,ERR,ERR,ERR,ERR,ERR,ERR,ERR,ERR,ERR,ERR,ERR,ERR,ERR,ERR,ERR,ERR,ERR,ERR,ERR,ERR,ERR,ERR,ERR,ERR,ERR,ERR,ERR,ERR,ERR,ERR,ERR,ERR,ERR,ERR,ERR,ERR,ERR,ERR,ERR,ERR,ERR,ERR,ERR,ERR,ERR,ERR,ERR,ERR,ERR,ERR,ERR,ERR,ERR,ERR,ERR,ERR,ERR,ERR,ERR,ERR,ERR,ERR,ERR,ERR,ERR,ERR,ERR,ERR,ERR,ERR,ERR,ERR,ERR,ERR,ERR,ERR,ERR,ERR,ERR,ERR,ERR,ERR,ERR,ERR,ERR,ERR,ERR,ERR,ERR,ERR,ERR,ERR,ERR,ERR,ERR,ERR,ERR,ERR,ERR,ERR,ERR,ERR,ERR,ERR,ERR,ERR,ERR,ERR,ERR,ERR,ERR,ERR,ERR,ERR,ERR,ERR,ERR,ERR,ERR,ERR,0.0,0.0,-134474944.0,0.0,0.0,1.3936040501711995e+18,7.805,0.0,0,0,4,0,8422,0.0,45,0.0,0.0,0.0,0.0,0.0,0,0,0,0,0.0,0,0,0,0,0,0,0,0,0,0,0,0,0,0,0,0,0,0,0,0,0,0,0,0,0,0,0,0,0,0,0,0,0,38,14,7,45,65476,0,300,0,0,8,21553,0.0,-107605600.0,0.0,0.0,0.0,0.0,0.0,0.0,0.0,0.0,0.0,0.0,0.0,0.0,0.0,0.0,0.0,0.0,0.0,0.0,0.0,0.0,0.0,0.0,-2.004,2.004,0.0,0.0,0.0,0.0,5017.0,0.0,0.0,0.0,0.0,0.0,-107615304.0,0.0,0.0,0.0,0.0,53,-0.0,-4.950401131092143e+32,0.0,0.0,0.0,0.0,0.0,0.0,0.0,0,0,0,0.0,0.0,0.0,0.0,0.0,0.0,0.0,0.0,0.0,0.0,0.0,0.0,0.0,0.0,0.0,0.0,0,-107875648.0,53,0.0,106,-107614832.0,2.7006707062415038e+23,ERR,ERR,ERR,ERR,ERR,ERR,ERR,ERR,ERR,ERR,ERR,ERR,ERR,ERR,ERR,ERR,ERR,ERR,ERR,ERR,ERR,ERR,ERR,ERR,ERR,ERR,ERR,ERR,ERR,ERR,ERR,ERR,ERR,ERR,ERR,ERR,ERR,ERR,ERR,ERR,ERR,ERR,ERR,ERR,ERR,ERR,ERR,ERR,ERR,ERR,ERR,ERR,ERR,ERR,ERR,ERR,ERR,ERR,ERR,ERR,ERR,ERR,ERR,ERR,ERR,ERR,ERR,50.0,60.0,100,0.0,0.0,0.0,0.0,0.0,0.0,0.0,0.0,0.0,0.0,0.0,0.0,0.0,0.0,0.0,0.0,61.6,77,11,65509,50,65476,0,300,0,0,8,20529,65476,0,0,26214,60.0,0.0,0.0,0.0,0.0,0.0
2026-05-17T16:57:53,ERR,ERR,ERR,ERR,ERR,ERR,ERR,ERR,ERR,ERR,ERR,ERR,ERR,ERR,ERR,ERR,ERR,ERR,ERR,ERR,ERR,ERR,ERR,ERR,ERR,ERR,ERR,ERR,ERR,ERR,ERR,ERR,ERR,ERR,ERR,ERR,ERR,ERR,ERR,ERR,ERR,ERR,ERR,ERR,ERR,ERR,ERR,ERR,ERR,ERR,ERR,ERR,ERR,ERR,ERR,ERR,ERR,ERR,ERR,ERR,ERR,ERR,ERR,ERR,ERR,ERR,ERR,ERR,ERR,ERR,ERR,ERR,ERR,ERR,ERR,ERR,ERR,ERR,ERR,ERR,ERR,ERR,ERR,ERR,ERR,ERR,ERR,ERR,ERR,ERR,ERR,ERR,ERR,ERR,ERR,ERR,ERR,ERR,ERR,ERR,ERR,ERR,ERR,ERR,ERR,ERR,ERR,ERR,ERR,ERR,ERR,ERR,ERR,ERR,ERR,ERR,ERR,ERR,ERR,ERR,ERR,ERR,ERR,ERR,ERR,0.0,0.0,-134474944.0,0.0,0.0,1.3936040501711995e+18,7.805,0.0,0,0,4,0,8422,0.0,45,0.0,0.0,0.0,0.0,0.0,0,0,0,0,0.0,0,0,0,0,0,0,0,0,0,0,0,0,0,0,0,0,0,0,0,0,0,0,0,0,0,0,0,0,0,0,0,0,0,38,14,7,45,65476,0,300,0,0,8,21553,0.0,-107605600.0,0.0,0.0,0.0,0.0,0.0,0.0,0.0,0.0,0.0,0.0,0.0,0.0,0.0,0.0,0.0,0.0,0.0,0.0,0.0,0.0,0.0,0.0,-2.004,2.004,0.0,0.0,0.0,0.0,5017.0,0.0,0.0,0.0,0.0,0.0,-107615304.0,0.0,0.0,0.0,0.0,53,-0.0,-4.950401131092143e+32,0.0,0.0,0.0,0.0,0.0,0.0,0.0,0,0,0,0.0,0.0,0.0,0.0,0.0,0.0,0.0,0.0,0.0,0.0,0.0,0.0,0.0,0.0,0.0,0.0,0,-107875648.0,53,0.0,106,-107614832.0,2.7006707062415038e+23,ERR,ERR,ERR,ERR,ERR,ERR,ERR,ERR,ERR,ERR,ERR,ERR,ERR,ERR,ERR,ERR,ERR,ERR,ERR,ERR,ERR,ERR,ERR,ERR,ERR,ERR,ERR,ERR,ERR,ERR,ERR,ERR,ERR,ERR,ERR,ERR,ERR,ERR,ERR,ERR,ERR,ERR,ERR,ERR,ERR,ERR,ERR,ERR,ERR,ERR,ERR,ERR,ERR,ERR,ERR,ERR,ERR,ERR,ERR,ERR,ERR,ERR,ERR,ERR,ERR,ERR,ERR,50.0,60.0,100,0.0,0.0,0.0,0.0,0.0,0.0,0.0,0.0,0.0,0.0,0.0,0.0,0.0,0.0,0.0,0.0,61.6,77,11,65509,50,65476,0,300,0,0,8,20529,65476,0,0,26214,60.0,0.0,0.0,0.0,0.0,0.0
2026-05-17T16:57:54,ERR,ERR,ERR,ERR,ERR,ERR,ERR,ERR,ERR,ERR,ERR,ERR,ERR,ERR,ERR,ERR,ERR,ERR,ERR,ERR,ERR,ERR,ERR,ERR,ERR,ERR,ERR,ERR,ERR,ERR,ERR,ERR,ERR,ERR,ERR,ERR,ERR,ERR,ERR,ERR,ERR,ERR,ERR,ERR,ERR,ERR,ERR,ERR,ERR,ERR,ERR,ERR,ERR,ERR,ERR,ERR,ERR,ERR,ERR,ERR,ERR,ERR,ERR,ERR,ERR,ERR,ERR,ERR,ERR,ERR,ERR,ERR,ERR,ERR,ERR,ERR,ERR,ERR,ERR,ERR,ERR,ERR,ERR,ERR,ERR,ERR,ERR,ERR,ERR,ERR,ERR,ERR,ERR,ERR,ERR,ERR,ERR,ERR,ERR,ERR,ERR,ERR,ERR,ERR,ERR,ERR,ERR,ERR,ERR,ERR,ERR,ERR,ERR,ERR,ERR,ERR,ERR,ERR,ERR,ERR,ERR,ERR,ERR,ERR,ERR,0.0,0.0,0.0,0.0,0.0,1.3936040501711995e+18,7.805,0.0,0,0,4,0,8422,0.0,45,0.0,0.0,0.0,0.0,0.0,0,0,0,0,0.0,0,0,0,0,0,0,0,0,0,0,0,0,0,0,0,0,0,0,0,0,0,0,0,0,0,0,0,0,0,0,0,0,0,38,14,7,45,65476,0,300,0,0,8,21553,0.0,-107605600.0,0.0,0.0,0.0,0.0,0.0,0.0,0.0,0.0,0.0,0.0,0.0,0.0,0.0,0.0,0.0,0.0,0.0,0.0,0.0,0.0,0.0,2.004,-2.004,2.004,0.0,0.0,0.0,0.0,5018.0,0.0,0.0,2.718428759860196e+23,0.0,0.0,-107615304.0,0.0,0.0,0.0,0.0,53,-0.0,-3.222002398308886e+26,0.0,0.0,0.0,0.0,0.0,0.0,0.0,0,0,0,0.0,0.0,0.0,0.0,0.0,0.0,0.0,0.0,0.0,0.0,0.0,0.0,0.0,0.0,0.0,0.0,0,-107875648.0,53,0.0,106,-107614832.0,2.7006707062415038e+23,ERR,ERR,ERR,ERR,ERR,ERR,ERR,ERR,ERR,ERR,ERR,ERR,ERR,ERR,ERR,ERR,ERR,ERR,ERR,ERR,ERR,ERR,ERR,ERR,ERR,ERR,ERR,ERR,ERR,ERR,ERR,ERR,ERR,ERR,ERR,ERR,ERR,ERR,ERR,ERR,ERR,ERR,ERR,ERR,ERR,ERR,ERR,ERR,ERR,ERR,ERR,ERR,ERR,ERR,ERR,ERR,ERR,ERR,ERR,ERR,ERR,ERR,ERR,ERR,ERR,ERR,ERR,50.0,60.0,100,0.0,0.0,0.0,0.0,0.0,0.0,0.0,0.0,0.0,0.0,0.0,0.0,0.0,0.0,0.0,0.0,61.6,77,11,65509,50,65476,0,300,0,0,8,20529,65476,0,0,26214,60.0,0.0,0.0,0.0,0.0,0.0
2026-05-17T16:57:55,ERR,ERR,ERR,ERR,ERR,ERR,ERR,ERR,ERR,ERR,ERR,ERR,ERR,ERR,ERR,ERR,ERR,ERR,ERR,ERR,ERR,ERR,ERR,ERR,ERR,ERR,ERR,ERR,ERR,ERR,ERR,ERR,ERR,ERR,ERR,ERR,ERR,ERR,ERR,ERR,ERR,ERR,ERR,ERR,ERR,ERR,ERR,ERR,ERR,ERR,ERR,ERR,ERR,ERR,ERR,ERR,ERR,ERR,ERR,ERR,ERR,ERR,ERR,ERR,ERR,ERR,ERR,ERR,ERR,ERR,ERR,ERR,ERR,ERR,ERR,ERR,ERR,ERR,ERR,ERR,ERR,ERR,ERR,ERR,ERR,ERR,ERR,ERR,ERR,ERR,ERR,ERR,ERR,ERR,ERR,ERR,ERR,ERR,ERR,ERR,ERR,ERR,ERR,ERR,ERR,ERR,ERR,ERR,ERR,ERR,ERR,ERR,ERR,ERR,ERR,ERR,ERR,ERR,ERR,ERR,ERR,ERR,ERR,ERR,ERR,0.0,0.0,0.0,0.0,0.0,1.3936040501711995e+18,7.805,0.0,0,0,4,0,8422,0.0,45,0.0,0.0,0.0,0.0,0.0,0,0,0,0,0.0,0,0,0,0,0,0,0,0,0,0,0,0,0,0,0,0,0,0,0,0,0,0,0,0,0,0,0,0,0,0,0,0,0,38,14,7,45,65476,0,300,0,0,8,21553,0.0,-107605600.0,0.0,0.0,0.0,0.0,0.0,0.0,0.0,0.0,0.0,0.0,0.0,0.0,0.0,0.0,0.0,0.0,0.0,0.0,0.0,0.0,0.0,2.004,-2.004,2.004,0.0,0.0,0.0,0.0,5018.0,0.0,0.0,2.718428759860196e+23,0.0,0.0,-107615304.0,0.0,0.0,0.0,0.0,53,-0.0,-3.222002398308886e+26,0.0,0.0,0.0,0.0,0.0,0.0,0.0,0,0,0,0.0,0.0,0.0,0.0,0.0,0.0,0.0,0.0,0.0,0.0,0.0,0.0,0.0,0.0,0.0,0.0,0,-107875648.0,53,0.0,106,-107614832.0,2.7006707062415038e+23,ERR,ERR,ERR,ERR,ERR,ERR,ERR,ERR,ERR,ERR,ERR,ERR,ERR,ERR,ERR,ERR,ERR,ERR,ERR,ERR,ERR,ERR,ERR,ERR,ERR,ERR,ERR,ERR,ERR,ERR,ERR,ERR,ERR,ERR,ERR,ERR,ERR,ERR,ERR,ERR,ERR,ERR,ERR,ERR,ERR,ERR,ERR,ERR,ERR,ERR,ERR,ERR,ERR,ERR,ERR,ERR,ERR,ERR,ERR,ERR,ERR,ERR,ERR,ERR,ERR,ERR,ERR,50.0,60.0,100,0.0,0.0,0.0,0.0,0.0,0.0,0.0,0.0,0.0,0.0,0.0,0.0,0.0,0.0,0.0,0.0,61.6,77,11,65509,50,65476,0,300,0,0,8,20529,65476,0,0,26214,60.0,0.0,0.0,0.0,0.0,0.0
2026-05-17T16:57:56,ERR,ERR,ERR,ERR,ERR,ERR,ERR,ERR,ERR,ERR,ERR,ERR,ERR,ERR,ERR,ERR,ERR,ERR,ERR,ERR,ERR,ERR,ERR,ERR,ERR,ERR,ERR,ERR,ERR,ERR,ERR,ERR,ERR,ERR,ERR,ERR,ERR,ERR,ERR,ERR,ERR,ERR,ERR,ERR,ERR,ERR,ERR,ERR,ERR,ERR,ERR,ERR,ERR,ERR,ERR,ERR,ERR,ERR,ERR,ERR,ERR,ERR,ERR,ERR,ERR,ERR,ERR,ERR,ERR,ERR,ERR,ERR,ERR,ERR,ERR,ERR,ERR,ERR,ERR,ERR,ERR,ERR,ERR,ERR,ERR,ERR,ERR,ERR,ERR,ERR,ERR,ERR,ERR,ERR,ERR,ERR,ERR,ERR,ERR,ERR,ERR,ERR,ERR,ERR,ERR,ERR,ERR,ERR,ERR,ERR,ERR,ERR,ERR,ERR,ERR,ERR,ERR,ERR,ERR,ERR,ERR,ERR,ERR,ERR,ERR,0.0,0.0,0.0,0.0,0.0,1.3936040501711995e+18,7.805,0.0,0,0,4,0,8422,0.0,45,0.0,0.0,0.0,0.0,0.0,0,0,0,0,0.0,0,0,0,0,0,0,0,0,0,0,0,0,0,0,0,0,0,0,0,0,0,0,0,0,0,0,0,0,0,0,0,0,0,38,14,7,45,65476,0,300,0,0,8,21553,0.0,-107605600.0,0.0,0.0,0.0,0.0,0.0,0.0,0.0,0.0,0.0,0.0,0.0,0.0,0.0,0.0,0.0,0.0,0.0,0.0,0.0,0.0,0.0,2.004,-2.004,2.004,0.0,0.0,0.0,0.0,5018.0,0.0,0.0,2.718428759860196e+23,0.0,0.0,-107615304.0,0.0,0.0,0.0,0.0,53,-0.0,-3.222002398308886e+26,0.0,0.0,0.0,0.0,0.0,0.0,0.0,0,0,0,0.0,0.0,0.0,0.0,0.0,0.0,0.0,0.0,0.0,0.0,0.0,0.0,0.0,0.0,0.0,0.0,0,-107875648.0,53,0.0,106,-107614832.0,2.7006707062415038e+23,ERR,ERR,ERR,ERR,ERR,ERR,ERR,ERR,ERR,ERR,ERR,ERR,ERR,ERR,ERR,ERR,ERR,ERR,ERR,ERR,ERR,ERR,ERR,ERR,ERR,ERR,ERR,ERR,ERR,ERR,ERR,ERR,ERR,ERR,ERR,ERR,ERR,ERR,ERR,ERR,ERR,ERR,ERR,ERR,ERR,ERR,ERR,ERR,ERR,ERR,ERR,ERR,ERR,ERR,ERR,ERR,ERR,ERR,ERR,ERR,ERR,ERR,ERR,ERR,ERR,ERR,ERR,50.0,60.0,100,0.0,0.0,0.0,0.0,0.0,0.0,0.0,0.0,0.0,0.0,0.0,0.0,0.0,0.0,0.0,0.0,61.6,77,11,65509,50,65476,0,300,0,0,8,20529,65476,0,0,26214,60.0,0.0,0.0,0.0,0.0,0.0
2026-05-17T16:57:57,ERR,ERR,ERR,ERR,ERR,ERR,ERR,ERR,ERR,ERR,ERR,ERR,ERR,ERR,ERR,ERR,ERR,ERR,ERR,ERR,ERR,ERR,ERR,ERR,ERR,ERR,ERR,ERR,ERR,ERR,ERR,ERR,ERR,ERR,ERR,ERR,ERR,ERR,ERR,ERR,ERR,ERR,ERR,ERR,ERR,ERR,ERR,ERR,ERR,ERR,ERR,ERR,ERR,ERR,ERR,ERR,ERR,ERR,ERR,ERR,ERR,ERR,ERR,ERR,ERR,ERR,ERR,ERR,ERR,ERR,ERR,ERR,ERR,ERR,ERR,ERR,ERR,ERR,ERR,ERR,ERR,ERR,ERR,ERR,ERR,ERR,ERR,ERR,ERR,ERR,ERR,ERR,ERR,ERR,ERR,ERR,ERR,ERR,ERR,ERR,ERR,ERR,ERR,ERR,ERR,ERR,ERR,ERR,ERR,ERR,ERR,ERR,ERR,ERR,ERR,ERR,ERR,ERR,ERR,ERR,ERR,ERR,ERR,ERR,ERR,0.0,0.0,0.0,0.0,0.0,1.3936040501711995e+18,7.805,0.0,0,0,4,0,8422,0.0,45,0.0,0.0,0.0,0.0,0.0,0,0,0,0,0.0,0,0,0,0,0,0,0,0,0,0,0,0,0,0,0,0,0,0,0,0,0,0,0,0,0,0,0,0,0,0,0,0,0,38,14,7,45,65476,0,300,0,0,8,21553,0.0,-107605600.0,0.0,0.0,0.0,0.0,0.0,0.0,0.0,0.0,0.0,0.0,0.0,0.0,0.0,0.0,0.0,0.0,0.0,0.0,0.0,0.0,0.0,2.004,-2.004,2.004,0.0,0.0,0.0,0.0,5018.0,0.0,0.0,2.718428759860196e+23,0.0,0.0,-107615304.0,0.0,0.0,0.0,0.0,53,-0.0,-3.222002398308886e+26,0.0,0.0,0.0,0.0,0.0,0.0,0.0,0,0,0,0.0,0.0,0.0,0.0,0.0,0.0,0.0,0.0,0.0,0.0,0.0,0.0,0.0,0.0,0.0,0.0,0,-107875648.0,53,0.0,106,-107614832.0,2.7006707062415038e+23,ERR,ERR,ERR,ERR,ERR,ERR,ERR,ERR,ERR,ERR,ERR,ERR,ERR,ERR,ERR,ERR,ERR,ERR,ERR,ERR,ERR,ERR,ERR,ERR,ERR,ERR,ERR,ERR,ERR,ERR,ERR,ERR,ERR,ERR,ERR,ERR,ERR,ERR,ERR,ERR,ERR,ERR,ERR,ERR,ERR,ERR,ERR,ERR,ERR,ERR,ERR,ERR,ERR,ERR,ERR,ERR,ERR,ERR,ERR,ERR,ERR,ERR,ERR,ERR,ERR,ERR,ERR,50.0,60.0,100,0.0,0.0,0.0,0.0,0.0,0.0,0.0,0.0,0.0,0.0,0.0,0.0,0.0,0.0,0.0,0.0,61.6,77,11,65509,50,65476,0,300,0,0,8,20529,65476,0,0,26214,60.0,0.0,0.0,0.0,0.0,0.0
2026-05-17T16:57:58,ERR,ERR,ERR,ERR,ERR,ERR,ERR,ERR,ERR,ERR,ERR,ERR,ERR,ERR,ERR,ERR,ERR,ERR,ERR,ERR,ERR,ERR,ERR,ERR,ERR,ERR,ERR,ERR,ERR,ERR,ERR,ERR,ERR,ERR,ERR,ERR,ERR,ERR,ERR,ERR,ERR,ERR,ERR,ERR,ERR,ERR,ERR,ERR,ERR,ERR,ERR,ERR,ERR,ERR,ERR,ERR,ERR,ERR,ERR,ERR,ERR,ERR,ERR,ERR,ERR,ERR,ERR,ERR,ERR,ERR,ERR,ERR,ERR,ERR,ERR,ERR,ERR,ERR,ERR,ERR,ERR,ERR,ERR,ERR,ERR,ERR,ERR,ERR,ERR,ERR,ERR,ERR,ERR,ERR,ERR,ERR,ERR,ERR,ERR,ERR,ERR,ERR,ERR,ERR,ERR,ERR,ERR,ERR,ERR,ERR,ERR,ERR,ERR,ERR,ERR,ERR,ERR,ERR,ERR,ERR,ERR,ERR,ERR,ERR,ERR,0.0,0.0,0.0,0.0,0.0,1.3936040501711995e+18,7.805,0.0,0,0,4,0,8422,0.0,45,0.0,0.0,0.0,0.0,0.0,0,0,0,0,0.0,0,0,0,0,0,0,0,0,0,0,0,0,0,0,0,0,0,0,0,0,0,0,0,0,0,0,0,0,0,0,0,0,0,38,14,7,45,65476,0,300,0,0,8,21553,0.0,-107605600.0,0.0,0.0,0.0,0.0,0.0,0.0,0.0,0.0,0.0,0.0,0.0,0.0,0.0,0.0,0.0,0.0,0.0,0.0,0.0,0.0,0.0,2.004,-2.004,2.004,0.0,0.0,0.0,0.0,5018.0,0.0,0.0,2.718428759860196e+23,0.0,0.0,-107615304.0,0.0,0.0,0.0,0.0,53,-0.0,-3.222002398308886e+26,0.0,0.0,0.0,0.0,0.0,0.0,0.0,0,0,0,0.0,0.0,0.0,0.0,0.0,0.0,0.0,0.0,0.0,0.0,0.0,0.0,0.0,0.0,0.0,0.0,0,-107875648.0,53,0.0,106,-107614832.0,2.7006707062415038e+23,ERR,ERR,ERR,ERR,ERR,ERR,ERR,ERR,ERR,ERR,ERR,ERR,ERR,ERR,ERR,ERR,ERR,ERR,ERR,ERR,ERR,ERR,ERR,ERR,ERR,ERR,ERR,ERR,ERR,ERR,ERR,ERR,ERR,ERR,ERR,ERR,ERR,ERR,ERR,ERR,ERR,ERR,ERR,ERR,ERR,ERR,ERR,ERR,ERR,ERR,ERR,ERR,ERR,ERR,ERR,ERR,ERR,ERR,ERR,ERR,ERR,ERR,ERR,ERR,ERR,ERR,ERR,50.0,60.0,100,0.0,0.0,0.0,0.0,0.0,0.0,0.0,0.0,0.0,0.0,0.0,0.0,0.0,0.0,0.0,0.0,61.6,77,11,65509,50,65476,0,300,0,0,8,20529,65476,0,0,26214,60.0,0.0,0.0,0.0,0.0,0.0
2026-05-17T16:57:59,ERR,ERR,ERR,ERR,ERR,ERR,ERR,ERR,ERR,ERR,ERR,ERR,ERR,ERR,ERR,ERR,ERR,ERR,ERR,ERR,ERR,ERR,ERR,ERR,ERR,ERR,ERR,ERR,ERR,ERR,ERR,ERR,ERR,ERR,ERR,ERR,ERR,ERR,ERR,ERR,ERR,ERR,ERR,ERR,ERR,ERR,ERR,ERR,ERR,ERR,ERR,ERR,ERR,ERR,ERR,ERR,ERR,ERR,ERR,ERR,ERR,ERR,ERR,ERR,ERR,ERR,ERR,ERR,ERR,ERR,ERR,ERR,ERR,ERR,ERR,ERR,ERR,ERR,ERR,ERR,ERR,ERR,ERR,ERR,ERR,ERR,ERR,ERR,ERR,ERR,ERR,ERR,ERR,ERR,ERR,ERR,ERR,ERR,ERR,ERR,ERR,ERR,ERR,ERR,ERR,ERR,ERR,ERR,ERR,ERR,ERR,ERR,ERR,ERR,ERR,ERR,ERR,ERR,ERR,ERR,ERR,ERR,ERR,ERR,ERR,0.0,0.0,-134474944.0,0.0,0.0,1.3936040501711995e+18,7.805,0.0,0,0,4,0,8422,0.0,45,0.0,0.0,0.0,0.0,0.0,0,0,0,0,0.0,0,0,0,0,0,0,0,0,0,0,0,0,0,0,0,0,0,0,0,0,0,0,0,0,0,0,0,0,0,0,0,0,0,38,14,7,45,65476,0,300,0,0,8,21553,0.0,-107605600.0,0.0,0.0,0.0,0.0,0.0,0.0,0.0,0.0,0.0,0.0,0.0,0.0,0.0,0.0,0.0,0.0,0.0,0.0,0.0,0.0,0.0,0.0,-2.004,2.004,0.0,0.0,0.0,0.0,5011.0,8608182272.0,0.0,0.0,0.0,0.0,-107615304.0,0.0,0.0,0.0,0.0,53,4.950428597886765e+32,0.0,0.0,0.0,0.0,0.0,0.0,0.0,0.0,0,0,0,0.0,0.0,0.0,0.0,0.0,0.0,0.0,0.0,0.0,0.0,0.0,0.0,0.0,0.0,0.0,0.0,0,-107875648.0,53,0.0,106,-107614832.0,2.7006707062415038e+23,ERR,ERR,ERR,ERR,ERR,ERR,ERR,ERR,ERR,ERR,ERR,ERR,ERR,ERR,ERR,ERR,ERR,ERR,ERR,ERR,ERR,ERR,ERR,ERR,ERR,ERR,ERR,ERR,ERR,ERR,ERR,ERR,ERR,ERR,ERR,ERR,ERR,ERR,ERR,ERR,ERR,ERR,ERR,ERR,ERR,ERR,ERR,ERR,ERR,ERR,ERR,ERR,ERR,ERR,ERR,ERR,ERR,ERR,ERR,ERR,ERR,ERR,ERR,ERR,ERR,ERR,ERR,50.0,60.0,100,0.0,0.0,0.0,0.0,0.0,0.0,0.0,0.0,0.0,0.0,0.0,0.0,0.0,0.0,0.0,0.0,61.6,77,11,65509,50,65476,0,300,0,0,8,20529,65476,0,0,26214,60.0,0.0,0.0,0.0,0.0,0.0
2026-05-17T16:58:00,ERR,ERR,ERR,ERR,ERR,ERR,ERR,ERR,ERR,ERR,ERR,ERR,ERR,ERR,ERR,ERR,ERR,ERR,ERR,ERR,ERR,ERR,ERR,ERR,ERR,ERR,ERR,ERR,ERR,ERR,ERR,ERR,ERR,ERR,ERR,ERR,ERR,ERR,ERR,ERR,ERR,ERR,ERR,ERR,ERR,ERR,ERR,ERR,ERR,ERR,ERR,ERR,ERR,ERR,ERR,ERR,ERR,ERR,ERR,ERR,ERR,ERR,ERR,ERR,ERR,ERR,ERR,ERR,ERR,ERR,ERR,ERR,ERR,ERR,ERR,ERR,ERR,ERR,ERR,ERR,ERR,ERR,ERR,ERR,ERR,ERR,ERR,ERR,ERR,ERR,ERR,ERR,ERR,ERR,ERR,ERR,ERR,ERR,ERR,ERR,ERR,ERR,ERR,ERR,ERR,ERR,ERR,ERR,ERR,ERR,ERR,ERR,ERR,ERR,ERR,ERR,ERR,ERR,ERR,ERR,ERR,ERR,ERR,ERR,ERR,0.0,0.0,-134474944.0,0.0,0.0,1.3936040501711995e+18,7.805,0.0,0,0,4,0,8422,0.0,45,0.0,0.0,0.0,0.0,0.0,0,0,0,0,0.0,0,0,0,0,0,0,0,0,0,0,0,0,0,0,0,0,0,0,0,0,0,0,0,0,0,0,0,0,0,0,0,0,0,38,14,7,45,65476,0,300,0,0,8,21553,0.0,-107605600.0,0.0,0.0,0.0,0.0,0.0,0.0,0.0,0.0,0.0,0.0,0.0,0.0,0.0,0.0,0.0,0.0,0.0,0.0,0.0,0.0,0.0,0.0,-2.004,2.004,0.0,0.0,0.0,0.0,5011.0,8608182272.0,0.0,0.0,0.0,0.0,-107615304.0,0.0,0.0,0.0,0.0,53,4.950428597886765e+32,0.0,0.0,0.0,0.0,0.0,0.0,0.0,0.0,0,0,0,0.0,0.0,0.0,0.0,0.0,0.0,0.0,0.0,0.0,0.0,0.0,0.0,0.0,0.0,0.0,0.0,0,-107875648.0,53,0.0,106,-107614832.0,2.7006707062415038e+23,ERR,ERR,ERR,ERR,ERR,ERR,ERR,ERR,ERR,ERR,ERR,ERR,ERR,ERR,ERR,ERR,ERR,ERR,ERR,ERR,ERR,ERR,ERR,ERR,ERR,ERR,ERR,ERR,ERR,ERR,ERR,ERR,ERR,ERR,ERR,ERR,ERR,ERR,ERR,ERR,ERR,ERR,ERR,ERR,ERR,ERR,ERR,ERR,ERR,ERR,ERR,ERR,ERR,ERR,ERR,ERR,ERR,ERR,ERR,ERR,ERR,ERR,ERR,ERR,ERR,ERR,ERR,50.0,60.0,100,0.0,0.0,0.0,0.0,0.0,0.0,0.0,0.0,0.0,0.0,0.0,0.0,0.0,0.0,0.0,0.0,61.6,77,11,65509,50,65476,0,300,0,0,8,20529,65476,0,0,26214,60.0,0.0,0.0,0.0,0.0,0.0
2026-05-17T16:58:01,ERR,ERR,ERR,ERR,ERR,ERR,ERR,ERR,ERR,ERR,ERR,ERR,ERR,ERR,ERR,ERR,ERR,ERR,ERR,ERR,ERR,ERR,ERR,ERR,ERR,ERR,ERR,ERR,ERR,ERR,ERR,ERR,ERR,ERR,ERR,ERR,ERR,ERR,ERR,ERR,ERR,ERR,ERR,ERR,ERR,ERR,ERR,ERR,ERR,ERR,ERR,ERR,ERR,ERR,ERR,ERR,ERR,ERR,ERR,ERR,ERR,ERR,ERR,ERR,ERR,ERR,ERR,ERR,ERR,ERR,ERR,ERR,ERR,ERR,ERR,ERR,ERR,ERR,ERR,ERR,ERR,ERR,ERR,ERR,ERR,ERR,ERR,ERR,ERR,ERR,ERR,ERR,ERR,ERR,ERR,ERR,ERR,ERR,ERR,ERR,ERR,ERR,ERR,ERR,ERR,ERR,ERR,ERR,ERR,ERR,ERR,ERR,ERR,ERR,ERR,ERR,ERR,ERR,ERR,ERR,ERR,ERR,ERR,ERR,ERR,0.0,0.0,-134474944.0,0.0,0.0,1.3936040501711995e+18,7.805,0.0,0,0,4,0,8422,0.0,45,0.0,0.0,0.0,0.0,0.0,0,0,0,0,0.0,0,0,0,0,0,0,0,0,0,0,0,0,0,0,0,0,0,0,0,0,0,0,0,0,0,0,0,0,0,0,0,0,0,38,14,7,45,65476,0,300,0,0,8,21553,0.0,-107605600.0,0.0,0.0,0.0,0.0,0.0,0.0,0.0,0.0,0.0,0.0,0.0,0.0,0.0,0.0,0.0,0.0,0.0,0.0,0.0,0.0,0.0,0.0,-2.004,2.004,0.0,0.0,0.0,0.0,5011.0,8608182272.0,0.0,0.0,0.0,0.0,-107615304.0,0.0,0.0,0.0,0.0,53,4.950428597886765e+32,0.0,0.0,0.0,0.0,0.0,0.0,0.0,0.0,0,0,0,0.0,0.0,0.0,0.0,0.0,0.0,0.0,0.0,0.0,0.0,0.0,0.0,0.0,0.0,0.0,0.0,0,-107875648.0,53,0.0,106,-107614832.0,2.7006707062415038e+23,ERR,ERR,ERR,ERR,ERR,ERR,ERR,ERR,ERR,ERR,ERR,ERR,ERR,ERR,ERR,ERR,ERR,ERR,ERR,ERR,ERR,ERR,ERR,ERR,ERR,ERR,ERR,ERR,ERR,ERR,ERR,ERR,ERR,ERR,ERR,ERR,ERR,ERR,ERR,ERR,ERR,ERR,ERR,ERR,ERR,ERR,ERR,ERR,ERR,ERR,ERR,ERR,ERR,ERR,ERR,ERR,ERR,ERR,ERR,ERR,ERR,ERR,ERR,ERR,ERR,ERR,ERR,50.0,60.0,100,0.0,0.0,0.0,0.0,0.0,0.0,0.0,0.0,0.0,0.0,0.0,0.0,0.0,0.0,0.0,0.0,62.0,77,11,65509,50,65476,0,300,0,0,8,20529,65476,0,0,26214,60.0,0.0,0.0,0.0,0.0,0.0
2026-05-17T16:58:02,ERR,ERR,ERR,ERR,ERR,ERR,ERR,ERR,ERR,ERR,ERR,ERR,ERR,ERR,ERR,ERR,ERR,ERR,ERR,ERR,ERR,ERR,ERR,ERR,ERR,ERR,ERR,ERR,ERR,ERR,ERR,ERR,ERR,ERR,ERR,ERR,ERR,ERR,ERR,ERR,ERR,ERR,ERR,ERR,ERR,ERR,ERR,ERR,ERR,ERR,ERR,ERR,ERR,ERR,ERR,ERR,ERR,ERR,ERR,ERR,ERR,ERR,ERR,ERR,ERR,ERR,ERR,ERR,ERR,ERR,ERR,ERR,ERR,ERR,ERR,ERR,ERR,ERR,ERR,ERR,ERR,ERR,ERR,ERR,ERR,ERR,ERR,ERR,ERR,ERR,ERR,ERR,ERR,ERR,ERR,ERR,ERR,ERR,ERR,ERR,ERR,ERR,ERR,ERR,ERR,ERR,ERR,ERR,ERR,ERR,ERR,ERR,ERR,ERR,ERR,ERR,ERR,ERR,ERR,ERR,ERR,ERR,ERR,ERR,ERR,0.0,0.0,-134474944.0,0.0,0.0,1.3936040501711995e+18,7.805,0.0,0,0,4,0,8422,0.0,45,0.0,0.0,0.0,0.0,0.0,0,0,0,0,0.0,0,0,0,0,0,0,0,0,0,0,0,0,0,0,0,0,0,0,0,0,0,0,0,0,0,0,0,0,0,0,0,0,0,38,14,7,45,65476,0,300,0,0,8,21553,0.0,-107605600.0,0.0,0.0,0.0,0.0,0.0,0.0,0.0,0.0,0.0,0.0,0.0,0.0,0.0,0.0,0.0,0.0,0.0,0.0,0.0,0.0,0.0,0.0,-2.004,2.004,0.0,0.0,0.0,0.0,5011.0,8608182272.0,0.0,0.0,0.0,0.0,-107615304.0,0.0,0.0,0.0,0.0,53,4.950428597886765e+32,0.0,0.0,0.0,0.0,0.0,0.0,0.0,0.0,0,0,0,0.0,0.0,0.0,0.0,0.0,0.0,0.0,0.0,0.0,0.0,0.0,0.0,0.0,0.0,0.0,0.0,0,-107875648.0,53,0.0,106,-107614832.0,2.7006707062415038e+23,ERR,ERR,ERR,ERR,ERR,ERR,ERR,ERR,ERR,ERR,ERR,ERR,ERR,ERR,ERR,ERR,ERR,ERR,ERR,ERR,ERR,ERR,ERR,ERR,ERR,ERR,ERR,ERR,ERR,ERR,ERR,ERR,ERR,ERR,ERR,ERR,ERR,ERR,ERR,ERR,ERR,ERR,ERR,ERR,ERR,ERR,ERR,ERR,ERR,ERR,ERR,ERR,ERR,ERR,ERR,ERR,ERR,ERR,ERR,ERR,ERR,ERR,ERR,ERR,ERR,ERR,ERR,50.0,60.0,100,0.0,0.0,0.0,0.0,0.0,0.0,0.0,0.0,0.0,0.0,0.0,0.0,0.0,0.0,0.0,0.0,62.0,77,11,65509,50,65476,0,300,0,0,8,20529,65476,0,0,26214,60.0,0.0,0.0,0.0,0.0,0.0
2026-05-17T16:58:03,ERR,ERR,ERR,ERR,ERR,ERR,ERR,ERR,ERR,ERR,ERR,ERR,ERR,ERR,ERR,ERR,ERR,ERR,ERR,ERR,ERR,ERR,ERR,ERR,ERR,ERR,ERR,ERR,ERR,ERR,ERR,ERR,ERR,ERR,ERR,ERR,ERR,ERR,ERR,ERR,ERR,ERR,ERR,ERR,ERR,ERR,ERR,ERR,ERR,ERR,ERR,ERR,ERR,ERR,ERR,ERR,ERR,ERR,ERR,ERR,ERR,ERR,ERR,ERR,ERR,ERR,ERR,ERR,ERR,ERR,ERR,ERR,ERR,ERR,ERR,ERR,ERR,ERR,ERR,ERR,ERR,ERR,ERR,ERR,ERR,ERR,ERR,ERR,ERR,ERR,ERR,ERR,ERR,ERR,ERR,ERR,ERR,ERR,ERR,ERR,ERR,ERR,ERR,ERR,ERR,ERR,ERR,ERR,ERR,ERR,ERR,ERR,ERR,ERR,ERR,ERR,ERR,ERR,ERR,ERR,ERR,ERR,ERR,ERR,ERR,0.0,0.0,-134474944.0,0.0,0.0,1.3936040501711995e+18,7.805,0.0,0,0,4,0,8422,0.0,45,0.0,0.0,0.0,0.0,0.0,0,0,0,0,0.0,0,0,0,0,0,0,0,0,0,0,0,0,0,0,0,0,0,0,0,0,0,0,0,0,0,0,0,0,0,0,0,0,0,38,14,7,45,65476,0,300,0,0,8,21553,0.0,-107605600.0,0.0,0.0,0.0,0.0,0.0,0.0,0.0,0.0,0.0,0.0,0.0,0.0,0.0,0.0,0.0,0.0,0.0,0.0,0.0,0.0,0.0,0.0,-2.004,2.004,0.0,0.0,0.0,0.0,5011.0,8608182272.0,0.0,0.0,0.0,0.0,-107615304.0,0.0,0.0,0.0,0.0,53,4.950428597886765e+32,0.0,0.0,0.0,0.0,0.0,0.0,0.0,0.0,0,0,0,0.0,0.0,0.0,0.0,0.0,0.0,0.0,0.0,0.0,0.0,0.0,0.0,0.0,0.0,0.0,0.0,0,-107875648.0,53,0.0,106,-107614832.0,2.7006707062415038e+23,ERR,ERR,ERR,ERR,ERR,ERR,ERR,ERR,ERR,ERR,ERR,ERR,ERR,ERR,ERR,ERR,ERR,ERR,ERR,ERR,ERR,ERR,ERR,ERR,ERR,ERR,ERR,ERR,ERR,ERR,ERR,ERR,ERR,ERR,ERR,ERR,ERR,ERR,ERR,ERR,ERR,ERR,ERR,ERR,ERR,ERR,ERR,ERR,ERR,ERR,ERR,ERR,ERR,ERR,ERR,ERR,ERR,ERR,ERR,ERR,ERR,ERR,ERR,ERR,ERR,ERR,ERR,50.0,60.0,100,0.0,0.0,0.0,0.0,0.0,0.0,0.0,0.0,0.0,0.0,0.0,0.0,0.0,0.0,0.0,0.0,62.0,77,11,65509,50,65476,0,300,0,0,8,20529,65476,0,0,26214,60.0,0.0,0.0,0.0,0.0,0.0
2026-05-17T16:58:04,ERR,ERR,ERR,ERR,ERR,ERR,ERR,ERR,ERR,ERR,ERR,ERR,ERR,ERR,ERR,ERR,ERR,ERR,ERR,ERR,ERR,ERR,ERR,ERR,ERR,ERR,ERR,ERR,ERR,ERR,ERR,ERR,ERR,ERR,ERR,ERR,ERR,ERR,ERR,ERR,ERR,ERR,ERR,ERR,ERR,ERR,ERR,ERR,ERR,ERR,ERR,ERR,ERR,ERR,ERR,ERR,ERR,ERR,ERR,ERR,ERR,ERR,ERR,ERR,ERR,ERR,ERR,ERR,ERR,ERR,ERR,ERR,ERR,ERR,ERR,ERR,ERR,ERR,ERR,ERR,ERR,ERR,ERR,ERR,ERR,ERR,ERR,ERR,ERR,ERR,ERR,ERR,ERR,ERR,ERR,ERR,ERR,ERR,ERR,ERR,ERR,ERR,ERR,ERR,ERR,ERR,ERR,ERR,ERR,ERR,ERR,ERR,ERR,ERR,ERR,ERR,ERR,ERR,ERR,ERR,ERR,ERR,ERR,ERR,ERR,0.0,0.0,-134474944.0,0.0,0.0,1.3936040501711995e+18,7.805,0.0,0,0,4,0,8422,0.0,45,0.0,0.0,0.0,0.0,0.0,0,0,0,0,0.0,0,0,0,0,0,0,0,0,0,0,0,0,0,0,0,0,0,0,0,0,0,0,0,0,0,0,0,0,0,0,0,0,0,38,14,7,45,65476,0,300,0,0,8,21553,0.0,-107605600.0,0.0,0.0,0.0,0.0,0.0,0.0,0.0,0.0,0.0,0.0,0.0,0.0,0.0,0.0,0.0,0.0,0.0,0.0,0.0,0.0,0.0,0.0,-2.004,2.004,0.0,0.0,0.0,0.0,5011.0,-564145833377792.0,0.0,0.0,0.0,0.0,-107615304.0,0.0,0.0,0.0,0.0,53,4.950428597886765e+32,-71.629,0.0,0.0,0.0,0.0,0.0,0.0,0.0,0,0,0,0.0,0.0,0.0,0.0,0.0,0.0,0.0,0.0,0.0,0.0,0.0,0.0,0.0,0.0,0.0,0.0,0,-107875648.0,53,0.0,106,-107614832.0,2.7006707062415038e+23,ERR,ERR,ERR,ERR,ERR,ERR,ERR,ERR,ERR,ERR,ERR,ERR,ERR,ERR,ERR,ERR,ERR,ERR,ERR,ERR,ERR,ERR,ERR,ERR,ERR,ERR,ERR,ERR,ERR,ERR,ERR,ERR,ERR,ERR,ERR,ERR,ERR,ERR,ERR,ERR,ERR,ERR,ERR,ERR,ERR,ERR,ERR,ERR,ERR,ERR,ERR,ERR,ERR,ERR,ERR,ERR,ERR,ERR,ERR,ERR,ERR,ERR,ERR,ERR,ERR,ERR,ERR,50.0,60.0,100,0.0,0.0,0.0,0.0,0.0,0.0,0.0,0.0,0.0,0.0,0.0,0.0,0.0,0.0,0.0,0.0,61.6,77,11,65509,50,65476,0,300,0,0,8,20529,65476,0,0,26214,60.0,0.0,0.0,0.0,0.0,0.0
2026-05-17T16:58:05,ERR,ERR,ERR,ERR,ERR,ERR,ERR,ERR,ERR,ERR,ERR,ERR,ERR,ERR,ERR,ERR,ERR,ERR,ERR,ERR,ERR,ERR,ERR,ERR,ERR,ERR,ERR,ERR,ERR,ERR,ERR,ERR,ERR,ERR,ERR,ERR,ERR,ERR,ERR,ERR,ERR,ERR,ERR,ERR,ERR,ERR,ERR,ERR,ERR,ERR,ERR,ERR,ERR,ERR,ERR,ERR,ERR,ERR,ERR,ERR,ERR,ERR,ERR,ERR,ERR,ERR,ERR,ERR,ERR,ERR,ERR,ERR,ERR,ERR,ERR,ERR,ERR,ERR,ERR,ERR,ERR,ERR,ERR,ERR,ERR,ERR,ERR,ERR,ERR,ERR,ERR,ERR,ERR,ERR,ERR,ERR,ERR,ERR,ERR,ERR,ERR,ERR,ERR,ERR,ERR,ERR,ERR,ERR,ERR,ERR,ERR,ERR,ERR,ERR,ERR,ERR,ERR,ERR,ERR,ERR,ERR,ERR,ERR,ERR,ERR,0.0,0.0,-134474944.0,0.0,0.0,1.3936040501711995e+18,7.805,0.0,0,0,4,0,8422,0.0,45,0.0,0.0,0.0,0.0,0.0,0,0,0,0,0.0,0,0,0,0,0,0,0,0,0,0,0,0,0,0,0,0,0,0,0,0,0,0,0,0,0,0,0,0,0,0,0,0,0,38,14,7,45,65476,0,300,0,0,8,21553,0.0,-107605600.0,0.0,0.0,0.0,0.0,0.0,0.0,0.0,0.0,0.0,0.0,0.0,0.0,0.0,0.0,0.0,0.0,0.0,0.0,0.0,0.0,0.0,0.0,-2.004,2.004,0.0,0.0,0.0,0.0,5011.0,-564145833377792.0,0.0,0.0,0.0,0.0,-107615304.0,0.0,0.0,0.0,0.0,53,4.950428597886765e+32,-71.629,0.0,0.0,0.0,0.0,0.0,0.0,0.0,0,0,0,0.0,0.0,0.0,0.0,0.0,0.0,0.0,0.0,0.0,0.0,0.0,0.0,0.0,0.0,0.0,0.0,0,-107875648.0,53,0.0,106,-107614832.0,2.7006707062415038e+23,ERR,ERR,ERR,ERR,ERR,ERR,ERR,ERR,ERR,ERR,ERR,ERR,ERR,ERR,ERR,ERR,ERR,ERR,ERR,ERR,ERR,ERR,ERR,ERR,ERR,ERR,ERR,ERR,ERR,ERR,ERR,ERR,ERR,ERR,ERR,ERR,ERR,ERR,ERR,ERR,ERR,ERR,ERR,ERR,ERR,ERR,ERR,ERR,ERR,ERR,ERR,ERR,ERR,ERR,ERR,ERR,ERR,ERR,ERR,ERR,ERR,ERR,ERR,ERR,ERR,ERR,ERR,50.0,60.0,100,0.0,0.0,0.0,0.0,0.0,0.0,0.0,0.0,0.0,0.0,0.0,0.0,0.0,0.0,0.0,0.0,61.6,77,11,65509,50,65476,0,300,0,0,8,20529,65476,0,0,26214,60.0,0.0,0.0,0.0,0.0,0.0
2026-05-17T16:58:06,ERR,ERR,ERR,ERR,ERR,ERR,ERR,ERR,ERR,ERR,ERR,ERR,ERR,ERR,ERR,ERR,ERR,ERR,ERR,ERR,ERR,ERR,ERR,ERR,ERR,ERR,ERR,ERR,ERR,ERR,ERR,ERR,ERR,ERR,ERR,ERR,ERR,ERR,ERR,ERR,ERR,ERR,ERR,ERR,ERR,ERR,ERR,ERR,ERR,ERR,ERR,ERR,ERR,ERR,ERR,ERR,ERR,ERR,ERR,ERR,ERR,ERR,ERR,ERR,ERR,ERR,ERR,ERR,ERR,ERR,ERR,ERR,ERR,ERR,ERR,ERR,ERR,ERR,ERR,ERR,ERR,ERR,ERR,ERR,ERR,ERR,ERR,ERR,ERR,ERR,ERR,ERR,ERR,ERR,ERR,ERR,ERR,ERR,ERR,ERR,ERR,ERR,ERR,ERR,ERR,ERR,ERR,ERR,ERR,ERR,ERR,ERR,ERR,ERR,ERR,ERR,ERR,ERR,ERR,ERR,ERR,ERR,ERR,ERR,ERR,0.0,0.0,-134474944.0,0.0,0.0,1.3936040501711995e+18,7.805,0.0,0,0,4,0,8422,0.0,45,0.0,0.0,0.0,0.0,0.0,0,0,0,0,0.0,0,0,0,0,0,0,0,0,0,0,0,0,0,0,0,0,0,0,0,0,0,0,0,0,0,0,0,0,0,0,0,0,0,38,14,7,45,65476,0,300,0,0,8,21553,0.0,-107605600.0,0.0,0.0,0.0,0.0,0.0,0.0,0.0,0.0,0.0,0.0,0.0,0.0,0.0,0.0,0.0,0.0,0.0,0.0,0.0,0.0,0.0,0.0,-2.004,2.004,0.0,0.0,0.0,0.0,5011.0,-564145833377792.0,0.0,0.0,0.0,0.0,-107615304.0,0.0,0.0,0.0,0.0,53,4.950428597886765e+32,-71.629,0.0,0.0,0.0,0.0,0.0,0.0,0.0,0,0,0,0.0,0.0,0.0,0.0,0.0,0.0,0.0,0.0,0.0,0.0,0.0,0.0,0.0,0.0,0.0,0.0,0,-107875648.0,53,0.0,106,-107614832.0,2.7006707062415038e+23,ERR,ERR,ERR,ERR,ERR,ERR,ERR,ERR,ERR,ERR,ERR,ERR,ERR,ERR,ERR,ERR,ERR,ERR,ERR,ERR,ERR,ERR,ERR,ERR,ERR,ERR,ERR,ERR,ERR,ERR,ERR,ERR,ERR,ERR,ERR,ERR,ERR,ERR,ERR,ERR,ERR,ERR,ERR,ERR,ERR,ERR,ERR,ERR,ERR,ERR,ERR,ERR,ERR,ERR,ERR,ERR,ERR,ERR,ERR,ERR,ERR,ERR,ERR,ERR,ERR,ERR,ERR,50.0,60.0,100,0.0,0.0,0.0,0.0,0.0,0.0,0.0,0.0,0.0,0.0,0.0,0.0,0.0,0.0,0.0,0.0,61.6,77,11,65509,50,65476,0,300,0,0,8,20529,65476,0,0,26214,60.0,0.0,0.0,0.0,0.0,0.0
2026-05-17T16:58:07,ERR,ERR,ERR,ERR,ERR,ERR,ERR,ERR,ERR,ERR,ERR,ERR,ERR,ERR,ERR,ERR,ERR,ERR,ERR,ERR,ERR,ERR,ERR,ERR,ERR,ERR,ERR,ERR,ERR,ERR,ERR,ERR,ERR,ERR,ERR,ERR,ERR,ERR,ERR,ERR,ERR,ERR,ERR,ERR,ERR,ERR,ERR,ERR,ERR,ERR,ERR,ERR,ERR,ERR,ERR,ERR,ERR,ERR,ERR,ERR,ERR,ERR,ERR,ERR,ERR,ERR,ERR,ERR,ERR,ERR,ERR,ERR,ERR,ERR,ERR,ERR,ERR,ERR,ERR,ERR,ERR,ERR,ERR,ERR,ERR,ERR,ERR,ERR,ERR,ERR,ERR,ERR,ERR,ERR,ERR,ERR,ERR,ERR,ERR,ERR,ERR,ERR,ERR,ERR,ERR,ERR,ERR,ERR,ERR,ERR,ERR,ERR,ERR,ERR,ERR,ERR,ERR,ERR,ERR,ERR,ERR,ERR,ERR,ERR,ERR,0.0,0.0,-134474944.0,0.0,0.0,1.3936040501711995e+18,7.805,0.0,0,0,4,0,8422,0.0,45,0.0,0.0,0.0,0.0,0.0,0,0,0,0,0.0,0,0,0,0,0,0,0,0,0,0,0,0,0,0,0,0,0,0,0,0,0,0,0,0,0,0,0,0,0,0,0,0,0,38,14,7,45,65476,0,300,0,0,8,21553,0.0,-107605600.0,0.0,0.0,0.0,0.0,0.0,0.0,0.0,0.0,0.0,0.0,0.0,0.0,0.0,0.0,0.0,0.0,0.0,0.0,0.0,0.0,0.0,0.0,-2.004,2.004,0.0,0.0,0.0,0.0,5011.0,-564145833377792.0,0.0,0.0,0.0,0.0,-107615304.0,0.0,0.0,0.0,0.0,53,4.950428597886765e+32,-71.629,0.0,0.0,0.0,0.0,0.0,0.0,0.0,0,0,0,0.0,0.0,0.0,0.0,0.0,0.0,0.0,0.0,0.0,0.0,0.0,0.0,0.0,0.0,0.0,0.0,0,-107875648.0,53,0.0,106,-107614832.0,2.7006707062415038e+23,ERR,ERR,ERR,ERR,ERR,ERR,ERR,ERR,ERR,ERR,ERR,ERR,ERR,ERR,ERR,ERR,ERR,ERR,ERR,ERR,ERR,ERR,ERR,ERR,ERR,ERR,ERR,ERR,ERR,ERR,ERR,ERR,ERR,ERR,ERR,ERR,ERR,ERR,ERR,ERR,ERR,ERR,ERR,ERR,ERR,ERR,ERR,ERR,ERR,ERR,ERR,ERR,ERR,ERR,ERR,ERR,ERR,ERR,ERR,ERR,ERR,ERR,ERR,ERR,ERR,ERR,ERR,50.0,60.0,100,0.0,0.0,0.0,0.0,0.0,0.0,0.0,0.0,0.0,0.0,0.0,0.0,0.0,0.0,0.0,0.0,61.6,77,11,65509,50,65476,0,300,0,0,8,20529,65476,0,0,26214,60.0,0.0,0.0,0.0,0.0,0.0
2026-05-17T16:58:08,ERR,ERR,ERR,ERR,ERR,ERR,ERR,ERR,ERR,ERR,ERR,ERR,ERR,ERR,ERR,ERR,ERR,ERR,ERR,ERR,ERR,ERR,ERR,ERR,ERR,ERR,ERR,ERR,ERR,ERR,ERR,ERR,ERR,ERR,ERR,ERR,ERR,ERR,ERR,ERR,ERR,ERR,ERR,ERR,ERR,ERR,ERR,ERR,ERR,ERR,ERR,ERR,ERR,ERR,ERR,ERR,ERR,ERR,ERR,ERR,ERR,ERR,ERR,ERR,ERR,ERR,ERR,ERR,ERR,ERR,ERR,ERR,ERR,ERR,ERR,ERR,ERR,ERR,ERR,ERR,ERR,ERR,ERR,ERR,ERR,ERR,ERR,ERR,ERR,ERR,ERR,ERR,ERR,ERR,ERR,ERR,ERR,ERR,ERR,ERR,ERR,ERR,ERR,ERR,ERR,ERR,ERR,ERR,ERR,ERR,ERR,ERR,ERR,ERR,ERR,ERR,ERR,ERR,ERR,ERR,ERR,ERR,ERR,ERR,ERR,0.0,0.0,-134474944.0,0.0,0.0,1.3936040501711995e+18,7.805,0.0,0,0,4,0,8422,0.0,45,0.0,0.0,0.0,0.0,0.0,0,0,0,0,0.0,0,0,0,0,0,0,0,0,0,0,0,0,0,0,0,0,0,0,0,0,0,0,0,0,0,0,0,0,0,0,0,0,0,38,14,7,45,65476,0,300,0,0,8,21553,0.0,-107605600.0,0.0,0.0,0.0,0.0,0.0,0.0,0.0,0.0,0.0,0.0,0.0,0.0,0.0,0.0,0.0,0.0,0.0,0.0,0.0,0.0,0.0,0.0,-2.004,2.004,0.0,0.0,0.0,0.0,5011.0,-564145833377792.0,0.0,0.0,0.0,0.0,-107615304.0,0.0,0.0,0.0,0.0,53,4.950428597886765e+32,-71.629,0.0,0.0,0.0,0.0,0.0,0.0,0.0,0,0,0,0.0,0.0,0.0,0.0,0.0,0.0,0.0,0.0,0.0,0.0,0.0,0.0,0.0,0.0,0.0,0.0,0,-107875648.0,53,0.0,106,-107614832.0,2.7006707062415038e+23,ERR,ERR,ERR,ERR,ERR,ERR,ERR,ERR,ERR,ERR,ERR,ERR,ERR,ERR,ERR,ERR,ERR,ERR,ERR,ERR,ERR,ERR,ERR,ERR,ERR,ERR,ERR,ERR,ERR,ERR,ERR,ERR,ERR,ERR,ERR,ERR,ERR,ERR,ERR,ERR,ERR,ERR,ERR,ERR,ERR,ERR,ERR,ERR,ERR,ERR,ERR,ERR,ERR,ERR,ERR,ERR,ERR,ERR,ERR,ERR,ERR,ERR,ERR,ERR,ERR,ERR,ERR,50.0,60.0,100,0.0,0.0,0.0,0.0,0.0,0.0,0.0,0.0,0.0,0.0,0.0,0.0,0.0,0.0,0.0,0.0,61.6,77,11,65509,50,65476,0,300,0,0,8,20529,65476,0,0,26214,60.0,0.0,0.0,0.0,0.0,0.0
2026-05-17T16:58:09,ERR,ERR,ERR,ERR,ERR,ERR,ERR,ERR,ERR,ERR,ERR,ERR,ERR,ERR,ERR,ERR,ERR,ERR,ERR,ERR,ERR,ERR,ERR,ERR,ERR,ERR,ERR,ERR,ERR,ERR,ERR,ERR,ERR,ERR,ERR,ERR,ERR,ERR,ERR,ERR,ERR,ERR,ERR,ERR,ERR,ERR,ERR,ERR,ERR,ERR,ERR,ERR,ERR,ERR,ERR,ERR,ERR,ERR,ERR,ERR,ERR,ERR,ERR,ERR,ERR,ERR,ERR,ERR,ERR,ERR,ERR,ERR,ERR,ERR,ERR,ERR,ERR,ERR,ERR,ERR,ERR,ERR,ERR,ERR,ERR,ERR,ERR,ERR,ERR,ERR,ERR,ERR,ERR,ERR,ERR,ERR,ERR,ERR,ERR,ERR,ERR,ERR,ERR,ERR,ERR,ERR,ERR,ERR,ERR,ERR,ERR,ERR,ERR,ERR,ERR,ERR,ERR,ERR,ERR,ERR,ERR,ERR,ERR,ERR,ERR,0.0,0.0,-134474944.0,0.0,0.0,1.3936040501711995e+18,7.805,0.0,0,0,4,0,8422,0.0,45,0.0,0.0,0.0,0.0,0.0,0,0,0,0,0.0,0,0,0,0,0,0,0,0,0,0,0,0,0,0,0,0,0,0,0,0,0,0,0,0,0,0,0,0,0,0,0,0,0,38,14,7,45,65476,0,300,0,0,8,21553,0.0,-107605600.0,0.0,0.0,0.0,0.0,0.0,0.0,0.0,0.0,0.0,0.0,0.0,0.0,0.0,0.0,0.0,0.0,0.0,0.0,0.0,0.0,0.0,0.0,-2.004,2.004,0.0,0.0,0.0,0.0,5043.0,0.0,0.0,0.0,0.0,0.0,-107615304.0,0.0,0.0,0.0,0.0,53,4.950428597886765e+32,0.059,0.0,0.0,0.0,0.0,0.0,0.0,0.0,0,0,0,0.0,0.0,0.0,0.0,0.0,0.0,0.0,0.0,0.0,0.0,0.0,0.0,0.0,0.0,0.0,0.0,0,-107875648.0,53,0.0,106,-107614832.0,2.7006707062415038e+23,ERR,ERR,ERR,ERR,ERR,ERR,ERR,ERR,ERR,ERR,ERR,ERR,ERR,ERR,ERR,ERR,ERR,ERR,ERR,ERR,ERR,ERR,ERR,ERR,ERR,ERR,ERR,ERR,ERR,ERR,ERR,ERR,ERR,ERR,ERR,ERR,ERR,ERR,ERR,ERR,ERR,ERR,ERR,ERR,ERR,ERR,ERR,ERR,ERR,ERR,ERR,ERR,ERR,ERR,ERR,ERR,ERR,ERR,ERR,ERR,ERR,ERR,ERR,ERR,ERR,ERR,ERR,50.0,60.0,100,0.0,0.0,0.0,0.0,0.0,0.0,0.0,0.0,0.0,0.0,0.0,0.0,0.0,0.0,0.0,0.0,61.6,77,11,65509,50,65476,0,300,0,0,8,20529,65476,0,0,26214,60.0,0.0,0.0,0.0,0.0,0.0
2026-05-17T16:58:10,ERR,ERR,ERR,ERR,ERR,ERR,ERR,ERR,ERR,ERR,ERR,ERR,ERR,ERR,ERR,ERR,ERR,ERR,ERR,ERR,ERR,ERR,ERR,ERR,ERR,ERR,ERR,ERR,ERR,ERR,ERR,ERR,ERR,ERR,ERR,ERR,ERR,ERR,ERR,ERR,ERR,ERR,ERR,ERR,ERR,ERR,ERR,ERR,ERR,ERR,ERR,ERR,ERR,ERR,ERR,ERR,ERR,ERR,ERR,ERR,ERR,ERR,ERR,ERR,ERR,ERR,ERR,ERR,ERR,ERR,ERR,ERR,ERR,ERR,ERR,ERR,ERR,ERR,ERR,ERR,ERR,ERR,ERR,ERR,ERR,ERR,ERR,ERR,ERR,ERR,ERR,ERR,ERR,ERR,ERR,ERR,ERR,ERR,ERR,ERR,ERR,ERR,ERR,ERR,ERR,ERR,ERR,ERR,ERR,ERR,ERR,ERR,ERR,ERR,ERR,ERR,ERR,ERR,ERR,ERR,ERR,ERR,ERR,ERR,ERR,0.0,0.0,-134474944.0,0.0,0.0,1.3936040501711995e+18,7.805,0.0,0,0,4,0,8422,0.0,45,0.0,0.0,0.0,0.0,0.0,0,0,0,0,0.0,0,0,0,0,0,0,0,0,0,0,0,0,0,0,0,0,0,0,0,0,0,0,0,0,0,0,0,0,0,0,0,0,0,38,14,7,45,65476,0,300,0,0,8,21553,0.0,-107605600.0,0.0,0.0,0.0,0.0,0.0,0.0,0.0,0.0,0.0,0.0,0.0,0.0,0.0,0.0,0.0,0.0,0.0,0.0,0.0,0.0,0.0,0.0,-2.004,2.004,0.0,0.0,0.0,0.0,5043.0,0.0,0.0,0.0,0.0,0.0,-107615304.0,0.0,0.0,0.0,0.0,53,4.950428597886765e+32,0.059,0.0,0.0,0.0,0.0,0.0,0.0,0.0,0,0,0,0.0,0.0,0.0,0.0,0.0,0.0,0.0,0.0,0.0,0.0,0.0,0.0,0.0,0.0,0.0,0.0,0,-107875648.0,53,0.0,106,-107614832.0,2.7006707062415038e+23,ERR,ERR,ERR,ERR,ERR,ERR,ERR,ERR,ERR,ERR,ERR,ERR,ERR,ERR,ERR,ERR,ERR,ERR,ERR,ERR,ERR,ERR,ERR,ERR,ERR,ERR,ERR,ERR,ERR,ERR,ERR,ERR,ERR,ERR,ERR,ERR,ERR,ERR,ERR,ERR,ERR,ERR,ERR,ERR,ERR,ERR,ERR,ERR,ERR,ERR,ERR,ERR,ERR,ERR,ERR,ERR,ERR,ERR,ERR,ERR,ERR,ERR,ERR,ERR,ERR,ERR,ERR,50.0,60.0,100,0.0,0.0,0.0,0.0,0.0,0.0,0.0,0.0,0.0,0.0,0.0,0.0,0.0,0.0,0.0,0.0,61.6,77,11,65509,50,65476,0,300,0,0,8,20529,65476,0,0,26214,60.0,0.0,0.0,0.0,0.0,0.0
2026-05-17T16:58:11,ERR,ERR,ERR,ERR,ERR,ERR,ERR,ERR,ERR,ERR,ERR,ERR,ERR,ERR,ERR,ERR,ERR,ERR,ERR,ERR,ERR,ERR,ERR,ERR,ERR,ERR,ERR,ERR,ERR,ERR,ERR,ERR,ERR,ERR,ERR,ERR,ERR,ERR,ERR,ERR,ERR,ERR,ERR,ERR,ERR,ERR,ERR,ERR,ERR,ERR,ERR,ERR,ERR,ERR,ERR,ERR,ERR,ERR,ERR,ERR,ERR,ERR,ERR,ERR,ERR,ERR,ERR,ERR,ERR,ERR,ERR,ERR,ERR,ERR,ERR,ERR,ERR,ERR,ERR,ERR,ERR,ERR,ERR,ERR,ERR,ERR,ERR,ERR,ERR,ERR,ERR,ERR,ERR,ERR,ERR,ERR,ERR,ERR,ERR,ERR,ERR,ERR,ERR,ERR,ERR,ERR,ERR,ERR,ERR,ERR,ERR,ERR,ERR,ERR,ERR,ERR,ERR,ERR,ERR,ERR,ERR,ERR,ERR,ERR,ERR,0.0,0.0,-134474944.0,0.0,0.0,1.3936040501711995e+18,7.805,0.0,0,0,4,0,8422,0.0,45,0.0,0.0,0.0,0.0,0.0,0,0,0,0,0.0,0,0,0,0,0,0,0,0,0,0,0,0,0,0,0,0,0,0,0,0,0,0,0,0,0,0,0,0,0,0,0,0,0,38,14,7,45,65476,0,300,0,0,8,21553,0.0,-107605600.0,0.0,0.0,0.0,0.0,0.0,0.0,0.0,0.0,0.0,0.0,0.0,0.0,0.0,0.0,0.0,0.0,0.0,0.0,0.0,0.0,0.0,0.0,-2.004,2.004,0.0,0.0,0.0,0.0,5043.0,0.0,0.0,0.0,0.0,0.0,-107615304.0,0.0,0.0,0.0,0.0,53,4.950428597886765e+32,0.059,0.0,0.0,0.0,0.0,0.0,0.0,0.0,0,0,0,0.0,0.0,0.0,0.0,0.0,0.0,0.0,0.0,0.0,0.0,0.0,0.0,0.0,0.0,0.0,0.0,0,-107875648.0,53,0.0,106,-107614832.0,2.7006707062415038e+23,ERR,ERR,ERR,ERR,ERR,ERR,ERR,ERR,ERR,ERR,ERR,ERR,ERR,ERR,ERR,ERR,ERR,ERR,ERR,ERR,ERR,ERR,ERR,ERR,ERR,ERR,ERR,ERR,ERR,ERR,ERR,ERR,ERR,ERR,ERR,ERR,ERR,ERR,ERR,ERR,ERR,ERR,ERR,ERR,ERR,ERR,ERR,ERR,ERR,ERR,ERR,ERR,ERR,ERR,ERR,ERR,ERR,ERR,ERR,ERR,ERR,ERR,ERR,ERR,ERR,ERR,ERR,50.0,60.0,100,0.0,0.0,0.0,0.0,0.0,0.0,0.0,0.0,0.0,0.0,0.0,0.0,0.0,0.0,0.0,0.0,62.0,77,11,65509,50,65476,0,300,0,0,8,20529,65476,0,0,26214,60.0,0.0,0.0,0.0,0.0,0.0
2026-05-17T16:58:12,ERR,ERR,ERR,ERR,ERR,ERR,ERR,ERR,ERR,ERR,ERR,ERR,ERR,ERR,ERR,ERR,ERR,ERR,ERR,ERR,ERR,ERR,ERR,ERR,ERR,ERR,ERR,ERR,ERR,ERR,ERR,ERR,ERR,ERR,ERR,ERR,ERR,ERR,ERR,ERR,ERR,ERR,ERR,ERR,ERR,ERR,ERR,ERR,ERR,ERR,ERR,ERR,ERR,ERR,ERR,ERR,ERR,ERR,ERR,ERR,ERR,ERR,ERR,ERR,ERR,ERR,ERR,ERR,ERR,ERR,ERR,ERR,ERR,ERR,ERR,ERR,ERR,ERR,ERR,ERR,ERR,ERR,ERR,ERR,ERR,ERR,ERR,ERR,ERR,ERR,ERR,ERR,ERR,ERR,ERR,ERR,ERR,ERR,ERR,ERR,ERR,ERR,ERR,ERR,ERR,ERR,ERR,ERR,ERR,ERR,ERR,ERR,ERR,ERR,ERR,ERR,ERR,ERR,ERR,ERR,ERR,ERR,ERR,ERR,ERR,0.0,0.0,-134474944.0,0.0,0.0,1.3936040501711995e+18,7.805,0.0,0,0,4,0,8422,0.0,45,0.0,0.0,0.0,0.0,0.0,0,0,0,0,0.0,0,0,0,0,0,0,0,0,0,0,0,0,0,0,0,0,0,0,0,0,0,0,0,0,0,0,0,0,0,0,0,0,0,38,14,7,45,65476,0,300,0,0,8,21553,0.0,-107605600.0,0.0,0.0,0.0,0.0,0.0,0.0,0.0,0.0,0.0,0.0,0.0,0.0,0.0,0.0,0.0,0.0,0.0,0.0,0.0,0.0,0.0,0.0,-2.004,2.004,0.0,0.0,0.0,0.0,5043.0,0.0,0.0,0.0,0.0,0.0,-107615304.0,0.0,0.0,0.0,0.0,53,4.950428597886765e+32,0.059,0.0,0.0,0.0,0.0,0.0,0.0,0.0,0,0,0,0.0,0.0,0.0,0.0,0.0,0.0,0.0,0.0,0.0,0.0,0.0,0.0,0.0,0.0,0.0,0.0,0,-107875648.0,53,0.0,106,-107614832.0,2.7006707062415038e+23,ERR,ERR,ERR,ERR,ERR,ERR,ERR,ERR,ERR,ERR,ERR,ERR,ERR,ERR,ERR,ERR,ERR,ERR,ERR,ERR,ERR,ERR,ERR,ERR,ERR,ERR,ERR,ERR,ERR,ERR,ERR,ERR,ERR,ERR,ERR,ERR,ERR,ERR,ERR,ERR,ERR,ERR,ERR,ERR,ERR,ERR,ERR,ERR,ERR,ERR,ERR,ERR,ERR,ERR,ERR,ERR,ERR,ERR,ERR,ERR,ERR,ERR,ERR,ERR,ERR,ERR,ERR,50.0,60.0,100,0.0,0.0,0.0,0.0,0.0,0.0,0.0,0.0,0.0,0.0,0.0,0.0,0.0,0.0,0.0,0.0,62.0,77,11,65509,50,65476,0,300,0,0,8,20529,65476,0,0,26214,60.0,0.0,0.0,0.0,0.0,0.0
2026-05-17T16:58:13,ERR,ERR,ERR,ERR,ERR,ERR,ERR,ERR,ERR,ERR,ERR,ERR,ERR,ERR,ERR,ERR,ERR,ERR,ERR,ERR,ERR,ERR,ERR,ERR,ERR,ERR,ERR,ERR,ERR,ERR,ERR,ERR,ERR,ERR,ERR,ERR,ERR,ERR,ERR,ERR,ERR,ERR,ERR,ERR,ERR,ERR,ERR,ERR,ERR,ERR,ERR,ERR,ERR,ERR,ERR,ERR,ERR,ERR,ERR,ERR,ERR,ERR,ERR,ERR,ERR,ERR,ERR,ERR,ERR,ERR,ERR,ERR,ERR,ERR,ERR,ERR,ERR,ERR,ERR,ERR,ERR,ERR,ERR,ERR,ERR,ERR,ERR,ERR,ERR,ERR,ERR,ERR,ERR,ERR,ERR,ERR,ERR,ERR,ERR,ERR,ERR,ERR,ERR,ERR,ERR,ERR,ERR,ERR,ERR,ERR,ERR,ERR,ERR,ERR,ERR,ERR,ERR,ERR,ERR,ERR,ERR,ERR,ERR,ERR,ERR,0.0,0.0,-134474944.0,0.0,0.0,1.3936040501711995e+18,7.805,0.0,0,0,4,0,8422,0.0,45,0.0,0.0,0.0,0.0,0.0,0,0,0,0,0.0,0,0,0,0,0,0,0,0,0,0,0,0,0,0,0,0,0,0,0,0,0,0,0,0,0,0,0,0,0,0,0,0,0,38,14,7,45,65476,0,300,0,0,8,21553,0.0,-107605600.0,0.0,0.0,0.0,0.0,0.0,0.0,0.0,0.0,0.0,0.0,0.0,0.0,0.0,0.0,0.0,0.0,0.0,0.0,0.0,0.0,0.0,0.0,-2.004,2.004,0.0,0.0,0.0,0.0,5043.0,0.0,0.0,0.0,0.0,0.0,-107615304.0,0.0,0.0,0.0,0.0,53,4.950428597886765e+32,0.059,0.0,0.0,0.0,0.0,0.0,0.0,0.0,0,0,0,0.0,0.0,0.0,0.0,0.0,0.0,0.0,0.0,0.0,0.0,0.0,0.0,0.0,0.0,0.0,0.0,0,-107875648.0,53,0.0,106,-107614832.0,2.7006707062415038e+23,ERR,ERR,ERR,ERR,ERR,ERR,ERR,ERR,ERR,ERR,ERR,ERR,ERR,ERR,ERR,ERR,ERR,ERR,ERR,ERR,ERR,ERR,ERR,ERR,ERR,ERR,ERR,ERR,ERR,ERR,ERR,ERR,ERR,ERR,ERR,ERR,ERR,ERR,ERR,ERR,ERR,ERR,ERR,ERR,ERR,ERR,ERR,ERR,ERR,ERR,ERR,ERR,ERR,ERR,ERR,ERR,ERR,ERR,ERR,ERR,ERR,ERR,ERR,ERR,ERR,ERR,ERR,50.0,60.0,100,0.0,0.0,0.0,0.0,0.0,0.0,0.0,0.0,0.0,0.0,0.0,0.0,0.0,0.0,0.0,0.0,61.6,77,11,65509,50,65476,0,300,0,0,8,20529,65476,0,0,26214,60.0,0.0,0.0,0.0,0.0,0.0
2026-05-17T16:58:14,ERR,ERR,ERR,ERR,ERR,ERR,ERR,ERR,ERR,ERR,ERR,ERR,ERR,ERR,ERR,ERR,ERR,ERR,ERR,ERR,ERR,ERR,ERR,ERR,ERR,ERR,ERR,ERR,ERR,ERR,ERR,ERR,ERR,ERR,ERR,ERR,ERR,ERR,ERR,ERR,ERR,ERR,ERR,ERR,ERR,ERR,ERR,ERR,ERR,ERR,ERR,ERR,ERR,ERR,ERR,ERR,ERR,ERR,ERR,ERR,ERR,ERR,ERR,ERR,ERR,ERR,ERR,ERR,ERR,ERR,ERR,ERR,ERR,ERR,ERR,ERR,ERR,ERR,ERR,ERR,ERR,ERR,ERR,ERR,ERR,ERR,ERR,ERR,ERR,ERR,ERR,ERR,ERR,ERR,ERR,ERR,ERR,ERR,ERR,ERR,ERR,ERR,ERR,ERR,ERR,ERR,ERR,ERR,ERR,ERR,ERR,ERR,ERR,ERR,ERR,ERR,ERR,ERR,ERR,ERR,ERR,ERR,ERR,ERR,ERR,0.0,0.0,0.0,0.0,0.0,1.3936040501711995e+18,7.805,0.0,0,0,4,0,8422,0.0,45,0.0,0.0,0.0,0.0,0.0,0,0,0,0,0.0,0,0,0,0,0,0,0,0,0,0,0,0,0,0,0,0,0,0,0,0,0,0,0,0,0,0,0,0,0,0,0,0,0,38,14,7,45,65476,0,300,0,0,8,21553,0.0,-107605600.0,0.0,0.0,0.0,0.0,0.0,0.0,0.0,0.0,0.0,0.0,0.0,0.0,0.0,0.0,0.0,0.0,0.0,0.0,0.0,0.0,0.0,2.004,-2.004,2.004,0.0,0.0,0.0,0.0,5045.0,0.0,0.0,0.0,0.0,0.0,-107615304.0,0.0,0.0,0.0,0.0,53,-0.0,0.0,0.0,0.0,0.0,0.0,0.0,0.0,0.0,0,0,0,0.0,0.0,0.0,0.0,0.0,0.0,0.0,0.0,0.0,0.0,0.0,0.0,0.0,0.0,0.0,0.0,0,-107875648.0,53,0.0,106,-107614832.0,2.7006707062415038e+23,ERR,ERR,ERR,ERR,ERR,ERR,ERR,ERR,ERR,ERR,ERR,ERR,ERR,ERR,ERR,ERR,ERR,ERR,ERR,ERR,ERR,ERR,ERR,ERR,ERR,ERR,ERR,ERR,ERR,ERR,ERR,ERR,ERR,ERR,ERR,ERR,ERR,ERR,ERR,ERR,ERR,ERR,ERR,ERR,ERR,ERR,ERR,ERR,ERR,ERR,ERR,ERR,ERR,ERR,ERR,ERR,ERR,ERR,ERR,ERR,ERR,ERR,ERR,ERR,ERR,ERR,ERR,50.0,60.0,100,0.0,0.0,0.0,0.0,0.0,0.0,0.0,0.0,0.0,0.0,0.0,0.0,0.0,0.0,0.0,0.0,61.6,77,11,65509,50,65476,0,300,0,0,8,20529,65476,0,0,26214,60.0,0.0,0.0,0.0,0.0,0.0
2026-05-17T16:58:15,ERR,ERR,ERR,ERR,ERR,ERR,ERR,ERR,ERR,ERR,ERR,ERR,ERR,ERR,ERR,ERR,ERR,ERR,ERR,ERR,ERR,ERR,ERR,ERR,ERR,ERR,ERR,ERR,ERR,ERR,ERR,ERR,ERR,ERR,ERR,ERR,ERR,ERR,ERR,ERR,ERR,ERR,ERR,ERR,ERR,ERR,ERR,ERR,ERR,ERR,ERR,ERR,ERR,ERR,ERR,ERR,ERR,ERR,ERR,ERR,ERR,ERR,ERR,ERR,ERR,ERR,ERR,ERR,ERR,ERR,ERR,ERR,ERR,ERR,ERR,ERR,ERR,ERR,ERR,ERR,ERR,ERR,ERR,ERR,ERR,ERR,ERR,ERR,ERR,ERR,ERR,ERR,ERR,ERR,ERR,ERR,ERR,ERR,ERR,ERR,ERR,ERR,ERR,ERR,ERR,ERR,ERR,ERR,ERR,ERR,ERR,ERR,ERR,ERR,ERR,ERR,ERR,ERR,ERR,ERR,ERR,ERR,ERR,ERR,ERR,0.0,0.0,0.0,0.0,0.0,1.3936040501711995e+18,7.805,0.0,0,0,4,0,8422,0.0,45,0.0,0.0,0.0,0.0,0.0,0,0,0,0,0.0,0,0,0,0,0,0,0,0,0,0,0,0,0,0,0,0,0,0,0,0,0,0,0,0,0,0,0,0,0,0,0,0,0,38,14,7,45,65476,0,300,0,0,8,21553,0.0,-107605600.0,0.0,0.0,0.0,0.0,0.0,0.0,0.0,0.0,0.0,0.0,0.0,0.0,0.0,0.0,0.0,0.0,0.0,0.0,0.0,0.0,0.0,2.004,-2.004,2.004,0.0,0.0,0.0,0.0,5045.0,0.0,0.0,0.0,0.0,0.0,-107615304.0,0.0,0.0,0.0,0.0,53,-0.0,0.0,0.0,0.0,0.0,0.0,0.0,0.0,0.0,0,0,0,0.0,0.0,0.0,0.0,0.0,0.0,0.0,0.0,0.0,0.0,0.0,0.0,0.0,0.0,0.0,0.0,0,-107875648.0,53,0.0,106,-107614832.0,2.7006707062415038e+23,ERR,ERR,ERR,ERR,ERR,ERR,ERR,ERR,ERR,ERR,ERR,ERR,ERR,ERR,ERR,ERR,ERR,ERR,ERR,ERR,ERR,ERR,ERR,ERR,ERR,ERR,ERR,ERR,ERR,ERR,ERR,ERR,ERR,ERR,ERR,ERR,ERR,ERR,ERR,ERR,ERR,ERR,ERR,ERR,ERR,ERR,ERR,ERR,ERR,ERR,ERR,ERR,ERR,ERR,ERR,ERR,ERR,ERR,ERR,ERR,ERR,ERR,ERR,ERR,ERR,ERR,ERR,50.0,60.0,100,0.0,0.0,0.0,0.0,0.0,0.0,0.0,0.0,0.0,0.0,0.0,0.0,0.0,0.0,0.0,0.0,61.6,77,11,65509,50,65476,0,300,0,0,8,20529,65476,0,0,26214,60.0,0.0,0.0,0.0,0.0,0.0
2026-05-17T16:58:16,ERR,ERR,ERR,ERR,ERR,ERR,ERR,ERR,ERR,ERR,ERR,ERR,ERR,ERR,ERR,ERR,ERR,ERR,ERR,ERR,ERR,ERR,ERR,ERR,ERR,ERR,ERR,ERR,ERR,ERR,ERR,ERR,ERR,ERR,ERR,ERR,ERR,ERR,ERR,ERR,ERR,ERR,ERR,ERR,ERR,ERR,ERR,ERR,ERR,ERR,ERR,ERR,ERR,ERR,ERR,ERR,ERR,ERR,ERR,ERR,ERR,ERR,ERR,ERR,ERR,ERR,ERR,ERR,ERR,ERR,ERR,ERR,ERR,ERR,ERR,ERR,ERR,ERR,ERR,ERR,ERR,ERR,ERR,ERR,ERR,ERR,ERR,ERR,ERR,ERR,ERR,ERR,ERR,ERR,ERR,ERR,ERR,ERR,ERR,ERR,ERR,ERR,ERR,ERR,ERR,ERR,ERR,ERR,ERR,ERR,ERR,ERR,ERR,ERR,ERR,ERR,ERR,ERR,ERR,ERR,ERR,ERR,ERR,ERR,ERR,0.0,0.0,0.0,0.0,0.0,1.3936040501711995e+18,7.805,0.0,0,0,4,0,8422,0.0,45,0.0,0.0,0.0,0.0,0.0,0,0,0,0,0.0,0,0,0,0,0,0,0,0,0,0,0,0,0,0,0,0,0,0,0,0,0,0,0,0,0,0,0,0,0,0,0,0,0,38,14,7,45,65476,0,300,0,0,8,21553,0.0,-107605600.0,0.0,0.0,0.0,0.0,0.0,0.0,0.0,0.0,0.0,0.0,0.0,0.0,0.0,0.0,0.0,0.0,0.0,0.0,0.0,0.0,0.0,2.004,-2.004,2.004,0.0,0.0,0.0,0.0,5045.0,0.0,0.0,0.0,0.0,0.0,-107615304.0,0.0,0.0,0.0,0.0,53,-0.0,0.0,0.0,0.0,0.0,0.0,0.0,0.0,0.0,0,0,0,0.0,0.0,0.0,0.0,0.0,0.0,0.0,0.0,0.0,0.0,0.0,0.0,0.0,0.0,0.0,0.0,0,-107875648.0,53,0.0,106,-107614832.0,2.7006707062415038e+23,ERR,ERR,ERR,ERR,ERR,ERR,ERR,ERR,ERR,ERR,ERR,ERR,ERR,ERR,ERR,ERR,ERR,ERR,ERR,ERR,ERR,ERR,ERR,ERR,ERR,ERR,ERR,ERR,ERR,ERR,ERR,ERR,ERR,ERR,ERR,ERR,ERR,ERR,ERR,ERR,ERR,ERR,ERR,ERR,ERR,ERR,ERR,ERR,ERR,ERR,ERR,ERR,ERR,ERR,ERR,ERR,ERR,ERR,ERR,ERR,ERR,ERR,ERR,ERR,ERR,ERR,ERR,50.0,60.0,100,0.0,0.0,0.0,0.0,0.0,0.0,0.0,0.0,0.0,0.0,0.0,0.0,0.0,0.0,0.0,0.0,62.0,77,11,65509,50,65476,0,300,0,0,8,20529,65476,0,0,26214,60.0,0.0,0.0,0.0,0.0,0.0
2026-05-17T16:58:17,ERR,ERR,ERR,ERR,ERR,ERR,ERR,ERR,ERR,ERR,ERR,ERR,ERR,ERR,ERR,ERR,ERR,ERR,ERR,ERR,ERR,ERR,ERR,ERR,ERR,ERR,ERR,ERR,ERR,ERR,ERR,ERR,ERR,ERR,ERR,ERR,ERR,ERR,ERR,ERR,ERR,ERR,ERR,ERR,ERR,ERR,ERR,ERR,ERR,ERR,ERR,ERR,ERR,ERR,ERR,ERR,ERR,ERR,ERR,ERR,ERR,ERR,ERR,ERR,ERR,ERR,ERR,ERR,ERR,ERR,ERR,ERR,ERR,ERR,ERR,ERR,ERR,ERR,ERR,ERR,ERR,ERR,ERR,ERR,ERR,ERR,ERR,ERR,ERR,ERR,ERR,ERR,ERR,ERR,ERR,ERR,ERR,ERR,ERR,ERR,ERR,ERR,ERR,ERR,ERR,ERR,ERR,ERR,ERR,ERR,ERR,ERR,ERR,ERR,ERR,ERR,ERR,ERR,ERR,ERR,ERR,ERR,ERR,ERR,ERR,0.0,0.0,0.0,0.0,0.0,1.3936040501711995e+18,7.805,0.0,0,0,4,0,8422,0.0,45,0.0,0.0,0.0,0.0,0.0,0,0,0,0,0.0,0,0,0,0,0,0,0,0,0,0,0,0,0,0,0,0,0,0,0,0,0,0,0,0,0,0,0,0,0,0,0,0,0,38,14,7,45,65476,0,300,0,0,8,21553,0.0,-107605600.0,0.0,0.0,0.0,0.0,0.0,0.0,0.0,0.0,0.0,0.0,0.0,0.0,0.0,0.0,0.0,0.0,0.0,0.0,0.0,0.0,0.0,2.004,-2.004,2.004,0.0,0.0,0.0,0.0,5045.0,0.0,0.0,0.0,0.0,0.0,-107615304.0,0.0,0.0,0.0,0.0,53,-0.0,0.0,0.0,0.0,0.0,0.0,0.0,0.0,0.0,0,0,0,0.0,0.0,0.0,0.0,0.0,0.0,0.0,0.0,0.0,0.0,0.0,0.0,0.0,0.0,0.0,0.0,0,-107875648.0,53,0.0,106,-107614832.0,2.7006707062415038e+23,ERR,ERR,ERR,ERR,ERR,ERR,ERR,ERR,ERR,ERR,ERR,ERR,ERR,ERR,ERR,ERR,ERR,ERR,ERR,ERR,ERR,ERR,ERR,ERR,ERR,ERR,ERR,ERR,ERR,ERR,ERR,ERR,ERR,ERR,ERR,ERR,ERR,ERR,ERR,ERR,ERR,ERR,ERR,ERR,ERR,ERR,ERR,ERR,ERR,ERR,ERR,ERR,ERR,ERR,ERR,ERR,ERR,ERR,ERR,ERR,ERR,ERR,ERR,ERR,ERR,ERR,ERR,50.0,60.0,100,0.0,0.0,0.0,0.0,0.0,0.0,0.0,0.0,0.0,0.0,0.0,0.0,0.0,0.0,0.0,0.0,62.0,77,11,65509,50,65476,0,300,0,0,8,20529,65476,0,0,26214,60.0,0.0,0.0,0.0,0.0,0.0
2026-05-17T16:58:18,ERR,ERR,ERR,ERR,ERR,ERR,ERR,ERR,ERR,ERR,ERR,ERR,ERR,ERR,ERR,ERR,ERR,ERR,ERR,ERR,ERR,ERR,ERR,ERR,ERR,ERR,ERR,ERR,ERR,ERR,ERR,ERR,ERR,ERR,ERR,ERR,ERR,ERR,ERR,ERR,ERR,ERR,ERR,ERR,ERR,ERR,ERR,ERR,ERR,ERR,ERR,ERR,ERR,ERR,ERR,ERR,ERR,ERR,ERR,ERR,ERR,ERR,ERR,ERR,ERR,ERR,ERR,ERR,ERR,ERR,ERR,ERR,ERR,ERR,ERR,ERR,ERR,ERR,ERR,ERR,ERR,ERR,ERR,ERR,ERR,ERR,ERR,ERR,ERR,ERR,ERR,ERR,ERR,ERR,ERR,ERR,ERR,ERR,ERR,ERR,ERR,ERR,ERR,ERR,ERR,ERR,ERR,ERR,ERR,ERR,ERR,ERR,ERR,ERR,ERR,ERR,ERR,ERR,ERR,ERR,ERR,ERR,ERR,ERR,ERR,0.0,0.0,0.0,0.0,0.0,1.3936040501711995e+18,7.805,0.0,0,0,4,0,8422,0.0,45,0.0,0.0,0.0,0.0,0.0,0,0,0,0,0.0,0,0,0,0,0,0,0,0,0,0,0,0,0,0,0,0,0,0,0,0,0,0,0,0,0,0,0,0,0,0,0,0,0,38,14,7,45,65476,0,300,0,0,8,21553,0.0,-107605600.0,0.0,0.0,0.0,0.0,0.0,0.0,0.0,0.0,0.0,0.0,0.0,0.0,0.0,0.0,0.0,0.0,0.0,0.0,0.0,0.0,0.0,2.004,-2.004,2.004,0.0,0.0,0.0,0.0,5045.0,0.0,0.0,0.0,0.0,0.0,-107615304.0,0.0,0.0,0.0,0.0,53,-0.0,0.0,0.0,0.0,0.0,0.0,0.0,0.0,0.0,0,0,0,0.0,0.0,0.0,0.0,0.0,0.0,0.0,0.0,0.0,0.0,0.0,0.0,0.0,0.0,0.0,0.0,0,-107875648.0,53,0.0,106,-107614832.0,2.7006707062415038e+23,ERR,ERR,ERR,ERR,ERR,ERR,ERR,ERR,ERR,ERR,ERR,ERR,ERR,ERR,ERR,ERR,ERR,ERR,ERR,ERR,ERR,ERR,ERR,ERR,ERR,ERR,ERR,ERR,ERR,ERR,ERR,ERR,ERR,ERR,ERR,ERR,ERR,ERR,ERR,ERR,ERR,ERR,ERR,ERR,ERR,ERR,ERR,ERR,ERR,ERR,ERR,ERR,ERR,ERR,ERR,ERR,ERR,ERR,ERR,ERR,ERR,ERR,ERR,ERR,ERR,ERR,ERR,50.0,60.0,100,0.0,0.0,0.0,0.0,0.0,0.0,0.0,0.0,0.0,0.0,0.0,0.0,0.0,0.0,0.0,0.0,61.6,77,11,65509,50,65476,0,300,0,0,8,20529,65476,0,0,26214,60.0,0.0,0.0,0.0,0.0,0.0
2026-05-17T16:58:19,ERR,ERR,ERR,ERR,ERR,ERR,ERR,ERR,ERR,ERR,ERR,ERR,ERR,ERR,ERR,ERR,ERR,ERR,ERR,ERR,ERR,ERR,ERR,ERR,ERR,ERR,ERR,ERR,ERR,ERR,ERR,ERR,ERR,ERR,ERR,ERR,ERR,ERR,ERR,ERR,ERR,ERR,ERR,ERR,ERR,ERR,ERR,ERR,ERR,ERR,ERR,ERR,ERR,ERR,ERR,ERR,ERR,ERR,ERR,ERR,ERR,ERR,ERR,ERR,ERR,ERR,ERR,ERR,ERR,ERR,ERR,ERR,ERR,ERR,ERR,ERR,ERR,ERR,ERR,ERR,ERR,ERR,ERR,ERR,ERR,ERR,ERR,ERR,ERR,ERR,ERR,ERR,ERR,ERR,ERR,ERR,ERR,ERR,ERR,ERR,ERR,ERR,ERR,ERR,ERR,ERR,ERR,ERR,ERR,ERR,ERR,ERR,ERR,ERR,ERR,ERR,ERR,ERR,ERR,ERR,ERR,ERR,ERR,ERR,ERR,0.0,0.0,0.0,0.0,0.0,1.3936040501711995e+18,7.805,0.0,0,0,4,0,8422,0.0,45,0.0,0.0,0.0,0.0,0.0,0,0,0,0,0.0,0,0,0,0,0,0,0,0,0,0,0,0,0,0,0,0,0,0,0,0,0,0,0,0,0,0,0,0,0,0,0,0,0,38,14,7,45,65476,0,300,0,0,8,21553,0.0,-107605600.0,0.0,0.0,0.0,0.0,0.0,0.0,0.0,0.0,0.0,0.0,0.0,0.0,0.0,0.0,0.0,0.0,0.0,0.0,0.0,0.0,0.0,0.0,-2.004,2.004,0.0,0.0,0.0,0.0,5012.0,-1.040665380856972e+34,0.0,0.0,0.0,0.0,-107615304.0,0.0,0.0,0.0,0.0,53,4.950428597886765e+32,0.0,0.0,0.0,0.0,0.0,0.0,0.0,0.0,0,0,0,0.0,0.0,0.0,0.0,0.0,0.0,0.0,0.0,0.0,0.0,0.0,0.0,0.0,0.0,0.0,0.0,0,-107875648.0,53,0.0,106,-107614832.0,2.7006707062415038e+23,ERR,ERR,ERR,ERR,ERR,ERR,ERR,ERR,ERR,ERR,ERR,ERR,ERR,ERR,ERR,ERR,ERR,ERR,ERR,ERR,ERR,ERR,ERR,ERR,ERR,ERR,ERR,ERR,ERR,ERR,ERR,ERR,ERR,ERR,ERR,ERR,ERR,ERR,ERR,ERR,ERR,ERR,ERR,ERR,ERR,ERR,ERR,ERR,ERR,ERR,ERR,ERR,ERR,ERR,ERR,ERR,ERR,ERR,ERR,ERR,ERR,ERR,ERR,ERR,ERR,ERR,ERR,50.0,60.0,100,0.0,0.0,0.0,0.0,0.0,0.0,0.0,0.0,0.0,0.0,0.0,0.0,0.0,0.0,0.0,0.0,61.6,77,11,65509,50,65476,0,300,0,0,8,20529,65476,0,0,26214,60.0,0.0,0.0,0.0,0.0,0.0
2026-05-17T16:58:20,ERR,ERR,ERR,ERR,ERR,ERR,ERR,ERR,ERR,ERR,ERR,ERR,ERR,ERR,ERR,ERR,ERR,ERR,ERR,ERR,ERR,ERR,ERR,ERR,ERR,ERR,ERR,ERR,ERR,ERR,ERR,ERR,ERR,ERR,ERR,ERR,ERR,ERR,ERR,ERR,ERR,ERR,ERR,ERR,ERR,ERR,ERR,ERR,ERR,ERR,ERR,ERR,ERR,ERR,ERR,ERR,ERR,ERR,ERR,ERR,ERR,ERR,ERR,ERR,ERR,ERR,ERR,ERR,ERR,ERR,ERR,ERR,ERR,ERR,ERR,ERR,ERR,ERR,ERR,ERR,ERR,ERR,ERR,ERR,ERR,ERR,ERR,ERR,ERR,ERR,ERR,ERR,ERR,ERR,ERR,ERR,ERR,ERR,ERR,ERR,ERR,ERR,ERR,ERR,ERR,ERR,ERR,ERR,ERR,ERR,ERR,ERR,ERR,ERR,ERR,ERR,ERR,ERR,ERR,ERR,ERR,ERR,ERR,ERR,ERR,0.0,0.0,0.0,0.0,0.0,1.3936040501711995e+18,7.805,0.0,0,0,4,0,8422,0.0,45,0.0,0.0,0.0,0.0,0.0,0,0,0,0,0.0,0,0,0,0,0,0,0,0,0,0,0,0,0,0,0,0,0,0,0,0,0,0,0,0,0,0,0,0,0,0,0,0,0,38,14,7,45,65476,0,300,0,0,8,21553,0.0,-107605600.0,0.0,0.0,0.0,0.0,0.0,0.0,0.0,0.0,0.0,0.0,0.0,0.0,0.0,0.0,0.0,0.0,0.0,0.0,0.0,0.0,0.0,0.0,-2.004,2.004,0.0,0.0,0.0,0.0,5012.0,-1.040665380856972e+34,0.0,0.0,0.0,0.0,-107615304.0,0.0,0.0,0.0,0.0,53,4.950428597886765e+32,0.0,0.0,0.0,0.0,0.0,0.0,0.0,0.0,0,0,0,0.0,0.0,0.0,0.0,0.0,0.0,0.0,0.0,0.0,0.0,0.0,0.0,0.0,0.0,0.0,0.0,0,-107875648.0,53,0.0,106,-107614832.0,2.7006707062415038e+23,ERR,ERR,ERR,ERR,ERR,ERR,ERR,ERR,ERR,ERR,ERR,ERR,ERR,ERR,ERR,ERR,ERR,ERR,ERR,ERR,ERR,ERR,ERR,ERR,ERR,ERR,ERR,ERR,ERR,ERR,ERR,ERR,ERR,ERR,ERR,ERR,ERR,ERR,ERR,ERR,ERR,ERR,ERR,ERR,ERR,ERR,ERR,ERR,ERR,ERR,ERR,ERR,ERR,ERR,ERR,ERR,ERR,ERR,ERR,ERR,ERR,ERR,ERR,ERR,ERR,ERR,ERR,50.0,60.0,100,0.0,0.0,0.0,0.0,0.0,0.0,0.0,0.0,0.0,0.0,0.0,0.0,0.0,0.0,0.0,0.0,61.6,77,11,65509,50,65476,0,300,0,0,8,20529,65476,0,0,26214,60.0,0.0,0.0,0.0,0.0,0.0
2026-05-17T16:58:21,ERR,ERR,ERR,ERR,ERR,ERR,ERR,ERR,ERR,ERR,ERR,ERR,ERR,ERR,ERR,ERR,ERR,ERR,ERR,ERR,ERR,ERR,ERR,ERR,ERR,ERR,ERR,ERR,ERR,ERR,ERR,ERR,ERR,ERR,ERR,ERR,ERR,ERR,ERR,ERR,ERR,ERR,ERR,ERR,ERR,ERR,ERR,ERR,ERR,ERR,ERR,ERR,ERR,ERR,ERR,ERR,ERR,ERR,ERR,ERR,ERR,ERR,ERR,ERR,ERR,ERR,ERR,ERR,ERR,ERR,ERR,ERR,ERR,ERR,ERR,ERR,ERR,ERR,ERR,ERR,ERR,ERR,ERR,ERR,ERR,ERR,ERR,ERR,ERR,ERR,ERR,ERR,ERR,ERR,ERR,ERR,ERR,ERR,ERR,ERR,ERR,ERR,ERR,ERR,ERR,ERR,ERR,ERR,ERR,ERR,ERR,ERR,ERR,ERR,ERR,ERR,ERR,ERR,ERR,ERR,ERR,ERR,ERR,ERR,ERR,0.0,0.0,0.0,0.0,0.0,1.3936040501711995e+18,7.805,0.0,0,0,4,0,8422,0.0,45,0.0,0.0,0.0,0.0,0.0,0,0,0,0,0.0,0,0,0,0,0,0,0,0,0,0,0,0,0,0,0,0,0,0,0,0,0,0,0,0,0,0,0,0,0,0,0,0,0,38,14,7,45,65476,0,300,0,0,8,21553,0.0,-107605600.0,0.0,0.0,0.0,0.0,0.0,0.0,0.0,0.0,0.0,0.0,0.0,0.0,0.0,0.0,0.0,0.0,0.0,0.0,0.0,0.0,0.0,0.0,-2.004,2.004,0.0,0.0,0.0,0.0,5012.0,-1.040665380856972e+34,0.0,0.0,0.0,0.0,-107615304.0,0.0,0.0,0.0,0.0,53,4.950428597886765e+32,0.0,0.0,0.0,0.0,0.0,0.0,0.0,0.0,0,0,0,0.0,0.0,0.0,0.0,0.0,0.0,0.0,0.0,0.0,0.0,0.0,0.0,0.0,0.0,0.0,0.0,0,-107875648.0,53,0.0,106,-107614832.0,2.7006707062415038e+23,ERR,ERR,ERR,ERR,ERR,ERR,ERR,ERR,ERR,ERR,ERR,ERR,ERR,ERR,ERR,ERR,ERR,ERR,ERR,ERR,ERR,ERR,ERR,ERR,ERR,ERR,ERR,ERR,ERR,ERR,ERR,ERR,ERR,ERR,ERR,ERR,ERR,ERR,ERR,ERR,ERR,ERR,ERR,ERR,ERR,ERR,ERR,ERR,ERR,ERR,ERR,ERR,ERR,ERR,ERR,ERR,ERR,ERR,ERR,ERR,ERR,ERR,ERR,ERR,ERR,ERR,ERR,50.0,60.0,100,0.0,0.0,0.0,0.0,0.0,0.0,0.0,0.0,0.0,0.0,0.0,0.0,0.0,0.0,0.0,0.0,61.6,77,11,65509,50,65476,0,300,0,0,8,20529,65476,0,0,26214,60.0,0.0,0.0,0.0,0.0,0.0
2026-05-17T16:58:22,ERR,ERR,ERR,ERR,ERR,ERR,ERR,ERR,ERR,ERR,ERR,ERR,ERR,ERR,ERR,ERR,ERR,ERR,ERR,ERR,ERR,ERR,ERR,ERR,ERR,ERR,ERR,ERR,ERR,ERR,ERR,ERR,ERR,ERR,ERR,ERR,ERR,ERR,ERR,ERR,ERR,ERR,ERR,ERR,ERR,ERR,ERR,ERR,ERR,ERR,ERR,ERR,ERR,ERR,ERR,ERR,ERR,ERR,ERR,ERR,ERR,ERR,ERR,ERR,ERR,ERR,ERR,ERR,ERR,ERR,ERR,ERR,ERR,ERR,ERR,ERR,ERR,ERR,ERR,ERR,ERR,ERR,ERR,ERR,ERR,ERR,ERR,ERR,ERR,ERR,ERR,ERR,ERR,ERR,ERR,ERR,ERR,ERR,ERR,ERR,ERR,ERR,ERR,ERR,ERR,ERR,ERR,ERR,ERR,ERR,ERR,ERR,ERR,ERR,ERR,ERR,ERR,ERR,ERR,ERR,ERR,ERR,ERR,ERR,ERR,0.0,0.0,0.0,0.0,0.0,1.3936040501711995e+18,7.805,0.0,0,0,4,0,8422,0.0,45,0.0,0.0,0.0,0.0,0.0,0,0,0,0,0.0,0,0,0,0,0,0,0,0,0,0,0,0,0,0,0,0,0,0,0,0,0,0,0,0,0,0,0,0,0,0,0,0,0,38,14,7,45,65476,0,300,0,0,8,21553,0.0,-107605600.0,0.0,0.0,0.0,0.0,0.0,0.0,0.0,0.0,0.0,0.0,0.0,0.0,0.0,0.0,0.0,0.0,0.0,0.0,0.0,0.0,0.0,0.0,-2.004,2.004,0.0,0.0,0.0,0.0,5012.0,-1.040665380856972e+34,0.0,0.0,0.0,0.0,-107615304.0,0.0,0.0,0.0,0.0,53,4.950428597886765e+32,0.0,0.0,0.0,0.0,0.0,0.0,0.0,0.0,0,0,0,0.0,0.0,0.0,0.0,0.0,0.0,0.0,0.0,0.0,0.0,0.0,0.0,0.0,0.0,0.0,0.0,0,-107875648.0,53,0.0,106,-107614832.0,2.7006707062415038e+23,ERR,ERR,ERR,ERR,ERR,ERR,ERR,ERR,ERR,ERR,ERR,ERR,ERR,ERR,ERR,ERR,ERR,ERR,ERR,ERR,ERR,ERR,ERR,ERR,ERR,ERR,ERR,ERR,ERR,ERR,ERR,ERR,ERR,ERR,ERR,ERR,ERR,ERR,ERR,ERR,ERR,ERR,ERR,ERR,ERR,ERR,ERR,ERR,ERR,ERR,ERR,ERR,ERR,ERR,ERR,ERR,ERR,ERR,ERR,ERR,ERR,ERR,ERR,ERR,ERR,ERR,ERR,50.0,60.0,100,0.0,0.0,0.0,0.0,0.0,0.0,0.0,0.0,0.0,0.0,0.0,0.0,0.0,0.0,0.0,0.0,61.6,77,11,65509,50,65476,0,300,0,0,8,20529,65476,0,0,26214,60.0,0.0,0.0,0.0,0.0,0.0
2026-05-17T16:58:23,ERR,ERR,ERR,ERR,ERR,ERR,ERR,ERR,ERR,ERR,ERR,ERR,ERR,ERR,ERR,ERR,ERR,ERR,ERR,ERR,ERR,ERR,ERR,ERR,ERR,ERR,ERR,ERR,ERR,ERR,ERR,ERR,ERR,ERR,ERR,ERR,ERR,ERR,ERR,ERR,ERR,ERR,ERR,ERR,ERR,ERR,ERR,ERR,ERR,ERR,ERR,ERR,ERR,ERR,ERR,ERR,ERR,ERR,ERR,ERR,ERR,ERR,ERR,ERR,ERR,ERR,ERR,ERR,ERR,ERR,ERR,ERR,ERR,ERR,ERR,ERR,ERR,ERR,ERR,ERR,ERR,ERR,ERR,ERR,ERR,ERR,ERR,ERR,ERR,ERR,ERR,ERR,ERR,ERR,ERR,ERR,ERR,ERR,ERR,ERR,ERR,ERR,ERR,ERR,ERR,ERR,ERR,ERR,ERR,ERR,ERR,ERR,ERR,ERR,ERR,ERR,ERR,ERR,ERR,ERR,ERR,ERR,ERR,ERR,ERR,0.0,0.0,0.0,0.0,0.0,1.3936040501711995e+18,7.805,0.0,0,0,4,0,8422,0.0,45,0.0,0.0,0.0,0.0,0.0,0,0,0,0,0.0,0,0,0,0,0,0,0,0,0,0,0,0,0,0,0,0,0,0,0,0,0,0,0,0,0,0,0,0,0,0,0,0,0,38,14,7,45,65476,0,300,0,0,8,21553,0.0,-107605600.0,0.0,0.0,0.0,0.0,0.0,0.0,0.0,0.0,0.0,0.0,0.0,0.0,0.0,0.0,0.0,0.0,0.0,0.0,0.0,0.0,0.0,0.0,-2.004,2.004,0.0,0.0,0.0,0.0,5012.0,-1.040665380856972e+34,0.0,0.0,0.0,0.0,-107615304.0,0.0,0.0,0.0,0.0,53,4.950428597886765e+32,0.0,0.0,0.0,0.0,0.0,0.0,0.0,0.0,0,0,0,0.0,0.0,0.0,0.0,0.0,0.0,0.0,0.0,0.0,0.0,0.0,0.0,0.0,0.0,0.0,0.0,0,-107875648.0,53,0.0,106,-107614832.0,2.7006707062415038e+23,ERR,ERR,ERR,ERR,ERR,ERR,ERR,ERR,ERR,ERR,ERR,ERR,ERR,ERR,ERR,ERR,ERR,ERR,ERR,ERR,ERR,ERR,ERR,ERR,ERR,ERR,ERR,ERR,ERR,ERR,ERR,ERR,ERR,ERR,ERR,ERR,ERR,ERR,ERR,ERR,ERR,ERR,ERR,ERR,ERR,ERR,ERR,ERR,ERR,ERR,ERR,ERR,ERR,ERR,ERR,ERR,ERR,ERR,ERR,ERR,ERR,ERR,ERR,ERR,ERR,ERR,ERR,50.0,60.0,100,0.0,0.0,0.0,0.0,0.0,0.0,0.0,0.0,0.0,0.0,0.0,0.0,0.0,0.0,0.0,0.0,61.6,77,11,65509,50,65476,0,300,0,0,8,20529,65476,0,0,26214,60.0,0.0,0.0,0.0,0.0,0.0
2026-05-17T16:58:24,ERR,ERR,ERR,ERR,ERR,ERR,ERR,ERR,ERR,ERR,ERR,ERR,ERR,ERR,ERR,ERR,ERR,ERR,ERR,ERR,ERR,ERR,ERR,ERR,ERR,ERR,ERR,ERR,ERR,ERR,ERR,ERR,ERR,ERR,ERR,ERR,ERR,ERR,ERR,ERR,ERR,ERR,ERR,ERR,ERR,ERR,ERR,ERR,ERR,ERR,ERR,ERR,ERR,ERR,ERR,ERR,ERR,ERR,ERR,ERR,ERR,ERR,ERR,ERR,ERR,ERR,ERR,ERR,ERR,ERR,ERR,ERR,ERR,ERR,ERR,ERR,ERR,ERR,ERR,ERR,ERR,ERR,ERR,ERR,ERR,ERR,ERR,ERR,ERR,ERR,ERR,ERR,ERR,ERR,ERR,ERR,ERR,ERR,ERR,ERR,ERR,ERR,ERR,ERR,ERR,ERR,ERR,ERR,ERR,ERR,ERR,ERR,ERR,ERR,ERR,ERR,ERR,ERR,ERR,ERR,ERR,ERR,ERR,ERR,ERR,0.0,0.0,-134474944.0,0.0,0.0,1.3936040501711995e+18,7.805,0.0,0,0,4,0,8422,0.0,45,0.0,0.0,0.0,0.0,0.0,0,0,0,0,0.0,0,0,0,0,0,0,0,0,0,0,0,0,0,0,0,0,0,0,0,0,0,0,0,0,0,0,0,0,0,0,0,0,0,38,14,7,45,65476,0,300,0,0,8,21553,0.0,-107605600.0,0.0,0.0,0.0,0.0,0.0,0.0,0.0,0.0,0.0,0.0,0.0,0.0,0.0,0.0,0.0,0.0,0.0,0.0,0.0,0.0,0.0,0.0,-2.004,2.004,0.0,0.0,0.0,0.0,5048.0,-131350.453,0.0,0.0,0.0,0.0,-107615304.0,0.0,0.0,0.0,0.0,53,-0.0,-4.950401904804668e+32,0.0,0.0,0.0,0.0,0.0,0.0,0.0,0,0,0,0.0,0.0,0.0,0.0,0.0,0.0,0.0,0.0,0.0,0.0,0.0,0.0,0.0,0.0,0.0,0.0,0,-107875648.0,53,0.0,106,-107614832.0,2.7006707062415038e+23,ERR,ERR,ERR,ERR,ERR,ERR,ERR,ERR,ERR,ERR,ERR,ERR,ERR,ERR,ERR,ERR,ERR,ERR,ERR,ERR,ERR,ERR,ERR,ERR,ERR,ERR,ERR,ERR,ERR,ERR,ERR,ERR,ERR,ERR,ERR,ERR,ERR,ERR,ERR,ERR,ERR,ERR,ERR,ERR,ERR,ERR,ERR,ERR,ERR,ERR,ERR,ERR,ERR,ERR,ERR,ERR,ERR,ERR,ERR,ERR,ERR,ERR,ERR,ERR,ERR,ERR,ERR,50.0,60.0,100,0.0,0.0,0.0,0.0,0.0,0.0,0.0,0.0,0.0,0.0,0.0,0.0,0.0,0.0,0.0,0.0,61.6,77,11,65509,50,65476,0,300,0,0,8,20529,65476,0,0,26214,60.0,0.0,0.0,0.0,0.0,0.0
2026-05-17T16:58:25,ERR,ERR,ERR,ERR,ERR,ERR,ERR,ERR,ERR,ERR,ERR,ERR,ERR,ERR,ERR,ERR,ERR,ERR,ERR,ERR,ERR,ERR,ERR,ERR,ERR,ERR,ERR,ERR,ERR,ERR,ERR,ERR,ERR,ERR,ERR,ERR,ERR,ERR,ERR,ERR,ERR,ERR,ERR,ERR,ERR,ERR,ERR,ERR,ERR,ERR,ERR,ERR,ERR,ERR,ERR,ERR,ERR,ERR,ERR,ERR,ERR,ERR,ERR,ERR,ERR,ERR,ERR,ERR,ERR,ERR,ERR,ERR,ERR,ERR,ERR,ERR,ERR,ERR,ERR,ERR,ERR,ERR,ERR,ERR,ERR,ERR,ERR,ERR,ERR,ERR,ERR,ERR,ERR,ERR,ERR,ERR,ERR,ERR,ERR,ERR,ERR,ERR,ERR,ERR,ERR,ERR,ERR,ERR,ERR,ERR,ERR,ERR,ERR,ERR,ERR,ERR,ERR,ERR,ERR,ERR,ERR,ERR,ERR,ERR,ERR,0.0,0.0,-134474944.0,0.0,0.0,1.3936040501711995e+18,7.805,0.0,0,0,4,0,8422,0.0,45,0.0,0.0,0.0,0.0,0.0,0,0,0,0,0.0,0,0,0,0,0,0,0,0,0,0,0,0,0,0,0,0,0,0,0,0,0,0,0,0,0,0,0,0,0,0,0,0,0,38,14,7,45,65476,0,300,0,0,8,21553,0.0,-107605600.0,0.0,0.0,0.0,0.0,0.0,0.0,0.0,0.0,0.0,0.0,0.0,0.0,0.0,0.0,0.0,0.0,0.0,0.0,0.0,0.0,0.0,0.0,-2.004,2.004,0.0,0.0,0.0,0.0,5048.0,-131350.453,0.0,0.0,0.0,0.0,-107615304.0,0.0,0.0,0.0,0.0,53,-0.0,-4.950401904804668e+32,0.0,0.0,0.0,0.0,0.0,0.0,0.0,0,0,0,0.0,0.0,0.0,0.0,0.0,0.0,0.0,0.0,0.0,0.0,0.0,0.0,0.0,0.0,0.0,0.0,0,-107875648.0,53,0.0,106,-107614832.0,2.7006707062415038e+23,ERR,ERR,ERR,ERR,ERR,ERR,ERR,ERR,ERR,ERR,ERR,ERR,ERR,ERR,ERR,ERR,ERR,ERR,ERR,ERR,ERR,ERR,ERR,ERR,ERR,ERR,ERR,ERR,ERR,ERR,ERR,ERR,ERR,ERR,ERR,ERR,ERR,ERR,ERR,ERR,ERR,ERR,ERR,ERR,ERR,ERR,ERR,ERR,ERR,ERR,ERR,ERR,ERR,ERR,ERR,ERR,ERR,ERR,ERR,ERR,ERR,ERR,ERR,ERR,ERR,ERR,ERR,50.0,60.0,100,0.0,0.0,0.0,0.0,0.0,0.0,0.0,0.0,0.0,0.0,0.0,0.0,0.0,0.0,0.0,0.0,62.0,77,11,65509,50,65476,0,300,0,0,8,20529,65476,0,0,26214,60.0,0.0,0.0,0.0,0.0,0.0
2026-05-17T16:58:26,ERR,ERR,ERR,ERR,ERR,ERR,ERR,ERR,ERR,ERR,ERR,ERR,ERR,ERR,ERR,ERR,ERR,ERR,ERR,ERR,ERR,ERR,ERR,ERR,ERR,ERR,ERR,ERR,ERR,ERR,ERR,ERR,ERR,ERR,ERR,ERR,ERR,ERR,ERR,ERR,ERR,ERR,ERR,ERR,ERR,ERR,ERR,ERR,ERR,ERR,ERR,ERR,ERR,ERR,ERR,ERR,ERR,ERR,ERR,ERR,ERR,ERR,ERR,ERR,ERR,ERR,ERR,ERR,ERR,ERR,ERR,ERR,ERR,ERR,ERR,ERR,ERR,ERR,ERR,ERR,ERR,ERR,ERR,ERR,ERR,ERR,ERR,ERR,ERR,ERR,ERR,ERR,ERR,ERR,ERR,ERR,ERR,ERR,ERR,ERR,ERR,ERR,ERR,ERR,ERR,ERR,ERR,ERR,ERR,ERR,ERR,ERR,ERR,ERR,ERR,ERR,ERR,ERR,ERR,ERR,ERR,ERR,ERR,ERR,ERR,0.0,0.0,-134474944.0,0.0,0.0,1.3936040501711995e+18,7.805,0.0,0,0,4,0,8422,0.0,45,0.0,0.0,0.0,0.0,0.0,0,0,0,0,0.0,0,0,0,0,0,0,0,0,0,0,0,0,0,0,0,0,0,0,0,0,0,0,0,0,0,0,0,0,0,0,0,0,0,38,14,7,45,65476,0,300,0,0,8,21553,0.0,-107605600.0,0.0,0.0,0.0,0.0,0.0,0.0,0.0,0.0,0.0,0.0,0.0,0.0,0.0,0.0,0.0,0.0,0.0,0.0,0.0,0.0,0.0,0.0,-2.004,2.004,0.0,0.0,0.0,0.0,5048.0,-131350.453,0.0,0.0,0.0,0.0,-107615304.0,0.0,0.0,0.0,0.0,53,-0.0,-4.950401904804668e+32,0.0,0.0,0.0,0.0,0.0,0.0,0.0,0,0,0,0.0,0.0,0.0,0.0,0.0,0.0,0.0,0.0,0.0,0.0,0.0,0.0,0.0,0.0,0.0,0.0,0,-107875648.0,53,0.0,106,-107614832.0,2.7006707062415038e+23,ERR,ERR,ERR,ERR,ERR,ERR,ERR,ERR,ERR,ERR,ERR,ERR,ERR,ERR,ERR,ERR,ERR,ERR,ERR,ERR,ERR,ERR,ERR,ERR,ERR,ERR,ERR,ERR,ERR,ERR,ERR,ERR,ERR,ERR,ERR,ERR,ERR,ERR,ERR,ERR,ERR,ERR,ERR,ERR,ERR,ERR,ERR,ERR,ERR,ERR,ERR,ERR,ERR,ERR,ERR,ERR,ERR,ERR,ERR,ERR,ERR,ERR,ERR,ERR,ERR,ERR,ERR,50.0,60.0,100,0.0,0.0,0.0,0.0,0.0,0.0,0.0,0.0,0.0,0.0,0.0,0.0,0.0,0.0,0.0,0.0,62.0,77,11,65509,50,65476,0,300,0,0,8,20529,65476,0,0,26214,60.0,0.0,0.0,0.0,0.0,0.0
2026-05-17T16:58:27,ERR,ERR,ERR,ERR,ERR,ERR,ERR,ERR,ERR,ERR,ERR,ERR,ERR,ERR,ERR,ERR,ERR,ERR,ERR,ERR,ERR,ERR,ERR,ERR,ERR,ERR,ERR,ERR,ERR,ERR,ERR,ERR,ERR,ERR,ERR,ERR,ERR,ERR,ERR,ERR,ERR,ERR,ERR,ERR,ERR,ERR,ERR,ERR,ERR,ERR,ERR,ERR,ERR,ERR,ERR,ERR,ERR,ERR,ERR,ERR,ERR,ERR,ERR,ERR,ERR,ERR,ERR,ERR,ERR,ERR,ERR,ERR,ERR,ERR,ERR,ERR,ERR,ERR,ERR,ERR,ERR,ERR,ERR,ERR,ERR,ERR,ERR,ERR,ERR,ERR,ERR,ERR,ERR,ERR,ERR,ERR,ERR,ERR,ERR,ERR,ERR,ERR,ERR,ERR,ERR,ERR,ERR,ERR,ERR,ERR,ERR,ERR,ERR,ERR,ERR,ERR,ERR,ERR,ERR,ERR,ERR,ERR,ERR,ERR,ERR,0.0,0.0,-134474944.0,0.0,0.0,1.3936040501711995e+18,7.805,0.0,0,0,4,0,8422,0.0,45,0.0,0.0,0.0,0.0,0.0,0,0,0,0,0.0,0,0,0,0,0,0,0,0,0,0,0,0,0,0,0,0,0,0,0,0,0,0,0,0,0,0,0,0,0,0,0,0,0,38,14,7,45,65476,0,300,0,0,8,21553,0.0,-107605600.0,0.0,0.0,0.0,0.0,0.0,0.0,0.0,0.0,0.0,0.0,0.0,0.0,0.0,0.0,0.0,0.0,0.0,0.0,0.0,0.0,0.0,0.0,-2.004,2.004,0.0,0.0,0.0,0.0,5048.0,-131350.453,0.0,0.0,0.0,0.0,-107615304.0,0.0,0.0,0.0,0.0,53,-0.0,-4.950401904804668e+32,0.0,0.0,0.0,0.0,0.0,0.0,0.0,0,0,0,0.0,0.0,0.0,0.0,0.0,0.0,0.0,0.0,0.0,0.0,0.0,0.0,0.0,0.0,0.0,0.0,0,-107875648.0,53,0.0,106,-107614832.0,2.7006707062415038e+23,ERR,ERR,ERR,ERR,ERR,ERR,ERR,ERR,ERR,ERR,ERR,ERR,ERR,ERR,ERR,ERR,ERR,ERR,ERR,ERR,ERR,ERR,ERR,ERR,ERR,ERR,ERR,ERR,ERR,ERR,ERR,ERR,ERR,ERR,ERR,ERR,ERR,ERR,ERR,ERR,ERR,ERR,ERR,ERR,ERR,ERR,ERR,ERR,ERR,ERR,ERR,ERR,ERR,ERR,ERR,ERR,ERR,ERR,ERR,ERR,ERR,ERR,ERR,ERR,ERR,ERR,ERR,50.0,60.0,100,0.0,0.0,0.0,0.0,0.0,0.0,0.0,0.0,0.0,0.0,0.0,0.0,0.0,0.0,0.0,0.0,61.6,77,11,65509,50,65476,0,300,0,0,8,20529,65476,0,0,26214,60.0,0.0,0.0,0.0,0.0,0.0
2026-05-17T16:58:28,ERR,ERR,ERR,ERR,ERR,ERR,ERR,ERR,ERR,ERR,ERR,ERR,ERR,ERR,ERR,ERR,ERR,ERR,ERR,ERR,ERR,ERR,ERR,ERR,ERR,ERR,ERR,ERR,ERR,ERR,ERR,ERR,ERR,ERR,ERR,ERR,ERR,ERR,ERR,ERR,ERR,ERR,ERR,ERR,ERR,ERR,ERR,ERR,ERR,ERR,ERR,ERR,ERR,ERR,ERR,ERR,ERR,ERR,ERR,ERR,ERR,ERR,ERR,ERR,ERR,ERR,ERR,ERR,ERR,ERR,ERR,ERR,ERR,ERR,ERR,ERR,ERR,ERR,ERR,ERR,ERR,ERR,ERR,ERR,ERR,ERR,ERR,ERR,ERR,ERR,ERR,ERR,ERR,ERR,ERR,ERR,ERR,ERR,ERR,ERR,ERR,ERR,ERR,ERR,ERR,ERR,ERR,ERR,ERR,ERR,ERR,ERR,ERR,ERR,ERR,ERR,ERR,ERR,ERR,ERR,ERR,ERR,ERR,ERR,ERR,0.0,0.0,-134474944.0,0.0,0.0,1.3936040501711995e+18,7.805,0.0,0,0,4,0,8422,0.0,45,0.0,0.0,0.0,0.0,0.0,0,0,0,0,0.0,0,0,0,0,0,0,0,0,0,0,0,0,0,0,0,0,0,0,0,0,0,0,0,0,0,0,0,0,0,0,0,0,0,38,14,7,45,65476,0,300,0,0,8,21553,0.0,-107605600.0,0.0,0.0,0.0,0.0,0.0,0.0,0.0,0.0,0.0,0.0,0.0,0.0,0.0,0.0,0.0,0.0,0.0,0.0,0.0,0.0,0.0,0.0,-2.004,2.004,0.0,0.0,0.0,0.0,5048.0,-131350.453,0.0,0.0,0.0,0.0,-107615304.0,0.0,0.0,0.0,0.0,53,-0.0,-4.950401904804668e+32,0.0,0.0,0.0,0.0,0.0,0.0,0.0,0,0,0,0.0,0.0,0.0,0.0,0.0,0.0,0.0,0.0,0.0,0.0,0.0,0.0,0.0,0.0,0.0,0.0,0,-107875648.0,53,0.0,106,-107614832.0,2.7006707062415038e+23,ERR,ERR,ERR,ERR,ERR,ERR,ERR,ERR,ERR,ERR,ERR,ERR,ERR,ERR,ERR,ERR,ERR,ERR,ERR,ERR,ERR,ERR,ERR,ERR,ERR,ERR,ERR,ERR,ERR,ERR,ERR,ERR,ERR,ERR,ERR,ERR,ERR,ERR,ERR,ERR,ERR,ERR,ERR,ERR,ERR,ERR,ERR,ERR,ERR,ERR,ERR,ERR,ERR,ERR,ERR,ERR,ERR,ERR,ERR,ERR,ERR,ERR,ERR,ERR,ERR,ERR,ERR,50.0,60.0,100,0.0,0.0,0.0,0.0,0.0,0.0,0.0,0.0,0.0,0.0,0.0,0.0,0.0,0.0,0.0,0.0,61.6,77,11,65509,50,65476,0,300,0,0,8,20529,65476,0,0,26214,60.0,0.0,0.0,0.0,0.0,0.0
2026-05-17T16:58:29,ERR,ERR,ERR,ERR,ERR,ERR,ERR,ERR,ERR,ERR,ERR,ERR,ERR,ERR,ERR,ERR,ERR,ERR,ERR,ERR,ERR,ERR,ERR,ERR,ERR,ERR,ERR,ERR,ERR,ERR,ERR,ERR,ERR,ERR,ERR,ERR,ERR,ERR,ERR,ERR,ERR,ERR,ERR,ERR,ERR,ERR,ERR,ERR,ERR,ERR,ERR,ERR,ERR,ERR,ERR,ERR,ERR,ERR,ERR,ERR,ERR,ERR,ERR,ERR,ERR,ERR,ERR,ERR,ERR,ERR,ERR,ERR,ERR,ERR,ERR,ERR,ERR,ERR,ERR,ERR,ERR,ERR,ERR,ERR,ERR,ERR,ERR,ERR,ERR,ERR,ERR,ERR,ERR,ERR,ERR,ERR,ERR,ERR,ERR,ERR,ERR,ERR,ERR,ERR,ERR,ERR,ERR,ERR,ERR,ERR,ERR,ERR,ERR,ERR,ERR,ERR,ERR,ERR,ERR,ERR,ERR,ERR,ERR,ERR,ERR,0.0,0.0,-134474944.0,0.0,0.0,1.3936040501711995e+18,7.805,0.0,0,0,4,0,8422,0.0,45,0.0,0.0,0.0,0.0,0.0,0,0,0,0,0.0,0,0,0,0,0,0,0,0,0,0,0,0,0,0,0,0,0,0,0,0,0,0,0,0,0,0,0,0,0,0,0,0,0,38,14,7,45,65476,0,300,0,0,8,21553,0.0,-107605600.0,0.0,0.0,0.0,0.0,0.0,0.0,0.0,0.0,0.0,0.0,0.0,0.0,0.0,0.0,0.0,0.0,0.0,0.0,0.0,0.0,0.0,0.0,-2.004,2.004,0.0,0.0,0.0,0.0,5081.0,2.004,0.0,0.0,0.0,0.0,-107615304.0,0.0,0.0,0.0,0.0,53,-0.0,-0.0,0.0,0.0,0.0,0.0,0.0,0.0,0.0,0,0,0,0.0,0.0,0.0,0.0,0.0,0.0,0.0,0.0,0.0,0.0,0.0,0.0,0.0,0.0,0.0,0.0,0,-107875648.0,53,0.0,106,-107614832.0,2.7006707062415038e+23,ERR,ERR,ERR,ERR,ERR,ERR,ERR,ERR,ERR,ERR,ERR,ERR,ERR,ERR,ERR,ERR,ERR,ERR,ERR,ERR,ERR,ERR,ERR,ERR,ERR,ERR,ERR,ERR,ERR,ERR,ERR,ERR,ERR,ERR,ERR,ERR,ERR,ERR,ERR,ERR,ERR,ERR,ERR,ERR,ERR,ERR,ERR,ERR,ERR,ERR,ERR,ERR,ERR,ERR,ERR,ERR,ERR,ERR,ERR,ERR,ERR,ERR,ERR,ERR,ERR,ERR,ERR,50.0,60.0,100,0.0,0.0,0.0,0.0,0.0,0.0,0.0,0.0,0.0,0.0,0.0,0.0,0.0,0.0,0.0,0.0,61.6,77,11,65509,50,65476,0,300,0,0,8,20529,65476,0,0,26214,60.0,0.0,0.0,0.0,0.0,0.0
2026-05-17T16:58:30,ERR,ERR,ERR,ERR,ERR,ERR,ERR,ERR,ERR,ERR,ERR,ERR,ERR,ERR,ERR,ERR,ERR,ERR,ERR,ERR,ERR,ERR,ERR,ERR,ERR,ERR,ERR,ERR,ERR,ERR,ERR,ERR,ERR,ERR,ERR,ERR,ERR,ERR,ERR,ERR,ERR,ERR,ERR,ERR,ERR,ERR,ERR,ERR,ERR,ERR,ERR,ERR,ERR,ERR,ERR,ERR,ERR,ERR,ERR,ERR,ERR,ERR,ERR,ERR,ERR,ERR,ERR,ERR,ERR,ERR,ERR,ERR,ERR,ERR,ERR,ERR,ERR,ERR,ERR,ERR,ERR,ERR,ERR,ERR,ERR,ERR,ERR,ERR,ERR,ERR,ERR,ERR,ERR,ERR,ERR,ERR,ERR,ERR,ERR,ERR,ERR,ERR,ERR,ERR,ERR,ERR,ERR,ERR,ERR,ERR,ERR,ERR,ERR,ERR,ERR,ERR,ERR,ERR,ERR,ERR,ERR,ERR,ERR,ERR,ERR,0.0,0.0,-134474944.0,0.0,0.0,1.3936040501711995e+18,7.805,0.0,0,0,4,0,8422,0.0,45,0.0,0.0,0.0,0.0,0.0,0,0,0,0,0.0,0,0,0,0,0,0,0,0,0,0,0,0,0,0,0,0,0,0,0,0,0,0,0,0,0,0,0,0,0,0,0,0,0,38,14,7,45,65476,0,300,0,0,8,21553,0.0,-107605600.0,0.0,0.0,0.0,0.0,0.0,0.0,0.0,0.0,0.0,0.0,0.0,0.0,0.0,0.0,0.0,0.0,0.0,0.0,0.0,0.0,0.0,0.0,-2.004,2.004,0.0,0.0,0.0,0.0,5081.0,2.004,0.0,0.0,0.0,0.0,-107615304.0,0.0,0.0,0.0,0.0,53,-0.0,-0.0,0.0,0.0,0.0,0.0,0.0,0.0,0.0,0,0,0,0.0,0.0,0.0,0.0,0.0,0.0,0.0,0.0,0.0,0.0,0.0,0.0,0.0,0.0,0.0,0.0,0,-107875648.0,53,0.0,106,-107614832.0,2.7006707062415038e+23,ERR,ERR,ERR,ERR,ERR,ERR,ERR,ERR,ERR,ERR,ERR,ERR,ERR,ERR,ERR,ERR,ERR,ERR,ERR,ERR,ERR,ERR,ERR,ERR,ERR,ERR,ERR,ERR,ERR,ERR,ERR,ERR,ERR,ERR,ERR,ERR,ERR,ERR,ERR,ERR,ERR,ERR,ERR,ERR,ERR,ERR,ERR,ERR,ERR,ERR,ERR,ERR,ERR,ERR,ERR,ERR,ERR,ERR,ERR,ERR,ERR,ERR,ERR,ERR,ERR,ERR,ERR,50.0,60.0,100,0.0,0.0,0.0,0.0,0.0,0.0,0.0,0.0,0.0,0.0,0.0,0.0,0.0,0.0,0.0,0.0,61.6,77,11,65509,50,65476,0,300,0,0,8,20529,65476,0,0,26214,60.0,0.0,0.0,0.0,0.0,0.0
2026-05-17T16:58:31,ERR,ERR,ERR,ERR,ERR,ERR,ERR,ERR,ERR,ERR,ERR,ERR,ERR,ERR,ERR,ERR,ERR,ERR,ERR,ERR,ERR,ERR,ERR,ERR,ERR,ERR,ERR,ERR,ERR,ERR,ERR,ERR,ERR,ERR,ERR,ERR,ERR,ERR,ERR,ERR,ERR,ERR,ERR,ERR,ERR,ERR,ERR,ERR,ERR,ERR,ERR,ERR,ERR,ERR,ERR,ERR,ERR,ERR,ERR,ERR,ERR,ERR,ERR,ERR,ERR,ERR,ERR,ERR,ERR,ERR,ERR,ERR,ERR,ERR,ERR,ERR,ERR,ERR,ERR,ERR,ERR,ERR,ERR,ERR,ERR,ERR,ERR,ERR,ERR,ERR,ERR,ERR,ERR,ERR,ERR,ERR,ERR,ERR,ERR,ERR,ERR,ERR,ERR,ERR,ERR,ERR,ERR,ERR,ERR,ERR,ERR,ERR,ERR,ERR,ERR,ERR,ERR,ERR,ERR,ERR,ERR,ERR,ERR,ERR,ERR,0.0,0.0,-134474944.0,0.0,0.0,1.3936040501711995e+18,7.805,0.0,0,0,4,0,8422,0.0,45,0.0,0.0,0.0,0.0,0.0,0,0,0,0,0.0,0,0,0,0,0,0,0,0,0,0,0,0,0,0,0,0,0,0,0,0,0,0,0,0,0,0,0,0,0,0,0,0,0,38,14,7,45,65476,0,300,0,0,8,21553,0.0,-107605600.0,0.0,0.0,0.0,0.0,0.0,0.0,0.0,0.0,0.0,0.0,0.0,0.0,0.0,0.0,0.0,0.0,0.0,0.0,0.0,0.0,0.0,0.0,-2.004,2.004,0.0,0.0,0.0,0.0,5081.0,2.004,0.0,0.0,0.0,0.0,-107615304.0,0.0,0.0,0.0,0.0,53,-0.0,-0.0,0.0,0.0,0.0,0.0,0.0,0.0,0.0,0,0,0,0.0,0.0,0.0,0.0,0.0,0.0,0.0,0.0,0.0,0.0,0.0,0.0,0.0,0.0,0.0,0.0,0,-107875648.0,53,0.0,106,-107614832.0,2.7006707062415038e+23,ERR,ERR,ERR,ERR,ERR,ERR,ERR,ERR,ERR,ERR,ERR,ERR,ERR,ERR,ERR,ERR,ERR,ERR,ERR,ERR,ERR,ERR,ERR,ERR,ERR,ERR,ERR,ERR,ERR,ERR,ERR,ERR,ERR,ERR,ERR,ERR,ERR,ERR,ERR,ERR,ERR,ERR,ERR,ERR,ERR,ERR,ERR,ERR,ERR,ERR,ERR,ERR,ERR,ERR,ERR,ERR,ERR,ERR,ERR,ERR,ERR,ERR,ERR,ERR,ERR,ERR,ERR,50.0,60.0,100,0.0,0.0,0.0,0.0,0.0,0.0,0.0,0.0,0.0,0.0,0.0,0.0,0.0,0.0,0.0,0.0,61.6,77,11,65509,50,65476,0,300,0,0,8,20529,65476,0,0,26214,60.0,0.0,0.0,0.0,0.0,0.0
2026-05-17T16:58:32,ERR,ERR,ERR,ERR,ERR,ERR,ERR,ERR,ERR,ERR,ERR,ERR,ERR,ERR,ERR,ERR,ERR,ERR,ERR,ERR,ERR,ERR,ERR,ERR,ERR,ERR,ERR,ERR,ERR,ERR,ERR,ERR,ERR,ERR,ERR,ERR,ERR,ERR,ERR,ERR,ERR,ERR,ERR,ERR,ERR,ERR,ERR,ERR,ERR,ERR,ERR,ERR,ERR,ERR,ERR,ERR,ERR,ERR,ERR,ERR,ERR,ERR,ERR,ERR,ERR,ERR,ERR,ERR,ERR,ERR,ERR,ERR,ERR,ERR,ERR,ERR,ERR,ERR,ERR,ERR,ERR,ERR,ERR,ERR,ERR,ERR,ERR,ERR,ERR,ERR,ERR,ERR,ERR,ERR,ERR,ERR,ERR,ERR,ERR,ERR,ERR,ERR,ERR,ERR,ERR,ERR,ERR,ERR,ERR,ERR,ERR,ERR,ERR,ERR,ERR,ERR,ERR,ERR,ERR,ERR,ERR,ERR,ERR,ERR,ERR,0.0,0.0,-134474944.0,0.0,0.0,1.3936040501711995e+18,7.805,0.0,0,0,4,0,8422,0.0,45,0.0,0.0,0.0,0.0,0.0,0,0,0,0,0.0,0,0,0,0,0,0,0,0,0,0,0,0,0,0,0,0,0,0,0,0,0,0,0,0,0,0,0,0,0,0,0,0,0,38,14,7,45,65476,0,300,0,0,8,21553,0.0,-107605600.0,0.0,0.0,0.0,0.0,0.0,0.0,0.0,0.0,0.0,0.0,0.0,0.0,0.0,0.0,0.0,0.0,0.0,0.0,0.0,0.0,0.0,0.0,-2.004,2.004,0.0,0.0,0.0,0.0,5081.0,2.004,0.0,0.0,0.0,0.0,-107615304.0,0.0,0.0,0.0,0.0,53,-0.0,-0.0,0.0,0.0,0.0,0.0,0.0,0.0,0.0,0,0,0,0.0,0.0,0.0,0.0,0.0,0.0,0.0,0.0,0.0,0.0,0.0,0.0,0.0,0.0,0.0,0.0,0,-107875648.0,53,0.0,106,-107614832.0,2.7006707062415038e+23,ERR,ERR,ERR,ERR,ERR,ERR,ERR,ERR,ERR,ERR,ERR,ERR,ERR,ERR,ERR,ERR,ERR,ERR,ERR,ERR,ERR,ERR,ERR,ERR,ERR,ERR,ERR,ERR,ERR,ERR,ERR,ERR,ERR,ERR,ERR,ERR,ERR,ERR,ERR,ERR,ERR,ERR,ERR,ERR,ERR,ERR,ERR,ERR,ERR,ERR,ERR,ERR,ERR,ERR,ERR,ERR,ERR,ERR,ERR,ERR,ERR,ERR,ERR,ERR,ERR,ERR,ERR,50.0,60.0,100,0.0,0.0,0.0,0.0,0.0,0.0,0.0,0.0,0.0,0.0,0.0,0.0,0.0,0.0,0.0,0.0,62.0,77,11,65509,50,65476,0,300,0,0,8,20529,65476,0,0,26214,60.0,0.0,0.0,0.0,0.0,0.0
2026-05-17T16:58:33,ERR,ERR,ERR,ERR,ERR,ERR,ERR,ERR,ERR,ERR,ERR,ERR,ERR,ERR,ERR,ERR,ERR,ERR,ERR,ERR,ERR,ERR,ERR,ERR,ERR,ERR,ERR,ERR,ERR,ERR,ERR,ERR,ERR,ERR,ERR,ERR,ERR,ERR,ERR,ERR,ERR,ERR,ERR,ERR,ERR,ERR,ERR,ERR,ERR,ERR,ERR,ERR,ERR,ERR,ERR,ERR,ERR,ERR,ERR,ERR,ERR,ERR,ERR,ERR,ERR,ERR,ERR,ERR,ERR,ERR,ERR,ERR,ERR,ERR,ERR,ERR,ERR,ERR,ERR,ERR,ERR,ERR,ERR,ERR,ERR,ERR,ERR,ERR,ERR,ERR,ERR,ERR,ERR,ERR,ERR,ERR,ERR,ERR,ERR,ERR,ERR,ERR,ERR,ERR,ERR,ERR,ERR,ERR,ERR,ERR,ERR,ERR,ERR,ERR,ERR,ERR,ERR,ERR,ERR,ERR,ERR,ERR,ERR,ERR,ERR,0.0,0.0,-134474944.0,0.0,0.0,1.3936040501711995e+18,7.805,0.0,0,0,4,0,8422,0.0,45,0.0,0.0,0.0,0.0,0.0,0,0,0,0,0.0,0,0,0,0,0,0,0,0,0,0,0,0,0,0,0,0,0,0,0,0,0,0,0,0,0,0,0,0,0,0,0,0,0,38,14,7,45,65476,0,300,0,0,8,21553,0.0,-107605600.0,0.0,0.0,0.0,0.0,0.0,0.0,0.0,0.0,0.0,0.0,0.0,0.0,0.0,0.0,0.0,0.0,0.0,0.0,0.0,0.0,0.0,0.0,-2.004,2.004,0.0,0.0,0.0,0.0,5081.0,2.004,0.0,0.0,0.0,0.0,-107615304.0,0.0,0.0,0.0,0.0,53,-0.0,-0.0,0.0,0.0,0.0,0.0,0.0,0.0,0.0,0,0,0,0.0,0.0,0.0,0.0,0.0,0.0,0.0,0.0,0.0,0.0,0.0,0.0,0.0,0.0,0.0,0.0,0,-107875648.0,53,0.0,106,-107614832.0,2.7006707062415038e+23,ERR,ERR,ERR,ERR,ERR,ERR,ERR,ERR,ERR,ERR,ERR,ERR,ERR,ERR,ERR,ERR,ERR,ERR,ERR,ERR,ERR,ERR,ERR,ERR,ERR,ERR,ERR,ERR,ERR,ERR,ERR,ERR,ERR,ERR,ERR,ERR,ERR,ERR,ERR,ERR,ERR,ERR,ERR,ERR,ERR,ERR,ERR,ERR,ERR,ERR,ERR,ERR,ERR,ERR,ERR,ERR,ERR,ERR,ERR,ERR,ERR,ERR,ERR,ERR,ERR,ERR,ERR,50.0,60.0,100,0.0,0.0,0.0,0.0,0.0,0.0,0.0,0.0,0.0,0.0,0.0,0.0,0.0,0.0,0.0,0.0,62.0,77,11,65509,50,65476,0,300,0,0,8,20529,65476,0,0,26214,60.0,0.0,0.0,0.0,0.0,0.0
2026-05-17T16:58:34,ERR,ERR,ERR,ERR,ERR,ERR,ERR,ERR,ERR,ERR,ERR,ERR,ERR,ERR,ERR,ERR,ERR,ERR,ERR,ERR,ERR,ERR,ERR,ERR,ERR,ERR,ERR,ERR,ERR,ERR,ERR,ERR,ERR,ERR,ERR,ERR,ERR,ERR,ERR,ERR,ERR,ERR,ERR,ERR,ERR,ERR,ERR,ERR,ERR,ERR,ERR,ERR,ERR,ERR,ERR,ERR,ERR,ERR,ERR,ERR,ERR,ERR,ERR,ERR,ERR,ERR,ERR,ERR,ERR,ERR,ERR,ERR,ERR,ERR,ERR,ERR,ERR,ERR,ERR,ERR,ERR,ERR,ERR,ERR,ERR,ERR,ERR,ERR,ERR,ERR,ERR,ERR,ERR,ERR,ERR,ERR,ERR,ERR,ERR,ERR,ERR,ERR,ERR,ERR,ERR,ERR,ERR,ERR,ERR,ERR,ERR,ERR,ERR,ERR,ERR,ERR,ERR,ERR,ERR,ERR,ERR,ERR,ERR,ERR,ERR,0.0,0.0,0.0,0.0,0.0,1.3936040501711995e+18,7.805,0.0,0,0,4,0,8422,0.0,45,0.0,0.0,0.0,0.0,0.0,0,0,0,0,0.0,0,0,0,0,0,0,0,0,0,0,0,0,0,0,0,0,0,0,0,0,0,0,0,0,0,0,0,0,0,0,0,0,0,38,14,7,45,65476,0,300,0,0,8,21553,0.0,-107605600.0,0.0,0.0,0.0,0.0,0.0,0.0,0.0,0.0,0.0,0.0,0.0,0.0,0.0,0.0,0.0,0.0,0.0,0.0,0.0,0.0,0.0,2.004,-2.004,2.004,0.0,0.0,0.0,0.0,5078.0,131350.469,0.0,0.0,0.0,0.0,-107615304.0,0.0,0.0,0.0,0.0,53,-0.0,4.066854413593191e+29,0.0,0.0,0.0,0.0,0.0,0.0,0.0,0,0,0,0.0,0.0,0.0,0.0,0.0,0.0,0.0,0.0,0.0,0.0,0.0,0.0,0.0,0.0,0.0,0.0,0,-107875648.0,53,0.0,106,-107614832.0,2.7006707062415038e+23,ERR,ERR,ERR,ERR,ERR,ERR,ERR,ERR,ERR,ERR,ERR,ERR,ERR,ERR,ERR,ERR,ERR,ERR,ERR,ERR,ERR,ERR,ERR,ERR,ERR,ERR,ERR,ERR,ERR,ERR,ERR,ERR,ERR,ERR,ERR,ERR,ERR,ERR,ERR,ERR,ERR,ERR,ERR,ERR,ERR,ERR,ERR,ERR,ERR,ERR,ERR,ERR,ERR,ERR,ERR,ERR,ERR,ERR,ERR,ERR,ERR,ERR,ERR,ERR,ERR,ERR,ERR,50.0,60.0,100,0.0,0.0,0.0,0.0,0.0,0.0,0.0,0.0,0.0,0.0,0.0,0.0,0.0,0.0,0.0,0.0,61.6,77,11,65509,50,65476,0,300,0,0,8,20529,65476,0,0,26214,60.0,0.0,0.0,0.0,0.0,0.0
2026-05-17T16:58:35,ERR,ERR,ERR,ERR,ERR,ERR,ERR,ERR,ERR,ERR,ERR,ERR,ERR,ERR,ERR,ERR,ERR,ERR,ERR,ERR,ERR,ERR,ERR,ERR,ERR,ERR,ERR,ERR,ERR,ERR,ERR,ERR,ERR,ERR,ERR,ERR,ERR,ERR,ERR,ERR,ERR,ERR,ERR,ERR,ERR,ERR,ERR,ERR,ERR,ERR,ERR,ERR,ERR,ERR,ERR,ERR,ERR,ERR,ERR,ERR,ERR,ERR,ERR,ERR,ERR,ERR,ERR,ERR,ERR,ERR,ERR,ERR,ERR,ERR,ERR,ERR,ERR,ERR,ERR,ERR,ERR,ERR,ERR,ERR,ERR,ERR,ERR,ERR,ERR,ERR,ERR,ERR,ERR,ERR,ERR,ERR,ERR,ERR,ERR,ERR,ERR,ERR,ERR,ERR,ERR,ERR,ERR,ERR,ERR,ERR,ERR,ERR,ERR,ERR,ERR,ERR,ERR,ERR,ERR,ERR,ERR,ERR,ERR,ERR,ERR,0.0,0.0,0.0,0.0,0.0,1.3936040501711995e+18,7.805,0.0,0,0,4,0,8422,0.0,45,0.0,0.0,0.0,0.0,0.0,0,0,0,0,0.0,0,0,0,0,0,0,0,0,0,0,0,0,0,0,0,0,0,0,0,0,0,0,0,0,0,0,0,0,0,0,0,0,0,38,14,7,45,65476,0,300,0,0,8,21553,0.0,-107605600.0,0.0,0.0,0.0,0.0,0.0,0.0,0.0,0.0,0.0,0.0,0.0,0.0,0.0,0.0,0.0,0.0,0.0,0.0,0.0,0.0,0.0,2.004,-2.004,2.004,0.0,0.0,0.0,0.0,5078.0,131350.469,0.0,0.0,0.0,0.0,-107615304.0,0.0,0.0,0.0,0.0,53,-0.0,4.066854413593191e+29,0.0,0.0,0.0,0.0,0.0,0.0,0.0,0,0,0,0.0,0.0,0.0,0.0,0.0,0.0,0.0,0.0,0.0,0.0,0.0,0.0,0.0,0.0,0.0,0.0,0,-107875648.0,53,0.0,106,-107614832.0,2.7006707062415038e+23,ERR,ERR,ERR,ERR,ERR,ERR,ERR,ERR,ERR,ERR,ERR,ERR,ERR,ERR,ERR,ERR,ERR,ERR,ERR,ERR,ERR,ERR,ERR,ERR,ERR,ERR,ERR,ERR,ERR,ERR,ERR,ERR,ERR,ERR,ERR,ERR,ERR,ERR,ERR,ERR,ERR,ERR,ERR,ERR,ERR,ERR,ERR,ERR,ERR,ERR,ERR,ERR,ERR,ERR,ERR,ERR,ERR,ERR,ERR,ERR,ERR,ERR,ERR,ERR,ERR,ERR,ERR,50.0,60.0,100,0.0,0.0,0.0,0.0,0.0,0.0,0.0,0.0,0.0,0.0,0.0,0.0,0.0,0.0,0.0,0.0,61.6,77,11,65509,50,65476,0,300,0,0,8,20529,65476,0,0,26214,60.0,0.0,0.0,0.0,0.0,0.0
2026-05-17T16:58:36,ERR,ERR,ERR,ERR,ERR,ERR,ERR,ERR,ERR,ERR,ERR,ERR,ERR,ERR,ERR,ERR,ERR,ERR,ERR,ERR,ERR,ERR,ERR,ERR,ERR,ERR,ERR,ERR,ERR,ERR,ERR,ERR,ERR,ERR,ERR,ERR,ERR,ERR,ERR,ERR,ERR,ERR,ERR,ERR,ERR,ERR,ERR,ERR,ERR,ERR,ERR,ERR,ERR,ERR,ERR,ERR,ERR,ERR,ERR,ERR,ERR,ERR,ERR,ERR,ERR,ERR,ERR,ERR,ERR,ERR,ERR,ERR,ERR,ERR,ERR,ERR,ERR,ERR,ERR,ERR,ERR,ERR,ERR,ERR,ERR,ERR,ERR,ERR,ERR,ERR,ERR,ERR,ERR,ERR,ERR,ERR,ERR,ERR,ERR,ERR,ERR,ERR,ERR,ERR,ERR,ERR,ERR,ERR,ERR,ERR,ERR,ERR,ERR,ERR,ERR,ERR,ERR,ERR,ERR,ERR,ERR,ERR,ERR,ERR,ERR,0.0,0.0,0.0,0.0,0.0,1.3936040501711995e+18,7.805,0.0,0,0,4,0,8422,0.0,45,0.0,0.0,0.0,0.0,0.0,0,0,0,0,0.0,0,0,0,0,0,0,0,0,0,0,0,0,0,0,0,0,0,0,0,0,0,0,0,0,0,0,0,0,0,0,0,0,0,38,14,7,45,65476,0,300,0,0,8,21553,0.0,-107605600.0,0.0,0.0,0.0,0.0,0.0,0.0,0.0,0.0,0.0,0.0,0.0,0.0,0.0,0.0,0.0,0.0,0.0,0.0,0.0,0.0,0.0,2.004,-2.004,2.004,0.0,0.0,0.0,0.0,5078.0,131350.469,0.0,0.0,0.0,0.0,-107615304.0,0.0,0.0,0.0,0.0,53,-0.0,4.066854413593191e+29,0.0,0.0,0.0,0.0,0.0,0.0,0.0,0,0,0,0.0,0.0,0.0,0.0,0.0,0.0,0.0,0.0,0.0,0.0,0.0,0.0,0.0,0.0,0.0,0.0,0,-107875648.0,53,0.0,106,-107614832.0,2.7006707062415038e+23,ERR,ERR,ERR,ERR,ERR,ERR,ERR,ERR,ERR,ERR,ERR,ERR,ERR,ERR,ERR,ERR,ERR,ERR,ERR,ERR,ERR,ERR,ERR,ERR,ERR,ERR,ERR,ERR,ERR,ERR,ERR,ERR,ERR,ERR,ERR,ERR,ERR,ERR,ERR,ERR,ERR,ERR,ERR,ERR,ERR,ERR,ERR,ERR,ERR,ERR,ERR,ERR,ERR,ERR,ERR,ERR,ERR,ERR,ERR,ERR,ERR,ERR,ERR,ERR,ERR,ERR,ERR,50.0,60.0,100,0.0,0.0,0.0,0.0,0.0,0.0,0.0,0.0,0.0,0.0,0.0,0.0,0.0,0.0,0.0,0.0,61.6,77,11,65509,50,65476,0,300,0,0,8,20529,65476,0,0,26214,60.0,0.0,0.0,0.0,0.0,0.0
2026-05-17T16:58:37,ERR,ERR,ERR,ERR,ERR,ERR,ERR,ERR,ERR,ERR,ERR,ERR,ERR,ERR,ERR,ERR,ERR,ERR,ERR,ERR,ERR,ERR,ERR,ERR,ERR,ERR,ERR,ERR,ERR,ERR,ERR,ERR,ERR,ERR,ERR,ERR,ERR,ERR,ERR,ERR,ERR,ERR,ERR,ERR,ERR,ERR,ERR,ERR,ERR,ERR,ERR,ERR,ERR,ERR,ERR,ERR,ERR,ERR,ERR,ERR,ERR,ERR,ERR,ERR,ERR,ERR,ERR,ERR,ERR,ERR,ERR,ERR,ERR,ERR,ERR,ERR,ERR,ERR,ERR,ERR,ERR,ERR,ERR,ERR,ERR,ERR,ERR,ERR,ERR,ERR,ERR,ERR,ERR,ERR,ERR,ERR,ERR,ERR,ERR,ERR,ERR,ERR,ERR,ERR,ERR,ERR,ERR,ERR,ERR,ERR,ERR,ERR,ERR,ERR,ERR,ERR,ERR,ERR,ERR,ERR,ERR,ERR,ERR,ERR,ERR,0.0,0.0,0.0,0.0,0.0,1.3936040501711995e+18,7.805,0.0,0,0,4,0,8422,0.0,45,0.0,0.0,0.0,0.0,0.0,0,0,0,0,0.0,0,0,0,0,0,0,0,0,0,0,0,0,0,0,0,0,0,0,0,0,0,0,0,0,0,0,0,0,0,0,0,0,0,38,14,7,45,65476,0,300,0,0,8,21553,0.0,-107605600.0,0.0,0.0,0.0,0.0,0.0,0.0,0.0,0.0,0.0,0.0,0.0,0.0,0.0,0.0,0.0,0.0,0.0,0.0,0.0,0.0,0.0,2.004,-2.004,2.004,0.0,0.0,0.0,0.0,5078.0,131350.469,0.0,0.0,0.0,0.0,-107615304.0,0.0,0.0,0.0,0.0,53,-0.0,4.066854413593191e+29,0.0,0.0,0.0,0.0,0.0,0.0,0.0,0,0,0,0.0,0.0,0.0,0.0,0.0,0.0,0.0,0.0,0.0,0.0,0.0,0.0,0.0,0.0,0.0,0.0,0,-107875648.0,53,0.0,106,-107614832.0,2.7006707062415038e+23,ERR,ERR,ERR,ERR,ERR,ERR,ERR,ERR,ERR,ERR,ERR,ERR,ERR,ERR,ERR,ERR,ERR,ERR,ERR,ERR,ERR,ERR,ERR,ERR,ERR,ERR,ERR,ERR,ERR,ERR,ERR,ERR,ERR,ERR,ERR,ERR,ERR,ERR,ERR,ERR,ERR,ERR,ERR,ERR,ERR,ERR,ERR,ERR,ERR,ERR,ERR,ERR,ERR,ERR,ERR,ERR,ERR,ERR,ERR,ERR,ERR,ERR,ERR,ERR,ERR,ERR,ERR,50.0,60.0,100,0.0,0.0,0.0,0.0,0.0,0.0,0.0,0.0,0.0,0.0,0.0,0.0,0.0,0.0,0.0,0.0,61.6,77,11,65509,50,65476,0,300,0,0,8,20529,65476,0,0,26214,60.0,0.0,0.0,0.0,0.0,0.0
2026-05-17T16:58:38,ERR,ERR,ERR,ERR,ERR,ERR,ERR,ERR,ERR,ERR,ERR,ERR,ERR,ERR,ERR,ERR,ERR,ERR,ERR,ERR,ERR,ERR,ERR,ERR,ERR,ERR,ERR,ERR,ERR,ERR,ERR,ERR,ERR,ERR,ERR,ERR,ERR,ERR,ERR,ERR,ERR,ERR,ERR,ERR,ERR,ERR,ERR,ERR,ERR,ERR,ERR,ERR,ERR,ERR,ERR,ERR,ERR,ERR,ERR,ERR,ERR,ERR,ERR,ERR,ERR,ERR,ERR,ERR,ERR,ERR,ERR,ERR,ERR,ERR,ERR,ERR,ERR,ERR,ERR,ERR,ERR,ERR,ERR,ERR,ERR,ERR,ERR,ERR,ERR,ERR,ERR,ERR,ERR,ERR,ERR,ERR,ERR,ERR,ERR,ERR,ERR,ERR,ERR,ERR,ERR,ERR,ERR,ERR,ERR,ERR,ERR,ERR,ERR,ERR,ERR,ERR,ERR,ERR,ERR,ERR,ERR,ERR,ERR,ERR,ERR,0.0,0.0,0.0,0.0,0.0,1.3936040501711995e+18,7.805,0.0,0,0,4,0,8422,0.0,45,0.0,0.0,0.0,0.0,0.0,0,0,0,0,0.0,0,0,0,0,0,0,0,0,0,0,0,0,0,0,0,0,0,0,0,0,0,0,0,0,0,0,0,0,0,0,0,0,0,38,14,7,45,65476,0,300,0,0,8,21553,0.0,-107605600.0,0.0,0.0,0.0,0.0,0.0,0.0,0.0,0.0,0.0,0.0,0.0,0.0,0.0,0.0,0.0,0.0,0.0,0.0,0.0,0.0,0.0,2.004,-2.004,2.004,0.0,0.0,0.0,0.0,5078.0,131350.469,0.0,0.0,0.0,0.0,-107615304.0,0.0,0.0,0.0,0.0,53,-0.0,4.066854413593191e+29,0.0,0.0,0.0,0.0,0.0,0.0,0.0,0,0,0,0.0,0.0,0.0,0.0,0.0,0.0,0.0,0.0,0.0,0.0,0.0,0.0,0.0,0.0,0.0,0.0,0,-107875648.0,53,0.0,106,-107614832.0,2.7006707062415038e+23,ERR,ERR,ERR,ERR,ERR,ERR,ERR,ERR,ERR,ERR,ERR,ERR,ERR,ERR,ERR,ERR,ERR,ERR,ERR,ERR,ERR,ERR,ERR,ERR,ERR,ERR,ERR,ERR,ERR,ERR,ERR,ERR,ERR,ERR,ERR,ERR,ERR,ERR,ERR,ERR,ERR,ERR,ERR,ERR,ERR,ERR,ERR,ERR,ERR,ERR,ERR,ERR,ERR,ERR,ERR,ERR,ERR,ERR,ERR,ERR,ERR,ERR,ERR,ERR,ERR,ERR,ERR,50.0,60.0,100,0.0,0.0,0.0,0.0,0.0,0.0,0.0,0.0,0.0,0.0,0.0,0.0,0.0,0.0,0.0,0.0,61.6,77,11,65509,50,65476,0,300,0,0,8,20529,65476,0,0,26214,60.0,0.0,0.0,0.0,0.0,0.0
2026-05-17T16:58:39,ERR,ERR,ERR,ERR,ERR,ERR,ERR,ERR,ERR,ERR,ERR,ERR,ERR,ERR,ERR,ERR,ERR,ERR,ERR,ERR,ERR,ERR,ERR,ERR,ERR,ERR,ERR,ERR,ERR,ERR,ERR,ERR,ERR,ERR,ERR,ERR,ERR,ERR,ERR,ERR,ERR,ERR,ERR,ERR,ERR,ERR,ERR,ERR,ERR,ERR,ERR,ERR,ERR,ERR,ERR,ERR,ERR,ERR,ERR,ERR,ERR,ERR,ERR,ERR,ERR,ERR,ERR,ERR,ERR,ERR,ERR,ERR,ERR,ERR,ERR,ERR,ERR,ERR,ERR,ERR,ERR,ERR,ERR,ERR,ERR,ERR,ERR,ERR,ERR,ERR,ERR,ERR,ERR,ERR,ERR,ERR,ERR,ERR,ERR,ERR,ERR,ERR,ERR,ERR,ERR,ERR,ERR,ERR,ERR,ERR,ERR,ERR,ERR,ERR,ERR,ERR,ERR,ERR,ERR,ERR,ERR,ERR,ERR,ERR,ERR,0.0,0.0,-134474944.0,0.0,0.0,1.3936040501711995e+18,7.805,0.0,0,0,4,0,8422,0.0,45,0.0,0.0,0.0,0.0,0.0,0,0,0,0,0.0,0,0,0,0,0,0,0,0,0,0,0,0,0,0,0,0,0,0,0,0,0,0,0,0,0,0,0,0,0,0,0,0,0,38,14,7,45,65476,0,300,0,0,8,21553,0.0,-107605600.0,0.0,0.0,0.0,0.0,0.0,0.0,0.0,0.0,0.0,0.0,0.0,0.0,0.0,0.0,0.0,0.0,0.0,0.0,0.0,0.0,0.0,0.0,-2.004,2.004,0.0,0.0,0.0,0.0,5047.0,-1.040665504650976e+34,0.0,0.0,0.0,0.0,-107615304.0,0.0,0.0,0.0,0.0,53,-0.0,0.0,0.0,0.0,0.0,0.0,0.0,0.0,0.0,0,0,0,0.0,0.0,0.0,0.0,0.0,0.0,0.0,0.0,0.0,0.0,0.0,0.0,0.0,0.0,0.0,0.0,0,-107875648.0,53,0.0,106,-107614832.0,2.7006707062415038e+23,ERR,ERR,ERR,ERR,ERR,ERR,ERR,ERR,ERR,ERR,ERR,ERR,ERR,ERR,ERR,ERR,ERR,ERR,ERR,ERR,ERR,ERR,ERR,ERR,ERR,ERR,ERR,ERR,ERR,ERR,ERR,ERR,ERR,ERR,ERR,ERR,ERR,ERR,ERR,ERR,ERR,ERR,ERR,ERR,ERR,ERR,ERR,ERR,ERR,ERR,ERR,ERR,ERR,ERR,ERR,ERR,ERR,ERR,ERR,ERR,ERR,ERR,ERR,ERR,ERR,ERR,ERR,50.0,60.0,100,0.0,0.0,0.0,0.0,0.0,0.0,0.0,0.0,0.0,0.0,0.0,0.0,0.0,0.0,0.0,0.0,61.6,77,11,65509,50,65476,0,300,0,0,8,20529,65476,0,0,26214,60.0,0.0,0.0,0.0,0.0,0.0
2026-05-17T16:58:40,ERR,ERR,ERR,ERR,ERR,ERR,ERR,ERR,ERR,ERR,ERR,ERR,ERR,ERR,ERR,ERR,ERR,ERR,ERR,ERR,ERR,ERR,ERR,ERR,ERR,ERR,ERR,ERR,ERR,ERR,ERR,ERR,ERR,ERR,ERR,ERR,ERR,ERR,ERR,ERR,ERR,ERR,ERR,ERR,ERR,ERR,ERR,ERR,ERR,ERR,ERR,ERR,ERR,ERR,ERR,ERR,ERR,ERR,ERR,ERR,ERR,ERR,ERR,ERR,ERR,ERR,ERR,ERR,ERR,ERR,ERR,ERR,ERR,ERR,ERR,ERR,ERR,ERR,ERR,ERR,ERR,ERR,ERR,ERR,ERR,ERR,ERR,ERR,ERR,ERR,ERR,ERR,ERR,ERR,ERR,ERR,ERR,ERR,ERR,ERR,ERR,ERR,ERR,ERR,ERR,ERR,ERR,ERR,ERR,ERR,ERR,ERR,ERR,ERR,ERR,ERR,ERR,ERR,ERR,ERR,ERR,ERR,ERR,ERR,ERR,0.0,0.0,-134474944.0,0.0,0.0,1.3936040501711995e+18,7.805,0.0,0,0,4,0,8422,0.0,45,0.0,0.0,0.0,0.0,0.0,0,0,0,0,0.0,0,0,0,0,0,0,0,0,0,0,0,0,0,0,0,0,0,0,0,0,0,0,0,0,0,0,0,0,0,0,0,0,0,38,14,7,45,65476,0,300,0,0,8,21553,0.0,-107605600.0,0.0,0.0,0.0,0.0,0.0,0.0,0.0,0.0,0.0,0.0,0.0,0.0,0.0,0.0,0.0,0.0,0.0,0.0,0.0,0.0,0.0,0.0,-2.004,2.004,0.0,0.0,0.0,0.0,5047.0,-1.040665504650976e+34,0.0,0.0,0.0,0.0,-107615304.0,0.0,0.0,0.0,0.0,53,-0.0,0.0,0.0,0.0,0.0,0.0,0.0,0.0,0.0,0,0,0,0.0,0.0,0.0,0.0,0.0,0.0,0.0,0.0,0.0,0.0,0.0,0.0,0.0,0.0,0.0,0.0,0,-107875648.0,53,0.0,106,-107614832.0,2.7006707062415038e+23,ERR,ERR,ERR,ERR,ERR,ERR,ERR,ERR,ERR,ERR,ERR,ERR,ERR,ERR,ERR,ERR,ERR,ERR,ERR,ERR,ERR,ERR,ERR,ERR,ERR,ERR,ERR,ERR,ERR,ERR,ERR,ERR,ERR,ERR,ERR,ERR,ERR,ERR,ERR,ERR,ERR,ERR,ERR,ERR,ERR,ERR,ERR,ERR,ERR,ERR,ERR,ERR,ERR,ERR,ERR,ERR,ERR,ERR,ERR,ERR,ERR,ERR,ERR,ERR,ERR,ERR,ERR,50.0,60.0,100,0.0,0.0,0.0,0.0,0.0,0.0,0.0,0.0,0.0,0.0,0.0,0.0,0.0,0.0,0.0,0.0,61.6,77,11,65509,50,65476,0,300,0,0,8,20529,65476,0,0,26214,60.0,0.0,0.0,0.0,0.0,0.0
2026-05-17T16:58:41,ERR,ERR,ERR,ERR,ERR,ERR,ERR,ERR,ERR,ERR,ERR,ERR,ERR,ERR,ERR,ERR,ERR,ERR,ERR,ERR,ERR,ERR,ERR,ERR,ERR,ERR,ERR,ERR,ERR,ERR,ERR,ERR,ERR,ERR,ERR,ERR,ERR,ERR,ERR,ERR,ERR,ERR,ERR,ERR,ERR,ERR,ERR,ERR,ERR,ERR,ERR,ERR,ERR,ERR,ERR,ERR,ERR,ERR,ERR,ERR,ERR,ERR,ERR,ERR,ERR,ERR,ERR,ERR,ERR,ERR,ERR,ERR,ERR,ERR,ERR,ERR,ERR,ERR,ERR,ERR,ERR,ERR,ERR,ERR,ERR,ERR,ERR,ERR,ERR,ERR,ERR,ERR,ERR,ERR,ERR,ERR,ERR,ERR,ERR,ERR,ERR,ERR,ERR,ERR,ERR,ERR,ERR,ERR,ERR,ERR,ERR,ERR,ERR,ERR,ERR,ERR,ERR,ERR,ERR,ERR,ERR,ERR,ERR,ERR,ERR,0.0,0.0,-134474944.0,0.0,0.0,1.3936040501711995e+18,7.805,0.0,0,0,4,0,8422,0.0,45,0.0,0.0,0.0,0.0,0.0,0,0,0,0,0.0,0,0,0,0,0,0,0,0,0,0,0,0,0,0,0,0,0,0,0,0,0,0,0,0,0,0,0,0,0,0,0,0,0,38,14,7,45,65476,0,300,0,0,8,21553,0.0,-107605600.0,0.0,0.0,0.0,0.0,0.0,0.0,0.0,0.0,0.0,0.0,0.0,0.0,0.0,0.0,0.0,0.0,0.0,0.0,0.0,0.0,0.0,0.0,-2.004,2.004,0.0,0.0,0.0,0.0,5047.0,-1.040665504650976e+34,0.0,0.0,0.0,0.0,-107615304.0,0.0,0.0,0.0,0.0,53,-0.0,0.0,0.0,0.0,0.0,0.0,0.0,0.0,0.0,0,0,0,0.0,0.0,0.0,0.0,0.0,0.0,0.0,0.0,0.0,0.0,0.0,0.0,0.0,0.0,0.0,0.0,0,-107875648.0,53,0.0,106,-107614832.0,2.7006707062415038e+23,ERR,ERR,ERR,ERR,ERR,ERR,ERR,ERR,ERR,ERR,ERR,ERR,ERR,ERR,ERR,ERR,ERR,ERR,ERR,ERR,ERR,ERR,ERR,ERR,ERR,ERR,ERR,ERR,ERR,ERR,ERR,ERR,ERR,ERR,ERR,ERR,ERR,ERR,ERR,ERR,ERR,ERR,ERR,ERR,ERR,ERR,ERR,ERR,ERR,ERR,ERR,ERR,ERR,ERR,ERR,ERR,ERR,ERR,ERR,ERR,ERR,ERR,ERR,ERR,ERR,ERR,ERR,50.0,60.0,100,0.0,0.0,0.0,0.0,0.0,0.0,0.0,0.0,0.0,0.0,0.0,0.0,0.0,0.0,0.0,0.0,61.6,77,11,65509,50,65476,0,300,0,0,8,20529,65476,0,0,26214,60.0,0.0,0.0,0.0,0.0,0.0
2026-05-17T16:58:42,ERR,ERR,ERR,ERR,ERR,ERR,ERR,ERR,ERR,ERR,ERR,ERR,ERR,ERR,ERR,ERR,ERR,ERR,ERR,ERR,ERR,ERR,ERR,ERR,ERR,ERR,ERR,ERR,ERR,ERR,ERR,ERR,ERR,ERR,ERR,ERR,ERR,ERR,ERR,ERR,ERR,ERR,ERR,ERR,ERR,ERR,ERR,ERR,ERR,ERR,ERR,ERR,ERR,ERR,ERR,ERR,ERR,ERR,ERR,ERR,ERR,ERR,ERR,ERR,ERR,ERR,ERR,ERR,ERR,ERR,ERR,ERR,ERR,ERR,ERR,ERR,ERR,ERR,ERR,ERR,ERR,ERR,ERR,ERR,ERR,ERR,ERR,ERR,ERR,ERR,ERR,ERR,ERR,ERR,ERR,ERR,ERR,ERR,ERR,ERR,ERR,ERR,ERR,ERR,ERR,ERR,ERR,ERR,ERR,ERR,ERR,ERR,ERR,ERR,ERR,ERR,ERR,ERR,ERR,ERR,ERR,ERR,ERR,ERR,ERR,0.0,0.0,-134474944.0,0.0,0.0,1.3936040501711995e+18,7.805,0.0,0,0,4,0,8422,0.0,45,0.0,0.0,0.0,0.0,0.0,0,0,0,0,0.0,0,0,0,0,0,0,0,0,0,0,0,0,0,0,0,0,0,0,0,0,0,0,0,0,0,0,0,0,0,0,0,0,0,38,14,7,45,65476,0,300,0,0,8,21553,0.0,-107605600.0,0.0,0.0,0.0,0.0,0.0,0.0,0.0,0.0,0.0,0.0,0.0,0.0,0.0,0.0,0.0,0.0,0.0,0.0,0.0,0.0,0.0,0.0,-2.004,2.004,0.0,0.0,0.0,0.0,5047.0,-1.040665504650976e+34,0.0,0.0,0.0,0.0,-107615304.0,0.0,0.0,0.0,0.0,53,-0.0,0.0,0.0,0.0,0.0,0.0,0.0,0.0,0.0,0,0,0,0.0,0.0,0.0,0.0,0.0,0.0,0.0,0.0,0.0,0.0,0.0,0.0,0.0,0.0,0.0,0.0,0,-107875648.0,53,0.0,106,-107614832.0,2.7006707062415038e+23,ERR,ERR,ERR,ERR,ERR,ERR,ERR,ERR,ERR,ERR,ERR,ERR,ERR,ERR,ERR,ERR,ERR,ERR,ERR,ERR,ERR,ERR,ERR,ERR,ERR,ERR,ERR,ERR,ERR,ERR,ERR,ERR,ERR,ERR,ERR,ERR,ERR,ERR,ERR,ERR,ERR,ERR,ERR,ERR,ERR,ERR,ERR,ERR,ERR,ERR,ERR,ERR,ERR,ERR,ERR,ERR,ERR,ERR,ERR,ERR,ERR,ERR,ERR,ERR,ERR,ERR,ERR,50.0,60.0,100,0.0,0.0,0.0,0.0,0.0,0.0,0.0,0.0,0.0,0.0,0.0,0.0,0.0,0.0,0.0,0.0,61.6,77,11,65509,50,65476,0,300,0,0,8,20529,65476,0,0,26214,60.0,0.0,0.0,0.0,0.0,0.0
2026-05-17T16:58:43,ERR,ERR,ERR,ERR,ERR,ERR,ERR,ERR,ERR,ERR,ERR,ERR,ERR,ERR,ERR,ERR,ERR,ERR,ERR,ERR,ERR,ERR,ERR,ERR,ERR,ERR,ERR,ERR,ERR,ERR,ERR,ERR,ERR,ERR,ERR,ERR,ERR,ERR,ERR,ERR,ERR,ERR,ERR,ERR,ERR,ERR,ERR,ERR,ERR,ERR,ERR,ERR,ERR,ERR,ERR,ERR,ERR,ERR,ERR,ERR,ERR,ERR,ERR,ERR,ERR,ERR,ERR,ERR,ERR,ERR,ERR,ERR,ERR,ERR,ERR,ERR,ERR,ERR,ERR,ERR,ERR,ERR,ERR,ERR,ERR,ERR,ERR,ERR,ERR,ERR,ERR,ERR,ERR,ERR,ERR,ERR,ERR,ERR,ERR,ERR,ERR,ERR,ERR,ERR,ERR,ERR,ERR,ERR,ERR,ERR,ERR,ERR,ERR,ERR,ERR,ERR,ERR,ERR,ERR,ERR,ERR,ERR,ERR,ERR,ERR,0.0,0.0,-134474944.0,0.0,0.0,1.3936040501711995e+18,7.805,0.0,0,0,4,0,8422,0.0,45,0.0,0.0,0.0,0.0,0.0,0,0,0,0,0.0,0,0,0,0,0,0,0,0,0,0,0,0,0,0,0,0,0,0,0,0,0,0,0,0,0,0,0,0,0,0,0,0,0,38,14,7,45,65476,0,300,0,0,8,21553,0.0,-107605600.0,0.0,0.0,0.0,0.0,0.0,0.0,0.0,0.0,0.0,0.0,0.0,0.0,0.0,0.0,0.0,0.0,0.0,0.0,0.0,0.0,0.0,0.0,-2.004,2.004,0.0,0.0,0.0,0.0,5047.0,-1.040665504650976e+34,0.0,0.0,0.0,0.0,-107615304.0,0.0,0.0,0.0,0.0,53,-0.0,0.0,0.0,0.0,0.0,0.0,0.0,0.0,0.0,0,0,0,0.0,0.0,0.0,0.0,0.0,0.0,0.0,0.0,0.0,0.0,0.0,0.0,0.0,0.0,0.0,0.0,0,-107875648.0,53,0.0,106,-107614832.0,2.7006707062415038e+23,ERR,ERR,ERR,ERR,ERR,ERR,ERR,ERR,ERR,ERR,ERR,ERR,ERR,ERR,ERR,ERR,ERR,ERR,ERR,ERR,ERR,ERR,ERR,ERR,ERR,ERR,ERR,ERR,ERR,ERR,ERR,ERR,ERR,ERR,ERR,ERR,ERR,ERR,ERR,ERR,ERR,ERR,ERR,ERR,ERR,ERR,ERR,ERR,ERR,ERR,ERR,ERR,ERR,ERR,ERR,ERR,ERR,ERR,ERR,ERR,ERR,ERR,ERR,ERR,ERR,ERR,ERR,50.0,60.0,100,0.0,0.0,0.0,0.0,0.0,0.0,0.0,0.0,0.0,0.0,0.0,0.0,0.0,0.0,0.0,0.0,61.6,77,11,65509,50,65476,0,300,0,0,8,20529,65476,0,0,26214,60.0,0.0,0.0,0.0,0.0,0.0
2026-05-17T16:58:44,ERR,ERR,ERR,ERR,ERR,ERR,ERR,ERR,ERR,ERR,ERR,ERR,ERR,ERR,ERR,ERR,ERR,ERR,ERR,ERR,ERR,ERR,ERR,ERR,ERR,ERR,ERR,ERR,ERR,ERR,ERR,ERR,ERR,ERR,ERR,ERR,ERR,ERR,ERR,ERR,ERR,ERR,ERR,ERR,ERR,ERR,ERR,ERR,ERR,ERR,ERR,ERR,ERR,ERR,ERR,ERR,ERR,ERR,ERR,ERR,ERR,ERR,ERR,ERR,ERR,ERR,ERR,ERR,ERR,ERR,ERR,ERR,ERR,ERR,ERR,ERR,ERR,ERR,ERR,ERR,ERR,ERR,ERR,ERR,ERR,ERR,ERR,ERR,ERR,ERR,ERR,ERR,ERR,ERR,ERR,ERR,ERR,ERR,ERR,ERR,ERR,ERR,ERR,ERR,ERR,ERR,ERR,ERR,ERR,ERR,ERR,ERR,ERR,ERR,ERR,ERR,ERR,ERR,ERR,ERR,ERR,ERR,ERR,ERR,ERR,0.0,0.0,0.0,0.0,0.0,1.3936040501711995e+18,7.805,0.0,0,0,4,0,8422,0.0,45,0.0,0.0,0.0,0.0,0.0,0,0,0,0,0.0,0,0,0,0,0,0,0,0,0,0,0,0,0,0,0,0,0,0,0,0,0,0,0,0,0,0,0,0,0,0,0,0,0,38,14,7,45,65476,0,300,0,0,8,21553,0.0,-107605600.0,0.0,0.0,0.0,0.0,0.0,0.0,0.0,0.0,0.0,0.0,0.0,0.0,0.0,0.0,0.0,0.0,0.0,0.0,0.0,0.0,0.0,0.0,-2.004,2.004,0.0,0.0,0.0,0.0,5052.0,-564145900486656.0,0.0,0.0,0.0,0.0,-107615304.0,0.0,0.0,0.0,0.0,53,-0.0,-4.950401904804668e+32,0.0,0.0,0.0,0.0,0.0,0.0,0.0,0,0,0,0.0,0.0,0.0,0.0,0.0,0.0,0.0,0.0,0.0,0.0,0.0,0.0,0.0,0.0,0.0,0.0,0,-107875648.0,53,0.0,106,-107614832.0,2.7006707062415038e+23,ERR,ERR,ERR,ERR,ERR,ERR,ERR,ERR,ERR,ERR,ERR,ERR,ERR,ERR,ERR,ERR,ERR,ERR,ERR,ERR,ERR,ERR,ERR,ERR,ERR,ERR,ERR,ERR,ERR,ERR,ERR,ERR,ERR,ERR,ERR,ERR,ERR,ERR,ERR,ERR,ERR,ERR,ERR,ERR,ERR,ERR,ERR,ERR,ERR,ERR,ERR,ERR,ERR,ERR,ERR,ERR,ERR,ERR,ERR,ERR,ERR,ERR,ERR,ERR,ERR,ERR,ERR,50.0,60.0,100,0.0,0.0,0.0,0.0,0.0,0.0,0.0,0.0,0.0,0.0,0.0,0.0,0.0,0.0,0.0,0.0,61.6,77,11,65509,50,65476,0,300,0,0,8,20529,65476,0,0,26214,60.0,0.0,0.0,0.0,0.0,0.0
2026-05-17T16:58:45,ERR,ERR,ERR,ERR,ERR,ERR,ERR,ERR,ERR,ERR,ERR,ERR,ERR,ERR,ERR,ERR,ERR,ERR,ERR,ERR,ERR,ERR,ERR,ERR,ERR,ERR,ERR,ERR,ERR,ERR,ERR,ERR,ERR,ERR,ERR,ERR,ERR,ERR,ERR,ERR,ERR,ERR,ERR,ERR,ERR,ERR,ERR,ERR,ERR,ERR,ERR,ERR,ERR,ERR,ERR,ERR,ERR,ERR,ERR,ERR,ERR,ERR,ERR,ERR,ERR,ERR,ERR,ERR,ERR,ERR,ERR,ERR,ERR,ERR,ERR,ERR,ERR,ERR,ERR,ERR,ERR,ERR,ERR,ERR,ERR,ERR,ERR,ERR,ERR,ERR,ERR,ERR,ERR,ERR,ERR,ERR,ERR,ERR,ERR,ERR,ERR,ERR,ERR,ERR,ERR,ERR,ERR,ERR,ERR,ERR,ERR,ERR,ERR,ERR,ERR,ERR,ERR,ERR,ERR,ERR,ERR,ERR,ERR,ERR,ERR,0.0,0.0,0.0,0.0,0.0,1.3936040501711995e+18,7.805,0.0,0,0,4,0,8422,0.0,45,0.0,0.0,0.0,0.0,0.0,0,0,0,0,0.0,0,0,0,0,0,0,0,0,0,0,0,0,0,0,0,0,0,0,0,0,0,0,0,0,0,0,0,0,0,0,0,0,0,38,14,7,45,65476,0,300,0,0,8,21553,0.0,-107605600.0,0.0,0.0,0.0,0.0,0.0,0.0,0.0,0.0,0.0,0.0,0.0,0.0,0.0,0.0,0.0,0.0,0.0,0.0,0.0,0.0,0.0,0.0,-2.004,2.004,0.0,0.0,0.0,0.0,5052.0,-564145900486656.0,0.0,0.0,0.0,0.0,-107615304.0,0.0,0.0,0.0,0.0,53,-0.0,-4.950401904804668e+32,0.0,0.0,0.0,0.0,0.0,0.0,0.0,0,0,0,0.0,0.0,0.0,0.0,0.0,0.0,0.0,0.0,0.0,0.0,0.0,0.0,0.0,0.0,0.0,0.0,0,-107875648.0,53,0.0,106,-107614832.0,2.7006707062415038e+23,ERR,ERR,ERR,ERR,ERR,ERR,ERR,ERR,ERR,ERR,ERR,ERR,ERR,ERR,ERR,ERR,ERR,ERR,ERR,ERR,ERR,ERR,ERR,ERR,ERR,ERR,ERR,ERR,ERR,ERR,ERR,ERR,ERR,ERR,ERR,ERR,ERR,ERR,ERR,ERR,ERR,ERR,ERR,ERR,ERR,ERR,ERR,ERR,ERR,ERR,ERR,ERR,ERR,ERR,ERR,ERR,ERR,ERR,ERR,ERR,ERR,ERR,ERR,ERR,ERR,ERR,ERR,50.0,60.0,100,0.0,0.0,0.0,0.0,0.0,0.0,0.0,0.0,0.0,0.0,0.0,0.0,0.0,0.0,0.0,0.0,61.6,77,11,65509,50,65476,0,300,0,0,8,20529,65476,0,0,26214,60.0,0.0,0.0,0.0,0.0,0.0
2026-05-17T16:58:46,ERR,ERR,ERR,ERR,ERR,ERR,ERR,ERR,ERR,ERR,ERR,ERR,ERR,ERR,ERR,ERR,ERR,ERR,ERR,ERR,ERR,ERR,ERR,ERR,ERR,ERR,ERR,ERR,ERR,ERR,ERR,ERR,ERR,ERR,ERR,ERR,ERR,ERR,ERR,ERR,ERR,ERR,ERR,ERR,ERR,ERR,ERR,ERR,ERR,ERR,ERR,ERR,ERR,ERR,ERR,ERR,ERR,ERR,ERR,ERR,ERR,ERR,ERR,ERR,ERR,ERR,ERR,ERR,ERR,ERR,ERR,ERR,ERR,ERR,ERR,ERR,ERR,ERR,ERR,ERR,ERR,ERR,ERR,ERR,ERR,ERR,ERR,ERR,ERR,ERR,ERR,ERR,ERR,ERR,ERR,ERR,ERR,ERR,ERR,ERR,ERR,ERR,ERR,ERR,ERR,ERR,ERR,ERR,ERR,ERR,ERR,ERR,ERR,ERR,ERR,ERR,ERR,ERR,ERR,ERR,ERR,ERR,ERR,ERR,ERR,0.0,0.0,0.0,0.0,0.0,1.3936040501711995e+18,7.805,0.0,0,0,4,0,8422,0.0,45,0.0,0.0,0.0,0.0,0.0,0,0,0,0,0.0,0,0,0,0,0,0,0,0,0,0,0,0,0,0,0,0,0,0,0,0,0,0,0,0,0,0,0,0,0,0,0,0,0,38,14,7,45,65476,0,300,0,0,8,21553,0.0,-107605600.0,0.0,0.0,0.0,0.0,0.0,0.0,0.0,0.0,0.0,0.0,0.0,0.0,0.0,0.0,0.0,0.0,0.0,0.0,0.0,0.0,0.0,0.0,-2.004,2.004,0.0,0.0,0.0,0.0,5052.0,-564145900486656.0,0.0,0.0,0.0,0.0,-107615304.0,0.0,0.0,0.0,0.0,53,-0.0,-4.950401904804668e+32,0.0,0.0,0.0,0.0,0.0,0.0,0.0,0,0,0,0.0,0.0,0.0,0.0,0.0,0.0,0.0,0.0,0.0,0.0,0.0,0.0,0.0,0.0,0.0,0.0,0,-107875648.0,53,0.0,106,-107614832.0,2.7006707062415038e+23,ERR,ERR,ERR,ERR,ERR,ERR,ERR,ERR,ERR,ERR,ERR,ERR,ERR,ERR,ERR,ERR,ERR,ERR,ERR,ERR,ERR,ERR,ERR,ERR,ERR,ERR,ERR,ERR,ERR,ERR,ERR,ERR,ERR,ERR,ERR,ERR,ERR,ERR,ERR,ERR,ERR,ERR,ERR,ERR,ERR,ERR,ERR,ERR,ERR,ERR,ERR,ERR,ERR,ERR,ERR,ERR,ERR,ERR,ERR,ERR,ERR,ERR,ERR,ERR,ERR,ERR,ERR,50.0,60.0,100,0.0,0.0,0.0,0.0,0.0,0.0,0.0,0.0,0.0,0.0,0.0,0.0,0.0,0.0,0.0,0.0,61.6,77,11,65509,50,65476,0,300,0,0,8,20529,65476,0,0,26214,60.0,0.0,0.0,0.0,0.0,0.0
2026-05-17T16:58:47,ERR,ERR,ERR,ERR,ERR,ERR,ERR,ERR,ERR,ERR,ERR,ERR,ERR,ERR,ERR,ERR,ERR,ERR,ERR,ERR,ERR,ERR,ERR,ERR,ERR,ERR,ERR,ERR,ERR,ERR,ERR,ERR,ERR,ERR,ERR,ERR,ERR,ERR,ERR,ERR,ERR,ERR,ERR,ERR,ERR,ERR,ERR,ERR,ERR,ERR,ERR,ERR,ERR,ERR,ERR,ERR,ERR,ERR,ERR,ERR,ERR,ERR,ERR,ERR,ERR,ERR,ERR,ERR,ERR,ERR,ERR,ERR,ERR,ERR,ERR,ERR,ERR,ERR,ERR,ERR,ERR,ERR,ERR,ERR,ERR,ERR,ERR,ERR,ERR,ERR,ERR,ERR,ERR,ERR,ERR,ERR,ERR,ERR,ERR,ERR,ERR,ERR,ERR,ERR,ERR,ERR,ERR,ERR,ERR,ERR,ERR,ERR,ERR,ERR,ERR,ERR,ERR,ERR,ERR,ERR,ERR,ERR,ERR,ERR,ERR,0.0,0.0,0.0,0.0,0.0,1.3936040501711995e+18,7.805,0.0,0,0,4,0,8422,0.0,45,0.0,0.0,0.0,0.0,0.0,0,0,0,0,0.0,0,0,0,0,0,0,0,0,0,0,0,0,0,0,0,0,0,0,0,0,0,0,0,0,0,0,0,0,0,0,0,0,0,38,14,7,45,65476,0,300,0,0,8,21553,0.0,-107605600.0,0.0,0.0,0.0,0.0,0.0,0.0,0.0,0.0,0.0,0.0,0.0,0.0,0.0,0.0,0.0,0.0,0.0,0.0,0.0,0.0,0.0,0.0,-2.004,2.004,0.0,0.0,0.0,0.0,5052.0,-564145900486656.0,0.0,0.0,0.0,0.0,-107615304.0,0.0,0.0,0.0,0.0,53,-0.0,-4.950401904804668e+32,0.0,0.0,0.0,0.0,0.0,0.0,0.0,0,0,0,0.0,0.0,0.0,0.0,0.0,0.0,0.0,0.0,0.0,0.0,0.0,0.0,0.0,0.0,0.0,0.0,0,-107875648.0,53,0.0,106,-107614832.0,2.7006707062415038e+23,ERR,ERR,ERR,ERR,ERR,ERR,ERR,ERR,ERR,ERR,ERR,ERR,ERR,ERR,ERR,ERR,ERR,ERR,ERR,ERR,ERR,ERR,ERR,ERR,ERR,ERR,ERR,ERR,ERR,ERR,ERR,ERR,ERR,ERR,ERR,ERR,ERR,ERR,ERR,ERR,ERR,ERR,ERR,ERR,ERR,ERR,ERR,ERR,ERR,ERR,ERR,ERR,ERR,ERR,ERR,ERR,ERR,ERR,ERR,ERR,ERR,ERR,ERR,ERR,ERR,ERR,ERR,50.0,60.0,100,0.0,0.0,0.0,0.0,0.0,0.0,0.0,0.0,0.0,0.0,0.0,0.0,0.0,0.0,0.0,0.0,61.6,77,11,65509,50,65476,0,300,0,0,8,20529,65476,0,0,26214,60.0,0.0,0.0,0.0,0.0,0.0
2026-05-17T16:58:48,ERR,ERR,ERR,ERR,ERR,ERR,ERR,ERR,ERR,ERR,ERR,ERR,ERR,ERR,ERR,ERR,ERR,ERR,ERR,ERR,ERR,ERR,ERR,ERR,ERR,ERR,ERR,ERR,ERR,ERR,ERR,ERR,ERR,ERR,ERR,ERR,ERR,ERR,ERR,ERR,ERR,ERR,ERR,ERR,ERR,ERR,ERR,ERR,ERR,ERR,ERR,ERR,ERR,ERR,ERR,ERR,ERR,ERR,ERR,ERR,ERR,ERR,ERR,ERR,ERR,ERR,ERR,ERR,ERR,ERR,ERR,ERR,ERR,ERR,ERR,ERR,ERR,ERR,ERR,ERR,ERR,ERR,ERR,ERR,ERR,ERR,ERR,ERR,ERR,ERR,ERR,ERR,ERR,ERR,ERR,ERR,ERR,ERR,ERR,ERR,ERR,ERR,ERR,ERR,ERR,ERR,ERR,ERR,ERR,ERR,ERR,ERR,ERR,ERR,ERR,ERR,ERR,ERR,ERR,ERR,ERR,ERR,ERR,ERR,ERR,0.0,0.0,0.0,0.0,0.0,1.3936040501711995e+18,7.805,0.0,0,0,4,0,8422,0.0,45,0.0,0.0,0.0,0.0,0.0,0,0,0,0,0.0,0,0,0,0,0,0,0,0,0,0,0,0,0,0,0,0,0,0,0,0,0,0,0,0,0,0,0,0,0,0,0,0,0,38,14,7,45,65476,0,300,0,0,8,21553,0.0,-107605600.0,0.0,0.0,0.0,0.0,0.0,0.0,0.0,0.0,0.0,0.0,0.0,0.0,0.0,0.0,0.0,0.0,0.0,0.0,0.0,0.0,0.0,0.0,-2.004,2.004,0.0,0.0,0.0,0.0,5052.0,-564145900486656.0,0.0,0.0,0.0,0.0,-107615304.0,0.0,0.0,0.0,0.0,53,-0.0,-4.950401904804668e+32,0.0,0.0,0.0,0.0,0.0,0.0,0.0,0,0,0,0.0,0.0,0.0,0.0,0.0,0.0,0.0,0.0,0.0,0.0,0.0,0.0,0.0,0.0,0.0,0.0,0,-107875648.0,53,0.0,106,-107614832.0,2.7006707062415038e+23,ERR,ERR,ERR,ERR,ERR,ERR,ERR,ERR,ERR,ERR,ERR,ERR,ERR,ERR,ERR,ERR,ERR,ERR,ERR,ERR,ERR,ERR,ERR,ERR,ERR,ERR,ERR,ERR,ERR,ERR,ERR,ERR,ERR,ERR,ERR,ERR,ERR,ERR,ERR,ERR,ERR,ERR,ERR,ERR,ERR,ERR,ERR,ERR,ERR,ERR,ERR,ERR,ERR,ERR,ERR,ERR,ERR,ERR,ERR,ERR,ERR,ERR,ERR,ERR,ERR,ERR,ERR,50.0,60.0,100,0.0,0.0,0.0,0.0,0.0,0.0,0.0,0.0,0.0,0.0,0.0,0.0,0.0,0.0,0.0,0.0,61.6,77,11,65509,50,65476,0,300,0,0,8,20529,65476,0,0,26214,60.0,0.0,0.0,0.0,0.0,0.0
2026-05-17T16:58:49,ERR,ERR,ERR,ERR,ERR,ERR,ERR,ERR,ERR,ERR,ERR,ERR,ERR,ERR,ERR,ERR,ERR,ERR,ERR,ERR,ERR,ERR,ERR,ERR,ERR,ERR,ERR,ERR,ERR,ERR,ERR,ERR,ERR,ERR,ERR,ERR,ERR,ERR,ERR,ERR,ERR,ERR,ERR,ERR,ERR,ERR,ERR,ERR,ERR,ERR,ERR,ERR,ERR,ERR,ERR,ERR,ERR,ERR,ERR,ERR,ERR,ERR,ERR,ERR,ERR,ERR,ERR,ERR,ERR,ERR,ERR,ERR,ERR,ERR,ERR,ERR,ERR,ERR,ERR,ERR,ERR,ERR,ERR,ERR,ERR,ERR,ERR,ERR,ERR,ERR,ERR,ERR,ERR,ERR,ERR,ERR,ERR,ERR,ERR,ERR,ERR,ERR,ERR,ERR,ERR,ERR,ERR,ERR,ERR,ERR,ERR,ERR,ERR,ERR,ERR,ERR,ERR,ERR,ERR,ERR,ERR,ERR,ERR,ERR,ERR,0.0,0.0,0.0,0.0,0.0,1.3936040501711995e+18,7.805,0.0,0,0,4,0,8422,0.0,45,0.0,0.0,0.0,0.0,0.0,0,0,0,0,0.0,0,0,0,0,0,0,0,0,0,0,0,0,0,0,0,0,0,0,0,0,0,0,0,0,0,0,0,0,0,0,0,0,0,38,14,7,45,65476,0,300,0,0,8,21553,0.0,-107605600.0,0.0,0.0,0.0,0.0,0.0,0.0,0.0,0.0,0.0,0.0,0.0,0.0,0.0,0.0,0.0,0.0,0.0,0.0,0.0,0.0,0.0,0.0,-2.004,2.004,0.0,0.0,0.0,0.0,5052.0,-564145900486656.0,0.0,0.0,0.0,0.0,-107615304.0,0.0,0.0,0.0,0.0,53,-0.0,-4.950401904804668e+32,0.0,0.0,0.0,0.0,0.0,0.0,0.0,0,0,0,0.0,0.0,0.0,0.0,0.0,0.0,0.0,0.0,0.0,0.0,0.0,0.0,0.0,0.0,0.0,0.0,0,-107875648.0,53,0.0,106,-107614832.0,2.7006707062415038e+23,ERR,ERR,ERR,ERR,ERR,ERR,ERR,ERR,ERR,ERR,ERR,ERR,ERR,ERR,ERR,ERR,ERR,ERR,ERR,ERR,ERR,ERR,ERR,ERR,ERR,ERR,ERR,ERR,ERR,ERR,ERR,ERR,ERR,ERR,ERR,ERR,ERR,ERR,ERR,ERR,ERR,ERR,ERR,ERR,ERR,ERR,ERR,ERR,ERR,ERR,ERR,ERR,ERR,ERR,ERR,ERR,ERR,ERR,ERR,ERR,ERR,ERR,ERR,ERR,ERR,ERR,ERR,50.0,60.0,100,0.0,0.0,0.0,0.0,0.0,0.0,0.0,0.0,0.0,0.0,0.0,0.0,0.0,0.0,0.0,0.0,61.6,77,11,65509,50,65476,0,300,0,0,8,20529,65476,0,0,26214,60.0,0.0,0.0,0.0,0.0,0.0
2026-05-17T16:58:50,ERR,ERR,ERR,ERR,ERR,ERR,ERR,ERR,ERR,ERR,ERR,ERR,ERR,ERR,ERR,ERR,ERR,ERR,ERR,ERR,ERR,ERR,ERR,ERR,ERR,ERR,ERR,ERR,ERR,ERR,ERR,ERR,ERR,ERR,ERR,ERR,ERR,ERR,ERR,ERR,ERR,ERR,ERR,ERR,ERR,ERR,ERR,ERR,ERR,ERR,ERR,ERR,ERR,ERR,ERR,ERR,ERR,ERR,ERR,ERR,ERR,ERR,ERR,ERR,ERR,ERR,ERR,ERR,ERR,ERR,ERR,ERR,ERR,ERR,ERR,ERR,ERR,ERR,ERR,ERR,ERR,ERR,ERR,ERR,ERR,ERR,ERR,ERR,ERR,ERR,ERR,ERR,ERR,ERR,ERR,ERR,ERR,ERR,ERR,ERR,ERR,ERR,ERR,ERR,ERR,ERR,ERR,ERR,ERR,ERR,ERR,ERR,ERR,ERR,ERR,ERR,ERR,ERR,ERR,ERR,ERR,ERR,ERR,ERR,ERR,0.0,0.0,0.0,0.0,0.0,1.3936040501711995e+18,7.805,0.0,0,0,4,0,8422,0.0,45,0.0,0.0,0.0,0.0,0.0,0,0,0,0,0.0,0,0,0,0,0,0,0,0,0,0,0,0,0,0,0,0,0,0,0,0,0,0,0,0,0,0,0,0,0,0,0,0,0,38,14,7,45,65476,0,300,0,0,8,21553,0.0,-107605600.0,0.0,0.0,0.0,0.0,0.0,0.0,0.0,0.0,0.0,0.0,0.0,0.0,0.0,0.0,0.0,0.0,0.0,0.0,0.0,0.0,0.0,0.0,-2.004,2.004,0.0,0.0,0.0,0.0,5050.0,-8608183296.0,0.0,0.0,0.0,0.0,-107615304.0,0.0,0.0,0.0,0.0,53,-0.0,0.0,0.0,0.0,0.0,0.0,0.0,0.0,0.0,0,0,0,0.0,0.0,0.0,0.0,0.0,0.0,0.0,0.0,0.0,0.0,0.0,0.0,0.0,0.0,0.0,0.0,0,-107875648.0,53,0.0,106,-107614832.0,2.7006707062415038e+23,ERR,ERR,ERR,ERR,ERR,ERR,ERR,ERR,ERR,ERR,ERR,ERR,ERR,ERR,ERR,ERR,ERR,ERR,ERR,ERR,ERR,ERR,ERR,ERR,ERR,ERR,ERR,ERR,ERR,ERR,ERR,ERR,ERR,ERR,ERR,ERR,ERR,ERR,ERR,ERR,ERR,ERR,ERR,ERR,ERR,ERR,ERR,ERR,ERR,ERR,ERR,ERR,ERR,ERR,ERR,ERR,ERR,ERR,ERR,ERR,ERR,ERR,ERR,ERR,ERR,ERR,ERR,50.0,60.0,100,0.0,0.0,0.0,0.0,0.0,0.0,0.0,0.0,0.0,0.0,0.0,0.0,0.0,0.0,0.0,0.0,61.6,77,11,65509,50,65476,0,300,0,0,8,20529,65476,0,0,26214,60.0,0.0,0.0,0.0,0.0,0.0
2026-05-17T16:58:51,ERR,ERR,ERR,ERR,ERR,ERR,ERR,ERR,ERR,ERR,ERR,ERR,ERR,ERR,ERR,ERR,ERR,ERR,ERR,ERR,ERR,ERR,ERR,ERR,ERR,ERR,ERR,ERR,ERR,ERR,ERR,ERR,ERR,ERR,ERR,ERR,ERR,ERR,ERR,ERR,ERR,ERR,ERR,ERR,ERR,ERR,ERR,ERR,ERR,ERR,ERR,ERR,ERR,ERR,ERR,ERR,ERR,ERR,ERR,ERR,ERR,ERR,ERR,ERR,ERR,ERR,ERR,ERR,ERR,ERR,ERR,ERR,ERR,ERR,ERR,ERR,ERR,ERR,ERR,ERR,ERR,ERR,ERR,ERR,ERR,ERR,ERR,ERR,ERR,ERR,ERR,ERR,ERR,ERR,ERR,ERR,ERR,ERR,ERR,ERR,ERR,ERR,ERR,ERR,ERR,ERR,ERR,ERR,ERR,ERR,ERR,ERR,ERR,ERR,ERR,ERR,ERR,ERR,ERR,ERR,ERR,ERR,ERR,ERR,ERR,0.0,0.0,0.0,0.0,0.0,1.3936040501711995e+18,7.805,0.0,0,0,4,0,8422,0.0,45,0.0,0.0,0.0,0.0,0.0,0,0,0,0,0.0,0,0,0,0,0,0,0,0,0,0,0,0,0,0,0,0,0,0,0,0,0,0,0,0,0,0,0,0,0,0,0,0,0,38,14,7,45,65476,0,300,0,0,8,21553,0.0,-107605600.0,0.0,0.0,0.0,0.0,0.0,0.0,0.0,0.0,0.0,0.0,0.0,0.0,0.0,0.0,0.0,0.0,0.0,0.0,0.0,0.0,0.0,0.0,-2.004,2.004,0.0,0.0,0.0,0.0,5050.0,-8608183296.0,0.0,0.0,0.0,0.0,-107615304.0,0.0,0.0,0.0,0.0,53,-0.0,0.0,0.0,0.0,0.0,0.0,0.0,0.0,0.0,0,0,0,0.0,0.0,0.0,0.0,0.0,0.0,0.0,0.0,0.0,0.0,0.0,0.0,0.0,0.0,0.0,0.0,0,-107875648.0,53,0.0,106,-107614832.0,2.7006707062415038e+23,ERR,ERR,ERR,ERR,ERR,ERR,ERR,ERR,ERR,ERR,ERR,ERR,ERR,ERR,ERR,ERR,ERR,ERR,ERR,ERR,ERR,ERR,ERR,ERR,ERR,ERR,ERR,ERR,ERR,ERR,ERR,ERR,ERR,ERR,ERR,ERR,ERR,ERR,ERR,ERR,ERR,ERR,ERR,ERR,ERR,ERR,ERR,ERR,ERR,ERR,ERR,ERR,ERR,ERR,ERR,ERR,ERR,ERR,ERR,ERR,ERR,ERR,ERR,ERR,ERR,ERR,ERR,50.0,60.0,100,0.0,0.0,0.0,0.0,0.0,0.0,0.0,0.0,0.0,0.0,0.0,0.0,0.0,0.0,0.0,0.0,61.6,77,11,65509,50,65476,0,300,0,0,8,20529,65476,0,0,26214,60.0,0.0,0.0,0.0,0.0,0.0
2026-05-17T16:58:52,ERR,ERR,ERR,ERR,ERR,ERR,ERR,ERR,ERR,ERR,ERR,ERR,ERR,ERR,ERR,ERR,ERR,ERR,ERR,ERR,ERR,ERR,ERR,ERR,ERR,ERR,ERR,ERR,ERR,ERR,ERR,ERR,ERR,ERR,ERR,ERR,ERR,ERR,ERR,ERR,ERR,ERR,ERR,ERR,ERR,ERR,ERR,ERR,ERR,ERR,ERR,ERR,ERR,ERR,ERR,ERR,ERR,ERR,ERR,ERR,ERR,ERR,ERR,ERR,ERR,ERR,ERR,ERR,ERR,ERR,ERR,ERR,ERR,ERR,ERR,ERR,ERR,ERR,ERR,ERR,ERR,ERR,ERR,ERR,ERR,ERR,ERR,ERR,ERR,ERR,ERR,ERR,ERR,ERR,ERR,ERR,ERR,ERR,ERR,ERR,ERR,ERR,ERR,ERR,ERR,ERR,ERR,ERR,ERR,ERR,ERR,ERR,ERR,ERR,ERR,ERR,ERR,ERR,ERR,ERR,ERR,ERR,ERR,ERR,ERR,0.0,0.0,0.0,0.0,0.0,1.3936040501711995e+18,7.805,0.0,0,0,4,0,8422,0.0,45,0.0,0.0,0.0,0.0,0.0,0,0,0,0,0.0,0,0,0,0,0,0,0,0,0,0,0,0,0,0,0,0,0,0,0,0,0,0,0,0,0,0,0,0,0,0,0,0,0,38,14,7,45,65476,0,300,0,0,8,21553,0.0,-107605600.0,0.0,0.0,0.0,0.0,0.0,0.0,0.0,0.0,0.0,0.0,0.0,0.0,0.0,0.0,0.0,0.0,0.0,0.0,0.0,0.0,0.0,0.0,-2.004,2.004,0.0,0.0,0.0,0.0,5050.0,-8608183296.0,0.0,0.0,0.0,0.0,-107615304.0,0.0,0.0,0.0,0.0,53,-0.0,0.0,0.0,0.0,0.0,0.0,0.0,0.0,0.0,0,0,0,0.0,0.0,0.0,0.0,0.0,0.0,0.0,0.0,0.0,0.0,0.0,0.0,0.0,0.0,0.0,0.0,0,-107875648.0,53,0.0,106,-107614832.0,2.7006707062415038e+23,ERR,ERR,ERR,ERR,ERR,ERR,ERR,ERR,ERR,ERR,ERR,ERR,ERR,ERR,ERR,ERR,ERR,ERR,ERR,ERR,ERR,ERR,ERR,ERR,ERR,ERR,ERR,ERR,ERR,ERR,ERR,ERR,ERR,ERR,ERR,ERR,ERR,ERR,ERR,ERR,ERR,ERR,ERR,ERR,ERR,ERR,ERR,ERR,ERR,ERR,ERR,ERR,ERR,ERR,ERR,ERR,ERR,ERR,ERR,ERR,ERR,ERR,ERR,ERR,ERR,ERR,ERR,50.0,60.0,100,0.0,0.0,0.0,0.0,0.0,0.0,0.0,0.0,0.0,0.0,0.0,0.0,0.0,0.0,0.0,0.0,62.0,77,11,65509,50,65476,0,300,0,0,8,20529,65476,0,0,26214,60.0,0.0,0.0,0.0,0.0,0.0
2026-05-17T16:58:53,ERR,ERR,ERR,ERR,ERR,ERR,ERR,ERR,ERR,ERR,ERR,ERR,ERR,ERR,ERR,ERR,ERR,ERR,ERR,ERR,ERR,ERR,ERR,ERR,ERR,ERR,ERR,ERR,ERR,ERR,ERR,ERR,ERR,ERR,ERR,ERR,ERR,ERR,ERR,ERR,ERR,ERR,ERR,ERR,ERR,ERR,ERR,ERR,ERR,ERR,ERR,ERR,ERR,ERR,ERR,ERR,ERR,ERR,ERR,ERR,ERR,ERR,ERR,ERR,ERR,ERR,ERR,ERR,ERR,ERR,ERR,ERR,ERR,ERR,ERR,ERR,ERR,ERR,ERR,ERR,ERR,ERR,ERR,ERR,ERR,ERR,ERR,ERR,ERR,ERR,ERR,ERR,ERR,ERR,ERR,ERR,ERR,ERR,ERR,ERR,ERR,ERR,ERR,ERR,ERR,ERR,ERR,ERR,ERR,ERR,ERR,ERR,ERR,ERR,ERR,ERR,ERR,ERR,ERR,ERR,ERR,ERR,ERR,ERR,ERR,0.0,0.0,0.0,0.0,0.0,1.3936040501711995e+18,7.805,0.0,0,0,4,0,8422,0.0,45,0.0,0.0,0.0,0.0,0.0,0,0,0,0,0.0,0,0,0,0,0,0,0,0,0,0,0,0,0,0,0,0,0,0,0,0,0,0,0,0,0,0,0,0,0,0,0,0,0,38,14,7,45,65476,0,300,0,0,8,21553,0.0,-107605600.0,0.0,0.0,0.0,0.0,0.0,0.0,0.0,0.0,0.0,0.0,0.0,0.0,0.0,0.0,0.0,0.0,0.0,0.0,0.0,0.0,0.0,0.0,-2.004,2.004,0.0,0.0,0.0,0.0,5050.0,-8608183296.0,0.0,0.0,0.0,0.0,-107615304.0,0.0,0.0,0.0,0.0,53,-0.0,0.0,0.0,0.0,0.0,0.0,0.0,0.0,0.0,0,0,0,0.0,0.0,0.0,0.0,0.0,0.0,0.0,0.0,0.0,0.0,0.0,0.0,0.0,0.0,0.0,0.0,0,-107875648.0,53,0.0,106,-107614832.0,2.7006707062415038e+23,ERR,ERR,ERR,ERR,ERR,ERR,ERR,ERR,ERR,ERR,ERR,ERR,ERR,ERR,ERR,ERR,ERR,ERR,ERR,ERR,ERR,ERR,ERR,ERR,ERR,ERR,ERR,ERR,ERR,ERR,ERR,ERR,ERR,ERR,ERR,ERR,ERR,ERR,ERR,ERR,ERR,ERR,ERR,ERR,ERR,ERR,ERR,ERR,ERR,ERR,ERR,ERR,ERR,ERR,ERR,ERR,ERR,ERR,ERR,ERR,ERR,ERR,ERR,ERR,ERR,ERR,ERR,50.0,60.0,100,0.0,0.0,0.0,0.0,0.0,0.0,0.0,0.0,0.0,0.0,0.0,0.0,0.0,0.0,0.0,0.0,61.6,77,11,65509,50,65476,0,300,0,0,8,20529,65476,0,0,26214,60.0,0.0,0.0,0.0,0.0,0.0
2026-05-17T16:58:54,ERR,ERR,ERR,ERR,ERR,ERR,ERR,ERR,ERR,ERR,ERR,ERR,ERR,ERR,ERR,ERR,ERR,ERR,ERR,ERR,ERR,ERR,ERR,ERR,ERR,ERR,ERR,ERR,ERR,ERR,ERR,ERR,ERR,ERR,ERR,ERR,ERR,ERR,ERR,ERR,ERR,ERR,ERR,ERR,ERR,ERR,ERR,ERR,ERR,ERR,ERR,ERR,ERR,ERR,ERR,ERR,ERR,ERR,ERR,ERR,ERR,ERR,ERR,ERR,ERR,ERR,ERR,ERR,ERR,ERR,ERR,ERR,ERR,ERR,ERR,ERR,ERR,ERR,ERR,ERR,ERR,ERR,ERR,ERR,ERR,ERR,ERR,ERR,ERR,ERR,ERR,ERR,ERR,ERR,ERR,ERR,ERR,ERR,ERR,ERR,ERR,ERR,ERR,ERR,ERR,ERR,ERR,ERR,ERR,ERR,ERR,ERR,ERR,ERR,ERR,ERR,ERR,ERR,ERR,ERR,ERR,ERR,ERR,ERR,ERR,0.0,0.0,0.0,0.0,0.0,1.3936040501711995e+18,7.805,0.0,0,0,4,0,8422,0.0,45,0.0,0.0,0.0,0.0,0.0,0,0,0,0,0.0,0,0,0,0,0,0,0,0,0,0,0,0,0,0,0,0,0,0,0,0,0,0,0,0,0,0,0,0,0,0,0,0,0,38,14,7,45,65476,0,300,0,0,8,21553,0.0,-107605600.0,0.0,0.0,0.0,0.0,0.0,0.0,0.0,0.0,0.0,0.0,0.0,0.0,0.0,0.0,0.0,0.0,0.0,0.0,0.0,0.0,0.0,0.0,-2.004,2.004,0.0,0.0,0.0,0.0,5050.0,-8608183296.0,0.0,0.0,0.0,0.0,-107615304.0,0.0,0.0,0.0,0.0,53,-0.0,0.0,0.0,0.0,0.0,0.0,0.0,0.0,0.0,0,0,0,0.0,0.0,0.0,0.0,0.0,0.0,0.0,0.0,0.0,0.0,0.0,0.0,0.0,0.0,0.0,0.0,0,-107875648.0,53,0.0,106,-107614832.0,2.7006707062415038e+23,ERR,ERR,ERR,ERR,ERR,ERR,ERR,ERR,ERR,ERR,ERR,ERR,ERR,ERR,ERR,ERR,ERR,ERR,ERR,ERR,ERR,ERR,ERR,ERR,ERR,ERR,ERR,ERR,ERR,ERR,ERR,ERR,ERR,ERR,ERR,ERR,ERR,ERR,ERR,ERR,ERR,ERR,ERR,ERR,ERR,ERR,ERR,ERR,ERR,ERR,ERR,ERR,ERR,ERR,ERR,ERR,ERR,ERR,ERR,ERR,ERR,ERR,ERR,ERR,ERR,ERR,ERR,50.0,60.0,100,0.0,0.0,0.0,0.0,0.0,0.0,0.0,0.0,0.0,0.0,0.0,0.0,0.0,0.0,0.0,0.0,61.6,77,11,65509,50,65476,0,300,0,0,8,20529,65476,0,0,26214,60.0,0.0,0.0,0.0,0.0,0.0
2026-05-17T16:58:55,ERR,ERR,ERR,ERR,ERR,ERR,ERR,ERR,ERR,ERR,ERR,ERR,ERR,ERR,ERR,ERR,ERR,ERR,ERR,ERR,ERR,ERR,ERR,ERR,ERR,ERR,ERR,ERR,ERR,ERR,ERR,ERR,ERR,ERR,ERR,ERR,ERR,ERR,ERR,ERR,ERR,ERR,ERR,ERR,ERR,ERR,ERR,ERR,ERR,ERR,ERR,ERR,ERR,ERR,ERR,ERR,ERR,ERR,ERR,ERR,ERR,ERR,ERR,ERR,ERR,ERR,ERR,ERR,ERR,ERR,ERR,ERR,ERR,ERR,ERR,ERR,ERR,ERR,ERR,ERR,ERR,ERR,ERR,ERR,ERR,ERR,ERR,ERR,ERR,ERR,ERR,ERR,ERR,ERR,ERR,ERR,ERR,ERR,ERR,ERR,ERR,ERR,ERR,ERR,ERR,ERR,ERR,ERR,ERR,ERR,ERR,ERR,ERR,ERR,ERR,ERR,ERR,ERR,ERR,ERR,ERR,ERR,ERR,ERR,ERR,0.0,0.0,0.0,0.0,0.0,1.3936040501711995e+18,7.805,0.0,0,0,4,0,8422,0.0,45,0.0,0.0,0.0,0.0,0.0,0,0,0,0,0.0,0,0,0,0,0,0,0,0,0,0,0,0,0,0,0,0,0,0,0,0,0,0,0,0,0,0,0,0,0,0,0,0,0,38,14,7,45,65476,0,300,0,0,8,21553,0.0,-107605600.0,0.0,0.0,0.0,0.0,0.0,0.0,0.0,0.0,0.0,0.0,0.0,0.0,0.0,0.0,0.0,0.0,0.0,0.0,0.0,0.0,0.0,2.004,-2.004,2.004,0.0,0.0,0.0,0.0,5049.0,-0.0,0.0,2.718428759860196e+23,0.0,0.0,-107615304.0,0.0,0.0,0.0,0.0,53,-0.0,-0.0,0.0,0.0,0.0,0.0,0.0,0.0,0.0,0,0,0,0.0,0.0,0.0,0.0,0.0,0.0,0.0,0.0,0.0,0.0,0.0,0.0,0.0,0.0,0.0,0.0,0,-107875648.0,53,0.0,106,-107614832.0,2.7006707062415038e+23,ERR,ERR,ERR,ERR,ERR,ERR,ERR,ERR,ERR,ERR,ERR,ERR,ERR,ERR,ERR,ERR,ERR,ERR,ERR,ERR,ERR,ERR,ERR,ERR,ERR,ERR,ERR,ERR,ERR,ERR,ERR,ERR,ERR,ERR,ERR,ERR,ERR,ERR,ERR,ERR,ERR,ERR,ERR,ERR,ERR,ERR,ERR,ERR,ERR,ERR,ERR,ERR,ERR,ERR,ERR,ERR,ERR,ERR,ERR,ERR,ERR,ERR,ERR,ERR,ERR,ERR,ERR,50.0,60.0,100,0.0,0.0,0.0,0.0,0.0,0.0,0.0,0.0,0.0,0.0,0.0,0.0,0.0,0.0,0.0,0.0,61.6,77,11,65509,50,65476,0,300,0,0,8,20529,65476,0,0,26214,60.0,0.0,0.0,0.0,0.0,0.0
2026-05-17T16:58:56,ERR,ERR,ERR,ERR,ERR,ERR,ERR,ERR,ERR,ERR,ERR,ERR,ERR,ERR,ERR,ERR,ERR,ERR,ERR,ERR,ERR,ERR,ERR,ERR,ERR,ERR,ERR,ERR,ERR,ERR,ERR,ERR,ERR,ERR,ERR,ERR,ERR,ERR,ERR,ERR,ERR,ERR,ERR,ERR,ERR,ERR,ERR,ERR,ERR,ERR,ERR,ERR,ERR,ERR,ERR,ERR,ERR,ERR,ERR,ERR,ERR,ERR,ERR,ERR,ERR,ERR,ERR,ERR,ERR,ERR,ERR,ERR,ERR,ERR,ERR,ERR,ERR,ERR,ERR,ERR,ERR,ERR,ERR,ERR,ERR,ERR,ERR,ERR,ERR,ERR,ERR,ERR,ERR,ERR,ERR,ERR,ERR,ERR,ERR,ERR,ERR,ERR,ERR,ERR,ERR,ERR,ERR,ERR,ERR,ERR,ERR,ERR,ERR,ERR,ERR,ERR,ERR,ERR,ERR,ERR,ERR,ERR,ERR,ERR,ERR,0.0,0.0,0.0,0.0,0.0,1.3936040501711995e+18,7.805,0.0,0,0,4,0,8422,0.0,45,0.0,0.0,0.0,0.0,0.0,0,0,0,0,0.0,0,0,0,0,0,0,0,0,0,0,0,0,0,0,0,0,0,0,0,0,0,0,0,0,0,0,0,0,0,0,0,0,0,38,14,7,45,65476,0,300,0,0,8,21553,0.0,-107605600.0,0.0,0.0,0.0,0.0,0.0,0.0,0.0,0.0,0.0,0.0,0.0,0.0,0.0,0.0,0.0,0.0,0.0,0.0,0.0,0.0,0.0,2.004,-2.004,2.004,0.0,0.0,0.0,0.0,5049.0,-0.0,0.0,2.718428759860196e+23,0.0,0.0,-107615304.0,0.0,0.0,0.0,0.0,53,-0.0,-0.0,0.0,0.0,0.0,0.0,0.0,0.0,0.0,0,0,0,0.0,0.0,0.0,0.0,0.0,0.0,0.0,0.0,0.0,0.0,0.0,0.0,0.0,0.0,0.0,0.0,0,-107875648.0,53,0.0,106,-107614832.0,2.7006707062415038e+23,ERR,ERR,ERR,ERR,ERR,ERR,ERR,ERR,ERR,ERR,ERR,ERR,ERR,ERR,ERR,ERR,ERR,ERR,ERR,ERR,ERR,ERR,ERR,ERR,ERR,ERR,ERR,ERR,ERR,ERR,ERR,ERR,ERR,ERR,ERR,ERR,ERR,ERR,ERR,ERR,ERR,ERR,ERR,ERR,ERR,ERR,ERR,ERR,ERR,ERR,ERR,ERR,ERR,ERR,ERR,ERR,ERR,ERR,ERR,ERR,ERR,ERR,ERR,ERR,ERR,ERR,ERR,50.0,60.0,100,0.0,0.0,0.0,0.0,0.0,0.0,0.0,0.0,0.0,0.0,0.0,0.0,0.0,0.0,0.0,0.0,61.6,77,11,65509,50,65476,0,300,0,0,8,20529,65476,0,0,26214,60.0,0.0,0.0,0.0,0.0,0.0
2026-05-17T16:58:57,ERR,ERR,ERR,ERR,ERR,ERR,ERR,ERR,ERR,ERR,ERR,ERR,ERR,ERR,ERR,ERR,ERR,ERR,ERR,ERR,ERR,ERR,ERR,ERR,ERR,ERR,ERR,ERR,ERR,ERR,ERR,ERR,ERR,ERR,ERR,ERR,ERR,ERR,ERR,ERR,ERR,ERR,ERR,ERR,ERR,ERR,ERR,ERR,ERR,ERR,ERR,ERR,ERR,ERR,ERR,ERR,ERR,ERR,ERR,ERR,ERR,ERR,ERR,ERR,ERR,ERR,ERR,ERR,ERR,ERR,ERR,ERR,ERR,ERR,ERR,ERR,ERR,ERR,ERR,ERR,ERR,ERR,ERR,ERR,ERR,ERR,ERR,ERR,ERR,ERR,ERR,ERR,ERR,ERR,ERR,ERR,ERR,ERR,ERR,ERR,ERR,ERR,ERR,ERR,ERR,ERR,ERR,ERR,ERR,ERR,ERR,ERR,ERR,ERR,ERR,ERR,ERR,ERR,ERR,ERR,ERR,ERR,ERR,ERR,ERR,0.0,0.0,0.0,0.0,0.0,1.3936040501711995e+18,7.805,0.0,0,0,4,0,8422,0.0,45,0.0,0.0,0.0,0.0,0.0,0,0,0,0,0.0,0,0,0,0,0,0,0,0,0,0,0,0,0,0,0,0,0,0,0,0,0,0,0,0,0,0,0,0,0,0,0,0,0,38,14,7,45,65476,0,300,0,0,8,21553,0.0,-107605600.0,0.0,0.0,0.0,0.0,0.0,0.0,0.0,0.0,0.0,0.0,0.0,0.0,0.0,0.0,0.0,0.0,0.0,0.0,0.0,0.0,0.0,2.004,-2.004,2.004,0.0,0.0,0.0,0.0,5049.0,-0.0,0.0,2.718428759860196e+23,0.0,0.0,-107615304.0,0.0,0.0,0.0,0.0,53,-0.0,-0.0,0.0,0.0,0.0,0.0,0.0,0.0,0.0,0,0,0,0.0,0.0,0.0,0.0,0.0,0.0,0.0,0.0,0.0,0.0,0.0,0.0,0.0,0.0,0.0,0.0,0,-107875648.0,53,0.0,106,-107614832.0,2.7006707062415038e+23,ERR,ERR,ERR,ERR,ERR,ERR,ERR,ERR,ERR,ERR,ERR,ERR,ERR,ERR,ERR,ERR,ERR,ERR,ERR,ERR,ERR,ERR,ERR,ERR,ERR,ERR,ERR,ERR,ERR,ERR,ERR,ERR,ERR,ERR,ERR,ERR,ERR,ERR,ERR,ERR,ERR,ERR,ERR,ERR,ERR,ERR,ERR,ERR,ERR,ERR,ERR,ERR,ERR,ERR,ERR,ERR,ERR,ERR,ERR,ERR,ERR,ERR,ERR,ERR,ERR,ERR,ERR,50.0,60.0,100,0.0,0.0,0.0,0.0,0.0,0.0,0.0,0.0,0.0,0.0,0.0,0.0,0.0,0.0,0.0,0.0,61.6,77,11,65509,50,65476,0,300,0,0,8,20529,65476,0,0,26214,60.0,0.0,0.0,0.0,0.0,0.0
2026-05-17T16:58:58,ERR,ERR,ERR,ERR,ERR,ERR,ERR,ERR,ERR,ERR,ERR,ERR,ERR,ERR,ERR,ERR,ERR,ERR,ERR,ERR,ERR,ERR,ERR,ERR,ERR,ERR,ERR,ERR,ERR,ERR,ERR,ERR,ERR,ERR,ERR,ERR,ERR,ERR,ERR,ERR,ERR,ERR,ERR,ERR,ERR,ERR,ERR,ERR,ERR,ERR,ERR,ERR,ERR,ERR,ERR,ERR,ERR,ERR,ERR,ERR,ERR,ERR,ERR,ERR,ERR,ERR,ERR,ERR,ERR,ERR,ERR,ERR,ERR,ERR,ERR,ERR,ERR,ERR,ERR,ERR,ERR,ERR,ERR,ERR,ERR,ERR,ERR,ERR,ERR,ERR,ERR,ERR,ERR,ERR,ERR,ERR,ERR,ERR,ERR,ERR,ERR,ERR,ERR,ERR,ERR,ERR,ERR,ERR,ERR,ERR,ERR,ERR,ERR,ERR,ERR,ERR,ERR,ERR,ERR,ERR,ERR,ERR,ERR,ERR,ERR,0.0,0.0,0.0,0.0,0.0,1.3936040501711995e+18,7.805,0.0,0,0,4,0,8422,0.0,45,0.0,0.0,0.0,0.0,0.0,0,0,0,0,0.0,0,0,0,0,0,0,0,0,0,0,0,0,0,0,0,0,0,0,0,0,0,0,0,0,0,0,0,0,0,0,0,0,0,38,14,7,45,65476,0,300,0,0,8,21553,0.0,-107605600.0,0.0,0.0,0.0,0.0,0.0,0.0,0.0,0.0,0.0,0.0,0.0,0.0,0.0,0.0,0.0,0.0,0.0,0.0,0.0,0.0,0.0,2.004,-2.004,2.004,0.0,0.0,0.0,0.0,5049.0,-0.0,0.0,2.718428759860196e+23,0.0,0.0,-107615304.0,0.0,0.0,0.0,0.0,53,-0.0,-0.0,0.0,0.0,0.0,0.0,0.0,0.0,0.0,0,0,0,0.0,0.0,0.0,0.0,0.0,0.0,0.0,0.0,0.0,0.0,0.0,0.0,0.0,0.0,0.0,0.0,0,-107875648.0,53,0.0,106,-107614832.0,2.7006707062415038e+23,ERR,ERR,ERR,ERR,ERR,ERR,ERR,ERR,ERR,ERR,ERR,ERR,ERR,ERR,ERR,ERR,ERR,ERR,ERR,ERR,ERR,ERR,ERR,ERR,ERR,ERR,ERR,ERR,ERR,ERR,ERR,ERR,ERR,ERR,ERR,ERR,ERR,ERR,ERR,ERR,ERR,ERR,ERR,ERR,ERR,ERR,ERR,ERR,ERR,ERR,ERR,ERR,ERR,ERR,ERR,ERR,ERR,ERR,ERR,ERR,ERR,ERR,ERR,ERR,ERR,ERR,ERR,50.0,60.0,100,0.0,0.0,0.0,0.0,0.0,0.0,0.0,0.0,0.0,0.0,0.0,0.0,0.0,0.0,0.0,0.0,61.6,77,11,65509,50,65476,0,300,0,0,8,20529,65476,0,0,26214,60.0,0.0,0.0,0.0,0.0,0.0
2026-05-17T16:58:59,ERR,ERR,ERR,ERR,ERR,ERR,ERR,ERR,ERR,ERR,ERR,ERR,ERR,ERR,ERR,ERR,ERR,ERR,ERR,ERR,ERR,ERR,ERR,ERR,ERR,ERR,ERR,ERR,ERR,ERR,ERR,ERR,ERR,ERR,ERR,ERR,ERR,ERR,ERR,ERR,ERR,ERR,ERR,ERR,ERR,ERR,ERR,ERR,ERR,ERR,ERR,ERR,ERR,ERR,ERR,ERR,ERR,ERR,ERR,ERR,ERR,ERR,ERR,ERR,ERR,ERR,ERR,ERR,ERR,ERR,ERR,ERR,ERR,ERR,ERR,ERR,ERR,ERR,ERR,ERR,ERR,ERR,ERR,ERR,ERR,ERR,ERR,ERR,ERR,ERR,ERR,ERR,ERR,ERR,ERR,ERR,ERR,ERR,ERR,ERR,ERR,ERR,ERR,ERR,ERR,ERR,ERR,ERR,ERR,ERR,ERR,ERR,ERR,ERR,ERR,ERR,ERR,ERR,ERR,ERR,ERR,ERR,ERR,ERR,ERR,0.0,0.0,0.0,0.0,0.0,1.3936040501711995e+18,7.805,0.0,0,0,4,0,8422,0.0,45,0.0,0.0,0.0,0.0,0.0,0,0,0,0,0.0,0,0,0,0,0,0,0,0,0,0,0,0,0,0,0,0,0,0,0,0,0,0,0,0,0,0,0,0,0,0,0,0,0,38,14,7,45,65476,0,300,0,0,8,21553,0.0,-107605600.0,0.0,0.0,0.0,0.0,0.0,0.0,0.0,0.0,0.0,0.0,0.0,0.0,0.0,0.0,0.0,0.0,0.0,0.0,0.0,0.0,0.0,2.004,-2.004,2.004,0.0,0.0,0.0,0.0,5049.0,-0.0,0.0,2.718428759860196e+23,0.0,0.0,-107615304.0,0.0,0.0,0.0,0.0,53,-0.0,-0.0,0.0,0.0,0.0,0.0,0.0,0.0,0.0,0,0,0,0.0,0.0,0.0,0.0,0.0,0.0,0.0,0.0,0.0,0.0,0.0,0.0,0.0,0.0,0.0,0.0,0,-107875648.0,53,0.0,106,-107614832.0,2.7006707062415038e+23,ERR,ERR,ERR,ERR,ERR,ERR,ERR,ERR,ERR,ERR,ERR,ERR,ERR,ERR,ERR,ERR,ERR,ERR,ERR,ERR,ERR,ERR,ERR,ERR,ERR,ERR,ERR,ERR,ERR,ERR,ERR,ERR,ERR,ERR,ERR,ERR,ERR,ERR,ERR,ERR,ERR,ERR,ERR,ERR,ERR,ERR,ERR,ERR,ERR,ERR,ERR,ERR,ERR,ERR,ERR,ERR,ERR,ERR,ERR,ERR,ERR,ERR,ERR,ERR,ERR,ERR,ERR,50.0,60.0,100,0.0,0.0,0.0,0.0,0.0,0.0,0.0,0.0,0.0,0.0,0.0,0.0,0.0,0.0,0.0,0.0,62.0,77,11,65509,50,65476,0,300,0,0,8,20529,65476,0,0,26214,60.0,0.0,0.0,0.0,0.0,0.0
2026-05-17T16:59:00,ERR,ERR,ERR,ERR,ERR,ERR,ERR,ERR,ERR,ERR,ERR,ERR,ERR,ERR,ERR,ERR,ERR,ERR,ERR,ERR,ERR,ERR,ERR,ERR,ERR,ERR,ERR,ERR,ERR,ERR,ERR,ERR,ERR,ERR,ERR,ERR,ERR,ERR,ERR,ERR,ERR,ERR,ERR,ERR,ERR,ERR,ERR,ERR,ERR,ERR,ERR,ERR,ERR,ERR,ERR,ERR,ERR,ERR,ERR,ERR,ERR,ERR,ERR,ERR,ERR,ERR,ERR,ERR,ERR,ERR,ERR,ERR,ERR,ERR,ERR,ERR,ERR,ERR,ERR,ERR,ERR,ERR,ERR,ERR,ERR,ERR,ERR,ERR,ERR,ERR,ERR,ERR,ERR,ERR,ERR,ERR,ERR,ERR,ERR,ERR,ERR,ERR,ERR,ERR,ERR,ERR,ERR,ERR,ERR,ERR,ERR,ERR,ERR,ERR,ERR,ERR,ERR,ERR,ERR,ERR,ERR,ERR,ERR,ERR,ERR,0.0,0.0,0.0,0.0,0.0,1.3936040501711995e+18,7.805,0.0,0,0,4,0,8422,0.0,45,0.0,0.0,0.0,0.0,0.0,0,0,0,0,0.0,0,0,0,0,0,0,0,0,0,0,0,0,0,0,0,0,0,0,0,0,0,0,0,0,0,0,0,0,0,0,0,0,0,38,14,7,45,65476,0,300,0,0,8,21553,0.0,-107605600.0,0.0,0.0,0.0,0.0,0.0,0.0,0.0,0.0,0.0,0.0,0.0,0.0,0.0,0.0,0.0,0.0,0.0,0.0,0.0,0.0,0.0,0.0,-2.004,2.004,0.0,0.0,0.0,0.0,5045.0,2.422988192762658e+24,0.0,0.0,0.0,0.0,-107615304.0,0.0,0.0,0.0,0.0,53,-0.0,5.848056079300204e+35,0.0,0.0,0.0,0.0,0.0,0.0,0.0,0,0,0,0.0,0.0,0.0,0.0,0.0,0.0,0.0,0.0,0.0,0.0,0.0,0.0,0.0,0.0,0.0,0.0,0,-107875648.0,53,0.0,106,-107614832.0,2.7006707062415038e+23,ERR,ERR,ERR,ERR,ERR,ERR,ERR,ERR,ERR,ERR,ERR,ERR,ERR,ERR,ERR,ERR,ERR,ERR,ERR,ERR,ERR,ERR,ERR,ERR,ERR,ERR,ERR,ERR,ERR,ERR,ERR,ERR,ERR,ERR,ERR,ERR,ERR,ERR,ERR,ERR,ERR,ERR,ERR,ERR,ERR,ERR,ERR,ERR,ERR,ERR,ERR,ERR,ERR,ERR,ERR,ERR,ERR,ERR,ERR,ERR,ERR,ERR,ERR,ERR,ERR,ERR,ERR,50.0,60.0,100,0.0,0.0,0.0,0.0,0.0,0.0,0.0,0.0,0.0,0.0,0.0,0.0,0.0,0.0,0.0,0.0,62.0,77,11,65509,50,65476,0,300,0,0,8,20529,65476,0,0,26214,60.0,0.0,0.0,0.0,0.0,0.0
2026-05-17T16:59:01,ERR,ERR,ERR,ERR,ERR,ERR,ERR,ERR,ERR,ERR,ERR,ERR,ERR,ERR,ERR,ERR,ERR,ERR,ERR,ERR,ERR,ERR,ERR,ERR,ERR,ERR,ERR,ERR,ERR,ERR,ERR,ERR,ERR,ERR,ERR,ERR,ERR,ERR,ERR,ERR,ERR,ERR,ERR,ERR,ERR,ERR,ERR,ERR,ERR,ERR,ERR,ERR,ERR,ERR,ERR,ERR,ERR,ERR,ERR,ERR,ERR,ERR,ERR,ERR,ERR,ERR,ERR,ERR,ERR,ERR,ERR,ERR,ERR,ERR,ERR,ERR,ERR,ERR,ERR,ERR,ERR,ERR,ERR,ERR,ERR,ERR,ERR,ERR,ERR,ERR,ERR,ERR,ERR,ERR,ERR,ERR,ERR,ERR,ERR,ERR,ERR,ERR,ERR,ERR,ERR,ERR,ERR,ERR,ERR,ERR,ERR,ERR,ERR,ERR,ERR,ERR,ERR,ERR,ERR,ERR,ERR,ERR,ERR,ERR,ERR,0.0,0.0,0.0,0.0,0.0,1.3936040501711995e+18,7.805,0.0,0,0,4,0,8422,0.0,45,0.0,0.0,0.0,0.0,0.0,0,0,0,0,0.0,0,0,0,0,0,0,0,0,0,0,0,0,0,0,0,0,0,0,0,0,0,0,0,0,0,0,0,0,0,0,0,0,0,38,14,7,45,65476,0,300,0,0,8,21553,0.0,-107605600.0,0.0,0.0,0.0,0.0,0.0,0.0,0.0,0.0,0.0,0.0,0.0,0.0,0.0,0.0,0.0,0.0,0.0,0.0,0.0,0.0,0.0,0.0,-2.004,2.004,0.0,0.0,0.0,0.0,5045.0,2.422988192762658e+24,0.0,0.0,0.0,0.0,-107615304.0,0.0,0.0,0.0,0.0,53,-0.0,5.848056079300204e+35,0.0,0.0,0.0,0.0,0.0,0.0,0.0,0,0,0,0.0,0.0,0.0,0.0,0.0,0.0,0.0,0.0,0.0,0.0,0.0,0.0,0.0,0.0,0.0,0.0,0,-107875648.0,53,0.0,106,-107614832.0,2.7006707062415038e+23,ERR,ERR,ERR,ERR,ERR,ERR,ERR,ERR,ERR,ERR,ERR,ERR,ERR,ERR,ERR,ERR,ERR,ERR,ERR,ERR,ERR,ERR,ERR,ERR,ERR,ERR,ERR,ERR,ERR,ERR,ERR,ERR,ERR,ERR,ERR,ERR,ERR,ERR,ERR,ERR,ERR,ERR,ERR,ERR,ERR,ERR,ERR,ERR,ERR,ERR,ERR,ERR,ERR,ERR,ERR,ERR,ERR,ERR,ERR,ERR,ERR,ERR,ERR,ERR,ERR,ERR,ERR,50.0,60.0,100,0.0,0.0,0.0,0.0,0.0,0.0,0.0,0.0,0.0,0.0,0.0,0.0,0.0,0.0,0.0,0.0,62.0,77,11,65509,50,65476,0,300,0,0,8,20529,65476,0,0,26214,60.0,0.0,0.0,0.0,0.0,0.0
2026-05-17T16:59:02,ERR,ERR,ERR,ERR,ERR,ERR,ERR,ERR,ERR,ERR,ERR,ERR,ERR,ERR,ERR,ERR,ERR,ERR,ERR,ERR,ERR,ERR,ERR,ERR,ERR,ERR,ERR,ERR,ERR,ERR,ERR,ERR,ERR,ERR,ERR,ERR,ERR,ERR,ERR,ERR,ERR,ERR,ERR,ERR,ERR,ERR,ERR,ERR,ERR,ERR,ERR,ERR,ERR,ERR,ERR,ERR,ERR,ERR,ERR,ERR,ERR,ERR,ERR,ERR,ERR,ERR,ERR,ERR,ERR,ERR,ERR,ERR,ERR,ERR,ERR,ERR,ERR,ERR,ERR,ERR,ERR,ERR,ERR,ERR,ERR,ERR,ERR,ERR,ERR,ERR,ERR,ERR,ERR,ERR,ERR,ERR,ERR,ERR,ERR,ERR,ERR,ERR,ERR,ERR,ERR,ERR,ERR,ERR,ERR,ERR,ERR,ERR,ERR,ERR,ERR,ERR,ERR,ERR,ERR,ERR,ERR,ERR,ERR,ERR,ERR,0.0,0.0,0.0,0.0,0.0,1.3936040501711995e+18,7.805,0.0,0,0,4,0,8422,0.0,45,0.0,0.0,0.0,0.0,0.0,0,0,0,0,0.0,0,0,0,0,0,0,0,0,0,0,0,0,0,0,0,0,0,0,0,0,0,0,0,0,0,0,0,0,0,0,0,0,0,38,14,7,45,65476,0,300,0,0,8,21553,0.0,-107605600.0,0.0,0.0,0.0,0.0,0.0,0.0,0.0,0.0,0.0,0.0,0.0,0.0,0.0,0.0,0.0,0.0,0.0,0.0,0.0,0.0,0.0,0.0,-2.004,2.004,0.0,0.0,0.0,0.0,5045.0,2.422988192762658e+24,0.0,0.0,0.0,0.0,-107615304.0,0.0,0.0,0.0,0.0,53,-0.0,5.848056079300204e+35,0.0,0.0,0.0,0.0,0.0,0.0,0.0,0,0,0,0.0,0.0,0.0,0.0,0.0,0.0,0.0,0.0,0.0,0.0,0.0,0.0,0.0,0.0,0.0,0.0,0,-107875648.0,53,0.0,106,-107614832.0,2.7006707062415038e+23,ERR,ERR,ERR,ERR,ERR,ERR,ERR,ERR,ERR,ERR,ERR,ERR,ERR,ERR,ERR,ERR,ERR,ERR,ERR,ERR,ERR,ERR,ERR,ERR,ERR,ERR,ERR,ERR,ERR,ERR,ERR,ERR,ERR,ERR,ERR,ERR,ERR,ERR,ERR,ERR,ERR,ERR,ERR,ERR,ERR,ERR,ERR,ERR,ERR,ERR,ERR,ERR,ERR,ERR,ERR,ERR,ERR,ERR,ERR,ERR,ERR,ERR,ERR,ERR,ERR,ERR,ERR,50.0,60.0,100,0.0,0.0,0.0,0.0,0.0,0.0,0.0,0.0,0.0,0.0,0.0,0.0,0.0,0.0,0.0,0.0,61.6,77,11,65509,50,65476,0,300,0,0,8,20529,65476,0,0,26214,60.0,0.0,0.0,0.0,0.0,0.0
2026-05-17T16:59:03,ERR,ERR,ERR,ERR,ERR,ERR,ERR,ERR,ERR,ERR,ERR,ERR,ERR,ERR,ERR,ERR,ERR,ERR,ERR,ERR,ERR,ERR,ERR,ERR,ERR,ERR,ERR,ERR,ERR,ERR,ERR,ERR,ERR,ERR,ERR,ERR,ERR,ERR,ERR,ERR,ERR,ERR,ERR,ERR,ERR,ERR,ERR,ERR,ERR,ERR,ERR,ERR,ERR,ERR,ERR,ERR,ERR,ERR,ERR,ERR,ERR,ERR,ERR,ERR,ERR,ERR,ERR,ERR,ERR,ERR,ERR,ERR,ERR,ERR,ERR,ERR,ERR,ERR,ERR,ERR,ERR,ERR,ERR,ERR,ERR,ERR,ERR,ERR,ERR,ERR,ERR,ERR,ERR,ERR,ERR,ERR,ERR,ERR,ERR,ERR,ERR,ERR,ERR,ERR,ERR,ERR,ERR,ERR,ERR,ERR,ERR,ERR,ERR,ERR,ERR,ERR,ERR,ERR,ERR,ERR,ERR,ERR,ERR,ERR,ERR,0.0,0.0,0.0,0.0,0.0,1.3936040501711995e+18,7.805,0.0,0,0,4,0,8422,0.0,45,0.0,0.0,0.0,0.0,0.0,0,0,0,0,0.0,0,0,0,0,0,0,0,0,0,0,0,0,0,0,0,0,0,0,0,0,0,0,0,0,0,0,0,0,0,0,0,0,0,38,14,7,45,65476,0,300,0,0,8,21553,0.0,-107605600.0,0.0,0.0,0.0,0.0,0.0,0.0,0.0,0.0,0.0,0.0,0.0,0.0,0.0,0.0,0.0,0.0,0.0,0.0,0.0,0.0,0.0,0.0,-2.004,2.004,0.0,0.0,0.0,0.0,5045.0,2.422988192762658e+24,0.0,0.0,0.0,0.0,-107615304.0,0.0,0.0,0.0,0.0,53,-0.0,5.848056079300204e+35,0.0,0.0,0.0,0.0,0.0,0.0,0.0,0,0,0,0.0,0.0,0.0,0.0,0.0,0.0,0.0,0.0,0.0,0.0,0.0,0.0,0.0,0.0,0.0,0.0,0,-107875648.0,53,0.0,106,-107614832.0,2.7006707062415038e+23,ERR,ERR,ERR,ERR,ERR,ERR,ERR,ERR,ERR,ERR,ERR,ERR,ERR,ERR,ERR,ERR,ERR,ERR,ERR,ERR,ERR,ERR,ERR,ERR,ERR,ERR,ERR,ERR,ERR,ERR,ERR,ERR,ERR,ERR,ERR,ERR,ERR,ERR,ERR,ERR,ERR,ERR,ERR,ERR,ERR,ERR,ERR,ERR,ERR,ERR,ERR,ERR,ERR,ERR,ERR,ERR,ERR,ERR,ERR,ERR,ERR,ERR,ERR,ERR,ERR,ERR,ERR,50.0,60.0,100,0.0,0.0,0.0,0.0,0.0,0.0,0.0,0.0,0.0,0.0,0.0,0.0,0.0,0.0,0.0,0.0,61.6,77,11,65509,50,65476,0,300,0,0,8,20529,65476,0,0,26214,60.0,0.0,0.0,0.0,0.0,0.0
2026-05-17T16:59:04,ERR,ERR,ERR,ERR,ERR,ERR,ERR,ERR,ERR,ERR,ERR,ERR,ERR,ERR,ERR,ERR,ERR,ERR,ERR,ERR,ERR,ERR,ERR,ERR,ERR,ERR,ERR,ERR,ERR,ERR,ERR,ERR,ERR,ERR,ERR,ERR,ERR,ERR,ERR,ERR,ERR,ERR,ERR,ERR,ERR,ERR,ERR,ERR,ERR,ERR,ERR,ERR,ERR,ERR,ERR,ERR,ERR,ERR,ERR,ERR,ERR,ERR,ERR,ERR,ERR,ERR,ERR,ERR,ERR,ERR,ERR,ERR,ERR,ERR,ERR,ERR,ERR,ERR,ERR,ERR,ERR,ERR,ERR,ERR,ERR,ERR,ERR,ERR,ERR,ERR,ERR,ERR,ERR,ERR,ERR,ERR,ERR,ERR,ERR,ERR,ERR,ERR,ERR,ERR,ERR,ERR,ERR,ERR,ERR,ERR,ERR,ERR,ERR,ERR,ERR,ERR,ERR,ERR,ERR,ERR,ERR,ERR,ERR,ERR,ERR,0.0,0.0,0.0,0.0,0.0,1.3936040501711995e+18,7.805,0.0,0,0,4,0,8422,0.0,45,0.0,0.0,0.0,0.0,0.0,0,0,0,0,0.0,0,0,0,0,0,0,0,0,0,0,0,0,0,0,0,0,0,0,0,0,0,0,0,0,0,0,0,0,0,0,0,0,0,38,14,7,45,65476,0,300,0,0,8,21553,0.0,-107605600.0,0.0,0.0,0.0,0.0,0.0,0.0,0.0,0.0,0.0,0.0,0.0,0.0,0.0,0.0,0.0,0.0,0.0,0.0,0.0,0.0,0.0,0.0,-2.004,2.004,0.0,0.0,0.0,0.0,5045.0,2.422988192762658e+24,0.0,0.0,0.0,0.0,-107615304.0,0.0,0.0,0.0,0.0,53,-0.0,5.848056079300204e+35,0.0,0.0,0.0,0.0,0.0,0.0,0.0,0,0,0,0.0,0.0,0.0,0.0,0.0,0.0,0.0,0.0,0.0,0.0,0.0,0.0,0.0,0.0,0.0,0.0,0,-107875648.0,53,0.0,106,-107614832.0,2.7006707062415038e+23,ERR,ERR,ERR,ERR,ERR,ERR,ERR,ERR,ERR,ERR,ERR,ERR,ERR,ERR,ERR,ERR,ERR,ERR,ERR,ERR,ERR,ERR,ERR,ERR,ERR,ERR,ERR,ERR,ERR,ERR,ERR,ERR,ERR,ERR,ERR,ERR,ERR,ERR,ERR,ERR,ERR,ERR,ERR,ERR,ERR,ERR,ERR,ERR,ERR,ERR,ERR,ERR,ERR,ERR,ERR,ERR,ERR,ERR,ERR,ERR,ERR,ERR,ERR,ERR,ERR,ERR,ERR,50.0,60.0,100,0.0,0.0,0.0,0.0,0.0,0.0,0.0,0.0,0.0,0.0,0.0,0.0,0.0,0.0,0.0,0.0,61.6,77,11,65509,50,65476,0,300,0,0,8,20529,65476,0,0,26214,60.0,0.0,0.0,0.0,0.0,0.0
2026-05-17T16:59:05,ERR,ERR,ERR,ERR,ERR,ERR,ERR,ERR,ERR,ERR,ERR,ERR,ERR,ERR,ERR,ERR,ERR,ERR,ERR,ERR,ERR,ERR,ERR,ERR,ERR,ERR,ERR,ERR,ERR,ERR,ERR,ERR,ERR,ERR,ERR,ERR,ERR,ERR,ERR,ERR,ERR,ERR,ERR,ERR,ERR,ERR,ERR,ERR,ERR,ERR,ERR,ERR,ERR,ERR,ERR,ERR,ERR,ERR,ERR,ERR,ERR,ERR,ERR,ERR,ERR,ERR,ERR,ERR,ERR,ERR,ERR,ERR,ERR,ERR,ERR,ERR,ERR,ERR,ERR,ERR,ERR,ERR,ERR,ERR,ERR,ERR,ERR,ERR,ERR,ERR,ERR,ERR,ERR,ERR,ERR,ERR,ERR,ERR,ERR,ERR,ERR,ERR,ERR,ERR,ERR,ERR,ERR,ERR,ERR,ERR,ERR,ERR,ERR,ERR,ERR,ERR,ERR,ERR,ERR,ERR,ERR,ERR,ERR,ERR,ERR,2.718428759860196e+23,0.0,-0.0,0.0,0.0,1.3936040501711995e+18,7.805,0.0,0,0,4,0,8422,0.0,45,0.0,0.0,0.0,0.0,0.0,0,0,0,0,0.0,0,0,0,0,0,0,0,0,0,0,0,0,0,0,0,0,0,0,0,0,0,0,0,0,0,0,0,0,0,0,0,0,0,38,14,7,45,65476,0,300,0,0,8,21553,0.0,-107605600.0,0.0,0.0,0.0,0.0,0.0,0.0,0.0,0.0,0.0,0.0,0.0,0.0,0.0,0.0,0.0,0.0,0.0,0.0,0.0,0.0,0.0,2.004,-2.004,2.004,0.0,0.0,0.0,0.0,5014.0,-564145833377792.0,0.0,0.0,0.0,0.0,-107615304.0,0.0,0.0,0.0,0.0,53,-0.0,-71.629,0.0,0.0,0.0,0.0,0.0,0.0,0.0,0,0,0,0.0,0.0,0.0,0.0,0.0,0.0,0.0,0.0,0.0,0.0,0.0,0.0,0.0,0.0,0.0,0.0,0,-107875648.0,53,0.0,106,-107614832.0,2.7006707062415038e+23,ERR,ERR,ERR,ERR,ERR,ERR,ERR,ERR,ERR,ERR,ERR,ERR,ERR,ERR,ERR,ERR,ERR,ERR,ERR,ERR,ERR,ERR,ERR,ERR,ERR,ERR,ERR,ERR,ERR,ERR,ERR,ERR,ERR,ERR,ERR,ERR,ERR,ERR,ERR,ERR,ERR,ERR,ERR,ERR,ERR,ERR,ERR,ERR,ERR,ERR,ERR,ERR,ERR,ERR,ERR,ERR,ERR,ERR,ERR,ERR,ERR,ERR,ERR,ERR,ERR,ERR,ERR,50.0,60.0,100,0.0,0.0,0.0,0.0,0.0,0.0,0.0,0.0,0.0,0.0,0.0,0.0,0.0,0.0,0.0,0.0,61.6,77,11,65509,50,65476,0,300,0,0,8,20529,65476,0,0,26214,60.0,0.0,0.0,0.0,0.0,0.0
2026-05-17T16:59:06,ERR,ERR,ERR,ERR,ERR,ERR,ERR,ERR,ERR,ERR,ERR,ERR,ERR,ERR,ERR,ERR,ERR,ERR,ERR,ERR,ERR,ERR,ERR,ERR,ERR,ERR,ERR,ERR,ERR,ERR,ERR,ERR,ERR,ERR,ERR,ERR,ERR,ERR,ERR,ERR,ERR,ERR,ERR,ERR,ERR,ERR,ERR,ERR,ERR,ERR,ERR,ERR,ERR,ERR,ERR,ERR,ERR,ERR,ERR,ERR,ERR,ERR,ERR,ERR,ERR,ERR,ERR,ERR,ERR,ERR,ERR,ERR,ERR,ERR,ERR,ERR,ERR,ERR,ERR,ERR,ERR,ERR,ERR,ERR,ERR,ERR,ERR,ERR,ERR,ERR,ERR,ERR,ERR,ERR,ERR,ERR,ERR,ERR,ERR,ERR,ERR,ERR,ERR,ERR,ERR,ERR,ERR,ERR,ERR,ERR,ERR,ERR,ERR,ERR,ERR,ERR,ERR,ERR,ERR,ERR,ERR,ERR,ERR,ERR,ERR,2.718428759860196e+23,0.0,-0.0,0.0,0.0,1.3936040501711995e+18,7.805,0.0,0,0,4,0,8422,0.0,45,0.0,0.0,0.0,0.0,0.0,0,0,0,0,0.0,0,0,0,0,0,0,0,0,0,0,0,0,0,0,0,0,0,0,0,0,0,0,0,0,0,0,0,0,0,0,0,0,0,38,14,7,45,65476,0,300,0,0,8,21553,0.0,-107605600.0,0.0,0.0,0.0,0.0,0.0,0.0,0.0,0.0,0.0,0.0,0.0,0.0,0.0,0.0,0.0,0.0,0.0,0.0,0.0,0.0,0.0,2.004,-2.004,2.004,0.0,0.0,0.0,0.0,5014.0,-564145833377792.0,0.0,0.0,0.0,0.0,-107615304.0,0.0,0.0,0.0,0.0,53,-0.0,-71.629,0.0,0.0,0.0,0.0,0.0,0.0,0.0,0,0,0,0.0,0.0,0.0,0.0,0.0,0.0,0.0,0.0,0.0,0.0,0.0,0.0,0.0,0.0,0.0,0.0,0,-107875648.0,53,0.0,106,-107614832.0,2.7006707062415038e+23,ERR,ERR,ERR,ERR,ERR,ERR,ERR,ERR,ERR,ERR,ERR,ERR,ERR,ERR,ERR,ERR,ERR,ERR,ERR,ERR,ERR,ERR,ERR,ERR,ERR,ERR,ERR,ERR,ERR,ERR,ERR,ERR,ERR,ERR,ERR,ERR,ERR,ERR,ERR,ERR,ERR,ERR,ERR,ERR,ERR,ERR,ERR,ERR,ERR,ERR,ERR,ERR,ERR,ERR,ERR,ERR,ERR,ERR,ERR,ERR,ERR,ERR,ERR,ERR,ERR,ERR,ERR,50.0,60.0,100,0.0,0.0,0.0,0.0,0.0,0.0,0.0,0.0,0.0,0.0,0.0,0.0,0.0,0.0,0.0,0.0,61.6,77,11,65509,50,65476,0,300,0,0,8,20529,65476,0,0,26214,60.0,0.0,0.0,0.0,0.0,0.0
2026-05-17T16:59:07,ERR,ERR,ERR,ERR,ERR,ERR,ERR,ERR,ERR,ERR,ERR,ERR,ERR,ERR,ERR,ERR,ERR,ERR,ERR,ERR,ERR,ERR,ERR,ERR,ERR,ERR,ERR,ERR,ERR,ERR,ERR,ERR,ERR,ERR,ERR,ERR,ERR,ERR,ERR,ERR,ERR,ERR,ERR,ERR,ERR,ERR,ERR,ERR,ERR,ERR,ERR,ERR,ERR,ERR,ERR,ERR,ERR,ERR,ERR,ERR,ERR,ERR,ERR,ERR,ERR,ERR,ERR,ERR,ERR,ERR,ERR,ERR,ERR,ERR,ERR,ERR,ERR,ERR,ERR,ERR,ERR,ERR,ERR,ERR,ERR,ERR,ERR,ERR,ERR,ERR,ERR,ERR,ERR,ERR,ERR,ERR,ERR,ERR,ERR,ERR,ERR,ERR,ERR,ERR,ERR,ERR,ERR,ERR,ERR,ERR,ERR,ERR,ERR,ERR,ERR,ERR,ERR,ERR,ERR,ERR,ERR,ERR,ERR,ERR,ERR,2.718428759860196e+23,0.0,-0.0,0.0,0.0,1.3936040501711995e+18,7.805,0.0,0,0,4,0,8422,0.0,45,0.0,0.0,0.0,0.0,0.0,0,0,0,0,0.0,0,0,0,0,0,0,0,0,0,0,0,0,0,0,0,0,0,0,0,0,0,0,0,0,0,0,0,0,0,0,0,0,0,38,14,7,45,65476,0,300,0,0,8,21553,0.0,-107605600.0,0.0,0.0,0.0,0.0,0.0,0.0,0.0,0.0,0.0,0.0,0.0,0.0,0.0,0.0,0.0,0.0,0.0,0.0,0.0,0.0,0.0,2.004,-2.004,2.004,0.0,0.0,0.0,0.0,5014.0,-564145833377792.0,0.0,0.0,0.0,0.0,-107615304.0,0.0,0.0,0.0,0.0,53,-0.0,-71.629,0.0,0.0,0.0,0.0,0.0,0.0,0.0,0,0,0,0.0,0.0,0.0,0.0,0.0,0.0,0.0,0.0,0.0,0.0,0.0,0.0,0.0,0.0,0.0,0.0,0,-107875648.0,53,0.0,106,-107614832.0,2.7006707062415038e+23,ERR,ERR,ERR,ERR,ERR,ERR,ERR,ERR,ERR,ERR,ERR,ERR,ERR,ERR,ERR,ERR,ERR,ERR,ERR,ERR,ERR,ERR,ERR,ERR,ERR,ERR,ERR,ERR,ERR,ERR,ERR,ERR,ERR,ERR,ERR,ERR,ERR,ERR,ERR,ERR,ERR,ERR,ERR,ERR,ERR,ERR,ERR,ERR,ERR,ERR,ERR,ERR,ERR,ERR,ERR,ERR,ERR,ERR,ERR,ERR,ERR,ERR,ERR,ERR,ERR,ERR,ERR,50.0,60.0,100,0.0,0.0,0.0,0.0,0.0,0.0,0.0,0.0,0.0,0.0,0.0,0.0,0.0,0.0,0.0,0.0,61.6,77,11,65509,50,65476,0,300,0,0,8,20529,65476,0,0,26214,60.0,0.0,0.0,0.0,0.0,0.0
2026-05-17T16:59:08,ERR,ERR,ERR,ERR,ERR,ERR,ERR,ERR,ERR,ERR,ERR,ERR,ERR,ERR,ERR,ERR,ERR,ERR,ERR,ERR,ERR,ERR,ERR,ERR,ERR,ERR,ERR,ERR,ERR,ERR,ERR,ERR,ERR,ERR,ERR,ERR,ERR,ERR,ERR,ERR,ERR,ERR,ERR,ERR,ERR,ERR,ERR,ERR,ERR,ERR,ERR,ERR,ERR,ERR,ERR,ERR,ERR,ERR,ERR,ERR,ERR,ERR,ERR,ERR,ERR,ERR,ERR,ERR,ERR,ERR,ERR,ERR,ERR,ERR,ERR,ERR,ERR,ERR,ERR,ERR,ERR,ERR,ERR,ERR,ERR,ERR,ERR,ERR,ERR,ERR,ERR,ERR,ERR,ERR,ERR,ERR,ERR,ERR,ERR,ERR,ERR,ERR,ERR,ERR,ERR,ERR,ERR,ERR,ERR,ERR,ERR,ERR,ERR,ERR,ERR,ERR,ERR,ERR,ERR,ERR,ERR,ERR,ERR,ERR,ERR,2.718428759860196e+23,0.0,-0.0,0.0,0.0,1.3936040501711995e+18,7.805,0.0,0,0,4,0,8422,0.0,45,0.0,0.0,0.0,0.0,0.0,0,0,0,0,0.0,0,0,0,0,0,0,0,0,0,0,0,0,0,0,0,0,0,0,0,0,0,0,0,0,0,0,0,0,0,0,0,0,0,38,14,7,45,65476,0,300,0,0,8,21553,0.0,-107605600.0,0.0,0.0,0.0,0.0,0.0,0.0,0.0,0.0,0.0,0.0,0.0,0.0,0.0,0.0,0.0,0.0,0.0,0.0,0.0,0.0,0.0,2.004,-2.004,2.004,0.0,0.0,0.0,0.0,5014.0,-564145833377792.0,0.0,0.0,0.0,0.0,-107615304.0,0.0,0.0,0.0,0.0,53,-0.0,-71.629,0.0,0.0,0.0,0.0,0.0,0.0,0.0,0,0,0,0.0,0.0,0.0,0.0,0.0,0.0,0.0,0.0,0.0,0.0,0.0,0.0,0.0,0.0,0.0,0.0,0,-107875648.0,53,0.0,106,-107614832.0,2.7006707062415038e+23,ERR,ERR,ERR,ERR,ERR,ERR,ERR,ERR,ERR,ERR,ERR,ERR,ERR,ERR,ERR,ERR,ERR,ERR,ERR,ERR,ERR,ERR,ERR,ERR,ERR,ERR,ERR,ERR,ERR,ERR,ERR,ERR,ERR,ERR,ERR,ERR,ERR,ERR,ERR,ERR,ERR,ERR,ERR,ERR,ERR,ERR,ERR,ERR,ERR,ERR,ERR,ERR,ERR,ERR,ERR,ERR,ERR,ERR,ERR,ERR,ERR,ERR,ERR,ERR,ERR,ERR,ERR,50.0,60.0,100,0.0,0.0,0.0,0.0,0.0,0.0,0.0,0.0,0.0,0.0,0.0,0.0,0.0,0.0,0.0,0.0,61.6,77,11,65509,50,65476,0,300,0,0,8,20529,65476,0,0,26214,60.0,0.0,0.0,0.0,0.0,0.0
2026-05-17T16:59:09,ERR,ERR,ERR,ERR,ERR,ERR,ERR,ERR,ERR,ERR,ERR,ERR,ERR,ERR,ERR,ERR,ERR,ERR,ERR,ERR,ERR,ERR,ERR,ERR,ERR,ERR,ERR,ERR,ERR,ERR,ERR,ERR,ERR,ERR,ERR,ERR,ERR,ERR,ERR,ERR,ERR,ERR,ERR,ERR,ERR,ERR,ERR,ERR,ERR,ERR,ERR,ERR,ERR,ERR,ERR,ERR,ERR,ERR,ERR,ERR,ERR,ERR,ERR,ERR,ERR,ERR,ERR,ERR,ERR,ERR,ERR,ERR,ERR,ERR,ERR,ERR,ERR,ERR,ERR,ERR,ERR,ERR,ERR,ERR,ERR,ERR,ERR,ERR,ERR,ERR,ERR,ERR,ERR,ERR,ERR,ERR,ERR,ERR,ERR,ERR,ERR,ERR,ERR,ERR,ERR,ERR,ERR,ERR,ERR,ERR,ERR,ERR,ERR,ERR,ERR,ERR,ERR,ERR,ERR,ERR,ERR,ERR,ERR,ERR,ERR,2.718428759860196e+23,0.0,-0.0,0.0,0.0,1.3936040501711995e+18,7.805,0.0,0,0,4,0,8422,0.0,45,0.0,0.0,0.0,0.0,0.0,0,0,0,0,0.0,0,0,0,0,0,0,0,0,0,0,0,0,0,0,0,0,0,0,0,0,0,0,0,0,0,0,0,0,0,0,0,0,0,38,14,7,45,65476,0,300,0,0,8,21553,0.0,-107605600.0,0.0,0.0,0.0,0.0,0.0,0.0,0.0,0.0,0.0,0.0,0.0,0.0,0.0,0.0,0.0,0.0,0.0,0.0,0.0,0.0,0.0,2.004,-2.004,2.004,0.0,0.0,0.0,0.0,5014.0,-564145833377792.0,0.0,0.0,0.0,0.0,-107615304.0,0.0,0.0,0.0,0.0,53,-0.0,-71.629,0.0,0.0,0.0,0.0,0.0,0.0,0.0,0,0,0,0.0,0.0,0.0,0.0,0.0,0.0,0.0,0.0,0.0,0.0,0.0,0.0,0.0,0.0,0.0,0.0,0,-107875648.0,53,0.0,106,-107614832.0,2.7006707062415038e+23,ERR,ERR,ERR,ERR,ERR,ERR,ERR,ERR,ERR,ERR,ERR,ERR,ERR,ERR,ERR,ERR,ERR,ERR,ERR,ERR,ERR,ERR,ERR,ERR,ERR,ERR,ERR,ERR,ERR,ERR,ERR,ERR,ERR,ERR,ERR,ERR,ERR,ERR,ERR,ERR,ERR,ERR,ERR,ERR,ERR,ERR,ERR,ERR,ERR,ERR,ERR,ERR,ERR,ERR,ERR,ERR,ERR,ERR,ERR,ERR,ERR,ERR,ERR,ERR,ERR,ERR,ERR,50.0,60.0,100,0.0,0.0,0.0,0.0,0.0,0.0,0.0,0.0,0.0,0.0,0.0,0.0,0.0,0.0,0.0,0.0,61.6,77,11,65509,50,65476,0,300,0,0,8,20529,65476,0,0,26214,60.0,0.0,0.0,0.0,0.0,0.0
2026-05-17T16:59:10,ERR,ERR,ERR,ERR,ERR,ERR,ERR,ERR,ERR,ERR,ERR,ERR,ERR,ERR,ERR,ERR,ERR,ERR,ERR,ERR,ERR,ERR,ERR,ERR,ERR,ERR,ERR,ERR,ERR,ERR,ERR,ERR,ERR,ERR,ERR,ERR,ERR,ERR,ERR,ERR,ERR,ERR,ERR,ERR,ERR,ERR,ERR,ERR,ERR,ERR,ERR,ERR,ERR,ERR,ERR,ERR,ERR,ERR,ERR,ERR,ERR,ERR,ERR,ERR,ERR,ERR,ERR,ERR,ERR,ERR,ERR,ERR,ERR,ERR,ERR,ERR,ERR,ERR,ERR,ERR,ERR,ERR,ERR,ERR,ERR,ERR,ERR,ERR,ERR,ERR,ERR,ERR,ERR,ERR,ERR,ERR,ERR,ERR,ERR,ERR,ERR,ERR,ERR,ERR,ERR,ERR,ERR,ERR,ERR,ERR,ERR,ERR,ERR,ERR,ERR,ERR,ERR,ERR,ERR,ERR,ERR,ERR,ERR,ERR,ERR,0.0,0.0,-134474944.0,0.0,0.0,1.3936040501711995e+18,7.805,0.0,0,0,4,0,8422,0.0,45,0.0,0.0,0.0,0.0,0.0,0,0,0,0,0.0,0,0,0,0,0,0,0,0,0,0,0,0,0,0,0,0,0,0,0,0,0,0,0,0,0,0,0,0,0,0,0,0,0,38,14,7,45,65476,0,300,0,0,8,21553,0.0,-107605600.0,0.0,0.0,0.0,0.0,0.0,0.0,0.0,0.0,0.0,0.0,0.0,0.0,0.0,0.0,0.0,0.0,0.0,0.0,0.0,0.0,0.0,2.004,-2.004,2.004,0.0,0.0,0.0,0.0,5048.0,0.0,0.0,0.0,0.0,0.0,-107615304.0,0.0,0.0,0.0,0.0,53,-0.0,0.0,0.0,0.0,0.0,0.0,0.0,0.0,0.0,0,0,0,0.0,0.0,0.0,0.0,0.0,0.0,0.0,0.0,0.0,0.0,0.0,0.0,0.0,0.0,0.0,0.0,0,-107875648.0,53,0.0,106,-107614832.0,2.7006707062415038e+23,ERR,ERR,ERR,ERR,ERR,ERR,ERR,ERR,ERR,ERR,ERR,ERR,ERR,ERR,ERR,ERR,ERR,ERR,ERR,ERR,ERR,ERR,ERR,ERR,ERR,ERR,ERR,ERR,ERR,ERR,ERR,ERR,ERR,ERR,ERR,ERR,ERR,ERR,ERR,ERR,ERR,ERR,ERR,ERR,ERR,ERR,ERR,ERR,ERR,ERR,ERR,ERR,ERR,ERR,ERR,ERR,ERR,ERR,ERR,ERR,ERR,ERR,ERR,ERR,ERR,ERR,ERR,50.0,60.0,100,0.0,0.0,0.0,0.0,0.0,0.0,0.0,0.0,0.0,0.0,0.0,0.0,0.0,0.0,0.0,0.0,61.6,77,11,65509,50,65476,0,300,0,0,8,20529,65476,0,0,26214,60.0,0.0,0.0,0.0,0.0,0.0
2026-05-17T16:59:11,ERR,ERR,ERR,ERR,ERR,ERR,ERR,ERR,ERR,ERR,ERR,ERR,ERR,ERR,ERR,ERR,ERR,ERR,ERR,ERR,ERR,ERR,ERR,ERR,ERR,ERR,ERR,ERR,ERR,ERR,ERR,ERR,ERR,ERR,ERR,ERR,ERR,ERR,ERR,ERR,ERR,ERR,ERR,ERR,ERR,ERR,ERR,ERR,ERR,ERR,ERR,ERR,ERR,ERR,ERR,ERR,ERR,ERR,ERR,ERR,ERR,ERR,ERR,ERR,ERR,ERR,ERR,ERR,ERR,ERR,ERR,ERR,ERR,ERR,ERR,ERR,ERR,ERR,ERR,ERR,ERR,ERR,ERR,ERR,ERR,ERR,ERR,ERR,ERR,ERR,ERR,ERR,ERR,ERR,ERR,ERR,ERR,ERR,ERR,ERR,ERR,ERR,ERR,ERR,ERR,ERR,ERR,ERR,ERR,ERR,ERR,ERR,ERR,ERR,ERR,ERR,ERR,ERR,ERR,ERR,ERR,ERR,ERR,ERR,ERR,0.0,0.0,-134474944.0,0.0,0.0,1.3936040501711995e+18,7.805,0.0,0,0,4,0,8422,0.0,45,0.0,0.0,0.0,0.0,0.0,0,0,0,0,0.0,0,0,0,0,0,0,0,0,0,0,0,0,0,0,0,0,0,0,0,0,0,0,0,0,0,0,0,0,0,0,0,0,0,38,14,7,45,65476,0,300,0,0,8,21553,0.0,-107605600.0,0.0,0.0,0.0,0.0,0.0,0.0,0.0,0.0,0.0,0.0,0.0,0.0,0.0,0.0,0.0,0.0,0.0,0.0,0.0,0.0,0.0,2.004,-2.004,2.004,0.0,0.0,0.0,0.0,5048.0,0.0,0.0,0.0,0.0,0.0,-107615304.0,0.0,0.0,0.0,0.0,53,-0.0,0.0,0.0,0.0,0.0,0.0,0.0,0.0,0.0,0,0,0,0.0,0.0,0.0,0.0,0.0,0.0,0.0,0.0,0.0,0.0,0.0,0.0,0.0,0.0,0.0,0.0,0,-107875648.0,53,0.0,106,-107614832.0,2.7006707062415038e+23,ERR,ERR,ERR,ERR,ERR,ERR,ERR,ERR,ERR,ERR,ERR,ERR,ERR,ERR,ERR,ERR,ERR,ERR,ERR,ERR,ERR,ERR,ERR,ERR,ERR,ERR,ERR,ERR,ERR,ERR,ERR,ERR,ERR,ERR,ERR,ERR,ERR,ERR,ERR,ERR,ERR,ERR,ERR,ERR,ERR,ERR,ERR,ERR,ERR,ERR,ERR,ERR,ERR,ERR,ERR,ERR,ERR,ERR,ERR,ERR,ERR,ERR,ERR,ERR,ERR,ERR,ERR,50.0,60.0,100,0.0,0.0,0.0,0.0,0.0,0.0,0.0,0.0,0.0,0.0,0.0,0.0,0.0,0.0,0.0,0.0,61.6,77,11,65509,50,65476,0,300,0,0,8,20529,65476,0,0,26214,60.0,0.0,0.0,0.0,0.0,0.0
2026-05-17T16:59:12,ERR,ERR,ERR,ERR,ERR,ERR,ERR,ERR,ERR,ERR,ERR,ERR,ERR,ERR,ERR,ERR,ERR,ERR,ERR,ERR,ERR,ERR,ERR,ERR,ERR,ERR,ERR,ERR,ERR,ERR,ERR,ERR,ERR,ERR,ERR,ERR,ERR,ERR,ERR,ERR,ERR,ERR,ERR,ERR,ERR,ERR,ERR,ERR,ERR,ERR,ERR,ERR,ERR,ERR,ERR,ERR,ERR,ERR,ERR,ERR,ERR,ERR,ERR,ERR,ERR,ERR,ERR,ERR,ERR,ERR,ERR,ERR,ERR,ERR,ERR,ERR,ERR,ERR,ERR,ERR,ERR,ERR,ERR,ERR,ERR,ERR,ERR,ERR,ERR,ERR,ERR,ERR,ERR,ERR,ERR,ERR,ERR,ERR,ERR,ERR,ERR,ERR,ERR,ERR,ERR,ERR,ERR,ERR,ERR,ERR,ERR,ERR,ERR,ERR,ERR,ERR,ERR,ERR,ERR,ERR,ERR,ERR,ERR,ERR,ERR,0.0,0.0,-134474944.0,0.0,0.0,1.3936040501711995e+18,7.805,0.0,0,0,4,0,8422,0.0,45,0.0,0.0,0.0,0.0,0.0,0,0,0,0,0.0,0,0,0,0,0,0,0,0,0,0,0,0,0,0,0,0,0,0,0,0,0,0,0,0,0,0,0,0,0,0,0,0,0,38,14,7,45,65476,0,300,0,0,8,21553,0.0,-107605600.0,0.0,0.0,0.0,0.0,0.0,0.0,0.0,0.0,0.0,0.0,0.0,0.0,0.0,0.0,0.0,0.0,0.0,0.0,0.0,0.0,0.0,2.004,-2.004,2.004,0.0,0.0,0.0,0.0,5048.0,0.0,0.0,0.0,0.0,0.0,-107615304.0,0.0,0.0,0.0,0.0,53,-0.0,0.0,0.0,0.0,0.0,0.0,0.0,0.0,0.0,0,0,0,0.0,0.0,0.0,0.0,0.0,0.0,0.0,0.0,0.0,0.0,0.0,0.0,0.0,0.0,0.0,0.0,0,-107875648.0,53,0.0,106,-107614832.0,2.7006707062415038e+23,ERR,ERR,ERR,ERR,ERR,ERR,ERR,ERR,ERR,ERR,ERR,ERR,ERR,ERR,ERR,ERR,ERR,ERR,ERR,ERR,ERR,ERR,ERR,ERR,ERR,ERR,ERR,ERR,ERR,ERR,ERR,ERR,ERR,ERR,ERR,ERR,ERR,ERR,ERR,ERR,ERR,ERR,ERR,ERR,ERR,ERR,ERR,ERR,ERR,ERR,ERR,ERR,ERR,ERR,ERR,ERR,ERR,ERR,ERR,ERR,ERR,ERR,ERR,ERR,ERR,ERR,ERR,50.0,60.0,100,0.0,0.0,0.0,0.0,0.0,0.0,0.0,0.0,0.0,0.0,0.0,0.0,0.0,0.0,0.0,0.0,61.6,77,11,65509,50,65476,0,300,0,0,8,20529,65476,0,0,26214,60.0,0.0,0.0,0.0,0.0,0.0
2026-05-17T16:59:13,ERR,ERR,ERR,ERR,ERR,ERR,ERR,ERR,ERR,ERR,ERR,ERR,ERR,ERR,ERR,ERR,ERR,ERR,ERR,ERR,ERR,ERR,ERR,ERR,ERR,ERR,ERR,ERR,ERR,ERR,ERR,ERR,ERR,ERR,ERR,ERR,ERR,ERR,ERR,ERR,ERR,ERR,ERR,ERR,ERR,ERR,ERR,ERR,ERR,ERR,ERR,ERR,ERR,ERR,ERR,ERR,ERR,ERR,ERR,ERR,ERR,ERR,ERR,ERR,ERR,ERR,ERR,ERR,ERR,ERR,ERR,ERR,ERR,ERR,ERR,ERR,ERR,ERR,ERR,ERR,ERR,ERR,ERR,ERR,ERR,ERR,ERR,ERR,ERR,ERR,ERR,ERR,ERR,ERR,ERR,ERR,ERR,ERR,ERR,ERR,ERR,ERR,ERR,ERR,ERR,ERR,ERR,ERR,ERR,ERR,ERR,ERR,ERR,ERR,ERR,ERR,ERR,ERR,ERR,ERR,ERR,ERR,ERR,ERR,ERR,0.0,0.0,-134474944.0,0.0,0.0,1.3936040501711995e+18,7.805,0.0,0,0,4,0,8422,0.0,45,0.0,0.0,0.0,0.0,0.0,0,0,0,0,0.0,0,0,0,0,0,0,0,0,0,0,0,0,0,0,0,0,0,0,0,0,0,0,0,0,0,0,0,0,0,0,0,0,0,38,14,7,45,65476,0,300,0,0,8,21553,0.0,-107605600.0,0.0,0.0,0.0,0.0,0.0,0.0,0.0,0.0,0.0,0.0,0.0,0.0,0.0,0.0,0.0,0.0,0.0,0.0,0.0,0.0,0.0,2.004,-2.004,2.004,0.0,0.0,0.0,0.0,5048.0,0.0,0.0,0.0,0.0,0.0,-107615304.0,0.0,0.0,0.0,0.0,53,-0.0,0.0,0.0,0.0,0.0,0.0,0.0,0.0,0.0,0,0,0,0.0,0.0,0.0,0.0,0.0,0.0,0.0,0.0,0.0,0.0,0.0,0.0,0.0,0.0,0.0,0.0,0,-107875648.0,53,0.0,106,-107614832.0,2.7006707062415038e+23,ERR,ERR,ERR,ERR,ERR,ERR,ERR,ERR,ERR,ERR,ERR,ERR,ERR,ERR,ERR,ERR,ERR,ERR,ERR,ERR,ERR,ERR,ERR,ERR,ERR,ERR,ERR,ERR,ERR,ERR,ERR,ERR,ERR,ERR,ERR,ERR,ERR,ERR,ERR,ERR,ERR,ERR,ERR,ERR,ERR,ERR,ERR,ERR,ERR,ERR,ERR,ERR,ERR,ERR,ERR,ERR,ERR,ERR,ERR,ERR,ERR,ERR,ERR,ERR,ERR,ERR,ERR,50.0,60.0,100,0.0,0.0,0.0,0.0,0.0,0.0,0.0,0.0,0.0,0.0,0.0,0.0,0.0,0.0,0.0,0.0,61.6,77,11,65509,50,65476,0,300,0,0,8,20529,65476,0,0,26214,60.0,0.0,0.0,0.0,0.0,0.0
2026-05-17T16:59:14,ERR,ERR,ERR,ERR,ERR,ERR,ERR,ERR,ERR,ERR,ERR,ERR,ERR,ERR,ERR,ERR,ERR,ERR,ERR,ERR,ERR,ERR,ERR,ERR,ERR,ERR,ERR,ERR,ERR,ERR,ERR,ERR,ERR,ERR,ERR,ERR,ERR,ERR,ERR,ERR,ERR,ERR,ERR,ERR,ERR,ERR,ERR,ERR,ERR,ERR,ERR,ERR,ERR,ERR,ERR,ERR,ERR,ERR,ERR,ERR,ERR,ERR,ERR,ERR,ERR,ERR,ERR,ERR,ERR,ERR,ERR,ERR,ERR,ERR,ERR,ERR,ERR,ERR,ERR,ERR,ERR,ERR,ERR,ERR,ERR,ERR,ERR,ERR,ERR,ERR,ERR,ERR,ERR,ERR,ERR,ERR,ERR,ERR,ERR,ERR,ERR,ERR,ERR,ERR,ERR,ERR,ERR,ERR,ERR,ERR,ERR,ERR,ERR,ERR,ERR,ERR,ERR,ERR,ERR,ERR,ERR,ERR,ERR,ERR,ERR,0.0,0.0,-134474944.0,0.0,0.0,1.3936040501711995e+18,7.805,0.0,0,0,4,0,8422,0.0,45,0.0,0.0,0.0,0.0,0.0,0,0,0,0,0.0,0,0,0,0,0,0,0,0,0,0,0,0,0,0,0,0,0,0,0,0,0,0,0,0,0,0,0,0,0,0,0,0,0,38,14,7,45,65476,0,300,0,0,8,21553,0.0,-107605600.0,0.0,0.0,0.0,0.0,0.0,0.0,0.0,0.0,0.0,0.0,0.0,0.0,0.0,0.0,0.0,0.0,0.0,0.0,0.0,0.0,0.0,2.004,-2.004,2.004,0.0,0.0,0.0,0.0,5048.0,0.0,0.0,0.0,0.0,0.0,-107615304.0,0.0,0.0,0.0,0.0,53,-0.0,0.0,0.0,0.0,0.0,0.0,0.0,0.0,0.0,0,0,0,0.0,0.0,0.0,0.0,0.0,0.0,0.0,0.0,0.0,0.0,0.0,0.0,0.0,0.0,0.0,0.0,0,-107875648.0,53,0.0,106,-107614832.0,2.7006707062415038e+23,ERR,ERR,ERR,ERR,ERR,ERR,ERR,ERR,ERR,ERR,ERR,ERR,ERR,ERR,ERR,ERR,ERR,ERR,ERR,ERR,ERR,ERR,ERR,ERR,ERR,ERR,ERR,ERR,ERR,ERR,ERR,ERR,ERR,ERR,ERR,ERR,ERR,ERR,ERR,ERR,ERR,ERR,ERR,ERR,ERR,ERR,ERR,ERR,ERR,ERR,ERR,ERR,ERR,ERR,ERR,ERR,ERR,ERR,ERR,ERR,ERR,ERR,ERR,ERR,ERR,ERR,ERR,50.0,60.0,100,0.0,0.0,0.0,0.0,0.0,0.0,0.0,0.0,0.0,0.0,0.0,0.0,0.0,0.0,0.0,0.0,61.6,77,11,65509,50,65476,0,300,0,0,8,20529,65476,0,0,26214,60.0,0.0,0.0,0.0,0.0,0.0
2026-05-17T16:59:15,ERR,ERR,ERR,ERR,ERR,ERR,ERR,ERR,ERR,ERR,ERR,ERR,ERR,ERR,ERR,ERR,ERR,ERR,ERR,ERR,ERR,ERR,ERR,ERR,ERR,ERR,ERR,ERR,ERR,ERR,ERR,ERR,ERR,ERR,ERR,ERR,ERR,ERR,ERR,ERR,ERR,ERR,ERR,ERR,ERR,ERR,ERR,ERR,ERR,ERR,ERR,ERR,ERR,ERR,ERR,ERR,ERR,ERR,ERR,ERR,ERR,ERR,ERR,ERR,ERR,ERR,ERR,ERR,ERR,ERR,ERR,ERR,ERR,ERR,ERR,ERR,ERR,ERR,ERR,ERR,ERR,ERR,ERR,ERR,ERR,ERR,ERR,ERR,ERR,ERR,ERR,ERR,ERR,ERR,ERR,ERR,ERR,ERR,ERR,ERR,ERR,ERR,ERR,ERR,ERR,ERR,ERR,ERR,ERR,ERR,ERR,ERR,ERR,ERR,ERR,ERR,ERR,ERR,ERR,ERR,ERR,ERR,ERR,ERR,ERR,0.0,0.0,0.0,0.0,0.0,1.3936040501711995e+18,7.805,0.0,0,0,4,0,8422,0.0,45,0.0,0.0,0.0,0.0,0.0,0,0,0,0,0.0,0,0,0,0,0,0,0,0,0,0,0,0,0,0,0,0,0,0,0,0,0,0,0,0,0,0,0,0,0,0,0,0,0,38,14,7,45,65476,0,300,0,0,8,21553,0.0,-107605600.0,0.0,0.0,0.0,0.0,0.0,0.0,0.0,0.0,0.0,0.0,0.0,0.0,0.0,0.0,0.0,0.0,0.0,0.0,0.0,0.0,0.0,0.0,-2.004,2.004,0.0,0.0,0.0,0.0,5046.0,2.422988192762658e+24,0.0,0.0,0.0,0.0,-107615304.0,0.0,0.0,0.0,0.0,53,-0.0,5.848056079300204e+35,0.0,0.0,0.0,0.0,0.0,0.0,0.0,0,0,0,0.0,0.0,0.0,0.0,0.0,0.0,0.0,0.0,0.0,0.0,0.0,0.0,0.0,0.0,0.0,0.0,0,-107875648.0,53,0.0,106,-107614832.0,2.7006707062415038e+23,ERR,ERR,ERR,ERR,ERR,ERR,ERR,ERR,ERR,ERR,ERR,ERR,ERR,ERR,ERR,ERR,ERR,ERR,ERR,ERR,ERR,ERR,ERR,ERR,ERR,ERR,ERR,ERR,ERR,ERR,ERR,ERR,ERR,ERR,ERR,ERR,ERR,ERR,ERR,ERR,ERR,ERR,ERR,ERR,ERR,ERR,ERR,ERR,ERR,ERR,ERR,ERR,ERR,ERR,ERR,ERR,ERR,ERR,ERR,ERR,ERR,ERR,ERR,ERR,ERR,ERR,ERR,50.0,60.0,100,0.0,0.0,0.0,0.0,0.0,0.0,0.0,0.0,0.0,0.0,0.0,0.0,0.0,0.0,0.0,0.0,61.6,77,11,65509,50,65476,0,300,0,0,8,20529,65476,0,0,26214,60.0,0.0,0.0,0.0,0.0,0.0
2026-05-17T16:59:16,ERR,ERR,ERR,ERR,ERR,ERR,ERR,ERR,ERR,ERR,ERR,ERR,ERR,ERR,ERR,ERR,ERR,ERR,ERR,ERR,ERR,ERR,ERR,ERR,ERR,ERR,ERR,ERR,ERR,ERR,ERR,ERR,ERR,ERR,ERR,ERR,ERR,ERR,ERR,ERR,ERR,ERR,ERR,ERR,ERR,ERR,ERR,ERR,ERR,ERR,ERR,ERR,ERR,ERR,ERR,ERR,ERR,ERR,ERR,ERR,ERR,ERR,ERR,ERR,ERR,ERR,ERR,ERR,ERR,ERR,ERR,ERR,ERR,ERR,ERR,ERR,ERR,ERR,ERR,ERR,ERR,ERR,ERR,ERR,ERR,ERR,ERR,ERR,ERR,ERR,ERR,ERR,ERR,ERR,ERR,ERR,ERR,ERR,ERR,ERR,ERR,ERR,ERR,ERR,ERR,ERR,ERR,ERR,ERR,ERR,ERR,ERR,ERR,ERR,ERR,ERR,ERR,ERR,ERR,ERR,ERR,ERR,ERR,ERR,ERR,0.0,0.0,0.0,0.0,0.0,1.3936040501711995e+18,7.805,0.0,0,0,4,0,8422,0.0,45,0.0,0.0,0.0,0.0,0.0,0,0,0,0,0.0,0,0,0,0,0,0,0,0,0,0,0,0,0,0,0,0,0,0,0,0,0,0,0,0,0,0,0,0,0,0,0,0,0,38,14,7,45,65476,0,300,0,0,8,21553,0.0,-107605600.0,0.0,0.0,0.0,0.0,0.0,0.0,0.0,0.0,0.0,0.0,0.0,0.0,0.0,0.0,0.0,0.0,0.0,0.0,0.0,0.0,0.0,0.0,-2.004,2.004,0.0,0.0,0.0,0.0,5046.0,2.422988192762658e+24,0.0,0.0,0.0,0.0,-107615304.0,0.0,0.0,0.0,0.0,53,-0.0,5.848056079300204e+35,0.0,0.0,0.0,0.0,0.0,0.0,0.0,0,0,0,0.0,0.0,0.0,0.0,0.0,0.0,0.0,0.0,0.0,0.0,0.0,0.0,0.0,0.0,0.0,0.0,0,-107875648.0,53,0.0,106,-107614832.0,2.7006707062415038e+23,ERR,ERR,ERR,ERR,ERR,ERR,ERR,ERR,ERR,ERR,ERR,ERR,ERR,ERR,ERR,ERR,ERR,ERR,ERR,ERR,ERR,ERR,ERR,ERR,ERR,ERR,ERR,ERR,ERR,ERR,ERR,ERR,ERR,ERR,ERR,ERR,ERR,ERR,ERR,ERR,ERR,ERR,ERR,ERR,ERR,ERR,ERR,ERR,ERR,ERR,ERR,ERR,ERR,ERR,ERR,ERR,ERR,ERR,ERR,ERR,ERR,ERR,ERR,ERR,ERR,ERR,ERR,50.0,60.0,100,0.0,0.0,0.0,0.0,0.0,0.0,0.0,0.0,0.0,0.0,0.0,0.0,0.0,0.0,0.0,0.0,62.0,77,11,65509,50,65476,0,300,0,0,8,20529,65476,0,0,26214,60.0,0.0,0.0,0.0,0.0,0.0
2026-05-17T16:59:17,ERR,ERR,ERR,ERR,ERR,ERR,ERR,ERR,ERR,ERR,ERR,ERR,ERR,ERR,ERR,ERR,ERR,ERR,ERR,ERR,ERR,ERR,ERR,ERR,ERR,ERR,ERR,ERR,ERR,ERR,ERR,ERR,ERR,ERR,ERR,ERR,ERR,ERR,ERR,ERR,ERR,ERR,ERR,ERR,ERR,ERR,ERR,ERR,ERR,ERR,ERR,ERR,ERR,ERR,ERR,ERR,ERR,ERR,ERR,ERR,ERR,ERR,ERR,ERR,ERR,ERR,ERR,ERR,ERR,ERR,ERR,ERR,ERR,ERR,ERR,ERR,ERR,ERR,ERR,ERR,ERR,ERR,ERR,ERR,ERR,ERR,ERR,ERR,ERR,ERR,ERR,ERR,ERR,ERR,ERR,ERR,ERR,ERR,ERR,ERR,ERR,ERR,ERR,ERR,ERR,ERR,ERR,ERR,ERR,ERR,ERR,ERR,ERR,ERR,ERR,ERR,ERR,ERR,ERR,ERR,ERR,ERR,ERR,ERR,ERR,0.0,0.0,0.0,0.0,0.0,1.3936040501711995e+18,7.805,0.0,0,0,4,0,8422,0.0,45,0.0,0.0,0.0,0.0,0.0,0,0,0,0,0.0,0,0,0,0,0,0,0,0,0,0,0,0,0,0,0,0,0,0,0,0,0,0,0,0,0,0,0,0,0,0,0,0,0,38,14,7,45,65476,0,300,0,0,8,21553,0.0,-107605600.0,0.0,0.0,0.0,0.0,0.0,0.0,0.0,0.0,0.0,0.0,0.0,0.0,0.0,0.0,0.0,0.0,0.0,0.0,0.0,0.0,0.0,0.0,-2.004,2.004,0.0,0.0,0.0,0.0,5046.0,2.422988192762658e+24,0.0,0.0,0.0,0.0,-107615304.0,0.0,0.0,0.0,0.0,53,-0.0,5.848056079300204e+35,0.0,0.0,0.0,0.0,0.0,0.0,0.0,0,0,0,0.0,0.0,0.0,0.0,0.0,0.0,0.0,0.0,0.0,0.0,0.0,0.0,0.0,0.0,0.0,0.0,0,-107875648.0,53,0.0,106,-107614832.0,2.7006707062415038e+23,ERR,ERR,ERR,ERR,ERR,ERR,ERR,ERR,ERR,ERR,ERR,ERR,ERR,ERR,ERR,ERR,ERR,ERR,ERR,ERR,ERR,ERR,ERR,ERR,ERR,ERR,ERR,ERR,ERR,ERR,ERR,ERR,ERR,ERR,ERR,ERR,ERR,ERR,ERR,ERR,ERR,ERR,ERR,ERR,ERR,ERR,ERR,ERR,ERR,ERR,ERR,ERR,ERR,ERR,ERR,ERR,ERR,ERR,ERR,ERR,ERR,ERR,ERR,ERR,ERR,ERR,ERR,50.0,60.0,100,0.0,0.0,0.0,0.0,0.0,0.0,0.0,0.0,0.0,0.0,0.0,0.0,0.0,0.0,0.0,0.0,62.0,77,11,65509,50,65476,0,300,0,0,8,20529,65476,0,0,26214,60.0,0.0,0.0,0.0,0.0,0.0
2026-05-17T16:59:18,ERR,ERR,ERR,ERR,ERR,ERR,ERR,ERR,ERR,ERR,ERR,ERR,ERR,ERR,ERR,ERR,ERR,ERR,ERR,ERR,ERR,ERR,ERR,ERR,ERR,ERR,ERR,ERR,ERR,ERR,ERR,ERR,ERR,ERR,ERR,ERR,ERR,ERR,ERR,ERR,ERR,ERR,ERR,ERR,ERR,ERR,ERR,ERR,ERR,ERR,ERR,ERR,ERR,ERR,ERR,ERR,ERR,ERR,ERR,ERR,ERR,ERR,ERR,ERR,ERR,ERR,ERR,ERR,ERR,ERR,ERR,ERR,ERR,ERR,ERR,ERR,ERR,ERR,ERR,ERR,ERR,ERR,ERR,ERR,ERR,ERR,ERR,ERR,ERR,ERR,ERR,ERR,ERR,ERR,ERR,ERR,ERR,ERR,ERR,ERR,ERR,ERR,ERR,ERR,ERR,ERR,ERR,ERR,ERR,ERR,ERR,ERR,ERR,ERR,ERR,ERR,ERR,ERR,ERR,ERR,ERR,ERR,ERR,ERR,ERR,0.0,0.0,0.0,0.0,0.0,1.3936040501711995e+18,7.805,0.0,0,0,4,0,8422,0.0,45,0.0,0.0,0.0,0.0,0.0,0,0,0,0,0.0,0,0,0,0,0,0,0,0,0,0,0,0,0,0,0,0,0,0,0,0,0,0,0,0,0,0,0,0,0,0,0,0,0,38,14,7,45,65476,0,300,0,0,8,21553,0.0,-107605600.0,0.0,0.0,0.0,0.0,0.0,0.0,0.0,0.0,0.0,0.0,0.0,0.0,0.0,0.0,0.0,0.0,0.0,0.0,0.0,0.0,0.0,0.0,-2.004,2.004,0.0,0.0,0.0,0.0,5046.0,2.422988192762658e+24,0.0,0.0,0.0,0.0,-107615304.0,0.0,0.0,0.0,0.0,53,-0.0,5.848056079300204e+35,0.0,0.0,0.0,0.0,0.0,0.0,0.0,0,0,0,0.0,0.0,0.0,0.0,0.0,0.0,0.0,0.0,0.0,0.0,0.0,0.0,0.0,0.0,0.0,0.0,0,-107875648.0,53,0.0,106,-107614832.0,2.7006707062415038e+23,ERR,ERR,ERR,ERR,ERR,ERR,ERR,ERR,ERR,ERR,ERR,ERR,ERR,ERR,ERR,ERR,ERR,ERR,ERR,ERR,ERR,ERR,ERR,ERR,ERR,ERR,ERR,ERR,ERR,ERR,ERR,ERR,ERR,ERR,ERR,ERR,ERR,ERR,ERR,ERR,ERR,ERR,ERR,ERR,ERR,ERR,ERR,ERR,ERR,ERR,ERR,ERR,ERR,ERR,ERR,ERR,ERR,ERR,ERR,ERR,ERR,ERR,ERR,ERR,ERR,ERR,ERR,50.0,60.0,100,0.0,0.0,0.0,0.0,0.0,0.0,0.0,0.0,0.0,0.0,0.0,0.0,0.0,0.0,0.0,0.0,61.6,77,11,65509,50,65476,0,300,0,0,8,20529,65476,0,0,26214,60.0,0.0,0.0,0.0,0.0,0.0
2026-05-17T16:59:19,ERR,ERR,ERR,ERR,ERR,ERR,ERR,ERR,ERR,ERR,ERR,ERR,ERR,ERR,ERR,ERR,ERR,ERR,ERR,ERR,ERR,ERR,ERR,ERR,ERR,ERR,ERR,ERR,ERR,ERR,ERR,ERR,ERR,ERR,ERR,ERR,ERR,ERR,ERR,ERR,ERR,ERR,ERR,ERR,ERR,ERR,ERR,ERR,ERR,ERR,ERR,ERR,ERR,ERR,ERR,ERR,ERR,ERR,ERR,ERR,ERR,ERR,ERR,ERR,ERR,ERR,ERR,ERR,ERR,ERR,ERR,ERR,ERR,ERR,ERR,ERR,ERR,ERR,ERR,ERR,ERR,ERR,ERR,ERR,ERR,ERR,ERR,ERR,ERR,ERR,ERR,ERR,ERR,ERR,ERR,ERR,ERR,ERR,ERR,ERR,ERR,ERR,ERR,ERR,ERR,ERR,ERR,ERR,ERR,ERR,ERR,ERR,ERR,ERR,ERR,ERR,ERR,ERR,ERR,ERR,ERR,ERR,ERR,ERR,ERR,0.0,0.0,0.0,0.0,0.0,1.3936040501711995e+18,7.805,0.0,0,0,4,0,8422,0.0,45,0.0,0.0,0.0,0.0,0.0,0,0,0,0,0.0,0,0,0,0,0,0,0,0,0,0,0,0,0,0,0,0,0,0,0,0,0,0,0,0,0,0,0,0,0,0,0,0,0,38,14,7,45,65476,0,300,0,0,8,21553,0.0,-107605600.0,0.0,0.0,0.0,0.0,0.0,0.0,0.0,0.0,0.0,0.0,0.0,0.0,0.0,0.0,0.0,0.0,0.0,0.0,0.0,0.0,0.0,0.0,-2.004,2.004,0.0,0.0,0.0,0.0,5046.0,2.422988192762658e+24,0.0,0.0,0.0,0.0,-107615304.0,0.0,0.0,0.0,0.0,53,-0.0,5.848056079300204e+35,0.0,0.0,0.0,0.0,0.0,0.0,0.0,0,0,0,0.0,0.0,0.0,0.0,0.0,0.0,0.0,0.0,0.0,0.0,0.0,0.0,0.0,0.0,0.0,0.0,0,-107875648.0,53,0.0,106,-107614832.0,2.7006707062415038e+23,ERR,ERR,ERR,ERR,ERR,ERR,ERR,ERR,ERR,ERR,ERR,ERR,ERR,ERR,ERR,ERR,ERR,ERR,ERR,ERR,ERR,ERR,ERR,ERR,ERR,ERR,ERR,ERR,ERR,ERR,ERR,ERR,ERR,ERR,ERR,ERR,ERR,ERR,ERR,ERR,ERR,ERR,ERR,ERR,ERR,ERR,ERR,ERR,ERR,ERR,ERR,ERR,ERR,ERR,ERR,ERR,ERR,ERR,ERR,ERR,ERR,ERR,ERR,ERR,ERR,ERR,ERR,50.0,60.0,100,0.0,0.0,0.0,0.0,0.0,0.0,0.0,0.0,0.0,0.0,0.0,0.0,0.0,0.0,0.0,0.0,61.6,77,11,65509,50,65476,0,300,0,0,8,20529,65476,0,0,26214,60.0,0.0,0.0,0.0,0.0,0.0
2026-05-17T16:59:20,ERR,ERR,ERR,ERR,ERR,ERR,ERR,ERR,ERR,ERR,ERR,ERR,ERR,ERR,ERR,ERR,ERR,ERR,ERR,ERR,ERR,ERR,ERR,ERR,ERR,ERR,ERR,ERR,ERR,ERR,ERR,ERR,ERR,ERR,ERR,ERR,ERR,ERR,ERR,ERR,ERR,ERR,ERR,ERR,ERR,ERR,ERR,ERR,ERR,ERR,ERR,ERR,ERR,ERR,ERR,ERR,ERR,ERR,ERR,ERR,ERR,ERR,ERR,ERR,ERR,ERR,ERR,ERR,ERR,ERR,ERR,ERR,ERR,ERR,ERR,ERR,ERR,ERR,ERR,ERR,ERR,ERR,ERR,ERR,ERR,ERR,ERR,ERR,ERR,ERR,ERR,ERR,ERR,ERR,ERR,ERR,ERR,ERR,ERR,ERR,ERR,ERR,ERR,ERR,ERR,ERR,ERR,ERR,ERR,ERR,ERR,ERR,ERR,ERR,ERR,ERR,ERR,ERR,ERR,ERR,ERR,ERR,ERR,ERR,ERR,0.0,0.0,0.0,0.0,0.0,1.3936040501711995e+18,7.805,0.0,0,0,4,0,8422,0.0,45,0.0,0.0,0.0,0.0,0.0,0,0,0,0,0.0,0,0,0,0,0,0,0,0,0,0,0,0,0,0,0,0,0,0,0,0,0,0,0,0,0,0,0,0,0,0,0,0,0,38,14,7,45,65476,0,300,0,0,8,21553,0.0,-107605600.0,0.0,0.0,0.0,0.0,0.0,0.0,0.0,0.0,0.0,0.0,0.0,0.0,0.0,0.0,0.0,0.0,0.0,0.0,0.0,0.0,0.0,0.0,-2.004,2.004,0.0,0.0,0.0,0.0,5015.0,-564145833377792.0,0.0,0.0,0.0,0.0,-107615304.0,0.0,0.0,0.0,0.0,53,-0.0,-71.629,0.0,0.0,0.0,0.0,0.0,0.0,0.0,0,0,0,0.0,0.0,0.0,0.0,0.0,0.0,0.0,0.0,0.0,0.0,0.0,0.0,0.0,0.0,0.0,0.0,0,-107875648.0,53,0.0,106,-107614832.0,2.7006707062415038e+23,ERR,ERR,ERR,ERR,ERR,ERR,ERR,ERR,ERR,ERR,ERR,ERR,ERR,ERR,ERR,ERR,ERR,ERR,ERR,ERR,ERR,ERR,ERR,ERR,ERR,ERR,ERR,ERR,ERR,ERR,ERR,ERR,ERR,ERR,ERR,ERR,ERR,ERR,ERR,ERR,ERR,ERR,ERR,ERR,ERR,ERR,ERR,ERR,ERR,ERR,ERR,ERR,ERR,ERR,ERR,ERR,ERR,ERR,ERR,ERR,ERR,ERR,ERR,ERR,ERR,ERR,ERR,50.0,60.0,100,0.0,0.0,0.0,0.0,0.0,0.0,0.0,0.0,0.0,0.0,0.0,0.0,0.0,0.0,0.0,0.0,61.6,77,11,65509,50,65476,0,300,0,0,8,20529,65476,0,0,26214,60.0,0.0,0.0,0.0,0.0,0.0
2026-05-17T16:59:21,ERR,ERR,ERR,ERR,ERR,ERR,ERR,ERR,ERR,ERR,ERR,ERR,ERR,ERR,ERR,ERR,ERR,ERR,ERR,ERR,ERR,ERR,ERR,ERR,ERR,ERR,ERR,ERR,ERR,ERR,ERR,ERR,ERR,ERR,ERR,ERR,ERR,ERR,ERR,ERR,ERR,ERR,ERR,ERR,ERR,ERR,ERR,ERR,ERR,ERR,ERR,ERR,ERR,ERR,ERR,ERR,ERR,ERR,ERR,ERR,ERR,ERR,ERR,ERR,ERR,ERR,ERR,ERR,ERR,ERR,ERR,ERR,ERR,ERR,ERR,ERR,ERR,ERR,ERR,ERR,ERR,ERR,ERR,ERR,ERR,ERR,ERR,ERR,ERR,ERR,ERR,ERR,ERR,ERR,ERR,ERR,ERR,ERR,ERR,ERR,ERR,ERR,ERR,ERR,ERR,ERR,ERR,ERR,ERR,ERR,ERR,ERR,ERR,ERR,ERR,ERR,ERR,ERR,ERR,ERR,ERR,ERR,ERR,ERR,ERR,0.0,0.0,0.0,0.0,0.0,1.3936040501711995e+18,7.805,0.0,0,0,4,0,8422,0.0,45,0.0,0.0,0.0,0.0,0.0,0,0,0,0,0.0,0,0,0,0,0,0,0,0,0,0,0,0,0,0,0,0,0,0,0,0,0,0,0,0,0,0,0,0,0,0,0,0,0,38,14,7,45,65476,0,300,0,0,8,21553,0.0,-107605600.0,0.0,0.0,0.0,0.0,0.0,0.0,0.0,0.0,0.0,0.0,0.0,0.0,0.0,0.0,0.0,0.0,0.0,0.0,0.0,0.0,0.0,0.0,-2.004,2.004,0.0,0.0,0.0,0.0,5015.0,-564145833377792.0,0.0,0.0,0.0,0.0,-107615304.0,0.0,0.0,0.0,0.0,53,-0.0,-71.629,0.0,0.0,0.0,0.0,0.0,0.0,0.0,0,0,0,0.0,0.0,0.0,0.0,0.0,0.0,0.0,0.0,0.0,0.0,0.0,0.0,0.0,0.0,0.0,0.0,0,-107875648.0,53,0.0,106,-107614832.0,2.7006707062415038e+23,ERR,ERR,ERR,ERR,ERR,ERR,ERR,ERR,ERR,ERR,ERR,ERR,ERR,ERR,ERR,ERR,ERR,ERR,ERR,ERR,ERR,ERR,ERR,ERR,ERR,ERR,ERR,ERR,ERR,ERR,ERR,ERR,ERR,ERR,ERR,ERR,ERR,ERR,ERR,ERR,ERR,ERR,ERR,ERR,ERR,ERR,ERR,ERR,ERR,ERR,ERR,ERR,ERR,ERR,ERR,ERR,ERR,ERR,ERR,ERR,ERR,ERR,ERR,ERR,ERR,ERR,ERR,50.0,60.0,100,0.0,0.0,0.0,0.0,0.0,0.0,0.0,0.0,0.0,0.0,0.0,0.0,0.0,0.0,0.0,0.0,61.6,77,11,65509,50,65476,0,300,0,0,8,20529,65476,0,0,26214,60.0,0.0,0.0,0.0,0.0,0.0
2026-05-17T16:59:22,ERR,ERR,ERR,ERR,ERR,ERR,ERR,ERR,ERR,ERR,ERR,ERR,ERR,ERR,ERR,ERR,ERR,ERR,ERR,ERR,ERR,ERR,ERR,ERR,ERR,ERR,ERR,ERR,ERR,ERR,ERR,ERR,ERR,ERR,ERR,ERR,ERR,ERR,ERR,ERR,ERR,ERR,ERR,ERR,ERR,ERR,ERR,ERR,ERR,ERR,ERR,ERR,ERR,ERR,ERR,ERR,ERR,ERR,ERR,ERR,ERR,ERR,ERR,ERR,ERR,ERR,ERR,ERR,ERR,ERR,ERR,ERR,ERR,ERR,ERR,ERR,ERR,ERR,ERR,ERR,ERR,ERR,ERR,ERR,ERR,ERR,ERR,ERR,ERR,ERR,ERR,ERR,ERR,ERR,ERR,ERR,ERR,ERR,ERR,ERR,ERR,ERR,ERR,ERR,ERR,ERR,ERR,ERR,ERR,ERR,ERR,ERR,ERR,ERR,ERR,ERR,ERR,ERR,ERR,ERR,ERR,ERR,ERR,ERR,ERR,0.0,0.0,0.0,0.0,0.0,1.3936040501711995e+18,7.805,0.0,0,0,4,0,8422,0.0,45,0.0,0.0,0.0,0.0,0.0,0,0,0,0,0.0,0,0,0,0,0,0,0,0,0,0,0,0,0,0,0,0,0,0,0,0,0,0,0,0,0,0,0,0,0,0,0,0,0,38,14,7,45,65476,0,300,0,0,8,21553,0.0,-107605600.0,0.0,0.0,0.0,0.0,0.0,0.0,0.0,0.0,0.0,0.0,0.0,0.0,0.0,0.0,0.0,0.0,0.0,0.0,0.0,0.0,0.0,0.0,-2.004,2.004,0.0,0.0,0.0,0.0,5015.0,-564145833377792.0,0.0,0.0,0.0,0.0,-107615304.0,0.0,0.0,0.0,0.0,53,-0.0,-71.629,0.0,0.0,0.0,0.0,0.0,0.0,0.0,0,0,0,0.0,0.0,0.0,0.0,0.0,0.0,0.0,0.0,0.0,0.0,0.0,0.0,0.0,0.0,0.0,0.0,0,-107875648.0,53,0.0,106,-107614832.0,2.7006707062415038e+23,ERR,ERR,ERR,ERR,ERR,ERR,ERR,ERR,ERR,ERR,ERR,ERR,ERR,ERR,ERR,ERR,ERR,ERR,ERR,ERR,ERR,ERR,ERR,ERR,ERR,ERR,ERR,ERR,ERR,ERR,ERR,ERR,ERR,ERR,ERR,ERR,ERR,ERR,ERR,ERR,ERR,ERR,ERR,ERR,ERR,ERR,ERR,ERR,ERR,ERR,ERR,ERR,ERR,ERR,ERR,ERR,ERR,ERR,ERR,ERR,ERR,ERR,ERR,ERR,ERR,ERR,ERR,50.0,60.0,100,0.0,0.0,0.0,0.0,0.0,0.0,0.0,0.0,0.0,0.0,0.0,0.0,0.0,0.0,0.0,0.0,61.6,77,11,65509,50,65476,0,300,0,0,8,20529,65476,0,0,26214,60.0,0.0,0.0,0.0,0.0,0.0
2026-05-17T16:59:23,ERR,ERR,ERR,ERR,ERR,ERR,ERR,ERR,ERR,ERR,ERR,ERR,ERR,ERR,ERR,ERR,ERR,ERR,ERR,ERR,ERR,ERR,ERR,ERR,ERR,ERR,ERR,ERR,ERR,ERR,ERR,ERR,ERR,ERR,ERR,ERR,ERR,ERR,ERR,ERR,ERR,ERR,ERR,ERR,ERR,ERR,ERR,ERR,ERR,ERR,ERR,ERR,ERR,ERR,ERR,ERR,ERR,ERR,ERR,ERR,ERR,ERR,ERR,ERR,ERR,ERR,ERR,ERR,ERR,ERR,ERR,ERR,ERR,ERR,ERR,ERR,ERR,ERR,ERR,ERR,ERR,ERR,ERR,ERR,ERR,ERR,ERR,ERR,ERR,ERR,ERR,ERR,ERR,ERR,ERR,ERR,ERR,ERR,ERR,ERR,ERR,ERR,ERR,ERR,ERR,ERR,ERR,ERR,ERR,ERR,ERR,ERR,ERR,ERR,ERR,ERR,ERR,ERR,ERR,ERR,ERR,ERR,ERR,ERR,ERR,0.0,0.0,0.0,0.0,0.0,1.3936040501711995e+18,7.805,0.0,0,0,4,0,8422,0.0,45,0.0,0.0,0.0,0.0,0.0,0,0,0,0,0.0,0,0,0,0,0,0,0,0,0,0,0,0,0,0,0,0,0,0,0,0,0,0,0,0,0,0,0,0,0,0,0,0,0,38,14,7,45,65476,0,300,0,0,8,21553,0.0,-107605600.0,0.0,0.0,0.0,0.0,0.0,0.0,0.0,0.0,0.0,0.0,0.0,0.0,0.0,0.0,0.0,0.0,0.0,0.0,0.0,0.0,0.0,0.0,-2.004,2.004,0.0,0.0,0.0,0.0,5015.0,-564145833377792.0,0.0,0.0,0.0,0.0,-107615304.0,0.0,0.0,0.0,0.0,53,-0.0,-71.629,0.0,0.0,0.0,0.0,0.0,0.0,0.0,0,0,0,0.0,0.0,0.0,0.0,0.0,0.0,0.0,0.0,0.0,0.0,0.0,0.0,0.0,0.0,0.0,0.0,0,-107875648.0,53,0.0,106,-107614832.0,2.7006707062415038e+23,ERR,ERR,ERR,ERR,ERR,ERR,ERR,ERR,ERR,ERR,ERR,ERR,ERR,ERR,ERR,ERR,ERR,ERR,ERR,ERR,ERR,ERR,ERR,ERR,ERR,ERR,ERR,ERR,ERR,ERR,ERR,ERR,ERR,ERR,ERR,ERR,ERR,ERR,ERR,ERR,ERR,ERR,ERR,ERR,ERR,ERR,ERR,ERR,ERR,ERR,ERR,ERR,ERR,ERR,ERR,ERR,ERR,ERR,ERR,ERR,ERR,ERR,ERR,ERR,ERR,ERR,ERR,50.0,60.0,100,0.0,0.0,0.0,0.0,0.0,0.0,0.0,0.0,0.0,0.0,0.0,0.0,0.0,0.0,0.0,0.0,61.6,77,11,65509,50,65476,0,300,0,0,8,20529,65476,0,0,26214,60.0,0.0,0.0,0.0,0.0,0.0
2026-05-17T16:59:24,ERR,ERR,ERR,ERR,ERR,ERR,ERR,ERR,ERR,ERR,ERR,ERR,ERR,ERR,ERR,ERR,ERR,ERR,ERR,ERR,ERR,ERR,ERR,ERR,ERR,ERR,ERR,ERR,ERR,ERR,ERR,ERR,ERR,ERR,ERR,ERR,ERR,ERR,ERR,ERR,ERR,ERR,ERR,ERR,ERR,ERR,ERR,ERR,ERR,ERR,ERR,ERR,ERR,ERR,ERR,ERR,ERR,ERR,ERR,ERR,ERR,ERR,ERR,ERR,ERR,ERR,ERR,ERR,ERR,ERR,ERR,ERR,ERR,ERR,ERR,ERR,ERR,ERR,ERR,ERR,ERR,ERR,ERR,ERR,ERR,ERR,ERR,ERR,ERR,ERR,ERR,ERR,ERR,ERR,ERR,ERR,ERR,ERR,ERR,ERR,ERR,ERR,ERR,ERR,ERR,ERR,ERR,ERR,ERR,ERR,ERR,ERR,ERR,ERR,ERR,ERR,ERR,ERR,ERR,ERR,ERR,ERR,ERR,ERR,ERR,0.0,0.0,0.0,0.0,0.0,1.3936040501711995e+18,7.805,0.0,0,0,4,0,8422,0.0,45,0.0,0.0,0.0,0.0,0.0,0,0,0,0,0.0,0,0,0,0,0,0,0,0,0,0,0,0,0,0,0,0,0,0,0,0,0,0,0,0,0,0,0,0,0,0,0,0,0,38,14,7,45,65476,0,300,0,0,8,21553,0.0,-107605600.0,0.0,0.0,0.0,0.0,0.0,0.0,0.0,0.0,0.0,0.0,0.0,0.0,0.0,0.0,0.0,0.0,0.0,0.0,0.0,0.0,0.0,0.0,-2.004,2.004,0.0,0.0,0.0,0.0,5015.0,-564145833377792.0,0.0,0.0,0.0,0.0,-107615304.0,0.0,0.0,0.0,0.0,53,-0.0,-71.629,0.0,0.0,0.0,0.0,0.0,0.0,0.0,0,0,0,0.0,0.0,0.0,0.0,0.0,0.0,0.0,0.0,0.0,0.0,0.0,0.0,0.0,0.0,0.0,0.0,0,-107875648.0,53,0.0,106,-107614832.0,2.7006707062415038e+23,ERR,ERR,ERR,ERR,ERR,ERR,ERR,ERR,ERR,ERR,ERR,ERR,ERR,ERR,ERR,ERR,ERR,ERR,ERR,ERR,ERR,ERR,ERR,ERR,ERR,ERR,ERR,ERR,ERR,ERR,ERR,ERR,ERR,ERR,ERR,ERR,ERR,ERR,ERR,ERR,ERR,ERR,ERR,ERR,ERR,ERR,ERR,ERR,ERR,ERR,ERR,ERR,ERR,ERR,ERR,ERR,ERR,ERR,ERR,ERR,ERR,ERR,ERR,ERR,ERR,ERR,ERR,50.0,60.0,100,0.0,0.0,0.0,0.0,0.0,0.0,0.0,0.0,0.0,0.0,0.0,0.0,0.0,0.0,0.0,0.0,61.6,77,11,65509,50,65476,0,300,0,0,8,20529,65476,0,0,26214,60.0,0.0,0.0,0.0,0.0,0.0
2026-05-17T16:59:25,ERR,ERR,ERR,ERR,ERR,ERR,ERR,ERR,ERR,ERR,ERR,ERR,ERR,ERR,ERR,ERR,ERR,ERR,ERR,ERR,ERR,ERR,ERR,ERR,ERR,ERR,ERR,ERR,ERR,ERR,ERR,ERR,ERR,ERR,ERR,ERR,ERR,ERR,ERR,ERR,ERR,ERR,ERR,ERR,ERR,ERR,ERR,ERR,ERR,ERR,ERR,ERR,ERR,ERR,ERR,ERR,ERR,ERR,ERR,ERR,ERR,ERR,ERR,ERR,ERR,ERR,ERR,ERR,ERR,ERR,ERR,ERR,ERR,ERR,ERR,ERR,ERR,ERR,ERR,ERR,ERR,ERR,ERR,ERR,ERR,ERR,ERR,ERR,ERR,ERR,ERR,ERR,ERR,ERR,ERR,ERR,ERR,ERR,ERR,ERR,ERR,ERR,ERR,ERR,ERR,ERR,ERR,ERR,ERR,ERR,ERR,ERR,ERR,ERR,ERR,ERR,ERR,ERR,ERR,ERR,ERR,ERR,ERR,ERR,ERR,0.0,0.0,0.0,0.0,0.0,1.3936040501711995e+18,7.805,0.0,0,0,4,0,8422,0.0,45,0.0,0.0,0.0,0.0,0.0,0,0,0,0,0.0,0,0,0,0,0,0,0,0,0,0,0,0,0,0,0,0,0,0,0,0,0,0,0,0,0,0,0,0,0,0,0,0,0,38,14,7,45,65476,0,300,0,0,8,21553,0.0,-107605600.0,0.0,0.0,0.0,0.0,0.0,0.0,0.0,0.0,0.0,0.0,0.0,0.0,0.0,0.0,0.0,0.0,0.0,0.0,0.0,0.0,0.0,2.004,-2.004,2.004,0.0,0.0,0.0,0.0,5046.0,0.0,0.0,0.0,0.0,0.0,-107615304.0,0.0,0.0,0.0,0.0,53,-0.0,0.0,0.0,0.0,0.0,0.0,0.0,0.0,0.0,0,0,0,0.0,0.0,0.0,0.0,0.0,0.0,0.0,0.0,0.0,0.0,0.0,0.0,0.0,0.0,0.0,0.0,0,-107875648.0,53,0.0,106,-107614832.0,2.7006707062415038e+23,ERR,ERR,ERR,ERR,ERR,ERR,ERR,ERR,ERR,ERR,ERR,ERR,ERR,ERR,ERR,ERR,ERR,ERR,ERR,ERR,ERR,ERR,ERR,ERR,ERR,ERR,ERR,ERR,ERR,ERR,ERR,ERR,ERR,ERR,ERR,ERR,ERR,ERR,ERR,ERR,ERR,ERR,ERR,ERR,ERR,ERR,ERR,ERR,ERR,ERR,ERR,ERR,ERR,ERR,ERR,ERR,ERR,ERR,ERR,ERR,ERR,ERR,ERR,ERR,ERR,ERR,ERR,50.0,60.0,100,0.0,0.0,0.0,0.0,0.0,0.0,0.0,0.0,0.0,0.0,0.0,0.0,0.0,0.0,0.0,0.0,61.6,77,11,65509,50,65476,0,300,0,0,8,20529,65476,0,0,26214,60.0,0.0,0.0,0.0,0.0,0.0
2026-05-17T16:59:26,ERR,ERR,ERR,ERR,ERR,ERR,ERR,ERR,ERR,ERR,ERR,ERR,ERR,ERR,ERR,ERR,ERR,ERR,ERR,ERR,ERR,ERR,ERR,ERR,ERR,ERR,ERR,ERR,ERR,ERR,ERR,ERR,ERR,ERR,ERR,ERR,ERR,ERR,ERR,ERR,ERR,ERR,ERR,ERR,ERR,ERR,ERR,ERR,ERR,ERR,ERR,ERR,ERR,ERR,ERR,ERR,ERR,ERR,ERR,ERR,ERR,ERR,ERR,ERR,ERR,ERR,ERR,ERR,ERR,ERR,ERR,ERR,ERR,ERR,ERR,ERR,ERR,ERR,ERR,ERR,ERR,ERR,ERR,ERR,ERR,ERR,ERR,ERR,ERR,ERR,ERR,ERR,ERR,ERR,ERR,ERR,ERR,ERR,ERR,ERR,ERR,ERR,ERR,ERR,ERR,ERR,ERR,ERR,ERR,ERR,ERR,ERR,ERR,ERR,ERR,ERR,ERR,ERR,ERR,ERR,ERR,ERR,ERR,ERR,ERR,0.0,0.0,0.0,0.0,0.0,1.3936040501711995e+18,7.805,0.0,0,0,4,0,8422,0.0,45,0.0,0.0,0.0,0.0,0.0,0,0,0,0,0.0,0,0,0,0,0,0,0,0,0,0,0,0,0,0,0,0,0,0,0,0,0,0,0,0,0,0,0,0,0,0,0,0,0,38,14,7,45,65476,0,300,0,0,8,21553,0.0,-107605600.0,0.0,0.0,0.0,0.0,0.0,0.0,0.0,0.0,0.0,0.0,0.0,0.0,0.0,0.0,0.0,0.0,0.0,0.0,0.0,0.0,0.0,2.004,-2.004,2.004,0.0,0.0,0.0,0.0,5046.0,0.0,0.0,0.0,0.0,0.0,-107615304.0,0.0,0.0,0.0,0.0,53,-0.0,0.0,0.0,0.0,0.0,0.0,0.0,0.0,0.0,0,0,0,0.0,0.0,0.0,0.0,0.0,0.0,0.0,0.0,0.0,0.0,0.0,0.0,0.0,0.0,0.0,0.0,0,-107875648.0,53,0.0,106,-107614832.0,2.7006707062415038e+23,ERR,ERR,ERR,ERR,ERR,ERR,ERR,ERR,ERR,ERR,ERR,ERR,ERR,ERR,ERR,ERR,ERR,ERR,ERR,ERR,ERR,ERR,ERR,ERR,ERR,ERR,ERR,ERR,ERR,ERR,ERR,ERR,ERR,ERR,ERR,ERR,ERR,ERR,ERR,ERR,ERR,ERR,ERR,ERR,ERR,ERR,ERR,ERR,ERR,ERR,ERR,ERR,ERR,ERR,ERR,ERR,ERR,ERR,ERR,ERR,ERR,ERR,ERR,ERR,ERR,ERR,ERR,50.0,60.0,100,0.0,0.0,0.0,0.0,0.0,0.0,0.0,0.0,0.0,0.0,0.0,0.0,0.0,0.0,0.0,0.0,61.6,77,11,65509,50,65476,0,300,0,0,8,20529,65476,0,0,26214,60.0,0.0,0.0,0.0,0.0,0.0
2026-05-17T16:59:27,ERR,ERR,ERR,ERR,ERR,ERR,ERR,ERR,ERR,ERR,ERR,ERR,ERR,ERR,ERR,ERR,ERR,ERR,ERR,ERR,ERR,ERR,ERR,ERR,ERR,ERR,ERR,ERR,ERR,ERR,ERR,ERR,ERR,ERR,ERR,ERR,ERR,ERR,ERR,ERR,ERR,ERR,ERR,ERR,ERR,ERR,ERR,ERR,ERR,ERR,ERR,ERR,ERR,ERR,ERR,ERR,ERR,ERR,ERR,ERR,ERR,ERR,ERR,ERR,ERR,ERR,ERR,ERR,ERR,ERR,ERR,ERR,ERR,ERR,ERR,ERR,ERR,ERR,ERR,ERR,ERR,ERR,ERR,ERR,ERR,ERR,ERR,ERR,ERR,ERR,ERR,ERR,ERR,ERR,ERR,ERR,ERR,ERR,ERR,ERR,ERR,ERR,ERR,ERR,ERR,ERR,ERR,ERR,ERR,ERR,ERR,ERR,ERR,ERR,ERR,ERR,ERR,ERR,ERR,ERR,ERR,ERR,ERR,ERR,ERR,0.0,0.0,0.0,0.0,0.0,1.3936040501711995e+18,7.805,0.0,0,0,4,0,8422,0.0,45,0.0,0.0,0.0,0.0,0.0,0,0,0,0,0.0,0,0,0,0,0,0,0,0,0,0,0,0,0,0,0,0,0,0,0,0,0,0,0,0,0,0,0,0,0,0,0,0,0,38,14,7,45,65476,0,300,0,0,8,21553,0.0,-107605600.0,0.0,0.0,0.0,0.0,0.0,0.0,0.0,0.0,0.0,0.0,0.0,0.0,0.0,0.0,0.0,0.0,0.0,0.0,0.0,0.0,0.0,2.004,-2.004,2.004,0.0,0.0,0.0,0.0,5046.0,0.0,0.0,0.0,0.0,0.0,-107615304.0,0.0,0.0,0.0,0.0,53,-0.0,0.0,0.0,0.0,0.0,0.0,0.0,0.0,0.0,0,0,0,0.0,0.0,0.0,0.0,0.0,0.0,0.0,0.0,0.0,0.0,0.0,0.0,0.0,0.0,0.0,0.0,0,-107875648.0,53,0.0,106,-107614832.0,2.7006707062415038e+23,ERR,ERR,ERR,ERR,ERR,ERR,ERR,ERR,ERR,ERR,ERR,ERR,ERR,ERR,ERR,ERR,ERR,ERR,ERR,ERR,ERR,ERR,ERR,ERR,ERR,ERR,ERR,ERR,ERR,ERR,ERR,ERR,ERR,ERR,ERR,ERR,ERR,ERR,ERR,ERR,ERR,ERR,ERR,ERR,ERR,ERR,ERR,ERR,ERR,ERR,ERR,ERR,ERR,ERR,ERR,ERR,ERR,ERR,ERR,ERR,ERR,ERR,ERR,ERR,ERR,ERR,ERR,50.0,60.0,100,0.0,0.0,0.0,0.0,0.0,0.0,0.0,0.0,0.0,0.0,0.0,0.0,0.0,0.0,0.0,0.0,61.6,77,11,65509,50,65476,0,300,0,0,8,20529,65476,0,0,26214,60.0,0.0,0.0,0.0,0.0,0.0
2026-05-17T16:59:28,ERR,ERR,ERR,ERR,ERR,ERR,ERR,ERR,ERR,ERR,ERR,ERR,ERR,ERR,ERR,ERR,ERR,ERR,ERR,ERR,ERR,ERR,ERR,ERR,ERR,ERR,ERR,ERR,ERR,ERR,ERR,ERR,ERR,ERR,ERR,ERR,ERR,ERR,ERR,ERR,ERR,ERR,ERR,ERR,ERR,ERR,ERR,ERR,ERR,ERR,ERR,ERR,ERR,ERR,ERR,ERR,ERR,ERR,ERR,ERR,ERR,ERR,ERR,ERR,ERR,ERR,ERR,ERR,ERR,ERR,ERR,ERR,ERR,ERR,ERR,ERR,ERR,ERR,ERR,ERR,ERR,ERR,ERR,ERR,ERR,ERR,ERR,ERR,ERR,ERR,ERR,ERR,ERR,ERR,ERR,ERR,ERR,ERR,ERR,ERR,ERR,ERR,ERR,ERR,ERR,ERR,ERR,ERR,ERR,ERR,ERR,ERR,ERR,ERR,ERR,ERR,ERR,ERR,ERR,ERR,ERR,ERR,ERR,ERR,ERR,0.0,0.0,0.0,0.0,0.0,1.3936040501711995e+18,7.805,0.0,0,0,4,0,8422,0.0,45,0.0,0.0,0.0,0.0,0.0,0,0,0,0,0.0,0,0,0,0,0,0,0,0,0,0,0,0,0,0,0,0,0,0,0,0,0,0,0,0,0,0,0,0,0,0,0,0,0,38,14,7,45,65476,0,300,0,0,8,21553,0.0,-107605600.0,0.0,0.0,0.0,0.0,0.0,0.0,0.0,0.0,0.0,0.0,0.0,0.0,0.0,0.0,0.0,0.0,0.0,0.0,0.0,0.0,0.0,2.004,-2.004,2.004,0.0,0.0,0.0,0.0,5046.0,0.0,0.0,0.0,0.0,0.0,-107615304.0,0.0,0.0,0.0,0.0,53,-0.0,0.0,0.0,0.0,0.0,0.0,0.0,0.0,0.0,0,0,0,0.0,0.0,0.0,0.0,0.0,0.0,0.0,0.0,0.0,0.0,0.0,0.0,0.0,0.0,0.0,0.0,0,-107875648.0,53,0.0,106,-107614832.0,2.7006707062415038e+23,ERR,ERR,ERR,ERR,ERR,ERR,ERR,ERR,ERR,ERR,ERR,ERR,ERR,ERR,ERR,ERR,ERR,ERR,ERR,ERR,ERR,ERR,ERR,ERR,ERR,ERR,ERR,ERR,ERR,ERR,ERR,ERR,ERR,ERR,ERR,ERR,ERR,ERR,ERR,ERR,ERR,ERR,ERR,ERR,ERR,ERR,ERR,ERR,ERR,ERR,ERR,ERR,ERR,ERR,ERR,ERR,ERR,ERR,ERR,ERR,ERR,ERR,ERR,ERR,ERR,ERR,ERR,50.0,60.0,100,0.0,0.0,0.0,0.0,0.0,0.0,0.0,0.0,0.0,0.0,0.0,0.0,0.0,0.0,0.0,0.0,61.6,77,11,65509,50,65476,0,300,0,0,8,20529,65476,0,0,26214,60.0,0.0,0.0,0.0,0.0,0.0
2026-05-17T16:59:29,ERR,ERR,ERR,ERR,ERR,ERR,ERR,ERR,ERR,ERR,ERR,ERR,ERR,ERR,ERR,ERR,ERR,ERR,ERR,ERR,ERR,ERR,ERR,ERR,ERR,ERR,ERR,ERR,ERR,ERR,ERR,ERR,ERR,ERR,ERR,ERR,ERR,ERR,ERR,ERR,ERR,ERR,ERR,ERR,ERR,ERR,ERR,ERR,ERR,ERR,ERR,ERR,ERR,ERR,ERR,ERR,ERR,ERR,ERR,ERR,ERR,ERR,ERR,ERR,ERR,ERR,ERR,ERR,ERR,ERR,ERR,ERR,ERR,ERR,ERR,ERR,ERR,ERR,ERR,ERR,ERR,ERR,ERR,ERR,ERR,ERR,ERR,ERR,ERR,ERR,ERR,ERR,ERR,ERR,ERR,ERR,ERR,ERR,ERR,ERR,ERR,ERR,ERR,ERR,ERR,ERR,ERR,ERR,ERR,ERR,ERR,ERR,ERR,ERR,ERR,ERR,ERR,ERR,ERR,ERR,ERR,ERR,ERR,ERR,ERR,0.0,0.0,0.0,0.0,0.0,1.3936040501711995e+18,7.805,0.0,0,0,4,0,8422,0.0,45,0.0,0.0,0.0,0.0,0.0,0,0,0,0,0.0,0,0,0,0,0,0,0,0,0,0,0,0,0,0,0,0,0,0,0,0,0,0,0,0,0,0,0,0,0,0,0,0,0,38,14,7,45,65476,0,300,0,0,8,21553,0.0,-107605600.0,0.0,0.0,0.0,0.0,0.0,0.0,0.0,0.0,0.0,0.0,0.0,0.0,0.0,0.0,0.0,0.0,0.0,0.0,0.0,0.0,0.0,2.004,-2.004,2.004,0.0,0.0,0.0,0.0,5046.0,0.0,0.0,0.0,0.0,0.0,-107615304.0,0.0,0.0,0.0,0.0,53,-0.0,0.0,0.0,0.0,0.0,0.0,0.0,0.0,0.0,0,0,0,0.0,0.0,0.0,0.0,0.0,0.0,0.0,0.0,0.0,0.0,0.0,0.0,0.0,0.0,0.0,0.0,0,-107875648.0,53,0.0,106,-107614832.0,2.7006707062415038e+23,ERR,ERR,ERR,ERR,ERR,ERR,ERR,ERR,ERR,ERR,ERR,ERR,ERR,ERR,ERR,ERR,ERR,ERR,ERR,ERR,ERR,ERR,ERR,ERR,ERR,ERR,ERR,ERR,ERR,ERR,ERR,ERR,ERR,ERR,ERR,ERR,ERR,ERR,ERR,ERR,ERR,ERR,ERR,ERR,ERR,ERR,ERR,ERR,ERR,ERR,ERR,ERR,ERR,ERR,ERR,ERR,ERR,ERR,ERR,ERR,ERR,ERR,ERR,ERR,ERR,ERR,ERR,50.0,60.0,100,0.0,0.0,0.0,0.0,0.0,0.0,0.0,0.0,0.0,0.0,0.0,0.0,0.0,0.0,0.0,0.0,62.0,77,11,65509,50,65476,0,300,0,0,8,20529,65476,0,0,26214,60.0,0.0,0.0,0.0,0.0,0.0
2026-05-17T16:59:30,ERR,ERR,ERR,ERR,ERR,ERR,ERR,ERR,ERR,ERR,ERR,ERR,ERR,ERR,ERR,ERR,ERR,ERR,ERR,ERR,ERR,ERR,ERR,ERR,ERR,ERR,ERR,ERR,ERR,ERR,ERR,ERR,ERR,ERR,ERR,ERR,ERR,ERR,ERR,ERR,ERR,ERR,ERR,ERR,ERR,ERR,ERR,ERR,ERR,ERR,ERR,ERR,ERR,ERR,ERR,ERR,ERR,ERR,ERR,ERR,ERR,ERR,ERR,ERR,ERR,ERR,ERR,ERR,ERR,ERR,ERR,ERR,ERR,ERR,ERR,ERR,ERR,ERR,ERR,ERR,ERR,ERR,ERR,ERR,ERR,ERR,ERR,ERR,ERR,ERR,ERR,ERR,ERR,ERR,ERR,ERR,ERR,ERR,ERR,ERR,ERR,ERR,ERR,ERR,ERR,ERR,ERR,ERR,ERR,ERR,ERR,ERR,ERR,ERR,ERR,ERR,ERR,ERR,ERR,ERR,ERR,ERR,ERR,ERR,ERR,0.0,0.0,0.0,0.0,0.0,1.3936040501711995e+18,7.805,0.0,0,0,4,0,8422,0.0,45,0.0,0.0,0.0,0.0,0.0,0,0,0,0,0.0,0,0,0,0,0,0,0,0,0,0,0,0,0,0,0,0,0,0,0,0,0,0,0,0,0,0,0,0,0,0,0,0,0,38,14,7,45,65476,0,300,0,0,8,21553,0.0,-107605600.0,0.0,0.0,0.0,0.0,0.0,0.0,0.0,0.0,0.0,0.0,0.0,0.0,0.0,0.0,0.0,0.0,0.0,0.0,0.0,0.0,0.0,2.004,-2.004,2.004,0.0,0.0,0.0,0.0,5047.0,-564145900486656.0,0.0,0.0,0.0,0.0,-107615304.0,0.0,0.0,0.0,0.0,53,-0.0,0.0,0.0,0.0,0.0,0.0,0.0,0.0,0.0,0,0,0,0.0,0.0,0.0,0.0,0.0,0.0,0.0,0.0,0.0,0.0,0.0,0.0,0.0,0.0,0.0,0.0,0,-107875648.0,53,0.0,106,-107614832.0,2.7006707062415038e+23,ERR,ERR,ERR,ERR,ERR,ERR,ERR,ERR,ERR,ERR,ERR,ERR,ERR,ERR,ERR,ERR,ERR,ERR,ERR,ERR,ERR,ERR,ERR,ERR,ERR,ERR,ERR,ERR,ERR,ERR,ERR,ERR,ERR,ERR,ERR,ERR,ERR,ERR,ERR,ERR,ERR,ERR,ERR,ERR,ERR,ERR,ERR,ERR,ERR,ERR,ERR,ERR,ERR,ERR,ERR,ERR,ERR,ERR,ERR,ERR,ERR,ERR,ERR,ERR,ERR,ERR,ERR,50.0,60.0,100,0.0,0.0,0.0,0.0,0.0,0.0,0.0,0.0,0.0,0.0,0.0,0.0,0.0,0.0,0.0,0.0,62.0,77,11,65509,50,65476,0,300,0,0,8,20529,65476,0,0,26214,60.0,0.0,0.0,0.0,0.0,0.0
2026-05-17T16:59:31,ERR,ERR,ERR,ERR,ERR,ERR,ERR,ERR,ERR,ERR,ERR,ERR,ERR,ERR,ERR,ERR,ERR,ERR,ERR,ERR,ERR,ERR,ERR,ERR,ERR,ERR,ERR,ERR,ERR,ERR,ERR,ERR,ERR,ERR,ERR,ERR,ERR,ERR,ERR,ERR,ERR,ERR,ERR,ERR,ERR,ERR,ERR,ERR,ERR,ERR,ERR,ERR,ERR,ERR,ERR,ERR,ERR,ERR,ERR,ERR,ERR,ERR,ERR,ERR,ERR,ERR,ERR,ERR,ERR,ERR,ERR,ERR,ERR,ERR,ERR,ERR,ERR,ERR,ERR,ERR,ERR,ERR,ERR,ERR,ERR,ERR,ERR,ERR,ERR,ERR,ERR,ERR,ERR,ERR,ERR,ERR,ERR,ERR,ERR,ERR,ERR,ERR,ERR,ERR,ERR,ERR,ERR,ERR,ERR,ERR,ERR,ERR,ERR,ERR,ERR,ERR,ERR,ERR,ERR,ERR,ERR,ERR,ERR,ERR,ERR,0.0,0.0,0.0,0.0,0.0,1.3936040501711995e+18,7.805,0.0,0,0,4,0,8422,0.0,45,0.0,0.0,0.0,0.0,0.0,0,0,0,0,0.0,0,0,0,0,0,0,0,0,0,0,0,0,0,0,0,0,0,0,0,0,0,0,0,0,0,0,0,0,0,0,0,0,0,38,14,7,45,65476,0,300,0,0,8,21553,0.0,-107605600.0,0.0,0.0,0.0,0.0,0.0,0.0,0.0,0.0,0.0,0.0,0.0,0.0,0.0,0.0,0.0,0.0,0.0,0.0,0.0,0.0,0.0,2.004,-2.004,2.004,0.0,0.0,0.0,0.0,5047.0,-564145900486656.0,0.0,0.0,0.0,0.0,-107615304.0,0.0,0.0,0.0,0.0,53,-0.0,0.0,0.0,0.0,0.0,0.0,0.0,0.0,0.0,0,0,0,0.0,0.0,0.0,0.0,0.0,0.0,0.0,0.0,0.0,0.0,0.0,0.0,0.0,0.0,0.0,0.0,0,-107875648.0,53,0.0,106,-107614832.0,2.7006707062415038e+23,ERR,ERR,ERR,ERR,ERR,ERR,ERR,ERR,ERR,ERR,ERR,ERR,ERR,ERR,ERR,ERR,ERR,ERR,ERR,ERR,ERR,ERR,ERR,ERR,ERR,ERR,ERR,ERR,ERR,ERR,ERR,ERR,ERR,ERR,ERR,ERR,ERR,ERR,ERR,ERR,ERR,ERR,ERR,ERR,ERR,ERR,ERR,ERR,ERR,ERR,ERR,ERR,ERR,ERR,ERR,ERR,ERR,ERR,ERR,ERR,ERR,ERR,ERR,ERR,ERR,ERR,ERR,50.0,60.0,100,0.0,0.0,0.0,0.0,0.0,0.0,0.0,0.0,0.0,0.0,0.0,0.0,0.0,0.0,0.0,0.0,62.0,77,11,65509,50,65476,0,300,0,0,8,20529,65476,0,0,26214,60.0,0.0,0.0,0.0,0.0,0.0
2026-05-17T16:59:32,ERR,ERR,ERR,ERR,ERR,ERR,ERR,ERR,ERR,ERR,ERR,ERR,ERR,ERR,ERR,ERR,ERR,ERR,ERR,ERR,ERR,ERR,ERR,ERR,ERR,ERR,ERR,ERR,ERR,ERR,ERR,ERR,ERR,ERR,ERR,ERR,ERR,ERR,ERR,ERR,ERR,ERR,ERR,ERR,ERR,ERR,ERR,ERR,ERR,ERR,ERR,ERR,ERR,ERR,ERR,ERR,ERR,ERR,ERR,ERR,ERR,ERR,ERR,ERR,ERR,ERR,ERR,ERR,ERR,ERR,ERR,ERR,ERR,ERR,ERR,ERR,ERR,ERR,ERR,ERR,ERR,ERR,ERR,ERR,ERR,ERR,ERR,ERR,ERR,ERR,ERR,ERR,ERR,ERR,ERR,ERR,ERR,ERR,ERR,ERR,ERR,ERR,ERR,ERR,ERR,ERR,ERR,ERR,ERR,ERR,ERR,ERR,ERR,ERR,ERR,ERR,ERR,ERR,ERR,ERR,ERR,ERR,ERR,ERR,ERR,0.0,0.0,0.0,0.0,0.0,1.3936040501711995e+18,7.805,0.0,0,0,4,0,8422,0.0,45,0.0,0.0,0.0,0.0,0.0,0,0,0,0,0.0,0,0,0,0,0,0,0,0,0,0,0,0,0,0,0,0,0,0,0,0,0,0,0,0,0,0,0,0,0,0,0,0,0,38,14,7,45,65476,0,300,0,0,8,21553,0.0,-107605600.0,0.0,0.0,0.0,0.0,0.0,0.0,0.0,0.0,0.0,0.0,0.0,0.0,0.0,0.0,0.0,0.0,0.0,0.0,0.0,0.0,0.0,2.004,-2.004,2.004,0.0,0.0,0.0,0.0,5047.0,-564145900486656.0,0.0,0.0,0.0,0.0,-107615304.0,0.0,0.0,0.0,0.0,53,-0.0,0.0,0.0,0.0,0.0,0.0,0.0,0.0,0.0,0,0,0,0.0,0.0,0.0,0.0,0.0,0.0,0.0,0.0,0.0,0.0,0.0,0.0,0.0,0.0,0.0,0.0,0,-107875648.0,53,0.0,106,-107614832.0,2.7006707062415038e+23,ERR,ERR,ERR,ERR,ERR,ERR,ERR,ERR,ERR,ERR,ERR,ERR,ERR,ERR,ERR,ERR,ERR,ERR,ERR,ERR,ERR,ERR,ERR,ERR,ERR,ERR,ERR,ERR,ERR,ERR,ERR,ERR,ERR,ERR,ERR,ERR,ERR,ERR,ERR,ERR,ERR,ERR,ERR,ERR,ERR,ERR,ERR,ERR,ERR,ERR,ERR,ERR,ERR,ERR,ERR,ERR,ERR,ERR,ERR,ERR,ERR,ERR,ERR,ERR,ERR,ERR,ERR,50.0,60.0,100,0.0,0.0,0.0,0.0,0.0,0.0,0.0,0.0,0.0,0.0,0.0,0.0,0.0,0.0,0.0,0.0,62.0,77,11,65509,50,65476,0,300,0,0,8,20529,65476,0,0,26214,60.0,0.0,0.0,0.0,0.0,0.0
2026-05-17T16:59:33,ERR,ERR,ERR,ERR,ERR,ERR,ERR,ERR,ERR,ERR,ERR,ERR,ERR,ERR,ERR,ERR,ERR,ERR,ERR,ERR,ERR,ERR,ERR,ERR,ERR,ERR,ERR,ERR,ERR,ERR,ERR,ERR,ERR,ERR,ERR,ERR,ERR,ERR,ERR,ERR,ERR,ERR,ERR,ERR,ERR,ERR,ERR,ERR,ERR,ERR,ERR,ERR,ERR,ERR,ERR,ERR,ERR,ERR,ERR,ERR,ERR,ERR,ERR,ERR,ERR,ERR,ERR,ERR,ERR,ERR,ERR,ERR,ERR,ERR,ERR,ERR,ERR,ERR,ERR,ERR,ERR,ERR,ERR,ERR,ERR,ERR,ERR,ERR,ERR,ERR,ERR,ERR,ERR,ERR,ERR,ERR,ERR,ERR,ERR,ERR,ERR,ERR,ERR,ERR,ERR,ERR,ERR,ERR,ERR,ERR,ERR,ERR,ERR,ERR,ERR,ERR,ERR,ERR,ERR,ERR,ERR,ERR,ERR,ERR,ERR,0.0,0.0,0.0,0.0,0.0,1.3936040501711995e+18,7.805,0.0,0,0,4,0,8422,0.0,45,0.0,0.0,0.0,0.0,0.0,0,0,0,0,0.0,0,0,0,0,0,0,0,0,0,0,0,0,0,0,0,0,0,0,0,0,0,0,0,0,0,0,0,0,0,0,0,0,0,38,14,7,45,65476,0,300,0,0,8,21553,0.0,-107605600.0,0.0,0.0,0.0,0.0,0.0,0.0,0.0,0.0,0.0,0.0,0.0,0.0,0.0,0.0,0.0,0.0,0.0,0.0,0.0,0.0,0.0,2.004,-2.004,2.004,0.0,0.0,0.0,0.0,5047.0,-564145900486656.0,0.0,0.0,0.0,0.0,-107615304.0,0.0,0.0,0.0,0.0,53,-0.0,0.0,0.0,0.0,0.0,0.0,0.0,0.0,0.0,0,0,0,0.0,0.0,0.0,0.0,0.0,0.0,0.0,0.0,0.0,0.0,0.0,0.0,0.0,0.0,0.0,0.0,0,-107875648.0,53,0.0,106,-107614832.0,2.7006707062415038e+23,ERR,ERR,ERR,ERR,ERR,ERR,ERR,ERR,ERR,ERR,ERR,ERR,ERR,ERR,ERR,ERR,ERR,ERR,ERR,ERR,ERR,ERR,ERR,ERR,ERR,ERR,ERR,ERR,ERR,ERR,ERR,ERR,ERR,ERR,ERR,ERR,ERR,ERR,ERR,ERR,ERR,ERR,ERR,ERR,ERR,ERR,ERR,ERR,ERR,ERR,ERR,ERR,ERR,ERR,ERR,ERR,ERR,ERR,ERR,ERR,ERR,ERR,ERR,ERR,ERR,ERR,ERR,50.0,60.0,100,0.0,0.0,0.0,0.0,0.0,0.0,0.0,0.0,0.0,0.0,0.0,0.0,0.0,0.0,0.0,0.0,62.0,77,11,65509,50,65476,0,300,0,0,8,20529,65476,0,0,26214,60.0,0.0,0.0,0.0,0.0,0.0
2026-05-17T16:59:34,ERR,ERR,ERR,ERR,ERR,ERR,ERR,ERR,ERR,ERR,ERR,ERR,ERR,ERR,ERR,ERR,ERR,ERR,ERR,ERR,ERR,ERR,ERR,ERR,ERR,ERR,ERR,ERR,ERR,ERR,ERR,ERR,ERR,ERR,ERR,ERR,ERR,ERR,ERR,ERR,ERR,ERR,ERR,ERR,ERR,ERR,ERR,ERR,ERR,ERR,ERR,ERR,ERR,ERR,ERR,ERR,ERR,ERR,ERR,ERR,ERR,ERR,ERR,ERR,ERR,ERR,ERR,ERR,ERR,ERR,ERR,ERR,ERR,ERR,ERR,ERR,ERR,ERR,ERR,ERR,ERR,ERR,ERR,ERR,ERR,ERR,ERR,ERR,ERR,ERR,ERR,ERR,ERR,ERR,ERR,ERR,ERR,ERR,ERR,ERR,ERR,ERR,ERR,ERR,ERR,ERR,ERR,ERR,ERR,ERR,ERR,ERR,ERR,ERR,ERR,ERR,ERR,ERR,ERR,ERR,ERR,ERR,ERR,ERR,ERR,0.0,0.0,0.0,0.0,0.0,1.3936040501711995e+18,7.805,0.0,0,0,4,0,8422,0.0,45,0.0,0.0,0.0,0.0,0.0,0,0,0,0,0.0,0,0,0,0,0,0,0,0,0,0,0,0,0,0,0,0,0,0,0,0,0,0,0,0,0,0,0,0,0,0,0,0,0,38,14,7,45,65476,0,300,0,0,8,21553,0.0,-107605600.0,0.0,0.0,0.0,0.0,0.0,0.0,0.0,0.0,0.0,0.0,0.0,0.0,0.0,0.0,0.0,0.0,0.0,0.0,0.0,0.0,0.0,2.004,-2.004,2.004,0.0,0.0,0.0,0.0,5047.0,-564145900486656.0,0.0,0.0,0.0,0.0,-107615304.0,0.0,0.0,0.0,0.0,53,-0.0,0.0,0.0,0.0,0.0,0.0,0.0,0.0,0.0,0,0,0,0.0,0.0,0.0,0.0,0.0,0.0,0.0,0.0,0.0,0.0,0.0,0.0,0.0,0.0,0.0,0.0,0,-107875648.0,53,0.0,106,-107614832.0,2.7006707062415038e+23,ERR,ERR,ERR,ERR,ERR,ERR,ERR,ERR,ERR,ERR,ERR,ERR,ERR,ERR,ERR,ERR,ERR,ERR,ERR,ERR,ERR,ERR,ERR,ERR,ERR,ERR,ERR,ERR,ERR,ERR,ERR,ERR,ERR,ERR,ERR,ERR,ERR,ERR,ERR,ERR,ERR,ERR,ERR,ERR,ERR,ERR,ERR,ERR,ERR,ERR,ERR,ERR,ERR,ERR,ERR,ERR,ERR,ERR,ERR,ERR,ERR,ERR,ERR,ERR,ERR,ERR,ERR,50.0,60.0,100,0.0,0.0,0.0,0.0,0.0,0.0,0.0,0.0,0.0,0.0,0.0,0.0,0.0,0.0,0.0,0.0,61.6,77,11,65509,50,65476,0,300,0,0,8,20529,65476,0,0,26214,60.0,0.0,0.0,0.0,0.0,0.0
2026-05-17T16:59:35,ERR,ERR,ERR,ERR,ERR,ERR,ERR,ERR,ERR,ERR,ERR,ERR,ERR,ERR,ERR,ERR,ERR,ERR,ERR,ERR,ERR,ERR,ERR,ERR,ERR,ERR,ERR,ERR,ERR,ERR,ERR,ERR,ERR,ERR,ERR,ERR,ERR,ERR,ERR,ERR,ERR,ERR,ERR,ERR,ERR,ERR,ERR,ERR,ERR,ERR,ERR,ERR,ERR,ERR,ERR,ERR,ERR,ERR,ERR,ERR,ERR,ERR,ERR,ERR,ERR,ERR,ERR,ERR,ERR,ERR,ERR,ERR,ERR,ERR,ERR,ERR,ERR,ERR,ERR,ERR,ERR,ERR,ERR,ERR,ERR,ERR,ERR,ERR,ERR,ERR,ERR,ERR,ERR,ERR,ERR,ERR,ERR,ERR,ERR,ERR,ERR,ERR,ERR,ERR,ERR,ERR,ERR,ERR,ERR,ERR,ERR,ERR,ERR,ERR,ERR,ERR,ERR,ERR,ERR,ERR,ERR,ERR,ERR,ERR,ERR,2.718428759860196e+23,0.0,-0.0,0.0,0.0,1.3936040501711995e+18,7.805,0.0,0,0,4,0,8422,0.0,45,0.0,0.0,0.0,0.0,0.0,0,0,0,0,0.0,0,0,0,0,0,0,0,0,0,0,0,0,0,0,0,0,0,0,0,0,0,0,0,0,0,0,0,0,0,0,0,0,0,38,14,7,45,65476,0,300,0,0,8,21553,0.0,-107605600.0,0.0,0.0,0.0,0.0,0.0,0.0,0.0,0.0,0.0,0.0,0.0,0.0,0.0,0.0,0.0,0.0,0.0,0.0,0.0,0.0,0.0,2.004,-2.004,2.004,0.0,0.0,0.0,0.0,5052.0,2.422988192762658e+24,0.0,0.0,0.0,0.0,-107615304.0,0.0,0.0,0.0,0.0,53,-0.0,5.848056079300204e+35,0.0,0.0,0.0,0.0,0.0,0.0,0.0,0,0,0,0.0,0.0,0.0,0.0,0.0,0.0,0.0,0.0,0.0,0.0,0.0,0.0,0.0,0.0,0.0,0.0,0,-107875648.0,53,0.0,106,-107614832.0,2.7006707062415038e+23,ERR,ERR,ERR,ERR,ERR,ERR,ERR,ERR,ERR,ERR,ERR,ERR,ERR,ERR,ERR,ERR,ERR,ERR,ERR,ERR,ERR,ERR,ERR,ERR,ERR,ERR,ERR,ERR,ERR,ERR,ERR,ERR,ERR,ERR,ERR,ERR,ERR,ERR,ERR,ERR,ERR,ERR,ERR,ERR,ERR,ERR,ERR,ERR,ERR,ERR,ERR,ERR,ERR,ERR,ERR,ERR,ERR,ERR,ERR,ERR,ERR,ERR,ERR,ERR,ERR,ERR,ERR,50.0,60.0,100,0.0,0.0,0.0,0.0,0.0,0.0,0.0,0.0,0.0,0.0,0.0,0.0,0.0,0.0,0.0,0.0,61.6,77,11,65509,50,65476,0,300,0,0,8,20529,65476,0,0,26214,60.0,0.0,0.0,0.0,0.0,0.0
2026-05-17T16:59:36,ERR,ERR,ERR,ERR,ERR,ERR,ERR,ERR,ERR,ERR,ERR,ERR,ERR,ERR,ERR,ERR,ERR,ERR,ERR,ERR,ERR,ERR,ERR,ERR,ERR,ERR,ERR,ERR,ERR,ERR,ERR,ERR,ERR,ERR,ERR,ERR,ERR,ERR,ERR,ERR,ERR,ERR,ERR,ERR,ERR,ERR,ERR,ERR,ERR,ERR,ERR,ERR,ERR,ERR,ERR,ERR,ERR,ERR,ERR,ERR,ERR,ERR,ERR,ERR,ERR,ERR,ERR,ERR,ERR,ERR,ERR,ERR,ERR,ERR,ERR,ERR,ERR,ERR,ERR,ERR,ERR,ERR,ERR,ERR,ERR,ERR,ERR,ERR,ERR,ERR,ERR,ERR,ERR,ERR,ERR,ERR,ERR,ERR,ERR,ERR,ERR,ERR,ERR,ERR,ERR,ERR,ERR,ERR,ERR,ERR,ERR,ERR,ERR,ERR,ERR,ERR,ERR,ERR,ERR,ERR,ERR,ERR,ERR,ERR,ERR,2.718428759860196e+23,0.0,-0.0,0.0,0.0,1.3936040501711995e+18,7.805,0.0,0,0,4,0,8422,0.0,45,0.0,0.0,0.0,0.0,0.0,0,0,0,0,0.0,0,0,0,0,0,0,0,0,0,0,0,0,0,0,0,0,0,0,0,0,0,0,0,0,0,0,0,0,0,0,0,0,0,38,14,7,45,65476,0,300,0,0,8,21553,0.0,-107605600.0,0.0,0.0,0.0,0.0,0.0,0.0,0.0,0.0,0.0,0.0,0.0,0.0,0.0,0.0,0.0,0.0,0.0,0.0,0.0,0.0,0.0,2.004,-2.004,2.004,0.0,0.0,0.0,0.0,5052.0,2.422988192762658e+24,0.0,0.0,0.0,0.0,-107615304.0,0.0,0.0,0.0,0.0,53,-0.0,5.848056079300204e+35,0.0,0.0,0.0,0.0,0.0,0.0,0.0,0,0,0,0.0,0.0,0.0,0.0,0.0,0.0,0.0,0.0,0.0,0.0,0.0,0.0,0.0,0.0,0.0,0.0,0,-107875648.0,53,0.0,106,-107614832.0,2.7006707062415038e+23,ERR,ERR,ERR,ERR,ERR,ERR,ERR,ERR,ERR,ERR,ERR,ERR,ERR,ERR,ERR,ERR,ERR,ERR,ERR,ERR,ERR,ERR,ERR,ERR,ERR,ERR,ERR,ERR,ERR,ERR,ERR,ERR,ERR,ERR,ERR,ERR,ERR,ERR,ERR,ERR,ERR,ERR,ERR,ERR,ERR,ERR,ERR,ERR,ERR,ERR,ERR,ERR,ERR,ERR,ERR,ERR,ERR,ERR,ERR,ERR,ERR,ERR,ERR,ERR,ERR,ERR,ERR,50.0,60.0,100,0.0,0.0,0.0,0.0,0.0,0.0,0.0,0.0,0.0,0.0,0.0,0.0,0.0,0.0,0.0,0.0,62.0,77,11,65509,50,65476,0,300,0,0,8,20529,65476,0,0,26214,60.0,0.0,0.0,0.0,0.0,0.0
2026-05-17T16:59:37,ERR,ERR,ERR,ERR,ERR,ERR,ERR,ERR,ERR,ERR,ERR,ERR,ERR,ERR,ERR,ERR,ERR,ERR,ERR,ERR,ERR,ERR,ERR,ERR,ERR,ERR,ERR,ERR,ERR,ERR,ERR,ERR,ERR,ERR,ERR,ERR,ERR,ERR,ERR,ERR,ERR,ERR,ERR,ERR,ERR,ERR,ERR,ERR,ERR,ERR,ERR,ERR,ERR,ERR,ERR,ERR,ERR,ERR,ERR,ERR,ERR,ERR,ERR,ERR,ERR,ERR,ERR,ERR,ERR,ERR,ERR,ERR,ERR,ERR,ERR,ERR,ERR,ERR,ERR,ERR,ERR,ERR,ERR,ERR,ERR,ERR,ERR,ERR,ERR,ERR,ERR,ERR,ERR,ERR,ERR,ERR,ERR,ERR,ERR,ERR,ERR,ERR,ERR,ERR,ERR,ERR,ERR,ERR,ERR,ERR,ERR,ERR,ERR,ERR,ERR,ERR,ERR,ERR,ERR,ERR,ERR,ERR,ERR,ERR,ERR,2.718428759860196e+23,0.0,-0.0,0.0,0.0,1.3936040501711995e+18,7.805,0.0,0,0,4,0,8422,0.0,45,0.0,0.0,0.0,0.0,0.0,0,0,0,0,0.0,0,0,0,0,0,0,0,0,0,0,0,0,0,0,0,0,0,0,0,0,0,0,0,0,0,0,0,0,0,0,0,0,0,38,14,7,45,65476,0,300,0,0,8,21553,0.0,-107605600.0,0.0,0.0,0.0,0.0,0.0,0.0,0.0,0.0,0.0,0.0,0.0,0.0,0.0,0.0,0.0,0.0,0.0,0.0,0.0,0.0,0.0,2.004,-2.004,2.004,0.0,0.0,0.0,0.0,5052.0,2.422988192762658e+24,0.0,0.0,0.0,0.0,-107615304.0,0.0,0.0,0.0,0.0,53,-0.0,5.848056079300204e+35,0.0,0.0,0.0,0.0,0.0,0.0,0.0,0,0,0,0.0,0.0,0.0,0.0,0.0,0.0,0.0,0.0,0.0,0.0,0.0,0.0,0.0,0.0,0.0,0.0,0,-107875648.0,53,0.0,106,-107614832.0,2.7006707062415038e+23,ERR,ERR,ERR,ERR,ERR,ERR,ERR,ERR,ERR,ERR,ERR,ERR,ERR,ERR,ERR,ERR,ERR,ERR,ERR,ERR,ERR,ERR,ERR,ERR,ERR,ERR,ERR,ERR,ERR,ERR,ERR,ERR,ERR,ERR,ERR,ERR,ERR,ERR,ERR,ERR,ERR,ERR,ERR,ERR,ERR,ERR,ERR,ERR,ERR,ERR,ERR,ERR,ERR,ERR,ERR,ERR,ERR,ERR,ERR,ERR,ERR,ERR,ERR,ERR,ERR,ERR,ERR,50.0,60.0,100,0.0,0.0,0.0,0.0,0.0,0.0,0.0,0.0,0.0,0.0,0.0,0.0,0.0,0.0,0.0,0.0,61.6,77,11,65509,50,65476,0,300,0,0,8,20529,65476,0,0,26214,60.0,0.0,0.0,0.0,0.0,0.0
2026-05-17T16:59:38,ERR,ERR,ERR,ERR,ERR,ERR,ERR,ERR,ERR,ERR,ERR,ERR,ERR,ERR,ERR,ERR,ERR,ERR,ERR,ERR,ERR,ERR,ERR,ERR,ERR,ERR,ERR,ERR,ERR,ERR,ERR,ERR,ERR,ERR,ERR,ERR,ERR,ERR,ERR,ERR,ERR,ERR,ERR,ERR,ERR,ERR,ERR,ERR,ERR,ERR,ERR,ERR,ERR,ERR,ERR,ERR,ERR,ERR,ERR,ERR,ERR,ERR,ERR,ERR,ERR,ERR,ERR,ERR,ERR,ERR,ERR,ERR,ERR,ERR,ERR,ERR,ERR,ERR,ERR,ERR,ERR,ERR,ERR,ERR,ERR,ERR,ERR,ERR,ERR,ERR,ERR,ERR,ERR,ERR,ERR,ERR,ERR,ERR,ERR,ERR,ERR,ERR,ERR,ERR,ERR,ERR,ERR,ERR,ERR,ERR,ERR,ERR,ERR,ERR,ERR,ERR,ERR,ERR,ERR,ERR,ERR,ERR,ERR,ERR,ERR,2.718428759860196e+23,0.0,-0.0,0.0,0.0,1.3936040501711995e+18,7.805,0.0,0,0,4,0,8422,0.0,45,0.0,0.0,0.0,0.0,0.0,0,0,0,0,0.0,0,0,0,0,0,0,0,0,0,0,0,0,0,0,0,0,0,0,0,0,0,0,0,0,0,0,0,0,0,0,0,0,0,38,14,7,45,65476,0,300,0,0,8,21553,0.0,-107605600.0,0.0,0.0,0.0,0.0,0.0,0.0,0.0,0.0,0.0,0.0,0.0,0.0,0.0,0.0,0.0,0.0,0.0,0.0,0.0,0.0,0.0,2.004,-2.004,2.004,0.0,0.0,0.0,0.0,5052.0,2.422988192762658e+24,0.0,0.0,0.0,0.0,-107615304.0,0.0,0.0,0.0,0.0,53,-0.0,5.848056079300204e+35,0.0,0.0,0.0,0.0,0.0,0.0,0.0,0,0,0,0.0,0.0,0.0,0.0,0.0,0.0,0.0,0.0,0.0,0.0,0.0,0.0,0.0,0.0,0.0,0.0,0,-107875648.0,53,0.0,106,-107614832.0,2.7006707062415038e+23,ERR,ERR,ERR,ERR,ERR,ERR,ERR,ERR,ERR,ERR,ERR,ERR,ERR,ERR,ERR,ERR,ERR,ERR,ERR,ERR,ERR,ERR,ERR,ERR,ERR,ERR,ERR,ERR,ERR,ERR,ERR,ERR,ERR,ERR,ERR,ERR,ERR,ERR,ERR,ERR,ERR,ERR,ERR,ERR,ERR,ERR,ERR,ERR,ERR,ERR,ERR,ERR,ERR,ERR,ERR,ERR,ERR,ERR,ERR,ERR,ERR,ERR,ERR,ERR,ERR,ERR,ERR,50.0,60.0,100,0.0,0.0,0.0,0.0,0.0,0.0,0.0,0.0,0.0,0.0,0.0,0.0,0.0,0.0,0.0,0.0,61.6,77,11,65509,50,65476,0,300,0,0,8,20529,65476,0,0,26214,60.0,0.0,0.0,0.0,0.0,0.0
2026-05-17T16:59:39,ERR,ERR,ERR,ERR,ERR,ERR,ERR,ERR,ERR,ERR,ERR,ERR,ERR,ERR,ERR,ERR,ERR,ERR,ERR,ERR,ERR,ERR,ERR,ERR,ERR,ERR,ERR,ERR,ERR,ERR,ERR,ERR,ERR,ERR,ERR,ERR,ERR,ERR,ERR,ERR,ERR,ERR,ERR,ERR,ERR,ERR,ERR,ERR,ERR,ERR,ERR,ERR,ERR,ERR,ERR,ERR,ERR,ERR,ERR,ERR,ERR,ERR,ERR,ERR,ERR,ERR,ERR,ERR,ERR,ERR,ERR,ERR,ERR,ERR,ERR,ERR,ERR,ERR,ERR,ERR,ERR,ERR,ERR,ERR,ERR,ERR,ERR,ERR,ERR,ERR,ERR,ERR,ERR,ERR,ERR,ERR,ERR,ERR,ERR,ERR,ERR,ERR,ERR,ERR,ERR,ERR,ERR,ERR,ERR,ERR,ERR,ERR,ERR,ERR,ERR,ERR,ERR,ERR,ERR,ERR,ERR,ERR,ERR,ERR,ERR,2.718428759860196e+23,0.0,-0.0,0.0,0.0,1.3936040501711995e+18,7.805,0.0,0,0,4,0,8422,0.0,45,0.0,0.0,0.0,0.0,0.0,0,0,0,0,0.0,0,0,0,0,0,0,0,0,0,0,0,0,0,0,0,0,0,0,0,0,0,0,0,0,0,0,0,0,0,0,0,0,0,38,14,7,45,65476,0,300,0,0,8,21553,0.0,-107605600.0,0.0,0.0,0.0,0.0,0.0,0.0,0.0,0.0,0.0,0.0,0.0,0.0,0.0,0.0,0.0,0.0,0.0,0.0,0.0,0.0,0.0,2.004,-2.004,2.004,0.0,0.0,0.0,0.0,5052.0,2.422988192762658e+24,0.0,0.0,0.0,0.0,-107615304.0,0.0,0.0,0.0,0.0,53,-0.0,5.848056079300204e+35,0.0,0.0,0.0,0.0,0.0,0.0,0.0,0,0,0,0.0,0.0,0.0,0.0,0.0,0.0,0.0,0.0,0.0,0.0,0.0,0.0,0.0,0.0,0.0,0.0,0,-107875648.0,53,0.0,106,-107614832.0,2.7006707062415038e+23,ERR,ERR,ERR,ERR,ERR,ERR,ERR,ERR,ERR,ERR,ERR,ERR,ERR,ERR,ERR,ERR,ERR,ERR,ERR,ERR,ERR,ERR,ERR,ERR,ERR,ERR,ERR,ERR,ERR,ERR,ERR,ERR,ERR,ERR,ERR,ERR,ERR,ERR,ERR,ERR,ERR,ERR,ERR,ERR,ERR,ERR,ERR,ERR,ERR,ERR,ERR,ERR,ERR,ERR,ERR,ERR,ERR,ERR,ERR,ERR,ERR,ERR,ERR,ERR,ERR,ERR,ERR,50.0,60.0,100,0.0,0.0,0.0,0.0,0.0,0.0,0.0,0.0,0.0,0.0,0.0,0.0,0.0,0.0,0.0,0.0,61.6,77,11,65509,50,65476,0,300,0,0,8,20529,65476,0,0,26214,60.0,0.0,0.0,0.0,0.0,0.0
2026-05-17T16:59:40,ERR,ERR,ERR,ERR,ERR,ERR,ERR,ERR,ERR,ERR,ERR,ERR,ERR,ERR,ERR,ERR,ERR,ERR,ERR,ERR,ERR,ERR,ERR,ERR,ERR,ERR,ERR,ERR,ERR,ERR,ERR,ERR,ERR,ERR,ERR,ERR,ERR,ERR,ERR,ERR,ERR,ERR,ERR,ERR,ERR,ERR,ERR,ERR,ERR,ERR,ERR,ERR,ERR,ERR,ERR,ERR,ERR,ERR,ERR,ERR,ERR,ERR,ERR,ERR,ERR,ERR,ERR,ERR,ERR,ERR,ERR,ERR,ERR,ERR,ERR,ERR,ERR,ERR,ERR,ERR,ERR,ERR,ERR,ERR,ERR,ERR,ERR,ERR,ERR,ERR,ERR,ERR,ERR,ERR,ERR,ERR,ERR,ERR,ERR,ERR,ERR,ERR,ERR,ERR,ERR,ERR,ERR,ERR,ERR,ERR,ERR,ERR,ERR,ERR,ERR,ERR,ERR,ERR,ERR,ERR,ERR,ERR,ERR,ERR,ERR,0.0,0.0,0.0,0.0,0.0,1.3936040501711995e+18,7.805,0.0,0,0,4,0,8422,0.0,45,0.0,0.0,0.0,0.0,0.0,0,0,0,0,0.0,0,0,0,0,0,0,0,0,0,0,0,0,0,0,0,0,0,0,0,0,0,0,0,0,0,0,0,0,0,0,0,0,0,38,14,7,45,65476,0,300,0,0,8,21553,0.0,-107605600.0,0.0,0.0,0.0,0.0,0.0,0.0,0.0,0.0,0.0,0.0,0.0,0.0,0.0,0.0,0.0,0.0,0.0,0.0,0.0,0.0,0.0,0.0,-2.004,2.004,0.0,0.0,0.0,0.0,5049.0,3.697186573429349e+19,0.0,2.718428759860196e+23,0.0,0.0,-107615304.0,0.0,0.0,0.0,0.0,53,-0.0,4.0668540358038725e+29,0.0,0.0,0.0,0.0,0.0,0.0,0.0,0,0,0,0.0,0.0,0.0,0.0,0.0,0.0,0.0,0.0,0.0,0.0,0.0,0.0,0.0,0.0,0.0,0.0,0,-107875648.0,53,0.0,106,-107614832.0,2.7006707062415038e+23,ERR,ERR,ERR,ERR,ERR,ERR,ERR,ERR,ERR,ERR,ERR,ERR,ERR,ERR,ERR,ERR,ERR,ERR,ERR,ERR,ERR,ERR,ERR,ERR,ERR,ERR,ERR,ERR,ERR,ERR,ERR,ERR,ERR,ERR,ERR,ERR,ERR,ERR,ERR,ERR,ERR,ERR,ERR,ERR,ERR,ERR,ERR,ERR,ERR,ERR,ERR,ERR,ERR,ERR,ERR,ERR,ERR,ERR,ERR,ERR,ERR,ERR,ERR,ERR,ERR,ERR,ERR,50.0,60.0,100,0.0,0.0,0.0,0.0,0.0,0.0,0.0,0.0,0.0,0.0,0.0,0.0,0.0,0.0,0.0,0.0,61.6,77,11,65509,50,65476,0,300,0,0,8,20529,65476,0,0,26214,60.0,0.0,0.0,0.0,0.0,0.0
2026-05-17T16:59:41,ERR,ERR,ERR,ERR,ERR,ERR,ERR,ERR,ERR,ERR,ERR,ERR,ERR,ERR,ERR,ERR,ERR,ERR,ERR,ERR,ERR,ERR,ERR,ERR,ERR,ERR,ERR,ERR,ERR,ERR,ERR,ERR,ERR,ERR,ERR,ERR,ERR,ERR,ERR,ERR,ERR,ERR,ERR,ERR,ERR,ERR,ERR,ERR,ERR,ERR,ERR,ERR,ERR,ERR,ERR,ERR,ERR,ERR,ERR,ERR,ERR,ERR,ERR,ERR,ERR,ERR,ERR,ERR,ERR,ERR,ERR,ERR,ERR,ERR,ERR,ERR,ERR,ERR,ERR,ERR,ERR,ERR,ERR,ERR,ERR,ERR,ERR,ERR,ERR,ERR,ERR,ERR,ERR,ERR,ERR,ERR,ERR,ERR,ERR,ERR,ERR,ERR,ERR,ERR,ERR,ERR,ERR,ERR,ERR,ERR,ERR,ERR,ERR,ERR,ERR,ERR,ERR,ERR,ERR,ERR,ERR,ERR,ERR,ERR,ERR,0.0,0.0,0.0,0.0,0.0,1.3936040501711995e+18,7.805,0.0,0,0,4,0,8422,0.0,45,0.0,0.0,0.0,0.0,0.0,0,0,0,0,0.0,0,0,0,0,0,0,0,0,0,0,0,0,0,0,0,0,0,0,0,0,0,0,0,0,0,0,0,0,0,0,0,0,0,38,14,7,45,65476,0,300,0,0,8,21553,0.0,-107605600.0,0.0,0.0,0.0,0.0,0.0,0.0,0.0,0.0,0.0,0.0,0.0,0.0,0.0,0.0,0.0,0.0,0.0,0.0,0.0,0.0,0.0,0.0,-2.004,2.004,0.0,0.0,0.0,0.0,5049.0,3.697186573429349e+19,0.0,2.718428759860196e+23,0.0,0.0,-107615304.0,0.0,0.0,0.0,0.0,53,-0.0,4.0668540358038725e+29,0.0,0.0,0.0,0.0,0.0,0.0,0.0,0,0,0,0.0,0.0,0.0,0.0,0.0,0.0,0.0,0.0,0.0,0.0,0.0,0.0,0.0,0.0,0.0,0.0,0,-107875648.0,53,0.0,106,-107614832.0,2.7006707062415038e+23,ERR,ERR,ERR,ERR,ERR,ERR,ERR,ERR,ERR,ERR,ERR,ERR,ERR,ERR,ERR,ERR,ERR,ERR,ERR,ERR,ERR,ERR,ERR,ERR,ERR,ERR,ERR,ERR,ERR,ERR,ERR,ERR,ERR,ERR,ERR,ERR,ERR,ERR,ERR,ERR,ERR,ERR,ERR,ERR,ERR,ERR,ERR,ERR,ERR,ERR,ERR,ERR,ERR,ERR,ERR,ERR,ERR,ERR,ERR,ERR,ERR,ERR,ERR,ERR,ERR,ERR,ERR,50.0,60.0,100,0.0,0.0,0.0,0.0,0.0,0.0,0.0,0.0,0.0,0.0,0.0,0.0,0.0,0.0,0.0,0.0,61.6,77,11,65509,50,65476,0,300,0,0,8,20529,65476,0,0,26214,60.0,0.0,0.0,0.0,0.0,0.0
2026-05-17T16:59:42,ERR,ERR,ERR,ERR,ERR,ERR,ERR,ERR,ERR,ERR,ERR,ERR,ERR,ERR,ERR,ERR,ERR,ERR,ERR,ERR,ERR,ERR,ERR,ERR,ERR,ERR,ERR,ERR,ERR,ERR,ERR,ERR,ERR,ERR,ERR,ERR,ERR,ERR,ERR,ERR,ERR,ERR,ERR,ERR,ERR,ERR,ERR,ERR,ERR,ERR,ERR,ERR,ERR,ERR,ERR,ERR,ERR,ERR,ERR,ERR,ERR,ERR,ERR,ERR,ERR,ERR,ERR,ERR,ERR,ERR,ERR,ERR,ERR,ERR,ERR,ERR,ERR,ERR,ERR,ERR,ERR,ERR,ERR,ERR,ERR,ERR,ERR,ERR,ERR,ERR,ERR,ERR,ERR,ERR,ERR,ERR,ERR,ERR,ERR,ERR,ERR,ERR,ERR,ERR,ERR,ERR,ERR,ERR,ERR,ERR,ERR,ERR,ERR,ERR,ERR,ERR,ERR,ERR,ERR,ERR,ERR,ERR,ERR,ERR,ERR,0.0,0.0,0.0,0.0,0.0,1.3936040501711995e+18,7.805,0.0,0,0,4,0,8422,0.0,45,0.0,0.0,0.0,0.0,0.0,0,0,0,0,0.0,0,0,0,0,0,0,0,0,0,0,0,0,0,0,0,0,0,0,0,0,0,0,0,0,0,0,0,0,0,0,0,0,0,38,14,7,45,65476,0,300,0,0,8,21553,0.0,-107605600.0,0.0,0.0,0.0,0.0,0.0,0.0,0.0,0.0,0.0,0.0,0.0,0.0,0.0,0.0,0.0,0.0,0.0,0.0,0.0,0.0,0.0,0.0,-2.004,2.004,0.0,0.0,0.0,0.0,5049.0,3.697186573429349e+19,0.0,2.718428759860196e+23,0.0,0.0,-107615304.0,0.0,0.0,0.0,0.0,53,-0.0,4.0668540358038725e+29,0.0,0.0,0.0,0.0,0.0,0.0,0.0,0,0,0,0.0,0.0,0.0,0.0,0.0,0.0,0.0,0.0,0.0,0.0,0.0,0.0,0.0,0.0,0.0,0.0,0,-107875648.0,53,0.0,106,-107614832.0,2.7006707062415038e+23,ERR,ERR,ERR,ERR,ERR,ERR,ERR,ERR,ERR,ERR,ERR,ERR,ERR,ERR,ERR,ERR,ERR,ERR,ERR,ERR,ERR,ERR,ERR,ERR,ERR,ERR,ERR,ERR,ERR,ERR,ERR,ERR,ERR,ERR,ERR,ERR,ERR,ERR,ERR,ERR,ERR,ERR,ERR,ERR,ERR,ERR,ERR,ERR,ERR,ERR,ERR,ERR,ERR,ERR,ERR,ERR,ERR,ERR,ERR,ERR,ERR,ERR,ERR,ERR,ERR,ERR,ERR,50.0,60.0,100,0.0,0.0,0.0,0.0,0.0,0.0,0.0,0.0,0.0,0.0,0.0,0.0,0.0,0.0,0.0,0.0,61.6,77,11,65509,50,65476,0,300,0,0,8,20529,65476,0,0,26214,60.0,0.0,0.0,0.0,0.0,0.0
2026-05-17T16:59:43,ERR,ERR,ERR,ERR,ERR,ERR,ERR,ERR,ERR,ERR,ERR,ERR,ERR,ERR,ERR,ERR,ERR,ERR,ERR,ERR,ERR,ERR,ERR,ERR,ERR,ERR,ERR,ERR,ERR,ERR,ERR,ERR,ERR,ERR,ERR,ERR,ERR,ERR,ERR,ERR,ERR,ERR,ERR,ERR,ERR,ERR,ERR,ERR,ERR,ERR,ERR,ERR,ERR,ERR,ERR,ERR,ERR,ERR,ERR,ERR,ERR,ERR,ERR,ERR,ERR,ERR,ERR,ERR,ERR,ERR,ERR,ERR,ERR,ERR,ERR,ERR,ERR,ERR,ERR,ERR,ERR,ERR,ERR,ERR,ERR,ERR,ERR,ERR,ERR,ERR,ERR,ERR,ERR,ERR,ERR,ERR,ERR,ERR,ERR,ERR,ERR,ERR,ERR,ERR,ERR,ERR,ERR,ERR,ERR,ERR,ERR,ERR,ERR,ERR,ERR,ERR,ERR,ERR,ERR,ERR,ERR,ERR,ERR,ERR,ERR,0.0,0.0,0.0,0.0,0.0,1.3936040501711995e+18,7.805,0.0,0,0,4,0,8422,0.0,45,0.0,0.0,0.0,0.0,0.0,0,0,0,0,0.0,0,0,0,0,0,0,0,0,0,0,0,0,0,0,0,0,0,0,0,0,0,0,0,0,0,0,0,0,0,0,0,0,0,38,14,7,45,65476,0,300,0,0,8,21553,0.0,-107605600.0,0.0,0.0,0.0,0.0,0.0,0.0,0.0,0.0,0.0,0.0,0.0,0.0,0.0,0.0,0.0,0.0,0.0,0.0,0.0,0.0,0.0,0.0,-2.004,2.004,0.0,0.0,0.0,0.0,5049.0,3.697186573429349e+19,0.0,2.718428759860196e+23,0.0,0.0,-107615304.0,0.0,0.0,0.0,0.0,53,-0.0,4.0668540358038725e+29,0.0,0.0,0.0,0.0,0.0,0.0,0.0,0,0,0,0.0,0.0,0.0,0.0,0.0,0.0,0.0,0.0,0.0,0.0,0.0,0.0,0.0,0.0,0.0,0.0,0,-107875648.0,53,0.0,106,-107614832.0,2.7006707062415038e+23,ERR,ERR,ERR,ERR,ERR,ERR,ERR,ERR,ERR,ERR,ERR,ERR,ERR,ERR,ERR,ERR,ERR,ERR,ERR,ERR,ERR,ERR,ERR,ERR,ERR,ERR,ERR,ERR,ERR,ERR,ERR,ERR,ERR,ERR,ERR,ERR,ERR,ERR,ERR,ERR,ERR,ERR,ERR,ERR,ERR,ERR,ERR,ERR,ERR,ERR,ERR,ERR,ERR,ERR,ERR,ERR,ERR,ERR,ERR,ERR,ERR,ERR,ERR,ERR,ERR,ERR,ERR,50.0,60.0,100,0.0,0.0,0.0,0.0,0.0,0.0,0.0,0.0,0.0,0.0,0.0,0.0,0.0,0.0,0.0,0.0,61.6,77,11,65509,50,65476,0,300,0,0,8,20529,65476,0,0,26214,60.0,0.0,0.0,0.0,0.0,0.0
2026-05-17T16:59:44,ERR,ERR,ERR,ERR,ERR,ERR,ERR,ERR,ERR,ERR,ERR,ERR,ERR,ERR,ERR,ERR,ERR,ERR,ERR,ERR,ERR,ERR,ERR,ERR,ERR,ERR,ERR,ERR,ERR,ERR,ERR,ERR,ERR,ERR,ERR,ERR,ERR,ERR,ERR,ERR,ERR,ERR,ERR,ERR,ERR,ERR,ERR,ERR,ERR,ERR,ERR,ERR,ERR,ERR,ERR,ERR,ERR,ERR,ERR,ERR,ERR,ERR,ERR,ERR,ERR,ERR,ERR,ERR,ERR,ERR,ERR,ERR,ERR,ERR,ERR,ERR,ERR,ERR,ERR,ERR,ERR,ERR,ERR,ERR,ERR,ERR,ERR,ERR,ERR,ERR,ERR,ERR,ERR,ERR,ERR,ERR,ERR,ERR,ERR,ERR,ERR,ERR,ERR,ERR,ERR,ERR,ERR,ERR,ERR,ERR,ERR,ERR,ERR,ERR,ERR,ERR,ERR,ERR,ERR,ERR,ERR,ERR,ERR,ERR,ERR,0.0,0.0,0.0,0.0,0.0,1.3936040501711995e+18,7.805,0.0,0,0,4,0,8422,0.0,45,0.0,0.0,0.0,0.0,0.0,0,0,0,0,0.0,0,0,0,0,0,0,0,0,0,0,0,0,0,0,0,0,0,0,0,0,0,0,0,0,0,0,0,0,0,0,0,0,0,38,14,7,45,65476,0,300,0,0,8,21553,0.0,-107605600.0,0.0,0.0,0.0,0.0,0.0,0.0,0.0,0.0,0.0,0.0,0.0,0.0,0.0,0.0,0.0,0.0,0.0,0.0,0.0,0.0,0.0,0.0,-2.004,2.004,0.0,0.0,0.0,0.0,5049.0,3.697186573429349e+19,0.0,2.718428759860196e+23,0.0,0.0,-107615304.0,0.0,0.0,0.0,0.0,53,-0.0,4.0668540358038725e+29,0.0,0.0,0.0,0.0,0.0,0.0,0.0,0,0,0,0.0,0.0,0.0,0.0,0.0,0.0,0.0,0.0,0.0,0.0,0.0,0.0,0.0,0.0,0.0,0.0,0,-107875648.0,53,0.0,106,-107614832.0,2.7006707062415038e+23,ERR,ERR,ERR,ERR,ERR,ERR,ERR,ERR,ERR,ERR,ERR,ERR,ERR,ERR,ERR,ERR,ERR,ERR,ERR,ERR,ERR,ERR,ERR,ERR,ERR,ERR,ERR,ERR,ERR,ERR,ERR,ERR,ERR,ERR,ERR,ERR,ERR,ERR,ERR,ERR,ERR,ERR,ERR,ERR,ERR,ERR,ERR,ERR,ERR,ERR,ERR,ERR,ERR,ERR,ERR,ERR,ERR,ERR,ERR,ERR,ERR,ERR,ERR,ERR,ERR,ERR,ERR,50.0,60.0,100,0.0,0.0,0.0,0.0,0.0,0.0,0.0,0.0,0.0,0.0,0.0,0.0,0.0,0.0,0.0,0.0,61.6,77,11,65509,50,65476,0,300,0,0,8,20529,65476,0,0,26214,60.0,0.0,0.0,0.0,0.0,0.0
2026-05-17T16:59:45,ERR,ERR,ERR,ERR,ERR,ERR,ERR,ERR,ERR,ERR,ERR,ERR,ERR,ERR,ERR,ERR,ERR,ERR,ERR,ERR,ERR,ERR,ERR,ERR,ERR,ERR,ERR,ERR,ERR,ERR,ERR,ERR,ERR,ERR,ERR,ERR,ERR,ERR,ERR,ERR,ERR,ERR,ERR,ERR,ERR,ERR,ERR,ERR,ERR,ERR,ERR,ERR,ERR,ERR,ERR,ERR,ERR,ERR,ERR,ERR,ERR,ERR,ERR,ERR,ERR,ERR,ERR,ERR,ERR,ERR,ERR,ERR,ERR,ERR,ERR,ERR,ERR,ERR,ERR,ERR,ERR,ERR,ERR,ERR,ERR,ERR,ERR,ERR,ERR,ERR,ERR,ERR,ERR,ERR,ERR,ERR,ERR,ERR,ERR,ERR,ERR,ERR,ERR,ERR,ERR,ERR,ERR,ERR,ERR,ERR,ERR,ERR,ERR,ERR,ERR,ERR,ERR,ERR,ERR,ERR,ERR,ERR,ERR,ERR,ERR,0.0,0.0,0.0,0.0,0.0,1.3936040501711995e+18,7.805,0.0,0,0,4,0,8422,0.0,45,0.0,0.0,0.0,0.0,0.0,0,0,0,0,0.0,0,0,0,0,0,0,0,0,0,0,0,0,0,0,0,0,0,0,0,0,0,0,0,0,0,0,0,0,0,0,0,0,0,38,14,7,45,65476,0,300,0,0,8,21553,0.0,-107605600.0,0.0,0.0,0.0,0.0,0.0,0.0,0.0,0.0,0.0,0.0,0.0,0.0,0.0,0.0,0.0,0.0,0.0,0.0,0.0,0.0,0.0,0.0,-2.004,2.004,0.0,0.0,0.0,0.0,5049.0,3.697186573429349e+19,0.0,2.718428759860196e+23,0.0,0.0,-107615304.0,0.0,0.0,0.0,0.0,53,-0.0,4.0668540358038725e+29,0.0,0.0,0.0,0.0,0.0,0.0,0.0,0,0,0,0.0,0.0,0.0,0.0,0.0,0.0,0.0,0.0,0.0,0.0,0.0,0.0,0.0,0.0,0.0,0.0,0,-107875648.0,53,0.0,106,-107614832.0,2.7006707062415038e+23,ERR,ERR,ERR,ERR,ERR,ERR,ERR,ERR,ERR,ERR,ERR,ERR,ERR,ERR,ERR,ERR,ERR,ERR,ERR,ERR,ERR,ERR,ERR,ERR,ERR,ERR,ERR,ERR,ERR,ERR,ERR,ERR,ERR,ERR,ERR,ERR,ERR,ERR,ERR,ERR,ERR,ERR,ERR,ERR,ERR,ERR,ERR,ERR,ERR,ERR,ERR,ERR,ERR,ERR,ERR,ERR,ERR,ERR,ERR,ERR,ERR,ERR,ERR,ERR,ERR,ERR,ERR,50.0,60.0,100,0.0,0.0,0.0,0.0,0.0,0.0,0.0,0.0,0.0,0.0,0.0,0.0,0.0,0.0,0.0,0.0,61.6,77,11,65509,50,65476,0,300,0,0,8,20529,65476,0,0,26214,60.0,0.0,0.0,0.0,0.0,0.0
2026-05-17T16:59:46,ERR,ERR,ERR,ERR,ERR,ERR,ERR,ERR,ERR,ERR,ERR,ERR,ERR,ERR,ERR,ERR,ERR,ERR,ERR,ERR,ERR,ERR,ERR,ERR,ERR,ERR,ERR,ERR,ERR,ERR,ERR,ERR,ERR,ERR,ERR,ERR,ERR,ERR,ERR,ERR,ERR,ERR,ERR,ERR,ERR,ERR,ERR,ERR,ERR,ERR,ERR,ERR,ERR,ERR,ERR,ERR,ERR,ERR,ERR,ERR,ERR,ERR,ERR,ERR,ERR,ERR,ERR,ERR,ERR,ERR,ERR,ERR,ERR,ERR,ERR,ERR,ERR,ERR,ERR,ERR,ERR,ERR,ERR,ERR,ERR,ERR,ERR,ERR,ERR,ERR,ERR,ERR,ERR,ERR,ERR,ERR,ERR,ERR,ERR,ERR,ERR,ERR,ERR,ERR,ERR,ERR,ERR,ERR,ERR,ERR,ERR,ERR,ERR,ERR,ERR,ERR,ERR,ERR,ERR,ERR,ERR,ERR,ERR,ERR,ERR,0.0,0.0,-134474944.0,0.0,0.0,1.3936040501711995e+18,7.805,0.0,0,0,4,0,8422,0.0,45,0.0,0.0,0.0,0.0,0.0,0,0,0,0,0.0,0,0,0,0,0,0,0,0,0,0,0,0,0,0,0,0,0,0,0,0,0,0,0,0,0,0,0,0,0,0,0,0,0,38,14,7,45,65476,0,300,0,0,8,21553,0.0,-107605600.0,0.0,0.0,0.0,0.0,0.0,0.0,0.0,0.0,0.0,0.0,0.0,0.0,0.0,0.0,0.0,0.0,0.0,0.0,0.0,0.0,0.0,0.0,-2.004,2.004,0.0,0.0,0.0,0.0,5046.0,2.422988192762658e+24,0.0,0.0,0.0,0.0,-107615304.0,0.0,0.0,0.0,0.0,53,5.848083413016271e+35,-0.0,0.0,0.0,0.0,0.0,0.0,0.0,0.0,0,0,0,0.0,0.0,0.0,0.0,0.0,0.0,0.0,0.0,0.0,0.0,0.0,0.0,0.0,0.0,0.0,0.0,0,-107875648.0,53,0.0,106,-107614832.0,2.7006707062415038e+23,ERR,ERR,ERR,ERR,ERR,ERR,ERR,ERR,ERR,ERR,ERR,ERR,ERR,ERR,ERR,ERR,ERR,ERR,ERR,ERR,ERR,ERR,ERR,ERR,ERR,ERR,ERR,ERR,ERR,ERR,ERR,ERR,ERR,ERR,ERR,ERR,ERR,ERR,ERR,ERR,ERR,ERR,ERR,ERR,ERR,ERR,ERR,ERR,ERR,ERR,ERR,ERR,ERR,ERR,ERR,ERR,ERR,ERR,ERR,ERR,ERR,ERR,ERR,ERR,ERR,ERR,ERR,50.0,60.0,100,0.0,0.0,0.0,0.0,0.0,0.0,0.0,0.0,0.0,0.0,0.0,0.0,0.0,0.0,0.0,0.0,61.6,77,11,65509,50,65476,0,300,0,0,8,20529,65476,0,0,26214,60.0,0.0,0.0,0.0,0.0,0.0
2026-05-17T16:59:47,ERR,ERR,ERR,ERR,ERR,ERR,ERR,ERR,ERR,ERR,ERR,ERR,ERR,ERR,ERR,ERR,ERR,ERR,ERR,ERR,ERR,ERR,ERR,ERR,ERR,ERR,ERR,ERR,ERR,ERR,ERR,ERR,ERR,ERR,ERR,ERR,ERR,ERR,ERR,ERR,ERR,ERR,ERR,ERR,ERR,ERR,ERR,ERR,ERR,ERR,ERR,ERR,ERR,ERR,ERR,ERR,ERR,ERR,ERR,ERR,ERR,ERR,ERR,ERR,ERR,ERR,ERR,ERR,ERR,ERR,ERR,ERR,ERR,ERR,ERR,ERR,ERR,ERR,ERR,ERR,ERR,ERR,ERR,ERR,ERR,ERR,ERR,ERR,ERR,ERR,ERR,ERR,ERR,ERR,ERR,ERR,ERR,ERR,ERR,ERR,ERR,ERR,ERR,ERR,ERR,ERR,ERR,ERR,ERR,ERR,ERR,ERR,ERR,ERR,ERR,ERR,ERR,ERR,ERR,ERR,ERR,ERR,ERR,ERR,ERR,0.0,0.0,-134474944.0,0.0,0.0,1.3936040501711995e+18,7.805,0.0,0,0,4,0,8422,0.0,45,0.0,0.0,0.0,0.0,0.0,0,0,0,0,0.0,0,0,0,0,0,0,0,0,0,0,0,0,0,0,0,0,0,0,0,0,0,0,0,0,0,0,0,0,0,0,0,0,0,38,14,7,45,65476,0,300,0,0,8,21553,0.0,-107605600.0,0.0,0.0,0.0,0.0,0.0,0.0,0.0,0.0,0.0,0.0,0.0,0.0,0.0,0.0,0.0,0.0,0.0,0.0,0.0,0.0,0.0,0.0,-2.004,2.004,0.0,0.0,0.0,0.0,5046.0,2.422988192762658e+24,0.0,0.0,0.0,0.0,-107615304.0,0.0,0.0,0.0,0.0,53,5.848083413016271e+35,-0.0,0.0,0.0,0.0,0.0,0.0,0.0,0.0,0,0,0,0.0,0.0,0.0,0.0,0.0,0.0,0.0,0.0,0.0,0.0,0.0,0.0,0.0,0.0,0.0,0.0,0,-107875648.0,53,0.0,106,-107614832.0,2.7006707062415038e+23,ERR,ERR,ERR,ERR,ERR,ERR,ERR,ERR,ERR,ERR,ERR,ERR,ERR,ERR,ERR,ERR,ERR,ERR,ERR,ERR,ERR,ERR,ERR,ERR,ERR,ERR,ERR,ERR,ERR,ERR,ERR,ERR,ERR,ERR,ERR,ERR,ERR,ERR,ERR,ERR,ERR,ERR,ERR,ERR,ERR,ERR,ERR,ERR,ERR,ERR,ERR,ERR,ERR,ERR,ERR,ERR,ERR,ERR,ERR,ERR,ERR,ERR,ERR,ERR,ERR,ERR,ERR,50.0,60.0,100,0.0,0.0,0.0,0.0,0.0,0.0,0.0,0.0,0.0,0.0,0.0,0.0,0.0,0.0,0.0,0.0,61.6,77,11,65509,50,65476,0,300,0,0,8,20529,65476,0,0,26214,60.0,0.0,0.0,0.0,0.0,0.0
2026-05-17T16:59:48,ERR,ERR,ERR,ERR,ERR,ERR,ERR,ERR,ERR,ERR,ERR,ERR,ERR,ERR,ERR,ERR,ERR,ERR,ERR,ERR,ERR,ERR,ERR,ERR,ERR,ERR,ERR,ERR,ERR,ERR,ERR,ERR,ERR,ERR,ERR,ERR,ERR,ERR,ERR,ERR,ERR,ERR,ERR,ERR,ERR,ERR,ERR,ERR,ERR,ERR,ERR,ERR,ERR,ERR,ERR,ERR,ERR,ERR,ERR,ERR,ERR,ERR,ERR,ERR,ERR,ERR,ERR,ERR,ERR,ERR,ERR,ERR,ERR,ERR,ERR,ERR,ERR,ERR,ERR,ERR,ERR,ERR,ERR,ERR,ERR,ERR,ERR,ERR,ERR,ERR,ERR,ERR,ERR,ERR,ERR,ERR,ERR,ERR,ERR,ERR,ERR,ERR,ERR,ERR,ERR,ERR,ERR,ERR,ERR,ERR,ERR,ERR,ERR,ERR,ERR,ERR,ERR,ERR,ERR,ERR,ERR,ERR,ERR,ERR,ERR,0.0,0.0,-134474944.0,0.0,0.0,1.3936040501711995e+18,7.805,0.0,0,0,4,0,8422,0.0,45,0.0,0.0,0.0,0.0,0.0,0,0,0,0,0.0,0,0,0,0,0,0,0,0,0,0,0,0,0,0,0,0,0,0,0,0,0,0,0,0,0,0,0,0,0,0,0,0,0,38,14,7,45,65476,0,300,0,0,8,21553,0.0,-107605600.0,0.0,0.0,0.0,0.0,0.0,0.0,0.0,0.0,0.0,0.0,0.0,0.0,0.0,0.0,0.0,0.0,0.0,0.0,0.0,0.0,0.0,0.0,-2.004,2.004,0.0,0.0,0.0,0.0,5046.0,2.422988192762658e+24,0.0,0.0,0.0,0.0,-107615304.0,0.0,0.0,0.0,0.0,53,5.848083413016271e+35,-0.0,0.0,0.0,0.0,0.0,0.0,0.0,0.0,0,0,0,0.0,0.0,0.0,0.0,0.0,0.0,0.0,0.0,0.0,0.0,0.0,0.0,0.0,0.0,0.0,0.0,0,-107875648.0,53,0.0,106,-107614832.0,2.7006707062415038e+23,ERR,ERR,ERR,ERR,ERR,ERR,ERR,ERR,ERR,ERR,ERR,ERR,ERR,ERR,ERR,ERR,ERR,ERR,ERR,ERR,ERR,ERR,ERR,ERR,ERR,ERR,ERR,ERR,ERR,ERR,ERR,ERR,ERR,ERR,ERR,ERR,ERR,ERR,ERR,ERR,ERR,ERR,ERR,ERR,ERR,ERR,ERR,ERR,ERR,ERR,ERR,ERR,ERR,ERR,ERR,ERR,ERR,ERR,ERR,ERR,ERR,ERR,ERR,ERR,ERR,ERR,ERR,50.0,60.0,100,0.0,0.0,0.0,0.0,0.0,0.0,0.0,0.0,0.0,0.0,0.0,0.0,0.0,0.0,0.0,0.0,61.6,77,11,65509,50,65476,0,300,0,0,8,20529,65476,0,0,26214,60.0,0.0,0.0,0.0,0.0,0.0
2026-05-17T16:59:49,ERR,ERR,ERR,ERR,ERR,ERR,ERR,ERR,ERR,ERR,ERR,ERR,ERR,ERR,ERR,ERR,ERR,ERR,ERR,ERR,ERR,ERR,ERR,ERR,ERR,ERR,ERR,ERR,ERR,ERR,ERR,ERR,ERR,ERR,ERR,ERR,ERR,ERR,ERR,ERR,ERR,ERR,ERR,ERR,ERR,ERR,ERR,ERR,ERR,ERR,ERR,ERR,ERR,ERR,ERR,ERR,ERR,ERR,ERR,ERR,ERR,ERR,ERR,ERR,ERR,ERR,ERR,ERR,ERR,ERR,ERR,ERR,ERR,ERR,ERR,ERR,ERR,ERR,ERR,ERR,ERR,ERR,ERR,ERR,ERR,ERR,ERR,ERR,ERR,ERR,ERR,ERR,ERR,ERR,ERR,ERR,ERR,ERR,ERR,ERR,ERR,ERR,ERR,ERR,ERR,ERR,ERR,ERR,ERR,ERR,ERR,ERR,ERR,ERR,ERR,ERR,ERR,ERR,ERR,ERR,ERR,ERR,ERR,ERR,ERR,0.0,0.0,-134474944.0,0.0,0.0,1.3936040501711995e+18,7.805,0.0,0,0,4,0,8422,0.0,45,0.0,0.0,0.0,0.0,0.0,0,0,0,0,0.0,0,0,0,0,0,0,0,0,0,0,0,0,0,0,0,0,0,0,0,0,0,0,0,0,0,0,0,0,0,0,0,0,0,38,14,7,45,65476,0,300,0,0,8,21553,0.0,-107605600.0,0.0,0.0,0.0,0.0,0.0,0.0,0.0,0.0,0.0,0.0,0.0,0.0,0.0,0.0,0.0,0.0,0.0,0.0,0.0,0.0,0.0,0.0,-2.004,2.004,0.0,0.0,0.0,0.0,5046.0,2.422988192762658e+24,0.0,0.0,0.0,0.0,-107615304.0,0.0,0.0,0.0,0.0,53,5.848083413016271e+35,-0.0,0.0,0.0,0.0,0.0,0.0,0.0,0.0,0,0,0,0.0,0.0,0.0,0.0,0.0,0.0,0.0,0.0,0.0,0.0,0.0,0.0,0.0,0.0,0.0,0.0,0,-107875648.0,53,0.0,106,-107614832.0,2.7006707062415038e+23,ERR,ERR,ERR,ERR,ERR,ERR,ERR,ERR,ERR,ERR,ERR,ERR,ERR,ERR,ERR,ERR,ERR,ERR,ERR,ERR,ERR,ERR,ERR,ERR,ERR,ERR,ERR,ERR,ERR,ERR,ERR,ERR,ERR,ERR,ERR,ERR,ERR,ERR,ERR,ERR,ERR,ERR,ERR,ERR,ERR,ERR,ERR,ERR,ERR,ERR,ERR,ERR,ERR,ERR,ERR,ERR,ERR,ERR,ERR,ERR,ERR,ERR,ERR,ERR,ERR,ERR,ERR,50.0,60.0,100,0.0,0.0,0.0,0.0,0.0,0.0,0.0,0.0,0.0,0.0,0.0,0.0,0.0,0.0,0.0,0.0,61.6,77,11,65509,50,65476,0,300,0,0,8,20529,65476,0,0,26214,60.0,0.0,0.0,0.0,0.0,0.0
2026-05-17T16:59:50,ERR,ERR,ERR,ERR,ERR,ERR,ERR,ERR,ERR,ERR,ERR,ERR,ERR,ERR,ERR,ERR,ERR,ERR,ERR,ERR,ERR,ERR,ERR,ERR,ERR,ERR,ERR,ERR,ERR,ERR,ERR,ERR,ERR,ERR,ERR,ERR,ERR,ERR,ERR,ERR,ERR,ERR,ERR,ERR,ERR,ERR,ERR,ERR,ERR,ERR,ERR,ERR,ERR,ERR,ERR,ERR,ERR,ERR,ERR,ERR,ERR,ERR,ERR,ERR,ERR,ERR,ERR,ERR,ERR,ERR,ERR,ERR,ERR,ERR,ERR,ERR,ERR,ERR,ERR,ERR,ERR,ERR,ERR,ERR,ERR,ERR,ERR,ERR,ERR,ERR,ERR,ERR,ERR,ERR,ERR,ERR,ERR,ERR,ERR,ERR,ERR,ERR,ERR,ERR,ERR,ERR,ERR,ERR,ERR,ERR,ERR,ERR,ERR,ERR,ERR,ERR,ERR,ERR,ERR,ERR,ERR,ERR,ERR,ERR,ERR,0.0,0.0,-134474944.0,0.0,0.0,1.3936040501711995e+18,7.805,0.0,0,0,4,0,8422,0.0,45,0.0,0.0,0.0,0.0,0.0,0,0,0,0,0.0,0,0,0,0,0,0,0,0,0,0,0,0,0,0,0,0,0,0,0,0,0,0,0,0,0,0,0,0,0,0,0,0,0,38,14,7,45,65476,0,300,0,0,8,21553,0.0,-107605600.0,0.0,0.0,0.0,0.0,0.0,0.0,0.0,0.0,0.0,0.0,0.0,0.0,0.0,0.0,0.0,0.0,0.0,0.0,0.0,0.0,0.0,0.0,-2.004,2.004,0.0,0.0,0.0,0.0,5046.0,2.422988192762658e+24,0.0,0.0,0.0,0.0,-107615304.0,0.0,0.0,0.0,0.0,53,5.848083413016271e+35,-0.0,0.0,0.0,0.0,0.0,0.0,0.0,0.0,0,0,0,0.0,0.0,0.0,0.0,0.0,0.0,0.0,0.0,0.0,0.0,0.0,0.0,0.0,0.0,0.0,0.0,0,-107875648.0,53,0.0,106,-107614832.0,2.7006707062415038e+23,ERR,ERR,ERR,ERR,ERR,ERR,ERR,ERR,ERR,ERR,ERR,ERR,ERR,ERR,ERR,ERR,ERR,ERR,ERR,ERR,ERR,ERR,ERR,ERR,ERR,ERR,ERR,ERR,ERR,ERR,ERR,ERR,ERR,ERR,ERR,ERR,ERR,ERR,ERR,ERR,ERR,ERR,ERR,ERR,ERR,ERR,ERR,ERR,ERR,ERR,ERR,ERR,ERR,ERR,ERR,ERR,ERR,ERR,ERR,ERR,ERR,ERR,ERR,ERR,ERR,ERR,ERR,50.0,60.0,100,0.0,0.0,0.0,0.0,0.0,0.0,0.0,0.0,0.0,0.0,0.0,0.0,0.0,0.0,0.0,0.0,61.6,77,11,65509,50,65476,0,300,0,0,8,20529,65476,0,0,26214,60.0,0.0,0.0,0.0,0.0,0.0
2026-05-17T16:59:51,ERR,ERR,ERR,ERR,ERR,ERR,ERR,ERR,ERR,ERR,ERR,ERR,ERR,ERR,ERR,ERR,ERR,ERR,ERR,ERR,ERR,ERR,ERR,ERR,ERR,ERR,ERR,ERR,ERR,ERR,ERR,ERR,ERR,ERR,ERR,ERR,ERR,ERR,ERR,ERR,ERR,ERR,ERR,ERR,ERR,ERR,ERR,ERR,ERR,ERR,ERR,ERR,ERR,ERR,ERR,ERR,ERR,ERR,ERR,ERR,ERR,ERR,ERR,ERR,ERR,ERR,ERR,ERR,ERR,ERR,ERR,ERR,ERR,ERR,ERR,ERR,ERR,ERR,ERR,ERR,ERR,ERR,ERR,ERR,ERR,ERR,ERR,ERR,ERR,ERR,ERR,ERR,ERR,ERR,ERR,ERR,ERR,ERR,ERR,ERR,ERR,ERR,ERR,ERR,ERR,ERR,ERR,ERR,ERR,ERR,ERR,ERR,ERR,ERR,ERR,ERR,ERR,ERR,ERR,ERR,ERR,ERR,ERR,ERR,ERR,0.0,0.0,0.0,0.0,0.0,1.3936040501711995e+18,7.805,0.0,0,0,4,0,8422,0.0,45,0.0,0.0,0.0,0.0,0.0,0,0,0,0,0.0,0,0,0,0,0,0,0,0,0,0,0,0,0,0,0,0,0,0,0,0,0,0,0,0,0,0,0,0,0,0,0,0,0,38,14,7,45,65476,0,300,0,0,8,21553,0.0,-107605600.0,0.0,0.0,0.0,0.0,0.0,0.0,0.0,0.0,0.0,0.0,0.0,0.0,0.0,0.0,0.0,0.0,0.0,0.0,0.0,0.0,0.0,2.004,-2.004,2.004,0.0,0.0,0.0,0.0,5042.0,1.5879295420089355e+29,0.0,0.0,0.0,0.0,-107615304.0,0.0,0.0,0.0,0.0,53,3.222028592685471e+26,-0.0,0.0,0.0,0.0,0.0,0.0,0.0,0.0,0,0,0,0.0,0.0,0.0,0.0,0.0,0.0,0.0,0.0,0.0,0.0,0.0,0.0,0.0,0.0,0.0,0.0,0,-107875648.0,53,0.0,106,-107614832.0,2.7006707062415038e+23,ERR,ERR,ERR,ERR,ERR,ERR,ERR,ERR,ERR,ERR,ERR,ERR,ERR,ERR,ERR,ERR,ERR,ERR,ERR,ERR,ERR,ERR,ERR,ERR,ERR,ERR,ERR,ERR,ERR,ERR,ERR,ERR,ERR,ERR,ERR,ERR,ERR,ERR,ERR,ERR,ERR,ERR,ERR,ERR,ERR,ERR,ERR,ERR,ERR,ERR,ERR,ERR,ERR,ERR,ERR,ERR,ERR,ERR,ERR,ERR,ERR,ERR,ERR,ERR,ERR,ERR,ERR,50.0,60.0,100,0.0,0.0,0.0,0.0,0.0,0.0,0.0,0.0,0.0,0.0,0.0,0.0,0.0,0.0,0.0,0.0,61.6,77,11,65509,50,65476,0,300,0,0,8,20529,65476,0,0,26214,60.0,0.0,0.0,0.0,0.0,0.0
2026-05-17T16:59:52,ERR,ERR,ERR,ERR,ERR,ERR,ERR,ERR,ERR,ERR,ERR,ERR,ERR,ERR,ERR,ERR,ERR,ERR,ERR,ERR,ERR,ERR,ERR,ERR,ERR,ERR,ERR,ERR,ERR,ERR,ERR,ERR,ERR,ERR,ERR,ERR,ERR,ERR,ERR,ERR,ERR,ERR,ERR,ERR,ERR,ERR,ERR,ERR,ERR,ERR,ERR,ERR,ERR,ERR,ERR,ERR,ERR,ERR,ERR,ERR,ERR,ERR,ERR,ERR,ERR,ERR,ERR,ERR,ERR,ERR,ERR,ERR,ERR,ERR,ERR,ERR,ERR,ERR,ERR,ERR,ERR,ERR,ERR,ERR,ERR,ERR,ERR,ERR,ERR,ERR,ERR,ERR,ERR,ERR,ERR,ERR,ERR,ERR,ERR,ERR,ERR,ERR,ERR,ERR,ERR,ERR,ERR,ERR,ERR,ERR,ERR,ERR,ERR,ERR,ERR,ERR,ERR,ERR,ERR,ERR,ERR,ERR,ERR,ERR,ERR,0.0,0.0,0.0,0.0,0.0,1.3936040501711995e+18,7.805,0.0,0,0,4,0,8422,0.0,45,0.0,0.0,0.0,0.0,0.0,0,0,0,0,0.0,0,0,0,0,0,0,0,0,0,0,0,0,0,0,0,0,0,0,0,0,0,0,0,0,0,0,0,0,0,0,0,0,0,38,14,7,45,65476,0,300,0,0,8,21553,0.0,-107605600.0,0.0,0.0,0.0,0.0,0.0,0.0,0.0,0.0,0.0,0.0,0.0,0.0,0.0,0.0,0.0,0.0,0.0,0.0,0.0,0.0,0.0,2.004,-2.004,2.004,0.0,0.0,0.0,0.0,5042.0,1.5879295420089355e+29,0.0,0.0,0.0,0.0,-107615304.0,0.0,0.0,0.0,0.0,53,3.222028592685471e+26,-0.0,0.0,0.0,0.0,0.0,0.0,0.0,0.0,0,0,0,0.0,0.0,0.0,0.0,0.0,0.0,0.0,0.0,0.0,0.0,0.0,0.0,0.0,0.0,0.0,0.0,0,-107875648.0,53,0.0,106,-107614832.0,2.7006707062415038e+23,ERR,ERR,ERR,ERR,ERR,ERR,ERR,ERR,ERR,ERR,ERR,ERR,ERR,ERR,ERR,ERR,ERR,ERR,ERR,ERR,ERR,ERR,ERR,ERR,ERR,ERR,ERR,ERR,ERR,ERR,ERR,ERR,ERR,ERR,ERR,ERR,ERR,ERR,ERR,ERR,ERR,ERR,ERR,ERR,ERR,ERR,ERR,ERR,ERR,ERR,ERR,ERR,ERR,ERR,ERR,ERR,ERR,ERR,ERR,ERR,ERR,ERR,ERR,ERR,ERR,ERR,ERR,50.0,60.0,100,0.0,0.0,0.0,0.0,0.0,0.0,0.0,0.0,0.0,0.0,0.0,0.0,0.0,0.0,0.0,0.0,61.6,77,11,65509,50,65476,0,300,0,0,8,20529,65476,0,0,26214,60.0,0.0,0.0,0.0,0.0,0.0
2026-05-17T16:59:53,ERR,ERR,ERR,ERR,ERR,ERR,ERR,ERR,ERR,ERR,ERR,ERR,ERR,ERR,ERR,ERR,ERR,ERR,ERR,ERR,ERR,ERR,ERR,ERR,ERR,ERR,ERR,ERR,ERR,ERR,ERR,ERR,ERR,ERR,ERR,ERR,ERR,ERR,ERR,ERR,ERR,ERR,ERR,ERR,ERR,ERR,ERR,ERR,ERR,ERR,ERR,ERR,ERR,ERR,ERR,ERR,ERR,ERR,ERR,ERR,ERR,ERR,ERR,ERR,ERR,ERR,ERR,ERR,ERR,ERR,ERR,ERR,ERR,ERR,ERR,ERR,ERR,ERR,ERR,ERR,ERR,ERR,ERR,ERR,ERR,ERR,ERR,ERR,ERR,ERR,ERR,ERR,ERR,ERR,ERR,ERR,ERR,ERR,ERR,ERR,ERR,ERR,ERR,ERR,ERR,ERR,ERR,ERR,ERR,ERR,ERR,ERR,ERR,ERR,ERR,ERR,ERR,ERR,ERR,ERR,ERR,ERR,ERR,ERR,ERR,0.0,0.0,0.0,0.0,0.0,1.3936040501711995e+18,7.805,0.0,0,0,4,0,8422,0.0,45,0.0,0.0,0.0,0.0,0.0,0,0,0,0,0.0,0,0,0,0,0,0,0,0,0,0,0,0,0,0,0,0,0,0,0,0,0,0,0,0,0,0,0,0,0,0,0,0,0,38,14,7,45,65476,0,300,0,0,8,21553,0.0,-107605600.0,0.0,0.0,0.0,0.0,0.0,0.0,0.0,0.0,0.0,0.0,0.0,0.0,0.0,0.0,0.0,0.0,0.0,0.0,0.0,0.0,0.0,2.004,-2.004,2.004,0.0,0.0,0.0,0.0,5042.0,1.5879295420089355e+29,0.0,0.0,0.0,0.0,-107615304.0,0.0,0.0,0.0,0.0,53,3.222028592685471e+26,-0.0,0.0,0.0,0.0,0.0,0.0,0.0,0.0,0,0,0,0.0,0.0,0.0,0.0,0.0,0.0,0.0,0.0,0.0,0.0,0.0,0.0,0.0,0.0,0.0,0.0,0,-107875648.0,53,0.0,106,-107614832.0,2.7006707062415038e+23,ERR,ERR,ERR,ERR,ERR,ERR,ERR,ERR,ERR,ERR,ERR,ERR,ERR,ERR,ERR,ERR,ERR,ERR,ERR,ERR,ERR,ERR,ERR,ERR,ERR,ERR,ERR,ERR,ERR,ERR,ERR,ERR,ERR,ERR,ERR,ERR,ERR,ERR,ERR,ERR,ERR,ERR,ERR,ERR,ERR,ERR,ERR,ERR,ERR,ERR,ERR,ERR,ERR,ERR,ERR,ERR,ERR,ERR,ERR,ERR,ERR,ERR,ERR,ERR,ERR,ERR,ERR,50.0,60.0,100,0.0,0.0,0.0,0.0,0.0,0.0,0.0,0.0,0.0,0.0,0.0,0.0,0.0,0.0,0.0,0.0,62.0,77,11,65509,50,65476,0,300,0,0,8,20529,65476,0,0,26214,60.0,0.0,0.0,0.0,0.0,0.0
2026-05-17T16:59:54,ERR,ERR,ERR,ERR,ERR,ERR,ERR,ERR,ERR,ERR,ERR,ERR,ERR,ERR,ERR,ERR,ERR,ERR,ERR,ERR,ERR,ERR,ERR,ERR,ERR,ERR,ERR,ERR,ERR,ERR,ERR,ERR,ERR,ERR,ERR,ERR,ERR,ERR,ERR,ERR,ERR,ERR,ERR,ERR,ERR,ERR,ERR,ERR,ERR,ERR,ERR,ERR,ERR,ERR,ERR,ERR,ERR,ERR,ERR,ERR,ERR,ERR,ERR,ERR,ERR,ERR,ERR,ERR,ERR,ERR,ERR,ERR,ERR,ERR,ERR,ERR,ERR,ERR,ERR,ERR,ERR,ERR,ERR,ERR,ERR,ERR,ERR,ERR,ERR,ERR,ERR,ERR,ERR,ERR,ERR,ERR,ERR,ERR,ERR,ERR,ERR,ERR,ERR,ERR,ERR,ERR,ERR,ERR,ERR,ERR,ERR,ERR,ERR,ERR,ERR,ERR,ERR,ERR,ERR,ERR,ERR,ERR,ERR,ERR,ERR,0.0,0.0,0.0,0.0,0.0,1.3936040501711995e+18,7.805,0.0,0,0,4,0,8422,0.0,45,0.0,0.0,0.0,0.0,0.0,0,0,0,0,0.0,0,0,0,0,0,0,0,0,0,0,0,0,0,0,0,0,0,0,0,0,0,0,0,0,0,0,0,0,0,0,0,0,0,38,14,7,45,65476,0,300,0,0,8,21553,0.0,-107605600.0,0.0,0.0,0.0,0.0,0.0,0.0,0.0,0.0,0.0,0.0,0.0,0.0,0.0,0.0,0.0,0.0,0.0,0.0,0.0,0.0,0.0,2.004,-2.004,2.004,0.0,0.0,0.0,0.0,5042.0,1.5879295420089355e+29,0.0,0.0,0.0,0.0,-107615304.0,0.0,0.0,0.0,0.0,53,3.222028592685471e+26,-0.0,0.0,0.0,0.0,0.0,0.0,0.0,0.0,0,0,0,0.0,0.0,0.0,0.0,0.0,0.0,0.0,0.0,0.0,0.0,0.0,0.0,0.0,0.0,0.0,0.0,0,-107875648.0,53,0.0,106,-107614832.0,2.7006707062415038e+23,ERR,ERR,ERR,ERR,ERR,ERR,ERR,ERR,ERR,ERR,ERR,ERR,ERR,ERR,ERR,ERR,ERR,ERR,ERR,ERR,ERR,ERR,ERR,ERR,ERR,ERR,ERR,ERR,ERR,ERR,ERR,ERR,ERR,ERR,ERR,ERR,ERR,ERR,ERR,ERR,ERR,ERR,ERR,ERR,ERR,ERR,ERR,ERR,ERR,ERR,ERR,ERR,ERR,ERR,ERR,ERR,ERR,ERR,ERR,ERR,ERR,ERR,ERR,ERR,ERR,ERR,ERR,50.0,60.0,100,0.0,0.0,0.0,0.0,0.0,0.0,0.0,0.0,0.0,0.0,0.0,0.0,0.0,0.0,0.0,0.0,62.0,77,11,65509,50,65476,0,300,0,0,8,20529,65476,0,0,26214,60.0,0.0,0.0,0.0,0.0,0.0
2026-05-17T16:59:55,ERR,ERR,ERR,ERR,ERR,ERR,ERR,ERR,ERR,ERR,ERR,ERR,ERR,ERR,ERR,ERR,ERR,ERR,ERR,ERR,ERR,ERR,ERR,ERR,ERR,ERR,ERR,ERR,ERR,ERR,ERR,ERR,ERR,ERR,ERR,ERR,ERR,ERR,ERR,ERR,ERR,ERR,ERR,ERR,ERR,ERR,ERR,ERR,ERR,ERR,ERR,ERR,ERR,ERR,ERR,ERR,ERR,ERR,ERR,ERR,ERR,ERR,ERR,ERR,ERR,ERR,ERR,ERR,ERR,ERR,ERR,ERR,ERR,ERR,ERR,ERR,ERR,ERR,ERR,ERR,ERR,ERR,ERR,ERR,ERR,ERR,ERR,ERR,ERR,ERR,ERR,ERR,ERR,ERR,ERR,ERR,ERR,ERR,ERR,ERR,ERR,ERR,ERR,ERR,ERR,ERR,ERR,ERR,ERR,ERR,ERR,ERR,ERR,ERR,ERR,ERR,ERR,ERR,ERR,ERR,ERR,ERR,ERR,ERR,ERR,0.0,0.0,0.0,0.0,0.0,1.3936040501711995e+18,7.805,0.0,0,0,4,0,8422,0.0,45,0.0,0.0,0.0,0.0,0.0,0,0,0,0,0.0,0,0,0,0,0,0,0,0,0,0,0,0,0,0,0,0,0,0,0,0,0,0,0,0,0,0,0,0,0,0,0,0,0,38,14,7,45,65476,0,300,0,0,8,21553,0.0,-107605600.0,0.0,0.0,0.0,0.0,0.0,0.0,0.0,0.0,0.0,0.0,0.0,0.0,0.0,0.0,0.0,0.0,0.0,0.0,0.0,0.0,0.0,2.004,-2.004,2.004,0.0,0.0,0.0,0.0,5042.0,1.5879295420089355e+29,0.0,0.0,0.0,0.0,-107615304.0,0.0,0.0,0.0,0.0,53,3.222028592685471e+26,-0.0,0.0,0.0,0.0,0.0,0.0,0.0,0.0,0,0,0,0.0,0.0,0.0,0.0,0.0,0.0,0.0,0.0,0.0,0.0,0.0,0.0,0.0,0.0,0.0,0.0,0,-107875648.0,53,0.0,106,-107614832.0,2.7006707062415038e+23,ERR,ERR,ERR,ERR,ERR,ERR,ERR,ERR,ERR,ERR,ERR,ERR,ERR,ERR,ERR,ERR,ERR,ERR,ERR,ERR,ERR,ERR,ERR,ERR,ERR,ERR,ERR,ERR,ERR,ERR,ERR,ERR,ERR,ERR,ERR,ERR,ERR,ERR,ERR,ERR,ERR,ERR,ERR,ERR,ERR,ERR,ERR,ERR,ERR,ERR,ERR,ERR,ERR,ERR,ERR,ERR,ERR,ERR,ERR,ERR,ERR,ERR,ERR,ERR,ERR,ERR,ERR,50.0,60.0,100,0.0,0.0,0.0,0.0,0.0,0.0,0.0,0.0,0.0,0.0,0.0,0.0,0.0,0.0,0.0,0.0,61.6,77,11,65509,50,65476,0,300,0,0,8,20529,65476,0,0,26214,60.0,0.0,0.0,0.0,0.0,0.0
2026-05-17T16:59:56,ERR,ERR,ERR,ERR,ERR,ERR,ERR,ERR,ERR,ERR,ERR,ERR,ERR,ERR,ERR,ERR,ERR,ERR,ERR,ERR,ERR,ERR,ERR,ERR,ERR,ERR,ERR,ERR,ERR,ERR,ERR,ERR,ERR,ERR,ERR,ERR,ERR,ERR,ERR,ERR,ERR,ERR,ERR,ERR,ERR,ERR,ERR,ERR,ERR,ERR,ERR,ERR,ERR,ERR,ERR,ERR,ERR,ERR,ERR,ERR,ERR,ERR,ERR,ERR,ERR,ERR,ERR,ERR,ERR,ERR,ERR,ERR,ERR,ERR,ERR,ERR,ERR,ERR,ERR,ERR,ERR,ERR,ERR,ERR,ERR,ERR,ERR,ERR,ERR,ERR,ERR,ERR,ERR,ERR,ERR,ERR,ERR,ERR,ERR,ERR,ERR,ERR,ERR,ERR,ERR,ERR,ERR,ERR,ERR,ERR,ERR,ERR,ERR,ERR,ERR,ERR,ERR,ERR,ERR,ERR,ERR,ERR,ERR,ERR,ERR,0.0,0.0,0.0,0.0,0.0,1.3936040501711995e+18,7.805,0.0,0,0,4,0,8422,0.0,45,0.0,0.0,0.0,0.0,0.0,0,0,0,0,0.0,0,0,0,0,0,0,0,0,0,0,0,0,0,0,0,0,0,0,0,0,0,0,0,0,0,0,0,0,0,0,0,0,0,38,14,7,45,65476,0,300,0,0,8,21553,0.0,-107605600.0,0.0,0.0,0.0,0.0,0.0,0.0,0.0,0.0,0.0,0.0,0.0,0.0,0.0,0.0,0.0,0.0,0.0,0.0,0.0,0.0,0.0,2.004,-2.004,2.004,0.0,0.0,0.0,0.0,5042.0,0.0,0.0,0.0,0.0,0.0,-107615304.0,0.0,0.0,0.0,0.0,53,-0.0,0.0,0.0,0.0,0.0,0.0,0.0,0.0,0.0,0,0,0,0.0,0.0,0.0,0.0,0.0,0.0,0.0,0.0,0.0,0.0,0.0,0.0,0.0,0.0,0.0,0.0,0,-107875648.0,53,0.0,106,-107614832.0,2.7006707062415038e+23,ERR,ERR,ERR,ERR,ERR,ERR,ERR,ERR,ERR,ERR,ERR,ERR,ERR,ERR,ERR,ERR,ERR,ERR,ERR,ERR,ERR,ERR,ERR,ERR,ERR,ERR,ERR,ERR,ERR,ERR,ERR,ERR,ERR,ERR,ERR,ERR,ERR,ERR,ERR,ERR,ERR,ERR,ERR,ERR,ERR,ERR,ERR,ERR,ERR,ERR,ERR,ERR,ERR,ERR,ERR,ERR,ERR,ERR,ERR,ERR,ERR,ERR,ERR,ERR,ERR,ERR,ERR,50.0,60.0,100,0.0,0.0,0.0,0.0,0.0,0.0,0.0,0.0,0.0,0.0,0.0,0.0,0.0,0.0,0.0,0.0,61.6,77,11,65509,50,65476,0,300,0,0,8,20529,65476,0,0,26214,60.0,0.0,0.0,0.0,0.0,0.0
2026-05-17T16:59:57,ERR,ERR,ERR,ERR,ERR,ERR,ERR,ERR,ERR,ERR,ERR,ERR,ERR,ERR,ERR,ERR,ERR,ERR,ERR,ERR,ERR,ERR,ERR,ERR,ERR,ERR,ERR,ERR,ERR,ERR,ERR,ERR,ERR,ERR,ERR,ERR,ERR,ERR,ERR,ERR,ERR,ERR,ERR,ERR,ERR,ERR,ERR,ERR,ERR,ERR,ERR,ERR,ERR,ERR,ERR,ERR,ERR,ERR,ERR,ERR,ERR,ERR,ERR,ERR,ERR,ERR,ERR,ERR,ERR,ERR,ERR,ERR,ERR,ERR,ERR,ERR,ERR,ERR,ERR,ERR,ERR,ERR,ERR,ERR,ERR,ERR,ERR,ERR,ERR,ERR,ERR,ERR,ERR,ERR,ERR,ERR,ERR,ERR,ERR,ERR,ERR,ERR,ERR,ERR,ERR,ERR,ERR,ERR,ERR,ERR,ERR,ERR,ERR,ERR,ERR,ERR,ERR,ERR,ERR,ERR,ERR,ERR,ERR,ERR,ERR,0.0,0.0,0.0,0.0,0.0,1.3936040501711995e+18,7.805,0.0,0,0,4,0,8422,0.0,45,0.0,0.0,0.0,0.0,0.0,0,0,0,0,0.0,0,0,0,0,0,0,0,0,0,0,0,0,0,0,0,0,0,0,0,0,0,0,0,0,0,0,0,0,0,0,0,0,0,38,14,7,45,65476,0,300,0,0,8,21553,0.0,-107605600.0,0.0,0.0,0.0,0.0,0.0,0.0,0.0,0.0,0.0,0.0,0.0,0.0,0.0,0.0,0.0,0.0,0.0,0.0,0.0,0.0,0.0,2.004,-2.004,2.004,0.0,0.0,0.0,0.0,5042.0,0.0,0.0,0.0,0.0,0.0,-107615304.0,0.0,0.0,0.0,0.0,53,-0.0,0.0,0.0,0.0,0.0,0.0,0.0,0.0,0.0,0,0,0,0.0,0.0,0.0,0.0,0.0,0.0,0.0,0.0,0.0,0.0,0.0,0.0,0.0,0.0,0.0,0.0,0,-107875648.0,53,0.0,106,-107614832.0,2.7006707062415038e+23,ERR,ERR,ERR,ERR,ERR,ERR,ERR,ERR,ERR,ERR,ERR,ERR,ERR,ERR,ERR,ERR,ERR,ERR,ERR,ERR,ERR,ERR,ERR,ERR,ERR,ERR,ERR,ERR,ERR,ERR,ERR,ERR,ERR,ERR,ERR,ERR,ERR,ERR,ERR,ERR,ERR,ERR,ERR,ERR,ERR,ERR,ERR,ERR,ERR,ERR,ERR,ERR,ERR,ERR,ERR,ERR,ERR,ERR,ERR,ERR,ERR,ERR,ERR,ERR,ERR,ERR,ERR,50.0,60.0,100,0.0,0.0,0.0,0.0,0.0,0.0,0.0,0.0,0.0,0.0,0.0,0.0,0.0,0.0,0.0,0.0,61.6,77,11,65509,50,65476,0,300,0,0,8,20529,65476,0,0,26214,60.0,0.0,0.0,0.0,0.0,0.0
2026-05-17T16:59:58,ERR,ERR,ERR,ERR,ERR,ERR,ERR,ERR,ERR,ERR,ERR,ERR,ERR,ERR,ERR,ERR,ERR,ERR,ERR,ERR,ERR,ERR,ERR,ERR,ERR,ERR,ERR,ERR,ERR,ERR,ERR,ERR,ERR,ERR,ERR,ERR,ERR,ERR,ERR,ERR,ERR,ERR,ERR,ERR,ERR,ERR,ERR,ERR,ERR,ERR,ERR,ERR,ERR,ERR,ERR,ERR,ERR,ERR,ERR,ERR,ERR,ERR,ERR,ERR,ERR,ERR,ERR,ERR,ERR,ERR,ERR,ERR,ERR,ERR,ERR,ERR,ERR,ERR,ERR,ERR,ERR,ERR,ERR,ERR,ERR,ERR,ERR,ERR,ERR,ERR,ERR,ERR,ERR,ERR,ERR,ERR,ERR,ERR,ERR,ERR,ERR,ERR,ERR,ERR,ERR,ERR,ERR,ERR,ERR,ERR,ERR,ERR,ERR,ERR,ERR,ERR,ERR,ERR,ERR,ERR,ERR,ERR,ERR,ERR,ERR,0.0,0.0,0.0,0.0,0.0,1.3936040501711995e+18,7.805,0.0,0,0,4,0,8422,0.0,45,0.0,0.0,0.0,0.0,0.0,0,0,0,0,0.0,0,0,0,0,0,0,0,0,0,0,0,0,0,0,0,0,0,0,0,0,0,0,0,0,0,0,0,0,0,0,0,0,0,38,14,7,45,65476,0,300,0,0,8,21553,0.0,-107605600.0,0.0,0.0,0.0,0.0,0.0,0.0,0.0,0.0,0.0,0.0,0.0,0.0,0.0,0.0,0.0,0.0,0.0,0.0,0.0,0.0,0.0,2.004,-2.004,2.004,0.0,0.0,0.0,0.0,5042.0,0.0,0.0,0.0,0.0,0.0,-107615304.0,0.0,0.0,0.0,0.0,53,-0.0,0.0,0.0,0.0,0.0,0.0,0.0,0.0,0.0,0,0,0,0.0,0.0,0.0,0.0,0.0,0.0,0.0,0.0,0.0,0.0,0.0,0.0,0.0,0.0,0.0,0.0,0,-107875648.0,53,0.0,106,-107614832.0,2.7006707062415038e+23,ERR,ERR,ERR,ERR,ERR,ERR,ERR,ERR,ERR,ERR,ERR,ERR,ERR,ERR,ERR,ERR,ERR,ERR,ERR,ERR,ERR,ERR,ERR,ERR,ERR,ERR,ERR,ERR,ERR,ERR,ERR,ERR,ERR,ERR,ERR,ERR,ERR,ERR,ERR,ERR,ERR,ERR,ERR,ERR,ERR,ERR,ERR,ERR,ERR,ERR,ERR,ERR,ERR,ERR,ERR,ERR,ERR,ERR,ERR,ERR,ERR,ERR,ERR,ERR,ERR,ERR,ERR,50.0,60.0,100,0.0,0.0,0.0,0.0,0.0,0.0,0.0,0.0,0.0,0.0,0.0,0.0,0.0,0.0,0.0,0.0,61.6,77,11,65509,50,65476,0,300,0,0,8,20529,65476,0,0,26214,60.0,0.0,0.0,0.0,0.0,0.0
2026-05-17T16:59:59,ERR,ERR,ERR,ERR,ERR,ERR,ERR,ERR,ERR,ERR,ERR,ERR,ERR,ERR,ERR,ERR,ERR,ERR,ERR,ERR,ERR,ERR,ERR,ERR,ERR,ERR,ERR,ERR,ERR,ERR,ERR,ERR,ERR,ERR,ERR,ERR,ERR,ERR,ERR,ERR,ERR,ERR,ERR,ERR,ERR,ERR,ERR,ERR,ERR,ERR,ERR,ERR,ERR,ERR,ERR,ERR,ERR,ERR,ERR,ERR,ERR,ERR,ERR,ERR,ERR,ERR,ERR,ERR,ERR,ERR,ERR,ERR,ERR,ERR,ERR,ERR,ERR,ERR,ERR,ERR,ERR,ERR,ERR,ERR,ERR,ERR,ERR,ERR,ERR,ERR,ERR,ERR,ERR,ERR,ERR,ERR,ERR,ERR,ERR,ERR,ERR,ERR,ERR,ERR,ERR,ERR,ERR,ERR,ERR,ERR,ERR,ERR,ERR,ERR,ERR,ERR,ERR,ERR,ERR,ERR,ERR,ERR,ERR,ERR,ERR,0.0,0.0,0.0,0.0,0.0,1.3936040501711995e+18,7.805,0.0,0,0,4,0,8422,0.0,45,0.0,0.0,0.0,0.0,0.0,0,0,0,0,0.0,0,0,0,0,0,0,0,0,0,0,0,0,0,0,0,0,0,0,0,0,0,0,0,0,0,0,0,0,0,0,0,0,0,38,14,7,45,65476,0,300,0,0,8,21553,0.0,-107605600.0,0.0,0.0,0.0,0.0,0.0,0.0,0.0,0.0,0.0,0.0,0.0,0.0,0.0,0.0,0.0,0.0,0.0,0.0,0.0,0.0,0.0,2.004,-2.004,2.004,0.0,0.0,0.0,0.0,5042.0,0.0,0.0,0.0,0.0,0.0,-107615304.0,0.0,0.0,0.0,0.0,53,-0.0,0.0,0.0,0.0,0.0,0.0,0.0,0.0,0.0,0,0,0,0.0,0.0,0.0,0.0,0.0,0.0,0.0,0.0,0.0,0.0,0.0,0.0,0.0,0.0,0.0,0.0,0,-107875648.0,53,0.0,106,-107614832.0,2.7006707062415038e+23,ERR,ERR,ERR,ERR,ERR,ERR,ERR,ERR,ERR,ERR,ERR,ERR,ERR,ERR,ERR,ERR,ERR,ERR,ERR,ERR,ERR,ERR,ERR,ERR,ERR,ERR,ERR,ERR,ERR,ERR,ERR,ERR,ERR,ERR,ERR,ERR,ERR,ERR,ERR,ERR,ERR,ERR,ERR,ERR,ERR,ERR,ERR,ERR,ERR,ERR,ERR,ERR,ERR,ERR,ERR,ERR,ERR,ERR,ERR,ERR,ERR,ERR,ERR,ERR,ERR,ERR,ERR,50.0,60.0,100,0.0,0.0,0.0,0.0,0.0,0.0,0.0,0.0,0.0,0.0,0.0,0.0,0.0,0.0,0.0,0.0,61.6,77,11,65509,50,65476,0,300,0,0,8,20529,65476,0,0,26214,60.0,0.0,0.0,0.0,0.0,0.0
